run,generation,degenerate,holistic,other,compositional,popsize,turnover_rounds,group_rounds
3,0,0.9987713554999793,1.4267839920713722e-08,0.0012266915175253483,1.938714656782331e-06,25,30,20
3,1,0.7968026590861534,9.613885626432503e-06,0.20245762675105403,0.0007301002771675824,25,30,20
3,2,0.6037676939209932,1.1143156417379882e-05,0.3552396448090069,0.04098151811358591,25,30,20
3,3,0.49163201136366164,0.040747020828288655,0.40604850221661404,0.061572465591437815,25,30,20
3,4,0.45429903222712315,0.041551666034991,0.3843138953096129,0.11983540642827333,25,30,20
3,5,0.3513718064787748,0.08074536520871706,0.4477293500425944,0.12015347826991794,25,30,20
3,6,0.34960135990583396,0.0809789007840797,0.4490054851415007,0.12041425416858695,25,30,20
3,7,0.33710681292345124,0.07990203707966537,0.42307189880212837,0.15991925119475728,25,30,20
3,8,0.370830164048847,0.08101466049345377,0.38595386429152717,0.16220131116617206,25,30,20
3,9,0.3467966326966312,0.07993147595737964,0.41125927800937573,0.16201261333661127,25,30,20
3,10,0.31065883313855047,0.07991816741852317,0.4470992146223343,0.16232378482059104,25,30,20
3,11,0.28797092330692864,0.07930047154113125,0.47287099986886255,0.15985760528308013,25,30,20
3,12,0.30731459081866286,0.07986094566990708,0.4130538164722855,0.19977064703914582,25,30,20
3,13,0.3310657613300447,0.07990992660472715,0.3892640557125301,0.19976025635269692,25,30,20
3,14,0.355471972435238,0.07167153693491611,0.3731401654610981,0.19971632516874788,25,30,20
3,15,0.3380219307026562,0.07167072549853998,0.3905244705576029,0.19978287324120647,25,30,20
3,16,0.3759682659682855,0.08081875697897614,0.3279807080143208,0.21523226903841455,25,30,20
3,17,0.34726011353989106,0.08081923730375057,0.37203872180608427,0.1998819273502727,25,30,20
3,18,0.362486408721079,0.08020953485618447,0.3572920122401907,0.20001204418254862,25,30,20
3,19,0.3188885332843539,0.07991457049938798,0.401326919802786,0.1998699764134705,25,30,20
3,20,0.2562130094510309,0.07899759887488023,0.46344900880541323,0.20134038286867673,25,30,20
3,21,0.2448035197109636,0.10436960498953664,0.45064537227586593,0.2001815030236338,25,30,20
3,22,0.291907053534679,0.1292214534251587,0.3667799078625837,0.2120915851775779,25,30,20
3,23,0.26646499000956103,0.1447261751107496,0.3766829578833048,0.21212587699638366,25,30,20
3,24,0.32151568918602136,0.15884153227711056,0.3032432035193506,0.21639957501751883,25,30,20
3,25,0.32078123725723784,0.15978418025181818,0.2775825010031427,0.24185208148780352,25,30,20
3,26,0.41372822397635256,0.15977670333109703,0.18744284560801514,0.2390522270845379,25,30,20
3,27,0.33942653302309245,0.15985178357341437,0.26140921783609394,0.23931246556740096,25,30,20
3,28,0.24234986803209577,0.1597605399797328,0.30676118115788714,0.2911284108302864,25,30,20
3,29,0.26528407400504717,0.15857569724037968,0.2799731540154976,0.29616707473907655,25,30,20
3,30,0.2645926830712762,0.16030266715303984,0.25554998225016373,0.31955466752552114,25,30,20
3,31,0.2786006055563903,0.15981849176104282,0.24197402138531693,0.3196068812972514,25,30,20
3,32,0.2409797067561958,0.1603867292952144,0.27925803427187396,0.31937552967671795,25,30,20
3,33,0.2893967052659479,0.16037462197114102,0.21896194620334655,0.3312667265595672,25,30,20
3,34,0.34859753652736136,0.11986268215419951,0.21192355099021593,0.31961623032822406,25,30,20
3,35,0.3602103975171832,0.11986079770151262,0.20120797578099345,0.31872082900031207,25,30,20
3,36,0.2899354019566205,0.15980286076238603,0.23471617593635102,0.3155455613446437,25,30,20
3,37,0.2629495987038707,0.15914866302199646,0.22145477597648033,0.3564469622976531,25,30,20
3,38,0.23205246522509068,0.18264088902736372,0.19085667827045633,0.3944499674770883,25,30,20
3,39,0.22645385187887304,0.18437589618181596,0.19019448741031952,0.3989757645289891,25,30,20
3,40,0.2291757835117033,0.1838975435293487,0.1882007567531064,0.3987259162058421,25,30,20
3,41,0.2725054819468332,0.20123398915368704,0.12705713687117434,0.39920339202830557,25,30,20
3,42,0.2047295858686109,0.22386371927492976,0.17233248029310397,0.39907421456335634,25,30,20
3,43,0.18881414483865971,0.22429672508318926,0.18740468714470448,0.3994844429334477,25,30,20
3,44,0.19518594155293734,0.2396262501338865,0.16570333592163636,0.3994844723915422,25,30,20
3,45,0.1079040653516743,0.23961793334063297,0.25666060724033424,0.3958173940673605,25,30,20
3,46,0.1252279509999624,0.23849482174512118,0.23692256828361877,0.3993546589712992,25,30,20
3,47,0.15086217486337444,0.1997512114581598,0.24996987536313536,0.3994167383153321,25,30,20
3,48,0.14669435511743584,0.1997482731986883,0.25495747988215056,0.3985998918017263,25,30,20
3,49,0.11625254532129546,0.19972927186692108,0.28454643190660955,0.39947175090517484,25,30,20
3,50,0.1251765285701677,0.19971374601822453,0.2735677771927459,0.40154194821886213,25,30,20
3,51,0.1298377086417556,0.199721943318585,0.2715343742673592,0.3989059737723021,25,30,20
3,52,0.1170088551076291,0.19973660474531144,0.2837029315042105,0.39955160864285516,25,30,20
3,53,0.13566082375992716,0.21090829622655174,0.25389606916640345,0.39953481084712145,25,30,20
3,54,0.19014274912606186,0.23681366804750567,0.16995662396584,0.4030869588605946,25,30,20
3,55,0.14481877934591705,0.23910069701198997,0.17653492917283853,0.4395455944692577,25,30,20
3,56,0.17686011377749833,0.2390117006607536,0.14463321637786394,0.439494969183886,25,30,20
3,57,0.15989587838658686,0.23751202690950074,0.1637380548622839,0.4388540398416299,25,30,20
3,58,0.10285848337827527,0.23752710064362148,0.22017310623332834,0.4394413097447762,25,30,20
3,59,0.03715587505821326,0.23896730009874287,0.2844639577284622,0.4394128671145815,25,30,20
3,60,0.024857768075769848,0.23966607422649885,0.2960777282263896,0.4393984294713411,25,30,20
3,61,0.05005413370315028,0.24965262188467782,0.22766217288099566,0.4726310715311753,25,30,20
3,62,0.04447811502660961,0.27830376274548746,0.20429673177002278,0.47292139045787956,25,30,20
3,63,0.04831049980887398,0.2783231102647912,0.19430836904619522,0.4790580208801418,25,30,20
3,64,0.04307838774132071,0.2780604949731371,0.1997971839188231,0.4790639333667208,25,30,20
3,65,0.04160462498043299,0.2795539356387016,0.1994708455720332,0.4793705938088329,25,30,20
3,66,0.04140171000084311,0.27962207887550533,0.19956015007893055,0.4794160610447216,25,30,20
3,67,0.06717955369397763,0.2778931314192733,0.17561261608352796,0.4793146988032243,25,30,20
3,68,0.08238110878157626,0.279637124468857,0.15866339677856678,0.4793183699710009,25,30,20
3,69,0.06500600637605382,0.279655011508231,0.1402627981646558,0.5150761839510609,25,30,20
3,70,0.10961584122111054,0.27957826161091265,0.0885657825317077,0.5222401146362701,25,30,20
3,71,0.1517982870847904,0.2795101510990423,0.049526347977478215,0.5191652138386893,25,30,20
3,72,0.1120615354191864,0.2779651070050321,0.09084876499145582,0.5191245925843281,25,30,20
3,73,0.11399315764163458,0.2783705202831508,0.08829685953213763,0.5193394625430785,25,30,20
3,74,0.1540275414912916,0.2795941167884818,0.04892860705127336,0.517449734668954,25,30,20
3,75,0.16083075412017053,0.27952596532866797,0.04040547774614902,0.5192378028050133,25,30,20
3,76,0.11372180860056202,0.2796058983166122,0.08738866769551906,0.5192836253873082,25,30,20
3,77,0.11786226382254213,0.2795281843868661,0.08451879850359582,0.5180907532869952,25,30,20
3,78,0.10482459094814288,0.27961611111783696,0.09633615482416909,0.5192231431098512,25,30,20
3,79,0.11779230568780083,0.2791596789001876,0.08061107595723983,0.5224369394547717,25,30,20
3,80,0.12747820321856407,0.27964855184890186,0.07495468859547141,0.517918556337062,25,30,20
3,81,0.11682325643249594,0.27964439222210247,0.08426808842405004,0.5192642629213523,25,30,20
3,82,0.08449174702087289,0.2789964708505941,0.11816002247464082,0.518351759653894,25,30,20
3,83,0.11834400647191103,0.23758287757576727,0.12748495723569297,0.5165881587166293,25,30,20
3,84,0.13424897012416984,0.23843551767255047,0.11075734173143126,0.5165581704718478,25,30,20
3,85,0.12251575627751812,0.23965866359723023,0.1197788675637239,0.5180467125615285,25,30,20
3,86,0.12151323574870063,0.23967053589863813,0.11960513640893809,0.5192110919437242,25,30,20
3,87,0.13602566946038613,0.23967283134482262,0.1157964261326242,0.5085050730621673,25,30,20
3,88,0.11743315763507838,0.2610799127046501,0.10220012843107636,0.5192868012291959,25,30,20
3,89,0.10920664020518539,0.2593649883270979,0.1141686337652446,0.5172597377024712,25,30,20
3,90,0.12326554586678322,0.2610717557155811,0.09649096343972151,0.5191717349779144,25,30,20
3,91,0.128170391577358,0.25787893860005073,0.09646141900513579,0.5174892508174563,25,30,20
3,92,0.07750733680170885,0.25900546046781353,0.14408061244934378,0.5194065902811326,25,30,20
3,93,0.12359482431695216,0.2763360324899618,0.08071641264672796,0.5193527305463586,25,30,20
3,94,0.11946879533850621,0.2783612628204082,0.08334894125521534,0.5188210005858714,25,30,20
3,95,0.12063682165371262,0.2786453259937084,0.08664166097928595,0.5140761913732936,25,30,20
3,96,0.0916892744681017,0.2781005822554312,0.11145164377521936,0.5187584995012474,25,30,20
3,97,0.051451069296736804,0.2787922531267176,0.14964045872942353,0.5201162188471222,25,30,20
3,98,0.04565734703709123,0.2782934150453784,0.15686906535905779,0.5191801725584736,25,30,20
3,99,0.07295422937572077,0.2795789849574594,0.12827991523381232,0.519186870433009,25,30,20
3,100,0.06881644479642773,0.24068596776711973,0.17158537979269195,0.5189122076437638,25,30,20
3,101,0.08157456076169002,0.2397860044062832,0.1595949086121636,0.5190445262198636,25,30,20
3,102,0.0805874822676826,0.24067740177800165,0.15942034293043864,0.5193147730238765,25,30,20
3,103,0.08078510545704486,0.23966659203829072,0.1594376527818476,0.5201106497228178,25,30,20
3,104,0.12090673775259234,0.2379516615033835,0.121863745768197,0.5192778549758276,25,30,20
3,105,0.08190302089515766,0.23773834064084085,0.16106699109639241,0.5192916473676107,25,30,20
3,106,0.09569738266761622,0.23774819157309757,0.1472265896161455,0.5193278361431427,25,30,20
3,107,0.04328123510425956,0.23895304443505133,0.19694725287163894,0.5208184675890509,25,30,20
3,108,0.08109347633601866,0.2575731052816554,0.18202183508745218,0.4793115832948731,25,30,20
3,109,0.07376742833625,0.25756347119802625,0.19038399998971334,0.4782851004760101,25,30,20
3,110,0.04237634691334428,0.27764972123695514,0.20069100384433256,0.47928292800537114,25,30,20
3,111,0.027021192893823986,0.27766620394272507,0.2148706602285821,0.4804419429348715,25,30,20
3,112,0.05663706551020021,0.24951194442726676,0.21335325857334417,0.48049773148919056,25,30,20
3,113,0.05536386809849644,0.27481232819212403,0.19066591069187414,0.479157893017507,25,30,20
3,114,0.057049376908994934,0.23778316702072363,0.22580475032343653,0.4793627057468464,25,30,20
3,115,0.04786937474886674,0.24013124440195885,0.2335716281917672,0.4784277526574074,25,30,20
3,116,0.06908666479047938,0.23963842979794453,0.21191389907014874,0.4793610063414295,25,30,20
3,117,0.09666851732326891,0.239704497578185,0.18431741223039566,0.4793095728681541,25,30,20
3,118,0.08508867529825669,0.20195824060135145,0.2335761631310997,0.47937692096929546,25,30,20
3,119,0.044227279643946404,0.2402702220225412,0.23636992792033354,0.4791325704131818,25,30,20
3,120,0.04247990006410393,0.2383403482474655,0.19988780166472112,0.5192919500237114,25,30,20
3,121,0.041574057051050835,0.239623043977928,0.1995121255177831,0.5192907734532386,25,30,20
3,122,0.04178635823366241,0.23961108713766294,0.19930314785799275,0.519299406770683,25,30,20
3,123,0.08080440377809474,0.23963727002607255,0.1602795318150536,0.5192787943807804,25,30,20
3,124,0.07626598541213996,0.2396806041269578,0.16566934409962727,0.5183840663612769,25,30,20
3,125,0.07704061718369226,0.2387419540887116,0.1657893673152443,0.5184280614123549,25,30,20
3,126,0.11773736124867668,0.2396664187330359,0.11944896912943408,0.523147250888854,25,30,20
3,127,0.08311539965511433,0.23967410866215283,0.15790594315166018,0.5193045485310737,25,30,20
3,128,0.08194767594253374,0.23968158939238557,0.15908558087164185,0.5192851537934401,25,30,20
3,129,0.07998436557078555,0.23970196274293787,0.16136098568732893,0.5189526859989502,25,30,20
3,130,0.07812214139316477,0.2389446213126946,0.16541219052145859,0.5175210467726816,25,30,20
3,131,0.07478438644195867,0.2104721744410741,0.19716412743668663,0.5175793116802816,25,30,20
3,132,0.11347512160132871,0.21096337942399812,0.19474161317863678,0.4808198857960379,25,30,20
3,133,0.13521841229636167,0.21092791090040033,0.17474756624210092,0.4791061105611385,25,30,20
3,134,0.12363764818217103,0.21059655921845216,0.18679646165018618,0.4789693309491916,25,30,20
3,135,0.08785116460373604,0.23877418267208056,0.19403322218685973,0.47934143053732453,25,30,20
3,136,0.1673722483818143,0.23961669143490003,0.11377748234259759,0.4792335778406883,25,30,20
3,137,0.1663950280382784,0.22075161565069457,0.13618455921070016,0.4766687971003271,25,30,20
3,138,0.13364570336180268,0.22033304394347167,0.16676826725453456,0.4792529854401911,25,30,20
3,139,0.0533775242035863,0.22033801464440902,0.2474182425331898,0.47886621861881457,25,30,20
3,140,0.08120831601796492,0.2400250444171153,0.19942883148296225,0.47933780808195664,25,30,20
3,141,0.08416928380777733,0.2391074411182052,0.19736238042915624,0.47936089464486126,25,30,20
3,142,0.10653807577328282,0.2381986984530382,0.17320972394815445,0.48205350182552453,25,30,20
3,143,0.17627196554154956,0.23954808396545135,0.10587325717071076,0.4783066933222894,25,30,20
3,144,0.1423231588229001,0.23961848698351124,0.13905230420507142,0.4790060499885168,25,30,20
3,145,0.19910546383968902,0.23960563745674743,0.08216113726526043,0.47912776143830366,25,30,20
3,146,0.1982569786028173,0.23960969648690253,0.08282251243838026,0.4793108124719005,25,30,20
3,147,0.1468438009619049,0.23964981378860792,0.13436198213194714,0.4791444031175399,25,30,20
3,148,0.07773549687973168,0.21163139279189608,0.22090311004093838,0.4897300002874356,25,30,20
3,149,0.10794303848107917,0.23961524840813997,0.17544614811643314,0.47699556499434786,25,30,20
3,150,0.1274298711542092,0.24077908025656908,0.15277812570288757,0.4790129228863345,25,30,20
3,151,0.1104698969723152,0.23812375000898134,0.17240156791976766,0.47900478509893657,25,30,20
3,152,0.19881651623112032,0.23899392898878852,0.08306825869173631,0.47912129608835513,25,30,20
3,153,0.20551727030990283,0.23946785928688105,0.07613025545215617,0.4788846149510608,25,30,20
3,154,0.20165341168836978,0.22536968838007213,0.09534120314227876,0.47763569678928003,25,30,20
3,155,0.23281933840651767,0.23604423928067272,0.059461812592357555,0.471674609720453,25,30,20
3,156,0.18860690377663258,0.2183189464779733,0.12049774701002132,0.4725764027353747,25,30,20
3,157,0.1614658444610584,0.22094349618177145,0.10938858728587228,0.5082020720712978,25,30,20
3,158,0.20927060872744238,0.23872552451795542,0.03271947091372632,0.5192843958408763,25,30,20
3,159,0.21107434147673207,0.21899887907231613,0.052135613481775527,0.5177911659691758,25,30,20
3,160,0.15512770888171035,0.21993188366337305,0.1070271815352959,0.5179132259196212,25,30,20
3,161,0.10708922935966804,0.21869048302723101,0.15613849065562346,0.5180817969574787,25,30,20
3,162,0.12614748173378165,0.22003780793575928,0.13548785612611133,0.5183268542043492,25,30,20
3,163,0.12378659211606106,0.26239400084612846,0.09592503817634171,0.5178943688614691,25,30,20
3,164,0.12285897280757212,0.27864420188538225,0.08010018854969292,0.5183966367573539,25,30,20
3,165,0.15583003233820578,0.2786858240512494,0.047473263730529895,0.5180108798800159,25,30,20
3,166,0.12039551913258664,0.27954707798295325,0.08199976733307347,0.5180576355513873,25,30,20
3,167,0.1086505629179688,0.2795626885614365,0.09265212570234685,0.5191346228182486,25,30,20
3,168,0.11073991172292459,0.2775177359571285,0.09270320978478891,0.5190391425351589,25,30,20
3,169,0.11984134170782458,0.2789733326123467,0.11717608475406478,0.48400924092576586,25,30,20
3,170,0.15631408718050546,0.2396434722798256,0.11144995831571325,0.49259248222395635,25,30,20
3,171,0.1510354532055238,0.23956050890838096,0.11669303076761593,0.4927110071184795,25,30,20
3,172,0.16046025898982336,0.23965836690977046,0.11839271355004861,0.4814886605503588,25,30,20
3,173,0.16253210826167785,0.23964599254975463,0.07763564582871142,0.5201862533598562,25,30,20
3,174,0.1788716489709471,0.23967771067869748,0.0643021626040603,0.5171484777462958,25,30,20
3,175,0.14603407631586118,0.2396541338280061,0.09509523332663956,0.5192165565294938,25,30,20
3,176,0.11106023478522,0.2392131369228358,0.13052839010271072,0.519198238189235,25,30,20
3,177,0.09258038497111841,0.2383842703488073,0.14982372840141966,0.5192116162786546,25,30,20
3,178,0.12451925461731829,0.2403864708840369,0.11583510455357525,0.5192591699450696,25,30,20
3,179,0.12076692872174168,0.23807756474693803,0.1230635007694835,0.5180920057618378,25,30,20
3,180,0.10543134621820707,0.25892156698767915,0.11860374601926466,0.5170433407748486,25,30,20
3,181,0.07417888312725722,0.2606569984797058,0.14716269510382496,0.5180014232892121,25,30,20
3,182,0.08691734312474354,0.259421631818279,0.1359466818047105,0.5177143432522671,25,30,20
3,183,0.09431793653023308,0.24565734186308016,0.14368531201158255,0.5163394095951052,25,30,20
3,184,0.10318652709107166,0.3189545400253399,0.06130721170152833,0.5165517211820607,25,30,20
3,185,0.07845861016246153,0.31851180166812215,0.08716770738652219,0.5158618807828951,25,30,20
3,186,0.07318759595129745,0.3196196749553027,0.09036535105992283,0.5168273780334786,25,30,20
3,187,0.07008633866675784,0.3167400699514027,0.0941085373135239,0.5190650540683162,25,30,20
3,188,0.062080319288682455,0.3165734607216176,0.10158015909795928,0.519766060891742,25,30,20
3,189,0.08163344027419951,0.3183704631814165,0.08074166441523797,0.519254432129147,25,30,20
3,190,0.06656322851470692,0.3193731862049751,0.09479726524020676,0.5192663200401115,25,30,20
3,191,0.10346652707286681,0.293782523191762,0.08347602245226649,0.519274927283107,25,30,20
3,192,0.11331584986948647,0.29200509332472013,0.0766466388261133,0.518032417979681,25,30,20
3,193,0.09318157436742508,0.2918828705462755,0.09700303498945775,0.5179325200968428,25,30,20
3,194,0.09075173141991545,0.3188876126048364,0.07144265947117136,0.5189179965040767,25,30,20
3,195,0.08971117420091076,0.31778387070144565,0.07449385952516345,0.5180110955724815,25,30,20
3,196,0.12439325159449671,0.31777350546394123,0.03925159314522749,0.5185816497963365,25,30,20
3,197,0.09191833686225642,0.3173281914101821,0.07181184756533981,0.5189416241622236,25,30,20
3,198,0.07319265708512813,0.31993421438471964,0.08759107085532815,0.5192820576748256,25,30,20
3,199,0.06953962054313916,0.31832048680732455,0.09337460800889827,0.5187652846406392,25,30,20
3,200,0.059317679931377446,0.3190613735702417,0.10231149649533025,0.5193094500030512,25,30,20
3,201,0.08343971455681257,0.3195587829788501,0.07775388465557172,0.519247617808766,25,30,20
3,202,0.0669148422043119,0.3195969133886788,0.09422478271199236,0.5192634616950175,25,30,20
3,203,0.07701282360599096,0.31637220315715237,0.0872696042105458,0.5193453690263129,25,30,20
3,204,0.057290198654508594,0.31368897640439003,0.10972823221287907,0.5192925927282244,25,30,20
3,205,0.058639647359997514,0.3159167245728589,0.10469079434313013,0.5207528337240132,25,30,20
3,206,0.08032959239104769,0.3196040349931626,0.08109070647957932,0.5189756661362107,25,30,20
3,207,0.07921294173155209,0.3195854004550403,0.08194395840901646,0.5192576994043911,25,30,20
3,208,0.08054457750444298,0.3195513333078561,0.08066805927272441,0.5192360299149774,25,30,20
3,209,0.08321636762677902,0.3189101281395295,0.07378221620217798,0.5240912880315145,25,30,20
3,210,0.08260529887380018,0.30098866761977694,0.09224773477836438,0.5241582987280595,25,30,20
3,211,0.095115657113343,0.29867814559073486,0.08687957458014221,0.5193266227157817,25,30,20
3,212,0.04215477539060663,0.3167870476077291,0.1047635084323014,0.5362946685693646,25,30,20
3,213,0.04168129997687281,0.31678507146807516,0.0822887923396905,0.5592448362153634,25,30,20
3,214,0.04130095797642384,0.31552860280251194,0.08396153064474668,0.5592089085763177,25,30,20
3,215,0.04132845234008378,0.3185026355536861,0.08092408022690824,0.5592448318793211,25,30,20
3,216,0.02616310363649689,0.3189540680028445,0.09661727039813407,0.5582655579625261,25,30,20
3,217,0.03734272118329424,0.31906472757456766,0.08534835234245933,0.5582441988996789,25,30,20
3,218,0.048835225474702065,0.29478411804546184,0.09722979686911479,0.5591508596107222,25,30,20
3,219,0.0405911748809826,0.29480934849809687,0.10542522023318691,0.5591742563877338,25,30,20
3,220,0.07974449389980923,0.3195095571704669,0.04297804911884064,0.5577678998108846,25,30,20
3,221,0.03937264133067293,0.3194967092437353,0.08187976907933754,0.5592508803462556,25,30,20
3,222,0.04198810623837274,0.3186347037615727,0.08009486970070981,0.5592823202993453,25,30,20
3,223,0.03733054330681294,0.2936838065927306,0.1098727640125356,0.5591128860879219,25,30,20
3,224,0.06440752582577684,0.31946991076840253,0.057803194827946915,0.5583193685778747,25,30,20
3,225,0.047695742938301804,0.3205692374721945,0.0736344890524374,0.5581005305370668,25,30,20
3,226,0.06275944910536498,0.30366187693444374,0.07618502331912251,0.5573936506410703,25,30,20
3,227,0.07806717117356586,0.31957552245616966,0.04881186854611934,0.5535454378241463,25,30,20
3,228,0.06309640733911956,0.31954854914640834,0.05806164964777885,0.5592933938666952,25,30,20
3,229,0.06040320673357501,0.31906558350215414,0.06120640834344366,0.5593248014208276,25,30,20
3,230,0.058254272937743254,0.300828193518271,0.0816789217197092,0.5592386118242783,25,30,20
3,231,0.06482302151160406,0.3008352617413481,0.0749687121304108,0.5593730046166391,25,30,20
3,232,0.023956745815849466,0.3169146537509008,0.07116641534624707,0.587962185087003,25,30,20
3,233,0.04412537897217593,0.31822094679958507,0.04948301712729184,0.5881706571009464,25,30,20
3,234,0.0029246432498158427,0.3204638447383716,0.08832506215579222,0.5882864498560204,25,30,20
3,235,0.0025651633270358885,0.32051569703919314,0.07869600857603526,0.5982231310577371,25,30,20
3,236,0.0025123503011985587,0.3195401275597617,0.08012005320380294,0.5978274689352383,25,30,20
3,237,0.0026329529408641384,0.3194857818497318,0.0788148149977766,0.5990664502116275,25,30,20
3,238,0.04181949078686979,0.3195666043439261,0.04011435639841628,0.5984995484707885,25,30,20
3,239,0.013863105264347846,0.27701417174644727,0.1153304313430988,0.5937922916461071,25,30,20
3,240,0.050598663441323286,0.27788530871984973,0.07244698362503828,0.5990690442137889,25,30,20
3,241,0.010809747656889348,0.2803390385439132,0.10972015489089286,0.5991310589083052,25,30,20
3,242,0.0046610734869194205,0.2794305648009265,0.11682063683596136,0.5990877248761932,25,30,20
3,243,0.00658251514827654,0.27812232017894745,0.11794774480709169,0.597347419865685,25,30,20
3,244,0.0031718927283868447,0.2782589840284353,0.11770514931028644,0.6008639739328924,25,30,20
3,245,0.005915286166966488,0.31331089554023106,0.07829617255321397,0.6024776457395882,25,30,20
3,246,0.007238693975869886,0.31122327382577164,0.0793807894561633,0.6021572427421951,25,30,20
3,247,0.003368592603025056,0.31945838667779275,0.07880136319297021,0.5983716575262125,25,30,20
3,248,0.004003615066136335,0.31953634417743393,0.07975680919024494,0.5967032315661842,25,30,20
3,249,0.002699815144834838,0.31792626383450523,0.08094597171274193,0.598427949307918,25,30,20
3,250,0.004683312973578559,0.3168558373667211,0.08210402529302967,0.5963568243666696,25,30,20
3,251,0.0052980946453514725,0.3159278719496894,0.08159990694875335,0.5971741264562048,25,30,20
3,252,0.0035427479280704223,0.31892727516356895,0.08038505994270297,0.5971449169656576,25,30,20
3,253,0.0035521081258686653,0.3183017264743534,0.0810172765833642,0.597128888816414,25,30,20
3,254,0.0024048837880211375,0.3184558571035245,0.07999779258041781,0.5991414665280371,25,30,20
3,255,0.041285593869617686,0.3191233630240694,0.040385307037976916,0.5992057360683376,25,30,20
3,256,0.04147570388044748,0.30418799652118705,0.05536918979190524,0.5989671098064623,25,30,20
3,257,0.041661965111691436,0.30416376410401064,0.05560901537999043,0.5985652554043084,25,30,20
3,258,0.04126905769762258,0.31957514035649703,0.040356185289158325,0.5987996166567234,25,30,20
3,259,0.012109297326815321,0.3022676510716924,0.08684368501827511,0.5987793665832172,25,30,20
3,260,0.002350287986032911,0.3182103753953088,0.08028236187110405,0.5991569747475556,25,30,20
3,261,0.005392693069214028,0.3193877643259045,0.07425729029132495,0.6009622523135568,25,30,20
3,262,0.0042799793318004705,0.3186387748604651,0.07976783068258494,0.5973134151251499,25,30,20
3,263,0.0034152909396275135,0.3185549632564897,0.07971101639252771,0.5983187294113552,25,30,20
3,264,0.04010415793297871,0.2803268242976971,0.08220420574459532,0.5973648120247291,25,30,20
3,265,0.038184633038312155,0.2795350502403511,0.051207857100237834,0.6310724596210983,25,30,20
3,266,0.03815087509878061,0.27737517195479205,0.046218606108504486,0.6382553468379235,25,30,20
3,267,0.043955427400388075,0.2795279848658976,0.03838857496202502,0.6381280127716903,25,30,20
3,268,0.04407064548179655,0.27568242777845575,0.04114708935755465,0.6390998373821938,25,30,20
3,269,0.04255240150708335,0.2785748571354009,0.04015037323118701,0.6387223681263301,25,30,20
3,270,0.0026533014428240247,0.2786433653588475,0.07996198853599396,0.6387413446623361,25,30,20
3,271,0.0016760347059740887,0.31825287137005953,0.0415900804574978,0.6384810134664686,25,30,20
3,272,0.007381894807004627,0.2987885395900054,0.05084916413885231,0.6429804014641379,25,30,20
3,273,0.00140154323271365,0.31664940617976517,0.007731199432987813,0.6742178511545331,25,30,20
3,274,0.0033882762882025443,0.29873264372631925,0.019052445437065507,0.6788266345484131,25,30,20
3,275,0.0019616097075803897,0.3171567268669398,0.0021171603180478236,0.6787645031074325,25,30,20
3,276,0.001972063102390807,0.31805215487644467,0.001248193835476468,0.6787275881856882,25,30,20
3,277,0.0020313237998998233,0.31797763533187795,0.0012755414352306957,0.6787154994329918,25,30,20
3,278,0.0016646905895961875,0.3195087408384641,0.000222902586924256,0.6786036659850153,25,30,20
3,279,0.0016597359221844294,0.3191559364534037,0.00045172078976484946,0.6787326068346472,25,30,20
3,280,0.00226748617005894,0.31914756601649447,0.00044888449600339345,0.6781360633174431,25,30,20
3,281,0.0022678200927348235,0.31801981237451626,0.0006390501008848037,0.6790733174318646,25,30,20
3,282,0.0021654488792346434,0.3168112750514899,0.0018593009792050052,0.6791639750900714,25,30,20
3,283,0.0013565562602148664,0.3195139723574768,5.6795398209265185e-05,0.6790726759841006,25,30,20
3,284,0.0013133609301038795,0.3195588491885597,3.8793555027754326e-05,0.6790889963263098,25,30,20
3,285,0.001308474814313916,0.3195768663186186,3.831090966561765e-05,0.6790763479574028,25,30,20
3,286,0.0013385482939588036,0.31956420670720076,2.2133036107221505e-05,0.6790751119627348,25,30,20
3,287,0.0014134809396066151,0.30077866974795037,0.018789671603614447,0.679018177708829,25,30,20
3,288,0.0013522109793329764,0.30075548969597027,0.019129888218641512,0.6787624111060563,25,30,20
3,289,0.001531404709746991,0.31932300259133406,0.0004145854426112356,0.6787310072563083,25,30,20
3,290,0.0026377257797164317,0.31917609016069065,0.0004250512483256539,0.6777611328112676,25,30,20
3,291,0.0013993191841017425,0.31948279499551646,0.0005919674786559018,0.6785259183417257,25,30,20
3,292,0.0013066900317231106,0.3189856121131677,0.001088621217686723,0.6786190766374228,25,30,20
3,293,0.0032888171162367735,0.3185364759424644,0.0004980922845844006,0.6776766146567147,25,30,20
3,294,0.003462174111571936,0.31942779920575004,0.0005613823198453617,0.6765486443628329,25,30,20
3,295,0.0022087564960904396,0.31916063482442686,4.26495533652491e-05,0.6785879591261174,25,30,20
3,296,0.0020086111199346616,0.30406409107113763,0.015412806553593252,0.6785144912553339,25,30,20
3,297,0.0016282598281107824,0.27919514887418445,0.04041396429950838,0.6787626269981968,25,30,20
3,298,0.01608916309222431,0.2783327613106088,0.027089564318141773,0.6784885112790259,25,30,20
3,299,0.0016719616294677117,0.24075484749856535,0.07882123520051977,0.6787519556714485,25,30,20
3,300,0.0015054889454437603,0.2395990309477007,0.07509020579751671,0.6838052743093389,25,30,20
3,301,0.03099238685381113,0.23959479429258423,0.05039848239281561,0.6790143364607887,25,30,20
3,302,0.041223673953602734,0.23962594968806028,0.040007886086535834,0.6791424902718003,25,30,20
3,303,0.036469966828897825,0.2396226285971306,0.05582549933371909,0.6680819052402525,25,30,20
3,304,0.007006407838183014,0.23966661260085764,0.08552959489018684,0.6677973846707735,25,30,20
3,305,0.001964245741804441,0.23964433929424941,0.0903223332240743,0.6680690817398727,25,30,20
3,306,0.0021491860764541026,0.2394394660321951,0.07930291237232494,0.6791084355190269,25,30,20
3,307,0.0023880909814899647,0.23958929708803584,0.08024336872147066,0.6777792432090037,25,30,20
3,308,0.015273956003554521,0.23868873864792495,0.0673404039883376,0.6786969013601838,25,30,20
3,309,0.010332005692413288,0.2396975367121507,0.07125437685451988,0.678716080740918,25,30,20
3,310,0.003294711100007096,0.23907084776538018,0.12403032722807229,0.6336041139065414,25,30,20
3,311,0.0563598969804833,0.2390757649199616,0.06647170732333021,0.638092630776225,25,30,20
3,312,0.055448825109824657,0.2396274731055701,0.06590768669784604,0.6390160150867595,25,30,20
3,313,0.04325949867363823,0.23963268492491976,0.11499300050065189,0.6021148159007901,25,30,20
3,314,0.03502157790309816,0.23865836358214207,0.12495967812202059,0.6013603803927401,25,30,20
3,315,0.0032564706086934264,0.2390559814281647,0.16341018485829065,0.5942773631048527,25,30,20
3,316,0.05018508245488864,0.23903456563216077,0.11181468629886407,0.5989656656140874,25,30,20
3,317,0.042287508178398686,0.2383656979341375,0.12005756586871216,0.5992892280187503,25,30,20
3,318,0.04112808862503502,0.23840492476736905,0.12115233633777897,0.5993146502698167,25,30,20
3,319,0.041616391948115256,0.23920919528192822,0.12044896370018325,0.598725449069773,25,30,20
3,320,0.04178279675536292,0.23922011050155167,0.1197482808887424,0.5992488118543446,25,30,20
3,321,0.036707298183868003,0.23811504412997997,0.12634614101579558,0.5988315166703564,25,30,20
3,322,0.03053068369781363,0.23564452755114595,0.13486999538779107,0.5989547933632506,25,30,20
3,323,0.03045346367209101,0.23759636163233583,0.13294016680116552,0.5990100078944094,25,30,20
3,324,0.04339831217168188,0.23780940911873127,0.12138731687377355,0.5974049618358139,25,30,20
3,325,0.027523586788176096,0.1990563048545836,0.1742810394893227,0.5991390688679173,25,30,20
3,326,0.007390750341175621,0.1990955532455123,0.1954194409242005,0.5980942554891118,25,30,20
3,327,0.006332244992919373,0.1996926465963579,0.1949346039943369,0.5990405044163879,25,30,20
3,328,0.006864765107682766,0.1997244436405,0.1946107102105952,0.5988000810412233,25,30,20
3,329,0.007288901940309887,0.19845974970829766,0.1950014372235499,0.5992499111278453,25,30,20
3,330,0.005582672141638379,0.20981676488203604,0.18574976954376474,0.598850793432563,25,30,20
3,331,0.0034506583200870212,0.1977892496287673,0.19979321395556973,0.5989668780955795,25,30,20
3,332,0.0014965523779968007,0.20079922247996468,0.19856856417489752,0.5991356609671431,25,30,20
3,333,0.00949543605552803,0.19944004550447633,0.15996691724777598,0.6310976011922214,25,30,20
3,334,0.010443932586559696,0.16506125415535916,0.18593623820365832,0.6385585750544236,25,30,20
3,335,0.010665562582517161,0.15809434193021313,0.19306927676787766,0.6381708187193934,25,30,20
3,336,0.010078387894080556,0.19798779880581294,0.15469517497918164,0.6372386383209259,25,30,20
3,337,0.04677700541138516,0.19976124887691424,0.11707041300401032,0.6363913327076914,25,30,20
3,338,0.05317020713743692,0.16091053423529392,0.14867369935067334,0.6372455592765968,25,30,20
3,339,0.06248323954760217,0.15979540535102366,0.1406814141529424,0.6370399409484349,25,30,20
3,340,0.06431272386477364,0.1597849789370809,0.13877426890333008,0.6371280282948178,25,30,20
3,341,0.06142507243834596,0.1597841023391377,0.13978130010900672,0.63900952511351,25,30,20
3,342,0.08174664469164504,0.15978298782116496,0.11971545915327246,0.6387549083339176,25,30,20
3,343,0.08284093228049393,0.15979126455167564,0.11821448876775717,0.6391533144000736,25,30,20
3,344,0.07434154743091173,0.15956868638053648,0.1278765161850256,0.6382132500035278,25,30,20
3,345,0.07556001576588856,0.1595762490265059,0.12618412312482027,0.6386796120827861,25,30,20
3,346,0.04917756226482857,0.15981754253939762,0.15180103492407573,0.6392038602716997,25,30,20
3,347,0.037519638302059004,0.15971770790426637,0.13264804721658688,0.6701146065770881,25,30,20
3,348,0.07292032842407503,0.15969243800829458,0.08837529796022096,0.6790119356074085,25,30,20
3,349,0.11298723586184234,0.15978036193575396,0.049499910551854584,0.6777324916505485,25,30,20
3,350,0.11460491902628916,0.15973997442218013,0.04776957662104438,0.6778855299304861,25,30,20
3,351,0.05579268025496419,0.1586967111568439,0.10434106962283343,0.681169538965358,25,30,20
3,352,0.042421201176875714,0.15847141085708827,0.0896849673767032,0.7094224205893337,25,30,20
3,353,0.07986530173898282,0.15869389154276198,0.0451386845324426,0.7163021221858128,25,30,20
3,354,0.07668577111388118,0.1597404024540317,0.04540276468239619,0.7181710617496908,25,30,20
3,355,0.1030055397891695,0.15976879887524875,0.018197569852757344,0.7190280914828249,25,30,20
3,356,0.10974986859038634,0.1597543251799142,0.01145167373792561,0.7190441324917743,25,30,20
3,357,0.1147363267904919,0.15974993728125614,0.006510866038945907,0.7190028698893065,25,30,20
3,358,0.10848731966498631,0.15977546196975662,0.01273084562790296,0.7190063727373536,25,30,20
3,359,0.08173158252249234,0.15977448849187903,0.0394947122731353,0.7189992167124936,25,30,20
3,360,0.046877966002723495,0.19972348533735523,0.03447098436907486,0.7189275642908477,25,30,20
3,361,0.04899675279070864,0.19971469898766056,0.03329420273083543,0.7179943454907961,25,30,20
3,362,0.05942114312853848,0.1997400158667244,0.04580000619984788,0.6950388348048888,25,30,20
3,363,0.06705383769372682,0.19971170303853228,0.05508867495697487,0.678145784310766,25,30,20
3,364,0.07966296466525634,0.19970467404030567,0.041587914440766156,0.6790444468536725,25,30,20
3,365,0.07890614858809783,0.20006171725959834,0.04195342660881746,0.679078707543487,25,30,20
3,366,0.07877214005994451,0.15933879168962087,0.08344469393638368,0.678444374314051,25,30,20
3,367,0.029351917467392998,0.15756978986389744,0.13462304979630463,0.6784552428724071,25,30,20
3,368,0.021699366164987355,0.15757605801038035,0.14180652470176544,0.6789180511228694,25,30,20
3,369,0.051622872932467354,0.1929413214013238,0.07641791245060808,0.6790178932156017,25,30,20
3,370,0.036250552412718746,0.1826286860778502,0.10244895095314666,0.6786718105562868,25,30,20
3,371,0.035743993074201154,0.19805713286598992,0.08739045522282711,0.6788084188369821,25,30,20
3,372,0.0032300759770698332,0.19775885558510517,0.12055694205948742,0.6784541263783386,25,30,20
3,373,0.0024388945998640925,0.19917496482032282,0.12565899546467224,0.6727271451151404,25,30,20
3,374,0.0014399312131541998,0.19792164640055673,0.12159136700718585,0.6790470553791043,25,30,20
3,375,0.0014300313136181965,0.19965952127084527,0.11983877793289795,0.6790716694826393,25,30,20
3,376,0.04096047142631575,0.19917232142320399,0.08081424850195681,0.6790529586485238,25,30,20
3,377,0.04219684060038718,0.16557064335971497,0.11479901661106034,0.677433499428838,25,30,20
3,378,0.04527878695437165,0.22078569564623815,0.05483585345546008,0.6790996639439315,25,30,20
3,379,0.005678360847503748,0.23958144464086945,0.07574623205592444,0.6789939624557024,25,30,20
3,380,0.0046373844584100135,0.21388830971793651,0.10272487833772156,0.6787494274859328,25,30,20
3,381,0.001417247622575413,0.21388090035189553,0.11066864379805941,0.6740332082274706,25,30,20
3,382,0.0014185595875371528,0.23917636748941237,0.08494993307361211,0.6744551398494398,25,30,20
3,383,0.004159335414754174,0.2383550329722105,0.08359854055389027,0.6738870910591443,25,30,20
3,384,0.0031631460458939587,0.23956292274722638,0.07997862949739849,0.6772953017094819,25,30,20
3,385,0.003231272957751743,0.23871919754042206,0.07995098042583497,0.6780985490759918,25,30,20
3,386,0.004964451715151531,0.23964970331836308,0.07678981884136775,0.6785960261251195,25,30,20
3,387,0.0019270064765146361,0.23906906218295987,0.08011687522916495,0.678887056111359,25,30,20
3,388,0.007298275746462631,0.2392247962197967,0.07433960598003636,0.6791373220537055,25,30,20
3,389,0.005067384322073857,0.23922880597182636,0.0802024649583526,0.6755013447477478,25,30,20
3,390,0.004215190266482053,0.22212481016666846,0.09478962802625115,0.6788703715405991,25,30,20
3,391,0.007113909298258225,0.22425026863265887,0.09087727303292154,0.6777585490361616,25,30,20
3,392,0.03991734227797801,0.23903933649264694,0.04303646632537994,0.6780068549039965,25,30,20
3,393,0.039544380160146254,0.23904727910218393,0.042306586696150485,0.6791017540415196,25,30,20
3,394,0.04687209717233918,0.23967611465028843,0.03669591131336223,0.6767558768640113,25,30,20
3,395,0.08210146292009117,0.2019666386419755,0.03753703860454988,0.6783948598333844,25,30,20
3,396,0.0827597521033207,0.21897038841847574,0.02082439609048923,0.6774454633877144,25,30,20
3,397,0.08428545979799291,0.21094274819543124,0.029192717755730978,0.6755790742508464,25,30,20
3,398,0.08484034804151992,0.23940138592692814,0.0006788757159540587,0.6750793903155983,25,30,20
3,399,0.044148987477671424,0.2390673979078745,0.038975111611001645,0.6778085030034533,25,30,20
3,400,0.0078046070149316105,0.23913599134852642,0.07487481135949957,0.6781845902770439,25,30,20
3,401,0.005497522051100188,0.23960602238921147,0.07580370170886468,0.6790927538508246,25,30,20
3,402,0.0023757534705833106,0.23963559300879517,0.11541486503904803,0.6425737884815738,25,30,20
3,403,0.0017425723532254673,0.23967985556978946,0.11604972172535705,0.6425278503516297,25,30,20
3,404,0.0013487051933567765,0.2396138910310042,0.11638762772955882,0.6426497760460815,25,30,20
3,405,0.006322716889840635,0.2386031248366822,0.1186246224906472,0.6364495357828295,25,30,20
3,406,0.00723446195237447,0.23997544102920756,0.12083430883602356,0.6319557881823945,25,30,20
3,407,0.013239815410715634,0.2552867083430209,0.09367669204669175,0.6377967841995726,25,30,20
3,408,0.0022469701001585334,0.2923882372263072,0.0671165627553278,0.6382482299182071,25,30,20
3,409,0.00348001817076855,0.31760707396462673,0.04073113065783268,0.6381817772067726,25,30,20
3,410,0.002910670728452939,0.3184373258002892,0.04028921893939467,0.6383627845318641,25,30,20
3,411,0.0019382856528711231,0.3190217450138726,0.057346077932580605,0.6216938914006771,25,30,20
3,412,0.005442228097308159,0.3180234288528485,0.037597196205842,0.6389371468440025,25,30,20
3,413,0.001390612115390733,0.3195299383811896,0.02596107407011201,0.6531183754333091,25,30,20
3,414,0.0252539916162895,0.3178187875533114,0.017767978677447584,0.639159242152952,25,30,20
3,415,0.041849932628246427,0.31785151292909564,0.00229544401161519,0.638003110431044,25,30,20
3,416,0.04242365733422329,0.30078682433123693,0.01885520108121903,0.6379343172533213,25,30,20
3,417,0.03649926071317325,0.3195374229280855,0.004925296921563761,0.6390380194371782,25,30,20
3,418,0.03817574562764689,0.2931858828169741,0.029663502293279843,0.6389748692621008,25,30,20
3,419,0.04048393035087435,0.29144695844802565,0.03074058574270761,0.6373285254583932,25,30,20
3,420,0.03884222729554024,0.3165679191181169,0.007220946660390054,0.6373689069259528,25,30,20
3,421,0.041546532532704204,0.3180207812004115,0.0012694521949428198,0.6391632340719419,25,30,20
3,422,0.04109249061447033,0.3195322491270739,0.0002025776518224377,0.6391726826066338,25,30,20
3,423,0.03817616543556365,0.31954914313468924,0.0030855129024661685,0.639189178527282,25,30,20
3,424,0.04016028668670921,0.3194539609412782,0.0012235518245271504,0.6391622005474863,25,30,20
3,425,0.041077842792044815,0.31948574573083127,0.0011923985547249328,0.6382440129223994,25,30,20
3,426,0.002392769553546639,0.31952718031661004,0.039073638343174864,0.6390064117866702,25,30,20
3,427,0.0037162061436564146,0.31945617631361417,0.03767175992462312,0.6391558576181071,25,30,20
3,428,0.04132072426303096,0.319496095620246,3.4876329779055744e-05,0.6391483037869444,25,30,20
3,429,0.04112864572977057,0.3034655268127681,0.016468515304714822,0.6389373121527469,25,30,20
3,430,0.0015999698768442078,0.3194534468920044,0.03801875528081229,0.6409278279503395,25,30,20
3,431,0.005218826906249985,0.31914737892166967,0.0399203970404546,0.6357133971316271,25,30,20
3,432,0.0018829949613861433,0.31956602756972957,0.03950245217031085,0.6390485252985741,25,30,20
3,433,0.0021054607574974554,0.3189851360288944,0.040086916737698305,0.6388224864759106,25,30,20
3,434,0.0017546034694695444,0.3196022185593086,0.03974824291980431,0.6388949350514185,25,30,20
3,435,0.002253402500081618,0.3186206231275939,0.039937660184355815,0.6391883141879697,25,30,20
3,436,0.0016065241433438902,0.31868593963421543,0.040711174043700844,0.6389963621787401,25,30,20
3,437,0.0016503810832687897,0.3174436168760113,0.0417974526929929,0.6391085493477273,25,30,20
3,438,0.0026998799816904933,0.3186837073953692,0.04058405764285096,0.6380323549800898,25,30,20
3,439,0.0034398782468166495,0.3185650023479619,0.039314816985119065,0.6386803024201039,25,30,20
3,440,0.00339910190478715,0.3195487443692213,0.03820808966814708,0.6388440640578457,25,30,20
3,441,0.0030738935503411523,0.3182998839918043,0.03944395529782312,0.6391822671600326,25,30,20
3,442,0.003343779086986183,0.31829609894361643,0.039568981809398406,0.6387911401599999,25,30,20
3,443,0.0016444893454396461,0.31773990776853617,0.041693302085079306,0.6389223008009458,25,30,20
3,444,0.00434355776921255,0.31768109757225504,0.041737150109210315,0.6362381945493226,25,30,20
3,445,0.027951687152982938,0.3176825076394529,0.019031205823855556,0.6353345993837081,25,30,20
3,446,0.025096481678628005,0.3195038588087345,0.017114182928466594,0.6382854765841711,25,30,20
3,447,0.024640745236416198,0.3192173312727718,0.017039855082119127,0.639102068408693,25,30,20
3,448,0.04208809421368035,0.3162316689421461,0.0030216653973279546,0.6386585714468465,25,30,20
3,449,0.04066795720922531,0.3180595716789218,0.0021802213065677777,0.6390922498052852,25,30,20
3,450,0.040703179517650304,0.31921314940020235,0.0009513935970202702,0.6391322774851269,25,30,20
3,451,0.0434172242500506,0.31851572507420334,0.001056110896924489,0.6370109397788217,25,30,20
3,452,0.027997048916135983,0.3195569832889958,0.014175898208377809,0.6382700695864912,25,30,20
3,453,0.0036497657539573624,0.3185480332153067,0.03960035640258794,0.6382018446281503,25,30,20
3,454,0.005688733218543243,0.3189582775669424,0.0396397817374164,0.6357132074770989,25,30,20
3,455,0.004221136444525606,0.31922527650779636,0.07626891606521692,0.6002846709824616,25,30,20
3,456,0.0024264518838996575,0.29487541251021776,0.10439443145380292,0.5983037041520808,25,30,20
3,457,0.001493945611584226,0.2948901297925537,0.10441304267552809,0.5992028819203338,25,30,20
3,458,0.0013446176380886143,0.2937414901097848,0.10568799796153586,0.5992258942905917,25,30,20
3,459,0.001379912042903257,0.31952887819315945,0.07989283308868891,0.5991983766752483,25,30,20
3,460,0.006705658011531509,0.33404670972129863,0.06007690067937151,0.5991707315877988,25,30,20
3,461,0.008497652324203237,0.35947680764939655,0.03480089051981722,0.5972246495065834,25,30,20
3,462,0.006613222633878114,0.35951991930779026,0.0347809399367838,0.5990859181215474,25,30,20
3,463,0.0033725711501207387,0.35816652286097317,0.0393699141188358,0.5990909918700713,25,30,20
3,464,0.003553876895449983,0.381806443423307,0.015559780926536095,0.5990798987547072,25,30,20
3,465,0.0013319651370230765,0.39941154654732913,0.00013248509624261262,0.5991240032194056,25,30,20
3,466,0.001873558902136519,0.39944439587208863,0.00012457605219528457,0.5985574691735802,25,30,20
3,467,0.0018637493218162458,0.3846128124793121,0.014870420172110623,0.598653018026761,25,30,20
3,468,0.0017011800861694167,0.3845256452302119,0.015136321556392308,0.5986368531272265,25,30,20
3,469,0.002245309830578421,0.3845721089425041,0.014870746775058152,0.5983118344518594,25,30,20
3,470,0.001346433733744813,0.3707265158134458,0.028738272892184905,0.5991887775606254,25,30,20
3,471,0.002327921567995128,0.3680549328337812,0.030443393639565,0.5991737519586593,25,30,20
3,472,0.0014258545599764591,0.3981687316000986,0.001287619141623885,0.5991177946983014,25,30,20
3,473,0.002354976242994585,0.3805838939790607,0.01880422144369879,0.5982569083342456,25,30,20
3,474,0.0025389000660911627,0.39943987991101393,2.9978529584897545e-05,0.5979912414933095,25,30,20
3,475,0.002560550469639861,0.3994129231834712,2.228793924065265e-05,0.5980042384076482,25,30,20
3,476,0.001604669330514272,0.3987800922926846,0.0006645393861247164,0.598950698990677,25,30,20
3,477,0.0023425465298161224,0.39696783817839987,0.0026122538275686817,0.5980773614642153,25,30,20
3,478,0.03227134590881677,0.39775009723312477,0.011761928213308672,0.5582166286447496,25,30,20
3,479,0.041068148695154016,0.3606596857454412,0.04006149194741855,0.5582106736119874,25,30,20
3,480,0.0021107641496931535,0.3595793646236954,0.07906480808178094,0.559245063144832,25,30,20
3,481,0.013085241808926364,0.3584997061288999,0.0700378378668225,0.5583772141953526,25,30,20
3,482,0.0042731500142554665,0.3583863018481561,0.07993752914857939,0.5574030189890088,25,30,20
3,483,0.0030940588564355694,0.3577084346308032,0.07989638258786363,0.5593011239248973,25,30,20
3,484,0.001362842726483529,0.35893839923422505,0.0804878854387191,0.5592108726005723,25,30,20
3,485,0.003126320194928377,0.3594761370621387,0.0781284048287954,0.5592691379141381,25,30,20
3,486,0.0397342565899374,0.35944513171640113,0.04155150384332489,0.559269107850337,25,30,20
3,487,0.08138243480930654,0.35945878054015445,0.0001529559752493077,0.5590058286752903,25,30,20
3,488,0.08233892084980049,0.35784093097739805,0.0007817678096232489,0.5590383803631788,25,30,20
3,489,0.0821210867863227,0.35917937802837935,0.0004094513094256515,0.5582900838758725,25,30,20
3,490,0.04808850817796055,0.3594631933281301,0.03923732225891923,0.5532109762349906,25,30,20
3,491,0.0547796848760991,0.3549726615003232,0.03346933992972728,0.55677831369385,25,30,20
3,492,0.08207669396966194,0.35686314750228054,0.0025973619114458284,0.558462796616612,25,30,20
3,493,0.07633162877881582,0.35681113016751775,0.007657916843788523,0.5591993242098776,25,30,20
3,494,0.035722156498513666,0.35774077057844084,0.04754260381070954,0.5589944691123371,25,30,20
3,495,0.03733647938726711,0.35778477331438674,0.046560274653172105,0.5583184726451753,25,30,20
3,496,0.004648298680530195,0.359052869676875,0.07824475517828317,0.5580540764643118,25,30,20
3,497,0.009193088325814218,0.3578043378414044,0.07522712591939856,0.5577754479133832,25,30,20
3,498,0.006422230709103801,0.3582381393255362,0.07614439753824778,0.5591952324271129,25,30,20
3,499,0.0034913925278363123,0.35948774052477644,0.07790318495825789,0.5591176819891299,25,30,20
3,500,0.0028956676999926352,0.3440919422849727,0.09382289802297235,0.5591894919920631,25,30,20
3,501,0.005194787189319018,0.3590763208970616,0.07575651247352465,0.5599723794400959,25,30,20
3,502,0.07613060559431956,0.3573769991315486,0.008995873693061138,0.5574965215810704,25,30,20
3,503,0.08005771882512691,0.3556734078305429,0.005011938917324935,0.5592569344270057,25,30,20
3,504,0.08011591952033442,0.3578018228463953,0.0027801474708072675,0.5593021101624632,25,30,20
3,505,0.08140480649760465,0.3183537118524305,0.041892692926363745,0.5583487887236012,25,30,20
3,506,0.07767687688768331,0.2937625625417567,0.06977723925759205,0.5587833213129685,25,30,20
3,507,0.05587716882958028,0.25382508445096064,0.1309096781709848,0.5593880685484759,25,30,20
3,508,0.046823030862299116,0.2502480245667107,0.14312560231072863,0.5598033422602625,25,30,20
3,509,0.04170600995286522,0.2795648361273462,0.11998601851021011,0.5587431354095798,25,30,20
3,510,0.06256321736228364,0.28043791983818483,0.09778547669410534,0.5592133861054266,25,30,20
3,511,0.0885370532655398,0.3007885333790989,0.05147535698492247,0.5591990563704397,25,30,20
3,512,0.05367829663919469,0.31863127253385437,0.06848716474837933,0.5592032660785712,25,30,20
3,513,0.06311331643259527,0.3186152649630393,0.059027641376113514,0.5592437772282526,25,30,20
3,514,0.015141178625992862,0.280409901453984,0.14523599985647595,0.5592129200635482,25,30,20
3,515,0.032695304815291815,0.2795861190207855,0.1305587036915738,0.5571598724723488,25,30,20
3,516,0.06626985512460189,0.27955096319850564,0.09610696393875949,0.5580722177381336,25,30,20
3,517,0.08329875100410943,0.2798038955821572,0.04006654836275552,0.5968308050509794,25,30,20
3,518,0.08141660989257654,0.2796324181385606,0.04006618654310249,0.5988847854257618,25,30,20
3,519,0.07912685235157593,0.2795226716139318,0.04248639031145014,0.5988640857230435,25,30,20
3,520,0.08153011565221047,0.27783730903223197,0.04142619948441939,0.5992063758311386,25,30,20
3,521,0.08203864954147706,0.2795642285149388,0.04017350429462671,0.5982236176489582,25,30,20
3,522,0.08206805279387083,0.2786434899881169,0.040135972454573336,0.5991524847634401,25,30,20
3,523,0.08087329249464693,0.2795689468733201,0.04039832611908666,0.5991594345129461,25,30,20
3,524,0.08172324916350653,0.2803532236265228,0.03971467550030003,0.5982088517096718,25,30,20
3,525,0.08119964970045873,0.2796169365989661,0.040142352900637474,0.5990410607999376,25,30,20
3,526,0.07703782237937197,0.25634543681094135,0.06741981938977956,0.5991969214199074,25,30,20
3,527,0.07688696323792515,0.259544906776952,0.06435274077204978,0.5992153892130735,25,30,20
3,528,0.08605018782123298,0.2796125605397416,0.04016299016014517,0.5941742614788815,25,30,20
3,529,0.08259438677505156,0.23929671813321335,0.0797284542304232,0.5983804408613134,25,30,20
3,530,0.025625320097607412,0.20400188239658934,0.17189827533006935,0.5984745221757375,25,30,20
3,531,0.02437791221912668,0.2374740474184986,0.13897059494619635,0.59917744541618,25,30,20
3,532,0.0042408657405156045,0.1995751885538593,0.19694843862503453,0.5992355070805911,25,30,20
3,533,0.003786955649417102,0.19849009262506534,0.19847471087873012,0.5992482408467891,25,30,20
3,534,0.025972775017485503,0.1985018296101222,0.1763300365685577,0.5991953588038339,25,30,20
3,535,0.04073579767521124,0.19844982321967966,0.16161880135099194,0.5991955777541197,25,30,20
3,536,0.03969706747619478,0.1984423345078704,0.16263941779814572,0.5992211802177901,25,30,20
3,537,0.05735344545289399,0.23808592504620082,0.09373066102075084,0.6108299684801554,25,30,20
3,538,0.0266590523861302,0.2396247715417588,0.12250674162271068,0.6112094344494001,25,30,20
3,539,0.04085252147592588,0.2396361317183939,0.0806959300518001,0.6388154167538797,25,30,20
3,540,0.04064829362360888,0.2209519083090499,0.09946679817627188,0.63893299989107,25,30,20
3,541,0.03594299421220318,0.23967464691067808,0.08535731677944307,0.6390250420976762,25,30,20
3,542,0.0734424596730948,0.22479841352125784,0.06268767311068267,0.6390714536949644,25,30,20
3,543,0.06552378184403557,0.22421215340340703,0.07116619028473824,0.6390978744678184,25,30,20
3,544,0.04423212212125719,0.22167926076812286,0.0921982803065295,0.6418903368040894,25,30,20
3,545,0.038562417806215776,0.224722459092117,0.09721722521565264,0.6394978978860153,25,30,20
3,546,0.03851986116749851,0.22392549392448913,0.09859791697435089,0.6389567279336623,25,30,20
3,547,0.038743096658493424,0.2398104200077595,0.08330883467932144,0.6381376486544267,25,30,20
3,548,0.03775137202301627,0.2398357996828198,0.08330060838788285,0.6391122199062815,25,30,20
3,549,0.04098409241260245,0.23965081251642764,0.08489857094583199,0.6344665241251396,25,30,20
3,550,0.02218615800941069,0.23923274011578236,0.09685692537918227,0.6417241764956246,25,30,20
3,551,0.0021565690681756016,0.2396900564372469,0.11183562261639074,0.6463177518781863,25,30,20
3,552,0.003656027030434604,0.23967601921333867,0.08493134765330783,0.6717366061029202,25,30,20
3,553,0.04153631317592378,0.2387330428253892,0.04085215884809063,0.6788784851505981,25,30,20
3,554,0.04241438000600467,0.23968503259758445,0.04078838891265263,0.6771121984837599,25,30,20
3,555,0.04378511454632453,0.23967643175257192,0.03949664582142728,0.6770418078796773,25,30,20
3,556,0.04249211209565755,0.23945303828629697,0.039019431504428,0.679035418113618,25,30,20
3,557,0.005570274101281808,0.2394504219731868,0.07636850955483517,0.6786107943706965,25,30,20
3,558,0.004470405752238861,0.23889553677149178,0.07753982847180718,0.679094229004463,25,30,20
3,559,0.035542850404573854,0.24001667937414298,0.045366446936907084,0.6790740232843768,25,30,20
3,560,0.035686271414503125,0.23895109895428857,0.051131350823650584,0.674231278807558,25,30,20
3,561,0.0016621756207959232,0.23893793408391342,0.08038024665695463,0.6790196436383362,25,30,20
3,562,0.0013733841199510758,0.2183372194316892,0.1012042932559793,0.6790851031923811,25,30,20
3,563,0.0033343040548229424,0.23850409222113544,0.08098496084736392,0.6771766428766776,25,30,20
3,564,0.06685257623024088,0.23882583920875264,0.005250233715225601,0.6890713508457812,25,30,20
3,565,0.075908161076404,0.2390548958988744,0.005917278718589797,0.6791196643061328,25,30,20
3,566,0.07079282426859979,0.23780427246494973,0.012397990586285495,0.6790049126801654,25,30,20
3,567,0.03748056010220461,0.23840383794239603,0.045350454289931834,0.6787651476654686,25,30,20
3,568,0.03838760886875404,0.19997504818888634,0.08311449842161187,0.678522844520748,25,30,20
3,569,0.04123527415597424,0.1991249317127792,0.08691664905086792,0.6727231450803793,25,30,20
3,570,0.001477877081646125,0.19964058167646295,0.12616018846814867,0.6727213527737413,25,30,20
3,571,0.0015741867704243992,0.1997036056815098,0.11983664960871064,0.6788855579393543,25,30,20
3,572,0.03322966530257025,0.19972145047356168,0.0879767954858334,0.6790720887380357,25,30,20
3,573,0.04247366304056913,0.19974465665188543,0.0786860550495642,0.6790956252579814,25,30,20
3,574,0.043107871734909015,0.19943960069068287,0.07874963892976691,0.6787028886446419,25,30,20
3,575,0.04514711724288187,0.19937655559104958,0.07879403864631367,0.676682288519755,25,30,20
3,576,0.04731740677474611,0.19964368924464515,0.07576495820783567,0.6772739457727717,25,30,20
3,577,0.06364028481128621,0.19895514319629115,0.06637588680541764,0.6710286851870052,25,30,20
3,578,0.10275604911688385,0.19802607342182502,0.021546781626270214,0.6776710958350209,25,30,20
3,579,0.08009188762766455,0.19880864982373456,0.04213755197652382,0.6789619105720779,25,30,20
3,580,0.0676475990129013,0.19794491060989308,0.055764240548225805,0.6786432498289804,25,30,20
3,581,0.057602585604532554,0.19970672518552507,0.06396020235030554,0.6787304868596358,25,30,20
3,582,0.04307193744305904,0.19969050812064645,0.07937462392400904,0.6778629305122853,25,30,20
3,583,0.050693100967306746,0.1992155588675353,0.07106257876191602,0.6790287614032425,25,30,20
3,584,0.04161972331771228,0.19965473518236923,0.07961313595062817,0.6791124055492922,25,30,20
3,585,0.0771635084813064,0.1996507120321206,0.04433810982181715,0.6788476696647563,25,30,20
3,586,0.08800846793935817,0.19967471273288942,0.03316107477384523,0.6791557445539083,25,30,20
3,587,0.08616997299310097,0.19967911722195325,0.036034415997119054,0.6781164937878279,25,30,20
3,588,0.07759101549165288,0.19925612232885875,0.04499639690371735,0.6781564652757711,25,30,20
3,589,0.06707090968935059,0.19921246495662046,0.054586376265962314,0.6791302490880673,25,30,20
3,590,0.07292845672676082,0.1996721781931524,0.048376397565030906,0.6790229675150573,25,30,20
3,591,0.08014334857298185,0.19872953572522709,0.04218173191406891,0.6789453837877235,25,30,20
3,592,0.0826278990141074,0.19964587411860854,0.040124717912600326,0.6776015089546845,25,30,20
3,593,0.08130186440387827,0.19968206571857794,0.04002120270438159,0.6789948671731633,25,30,20
3,594,0.08090859195002219,0.19970401434681825,0.04028422586804714,0.6791031678351134,25,30,20
3,595,0.08190963490939925,0.15978275034976205,0.08022189909399374,0.6780857156468453,25,30,20
3,596,0.06841936963343698,0.15945783095518704,0.09398821603595339,0.6781345833754238,25,30,20
3,597,0.004763511913379874,0.11953527365643744,0.19669972952866377,0.6790014849015189,25,30,20
3,598,0.0315153740320877,0.11978322699027659,0.16966689181395916,0.6790345071636773,25,30,20
3,599,0.07647202692693972,0.11990531061398992,0.12449858124915435,0.679124081209917,25,30,20
3,600,0.07647053828377985,0.11990963908364068,0.12458869571142038,0.6790311269211601,25,30,20
3,601,0.06886380783706224,0.1198430694141262,0.13309169223490633,0.6782014305139049,25,30,20
3,602,0.06816703662826558,0.11945421097133695,0.13325813115199214,0.6791206212484071,25,30,20
3,603,0.08576546084159466,0.11991876490415888,0.11517642544759449,0.6791393488066524,25,30,20
3,604,0.08778073489088069,0.11991865143577528,0.1143074933102912,0.6779931203630534,25,30,20
3,605,0.07598505227399537,0.11985294232023387,0.12513631365653186,0.6790256917492401,25,30,20
3,606,0.07117832543348286,0.11915235545309963,0.09072322550806071,0.7189460936053572,25,30,20
3,607,0.07953069813873574,0.11844152167079157,0.08389664053091409,0.7181311396595579,25,30,20
3,608,0.08289721697477116,0.1184456473618276,0.0808174960552078,0.7178396396081933,25,30,20
3,609,0.0804998535607782,0.12037888485793882,0.08009336671211212,0.719027894869171,25,30,20
3,610,0.06591897433625966,0.11981845134893432,0.09551262209731429,0.718749952217493,25,30,20
3,611,0.08121379821842803,0.11985123962388647,0.07991726422304689,0.71901769793464,25,30,20
3,612,0.054796361390855156,0.11982037419271294,0.10636467639246878,0.7190185880239642,25,30,20
3,613,0.04399442048771532,0.11984747084503233,0.11887522692918787,0.7172828817380639,25,30,20
3,614,0.006768123854609846,0.11982580421001529,0.15524692360424486,0.7181591483311287,25,30,20
3,615,0.0036327255119343034,0.119821690675577,0.15865317127800313,0.7178924125344867,25,30,20
3,616,0.004828215210994305,0.11979975587077277,0.11786977895059246,0.7575022499676421,25,30,20
3,617,0.006575935956611489,0.11983139097344508,0.11725281500780875,0.756339858062137,25,30,20
3,618,0.026983286597630714,0.08028564948267598,0.13646664717311277,0.7562644167465798,25,30,20
3,619,0.07321690874853917,0.08030152597413373,0.11406072266661671,0.7324208426107097,25,30,20
3,620,0.08441228151681396,0.07938335302651822,0.09985572885142976,0.7363486366052372,25,30,20
3,621,0.10339482981909931,0.07940455367746818,0.058110168869472595,0.7590904476339599,25,30,20
3,622,0.09918148846223598,0.07940466686492213,0.09398033839378168,0.7274335062790607,25,30,20
3,623,0.11587793337572436,0.07987804186676535,0.07654112098896043,0.7277029037685503,25,30,20
3,624,0.07834296765142619,0.07988154853861794,0.11567674493270737,0.7260987388772494,25,30,20
3,625,0.0833834820092548,0.07814077230278697,0.11948519390151652,0.718990551786443,25,30,20
3,626,0.08267680947303976,0.07982447822550691,0.12133543386178346,0.7161632784396695,25,30,20
3,627,0.0714431700245906,0.07982482926960757,0.13063749392363821,0.7180945067821619,25,30,20
3,628,0.07345005752705835,0.07982115299208581,0.1295345443648705,0.7171942451159845,25,30,20
3,629,0.07453710736932546,0.07979093025275702,0.12753889496099002,0.7181330674169274,25,30,20
3,630,0.0727768304952401,0.07990549099852065,0.1291620959969739,0.7181555825092678,25,30,20
3,631,0.07171712589341529,0.07985485451360408,0.12957935139989243,0.718848668193089,25,30,20
3,632,0.07191313152015155,0.07989488409890588,0.12469469058335497,0.7234972937975885,25,30,20
3,633,0.08095312816120799,0.08068913552480378,0.1203927882213502,0.7179649480926392,25,30,20
3,634,0.06551166748548118,0.07989567794399356,0.13556708900231862,0.7190255655682094,25,30,20
3,635,0.09331943148088712,0.07989569050255346,0.10766885204083915,0.7191160259757216,25,30,20
3,636,0.13667225841306826,0.07988691659022323,0.06486776974177179,0.7185730552549369,25,30,20
3,637,0.1344865559347784,0.07988759673164283,0.06764664074448329,0.7179792065890952,25,30,20
3,638,0.09340851163671682,0.07990038075097622,0.10896096820451408,0.7177301394077928,25,30,20
3,639,0.12162891079862595,0.07962807443340894,0.08003294958766015,0.7187100651803054,25,30,20
3,640,0.12794687355177575,0.06447532162697424,0.08401120865466513,0.7235665961665844,25,30,20
3,641,0.09733732461573114,0.04100450171974138,0.1379753180052552,0.7236828556592729,25,30,20
3,642,0.11374621485319414,0.039943597007440705,0.12266995189809458,0.72364023624127,25,30,20
3,643,0.08473364109391995,0.039943402678832236,0.1517179423029454,0.7236050139243035,25,30,20
3,644,0.10130873794610956,0.039943684134601476,0.14040797713647016,0.7183396007828192,25,30,20
3,645,0.09973140549666772,0.03995047094519705,0.1414920253319262,0.7188260982262109,25,30,20
3,646,0.11830890217604104,0.040020051810837,0.12282738012610529,0.718843665887017,25,30,20
3,647,0.10377297833136494,0.0012149000280325289,0.1764708853736311,0.7185412362669755,25,30,20
3,648,0.12189256315271134,0.0011556643357426928,0.15788850628961731,0.7190632662219294,25,30,20
3,649,0.04310571617532416,0.0002160360554272288,0.23768503654466863,0.7189932112245806,25,30,20
3,650,0.07965348214145528,5.2029035402634984e-08,0.2014636185703156,0.7188828472591955,25,30,20
3,651,0.08228274136641792,1.9793136971851377e-07,0.19916396079434132,0.7185530999078719,25,30,20
3,652,0.08445889497852878,0.03994334675346501,0.12294311939458101,0.7526546388734269,25,30,20
3,653,0.12470614643181278,0.038982919805169186,0.08363494943269925,0.7526759843303198,25,30,20
3,654,0.10397105673834252,0.03994392940645576,0.09719000892688116,0.7588950049283197,25,30,20
3,655,0.10877656148260227,0.03995567779876746,0.09332453482416456,0.757943225894465,25,30,20
3,656,0.15781418891054638,0.07989848921663473,0.0033400395009662003,0.7589472823718532,25,30,20
3,657,0.1314079629618854,0.07928116398221453,0.030791530381773527,0.7585193426741267,25,30,20
3,658,0.13075236838330928,0.07986078523057666,0.030972484482727918,0.7584143619033863,25,30,20
3,659,0.09550623284724788,0.07836493515413048,0.06768511234423903,0.7584437196543834,25,30,20
3,660,0.06920911541453954,0.07854797585285551,0.09471094014550037,0.7575319685871058,25,30,20
3,661,0.10872593790782796,0.07986663625766194,0.054157630873546116,0.7572497949609641,25,30,20
3,662,0.06714107985232609,0.07987541590784601,0.09610977813673184,0.7568737261030978,25,30,20
3,663,0.05225991383062221,0.07990981639975935,0.11349692628551136,0.7543333434841076,25,30,20
3,664,0.1254786395125889,0.07962783296156642,0.03961276243826309,0.7552807650875816,25,30,20
3,665,0.12385972577113645,0.07962783974248096,0.04034564994343515,0.7561667845429464,25,30,20
3,666,0.1173174866811559,0.07989781416470927,0.04420358721295482,0.7585811119411799,25,30,20
3,667,0.12058537595441315,0.08059418392319935,0.040216341288541985,0.7586040988338462,25,30,20
3,668,0.12103328482986608,0.07989876443070085,0.0404141592886698,0.7586537914507637,25,30,20
3,669,0.12053739905098898,0.07989814223751304,0.04057964179146289,0.7589848169200352,25,30,20
3,670,0.12069899447556079,0.07988600566422313,0.0404109924878218,0.7590040073723935,25,30,20
3,671,0.12023055559115672,0.0798977857942314,0.04202296326602661,0.7578486953485849,25,30,20
3,672,0.12149152396142891,0.051182274385650414,0.06929249444098678,0.7580337072119334,25,30,20
3,673,0.08858443019686478,0.05118193747146979,0.10170008916129428,0.7585335431703722,25,30,20
3,674,0.1122306222280092,0.07991508020690934,0.049446728312165,0.7584075692529169,25,30,20
3,675,0.0816167065170354,0.07986473248866803,0.04036332170999032,0.7981552392843068,25,30,20
3,676,0.08168381528340922,0.07940946525493438,0.04076578482949117,0.7981409346321664,25,30,20
3,677,0.08260114234540954,0.07988937464219094,0.039956621538414894,0.7975528614739854,25,30,20
3,678,0.08698610062998817,0.07989801249090817,0.035154650281500735,0.7979612365976031,25,30,20
3,679,0.09109569882479868,0.07989800798346398,0.06999995906684515,0.7590063341248927,25,30,20
3,680,0.08133330637427004,0.07989800795441611,0.07553272448126036,0.7632359611900548,25,30,20
3,681,0.08224709933189459,0.07989420135265368,0.04081869148730668,0.7970400078281459,25,30,20
3,682,0.08172099336424092,0.0407334906226834,0.08008026220382203,0.7974652538092536,25,30,20
3,683,0.06256782941938697,0.04072107333247083,0.09870950128169297,0.7980015959664502,25,30,20
3,684,0.042800676363997904,0.03993237568801032,0.11997173798838774,0.797295209959604,25,30,20
3,685,0.06068245479933974,0.03993236127525353,0.11288027653729257,0.786504907388115,25,30,20
3,686,0.06162545799878399,0.0399432200093168,0.10254105576042521,0.7958902662314749,25,30,20
3,687,0.06119731486887727,0.03991048685351653,0.10277278472914782,0.7961194135484585,25,30,20
3,688,0.05936803958454079,0.03991047994561429,0.10303175099673222,0.7976897294731131,25,30,20
3,689,0.06275013462207073,0.03993064436670325,0.10116317934486956,0.7961560416663563,25,30,20
3,690,0.051218617217916346,0.07984960707619253,0.07005513736601678,0.7988766383398752,25,30,20
3,691,0.04120915908934393,0.07982974010267735,0.08003795540602938,0.7989231454019506,25,30,20
3,692,0.041688338830102784,0.08166362345983545,0.07777014724236077,0.798877890467702,25,30,20
3,693,0.003286575271504696,0.1186157235701558,0.0801844297699461,0.7979132713883937,25,30,20
3,694,0.0024519293630233655,0.11980814213912015,0.07894008485794321,0.798799843639914,25,30,20
3,695,0.0026981166120714057,0.11976978343680462,0.07892960312076404,0.7986024968303598,25,30,20
3,696,0.0015902200656854229,0.11982649041802688,0.08002969531624901,0.7985535942000404,25,30,20
3,697,0.0015446908442783827,0.159284921521873,0.006507358176195721,0.8326630294576526,25,30,20
3,698,0.0027043087488457444,0.15976131288038375,0.006331698351931208,0.8312026800188396,25,30,20
3,699,0.0024394409729834626,0.1597997623940644,2.371363324774757e-05,0.8377370829997048,25,30,20
3,700,0.0017269163754405179,0.15848715108449962,0.0013374703963222935,0.8384484621437387,25,30,20
3,701,0.001727461479472136,0.1585197205691753,0.001612422483479106,0.8381403954678737,25,30,20
3,702,0.0017117128051434448,0.1597549391551737,4.890033388143217e-06,0.8385284580062944,25,30,20
3,703,0.0017455121922799498,0.15970355710628678,4.5507626126837494e-05,0.8385054230753063,25,30,20
3,704,0.0037657035376831814,0.15967147751376254,6.959325619432317e-05,0.8364932256923592,25,30,20
3,705,0.0045433164616449934,0.1596710923713623,0.0004520842261112863,0.8353335069408798,25,30,20
3,706,0.004086020883918147,0.1597242277721917,3.896605445600747e-05,0.8361507852894341,25,30,20
3,707,0.003180740432789766,0.14101680589857998,0.018744201838419225,0.8370582518302109,25,30,20
3,708,0.0013620284011878856,0.15976662490691138,5.721504913976987e-06,0.8388656251869877,25,30,20
3,709,0.0017972152869133915,0.15979125077627218,0.0002790280114736994,0.8381325059253417,25,30,20
3,710,0.0018162008603925777,0.15980732737937803,7.89812469054446e-06,0.8383685736355386,25,30,20
3,711,0.002054861201603997,0.15978163582004934,1.3836036414846517e-05,0.8381496669419316,25,30,20
3,712,0.001792552847637969,0.15806673912125319,0.0018151078579627237,0.8383256001731457,25,30,20
3,713,0.002036522374597402,0.15978040475836242,0.00021754164110717518,0.8379655312259326,25,30,20
3,714,0.0024021645701703034,0.15975160079181436,4.8673093249685446e-05,0.837797561544765,25,30,20
3,715,0.0013887073331620287,0.15976364159010045,0.0003429550810056936,0.8385046959957311,25,30,20
3,716,0.002547534299365019,0.15978311882472193,0.0001660707364425237,0.8375032761394698,25,30,20
3,717,0.0016269555862600128,0.1597565368511425,5.44161681096825e-05,0.8385620913944871,25,30,20
3,718,0.0013184989830058599,0.15971260302389884,8.795560071107968e-05,0.838880942392384,25,30,20
3,719,0.0015362618826775698,0.13106093193674245,0.028880339883170514,0.8385224662974096,25,30,20
3,720,0.0015917114054299797,0.15979522507093336,0.00013577360225044534,0.8384772899213856,25,30,20
3,721,0.0015329899520490108,0.1409935581111134,0.018939244605279244,0.8385342073315569,25,30,20
3,722,0.003139819491545445,0.15977512583344283,1.6073015348824235e-05,0.8370689816596624,25,30,20
3,723,0.003070532433190477,0.15977714896399706,0.004748689820061016,0.8324036287827515,25,30,20
3,724,0.0014207939404521283,0.15919424043599334,0.0006123320259718013,0.8387726335975826,25,30,20
3,725,0.002369306767743808,0.15878719451751205,8.88325015148996e-05,0.83875466621323,25,30,20
3,726,0.0024109046819211347,0.15971097619171273,9.337545348755849e-05,0.837784743672878,25,30,20
3,727,0.0013854197262691203,0.15976493668009312,4.317595849115176e-05,0.8388064676351462,25,30,20
3,728,0.001386627271318811,0.15855770745242145,0.0016300264491361715,0.8384256388271247,25,30,20
3,729,0.0023056919410134546,0.15976673835223212,0.0004055864842595808,0.8375219832224948,25,30,20
3,730,0.004235705875564708,0.1597571078231131,0.00041530318574656446,0.8355918831155753,25,30,20
3,731,0.0016616668084193794,0.1582609436828317,0.001632197158804735,0.838445192349946,25,30,20
3,732,0.001602198295598875,0.15949418297662815,5.4168581317041466e-06,0.8388982018696411,25,30,20
3,733,0.001380502390190618,0.1596977335598451,4.158613424319238e-05,0.8388801779157212,25,30,20
3,734,0.0022335916407488425,0.15970951134596909,0.0001734032986069754,0.8378834937146753,25,30,20
3,735,0.001780088624713409,0.1597643097494422,0.004547944085299841,0.833907657540546,25,30,20
3,736,0.0013268326543890928,0.15980773266165585,0.004517320174870698,0.8343481145090849,25,30,20
3,737,0.0013278501411189058,0.1597911885035145,0.00013753128136749328,0.8387434300739995,25,30,20
3,738,0.0014010039875582084,0.15977964631035557,1.7784161570119918e-05,0.8388015655405155,25,30,20
3,739,0.0013784816160918641,0.1597796463022581,1.3711262365244308e-05,0.8388281608192844,25,30,20
3,740,0.0014075234116804952,0.15979013453755056,2.0977204761792085e-05,0.8387813648460078,25,30,20
3,741,0.0034949591291291303,0.15974794274022763,1.8285401417201208e-05,0.8367388127292257,25,30,20
3,742,0.0014308624503128892,0.15973313394463223,0.00030593386457022383,0.8385300697404845,25,30,20
3,743,0.0023460598360766577,0.15885829291683917,0.0005158855303321621,0.838279761716752,25,30,20
3,744,0.004029238758263747,0.15711282138472718,1.129043874813514e-05,0.8388466494182616,25,30,20
3,745,0.0025620124354211837,0.15882214688947263,0.0060689745220388145,0.832546866153067,25,30,20
3,746,0.002354715117364601,0.15883439286052256,8.952189080770374e-06,0.8388019398330329,25,30,20
3,747,0.0023655093782371777,0.15885871085711623,0.00010225571871245831,0.8386735240459341,25,30,20
3,748,0.005050176642888506,0.1598155121978581,9.83300843790446e-06,0.8351244781508161,25,30,20
3,749,0.0013450260564756812,0.15981189806682242,0.00014359692232267802,0.8386994789543796,25,30,20
3,750,0.0013808088878622584,0.15979670299456164,0.00027584210513580934,0.8385466460124408,25,30,20
3,751,0.002723810028290623,0.1598086867266632,0.00036216245997564874,0.8371053407850708,25,30,20
3,752,0.0026966309129814914,0.15875671308466233,0.0014532121001377388,0.8370934439022194,25,30,20
3,753,0.002524848167891407,0.15980339347567954,0.0002792128419190047,0.8373925455145103,25,30,20
3,754,0.0028319615192149285,0.1597366317556012,0.00028151700610059156,0.8371498897190839,25,30,20
3,755,0.0023678510718723542,0.1597299049066902,3.323681012987536e-05,0.8378690072113067,25,30,20
3,756,0.0023875057162818197,0.15972504724404574,5.023151169512318e-05,0.8378372155279772,25,30,20
3,757,0.003526671692694062,0.15678225482592345,0.0029921636691840024,0.8366989098121981,25,30,20
3,758,0.004093522848756848,0.15973822917497865,5.112264722097837e-05,0.8361171253290426,25,30,20
3,759,0.0037230996663123557,0.15976239708343748,0.00011547889990415752,0.8363990243503467,25,30,20
3,760,0.0014560224128097408,0.15974160008008365,4.376490734758138e-05,0.8387586125997584,25,30,20
3,761,0.001779956963056051,0.11532135656347885,0.04400134589425923,0.838897340579206,25,30,20
3,762,0.0032730774925764194,0.07538785907314675,0.08348236687520125,0.8378566965590766,25,30,20
3,763,0.0023257228759745213,0.09403480105889814,0.06572947082714649,0.8379100052379804,25,30,20
3,764,0.0024183029120422635,0.09406233440219124,0.07193518411130889,0.8315841785744559,25,30,20
3,765,0.0013835711049722129,0.11982751370143306,0.03993337219676158,0.8388555429968326,25,30,20
3,766,0.002284798991158994,0.11980764475268786,0.03993244571738699,0.8379751105387662,25,30,20
3,767,0.0018797844852346587,0.11980747692429113,0.039473939194573864,0.8388387993959003,25,30,20
3,768,0.0023326967647855296,0.11985161326735082,0.03959579410316788,0.8382198958646968,25,30,20
3,769,0.0037399456324818665,0.07892837155093085,0.07952129818131667,0.8378103846352701,25,30,20
3,770,0.003056450344089083,0.07894724727319173,0.07951014689271965,0.8384861554899997,25,30,20
3,771,0.0030182441477593857,0.07989213347646189,0.07866586904169826,0.838423753334081,25,30,20
3,772,0.04310305618234499,0.07947591731094875,0.04070817270403938,0.8367128538026689,25,30,20
3,773,0.04154116931116051,0.07986993546569279,0.040557930800710296,0.838030964422437,25,30,20
3,774,0.041605919652916434,0.07816367680005193,0.04178642267489676,0.8384439808721348,25,30,20
3,775,0.04286060461999927,0.07817983062806177,0.040743368219540985,0.8382161965323996,25,30,20
3,776,0.04231299119589445,0.07991733737424553,0.03998119487739942,0.8377884765524621,25,30,20
3,777,0.013617775768519403,0.07988626683929033,0.06852872402435935,0.8379672333678319,25,30,20
3,778,0.013097874837507288,0.07986979473752996,0.06840943945406529,0.8386228909708983,25,30,20
3,779,0.01291850112083386,0.07864591602382036,0.06964992634731793,0.8387856565080278,25,30,20
3,780,0.0016068771853576269,0.07990967604715209,0.07965152601816342,0.8388319207493271,25,30,20
3,781,0.0016209098499849655,0.07989755966149398,0.04432005156432263,0.8741614789241986,25,30,20
3,782,0.0013651974666571906,0.041027482834030106,0.07881117519326243,0.8787961445060497,25,30,20
3,783,0.005416842633982348,0.039927025270444935,0.07769013271366901,0.8769659993819061,25,30,20
3,784,0.03922096443446657,0.03992701973702266,0.043840012676475436,0.8770120031520361,25,30,20
3,785,0.037520454079955134,0.039926921915340835,0.04391525174479509,0.878637372259909,25,30,20
3,786,0.03726371079670535,0.03992692190709877,0.04392266729882402,0.878886699997372,25,30,20
3,787,0.037295108314234125,0.03991125787259547,0.04403763271274123,0.8787560011004291,25,30,20
3,788,0.03699278740648766,0.07988607085468068,0.004330318160693049,0.8787908235781388,25,30,20
3,789,0.04098762582914334,0.07988608008678313,0.0002735353641748912,0.8788527587198997,25,30,20
3,790,0.038783133033481715,0.0798661722476262,0.003850746229301522,0.8774999484895908,25,30,20
3,791,0.042137768072487765,0.07986614449935649,5.868023527354379e-05,0.8779374071928835,25,30,20
3,792,0.04254982158274081,0.07988229595028727,3.3517285500154847e-05,0.877534365181472,25,30,20
3,793,0.04352302373084786,0.07990955761938617,3.227915186386555e-05,0.8765351394979024,25,30,20
3,794,0.04475823301828795,0.07988565617722561,0.0002442081043455404,0.8751119027001405,25,30,20
3,795,0.043833109171953794,0.07989779818392374,0.0002465930997041124,0.8760224995444195,25,30,20
3,796,0.044821577401925224,0.07990981818520643,0.0006940236933923266,0.8745745807194767,25,30,20
3,797,0.040090546571969865,0.07928658935332146,0.002109157525109594,0.8785137065495988,25,30,20
3,798,0.04124880728492509,0.07989844257525248,0.0002557569616633839,0.8785969931781594,25,30,20
3,799,0.04122873261108098,0.07988546329692973,0.0002147224201514663,0.8786710816718376,25,30,20
3,800,0.002356309878645274,0.07988570344318606,0.039978944215324906,0.8777790424628448,25,30,20
3,801,0.004734198833156437,0.07989818864052531,0.03951420190392848,0.875853410622391,25,30,20
3,802,0.0023406892956258337,0.07989791099095273,0.03952010017138733,0.8782412995420341,25,30,20
3,803,0.03812142095039594,0.07988572688464697,0.004356137542927444,0.87763671462203,25,30,20
3,804,0.03828274999559828,0.07988572688911819,0.004493164302851227,0.8773383588124328,25,30,20
3,805,0.003441546532664695,0.08859833418628575,0.029609726725098665,0.8783503925559522,25,30,20
3,806,0.003149474659991115,0.08858642677947147,0.029617160559430998,0.8786469380011066,25,30,20
3,807,0.004382397969073801,0.07989703034756729,0.03716959321931351,0.8785509784640472,25,30,20
3,808,0.005270985066451948,0.07989751936782366,0.03635248709934124,0.878479008466384,25,30,20
3,809,0.0036129677579814497,0.07989388814428307,0.0458413534059481,0.8706517906917871,25,30,20
3,810,0.03616170269615671,0.07984895122040297,0.006480678429554117,0.8775086676538872,25,30,20
3,811,0.019316811612172607,0.07985691444029779,0.023209502249126043,0.8776167716984041,25,30,20
3,812,0.006283823654127043,0.07860542831424612,0.037973755955258606,0.8771369920763675,25,30,20
3,813,0.004943162827224995,0.07987807965878148,0.03687200226796871,0.8783067552460253,25,30,20
3,814,0.0032042828096057836,0.07990911752281259,0.0386845539405632,0.8782020457270191,25,30,20
3,815,0.004877096714287325,0.07990487936371232,0.03837724227369453,0.8768407816483055,25,30,20
3,816,0.02135832149168222,0.07989311500165829,0.022094856562550714,0.8766537069441098,25,30,20
3,817,0.04038307366747506,0.0798973509885484,0.0022076133767487825,0.8775119619672287,25,30,20
3,818,0.042138452210422034,0.07814899953173894,0.0017658640279126338,0.8779466842299268,25,30,20
3,819,0.015262105828166657,0.07816435464752101,0.027679465884677776,0.878894073639635,25,30,20
3,820,0.01270301828846749,0.0798930199208632,0.028595501086263932,0.8788084607044067,25,30,20
3,821,0.013780834793263868,0.0798213838257134,0.028693007120919427,0.8777047742601043,25,30,20
3,822,0.041413971861017265,0.0798218364941144,0.00012446043687869686,0.8786397312079898,25,30,20
3,823,0.03537804202107628,0.07989712709831837,0.006003193679500149,0.8787216372011057,25,30,20
3,824,0.02937993362879345,0.07988448646351558,0.012664039590040994,0.8780715403176502,25,30,20
3,825,0.04224273566893842,0.07987002027826741,0.00011333877436907778,0.8777739052784241,25,30,20
3,826,0.04242902986332799,0.07987002030199736,0.00012886498625141234,0.8775720848484214,25,30,20
3,827,0.04216939505760628,0.07987001691893686,0.0001224222320249057,0.8778381657914303,25,30,20
3,828,0.04203912695574041,0.07989742209409802,0.0008295210027442591,0.8772339299474163,25,30,20
3,829,0.04286958168342449,0.07989700357424363,3.0356927121508755e-05,0.8772030578152092,25,30,20
3,830,0.041382266355751963,0.07987316427377944,0.00018059508059405072,0.8785639742898741,25,30,20
3,831,0.05512298940678022,0.07986769712169414,7.340356639537488e-05,0.8649359099051307,25,30,20
3,832,0.0550753846004284,0.07986769711130512,0.00017174861285593304,0.8648851696754113,25,30,20
3,833,0.041094116210485004,0.07929572517508089,0.0020468559740096175,0.8775633026404246,25,30,20
3,834,0.030109102416617496,0.07990640240778987,0.01362749825778621,0.8763569969178066,25,30,20
3,835,0.04006592089079389,0.0798975646275065,0.0015013698747829228,0.8785351446069168,25,30,20
3,836,0.04208671278618954,0.07937911910896571,1.192571274466906e-05,0.8785222423921003,25,30,20
3,837,0.034690198049779006,0.07990651383359816,0.00654684830312398,0.8788564398134985,25,30,20
3,838,0.04129378867369364,0.0798532450207486,4.1245874092992596e-05,0.8788117204314645,25,30,20
3,839,0.042302690078350524,0.07923616303866772,0.0006524567890590302,0.8778086900939228,25,30,20
3,840,0.04217752388741984,0.07928834152830096,0.0007082609316332719,0.8778258736526466,25,30,20
3,841,0.04136458494409863,0.07927815436267402,0.0009038883310317641,0.8784533723621964,25,30,20
3,842,0.04128373861439468,0.07988509366539258,4.356024441865371e-05,0.8787876074757951,25,30,20
3,843,0.03450638161012232,0.07987835051563875,0.007074643848783931,0.8785406240254561,25,30,20
3,844,0.04160349142808555,0.07987830956565112,1.7225959253912704e-05,0.8785009730470097,25,30,20
3,845,0.033112656765724446,0.07988592509360641,0.008230990160805722,0.8787704279798635,25,30,20
3,846,0.03338579995684118,0.07988564994165304,0.008240030295052806,0.8784885198064526,25,30,20
3,847,0.0335717185555868,0.07989714638338201,0.008241792408228059,0.8782893426528033,25,30,20
3,848,0.03407496437590511,0.07896789328256752,0.008233745795281357,0.8787233965462455,25,30,20
3,849,0.0297632697875991,0.07989749552056818,0.013358064640220293,0.876981170051613,25,30,20
3,850,0.02807199940961133,0.07983156140381557,0.013378577931105114,0.8787178612554669,25,30,20
3,851,0.03565536553921017,0.07983108738284013,0.0065651462993545,0.8779484007785944,25,30,20
3,852,0.03466899966205939,0.07864125381626993,0.007784188748547793,0.8789055577731236,25,30,20
3,853,0.0415578131649458,0.07865590564787532,0.001856798123106658,0.8779294830640724,25,30,20
3,854,0.042420924756997686,0.07813270801256915,0.0006200036119014892,0.8788263636185314,25,30,20
3,855,0.019489317708484902,0.07913344648800576,0.023843114413789862,0.8775341213897186,25,30,20
3,856,0.042153438150418394,0.07990988791291023,0.004889755147753284,0.8730469187889178,25,30,20
3,857,0.04125126850281952,0.07989820868515381,0.00014078028232448995,0.8787097425297017,25,30,20
3,858,0.041364136666466315,0.07988566041870253,0.0004225893962665955,0.8783276135185639,25,30,20
3,859,0.04078641188642727,0.07967796565423994,0.0007016648171625896,0.8788339576421703,25,30,20
3,860,0.040805214185330306,0.07966676255745267,0.0006883851578846381,0.878839638099333,25,30,20
3,861,0.040794505531001196,0.07990547063273093,0.0006845673526762088,0.8786154564835915,25,30,20
3,862,0.02387833047135135,0.0799023225047298,0.017673931199717816,0.8785454158242005,25,30,20
3,863,0.0018241718369867287,0.08031124529525364,0.039553834573478025,0.8783107482942808,25,30,20
3,864,0.001592656585665748,0.08030301767493016,0.03967648311465666,0.878427842624747,25,30,20
3,865,0.0014654319533495355,0.0799203357614862,0.040000309510696164,0.8786139227744681,25,30,20
3,866,0.002558958081341358,0.10123315877251163,0.018880880299514548,0.8773270028466312,25,30,20
3,867,0.0016198518577194047,0.1192051266627418,0.0012714183435711313,0.8779036031359675,25,30,20
3,868,0.002653758845844707,0.1198028991728348,0.0004061436759896099,0.8771371983053305,25,30,20
3,869,0.0043631474842763165,0.1188975482666796,0.0005223947461007767,0.8762169095029435,25,30,20
3,870,0.001326137992615131,0.1198273484276335,0.00014920017666274416,0.8786973134030887,25,30,20
3,871,0.004040792227334326,0.11982734843665828,0.00015458335428896377,0.8759772759817177,25,30,20
3,872,0.0012977482513606877,0.11984367699351664,1.0447555514070193e-05,0.8788481271996085,25,30,20
3,873,0.001327085518347077,0.1197893017828903,3.266233623288802e-05,0.8788509503625295,25,30,20
3,874,0.0014023458025066724,0.11984154289641172,4.595596117686717e-06,0.8787515157049639,25,30,20
3,875,0.0026087808615777365,0.11868837185180782,0.00014770856597626423,0.8785551387206385,25,30,20
3,876,0.001729020978455236,0.11978681085756074,0.013877015245098885,0.864607152918885,25,30,20
3,877,0.004837907754216823,0.11979855102280931,0.00027684339132072656,0.875086697831654,25,30,20
3,878,0.005696509474354085,0.1198645016052472,0.008140181268212032,0.8662988076521881,25,30,20
3,879,0.005674111807933607,0.11985161898496946,0.008140029006993644,0.8663342402001026,25,30,20
3,880,0.0014745498334161901,0.11982886847433902,4.816206150060552e-06,0.8786917654860944,25,30,20
3,881,0.001682354693445589,0.10454488664848868,0.015562156452067166,0.8782106022059984,25,30,20
3,882,0.0018587787114802052,0.11909877204415194,0.0004765958198202435,0.8785658534245492,25,30,20
3,883,0.0023116938441928845,0.11955419779203041,1.5385940764043018e-05,0.8781187224230123,25,30,20
3,884,0.0019218391768689091,0.11978542683018546,3.533547806908333e-05,0.8782573985148765,25,30,20
3,885,0.0014031106494974516,0.11979725355331997,3.1887238745236764e-05,0.8787677485584382,25,30,20
3,886,0.004266686801783373,0.11983724510615752,9.170248099882437e-06,0.8758868978439588,25,30,20
3,887,0.006169614352557616,0.1198147339332121,3.55591910278159e-05,0.8739800925232027,25,30,20
3,888,0.0015398892546949412,0.1198405541830275,8.297793555568125e-06,0.8786112587687214,25,30,20
3,889,0.001723305109578285,0.11951996454665124,1.8366416922071435e-05,0.8787383639268481,25,30,20
3,890,0.002294800462139879,0.11920772892393894,0.0006370003180829718,0.8778604702958382,25,30,20
3,891,0.0022981078917740736,0.11810987770052866,0.0017526413016594978,0.8778393731060372,25,30,20
3,892,0.00645047603771883,0.11813232546812219,0.0019844865949111526,0.8734327118992483,25,30,20
3,893,0.0014611687964595273,0.11983246152076424,1.5592639742807966e-05,0.8786907770430351,25,30,20
3,894,0.0013976460126109435,0.11983246151783515,1.2871803217779373e-05,0.8787570206663373,25,30,20
3,895,0.0013784724914235075,0.11978873593790242,1.0351358696993252e-05,0.8788224402119792,25,30,20
3,896,0.004954073719038544,0.11885947059013366,0.00022587763236873122,0.8759605780584585,25,30,20
3,897,0.0019437038489376283,0.11933762250657802,0.00013500821994837203,0.8785836654245357,25,30,20
3,898,0.0023288785307498698,0.11982456052044023,0.0002283971897325538,0.877618163759077,25,30,20
3,899,0.0022842694554305516,0.11981419551878263,0.00024726038423499063,0.8776542746415518,25,30,20
3,900,0.002089201793615357,0.11931527289422574,2.7450198965737308e-05,0.8785680751131939,25,30,20
3,901,0.001393716506848677,0.08094790431865675,0.03886296178361063,0.878795417390886,25,30,20
3,902,0.0013553251084604274,0.08037505715962967,0.039853812513060756,0.8784158052188498,25,30,20
3,903,0.002410401993486169,0.07991018764553819,0.035448068121466024,0.8822313422395105,25,30,20
3,904,0.0017159851563851353,0.07991018764136713,0.03520934277815021,0.8831644844240976,25,30,20
3,905,0.0017625328723857713,0.07864610365824333,0.03642796458630392,0.883163398883067,25,30,20
3,906,0.0032402850112267733,0.0786631611366223,0.03678842300063008,0.8813081308515208,25,30,20
3,907,0.001501197521923715,0.07814714183783822,0.04164758098277708,0.878704079657462,25,30,20
3,908,0.001431179478818543,0.07988663362166598,0.03982313955410462,0.8788590473454109,25,30,20
3,909,0.0013931124295523689,0.07988749736442298,0.03992780672703978,0.8787915834789853,25,30,20
3,910,0.00135533686248862,0.07988755463909848,0.039907382743627685,0.8788497257547863,25,30,20
3,911,0.002304744081316961,0.0798862566833311,0.040453428066738295,0.8773555711686146,25,30,20
3,912,0.0022646589434108574,0.07987811388471174,0.04051072755498834,0.8773464996168886,25,30,20
3,913,0.001782157585445154,0.07987864449865913,0.040439990238728914,0.8778992076771669,25,30,20
3,914,0.0025952560807915815,0.07987007787888295,0.03907863324556069,0.8784560327947648,25,30,20
3,915,0.003114264829606012,0.07956242468773402,0.038750614897849825,0.8785726955848102,25,30,20
3,916,0.0016158668726790949,0.07989850832020856,0.04004480571084169,0.8784408190962705,25,30,20
3,917,0.001468320981350039,0.07987416600506188,0.03995137712598088,0.8787061358876085,25,30,20
3,918,0.0024224294227044216,0.07811522832985199,0.07694800809267587,0.8425143341547687,25,30,20
3,919,0.04154232999855841,0.07988982360890837,0.040910632838314795,0.8376572135542188,25,30,20
3,920,0.042269802769686816,0.07919091792890814,0.040754683959708805,0.8377845953416965,25,30,20
3,921,0.04178911627896342,0.051098956866511974,0.06870066486547419,0.8384112619890511,25,30,20
3,922,0.08656226702021634,0.056591498088093745,0.01819575549538694,0.8386504793963023,25,30,20
3,923,0.08774103179206189,0.0566025817727811,0.03224416698085201,0.8234122194543051,25,30,20
3,924,0.09730261698537705,0.05660257810784256,0.0089600496372911,0.8371347552694889,25,30,20
3,925,0.11260649444117686,0.03995492693009342,0.008540197373273932,0.8388983812554562,25,30,20
3,926,0.1059013417984858,0.03991095159553725,0.054346363306908854,0.7998413432990676,25,30,20
3,927,0.11543502499874889,0.039911162228302974,0.04704750987350294,0.7976063028994455,25,30,20
3,928,0.12008594200263456,0.03991119001584131,0.04235120260074864,0.797651665380776,25,30,20
3,929,0.08450983837387532,0.03991123474835792,0.07860963969679839,0.7969692871809677,25,30,20
3,930,0.044642627841837,0.03994300160682428,0.1051330025811507,0.8102813679701871,25,30,20
3,931,0.04522871246887625,0.03995674492415395,0.11927531731493081,0.795539225292038,25,30,20
3,932,0.08314672308304744,0.03994304833438728,0.07824662445319795,0.7986636041293684,25,30,20
3,933,0.08309869862433501,0.000761016518698277,0.11744652270770807,0.7986937621492588,25,30,20
3,934,0.08005485379570355,0.0007611293582835317,0.1217226036985642,0.7974614131474494,25,30,20
3,935,0.08372696717502745,1.2366826854758265e-05,0.11788298839111931,0.7983776776069986,25,30,20
3,936,0.0527663790313353,0.021561168587473402,0.16312998952537439,0.7625424628558168,25,30,20
3,937,0.0526912301048839,0.03996855443615413,0.11488665149859974,0.7924535639603628,25,30,20
3,938,0.05101327496301884,0.0399475620371746,0.11639163804205226,0.7926475249577548,25,30,20
3,939,0.04055048503721598,0.040535741819982235,0.12044380518904811,0.7984699679537535,25,30,20
3,940,0.042887352360504394,0.039969282385710354,0.12603572428751625,0.7911076409662691,25,30,20
3,941,0.05696452662974839,0.0008108239426572136,0.1440567572209975,0.7981678922065959,25,30,20
3,942,0.041755318586936194,0.00039188277778400303,0.12022605005379117,0.8376267485814877,25,30,20
3,943,0.04181019312046844,9.02898901222396e-05,0.11949291901833156,0.8386065979710764,25,30,20
3,944,0.04056553954114747,4.81989701023936e-10,0.0808174449370386,0.8786170150398239,25,30,20
3,945,0.040815966498868025,4.521456116708634e-09,0.08045952945477218,0.8787244995249027,25,30,20
3,946,0.0832460298500164,6.754649238143574e-10,0.03882984503394099,0.877924124440579,25,30,20
3,947,0.09776808427818716,1.234764236184442e-07,0.02339360927149932,0.8788381829738916,25,30,20
3,948,0.10688195753001799,1.1255644912501922e-07,0.01527318388307743,0.8778447460304548,25,30,20
3,949,0.06660830187324293,1.5151942133658942e-05,0.05485628961547336,0.8785202565691496,25,30,20
3,950,0.05603812553694233,9.086506262463504e-06,0.06696009814788223,0.8769926898089133,25,30,20
3,951,0.07445228224458841,9.086586221045401e-06,0.06718290732209499,0.8583557238470964,25,30,20
3,952,0.06510700776454253,9.085325502545211e-06,0.07742117461968537,0.8574627322902709,25,30,20
3,953,0.0784521673381029,1.2893639249477683e-08,0.044568474486457614,0.876979345281801,25,30,20
3,954,0.07663457623586553,0.03994301096725273,0.005718226352157906,0.8777041864447238,25,30,20
3,955,0.08034279712595191,0.03994266274264379,0.0011610391686137256,0.8785535009627904,25,30,20
3,956,0.040873587714405496,0.039942950397744516,0.04045093641470341,0.8787325254731471,25,30,20
3,957,0.04081286140501735,0.039942950406877446,0.04040523133922073,0.8788389568488849,25,30,20
3,958,0.019153572211670033,0.039942943496220254,0.06419062666919605,0.876712857622914,25,30,20
3,959,0.004634657472932524,0.03995390463582999,0.07573560428837645,0.879675833602862,25,30,20
3,960,0.03894048409364543,0.03995392195546851,0.047606904452839834,0.873498689498047,25,30,20
3,961,0.043247469319137456,0.039953904279381953,0.0006262940717100407,0.9161723323297706,25,30,20
3,962,0.04268480363568627,0.03995390427081351,0.0005389182730312785,0.916822373820469,25,30,20
3,963,0.04276775730456055,0.03994307591535495,0.006765861760374875,0.9105233050197101,25,30,20
3,964,0.04788248392129699,0.03994307594057485,0.0067731876625078125,0.9054012524756206,25,30,20
3,965,0.041291529217688694,0.039943075907677664,0.0062809042867684965,0.9124844905878642,25,30,20
3,966,0.0393077940540056,0.039943076858541954,0.008541752215240887,0.9122073768722114,25,30,20
3,967,0.04065153240917462,0.03992727660527564,0.0009333850848889738,0.9184878059006594,25,30,20
3,968,0.0031984818896282673,1.6525652903668537e-10,0.07877683993174317,0.9180246780133713,25,30,20
3,969,0.007185047391366035,1.1741308851625804e-10,0.074051752870575,0.9187631996206467,25,30,20
3,970,0.03184770192045882,0.0008085788181994439,0.048595075324456706,0.9187486439368855,25,30,20
3,971,0.041095658743783944,0.03678140218104503,0.0033674174414865545,0.9187555216336847,25,30,20
3,972,0.0563680805615693,0.03991980313771138,0.011193877935047208,0.8925182383656725,25,30,20
3,973,0.038135153454794575,0.03996656141936766,0.026303497691269658,0.8955947874345673,25,30,20
3,974,0.04091438853669751,0.040002007191223,0.042175788553278665,0.876907815718801,25,30,20
3,975,0.03441946336770814,0.039927524441308065,0.04877979973872617,0.8768732124522578,25,30,20
3,976,0.036999927945731495,0.03992703169728593,0.058259047029463155,0.8648139933275213,25,30,20
3,977,0.04941987488447265,0.039927017850167335,0.04579035464171736,0.8648627526236418,25,30,20
3,978,0.027993876980128715,0.03967190179907421,0.05528533032449297,0.877048890896304,25,30,20
3,979,0.0041466323474967405,0.0399426682730221,0.07901256772212838,0.8768981316573543,25,30,20
3,980,0.007334887862788707,0.03995651991228658,0.07677679002986111,0.8759318021950648,25,30,20
3,981,0.0041555626258493366,0.039943105741135396,0.07934988645885678,0.8765514451741602,25,30,20
3,982,0.004619396746265199,0.03994322176943055,0.07687432879429168,0.878563052690015,25,30,20
3,983,0.006126625709430641,0.03994246078470913,0.07632347943144314,0.8776074340744172,25,30,20
3,984,0.042606572212847,0.03994243506372618,0.03900011676041501,0.8784508759630113,25,30,20
3,985,0.076587148051923,0.03994243520946982,0.004639908567961415,0.8788305081706461,25,30,20
3,986,0.049502921389021994,0.039943311013795585,0.03140176219449752,0.879152005402686,25,30,20
3,987,0.053006057292963725,0.039943243588252055,0.028080192061280304,0.8789705070575046,25,30,20
3,988,0.05483303852782535,0.0399432435968954,0.02808120079336891,0.8771425170819108,25,30,20
3,989,0.04149301928797531,0.039927554395176076,0.041933967194630106,0.8766454591222171,25,30,20
3,990,0.0015238997219088769,0.039910812734242254,0.07985470369925976,0.8787105838445887,25,30,20
3,991,0.023424378338456696,0.03991081274793206,0.05785758939316947,0.8788072195204407,25,30,20
3,992,0.023458971965369498,0.03991081274226057,0.05785960833458424,0.8787706069577845,25,30,20
3,993,0.023880566415255555,0.0399430775297517,0.05796587207976124,0.8782104839752318,25,30,20
3,994,0.0419982886365873,0.03994307743215451,0.040010051799651045,0.8780485821316075,25,30,20
3,995,0.04248009034815385,0.039943077556410175,0.03999644477444901,0.8775803873209864,25,30,20
3,996,0.03229586485521247,0.03991982755158089,0.050256209778969926,0.8775280978142358,25,30,20
3,997,0.041594696421225014,0.039962311524090265,0.040014612066908935,0.8784283799877762,25,30,20
3,998,0.04243980248269036,0.040759477877058053,0.03921745464446575,0.8775832649957874,25,30,20
3,999,0.040932043893000154,0.04074677948062203,0.03972932574672313,0.8785918508796549,25,30,20
3,1000,0.04184139163394586,0.040755573121557,0.039729780659002546,0.8776732545854946,25,30,20
3,1001,0.03391495168811949,0.04013807324547614,0.04750480458958941,0.878442170476815,25,30,20
3,1002,0.03833378755568169,0.03933357200661761,0.04389592652726,0.878436713910441,25,30,20
3,1003,0.0029098624849625532,0.039942757584017635,0.07871272019348988,0.8784346597375303,25,30,20
3,1004,0.003514361550280507,0.03994276535384588,0.07876675205675193,0.8777761210391217,25,30,20
3,1005,0.03157831714662483,0.061162787887307814,0.02970158047395199,0.8775573144921158,25,30,20
3,1006,0.03147552936125519,0.07987597996943871,0.009871974258704966,0.8787765164106012,25,30,20
3,1007,0.07053201744600304,0.07986770831841485,5.15859918951804e-05,0.8495486882436878,25,30,20
3,1008,0.05702167943057975,0.07986770945346812,0.024307992322979782,0.8388026187929734,25,30,20
3,1009,0.043162772509970804,0.07988735058231304,0.03815175420227351,0.8387981227054441,25,30,20
3,1010,0.044160282050858396,0.0798437200888709,0.07646611228108206,0.7995298855791892,25,30,20
3,1011,0.04495166902258461,0.08097328315813325,0.07541233010470466,0.7986627177145786,25,30,20
3,1012,0.024257136940764933,0.07990472257754597,0.09467256001540818,0.8011655804662808,25,30,20
3,1013,0.004571582971918674,0.07984953127616472,0.11858179990494384,0.796997085846974,25,30,20
3,1014,0.005715099962097958,0.07989856177819633,0.08040803937563179,0.8339782988840736,25,30,20
3,1015,0.005497627266718058,0.07989440919096176,0.08449862135153846,0.8301093421907818,25,30,20
3,1016,0.0050871141637225115,0.07990189746320814,0.08280624610003372,0.8322047422730351,25,30,20
3,1017,0.004087588105592455,0.07990479534292476,0.07815239719781075,0.8378552193536728,25,30,20
3,1018,0.0031996528059386807,0.07989732814996275,0.07905899801662952,0.8378440210274699,25,30,20
3,1019,0.004493349303421572,0.07989903411684114,0.07681303133308877,0.8387945852466493,25,30,20
3,1020,0.0018116707582277248,0.07989896515399102,0.08602022627017433,0.8322691378176068,25,30,20
3,1021,0.002707780797122999,0.07984418277601536,0.04520957601763996,0.8722384604092227,25,30,20
3,1022,0.0015869431862876064,0.054073285114107215,0.07189284338535161,0.8724469283142545,25,30,20
3,1023,0.0016456422481987262,0.054090898350491176,0.06565301103329836,0.8786104483680117,25,30,20
3,1024,0.032056739819202595,0.07988491393562035,0.009596709099762409,0.8784616371454145,25,30,20
3,1025,0.03714351373249276,0.07989307069032384,0.004361889771528977,0.8786015258056536,25,30,20
3,1026,0.041464489664284565,0.07961541537991176,0.00020764073050843912,0.878712454225295,25,30,20
3,1027,0.04178980216457961,0.07961541429249949,0.0005174594522513623,0.8780773240906702,25,30,20
3,1028,0.04295525672763214,0.07988952571190992,0.0004107522320133951,0.8767444653284444,25,30,20
3,1029,0.039673516309776426,0.07988168075935095,0.0020850808623841957,0.8783597220684872,25,30,20
3,1030,0.042693984965812594,0.07986762511355948,0.0007146071894331955,0.8767237827311954,25,30,20
3,1031,0.008189145514954253,0.07986762773262891,0.036088647850361276,0.8758545789020573,25,30,20
3,1032,0.010514297685875373,0.07810500516754879,0.03558556839940777,0.8757951287471701,25,30,20
3,1033,0.00570813672053475,0.07990625533946831,0.03561584579556705,0.8787697621444311,25,30,20
3,1034,0.003189523416808315,0.07990982907375675,0.039994998999989574,0.8769056485094465,25,30,20
3,1035,0.04138938521434796,0.0794605817842379,0.0004147865863843849,0.878735246415029,25,30,20
3,1036,0.00404170108672829,0.0794882681990437,0.03962123536148613,0.8768487953527425,25,30,20
3,1037,0.0033026426676121827,0.07988800665112741,0.03922602214170641,0.8775833285395539,25,30,20
3,1038,0.0016226440207860332,0.07988209438930137,0.03971911160989468,0.8787761499800191,25,30,20
3,1039,0.002315826231157726,0.07987818639424452,0.039450812138779774,0.8783551752358193,25,30,20
3,1040,0.002380228465527834,0.07986422706610957,0.0389715120743742,0.8787840323939884,25,30,20
3,1041,0.0022742716652026946,0.07984726664920096,0.0399752109681436,0.8779032507174546,25,30,20
3,1042,0.001430446685306847,0.0798984114875842,0.0399328286739167,0.8787383131531934,25,30,20
3,1043,0.0013882254663294723,0.07988249728950311,0.04077949418724722,0.8779497830569202,25,30,20
3,1044,0.01047734560235111,0.07944578188811355,0.03287048722739795,0.8772063852821387,25,30,20
3,1045,0.02487902386910958,0.07986996853473341,0.016955850855663014,0.8782951567404942,25,30,20
3,1046,0.02761789931826559,0.07609064749610782,0.02075523799971019,0.875536215185916,25,30,20
3,1047,0.04004578236319194,0.07606786475212948,0.009293132506339057,0.8745932203783395,25,30,20
3,1048,0.06410475179437163,0.07988608549711383,0.0010701773255090549,0.8549389853830054,25,30,20
3,1049,0.07144255681401528,0.0798864418146425,0.011409651592317938,0.8372613497790237,25,30,20
3,1050,0.07148115009656117,0.07989780018110788,0.010771786019045373,0.8378492637032852,25,30,20
3,1051,0.0039009089598346053,0.07990586034583527,0.07786794365710561,0.8383252870372236,25,30,20
3,1052,0.004703328830061785,0.07990586501122206,0.0782696754676738,0.8371211306910434,25,30,20
3,1053,0.003186637301934015,0.0798814757727775,0.07978328152697879,0.8371486053983094,25,30,20
3,1054,0.04187977899634286,0.07986989842550486,0.04034256701196001,0.8379077555661927,25,30,20
3,1055,0.0449142858757365,0.07986984127649185,0.03820824187014569,0.8370076309776259,25,30,20
3,1056,0.03730227336901825,0.07946207106027678,0.041150993878793146,0.8420846616919121,25,30,20
3,1057,0.07606185132736493,0.0798978927313121,0.005334681419510336,0.8387055745218123,25,30,20
3,1058,0.0803404251810846,0.07983761544763326,0.0013126551498707218,0.8385093042214112,25,30,20
3,1059,0.07153657300974534,0.07987480265335402,0.01185729782484484,0.836731326512056,25,30,20
3,1060,0.05628466151495095,0.07987598413021202,0.027668166009448058,0.8361711883453893,25,30,20
3,1061,0.05553041738582174,0.07989899235894787,0.033876182259797445,0.8306944079954331,25,30,20
3,1062,0.04272474022863805,0.07986145577432346,0.039717180872882916,0.8376966231241557,25,30,20
3,1063,0.04208837058342959,0.07987351655138239,0.040592045609490084,0.8374460672556981,25,30,20
3,1064,0.04228998935192247,0.07988599337907205,0.040101581252420686,0.8377224360165844,25,30,20
3,1065,0.0415806406350429,0.07988563869060512,0.040122382282616526,0.8384113383917358,25,30,20
3,1066,0.04155299828786352,0.0798864109860077,0.00017526585412486843,0.8783853248720047,25,30,20
3,1067,0.04163560275054855,0.07989430341443232,0.00017591365744912664,0.8782941801775688,25,30,20
3,1068,0.041093723748944544,0.07989838981290927,0.0001812026950496395,0.878826683743096,25,30,20
3,1069,0.04217154329902115,0.07989748464065342,0.00047648220129434753,0.8774544898590299,25,30,20
3,1070,0.04106860632498486,0.07989818832891664,0.000564792859926764,0.8784684124861709,25,30,20
3,1071,0.04029488331431439,0.0799098356331487,0.000993608941734875,0.8788016721108023,25,30,20
3,1072,0.04036036082084522,0.07985114036757361,0.0009905663697251973,0.8787979324418559,25,30,20
3,1073,0.04148036111272508,0.07983089153085576,0.00018937608777845792,0.8784993712686402,25,30,20
3,1074,0.04099745635173277,0.07983089163729416,0.0005455945635916161,0.8786260574473809,25,30,20
3,1075,0.04467823420595644,0.07978127126419708,0.00027215913939234175,0.8752683353904547,25,30,20
3,1076,0.04204732450197502,0.040996020657922704,0.03925571636161327,0.8777009384784913,25,30,20
3,1077,0.04105567181824834,0.03991134703314764,0.0005609586517961286,0.9184720224968085,25,30,20
3,1078,0.04288357633209256,0.03991134703549161,0.0002687964112690699,0.9169362802211463,25,30,20
3,1079,0.04292584734997958,0.03995497937613019,0.0006568492289586374,0.9164623240449313,25,30,20
3,1080,0.04136367221957384,0.038716997558220105,0.001775699663232874,0.9181436305589733,25,30,20
3,1081,0.0413636921379902,0.03995065086777508,0.00016062504911975784,0.918525031945115,25,30,20
3,1082,0.0071238140626746615,0.03994281682849947,0.03648492171488685,0.9164484473939382,25,30,20
3,1083,0.006827958722304936,0.03994322088864848,0.03648897154815425,0.9167398488408923,25,30,20
3,1084,0.005903398863219499,0.0399268904451116,0.036478826439125964,0.9176908842525435,25,30,20
3,1085,0.00502220969650218,0.039954137689195826,0.03647419130146995,0.918549461312832,25,30,20
3,1086,0.004891743892824328,0.039955189877886904,0.0364811645563533,0.9186719016729364,25,30,20
3,1087,0.005265292047122435,0.03992675024964098,0.03648018704317041,0.9183277706600663,25,30,20
3,1088,0.00446790317332725,0.03994306653865128,0.03793777860349979,0.9176512516845211,25,30,20
3,1089,0.012086891442922063,0.039943066499644714,0.02968468474625189,0.9182853573111811,25,30,20
3,1090,0.02276891303923997,0.03993827404495884,0.01852841561980552,0.918764397295995,25,30,20
3,1091,0.03810001106889789,0.039943147908733316,0.0036335527469706004,0.9183232882753978,25,30,20
3,1092,0.04236705064237259,0.03994271482668411,0.00017137321588967493,0.9175188613150534,25,30,20
3,1093,0.04161329348673879,0.039942715013743094,0.00010355906906061485,0.9183404324304576,25,30,20
3,1094,0.04183492652931805,0.039942714420484186,0.0001002539793555814,0.9181221050708417,25,30,20
3,1095,0.025358164009949308,0.039942714517568666,0.01597094918576247,0.9187281722867192,25,30,20
3,1096,0.00569612702603361,0.03994271951728863,0.031742780958037384,0.9226183724986409,25,30,20
3,1097,0.007071988303163352,0.039926768439670156,0.031747967831588536,0.9212532754255784,25,30,20
3,1098,0.0054168794268216695,0.039954922327295715,0.031746322419900976,0.9228818758259811,25,30,20
3,1099,0.005528683006837577,0.03932457474865483,0.03236135369600361,0.922785388548504,25,30,20
3,1100,0.04241383658688762,0.039943201992492,0.000499090724911627,0.9171438706957076,25,30,20
3,1101,0.045092250210032166,0.03994320198958321,1.9674441493532893e-05,0.9149448733588911,25,30,20
3,1102,0.045098135563925175,0.03933390618036341,0.0006305041885280685,0.9149374540671847,25,30,20
3,1103,0.04216509281704445,0.039943210921566774,2.1350516150214133e-05,0.9178703457452396,25,30,20
3,1104,0.04187985542049713,0.03985689636018978,0.00483305092422384,0.9134301972950897,25,30,20
3,1105,0.007242265413137137,0.039955195714975966,0.034903014720859174,0.9178995241510293,25,30,20
3,1106,0.006352932531442543,0.039955195706161725,0.034895637733798834,0.9187962340285981,25,30,20
3,1107,0.037673460782802905,0.03995492259805262,0.003616751718334968,0.9187548649008095,25,30,20
3,1108,0.041310180569744,0.03995493107342302,0.0011922288803290475,0.9175426594765035,25,30,20
3,1109,0.040408310512050585,0.038682149893922754,0.03734502608902028,0.8835645135050055,25,30,20
3,1110,0.041706410505099274,0.03993520594910897,0.03567965213815353,0.8826787314076383,25,30,20
3,1111,0.04284225940730924,0.03994306916114851,0.03632416548094509,0.8808905059505966,25,30,20
3,1112,0.04059924080991556,0.03995499256312655,0.0410813899822418,0.8783643766447176,25,30,20
3,1113,0.01710979970377733,0.03992374333654947,0.07427309826748335,0.8686933586921906,25,30,20
3,1114,0.007076390088995873,0.03994307325417913,0.07418092387678614,0.8787996127800392,25,30,20
3,1115,0.002865825006207434,0.0399430162170831,0.08399432296031381,0.8731968358163953,25,30,20
3,1116,0.038090886411771566,0.03994367929144278,0.044925123953855645,0.8770403103429311,25,30,20
3,1117,0.03706544705120898,0.03995465748328409,0.04536803255779441,0.8776118629077126,25,30,20
3,1118,0.03684207181920211,0.039954657486008315,0.045365590321642876,0.8778376803731471,25,30,20
3,1119,0.042403593161848406,0.03994259086177622,0.04572640119631485,0.8719274147800613,25,30,20
3,1120,0.04234107759489631,0.039942873674516786,0.005832807928660212,0.9118832408019268,25,30,20
3,1121,0.041410922628722605,0.03994287364312074,0.0004303926312141469,0.9182158110969418,25,30,20
3,1122,0.04051771699836793,0.03994287366859297,0.0008953822533605441,0.9186440270796794,25,30,20
3,1123,0.041063856365120305,0.03994289406125076,0.00031885728171963755,0.9186743922919094,25,30,20
3,1124,0.04107351927555416,0.03994321509227045,0.00021431930912247627,0.9187689463230533,25,30,20
3,1125,0.04052188071439516,0.03995433501405587,0.0009618672021918766,0.9185619170693576,25,30,20
3,1126,0.040473719771262406,0.039943014603122134,0.0009568426641975596,0.9186264229614189,25,30,20
3,1127,0.031177584848240295,0.039943027277191706,0.008428592023060366,0.9204507958515096,25,30,20
3,1128,0.0346618728592505,0.03994335903030688,0.006855884581771812,0.9185388835286701,25,30,20
3,1129,0.03551326749270138,0.039951344380533264,0.012990872015785748,0.9115445161109803,25,30,20
3,1130,0.03297467057545237,0.038706627891484276,0.01599488008215861,0.9123238214509041,25,30,20
3,1131,0.03489145130429,0.03870662792508865,0.009673103027479897,0.9167288177431411,25,30,20
3,1132,0.035302820581020876,0.038706627915285036,0.009755824893128621,0.9162347266105659,25,30,20
3,1133,0.035348097270687745,0.039932810831260046,0.007882626753183311,0.916836465144869,25,30,20
3,1134,0.04300116163083668,0.039932049044084254,0.00027740964321476135,0.9167893796818649,25,30,20
3,1135,0.04169817511947065,0.03994321972357956,0.00016907707614767164,0.9181895280808018,25,30,20
3,1136,0.04144017410054533,0.039934320640343676,2.084639274282438e-05,0.9186046588663684,25,30,20
3,1137,0.002478959951776676,0.03993432069356131,0.03983266850141948,0.9177540508532447,25,30,20
3,1138,0.0023033808964713505,0.03992209738083664,0.03826527984189292,0.9195092418807996,25,30,20
3,1139,0.0014204353894713207,0.03994719291255558,0.03827324893927981,0.9203591227586928,25,30,20
3,1140,0.0014644932803320016,0.03994719290469201,0.03826842757272799,0.9203198862422483,25,30,20
3,1141,0.0016472921887203248,0.038844255987558834,0.039225518279727666,0.9202829335439922,25,30,20
3,1142,0.003242746417766648,0.03995497202254176,0.04280554028129133,0.9139967412784006,25,30,20
3,1143,0.001407478208994048,0.03995455391904272,0.004528154972313741,0.9541098128996499,25,30,20
3,1144,0.001371486643439085,0.03995455391866764,0.00452618193420835,0.9541477775036847,25,30,20
3,1145,0.004225641172211113,0.0399432582413977,0.004616377043901206,0.9512147235424894,25,30,20
3,1146,0.002317031032502661,0.03994321837865371,9.357233220633776e-05,0.9576461782566369,25,30,20
3,1147,0.0032474525911816233,0.03994321840010394,9.930641995518379e-05,0.956710022588759,25,30,20
3,1148,0.0012667618855448726,0.039954988038798364,9.497215664527304e-06,0.9587687528599933,25,30,20
3,1149,0.003636800405388993,0.03818791118940304,0.001989960864292701,0.9561853275409155,25,30,20
3,1150,0.0013162411000074324,0.039954971400482694,9.22280777317496e-06,0.9587195646917374,25,30,20
3,1151,0.0017281925785461796,0.03995497140475921,0.00018745271103597644,0.9581293833056577,25,30,20
3,1152,0.001872688235174187,0.039954977538215225,0.00019164693366333606,0.9579806872929473,25,30,20
3,1153,0.0013463305353307615,0.03994321475438255,0.00031332971985974413,0.9583971249904266,25,30,20
3,1154,0.0014307975418600164,0.03992730051260073,0.0001342091581213259,0.9585076927874177,25,30,20
3,1155,0.0015936987394973982,0.021846927711517913,0.018375495774014938,0.9581838777749695,25,30,20
3,1156,0.0012827731215162071,0.03994725329660533,0.008433331625628274,0.9503366419562503,25,30,20
3,1157,0.0025738014716279534,0.03994307554262943,0.008442515146035367,0.9490406078397065,25,30,20
3,1158,0.0025719614653378887,0.03994253877626912,0.014234200793610582,0.9432512989647829,25,30,20
3,1159,0.0013572385039291362,0.03994253875281191,0.00818135341231897,0.9505188693309394,25,30,20
3,1160,0.0013654468919169606,0.021552316286554393,0.02657288926574237,0.9505093475557864,25,30,20
3,1161,0.0016828695610229417,0.03991133329061005,0.008175559530794161,0.9502302376175729,25,30,20
3,1162,0.0014281460466855364,0.03991133327294195,0.00854222623722532,0.9501182944431474,25,30,20
3,1163,0.004223598807272125,0.03994666668836957,0.008557602995228192,0.9472721315091306,25,30,20
3,1164,0.004377959273063936,0.039946666677725756,1.5732010879830116e-05,0.9556596420383298,25,30,20
3,1165,0.0025204337764055894,0.039954425534327966,1.3424322256036081e-05,0.9575117163670099,25,30,20
3,1166,0.0025232524048695937,0.039954981508087385,5.271510334296708e-06,0.9575164945767086,25,30,20
3,1167,0.0012726962014334637,0.03995126066287485,0.000376373908181059,0.9583996692275093,25,30,20
3,1168,0.00234269078584173,0.03995520053244415,0.0006434528757135445,0.9570586558060001,25,30,20
3,1169,0.003249439104027597,0.03995520054563777,1.1672697139922488e-05,0.9567836876531942,25,30,20
3,1170,0.0022568502221845333,0.03994241718562626,0.0003846467558102909,0.9574160858363797,25,30,20
3,1171,0.004403194779135153,0.03994319888498757,3.718479453744209e-05,0.9556164215413401,25,30,20
3,1172,0.002608926835152148,0.0399543127346168,0.00010142043715333256,0.9573353399930771,25,30,20
3,1173,0.001426510286418695,0.03994272783827448,2.662153493717891e-06,0.958628099721813,25,30,20
3,1174,0.0014039792788293629,0.0399427184023128,2.2787808432263214e-06,0.9586510235380143,25,30,20
3,1175,0.0024227091281661126,0.03994293842059566,0.00014075689548090643,0.9574935955557567,25,30,20
3,1176,0.04118231178776053,0.03994293841035228,0.0002525960010032552,0.918622153800883,25,30,20
3,1177,0.04018305486137983,0.03995389709064874,0.0011771457080641463,0.9186859023399069,25,30,20
3,1178,0.03773048206488932,0.039943466930616324,0.0035575791360162035,0.9187684718684781,25,30,20
3,1179,0.04121400442701709,0.039943462910519145,1.9295677944631888e-05,0.9188232369845198,25,30,20
3,1180,0.04212861790606539,0.03995519810249651,7.308375429161765e-06,0.917908875616011,25,30,20
3,1181,0.02134304186393586,0.03995494246598062,0.032236201729636316,0.9064658139404487,25,30,20
3,1182,0.02018557160184117,0.03994268842480519,0.02119714959924055,0.9186745903741125,25,30,20
3,1183,0.04206468854457397,0.039010303383217176,0.0004553300254049769,0.918469678046803,25,30,20
3,1184,0.0032840855297713877,0.03994307175479554,0.03842488535165821,0.9183479573637747,25,30,20
3,1185,0.0013239437738052876,0.03994307153788594,0.04008254389710815,0.9186504407912001,25,30,20
3,1186,0.002082645250886314,0.03994317310240543,0.03943356021660507,0.9185406214301023,25,30,20
3,1187,0.0029675002316969074,0.0399429530635591,0.038288212150021934,0.9188013345547228,25,30,20
3,1188,0.0033649679950113888,0.03871382812778927,0.026909433734100947,0.9310117701430991,25,30,20
3,1189,0.0016708504463003328,0.03871382809547664,0.0012553302687480772,0.958359991189476,25,30,20
3,1190,0.0014346588650325535,0.039943006554467385,0.0045297965589848445,0.9540925380215163,25,30,20
3,1191,0.0014683045336027162,0.039943222226707265,0.004519301705109219,0.9540691715345797,25,30,20
3,1192,0.006681173203349436,0.03995485003485442,0.004528901667398013,0.9488350750943984,25,30,20
3,1193,0.003174678867420418,0.03933330426716509,0.005134945908893711,0.9523570709565208,25,30,20
3,1194,0.002595440533397348,0.039954707055935804,0.009429659201385398,0.9480201932092801,25,30,20
3,1195,0.0035290355294610746,0.039954707101069735,0.004660122941321022,0.9518561344281464,25,30,20
3,1196,0.0016795162449783478,0.039954707067408314,0.004747117125686019,0.953618659561926,25,30,20
3,1197,0.0015919697407833686,0.03995470706555486,5.36228444613241e-06,0.9584479609092145,25,30,20
3,1198,0.0016603827367149262,0.03992728137470584,9.627713390300165e-06,0.9584027081751886,25,30,20
3,1199,0.0016848880285647327,0.0399546728933418,0.00010262489711895014,0.9582578141809742,25,30,20
3,1200,0.002205305903158568,0.03995467291829454,2.6649182568250748e-05,0.9578133719959777,25,30,20
3,1201,0.0032247830066288842,0.03995467289048696,1.4874303945900395e-05,0.9568056697989387,25,30,20
3,1202,0.0041945626233524345,0.039901846296233466,2.6537970671500653e-05,0.9558770531097425,25,30,20
3,1203,0.004839908306666672,0.03990184628227873,1.6793918560064186e-05,0.9552414514924955,25,30,20
3,1204,0.0012947385827362038,0.039954138806795485,2.6216166089093434e-06,0.9587485009938606,25,30,20
3,1205,0.0013501849521902142,0.039954138806792695,1.2111563042710527e-05,0.958683564677973,25,30,20
3,1206,0.001459171180254936,0.039951249478971794,1.3740137351925536e-05,0.9585758392034198,25,30,20
3,1207,0.001436884303441851,0.039943216220210416,0.00010809261147393836,0.9585118068648736,25,30,20
3,1208,0.0013211133646983974,0.03994321621685349,0.004751004913785816,0.9539846655046614,25,30,20
3,1209,0.0013266049263337154,0.03994300684918571,8.693053941832839e-06,0.9587216951705392,25,30,20
3,1210,0.0013959892768269993,0.039943006848763084,1.4722137331095777e-05,0.9586462817370794,25,30,20
3,1211,0.0013919833760476174,0.03994299890998102,8.661413578646984e-06,0.9586563563003934,25,30,20
3,1212,0.001407743558646521,0.039942998916842165,1.380853572530038e-05,0.9586354489887863,25,30,20
3,1213,0.001401266215353086,0.039943028837586374,0.004517361220033811,0.9541383437270262,25,30,20
3,1214,0.0013551116810932575,0.03994302882997951,0.0003749204963238799,0.9583269389926037,25,30,20
3,1215,0.0015840397315598908,0.03995497608017338,3.0097445311779998e-06,0.9584579744437361,25,30,20
3,1216,0.0015262617677276565,0.03995497607915374,0.00011250894051507073,0.9584062532126025,25,30,20
3,1217,0.0021619745943049274,0.03994321844012006,0.00010442330896585267,0.9577903836566085,25,30,20
3,1218,0.0020317504247783333,0.03995452949990784,5.848451440524887e-06,0.9580078716238722,25,30,20
3,1219,0.004461696382380755,0.039954529516240525,0.004677901397040629,0.9509058727043374,25,30,20
3,1220,0.002958928798646314,0.03995452952359182,9.736390084248569e-05,0.9569891777769187,25,30,20
3,1221,0.002052952993653308,0.039954529493020384,3.865087691989294e-06,0.9579886524256344,25,30,20
3,1222,0.0023102107797518152,0.039927256513539656,1.885442307292619e-05,0.9577436782836358,25,30,20
3,1223,0.001347734033902979,0.03992725650467799,9.088924720944539e-06,0.9587159205366986,25,30,20
3,1224,0.002370939592246508,0.039943078722048476,0.00010653963502357893,0.9575794420506822,25,30,20
3,1225,0.001926276681812763,0.03994307871001587,0.00010191740572483499,0.9580287272024453,25,30,20
3,1226,0.0013909037628412992,0.03994307871383021,9.91946479337998e-05,0.9585668228753945,25,30,20
3,1227,0.002493637745779169,0.039507070706858605,0.0006616775451915769,0.9573376140021698,25,30,20
3,1228,0.0020137883142575617,0.03995498850943997,0.006247714942202045,0.9517835082341007,25,30,20
3,1229,0.0017009297001633734,0.03992731490730315,3.7359332253783178e-06,0.9583680194593082,25,30,20
3,1230,0.002315143817688747,0.03994299392580665,0.00013909379004710526,0.9576027684664574,25,30,20
3,1231,0.0014856966968584,0.03994299391543989,2.311838771104375e-06,0.9585689975489308,25,30,20
3,1232,0.0014274350098828347,0.024471324994988226,0.015511432858244753,0.9585898071368842,25,30,20
3,1233,0.0023727229283149695,0.0399548524666798,3.2593811679678762e-06,0.9576691652238375,25,30,20
3,1234,0.0016209120629165877,0.03995485249487903,1.0476328309050952e-05,0.9584137591138954,25,30,20
3,1235,0.0013957831849502364,0.03995497850408495,0.0001014424558033244,0.9585477958551614,25,30,20
3,1236,0.0016618824024508439,0.03972354921092438,1.8740062629930356e-05,0.9585958283239957,25,30,20
3,1237,0.0014421938213942736,0.03992703112513491,1.2019976284289876e-05,0.9586187550771874,25,30,20
3,1238,0.0016771462299833518,0.039927031129153925,7.97335911901709e-06,0.9583878492817441,25,30,20
3,1239,0.003200205734947248,0.039940409109773964,0.012501791344386197,0.9443575938108935,25,30,20
3,1240,0.0034304195136156406,0.0399425933566344,0.012492250753116463,0.9441347363766326,25,30,20
3,1241,0.0014979333492832394,0.03994250164278177,0.0062454252937250935,0.9523141397142098,25,30,20
3,1242,0.0013956295949775752,0.03995489910426394,0.006243284141033744,0.9524061871597255,25,30,20
3,1243,0.0016388873496981757,0.03992645799762898,0.00013978970233056035,0.9582948649503442,25,30,20
3,1244,0.0017400278811527004,0.039915855921101945,0.00014918409383965806,0.9581949321039073,25,30,20
3,1245,0.0018838253104799002,0.03989530950875883,3.485791570242789e-05,0.9581860072650593,25,30,20
3,1246,0.03059679940467803,0.014681224819849785,0.02527402539119573,0.9294479503842781,25,30,20
3,1247,0.043070855801642216,0.014681224827935895,0.039218746474897086,0.9030291728955245,25,30,20
3,1248,0.04128189449498986,0.03995463564429238,0.014090368193525977,0.9046731016671914,25,30,20
3,1249,0.04093820658244364,0.03992025685956002,0.0005286823565016697,0.9186128542014953,25,30,20
3,1250,0.041216179030025994,0.039920255946088896,0.00024391984246555573,0.9186196451814197,25,30,20
3,1251,0.04315922347273023,0.039920256127330654,0.0013605093667117382,0.9155600110332281,25,30,20
3,1252,0.04386664160292031,0.03992025627207418,0.00010783199180470212,0.9161052701332005,25,30,20
3,1253,0.04171206102031462,0.039943004864415294,0.00046242905428817366,0.9178825050609812,25,30,20
3,1254,0.0427252994431457,0.03995443757294166,0.0008082512281480416,0.916512011755764,25,30,20
3,1255,0.04210819515023226,0.02120586255345688,0.018876719726911288,0.9178092225693981,25,30,20
3,1256,0.04127920228935229,0.02120586257408955,0.01896359659305949,0.9185513385434991,25,30,20
3,1257,0.0412986308748807,0.03992367856113846,0.0002231822706587741,0.9185545082933207,25,30,20
3,1258,0.04144658574124925,0.03994322333880154,9.998914180783569e-05,0.9185102017781408,25,30,20
3,1259,0.04214643711776597,0.039947188980384345,0.00029369722283766866,0.917612676679012,25,30,20
3,1260,0.043039103654866386,0.03994321449081813,0.00022622236759029996,0.9167914594867247,25,30,20
3,1261,0.04131988053116232,0.03994321446878163,0.00021180891697676285,0.9185250960830786,25,30,20
3,1262,0.041828946902807,0.03995444086167426,0.0002081358082557558,0.9180084764272629,25,30,20
3,1263,0.040559411233497863,0.03995444748916067,0.0009499138152504219,0.9185362274620901,25,30,20
3,1264,0.03246625115853593,0.0399542430312885,0.010117402499507246,0.9174621033106672,25,30,20
3,1265,0.04282999059844284,0.03995519838591691,0.000379134632359562,0.9168356763832812,25,30,20
3,1266,0.02459403017698415,0.039928067915244524,0.017223914258577562,0.918253987649194,25,30,20
3,1267,0.026414899967267064,0.03994270357911545,0.016852978903357893,0.9167894175502592,25,30,20
3,1268,0.026295770381804445,0.039905045209810724,0.016872533068529275,0.9169266513398553,25,30,20
3,1269,0.028725928090036962,0.03994851126251467,0.01137821909187855,0.9199473415555691,25,30,20
3,1270,0.0024487795395701593,0.03991077866816117,0.039852959172267964,0.9177874826200006,25,30,20
3,1271,0.042356919373375934,0.0399432025514195,0.00047886758082920413,0.9172210104943745,25,30,20
3,1272,0.042177224788539885,0.039954988595599435,0.00016470413434932426,0.9177030824815104,25,30,20
3,1273,0.04207433012403878,0.03995498860268637,0.00015570938390824728,0.9178149718893667,25,30,20
3,1274,0.04302055626285951,0.039954988613376374,0.006218983834281105,0.9108054712894826,25,30,20
3,1275,0.04128948449156827,0.03995498800736581,0.00013656404191831486,0.918618963459148,25,30,20
3,1276,0.0419874321797384,0.03934510286268591,0.0009664243327641,0.9177010406248097,25,30,20
3,1277,0.02364896063120647,0.0393451091367783,0.018296749832395817,0.9187091803996175,25,30,20
3,1278,0.027802033805419363,0.03992686432610161,0.017694811649985674,0.9145762902184924,25,30,20
3,1279,0.027651654640145063,0.03994301550439202,0.017692575518365367,0.9147127543370966,25,30,20
3,1280,0.02665548336646325,0.03994301549745383,0.017691778699809778,0.9157097224362728,25,30,20
3,1281,0.0031299449300674254,0.03994945624817954,0.039911101477610324,0.9170094973441433,25,30,20
3,1282,0.0018209884444067629,0.039940474227397035,0.03982479700598061,0.9184137403222148,25,30,20
3,1283,0.002731003698878155,0.03994153795358872,0.039827122474368544,0.9175003358731644,25,30,20
3,1284,0.00917984768429934,0.0399549705171824,0.03357520718493026,0.9172899746135879,25,30,20
3,1285,0.0027985197049323345,0.03996892190569018,0.04004198076446544,0.9171905776249113,25,30,20
3,1286,0.0016477758679667442,0.03994041085038002,0.00015962573200769016,0.9582521875496449,25,30,20
3,1287,0.0013973684639367564,0.03994041084202935,0.00014413970683045248,0.9585180809872021,25,30,20
3,1288,0.001331500726539673,0.03994041083208037,0.0004870094492405419,0.9582410789921397,25,30,20
3,1289,0.0014166481398560505,0.03994041082995487,0.00047221086319174034,0.9581707301669983,25,30,20
3,1290,0.0023938832910180142,0.039940410856849275,0.0002053489203504441,0.9574603569317829,25,30,20
3,1291,0.002292481206676577,0.03994711707261821,0.00022503274394278916,0.9575353689767613,25,30,20
3,1292,0.02613188989221446,0.03992354998915624,6.063952321544047e-05,0.9338839205954129,25,30,20
3,1293,0.04577006624121824,0.03901720462812431,0.0013676441018078116,0.9138450850288489,25,30,20
3,1294,0.04448496747405605,0.03994209006037898,0.0006817171140823462,0.9148912253514826,25,30,20
3,1295,0.037955982168744504,0.03994320865083013,0.003565187201545387,0.9185356219788801,25,30,20
3,1296,0.038102454449287754,0.03994320866404569,0.0033063875325317926,0.9186479493541335,25,30,20
3,1297,0.04123016921714683,0.039942815584918724,6.525663562730558e-05,0.918761758562306,25,30,20
3,1298,0.04129691786199629,0.03995491318057707,1.4548355232660126e-05,0.9187336206021942,25,30,20
3,1299,0.0019053474314197332,0.03999884021100531,0.03965986733149298,0.9184359450260827,25,30,20
3,1300,0.02576060568478237,0.039942519779891265,0.016798186607312526,0.9174986879280153,25,30,20
3,1301,0.02538303925611542,0.03994251976308455,0.016791053117296936,0.9178833878635018,25,30,20
3,1302,0.04198667956572654,0.0399429819923513,0.001234199568454499,0.9168361388734667,25,30,20
3,1303,0.04098347969269102,0.0399429736867025,0.0003916845907371385,0.9186818620298692,25,30,20
3,1304,0.041462037403020825,0.03995495557734287,0.0005410826660778383,0.9180419243535577,25,30,20
3,1305,0.04093591347444562,0.03995495556212233,0.0004126106349120096,0.9186965203285195,25,30,20
3,1306,0.04100736728159592,0.03995072362483762,0.0004224141573251104,0.9186194949362411,25,30,20
3,1307,0.041513565063038646,0.03995468176543711,0.0005135187431694621,0.9180182344283547,25,30,20
3,1308,0.04097708185811922,0.03995468884249378,0.00042173478966619793,0.9186464945097208,25,30,20
3,1309,0.0403010970410481,0.03995457340900419,0.0010197851425279925,0.9187245444074199,25,30,20
3,1310,0.041211479772942664,0.039954573358138526,0.0003440038016602329,0.9184899430672584,25,30,20
3,1311,0.04129088401570295,0.03995457335041337,0.0004360161558282376,0.9183185264780555,25,30,20
3,1312,0.04379719360895152,0.03994252192737771,0.0019858147005062847,0.9142744697631643,25,30,20
3,1313,0.045222431967574285,0.03993215626414906,0.0005089463636404963,0.9143364654046371,25,30,20
3,1314,0.041400083832867196,0.0399349156097613,0.0010275315130288244,0.9176374690443424,25,30,20
3,1315,0.04133549422506182,0.03995498754224927,0.0001761927867358846,0.9185333254459525,25,30,20
3,1316,0.0023112413494851985,0.039954980025478475,0.04005115596900868,0.9176826226560254,25,30,20
3,1317,0.042823754675705386,0.03995499374144577,0.00064263914924497,0.9165786124336042,25,30,20
3,1318,0.042518857678565905,0.03992354222979572,0.0007622140049713507,0.916795386086667,25,30,20
3,1319,0.04331086336428326,0.0399235287472029,0.03674960773521928,0.8800160001532951,25,30,20
3,1320,0.04372079978278686,0.03992364048328549,0.038199501651252896,0.8781560580826757,25,30,20
3,1321,0.04002349161373064,0.03992352857232334,0.050543202476107954,0.8695097773378382,25,30,20
3,1322,0.0438939426853734,0.03992017279198975,0.0403661481880123,0.8758197363346253,25,30,20
3,1323,0.017189925944715596,0.03992059810118635,0.06449750431995117,0.8783919716341474,25,30,20
3,1324,0.01733353786160487,0.039942877720334245,0.06407219660675482,0.8786513878113057,25,30,20
3,1325,0.017171685778456888,0.039942877708662394,0.06416566598572544,0.8787197705271553,25,30,20
3,1326,0.01715896876815794,0.03994287776443447,0.0642102775669884,0.8786878759004186,25,30,20
3,1327,0.0028783846585400934,0.03995505077758874,0.08468527594740886,0.8724812886164658,25,30,20
3,1328,0.004063380908800932,0.039955050787548636,0.07847719607538245,0.8775043722282675,25,30,20
3,1329,0.005540123308589607,0.039955050806118136,0.0776102144363571,0.8768946114489363,25,30,20
3,1330,0.031241409679255767,0.03994321208669375,0.05094344203571567,0.8778719361983357,25,30,20
3,1331,0.0429600941446844,0.039926871646559975,0.040454304741708906,0.8766587294670483,25,30,20
3,1332,0.041289861083437414,0.03992687162876849,0.04042370974321254,0.8783595575445815,25,30,20
3,1333,0.04743118406402255,0.03994321382708395,0.0399904830715594,0.8726351190373343,25,30,20
3,1334,0.04181090582053933,0.03994321446461033,0.04018033661763616,0.8780655430972141,25,30,20
3,1335,0.04162325417607739,0.039910959648301915,0.03655720490383402,0.881908581271787,25,30,20
3,1336,0.005339287193033355,0.039955057479879146,0.07616280490222503,0.8785428504248632,25,30,20
3,1337,0.004559598708193291,0.03993900922367169,0.0788744821061298,0.8766269099620039,25,30,20
3,1338,0.038038347492342514,0.03991133160361613,0.04293666978707721,0.8791136511169643,25,30,20
3,1339,0.038195544733466404,0.03994253814627577,0.042930575748940505,0.8789313413713178,25,30,20
3,1340,0.016106829082390074,0.03994266373910602,0.06524973900769343,0.8787007681708107,25,30,20
3,1341,0.0031731325829541823,0.039942539749051764,0.0789297854455077,0.8779545422224873,25,30,20
3,1342,0.07429519757908819,0.03995523932916602,0.00782942536345132,0.8779201377282955,25,30,20
3,1343,0.03936035541267596,0.03999959891813876,0.042938038748980424,0.8777020069202064,25,30,20
3,1344,0.034082085568673405,0.03992733543041279,0.04757002694203969,0.8784205520588751,25,30,20
3,1345,0.0016922345782340584,0.039927371783812726,0.0795699593327874,0.8788104343051657,25,30,20
3,1346,0.001583631277239168,0.038708724053777024,0.08083623504910749,0.8788714096198782,25,30,20
3,1347,0.004839394763381624,0.07984435788340528,0.03673361515401478,0.8785826321991993,25,30,20
3,1348,0.04135481388861163,0.07984435755765339,6.061499192972187e-05,0.8787402135618058,25,30,20
3,1349,0.0414456530569939,0.07984435756669937,6.134003135483361e-05,0.8786486493449523,25,30,20
3,1350,0.04659707133091717,0.07812296155754862,5.445700220058542e-05,0.8752255101093347,25,30,20
3,1351,0.04151602786174831,0.07989751824585664,4.1636155574029414e-05,0.8785448177368214,25,30,20
3,1352,0.041785022599379246,0.07946053710063077,0.0007226523820899188,0.8780317879179012,25,30,20
3,1353,0.04167954938336945,0.07930906612713662,0.0007583369239886928,0.8782530475655044,25,30,20
3,1354,0.042648613858626706,0.07987550079471417,0.041590189252385557,0.8358856960942744,25,30,20
3,1355,0.001824282208480456,0.07983906397956514,0.07487244370377179,0.8434642101081831,25,30,20
3,1356,0.0023947791949458564,0.07988586410041976,0.07974548628772818,0.8379738704169061,25,30,20
3,1357,0.008531538265642145,0.07985805821942477,0.07282784210089475,0.8387825614140381,25,30,20
3,1358,0.002667234503115473,0.07988765129839795,0.07882286946150041,0.8386222447369868,25,30,20
3,1359,0.0026957751519220037,0.07989762650154843,0.04708511020319303,0.8703214881433367,25,30,20
3,1360,0.0032683345221948324,0.07989759040740316,0.039147125069927735,0.8776869500004751,25,30,20
3,1361,0.041261286174245654,0.0798975903897743,1.174705683951383e-05,0.8788293763791407,25,30,20
3,1362,0.041514998173235756,0.07989731306242165,1.5806342066979506e-05,0.8785718824222762,25,30,20
3,1363,0.042016917532000056,0.07989730724598605,0.006464161534041831,0.8716216136879728,25,30,20
3,1364,0.041541382163964136,0.07990584900429566,0.00011852751985863632,0.8784342413118806,25,30,20
3,1365,0.04195389046008447,0.07989700912383672,0.00012252764529505132,0.8780265727707836,25,30,20
3,1366,0.04158456019885807,0.07990946676363607,3.531885594317682e-05,0.8784706541815624,25,30,20
3,1367,0.041819449599548586,0.06089482847198317,0.018758984999509443,0.8785267369289589,25,30,20
3,1368,0.04149188962074893,0.07989785713216344,0.0002696354577110348,0.8783406177893762,25,30,20
3,1369,0.041500902979508085,0.07990962899278588,0.0002698582168932485,0.8783196098108145,25,30,20
3,1370,0.04159403699569639,0.07988614327787782,0.0003672879961926669,0.8781525317302331,25,30,20
3,1371,0.042729257187867964,0.0798854228734351,0.0061775163749699345,0.8712078035637263,25,30,20
3,1372,0.003091584426967962,0.07928740107835214,0.03919210933275069,0.8784289051619284,25,30,20
3,1373,0.0022050396189430914,0.0797969198679856,0.039937245558877545,0.8780607949541946,25,30,20
3,1374,0.01052226435264617,0.07988933866438376,0.03371689861748377,0.875871498365486,25,30,20
3,1375,0.011808983019210921,0.07988938363780956,0.03149211619195964,0.8768095171510204,25,30,20
3,1376,0.010304360277238354,0.07988938362187259,0.031488189115511885,0.878318066985377,25,30,20
3,1377,0.009551171822146808,0.07988507015528044,0.0314885893612154,0.8790751686613563,25,30,20
3,1378,0.02801961034633866,0.07988567470739481,0.013271123893564002,0.8788235910527017,25,30,20
3,1379,0.028079818448133283,0.07988567471103579,0.013363885490468195,0.8786706213503617,25,30,20
3,1380,0.041302422844127086,0.07989758537958004,0.00013402424607732342,0.8786659675302154,25,30,20
3,1381,0.04129923139847178,0.06446448105605557,0.015439752569142777,0.8787965349763296,25,30,20
3,1382,0.04251365756442182,0.06446448107956221,0.015448001491455922,0.87757385986456,25,30,20
3,1383,0.044597235487787004,0.07990968510216559,2.7931769908143357e-05,0.8754651476401395,25,30,20
3,1384,0.04130936030663783,0.07989776046065257,1.3632339866074055e-05,0.8787792468928441,25,30,20
3,1385,0.04287780783056787,0.07989326397934522,0.0010712488155253629,0.8761576793745612,25,30,20
3,1386,0.041142647023431,0.07988592553810922,0.0004111548318607442,0.878560272606599,25,30,20
3,1387,0.04175159666709449,0.07941151349215092,0.000378639201008474,0.8784582506397463,25,30,20
3,1388,0.041795729770502825,0.07989840332423395,8.695307395449322e-06,0.8782971715978678,25,30,20
3,1389,0.03541909198867355,0.07983711689280049,0.015097544761181747,0.8696462463573442,25,30,20
3,1390,0.03537171847863122,0.07945326752585397,0.007381722841967143,0.8777932911535483,25,30,20
3,1391,0.03444472376155059,0.0794371646491679,0.007372682028957216,0.8787454295603244,25,30,20
3,1392,0.04096818436179719,0.07987818310799794,0.00031778776413687225,0.8788358447660669,25,30,20
3,1393,0.04186241119362996,0.07990592217209637,0.0003263695560282592,0.8779052970782463,25,30,20
3,1394,0.04311900327291716,0.07989777347537785,0.0001533799199747908,0.876829843331731,25,30,20
3,1395,0.005285279402546632,0.07819364991921451,0.03884993572929636,0.8776711349489432,25,30,20
3,1396,0.005212392485120887,0.07818964905193909,0.04158641037227323,0.8750115480906683,25,30,20
3,1397,0.007200575848212447,0.07987683329092113,0.004531448663667955,0.9083911421971984,25,30,20
3,1398,0.0023088826757817964,0.07986640761835337,3.9697827578876795e-05,0.917785011878287,25,30,20
3,1399,0.002111694276250231,0.07862933034419732,0.0012791683463795086,0.917979807033173,25,30,20
3,1400,0.0014440582031772886,0.07943481103129772,0.00509825721825767,0.9140228735472669,25,30,20
3,1401,0.0016273059212885946,0.07989713337036268,0.0003610611648824597,0.9181144995434666,25,30,20
3,1402,0.002647271652148304,0.07770880942556042,0.0016032809751392529,0.9180406379471516,25,30,20
3,1403,0.003042158396081072,0.07921322364155257,0.0002732769608180367,0.9174713410015479,25,30,20
3,1404,0.002340693099585577,0.07988232724565109,1.078019118189152e-05,0.9177661994635808,25,30,20
3,1405,0.0014282246650847085,0.07988715021084236,3.8052789908979996e-05,0.9186465723341638,25,30,20
3,1406,0.0016809625871316632,0.0798975443577293,4.7220423533250265e-06,0.9184167710127855,25,30,20
3,1407,0.002597891491026622,0.07988580158455956,0.00040893121081859974,0.9171073757135951,25,30,20
3,1408,0.0014065187337448481,0.07986335032434588,0.00015867227381067772,0.9185714586680993,25,30,20
3,1409,0.0014356008666953656,0.07986989679021202,4.166252081363184e-06,0.9186903360910115,25,30,20
3,1410,0.001333976193332774,0.07989716505181949,4.3160365719246e-06,0.9187645427182756,25,30,20
3,1411,0.0015808738849615864,0.07989328161177828,1.4553523828544619e-05,0.9185112909794309,25,30,20
3,1412,0.0013495148541310057,0.07989328161354443,0.00010618320017993533,0.9186510203321445,25,30,20
3,1413,0.0013445391415909975,0.07987500876250818,0.00020538364520649309,0.9185750684506943,25,30,20
3,1414,0.0023347964563630104,0.07986981145446873,0.0003171343541091911,0.917478257735059,25,30,20
3,1415,0.002496100708528004,0.07988121625477676,8.313004337957102e-06,0.9176143700323567,25,30,20
3,1416,0.001359316577137897,0.07989792681224914,0.004658826760105505,0.9140839298505076,25,30,20
3,1417,0.002334518386627372,0.07990988752231094,1.0718419554012798e-05,0.9177448756715081,25,30,20
3,1418,0.004075788374180369,0.07990988234665625,2.230404126503855e-05,0.9159920252378978,25,30,20
3,1419,0.002769982774429915,0.07838915267681303,0.0015099592976714302,0.917330905251086,25,30,20
3,1420,0.003157977510903217,0.07840225730416824,0.0015012992398853123,0.9169384659450434,25,30,20
3,1421,0.002609623171481456,0.07987772039298746,1.4668701096280158e-05,0.9174979877344355,25,30,20
3,1422,0.0013754950954461551,0.07990593260880274,4.0461780654420824e-06,0.9187145261176858,25,30,20
3,1423,0.001677192884979507,0.07987804341478134,0.004649303325633338,0.913795460374606,25,30,20
3,1424,0.0013154221279918878,0.07990579688989492,0.006633482518017517,0.9121452984640966,25,30,20
3,1425,0.0016924576978228178,0.07990579690537541,4.093690206159825e-06,0.9183976517065954,25,30,20
3,1426,0.0016445486913888537,0.07990923822429942,1.663845940420763e-05,0.9184295746249085,25,30,20
3,1427,0.0022583931536407902,0.07988130471376205,1.2428273848739155e-05,0.9178478738587483,25,30,20
3,1428,0.0014446042099640485,0.07988130470346227,1.6824453895449933e-05,0.9186572666326783,25,30,20
3,1429,0.0023941246933717676,0.0798813047052635,0.00014360374202920654,0.917580966859335,25,30,20
3,1430,0.0025060654719002793,0.07988182189379979,0.00027421126822522443,0.9173379013660744,25,30,20
3,1431,0.0013424495716858457,0.0798927040390473,0.00014180620335756981,0.9186230401859099,25,30,20
3,1432,0.004467870472444766,0.06114766045010758,0.018748545171483385,0.9156359239059653,25,30,20
3,1433,0.0025337768604687455,0.061160047492224236,0.01912158883779748,0.9171845868095102,25,30,20
3,1434,0.0013159238374787622,0.0611600474689156,0.053910737793213155,0.8836132909003929,25,30,20
3,1435,0.0026988791329937904,0.07990880615368773,0.0352000756927589,0.8821922390205595,25,30,20
3,1436,0.012331298997592364,0.06976224413690203,0.035255819528584614,0.8826506373369224,25,30,20
3,1437,0.011419060638969495,0.0697622441388945,0.0352511560944716,0.8835675391276645,25,30,20
3,1438,0.001319248985477985,0.07991874444598429,0.03994533184851842,0.8788166747200225,25,30,20
3,1439,0.002593203875444101,0.07992151475484119,0.038658446268951055,0.8788268351007643,25,30,20
3,1440,0.0013469838723263875,0.07813173745468116,0.047945274627579124,0.8725760040454139,25,30,20
3,1441,0.0013887395552011426,0.07989840047669651,0.04614560445984611,0.8725672555082571,25,30,20
3,1442,0.0015013873796277514,0.07987855709126186,0.039970955987132746,0.8786490995419789,25,30,20
3,1443,0.002245729273432173,0.07864832817630381,0.041217802047361564,0.8778881405029034,25,30,20
3,1444,0.0022894347337170428,0.07864832816756628,0.0017135422535549153,0.9173486948451619,25,30,20
3,1445,0.0023003618492668724,0.07864825537701535,0.0013345506221695558,0.9177168321515478,25,30,20
3,1446,0.0241797182113909,0.07989811779384082,1.1558409246058652e-05,0.8959106055855227,25,30,20
3,1447,0.002748742922309822,0.07816770372458672,0.0404700075894488,0.8786135457636552,25,30,20
3,1448,0.0024935772420874255,0.07988616547881591,0.03996364084688535,0.8776566164322116,25,30,20
3,1449,0.003039320823480465,0.07983225007316606,0.03998711264400272,0.8771413164593518,25,30,20
3,1450,0.0024120704272361532,0.041837937835028434,0.07792000897430645,0.8778299827634293,25,30,20
3,1451,0.002422444733328552,0.041861884518234166,0.0779345512808936,0.8777811194675441,25,30,20
3,1452,0.0026975945857334537,0.026168114078130356,0.09359440623338189,0.8775398851027528,25,30,20
3,1453,0.002701515623833982,0.07986078299723913,0.03967169935936537,0.8777660020195612,25,30,20
3,1454,0.0014131627397316509,0.07989785050642394,0.039949360504032236,0.8787396262498142,25,30,20
3,1455,0.02456649197899,0.07989784617354466,0.039952532674398376,0.8555831291730679,25,30,20
3,1456,0.02441819390197405,0.07989809779410445,0.039975061687384475,0.8557086466165377,25,30,20
3,1457,0.05666883494542864,0.07988833466882053,0.03895610710072728,0.8244867232850246,25,30,20
3,1458,0.080808465355495,0.0798982118769959,0.04185984596673035,0.7974334768007799,25,30,20
3,1459,0.08227456896698064,0.07990940730682908,0.04011588445271173,0.7977001392734796,25,30,20
3,1460,0.09619401642938255,0.07990957995664491,0.025117935037469195,0.7987784685765033,25,30,20
3,1461,0.12027522186814966,0.07990995097625529,0.0010296924004055928,0.7987851347551895,25,30,20
3,1462,0.11798600388880959,0.079906042678821,0.00539914529338678,0.7967088081389823,25,30,20
3,1463,0.1237660932584486,0.07989393276301646,0.0016377271071399374,0.7947022468713945,25,30,20
3,1464,0.09103811893759825,0.07989392966475725,0.03290793198762002,0.7961600194100242,25,30,20
3,1465,0.06704460495621692,0.07989522138140459,0.055901035484694404,0.7971591381776839,25,30,20
3,1466,0.08458537929679599,0.07987451627943187,0.036467889569325,0.7990722148544465,25,30,20
3,1467,0.0844905502739445,0.07986653091588922,0.03646269075617361,0.799180228053992,25,30,20
3,1468,0.06995128752923341,0.07987987648214975,0.051447600052084555,0.7987212359365305,25,30,20
3,1469,0.06710893446604249,0.07991167397294026,0.054075553892204704,0.798903837668811,25,30,20
3,1470,0.06376253666135644,0.0799097088093911,0.057351458425155266,0.7989762961040985,25,30,20
3,1471,0.06896103228496825,0.07988621252774601,0.05221612735577237,0.7989366278315143,25,30,20
3,1472,0.09607564861716832,0.07989427938838849,0.025443410124971647,0.7985866618694728,25,30,20
3,1473,0.09564955858002669,0.07988521910394039,0.02583187361344079,0.7986333487025921,25,30,20
3,1474,0.08887583420654491,0.07990541702461779,0.033111127286236025,0.7981076214826,25,30,20
3,1475,0.10725616626220046,0.07816965475971845,0.016164686662499542,0.7984094923155809,25,30,20
3,1476,0.10334038334027745,0.0566373943955503,0.041108440614693986,0.7989137816494782,25,30,20
3,1477,0.06464855567919962,0.0796776824694764,0.05566019110871885,0.8000135707426055,25,30,20
3,1478,0.06551048528643837,0.07731908334881456,0.05695942308721,0.800211008277537,25,30,20
3,1479,0.067211853868187,0.08026986025968412,0.05443123332964946,0.7980870525424792,25,30,20
3,1480,0.08225400353015808,0.08023274944843445,0.03938771055247461,0.7981255364689338,25,30,20
3,1481,0.08305067979856444,0.08065526333396132,0.03985911229029806,0.7964349445771767,25,30,20
3,1482,0.07924958596248928,0.0806431373515715,0.041449856052577644,0.7986574206333613,25,30,20
3,1483,0.07900756365638578,0.07988560076840188,0.04222404609893145,0.7988827894762817,25,30,20
3,1484,0.08197709293995596,0.07989807519143766,0.03947029854434635,0.7986545333242608,25,30,20
3,1485,0.08784425142543878,0.07988567444810422,0.03335915219215519,0.7989109219343031,25,30,20
3,1486,0.10908465348806202,0.07895308006572474,0.010258269769189208,0.8017039966770233,25,30,20
3,1487,0.06825019298958415,0.0798981298527077,0.05428844315440698,0.7975632340033004,25,30,20
3,1488,0.06692935180367403,0.07989812983273316,0.0547429459568742,0.7984295724067181,25,30,20
3,1489,0.06552306513783748,0.0798987317365057,0.056237235071710544,0.7983409680539464,25,30,20
3,1490,0.08194191483113508,0.07985485342428297,0.04013420925524798,0.7980690224893345,25,30,20
3,1491,0.0812978053475485,0.07985471834061778,0.040154026454070596,0.7986934498577635,25,30,20
3,1492,0.04353512961145478,0.07988701005618122,0.07793404761361918,0.7986438127187451,25,30,20
3,1493,0.0422106861488251,0.0798446703759557,0.0795352647857362,0.7984093786894839,25,30,20
3,1494,0.08133444367540502,0.07946150318093798,0.04047523474162395,0.7987288184020338,25,30,20
3,1495,0.042595199905782005,0.07899512110884127,0.07954680970945255,0.7988628692759248,25,30,20
3,1496,0.04240241231745898,0.07984274106706928,0.07876389044490477,0.7989909561705685,25,30,20
3,1497,0.04355013390916802,0.07991486230053693,0.07873262249646523,0.7978023812938307,25,30,20
3,1498,0.04133313798651272,0.07990934549461026,0.07972296389922018,0.7990345526196585,25,30,20
3,1499,0.04138037320494357,0.06448240800369442,0.08887895705932579,0.8052582617320367,25,30,20
3,1500,0.04140591244221729,0.06448240801547625,0.08887524733879706,0.8052364322035092,25,30,20
3,1501,0.04153416972810232,0.07989814307212846,0.07962544011507014,0.7989422470847007,25,30,20
3,1502,0.041436951455496224,0.0798862583435607,0.03973136670764096,0.8389454234933027,25,30,20
3,1503,0.041497645117960495,0.06475651410292717,0.054798975662092034,0.8389468651170207,25,30,20
3,1504,0.042561011468154636,0.07898045276222332,0.04136109574178464,0.8370974400278367,25,30,20
3,1505,0.01848855084020249,0.0794739146396369,0.059060656472988325,0.8429768780471727,25,30,20
3,1506,0.001831864532245386,0.07987441900022635,0.07476915134940089,0.8435245651181289,25,30,20
3,1507,0.0018545694625197121,0.07986309251281486,0.07477668909220414,0.8435056489324616,25,30,20
3,1508,0.027949568328823764,0.07988630612495431,0.06955229439288235,0.8226118311533392,25,30,20
3,1509,0.008480997590288097,0.07988531305979006,0.06817792700082799,0.8434557623490937,25,30,20
3,1510,0.0018304048306444908,0.07989801162701407,0.07989174752703093,0.838379836015309,25,30,20
3,1511,0.002466857607039692,0.07989786856652331,0.08015967218900774,0.8374756016374303,25,30,20
3,1512,0.0016322851348178318,0.10420169479289802,0.055715728099838706,0.8384502919724448,25,30,20
3,1513,0.0015135303821708407,0.07540992301388919,0.08439284065944948,0.8386837059444897,25,30,20
3,1514,0.012467929643535018,0.07986655918977052,0.0695169639280025,0.8381485472386924,25,30,20
3,1515,0.002606607266499365,0.07986621651278397,0.07984140952725044,0.837685766693467,25,30,20
3,1516,0.003136222686244906,0.07989393448600084,0.07990681561305008,0.8370630272147053,25,30,20
3,1517,0.0017557683773732683,0.07986313896750205,0.07979063696783895,0.8385904556872863,25,30,20
3,1518,0.0016053565875133648,0.0801370115705685,0.07962040066010803,0.8386372311818105,25,30,20
3,1519,0.003468499217419851,0.0596856253302298,0.06016290769112932,0.8766829677612215,25,30,20
3,1520,0.0023575271968022875,0.07990996620379373,0.04006333683804933,0.8776691697613543,25,30,20
3,1521,0.0014113103276256276,0.07990967752704443,0.03996117967075069,0.8787178324745798,25,30,20
3,1522,0.005023497912897228,0.07988571784670193,0.03941515345316819,0.8756756307872341,25,30,20
3,1523,0.0041115355461702995,0.07990912856643549,0.03939555500328502,0.8765837808841106,25,30,20
3,1524,0.004560359298736964,0.07986441263735432,0.0395034259185749,0.8760718021453348,25,30,20
3,1525,0.0021298044987296907,0.07983834612343257,0.03999592569396174,0.8780359236838768,25,30,20
3,1526,0.003725576481216165,0.07990998614948426,0.03996661395276827,0.8763978234165313,25,30,20
3,1527,0.00572806916796432,0.0799103808580854,0.039976325738327205,0.8743852242356229,25,30,20
3,1528,0.0030366552125683875,0.07896578748567896,0.039978793875679784,0.8780187634260731,25,30,20
3,1529,0.003018628291005453,0.07984455152684063,0.04456891926057681,0.8725679009215779,25,30,20
3,1530,0.002265872182576525,0.07988368779135882,0.04011315333966668,0.8777372866863979,25,30,20
3,1531,0.004549533106028345,0.07901918175917019,0.03890984310284959,0.877521442031953,25,30,20
3,1532,0.03777051712297725,0.07904682063158465,0.004830595621010988,0.8783520666244278,25,30,20
3,1533,0.03748385917405647,0.07989448592053693,0.004236399376646367,0.8783852555287609,25,30,20
3,1534,0.03767885436485927,0.07990196128922297,0.004108578278433105,0.8783106060674841,25,30,20
3,1535,0.034392540497695884,0.07967489790777067,0.007122633024518695,0.8788099285700146,25,30,20
3,1536,0.034263300229144755,0.07983771653173083,0.007153999964769588,0.8787449832743545,25,30,20
3,1537,0.04018826246958458,0.07983770939115309,0.0013876157166411171,0.8785864124226214,25,30,20
3,1538,0.08079097025644469,0.07985947747275507,0.0017795189264648628,0.8375700333443359,25,30,20
3,1539,0.07091607220768018,0.07988186944538428,0.011284351209111976,0.8379177071378239,25,30,20
3,1540,0.06243190546676382,0.07930077038695516,0.025704851461689836,0.8325624726845916,25,30,20
3,1541,0.07653912347118419,0.07989869093526955,0.011841687807450808,0.8317204977860956,25,30,20
3,1542,0.0533583196836025,0.0798820894894794,0.02990263428662651,0.8368569565402921,25,30,20
3,1543,0.00668438676174686,0.07988272091808324,0.07685560809706948,0.836577284223101,25,30,20
3,1544,0.0022833345743517998,0.07988954974771771,0.08008061081318686,0.8377465048647449,25,30,20
3,1545,0.0014187159366790888,0.07987798972975273,0.07988316589304313,0.8388201284405248,25,30,20
3,1546,0.003345047185721524,0.07989821023545998,0.07976338198266707,0.8369933605961515,25,30,20
3,1547,0.0049941822348028245,0.07988636093373437,0.07924625914491976,0.8358731976865427,25,30,20
3,1548,0.005911085218885186,0.07989447310501901,0.08506552355427306,0.8291289181218231,25,30,20
3,1549,0.003264935468892598,0.07990949829949284,0.07967235208509936,0.8371532141465164,25,30,20
3,1550,0.0016959037225380905,0.07988999235376042,0.07955938409135171,0.8388547198323506,25,30,20
3,1551,0.0028419812679302196,0.11983319942901362,0.03969414770232528,0.837630671600731,25,30,20
3,1552,0.001635860174588179,0.1198227230760933,0.03970677092045558,0.8388346458288636,25,30,20
3,1553,0.0016407104907744268,0.11981809313133258,0.03969568157764518,0.8388455148002482,25,30,20
3,1554,0.003721826821534303,0.11985251882481739,0.03814691696307395,0.8382787373905756,25,30,20
3,1555,0.010504089964489165,0.11924361576049586,0.03174061304968405,0.8385116812253308,25,30,20
3,1556,0.002279770135725374,0.11925533197538,0.03987725776990017,0.8385876401189948,25,30,20
3,1557,0.0023277082361279774,0.11985268961274415,0.039267258299123725,0.8385523438520052,25,30,20
3,1558,0.0022889806724682247,0.11984099087609289,0.04563787114480044,0.8322321573066394,25,30,20
3,1559,0.002014000504646102,0.11982968098142129,0.04551926920648869,0.8326370493074434,25,30,20
3,1560,0.0018292549679453074,0.11936336585745337,0.039888864043066775,0.8389185151315358,25,30,20
3,1561,0.03290901369290786,0.11981066185109608,0.008399466988958366,0.8388808574670379,25,30,20
3,1562,0.043303690436662545,0.11937723671330704,0.0009679609974629498,0.8363511118525675,25,30,20
3,1563,0.04282734874710632,0.1193351522450458,0.0010404493934932908,0.8367970496143549,25,30,20
3,1564,0.0397146207256089,0.11981622217810424,0.012616801309112666,0.8278523557871751,25,30,20
3,1565,0.040170882354301475,0.11979314529875419,0.001577340966821347,0.838458631380124,25,30,20
3,1566,0.04235719855600006,0.1171590264045784,0.0015458304852132613,0.8389379445542086,25,30,20
3,1567,0.025364491965206584,0.11980501904719432,0.01712231563719871,0.8377081733504003,25,30,20
3,1568,0.02452472208282526,0.11980501902638707,0.01723849178533626,0.8384317671054521,25,30,20
3,1569,0.030627820639697628,0.11979516319566931,0.011682205089137629,0.8378948110754975,25,30,20
3,1570,0.03421473959091243,0.1198282062498268,0.008070322436190304,0.8378867317230708,25,30,20
3,1571,0.03425017566249132,0.11890635335174533,0.008075747463136489,0.8387677235226263,25,30,20
3,1572,0.041609031931155005,0.11857173828662416,0.0012535629450673752,0.8385656668371542,25,30,20
3,1573,0.04159772324103374,0.11953065426236524,2.553171348353167e-05,0.838846090783119,25,30,20
3,1574,0.041640479331311944,0.11953825509916252,1.4896303068176183e-05,0.8388063692664587,25,30,20
3,1575,0.04041794007698606,0.11980902954942531,0.0009246446750837297,0.8388483856985056,25,30,20
3,1576,0.040646618338238794,0.11983888818449313,0.0009151661587372474,0.8385993273185306,25,30,20
3,1577,0.04206591057286416,0.11983888855677174,0.0009280760450436651,0.8371671248253207,25,30,20
3,1578,0.03790110971651556,0.11746237751536245,0.007490635351141528,0.8371458774169809,25,30,20
3,1579,0.042307099762863336,0.11981268110892586,0.0002126884539683788,0.8376675306742439,25,30,20
3,1580,0.043451064578905185,0.11982444153063578,0.00039455124134852015,0.8363299426491113,25,30,20
3,1581,0.06527818501409564,0.11985154764316157,0.0002139101055471093,0.8146563572371961,25,30,20
3,1582,0.07657256745539141,0.11983392324870733,0.00782972953456099,0.7957637797613402,25,30,20
3,1583,0.038351606820410104,0.11982208133477705,0.04686554075057651,0.7949607710942362,25,30,20
3,1584,0.04789651641120893,0.11982063909662692,0.039541133480670385,0.7927417110114935,25,30,20
3,1585,0.04427496421351306,0.11957441669808064,0.03937781444491836,0.7967728046434869,25,30,20
3,1586,0.02274440578232918,0.11984085305952685,0.05918057546331224,0.7982341656948312,25,30,20
3,1587,0.023288177932856282,0.11893506580292403,0.05961888440723353,0.798157871856986,25,30,20
3,1588,0.022781683414439285,0.11984224819057765,0.05946642464225835,0.7979096437527258,25,30,20
3,1589,0.04018795243769053,0.11983355647065526,0.04144195244925819,0.7985365386423955,25,30,20
3,1590,0.04343541756699021,0.11983359270636704,0.04159381739940918,0.7951371723272322,25,30,20
3,1591,0.040374327901116544,0.11687528731156335,0.044029793153814153,0.798720591633506,25,30,20
3,1592,0.04162284968120398,0.11859999646261297,0.041185380660433035,0.7985917731957508,25,30,20
3,1593,0.040874408829855505,0.11983769423849544,0.040350678664830976,0.7989372182668194,25,30,20
3,1594,0.0035684699495416774,0.11856077546391004,0.07894635065305002,0.7989244039334998,25,30,20
3,1595,0.03844115937419459,0.11980517050020582,0.04331103752426837,0.7984426326013322,25,30,20
3,1596,0.03955797816507507,0.12063450047009301,0.041330586132015686,0.7984769352328168,25,30,20
3,1597,0.017630356572310896,0.12063747462020462,0.06326229552550716,0.7984698732819776,25,30,20
3,1598,0.0652643342097607,0.1198201134366126,0.016988033805108174,0.7979275185485187,25,30,20
3,1599,0.0593236073873529,0.11981407301682491,0.02340256075949827,0.7974597588363247,25,30,20
3,1600,0.033940010585992636,0.1198170852886679,0.048553972280782155,0.797688931844558,25,30,20
3,1601,0.02053312510328824,0.11981661080201639,0.06097918023617771,0.7986710838585193,25,30,20
3,1602,0.0049505000672417235,0.11895626987138369,0.07713839128546277,0.7989548387759122,25,30,20
3,1603,0.041785791806024604,0.11979905486892141,0.04024626566301403,0.79816888766204,25,30,20
3,1604,0.0462942389650486,0.11978263372059712,0.03960612869522901,0.7943169986191256,25,30,20
3,1605,0.04591508213112336,0.11806542536405033,0.04002143551662152,0.7959980569882054,25,30,20
3,1606,0.04398410152966728,0.10440823968165876,0.06071159437094486,0.7908960644177294,25,30,20
3,1607,0.03346895225615142,0.11978980057380423,0.04785259484062176,0.7988886523294235,25,30,20
3,1608,0.03788083640340131,0.11978991995856093,0.04346712947928705,0.7988621141587506,25,30,20
3,1609,0.048776269301971605,0.11980056909674162,0.03259774399606102,0.7988254176052252,25,30,20
3,1610,0.04279024455085072,0.1188717428796746,0.040633962358990645,0.7977040502104833,25,30,20
3,1611,0.03417368108282955,0.1181363020247376,0.048840724220276355,0.798849292672158,25,30,20
3,1612,0.04397342126612047,0.11814766719082376,0.040812095840242264,0.797066815702815,25,30,20
3,1613,0.04435347413602896,0.11919530368869997,0.03925717326732375,0.7971940489079488,25,30,20
3,1614,0.04495354158963569,0.11933476473574954,0.038615256231439,0.7970964374431755,25,30,20
3,1615,0.0049628551317240895,0.11983729043652744,0.07813945563874,0.7970603987930089,25,30,20
3,1616,0.033708051384339174,0.11984267591263716,0.048768224985023145,0.7976810477180013,25,30,20
3,1617,0.04474916357962727,0.11984214174964418,0.039234857700518565,0.7961738369702119,25,30,20
3,1618,0.045421714924044274,0.11955765426248499,0.03926292024947839,0.7957577105639931,25,30,20
3,1619,0.028131348171577582,0.08064085290294352,0.09540091068731618,0.7958268882381634,25,30,20
3,1620,0.053205345732013194,0.06117702486180423,0.08672230445985893,0.7988953249463248,25,30,20
3,1621,0.0809647078234388,0.0798976463519599,0.0003941732963972511,0.838743472528204,25,30,20
3,1622,0.08119384861472911,0.07986347221349903,0.0003447418063105388,0.8385979373654614,25,30,20
3,1623,0.08111394910229722,0.07986347235100964,0.0004521758397852327,0.8385704027069083,25,30,20
3,1624,0.07791249517645615,0.07989741387852296,0.004237086645057246,0.8379530042999639,25,30,20
3,1625,0.07997010053897707,0.07990064193515928,0.004382553465622436,0.835746704060241,25,30,20
3,1626,0.08081959846044719,0.07989742034136833,0.004742514875071222,0.8345404663231135,25,30,20
3,1627,0.030967179844052273,0.07988627988741884,0.05248651286513509,0.8366600274033945,25,30,20
3,1628,0.045596870607439347,0.07988549109861358,0.04619925095614096,0.8283183873378057,25,30,20
3,1629,0.05900885417217344,0.07988580955618178,0.03243352692692862,0.8286718093447163,25,30,20
3,1630,0.080002837239218,0.07990983261825363,0.002151200050519901,0.8379361300920091,25,30,20
3,1631,0.08028191035160098,0.079877920224088,0.0021903719348780244,0.8376497974894329,25,30,20
3,1632,0.004149400056044848,0.07985801641251727,0.07837304372035407,0.8376195398110845,25,30,20
3,1633,0.0032093135440508015,0.07989716282700224,0.07835540110498522,0.8385381225239622,25,30,20
3,1634,0.04294307045304859,0.07989759561504109,0.03858737126641425,0.8385719626654974,25,30,20
3,1635,0.07781083154252641,0.07989759681019222,0.0034297693456620294,0.8388618023016201,25,30,20
3,1636,0.04782365532714624,0.0798975961423542,0.03413372183918654,0.8381450266913132,25,30,20
3,1637,0.004962963396757356,0.07991016958919187,0.07696521115240364,0.8381616558616468,25,30,20
3,1638,0.04259836432938516,0.07990225621476192,0.042013937905835574,0.8354854415500178,25,30,20
3,1639,0.04666036128784846,0.07988729931742612,0.039881577370298266,0.8335707620244277,25,30,20
3,1640,0.012741221749032456,0.07988339599869013,0.06970022096811034,0.8376751612841667,25,30,20
3,1641,0.030676675853653582,0.07990560259654553,0.05412548905192811,0.8352922324978722,25,30,20
3,1642,0.06848413138769609,0.07940777001338016,0.016973372461689222,0.8351347261372336,25,30,20
3,1643,0.044563901977484124,0.07986252924414655,0.03764370208043669,0.8379298666979337,25,30,20
3,1644,0.047892703703128044,0.07989761258986987,0.037080725933859776,0.835128957773143,25,30,20
3,1645,0.08170278612514069,0.0798975004727907,0.0004128272672533758,0.8379868861348153,25,30,20
3,1646,0.0809972550439698,0.07989828725018847,0.00028921077201883306,0.8388152469338225,25,30,20
3,1647,0.08109021801915425,0.0798774770101016,0.00014523057772806134,0.8388870743930162,25,30,20
3,1648,0.08104419019996255,0.07990198315987743,0.00017789807087562775,0.8388759285692842,25,30,20
3,1649,0.04202255735623238,0.07990764525401851,0.03915258661213905,0.8389172107776091,25,30,20
3,1650,0.025283579033797462,0.08024337494693215,0.05654395885436117,0.8379290871649097,25,30,20
3,1651,0.026153170089116776,0.08028168320824504,0.05652649630194114,0.8370386504006975,25,30,20
3,1652,0.02461977563998944,0.07858638165739794,0.058236943613612986,0.8385568990889989,25,30,20
3,1653,0.04182303858692265,0.05410696872592263,0.07651704833350191,0.8275529443536531,25,30,20
3,1654,0.007075840405919607,0.07987777696982432,0.08600697890118061,0.8270394037230756,25,30,20
3,1655,0.03850126834542846,0.07985550422464628,0.04480712932815806,0.8368360981017675,25,30,20
3,1656,0.036605934186874405,0.07987752499252125,0.04477894745750051,0.8387375933631038,25,30,20
3,1657,0.04302386501331895,0.0644621068555317,0.05491151319385569,0.8376025149372937,25,30,20
3,1658,0.06305113018049471,0.0792661631744781,0.018777013914400127,0.8389056927306271,25,30,20
3,1659,0.06481135939039025,0.07990568128523334,0.01984706454999346,0.8354358947743826,25,30,20
3,1660,0.08111940654272257,0.07987432247742582,0.00012474623697808715,0.8388815247428735,25,30,20
3,1661,0.08392564245531908,0.07987472662401675,0.0001280973795243691,0.83607153354114,25,30,20
3,1662,0.0692446625648094,0.07674701460435257,0.018171211870030488,0.8358371109608079,25,30,20
3,1663,0.08092023559146007,0.07894470086471983,0.0015512296206232124,0.8385838339231972,25,30,20
3,1664,0.08031084111942446,0.07989707587177136,0.0059134030289567695,0.833878679979848,25,30,20
3,1665,0.08192979580431428,0.07989707586571099,0.0005772681447462587,0.8375958601852287,25,30,20
3,1666,0.052718764252653004,0.08084654128799537,0.03018817970703071,0.8362465147523217,25,30,20
3,1667,0.044122254048684625,0.07990773299553172,0.03796942360464986,0.8380005893511343,25,30,20
3,1668,0.08024751736718412,0.0798974885676924,0.0008929529478166524,0.8389620411173081,25,30,20
3,1669,0.08125784262675768,0.0788661280032996,0.0009296827531935043,0.838946346616749,25,30,20
3,1670,0.0721265626306574,0.07884861441347732,0.010126929629792782,0.8388978933260723,25,30,20
3,1671,0.07298959389799883,0.07887695503428521,0.010135522114357613,0.8379979289533585,25,30,20
3,1672,0.07119168595408354,0.07990902966370819,0.010111219136919867,0.8387880652452887,25,30,20
3,1673,0.08220282742573684,0.07989783223667836,0.00042423356231281343,0.8374751067752716,25,30,20
3,1674,0.08317407156952251,0.07990967623929104,5.75315725920202e-05,0.8368587206185942,25,30,20
3,1675,0.07124636645606816,0.07963257896255148,0.01015091096108068,0.8389701436202985,25,30,20
3,1676,0.03481277858065491,0.07937645093540796,0.048620038809807496,0.8371907316741278,25,30,20
3,1677,0.03243189624072675,0.07964268937302182,0.04930457624192568,0.838620838144325,25,30,20
3,1678,0.04208074199505715,0.07963035396369463,0.04018707884834023,0.8381018251929088,25,30,20
3,1679,0.0020303895149913985,0.07964307201686265,0.07943194048086262,0.8388945979872847,25,30,20
3,1680,0.015619143709207977,0.10237634576935062,0.04313860748567721,0.8388659030357644,25,30,20
3,1681,0.02917617840907452,0.10236435297219765,0.029972894300950376,0.8384865743177763,25,30,20
3,1682,0.04083301974407243,0.11982787409070006,0.0005067454463316929,0.8388323607188952,25,30,20
3,1683,0.04125233630124936,0.1198609815590787,0.0002690935146106318,0.8386175886250615,25,30,20
3,1684,0.04064680877962397,0.11983325765370889,0.0013694976333553752,0.8381504359333124,25,30,20
3,1685,0.04066589720225659,0.11984015150321982,0.0011040368087513093,0.8383899144857735,25,30,20
3,1686,0.04423661202242417,0.11982106474854223,2.384479290514919e-05,0.8359184784361287,25,30,20
3,1687,0.04234921149503215,0.1198325089597555,0.0017582043902725727,0.8360600751549403,25,30,20
3,1688,0.042277775058269185,0.11986427353365099,0.00157591597500325,0.8362820354330771,25,30,20
3,1689,0.038035834452841595,0.11862765897458198,0.0071849471958180915,0.8361515593767582,25,30,20
3,1690,0.03613704950003979,0.11861201419289862,0.007554234898785849,0.8376967014082757,25,30,20
3,1691,0.037272896570076736,0.11892656276716115,0.0064148391263950276,0.837385701536367,25,30,20
3,1692,0.0020299380267359887,0.1338093499379263,0.02580123413276572,0.8383594779025715,25,30,20
3,1693,0.0020659761533369857,0.13385301496260948,0.025537228695022778,0.8385437801890296,25,30,20
3,1694,0.0020311061145278503,0.13384157369363092,0.02553870523706038,0.8385886149547808,25,30,20
3,1695,0.038612029766009776,0.13384918474657073,0.028645077283809557,0.79889370820361,25,30,20
3,1696,0.03810966340724682,0.15978654029909412,0.003105750860139321,0.7989980454335204,25,30,20
3,1697,0.03818763529201721,0.15976689677111827,0.003113799283815549,0.7989316686530498,25,30,20
3,1698,0.038218253506462734,0.15979215139235797,0.007767972213307139,0.7942216228878727,25,30,20
3,1699,0.038179981175452675,0.1597892105337528,0.0033953064710015163,0.7986355018197933,25,30,20
3,1700,0.038837521326053434,0.15950305584363178,0.0034091756492307117,0.7982502471810845,25,30,20
3,1701,0.038540714498991414,0.1595147969889389,0.003144046659656944,0.7988004418524136,25,30,20
3,1702,0.02585172770078663,0.1598233011218263,0.015473748373032612,0.7988512228043549,25,30,20
3,1703,0.026124242761115347,0.15952801571729064,0.015476499754687588,0.7988712417669062,25,30,20
3,1704,0.04294214326995491,0.15948804912580172,0.0004546640387784995,0.7971151435654644,25,30,20
3,1705,0.04224593325372746,0.15977314782415408,0.0011320729133770342,0.7968488460087415,25,30,20
3,1706,0.03527213315896949,0.1593912218807764,0.008513432302448927,0.7968232126578059,25,30,20
3,1707,0.04147723330803021,0.15981489160634865,2.9378291908545467e-05,0.7986784967937129,25,30,20
3,1708,0.03430789799276285,0.15980362364479084,0.007227419079201065,0.7986610592832446,25,30,20
3,1709,0.03999327453964794,0.12060071110669587,0.040475392978234236,0.798930621375422,25,30,20
3,1710,0.037760430013521765,0.11979412980008065,0.04352839417687042,0.798917046009527,25,30,20
3,1711,0.02887393317240249,0.11813902784306389,0.054098967766142474,0.7988880712183907,25,30,20
3,1712,0.028805066515776148,0.1198518709444183,0.05239446549653141,0.7989485970432751,25,30,20
3,1713,0.03942939301207578,0.11982059353109832,0.042673966519453196,0.7980760469373739,25,30,20
3,1714,0.0387579828177853,0.11985163459599735,0.04267609890427897,0.7987142836819398,25,30,20
3,1715,0.04226924483382916,0.10153187770786007,0.05724979771862434,0.798949079739687,25,30,20
3,1716,0.04265723857460391,0.11859471019622729,0.04628685229953841,0.7924611989296321,25,30,20
3,1717,0.042336473534348336,0.1197809439421999,0.03995865862757783,0.797923923895874,25,30,20
3,1718,0.04126905705668982,0.11939306380699832,0.0403948438774546,0.7989430352588579,25,30,20
3,1719,0.04265522512396587,0.11982408923032757,0.04005248541480884,0.7974682002308994,25,30,20
3,1720,0.043970055178644225,0.1198353043910868,0.03996828876482455,0.7962263516654439,25,30,20
3,1721,0.02306854550999555,0.11982379616624417,0.06541251513475341,0.7916951431890081,25,30,20
3,1722,0.042810444230370386,0.1198245119072023,0.044766028205291214,0.7925990156571372,25,30,20
3,1723,0.04150912409664423,0.11981357091877444,0.03685536808787864,0.8018219368967049,25,30,20
3,1724,0.041824637710095744,0.11981367247661245,0.04075190517673854,0.797609784636554,25,30,20
3,1725,0.04279723334696245,0.11983693693525999,0.04049707253031966,0.7968687571874595,25,30,20
3,1726,0.043401515134688526,0.08023489617872553,0.08006124221636406,0.7963023464702226,25,30,20
3,1727,0.04250982481001512,0.08097490157037099,0.07963466833804492,0.7968806052815692,25,30,20
3,1728,0.04247598583741686,0.08097458769634805,0.07976999406701507,0.7967794323992198,25,30,20
3,1729,0.06589285950792126,0.07818064319629738,0.058108205973476316,0.7978182913223058,25,30,20
3,1730,0.06496010224719706,0.07990942368609937,0.056214120306185576,0.7989163537605185,25,30,20
3,1731,0.028696539045200486,0.07895779986851514,0.09343845452938729,0.7989072065568975,25,30,20
3,1732,0.012571505283943483,0.07894518317141264,0.1095235825850033,0.7989597289596407,25,30,20
3,1733,0.037555176398945324,0.07988159063267306,0.0844397097622966,0.7981235232060847,25,30,20
3,1734,0.03755212283403737,0.07989333141019275,0.04450671521967413,0.8380478305360957,25,30,20
3,1735,0.03602603220029631,0.07988631818555528,0.046044041131752714,0.838043608482397,25,30,20
3,1736,0.03695725122378466,0.07988915686691386,0.04247157755562655,0.8406820143536758,25,30,20
3,1737,0.07177606188763624,0.07989962277102426,0.011143808756910954,0.8371805065844288,25,30,20
3,1738,0.06784033196958647,0.07990010904176416,0.014536457011579946,0.8377231019770696,25,30,20
3,1739,0.03330627371597124,0.07990635137430141,0.03946169392932209,0.8473256809804066,25,30,20
3,1740,0.04592390180048059,0.07991029786074873,0.027228022639259893,0.8469377776995115,25,30,20
3,1741,0.0423214870156032,0.07988189121255125,1.1890567687289034e-05,0.877784731204159,25,30,20
3,1742,0.041287102993188406,0.07988189118726827,1.2922980575569147e-05,0.878818082838968,25,30,20
3,1743,0.04187024399906744,0.07863293870264892,0.0013839771407642973,0.8781128401575196,25,30,20
3,1744,0.041300455622822516,0.07989696986185046,0.00027580043399184505,0.8785267740813345,25,30,20
3,1745,0.04108661399934291,0.07985415552976342,0.00040803106745834246,0.8786511994034361,25,30,20
3,1746,0.04127401730068949,0.07988586922387123,0.00040832632794439514,0.878431787147495,25,30,20
3,1747,0.03772918686416845,0.07988588871850107,0.003711169153806159,0.8786737552635242,25,30,20
3,1748,0.03772938365326151,0.07987849037912655,0.004201748739546396,0.878190377228066,25,30,20
3,1749,0.03760758943155942,0.07990971535042007,0.003983780133820461,0.8784989150841993,25,30,20
3,1750,0.04168068383160087,0.07988518901887151,0.0017213179943322962,0.8767128091551954,25,30,20
3,1751,0.041668090702931086,0.07987065224339689,0.0014565747094360828,0.877004682344236,25,30,20
3,1752,0.041634930433381026,0.07987103273258138,0.0018375798661423818,0.8766564569678956,25,30,20
3,1753,0.042537231209921374,0.07989046804331369,0.0014639360376507914,0.8761083647091151,25,30,20
3,1754,0.04160923228579509,0.07989805391218581,0.0014525011935832453,0.8770402126084363,25,30,20
3,1755,0.039832698759233606,0.07989827543318215,0.0014449872572457026,0.8788240385503379,25,30,20
3,1756,0.025927645211811016,0.0798821935269064,0.01742070207724466,0.8767694591840376,25,30,20
3,1757,0.02780098369861907,0.0798820178614703,0.01752183177212332,0.8747951666677868,25,30,20
3,1758,0.02705986656121714,0.07988201784214165,0.017431668778508012,0.8756264468181331,25,30,20
3,1759,0.043118845805407445,0.0798713288686963,0.001124188789580316,0.8758856365363162,25,30,20
3,1760,0.041572390370137796,0.07773826584138091,0.002163102365118874,0.8785262414233634,25,30,20
3,1761,0.04125852092777553,0.0799099611657403,2.6790179886033833e-05,0.8788047277265985,25,30,20
3,1762,0.04153351653373017,0.0798843871759274,0.006075491439900768,0.8725066048504417,25,30,20
3,1763,0.041801412553662584,0.07928660489570984,0.006691461818674007,0.8722205207319547,25,30,20
3,1764,0.04318847820616071,0.06444448364067712,0.015432565331496404,0.8769344728216669,25,30,20
3,1765,0.043096274943668904,0.07989005195415375,6.718269886275813e-05,0.8769464904033154,25,30,20
3,1766,0.04099241134831196,0.040725437633793354,0.03987414039637626,0.8784080106215203,25,30,20
3,1767,0.0421406903106737,0.04073327540392008,0.03842891753295842,0.8786971167524495,25,30,20
3,1768,0.04178847666177032,0.03991827409346158,0.03961561701267107,0.8786776322320975,25,30,20
3,1769,0.04176144510000977,0.03995484159441726,0.053440681829087254,0.8648430314764868,25,30,20
3,1770,0.04300986477892487,0.039953847726468414,0.05216383323144764,0.8648724542631596,25,30,20
3,1771,0.027990122451472903,0.039954691815608824,0.053377299319684955,0.8786778864132339,25,30,20
3,1772,0.02795718659735301,0.0399521108310683,0.05336714817143334,0.8787235544001448,25,30,20
3,1773,0.04195759066103303,0.03992358260234799,0.04022804415298238,0.8778907825836366,25,30,20
3,1774,0.004849925727625597,0.039946115157467404,0.07679126430439366,0.878412694810513,25,30,20
3,1775,0.04206230517982809,0.03994586686484386,0.040319870240165506,0.877671957715161,25,30,20
3,1776,0.04361653773671275,0.03994611363004247,0.03777103097985815,0.8786663176533857,25,30,20
3,1777,0.003600262220890761,0.040747194211442093,0.07777322349279074,0.8778793200748768,25,30,20
3,1778,0.004712317198668563,0.0399423980526523,0.07830380750709798,0.8770414772415822,25,30,20
3,1779,0.034520210086683746,0.039977570713727165,0.04807963590695681,0.8774225832926326,25,30,20
3,1780,0.043548854915413854,0.03995443233263985,0.0506440167560269,0.8658526959959194,25,30,20
3,1781,0.010949307751308056,0.03995443213555057,0.07111746684596457,0.8779787932671766,25,30,20
3,1782,0.012593628760636844,0.039954439534484895,0.07074998806098802,0.8767019436438889,25,30,20
3,1783,0.0447193434492187,0.039954920457730254,0.03870893938641247,0.8766167967066377,25,30,20
3,1784,0.041916413272338984,0.03995118636599742,0.039375741503320065,0.8787566588583444,25,30,20
3,1785,0.04023645702135263,0.0399472562465676,0.041461285007427816,0.8783550017246506,25,30,20
3,1786,0.03947116359609511,0.039954924739890575,0.041898653053645915,0.8786752586103692,25,30,20
3,1787,0.039444306093660016,0.03994243685304215,0.041898037234111625,0.8787152198191872,25,30,20
3,1788,0.03953307187109601,0.039951264502742105,0.042139989957172566,0.8783756736689909,25,30,20
3,1789,0.0413189883100131,0.03995524524953508,0.04047278207694032,0.8782529843635117,25,30,20
3,1790,0.04312952813579804,0.03994279524178562,0.03997218081870126,0.876955495803715,25,30,20
3,1791,0.04427217505750081,0.039117065615918246,0.04056800914247636,0.8760427501841046,25,30,20
3,1792,0.07447932800732976,0.03911683644446593,0.07669937496038574,0.8097044605878193,25,30,20
3,1793,0.0563725911585902,0.039116851936105215,0.08144298746047002,0.8230675694448338,25,30,20
3,1794,0.055519470271230456,0.03911685209472,0.08046789671629286,0.8248957809177572,25,30,20
3,1795,0.08291343436732661,0.03997474631200617,0.039939456473708494,0.8371723628469602,25,30,20
3,1796,0.08620732310854803,0.040005692330822615,0.03994180555652938,0.8338451790041005,25,30,20
3,1797,0.12112046984913186,0.039954707812446456,0.0030313567291561285,0.8358934656092653,25,30,20
3,1798,0.11821804060012223,0.03994271965125224,0.039335147538202185,0.8025040922104241,25,30,20
3,1799,0.11970348311581358,0.03994279279814605,0.04213750331171998,0.7982162207743194,25,30,20
3,1800,0.1161945939012448,0.039955907047136974,0.045409324581715135,0.7984401744699031,25,30,20
3,1801,0.10830868196960187,0.03994358136446738,0.04923087949976291,0.8025168571661687,25,30,20
3,1802,0.08035538047329836,0.03992354965715435,0.07738777418219339,0.8023332956873539,25,30,20
3,1803,0.08689031145024324,0.03992356125104619,0.0710390528383658,0.8021470744603447,25,30,20
3,1804,0.05187731730899884,0.038205559873425915,0.1111625963515422,0.7987545264660324,25,30,20
3,1805,0.04182167574498524,0.03995125419392997,0.1270078172407666,0.7912192528203181,25,30,20
3,1806,0.041776277495820045,0.040744150319213565,0.1194049264734343,0.7980746457115321,25,30,20
3,1807,0.0798719219757744,0.04074323037123513,0.08100770390967252,0.7983771437433174,25,30,20
3,1808,0.041311771174839425,0.04074167920064129,0.11980530850259222,0.798141241121927,25,30,20
3,1809,0.04339383158797107,0.03994229793027884,0.10232521095341522,0.814338659528334,25,30,20
3,1810,0.008244914416004077,0.03993540478533339,0.11294979500769106,0.8388698857909727,25,30,20
3,1811,0.008029791104395086,0.03992730386096297,0.11886414455607382,0.8331787604785688,25,30,20
3,1812,0.008044258658352172,0.039927544943931165,0.12157341813273613,0.8304547782649827,25,30,20
3,1813,0.0061928269978161945,0.03972430105950267,0.12368002414392168,0.8304028477987615,25,30,20
3,1814,0.04353699500469558,0.03993635587582121,0.08634296606440753,0.8301836830550755,25,30,20
3,1815,0.0059472139866604415,0.03993635528974058,0.1239453212261574,0.8301711094974417,25,30,20
3,1816,0.005500241252523919,0.039936355274902274,0.1298647603104695,0.8246986431621045,25,30,20
3,1817,0.004021312947876291,0.03993865359259221,0.13128600862537346,0.8247540248341569,25,30,20
3,1818,0.00286830078256016,0.03995164455949311,0.1185315953546953,0.8386484593032512,25,30,20
3,1819,0.04079108058339137,0.04059819477722195,0.08015904331855457,0.8384516813208311,25,30,20
3,1820,0.037858258592964884,0.040594213015707876,0.0859168870568276,0.8356306413344992,25,30,20
3,1821,0.06601318539208982,0.03995081973575884,0.05688037041224361,0.8371556244599074,25,30,20
3,1822,0.06536313765265042,0.03902536534135606,0.05688063124097832,0.8387308657650159,25,30,20
3,1823,0.055945327000411584,0.03902578390553687,0.06620729237000886,0.8388215967240431,25,30,20
3,1824,0.060094402690308864,0.03995467446345636,0.062196471278537106,0.8377544515676989,25,30,20
3,1825,0.06083326937209887,0.03996193073246893,0.06130406592203907,0.8379007339733936,25,30,20
3,1826,0.06531522434730279,0.03994294288764457,0.0558792229168886,0.8388626098481643,25,30,20
3,1827,0.06532481154059819,0.03995498408111167,0.05585347895449422,0.838866725423796,25,30,20
3,1828,0.08136738822546993,0.03995502049397514,0.0401405036466947,0.8385370876338594,25,30,20
3,1829,0.12129618841976027,0.039955197745223076,0.0010398368173356288,0.8377087770176808,25,30,20
3,1830,0.08743235964945394,0.03966076943032334,0.022522314335675756,0.8503845565845478,25,30,20
3,1831,0.08294063941279463,0.03984071749488675,0.00040855649395836463,0.8768100865983612,25,30,20
3,1832,0.04279108126038945,0.039840717443094475,0.03989538489423478,0.8774728164022817,25,30,20
3,1833,0.043210494564696236,0.03992730648825182,0.038973332864747384,0.8778888660823061,25,30,20
3,1834,0.04326868831131483,0.03994254567598688,0.03896603759482615,0.8778227284178732,25,30,20
3,1835,0.025256091163033033,0.03994254556514503,0.05599663566570622,0.8788047276061175,25,30,20
3,1836,0.02536630544963594,0.03990978827014287,0.05612602464386252,0.8785978816363589,25,30,20
3,1837,0.07287507047377587,0.039910108819710084,0.008746690103248635,0.878468130603265,25,30,20
3,1838,0.08138708306693813,0.03990979446464014,0.0008803675233972396,0.8778227549450246,25,30,20
3,1839,0.08155161101615552,0.039943202432651946,0.00035045258656237843,0.8781547339646301,25,30,20
3,1840,0.06553430302973731,0.03994321936327373,0.016515678753904185,0.8780067988530851,25,30,20
3,1841,0.06145592794632416,0.03994325373442058,0.021185964396549007,0.8774148539227066,25,30,20
3,1842,0.08036668068028355,0.039942778492766805,0.0019034921658338255,0.8777870486611156,25,30,20
3,1843,0.04450688909235971,0.03994300170946424,0.007230488672716059,0.908319620525461,25,30,20
3,1844,0.042316839473959394,0.039943001697712026,0.002631105248602123,0.9151090535797276,25,30,20
3,1845,0.04349962450642168,0.039943122460024266,1.846502666145824e-05,0.9165387880068931,25,30,20
3,1846,0.04319209140082981,0.03994312243705592,0.0001158784477671274,0.9167489077143464,25,30,20
3,1847,0.04119539613812309,0.0399431223945766,0.00017785618519719265,0.9186836252821018,25,30,20
3,1848,0.026416047532361264,0.03994313114721264,0.01581483662805125,0.9178259846923753,25,30,20
3,1849,0.0354848501640817,0.03994312298199173,0.011975819008217616,0.9125962078457079,25,30,20
3,1850,0.04125469311607823,0.039935442467024664,0.00023379234552523755,0.9185760720713729,25,30,20
3,1851,0.041332792878546055,0.0399113312163936,0.00026591473514019954,0.9184899611699212,25,30,20
3,1852,0.02029022645404404,0.03995450938847951,0.021640561801919235,0.9181147023555587,25,30,20
3,1853,0.02183843046006038,0.03995485757622863,0.021813900914448184,0.9163928110492631,25,30,20
3,1854,0.003049299620539009,0.039943246936105396,0.0391703535430435,0.9178370999003126,25,30,20
3,1855,0.003868918613835492,0.03995073381926767,0.04304738206759322,0.9131329654993039,25,30,20
3,1856,0.0033414003005291892,0.03995256900219726,0.010906583890251136,0.9457994468070225,25,30,20
3,1857,0.003175437346965794,0.03951796270521112,0.011346892854414491,0.9459597070934084,25,30,20
3,1858,0.0019879529861898376,0.03951612753000226,0.0004469605655265425,0.9580489589182831,25,30,20
3,1859,0.002089945613904741,0.03951612752674613,0.0004598057573470766,0.9579341211020018,25,30,20
3,1860,0.0026695363582062825,0.0394915005192477,0.0006693259703909806,0.9571696371521553,25,30,20
3,1861,0.00260940314170577,0.024517212379986227,0.015515855308457388,0.9573575291698496,25,30,20
3,1862,0.002814751743455874,0.039936072248874445,0.00011484934318551646,0.9571343266644842,25,30,20
3,1863,0.005358215041771966,0.03995125381412067,0.006343835300343635,0.9483466958437639,25,30,20
3,1864,0.00433203574866384,0.03786527068443135,0.0016583022607556126,0.9561443913061503,25,30,20
3,1865,0.004357249932336338,0.037865270683741806,0.0013121967781682606,0.9564652826057543,25,30,20
3,1866,0.001370966948999192,0.03994040655617773,1.988696425150623e-05,0.9586687395305721,25,30,20
3,1867,0.0024277049963875837,0.039926459576125437,1.3721249500081942e-05,0.9576321141779861,25,30,20
3,1868,0.0023927092756192685,0.03995499232488272,0.000381198638096023,0.9572710997614012,25,30,20
3,1869,0.0013532440043352728,0.03995499230320084,6.65548025980531e-06,0.9586851082122044,25,30,20
3,1870,0.0014057132503351296,0.03994322321107615,0.0003098474500341917,0.9583412160885555,25,30,20
3,1871,0.0013985219061238958,0.03994322321834189,5.050920999023682e-06,0.9586532039545359,25,30,20
3,1872,0.0023488882389117146,0.03991141375231238,1.8751645525724763e-05,0.9577209463632507,25,30,20
3,1873,0.0014195833629657658,0.03991141373694687,1.9786243046558086e-05,0.9586492166570392,25,30,20
3,1874,0.0023290661451480107,0.039950869287190355,3.547493715558601e-06,0.9577165170739452,25,30,20
3,1875,0.002328428019581586,0.039955200510364074,0.00013479932022965872,0.9575815721498233,25,30,20
3,1876,0.0013573712655714665,0.0399550044854572,0.0005089064184483225,0.9581787178305237,25,30,20
3,1877,0.0025772442572493887,0.039943221746383824,0.00013693209736246066,0.9573426018990056,25,30,20
3,1878,0.002404630870587434,0.039954314405836196,1.7368444803791094e-05,0.9576236862787724,25,30,20
3,1879,0.0014075408522831435,0.03995431437871497,1.967279031273981e-05,0.9586184719786889,25,30,20
3,1880,0.001356623615693781,0.03989588937480744,5.2678921706995544e-05,0.9586948080877917,25,30,20
3,1881,0.001372484150104592,0.03989588938375079,5.250113520217323e-05,0.9586791253309426,25,30,20
3,1882,0.0012887923862424525,0.039942993989142306,2.1071300966787844e-05,0.9587471423236481,25,30,20
3,1883,0.0013605774438732472,0.0399429942250806,2.4765561842174736e-06,0.9586939517748622,25,30,20
3,1884,0.0014011776965631936,0.03995497604824831,0.00013160721004221496,0.9585122390451462,25,30,20
3,1885,0.0022411242123253055,0.03995497604832335,2.3940659709217147e-06,0.9578015056733797,25,30,20
3,1886,0.001384248421949142,0.03991083712903393,0.00041114842144893637,0.9582937660275681,25,30,20
3,1887,0.001388700598161305,0.0399510710806514,4.398982900852909e-06,0.9586558293382869,25,30,20
3,1888,0.001700391809083884,0.0399231908520502,3.683541818485264e-05,0.9583395819206817,25,30,20
3,1889,0.002549317276637371,0.03994270211243867,5.828480186738502e-06,0.9575021521307384,25,30,20
3,1890,0.0013980018217722308,0.039951258195844164,2.2832057695743367e-06,0.9586484567766146,25,30,20
3,1891,0.0023047773836076886,0.014156178658160459,0.025796154632685565,0.9577428893255475,25,30,20
3,1892,0.001231277245346951,0.014156178657597811,0.02579935138367119,0.9588131927133849,25,30,20
3,1893,0.0013424612615982228,0.014156178658694864,0.025797217608202874,0.9587041424715054,25,30,20
3,1894,0.003559847045498159,0.03772968640365906,0.006380023222885036,0.952330443327958,25,30,20
3,1895,0.001989983288871893,0.03994281264267391,0.00013548166250900516,0.9579317224059463,25,30,20
3,1896,0.005531080615377127,0.03994281266631595,1.2039311204801698e-05,0.9545140674071027,25,30,20
3,1897,0.0022155328381619393,0.03990474086312007,3.239393386102188e-05,0.9578473323648553,25,30,20
3,1898,0.0023572481241217256,0.03990474085369331,4.2707466525243624e-05,0.957695303555659,25,30,20
3,1899,0.0014254757906669328,0.03995490902730137,1.714192642049487e-05,0.9586024732556124,25,30,20
3,1900,0.0018082517138355186,0.03995479204367718,2.059823955178967e-05,0.9582163580029358,25,30,20
3,1901,0.001399362597192413,0.03995479204803999,7.427372207697171e-06,0.9586384179825603,25,30,20
3,1902,0.001363205047849794,0.03995479204722774,0.013956891570897596,0.9447251113340245,25,30,20
3,1903,0.004042882072895288,0.039939472729940785,2.2023179382131933e-05,0.9559956220177824,25,30,20
3,1904,0.004069616027704043,0.039939472730029735,0.0003923051077169267,0.9555986061345491,25,30,20
3,1905,0.0023711375054597367,0.03993947261113049,1.3285030971957679e-05,0.9576761048524385,25,30,20
3,1906,0.0017557116541222328,0.03995498813850016,0.0002750985742927826,0.9580142016330858,25,30,20
3,1907,0.039301391615909176,0.039923548479166675,0.002128634152764561,0.9186464257521607,25,30,20
3,1908,0.03789910385560826,0.03989537504856855,0.00344097872991252,0.9187645423659104,25,30,20
3,1909,0.04131375095041515,0.039942811969638094,0.003693406266769832,0.9150500308131762,25,30,20
3,1910,0.037866499629179165,0.039942502062858584,0.0034463300236344126,0.9187446682843272,25,30,20
3,1911,0.04163423233265979,0.039942501964447936,0.0007601426788163364,0.9176631230240759,25,30,20
3,1912,0.04115822426874959,0.039920833738973725,0.0010522629150736857,0.9178686790772036,25,30,20
3,1913,0.04207403346744336,0.03992083374322959,0.0010545221046006075,0.9169506106847269,25,30,20
3,1914,0.017925393053653194,0.03995431255006729,0.02344667874715522,0.9186736156491253,25,30,20
3,1915,0.017939776570868912,0.03994281865066593,0.023534354361991746,0.9185830504164736,25,30,20
3,1916,0.021579011564950047,0.03994230778236305,0.023540168433423485,0.9149385122192638,25,30,20
3,1917,0.041808636432202624,0.039943206699192046,0.00011789482165699116,0.9181302620469484,25,30,20
3,1918,0.0415250507496693,0.038231045799545324,0.0018285582609048226,0.9184153451898809,25,30,20
3,1919,0.005323714938880039,0.03994258054434706,0.036090427877306944,0.9186432766394674,25,30,20
3,1920,0.005684002801605697,0.039955206145396965,0.03644345004800767,0.91791734100499,25,30,20
3,1921,0.0026370425620886877,0.039929617904119585,0.039958804998754774,0.9174745345350375,25,30,20
3,1922,0.0022609965144035067,0.03949166511091164,0.04034622179893698,0.9179011165757484,25,30,20
3,1923,0.001706540899942201,0.03995126811598612,0.039912882130955826,0.9184293088531166,25,30,20
3,1924,0.0014153625488790777,0.03995125850337134,0.039919063116934696,0.9187143158308144,25,30,20
3,1925,0.0013471430821201846,0.03993279792207031,0.03998069476687953,0.9187393642289301,25,30,20
3,1926,0.0013380431288815614,0.03993279792483702,0.04007300937739236,0.9186561495688897,25,30,20
3,1927,0.0015424301147424519,0.03990395600502108,0.03984736478214848,0.9187062490980885,25,30,20
3,1928,0.0015705273312899553,0.0399426925982281,0.040085326066541006,0.9184014540039417,25,30,20
3,1929,0.029472127887551162,0.03995426083644862,0.014282289998148982,0.9162913212778515,25,30,20
3,1930,0.001394474599894531,0.03995512316367092,0.04037403496703214,0.9182763672694031,25,30,20
3,1931,0.0013823090053413686,0.03995512316257458,0.04652795250577136,0.9121346153263141,25,30,20
3,1932,0.004074643471640251,0.039955123167780326,0.04002713732820176,0.915943096032378,25,30,20
3,1933,0.01706826133490397,0.021220651955597566,0.04685626891442747,0.9148548177950707,25,30,20
3,1934,0.04115655812823399,0.021220652296200168,0.019073874322148986,0.9185489152534165,25,30,20
3,1935,0.041152399216116395,0.03992731393631068,0.0003413309975266412,0.918578955850046,25,30,20
3,1936,0.004160234808813679,0.03994291776975977,0.038103508488448144,0.9177933389329792,25,30,20
3,1937,0.0016641091202409125,0.03993863308937593,0.04525598069035956,0.9131412771000239,25,30,20
3,1938,0.00643602417974556,0.039938637345389175,0.035343828357260056,0.918281510117606,25,30,20
3,1939,0.0014253536833190765,0.039938632920017786,0.03995180390046718,0.9186842094961962,25,30,20
3,1940,0.0013483186829079637,0.039938632923993696,0.03993103842170247,0.918782009971398,25,30,20
3,1941,0.012039106518435327,0.03993929684368249,0.029340504590562963,0.9186810920473207,25,30,20
3,1942,0.002214121083406158,0.03994322449727965,0.03933373655446685,0.9185089178648488,25,30,20
3,1943,0.0038100990739106623,0.039959202733083295,0.039856893849418096,0.9163738043435898,25,30,20
3,1944,0.0039839544387238945,0.03995920286239868,0.03987255627686706,0.9161842864220108,25,30,20
3,1945,0.001942406488565538,0.03994563666418068,0.039905863531325275,0.9182060933159306,25,30,20
3,1946,0.0022071873915600897,0.03993174860255466,0.03968360783877428,0.9181774561671125,25,30,20
3,1947,0.001592089080617995,0.03993174847083834,0.03996581242524765,0.9185103500232974,25,30,20
3,1948,0.0051719305105237725,0.03845121371690889,0.037581014862115826,0.9187958409104521,25,30,20
3,1949,0.005253327029897471,0.03845121371725199,0.03757358321367541,0.9187218760391738,25,30,20
3,1950,0.0043280138355689945,0.03870574538447125,0.038498023630207545,0.9184682171497518,25,30,20
3,1951,0.001505374304889921,0.038706100818264935,0.04118761142307796,0.9186009134537675,25,30,20
3,1952,0.001520492595519154,0.03992769819937216,0.04031629436318419,0.9182355148419232,25,30,20
3,1953,0.0015265103767031318,0.03994293672886034,0.039931445104801316,0.9185991077896349,25,30,20
3,1954,0.0017435638967643564,0.0399505727609932,0.03995705239792272,0.91834881094432,25,30,20
3,1955,0.0013962003281000918,0.03994321089734992,0.03995988334743515,0.918700705427115,25,30,20
3,1956,0.001715581554986123,0.03993991854523466,0.039960787938871846,0.9183837119609063,25,30,20
3,1957,0.0014127447410165266,0.03996002210084351,0.03987535563381394,0.9187518775243252,25,30,20
3,1958,0.0014537682834008586,0.039960022100425714,0.03987120962541403,0.9187149999907599,25,30,20
3,1959,0.0014846073275910422,0.03996242003966374,0.046082542832420505,0.9124704298003244,25,30,20
3,1960,0.0019655924216132005,0.0399422130452648,0.04003869860062536,0.9180534959324964,25,30,20
3,1961,0.0016477383684680344,0.03994221292736087,0.03992263568897216,0.9184874130152001,25,30,20
3,1962,0.003152039573669294,0.0399546488505285,0.03992400794329804,0.9169693036325044,25,30,20
3,1963,0.004018825777900398,0.03991126313692886,0.03818469139889082,0.917885219686281,25,30,20
3,1964,0.003959682477908568,0.03995437445043995,0.03815477340343194,0.9179311696682187,25,30,20
3,1965,0.001989954576247356,0.03993365659553319,0.04010632344232676,0.9179700653858924,25,30,20
3,1966,0.0017257248830071497,0.03993365658104395,0.04010786626099512,0.9182327522749537,25,30,20
3,1967,0.00483857410323441,0.039923541789171554,0.03996491521358028,0.9152729688940147,25,30,20
3,1968,0.0013718435197537459,0.039942922221981966,0.039924912783035824,0.91876032147523,25,30,20
3,1969,0.0016853722344540537,0.03994292223289604,0.03988805484662341,0.9184836506860282,25,30,20
3,1970,0.001967131937688972,0.039920221465512835,0.03991465227501805,0.9181979943217814,25,30,20
3,1971,0.0014549942599614066,0.039943227205764896,0.03989182674985644,0.9187099517844188,25,30,20
3,1972,0.0023287026901160387,0.03995486075659461,0.039892463027638624,0.9178239735256526,25,30,20
3,1973,0.003302441760431659,0.03992322051269451,0.03796591822547419,0.9188084195014014,25,30,20
3,1974,0.04185124558286029,0.039951025527368754,8.843691386152909e-05,0.9181092919759101,25,30,20
3,1975,0.04162498312953997,0.03995498276790654,0.014030907375515982,0.904389126727039,25,30,20
3,1976,0.04126432080786579,0.03990493507373513,0.004686694821813298,0.9141440492965862,25,30,20
3,1977,0.04127772089330056,0.03994315167765686,0.004516974921195661,0.914262152507847,25,30,20
3,1978,0.040977862991716074,0.03995457476095248,0.00504151503473698,0.9140260472125958,25,30,20
3,1979,0.04153811667938294,0.039954574786078154,0.004793625559630624,0.9137136829749083,25,30,20
3,1980,0.002173672827387044,0.039943220514126,5.7964207769211315e-06,0.9578773102377105,25,30,20
3,1981,0.0024400169423578386,0.039943220518460686,9.698395723770378e-05,0.957519778581944,25,30,20
3,1982,0.002539663641396529,0.03993587481821698,0.00011103975029345938,0.9574134217900934,25,30,20
3,1983,0.002208386586986248,0.03994315205888698,9.425164253981284e-05,0.9577542097115864,25,30,20
3,1984,0.0028415861004249614,0.039943152093774685,9.622030055663342e-05,0.9571190415052435,25,30,20
3,1985,0.003916694983644515,0.039943152089496746,0.00010372941175629227,0.9560364235151023,25,30,20
3,1986,0.002698047665107544,0.0399545892650072,1.2997339544569627e-05,0.9573343657303411,25,30,20
3,1987,0.001772161426360133,0.03995125517209444,1.888314002589017e-05,0.9582577002615192,25,30,20
3,1988,0.0018282547656959627,0.03995125517215152,5.934185782331685e-06,0.9582145558763699,25,30,20
3,1989,0.001334511114238748,0.0399512551498754,0.00010995499939173773,0.9586042787364939,25,30,20
3,1990,0.002319152246767221,0.03994298736416896,0.0002246797648342412,0.9575131806242299,25,30,20
3,1991,0.0022544633312935884,0.03995499085207355,0.0001455036344772239,0.9576450421821567,25,30,20
3,1992,0.002561147803370923,0.0004044444255523462,0.039550880305421664,0.9574835274656571,25,30,20
3,1993,0.0037226144204390898,4.296836980276822e-09,0.03813701048570486,0.9581403707970185,25,30,20
3,1994,0.0016370047364882144,4.536369270106162e-11,0.03992520760780548,0.9584377876103433,25,30,20
3,1995,0.001982971963109961,5.496699783610485e-11,0.03996397944416324,0.9580530485377594,25,30,20
3,1996,0.0026410382705953344,4.3631679739618984e-11,0.03996861387804876,0.957390347807725,25,30,20
3,1997,0.002445561566714452,3.0506630742825897e-11,0.039960016472396706,0.9575944219303826,25,30,20
3,1998,0.0025172664090639067,1.4411093520238531e-05,0.04002666358663486,0.9574416589107804,25,30,20
3,1999,0.0033121042799163043,5.5070661674634146e-11,0.04005037891147066,0.956637516753542,25,30,20
3,2000,0.0054947890665244395,4.47015196350428e-09,0.03978485224162835,0.9547203542216961,25,30,20
3,2001,0.006890673682916852,1.4044129029564378e-05,0.03899814831482487,0.9540971338732293,25,30,20
3,2002,0.0058686022569540116,1.404414408738089e-05,0.03899901499923119,0.9551183385997257,25,30,20
3,2003,0.002835654825466764,0.0002685741509891442,0.03967594576211983,0.9572198252614241,25,30,20
3,2004,0.0029748905364436716,1.35831228672291e-08,0.039274130238059785,0.9577509656423748,25,30,20
3,2005,0.002308040776638537,1.9717042092781688e-05,0.038926227701725866,0.9587460144795423,25,30,20
3,2006,0.0025765114890659003,0.001108506782113095,0.038590390981073266,0.9577245907477479,25,30,20
3,2007,0.0020520140652616737,6.630176530142347e-09,0.03994975494228097,0.9579982243622804,25,30,20
3,2008,0.003427624774110173,6.901013184859878e-09,0.03996294210399202,0.9566094262208859,25,30,20
3,2009,0.0027981203952219414,2.96845948049393e-10,0.04028309972050547,0.9569187795874282,25,30,20
3,2010,0.026950856881848777,0.0003165352966858056,0.015190840428478656,0.9575417673929876,25,30,20
3,2011,0.0065955000077595645,4.786873465025811e-10,0.03604454217998009,0.9573599573335748,25,30,20
3,2012,0.002957290297678018,5.170531641767442e-11,0.03995903202584416,0.9570836776247736,25,30,20
3,2013,0.027548737229346764,1.7211788565707875e-07,0.015794605510561933,0.9566564851422058,25,30,20
3,2014,0.04304806497675999,5.646817259856544e-11,0.0003337225501079348,0.9566182124166643,25,30,20
3,2015,0.0040184710072856365,2.6280561325897114e-07,0.039467774708163865,0.956513491478939,25,30,20
3,2016,0.0019574759286636917,2.6278747972550823e-07,0.039477510785316076,0.9585647504985413,25,30,20
3,2017,0.0030576356394381356,5.440591842607016e-11,0.00026321576303137205,0.9966791485431252,25,30,20
3,2018,0.0013046517860099735,2.4971092627119054e-11,0.00010139505438826879,0.9985939531346305,25,30,20
3,2019,0.0014996087670691013,3.525171429278647e-11,0.006205576397446491,0.9922948148002328,25,30,20
3,2020,0.0017841413099312544,5.176733100678576e-11,0.00647777834973198,0.9917380802885691,25,30,20
3,2021,0.0033070941680400697,1.0232316140358358e-10,0.006119914136692396,0.9905729915929455,25,30,20
3,2022,0.0021853166523814953,3.499269940313095e-11,3.0680405016466147e-06,0.9978116152721238,25,30,20
3,2023,0.0012806844874898313,2.4769604834228708e-11,4.502390069931185e-06,0.9987148130976701,25,30,20
3,2024,0.0016461967340575118,4.3979396236506653e-11,9.510891796045255e-05,0.9982586943040012,25,30,20
3,2025,0.0013611263274946545,2.272354143471259e-11,2.260863471054262e-06,0.99863661278631,25,30,20
3,2026,0.0016350920089349648,3.29005049199771e-11,0.0001324595088336654,0.9982324484493316,25,30,20
3,2027,0.003924917458273562,2.8559455822720072e-11,7.109555982548731e-06,0.9960679729571846,25,30,20
3,2028,0.001270853124363258,2.066985550517152e-11,0.0003814576820472118,0.9983476891729203,25,30,20
3,2029,0.0023125826496765535,2.9039762133168426e-11,0.00037874196238814247,0.9973086753588949,25,30,20
3,2030,0.001422831439384911,2.058782662162062e-11,0.00014116183445445567,0.9984360067055718,25,30,20
3,2031,0.0023317510971013295,3.389216209612143e-11,0.00014528237921186934,0.9975229664897958,25,30,20
3,2032,0.004021910680365667,4.8627582048756194e-11,0.00010977968409145316,0.9958683095869152,25,30,20
3,2033,0.0028374757064321215,6.54694638464034e-11,2.0795583999349337e-05,0.9971417286440996,25,30,20
3,2034,0.004087453640176341,9.622334629616584e-11,2.0969563810446594e-05,0.9958915766997904,25,30,20
3,2035,0.0025388723756988624,4.513442667644541e-11,0.0002706387923454165,0.9971904887868215,25,30,20
3,2036,0.0034630978296349563,4.820337941846471e-11,0.00027292973757507165,0.9962639723845871,25,30,20
3,2037,0.0034797262836767395,4.449837413166942e-11,0.00035198529095891947,0.9961682883808666,25,30,20
3,2038,0.0044388211253243905,3.8945624634999504e-11,0.00026230437384531103,0.9952988744618844,25,30,20
3,2039,0.0027873141810216846,5.2164047876299244e-11,0.00026153610667330895,0.9969511496601412,25,30,20
3,2040,0.001773403260812052,3.085012120828331e-11,0.00025895127961366886,0.9979676454287252,25,30,20
3,2041,0.0036499557599779632,4.088437734158045e-11,0.00010149389991060883,0.9962485502992279,25,30,20
3,2042,0.0019403246118082907,4.6973751899461575e-11,9.80048225514971e-05,0.997961670518666,25,30,20
3,2043,0.0014819525244575845,3.0502067248329387e-11,1.1736506389570534e-05,0.9985063109386497,25,30,20
3,2044,0.0013644552965977413,3.5140773789485114e-11,4.0179831717583e-06,0.998631526685089,25,30,20
3,2045,0.0016246577258037273,4.4754838888527185e-11,0.014048582816382781,0.9843267594130587,25,30,20
3,2046,0.00257909704327827,5.254026445438459e-11,0.014049307443646415,0.9833715954605357,25,30,20
3,2047,0.002364824730093939,3.569154318958991e-11,0.00022949472632018564,0.9974056805078949,25,30,20
3,2048,0.0023687425923093193,3.8572697195904055e-11,5.609996884632551e-06,0.9976256473722335,25,30,20
3,2049,0.002099248752489167,3.0352054421770535e-11,4.1933299398986744e-06,0.997896557887219,25,30,20
3,2050,0.0015772812742503417,3.541647046945764e-11,9.865679551986954e-06,0.9984128530107819,25,30,20
3,2051,0.0031356949620909903,3.940344231847677e-11,1.4887286456098584e-05,0.996849417712051,25,30,20
3,2052,0.003425358655921081,4.9875544323757955e-11,1.5611079974734453e-05,0.9965590302142283,25,30,20
3,2053,0.004188268887195865,4.81166860483619e-11,0.00012725268655478056,0.9956844783781326,25,30,20
3,2054,0.0025450194885958287,4.6065283027535725e-11,0.0001283589172741221,0.9973266215480661,25,30,20
3,2055,0.0023149903288074906,4.0485017297191615e-11,0.0001883245388782164,0.9974966850918294,25,30,20
3,2056,0.0023000810776864188,3.97414263873368e-11,9.566405890507412e-05,0.9976042548236673,25,30,20
3,2057,0.0025553740252295303,4.5470316257077085e-11,6.378083227003625e-06,0.9974382478460724,25,30,20
3,2058,0.002564118819998333,4.607574455059132e-11,1.3029888729660265e-05,0.9974228512451967,25,30,20
3,2059,0.0025764792671562936,4.386844792937804e-11,1.8316922606426358e-05,0.997405203766369,25,30,20
3,2060,0.0019470306393401982,4.794275661166946e-11,1.989622479082261e-05,0.9980330730879257,25,30,20
3,2061,0.001884802559422557,2.957562047444384e-11,0.006248010594672848,0.9918671868163287,25,30,20
3,2062,0.0025221839140994657,4.0469452126644225e-11,0.0002895025329777534,0.9971883135124532,25,30,20
3,2063,0.0023512529966320988,4.065205874385686e-11,0.0002885654850993002,0.9973601814776177,25,30,20
3,2064,0.00164855412096713,3.600576217462091e-11,0.00012894272663827963,0.9982225031163885,25,30,20
3,2065,0.0025328306426427283,4.724843892431928e-11,0.004657582845794607,0.9928095864643148,25,30,20
3,2066,0.002300507326626846,3.700601708550222e-11,1.1671152765110626e-05,0.9976878214836035,25,30,20
3,2067,0.006528089076769219,3.7224357587037915e-11,1.3203909652199747e-05,0.9934587069763561,25,30,20
3,2068,0.002231235930271647,2.957735330561113e-11,1.8834179905186e-05,0.9977499298602462,25,30,20
3,2069,0.00498854133938002,5.439202401149859e-11,2.052362209997757e-05,0.9949909349841292,25,30,20
3,2070,0.003994734845898454,4.54167707705557e-11,1.0936604779296912e-05,0.9959943285039062,25,30,20
3,2071,0.00230337253662246,2.9060190442099287e-11,9.35932899363613e-06,0.9976872681053243,25,30,20
3,2072,0.002245116599618671,2.8463176931336774e-11,1.1733565091026985e-05,0.9977431498068269,25,30,20
3,2073,0.00224782331449006,3.57186239257516e-11,0.00027572544510081953,0.9974764512046908,25,30,20
3,2074,0.0013529112878991351,2.7155161886850027e-11,9.761522848710504e-06,0.9986373271620961,25,30,20
3,2075,0.0013495040822710741,2.0891534104682022e-11,1.4055200537734947e-05,0.9986364406962991,25,30,20
3,2076,0.0013564078849464156,2.0637993977315255e-11,0.00013828034058463023,0.9985053117538301,25,30,20
3,2077,0.025390911945228325,5.516607405062646e-09,0.00031171601889231704,0.9742973665192727,25,30,20
3,2078,0.02536057386519402,5.516265261800517e-09,0.0003050593884142242,0.9743343612301264,25,30,20
3,2079,0.025418024523165626,5.528367623807245e-09,0.0003999322757111364,0.9741820376727561,25,30,20
3,2080,0.06532061414916485,5.556429596968456e-09,0.00041510918589299727,0.9342642711085135,25,30,20
3,2081,0.06255537710082847,5.536273682355044e-09,0.004213364268271897,0.9332312530946255,25,30,20
3,2082,0.07361149953743258,4.558517294806274e-09,0.007939669101743988,0.9184488268023064,25,30,20
3,2083,0.07738338633873641,5.399375394585657e-09,0.005974568544933087,0.9166420397169545,25,30,20
3,2084,0.06898807677327425,1.5450086830011473e-08,0.014278474416643809,0.9167334333599955,25,30,20
3,2085,0.06522936483600648,1.4916093661446532e-08,0.01797698161327016,0.9167936386346299,25,30,20
3,2086,0.07907033955748262,7.470095588225955e-09,0.0415715842655513,0.8793580687068713,25,30,20
3,2087,0.04566235663588235,7.57234137422661e-09,0.0825844038822302,0.8717532319095471,25,30,20
3,2088,0.0055490463120585224,1.1919570990429252e-10,0.11581843564977284,0.8786325179189741,25,30,20
3,2089,0.054724027870794424,9.458917289544739e-10,0.0665881528898612,0.8786878182934538,25,30,20
3,2090,0.05379902181031263,5.14004249809564e-06,0.06707668463095445,0.8791191535162352,25,30,20
3,2091,0.09687854044861913,8.586319808492102e-09,0.024398825758659766,0.8787226252064017,25,30,20
3,2092,0.10143208332189271,2.471643979859838e-07,0.019823382154599372,0.8787442873591093,25,30,20
3,2093,0.11503218415567554,1.6954368755083835e-09,0.006218502134999514,0.8787493120138872,25,30,20
3,2094,0.12208893368237925,7.999771326277901e-10,5.111011648498342e-05,0.877859955401158,25,30,20
3,2095,0.06681791984903182,7.287729498368904e-10,0.05454388391441587,0.8786381955077794,25,30,20
3,2096,0.05684457485134445,2.0535405462584082e-09,0.06464352177475248,0.878511901320363,25,30,20
3,2097,0.07099160912161856,8.663511379631573e-09,0.05107858619803378,0.8779297960168351,25,30,20
3,2098,0.07416090096437815,1.4022732615744342e-08,0.04741204463217166,0.8784270403807177,25,30,20
3,2099,0.03564512775507069,2.6746589172822437e-07,0.08551732196464001,0.8788372828143984,25,30,20
3,2100,0.03556024802144199,1.9978054963815418e-05,0.08557443349450126,0.8788453404290932,25,30,20
3,2101,0.03200093969472733,1.7446066545421297e-07,0.08913896927296662,0.8788599165716409,25,30,20
3,2102,0.042197140665613385,0.014155207236811775,0.06486430487732144,0.8787833472202545,25,30,20
3,2103,0.042258688777626105,0.03995515207729163,0.039067195940328675,0.878718963204754,25,30,20
3,2104,0.0051834004466715326,0.03994340417906164,0.07796029957535429,0.8769128957989135,25,30,20
3,2105,0.05265762316111555,0.03991125296931607,0.03133988246858878,0.876091241400979,25,30,20
3,2106,0.07994838110805913,0.03995125694441426,0.002196302791105388,0.8779040591564191,25,30,20
3,2107,0.08175538366755647,0.039927308048663526,4.506737114642256e-05,0.878272240912632,25,30,20
3,2108,0.08250108005197104,0.03992730804048108,3.851368518766997e-05,0.8775330982223593,25,30,20
3,2109,0.08130506454729558,0.03994320855842894,3.752529105498565e-05,0.8787142016032196,25,30,20
3,2110,0.040701625650154484,0.03994348854221938,0.04083506179428199,0.8785198240133435,25,30,20
3,2111,0.0387217290937487,0.0378266377288768,0.011513982842019736,0.9119376503353557,25,30,20
3,2112,0.03576762714394067,0.039942861781909554,0.011779605981110495,0.9125099050930402,25,30,20
3,2113,0.0367990558326784,0.0399550816929757,0.004447785927689463,0.918798076546656,25,30,20
3,2114,0.0368583798239644,0.0399352341749006,0.004450189588940383,0.9187561964121942,25,30,20
3,2115,0.04186872689257529,0.039954984747476295,0.004444683354610889,0.9137316050053377,25,30,20
3,2116,0.006531313655406321,0.039943223153059954,0.0360451286227911,0.9174803345687438,25,30,20
3,2117,0.007936946395087229,0.03995498290722413,0.03576128223691461,0.9163467884607743,25,30,20
3,2118,0.006797050850576633,0.039923266986138545,0.035788396636104926,0.9174912855271793,25,30,20
3,2119,0.0031336563651610133,0.03946849742625513,0.03994294898124514,0.9174548972273391,25,30,20
3,2120,0.011298641642158056,0.03946853100662674,0.0307459623527822,0.9184868649984333,25,30,20
3,2121,0.011172132716528076,0.040131327063400404,0.03306356807438605,0.9156329721456862,25,30,20
3,2122,0.001920594172828738,0.03994670885462686,0.040085446304911274,0.9180472506676323,25,30,20
3,2123,0.04129271646310404,0.039946708846684255,0.0005131392656890398,0.9182474354245224,25,30,20
3,2124,0.042453814492183425,0.03994321545609686,0.0005066495787182885,0.9170963204730025,25,30,20
3,2125,0.045943343839027796,0.03994358770443959,0.0004056936268915351,0.9137073748296421,25,30,20
3,2126,0.039944652243504734,0.03994359097357891,0.004593874321217414,0.9155178824616993,25,30,20
3,2127,0.02614986192492793,0.03992704478937261,0.016406681150796843,0.9175164121349018,25,30,20
3,2128,0.04127798959289878,0.0399432188839672,0.0008421970633469767,0.917936594459787,25,30,20
3,2129,0.04141649830953012,0.03994321877014702,0.007088328878015564,0.9115519540423079,25,30,20
3,2130,0.042449011977226336,0.0011708555212370942,0.03915173457840467,0.9172283979231329,25,30,20
3,2131,0.0037297070732840616,0.0010442370387277466,0.08100962677968523,0.9142164291083038,25,30,20
3,2132,0.0016420092847233836,0.0010420185680595443,0.07860929671376514,0.918706675433453,25,30,20
3,2133,0.011659400865435049,0.0010427632783328823,0.06864670935792452,0.9186511264983092,25,30,20
3,2134,0.011563458949329584,0.038188669888957506,0.035804721334855114,0.9144431498268583,25,30,20
3,2135,0.011523805498645356,0.03994347219795948,0.03409031267619063,0.9144424096272032,25,30,20
3,2136,0.0016747707851993132,0.03988866419994982,0.04561057607201532,0.9128259889428356,25,30,20
3,2137,0.001451844311103026,0.03988901891883792,0.03996497109675739,0.9186941656733018,25,30,20
3,2138,0.0013946011637483375,0.039943177483424755,0.044462913454253385,0.9141993078985737,25,30,20
3,2139,0.0015679981861523207,0.03991413629576021,0.00459875203968202,0.9539191134784049,25,30,20
3,2140,0.0024147479968496437,0.03991413642361096,0.010832445126065697,0.9468386704534744,25,30,20
3,2141,0.0013719968692073197,0.039914136264841055,0.006247104169779252,0.9524667626961738,25,30,20
3,2142,0.0012662935660080821,0.03990409799832691,3.817374348804592e-05,0.9587914346921776,25,30,20
3,2143,0.0014740269018880094,0.039951177894340176,1.0414901777946362e-05,0.9585643803019938,25,30,20
3,2144,0.0013584191875235297,0.03995117789687993,2.4350506075874905e-06,0.9586879678649894,25,30,20
3,2145,0.0016635317050416238,0.03995122257214411,0.0003532846802381136,0.9580319610425775,25,30,20
3,2146,0.002247719462610517,0.03994299919352728,1.2874848805332728e-05,0.9577964064950578,25,30,20
3,2147,0.0022300125953971703,0.039954424524325904,2.105441445790645e-05,0.95779450846582,25,30,20
3,2148,0.004024170386097249,0.03995519928516667,8.353457477959773e-06,0.9560122768712587,25,30,20
3,2149,0.003997714966690883,0.039927308662559995,9.784531878404392e-06,0.9560651918388697,25,30,20
3,2150,0.0022434828197124422,0.03992730865603874,9.63045368976301e-05,0.9577329039873511,25,30,20
3,2151,0.0014552367880632613,0.039927308650951336,0.00011040632150529054,0.958507048239481,25,30,20
3,2152,0.001986500309183226,0.014160272779012889,0.065847512605583,0.9180057143062199,25,30,20
3,2153,0.0014697899661488432,0.03994300127854049,0.03991698248448841,0.9186702262708224,25,30,20
3,2154,0.04110799978337179,0.03994300067395318,0.00035524567905829296,0.9185937538636169,25,30,20
3,2155,0.03996233464597767,0.039676531222653307,0.0018918229139248954,0.9184693112174438,25,30,20
3,2156,0.007297213609349234,0.03992634857531692,0.03649589179465803,0.9162805460206752,25,30,20
3,2157,0.007318297700328765,0.03994259128127411,0.036119827100641586,0.9166192839177545,25,30,20
3,2158,0.00641101477035479,0.039942591268288835,0.03586247442796923,0.917783919533387,25,30,20
3,2159,0.0021924551334435885,0.03995440608919342,0.03995320283045971,0.917899935946904,25,30,20
3,2160,0.002244990445181597,0.039955183588461944,0.04008007854243977,0.9177197474239179,25,30,20
3,2161,0.002757077119406698,0.03903635280143235,0.03996387547492079,0.9182426946042404,25,30,20
3,2162,0.002754437251697409,0.039036352792396214,0.03995944775300677,0.9182497622028994,25,30,20
3,2163,0.003016857870632239,0.03927450665067021,0.04042406658145759,0.9172845688972405,25,30,20
3,2164,0.03446354071126443,0.03995491103384361,0.005647156984001279,0.9199343912708906,25,30,20
3,2165,0.0347205650448303,0.039888573890637324,0.005650271643588614,0.9197405894209432,25,30,20
3,2166,0.04149371798442299,0.03988857178023723,0.00039038723274283685,0.9182273230025967,25,30,20
3,2167,0.04153450633284697,0.03992662081298133,0.0004112284684597011,0.9181276443857105,25,30,20
3,2168,0.04221067991600941,0.039954983429262535,7.81351587096634e-06,0.9178265231388576,25,30,20
3,2169,0.04204916008316215,0.03946775576400369,1.158142985172228e-05,0.9184715027229822,25,30,20
3,2170,0.03549193550090433,0.03994321656160864,0.005906764468222116,0.9186580834692647,25,30,20
3,2171,0.0411431852390047,0.0399549097804694,0.00019673410267589448,0.9187051708778498,25,30,20
3,2172,0.04120961949576795,0.03995490977373249,3.443425104117696e-05,0.9188010364794584,25,30,20
3,2173,0.041323274538707364,0.03995126875953452,3.228431611609459e-05,0.9186931723856416,25,30,20
3,2174,0.04419655703981608,0.039942970918421625,0.0005111106975641478,0.9153493613441981,25,30,20
3,2175,0.03576432454567342,0.03994300827692317,0.005708462692773023,0.9185842044846306,25,30,20
3,2176,0.036359147977831206,0.03994300826289492,0.005705147265797822,0.917992696493475,25,30,20
3,2177,0.036877746703440586,0.03907160321184997,0.006319674386684396,0.917730975698024,25,30,20
3,2178,0.03685021284533192,0.03994300697764211,0.005817009865466155,0.9173897703115594,25,30,20
3,2179,0.042278675357742976,0.03994299508026556,2.4092154270258747e-05,0.9177542374077212,25,30,20
3,2180,0.04222773426419362,0.03995485639982101,5.699559109291175e-05,0.9177604137448921,25,30,20
3,2181,0.03741767295109884,0.03946818681614843,0.005768885935934351,0.9173452542968191,25,30,20
3,2182,0.028871541855299894,0.039946715574869306,0.01280396112483708,0.9183777814449953,25,30,20
3,2183,0.04315022390727372,0.03992290076774719,0.0003452633315657379,0.9165816119934138,25,30,20
3,2184,0.04106722184533692,0.039922900755182344,0.0065869287093448395,0.9124229486901357,25,30,20
3,2185,0.02021138854363786,0.03992400678890405,0.02729835959493183,0.9125662450725273,25,30,20
3,2186,0.027573942792103186,0.039911331850395866,0.02103901868443623,0.911475706673065,25,30,20
3,2187,0.04489746694802348,0.03992354913145615,0.00043552825215576753,0.9147434556683656,25,30,20
3,2188,0.04215948683918403,0.03995506018129559,2.080300905985114e-05,0.9178646499704611,25,30,20
3,2189,0.06540625124838621,0.03995430447351761,6.485598551826452e-05,0.8945745882925779,25,30,20
3,2190,0.04490737873389306,0.039954350050578936,0.03633623329101413,0.8788020379245141,25,30,20
3,2191,0.045789259036953904,0.03995435006025038,0.03636509480118955,0.8778912961016058,25,30,20
3,2192,0.08236041932838357,0.03819599707779519,0.0024799723288653312,0.8769636112649576,25,30,20
3,2193,0.08255977931500597,0.03993253345722815,0.0007646099580531902,0.8767430772697138,25,30,20
3,2194,0.08173896548043798,0.03993253345565259,0.000770670972363882,0.8775578300915459,25,30,20
3,2195,0.0813807240230837,0.039932533443436655,0.0007784224300490965,0.8779083201034308,25,30,20
3,2196,0.04387103490470733,0.03994352377245224,0.03839483761078058,0.87779060371206,25,30,20
3,2197,0.04488141450798953,0.03883952502754919,0.03927525286136388,0.8770038076030964,25,30,20
3,2198,0.04321142641814374,0.038839216931160825,0.04055726454949951,0.8773920921011961,25,30,20
3,2199,0.0417607687598091,0.03992352222496207,0.040043560694778255,0.8782721483204503,25,30,20
3,2200,0.026438459453283585,0.0399230197111833,0.05564690773503078,0.8779916131005031,25,30,20
3,2201,0.04123535628904634,0.03995604961142721,0.04106022246994759,0.8777483716295795,25,30,20
3,2202,0.04268038872161524,0.03995070365770739,0.040479543193347546,0.8768893644273298,25,30,20
3,2203,0.08222964805319007,0.03995511926561859,0.0011007420944448502,0.8767144905867477,25,30,20
3,2204,0.08080008759198101,0.03995487732897279,0.0006033118519996487,0.878641723227047,25,30,20
3,2205,0.08075862356287228,0.03995487733722963,0.0005127021033765153,0.8787737969965229,25,30,20
3,2206,0.08075513258753914,0.03994706117386722,0.0005309658782505978,0.8787668403603439,25,30,20
3,2207,0.042975740130229444,0.039955087085882385,0.03919174170944326,0.8778774310744457,25,30,20
3,2208,0.04382073153737338,0.03995507133231105,0.07421647285200222,0.8420077242783128,25,30,20
3,2209,0.003237032383177679,0.03994681475672421,0.12607995904732672,0.8307361938127721,25,30,20
3,2210,0.0014455541394939658,0.03994349817049425,0.11537049957933915,0.8432404481106717,25,30,20
3,2211,0.002316438314242308,0.039943498182909744,0.1196969578315264,0.8380431056713222,25,30,20
3,2212,0.0040947980963193355,0.0399434981826088,0.11963418575247609,0.8363275179685972,25,30,20
3,2213,0.08211942839883594,0.03995472535546049,0.03997523703494357,0.8379506092107607,25,30,20
3,2214,0.09613290911133374,0.05572495676583254,0.010188796750486711,0.8379533373723462,25,30,20
3,2215,0.07829086145252205,0.07990507838294152,0.006014706839759199,0.8357893533247777,25,30,20
3,2216,0.08424488555712824,0.07990610173811329,1.959023202697405e-05,0.8358294224727321,25,30,20
3,2217,0.08318353608490497,0.0643763163044946,0.016141988676214997,0.8362981589343861,25,30,20
3,2218,0.041000810181917424,0.06437630880231975,0.055695181612410785,0.838927699403352,25,30,20
3,2219,0.03931083290457896,0.06437640414837448,0.05735024199331105,0.8389625209537356,25,30,20
3,2220,0.0416958429062249,0.06437630882321214,0.05511005320024253,0.8388177950703212,25,30,20
3,2221,0.04305376686437873,0.07992540970411004,0.0400695625767949,0.8369512608547179,25,30,20
3,2222,0.0807616243189562,0.07987265636275115,0.004867337557361251,0.8344983817609326,25,30,20
3,2223,0.08342822856296578,0.07987265620721165,0.000475428657478324,0.8362236865723451,25,30,20
3,2224,0.05093460583408989,0.07985866500923108,0.03328656420268284,0.8359201649539976,25,30,20
3,2225,0.05313146385097343,0.07989744680653524,0.030205300556505544,0.8367657887859865,25,30,20
3,2226,0.04280365180898259,0.07990916519774824,0.03930303530125133,0.8379841476920192,25,30,20
3,2227,0.0424952263625013,0.07923268152006853,0.040293581201455625,0.837978510915976,25,30,20
3,2228,0.04188039510049535,0.07989741618666377,0.0464620817686363,0.831760106944205,25,30,20
3,2229,0.07146142498845956,0.07989740852604318,0.01018393883416708,0.8384572276513313,25,30,20
3,2230,0.07137311483038308,0.07989740850386251,0.010176991617293846,0.8385524850484611,25,30,20
3,2231,0.055605057456241974,0.0798978899413179,0.02564526745785994,0.8388517851445806,25,30,20
3,2232,0.04292781882811418,0.0798912092298433,0.03845851546473806,0.8387224564773047,25,30,20
3,2233,0.04185385661672864,0.07988936037441186,0.0404486852069498,0.8378080978019087,25,30,20
3,2234,0.03986301385935817,0.07989852615951695,0.041408078130416415,0.8388303818507085,25,30,20
3,2235,0.03983903029395321,0.07985416703183783,0.041412751293180214,0.8388940513810289,25,30,20
3,2236,0.0494750065432765,0.07988605347213756,0.032055236170564216,0.8385837038140234,25,30,20
3,2237,0.04356007509309876,0.0400078303025701,0.09435599943810308,0.8220760951662293,25,30,20
3,2238,0.042076666443245314,0.03998042172876851,0.0937299410333747,0.8242129707946119,25,30,20
3,2239,0.04362506346551272,0.0019419414720214718,0.13442735920595159,0.8200056358565141,25,30,20
3,2240,0.0464635274806925,0.0011129897886401864,0.13040769540988462,0.8220157873207832,25,30,20
3,2241,0.0533738474273001,0.0011129896546007816,0.1067200876252245,0.8387930752928761,25,30,20
3,2242,0.028459597206375795,1.2956767279491029e-06,0.13316613993178128,0.8383729671851143,25,30,20
3,2243,0.02099779373391347,0.012663152864478307,0.12791386861300583,0.838425184788602,25,30,20
3,2244,0.012200033676694604,2.481153563333363e-07,0.14898244331757438,0.8388172748903727,25,30,20
3,2245,0.07933500072098297,5.122259534949806e-10,0.08184283495837447,0.8388221638084162,25,30,20
3,2246,0.10423913291502684,2.5692490648907323e-10,0.057501162162937554,0.8382597046651106,25,30,20
3,2247,0.08228409412864815,8.701035601564395e-07,0.09049253938411786,0.8272224963836733,25,30,20
3,2248,0.078832517109687,0.0007330153317881484,0.08169183413063831,0.8387426334278865,25,30,20
3,2249,0.06198787682884764,0.0007341755441865974,0.09848947346977528,0.8387884741571898,25,30,20
3,2250,0.0754843813422123,1.1820733658760843e-08,0.08576851528072103,0.8387470915563329,25,30,20
3,2251,0.09803783352725973,6.042829678699549e-09,0.06415201598161374,0.8378101444482963,25,30,20
3,2252,0.10485327242988028,3.9609197246734725e-07,0.05724830763130287,0.8378980238468431,25,30,20
3,2253,0.09131319883577321,3.568592066352408e-07,0.07606755415110986,0.8326188901539097,25,30,20
3,2254,0.07285445819392448,1.5477885653350385e-06,0.08835241326357306,0.8387915807539379,25,30,20
3,2255,0.07310299084914039,1.3080037116274632e-06,0.08187558564568512,0.8450201155014629,25,30,20
3,2256,0.10572958971884683,4.2622764573360693e-07,0.05643581210889356,0.837834171944613,25,30,20
3,2257,0.12066908228592821,0.0008050889355200734,0.03997183750805091,0.8385539912704999,25,30,20
3,2258,0.08447701515592294,3.167053094758045e-07,0.11366271180793701,0.8018599563308308,25,30,20
3,2259,0.08076051013430263,4.794498617598572e-09,0.12297480182265863,0.7962646832485407,25,30,20
3,2260,0.08118620917948519,0.039954408089173346,0.07976382867146574,0.7990955540598772,25,30,20
3,2261,0.044283418994342884,0.043224452460061416,0.11394570223149637,0.7985464263140996,25,30,20
3,2262,0.06876399371600352,0.042785425522278785,0.09084897122677096,0.7976016095349469,25,30,20
3,2263,0.08195621929644399,0.04150473471065921,0.07759247236225521,0.7989465736306418,25,30,20
3,2264,0.08071257755976906,0.038234967537736836,0.0821995555794235,0.7988528993230731,25,30,20
3,2265,0.051278756680735185,0.052923631474590074,0.09705088471157389,0.798746727133102,25,30,20
3,2266,0.04521222778724667,0.054630359964492364,0.07496071510042426,0.8251966971478375,25,30,20
3,2267,0.04341372003616827,0.07990013348097154,0.03998666015217714,0.8366994863306837,25,30,20
3,2268,0.04367351331368121,0.07988450970513342,0.0399876645727897,0.8364543124083962,25,30,20
3,2269,0.04077881238444091,0.07990966988190017,0.04530409164011666,0.8340074260935423,25,30,20
3,2270,0.0016767823200651605,0.07987499726258535,0.08431747531299667,0.8341307451043537,25,30,20
3,2271,0.0019549540660994207,0.07988549359627153,0.07937804380755566,0.8387815085300726,25,30,20
3,2272,0.04037929685146288,0.07987544275082235,0.0405355914415642,0.8392096689561502,25,30,20
3,2273,0.04398312804374701,0.09596095280701285,0.020986116802637574,0.8390698023466031,25,30,20
3,2274,0.04682965648434552,0.09598303185322193,0.020835895490505615,0.8363514161719268,25,30,20
3,2275,0.04808143792780109,0.09597209577903881,0.020839868809631325,0.8351065974835298,25,30,20
3,2276,0.04669130543451247,0.09596703111998767,0.0205532873922545,0.8367883760532449,25,30,20
3,2277,0.04250119969860637,0.11983643483114056,0.0006331871720341483,0.8370291782982189,25,30,20
3,2278,0.04074763749587648,0.11983608085618185,0.0006322736426185389,0.8387840080053226,25,30,20
3,2279,0.04093786540264311,0.11982782291130763,0.0007233046683954035,0.8385110070176535,25,30,20
3,2280,0.04140290182188648,0.11983663411087027,0.0010912573828540512,0.8376692066843887,25,30,20
3,2281,0.002203167352365533,0.11982073089181255,0.040245685758483224,0.8377304159973388,25,30,20
3,2282,0.0016433836685092783,0.1198291151482428,0.03993624242090238,0.8385912587623457,25,30,20
3,2283,0.004648897573494858,0.11984687338140482,0.037007785446352186,0.8384964435987484,25,30,20
3,2284,0.004676424126496386,0.11955114936976961,0.037028141142843495,0.8387442853608913,25,30,20
3,2285,0.004647872334561436,0.11957993634339775,0.037002727604732735,0.838769463717308,25,30,20
3,2286,0.006470682402699135,0.11866269849548358,0.037011925384969356,0.8378546937168484,25,30,20
3,2287,0.004352340354823384,0.11984221076736899,0.03712045268172325,0.8386849961960844,25,30,20
3,2288,0.0023842600161368527,0.11983991938217185,0.040045885800184075,0.837729934801508,25,30,20
3,2289,0.002525873141551621,0.11812497190849738,0.04140621459599957,0.8379429403539521,25,30,20
3,2290,0.004123331860046228,0.11806389188130079,0.041936269809153694,0.8358765064494993,25,30,20
3,2291,0.002834389851822224,0.1181017197361306,0.04166987291121359,0.837394017500834,25,30,20
3,2292,0.0037475352105083475,0.11954997592226763,0.004668534100641513,0.872033954766583,25,30,20
3,2293,0.0034882994300076977,0.11984964943421046,0.039765940960260135,0.8368961101755217,25,30,20
3,2294,0.003217458461374763,0.1198651025193095,0.044681989579706725,0.8322354494396103,25,30,20
3,2295,0.001599498108085165,0.11519713810392228,0.05075106430127793,0.8324522994867152,25,30,20
3,2296,0.001737593695377042,0.14432475517778406,0.015468459443095375,0.8384691916837441,25,30,20
3,2297,0.0019430732126828002,0.15950495294531808,9.652537501174762e-05,0.8384554484669874,25,30,20
3,2298,0.0014076998184629603,0.15979520619660498,6.728385503884905e-06,0.8387903655994279,25,30,20
3,2299,0.00317311503922517,0.15976535087436355,1.0460625998406017e-05,0.8370510734604139,25,30,20
3,2300,0.00412321226979811,0.15802544136639074,0.0017533097963197291,0.8360980365674919,25,30,20
3,2301,0.0023161364949849535,0.15801738936393311,0.0017418106814487662,0.8379246634596333,25,30,20
3,2302,0.004077523325662315,0.1597736284153415,0.00011860635315686253,0.83603024190584,25,30,20
3,2303,0.0023526172276887715,0.15973099242839042,9.531542407729412e-05,0.8378210749198441,25,30,20
3,2304,0.0042630483104762985,0.15756406762766315,0.012037534849875518,0.8261353492119854,25,30,20
3,2305,0.001430500209965107,0.11982310253225785,0.03997902514691037,0.8387673721108679,25,30,20
3,2306,0.0022623972924516195,0.11982310253133638,0.039975331877396075,0.8379391682988168,25,30,20
3,2307,0.004018345553749073,0.11977974333789101,0.03998089188533869,0.8362210192230218,25,30,20
3,2308,0.005121072956250583,0.12054409864614796,0.038087843456265855,0.8362469849413374,25,30,20
3,2309,0.00295713792509676,0.11889251378001685,0.03978017047770359,0.8383701778171825,25,30,20
3,2310,0.0017718366709480481,0.11981749745630886,0.040050995181834706,0.8383596706909092,25,30,20
3,2311,0.001278196893806332,0.1011208338114298,0.05877449233033141,0.8388264769644326,25,30,20
3,2312,0.0016106915422415225,0.1173668220140765,0.04267314644950074,0.8383493399941809,25,30,20
3,2313,0.0014254265155676175,0.11973483002172806,0.04024524989535053,0.8385944935673538,25,30,20
3,2314,0.0013977468485959932,0.11972008505784204,0.04001674900700187,0.83886541908656,25,30,20
3,2315,0.0022650988782951576,0.11921220691582798,0.04060110143877779,0.8379215927670997,25,30,20
3,2316,0.0029469144904105543,0.11983228436416554,0.038388585799672865,0.8388322153457521,25,30,20
3,2317,0.00412728286151445,0.11952580327703499,0.03836827548407314,0.8379786383773781,25,30,20
3,2318,0.0421430415042096,0.11984002732750518,0.03975522443264746,0.7982617067356387,25,30,20
3,2319,0.08220120305237864,0.11983243019567032,0.0014557012235909452,0.7965106655283593,25,30,20
3,2320,0.0678391284774032,0.11979855415455226,0.014443886378706295,0.7979184309893381,25,30,20
3,2321,0.0808784784476666,0.11980211284435366,0.04422673135427239,0.7550926773537074,25,30,20
3,2322,0.061996295972379656,0.11981966736238837,0.06266357730970248,0.7555204593555308,25,30,20
3,2323,0.08178003803008949,0.10057706613634286,0.0591221911401656,0.7585207046934022,25,30,20
3,2324,0.07264891902952045,0.11985920190322213,0.0495396602534037,0.757952218813854,25,30,20
3,2325,0.07048613841666701,0.11723570350609626,0.054689449489253264,0.7575887085879838,25,30,20
3,2326,0.06502615800589584,0.11876372443092457,0.058439601443371764,0.7577705161198083,25,30,20
3,2327,0.0637390928712783,0.11856352338532705,0.05870507684175971,0.7589923069016353,25,30,20
3,2328,0.04900062222350642,0.11985242880132013,0.07327418011368404,0.7578727688614899,25,30,20
3,2329,0.04854930158288926,0.11897956357553494,0.03418409036642038,0.7982870444751561,25,30,20
3,2330,0.038321950704944346,0.11807607709301157,0.044612564230611815,0.7989894079714327,25,30,20
3,2331,0.035441779243302114,0.11780964629711782,0.04789001235824699,0.798858562101334,25,30,20
3,2332,0.07231229360678854,0.11984056399353435,0.009277883781175828,0.7985692586185017,25,30,20
3,2333,0.03415593144333404,0.1204162664200584,0.04771385058344008,0.7977139515531682,25,30,20
3,2334,0.04279791983293173,0.12042699752274133,0.03913376340439346,0.7976413192399342,25,30,20
3,2335,0.04111637824642403,0.1410416547529738,0.019025187635368087,0.7988167793652348,25,30,20
3,2336,0.04113491316822648,0.1409762353702323,0.02330342242162751,0.7945854290399151,25,30,20
3,2337,0.023695318058608403,0.1390354843412193,0.0496549357622734,0.7876142618378984,25,30,20
3,2338,0.02815445786490505,0.1580193540183605,0.01562996191718517,0.7981962261995497,25,30,20
3,2339,0.04123002346617411,0.1580748722792464,0.002169304204015332,0.7985258000505646,25,30,20
3,2340,0.04242127233291651,0.15917345537465086,0.0012547364445552062,0.797150535847877,25,30,20
3,2341,0.04180237982684045,0.15979128749622473,0.00014111939597545557,0.7982652132809589,25,30,20
3,2342,0.04114830750440575,0.15977459261945953,0.00014315604923463034,0.7989339438269011,25,30,20
3,2343,0.04135838781926081,0.15978775481274426,0.00010140009370196951,0.7987524572742929,25,30,20
3,2344,0.003713702143943885,0.158849884103836,0.03852915192896596,0.7989072618232542,25,30,20
3,2345,0.0013278626619737238,0.15978476460658697,0.04008977547380376,0.7987975972576351,25,30,20
3,2346,0.0018404981338935055,0.15974707100953484,0.040117762417949156,0.7982946684386225,25,30,20
3,2347,0.0012743273750029308,0.15980417109333983,0.04008174051366116,0.7988397610179971,25,30,20
3,2348,0.0020471964858244348,0.1597690823440724,0.03925180344336192,0.798931917726743,25,30,20
3,2349,0.00393719804609263,0.15978872102656586,0.039668238013853954,0.796605842913488,25,30,20
3,2350,0.001941147480367966,0.15850393118140138,0.04091378657155161,0.7986411347666785,25,30,20
3,2351,0.03269978037795316,0.15857417561076365,0.007342848580367679,0.8013831954309157,25,30,20
3,2352,0.0435112091715832,0.15916725706214988,0.001083480810679316,0.7962380529555876,25,30,20
3,2353,0.04471294148543456,0.15713975842710323,0.00046660054653586324,0.7976806995409264,25,30,20
3,2354,0.06404196915134822,0.15979596536632404,0.0004849670978610661,0.7756770983844669,25,30,20
3,2355,0.04749176598754505,0.15976120014404033,0.03413253270022551,0.7586145011681897,25,30,20
3,2356,0.048123187233798354,0.1597947427715159,0.0342375804578879,0.7578444895367984,25,30,20
3,2357,0.04119754676478676,0.159787865570496,0.04028074092287461,0.7587338467418442,25,30,20
3,2358,0.04197848200721898,0.15986583700827522,0.03928356101335737,0.7588721199711495,25,30,20
3,2359,0.03207856273406942,0.15909519284980017,0.04986430606252875,0.7589619383536028,25,30,20
3,2360,0.04222571615388743,0.15920093897008114,0.039656816950729604,0.7589165279253016,25,30,20
3,2361,0.04101344277800286,0.15921276858426306,0.04090767476622609,0.7588661138715076,25,30,20
3,2362,0.04119003027560961,0.15921276850976654,0.05161253333648798,0.7479846678781363,25,30,20
3,2363,0.0428538841511873,0.1592165837377838,0.05164427980146944,0.7462852523095616,25,30,20
3,2364,0.041154889432763776,0.15860344209400182,0.04121400979620172,0.7590276586770355,25,30,20
3,2365,0.04117041030730808,0.15916087162576165,0.040638486877685176,0.7590302311892474,25,30,20
3,2366,0.04129037420558086,0.15962102920616192,0.04025552327905499,0.7588330733092026,25,30,20
3,2367,0.03556978363953473,0.15838750240383054,0.04716133385573955,0.7588813801008962,25,30,20
3,2368,0.002424732943649376,0.1583998462737433,0.08021815477393333,0.7589572660086749,25,30,20
3,2369,0.0018416386489122664,0.15972555063417565,0.0793977231476696,0.7590350875692432,25,30,20
3,2370,0.0028150676568492058,0.15679109036230643,0.08231712971747221,0.7580767122633738,25,30,20
3,2371,0.0018744433289771805,0.15978799639913738,0.07973364535461984,0.7586039149172663,25,30,20
3,2372,0.0023601063606396005,0.15976843293840085,0.07989835289607894,0.7579731078048809,25,30,20
3,2373,0.01988593950759383,0.15976812474678498,0.062350110320654274,0.7579958254249675,25,30,20
3,2374,0.020873022101751126,0.1597303158580602,0.06235635436414764,0.7570403076760419,25,30,20
3,2375,0.02074659079946055,0.15807814640530202,0.06334770375024397,0.7578275590449948,25,30,20
3,2376,0.018391604581654925,0.15979595015960663,0.06403738934882199,0.7577750559099177,25,30,20
3,2377,0.0025525537433541616,0.19739652941120298,0.04106859551708801,0.7589823213283559,25,30,20
3,2378,0.002580692972082676,0.19730833235730522,0.04109366843539365,0.7590173062352197,25,30,20
3,2379,0.0026936413114301487,0.1973570687384347,0.0381711867813023,0.761778103168834,25,30,20
3,2380,0.002556928681942467,0.18362864330924364,0.021601453287673822,0.792212974721142,25,30,20
3,2381,0.0017028386842654144,0.19972169116100866,0.0066261194704862105,0.79194935068424,25,30,20
3,2382,0.0013743561016669402,0.1991138452715314,0.0009911085811027866,0.7985206900456987,25,30,20
3,2383,0.0023302743032079156,0.19964080891874825,0.0004524605535636228,0.7975764562244807,25,30,20
3,2384,0.0023298774157089045,0.1992679252553243,0.0008525381932849964,0.7975496591356817,25,30,20
3,2385,0.0024981679827205793,0.19883186567747846,0.0008894617114229595,0.7977805046283781,25,30,20
3,2386,0.0029718025993020107,0.18054185904395542,0.019177977783831967,0.7973083605729108,25,30,20
3,2387,0.0032346103666017704,0.18073386274569792,0.018732752058439335,0.7972987748292623,25,30,20
3,2388,0.0031478332747482433,0.1991498076674775,0.0006268620318168149,0.7970754970259581,25,30,20
3,2389,0.0018672267514111707,0.19911106659676844,0.00062973181099142,0.7983919748408284,25,30,20
3,2390,0.0028915167241267688,0.19907097643044191,0.0006290283079500481,0.7974084785374806,25,30,20
3,2391,0.003061914520316751,0.19974123064510244,0.00030487761948976163,0.7968919772150906,25,30,20
3,2392,0.004333223421031295,0.1987993709434577,1.558987863157952e-05,0.7968518157568809,25,30,20
3,2393,0.002677363226419072,0.19821215852023094,0.0006159549898206123,0.79849452326353,25,30,20
3,2394,0.0019272962199324726,0.19973961613575447,0.00027160802163170755,0.7980614796226813,25,30,20
3,2395,0.002611171280299184,0.17943609400981622,0.020824015773364214,0.7971287189365214,25,30,20
3,2396,0.0014623186900836846,0.19968804595765932,0.00029900173709254235,0.7985506336151653,25,30,20
3,2397,0.0023979116891472228,0.19872814434894384,3.217561748950527e-05,0.7988417683444204,25,30,20
3,2398,0.0032975194227410996,0.1970232293987326,0.006239829950149917,0.7934394212283757,25,30,20
3,2399,0.004285426635309509,0.19927422323001956,0.004998533001206744,0.7914418171334645,25,30,20
3,2400,0.0013938468567565546,0.19929719592082612,0.00047018152675836643,0.7988387756956595,25,30,20
3,2401,0.0018336050911028161,0.19946809348338873,3.509916936400513e-05,0.7986632022561448,25,30,20
3,2402,0.0012739103439607957,0.19973166308954618,3.39523496652083e-05,0.7989604742168285,25,30,20
3,2403,0.0033135215375991794,0.1997421805923582,0.00014001016246161736,0.7968042877075812,25,30,20
3,2404,0.003300539569696487,0.1996651264426688,0.0003235606676079174,0.7967107733200277,25,30,20
3,2405,0.004958816164252558,0.19882500488038093,0.00013987044324440955,0.7960763085121235,25,30,20
3,2406,0.0013491155571371625,0.19923269539422964,0.0004835777682536055,0.7989346112803798,25,30,20
3,2407,0.0016193601762669535,0.19899309908348736,0.04040486013783846,0.7589826806024071,25,30,20
3,2408,0.0013025074061053527,0.19758760492623612,0.042106026644594036,0.7590038610230652,25,30,20
3,2409,0.0015381246833713457,0.19848593553867144,0.040990354677996776,0.7589855850999606,25,30,20
3,2410,0.0022606352106979703,0.17351095319719545,0.06615076262384206,0.7580776489682647,25,30,20
3,2411,0.00236994606301896,0.19971794809440052,0.0399551987294962,0.7579569071130839,25,30,20
3,2412,0.043004563145914186,0.19971809067267565,0.00012405284503826943,0.757153293336372,25,30,20
3,2413,0.007179590099960307,0.17298211407703568,0.07955905309139301,0.7402792427316122,25,30,20
3,2414,0.04405341197395267,0.19913662316647582,0.0019255449247201956,0.7548844199348517,25,30,20
3,2415,0.04101858629843841,0.1997265196460414,0.007566174158268458,0.7516887198972521,25,30,20
3,2416,0.04511320931910909,0.19928234922508092,0.0006104065884272762,0.754994034867383,25,30,20
3,2417,0.044362912538187846,0.19851629613153585,0.0012904544061944734,0.7558303369240821,25,30,20
3,2418,0.041758065520239286,0.19966342476825638,6.162833509220584e-05,0.7585168813764122,25,30,20
3,2419,0.04153178910579559,0.19930854067364023,0.0006156838311964464,0.7585439863893686,25,30,20
3,2420,0.04198458702897574,0.19876933687579526,0.00017744722171361409,0.7590686288735156,25,30,20
3,2421,0.04299239639202664,0.1973618222411528,0.0006313113484001654,0.7590144700184207,25,30,20
3,2422,0.0413385851287333,0.19909314471068423,0.0006191163096361456,0.7589491538509467,25,30,20
3,2423,0.0014844122637029974,0.199100333212901,0.035652838513077205,0.7637624160103202,25,30,20
3,2424,0.001752854819662342,0.19970081850764962,0.040243623782724045,0.7583027028899646,25,30,20
3,2425,0.001475948409521968,0.19971149938865956,0.0398674804344866,0.7589450717673334,25,30,20
3,2426,0.0019470947614700672,0.19972278860673684,0.03986257615871221,0.7584675404730798,25,30,20
3,2427,0.0033170390663918555,0.19964998039180074,0.03989524296786355,0.7571377375739431,25,30,20
3,2428,0.003182119266757705,0.19920242756986486,0.04042755511349148,0.7571878980498856,25,30,20
3,2429,0.002840793023104746,0.19907560024286602,0.039786620842544314,0.758296985891485,25,30,20
3,2430,0.003116320322278488,0.19968055313951275,0.039963633469052205,0.7572394930691572,25,30,20
3,2431,0.005508232864852846,0.19948136754940024,0.03819401649685346,0.7568163830888938,25,30,20
3,2432,0.007123057129229057,0.19726280992328804,0.03892221911767736,0.7566919138298057,25,30,20
3,2433,0.0026137051037045645,0.19968906145827212,0.039211783218910924,0.7584854502191126,25,30,20
3,2434,0.0013714368224998002,0.239670488332481,0.000145260500799065,0.7588128143442209,25,30,20
3,2435,0.0014070124149743945,0.22006051948161562,0.02002533885655263,0.7585071292468578,25,30,20
3,2436,0.0031672394898738525,0.2374321523992667,0.00042881953097697863,0.7589717885798823,25,30,20
3,2437,0.00146293684054737,0.23959263955011875,7.183459694859284e-05,0.7588725890123854,25,30,20
3,2438,0.001646111738882462,0.2395935649257316,6.365101740419105e-05,0.7586966723179819,25,30,20
3,2439,0.0014386698111566055,0.21384869326032654,0.02579251919147204,0.7589201177370454,25,30,20
3,2440,0.001632347227083576,0.21384280121249397,0.02589905342685174,0.7586257981335711,25,30,20
3,2441,0.003650447620555764,0.23968268771000742,0.00016330006448722067,0.7565035646049499,25,30,20
3,2442,0.004806716877437486,0.2194107892508795,0.01952659374093368,0.7562559001307494,25,30,20
3,2443,0.004106865456767284,0.23810606327573056,0.0006557310871701246,0.7571313401803327,25,30,20
3,2444,0.00400081847401568,0.2381181862664139,0.000657719592006884,0.7572232756675646,25,30,20
3,2445,0.0013334269760787807,0.2209280612545894,0.018768607671999882,0.7589699040973313,25,30,20
3,2446,0.0014147067500108461,0.23961121371952285,4.5623232177321145e-05,0.7589284562982894,25,30,20
3,2447,0.0016740378499549033,0.23964821925406457,3.207484880073952e-05,0.7586456680471804,25,30,20
3,2448,0.001345271686602376,0.23966397680046048,3.3943621438629895e-05,0.7589568078914994,25,30,20
3,2449,0.0036909368056463597,0.23783083832977844,0.0004491357597860269,0.7580290891047905,25,30,20
3,2450,0.00279321647232602,0.23781529530741172,0.0008210462625855917,0.7585704419576761,25,30,20
3,2451,0.002290199497993685,0.19966932142982594,0.039194553649720146,0.7588459254224602,25,30,20
3,2452,0.0016916007266386355,0.19941000974082768,0.0445691765364829,0.7543292129960526,25,30,20
3,2453,0.004610231934488364,0.15955287255390876,0.04409734237649559,0.7917395531351089,25,30,20
3,2454,0.006640415773699138,0.13367717773101387,0.06327451481980031,0.7964078916754872,25,30,20
3,2455,0.006271073608511637,0.1410281302965268,0.05556666122459828,0.7971341348703634,25,30,20
3,2456,0.007868212416850812,0.14102716112190605,0.055253968206575105,0.7958506582546686,25,30,20
3,2457,0.0085061039238513,0.15681928411190685,0.03704181251502268,0.7976327994492196,25,30,20
3,2458,0.003951765749366117,0.15680934058583945,0.040482613035274,0.7987562806295204,25,30,20
3,2459,0.005116194258933428,0.1556472078530703,0.040457933276892996,0.7987786646111036,25,30,20
3,2460,0.001971362158546426,0.15945706805712523,0.039937950039067624,0.7986336197452613,25,30,20
3,2461,0.002368103524673494,0.1584530855051286,0.041166394566827975,0.7980124164033695,25,30,20
3,2462,0.0014382632171932566,0.15976021214179198,0.040340906908581414,0.7984606177324336,25,30,20
3,2463,0.0031045499171727066,0.15846904410659243,0.04018830262050863,0.798238103355726,25,30,20
3,2464,0.00343070996969241,0.11960183876572003,0.07896848220730811,0.7979989690572802,25,30,20
3,2465,0.024083898155902422,0.1198643299836813,0.08033723133478193,0.7757145405256355,25,30,20
3,2466,0.02467435614560146,0.14031547655189494,0.05934897795892826,0.7756611893435754,25,30,20
3,2467,0.038052059092238404,0.15855747853332278,0.04503032935139854,0.7583601330230403,25,30,20
3,2468,0.041351746812085304,0.1572953342086593,0.042787868714701506,0.7585650502645541,25,30,20
3,2469,0.042703780238898,0.1585503816368715,0.04598153523476913,0.7527643028894615,25,30,20
3,2470,0.046376509329562964,0.15855751277658872,0.0395720799121306,0.7554938979817173,25,30,20
3,2471,0.04185087710350598,0.1579107093936175,0.04167845143817581,0.7585599620646994,25,30,20
3,2472,0.002342137806989132,0.1411273057559063,0.09797587942135395,0.7585546770157496,25,30,20
3,2473,0.0034975281217367784,0.15979768737234795,0.07957635906755257,0.7571284254383629,25,30,20
3,2474,0.00425962843422328,0.15979978430390365,0.07937103301502349,0.7565695542468499,25,30,20
3,2475,0.0029307849488124215,0.1597572190533335,0.07987089555303649,0.7574411004448188,25,30,20
3,2476,0.0016251761465849418,0.1597780176901897,0.07990234978832725,0.7586944563748989,25,30,20
3,2477,0.0018345704746348939,0.159303975989713,0.08032675871770438,0.7585346948179473,25,30,20
3,2478,0.0015823124960623943,0.15976240410143489,0.08461085926026031,0.7540444241422429,25,30,20
3,2479,0.0029752486333336197,0.15977440718571187,0.07922542159622277,0.7580249225847314,25,30,20
3,2480,0.0028938642591711753,0.15977126072416098,0.07997131851639129,0.7573635565002771,25,30,20
3,2481,0.0018259855810396986,0.13101117462658063,0.10857560960473643,0.7585872301876426,25,30,20
3,2482,0.0017116199277477533,0.13105241058510647,0.10862700872164785,0.7586089607654976,25,30,20
3,2483,0.0017871570871146145,0.1597554588930298,0.07990424586973155,0.7585531381501244,25,30,20
3,2484,0.001697768863960472,0.15973263708091676,0.07993291947849862,0.7586366745766242,25,30,20
3,2485,0.0016583608503820766,0.11986255213470252,0.11968690255781164,0.7587921844571054,25,30,20
3,2486,0.0027220478251369067,0.11963104540067794,0.11959405134336822,0.7580528554308177,25,30,20
3,2487,0.004938548413032645,0.11726905558072259,0.12093144221110194,0.7568609537951434,25,30,20
3,2488,0.004438913472822815,0.11986207846809194,0.11484109733269497,0.7608579107263919,25,30,20
3,2489,0.001580227763244946,0.11987409311534479,0.11980362868429591,0.7587420504371158,25,30,20
3,2490,0.0057010806542928585,0.11980203554980755,0.11566955786324887,0.7588273259326521,25,30,20
3,2491,0.03949407457918753,0.11813121036618458,0.0833015724671942,0.7590731425874344,25,30,20
3,2492,0.04107520739298164,0.11984546851830555,0.08043486140105084,0.7586444626876624,25,30,20
3,2493,0.04084468541732984,0.11986744100868893,0.08035180464862583,0.7589360689253563,25,30,20
3,2494,0.03178486682777162,0.10421078533783065,0.1058016385595797,0.7582027092748153,25,30,20
3,2495,0.003954738265725195,0.11822710184241916,0.11904613210828838,0.7587720277835672,25,30,20
3,2496,0.03721399396222563,0.11983877297784026,0.08243918980069308,0.7605080432592417,25,30,20
3,2497,0.044348627964677555,0.11987223866645141,0.0770756524769207,0.7587034808919504,25,30,20
3,2498,0.041099943168642294,0.11983089475626686,0.08003650991983526,0.7590326521552574,25,30,20
3,2499,0.04114065676389005,0.1186042367831451,0.08130136411170613,0.75895374234126,25,30,20
3,2500,0.04119185248150234,0.11860326014112851,0.08125598091559519,0.7589489064617758,25,30,20
3,2501,0.04207591497419738,0.15852472375800444,0.04140644978324284,0.757992911484556,25,30,20
3,2502,0.04122736450270906,0.15971679749971873,0.0006900046327661602,0.7983658333648066,25,30,20
3,2503,0.041754226858007115,0.15977640861408315,0.0002862668065688721,0.798183097721341,25,30,20
3,2504,0.004008451488029974,0.15972308094328627,0.03810706987830088,0.7981613976903836,25,30,20
3,2505,0.0013618473245594193,0.159716867502697,0.001956035719896467,0.8369652494528469,25,30,20
3,2506,0.0014627584333724,0.1597249254257984,0.00041085647180015393,0.8384014596690301,25,30,20
3,2507,0.0013837249984337671,0.15975595437928652,3.057536654045777e-05,0.8388297452557397,25,30,20
3,2508,0.0013544882905964781,0.15980292003338126,8.397152295028897e-06,0.8388341945237289,25,30,20
3,2509,0.001402096506243614,0.15979157376745615,0.0005149782255726167,0.8382913515007288,25,30,20
3,2510,0.0032848726753051784,0.1585395475642974,0.0013336340696908562,0.836841945690707,25,30,20
3,2511,0.002320942038973275,0.15976847102263514,1.6734641520661184e-05,0.8378938522968714,25,30,20
3,2512,0.002288235121555914,0.1597795543657603,1.065730314284594e-05,0.8379215532095425,25,30,20
3,2513,0.004811111021518193,0.15974001631277004,4.49592757480869e-06,0.8354443767381377,25,30,20
3,2514,0.001419049446246206,0.15978050027894036,0.0062429602505044025,0.8325574900243096,25,30,20
3,2515,0.0014270130642575,0.15931991405933357,0.00043790630732526875,0.8388151665690845,25,30,20
3,2516,0.0017197607545183366,0.15903076237454836,0.0004697290203026253,0.8387797478506309,25,30,20
3,2517,0.0022730144795890302,0.15841125566012332,0.0004407946667688905,0.8388749351935191,25,30,20
3,2518,0.001335752088771097,0.1597526469126973,2.8622249723567686e-05,0.8388829787488075,25,30,20
3,2519,0.0013490151746870776,0.12094882945386023,0.03888151891146014,0.8388206364599938,25,30,20
3,2520,0.001558134254717829,0.11971387526014214,0.04008886193505335,0.838639128550088,25,30,20
3,2521,0.0016537427270949755,0.09279483757599402,0.06699389668968786,0.8385575230072237,25,30,20
3,2522,0.0015978774297834655,0.09390158672149271,0.07225857590631228,0.8322419599424125,25,30,20
3,2523,0.0016216305578884717,0.1198125430538503,0.04640928481697465,0.8321565415712872,25,30,20
3,2524,0.0025930299208879685,0.11982712429039416,0.03980071003658645,0.8377791357521324,25,30,20
3,2525,0.004930916585125892,0.1198349727934232,0.03819457297224031,0.8370395376492109,25,30,20
3,2526,0.005658852682093893,0.11982132343742456,0.042923736869591396,0.8315960870108898,25,30,20
3,2527,0.0035303146671694756,0.1597754179777634,0.006518782788747745,0.8301754845663193,25,30,20
3,2528,0.0025536930099547867,0.15976776255285358,0.006258867576592076,0.8314196768605996,25,30,20
3,2529,0.004192373903653983,0.15806280545609097,0.00798196902071338,0.8297628516195417,25,30,20
3,2530,0.002750439008815579,0.15758972136196522,0.001414361491487003,0.8382454781377322,25,30,20
3,2531,0.00182310369367363,0.15910413169286758,0.0006826148665404006,0.8383901497469186,25,30,20
3,2532,0.0013639954025263016,0.15977070436271573,0.000643362200027765,0.8382219380347311,25,30,20
3,2533,0.0032906403535488894,0.15927935704249188,0.006814019332449607,0.830615983271509,25,30,20
3,2534,0.0022857014705191586,0.1598068911781799,0.006378503881423889,0.8315289034698765,25,30,20
3,2535,0.0029893228690483064,0.15919072736457338,0.006982539144897559,0.8308374106214811,25,30,20
3,2536,0.0019782368061629168,0.15979579324607227,3.5671159465506732e-06,0.8382224028318183,25,30,20
3,2537,0.0028395046709283733,0.15979500222137535,9.29711255227001e-06,0.8373561959951453,25,30,20
3,2538,0.004118853656168757,0.1597945067147111,0.00013018145940422684,0.8359564581697161,25,30,20
3,2539,0.0028942991323166385,0.15979215416661943,1.3323164484869416e-05,0.837300223536579,25,30,20
3,2540,0.0014067300194741655,0.15979171477369808,9.961345243482097e-05,0.8387019417543929,25,30,20
3,2541,0.002237754134120557,0.15883373202748238,0.00013625846757892718,0.8387922553708184,25,30,20
3,2542,0.0013582359363092731,0.15975604933533985,0.00018395803804016256,0.8387017566903109,25,30,20
3,2543,0.0013889995698324823,0.15976360713293863,0.00014818802454241283,0.8386992052726879,25,30,20
3,2544,0.001410626582986084,0.15980663773061018,0.00014277676196253504,0.8386399589244427,25,30,20
3,2545,0.0013756470976592848,0.15978855638566578,4.935578297327212e-05,0.8387864407337026,25,30,20
3,2546,0.002479928898740028,0.15709835215165943,0.0017573727531146816,0.8386643461964867,25,30,20
3,2547,0.014270911417996086,0.11808870909571971,0.03355280601839235,0.8340875734678908,25,30,20
3,2548,0.012455595864418993,0.11808870908692448,0.03355110109266331,0.8359045939559921,25,30,20
3,2549,0.006675496869866362,0.11981347883123666,0.039258671007630655,0.8342523532912655,25,30,20
3,2550,0.003240549210366722,0.11981596478844554,0.03995825604545386,0.8369852299557337,25,30,20
3,2551,0.011794999878102137,0.11980351359126518,0.029981167101674363,0.8384203194289573,25,30,20
3,2552,0.002603194135452014,0.1198297938658224,0.03909997051184503,0.83846704148688,25,30,20
3,2553,0.03297520374456186,0.11982494460768628,0.008616256891694903,0.8385835947560557,25,30,20
3,2554,0.00327220729810617,0.11981979295553424,0.03830924613732132,0.8385987536090396,25,30,20
3,2555,0.003872710088606615,0.11981979297541677,0.0380849167260659,0.8382225802099106,25,30,20
3,2556,0.004789676999659605,0.11983744260136703,0.03713338881503253,0.8382394915839417,25,30,20
3,2557,0.025396154102621384,0.11985263991203525,0.016890193472808724,0.8378610125125341,25,30,20
3,2558,0.025626208201478748,0.11985187106558153,0.01725052726706021,0.8372713934658793,25,30,20
3,2559,0.041535330418330255,0.11985187105171806,7.774599832197478e-06,0.8386050239301206,25,30,20
3,2560,0.03486292801123193,0.11985532823040294,0.008532246263926993,0.8367494974944393,25,30,20
3,2561,0.012019357906891516,0.11971545727024013,0.03126696635314701,0.8369982184697227,25,30,20
3,2562,0.03630511040435037,0.11976324597410067,0.005872689478611744,0.8380589541429374,25,30,20
3,2563,0.037260020806445214,0.11858080480770267,0.007033598456137157,0.8371255759297148,25,30,20
3,2564,0.041916011937075684,0.119747970292347,0.0009523965539116453,0.8373836212166661,25,30,20
3,2565,0.015852610121534404,0.11983738802674541,0.02563312678832906,0.8386768750633916,25,30,20
3,2566,0.003400382718358784,0.09963109035928733,0.05812839002226055,0.8388401369000943,25,30,20
3,2567,0.02873745198969679,0.11880346078557791,0.014366271712534025,0.8380928155121912,25,30,20
3,2568,0.027797343134871488,0.1198392059781765,0.01406974150622794,0.8382937093807244,25,30,20
3,2569,0.038689384410500516,0.1198097458338603,0.0031736510322188305,0.8383272187234212,25,30,20
3,2570,0.03819592229274791,0.11981672731656805,0.003278301127433243,0.8387090492632511,25,30,20
3,2571,0.03813578431985726,0.11983701087876311,0.0031682901673226573,0.8388589146340568,25,30,20
3,2572,0.038104322934905864,0.11984147481044834,0.0032958338668310433,0.8387583683878148,25,30,20
3,2573,0.03982010788760973,0.11984114304007579,0.0035609931680586036,0.8367777559042561,25,30,20
3,2574,0.03903061313722165,0.11980559723375116,0.003568598952194964,0.837595190676832,25,30,20
3,2575,0.03831552417858395,0.11984059470475764,0.003165212200495847,0.838678668916162,25,30,20
3,2576,0.015723912302435014,0.11984842630377444,0.025548956981432527,0.8388787044123592,25,30,20
3,2577,0.015773284498407546,0.1198408109064995,0.02554971139627038,0.8388361931988234,25,30,20
3,2578,0.004057781512161451,0.11891644416304475,0.03995579639569024,0.8370699779291031,25,30,20
3,2579,0.013500992249332999,0.11938528925587157,0.02919160937507885,0.8379221091197172,25,30,20
3,2580,0.017386125835076184,0.11982914399290066,0.023951763948018234,0.8388329662240064,25,30,20
3,2581,0.01762200885296423,0.11961357754540104,0.02433210110888123,0.8384323124927535,25,30,20
3,2582,0.01756028794600219,0.11899209677662785,0.024583333037772475,0.8388642822395983,25,30,20
3,2583,0.03934417905010284,0.11837953384889972,0.0035749682563986722,0.8387013188445981,25,30,20
3,2584,0.0396970957837301,0.11837953387009315,0.0034448103455925637,0.8384785600005829,25,30,20
3,2585,0.03923827897561152,0.11980931935364478,0.0023226029098422857,0.8386297987609014,25,30,20
3,2586,0.018894656672706952,0.11977565027436553,0.02247620061614728,0.8388534924367813,25,30,20
3,2587,0.019964325554518138,0.11982899593525026,0.022475587048952344,0.8377310914612807,25,30,20
3,2588,0.018873672200378732,0.11984898353920538,0.02248918884850326,0.8387881554119135,25,30,20
3,2589,0.020764177296219447,0.11979280364849342,0.02249676934421836,0.8369462497110686,25,30,20
3,2590,0.03010362905557128,0.11938949876035738,0.013626750036437674,0.8368801221476332,25,30,20
3,2591,0.03923487441696912,0.11940131486483439,0.002629367613734955,0.8387344431044622,25,30,20
3,2592,0.040648166462522006,0.1189136872385474,0.0016110454290984622,0.8388271008698328,25,30,20
3,2593,0.02974809069794406,0.11892297548229193,0.0127608551353771,0.8385680786843861,25,30,20
3,2594,0.04213631209263796,0.11981802112958143,0.00017163158619397078,0.8378740351915875,25,30,20
3,2595,0.04268102898456203,0.11981430023354353,0.0003065082231935692,0.8371981625587018,25,30,20
3,2596,0.04121063630768426,0.11982627773094436,6.862869319163564e-05,0.8388944572681809,25,30,20
3,2597,0.042758523977839295,0.11978982735568962,4.0757713375418805e-05,0.8374108909530963,25,30,20
3,2598,0.004479009436754989,0.11978985766050039,0.03800430726776108,0.8377268256349834,25,30,20
3,2599,0.04058930963319343,0.11978119008988329,0.0007305752468402934,0.8388989250300835,25,30,20
3,2600,0.005663901540401809,0.07983920349564545,0.0756151994800768,0.838881695483876,25,30,20
3,2601,0.0014038842617956923,0.07983920351214134,0.08004782397398039,0.8387090882520833,25,30,20
3,2602,0.00195681935787771,0.07986676080441871,0.07993807299936898,0.8382383468383341,25,30,20
3,2603,0.00394508389709552,0.07687492802775286,0.08034257610680323,0.8388374119683482,25,30,20
3,2604,0.021467545255872467,0.07990675192676593,0.05957538164935868,0.8390503211680022,25,30,20
3,2605,0.03719322907752126,0.07990907563412324,0.04461396287491826,0.8382837324134378,25,30,20
3,2606,0.03691710750985875,0.07990006868767713,0.044518250508252644,0.8386645732942122,25,30,20
3,2607,0.03125460636856818,0.07988790378752371,0.050024178528652284,0.8388333113152551,25,30,20
3,2608,0.0018485615271455766,0.1181025180943487,0.05295383918875243,0.8270950811897535,25,30,20
3,2609,0.001889217851513529,0.11784534903327737,0.04631604217431633,0.8339493909408925,25,30,20
3,2610,0.005481584064883019,0.11795543462567075,0.04455390918024385,0.8320090721292017,25,30,20
3,2611,0.0026229640674106974,0.1197113842091074,0.039984789027010144,0.8376808626964727,25,30,20
3,2612,0.0029804360447442703,0.1198367347291072,0.03995424046023493,0.8372285887659138,25,30,20
3,2613,0.005024350156326081,0.11889664745577841,0.03900654343902777,0.837072458948869,25,30,20
3,2614,0.004122339241547236,0.11942529422197538,0.0397884626065234,0.8366639039299544,25,30,20
3,2615,0.0035271981425562143,0.11984865156900543,0.039255840461647706,0.8373683098267908,25,30,20
3,2616,0.004063850819727656,0.1199242104223654,0.038200721685902474,0.8378112170720045,25,30,20
3,2617,0.04130786026881686,0.11985244722648146,8.187523707492521e-05,0.8387578172676268,25,30,20
3,2618,0.04122800653920687,0.1198383199437264,0.00019622321992407733,0.8387374502971428,25,30,20
3,2619,0.04371546177415369,0.10345265683032558,0.015714462544565367,0.8371174188509559,25,30,20
3,2620,0.04120958919042707,0.11986290850581022,0.0001820516618090602,0.8387454506419543,25,30,20
3,2621,0.042226902921319594,0.11980706543451998,5.645310055127172e-05,0.8379095785436091,25,30,20
3,2622,0.04217984713283128,0.11981659466422212,5.279965163660077e-05,0.8379507585513098,25,30,20
3,2623,0.042905786665787427,0.11981665023077523,0.0005864717493178988,0.8366910913541187,25,30,20
3,2624,0.041142736018243635,0.11981693168718985,0.0005851169254390951,0.8384552153691267,25,30,20
3,2625,0.041331663798257104,0.11939233613341545,0.0004538155825185082,0.8388221844858087,25,30,20
3,2626,0.04127750362224478,0.11982905332039678,1.0972419752567126e-05,0.838882470637606,25,30,20
3,2627,0.04226496485878055,0.11980630888987559,0.0003082536725345384,0.8376204725788092,25,30,20
3,2628,0.04209793605551206,0.11980428227837786,0.00026884570764655705,0.8378289359584631,25,30,20
3,2629,0.04163165705956015,0.11979757257218272,0.004690826952144619,0.8338799434161132,25,30,20
3,2630,0.03013961014221672,0.119824801021952,0.012955708358059956,0.8370798804777709,25,30,20
3,2631,0.01885662576378662,0.11983281524965536,0.022934687815240072,0.8383758711713191,25,30,20
3,2632,0.0240655106529427,0.11983172870497123,0.020081425109845244,0.8360213355322419,25,30,20
3,2633,0.021447673203790183,0.11983172866868756,0.019858257517359614,0.8388623406101625,25,30,20
3,2634,0.00633365357796672,0.11981909838847125,0.039326261404289305,0.8345209866292724,25,30,20
3,2635,0.0020417793418008668,0.11980891625824261,0.03932715939045364,0.8388221450095031,25,30,20
3,2636,0.024744717517479628,0.11980457030458191,0.016658930525547486,0.8387917816523904,25,30,20
3,2637,0.014187386986048349,0.11981963317320353,0.027758055426369756,0.838234924414379,25,30,20
3,2638,0.01674123554156751,0.11984113056507921,0.027749574707296568,0.8356680591860567,25,30,20
3,2639,0.019094301051182108,0.11894422645465795,0.028232360038045995,0.8337291124561145,25,30,20
3,2640,0.019932508913336436,0.11953074226322968,0.02520861164765989,0.8353281371757746,25,30,20
3,2641,0.016139521935393805,0.11982926118696524,0.02516661529300469,0.8388646015846369,25,30,20
3,2642,0.035157960045244685,0.11981862506822073,0.004827231423338593,0.8401961834631968,25,30,20
3,2643,0.04222312429620308,0.11981858226004435,5.643027846587647e-05,0.8379018631652875,25,30,20
3,2644,0.0424815731893299,0.11957429607200605,4.500558503962958e-05,0.8378991251536252,25,30,20
3,2645,0.003104721284127004,0.11941715406861095,0.03885571167482446,0.8386224129724389,25,30,20
3,2646,0.03509193242428687,0.1193976969635069,0.006640818306200451,0.838869552306006,25,30,20
3,2647,0.03515033626476804,0.11939621493350863,0.006635696781201559,0.838817752020522,25,30,20
3,2648,0.011140389132332996,0.1198489630380324,0.030648520033803344,0.8383621277958331,25,30,20
3,2649,0.03999820070689189,0.11983718176850353,0.008027994642999955,0.8321366228816044,25,30,20
3,2650,0.040232109820800076,0.11984059418977379,0.008029245397921802,0.8318980505915041,25,30,20
3,2651,0.02986093195158419,0.11984031052243158,0.011493940662367577,0.8388048168636155,25,30,20
3,2652,0.04320644828716366,0.11847261620217259,0.0005542792532437602,0.8377666562574209,25,30,20
3,2653,0.042256996296507116,0.11888588870498838,0.00010522019554997886,0.8387518948029542,25,30,20
3,2654,0.042178598949985754,0.11887770849798829,0.0003016280425561682,0.838642064509469,25,30,20
3,2655,0.002534848891386604,0.1198440018458167,0.03923504313918579,0.8383861061236108,25,30,20
3,2656,0.03618259572688623,0.11984063579192089,0.005457152643973194,0.8385196158372186,25,30,20
3,2657,0.03616213164574656,0.11984056264059076,0.005545264025962076,0.8384520416877008,25,30,20
3,2658,0.041384584402489225,0.11986341075861681,0.00027724649060476117,0.83847475834829,25,30,20
3,2659,0.0019534696694543828,0.11639790964477335,0.04350959110970369,0.8381390295760692,25,30,20
3,2660,0.013388673414441124,0.11810410007038952,0.03193213798364532,0.8365750885315246,25,30,20
3,2661,0.013346947024223184,0.11982471242971265,0.029714455404940922,0.8371138851411246,25,30,20
3,2662,0.04002256453175559,0.1181124992057205,0.003886572549514778,0.8379783637130107,25,30,20
3,2663,0.02818516668216618,0.11979725745585329,0.014215842152253055,0.8378017337097283,25,30,20
3,2664,0.029196690206540466,0.11982063615809675,0.014582453631690487,0.8364002200036731,25,30,20
3,2665,0.02819340343501755,0.1008433649473138,0.03316000074800122,0.8378032308696683,25,30,20
3,2666,0.02809119655458834,0.11982817533191001,0.020186352416663108,0.8318942756968386,25,30,20
3,2667,0.04050954126974432,0.11985178284843584,0.015595109370826643,0.8240435665109936,25,30,20
3,2668,0.03971999205963442,0.11984832135959858,0.0016427114710076257,0.8387889751097599,25,30,20
3,2669,0.041117951877034785,0.11984831659980269,0.00017217070155646608,0.8388615608216058,25,30,20
3,2670,0.04119252237189961,0.11984831661252728,0.00016597341693956702,0.8387931875986332,25,30,20
3,2671,0.04143669325431257,0.11975760344077119,0.00028700386237392995,0.8385186994425429,25,30,20
3,2672,0.031999052097320416,0.09404728046838569,0.03523564186603589,0.8387180255682587,25,30,20
3,2673,0.03181758779706896,0.11982924501045643,0.009501114026044862,0.8388520531664302,25,30,20
3,2674,0.04085484332094395,0.1194129781585203,0.0009495330330015438,0.8387826454875352,25,30,20
3,2675,0.04131810904606824,0.11860367405300039,0.0013429339637766387,0.8387352829371564,25,30,20
3,2676,0.02811366469502293,0.11811667222003588,0.015302397169802811,0.8384672659151385,25,30,20
3,2677,0.029476209740108016,0.1168729263146168,0.014918060122264914,0.8387328038230109,25,30,20
3,2678,0.029501557073800817,0.11980990989821752,0.011894117379203704,0.8387944156487788,25,30,20
3,2679,0.04198441412728432,0.11980990991536329,0.00040489541878985317,0.8378007805385626,25,30,20
3,2680,0.033849388772668056,0.11984104364082772,0.007443851440633209,0.8388657161458712,25,30,20
3,2681,0.025781664345451545,0.11812448478995362,0.017329283562191402,0.8387645673024028,25,30,20
3,2682,0.04150341413543898,0.11984086337505957,0.00011564800918854234,0.8385400744803126,25,30,20
3,2683,0.04121434068796483,0.11982027144279242,0.00011336431998776771,0.8388520235492549,25,30,20
3,2684,0.04121245326457009,0.11941271460891496,0.0006723942935733805,0.8387024378329417,25,30,20
3,2685,0.042399634474538754,0.11859148825928179,0.0017434398353377905,0.837265437430842,25,30,20
3,2686,0.041612134199658,0.11854338803319568,0.015200272070034911,0.8246442056971123,25,30,20
3,2687,0.03908727744449291,0.11978935548824823,0.017623417419079156,0.8234999496481804,25,30,20
3,2688,0.04131750229662038,0.11980764269255141,0.018392502828868295,0.8204823521819599,25,30,20
3,2689,0.04122808056061489,0.11980806971087661,0.013976632686959431,0.8249872170415502,25,30,20
3,2690,0.04116980055612109,0.11982080863793723,0.00027690955861885196,0.8387324812473228,25,30,20
3,2691,0.041656467915161734,0.11895846269184551,0.0050070641681366325,0.8343780052248562,25,30,20
3,2692,0.042164244632924106,0.1189871984595862,0.0004903571142377119,0.8383581997932521,25,30,20
3,2693,0.042189057760901774,0.11889529785258618,0.00652394743696036,0.8323916969495516,25,30,20
3,2694,0.04146020545656141,0.11923565653363691,0.0009945321595897364,0.8383096058502134,25,30,20
3,2695,0.04251268222448922,0.1181628688366299,0.0017944148614519862,0.8375300340774298,25,30,20
3,2696,0.0057427555920740005,0.11816288196519502,0.037734944533374774,0.8383594179093563,25,30,20
3,2697,0.006635957563575271,0.11984499032544318,0.03644005399412327,0.8370789981168576,25,30,20
3,2698,0.0052654592970378875,0.11769042181940081,0.038453146476302415,0.8385909724072589,25,30,20
3,2699,0.004318507634962317,0.11958165269874493,0.03984259536621758,0.8362572443000766,25,30,20
3,2700,0.010184508208564409,0.11958170706009008,0.03500675072364686,0.8352270340076978,25,30,20
3,2701,0.008364679405373873,0.1198519670400565,0.03296875717231517,0.8388145963822555,25,30,20
3,2702,0.011676323955643816,0.11983931473937325,0.029622338810960627,0.8388620224940232,25,30,20
3,2703,0.014528336049453593,0.11985188767308547,0.029722560713287115,0.8358972155641743,25,30,20
3,2704,0.01807210229720009,0.11919907617342478,0.02394602106902687,0.8387828004603481,25,30,20
3,2705,0.040247490248793524,0.11813048480752973,0.00274666683730516,0.8388753581063709,25,30,20
3,2706,0.04015912509863925,0.11983663919862705,0.0010299786027543139,0.8389742570999797,25,30,20
3,2707,0.0027168343227026385,0.11984937124819106,0.039771631134598154,0.8376621632945074,25,30,20
3,2708,0.003659842146866718,0.11982913759477158,0.03977445259988352,0.8367365676584793,25,30,20
3,2709,0.027598021864714262,0.11813267190432157,0.017407647320776924,0.836861658910187,25,30,20
3,2710,0.01354603102131857,0.11980654701024164,0.03154303071912306,0.8351043912493167,25,30,20
3,2711,0.005387135906444229,0.11982140881531768,0.019399572749653544,0.8553918825285842,25,30,20
3,2712,0.0030625356935109257,0.11979374241285388,0.00016823348289214343,0.8769754884107424,25,30,20
3,2713,0.0022994673360103913,0.11982155353716605,0.00016778648246281477,0.8777111926443613,25,30,20
3,2714,0.0019091266052395051,0.1198088475334806,0.00016825117223228986,0.8781137746890484,25,30,20
3,2715,0.004505783994927025,0.1198088475402832,0.00013825324974298483,0.8755471152150478,25,30,20
3,2716,0.0013735728147073302,0.11982438968017597,1.643088553948083e-05,0.878785606619578,25,30,20
3,2717,0.0012953484452187336,0.11812130971931017,0.0017203898817898331,0.8788629519536822,25,30,20
3,2718,0.0022890079710699072,0.11982106035126608,3.859243428838152e-06,0.8778860724342354,25,30,20
3,2719,0.0023985995201925426,0.11980236517068295,3.3715431143588575e-05,0.8777653198779802,25,30,20
3,2720,0.0014701109816968843,0.11976692261422418,0.00015373702760953758,0.8786092293764686,25,30,20
3,2721,0.0013527939329288558,0.0807023702699184,0.039159401585141286,0.8787854342120113,25,30,20
3,2722,0.0014736294182591083,0.0799093339921815,0.03808564627436672,0.8805313903151935,25,30,20
3,2723,0.0016420076827350233,0.07946998062292426,0.0386593142801804,0.8802286974141608,25,30,20
3,2724,0.001483283338162369,0.07907538019798914,0.045266538397111145,0.8741747980667354,25,30,20
3,2725,0.0014281629271625145,0.07986533265437344,0.03811325676735408,0.8805932476511092,25,30,20
3,2726,0.0013719371950713175,0.07986533265858825,0.038110148465839794,0.8806525816805012,25,30,20
3,2727,0.0021130230493932715,0.07986533700612983,0.03926575763043042,0.8787558823140467,25,30,20
3,2728,0.0020157295191006496,0.07985379659555414,0.03936020411357274,0.878770269771772,25,30,20
3,2729,0.003030661860450848,0.1198071837521032,4.5323477023826946e-05,0.8771168309104234,25,30,20
3,2730,0.002164433388323603,0.11984015752971698,1.3451404588943223e-05,0.8779819576773715,25,30,20
3,2731,0.0013866781305000527,0.1198368267963291,2.9126426358027285e-05,0.8787473686468139,25,30,20
3,2732,0.0014406910447176964,0.11983682679599034,1.8280552595526637e-05,0.8787042016066979,25,30,20
3,2733,0.003992212681465667,0.11725590421282595,1.065910878160076e-05,0.8787412239969282,25,30,20
3,2734,0.003962251926096776,0.11725611379973205,3.848843830565352e-06,0.8787777854303398,25,30,20
3,2735,0.0013764634335764676,0.11981313864820771,2.058582878259992e-05,0.8787898120894339,25,30,20
3,2736,0.001925859981695093,0.11786273299628322,0.0017206891731556255,0.8784907178488659,25,30,20
3,2737,0.0032422439992651508,0.11980059533911441,0.00017915758150335102,0.8767780030801164,25,30,20
3,2738,0.0013670371249372868,0.11978963448013748,0.00019205085147301116,0.878651277543452,25,30,20
3,2739,0.0013749780274705723,0.11978963448465946,6.12245334005747e-05,0.8787741629544682,25,30,20
3,2740,0.004946754679207092,0.11985768227718269,4.263725796820627e-05,0.8751529257856422,25,30,20
3,2741,0.0012942383649346026,0.10109105304539302,0.018881228896922654,0.8787334796927506,25,30,20
3,2742,0.003687530548285701,0.10112633622700598,0.018749088310571572,0.876437044914138,25,30,20
3,2743,0.0037809072729428138,0.1198603242861793,1.6124072865080774e-05,0.8763426443680128,25,30,20
3,2744,0.0035825638705463763,0.11894110333598157,0.0008517063599606915,0.8766246264335106,25,30,20
3,2745,0.0037525023483359885,0.11893726098249603,0.0009848699067121355,0.8763253667624558,25,30,20
3,2746,0.006160837040139632,0.11891351883422875,0.001022263772484582,0.873903380353146,25,30,20
3,2747,0.001614710949621918,0.11984094205821476,0.00023411513923973605,0.8783102318529239,25,30,20
3,2748,0.003623874501391767,0.11986000338450861,0.0006136360309646339,0.8759024860831349,25,30,20
3,2749,0.00452741258355242,0.11984907286704212,2.556886233315626e-05,0.8755979456870717,25,30,20
3,2750,0.0017280111865471941,0.11982837124464485,0.0003707742838730172,0.8780728432849351,25,30,20
3,2751,0.0014145117366568287,0.1198272446393596,1.146792576315317e-05,0.8787467756982208,25,30,20
3,2752,0.0013619047479684146,0.11984036294018069,8.290204621423006e-06,0.8787894421072295,25,30,20
3,2753,0.001369567220788333,0.10110136526774079,0.01874738237821781,0.8787816851332526,25,30,20
3,2754,0.001363781295294917,0.11977488691388614,2.6981547337147815e-05,0.8788343502434819,25,30,20
3,2755,0.0017192755484206031,0.1197741886883434,2.865840967852355e-05,0.8784778773535575,25,30,20
3,2756,0.004346486228101234,0.11977668628493478,0.0004109019565355308,0.875465925530429,25,30,20
3,2757,0.0016788270256437466,0.1197456682352539,0.00043852750757877477,0.8781369772315236,25,30,20
3,2758,0.001454828778281167,0.11980890051604465,3.6570205168147795e-05,0.8786997005005065,25,30,20
3,2759,0.0013788342930268177,0.11983779727471733,1.821510674317872e-05,0.878765153325513,25,30,20
3,2760,0.0013505786980746103,0.11984077757234994,7.521196941803816e-06,0.8788011225326343,25,30,20
3,2761,0.0014334581931679503,0.11985227042820336,8.343227298550051e-06,0.878705928151331,25,30,20
3,2762,0.002250000045104084,0.11983977350377653,8.186400700866013e-06,0.8779020400504192,25,30,20
3,2763,0.0025298585666429633,0.11982463541551658,1.9855456176541232e-05,0.8776256505616638,25,30,20
3,2764,0.042254118967027035,0.11982519237601717,0.00013646013466273412,0.8377842285222927,25,30,20
3,2765,0.0033032976223866368,0.09782150782879626,0.06097956656165222,0.8378956279871662,25,30,20
3,2766,0.03856893987406915,0.09784906257643713,0.025021306913673654,0.8385606906358197,25,30,20
3,2767,0.03951548632927961,0.09757728279020526,0.031073950664171752,0.8318332802163428,25,30,20
3,2768,0.039562454506399156,0.11860969889944034,0.0030298175596536726,0.838798029034508,25,30,20
3,2769,0.04160653406949095,0.11949472726039481,0.0003925594291756884,0.8385061792409378,25,30,20
3,2770,0.0428548837612185,0.1198111549457563,0.012377816844466628,0.824956144448559,25,30,20
3,2771,0.04286029172402813,0.11984430573862018,0.0012859457938558506,0.8360094567434957,25,30,20
3,2772,0.04338872587474779,0.11985118799590909,0.0005315586664419879,0.8362285274629006,25,30,20
3,2773,0.04056660816101483,0.11811157759086888,0.002671120940650097,0.8386506933074659,25,30,20
3,2774,0.029941813353540868,0.08067604898390146,0.04968751699677399,0.839694620665783,25,30,20
3,2775,0.03202727038602244,0.07893784306698004,0.05024245975986207,0.8387924267871364,25,30,20
3,2776,0.031552280513672995,0.07988571592404768,0.049841145202096974,0.8387208583601823,25,30,20
3,2777,0.044077015318108585,0.08064793469104703,0.04842147530435094,0.8268535746864935,25,30,20
3,2778,0.04132060354029829,0.07988308339590323,0.05732907821545337,0.8214672348483459,25,30,20
3,2779,0.04358244675708848,0.0798589755068099,0.051379387435553064,0.8251791903005481,25,30,20
3,2780,0.040999529232879126,0.08430818563335345,0.04690185566874077,0.8277904294650269,25,30,20
3,2781,0.002627415752244075,0.07990569681532035,0.07891017152115062,0.8385567159112856,25,30,20
3,2782,0.0027535114333824915,0.07987028841129999,0.07876960774066406,0.8386065924146535,25,30,20
3,2783,0.0022845317144170292,0.07990607538248262,0.0799014343210914,0.8379079585820096,25,30,20
3,2784,0.025522690139426808,0.07990607473802636,0.056680054747323384,0.8378911803752247,25,30,20
3,2785,0.041769202176978354,0.07990985307518607,0.040303109746295765,0.838017835001541,25,30,20
3,2786,0.04259675009648804,0.07989759018962664,0.03956423895144054,0.8379414207624453,25,30,20
3,2787,0.03339463322310021,0.07991528951999256,0.04910512306126968,0.8375849541956376,25,30,20
3,2788,0.06317726738856445,0.07963190275571361,0.020547402478768833,0.8366434273769545,25,30,20
3,2789,0.07386106089162926,0.07963200175348363,0.00868967284172061,0.8378172645131673,25,30,20
3,2790,0.0466258733575718,0.07988952983499396,0.034624170847320605,0.8388604259601138,25,30,20
3,2791,0.047185581857072015,0.07989791859758098,0.034630219459379226,0.8382862800859684,25,30,20
3,2792,0.008723204192169355,0.07984657569801508,0.07464397605891432,0.8367862440509011,25,30,20
3,2793,0.012183179397817032,0.07986994501491954,0.07397223721426491,0.8339746383729987,25,30,20
3,2794,0.004572514825516614,0.07988244721787349,0.0786237153628448,0.8369213225937657,25,30,20
3,2795,0.004600483143113088,0.08075916488183807,0.07575548171376564,0.8388848702612829,25,30,20
3,2796,0.0054941550238171025,0.08075916489114182,0.07602192113852282,0.8377247589465177,25,30,20
3,2797,0.0034111875177313617,0.08035840318996934,0.07800876583938171,0.8382216434529177,25,30,20
3,2798,0.002006842287144952,0.07986502795714019,0.08517523640942654,0.8329528933462882,25,30,20
3,2799,0.001585910989068696,0.08053931223598106,0.07916140691908939,0.8387133698558605,25,30,20
3,2800,0.001395365728459015,0.07988696186166072,0.07967999132082446,0.8390376810890555,25,30,20
3,2801,0.0014262117932415045,0.07989758697553945,0.0796505860457881,0.8390256151854308,25,30,20
3,2802,0.0013948762036643597,0.079885725255095,0.08004047258297188,0.8386789259582702,25,30,20
3,2803,0.009371596277082285,0.07986993501712802,0.07874099503721611,0.8320174736685734,25,30,20
3,2804,0.020190304503815062,0.07988155848422099,0.06220405290727535,0.8377240841046885,25,30,20
3,2805,0.0031638967794845453,0.07988188266771029,0.07817195207122549,0.8387822684815803,25,30,20
3,2806,0.0014530270969220862,0.1026129381691906,0.057114968966795986,0.8388190657670905,25,30,20
3,2807,0.0017458422183076064,0.11809634440295,0.04134696383932899,0.8388108495394131,25,30,20
3,2808,0.0017202545329017744,0.11982943865454164,0.0396182786231036,0.8388320281894524,25,30,20
3,2809,0.0031461099120836215,0.11981145471234671,0.0399866422856186,0.8370557930899513,25,30,20
3,2810,0.00394013871076466,0.07986095870594233,0.07915057863222522,0.8370483239510668,25,30,20
3,2811,0.004275477442644078,0.07987669133719634,0.07973977328147314,0.836108057938687,25,30,20
3,2812,0.001488424584350663,0.07989807969298077,0.07980572784431232,0.8388077678783569,25,30,20
3,2813,0.011661907496427587,0.07989807346442744,0.06969137438656536,0.8387486446525793,25,30,20
3,2814,0.0038235574772840135,0.07989804729272067,0.07942730875363475,0.836851086476361,25,30,20
3,2815,0.0022704149197390745,0.07990961755605985,0.03995441363061056,0.8778655538935909,25,30,20
3,2816,0.002481640638060486,0.07987115390408367,0.04036965244121873,0.8772775530166377,25,30,20
3,2817,0.0012678628259292762,0.07984116377915229,0.039983155365852306,0.878907818029067,25,30,20
3,2818,0.024712022215781303,0.07985619178233548,0.017407030432370362,0.8780247555695141,25,30,20
3,2819,0.006278264748826265,0.0798947027106063,0.03286476336470686,0.8809622691758591,25,30,20
3,2820,0.0071670504334016075,0.07987864815901287,0.032603075019821556,0.8803512263877635,25,30,20
3,2821,0.008916756376524487,0.07987038844391049,0.03260682939689976,0.8786060257826653,25,30,20
3,2822,0.008176025682759514,0.07987590159485065,0.032640891537655196,0.8793071811847344,25,30,20
3,2823,0.004110892277121667,0.07894584535843871,0.03949841326991326,0.8774448490945267,25,30,20
3,2824,0.0034481588590223023,0.0789687329351927,0.03990461841912433,0.8776784897866605,25,30,20
3,2825,0.0016485831981167846,0.07989813291799835,0.03991457437814119,0.8785387095057433,25,30,20
3,2826,0.003963573862049209,0.07988643650750366,0.037918012901154804,0.8782319767292927,25,30,20
3,2827,0.002718680655027161,0.07986684196612347,0.039763561359069416,0.8776509160197798,25,30,20
3,2828,0.002578239291874968,0.07991010001701865,0.038932169087379905,0.8785794916037265,25,30,20
3,2829,0.041110177803292666,0.07989784953021414,0.00017448795758803694,0.878817484708905,25,30,20
3,2830,0.04079092583994361,0.07940510472041741,0.0010304313091822042,0.8787735381304566,25,30,20
3,2831,0.04551608813248888,0.07941689016980627,0.001181987369834606,0.8738850343278706,25,30,20
3,2832,0.03878292030366485,0.07986685896056894,0.0029846961741230743,0.8783655245616433,25,30,20
3,2833,0.04237810772704077,0.07989025464252181,0.0003353449658860832,0.877396292664551,25,30,20
3,2834,0.042420015930690884,0.07989025463395642,7.104438836651872e-05,0.8776186850469854,25,30,20
3,2835,0.04060993619379614,0.07989025521890337,0.0014066916842758606,0.8780931169030245,25,30,20
3,2836,0.029316309544650556,0.07989447547062087,0.01223197025939472,0.8785572447253336,25,30,20
3,2837,0.04125783600216262,0.07989792803496223,8.971390883325984e-05,0.8787545220540427,25,30,20
3,2838,0.02508959126327439,0.07990220632121994,0.016334596334144018,0.8786736060813606,25,30,20
3,2839,0.027659529439813816,0.07986538399655585,0.01637517668686982,0.8760999098767595,25,30,20
3,2840,0.031102405077957713,0.07990182260683416,0.016449375338945867,0.872546396976262,25,30,20
3,2841,0.015527437502998644,0.07881943959963578,0.03016080888175209,0.8754923140156131,25,30,20
3,2842,0.01291902990925401,0.07880770084400139,0.0301445384998112,0.8781287307469338,25,30,20
3,2843,0.002877932077082646,0.07880825389647483,0.03957160628165809,0.8787422077447853,25,30,20
3,2844,0.003070059157298022,0.07882008558492205,0.039574481116117124,0.8785353741416627,25,30,20
3,2845,0.001809069236638307,0.07882008557374943,0.040640117277270446,0.8787307279123433,25,30,20
3,2846,0.004638413419063501,0.07882008571045064,0.04058024354610165,0.8759612573243849,25,30,20
3,2847,0.042686928164867154,0.0788200934473089,0.0008771498848067588,0.8776158285030164,25,30,20
3,2848,0.035780396228714165,0.07987852632816632,0.006553897170175758,0.8777871802729438,25,30,20
3,2849,0.04086872314613422,0.07986283940807963,0.0004841259788498521,0.8787843114669366,25,30,20
3,2850,0.0024245803707468507,0.07991031882830975,0.0396782481441033,0.8779868526568412,25,30,20
3,2851,0.0024207389911640406,0.0799099852696455,0.04445653853729158,0.8732127372018991,25,30,20
3,2852,0.00225608750439424,0.07989840331351401,0.04018720960998296,0.8776582995721103,25,30,20
3,2853,0.001677452805116793,0.07988547332174596,0.040159605570969606,0.8782774683021681,25,30,20
3,2854,0.003699285279990496,0.07988547285023748,0.039297441102123215,0.8771178007676477,25,30,20
3,2855,0.04282965808070691,0.0798630882102199,0.0004949830522852805,0.876812270656788,25,30,20
3,2856,0.04042847736515437,0.0798673509694947,0.0018885632083197436,0.8778156084570328,25,30,20
3,2857,0.040361487627217675,0.07989749992020533,0.0018596037894003789,0.8778814086631773,25,30,20
3,2858,0.03938342343937255,0.07989798686126695,0.0019496079984552626,0.8787689817009066,25,30,20
3,2859,0.039451083911571955,0.0798979868603087,0.0019935743889952194,0.8786573548391244,25,30,20
3,2860,0.0033693725648817653,0.07988636731834176,0.03807541321972237,0.8786688468970543,25,30,20
3,2861,0.004670870406067292,0.07987014567730097,0.03856647578841054,0.8768925081282203,25,30,20
3,2862,0.00661798795861569,0.07989782665933437,0.04224919515555545,0.8712349902264959,25,30,20
3,2863,0.006729146437586724,0.07818097779650693,0.037675868398842405,0.8774140073670632,25,30,20
3,2864,0.04275906103708293,0.07984377233751512,0.00039523392843001146,0.8770019326969709,25,30,20
3,2865,0.042280874048115695,0.07986205957390938,9.655092953743267e-06,0.8778474112850216,25,30,20
3,2866,0.005538657144625061,0.07944139826293753,0.03471772548200448,0.8803022191104339,25,30,20
3,2867,0.007309473267274211,0.07990632635215617,0.034343692231866105,0.8784405081487031,25,30,20
3,2868,0.005011067699504799,0.08014418202565497,0.040175355386692625,0.8746693948881482,25,30,20
3,2869,0.0035946844524879108,0.07988583467359371,0.040051112708938755,0.8764683681649801,25,30,20
3,2870,0.004118076586809484,0.07933703423596027,0.03977219503514045,0.8767726941420912,25,30,20
3,2871,0.0013837256659970756,0.07989764423202385,0.03996317436403979,0.8787554557379397,25,30,20
3,2872,0.002946617192207132,0.07964542683069156,0.03968376530876421,0.8777241906683371,25,30,20
3,2873,0.002058831823633843,0.07964476296732843,0.03992197291185671,0.878374432297182,25,30,20
3,2874,0.014101610295921411,0.07990547572465899,0.06838433133174282,0.8376085826476769,25,30,20
3,2875,0.03870175658224621,0.07989019618559288,0.042631656313364574,0.8387763909187974,25,30,20
3,2876,0.003978020547950534,0.07967815153284236,0.07769670323155037,0.8386471246876573,25,30,20
3,2877,0.0017195777967196294,0.07969909674195344,0.08023758014875426,0.838343745312574,25,30,20
3,2878,0.00157480983544267,0.07967022320534518,0.04031498898524183,0.8784399779739707,25,30,20
3,2879,0.001987837488336126,0.07967787354672497,0.04032885717325061,0.8780054317916891,25,30,20
3,2880,0.002457512074859041,0.07967832586686313,0.04007773240775199,0.877786429650526,25,30,20
3,2881,0.003927960272656778,0.07984304250958454,0.03918236173572911,0.877046635482029,25,30,20
3,2882,0.0022940763205824147,0.0798430424940522,0.039550933006107146,0.8783119481792583,25,30,20
3,2883,0.0022499945183401954,0.07988220987480366,0.03939296957720209,0.8784748260296541,25,30,20
3,2884,0.0025693883849056925,0.07986991540537242,0.038887008841753265,0.8786736873679692,25,30,20
3,2885,0.03783661082311074,0.07984699258281899,0.0040897494614720396,0.8782266471325977,25,30,20
3,2886,0.03329244622172644,0.07985317533484743,0.009105804834783985,0.8777485736086422,25,30,20
3,2887,0.0023609451916388525,0.07987030017049755,0.0398755104676239,0.8778932441702401,25,30,20
3,2888,0.03988419082846228,0.07989913903904258,0.0018139975776324982,0.8784026725548625,25,30,20
3,2889,0.04080738960060963,0.07989374050739614,0.0007337915660669771,0.8785650783259278,25,30,20
3,2890,0.041778864923049726,0.07989844458312781,0.0006255452701320677,0.8776971452236902,25,30,20
3,2891,0.043162360640026126,0.0799063835554056,2.4927451596157252e-05,0.8769063283529718,25,30,20
3,2892,0.04219508615657034,0.07990638356895523,2.6945412017866043e-05,0.877871584862456,25,30,20
3,2893,0.04305788758130056,0.07989791032096102,3.7201418087634566e-05,0.8770070006796508,25,30,20
3,2894,0.039110227729759243,0.07989814547012662,0.005735112681722543,0.8752565141183897,25,30,20
3,2895,0.05845217863375338,0.07989814546975055,0.011975718295229419,0.8496739576012651,25,30,20
3,2896,0.064634497126927,0.07713992796978682,0.0085336102215386,0.8496919646817466,25,30,20
3,2897,0.0641928736179376,0.07988141285380253,5.1243751272702845e-05,0.8558744697769882,25,30,20
3,2898,0.08073106903338104,0.07990179478325456,0.0004926213670952845,0.83887451481627,25,30,20
3,2899,0.08106281032950331,0.07864769409121233,0.0013783116330852137,0.8389111839461988,25,30,20
3,2900,0.04338885568967285,0.07864712148976484,0.04157759421623918,0.8363864286043236,25,30,20
3,2901,0.00549680293468402,0.039964059266442115,0.11897283198123493,0.835566305817639,25,30,20
3,2902,0.00804592447200249,0.039951334314752035,0.11347016157335008,0.838532579639895,25,30,20
3,2903,0.025093549759228,0.040734130590109906,0.09571523613106189,0.8384570835196012,25,30,20
3,2904,0.04182733825779974,0.04075994183493805,0.07982846049117479,0.8375842594160882,25,30,20
3,2905,0.0016286880177604126,0.04075904222382221,0.08839683350384098,0.8692154362545768,25,30,20
3,2906,0.004863664512747697,0.039954771250489456,0.0773649556110747,0.8778166086256879,25,30,20
3,2907,0.004684201840407331,0.039954785574855836,0.0799027657942782,0.8754582467904585,25,30,20
3,2908,0.0017780008099143923,0.03994287377827223,0.07989353178099705,0.8783855936308156,25,30,20
3,2909,0.0016461068402863772,0.03995493651242617,0.07991010106328336,0.8784888555840042,25,30,20
3,2910,0.01560748230787178,0.03995625924725667,0.06565129431405593,0.878784964130817,25,30,20
3,2911,0.0014495520980920445,0.039957400233300897,0.0798354580909911,0.8787575895776156,25,30,20
3,2912,0.0028371315338303134,0.04021490961655008,0.0796553736455004,0.8772925852041201,25,30,20
3,2913,0.03274517129102215,0.03994329042126119,0.04948791964792968,0.877823618639787,25,30,20
3,2914,0.038730246898894295,0.03994346967299031,0.04312533675416301,0.8782009466739521,25,30,20
3,2915,0.04009870285240495,0.03995984589072191,0.043074773778257,0.876866677478616,25,30,20
3,2916,0.04613723502692319,0.03995577310833998,0.03650855544200721,0.87739843642273,25,30,20
3,2917,0.043047770261338526,0.03992698821758561,0.03999526077090449,0.8770299807501722,25,30,20
3,2918,0.041311142886796465,0.03992699397422969,0.04092893077049206,0.8778329323684813,25,30,20
3,2919,0.002388300259732081,0.03994099314417848,0.0793521228849403,0.8783185837111483,25,30,20
3,2920,0.00184224695627118,0.03993316699744743,0.07942273104839048,0.8788018549978918,25,30,20
3,2921,0.003920064360297198,0.038192024638833304,0.07941749805803605,0.8784704129428336,25,30,20
3,2922,0.003253479059987443,0.040678827390541066,0.0776372969239592,0.8784303966255129,25,30,20
3,2923,0.0019338393449980726,0.03951796656081941,0.08013916875343399,0.878409025340748,25,30,20
3,2924,0.001759448030023874,0.07944704605652367,0.04039040581059108,0.878403100102862,25,30,20
3,2925,0.0017028720793733395,0.07989378494172734,0.04006970651004485,0.8783336364688553,25,30,20
3,2926,0.0014240238453753354,0.07987720895037696,0.04019630529827005,0.8785024619059779,25,30,20
3,2927,0.003083868109681743,0.07861547430630206,0.041349615295483,0.8769510422885332,25,30,20
3,2928,0.0022816643463458197,0.059906003894647245,0.059932351217078884,0.8778799805419283,25,30,20
3,2929,0.002729356627987365,0.07990622579964461,0.03991851930264812,0.8774458982697204,25,30,20
3,2930,0.0014094367175061262,0.07988624498014554,0.040040651573417095,0.8786636667289308,25,30,20
3,2931,0.0014379292249321952,0.08177769795124222,0.04747541828979303,0.8693089545340337,25,30,20
3,2932,0.003666350339969539,0.0798902282813035,0.040199298701303024,0.8762441226774257,25,30,20
3,2933,0.0034934442898321228,0.07990990013675335,0.040597444574986256,0.8759992109984305,25,30,20
3,2934,0.011737408536475924,0.07990990013438666,0.04035537737970122,0.8679973139494359,25,30,20
3,2935,0.0023237937972097906,0.07990913486905854,0.04017062374432183,0.8775964475894092,25,30,20
3,2936,0.002737732876815581,0.07990223632142343,0.039199223154316586,0.8781608076474455,25,30,20
3,2937,0.002196492410067887,0.0798745195897361,0.03898791066538801,0.8789410773348085,25,30,20
3,2938,0.0031890174924929194,0.07984714375054888,0.04430670630932629,0.8726571324476321,25,30,20
3,2939,0.0020640635065411533,0.0798942280381391,0.03992879180293996,0.8781129166523799,25,30,20
3,2940,0.002547978727400057,0.07989422813971733,0.03989803309589981,0.877659760036984,25,30,20
3,2941,0.0020750886721406262,0.07989784161605923,0.039888727280842896,0.8781383424309575,25,30,20
3,2942,0.002093639464063456,0.0798856261160571,0.03989415045569921,0.8781265839641794,25,30,20
3,2943,0.0027855147987654954,0.07778213816341266,0.04090081594589061,0.8785315310919326,25,30,20
3,2944,0.0060693348594445095,0.07777821420770198,0.0407093043535715,0.8754431465792823,25,30,20
3,2945,0.0018738403423395394,0.07987052134423314,0.03994826041594533,0.8783073778974828,25,30,20
3,2946,0.004329723919381712,0.07893977590694475,0.040165857414836,0.8765646427588376,25,30,20
3,2947,0.0034004306261399895,0.07990630970499184,0.039948691027798355,0.8767445686410702,25,30,20
3,2948,0.0033156906490633335,0.07987570269500792,0.0397222398044379,0.8770863668514925,25,30,20
3,2949,0.003553205769209854,0.0798675927390248,0.04010468484552667,0.8764745166462391,25,30,20
3,2950,0.0036232245152281162,0.06478973920890223,0.05518722619418548,0.876399810081685,25,30,20
3,2951,0.0019370596820431677,0.06475074347693979,0.05507629012062451,0.8782359067203934,25,30,20
3,2952,0.002382287841253905,0.07985390691044297,0.040086229537534546,0.8776775757107693,25,30,20
3,2953,0.0016537399338408087,0.07989764278397116,0.03961973728969858,0.8788288799924896,25,30,20
3,2954,0.006091967224294703,0.0798976428094694,0.0395000381656961,0.8745103518005408,25,30,20
3,2955,0.001375810224598888,0.07986879689297519,0.0399590152037491,0.8787963776786785,25,30,20
3,2956,0.0013547672410121395,0.05115703954948451,0.06883419562674013,0.8786539975827639,25,30,20
3,2957,0.0025050259608967434,0.07989667928235306,0.03983557181164629,0.8777627229451066,25,30,20
3,2958,0.0014740922087097296,0.07988380489688685,0.040032058807387826,0.8786100440870175,25,30,20
3,2959,0.001382872820599547,0.07988366899640126,0.03995595751250011,0.8787775006704993,25,30,20
3,2960,0.0013654569178754134,0.07990199069829809,0.03995787030625622,0.8787746820775708,25,30,20
3,2961,0.0012552224316033284,0.07989718646802219,0.039957748678956156,0.8788898424214194,25,30,20
3,2962,0.003187353216883267,0.07784749448840099,0.04110646935951441,0.8778586829352014,25,30,20
3,2963,0.0043446667149668475,0.0778484333024534,0.04082781069849247,0.8769790892840882,25,30,20
3,2964,0.004391435906459758,0.0799101151753525,0.03968712956332715,0.8760113193548611,25,30,20
3,2965,0.016939893097112985,0.07990960903825199,0.023617334834210104,0.8795331630304247,25,30,20
3,2966,0.002439169616148466,0.07990988033598566,0.040076864917690955,0.8775740851301735,25,30,20
3,2967,0.0014234926345214087,0.07988679480487451,0.040059174626740725,0.878630537933863,25,30,20
3,2968,0.0013797530872085774,0.0798863912831245,0.0007900295355328857,0.9179438260941337,25,30,20
3,2969,0.0016273028581205726,0.07988980693949231,0.0006487950410503826,0.9178340951613374,25,30,20
3,2970,0.003998114990709355,0.07988980694547934,0.0002769156417135359,0.9158351624220984,25,30,20
3,2971,0.00352572907422605,0.07896845504529504,0.0002746839575009821,0.917231131922978,25,30,20
3,2972,0.001637739540272532,0.07987704268754174,0.0003064921768616377,0.9181787255953238,25,30,20
3,2973,0.004359236983519785,0.07938907085806847,0.0004418123253829307,0.9158098798330292,25,30,20
3,2974,0.004534542567718101,0.0798574021541664,4.989783245079266e-05,0.9155581574456635,25,30,20
3,2975,0.001576451574509915,0.07989840735779752,7.626473527375157e-06,0.9185175145941648,25,30,20
3,2976,0.0023374230852553275,0.07896531786050563,0.00018288443597676437,0.9185143746182624,25,30,20
3,2977,0.0013168921987825736,0.07989748270813621,8.828414452279917e-06,0.9187767966786287,25,30,20
3,2978,0.006916845961418262,0.07805423334567851,0.00037907120365804787,0.9146498494892452,25,30,20
3,2979,0.003209272880168077,0.07991002872717261,7.239318374848874e-06,0.9168734590742842,25,30,20
3,2980,0.004418259777901867,0.07913511791874579,4.349143268741193e-05,0.916403130870665,25,30,20
3,2981,0.0035339418733132495,0.07872710985262171,0.00045044302475220844,0.9172885052493127,25,30,20
3,2982,0.0024103267016605755,0.07872710983232033,0.00044775499842384465,0.9184148084675947,25,30,20
3,2983,0.0022718091820458294,0.07989730620723975,0.004663013651046716,0.9131678709596681,25,30,20
3,2984,0.0018340581442177232,0.07988917615398079,0.00039440700927909566,0.9178823586925213,25,30,20
3,2985,0.0013798843889837376,0.078652625327304,0.0012487956021491637,0.9187186946815619,25,30,20
3,2986,0.0014326207540082691,0.07988192171976585,0.0004788990323863743,0.9182065584938387,25,30,20
3,2987,0.002334110457810701,0.07991015437740727,0.005020593618658381,0.9127351415461229,25,30,20
3,2988,0.0023630382364131144,0.07991015436898319,1.2577219313629328e-05,0.9177142301752896,25,30,20
3,2989,0.0037904278851184714,0.07984177227662327,2.6695808830923053e-05,0.9163411040294293,25,30,20
3,2990,0.002787923029177408,0.06430412636013648,0.015595723956134304,0.9173122266545515,25,30,20
3,2991,0.0015889442135973502,0.07985499782091321,0.00013409375496997657,0.9184219642105198,25,30,20
3,2992,0.0025763340952406843,0.07988615841469505,9.781115003790967e-05,0.9174396963400261,25,30,20
3,2993,0.0022345806107952077,0.07988570472790646,0.01104820528771016,0.9068315093735874,25,30,20
3,2994,0.0017838144977040838,0.0798975506597588,9.892635479549517e-05,0.9182197084877418,25,30,20
3,2995,0.0013394461543900665,0.079888804165738,0.00011980223870800203,0.9186519474411642,25,30,20
3,2996,0.0014011307789987646,0.07987682610163609,0.00011570756820310361,0.9186063355511626,25,30,20
3,2997,0.002300432623913714,0.07896456343496257,0.00011178038323131482,0.918623223557892,25,30,20
3,2998,0.0024921480508446527,0.07855472340314569,0.0005223059317008486,0.9184308226143091,25,30,20
3,2999,0.0013042207235724555,0.07948435081619662,0.0006920877246597814,0.9185193407355722,25,30,20
3,3000,0.002151936300093991,0.07989434346354135,0.00028507780331128306,0.9176686424330549,25,30,20
3,3001,0.001452437420964727,0.07861792658390451,0.0012561545231613094,0.9186734814719696,25,30,20
3,3002,0.0013995479353856933,0.07988529409275202,7.488851694197056e-06,0.9187076691201683,25,30,20
3,3003,0.004672229275940137,0.07866001498823998,0.001244798526953972,0.915422957208867,25,30,20
3,3004,0.0019721259558379677,0.07989764248854528,4.228779521990746e-06,0.9181260027760959,25,30,20
3,3005,0.0028416226476480587,0.07897985125675373,1.1439471633342191e-05,0.9181670866239655,25,30,20
3,3006,0.0032277561387608587,0.07989423276079956,3.285147066127676e-06,0.9168747259533749,25,30,20
3,3007,0.0014003982353104657,0.07989343910986947,8.006352474922702e-06,0.9186981563023465,25,30,20
3,3008,0.0023297751855982625,0.0798710151891466,0.0004107775915870302,0.9173884320336698,25,30,20
3,3009,0.002366407401511569,0.07982668006373501,0.00014018301196799972,0.9176667295227853,25,30,20
3,3010,0.002503800417768975,0.0798978949369514,0.0003807116781155641,0.9172175929671645,25,30,20
3,3011,0.0013343552024122677,0.0798974746634219,0.00014322380707849352,0.918624946327087,25,30,20
3,3012,0.0029766756724495906,0.07989747468505412,1.7657493642208748e-05,0.9171081921488525,25,30,20
3,3013,0.0028022170964138245,0.07988103309305859,1.229496283846052e-05,0.9173044548476881,25,30,20
3,3014,0.004935901156883718,0.07954556536653067,1.4140849801787621e-05,0.9155043926267845,25,30,20
3,3015,0.0018176504336229512,0.07985348760066611,3.5451090379933653e-06,0.9183253168566725,25,30,20
3,3016,0.0027825960948535244,0.07813746064763659,0.0018258542697150992,0.9172540889877944,25,30,20
3,3017,0.001643726879375973,0.0798977990387569,0.00026919012222501417,0.9181892839596419,25,30,20
3,3018,0.002264958341863118,0.07864932740744428,0.001242094725831134,0.9178436195248616,25,30,20
3,3019,0.0031518501441743403,0.06068393454229423,0.018335642024878168,0.9178285732886526,25,30,20
3,3020,0.002246203568312454,0.0798856486622364,1.4263382134664427e-05,0.917853884387317,25,30,20
3,3021,0.003303349076869643,0.07988604420492257,4.0314129074648495e-06,0.9168065753052992,25,30,20
3,3022,0.00405283332793718,0.07988604418257003,4.9617296822779015e-06,0.9160561607598098,25,30,20
3,3023,0.001481191057794703,0.0798860441865832,4.904477186029482e-06,0.918627860278436,25,30,20
3,3024,0.0014103249977738621,0.07989737690023535,5.5202405824221715e-06,0.9186867778614086,25,30,20
3,3025,0.004525444088121473,0.07813296091286062,0.00026162496352609367,0.9170799700354929,25,30,20
3,3026,0.003079333181756847,0.07813296088379026,0.0002744679063273062,0.9185132380281251,25,30,20
3,3027,0.0036402651389229033,0.07812131410877891,0.00028375307907830465,0.9179546676732194,25,30,20
3,3028,0.0013894468160104484,0.07988621574530531,0.00028601682828360424,0.9184383206103996,25,30,20
3,3029,0.0030407664141773594,0.07989819587842409,1.121519898612778e-05,0.9170498225084134,25,30,20
3,3030,0.004357795159937219,0.07989792566297566,6.402334475282618e-06,0.9157378768426113,25,30,20
3,3031,0.0033986201809647746,0.07959159690589336,0.00016509359561532293,0.9168446893175267,25,30,20
3,3032,0.0012672455006589153,0.07986676139875551,3.3374654056602704e-05,0.9188326184465283,25,30,20
3,3033,0.001354882623187322,0.07986676140938753,3.855450310043926e-05,0.918739801464325,25,30,20
3,3034,0.0013796404308769284,0.07986675745222804,3.411113899035718e-05,0.9187194909779044,25,30,20
3,3035,0.0014554284727991936,0.07985400033195106,3.769998495077079e-05,0.9186528712102988,25,30,20
3,3036,0.0014361066048493693,0.07985444155509276,4.351853555069352e-05,0.9186659333045067,25,30,20
3,3037,0.0017820917543391684,0.07988523124792243,0.004664929314604496,0.9136677476831337,25,30,20
3,3038,0.0022814253131755195,0.07985294947031475,0.0004085530233351272,0.9174570721931735,25,30,20
3,3039,0.0023009427216852136,0.07986987262489964,1.2253551660862695e-05,0.9178169311017541,25,30,20
3,3040,0.0016250507958980188,0.07988968837651926,0.00014339975102847712,0.9183418610765546,25,30,20
3,3041,0.002555214837618409,0.07988968834223828,1.7983273418756813e-05,0.9175371135467243,25,30,20
3,3042,0.0033488306792398897,0.07990193540301785,0.00039173763336811085,0.9163574962843748,25,30,20
3,3043,0.0016738414052787983,0.07983899508127319,0.0003970496951633923,0.9180901138182841,25,30,20
3,3044,0.002313037118933146,0.07986606962100491,1.9779305399780814e-05,0.9178011139546627,25,30,20
3,3045,0.0016612328654596294,0.07989795508658454,1.0312448454741677e-05,0.918430499599501,25,30,20
3,3046,0.004076464160275689,0.06116327602571615,0.019482098263281976,0.9152781615507272,25,30,20
3,3047,0.0028237283532982034,0.07986140484800866,0.0003979822443031396,0.9169168845543909,25,30,20
3,3048,0.003952758906948717,0.07898348862107005,1.0532766935307332e-05,0.9170532197050467,25,30,20
3,3049,0.004181905281583611,0.0789477103805908,2.2005900799350856e-05,0.9168483784370269,25,30,20
3,3050,0.0025630388095448054,0.0789477103384679,0.00018954378055707676,0.9182997070714299,25,30,20
3,3051,0.0016289429355839586,0.0798621698088256,0.0001823877940708854,0.91832649946152,25,30,20
3,3052,0.0015147510531817198,0.054111198152335616,0.025975073011380558,0.9183989777831038,25,30,20
3,3053,0.0015918504794557242,0.07989796593168336,2.7047003376188206e-06,0.918507478888523,25,30,20
3,3054,0.0013817562714782481,0.07984869069250548,9.375603426096835e-06,0.91876017743259,25,30,20
3,3055,0.002333651752325715,0.07984394691127544,3.379954663081916e-05,0.9177886017897685,25,30,20
3,3056,0.002462704081983421,0.07984368800242922,2.6311175917882677e-05,0.9176672967396687,25,30,20
3,3057,0.002364484104174289,0.07989773057508173,0.03997289400724959,0.8777648913134948,25,30,20
3,3058,0.0040141587942481875,0.0772717165644298,0.039978015045698846,0.8787361095956244,25,30,20
3,3059,0.003822203245562414,0.07723162171690616,0.040014496536315634,0.8789316785012165,25,30,20
3,3060,0.002698928359897904,0.08021117014215502,0.044889112532430886,0.872200788965516,25,30,20
3,3061,0.002734810139077548,0.07892121277400968,0.039948732900268805,0.8783952441866439,25,30,20
3,3062,0.0019091736960145142,0.07987877296326668,0.03978479649484437,0.8784272568458743,25,30,20
3,3063,0.0018755242192311171,0.07986681166174446,0.04165134218003157,0.8766063219389936,25,30,20
3,3064,0.0015105833970531068,0.07988688250881389,0.03987879367262928,0.8787237404215059,25,30,20
3,3065,0.0013661698932630293,0.07989981242132878,0.040239660756578005,0.8784943569288305,25,30,20
3,3066,0.0013919173832782309,0.07989981242552392,0.040236801282837714,0.8784714689083597,25,30,20
3,3067,0.0013365560472925096,0.07989481926760805,0.03997145416567751,0.8787971705194202,25,30,20
3,3068,0.0031396369811247456,0.07989883046964777,0.03997184232017584,0.8769896902290513,25,30,20
3,3069,0.0014044070097732066,0.07980070765188543,0.039990011367679566,0.8788048739706619,25,30,20
3,3070,0.0042078760613388526,0.07989821661115092,0.03736677705626096,0.8785271302712502,25,30,20
3,3071,0.006717749533579547,0.0798974339903416,0.04360711558349386,0.8697777008925864,25,30,20
3,3072,0.0022987310448014144,0.07989418430531353,0.04620630057070283,0.8716007840791831,25,30,20
3,3073,0.021645559608009027,0.07989774894700026,0.019665176658439896,0.8787915147865515,25,30,20
3,3074,0.04119819874980095,0.057149326868463975,0.02274311552223091,0.8789093588595044,25,30,20
3,3075,0.03376555857186734,0.06438197170168819,0.0248057167028595,0.8770467530235843,25,30,20
3,3076,0.03235763636095975,0.07980782374326462,0.00913640484986021,0.8786981350459153,25,30,20
3,3077,0.03260377618279106,0.0797989966775678,0.009051167297614009,0.878546059842027,25,30,20
3,3078,0.033338314727388525,0.07989751690693675,0.009156259138745916,0.8776079092269291,25,30,20
3,3079,0.041245742319397524,0.07989827816237455,0.00014652480592439445,0.8787094547123037,25,30,20
3,3080,0.04340175269842121,0.0798579014200077,0.00018152411459684554,0.8765588217669747,25,30,20
3,3081,0.0303691369915713,0.07989768197505946,0.011355614087889702,0.8783775669454796,25,30,20
3,3082,0.03045419620890426,0.06091356171056189,0.030320580233947552,0.8783116618465853,25,30,20
3,3083,0.00547109120290334,0.0798862517326885,0.037786088123265234,0.8768565689411423,25,30,20
3,3084,0.03556012746996359,0.07991011458791507,0.005716020798329582,0.8788137371437915,25,30,20
3,3085,0.03563266879049811,0.0794469933038037,0.006156212111007848,0.8787641257946904,25,30,20
3,3086,0.03550355226346636,0.0799095540452975,0.00572826916584834,0.8788586245253883,25,30,20
3,3087,0.04096102510599736,0.07985127400954782,0.0004463195036269886,0.8787413813808276,25,30,20
3,3088,0.041273929846293765,0.0799096971965555,0.0007171589958066883,0.8780992139613439,25,30,20
3,3089,0.04399644557553293,0.07990623070352236,0.00014910244958131038,0.8759482212713627,25,30,20
3,3090,0.04474386946613989,0.07987694130111246,0.00015375107247168063,0.8752254381602756,25,30,20
3,3091,0.04244221448345064,0.07987694095929429,0.00038035968283281913,0.877300484874421,25,30,20
3,3092,0.043043032129365846,0.051174276068992774,0.029200014310225102,0.8765826774914154,25,30,20
3,3093,0.04225448078189891,0.07989656335218333,0.0013759263698618325,0.8764730294960553,25,30,20
3,3094,0.04083809242156288,0.06448944335661261,0.016791075112806256,0.877881389109018,25,30,20
3,3095,0.04090054804601857,0.07988597583262715,0.0013642634461417057,0.8778492126752127,25,30,20
3,3096,0.00893307773178745,0.07989001184259953,0.03589550226914322,0.8752814081564702,25,30,20
3,3097,0.0017613685448066999,0.07987025805840257,0.03968890844517895,0.8786794649516125,25,30,20
3,3098,0.0020551614496724475,0.07988346254866316,0.039470632677200156,0.878590743324465,25,30,20
3,3099,0.004778537145458164,0.07988346987570777,0.03653152367344632,0.8788064693053892,25,30,20
3,3100,0.004858010872420185,0.07987486522521846,0.03652505130611382,0.8787420725962471,25,30,20
3,3101,0.004716113101465842,0.07592737083123394,0.04082652489967791,0.8785299911676228,25,30,20
3,3102,0.005395112245874265,0.07594711475099923,0.040269358180745195,0.8783884148223813,25,30,20
3,3103,0.002311218256565762,0.07990147235688255,0.03964690577655772,0.8781404036099946,25,30,20
3,3104,0.005080639000418088,0.07981580552529684,0.040208416024863386,0.8748951394494208,25,30,20
3,3105,0.0070540980120906635,0.0792558390560139,0.04065704602224985,0.8730330169096454,25,30,20
3,3106,0.01096078826441482,0.07927177156546915,0.006615351001798274,0.9031520891683178,25,30,20
3,3107,0.0025302690222249956,0.07989820744369064,1.3323350084306731e-05,0.9175582001840006,25,30,20
3,3108,0.003474175561419165,0.0798976201030869,0.0002831201927350815,0.9163450841427588,25,30,20
3,3109,0.0013842634569944084,0.07990135695044435,7.876469327328447e-06,0.9187065031232348,25,30,20
3,3110,0.0013180938967458631,0.07947163423347622,0.0004287401675964172,0.918781531702182,25,30,20
3,3111,0.0014024083321495706,0.07945985383196871,0.0004376636339946739,0.9187000742018867,25,30,20
3,3112,0.003388195673354964,0.07988458967643414,0.00013594774880324606,0.9165912669014088,25,30,20
3,3113,0.0022884788260251502,0.07988572422422792,1.3119956762056087e-05,0.9178126769929845,25,30,20
3,3114,0.003121707932716375,0.07990906070050922,8.628359784757582e-06,0.9169606030069899,25,30,20
3,3115,0.0018995757117597175,0.07982115026492931,7.759102844167078e-05,0.9182016829948705,25,30,20
3,3116,0.0013141160223161354,0.07985385705774913,3.562624646994213e-05,0.9187964006734659,25,30,20
3,3117,0.002959877865812416,0.07806239708140941,0.0011578862885776346,0.9178198387642005,25,30,20
3,3118,0.00227672585224391,0.07990940967236901,7.720292801890825e-06,0.9178061441825852,25,30,20
3,3119,0.005982521034370698,0.07987988987385256,9.59180079316187e-06,0.9141279972909843,25,30,20
3,3120,0.0022814450797757897,0.0798798898685961,0.00040395021392997034,0.9174347148376986,25,30,20
3,3121,0.001595239259905616,0.0799054703462686,0.0002744655057077465,0.9182248248881186,25,30,20
3,3122,0.0015881473434390602,0.07989764988826105,0.00027637837496179656,0.9182378243933377,25,30,20
3,3123,0.0016721109676805421,0.07989764988593619,0.0002849041351639444,0.9181453350112198,25,30,20
3,3124,0.0019125839539647852,0.0798976498731361,3.6998291303623613e-06,0.9181860663437696,25,30,20
3,3125,0.0032474272994736848,0.07988586909178048,6.333049501601144e-06,0.9168603705592449,25,30,20
3,3126,0.003617322649279379,0.0794389938752785,0.00010029091604721819,0.9168433925593962,25,30,20
3,3127,0.026566497120251113,0.07944704764181351,2.4735607536755166e-05,0.8939617196303992,25,30,20
3,3128,0.026434624976001336,0.07986686760872148,0.00040992436319218215,0.893288583052085,25,30,20
3,3129,0.025511080435042785,0.07985102983142563,0.0005312767907981054,0.8941066129427342,25,30,20
3,3130,0.04099084665949402,0.07988554891792837,0.0006112867822113205,0.8785123176403664,25,30,20
3,3131,0.040681620603471934,0.03994261366698605,0.04055768423659853,0.8788180814929444,25,30,20
3,3132,0.04403572956060286,0.03994346230697049,0.03919403455603309,0.8768267735763949,25,30,20
3,3133,0.04108074158363514,0.03994371612465684,0.04141102213088083,0.8775645201608278,25,30,20
3,3134,0.041389737658760736,0.03995515707154758,0.04070682269868741,0.8779482825710044,25,30,20
3,3135,0.02048566564335987,0.039955251609202345,0.06126842164227065,0.8782906611051677,25,30,20
3,3136,0.0023186151251500023,0.03995523153389998,0.07891236078908985,0.8788137925518599,25,30,20
3,3137,0.04145852146809152,0.03994338719925186,0.03986675835290027,0.8787313329797583,25,30,20
3,3138,0.039966941735869434,0.06102273873197722,0.02028006598489842,0.8787302535472564,25,30,20
3,3139,0.041375903928950276,0.07988552343677212,0.0001126660259030088,0.8786259066083751,25,30,20
3,3140,0.041832643787166494,0.07988307864252556,3.315247916015463e-05,0.8782511250911479,25,30,20
3,3141,0.04254987078135333,0.07930118280334343,0.0006046529916459642,0.8775442934236571,25,30,20
3,3142,0.0442712681247413,0.07751206831663143,0.0005962201334468704,0.8776204434251801,25,30,20
3,3143,0.0435410157673863,0.0780719642946738,1.1305584874779184e-05,0.8783757143530657,25,30,20
3,3144,0.03941158463287979,0.07986833560052144,0.0024398485256210633,0.878280231240978,25,30,20
3,3145,0.042620679938769855,0.07989699656932447,0.0025835075077296427,0.8748988159841771,25,30,20
3,3146,0.04311598312351233,0.07989699658054367,0.0024578583587360476,0.8745291619372076,25,30,20
3,3147,0.04275249544756982,0.07990964233097615,0.002253431930942613,0.875084430290511,25,30,20
3,3148,0.04002325426666657,0.07985237505051512,0.0013490892705765698,0.8787752814122434,25,30,20
3,3149,0.04083546948314372,0.0798975955091727,0.0004958747904504131,0.8787710602172326,25,30,20
3,3150,0.0032428516354294167,0.07897990842397941,0.03989002614010271,0.8778872138004898,25,30,20
3,3151,0.004216805860609473,0.07897973588177734,0.04008681006934018,0.8767166481882731,25,30,20
3,3152,0.0021606073679497468,0.07987507469456463,0.05334344836765474,0.8646208695698315,25,30,20
3,3153,0.0040387129913593564,0.07989336003104079,0.05305609586281827,0.8630118311147822,25,30,20
3,3154,0.038300532712114456,0.07812828657382288,0.005875828855838522,0.8776953518582244,25,30,20
3,3155,0.03625644033934587,0.07808783508597336,0.008751530880249504,0.8769041936944321,25,30,20
3,3156,0.0422936910764207,0.07988177310083638,8.259371852988114e-06,0.8778162764508899,25,30,20
3,3157,0.0422810696291024,0.07990616822649232,0.0003078954486999215,0.8775048666957052,25,30,20
3,3158,0.04113157913311512,0.07990632351582816,0.00018748245864679268,0.878774614892409,25,30,20
3,3159,0.041773798135085534,0.0799063568524004,0.039889617000813615,0.8384302280117002,25,30,20
3,3160,0.04229541213903341,0.07998428435966558,0.040021059219896654,0.837699244281405,25,30,20
3,3161,0.04112562897245244,0.07990577860198511,0.04014020724945128,0.8388283851761115,25,30,20
3,3162,0.0455320897675736,0.07959290424324485,0.0361322621195698,0.8387427438696128,25,30,20
3,3163,0.01815338710468239,0.07987498684694401,0.06507362077818678,0.8368980052701868,25,30,20
3,3164,0.032352716139328906,0.07986379848276885,0.050721565275683236,0.8370619201022182,25,30,20
3,3165,0.031240252450407686,0.07989752080091195,0.054316067785628,0.8345461589630524,25,30,20
3,3166,0.0015285188323247117,0.0786606660824137,0.08091822918669445,0.838892585898567,25,30,20
3,3167,0.04185097779429208,0.07866093064201504,0.04054345972287182,0.8389446318408215,25,30,20
3,3168,0.04190513267355309,0.07986932760859952,0.03931047402968773,0.8389150656881611,25,30,20
3,3169,0.07941504007997224,0.07988630549799178,0.0018201303898125768,0.8388785240322243,25,30,20
3,3170,0.08156700213837263,0.07988115687739022,0.0027008883918380076,0.8358509525923994,25,30,20
3,3171,0.05265374347929514,0.07988178365979545,0.03155282492742375,0.8359116479334855,25,30,20
3,3172,0.06929736684547916,0.07903670390144846,0.013406638460611632,0.8382592907924602,25,30,20
3,3173,0.06848585696660876,0.07990876173785706,0.012749562319286985,0.8388558189762471,25,30,20
3,3174,0.07631994682036138,0.07990948345958493,0.005758686274072485,0.8380118834459818,25,30,20
3,3175,0.04167405247977132,0.07990912149307122,0.044893008362643795,0.833523817664513,25,30,20
3,3176,0.04191692959356374,0.07990880556426086,0.0455252114637849,0.8326490533783911,25,30,20
3,3177,0.04214879207214433,0.07989486616898885,0.04007126271607227,0.8378850790427944,25,30,20
3,3178,0.04236879594482873,0.07989054397693392,0.039987699818000176,0.8377529602602373,25,30,20
3,3179,0.04246468358955141,0.07963933517888536,0.03998459681601249,0.8379113844155514,25,30,20
3,3180,0.003275470595173471,0.07989223103557958,0.07763999634840499,0.8391923020208416,25,30,20
3,3181,0.041203173656123165,0.07989019085272311,0.04183497215388006,0.8370716633372729,25,30,20
3,3182,0.04406179648346456,0.07990994709174584,0.041839199668343215,0.834189056756447,25,30,20
3,3183,0.04118975881097433,0.0798975954323054,0.04195247155163538,0.8369601742050855,25,30,20
3,3184,0.03939735730923695,0.07987539068976178,0.041844851812694615,0.8388824001883072,25,30,20
3,3185,0.04111990489479729,0.0799205445879971,0.04012102568610182,0.8388385248311042,25,30,20
3,3186,0.001989631029265392,0.07986987643256865,0.07930762491403832,0.8388328676241287,25,30,20
3,3187,0.0019004585123973258,0.07985538349391147,0.03943988306707482,0.878804274926617,25,30,20
3,3188,0.04063326903952395,0.07991039222393431,0.007255137973493357,0.8722012007630495,25,30,20
3,3189,0.04070956224034696,0.07991017008794322,0.0008845905142708986,0.8784956771574395,25,30,20
3,3190,0.008919712532470299,0.07989781316941054,0.0005170187529532255,0.9106654555451671,25,30,20
3,3191,0.0017503438256699793,0.07991039031170533,0.00013982311676687099,0.9181994427458581,25,30,20
3,3192,0.0035783117202647222,0.063378275471857,0.021002664842297212,0.9120407479655814,25,30,20
3,3193,0.0018801547415113942,0.07989834288995774,4.698753164354404e-06,0.9182168036153658,25,30,20
3,3194,0.0025378776786511427,0.07989750544931605,0.00013640213656692323,0.9174282147354651,25,30,20
3,3195,0.0020694664540715263,0.07985453652846265,0.0001371029570199223,0.9179388940604463,25,30,20
3,3196,0.0020339485164684954,0.0798638534705227,0.00017360208373998144,0.917928595929269,25,30,20
3,3197,0.0013432407374517402,0.0798314846694943,6.90502709341261e-05,0.9187562243221207,25,30,20
3,3198,0.0013507620558097081,0.0798973660030466,1.5873131669435075e-05,0.9187359988094737,25,30,20
3,3199,0.001381753646919112,0.0798747008834079,0.00017277820933507313,0.9185707672603378,25,30,20
3,3200,0.0016226100254105172,0.079874700905335,3.4698753019057135e-05,0.9184679903162354,25,30,20
3,3201,0.0014147882462583648,0.07983797871707071,0.00037534859615569774,0.9183718844405158,25,30,20
3,3202,0.0014178361883260052,0.07985804323086741,3.379843508432942e-05,0.9186903221457218,25,30,20
3,3203,0.0033019624949799224,0.07889414139456624,4.421016922912549e-05,0.9177596859412241,25,30,20
3,3204,0.004211619635037127,0.07890651595884643,4.36826395315297e-05,0.9168381817665847,25,30,20
3,3205,0.0018381840138829032,0.07986539119511309,6.035649984502409e-06,0.9182903891410197,25,30,20
3,3206,0.00137173626312534,0.05117816571591386,0.0287228712402111,0.9187272267807504,25,30,20
3,3207,0.0015956098496313336,0.07961136718974555,3.5216570156448705e-06,0.9187895013036078,25,30,20
3,3208,0.00141163561483745,0.07813059544493067,0.001756270920639875,0.9187014980195924,25,30,20
3,3209,0.0021973484229902444,0.0798810410714367,1.5101274906878958e-05,0.9179065092306664,25,30,20
3,3210,0.002056097933856546,0.0794653282562963,0.01902748240175212,0.8994510914080946,25,30,20
3,3211,0.0014869470951458853,0.07946532824951776,0.00043672597506215006,0.9186109986802744,25,30,20
3,3212,0.003680570486332359,0.07847733413370826,0.035646155365422594,0.8821959400145377,25,30,20
3,3213,0.001606092935889991,0.07946531752543008,0.03565718396633963,0.8832714055723396,25,30,20
3,3214,0.0025816743592649294,0.07990933730208247,0.03549812018120126,0.882010868157452,25,30,20
3,3215,0.002397719656317994,0.07988133532314354,0.03540624972263249,0.8823146952979058,25,30,20
3,3216,0.0027362140943428576,0.0795960396931879,0.035431687888347795,0.8822360583241212,25,30,20
3,3217,0.001570561364571724,0.07959603969538616,0.03516322492936336,0.8836701740106794,25,30,20
3,3218,0.0018145913395756544,0.07990956101311938,0.0351393839592432,0.8831364636880609,25,30,20
3,3219,0.002843419181616942,0.07988154732857154,0.010963245233403997,0.9063117882564071,25,30,20
3,3220,0.0040919706775715435,0.07987140509445113,0.000158633280384531,0.9158779909475919,25,30,20
3,3221,0.0022564701145595147,0.07986302403531945,2.7854104203096064e-05,0.9178526517459176,25,30,20
3,3222,0.002540158167038278,0.07961120659475956,4.2516897957033124e-06,0.9178443835484061,25,30,20
3,3223,0.001616629920371466,0.07987239915188066,0.0002591131947135455,0.9182518577330341,25,30,20
3,3224,0.0015874108536088768,0.07983047509530738,0.02325009755046581,0.8953320165006194,25,30,20
3,3225,0.0029334271344400404,0.07983047509573886,0.04603604789302741,0.8712000498767949,25,30,20
3,3226,0.03935364251965013,0.07983047570926395,0.009558156753926404,0.8712577250171596,25,30,20
3,3227,0.04163601265648981,0.07988642095488911,0.005487624769471415,0.8729899416191504,25,30,20
3,3228,0.036404453938202644,0.0799094220732556,0.005374927848071588,0.8783111961404706,25,30,20
3,3229,0.0421139515878609,0.07988587341194188,0.0004059961638737238,0.8775941788363245,25,30,20
3,3230,0.042184003665342036,0.07988385481355484,3.266540090539905e-05,0.8778994761201985,25,30,20
3,3231,0.04222682024229156,0.07988754110085709,0.000659054861387506,0.8772265837954625,25,30,20
3,3232,0.04139755904075606,0.07983083459007746,5.4067310071417024e-05,0.8787175390590947,25,30,20
3,3233,0.04159225074845952,0.0798978326412741,2.035590137142042e-05,0.8784895607088943,25,30,20
3,3234,0.04122239357530091,0.07988165566021893,0.00010542864565896609,0.8787905221188214,25,30,20
3,3235,0.042496017801531734,0.06446580099549654,0.015432942814515252,0.8776052383884562,25,30,20
3,3236,0.04284551567181327,0.0399428210827823,0.04053579937623628,0.8766758638691674,25,30,20
3,3237,0.04097369732655687,0.039923763741565234,0.040299508084794634,0.8788030308470839,25,30,20
3,3238,0.0423380646560703,0.03992376075345675,0.04033627056169429,0.8774019040287797,25,30,20
3,3239,0.04323260590832113,0.03992736949793789,0.03996228397606988,0.8768777406176703,25,30,20
3,3240,0.04361454185861051,0.039909562660763155,0.04014691255057952,0.8763289829300461,25,30,20
3,3241,0.042477984688715026,0.03990956719433549,0.03652027148664337,0.8810921766303054,25,30,20
3,3242,0.04441138173901717,0.039954985182763164,0.039770567873312034,0.875863065204908,25,30,20
3,3243,0.025841938785064817,0.03995126472997914,0.05803963113349333,0.876167165351462,25,30,20
3,3244,0.03817470059512996,0.03992935771297783,0.0450975817360648,0.8767983599558272,25,30,20
3,3245,0.03707089276059962,0.0399293577115064,0.04509635317508486,0.8779033963528099,25,30,20
3,3246,0.036877047990362996,0.03995272324176431,0.04466156572823892,0.8785086630396336,25,30,20
3,3247,0.04228137226755671,0.03994345993810086,0.039995086436256023,0.8777800813580876,25,30,20
3,3248,0.030598806102314233,0.03994345472707846,0.05153985348519617,0.8779178856854102,25,30,20
3,3249,0.041590501513812675,0.039954915643720244,0.0400913367338162,0.8783632461086508,25,30,20
3,3250,0.011394311296112543,0.039955572815282434,0.07427745780769031,0.8743726580809152,25,30,20
3,3251,0.0106953726743779,0.03967247451911959,0.0745149668638077,0.8751171859426947,25,30,20
3,3252,0.045639441703306256,0.03995499231059476,0.04104537233639783,0.8733601936497019,25,30,20
3,3253,0.04062426570343385,0.03871751408295046,0.04186610099158414,0.8787921192220329,25,30,20
3,3254,0.04122199366262403,0.03995452653679435,0.039955915267184616,0.8788675645333994,25,30,20
3,3255,0.023851507177985027,0.039927142116854296,0.05773140101175453,0.8784899496934063,25,30,20
3,3256,0.0019521930444988476,0.03989104579575406,0.07938168382344968,0.8787750773362991,25,30,20
3,3257,0.0332912600034063,0.03989120973381841,0.04803449888265206,0.8787830313801228,25,30,20
3,3258,0.04096546234699041,0.03989129827494811,0.04063027462620808,0.8785129647518543,25,30,20
3,3259,0.04260762017188682,0.039904886371090846,0.03971237324236525,0.8777751202146571,25,30,20
3,3260,0.042405338973762224,0.03990488609215501,0.039210976165322625,0.8784787987687597,25,30,20
3,3261,0.05757899374709621,0.040282445407586576,0.023379753939746607,0.8787588069055701,25,30,20
3,3262,0.043607226166049964,0.040725605711218006,0.03933821122141134,0.8763289569013201,25,30,20
3,3263,0.00646673248008407,0.04069138579972478,0.07647371744438342,0.876368164275809,25,30,20
3,3264,0.04326282775351989,0.04069135178420037,0.03972151808861395,0.8763243023736662,25,30,20
3,3265,0.040752779708482796,0.04069134481722156,0.039924527169839616,0.8786313483044554,25,30,20
3,3266,0.0023940700942395947,0.039954798530218556,0.07883055855725385,0.8788205728182881,25,30,20
3,3267,0.003154269111650807,0.039911791766788045,0.07813674014143357,0.878797198980128,25,30,20
3,3268,0.008519428502240453,0.0399117922599699,0.07273018633156761,0.8788385929062228,25,30,20
3,3269,0.002047437635945966,0.03992575245747576,0.07942181453648008,0.8786049953700981,25,30,20
3,3270,0.04140697959330596,0.03994282663122503,0.04105151194721267,0.8775986818282562,25,30,20
3,3271,0.033148211898350675,0.03995156309927289,0.04838027159716338,0.8785199534052139,25,30,20
3,3272,0.05223312750481545,0.0399515585120335,0.029547496291527663,0.8782678176916237,25,30,20
3,3273,0.052308405323684054,0.03994749034972544,0.02916355554413995,0.8785805487824508,25,30,20
3,3274,0.05207574420496035,0.0399474903433359,0.0291609683441967,0.8788157971075065,25,30,20
3,3275,0.05204670005208498,0.03994749047725457,0.02918863379358602,0.8788171756770747,25,30,20
3,3276,0.0429958362927497,0.039956741539401326,0.04000140884172109,0.8770460133261276,25,30,20
3,3277,0.04298124745679851,0.039943007372807864,0.04011213360937625,0.8769636115610169,25,30,20
3,3278,0.04297833320384214,0.03994271335811349,0.04049753753760948,0.8765814159004344,25,30,20
3,3279,0.044003131187647385,0.03991985053888213,0.051454007893254626,0.8646230103802153,25,30,20
3,3280,0.041800471120628874,0.03995500997272958,0.051419398054376335,0.8668251208522652,25,30,20
3,3281,0.04246055226786158,0.03992692212277786,0.08618523775461696,0.8314272878547443,25,30,20
3,3282,0.047422016216614724,0.03995082168511271,0.07477800413474216,0.8378491579635298,25,30,20
3,3283,0.0421278008620646,0.04070623558738718,0.07916992019113081,0.8379960433594162,25,30,20
3,3284,0.043957415899271775,0.0399511523963565,0.07914656851468665,0.8369448631896836,25,30,20
3,3285,0.035441064633349194,0.039955048989447725,0.08688591635783023,0.8377179700193725,25,30,20
3,3286,0.03304419577266562,0.03953252336398782,0.08949857531425268,0.837924705549094,25,30,20
3,3287,0.03207111263414922,0.039955499395079495,0.049110393255979504,0.8788629947147915,25,30,20
3,3288,0.07174526839321754,0.03995441737941425,0.008926287792343056,0.879374026435025,25,30,20
3,3289,0.04165385861503704,0.03995436945100859,0.03945849038598571,0.8789332815479698,25,30,20
3,3290,0.003794422176141203,0.03995498999330905,0.0793581916115005,0.8768923962190481,25,30,20
3,3291,0.03562155781478544,0.03994041304596767,0.04684494228765071,0.8775930868515964,25,30,20
3,3292,0.07519073527179371,0.0399404083900853,0.007686557078910806,0.8771822992592101,25,30,20
3,3293,0.07412920152755685,0.039940408149797935,0.007407659411306881,0.8785227309113373,25,30,20
3,3294,0.07445323215778471,0.03992103354766829,0.007074832615446284,0.8785509016791003,25,30,20
3,3295,0.0812050488181244,0.03993617343215462,7.805917941546418e-05,0.8787807185703048,25,30,20
3,3296,0.04185201520944302,0.03993617344710065,0.039953197090512024,0.8782586142529446,25,30,20
3,3297,0.08159865239964421,0.039936173450443105,0.0001852382432733019,0.8782799359066392,25,30,20
3,3298,0.08260239905771083,0.03994322300898502,0.0007278241606586802,0.8767265537726447,25,30,20
3,3299,0.041419247083756446,0.03995464780079538,0.03983589450447557,0.8787902106109737,25,30,20
3,3300,0.04282996399568779,0.038075711769353135,0.04041060601979704,0.8786837182151621,25,30,20
3,3301,0.041358065749018305,0.04007786189391657,0.03976244374589445,0.8788016286111717,25,30,20
3,3302,0.039965249334924485,0.039954409825276614,0.04150479618274397,0.8785755446570549,25,30,20
3,3303,0.024995441045866956,0.03995450495583917,0.05624569316574465,0.8788043608325495,25,30,20
3,3304,0.03729802976015096,0.03994037376099716,0.041732470938703164,0.8810291255401499,25,30,20
3,3305,0.03110634138936178,0.039932605575151776,0.050119011367851615,0.8788420416676358,25,30,20
3,3306,0.032018066237587794,0.0393463232046464,0.04991358497625287,0.8787220255815131,25,30,20
3,3307,0.03196713761266012,0.039346323210387724,0.04992373185766029,0.8787628073192925,25,30,20
3,3308,0.0374814219739632,0.039942334952553005,0.04342438270562609,0.8791518603678593,25,30,20
3,3309,0.002069226902293262,0.03995056741564452,0.07941962720009013,0.8785605784819723,25,30,20
3,3310,0.017001211211455758,0.040517077847463855,0.06483356898763137,0.8776481419534501,25,30,20
3,3311,0.036683245682686084,0.03995534927518039,0.058496997099011946,0.864864407943123,25,30,20
3,3312,0.036934352996313216,0.03989660454085732,0.04617255611945345,0.8769964863433757,25,30,20
3,3313,0.036966800313294294,0.039943001642938486,0.04613627732171649,0.8769539207220507,25,30,20
3,3314,0.04334431937638235,0.04001465600809917,0.03990280471297579,0.8767382199025429,25,30,20
3,3315,0.08351388986926389,0.03995452343385145,4.1998685439247516e-05,0.8764895880114455,25,30,20
3,3316,0.0816806213008383,0.03877155091932529,0.0012083208480987075,0.8783395069317388,25,30,20
3,3317,0.07573453039462205,0.03995118806083223,0.005453306286966591,0.8788609752575787,25,30,20
3,3318,0.07784790634961797,0.03994334374541799,0.005627884995278364,0.8765808649096849,25,30,20
3,3319,0.0560525471440855,0.039943227991742686,0.02734151813953026,0.8766627067246421,25,30,20
3,3320,0.049863560347869845,0.03967744117761887,0.03276893573160525,0.8776900627429055,25,30,20
3,3321,0.049956677594576435,0.03967742567412769,0.042844170397666866,0.8675217263336298,25,30,20
3,3322,0.049751443112696726,0.03967742566725256,0.03209887773540472,0.8784722534846461,25,30,20
3,3323,0.03698504130085273,0.03967742588312803,0.04462268531799732,0.8787148474980226,25,30,20
3,3324,0.04365748373162853,0.03994352863520836,0.040610754435555306,0.8757882331976069,25,30,20
3,3325,0.06462218560837102,0.039943517630674996,0.01752993339185796,0.8779043633690966,25,30,20
3,3326,0.06364227411801228,0.03989494643438268,0.018794105476694255,0.8776686739709109,25,30,20
3,3327,0.08069039411808993,0.039943014092312004,0.0015576699270803051,0.8778089218625182,25,30,20
3,3328,0.08135404462798436,0.039911510155898035,8.935438447552073e-05,0.8786450908316427,25,30,20
3,3329,0.06360339904687698,0.039931459032530967,0.02043818674320679,0.8760269551773868,25,30,20
3,3330,0.06401327175574144,0.03993472626530717,0.02042883941334731,0.8756231625656041,25,30,20
3,3331,0.0555546458701726,0.039934738152182854,0.02635688424798921,0.878153731729655,25,30,20
3,3332,0.0729000143834878,0.03995484926906531,0.008670830268225162,0.8784743060792217,25,30,20
3,3333,0.08074461118119833,0.03995483591569928,0.0007448769376828962,0.8785556759654203,25,30,20
3,3334,0.08078637580438508,0.039955132909220155,0.0007421653847506416,0.8785163259016437,25,30,20
3,3335,0.08233190663517959,0.03995513766789546,0.0007954698938169019,0.8769174858031072,25,30,20
3,3336,0.08025815732998431,0.03994331164493194,0.04099356792762298,0.8388049630974599,25,30,20
3,3337,0.049198092036798785,0.03994330719141376,0.07242439180835733,0.83843420896343,25,30,20
3,3338,0.03756811958000164,0.03995513118900648,0.08396167598886027,0.8385150732421321,25,30,20
3,3339,0.04238159580291774,0.039968801221293586,0.078770516425935,0.838879086549854,25,30,20
3,3340,0.04145470250919553,0.03873069531963643,0.08096963176012974,0.8388449704110407,25,30,20
3,3341,0.04112677092390998,0.07791906534462677,0.04212372426134776,0.838830439470117,25,30,20
3,3342,0.04263027220177494,0.07986303965440594,0.04200878921000765,0.8354978989338125,25,30,20
3,3343,0.04451817408756052,0.07989934622331321,0.04044462818547357,0.835137851503654,25,30,20
3,3344,0.04152546640026533,0.07989763007396546,0.04043767235559487,0.8381392311701745,25,30,20
3,3345,0.037898694969858045,0.07991842948359965,0.04319113446191607,0.8389917410846257,25,30,20
3,3346,0.04159220864510846,0.08098200617995795,0.03912716277486357,0.8382986224000706,25,30,20
3,3347,0.0584327279427662,0.07988593267583137,0.029258966593564657,0.8324223727878379,25,30,20
3,3348,0.02053420625950607,0.0798977676276392,0.0607257976444767,0.8388422284683787,25,30,20
3,3349,0.004052367585940461,0.07987027504970844,0.07786242057598604,0.8382149367883668,25,30,20
3,3350,0.0015901904478832054,0.07990944482520689,0.07961931236861225,0.8388810523582987,25,30,20
3,3351,0.0019119476651550857,0.07991011339626246,0.07974735335168322,0.8384305855868998,25,30,20
3,3352,0.002069791627249575,0.09672134741950772,0.06281327873103178,0.8383955822222123,25,30,20
3,3353,0.04077586041230894,0.09674191157963799,0.030414685170884685,0.832067542837168,25,30,20
3,3354,0.036800426406338904,0.1194051046929126,0.004884205646055136,0.8389102632546929,25,30,20
3,3355,0.038170625452254844,0.11981190566277287,0.004825656397695343,0.8371918124872767,25,30,20
3,3356,0.038205744755840154,0.11982837741557045,0.004817928654564183,0.8371479491740246,25,30,20
3,3357,0.037046392605861594,0.11915074701680874,0.004899665290638484,0.8389031950866911,25,30,20
3,3358,0.040298297950053914,0.11808313269673826,0.0027903806012965792,0.838828188751911,25,30,20
3,3359,0.04128412130028367,0.11978780845342825,3.9065483286819445e-05,0.8388890047630018,25,30,20
3,3360,0.04148589158850433,0.11979876003893666,5.157560432197273e-05,0.8386637727682367,25,30,20
3,3361,0.00568776141552056,0.11979877577400388,0.03636541923164613,0.8381480435788303,25,30,20
3,3362,0.0019929477567177394,0.11976402970268263,0.03997031121279984,0.8382727113277998,25,30,20
3,3363,0.0014214108991610838,0.1197755999912066,0.040004663035517474,0.838798326074114,25,30,20
3,3364,0.001303484551927008,0.11940092852555269,0.04047606223680623,0.8388195246857143,25,30,20
3,3365,0.0013517582400555768,0.11982097880243354,0.04004586594966807,0.8387813970078436,25,30,20
3,3366,0.002328679022719545,0.11983319648288637,0.03912403640196467,0.8387140880924302,25,30,20
3,3367,0.002333045801941115,0.11897137217624071,0.04004694303237029,0.8386486389894475,25,30,20
3,3368,0.0013592248835424198,0.11986283039253,0.03994514074463898,0.8388328039792898,25,30,20
3,3369,0.002276876811730774,0.09459320932511989,0.06530118968204673,0.8378287241811022,25,30,20
3,3370,0.00227255310201429,0.11986004551077058,0.040034736940759146,0.8378326644464577,25,30,20
3,3371,0.0025164205850882536,0.11986004552443102,0.040318965896873615,0.8373045679936059,25,30,20
3,3372,0.0022768681982577427,0.11984068361190166,0.03993906583669588,0.8379433823531451,25,30,20
3,3373,0.0023275989991007363,0.11982969325929299,0.04008048832150507,0.8377622194201007,25,30,20
3,3374,0.0032034915556954746,0.1198534748564561,0.03993946298678268,0.8370035706010661,25,30,20
3,3375,0.003128522857555286,0.1198615854373487,0.03906709765024894,0.8379427940548488,25,30,20
3,3376,0.0021670665798295564,0.1014502189451025,0.057552397275465274,0.838830317199603,25,30,20
3,3377,0.04127492098633013,0.11856930369015112,0.0014827371628835589,0.838673038160637,25,30,20
3,3378,0.04398118534659869,0.1185455402355587,0.0012572803685778986,0.8362159940492656,25,30,20
3,3379,0.04095499890214724,0.0898327009694742,0.03727276764330703,0.831939532485072,25,30,20
3,3380,0.04067966229948031,0.1178288518684616,0.002802808608707598,0.8386886772233503,25,30,20
3,3381,0.04146931309792236,0.11776891503479318,0.002000960768300951,0.8387608110989829,25,30,20
3,3382,0.011843486639470048,0.11980853405457982,0.029811187744421284,0.8385367915615306,25,30,20
3,3383,0.011786670251968123,0.11977077945492982,0.02968728801425799,0.8387552622788438,25,30,20
3,3384,0.001510660031950162,0.11976151140773236,0.039851573171604995,0.8388762553887116,25,30,20
3,3385,0.0015223004308702922,0.11857869975973923,0.04116281465415862,0.8387361851552313,25,30,20
3,3386,0.002629152203188608,0.11984739351794581,0.03983824918193693,0.8376852050969297,25,30,20
3,3387,0.004018207906023551,0.11764780610566578,0.04025932657423366,0.8380746594140773,25,30,20
3,3388,0.002854763622012249,0.11962517779333877,0.0396731879756374,0.8378468706090116,25,30,20
3,3389,0.002548816746502711,0.11960080061087915,0.039978139911291566,0.8378722427313282,25,30,20
3,3390,0.0013844365201864342,0.11941457749678303,0.04073210049862838,0.8384688854844025,25,30,20
3,3391,0.0025075262151047616,0.11941591400152703,0.0403737412412297,0.8377028185421388,25,30,20
3,3392,0.0036964324766133334,0.11942871550040822,0.040379512444477905,0.8364953395785009,25,30,20
3,3393,0.0026229544885896694,0.11983746178166493,0.04007172778444887,0.8374678559452983,25,30,20
3,3394,0.005235194668599251,0.1198363707093435,0.0399068916736402,0.8350215429484183,25,30,20
3,3395,0.0025333779734584474,0.11982691131371859,0.0399173542133104,0.8377223564995137,25,30,20
3,3396,0.001323996250766101,0.1591285665952309,0.0006401139435358831,0.8389073232104672,25,30,20
3,3397,0.003264766426747947,0.15880331692939453,0.00028396770964659413,0.8376479489342116,25,30,20
3,3398,0.002310366570103477,0.158803316921011,0.00019321982161428166,0.838693096687272,25,30,20
3,3399,0.011518530684596842,0.15974197163791884,0.00030202984156344934,0.8284374678359214,25,30,20
3,3400,0.0013808044515752317,0.15979185264801601,3.249271745810574e-06,0.8388240936286628,25,30,20
3,3401,0.001473408054567908,0.1585349118947739,0.0012523531258775461,0.8387393269247818,25,30,20
3,3402,0.0014153206390484193,0.15979121907343266,0.03996084501728104,0.7988326152702395,25,30,20
3,3403,0.0014281336637233578,0.1597470332239542,0.03996467568505728,0.7988601574272665,25,30,20
3,3404,0.0013339722856922096,0.1597426333671558,0.006308564511525522,0.832614829835627,25,30,20
3,3405,0.0013803819064459886,0.15979424609629853,1.8540174540846432e-05,0.8388068318227144,25,30,20
3,3406,0.0014704370533142163,0.1597942598338689,0.00011062585337854538,0.8386246772594386,25,30,20
3,3407,0.0014958728811587392,0.15977836732066797,0.00010477490763758545,0.8386209848905349,25,30,20
3,3408,0.0013938957030917528,0.1597717207146788,0.0003253803669070582,0.8385090032153221,25,30,20
3,3409,0.0013426516369222684,0.1591612680023643,0.0007487239214515538,0.8387473564392615,25,30,20
3,3410,0.001988627534940022,0.15908012276744965,6.3414530845637375e-06,0.8389249082445257,25,30,20
3,3411,0.0014230131331466303,0.15973933648969313,7.681332927105075e-06,0.8388299690442329,25,30,20
3,3412,0.001360619891964724,0.15850701366497508,0.012297036956209399,0.827835329486851,25,30,20
3,3413,0.003994794013324174,0.15978870007423582,0.011066967976989774,0.8251495379354503,25,30,20
3,3414,0.0022035650967443077,0.15973181944176854,0.03529627288105274,0.8027683425804358,25,30,20
3,3415,0.0013491521518126572,0.1580199444427933,0.037031597292176026,0.8035993061132181,25,30,20
3,3416,0.0016124250769743833,0.15972874652472357,0.04001556671975684,0.7986432616785457,25,30,20
3,3417,0.0025804437527259185,0.15974190319563772,0.03445301874108574,0.8032246343105516,25,30,20
3,3418,0.0014547289459191472,0.1596971491036051,8.810011080395283e-05,0.838760021839672,25,30,20
3,3419,0.0014232773669148196,0.15973040310455192,4.402868277638447e-05,0.8388022908457566,25,30,20
3,3420,0.0032482712804929744,0.1580043405475428,0.008109126591407664,0.8306382615805571,25,30,20
3,3421,0.002145677888099801,0.15926224727387478,0.008135056575736323,0.83045701826229,25,30,20
3,3422,0.003490661975843297,0.13391397421655388,0.025762732023275788,0.8368326317843284,25,30,20
3,3423,0.027134922391563166,0.11032623588312462,0.025755445560813807,0.8367833961644995,25,30,20
3,3424,0.043125788287424936,0.11818580052978069,0.00016781510467287739,0.8385205960781213,25,30,20
3,3425,0.03946204660879102,0.11695223944613112,0.007452359663529591,0.8361333542815476,25,30,20
3,3426,0.045182492635019625,0.11861710760540153,3.390833498684582e-05,0.8361664914245918,25,30,20
3,3427,0.04289015697241799,0.11866036752196431,0.0006395990310246245,0.8378098764745927,25,30,20
3,3428,0.022199596128989016,0.11981030798765671,0.024337279752989393,0.833652816130364,25,30,20
3,3429,0.005840301708205487,0.11949418503182636,0.040177795971266105,0.8344877172887017,25,30,20
3,3430,0.0034827496864793988,0.11920404065016661,0.03990755457707708,0.8374056550862776,25,30,20
3,3431,0.002257805328320178,0.11977011997980556,0.03994426911625903,0.8380278055756153,25,30,20
3,3432,0.002935501947180552,0.1198309211750719,0.04461820180329063,0.8326153750744569,25,30,20
3,3433,0.02588850004794901,0.11980113044530583,0.016443908392011396,0.8378664611147337,25,30,20
3,3434,0.026672531370474966,0.11808523101202112,0.018060332601212148,0.8371819050162919,25,30,20
3,3435,0.03923413098486889,0.11814034535735417,0.005885500993723265,0.8367400226640547,25,30,20
3,3436,0.03823617549074082,0.11985141060251005,0.0041712007886660464,0.8377412131180836,25,30,20
3,3437,0.03734196412423857,0.11983977578518523,0.0041750619465951745,0.8386431981439819,25,30,20
3,3438,0.03853005935652892,0.11984878164431144,0.004254552437925888,0.8373666065612341,25,30,20
3,3439,0.041091015321357914,0.11941758077178967,0.0005903129374050147,0.838901090969447,25,30,20
3,3440,0.04219045948299125,0.11938171693363184,0.00047390883517505465,0.8379539147482015,25,30,20
3,3441,0.0316260136028424,0.11940409917601894,0.010157473355738536,0.8388124138653997,25,30,20
3,3442,0.04108140746074079,0.11982176119374771,0.00032206426286551966,0.8387747670826461,25,30,20
3,3443,0.04120987523993133,0.11984059911974775,0.000323797718880002,0.8386257279214412,25,30,20
3,3444,0.03945485953296427,0.08690063901259813,0.03482705437540888,0.838817447079029,25,30,20
3,3445,0.04312759821778171,0.08861323422466809,0.030646487606413947,0.8376126799511369,25,30,20
3,3446,0.040027871845705956,0.10359318109101814,0.019100084331045774,0.8372788627322307,25,30,20
3,3447,0.04028655844007106,0.11983722817917171,0.003439758987698156,0.8364364543930592,25,30,20
3,3448,0.04035869687142443,0.1198055302605468,0.0021245038249328462,0.8377112690430957,25,30,20
3,3449,0.0031852923682416275,0.11808164342288771,0.041675681661204,0.837057382547666,25,30,20
3,3450,0.00421732408488596,0.1183049215536799,0.040694635413819465,0.8367831189476145,25,30,20
3,3451,0.0035577103850040724,0.11826229877184363,0.04096863405554148,0.8372113567876103,25,30,20
3,3452,0.003446925645194146,0.11932229505153105,0.038965997172758365,0.8382647821305161,25,30,20
3,3453,0.0031025434984892457,0.11937437851027938,0.038949149837953195,0.8385739281532788,25,30,20
3,3454,0.004019638513647853,0.1190542296768131,0.03898217480178331,0.8379439570077565,25,30,20
3,3455,0.0035341041058701873,0.1195453646844422,0.03996738035578728,0.8369531508539012,25,30,20
3,3456,0.0020556685053510094,0.11935797009713911,0.04039776577840223,0.8381885956191073,25,30,20
3,3457,0.036150089700754305,0.11938570054612015,0.006539514000629694,0.8379246957524953,25,30,20
3,3458,0.03540866499490124,0.11938598310848127,0.006532547430909323,0.8386728044657068,25,30,20
3,3459,0.041523014630840745,0.11983160679363021,0.00023956025969517548,0.8384058183158336,25,30,20
3,3460,0.04148573913745443,0.11982017156249261,0.0002965550438535925,0.838397534256199,25,30,20
3,3461,0.041494722857129636,0.11986420124048262,0.00039662497240599003,0.8382444509299822,25,30,20
3,3462,0.003664838322101716,0.11983799989617822,0.038235784045192324,0.83826137773653,25,30,20
3,3463,0.001427290419597078,0.11861194542467522,0.04152027554619519,0.8384404886095329,25,30,20
3,3464,0.0014702160116280007,0.1186159858916454,0.04114976416696914,0.8387640339297583,25,30,20
3,3465,0.002540839447857301,0.11864817599730923,0.04127072832618658,0.8375402562286475,25,30,20
3,3466,0.0025510761296202323,0.10378541192553965,0.08986564273087322,0.8037978692139676,25,30,20
3,3467,0.0017211991942742415,0.10450059903359209,0.09010634257528456,0.8036718591968497,25,30,20
3,3468,0.0017455169782177266,0.11960670103189835,0.07543517636278364,0.8032126056271016,25,30,20
3,3469,0.0014057060326778726,0.1198214358798594,0.039972474489428846,0.8388003835980341,25,30,20
3,3470,0.022258602736237827,0.11980985332410374,0.02004735919782854,0.8378841847418318,25,30,20
3,3471,0.02133081348213059,0.11980850922801899,0.020329205641725953,0.8385314716481266,25,30,20
3,3472,0.036189010040483416,0.1198519169811599,0.005440565010567221,0.838518507967789,25,30,20
3,3473,0.015452903571632346,0.1198638879443528,0.02754435080685789,0.8371388576771578,25,30,20
3,3474,0.004224063120686332,0.11984915907996406,0.04498169862885991,0.83094507917049,25,30,20
3,3475,0.002900509223215967,0.11985278921199144,0.03942097764337873,0.8378257239214139,25,30,20
3,3476,0.0013666269467824993,0.11982253830331027,0.03996748142282973,0.8388433533270779,25,30,20
3,3477,0.0013947435803374692,0.11981450084132166,0.03996888962652855,0.8388218659518124,25,30,20
3,3478,0.01513398234293399,0.11977244786283231,0.027437581920048068,0.8376559878741854,25,30,20
3,3479,0.03963730434007988,0.11985286731860896,0.0017521208907348674,0.8387577074505762,25,30,20
3,3480,0.03852617085068836,0.11982922944911388,0.0029195648563406667,0.8387250348438576,25,30,20
3,3481,0.04292241017454906,0.1197902421941886,0.0002248159018737889,0.8370625317293887,25,30,20
3,3482,0.041686525134130605,0.11979336750961211,0.0014529740612507394,0.8370671332950065,25,30,20
3,3483,0.04198456506678869,0.11980894105867856,0.0018060560587250555,0.8364004378158072,25,30,20
3,3484,0.04349814043595924,0.11985254298733207,1.2679040717600083e-05,0.836636637535991,25,30,20
3,3485,0.008430704196483523,0.11979227325380451,0.033422063140427526,0.8383549594092858,25,30,20
3,3486,0.0031407421237918563,0.11979732736812519,0.03970911185595063,0.8373528186521333,25,30,20
3,3487,0.003565054354998941,0.11982158877988099,0.03974305623532445,0.8368703006297953,25,30,20
3,3488,0.0029521701328419996,0.11984131432217394,0.039723179981636686,0.8374833355633471,25,30,20
3,3489,0.006256495536083293,0.11983707240005118,0.03641776688844648,0.8374886651754193,25,30,20
3,3490,0.031060920550944036,0.11980922638148109,0.010999031053548249,0.8381308220140263,25,30,20
3,3491,0.040794427543575054,0.1198201776521881,0.0006400373507674899,0.83874535745347,25,30,20
3,3492,0.013676255782625905,0.12045884220463902,0.027067944324157357,0.8387969576885783,25,30,20
3,3493,0.0014264392089962663,0.10443724163358459,0.05532723044130849,0.8388090887161108,25,30,20
3,3494,0.012002236799430603,0.10950077902699483,0.039992674153580134,0.8385043100199944,25,30,20
3,3495,0.0026538316439140234,0.13774323193349802,0.022051165197258072,0.8375517712253298,25,30,20
3,3496,0.002617325709083902,0.1597600264441026,0.006414170810183991,0.83120847703663,25,30,20
3,3497,0.0024826375444938612,0.15956777160978744,0.012932956033137249,0.8250166348125816,25,30,20
3,3498,0.0019638688279819756,0.15956792758543853,0.006385474017684696,0.8320827295688951,25,30,20
3,3499,0.0017882620052766661,0.1597639949476737,0.0064056162489482624,0.8320421267981017,25,30,20
3,3500,0.002523998971819949,0.1591614518170296,0.007005417679906029,0.8313091315312449,25,30,20
3,3501,0.0016648989762844623,0.15978167475882038,2.9537046560402037e-05,0.8385238892183347,25,30,20
3,3502,0.0015614432609029148,0.15652337838602043,0.002971996356125185,0.8389431819969521,25,30,20
3,3503,0.0014001493340423587,0.15853749332210776,0.0012671610080400178,0.8387951963358112,25,30,20
3,3504,0.0025416325730352367,0.15809161392630366,0.0016166049295749745,0.8377501485710869,25,30,20
3,3505,0.004025486672034512,0.15932144018468003,0.000445776181517804,0.8362072969617678,25,30,20
3,3506,0.001346714798449461,0.15932272699268565,0.0007374799662927183,0.8385930782425726,25,30,20
3,3507,0.0032164099677022594,0.15935747816222623,0.0008161175718791265,0.8366099942981926,25,30,20
3,3508,0.0013610528743090197,0.1593803892755673,0.0007992481803234898,0.8384593096698003,25,30,20
3,3509,0.0013965109785787633,0.15935883936531567,0.0005404861673697657,0.8387041634887358,25,30,20
3,3510,0.0023742278368179075,0.15932029048811483,0.0009107087255200653,0.8373947729495466,25,30,20
3,3511,0.003494769988365032,0.15948305080856134,0.00012993128747121893,0.8368922479156028,25,30,20
3,3512,0.003945004459281958,0.1592468498556616,0.00028750632669217454,0.8365206393583644,25,30,20
3,3513,0.0025923776746740648,0.15952564527174062,5.551983487832317e-06,0.8378764250700974,25,30,20
3,3514,0.0034140720841419094,0.1580299277581213,9.682557369587631e-05,0.8384591745840407,25,30,20
3,3515,0.0016383577620603799,0.15975259306004672,9.798071156737531e-05,0.8385110684663262,25,30,20
3,3516,0.0017498991750874052,0.1597755982565221,9.938530074527124e-06,0.8384645640383157,25,30,20
3,3517,0.002606030713131265,0.15952055866724849,1.1731358869888682e-05,0.8378616792607508,25,30,20
3,3518,0.006018416709158964,0.15885740643920238,0.00026211797953849694,0.8348620588721011,25,30,20
3,3519,0.0033194166361529814,0.15881893735223238,6.458763323116872e-05,0.8377970583783835,25,30,20
3,3520,0.003511071863965111,0.15951561438030773,7.930735144371756e-06,0.8369653830205835,25,30,20
3,3521,0.001372406474565359,0.15980370268187233,3.151062666653858e-06,0.8388207397808953,25,30,20
3,3522,0.001987055198411643,0.15946650185317165,0.00016447992481170422,0.8383819630236053,25,30,20
3,3523,0.001791970634934103,0.1596771050119983,0.006419251714243858,0.8321116726388245,25,30,20
3,3524,0.0014652578425249528,0.15971724758448347,4.507685815381108e-05,0.8387724177148376,25,30,20
3,3525,0.003264792601457686,0.15975917953481897,1.7276559185011844e-05,0.8369587513045385,25,30,20
3,3526,0.002768135664742556,0.15958424616345532,0.004745280706063791,0.8329023374657385,25,30,20
3,3527,0.0014231100464403143,0.1597979836612659,0.004664525951827395,0.8341143803404669,25,30,20
3,3528,0.0017095857438686234,0.15978406872277115,3.319797792729349e-06,0.8385030257355686,25,30,20
3,3529,0.0023606339085972673,0.15973222473150478,0.00030767255063052375,0.8375994688092677,25,30,20
3,3530,0.0014718639741154154,0.15851736878623657,0.0015114435061978173,0.8384993237334502,25,30,20
3,3531,0.0013528882565565952,0.1585729134801699,0.0013332436441213923,0.8387409546191522,25,30,20
3,3532,0.002422719202065985,0.13338794853560926,0.02646051777750642,0.8377288144848184,25,30,20
3,3533,0.0025261257446006036,0.1333349115783848,0.02646382365255555,0.8376751390244589,25,30,20
3,3534,0.0032979893076462326,0.15913138077289346,0.0007970165236963005,0.8367736133957634,25,30,20
3,3535,0.00222354631229406,0.1593595170304752,0.0004416457108425903,0.8379752909463878,25,30,20
3,3536,0.001363441457482452,0.1593681449540124,0.0004384248035746786,0.8388299887849299,25,30,20
3,3537,0.0015094396939986459,0.1304122836490917,0.029535946397004787,0.8385423302599054,25,30,20
3,3538,0.0021786276280217802,0.11502289434860677,0.04383414595481596,0.8389643320685554,25,30,20
3,3539,0.002207128010463554,0.15886246553512792,3.193135430079696e-06,0.838927213318979,25,30,20
3,3540,0.00218662105514564,0.1593851643427139,0.0004062849676404827,0.8380219296345003,25,30,20
3,3541,0.001370213813495948,0.15977630771307924,0.0060717922858003785,0.8327816861876248,25,30,20
3,3542,0.001312394002224099,0.15979317402794954,3.132089820330656e-05,0.8388631110716231,25,30,20
3,3543,0.0016199699464930258,0.1595011055635562,1.4461818460129043e-05,0.8388644626714907,25,30,20
3,3544,0.0023964370984937864,0.15950841244449185,5.184323888886976e-06,0.838089966133125,25,30,20
3,3545,0.0018702571371401098,0.1595283490433671,0.014331599844126392,0.8242697939753663,25,30,20
3,3546,0.001591102332700616,0.1594970631042258,4.205634250073363e-05,0.8388697782205736,25,30,20
3,3547,0.0017883765505304797,0.15977905351123206,3.981168705639545e-06,0.8384285887695326,25,30,20
3,3548,0.002724772866930673,0.15979962436158737,0.0002699738362126017,0.8372056289352698,25,30,20
3,3549,0.0013039191407378866,0.15978739262796113,0.00027482860174399596,0.838633859629558,25,30,20
3,3550,0.0013657045700755774,0.1597958304432303,1.1091479441606585e-05,0.8388273735072531,25,30,20
3,3551,0.011818328406212924,0.15977055392847628,2.9178879381521338e-05,0.8283819387859306,25,30,20
3,3552,0.005743858364050787,0.15886037638668687,1.6971993825818276e-05,0.8353787932554365,25,30,20
3,3553,0.006730551071008963,0.15971430284219112,7.019617804343333e-05,0.8334849499087565,25,30,20
3,3554,0.004997136473591047,0.15977317299780297,0.00029376021718011515,0.834935930311426,25,30,20
3,3555,0.006152860053678564,0.15885037974392627,1.790258364280592e-05,0.8349788576187527,25,30,20
3,3556,0.0025103816767674623,0.1598005210231196,0.00010647594084706775,0.8375826213592655,25,30,20
3,3557,0.002320782201124755,0.15975266841254407,0.00010429263032419071,0.837822256756006,25,30,20
3,3558,0.0016522984481451848,0.1598043404268986,0.00010680840987819552,0.838436552715078,25,30,20
3,3559,0.003645559438741338,0.15867626602991686,0.0001265751297605481,0.8375515994015817,25,30,20
3,3560,0.003202814777762728,0.15884364773760876,0.00014586486938203468,0.8378076726152466,25,30,20
3,3561,0.0024256987522081348,0.15875859002747794,7.453849809855365e-05,0.8387411727222154,25,30,20
3,3562,0.002820234196552384,0.15878134090735344,5.2852903841158596e-05,0.838345571992253,25,30,20
3,3563,0.0016319331199876159,0.15971802416504144,0.00019575985524564155,0.8384542828597253,25,30,20
3,3564,0.0013232946292966782,0.15935944434290739,0.00044614886064158783,0.8388711121671548,25,30,20
3,3565,0.0013983163689584787,0.15977916958199004,3.213882006783111e-06,0.8388193001670443,25,30,20
3,3566,0.0014591423114047445,0.1585311618713254,0.0012397092448280305,0.8387699865724426,25,30,20
3,3567,0.0013862806975535095,0.15853904014339476,0.001247616035495699,0.8388270631235564,25,30,20
3,3568,0.0017383368930203326,0.13999285490186725,0.019596252935583952,0.8386725552695296,25,30,20
3,3569,0.0017490572923260644,0.1412418805287912,0.018358567199538944,0.8386504949793431,25,30,20
3,3570,0.0017127799064791433,0.1377232161086857,0.022038049021349263,0.838525954963486,25,30,20
3,3571,0.0013837141028990706,0.15969681934069613,3.000411375213823e-05,0.8388894624426533,25,30,20
3,3572,0.0013800693206944446,0.1597050494310661,0.00040082958045240506,0.8385140516677881,25,30,20
3,3573,0.0031456882791140077,0.1596803183780368,0.00040870841735490484,0.8367652849254945,25,30,20
3,3574,0.01422327334297525,0.15980721994516395,2.7171994015118776e-05,0.8259423347178465,25,30,20
3,3575,0.0022315657909496712,0.1597835569934388,3.6115931241664012e-06,0.8379812656224884,25,30,20
3,3576,0.002570056413826246,0.1590953556096023,0.000434783460739393,0.8378998045158329,25,30,20
3,3577,0.001673564096827838,0.1594848186524465,4.4074454838727824e-05,0.8387975427958867,25,30,20
3,3578,0.0033096266789967143,0.1583656089139708,0.0004613682318931474,0.8378633961751397,25,30,20
3,3579,0.0026377744623965623,0.15836560891355037,0.0004628943382283852,0.8385337222858241,25,30,20
3,3580,0.0023371064989371406,0.157733041675147,0.0010715590935819782,0.838858292732333,25,30,20
3,3581,0.001327262060863991,0.13101875374969368,0.02889634523034841,0.838757638959096,25,30,20
3,3582,0.0024144503402424456,0.15975385546727472,0.00015026344889895559,0.8376814307435845,25,30,20
3,3583,0.002425967879404719,0.15978035135222524,0.013979446782963931,0.8238142339854067,25,30,20
3,3584,0.002358440377076264,0.15970472778241573,0.014000087515308348,0.8239367443252,25,30,20
3,3585,0.002783070511538609,0.1592660057343678,1.6722146197892497e-05,0.8379342016078961,25,30,20
3,3586,0.0018999434765886063,0.1593163489547778,1.0566787116264653e-05,0.8387731407815182,25,30,20
3,3587,0.0019870333640648625,0.15925048268999908,0.00011970918700990835,0.8386427747589262,25,30,20
3,3588,0.0022792578913027766,0.1597873542322735,0.00039022622067013096,0.837543161655754,25,30,20
3,3589,0.0014772707140310534,0.15979276797995237,2.3494695661085223e-06,0.8387276118364511,25,30,20
3,3590,0.0021818655239665614,0.15883632031604805,1.8266145950142835e-05,0.8389635480140362,25,30,20
3,3591,0.0013394505043919538,0.1597761860006283,4.033541783766045e-05,0.8388440280771428,25,30,20
3,3592,0.001294991360326193,0.15977618600100674,4.714892032355496e-05,0.8388816737183441,25,30,20
3,3593,0.0017877315161151785,0.1593598725034078,0.00044120307126353585,0.8384111929092135,25,30,20
3,3594,0.001635121637721406,0.15975671973370084,4.056911627988044e-06,0.8386041017169502,25,30,20
3,3595,0.0016153138126753965,0.14103597864665618,0.01873995838766397,0.8386087491530051,25,30,20
3,3596,0.001622195927276004,0.14104592749970593,0.018739876141980694,0.8385920004310375,25,30,20
3,3597,0.0013277903537220065,0.15850915859749984,0.001290229850914789,0.8388728211978648,25,30,20
3,3598,0.0032101150573738517,0.15850581573177708,0.0012515010593716742,0.8370325681514774,25,30,20
3,3599,0.002473951197261412,0.15832780335640906,0.0005738420180885844,0.8386244034282406,25,30,20
3,3600,0.0015308946873953204,0.1596450651615768,0.00014599443721746212,0.8386780457138104,25,30,20
3,3601,0.02904357368930878,0.15980316895602836,0.003120198659138512,0.8080330586955259,25,30,20
3,3602,0.028830213639755728,0.1598037875414866,0.003116398325893089,0.8082496004928659,25,30,20
3,3603,0.029352999809513114,0.15973664037639312,0.003147352385243571,0.8077630074288521,25,30,20
3,3604,0.04102221497960581,0.15976073301383165,0.02612069286961365,0.7730963591369505,25,30,20
3,3605,0.04110144007998015,0.1597607330175004,0.026126790639940743,0.7730110362625788,25,30,20
3,3606,0.04129492814304141,0.15914869724642122,0.04080957875962707,0.7587467958509104,25,30,20
3,3607,0.04036226017756544,0.15970935146236565,0.04096304245324958,0.7589653459068195,25,30,20
3,3608,0.0031296186705967403,0.15969504283287403,0.07829309179109403,0.7588822467054362,25,30,20
3,3609,0.0028829081889856405,0.15977793882570468,0.07878895293054931,0.7585502000547615,25,30,20
3,3610,0.0021873442121032633,0.16053411687322863,0.07886333168769841,0.7584152072269704,25,30,20
3,3611,0.0018803830839685726,0.1605438931857715,0.03895104076665653,0.7986246829636042,25,30,20
3,3612,0.0030588512446719845,0.12056553811488138,0.07739130952408306,0.7989843011163653,25,30,20
3,3613,0.0013011114609379672,0.11982203466587758,0.0799099977837045,0.7989668560894819,25,30,20
3,3614,0.0031853477869735573,0.11981339811973546,0.07814272590139126,0.7988585281919015,25,30,20
3,3615,0.00226549106427918,0.11920410059166592,0.07960338055560437,0.7989270277884511,25,30,20
3,3616,0.0028539608226425565,0.11985701879488994,0.07928711332791544,0.7980019070545523,25,30,20
3,3617,0.02073232351304307,0.11985856914417113,0.061479945025609294,0.7979291623171776,25,30,20
3,3618,0.031232473232236452,0.11981668955614654,0.05192997162629643,0.7970208655853221,25,30,20
3,3619,0.04622935915394333,0.11978407384612667,0.03615902997975797,0.7978275370201727,25,30,20
3,3620,0.04599411501793516,0.11749887148781235,0.03847801701186747,0.7980289964823861,25,30,20
3,3621,0.040364316291141844,0.11986047903548108,0.041915342511806786,0.7978598621615715,25,30,20
3,3622,0.08459358908868753,0.11985280569176648,0.0010051477693967074,0.7945484574501499,25,30,20
3,3623,0.08087562855375273,0.10183296576141827,0.018567738351173077,0.7987236673336559,25,30,20
3,3624,0.04515528504194784,0.10226968269122727,0.05383447552485669,0.798740556741968,25,30,20
3,3625,0.04123225909575436,0.10227391851432883,0.0645252240112068,0.7919685983787104,25,30,20
3,3626,0.04734892672355543,0.11981846211912826,0.035392498925666586,0.7974401122316498,25,30,20
3,3627,0.008176295722493385,0.11979289811166816,0.07418342146966625,0.7978473846961727,25,30,20
3,3628,0.010343326741525287,0.1198049394238634,0.0879696664853063,0.7818820673493034,25,30,20
3,3629,0.009513774817187062,0.11967582246385891,0.07482564446976415,0.7959847582491897,25,30,20
3,3630,0.019816990074396735,0.11982672971686906,0.06433007313334958,0.7960262070753856,25,30,20
3,3631,0.008382200897094069,0.11980718153815513,0.07464449497636905,0.7971661225883832,25,30,20
3,3632,0.006643214624968846,0.11981332872064464,0.07463320601613088,0.7989102506382554,25,30,20
3,3633,0.0017047267733914437,0.15976802453671485,0.039665231809081394,0.7988620168808126,25,30,20
3,3634,0.034532585186714225,0.1597556497407731,0.006818744945982402,0.7988930201265309,25,30,20
3,3635,0.041181636961009745,0.15979532720146233,0.00019640641265162922,0.7988266294248761,25,30,20
3,3636,0.03726114014412102,0.15972379217346944,0.004082883182170696,0.7989321845002396,25,30,20
3,3637,0.040206509536369506,0.15976601462949996,0.0010746647417222257,0.798952811092409,25,30,20
3,3638,0.04119759302921842,0.15806235266670993,0.001768362015233888,0.798971692288839,25,30,20
3,3639,0.04217570223033979,0.1574901122388035,0.0023566865378726177,0.7979774989929854,25,30,20
3,3640,0.04336467761654268,0.14273190217932244,0.02175185743249916,0.7921515627716369,25,30,20
3,3641,0.007054905475399339,0.1427279112914704,0.05224746104885476,0.7979697221842764,25,30,20
3,3642,0.04229844520609431,0.15742980990775052,0.0024865400216044446,0.797785204864552,25,30,20
3,3643,0.0029351204920094265,0.1591217576073436,0.03910678714310025,0.7988363347575477,25,30,20
3,3644,0.0045272588589220855,0.1597294952017035,0.03812589730109742,0.7976173486382767,25,30,20
3,3645,0.002861588302519051,0.15972953811374072,0.039304180372209375,0.7981046932115317,25,30,20
3,3646,0.0033073435795673246,0.1585121498908742,0.04026376756076627,0.7979167389687918,25,30,20
3,3647,0.018975018665785208,0.15850025478404903,0.023850379702222306,0.7986743468479445,25,30,20
3,3648,0.018832216407726567,0.15978811197648204,0.02260878422434439,0.7987708873914475,25,30,20
3,3649,0.0031772953505079925,0.1597830085401674,0.03995287202376097,0.7970868240855644,25,30,20
3,3650,0.004080904929538989,0.15977128612994787,0.03743117762460132,0.7987166313159121,25,30,20
3,3651,0.004884881473164246,0.1443494414914429,0.05304638028234126,0.7977192967530526,25,30,20
3,3652,0.015501893786051001,0.1580191067599659,0.02950784345044119,0.796971156003543,25,30,20
3,3653,0.011801958491857816,0.1597998329078409,0.02950536959322022,0.7988928390070821,25,30,20
3,3654,0.0016671907970229743,0.15979150456222135,0.03966379534110511,0.7988775092996516,25,30,20
3,3655,0.024626535673097104,0.15911012090496146,0.017360365310620022,0.798902978111322,25,30,20
3,3656,0.0415834390818889,0.1580233948879681,0.0017556109590093727,0.7986375550711345,25,30,20
3,3657,0.019170863008653016,0.1597518965382412,0.02416148461965389,0.7969157558334519,25,30,20
3,3658,0.0035591090896306475,0.12008007613316479,0.08432489738137817,0.7920359173958273,25,30,20
3,3659,0.001600003073795933,0.11984827884516439,0.07991843415554477,0.7986332839254949,25,30,20
3,3660,0.002755226571923935,0.11859070591706138,0.08124526369810152,0.7974088038129136,25,30,20
3,3661,0.0020943267125798203,0.12060702014490361,0.07902760118758054,0.798271051954937,25,30,20
3,3662,0.002427028230740742,0.11980589412975767,0.0793630986734323,0.7984039789660694,25,30,20
3,3663,0.010333819644773957,0.11976236015071119,0.07236472971976045,0.7975390904847539,25,30,20
3,3664,0.04186003800407834,0.11977265311590342,0.040235145926260894,0.7981321629537577,25,30,20
3,3665,0.03714265523329895,0.11984457569724218,0.0501787791166223,0.7928339899528365,25,30,20
3,3666,0.041908744719621936,0.11800411277094786,0.04638210742283626,0.7937050350865933,25,30,20
3,3667,0.036845637509223546,0.11682776865313065,0.047648492769890805,0.7986781010677555,25,30,20
3,3668,0.03652428198915723,0.11853573310329643,0.04596921912045028,0.7989707657870975,25,30,20
3,3669,0.04062410821140266,0.11976535708666487,0.043749076687960214,0.7958614580139725,25,30,20
3,3670,0.04280084330657161,0.11975471396763088,0.04132549848278051,0.796118944243017,25,30,20
3,3671,0.04345069118071633,0.12019356924602477,0.041092490747612426,0.7952632488256475,25,30,20
3,3672,0.04282949290565185,0.0911003588872346,0.06809232554987962,0.7979778226572336,25,30,20
3,3673,0.04201001658607932,0.12089487324038069,0.03501906431527212,0.8020760458582682,25,30,20
3,3674,0.04199601493765615,0.12086592170224764,0.034933781355727576,0.8022042820043696,25,30,20
3,3675,0.04110395021888272,0.11981172125261631,0.04011297608576602,0.7989713524427344,25,30,20
3,3676,0.042125426976507646,0.11984075699973207,0.04032180774433067,0.7977120082794307,25,30,20
3,3677,0.041535588380372274,0.11985066604185038,0.040015740519501214,0.7985980050582766,25,30,20
3,3678,0.041354959256084275,0.11983389410730898,0.04014481975682526,0.7986663268797795,25,30,20
3,3679,0.040713976833188836,0.11983672131743629,0.040780875009997206,0.7986684268393767,25,30,20
3,3680,0.00340351013198853,0.11983347130817008,0.0400765565855465,0.8366864619742949,25,30,20
3,3681,0.0032346508852971294,0.11982453501649029,0.039934635977700694,0.8370061781205123,25,30,20
3,3682,0.02524500389188408,0.11981761678296095,0.056054510592328015,0.7988828687328271,25,30,20
3,3683,0.04133910266556533,0.11896060820915172,0.04083036790559606,0.7988699212196875,25,30,20
3,3684,0.043082089319489834,0.11898479874259804,0.04082471800243915,0.7971083939354738,25,30,20
3,3685,0.04318239464392187,0.09822482779320801,0.061573678720161486,0.7970190988427105,25,30,20
3,3686,0.04252479857987532,0.11865750082037184,0.0422917432640671,0.7965259573356857,25,30,20
3,3687,0.004372533504468186,0.13982952956053668,0.05777066014530623,0.7980272767896908,25,30,20
3,3688,0.002312100377722498,0.15978715228311707,0.039031442141597365,0.7988693051975639,25,30,20
3,3689,0.001290981555484273,0.1597828107267153,0.039954334001373236,0.7989718737164283,25,30,20
3,3690,0.0012705383071132184,0.15979559345166547,0.039945227689072875,0.7989886405521497,25,30,20
3,3691,0.0019333663641434992,0.15977241356196706,0.04012055756914329,0.7981736625047458,25,30,20
3,3692,0.0013576194499063327,0.15979986032578014,0.04008874899079716,0.7987537712335153,25,30,20
3,3693,0.0024817945310455962,0.15890703762576947,0.040272554338923766,0.7983386135042616,25,30,20
3,3694,0.0027346530722071917,0.15763099798966138,0.04099924126748407,0.7986351076706475,25,30,20
3,3695,0.002599023053980023,0.15978364236864936,0.04379007855010112,0.7938272560272697,25,30,20
3,3696,0.002342196890714165,0.15974775870166882,0.04356475928589026,0.7943452851217276,25,30,20
3,3697,0.0029989685594124112,0.15910373049258714,0.044433671732875706,0.7934636292151254,25,30,20
3,3698,0.00253661706498087,0.1598057217942149,0.04007437524418456,0.7975832858966203,25,30,20
3,3699,0.003533329218200973,0.15980585526097646,0.040071841440374706,0.7965889740804485,25,30,20
3,3700,0.0019782563910816452,0.15980231732377154,0.04008560510777767,0.7981338211773705,25,30,20
3,3701,0.0013537639137905706,0.1598023176046178,0.039961330648901054,0.7988825878326908,25,30,20
3,3702,0.001367040206607029,0.1591550749819436,0.040987878798980235,0.7984900060124684,25,30,20
3,3703,0.0013667317341201112,0.15914624547778428,0.04098739026361195,0.7984996325244836,25,30,20
3,3704,0.004012911225579088,0.15979890546466302,0.03996423391500298,0.7962239493947548,25,30,20
3,3705,0.011963754568593388,0.1592804125110853,0.035797027553081825,0.7929588053672402,25,30,20
3,3706,0.011398885955277986,0.15976494512803174,0.029733427200013915,0.7991027417166771,25,30,20
3,3707,0.004116426628248858,0.15976400103531208,0.03720747616119958,0.7989120961752395,25,30,20
3,3708,0.004194083559706358,0.1597914306834525,0.03728664012149625,0.7987278456353454,25,30,20
3,3709,0.036804520377310496,0.13396845792763706,0.030696004487895872,0.7985310172071568,25,30,20
3,3710,0.03935205066828265,0.1597492453160349,0.01860367726168452,0.7822950267539974,25,30,20
3,3711,0.04059287316902593,0.159718124650226,0.017949444057429383,0.7817395581233189,25,30,20
3,3712,0.043704708995765756,0.15974451501626236,5.948161360031629e-05,0.7964912943743712,25,30,20
3,3713,0.045335836243150955,0.15971688683780128,3.7807559476778876e-05,0.7949094693595709,25,30,20
3,3714,0.04385797246488046,0.1597705191769702,1.5117036242506513e-05,0.7963563913219072,25,30,20
3,3715,0.04331666405379751,0.15977110717749493,0.000144244375431337,0.7967679843932755,25,30,20
3,3716,0.04172529323173472,0.1597524556334294,0.00019980903600335344,0.7983224420988324,25,30,20
3,3717,0.0459890507605715,0.15859408899461372,0.0014522491682334656,0.7939646110765805,25,30,20
3,3718,0.049736175611491996,0.14319649246306707,0.021182250378114463,0.7858850815473266,25,30,20
3,3719,0.00893040457828741,0.15979532999335141,0.043210678573293526,0.7880635868550676,25,30,20
3,3720,0.007489408656378041,0.15887931370837274,0.039011159536950675,0.7946201180982988,25,30,20
3,3721,0.0032509657529448694,0.15883590153206428,0.03904201313431492,0.7988711195806778,25,30,20
3,3722,0.04134007266099449,0.13399679673546805,0.025807270344632753,0.798855860258906,25,30,20
3,3723,0.04257491988715636,0.15949436337170936,4.185566335989156e-05,0.797888861077775,25,30,20
3,3724,0.04267690929269524,0.15932176006636184,0.0002127476709059233,0.7977885829700369,25,30,20
3,3725,0.04215452035984629,0.1597839597436627,7.44289012170069e-05,0.7979870909952748,25,30,20
3,3726,0.003393349788298342,0.15985808342875366,0.038339123394629894,0.7984094433883189,25,30,20
3,3727,0.004340781035994302,0.15985556372606236,0.038496884794521916,0.7973067704434222,25,30,20
3,3728,0.019445744938855446,0.1597751650856517,0.021792724105892218,0.7989863658696018,25,30,20
3,3729,0.01763673867022949,0.15894754834575872,0.02185766281349155,0.8015580501705196,25,30,20
3,3730,0.002300449570000054,0.15979537612916628,0.03900689477591697,0.7988972795249181,25,30,20
3,3731,0.0020278935558181686,0.15979140989458585,0.03995799321755051,0.7982227033320467,25,30,20
3,3732,0.0013744777859274102,0.15976027958744154,0.03997329277312526,0.7988919498535059,25,30,20
3,3733,0.0114949040921692,0.15972967587391798,0.029914401215118836,0.7988610188187947,25,30,20
3,3734,0.03325520542592255,0.15912425699642074,0.0213276167347344,0.7862929208429221,25,30,20
3,3735,0.034636782676472994,0.1591466717908448,0.010260678588406423,0.7959558669442757,25,30,20
3,3736,0.04241336723551702,0.1597503472709082,0.000396870054009273,0.797439415439566,25,30,20
3,3737,0.0021324205611221734,0.1597831858874449,0.03938885242060945,0.7986955411308247,25,30,20
3,3738,0.0021412173859527454,0.15978483198104607,0.03901568490557797,0.7990582657274237,25,30,20
3,3739,0.0028576718222378754,0.1591869951921949,0.03914912781325684,0.7988062051723114,25,30,20
3,3740,0.00318825895182722,0.1598037939205625,0.044758617428332856,0.7922493296992773,25,30,20
3,3741,0.004300641356721702,0.15970490520954023,0.04613618622224634,0.7898582672114904,25,30,20
3,3742,0.029648729569337732,0.15850489603109302,0.019857824418638568,0.7919885499809303,25,30,20
3,3743,0.02897728227525823,0.15847117957559112,0.01367885362793441,0.7988726845212162,25,30,20
3,3744,0.04033473653586062,0.15972342866460232,0.0010578797727836488,0.7988839550267532,25,30,20
3,3745,0.03756230939507033,0.15978380815418855,0.0038652032926003773,0.7987886791581407,25,30,20
3,3746,0.04128231290224267,0.1597830448457841,3.9692443311271126e-06,0.7989306730076423,25,30,20
3,3747,0.041288022795610196,0.15980329741290508,3.3860680288288316e-06,0.7989052937234569,25,30,20
3,3748,0.028973356683773856,0.15951732456041554,0.013541267528159602,0.7979680512276512,25,30,20
3,3749,0.039593539679943356,0.15977727242624618,0.0035570064729666577,0.7970721814208441,25,30,20
3,3750,0.041366003654191345,0.15853062399858836,0.0012560843471514044,0.7988472880000685,25,30,20
3,3751,0.0406244518361799,0.15849992748020023,0.0025671330081721527,0.7983084876754475,25,30,20
3,3752,0.04108767676295251,0.15660623998167594,0.004467068016398959,0.7978390152389733,25,30,20
3,3753,0.039974764005908686,0.15931314023734214,0.001770032527792869,0.7989420632289571,25,30,20
3,3754,0.037443664401234485,0.15974774573691744,0.004607996223506612,0.7982005936383427,25,30,20
3,3755,0.04194145114690126,0.15975527539635562,5.746969405135472e-05,0.7982458037626919,25,30,20
3,3756,0.044741686848198306,0.159798191559318,2.1381842943239292e-05,0.7954387397495408,25,30,20
3,3757,0.043024360215676107,0.159783645118654,5.7004656208245665e-05,0.7971349900094612,25,30,20
3,3758,0.04081962689914623,0.15976131602835367,0.000507235732059521,0.7989118213404407,25,30,20
3,3759,0.040767174008271,0.15979252719275072,0.0006045766774819988,0.7988357221214964,25,30,20
3,3760,0.04109335409984382,0.15917526831171797,0.0017342176750363492,0.7979971599134015,25,30,20
3,3761,0.043337065259680126,0.11998242331447015,0.03894342834724939,0.7977370830786019,25,30,20
3,3762,0.006120864880004116,0.11981849635412034,0.07564805343921376,0.7984125853266627,25,30,20
3,3763,0.001430457661069283,0.11977797078364558,0.08020953294258563,0.7985820386126989,25,30,20
3,3764,0.04156171195277758,0.11979236833838541,0.04013235788070535,0.7985135618281315,25,30,20
3,3765,0.04151991135741743,0.11979236832788763,0.04113902758872918,0.7975486927259666,25,30,20
3,3766,0.040264290765650204,0.11983473667879592,0.04100767984805405,0.7988932927075005,25,30,20
3,3767,0.04127427334607315,0.1198268537932202,0.03995996091500928,0.7989389119456973,25,30,20
3,3768,0.0025700671117015912,0.11982008988521234,0.0789229807718726,0.7986868622312139,25,30,20
3,3769,0.03038737907250157,0.1011513954662307,0.06954824388280646,0.7989129815784618,25,30,20
3,3770,0.03830687075827712,0.11823472907183712,0.018638614283552034,0.8248197858863326,25,30,20
3,3771,0.0417693828006816,0.11829254901433263,0.0011021885734447984,0.8388358796115422,25,30,20
3,3772,0.037822400836976675,0.119817619700448,0.008153141202467738,0.8342068382601084,25,30,20
3,3773,0.040595385803296934,0.118077395024778,0.003478969656974096,0.8378482495149508,25,30,20
3,3774,0.002660188360537193,0.11982605216668596,0.03993258925293128,0.8375811702198459,25,30,20
3,3775,0.005184668778064286,0.11979178591576081,0.03991882751065459,0.8351047177955203,25,30,20
3,3776,0.0023601410661181783,0.10111624527863544,0.020676559167324107,0.8758470544879237,25,30,20
3,3777,0.0028188526355515603,0.10108501761421651,0.018775714282334294,0.8773204154678972,25,30,20
3,3778,0.002881675947904585,0.11808568936780237,0.0017525920098712716,0.8772800426744215,25,30,20
3,3779,0.0013645522964060078,0.1198170746866885,0.006276382053962276,0.8725419909629426,25,30,20
3,3780,0.0014067692958709668,0.11981714790304755,0.006276688462710529,0.8724993943383713,25,30,20
3,3781,0.0013959301359685822,0.11981295730994314,0.006249447582038513,0.8725416649720508,25,30,20
3,3782,0.0013921234394763113,0.11980617045088039,2.484183051077234e-05,0.8787768642791324,25,30,20
3,3783,0.0013329103448196625,0.11984874888467097,0.0003748146105407326,0.8784435261599686,25,30,20
3,3784,0.0032240987316514372,0.11890856501433852,0.00039759373118897814,0.8774697425228203,25,30,20
3,3785,0.0016545205489176462,0.11979912461705083,0.0001573249189270582,0.878389029915104,25,30,20
3,3786,0.001367593867053711,0.11982416256225294,2.4258963388605008e-06,0.8788058176743542,25,30,20
3,3787,0.0017376099092300085,0.11982393136209524,3.4626017160039306e-06,0.878434996126959,25,30,20
3,3788,0.0017571586951585793,0.11982393136231993,0.006069949420588273,0.8723489605219331,25,30,20
3,3789,0.0028644853363132554,0.1197909962973122,0.014210636920421767,0.8631338814459528,25,30,20
3,3790,0.0018785487205069484,0.11981911420927395,0.006476642298234203,0.8718256947719862,25,30,20
3,3791,0.0016596145625791692,0.11984167470924093,0.0003880073177314285,0.8781107034104495,25,30,20
3,3792,0.001711981004072104,0.11973547213102119,1.6757238173293454e-05,0.8785357896267341,25,30,20
3,3793,0.0033035094836731766,0.11966043127021876,0.0007728163601520875,0.8762632428859558,25,30,20
3,3794,0.001802067929856,0.11966043127416634,0.0004073774040669698,0.8781301233919102,25,30,20
3,3795,0.0018844114280638883,0.0810183092884935,0.03919896034316709,0.8778983189402766,25,30,20
3,3796,0.001732577064635437,0.0798952931525064,0.04033733346017094,0.8780347963226887,25,30,20
3,3797,0.001438293122525001,0.07988594521477714,0.0404136743816364,0.8782620872810615,25,30,20
3,3798,0.0015303347695250333,0.07984764382116669,0.04034652132062447,0.8782755000886846,25,30,20
3,3799,0.0024134700830049103,0.07989685458563293,0.039076120961651944,0.8786135543697117,25,30,20
3,3800,0.007120142776702082,0.07856853304730317,0.0383467822871835,0.8759645418888141,25,30,20
3,3801,0.004618815080679466,0.07855566315460016,0.04044859989988133,0.8763769218648402,25,30,20
3,3802,0.0031508334686523093,0.08028091025280873,0.03874194976089499,0.8778263065176454,25,30,20
3,3803,0.002342166979064196,0.07986338173244528,0.04620680001008106,0.8715876512784091,25,30,20
3,3804,0.0014674138576381728,0.07986338171418036,0.039962963927753316,0.8787062405004284,25,30,20
3,3805,0.0025827016368658797,0.07987011444251281,0.0399498539125784,0.8775973300080433,25,30,20
3,3806,0.0025902269296525036,0.11985238657530357,8.951035540835016e-06,0.8775484354595033,25,30,20
3,3807,0.0023477265696228425,0.11984421308646413,7.361685650175998e-06,0.8778006986582634,25,30,20
3,3808,0.003533755593347129,0.11807494446487579,2.1039240426092537e-05,0.8783702607013514,25,30,20
3,3809,0.0021877673388867288,0.1198013999371106,0.0001250269717822022,0.8778858057522217,25,30,20
3,3810,0.002351092717481414,0.11984018664190224,0.00020078458357436084,0.8776079360570425,25,30,20
3,3811,0.0023229852019737364,0.11984139539155678,1.685800357448666e-05,0.8778187614028948,25,30,20
3,3812,0.0026691369042899206,0.11981694763022749,9.272827208579443e-06,0.8775046426382742,25,30,20
3,3813,0.001791547950948246,0.11977929197874665,0.00027892869127248696,0.8781502313790321,25,30,20
3,3814,0.0014358981014431901,0.11809838017877597,0.0019904047256959177,0.8784753169940851,25,30,20
3,3815,0.0013067160264721351,0.11808558586703671,0.002372129287756223,0.8782355688187343,25,30,20
3,3816,0.0013955583211452437,0.1175263812343772,0.0026026786035132834,0.8784753818409646,25,30,20
3,3817,0.0035673250375747993,0.11973849177316302,1.2824517796608694e-05,0.8766813586714659,25,30,20
3,3818,0.0032233849803441905,0.1197951228770987,6.567689643791056e-05,0.8769158152461195,25,30,20
3,3819,0.006856973296107103,0.11546988374295566,5.963011006894205e-05,0.8776135128508684,25,30,20
3,3820,0.001262155394998029,0.11981395426371981,2.629334195781903e-05,0.8788975969993237,25,30,20
3,3821,0.0013167105885254868,0.11979881859883283,0.00012236763464307468,0.8787621031779989,25,30,20
3,3822,0.001603596760139003,0.11954556992665934,0.00011202399167252724,0.8787388093215305,25,30,20
3,3823,0.002187733107494292,0.1192296044763493,0.0006378412824954607,0.8779448211336615,25,30,20
3,3824,0.0034434577328484738,0.11921754704615335,0.000634593774699871,0.8767044014462979,25,30,20
3,3825,0.0022024711111370125,0.119229602414543,0.0006332765680276667,0.8779346499062913,25,30,20
3,3826,0.0030987160308372963,0.11982998643529072,2.192349464740665e-05,0.8770493740392247,25,30,20
3,3827,0.0031009656346369556,0.11938021629621734,0.0005776058510121668,0.8769412122181339,25,30,20
3,3828,0.004108134305424772,0.11980456850851245,1.7610427153829468e-05,0.8760696867589095,25,30,20
3,3829,0.003148384395137455,0.11980501216107818,1.1310894842567241e-05,0.8770352925489425,25,30,20
3,3830,0.002353499095768824,0.11981200068145081,4.265435063320155e-06,0.8778302347877175,25,30,20
3,3831,0.0013752744533224268,0.11985255382280423,0.00013445927792750162,0.8786377124459459,25,30,20
3,3832,0.0013676320779971382,0.11983907463728068,9.620927346789588e-05,0.8786970840112538,25,30,20
3,3833,0.002575278841566366,0.11983373911461576,0.00010997114878265534,0.8774810108950352,25,30,20
3,3834,0.002530781622958311,0.1180687224688506,0.0020294331781227845,0.8773710627300688,25,30,20
3,3835,0.0013759822002385221,0.11983169564645936,1.1533344645433558e-05,0.8787807888086562,25,30,20
3,3836,0.0017608101282375742,0.11941660982033214,0.00045154018121492176,0.8783710398702149,25,30,20
3,3837,0.002185352063557684,0.11976899679379803,0.00016587894040157156,0.8778797722022427,25,30,20
3,3838,0.002366130369081176,0.11978769937207273,1.3980093214342388e-05,0.8778321901656322,25,30,20
3,3839,0.001658814024318938,0.11980337199850334,6.239892948747863e-06,0.8785315740842295,25,30,20
3,3840,0.0014934932694909279,0.11980428500905038,3.548174221356522e-06,0.8786986735472375,25,30,20
3,3841,0.0026041373019817047,0.11917631292948774,0.005283906973469239,0.8729356427950613,25,30,20
3,3842,0.001391684804873458,0.11977877275865262,0.004737732960371899,0.8740918094761034,25,30,20
3,3843,0.002252863999371824,0.11852255591702907,0.005157901006735955,0.8740666790768628,25,30,20
3,3844,0.0027664681312341718,0.08065810547319809,0.03836808566588487,0.8782073407296848,25,30,20
3,3845,0.0018243689062098563,0.0798976282304595,0.040051544606622774,0.8782264582567086,25,30,20
3,3846,0.02455740774823721,0.07986978293657666,0.040045754057125876,0.8555270552580616,25,30,20
3,3847,0.024455625625866742,0.07984979441222004,0.0401974031837264,0.8554971767781886,25,30,20
3,3848,0.002133344126204502,0.07989433321694278,0.07959694792470053,0.8383753747321531,25,30,20
3,3849,0.02479658962645155,0.07989433476511576,0.056545725391652944,0.8387633502167802,25,30,20
3,3850,0.024407537350461285,0.07988592068275494,0.057133071413857185,0.8385734705529266,25,30,20
3,3851,0.04063297617282614,0.07989754209107136,0.04090231191818125,0.8385671698179206,25,30,20
3,3852,0.04061940510320718,0.07929651912751984,0.04148935230276811,0.8385947234665053,25,30,20
3,3853,0.028959336685145384,0.07989740163059904,0.057388849706652215,0.8337544119776039,25,30,20
3,3854,0.03433793159959811,0.07989740093687808,0.04883069355397987,0.8369339739095445,25,30,20
3,3855,0.033748226594187435,0.07989781956973953,0.04882623442138847,0.8375277194146854,25,30,20
3,3856,0.032673426581689105,0.07989781469630379,0.048819138887006036,0.8386096198350017,25,30,20
3,3857,0.030248808158083354,0.07989793161992323,0.05116003571965152,0.8386932245023421,25,30,20
3,3858,0.04774952947658683,0.07989829549022788,0.033650421407670765,0.8387017536255139,25,30,20
3,3859,0.04776403169730428,0.07983863995216067,0.03356409557172626,0.8388332327788091,25,30,20
3,3860,0.027133215703415675,0.07988581447994676,0.054110013255805584,0.8388709565608317,25,30,20
3,3861,0.03475566443062053,0.07870669460788143,0.04785703976432483,0.8386806011971728,25,30,20
3,3862,0.05251326362878121,0.07945583901077499,0.029352222543484987,0.838678674816959,25,30,20
3,3863,0.0038346937119470336,0.07945583879945323,0.0782139121675382,0.8384955553210617,25,30,20
3,3864,0.0014066675218458477,0.07985458511808434,0.0803454175069066,0.8383933298531658,25,30,20
3,3865,0.006720885368886795,0.07987492591468195,0.0750240602941145,0.8383801284223179,25,30,20
3,3866,0.0019815972832150706,0.0798748133344941,0.07941050038533043,0.838733088996961,25,30,20
3,3867,0.04310448255426377,0.07988542812082082,0.0399774345942728,0.8370326547306434,25,30,20
3,3868,0.04115955918567418,0.07989757442448026,0.040144477652847774,0.8387983887369994,25,30,20
3,3869,0.0796706359764137,0.07990591406686744,0.006324623963823193,0.8340988259928966,25,30,20
3,3870,0.08188161412961949,0.07989739858761474,0.0003354807823766903,0.8378855065003893,25,30,20
3,3871,0.081872714207705,0.07898027303275792,0.00042893145205468586,0.8387180813074815,25,30,20
3,3872,0.08197832774917618,0.07990570502815607,0.0005242126454290937,0.8375917545772382,25,30,20
3,3873,0.0775509550754255,0.07928476374036068,0.0046177187645046495,0.83854656241971,25,30,20
3,3874,0.08474295915381258,0.07990108290580496,0.00016019339547018702,0.8351957645449118,25,30,20
3,3875,0.08243544604308278,0.07990928760903145,1.1027907694348119e-05,0.8376442384401913,25,30,20
3,3876,0.08218653893349682,0.07989300682974729,1.488089710964826e-05,0.8379055733396457,25,30,20
3,3877,0.08107903782768153,0.07984947571651703,0.011269354593878213,0.8278021318619239,25,30,20
3,3878,0.04208796428828674,0.07988620939803254,0.04017641229444693,0.8378494140192345,25,30,20
3,3879,0.040434886109190035,0.07989832325612956,0.040441984965325556,0.8392248056693561,25,30,20
3,3880,0.08036666874750602,0.07989832327618174,0.0018649517020980916,0.8378700562742142,25,30,20
3,3881,0.07340520601549891,0.07988116218639484,0.008742022786276553,0.8379716090118304,25,30,20
3,3882,0.07059695724471436,0.07988116216775522,0.008737245742906742,0.8407846348446243,25,30,20
3,3883,0.07755084149442251,0.07984140101397147,0.0021434993529125886,0.8404642581386939,25,30,20
3,3884,0.0747759784755782,0.07989366602839011,0.007119599854428188,0.8382107556416035,25,30,20
3,3885,0.04549335301637894,0.07988193891111642,0.03626006074530139,0.8383646473272053,25,30,20
3,3886,0.04588737489746154,0.07988193891848101,0.03626280232855476,0.8379678838555032,25,30,20
3,3887,0.00601526331633505,0.07991011383784599,0.07618379807481791,0.8378908247710025,25,30,20
3,3888,0.04499365929848723,0.07991011346418393,0.036280482748677415,0.8388157444886518,25,30,20
3,3889,0.04171027911457542,0.07990977194898086,0.03983946892963317,0.838540480006811,25,30,20
3,3890,0.041463862791253775,0.07986654628065253,0.04610625023657871,0.8325633406915152,25,30,20
3,3891,0.04200401084140843,0.07818080377466101,0.048159858686775865,0.8316553266971546,25,30,20
3,3892,0.05699942061993107,0.06114749733961203,0.04389556965942073,0.8379575123810363,25,30,20
3,3893,0.07750794737420116,0.07988629827527789,0.010914076466717755,0.8316916778838046,25,30,20
3,3894,0.08332358965468338,0.07946277821500292,0.001024079236260899,0.8361895528940525,25,30,20
3,3895,0.08140626142888213,0.07946277823089322,0.0014405473019608519,0.8376904130382639,25,30,20
3,3896,0.04314775299113567,0.07987514738646667,0.038275115038626656,0.8387019845837717,25,30,20
3,3897,0.04379011923712959,0.07989865267050687,0.037470339235904,0.8388408888564599,25,30,20
3,3898,0.04424648320358251,0.07987665007719445,0.03794732289097009,0.8379295438282536,25,30,20
3,3899,0.04256948811431493,0.07962741298402679,0.03891263047921259,0.8388904684224465,25,30,20
3,3900,0.04979661599486928,0.06479284857803508,0.04908828870884903,0.8363222467182473,25,30,20
3,3901,0.05190876821382014,0.07987680980448021,0.02924178046393376,0.8389726415177674,25,30,20
3,3902,0.04370273836641307,0.07987177802114896,0.038031730861766,0.8383937527506717,25,30,20
3,3903,0.06610749591149828,0.07987077267286306,0.015398673442101676,0.8386230579735365,25,30,20
3,3904,0.06302156729482374,0.07984273475689792,0.01823586414469648,0.8388998338035815,25,30,20
3,3905,0.0637443972202258,0.07988104181642566,0.018426735447412537,0.8379478255159364,25,30,20
3,3906,0.06276787637056638,0.07989727278088968,0.018419687098095515,0.8389151637504492,25,30,20
3,3907,0.0807305840759104,0.07989455765203779,0.007268471055021938,0.8321063872170308,25,30,20
3,3908,0.0820457552563646,0.07987489048486074,0.00029008842085503044,0.83778926583792,25,30,20
3,3909,0.06911541480490932,0.054083949624187326,0.03783812843648146,0.8389625071344221,25,30,20
3,3910,0.076989875989012,0.05408355527434427,0.06655908864781762,0.8023674800888259,25,30,20
3,3911,0.06209567211095408,0.07987790888971075,0.055847475708254046,0.8021789432910803,25,30,20
3,3912,0.0819888795138006,0.07987731111211567,0.039763800411481615,0.7983700089626024,25,30,20
3,3913,0.07835466786014818,0.079922637451704,0.044449765861292324,0.7972729288268552,25,30,20
3,3914,0.0628338682676625,0.0799149987353399,0.0584170974102906,0.7988340355867071,25,30,20
3,3915,0.029721814440070535,0.07988442226425482,0.09148719487997059,0.7989065684157057,25,30,20
3,3916,0.0516284789561234,0.07987026075766054,0.07055126614607209,0.7979499941401441,25,30,20
3,3917,0.0805513800171164,0.08028795524752745,0.03996000986886048,0.7992006548664959,25,30,20
3,3918,0.0590104359913471,0.07991389524024226,0.062149038205054,0.7989266305633561,25,30,20
3,3919,0.07997886293481553,0.07989547119092792,0.04126266099583496,0.7988630048784219,25,30,20
3,3920,0.0717923567464571,0.07989547545736177,0.051959805092188296,0.7963523627039946,25,30,20
3,3921,0.06569459831105016,0.07987388439187318,0.05803611171066386,0.796395405586414,25,30,20
3,3922,0.06650562645999061,0.07990778808996485,0.05454938883652634,0.7990371966135185,25,30,20
3,3923,0.07823981802501673,0.07984245908038712,0.04322558161072447,0.7986921412838719,25,30,20
3,3924,0.08068145744496658,0.07988011933816902,0.04079685954268601,0.7986415636741789,25,30,20
3,3925,0.0461000687790298,0.07989790681024866,0.076954045605154,0.797047978805568,25,30,20
3,3926,0.007843875984951777,0.08064444373920686,0.11259507142520356,0.7989166088506389,25,30,20
3,3927,0.005159952552905028,0.07984293345500515,0.11614646946332488,0.7988506445287649,25,30,20
3,3928,0.002207586616591416,0.07986815441461417,0.1190365468083317,0.798887712160464,25,30,20
3,3929,0.030634334066232182,0.07988621397665902,0.09066286348110374,0.7988165884760047,25,30,20
3,3930,0.03840004882925984,0.07988492622320986,0.08277714591033344,0.7989378790371976,25,30,20
3,3931,0.00133792209083581,0.07988622466894472,0.12024054015158608,0.798535313088633,25,30,20
3,3932,0.0036362538995652048,0.07988708063667047,0.11788102969234576,0.7985956357714185,25,30,20
3,3933,0.0027271416949396082,0.07984900472773766,0.1252832553461218,0.7921405982312011,25,30,20
3,3934,0.0022218328945228195,0.0798699414877379,0.11900595300995828,0.7989022726077812,25,30,20
3,3935,0.00470714681553405,0.07986976845451632,0.07927256742746334,0.8361505173024879,25,30,20
3,3936,0.05533499971363064,0.07986557563943564,0.02972455682002137,0.8350748678269142,25,30,20
3,3937,0.04375932583597784,0.07985292166126758,0.04135576847416941,0.8350319840285851,25,30,20
3,3938,0.041222156933385386,0.0798932168634367,0.04003947324350096,0.8388451529596778,25,30,20
3,3939,0.041145027876397275,0.07989733233140096,0.040073056702085746,0.8388845830901165,25,30,20
3,3940,0.034501543219909614,0.07989733566084047,0.04673297656727902,0.838868144551971,25,30,20
3,3941,0.0424521434055895,0.07988076957564011,0.039682778515537385,0.8379843085032336,25,30,20
3,3942,0.0421797506432039,0.07985882167795409,0.03995392508111039,0.8380075025977319,25,30,20
3,3943,0.007789021018283864,0.07985930500823202,0.03361250188453581,0.8787391720889491,25,30,20
3,3944,0.002951297328750544,0.07989730889187995,0.038441398749903384,0.878709995029467,25,30,20
3,3945,0.0017244429660541005,0.0799092823466086,0.039628309880277,0.8787379648070615,25,30,20
3,3946,0.025375431087322604,0.07988566444170186,0.016343128937382732,0.878395775533591,25,30,20
3,3947,0.0422278646001604,0.07988595604268432,0.00030609220527090243,0.8775800871518848,25,30,20
3,3948,0.012185325534409317,0.0798702356150491,0.029274535969256263,0.8786699028812863,25,30,20
3,3949,0.012025018101895721,0.07988593287456829,0.029273850518849204,0.8788151985046876,25,30,20
3,3950,0.012545268695537553,0.0798854274042291,0.02928096606328038,0.8782883378369537,25,30,20
3,3951,0.014118825222451371,0.0798781389389428,0.029311878827713828,0.8766911570108924,25,30,20
3,3952,0.013904100088118161,0.07989840878200571,0.029405633566357007,0.8767918575635195,25,30,20
3,3953,0.0020256269508846093,0.07986698067155991,0.03995102419908801,0.8781563681784686,25,30,20
3,3954,0.002298772891733893,0.07984190821399928,0.039936461835344175,0.8779228570589237,25,30,20
3,3955,0.04224574600026244,0.07989690568766214,8.427986444769683e-05,0.877773068447628,25,30,20
3,3956,0.018521514333335317,0.07990625888434337,0.02278511239466006,0.8787871143876623,25,30,20
3,3957,0.004158533382760278,0.07989434617945938,0.03728038176915903,0.8786667386686211,25,30,20
3,3958,0.028558363777320003,0.0798955786663645,0.013409783898965045,0.8781362736573497,25,30,20
3,3959,0.027773804955523416,0.07882927482184676,0.01614294793867707,0.8772539722839536,25,30,20
3,3960,0.027676841106494755,0.07988694082001124,0.015531000664936574,0.876905217408557,25,30,20
3,3961,0.027616540541594445,0.0798869408078719,0.015547071902401925,0.8769494467481316,25,30,20
3,3962,0.026725147496265422,0.07988694080284599,0.015551013180909585,0.8778368985199786,25,30,20
3,3963,0.03992233787743003,0.0603277109663368,0.021863836616125645,0.8778861145401079,25,30,20
3,3964,0.032626308781442064,0.07928727786582362,0.010217884616969692,0.8778685287357644,25,30,20
3,3965,0.033583183422517836,0.079895982485864,0.009741199795208539,0.8767796342964084,25,30,20
3,3966,0.04386570646852068,0.0798737902202083,1.5830035358166132e-05,0.8762446732759126,25,30,20
3,3967,0.0432910260569118,0.07990600997731581,0.0014645335305654042,0.8753384304352074,25,30,20
3,3968,0.03529436618703852,0.07990584902917561,0.006063851023754182,0.8787359337600311,25,30,20
3,3969,0.041503427288853964,0.0799098192538999,0.00011702290323033576,0.8784697305540158,25,30,20
3,3970,0.0429797287376167,0.07990981926134054,0.00020683071257943195,0.8769036212884634,25,30,20
3,3971,0.042140235861355776,0.07989790653744987,0.00011305235389542363,0.8778488052472986,25,30,20
3,3972,0.04257201213735204,0.07990996286604121,0.00011849733866359268,0.8773995276579432,25,30,20
3,3973,0.041585302063950016,0.07990996263533576,3.453373037129069e-05,0.8784702015703425,25,30,20
3,3974,0.0413279991998936,0.07817377469465508,0.0017322342588839996,0.8787659918465668,25,30,20
3,3975,0.04143349462667274,0.07989740876779167,0.0002218338135059068,0.8784472627920288,25,30,20
3,3976,0.04107638576173518,0.07961501594487315,0.0006611446865490779,0.8786474536068433,25,30,20
3,3977,0.0018676741538650348,0.0795823507418306,0.03987258339388494,0.87867739171042,25,30,20
3,3978,0.00581432374712878,0.0795823931645286,0.03724756641671812,0.8773557166716259,25,30,20
3,3979,0.0031618179569762135,0.07992386386539695,0.03995730731304954,0.8769570108645791,25,30,20
3,3980,0.004008988589416873,0.07990592336427453,0.04001815033186701,0.8760669377144424,25,30,20
3,3981,0.004007572483630262,0.07989820786792184,0.04014451288614656,0.8759497067623018,25,30,20
3,3982,0.003399047704410044,0.07989820697380995,0.03972656405682903,0.8769761812649519,25,30,20
3,3983,0.0022127619959884854,0.07989820700741934,0.03973978309157995,0.8781492479050124,25,30,20
3,3984,0.001920557174866455,0.07988614308386234,0.03997366649002358,0.878219633251248,25,30,20
3,3985,0.045203054465737705,0.07988614942479023,0.04028383051906916,0.8346269655904027,25,30,20
3,3986,0.029634256784179806,0.07988232335638093,0.05239625727013309,0.8380871625893062,25,30,20
3,3987,0.04200428257521678,0.07986967682061835,0.040305913797598354,0.8378201268065666,25,30,20
3,3988,0.041581347795489484,0.07989717227567711,0.05432152610455973,0.8241999538242739,25,30,20
3,3989,0.015514736099841709,0.0799452064831162,0.06691965294211079,0.8376204044749308,25,30,20
3,3990,0.042201357360040374,0.07983474426554098,0.040443310071182494,0.8375205883032364,25,30,20
3,3991,0.042103014563381856,0.0798355479594265,0.04056403322342431,0.8374974042537663,25,30,20
3,3992,0.041218280839399914,0.07983530635989959,0.04008951573000339,0.8388568970706963,25,30,20
3,3993,0.0019605141121436776,0.07983530817987576,0.07955199561384284,0.8386521820941378,25,30,20
3,3994,0.004647761494772859,0.07742478769128955,0.07983226211876031,0.8380951886951781,25,30,20
3,3995,0.00503677510245748,0.08785468523713794,0.06926881397672838,0.837839725683678,25,30,20
3,3996,0.005579282969460232,0.08903916505969317,0.06886022811891725,0.8365213238519296,25,30,20
3,3997,0.0040285468693093554,0.09006521166708889,0.06759786349924723,0.8383083779643542,25,30,20
3,3998,0.004210230027826972,0.1197976240248882,0.03827616506053124,0.8377159808867545,25,30,20
3,3999,0.006092530783309635,0.11983729807922489,0.037980205712873936,0.8360899654245922,25,30,20
3,4000,0.04163197359049873,0.1198491697111004,0.0005446673508248292,0.8379741893475767,25,30,20
3,4001,0.040756422740762875,0.11984869463792863,0.0005468209915739432,0.838848061629735,25,30,20
3,4002,0.005010613264229068,0.1198132376905001,0.03629599977658532,0.8388801492686856,25,30,20
3,4003,0.041751711470588086,0.11982742827670066,2.409518949392949e-05,0.8383967650632173,25,30,20
3,4004,0.04250323002159862,0.1176592080923009,0.0012224852531943831,0.8386150766329066,25,30,20
3,4005,0.006760412110731995,0.09890064388122247,0.0561849757821675,0.8381539682258798,25,30,20
3,4006,0.03963030046617924,0.09772143721827284,0.025221549016218134,0.8374267132993302,25,30,20
3,4007,0.03465439393101208,0.09770113652313384,0.030406075714494857,0.8372383938313598,25,30,20
3,4008,0.03348385294419967,0.0976889491485856,0.030437022241688108,0.8383901756655279,25,30,20
3,4009,0.04541912796208656,0.11829899794910884,0.0012002695370821623,0.835081604551722,25,30,20
3,4010,0.043143731998283724,0.11983629587251927,0.0002636967826861691,0.8367562753465113,25,30,20
3,4011,0.04298383614619512,0.11980900900647336,0.0001466765037600078,0.8370604783435721,25,30,20
3,4012,0.04292667361142362,0.11983308502260501,0.00021378259937682422,0.8370264587665954,25,30,20
3,4013,0.04297900126530634,0.11810459661112761,0.0017717545876666733,0.8371446475359001,25,30,20
3,4014,0.040417452377484925,0.11982162091680756,0.0008357177190916462,0.8389252089866163,25,30,20
3,4015,0.0405064785191928,0.11918161437031617,0.0014531076511676143,0.8388587994593247,25,30,20
3,4016,0.04144332133956022,0.1182518773282082,0.0014521327105454463,0.8388526686216876,25,30,20
3,4017,0.041703036850507476,0.11954313633017373,0.0008279283857608706,0.837925898433558,25,30,20
3,4018,0.041758607985001646,0.11982486882049737,0.001317502547647907,0.8370990206468535,25,30,20
3,4019,0.041587136340809856,0.11982469573664167,0.0009448879782275375,0.8376432799443212,25,30,20
3,4020,0.008147074584470658,0.11980818172742035,0.03598568341900852,0.8360590602691002,25,30,20
3,4021,0.004010663203063024,0.11983698145514754,0.0404076414200891,0.8357447139217001,25,30,20
3,4022,0.0025270065382772865,0.11983698145192985,0.040081409451636366,0.8375546025581567,25,30,20
3,4023,0.0013673145871843787,0.11985290238284195,0.04022295369030725,0.8385568293396672,25,30,20
3,4024,0.04051220139989671,0.11875303106460948,0.006782105070239871,0.8339526624652548,25,30,20
3,4025,0.043710077656940405,0.11825054936687218,0.0047314146207608045,0.8333079583554277,25,30,20
3,4026,0.040976890868862935,0.11869819225812402,0.006619084380752341,0.833705832492261,25,30,20
3,4027,0.041214873682179166,0.11811216713289896,0.0036603340777826223,0.8370126251071395,25,30,20
3,4028,0.04391431339910972,0.11983679973537419,0.0003982359302662167,0.8358506509352501,25,30,20
3,4029,0.04089482517332914,0.07990248737437092,0.04027749805972013,0.8389251893925804,25,30,20
3,4030,0.041841980975431875,0.07987058635145888,0.040276322667938735,0.8380111100051723,25,30,20
3,4031,0.04222850562595516,0.07922850062475718,0.04061683869660295,0.8379261550526853,25,30,20
3,4032,0.002246191965241522,0.07989767038825733,0.07991232921231113,0.8379438084341906,25,30,20
3,4033,0.0048650159531849445,0.07899160011869863,0.05017187122915285,0.8659715126989639,25,30,20
3,4034,0.0020082788092062277,0.07991066507311068,0.03992632823679236,0.8781547278808925,25,30,20
3,4035,0.0016717960015883986,0.07989812110777293,0.035068800176321815,0.8833612827143166,25,30,20
3,4036,0.001374966366685483,0.07991018037149862,0.03984661605994032,0.8788682372018769,25,30,20
3,4037,0.038564714229502306,0.0798979234706856,0.004668781703409781,0.876868580596403,25,30,20
3,4038,0.042100872578843755,0.07989792319603845,0.001117079544324234,0.8768841246807939,25,30,20
3,4039,0.04127499161563212,0.07989765642182572,2.7257387115257933e-05,0.878800094575427,25,30,20
3,4040,0.01418297736237105,0.07989938768003388,0.028056248934783583,0.8778613860228126,25,30,20
3,4041,0.0023257808911851586,0.07989818285181069,0.039935169754957305,0.8778408665020482,25,30,20
3,4042,0.0038058358695041883,0.07988614057665272,0.0521149256307704,0.8641930979230718,25,30,20
3,4043,0.03796016399240796,0.07930022790882224,0.004428993218452124,0.8783106148803169,25,30,20
3,4044,0.03759753420766709,0.0798621667472438,0.0038247378015817874,0.8787155612435084,25,30,20
3,4045,0.04055406244763254,0.05959395170455142,0.021162767721638928,0.8786892181261774,25,30,20
3,4046,0.043038865887860274,0.05958198994886413,0.018699727384479878,0.8786794167787952,25,30,20
3,4047,0.044182946135805576,0.05959115203659681,0.017805989518417473,0.8784199123091809,25,30,20
3,4048,0.04116730520368177,0.07989518289349254,0.00019268855085540079,0.8787448233519696,25,30,20
3,4049,0.013655177506137326,0.07989435329932305,0.06602959406059034,0.8404208751339485,25,30,20
3,4050,0.014901243897955815,0.07818192557706821,0.030449857259745826,0.8764669732652304,25,30,20
3,4051,0.009958549658830286,0.07818128778248652,0.03302363463859379,0.8788365279200909,25,30,20
3,4052,0.028198942388329963,0.07818128738647127,0.014899288326371798,0.8787204818988272,25,30,20
3,4053,0.028230686448123005,0.07928912393371645,0.013794092347003082,0.878686097271157,25,30,20
3,4054,0.03933550314848156,0.07931225920193062,0.0026165420630343385,0.8787356955865535,25,30,20
3,4055,0.04122211105219496,0.07931225517275792,0.000760053238075039,0.8787055805369719,25,30,20
3,4056,0.041306322599122154,0.07987502131364813,4.3802357592475025e-05,0.8787748537296375,25,30,20
3,4057,0.041511571812212704,0.07987454142934557,3.83764390197886e-05,0.878575510319422,25,30,20
3,4058,0.04203023941342116,0.07985426755938332,1.0236146756930872e-05,0.8781052568804384,25,30,20
3,4059,0.041518236841704435,0.07925969424567554,0.0006193008937895096,0.8786027680188311,25,30,20
3,4060,0.003060576652928423,0.07986791543113923,0.03840818600397396,0.8786633219119593,25,30,20
3,4061,0.0031842269697275193,0.061121036123197685,0.05704136403708992,0.8786533728699844,25,30,20
3,4062,0.007081450805446357,0.07986264358254345,0.03447990992194728,0.8785759956900631,25,30,20
3,4063,0.007396283746108571,0.07981387079425309,0.03434554435095141,0.878444301108686,25,30,20
3,4064,0.0019225707888727486,0.07988357155218337,0.03934396164766064,0.8788498960112827,25,30,20
3,4065,0.0033637156388984886,0.07989377828633025,0.0390030429889855,0.8777394630857859,25,30,20
3,4066,0.002419238763049611,0.07865834703560315,0.04023665352708429,0.8786857606742632,25,30,20
3,4067,0.0042873096750198885,0.07897622460113378,0.045098166429234414,0.871638299294613,25,30,20
3,4068,0.0023102347129866545,0.07927637709549905,0.04563422161833696,0.8727791665731784,25,30,20
3,4069,0.0023409353700270235,0.07927637712516494,0.0395929804475099,0.8787897070572979,25,30,20
3,4070,0.014386493666229952,0.07989525145991343,0.029019153958845953,0.8766991009150101,25,30,20
3,4071,0.02943388398184227,0.07989452003445895,0.015583533813169683,0.8750880621705283,25,30,20
3,4072,0.013030362039275298,0.07983186711646251,0.037375859753620205,0.8697619110906422,25,30,20
3,4073,0.012136313458877786,0.07859431081378904,0.04976120850702708,0.8595081672203064,25,30,20
3,4074,0.004571196606396512,0.07986302708011818,0.04409144583296703,0.8714743304805187,25,30,20
3,4075,0.0032857274058464853,0.0798707349771147,0.04417567811502445,0.8726678595020135,25,30,20
3,4076,0.0026639537582172756,0.07988862390362633,0.04407888160905173,0.8733685407291043,25,30,20
3,4077,0.005055169664497884,0.07991030670822748,0.042626721881106236,0.8724078017461682,25,30,20
3,4078,0.0055439672715936516,0.05117952774390992,0.06672820099186107,0.8765483039926367,25,30,20
3,4079,0.019969844615297966,0.07989748677088863,0.02338914756842703,0.876743521045387,25,30,20
3,4080,0.004234903849808873,0.07989671043295617,0.03918525985090652,0.8766831258663291,25,30,20
3,4081,0.002813007929737872,0.07989693832894122,0.0004321198893475299,0.9168579338519739,25,30,20
3,4082,0.0016806229293866578,0.0798969383158075,0.011338787452800063,0.9070836513020057,25,30,20
3,4083,0.0025293951336213703,0.07897546798710646,0.010910972180524416,0.9075841646987485,25,30,20
3,4084,0.0025221068282699206,0.07897546798643791,1.6212942681250002e-05,0.9184862122426108,25,30,20
3,4085,0.003275675881409366,0.07896399236734566,2.411210406629727e-05,0.9177362196471788,25,30,20
3,4086,0.0014177941398587181,0.07986014027644028,1.623078363888019e-05,0.9187058348000632,25,30,20
3,4087,0.001441327228589004,0.0798601402758185,0.0001060012607129677,0.9185925312348805,25,30,20
3,4088,0.00610826745749405,0.07985978098699524,0.00011725549704589986,0.9139146960584641,25,30,20
3,4089,0.006044736332547987,0.07946208966197092,0.0004456830504652463,0.914047490955016,25,30,20
3,4090,0.0061170876160867626,0.07989764669273891,1.0075174901576179e-05,0.913975190516273,25,30,20
3,4091,0.006691728646980272,0.07989800803710052,1.8860297161167603e-05,0.9133914030187582,25,30,20
3,4092,0.0023650091940659547,0.07989800799499949,9.944020026589252e-06,0.9177270387909082,25,30,20
3,4093,0.0025104579174630554,0.07989800799412303,5.815586270824642e-06,0.9175857185021435,25,30,20
3,4094,0.0027846501926626173,0.07988589264686163,0.00037758716268296923,0.9169518699977931,25,30,20
3,4095,0.0018545032118210038,0.07989840567992769,0.00014833269823447985,0.9180987584100165,25,30,20
3,4096,0.0015860985807280984,0.07990964084764492,0.00026753475134655387,0.9182367258202815,25,30,20
3,4097,0.0018258925798318843,0.07947482624668857,0.0004457835359336804,0.9182534976375458,25,30,20
3,4098,0.018708862085590014,0.07895305029067998,0.010616966995526993,0.8917211206282034,25,30,20
3,4099,0.0022902365483637318,0.07895305025976353,1.0209803399125059e-05,0.9187465033884741,25,30,20
3,4100,0.004440527168147221,0.07988479484340665,1.845999332710337e-05,0.9156562179951199,25,30,20
3,4101,0.0018794264933096833,0.07989723704809981,1.5510774636022982e-05,0.9182078256839549,25,30,20
3,4102,0.001600906296218392,0.07989723703621919,1.6578307209951108e-05,0.918485278360353,25,30,20
3,4103,0.0022437624160039694,0.07986311246520623,4.248608517832676e-05,0.9178506390336113,25,30,20
3,4104,0.0016122042659756043,0.07989826854633279,5.3334833733645185e-06,0.9184841937043187,25,30,20
3,4105,0.001640366750867013,0.07991032860124943,0.006245559541578858,0.912203745106305,25,30,20
3,4106,0.001848707907688954,0.07990982765227048,0.00010285378232856194,0.9181386106577125,25,30,20
3,4107,0.0015969889877493419,0.07984128501508823,9.746944605151597e-06,0.9185519790525576,25,30,20
3,4108,0.0031515405586147243,0.07855570599328508,0.00042530315392936343,0.9178674502941707,25,30,20
3,4109,0.0013411785174156556,0.07989053367336894,0.00042305183795119506,0.9183452359712642,25,30,20
3,4110,0.0016023668435525122,0.07863267964089993,0.0013786212015890278,0.9183863323139596,25,30,20
3,4111,0.0013117480304821996,0.07987425919625615,0.00017010135124427152,0.9186438914220182,25,30,20
3,4112,0.0016501811788460332,0.07989773386048063,3.062228061020353e-06,0.9184490227326129,25,30,20
3,4113,0.0014933343906038121,0.0798977338546954,4.2975619441617775e-06,0.9186046341927576,25,30,20
3,4114,0.0014503195987796377,0.07990568964595039,0.00038157744526686306,0.9182624133100039,25,30,20
3,4115,0.0034318780038170814,0.079875743389215,0.0004954811363103502,0.9161968974706579,25,30,20
3,4116,0.0030581528888298974,0.07928872488261839,0.007274285602327938,0.9103788366262239,25,30,20
3,4117,0.0022740229083021268,0.0798878311163269,0.0003887711791578136,0.9174493747962127,25,30,20
3,4118,0.004348202027477219,0.0798852966505633,0.004523327906557131,0.9112431734154026,25,30,20
3,4119,0.005379663162310586,0.07988620286449195,0.004523868852686222,0.9102102651205115,25,30,20
3,4120,0.004304560136915772,0.07990561723273794,1.2223661910529804e-05,0.9157775989684357,25,30,20
3,4121,0.007629101712674205,0.07990588776454886,0.0005179030333983928,0.9119471074893787,25,30,20
3,4122,0.003226935982911819,0.07987579760134735,0.00029578909606442136,0.9166014773196766,25,30,20
3,4123,0.0024279730644176474,0.07989409232362232,0.00037786554001973776,0.9173000690719404,25,30,20
3,4124,0.004616937055345536,0.06088967354090089,0.01877851918762564,0.915714870216126,25,30,20
3,4125,0.004275845540347,0.07988210213994948,0.0002707237966801113,0.9155713285230234,25,30,20
3,4126,0.0016869496836532773,0.07989727043119445,0.0005445925241096789,0.9178711873610426,25,30,20
3,4127,0.004128562931103314,0.05411135516377253,0.025795057132888443,0.9159650247722356,25,30,20
3,4128,0.0022949968604172714,0.05411135515674563,0.02579350780997046,0.9178001401728665,25,30,20
3,4129,0.0016409411948059458,0.05409927995985414,0.0257934456698804,0.9184663331754589,25,30,20
3,4130,0.001645285295341309,0.0780762506981094,0.0063672375198507054,0.9139112264866981,25,30,20
3,4131,0.0015169612399821108,0.07983255183560932,0.018772079438749586,0.8998784074856592,25,30,20
3,4132,0.0012586928889476048,0.07987603430424056,2.417089856686891e-05,0.9188411019082457,25,30,20
3,4133,0.0012539717268740317,0.07989815119123835,6.9816433314854904e-06,0.9188408954385562,25,30,20
3,4134,0.0012626797983769406,0.07928827418049103,0.0006165314368898511,0.918832514584242,25,30,20
3,4135,0.0016313028297211779,0.07930047544901547,0.0006149952604272764,0.9184532264608365,25,30,20
3,4136,0.012424041797960243,0.07988556611568565,1.5273397474546733e-05,0.9076751186888802,25,30,20
3,4137,0.0020908398062644594,0.07988556611105473,1.857654780431265e-05,0.918005017534876,25,30,20
3,4138,0.002204189252324997,0.07990366764520158,1.684714940512252e-05,0.9178752959530679,25,30,20
3,4139,0.0029388024667912987,0.07990366763544095,9.664561752946807e-05,0.9170608842802389,25,30,20
3,4140,0.0020185246663787966,0.07990356606759645,0.00010326613588045573,0.9179746431301438,25,30,20
3,4141,0.0016353244582648157,0.07986962618458267,0.0002695786581824052,0.9182254706989706,25,30,20
3,4142,0.0013547691858374396,0.07988548270189563,2.396964983734546e-06,0.9187573511472839,25,30,20
3,4143,0.0016298326277260798,0.07989702260895887,3.673774017096649e-06,0.9184694709892982,25,30,20
3,4144,0.0015990469062348868,0.07944745592277995,0.0007143977119271602,0.9182390994590597,25,30,20
3,4145,0.001358848494110291,0.07990617600162307,0.0002703756499978942,0.9184645998542694,25,30,20
3,4146,0.030513256372182204,0.05074244475386979,0.00028420320231344455,0.9184600956716339,25,30,20
3,4147,0.040920804937134465,0.03995497457502881,0.04081475719110544,0.8783094632967314,25,30,20
3,4148,0.03745817093227998,0.03995499271227373,0.044092954455984074,0.8784938818994616,25,30,20
3,4149,0.0426915007340384,0.039942233265132285,0.0404062798726536,0.8769599861281742,25,30,20
3,4150,0.04120336747032147,0.03994221306756562,0.040105232212363236,0.878749187249749,25,30,20
3,4151,0.04909481549037669,0.03994272470796628,0.03291781723538002,0.8780446425662771,25,30,20
3,4152,0.04912675492097801,0.03989589559064141,0.03240386754531847,0.878573481943062,25,30,20
3,4153,0.049194447919034545,0.03995493589466091,0.03223262285197235,0.8786179933343328,25,30,20
3,4154,0.05007676494852206,0.039954935908137354,0.032233424212015235,0.8777348749313252,25,30,20
3,4155,0.044007838192577704,0.03993268829962517,4.822404401686e-05,0.9160112494637807,25,30,20
3,4156,0.04185156406612177,0.03993268825800769,4.051875386021114e-05,0.9181752289220104,25,30,20
3,4157,0.04204588448084341,0.03934527923651198,0.005419784626662115,0.913189051655982,25,30,20
3,4158,0.036219864592746835,0.03992926705641638,0.0065505212274290505,0.9173003471234074,25,30,20
3,4159,0.00770525842817433,0.039943001387445796,0.03462731085626338,0.9177244293281164,25,30,20
3,4160,0.0014403050521019404,0.03995124398556151,0.039959053704165436,0.9186493972581715,25,30,20
3,4161,0.0017995847181768965,0.039946802478919,0.039591580259022666,0.9186620325438816,25,30,20
3,4162,0.012345247576834927,0.039950694903995894,0.029652948748138567,0.9180511087710318,25,30,20
3,4163,0.01206340114822781,0.03994320291552635,0.03408789934367035,0.9139054965925746,25,30,20
3,4164,0.0026651186091258194,0.03992729934947572,0.03896120338499407,0.9184463786564047,25,30,20
3,4165,0.005808357852821668,0.03994718800360368,0.03281154101395057,0.9214329131296256,25,30,20
3,4166,0.004632076882118424,0.03965533638302176,0.03949309049570083,0.9162194962391592,25,30,20
3,4167,0.0013989458355068607,0.03994299941829568,0.04006733519710748,0.9185907195490897,25,30,20
3,4168,0.0013511140076877318,0.03994299940946404,0.03987632194940098,0.9188295646334488,25,30,20
3,4169,0.0013523893810352512,0.04064624740621389,0.03585125002924195,0.9221501131835105,25,30,20
3,4170,0.00137375111208742,0.039942999421678206,0.04001923492058083,0.9186640145456536,25,30,20
3,4171,0.007877242219892538,0.04063264173010342,0.03439736875236735,0.9170927472976382,25,30,20
3,4172,0.0037002812610538462,0.0399614627248667,0.03843703747296748,0.9179012185411131,25,30,20
3,4173,0.0052603021926311885,0.039943184758830075,0.04017143959990206,0.9146250734486375,25,30,20
3,4174,0.002392578257188094,0.03995488862080856,0.04004655097459744,0.9176059821474064,25,30,20
3,4175,0.0014752347982913445,0.03994294758228838,0.03986102078490043,0.9187207968345202,25,30,20
3,4176,0.004960478182942034,0.03994294330869309,0.039473898469328396,0.9156226800390379,25,30,20
3,4177,0.007392453296268801,0.039932960542020134,0.03740359691974455,0.9152709892419666,25,30,20
3,4178,0.0013234423733548717,0.03991975319310091,0.03999535084541179,0.918761453588132,25,30,20
3,4179,0.0013624714008589314,0.04070739951613888,0.03918531161175277,0.9187448174712496,25,30,20
3,4180,0.0020021618294650367,0.039920231541512835,0.04007768890264247,0.9179999177263807,25,30,20
3,4181,0.00201892421035251,0.03995470326206003,0.04472713655088189,0.9132992359767065,25,30,20
3,4182,0.002255110310485317,0.06093121173860579,0.023626658988561165,0.9131870189623494,25,30,20
3,4183,0.0016671601435050926,0.07985979460040396,0.00013699903490569412,0.9183360462211861,25,30,20
3,4184,0.001670018590700938,0.07990623070993394,0.00013886950005986425,0.9182848811993055,25,30,20
3,4185,0.0013124836587160543,0.07990623056230778,3.985133850407943e-06,0.9187773006451259,25,30,20
3,4186,0.0018779514063144822,0.07984951617775249,3.8066861849644607e-06,0.9182687257297488,25,30,20
3,4187,0.002817494655737605,0.07984661600694304,0.00011089421256758577,0.9172249951247526,25,30,20
3,4188,0.0024248603183229505,0.07987445356592825,1.3671726236992334e-05,0.9176870143895122,25,30,20
3,4189,0.004222297440706811,0.07987445342603051,1.2547093172992778e-05,0.9158907020400904,25,30,20
3,4190,0.0023331614363000324,0.0798625259511864,1.0475804985617397e-05,0.9177938368075275,25,30,20
3,4191,0.0017338000713818236,0.07987420493146159,3.220608537217397e-05,0.9183597889117828,25,30,20
3,4192,0.002625267717391499,0.07983646537975568,1.6153551340333234e-05,0.9175221133515127,25,30,20
3,4193,0.0027687569578011594,0.07985313082825064,0.00010775192756091923,0.9172703602863873,25,30,20
3,4194,0.001445014176035721,0.07989795015943701,0.00032241974124625926,0.9183346159232816,25,30,20
3,4195,0.0024658365789161515,0.07897930223825451,0.00019806001578824323,0.918356801167041,25,30,20
3,4196,0.003901219940585443,0.07896306836127959,0.00019171816279967062,0.9169439935353355,25,30,20
3,4197,0.0023035670459026,0.0798699823732043,1.1929897144290381e-05,0.9178145206837496,25,30,20
3,4198,0.0018610060277539525,0.07900739280382604,0.006826445093759923,0.91230515607466,25,30,20
3,4199,0.002447951942420198,0.0798639629061442,2.9174129408277824e-05,0.9176589110220269,25,30,20
3,4200,0.0022582773312570443,0.07987579860132803,2.5105382850734308e-05,0.9178408186845648,25,30,20
3,4201,0.001319977692712812,0.07990982833807386,0.0003637646664084029,0.9184064293028057,25,30,20
3,4202,0.0040854328704827405,0.07808927724705322,0.004560598541343874,0.9132646913411203,25,30,20
3,4203,0.003123352734951717,0.07808927723075207,0.0045616541272515436,0.9142257159070456,25,30,20
3,4204,0.0022123122409362247,0.07988184177778192,1.4776848029130593e-05,0.9178910691332528,25,30,20
3,4205,0.0032022000410915625,0.0799099828749172,0.0002803908304842905,0.9166074262535063,25,30,20
3,4206,0.002275081520484301,0.0798823009734267,0.00041391546205651636,0.9174287020440324,25,30,20
3,4207,0.0017936084290795897,0.07989767730203798,0.00040420814433927255,0.9179045061245431,25,30,20
3,4208,0.0018197002525806778,0.07987801883309477,9.664194667218429e-05,0.9182056389676524,25,30,20
3,4209,0.0023273089727794153,0.0798938677057143,1.3151792299830512e-05,0.9177656715292062,25,30,20
3,4210,0.0015101645117723537,0.07987726802522149,0.00027851859934618743,0.9183340488636597,25,30,20
3,4211,0.001517056327029559,0.07984514272050405,2.73550348363367e-05,0.9186104459176306,25,30,20
3,4212,0.003074829425725192,0.07989755342266207,0.00013760685109951148,0.9168900103005139,25,30,20
3,4213,0.002439907651326805,0.07863365210328345,0.0012402320253389733,0.9176862082200512,25,30,20
3,4214,0.0017247268189771383,0.07927727237928944,0.0006375252655809855,0.9183604755361532,25,30,20
3,4215,0.00258128396753349,0.07984742646431389,1.872027206235141e-05,0.9175525692960903,25,30,20
3,4216,0.0031672928400452356,0.07818462849863851,0.0018757357550099093,0.9167723429063056,25,30,20
3,4217,0.0013143961589926095,0.07818462848807711,0.0017313734076717022,0.9187696019452573,25,30,20
3,4218,0.0012992003911287031,0.07987502665861855,2.6845419755784657e-05,0.9187989275304973,25,30,20
3,4219,0.0013112365357754207,0.07943437379452517,0.00043777827152487804,0.9188166113981738,25,30,20
3,4220,0.002558739390139019,0.07957453923881692,1.4431362471970355e-05,0.9178522900085714,25,30,20
3,4221,0.0017248674306439117,0.07957453922044945,0.0002760475197577581,0.9184245458291493,25,30,20
3,4222,0.001311435990635447,0.07989408460569015,1.1659197336624558e-05,0.918782820206339,25,30,20
3,4223,0.0031921612038476434,0.07988566581018938,4.989105957847598e-06,0.9169171838800062,25,30,20
3,4224,0.004227104786270374,0.07981594010005122,3.256385614160327e-05,0.9159243912575377,25,30,20
3,4225,0.002399106726028616,0.07989426217709648,1.5720599638695254e-05,0.9176909104972373,25,30,20
3,4226,0.0024054266474169183,0.07925158209826542,0.00687235398096246,0.9114706372733561,25,30,20
3,4227,0.002676425333505798,0.07925206310612279,0.0006329441854782275,0.917438567374893,25,30,20
3,4228,0.0035032759933795164,0.07925206309640799,0.0006270903896530898,0.9166175705205589,25,30,20
3,4229,0.002569810498249662,0.07988637050103163,7.73741407100267e-06,0.917536081586649,25,30,20
3,4230,0.002808044753564936,0.07892804304789855,1.4986288517163723e-05,0.9182489259100197,25,30,20
3,4231,0.001332765372691913,0.07989820421577169,2.158710237214631e-06,0.918766871701301,25,30,20
3,4232,0.0012535573086786052,0.07990567460936134,2.1304067608970713e-06,0.9188386376752008,25,30,20
3,4233,0.0025480556187881965,0.06148821365576431,0.01847362915970969,0.9174901015657386,25,30,20
3,4234,0.002566740710204821,0.06117069236817076,0.018963419390022603,0.9172991475316029,25,30,20
3,4235,0.0023779041879733545,0.06117069235542421,0.018745696636309844,0.9177057068202922,25,30,20
3,4236,0.002262273964416949,0.07987016492174157,3.452183302048526e-06,0.9178641089305403,25,30,20
3,4237,0.0040723276954037,0.07989757702411183,0.0001360018535656497,0.9158940934269195,25,30,20
3,4238,0.002238615028036198,0.07989756283279908,0.00013873335530827815,0.9177250887838566,25,30,20
3,4239,0.0014520828468610621,0.07990536245872729,0.00014455026587464808,0.9184980044285378,25,30,20
3,4240,0.002270091687064837,0.07990536246651157,2.275147042595081e-05,0.9178017943759975,25,30,20
3,4241,0.0034869872603864897,0.07990536248996116,1.3277939532889981e-05,0.91659437231012,25,30,20
3,4242,0.0031783059413648864,0.07985717435095024,1.0099719396501918e-05,0.9169544199882883,25,30,20
3,4243,0.005871520497961469,0.07986178687523535,7.004811076779303e-06,0.9142596878157266,25,30,20
3,4244,0.001568238955895955,0.07988201489395935,4.600889553189883e-06,0.9185451452605919,25,30,20
3,4245,0.0023949437143402333,0.07990924269216192,3.713595199732476e-06,0.9176920999982979,25,30,20
3,4246,0.0013473701209888295,0.07990945162597521,4.580470691157359e-06,0.9187385977823446,25,30,20
3,4247,0.0013115961294310565,0.07989764329798929,0.00010450877999399837,0.9186862517925857,25,30,20
3,4248,0.0016613083228312622,0.0786492388503699,0.001341311060425045,0.9183481417663739,25,30,20
3,4249,0.0016630569835406005,0.07864798887382506,0.0013383964810753388,0.9183505576615594,25,30,20
3,4250,0.002359985632066197,0.07858667273653794,0.001367458705900939,0.9176858829254949,25,30,20
3,4251,0.0014006115149230575,0.0786176192982286,0.0013301746324512745,0.9186515945543974,25,30,20
3,4252,0.0014091176553595545,0.07859762500638812,0.0012396540070575978,0.9187536033311942,25,30,20
3,4253,0.0019462691270014263,0.07986549263291885,8.114958229419802e-06,0.918180123281851,25,30,20
3,4254,0.0016007151142942197,0.07986607672508411,0.03999965840323939,0.878533549757383,25,30,20
3,4255,0.0014422081691119106,0.07990233074669187,0.03992417968695237,0.8787312813972443,25,30,20
3,4256,0.003463444764950314,0.07812292916375073,0.0417375494047386,0.8766760766665601,25,30,20
3,4257,0.0032727029656280165,0.07812318213087767,0.04170332922103684,0.8769007856824577,25,30,20
3,4258,0.0014584389875322357,0.07892558647991176,0.04092194065205874,0.8786940338804979,25,30,20
3,4259,0.002265806034966438,0.07990621071552431,0.03994688607691427,0.8778810971725953,25,30,20
3,4260,0.0025419749442584186,0.07990968289764472,0.039951772721971604,0.8775965694361259,25,30,20
3,4261,0.004070915215950415,0.07991218098491779,0.0399283294003313,0.8760885743988007,25,30,20
3,4262,0.04149732665960879,0.07991218097142788,0.0402143775289244,0.8383761148400402,25,30,20
3,4263,0.045912887887067814,0.09159248473779384,0.02365434586820486,0.8388402815069347,25,30,20
3,4264,0.04516953652431445,0.09254150453675704,0.023648707282263138,0.8386402516566648,25,30,20
3,4265,0.008678649235760078,0.09254193014785185,0.061978699006456306,0.8368007216099329,25,30,20
3,4266,0.007397744239928753,0.0925543452202719,0.06197744064751855,0.8380704698922807,25,30,20
3,4267,0.0014760728488884226,0.11984052200921648,0.03984736881692039,0.8388360363249753,25,30,20
3,4268,0.001986511189870262,0.119349826805324,0.03985048802717071,0.8388131739776348,25,30,20
3,4269,0.0020616205831760696,0.11933412683254276,0.039849070076772464,0.838755182507509,25,30,20
3,4270,0.04056674775451576,0.11936252787410345,0.0012886643591682218,0.838782060012212,25,30,20
3,4271,0.03584276951356473,0.11981282045324783,0.006376580848215931,0.8379678291849711,25,30,20
3,4272,0.035440605935763946,0.11953075811454211,0.006506354304999978,0.8385222816446942,25,30,20
3,4273,0.04172416272261473,0.11953006179151833,0.004657786840951271,0.8340879886449162,25,30,20
3,4274,0.04136212110028101,0.11982418669960132,2.844634583946614e-06,0.838810847565535,25,30,20
3,4275,0.04137869592399831,0.11812717109845078,0.002640743651090685,0.8378533893264597,25,30,20
3,4276,0.04832326015191165,0.11806854472981593,0.0008619544710052575,0.8327462406472688,25,30,20
3,4277,0.004761175794393845,0.11797422163417794,0.044809414973522116,0.8324551875979062,25,30,20
3,4278,0.003740806719195452,0.11891229159832278,0.044805445107827725,0.832541456574655,25,30,20
3,4279,0.0037383336624834396,0.1188702304171218,0.03858095117831405,0.8388104847420814,25,30,20
3,4280,0.003966608681504556,0.0943291571057352,0.048150858961450445,0.8535533752513108,25,30,20
3,4281,0.0030416626565870075,0.09431953946068848,0.04816882294000913,0.8544699749427148,25,30,20
3,4282,0.0016984237904129303,0.11981444075567933,1.4207078433891023e-05,0.8784729283754737,25,30,20
3,4283,0.0040106345264161285,0.11983833707469428,3.4884290668498534e-05,0.8761161441082203,25,30,20
3,4284,0.004019381355599283,0.11984852865815736,9.495292521875893e-06,0.876122594693721,25,30,20
3,4285,0.001580286522235215,0.1198084291405111,0.00025968471016758006,0.8783515996270856,25,30,20
3,4286,0.0013895482494947764,0.11984116850504507,0.00014141472952918082,0.8786278685159314,25,30,20
3,4287,0.0014537066658274723,0.1198329221679365,0.004643796188237472,0.8740695749779974,25,30,20
3,4288,0.0023614495852521604,0.1181241307339839,0.006353596647842666,0.8731608230329222,25,30,20
3,4289,0.0023058353762930085,0.11812842565519985,0.001721650593615034,0.8778440883748918,25,30,20
3,4290,0.0023151105052614247,0.1197996134825117,4.5315809582610646e-06,0.8778807444312678,25,30,20
3,4291,0.0031661089077590692,0.11977559069579566,0.0004312888113913459,0.8766270115850539,25,30,20
3,4292,0.002291220287980153,0.11977527904531378,0.00041710206286997396,0.8775163986038366,25,30,20
3,4293,0.003770317612967483,0.11980812188226458,0.0005061770255380735,0.8759153834792304,25,30,20
3,4294,0.001644460867351918,0.11980593402152366,0.0005580050702367046,0.8779916000408875,25,30,20
3,4295,0.0013359652566330288,0.11984231570411183,0.0005410244044663326,0.8782806946347886,25,30,20
3,4296,0.002498811268603279,0.119853048195002,0.00040617697268767927,0.8772419635637069,25,30,20
3,4297,0.002264266988637047,0.11983712563480378,0.0004057906868304369,0.8774928166897296,25,30,20
3,4298,0.0022626355583497655,0.11814412585219283,0.0021275260043861384,0.8774657125850716,25,30,20
3,4299,0.002238444871506326,0.11986435055406343,0.0006837119808354661,0.877213492593595,25,30,20
3,4300,0.0018204232856306565,0.11901185046294209,0.001259704481645221,0.8779080217697817,25,30,20
3,4301,0.0025501171150522158,0.1198301737152353,4.738987732735828e-05,0.8775723192923857,25,30,20
3,4302,0.0016005173644467335,0.1198048434658489,4.909352979067543e-05,0.8785455456399142,25,30,20
3,4303,0.003701950971430814,0.11941472949489094,0.0008230721767382595,0.8760602473569401,25,30,20
3,4304,0.001460170220496272,0.11940304451838411,0.03607199357300091,0.8430647916881183,25,30,20
3,4305,0.0013563845594267597,0.11981745851486494,0.03995022170117772,0.8388759352245309,25,30,20
3,4306,0.0013705914672623484,0.11982752078595726,0.03997407435983426,0.8388278133869467,25,30,20
3,4307,0.001335326516891053,0.11982381267213177,0.039981833666153904,0.8388590271448243,25,30,20
3,4308,0.001305537622274302,0.11983542067926041,0.040430144214619296,0.8384288974838466,25,30,20
3,4309,0.005494132353342007,0.11984849333533307,0.04040983251882753,0.834247541792498,25,30,20
3,4310,0.040977984479331805,0.11981251719054495,0.0019497267290982832,0.8372597716010247,25,30,20
3,4311,0.043015679680201264,0.11978871189394275,0.000151862931821848,0.8370437454940342,25,30,20
3,4312,0.04239462455624861,0.11859630414865788,0.0013103014668183735,0.8376987698282757,25,30,20
3,4313,0.004085441249942178,0.11920537081966322,0.03841864597506026,0.8382905419553341,25,30,20
3,4314,0.005605862509954745,0.11918186986606046,0.03845166128602638,0.83676060633796,25,30,20
3,4315,0.0031893505625114715,0.11980808037629434,0.038172202218354816,0.8388303668428407,25,30,20
3,4316,0.00417369470800826,0.11980802828413031,0.0428141150535334,0.8332041619543284,25,30,20
3,4317,0.0044661156268903145,0.10441960452676138,0.058210320102958436,0.8329039597433895,25,30,20
3,4318,0.03477564863071484,0.11984855775230704,0.01121498128534661,0.8341608123316313,25,30,20
3,4319,0.0357149459405656,0.1198486953156313,0.00657265040672509,0.837863708337078,25,30,20
3,4320,0.041359540612249335,0.1198294374119082,0.0002720364017102093,0.8385389855741319,25,30,20
3,4321,0.04110377068988503,0.11857282194208897,0.0015116026775199014,0.8388118046905059,25,30,20
3,4322,0.041951424121733034,0.11858114021226719,0.0015084922168075777,0.8379589434491921,25,30,20
3,4323,0.0410466558754144,0.11858114021239516,0.0015934747236774722,0.8387787291885127,25,30,20
3,4324,0.010731863362224377,0.11980217077900361,0.03058499640709278,0.8388809694516801,25,30,20
3,4325,0.02017910565042619,0.11840020346665468,0.02267304586987796,0.8387476450130416,25,30,20
3,4326,0.004010431535132027,0.11982550038983036,0.038050222948808436,0.8381138451262293,25,30,20
3,4327,0.0038064113094033384,0.11855949662798018,0.03929019377264391,0.8383438982899731,25,30,20
3,4328,0.0027463021655274307,0.11978766064995021,0.04008614060277254,0.8373798965817495,25,30,20
3,4329,0.002318791216198681,0.11984933879671728,0.03995278350371847,0.8378790864833657,25,30,20
3,4330,0.002242685163059307,0.11984198015793143,0.03995407538724689,0.8379612592917641,25,30,20
3,4331,0.002308746207638307,0.11983624467674313,0.03994984162213594,0.8379051674934835,25,30,20
3,4332,0.0034194161524434053,0.09112539366161475,0.06870604926481078,0.8367491409211315,25,30,20
3,4333,0.003579548140665604,0.1197337745472489,0.03980860533649261,0.8368780719755945,25,30,20
3,4334,0.0015424718130159644,0.11976100023340092,0.04029246981149666,0.8384040581420871,25,30,20
3,4335,0.0014632704865147183,0.11983017637860519,0.03990790332974142,0.8387986498051394,25,30,20
3,4336,0.002337714368418927,0.11719579707917632,0.04162350871158707,0.8388429798408177,25,30,20
3,4337,0.0023074799062397506,0.11811154265289035,0.04176942530246315,0.8378115521384062,25,30,20
3,4338,0.0023253806210879312,0.11813501066622889,0.04162973178908991,0.8379098769235938,25,30,20
3,4339,0.006119496778454546,0.11813472948737092,0.040763704054313156,0.8349820696798631,25,30,20
3,4340,0.04479365340098369,0.11890009173293718,0.0010650131735257288,0.8352412416925543,25,30,20
3,4341,0.039367181337104394,0.09887149935313401,0.023202726182746335,0.8385585931270155,25,30,20
3,4342,0.0312694046603293,0.11981479622447877,0.01106663050532362,0.8378491686098682,25,30,20
3,4343,0.04161075772786279,0.11981317991814361,0.0005679450161154409,0.8380081173378777,25,30,20
3,4344,0.04300365387036559,0.1197976159439153,0.00019875967705178208,0.8369999705086661,25,30,20
3,4345,0.04124173300019786,0.11978062294158744,0.006530046652203917,0.8324475974060117,25,30,20
3,4346,0.0016734199406083492,0.11978062010811608,0.03994734801616322,0.8385986119351139,25,30,20
3,4347,0.0024037777317877183,0.11983588301588277,0.03994843666077878,0.8378119025915519,25,30,20
3,4348,0.0017668963545817954,0.11982336613259979,0.04031005471709819,0.8380996827957206,25,30,20
3,4349,0.001769287656380674,0.11982899437810106,0.04031236669521312,0.8380893512703064,25,30,20
3,4350,0.002793844632709,0.11778336213327359,0.04110267642040273,0.8383201168136157,25,30,20
3,4351,0.0013820888085327317,0.09404342123718346,0.06573940620371406,0.8388350837505698,25,30,20
3,4352,0.0014341157181702213,0.11985271136067734,0.03993701760400885,0.8387761553171444,25,30,20
3,4353,0.0027690174646146067,0.11877480773554326,0.03962005823090403,0.8388361165689396,25,30,20
3,4354,0.0023736534622532898,0.11940679335727936,0.039445327133239394,0.8387742260472284,25,30,20
3,4355,0.029056595353528863,0.11940275857192593,0.012976164290408671,0.8385644817841363,25,30,20
3,4356,0.002370357403075588,0.11936220556403505,0.03973704047769015,0.8385303965551989,25,30,20
3,4357,0.0030416833154849584,0.11863480531102638,0.03995670753125462,0.8383668038422346,25,30,20
3,4358,0.0023497406158258798,0.11951530496171581,0.0399279299682386,0.83820702445422,25,30,20
3,4359,0.0019951157367286447,0.11940498683467786,0.040514224619583164,0.8380856728090099,25,30,20
3,4360,0.0029288954784272513,0.13369264101237716,0.02551077411110761,0.8378676893980888,25,30,20
3,4361,0.00191841603229494,0.15854513847131602,0.0012492010629778425,0.8382872444334106,25,30,20
3,4362,0.0019698791987407503,0.15977476963601317,1.3338282075801581e-05,0.83824201288317,25,30,20
3,4363,0.002305307521123484,0.15811040010395622,0.0016805919561091532,0.8379037004188105,25,30,20
3,4364,0.001322459641960676,0.15807669653841486,0.001707486918554197,0.8388933569010699,25,30,20
3,4365,0.0014019186170604074,0.15853547087617262,0.0012756166904842104,0.8387869938162826,25,30,20
3,4366,0.002417318194896707,0.15843254907291093,0.0012870381622090104,0.837863094569983,25,30,20
3,4367,0.002773496896891427,0.15849912751622142,0.0012636931748824048,0.8374636824120045,25,30,20
3,4368,0.02575850358602489,0.13620487283682936,0.0006521041932034581,0.8373845193839417,25,30,20
3,4369,0.02472837683883397,0.13683745066391975,4.889217662224573e-05,0.8383852803206251,25,30,20
3,4370,0.04149697194570229,0.11984964175044213,0.011052743644709324,0.8276006426591463,25,30,20
3,4371,0.040933479948530256,0.1180631176761716,0.0029186126079683576,0.8380847897673311,25,30,20
3,4372,0.03853107853537192,0.11978972958376032,0.00418898590891138,0.8374902059719572,25,30,20
3,4373,0.04208568258310188,0.11975084993701036,0.0003024651323216325,0.8378610023475666,25,30,20
3,4374,0.04080397530220152,0.11940496821425498,0.0010254782965142338,0.8387655781870293,25,30,20
3,4375,0.04212577898031134,0.11985214592007608,0.00017841723425161926,0.8378436578653614,25,30,20
3,4376,0.014849592315398034,0.11981619466466671,0.028542105792055454,0.836792107227881,25,30,20
3,4377,0.013148175802929138,0.11981619465335261,0.028531916127138998,0.8385037134165791,25,30,20
3,4378,0.0028772275312820297,0.11982125182530293,0.03910639660063294,0.838195124042782,25,30,20
3,4379,0.0017347442792986487,0.11981698585542189,0.03996581823821297,0.8384824516270676,25,30,20
3,4380,0.0025366111321656333,0.11983727650598673,0.039802329905092415,0.8378237824567556,25,30,20
3,4381,0.0023926725741499418,0.1198093458450443,0.04004943974022798,0.8377485418405775,25,30,20
3,4382,0.0013799759095631783,0.11984799881861936,0.03992303717505403,0.838848988096764,25,30,20
3,4383,0.04366396619240558,0.11883743887630376,0.0007440717456729743,0.8367545231856174,25,30,20
3,4384,0.04359856852349612,0.1198059773982202,5.280790968120656e-05,0.8365426461686032,25,30,20
3,4385,0.043434745929479386,0.11978991487794062,0.00023011368260516683,0.8365452255099751,25,30,20
3,4386,0.04308680493764391,0.1198493865193177,8.173587498208215e-05,0.8369820726680556,25,30,20
3,4387,0.003084386736824814,0.11184338747270572,0.047127123732955904,0.8379451020575135,25,30,20
3,4388,0.0022734251113771687,0.13047773590271727,0.029801405874782794,0.8374474331111235,25,30,20
3,4389,0.0013895083474056852,0.15976437607104738,0.004773577046082136,0.8340725385354658,25,30,20
3,4390,0.0017437406483195085,0.1592390782141284,0.00044781191587265435,0.8385693692216803,25,30,20
3,4391,0.0021403519420142587,0.1574327273985724,0.002343178400942793,0.8380837422584715,25,30,20
3,4392,0.0015658062744114737,0.15978271431613994,0.00014706677879639486,0.8385044126306525,25,30,20
3,4393,0.0014621154330499537,0.1597481052255565,0.00015605529107680008,0.8386337240503176,25,30,20
3,4394,0.002373253493335494,0.15972989199435259,5.762064983110151e-05,0.8378392338624815,25,30,20
3,4395,0.0033084460205007153,0.15971826402410894,8.30778630953207e-05,0.8368902120922941,25,30,20
3,4396,0.001685241720337987,0.1594805460545822,7.191430457498953e-05,0.8387622979205049,25,30,20
3,4397,0.0017238859853006868,0.14449148606736584,0.02139342011701543,0.8323912078303171,25,30,20
3,4398,0.0016156731318899436,0.15980828972427363,5.4720802747882056e-06,0.8385705650635614,25,30,20
3,4399,0.0016241065641234463,0.15979667379499193,0.00013694298240259323,0.8384422766584824,25,30,20
3,4400,0.0014445949167986017,0.1597962197975556,0.0004896167569686132,0.8382695685286768,25,30,20
3,4401,0.0036320845602729373,0.15930983657227749,0.0004904695765744922,0.8365676092908749,25,30,20
3,4402,0.0019045691653510996,0.15929668029437477,0.00013343020278974775,0.8386653203374843,25,30,20
3,4403,0.0023535608099111687,0.1597830856875765,0.00013490190502774146,0.8377284515974845,25,30,20
3,4404,0.0025326989380715713,0.15968641983646478,0.00020254803510257803,0.8375783331903611,25,30,20
3,4405,0.002280326023544685,0.15970327266958673,0.00016848375205656446,0.8378479175548113,25,30,20
3,4406,0.002268338679010243,0.12006200140621948,0.03982915108242556,0.8378405088323448,25,30,20
3,4407,0.0018406917939973078,0.11979845133818409,0.039748234436695486,0.8386126224311228,25,30,20
3,4408,0.0031437516552347573,0.11975543733735566,0.03847732790907883,0.8386234830983306,25,30,20
3,4409,0.0013727455449936857,0.119798589116083,0.04056909594138881,0.8382595693975347,25,30,20
3,4410,0.0013770596405027924,0.11985196402926653,0.03988281369646143,0.8388881626337689,25,30,20
3,4411,0.0013198441758435833,0.11980621822386761,0.03997468097670982,0.8388992566235808,25,30,20
3,4412,0.001401668745321898,0.119825152757319,0.03994854898534075,0.8388246295120205,25,30,20
3,4413,0.0014238894998828294,0.11942330419934612,0.046628664797818846,0.8325241415029538,25,30,20
3,4414,0.0031793354962818972,0.11937356040893495,0.046654027040951666,0.8307930770538309,25,30,20
3,4415,0.0030958963004302648,0.11940334788165004,0.04662736608671289,0.8308733897312084,25,30,20
3,4416,0.0030533056220269587,0.117695166980893,0.04834383591822212,0.8309076914788581,25,30,20
3,4417,0.002335282261314553,0.11812003442546523,0.041767533598068105,0.8377771497151529,25,30,20
3,4418,0.0013645476167856744,0.11811997653904382,0.08161114891843999,0.7989043269257315,25,30,20
3,4419,0.0013851713696550513,0.11922344017087058,0.08042569063379029,0.7989656978256849,25,30,20
3,4420,0.0013323315515143212,0.11923547989890482,0.04077556436713745,0.8386566241824436,25,30,20
3,4421,0.0014764061184982873,0.11982503172599811,0.03988983629030098,0.8388087258652035,25,30,20
3,4422,0.0015002338003742793,0.0910561521341391,0.0688022158636288,0.8386413982018588,25,30,20
3,4423,0.0018683753124415913,0.08061817181705555,0.0791252477102109,0.8383882051602933,25,30,20
3,4424,0.0049532688468881,0.07983194839221625,0.07803748978534003,0.8371772929755551,25,30,20
3,4425,0.0032581658687508945,0.0798968918998201,0.07803187751740184,0.8388130647140275,25,30,20
3,4426,0.002318457868116096,0.07988596447802152,0.07890113963676923,0.8388944380170931,25,30,20
3,4427,0.040325849204989994,0.07988668779974364,0.04094350012311874,0.8388439628721476,25,30,20
3,4428,0.04327540482064484,0.07863163896206764,0.022876642286750806,0.8552163139305382,25,30,20
3,4429,0.04238313152018173,0.0786304183923489,0.0020094360459876745,0.8769770140414819,25,30,20
3,4430,0.04141609349136116,0.0798966254466542,0.0007706269992659471,0.8779166540627185,25,30,20
3,4431,0.04152486902474898,0.07988235204179098,0.0007714893755701574,0.8778212895578891,25,30,20
3,4432,0.04126094106632152,0.07987839031096548,0.005130885800619282,0.8737297828220943,25,30,20
3,4433,0.04401101958517328,0.07991032065566656,0.00016285662132559738,0.8759158031378346,25,30,20
3,4434,0.0029284528073568942,0.07991011846151923,0.03871150860917534,0.8784499201219491,25,30,20
3,4435,0.0016471820909404594,0.07990970152058799,0.03983747679829616,0.8786056395901748,25,30,20
3,4436,0.0017169209521443116,0.07986535410647137,0.03989676291558262,0.8785209620258024,25,30,20
3,4437,0.0026086655110885678,0.07987475143902709,0.04019475989849087,0.8773218231513944,25,30,20
3,4438,0.0013608537599973994,0.07983753311089932,0.03518377496280009,0.8836178381663048,25,30,20
3,4439,0.001400598135967285,0.07982962916373444,0.03519846790086743,0.8835713047994314,25,30,20
3,4440,0.0024036618284063345,0.07988171225934117,0.03540745737475519,0.8823071685374974,25,30,20
3,4441,0.00330402287369942,0.07987813192200423,0.03931896484062385,0.8774988803636732,25,30,20
3,4442,0.0030497860486400716,0.07985508516077225,0.04013195169986655,0.876963177090722,25,30,20
3,4443,0.001673472322308463,0.07982673776709139,0.03998406366323169,0.8785157262473704,25,30,20
3,4444,0.0027378565632563533,0.07985372124898066,0.004301780196064643,0.9131066419916982,25,30,20
3,4445,0.0013744367990066097,0.0798582185347186,2.494714895417401e-05,0.9187423975173215,25,30,20
3,4446,0.0015022986246550434,0.07985821854199168,0.035150374385072354,0.8834891084482812,25,30,20
3,4447,0.001473375402591916,0.07816639253687176,0.04168021298079497,0.8786800190797409,25,30,20
3,4448,0.0022934709266958027,0.07987137253417846,0.03986475612987111,0.8779704004092556,25,30,20
3,4449,0.001625988891080562,0.07988502929556876,0.04032288647583739,0.8781660953375127,25,30,20
3,4450,0.001756800886226237,0.0798540412464689,0.040354448499305376,0.8780347093679989,25,30,20
3,4451,0.0014649886045684265,0.07988186339856855,0.03994791906251856,0.8787052289343444,25,30,20
3,4452,0.0023914087205836516,0.0798598712784796,0.039962737706601886,0.8777859822943351,25,30,20
3,4453,0.002456587669735938,0.07988702279098325,0.04017722552822807,0.877479164011053,25,30,20
3,4454,0.0015165666196634408,0.07990852733273944,0.04015883441382537,0.8784160716337712,25,30,20
3,4455,0.002096342263445697,0.0792007856014226,0.040163953231013884,0.8785389189041173,25,30,20
3,4456,0.00906338990613929,0.07989882669661882,0.025872701312748034,0.8851650820844944,25,30,20
3,4457,0.0027460524534222933,0.07927175413958021,0.03996546078525235,0.8780167326217462,25,30,20
3,4458,0.00418014193072602,0.07749140922968253,0.04094493457517843,0.8773835142644131,25,30,20
3,4459,0.005884922528533484,0.07718316671444844,0.038828626696232445,0.8781032840607856,25,30,20
3,4460,0.0038242350274831005,0.07986977071991289,0.04000910876741548,0.8762968854851901,25,30,20
3,4461,0.010845838419012106,0.07862448182434666,0.03421363883820994,0.8763160409184327,25,30,20
3,4462,0.04026294709364376,0.07862448192427865,0.007963826515358652,0.8731487444667176,25,30,20
3,4463,0.038003209467135465,0.05956400931929354,0.02380176727387234,0.8786310139396984,25,30,20
3,4464,0.03790281700451289,0.06080234872493965,0.022471766296271994,0.8788230679742765,25,30,20
3,4465,0.04051329345424547,0.07989804706367426,0.0035012025285213744,0.8760874569535598,25,30,20
3,4466,0.039020374605423964,0.07991007278046608,0.0037933707902917326,0.8772761818238193,25,30,20
3,4467,0.03831065527245918,0.07989738601213098,0.0034131530132434414,0.8783788057021671,25,30,20
3,4468,0.038229991342095156,0.07990993597771784,0.003680503146498414,0.8781795695336894,25,30,20
3,4469,0.041157098846338364,0.07990990418623406,0.0003010383399258355,0.8786319586275013,25,30,20
3,4470,0.03757995972060785,0.07990071369906956,0.003942598471243656,0.8785767281090799,25,30,20
3,4471,0.037585897102668145,0.07987792271552768,0.0036933821622560153,0.8788427980195478,25,30,20
3,4472,0.03761917286468079,0.07987792271600035,0.003698410941923007,0.8788044934773955,25,30,20
3,4473,0.0423323295209179,0.07818140635154418,0.0017530654138776974,0.8777331987136603,25,30,20
3,4474,0.03933983364080143,0.07814947892432163,0.003781031354925091,0.8787296560799526,25,30,20
3,4475,0.03925802840819709,0.07988593143147925,0.0020327768884881884,0.8788232632718355,25,30,20
3,4476,0.0420883935959034,0.07986559059793408,1.4177717394121267e-05,0.878031838088769,25,30,20
3,4477,0.03944499793721414,0.07986576174838066,0.0028437129423647314,0.8778455273720407,25,30,20
3,4478,0.038756274652164545,0.07986209180765853,0.002835119663587296,0.8785465138765897,25,30,20
3,4479,0.03500342777028982,0.07990723032446506,0.006228840856771452,0.878860501048474,25,30,20
3,4480,0.035076040638320045,0.0793050818461996,0.0069088664055171976,0.878710011109962,25,30,20
3,4481,0.03522474184080308,0.07930508184794459,0.006812799070114537,0.8786573772411371,25,30,20
3,4482,0.04157720943589885,0.0793040844814944,0.0007925096709854727,0.8783261964116208,25,30,20
3,4483,0.04243212724618107,0.0792852600847933,0.0007596739920186716,0.8775229386770071,25,30,20
3,4484,0.041865118885242886,0.07990252121318207,2.430249501831803e-05,0.8782080574065574,25,30,20
3,4485,0.042593179227946074,0.0799025212015953,0.00011964967140641993,0.877384649899052,25,30,20
3,4486,0.04433853143671177,0.07988213045770251,0.00011873013028767088,0.8756606079752975,25,30,20
3,4487,0.04406708439437064,0.07988213043202487,0.00029081900245269267,0.875759966171152,25,30,20
3,4488,0.001896421531828506,0.07988560597514625,0.039434001219050094,0.878783971273977,25,30,20
3,4489,0.0017250115846927166,0.07989698155934905,0.039596255277826634,0.878781751578133,25,30,20
3,4490,0.0035082685994404263,0.07809636203844258,0.03960782117350077,0.8787875481886174,25,30,20
3,4491,0.0016951258984628794,0.07984960280962025,0.03962490997941501,0.8788303613125028,25,30,20
3,4492,0.0031895493575002935,0.07986221343273443,0.039206624718572114,0.8777416124911938,25,30,20
3,4493,0.01246151707011242,0.07988519487030839,0.026476593460354105,0.8811766945992251,25,30,20
3,4494,0.0013903544543473227,0.07991452949503712,0.040015610458006175,0.8786795055926097,25,30,20
3,4495,0.0023489607213551342,0.07988860237481978,0.03993158845717231,0.8778308484466524,25,30,20
3,4496,0.0032308754885838798,0.07988897528708155,0.03993043732875792,0.8769497118955779,25,30,20
3,4497,0.0013986219307875834,0.0798889752637443,0.03992370974071941,0.8787886930647488,25,30,20
3,4498,0.0013391526930760305,0.079885722472094,0.004688260801958566,0.9140868640328716,25,30,20
3,4499,0.0016808906966012144,0.07960815027636373,0.005079374142658616,0.913631584884377,25,30,20
3,4500,0.0038748081504601235,0.0772924352848312,0.004595154938904309,0.9142376016258048,25,30,20
3,4501,0.0021069724861512195,0.07927676362344277,0.000629965405116441,0.9179862984852906,25,30,20
3,4502,0.0013671669002257244,0.07988655921618101,0.00010350816135636624,0.9186427657222385,25,30,20
3,4503,0.0012877330883206083,0.07984209687582619,0.0004243841412670133,0.9184457858945854,25,30,20
3,4504,0.001315885978502527,0.07987877023648537,0.000390849799817116,0.9184144939851947,25,30,20
3,4505,0.0014214365968613601,0.07984729501940419,2.9285088376256523e-05,0.9187019832953581,25,30,20
3,4506,0.0014130365542507925,0.0798718192797607,3.122426404256116e-05,0.918683919901945,25,30,20
3,4507,0.001311461588302987,0.07985241359560222,5.374471004616604e-05,0.9187823801060491,25,30,20
3,4508,0.001426513426076772,0.0798583300234796,1.3554366064461391e-05,0.9187016021843788,25,30,20
3,4509,0.003996149080627897,0.07986416036377397,2.7201197193680617e-05,0.9161124893584038,25,30,20
3,4510,0.0024886023302274226,0.07981407717875129,4.099206373262291e-05,0.9176563284272885,25,30,20
3,4511,0.0025776942045197793,0.07960212496157001,8.599727393726205e-06,0.9178115811065165,25,30,20
3,4512,0.0015507740618510757,0.07990967446860102,4.741173459807585e-06,0.9185348102960889,25,30,20
3,4513,0.004565471715055345,0.07960904477335658,0.00028890221587925995,0.9155365812957086,25,30,20
3,4514,0.003759110918374529,0.07986398444004529,0.00016117361159961803,0.9162157310299811,25,30,20
3,4515,0.002176277044365687,0.057890347579728586,0.021998451219053358,0.9179349241568547,25,30,20
3,4516,0.001643628696227981,0.07988616944593231,5.885267016554068e-06,0.9184643165908247,25,30,20
3,4517,0.0013837567243258216,0.07989812453218094,2.3153525612520872e-06,0.9187158033909322,25,30,20
3,4518,0.002265482778901303,0.07990469449311796,4.015651340889347e-06,0.9178258070766401,25,30,20
3,4519,0.0012663784556453672,0.07990566586478055,5.230620259782655e-06,0.9188227250593145,25,30,20
3,4520,0.0013941174234991579,0.07814214162598145,0.0017241872628248995,0.9187395536876936,25,30,20
3,4521,0.0032113532338649154,0.0781421416510925,0.007965038246818016,0.9106814668682247,25,30,20
3,4522,0.004986845496932944,0.07641126283461025,0.044931204511886105,0.8736706871565703,25,30,20
3,4523,0.0043725693818901104,0.07641126306862403,0.043358395108937436,0.87585777244055,25,30,20
3,4524,0.01298743745114281,0.07814625911799401,0.031027595436674615,0.8778387079941887,25,30,20
3,4525,0.01194310668091413,0.07988564031359507,0.029312961745109462,0.8788582912603826,25,30,20
3,4526,0.0012828610266400517,0.0798814939496837,0.039963813145480725,0.8788718318781956,25,30,20
3,4527,0.0013865913522270407,0.07926116401937978,0.040555868190144506,0.8787963764382493,25,30,20
3,4528,0.0013509927741988698,0.07929606770611006,0.040573834109953424,0.8787791054097376,25,30,20
3,4529,0.004486738791743828,0.07930353180684016,0.04056016367512863,0.875649565726287,25,30,20
3,4530,0.003991900384852733,0.07929121534751406,0.040564104775774504,0.8761527794918584,25,30,20
3,4531,0.001585471708346638,0.07864863063577247,0.041181655952043386,0.8785842417038369,25,30,20
3,4532,0.0029058740029972207,0.07989463398437924,0.03896300580503007,0.8782364862075939,25,30,20
3,4533,0.0026553692588127576,0.0798946339765445,0.03933964647648703,0.8781103502881549,25,30,20
3,4534,0.004214398168777233,0.0798860919174584,0.03737435019123733,0.8785251597225274,25,30,20
3,4535,0.0031539898565540055,0.07990498295073667,0.0382857837956479,0.8786552433970617,25,30,20
3,4536,0.0050044542441423714,0.07989732703944667,0.038167705696255085,0.8769305130201572,25,30,20
3,4537,0.0031651233587214733,0.07989732701020161,0.038158061060372554,0.8787794885707053,25,30,20
3,4538,0.0016015742703400844,0.08080007440172012,0.04507394286702161,0.8725244084609187,25,30,20
3,4539,0.0014015412957059364,0.07975851478791862,0.04016656067093878,0.8786733832454376,25,30,20
3,4540,0.0013301852782210508,0.07990591236525357,0.044155175970075955,0.87460872638645,25,30,20
3,4541,0.0013881979775631132,0.07989779102752219,2.824293925012329e-06,0.9187111867009898,25,30,20
3,4542,0.001333228710611521,0.07990914383725188,0.0003780055401089573,0.9183796219120285,25,30,20
3,4543,0.004356287818624949,0.039954655295407766,0.037921082541002515,0.9177679743449665,25,30,20
3,4544,0.0020913216095090215,0.03995464882770869,0.04412476841182244,0.913829261150961,25,30,20
3,4545,0.0015184052132359046,0.03995464969124865,0.039861997147236275,0.9186649479482809,25,30,20
3,4546,0.004808762502309921,0.03994301378810837,0.03660838590914872,0.9186398378004341,25,30,20
3,4547,0.002610308945956719,0.03995415989418255,0.03936066985464163,0.9180748613052192,25,30,20
3,4548,0.04126697802121343,0.03995415986842778,0.00014279448352133036,0.9186360676268385,25,30,20
3,4549,0.04150485079645378,1.193193321802879e-10,0.035294335936790974,0.9232008131474357,25,30,20
3,4550,0.03941860247085216,3.4878695443330293e-10,0.03716657969794935,0.9234148174824115,25,30,20
3,4551,0.04124382316311983,3.5352156060218293e-07,0.04038083901491572,0.9183749843004039,25,30,20
3,4552,0.04122890233380898,3.535220545878598e-07,0.040508739653352555,0.9182620044907845,25,30,20
3,4553,0.04201455478325283,1.005225411202773e-05,0.04059725633950705,0.9173781366231276,25,30,20
3,4554,0.0014119768245133986,1.0407208529692278e-05,0.08026729135886276,0.9183103246080946,25,30,20
3,4555,0.0013849723683836087,7.092465785711751e-07,0.07980531494576971,0.9188090034392676,25,30,20
3,4556,0.0020708413638588948,2.6602647506888985e-10,0.07946238889494806,0.9184667694751664,25,30,20
3,4557,0.02237185804635531,1.6436737993041996e-07,0.05572188207430935,0.9219060955119551,25,30,20
3,4558,0.04118393973866851,3.756548532412171e-08,0.0367899370248846,0.9220260856709619,25,30,20
3,4559,0.01862290422945793,4.5956559667360183e-10,0.058729059635468595,0.9226480356755098,25,30,20
3,4560,0.04164628523825792,3.248705765032616e-07,0.03991588096201006,0.9184375089291572,25,30,20
3,4561,0.04219214512691677,4.453750828523614e-11,0.03938095124742598,0.9184269035811216,25,30,20
3,4562,0.042019387839092065,4.850288170928905e-11,0.03938605971595301,0.9185945523964532,25,30,20
3,4563,0.04177083886764257,4.1592062241969345e-11,0.03925421101527019,0.9189749500754943,25,30,20
3,4564,0.04206147388184867,5.206037106020656e-11,0.0743056721591339,0.8836328539069571,25,30,20
3,4565,0.0041486377862393125,2.0515852815358336e-05,0.11682675719697251,0.8790040891639744,25,30,20
3,4566,0.041563319368723074,3.1830410935642715e-10,0.07997371164891803,0.8784629686640548,25,30,20
3,4567,0.05565909869292089,9.235869823941567e-09,0.06608118540392391,0.8782597066672841,25,30,20
3,4568,0.07182417578564196,4.5972127499540094e-07,0.04991291985484778,0.8782624446382334,25,30,20
3,4569,0.0814275289356539,2.3718271629870246e-10,0.04001532241306229,0.8785571484140996,25,30,20
3,4570,0.0799844869709411,8.567680148746051e-09,0.04362134006499375,0.8763941643963845,25,30,20
3,4571,0.05055988159144559,1.033112912344616e-08,0.07169859392739954,0.8777415141500249,25,30,20
3,4572,0.06296270712306472,8.433099349007841e-05,0.05850691598861195,0.8784460458948334,25,30,20
3,4573,0.06392909835284277,8.433113662185424e-05,0.058252359622362554,0.8777342108881715,25,30,20
3,4574,0.07789569916440137,1.1057711954772107e-05,0.044309795982660626,0.877783447140983,25,30,20
3,4575,0.07434353512912206,7.203565819588911e-09,0.04782125574687428,0.8778352019204396,25,30,20
3,4576,0.04297830512413957,9.028566203418792e-07,0.07856863536984082,0.8784521566494001,25,30,20
3,4577,0.04182096235897435,4.2557265254838556e-10,0.07940270991229982,0.8787763273031538,25,30,20
3,4578,0.04174156101257376,5.1056706721832945e-09,0.07944412874691421,0.8788143051348402,25,30,20
3,4579,0.013353274055154447,2.3671938634948573e-07,0.10793693322516086,0.8787095560002988,25,30,20
3,4580,0.026712409151660843,2.5195794472775927e-07,0.09622960289564306,0.8770577359947509,25,30,20
3,4581,0.04346454592795107,5.785872867451297e-09,0.07944233578979568,0.8770931124963808,25,30,20
3,4582,0.033758870518698775,2.3811950499812983e-07,0.08926514481033332,0.8769757465514626,25,30,20
3,4583,0.03449617397993004,7.1622573742079455e-06,0.08857500257234321,0.8769216611903531,25,30,20
3,4584,0.03763662539505262,2.2321311195882722e-07,0.08348545327189807,0.8788776981199373,25,30,20
3,4585,0.03814622279852796,0.00037002355611026063,0.08292269374401619,0.8785610599013469,25,30,20
3,4586,0.03740275867356706,0.0003698006825962847,0.0834321880422171,0.8787952526016193,25,30,20
3,4587,0.005780496519226996,5.490098619564077e-06,0.11543744744463401,0.8787765659375216,25,30,20
3,4588,0.00440445033600557,5.600432862423299e-06,0.11698656323360968,0.8786033859975221,25,30,20
3,4589,0.022546755293799188,1.3241160460081474e-07,0.09875850361689328,0.8786946086777021,25,30,20
3,4590,0.07205511808622875,4.902121723110332e-09,0.04936247261027488,0.8785824044013748,25,30,20
3,4591,0.09150913151468497,8.787508088878161e-08,0.029661675588533574,0.8788291050217025,25,30,20
3,4592,0.09180463551474348,8.787609237295444e-08,0.029659985040055133,0.8785352915691093,25,30,20
3,4593,0.09174671716875579,8.787806495933636e-08,0.029660306252732603,0.8785928887004468,25,30,20
3,4594,0.09046118540888345,3.415026944235976e-08,0.030940935739807017,0.8785978447010407,25,30,20
3,4595,0.11689803237051496,1.6303516450421777e-08,0.004844122576875618,0.878257828749093,25,30,20
3,4596,0.09384227704351573,2.6798255883431063e-08,0.02760392080941118,0.8785537753488177,25,30,20
3,4597,0.1096903295121821,0.0006839504840937096,0.011070166697937572,0.878555553305787,25,30,20
3,4598,0.11811893895795897,1.7842356824383533e-07,0.003102693154604293,0.8787781894638681,25,30,20
3,4599,0.12089343363394767,7.797743817585409e-09,0.00037995376147641804,0.8787266048068328,25,30,20
3,4600,0.09913643199083186,1.7485681160334903e-05,0.023399856246284143,0.8774462260817247,25,30,20
3,4601,0.05860517668442562,1.752611534060683e-05,0.06277866782307344,0.8785986293771607,25,30,20
3,4602,0.07109469690887858,1.7535890860587218e-05,0.050233575744969026,0.878654191455293,25,30,20
3,4603,0.04368714183961703,1.3026775632558373e-06,0.07758494310993452,0.8787266123728863,25,30,20
3,4604,0.042904509014524014,1.7691695759870571e-09,0.07834202114315804,0.8787534680731497,25,30,20
3,4605,0.04241196327931175,6.875079326634808e-09,0.07876974094574801,0.8788182888998624,25,30,20
3,4606,0.03771911364193352,9.019182946319952e-07,0.08347930743936108,0.8788006770004118,25,30,20
3,4607,0.04242885930432009,0.0003657927248661288,0.07844849574297799,0.8787568522278362,25,30,20
3,4608,0.0416514030224408,9.164105918006208e-07,0.07984491874757003,0.8785027618193989,25,30,20
3,4609,0.02448940204730155,1.745267253678997e-08,0.09678599962929611,0.8787245808707281,25,30,20
3,4610,0.02410234685798937,9.207494733263975e-09,0.09722422732509672,0.8786734166094199,25,30,20
3,4611,0.02585299162277034,2.6399579737969176e-07,0.09733467195801376,0.8768120724234181,25,30,20
3,4612,0.04310885480130322,2.652406096459615e-07,0.08012822092505159,0.8767626590330373,25,30,20
3,4613,0.04255348140432594,5.208919904464964e-07,0.04014949581516976,0.9172965018885124,25,30,20
3,4614,0.010255049571149357,5.208278253970047e-07,0.07236903610139334,0.9173753934996328,25,30,20
3,4615,0.003972183116683655,1.847653426101185e-07,0.07941024650716935,0.9166173856108054,25,30,20
3,4616,0.002238074021676293,4.0288360922122075e-05,0.07986250291218218,0.9178591347052198,25,30,20
3,4617,0.0012897783125952417,4.0288361267840754e-05,0.07986471381631667,0.9188052195098209,25,30,20
3,4618,0.0019368696137164168,4.7399030167100275e-05,0.07972212133378545,0.9182936100223319,25,30,20
3,4619,0.001846379389986703,0.07987731884036663,0.0002720193051733505,0.9180042824644729,25,30,20
3,4620,0.0018778089618814281,0.07988603485986254,1.1583355258206585e-05,0.918224572822998,25,30,20
3,4621,0.005415188567450205,0.07988604540845104,5.43714219673584e-06,0.9146933288819015,25,30,20
3,4622,0.003272357359555693,0.07989766692642496,1.7001723215951433e-05,0.9168129739908024,25,30,20
3,4623,0.005192531119834691,0.07989766694540473,9.809542966684669e-05,0.9148117065050926,25,30,20
3,4624,0.0034969248056220563,0.0798899210290098,9.889866660034496e-05,0.9165142554987675,25,30,20
3,4625,0.0014752685725069393,0.07989723677802534,9.955404735830447e-05,0.9185279406021093,25,30,20
3,4626,0.001426920032661898,0.07945884101854701,0.0004483029925279002,0.9186659359562631,25,30,20
3,4627,0.0013311492937393102,0.07945884103235805,0.0009269977949248078,0.9182830118789777,25,30,20
3,4628,0.0016565955130330402,0.07983250005808613,6.102047452743036e-05,0.9184498839543536,25,30,20
3,4629,0.001847866603630669,0.07986597386803501,4.0342828176727264e-05,0.9182458167001575,25,30,20
3,4630,0.0015404723337914899,0.07985493151508202,3.836806435095846e-05,0.9185662280867747,25,30,20
3,4631,0.0013980881524557672,0.07928763293772699,0.0008944974522024425,0.9184197814576147,25,30,20
3,4632,0.0015629092353176286,0.07927690896663644,0.0007109777230853144,0.9184492040749608,25,30,20
3,4633,0.00252585917781578,0.0798863492508231,9.986417597941205e-05,0.9174879273953819,25,30,20
3,4634,0.002263572628325866,0.07986630361922717,4.2403449984691544e-05,0.9178277203024634,25,30,20
3,4635,0.0032921452188109544,0.0798765477209501,1.5235384485181183e-05,0.9168160716757532,25,30,20
3,4636,0.004188555360207806,0.07989728938906179,1.859516709640832e-05,0.915895560083635,25,30,20
3,4637,0.002674573545315536,0.07988242515950658,9.079316657803871e-06,0.9174339219785206,25,30,20
3,4638,0.002539631725129854,0.06445740937469686,0.015419350719037392,0.9175836081811363,25,30,20
3,4639,0.002011204807233705,0.06445740939153657,0.015692403295760615,0.917838982505469,25,30,20
3,4640,0.0019531308150348447,0.0644574093714365,0.015525756532471251,0.9180637032810562,25,30,20
3,4641,0.0022851413457088744,0.07898075160176055,0.00010276165184936432,0.91863134540068,25,30,20
3,4642,0.002320449149761993,0.07813173423739923,0.0017224693375749675,0.9178253472752652,25,30,20
3,4643,0.002562084453289012,0.07640737953928926,0.003437023254450058,0.9175935127529723,25,30,20
3,4644,0.0018693501242201648,0.07815046011358577,0.0017577714704733005,0.9182224182917215,25,30,20
3,4645,0.0018331851520490292,0.07987107174519992,4.8242882273718605e-05,0.9182475002204782,25,30,20
3,4646,0.0021383670452479737,0.07986300770881041,5.013359772203513e-05,0.91794849164822,25,30,20
3,4647,0.002284302979340841,0.07986253435026595,0.006237090427307639,0.9116160722430862,25,30,20
3,4648,0.0024504471427700993,0.07986263944970477,4.121754265708099e-05,0.9176456958648681,25,30,20
3,4649,0.004082764215006839,0.07989408207018513,1.0689636890364165e-05,0.9160124640779181,25,30,20
3,4650,0.0020836025606127957,0.07989408207188581,8.75756910958686e-06,0.9180135577983922,25,30,20
3,4651,0.024912713770103845,0.07989408208021766,1.6006914143913113e-05,0.8951771972355353,25,30,20
3,4652,0.04034287548831464,0.07986657452563845,0.013967962859843112,0.8658225871262039,25,30,20
3,4653,0.04043845328502171,0.07986644554689766,0.0009054826437427766,0.878789618524338,25,30,20
3,4654,0.04051963019054654,0.07986644555201201,0.00091577106281963,0.8786981531946216,25,30,20
3,4655,0.03925596192981186,0.07958736186177028,0.0033813160026113544,0.8777753602058069,25,30,20
3,4656,0.04018232771092374,0.07958740491045181,0.001423780066948944,0.8788064873116757,25,30,20
3,4657,0.04157965829489982,0.07958739833333447,0.0003037975176618255,0.8785291458541049,25,30,20
3,4658,0.04111747831460765,0.07989740106654426,0.00030220921582958056,0.8786829114030182,25,30,20
3,4659,0.036311687163765566,0.07990920350144563,0.014174686062448294,0.8696044232723404,25,30,20
3,4660,0.04223646479341221,0.07988580142627309,0.00831853512760244,0.869559198652713,25,30,20
3,4661,0.0033268358069486466,0.07986951647302366,0.0389631639566591,0.8778404837633702,25,30,20
3,4662,0.002399488982652122,0.06440423722992766,0.05444337804355234,0.8787528957438685,25,30,20
3,4663,0.0025373546927852713,0.06441226765520085,0.054450667473942775,0.8785997101780707,25,30,20
3,4664,0.0013267942274249203,0.06441226767191091,0.055418965449565,0.8788419726510992,25,30,20
3,4665,0.002647628974628766,0.07987777955028769,0.03860196481160302,0.8788726266634818,25,30,20
3,4666,0.003098019251386609,0.07987775201610109,0.038195229258881504,0.8788289994736322,25,30,20
3,4667,0.003136105884768643,0.07984952618988765,0.03859994759348942,0.8784144203318547,25,30,20
3,4668,0.004102105792555985,0.07989819147590622,0.03827707820685209,0.8777226245246864,25,30,20
3,4669,0.003652437447287755,0.07989819152682602,0.038183802981888684,0.8782655680439979,25,30,20
3,4670,0.0019441350898900304,0.07986522511152859,0.03994851269108941,0.878242127107493,25,30,20
3,4671,0.0017529675578588503,0.07983636896646462,0.04032235173540795,0.8780883117402696,25,30,20
3,4672,0.0028165761313997096,0.07988020759005333,0.04030190522977468,0.8770013110487721,25,30,20
3,4673,0.04120104906719353,0.0794924827974221,0.0025670701469208954,0.8767393979884632,25,30,20
3,4674,0.04172199101973224,0.07947378115141003,0.002215171767009866,0.8765890560618473,25,30,20
3,4675,0.0013944357183332218,0.07988172220303712,0.040325968398552306,0.8783978736800784,25,30,20
3,4676,0.0032040289288020455,0.07988172218766848,0.039935957952474045,0.876978290931055,25,30,20
3,4677,0.0024588490393833273,0.0798839742021578,0.04461184685241167,0.8730453299060469,25,30,20
3,4678,0.002770222127921132,0.07986674443906967,0.05089187696329368,0.8664711564697154,25,30,20
3,4679,0.005550699317750226,0.07991040208558478,0.03998031305489365,0.8745585855417737,25,30,20
3,4680,0.003863763633979331,0.07989715239934572,0.03865156394371439,0.8775875200229638,25,30,20
3,4681,0.026353661600353743,0.07987590365804456,0.03828121524796582,0.8554892194936372,25,30,20
3,4682,0.024545287648235114,0.07992998580231228,0.0399253645635994,0.8555993619858551,25,30,20
3,4683,0.04156072775284735,0.07990637809916233,0.039940718859340744,0.83859217528865,25,30,20
3,4684,0.041298056573594005,0.07986957266102812,0.03994467620793271,0.838887694557446,25,30,20
3,4685,0.043045437339942885,0.07990206352964647,0.039953242521172376,0.8370992566092379,25,30,20
3,4686,0.032750481022982836,0.07991029065387627,0.04901566286923322,0.8383235654539081,25,30,20
3,4687,0.033363938919414,0.0798552774892529,0.048169502639802395,0.8386112809515304,25,30,20
3,4688,0.0809241790238036,0.07985498792389353,0.0004509295639434035,0.8387699034883588,25,30,20
3,4689,0.041063868309952845,0.07985607910543177,0.04025806418286153,0.8388219884017541,25,30,20
3,4690,0.058903037154846426,0.07987546464627351,0.023599331851124887,0.8376221663477555,25,30,20
3,4691,0.0588635404294256,0.07864876222282723,0.024822300815101898,0.8376653965326445,25,30,20
3,4692,0.042309499291962364,0.06445174385585306,0.05532119134520996,0.8379175655069757,25,30,20
3,4693,0.032806734001021944,0.06446289310102944,0.06376650097065564,0.8389638719272942,25,30,20
3,4694,0.044003715579713665,0.07942379370510336,0.04319081290977596,0.8333816778054067,25,30,20
3,4695,0.04215966239988697,0.07990912320780305,0.004591739580837717,0.873339474811472,25,30,20
3,4696,0.044343995805809354,0.07983198737945679,0.005034684017775367,0.870789332796958,25,30,20
3,4697,0.04137478184792639,0.07861278039954336,0.0016461167954667025,0.8783663209570634,25,30,20
3,4698,0.04089834561951915,0.07864135585332602,0.0017808536876293083,0.8786794448395245,25,30,20
3,4699,0.03928139006172331,0.07864090497724159,0.008200525699215354,0.8738771792618196,25,30,20
3,4700,0.04212839763718789,0.07989764424342857,0.004696957762731843,0.8732770003566519,25,30,20
3,4701,0.040658704010485804,0.07986649349148425,0.0006406515497448381,0.8788341509482847,25,30,20
3,4702,0.042626912236222045,0.07940290841540826,0.001055535874253042,0.8769146434741174,25,30,20
3,4703,0.04189610660489453,0.07940121519365634,0.001312847325420963,0.8773898308760288,25,30,20
3,4704,0.018264165976387612,0.07986364497312186,0.02333150328297427,0.8785406857675174,25,30,20
3,4705,0.007046455375426947,0.07986626103152755,0.03462378861184615,0.8784634949812009,25,30,20
3,4706,0.006133848799317269,0.079889147367075,0.03459392103591074,0.8793830827976974,25,30,20
3,4707,0.006743435659723562,0.07986561723880832,0.03459632754040552,0.8787946195610624,25,30,20
3,4708,0.03214034159397322,0.07989791620824353,0.011496594352700628,0.8764651478450817,25,30,20
3,4709,0.004175109837100287,0.07988578473624451,0.03899839841142918,0.8769407070152265,25,30,20
3,4710,0.03244211384621944,0.07988636267570155,0.010024114191015898,0.877647409287063,25,30,20
3,4711,0.0416054791303376,0.07989786665893667,0.0005017639144399067,0.8779948902962872,25,30,20
3,4712,0.008719487548992473,0.0798978679260962,0.03473737089210717,0.8766452736328051,25,30,20
3,4713,0.0014780074763844592,0.0799019003029048,0.04021605501283209,0.8784040372078783,25,30,20
3,4714,0.0023427710218120092,0.07987031466876453,0.03985473104810082,0.8779321832613237,25,30,20
3,4715,0.0036110777091522906,0.0798705309641881,0.04450719378474436,0.8720111975419149,25,30,20
3,4716,0.002330456929906376,0.07864981701660452,0.04136607147224011,0.8776536545812494,25,30,20
3,4717,0.0025841443895410375,0.07863872499847617,0.041208617996979696,0.8775685126150035,25,30,20
3,4718,0.001964011523978192,0.07985944272990113,0.039518739580241935,0.878657806165879,25,30,20
3,4719,0.0018652687480458082,0.0798824406756295,0.039496575751475686,0.8787557148248497,25,30,20
3,4720,0.0019114642372895993,0.07988540315329923,0.03950411689653548,0.8786990157128766,25,30,20
3,4721,0.003102876275155728,0.07988540350486667,0.03833524261121323,0.8786764776087655,25,30,20
3,4722,0.04120526077022909,0.07986961115116509,0.00012645558795762032,0.8787986724906489,25,30,20
3,4723,0.04129569988589851,0.07983903547551922,0.0006748136924097142,0.8781904509461725,25,30,20
3,4724,0.03943216895958773,0.07990919471397824,0.0020085990921238275,0.8786500372343101,25,30,20
3,4725,0.024889159167064707,0.07988227551741761,0.021650576831253803,0.8735779884842646,25,30,20
3,4726,0.030253093274994907,0.07988128439980295,0.01630043355398243,0.8735651887712195,25,30,20
3,4727,0.03056840872762995,0.0798748801551784,0.011691067593877755,0.8778656435233136,25,30,20
3,4728,0.040801917820230856,0.07987487998935952,0.0005300514925371011,0.8787931506978728,25,30,20
3,4729,0.040846892428300426,0.07987853917537667,0.0006235650005012683,0.8786510033958231,25,30,20
3,4730,0.04142076875715629,0.07867249736655141,0.0013413104767437422,0.8785654233995487,25,30,20
3,4731,0.0024181868530641208,0.0798981675635571,0.039058669753254574,0.8786249758301252,25,30,20
3,4732,0.0038163626023381063,0.07986631122629326,0.03915723833997884,0.8771600878313905,25,30,20
3,4733,0.0402886670824391,0.07990963847545224,0.002613839448927731,0.877187854993181,25,30,20
3,4734,0.04309820001544677,0.07946203495257448,0.0004774341772964263,0.8769623308546837,25,30,20
3,4735,0.04214706150049453,0.07986640424754865,0.00031097387871748363,0.8776755603732406,25,30,20
3,4736,0.04267546302633814,0.07986640009774769,0.0006416464818083113,0.8768164903941057,25,30,20
3,4737,0.040777456510835475,0.07986640008083631,0.0008951671849652868,0.8784609762233632,25,30,20
3,4738,0.041490637605819634,0.07985002866236553,0.00017848537893714299,0.8784808483528782,25,30,20
3,4739,0.04119551655450174,0.0798975590619951,0.00014402079615688122,0.8787629035873468,25,30,20
3,4740,0.0034142096176965598,0.07989755907334613,0.04013930584318075,0.8765489254657786,25,30,20
3,4741,0.0024702904862443443,0.07987758666577281,0.04069472203484447,0.8769574008131396,25,30,20
3,4742,0.0025327099675069202,0.07903754614375746,0.04109435011290227,0.8773353937758342,25,30,20
3,4743,0.0018114077435172921,0.07986975182400019,0.040224445758775144,0.8780943946737081,25,30,20
3,4744,0.004115632785866056,0.07988298806569523,0.03811224041591869,0.8778891387325207,25,30,20
3,4745,0.00317613011962162,0.07989789239787135,0.04044907008739191,0.8764769073951151,25,30,20
3,4746,0.0013323686129978125,0.07989717231528533,0.040449725098876475,0.8783207339728402,25,30,20
3,4747,0.0012709745381481628,0.0798756000136766,0.07991074896255525,0.8389426764856205,25,30,20
3,4748,0.0016056428350084873,0.07944535956673232,0.08036187232793472,0.8385871252703255,25,30,20
3,4749,0.0020225322875875524,0.07942114239188368,0.08036367628922245,0.8381926490313073,25,30,20
3,4750,0.0031091191503819543,0.07942089719239281,0.08037591293446553,0.8370940707227611,25,30,20
3,4751,0.0015423858968145869,0.07944078307074484,0.07749854932055703,0.8415182817118851,25,30,20
3,4752,0.001312411547785124,0.07949128612079051,0.040375976797846415,0.8788203255335784,25,30,20
3,4753,0.0016053428356971088,0.05413124222112378,0.06572508418965922,0.8785383307535214,25,30,20
3,4754,0.0021855937850053355,0.07990119153420873,0.039936915903573865,0.8779762987772122,25,30,20
3,4755,0.0014584701017434664,0.07990119152634445,0.03993829322861047,0.8787020451433005,25,30,20
3,4756,0.0023776844925236405,0.07928024526303246,0.04054521136298267,0.8777968588814612,25,30,20
3,4757,0.005256091926398487,0.08034277392863606,0.04959585658890292,0.8648052775560623,25,30,20
3,4758,0.0031095502680932663,0.079897243333425,0.05318555019391476,0.8638076562045681,25,30,20
3,4759,0.002466270044766505,0.07989823151496007,0.039943241803835974,0.8776922566364377,25,30,20
3,4760,0.0033012910762844462,0.07989517174374625,0.03915830691243744,0.8776452302675324,25,30,20
3,4761,0.0022735332569458148,0.07989480687239194,0.0398221608509658,0.8780094990196975,25,30,20
3,4762,0.0037071155583817965,0.07988666732134819,0.03929608021026455,0.877110136910006,25,30,20
3,4763,0.0023894672559765136,0.07988626592370238,0.03929183124515683,0.8784324355751643,25,30,20
3,4764,0.005137798570990801,0.07989434826884712,0.039283781787427884,0.8756840713727345,25,30,20
3,4765,0.004224179478208506,0.0798981478135964,0.040164491346935664,0.8757131813612595,25,30,20
3,4766,0.0024416202673565764,0.07989622408154927,0.0402229982657615,0.8774391573853321,25,30,20
3,4767,0.0019182132429031642,0.07984347146858982,0.04000740961868038,0.8782309056698265,25,30,20
3,4768,0.0014087271487386774,0.07989464633275707,0.0399524790043065,0.8787441475141995,25,30,20
3,4769,0.001411419100001549,0.07990571749593768,0.03993327073550148,0.8787495926685601,25,30,20
3,4770,0.0013688997127437308,0.07989500407924419,0.039960078975338924,0.8787760172326733,25,30,20
3,4771,0.0016048869642487438,0.07987245155725828,0.0398352637630509,0.8786873977154425,25,30,20
3,4772,0.0017695083040723783,0.07988145474702175,0.03991376065070029,0.8784352762982043,25,30,20
3,4773,0.001637628039253817,0.07990982006308799,0.03995450009743023,0.8784980518002277,25,30,20
3,4774,0.0014119251543132172,0.07991378785917681,0.03990485954625674,0.8787694274402523,25,30,20
3,4775,0.0022722067429166264,0.07897230746843395,0.03992977608791489,0.8788257097007347,25,30,20
3,4776,0.04305722412184463,0.0798981229350779,0.00012216113388507528,0.8769224918091924,25,30,20
3,4777,0.04227204003647824,0.07987499906266905,5.7549047155373784e-05,0.8777954118536975,25,30,20
3,4778,0.04075476573974139,0.06446196731279694,0.016253182956947488,0.8785300839905135,25,30,20
3,4779,0.040945890897439156,0.06446196732071635,0.016247547806739995,0.8783445939751043,25,30,20
3,4780,0.04151753185303465,0.06448965180006712,0.01573509576821145,0.8782577205786865,25,30,20
3,4781,0.004043704273246026,0.06447790009848262,0.054502527972353755,0.876975867655918,25,30,20
3,4782,0.00473328757106716,0.07989785684744781,0.03839639721560344,0.8769724583658807,25,30,20
3,4783,0.004758413678909465,0.07987747058150357,0.03839839175063593,0.8769657239889511,25,30,20
3,4784,0.001507260790048489,0.0798812634656512,0.04004840522088969,0.8785630705234101,25,30,20
3,4785,0.0014712294479250093,0.07986626931555744,0.0401149178719163,0.8785475833646025,25,30,20
3,4786,0.0031120165045309283,0.07986627349740599,0.03822035631816484,0.8788013536798992,25,30,20
3,4787,0.003605921084740711,0.07945415604434453,0.03862945828060576,0.8783104645903096,25,30,20
3,4788,0.0013635235490458855,0.07866036045213615,0.04118703394304033,0.8787890820557795,25,30,20
3,4789,0.0013553204886239984,0.07990741131583304,0.03993192119497388,0.878805347000569,25,30,20
3,4790,0.0023636692290293134,0.0789161917354819,0.04006161495582095,0.8786585240796672,25,30,20
3,4791,0.04103060433798282,0.07991009851925361,0.005064580474048211,0.8739947166687153,25,30,20
3,4792,0.04296740653784493,0.07988742788750702,0.0005188871530455299,0.876626278421603,25,30,20
3,4793,0.04230233885970369,0.07989867820600201,0.002101875969799879,0.8756971069644943,25,30,20
3,4794,0.044734443083825966,0.07989867821994856,0.00016893313633996866,0.8751979455598853,25,30,20
3,4795,0.04259697469611205,0.07919020094239047,0.00034564818795417473,0.8778671761735442,25,30,20
3,4796,0.04185389925347521,0.07989445337998907,0.00037972017062760585,0.8778719271959088,25,30,20
3,4797,0.040913899922803046,0.07988613808297934,0.00037153535595196407,0.8788284266382662,25,30,20
3,4798,0.041299571161151356,0.07986538176130539,1.105860354261437e-05,0.8788239884740022,25,30,20
3,4799,0.041566404157095505,0.05403931006242432,0.025887336863218393,0.8785069489172642,25,30,20
3,4800,0.04161934865277752,0.07983753039138854,0.00011193396414907166,0.8784311869916845,25,30,20
3,4801,0.041909195854741225,0.07983753040476498,3.368123730093027e-05,0.8782195925031928,25,30,20
3,4802,0.003587627447175325,0.05406743118646189,0.07143858847049629,0.8709063528958667,25,30,20
3,4803,0.003603342268594557,0.07978346580991078,0.04390287765714385,0.8727103142643519,25,30,20
3,4804,0.041823300122442175,0.07978337923973462,9.964782122849692e-05,0.8782936728165953,25,30,20
3,4805,0.041262995923686326,0.07985270936447915,0.00046324871079220497,0.8784210460010432,25,30,20
3,4806,0.04125447658252177,0.07988614378569833,0.00046313870443808196,0.8783962409273417,25,30,20
3,4807,0.04224704795582711,0.07988200379809718,0.00046609592230002756,0.8774048523237762,25,30,20
3,4808,0.037270129676140296,0.04033595354243883,0.04393545539328823,0.8784584613881334,25,30,20
3,4809,0.02119268774037477,0.03990334647520792,0.060473247616403665,0.8784307181680139,25,30,20
3,4810,0.004139068063011427,0.03995831452085957,0.07707844834733078,0.8788241690687987,25,30,20
3,4811,0.0025102250529100163,0.024552998068175128,0.09434965252719374,0.8785871243517217,25,30,20
3,4812,0.0032363089788777564,0.03993527329742728,0.0836039084149547,0.8732245093087404,25,30,20
3,4813,0.055291154314170594,0.03993533385503135,0.030672742995246333,0.8741007688355522,25,30,20
3,4814,0.04694294275110936,0.0399354325033995,0.04086784049792173,0.8722537842475694,25,30,20
3,4815,0.045366359656502625,0.03994315412870541,0.03622526123329083,0.8784652249815017,25,30,20
3,4816,0.047104795504079186,0.03992895013101347,0.03599189954956349,0.8769743548153426,25,30,20
3,4817,0.04563813583243308,0.03994724941775374,0.03597050226132479,0.8784441124884879,25,30,20
3,4818,0.043343903141801005,0.03995125419314136,0.04560741269760655,0.871097429967452,25,30,20
3,4819,0.04343802130045168,0.039951254215130454,0.03994612875129039,0.8766645957331286,25,30,20
3,4820,0.044259502605639114,0.03995125423804877,0.0388916057541924,0.8768976374021205,25,30,20
3,4821,0.046098164537328484,0.03994032325301672,0.03881856787372182,0.8751429443359342,25,30,20
3,4822,0.0282691293663419,0.03933416403274092,0.05532716096299465,0.8770695456379234,25,30,20
3,4823,0.06713540241302632,0.03995495132305332,0.016448680284236995,0.8764609659796839,25,30,20
3,4824,0.08379401531084753,0.03995123421999089,8.94651938888141e-05,0.876165285275273,25,30,20
3,4825,0.08204156275916813,0.03995123904059791,0.001988176903751285,0.8760190212964821,25,30,20
3,4826,0.07546695818109811,0.0399512363533411,0.006953040334140567,0.8776287651314193,25,30,20
3,4827,0.08345489786204117,0.03946042135315705,0.00023761378485328294,0.8768470669999472,25,30,20
3,4828,0.06846992046094919,0.03902511843848076,0.015701016492453944,0.8768039446081153,25,30,20
3,4829,0.06386187973133631,0.03779803588906051,0.020485716057380792,0.8778543683222232,25,30,20
3,4830,0.07088418175068806,0.039938025756067703,0.011003423075664785,0.8781743694175792,25,30,20
3,4831,0.08045446595968946,0.03995519319967518,0.0014240414853660289,0.8781662993552695,25,30,20
3,4832,0.08275809072015225,0.03995519325805025,6.528267265824649e-05,0.8772214333491384,25,30,20
3,4833,0.04160320549928079,0.039942390934919615,0.04065473556896979,0.8777996679968293,25,30,20
3,4834,0.04200609808607995,0.03994656401260325,0.04002055187885603,0.8780267860224616,25,30,20
3,4835,0.0422079324955375,0.03994651970688029,0.039789483146887926,0.8780560646506953,25,30,20
3,4836,0.039403138558574684,0.039927949791145105,0.041932288880667586,0.8787366227696125,25,30,20
3,4837,0.04343611815738041,0.03992704143426063,0.03779393569112359,0.878842904717234,25,30,20
3,4838,0.04358342740878724,0.03992704142141067,0.04244155274391789,0.8740479784258826,25,30,20
3,4839,0.044679562509371946,0.03992702570672055,0.04222024546183018,0.8731731663220762,25,30,20
3,4840,0.04351838263415589,0.039943206087191936,0.03925621110209859,0.877282200176553,25,30,20
3,4841,0.04781715997457745,0.03993769593374239,0.036646633276941155,0.8755985108147388,25,30,20
3,4842,0.03964387178555578,0.03992695318260389,0.04156398917603133,0.8788651858558099,25,30,20
3,4843,0.04691307024636897,0.042747222043257746,0.03147059983593183,0.8788691078744416,25,30,20
3,4844,0.04820789845344703,0.04274722231938898,0.031639129284263164,0.8774057499429001,25,30,20
3,4845,0.04768536113653186,0.0427472275386601,0.03188726296054245,0.8776801483642656,25,30,20
3,4846,0.06119953375811865,0.03992664799913696,0.021546592112774612,0.8773272261299705,25,30,20
3,4847,0.0590654154338247,0.04016157788504928,0.025032825395487807,0.8757401812856384,25,30,20
3,4848,0.04262438802063683,0.03994321997577092,0.0014770952720188097,0.915955296731573,25,30,20
3,4849,0.0020037119757530535,0.03994240989513232,0.039246186429902824,0.9188076916992121,25,30,20
3,4850,0.0013537592417812911,0.03992271058372488,0.03998545542957638,0.9187380747449175,25,30,20
3,4851,0.0013208657491717835,0.039954912775210225,0.040174692201170085,0.9185495292744483,25,30,20
3,4852,0.0014137869733501956,0.039943393220818794,0.03993926012158752,0.9187035596842448,25,30,20
3,4853,0.0014136597231757578,0.03995509624121067,0.039945973393758806,0.9186852706418549,25,30,20
3,4854,0.0020992198083246887,0.039955096246749686,0.060282472918231134,0.8976632110266951,25,30,20
3,4855,0.0034836266435857603,0.03994320939923921,0.0466882461152426,0.9098849178419336,25,30,20
3,4856,0.040422454326518385,0.03994315232633771,0.009142950366894312,0.9104914429802493,25,30,20
3,4857,0.04135720463515244,0.03992686354112806,0.0002813621060106047,0.9184345697177079,25,30,20
3,4858,0.04302108717995475,0.0399326571925147,3.228459365883514e-05,0.9170139710338716,25,30,20
3,4859,0.043576849987416406,0.039932657218403375,0.00035001432149531594,0.9161404784726841,25,30,20
3,4860,0.04106328933486085,0.0399547138323866,0.0002371983074836187,0.9187447985252689,25,30,20
3,4861,0.04051762459007529,0.039955078723562014,0.015752655360350854,0.903774641326012,25,30,20
3,4862,0.03362838766138281,0.039345716650267475,0.009700334006544447,0.9173255616818051,25,30,20
3,4863,0.04348526860038073,0.03934571619417372,0.001703970851338028,0.9154650443541069,25,30,20
3,4864,0.04397193444490812,0.039345723621073955,0.0012707331189868688,0.9154116088150304,25,30,20
3,4865,0.0436817821410422,0.02155689688693109,0.01844530442440657,0.9163160165476196,25,30,20
3,4866,0.041906899124466074,0.0399549746209457,0.0005469618787214062,0.9175911643758663,25,30,20
3,4867,0.04093359739410436,0.0399472084649771,0.014635118478743296,0.9044840756621754,25,30,20
3,4868,0.04129024904494625,0.03995506087319449,0.00013681005874921885,0.9186178800231097,25,30,20
3,4869,0.04130689616772039,0.03994270532722085,5.848015826701927e-05,0.9186919183467914,25,30,20
3,4870,0.042376058644078,0.03823789973636862,0.0018675677011215615,0.9175184739184327,25,30,20
3,4871,0.006786334527666186,0.038237900062298526,0.03794933398489108,0.9170264314251452,25,30,20
3,4872,0.002933877515605278,0.03992754765008884,0.039444978543601864,0.9176935962907047,25,30,20
3,4873,0.004750781908476992,0.03994412229097433,0.039430389015031375,0.915874706785517,25,30,20
3,4874,0.005271198140559918,0.03966584637817325,0.03830544920434867,0.9167575062769197,25,30,20
3,4875,0.005696275149055206,0.03966003876319426,0.03925226399444333,0.915391422093308,25,30,20
3,4876,0.004433039409747383,0.039946073067320106,0.03916223789533289,0.9164586496276006,25,30,20
3,4877,0.008182125352868849,0.03994312792362194,0.036138943905953666,0.9157358028175555,25,30,20
3,4878,0.006622571168273592,0.03992277703485497,0.03617495653407777,0.9172796952627935,25,30,20
3,4879,0.006099150123613773,0.03992277700568478,0.03615542318504991,0.9178226496856513,25,30,20
3,4880,0.0013259845988250424,0.03995431135113071,0.040093075138643054,0.9186266289114026,25,30,20
3,4881,0.001685850441129867,0.0399273066088349,0.04008727191110663,0.9182995710389288,25,30,20
3,4882,0.0016006644889956217,0.04070542909119166,0.03931135531558758,0.9183825511042254,25,30,20
3,4883,0.0016377555098910637,0.03996869284571942,0.04005007477520546,0.918343476869184,25,30,20
3,4884,0.002307049982513735,0.039955261057412914,0.04008362268461282,0.9176540662754623,25,30,20
3,4885,0.005807314641982844,0.03871757725144477,0.03777189704521028,0.9177032110613642,25,30,20
3,4886,0.007821357740825246,0.038717577254829945,0.03777430546288543,0.9156867595414596,25,30,20
3,4887,0.00704430364103884,0.038717577245886405,0.03786386127215614,0.9163742578409182,25,30,20
3,4888,0.003156573688324891,0.03871757741790778,0.041073266017074624,0.9170525828766927,25,30,20
3,4889,0.0042602672158676275,0.014144804041540322,0.06307328561800704,0.9185216431245842,25,30,20
3,4890,0.0022922629879907506,0.014144845176946858,0.026492721401036503,0.9570701704340253,25,30,20
3,4891,0.0023235421014510312,0.03995380589730136,0.0004712302511868946,0.9572514217500607,25,30,20
3,4892,0.0019664903073750317,0.03995376310950607,0.00013371479625719852,0.957946031786862,25,30,20
3,4893,0.003467661571950314,0.03992731387451391,1.961983078559256e-05,0.9565854047227503,25,30,20
3,4894,0.003936889093460373,0.03995512197076976,1.5569992785277936e-05,0.9560924189429842,25,30,20
3,4895,0.003083180247894311,0.03995512199108431,0.006258594170058695,0.9507031035909627,25,30,20
3,4896,0.002852748348681462,0.039920841126512625,3.791828202082187e-05,0.9571884922427847,25,30,20
3,4897,0.0013530114211602459,0.03992084111097117,0.004679437244895627,0.9540467102229739,25,30,20
3,4898,0.0014482296606175289,0.03994321776169872,0.004783960954306472,0.9538245916233765,25,30,20
3,4899,0.0015512441452919005,0.03994321776395639,0.00013397971926553453,0.9583715583714865,25,30,20
3,4900,0.002273573340315053,0.03994321777994908,4.61724294849415e-06,0.9577785916367868,25,30,20
3,4901,0.0013055770163427193,0.03994321776148293,2.0274773538303777e-06,0.9587491777448206,25,30,20
3,4902,0.0012871072804596217,0.011219491124059917,0.028709965589394114,0.9587834360060858,25,30,20
3,4903,0.0013587891348001253,0.01121949112250558,0.02870992492974514,0.9587117948129498,25,30,20
3,4904,0.002331028692149023,0.011219491131350146,0.02871041650178898,0.9577390636747115,25,30,20
3,4905,0.0018183564077471203,0.03994320765010102,2.96181778929523e-06,0.9582354741243622,25,30,20
3,4906,0.00198541133504559,0.039809733862853136,0.01104483458528649,0.947160020216814,25,30,20
3,4907,0.0029219363429101777,0.03994281481120382,0.00013717026179053986,0.9569980785840946,25,30,20
3,4908,0.0015700097896878934,0.039942814802108165,0.0001363503053601726,0.9583508251028426,25,30,20
3,4909,0.0017947375639362534,0.03992702422948731,9.898819428971733e-05,0.9581792500122868,25,30,20
3,4910,0.0018712535029572041,0.039939808412460115,2.206461654119758e-05,0.9581668734680413,25,30,20
3,4911,0.001336544858669221,0.03993980840990671,1.7409218492948247e-05,0.9587062375129308,25,30,20
3,4912,0.0013514691130677979,0.039939808409890636,0.00039599152678795614,0.9583127309502533,25,30,20
3,4913,0.003133168068723079,0.039943223663770185,0.00047414082129798254,0.956449467446209,25,30,20
3,4914,0.003078915161001854,0.03992076278591695,3.4162135044722064e-05,0.9569661599180361,25,30,20
3,4915,0.001344138258055741,0.039951241813194184,2.4496615640511455e-06,0.9587021702671863,25,30,20
3,4916,0.002984045252507977,0.0399431950789642,0.0001354298191833773,0.9569373298493439,25,30,20
3,4917,0.0021095181163701053,0.0399431950976911,6.412215812335678e-06,0.9579408745701266,25,30,20
3,4918,0.003121728398746627,0.03994294115080736,0.00010453780310755982,0.9568307926473376,25,30,20
3,4919,0.004771136490746061,0.039942941129243424,0.0003621347526374138,0.9549237876273732,25,30,20
3,4920,0.004841701245892391,0.03994320937077017,0.0002615576086765431,0.9549535317746607,25,30,20
3,4921,0.004793758176436412,0.0399432093699538,0.00026012205316885474,0.9550029104004412,25,30,20
3,4922,0.0031026845831553978,0.039950717513277854,2.2989956946471205e-05,0.9569236079466209,25,30,20
3,4923,0.0013666024960007224,0.039927009974764,1.5662910016349833e-05,0.9586907246192204,25,30,20
3,4924,0.001867728915687086,0.03995498828251602,9.828469360394924e-06,0.9581674543324374,25,30,20
3,4925,0.00409539940575853,0.03994320571739498,1.2332531101095724e-05,0.9559490623457456,25,30,20
3,4926,0.005772388941821999,0.039025506236644025,1.636991153636992e-05,0.9551857349099983,25,30,20
3,4927,0.0024380543187524366,0.03902550599696983,7.395961169778475e-06,0.9585290437231084,25,30,20
3,4928,0.001435762646138959,0.039926735822833334,0.006375848494310728,0.9522616530367174,25,30,20
3,4929,0.003386028633374622,0.03870624531860079,0.007612122535140834,0.9502956035128847,25,30,20
3,4930,0.0018945789917839343,0.03870624531834754,0.007745566331225551,0.9516536093586437,25,30,20
3,4931,0.005003260292158801,0.03870624532805328,0.0012463796450465593,0.9550441147347419,25,30,20
3,4932,0.004053424833743392,0.03995492218983493,1.1065635675127467e-05,0.9559805873407466,25,30,20
3,4933,0.003859061963742444,0.039943212986264555,0.0062273957738600205,0.949970329276132,25,30,20
3,4934,0.0014762856191585904,0.039954397242940275,0.006473812426029679,0.9520955047118709,25,30,20
3,4935,0.004000938985524165,0.03995439725193001,0.000384108107314906,0.9556605556552306,25,30,20
3,4936,0.001324704220927781,0.03990494084824159,3.528594479971788e-05,0.958735068986032,25,30,20
3,4937,0.001283628228926052,0.03990494084936768,3.140621102286485e-05,0.9587800247106848,25,30,20
3,4938,0.0014356657847696664,0.03995069133625369,1.1089931858183775e-05,0.958602552947119,25,30,20
3,4939,0.0013718303598731394,0.03994322069102359,9.691438272019045e-05,0.9585880345663833,25,30,20
3,4940,0.0014293767032818037,0.03994322068109628,0.0001957851104250516,0.958431617505197,25,30,20
3,4941,0.0016465562880380062,0.03993242864374455,0.00010831866022874352,0.9583126964079891,25,30,20
3,4942,0.001575466106120861,0.039954969272438204,0.00010202997906444068,0.958367534642377,25,30,20
3,4943,0.0057825377710266955,0.03994269385525537,2.0127377067851947e-05,0.9542546409966499,25,30,20
3,4944,0.002906420837137773,0.03994269386083257,1.3152924549292723e-05,0.9571377323774806,25,30,20
3,4945,0.002256019765384003,0.039954708478026825,9.79370027577705e-06,0.9577794780563138,25,30,20
3,4946,0.0023383265362253453,0.0399432126455661,1.1843988371891463e-05,0.9577066168298373,25,30,20
3,4947,0.001940633698578615,0.0399432126364517,3.516087402019253e-06,0.9581126375775685,25,30,20
3,4948,0.0013261231085345924,0.014684978173005871,0.025274786172848597,0.9587141125456129,25,30,20
3,4949,0.011451996522039033,0.039927017927181535,2.4981144315417157e-05,0.9485960044064643,25,30,20
3,4950,0.011683442256002796,0.039951253757786215,2.9876976211815713e-05,0.9483354270099992,25,30,20
3,4951,0.01169028781711109,0.03995125375726513,3.394993379207428e-05,0.9483245084918309,25,30,20
3,4952,0.004005244009953903,0.0399270258014022,0.00012094341223588682,0.9559467867764075,25,30,20
3,4953,0.0040147309747683105,0.03994270711028416,0.00011071316659535154,0.9559318487483511,25,30,20
3,4954,0.0044709711761158595,0.03993265598290045,0.0006776066039568697,0.9549187662370257,25,30,20
3,4955,0.0016039835953477175,0.0399326559638761,0.0005844444291646477,0.9578789160116117,25,30,20
3,4956,0.0015887194748781747,0.039881069546751594,0.0003945227110291266,0.9581356882673417,25,30,20
3,4957,0.0012968902390056462,0.03995492203545812,0.020212152966114023,0.9385360347594233,25,30,20
3,4958,0.0012878700763403808,0.03995492203026166,6.757265025908069e-06,0.9587504506283725,25,30,20
3,4959,0.0022476655257426185,0.039954922040745855,1.2474644509400759e-05,0.957784937789003,25,30,20
3,4960,0.001347391372717937,0.03995492203059333,3.9269381706079145e-06,0.9586937596585191,25,30,20
3,4961,0.0013464345811949568,0.03995492203214459,9.400953456679425e-05,0.958604633852094,25,30,20
3,4962,0.002584539018665706,0.03995492204553694,3.3269210794627885e-06,0.9574572120147172,25,30,20
3,4963,0.002745219545840301,0.03995492205898797,1.0731502867899746e-05,0.9572891268923042,25,30,20
3,4964,0.001583864228823499,0.03995492203961112,5.211530703396449e-06,0.9584560022008627,25,30,20
3,4965,0.001635116933519824,0.03995492204084194,5.058477915179806e-06,0.9584049025477235,25,30,20
3,4966,0.0014075670763089632,0.03995490553733938,2.6722933924753345e-06,0.9586348550929594,25,30,20
3,4967,0.002364750577301676,0.03877953756316243,0.0012678984861157878,0.9575878133734197,25,30,20
3,4968,0.004089582061159068,0.03995518577246762,5.087291473454733e-06,0.9559501448749004,25,30,20
3,4969,0.002571248819319472,0.0399220615559699,0.01143975628587645,0.946066933338834,25,30,20
3,4970,0.0015529103630483327,0.03994299801841506,0.011338397550778943,0.9471656940677562,25,30,20
3,4971,0.0013116793753475422,0.039954909526149,0.0001837784050681419,0.9585496326934337,25,30,20
3,4972,0.003763076813400853,0.03995490954662656,0.0001851840283131859,0.956096829611658,25,30,20
3,4973,0.002125100170607138,0.03995490956182111,0.00019225767874803346,0.9577277325888238,25,30,20
3,4974,0.0013581241514677327,0.03994301516409909,0.000320420055901669,0.9583784406285312,25,30,20
3,4975,0.0013586846417539783,0.03994214145540922,1.193343811923939e-05,0.958687240464717,25,30,20
3,4976,0.0013855794864543823,0.039942141465409885,0.0002490650416853212,0.9584232140064498,25,30,20
3,4977,0.0013113106168028933,0.039942810340321704,0.006252152770378487,0.9524937262724964,25,30,20
3,4978,0.001367993840629908,0.03994281033408614,0.006258123152575994,0.952431072672708,25,30,20
3,4979,0.0017568906840473503,0.039942810347776955,0.006253927571355613,0.9520463713968214,25,30,20
3,4980,0.002379692820183106,0.03994281035476493,0.0062517498632022024,0.9514257469618498,25,30,20
3,4981,0.001709745067821552,0.03995125116204343,7.493476280097686e-06,0.9583315102938543,25,30,20
3,4982,0.0035904361282401865,0.03994299235421594,8.944217742938542e-06,0.9564576272998002,25,30,20
3,4983,0.0034077435210966506,0.03994299235357545,1.9307895273866536e-05,0.9566299562300532,25,30,20
3,4984,0.003419731778839924,0.03995498314970183,5.289695518916384e-06,0.9566199953759394,25,30,20
3,4985,0.001364538055149897,0.03995498314050745,2.3191875244385884e-06,0.9586781596168176,25,30,20
3,4986,0.0014210311675671907,0.03992346916755858,3.3904820055352914e-05,0.9586215948448188,25,30,20
3,4987,0.0031874823738520046,0.03994319827252559,1.4778236565951009e-05,0.9568545411170564,25,30,20
3,4988,0.0015310152632305842,0.03994239153340245,5.631765870733239e-06,0.9585209614374961,25,30,20
3,4989,0.00259933825341971,0.03868031428450716,0.0012522925669922983,0.9574680548950814,25,30,20
3,4990,0.0017705466574195771,0.039333978505363305,0.0007481882828862754,0.9581472865543303,25,30,20
3,4991,0.0023448733372946526,0.03933397849706874,0.0008780378579298112,0.9574431103077065,25,30,20
3,4992,0.0023816181956019537,0.03992674946089642,0.00013969003256301255,0.9575519423109378,25,30,20
3,4993,0.002796380711585587,0.03992326644928925,0.00017313854717289205,0.9571072142919508,25,30,20
3,4994,0.0023412999479768813,0.03992326643987381,0.00013960063177742216,0.9575958329803711,25,30,20
3,4995,0.0022946340036072944,0.03992326643914837,0.00013110345973873933,0.9576509960975053,25,30,20
3,4996,0.002354352313500184,0.03995499088954737,0.004662376624928716,0.9530282801720243,25,30,20
3,4997,0.0026277101883403877,0.039943135388038536,0.004662429844888606,0.9527667245787318,25,30,20
3,4998,0.0032421398753336803,0.03995057177869402,0.004658957583297463,0.9521483307626739,25,30,20
3,4999,0.002465289657155076,0.039896287864816624,0.00476316561353551,0.9528752568644931,25,30,20
3,5000,0.0016410242979842523,0.03989628787842496,0.00020591470873797504,0.9582567731148525,25,30,20
3,5001,0.001696695626087187,0.03995497380340042,0.004821816199034198,0.9535265143714777,25,30,20
3,5002,0.0014456872433420383,0.03995497378360026,0.0003722717405179304,0.9582270672325397,25,30,20
3,5003,0.0016340657388323613,0.039954973783065124,0.00028237992748332487,0.9581285805506201,25,30,20
3,5004,0.001501209327799656,0.039916454241002076,0.0007957773993786428,0.9577865590318195,25,30,20
3,5005,0.001371096769481999,0.03992700936153981,0.00027035690887462804,0.9584315369601051,25,30,20
3,5006,0.0013506253781156996,0.03992700936203203,0.00026848569794985655,0.958453879561903,25,30,20
3,5007,0.001388723170429405,0.03991134288871733,0.00026827932357366245,0.9584316546172792,25,30,20
3,5008,0.0026446134205769887,0.039943218576238414,0.0002695594856469335,0.9571426085175365,25,30,20
3,5009,0.001505639675186982,0.03995480384860201,0.00028378720729838785,0.9582557692689118,25,30,20
3,5010,0.0014393898001542182,0.039954803856652676,0.0002755256597654389,0.9583302806834272,25,30,20
3,5011,0.0013954431861504498,0.039932092867536316,3.0108430962331316e-05,0.9586423555153505,25,30,20
3,5012,0.0013001280980098461,0.039943211757916104,1.661084822615204e-05,0.9587400492958481,25,30,20
3,5013,0.001312258723379853,0.039955109600838055,1.2659096073148117e-05,0.9587199725797092,25,30,20
3,5014,0.0024273388778633795,0.03992676338122465,3.850118505582734e-06,0.9576420476224057,25,30,20
3,5015,0.0013796607593103843,0.039950072875137646,2.8838984114724e-06,0.9586673824671404,25,30,20
3,5016,0.0016021778023112463,0.03995498703034627,1.4086421572322353e-05,0.9584287487457693,25,30,20
3,5017,0.0027568876909667534,0.039954366833627915,9.392156848011854e-05,0.957194823906925,25,30,20
3,5018,0.0029028267249175486,0.03994244866233621,0.00019096731689056593,0.9569637572958558,25,30,20
3,5019,0.0018973648722429726,0.039942941625917334,1.2567051787911638e-05,0.9581471264500517,25,30,20
3,5020,0.0013872247290812512,0.03994294162378877,0.00037471160853534425,0.9582951220385945,25,30,20
3,5021,0.0015662170194954686,0.03991806875837601,5.7521357736171215e-06,0.9585099620863546,25,30,20
3,5022,0.0015483918208117127,0.039954709783705696,7.063038325319228e-06,0.9584898353571571,25,30,20
3,5023,0.001362304040886284,0.03994331309841339,1.8511447625585337e-05,0.9586758714130749,25,30,20
3,5024,0.001344101026645014,0.03994331309455981,1.7979028670268394e-05,0.9586946068501244,25,30,20
3,5025,0.003142440399180627,0.0399433130961105,1.6481530571489918e-05,0.9568977649741364,25,30,20
3,5026,0.042612352013155254,0.03994256033009782,0.000564293065592021,0.9168807945911555,25,30,20
3,5027,0.04331254712984774,0.03994256033276147,0.0014663801571802818,0.9152785123802107,25,30,20
3,5028,0.001648952899133254,0.039942549019113385,0.03984371320677045,0.918564784874986,25,30,20
3,5029,0.0018036085571827773,0.03994263926844485,0.03984584721932445,0.9184079049550471,25,30,20
3,5030,0.00176474550063241,0.03994263926054194,0.03984620844770048,0.9184464067911251,25,30,20
3,5031,0.0017204452799140792,0.03994263925996667,0.03985008131444184,0.918486834145677,25,30,20
3,5032,0.0017214005492906786,0.03994282976414461,0.044497227948001435,0.9138385417385632,25,30,20
3,5033,0.0018593299559170866,0.039850757747308334,0.039594403099989704,0.9186955091967849,25,30,20
3,5034,0.0017877616135076803,0.03993036762532584,0.039558422174515794,0.9187234485866508,25,30,20
3,5035,0.002897084932631655,0.03993036763427367,0.039822863237668676,0.9173496841954255,25,30,20
3,5036,0.0024296847225121774,0.03994321029081353,0.03886900543518668,0.9187580995514889,25,30,20
3,5037,0.0024623649757186707,0.039943210290930356,0.03896380314211535,0.9186306215912364,25,30,20
3,5038,0.0070696045009652165,0.039965421265814864,0.032818365192187005,0.9201466090410335,25,30,20
3,5039,0.002172411334746967,0.03995498241359275,0.04007492258363264,0.9177976836680277,25,30,20
3,5040,0.0029528644819914285,0.039926733724505274,0.03972905376131429,0.9173913480321886,25,30,20
3,5041,0.0032529284909376737,0.03993377842077868,0.03962045144192637,0.9171928416463566,25,30,20
3,5042,0.0032815335181746253,0.039860936087078795,0.039250657435404526,0.9176068729593418,25,30,20
3,5043,0.0033417007482810395,0.03986093608711717,0.039034121837546204,0.917763241327054,25,30,20
3,5044,0.0022677770803806742,0.03995413683662734,0.04527229238906314,0.9125057936939284,25,30,20
3,5045,0.0032446194174710024,0.039919150747387624,0.0390456760836453,0.9177905537514955,25,30,20
3,5046,0.003505959128309223,0.03994286189234224,0.03903651566826989,0.9175146633110781,25,30,20
3,5047,0.004655371608710457,0.0399546274920378,0.03903505816274128,0.9163549427365109,25,30,20
3,5048,0.014197580333447002,0.03995458756544095,0.02771636627130542,0.9181314658298073,25,30,20
3,5049,0.01489308032556882,0.039926516753861704,0.027707805964648998,0.9174725969559205,25,30,20
3,5050,0.015329098133005021,0.03995412731901981,0.032364606389038736,0.912352168158936,25,30,20
3,5051,0.015415751172859413,0.014156197451220763,0.05815722993730374,0.9122708214386178,25,30,20
3,5052,0.01382141617364466,0.014156197469110487,0.05350010161430819,0.9185222847429375,25,30,20
3,5053,0.0019115203613776657,0.014156198142002965,0.06626820111924266,0.9176640803773779,25,30,20
3,5054,0.0014813201370370696,0.039895895844145796,0.04062991208215241,0.917992871936665,25,30,20
3,5055,0.0019330353646008379,0.03994305997004354,0.0402036767227365,0.9179202279426201,25,30,20
3,5056,0.0037396995871076095,0.03994306001202623,0.03991175540005664,0.9164054850008095,25,30,20
3,5057,0.0070578385771535,0.03995478514841264,0.039913117285183486,0.9130742589892512,25,30,20
3,5058,0.035993200661088715,0.03994257849400446,0.03871242936220731,0.8853517914826999,25,30,20
3,5059,0.04347475019178149,0.039942596283441725,0.038808771770607084,0.8777738817541689,25,30,20
3,5060,0.04326104766763256,0.03995413390748542,0.038683302748156435,0.8781015156767265,25,30,20
3,5061,0.041169740472424346,0.039954132972298495,0.04006036943790089,0.8788157571173768,25,30,20
3,5062,0.041497896572286204,0.03995442204768669,0.04088968011410923,0.8776580012659174,25,30,20
3,5063,0.04246420183455576,0.039923009613775345,0.040923480227391645,0.8766893083242772,25,30,20
3,5064,0.040510957184879785,0.039943009163658734,0.04092400724688236,0.87862202640458,25,30,20
3,5065,0.042170348754713906,0.03994300916465882,0.040284821446665724,0.8776018206339627,25,30,20
3,5066,0.007468046336623677,0.03995125515962817,0.073949340653128,0.87863135785062,25,30,20
3,5067,0.03314918984015138,0.03992593874578315,0.04931051124423618,0.8776143601698297,25,30,20
3,5068,0.06385744697266434,0.03994225748797071,0.018648650702625957,0.877551644836739,25,30,20
3,5069,0.04910173606346341,0.03994225035835435,0.03235813761245191,0.8785978759657306,25,30,20
3,5070,0.08219198873323659,0.039926884226577,3.8353159184186574e-05,0.8778427738810024,25,30,20
3,5071,0.07084642090309927,0.0007785116097623414,0.050499839631702965,0.8778752278554356,25,30,20
3,5072,0.053259562399694475,1.3298872948366068e-05,0.07028002248314742,0.8764471162442089,25,30,20
3,5073,0.04332532023524581,1.6215269204166405e-05,0.07932918756101526,0.8773292769345339,25,30,20
3,5074,0.04235403182102265,1.8394477139936787e-07,0.07985447891980296,0.8777913053144024,25,30,20
3,5075,0.0429602145653297,3.491113032149459e-07,0.07827143689573299,0.8787679994276352,25,30,20
3,5076,0.0421115383211996,1.443485888387129e-05,0.08004303980220595,0.8778309870177111,25,30,20
3,5077,0.011737695873626674,1.602180226182476e-05,0.121542483415628,0.8667037989084853,25,30,20
3,5078,0.05704384084535508,1.2903235828427158e-07,0.10535380345684323,0.8376022266654438,25,30,20
3,5079,0.07695711029309203,0.0003802913674036626,0.08500797673703389,0.8376546216024705,25,30,20
3,5080,0.05936302704239096,0.0003802870777118191,0.10168877923509256,0.8385679066448064,25,30,20
3,5081,0.08412021494916043,0.0010582004980968227,0.0779159902981189,0.8369055942546246,25,30,20
3,5082,0.08352337339912924,0.001094296811504899,0.07883350144259751,0.8365488283467678,25,30,20
3,5083,0.07049268521305604,1.3371139055533215e-07,0.09095942062317708,0.838547760452376,25,30,20
3,5084,0.0450579782389811,2.721559223306536e-07,0.11612934987156626,0.8388123997335302,25,30,20
3,5085,0.04139825317764912,1.8286232999751074e-06,0.09182090093146228,0.8667790172675894,25,30,20
3,5086,0.04615594445116065,2.5576666753130263e-07,0.07915631336355772,0.8746874864186139,25,30,20
3,5087,0.04509722676157211,8.879454520076779e-09,0.07942676300671932,0.8754760013522549,25,30,20
3,5088,0.042113112221239896,8.825131996799159e-09,0.08005930680931682,0.8778275721443112,25,30,20
3,5089,0.04366810745425083,4.973279502275646e-07,0.07967466834327555,0.8766567268745223,25,30,20
3,5090,0.041203446442008414,4.973068359626243e-07,0.08652844939769301,0.8722676068534625,25,30,20
3,5091,0.04220684801273057,3.6100232243420487e-10,0.08614735666458026,0.8716457949616884,25,30,20
3,5092,0.04146783669085667,2.378301726920951e-10,0.046263366938329276,0.9122687961329848,25,30,20
3,5093,0.0035947745382918467,1.5721708490630077e-10,0.0779420351000534,0.9184631902044397,25,30,20
3,5094,0.02517546473905126,6.311353476246709e-06,0.057110760230272326,0.9177074636772012,25,30,20
3,5095,0.025539868897815534,6.311325970552864e-06,0.057100969594751125,0.917352850181463,25,30,20
3,5096,0.04218720618647026,1.2821588027372453e-10,0.03998411626340187,0.917828677421913,25,30,20
3,5097,0.044708936527979415,7.45884061101665e-06,0.04020951562805306,0.9150740890033562,25,30,20
3,5098,0.04470527951407423,7.458851015558949e-06,0.046365523988595586,0.9089217376463148,25,30,20
3,5099,0.04813408463583996,2.330638111286727e-10,0.014229323752237528,0.9376365913788581,25,30,20
3,5100,0.047844070468785,2.127945194195831e-10,0.03688281939116286,0.9152731099272566,25,30,20
3,5101,0.04281810260837305,7.535827954717915e-10,0.07368268762450877,0.883499209013535,25,30,20
3,5102,0.042783869974281456,2.9863222064712815e-10,0.07376530260803943,0.8834508271190472,25,30,20
3,5103,0.006315298228385735,1.5318303266243233e-08,0.11212690228333569,0.8815577841699761,25,30,20
3,5104,0.00719338694613151,1.5396503480284614e-08,0.1120789591288415,0.8807276385285223,25,30,20
3,5105,0.001636895006472879,0.00013220916770572937,0.11941081704334955,0.8788200787824708,25,30,20
3,5106,0.0017210451778973122,0.0001322091754209074,0.11938888708154405,0.8787578585651399,25,30,20
3,5107,0.001702099408152654,0.0001322091728543102,0.11952601144838539,0.8786396799706087,25,30,20
3,5108,0.004795985147374265,0.00013220918808819134,0.12433433041130129,0.8707374752532382,25,30,20
3,5109,0.004491362030742894,8.637860511526636e-10,0.08438405905764107,0.9111245780478319,25,30,20
3,5110,0.0017857376449946958,6.088449769384311e-11,0.08409186496808742,0.9141223973260328,25,30,20
3,5111,0.0016669762421249199,1.6812543102559692e-10,0.07969058313006398,0.9186424404596855,25,30,20
3,5112,0.0035401644661593027,4.700081523677447e-10,0.08266003391520473,0.9137998011486289,25,30,20
3,5113,0.0021073342898284054,3.551590414313628e-07,0.07968858503096204,0.9182037255201684,25,30,20
3,5114,0.007192497525407165,1.8846341369872673e-05,0.07556434530960952,0.9172243108236137,25,30,20
3,5115,0.0037682547499431323,4.136857172877192e-10,0.07360363327410438,0.922628111562267,25,30,20
3,5116,0.038160230864357825,1.1714978007926464e-10,0.043725703149391136,0.9181140658691015,25,30,20
3,5117,0.041499698374893985,9.405766237261942e-11,0.04054273500098615,0.9179575665300627,25,30,20
3,5118,0.042683285559958054,6.59091931630992e-10,0.040558754417155354,0.9167579593637951,25,30,20
3,5119,0.0441683331513134,6.745136789913911e-11,0.03878545016109285,0.9170462166201422,25,30,20
3,5120,0.04441633333746263,5.583496327969636e-09,0.03733359305790469,0.9182500680211357,25,30,20
3,5121,0.016489686957071096,1.6250425526448757e-06,0.06674412925209255,0.9167645587482841,25,30,20
3,5122,0.006914433704851081,6.063526674039342e-08,0.0759699705849338,0.9171155350749484,25,30,20
3,5123,0.005228301749239012,6.064398022706152e-08,0.07597423365086535,0.918797403955915,25,30,20
3,5124,0.0051856088289656075,6.064877867641194e-08,0.07597718578222475,0.91883714474003,25,30,20
3,5125,0.004354562076784561,5.582924040852838e-09,0.07720436098905954,0.9184410713512324,25,30,20
3,5126,0.0036069352692464263,7.05292809359743e-11,0.0779412232601603,0.918451841400064,25,30,20
3,5127,0.039140478023669996,1.0552084094477303e-08,0.04275065345696921,0.918108857967277,25,30,20
3,5128,0.04214725321861966,6.1641951215277294e-09,0.04056246805956023,0.9172902725576251,25,30,20
3,5129,0.038791368667025726,1.547419335108893e-08,0.04277403377421246,0.9184345820845675,25,30,20
3,5130,0.04479218927070182,0.0165398192324968,0.02004084770873416,0.9186271437880669,25,30,20
3,5131,0.040665427459467766,0.016539819476729806,0.02542172676567993,0.9173730262981218,25,30,20
3,5132,0.03769006507532013,0.03994698077047251,0.005399404712965898,0.9169635494412413,25,30,20
3,5133,0.042213303688786244,0.03910825670714056,0.005718109631291799,0.9129603299727816,25,30,20
3,5134,0.042278151024933354,0.039944124247129655,1.8780664598715108e-05,0.9177589440633388,25,30,20
3,5135,0.042264277367537156,0.03995469798042135,1.310781523453405e-05,0.9177679168368066,25,30,20
3,5136,0.0033057984034200526,0.039955200532598344,0.03896405702329341,0.9177749440406893,25,30,20
3,5137,0.0017293521266083535,0.03995520052402916,0.03963487703373878,0.9186805703156244,25,30,20
3,5138,0.0038506118951076185,0.03997553691136257,0.03779946418879895,0.9183743870047328,25,30,20
3,5139,0.007424745397319073,0.03997553693051927,0.03779194434913578,0.9148077733230271,25,30,20
3,5140,0.0034737945390586793,0.039040130011700015,0.03992713661146814,0.9175589388377727,25,30,20
3,5141,0.0012787141928203819,0.039955193546708276,0.03994576442110619,0.9188203278393651,25,30,20
3,5142,0.002757089503109162,0.03997493106626746,0.04614371964570955,0.9111242597849158,25,30,20
3,5143,0.003463760437604346,0.0399749310651252,0.03992874666551143,0.9166325618317596,25,30,20
3,5144,0.0035528168075139675,0.039950221351365604,0.0399475697986737,0.916549392042446,25,30,20
3,5145,0.0013831865191607723,0.03995417439619806,0.040064597775896785,0.9185980413087439,25,30,20
3,5146,0.0027094982091721764,0.039910775338830654,0.04464205575705542,0.9127376706949414,25,30,20
3,5147,0.004283657683570893,0.03991076265195233,0.037552709784706755,0.9182528698797714,25,30,20
3,5148,0.0013686220752077588,0.03993192927439576,0.0401960371101841,0.9185034115402112,25,30,20
3,5149,0.0013947664926455877,0.03991076896693125,0.040287630742900954,0.9184068337975222,25,30,20
3,5150,0.0013535043049412098,0.03994234149931316,0.039932538258713096,0.9187716159370324,25,30,20
3,5151,0.0014693957368016985,0.039900237858876135,0.04633796232113421,0.9122924040831895,25,30,20
3,5152,0.001431010718869522,0.03994355992365842,0.052826173519261325,0.9057992558382102,25,30,20
3,5153,0.0027025389936011866,0.03994337921335057,0.045303110031743025,0.9120509717613057,25,30,20
3,5154,0.0029321956111241624,0.039468100205160915,0.0399157041541035,0.9176840000296118,25,30,20
3,5155,0.00441656194721397,0.03868939786998159,0.04115178488737245,0.9157422552954312,25,30,20
3,5156,0.00143586436595097,0.03994271064454062,0.03991026422348048,0.9187111607660274,25,30,20
3,5157,0.0012741565086451725,0.039950630904508844,0.03995741355252754,0.9188177990343206,25,30,20
3,5158,0.025366032186941907,0.0399506311349031,0.01587997610600858,0.9188033605721465,25,30,20
3,5159,0.04106317143662361,0.039943135933096244,0.0003295493972310834,0.9186641432330493,25,30,20
3,5160,0.041548440935785226,0.039943213542109834,0.00020453195545170052,0.9183038135666528,25,30,20
3,5161,0.041153839533611555,0.03994300621168917,0.008642563747518685,0.9102605905071799,25,30,20
3,5162,0.006132199552048334,0.03994264727929067,0.03628379002419162,0.9176413631444704,25,30,20
3,5163,0.0037997181680419446,0.039942647286760426,0.03999904825479575,0.9162585862904011,25,30,20
3,5164,0.0067410812435057975,0.039944013798479866,0.037342596078168644,0.9159723088798464,25,30,20
3,5165,0.004872024941722309,0.03994547770266232,0.04196555830146343,0.9132169390541524,25,30,20
3,5166,0.005820615552428548,0.039945477712999486,0.037346125405097554,0.9168877813294752,25,30,20
3,5167,0.0013723892684959355,0.03994411118628415,0.039964883259187116,0.9187186162860325,25,30,20
3,5168,0.0413655989775763,0.039947230236352535,0.04023668086466314,0.8784504899214085,25,30,20
3,5169,0.04213467834122155,0.03994723023144895,0.04010993445103768,0.8778081569762919,25,30,20
3,5170,0.04343511834570998,0.03995756684488768,0.03979943595525001,0.8768078788541535,25,30,20
3,5171,0.04304383184770939,0.039927281094614006,0.040139317329940416,0.8768895697277364,25,30,20
3,5172,0.041262090283708294,0.039312696138814635,0.040936224231714745,0.8784889893457632,25,30,20
3,5173,0.03587785777978287,0.039312702296818464,0.04600255798872535,0.8788068819346742,25,30,20
3,5174,0.036030305433848414,0.039954659645164176,0.04531581620890459,0.8786992187120828,25,30,20
3,5175,0.036201267280513226,0.014151155621836052,0.0708496315441315,0.8787979455535198,25,30,20
3,5176,0.03605924453721208,0.039943454723616004,0.04525501316152226,0.8787422875776498,25,30,20
3,5177,0.05098182069161907,0.04041968226599195,0.02991745561942734,0.8786810414229617,25,30,20
3,5178,0.06478016148601289,0.04042029673856076,0.016961970033779958,0.8778375717416469,25,30,20
3,5179,0.0653787021895603,0.011702691572825299,0.04524156658319793,0.8776770396544168,25,30,20
3,5180,0.06457429423594814,0.04042773293944607,0.016525962540305524,0.8784720102842998,25,30,20
3,5181,0.05155436683355277,0.04042773630750779,0.029429527403053893,0.8785883694558854,25,30,20
3,5182,0.06870385785127149,0.03995126685392484,0.012946829970478281,0.8783980453243254,25,30,20
3,5183,0.08439969845589967,0.03990436438757118,0.0005548935819583269,0.8751410435745709,25,30,20
3,5184,0.08271149550716095,0.039944125686836834,0.0009776147548106143,0.8763667640511915,25,30,20
3,5185,0.03333226171703385,0.039945526147776335,0.04833250457807399,0.8783897075571169,25,30,20
3,5186,0.05800641671987592,0.03994411018004615,0.023681489494951417,0.8783679836051261,25,30,20
3,5187,0.06994099803306499,0.0399441117047999,0.012883042934285924,0.8772318473278484,25,30,20
3,5188,0.046774521197418845,0.03823791712288931,0.0373363266010077,0.8776512350786841,25,30,20
3,5189,0.06758715087477327,0.03995457448939921,0.014709314611912015,0.8777489600239163,25,30,20
3,5190,0.06673931233334542,0.0399545744856393,0.014710176295190815,0.8785959368858252,25,30,20
3,5191,0.07000262417793879,0.0399430780949783,0.017738577523524635,0.8723157202035587,25,30,20
3,5192,0.06972788940595544,0.03994307808046384,0.017729644166147432,0.872599388347433,25,30,20
3,5193,0.07044206834458472,0.03994307811333139,0.018072123123322757,0.8715427304187611,25,30,20
3,5194,0.04696953320339915,0.039942701336665325,0.035186340972885775,0.8779014244870517,25,30,20
3,5195,0.04601046265199478,0.03994270132394638,0.035190940494081016,0.8788558955299794,25,30,20
3,5196,0.058183578505894326,0.039326061574790475,0.02385412446748187,0.8786362354518343,25,30,20
3,5197,0.06701126196664543,0.039954986377981366,0.01413542241312544,0.8788983292422489,25,30,20
3,5198,0.06742084139536568,0.03995468271939725,0.016558308423123728,0.8760661674621139,25,30,20
3,5199,0.061484420486396595,0.039920833365881765,0.020069694969359567,0.8785250511783615,25,30,20
3,5200,0.04207674915444061,0.03992082728849832,0.0397838872498044,0.878218536307257,25,30,20
3,5201,0.04053875084272414,0.03995140841982479,0.041047387555265394,0.8784624531821856,25,30,20
3,5202,0.03760196682990715,0.039942999499705235,0.0439248627421981,0.8785301709281883,25,30,20
3,5203,0.037463901514130274,0.039943000015341304,0.057765487793073236,0.8648276106774544,25,30,20
3,5204,0.054143134008139776,0.039954511834709557,0.07377069279568561,0.8321316613614651,25,30,20
3,5205,0.042584324711892635,0.03995451188343932,0.07868343316044013,0.8387777302442284,25,30,20
3,5206,0.002387356155345727,0.039954515888603354,0.11981449796910555,0.8378436299869453,25,30,20
3,5207,0.004308031039415571,0.07946185723009788,0.08043203523736693,0.8357980764931202,25,30,20
3,5208,0.001569383019068277,0.07945035064729758,0.08020892499737413,0.8387713413362607,25,30,20
3,5209,0.024383150111534798,0.07990679770160072,0.05705783995978929,0.8386522122270756,25,30,20
3,5210,0.0507857001735081,0.07989670658665322,0.0304618422454457,0.8388557509943945,25,30,20
3,5211,0.08093291293662461,0.07982148435779318,0.0007634858662901882,0.8384821168392924,25,30,20
3,5212,0.08075116658525067,0.07983505242559999,0.0005815637092631848,0.8388322172798857,25,30,20
3,5213,0.0756342116104324,0.0798708008281138,0.005634589392782551,0.8388603981686714,25,30,20
3,5214,0.07881712302091229,0.0798698884735768,0.0023914233680448135,0.8389215651374657,25,30,20
3,5215,0.0795275230559396,0.07987020503430474,0.0018697490569896124,0.8387325228527654,25,30,20
3,5216,0.07964223819891054,0.07987020503490343,0.0017478512290811,0.8387397055371042,25,30,20
3,5217,0.07960586292392548,0.07983868504820077,0.0017210241739175622,0.8388344278539551,25,30,20
3,5218,0.08062144288862756,0.07983864507203985,0.0006599317972340222,0.8388799802420982,25,30,20
3,5219,0.04256476893687509,0.07989822242288772,0.04075548115305073,0.8367815274871873,25,30,20
3,5220,0.041726594877918494,0.0798625134608785,0.0009450466025370381,0.8774658450586653,25,30,20
3,5221,0.006478126999809015,0.07986243622686075,0.03633955140008361,0.8773198853732472,25,30,20
3,5222,0.005264829721137291,0.07986982070276337,0.03607189829229246,0.878793451283807,25,30,20
3,5223,0.002394131872549271,0.07984717488520014,0.03751132061852214,0.8802473726237291,25,30,20
3,5224,0.0014256833234416399,0.07985962676608743,0.04010181217200006,0.878612877738471,25,30,20
3,5225,0.0031725445170477746,0.07990605450576978,0.0401706449155411,0.8767507560616417,25,30,20
3,5226,0.0013889278357756055,0.07990967673735544,2.706228958609541e-05,0.9186743331372834,25,30,20
3,5227,0.003394046146321056,0.0798979128959166,2.7837361156476603e-05,0.9166802035966052,25,30,20
3,5228,0.0019109205053399697,0.07990938865545993,0.004687017360852757,0.9134926734783462,25,30,20
3,5229,0.001926264093796417,0.07990955423415037,0.00468543603426976,0.9134787456377836,25,30,20
3,5230,0.0018603275737018913,0.0799093580118724,0.004696310392521346,0.9135340040219048,25,30,20
3,5231,0.0017343139008908432,0.07989719033899,0.00617033020272763,0.9121981655573912,25,30,20
3,5232,0.0036013859391621607,0.07986631468001536,9.011353071726584e-06,0.9165232880277506,25,30,20
3,5233,0.0016570145596995975,0.07986631466458191,0.035183882976827,0.8832927877988922,25,30,20
3,5234,0.002666251954418469,0.07989820530939978,0.039962473975521724,0.8774730687606608,25,30,20
3,5235,0.003291451116254326,0.07987592728369343,0.03921864417267366,0.8776139774273787,25,30,20
3,5236,0.0017655956355313526,0.07985368307157219,0.04598369956887383,0.8723970217240222,25,30,20
3,5237,0.004578321527991356,0.07985305302034884,0.03966126552090226,0.8759073599307576,25,30,20
3,5238,0.0033325545485152126,0.07988960947942149,0.03990630573224735,0.8768715302398161,25,30,20
3,5239,0.002369532309353654,0.08098403003676163,0.038844330189165034,0.8778021074647205,25,30,20
3,5240,0.00190209348517639,0.07988193252900032,0.03971863511356947,0.8784973388722551,25,30,20
3,5241,0.0027006602841064993,0.040345575249488966,0.07944441935085512,0.8775093451155491,25,30,20
3,5242,0.003870370822490397,0.039997978973919615,0.11490375249807792,0.8412278977055128,25,30,20
3,5243,0.005753214276728721,0.039927264692781426,0.11673301814530962,0.8375865028851811,25,30,20
3,5244,0.005317976174256928,0.039947342500582954,0.1185680701757324,0.8361666111494277,25,30,20
3,5245,0.014051236320585555,0.03996186704032438,0.11862253732847045,0.82736435931062,25,30,20
3,5246,0.012854887272992816,0.039968754073179166,0.11875291513740771,0.8284234435164203,25,30,20
3,5247,0.05170814696194377,0.07812634948487865,0.041709239014109854,0.8284562645390677,25,30,20
3,5248,0.05171298629735692,0.07990245367019325,0.04017144290388311,0.8282131171285666,25,30,20
3,5249,0.01576805119108798,0.0799015341545621,0.06710421137104977,0.8372262032833002,25,30,20
3,5250,0.014085921581841,0.07987761574159981,0.0671299590126356,0.8389065036639244,25,30,20
3,5251,0.014135344083225622,0.0798748133239311,0.0671423415838247,0.8388475010090201,25,30,20
3,5252,0.0033521023558903467,0.07987481945694024,0.07980144061579,0.8369716375713804,25,30,20
3,5253,0.0033562218980307556,0.08095880701973432,0.07867825674276623,0.8370067143394685,25,30,20
3,5254,0.002892932948213649,0.08063614012337088,0.07761814441452147,0.8388527825138945,25,30,20
3,5255,0.002464654870832154,0.07986693578464174,0.07949379495462444,0.8381746143899025,25,30,20
3,5256,0.04146855676633203,0.07987828087679599,0.04067515172576309,0.8379780106311117,25,30,20
3,5257,0.0022810626439643553,0.07986628071489853,0.07994785002557957,0.8379048066155589,25,30,20
3,5258,0.003879637485145296,0.07991002528198896,0.07827265988671125,0.8379376773461551,25,30,20
3,5259,0.005883577201633456,0.07989520411823862,0.07738735590811077,0.8368338627720184,25,30,20
3,5260,0.0045044676242384915,0.07986742969864075,0.07726247556768251,0.8383656271094373,25,30,20
3,5261,0.004629481702776751,0.07988415417251551,0.07650341705754203,0.8389829470671656,25,30,20
3,5262,0.006752208020832252,0.07987621127045581,0.07471252477490842,0.8386590559338046,25,30,20
3,5263,0.006302093121000412,0.07987580352480603,0.036005730271752745,0.8778163730824413,25,30,20
3,5264,0.002840683874723627,0.07985030605004488,0.03938468393950722,0.8779243261357244,25,30,20
3,5265,0.0026033114822808416,0.07892060061643887,0.04000070828037899,0.8784753796209017,25,30,20
3,5266,0.0015413850524967276,0.07947058200746382,0.040612208626753264,0.8783758243132859,25,30,20
3,5267,0.00262895521509938,0.07945461761084921,0.04453381972463094,0.8733826074494211,25,30,20
3,5268,0.0013827789039021331,0.07988620301807099,0.04022574609396007,0.8785052719840662,25,30,20
3,5269,0.01339957483820931,0.07987543606237174,0.027009876818946413,0.8797151122804727,25,30,20
3,5270,0.014341723418975055,0.0798529429454656,0.026724876011098676,0.8790804576244614,25,30,20
3,5271,0.02353578289045119,0.07983809278970819,0.02673734244761156,0.8698887818722285,25,30,20
3,5272,0.003236496134717665,0.07988587269511814,0.04004598382248457,0.8768316473476809,25,30,20
3,5273,0.0042071097869180495,0.07988566573070607,0.0002247841823977893,0.9156824402999783,25,30,20
3,5274,0.0013863914235733425,0.07988601720217847,0.00013226077613541596,0.9185953305981133,25,30,20
3,5275,0.005288597456742118,0.07895660029916167,7.454592746505291e-06,0.9157473476513489,25,30,20
3,5276,0.004319958899208184,0.07895660029711571,5.910146740566238e-06,0.9167175306569364,25,30,20
3,5277,0.004324037757782158,0.07896802926622613,0.0055158319410900805,0.9111921010349022,25,30,20
3,5278,0.0032230495620074497,0.0789680292664526,0.005507090512504403,0.9123018306590367,25,30,20
3,5279,0.0013739007451469443,0.07990955150497131,3.047196037479427e-06,0.9187135005538449,25,30,20
3,5280,0.0018050979267723668,0.07990941881659798,0.0062314650993541085,0.9120540181572764,25,30,20
3,5281,0.0013634123586028545,0.07990913651778445,1.0962097511857785e-05,0.918716489026102,25,30,20
3,5282,0.001407257901694151,0.07989705674875132,0.00019744269770224714,0.9184982426518526,25,30,20
3,5283,0.0012943026280579767,0.07989805724295772,0.03525877912137583,0.8835488610076097,25,30,20
3,5284,0.0019733929629346366,0.10466477950724289,0.015074470802712741,0.8782873567271102,25,30,20
3,5285,0.0020295885038441284,0.06549971466270149,0.054211795641763726,0.8782589011916921,25,30,20
3,5286,0.002826333677233882,0.06472171918798368,0.05503149829427564,0.8774204488405084,25,30,20
3,5287,0.0033036240302916154,0.0798862263148209,0.03801306783025431,0.8787970818246345,25,30,20
3,5288,0.004606401022288668,0.07989895956268278,0.038025895216594184,0.8774687441984353,25,30,20
3,5289,0.0017560878250586795,0.07988542287869248,0.04032353011160885,0.8780349591846408,25,30,20
3,5290,0.0016481632512761874,0.07989717836532265,0.054176705631226306,0.864277952752175,25,30,20
3,5291,0.003198356618638419,0.07989717837731768,0.04005421135338406,0.8768502536506602,25,30,20
3,5292,0.001689597246207449,0.0798693071743062,0.0399587261691719,0.8784823694103158,25,30,20
3,5293,0.0044043749549551375,0.0789384970047736,0.040086641497534485,0.876570486542737,25,30,20
3,5294,0.004037672903016693,0.07985858680040439,0.03997746688281359,0.8761262734137649,25,30,20
3,5295,0.0037520024142427074,0.05762195983587119,0.06167652544799454,0.8769495123018927,25,30,20
3,5296,0.003710058068994033,0.05764838288186427,0.06163854172146593,0.8770030173276758,25,30,20
3,5297,0.0018548764882608212,0.07989809088274774,0.039473952994068175,0.8787730796349237,25,30,20
3,5298,0.002326852608091914,0.07990470819820547,0.03993996475634919,0.8778284744373537,25,30,20
3,5299,0.004845624999516631,0.07989760126549977,0.03813514668823545,0.8771216270467491,25,30,20
3,5300,0.001301256568603623,0.07989767217938712,0.03997227948066703,0.8788287917713429,25,30,20
3,5301,0.0031019430491735995,0.06251067797888035,0.05747448222824177,0.8769128967437044,25,30,20
3,5302,0.003666634792166362,0.06448461545093516,0.055099530523806554,0.8767492192330925,25,30,20
3,5303,0.0020983721833873355,0.06092180447158553,0.05903181235790669,0.8779480109871206,25,30,20
3,5304,0.0016377799005041992,0.07961012946663042,0.03995346524895305,0.878798625383913,25,30,20
3,5305,0.00247491424675598,0.07961000770232157,0.04000021556924608,0.8779148624816778,25,30,20
3,5306,0.0028818686248279174,0.079888099586234,0.039993584475780206,0.8772364473131592,25,30,20
3,5307,0.0015574727321258038,0.07987599474858015,0.04011661874145298,0.8784499137778425,25,30,20
3,5308,0.001963635058863247,0.07987599389709368,0.039897503439157836,0.8782628676048858,25,30,20
3,5309,0.002685256163940889,0.07988627695760528,0.039263380238338356,0.878165086640116,25,30,20
3,5310,0.001657459752251913,0.07864023581273616,0.041233484936187885,0.8784688194988235,25,30,20
3,5311,0.003135118517023262,0.07992418888994862,0.03983753561671291,0.877103156976316,25,30,20
3,5312,0.004566458659530084,0.07783063309129667,0.03972147182226051,0.877881436426912,25,30,20
3,5313,0.0030911328693083383,0.07963342162415382,0.03993911530949218,0.8773363301970459,25,30,20
3,5314,0.002259986473850801,0.0793360853656401,0.03995025420960351,0.8784536739509063,25,30,20
3,5315,0.0016228659970350398,0.07989544820810589,0.03996170243159695,0.8785199833632622,25,30,20
3,5316,0.0019199591332681562,0.07986715685843206,0.03994183811249509,0.8782710458958053,25,30,20
3,5317,0.002579479523865373,0.07985187468414477,0.03995317238163072,0.877615473410359,25,30,20
3,5318,0.007335954779325234,0.07988964047255101,0.03986708785587035,0.872907316892253,25,30,20
3,5319,0.00538240597489157,0.078937615724126,0.0391678584218299,0.8765121198791535,25,30,20
3,5320,0.04152459391393244,0.07988701671740818,0.00018513806277918094,0.8784032513058804,25,30,20
3,5321,0.04293694616784562,0.0798870167271096,0.00018504773589564364,0.876990989369149,25,30,20
3,5322,0.04111353120511779,0.07987102388539438,0.0006595077035173188,0.8783559372059713,25,30,20
3,5323,0.04178604391793051,0.0798967302518096,0.0004962083025524366,0.877821017527708,25,30,20
3,5324,0.042054456647513394,0.07926467731933651,0.0005986469385582845,0.8780822190945915,25,30,20
3,5325,0.0039073215824922646,0.0792646770659975,0.04053676633903765,0.8762912350124726,25,30,20
3,5326,0.003294091658404709,0.07946487691664303,0.03937236223255755,0.8778686691923943,25,30,20
3,5327,0.03261980421333406,0.07989756236729473,0.008698871409645856,0.8787837620097243,25,30,20
3,5328,0.03432943555680538,0.07989760851075398,0.00869373228440288,0.8770792236480376,25,30,20
3,5329,0.03441407510445565,0.07989760850908466,0.008698487726008482,0.8769898286604517,25,30,20
3,5330,0.03800344044443642,0.0786765771902283,0.004528633640181852,0.8787913487251535,25,30,20
3,5331,0.043158458464499144,0.07867657699390959,0.0013163948193949493,0.8768485697221966,25,30,20
3,5332,0.03693369342639064,0.07989644698443628,0.006153765001204372,0.8770160945879693,25,30,20
3,5333,0.04237255696639175,0.07944918996651934,0.0004412132367771983,0.8777370398303119,25,30,20
3,5334,0.016197429388582173,0.0802961898541716,0.025185965881490094,0.8783204148757577,25,30,20
3,5335,0.01592323663929965,0.08033081096610721,0.025171021237401833,0.8785749311571913,25,30,20
3,5336,0.0018016578552498149,0.07989403547608952,0.07481917385962256,0.8434851328090385,25,30,20
3,5337,0.00277284415132921,0.07990618089989525,0.07983141888441794,0.8374895560643588,25,30,20
3,5338,0.06417372915393514,0.11855275733886718,0.0017781627216257817,0.8154953507855712,25,30,20
3,5339,0.06702100173506688,0.11980601332204081,5.3706342601499617e-05,0.8131192786002898,25,30,20
3,5340,0.08348778010865267,0.1198523296967327,0.0005369432049082333,0.7961229469897063,25,30,20
3,5341,0.09740969756840416,0.11980498083811916,0.009442341821571722,0.7733429797719054,25,30,20
3,5342,0.09473969574788974,0.11985305037632905,0.049396016156174526,0.736011237719607,25,30,20
3,5343,0.06103640947242003,0.1198361821675264,0.09702069575207416,0.7221067126079801,25,30,20
3,5344,0.06602147643654391,0.11980403212561848,0.08957568607711641,0.7245988053607217,25,30,20
3,5345,0.038062100726186474,0.1195478984156947,0.13583632171526583,0.7065536791428529,25,30,20
3,5346,0.06510001779941696,0.11982489912608514,0.09635582715127362,0.7187192559232257,25,30,20
3,5347,0.08273119678917393,0.11984103696475408,0.07847597714675818,0.7189517890993155,25,30,20
3,5348,0.08320762243090789,0.11983118426826302,0.07977743325420261,0.7171837600466278,25,30,20
3,5349,0.08133113245020866,0.11980766943519573,0.07980665000689387,0.7190545481077028,25,30,20
3,5350,0.11405234612080496,0.11980718475288851,0.0479567171182521,0.7181837520080546,25,30,20
3,5351,0.0872202091446828,0.11981596862362519,0.07578917562065923,0.7171746466110329,25,30,20
3,5352,0.04854597291079818,0.11982892163376384,0.11445844807478203,0.7171666573806564,25,30,20
3,5353,0.0647528129211395,0.11940264572606273,0.09770901838585087,0.718135522966947,25,30,20
3,5354,0.047546138128323145,0.11984015130641257,0.11355893431969732,0.7190547762455672,25,30,20
3,5355,0.03615185404987399,0.11983915467406278,0.1249851086024581,0.7190238826736061,25,30,20
3,5356,0.045887905868827454,0.11984619361876181,0.11545259304801286,0.7188133074643989,25,30,20
3,5357,0.04467193304991148,0.11979303219571932,0.11826752409806537,0.7172675106563048,25,30,20
3,5358,0.06617582576275507,0.11979226723053747,0.13187348074424501,0.6821584262624636,25,30,20
3,5359,0.06794093996581954,0.1043904131342548,0.1453792705073674,0.682289376392559,25,30,20
3,5360,0.10575299465445927,0.11985742339456892,0.0918103263730147,0.6825792555779574,25,30,20
3,5361,0.12292099649926737,0.11984891212837312,0.07571995374930694,0.6815101376230531,25,30,20
3,5362,0.12098286983923043,0.11922279352681783,0.07726764154822234,0.6825266950857296,25,30,20
3,5363,0.10306204924673577,0.11918286507893892,0.09983112132010133,0.6779239643542246,25,30,20
3,5364,0.08107445508268335,0.11981507046101189,0.11551324857075435,0.6835972258855496,25,30,20
3,5365,0.1011156927781353,0.11986697042208004,0.09626284177385427,0.6827544950259301,25,30,20
3,5366,0.11821819518303282,0.11973947242243796,0.08443664527562196,0.6776056871189069,25,30,20
3,5367,0.11722961829088269,0.1198430085239246,0.08468510894551731,0.6782422642396752,25,30,20
3,5368,0.087226140067644,0.11984104053979504,0.11472834780028293,0.6782044715922778,25,30,20
3,5369,0.08040889616112895,0.11984564776943228,0.11778638682362905,0.6819590692458095,25,30,20
3,5370,0.0818261136141394,0.11957547253067351,0.12104124955494014,0.6775571643002465,25,30,20
3,5371,0.09332531426214796,0.09086008552344213,0.1375602522552859,0.6782543479591235,25,30,20
3,5372,0.09058962813770086,0.09040957326994958,0.14079016093159094,0.6782106376607586,25,30,20
3,5373,0.1292757684871273,0.11984952757344916,0.07534378232811091,0.6755309216113132,25,30,20
3,5374,0.1288055781025549,0.11982483272421512,0.07512612963737864,0.6762434595358517,25,30,20
3,5375,0.11154158529683472,0.11985312409318988,0.0826957338863902,0.6859095567235866,25,30,20
3,5376,0.11615124102028554,0.1198541145686049,0.08157874145978793,0.6824159029513229,25,30,20
3,5377,0.11559417638462043,0.11985514485022651,0.08584159531776298,0.6787090834473912,25,30,20
3,5378,0.11100074354703361,0.11983219209449135,0.09081500032217554,0.6783520640363,25,30,20
3,5379,0.16158085551184675,0.10443524959954437,0.05731014299848662,0.6766737518901225,25,30,20
3,5380,0.12075729369868432,0.1197810773468058,0.08077669235873039,0.6786849365957793,25,30,20
3,5381,0.14655488608821327,0.11983016848925435,0.07777629888643496,0.6558386465360985,25,30,20
3,5382,0.14214548954120385,0.11980746489121116,0.08235547857286336,0.6556915669947213,25,30,20
3,5383,0.10433335093170791,0.11981268131218858,0.12005092878818745,0.6558030389679166,25,30,20
3,5384,0.13388471992736797,0.11979355984551857,0.09040459407626658,0.6559171261508467,25,30,20
3,5385,0.14868449437044295,0.11979811982655748,0.09246259213671339,0.6390547936662869,25,30,20
3,5386,0.11187742168016188,0.11979801867123499,0.12927527378660317,0.6390492858620018,25,30,20
3,5387,0.1315927687056929,0.11981467592469004,0.1098948303083251,0.6386977250612932,25,30,20
3,5388,0.16019710896187153,0.12032969565022152,0.08097648768046596,0.6384967077074399,25,30,20
3,5389,0.07940572473711535,0.11954864239501745,0.16249394400594894,0.6385516888619177,25,30,20
3,5390,0.05018410296312423,0.118141212980075,0.19250433644804485,0.6391703476087557,25,30,20
3,5391,0.05781501501766141,0.1198301973543502,0.18316406949311217,0.6391907181348744,25,30,20
3,5392,0.13186722610526977,0.11984851399964552,0.10960837291012844,0.6386758869849564,25,30,20
3,5393,0.12223415800730336,0.11983258928487733,0.11909941522095259,0.6388338374868677,25,30,20
3,5394,0.12015268890916055,0.15791885666134267,0.08306690598458889,0.6388615484449085,25,30,20
3,5395,0.12820620965238794,0.15853913126008914,0.07452266758688471,0.6387319915006384,25,30,20
3,5396,0.08054219503151874,0.1597949040161616,0.12260482693233779,0.6370580740199826,25,30,20
3,5397,0.09025874152872172,0.1591995657535538,0.11321507880765053,0.6373266139100747,25,30,20
3,5398,0.08215204861985985,0.15873624278792783,0.12101627841070318,0.6380954301815092,25,30,20
3,5399,0.0846368842743391,0.15805998756158496,0.11819999268623543,0.639103135477841,25,30,20
3,5400,0.08182546838924841,0.16057480211293806,0.11937631138961947,0.6382234181081942,25,30,20
3,5401,0.0923030489654707,0.15979573735721844,0.10973765815007015,0.63816355552724,25,30,20
3,5402,0.08238380085572608,0.15978009327600293,0.11992979366508387,0.6379063122031886,25,30,20
3,5403,0.08409845442374023,0.15913670915595168,0.11982953745731413,0.6369352989629927,25,30,20
3,5404,0.08302038541000725,0.15913738764266572,0.12063814906050538,0.6372040778868229,25,30,20
3,5405,0.11645482934512072,0.15912183936487811,0.08733769048916958,0.6370856408008321,25,30,20
3,5406,0.10409868007469246,0.15875858438729618,0.09822184000499393,0.6389208955330179,25,30,20
3,5407,0.08406034709562267,0.18406046236264278,0.09139299498752901,0.6404861955542057,25,30,20
3,5408,0.08878323589600001,0.19924207985261322,0.07151003355269689,0.6404646506986903,25,30,20
3,5409,0.08876614214509292,0.159376813780564,0.11140074495334135,0.6404562991210034,25,30,20
3,5410,0.08888728737834266,0.15976871911039203,0.11096187781975222,0.6403821156915142,25,30,20
3,5411,0.08758749578540063,0.15974570699283538,0.11631952722301067,0.6363472699987548,25,30,20
3,5412,0.07778197223060306,0.15884596461770806,0.08716973203567534,0.6762023311160135,25,30,20
3,5413,0.03852973651465261,0.15979553957660647,0.12288728073608401,0.6787874431726582,25,30,20
3,5414,0.03842757061270147,0.1592771840388699,0.12359494683183155,0.6787002985165974,25,30,20
3,5415,0.03424172050909946,0.1591450444529722,0.12874449976836788,0.6778687352695634,25,30,20
3,5416,0.026186522256754833,0.16039422199808687,0.1355376211483293,0.677881634596829,25,30,20
3,5417,0.042880145980780444,0.15934857759863957,0.11872585166843785,0.6790454247521421,25,30,20
3,5418,0.006600692827533252,0.15977639625589957,0.1545896007358755,0.6790333101806936,25,30,20
3,5419,0.005185855585806654,0.1592994050757326,0.12308613151160439,0.7124286078268574,25,30,20
3,5420,0.0014748461576376889,0.15933477873290808,0.126531402004739,0.7126589731047167,25,30,20
3,5421,0.042428196224772126,0.1593232825200453,0.07924850778649095,0.7190000134686927,25,30,20
3,5422,0.0426762591201723,0.1593006800305795,0.09293563630005502,0.7050874245491938,25,30,20
3,5423,0.04146350195170931,0.15978425120296963,0.07973268203971157,0.7190195648056119,25,30,20
3,5424,0.03277442636163577,0.15981476428808888,0.088405813682544,0.7190049956677333,25,30,20
3,5425,0.026597073959759562,0.15979055683176324,0.09708423324105431,0.7165281359674235,25,30,20
3,5426,0.003476025399279097,0.15979345082929375,0.11867661343316938,0.7180539103382579,25,30,20
3,5427,0.0025598967178032833,0.15978153629256003,0.11866621395584616,0.7189923530337906,25,30,20
3,5428,0.0034738684862316727,0.15979068501031965,0.11778144739356407,0.7189539991098848,25,30,20
3,5429,0.00148708951803335,0.15748720782005113,0.12221018904471721,0.7188155136171974,25,30,20
3,5430,0.004499096162687257,0.1580526353249902,0.11846461076287636,0.7189836577494474,25,30,20
3,5431,0.001910121792825558,0.14437985846914614,0.13473569800247812,0.7189743217355496,25,30,20
3,5432,0.006996410987074121,0.1662194799016244,0.10893952091713731,0.7178445881941642,25,30,20
3,5433,0.001907360369036312,0.18424580516001762,0.0958587747810302,0.7179880596899154,25,30,20
3,5434,0.0032439677849423532,0.18334726569537396,0.09504455012474149,0.7183642163949432,25,30,20
3,5435,0.025702869275186963,0.2226502609810335,0.03369350027407824,0.7179533694697018,25,30,20
3,5436,0.042996938401183134,0.23901672777736688,0.0008260951765749335,0.7171602386448757,25,30,20
3,5437,0.041227994984539044,0.23968246292547105,1.9339613224648143e-05,0.7190702024767659,25,30,20
3,5438,0.041689292202638006,0.2391121846309147,0.000899130095274691,0.7182993930711742,25,30,20
3,5439,0.04317360126024752,0.22288489975289802,0.015878258698010895,0.7180632402888436,25,30,20
3,5440,0.04222781399439407,0.23967765847549993,1.5840175704232245e-05,0.7180786873544031,25,30,20
3,5441,0.0033360990774858185,0.2396553442082639,0.03916381003373962,0.7178447466805113,25,30,20
3,5442,0.0024929325694189944,0.23788474198400625,0.04111899053951056,0.7185033349070641,25,30,20
3,5443,0.001425872891093119,0.23785000582475907,0.041827329570509546,0.7188967917136391,25,30,20
3,5444,0.0015018434845251024,0.23787447591260058,0.04206604559113959,0.7185576350117354,25,30,20
3,5445,0.0016907982542204185,0.23789669035897038,0.04154499857137224,0.7188675128154377,25,30,20
3,5446,0.014607834153347756,0.1999522149253397,0.06651456868019084,0.7189253822411219,25,30,20
3,5447,0.01565633631249451,0.20008960902756875,0.06545639546310249,0.7187976591968355,25,30,20
3,5448,0.0023391430965419373,0.19833914315462237,0.0805716696704043,0.7187500440784328,25,30,20
3,5449,0.002934745399340242,0.1982434489346101,0.08001766094915236,0.7188041447168979,25,30,20
3,5450,0.01354205232173353,0.19784965177650943,0.07109969319625534,0.7175086027055011,25,30,20
3,5451,0.012332163683820336,0.1978618387116888,0.07105906324104903,0.7187469343634415,25,30,20
3,5452,0.005153164213635867,0.19857916912463047,0.07756020517928483,0.7187074614824494,25,30,20
3,5453,0.0050891570444339266,0.19882508312060612,0.0857360292970663,0.7103497305378959,25,30,20
3,5454,0.0023796811188990484,0.19884805116465698,0.08013619517779551,0.7186360725386498,25,30,20
3,5455,0.02736911006475258,0.1970446863009683,0.056788362272634715,0.7187978413616437,25,30,20
3,5456,0.028027170016609572,0.19878135532111724,0.0543274687398514,0.7188640059224223,25,30,20
3,5457,0.04514754239891199,0.19866329125484053,0.03810576540366419,0.7180834009425837,25,30,20
3,5458,0.043175011593407586,0.19901704225567174,0.04093293316613154,0.7168750129847905,25,30,20
3,5459,0.04271261362851122,0.19851484171816358,0.04719628331350322,0.7115762613398228,25,30,20
3,5460,0.04294462133724888,0.1989502168529,0.051279338779947635,0.7068258230299038,25,30,20
3,5461,0.024368803967323566,0.19834202613719865,0.05829910471221044,0.7189900651832677,25,30,20
3,5462,0.07684179087486456,0.1982784791343768,0.008546091248910582,0.716333638741848,25,30,20
3,5463,0.07436470157004309,0.19776695605704206,0.009082250546943095,0.7187860918259724,25,30,20
3,5464,0.08338621839845672,0.19621331830163324,0.002872774672423864,0.7175276886274866,25,30,20
3,5465,0.08538563447327721,0.19789435525061141,0.0006683748099526747,0.7160516354661588,25,30,20
3,5466,0.08699079149347315,0.1807367688565473,0.018739373262149143,0.7135330663878311,25,30,20
3,5467,0.06159532948744968,0.17907014302682533,0.0412179936589994,0.7181165338267267,25,30,20
3,5468,0.060862269287782225,0.19805587804035174,0.023443207017696078,0.7176386456541708,25,30,20
3,5469,0.0819268644161486,0.19968028670180918,0.00032973331075408536,0.7180631155712873,25,30,20
3,5470,0.046040221443357315,0.18423975495859463,0.051590521248755704,0.7181295023492928,25,30,20
3,5471,0.0023678908943821106,0.18423750212894605,0.05536392715483375,0.7580306798218386,25,30,20
3,5472,0.00888364186107337,0.19948734056222267,0.029090107366285735,0.7625389102104181,25,30,20
3,5473,0.008501815223577328,0.1997110984068583,0.029080714451463832,0.7627063719181005,25,30,20
3,5474,0.002565717856865044,0.1996815094965906,0.0390351695500254,0.7587176030965199,25,30,20
3,5475,0.002580027711948754,0.19971335666685797,0.03902408596832246,0.7586825296528714,25,30,20
3,5476,0.003036994121343024,0.19923610794847996,0.039017541891070005,0.7587093560391074,25,30,20
3,5477,0.003054687626181426,0.19923610069357967,0.03901753794785342,0.7586916737323847,25,30,20
3,5478,0.0016548702236794841,0.19968751871721835,3.518671795660737e-05,0.7986224243411449,25,30,20
3,5479,0.001405709196965131,0.1997472015699829,9.370763541843802e-06,0.7988377184695109,25,30,20
3,5480,0.0013853454704510996,0.19970814754098554,3.422000157700184e-05,0.7988722869869858,25,30,20
3,5481,0.0014340841683614033,0.19965529866612503,6.367199000453451e-05,0.7988469451755092,25,30,20
3,5482,0.003134009450394499,0.19969095186922456,3.3697452559171364e-05,0.7971413412278215,25,30,20
3,5483,0.0013634044056669648,0.1996730572069242,4.831659999731501e-05,0.7989152217874121,25,30,20
3,5484,0.001551007553442658,0.1841454722402045,0.015512613757710078,0.7987909064486434,25,30,20
3,5485,0.0014896438363130784,0.1841796215032214,0.015507241996886112,0.7988234926635797,25,30,20
3,5486,0.004986012863503463,0.19602043452781173,0.0012230265929918886,0.7977705260156931,25,30,20
3,5487,0.00305157429402298,0.19802646226259418,0.0018229189866026795,0.79709904445678,25,30,20
3,5488,0.002321012171340528,0.19964897229109582,3.477360033150548e-05,0.7979952419372321,25,30,20
3,5489,0.0013823734408593238,0.19964911093393134,2.977860325950791e-05,0.7989387370219495,25,30,20
3,5490,0.024799599291574125,0.1996070855548259,0.00043273162032932057,0.7751605835332712,25,30,20
3,5491,0.026500212581342355,0.19866651733955407,0.001433109161202896,0.7734001609179013,25,30,20
3,5492,0.04330741716526635,0.18222363002234465,0.021896281651142165,0.7525726711612477,25,30,20
3,5493,0.03961970179988192,0.1840581714446108,0.01763439241502002,0.7586877343404868,25,30,20
3,5494,0.0026476403477732192,0.1994564106262526,0.03930877009165374,0.758587178934321,25,30,20
3,5495,0.0035690031000639917,0.1994816251094921,0.03967829272088717,0.7572710790695567,25,30,20
3,5496,0.03774720069873279,0.19798114467263173,0.006475181104338165,0.757796473524298,25,30,20
3,5497,0.0355980210199131,0.1697423000905639,0.03773611657053566,0.7569235623189882,25,30,20
3,5498,0.02685305266210329,0.19967877346566282,0.016549826560789998,0.7569183473114437,25,30,20
3,5499,0.03235336467959532,0.1973436043058262,0.012217364140635838,0.7580856668739425,25,30,20
3,5500,0.027926135134233688,0.19848515086346855,0.015570493471082438,0.7580182205312164,25,30,20
3,5501,0.04063868802844074,0.19973729035615773,0.0010320636899671767,0.7585919579254348,25,30,20
3,5502,0.04115778044569269,0.1997067304918705,0.0001663955649585871,0.7589690934974778,25,30,20
3,5503,0.04114475169081671,0.19848079121618695,0.0014087441374841623,0.7589657129555121,25,30,20
3,5504,0.001883455497620706,0.1997162126540255,0.03945735449224294,0.758942977356112,25,30,20
3,5505,0.0013804655568226448,0.18258063328746876,0.05707684768328524,0.7589620534724238,25,30,20
3,5506,0.004014351761247367,0.19970793178980734,0.03735802084184838,0.7589196956070978,25,30,20
3,5507,0.0022917134664055,0.19969483772046856,0.03943612627494134,0.7585773225381856,25,30,20
3,5508,0.002235406276095104,0.1980143798588274,0.04078145805758335,0.7589687558074947,25,30,20
3,5509,0.002311161390441167,0.19924078543312476,0.039507469282900685,0.7589405838935346,25,30,20
3,5510,0.002338876637927454,0.1992796716413696,0.03947773473788143,0.7589037169828223,25,30,20
3,5511,0.003543164988026237,0.1996808891632531,0.03823248407367825,0.7585434617750434,25,30,20
3,5512,0.03625456787151501,0.199697698142154,0.005248774201953494,0.7587989597843777,25,30,20
3,5513,0.038041753370468535,0.17097524283818838,0.03383941116521124,0.7571435926261327,25,30,20
3,5514,0.03808603553351847,0.19967697781301255,0.0052092662295428385,0.7570277204239271,25,30,20
3,5515,0.028234260595478556,0.19978334116273763,0.013250427405984054,0.7587319708358006,25,30,20
3,5516,0.021045128516684594,0.15978772223274126,0.0607899847849628,0.7583771644656122,25,30,20
3,5517,0.0018446852671175796,0.15979090595753104,0.07985209762679907,0.758512311148554,25,30,20
3,5518,0.0038578018696584127,0.15800284974482598,0.07989948537035758,0.758239863015159,25,30,20
3,5519,0.0029173714479498692,0.15886293874789106,0.07969707911390753,0.7585226106902527,25,30,20
3,5520,0.002792728133281345,0.19878815919367868,0.039961922215845366,0.758457190457196,25,30,20
3,5521,0.0032394183795414946,0.19754224258182776,0.04119461306632315,0.7580237259723074,25,30,20
3,5522,0.002329835359997022,0.19971852489172637,0.03994701429825655,0.7580046254500199,25,30,20
3,5523,0.002608531615544347,0.19941313780699774,0.039959448842941885,0.7580188817345157,25,30,20
3,5524,0.004014760083953473,0.19543212635763768,0.041670868527617345,0.7588822450307916,25,30,20
3,5525,0.004033222235292651,0.19709706200681093,0.04026224926054568,0.758607466497351,25,30,20
3,5526,0.0024695020922420453,0.1996595382787162,0.03960573550045698,0.7582652241285851,25,30,20
3,5527,0.004055020382366766,0.19965950806302188,0.037429824780065894,0.7588556467745456,25,30,20
3,5528,0.0014488567183482668,0.1997524562863353,0.03989489518177348,0.7589037918135427,25,30,20
3,5529,0.0016585549009893806,0.19969119355006587,0.03960728253543721,0.7590429690135083,25,30,20
3,5530,0.0013409327067592418,0.19967828904946924,0.037494285328814464,0.761486492914958,25,30,20
3,5531,0.0025370972374140683,0.19942915879539685,0.04013805338371784,0.7578956905834722,25,30,20
3,5532,0.030452464490717732,0.19971094392423258,0.012035314697602597,0.7578012768874474,25,30,20
3,5533,0.04207866661328356,0.19973738912650588,0.0015278200668061054,0.7566561241934042,25,30,20
3,5534,0.04215537470845006,0.1997377016799145,0.00017944721346526397,0.7579274763981699,25,30,20
3,5535,0.04309832421508917,0.19969419997852406,0.0001738564662185864,0.7570336193401687,25,30,20
3,5536,0.042363236423059766,0.19972135114071793,0.004794546465058079,0.7531208659711656,25,30,20
3,5537,0.041229370262975414,0.1809704076136628,0.023481858106020093,0.7543183640173428,25,30,20
3,5538,0.04137085644241854,0.1809869430038544,0.019138977575074392,0.7585032229786528,25,30,20
3,5539,0.04129099491572654,0.18098210317224506,0.019129354706324403,0.758597547205704,25,30,20
3,5540,0.04149047509330203,0.19971467557966402,0.000455446572327719,0.7583394027547063,25,30,20
3,5541,0.00560024588324941,0.1997503922826249,0.03596874865223198,0.7586806131818943,25,30,20
3,5542,0.0027399027725985526,0.19972080739535297,0.03999087421015095,0.7575484156218983,25,30,20
3,5543,0.001816376421116658,0.19972059860125785,0.044632727572998146,0.7538302974046283,25,30,20
3,5544,0.019372408371466632,0.19974801290291244,0.026556341934447638,0.7543232367911741,25,30,20
3,5545,0.0021166361389394995,0.19930655795161717,0.045018793483770934,0.753558012425673,25,30,20
3,5546,0.041263600918288755,0.1972317952567519,0.002729926647729132,0.7587746771772308,25,30,20
3,5547,0.001426727015414357,0.19972715313063344,0.039971895277742246,0.7588742245762125,25,30,20
3,5548,0.0013204002087044268,0.19851134803029388,0.0411949095092589,0.7589733422517436,25,30,20
3,5549,0.0025783158538985693,0.1997225586454131,0.03878372224814082,0.7589154032525491,25,30,20
3,5550,0.025280106787030833,0.1997110483597941,0.01629425977174928,0.7587145850814268,25,30,20
3,5551,0.0016923316315863536,0.19976992088525722,0.03955774176510609,0.758980005718052,25,30,20
3,5552,0.002272528595646004,0.19973050727994618,0.039937443747453526,0.758059520376955,25,30,20
3,5553,0.0013330401220428437,0.1997070236209406,0.039982501332107255,0.7589774349249098,25,30,20
3,5554,0.0013622241673060542,0.18454892037584997,0.05537545597142514,0.7587133994854207,25,30,20
3,5555,0.003197102144333377,0.19966346343149646,0.038883746278524506,0.7582556881456477,25,30,20
3,5556,0.002299167501676529,0.19968271042113794,0.0388589465490713,0.7591591755281146,25,30,20
3,5557,0.0024621972073939086,0.19974377242920724,0.03889916500097689,0.7588948653624225,25,30,20
3,5558,0.003822597352552976,0.17983556236368148,0.057421964125559055,0.7589198761582076,25,30,20
3,5559,0.041421914971177316,0.1781909725737873,0.02145554012711607,0.7589315723279202,25,30,20
3,5560,0.04128684157988816,0.1798676602019391,0.019841463707723134,0.7590040345104498,25,30,20
3,5561,0.041322056233260726,0.17941434417984845,0.020657576641543295,0.7586060229453478,25,30,20
3,5562,0.051351023948756104,0.158057220820585,0.032003381641543344,0.7585883735891157,25,30,20
3,5563,0.04119478141557595,0.15678430158911094,0.039832756615879795,0.7621881603794337,25,30,20
3,5564,0.04644191452984896,0.1568248023846283,0.03824446453126586,0.7584888185542569,25,30,20
3,5565,0.0412183321298274,0.15976206115012886,0.04029433390121385,0.7587252728188305,25,30,20
3,5566,0.03876767019271224,0.15979492643208462,0.0425145836796981,0.7589228196955058,25,30,20
3,5567,0.0375689531731829,0.14108083969453772,0.06508573672624414,0.756264470406035,25,30,20
3,5568,0.044036293976860506,0.15973129927514104,0.04000249461079761,0.7562299121372004,25,30,20
3,5569,0.043119507556580415,0.15980577467764673,0.04004974143531959,0.7570249763304537,25,30,20
3,5570,0.012785944475675342,0.15799956194981563,0.07026278703773617,0.7589517065367738,25,30,20
3,5571,0.04093803143351121,0.15976454853782127,0.0405116036575823,0.7587858163710851,25,30,20
3,5572,0.0440829509864654,0.15798640149787713,0.0422794014835162,0.7556512460321422,25,30,20
3,5573,0.04318396624524969,0.12932837948941733,0.07048639287150366,0.7570012613938297,25,30,20
3,5574,0.04221823642269345,0.159737804635122,0.0003043675418481913,0.7977395914003372,25,30,20
3,5575,0.042224203347527675,0.15977606626679258,0.00010081426346814459,0.7978989161222121,25,30,20
3,5576,0.04187719085611607,0.15977600981741302,0.0005232092474401314,0.7978235900790306,25,30,20
3,5577,0.0359467467517936,0.15975687579167372,0.005813573772229991,0.7984828036843026,25,30,20
3,5578,0.03596651286376828,0.15933717950024545,0.006235438209557402,0.7984608694264291,25,30,20
3,5579,0.0371736317404537,0.15936760857200016,0.04304811431716873,0.7604106453703788,25,30,20
3,5580,0.04083889359017794,0.15980777477537578,0.03851331476825845,0.7608400168661889,25,30,20
3,5581,0.040997601882855825,0.15977951004584337,0.04016992072474007,0.7590529673465606,25,30,20
3,5582,0.002232784538856069,0.15978258863317618,0.07899645301136167,0.7589881738166064,25,30,20
3,5583,0.002547528022343117,0.15949276426979214,0.07915718076573273,0.7588025269421331,25,30,20
3,5584,0.001900122018012308,0.1594734116412183,0.07990903499674086,0.758717431344029,25,30,20
3,5585,0.0019019071155685569,0.15805524707376045,0.08167297932834526,0.758369866482326,25,30,20
3,5586,0.04419381479081972,0.15986486372723907,0.03697458298789659,0.7589667384940458,25,30,20
3,5587,0.04137452100774685,0.15977120545641701,0.0398843826111115,0.7589698909247258,25,30,20
3,5588,0.043239789413283415,0.1597833647953965,0.03839158239243839,0.7585852633988837,25,30,20
3,5589,0.040319260506970656,0.15980690243486526,0.04138829536377247,0.7584855416943923,25,30,20
3,5590,0.04127248888394448,0.15934283863437126,0.041832782713958766,0.7575518897677259,25,30,20
3,5591,0.02674661328844941,0.15892850276936452,0.09096328295485114,0.723361600987336,25,30,20
3,5592,0.027242097828256116,0.1589199556293895,0.09528665443227442,0.7185512921100806,25,30,20
3,5593,0.046871045492938544,0.15974915907230802,0.07038029970956042,0.7229994957251936,25,30,20
3,5594,0.06980023473000335,0.18367196727219887,0.021366301780578984,0.7251614962172185,25,30,20
3,5595,0.0805647223896675,0.19972733291923356,0.0007282361252648271,0.7189797085658347,25,30,20
3,5596,0.05831623210315521,0.19953111739936225,0.02398016146649373,0.7181724890309892,25,30,20
3,5597,0.04954429487959421,0.19970399259999475,0.033031745252124003,0.7177199672682874,25,30,20
3,5598,0.04911276891683278,0.19970990364303698,0.032936450651504544,0.7182408767886264,25,30,20
3,5599,0.08093392099560903,0.19972019734238158,0.0017424409180020971,0.7176034407440075,25,30,20
3,5600,0.07535840529447535,0.19969574708890694,0.006472837867776666,0.7184730097488415,25,30,20
3,5601,0.08160226228199678,0.1996845594824175,0.00023119511895466547,0.7184819831166314,25,30,20
3,5602,0.07557666838744453,0.1987786564117472,0.00661882974553463,0.7190258454552741,25,30,20
3,5603,0.07530163299312459,0.1988250332452974,0.006858234812906513,0.7190150989486723,25,30,20
3,5604,0.07513065105840463,0.1997623077163743,0.007052175221102078,0.7180548660041194,25,30,20
3,5605,0.08090332850482557,0.19973239038617774,0.00037945006635477403,0.7189848310426424,25,30,20
3,5606,0.04241088171047027,0.19971591591349017,0.03915975778951639,0.7187134445865239,25,30,20
3,5607,0.02357715444431688,0.19971159994526821,0.057653736237432744,0.7190575093729824,25,30,20
3,5608,0.023914731446251038,0.19942878133964526,0.05762970402908689,0.7190267831850177,25,30,20
3,5609,0.0029216970847824484,0.19871674315354415,0.07934595227655804,0.7190156074851157,25,30,20
3,5610,0.024308311209914068,0.23850765498742585,0.013603402483247961,0.7235806313194122,25,30,20
3,5611,0.022541039121942462,0.23901649941733916,0.013144539468558489,0.7252979219921604,25,30,20
3,5612,0.0412839456775489,0.23900454783348812,0.0007388592732861085,0.7189726472156772,25,30,20
3,5613,0.041304865977136826,0.2396822346935932,0.0001527563506380964,0.718860142978632,25,30,20
3,5614,0.04153297270231828,0.23786355970162087,0.0019205633463480725,0.7186829042497136,25,30,20
3,5615,0.04145189234931295,0.23965903709483186,0.0001645967171908248,0.718724473838665,25,30,20
3,5616,0.04503661792361267,0.2391834747612469,0.0007544786350717395,0.7150254286800692,25,30,20
3,5617,0.036859766867577505,0.23964115481708656,0.0049289261804643806,0.7185701521348717,25,30,20
3,5618,0.04231790118787317,0.23959423609143163,3.916292157668155e-05,0.7180486997991187,25,30,20
3,5619,0.042172400059282446,0.23902599005420494,0.0006572004903999749,0.7181444093961135,25,30,20
3,5620,0.04663121063732087,0.23789153472826466,0.0017408133317172113,0.713736441302698,25,30,20
3,5621,0.04498499336370423,0.23874847997364426,3.4718441025809035e-05,0.7162318082216262,25,30,20
3,5622,0.04169474949400472,0.23957672524962664,2.45034803447312e-05,0.7187040217760241,25,30,20
3,5623,0.04182973575851293,0.23959792597136734,0.00044123617334447383,0.7181311020967758,25,30,20
3,5624,0.0421692835497534,0.23958651408508327,7.268527821546122e-05,0.7181715170869485,25,30,20
3,5625,0.0417817553692522,0.22031087042652572,0.01879828057383964,0.7191090936303826,25,30,20
3,5626,0.03618533530528941,0.23907298967335,0.005937095438207914,0.7188045795831521,25,30,20
3,5627,0.02860206797313117,0.23870996185582294,0.016147691804722895,0.7165402783663225,25,30,20
3,5628,0.04130776053598392,0.23874146009013703,0.0014988507613324022,0.7184519286125467,25,30,20
3,5629,0.041519910018800364,0.23903838499271285,0.0007760247993364755,0.7186656801891504,25,30,20
3,5630,0.0281788446362138,0.23902020590196735,0.013918222555339406,0.7188827269064798,25,30,20
3,5631,0.04132830363404403,0.22296382292553624,0.02268783270996184,0.7130200407304579,25,30,20
3,5632,0.009650051239554105,0.23580535810533565,0.035402272764022205,0.7191423178910891,25,30,20
3,5633,0.007074088509360293,0.23846249172497871,0.03535210993035016,0.7191113098353117,25,30,20
3,5634,0.007364563080243413,0.23933410131973593,0.03404739996391732,0.7192539356361037,25,30,20
3,5635,0.04120039953944301,0.23968661826086354,2.914130452682901e-05,0.7190838408951662,25,30,20
3,5636,0.0430200892405551,0.23904505023329034,0.0006394355003011071,0.7172954250258532,25,30,20
3,5637,0.042882311988920396,0.23782827810971546,0.002192930250522684,0.717096479650842,25,30,20
3,5638,0.04281014347138121,0.23968556934579666,0.0004658564916262032,0.7170384306911963,25,30,20
3,5639,0.03514911313835772,0.23968242888798674,0.007656282148776205,0.7175121758248791,25,30,20
3,5640,0.036070971494716234,0.2396672628200869,0.007408509343892782,0.7168532563413049,25,30,20
3,5641,0.03479965448823021,0.21383665363336185,0.03333677275994891,0.7180269191184597,25,30,20
3,5642,0.0072809001182598705,0.2132607015175111,0.06349521494162316,0.7159631834226063,25,30,20
3,5643,0.007218963019752251,0.23918746229528684,0.03710275059671069,0.7164908240882515,25,30,20
3,5644,0.0013481132116294353,0.20068031118144006,0.07888881126078513,0.7190827643461462,25,30,20
3,5645,0.03078667326020331,0.20063675388365013,0.04974004133438748,0.7188365315217592,25,30,20
3,5646,0.031056835660314478,0.2005934485289905,0.049775912354040684,0.7185738034566552,25,30,20
3,5647,0.037229988347556885,0.1997182381819993,0.04487600038025396,0.7181757730901915,25,30,20
3,5648,0.03244741562837555,0.19973716868481067,0.0496384347672834,0.7181769809195311,25,30,20
3,5649,0.04271215547194585,0.1997357456240386,0.03945422274736634,0.71809787615665,25,30,20
3,5650,0.07155481293384919,0.19972708872033912,0.011079649231715614,0.7176384491140964,25,30,20
3,5651,0.08330414461647498,0.1996881877974837,0.00015362068487044766,0.7168540469011708,25,30,20
3,5652,0.08216513943951503,0.19974370622219273,5.18235590917639e-05,0.7180393307792001,25,30,20
3,5653,0.08146845767853474,0.19969467237823044,3.8192389240017005e-05,0.7187986775539953,25,30,20
3,5654,0.082010825431546,0.1809942870103407,0.01889844875923087,0.7180964387988837,25,30,20
3,5655,0.0023066792899516537,0.18099527020831427,0.058600553435994705,0.7580974970657386,25,30,20
3,5656,0.001670996051724992,0.19923697846200894,0.04065471319486703,0.7584373122913979,25,30,20
3,5657,0.022323112601563718,0.19924228296533772,0.019727142470627127,0.7587074619624711,25,30,20
3,5658,0.042976934314690546,0.19924369763012312,0.0004961172401988441,0.757283250814988,25,30,20
3,5659,0.04246448309220646,0.19967519575660414,0.0002796662741397329,0.7575806548770495,25,30,20
3,5660,0.04210975380736335,0.19802652884822908,0.0018962300066354238,0.7579674873377732,25,30,20
3,5661,0.042150079906564025,0.1980229133452782,0.0017395336368259632,0.7580874731113325,25,30,20
3,5662,0.04221834339002454,0.19705267081444114,0.0017878980487205929,0.7589410877468145,25,30,20
3,5663,0.04129991275790632,0.16083373420898733,0.03891992625029055,0.7589464267828171,25,30,20
3,5664,0.04199733187948979,0.16082189117385312,0.03898231843604428,0.7581984585106144,25,30,20
3,5665,0.006966303447950335,0.15975584241214144,0.08150542630870677,0.7517724278312052,25,30,20
3,5666,0.0032901893129997804,0.15970868723069562,0.07899521236315697,0.7580059110931482,25,30,20
3,5667,0.0026677484944753584,0.15971410916043927,0.07897137519827443,0.758646767146811,25,30,20
3,5668,0.022929058525717763,0.15975454370314315,0.060288187165656204,0.7570282106054823,25,30,20
3,5669,0.041365586510889285,0.1597627825093954,0.004848827177423637,0.7940228038022927,25,30,20
3,5670,0.0218930264517065,0.15853450923515233,0.02377874106122424,0.7957937232519176,25,30,20
3,5671,0.020371208786761887,0.1597872175647138,0.021659406508229836,0.7981821671402942,25,30,20
3,5672,0.02130077285301343,0.1588602413506145,0.021554034054965487,0.7982849517414066,25,30,20
3,5673,0.04483933530316389,0.15971951630361036,0.00043141165187368614,0.7950097367413521,25,30,20
3,5674,0.0424547740677578,0.1588889459179361,0.0003987819061673044,0.7982574981081388,25,30,20
3,5675,0.04167134610531033,0.15710641572990616,0.0042709899160209355,0.7969512482487624,25,30,20
3,5676,0.04168844094910086,0.15801714511131426,0.0028629643658003526,0.7974314495737849,25,30,20
3,5677,0.04338774028786082,0.15802442774268233,0.0027317276451900335,0.7958561043242668,25,30,20
3,5678,0.04140210318541152,0.15799712580460976,0.0019917324589032643,0.7986090385510763,25,30,20
3,5679,0.04113110672475919,0.1567168425319363,0.003228945200879901,0.7989231055424255,25,30,20
3,5680,0.041206443967767736,0.15752794439433693,0.0022734716282995075,0.7989921400095972,25,30,20
3,5681,0.041252408232504534,0.12931839946386658,0.03048140798888073,0.7989477843147488,25,30,20
3,5682,0.03806863994569209,0.12930749458860183,0.03395686027170799,0.798667005193999,25,30,20
3,5683,0.041548680126921964,0.13107416746370584,0.029677396702204307,0.7976997557071683,25,30,20
3,5684,0.04136931132687045,0.13106190929639244,0.02891406702235826,0.7986547123543792,25,30,20
3,5685,0.042188034879924355,0.1597399879495726,0.00021412326829932187,0.7978578539022032,25,30,20
3,5686,0.03832480656519069,0.15978133638354436,0.043115031054763255,0.7587788259965026,25,30,20
3,5687,0.038011438772618346,0.15975276888537343,0.039736703816409584,0.7624990885255994,25,30,20
3,5688,0.037271662942272035,0.15937664339987317,0.04484352507500013,0.7585081685828551,25,30,20
3,5689,0.03655133052838214,0.15936866632575497,0.04511799298371859,0.7589620101621442,25,30,20
3,5690,0.024545523301930338,0.15938018300421056,0.05881663022880276,0.7572576634650566,25,30,20
3,5691,0.041050413198907024,0.15982055894397912,0.04798987722799019,0.7511391506291234,25,30,20
3,5692,0.03906500377906337,0.15977781148067458,0.03756096219984924,0.7635962225404137,25,30,20
3,5693,0.041233680453476654,0.159772579662906,0.04024701249198391,0.7587467273916342,25,30,20
3,5694,0.041593667413133174,0.13107692521435754,0.06867459502194614,0.758654812350564,25,30,20
3,5695,0.04182046893022298,0.15801114870500263,0.04166285988917174,0.7585055224756035,25,30,20
3,5696,0.047268765858248886,0.15971598913791438,0.034282563884919195,0.7587326811189178,25,30,20
3,5697,0.047505293165534715,0.159768674532338,0.03440485160141952,0.7583211807007076,25,30,20
3,5698,0.046512005588624596,0.15889921688583106,0.035898095182135145,0.758690682343409,25,30,20
3,5699,0.04529153213105062,0.15893861075691681,0.03687603932134046,0.7588938177906921,25,30,20
3,5700,0.04137318585071006,0.15895683013254439,0.04165277391826902,0.7580172100984752,25,30,20
3,5701,0.04051922528428545,0.1843402022568449,0.017171562405765152,0.7579690100531054,25,30,20
3,5702,0.04226774984633401,0.14547490762889784,0.055956746891005965,0.7563005956337634,25,30,20
3,5703,0.04533617598974275,0.1431816593785668,0.050742478502609475,0.7607396861290815,25,30,20
3,5704,0.03982160408683227,0.1431940950179029,0.05566150695630746,0.7613227939389582,25,30,20
3,5705,0.04098200923181811,0.1443345774762633,0.05520938758314628,0.759474025708772,25,30,20
3,5706,0.05614425489453533,0.15983736742757798,0.025611979544304678,0.7584063981335829,25,30,20
3,5707,0.005745773570043709,0.1597062762728278,0.07577883733768206,0.7587691128194473,25,30,20
3,5708,0.005517316314350598,0.1597711266534534,0.07599633838208278,0.7587152186501147,25,30,20
3,5709,0.005583641214250966,0.15970600650720754,0.07602471684294516,0.758685635435597,25,30,20
3,5710,0.005372244322772284,0.15968823272073804,0.07602602142173241,0.7589135015347577,25,30,20
3,5711,0.006492599108218397,0.15968117213731928,0.0753725966264376,0.7584536321280264,25,30,20
3,5712,0.001503638432146353,0.15973266986182885,0.0792790394436962,0.7594846522623286,25,30,20
3,5713,0.003365794667468066,0.1580280732895253,0.06570125095441223,0.7729048810885937,25,30,20
3,5714,0.0056581080269597385,0.15800157608422433,0.07936324224017395,0.7569770736486423,25,30,20
3,5715,0.030421494840323426,0.15977714450298308,0.06512264676398354,0.7446787138927098,25,30,20
3,5716,0.030384265290387406,0.15976150121114746,0.06512475056257762,0.7447294829358873,25,30,20
3,5717,0.030048933353863425,0.1598024054775828,0.05116916106231091,0.758979500106244,25,30,20
3,5718,0.04256942720892959,0.15979165437772075,0.03920437679450233,0.7584345416188484,25,30,20
3,5719,0.055671237363828084,0.15951591782815838,0.026091278277662826,0.7587215665303507,25,30,20
3,5720,0.05441870327741997,0.15981311491478573,0.02562146570753338,0.760146716100261,25,30,20
3,5721,0.051207906880710724,0.15818072923830198,0.03161343111687453,0.7589979327641129,25,30,20
3,5722,0.04968599589388701,0.15929418485504634,0.03248438362224728,0.758535435628819,25,30,20
3,5723,0.05907335316563609,0.15927160228163106,0.023666008125515166,0.7579890364272169,25,30,20
3,5724,0.06086520630797921,0.15906857610383934,0.023744993402944073,0.7563212241852366,25,30,20
3,5725,0.060145262844072504,0.15906857430334825,0.024149465460561945,0.7566366973920168,25,30,20
3,5726,0.07253837202702218,0.15974140588446883,0.011102007485037977,0.7566182146034711,25,30,20
3,5727,0.07281817425723915,0.15936731731545797,0.011485004072476159,0.7563295043548274,25,30,20
3,5728,0.070453893935326,0.15903443456430083,0.011502307658404886,0.7590093638419687,25,30,20
3,5729,0.08034139564305118,0.15946957174320603,0.001186517961948508,0.7590025146517954,25,30,20
3,5730,0.05549129748719638,0.14960553406967056,0.035787232741976906,0.7591159357011569,25,30,20
3,5731,0.008288450599415291,0.15975234378615252,0.07492300866378708,0.7570361969506447,25,30,20
3,5732,0.009260449049628233,0.15886526594723552,0.07493170623225513,0.756942578770881,25,30,20
3,5733,0.00457879850055603,0.15791883975393695,0.07969103398537201,0.7578113277601349,25,30,20
3,5734,0.006941453935210625,0.11926162173914627,0.11877263455600888,0.7550242897696344,25,30,20
3,5735,0.0038632983822263264,0.11986030655678043,0.11844306002182682,0.7578333350391669,25,30,20
3,5736,0.052085613245473186,0.11982552159054208,0.043143746358318705,0.7849451188056655,25,30,20
3,5737,0.04166498163170423,0.1192555880449172,0.04062567072972402,0.7984537595936548,25,30,20
3,5738,0.009553114823432076,0.13246065596755777,0.059472198924136334,0.7985140302848757,25,30,20
3,5739,0.042541766888221734,0.1324595972386501,0.026566385244510254,0.7984322506286197,25,30,20
3,5740,0.04109374708770986,0.1339661684937744,0.02624430999544832,0.7986957744230679,25,30,20
3,5741,0.042702941260283546,0.13351758602725147,0.026518905010173684,0.7972605677022918,25,30,20
3,5742,0.041784676749261125,0.1333806311775758,0.027284998711360663,0.7975496933618023,25,30,20
3,5743,0.042067820438879924,0.1339591505850602,0.026208268969131986,0.797764760006928,25,30,20
3,5744,0.04346827432457758,0.15970840216419016,8.875158356650075e-05,0.7967345719276666,25,30,20
3,5745,0.03692443830261027,0.1597418801158205,0.008007382641034294,0.7953262989405357,25,30,20
3,5746,0.045029485771371336,0.14101158670319736,0.018888583684166266,0.7950703438412655,25,30,20
3,5747,0.04497285943862479,0.15973935773957623,0.00027802597904432976,0.795009756842755,25,30,20
3,5748,0.03886408821760051,0.158543980125764,0.004235201001784267,0.7983567306548511,25,30,20
3,5749,0.04137403014821808,0.13990508827107345,0.020033895281740977,0.798686986298968,25,30,20
3,5750,0.04088203727880249,0.1597560723400411,0.0004179813049675906,0.7989439090761892,25,30,20
3,5751,0.0035521203524857257,0.15976044467176792,0.038392221811814925,0.7982952131639308,25,30,20
3,5752,0.003680194515477106,0.14419409648307627,0.05813657186407879,0.7939891371373681,25,30,20
3,5753,0.0042038690769309875,0.14418675631041566,0.05814356991794014,0.793465804694714,25,30,20
3,5754,0.0033866916535874,0.14419894920526513,0.05347807563233977,0.7989362835088073,25,30,20
3,5755,0.0034104759931689503,0.15976306521941291,0.07437389020355754,0.7624525685838609,25,30,20
3,5756,0.0033399359446502673,0.1593250698539023,0.07704844500135663,0.7602865492000908,25,30,20
3,5757,0.009204509304953042,0.1597486366751567,0.07339836170625794,0.7576484923136328,25,30,20
3,5758,0.034046768302013225,0.15977590498393676,0.047405700834642676,0.7587716258794067,25,30,20
3,5759,0.03666320523508418,0.15976485403475732,0.044682928775416665,0.7588890119547418,25,30,20
3,5760,0.06823490879669337,0.1597637546614851,0.013053516036576973,0.7589478205052437,25,30,20
3,5761,0.04518182754819405,0.15888911560710778,0.03745957767916686,0.7584694791655331,25,30,20
3,5762,0.06359306439782501,0.1597751595017439,0.017747118960262497,0.7588846571401691,25,30,20
3,5763,0.055686080253565404,0.15976009087403795,0.02622961252599059,0.7583242163464073,25,30,20
3,5764,0.08168080873173712,0.12086778527423457,0.0392532406152294,0.7581981653788005,25,30,20
3,5765,0.08159724169573457,0.11982542363916235,0.040195192385077724,0.7583821422800263,25,30,20
3,5766,0.0820117499862512,0.11981728184856935,0.0400315929991255,0.7581393751660545,25,30,20
3,5767,0.08156688923433525,0.11981728192187095,0.04037270925855984,0.7582431195852347,25,30,20
3,5768,0.06841195499740253,0.11982913825663397,0.053208707866365376,0.7585501988795977,25,30,20
3,5769,0.0834210403589905,0.11983746887977625,0.03976375751986114,0.7569777332413722,25,30,20
3,5770,0.08243591216898506,0.10439207700030213,0.0555413216334534,0.7576306891972591,25,30,20
3,5771,0.04327438998634542,0.119848677278782,0.07853689992166804,0.7583400328132062,25,30,20
3,5772,0.07839869184272277,0.1199120018018148,0.04403319141283195,0.7576561149426315,25,30,20
3,5773,0.08033465936620633,0.11989998497813449,0.04499286136017526,0.7547724942954848,25,30,20
3,5774,0.07650883789984805,0.11988459627045552,0.04498767863445803,0.7586188871952387,25,30,20
3,5775,0.042807085964189834,0.11982162984836205,0.07986188768337095,0.7575093965040784,25,30,20
3,5776,0.04221903915667765,0.11979382675789514,0.07992684804012545,0.7580602860453025,25,30,20
3,5777,0.049002295299554854,0.09112920316464476,0.10222856453311001,0.7576399370026918,25,30,20
3,5778,0.07183655784004438,0.09112919939435901,0.07900860696826004,0.7580256357973366,25,30,20
3,5779,0.0718827842882708,0.11983652458182395,0.05028529431424717,0.7579953968156584,25,30,20
3,5780,0.08163278638421508,0.11982516942761415,0.03956087203234165,0.7589811721558299,25,30,20
3,5781,0.04135007145806585,0.11957387701217369,0.08075071430880247,0.7583253372209596,25,30,20
3,5782,0.04137944775390509,0.12036832743431218,0.07962069360019988,0.7586315312115827,25,30,20
3,5783,0.04408184836891451,0.11990781520093821,0.0772734684825972,0.7587368679475514,25,30,20
3,5784,0.040448279321510655,0.11990801858803855,0.08087298949750123,0.75877071259295,25,30,20
3,5785,0.05682066665616649,0.11986893721148233,0.053057468524822626,0.770252927607529,25,30,20
3,5786,0.0657209827499125,0.11892328638950422,0.056436475375765065,0.7589192554848186,25,30,20
3,5787,0.04395156196849315,0.11892013047467064,0.0781063196486767,0.7590219879081608,25,30,20
3,5788,0.04241655501157573,0.09795670755326048,0.10080127122260704,0.7588254662125564,25,30,20
3,5789,0.08109360867881239,0.09994195949209596,0.04118395692753457,0.7777804749015573,25,30,20
3,5790,0.08171860012182569,0.09994194717817746,0.01966381077613445,0.7986756419238621,25,30,20
3,5791,0.08080744595298145,0.11979341776034232,0.000652005740739314,0.7987471305459366,25,30,20
3,5792,0.07956604476627557,0.11979294118783028,0.0035108718974165743,0.7971301421484782,25,30,20
3,5793,0.07678984399722481,0.11981269181377469,0.006305921598335358,0.7970915425906646,25,30,20
3,5794,0.040621634308539135,0.11982077453272483,0.04272564654317794,0.7968319446155584,25,30,20
3,5795,0.04434736648002634,0.11982864158236893,0.07613693249671337,0.7596870594408922,25,30,20
3,5796,0.04163375749594029,0.11982923672578971,0.03966675340705663,0.7988702523712127,25,30,20
3,5797,0.03944991615339696,0.11980781554009438,0.041803452075456576,0.7989388162310518,25,30,20
3,5798,0.005224693341587642,0.11827748727812393,0.07770499151086643,0.7987928278694238,25,30,20
3,5799,0.041861042986714204,0.11807313615350677,0.04176530077509768,0.798300520084683,25,30,20
3,5800,0.04252025226043355,0.1171295200030597,0.041684962469342536,0.7986652652671653,25,30,20
3,5801,0.04495981924905572,0.11886873706095509,0.041141158174863454,0.7950302855151246,25,30,20
3,5802,0.041516698484019156,0.11982478717906417,0.04082205307646867,0.7978364612604487,25,30,20
3,5803,0.043452744749162005,0.11800222672796604,0.04035117960776596,0.7981938489151047,25,30,20
3,5804,0.042970287925588255,0.11805335311865191,0.04027590334690592,0.7987004556088537,25,30,20
3,5805,0.04127359031575889,0.1198174763893911,0.04491370893817675,0.7939952243566735,25,30,20
3,5806,0.0021048231281252396,0.11766217097107709,0.08598684245209423,0.7942461634487042,25,30,20
3,5807,0.0024985751527266957,0.11812457204369922,0.0077577748336197586,0.871619077969956,25,30,20
3,5808,0.002515562876810439,0.11546014110644597,0.003494932829963333,0.8785293631867799,25,30,20
3,5809,0.0026072908995182775,0.11809304643436729,0.0017682765100297984,0.877531386156085,25,30,20
3,5810,0.002228026188809795,0.11809299409373164,0.0018876254610957189,0.8777913542563628,25,30,20
3,5811,0.003116316549663174,0.11809299410760796,0.015811740561702398,0.862978948781027,25,30,20
3,5812,0.0022016137549723757,0.10111179745610219,0.032875612282316446,0.8638109765066108,25,30,20
3,5813,0.0013595891702798963,0.10106764671704967,0.018770086522426236,0.8788026775902453,25,30,20
3,5814,0.0013471579946404686,0.1011001277674111,0.01888258729096404,0.8786701269469843,25,30,20
3,5815,0.004516887460810303,0.11888543374029693,0.00023559737794894193,0.8763620814209436,25,30,20
3,5816,0.0018438929406692467,0.11814788332871544,0.0018190393413330152,0.878189184389283,25,30,20
3,5817,0.001319304899272962,0.11983680967560018,2.8905865147249957e-06,0.8788409948386117,25,30,20
3,5818,0.0034706847373190647,0.11983213895780435,7.265294047612221e-06,0.8766899110108288,25,30,20
3,5819,0.004135001485334936,0.11986494879184476,1.1165994875112049e-05,0.8759888837279455,25,30,20
3,5820,0.0033143222044789,0.11986469403892368,0.00010142933312682465,0.8767195544234719,25,30,20
3,5821,0.0013793098696630035,0.11986095508815613,7.26273598914595e-06,0.8787524723061919,25,30,20
3,5822,0.00137563527314552,0.11986075277406466,0.0003831959999614404,0.8783804159528298,25,30,20
3,5823,0.0027939806466019527,0.08568672068939405,0.0341561177208873,0.8773631809431177,25,30,20
3,5824,0.001978638245335451,0.08568672068782196,0.034148916492569084,0.8781857245742745,25,30,20
3,5825,0.0018423437821867394,0.11984166588795504,0.0005146854286139925,0.8778013049012446,25,30,20
3,5826,0.003060830128776264,0.11983014832391413,0.0005207288632076635,0.8765882926841019,25,30,20
3,5827,0.0028078780910850286,0.11984225291371105,0.0001563598718248255,0.8771935091233789,25,30,20
3,5828,0.0018009016065160257,0.11984198502366153,0.00014174792851471887,0.8782153654413081,25,30,20
3,5829,0.004970215785283051,0.1168134387615787,0.00013715030001760183,0.878079195153122,25,30,20
3,5830,0.0025236603575803924,0.11976680470612426,8.008495760967465e-06,0.8777015264405351,25,30,20
3,5831,0.0024927474156788997,0.11976644286505377,1.0109780177281478e-05,0.877730699939091,25,30,20
3,5832,0.002745091785234171,0.11975564479237541,1.8115650294564445e-05,0.877481147772095,25,30,20
3,5833,0.024624893545129766,0.09689358198226687,0.00011288051031416552,0.8783686439622891,25,30,20
3,5834,0.024672926069815235,0.09690536356882734,0.00011316020960344922,0.8783085501517529,25,30,20
3,5835,0.02429034811820585,0.09688251847097501,0.00014191951128702556,0.8786852138995317,25,30,20
3,5836,0.04131171651992911,0.05114392064301856,0.028862167309948856,0.8786821955271029,25,30,20
3,5837,0.04132944888162047,0.07987519607671739,5.034203735789899e-05,0.8787450130043029,25,30,20
3,5838,0.041272266631508826,0.07988152864731746,1.5493530714227927e-05,0.8788307111904595,25,30,20
3,5839,0.006086980785556735,0.07988190738673699,0.035705662158226834,0.878325449669481,25,30,20
3,5840,0.01435702890223824,0.07983795429012024,0.02693178256792641,0.8788732342397156,25,30,20
3,5841,0.014389751145784295,0.077717790642664,0.02905132138794482,0.8788411368236079,25,30,20
3,5842,0.014345398591113993,0.07946039288157143,0.027334920138077902,0.8788592883892362,25,30,20
3,5843,0.014639707815642312,0.07989773022338714,0.026908007175335005,0.8785545547856359,25,30,20
3,5844,0.014713168830448993,0.07985432419258133,0.02702633877626159,0.8784061682007082,25,30,20
3,5845,0.01626228006082153,0.06114669809523697,0.04565306604976346,0.8769379557941787,25,30,20
3,5846,0.02486637954186661,0.06114669797709231,0.03884658425744197,0.8751403382235985,25,30,20
3,5847,0.008227943222769329,0.06114687574470234,0.05777688036442551,0.8728483006681033,25,30,20
3,5848,0.013228391902867927,0.05410241016183491,0.0581544843033443,0.8745147136319524,25,30,20
3,5849,0.012085768012187444,0.05411481007932335,0.058155705855147524,0.8756437160533413,25,30,20
3,5850,0.0022658546128306364,0.05411481289606807,0.0647652753165105,0.8788540571745902,25,30,20
3,5851,0.03804241463906111,0.054103184926547934,0.02905401308782735,0.878800387346564,25,30,20
3,5852,0.03374836963075474,0.054111079761651484,0.037690782142788655,0.8744497684648048,25,30,20
3,5853,0.02965974742017331,0.07903067794175772,0.012479162370007584,0.8788304122680618,25,30,20
3,5854,0.03914429775465731,0.07987665109423088,0.002220497642637214,0.8787585535084744,25,30,20
3,5855,0.016108249650489365,0.07808268185181291,0.028230619665696132,0.877578448832002,25,30,20
3,5856,0.0152541813746614,0.0769327218755791,0.029287631592420052,0.8785254651573389,25,30,20
3,5857,0.005031345602397178,0.07693272081734548,0.041480095986727736,0.8765558375935286,25,30,20
3,5858,0.016221507950331185,0.07810384462568758,0.02701674110477629,0.8786579063192056,25,30,20
3,5859,0.009544459789959533,0.07810383502355872,0.033632913085395996,0.8787187921010865,25,30,20
3,5860,0.017886352512704082,0.07929443790759462,0.04025635350301966,0.8625628560766824,25,30,20
3,5861,0.057332070821058234,0.07898707955177024,0.0010133640664970087,0.862667485560674,25,30,20
3,5862,0.04168401992852757,0.07959639515383078,0.0010199691629953717,0.8776996157546462,25,30,20
3,5863,0.04264258253610348,0.07987116892102118,0.0008111661484974123,0.8766750823943775,25,30,20
3,5864,0.04314789523952151,0.07985295893637438,0.0009578065928120272,0.8760413392312911,25,30,20
3,5865,0.04234341042265914,0.07984623404315302,0.0004544419889348755,0.877355913545252,25,30,20
3,5866,0.03682671865276074,0.079890225549404,0.004789098034715528,0.8784939577631208,25,30,20
3,5867,0.038675411394089004,0.06448129086755144,0.01992633793424161,0.8769169598041188,25,30,20
3,5868,0.042085113622116394,0.07988279867616353,0.00019486145846846627,0.8778372262432521,25,30,20
3,5869,0.042156375965032876,0.07990932971089823,0.0006129996041663456,0.8773212947199027,25,30,20
3,5870,0.04123983497415283,0.07990553508382663,0.00048184519338797854,0.8783727847486318,25,30,20
3,5871,0.04153748155933606,0.07990940726423379,1.8250178321465304e-05,0.878534860998109,25,30,20
3,5872,0.03556770802385179,0.07987554309315222,0.005913140437132808,0.8786436084458632,25,30,20
3,5873,0.0355456221459174,0.07986159923531125,0.0059416363278348115,0.8786511422909367,25,30,20
3,5874,0.043739273089727436,0.0798760327939562,0.00015229610879994332,0.8762323980075151,25,30,20
3,5875,0.041185425589789784,0.07989805982189255,0.00014689004825636952,0.8787696245400608,25,30,20
3,5876,0.04117367199228772,0.07990584086307398,0.0001492877820456146,0.878771199362592,25,30,20
3,5877,0.05223133005940885,0.07990584122567354,0.00025842531693083895,0.8676044033979871,25,30,20
3,5878,0.04117697257943947,0.07986983281777543,0.0002284379424610138,0.8787247566603241,25,30,20
3,5879,0.04234881433181589,0.07893348854757605,0.0005161701451929001,0.8782015269754158,25,30,20
3,5880,0.0424360789895395,0.07894183201286475,0.0002411742692411109,0.8783809147283549,25,30,20
3,5881,0.03688070775708229,0.07891712940094117,0.0058228515498690405,0.878379311292108,25,30,20
3,5882,0.037134831160705616,0.07893386221488241,0.005742761757786878,0.878188544866625,25,30,20
3,5883,0.036539722282228876,0.07940261151849826,0.011989817711854337,0.8720678484874181,25,30,20
3,5884,0.0365463513394061,0.0789677938314184,0.011968050427506816,0.8725178044016688,25,30,20
3,5885,0.032911433278248595,0.07896779472308009,0.013191885815535945,0.8749288861831356,25,30,20
3,5886,0.042225933142891955,0.07941525790957804,0.00047681311870712966,0.8778819958288221,25,30,20
3,5887,0.04131026738393428,0.0794348954824353,0.00047605968088223214,0.8787787774527479,25,30,20
3,5888,0.0023494173120141475,0.07988145758205419,0.044457853183027314,0.8733112719229051,25,30,20
3,5889,0.004993357824254919,0.07985132478067572,0.07504212580324453,0.8401131915918251,25,30,20
3,5890,0.0025368682588587815,0.11977374226896645,0.035328214669996194,0.8423611748021793,25,30,20
3,5891,0.0016827014567767538,0.11981780663747918,0.035159426404032044,0.8433400655017124,25,30,20
3,5892,0.001661563390119523,0.11982415724776325,0.03999246766077999,0.8385218117013382,25,30,20
3,5893,0.0013685373870408763,0.11981578868112665,0.04622065850235014,0.8325950154294819,25,30,20
3,5894,0.0014135869670253032,0.11938362954751373,0.04674310285708864,0.8324596806283725,25,30,20
3,5895,0.001393193316107909,0.1194066696986388,0.04671084476073501,0.8324892922245186,25,30,20
3,5896,0.0031903105107149317,0.11977934947050466,0.006583442750275046,0.8704468972685051,25,30,20
3,5897,0.0014464147001398754,0.11981527881201226,0.006402676733980851,0.8723356297538669,25,30,20
3,5898,0.0019065612265283863,0.11981527882339771,2.893651711285336e-05,0.8782492234329601,25,30,20
3,5899,0.002870303134556591,0.11811280716074131,0.0018713264956916598,0.8771455632090095,25,30,20
3,5900,0.002540258670930283,0.11813606901795307,0.0018608159066497451,0.8774628564044679,25,30,20
3,5901,0.0024440057695050595,0.08940798871817891,0.030446398139631438,0.8777016073726852,25,30,20
3,5902,0.0015038675471147208,0.1198297757828287,2.8503935416815165e-05,0.8786378527346393,25,30,20
3,5903,0.002322292722912426,0.11889589803393714,0.0005379400389715688,0.8782438692041791,25,30,20
3,5904,0.0013478691812498134,0.10108727369251075,0.02527754471791865,0.872287312408322,25,30,20
3,5905,0.002498334006166723,0.10108727370908391,0.019041127566499012,0.87737326471825,25,30,20
3,5906,0.0033945168547468516,0.10110711087850217,0.018748990935178185,0.8767493813315729,25,30,20
3,5907,0.0024673171427169183,0.10109672918652292,0.01914589403577134,0.8772900596349906,25,30,20
3,5908,0.0016043989133547668,0.10110722679233199,0.01912237045963704,0.8781660038346764,25,30,20
3,5909,0.0022576847523163752,0.11958136795446878,6.466628769123498e-06,0.8781544806644455,25,30,20
3,5910,0.0020269352621807416,0.11986444900214557,0.0005088806424515715,0.8775997350932218,25,30,20
3,5911,0.0024949426814077067,0.11984429110050959,0.0003913834905824503,0.8772693827275004,25,30,20
3,5912,0.002508003219113632,0.11982923038271212,0.006228009441994125,0.8714347569561798,25,30,20
3,5913,0.0016392005726916944,0.11940458515610203,0.00044215971717122114,0.8785140545540356,25,30,20
3,5914,0.0016483870519988697,0.11983224929621984,0.004663281499743766,0.8738560821520386,25,30,20
3,5915,0.002481900514795892,0.11981703792918355,0.0062610033101726725,0.8714400582458485,25,30,20
3,5916,0.001390107656253774,0.1197495987921248,7.654720066634798e-05,0.8787837463509557,25,30,20
3,5917,0.0012940728853800317,0.11984210918004268,2.3883353857015512e-05,0.878839934580721,25,30,20
3,5918,0.001543879857413559,0.11985432153077047,2.1182021731065106e-05,0.8785806165900846,25,30,20
3,5919,0.0031557729848805003,0.11982101205410178,4.020351917290442e-05,0.8769830114418447,25,30,20
3,5920,0.0066909235110849796,0.11980444747222768,1.834351625697138e-05,0.8734862855004326,25,30,20
3,5921,0.0019637325430604223,0.11984084523766246,0.0001288065703171043,0.8780666156489606,25,30,20
3,5922,0.0024016283435049075,0.11985236779967508,8.55163744882164e-06,0.8777374522193722,25,30,20
3,5923,0.0019835195280381093,0.11985167285361326,5.818011207561877e-06,0.8781589896071416,25,30,20
3,5924,0.001451819285259702,0.1198161621036869,1.6412012407609728e-05,0.8787156065986474,25,30,20
3,5925,0.002147283668854996,0.11982486691286427,1.2133638982135474e-05,0.8780157157792992,25,30,20
3,5926,0.002109824031985425,0.11921754916620038,0.0006156273533568047,0.8780569994484574,25,30,20
3,5927,0.0020699624453383793,0.1198602253674817,0.004593941551044342,0.8734758706361357,25,30,20
3,5928,0.0016563982786328452,0.11984042992572404,1.581881557840631e-05,0.8784873529800648,25,30,20
3,5929,0.001766627370352829,0.11981029545591354,0.00027824633461868905,0.8781448308391154,25,30,20
3,5930,0.0016128278592771222,0.11983266996392646,4.481156492992636e-06,0.8785500210203031,25,30,20
3,5931,0.0013874212602811573,0.11982392197345933,1.0154467384488105e-05,0.8787785022988754,25,30,20
3,5932,0.0022434814388517174,0.11983650782197147,8.269906654890215e-06,0.8779117408325221,25,30,20
3,5933,0.001896986068546162,0.11986450799909702,1.3492341775292128e-05,0.878225013590582,25,30,20
3,5934,0.002345369926731789,0.11985255487666896,0.0003871156673170539,0.8774149595292832,25,30,20
3,5935,0.003063809380921173,0.11985545492429125,6.2722376024073e-06,0.8770744634571863,25,30,20
3,5936,0.0019265419227614423,0.119850019719063,2.4348228248685734e-05,0.8781990901299281,25,30,20
3,5937,0.0016050997602423205,0.11983222521112337,0.0001650729610668749,0.8783976020675671,25,30,20
3,5938,0.004182016491488326,0.11846391705215431,0.0004399872304256867,0.8769140792259316,25,30,20
3,5939,0.0015915727012014425,0.11980713884536556,5.5009503019728784e-05,0.8785462789504132,25,30,20
3,5940,0.0017192557751869663,0.1189206491017351,0.0006478142354975785,0.8787122808875805,25,30,20
3,5941,0.0016553011046173554,0.11895181964491107,0.0006126964963382241,0.8787801827541334,25,30,20
3,5942,0.003431817972913123,0.119828379496893,3.8221100701200564e-06,0.8767359804201242,25,30,20
3,5943,0.001708595798092873,0.11982886983396497,0.0001403894973078581,0.8783221448706345,25,30,20
3,5944,0.001415345686303541,0.11982914564382187,0.00013246835192237945,0.8786230403179519,25,30,20
3,5945,0.0033775967944700636,0.11982134093800215,0.0005114293311116883,0.876289632936416,25,30,20
3,5946,0.00316046275781658,0.11986103707613208,1.7579683660108463e-05,0.8769609204823914,25,30,20
3,5947,0.004075155017188614,0.11944312115667166,0.0004266083362960704,0.8760551154898428,25,30,20
3,5948,0.003411936383737986,0.11984825445708912,1.0914752644521352e-05,0.8767288944065279,25,30,20
3,5949,0.0025684133380873397,0.11981636801361778,5.0663881584140154e-05,0.8775645547667117,25,30,20
3,5950,0.0025362140708824377,0.11984901789653862,2.3164879859219866e-05,0.8775916031527191,25,30,20
3,5951,0.0020869932052437613,0.11983036321142135,3.771416906920247e-05,0.878044929414266,25,30,20
3,5952,0.0021071812064721294,0.11916792355079901,0.0006489865895191378,0.8780759086532115,25,30,20
3,5953,0.0017575537389797652,0.11982854167708443,1.2701915775886048e-05,0.8784012026681615,25,30,20
3,5954,0.0017369339128784494,0.11982556168401186,1.6741679497754936e-05,0.8784207627236131,25,30,20
3,5955,0.001360889432070007,0.11985199502360841,4.999800741266875e-06,0.8787821157435802,25,30,20
3,5956,0.0019030894208108746,0.11983018294499985,2.9809553098628857e-05,0.878236918081091,25,30,20
3,5957,0.0021599507947509954,0.11985312609326598,0.006076683158560323,0.8719102399534221,25,30,20
3,5958,0.0023785082568285945,0.11860376443839767,0.00731757809731922,0.8717001492074542,25,30,20
3,5959,0.0032647598506695304,0.11985205970277153,0.00595286118640492,0.8709303192601545,25,30,20
3,5960,0.001293854998329121,0.11801803774339832,0.001834746223727383,0.8788533610345459,25,30,20
3,5961,0.0021933519130574596,0.11800119510613104,0.006484750511565634,0.8733207024692465,25,30,20
3,5962,0.0020975842500426207,0.11800119510573509,0.006500297039193793,0.8734009236050276,25,30,20
3,5963,0.0014838099380900579,0.11985272231257658,0.005038230168230663,0.873625237581102,25,30,20
3,5964,0.0016676021243125577,0.11985239817589545,0.004668802793230761,0.8738111969065612,25,30,20
3,5965,0.0034024530576750216,0.11985231647642706,1.2725825331690087e-05,0.8767325046405667,25,30,20
3,5966,0.006565771749910112,0.11982010265280692,2.4489294167478346e-05,0.873589636303116,25,30,20
3,5967,0.004701644008588166,0.11983377181316786,0.00011715301092117031,0.8753474311673232,25,30,20
3,5968,0.0017307067699213802,0.11956099472790425,0.00010002818010182633,0.8786082703220721,25,30,20
3,5969,0.0015674667560017376,0.11984091247744429,9.505163561572476e-05,0.8784965691309377,25,30,20
3,5970,0.0012633636946555948,0.11985351915262803,0.00010553117224050596,0.878777585980476,25,30,20
3,5971,0.0023124793218220426,0.11890663483119157,0.00023614246807119896,0.8785447433789154,25,30,20
3,5972,0.001323536240767333,0.11986511442490853,1.1669622642000526e-05,0.8787996797116823,25,30,20
3,5973,0.0014927796484466768,0.11986489777045123,1.4231629707861636e-05,0.8786280909513948,25,30,20
3,5974,0.004361388532511022,0.11806581304691585,0.002153232695786625,0.8754195657247863,25,30,20
3,5975,0.001778195073563787,0.11985263749199344,0.0002779121108597561,0.8780912553235829,25,30,20
3,5976,0.001311563912936704,0.1197982185273982,5.266777973475551e-05,0.8788375497799313,25,30,20
3,5977,0.0013870552993963956,0.1197982185249671,0.0001409817457572084,0.8786737444298801,25,30,20
3,5978,0.002474481169718533,0.11982115393215434,4.78219571656964e-05,0.8776565429409625,25,30,20
3,5979,0.001313289256007161,0.11981115841560783,0.00032413690223008257,0.8785514154261551,25,30,20
3,5980,0.002355326150152877,0.11812398558962353,0.0019949553253287,0.8775257329348948,25,30,20
3,5981,0.0016054659890224951,0.11984890436268548,0.0005412947956926777,0.8780043348525998,25,30,20
3,5982,0.0016703780549746688,0.11984994556410798,0.00029157539158339724,0.8781881009893335,25,30,20
3,5983,0.0027549632372392257,0.11983998279249902,0.0002954436511910551,0.8771096103190698,25,30,20
3,5984,0.018716092713754007,0.11980831356211617,4.016854858935037e-05,0.8614354251755395,25,30,20
3,5985,0.018301892593410685,0.11983906062453166,6.177520292932064e-05,0.8617972715791279,25,30,20
3,5986,0.018275678343974498,0.11982965349042544,0.00018390709383372792,0.8617107610717656,25,30,20
3,5987,0.001779057124925288,0.1198328519784947,0.026440859056538413,0.8519472318400417,25,30,20
3,5988,0.02535797679903967,0.11984124122973708,0.015974727006048958,0.8388260549651748,25,30,20
3,5989,0.025610149599141433,0.11984511345494027,0.01597464157441257,0.8385700953715063,25,30,20
3,5990,0.02580025216430891,0.11984511345570334,0.015983924371113647,0.8383707100088745,25,30,20
3,5991,0.041516942486305754,0.1198453748721598,0.0003604568148688178,0.8382772258266656,25,30,20
3,5992,0.04182603088228805,0.11982566246484282,0.0007293489320919716,0.8376189577207769,25,30,20
3,5993,0.009562124086047095,0.11985305910810609,0.03344284876020445,0.8371419680456422,25,30,20
3,5994,0.008386542153073568,0.11982369084240058,0.03344322857889249,0.8383465384256336,25,30,20
3,5995,0.007833907561320354,0.11986084084389173,0.039674047709326456,0.8326312038854615,25,30,20
3,5996,0.0016148238268887886,0.08068647939337222,0.07891494338738264,0.8387837533923568,25,30,20
3,5997,0.0032992926919816813,0.07990917565913704,0.038997483493835305,0.8777940481550464,25,30,20
3,5998,0.0016763190803520014,0.07957246933530322,0.03993208339374742,0.878819128190598,25,30,20
3,5999,0.0014583791415930503,0.0798907193456573,0.039936832467593046,0.8787140690451574,25,30,20
3,6000,0.0017580548336841497,0.07987481557390759,0.039935878062273826,0.8784312515301356,25,30,20
3,6001,0.002443481450021253,0.07989462108167929,0.039818106654156665,0.8778437908141431,25,30,20
3,6002,0.0025636868803638564,0.07989462408447116,0.04023146167875416,0.8773102273564115,25,30,20
3,6003,0.004132419213367987,0.07896554371247624,0.03997654048522721,0.8769254965889298,25,30,20
3,6004,0.004170607762724735,0.07896554371326701,0.040066861988487835,0.8767969865355199,25,30,20
3,6005,0.0023758182169194824,0.07990993896710435,0.04005531349213415,0.8776589293238436,25,30,20
3,6006,0.0013597294421201103,0.08002811993217326,0.039814302228054606,0.8787978483976524,25,30,20
3,6007,0.0034357106998046667,0.07989803754528493,0.04616062027926497,0.8705056314756463,25,30,20
3,6008,0.0014514216402907426,0.07989754638063629,0.04615865021250741,0.8724923817665657,25,30,20
3,6009,0.009265777698547006,0.07991017595588966,0.0324526746425614,0.8783713717030028,25,30,20
3,6010,0.009259187228439627,0.07981928490186176,0.04270855862236117,0.8682129692473376,25,30,20
3,6011,0.0014451156118108115,0.07990624907453507,0.05052607822886594,0.8681225570847891,25,30,20
3,6012,0.012840853590057393,0.0799062651870524,0.03905870566155617,0.8681941755613346,25,30,20
3,6013,0.011647298582750909,0.07985619229256008,0.02969019960362661,0.8788063095210623,25,30,20
3,6014,0.0016008258713738027,0.07985619064005296,0.03997348427407463,0.8785694992144996,25,30,20
3,6015,0.0014160671814257607,0.07944539503103286,0.04074392618275441,0.8783946116047864,25,30,20
3,6016,0.001698340815491328,0.07944539504186378,0.04074242787214985,0.8781138362704943,25,30,20
3,6017,0.0016395889622712152,0.078656411468401,0.03933588953039985,0.8803681100389279,25,30,20
3,6018,0.0025495234083905125,0.0798818900074755,0.03809901786435327,0.879469568719781,25,30,20
3,6019,0.0027460138084166668,0.0798820023933071,0.0003799030563595732,0.9169920807419166,25,30,20
3,6020,0.0038757732828713963,0.07897593204160902,1.1110285586536638e-05,0.9171371843899333,25,30,20
3,6021,0.003333203759338519,0.07988614269482118,1.3474611386005164e-05,0.9167671789344541,25,30,20
3,6022,0.0037691540687770785,0.0798905538101003,1.7044611670165203e-05,0.9163232475094527,25,30,20
3,6023,0.005034377130332188,0.07989825785933924,1.7512324415013307e-05,0.9150498526859137,25,30,20
3,6024,0.004972286879033649,0.07986104713324334,0.01110902754954738,0.9040576384381758,25,30,20
3,6025,0.0032112849332508343,0.07989733962119687,8.033520118111573e-06,0.9168833419254347,25,30,20
3,6026,0.004179790477518161,0.0798973396353985,4.816108885712307e-06,0.9159180537781982,25,30,20
3,6027,0.0023693584333272467,0.07989377885567384,3.7217061954067025e-06,0.9177331410048042,25,30,20
3,6028,0.0023716200777793564,0.07989377885345435,0.004915634993117966,0.9128189660756475,25,30,20
3,6029,0.003193710348787919,0.07945878319981953,0.005350936550376401,0.9119965699010157,25,30,20
3,6030,0.0024059258182739596,0.07989335260844506,0.004664490015173951,0.9130362315581053,25,30,20
3,6031,0.001293850307827151,0.07989795636712796,1.1199683377410628e-05,0.9187969936416662,25,30,20
3,6032,0.0022643561803727015,0.07946220511715986,0.00044598449055931584,0.9178274542119088,25,30,20
3,6033,0.00348431161696013,0.0789777261665802,1.3234193567112694e-05,0.9175247280228929,25,30,20
3,6034,0.0023601188598701087,0.07897723317603608,0.00037976934979210995,0.9182828786143018,25,30,20
3,6035,0.002308145559372262,0.07899017190936973,0.0003751654853879104,0.9183265170458695,25,30,20
3,6036,0.0025494531950814624,0.07726183054341045,0.001954942431846082,0.9182337738296614,25,30,20
3,6037,0.004108367082335318,0.07890863607917084,0.0002344311305938576,0.916748565707901,25,30,20
3,6038,0.0013052413209490386,0.04994461891614727,0.02998373722808688,0.9187664025348176,25,30,20
3,6039,0.0031083199529628406,0.051161787438435864,0.028876724225627273,0.9168531683829741,25,30,20
3,6040,0.0016755491650274922,0.07987726741751862,1.2098358938630576e-05,0.918435085058516,25,30,20
3,6041,0.0016903074250744726,0.07988958509425417,0.00014985827562012452,0.9182702492050518,25,30,20
3,6042,0.0025865887041313295,0.07988958510710246,0.00016248849109509335,0.9173613376976719,25,30,20
3,6043,0.002238865874569966,0.07988662187266438,2.662163001624867e-05,0.9178478906227506,25,30,20
3,6044,0.0022949074875054567,0.07987463677013744,0.00028751970387331605,0.9175429360384841,25,30,20
3,6045,0.0019420921165510586,0.0798702919323449,0.0002702649995917129,0.9179173509515121,25,30,20
3,6046,0.001674004289684981,0.07988234495247887,0.00039767038680269424,0.918045980371033,25,30,20
3,6047,0.0014151295779956624,0.0798819920277938,0.0002718712723266609,0.9184310071218842,25,30,20
3,6048,0.0013911604178154014,0.07988199202137017,1.2605187491337841e-05,0.9187142423733229,25,30,20
3,6049,0.0020955433472133987,0.07988248453361288,1.584132665876103e-05,0.9180061307925144,25,30,20
3,6050,0.0022603303883630427,0.07989763372376597,0.006216418136803836,0.9116256177510677,25,30,20
3,6051,0.0052877997329562046,0.07986962040865024,1.879646681706002e-05,0.9148237833915768,25,30,20
3,6052,0.0043320535770068145,0.07990971607124851,2.0428729008523505e-05,0.9157378016227367,25,30,20
3,6053,0.003475503626064112,0.07989813175979546,0.005040587854436371,0.9115857767597038,25,30,20
3,6054,0.003478043664549234,0.07989755814397427,1.578055670588074e-05,0.91660861763477,25,30,20
3,6055,0.0037037990801150208,0.07988095298418559,5.709766574269531e-06,0.9164095381691252,25,30,20
3,6056,0.0032648890746481774,0.07987862019941466,1.1705506946120689e-05,0.9168447852189907,25,30,20
3,6057,0.001434679263411161,0.07986941049477267,1.014755913454014e-05,0.9186857626826821,25,30,20
3,6058,0.0013634427953451997,0.07989800565279985,6.353623969686611e-06,0.9187321979278853,25,30,20
3,6059,0.0023094484776804863,0.07989800566519066,5.733993993042183e-06,0.9177868118631355,25,30,20
3,6060,0.003264880683259651,0.0798859467696758,4.151573846711772e-06,0.9168450209732171,25,30,20
3,6061,0.00547987053694623,0.07988644196049116,2.096952802416063e-05,0.914612717974538,25,30,20
3,6062,0.006590610589317826,0.07989835131540059,9.920228512471864e-05,0.9134118358101577,25,30,20
3,6063,0.0032054133336064774,0.07990637725298205,3.725387792489697e-06,0.9168844840256192,25,30,20
3,6064,0.0014326057257947461,0.07990637723677105,0.0002299912207382681,0.9184310258166964,25,30,20
3,6065,0.0014180871982460302,0.07990637723624254,9.417985727015576e-05,0.9185813557082407,25,30,20
3,6066,0.0013602156524664033,0.07989356637683084,5.411815181317303e-06,0.9187408061555216,25,30,20
3,6067,0.0013245217421199915,0.06448954764036288,0.015551723320168348,0.9186342072973487,25,30,20
3,6068,0.0021981991683267944,0.07986684802487769,0.00016258727818041087,0.9177723655286154,25,30,20
3,6069,0.0013894691477957153,0.0798804952614259,5.729114601497172e-06,0.9187243064761765,25,30,20
3,6070,0.0013422825615839267,0.040746417812024587,0.03916808441870384,0.9187432152076886,25,30,20
3,6071,0.0033445753883121427,0.039955105458763296,0.03791983059097403,0.9187804885619516,25,30,20
3,6072,0.0034876838862861114,0.03995510545010072,0.037917412579992225,0.9186397980836227,25,30,20
3,6073,0.0013739326468055631,0.039942941837866244,0.03994701376083775,0.9187361117544923,25,30,20
3,6074,0.0033110195929790137,0.039943278019826646,0.03894186510303888,0.9178038372841563,25,30,20
3,6075,0.0014515333119898945,0.039942941841516436,0.03998645183492705,0.9186190730115665,25,30,20
3,6076,0.0013715394628808282,0.039942941842555306,0.040278283937190025,0.9184072347573733,25,30,20
3,6077,0.0025680865706535715,0.039942941851497694,0.0398996228223452,0.9175893487555028,25,30,20
3,6078,0.002564561061986782,0.039942941851092574,0.039896127929839376,0.9175963691570815,25,30,20
3,6079,0.0017442866815364077,0.03994294185156749,0.039891807078791974,0.9184209643881026,25,30,20
3,6080,0.0018422125586817356,0.039942308266742006,0.03948774524613719,0.918727733928439,25,30,20
3,6081,0.0025203257805242727,0.039862931896418465,0.04035810439672848,0.9172586379263294,25,30,20
3,6082,0.0015303111396459364,0.03986293250288411,0.011128229741939742,0.9474785266155301,25,30,20
3,6083,0.0014032588736308915,0.03986293180118681,0.006212347193236326,0.9525214621319469,25,30,20
3,6084,0.0013822712882730942,0.03994236519247761,0.006282523758221121,0.9523928397610284,25,30,20
3,6085,0.0016200921802331854,0.039921728151976914,9.720412574483613e-05,0.9583609755420451,25,30,20
3,6086,0.0013195720948673305,0.03994315198384577,0.0005684405575976905,0.9581688353636892,25,30,20
3,6087,0.0013431330908495345,0.03994315198657084,0.03573060551987486,0.9229831094027052,25,30,20
3,6088,0.0031405669019498174,0.03994350817661952,0.03995561242382223,0.9169603124976092,25,30,20
3,6089,0.001290852598604367,0.03994350816811783,0.039954049054396285,0.9188115901788807,25,30,20
3,6090,0.023481501444358562,0.03995441568587549,0.003890125887635361,0.9326739569821302,25,30,20
3,6091,0.022572339242105617,0.03995441567723746,0.0042572688182218035,0.9332159762624355,25,30,20
3,6092,0.04156225406533265,0.039954415795518367,0.00019786774610770286,0.918285462393042,25,30,20
3,6093,0.04243159063440518,0.03994293859901513,1.886712681053581e-05,0.9176066036397701,25,30,20
3,6094,0.009510999013290868,0.03992254946849603,0.03353300912282295,0.9170334423953918,25,30,20
3,6095,0.005333924243612199,0.03994294370678409,0.03277823991342967,0.9219448921361745,25,30,20
3,6096,0.005530445899795919,0.039935466517581085,0.07263636266349695,0.8818977249191249,25,30,20
3,6097,0.0025018280681220312,0.039935466408511595,0.040044054714639954,0.9175186508087287,25,30,20
3,6098,0.003544240189868813,0.039954413842819954,0.03943443402350729,0.917066911943806,25,30,20
3,6099,0.028753048023292906,0.03995470008154017,0.01618494790601213,0.9151073039891555,25,30,20
3,6100,0.025945781543868757,0.03995126358062338,0.016182575031007184,0.917920379844501,25,30,20
3,6101,0.028033199506161094,0.0399508682392836,0.016199812061474625,0.9158161201930818,25,30,20
3,6102,0.0049928641509312,0.03996157064719461,0.043142465722977565,0.9119030994788975,25,30,20
3,6103,0.02901857719584263,0.03995498994581342,0.013240945011159808,0.917785487847184,25,30,20
3,6104,0.042030024871112535,0.039942822816767254,0.0001913764844681074,0.9178357758276525,25,30,20
3,6105,0.004061598020228686,0.03995470111975044,0.03900010424192003,0.9169835966181006,25,30,20
3,6106,0.002357029460593173,0.0009241514402050584,0.07801634379527272,0.918702475303929,25,30,20
3,6107,0.001928043245419118,2.3653859253207132e-07,0.07625719698632309,0.9218145232296656,25,30,20
3,6108,0.0014720577650956812,5.849495669965663e-07,0.07625071196738259,0.922276645317954,25,30,20
3,6109,0.0018437417405216222,9.55596093343293e-06,0.07934721328329228,0.9187994890152525,25,30,20
3,6110,0.0026122332500860194,8.696141997465857e-10,0.07857634677732257,0.9188114191029778,25,30,20
3,6111,0.03936903173054558,1.785239924723928e-09,0.008439367448271314,0.9521915990359416,25,30,20
3,6112,0.039058256228150956,9.856647313341282e-10,0.0022754933618197326,0.9586662494243641,25,30,20
3,6113,0.039025861909250815,9.862812801778793e-10,0.002269191451352429,0.9587049456531166,25,30,20
3,6114,0.0391950812097275,1.0111281436131795e-09,0.0022695942257712227,0.9585353235533743,25,30,20
3,6115,0.039004439889156195,9.934997553824393e-10,0.0023633318920431167,0.9586322272253036,25,30,20
3,6116,0.03932971108321706,7.309151473211669e-09,0.0021355317279603304,0.9585347498796716,25,30,20
3,6117,0.04049351013208862,7.325023993346028e-09,0.0020375454574237547,0.9574689370854642,25,30,20
3,6118,0.04253875141419273,7.340770922714082e-09,0.037564157894176414,0.9198970833508596,25,30,20
3,6119,0.040716257734367725,7.443142959470989e-09,0.04209488255358221,0.917188852268906,25,30,20
3,6120,0.042191962058999846,6.274335727861623e-09,0.04040715036039613,0.9174008813062686,25,30,20
3,6121,0.04130003161609725,3.509866713171986e-11,0.040183197360789,0.918516770988014,25,30,20
3,6122,0.042232250854393756,1.441773361619287e-10,0.03454518828830945,0.9232225607131198,25,30,20
3,6123,0.04209118893325222,8.45603888774913e-07,0.025884995878300926,0.932022969584558,25,30,20
3,6124,0.04254123196302743,6.637753732818213e-09,0.039108942442891106,0.9183498189563288,25,30,20
3,6125,0.028241969157106913,3.9262893363374504e-10,0.05324695638408179,0.9185110740661823,25,30,20
3,6126,0.03626673129828425,2.801932611475755e-10,0.04497624206987422,0.918757026351649,25,30,20
3,6127,0.026474463166819406,2.601573054507227e-10,0.05512801959961035,0.9183975169734141,25,30,20
3,6128,0.026099641290538392,7.829223811265218e-09,0.061670259336808135,0.9122300915434296,25,30,20
3,6129,0.04125451702522148,5.828011142006201e-11,0.040361755203662204,0.9183837277128358,25,30,20
3,6130,0.041885250495175545,4.846799013790176e-11,0.04052413395504547,0.917590615501311,25,30,20
3,6131,0.042245970476148004,4.016707048090148e-11,0.03991303799461827,0.917840991489068,25,30,20
3,6132,0.06807056383356669,5.842991909845626e-11,0.0368425035957512,0.8950869325122526,25,30,20
3,6133,0.05084724266483348,1.2800177710268032e-07,0.0702025935543352,0.8789500357790555,25,30,20
3,6134,0.05331183510171363,1.2803723054181665e-07,0.07028619016157509,0.8764018466994802,25,30,20
3,6135,0.07017075643365524,1.400266830578836e-08,0.05244664351960105,0.8773825860440754,25,30,20
3,6136,0.0808022915671264,3.035182228524186e-08,0.04159818028176858,0.8775994977992823,25,30,20
3,6137,0.04132336130677841,3.036183324482381e-08,0.08015015635449903,0.8785264519768893,25,30,20
3,6138,0.04194519713452866,4.704167623943168e-09,0.07929430542766293,0.8787604927336404,25,30,20
3,6139,0.0438439583797548,5.430750487858612e-09,0.08000102783020692,0.8761550083592893,25,30,20
3,6140,0.03571923753343945,7.364107310178496e-09,0.08616611081234686,0.8781146442901074,25,30,20
3,6141,0.08011351416991415,1.208490165024481e-09,0.041410522205090707,0.8784759624165054,25,30,20
3,6142,0.06705883386752926,0.0021199707049488446,0.05269811809109206,0.8781230773364299,25,30,20
3,6143,0.06910731897143846,0.00211996993433123,0.05250555870711523,0.8762671523871154,25,30,20
3,6144,0.06964889159392759,0.0021200995660285754,0.0513476470544401,0.876883361785604,25,30,20
3,6145,0.06923521056757455,0.0021200857947291955,0.05156070982790399,0.8770839938097923,25,30,20
3,6146,0.06751179468706923,0.0021200857868340327,0.05155044475939708,0.8788176747667004,25,30,20
3,6147,0.04257351869058978,4.5578733484984737e-07,0.04526122383186486,0.9121648016902119,25,30,20
3,6148,0.0019407539896118622,5.137555576176356e-06,0.08591756772452516,0.9121365407302875,25,30,20
3,6149,0.0026778459205177548,1.1213362324816624e-10,0.07862806149893062,0.9186940924684192,25,30,20
3,6150,0.002342828488370882,2.375463353082182e-09,0.0789653920839902,0.9186917770521755,25,30,20
3,6151,0.0025604111906636045,0.03994265577009262,0.03968279052906708,0.9178141425101779,25,30,20
3,6152,0.0026074069284111835,0.03994265577002982,0.04020402226603246,0.9172459150355278,25,30,20
3,6153,0.001554982696075401,0.03994224009267795,0.04009805170656082,0.9184047255046859,25,30,20
3,6154,0.0014900962780493594,0.03994224008825102,0.03996694045021159,0.9186007231834885,25,30,20
3,6155,0.0033463284115991397,0.039942240129581405,0.03983212236303694,0.9168793090957829,25,30,20
3,6156,0.0026132563415030225,0.039287254821634386,0.04033976027568356,0.917759728561179,25,30,20
3,6157,0.021728964206147595,0.039942949193671994,0.021449845984295793,0.9168782406158852,25,30,20
3,6158,0.024322796187892338,0.039942949199977235,0.02145076397722751,0.914283490634903,25,30,20
3,6159,0.020067704883142648,0.03992106866990446,0.021974854648678703,0.9180363717982749,25,30,20
3,6160,0.020155933430564398,0.03992574358911108,0.02144523953884404,0.9184730834414807,25,30,20
3,6161,0.0024280618135666125,0.039954987999220676,0.03902514895688525,0.9185918012303276,25,30,20
3,6162,0.04104834715509093,0.039954988003079145,0.0006151247395989956,0.9183815401022299,25,30,20
3,6163,0.03589546837851951,0.03995545982815761,0.006242923282795829,0.917906148510527,25,30,20
3,6164,0.038799377405189996,0.039954986325620175,0.002825345209310451,0.9184202910598791,25,30,20
3,6165,0.038735340200423456,0.03995126167382612,0.0028271213427333015,0.9184862767830171,25,30,20
3,6166,0.03842830393583656,0.03995505975715756,0.003203477053628977,0.918413159253377,25,30,20
3,6167,0.04122234013097672,0.03994299935897269,0.00013145044496488796,0.9187032100650874,25,30,20
3,6168,0.04106585868647311,0.039920468331906475,0.0003308538580237866,0.9186828191235981,25,30,20
3,6169,0.04087483829707992,0.03992097988034468,0.000526055174066335,0.9186781266485101,25,30,20
3,6170,0.04091479763928788,0.03995542660863817,0.0003837856959577481,0.9187459900561169,25,30,20
3,6171,0.005729581675183562,0.03995492115376305,0.03794704313845291,0.9163684540326016,25,30,20
3,6172,0.00391425728086758,0.039926881001036946,0.037944460032762806,0.9182144016853337,25,30,20
3,6173,0.0035853881534900606,0.03994294659996712,0.03803349511833898,0.9184381701282046,25,30,20
3,6174,0.006397148923570922,0.03997333156786148,0.035712601074380984,0.9179169184341873,25,30,20
3,6175,0.027212745499884568,0.039973634737354644,0.03572079905434815,0.8970928207084118,25,30,20
3,6176,0.0032910035064975217,0.039955200701846764,0.039851162282334485,0.9169026335093214,25,30,20
3,6177,0.0032201808441927166,0.03991781197687466,0.039944327581985684,0.9169176795969469,25,30,20
3,6178,0.002229129410960338,0.039955268145936064,0.04032833402645135,0.9174872684166534,25,30,20
3,6179,0.003201656223535891,0.0644150131587947,0.0200016990749202,0.9123816315427495,25,30,20
3,6180,0.003842196331618282,0.07922207480851001,7.95087016695631e-06,0.9169277779897045,25,30,20
3,6181,0.0013373797620140836,0.0799051725038926,9.08911718830977e-06,0.9187483586169054,25,30,20
3,6182,0.00140073809707705,0.07990517250457999,9.640023307293901e-05,0.9185976891652694,25,30,20
3,6183,0.002292970354908745,0.07990874871582145,4.921429872515155e-06,0.9177933594993974,25,30,20
3,6184,0.0022796429784499223,0.07988580159862689,0.00626271729635859,0.9115718381265644,25,30,20
3,6185,0.003173125851203126,0.07888372875292989,1.7883803163380456e-05,0.917925261592704,25,30,20
3,6186,0.0022799484254795123,0.07891139373853946,0.013978283954754901,0.9048303738812268,25,30,20
3,6187,0.0028417753064941325,0.07984696733470682,0.013982160343284929,0.9033290970155147,25,30,20
3,6188,0.0016974896195177122,0.07985215415961777,0.0001864123196502541,0.9182639439012142,25,30,20
3,6189,0.0015337923740972356,0.07983652671585363,0.00012811331450131937,0.9185015675955474,25,30,20
3,6190,0.002310288601648845,0.0798828575847845,1.707378502770987e-05,0.9177897800285396,25,30,20
3,6191,0.0034017846397889225,0.07985243536109649,0.00014113131899388937,0.9166046486801221,25,30,20
3,6192,0.0031216937850282755,0.07985954104879256,0.0003965815431780406,0.9166221836230009,25,30,20
3,6193,0.002566070988937402,0.06057749028996893,0.019784393119779836,0.9170720456013141,25,30,20
3,6194,0.00249024124390211,0.07988168155421578,0.00029028335804159725,0.9173377938438406,25,30,20
3,6195,0.0022246873536397593,0.07988168152870198,0.0003667873156811851,0.9175268438019757,25,30,20
3,6196,0.002333663331420459,0.07985410292012007,0.0003512231207274241,0.9174610106277321,25,30,20
3,6197,0.007568304585931871,0.07985410292765587,0.00036237088588172734,0.9122152216005306,25,30,20
3,6198,0.007628282259751457,0.07983864285810172,0.00021297020536279962,0.9123201046767834,25,30,20
3,6199,0.0019227801178159775,0.07986231157763905,0.00010690991639968097,0.918107998388145,25,30,20
3,6200,0.005295150885019025,0.07810829350175016,1.8702154894441235e-05,0.9165778534583364,25,30,20
3,6201,0.0016011259499448753,0.07989776523084052,9.65740684547853e-05,0.91840453475076,25,30,20
3,6202,0.001397082546890629,0.0638642681768161,0.016045462999494022,0.9186931862767991,25,30,20
3,6203,0.002260632729986985,0.07927970264308823,0.0006206096890763077,0.9178390549378477,25,30,20
3,6204,0.0032016151884718238,0.07989827021625978,7.498824678432258e-06,0.9168926157705903,25,30,20
3,6205,0.0018886520245682183,0.07989833095078291,0.004526801148823231,0.9136862158758245,25,30,20
3,6206,0.0031541084530122237,0.07928787392444851,0.005130400985470368,0.9124276166370691,25,30,20
3,6207,0.0035367126798586013,0.07929944644543883,0.000614397853673301,0.9165494430210308,25,30,20
3,6208,0.0020132059101683353,0.07929963196717123,0.0006136607262374537,0.918073501396424,25,30,20
3,6209,0.001382648888751962,0.07929963196838698,0.0006127579708198342,0.9187049611720414,25,30,20
3,6210,0.0013828922865094535,0.07985935488687008,3.155317239985e-05,0.9187261996542204,25,30,20
3,6211,0.0023359322343626016,0.0798965239560163,1.1735724693406593e-05,0.9177558080849265,25,30,20
3,6212,0.0013705546033496157,0.05056117567572616,0.029726604493366768,0.9183416652275577,25,30,20
3,6213,0.0032402385683994854,0.0792886880455164,0.0007166882250958927,0.9167543851609882,25,30,20
3,6214,0.0023119035940567627,0.06054816118864612,0.01936959049534419,0.9177703447219546,25,30,20
3,6215,0.0013969661761190654,0.07928801362525842,0.0007067808929771873,0.9186082393056465,25,30,20
3,6216,0.0013915675849638007,0.0798963586076537,6.642931298946283e-06,0.9187054308760847,25,30,20
3,6217,0.0013490087493712704,0.0799081696714565,4.322094655118343e-06,0.9187384994845167,25,30,20
3,6218,0.0017641998988974694,0.07990816967969139,7.75961762637556e-06,0.9183198708037859,25,30,20
3,6219,0.0017833668229393013,0.07986778815466936,3.4090436144658184e-05,0.9183147545862477,25,30,20
3,6220,0.0015943089729188271,0.0798373507229392,3.585352944410143e-05,0.9185324867746985,25,30,20
3,6221,0.0015527252650842606,0.07988219587044507,1.205947775172503e-05,0.9185530193867194,25,30,20
3,6222,0.0013094930860889616,0.07988219587003709,1.3645925428445722e-05,0.9187946651184459,25,30,20
3,6223,0.0012943546051400032,0.07989695471659046,2.497074418600312e-05,0.9187837199340833,25,30,20
3,6224,0.0013413246074408603,0.07816959116468011,0.006312439548707305,0.9141766446791706,25,30,20
3,6225,0.0012929864540768541,0.07991009290651663,1.367744071303259e-05,0.9187832431986943,25,30,20
3,6226,0.0022538516693822136,0.0798961629639602,2.1559586192520985e-05,0.9178284257804656,25,30,20
3,6227,0.0016583971675537387,0.0798863545337005,0.0004741274044980398,0.9179811208942479,25,30,20
3,6228,0.002607373834124877,0.04073347894115617,0.03918316236892545,0.9174759848557942,25,30,20
3,6229,0.00502534594707331,0.039954965402848965,0.0384258183777302,0.9165938702723477,25,30,20
3,6230,0.0022857907386802873,0.0399421750751105,0.04008901939849938,0.9176830147877104,25,30,20
3,6231,0.0024971463396053803,0.038986497621886336,0.04036775950884091,0.9181485965296673,25,30,20
3,6232,0.002232695970874963,0.03898674476440303,0.039969484828236895,0.9188110744364856,25,30,20
3,6233,0.0023338134181993568,0.043704993336387214,0.03616544406199312,0.9177957491834211,25,30,20
3,6234,0.003967287026120417,0.0437019806987748,0.03634590385533032,0.9159848284197749,25,30,20
3,6235,0.040876473314478315,0.03995519067247006,0.0022310826833308504,0.9169372533297216,25,30,20
3,6236,0.04389076813977015,0.03995521117292884,0.0007850798380308341,0.9153689408492702,25,30,20
3,6237,0.04262165623363422,0.03992370894344185,0.000718717333947938,0.9167359174889756,25,30,20
3,6238,0.0069161567910840495,0.039943074258884145,0.03467519498025785,0.9184655739697745,25,30,20
3,6239,0.042090910155614364,0.0399430777820243,0.0006112556164863483,0.9173547564458755,25,30,20
3,6240,0.0655865570094381,0.039919826278792134,0.0011419532554174916,0.8933516634563532,25,30,20
3,6241,0.05635357096263953,0.03992003683977515,0.023981982920794523,0.8797444092767914,25,30,20
3,6242,0.07644972338859665,0.03992849491123615,0.004750981613206109,0.8788708000869623,25,30,20
3,6243,0.049754709772191236,0.03992703162171082,0.03189781251285688,0.8784204460932414,25,30,20
3,6244,0.06656741303905159,0.03994265970937609,0.01681634505641234,0.8766735821951603,25,30,20
3,6245,0.024901888138324713,0.03995516238190816,0.05672885139109332,0.8784140980886729,25,30,20
3,6246,0.026510050409333435,0.0399426638578424,0.05507283468346556,0.8784744510493583,25,30,20
3,6247,0.04148894868760816,0.039943123459352,0.040233348471342543,0.8783345793816983,25,30,20
3,6248,0.04183818639858674,0.039943123459676044,0.04004054554090046,0.8781781446008362,25,30,20
3,6249,0.04124059743428948,0.03994321958341572,1.4853239261384544e-05,0.9188013297430335,25,30,20
3,6250,0.03721237375407187,0.024524613657362554,0.017960039115904842,0.9203029734726599,25,30,20
3,6251,0.003850941623035597,0.024524596337171408,0.053615815747430844,0.9180086462923615,25,30,20
3,6252,0.041280899839407095,0.039515845914586685,0.006505263523924836,0.9126979907220814,25,30,20
3,6253,0.04067709385196887,0.03951584590852357,0.001997739926198652,0.9178093203133091,25,30,20
3,6254,0.03982409784683091,0.03991165323274804,0.0015886178756506924,0.9186756310447707,25,30,20
3,6255,0.02686673321965149,0.03991165269039916,0.015430066308403195,0.9177915477815458,25,30,20
3,6256,0.025921846432743707,0.039954566729143326,0.015398142724687194,0.9187254441134256,25,30,20
3,6257,0.04211868635961714,0.03995456710774358,0.0001954255995425331,0.9177313209330967,25,30,20
3,6258,0.04216292217149566,0.03992689713493292,1.9157323574538985e-05,0.9178910233699971,25,30,20
3,6259,0.042652297076525854,0.03994321103960098,0.004448925170148589,0.9129555667137252,25,30,20
3,6260,0.04037990762698837,0.03994321326322206,0.00527283424872138,0.9144040448610695,25,30,20
3,6261,0.04244518523359005,0.03994320895248352,9.355182994284547e-05,0.9175180539839833,25,30,20
3,6262,0.043902135159687244,0.03995123765079778,9.378228432676045e-05,0.9160528449051891,25,30,20
3,6263,0.04225880435323398,0.0398947018453321,8.92020355756841e-05,0.9177572917658585,25,30,20
3,6264,0.04239865695825079,0.03995126766118818,0.0002658621788628258,0.9173842132016986,25,30,20
3,6265,0.04302595837763053,0.03995126763503029,0.0004920304847900005,0.9165307435025488,25,30,20
3,6266,0.042672959740319226,0.039951267650328685,0.00030812806333614293,0.9170676445460161,25,30,20
3,6267,0.04175843679979221,0.039915504288830325,0.0002469342237173697,0.9180791246876595,25,30,20
3,6268,0.008165944839182955,0.03933798027242462,0.03572893851799999,0.9167671363703941,25,30,20
3,6269,0.029338229064471727,0.03994041528651169,0.013690834719101326,0.9170305209299155,25,30,20
3,6270,0.0448204093942717,0.039927313341865306,0.0013719393779937816,0.9138803378858692,25,30,20
3,6271,0.011356926979506712,0.038816164502118305,0.03255816691558012,0.9172687416027947,25,30,20
3,6272,0.003019978350826202,0.04059253806039776,0.03880170230964758,0.9175857812791289,25,30,20
3,6273,0.0018935061837080285,0.040592538061238595,0.03905767364012489,0.9184562821149288,25,30,20
3,6274,0.01241291010413262,0.039927111350271896,0.029182248115665277,0.9184777304299306,25,30,20
3,6275,0.0014637129448291457,0.039955132847299936,0.03989855372682609,0.9186826004810444,25,30,20
3,6276,0.0032895538711814887,0.03994322168763836,0.0364248935652178,0.920342330875963,25,30,20
3,6277,0.0013731055028890317,0.03994293416860492,0.04012412156750588,0.9185598387609997,25,30,20
3,6278,0.0014522761734986672,0.039942929903806025,0.03992381962646257,0.9186809742962325,25,30,20
3,6279,0.0014519300917101745,0.039942933794885976,0.03652490746219676,0.9220802286512061,25,30,20
3,6280,0.0022061504476356686,0.039942834100000636,0.036889204499754184,0.9209618109526103,25,30,20
3,6281,0.005768723076503367,0.03994283446579401,0.03671575594519891,0.917572686512504,25,30,20
3,6282,0.008282742186608153,0.039942834925666554,0.04013911025095637,0.9116353126367703,25,30,20
3,6283,0.006847724902438025,0.039029146050740524,0.04009411217826447,0.9140290168685575,25,30,20
3,6284,0.005390777240184501,0.039923479523187776,0.03970198836857955,0.9149837548680483,25,30,20
3,6285,0.005645883010847246,0.03993209874572262,0.03994795718441578,0.9144740610590142,25,30,20
3,6286,0.007362450639847973,0.03993209842326634,0.039486578582210184,0.9132188723546762,25,30,20
3,6287,0.0023669655811122464,0.03994321875666598,0.011732512198611635,0.9459573034636094,25,30,20
3,6288,0.0015669386622222442,0.03994321875988564,0.00019264316040564598,0.9582971994174865,25,30,20
3,6289,0.0013162425973426088,0.039943218748084514,0.00046969890359906043,0.958270839750974,25,30,20
3,6290,0.001365487473768632,0.039943218754934263,9.656790898257354e-05,0.9585947258623146,25,30,20
3,6291,0.001966528962293002,0.0399432187660785,1.60010359834906e-05,0.9580742512356442,25,30,20
3,6292,0.0012954828084387748,0.03994321874350167,1.1783825203321242e-05,0.9587495146228566,25,30,20
3,6293,0.0013774620989704133,0.03994321873405236,5.454601049035375e-06,0.958673864565928,25,30,20
3,6294,0.001665422080567904,0.03934115815405278,0.0007151008192821308,0.9582783189460965,25,30,20
3,6295,0.001558121283147841,0.039954647376236316,6.835706569589481e-06,0.958480395634046,25,30,20
3,6296,0.0013072149047448477,0.039951254824040515,0.002044853231941945,0.9566966770392727,25,30,20
3,6297,0.0023182831977326527,0.03995125483105828,1.7150243925155296e-05,0.9577133117272841,25,30,20
3,6298,0.006562820610291054,0.03992880491560862,0.00043658756451007557,0.9530717869095904,25,30,20
3,6299,0.0037223122890161133,0.03992687133501072,0.00039679837155641987,0.9559540180044165,25,30,20
3,6300,0.0022954472804168295,0.03992687132971929,1.0712254851453632e-05,0.9577669691350121,25,30,20
3,6301,0.0013731513952144406,0.039926871325381766,3.76183516487043e-06,0.9586962154442383,25,30,20
3,6302,0.0014275924938724949,0.03990238849650039,0.0003036520236309083,0.9583663669859958,25,30,20
3,6303,0.0016074311983536069,0.03995512596602405,5.003139024014819e-06,0.9584324396965974,25,30,20
3,6304,0.001648734451699763,0.03994300639397594,0.010785000405569916,0.9476232587487529,25,30,20
3,6305,0.00251378387416279,0.03995477504419667,9.961718321144779e-06,0.9575214793633192,25,30,20
3,6306,0.0024997427028333415,0.0399547750285251,0.006625832251339334,0.950919650017303,25,30,20
3,6307,0.0023014726388770022,0.03995469189007605,0.006619030354615865,0.9511248051164319,25,30,20
3,6308,0.00774446691833447,0.0382270324043644,0.0017257535492447987,0.9523027471280558,25,30,20
3,6309,0.0040219414438273995,0.03822703237867623,0.0017306326444626236,0.9560203935330346,25,30,20
3,6310,0.0054631289788051015,0.039931188853759944,0.0003976233944298337,0.954208058773005,25,30,20
3,6311,0.005353172567211798,0.03993898616824373,0.00042852670163625266,0.9542793145629078,25,30,20
3,6312,0.004317958857319124,0.03993898616599059,0.0005136279237503974,0.9552294270529402,25,30,20
3,6313,0.0024305812376378554,0.03993898581108872,0.0004917275157532905,0.9571387054355195,25,30,20
3,6314,0.0015278632476744163,0.014139184458352428,0.025765357367302948,0.9585675949266711,25,30,20
3,6315,0.003342454898355088,0.039919301574237974,0.013814350845454364,0.9429238926819533,25,30,20
3,6316,0.002398153906457451,0.03991930156974019,0.013811984110823444,0.9438705604129796,25,30,20
3,6317,0.0020867959434945956,0.039951261570347264,1.7744702092036762e-05,0.957944197784066,25,30,20
3,6318,0.002393547674799113,0.039942941349086936,1.4006829312742906e-05,0.9576495041468016,25,30,20
3,6319,0.002775516739762791,0.039688185740471525,0.0004072838939037898,0.9571290136258622,25,30,20
3,6320,0.0018800498705611826,0.03994242933373402,0.000278478495771518,0.9578990422999335,25,30,20
3,6321,0.0026887648061049763,0.039924869165280874,0.00016934911724843918,0.9572170169113656,25,30,20
3,6322,0.0012683762728127304,0.03992486915614808,4.0287012645367794e-05,0.9587664675583945,25,30,20
3,6323,0.004112673732007003,0.039924869172603995,3.906267248741915e-05,0.955923394422901,25,30,20
3,6324,0.0013596145085163517,0.03995498349164411,1.1459079570085574e-05,0.9586739429202702,25,30,20
3,6325,0.001264192165792082,0.03995498349564971,6.967793732893078e-06,0.9587738565448256,25,30,20
3,6326,0.0013183563934273997,0.0399549886679053,8.941869512955713e-06,0.9587177130691543,25,30,20
3,6327,0.0037541254467212287,0.03993491330107091,0.004674584185583085,0.9516363770666249,25,30,20
3,6328,0.0014362165800684758,0.03995491541447572,9.5777215016292e-05,0.9585130907904394,25,30,20
3,6329,0.0012997552648930685,0.039954842718463446,0.0001341350793139681,0.9586112669373291,25,30,20
3,6330,0.0016051811631256018,0.024534382305154385,0.015425134395976044,0.9584353021357431,25,30,20
3,6331,0.001547948738513661,0.03995512685250834,9.15284027928778e-05,0.9584053960061845,25,30,20
3,6332,0.0013067879496854887,0.03995499211695196,4.18958804590077e-06,0.9587340303453169,25,30,20
3,6333,0.0038768451276414897,0.03994265001252654,0.0002712973924261534,0.9559092074674065,25,30,20
3,6334,0.004283991177359331,0.038716986476469636,0.00797543539723209,0.9490235869489392,25,30,20
3,6335,0.0025419606675676637,0.03992076990330655,0.00011791857246480506,0.9574193508566607,25,30,20
3,6336,0.0025403903346068036,0.0399432065249744,4.118168936589062e-06,0.9575122849714824,25,30,20
3,6337,0.0032368799787224783,0.03994307857481264,3.9477981857937736e-05,0.9567805634646075,25,30,20
3,6338,0.0033039563694470912,0.039943078573310385,0.00038451752884631295,0.9563684475283971,25,30,20
3,6339,0.0025769351710982842,0.039910646852167664,0.0002712603582737411,0.957241157618459,25,30,20
3,6340,0.002237546754987895,0.03993549310183061,0.0002711238254325289,0.9575558363177484,25,30,20
3,6341,0.0032123147114456836,0.03995118428787151,0.006504299370698285,0.9503322016299847,25,30,20
3,6342,0.0021979203058727814,0.0399511842793568,9.792707274790925e-06,0.9578411027074957,25,30,20
3,6343,0.0027257209230228973,0.039942997854004174,1.282293985019179e-05,0.9573184582831216,25,30,20
3,6344,0.0025257759558992995,0.03992033137207954,5.421739140096869e-05,0.9574996752806196,25,30,20
3,6345,0.0017137687472785672,0.03995452981129761,2.758027309559636e-05,0.9583041211683274,25,30,20
3,6346,0.0023354211181801678,0.039954529580888694,3.6746504682953037e-06,0.9577063746504636,25,30,20
3,6347,0.00312329640054275,0.03995443048271448,6.6760585688609395e-06,0.9569155970581751,25,30,20
3,6348,0.003757829356497144,0.039954983670006404,0.00011256553894099343,0.9561746214345561,25,30,20
3,6349,0.0026582591815629613,0.03990193302558703,1.5466904948523578e-05,0.9574243408878993,25,30,20
3,6350,0.0020697911071072676,0.03995512313090377,0.00013312279562444204,0.9578419629663654,25,30,20
3,6351,0.0018247589556865487,0.03995512310033575,0.00478076558414734,0.95343935235983,25,30,20
3,6352,0.002377857591842265,0.039910923704999685,0.00010393620144342268,0.9576072825017137,25,30,20
3,6353,0.001977559925224754,0.039910923701640684,6.982989168301974e-06,0.958104533383965,25,30,20
3,6354,0.0019009424089627787,0.03991092369562941,9.96252760842213e-06,0.9581781713677997,25,30,20
3,6355,0.0013910471045508513,0.03995457828618015,1.0498606890175545e-05,0.958643876002379,25,30,20
3,6356,0.003973525175883962,0.03995469141923537,2.4782626556455726e-05,0.9560470007783249,25,30,20
3,6357,0.004558619674859479,0.03994294150985297,0.00013759058949976345,0.9553608482257876,25,30,20
3,6358,0.004507220771275288,0.0387565576977432,0.0013352457044908425,0.9554009758264899,25,30,20
3,6359,0.004310529714462232,0.039927308981847945,4.976171591739757e-06,0.955757185132097,25,30,20
3,6360,0.003264434798749867,0.03994293039182947,1.840736844444037e-05,0.9567742274409761,25,30,20
3,6361,0.003379933533638986,0.0399430581366077,2.042914406598436e-05,0.956656579185688,25,30,20
3,6362,0.0031837707806323377,0.03994305815283963,1.6010982459301377e-05,0.9568571600840685,25,30,20
3,6363,0.002277375239826937,0.039943073480764466,1.1014807069418982e-05,0.9577685364723396,25,30,20
3,6364,0.003502816335726378,0.03989509947266637,1.7545968155220726e-05,0.9565845382234522,25,30,20
3,6365,0.00351090724419802,0.03989509948044774,0.004788365966845173,0.951805627308509,25,30,20
3,6366,0.0016452200235591496,0.03989509947395203,0.040071326412118975,0.9183883540903699,25,30,20
3,6367,0.0019493249108661573,0.0398950994899224,0.006196440911222812,0.9519591346879896,25,30,20
3,6368,0.0014102550812333326,0.03995518869993321,0.00013387345755658757,0.9585006827612784,25,30,20
3,6369,0.0013402982075242662,0.03995518870038862,0.00014045902292206456,0.9585640540691648,25,30,20
3,6370,0.0017741139826676097,0.03994434552927603,1.8970817875401657e-05,0.9582625696701809,25,30,20
3,6371,0.0012602234666963161,0.039955199366261934,6.896309419968308e-06,0.9587776808576224,25,30,20
3,6372,0.0013063555149589387,0.03823865687450308,0.001732155898784343,0.9587228317117544,25,30,20
3,6373,0.00159318076560445,0.03991150639637376,3.484514465553445e-05,0.9584604676933669,25,30,20
3,6374,0.0023070309736729798,0.03995487379448195,0.00013805032602805362,0.957600044905818,25,30,20
3,6375,0.001307088716975372,0.03995518179479174,3.703106840354287e-06,0.9587340263813927,25,30,20
3,6376,0.0016769199195098895,0.03995518181237425,4.704151417716725e-06,0.958363194116698,25,30,20
3,6377,0.0029322812967390436,0.03902782879470967,6.454981398727683e-06,0.9580334349271535,25,30,20
3,6378,0.0016934255591091016,0.03994305698426146,4.725730276701959e-06,0.958358791726353,25,30,20
3,6379,0.0034498461248009087,0.03990772839059486,4.3782054502275043e-05,0.956598643430102,25,30,20
3,6380,0.006256170458561603,0.03995409569570235,0.004675089885092717,0.949114643960643,25,30,20
3,6381,0.005334617929636016,0.039676037998090816,1.3048916948925034e-05,0.9549762951553238,25,30,20
3,6382,0.0037406562191157266,0.03994209652200961,0.0001459488868009994,0.9561712983720738,25,30,20
3,6383,0.001278168339846419,0.039943208507882376,0.004657938452162851,0.9541206847001075,25,30,20
3,6384,0.0023010524172441694,0.039955126486170556,0.0003888907572752854,0.95735493033931,25,30,20
3,6385,0.001351666504145263,0.03995512646572462,0.00010088206114122696,0.9585923249689902,25,30,20
3,6386,0.0013352990956417366,0.03995512646504325,4.331269645695517e-06,0.9587052431696699,25,30,20
3,6387,0.00190292487086476,0.03995512648518586,1.1621591366388432e-05,0.9581303270525833,25,30,20
3,6388,0.002464600171878859,0.03995475432228971,1.1810992193343413e-05,0.9575688345136385,25,30,20
3,6389,0.002506442155171395,0.039954700039505416,3.506185336937714e-06,0.9575353516199858,25,30,20
3,6390,0.0015956972974656841,0.038238089158006375,0.0017246739879126385,0.9584415395566149,25,30,20
3,6391,0.003232303954254721,0.038238089185256674,0.0017241121331727338,0.9568054947273165,25,30,20
3,6392,0.0023391388913333987,0.039341507879087995,0.0006156694015979817,0.9577036838279815,25,30,20
3,6393,0.0025831288821136357,0.039927293934985106,1.3280853753806683e-05,0.9574762963291475,25,30,20
3,6394,0.0015225604187853856,0.03964519590938204,4.512519136552499e-05,0.9587871184804669,25,30,20
3,6395,0.0018250330508734229,0.03964519592601597,4.16328844776466e-05,0.9584881381386328,25,30,20
3,6396,0.0016049196444908426,0.03995506079183095,1.2261282457146348e-05,0.9584277582812212,25,30,20
3,6397,0.0013635477275410507,0.03992374440648474,4.791169988937655e-05,0.9586647961660856,25,30,20
3,6398,0.001324572647916395,0.039943209057667566,8.860579465382673e-06,0.9587233577149509,25,30,20
3,6399,0.002364389742003993,0.03989936282015715,1.3727699461917205e-05,0.957722519738377,25,30,20
3,6400,0.002686163210465575,0.039942027885537995,1.0115966829900455e-05,0.9573616929371666,25,30,20
3,6401,0.0018564354390905086,0.03994202787660627,0.013966314625639725,0.9442352220586645,25,30,20
3,6402,0.003661134243274467,0.03995450956610572,1.8749978595013996e-05,0.9563656062120248,25,30,20
3,6403,0.001753158826833647,0.03995450954519907,1.2712488942533286e-05,0.9582796191390252,25,30,20
3,6404,0.0018886464526956393,0.03995450955478164,0.00014474800311662977,0.9580120959894062,25,30,20
3,6405,0.0016610706373326358,0.03995450954122315,7.896628205736007e-06,0.9583765231932386,25,30,20
3,6406,0.001599738808410435,0.039931572788912344,1.606234452449447e-05,0.9584526260581537,25,30,20
3,6407,0.00226841182180448,0.03993157280196205,0.0004839973582704321,0.9573160180179632,25,30,20
3,6408,0.0013463649170127366,0.039954762339032404,9.157353240498436e-05,0.9586072992115493,25,30,20
3,6409,0.0024089404344912035,0.03995476235450675,9.566732437813521e-05,0.9575406298866233,25,30,20
3,6410,0.005024844547159283,0.03990171538184922,9.388233883289689e-05,0.9549795577321593,25,30,20
3,6411,0.0013393184226673542,0.03994314182539826,0.006161668369452655,0.9525558713824834,25,30,20
3,6412,0.0012862387695067477,0.039943220729213455,0.00037707539050127996,0.9583934651107788,25,30,20
3,6413,0.0013106227779349077,0.039954916667484436,0.00037742588215259503,0.9583570346724268,25,30,20
3,6414,0.0015567747626279084,0.0399429981445918,0.00036995948657729695,0.9581302676062019,25,30,20
3,6415,0.001387079427099138,0.039942658599585776,0.00032024815624888777,0.9583500138170661,25,30,20
3,6416,0.0014612118009416609,0.03994321643724852,0.0003128119141898732,0.9582827598476196,25,30,20
3,6417,0.0014460620483051623,0.03994321643742689,0.00013758939009184324,0.9584731321241761,25,30,20
3,6418,0.0034180753727700536,0.03953271500716447,0.0005674457622442044,0.9564817638578205,25,30,20
3,6419,0.0024249139286623925,0.03953271477991068,0.0004290876625034593,0.9576132836289242,25,30,20
3,6420,0.003375107587130022,0.03953271479030111,0.0006984028127139759,0.9563937748098549,25,30,20
3,6421,0.0023806671841844905,0.03818802388433676,0.0017649081252336454,0.957666400806245,25,30,20
3,6422,0.002355227150913421,0.03818802389343003,0.0018573090874834802,0.9575994398681743,25,30,20
3,6423,0.0013422636595445702,0.03995519265602588,4.747114201284053e-06,0.9586977965702294,25,30,20
3,6424,0.0025954469297930836,0.03995519267299557,5.840665136446657e-06,0.9574435197320749,25,30,20
3,6425,0.002340366036626951,0.039944402236860604,0.00028137079526355246,0.9574338609312484,25,30,20
3,6426,0.0018640288245878097,0.03994252665039802,0.00040462602266395995,0.9577888185023491,25,30,20
3,6427,0.001966888750672027,0.03994252665499153,0.03660351550443688,0.9214870690899006,25,30,20
3,6428,0.0016976863997131093,0.03995498412540772,0.03648157611602922,0.9218657533588518,25,30,20
3,6429,0.002370967615957116,0.039954984195026806,0.04009482958075005,0.917579218608267,25,30,20
3,6430,0.0021796339477614494,0.03993863291841311,0.040079598838156504,0.9178021342956693,25,30,20
3,6431,0.002363686067766837,0.03993852325052285,0.03914143159816526,0.9185563590835464,25,30,20
3,6432,0.001456953470017876,0.03993852324172569,0.03995695088267247,0.9186475724055841,25,30,20
3,6433,0.00230732906225202,0.03993852325137231,0.03994643477824199,0.9178077129081329,25,30,20
3,6434,0.002512827322936788,0.03994196448516083,0.03995809097336143,0.9175871172185406,25,30,20
3,6435,0.005102609923863698,0.03994322363781084,0.03995691928712475,0.9149972471512026,25,30,20
3,6436,0.002292810294378011,0.03994322361569571,0.04022476105519148,0.9175392050347371,25,30,20
3,6437,0.0022654693554200883,0.039954506820371355,0.03994173330215822,0.9178382905220519,25,30,20
3,6438,0.001432040708231157,0.03995450681066111,0.03994067158021777,0.9186727809008909,25,30,20
3,6439,0.0012779962831714336,0.039954506815754735,0.039937002111789355,0.9188304947892868,25,30,20
3,6440,0.0015213083529351165,1.7143321582923871e-10,0.08424641907381598,0.9142322724018164,25,30,20
3,6441,0.0014935995745298481,1.6809930327884518e-10,0.07911851663481075,0.9193878836225615,25,30,20
3,6442,0.0016070507669012175,1.0521705499773345e-09,0.07986406884040431,0.9185288793405251,25,30,20
3,6443,0.011991589374071698,6.364567784656974e-09,0.07941001645882902,0.908598387802532,25,30,20
3,6444,0.00843825132630698,1.7134399111283164e-09,0.07404071525322238,0.9175210317070307,25,30,20
3,6445,0.0035147095144402456,8.418165514445458e-10,0.0794771091528419,0.9170081804909009,25,30,20
3,6446,0.0019344303621029926,8.236974325502046e-10,0.0794839145214867,0.9185816542927131,25,30,20
3,6447,0.0016629614874895885,3.3533246013900285e-11,0.07972884399189621,0.9186081944870828,25,30,20
3,6448,0.02990035665104129,2.330181629358025e-11,0.051493046642765695,0.9186065966828914,25,30,20
3,6449,0.04338104633292286,6.437540919453434e-11,0.03858635791421889,0.918032595688483,25,30,20
3,6450,0.043295591233310976,5.629903200188963e-10,0.03858382676213498,0.9181205814415633,25,30,20
3,6451,0.0413337408061338,2.163958677282859e-05,0.039952806327208934,0.9186918132798851,25,30,20
3,6452,0.0422334682168495,1.991099518510391e-06,0.03513652292986884,0.9226280177537631,25,30,20
3,6453,0.041169454379943175,1.2491673138419316e-10,0.03998582158451921,0.918844723910621,25,30,20
3,6454,0.04259737792550562,6.60583662714633e-09,0.039978496368356986,0.9174241191003005,25,30,20
3,6455,0.0067356511491912675,3.5557787320646137e-10,0.0755071570689394,0.9177571914262909,25,30,20
3,6456,0.005811157191666016,3.6765055600157625e-10,0.07541457495766686,0.918774267483016,25,30,20
3,6457,0.02598155738111239,6.832748944127856e-10,0.015480348450679296,0.9585380934849322,25,30,20
3,6458,0.023025884238581606,1.638387126369786e-05,0.018256921699026964,0.9587008101911263,25,30,20
3,6459,0.04128088284078677,3.164435026697848e-11,3.098700168777702e-05,0.95868813012588,25,30,20
3,6460,0.0014545352093771127,1.2848075152652126e-07,0.039958213586377064,0.9585871227234949,25,30,20
3,6461,0.0023524419891054926,3.397099654447997e-10,0.03645339399210024,0.9611941636790842,25,30,20
3,6462,0.0014725643014066828,3.229441422264773e-10,0.03681817913785979,0.9617092562377897,25,30,20
3,6463,0.0015427119899236493,2.140085099014733e-09,0.046150097493851794,0.9523071883761389,25,30,20
3,6464,0.004753860339216634,2.1626583375669385e-09,0.04616250557834623,0.949083631919779,25,30,20
3,6465,0.004198650394373229,2.1518035811235724e-09,0.04615801955945617,0.9496433278943668,25,30,20
3,6466,0.04205127121949565,4.647567937075898e-10,3.365028148320659e-05,0.9579150780342645,25,30,20
3,6467,0.03619227304144334,4.952813067635507e-10,0.009884550784485455,0.95392317567879,25,30,20
3,6468,0.03275588353356449,2.2119754655520605e-10,0.009871766973181291,0.9573723492720561,25,30,20
3,6469,0.03189483872114612,2.0717138273303156e-07,0.010323736177718068,0.9577812179297517,25,30,20
3,6470,0.04204775819569506,7.713764849943631e-10,0.03964981202579261,0.9183024290071367,25,30,20
3,6471,0.042211175219454666,2.761472439645469e-10,0.0004631246699700958,0.9573256998344278,25,30,20
3,6472,0.04394217892632515,2.842485754781684e-10,0.0004601586791676755,0.9555976621102584,25,30,20
3,6473,0.04227161413794089,2.921863197863143e-10,0.00045139852080922495,0.957276987049063,25,30,20
3,6474,0.044123916181716204,2.9243796895210633e-10,0.00046041873188060515,0.9554156647939651,25,30,20
3,6475,0.04407570503532431,3.1706456491850333e-10,0.0004628692769864962,0.9554614253706245,25,30,20
3,6476,0.011496669459426269,4.6718603977687975e-09,0.033689357957654306,0.9548139679110601,25,30,20
3,6477,0.007660706858449552,4.318377819328029e-09,0.03368247896153038,0.9586568098616425,25,30,20
3,6478,0.0022139259947805867,1.1420962519834584e-09,0.03938883694589713,0.9583972359172261,25,30,20
3,6479,0.041223688407928144,4.6419858708507597e-11,8.680228630725706e-05,0.9586895092593437,25,30,20
3,6480,0.004182531557847076,2.03457457817188e-09,0.03656913892473397,0.9592483274828446,25,30,20
3,6481,0.005900306935246002,2.042785306438098e-09,0.03656507019165822,0.9575346208303105,25,30,20
3,6482,0.005691683478647303,5.710935310604431e-11,0.039626029349742235,0.9546822871145025,25,30,20
3,6483,0.005343474939360818,1.6975831795089682e-10,0.03881839784964659,0.9558381270412352,25,30,20
3,6484,0.005003121213863663,5.817746080661839e-11,0.03989019899158287,0.9551066797363774,25,30,20
3,6485,0.004007144495506094,4.548156858951042e-11,0.03996605671823757,0.9560267987407761,25,30,20
3,6486,0.0015153471641774516,4.2011315365069884e-11,0.039883027204463045,0.9586016255893479,25,30,20
3,6487,0.001430625129804913,3.740194033249047e-11,0.039883393015132905,0.9586859818176605,25,30,20
3,6488,0.01163852991293683,4.525395593003256e-11,0.02974951538360509,0.9586119546582053,25,30,20
3,6489,0.0031297324439194373,5.342906710302557e-10,0.04008983517682133,0.9567804318449689,25,30,20
3,6490,0.0333036839878079,5.474149717649694e-06,0.008471539597168213,0.9582193022653049,25,30,20
3,6491,0.04128336168359894,1.3387567792821724e-09,0.0019672410256056597,0.9567493959520381,25,30,20
3,6492,0.03980834762018896,1.3167923801014279e-09,0.001966467352301357,0.9582251837107171,25,30,20
3,6493,0.04090995010634093,7.104054347925221e-10,0.0003324608321890946,0.9587575883510644,25,30,20
3,6494,0.016192337040347008,5.329643827634887e-08,0.029105826263410527,0.9547017833998042,25,30,20
3,6495,0.016392336437860505,5.7320037484152924e-08,0.06715524032542751,0.9164523659166747,25,30,20
3,6496,0.0033265610163410895,1.1064004981289133e-07,0.078047757659006,0.9186255706846034,25,30,20
3,6497,0.013802506946057074,4.2057623810786034e-09,0.06747499651197462,0.9187224923362064,25,30,20
3,6498,0.04734671264493834,1.524965217667486e-08,0.07585719278061208,0.8767960793247973,25,30,20
3,6499,0.033689526694275045,1.1781263903228338e-07,0.08753123753307451,0.8787791179600118,25,30,20
3,6500,0.041275843823866086,1.0233178452378855e-09,0.04038388113530297,0.9183402740175127,25,30,20
3,6501,0.04112550539031281,1.024388858971399e-09,0.04038880782919978,0.9184856857560995,25,30,20
3,6502,0.04332896065705188,1.204945501855709e-10,0.040085530175347175,0.9165855090471069,25,30,20
3,6503,0.04411205150541837,0.0007607510391866159,0.03882793450968438,0.9162992629457105,25,30,20
3,6504,0.041211860367668614,1.1283056189662652e-10,0.04009251289675044,0.9186956266227511,25,30,20
3,6505,0.04111617695839015,2.578550918255358e-07,0.0404112619740209,0.9184723032124971,25,30,20
3,6506,0.04247347179053072,7.071952074260726e-11,0.03998925813577426,0.9175372700029756,25,30,20
3,6507,0.042609837239610995,1.2454970994638318e-05,0.04001573742981894,0.9173619703595746,25,30,20
3,6508,0.042289111331624024,4.583633360129321e-09,0.04026088392787463,0.9174500001568683,25,30,20
3,6509,0.04136431700267544,1.8447913036802175e-10,0.04034234458631521,0.9182933382265297,25,30,20
3,6510,0.0035143845262194033,1.0017130787158763e-05,0.07776378157842158,0.9187118167645713,25,30,20
3,6511,0.004243044712979095,1.0017146162541467e-05,0.07775727398671069,0.9179896641541468,25,30,20
3,6512,0.0030156337772512722,6.630928103708635e-11,0.08000766147508495,0.9169767046813564,25,30,20
3,6513,0.002056830582372429,2.484500531454527e-07,0.08003256540074025,0.9179103555668342,25,30,20
3,6514,0.006527485841051947,2.4844946767176945e-07,0.08865080424510287,0.904821461464378,25,30,20
3,6515,0.009062434093180458,2.6806804952883905e-07,0.07333321295840332,0.9176040848803672,25,30,20
3,6516,0.0014871206747009663,2.493379195834051e-07,0.07995073122877362,0.918561898758605,25,30,20
3,6517,0.0022730367121913185,5.496279585612978e-09,0.07892610635559277,0.9188008514359374,25,30,20
3,6518,0.031800431839209706,4.9803791300388355e-09,0.04947802697010039,0.9187215362103103,25,30,20
3,6519,0.031890929230054904,5.104607663519257e-09,0.05053995837241748,0.9175691072929194,25,30,20
3,6520,0.03718063446636608,2.5214573448245284e-07,0.04536852555507745,0.9174505878328211,25,30,20
3,6521,0.04215848042636953,2.3094323204277926e-10,0.0400498186680856,0.9177917006746018,25,30,20
3,6522,0.042285821036534534,2.9968836555422986e-10,0.039966428352532196,0.9177477503112459,25,30,20
3,6523,0.04219928099208242,4.386605061676781e-09,0.04003963116231586,0.917761083458998,25,30,20
3,6524,0.03717066046529721,2.370073890932804e-09,0.045321063496931976,0.9175082736676973,25,30,20
3,6525,0.05317684946605148,5.455233780008897e-10,0.029116705034850362,0.9177064449535746,25,30,20
3,6526,0.07679281398265085,1.3398065079657206e-09,0.005908287484199783,0.9172988971933429,25,30,20
3,6527,0.07169348798731319,7.826534617312041e-10,0.0113214285356031,0.9169850826944297,25,30,20
3,6528,0.07633504788404005,4.243804359564043e-10,0.006803197738560042,0.9168617539530197,25,30,20
3,6529,0.08037172368984935,3.6237048042569023e-10,0.000929675906453981,0.9186986000413262,25,30,20
3,6530,0.07907216398277195,1.9439550771383102e-06,0.0024063791824565943,0.9185195128796946,25,30,20
3,6531,0.0807645722308799,1.4921733035083669e-09,0.0009474771783824775,0.9182879490985643,25,30,20
3,6532,0.04393630624565287,6.354443140765863e-11,0.04000046417264787,0.9160632295181551,25,30,20
3,6533,0.016009781689862793,3.5003287252896223e-05,0.06805603671572263,0.9158991783071612,25,30,20
3,6534,0.012150898328307852,3.6126096549597104e-07,0.0691412853435209,0.9187074550672049,25,30,20
3,6535,0.012113347773857874,3.6125559700785555e-07,0.06913930906614088,0.918746981904404,25,30,20
3,6536,0.0032446903805542953,3.612046645570557e-07,0.07993349600455504,0.9168214524102263,25,30,20
3,6537,0.005483122244898294,3.6227891990019854e-07,0.07770492376432112,0.9168115917118611,25,30,20
3,6538,0.0033938715019338687,3.6121228366483395e-07,0.07984266435055566,0.9167631029352266,25,30,20
3,6539,0.01321118366454254,2.6345106134695394e-07,0.07003242871484784,0.9167561241695484,25,30,20
3,6540,0.0013061359783636082,3.55577959520323e-07,0.07996486416265046,0.9187286442810263,25,30,20
3,6541,0.0014268049797161947,3.4485292365758856e-07,0.07991517166168921,0.9186576785056709,25,30,20
3,6542,0.006925820176758738,3.449869766354015e-07,0.07588046250033478,0.9171933723359281,25,30,20
3,6543,0.023245095655352016,9.753768488857195e-10,0.061187826290882846,0.9155670770783884,25,30,20
3,6544,0.020320768788825286,9.479357490882898e-10,0.061189794805144394,0.9184894354580945,25,30,20
3,6545,0.01515280580882745,7.957491667475132e-09,0.06511619676482815,0.9197309894688526,25,30,20
3,6546,0.004351153744985615,6.041198635114634e-09,0.0778816273173234,0.9177672128964928,25,30,20
3,6547,0.003486837030157686,6.413056096036518e-10,0.07797699132140637,0.9185361710071313,25,30,20
3,6548,0.002840043690164051,3.6049734090087525e-07,0.07849431474500196,0.9186652810674929,25,30,20
3,6549,0.006198123968087873,9.38331884342664e-06,0.07719660722206603,0.916595885491004,25,30,20
3,6550,0.0052347449153008815,9.383319082128324e-06,0.07720293807624024,0.9175529336893772,25,30,20
3,6551,0.001805039495283769,6.640571582104867e-09,0.07933949644938786,0.9188554574147569,25,30,20
3,6552,0.0027775513014659816,6.6567489090382145e-09,0.07932895156766812,0.9178934904741162,25,30,20
3,6553,0.001638063356238181,3.516089206941519e-07,0.07959508955261682,0.9187664954822246,25,30,20
3,6554,0.0013926190276298675,1.4094257775004195e-10,0.09380740721297866,0.9047999736184501,25,30,20
3,6555,0.0016178150092153037,1.460262505568131e-07,0.11526821232122061,0.8831138266433132,25,30,20
3,6556,0.002212332647184388,0.0005603255649995541,0.11388785109765881,0.8833394906901596,25,30,20
3,6557,0.004258337752305382,5.182670086786635e-07,0.11740647429746787,0.8783346696832184,25,30,20
3,6558,0.005058865188792744,2.0236853292426776e-05,0.11759255502626777,0.8773283429316477,25,30,20
3,6559,0.0019415131317400236,6.1835391063647524e-09,0.0795530977246791,0.9185053829600419,25,30,20
3,6560,0.001925563987811754,1.954666708244209e-05,0.07941345379398528,0.918641435551121,25,30,20
3,6561,0.001801828312962185,6.180593286392156e-09,0.08570219074238056,0.9124959747640651,25,30,20
3,6562,0.001667116855546594,0.0004230827906394123,0.07953860112397916,0.9183711992298353,25,30,20
3,6563,0.002518468792172267,0.00042307645873709257,0.07975006575230786,0.9173083889967831,25,30,20
3,6564,0.0025633894337058626,0.00042307647213316973,0.07988088534039424,0.9171326487537675,25,30,20
3,6565,0.004611694560050108,3.252213410133082e-09,0.07969625082020979,0.9156920513675278,25,30,20
3,6566,0.005776890420872098,2.9480109664058204e-09,0.0780406479179398,0.9161824587131789,25,30,20
3,6567,0.004762354228464504,0.039934051806168325,0.039920200198433696,0.915383393766933,25,30,20
3,6568,0.004077509661058849,0.03993404897229555,0.04024537866063846,0.9157430627060081,25,30,20
3,6569,0.004981696282945206,0.03900259281003551,0.04023611464157626,0.9157795962654423,25,30,20
3,6570,0.005013987419798597,0.0399432096629105,0.03897387228097513,0.9160689306363164,25,30,20
3,6571,0.0419762477296144,0.03994321004297478,0.0005379569098432515,0.9175425853175675,25,30,20
3,6572,0.04310110427955114,0.0399425706389469,0.000171311661904754,0.9167850134195982,25,30,20
3,6573,0.04186074465268023,0.039942947798335494,0.0013521709507180594,0.9168441365982667,25,30,20
3,6574,0.0417042327932624,0.03995582262348215,0.0011288389070187232,0.9172111056762359,25,30,20
3,6575,0.042867244620617286,0.039955822622561435,0.007583192603728381,0.9095937401530918,25,30,20
3,6576,0.04290228317343035,0.03995637741431044,0.0013436311481755463,0.9157977082640828,25,30,20
3,6577,0.04231615550266337,0.039956377421807215,0.0013397022748839115,0.9163877648006451,25,30,20
3,6578,0.035949002334420686,0.03994321474708376,0.0054089029544262725,0.9186988799640697,25,30,20
3,6579,0.03892986168405646,0.039954194543237,0.005671255131488113,0.915444688641219,25,30,20
3,6580,0.037189074588472974,0.0399541945475991,0.005419041616568789,0.9174376892473574,25,30,20
3,6581,0.046456444222153816,0.0399542078188193,0.006482045062122263,0.9071073028969034,25,30,20
3,6582,0.04090892721515333,0.039954405163926385,0.0005637041613998728,0.9185729634595201,25,30,20
3,6583,0.04185899358828627,0.03995533432539027,0.0005681278757072407,0.9176175442106159,25,30,20
3,6584,0.03516709420988567,0.03994348870333893,0.006145856530774492,0.9187435605560009,25,30,20
3,6585,0.04112839958723925,0.039943220747603606,0.0005490757394802637,0.9183793039256759,25,30,20
3,6586,0.04107258343842533,0.039943203719509074,0.0005492912949054292,0.9184349215471589,25,30,20
3,6587,0.04152086217587605,0.03992055557894217,8.660219863294299e-05,0.9184719800465484,25,30,20
3,6588,0.042005792288981374,0.03995470761458145,5.913910072829637e-05,0.9179803609957081,25,30,20
3,6589,0.023815611448078308,0.039319489033875374,0.018583877247021388,0.9182810222710236,25,30,20
3,6590,0.02326345232639154,0.03995473717046719,0.01796946294876194,0.9188123475543789,25,30,20
3,6591,0.023225413827247975,0.039954737193307686,0.01809888766819272,0.9187209613112518,25,30,20
3,6592,0.026944737164079875,0.03995491777921106,0.015201035300672681,0.9178993097560358,25,30,20
3,6593,0.037866535959740294,0.0399270001320932,0.004661568625608522,0.9175448952825564,25,30,20
3,6594,0.0417629414156026,0.03992699417604824,0.00010488062223793507,0.9182051837861113,25,30,20
3,6595,0.034606341620179296,0.03996317464547339,0.005655304034258109,0.9197751797000889,25,30,20
3,6596,0.03469235571721077,0.02122275439004184,0.024377998597801362,0.9197068912949473,25,30,20
3,6597,0.03350290717655432,0.0212142912642753,0.026654472597800433,0.9186283289613708,25,30,20
3,6598,0.03056132953324003,0.021214274496703243,0.03078154324032298,0.9174428527297338,25,30,20
3,6599,0.03629734760870568,0.03852698591915471,0.0073809654678402585,0.9177947010042995,25,30,20
3,6600,0.042087167001408694,0.03852698539764769,0.0006943700538303503,0.9186914775471121,25,30,20
3,6601,0.04130456025030098,0.039951261403499895,6.936954175198553e-06,0.9187372413920245,25,30,20
3,6602,0.06370747677648443,0.039951275052739314,0.000729303527478058,0.895611944643298,25,30,20
3,6603,0.07324841920948,0.03994870308223184,0.008917483083747662,0.8778853946245408,25,30,20
3,6604,0.08216404679124999,0.03995505467986457,1.401764739366809e-05,0.8778668808814917,25,30,20
3,6605,0.07671202832201746,0.03995507543341847,0.005477279043324186,0.8778556172012402,25,30,20
3,6606,0.07701529606293386,0.03995459080637045,0.005348802871206236,0.87768131025949,25,30,20
3,6607,0.08051631888873939,0.039935185081444405,0.0007435173155935347,0.8788049787142225,25,30,20
3,6608,0.04084642154536271,0.03994696309956322,0.040417343300977696,0.8787892720540963,25,30,20
3,6609,0.04442225672258791,0.03934555672958466,0.04567780310382064,0.8705543834440057,25,30,20
3,6610,0.03974968158392133,0.03995404462777426,0.044125605417702225,0.8761706683706021,25,30,20
3,6611,0.041873463907481895,0.039954111075346604,0.051381350350747146,0.8667910746664252,25,30,20
3,6612,0.0034044037009305413,0.0399540439802005,0.0788635733242567,0.877777978994613,25,30,20
3,6613,0.002454643077745792,0.039955189571914976,0.07886855666709434,0.8787216106832458,25,30,20
3,6614,0.0017399907794315402,0.03994308392795646,0.07964427255695875,0.8786726527356526,25,30,20
3,6615,0.004266336322157633,0.0585488667843635,0.05841045860917329,0.8787743382843047,25,30,20
3,6616,0.011855241351024661,0.07944467189572134,0.03118824304665341,0.8775118437066018,25,30,20
3,6617,0.0033933008761548385,0.07944450038380801,0.04040203432551092,0.8767601644145276,25,30,20
3,6618,0.0031425195163458054,0.07943320271261194,0.040393989426398595,0.877030288344644,25,30,20
3,6619,0.003146005008946761,0.07989026168630659,0.03995374204825666,0.8770099912564905,25,30,20
3,6620,0.001588335563196875,0.07988165223296313,0.03995377009853432,0.8785762421053063,25,30,20
3,6621,0.0016452232875416117,0.07990219364791967,0.046185411895971876,0.8722671711685694,25,30,20
3,6622,0.036653417646965336,0.07989778511175592,0.004737912146127822,0.8787108850951512,25,30,20
3,6623,0.036606414156436305,0.07989778509730425,0.0047247312671060485,0.8787710694791531,25,30,20
3,6624,0.04157055251918405,0.07941144170728812,0.00024061340236322275,0.878777392371164,25,30,20
3,6625,0.041965980690961927,0.07989793497136849,0.00030083078533759035,0.8778352535523314,25,30,20
3,6626,0.004000102403062144,0.07989755719493179,0.0376018766238705,0.8785004637781358,25,30,20
3,6627,0.004126835637892672,0.07988617789455756,0.03760024794433164,0.8783867385232195,25,30,20
3,6628,0.0019385417284248233,0.07967789050550378,0.0403334333699067,0.8780501343961626,25,30,20
3,6629,0.03219453275809588,0.07966637742614731,0.010101745759188811,0.878037344056568,25,30,20
3,6630,0.032429799195607976,0.07966637741230241,0.0100897949050179,0.8778140284870724,25,30,20
3,6631,0.02615098946373774,0.07988567645029382,0.017102254288756547,0.876861079797212,25,30,20
3,6632,0.029610905101707278,0.07926467234995896,0.012731889761320033,0.8783925327870153,25,30,20
3,6633,0.042277144563647055,0.07986937978462955,0.0004153831414797602,0.8774380925102442,25,30,20
3,6634,0.04236682641135164,0.07986937976013143,0.0010442385010625483,0.8767195553274543,25,30,20
3,6635,0.023831991366330713,0.07987811638098655,0.024718167442882535,0.8715717248098006,25,30,20
3,6636,0.04123754330667345,0.07945797967842377,0.006821334803708587,0.8724831422111944,25,30,20
3,6637,0.04118842574361547,0.07990577201713989,0.006839973712053188,0.8720658285271924,25,30,20
3,6638,0.04312684276616128,0.07941913793471041,0.007176283167198994,0.8702777361319302,25,30,20
3,6639,0.04309943126762041,0.07987800984600989,0.006632612556408794,0.8703899463299608,25,30,20
3,6640,0.0033620590411999798,0.07985084064146691,0.038138379867971674,0.8786487204493615,25,30,20
3,6641,0.04013456028705045,0.04550351959371257,0.035521732290750146,0.8788401878284886,25,30,20
3,6642,0.04066185221953926,0.06092822568094181,0.020330728523989445,0.8780791935755309,25,30,20
3,6643,0.040135339273138185,0.0798976539208593,0.0012755950939270578,0.8786914117120755,25,30,20
3,6644,0.03760044026894953,0.0798537447560523,0.004681863102676323,0.877863951872322,25,30,20
3,6645,0.03896331855457381,0.07813393669087984,0.004471430359286791,0.8784313143952595,25,30,20
3,6646,0.03770387029056394,0.0647352275202691,0.01915771319203065,0.878403188997136,25,30,20
3,6647,0.03899361862348301,0.07985426176059274,0.004475369482726814,0.8766767501331978,25,30,20
3,6648,0.042689942407163416,0.07986976080387952,0.0007355924529639569,0.8767047043359923,25,30,20
3,6649,0.04394483070352344,0.07769102279604533,0.0004850458841502708,0.8778791006162809,25,30,20
3,6650,0.04312386638902534,0.0776906411737172,0.0006009706167605297,0.8785845218204975,25,30,20
3,6651,0.042368526628993576,0.07986946396934846,0.00038382031253871767,0.8773781890891192,25,30,20
3,6652,0.022551928986234513,0.07985543187733467,0.023422342947617428,0.8741702961888133,25,30,20
3,6653,0.041335617359549034,0.07986991317814666,0.00045596719399550374,0.8783385022683099,25,30,20
3,6654,0.041272638281342415,0.07986991317930643,8.079682359136262e-05,0.8787766517157602,25,30,20
3,6655,0.0411332635032354,0.061029654950570354,0.019411291953264607,0.87842578959293,25,30,20
3,6656,0.03305218064179959,0.06102965789887352,0.02882398780522729,0.8770941736540996,25,30,20
3,6657,0.03235537191736963,0.07989415678048341,0.009949399009005344,0.8778010722931414,25,30,20
3,6658,0.03440033372731616,0.07981911546653922,0.01605008163528472,0.8697304691708595,25,30,20
3,6659,0.0418819664931787,0.07988208540064284,0.0005182211209872945,0.8777177269851919,25,30,20
3,6660,0.042192078203632334,0.07987796786167904,0.0002509899412369672,0.8776789639934518,25,30,20
3,6661,0.0412599409625006,0.07988657057472086,0.00012591723882203782,0.8787275712239568,25,30,20
3,6662,0.04120372767589485,0.07987524291490895,0.00039717265687719516,0.8785238567523197,25,30,20
3,6663,0.0412223114369942,0.06463873500814683,0.015642529042317232,0.8784964245125422,25,30,20
3,6664,0.04128980549576437,0.06466996703705587,0.015578625284824036,0.8784616021823558,25,30,20
3,6665,0.04121581529596262,0.038871006112519424,0.041183644977035375,0.8787295336144828,25,30,20
3,6666,0.010322811464511283,0.07989646773812682,0.03408631425869848,0.8756944065386653,25,30,20
3,6667,0.04205482107367982,0.07988592990880009,0.0021398424032982727,0.8759194066142217,25,30,20
3,6668,0.04115435633739687,0.07988569571281963,0.00014145014855764294,0.8788184978012253,25,30,20
3,6669,0.04162776443098802,0.0798968721335823,4.256926785110831e-05,0.8784327941675787,25,30,20
3,6670,0.04194872932087864,0.07835183588488519,0.0012565675762093152,0.878442867218027,25,30,20
3,6671,0.04183619363553339,0.07835183567822035,0.0013225095098609542,0.8784894611763856,25,30,20
3,6672,0.03679888265336706,0.07987087698560692,0.005935777753211349,0.877394462607815,25,30,20
3,6673,0.04260800816119085,0.07990643299932165,0.0001304749773507392,0.8773550838621376,25,30,20
3,6674,0.0448851108132952,0.07986609105734026,0.00028869598534256215,0.8749601021440206,25,30,20
3,6675,0.039284048608428906,0.07990989013718776,0.006572471812565844,0.8742335894418187,25,30,20
3,6676,0.03666877205008445,0.07987030836063944,0.006490339540692031,0.8769705800485849,25,30,20
3,6677,0.03606281955527572,0.07985322212066809,0.00648129572206907,0.8776026626019865,25,30,20
3,6678,0.04130810213823951,0.07987716700237665,0.0005712406254771661,0.8782434902339067,25,30,20
3,6679,0.04124695417885144,0.0798849877961397,0.00030946405779133456,0.8785585939672181,25,30,20
3,6680,0.04238819913425414,0.07986648125262538,0.004711746758421761,0.8730335728546987,25,30,20
3,6681,0.08135847300044345,0.07986617078487548,0.00017668709157341893,0.8385986691231072,25,30,20
3,6682,0.0732745576919147,0.07863386611116488,0.009460174440037475,0.838631401756883,25,30,20
3,6683,0.07674895543615845,0.07963906792514087,0.005947352646123053,0.8376646239925779,25,30,20
3,6684,0.07698264585127508,0.07989733362640038,0.005068863594718714,0.8380511569276062,25,30,20
3,6685,0.07616911791686778,0.07989806053040292,0.005079308905639684,0.8388535126470887,25,30,20
3,6686,0.07616183458711212,0.07988610274760591,0.005079587777385752,0.8388724748878957,25,30,20
3,6687,0.041691285978126776,0.07961801721936636,0.008124943024471705,0.8705657537780354,25,30,20
3,6688,0.04174074043689201,0.07945373513310153,0.00854765826302187,0.8702578661669856,25,30,20
3,6689,0.043393705683235806,0.07989853912906651,0.00881387096006761,0.8678938842276309,25,30,20
3,6690,0.044375652524425026,0.07988526598656183,0.0066587674805966245,0.8690803140084153,25,30,20
3,6691,0.041349782187709794,0.0798376611256019,0.006281479369293361,0.8725310773173938,25,30,20
3,6692,0.04933452163162253,0.03994209617639743,0.0394768739023954,0.8712465082895849,25,30,20
3,6693,0.04496629422988935,0.03994209616478192,0.03314577591349133,0.881945833691837,25,30,20
3,6694,0.04127352557459871,0.0399206075580228,0.04042674284017364,0.8783791240272045,25,30,20
3,6695,0.04162600597355156,0.04098706328633562,0.05258765264691626,0.8647992780931968,25,30,20
3,6696,0.04219854582983565,0.039932431537384724,0.05326906553883047,0.8645999570939499,25,30,20
3,6697,0.041852855900490676,0.03993278547433704,0.054507421656817004,0.8637069369683544,25,30,20
3,6698,0.040916145945349876,0.039951253863295524,0.05424352124787534,0.8648890789434792,25,30,20
3,6699,0.04080441385936824,0.03822753289178356,0.05613572479579601,0.8648323284530504,25,30,20
3,6700,0.04348542453398586,0.038227189821848084,0.05517936195684148,0.8631080236873244,25,30,20
3,6701,0.08214046987899534,0.039954158535556956,0.014239541387449482,0.8636658301979984,25,30,20
3,6702,0.08363643902902285,0.039954158561347174,0.00020490320651227423,0.8762044992031174,25,30,20
3,6703,0.08385379663218621,0.01122727384635198,0.02905259651507284,0.8758663330063906,25,30,20
3,6704,0.057410544758358446,0.01122739975156349,0.05528366769869451,0.8760783877913839,25,30,20
3,6705,0.07516999034303758,0.039955114780056034,0.008956669013446881,0.8759182258634588,25,30,20
3,6706,0.08274240739819444,0.039954988742634895,0.0016569636554351736,0.8756456402037357,25,30,20
3,6707,0.08083412176396296,0.039954988732816214,0.0016557142029108662,0.8775551753003099,25,30,20
3,6708,0.08161706779205458,0.03995459132797394,0.0009245585614918093,0.8775037823184789,25,30,20
3,6709,0.06631788329718362,0.039954591674230724,0.015958910406701842,0.8777686146218845,25,30,20
3,6710,0.07978754946144719,0.03995498807747905,0.00145893331107038,0.878798529150004,25,30,20
3,6711,0.0445956288431827,0.039943205074068754,0.038113879800858126,0.8773472862818911,25,30,20
3,6712,0.04014442711376301,0.03992339573147741,0.040484761736837065,0.8794474154179228,25,30,20
3,6713,0.0540311763258189,0.039332961634869996,0.0287343878426582,0.8779014741966534,25,30,20
3,6714,0.04039917306882244,0.039333000220883194,0.04316102348178683,0.8771068032285085,25,30,20
3,6715,0.028784350291587928,0.039927354039304114,0.05402452725158882,0.8772637684175195,25,30,20
3,6716,0.028746960371486798,0.03992359057578014,0.0540592152969616,0.8772702337557711,25,30,20
3,6717,0.041794714283811436,0.03992355234783424,0.044768267435184306,0.8735134659331699,25,30,20
3,6718,0.03433865844640478,0.03992355295776313,0.04659853930479804,0.8791392492910336,25,30,20
3,6719,0.03522302937579784,0.03994256021618828,0.04652100527158441,0.8783134051364293,25,30,20
3,6720,0.041581962037610574,0.0003810405489517207,0.08090884605998142,0.8771281513534559,25,30,20
3,6721,0.042741851889671605,6.349048384050547e-09,0.07943649328057659,0.8778216484807041,25,30,20
3,6722,0.009828597749961006,1.8614109398548246e-07,0.1116607965000643,0.8785104196088801,25,30,20
3,6723,0.05361047945870387,2.7062097865652545e-06,0.06782215827005561,0.8785646560614536,25,30,20
3,6724,0.025475379742829617,1.967442670181454e-10,0.09606443007308711,0.8784601899873397,25,30,20
3,6725,0.02694591641385105,2.989415103633322e-10,0.09524959469209848,0.8778044885951098,25,30,20
3,6726,0.0263191400026375,3.0813042952949765e-10,0.09533856844180845,0.8783422912474234,25,30,20
3,6727,0.0269024727210768,1.9706948860648186e-10,0.08684270854216575,0.8862548185396895,25,30,20
3,6728,0.035981530350130096,2.0167589708822683e-05,0.08545953353550914,0.8785387685246527,25,30,20
3,6729,0.04208414087622499,3.490164848215309e-07,0.07990078690214397,0.8780147232051471,25,30,20
3,6730,0.04120235696046442,6.298900651986854e-09,0.04448667856252807,0.9143109581781073,25,30,20
3,6731,0.04127027859256562,6.142891563185237e-09,0.04448568669970445,0.9142440285648396,25,30,20
3,6732,0.03240366433195649,0.00038097728717125505,0.04876417497404004,0.918451183406834,25,30,20
3,6733,0.040707233169263404,0.00038097751978624747,0.04016302829774813,0.9187487610132016,25,30,20
3,6734,0.04316526134268672,8.639644109761228e-06,0.038126127643576216,0.9186999713696277,25,30,20
3,6735,0.004743592845889886,1.1552806089699209e-09,0.08281183418077857,0.9124445718180512,25,30,20
3,6736,0.04092341327805827,3.109540639401977e-08,0.041386490357371464,0.9176900652691639,25,30,20
3,6737,0.031556792809659055,1.7771629923474004e-08,0.05153470989744929,0.9169084795212616,25,30,20
3,6738,0.039398705962482364,0.017599379471369136,0.025200437867658142,0.917801476698491,25,30,20
3,6739,0.0375801076562111,0.03995498803902087,0.009948799178362493,0.9125161051264052,25,30,20
3,6740,0.04010205019862892,0.0399432164982489,0.007659327445680937,0.9122954058574416,25,30,20
3,6741,0.042856066781775774,0.03994321651938011,0.0013275126452624653,0.9158732040535815,25,30,20
3,6742,0.04304093381854367,0.03994321600029546,0.039971401722822625,0.877044448458338,25,30,20
3,6743,0.006748891873465853,0.03929205541003191,0.07513252888460183,0.8788265238319001,25,30,20
3,6744,0.0025657850548904317,0.051858788667513867,0.03253484187537774,0.9130405844022195,25,30,20
3,6745,0.0028384398038637138,0.05185863279380709,0.03254158437672931,0.9127613430256011,25,30,20
3,6746,0.0025638575369335754,0.07988599488457751,0.0001970006204251015,0.9173531469580645,25,30,20
3,6747,0.0013509914085719638,0.07985478922875386,0.0018554344440885357,0.9169387849185866,25,30,20
3,6748,0.0013421563457136302,0.07985471690447818,0.002040882518331672,0.9167622442314775,25,30,20
3,6749,0.001622434297974495,0.07958894868727538,0.008301481552513947,0.9104871354622361,25,30,20
3,6750,0.0013382757545123461,0.07988619855891838,0.00037960816184879996,0.9183959175247199,25,30,20
3,6751,0.0014434324297593123,0.07988619856330936,1.1514744464942557e-05,0.9186588542624663,25,30,20
3,6752,0.0014494686111463176,0.07989805945759414,4.5661165085047244e-06,0.9186479058147518,25,30,20
3,6753,0.0014175660108368304,0.0798742611036822,0.00010233524268670602,0.9186058376427951,25,30,20
3,6754,0.0012785802819764126,0.07990984806701076,9.465601448247487e-05,0.9187169156365296,25,30,20
3,6755,0.003363924188591647,0.07989750074356777,0.014065089773578959,0.9026734852942603,25,30,20
3,6756,0.0014371703489382383,0.07989750071398484,8.616470434360444e-06,0.9186567124666424,25,30,20
3,6757,0.0036137592053743393,0.07990912148684957,1.0822996479027803e-05,0.9164662963112966,25,30,20
3,6758,0.0016123157292831855,0.079909121469463,8.770198853282997e-06,0.9184697926023999,25,30,20
3,6759,0.0014071558119073146,0.07990885590365074,1.2254465751017385e-05,0.9186717338186908,25,30,20
3,6760,0.0013550914430348825,0.0799099075021123,0.00027304047425760953,0.9184619605805961,25,30,20
3,6761,0.0023830454954783145,0.07813835410852073,0.0017518869268570388,0.9177267134691448,25,30,20
3,6762,0.0023762217466726594,0.07815391395177318,0.0019826522769472864,0.9174872120246071,25,30,20
3,6763,0.001418819653863679,0.07989769739582209,1.2693876675519231e-05,0.9186707890736381,25,30,20
3,6764,0.00153652224328023,0.07926781274374602,0.0006199119266614688,0.9185757530863116,25,30,20
3,6765,0.0013827617385741445,0.07989406823138141,6.357131248365779e-06,0.9187168128987957,25,30,20
3,6766,0.025375669317852272,0.07906838143843732,0.0006228175699123392,0.8949331316737988,25,30,20
3,6767,0.02653988601807352,0.0790569050361794,0.03871053601738319,0.8556926729283657,25,30,20
3,6768,0.03385370113884782,0.07989793176791236,0.045880555433986274,0.8403678116592532,25,30,20
3,6769,0.03610355051974614,0.07989790223902445,0.0458810107380806,0.838117536503149,25,30,20
3,6770,0.01660618376099778,0.07986596154974088,0.030904910870329445,0.8726229438189326,25,30,20
3,6771,0.04081313841803014,0.07988196738551333,0.007579021675187042,0.8717258725212694,25,30,20
3,6772,0.0412585718044255,0.07986842382372049,0.00013187686840986088,0.8787411275034439,25,30,20
3,6773,0.007682268556986759,0.07987108856267096,0.03359924988842933,0.8788473929919153,25,30,20
3,6774,0.00880206920593741,0.07987648535022189,0.03256658503196746,0.8787548604118739,25,30,20
3,6775,0.02646820490973145,0.07987669995141627,0.016067309674628015,0.8775877854642244,25,30,20
3,6776,0.04257724878113195,0.07985474324072951,0.0023556922201439525,0.8752123157579952,25,30,20
3,6777,0.011121832397958529,0.07991558924179382,0.03525900451770973,0.8737035738425384,25,30,20
3,6778,0.0032394376064991993,0.07990623668212747,0.04014263725085923,0.8767116884605151,25,30,20
3,6779,0.00230885036717284,0.07990623667023321,0.03996270958256323,0.8778222033800311,25,30,20
3,6780,0.00262169329903579,0.0799121591414577,0.039934679396482486,0.8775314681630247,25,30,20
3,6781,0.0025252726191055245,0.11717749155917744,0.0017579592523460493,0.8785392765693709,25,30,20
3,6782,0.0013907640475382748,0.1198516777414574,8.40077948706807e-06,0.8787491574315177,25,30,20
3,6783,0.0023247717126238,0.11986136443338995,5.311984616846972e-06,0.8778085518693706,25,30,20
3,6784,0.0022251844486789996,0.11986480057902638,0.0001843086270245793,0.8777257063452707,25,30,20
3,6785,0.006152709502096382,0.11985281783649611,9.357878140976485e-06,0.8739851147832673,25,30,20
3,6786,0.001845242289725573,0.11983991388481512,6.018885864769397e-06,0.8783088249395954,25,30,20
3,6787,0.0021029303031505522,0.11983991390587434,0.00038145533034861847,0.8776757004606267,25,30,20
3,6788,0.002969280172943633,0.11985268598718264,5.459553143736902e-06,0.8771725742867305,25,30,20
3,6789,0.002038285478775023,0.11986445206747488,1.628282665240725e-05,0.8780809796270985,25,30,20
3,6790,0.0016155697750916,0.11985269827970484,1.2885488630775693e-05,0.8785188464565735,25,30,20
3,6791,0.0013326958967703373,0.11858551864164896,0.0012474079127055774,0.8788343775488761,25,30,20
3,6792,0.0027750705029471025,0.11986515910395575,3.4831668466122174e-06,0.8773562872262503,25,30,20
3,6793,0.0023253492910444377,0.11941669100197487,0.00044697412221860334,0.8778109855847623,25,30,20
3,6794,0.0022972836578417553,0.1198600937670026,5.344835634101847e-06,0.8778372777395217,25,30,20
3,6795,0.0014106356171122772,0.11981714196245222,3.739988531643544e-05,0.8787348225351199,25,30,20
3,6796,0.0015965779920895926,0.11982502225228635,0.00013494815666865846,0.8784434515989568,25,30,20
3,6797,0.0023086653869894506,0.11976535070419747,0.00013183891411629715,0.8777941449946977,25,30,20
3,6798,0.003272923063658243,0.11889588493337126,0.00010220192530720665,0.8777289900776643,25,30,20
3,6799,0.005863500703556941,0.11865921481749762,0.0012957332476138288,0.874181551231332,25,30,20
3,6800,0.001351327778727419,0.11868685080102992,0.0011948145871122275,0.8787670068331299,25,30,20
3,6801,0.0014340338113092716,0.119853024899493,1.6113709059127483e-05,0.8786968275801388,25,30,20
3,6802,0.001585343306653107,0.11985301356081765,4.140228306051125e-06,0.8785575029042231,25,30,20
3,6803,0.0014776919641400178,0.11984090000805243,2.2290139830868247e-05,0.8786591178879773,25,30,20
3,6804,0.002323104874329435,0.11984917344190965,2.75696259924727e-05,0.8778001520577683,25,30,20
3,6805,0.0013803757724749812,0.11983811785441734,3.2693835310293035e-05,0.8787488125377976,25,30,20
3,6806,0.0015276702786055979,0.11985569100403051,1.1648267696954984e-05,0.8786049904496661,25,30,20
3,6807,0.003195830007402387,0.11940966353667001,0.0004423799674998367,0.876952126488428,25,30,20
3,6808,0.0034048265151863577,0.11984752569752068,9.64281593888644e-05,0.876651219627904,25,30,20
3,6809,0.003166780986864953,0.09403741596283516,0.025799906045431396,0.8769958970048687,25,30,20
3,6810,0.0028398057578774673,0.11983656579179147,4.167447296448729e-06,0.8773194610030344,25,30,20
3,6811,0.0034717865869463645,0.11695645717032481,0.0018448427002772541,0.8777269135424511,25,30,20
3,6812,0.0023823497360343053,0.11860408244608905,0.0012466149221236375,0.877766952895753,25,30,20
3,6813,0.0023936809193270308,0.1186156713044392,0.0012546327588265844,0.8777360150174068,25,30,20
3,6814,0.0016249774319142599,0.11985159818700274,1.017449989669286e-05,0.8785132498811855,25,30,20
3,6815,0.0014240750733815993,0.11982510443314874,0.0046647597634134515,0.874086060730056,25,30,20
3,6816,0.0018804490325194142,0.11984091814525819,0.0006251586549776964,0.8776534741672448,25,30,20
3,6817,0.0019337651415902077,0.1043690460273056,0.015386109795529599,0.8783110790355753,25,30,20
3,6818,0.0019024629104864262,0.11808995737729631,0.002019734095317255,0.8779878456169012,25,30,20
3,6819,0.0019210067404921876,0.11812411974865654,0.001991077672610534,0.8779637958382404,25,30,20
3,6820,0.0016442430739926626,0.1180738872528229,0.002009046157443654,0.8782728235157424,25,30,20
3,6821,0.0016208835310669337,0.11807388725321134,0.0017495312630928638,0.8785556979526299,25,30,20
3,6822,0.002359508863943327,0.11807388725223036,0.0017522537380349032,0.8778143501457921,25,30,20
3,6823,0.0035658572355561397,0.11913440090487494,0.00015058603281801257,0.8771491558267508,25,30,20
3,6824,0.00386088839387606,0.11913487455223878,0.0001477968487552252,0.87685644020513,25,30,20
3,6825,0.0030757507562895396,0.10367987828600217,0.016059701704973096,0.8771846692527356,25,30,20
3,6826,0.0021661378606868485,0.11913417331869768,1.8581144962800113e-05,0.8786811076756529,25,30,20
3,6827,0.0013306352673430092,0.11984107103734207,4.505044166531057e-06,0.8788237886511484,25,30,20
3,6828,0.001423690377505994,0.11984030009916141,5.070556529702064e-06,0.8787309389668032,25,30,20
3,6829,0.0017015754833351736,0.08067615558201599,0.03927232651727493,0.8783499424173747,25,30,20
3,6830,0.0014676759455406654,0.07987368960814767,0.03995771237752766,0.8787009220687862,25,30,20
3,6831,0.00257188449156159,0.07991004341845248,0.005896685885776273,0.9116213862042107,25,30,20
3,6832,0.0022734357401486623,0.0798866654690999,2.4367652264717355e-05,0.9178155311384879,25,30,20
3,6833,0.0013351861743720495,0.0794624357590489,0.0008174052835980036,0.9183849727829805,25,30,20
3,6834,0.04302898365477276,0.07946244501072101,0.0010702840563546162,0.8764382872781511,25,30,20
3,6835,0.043129484112454035,0.07988229094900368,0.0005335196133249484,0.876454705325217,25,30,20
3,6836,0.043693783248345615,0.07988229095388022,0.00027704149107744537,0.8761468843066966,25,30,20
3,6837,0.04381462959245993,0.07988229096595352,1.1810673578345778e-05,0.8762912687680081,25,30,20
3,6838,0.040396019728402066,0.07991019725480877,0.0011132817674218412,0.8785805012493673,25,30,20
3,6839,0.025882470132829242,0.07986013883492914,0.015448090697073006,0.878809300335169,25,30,20
3,6840,0.026926430289544143,0.07990971556807377,0.015428119382735243,0.8777357347596468,25,30,20
3,6841,0.02975318075399032,0.07989694122952273,0.01578318937157174,0.874566688644915,25,30,20
3,6842,0.026593867512302208,0.07988560140518067,0.015429127025970955,0.8780914040565468,25,30,20
3,6843,0.04200351177543063,0.07988629461429295,2.204621204533891e-05,0.8780881473982322,25,30,20
3,6844,0.041087292819066014,0.0792614083305826,0.014847937471506742,0.8648033613788445,25,30,20
3,6845,0.04160403736150472,0.07815461846895123,0.015691900967231942,0.864549443202312,25,30,20
3,6846,0.04411377385976955,0.07813898100886926,0.0019171030946076887,0.8758301420367525,25,30,20
3,6847,0.04582338751028428,0.07983806533110091,0.00014176518331567416,0.8741967819752976,25,30,20
3,6848,0.04044332451937431,0.07983835916547344,0.0008623547373076567,0.8788559615778426,25,30,20
3,6849,0.04136231368831123,0.07984088655647364,0.00019058039376652187,0.878606219361448,25,30,20
3,6850,0.04110851175248505,0.079910191175519,0.0001668065710550546,0.8788144905009415,25,30,20
3,6851,0.0410364109405268,0.0798993239471043,0.00017828100236465073,0.8788859841100052,25,30,20
3,6852,0.04133682264970034,0.07989725441250231,2.7933701262646376e-05,0.8787379892365348,25,30,20
3,6853,0.024077744330633102,0.07990617470187736,0.017257191428198145,0.878758889539291,25,30,20
3,6854,0.039093350997987525,0.0799061060332724,0.0024695390184546894,0.8785310039502847,25,30,20
3,6855,0.038876418746515935,0.07989421419188178,0.002475802445593148,0.8787535646160086,25,30,20
3,6856,0.0021592211504160574,0.07989421412516534,0.039151225806930354,0.8787953389174886,25,30,20
3,6857,0.0019184846541693166,0.07989818486242957,0.04009850652783719,0.8780848239555636,25,30,20
3,6858,0.0040019517167342354,0.07989697283341528,0.0373242902981089,0.8787767851517426,25,30,20
3,6859,0.004537032097006081,0.07989767644471384,0.037326846507097965,0.8782384449511832,25,30,20
3,6860,0.0017859002357921005,0.07986618977118712,0.039715843753222194,0.8786320662398,25,30,20
3,6861,0.002354879993230336,0.07986631214837023,0.039034386673013205,0.8787444211853866,25,30,20
3,6862,0.0017362643748993828,0.07987531572824413,0.03967061831425374,0.8787178015826028,25,30,20
3,6863,0.0014443807800685942,0.07990995454830582,0.03995125307292671,0.8786944115986995,25,30,20
3,6864,0.0024379336146158506,0.07946262927402718,0.04497143080715023,0.873128006304207,25,30,20
3,6865,0.001640791136424435,0.07987867429126051,0.03971487218233792,0.8787656623899768,25,30,20
3,6866,0.0018996340743261835,0.07937059586029763,0.04027640113378598,0.8784533689315893,25,30,20
3,6867,0.0031713455913270215,0.07987072538912679,0.039718999544121246,0.8772389294754245,25,30,20
3,6868,0.0015653884732614528,0.07990830935761488,0.040425531753629465,0.8781007704154961,25,30,20
3,6869,0.002806789531088026,0.0798978068621423,0.038486678429132545,0.8788087251776371,25,30,20
3,6870,0.002777061872477526,0.07988972680684765,0.03857384007274974,0.8787593712479251,25,30,20
3,6871,0.002879788545184344,0.06116079807332356,0.0572075608934654,0.8787518524880272,25,30,20
3,6872,0.001624487172516621,0.07940200155929066,0.04052336091029714,0.8784501503578955,25,30,20
3,6873,0.0014367095935049546,0.07940175338438793,0.04099732328371268,0.8781642137383945,25,30,20
3,6874,0.0014227439850105108,0.07989770754412545,0.03992143976944174,0.8787581087014233,25,30,20
3,6875,0.0016148361593019045,0.07987711348605844,0.03991383893890711,0.8785942114157332,25,30,20
3,6876,0.00171682917552059,0.07987622013613165,0.039925516849375356,0.8784814338389725,25,30,20
3,6877,0.0016908340010117907,0.07987851910003861,0.03999551177453222,0.8784351351244176,25,30,20
3,6878,0.03083796977692068,0.07990985023469287,0.011695161391237139,0.8775570185971496,25,30,20
3,6879,0.03551627130673568,0.07990982073187612,0.006608196242314616,0.8779657117190739,25,30,20
3,6880,0.03470202107079047,0.07989737855600838,0.006610166560601645,0.8787904338125998,25,30,20
3,6881,0.04152270388555349,0.07988244460775175,1.0222692610023556e-05,0.8785846288140846,25,30,20
3,6882,0.0014208021651972572,0.07988898678986482,0.04023590859009975,0.8784543024548388,25,30,20
3,6883,0.0019473073300945876,0.09948912833225233,0.019924140598000226,0.8786394237396523,25,30,20
3,6884,0.002884137274243335,0.09943853677351763,0.019947732074243024,0.8777295938779948,25,30,20
3,6885,0.0027964449136146955,0.10112465271233932,0.018215913222645805,0.8778629891514007,25,30,20
3,6886,0.003627207984922201,0.11894968706131932,2.989201328105097e-05,0.8773932129404777,25,30,20
3,6887,0.0023909175775066764,0.11894928085230556,2.985252840386321e-05,0.8786299490417848,25,30,20
3,6888,0.004369790601412894,0.11982466012141355,1.0715567313805494e-05,0.8757948337098594,25,30,20
3,6889,0.004384172496175656,0.11984889085102593,0.00027335245505398184,0.8754935841977449,25,30,20
3,6890,0.005337393252614016,0.11936699004599247,0.0007206537243123004,0.8745749629770824,25,30,20
3,6891,0.005354112939188772,0.11981011972952799,0.0002972699486202781,0.8745384973826635,25,30,20
3,6892,0.005606198619613922,0.1198294707255776,2.661117672805546e-05,0.8745377194780807,25,30,20
3,6893,0.002873871853160536,0.11958564877538706,0.00010284889069557996,0.8774376304807574,25,30,20
3,6894,0.0017726992991189273,0.11952248234943863,0.004517683931064814,0.8741871344203784,25,30,20
3,6895,0.0014208803298607787,0.11983161062435307,0.00452287121304787,0.8742246378327395,25,30,20
3,6896,0.001506704002210624,0.1198076329580904,0.004516943647052473,0.8741687193926471,25,30,20
3,6897,0.0016263577733310174,0.11796729208653288,0.0022293386189182088,0.8781770115212174,25,30,20
3,6898,0.0013752031912379566,0.11796729208616094,0.002493191216644536,0.8781643135059564,25,30,20
3,6899,0.002429045394377868,0.11855918315358531,0.00652828565739672,0.8724834857946387,25,30,20
3,6900,0.0014015382409419239,0.11982425575419242,3.470861695752267e-05,0.8787394973879087,25,30,20
3,6901,0.0013895046826268222,0.11983884372259769,0.00013877367572878854,0.8786328779190462,25,30,20
3,6902,0.0013934008720944038,0.11981258535919846,7.892363939614241e-06,0.8787861214047669,25,30,20
3,6903,0.0016326751250971062,0.11983698416389314,8.22979784854022e-06,0.8785221109131607,25,30,20
3,6904,0.004906128783775997,0.11983715188356334,1.295557592504982e-05,0.875243763756736,25,30,20
3,6905,0.003647523548899682,0.11983250554079472,0.00010784691073042383,0.8764121239995752,25,30,20
3,6906,0.002390799318995732,0.11981408897181037,0.0002577997889634087,0.8775373119202305,25,30,20
3,6907,0.004222993759173713,0.11857203547686292,0.0016298183980116053,0.8755751523659521,25,30,20
3,6908,0.0014806355403042917,0.11979574972367754,6.461312157903039e-06,0.8787171534238597,25,30,20
3,6909,0.0013541006060834853,0.11975739865463213,0.008239299480638715,0.8706492012586459,25,30,20
3,6910,0.0023530904822442354,0.11983367949817555,2.1439223197095977e-05,0.8777917907963833,25,30,20
3,6911,0.0021885869683630848,0.11984272977738449,2.265030640075068e-05,0.8779460329478523,25,30,20
3,6912,0.0017298274055694276,0.11984534415262976,2.2343724969934053e-05,0.8784024847168314,25,30,20
3,6913,0.0012915816332215954,0.11983432447418368,2.090876532048133e-05,0.8788531851272751,25,30,20
3,6914,0.0013563476892006585,0.11981117248920711,4.359013215553919e-05,0.8787888896894368,25,30,20
3,6915,0.0016670189356516893,0.11971635254154882,0.00014836491188223024,0.8784682636109173,25,30,20
3,6916,0.0014916347451953478,0.11851130791446314,0.0015290199240635977,0.8784680374162781,25,30,20
3,6917,0.0016231135322570642,0.11858819189643002,0.007516028868464003,0.8722726657028487,25,30,20
3,6918,0.0013932800566181958,0.11855686541284903,0.005909713645665849,0.8741401408848678,25,30,20
3,6919,0.0012977128197674043,0.07988364655542843,0.04009194495499372,0.8787266956698103,25,30,20
3,6920,0.0016807913578777598,0.07989777995330599,0.039965050190494004,0.8784563784983235,25,30,20
3,6921,0.0034476977654311052,0.07808965086703162,0.039938749560019,0.8785239018075178,25,30,20
3,6922,0.0013147364209816618,0.07989448313398992,0.03995137406895445,0.8788394063760735,25,30,20
3,6923,0.0013831991892179958,0.07988327843772053,0.03997546963008618,0.8787580527429759,25,30,20
3,6924,0.001903372998276897,0.07287999570569913,0.04696526074744401,0.8782513705485804,25,30,20
3,6925,0.0018503503920621756,0.0798663494316122,0.04034314909279413,0.8779401510835314,25,30,20
3,6926,0.0013696784218058396,0.07990986840722346,0.04030376481555896,0.8784166883554121,25,30,20
3,6927,0.001718666741488178,0.07989745192085126,0.04080476178309832,0.8775791195545617,25,30,20
3,6928,0.044274331540815774,0.0798738443815033,0.006680582367866655,0.8691712417098151,25,30,20
3,6929,0.014225773271683608,0.07987827335883917,0.03685580526774304,0.8690401481017349,25,30,20
3,6930,0.011481033046620626,0.07983783582825256,0.030272912684936745,0.8784082184401919,25,30,20
3,6931,0.04049351868355374,0.07989429271344183,0.0011357587383821967,0.8784764298646226,25,30,20
3,6932,0.037819246821211044,0.07988575554198635,0.003716563982214681,0.8785784336545874,25,30,20
3,6933,0.004724551746398828,0.07989806464954861,0.04651106299755463,0.8688663206064992,25,30,20
3,6934,0.0058998687299850385,0.07961464460687838,0.04020238504287857,0.8742831016202571,25,30,20
3,6935,0.00244761787975545,0.07989447735015481,0.04007976379633748,0.8775781409737524,25,30,20
3,6936,0.0028816620098392593,0.07965005485803141,0.040076747863820074,0.8773915352683096,25,30,20
3,6937,0.0037522285722937985,0.07967761986261515,0.03962299133637736,0.8769471602287149,25,30,20
3,6938,0.005824442752077734,0.07920193636360738,0.0321188132781808,0.8828548076061346,25,30,20
3,6939,0.002278930971084473,0.07989729062503892,0.007526424562347617,0.9102973538415283,25,30,20
3,6940,0.0018423132815144575,0.07987051613899944,0.00010109152859229947,0.9181860790508949,25,30,20
3,6941,0.0016106746465698457,0.07818110023059638,0.001722641850630988,0.9184855832722032,25,30,20
3,6942,0.0014565182225374992,0.07988629411337185,8.63228281936372e-06,0.9186485553812709,25,30,20
3,6943,0.0013700104990754468,0.07988607566071755,1.0588727834340836e-05,0.9187333251123729,25,30,20
3,6944,0.0013944780789344972,0.07989334533895982,3.5311891088483163e-06,0.9187086453929976,25,30,20
3,6945,0.005706574456797599,0.07989452629019497,0.0002538885555150322,0.9141450106974927,25,30,20
3,6946,0.0015367445008452987,0.07989452605077109,0.00039791589521035494,0.9181708135531734,25,30,20
3,6947,0.0012839888840163788,0.0798863647372534,2.0339451268846895e-05,0.9188093069274619,25,30,20
3,6948,0.002849778561352866,0.07986627074060702,0.00013155480415252924,0.9171523958938873,25,30,20
3,6949,0.001659341270576407,0.07983746427727127,0.00015800791577093878,0.9183451865363813,25,30,20
3,6950,0.0015947557374618843,0.07988315408343244,2.912031745098752e-05,0.9184929698616568,25,30,20
3,6951,0.0033792028640387624,0.07942431192916209,0.0004436219673063784,0.9167528632394935,25,30,20
3,6952,0.002315014404501633,0.07942687263904609,0.0004458928337616694,0.9178122201226901,25,30,20
3,6953,0.0013118420955864636,0.07947022912849622,0.0005279792124201302,0.9186899495634971,25,30,20
3,6954,0.001544857579011012,0.07870984113347335,0.0016640182481401935,0.9180812830393745,25,30,20
3,6955,0.0013587749564416048,0.07866457633953407,0.0016164688832607332,0.9183601798207631,25,30,20
3,6956,0.0013644174274093546,0.07990883119769779,0.0005087723582860795,0.9182179790166062,25,30,20
3,6957,0.0013902656080644988,0.07988569317313682,0.00013424698989461872,0.9185897942289033,25,30,20
3,6958,0.0014139811002250335,0.07986794209118266,3.3323767848494835e-05,0.9186847530407443,25,30,20
3,6959,0.0013731373389246177,0.07987559557450401,3.826815294506381e-05,0.9187129989336273,25,30,20
3,6960,0.002289746962170224,0.07818160088599937,0.001724368264135111,0.9178042838876963,25,30,20
3,6961,0.003318349883804704,0.07818895062566987,0.0017257772784185917,0.9167669222121068,25,30,20
3,6962,0.0027733616136223875,0.07818895064911996,0.001987507073436263,0.9170501806638217,25,30,20
3,6963,0.0015873936334967656,0.07987144804701157,0.00011696315254791391,0.9184241951669435,25,30,20
3,6964,0.001802824362258213,0.07987144803923935,2.6716661421211793e-05,0.9182990109370821,25,30,20
3,6965,0.00260131119291069,0.07987144805282824,0.00015797174403036417,0.9173692690102315,25,30,20
3,6966,0.002596271954294327,0.07989377029211761,0.004544764180144885,0.9129651935734425,25,30,20
3,6967,0.0013590825901510398,0.07990519399238165,9.752575470600044e-06,0.918725970841995,25,30,20
3,6968,0.0014419823463225512,0.07989736575395029,3.221528073648853e-06,0.918657430371652,25,30,20
3,6969,0.00140118277824861,0.0798784174614802,3.592861938672016e-05,0.9186844711408838,25,30,20
3,6970,0.0013714846002041354,0.07985042155676454,0.00012747240713051062,0.9186506214359018,25,30,20
3,6971,0.0013194186104720576,0.07988606032763611,8.777297067731897e-06,0.9187857437648248,25,30,20
3,6972,0.0023116404952279444,0.07988606033227638,0.00039329956262990003,0.9174089996098658,25,30,20
3,6973,0.002211461187731092,0.07988606032779141,0.0003883614652838291,0.9175141170191938,25,30,20
3,6974,0.003724565041872555,0.07989412442804904,2.110328376748808e-05,0.9163602072463114,25,30,20
3,6975,0.0028697467820903116,0.07986921813128826,0.0003778886056473281,0.9168831464809744,25,30,20
3,6976,0.0028539898758031864,0.07986919641866642,0.00011167297953024641,0.917165140726,25,30,20
3,6977,0.00440662574523446,0.079898006798002,0.00011360670518901608,0.9155817607515739,25,30,20
3,6978,0.003232904674207972,0.07832895220881522,0.0007484877001792217,0.9176896554167979,25,30,20
3,6979,0.0022947144165702325,0.07928916043318822,0.0006122265648673739,0.9178038985853741,25,30,20
3,6980,0.0012874150938018125,0.07945021355498694,0.0004410295582157345,0.9188213417929965,25,30,20
3,6981,0.0031633952436774786,0.0794502135610685,0.000444380542515729,0.9169420106527387,25,30,20
3,6982,0.002291193114850012,0.07989354238788868,0.0046619874268346035,0.9131532770704273,25,30,20
3,6983,0.0022930829616199556,0.079897228426748,0.004661794603213386,0.9131478940084192,25,30,20
3,6984,0.0013767598232044243,0.07990636346242544,0.004649274412626074,0.914067602301745,25,30,20
3,6985,0.0014526924383207367,0.07930031733713705,0.0052683100118645675,0.9139786802126778,25,30,20
3,6986,0.0016102341445576507,0.04022724667557186,0.039695649575653476,0.9184668696042163,25,30,20
3,6987,0.0014203521399894024,0.03822647534251494,0.046332501212382235,0.9140206713051127,25,30,20
3,6988,0.0091418279089332,0.03822684233696388,0.03488714346849718,0.9177441862856058,25,30,20
3,6989,0.008648893350515921,0.03992766807803985,0.032795236890547606,0.9186282016808974,25,30,20
3,6990,0.0017384795638966883,0.03995459934404031,0.044862567705840004,0.9134443533862212,25,30,20
3,6991,0.0019653371365752283,0.039954597380324613,0.04460954376084989,0.9134705217222496,25,30,20
3,6992,0.0017741165408280072,0.03995459736953811,0.044466792829899744,0.9138044932597321,25,30,20
3,6993,0.0012338129356606051,0.03995519576149463,0.039955033184743007,0.918855958118102,25,30,20
3,6994,0.00399314813746313,0.03950759294442871,0.03941288923143988,0.9170863696866696,25,30,20
3,6995,0.0015972536035068006,0.03992084425775505,0.0400369623621382,0.9184449397766004,25,30,20
3,6996,0.0016943002704548405,0.039921091019904986,0.039845781395268426,0.9185388273143725,25,30,20
3,6997,0.001592875433186607,0.03994290225081123,0.03982126062213989,0.9186429616938622,25,30,20
3,6998,0.001502358222034087,0.03993920946039351,0.03649840986551148,0.9220600224520623,25,30,20
3,6999,0.04172977894702357,0.039954697536879816,0.00012261006431728294,0.9181929134517803,25,30,20
3,7000,0.04125943299494131,0.03995469752926772,0.00023536345023277081,0.9185505060255583,25,30,20
3,7001,0.04142784990100869,0.03992715749405526,1.837053708759097e-05,0.9186266220678477,25,30,20
3,7002,0.04030604864407394,0.03992334068615948,0.0010548360923421749,0.9187157745774249,25,30,20
3,7003,0.019616131872128465,0.0399247561084272,0.03246908745861409,0.9079900245608301,25,30,20
3,7004,0.038284189005255334,0.03994206097060327,0.01372132123368242,0.9080524287904587,25,30,20
3,7005,0.037979222220341995,0.03994206096914013,0.007741785190986903,0.9143369316195308,25,30,20
3,7006,0.041327248317028546,0.03994206093773986,0.004355531079227875,0.9143751596660026,25,30,20
3,7007,0.04127442601633526,0.039942060938087665,1.939590206859893e-05,0.9187641171435071,25,30,20
3,7008,0.043240809439597995,0.039942060956324583,0.008248796021403413,0.9085683335826725,25,30,20
3,7009,0.04144147708874215,0.0399420609479638,0.00028328289260660516,0.9183331790706872,25,30,20
3,7010,0.043072375701272876,0.03992042397239506,0.0003016010814143076,0.9167055992449182,25,30,20
3,7011,0.044232212854346094,0.039955176684081564,1.784234956247799e-05,0.9157947681120093,25,30,20
3,7012,0.04432179732705605,0.039955176704273454,2.2655856174240113e-05,0.915700370112496,25,30,20
3,7013,0.04079063329749458,0.039955203478796025,0.0023583939327663987,0.9168957692909424,25,30,20
3,7014,0.04293455899491263,0.039014833307829726,0.0002957569307727753,0.9177548507664851,25,30,20
3,7015,0.044871474228515645,0.03901483355626767,0.00023103537898955462,0.9158826568362273,25,30,20
3,7016,0.03975395607208431,0.03871392363557827,0.002762029136575734,0.9187700911557625,25,30,20
3,7017,0.039863504287808736,0.03994232153937651,0.0015316660318239112,0.9186625081409905,25,30,20
3,7018,0.04262574926275769,0.039942315864387685,5.950219778539235e-05,0.9173724326750688,25,30,20
3,7019,0.042732726914140616,0.03995459612839069,6.302761559908983e-05,0.9172496493418697,25,30,20
3,7020,0.04151958740788389,0.03995490076623807,4.793962644608571e-05,0.9184775721994324,25,30,20
3,7021,0.04182344571720013,0.0399546940576281,0.0004389397225973438,0.9177829205025735,25,30,20
3,7022,0.042351592374180604,0.03967669147593004,0.00044786146352732847,0.9175238546863632,25,30,20
3,7023,0.04136433886629257,0.039954798098644176,3.3251565408741864e-05,0.918647611469656,25,30,20
3,7024,0.04226948749654315,0.039954798111151046,3.4492110093336975e-05,0.9177412222822133,25,30,20
3,7025,0.011757835372418113,0.03995482964357426,0.037595911527906756,0.9106914234561018,25,30,20
3,7026,0.0014034389241400775,0.039933660504322184,0.04615581020850873,0.9125070903630307,25,30,20
3,7027,0.001447072143091473,0.03993366002390917,0.03995902656492102,0.9186602412680783,25,30,20
3,7028,0.002241846675414059,0.03994138725240633,0.040048972457827306,0.9177677936143521,25,30,20
3,7029,0.03134975037359257,0.039941351528032534,0.010910474992658244,0.9177984231057169,25,30,20
3,7030,0.04325606341378533,0.039941349337857986,0.0004768130263553297,0.916325774222001,25,30,20
3,7031,0.04085779735890647,0.039941349390252186,0.04042359758745546,0.8787772556633864,25,30,20
3,7032,0.03896049787453805,0.03995649806775074,0.04264797585317424,0.8784350282045367,25,30,20
3,7033,0.029511451870458894,0.039911343035415825,0.05236993527937136,0.8782072698147543,25,30,20
3,7034,0.04103673653082654,0.03995492019436674,0.0008546731928473469,0.9181536700819598,25,30,20
3,7035,0.04099564654364066,0.03995492019087878,0.00048343444508397963,0.9185659988203951,25,30,20
3,7036,0.04079422279000884,0.039954920263746,0.040413208399959766,0.8788376485462857,25,30,20
3,7037,0.04275304133796475,0.06134244480761726,0.01953256755519618,0.8763719462992208,25,30,20
3,7038,0.04197740295541364,0.0613307465669361,0.018608378613210373,0.8780834718644386,25,30,20
3,7039,0.043245364329069176,0.0613098674889725,0.018599293082344405,0.8768454750996129,25,30,20
3,7040,0.04192617849702716,0.07944350978619101,0.000754238533135878,0.877876073183646,25,30,20
3,7041,0.04096746015041044,0.0794435097712581,0.0007472124796721374,0.8788418175986596,25,30,20
3,7042,0.041167820584889485,0.07989640731539933,0.00030839586726201133,0.878627376232449,25,30,20
3,7043,0.041464737581564375,0.07930713896423161,0.0009159921374574448,0.8783121313167459,25,30,20
3,7044,0.03711132321652581,0.07930715902192499,0.011187918318880441,0.8723935994426693,25,30,20
3,7045,0.03855773071417757,0.07988474765883816,0.007425173611614113,0.8741323480153702,25,30,20
3,7046,0.042841008744923685,0.079878551092087,0.00490736104185659,0.8723730791211329,25,30,20
3,7047,0.03529909636074474,0.07990624643856928,0.01061758419527693,0.8741770730054103,25,30,20
3,7048,0.00399097704116237,0.07986434450999655,0.04192417615049398,0.8742205022983482,25,30,20
3,7049,0.002264626735880975,0.0798814797388748,0.03905192292433694,0.8788019706009077,25,30,20
3,7050,0.001387439166711359,0.07990178922310615,0.03993008776325796,0.8787806838469256,25,30,20
3,7051,0.003601140609961169,0.07983435724015989,0.03999634189072523,0.8765681602591543,25,30,20
3,7052,0.003345323599983861,0.07983435724094849,0.03999766339291733,0.8768226557661507,25,30,20
3,7053,0.04414579825862433,0.07987458655437842,5.238115779645352e-05,0.8759272340292008,25,30,20
3,7054,0.03875944049682976,0.07988511088464176,0.003580774808721079,0.877774673809807,25,30,20
3,7055,0.0411925294164004,0.0798944683555193,0.00013643273271981776,0.8787765694953609,25,30,20
3,7056,0.04150193247014347,0.07989446836791479,0.00013009410785613665,0.8784735050540844,25,30,20
3,7057,0.04116932409309179,0.07989037392678233,0.00012951443772162854,0.8788107875424036,25,30,20
3,7058,0.04010240468493424,0.07986685123963197,0.0013413823720879617,0.8786893617033467,25,30,20
3,7059,0.04224552859409683,0.07985854284721942,0.004624284745554266,0.8732716438131292,25,30,20
3,7060,0.007808499030283585,0.07989239634050051,0.034615105354676115,0.8776839992745399,25,30,20
3,7061,0.006818423593662922,0.07989633769496034,0.03461049827623421,0.8786747404351426,25,30,20
3,7062,0.0014994348792115742,0.07989082886757251,0.039860987370996005,0.8787487488822218,25,30,20
3,7063,0.0032026796345657775,0.07989742574250801,0.03969595305902058,0.8772039415639056,25,30,20
3,7064,0.0034503319095940425,0.07989714828605683,0.05072467765762404,0.8659278421467244,25,30,20
3,7065,0.003240468477131288,0.0798475220244636,0.039968953366020056,0.8769430561323867,25,30,20
3,7066,0.004240084202851355,0.07987020902119743,0.03992237928502946,0.8759673274909229,25,30,20
3,7067,0.004295708709473622,0.07985451210405584,0.040282397720700164,0.8755673814657697,25,30,20
3,7068,0.0031795838265397305,0.07990567499572962,0.04058393852207797,0.8763308026556537,25,30,20
3,7069,0.003269020266270261,0.07982038917503377,0.04050910367054543,0.8764014868881511,25,30,20
3,7070,0.003457643668935252,0.0643913354680408,0.04278307057508538,0.8893679502879379,25,30,20
3,7071,0.03131248765390007,0.06445069595053661,0.02592584985591965,0.8783109665396444,25,30,20
3,7072,0.009567642992001413,0.06445041411463134,0.04768517305674725,0.8782967698366201,25,30,20
3,7073,0.011463350962213787,0.06443808890375599,0.04718210431968324,0.8769164558143472,25,30,20
3,7074,0.012244083210661035,0.07989735084331182,0.03228783192127225,0.8755707340247557,25,30,20
3,7075,0.006314429508984205,0.07961842077122246,0.03831130171348371,0.875755848006311,25,30,20
3,7076,0.0042754840397165655,0.07989742021884555,0.07813958519682389,0.8376875105446149,25,30,20
3,7077,0.003385553170031733,0.07989734205114925,0.07803013321788031,0.8386869715609389,25,30,20
3,7078,0.0030291964501968412,0.07980548364642596,0.07862028085593785,0.8385450390474395,25,30,20
3,7079,0.001972396793762682,0.07990573831963546,0.07949159055182435,0.8386302743347775,25,30,20
3,7080,0.001816893744514414,0.07988739772313205,0.0795048758416912,0.838790832690662,25,30,20
3,7081,0.002286844939238035,0.0790071058460222,0.0801415313028903,0.8385645179118497,25,30,20
3,7082,0.002304638931847042,0.07900746111426366,0.08062883776354679,0.8380590621903415,25,30,20
3,7083,0.002145358996548402,0.0799153386480612,0.08024944933767961,0.8376898530177103,25,30,20
3,7084,0.0015144065004725898,0.07988778672010671,0.07987861367098778,0.8387191931084336,25,30,20
3,7085,0.0014213151239326313,0.07987032717796026,0.08440247259699708,0.8343058851011097,25,30,20
3,7086,0.0013731581607673985,0.07866012920573112,0.08105324840507454,0.8389134642284277,25,30,20
3,7087,0.03458355245457336,0.0798856638444557,0.04664495202722951,0.8388858316737421,25,30,20
3,7088,0.0031684359071049877,0.07752377722381462,0.08036422088083549,0.8389435659882453,25,30,20
3,7089,0.0126609062066014,0.07924237141042417,0.08017398683832261,0.8279227355446522,25,30,20
3,7090,0.011882929756167181,0.0798859491060887,0.0795227328673593,0.8287083882703848,25,30,20
3,7091,0.015374261725544151,0.0798859495888908,0.07878730633840851,0.8259524823471568,25,30,20
3,7092,0.008731277968739529,0.07988594951046145,0.07526860172927757,0.8361141707915223,25,30,20
3,7093,0.006780602655796859,0.07986993693387963,0.07734080823159635,0.8360086521787282,25,30,20
3,7094,0.04411195851282367,0.07986993617315774,0.038443418968023814,0.8375746863459945,25,30,20
3,7095,0.04377455929327053,0.07986973735163264,0.03847593343149199,0.8378797699236041,25,30,20
3,7096,0.04319998420453056,0.07984071304441398,0.03809451085498083,0.838864791896075,25,30,20
3,7097,0.04215007856600031,0.07990829678946695,0.03909167441744885,0.8388499502270852,25,30,20
3,7098,0.041161740115410426,0.05410562676830628,0.06585566000554853,0.8388769731107376,25,30,20
3,7099,0.041136114946774195,0.07989810904826583,0.04021467113013893,0.8387511048748221,25,30,20
3,7100,0.07674572381683437,0.07938337015525897,0.006541143437952535,0.8373297625899544,25,30,20
3,7101,0.05116292485443982,0.07988102151530466,0.03680892326420938,0.8321471303660459,25,30,20
3,7102,0.038443060226193745,0.07990753891214912,0.04994541032832148,0.8317039905333377,25,30,20
3,7103,0.042520658974230026,0.07989814307233786,0.03887065043199567,0.8387105475214368,25,30,20
3,7104,0.04261074981362839,0.07988570676455424,0.039046638955757745,0.8384569044660598,25,30,20
3,7105,0.04136598105793133,0.07960382014525468,0.0451987578964038,0.83383144090041,25,30,20
3,7106,0.04258058108681717,0.07960381975978073,0.039977111785969265,0.8378384873674323,25,30,20
3,7107,0.026660211814189993,0.08042149519327614,0.037626468607993895,0.8552918243845395,25,30,20
3,7108,0.026669227444724507,0.08043386071254975,0.037628586639736464,0.8552683252029892,25,30,20
3,7109,0.04099431435664923,0.07991041643962454,0.04143758681362287,0.837657682390105,25,30,20
3,7110,0.040894848977445254,0.07991011211423245,0.0405482508243431,0.838646788083981,25,30,20
3,7111,0.04091573937121844,0.07989750733351199,0.04028042194178882,0.8389063313534814,25,30,20
3,7112,0.04252859960335386,0.1167440236685189,0.0018728149832409522,0.8388545617448873,25,30,20
3,7113,0.04091928735633105,0.1198057786111162,0.0006236223207070844,0.8386513117118465,25,30,20
3,7114,0.04079861857787027,0.09403739723454116,0.02631241656195528,0.8388515676256344,25,30,20
3,7115,0.03836695176579849,0.09403758941924822,0.029394657617621268,0.8382008011973316,25,30,20
3,7116,0.03899779968730657,0.11981376521344696,0.0036116966308245503,0.8375767384684218,25,30,20
3,7117,0.043520620490343914,0.1186162822671035,0.001243677719411989,0.8366194195231402,25,30,20
3,7118,0.0029982608715605507,0.1198525284586643,0.03992161072062072,0.8372275999491551,25,30,20
3,7119,0.0016861285680850454,0.11986371485991006,0.03991621108459155,0.8385339454874138,25,30,20
3,7120,0.0066034320580863615,0.11985634065886515,0.034697135430650075,0.8388430918523987,25,30,20
3,7121,0.004390479779587963,0.11983853383649627,0.03775400393305878,0.838016982450857,25,30,20
3,7122,0.004305913675607137,0.11980547559483984,0.0374700715523805,0.838418539177174,25,30,20
3,7123,0.040987541724953544,0.11980641964318268,0.0009199539351305491,0.8382860846967332,25,30,20
3,7124,0.04073018008396005,0.11983424336259298,0.0008811210770725866,0.8385544554763747,25,30,20
3,7125,0.040692408256414854,0.11980598934819241,0.0008124046823933592,0.8386891977129998,25,30,20
3,7126,0.041165469689114026,0.11983715524298422,6.016384471248595e-05,0.8389372112231892,25,30,20
3,7127,0.0412662729208209,0.11866986216714435,0.0012324520334318148,0.8388314128786034,25,30,20
3,7128,0.04081908553515223,0.11985269753316646,0.0005014403175321576,0.8388267766141501,25,30,20
3,7129,0.03566736397163897,0.1193981189980906,0.0062311630719606905,0.8387033539583107,25,30,20
3,7130,0.025982657823563998,0.11956958796612803,0.015960014623687183,0.8384877395866213,25,30,20
3,7131,0.02638090040045628,0.08038425212701268,0.055285320928672534,0.8379495265438588,25,30,20
3,7132,0.03837416550281399,0.0803839896807958,0.04244340265392164,0.8387984421624688,25,30,20
3,7133,0.021778432563151227,0.07989791479854641,0.05758853166023622,0.8407351209780657,25,30,20
3,7134,0.0212728904066127,0.07987057014906855,0.06474337821103329,0.8341131612332862,25,30,20
3,7135,0.0021128746852015707,0.07988277430308828,0.084475605544498,0.8335287454672117,25,30,20
3,7136,0.0018204522172632694,0.04076029885384323,0.12375738107652663,0.8336618678523666,25,30,20
3,7137,0.00506766273363076,0.03998083111362081,0.12112312030435678,0.8338283858483935,25,30,20
3,7138,0.00248590976731272,0.03996365493469992,0.11921959963544426,0.8383308356625438,25,30,20
3,7139,0.0021251251814682734,0.03995505577329865,0.11607965037044785,0.8418401686747852,25,30,20
3,7140,0.001384606565561759,0.03994321320137304,0.07994957490204654,0.8787226053310182,25,30,20
3,7141,0.0025472667930076763,0.03995483996382334,0.03993533525112233,0.9175625579920463,25,30,20
3,7142,0.0031883342840477286,0.03994314961592963,0.03991496275413903,0.9169535533458838,25,30,20
3,7143,0.001338860036883107,0.03995498138156651,0.039912294155253554,0.9187938644262965,25,30,20
3,7144,0.0017987656321727177,0.024670893972924216,0.054907121451267235,0.9186232189436356,25,30,20
3,7145,0.0015651355598423832,0.039919743341825825,0.03998878247410107,0.9185263386242323,25,30,20
3,7146,0.0023615545924733582,0.020974791805048992,0.05847432576524306,0.9181893278372344,25,30,20
3,7147,0.0022670708376890457,0.039951249918865304,0.04021628925022556,0.9175653899932201,25,30,20
3,7148,0.00187913792041313,0.039951249914984666,0.039961117301936806,0.918208494862666,25,30,20
3,7149,0.0013275736804639654,0.03994210429415255,0.039960384688421134,0.9187699373369635,25,30,20
3,7150,0.0016355935335583063,0.039927304700460756,0.03994808406653804,0.9184890176994444,25,30,20
3,7151,0.0018777627997940592,0.03992730471328306,0.0399549989924982,0.9182399334944258,25,30,20
3,7152,0.0018708827192591212,0.039942036691500676,0.040299942183766785,0.9178871384054723,25,30,20
3,7153,0.00869794708485095,0.03995442119185035,0.0025384363639440895,0.9488091953593538,25,30,20
3,7154,0.0023637512540444884,0.03995519550529623,0.00011531509502623303,0.957565738145632,25,30,20
3,7155,0.0014713507710977971,0.03994258347865708,1.796353544724864e-05,0.9585681022147977,25,30,20
3,7156,0.0012950726969270237,0.03994258346404995,0.0005273008945696372,0.9582350429444528,25,30,20
3,7157,0.001346827326676156,0.039942583597199904,0.0006557543741961437,0.9580548347019271,25,30,20
3,7158,0.0022896980274554877,0.03994258349719095,0.0007692592375667526,0.9569984592377871,25,30,20
3,7159,0.005925937496168468,0.0399544138698576,0.0006521819904354205,0.9534674666435384,25,30,20
3,7160,0.002271671025531479,0.039954413864305406,0.00038358786131669344,0.9573903272488464,25,30,20
3,7161,0.002276060938476065,0.03995519942640422,1.771123554495814e-05,0.9577510283995738,25,30,20
3,7162,0.00230903720042866,0.039942540120040296,0.00010907434397955544,0.95763934833555,25,30,20
3,7163,0.0015512689289399926,0.039942335080694426,9.442805377287825e-05,0.9584119679365926,25,30,20
3,7164,0.0018519378131737858,0.03994233508935924,5.710567087030016e-06,0.9582000165303803,25,30,20
3,7165,0.0017407324217688636,0.03994298825433016,1.179758923206032e-05,0.9583044817346689,25,30,20
3,7166,0.0015132078176517065,0.039942988247027265,8.526495902796516e-06,0.9585352774394184,25,30,20
3,7167,0.0015418921749797616,0.03995505798115663,1.831828176737367e-05,0.9584847315620969,25,30,20
3,7168,0.005194422262644758,0.039955057999679335,0.0002756774907373932,0.9545748422469384,25,30,20
3,7169,0.004908657559475073,0.039927314046643236,0.0002766934815394988,0.9548873349123421,25,30,20
3,7170,0.0016486752736989668,0.03971616531026517,0.008142737211317955,0.9504924222047175,25,30,20
3,7171,0.0026056059610626093,0.03971616531048773,0.008410459195274887,0.9492677695331744,25,30,20
3,7172,0.0025719694863278932,0.039716165312429406,4.707720717274669e-06,0.9577071574805247,25,30,20
3,7173,0.0013211410179080093,0.039951067909367054,2.264785050516003e-06,0.9587255262876734,25,30,20
3,7174,0.0016935430542767127,0.039942708789475354,9.979687670149381e-06,0.9583537684685765,25,30,20
3,7175,0.001382185436732674,0.03994270877388808,0.00013195527238506536,0.9585431505169931,25,30,20
3,7176,0.0012905396005399871,0.03995491258349532,0.00022857850155135202,0.9585259693144126,25,30,20
3,7177,0.0022317321141333015,0.03992347170552225,0.004716648728756873,0.9531281474515865,25,30,20
3,7178,0.0016079460144027718,0.039942084599568946,0.00037829587839640575,0.9580716735076316,25,30,20
3,7179,0.0016973847349778031,0.03989469943655992,5.920839372888381e-06,0.9584019949890901,25,30,20
3,7180,0.0016697007770729048,0.039942588023976044,8.737087769383823e-06,0.9583789741111833,25,30,20
3,7181,0.001922415383591193,0.03994274162427749,1.8184788509995163e-05,0.9581166582036211,25,30,20
3,7182,0.001918027504268102,0.039954905597861905,0.006262064474048194,0.9518650024238213,25,30,20
3,7183,0.0013542184451519332,0.03995490556055695,0.00014272234344560257,0.9585481536508463,25,30,20
3,7184,0.0013938751074638544,0.039954905562284405,0.00013564567161110304,0.9585155736586417,25,30,20
3,7185,0.001851222550894528,0.03995512711530969,0.0004120800892731855,0.9577815702445218,25,30,20
3,7186,0.001602600512285653,0.039920749301968955,0.00043818987397958886,0.9580384603117658,25,30,20
3,7187,0.002339222317164459,0.039920749300521724,0.0005254425164582248,0.9572145858658554,25,30,20
3,7188,0.001407109257485927,0.03995473886868752,0.00027475462629653177,0.9583633972475298,25,30,20
3,7189,0.001339287403146228,0.03995499259226276,0.00026959120156123495,0.9584361288030293,25,30,20
3,7190,0.0013961773213395227,0.03995442011506793,0.0006040514523037144,0.9580453511112887,25,30,20
3,7191,0.0014147499573874567,0.03995087009775604,0.00014913913416317033,0.9584852408106939,25,30,20
3,7192,0.0017969902883770072,0.03994244406993307,0.000140088921215632,0.9581204767204745,25,30,20
3,7193,0.001386592223856112,0.039942444068513105,0.00013247449580814567,0.9585384892118217,25,30,20
3,7194,0.004036210938396686,0.03994244412135753,7.230051832465438e-06,0.9560141148884124,25,30,20
3,7195,0.002721256071222525,0.03994244408610781,9.76102629240824e-06,0.957326538816377,25,30,20
3,7196,0.003747666904503595,0.03994244409546824,7.4894682675050335e-06,0.9563023995317605,25,30,20
3,7197,0.0023591861735232636,0.0399272855993234,9.431547514119408e-06,0.9577040966796392,25,30,20
3,7198,0.0013826047150515357,0.03994321446665194,5.662842978879646e-06,0.9586685179753178,25,30,20
3,7199,0.0035149577318976917,0.03823734291855343,0.0018526402154701443,0.9563950591340793,25,30,20
3,7200,0.004075231888692749,0.03823734289141171,0.0018503155578937166,0.955837109662003,25,30,20
3,7201,0.0013214840263513622,0.0399544655044009,0.00014517346517338295,0.9585788770040738,25,30,20
3,7202,0.001342356850652021,0.03995446549578894,1.0663038461553887e-05,0.9586925146150966,25,30,20
3,7203,0.002362171891668033,0.039954465500180586,1.730024209357639e-05,0.9576660623660578,25,30,20
3,7204,0.004998856141403401,0.0381786214633746,1.1826841905416513e-05,0.956810695553317,25,30,20
3,7205,0.00498026584672959,0.03817862145943644,0.00012866115381405402,0.95671245154002,25,30,20
3,7206,0.002078877617132173,0.039954991500762635,0.004793229921225433,0.9531729009608801,25,30,20
3,7207,0.001300992462155501,0.03993202703531222,0.004683770591993947,0.9540832099105393,25,30,20
3,7208,0.0022787643162743916,0.03993202705033098,0.00468458528477694,0.953104623348618,25,30,20
3,7209,0.0013397011999281335,0.03995499042862331,0.0002685281004563804,0.9584367802709934,25,30,20
3,7210,0.0013563291394026488,0.03994321649033631,9.449225121045325e-05,0.9586059621190508,25,30,20
3,7211,0.0013471540908777551,0.03992730607159803,0.00010311406688221754,0.9586224257706435,25,30,20
3,7212,0.002248158710367094,0.03898302425765989,2.9511262109221622e-06,0.9587658659057616,25,30,20
3,7213,0.006746260117619165,0.03898302428577101,2.283373903923606e-05,0.9542478818575703,25,30,20
3,7214,0.005193289474543096,0.03992717021770566,8.736111453318775e-06,0.9548708041962977,25,30,20
3,7215,0.0014059138952887235,0.03992717020904126,2.444058827546059e-06,0.9586644718368421,25,30,20
3,7216,0.0016771343897173498,0.039927170226333346,6.371397660394421e-06,0.9583893239862878,25,30,20
3,7217,0.026105929506761587,0.03995512158854685,1.338215766015311e-05,0.9339255667470312,25,30,20
3,7218,0.02532842216063267,0.03994234699552953,0.00012101810312814503,0.9346082127407105,25,30,20
3,7219,0.012889774864572363,0.03992081860380006,0.029507585719466448,0.9176818208121612,25,30,20
3,7220,0.04013985894222957,0.039927163716520296,0.0021664586646798893,0.9177665186765706,25,30,20
3,7221,0.04108898101522057,0.039927163729262076,0.0024380417202113447,0.9165458135353062,25,30,20
3,7222,0.042259184249127356,0.03992716251540322,0.0008737215211928744,0.916939931714277,25,30,20
3,7223,0.023439853057165387,0.039944740129770735,0.01912967388458887,0.9174857329284746,25,30,20
3,7224,0.0018966276724592095,0.03994254879741545,0.03943283313784532,0.9187279903922808,25,30,20
3,7225,0.026984500392824434,0.03995485514289425,0.014407238807896336,0.9186534056563849,25,30,20
3,7226,0.033199077965521635,0.039927265965507205,0.008104350439811982,0.9187693056291597,25,30,20
3,7227,0.04122101413198097,0.039942537717907595,2.463689069607006e-05,0.9188118112594162,25,30,20
3,7228,0.041590927731997025,0.03995099540404487,0.00014989571924409295,0.9183081811447136,25,30,20
3,7229,0.04316292617315263,0.03995099571209526,0.0002529208903926199,0.9166331572243587,25,30,20
3,7230,0.04738850747599428,0.039950995713569915,0.004878018489450094,0.9077824783209857,25,30,20
3,7231,0.048236929678272984,0.039927313256691285,0.004760299039898713,0.9070754580251372,25,30,20
3,7232,0.04913732199977173,0.039954858522289124,0.00040755240758708826,0.910500267070352,25,30,20
3,7233,0.042941394576118626,0.0399549802613137,0.00041737726438469347,0.9166862478981834,25,30,20
3,7234,0.04291507191824137,0.03995513285864128,0.0004201375016367237,0.916709657721481,25,30,20
3,7235,0.04141438059646329,0.039955132861854384,0.0008080063522789113,0.917822480189404,25,30,20
3,7236,0.01310573989615453,0.0399428437509526,0.028587803499346046,0.9183636128535483,25,30,20
3,7237,0.0027080507532004357,0.038237410434842294,0.042045652930742604,0.917008885881214,25,30,20
3,7238,0.00549199175917595,0.038237410681402864,0.04121069370830509,0.9150599038511165,25,30,20
3,7239,0.002865567130601791,0.039942935567233565,0.05064752963980026,0.9065439676623633,25,30,20
3,7240,0.00620684611779827,0.0399429418200743,0.0473577405025849,0.906492471559543,25,30,20
3,7241,0.0022869287888147684,0.03995489714490905,0.03994228318198278,0.9178158908842943,25,30,20
3,7242,0.006959902267193595,0.03994321343317195,0.039009580103671636,0.914087304195963,25,30,20
3,7243,0.03088388867574343,0.03994321335883029,0.011388051302782518,0.9177848466626432,25,30,20
3,7244,0.030058612111333743,0.039943213363216386,0.011372240375628324,0.918625934149821,25,30,20
3,7245,0.03766003046293943,0.03995491354961349,0.003760237107584786,0.9186248188798626,25,30,20
3,7246,0.03755367054038349,0.03994225569352668,0.0038939973258816014,0.9186100764402092,25,30,20
3,7247,0.037506242130123116,0.03994293511415864,0.0037622634634649574,0.9187885592922538,25,30,20
3,7248,0.04036685706865282,0.03994293468455429,0.00718323212063349,0.91250697612616,25,30,20
3,7249,0.03619546021549005,0.03994293466586308,0.005153099328987589,0.9187085057896595,25,30,20
3,7250,0.036671015277681025,0.03994293841362914,0.004755658984942646,0.9186303873237471,25,30,20
3,7251,0.042211055758187496,0.039942934656200135,2.118213756609711e-05,0.9178248274480477,25,30,20
3,7252,0.03825880785991615,0.0399433352925969,0.0039852022799451645,0.9178126545675418,25,30,20
3,7253,0.03863948193038662,0.03992326447087365,0.002839575128666519,0.9185976784700735,25,30,20
3,7254,0.038493052069237456,0.03994299887227915,0.0027997133648158578,0.9187642356936674,25,30,20
3,7255,0.03853007853606382,0.03995478813793974,0.0028026938037481047,0.9187124395222495,25,30,20
3,7256,0.042092110563817516,0.03995478687675903,0.0001390254122819953,0.9178140771471425,25,30,20
3,7257,0.0411895287830649,0.03995478685140691,9.385977597878764e-05,0.9187618245895497,25,30,20
3,7258,0.041056115795325594,0.039942725728306705,0.0004031974642963325,0.9185979610120704,25,30,20
3,7259,0.043721374005216654,0.03994272573811468,0.0003151246081232379,0.9160207756485456,25,30,20
3,7260,0.043745858433502836,0.039942725737765444,0.006381789890927607,0.909929625937805,25,30,20
3,7261,0.04400904464727159,0.03995510937313705,0.00040119143619150275,0.9156346545434004,25,30,20
3,7262,0.04304474192793296,0.03995510935664426,0.00031363084828799954,0.9166865178671345,25,30,20
3,7263,0.013169260947752039,0.039947599082469115,0.034595438059086485,0.9122877019106937,25,30,20
3,7264,0.0018661270716338785,0.03995982636137822,0.03455330914488512,0.9236207374221038,25,30,20
3,7265,0.001904917039858791,0.0399431124755186,0.04020019736836816,0.9179517731162544,25,30,20
3,7266,0.0019825708093109988,0.03994311247636614,0.03991037756722807,0.9181639391470945,25,30,20
3,7267,0.0014006104922770493,0.039951201961373785,0.039908089486054135,0.9187400980602951,25,30,20
3,7268,0.0015218021698632745,0.03970463879135175,0.03987634618779836,0.9188972128509877,25,30,20
3,7269,0.004436664035781194,0.039721627602084225,0.03999679169658176,0.9158449166655531,25,30,20
3,7270,0.006244947869220483,0.039954975466567705,0.04011606271560354,0.9136840139486095,25,30,20
3,7271,0.004382237846868871,0.03995497545696757,0.040374666375940685,0.9152881203202231,25,30,20
3,7272,0.0028950409396779732,0.03994282262988351,0.04013058911426517,0.9170315473161738,25,30,20
3,7273,0.0023399568630989103,0.03994299186746267,0.0401304304610162,0.9175866208084229,25,30,20
3,7274,0.003939836563327512,0.039943002058755346,0.04023357236439089,0.9158835890135271,25,30,20
3,7275,0.001599045326347117,0.05655485236473737,0.023107889490428354,0.918738212818488,25,30,20
3,7276,0.0023617687826427824,0.07987057737217902,0.01397826327722918,0.903789390567949,25,30,20
3,7277,0.0014429550040256783,0.0798776198869371,0.00010284361598379214,0.9185765814930531,25,30,20
3,7278,0.0013462580162453186,0.07990933973944975,9.933537115701201e-05,0.9186450668731484,25,30,20
3,7279,0.0023665207159528335,0.07866033369891245,0.0013797725667803484,0.9175933730183543,25,30,20
3,7280,0.0034600350142618736,0.07864324343355544,0.0012543924716590619,0.9166423290805226,25,30,20
3,7281,0.0016794693749147644,0.078644498632968,0.0012496221170803367,0.9184264098750364,25,30,20
3,7282,0.0013473400048808711,0.07945832561428084,0.000531700900371495,0.9186626334804674,25,30,20
3,7283,0.0013733337166646807,0.07987530027338444,0.00010898382406402151,0.9186423821858866,25,30,20
3,7284,0.0017734877598236851,0.07817235221326321,0.002104283427714553,0.917949876599199,25,30,20
3,7285,0.0018072054508458024,0.078140885610131,0.0017306177232766543,0.9183212912157461,25,30,20
3,7286,0.0018939629100414995,0.07981485062804204,1.1980589353971426e-05,0.9182792058725626,25,30,20
3,7287,0.002079638960872121,0.07981485063717864,2.8939214763327156e-05,0.9180765711871857,25,30,20
3,7288,0.0014112013254324463,0.07984673668890738,1.632456383373506e-05,0.918725737421825,25,30,20
3,7289,0.0018302736132547025,0.0798467366967309,1.2475135310913199e-05,0.9183105145547025,25,30,20
3,7290,0.0013528980427054413,0.07990927243643503,9.446997358195764e-06,0.9187283825235005,25,30,20
3,7291,0.0013478182628870016,0.07990860511896389,7.103885114403744e-06,0.9187364727330357,25,30,20
3,7292,0.001376333037503246,0.07990860511928752,3.1504750370451076e-06,0.9187119113681728,25,30,20
3,7293,0.0014182866587805119,0.0799094834028732,0.00013366295895309466,0.9185385669793927,25,30,20
3,7294,0.0014091635597493135,0.07989561479882125,0.00014399403303769112,0.9185512276083919,25,30,20
3,7295,0.0014802481293751451,0.07990941797068708,4.763578057079333e-06,0.9186055703218808,25,30,20
3,7296,0.0025507622988060192,0.07990941799382653,0.00013437387527737136,0.917405445832089,25,30,20
3,7297,0.0025115313081724034,0.07988734767909976,3.1387184910601624e-05,0.9175697338278173,25,30,20
3,7298,0.0032018934328103326,0.07929704082788197,0.0006356756197096285,0.916865390119598,25,30,20
3,7299,0.0012747100988137095,0.07929704080498945,0.0007557880782384238,0.9186724610179585,25,30,20
3,7300,0.001469728781458769,0.07929704081763835,0.0006261515692367581,0.9186070788316656,25,30,20
3,7301,0.0016584599151551404,0.07988619643280488,2.4670225506267857e-05,0.9184306734265338,25,30,20
3,7302,0.0017333683226462755,0.07988726713096377,0.00039060231034748777,0.9179887622360424,25,30,20
3,7303,0.0022746479799061227,0.07988726712031692,0.00014518025280487446,0.9176929046469722,25,30,20
3,7304,0.003671133488361449,0.07957149379221663,1.0854264041691587e-05,0.9167465184553804,25,30,20
3,7305,0.0035228398901039908,0.07958773915454592,7.505374181256383e-06,0.9168819155811683,25,30,20
3,7306,0.005023476535979783,0.0798704964525215,1.3693733566333517e-05,0.9150923332779317,25,30,20
3,7307,0.0016455761266626011,0.07927416217185437,0.0006188071526528183,0.91846145454883,25,30,20
3,7308,0.001526246605109984,0.0798705229255867,6.588489990082114e-06,0.9185966419793129,25,30,20
3,7309,0.001419352407530845,0.07988636080317826,2.27225704894202e-06,0.9186920145322426,25,30,20
3,7310,0.001312920742287464,0.079885576980461,0.00027097001302199206,0.9185305322642283,25,30,20
3,7311,0.003432331021638162,0.07943376922196144,0.0007286557899487747,0.9164052439664521,25,30,20
3,7312,0.0017482124591803763,0.07989388139986749,0.00028327834262356443,0.9180746277983293,25,30,20
3,7313,0.0014326382290290388,0.07989772218527282,0.000381487683684455,0.9182881519020138,25,30,20
3,7314,0.0014197500858185504,0.06448137755326364,0.01579923435363818,0.9182996380072798,25,30,20
3,7315,0.001476145848616425,0.0798820271382881,1.7674837030206953e-05,0.9186241521760653,25,30,20
3,7316,0.001412177791408448,0.07988249125566757,1.265810493944768e-05,0.9186926728479833,25,30,20
3,7317,0.0411807547856508,0.07989276646031039,0.0002156253442043259,0.8787108534098348,25,30,20
3,7318,0.027868606228024912,0.0799062469735437,0.013710336642435338,0.8785148101559966,25,30,20
3,7319,0.044105214835000066,0.0786568745589454,0.001262203363148831,0.875975707242905,25,30,20
3,7320,0.041685462779490916,0.07989764516323256,0.0001844392205966439,0.8782324528366808,25,30,20
3,7321,0.04218861962654733,0.07987968332433343,0.00011111049410827804,0.8778205865550107,25,30,20
3,7322,0.041558454958244215,0.07860218018961031,0.0011174621169911672,0.8787219027351547,25,30,20
3,7323,0.04202822689422992,0.07872479542052596,0.00055915638580833,0.8786878212994357,25,30,20
3,7324,0.04231242721076467,0.07888318352011076,0.00015622621233688262,0.8786481630567881,25,30,20
3,7325,0.024588643400753108,0.0799172063090227,0.016832897623793645,0.8786612526664304,25,30,20
3,7326,0.02479352695283857,0.07994545911990106,0.01683656760212353,0.8784244463251372,25,30,20
3,7327,0.003697972087909213,0.0798823338707386,0.038016917938586206,0.8784027761027666,25,30,20
3,7328,0.01387639265714402,0.07988595864778697,0.03802106675753814,0.8682165819375309,25,30,20
3,7329,0.025463838040939865,0.07990975095641338,0.0160897576766529,0.8785366533259937,25,30,20
3,7330,0.025357361642167862,0.07990975095550064,0.01619166921489039,0.8785412181874416,25,30,20
3,7331,0.03509272211245651,0.07989738698833705,0.00620604240569762,0.8788038484935086,25,30,20
3,7332,0.03510061568264504,0.07816679337607857,0.0082935544503672,0.8784390364909102,25,30,20
3,7333,0.004279052424952371,0.07988595466428686,0.03793400554045789,0.8779009873703036,25,30,20
3,7334,0.0075676911360434895,0.0789529928206148,0.03668484858482085,0.8767944674585227,25,30,20
3,7335,0.004457260408039627,0.07897601978561211,0.07645770795708985,0.8401090118492601,25,30,20
3,7336,0.027013851639621625,0.07989798886892845,0.05280016036627443,0.8402879991251754,25,30,20
3,7337,0.043467947497084214,0.07989798932758312,0.03705926079228789,0.8395748023830449,25,30,20
3,7338,0.011723038872524731,0.07989811469975899,0.07255356605548925,0.8358252803722261,25,30,20
3,7339,0.0031027801306515333,0.0798981143676416,0.07989684114916992,0.8371022643525374,25,30,20
3,7340,0.05686286695855543,0.07989812745824777,0.024363375103846768,0.8388756304793508,25,30,20
3,7341,0.05707757616192061,0.07961521205767554,0.024924269945579756,0.8383829418348244,25,30,20
3,7342,0.041140151312662125,0.07986403878958001,0.04037727046867696,0.8386185394290813,25,30,20
3,7343,0.07362855180758811,0.0798855821898273,0.008690224629577145,0.8377956413730068,25,30,20
3,7344,0.0463154031548178,0.0792886129571199,0.03142534417346582,0.8429706397145957,25,30,20
3,7345,0.040721206125686436,0.07966682770506392,0.04886710086411327,0.8307448653051366,25,30,20
3,7346,0.04122367919371601,0.0798884956638986,0.040007582714033714,0.838880242428352,25,30,20
3,7347,0.04266484067755523,0.07989353319425206,0.040012278201208444,0.8374293479269845,25,30,20
3,7348,0.04404926313766837,0.0793034765223588,0.0408432558429307,0.835804004497043,25,30,20
3,7349,0.04593721964142304,0.07990680293648039,0.03851342474166984,0.8356425526804274,25,30,20
3,7350,0.04216989100571065,0.07987544286789344,0.0402181714010444,0.8377364947253518,25,30,20
3,7351,0.038039835026534685,0.0799098444890945,0.04343927630409183,0.8386110441802798,25,30,20
3,7352,0.03820464461304377,0.07991623288722362,0.055754026881112716,0.8261250956186212,25,30,20
3,7353,0.03909141461173551,0.07898042661660944,0.049822963722024875,0.8321051950496309,25,30,20
3,7354,0.04122828361473982,0.07989811804929953,0.04713253050922469,0.8317410678267353,25,30,20
3,7355,0.04297203152337468,0.07989805951372164,0.0404442574100163,0.8366856515528869,25,30,20
3,7356,0.03516547912385354,0.079909528736296,0.04624132507813991,0.8386836670617099,25,30,20
3,7357,0.07162622512243826,0.07991012360297572,0.009775866027656687,0.8386877852469291,25,30,20
3,7358,0.07180345335816925,0.07989786099870833,0.009673872040808426,0.8386248136023137,25,30,20
3,7359,0.07484801787566318,0.07989719789888426,0.006347885193771988,0.8389068990316807,25,30,20
3,7360,0.0682749483243609,0.07777348429099401,0.015055671179752378,0.838895896204892,25,30,20
3,7361,0.04279598968683671,0.0798383321901002,0.038513671759896784,0.8388520063631675,25,30,20
3,7362,0.04083824328639805,0.079850327666758,0.040446985800609826,0.8388644432462358,25,30,20
3,7363,0.04414553539642291,0.07895346079097283,0.03984454823393842,0.8370564555786671,25,30,20
3,7364,0.0432151213324714,0.07987027966387411,0.03997389543481721,0.8369407035688385,25,30,20
3,7365,0.03060157514411548,0.0798246592102156,0.052648127823951715,0.8369256378217167,25,30,20
3,7366,0.04831093860555831,0.07987098067825019,0.033118882770089064,0.8386991979461019,25,30,20
3,7367,0.048311450196941434,0.07986272458044291,0.03315032911453793,0.8386754961080777,25,30,20
3,7368,0.043760562072629995,0.07989756084703395,0.04012756728059068,0.8362143097997461,25,30,20
3,7369,0.04095027494761238,0.0792884344737867,0.041548562388917125,0.8382127281896844,25,30,20
3,7370,0.04427647936294249,0.07928843478479077,0.037714697956021656,0.8387203878962468,25,30,20
3,7371,0.046527872293670086,0.07988540878501148,0.03756709553843388,0.8360196233828846,25,30,20
3,7372,0.049869076741570637,0.07988621036078052,0.03695890575881434,0.8332858071388352,25,30,20
3,7373,0.04456088532831897,0.07964309595520375,0.036934823452236844,0.8388611952642404,25,30,20
3,7374,0.04478493282230961,0.07963076756981997,0.03705709698585209,0.8385272026220182,25,30,20
3,7375,0.06500225558363967,0.07964317195168698,0.01701890386864734,0.8383356685960262,25,30,20
3,7376,0.0634356750926774,0.07962816602739761,0.01853616450923327,0.8383999943706911,25,30,20
3,7377,0.06461770900999488,0.07895432376050265,0.018418574963681617,0.8380093922658196,25,30,20
3,7378,0.06692024789001111,0.07894317571354825,0.018417901112982322,0.8357186752834584,25,30,20
3,7379,0.08178594522430664,0.05116802188896556,0.029614731109349535,0.8374313017773792,25,30,20
3,7380,0.0803208765734574,0.05116802159072651,0.02966670608982365,0.8388443957459921,25,30,20
3,7381,0.08271540869421544,0.0798755369602547,0.000957031089734161,0.8364520232557954,25,30,20
3,7382,0.08181279152822253,0.07986327015537141,0.0010560809806635242,0.8372678573357425,25,30,20
3,7383,0.0813365182689299,0.06414360399754637,0.016418670347310073,0.8381012073862135,25,30,20
3,7384,0.08159503738244027,0.06369185446456596,0.015828512078626726,0.8388845960743674,25,30,20
3,7385,0.08152392949727741,0.0794296679126617,0.001142306789597548,0.8379040958004631,25,30,20
3,7386,0.04669706397695575,0.05421001856500337,0.06320786402377353,0.8358850534342669,25,30,20
3,7387,0.02822022231703648,0.07989025586460553,0.05569307930313496,0.8361964425152228,25,30,20
3,7388,0.0270032890948,0.07987704268966205,0.055679115957116006,0.8374405522584215,25,30,20
3,7389,0.03573398021779323,0.07990130686979763,0.0558348528635727,0.828529860048836,25,30,20
3,7390,0.03547600581407865,0.07987031717021376,0.055920318448504064,0.8287333585672034,25,30,20
3,7391,0.028228742911493764,0.07929648089251405,0.05648474576155835,0.8359900304344344,25,30,20
3,7392,0.02728446759604492,0.07984836571564385,0.05589355038456244,0.8369736163037491,25,30,20
3,7393,0.027904400548051277,0.07986718048397591,0.055323403828537863,0.8369050151394348,25,30,20
3,7394,0.04135612747564465,0.07986254302109455,0.040100812941051917,0.8386805165622089,25,30,20
3,7395,0.0810923315636024,0.07945153216334706,0.000614642911532723,0.838841493361518,25,30,20
3,7396,0.08161710840869767,0.07948672202166619,0.0005756875592575243,0.8383204820103787,25,30,20
3,7397,0.08296852521770887,0.07990977107050373,0.0001691594968753704,0.8369525442149123,25,30,20
3,7398,0.05291588670632196,0.08119056685331087,0.02713135948421046,0.8387621869561577,25,30,20
3,7399,0.02544842589816784,0.0811903690579853,0.06469399205583369,0.8286672129880125,25,30,20
3,7400,0.04132484477324985,0.07989806069267283,0.03992077404277373,0.8388563204913038,25,30,20
3,7401,0.04020494667867428,0.07982970831198244,0.04109321580068658,0.8388721292086568,25,30,20
3,7402,0.08193735357901126,0.07982970799695276,0.000395530769394396,0.8378374076546414,25,30,20
3,7403,0.08281887772449585,0.07989041457384854,0.004982578553675166,0.8323081291479804,25,30,20
3,7404,0.04383564958839552,0.07985118761654421,0.038462793363678895,0.8378503694313815,25,30,20
3,7405,0.04120580948601172,0.0644612109341452,0.055794003569031976,0.8385389760108111,25,30,20
3,7406,0.047551934865540574,0.07989730800379163,0.03630320203953316,0.8362475550911342,25,30,20
3,7407,0.05085109624391548,0.07960721696659374,0.03334875613272331,0.8361929306567676,25,30,20
3,7408,0.0695606158185372,0.07960719095485592,0.0121758647523655,0.8386563284742417,25,30,20
3,7409,0.08130500492009902,0.07960719116226044,0.0002130813771402166,0.8388747225405006,25,30,20
3,7410,0.07466275740569288,0.07986386247330737,0.006574045110206922,0.8388993350107934,25,30,20
3,7411,0.07228901073570074,0.07988940233220113,0.00902187472524085,0.838799712206858,25,30,20
3,7412,0.07618280118434267,0.07989711138198258,0.006028705371525575,0.8378913820621503,25,30,20
3,7413,0.04083174099282966,0.07989711188036988,0.040403985321847226,0.838867161804954,25,30,20
3,7414,0.04076030599299983,0.0799090940455994,0.04040821599368302,0.8389223839677185,25,30,20
3,7415,0.08073623405416637,0.07987771000660678,0.0017012946866620169,0.8376847612525659,25,30,20
3,7416,0.08091947716243107,0.07987074179060161,0.0005689288285265174,0.8386408522184411,25,30,20
3,7417,0.08104598202022022,0.07990171343111319,0.005132623980916747,0.83391968056775,25,30,20
3,7418,0.04376128503980364,0.07941189507411033,0.03908579935973794,0.8377410205263479,25,30,20
3,7419,0.042448864443271325,0.07990963427478717,0.03974371335058176,0.8378977879313593,25,30,20
3,7420,0.016719509298570367,0.07988595522762908,0.06455774534205623,0.8388367901317452,25,30,20
3,7421,0.003393866129712722,0.07989773264503958,0.07838826284407051,0.838320138381178,25,30,20
3,7422,0.042777311415889134,0.07984737367017998,0.038605622688278475,0.8387696922256532,25,30,20
3,7423,0.043793959602815694,0.07988593197035791,0.03864264203375164,0.8376774663930753,25,30,20
3,7424,0.04206016295736417,0.07986707396283806,0.04057583963282926,0.8374969234469697,25,30,20
3,7425,0.06506302942061289,0.07986551103633746,0.017627257159509756,0.837444202383541,25,30,20
3,7426,0.08142767646961196,0.07988161005359594,0.0011663284941798818,0.8375243849826127,25,30,20
3,7427,0.056678394518109146,0.07989869716493443,0.026434874836935296,0.8369880334800223,25,30,20
3,7428,0.016999004463344305,0.03902522143109813,0.10622391818656839,0.8377518559189884,25,30,20
3,7429,0.0040529921295281756,0.039943572967640846,0.11958530410858037,0.8364181307942505,25,30,20
3,7430,0.007158580747880288,0.06255458524035673,0.09820084772397893,0.8320859862877864,25,30,20
3,7431,0.023163030143605764,0.07987452400975698,0.05946759408912147,0.8374948517575153,25,30,20
3,7432,0.03368030774480591,0.07988747133597714,0.047826720292461634,0.8386055006267555,25,30,20
3,7433,0.037409646835779846,0.06116325436457631,0.06320909955060472,0.8382179992490402,25,30,20
3,7434,0.03694166537991596,0.07988645556855861,0.04430887085841835,0.8388630081931093,25,30,20
3,7435,0.020003639640548784,0.07991843094291545,0.06207981023858908,0.837998119177949,25,30,20
3,7436,0.006656142625426001,0.07990428812821328,0.07523679619310475,0.8382027730532547,25,30,20
3,7437,0.0016513935877508973,0.07990428762767181,0.08588341315011565,0.8325609056344616,25,30,20
3,7438,0.001591095295231478,0.07988624141169458,0.08595562162402488,0.8325670416690485,25,30,20
3,7439,0.013069631419400915,0.07986914680373255,0.06823433446746087,0.8388268873094055,25,30,20
3,7440,0.013010245046758994,0.07986961947644412,0.06850622681042079,0.838613908666376,25,30,20
3,7441,0.014853352242281216,0.07989828019207063,0.06815994179126596,0.8370884257743825,25,30,20
3,7442,0.031362565934832526,0.07989820615206651,0.0508599973387431,0.8378792305743581,25,30,20
3,7443,0.0412959910665825,0.07989827420162118,0.040174832160892036,0.8386309025709048,25,30,20
3,7444,0.027335607760286883,0.07990981547272338,0.053983231534165385,0.8387713452328244,25,30,20
3,7445,0.008026301334150571,0.0799355682027651,0.07346122363801276,0.8385769068250714,25,30,20
3,7446,0.008486527335322508,0.07987039583620886,0.07300954955462342,0.8386335272738463,25,30,20
3,7447,0.0033922450472700597,0.07985407858891454,0.07960186313809514,0.83715181322572,25,30,20
3,7448,0.029283370059748192,0.07985407265622933,0.05369810048501085,0.8371644567990114,25,30,20
3,7449,0.041807556688250036,0.07983782788937983,0.041218850824531375,0.8371357645978381,25,30,20
3,7450,0.042875676414567944,0.07922883241136812,0.04102367859812243,0.8368718125759408,25,30,20
3,7451,0.04373335013498549,0.07986886189971643,0.03533371425422458,0.841064073711074,25,30,20
3,7452,0.04332321529383786,0.0798862219477652,0.040121289043210336,0.836669273715187,25,30,20
3,7453,0.043053610540494364,0.07989900998152459,0.040049577218963094,0.8369978022590182,25,30,20
3,7454,0.042729265143493664,0.07987801717865123,0.04041018642388102,0.836982531253974,25,30,20
3,7455,0.023773235087502318,0.07989843593405957,0.06001941834413078,0.8363089106343076,25,30,20
3,7456,0.023118577598268197,0.08095503515336794,0.05731846972049562,0.8386079175278682,25,30,20
3,7457,0.04105216636528124,0.07989356510945139,0.04057456103462658,0.8384797074906417,25,30,20
3,7458,0.0658473858614686,0.07988440956310529,0.01806675142221161,0.8362014531532138,25,30,20
3,7459,0.05479467820159045,0.07988107251973503,0.02873206343534235,0.8365921858433332,25,30,20
3,7460,0.05162534871112384,0.07989628337398183,0.06623984223588475,0.8022385256790093,25,30,20
3,7461,0.053447675396411196,0.07988390984265528,0.06952197491948856,0.7971464398414454,25,30,20
3,7462,0.04281225527674404,0.07988384750890448,0.07851315297064113,0.798790744243711,25,30,20
3,7463,0.034930524178883746,0.07988270536526486,0.0859940012080349,0.7991927692478178,25,30,20
3,7464,0.07877357801629804,0.07989746893050509,0.009006632059574103,0.8323223209936228,25,30,20
3,7465,0.08114801774999757,0.07989735137670494,0.006355261899075811,0.832599368974222,25,30,20
3,7466,0.04240960256824047,0.07986522388433666,0.04520092270507368,0.83252425084235,25,30,20
3,7467,0.0812423288810168,0.07989834611644266,0.0001579311192988012,0.8387013938832416,25,30,20
3,7468,0.08238675699037033,0.07990622698137333,6.691307614806056e-05,0.8376401029521081,25,30,20
3,7469,0.08182421976915454,0.0794234492696893,0.00014252166273960758,0.8386098092984166,25,30,20
3,7470,0.07221020533169063,0.07989812416540644,0.009902679719256437,0.8379889907836469,25,30,20
3,7471,0.03548089707334843,0.07984984981757234,0.04429337761524673,0.8403758754938327,25,30,20
3,7472,0.03815865871539663,0.07991047723961983,0.04327666719136598,0.8386541968536183,25,30,20
3,7473,0.041426306644797774,0.07991018097149112,0.037437611937450835,0.8412259004462622,25,30,20
3,7474,0.03602268378367387,0.07991038134767298,0.04516654648256157,0.8389003883860942,25,30,20
3,7475,0.04172562420166001,0.07989708497709068,0.04052656692125549,0.8378507238999947,25,30,20
3,7476,0.04490069869839457,0.0799097858726456,0.04038573110814897,0.8348037843208118,25,30,20
3,7477,0.04472791937392713,0.07989604895703813,0.040001402477340985,0.8353746291916947,25,30,20
3,7478,0.041203933626629656,0.07986677446180429,0.04013499287621835,0.8387942990353469,25,30,20
3,7479,0.026806971476923045,0.07988494266370665,0.05464403454711847,0.8386640513122512,25,30,20
3,7480,0.02919265749443513,0.08065850177699704,0.04801821990939028,0.8421306208191767,25,30,20
3,7481,0.02935312146054703,0.061936230743992064,0.06665158632653015,0.8420590614689303,25,30,20
3,7482,0.04143167372856852,0.0798983740376704,0.04008104986580079,0.8385889023679607,25,30,20
3,7483,0.04241293386159065,0.06117209514902825,0.058955986174862175,0.8374589848145186,25,30,20
3,7484,0.04142897532655878,0.06115989642544758,0.058829880739331264,0.8385812475086621,25,30,20
3,7485,0.04106965150804778,0.07865688543324127,0.042275940691076486,0.8379975223676355,25,30,20
3,7486,0.04274088052081953,0.07866236211278851,0.04516972045167804,0.8334270369147138,25,30,20
3,7487,0.04205719429696461,0.07985832912840368,0.03997874093111107,0.8381057356435214,25,30,20
3,7488,0.041837003545525435,0.06117545097289481,0.058787720878856246,0.8381998246027252,25,30,20
3,7489,0.043763416246137006,0.0541110737605032,0.06575695823542031,0.8363685517579416,25,30,20
3,7490,0.04326179604878781,0.07986596312068073,0.040087687095064155,0.8367845537354686,25,30,20
3,7491,0.0435811084038517,0.051012392567119674,0.06652582608554347,0.8388806729434855,25,30,20
3,7492,0.06004885488102432,0.05101245888882703,0.09075456360296875,0.7981841226271797,25,30,20
3,7493,0.04295806637018245,0.05103226362349893,0.10921785341813736,0.7967918165881827,25,30,20
3,7494,0.04308837854991403,0.079897231834856,0.08049913282104809,0.7965152567941822,25,30,20
3,7495,0.04182937290055226,0.07989768613364004,0.07988377337125342,0.7983891675945551,25,30,20
3,7496,0.04137615997244131,0.07986668346156996,0.08003043421326538,0.7987267223527239,25,30,20
3,7497,0.041327300629324604,0.07990240826657413,0.07994822001172366,0.7988220710923774,25,30,20
3,7498,0.04137455251473148,0.07990240825758868,0.08045277818383267,0.7982702610438475,25,30,20
3,7499,0.041342728593007555,0.07984736133526583,0.07993219116390528,0.7988777189078222,25,30,20
3,7500,0.041336554357837584,0.07987710076464828,0.07987763203298343,0.7989087128445301,25,30,20
3,7501,0.02263632376741986,0.07819075033595267,0.10061107734369998,0.798561848552928,25,30,20
3,7502,0.0681768252627421,0.07926905240996708,0.040550273777910026,0.8120038485493799,25,30,20
3,7503,0.07825503555735691,0.0798944836500428,0.028234101484468747,0.8136163793081329,25,30,20
3,7504,0.08037090733631871,0.07989446977333567,0.0008476011847030295,0.8388870217056428,25,30,20
3,7505,0.08111311540449001,0.07983026955027987,0.00014665363824874347,0.8389099614069815,25,30,20
3,7506,0.06884633778260865,0.07859698298408038,0.014047634099018082,0.8385090451342934,25,30,20
3,7507,0.04633670024784701,0.07983421865231004,0.035610521971931146,0.8382185591279133,25,30,20
3,7508,0.04187986577402423,0.07987654750848884,0.040023294904310835,0.8382202918131761,25,30,20
3,7509,0.04159105267174069,0.07987548381564026,0.040305301511133027,0.8382281620014864,25,30,20
3,7510,0.04177074020937396,0.07985170024137442,0.04050750050970575,0.8378700590395459,25,30,20
3,7511,0.04079239634244989,0.07985274132109849,0.04050491721551569,0.8388499451209362,25,30,20
3,7512,0.04076991096163189,0.0798692466341796,0.040755471845127934,0.8386053705590605,25,30,20
3,7513,0.04093910136409461,0.07986924172810267,0.04056212979628405,0.8386295271115195,25,30,20
3,7514,0.04383013622778418,0.11691728788675355,0.001486007239251858,0.8377665686462108,25,30,20
3,7515,0.04242446871779207,0.1198306868283499,0.00039019680321117285,0.8373546476506476,25,30,20
3,7516,0.015082554303762558,0.11941646873731307,0.027084033295597578,0.8384169436633272,25,30,20
3,7517,0.001725398169967337,0.11940162954783742,0.040377897853553904,0.8384950744286418,25,30,20
3,7518,0.0026018541245098658,0.11981754380042732,0.03996686392810511,0.8376137381469578,25,30,20
3,7519,0.013586297068185125,0.11982919955254344,0.028995414713587287,0.8375890886656852,25,30,20
3,7520,0.0036326855054463047,0.1198404243490004,0.038773543588993986,0.8377533465565609,25,30,20
3,7521,0.004429004122668165,0.11979600511276402,0.03889132941484128,0.8368836613497278,25,30,20
3,7522,0.0044770984165225175,0.11978279055111463,0.038954353588562605,0.8367857574438001,25,30,20
3,7523,0.042893678218884713,0.1197948165898855,0.0016759359823279147,0.835635569208902,25,30,20
3,7524,0.04144115766157147,0.11983343817472213,0.00037430167798085153,0.8383511024857266,25,30,20
3,7525,0.0440813255947595,0.11984850268000166,9.29873299120071e-06,0.8360608729922476,25,30,20
3,7526,0.03965510834948343,0.1198372999827031,0.001727372153540231,0.8387802195142727,25,30,20
3,7527,0.041358204650231996,0.11984105256003863,0.002006203509854472,0.8367945392798756,25,30,20
3,7528,0.03963140147018693,0.11984067628428759,0.0020010016472670074,0.8385269205982592,25,30,20
3,7529,0.039590302125708715,0.11980352311733694,0.0017372337919001745,0.8388689409650542,25,30,20
3,7530,0.02272325439010197,0.1197256573277782,0.02041748286580598,0.8371336054163142,25,30,20
3,7531,0.02121318602479851,0.11980956201013152,0.020398968273592836,0.8385782836914768,25,30,20
3,7532,0.02328105304080446,0.11976134031073413,0.020403645460840503,0.8365539611876219,25,30,20
3,7533,0.0037817801872479483,0.11982093608184048,0.02717564925379455,0.849221634477118,25,30,20
3,7534,0.0013648803463152074,0.11981621545926777,0.0004157105390012035,0.8784031936554162,25,30,20
3,7535,0.001377173728145801,0.11985158545582589,1.1559192368751732e-05,0.8787596816236589,25,30,20
3,7536,0.001459151701404028,0.11984844231601426,9.908346448810767e-06,0.8786824976361325,25,30,20
3,7537,0.001382736081604318,0.11811133235381233,0.0018487507232567463,0.8786571808413263,25,30,20
3,7538,0.0015480547621742613,0.11812365937806298,0.0018512918225588471,0.8784769940372041,25,30,20
3,7539,0.0015635745054626033,0.11976448827089144,0.00014153478937053114,0.8785304024342757,25,30,20
3,7540,0.0018463331835499842,0.11979690094310096,0.00013986384039535633,0.8782169020329538,25,30,20
3,7541,0.0035680840257471032,0.11979318615212753,0.0001346957177669021,0.8765040341043584,25,30,20
3,7542,0.0013560590252774736,0.11811268477752118,0.001864986798887246,0.8786662693983139,25,30,20
3,7543,0.00134265540295328,0.11812040344240604,0.0018506308098697865,0.8786863103447706,25,30,20
3,7544,0.0013826414374688654,0.11981593832638078,1.9177410420181147e-05,0.8787822428257306,25,30,20
3,7545,0.0013210123850892822,0.11984241172682918,0.00012793560489527048,0.8787086402831865,25,30,20
3,7546,0.0013903969392987969,0.11984168860703674,0.00011452145658596299,0.8786533929970786,25,30,20
3,7547,0.0013873465849778025,0.11980726739747936,0.00013993084985982902,0.878665455167684,25,30,20
3,7548,0.0031209826576889172,0.11985371582876754,2.5652837868202632e-05,0.8769996486756759,25,30,20
3,7549,0.002259936127131417,0.11922768774038701,0.0006127509097022239,0.8778996252227793,25,30,20
3,7550,0.004276946120442159,0.11986090317469125,1.3693745109746624e-05,0.8758484569597571,25,30,20
3,7551,0.0013314066265951976,0.11985259292662272,9.243296591824975e-06,0.8788067571501902,25,30,20
3,7552,0.0014980881277584215,0.11982497801959636,0.00011005601964783667,0.8785668778329968,25,30,20
3,7553,0.0027099203263912745,0.11982519327136514,0.00010353185977734983,0.8773613545424659,25,30,20
3,7554,0.004594384002237435,0.11979718720656679,0.04447319508404989,0.8311352337071457,25,30,20
3,7555,0.0017291952889481662,0.1198205475147967,0.04425150685351124,0.8341987503427446,25,30,20
3,7556,0.0020493360683152993,0.10085288508133143,0.05847471364511717,0.8386230652052372,25,30,20
3,7557,0.006790259545066926,0.11910688421497681,0.03563981424482076,0.8384630419951368,25,30,20
3,7558,0.03048846055589439,0.11982370871788221,0.011248171912326417,0.8384396588138975,25,30,20
3,7559,0.040746028427860244,0.11982384449213405,0.0005641756986242212,0.8388659513813814,25,30,20
3,7560,0.042068701796955515,0.1197608716373796,0.00034950272404766445,0.837820923841617,25,30,20
3,7561,0.022677569112666444,0.11982227046169333,0.02072179224577018,0.8367783681798704,25,30,20
3,7562,0.024114302125889546,0.11986022429669245,0.020435329833783707,0.8355901437436346,25,30,20
3,7563,0.016686496653043125,0.11985951485578349,0.02525421616464951,0.8381997723265248,25,30,20
3,7564,0.016224513190435375,0.11899444077712129,0.026099441601042855,0.8386816044314012,25,30,20
3,7565,0.012727307450191712,0.11983691031982775,0.03935614836551178,0.8280796338644688,25,30,20
3,7566,0.00681713850332516,0.11981445617588048,0.0375800036632772,0.8357884016575164,25,30,20
3,7567,0.005082939838196101,0.11982144230193127,0.03730133765101344,0.837794280208859,25,30,20
3,7568,0.002309904063723623,0.11982149012528795,0.040295081593128564,0.8375735242178609,25,30,20
3,7569,0.0024047228108837427,0.11984744928504266,0.04027691397212828,0.837470913931946,25,30,20
3,7570,0.0018218388252005647,0.09457419011715121,0.06517554981522068,0.8384284212424279,25,30,20
3,7571,0.0017083333312790034,0.11938486615489062,0.04040093204597683,0.8385058684678538,25,30,20
3,7572,0.0028187877421942493,0.11938487012351048,0.03944987210256916,0.8383464700317264,25,30,20
3,7573,0.0018938767542666447,0.11982769619988151,0.03948092360959508,0.8387975034362567,25,30,20
3,7574,0.001983991823678414,0.11982859990106624,0.03962833304091253,0.8385590752343429,25,30,20
3,7575,0.003056733841626578,0.11975421716434065,0.039833364542970186,0.8373556844510633,25,30,20
3,7576,0.0023267541045718194,0.11976407865331636,0.03895875038360811,0.8389504168585042,25,30,20
3,7577,0.0022674897072387625,0.11925442862731472,0.039539149245156766,0.8389389324202915,25,30,20
3,7578,0.002028181560912433,0.13370263382121123,0.02549538484033336,0.838773799777544,25,30,20
3,7579,0.0013724073694161992,0.1598073695142508,2.6933964981716852e-06,0.8388175297198353,25,30,20
3,7580,0.0014523452071725127,0.15974853319905935,8.977098645828037e-06,0.8387901444951238,25,30,20
3,7581,0.0013444529964759654,0.15981997858021768,0.00013865979295919208,0.8386969086303485,25,30,20
3,7582,0.0020248499226207537,0.15980726032572604,0.008151106069658805,0.8300167836819949,25,30,20
3,7583,0.0023340586329211018,0.15979187948580473,9.347002476066412e-06,0.8378647148787985,25,30,20
3,7584,0.0013830612801693626,0.15980792917942868,0.00014952328333945564,0.8386594862570624,25,30,20
3,7585,0.0014902669014312275,0.1597372810515231,0.00013033948766294986,0.8386421125593833,25,30,20
3,7586,0.0014085668142620176,0.15801451620364726,0.001887742203204219,0.8386891747788873,25,30,20
3,7587,0.0014577443338835406,0.1597365027791289,4.6967614697226584e-05,0.8387587852722906,25,30,20
3,7588,0.0014627916485703092,0.15931899206381922,0.0004393425885008968,0.83877887369911,25,30,20
3,7589,0.003217813880580277,0.15977133849013309,6.275468984400882e-06,0.8370045721603034,25,30,20
3,7590,0.0014147689949697644,0.15807446268689632,0.0017302606336454338,0.8387805076844895,25,30,20
3,7591,0.003118156453849457,0.15799121596879667,0.0001539008337772786,0.8387367267435779,25,30,20
3,7592,0.004734667965447149,0.1597220685869327,7.259993617021675e-05,0.835470663511451,25,30,20
3,7593,0.005176509314543418,0.15977153177935338,0.006272077439305441,0.8287798814667978,25,30,20
3,7594,0.002271668993408851,0.15978259678504309,8.583473940413193e-06,0.8379371507476074,25,30,20
3,7595,0.0015929774758456918,0.15977910459699413,6.049405738135926e-06,0.8386218685214223,25,30,20
3,7596,0.0014102276738902479,0.15977979544686477,4.4336912021196956e-06,0.8388055431880425,25,30,20
3,7597,0.0013431871733953437,0.12012440387006906,0.039697426767737076,0.838834982188799,25,30,20
3,7598,0.0039983692510139005,0.11985192528593634,0.03902684756043148,0.8371228579026192,25,30,20
3,7599,0.002517087819809148,0.11983545720819483,0.039026889135919375,0.8386205658360762,25,30,20
3,7600,0.003411104809284401,0.11983980295743242,0.039029063295644546,0.8377200289376393,25,30,20
3,7601,0.0025367889326097116,0.11983972977135765,0.039028966395113086,0.8385945149009194,25,30,20
3,7602,0.0022166275940061347,0.11982959363084564,0.039058844544260875,0.8388949342308877,25,30,20
3,7603,0.0036378207449818617,0.11985197673665446,0.03903620280807609,0.8374739997102878,25,30,20
3,7604,0.001847795030050144,0.09777503393953753,0.06198257477569404,0.8383945962547198,25,30,20
3,7605,0.0020681142695722207,0.11985234044236041,0.039943566591514275,0.8381359786965535,25,30,20
3,7606,0.0025466090646054933,0.10111867264768326,0.05870587915253725,0.8376288391351744,25,30,20
3,7607,0.04249663801220615,0.11984066781179821,0.03997096761921298,0.7976917265567844,25,30,20
3,7608,0.042481624454792276,0.11985663979135762,0.039969349509488446,0.7976923862443619,25,30,20
3,7609,0.042217121399949986,0.11982856251549469,0.04006121068671221,0.7978931053978435,25,30,20
3,7610,0.04446008529960348,0.10463290803319966,0.055481353968619807,0.7954256526985766,25,30,20
3,7611,0.04159319498489923,0.10419774889466843,0.05563501601809217,0.7985740401023393,25,30,20
3,7612,0.038249003869742865,0.11975272023451947,0.04372223754852629,0.7982760383472118,25,30,20
3,7613,0.038656740514390366,0.1197821762758113,0.043869603323127206,0.7976914798866716,25,30,20
3,7614,0.03769896900345807,0.11986382025525678,0.04366201473365262,0.7987751960076324,25,30,20
3,7615,0.03785979737718399,0.11811534835887795,0.04540237714528086,0.7986224771186581,25,30,20
3,7616,0.03983921929441084,0.0908338661499482,0.07175017491945539,0.7975767396361851,25,30,20
3,7617,0.042503579156335396,0.11981366392342756,0.03930745002578988,0.7983753068944478,25,30,20
3,7618,0.07861745564343076,0.11838712823838898,0.004425708974561159,0.7985697071436184,25,30,20
3,7619,0.06366194530642068,0.11979822715056704,0.01757146602487802,0.7989683615181343,25,30,20
3,7620,0.024258938461769356,0.11982703462121887,0.057048295470006026,0.7988657314470068,25,30,20
3,7621,0.007603561047940415,0.11978208970025142,0.0738278258875902,0.7987865233642176,25,30,20
3,7622,0.008770852925374259,0.11883971960926645,0.03476131538189642,0.8376281120834642,25,30,20
3,7623,0.0044784627362353365,0.11864900236587418,0.039877328761458025,0.836995206136433,25,30,20
3,7624,0.0028866635027016063,0.11982802053068921,0.03991323618435596,0.8373720797822543,25,30,20
3,7625,0.003771186777917232,0.11979287402035813,0.04001819626879955,0.8364177429329247,25,30,20
3,7626,0.004924214135618379,0.11890368925930064,0.0396751656039337,0.8364969310011474,25,30,20
3,7627,0.0071472972966862515,0.11982822831550682,0.03483307678520445,0.838191397602603,25,30,20
3,7628,0.006047065763169186,0.11923137035917108,0.04089930515208638,0.8338222587255735,25,30,20
3,7629,0.0013887396641853714,0.1186027646947399,0.001249920237838949,0.8787585754032358,25,30,20
3,7630,0.0013364806686905009,0.1191983443712939,0.0007134578146099453,0.8787517171454057,25,30,20
3,7631,0.0019018397646398885,0.10439261303826307,0.050538004829627746,0.8431675423674698,25,30,20
3,7632,0.002061524521945773,0.0860851626062428,0.07352915618020886,0.8383241566916021,25,30,20
3,7633,0.0023611269824807104,0.10148079472072558,0.05821313011402198,0.8379449481827721,25,30,20
3,7634,0.006016577843116667,0.11805399428925474,0.03796766071752824,0.8379617671501006,25,30,20
3,7635,0.0034231696444612645,0.11893322029592669,0.039008687087534834,0.838634922972077,25,30,20
3,7636,0.003983023622170647,0.11900900966996035,0.040786364082423116,0.8362216026254469,25,30,20
3,7637,0.005498001345150134,0.11985232603720541,0.03994796084624009,0.834701711771405,25,30,20
3,7638,0.0021475334659941687,0.1194300234219508,0.04064487496090246,0.8377775681511533,25,30,20
3,7639,0.0031441299653226858,0.11938374974295765,0.04042561262867932,0.8370465076630411,25,30,20
3,7640,0.013038131165620004,0.11982121198363525,0.02980170851012108,0.8373389483406244,25,30,20
3,7641,0.004164506480842458,0.11980981018426506,0.03901766584348312,0.837008017491411,25,30,20
3,7642,0.0033614915737626987,0.11981593473960403,0.03908399795910979,0.8377385757275229,25,30,20
3,7643,0.0023818257090055055,0.11985282464397348,0.03891722239052365,0.8388481272564985,25,30,20
3,7644,0.0019104205807968103,0.11983705245737246,0.03996633261159218,0.8382861943502402,25,30,20
3,7645,0.0028408889934179397,0.11890444543477052,0.04458948351384828,0.8336651820579637,25,30,20
3,7646,0.004045077334737226,0.11962875290159289,0.04429236632291835,0.8320338034407523,25,30,20
3,7647,0.003384161275298116,0.1198204244483151,0.039961124214733544,0.8368342900616534,25,30,20
3,7648,0.006222661152229042,0.11953126581791901,0.03536340036749423,0.8388826726623577,25,30,20
3,7649,0.041222471180859616,0.11809289277846029,0.0018150168276648618,0.8388696192130157,25,30,20
3,7650,0.0038241819291061573,0.1189226325597271,0.03841335785686234,0.8388398276543042,25,30,20
3,7651,0.0044425314769162335,0.11979789241576701,0.03781616384073287,0.8379434122665842,25,30,20
3,7652,0.004441570399179139,0.10442862798536245,0.05323832173444622,0.8378914798810118,25,30,20
3,7653,0.0013605441037300595,0.10442060724322298,0.05540464413509084,0.8388142045179567,25,30,20
3,7654,0.0013789142755154043,0.11981995049609458,0.03997263959126589,0.8388284956371248,25,30,20
3,7655,0.00407580989560862,0.11828172503320065,0.04057078853819798,0.8370716765329937,25,30,20
3,7656,0.003091732650573842,0.11751627528183242,0.042283649541690754,0.837108342525904,25,30,20
3,7657,0.0013594886555007308,0.11923081863070945,0.040568952408620934,0.8388407403051691,25,30,20
3,7658,0.0366853151072742,0.1189518025292169,0.006740839949485749,0.8376220424140232,25,30,20
3,7659,0.02657069601568972,0.11919614773233832,0.016566259240414844,0.8376668970115573,25,30,20
3,7660,0.04205675613370045,0.11923045890220997,0.0010394641329589899,0.837673320831131,25,30,20
3,7661,0.04124960342195807,0.119404895102225,0.014714174902462282,0.8246313265733547,25,30,20
3,7662,0.0029395798625414683,0.11978573215308697,0.05360240327696593,0.8236722847074057,25,30,20
3,7663,0.0295890543344653,0.11978851125271844,0.05147313527467661,0.7991492991381403,25,30,20
3,7664,0.04314130226594788,0.07986511321577774,0.07869640948203606,0.7982971750362394,25,30,20
3,7665,0.04208826917708172,0.07986513247406224,0.0812090214573835,0.7968375768914711,25,30,20
3,7666,0.028746468752253868,0.07814907016265209,0.10445813459405918,0.7886463264910352,25,30,20
3,7667,0.026689717321099263,0.0798532456695051,0.10483855005327111,0.7886184869561248,25,30,20
3,7668,0.03302837604970657,0.07987623682289796,0.0907636919437961,0.7963316951835996,25,30,20
3,7669,0.050989002058929804,0.07990850183364816,0.07521095247722397,0.793891543630199,25,30,20
3,7670,0.0027389531807749472,0.11811453732593254,0.04147811816166695,0.8376683913316265,25,30,20
3,7671,0.0030591791391694108,0.1198450809102262,0.04001437203473757,0.8370813679158681,25,30,20
3,7672,0.04279844970404573,0.11962113884128148,6.831823477023753e-05,0.8375120932199033,25,30,20
3,7673,0.04309989666057171,0.11899282926669341,0.0010045758664535506,0.836902698206281,25,30,20
3,7674,0.009005275015540047,0.11985748607337293,0.0334411709720592,0.8376960679390293,25,30,20
3,7675,0.0021061693473683556,0.15980854029545405,8.845949988697038e-06,0.8380764444071889,25,30,20
3,7676,0.0023009615754533254,0.15972808235685984,5.1726730251360086e-05,0.8379192293374375,25,30,20
3,7677,0.002652477114256963,0.1579886581872573,0.0008798374542095032,0.8384790272442767,25,30,20
3,7678,0.0034736286547298744,0.1589067809692947,0.0008793418041169504,0.8367402485718582,25,30,20
3,7679,0.004038349940886862,0.1198283779880488,0.03989307064225063,0.8362402014288149,25,30,20
3,7680,0.001913524161383311,0.11981583691261058,0.040009438680783785,0.838261200245221,25,30,20
3,7681,0.0024327939571234243,0.11983211476335354,0.04009057306866888,0.8376445182108547,25,30,20
3,7682,0.0019262497462164726,0.11981543963406663,0.04013924217059524,0.8381190684491222,25,30,20
3,7683,0.0017472386102250763,0.11899853700751636,0.0405739751828566,0.8386802491994036,25,30,20
3,7684,0.004838082954867064,0.11723360201176587,0.0009284758988145718,0.8769998391345528,25,30,20
3,7685,0.002259381680530789,0.11891145240547545,8.246873460433043e-06,0.8788209190405339,25,30,20
3,7686,0.002261323584185166,0.1171980307132269,0.0017290149272099092,0.8788116307753789,25,30,20
3,7687,0.0015560986598740082,0.11743623883715999,0.002162912426650276,0.8788447500763159,25,30,20
3,7688,0.0012585902365183396,0.10304253215437646,0.016821838767270413,0.8788770388418352,25,30,20
3,7689,0.0012720712723755295,0.10303894864251305,0.01683000029407596,0.8788589797910369,25,30,20
3,7690,0.002430853513616229,0.11984912470972552,1.9101363801697252e-05,0.8777009204128574,25,30,20
3,7691,0.0024177678280675173,0.1198252844413898,1.8607149441452604e-05,0.8777383405811023,25,30,20
3,7692,0.0022879436599079167,0.11892355060274101,2.4508954405708195e-05,0.8787639967829461,25,30,20
3,7693,0.0014099050014959214,0.11979617607303217,0.0001392158151064809,0.8786547031103654,25,30,20
3,7694,0.001304544730779299,0.11977380148596596,0.0002049410376252275,0.8787167127456307,25,30,20
3,7695,0.0012985027388443184,0.1198078734421432,0.00018953010536601895,0.878704093713647,25,30,20
3,7696,0.002483534327555457,0.10380150929558507,0.016036921316630003,0.8776780350602291,25,30,20
3,7697,0.0013653454897159466,0.10380211783682845,0.01603353194201328,0.8787990047314419,25,30,20
3,7698,0.002198849728058081,0.11955808032823294,7.872364004667125e-06,0.8782351975797041,25,30,20
3,7699,0.0021298064330399643,0.11955956462534381,3.376200995124327e-05,0.8782768669316644,25,30,20
3,7700,0.0013734450070144674,0.11984202672092419,3.3333976770146124e-05,0.8787511942952918,25,30,20
3,7701,0.0022669392142238023,0.11981373612854222,3.0494476992891545e-05,0.8778888301802422,25,30,20
3,7702,0.002215509404879424,0.11812855924146227,0.001722035719933358,0.8779338956337243,25,30,20
3,7703,0.002302042432165664,0.11812855924284184,0.0062305391459555135,0.8733388591790368,25,30,20
3,7704,0.0022904018732191663,0.1198295066584927,5.122886690806417e-06,0.877874968581598,25,30,20
3,7705,0.0023779524182339683,0.11984099748904972,9.707227894127737e-05,0.8776839778137745,25,30,20
3,7706,0.002337105153465536,0.11983374337662873,0.004761416899325269,0.8730677345705812,25,30,20
3,7707,0.002458594780309473,0.11983160836004053,2.2713831509713664e-05,0.8776870830281415,25,30,20
3,7708,0.001286712815982653,0.11983178336660187,2.5382823087364323e-05,0.8788561209943289,25,30,20
3,7709,0.0015818323755036098,0.10110082799314273,0.01873778220937509,0.878579557421979,25,30,20
3,7710,0.0013576643850179092,0.11983242368527675,3.940095692015941e-06,0.8788059718340132,25,30,20
3,7711,0.0013620223772370073,0.11986488603919239,9.30184073241195e-06,0.8787637897428385,25,30,20
3,7712,0.0013203843905068165,0.11985291301942377,9.22452716750234e-06,0.8788174780629027,25,30,20
3,7713,0.0014658746689196747,0.11984117198573772,0.00015686578389555565,0.8785360875614471,25,30,20
3,7714,0.0012901471139003398,0.11984117198431914,0.00014533608484626384,0.8787233448169348,25,30,20
3,7715,0.0020207531914738135,0.11981066458556132,0.00018571933611574427,0.8779828628868499,25,30,20
3,7716,0.0015679462024330865,0.11929634010036283,0.011488056011109518,0.8676476576860953,25,30,20
3,7717,0.0022689249140791824,0.1198191009831345,1.677277745242379e-05,0.8778952013253332,25,30,20
3,7718,0.002873643005040206,0.1187046271595392,0.0008775530463825171,0.8775441767890375,25,30,20
3,7719,0.003024466581780806,0.11914071168931972,0.0004550541963652662,0.8773797675325339,25,30,20
3,7720,0.0013024383774777285,0.11755559039355883,0.0022936569691704416,0.878848314259793,25,30,20
3,7721,0.002695948063460722,0.09178525622337366,0.02806101759295886,0.8774577781202075,25,30,20
3,7722,0.0017992896465185734,0.0937975337117861,0.025784035431442857,0.8786191412102522,25,30,20
3,7723,0.0028180569495099023,0.11978702332767517,8.41438484849342e-05,0.8773107758743296,25,30,20
3,7724,0.0022335619342601742,0.11976535529921292,0.00030407838881940923,0.8776970043777074,25,30,20
3,7725,0.0030940995150719915,0.11984391858707082,0.0002317035998324324,0.8768302782980253,25,30,20
3,7726,0.00134638382815302,0.11985563812702486,1.3247607264525978e-05,0.8787847304375579,25,30,20
3,7727,0.0015947443497214017,0.11984781651282861,0.00027037391608032376,0.8782870652213706,25,30,20
3,7728,0.0019105360279587664,0.11978889783390773,4.126079614286688e-05,0.8782593053419907,25,30,20
3,7729,0.0016289026590822042,0.11981260003192215,8.553581421805359e-06,0.8785499437275736,25,30,20
3,7730,0.0016681126526385793,0.1180942809128987,0.0017292626790131578,0.8785083437554502,25,30,20
3,7731,0.00185572795726728,0.11809580381722924,0.0017427048855259764,0.8783057633399781,25,30,20
3,7732,0.0023089597329688967,0.1198453993935382,2.4623460464196714e-05,0.877821017413029,25,30,20
3,7733,0.002316080223644216,0.11984829108327835,1.5801867112520577e-05,0.8778198268259645,25,30,20
3,7734,0.0023009463445582703,0.11982848988145907,1.4788688641763029e-05,0.8778557750853405,25,30,20
3,7735,0.0022665164644248463,0.11981317125128721,0.00042415978004914243,0.8774961525042382,25,30,20
3,7736,0.002410263267220353,0.11982765715084495,0.00023028346910438136,0.8775317961128303,25,30,20
3,7737,0.0016644245942397595,0.11981984032632192,0.0002321316183648193,0.8782836034610739,25,30,20
3,7738,0.0013954784226037043,0.11981968223070233,0.00010973044214165789,0.8786751089045527,25,30,20
3,7739,0.005982503978289032,0.1189238042147429,0.00011582240842575704,0.8749778693985425,25,30,20
3,7740,0.0035678674857720096,0.11986425535321431,1.9062471829983644e-05,0.8765488146891833,25,30,20
3,7741,0.00314936244669339,0.11985280877698096,1.8147920560149025e-05,0.8769796808557657,25,30,20
3,7742,0.0016215894515813375,0.11982114958094525,0.0003058457119850374,0.8782514152554881,25,30,20
3,7743,0.002614723101881199,0.1197621902624728,7.830990344757864e-05,0.877544776732198,25,30,20
3,7744,0.0013992321139907659,0.11979330361277007,4.345763171949039e-05,0.8787640066415192,25,30,20
3,7745,0.002248571677997856,0.11809691306084152,0.001754595131940503,0.8778999201292211,25,30,20
3,7746,0.0013203239662339758,0.11980304951658055,2.8291429519862146e-05,0.8788483350876678,25,30,20
3,7747,0.001350608047963173,0.11985270045205115,0.000138324886744935,0.8786583666132427,25,30,20
3,7748,0.0014259664885069813,0.11982815896361133,0.000136798831674364,0.8786090757162076,25,30,20
3,7749,0.0015214903957237603,0.1198246531145118,0.0005367688684702033,0.8781170876212944,25,30,20
3,7750,0.0015440680808553819,0.11937787002265407,0.0004396190777669455,0.8786384428187233,25,30,20
3,7751,0.0028123512053396423,0.11917188896250497,0.0004719162091708008,0.8775438436229837,25,30,20
3,7752,0.0036616352340239993,0.1191401687500994,0.00048720301236215987,0.8767109930035142,25,30,20
3,7753,0.00362476426959203,0.11957475191675815,5.228353368110762e-05,0.8767482002799681,25,30,20
3,7754,0.003342605077140287,0.11977723570895887,0.00012854593375193136,0.876751613280148,25,30,20
3,7755,0.0016827766487864592,0.11983831398986516,2.1218416196556676e-05,0.8784576909451524,25,30,20
3,7756,0.0036091738112718048,0.11986389637131785,0.00010137411383836087,0.8764255557035721,25,30,20
3,7757,0.001697080837970642,0.11985198655914175,0.0004704576031723773,0.8779804749997147,25,30,20
3,7758,0.0013508369166842077,0.11983000356390738,0.00011038610397549465,0.8787087734154337,25,30,20
3,7759,0.0015052341342009007,0.11979674572934193,9.559054428763548e-05,0.878602429592169,25,30,20
3,7760,0.0014232377807204286,0.11985194258257918,9.565013870965433e-05,0.878629169497991,25,30,20
3,7761,0.0032268770757739656,0.09405389055878062,0.025891729321093716,0.8768275030443522,25,30,20
3,7762,0.002276444012583129,0.09404241668990157,0.026060481433579325,0.8776206578639361,25,30,20
3,7763,0.0023971785553606544,0.11979312041079915,3.7553964260596234e-05,0.8777721470695797,25,30,20
3,7764,0.0039211337749577154,0.11982871128066104,0.00030364290375057976,0.875946512040631,25,30,20
3,7765,0.003555666348630284,0.11984797253891884,0.00027393282776864373,0.8763224282846815,25,30,20
3,7766,0.0032199037024011144,0.11981705649192043,0.0006315718591256829,0.8763314679465521,25,30,20
3,7767,0.004076539267241139,0.11981728320679398,0.0004297423864639576,0.875676435139501,25,30,20
3,7768,0.002384864341760438,0.11937799847353026,0.0007282869058202633,0.8775088502788888,25,30,20
3,7769,0.002481076253980681,0.11978975339645549,0.00028921276370765805,0.877439957585857,25,30,20
3,7770,0.0015099945104912094,0.11984035121275262,0.00010159055718685852,0.8785480637195697,25,30,20
3,7771,0.0012795341069173289,0.11985192271059077,9.181684280851551e-06,0.8788593614982109,25,30,20
3,7772,0.0015803298377800685,0.11982093411461019,1.1854667623167625e-05,0.8785868813799866,25,30,20
3,7773,0.002214636634379338,0.1198358964739909,1.8004408498142213e-05,0.8779314624831315,25,30,20
3,7774,0.003144963105614589,0.11808180314861971,0.00011066586634333577,0.8786625678794218,25,30,20
3,7775,0.0014724303365483745,0.11983933302668494,8.778260715413808e-06,0.8786794583760507,25,30,20
3,7776,0.002634148327911116,0.11981751770910519,0.03875335515378506,0.8387949788091992,25,30,20
3,7777,0.004751436217892951,0.10415463066250613,0.052702001994672135,0.8383919311249288,25,30,20
3,7778,0.0020438943236413846,0.10418503361305706,0.05502758139534263,0.8387434906679588,25,30,20
3,7779,0.003663330503215041,0.11868692300002051,0.03909656354987943,0.8385531829468847,25,30,20
3,7780,0.004149115888972595,0.11825054659001331,0.045607332180320946,0.8319930053406932,25,30,20
3,7781,0.005440240264416094,0.11757177817658189,0.0456989392369552,0.8312890423220484,25,30,20
3,7782,0.0034646010364389026,0.11982423768932092,0.03995672588313056,0.836754435391112,25,30,20
3,7783,0.001703431827010593,0.11953212714324907,0.04025489793615502,0.8385095430935872,25,30,20
3,7784,0.041237076342454236,0.11922524375322283,0.0007276556497752926,0.8388100242545494,25,30,20
3,7785,0.04225703111131198,0.11980700494694213,0.0002432002296832131,0.8376927637120636,25,30,20
3,7786,0.0032262236725675393,0.11931011853490933,0.040195362716317344,0.8372682950762066,25,30,20
3,7787,0.001780787861968103,0.11981600555848279,0.03964364382306838,0.8387595627564812,25,30,20
3,7788,0.0407896669058517,0.11981559704575256,0.0005362663456836131,0.8388584697027112,25,30,20
3,7789,0.04216059627478694,0.11981559694947799,0.00011479943829910276,0.8379090073374349,25,30,20
3,7790,0.03330358865008472,0.11910422354924535,0.009151674254983193,0.8384405135456865,25,30,20
3,7791,0.03096362193081911,0.11982193121029626,0.010789074372636688,0.8384253724862474,25,30,20
3,7792,0.04184329271542534,0.11981383037052522,0.000919722185881386,0.8374231547281673,25,30,20
3,7793,0.04235187621277632,0.10437721316568364,0.015831861887078608,0.8374390487344614,25,30,20
3,7794,0.003936390434079523,0.11982221219048769,2.385568261778508e-05,0.8762175416928156,25,30,20
3,7795,0.006650933491312884,0.09452678509451878,0.02524961884884412,0.8735726625653248,25,30,20
3,7796,0.005469024090605482,0.11979744438591458,1.259033056669419e-05,0.8747209411929135,25,30,20
3,7797,0.0023319261171526736,0.1197990259988472,1.4062360018346456e-05,0.8778549855239817,25,30,20
3,7798,0.002301374908712899,0.11982089472928217,1.161053706247882e-05,0.8778661198249421,25,30,20
3,7799,0.0025233760453462306,0.11982393460513892,9.0945715254645e-06,0.877643594777989,25,30,20
3,7800,0.0034386221825705105,0.11829692534515704,0.000612132644795258,0.8776523198274779,25,30,20
3,7801,0.0033937886493040077,0.1173637799175819,0.0007397992952070957,0.8785026321379077,25,30,20
3,7802,0.0013357620267375014,0.11981645265181871,0.0001339041797202869,0.878713881141725,25,30,20
3,7803,0.001656306201010146,0.1198471437504923,0.00027766610495795626,0.8782188839435398,25,30,20
3,7804,0.0019284987872073556,0.11983597562129214,1.3514005049787897e-05,0.8782220115864514,25,30,20
3,7805,0.0018129090385062508,0.11985132614650564,7.944681662850615e-06,0.8783278201333259,25,30,20
3,7806,0.004181956578755515,0.1198634529218362,1.384519736518506e-05,0.8759407453020448,25,30,20
3,7807,0.003914450477406819,0.11986389630801746,1.3908861704310235e-05,0.8762077443528721,25,30,20
3,7808,0.003926146440608232,0.11986074185146821,2.0467795900184475e-05,0.8761926439120229,25,30,20
3,7809,0.0013921823131506845,0.11981647373897025,2.460270122786539e-05,0.878766741246651,25,30,20
3,7810,0.001481918558641017,0.11981625530949064,2.6702245765715304e-05,0.8786751238861037,25,30,20
3,7811,0.0034293738599977318,0.11890679369346734,0.0003712137909300654,0.8772926186556049,25,30,20
3,7812,0.002286137698878246,0.11980697918601482,0.004682550494252907,0.8732243326208544,25,30,20
3,7813,0.0016155225780529608,0.1198135767389097,9.66298120818447e-06,0.8785612377018289,25,30,20
3,7814,0.0014098289354542498,0.11982515912422068,9.439146711255154e-05,0.8786706204732125,25,30,20
3,7815,0.002436815585555392,0.11985283940833327,0.00010133813626961557,0.8776090068698413,25,30,20
3,7816,0.002570649877371309,0.11887202081156169,0.0001037116220765285,0.8784536176889907,25,30,20
3,7817,0.00263348620054561,0.10478884202997474,0.019624989760578603,0.8729526820089016,25,30,20
3,7818,0.0014450471441855768,0.10476177652939433,0.014979825012337562,0.8788133513140829,25,30,20
3,7819,0.001417418732483207,0.11983882344506915,0.01397026659613251,0.8647734912263156,25,30,20
3,7820,0.0013226407250229305,0.11983882344496692,0.0001414963845166949,0.8786970394454926,25,30,20
3,7821,0.0022923782191444945,0.11917410075540434,0.0008471391782906925,0.8776863818471599,25,30,20
3,7822,0.0022835985092235275,0.10433943768428228,0.01563709462192018,0.8777398691845748,25,30,20
3,7823,0.002301348161753601,0.10440548313197986,0.015451839047060798,0.8778413296592056,25,30,20
3,7824,0.001398627868151703,0.11983340420941202,1.3113163193874426e-05,0.8787548547592436,25,30,20
3,7825,0.002673578105141725,0.11976583502039477,4.7485346034578924e-05,0.8775131015284294,25,30,20
3,7826,0.0014751276638053812,0.11856746241733672,0.0012762998462827499,0.8786811100725749,25,30,20
3,7827,0.004313733598397862,0.11723961857177873,2.5115798351716935e-05,0.8784215320314719,25,30,20
3,7828,0.008346348952960962,0.11723949426237626,0.00017928836244055364,0.8742348684222213,25,30,20
3,7829,0.008259005279202657,0.11723604338005275,0.00017928948791705104,0.8743256618528272,25,30,20
3,7830,0.008409663648796951,0.11716048894274182,0.00017761103948725772,0.8742522363689734,25,30,20
3,7831,0.005875580952257296,0.07814888958892693,0.04181965923649052,0.8741558702223244,25,30,20
3,7832,0.005050638184492984,0.07814888345506857,0.03804568755538047,0.8787547908050588,25,30,20
3,7833,0.0013512109771958325,0.05945160405539192,0.05570451308764231,0.8834926718797702,25,30,20
3,7834,0.0012913230533098455,0.07990271308872132,0.03994485928818639,0.8788611045697827,25,30,20
3,7835,0.0013462368707799844,0.07988732819425266,0.03989428003580537,0.8788721548991628,25,30,20
3,7836,0.002745159551345762,0.07989777756982135,0.0393287505196255,0.8780283123592079,25,30,20
3,7837,0.0018542600197758458,0.0799011834818497,0.03933627098795073,0.8789082855104239,25,30,20
3,7838,0.001377083710660223,0.07987580132177496,0.039978309583571126,0.8787688053839945,25,30,20
3,7839,0.0016414465419858203,0.07989818717790889,0.039956618114704086,0.8785037481654014,25,30,20
3,7840,0.003191151645455156,0.07811535738591345,0.04018490015189648,0.878508590816735,25,30,20
3,7841,0.002403270595719155,0.07987825684015601,0.04002877269242616,0.8776896998716996,25,30,20
3,7842,0.0027023423447275737,0.07987825685674647,0.03994449112890055,0.8774749096696256,25,30,20
3,7843,0.0014798522904084718,0.07942948350592806,0.04048110543918886,0.8786095587644747,25,30,20
3,7844,0.002042023014062498,0.07988877128231636,0.03927053313974532,0.8787986725638767,25,30,20
3,7845,0.0020409222184988767,0.07988467534051417,0.04430073847840685,0.8737736639625795,25,30,20
3,7846,0.0020882748561871197,0.07988570536041781,0.039269498706851154,0.8787565210765436,25,30,20
3,7847,0.0013694084903984145,0.07989788312451146,0.039959895947227916,0.8787728124378634,25,30,20
3,7848,0.030213362234562308,0.07984157706855873,0.011742651893455336,0.8782024088034229,25,30,20
3,7849,0.027376718965761805,0.07994910941821681,0.021954407316644834,0.8707197642993774,25,30,20
3,7850,0.040954034138396996,0.07990190632870559,0.001646584207030641,0.8774974753258675,25,30,20
3,7851,0.04061680460800012,0.07990625976067646,0.0016401959704784893,0.8778367396608455,25,30,20
3,7852,0.042184034978000995,0.07990625580391604,0.0006041722335367662,0.8773055369845446,25,30,20
3,7853,0.0191751087412265,0.07990639903790817,0.023896451123955442,0.8770220410969106,25,30,20
3,7854,0.018762018933970906,0.07894052616627097,0.023900149479824745,0.878397305419934,25,30,20
3,7855,0.03987041677190537,0.07988182390047155,0.006579330133879494,0.8736684291937435,25,30,20
3,7856,0.03776495322809036,0.07985605872524006,0.004138163831852635,0.8782408242148169,25,30,20
3,7857,0.0018735948077333612,0.0798975727766221,0.03952170957835876,0.8787071228372872,25,30,20
3,7858,0.003469434319534555,0.0798974085097926,0.038969005942410664,0.8776641512282619,25,30,20
3,7859,0.03808409200446886,0.0798969573489273,0.003224314841209552,0.8787946358053934,25,30,20
3,7860,0.04140632796413032,0.07988571630754121,1.1903515655511867e-05,0.8786960522126727,25,30,20
3,7861,0.04038260104517379,0.07988962602923705,0.0008007913785710287,0.8789269815470174,25,30,20
3,7862,0.040392548090941095,0.07989018612564827,0.0009167954602558181,0.8788004703231551,25,30,20
3,7863,0.04202244749826195,0.07836389480835437,0.0009991706501481232,0.8786144870432355,25,30,20
3,7864,0.007334083137417501,0.07836865276346262,0.036605932755906095,0.877691331343213,25,30,20
3,7865,0.007587857137878028,0.07988507447572313,0.03588202068368027,0.8766450477027186,25,30,20
3,7866,0.004512924416069366,0.07987034223980596,0.039914777994450985,0.8757019553496737,25,30,20
3,7867,0.0023429746187388096,0.0798734280009997,0.03994939858517952,0.8778341987950834,25,30,20
3,7868,0.024539061362400992,0.07987342811728655,0.017224179447603218,0.8783633310727091,25,30,20
3,7869,0.024110061558216246,0.07986995026287212,0.017232026001638538,0.8787879621772734,25,30,20
3,7870,0.04093882425133187,0.079883442202886,0.0004942918175961586,0.8786834417281858,25,30,20
3,7871,0.0409060578246148,0.07988344219696115,0.00039988267991270167,0.8788106172985117,25,30,20
3,7872,0.04087069157537239,0.07988344220506041,0.00040928688989456507,0.8788365793296729,25,30,20
3,7873,0.04131531399750718,0.07989842426115018,0.0003066256259268478,0.8784796361154167,25,30,20
3,7874,0.042173072599796184,0.07865659310728369,0.0015402242819071896,0.8776301100110119,25,30,20
3,7875,0.04196644079266997,0.07981570353158123,0.0004175141211355718,0.8778003415546134,25,30,20
3,7876,0.04179848022025749,0.07985681558648795,0.00018241245231782852,0.8781622917409365,25,30,20
3,7877,0.04292478756986169,0.07989384627568395,8.335068583717998e-05,0.8770980154686179,25,30,20
3,7878,0.04124669006630548,0.07988591975843472,0.0003341792328740521,0.8785332109423852,25,30,20
3,7879,0.04116496044748124,0.07989017242621853,8.71067597739998e-05,0.8788577603665262,25,30,20
3,7880,0.04020430451838636,0.07989783021044798,0.0010931165485356118,0.87880474872263,25,30,20
3,7881,0.04028973290147109,0.07989842281756147,0.038216358389946886,0.8415954858910211,25,30,20
3,7882,0.03195600903379262,0.07989957600673027,0.04595883986434228,0.8421855750951339,25,30,20
3,7883,0.024484447472331118,0.07987054524662847,0.05426433712422174,0.8413806701568185,25,30,20
3,7884,0.036673325409194275,0.07816762164142499,0.04384926772247727,0.8413097852269021,25,30,20
3,7885,0.036588643944021094,0.07991037453172974,0.04200319135564611,0.8414977901686028,25,30,20
3,7886,0.042212034679276644,0.07988187891949586,0.0399732274028295,0.8379328589983985,25,30,20
3,7887,0.0017787589403350907,0.07961129435311025,0.07973375379098087,0.838876192915573,25,30,20
3,7888,0.027038844368729012,0.06419328702477654,0.0762593592878802,0.832508509318613,25,30,20
3,7889,0.042167077629281124,0.0798678567201518,0.045793308958403535,0.8321717566921637,25,30,20
3,7890,0.0016155514674953866,0.05407314292781702,0.11193605913321193,0.8323752464714764,25,30,20
3,7891,0.026114381422003948,0.07986293117071197,0.05612114464176853,0.8379015427655159,25,30,20
3,7892,0.025256217160966186,0.07986396143104262,0.05623416410639726,0.8386456573015938,25,30,20
3,7893,0.04327935824434151,0.07990519449239637,0.04058688256289635,0.8362285647003662,25,30,20
3,7894,0.04125656596601519,0.08074924794323118,0.040118384368742925,0.8378758017220114,25,30,20
3,7895,0.04123808888063978,0.08075055055384213,0.03951651801584918,0.83849484254967,25,30,20
3,7896,0.042423903323701675,0.07989360479738111,0.040316745712629914,0.8373657461662884,25,30,20
3,7897,0.04207804093000391,0.0799056498747763,0.04046061855466996,0.8375556906405506,25,30,20
3,7898,0.014008875075821502,0.07989800348996251,0.06821202946044555,0.8378810919737714,25,30,20
3,7899,0.04073694528087714,0.07990980588480767,0.04056035973924419,0.838792889095072,25,30,20
3,7900,0.04300752051848802,0.07990981045541871,0.03918792611930247,0.8378947429067917,25,30,20
3,7901,0.03580471070239265,0.07989776800567905,0.046300950140690196,0.8379965711512379,25,30,20
3,7902,0.010444034826645123,0.07988642522133088,0.07084345536354877,0.8388260845884749,25,30,20
3,7903,0.004388226053669934,0.03997080755197728,0.11701868981199606,0.8386222765823578,25,30,20
3,7904,0.004872837155352408,0.039954779704632765,0.11703592107141214,0.8381364620686036,25,30,20
3,7905,0.010511393098656046,0.03995478861299487,0.11072985932624146,0.8388039589621076,25,30,20
3,7906,0.002511174021960274,0.0399622580123284,0.11837999384347986,0.8391465741222305,25,30,20
3,7907,0.003148437908599943,0.05900742036154921,0.10028257600389406,0.837561565725957,25,30,20
3,7908,0.00406045685599046,0.0801113236798525,0.07705879016600328,0.8387694292981541,25,30,20
3,7909,0.005416921831202169,0.08010690929572886,0.07706647780029843,0.8374096910727716,25,30,20
3,7910,0.0027775335888274417,0.07987681896007366,0.07986086650352989,0.837484780947571,25,30,20
3,7911,0.002440494623430708,0.07989744942302131,0.07976273079401293,0.8378993251595346,25,30,20
3,7912,0.001491646323232456,0.07984690809291572,0.0798069029295891,0.8388545426542627,25,30,20
3,7913,0.003293321160521223,0.0798463113168664,0.07816057700396038,0.8386997905186507,25,30,20
3,7914,0.0034665363485742963,0.0798781851404003,0.07816766681598322,0.8384876116950417,25,30,20
3,7915,0.006410906800595414,0.07992587489683106,0.07808548627110314,0.8355777320314712,25,30,20
3,7916,0.006114504429993719,0.07990579737190862,0.07805466919312552,0.8359250290049727,25,30,20
3,7917,0.006632331166196702,0.07989764928779876,0.07962070382087347,0.8338493157251317,25,30,20
3,7918,0.002210618295678711,0.07908277351153871,0.08069692368628269,0.8380096845065004,25,30,20
3,7919,0.0031913435939782127,0.07993091061681415,0.07891644871290185,0.8379612970763063,25,30,20
3,7920,0.0013712347088219424,0.08037156070798762,0.07936694534973364,0.8388902592334584,25,30,20
3,7921,0.003917363087403244,0.07986648228504736,0.08003353659907483,0.8361826180284758,25,30,20
3,7922,0.004049045381130034,0.07989793339247918,0.08030715810266813,0.8357458631237222,25,30,20
3,7923,0.006581757238077711,0.07988654488574516,0.07719502287534481,0.8363366750008336,25,30,20
3,7924,0.0021310991215918087,0.0798550785841789,0.07905823816920826,0.8389555841250222,25,30,20
3,7925,0.0013564818650451283,0.07864810837959378,0.08109423130959291,0.8389011784457682,25,30,20
3,7926,0.0022954340375083487,0.07989063570057603,0.07985552627284194,0.8379584039890731,25,30,20
3,7927,0.0014630749830603013,0.07988565166043808,0.07985825302609324,0.8387930203304085,25,30,20
3,7928,0.0016549986026681185,0.07988713911633165,0.07963343345602764,0.8388244288249723,25,30,20
3,7929,0.0016156628695194227,0.07983183158430608,0.07967578302377569,0.8388767225223986,25,30,20
3,7930,0.0013086510952666172,0.07986348517222083,0.07992479132479413,0.8389030724077184,25,30,20
3,7931,0.0016218635816789059,0.07988598635572647,0.08653016619508273,0.8319619838675136,25,30,20
3,7932,0.004355321809895337,0.07987006006105768,0.07963245955462324,0.836142158574425,25,30,20
3,7933,0.002300065683558508,0.07986949481311693,0.07988412608930555,0.8379463134140193,25,30,20
3,7934,0.003260869459181765,0.07989780173553068,0.07988628364004625,0.8369550451652417,25,30,20
3,7935,0.0023533195827609445,0.07962397778464284,0.07991679516568534,0.8381059074669124,25,30,20
3,7936,0.002527342430596395,0.07962053779675707,0.07897232617667578,0.8388797935959712,25,30,20
3,7937,0.0016155136532962743,0.07989049992900774,0.07988513444424322,0.8386088519734534,25,30,20
3,7938,0.04171774406580651,0.07989874623095283,0.03999950927180956,0.8383840004314327,25,30,20
3,7939,0.04170700995622052,0.07990883927766,0.03949948571553856,0.8388846650505806,25,30,20
3,7940,0.02163703245270741,0.07988641052872998,0.060521635802243845,0.83795492121632,25,30,20
3,7941,0.008833644176794447,0.11980056490868682,0.033413254378674394,0.8379525365358447,25,30,20
3,7942,0.003362943112762366,0.11981249730538615,0.03797774438750771,0.8388468151943453,25,30,20
3,7943,0.0033247134290458834,0.11982894559697563,0.037948655529419645,0.8388976854445604,25,30,20
3,7944,0.0014671726646546968,0.11982893316563675,0.05040032766605615,0.8283035665036528,25,30,20
3,7945,0.0034006822328686227,0.119816947656699,0.05056601733423771,0.8262163527761941,25,30,20
3,7946,0.004663443825752747,0.119770639697354,0.05055731277924433,0.8250086036976486,25,30,20
3,7947,0.0026638552220228716,0.11980780495609304,0.05049021394654543,0.827038125875339,25,30,20
3,7948,0.007270498156929912,0.11985278713703314,0.04565428541615736,0.8272224292898801,25,30,20
3,7949,0.033103546226783756,0.11957095503623145,0.010166684131150697,0.8371588146058343,25,30,20
3,7950,0.0419820466316566,0.11960748471987442,1.742800591709347e-05,0.8383930406425523,25,30,20
3,7951,0.04164057708614473,0.11983612543431815,8.316447766200833e-06,0.8385149810317717,25,30,20
3,7952,0.041360466563695325,0.11979147587459923,6.625020006218639e-05,0.838781807361643,25,30,20
3,7953,0.04125385507061924,0.0798872396112923,0.00016337358635558667,0.8786955317317322,25,30,20
3,7954,0.0110326411294988,0.07990590725295016,0.03123707875802705,0.877824372859525,25,30,20
3,7955,0.010154463099766744,0.03993423563559222,0.07120244691103894,0.8787088543536014,25,30,20
3,7956,0.012091492179056007,0.03991983341700677,0.07022779979733089,0.8777608746066055,25,30,20
3,7957,0.04222152026651264,0.039920831568381915,0.03602076227212027,0.8818368858929877,25,30,20
3,7958,0.04223950983285072,0.039955126655707864,0.03585037044417559,0.8819549930672669,25,30,20
3,7959,0.04229964379561244,0.03990425145276927,0.04202346063484738,0.8757726441167714,25,30,20
3,7960,0.041029475213108554,0.03994319834136629,0.0002230190991462168,0.918804307346379,25,30,20
3,7961,0.04223351730853896,0.03994319837599968,0.0002232378056900697,0.9176000465097711,25,30,20
3,7962,0.0016872186881160076,0.0393271556872391,0.04048550702662916,0.918500118598016,25,30,20
3,7963,0.0013471434420311696,0.03995492637440017,0.039995304574204686,0.9187026256093641,25,30,20
3,7964,0.005986022832076351,0.03995457772238302,0.010152269152266797,0.9439071302932736,25,30,20
3,7965,0.0023077280598480226,0.03994320319530927,0.008280459360451407,0.9494686093843911,25,30,20
3,7966,0.0013502693310243423,0.03991153281470765,0.00012800157430986468,0.9586101962799571,25,30,20
3,7967,0.0035607222288352243,0.03995126332363691,9.920662373705636e-05,0.9563888078237907,25,30,20
3,7968,0.003999740807904894,0.03995126332899199,0.004570400159758671,0.9514785957033439,25,30,20
3,7969,0.0013997493728200709,0.039942530523913757,0.004567949810032962,0.9540897702932328,25,30,20
3,7970,0.0015234941462748215,0.039951244002094884,0.004567945062930409,0.9539573167887005,25,30,20
3,7971,0.0012648619908812808,0.03995124399740313,0.0002771508298795668,0.9585067431818358,25,30,20
3,7972,0.004849514160370469,0.03994321449050568,0.00027679093632949095,0.9549304804127944,25,30,20
3,7973,0.0013990731747914498,0.03994292774144621,0.00027499401436337776,0.9583830050693984,25,30,20
3,7974,0.00409015574877785,0.03992691378893153,0.006469413951321319,0.949513516510968,25,30,20
3,7975,0.003205098548798429,0.039942648762012825,0.0007424168052102538,0.9561098358839776,25,30,20
3,7976,0.003246054730769118,0.039942648780900154,0.0003833768734190392,0.9564279196149116,25,30,20
3,7977,0.003482022337941837,0.03995071281909057,8.658152256171827e-06,0.9565586066907108,25,30,20
3,7978,0.0013028939035773348,0.03995071281717724,0.0002594464858532685,0.9584869467933921,25,30,20
3,7979,0.0013139657081703358,0.03994301213370848,0.00025357715006521227,0.9584894450080564,25,30,20
3,7980,0.0024452943133538695,0.03994301214003264,0.00039957877020626247,0.9572121147764073,25,30,20
3,7981,0.003075876679689482,0.03994271167822358,0.0003758273290638216,0.9566055843130227,25,30,20
3,7982,0.002183716579580002,0.03995496843732689,2.087718244419975e-05,0.9578404378006492,25,30,20
3,7983,0.001622226331230933,0.039954968436947326,0.00019004269532721385,0.9582327625364943,25,30,20
3,7984,0.0022910135247273308,0.039954968442303104,5.143805315716151e-06,0.9577488742276549,25,30,20
3,7985,0.004081649300235627,0.03995496845746875,1.7707869644135667e-05,0.955945674372652,25,30,20
3,7986,0.0023379362166586217,0.039954968427253074,9.06911093376449e-06,0.9576980262451551,25,30,20
3,7987,0.003164087803341661,0.03994686243513674,1.1015175906396032e-05,0.9568780345856162,25,30,20
3,7988,0.0015242799629883578,0.03994322332296383,4.5874480884670026e-06,0.9585279092659594,25,30,20
3,7989,0.001539264835409883,0.039953894626252234,7.606898566426618e-06,0.9584992336397717,25,30,20
3,7990,0.0015682055203420807,0.03995389462378637,1.4622097233415816e-05,0.9584632777586383,25,30,20
3,7991,0.0016402303598506412,0.039943599033987226,0.006256057503666351,0.9521601131024956,25,30,20
3,7992,0.0018096808824641065,0.03994359901876962,1.5462604539419073e-05,0.9582312574942276,25,30,20
3,7993,0.0035270867526467358,0.03994359902784292,2.1519894512695464e-05,0.9565077943249979,25,30,20
3,7994,0.0017722151496628584,0.03995125188663667,2.8223096754358845e-06,0.9582737106540256,25,30,20
3,7995,0.0013624156387260036,0.03995125188440783,1.0228404341859912e-05,0.9586761040725227,25,30,20
3,7996,0.001294680930256569,0.038705758141612874,0.0012451780718829028,0.9587543828562466,25,30,20
3,7997,0.0013241268776983837,0.039954310253712266,0.0001388706150367121,0.958582692253553,25,30,20
3,7998,0.0013208226817479638,0.03995484475939421,0.0001323069317655636,0.958592025627092,25,30,20
3,7999,0.005707658597596532,0.03995484475341033,1.0693300139117282e-05,0.9543268033488542,25,30,20
3,8000,0.0014633420106623244,0.039954844757569066,0.004527109918262762,0.9540547033135052,25,30,20
3,8001,0.0014410908074716593,0.03994244506633751,0.004531966774289525,0.9540844973519007,25,30,20
3,8002,0.0016048759227745273,0.03995413190980954,1.9927911104327862e-05,0.9584210642563097,25,30,20
3,8003,0.0013414771332614362,0.03994225578342494,0.0003816565184239803,0.9583346105648897,25,30,20
3,8004,0.002146113151809163,0.03995485182971649,0.0002750381188685616,0.9576239968996058,25,30,20
3,8005,0.0016216332794997742,0.039954851821326416,2.0803711956863233e-05,0.9584027111872169,25,30,20
3,8006,0.0018648710763273155,0.03995518978370779,3.071141256438026e-05,0.9581492277274015,25,30,20
3,8007,0.0024432751305526654,0.039955189774255724,0.012289332716468222,0.9453122023787224,25,30,20
3,8008,0.002088423515265888,0.03995518977602008,0.0061767056692258095,0.9517796810394882,25,30,20
3,8009,0.0013314189380157764,0.03994268304270452,0.00013648332605260108,0.9585894146932271,25,30,20
3,8010,0.0017260310513155111,0.03994268306698128,0.004653112965838037,0.9536781729158659,25,30,20
3,8011,0.0013214022464497724,0.0010855894634578265,0.03886552592843739,0.958727482361655,25,30,20
3,8012,0.0013270463841792114,0.001085589463612986,0.03887290399641079,0.9587144601557972,25,30,20
3,8013,0.0015476624544166514,0.0010855894632768744,0.0438354163005363,0.9535313317817703,25,30,20
3,8014,0.0026406113225334155,0.0010855894887197345,0.039233472972916655,0.9570403262158298,25,30,20
3,8015,0.002326363269705436,0.0010855894750290349,0.03886632050415464,0.9577217267511112,25,30,20
3,8016,0.0029776677028081357,0.0010855894846352626,0.03913856354425949,0.9567981792682975,25,30,20
3,8017,0.0013693603472437225,2.9031958543199105e-11,0.04021119988819777,0.9584194397355275,25,30,20
3,8018,0.0017655217335705226,3.410543239628971e-11,0.03994784361921692,0.9582866346131063,25,30,20
3,8019,0.005346247429732918,7.043689485523962e-11,0.03902838969226928,0.955625362807561,25,30,20
3,8020,0.004544359405994854,2.436952770833432e-10,0.03984448634440981,0.9556111540059012,25,30,20
3,8021,0.005029395158608031,2.23387325627756e-10,0.03983512323159303,0.9551354813864124,25,30,20
3,8022,0.044900889088290395,9.491731521350242e-10,0.0002095764433161992,0.9548895335192203,25,30,20
3,8023,0.04226154184138662,9.582977186305525e-10,0.0003099665959588853,0.9574284906043579,25,30,20
3,8024,0.04245685792331311,5.7488549981433055e-11,0.0001585128337168595,0.9573846291854826,25,30,20
3,8025,0.04131932117419518,3.069006648524849e-11,2.0704020534372756e-05,0.958659974774582,25,30,20
3,8026,0.04085984574852798,4.56606772653797e-07,0.01447262648392698,0.9446670711607718,25,30,20
3,8027,0.038266564849399866,1.6631771597453103e-10,0.003128574136204283,0.9586048608480783,25,30,20
3,8028,0.003577150225434147,1.1350854011578968e-09,0.03980031846999967,0.956622530169482,25,30,20
3,8029,0.03302609468497292,4.1714407526028244e-10,0.010914340107826114,0.9560595647900562,25,30,20
3,8030,0.03035974046108748,3.8524387520498626e-10,0.010909781398990044,0.9587304777546782,25,30,20
3,8031,0.003890295306041303,4.421765614030144e-11,0.03733354697573531,0.9587761576740061,25,30,20
3,8032,0.001627892033319854,3.0911902098949826e-11,0.08009901975978942,0.9182730881759775,25,30,20
3,8033,0.001652975300035884,2.2693040901349204e-09,0.07989659254767237,0.9184504298829889,25,30,20
3,8034,0.002944370879894579,6.723830888945017e-11,0.07990246600734058,0.9171531630455273,25,30,20
3,8035,0.0017662280717796602,5.2567488365257726e-11,0.03959194345809855,0.9586418284175547,25,30,20
3,8036,0.0017367321145599448,4.581451403369941e-11,0.0397206581032447,0.9585426097363812,25,30,20
3,8037,0.0013604905883975007,2.0503969869603114e-11,0.04028961157326796,0.9583498978178301,25,30,20
3,8038,0.0013844429183957358,2.148613378922832e-11,0.04029272010975602,0.9583228369503621,25,30,20
3,8039,0.0016731325351788176,2.9341734888814036e-07,0.04033368148937299,0.9579928925580993,25,30,20
3,8040,0.0407518196162838,3.1481474610715174e-07,0.04083817314496137,0.918409692424009,25,30,20
3,8041,0.04160310580231577,3.1482688623312607e-07,0.04083260267023716,0.9175639767005612,25,30,20
3,8042,0.042007555112154205,8.301747045809727e-10,0.00029611790620621834,0.9576963261514648,25,30,20
3,8043,0.04221114856477074,3.337655656859956e-11,8.933317715277417e-06,0.9577799180841362,25,30,20
3,8044,0.04146032108819701,1.70425122803586e-10,5.857420380381193e-06,0.9585338213209965,25,30,20
3,8045,0.04133697635977484,2.115517343143115e-11,4.526760351039845e-06,0.9586584968587186,25,30,20
3,8046,0.03952928006313595,7.477781008597733e-07,0.002532089055934177,0.9579378831028292,25,30,20
3,8047,0.04375450749526684,7.478026487993336e-07,0.00696131568858331,0.9492834290135009,25,30,20
3,8048,0.03455048957502431,1.038133978757476e-08,0.008361051406111148,0.9570884486375246,25,30,20
3,8049,0.03854863889009907,1.318812260377659e-07,0.008005804685259174,0.9534454245434152,25,30,20
3,8050,0.023689375395510928,2.5182126383645675e-07,0.017628257310421665,0.9586821154728038,25,30,20
3,8051,0.02414880620844805,2.518386726606525e-07,0.01781128864481652,0.9580396533080631,25,30,20
3,8052,0.07797762918813206,1.4967863284073476e-06,0.0035400669037423753,0.9184808071217967,25,30,20
3,8053,0.0474214063108659,1.4504798561477947e-07,0.03447581451508129,0.9181026341260679,25,30,20
3,8054,0.04212162808841329,1.0570023518316193e-09,0.04221474867954859,0.9156636221750367,25,30,20
3,8055,0.020003167699267594,1.4374135946489425e-08,0.0656237490842307,0.914373068842367,25,30,20
3,8056,0.00438481247512901,7.249166639489118e-11,0.07971967056956858,0.9158955168828105,25,30,20
3,8057,0.005554680109865121,4.9100332724358995e-08,0.07765310409883973,0.9167921666909623,25,30,20
3,8058,0.04250049350521674,4.9398042254774855e-08,0.04036375875181244,0.9171356983449293,25,30,20
3,8059,0.04270242406870643,6.2293573247036e-09,0.04033623595276372,0.9169613337491731,25,30,20
3,8060,0.041255332855184484,0.0011007232312606828,0.03889910660299422,0.9187448373105604,25,30,20
3,8061,0.03495437089633474,0.001100723513916155,0.05085630218495818,0.9130886034047901,25,30,20
3,8062,0.03405447288772608,3.1306843079735224e-10,0.0476098064025482,0.9183357203966577,25,30,20
3,8063,0.0023837243225692446,3.4912904126301e-07,0.07895198935377329,0.9186639371946179,25,30,20
3,8064,0.0019353281750985778,3.491132901160673e-07,0.08020853612583258,0.9178557865857799,25,30,20
3,8065,0.0014152726203744963,6.256566217024788e-09,0.07983521970151726,0.9187495014215423,25,30,20
3,8066,0.0014649762091243112,6.269484492179759e-09,0.09088161632923356,0.9076534011921573,25,30,20
3,8067,0.012471758422215847,6.178834907326177e-09,0.09013194597607804,0.897396289422871,25,30,20
3,8068,0.002809230473061788,3.6405660940670485e-07,0.0904758319817257,0.906714573488603,25,30,20
3,8069,0.0028107280681183167,1.777036691548265e-07,0.09062093301946358,0.9065681612087495,25,30,20
3,8070,0.0026313950467893145,0.03995452255157658,0.03965971095154299,0.917754371450092,25,30,20
3,8071,0.0037590977927137565,0.039911779010457976,0.03978152606505262,0.9165475971317754,25,30,20
3,8072,0.002302567234712078,0.03991177890222022,0.03903130804577092,0.9187543458172971,25,30,20
3,8073,0.002488388636174003,0.039911778919369936,0.046047486975086954,0.9115523454693689,25,30,20
3,8074,0.0026632169654142997,0.03995444820448696,0.03964922205656694,0.9177331127735322,25,30,20
3,8075,0.003372216467838906,0.03992691375567434,0.038961736137935375,0.917739133638551,25,30,20
3,8076,0.0023107555469155045,0.03992691649545493,0.03968551822484491,0.9180768097327835,25,30,20
3,8077,0.0019054489265285467,0.03992636407079336,0.03994395112335343,0.9182242358793247,25,30,20
3,8078,0.004838968439417201,0.0399549089010749,0.040320712180897396,0.9148854104786097,25,30,20
3,8079,0.011771562025406196,0.039964318710485426,0.03095648176223176,0.9173076375018756,25,30,20
3,8080,0.011638905229720744,0.03996431870115842,0.03095693961331243,0.9174398364558093,25,30,20
3,8081,0.04201455403161424,0.03995473043198478,0.00021041815997227835,0.9178202973764289,25,30,20
3,8082,0.04179976537958915,0.039954730423300715,3.5386083943104424e-05,0.9182101181131673,25,30,20
3,8083,0.04137742076659143,0.03991077993447841,3.470295684467919e-05,0.9186770963420843,25,30,20
3,8084,0.04136874550407226,0.0399511874404661,0.0009203764387727547,0.9177596906166885,25,30,20
3,8085,0.006546392781214384,0.039951245125329826,0.03627648639277198,0.9172258757006843,25,30,20
3,8086,0.005154724298029846,0.03995082198575464,0.0362778472273628,0.9186166064888528,25,30,20
3,8087,0.0024897432417198754,0.038706026676239604,0.04115384727563183,0.9176503828064098,25,30,20
3,8088,0.001396807360263222,0.03870602668437627,0.05187749777538705,0.9080196681799735,25,30,20
3,8089,0.01947955844191094,0.038706027317389466,0.026219871637169104,0.9155945426035319,25,30,20
3,8090,0.017305873553060642,0.038706027291110494,0.02603673774755198,0.9179513614082775,25,30,20
3,8091,0.002137467380891275,0.03993215478258539,0.03966221305518001,0.9182681647813443,25,30,20
3,8092,0.0018336057072476546,0.039904938569299477,0.03966090330371269,0.9186005524197413,25,30,20
3,8093,0.001982722483686536,0.039954653086422064,0.039780646960260124,0.9182819774696328,25,30,20
3,8094,0.0016256774558453225,0.039955186893336145,0.03977012879020225,0.9186490068606177,25,30,20
3,8095,0.0016662935624787466,0.039932115160920614,0.039755785940922765,0.9186458053356771,25,30,20
3,8096,0.001961253014224314,0.0399321151619877,0.039651527316666255,0.9184551045071213,25,30,20
3,8097,0.001570193188761633,0.039943034542912564,0.03995791834180999,0.9185288539265162,25,30,20
3,8098,0.0015113221678703503,0.06429031211886545,0.01567251632285245,0.9185258493904115,25,30,20
3,8099,0.0013699219375983074,0.07986054754089515,0.0004655065068214956,0.9183040240146848,25,30,20
3,8100,0.0023043487926530976,0.07987247104228996,9.61269673492849e-05,0.9177270531977081,25,30,20
3,8101,0.004596637288187762,0.07990776228855279,1.191087479109197e-05,0.9154836895484689,25,30,20
3,8102,0.004954568465919287,0.07987026477951822,3.97366074592584e-05,0.9151354301471042,25,30,20
3,8103,0.003283357797013402,0.07989766020489406,0.004661776417446747,0.9121572055806471,25,30,20
3,8104,0.0016864837060430744,0.07960355022148936,0.004784681351651874,0.9139252847208164,25,30,20
3,8105,0.0035295255995571877,0.07961531764372445,0.04454289587226112,0.8723122608844593,25,30,20
3,8106,0.0032062596977079903,0.0798848735588276,0.05093459627362051,0.8659742704698439,25,30,20
3,8107,0.0014143569046221973,0.05110475007331813,0.0796801689252073,0.8678007240968536,25,30,20
3,8108,0.003449206114051876,0.05112946217782481,0.07973062944912095,0.8656907022590036,25,30,20
3,8109,0.001378892701945269,0.07985477362791565,0.039957570680307704,0.8788087629898317,25,30,20
3,8110,0.001411648973452714,0.07989444284676439,0.039948564923502045,0.8787453432562811,25,30,20
3,8111,0.0014162406378600498,0.07989037096884681,0.04020359898966021,0.8784897894036341,25,30,20
3,8112,0.00450438381942797,0.07800208533008422,0.04023115625010773,0.8772623746003796,25,30,20
3,8113,0.0033310795912594366,0.0509089161895425,0.06829724117022608,0.8774627630489716,25,30,20
3,8114,0.003624329692388337,0.07864870427758906,0.07644083003547339,0.8412861359945488,25,30,20
3,8115,0.0014411837904052685,0.07988395625996735,0.0844930483138348,0.8341818116357932,25,30,20
3,8116,0.0022342023743802055,0.07992353219924672,0.0837555406143106,0.8340867248120639,25,30,20
3,8117,0.005210901943060519,0.07991466237828289,0.08157772886861517,0.833296706810043,25,30,20
3,8118,0.006227032205160881,0.0798991074756458,0.07727450653195972,0.8365993537872347,25,30,20
3,8119,0.0031514028401240395,0.07991000267195643,0.07898199868345443,0.8379565958044657,25,30,20
3,8120,0.0012494993955492794,0.07987660873650937,0.046284008248936595,0.872589883619006,25,30,20
3,8121,0.0013470148317066043,0.07990924996495524,0.0539047389112865,0.8648389962920523,25,30,20
3,8122,0.0022919794067187767,0.07963145107242163,0.05417402178180684,0.863902547739052,25,30,20
3,8123,0.0020711888447707354,0.07986780241428756,0.040221978080330005,0.877839030660612,25,30,20
3,8124,0.003089270151361932,0.0798972452793242,0.03984715528427917,0.8771663292850355,25,30,20
3,8125,0.004996469613373572,0.07904505847724919,0.04069613776498324,0.8752623341443936,25,30,20
3,8126,0.0014032000977633602,0.07938307200495434,0.04043818221645317,0.8787755456808293,25,30,20
3,8127,0.0014331778740210895,0.07980598769586891,0.03985994026148092,0.8789008941686295,25,30,20
3,8128,0.0013419550803713343,0.07989717921486547,0.03984304223353134,0.8789178234712323,25,30,20
3,8129,0.0014343247184456834,0.07988510810811522,0.039936060687122285,0.8787445064863167,25,30,20
3,8130,0.0031884777162994164,0.07988549745599768,0.03881010677873316,0.8781159180489702,25,30,20
3,8131,0.0031231247702030087,0.07990195657386617,0.038682430418592186,0.8782924882373383,25,30,20
3,8132,0.00319070548652254,0.0798645207940427,0.038707608656865684,0.8782371650625695,25,30,20
3,8133,0.004283621511553979,0.07943278867502256,0.03695743294870109,0.879326156864722,25,30,20
3,8134,0.0015172040923945762,0.07987196610393474,0.03625225025385481,0.8823585795498157,25,30,20
3,8135,0.0013066596611506997,0.07987224604797251,0.03988985931579991,0.8789312349750764,25,30,20
3,8136,0.0021115817386113188,0.07983788711200293,0.040294001409814095,0.8777565297395706,25,30,20
3,8137,0.003125062541443866,0.07987568356933544,0.03694311082865851,0.8800561430605636,25,30,20
3,8138,0.002497717587945257,0.07990962039707644,0.0002626527305245293,0.9173300092844534,25,30,20
3,8139,0.004122360626477875,0.07986835203555785,0.0003950156857641789,0.9156142716522002,25,30,20
3,8140,0.0032688663592509333,0.07986835203342793,0.0002704920208915533,0.9165922895864297,25,30,20
3,8141,0.0014202577586105993,0.07987648404554118,0.000518458548431179,0.9181847996474172,25,30,20
3,8142,0.001911706609685946,0.07961873364663878,0.00010244967725460855,0.9183671100664214,25,30,20
3,8143,0.0014624281788688798,0.07988643109411159,2.1943406019070087e-05,0.9186291973210002,25,30,20
3,8144,0.002397817925457174,0.07988623896721764,1.6129111466721118e-05,0.917699813995858,25,30,20
3,8145,0.00309125772359769,0.05993294246527828,0.019979074607963186,0.9169967252031606,25,30,20
3,8146,0.003036415975862045,0.07866883994830227,0.0014260793591690517,0.9168686647166677,25,30,20
3,8147,0.0027954407848920326,0.07863833589929552,0.00195009826007598,0.916616125055738,25,30,20
3,8148,0.0022573562881499053,0.07988265689585995,0.00019861379634664937,0.9176613730196445,25,30,20
3,8149,0.0032742509307752193,0.07988558906111225,5.4319154843704874e-06,0.9168347280926281,25,30,20
3,8150,0.0032718632497031014,0.07989764051873749,0.00023057421447877314,0.9165999220170806,25,30,20
3,8151,0.0023757785110035245,0.07990883970276079,0.00022979049263567277,0.9174855912935993,25,30,20
3,8152,0.0017284459919435463,0.07962701608149698,0.00014791200573829348,0.9184966259208208,25,30,20
3,8153,0.0016539933610033326,0.07962701609013151,1.073034923313591e-05,0.9187082601996321,25,30,20
3,8154,0.0013086314853321898,0.07987838805310134,3.533711458735352e-05,0.9187776433469792,25,30,20
3,8155,0.0012894434703622137,0.07987494303021178,0.00030376862449072963,0.9185318448749357,25,30,20
3,8156,0.0014021142519036695,0.0799100101571608,2.5240336669034642e-06,0.9186853515572687,25,30,20
3,8157,0.0022673187142111455,0.07989825533627593,7.073783150694971e-06,0.9178273521663608,25,30,20
3,8158,0.0013862337142065756,0.07989825532748142,2.0160456389323452e-05,0.9186953505019219,25,30,20
3,8159,0.0023916941456981543,0.07990887557808214,2.8660738014407053e-05,0.9176707695382053,25,30,20
3,8160,0.0013562864081697846,0.07989440335720686,0.0003921670700527298,0.9183571431645706,25,30,20
3,8161,0.001317228213668365,0.07986276530210978,0.000790626231682594,0.9180293802525391,25,30,20
3,8162,0.0014198289112423313,0.07989851528188638,2.305920481889673e-06,0.9186793498863891,25,30,20
3,8163,0.0015570246847081849,0.07989353409027186,1.749220411818692e-05,0.9185319490209021,25,30,20
3,8164,0.0025819231578597824,0.07989360531944407,0.0001484450349185992,0.9173760264877777,25,30,20
3,8165,0.0030317916801983953,0.07989803940617403,1.9388232544971392e-05,0.917050780681083,25,30,20
3,8166,0.00296753759181734,0.07983375885627803,1.7305178803460093e-05,0.9171813983730995,25,30,20
3,8167,0.0016028699009624663,0.07987036594377199,0.00013721784967372442,0.9183895463055918,25,30,20
3,8168,0.0027975679754939724,0.07988227449550811,6.530378169940348e-06,0.9173136271508282,25,30,20
3,8169,0.0013918229157960835,0.07988384120126944,0.0006699630898092168,0.9180543727931245,25,30,20
3,8170,0.0014390908249803294,0.054613490634003885,0.025665419685113485,0.9182819988559018,25,30,20
3,8171,0.0018598778950324418,0.07927446181575207,0.007094040998613973,0.9117716192906004,25,30,20
3,8172,0.00431238358656111,0.07990122297882958,7.599320681706278e-06,0.915778794113928,25,30,20
3,8173,0.005237176275595897,0.07990122303205215,0.0003957223233899446,0.9144658783689621,25,30,20
3,8174,0.0025598491103509696,0.07988961733465993,6.9188147196254104e-06,0.9175436147402691,25,30,20
3,8175,0.0022491761688372782,0.07990955415554112,0.00020420400513647296,0.9176370656704846,25,30,20
3,8176,0.003216297711251785,0.07894648586148824,0.00030325728666022125,0.917533959140599,25,30,20
3,8177,0.003512977561344443,0.07991011496532263,9.034171743602228e-06,0.9165678733015891,25,30,20
3,8178,0.0017040452430139247,0.0799097642524824,0.0047372428143408985,0.913648947690163,25,30,20
3,8179,0.0012868050761182716,0.0799060167725622,0.00027497507564874053,0.918532203075672,25,30,20
3,8180,0.0012889873057850049,0.079909617016468,9.662350989657521e-05,0.9187047721678517,25,30,20
3,8181,0.0014729617102635165,0.07864071202816576,0.0012486172251425785,0.9186377090364288,25,30,20
3,8182,0.00308405201561533,0.07989798529871385,1.2401571524546529e-05,0.9170055611141474,25,30,20
3,8183,0.0012585649951747824,0.07991018426536269,1.923860427922687e-05,0.9188120121351845,25,30,20
3,8184,0.00191987551259189,0.07978312076375851,3.558236519084641e-05,0.9182614213584582,25,30,20
3,8185,0.00277431101213925,0.07986624012425424,4.056370521680733e-05,0.9173188851583889,25,30,20
3,8186,0.0021090742997477404,0.060876359578636,0.029629078284499635,0.9073854878371169,25,30,20
3,8187,0.0066463754384441685,0.07987381020920141,0.011062465340377312,0.9024173490119776,25,30,20
3,8188,0.006611954250293145,0.07989420161117636,0.011050816129479762,0.9024430280090502,25,30,20
3,8189,0.004750931278101402,0.07985234764943819,0.0003872656020145072,0.9150094554704462,25,30,20
3,8190,0.0019520840147346367,0.07925504129555394,0.007236607531572809,0.9115562671581385,25,30,20
3,8191,0.003403761452774446,0.07980522262110068,5.010240086267183e-05,0.9167409135252622,25,30,20
3,8192,0.0013886750630538584,0.07990171486881821,4.867015742671578e-06,0.918704743052386,25,30,20
3,8193,0.0014645745021578719,0.07989388284312948,0.010858180636491388,0.9077833620182213,25,30,20
3,8194,0.0031678368832582116,0.07989427216350888,0.00010134603671411759,0.9168365449165192,25,30,20
3,8195,0.0013511386498494934,0.07989605513116825,0.0003677467124026467,0.9183850595065804,25,30,20
3,8196,0.0016219231128788369,0.07989659516090834,1.0954378119017712e-05,0.918470527348095,25,30,20
3,8197,0.0020965951484318364,0.07989659515072779,2.086838427412854e-05,0.9179859413165669,25,30,20
3,8198,0.00449868525178991,0.07986372506883627,0.0001656677532743942,0.9154719219261003,25,30,20
3,8199,0.004447892192365825,0.07986622761562817,3.8065330809700165e-05,0.9156478148611967,25,30,20
3,8200,0.002316528343515791,0.07985889663276227,4.910997902266914e-05,0.917775465044699,25,30,20
3,8201,0.00440225115377022,0.07985889689344058,0.004835960827085378,0.9109028911257032,25,30,20
3,8202,0.003222203527149521,0.07985889665227734,0.00018229706278032558,0.9167366027577927,25,30,20
3,8203,0.003610445181447896,0.07985889664125531,5.113057667925565e-05,0.9164795276006175,25,30,20
3,8204,0.00369755638899455,0.07866882053072065,0.0012414489871798863,0.9163921740931051,25,30,20
3,8205,0.0014563434750181894,0.07866882053072237,0.0013320377679139962,0.9185427982263461,25,30,20
3,8206,0.0013581514806066852,0.07989761438913433,0.0001059770124674941,0.9186382571177926,25,30,20
3,8207,0.0013501848749529278,0.07988102895897106,9.963927418587137e-05,0.9186691468918903,25,30,20
3,8208,0.002575221454994189,0.07989791264664091,0.00014194586622458374,0.9173849200321403,25,30,20
3,8209,0.0033159724375017045,0.07889576276524565,0.0006586273995825023,0.9171296373976703,25,30,20
3,8210,0.002341660996365415,0.07986903085965703,0.0006434430072712378,0.9171458651367062,25,30,20
3,8211,0.0022373923147836054,0.07857609115874678,0.0018217855783359013,0.9173647309481345,25,30,20
3,8212,0.0022130571499735254,0.07797906632507426,0.002305293885076618,0.9175025826398763,25,30,20
3,8213,0.0017317315308937337,0.0799094085325284,0.00014665319836985717,0.9182122067382097,25,30,20
3,8214,0.001373816267442655,0.07987049776517058,2.2820084065728508e-05,0.918732865883321,25,30,20
3,8215,0.0013589320923494141,0.07986986973702151,1.6095450720758456e-05,0.918755102719908,25,30,20
3,8216,0.0023504316531443117,0.07988118008737773,0.00014563973508585938,0.9176227485243916,25,30,20
3,8217,0.0014062262341571403,0.07989688820080774,0.0004033227685946742,0.9182935627964416,25,30,20
3,8218,0.0013809682902739572,0.07990538119323194,1.4251849358128886e-05,0.9186993986671357,25,30,20
3,8219,0.0027914154257611882,0.07897823361758731,5.0693289517727486e-06,0.9182252816276995,25,30,20
3,8220,0.0036508392257493584,0.07928738198136032,0.0007041264647975655,0.9163576523280927,25,30,20
3,8221,0.004079993361348239,0.07926840091883854,0.0007108998434044468,0.9159407058764093,25,30,20
3,8222,0.0013525466085521642,0.07928810229484362,0.0007056903972305004,0.9186536606993739,25,30,20
3,8223,0.0023163911888834246,0.0775328023708665,0.0027465697689406494,0.917404236671311,25,30,20
3,8224,0.0014185967410473717,0.07753280237059741,0.0023782776083434106,0.9186703232800119,25,30,20
3,8225,0.0024674254552390852,0.05117026406666034,0.028737446464087192,0.9176248640140144,25,30,20
3,8226,0.003229908022547809,0.07986413398765287,0.03652938931128013,0.8803765686785218,25,30,20
3,8227,0.00307297589229466,0.07990924209590976,0.03651187382275338,0.8805059081890437,25,30,20
3,8228,0.0015159629898230844,0.0799092421021797,0.03989642381116232,0.8786783710968377,25,30,20
3,8229,0.0034848866698871856,0.07989725957375163,0.039005567973369196,0.877612285782993,25,30,20
3,8230,0.001879267484172807,0.07988643166366323,0.03991413217180582,0.8783201686803583,25,30,20
3,8231,0.0013265352542737973,0.07989762200560911,0.038072306889330255,0.8807035358507876,25,30,20
3,8232,0.003651036055364063,0.07989762225705176,0.03771556437956243,0.8787357773080221,25,30,20
3,8233,0.006216384531488163,0.07990935961527093,0.03771031215864723,0.8761639436945937,25,30,20
3,8234,0.004901310003364368,0.079909359379978,0.039925329359314206,0.8752640012573433,25,30,20
3,8235,0.004207780580517934,0.07990935937522155,0.03992565566112804,0.875957204383132,25,30,20
3,8236,0.005106109004705487,0.07846019967173617,0.037613947040750384,0.8788197442828088,25,30,20
3,8237,0.0017562344883054312,0.07990996771993364,0.04019493533027743,0.8781388624614854,25,30,20
3,8238,0.04245535879255311,0.0799099682217795,0.0048490267679419784,0.8727856462177249,25,30,20
3,8239,0.021145488471254796,0.07990996827424973,0.0254025448201883,0.8735419984343072,25,30,20
3,8240,0.02347248270129124,0.07990983473306762,0.020755335181077136,0.8758623473845643,25,30,20
3,8241,0.023628668806081922,0.07906390801029946,0.02135430521232397,0.8759531179712959,25,30,20
3,8242,0.021568644561871287,0.07990151428000988,0.020622599264652697,0.8779072418934665,25,30,20
3,8243,0.041429644468353455,0.07817654818793028,0.0027788857256063866,0.8776149216181096,25,30,20
3,8244,0.00950636106050565,0.07816905584039674,0.03375771133212918,0.8785668717669679,25,30,20
3,8245,0.0016717502215005614,0.07818105825550797,0.04140621393456259,0.8787409775884292,25,30,20
3,8246,0.0042221760307258474,0.0798879981465396,0.03720394401593797,0.878685881806798,25,30,20
3,8247,0.001488847206655445,0.07986814273149821,0.04021924642758935,0.8784237636342569,25,30,20
3,8248,0.0014638190692684654,0.08098838048187865,0.038834289129184206,0.8787135113196693,25,30,20
3,8249,0.0014198104626455058,0.08098694119725598,0.038996587197619705,0.8785966611424796,25,30,20
3,8250,0.0026075229751065495,0.0796194762855487,0.039181221910805725,0.8785917788285394,25,30,20
3,8251,0.004852411041942085,0.07961913431147484,0.037829751455890855,0.8776987031906919,25,30,20
3,8252,0.0013999004630032542,0.08101838085280966,0.03894699313527828,0.8786347255489099,25,30,20
3,8253,0.0017391536526700027,0.08057144286482405,0.03924723380998137,0.8784421696725245,25,30,20
3,8254,0.001434007741863674,0.0810182866828894,0.07906556067988495,0.8384821448953623,25,30,20
3,8255,0.042780888573149885,0.07989421343162953,0.0804094695971972,0.796915428398024,25,30,20
3,8256,0.026864774299125496,0.07874356316201842,0.0971044532966052,0.7972872092422517,25,30,20
3,8257,0.02633068782432007,0.07990516918779124,0.09604589966028147,0.7977182433276094,25,30,20
3,8258,0.07182058928520042,0.07990452885851153,0.050008285164455,0.798266596691834,25,30,20
3,8259,0.10623341772660153,0.07989897969545728,0.01598278615897204,0.7978848164189688,25,30,20
3,8260,0.07589952505727289,0.07960793220211164,0.047510664107284384,0.7969818786333321,25,30,20
3,8261,0.09108731061295756,0.07894489882333587,0.034497327507097914,0.7954704630566095,25,30,20
3,8262,0.049107504818811105,0.07895308147754702,0.07564652896626521,0.7962928847373775,25,30,20
3,8263,0.031535783534061966,0.07988616528470105,0.09020886213787374,0.7983691890433628,25,30,20
3,8264,0.05071818271601027,0.0798985310377924,0.07050804857665247,0.7988752376695456,25,30,20
3,8265,0.03595760264583093,0.039955277050220984,0.1258004788310467,0.798286641472903,25,30,20
3,8266,0.034922306465863286,0.040294132822643505,0.1259725784970897,0.7988109822144037,25,30,20
3,8267,0.07171373219632655,0.04029413251513116,0.08906402980798704,0.798928105480556,25,30,20
3,8268,0.07267781097014747,0.04027820783491027,0.08902369119479805,0.7980202900001452,25,30,20
3,8269,0.09031502502066192,0.0399413980887368,0.07174961518480943,0.7979939617057913,25,30,20
3,8270,0.0814959776730468,0.03995679852768098,0.07992420714197424,0.7986230166572971,25,30,20
3,8271,0.08476742261347507,0.03988922722806892,0.07735715995291939,0.7979861902055372,25,30,20
3,8272,0.0837926309858685,0.03994488161982666,0.07835781172494943,0.7979046756693553,25,30,20
3,8273,0.08035753012422774,0.0399448836970939,0.08100434380731532,0.7986932423713629,25,30,20
3,8274,0.08031723200785303,0.03994322028882224,0.08104169815790757,0.7986978495454173,25,30,20
3,8275,0.08145806000981773,0.03994321764488728,0.07999109355372895,0.7986076287915667,25,30,20
3,8276,0.09676149658586532,0.052745337833186585,0.05195452325913738,0.7985386423218124,25,30,20
3,8277,0.08185746477828182,0.060702708127720405,0.059007237192103226,0.7984325899018949,25,30,20
3,8278,0.0762111720563699,0.04068366298993749,0.08638751686415319,0.7967176480895394,25,30,20
3,8279,0.07887019159978369,0.03956268233508505,0.08291790708982294,0.7986492189753097,25,30,20
3,8280,0.038046312520976705,0.039909937631916796,0.12506038925451504,0.7969833605925928,25,30,20
3,8281,0.0369306827916742,0.03993768495495009,0.12652371551487443,0.7966079167385018,25,30,20
3,8282,0.0906310411152604,0.03993768432949717,0.0637830330647187,0.8056482414905247,25,30,20
3,8283,0.03225278512849006,0.03993767640729032,0.13013379226015634,0.7976757462040635,25,30,20
3,8284,0.08311974069179286,0.03994309319824964,0.07898541168789856,0.7979517544220589,25,30,20
3,8285,0.09230491228926735,0.0399430729647961,0.06886558144934246,0.7988864332965931,25,30,20
3,8286,0.12101639681816884,0.03994242830521404,0.040083265133794586,0.7989579097428234,25,30,20
3,8287,0.09347131248586082,0.03994270641376585,0.06795637783466489,0.7986296032657093,25,30,20
3,8288,0.10699145105618506,0.03994272278602219,0.056264499167322554,0.7968013269904705,25,30,20
3,8289,0.039513109025748096,0.03995512250559159,0.12158734724632217,0.7989444212223386,25,30,20
3,8290,0.07612966280285907,0.03995512304189425,0.08557230366148101,0.798342910493765,25,30,20
3,8291,0.07665510521721265,0.039957779091127216,0.08494871878555058,0.7984383969061092,25,30,20
3,8292,0.08240861124201838,0.03992280151153942,0.07989137216803732,0.7977772150784049,25,30,20
3,8293,0.07941554306378733,0.03994361462756893,0.08462838177271081,0.796012460535932,25,30,20
3,8294,0.04404104354001372,0.039942330763744996,0.12355239565042211,0.7924642300458197,25,30,20
3,8295,0.0444057421451406,0.039942997336909036,0.11713267896341502,0.798518581554536,25,30,20
3,8296,0.04794146006774218,0.0399551393191575,0.1151475281241728,0.796955872488929,25,30,20
3,8297,0.017997051545702216,0.039943596231825695,0.14468578171562993,0.7973735705068417,25,30,20
3,8298,0.004880927627324745,0.038234910450481975,0.15914495880964658,0.7977392031125479,25,30,20
3,8299,0.0036286299191870762,0.038237387158406876,0.12596282822135138,0.8321711547010551,25,30,20
3,8300,0.0034295559447430606,0.03928230760126275,0.13100935661681892,0.8262787798371763,25,30,20
3,8301,0.0772474659266673,0.039954711025598354,0.05329290047481546,0.8295049225729189,25,30,20
3,8302,0.07444997464456432,0.039926778003919,0.06287311243074695,0.8227501349207692,25,30,20
3,8303,0.08083761794802938,0.03995519365047107,0.054246356108267196,0.8249608322932314,25,30,20
3,8304,0.11634655872735272,0.03993828040405081,0.004829558888760507,0.8388856019798352,25,30,20
3,8305,0.11652586792906225,0.03931948534065246,0.005530276879287744,0.8386243698509963,25,30,20
3,8306,0.10035913132877289,0.039319466094508065,0.02170774411883755,0.8386136584578817,25,30,20
3,8307,0.06222351147730965,0.0399546518287409,0.060402026902646844,0.8374198097913031,25,30,20
3,8308,0.06378739855482349,0.02098523827092712,0.07809309653092625,0.837134266643324,25,30,20
3,8309,0.06235268687707948,0.020985237842578927,0.07808886600836278,0.83857320927198,25,30,20
3,8310,0.08401448596960925,0.03995513334098524,0.0384291393176575,0.837601241371748,25,30,20
3,8311,0.04256042518544891,0.039955132990184467,0.07981753592420607,0.837666905900161,25,30,20
3,8312,0.06810832814832984,0.039943582171946775,0.05396384235517801,0.837984247324545,25,30,20
3,8313,0.06575773322807119,0.03992826654895256,0.06149832805043462,0.8328156721725426,25,30,20
3,8314,0.04631395928329399,0.03823894794430544,0.07833354284625658,0.8371135499261447,25,30,20
3,8315,0.07682238702826027,0.03994351169555588,0.0441674735160684,0.8390666277601154,25,30,20
3,8316,0.05311834281716764,0.0399446418955966,0.06901067036197643,0.8379263449252595,25,30,20
3,8317,0.052503049912421884,0.03994417159492702,0.07184606247644616,0.8357067160162039,25,30,20
3,8318,0.06230644104883332,0.0399565059312248,0.061087914570317745,0.8366491384496244,25,30,20
3,8319,0.05111415060713553,0.03994262649983337,0.07581957642261285,0.8331236464704194,25,30,20
3,8320,0.044189364174787575,0.03994261871410114,0.08245827128552487,0.8334097458255872,25,30,20
3,8321,0.06610914000939844,0.03994321977813763,0.05520916010319085,0.838738480109273,25,30,20
3,8322,0.11833535080525891,0.03898956989733476,0.004101746456289207,0.8385733328411176,25,30,20
3,8323,0.06759475337221243,0.03992770448913567,0.08960132225418427,0.8028762198844699,25,30,20
3,8324,0.06876006808542626,0.039927650539807985,0.09309760242558046,0.7982146789491865,25,30,20
3,8325,0.08429115871949429,0.03992730940914811,0.077573879034105,0.798207652837252,25,30,20
3,8326,0.08260891474737035,0.03992731028841565,0.07930571574537655,0.7981580592188356,25,30,20
3,8327,0.10608652397560402,0.03992732042511614,0.05493500665437928,0.7990511489448991,25,30,20
3,8328,0.1046100223150914,0.0399569806994989,0.05159959285118651,0.8038334041342233,25,30,20
3,8329,0.08205712863351416,0.039956971075509724,0.07915442142427132,0.7988314788667047,25,30,20
3,8330,0.07157068149472103,0.03993602541561482,0.08992878123776916,0.7985645118518956,25,30,20
3,8331,0.047658692378459794,0.07710528394334815,0.07826418950333953,0.7969718341748526,25,30,20
3,8332,0.008075867166776626,0.08293730806404737,0.11059015289285855,0.7983966718763189,25,30,20
3,8333,0.04195333896247914,0.07986773657452223,0.12210290459775905,0.7560760198652413,25,30,20
3,8334,0.043895754817897,0.079877668259683,0.11921397447124676,0.7570126024511729,25,30,20
3,8335,0.04314167805588607,0.08064263156317959,0.11853441586502304,0.7576812745159117,25,30,20
3,8336,0.04364681735113508,0.0798975194225394,0.11886289910642331,0.7575927641199014,25,30,20
3,8337,0.04457860687283452,0.083544481539514,0.11549404222943448,0.756382869358218,25,30,20
3,8338,0.04343493728395396,0.08356158968853988,0.11434103609213109,0.7586624369353756,25,30,20
3,8339,0.04424406141594511,0.08324918844205328,0.11373100925798575,0.7587757408840161,25,30,20
3,8340,0.041707647335995,0.08180350934575734,0.11775289943330079,0.7587359438849481,25,30,20
3,8341,0.0310627168892753,0.08324891292506946,0.12796800986803977,0.7577203603176162,25,30,20
3,8342,0.0326154843574521,0.0835197624686317,0.12589981204415485,0.7579649411297615,25,30,20
3,8343,0.030983799018411386,0.0978347267097155,0.11396809722779501,0.7572133770440785,25,30,20
3,8344,0.02930591048552321,0.09783178072610277,0.11406681065758585,0.758795498130789,25,30,20
3,8345,0.030182524897544808,0.11984862043871086,0.09107910086141663,0.7588897538023283,25,30,20
3,8346,0.030118603801587554,0.11982441539907285,0.09107695129021957,0.7589800295091205,25,30,20
3,8347,0.043191223883307296,0.11982553448824626,0.07901049408805218,0.7579727475403949,25,30,20
3,8348,0.04327092440048638,0.11977899594036004,0.07891790035076517,0.7580321793083898,25,30,20
3,8349,0.002456288211299707,0.11977086435828461,0.11885696910342902,0.758915878326986,25,30,20
3,8350,0.041696793428381326,0.11981484411564898,0.08042636107907646,0.7580620013768936,25,30,20
3,8351,0.029484458354040618,0.11981616568127391,0.0939949259299768,0.7567044500347102,25,30,20
3,8352,0.08430250867006399,0.11983823281028629,0.04031457923891601,0.7555446792807343,25,30,20
3,8353,0.06976996236397205,0.11984197262166706,0.05738175425862415,0.7530063107557368,25,30,20
3,8354,0.11267058897771332,0.10117749846182793,0.027785872095586805,0.7583660404648731,25,30,20
3,8355,0.12059352239742713,0.11983597599271356,0.0015258921635342279,0.7580446094463251,25,30,20
3,8356,0.12316784762651103,0.11983597582979902,0.0003575096600490409,0.7566386668836413,25,30,20
3,8357,0.07911610216873684,0.11997424941845086,0.04326008265387588,0.7576495657589374,25,30,20
3,8358,0.08328861469818985,0.11995361373635285,0.039269624275743854,0.7574881472897136,25,30,20
3,8359,0.10726899346280887,0.1195505717978836,0.015469674259100901,0.7577107604802067,25,30,20
3,8360,0.10602622258960563,0.11956297679537861,0.017286112165500116,0.7571246884495156,25,30,20
3,8361,0.12162549845040431,0.11958609082405128,0.0008054473958103784,0.757982963329734,25,30,20
3,8362,0.08494914375678614,0.11959413369068202,0.03741691251899424,0.7580398100335386,25,30,20
3,8363,0.08407495145480309,0.11955013087505804,0.037423307092022295,0.7589516105781162,25,30,20
3,8364,0.0439990349764326,0.11982146960527232,0.07726852692632752,0.7589109684919688,25,30,20
3,8365,0.07886665639067139,0.119533726280843,0.04290755918610054,0.7586920581423855,25,30,20
3,8366,0.048428941907826276,0.11984394078069627,0.0728684626155177,0.7588586546959601,25,30,20
3,8367,0.09551571456345676,0.11932916261243609,0.028826314855167103,0.7563288079689415,25,30,20
3,8368,0.07461374917474528,0.11815692498899506,0.04844122394436212,0.7587881018918966,25,30,20
3,8369,0.07571839730614763,0.11979359737510688,0.045523290223505535,0.7589647150952402,25,30,20
3,8370,0.0545893828299277,0.11979904988790122,0.06701825060347394,0.7585933166786957,25,30,20
3,8371,0.03704478441337577,0.11980880876404384,0.08447035762194444,0.7586760492006358,25,30,20
3,8372,0.04452923507910824,0.11937117072039509,0.08024132588693889,0.7558582683135566,25,30,20
3,8373,0.006969766827159413,0.11983356179826467,0.11444077726929824,0.7587558941052771,25,30,20
3,8374,0.03904909916699129,0.11982073320653054,0.08217787025964819,0.7589522973668307,25,30,20
3,8375,0.04141643086593918,0.11985705276257373,0.07980559581107947,0.7589209205604088,25,30,20
3,8376,0.04367627825365481,0.11984862705294665,0.07731348367061805,0.759161611022781,25,30,20
3,8377,0.04655404617052789,0.11983726520946175,0.11182670205288828,0.7217819865671218,25,30,20
3,8378,0.044419199536418465,0.11984082078703841,0.11182094781884878,0.7239190318576949,25,30,20
3,8379,0.04375358042330239,0.11980535042693052,0.08013467715376242,0.7563063919960055,25,30,20
3,8380,0.04133002995385047,0.1043980277090713,0.09524781280344247,0.7590241295336368,25,30,20
3,8381,0.043037160760924405,0.11932223958028913,0.08023692952075406,0.7574036701380328,25,30,20
3,8382,0.031808998202221446,0.11935787222222535,0.060761499551655176,0.7880716300238979,25,30,20
3,8383,0.031839246381780845,0.11928153347745209,0.02270727393193485,0.8261719462088325,25,30,20
3,8384,0.041455086720190944,0.11978619744272385,0.012138622037345614,0.8266200937997401,25,30,20
3,8385,0.04135476508224875,0.11979627798277942,0.012167466848784694,0.8266814900861864,25,30,20
3,8386,0.04224582482239172,0.119385912353554,0.0006611501218606056,0.8377071127021937,25,30,20
3,8387,0.04233465720822279,0.11938591273235989,0.0004846868187698147,0.8377947432406475,25,30,20
3,8388,0.03339253329281963,0.11938462996643211,0.009453661475921778,0.8377691752648266,25,30,20
3,8389,0.033837852424579914,0.11943084093571567,0.009435323324549733,0.8372959833151543,25,30,20
3,8390,0.06910551905456426,0.11983628089693953,0.012519903074954456,0.7985382969735418,25,30,20
3,8391,0.08107810483103174,0.1198355017958872,0.0007075305046332734,0.7983788628684475,25,30,20
3,8392,0.08134457670235379,0.11983318710007826,0.0011222894068030514,0.7976999467907642,25,30,20
3,8393,0.04345500942185203,0.11920031967265628,0.045107117304306395,0.792237553601185,25,30,20
3,8394,0.041895141095718624,0.11984454934011532,0.03970729605612727,0.7985530135080394,25,30,20
3,8395,0.03755555898884448,0.11973685464373299,0.04513776593672542,0.797569820430698,25,30,20
3,8396,0.023663541253049147,0.11974939698522853,0.05899753636370568,0.7975895253980171,25,30,20
3,8397,0.02247373086701609,0.11969750593306594,0.05924652829975965,0.7985822349001594,25,30,20
3,8398,0.04135370286612978,0.11974796285588195,0.04060747445619753,0.798290859821792,25,30,20
3,8399,0.040614366280229276,0.11981594093942913,0.04117184887106645,0.7983978439092769,25,30,20
3,8400,0.041807297433162194,0.11981241156024167,0.04049522464110063,0.7978850663654952,25,30,20
3,8401,0.04125644001406745,0.1198124116669773,0.04046404330410456,0.7984671050148512,25,30,20
3,8402,0.07982188389439403,0.07828009583099234,0.04295637747248768,0.7989416428021261,25,30,20
3,8403,0.08132761617095087,0.07829315745692238,0.041771494555546414,0.7986077318165803,25,30,20
3,8404,0.03031119537801728,0.09071885934067694,0.08055703652197002,0.7984129087593358,25,30,20
3,8405,0.05292831961611932,0.11985321854814819,0.029833835122063116,0.7973846267136697,25,30,20
3,8406,0.04165403942567375,0.11985278169490529,0.04713200697331243,0.791361171906109,25,30,20
3,8407,0.07666867427231709,0.11982861684599881,0.005222707932516723,0.7982800009491681,25,30,20
3,8408,0.07948611533341025,0.10112253535731872,0.021237322434081215,0.79815402687519,25,30,20
3,8409,0.06979122358241616,0.119841272564476,0.012136213487288891,0.7982312903658201,25,30,20
3,8410,0.0691449015762374,0.11978689161136966,0.012301575664293749,0.7987666311480995,25,30,20
3,8411,0.06937431195345951,0.11982140303860132,0.026111307934138867,0.7846929770738003,25,30,20
3,8412,0.07884908721868819,0.1198096712395078,0.01736586372428833,0.7839753778175157,25,30,20
3,8413,0.04175076623247863,0.11808143662310747,0.05580990551652788,0.7843578916278843,25,30,20
3,8414,0.03818978626145828,0.11810202658362202,0.06828762120381515,0.7754205659511048,25,30,20
3,8415,0.03887312941264496,0.11811370414928125,0.06719285195928892,0.7758203144787846,25,30,20
3,8416,0.0391438191466854,0.12041032795605659,0.04253699533255973,0.7979088575646984,25,30,20
3,8417,0.0432420879254061,0.11888819125510851,0.042086495604422354,0.7957832252150614,25,30,20
3,8418,0.045826020984005275,0.11891503729043919,0.04015149129687115,0.7951074504286835,25,30,20
3,8419,0.04407792008906441,0.15976422235026028,9.564462599328203e-05,0.7960622129346819,25,30,20
3,8420,0.04307451793074466,0.1597339001422631,0.00012036815406890631,0.7970712137729236,25,30,20
3,8421,0.04243896596024999,0.15974174771057992,0.00022351178379320956,0.7975957745453768,25,30,20
3,8422,0.0411222742578114,0.1597613969862221,0.000137908123010861,0.7989784206329549,25,30,20
3,8423,0.04077819623112973,0.15976521664681853,0.0005188490594061119,0.7989377380626448,25,30,20
3,8424,0.04086181126260605,0.15975511166264098,0.0005225013510398128,0.7988605757237133,25,30,20
3,8425,0.04128333227297334,0.15976448413630062,0.000490174376460529,0.7984620092142642,25,30,20
3,8426,0.05126578362961814,0.1597801332601236,0.00488659413765952,0.7840674889725983,25,30,20
3,8427,0.026425120841702596,0.14103493168534872,0.02543153990711846,0.8071084075658316,25,30,20
3,8428,0.02612759119624322,0.14044566992909283,0.019634545712441456,0.8137921931622221,25,30,20
3,8429,0.026498191294213956,0.14105705104313151,0.01930012000756118,0.8131446376550926,25,30,20
3,8430,0.026218949939531173,0.14099981014344373,0.02532105967600319,0.8074601802410218,25,30,20
3,8431,0.021717628507382288,0.1409084397265751,0.04564813946965634,0.7917257922963867,25,30,20
3,8432,0.020949149416114733,0.159653475881401,0.020747804123959105,0.7986495705785249,25,30,20
3,8433,0.022633385309351266,0.1592245841658141,0.02103770855340046,0.7971043219714339,25,30,20
3,8434,0.023547932328156475,0.15979088349636897,0.02054032228197032,0.7961208618935044,25,30,20
3,8435,0.043997408392516826,0.15885371841954954,5.4357648197956574e-05,0.7970945155397353,25,30,20
3,8436,0.04226186048494283,0.15885270112581298,3.0033363063064088e-05,0.7988554050261802,25,30,20
3,8437,0.04237747432664655,0.15905835232649648,0.0005358466832101966,0.798028326663647,25,30,20
3,8438,0.04239037029304405,0.1590399475302182,0.0005773810998684717,0.7979923010768694,25,30,20
3,8439,0.0416824311954727,0.11982850914316533,0.040668221189131666,0.7978208384722307,25,30,20
3,8440,0.04182987107173831,0.11981758957641885,0.04045501987437098,0.7978975194774737,25,30,20
3,8441,0.041372791336249354,0.11980589546791244,0.039722851056165145,0.7990984621396743,25,30,20
3,8442,0.0015896511652919965,0.13449099811971685,0.06478001103476756,0.7991393396802247,25,30,20
3,8443,0.002525530295564239,0.13358414873365673,0.06495117624799186,0.7989391447227888,25,30,20
3,8444,0.0023587118953545512,0.1584079620855849,0.04033412273976077,0.7988992032793,25,30,20
3,8445,0.0026435054246921486,0.144257320939536,0.05515407650441402,0.797945097131357,25,30,20
3,8446,0.0022831439699374408,0.1597673940544284,0.039027772962019494,0.7989216890136153,25,30,20
3,8447,0.004094929741066584,0.15973425991998055,0.08495414886351879,0.751216661475436,25,30,20
3,8448,0.003684994745793477,0.16036079611125909,0.04257208082806476,0.7933821283148836,25,30,20
3,8449,0.00135269460402978,0.1601639210921751,0.03955497322285092,0.7989284110809449,25,30,20
3,8450,0.004159980224444131,0.13227670986142528,0.06462503027167674,0.7989382796424548,25,30,20
3,8451,0.001727879479139786,0.1322914237017214,0.06768970480411478,0.7982909920150226,25,30,20
3,8452,0.0038614882998725007,0.1568047990940021,0.0412539472883164,0.7980797653178087,25,30,20
3,8453,0.0031291876688482817,0.1559278159898633,0.042022832073583066,0.7989201642677056,25,30,20
3,8454,0.0018259038397957562,0.15884146214093883,0.04544424882439519,0.7938883851948715,25,30,20
3,8455,0.0013150034348517843,0.15930775740427677,0.040540843552633675,0.798836395608239,25,30,20
3,8456,0.0016275498449500909,0.15929972904749504,0.040713738442391005,0.7983589826651641,25,30,20
3,8457,0.01140368308468194,0.15851071706224237,0.031159735920378986,0.798925863932697,25,30,20
3,8458,0.002501867299231615,0.1585156676076142,0.03817377932284861,0.8008086857703063,25,30,20
3,8459,0.004666957910680557,0.15546853977171693,0.04159841081559874,0.7982660915020042,25,30,20
3,8460,0.0014858290502613994,0.15970671776672585,0.0399708551842288,0.7988365979987851,25,30,20
3,8461,0.0023084410914412825,0.1593443763332352,0.039448667285463104,0.7988985152898609,25,30,20
3,8462,0.00233877560237009,0.15935501357943252,0.03944390303692748,0.7988623077812708,25,30,20
3,8463,0.0016147293165042148,0.15933289169602263,0.040175479920652186,0.798876899066821,25,30,20
3,8464,0.001451680392411021,0.15972372973074242,0.039962343232503125,0.7988622466443434,25,30,20
3,8465,0.0013002217300993849,0.1597706066317032,0.03994421971713206,0.7989849519210651,25,30,20
3,8466,0.041748378326120016,0.14075867596441402,0.018823822528542686,0.7986691231809238,25,30,20
3,8467,0.002805891999825103,0.1591981891894388,0.04011378374143683,0.7978821350693002,25,30,20
3,8468,0.04236967034579241,0.1594952026233036,0.00033700642287204564,0.7977981206080321,25,30,20
3,8469,0.04216469099771231,0.15977605742895698,0.00020471950478760794,0.7978545320685433,25,30,20
3,8470,0.04214578639741103,0.1597720546221458,0.0003436767425219891,0.7977384822379214,25,30,20
3,8471,0.04126621020395623,0.15979209528981145,7.624666638451372e-05,0.7988654478398475,25,30,20
3,8472,0.03230033943927057,0.15919736736480686,0.009750207011836752,0.7987520861840856,25,30,20
3,8473,0.03456516658931914,0.15865333139656437,0.008889737004849312,0.7978917650092676,25,30,20
3,8474,0.023881919414882782,0.15975620908913332,0.02024514130045336,0.7961167301955325,25,30,20
3,8475,0.022053429075396317,0.15976255699198608,0.024882539382971178,0.7933014745496471,25,30,20
3,8476,0.02103517966036731,0.1597832859951704,0.024888521043364264,0.7942930133010984,25,30,20
3,8477,0.03465016689400922,0.1563979574833612,0.024935515369635564,0.7840163602529944,25,30,20
3,8478,0.04414410893780102,0.15639568776180604,0.0008380495160806241,0.7986221537843124,25,30,20
3,8479,0.04127552137630666,0.15975801232262285,0.00030447391056381205,0.7986619923905071,25,30,20
3,8480,0.043006624228896326,0.13400866384980087,0.026201978568943386,0.796782733352359,25,30,20
3,8481,0.041532894722218563,0.15980664135583333,2.9829093170739958e-05,0.7986306348287776,25,30,20
3,8482,0.04112464231511584,0.15847195539321712,0.001427358251965595,0.7989760440397032,25,30,20
3,8483,0.0425920296360166,0.1598036083844595,0.0001901330997734044,0.7974142288797518,25,30,20
3,8484,0.04012683184105052,0.15978400097864406,0.0011549984042323322,0.7989341687760736,25,30,20
3,8485,0.0510251044940064,0.1496325357988526,0.00039522453618210057,0.7989471351709588,25,30,20
3,8486,0.039120918478818566,0.15974908360578005,0.0022217853949438727,0.798908212520458,25,30,20
3,8487,0.04097596135329353,0.1597945414190845,0.0002634613386313625,0.7989660358889914,25,30,20
3,8488,0.042458535309369785,0.1593317651238254,0.0005572785418475715,0.7976524210249579,25,30,20
3,8489,0.045518391165961486,0.1593444446574369,0.0007402682796541637,0.7943968958969476,25,30,20
3,8490,0.045282467488450086,0.1564190318114249,0.0006144577486338807,0.7976840429514911,25,30,20
3,8491,0.04169676285255848,0.15853267153359568,0.0018546124702582304,0.7979159531435888,25,30,20
3,8492,0.04067660851169617,0.15975537779176233,0.0006661213322040581,0.7989018923643374,25,30,20
3,8493,0.041890784935061716,0.15977550732304333,0.0009095692667483093,0.7974241384751464,25,30,20
3,8494,0.041193118286705355,0.15851630211433976,0.0017809249132921478,0.7985096546856622,25,30,20
3,8495,0.04099262310189867,0.15977971469172916,0.00030589624711920113,0.7989217659592537,25,30,20
3,8496,0.04103576431209824,0.15973941218665044,0.000577038970199427,0.7986477845310518,25,30,20
3,8497,0.04092359051459314,0.1598083166859353,0.000304746744905757,0.7989633460545655,25,30,20
3,8498,0.04221224765751036,0.15974354993745968,5.053718281399151e-05,0.7979936652222154,25,30,20
3,8499,0.04225910505312143,0.15853343050488833,0.0012486930437152286,0.7979587713982751,25,30,20
3,8500,0.017245089820152017,0.15853126422752806,0.02708421370105817,0.7971394322512616,25,30,20
3,8501,0.017593228467527287,0.14296195909119916,0.04239366361959587,0.7970511488216775,25,30,20
3,8502,0.002371490105730195,0.131063512804243,0.06896232521372264,0.7976026718763052,25,30,20
3,8503,0.01105877775877636,0.15979615355836588,0.030667168015019647,0.7984779006678395,25,30,20
3,8504,0.01837712273317826,0.15929528183675037,0.023484787414802585,0.7988428080152704,25,30,20
3,8505,0.017924880489206856,0.15971127721875222,0.023496411582426376,0.798867430709615,25,30,20
3,8506,0.0359681806244472,0.15977611228674865,0.005308115958682129,0.7989475911301227,25,30,20
3,8507,0.04122887606581778,0.15930504795935008,0.000613175715332078,0.7988529002595,25,30,20
3,8508,0.04121180387041093,0.1593515432426315,0.0005624722780813166,0.7988741806088759,25,30,20
3,8509,0.04234651730636593,0.11940767801720309,0.0402372513275965,0.7980085533488357,25,30,20
3,8510,0.040782718644006295,0.11985290087542616,0.040968050562927225,0.7983963299176412,25,30,20
3,8511,0.04346632962529307,0.09112196724018781,0.06932835235937243,0.7960833507751478,25,30,20
3,8512,0.001855635122153038,0.0911253872559748,0.10825865967590514,0.7987603179459681,25,30,20
3,8513,0.002806565879372903,0.11377076691835576,0.08450828965408647,0.7989143775481847,25,30,20
3,8514,0.0037125335403561106,0.15772261305028043,0.04059645150376118,0.7979684019056025,25,30,20
3,8515,0.0014294866348745613,0.1597160926409581,0.03999797655072396,0.7988564441734445,25,30,20
3,8516,0.0014283772915083873,0.15976092624368093,0.0399847002772869,0.7988259961875243,25,30,20
3,8517,0.0023653924639415002,0.15979599972007452,0.03995281340892859,0.7978857944070558,25,30,20
3,8518,0.002362014027290701,0.15975481945727565,0.039954578408347416,0.7979285881070877,25,30,20
3,8519,0.0022871478409512273,0.15977994582123517,0.0399484110174517,0.7979844953203633,25,30,20
3,8520,0.0032660694120957732,0.1597678670640945,0.03996964726373649,0.7969964162600733,25,30,20
3,8521,0.0012509106766384745,0.15976434005576926,0.03996594335603899,0.799018805911554,25,30,20
3,8522,0.0013002330022792968,0.15980256703914614,0.03996192318383384,0.7989352767747415,25,30,20
3,8523,0.002653909516264118,0.12015384134732318,0.07993846340593794,0.7972537857304755,25,30,20
3,8524,0.0034303729228796916,0.11960928636554666,0.07842981372699814,0.7985305269845752,25,30,20
3,8525,0.004295597396259818,0.11963605747622173,0.07897315064751367,0.7970951944800055,25,30,20
3,8526,0.005498874710019608,0.11862717577900005,0.07701133749321266,0.7988626120177678,25,30,20
3,8527,0.001377066981336557,0.12063124668338993,0.07903416558585934,0.798957520749414,25,30,20
3,8528,0.0013213125655416264,0.11901312419512458,0.08082328171077087,0.7988422815285642,25,30,20
3,8529,0.0014328021076840214,0.11984002041826824,0.08007455511769529,0.798652622356353,25,30,20
3,8530,0.005200148377155068,0.1193711444149595,0.07688888952211854,0.7985398176857685,25,30,20
3,8531,0.04003857281749662,0.11981748059478019,0.04149008528085016,0.7986538613068737,25,30,20
3,8532,0.04088209268050254,0.11985051014936342,0.04035001347054336,0.7989173836995911,25,30,20
3,8533,0.0014451762118873046,0.11923653224214198,0.08093051704001636,0.7983877745059564,25,30,20
3,8534,0.0030385986343775444,0.11983783475984476,0.07986703204458313,0.7972565345611953,25,30,20
3,8535,0.0025808432514209164,0.12090126430611388,0.07879687129007693,0.7977210211523891,25,30,20
3,8536,0.004220125841317393,0.11983172824313741,0.07809603523265826,0.7978521106828873,25,30,20
3,8537,0.0016926627827566407,0.11795681308227318,0.08177047510938112,0.7985800490255893,25,30,20
3,8538,0.019357069483265803,0.11856140513450958,0.06468561451070226,0.7973959108715236,25,30,20
3,8539,0.006100484788524584,0.11658572025907375,0.08005476100350523,0.7972590339488971,25,30,20
3,8540,0.0061375533407373875,0.11983686550061665,0.07714439890036713,0.7968811822582795,25,30,20
3,8541,0.0024540304793133345,0.11983705067639538,0.04026956288923853,0.8374393559550533,25,30,20
3,8542,0.0013901249287657457,0.11937164834219914,0.045249928630653205,0.833988298098382,25,30,20
3,8543,0.0017333772205990756,0.11980955145925408,0.039912459546060354,0.8385446117740868,25,30,20
3,8544,0.001674998546812165,0.11984018989969054,0.03995145532369692,0.8385333562298005,25,30,20
3,8545,0.0019476707427158743,0.11813574306229441,0.04166857010861609,0.8382480160863737,25,30,20
3,8546,0.0017092345962284913,0.11811398254599441,0.04141519873090891,0.8387615841268677,25,30,20
3,8547,0.0019471840752537165,0.11808937842972632,0.04144015502988285,0.8385232824651357,25,30,20
3,8548,0.0040411874315426175,0.11933844864968997,0.037821916961295506,0.8387984469574722,25,30,20
3,8549,0.003455539123010753,0.11979368021119213,0.03998412128596405,0.8367666593798337,25,30,20
3,8550,0.0016424668248783906,0.12057203890603796,0.03920735128169843,0.838578142987386,25,30,20
3,8551,0.0024716037074343717,0.11963757522637089,0.03928428561113164,0.8386065354550634,25,30,20
3,8552,0.002851890258754053,0.11952959894812466,0.040029889975191434,0.837588620817932,25,30,20
3,8553,0.0025697363152567443,0.1197982305026815,0.04041909986423614,0.8372129333178258,25,30,20
3,8554,0.002961728900933948,0.11949918006413433,0.03958979040938135,0.8379493006255513,25,30,20
3,8555,0.01823396759236006,0.08985292665256042,0.055762429608649626,0.8361506761464292,25,30,20
3,8556,0.01655531898478054,0.09110992998741833,0.054153649815027356,0.8381811012127746,25,30,20
3,8557,0.0024951320068786935,0.09112350552353751,0.0681508746209619,0.8382304878486216,25,30,20
3,8558,0.0016585189948030222,0.09111416595533736,0.06868457015642339,0.8385427448934369,25,30,20
3,8559,0.0015836576929003443,0.11983518399554596,0.040052531877373065,0.838528626434182,25,30,20
3,8560,0.011318108287197788,0.11983852867493301,0.019189705960897665,0.8496536570769719,25,30,20
3,8561,0.002541390276421784,0.1177063538326176,0.001601408947618717,0.878150846943342,25,30,20
3,8562,0.0016024690494688251,0.11813551052579743,0.0021894555598055724,0.8780725648649285,25,30,20
3,8563,0.001555640564458722,0.11941526675253343,0.000829861736006048,0.878199230947001,25,30,20
3,8564,0.0016260796399586443,0.1197972704084115,0.00039822125680244696,0.8781784286948277,25,30,20
3,8565,0.002301836693280096,0.11751042812350923,0.00857914219341283,0.871608592989798,25,30,20
3,8566,0.004194854231974811,0.11919538495985625,0.007001034875708404,0.8696087259324604,25,30,20
3,8567,0.002430997055951063,0.11980274507606442,2.2949256156473257e-05,0.8777433086118285,25,30,20
3,8568,0.0023753052652656327,0.11982805644816776,0.0006420883621472237,0.8771545499244192,25,30,20
3,8569,0.0031887054011248456,0.11984148192758483,0.00040218031087045766,0.87656763236042,25,30,20
3,8570,0.0014960573178465183,0.11984148191730873,0.000257264750185714,0.8784051960146588,25,30,20
3,8571,0.0013689860026227909,0.11984660064831701,0.0001424144005220468,0.8786419989485386,25,30,20
3,8572,0.002270700160982074,0.11985330386999278,3.183196739290794e-06,0.8778728127722861,25,30,20
3,8573,0.0034372506956042432,0.1198519837393044,1.2446758104582022e-05,0.8766983188069861,25,30,20
3,8574,0.0046765726712341945,0.11984024995433808,1.3715262653038941e-05,0.8754694621117752,25,30,20
3,8575,0.0038943999706768013,0.11982943389487699,3.686435688730109e-05,0.8762393017775595,25,30,20
3,8576,0.0014072154611726954,0.11981768739439082,3.293919399450178e-05,0.8787421579504435,25,30,20
3,8577,0.001520812684647937,0.11977441854979774,6.16057091312251e-05,0.8786431630564239,25,30,20
3,8578,0.0014307782046258765,0.10443227551868156,0.015564290001759094,0.8785726562749329,25,30,20
3,8579,0.002280210254585543,0.10443304905064568,0.015425683078108782,0.8778610576166591,25,30,20
3,8580,0.002283884390882391,0.10439377296202805,0.01551653078240869,0.8778058118646804,25,30,20
3,8581,0.0032792138451253534,0.10435641410901791,0.015425945613162306,0.8769384264326945,25,30,20
3,8582,0.0014193823109268865,0.11982228857109511,6.3209049035624456e-06,0.8787520082130746,25,30,20
3,8583,0.0014326635035416687,0.1044130189612183,0.015433888578459058,0.8787204289567809,25,30,20
3,8584,0.0013790058973188512,0.10442304230747544,0.015418934092478735,0.8787790177027267,25,30,20
3,8585,0.0014180234201886888,0.11981667763406356,2.5430299542145683e-06,0.8787627559157923,25,30,20
3,8586,0.0013599390934339018,0.11981667763441367,0.0003983087934914746,0.8784250744786596,25,30,20
3,8587,0.0013996066887989591,0.11982817612950077,0.00012732726155385965,0.8786448899201463,25,30,20
3,8588,0.003438750434753798,0.11782451372269039,0.00012897223526792616,0.8786077636072882,25,30,20
3,8589,0.0013958916878666302,0.11984351013183935,6.994037395670159e-06,0.8787536041428982,25,30,20
3,8590,0.00330288115688145,0.11858690610159071,0.001253844089322372,0.8768563686522048,25,30,20
3,8591,0.003326089773518995,0.11978005136564,7.676711694112164e-06,0.8768861821491474,25,30,20
3,8592,0.003379830444178445,0.11978870294174515,3.7423948971202005e-05,0.8767940426651053,25,30,20
3,8593,0.002028316374365124,0.11980126725949329,0.00032010241775471126,0.8778503139483865,25,30,20
3,8594,0.0022753373276993808,0.11858320229624457,0.0012450205151111613,0.8778964398609452,25,30,20
3,8595,0.0013517093927551433,0.11982462373854384,9.817604246246112e-05,0.8787254908262387,25,30,20
3,8596,0.0031798928463849657,0.11921271599676314,0.0007301493687842536,0.8768772417880677,25,30,20
3,8597,0.004586399578945251,0.1192084173739698,0.040412572277918335,0.8357926107691667,25,30,20
3,8598,0.0038317009731797173,0.11860461479669863,0.04070995576052077,0.8368537284696015,25,30,20
3,8599,0.0035979127193681206,0.1186046147732561,0.04071981918079308,0.8370776533265828,25,30,20
3,8600,0.0035949014597270053,0.11862617042634296,0.040686804248709595,0.8370921238652214,25,30,20
3,8601,0.007527779214708691,0.11815839100927623,0.03726239713755953,0.8370514326384569,25,30,20
3,8602,0.006084464345245166,0.11981940031156958,0.03723496820123551,0.8368611671419501,25,30,20
3,8603,0.013297012108990855,0.11986329556714943,0.0297103269836331,0.8371293653402276,25,30,20
3,8604,0.013397164325599738,0.11983265527322791,0.029709612971200956,0.837060567429972,25,30,20
3,8605,0.0045935137963963755,0.11984083334373118,0.03946264912270522,0.836103003737169,25,30,20
3,8606,0.006272281409543964,0.11724997427824045,0.039719325404830814,0.8367584189073848,25,30,20
3,8607,0.008366847392788408,0.11724524775184193,0.03763783570275219,0.8367500691526173,25,30,20
3,8608,0.007618723601694295,0.11724524786744034,0.03736887877310525,0.8377671497577601,25,30,20
3,8609,0.0047869407219672125,0.11980505685257845,0.048460408326224405,0.8269475940992304,25,30,20
3,8610,0.004040917694525447,0.11984059042445405,0.03998745755522051,0.8361310343258004,25,30,20
3,8611,0.005910849586011445,0.11985231483838492,0.04457852123691301,0.829658314338691,25,30,20
3,8612,0.003868813562578335,0.11982860926422757,0.04902588183643039,0.8272766953367646,25,30,20
3,8613,0.0028251865350265607,0.11981225062571749,0.04437371096586998,0.832988851873386,25,30,20
3,8614,0.002570571561545132,0.11887474254087164,0.0397299951977621,0.8388246906998214,25,30,20
3,8615,0.0047724085458980435,0.11888659087408891,0.039375643179837015,0.8369653574001784,25,30,20
3,8616,0.0036753771356294583,0.11884265795188075,0.054142110187242,0.8233398547252483,25,30,20
3,8617,0.003251069418010112,0.1198237224971653,0.03982642535494213,0.8370987827298835,25,30,20
3,8618,0.0369811897341392,0.11984216999950194,0.0072054501169325665,0.8359711901494269,25,30,20
3,8619,0.03599386898559567,0.1198145880678752,0.007197313409887638,0.8369942295366418,25,30,20
3,8620,0.044412317726360506,0.11981345319330089,0.00515807808726438,0.8306161509930745,25,30,20
3,8621,0.04119556838300098,0.11986447002209594,0.00045985996336026213,0.8384801016315432,25,30,20
3,8622,0.024396261394804067,0.11986539823911095,0.05719785076499594,0.7985404896010907,25,30,20
3,8623,0.041291893818669614,0.11985235544266835,0.03997268175688453,0.7988830689817784,25,30,20
3,8624,0.041468286530351436,0.11982915095441625,0.04462580292728092,0.7940767595879525,25,30,20
3,8625,0.042770993727064964,0.11982930225667758,0.03523161360547464,0.802168090410783,25,30,20
3,8626,0.04143525281316171,0.11982867580364046,0.03546512126589025,0.8032709501173084,25,30,20
3,8627,0.04182160317067542,0.11960803230638527,0.0002782872120548012,0.8382920773108857,25,30,20
3,8628,0.041587602354789525,0.11983386313872055,0.00020035805652030735,0.838378176449971,25,30,20
3,8629,0.04233134787857094,0.11978801303640367,0.00035300154706665996,0.8375276375379594,25,30,20
3,8630,0.03754253172192264,0.11978052358937534,0.003851110092237907,0.8388258345964644,25,30,20
3,8631,0.043207695095184996,0.11984047221333817,1.4214417407069956e-05,0.8369376182740713,25,30,20
3,8632,0.04415328697797826,0.1198407589507403,7.852168477432975e-06,0.8359981019028048,25,30,20
3,8633,0.027543734400482398,0.1198306409425171,0.05165925466071314,0.8009663699962882,25,30,20
3,8634,0.028416378478300114,0.0809440218682221,0.09661674655077751,0.794022853102702,25,30,20
3,8635,0.004592399809079473,0.07982471029054217,0.1169151351094873,0.7986677547908922,25,30,20
3,8636,0.07164355915856874,0.0798415561793457,0.05034790419013012,0.7981669804719561,25,30,20
3,8637,0.07633469066476967,0.07989690227325337,0.04604398736625308,0.7977244196957227,25,30,20
3,8638,0.07630490414220395,0.07989371171211075,0.04603841168295696,0.7977629724627289,25,30,20
3,8639,0.07588812089299368,0.07989446576665993,0.045986535079268503,0.7982308782610786,25,30,20
3,8640,0.08144891936079553,0.07988641929941837,0.040733058969846955,0.7979316023699403,25,30,20
3,8641,0.05583708754802949,0.07986606238402083,0.06827634107492303,0.7960205089930266,25,30,20
3,8642,0.05520388745574929,0.07985427460585398,0.03540913466261664,0.8295327032757805,25,30,20
3,8643,0.01634559674940466,0.07864438077447598,0.06760046313645103,0.837409559339668,25,30,20
3,8644,0.03457909582561176,0.07990936907633131,0.05172933568476375,0.8337821994132923,25,30,20
3,8645,0.030104100848228576,0.0798961963240824,0.09150855530055273,0.7984911475271375,25,30,20
3,8646,0.03434146837406567,0.07990084270199722,0.08706485791370634,0.7986928310102307,25,30,20
3,8647,0.034142110013028935,0.07982778939931146,0.08743369554178818,0.798596405045871,25,30,20
3,8648,0.07487424545245214,0.07982824646829892,0.04677146876066354,0.7985260393185852,25,30,20
3,8649,0.0751144923293592,0.0799096631684315,0.04659355185229476,0.7983822926499148,25,30,20
3,8650,0.06860214919868347,0.07984417221390519,0.05148670723866069,0.8000669713487508,25,30,20
3,8651,0.07370216542713506,0.07990964013275492,0.046326590957940644,0.8000616034821689,25,30,20
3,8652,0.04224351011156952,0.07990964794619265,0.07991698428906138,0.7979298576531775,25,30,20
3,8653,0.04687518918668752,0.07885485473189785,0.07704106002410441,0.7972288960573107,25,30,20
3,8654,0.0409631753185385,0.07990233028635703,0.08053051011572201,0.7986039842793841,25,30,20
3,8655,0.025251956263531477,0.07986955108467503,0.09837250214625051,0.7965059905055434,25,30,20
3,8656,0.03987950440533423,0.07990322664311553,0.0817825870926307,0.7984346818589192,25,30,20
3,8657,0.04184515440522388,0.07989750269993844,0.07944075696805512,0.798816585926783,25,30,20
3,8658,0.042095178481012095,0.07988712884882376,0.07916730564826857,0.7988503870218954,25,30,20
3,8659,0.04235139696578702,0.07988097531751097,0.0788628799592562,0.7989047477574468,25,30,20
3,8660,0.06733481737404916,0.07987635615180896,0.05696918899184577,0.7958196374822962,25,30,20
3,8661,0.06502974399748801,0.07985064865930995,0.06812830951545377,0.7869912978277482,25,30,20
3,8662,0.1043474261421628,0.07991884235262896,0.01736083743028575,0.7983728940749222,25,30,20
3,8663,0.1081649482478004,0.07987547076347386,0.013500349747465177,0.7984592312412601,25,30,20
3,8664,0.09747280834871605,0.07990787157210154,0.024911515704081105,0.7977078043751006,25,30,20
3,8665,0.08231709320201026,0.07990159925702298,0.04051120255658538,0.7972701049843814,25,30,20
3,8666,0.11776557504829217,0.07988512055351206,0.004371447430168939,0.7979778569680266,25,30,20
3,8667,0.086149556027636,0.0799617198280252,0.03497567416955124,0.7989130499747884,25,30,20
3,8668,0.04240610290949485,0.07988445057151008,0.0788410203480371,0.7988684261709571,25,30,20
3,8669,0.034324940155104476,0.07988636925735434,0.08735518907614122,0.7984335015114,25,30,20
3,8670,0.03331301368120496,0.07989447748934655,0.048401102841138376,0.83839140598831,25,30,20
3,8671,0.03173320234531325,0.07989448180971075,0.05575863805853966,0.8326136777864369,25,30,20
3,8672,0.04220757281622936,0.07989707004464086,0.04621182228329862,0.831683534855832,25,30,20
3,8673,0.03785734996533743,0.07992356907571764,0.0433605455377788,0.838858535421166,25,30,20
3,8674,0.050368784832963136,0.06448163005722583,0.044985012823800075,0.8401645722860107,25,30,20
3,8675,0.02894344589981983,0.06445961262242735,0.07517759086332136,0.8314193506144305,25,30,20
3,8676,0.039342722769294895,0.06125462202647684,0.06803898195001956,0.8313636732542068,25,30,20
3,8677,0.04577079125651541,0.06125461728412094,0.05684892262669016,0.8361256688326729,25,30,20
3,8678,0.045335667958777914,0.061254618005961416,0.06346398495103986,0.829945729084219,25,30,20
3,8679,0.005939198108923258,0.07984329600081928,0.07813347199528795,0.8360840338949691,25,30,20
3,8680,0.004151745112609296,0.07812864195550623,0.08164589240588907,0.8360737205259947,25,30,20
3,8681,0.001634001162114679,0.07988205559371388,0.07984960229825436,0.8386343409459167,25,30,20
3,8682,0.005037497384788793,0.07988485080869796,0.07985058966607361,0.8352270621404397,25,30,20
3,8683,0.006170230634515422,0.07989737541679548,0.0795774872121057,0.834354906736584,25,30,20
3,8684,0.0021803674081396383,0.07990159066322534,0.0860617310074643,0.8318563109211717,25,30,20
3,8685,0.0025730657664981694,0.0798567413662937,0.03947032394114403,0.8780998689260655,25,30,20
3,8686,0.002392229309835473,0.07984476134750453,0.03904089757819386,0.8787221117644671,25,30,20
3,8687,0.0022939292083002725,0.07987702763308632,0.03902903938105339,0.8788000037775606,25,30,20
3,8688,0.0013838319289143073,0.07988421676780279,0.040067173914325085,0.8786647773889584,25,30,20
3,8689,0.004052978149751263,0.07988421678488647,0.040205635957859656,0.8758571691075041,25,30,20
3,8690,0.0033175036967754705,0.0798555798178417,0.039984548657426705,0.8768423678279565,25,30,20
3,8691,0.026346695178751253,0.07986225891950328,0.040093792895202165,0.8536972530065416,25,30,20
3,8692,0.04038263116347793,0.07989362971451795,0.07925858370545391,0.8004651554165514,25,30,20
3,8693,0.037285102809299184,0.07989677286381922,0.08328417572349212,0.79953394860339,25,30,20
3,8694,0.0442294875782052,0.07990997683347541,0.03749342411705578,0.838367111471264,25,30,20
3,8695,0.041243213599020424,0.07864473344648032,0.04217587352741137,0.8379361794270878,25,30,20
3,8696,0.037184105125373554,0.07864379771931684,0.046052123519550923,0.8381199736357594,25,30,20
3,8697,0.04287866432393503,0.07990057183392284,0.038581728815888464,0.8386390350262545,25,30,20
3,8698,0.043581267747099535,0.07896710507861293,0.03883589058921877,0.8386157365850692,25,30,20
3,8699,0.04420343039928336,0.07898076990059927,0.03920821663160302,0.8376075830685141,25,30,20
3,8700,0.04342774182071845,0.07726315145961955,0.04283088381856569,0.8364782229010977,25,30,20
3,8701,0.019487001663176663,0.07985030733034568,0.06316606073732901,0.8374966302691493,25,30,20
3,8702,0.05279769767722676,0.07894901820613454,0.03996353041062011,0.828289753706018,25,30,20
3,8703,0.042255436886426814,0.07897829781711362,0.0401922913052164,0.8385739739912431,25,30,20
3,8704,0.04241993608077352,0.0635527198919578,0.05543989497323243,0.8385874490540369,25,30,20
3,8705,0.03745598176621598,0.07988930471070796,0.04401718561603778,0.8386375279070398,25,30,20
3,8706,0.009862832394908342,0.07988559384253525,0.072437028615475,0.8378145451470832,25,30,20
3,8707,0.009671961292071256,0.07988558777889705,0.07210857547914187,0.8383338754498912,25,30,20
3,8708,0.02881919898385889,0.07941560936515252,0.05332843623985672,0.8384367554111327,25,30,20
3,8709,0.02919289166855512,0.07997273950531268,0.05273623450159809,0.8380981343245355,25,30,20
3,8710,0.037542378897032685,0.07866818825027416,0.04658891284759844,0.8372005200050954,25,30,20
3,8711,0.04302794979158597,0.07988526546976989,0.04046304898327608,0.8366237357553676,25,30,20
3,8712,0.04293536239108512,0.07986397931811394,0.04052488243274685,0.8366757758580542,25,30,20
3,8713,0.03863051672825593,0.08098365222277037,0.041580246899404524,0.838805584149568,25,30,20
3,8714,0.04115161928176965,0.07980342896770833,0.04119623921805489,0.8378487125324671,25,30,20
3,8715,0.04035735217176036,0.07985459310947349,0.04125750233911432,0.8385305523796521,25,30,20
3,8716,0.04136346210709191,0.07989797870854386,0.04019065156307072,0.8385479076212939,25,30,20
3,8717,0.04377384887088437,0.07989016716138034,0.040197269160499934,0.8361387148072359,25,30,20
3,8718,0.036893958652886076,0.07989028221411554,0.04697138864847374,0.836244370484523,25,30,20
3,8719,0.02967134570140544,0.08090859030541324,0.050612118222940705,0.8388079457702406,25,30,20
3,8720,0.0440124493345878,0.07978693623396056,0.03739270947492545,0.8388079049565278,25,30,20
3,8721,0.04115847796108843,0.07980671070696572,0.04066351154856404,0.8383712997833824,25,30,20
3,8722,0.04009060166876433,0.0798976718335512,0.041179439618138344,0.8388322868795466,25,30,20
3,8723,0.04136965430248158,0.07989762272854374,0.040957709062505294,0.8377750139064699,25,30,20
3,8724,0.04156194996503152,0.07989755422600481,0.039958032035905505,0.8385824637730593,25,30,20
3,8725,0.039908655639401214,0.07989765249903373,0.04128858478271493,0.8389051070788508,25,30,20
3,8726,0.03997816350330146,0.07989697247776623,0.04129146027533975,0.838833403743592,25,30,20
3,8727,0.04110462320292516,0.07989073195903017,0.041121810771975076,0.8378828340660697,25,30,20
3,8728,0.0652182809424616,0.061512006214355146,0.0767681111148784,0.7965016017283054,25,30,20
3,8729,0.07364767386693799,0.07989752768869134,0.020072060829074426,0.8263827376152968,25,30,20
3,8730,0.07487344680180066,0.07990569334518424,0.012766881965998433,0.8324539778870168,25,30,20
3,8731,0.08092295930956475,0.07814359992166625,0.002030462881793547,0.8389029778869755,25,30,20
3,8732,0.08186956977145181,0.07989436807044029,0.00032730457911376096,0.8379087575789952,25,30,20
3,8733,0.08096562233288956,0.07931763014946358,0.0008810060450860607,0.8388357414725607,25,30,20
3,8734,0.07055402008253503,0.07932098673960403,0.013816178703623765,0.8363088144742377,25,30,20
3,8735,0.07436695239915299,0.07988553993906213,0.00885727775688749,0.8368902299048975,25,30,20
3,8736,0.045302101566198606,0.07989701061593552,0.047880923890611694,0.8269199639272535,25,30,20
3,8737,0.05171953380988345,0.07989755243100814,0.04418328645421907,0.8241996273048896,25,30,20
3,8738,0.04596633458569228,0.07988523932546844,0.04349716318317033,0.8306512629056694,25,30,20
3,8739,0.06896471792309321,0.079905997572981,0.02041472825999671,0.8307145562439292,25,30,20
3,8740,0.03946891481637234,0.07989751512186312,0.05472866040043397,0.8259049096613308,25,30,20
3,8741,0.04211379514710623,0.08021582333502307,0.0389577702826,0.8387126112352722,25,30,20
3,8742,0.04117756205975888,0.07987056023409242,0.040098809295204714,0.8388530684109434,25,30,20
3,8743,0.04155452635720511,0.07988286006848427,0.039991770263880476,0.8385708433104305,25,30,20
3,8744,0.04235975540428069,0.07989800739248362,0.039993107990490516,0.8377491292127452,25,30,20
3,8745,0.0431355461377577,0.07989508864878964,0.040192599541700395,0.8367767656717524,25,30,20
3,8746,0.030414005036196737,0.07988507732806917,0.05261693010222226,0.8370839875335122,25,30,20
3,8747,0.03990060712959771,0.07988450097266026,0.043453871996577964,0.8367610199011634,25,30,20
3,8748,0.04472790655273115,0.07988500764998503,0.04067540738182641,0.8347116784154569,25,30,20
3,8749,0.012433755744309776,0.07990425438009359,0.07085777802205884,0.8368042118535384,25,30,20
3,8750,0.013146620888687515,0.07990486350297447,0.07072792767366862,0.8362205879346702,25,30,20
3,8751,0.024302218964010348,0.07989448358924393,0.056960159471819274,0.838843137974926,25,30,20
3,8752,0.024280692395784,0.07989448358915899,0.05695573820881994,0.838869085806237,25,30,20
3,8753,0.024231955325649052,0.07989720296494031,0.0569557102053253,0.8389151315040856,25,30,20
3,8754,0.02477708912245482,0.0643817589519511,0.0719503033764764,0.8388908485491176,25,30,20
3,8755,0.027297603880882693,0.07989792629828407,0.05654458695184148,0.8362598828689921,25,30,20
3,8756,0.02468193932107549,0.07986289092407263,0.06121925331738923,0.8342359164374626,25,30,20
3,8757,0.024324580936356,0.0798661319742203,0.05689195534494293,0.8389173317444818,25,30,20
3,8758,0.024412652770640256,0.07985427911034773,0.0568963321226017,0.8388367359964104,25,30,20
3,8759,0.0426157032940574,0.07989612092627725,0.03880157210519252,0.8386866036744728,25,30,20
3,8760,0.0405300348332418,0.07928460736279452,0.041430848251110285,0.8387545095528527,25,30,20
3,8761,0.03988270368130429,0.07946075075119191,0.0419347755131267,0.8387217700543785,25,30,20
3,8762,0.006297051362632144,0.07989229229012315,0.07603046829134097,0.8377801880559036,25,30,20
3,8763,0.0023283809941753233,0.07987003361425227,0.07999326120015166,0.8378083241914205,25,30,20
3,8764,0.0033155033286115638,0.07894048180412191,0.040373332881304694,0.8773706819859606,25,30,20
3,8765,0.0014766913107897095,0.07985531463488439,0.040327370518963165,0.8783406235353628,25,30,20
3,8766,0.0014225464930259142,0.07988260254441851,0.04026587641461913,0.8784289745479366,25,30,20
3,8767,0.0015044434436101094,0.04101165769615114,0.07908187107778589,0.878402027782452,25,30,20
3,8768,0.001783712341473477,0.039927115798430314,0.07977565678644293,0.8785135150736526,25,30,20
3,8769,0.0019612756323265285,0.04107014557051755,0.07870261597795115,0.8782659628192048,25,30,20
3,8770,0.0018904838551798918,0.041084716942244415,0.11534961642946447,0.8416751827731136,25,30,20
3,8771,0.004124631032253954,0.039919106370408367,0.11602882391072156,0.8399274386866173,25,30,20
3,8772,0.03980241051910105,0.03992776175700026,0.0799619578311723,0.8403078698927269,25,30,20
3,8773,0.038019246994728986,0.03992730816121939,0.08324633342346707,0.8388071114205846,25,30,20
3,8774,0.03833720220345752,0.03992735642593872,0.08890801604693259,0.8328274253236705,25,30,20
3,8775,0.0038459012848824836,0.03997613954356973,0.1258457878984962,0.8303321712730533,25,30,20
3,8776,0.006185913503936988,0.03991156380178253,0.12294295277465593,0.8309595699196259,25,30,20
3,8777,0.007335635725879818,0.0538951617421424,0.10766595091954198,0.831103251612437,25,30,20
3,8778,0.00781560558043167,0.07988199002088676,0.08242134762670111,0.8298810567719808,25,30,20
3,8779,0.005625955681591161,0.07987709040300238,0.07642496429497862,0.8380719896204276,25,30,20
3,8780,0.0055957911584240926,0.07987416942944697,0.07791066292773262,0.8366193764843954,25,30,20
3,8781,0.0037761582785913812,0.07817889272469286,0.08155035878041379,0.8364945902163017,25,30,20
3,8782,0.0037527379237268575,0.07928467249615917,0.080563129312594,0.836399460267521,25,30,20
3,8783,0.0032646658807244477,0.07952189877297128,0.07966000244916632,0.8375534328971395,25,30,20
3,8784,0.002498544192246311,0.079844498857983,0.08444036613637626,0.8332165908133946,25,30,20
3,8785,0.0369938256589535,0.07927741766743358,0.045018074461676806,0.8387106822119368,25,30,20
3,8786,0.02502289745033266,0.07988640743059945,0.0566491669351697,0.8384415281838978,25,30,20
3,8787,0.07051879713168786,0.07987974226037879,0.011690916192395524,0.8379105444155379,25,30,20
3,8788,0.07668130733518648,0.07986462225380254,0.004736578805497958,0.838717491605513,25,30,20
3,8789,0.07658023604405867,0.07983491031324066,0.0047668360921045445,0.8388180175505967,25,30,20
3,8790,0.07583340323984461,0.07988707611627728,0.0054378935738072405,0.8388416270700709,25,30,20
3,8791,0.08222617273303745,0.0798977272383678,0.0003385203747259939,0.8375375796538682,25,30,20
3,8792,0.05662828193315394,0.05115396393964849,0.054830231171358976,0.8373875229558385,25,30,20
3,8793,0.05741632044884803,0.07990511101832837,0.026120693290080533,0.8365578752427428,25,30,20
3,8794,0.03650822068270341,0.07987720292475653,0.04569307370791749,0.8379215026846232,25,30,20
3,8795,0.043049987810465436,0.08069868367938575,0.03745788003062066,0.8387934484795294,25,30,20
3,8796,0.04122591868733206,0.11775800026820116,0.002100245058466105,0.838915835986001,25,30,20
3,8797,0.041265726764993474,0.07943036772837725,0.040412365879791606,0.8388915396268385,25,30,20
3,8798,0.041276500743993194,0.07943036786447467,0.04039614670432463,0.8388969846872081,25,30,20
3,8799,0.04205127507203998,0.07943036779519307,0.040406358904474714,0.8381119982282929,25,30,20
3,8800,0.02554118532601878,0.07752444431686033,0.04656256251677899,0.8503718078403414,25,30,20
3,8801,0.027793891656829783,0.052114148740855126,0.0716583604590092,0.8484335991433055,25,30,20
3,8802,0.02710334173998947,0.0779318542557871,0.04203709703575397,0.8529277069684694,25,30,20
3,8803,0.025339994829362097,0.0786650287062905,0.04556546316878199,0.8504295132955647,25,30,20
3,8804,0.03928186004195716,0.08101371596698803,0.085815606361412,0.793888817629641,25,30,20
3,8805,0.05808244542349156,0.07989344042111116,0.06321258786089162,0.7988115262945058,25,30,20
3,8806,0.05912430772225416,0.07737628879651781,0.06561663822419372,0.797882765257034,25,30,20
3,8807,0.04423057881140369,0.07990644649300321,0.0777882583209578,0.7980747163746352,25,30,20
3,8808,0.04246152883743469,0.07987034032328148,0.07872289770867046,0.7989452331306134,25,30,20
3,8809,0.04508385976463698,0.07987146899126772,0.07751901520517211,0.7975256560389239,25,30,20
3,8810,0.04131566681108563,0.07837823882625963,0.08127725688333441,0.7990288374793211,25,30,20
3,8811,0.0020399567376339616,0.07988709063770628,0.11905013045817209,0.799022822166488,25,30,20
3,8812,0.003253490442307704,0.07989798150796419,0.11881414942132568,0.7980343786284037,25,30,20
3,8813,0.003996621715079193,0.07998820658566931,0.1289308336434898,0.7870843380557622,25,30,20
3,8814,0.00683404345226391,0.07987710404615277,0.11600973311983034,0.7972791193817532,25,30,20
3,8815,0.005341787789317938,0.07987264630949159,0.11621083079781763,0.7985747351033737,25,30,20
3,8816,0.005881257912699877,0.07989921421335933,0.1181072097747261,0.7961123180992163,25,30,20
3,8817,0.02048904035565727,0.07813459137971139,0.10369671847449473,0.7976796497901373,25,30,20
3,8818,0.0187278979637271,0.0794056313832605,0.10425149875221823,0.7976149719007946,25,30,20
3,8819,0.01881601838756614,0.07938284924354426,0.1038665926692603,0.797934539699629,25,30,20
3,8820,0.0033754808154288513,0.09307099929910305,0.10483130029506156,0.7987222195904069,25,30,20
3,8821,0.00424023719441965,0.11981229060644612,0.07711967680392887,0.7988277953952064,25,30,20
3,8822,0.0014399013477950598,0.11983148422254226,0.07979222540092683,0.7989363890287373,25,30,20
3,8823,0.0039154062610447194,0.1198241857690328,0.07822153865875968,0.7980388693111632,25,30,20
3,8824,0.0039502862629248285,0.11978990298190173,0.07817171119979531,0.7980880995553798,25,30,20
3,8825,0.0034595373657003788,0.1197514902876508,0.07919192190501023,0.7975970504416395,25,30,20
3,8826,0.04276840380619417,0.11979327949978838,0.03905714873309356,0.7983811679609252,25,30,20
3,8827,0.041426854088319406,0.11982009163530037,0.03998185688124966,0.7987711973951316,25,30,20
3,8828,0.04331238671566532,0.11982009176799512,0.03996188367822831,0.7969056378381117,25,30,20
3,8829,0.04432353099255962,0.11981696991267299,0.03737287807948803,0.7984866210152807,25,30,20
3,8830,0.06985678015721171,0.11981833211565256,0.012177180698538306,0.7981477070285975,25,30,20
3,8831,0.043826112829951386,0.10428406857460615,0.054959961248741605,0.7969298573467009,25,30,20
3,8832,0.06373568800307058,0.12023350137253792,0.01807644058464837,0.7979543700397431,25,30,20
3,8833,0.06303826307793875,0.11981268370878789,0.018256843947143622,0.798892209266129,25,30,20
3,8834,0.06603853578668131,0.12026603023512754,0.018172987468775922,0.7955224465094153,25,30,20
3,8835,0.06539801704821321,0.11752964404315393,0.01856441697759034,0.7985079219310433,25,30,20
3,8836,0.07681727881945737,0.11983750408762188,0.00541837331394655,0.7979268437789746,25,30,20
3,8837,0.0398788913315689,0.11983742229402881,0.041376563535667196,0.798907122838734,25,30,20
3,8838,0.040638670311468596,0.11983401250132414,0.04198681202730798,0.7975405051598996,25,30,20
3,8839,0.04800659770813795,0.11983313379104958,0.037915424541447695,0.7942448439593646,25,30,20
3,8840,0.04041541937285922,0.1198529574449969,0.04375119527739295,0.7959804279047518,25,30,20
3,8841,0.0016322220784688373,0.11985273324605948,0.07956915906378138,0.7989458856116931,25,30,20
3,8842,0.022229799416549026,0.1195660459025074,0.05932999595077535,0.7988741587301696,25,30,20
3,8843,0.041495256229712514,0.11955897196209317,0.0400376468750594,0.798908124933136,25,30,20
3,8844,0.00466691513506669,0.11958280449537892,0.07751610251309848,0.798234177856458,25,30,20
3,8845,0.0047090101643210164,0.12036655587060965,0.07675292872304756,0.7981715052420221,25,30,20
3,8846,0.0045801468055967345,0.11984694784672886,0.0766808039605997,0.798892101387076,25,30,20
3,8847,0.0056953710053243315,0.11984533928533102,0.082906776525287,0.7915525131840572,25,30,20
3,8848,0.0033918027340223006,0.10509283495797937,0.0999818281252335,0.7915335341827646,25,30,20
3,8849,0.0016966746399771498,0.10442739794940943,0.10135884940914709,0.7925170780014676,25,30,20
3,8850,0.020305879597795187,0.1044047676769526,0.07649094600366863,0.7987984067215832,25,30,20
3,8851,0.006206181851288498,0.11846843904446447,0.07791898590714676,0.7974063931970998,25,30,20
3,8852,0.0033565728090725606,0.11983776215138325,0.07989449858626702,0.7969111664532771,25,30,20
3,8853,0.0036537807128864874,0.12050021459677587,0.07899209098140117,0.7968539137089377,25,30,20
3,8854,0.0016080819196903704,0.11986519375340034,0.08451631551474177,0.7940104088121696,25,30,20
3,8855,0.0036463583862059255,0.11986544647513231,0.07986303548044624,0.7966251596582161,25,30,20
3,8856,0.004581681871305202,0.11984948587369144,0.07986206000119674,0.7957067722538071,25,30,20
3,8857,0.0041068582544101,0.14243839541619738,0.05723492071253147,0.7962198256168601,25,30,20
3,8858,0.004843054720750717,0.15937669534486112,0.04047044892965551,0.7953098010047323,25,30,20
3,8859,0.006590611229105392,0.1597873899547668,0.03476155317047038,0.7988604456456594,25,30,20
3,8860,0.0017997615894985528,0.15971878370530335,0.03951137333221986,0.7989700813729798,25,30,20
3,8861,0.003863033716790173,0.15886500579485674,0.03986861464864246,0.7974033458397112,25,30,20
3,8862,0.0037272336768064333,0.15878326747621493,0.039538329570936094,0.7979511692760431,25,30,20
3,8863,0.002903632438760145,0.13302250185465228,0.06619142939664222,0.7978824363099466,25,30,20
3,8864,0.004094019603720387,0.16976533413499606,0.029556476754249626,0.7965841695070337,25,30,20
3,8865,0.002958506882694221,0.1697811402287683,0.02918039467193974,0.7980799582165978,25,30,20
3,8866,0.002843514002784593,0.16910559245472057,0.029185229987896206,0.7988656635545996,25,30,20
3,8867,0.0023320355507579797,0.19858479752442862,0.0004392720138367791,0.7986438949109772,25,30,20
3,8868,0.0031001914812140248,0.1977567487608983,0.0012883544139011052,0.7978547053439877,25,30,20
3,8869,0.004234002546716426,0.19881283417965814,2.058318627409294e-05,0.7969325800873516,25,30,20
3,8870,0.0012863342867075222,0.198491444167053,0.001265089698046494,0.7989571318481936,25,30,20
3,8871,0.002434916091745626,0.1981813780079582,0.0006331567245823196,0.7987505491757146,25,30,20
3,8872,0.001608265625093528,0.1990937350470941,0.000619044211779037,0.7986789551160333,25,30,20
3,8873,0.0016213577399959947,0.19866180244557288,0.001056640468860541,0.7986601993455712,25,30,20
3,8874,0.0023212975595151434,0.19968713116969478,0.00012398383535412892,0.797867587435437,25,30,20
3,8875,0.0023663669467191505,0.15975060939919136,0.0403221021238051,0.7975609215302853,25,30,20
3,8876,0.0025857513780350016,0.15978295237645032,0.04004043326306106,0.7975908629824535,25,30,20
3,8877,0.0032538059686371924,0.1597171084583168,0.04004138601700213,0.7969876995560449,25,30,20
3,8878,0.0019562632033739784,0.15975746032574725,0.039856366778675635,0.7984299096922035,25,30,20
3,8879,0.0014895987042669236,0.15972612279299636,0.03988349730817807,0.7989007811945578,25,30,20
3,8880,0.001928166057342058,0.15974485394083401,0.03975285341811428,0.7985741265837086,25,30,20
3,8881,0.03725229102455826,0.1339421091254343,0.03020140740574773,0.7986041924442598,25,30,20
3,8882,0.04093764013228639,0.15974430285660646,0.0005620201037778674,0.7987560369073294,25,30,20
3,8883,0.04091860966989906,0.15973553830105516,0.0008158817876971834,0.7985299702413488,25,30,20
3,8884,0.042373282850428816,0.15926462568523347,0.00040114514494525274,0.7979609463193925,25,30,20
3,8885,0.02042729338265038,0.15972060631362686,0.021003223734723266,0.7988488765689995,25,30,20
3,8886,0.04140376229648028,0.1597633619488543,0.0001958484608275711,0.7986370272938381,25,30,20
3,8887,0.04094650853755153,0.15977339841355154,0.008109478223061444,0.7911706148258348,25,30,20
3,8888,0.040071004641410744,0.13778091345702898,0.03891316510647165,0.7832349167950889,25,30,20
3,8889,0.044805362912436746,0.15610696843759875,0.014809657299377712,0.7842780113505872,25,30,20
3,8890,0.04485143166505067,0.15615407311875218,0.014398450585427014,0.7845960446307696,25,30,20
3,8891,0.005469155785983022,0.15617714773846766,0.03973989868881843,0.7986137977867318,25,30,20
3,8892,0.002653236167798623,0.1598082848263006,0.03895902686024305,0.7985794521456578,25,30,20
3,8893,0.002770485617918414,0.18524213775662213,0.014512720720991785,0.7974746559044676,25,30,20
3,8894,0.0014072047339995723,0.18520975171493895,0.014539449624589924,0.7988435939264725,25,30,20
3,8895,0.002323811152183401,0.19970205098650515,1.1836523015829274e-05,0.7979623013382968,25,30,20
3,8896,0.0013076353935935045,0.19974193760872758,0.00011636204819145896,0.798834064949489,25,30,20
3,8897,0.0016507909704815216,0.15972979695378814,0.03997787322533076,0.7986415388504001,25,30,20
3,8898,0.0018686312295579965,0.1597698666028914,0.03951778522725373,0.7988437169402988,25,30,20
3,8899,0.0013555346967505666,0.15980134634705026,0.039940234555570824,0.7989028844006297,25,30,20
3,8900,0.0014863916345864356,0.11982553292858197,0.07987076100111384,0.7988173144357182,25,30,20
3,8901,0.0014621929657895167,0.11985378958900426,0.08449242123867291,0.7941915962065343,25,30,20
3,8902,0.0024291881201945467,0.14123896734838332,0.05844853856927577,0.7978833059621471,25,30,20
3,8903,0.0026613543604798603,0.14105706013500632,0.058437391086013646,0.7978441944184992,25,30,20
3,8904,0.001506195050762181,0.15976564053387093,0.03993093368583848,0.7987972307295285,25,30,20
3,8905,0.0013752448401581968,0.1597696489531625,0.039940273415763464,0.7989148327909151,25,30,20
3,8906,0.0013733284208655174,0.15976174033071722,0.04814037078216948,0.7907245604662496,25,30,20
3,8907,0.0013695732163047326,0.15973357006233824,0.0399336647318454,0.7989631919895126,25,30,20
3,8908,0.001514556288890846,0.15974987558257736,0.03990777552266377,0.7988277926058681,25,30,20
3,8909,0.0027272318800965183,0.15975659054292743,0.03995525424885418,0.797560923328122,25,30,20
3,8910,0.017306135032038324,0.15978460471172767,0.024304764970096975,0.7986044952861379,25,30,20
3,8911,0.01822527641047469,0.15801329338900275,0.025772922044737766,0.797988508155785,25,30,20
3,8912,0.01725972000872043,0.1585378567030791,0.025262252318687044,0.7989401709695134,25,30,20
3,8913,0.0016378954524425943,0.15952177589530955,0.07646182108330522,0.7623785075689439,25,30,20
3,8914,0.004405295776128177,0.16028709135497018,0.07737362361430311,0.7579339892545979,25,30,20
3,8915,0.003158740914851388,0.15950210609867663,0.07959080917553613,0.757748343810935,25,30,20
3,8916,0.0035902861141172224,0.15978781868671585,0.037975508928720786,0.798646386270446,25,30,20
3,8917,0.004336749493545109,0.15975966424269755,0.037961950113925995,0.7979416361498319,25,30,20
3,8918,0.002633305026981561,0.1598218911073197,0.03965568692385702,0.7978891169418431,25,30,20
3,8919,0.0014668030814071345,0.15976788641543083,0.03989656412716099,0.798868746376003,25,30,20
3,8920,0.0025312976471934152,0.159759172779035,0.03904619506847707,0.7986633345052951,25,30,20
3,8921,0.0013864486767286945,0.1597734134320574,0.03996159277053088,0.798878545120684,25,30,20
3,8922,0.001603675516213292,0.16049156939795406,0.03923672583653506,0.7986680292492975,25,30,20
3,8923,0.0016326217560405593,0.15976791997337536,0.0397545650593448,0.7988448932112397,25,30,20
3,8924,0.00429636994594294,0.15976071215225898,0.03748975802949154,0.7984531598723065,25,30,20
3,8925,0.005250923527990994,0.15978484356548767,0.03716031598765343,0.7978039169188677,25,30,20
3,8926,0.005834392644665227,0.15805624307746213,0.03920806661330203,0.79690129766457,25,30,20
3,8927,0.0013993500582426077,0.15856672047888057,0.041289980655989635,0.7987439488068876,25,30,20
3,8928,0.00143877304834974,0.15977544692975576,0.03995188447037357,0.7988338955515204,25,30,20
3,8929,0.0014070698184530297,0.1597242665026912,0.03997305900128043,0.7988956046775758,25,30,20
3,8930,0.004280143882848238,0.15885112182908576,0.006147742340833995,0.8307209919472315,25,30,20
3,8931,0.004072483680792748,0.15878128818009643,4.417363152388754e-05,0.8371020545075865,25,30,20
3,8932,0.0031379869757802233,0.15973920762622135,0.0003942963526334392,0.8367285090453652,25,30,20
3,8933,0.0013268666485773842,0.15976764166444452,1.3194475819967599e-05,0.8388922972111585,25,30,20
3,8934,0.04138440755607241,0.1597482629314638,4.869409991173072e-05,0.7988186354125526,25,30,20
3,8935,0.041703941608498656,0.159742714266406,0.0018343039100652302,0.7967190402150305,25,30,20
3,8936,0.01402687557776502,0.15970081932113603,0.028011024029623695,0.7982612810714762,25,30,20
3,8937,0.014042802859240488,0.15978524558480847,0.027793695642191748,0.7983782559137592,25,30,20
3,8938,0.014021652260494075,0.11982470102602866,0.06765013536226135,0.7985035113512157,25,30,20
3,8939,0.01384573070241376,0.11981290580675791,0.0674097211338785,0.7989316423569496,25,30,20
3,8940,0.00421903151708367,0.1198248558401682,0.03735096751224351,0.8386051451305049,25,30,20
3,8941,0.0014695611782481169,0.11980248910485476,0.0002083009237121275,0.8785196487931844,25,30,20
3,8942,0.00141938586060646,0.08026862073976122,0.03960163540133771,0.8787103579982937,25,30,20
3,8943,0.002704645533040413,0.07989395930717363,0.03952282454626079,0.8778785706135256,25,30,20
3,8944,0.003233650783045045,0.07992815895509339,0.03897159841125593,0.8778665918506072,25,30,20
3,8945,0.002278337017370885,0.07992815894090953,0.039195287370347026,0.8785982166713725,25,30,20
3,8946,0.0022377499048985396,0.0799165952866241,0.03906571727056938,0.8787799375379071,25,30,20
3,8947,0.005941321440077326,0.07815261445141344,0.038978633987620505,0.8769274301208891,25,30,20
3,8948,0.002980909234752686,0.07990989875288149,0.04023590812983275,0.8768732838825346,25,30,20
3,8949,0.002037404626676978,0.07987868655036541,0.04054442445025853,0.877539484372701,25,30,20
3,8950,0.002545505865994744,0.07986738170965382,0.03963887474204421,0.8779482376823061,25,30,20
3,8951,0.0024246152307056163,0.07819916806358536,0.041480071261802934,0.8778961454439056,25,30,20
3,8952,0.0026447996941970343,0.07959917491626159,0.03914224592143893,0.8786137794681036,25,30,20
3,8953,0.0025985843311917755,0.07986901929397047,0.03927870039686209,0.8782536959779768,25,30,20
3,8954,0.002309688125620836,0.08096513446611876,0.03878514869893311,0.877940028709328,25,30,20
3,8955,0.0023476023529041294,0.07989335549000201,0.03989247823658318,0.877866563920512,25,30,20
3,8956,0.0024862364270281396,0.0798933555061737,0.0763776918974986,0.8412427161692995,25,30,20
3,8957,0.0024034514307456393,0.0799098139143679,0.07668076060403271,0.8410059740508538,25,30,20
3,8958,0.002922057548214061,0.07988688749907874,0.07642164357176873,0.8407694113809387,25,30,20
3,8959,0.0018397423059691978,0.0799067697564843,0.08268628294959188,0.8355672049879543,25,30,20
3,8960,0.003037528743007068,0.07992499152826152,0.0786149080063716,0.838422571722361,25,30,20
3,8961,0.04094422186583586,0.07990738564089159,0.03995145047231922,0.8391969420209544,25,30,20
3,8962,0.04897798702984824,0.07987155878173008,0.032257511371920566,0.838892942816502,25,30,20
3,8963,0.04899753565327686,0.07988623759422997,0.03223505444938198,0.8388811723031117,25,30,20
3,8964,0.032328967112429614,0.07871849290336948,0.05488896246552102,0.8340635775186801,25,30,20
3,8965,0.010000220302417045,0.08049414553516693,0.07569472688288348,0.8338109072795342,25,30,20
3,8966,0.0017075486070495486,0.07992401025507193,0.07980079001498225,0.8385676511228968,25,30,20
3,8967,0.001953712552295861,0.08070625824730059,0.07844699973077665,0.8388930294696286,25,30,20
3,8968,0.0024444824064458735,0.07989209085535597,0.07973526506348916,0.8379281616747088,25,30,20
3,8969,0.0039407286207351535,0.08068033466709318,0.07923737401092831,0.836141562701244,25,30,20
3,8970,0.0015094008101011601,0.07812517232759164,0.08199817824328744,0.8383672486190186,25,30,20
3,8971,0.002291007958217266,0.07815612640155865,0.0819780374099557,0.8375748282302682,25,30,20
3,8972,0.003094182402071941,0.079885953460547,0.07957107718753115,0.8374487869498499,25,30,20
3,8973,0.034453960657276204,0.07991003594096417,0.04840719928677012,0.8372288041149887,25,30,20
3,8974,0.060975726290500125,0.07985500496431602,0.022229553469481207,0.8369397152757032,25,30,20
3,8975,0.06401482890975507,0.07988479796414498,0.018567087414879786,0.8375332857112204,25,30,20
3,8976,0.04769306759381491,0.07961767946257267,0.034276297897084536,0.8384129550465304,25,30,20
3,8977,0.012134330330278179,0.07504876765352048,0.07401058844460301,0.8388063135715985,25,30,20
3,8978,0.022894216669104656,0.07504845888736784,0.06322732839447917,0.83882999604905,25,30,20
3,8979,0.058270441712031634,0.07984483114967164,0.02496513853524001,0.8369195886030575,25,30,20
3,8980,0.06168201791016914,0.07986662147492897,0.0214759593290071,0.8369754012858955,25,30,20
3,8981,0.07181049867535613,0.0798666677237707,0.009782672038747754,0.8385401615621259,25,30,20
3,8982,0.0578088461797057,0.0798752887600895,0.02550122182391752,0.8368146432362883,25,30,20
3,8983,0.049518648693100645,0.041011409047526114,0.07132837720571603,0.8381415650536573,25,30,20
3,8984,0.0654842802889121,0.04101141323287478,0.054714388108739985,0.8387899183694734,25,30,20
3,8985,0.06669295352675154,0.03995499058346039,0.054781501476518286,0.8385705544132713,25,30,20
3,8986,0.04462248726089263,0.03992845853682421,0.05940919970259729,0.8560398544996866,25,30,20
3,8987,0.04366520594652437,0.039928464624461646,0.0607720462696397,0.855634283159375,25,30,20
3,8988,0.041311019801410866,0.03992649061851996,0.04019204777065787,0.8785704418094116,25,30,20
3,8989,0.04144774370217724,0.03994261233763213,0.04026365703815586,0.8783459869220347,25,30,20
3,8990,0.04181121314773331,0.039954992792435695,0.04088042276647634,0.8773533712933548,25,30,20
3,8991,0.005074247253672859,0.03995533907288072,0.07473044257945526,0.8802399710939908,25,30,20
3,8992,0.0015186358105469832,0.039955336950098716,0.0798728851592338,0.8786531420801198,25,30,20
3,8993,0.03249955101979624,0.039701427915009455,0.05180572444647071,0.8759932966187222,25,30,20
3,8994,0.04161030843812906,0.0397010786917123,0.04083609363885502,0.8778525192313035,25,30,20
3,8995,0.04192723194439298,0.039701078701931035,0.04083021399815062,0.8775414753555256,25,30,20
3,8996,0.03598262282452831,0.039507383884541496,0.045672739769453935,0.8788372535214767,25,30,20
3,8997,0.0737837259190008,0.03995477732442381,0.00838417091776254,0.8778773258388126,25,30,20
3,8998,0.07309375829414211,0.039954777314662765,0.008881312762277431,0.878070151628918,25,30,20
3,8999,0.07735406961538911,0.03994281848712917,0.003914808930349219,0.8787883029671335,25,30,20
3,9000,0.08065099153718974,0.03992077030004587,0.0006476260550339044,0.8787806121077307,25,30,20
3,9001,0.04132413491176345,0.039954979866107354,0.03995103729340901,0.8787698479287214,25,30,20
3,9002,0.042145606955594585,0.039942659432605845,0.03975500480552296,0.8781567288062775,25,30,20
3,9003,0.010402176814585416,0.0399427247312125,0.07119339939980823,0.8784616990543941,25,30,20
3,9004,0.01138366875104634,0.039942724736404284,0.07109480297271645,0.877578803539833,25,30,20
3,9005,0.0477985774508791,0.039942725011097004,0.03628036162916626,0.8759783359088575,25,30,20
3,9006,0.008446210526458083,0.03994267018138988,0.07507013997664136,0.8765409793155107,25,30,20
3,9007,0.004333053153728364,0.039920046024089,0.07973076933355654,0.8760161314886261,25,30,20
3,9008,0.007471882131858018,0.039955127169279354,0.0790631272494901,0.873509863449372,25,30,20
3,9009,0.002635730177104957,0.03997440868061672,0.07522285347203529,0.8821670076702418,25,30,20
3,9010,0.003116421003427076,0.03995547078438988,0.07979398696531956,0.8771341212468643,25,30,20
3,9011,0.002028854407706991,0.039970942463830095,0.039884926917493,0.9181152762109684,25,30,20
3,9012,0.0026440354621282487,0.03993062908500934,0.03976239096152577,0.9176629444913352,25,30,20
3,9013,0.0013991246278432694,0.03995464197356997,0.03996709105587972,0.9186791423427068,25,30,20
3,9014,0.037937653045267965,0.03994301347972032,0.003415299386669423,0.9187040340883417,25,30,20
3,9015,0.040837554891013206,0.039943013499143774,0.0035506590130548205,0.9156687725967871,25,30,20
3,9016,0.03877025283454269,0.039943304309907265,0.0026297972389635305,0.9186566456165862,25,30,20
3,9017,0.0404553187416676,0.03952286345254094,0.0013120308139615813,0.91870978699183,25,30,20
3,9018,0.040669038462996514,0.03995492653358255,0.0006166270746569146,0.9187594079287645,25,30,20
3,9019,0.0431008236488635,0.039938071400631395,0.005031227600933505,0.9119298773495719,25,30,20
3,9020,0.026589686952057878,0.039938071670255613,0.01651203979934336,0.9169602015783417,25,30,20
3,9021,0.00309712168161813,0.03995469549639675,0.04030123052726318,0.9166469522947226,25,30,20
3,9022,0.005871801971398,0.03995499265574798,0.037856066081314796,0.9163171392915399,25,30,20
3,9023,0.0050499497139067295,0.03995497817379321,0.036712376327275295,0.918282695785026,25,30,20
3,9024,0.0013915357249489272,0.03995464757096925,0.03994209584545103,0.9187117208586312,25,30,20
3,9025,0.0062487698809747,0.03992638886559295,0.035127213575715896,0.9186976276777178,25,30,20
3,9026,0.00884257419581657,0.03995486264216639,0.036774218476805724,0.914428344685211,25,30,20
3,9027,0.043382115052613475,0.03992797033520997,0.00047713053609854043,0.9162127840760773,25,30,20
3,9028,0.041418611145243506,0.03994282348037028,0.0008658513155072467,0.9177727140588785,25,30,20
3,9029,0.040411133623080325,0.039943215388620834,0.0008585146436496233,0.918787136344649,25,30,20
3,9030,0.04079778201993168,0.039942808837913846,0.0009828475141470557,0.9182765616280067,25,30,20
3,9031,0.008710514907543246,0.039942820910116986,0.03571351347766008,0.9156331507046803,25,30,20
3,9032,0.00936939685368101,0.039953371639092156,0.035716825282800714,0.9149604062244259,25,30,20
3,9033,0.003363445571078831,0.03995337161654703,0.03571077724051859,0.9209724055718554,25,30,20
3,9034,0.0019030123080554953,0.03995435475076064,0.039948649707141334,0.9181939832340434,25,30,20
3,9035,0.0016665768575496037,0.039955120002474365,0.03992062714940277,0.9184576759905737,25,30,20
3,9036,0.040618461332444164,0.03995512068794678,0.0008326480384317319,0.9185937699411779,25,30,20
3,9037,0.041973058109662106,0.039927314062045235,0.00028985751799895897,0.917809770310294,25,30,20
3,9038,0.025021889381659584,0.03995498708014352,0.01669427341576102,0.918328850122435,25,30,20
3,9039,0.02619903417472935,0.03995499395401154,0.01615160739442766,0.9176943644768305,25,30,20
3,9040,0.04005123252920393,0.039955029478980074,0.031510367958637084,0.8884833700331798,25,30,20
3,9041,0.0016420333040219296,0.03995499161988878,0.07631589708402474,0.8820870779920653,25,30,20
3,9042,0.0015034417418811662,0.03995498712339582,0.08106351024150393,0.877478060893219,25,30,20
3,9043,0.0014241014140795344,0.03994196434955253,0.07629173341404134,0.8823422008223274,25,30,20
3,9044,0.0014475395239698678,0.039942598833623374,0.07628691867972877,0.8823229429626775,25,30,20
3,9045,0.0014234314814658275,0.03995442221521874,0.07630037123879442,0.8823217750645207,25,30,20
3,9046,0.041515048631992395,0.04020568062819993,0.040068838529087686,0.8782104322107196,25,30,20
3,9047,0.046581967481564505,0.039954424877710004,0.036432929992368954,0.8770306776483575,25,30,20
3,9048,0.04989705384677298,0.039954422333107434,0.03243554406376335,0.8777129797563573,25,30,20
3,9049,0.09039629782889502,0.039954426882366195,0.007552121502988733,0.86209715378575,25,30,20
3,9050,0.07369212617117527,0.014160276387590282,0.03333926001451254,0.8788083374267217,25,30,20
3,9051,0.06590913102464305,0.01416890923713971,0.04926244040199201,0.8706595193362249,25,30,20
3,9052,0.08080201810813355,0.03994337326821976,0.008744564616433265,0.8705100440072137,25,30,20
3,9053,0.08119686765760405,0.03991171303886023,0.0002742652217301822,0.8786171540818056,25,30,20
3,9054,0.08090634487013315,0.03991171302921668,0.0009186865667298105,0.8782632555339197,25,30,20
3,9055,0.08157478798365851,0.039911782656878884,0.0006885409645794649,0.8778248883948824,25,30,20
3,9056,0.061358748219909484,0.03994330647967464,0.020253355377569972,0.8784445899228456,25,30,20
3,9057,0.07019545016572494,0.039954803206738124,0.011185695503696387,0.8786640511238413,25,30,20
3,9058,0.071751742650082,0.039955121227980374,0.009505181485521439,0.8787879546364167,25,30,20
3,9059,0.04229839661043482,0.03995469967117127,0.03988088545774644,0.8778660182606483,25,30,20
3,9060,0.045902594034979795,0.03995470012120073,0.03529894422688806,0.878843761616933,25,30,20
3,9061,0.08104954589144593,0.03995471965107835,0.00010163152969878084,0.8788941029277773,25,30,20
3,9062,0.08282675133974142,0.039942648057597785,0.0002674503757428712,0.8769631502269181,25,30,20
3,9063,0.08335566685736356,0.039955223083439996,0.0005881979732903988,0.8761009120859058,25,30,20
3,9064,0.08275654151194507,0.03995443407128096,0.00032056721082599757,0.8769684572059475,25,30,20
3,9065,0.08149311599688536,0.039954414888206356,0.0006969325267222208,0.8778555365881858,25,30,20
3,9066,0.07844342921579314,0.03999818624741264,0.002931657479112607,0.8786267270576813,25,30,20
3,9067,0.07429853836612507,0.03995497828459827,0.006854355195237472,0.8788921281540384,25,30,20
3,9068,0.0708998691056547,0.03994125958856635,0.01030660593024314,0.8788522653755354,25,30,20
3,9069,0.07204362660381937,0.039954032853322725,0.00917383904734868,0.8788285014955086,25,30,20
3,9070,0.08062045679052053,0.039894431687762674,0.0008074943825296913,0.878677617139186,25,30,20
3,9071,0.08133594053165556,0.03989443105129882,0.0001533967474833682,0.8786162316695608,25,30,20
3,9072,0.07465634775648237,0.039954647545046684,0.006998392444567448,0.8783906122539024,25,30,20
3,9073,0.08058460124871898,0.03995464797315389,0.0007224849843275302,0.8787382657937982,25,30,20
3,9074,0.04476989078732001,0.03995464977806027,0.07293578035420639,0.8423396790804134,25,30,20
3,9075,0.04124874872410578,0.03995464936955475,0.08008032445794205,0.8387162774483973,25,30,20
3,9076,0.0051173750573195766,0.03994606598091983,0.0750053150406368,0.8799312439211237,25,30,20
3,9077,0.0023279306298541187,0.03994630097401219,0.07980918670159426,0.8779165816945382,25,30,20
3,9078,0.0013850826916215716,0.039988326815159764,0.07988615775376447,0.878740432739453,25,30,20
3,9079,0.0016966258777669852,0.039882461505158534,0.07964325192937735,0.8787776606876965,25,30,20
3,9080,0.020443584468702827,0.04502134212232194,0.0706720098328534,0.8638630635761205,25,30,20
3,9081,0.004687774572516462,0.03992764528737181,0.07677210408230604,0.8786124760578045,25,30,20
3,9082,0.00566414275330206,0.039937682325289166,0.08002999535722133,0.8743681795641884,25,30,20
3,9083,0.006654851384106687,0.039921731221261865,0.08003272038074014,0.8733906970138915,25,30,20
3,9084,0.026449204796690315,0.04101332085644689,0.05922357662615265,0.8733138977207093,25,30,20
3,9085,0.028753950386358734,0.04101332089332663,0.05470565234569022,0.8755270763746239,25,30,20
3,9086,0.03868512174786484,0.03991142946002282,0.04353696997939202,0.8778664788127195,25,30,20
3,9087,0.0021447695918292015,0.039954700685103046,0.07924299119765185,0.8786575385254157,25,30,20
3,9088,0.00406931494153436,0.03994245084979984,0.07994580219742965,0.8760424320112361,25,30,20
3,9089,0.03126032817427649,0.038242511345884675,0.05184857120641003,0.8786485892734288,25,30,20
3,9090,0.041609141564648455,0.03902592405884793,0.04066808964422417,0.8786968447322792,25,30,20
3,9091,0.041529509726096564,0.03991954070723218,0.03992171125866682,0.8786292383080055,25,30,20
3,9092,0.03951610129453059,0.06452020864567723,0.017998741765323182,0.87796494829447,25,30,20
3,9093,0.04212555365667559,0.07988734851170713,9.288493826903228e-05,0.8778942128933491,25,30,20
3,9094,0.04171293815544938,0.07988527857861083,7.118231999799015e-05,0.8783306009459427,25,30,20
3,9095,0.01168771780731146,0.07988613304774166,0.029895177871583384,0.878530971273365,25,30,20
3,9096,0.012714031606483194,0.07989793347164692,0.029847281465962387,0.8775407534559093,25,30,20
3,9097,0.012498516531259794,0.07987851401891562,0.029853459095375828,0.8777695103544493,25,30,20
3,9098,0.001462219251117193,0.07987849076303495,0.03999703401732254,0.8786622559685268,25,30,20
3,9099,0.0014238526902736778,0.0798860678643523,0.03989704659912619,0.8787930328462494,25,30,20
3,9100,0.04111162786256457,0.07989798345102768,0.0003927368468456681,0.8785976518395617,25,30,20
3,9101,0.041463770692947,0.07989755086401035,0.00013739370951191865,0.8785012847335306,25,30,20
3,9102,0.04154847795743932,0.07983646212656936,0.00628655029180398,0.8723285096241885,25,30,20
3,9103,0.04123868048593757,0.07983646210745468,7.586555033483583e-05,0.8788489918562732,25,30,20
3,9104,0.038636251598097526,0.07988502199618217,0.0025930403893180275,0.8788856860164026,25,30,20
3,9105,0.03566764447678,0.07814752220123408,0.013879680782284545,0.8723051525397011,25,30,20
3,9106,0.03560629085521183,0.07928782750160447,0.012743941895107424,0.8723619397480775,25,30,20
3,9107,0.039873618778845724,0.07990902847587895,0.012135314433503632,0.868082038311773,25,30,20
3,9108,0.045224222000850675,0.07984672614041778,0.007016252759523212,0.8679127990992093,25,30,20
3,9109,0.04453947529041408,0.07987006585120063,0.007375695930233734,0.8682147629281513,25,30,20
3,9110,0.04055983471909629,0.07988161887153399,0.007078054192497599,0.8724804922168714,25,30,20
3,9111,0.027642382050854102,0.0799092405323153,0.014742797154150927,0.8777055802626786,25,30,20
3,9112,0.030805558525137954,0.07991043513929597,0.011066889843128544,0.8782171164924369,25,30,20
3,9113,0.027321235005428178,0.07991038164553645,0.01721244172172729,0.875555941627309,25,30,20
3,9114,0.042154702889894764,0.07990998393555927,0.00016192329074783663,0.8777733898837977,25,30,20
3,9115,0.03627588451716844,0.07987562543622267,0.006014334518511618,0.877834155528097,25,30,20
3,9116,0.06910433619993944,0.07929270334239114,0.0020912392201946884,0.8495117212374749,25,30,20
3,9117,0.07260152747290011,0.07929275259020412,0.009213220978782657,0.8388924989581135,25,30,20
3,9118,0.055507043502175425,0.07983405490486695,0.02670885542455552,0.8379500461684034,25,30,20
3,9119,0.04614112841299697,0.07983408074327056,0.035180989335303454,0.8388438015084304,25,30,20
3,9120,0.05493268391125206,0.07990641323730027,0.026801388340385274,0.8383595145110633,25,30,20
3,9121,0.04223239611177714,0.0798666985006739,0.04027748918185821,0.8376234162056896,25,30,20
3,9122,0.04411140126432878,0.07893181982777028,0.03827717238404061,0.8386796065238614,25,30,20
3,9123,0.07438344300570038,0.07756935994407008,0.010285530984734987,0.8377616660654951,25,30,20
3,9124,0.041346205747209035,0.07906195548166627,0.0017888123872754043,0.8778030263838491,25,30,20
3,9125,0.040444299683624,0.07989806913411641,0.0010263900118423698,0.8786312411704169,25,30,20
3,9126,0.04178260205201766,0.07990987816217639,0.00027362373665860864,0.8780338960491477,25,30,20
3,9127,0.04077626389303115,0.07990987843889326,0.0006914611622101088,0.878622396505866,25,30,20
3,9128,0.03576333813197834,0.0798991157173495,0.005492517234244851,0.8788450289164287,25,30,20
3,9129,0.03950631591299804,0.07928879105389415,0.0026789132466948713,0.8785259797864126,25,30,20
3,9130,0.04212439664042748,0.07988948769904042,0.0002907081574848112,0.8776954075030468,25,30,20
3,9131,0.04117274839632294,0.0799022282820658,0.0008091338216869209,0.8781158894999237,25,30,20
3,9132,0.04076020611939512,0.0799022282723399,0.0005337473078230682,0.8788038183004419,25,30,20
3,9133,0.04223720639193893,0.07989799743586114,0.00015948983784167653,0.8777053063343581,25,30,20
3,9134,0.00213230826094385,0.07986597959310193,0.039127012763750836,0.8788746993822038,25,30,20
3,9135,0.0038987575903449575,0.07989768871053068,0.038732686097077036,0.8774708676020468,25,30,20
3,9136,0.0015856743455749376,0.07818230472843511,0.04139360678381832,0.8788384141421717,25,30,20
3,9137,0.002390906135494388,0.0798821346999089,0.039208461293872406,0.8785184978707251,25,30,20
3,9138,0.014287073020264829,0.07988199158406804,0.037264956426505,0.8685659789691637,25,30,20
3,9139,0.0031266543255871445,0.07990598179382018,0.03593702426479802,0.8810303396157967,25,30,20
3,9140,0.001431472297503509,0.07863624781389948,0.04110493508709313,0.8788273448015049,25,30,20
3,9141,0.002920653348807833,0.07989771921268876,0.03827995578406088,0.8789016716544436,25,30,20
3,9142,0.0032752616076982526,0.07989771920979483,0.03901219547996914,0.8778148237025402,25,30,20
3,9143,0.0032704713897393632,0.0798979155212897,0.03901132675349703,0.8778202863354754,25,30,20
3,9144,0.001674208500497131,0.06436038811188893,0.05566768001722832,0.8782977233703854,25,30,20
3,9145,0.0414319126638866,0.0798753142032456,0.0005550883754901295,0.8781376847573769,25,30,20
3,9146,0.04107243894513039,0.07988620078218732,0.000540006741191184,0.8785013535314908,25,30,20
3,9147,0.04335478774047937,0.07985524466293285,0.00013846024720734127,0.8766515073493804,25,30,20
3,9148,0.043773245033231684,0.07985524466128034,0.00022289584895224948,0.8761486144565351,25,30,20
3,9149,0.008213772409447883,0.07988627253428648,0.034107247337682646,0.877792707718583,25,30,20
3,9150,0.002421806257743683,0.07988651116032078,0.03988303655316651,0.8778086460287702,25,30,20
3,9151,0.001360256855649702,0.0785821977758553,0.005520640105218661,0.9145369052632768,25,30,20
3,9152,0.0022924415799312516,0.07898024528613856,0.0042570393800784945,0.9144702737538516,25,30,20
3,9153,0.0015660096753939133,0.07989732885187531,4.963603983823136e-06,0.9185316978687476,25,30,20
3,9154,0.002343404644168593,0.07987470651478089,0.00011153270099605603,0.9176703561400538,25,30,20
3,9155,0.0023165718360767494,0.0798747065450285,1.6425896848238143e-05,0.9177922957220466,25,30,20
3,9156,0.003519707542552644,0.06145858416104446,0.018419002390080094,0.9166027059063235,25,30,20
3,9157,0.004195582186743017,0.07987159425098794,2.6833721524858627e-05,0.9159059898407442,25,30,20
3,9158,0.002274238562284314,0.07987159422829199,0.00025999598584029666,0.9175941712235841,25,30,20
3,9159,0.0016262677563645821,0.07987814753469002,0.0002440580809863285,0.9182515266279597,25,30,20
3,9160,0.004961677069031795,0.07987385674509703,0.00015369922752321173,0.9150107669583487,25,30,20
3,9161,0.005365313990083621,0.0798798501286118,0.00013879340484602688,0.9146160424764573,25,30,20
3,9162,0.001390664581055037,0.07990612576203387,0.0001411397341880227,0.9185620699227236,25,30,20
3,9163,0.0030833728252977703,0.07989579311272621,0.0005055011118288013,0.9165153329501472,25,30,20
3,9164,0.0019081419734547458,0.07985822577300553,0.0002707465808678175,0.9179628856726721,25,30,20
3,9165,0.002823741941773676,0.07927068214729027,0.000843930981896237,0.9170616449290405,25,30,20
3,9166,0.0018421060054794464,0.07989532715308581,0.0002875623313619362,0.9179750045100712,25,30,20
3,9167,0.001344009120384205,0.07989419924610748,9.37558536824471e-05,0.9186680357798255,25,30,20
3,9168,0.0014097093275135361,0.0794501164452404,0.0009405403967839722,0.918199633830463,25,30,20
3,9169,0.0023158479679913076,0.0798772450117184,1.4077332790303318e-05,0.9177928296874991,25,30,20
3,9170,0.005990849182580976,0.07943790071701079,0.0004495402108897989,0.9141217098895177,25,30,20
3,9171,0.0027633314853113228,0.079456981746789,0.0005557785203471491,0.9172239082475521,25,30,20
3,9172,0.0014425519608115896,0.07945698173020906,0.00042376111033340835,0.9186767051986453,25,30,20
3,9173,0.0035029681483019133,0.07945753765108879,0.0004326171630261354,0.9166068770375824,25,30,20
3,9174,0.004088368182274759,0.07945753765173048,0.0005702887414297284,0.9158838054245649,25,30,20
3,9175,0.002494587709823564,0.07989717939015556,2.6788332757237487e-05,0.9175814445672641,25,30,20
3,9176,0.0025194853661524904,0.07990560238984212,2.129863801083472e-05,0.917553613605995,25,30,20
3,9177,0.0015614981762111556,0.07990506094877953,0.00014040601577574566,0.9183930348592344,25,30,20
3,9178,0.0016061973044350789,0.07990591731869945,0.00014043872412933419,0.9183474466527372,25,30,20
3,9179,0.0013092757598472669,0.07943294763166829,0.0009302980577741977,0.9183274785507111,25,30,20
3,9180,0.0012962991122505113,0.07986224402068987,0.004666941201853046,0.9141745156652064,25,30,20
3,9181,0.002323854947043471,0.07986224402168625,4.309041607051435e-06,0.917809591989663,25,30,20
3,9182,0.001370889976356616,0.07986224595704805,6.888512190735988e-06,0.9187599755544038,25,30,20
3,9183,0.0013834530628364147,0.07986224595797635,2.127409845457568e-06,0.9187521735693415,25,30,20
3,9184,0.002276606938948072,0.07990610869872465,0.0003789292186348412,0.917438355143693,25,30,20
3,9185,0.004838812712637298,0.07989362815394734,0.0001237267406385348,0.9151438323927766,25,30,20
3,9186,0.001330376664295461,0.07990570299400329,4.5885889353009e-06,0.9187593317527653,25,30,20
3,9187,0.0013026130667389518,0.07987505726573173,2.6877709226475532e-05,0.9187954519583021,25,30,20
3,9188,0.001331569454041191,0.07987573709964386,0.0003972663340204965,0.9183954271122942,25,30,20
3,9189,0.0014119766235235387,0.07988627216709004,0.0001829236340633936,0.9185188275753227,25,30,20
3,9190,0.0022523811317681284,0.07985448107899064,5.429454741725654e-06,0.9178877083344992,25,30,20
3,9191,0.0013590355450689442,0.07985448106756282,1.6574212949556454e-05,0.9187699091744191,25,30,20
3,9192,0.0013024441908829304,0.07989039445076998,1.3720216984591774e-05,0.9187934411413621,25,30,20
3,9193,0.0013226884874727042,0.07989039445119411,1.1899977003352097e-05,0.9187750170843294,25,30,20
3,9194,0.002360305311655548,0.07987394036491785,1.5128403943520929e-05,0.9177506259194821,25,30,20
3,9195,0.0014497543528158403,0.0798739403563402,0.0005520199830706877,0.918124285307772,25,30,20
3,9196,0.0023414589557779254,0.07988989453005219,0.000377875865202482,0.9173907706489665,25,30,20
3,9197,0.004189812709058857,0.07989040970268374,0.03512641479246686,0.8807933627957898,25,30,20
3,9198,0.003190875889334027,0.07989833944334726,0.03511534980955169,0.8817954348577662,25,30,20
3,9199,0.0014091941391232102,0.07989773849091115,0.035129494339847446,0.8835635730301175,25,30,20
3,9200,0.0014384016219881998,0.0798990232795862,0.035220502326376135,0.8834420727720491,25,30,20
3,9201,0.0029068827999956066,0.07945152168465691,0.03879890101307662,0.8788426945022715,25,30,20
3,9202,0.005475356738335307,0.07984763491904624,0.038643859955603495,0.8760331483870144,25,30,20
3,9203,0.0016567429866134978,0.07955321896904373,0.035404561473387164,0.8833854765709558,25,30,20
3,9204,0.0030720132184006554,0.079553218981702,0.03540371722308953,0.8819710505768095,25,30,20
3,9205,0.003564330217432099,0.07989468467771803,0.03938551168000516,0.8771554734248457,25,30,20
3,9206,0.0030367175925538115,0.07983154506582057,0.039979998724882476,0.8771517386167431,25,30,20
3,9207,0.002803566456437474,0.07983380960338148,0.040619382653404,0.8767432412867769,25,30,20
3,9208,0.0013455060572524174,0.10417579901081624,0.015647622351945133,0.8788310725799866,25,30,20
3,9209,0.016887093724769608,0.11861572071219889,0.025632435746276494,0.8388647498167556,25,30,20
3,9210,0.019179243620609028,0.11981345834809659,0.02480795165923889,0.8361993463720552,25,30,20
3,9211,0.01872105109677401,0.11856340106425772,0.025663029265106007,0.8370525185738622,25,30,20
3,9212,0.04166986940509828,0.11815062654627052,0.002243420794981245,0.8379360832536501,25,30,20
3,9213,0.04115228271923533,0.11980238793557797,0.00010268906336215343,0.8389426402818247,25,30,20
3,9214,0.04118518013150022,0.11983501747378217,0.006267531395721938,0.8327122709989959,25,30,20
3,9215,0.04167685180532008,0.1198350170937296,0.006224824545572144,0.8322633065553786,25,30,20
3,9216,0.0664203706209105,0.09656173853414339,3.0419698707000526e-05,0.836987471146239,25,30,20
3,9217,0.025619412988522428,0.09658190036609403,0.039961726443448385,0.8378369602019355,25,30,20
3,9218,0.034833002736371056,0.07819344268735695,0.04965118116874095,0.8373223734075311,25,30,20
3,9219,0.0338415760077671,0.0781728398602016,0.04862946796501708,0.8393561161670143,25,30,20
3,9220,0.03437822920931502,0.08092756532311358,0.045280963509177354,0.8394132419583946,25,30,20
3,9221,0.03462876499783593,0.07989648282448207,0.046266290794343155,0.8392084613833387,25,30,20
3,9222,0.04126549971924948,0.07985801239627101,0.040051848034564005,0.8388246398499166,25,30,20
3,9223,0.0460641299943795,0.0798579628741169,0.03528988827775009,0.8387880188537532,25,30,20
3,9224,0.03455931777276175,0.07985796198102366,0.0467925013464912,0.8387902188997245,25,30,20
3,9225,0.03819682626010279,0.07988609419540037,0.04426395658356071,0.8376531229609359,25,30,20
3,9226,0.039131756389758514,0.07944649735734231,0.044700762566192764,0.8367209836867063,25,30,20
3,9227,0.005449730513932197,0.07941897192924492,0.0779888437035236,0.8371424538532999,25,30,20
3,9228,0.002347543825735224,0.07818131342731087,0.08061503407303483,0.8388561086739206,25,30,20
3,9229,0.001916074257690134,0.07814001044014367,0.08170109870140738,0.8382428166007592,25,30,20
3,9230,0.0017021487315823786,0.07982883300910765,0.08002642383662355,0.8384425944226878,25,30,20
3,9231,0.0027170836384830636,0.07988680149397322,0.07904698275327372,0.838349132114271,25,30,20
3,9232,0.030814072659000352,0.07924978119682873,0.05153767690366864,0.8383984692405019,25,30,20
3,9233,0.03121784484129708,0.07944304543260103,0.050742446450234964,0.8385966632758672,25,30,20
3,9234,0.031948574665226825,0.07944333615380911,0.051034707257472896,0.8375733819234918,25,30,20
3,9235,0.04309041578411784,0.07946188153355183,0.03955442553897993,0.8378932771433512,25,30,20
3,9236,0.04062671112508725,0.11823626076396467,0.0025745409690358326,0.8385624871419124,25,30,20
3,9237,0.04452216411425906,0.11714230402204542,0.0005469008350628783,0.8377886310286329,25,30,20
3,9238,0.04440585628592026,0.11708998209368997,0.00010722569610189945,0.8383969359242878,25,30,20
3,9239,0.04114574162738788,0.11970278387481471,0.0006593339180597597,0.8384921405797363,25,30,20
3,9240,0.04069806775859555,0.11970279162151558,0.0014418056818563374,0.8381573349380328,25,30,20
3,9241,0.03413601422163035,0.11979504253568697,0.009393334850458434,0.8366756083922238,25,30,20
3,9242,0.04269854013988634,0.11979127973390696,0.00047064751928509895,0.8370395326069229,25,30,20
3,9243,0.04128935485831499,0.11959876560792018,0.0004684021581025032,0.8386434773756641,25,30,20
3,9244,0.04291977467260411,0.11887389393012414,0.00046634422833338155,0.8377399871689397,25,30,20
3,9245,0.04107468931610999,0.11985232194418419,0.0004309149349946233,0.8386420738047122,25,30,20
3,9246,0.04133666406158805,0.1198255085991549,0.0001813032772647291,0.838656524061993,25,30,20
3,9247,0.0064406249491474835,0.1198087622182249,0.03449555470878294,0.8392550581238453,25,30,20
3,9248,0.0414029238158811,0.11981088183713544,0.005536288572114391,0.8332499057748695,25,30,20
3,9249,0.037534939146835415,0.11981102257253516,0.004356150708743996,0.8382978875718855,25,30,20
3,9250,0.037261409559775895,0.11983237208205946,0.004425505073279695,0.838480713284885,25,30,20
3,9251,0.0016053685383394115,0.11984115746376983,0.039949446300429965,0.8386040276974629,25,30,20
3,9252,0.01187675002032417,0.11810120407798758,0.03146494901989939,0.8385570968817899,25,30,20
3,9253,0.002206304641641439,0.07990634992333814,0.07388143028437884,0.8440059151506422,25,30,20
3,9254,0.0037395266988651944,0.07986241060711863,0.07278197703181842,0.843616085662198,25,30,20
3,9255,0.0036366081426922508,0.07990645269025706,0.07436172318443349,0.8420952159826176,25,30,20
3,9256,0.0014298661082097592,0.07990669212557625,0.08039939179954594,0.8382640499666691,25,30,20
3,9257,0.0016940074704104322,0.07987840461361934,0.07993160978015787,0.838495978135812,25,30,20
3,9258,0.0035395551452655273,0.07989432267071601,0.09260249996850511,0.8239636222155157,25,30,20
3,9259,0.0016203466092959556,0.07989339186557998,0.04426315432227697,0.8742231072028482,25,30,20
3,9260,0.0016100216431349681,0.0798933919515038,0.03996621870796525,0.8785303676973955,25,30,20
3,9261,0.002653319130401624,0.07989339188818484,0.03978759019429535,0.8776656987871176,25,30,20
3,9262,0.002247765406344862,0.07989339187687013,0.04006455705765963,0.8777942856591255,25,30,20
3,9263,0.0013723639082288022,0.07989450890575635,0.04001999077989815,0.8787131364061171,25,30,20
3,9264,0.001363580237020657,0.07867240300592183,0.04116604966480752,0.8787979670922509,25,30,20
3,9265,0.004276756683168373,0.07990956781686628,0.03556935328004563,0.8802443222199205,25,30,20
3,9266,0.0017405162754022137,0.07985267934328336,0.04045881914590999,0.8779479852354054,25,30,20
3,9267,0.0022513408167235804,0.0798865858192208,0.04026234952399789,0.8775997238400579,25,30,20
3,9268,0.002341279621399201,0.07988658581606488,0.04004783122878373,0.8777243033337513,25,30,20
3,9269,0.002648041632487108,0.07968180189285116,0.04056999479753087,0.8771001616771305,25,30,20
3,9270,0.0023875571913329233,0.07989052760127746,0.05119799514039837,0.8665239200669916,25,30,20
3,9271,0.0014784767718136155,0.07989880832669523,0.04007311012580345,0.8785496047756878,25,30,20
3,9272,0.017560129705337192,0.07852704324117996,0.026925331582742684,0.8769874954707408,25,30,20
3,9273,0.016838247645054115,0.07848338748482785,0.027058940581177936,0.8776194242889407,25,30,20
3,9274,0.0026161029421250858,0.07892540206332775,0.04625078030971034,0.872207714684837,25,30,20
3,9275,0.004095165575896243,0.07929839629663543,0.04680968456502975,0.8697967535624384,25,30,20
3,9276,0.0013613757320194736,0.07985122063420104,0.03992184598435891,0.8788655576494218,25,30,20
3,9277,0.002275204797576148,0.0794341445231702,0.039790778580823735,0.8784998720984296,25,30,20
3,9278,0.002253073632042304,0.07989767838078671,0.039074134089816796,0.8787751138973539,25,30,20
3,9279,0.001381045522138904,0.07989767676710484,0.0446768839590958,0.8740443937516607,25,30,20
3,9280,0.002550218446927204,0.07988594640250275,0.04367800779252354,0.8738858273580474,25,30,20
3,9281,0.007409125193783705,0.07989384581596767,0.03902133000269103,0.8736756989875577,25,30,20
3,9282,0.007088582216269492,0.07987447588740086,0.03521636056153793,0.877820581334792,25,30,20
3,9283,0.022628421340133032,0.07987861395003788,0.019663333792804456,0.8778296309170243,25,30,20
3,9284,0.028499103050716047,0.07987862306144526,0.012778703477081012,0.8788435704107581,25,30,20
3,9285,0.04229873251109764,0.07983805410111065,1.9517614934193226e-05,0.877843695772858,25,30,20
3,9286,0.04133626270685161,0.07989024669202888,2.1979140802286728e-05,0.8787515114603167,25,30,20
3,9287,0.04222594930279776,0.07988996689716112,2.0186160564164184e-05,0.8778638976394771,25,30,20
3,9288,0.04096004187981646,0.07988589012927558,0.00037371905294456416,0.8787803489379641,25,30,20
3,9289,0.04090969451327955,0.07989626678727499,0.00036818913970074825,0.8788258495597447,25,30,20
3,9290,0.04092167829580269,0.07989734372720153,0.0003704315190016524,0.878810546457995,25,30,20
3,9291,0.041866248263435775,0.0798934148053141,4.8710039740207286e-05,0.8781916268915118,25,30,20
3,9292,0.041265636767338965,0.07987818480889959,7.597177096056757e-05,0.878780206652802,25,30,20
3,9293,0.042001469766756394,0.0780286675658113,0.001977446744507597,0.8779924159229243,25,30,20
3,9294,0.04123462272028269,0.07757639583816471,0.0027468124509971385,0.8784421689905559,25,30,20
3,9295,0.041328009265736265,0.07815002691352096,0.002154675884807301,0.8783672879359347,25,30,20
3,9296,0.01745055035260795,0.07987182493282635,0.02432944758645756,0.8783481771281084,25,30,20
3,9297,0.01743353038902014,0.06444382536214142,0.03948609826746295,0.8786365459813745,25,30,20
3,9298,0.0025426776421941626,0.07987136048727017,0.040187833024192224,0.8773981288463439,25,30,20
3,9299,0.0065683059698273686,0.11675210533457699,0.0038522369207636786,0.8728273517748322,25,30,20
3,9300,0.003353155488021975,0.11959791124557097,0.004749234962881188,0.8722996983035257,25,30,20
3,9301,0.003953594429656774,0.1192429445416498,0.0052325115856137,0.87157094944308,25,30,20
3,9302,0.0013385669099124158,0.11985168893499659,0.0002759093241408158,0.8785338348309506,25,30,20
3,9303,0.0016925462903297816,0.11865799444999485,0.0015758991321041622,0.8780735601275714,25,30,20
3,9304,0.0021122545903390737,0.1198077023375377,0.0004214400074150898,0.8776586030647084,25,30,20
3,9305,0.002963598102915979,0.11981874277622565,0.0004090028287768057,0.8768086562920822,25,30,20
3,9306,0.0023764224359440413,0.11982994673904156,0.004784977432810656,0.8730086533922041,25,30,20
3,9307,0.0016450834068049546,0.11954762526336639,0.004780514681728442,0.8740267766480997,25,30,20
3,9308,0.005019528575337084,0.11979054209195038,0.00012992550722615775,0.8750600038254859,25,30,20
3,9309,0.0068408137072816224,0.11307220044350158,0.0016216859690595118,0.8784652998801572,25,30,20
3,9310,0.0014140067866280815,0.11855593491178822,0.0012537668725819317,0.8787762914290024,25,30,20
3,9311,0.0013785166525582774,0.1197980428653381,4.394076070360572e-05,0.8787794997214001,25,30,20
3,9312,0.001361181507521698,0.11921528595537227,0.0006119354414366712,0.8788115970956696,25,30,20
3,9313,0.0022989279034250367,0.11921449986565252,0.0006230386892952828,0.8778635335416278,25,30,20
3,9314,0.0032180855428436605,0.11919560627404585,0.006712754493341863,0.8708735536897688,25,30,20
3,9315,0.003166702220898807,0.11923915453556361,0.014661144238647308,0.8629329990048912,25,30,20
3,9316,0.0022559004563024745,0.09052410709798597,0.029486643144295163,0.8777333493014164,25,30,20
3,9317,0.0025406448597613284,0.11896414585033999,0.0007530332039944183,0.8777421760859042,25,30,20
3,9318,0.0016260621504970083,0.11922873685241084,0.0007677893460456285,0.8783774116510469,25,30,20
3,9319,0.0014236874042541211,0.10436809797718921,0.015504404128899849,0.8787038104896567,25,30,20
3,9320,0.0014090582792472186,0.11980937335554702,0.006337661735708373,0.8724439066294971,25,30,20
3,9321,0.0023297071092532443,0.11980937336784331,4.132432558573315e-06,0.8778567870903453,25,30,20
3,9322,0.001519297077059739,0.11977683903775055,1.5308088096953614e-05,0.8786885557970924,25,30,20
3,9323,0.005883695998692533,0.1019245597217048,0.013414385979489952,0.8787773583001119,25,30,20
3,9324,0.002238266927538472,0.11888086310612761,0.00013702124720714337,0.8787438487191273,25,30,20
3,9325,0.0013033925412509406,0.11895688908507517,0.0008889864584954157,0.8788507319151785,25,30,20
3,9326,0.0025603948671059002,0.11823370591339284,0.0015535101440807223,0.8776523890754205,25,30,20
3,9327,0.0025077853394581563,0.11940228227103049,0.01456390219501717,0.8635260301944939,25,30,20
3,9328,0.0022969379115573836,0.11984488242515877,0.013980652183158384,0.8638775274801255,25,30,20
3,9329,0.002627517410789573,0.11984488184747118,1.4326665472455397e-05,0.8775132740762666,25,30,20
3,9330,0.004089146591763369,0.08068783544792475,0.03915814115126744,0.8760648768090463,25,30,20
3,9331,0.001338552890740688,0.07989865419095496,0.03995898726210655,0.8788038056561983,25,30,20
3,9332,0.0014673024542335412,0.07984982032562178,0.03988283183402912,0.8788000453861169,25,30,20
3,9333,0.001343380410627761,0.0798498248436478,0.04010361104178393,0.8787031837039427,25,30,20
3,9334,0.002078318906968272,0.0799240280721335,0.04020676011203868,0.8777908929088598,25,30,20
3,9335,0.0016508787213506619,0.07927684400368543,0.04057828175428191,0.878493995520682,25,30,20
3,9336,0.0013946082909248375,0.07987707019976557,0.03997509396044249,0.878753227548867,25,30,20
3,9337,0.003238038178699686,0.07971487169159049,0.03820849452078107,0.87883859560893,25,30,20
3,9338,0.013413159678006714,0.08032683405109482,0.03770854619738381,0.8685514600735152,25,30,20
3,9339,0.0046038903100605825,0.07863080780550596,0.039320508967480794,0.8774447929169521,25,30,20
3,9340,0.004166352554766679,0.07863129260622587,0.03932425403439581,0.8778781008046117,25,30,20
3,9341,0.0016114310413560698,0.11985743172535385,0.0002691191967542733,0.8782620180365357,25,30,20
3,9342,0.002383434555081152,0.11981806913086007,0.0003027630258958292,0.8774957332881648,25,30,20
3,9343,0.0034501788442321134,0.1198445808175899,2.1564299920327308e-05,0.8766836760382585,25,30,20
3,9344,0.0024644720167213583,0.11924283058027839,0.0006200389991054461,0.8776726584038953,25,30,20
3,9345,0.002576932243463192,0.11937716764555835,0.0007114239275458302,0.8773344761834331,25,30,20
3,9346,0.005841085491401877,0.11977602082392798,4.496129384905842e-05,0.8743379323908205,25,30,20
3,9347,0.00578923306743683,0.1198182454877949,3.2505804476002823e-05,0.874360015640292,25,30,20
3,9348,0.0033371854222398072,0.07983286111821344,0.03981365356111395,0.8770162998984341,25,30,20
3,9349,0.0036107435123980997,0.07990942172579034,0.03992579437278055,0.8765540403890323,25,30,20
3,9350,0.0031632481452178716,0.07987050129527423,0.03995790058222077,0.8770083499772886,25,30,20
3,9351,0.0014212660075012408,0.07987050137957194,0.040062137105063025,0.8786460955078637,25,30,20
3,9352,0.00228445753328157,0.07896481449602888,0.039932791691527976,0.878817936279162,25,30,20
3,9353,0.0019927057286578584,0.07958343560068377,0.04010895101594814,0.8783149076547103,25,30,20
3,9354,0.003177146347965119,0.07990951872262443,0.03829702218180751,0.8786163127476035,25,30,20
3,9355,0.0023142263181925855,0.07989707162206078,0.0398799964504841,0.8779087056092635,25,30,20
3,9356,0.03047601654464803,0.07989706549823547,0.039971474021166783,0.8496554439359507,25,30,20
3,9357,0.0296948835584938,0.07989693689000907,0.05176714512634909,0.8386410344251485,25,30,20
3,9358,0.04109318027239408,0.07988514156270705,0.03552682808071351,0.8434948500841866,25,30,20
3,9359,0.044187103008641204,0.07989409147241257,0.03996054767302525,0.8359582578459219,25,30,20
3,9360,0.04127447901492383,0.07989353421870274,0.039960497469064105,0.8388714892973103,25,30,20
3,9361,0.034849218784733425,0.08044433247774052,0.04698963937292963,0.8377168093645969,25,30,20
3,9362,0.039179949564313976,0.09093342741364221,0.03326857231031294,0.8366180507117309,25,30,20
3,9363,0.04155286332492759,0.0892138320175055,0.03247802445973679,0.8367552801978292,25,30,20
3,9364,0.04161430556557593,0.09089106706970213,0.02868829751276433,0.8388063298519564,25,30,20
3,9365,0.04301437701440056,0.11981424702924544,0.00018839055138388387,0.8369829854049702,25,30,20
3,9366,0.04244768288615956,0.11982134534440858,0.0005690570302306786,0.8371619147392021,25,30,20
3,9367,0.043248097693272154,0.11981993292065042,0.0009506537989619741,0.8359813155871162,25,30,20
3,9368,0.04109877902521636,0.11982146106278188,0.0009391261033988833,0.8381406338086039,25,30,20
3,9369,0.04110816451236014,0.11985275912339728,0.0010331050898648299,0.8380059712743781,25,30,20
3,9370,0.04133508056306127,0.10443433742730573,0.015793317176568095,0.838437264833065,25,30,20
3,9371,0.040275151285429474,0.11986271785836258,0.0010325009683252368,0.8388296298878825,25,30,20
3,9372,0.041223110578441025,0.11982400611385731,0.0010294374445138084,0.8379234458631873,25,30,20
3,9373,0.08172687280562511,0.11929907876378917,0.0010577450407770793,0.7979163033898076,25,30,20
3,9374,0.04237851953378977,0.11982872688493838,0.03989145293387501,0.7979013006473976,25,30,20
3,9375,0.04140440267918514,0.11984093333781481,0.03988811329687493,0.7988665506861259,25,30,20
3,9376,0.041374922705778874,0.11985188777143634,0.039979727101582624,0.7987934624212032,25,30,20
3,9377,0.03741282447604479,0.11984411085728602,0.04349241827116205,0.7992506463955071,25,30,20
3,9378,0.043242267602874286,0.07989018480397392,0.07895482687806654,0.7979127207150851,25,30,20
3,9379,0.02805649116179605,0.07990223672877503,0.09744987191806402,0.7945914001913669,25,30,20
3,9380,0.027516234253655406,0.0799100175232057,0.09744103430518926,0.7951327139179513,25,30,20
3,9381,0.034534481754173764,0.07989827979551398,0.08652580512978453,0.799041433320527,25,30,20
3,9382,0.026628250724126657,0.07990556109170621,0.09511818632461849,0.7983480018595498,25,30,20
3,9383,0.0447448640695578,0.07867385458708177,0.07860078352603395,0.7979804978173252,25,30,20
3,9384,0.042029742135655364,0.0786574870723185,0.08102628921799235,0.7982864815740343,25,30,20
3,9385,0.04102084073434115,0.07863339589138779,0.08172721013422779,0.7986185532400435,25,30,20
3,9386,0.033237395223263876,0.07987087118904808,0.08792358185153981,0.7989681517361489,25,30,20
3,9387,0.03633825807970117,0.07980912497068082,0.08584536508820304,0.7980072518614147,25,30,20
3,9388,0.04310570407743564,0.05785842855663884,0.10096222613859124,0.798073641227335,25,30,20
3,9389,0.04216616315008343,0.0799123776576156,0.07985022984367589,0.7980712293486261,25,30,20
3,9390,0.0413168750719044,0.07990803443566774,0.09393661347706111,0.7848384770153674,25,30,20
3,9391,0.04137299291521588,0.07991512323901977,0.0797786593997182,0.798933224446045,25,30,20
3,9392,0.04209926620726722,0.07990768188357478,0.07903634178385524,0.7989567101253033,25,30,20
3,9393,0.04152997560844516,0.08095744709247707,0.07916117269446037,0.7983514046046182,25,30,20
3,9394,0.006236357208409074,0.07990934117702489,0.11495792750550211,0.7988963741090666,25,30,20
3,9395,0.007475977115489485,0.07988154423353486,0.11495011430815878,0.797692364342818,25,30,20
3,9396,0.006713554823281791,0.07864272758717729,0.11599766256887092,0.7986460550206718,25,30,20
3,9397,0.0036243181950074664,0.07864392738350955,0.11906312825049417,0.7986686261709892,25,30,20
3,9398,0.00670434934355649,0.07864179965122131,0.11602205282204349,0.79863179818318,25,30,20
3,9399,0.038987814832285674,0.07990597106755279,0.08252680789257556,0.7985794062075865,25,30,20
3,9400,0.04129461925889125,0.0799089038467167,0.07993206161488665,0.7988644152795048,25,30,20
3,9401,0.04418613672745494,0.07991070892977317,0.07988602348588478,0.796017130856887,25,30,20
3,9402,0.04250763302890721,0.07990992947571311,0.07993394987350659,0.7976484876218747,25,30,20
3,9403,0.06527601766772725,0.08002497951822089,0.05588722906483638,0.7988117737492161,25,30,20
3,9404,0.08178628694426783,0.07981990531778652,0.03961460853229517,0.7987791992056499,25,30,20
3,9405,0.08079351612604496,0.0805594777218417,0.039715463213087804,0.7989315429390261,25,30,20
3,9406,0.042491931610224,0.0805925097715316,0.07846842735542517,0.7984471312628199,25,30,20
3,9407,0.041827457261859345,0.08062553075122293,0.07874437901120607,0.7988026329757125,25,30,20
3,9408,0.04313652539360719,0.10111196170603794,0.05709619211539266,0.7986553207849618,25,30,20
3,9409,0.043094697014635835,0.10082087238434376,0.05744874262222126,0.7986356879788008,25,30,20
3,9410,0.04307381877511007,0.11982542518301602,0.03997711571329921,0.7971236403285745,25,30,20
3,9411,0.041353692414351786,0.11979032645978116,0.03997856881769667,0.7988774123081696,25,30,20
3,9412,0.03862149651575547,0.11939005145301607,0.044139090302784664,0.7978493617284431,25,30,20
3,9413,0.04105769970572221,0.15930467728395942,0.0008486116025061314,0.7987890114078121,25,30,20
3,9414,0.04417215621496115,0.15974857791190739,0.0003839773327217699,0.79569528854041,25,30,20
3,9415,0.05022915578084249,0.1597752385209732,0.037078957699287166,0.752916647998898,25,30,20
3,9416,0.050605513252900455,0.15948168426899592,0.03708187366439181,0.7528309288137117,25,30,20
3,9417,0.050195801444841905,0.15978758065628976,0.03706971942071279,0.7529468984781564,25,30,20
3,9418,0.04375437123574403,0.15979593356811822,0.04356675353361984,0.7528829416625187,25,30,20
3,9419,0.08121929223246147,0.1597915422421506,0.00020407036768255453,0.7587850951577052,25,30,20
3,9420,0.08244544480335302,0.15855085412605172,0.001265091486886857,0.7577386095837091,25,30,20
3,9421,0.07093805257081351,0.15977562013299726,0.01034606417886687,0.7589402631173229,25,30,20
3,9422,0.07401134081456985,0.15979068799269608,0.008143582372234164,0.7580543888204998,25,30,20
3,9423,0.04391815510138764,0.15976066669047656,0.03738102356116024,0.7589401546469768,25,30,20
3,9424,0.044724744984974134,0.15915909184557417,0.038070138845768264,0.7580460243236837,25,30,20
3,9425,0.0248922508490331,0.15915267725916996,0.058517805738499,0.7574372661532984,25,30,20
3,9426,0.04072943614818965,0.15914485318137658,0.041217502783480076,0.7589082078869535,25,30,20
3,9427,0.043851935926840814,0.15927081807892948,0.03793695536723571,0.7589402906269942,25,30,20
3,9428,0.08349702949956855,0.1593430450844487,0.0007932051511336823,0.7563667202648493,25,30,20
3,9429,0.04258839874297147,0.15932820155957084,0.0394067577814185,0.7586766419160392,25,30,20
3,9430,0.0544964831530383,0.15978268705839313,0.027004318772128996,0.7587165110164393,25,30,20
3,9431,0.01894914754536011,0.15976681832785353,0.03433976099009813,0.7869442731366884,25,30,20
3,9432,0.03681000960219878,0.15977987569236038,0.009146455592171181,0.7942636591132706,25,30,20
3,9433,0.039346278290874594,0.15978270279761872,0.00914033411177741,0.7917306847997303,25,30,20
3,9434,0.03672564209554208,0.15916627861674615,0.011022956411631988,0.7930851228760807,25,30,20
3,9435,0.03653643407766261,0.15978291411504214,0.005753550021854517,0.7979271017854405,25,30,20
3,9436,0.0396303206073876,0.15976858746372746,0.0036720779433650074,0.7969290139855199,25,30,20
3,9437,0.003665095051650033,0.15925679209819013,0.0002199886403756303,0.8368581242097842,25,30,20
3,9438,0.0036259158098746274,0.15927158941250447,0.00029474172820458686,0.8368077530494159,25,30,20
3,9439,0.0013966469290881828,0.15977342357801963,9.537867279557211e-05,0.8387345508200968,25,30,20
3,9440,0.0021913997847270343,0.15909888819236603,0.0006455378089373214,0.8380641742139701,25,30,20
3,9441,0.001638526121531531,0.1598065066191217,4.281151244951024e-06,0.838550686108102,25,30,20
3,9442,0.0014230932113996786,0.15976394051950502,0.013963802202261826,0.8248491640668333,25,30,20
3,9443,0.0017158064369473675,0.15975259265164912,0.0001341396304114406,0.8383974612809921,25,30,20
3,9444,0.0014007903280912953,0.15976426803080557,0.00016581553466605713,0.8386691261064376,25,30,20
3,9445,0.002349405613922361,0.15976392543409368,0.0001394994130699718,0.8377471695389141,25,30,20
3,9446,0.0013419127568976468,0.15979610713736567,9.609272627762346e-06,0.8388523708331099,25,30,20
3,9447,0.001341223206271277,0.15979499324326832,0.0399149047787746,0.7989488787716864,25,30,20
3,9448,0.004046355964486426,0.15982036205272165,0.04004310280920755,0.7960901791735847,25,30,20
3,9449,0.005325865399038594,0.15982036205375294,0.04045003134719703,0.7944037412000113,25,30,20
3,9450,0.0014157175829939304,0.15978055864830387,0.03994051144363578,0.7988632123250669,25,30,20
3,9451,0.0014653398137216922,0.15796457150673132,0.04177008177799718,0.7988000069015496,25,30,20
3,9452,0.003415580666336105,0.15794963922850602,0.0017418300686518852,0.836892950036506,25,30,20
3,9453,0.0019005732945942958,0.15975350331838212,1.791553089468087e-05,0.8383280078561289,25,30,20
3,9454,0.005309224385201095,0.15856905942010527,0.0014576766757721424,0.8346640395189213,25,30,20
3,9455,0.00345152716759746,0.1588445463143759,1.2430319469170503e-05,0.8376914961985574,25,30,20
3,9456,0.0021856144866240442,0.1597553053180069,1.142360174629497e-05,0.8380476565936235,25,30,20
3,9457,0.004592711433197328,0.1597545101241747,1.2713619989177866e-05,0.8356400648226382,25,30,20
3,9458,0.0035180250828505933,0.15741345934152653,0.0023614041201107834,0.8367071114555122,25,30,20
3,9459,0.0014476288292538447,0.15977707729297544,0.000401346180845619,0.8383739476969246,25,30,20
3,9460,0.0038214082439047862,0.158801521360821,3.045773907824504e-05,0.8373466126561953,25,30,20
3,9461,0.0013721052377613772,0.15928058191758404,0.0006441320155367044,0.8387031808291173,25,30,20
3,9462,0.0026962809919604054,0.1591462593169456,0.0006498721534519149,0.8375075875376423,25,30,20
3,9463,0.003973256716135787,0.1591525160082847,0.000643608362692163,0.8362306189128874,25,30,20
3,9464,0.004082011100966513,0.15915785327491327,0.0006584826234780054,0.8361016530006424,25,30,20
3,9465,0.0026499785279462513,0.15884857612017428,1.4989269253652403e-05,0.8384864560826257,25,30,20
3,9466,0.0028543450547177363,0.15975138366626912,4.8412214554362954e-05,0.8373458590644586,25,30,20
3,9467,0.0025755047654982426,0.15972085415721016,0.0048108970287833105,0.8328927440485083,25,30,20
3,9468,0.003240934882700957,0.1597524518216007,0.004697711977542499,0.8323089013181554,25,30,20
3,9469,0.003086839135513515,0.15853509661549672,0.005895327792925592,0.8324827364560637,25,30,20
3,9470,0.0014325944966278713,0.15980405000173634,4.412266339520439e-06,0.8387589432352963,25,30,20
3,9471,0.001386735506303821,0.159764299569526,3.4139834032720064e-05,0.8388148250901373,25,30,20
3,9472,0.001406655415917778,0.15917119433207758,0.0006186810995895843,0.8388034691524147,25,30,20
3,9473,0.0013483767830586777,0.15978143070740924,1.5959972472821116e-05,0.8388542325370595,25,30,20
3,9474,0.0016612782782137844,0.15861799807989913,0.0014413485208131646,0.838279375121075,25,30,20
3,9475,0.002580758955898682,0.15882870399872082,0.0003999517018015429,0.8381905853435796,25,30,20
3,9476,0.0026269253222158963,0.1588629427700222,2.8444772871340363e-05,0.8384816871348916,25,30,20
3,9477,0.0016866065429848069,0.1597883873185887,1.4234577676125552e-05,0.8385107715607505,25,30,20
3,9478,0.0013220940662327187,0.15980773937571152,1.1594493402076616e-05,0.8388585720646528,25,30,20
3,9479,0.0013324469000505145,0.15979529507428944,2.9112072249788856e-06,0.8388693468184352,25,30,20
3,9480,0.0031147727186959066,0.1597830911668545,4.78462330536305e-06,0.837097351491145,25,30,20
3,9481,0.0015846213041369101,0.1595299250089634,0.008142410199275424,0.8307430434876243,25,30,20
3,9482,0.0016093844915075713,0.15867648071129362,0.00898434023548405,0.8307297945617157,25,30,20
3,9483,0.0015273151582466866,0.15867762936414553,0.008981551898542755,0.8308135035790656,25,30,20
3,9484,0.0022811502635271086,0.120093172528345,0.040079933269701676,0.8375457439384276,25,30,20
3,9485,0.0016850288773814824,0.11936473867889952,0.04038267333543946,0.8385675591082805,25,30,20
3,9486,0.0012983517537608815,0.11985286418493775,0.03994787619808502,0.8389009078632175,25,30,20
3,9487,0.0014139134134335612,0.11987314112418826,0.044514772224049606,0.8341981732383295,25,30,20
3,9488,0.003922642750901154,0.11985373029790101,0.039949919429357966,0.8362737075218409,25,30,20
3,9489,0.001978589246412379,0.11985334437331727,0.039957791660845274,0.8382102747194251,25,30,20
3,9490,0.0028687638490014844,0.1188819255014236,0.03968727235188104,0.8385620382976936,25,30,20
3,9491,0.0016681364066571448,0.11983846244566548,0.03967988343454785,0.8388135177131295,25,30,20
3,9492,0.0016843293888624178,0.11983748449600481,0.046192377250604044,0.8322858088645291,25,30,20
3,9493,0.0048949822930993035,0.11983707098429405,0.04619642620700608,0.8290715205156003,25,30,20
3,9494,0.0015841343935874956,0.11988422460787383,0.040043835487186825,0.8384878055113525,25,30,20
3,9495,0.0016240621778274113,0.11984452110231184,0.040037013281036066,0.8384944034388255,25,30,20
3,9496,0.001550323184986553,0.1187315465325865,0.04120469967485709,0.8385134306075714,25,30,20
3,9497,0.002084540117191328,0.11893094381527193,0.04040175091117575,0.8385827651563617,25,30,20
3,9498,0.0013499222360372936,0.12102435433596465,0.03875893043481153,0.8388667929931889,25,30,20
3,9499,0.04718658040568442,0.1201763356750462,0.02309487178665705,0.8095422121326135,25,30,20
3,9500,0.06751203633927995,0.11985258227652473,0.013814670767263398,0.7988207106169313,25,30,20
3,9501,0.03983410611556343,0.1198529623922666,0.04152019278795646,0.7987927387042134,25,30,20
3,9502,0.051750767713627265,0.12024534541063997,0.02940294759270932,0.798600939283025,25,30,20
3,9503,0.041824543491579824,0.11982017167879848,0.039711533684186937,0.7986437511454352,25,30,20
3,9504,0.024039181403238515,0.1438110024201931,0.03326001794517653,0.7988897982313925,25,30,20
3,9505,0.041766223400977666,0.14430038493804284,0.016090855355055146,0.7978425363059248,25,30,20
3,9506,0.037789232312677334,0.1443254145016809,0.020040555816191418,0.7978447973694501,25,30,20
3,9507,0.042082144572790525,0.158526256601755,0.001480381120690717,0.7979112177047633,25,30,20
3,9508,0.04170826191433787,0.15974964318838125,0.0037630872493006483,0.7947790076479805,25,30,20
3,9509,0.03762639547530091,0.15976987049797597,0.003724096436448501,0.7988796375902746,25,30,20
3,9510,0.04286522692107177,0.1588163478719202,0.00035985891378799694,0.7979585662932195,25,30,20
3,9511,0.041927357962857556,0.15881015737856702,0.00044737463592531404,0.7988151100226516,25,30,20
3,9512,0.04292600043600731,0.15708210672316153,0.002220892542200812,0.7977710002986305,25,30,20
3,9513,0.030066117577561783,0.15804068001429972,0.015006097585775148,0.7968871048223637,25,30,20
3,9514,0.030295766937037408,0.15976098437742003,0.01329046363468236,0.7966527850508599,25,30,20
3,9515,0.02896120059500483,0.15752479373628211,0.015545838287134657,0.797968167381579,25,30,20
3,9516,0.030714462780941046,0.12055730828310392,0.050732431620179784,0.7979957973157754,25,30,20
3,9517,0.03233489735157921,0.12056211663154856,0.05074484771807108,0.7963581382988032,25,30,20
3,9518,0.04149019257788573,0.11935217458356487,0.0432175978383284,0.7959400350002214,25,30,20
3,9519,0.03096233751783542,0.11895386766486399,0.054237321296985004,0.7958464735203161,25,30,20
3,9520,0.04331459787311881,0.15749643020656115,0.0036466690168119333,0.7955423029035086,25,30,20
3,9521,0.001499836011117287,0.15929838989823908,0.040475268702372794,0.7987265053882707,25,30,20
3,9522,0.002506891678723171,0.15845256332581514,0.040424391766420494,0.7986161532290409,25,30,20
3,9523,0.03015396945237317,0.15935896643921904,0.018325288395596814,0.7921617757128105,25,30,20
3,9524,0.029645040730569616,0.15934392492570001,0.012105177996283094,0.7989058563474468,25,30,20
3,9525,0.031485737047521334,0.15978707431153752,0.0116717101267617,0.7970554785141788,25,30,20
3,9526,0.041506488133914526,0.15950985217650737,9.3350058587087e-05,0.7988903096309915,25,30,20
3,9527,0.004798490229194524,0.159537278733772,0.036671717575431376,0.7989925134616036,25,30,20
3,9528,0.004779152688061888,0.15778997905390327,0.03840793268010259,0.7990229355779325,25,30,20
3,9529,0.0020753405385462165,0.1835977191715446,0.015805375206522906,0.7985215650833857,25,30,20
3,9530,0.0019377894857890118,0.18381311647594842,0.015839882065320002,0.7984092119729427,25,30,20
3,9531,0.012307964476169038,0.1997172717761926,4.3989448746095366e-05,0.7879307742988921,25,30,20
3,9532,0.0013526692949349184,0.16001083342812766,0.039688654357393736,0.7989478429195451,25,30,20
3,9533,0.002261617492680709,0.15881625106186786,0.03997634032318891,0.7989457911222634,25,30,20
3,9534,0.0013509756767833745,0.15978225875630603,0.03994683546130169,0.7989199301056097,25,30,20
3,9535,0.013798217068008368,0.15822119635335335,0.04083646149185147,0.7871441250867868,25,30,20
3,9536,0.01511882854436325,0.12915390883894776,0.06867068300177853,0.7870565796149097,25,30,20
3,9537,0.003966023685485318,0.1585475798970305,0.03958546490169687,0.797900931515789,25,30,20
3,9538,0.0023789161023735814,0.15976939038545518,0.038078279259448754,0.7997734142527235,25,30,20
3,9539,0.0013876120443129518,0.13427174719403637,0.06383734410799163,0.8005032966536585,25,30,20
3,9540,0.0023569477595040667,0.15972884104910723,6.890894415949703e-05,0.8378453022472294,25,30,20
3,9541,0.002319660919647252,0.1591438887830756,0.0006609284933430129,0.8378755218039337,25,30,20
3,9542,0.0014547892717938367,0.15913958640409206,0.0006563200386113168,0.8387493042855019,25,30,20
3,9543,0.001359711536415506,0.15914377737061847,0.0006301491346714905,0.8388663619582942,25,30,20
3,9544,0.001560321948083242,0.15975285118074145,0.0003160422182993467,0.8383707846528766,25,30,20
3,9545,0.001349285755554982,0.15978459550418994,0.00014907143445823468,0.8387170473057968,25,30,20
3,9546,0.0013070747148888526,0.15980417323625967,2.6891506603664415e-06,0.8388860628981919,25,30,20
3,9547,0.0022359614501570556,0.15973242494218065,0.004688330861125315,0.833343282746537,25,30,20
3,9548,0.0015898625697111318,0.1597243610800153,3.4708774966522744e-05,0.8386510675753069,25,30,20
3,9549,0.001391580431192285,0.15978000844689455,0.0003553017144652644,0.8384731094074482,25,30,20
3,9550,0.0016909125250830226,0.159755635147124,0.00014857749855559847,0.8384048748292372,25,30,20
3,9551,0.00237285501150278,0.1597513703095581,1.1533668199491548e-05,0.8378642410107402,25,30,20
3,9552,0.003190967327305551,0.15976325517169765,1.468505876430804e-05,0.837031092442233,25,30,20
3,9553,0.0026142809837396523,0.1597043998509048,8.202707220141061e-05,0.837599292093154,25,30,20
3,9554,0.0013650716873242796,0.1597132430792829,7.374857679241602e-05,0.8388479366566013,25,30,20
3,9555,0.002875175982069615,0.11888443291192811,0.0399537367811833,0.8382866543248204,25,30,20
3,9556,0.0016167598193160902,0.11984079854375163,0.040098495231271396,0.8384439464056619,25,30,20
3,9557,0.0014100295542066729,0.11983677459765091,0.04036398160691542,0.838389214241227,25,30,20
3,9558,0.04220591466785877,0.11982473433346602,0.0009358443207473077,0.8370335066779283,25,30,20
3,9559,0.04125612313924659,0.11979278287607219,5.839581292710644e-05,0.8388926981717537,25,30,20
3,9560,0.03960792864926141,0.11979292040799847,0.0025024630171592756,0.8380966879255807,25,30,20
3,9561,0.039798913479904025,0.1198425297893702,0.0026683368778859236,0.8376902198528398,25,30,20
3,9562,0.04345285999644227,0.11979639819015744,0.0007913198663447604,0.8359594219470547,25,30,20
3,9563,0.04136597702453987,0.11978870105336427,0.0006680628027750314,0.8381772591193214,25,30,20
3,9564,0.041376394247948346,0.11637080933498802,0.0038799100487896436,0.8383728863682738,25,30,20
3,9565,0.041123020397236976,0.11860016669504819,0.0017420140506456444,0.8385347988570685,25,30,20
3,9566,0.040871844178303925,0.10049940429344341,0.01985871834129466,0.8387700331869584,25,30,20
3,9567,0.04090311763188863,0.1192269140922482,0.0011257917377480023,0.8387441765381147,25,30,20
3,9568,0.03294484222764088,0.11921481434454956,0.008991092060683213,0.8388492513671265,25,30,20
3,9569,0.04135451960366395,0.11982493657585025,4.7416278845310484e-05,0.8387731275416406,25,30,20
3,9570,0.03950379947892881,0.11985194919109345,0.0018521587909810563,0.838792092538997,25,30,20
3,9571,0.042140719438279725,0.10180255682592933,0.01723580149426799,0.838820922241523,25,30,20
3,9572,0.04034717679487608,0.11985288937423189,0.000996755533107565,0.8388031782977856,25,30,20
3,9573,0.041637108225018454,0.11975573844259715,2.694344359023568e-05,0.838580209888795,25,30,20
3,9574,0.04135480318236033,0.11977592422733979,0.00014258376509335968,0.8387266888252075,25,30,20
3,9575,0.04138709942794407,0.11977606732929502,0.00014158669187454626,0.838695246550886,25,30,20
3,9576,0.02252852566944554,0.11985314873954055,0.01872200709452595,0.8388963184964879,25,30,20
3,9577,0.04095311235078909,0.11985719211408039,0.0005548422970565243,0.8386348532380746,25,30,20
3,9578,0.043406184048955285,0.11981824478139497,0.0009235776886384235,0.8358519934810112,25,30,20
3,9579,0.0021279412084339038,0.11860734642793784,0.04067727264298032,0.8385874397206499,25,30,20
3,9580,0.0023190187805399447,0.11860369502438255,0.040700323971137056,0.8383769622239404,25,30,20
3,9581,0.0018782375671188172,0.11981734704296353,0.03948568197783886,0.8388187334120782,25,30,20
3,9582,0.001437861662145276,0.11982808161820678,0.03993481382432466,0.8387992428953238,25,30,20
3,9583,0.0029180856577744533,0.12022247352994223,0.07832516455169845,0.7985342762605854,25,30,20
3,9584,0.003368982112029285,0.08100656916315853,0.11865267452946997,0.7969717741953418,25,30,20
3,9585,0.0026309660293435382,0.08100767843746057,0.0787613603974782,0.8375999951357186,25,30,20
3,9586,0.0039017573373084967,0.08102971318915216,0.07771837264099694,0.8373501568325433,25,30,20
3,9587,0.004743965478302437,0.0799092847747346,0.07837356711728186,0.8369731826296818,25,30,20
3,9588,0.012233161223276591,0.10896186054509682,0.040876273246557966,0.8379287049850686,25,30,20
3,9589,0.0024711052955726474,0.1198367264703613,0.04041853077560809,0.8372736374584581,25,30,20
3,9590,0.0032361412132465555,0.11981355607808737,0.00028150162304362773,0.8766688010856238,25,30,20
3,9591,0.0031830716662521784,0.1198328725414979,0.0002824498747521658,0.8767016059174988,25,30,20
3,9592,0.0042015459027350925,0.1198322284818517,0.00028417393539532893,0.8756820516800182,25,30,20
3,9593,0.0036475009007305792,0.10393408325501358,0.014614466968595974,0.8778039488756599,25,30,20
3,9594,0.004150047170306702,0.11980930384002032,4.669654439292961e-05,0.8759939524452808,25,30,20
3,9595,0.0022641220186985613,0.11985360446244239,3.3552582249304512e-06,0.8778789182606341,25,30,20
3,9596,0.0025107778014454183,0.1198096547862839,0.00021814309880524547,0.8774614243134659,25,30,20
3,9597,0.0015182928942035394,0.11983666226126731,0.00010102170008100245,0.8785440231444488,25,30,20
3,9598,0.0015272548162613526,0.11978255257170212,6.0977456795185833e-05,0.8786292151552405,25,30,20
3,9599,0.003290450477578869,0.11982470778974114,0.00019443134681223972,0.8766904103858667,25,30,20
3,9600,0.0032937741718006065,0.11975442360048838,0.00056374217950876,0.8763880600482022,25,30,20
3,9601,0.0022713168309641783,0.11984507525150496,0.000466697641806107,0.8774169102757245,25,30,20
3,9602,0.003334689678479643,0.11982182496157825,0.0005089348804960415,0.876334550479447,25,30,20
3,9603,0.0031212461899818972,0.1198185280284534,0.0004171201504703805,0.8766431056310947,25,30,20
3,9604,0.003133465277432983,0.11981812558214722,0.000161514379448097,0.8768868947609719,25,30,20
3,9605,0.002755930869379822,0.1198405161251867,2.095754743755327e-05,0.877382595457997,25,30,20
3,9606,0.0040504447745580655,0.11803913793903226,0.00193996651264078,0.8759704507737698,25,30,20
3,9607,0.0016036592083934682,0.11857529548228406,0.0013711846629403984,0.8784498606463825,25,30,20
3,9608,0.0013717643901092083,0.11857529547093701,0.0017449224819034931,0.8783080176570501,25,30,20
3,9609,0.018439453267399333,0.11974243785047232,0.00014607975650922494,0.8616720291256188,25,30,20
3,9610,0.0014918659866709244,0.11971828639871296,3.427030485730184e-05,0.8787555773097593,25,30,20
3,9611,0.001539602439754809,0.11805895474059926,0.001723640981842552,0.8786778018378039,25,30,20
3,9612,0.0038485238456767196,0.11985138478974759,1.1633850609903589e-05,0.8762884575139658,25,30,20
3,9613,0.004127667835052144,0.11890759987163618,1.888413606682135e-05,0.876945848157244,25,30,20
3,9614,0.003335482798420338,0.11983336866146481,0.00014287162363448176,0.8766882769164798,25,30,20
3,9615,0.002320419116571633,0.11861541365943999,0.0013787678418237515,0.8776853993821647,25,30,20
3,9616,0.0023197625010787015,0.11985237424677628,0.00010745479288632847,0.8777204084592595,25,30,20
3,9617,0.0016372994880848098,0.11810386699679098,0.0018453574201247147,0.8784134760949988,25,30,20
3,9618,0.002285022097000725,0.11981758235086881,7.747482497250974e-06,0.8778896480696329,25,30,20
3,9619,0.0013483447543695,0.11938252908413696,0.0004534271875227003,0.8788156989739703,25,30,20
3,9620,0.0013524323086963536,0.11982601877373425,0.00011909628010604659,0.8787024526374628,25,30,20
3,9621,0.0013374114283070406,0.11809495405529596,0.0018495849531264485,0.8787180495632712,25,30,20
3,9622,0.0026869758797558423,0.11980801069420415,4.249959752792861e-05,0.8774625138285127,25,30,20
3,9623,0.0022304587303656185,0.1192451145669693,0.000635764370235416,0.8778886623324305,25,30,20
3,9624,0.0018701788160681778,0.1192552993441234,0.006963226802859045,0.8719112950369506,25,30,20
3,9625,0.002767271143531775,0.11925209865693592,0.0006203328615908671,0.8773602973379423,25,30,20
3,9626,0.0022754232597514377,0.11855653127692989,0.0012988275986859576,0.8778692178646331,25,30,20
3,9627,0.0020838907574032813,0.11854383288902821,0.0012926367930593855,0.8780796395605103,25,30,20
3,9628,0.002279667139256321,0.1198099474186996,1.6257568987228963e-05,0.8778941278730572,25,30,20
3,9629,0.001382512508745938,0.11982419442796971,3.1643808740085224e-06,0.8787901286824109,25,30,20
3,9630,0.0013632467450347904,0.11978516443404377,1.908135620028997e-05,0.8788325074647227,25,30,20
3,9631,0.003486960879138093,0.11956538680512158,2.969020792535553e-05,0.8769179621078138,25,30,20
3,9632,0.001964618811034557,0.11957770172365406,2.9405219047167744e-05,0.878428274246265,25,30,20
3,9633,0.0015293910430391954,0.11954071806940736,4.3032423411949874e-05,0.8788868584641426,25,30,20
3,9634,0.0025484893851220884,0.0800156926030537,0.03953906869025556,0.8778967493215698,25,30,20
3,9635,0.0026580485678961156,0.06420718976088616,0.05537357445275617,0.8777611872184611,25,30,20
3,9636,0.008417450369303749,0.0798018133574655,0.03741578052435264,0.8743649557488777,25,30,20
3,9637,0.006451675906306135,0.07979295183492575,0.04004498237015719,0.8737103898886095,25,30,20
3,9638,0.00195759183546792,0.07987355063997452,0.040379816692252594,0.8777890408323045,25,30,20
3,9639,0.0021374090979113286,0.07921070472246826,0.04081161303678568,0.8778402731428346,25,30,20
3,9640,0.002627715540919379,0.0792308573687626,0.046052309038644317,0.8720891180516739,25,30,20
3,9641,0.0031925589266680625,0.07921106359718423,0.040069287195414,0.8775270902807337,25,30,20
3,9642,0.003937707127903981,0.07918281916757645,0.04006525396791813,0.8768142197366013,25,30,20
3,9643,0.0034595086198622887,0.0798204879848885,0.04352760637789804,0.8731923970173514,25,30,20
3,9644,0.0034364883894176896,0.0798780116896064,0.04479500749747485,0.8718904924235013,25,30,20
3,9645,0.0015263693169948168,0.07985011807513871,0.03996425139393924,0.878659261213927,25,30,20
3,9646,0.0036483196906208575,0.0798737003275155,0.03991913079427815,0.8765588491875849,25,30,20
3,9647,0.03910712502722122,0.0794663628170799,0.0032545624894659976,0.8781719496662332,25,30,20
3,9648,0.04187218516387751,0.07987040327057274,0.0014467586589695406,0.87681065290658,25,30,20
3,9649,0.041194381008823784,0.07815465603781017,0.003164187080019636,0.8774867758733461,25,30,20
3,9650,0.0034292191655961625,0.07815464941653362,0.040746943553765125,0.877669187864106,25,30,20
3,9651,0.00372102899446637,0.0781922774004893,0.04123772396265336,0.8768489696423917,25,30,20
3,9652,0.0025729669495002366,0.07984097189453351,0.039460810299294054,0.8781252508566735,25,30,20
3,9653,0.001466068726990409,0.07985098772408376,0.04009736218470971,0.8785855813642182,25,30,20
3,9654,0.002475515025169355,0.07985098771970264,0.04009329460908699,0.877580202646042,25,30,20
3,9655,0.0032885619090200586,0.07987428012906801,0.03813060124128613,0.8787065567206269,25,30,20
3,9656,0.015641209575070106,0.07987429067315921,0.026023798279647684,0.8784607014721233,25,30,20
3,9657,0.017404534595017184,0.07988223187356941,0.02601252112921781,0.8767007124021953,25,30,20
3,9658,0.0043929205166694405,0.07985750323184422,0.04009112645702006,0.8756584497944673,25,30,20
3,9659,0.039720451593487936,0.07990997943773645,0.0029758805619247773,0.8773936884068518,25,30,20
3,9660,0.04016716055618966,0.07987688960530394,0.0013579418496011467,0.8785980079889063,25,30,20
3,9661,0.04106209640257658,0.041035777866882304,0.04022012541337323,0.8776820003171685,25,30,20
3,9662,0.04119682339864959,0.03995088782345688,0.041165981480817945,0.8776863072970764,25,30,20
3,9663,0.04194998277248361,0.0399549874976978,0.04083692268218815,0.8772581070476301,25,30,20
3,9664,0.0018754365914484576,0.039954981719235255,0.08040052563822252,0.8777690560510932,25,30,20
3,9665,0.0015947122087041463,0.03995501928592261,0.08004787770959038,0.8784023907957805,25,30,20
3,9666,0.0015542773314518455,0.03995065022139182,0.07991859509511105,0.8785764773520451,25,30,20
3,9667,0.003093036711227366,0.06377219767217718,0.054374840772716766,0.878759924843878,25,30,20
3,9668,0.0025907656885784903,0.07818117565703404,0.04049291099176277,0.8787351476626247,25,30,20
3,9669,0.004779675893124904,0.0799096435334766,0.07876663603498589,0.8365440445384141,25,30,20
3,9670,0.0013706388660981528,0.07989685772700629,0.08450557693162158,0.8342269264752763,25,30,20
3,9671,0.0014578669105293233,0.07984440516423753,0.07982237303889898,0.838875354886335,25,30,20
3,9672,0.0022417038251662073,0.07935848578319811,0.07982647844165415,0.8385733319499826,25,30,20
3,9673,0.0016308238720541032,0.0798993113749392,0.07973607987708574,0.8387337848759212,25,30,20
3,9674,0.008352778692283975,0.07983743254712553,0.07513889536343514,0.8366708933971555,25,30,20
3,9675,0.0076847746802370595,0.07984906534035914,0.07514114444009506,0.8373250155393088,25,30,20
3,9676,0.0056540272059457716,0.08067221750955164,0.0765321424865654,0.8371416127979365,25,30,20
3,9677,0.007543010534786478,0.0806722175019128,0.07329280273246418,0.8384919692308369,25,30,20
3,9678,0.001602532556134133,0.08067221748365555,0.07957303649900734,0.8381522134612034,25,30,20
3,9679,0.0013771350882482067,0.07989843680913374,0.08001825262675516,0.8387061754758632,25,30,20
3,9680,0.0024973137349435905,0.07989432391994436,0.08003295359185221,0.8375754087532603,25,30,20
3,9681,0.004038551340250239,0.07989432391505967,0.07991219874840243,0.8361549259962878,25,30,20
3,9682,0.0043806038585873135,0.07987573603530133,0.07993394653800726,0.8358097135681035,25,30,20
3,9683,0.006021220333348224,0.07988020317638223,0.07888888118639334,0.8352096953038765,25,30,20
3,9684,0.006794749590191769,0.05410345718751366,0.10703454348777425,0.832067249734522,25,30,20
3,9685,0.0032408820993396555,0.0541187786619638,0.11033177441079343,0.8323085648279022,25,30,20
3,9686,0.0031780564720905458,0.05410976921963374,0.10543235932970338,0.8372798149785733,25,30,20
3,9687,0.0017468692422990281,0.07988454642615724,0.07956454015721307,0.8388040441743329,25,30,20
3,9688,0.001968063409712107,0.07989064300668498,0.0801927622813217,0.8379485313022813,25,30,20
3,9689,0.00292054272494299,0.07989785480409492,0.07980576009364218,0.8373758423773188,25,30,20
3,9690,0.03107949283737406,0.07980830412718903,0.050751097577652234,0.8383611054577851,25,30,20
3,9691,0.0313617609465199,0.07991301479131488,0.048228117317679724,0.8404971069444853,25,30,20
3,9692,0.04238575108732194,0.07936231031236389,0.01127604747402507,0.8669758911262885,25,30,20
3,9693,0.04168542773399993,0.07906299831459113,0.0011310175795619503,0.8781205563718473,25,30,20
3,9694,0.041294418404725766,0.07989396269367716,0.0048852134093670535,0.8739264054922304,25,30,20
3,9695,0.041620143280587135,0.07987501512014675,5.0874083857099176e-05,0.8784539675154096,25,30,20
3,9696,0.03319533525278375,0.07983354226877858,0.009465856047995052,0.8775052664304426,25,30,20
3,9697,0.04147182843938401,0.07983328106725279,0.0064337125477100365,0.8722611779456528,25,30,20
3,9698,0.04128017677847499,0.07989749363212213,1.4340087023356523e-05,0.87880798950238,25,30,20
3,9699,0.04226171238069638,0.0799023414264822,2.7787348540786212e-05,0.8778081588442808,25,30,20
3,9700,0.04087693016996329,0.07990643020146218,0.0005010766385017922,0.8787155629900728,25,30,20
3,9701,0.04118603633384411,0.07987871435795459,0.0006239791569849398,0.8783112701512161,25,30,20
3,9702,0.03401634448364595,0.07986624054818658,0.007368154204380692,0.8787492607637871,25,30,20
3,9703,0.007247776180414629,0.07986664958492665,0.034072768227763256,0.8788128060068956,25,30,20
3,9704,0.009849486503337064,0.07987860052027608,0.03408460993123642,0.87618730304515,25,30,20
3,9705,0.01080566409615357,0.07989759041504492,0.03404679177563112,0.8752499537131696,25,30,20
3,9706,0.009954747726042556,0.06448971200348307,0.04945525406648308,0.8761002862039915,25,30,20
3,9707,0.006416358143082675,0.06448591083805769,0.051633871719304864,0.8774638592995556,25,30,20
3,9708,0.019777565228782316,0.07987998553616801,0.023379272684017235,0.8769631765510336,25,30,20
3,9709,0.003124336426338417,0.07987998563524801,0.03906389266763882,0.877931785270774,25,30,20
3,9710,0.0028823110823307254,0.07985075865596566,0.03846656768517052,0.8788003625765326,25,30,20
3,9711,0.004159344019162028,0.07817002681189077,0.04013377290162957,0.8775368562673173,25,30,20
3,9712,0.009168520948662887,0.07818179710453624,0.03512783017042786,0.8775218517763719,25,30,20
3,9713,0.009178709867963937,0.07989349582874594,0.03481825038117332,0.8761095439221183,25,30,20
3,9714,0.006220010492825327,0.0798843971604501,0.036480033716983266,0.8774155586297424,25,30,20
3,9715,0.006307095235990802,0.07988439716083766,0.03507947286782634,0.8787290347353465,25,30,20
3,9716,0.0060326159898217825,0.07990131935042216,0.03721171497757132,0.8768543496821865,25,30,20
3,9717,0.007867345784146244,0.0799013177575564,0.03554070218767857,0.8766906342706197,25,30,20
3,9718,0.007939533354402308,0.0798470739641283,0.03542947885125072,0.8767839138302191,25,30,20
3,9719,0.001944657941988171,0.07979798406330463,0.03961648492171128,0.878640873072996,25,30,20
3,9720,0.003267030542306394,0.0798470681144005,0.038254219098440324,0.8786316822448541,25,30,20
3,9721,0.004050353339804603,0.07897904302409534,0.03823529995448119,0.8787353036816203,25,30,20
3,9722,0.01620296568994952,0.07988565909367082,0.025425293008533256,0.8784860822078485,25,30,20
3,9723,0.01915096850543741,0.07985593172782841,0.025482871568242107,0.8755102281984928,25,30,20
3,9724,0.0036352896318532567,0.07986322862948513,0.03898307217582797,0.8775184095628351,25,30,20
3,9725,0.0026230276750666428,0.07987600993503188,0.040234579260244166,0.8772663831296577,25,30,20
3,9726,0.0013666873560225915,0.0798941079185404,0.03995497362846908,0.8787842310969686,25,30,20
3,9727,0.0013316974665453613,0.07989783001417938,0.039943705859567066,0.878826766659708,25,30,20
3,9728,0.0020265165942468357,0.07988583691965406,0.039266164388032154,0.8788214820980668,25,30,20
3,9729,0.0029273692446916445,0.07988608801636059,0.03926520389796594,0.8779213388409814,25,30,20
3,9730,0.002421570577629373,0.07989570222477878,0.03732388001751956,0.8803588471800721,25,30,20
3,9731,0.0035269128931915707,0.07988643983859224,0.005805835272555544,0.9107808119956612,25,30,20
3,9732,0.0035353767714162293,0.07987217330993876,0.005921567857119642,0.9106708820615258,25,30,20
3,9733,0.001976913277086822,0.07980056871465942,0.005912629494066724,0.9123098885141877,25,30,20
3,9734,0.0015024096276242288,0.0798973947993756,0.0001031486273614065,0.9184970469456385,25,30,20
3,9735,0.0034353511269751757,0.07945353740082708,0.0007599834439730563,0.9163511280282246,25,30,20
3,9736,0.0013783053248731588,0.0798542288647047,0.0005427270492734479,0.9182247387611491,25,30,20
3,9737,0.004348391198723819,0.0798858132979735,0.00039026203034289096,0.9153755334729599,25,30,20
3,9738,0.002424014145380662,0.07989792285360812,6.265420056397876e-06,0.9176717975809545,25,30,20
3,9739,0.0025446195298531415,0.0796519543246269,3.0255356863649905e-05,0.9177731707886566,25,30,20
3,9740,0.0013053261840701915,0.07988594471798029,0.0002279003613617286,0.9185808287365888,25,30,20
3,9741,0.0012918494251743329,0.07989762349959863,1.4853551820883206e-05,0.9187956735234064,25,30,20
3,9742,0.001342788912408869,0.07989834312784827,0.0003879293143693862,0.9183709386453738,25,30,20
3,9743,0.0023861888265986992,0.0798855421067633,1.7974955783764543e-05,0.9177102941108548,25,30,20
3,9744,0.002287347834612922,0.07988525983000612,1.4373384799033655e-05,0.9178130189505812,25,30,20
3,9745,0.002195089502203117,0.07817782476015173,0.0017287326503620346,0.9178983530872827,25,30,20
3,9746,0.0023092454342428146,0.07818940742411465,0.0017253287017090016,0.9177760184399326,25,30,20
3,9747,0.002297684652864649,0.07817803631563616,0.0017371075275369355,0.9177871715039614,25,30,20
3,9748,0.005694908388159215,0.07647612305661475,2.8197053463255434e-05,0.9178007715017636,25,30,20
3,9749,0.001314720638970265,0.07987771313942552,0.00030900891273961245,0.9184985573088638,25,30,20
3,9750,0.002299510114401055,0.07990962670446762,0.00026928701002958437,0.9175215761711025,25,30,20
3,9751,0.002158089648121907,0.07987051500499213,0.00029110339726837046,0.9176802919496186,25,30,20
3,9752,0.001907218650179658,0.0798636698680652,4.613404130810528e-05,0.918182977440448,25,30,20
3,9753,0.0019321755636373347,0.07984500626347259,0.00040647680126313463,0.9178163413716262,25,30,20
3,9754,0.0013030254954227544,0.05411517515585453,0.026177697999577934,0.9184041013491457,25,30,20
3,9755,0.0049457054203015,0.05411553531456652,0.026534881966394322,0.9144038772987382,25,30,20
3,9756,0.0016636184727239526,0.0798981878600394,0.00013208175197320556,0.9183061119152641,25,30,20
3,9757,0.0016155610393306238,0.0799090522437398,0.0002631945855285365,0.9182121921314013,25,30,20
3,9758,0.0019372423961767809,0.07990898713211654,6.811037562992125e-06,0.9181469594341443,25,30,20
3,9759,0.0018574675741644209,0.07982817298032598,5.746659416179596e-05,0.9182568928513481,25,30,20
3,9760,0.0017679579414771778,0.0798983425795933,5.839453947625317e-06,0.9183278600249821,25,30,20
3,9761,0.0019009391483432623,0.07989702524322993,0.00013600859322690764,0.9180660270152003,25,30,20
3,9762,0.0016544378932472053,0.0799011020422754,0.004888173255569674,0.9135562868089084,25,30,20
3,9763,0.0016071237095910836,0.0798743677517006,0.00024445534720628025,0.9182740531915016,25,30,20
3,9764,0.001904028126675466,0.07987436774942826,0.004798250704602839,0.9134233534192931,25,30,20
3,9765,0.0014409282281957999,0.07870617312375947,0.0012081684159007129,0.9186447302321434,25,30,20
3,9766,0.0017055814146351347,0.07872556389294177,0.0013126687981393217,0.9182561858942843,25,30,20
3,9767,0.0014826738552896344,0.07989830895913774,9.622971227829525e-06,0.918609394214345,25,30,20
3,9768,0.0014114074967972515,0.07989025541637215,0.0060799059849258085,0.9126184311019051,25,30,20
3,9769,0.003097060630174728,0.0799017613655897,0.00032098295504625447,0.9166801950491889,25,30,20
3,9770,0.001426949801536889,0.07987427236294078,0.00031844743028101895,0.9183803304052414,25,30,20
3,9771,0.006541206653277419,0.07987427311354968,0.0008572233454778538,0.9127272968876948,25,30,20
3,9772,0.004426941196432988,0.07989387314543098,1.701668485873973e-05,0.9156621689732779,25,30,20
3,9773,0.0022616866242859907,0.07989387312336248,0.00014230086679592466,0.9177021393855557,25,30,20
3,9774,0.0022996142891367976,0.0798583190117829,4.340970041762683e-05,0.9177986569986626,25,30,20
3,9775,0.0013803402286064433,0.07989342862131012,8.12325187841e-06,0.9187181078982048,25,30,20
3,9776,0.011599811959463358,0.07815468029057267,0.002097103183031303,0.9081484045669325,25,30,20
3,9777,0.001372947510383056,0.07813492677391407,0.0020179961497124328,0.9184741295659908,25,30,20
3,9778,0.0013976466357635412,0.07813492678043862,0.00184421434489494,0.9186232122389022,25,30,20
3,9779,0.001337087160609088,0.07989805339746253,0.0001039041419346411,0.9186609552999934,25,30,20
3,9780,0.002174852544267232,0.0799100357404054,0.00010249743027970853,0.9178126142850472,25,30,20
3,9781,0.0015388597215936323,0.07991002952216499,0.00011004351513253009,0.918441067241109,25,30,20
3,9782,0.0013464398778132128,0.07987098365835983,4.770175847137435e-05,0.9187348747053554,25,30,20
3,9783,0.00229192014451949,0.07985195545391927,0.004572025505421893,0.9132840988961397,25,30,20
3,9784,0.0013557795354220542,0.07814701057768808,0.0017636056945742695,0.9187336041923152,25,30,20
3,9785,0.0012352133829299453,0.07815449802860243,0.0017246362516078345,0.9188856523368594,25,30,20
3,9786,0.0013516661723354006,0.07984984785822744,1.3625115478720035e-05,0.9187848608539578,25,30,20
3,9787,0.001385714019149885,0.07864064846073471,0.0012536415116534794,0.9187199960084611,25,30,20
3,9788,0.0013377632895455527,0.05408665248693964,0.025944168170234042,0.9186314160532814,25,30,20
3,9789,0.0020535531033112776,0.0798975638966434,0.0001362708776610876,0.9179126121223853,25,30,20
3,9790,0.0015533634689870995,0.07989756388805792,0.005298789659390071,0.9132502829835668,25,30,20
3,9791,0.0014254031968924934,0.07986931810085758,0.004926167656697744,0.9137791110455524,25,30,20
3,9792,0.00315356725735885,0.07988529108650501,0.00027634825344060893,0.9166847934026953,25,30,20
3,9793,0.0030753720005830027,0.07989640843385044,0.00014076175694182266,0.9168874578086242,25,30,20
3,9794,0.003098557147166522,0.07985582520075762,3.253974290969984e-05,0.9170130779091665,25,30,20
3,9795,0.0012633062887672621,0.07984771806069105,2.6464753613815337e-05,0.9188625108969277,25,30,20
3,9796,0.004210936437704239,0.07985905632426238,2.973384204682216e-05,0.9159002733959867,25,30,20
3,9797,0.0016044369428783029,0.07987769254796609,4.63229198966282e-05,0.9184715475892592,25,30,20
3,9798,0.002325435705342738,0.07943465834891955,0.0004433949759695846,0.9177965109697672,25,30,20
3,9799,0.00389403201360593,0.0799098863506217,3.1269193359109505e-06,0.9161929547164366,25,30,20
3,9800,0.005717804647977878,0.0798976488526633,6.96685005440137e-06,0.9143775796493042,25,30,20
3,9801,0.006599939854476178,0.07895949036514742,1.1341120273681008e-05,0.9144292286601035,25,30,20
3,9802,0.00439488163892073,0.04071722865825162,0.03945477298596915,0.9154331167168592,25,30,20
3,9803,0.0024149247538274533,0.04072173109313057,0.039448726129147425,0.9174146180238957,25,30,20
3,9804,0.0016164990643175974,0.0399432147224834,0.006191118029857156,0.9522491681833424,25,30,20
3,9805,0.002063862950300092,0.03992326580463302,0.006218759394747788,0.9517941118503194,25,30,20
3,9806,0.0016411604730596347,0.0399432156331214,0.006187320476668051,0.9522283034171515,25,30,20
3,9807,0.0026173286344293666,0.03994320562712858,0.005036949679938697,0.9524025160585026,25,30,20
3,9808,0.0022329596208415224,0.03994320564513759,1.1713782432220522e-05,0.9578121209515882,25,30,20
3,9809,0.0016292238635179752,0.03989426806589519,1.1543507093148165e-05,0.9584649645634942,25,30,20
3,9810,0.003980932496740278,0.039894268073536465,3.895222346200372e-06,0.9561209042073766,25,30,20
3,9811,0.002468039406831046,0.03995126330167923,2.2475726256711346e-05,0.9575582215652326,25,30,20
3,9812,0.00229205814388932,0.03995126328253818,1.765512214915893e-05,0.957739023451423,25,30,20
3,9813,0.0015705980950130136,0.039673741314068436,2.2102448237696806e-05,0.9587335581426818,25,30,20
3,9814,0.001406518389978391,0.039910393068178236,1.221454197115094e-05,0.9586708739998737,25,30,20
3,9815,0.002322937909386878,0.039943223022752494,5.192455046174674e-06,0.9577286466128142,25,30,20
3,9816,0.0015711252261023123,0.03995126248105097,0.00027293985595545136,0.9582046724368919,25,30,20
3,9817,0.0016516304596081522,0.039911037289445964,0.0003023804504163023,0.9581349518005301,25,30,20
3,9818,0.004711699862491396,0.03995519824963663,0.00010393804961076163,0.9552291638382616,25,30,20
3,9819,0.004670752661235979,0.039911211684024776,0.00015081879874801214,0.9552672168559913,25,30,20
3,9820,0.007923658450442819,0.039911211901322415,0.000153957203963168,0.9520111724442707,25,30,20
3,9821,0.004090249627434509,0.03991121144825136,0.03827503752373659,0.9177235014005772,25,30,20
3,9822,0.0022576463007443867,0.03993826249961342,0.03902547760322285,0.9187786135964192,25,30,20
3,9823,0.0018866045428529577,0.039951268050862423,0.040073147822779355,0.9180889795835077,25,30,20
3,9824,0.0014433543233740831,0.03995126802439748,0.04003084735980954,0.9185745302924186,25,30,20
3,9825,0.001441119618292631,0.03992729242035826,0.04052757993120408,0.9181040080301441,25,30,20
3,9826,0.0017097701703264834,0.03992729241657729,0.04003255241884293,0.918330384994253,25,30,20
3,9827,0.004786340533161742,0.039927292408481356,0.038591203348839975,0.9166951637095176,25,30,20
3,9828,0.003000564794810141,0.03995470048367372,0.07385882599698636,0.8831859087245304,25,30,20
3,9829,0.0025503184760407686,0.03994543475152147,0.07421169377686279,0.8832925529955753,25,30,20
3,9830,0.03658523200795472,0.03994187342523134,0.044690915927320767,0.8787819786394939,25,30,20
3,9831,0.03713881029205011,0.03994186634039553,0.0050611303393717855,0.9178581930281823,25,30,20
3,9832,0.041797525723835084,0.03995436875034785,5.8823334517962696e-05,0.9181892821912999,25,30,20
3,9833,0.0133632571439321,0.03994302016377758,0.03246484434724133,0.91422887834505,25,30,20
3,9834,0.01371944147655263,0.03994302018370919,0.03255411885499327,0.9137834194847452,25,30,20
3,9835,0.013699032229939867,0.0399196433930486,0.02796052028853928,0.9184208040884724,25,30,20
3,9836,0.013663949731598552,0.039954990739158515,0.028320564564205217,0.918060494965039,25,30,20
3,9837,0.013643708313437319,0.039954567808214436,0.027961509730126507,0.918440214148221,25,30,20
3,9838,0.0016797151447535841,0.039946637191461444,0.03995816520922898,0.9184154824545562,25,30,20
3,9839,0.0015276065406413892,0.039946637198503464,0.04461622803208932,0.913909528228766,25,30,20
3,9840,0.001567059012390616,0.039946637176050036,0.044611353630995394,0.9138749501805637,25,30,20
3,9841,0.004725765262095928,0.03995498840826614,0.03997203493785467,0.9153472113917834,25,30,20
3,9842,0.00572193106834242,0.03995498843365877,0.039939943499545084,0.9143831369984539,25,30,20
3,9843,0.0042536695892921045,0.03993175245749074,0.03989079008435954,0.9159237878688569,25,30,20
3,9844,0.0038712660785981934,0.03995452101492973,0.039280480799589276,0.9168937321068833,25,30,20
3,9845,0.002013898686484747,0.03995452100259061,0.07439726337118203,0.8836343169397436,25,30,20
3,9846,0.0025204719059385206,0.039932823475621965,0.0796787122444584,0.8778679923739812,25,30,20
3,9847,0.0016257813454249174,0.039932823480021,0.07967195414050683,0.878769441034047,25,30,20
3,9848,0.0024168881658784428,0.039954992165313306,0.0796896306557141,0.877938489013095,25,30,20
3,9849,0.002179526878867909,0.03995499917345425,0.08415383816513748,0.8737116357825397,25,30,20
3,9850,0.0019672163951454237,0.03997286916381724,0.0843086874460851,0.8737512269949528,25,30,20
3,9851,0.025380033960619403,0.03993304211808126,0.0605228423517375,0.8741640815695629,25,30,20
3,9852,0.046490631365641626,0.03993172178780408,0.03846891286066459,0.8751087339858908,25,30,20
3,9853,0.013228651041189072,0.03993172315381671,0.07121096977020965,0.8756286560347866,25,30,20
3,9854,0.005406122586199566,0.03996154344178598,0.07951881799496875,0.8751135159770469,25,30,20
3,9855,0.05007387405170394,0.039954558602776725,0.033618950530897515,0.8763526168146221,25,30,20
3,9856,0.04943337437085965,0.03995455844319457,0.03359918677791511,0.8770128804080302,25,30,20
3,9857,0.04778237063132385,0.03995073895148946,0.038275040537703,0.8739918498794838,25,30,20
3,9858,0.07576552512096578,0.03995073867667883,0.005844436000565722,0.8784393002017902,25,30,20
3,9859,0.07671229667531318,0.03992731211591197,0.005789489005619529,0.8775709022031555,25,30,20
3,9860,0.07770357014724204,0.03902546677426326,0.005918278224339357,0.8773526848541557,25,30,20
3,9861,0.08244456557856258,0.03995071106129388,0.00029498478134269067,0.8773097385788009,25,30,20
3,9862,0.08138872960400075,0.03994322642171785,0.0003693738917178306,0.8782986700825635,25,30,20
3,9863,0.08203889512191992,0.039943226557848835,0.0004303694411673436,0.877587508879063,25,30,20
3,9864,0.06530055763713055,0.03994381109515576,0.016329233353595093,0.8784263979141183,25,30,20
3,9865,0.07723082721492011,0.039943235896680765,0.00435918576814609,0.8784667511202515,25,30,20
3,9866,0.07650343751591829,0.03994323368502397,0.004756358106642376,0.8787969706924147,25,30,20
3,9867,0.05059054365592007,0.047160096230359445,0.02506681184092209,0.8771825482727986,25,30,20
3,9868,0.04910566170466117,0.047163066926004166,0.02572690449785768,0.8780043668714772,25,30,20
3,9869,0.0412035309820983,0.039954917971906534,0.04082909659823419,0.8780124544477613,25,30,20
3,9870,0.04206231145128539,0.03995491777930155,0.04027615779999363,0.8777066129694202,25,30,20
3,9871,0.03568027679659212,0.04006960945478685,0.04615624741762029,0.8780938663310002,25,30,20
3,9872,0.040770561190774164,0.039931953976882956,0.040448986462404496,0.8788484983699392,25,30,20
3,9873,0.04174099626359242,0.039955052695393053,0.040697336668789996,0.8776066143722242,25,30,20
3,9874,0.042540907503737374,0.03991982021307681,0.05102428291013035,0.8665149893730556,25,30,20
3,9875,0.04424292602557316,0.0399525846203254,0.03715353673283064,0.8786509526212712,25,30,20
3,9876,0.0418889801059021,0.03994293024434426,0.039395581986379755,0.8787725076633742,25,30,20
3,9877,0.043865538507619484,0.04815431408865505,0.029183982395114855,0.8787961650086109,25,30,20
3,9878,0.08351559518428087,0.048154314483138755,0.029544688534263557,0.8387854017983171,25,30,20
3,9879,0.03673429148607809,0.07991969335299319,0.04549458483190352,0.8378514303290232,25,30,20
3,9880,0.041499436116031935,0.07990935182873224,0.040856107901989916,0.8377351041532445,25,30,20
3,9881,0.0014437159789945744,0.07989773621003943,0.07986989171852366,0.8387886560924431,25,30,20
3,9882,0.012448031011639615,0.08107649542533961,0.06777889617367737,0.8386965773893448,25,30,20
3,9883,0.013445357435866907,0.07946230604963878,0.06915400094312486,0.8379383355713699,25,30,20
3,9884,0.012670395106077783,0.07989814368068807,0.06878743712577086,0.8386440240874637,25,30,20
3,9885,0.012887075838111077,0.0789997544054585,0.06931246642769924,0.8388007033287311,25,30,20
3,9886,0.023258493208117677,0.0790265777525215,0.05930618911600157,0.8384087399233606,25,30,20
3,9887,0.0229747494919607,0.07987048247421065,0.05870132272158535,0.8384534453122453,25,30,20
3,9888,0.032776584862393994,0.07988645955682352,0.05870284123590792,0.8286341143448753,25,30,20
3,9889,0.02341407922264994,0.08100543142616307,0.057567666394177826,0.8380128229570102,25,30,20
3,9890,0.022522203451194,0.07989473007692979,0.05885582363411773,0.8387272428377582,25,30,20
3,9891,0.04564031253424237,0.07989763964299984,0.03644283974740915,0.8380192080753488,25,30,20
3,9892,0.04519816545122293,0.07989798578399215,0.03708428500563527,0.8378195637591496,25,30,20
3,9893,0.0427010200512972,0.07988527824863464,0.040389899562380815,0.8370238021376882,25,30,20
3,9894,0.02676306438995054,0.07983651594832128,0.05044172920827787,0.8429586904534504,25,30,20
3,9895,0.028515834227431064,0.07988545559879888,0.05045535354692604,0.8411433566268446,25,30,20
3,9896,0.028283696091619213,0.07987818483168935,0.05008385894661783,0.8417542601300738,25,30,20
3,9897,0.041461325495999325,0.07987949295244742,0.03978175312991353,0.8388774284216407,25,30,20
3,9898,0.04177395323341903,0.07989878983841278,0.039775274360371905,0.8385519825677967,25,30,20
3,9899,0.035906771433616785,0.0781354733312653,0.04715618989843644,0.8388015653366826,25,30,20
3,9900,0.011610533618232319,0.07946200023718024,0.08164618706206678,0.8272812790825219,25,30,20
3,9901,0.042350637826916865,0.07946197757157222,0.05001019756960771,0.8281771870319043,25,30,20
3,9902,0.04238478096616081,0.07945023514861306,0.05002341743638081,0.8281415664488452,25,30,20
3,9903,0.04333398427177948,0.07981945039679346,0.05002403093618054,0.8268225343952451,25,30,20
3,9904,0.03709234682715962,0.07986233445135232,0.05756600334877599,0.8254793153727124,25,30,20
3,9905,0.035272635691133904,0.03996258741373168,0.08643411990196903,0.8383306569931664,25,30,20
3,9906,0.04388061627037023,0.03994336734420668,0.07827713149266895,0.8378988848927523,25,30,20
3,9907,0.07511393241203239,0.03994389725936261,0.04672706723262803,0.838215103095977,25,30,20
3,9908,0.07701379143748037,0.03995113420053762,0.04918007272120172,0.83385500164078,25,30,20
3,9909,0.07599912358824451,0.039951134184683754,0.04520636182173187,0.8388433804053399,25,30,20
3,9910,0.062475246858698555,0.039935052714627946,0.05945346687029719,0.838136233556377,25,30,20
3,9911,0.027104705467408233,0.039954143199924096,0.09421863568346761,0.8387225156492003,25,30,20
3,9912,0.02709403946067885,0.03995414320168393,0.09412616991201242,0.8388256474256246,25,30,20
3,9913,0.04283630532321183,0.03994320123146753,0.07848826752426816,0.8387322259210539,25,30,20
3,9914,0.03261865212657509,0.039943223773202745,0.08857332600598357,0.8388647980942406,25,30,20
3,9915,0.035002604767127604,0.039927217266776546,0.08701280696480308,0.8380573710012926,25,30,20
3,9916,0.0026572323726776286,0.0399442316265976,0.11866212617232946,0.8387364098283974,25,30,20
3,9917,0.0062060338523536795,0.039943570206761134,0.11519092087408041,0.8386594750668052,25,30,20
3,9918,0.04642963668645209,0.03992404539357858,0.07598877700180853,0.8376575409181602,25,30,20
3,9919,0.04166683034641647,0.03992404475620547,0.08010964582165066,0.8382994790757273,25,30,20
3,9920,0.02168814550497109,0.03995117608192779,0.09779775218327547,0.840562926229826,25,30,20
3,9921,0.042609785255772074,0.03995117363637561,0.07957603712440388,0.837863003983448,25,30,20
3,9922,0.008976593979355584,0.03995498040778325,0.11249951396373621,0.8385689116491257,25,30,20
3,9923,0.038309842763466356,0.03994322051467389,0.07833888372754591,0.8434080529943132,25,30,20
3,9924,0.08205092356310657,0.039951255778075116,0.03531026666416568,0.8426875539946523,25,30,20
3,9925,0.04415785117885337,0.03995471535940348,0.0749946637532805,0.840892769708462,25,30,20
3,9926,0.044974178870276764,0.03991176136864531,0.07972840087839334,0.8353856588826842,25,30,20
3,9927,0.05919585583185958,0.06462454389411476,0.0425596090257695,0.833619991248255,25,30,20
3,9928,0.042167225156399084,0.07818179685835058,0.042082133417129304,0.8375688445681213,25,30,20
3,9929,0.0343135581280817,0.0798980642212212,0.049740936988994414,0.8360474406617048,25,30,20
3,9930,0.04095274709077207,0.07989809295355016,0.04033349580339311,0.8388156641522854,25,30,20
3,9931,0.04197464304475564,0.07989721447291172,0.03931266449841807,0.8388154779839145,25,30,20
3,9932,0.042389543656414286,0.0798984269458941,0.03900602328565189,0.8387060061120405,25,30,20
3,9933,0.00505795976007632,0.07986675535510464,0.0782335405999258,0.8368417442848927,25,30,20
3,9934,0.003236964637972361,0.07987454951598696,0.07820937185244783,0.8386791139935924,25,30,20
3,9935,0.0036307803469077197,0.07985407963158606,0.07829926803465764,0.8382158719868481,25,30,20
3,9936,0.0036282820464831355,0.07990623241690051,0.07769469984036083,0.8387707856962565,25,30,20
3,9937,0.028935712048531233,0.07985388769908347,0.04835879111691861,0.8428516091354672,25,30,20
3,9938,0.05811568503859403,0.0799030902737381,0.019215992899811615,0.8427652317878569,25,30,20
3,9939,0.059000037420955914,0.07896323037871035,0.019563393199628916,0.8424733390007044,25,30,20
3,9940,0.041752349366306396,0.07988159622633959,0.03873900866438586,0.8396270457429683,25,30,20
3,9941,0.04206513146193222,0.0798521420168296,0.03878891099329989,0.8392938155279386,25,30,20
3,9942,0.041044743644919016,0.07929936397538642,0.03925413276979671,0.840401759609898,25,30,20
3,9943,0.04233954581808285,0.07928749326386089,0.04123719292216671,0.8371357679958897,25,30,20
3,9944,0.04107593015254324,0.0794022828025598,0.040541775356189406,0.8389800116887082,25,30,20
3,9945,0.04161070089842449,0.07940228280397568,0.03695024079943215,0.8420367754981675,25,30,20
3,9946,0.04235247546073517,0.07937451577804155,0.00046641946919006113,0.8778065892920336,25,30,20
3,9947,0.0437150377189998,0.07937424368163187,0.0011507796561840734,0.8757599389431843,25,30,20
3,9948,0.05288455748468386,0.07937424367177506,0.001421416240256694,0.8663197826032843,25,30,20
3,9949,0.05328044407689212,0.07937420701734546,0.001136531647359479,0.8662088172584039,25,30,20
3,9950,0.051481287999812206,0.0798614452936666,0.0005017199464240755,0.8681555467600972,25,30,20
3,9951,0.04133591436374433,0.0613466268471673,0.019269018736801934,0.8780484400522862,25,30,20
3,9952,0.04310338805344146,0.07983167987583924,0.007049276119321346,0.8700156559513971,25,30,20
3,9953,0.03826802347066719,0.07958868476178109,0.005049756884661933,0.877093534882889,25,30,20
3,9954,0.04219579949612122,0.07989685325715495,0.006898542246573012,0.8710088050001505,25,30,20
3,9955,0.010772902684349545,0.07990921339940864,0.03791471423846578,0.8714031696777765,25,30,20
3,9956,0.011735210002684703,0.0798971615639628,0.04002543658030291,0.8683421918530507,25,30,20
3,9957,0.00186060461964864,0.0799129384067051,0.039948168289494934,0.8782782886841528,25,30,20
3,9958,0.0023815844226466455,0.07991293827553797,0.03985305014833125,0.8778524271534854,25,30,20
3,9959,0.0013869379562555329,0.07990239338794304,0.03990750359288836,0.8788031650629139,25,30,20
3,9960,0.002312517211674618,0.07990091446153522,0.03995281450692938,0.8778337538198615,25,30,20
3,9961,0.002325626029011008,0.07990727570381381,0.03993834470140757,0.8778287535657675,25,30,20
3,9962,0.005707154324651701,0.07990583002958941,0.03373724310289973,0.8806497725428593,25,30,20
3,9963,0.005674804047267763,0.07817301225334508,0.03546621192917702,0.8806859717702104,25,30,20
3,9964,0.005703423675048892,0.0798920054237469,0.03373810915001844,0.8806664617511862,25,30,20
3,9965,0.0025537516430360983,0.07988614955615253,0.039950185236955725,0.8776099135638559,25,30,20
3,9966,0.003473242241697373,0.07988614951205815,0.0365300934965659,0.8801105147496786,25,30,20
3,9967,0.003207253826783603,0.014536916287770063,0.1052528554075411,0.8770029744779064,25,30,20
3,9968,0.0031905962942826464,0.04033552950625074,0.07860911405049163,0.8778647601489773,25,30,20
3,9969,0.001680949102894999,0.0014590514973217208,0.11804276304216625,0.8788172363576162,25,30,20
3,9970,0.0021809785493840063,5.649914387409846e-07,0.11897905883632764,0.8788393976228487,25,30,20
3,9971,0.013665445215154844,4.914687387832191e-07,0.10960279688609843,0.876731266430008,25,30,20
3,9972,0.04013113553872947,1.9240998295659952e-10,0.08161497951556554,0.8782538847532946,25,30,20
3,9973,0.013134047691472505,1.8349459188642838e-10,0.10906604657268121,0.8777999055523528,25,30,20
3,9974,0.03092728789038508,3.8332380306750784e-10,0.09052341627026614,0.8785492954560254,25,30,20
3,9975,0.0064805024614679515,1.8630175598716194e-05,0.11468795015058256,0.8788129172123516,25,30,20
3,9976,0.006556490494678895,1.8630216718989264e-05,0.11971551716591002,0.8737093621226932,25,30,20
3,9977,0.0027618328334483968,2.445522192422893e-07,0.11962915058738707,0.877608772026947,25,30,20
3,9978,0.00478215385668534,2.4456552841297536e-07,0.12401607388943459,0.8712015276883511,25,30,20
3,9979,0.0023182856847998533,5.014389820542331e-07,0.12035547639188168,0.8773257364843368,25,30,20
3,9980,0.03164977862064895,1.4080767360835458e-05,0.09283242255488065,0.8755037180571092,25,30,20
3,9981,0.02890235970462943,2.701072458178503e-07,0.09265530406056958,0.8784420661275558,25,30,20
3,9982,0.04135108950303486,2.7011420628247563e-07,0.07992402989110244,0.8787246104916582,25,30,20
3,9983,0.041652291929205505,2.5765883786251907e-08,0.07992951296419193,0.8784181693407198,25,30,20
3,9984,0.041742930316405136,0.0002904816409136208,0.0795612375172541,0.8784053505254272,25,30,20
3,9985,0.023095226160806216,0.0002904875803658924,0.09819418619042879,0.8784201000683991,25,30,20
3,9986,0.06078181158295418,0.0004482271337579583,0.06083531960086634,0.8779346416824206,25,30,20
3,9987,0.041215745030776185,1.1397760459936203e-09,0.0805637744102729,0.8782204794191751,25,30,20
3,9988,0.08153204359797833,6.67754600815235e-10,0.04176693106874836,0.8767010246655186,25,30,20
3,9989,0.05662079666799981,8.637873135478919e-06,0.06228853208144908,0.8810820333774149,25,30,20
3,9990,0.07733116723855166,8.63813775225977e-06,0.04160881983695593,0.8810513747867401,25,30,20
3,9991,0.08021904171017916,2.389057583146601e-06,0.02696281209143452,0.8928157571408042,25,30,20
3,9992,0.0812593368857818,8.010362897132031e-11,2.8431222763929735e-05,0.9187122318113513,25,30,20
3,9993,0.044062747173025725,2.669044014592631e-08,0.03645269641068084,0.9194845297258547,25,30,20
3,9994,0.04490996417239476,2.644903123896184e-08,0.035484869355453974,0.9196051400231208,25,30,20
3,9995,0.0450360077138563,2.6471436950068685e-08,0.03548346897714694,0.9194804968375601,25,30,20
3,9996,0.02597239154039479,3.064642801745685e-08,0.05584684789365627,0.9181807299195199,25,30,20
3,9997,0.005346805198399187,1.1606863426406068e-07,0.04824957983863075,0.9464034988943366,25,30,20
3,9998,0.0045538230156975,1.0748946961668436e-08,0.03730680612008337,0.9581393601152733,25,30,20
3,9999,0.003923594075285542,4.1137456001607677e-07,0.04019178258518026,0.955884211964975,25,30,20
3,10000,0.002339298843039345,1.7981369587960463e-09,0.039893594958811264,0.9577671044000136,25,30,20
