run,generation,degenerate,holistic,other,compositional,popsize,turnover_rounds,group_rounds
9,0,0.9987713554999793,1.4267839920713722e-08,0.0012266915175253483,1.938714656782331e-06,25,30,20
9,1,0.8734598632979294,2.0509597933213615e-07,0.12046353001492531,0.006076401591158981,25,30,20
9,2,0.8733307460280755,4.761670970454939e-06,0.12055877968862319,0.006105712612328015,25,30,20
9,3,0.7538038046263752,8.995955454606836e-05,0.2052910904610847,0.04081514535799355,25,30,20
9,4,0.7287756958401529,6.009924919692276e-05,0.2614216294935062,0.009742575417142893,25,30,20
9,5,0.815542293911099,4.238829534914892e-06,0.18262047142188514,0.0018329958374811244,25,30,20
9,6,0.7349555475646578,3.950326221952913e-06,0.26307190543086567,0.0019685966782555446,25,30,20
9,7,0.7741728075792271,3.6354549547070375e-06,0.22569844051822657,0.0001251164475929561,25,30,20
9,8,0.8221957801178056,3.611458634798222e-06,0.1776288030518894,0.00017180537167132973,25,30,20
9,9,0.786235717087395,3.745728450529783e-06,0.21197100555015172,0.0017895316340039314,25,30,20
9,10,0.8171610291098755,1.3090072796701367e-05,0.18104044349189707,0.0017854373254325537,25,30,20
9,11,0.7799161011106831,1.4482221076338008e-05,0.19937785027126215,0.020691566396978715,25,30,20
9,12,0.7420578800539096,1.4507366200963733e-05,0.20085794410416988,0.05706966847572052,25,30,20
9,13,0.7785533059463131,1.1851590391335257e-05,0.21775987410531372,0.0036749683579811103,25,30,20
9,14,0.7933152385958294,1.1782551459890178e-05,0.20649721554962588,0.00017576330308488277,25,30,20
9,15,0.7239185518851902,8.678091282130252e-06,0.2711574106295284,0.004915359393999823,25,30,20
9,16,0.7446496256521136,8.50259057209693e-06,0.2552390138985897,0.00010285785872503713,25,30,20
9,17,0.7283183775378267,8.342062905294171e-06,0.2716264867453702,4.67936538976143e-05,25,30,20
9,18,0.7930075799968865,9.453359314322857e-06,0.20693787473497025,4.509190882936145e-05,25,30,20
9,19,0.731179734952695,1.0449870987384268e-05,0.2681465874255346,0.0006632277507838061,25,30,20
9,20,0.7754370840696586,0.004273983213421783,0.20519520920755852,0.01509372350936212,25,30,20
9,21,0.7356474632054696,0.004272946176221617,0.2449989049126394,0.01508068570566889,25,30,20
9,22,0.6557696393990876,0.00017603717982743222,0.3289764425800214,0.015077880841063446,25,30,20
9,23,0.635074101600852,8.982969889111952e-06,0.36422116653695064,0.0006957488923085063,25,30,20
9,24,0.7008451940324177,8.268198830795364e-06,0.29847695699101373,0.0006695807777380801,25,30,20
9,25,0.7104418815867324,1.0596637417506754e-05,0.2888842980456375,0.0006632237302109015,25,30,20
9,26,0.6785332317444405,0.0004228807103473993,0.3203719884578314,0.0006718990873810975,25,30,20
9,27,0.7122781314227309,2.4681260641565693e-05,0.28705262164963796,0.0006445656669906896,25,30,20
9,28,0.7043855536534572,2.2365260298329806e-05,0.29494004114941447,0.0006520399368309662,25,30,20
9,29,0.6975246014508865,2.23619907304043e-05,0.3017996641195082,0.0006533724388758993,25,30,20
9,30,0.6747591622297368,2.260209466718252e-05,0.32456611482789427,0.0006521208477033649,25,30,20
9,31,0.6407895833879346,2.700768987609171e-05,0.35852104226589604,0.0006623666562938412,25,30,20
9,32,0.625607162507962,2.2468648925461627e-05,0.3737085195276439,0.0006618493154668064,25,30,20
9,33,0.6575283241465274,2.249317770731327e-05,0.3417845206032093,0.0006646620725554382,25,30,20
9,34,0.6542151651821031,2.2392263814678194e-05,0.34513661689504715,0.000625825659035385,25,30,20
9,35,0.6500436750950028,2.566700807233392e-05,0.34873288254369794,0.0011977753532269688,25,30,20
9,36,0.6295173969439025,2.5665308903893088e-05,0.33638733379394575,0.0340696039532475,25,30,20
9,37,0.5896777129747997,2.5659783276393418e-05,0.4096677948580031,0.0006288323839236953,25,30,20
9,38,0.5859324877571495,2.2389172920880863e-05,0.41341517451097765,0.0006299485589546536,25,30,20
9,39,0.6728494734054979,2.249436646167476e-05,0.32646475899226135,0.0006632732357810751,25,30,20
9,40,0.7085073832303889,2.2493273982652483e-05,0.29081463729059437,0.0006554862050349161,25,30,20
9,41,0.6768923773012271,8.236327143438468e-06,0.32247038564050007,0.0006290007311316745,25,30,20
9,42,0.7168462034067832,4.201671440230312e-08,0.2824628191946441,0.0006909353818593224,25,30,20
9,43,0.6411004955921836,8.258078766131168e-07,0.3582690458724085,0.0006296327275315283,25,30,20
9,44,0.6137712120394658,5.886423605205434e-07,0.3855816984999853,0.0006465008181903728,25,30,20
9,45,0.6652651661843055,5.331328747362959e-08,0.3340884782672146,0.0006463022351925577,25,30,20
9,46,0.6684560106857971,5.1180712084226793e-08,0.33089909917439814,0.000644838959093188,25,30,20
9,47,0.6002280456916017,3.1095151299823327e-06,0.3900090854914292,0.009759759301839185,25,30,20
9,48,0.5534834784050866,3.548121585222824e-06,0.4458754281170341,0.0006375453562935515,25,30,20
9,49,0.6051100266963672,6.035750872776068e-06,0.39425624239105805,0.0006276951617032663,25,30,20
9,50,0.6032787885268079,3.0020988072162603e-06,0.37976260721595545,0.01695560215842994,25,30,20
9,51,0.6141568007683186,3.168116318213792e-05,0.3694522156304749,0.016359302438024265,25,30,20
9,52,0.5561372393346715,0.00936584597349454,0.41814984743328326,0.01634706725855075,25,30,20
9,53,0.5665971703531344,0.00011667994814067659,0.4169386403223778,0.016347509376345347,25,30,20
9,54,0.5699913673739136,0.00011887456766096644,0.41354264077845676,0.01634711727996713,25,30,20
9,55,0.5387781054685432,1.6412753909800973e-05,0.4605442221403377,0.0006612596372096719,25,30,20
9,56,0.5264395221289752,0.0003332830768338872,0.4365063164668188,0.03672087832737338,25,30,20
9,57,0.5632780324489094,2.0347681831932144e-06,0.4360586394286514,0.0006612933542595933,25,30,20
9,58,0.622153751365919,2.0496011162222988e-06,0.377182888818956,0.0006613102140099835,25,30,20
9,59,0.5898915073032648,3.844020139588651e-06,0.4062281577928275,0.0038764908837695157,25,30,20
9,60,0.5657517549929958,2.0355699272785365e-06,0.40410344373119533,0.030142765705884113,25,30,20
9,61,0.5524635377927163,8.757092460214461e-05,0.4173013089470174,0.030147582335666185,25,30,20
9,62,0.5320382254535383,8.780490887718411e-05,0.43586771719650935,0.03200625244107341,25,30,20
9,63,0.5425937413225328,8.802197671807777e-05,0.3900490977146545,0.06726913898609438,25,30,20
9,64,0.5827464822255768,8.802103139486689e-05,0.3552351352041525,0.0619303615388743,25,30,20
9,65,0.5417342484376751,8.802919720637659e-05,0.43085957574264033,0.02731814662247738,25,30,20
9,66,0.5378221248291379,1.1134693514526336e-06,0.43486119539597945,0.027315566305529622,25,30,20
9,67,0.5003065176760575,7.669846368465808e-05,0.4723013521659777,0.027315431694277397,25,30,20
9,68,0.5376020578071669,0.015805291293561303,0.41576073809104286,0.030831912808227897,25,30,20
9,69,0.5378176968731302,0.015805291293228697,0.41554511681263806,0.030831895021002077,25,30,20
9,70,0.542708786270634,0.015805094291165445,0.4106601558361502,0.030825963602049443,25,30,20
9,71,0.5582046251669053,0.0158045432717767,0.3951646667260383,0.03082616483527921,25,30,20
9,72,0.5507422235740532,7.615641117897243e-05,0.4183646089544438,0.030817011060323862,25,30,20
9,73,0.5586165589005442,7.615093605398855e-05,0.41049523107814606,0.030812059085255843,25,30,20
9,74,0.600928102353203,5.608550344520449e-07,0.3682624312317794,0.03080890555998471,25,30,20
9,75,0.6034527580469325,5.594688492465348e-07,0.36573776783196266,0.030808914652257387,25,30,20
9,76,0.6015183626872427,8.230708718251692e-07,0.36767129653969505,0.030809517702193024,25,30,20
9,77,0.5473710565553344,4.874502882762648e-05,0.42176879766161074,0.0308114007542298,25,30,20
9,78,0.5474507810580317,4.874503535609225e-05,0.4216891041354909,0.030811369771123108,25,30,20
9,79,0.5087142763777671,4.874304483196755e-05,0.4603570977616242,0.030879882815776777,25,30,20
9,80,0.4979065266143436,1.3653347208419264e-06,0.4712043686127175,0.030887739438216738,25,30,20
9,81,0.4955247824275764,1.258441387177165e-06,0.47366274714099044,0.030811211990049343,25,30,20
9,82,0.5158031390967747,5.70268195508456e-07,0.45336736164386815,0.030828928991161485,25,30,20
9,83,0.47568767620170205,5.745130251219044e-07,0.4538716958779554,0.07044005340731752,25,30,20
9,84,0.46472705466216774,1.144995135261119e-06,0.46448440671133506,0.07078739363136144,25,30,20
9,85,0.5030402951455002,0.00018248324317000683,0.46589816817218876,0.03087905343913909,25,30,20
9,86,0.5303692382314066,1.7297843908492262e-05,0.39533200996266965,0.07428145396201519,25,30,20
9,87,0.4875581025106532,1.730142588698024e-05,0.4351463585616217,0.07727823750183634,25,30,20
9,88,0.48493051254965425,1.7297955609787353e-05,0.4423401378240317,0.07271205167070274,25,30,20
9,89,0.4770446678468311,1.73952213592805e-05,0.4502252568942056,0.07271268003760134,25,30,20
9,90,0.4863534220815648,1.7307524535843633e-05,0.4807962556001978,0.032833014793699655,25,30,20
9,91,0.4788132698353836,3.445150165040783e-07,0.4884704679838782,0.03271591766572065,25,30,20
9,92,0.4273580232789079,0.0038517646503501675,0.5094947668468499,0.05929544522389123,25,30,20
9,93,0.42565065150794906,0.0038500507934583544,0.5378284772119198,0.03267082048667253,25,30,20
9,94,0.48771776326498595,0.0038500478613589743,0.4756923219951944,0.032739866878458354,25,30,20
9,95,0.4460261132021896,0.0038502508764844106,0.5173274439020887,0.032796192019233894,25,30,20
9,96,0.40585985344889564,0.0038501470380561086,0.5575138278853822,0.03277617162766344,25,30,20
9,97,0.4440640313457632,0.003850146462101056,0.519318546595659,0.03276727559647456,25,30,20
9,98,0.42641556062375785,0.0038522932201763794,0.5147350167261631,0.05499712942990006,25,30,20
9,99,0.47804627251892634,0.003934997638843346,0.46309102239341565,0.05492770744881551,25,30,20
9,100,0.4838135516705696,0.0038523021223274482,0.45740549031197075,0.05492865589513202,25,30,20
9,101,0.4408298126941588,0.0038523352281597673,0.5003891281436963,0.054928723933983174,25,30,20
9,102,0.5160303097922365,0.0038501814743926934,0.4341386711363704,0.04598083759699795,25,30,20
9,103,0.4877072618571328,0.003850197153969162,0.462461664603639,0.04598087638525763,25,30,20
9,104,0.5007087706777006,0.0038550498507124126,0.44944672126772667,0.0459894582038604,25,30,20
9,105,0.501178995177138,0.003855049825522962,0.4489087278354875,0.04605722716185327,25,30,20
9,106,0.5011647256805144,0.003854802020692048,0.4489232659998558,0.04605720629894051,25,30,20
9,107,0.5014043800090238,0.0038548020929700427,0.4486817728146086,0.04605904508339925,25,30,20
9,108,0.49699549632434353,0.0038548019640335233,0.4536959010088533,0.04545380070277053,25,30,20
9,109,0.43624997965275397,0.003854800854548887,0.5144416859905282,0.04545353350217118,25,30,20
9,110,0.43625095899795563,0.0038548001203367837,0.47809834400602297,0.08179589687568724,25,30,20
9,111,0.39927098301007086,0.0038547749472069293,0.512906987880658,0.08396725416206664,25,30,20
9,112,0.4392917513956718,0.0038547791954540002,0.4748444960821638,0.08200897332671386,25,30,20
9,113,0.4369454360702331,0.0038599206903809913,0.49733821769635,0.06185642554304009,25,30,20
9,114,0.3980931897450501,1.1547830574210664e-05,0.540039415498136,0.061855846926243505,25,30,20
9,115,0.4380347878129603,6.55998221406242e-06,0.5197967818934333,0.042161870311393186,25,30,20
9,116,0.38910940408866734,6.574494739361455e-06,0.5687203561479228,0.042163665268670394,25,30,20
9,117,0.38935499777170235,6.563832552860144e-06,0.5649497794490076,0.04568865894673907,25,30,20
9,118,0.390978747534149,6.564368042246865e-06,0.5635759923809978,0.045438695716813,25,30,20
9,119,0.3904261123550273,6.5645555443558355e-06,0.5643417735442392,0.04522554954518996,25,30,20
9,120,0.3937239959555282,6.399969358733086e-06,0.5610432517016445,0.045226352373470655,25,30,20
9,121,0.4531284032899234,0.0006331093693128957,0.5010130662677528,0.04522542107301271,25,30,20
9,122,0.4517413555146191,0.0006282689436158842,0.5024132204978661,0.04521715504390067,25,30,20
9,123,0.4175731288348258,1.6393738571881066e-06,0.537207194678095,0.045218037113222025,25,30,20
9,124,0.4174477197184306,1.6393722187014781e-06,0.5391949167952275,0.04335572411412346,25,30,20
9,125,0.453691850609605,2.5450920575781617e-06,0.5028068190468094,0.04349878525153,25,30,20
9,126,0.4872272381823182,2.544985630563421e-06,0.4692709807640312,0.04349923606802203,25,30,20
9,127,0.4536286858120879,2.531050960102745e-06,0.463085998830755,0.08328278430619881,25,30,20
9,128,0.4635847749607376,2.59460360999269e-06,0.49289764537781144,0.04351498505784269,25,30,20
9,129,0.4631198858013335,2.5906562999707036e-06,0.49688932273190545,0.03998820081046346,25,30,20
9,130,0.462375648320668,2.5899980577028762e-06,0.49763354434675194,0.0399882173345257,25,30,20
9,131,0.4783447468070821,0.00024480454236574227,0.48142220565048055,0.03998824300007435,25,30,20
9,132,0.5021064541062412,0.0002447409927304849,0.45767673442432405,0.039972070476707894,25,30,20
9,133,0.5015492208682245,0.00024474139306910654,0.45823396159804086,0.03997207614066859,25,30,20
9,134,0.5011159777356887,0.00024359684494140558,0.4586199347035641,0.04002049071580841,25,30,20
9,135,0.506958408747967,0.00024359699385632794,0.4527764265842804,0.04002156767389898,25,30,20
9,136,0.5069589988959228,0.00024359691430525513,0.4527767868733624,0.040020617316412176,25,30,20
9,137,0.5075005434250687,0.00024359709080544608,0.45223516573152217,0.040020693752606376,25,30,20
9,138,0.505185681685522,0.0002435838303656681,0.45455008815513304,0.040020646328980884,25,30,20
9,139,0.5049537845654958,0.0002435843027778935,0.45478192418379765,0.04002070694793097,25,30,20
9,140,0.4765674720665226,0.0002558061734007798,0.48315527583475154,0.040021445925325354,25,30,20
9,141,0.485896520694207,0.00025580614550455613,0.47382623483595937,0.040021438324329944,25,30,20
9,142,0.48637859879547085,0.0002558064507279556,0.47334415564984894,0.04002143910395292,25,30,20
9,143,0.452074665416335,0.000255838918913647,0.5076452329280364,0.04002426273671372,25,30,20
9,144,0.4369443592883622,0.00025583891644742835,0.5227755478349837,0.04002425396020499,25,30,20
9,145,0.446434091193994,0.00025583890825521717,0.5132858169987933,0.04002425289895521,25,30,20
9,146,0.4295877268430107,0.00024344395675060103,0.490638065069027,0.07953076413121189,25,30,20
9,147,0.42914709129280193,0.0002436969695519111,0.4994379626291488,0.07117124910849601,25,30,20
9,148,0.4229353341860433,0.00024395316094176427,0.5056765726796072,0.0711441399734054,25,30,20
9,149,0.4604294841068694,0.00024396328121501412,0.4993265119644811,0.04000004064743346,25,30,20
9,150,0.4356948710198668,0.0002510823404444816,0.524000906175173,0.040053140464512624,25,30,20
9,151,0.435257769664689,0.0002516396484945304,0.524485849312561,0.04000474137425223,25,30,20
9,152,0.43550348423268603,0.00025165106874941624,0.5242179212815093,0.04002694341705227,25,30,20
9,153,0.43560467427021954,0.00025165099542386494,0.5241167641047162,0.040026910629636765,25,30,20
9,154,0.47309909719414983,0.00025161889465760077,0.4866251941084397,0.04002408980275224,25,30,20
9,155,0.4730931867338943,0.0002516189700581232,0.4866311047593382,0.04002408953670726,25,30,20
9,156,0.4357573779490366,0.00025161916349528027,0.5239646225901347,0.040026380297331396,25,30,20
9,157,0.4352888674401328,0.0002519583820697138,0.5244336432535113,0.04002553092428257,25,30,20
9,158,0.4354728921734624,0.0002519580071674142,0.5242496217187163,0.04002552810065029,25,30,20
9,159,0.39987206117688545,0.0002519458368075217,0.5598727372062962,0.040003255780006984,25,30,20
9,160,0.4005696363877867,0.00025169718258470473,0.5591754142772111,0.04000325215241337,25,30,20
9,161,0.40239129921809225,0.0002516619655968486,0.5573556272431915,0.04000141157311523,25,30,20
9,162,0.42628780697251045,9.447668181273616e-06,0.5337013427575367,0.04000140260176791,25,30,20
9,163,0.42602378079728487,9.447425863715223e-06,0.5339653878841979,0.040001383892649726,25,30,20
9,164,0.4258980165101769,9.447425145595172e-06,0.5340911520495837,0.0400013840150908,25,30,20
9,165,0.4146881251240827,9.448525176696197e-06,0.5453009972527393,0.040001429097998385,25,30,20
9,166,0.4249243267874182,9.098406839575395e-06,0.5350651537153724,0.04000142109036649,25,30,20
9,167,0.42386428163037065,9.098090337663404e-06,0.5361252010888584,0.040001419190431486,25,30,20
9,168,0.4217326175274714,9.098091930360437e-06,0.5382568640722625,0.04000142030833385,25,30,20
9,169,0.42183212786040447,9.098097291384039e-06,0.5381573360993943,0.0400014379429083,25,30,20
9,170,0.3856323053292911,9.0979797873109e-06,0.5743081660146284,0.04005043067629159,25,30,20
9,171,0.3640034369009682,9.117594864221667e-06,0.595936870584001,0.04005057492016477,25,30,20
9,172,0.36299835866281915,9.11847533508342e-06,0.5969419495409695,0.040050573320874715,25,30,20
9,173,0.36299629491992974,9.12835469021932e-06,0.5969439826348579,0.04005059409052054,25,30,20
9,174,0.3642447381148844,9.381456643328699e-06,0.5831858548616702,0.05256002556679998,25,30,20
9,175,0.3635946905834064,9.381401998940186e-06,0.5838347136289053,0.05256121438568716,25,30,20
9,176,0.3589819650329188,9.404436361138361e-06,0.5884473955297548,0.05256123500096308,25,30,20
9,177,0.3740960594498838,9.375357820034566e-06,0.5733335600420976,0.052561005150196245,25,30,20
9,178,0.3484478245963903,9.375399938608804e-06,0.5989761811211768,0.05256661888249293,25,30,20
9,179,0.3482055716739952,9.375395577881675e-06,0.5989756600249966,0.05280939290543021,25,30,20
9,180,0.34821288012594265,2.321053798011212e-05,0.5989545164346751,0.05280939290140263,25,30,20
9,181,0.34791483437723025,2.2399935665769348e-05,0.6117627696541242,0.0402999960329806,25,30,20
9,182,0.35907436242014734,2.2398898923411112e-05,0.60060325485223,0.040299983828700016,25,30,20
9,183,0.3589954762481746,2.2398623450087476e-05,0.6006821419013665,0.0402999832270089,25,30,20
9,184,0.3587979177405582,2.2398686408294375e-05,0.600879686675172,0.04029999689786171,25,30,20
9,185,0.3586299513672977,2.2398674224986542e-05,0.601047671419818,0.04029997853865968,25,30,20
9,186,0.32279372877632817,2.137245216150614e-05,0.6369674727137927,0.04021742605771741,25,30,20
9,187,0.323186974797273,2.137137275364461e-05,0.6365742273852397,0.04021742644473281,25,30,20
9,188,0.323173937849149,2.1371373978846e-05,0.6365872626487772,0.04021742812809206,25,30,20
9,189,0.3251967111040762,2.1684687535874032e-05,0.6345646844315699,0.04021691977681563,25,30,20
9,190,0.32519671305223247,2.1684687534943428e-05,0.6345646844315553,0.04021691782867526,25,30,20
9,191,0.32514121675596735,2.1697546926972342e-05,0.6346213734585467,0.040215712238557196,25,30,20
9,192,0.3251368385481064,2.169754896681004e-05,0.6346219247269453,0.04021953917597985,25,30,20
9,193,0.3196806009140511,2.1697588083367213e-05,0.6400734831137694,0.0402242183840946,25,30,20
9,194,0.32536595237802807,2.3482300188922747e-05,0.6343781162298887,0.040232449091893524,25,30,20
9,195,0.3261790178474613,2.3138767477273703e-05,0.633632314314658,0.04016552907040474,25,30,20
9,196,0.3314423149241827,2.31387521049684e-05,0.6283737215993551,0.04016082472435865,25,30,20
9,197,0.3314483045037679,2.3132773222208414e-05,0.6248549890257317,0.04367357369728024,25,30,20
9,198,0.3307724837636502,2.3203047431049734e-05,0.6255306296570077,0.04367368353191299,25,30,20
9,199,0.3317894781313766,2.3210262955241213e-05,0.6245064176818217,0.04368089392384596,25,30,20
9,200,0.33178565783841873,2.3459202608805178e-05,0.6280215494932347,0.040169333465737526,25,30,20
9,201,0.3317814939872973,2.344632631980085e-05,0.6280257262583414,0.04016933342804174,25,30,20
9,202,0.3363252478560233,2.3423294972160202e-05,0.6234820151855378,0.04016931366346725,25,30,20
9,203,0.3353665897621134,2.342328118607059e-05,0.6244407054598445,0.04016928149685548,25,30,20
9,204,0.2959209413065693,2.3424032923507827e-05,0.6638863570338984,0.040169277626608185,25,30,20
9,205,0.29023875341007327,2.1639322313345956e-05,0.6695783285738689,0.04016127869374438,25,30,20
9,206,0.29025480820638466,2.163932245646065e-05,0.6695783408458708,0.040145211625288314,25,30,20
9,207,0.2898075939307351,2.163932076941243e-05,0.67002555567261,0.04014521107588345,25,30,20
9,208,0.28143210799765095,2.1639273997143114e-05,0.6784066570227024,0.04013959570564679,25,30,20
9,209,0.27689497134757945,2.132576694897157e-05,0.6829458895894119,0.04013781329605671,25,30,20
9,210,0.31596235793534566,2.1325772921624903e-05,0.6438783886123489,0.04013792767937972,25,30,20
9,211,0.30408002529116795,2.135728111960609e-05,0.6556630858391727,0.040235531588536357,25,30,20
9,212,0.3042882500787507,2.1359181467565716e-05,0.6554548635429919,0.0402355271967865,25,30,20
9,213,0.2915293580463085,3.4460247012503786e-05,0.6682572321611719,0.040178949545503065,25,30,20
9,214,0.29152163774862266,1.4225630120531757e-05,0.6682851870914827,0.040178949529770164,25,30,20
9,215,0.2915379761403597,1.4225630127373957e-05,0.6343733985171207,0.07407439971239002,25,30,20
9,216,0.290873532279367,1.42297902590183e-05,0.6351005007805635,0.07401173714980852,25,30,20
9,217,0.29085536441951176,1.4229788921493792e-05,0.6290366585797817,0.08009374721178307,25,30,20
9,218,0.29079632252004617,1.4492956448949114e-05,0.6290953966768167,0.08009378784668635,25,30,20
9,219,0.2725768900494456,1.4473339878692964e-05,0.6473149934066584,0.08009364320401458,25,30,20
9,220,0.27255251368847805,1.447333838555679e-05,0.6473396029693828,0.08009341000375074,25,30,20
9,221,0.27289080597400744,1.4473333972497766e-05,0.6470051380812408,0.08008958261077588,25,30,20
9,222,0.27376565384700774,1.447332793103394e-05,0.6461304045875401,0.08008946823751768,25,30,20
9,223,0.26570115051029103,1.4473472593959577e-05,0.6541949076328053,0.08008946838430538,25,30,20
9,224,0.26556716641170597,1.4473437028661319e-05,0.6543288927195694,0.08008946743168907,25,30,20
9,225,0.2623294536746596,2.653804035742577e-05,0.6576521274048236,0.07999188088015277,25,30,20
9,226,0.26151188188249386,0.02138507287645721,0.6371111941954211,0.07999185104562387,25,30,20
9,227,0.2640292924928305,0.021385079106557646,0.6345921045373932,0.07999352386321534,25,30,20
9,228,0.26392782868939507,0.021385078529660925,0.6346936510401271,0.07999344174081395,25,30,20
9,229,0.2639758778831786,0.021385081133495312,0.6346453306430901,0.0799937103402327,25,30,20
9,230,0.3035003707357104,0.021385081142323858,0.5951208181219518,0.07999373000001098,25,30,20
9,231,0.3035257782296018,0.021385081329630237,0.5950954197797527,0.07999372066101235,25,30,20
9,232,0.2717329797902108,0.021385078524056685,0.6268884886223921,0.07999345306333763,25,30,20
9,233,0.27197367198508127,0.021384815356573234,0.6266481002376785,0.07999341242066435,25,30,20
9,234,0.2988624475858824,0.021384809195814706,0.5997609597064418,0.07999178351185803,25,30,20
9,235,0.29896048741892983,0.021384809199861344,0.5996629198318253,0.0799917835493807,25,30,20
9,236,0.30182212768651534,0.021384809491023997,0.5968012775246707,0.07999178529778658,25,30,20
9,237,0.30292566215601885,0.021384739153291615,0.5956979356660953,0.07999166302459085,25,30,20
9,238,0.30555967543894935,0.021384739152470425,0.593063921234417,0.07999166417416037,25,30,20
9,239,0.32058937723060277,0.021372642923896033,0.5780463478142068,0.07999163203129138,25,30,20
9,240,0.32047302427442653,0.0213736394176637,0.5781617034444337,0.07999163286347243,25,30,20
9,241,0.3202033862916164,0.02144491125674045,0.5783600392423653,0.07999166320927371,25,30,20
9,242,0.28025981527415134,0.02144491176790207,0.6183036072662444,0.07999166569169947,25,30,20
9,243,0.2802616749151106,0.021444911768061493,0.6183083203010172,0.07998509301580808,25,30,20
9,244,0.25354374739849084,0.021444911804648893,0.6450150264887853,0.07999631430807287,25,30,20
9,245,0.25253609729175036,0.021444904589164322,0.646029894118969,0.07998910400011394,25,30,20
9,246,0.2524707445529154,0.021444904601493526,0.6460952459633731,0.0799891048822158,25,30,20
9,247,0.2524747388047053,0.02144490460131564,0.6460905315757332,0.07998982501824375,25,30,20
9,248,0.25252131309325365,0.02144490471473607,0.6107258434924843,0.11530793869952437,25,30,20
9,249,0.2497761193705634,0.021444904770053785,0.6134710383219296,0.11530793753745179,25,30,20
9,250,0.2497482944252102,0.021444904258876046,0.6134988662708798,0.11530793504503321,25,30,20
9,251,0.2497015501252183,0.02144490414541996,0.6088938149877771,0.1199597307415836,25,30,20
9,252,0.24970155193399887,0.021444899783603737,0.6088938178886562,0.11995973039373638,25,30,20
9,253,0.24971871137215892,0.021458876575467665,0.6088638698979042,0.11995854215446439,25,30,20
9,254,0.24981339604808347,0.02138762527489542,0.6088404661066786,0.1199585125703375,25,30,20
9,255,0.24979735198703296,0.02138762521590059,0.6088565090119668,0.11995851378509462,25,30,20
9,256,0.2525606501035169,0.02138766662353423,0.6060931581510013,0.11995852512194029,25,30,20
9,257,0.2525545828091088,0.02138766662351635,0.606091564369545,0.11996618619782291,25,30,20
9,258,0.2526791192901098,0.021387666627926315,0.6059670272733065,0.11996618680865076,25,30,20
9,259,0.27944162201149597,0.021387666586762256,0.5792157465809283,0.11995496482080766,25,30,20
9,260,0.27942362064133497,0.021373441303901584,0.5792479941313057,0.11995494392345205,25,30,20
9,261,0.28242523837049105,0.022310699378486672,0.575309129052562,0.11995493319845496,25,30,20
9,262,0.282423203721793,0.022310699378629027,0.5753091413332116,0.1199569555663615,25,30,20
9,263,0.28241943965864946,0.022310699376447994,0.5753129078575792,0.11995695310731787,25,30,20
9,264,0.27008812693507567,0.022347804359637884,0.5875909438971114,0.11997312480816819,25,30,20
9,265,0.26642844900894114,0.022347804643709758,0.5912480480846298,0.1199756982627123,25,30,20
9,266,0.26610261664952184,0.022347804642587975,0.5915738812963109,0.11997569741157287,25,30,20
9,267,0.3060071289421112,0.02234780466703344,0.5516693664404755,0.1199756999503728,25,30,20
9,268,0.30614759238425626,0.022347505838335117,0.5515292018250757,0.11997569995232606,25,30,20
9,269,0.3061457358127376,0.02234750583817807,0.5515336644729981,0.11997309387607852,25,30,20
9,270,0.3061237897312043,0.02234750583802086,0.5515336572626226,0.11999504716814678,25,30,20
9,271,0.3061399167868631,0.022347505907346212,0.5479501214543913,0.12356245585139541,25,30,20
9,272,0.3061400187555146,0.04096646535853826,0.5293310696903962,0.12356244619554817,25,30,20
9,273,0.3058788045304019,0.04096646850711434,0.5295922507625077,0.12356247619997564,25,30,20
9,274,0.2782258831805452,0.040974922552265855,0.5572359545049587,0.12356323976223071,25,30,20
9,275,0.23916985505644306,0.0409749232348492,0.5962919924834337,0.12356322922527481,25,30,20
9,276,0.2378976343798993,0.04097492444966943,0.5974066412973422,0.12372079987308958,25,30,20
9,277,0.22598886778970115,0.04096682206950948,0.6093213585581033,0.12372295158268683,25,30,20
9,278,0.2259591678093321,0.04095230246595108,0.6093655775413656,0.12372295218335193,25,30,20
9,279,0.26481843682322825,0.04095230263480255,0.5705062796231993,0.12372298091877063,25,30,20
9,280,0.26483227870336945,0.04095230263486888,0.5705062802122334,0.12370913844952906,25,30,20
9,281,0.2648382714104652,0.04095230263488669,0.5705062512777763,0.1237031746768724,25,30,20
9,282,0.2647243902876625,0.040952302508445754,0.5706201336008835,0.12370317360300871,25,30,20
9,283,0.2771255834708053,0.04091519763556442,0.5582722175709489,0.12368700132268177,25,30,20
9,284,0.27714125849106447,0.040929089422856044,0.5582426516339261,0.12368700045215363,25,30,20
9,285,0.27664585027454713,0.0409290885441391,0.5587380606949456,0.12368700048636941,25,30,20
9,286,0.2766397987217431,0.040929088476721366,0.5623103355855615,0.12012077721597564,25,30,20
9,287,0.2766536343461536,0.0396776384936821,0.5635479499299951,0.12012077723017077,25,30,20
9,288,0.27439412312925254,0.03967763821333194,0.5658055889761939,0.12012264968122337,25,30,20
9,289,0.26730646187422563,0.039677637010113675,0.5730508204699576,0.11996508064570492,25,30,20
9,290,0.2675286639958031,0.0396776370741861,0.5728304219052626,0.11996327702475001,25,30,20
9,291,0.2360903408483221,0.03967763705829716,0.6042687472764091,0.11996327481697365,25,30,20
9,292,0.23592695427672847,0.039677685998173416,0.6044319768032955,0.11996338292180443,25,30,20
9,293,0.23592495709583225,0.0396776859981872,0.604427501833273,0.11996985507270912,25,30,20
9,294,0.23591654829648312,0.03967768599867623,0.6044359072181149,0.11996985848672738,25,30,20
9,295,0.235785386791366,0.03966378101845312,0.6045809742869441,0.11996985790323869,25,30,20
9,296,0.23564627783517333,0.039663781508783864,0.6047200732393204,0.119969867416724,25,30,20
9,297,0.23567217436815152,0.03966380884659611,0.6046941505338483,0.11996986625140436,25,30,20
9,298,0.26950519995473937,0.03966381108998717,0.5708579220727978,0.11997306688247651,25,30,20
9,299,0.2894633338082035,0.040170012101644045,0.5503883621921088,0.11997829189804447,25,30,20
9,300,0.30900468307102996,0.03966381645468432,0.5313583845392644,0.119973115935022,25,30,20
9,301,0.2785827382705554,0.03967377887349352,0.5617726890355837,0.11997079382036752,25,30,20
9,302,0.27323765423708557,0.03967377854858389,0.5671177788842524,0.11997078833007692,25,30,20
9,303,0.27241555247919874,0.0396737793747511,0.567939948272214,0.11997071987383448,25,30,20
9,304,0.27987615188674203,0.039673787142144354,0.5604708709733353,0.11997918999777672,25,30,20
9,305,0.285988614042142,0.039673759878535546,0.5543568661720552,0.11998075990726706,25,30,20
9,306,0.28597480760758304,0.03967375987850205,0.554356861797258,0.11999457071665733,25,30,20
9,307,0.2859748740308807,0.039673759878537655,0.554363465950688,0.11998790013989462,25,30,20
9,308,0.2802074326949,0.038736466611208845,0.5610682011561166,0.11998789953777507,25,30,20
9,309,0.2802108649691099,0.03873646571011565,0.561064771910292,0.11998789741048296,25,30,20
9,310,0.2804925142505058,0.03873646571959489,0.5607831225903619,0.11998789743953955,25,30,20
9,311,0.2804845664994138,0.039982008133153446,0.5595455279374152,0.11998789743001988,25,30,20
9,312,0.2804845646333465,0.03998202887610405,0.5595455090602784,0.11998789743027329,25,30,20
9,313,0.28048450362550614,0.03998202887606748,0.5595389049735633,0.11999456252486487,25,30,20
9,314,0.272781046076503,0.03998205227857972,0.5669649636455588,0.12027193799936066,25,30,20
9,315,0.27257655260131797,0.03998229188604459,0.5671692170068955,0.12027193850574638,25,30,20
9,316,0.27259729215275735,0.0399822874602962,0.5671484823884358,0.1202719379985167,25,30,20
9,317,0.27257074032874773,0.03998193888248644,0.5671783280424826,0.12026899274629059,25,30,20
9,318,0.27371627478124094,0.03998194602842876,0.5660300769855147,0.12027170220482031,25,30,20
9,319,0.28750818330908445,0.03998197038495421,0.5522406288029641,0.12026921750300126,25,30,20
9,320,0.287508037904148,0.03998197038981987,0.552241959236734,0.12026803246930161,25,30,20
9,321,0.2875020391865982,0.039981970389801724,0.5522419892551749,0.12027400116842869,25,30,20
9,322,0.28728905092556095,0.039981935390838275,0.552453457109413,0.12027555657419146,25,30,20
9,323,0.2873128458362504,0.03998193536526637,0.5524296650796533,0.1202755537188335,25,30,20
9,324,0.2870438712441648,0.03998169301519652,0.5526988828623223,0.12027555287831956,25,30,20
9,325,0.28664512696077227,0.03998169300180984,0.5530976277034029,0.12027555233401788,25,30,20
9,326,0.25522188653884703,0.03998173346592306,0.5845098826774563,0.12028649731777642,25,30,20
9,327,0.25522777302303923,0.039981733465923354,0.5845098827470138,0.12028061076402558,25,30,20
9,328,0.24502936262463007,0.03998172564791516,0.5947167711150533,0.12027214061240553,25,30,20
9,329,0.2149716994049196,0.039989751045501565,0.5951744650352189,0.14986408451436234,25,30,20
9,330,0.2150195236041519,0.039989751075642656,0.5951266429471762,0.14986408237303184,25,30,20
9,331,0.21145852901888873,0.03997978642880826,0.5986984771250716,0.14986320742723613,25,30,20
9,332,0.21146083646698524,0.040000043329229705,0.5986759127659903,0.14986320743779713,25,30,20
9,333,0.21146116588962766,0.03999961255292242,0.5986760135615303,0.1498632079959223,25,30,20
9,334,0.21145916404556256,0.03999961339022906,0.5986767970676068,0.14986442549660298,25,30,20
9,335,0.21198088974501292,0.03999979007250399,0.5981539044328232,0.14986541574966084,25,30,20
9,336,0.21115732964290973,0.03999976240114657,0.5989802003040591,0.14986270765188622,25,30,20
9,337,0.21114083451415058,0.03999976261852344,0.5989966952246473,0.14986270764268012,25,30,20
9,338,0.1959986043077745,0.04000002398789773,0.6141378011055489,0.1498635705987806,25,30,20
9,339,0.19341651697104523,0.039999986429849185,0.6167307266657338,0.14985276993337168,25,30,20
9,340,0.1938460180078167,0.039999961722023865,0.6163013829775348,0.14985263729262455,25,30,20
9,341,0.19383034253010056,0.039999961714016125,0.6163170588569001,0.1498526368989818,25,30,20
9,342,0.1919831734159381,0.039999961651075534,0.6181657971038945,0.14985106782908927,25,30,20
9,343,0.1919851359744336,0.03999996165116311,0.618165772943844,0.1498491294305564,25,30,20
9,344,0.18772269147319598,0.039999961647790044,0.6224282178695423,0.14984912900946892,25,30,20
9,345,0.18417972842100977,0.040000008705577565,0.6260212597460382,0.14979900312737107,25,30,20
9,346,0.18420158286122007,0.040000008708749445,0.6260213216264536,0.1497770868035741,25,30,20
9,347,0.18464063626935526,0.04000000890140599,0.62557178502516,0.14978756980407604,25,30,20
9,348,0.18441832748792755,0.040000028806620326,0.6257940089754234,0.14978763473002618,25,30,20
9,349,0.18391851573871715,0.04000003322670629,0.6262938185166189,0.14978763251795485,25,30,20
9,350,0.18634311896239883,0.06335840915124152,0.6005102213554362,0.14978825053092198,25,30,20
9,351,0.18634292670893665,0.06333629881525465,0.6005325245079417,0.14978824996786502,25,30,20
9,352,0.18635978299923336,0.06333629883316173,0.600515664121872,0.14978825404573362,25,30,20
9,353,0.18644648157898044,0.06333628911256114,0.6004290196851934,0.14978820962326553,25,30,20
9,354,0.19396746380329544,0.06333632754535587,0.5931842778575165,0.1495119307938326,25,30,20
9,355,0.1542149258019717,0.06333632202270359,0.632918514818387,0.14953023735694024,25,30,20
9,356,0.16453398195608096,0.063335883824568,0.6226017728722837,0.1495283613470698,25,30,20
9,357,0.16450255260846366,0.06333587923350988,0.622633113351576,0.14952845480645266,25,30,20
9,358,0.1649807194053216,0.06335011392801361,0.6221407110419676,0.14952845562469896,25,30,20
9,359,0.16495997466787427,0.06335011391146804,0.6221613384603706,0.14952857296028885,25,30,20
9,360,0.20435480562515373,0.06335006718501228,0.5827664919634112,0.1495286352264226,25,30,20
9,361,0.20451864765318808,0.06335006252525013,0.5826197815218414,0.1495115082997204,25,30,20
9,362,0.2045337765865637,0.06335111723128552,0.582603500530984,0.1495116056511688,25,30,20
9,363,0.20604920286076678,0.06335112007838528,0.5810881824566105,0.1495114946042395,25,30,20
9,364,0.20616739815731475,0.0633511062843114,0.5809716620359843,0.14950983352239208,25,30,20
9,365,0.20630852012742742,0.06335146655493297,0.5808301786564222,0.14950983466122042,25,30,20
9,366,0.2045312095990186,0.06334344100937075,0.5722358873104932,0.15988946208111987,25,30,20
9,367,0.16734023212974067,0.06334337984947995,0.6094279931986786,0.1598883948221043,25,30,20
9,368,0.18781435279447592,0.06334338646716275,0.5889538331502797,0.15988842758808505,25,30,20
9,369,0.18785859665608776,0.06334412190919,0.5887089757007572,0.16008830573396804,25,30,20
9,370,0.18785264016714837,0.06334412190915778,0.5887089762624514,0.16009426166124513,25,30,20
9,371,0.18830599090799843,0.06334376278326154,0.5882559832995667,0.16009426300917565,25,30,20
9,372,0.18840711473498734,0.06332988287095219,0.5881687399383297,0.160094262455733,25,30,20
9,373,0.18838576619760453,0.06332882817615035,0.5881912397002399,0.16009416592600695,25,30,20
9,374,0.182905824411543,0.06332882962630648,0.5936708232902299,0.1600945226719208,25,30,20
9,375,0.1829223177640709,0.0766338118085585,0.5803501836196628,0.16009368680770603,25,30,20
9,376,0.1827890457733444,0.0766337946611761,0.5804834738790621,0.160093685686416,25,30,20
9,377,0.1803582035230993,0.09325301167662442,0.566295717151104,0.16009306764917064,25,30,20
9,378,0.1858125502377235,0.09325300945151618,0.5608418720226457,0.16009256828811314,25,30,20
9,379,0.1858142732579487,0.09325301391706116,0.5607715059059448,0.16016120691904237,25,30,20
9,380,0.18628848659946473,0.09325301756979686,0.5602972616233174,0.1601612342074181,25,30,20
9,381,0.18479458646461203,0.09325301472129928,0.56179117498341,0.16016122383067638,25,30,20
9,382,0.18479454047627944,0.09325267148788204,0.5617915642222724,0.16016122381356382,25,30,20
9,383,0.1847988133203141,0.09325267148779534,0.5617915610031647,0.1601569541887239,25,30,20
9,384,0.1847910999303922,0.09325267148864985,0.5617992446702251,0.16015698391073094,25,30,20
9,385,0.18480497367327864,0.09325267148873366,0.5617992480775231,0.16014310676046306,25,30,20
9,386,0.19278060124038146,0.09326867053546144,0.5537335939611453,0.16021713426300915,25,30,20
9,387,0.19278659688185262,0.09326267472953947,0.5537335941209247,0.1602171342676804,25,30,20
9,388,0.1934278721999267,0.09326268422803109,0.5530922647744787,0.1602171787975605,25,30,20
9,389,0.19342810821793247,0.09326267976468008,0.5531594530312143,0.16014975898617057,25,30,20
9,390,0.19342607586903096,0.0932626797648033,0.5594137225435796,0.15389752182258598,25,30,20
9,391,0.18929488914091328,0.09326267941695704,0.5635440252158823,0.15389840622624754,25,30,20
9,392,0.1814541689750845,0.09324668026382382,0.5714747236501667,0.153824427110926,25,30,20
9,393,0.1858653313741044,0.09324668130515944,0.5670633912839613,0.15382459603677454,25,30,20
9,394,0.18586708312868397,0.09324668130416773,0.5670628583499152,0.15382337721723302,25,30,20
9,395,0.18535837225833485,0.0932466718361592,0.5675716239772168,0.15382333192828868,25,30,20
9,396,0.18539311467201036,0.09324666866756649,0.5675369081228107,0.15382330853761175,25,30,20
9,397,0.18539311777679163,0.09324666866754898,0.5678030031037569,0.15355721045190238,25,30,20
9,398,0.18538469373141656,0.09324666867059142,0.5678113775898221,0.1535572600081699,25,30,20
9,399,0.18514044104511032,0.09324666866761669,0.5680568300586116,0.1535560602286613,25,30,20
9,400,0.18496992165612933,0.09324666576467384,0.5682274757638038,0.15355593681539342,25,30,20
9,401,0.18457472702454208,0.09324667959482694,0.5686331388674453,0.15354545451318738,25,30,20
9,402,0.18062564512511434,0.09324667855946225,0.5725823681810609,0.15354530813436246,25,30,20
9,403,0.18045234245855973,0.09324668260797765,0.5727555346424037,0.15354544029105857,25,30,20
9,404,0.18045191116277043,0.11117783839576627,0.554824810175373,0.15354544026608688,25,30,20
9,405,0.1713387155548968,0.11117783854669079,0.5639307972401066,0.15355264865830295,25,30,20
9,406,0.1731746333014985,0.11117797393913419,0.5620947446637927,0.15355264809557184,25,30,20
9,407,0.1731624411307438,0.1111779739361157,0.5621069409281059,0.15355264400503163,25,30,20
9,408,0.17315667512019736,0.13320390832072662,0.5400867725586369,0.15355264400043644,25,30,20
9,409,0.173611973280378,0.133203908332394,0.53963152333914,0.153552595048086,25,30,20
9,410,0.17351938669377273,0.1332155482032777,0.5399123495453056,0.15335271555764218,25,30,20
9,411,0.17351157115457166,0.13321554820324574,0.5396462889568289,0.15362659168535284,25,30,20
9,412,0.17351142628940663,0.13320317285977448,0.5361460833845149,0.15713931746630305,25,30,20
9,413,0.1880220577346724,0.13320317269286014,0.5216426653543936,0.157132104218072,25,30,20
9,414,0.1880063006456028,0.13320317268965357,0.5216426854118853,0.15714784125285816,25,30,20
9,415,0.19270933847675514,0.13320317266874815,0.5169405966923974,0.1571468921620998,25,30,20
9,416,0.17234411080782042,0.1332031660505454,0.5373058638399223,0.15714685930171338,25,30,20
9,417,0.18050197486837305,0.1332031881563385,0.5291480002482203,0.15714683672707008,25,30,20
9,418,0.17947820341852008,0.13320321371469246,0.5301716255548456,0.15714695731194306,25,30,20
9,419,0.1794618432916501,0.1598755724759582,0.5035160085638876,0.1571465756685051,25,30,20
9,420,0.17945935278678948,0.15987557686309978,0.5070311992782778,0.153633871071834,25,30,20
9,421,0.1807911713900076,0.1598755768673874,0.5070317544381999,0.15230149730440604,25,30,20
9,422,0.19370149716003676,0.159875554758884,0.4941214507465482,0.15230149733453222,25,30,20
9,423,0.19384731174188263,0.15987555477999174,0.4602835535269858,0.18599357995114071,25,30,20
9,424,0.19384713615135626,0.1598755547800809,0.4602882559871355,0.18598905308142819,25,30,20
9,425,0.19248889616305914,0.15987555599940204,0.4616417297495219,0.18599381808801765,25,30,20
9,426,0.2264534585972196,0.15987557162752966,0.4276769430387068,0.18599402673654608,25,30,20
9,427,0.22018031414093028,0.15987555664414363,0.4339503096457588,0.18599381956916938,25,30,20
9,428,0.1948440870945967,0.1598755557283136,0.45929123731152416,0.1859891198655667,25,30,20
9,429,0.1950360245311961,0.15987540653520965,0.4590994300478257,0.18598913888576693,25,30,20
9,430,0.18024618704658796,0.15987540655998275,0.4738892616193485,0.18598914477407968,25,30,20
9,431,0.18024009070404323,0.15987540655994648,0.47388922061913547,0.18599528211687436,25,30,20
9,432,0.1623456915066672,0.15987590256388065,0.49178076554634303,0.18599764038310732,25,30,20
9,433,0.1623455531923895,0.15987604802504332,0.49178075839962543,0.18599764038293945,25,30,20
9,434,0.16220191272535797,0.15987604800260335,0.4856450157022835,0.192277023569753,25,30,20
9,435,0.16221610853742466,0.15987604800681054,0.48564502933071046,0.19226281412505217,25,30,20
9,436,0.16221635183928598,0.15987604808317715,0.485643401483368,0.19226419859416652,25,30,20
9,437,0.1622163194586242,0.15987604808312333,0.48563869853006253,0.19226893392818808,25,30,20
9,438,0.16221618419224249,0.1598985774305725,0.48561630444439735,0.19226893393278524,25,30,20
9,439,0.16221016120157272,0.1598985774305544,0.4856163021825825,0.192274959185288,25,30,20
9,440,0.1622100610122147,0.15989772912511768,0.4856172506489625,0.19227495921370286,25,30,20
9,441,0.16221013187995362,0.15989772912508166,0.4856172480829073,0.19227489091205524,25,30,20
9,442,0.16220931158039714,0.16070291141620935,0.4848129068878147,0.19227487011557737,25,30,20
9,443,0.1624707315820818,0.16070291153927932,0.48454956960631274,0.19227678727232408,25,30,20
9,444,0.15583718487702675,0.16070291242131757,0.48044304499020846,0.20301685771144626,25,30,20
9,445,0.17348139446085514,0.16070242691084974,0.46280167683844065,0.20301450178985328,25,30,20
9,446,0.1951347387350135,0.16070277397383342,0.4518834136283496,0.19227907366280225,25,30,20
9,447,0.19514011568443185,0.16070274832607953,0.4518781845774152,0.19227895141207385,25,30,20
9,448,0.19514011530778574,0.160702748326098,0.4456239271937969,0.19853320917231973,25,30,20
9,449,0.19513423253822076,0.16070844802134082,0.44562411026794274,0.19853320917249578,25,30,20
9,450,0.19544706131933517,0.16070844806135806,0.4452496414767884,0.1985948491425189,25,30,20
9,451,0.19543283452839127,0.1607084480571506,0.445249626885739,0.19860909052871997,25,30,20
9,452,0.22844346865942733,0.16070845057826724,0.41223882497522907,0.19860925578707697,25,30,20
9,453,0.22819192931509186,0.16070845044401924,0.41249228045628,0.1986073397846098,25,30,20
9,454,0.22864088148495498,0.16070845044688992,0.4120433282972698,0.19860733977088738,25,30,20
9,455,0.22863717339003933,0.16070845044682008,0.4120433519080254,0.19861102425511665,25,30,20
9,456,0.2286431301465783,0.16070845044685758,0.4120433546606156,0.19860506474594966,25,30,20
9,457,0.24060621235604665,0.16070833766377457,0.4000843195065857,0.19860113047359437,25,30,20
9,458,0.24307848814203045,0.16070833766449893,0.39761211481056685,0.19860105938290595,25,30,20
9,459,0.24308450684541216,0.16070211220523664,0.39761232153733267,0.19860105941202064,25,30,20
9,460,0.24154091014951537,0.16070214851006828,0.3991558718508599,0.19860106948955886,25,30,20
9,461,0.24154090471020578,0.16070140038893835,0.39915662541146346,0.19860106948939504,25,30,20
9,462,0.24155305584421882,0.1607016485321774,0.3990781449480626,0.19866715067554153,25,30,20
9,463,0.2789778347605625,0.1607016488381537,0.3617149511817778,0.19860556521950634,25,30,20
9,464,0.2911338310414613,0.16070164819806212,0.3495589557810949,0.19860556497938167,25,30,20
9,465,0.266229094434981,0.1607014292129833,0.3644847103700254,0.2085847659820105,25,30,20
9,466,0.2662392757994377,0.1607014292131274,0.3644847212975717,0.20857457368986335,25,30,20
9,467,0.2873659044865728,0.1607014283378304,0.3433581300568305,0.20857453711876595,25,30,20
9,468,0.28202298126497477,0.16070142834201157,0.3487010419392891,0.2085745484537229,25,30,20
9,469,0.28069116757182866,0.16070142833772524,0.34870040438713923,0.2099069997033049,25,30,20
9,470,0.2806854172537298,0.16069630547477357,0.3487112775435083,0.20990699972798604,25,30,20
9,471,0.28187925867285896,0.16069630898045897,0.34751743044242694,0.20990700190425354,25,30,20
9,472,0.2833640360662407,0.16069606152619034,0.30774264215569325,0.24819726025187347,25,30,20
9,473,0.28491458022832944,0.1606960247445796,0.3061921481556624,0.2481972468714268,25,30,20
9,474,0.27688929505538373,0.16069602581628065,0.31421727910588637,0.24819740002244778,25,30,20
9,475,0.27609531018612987,0.16069605198040596,0.3150087885267388,0.248199849306724,25,30,20
9,476,0.27616418131582327,0.16069605199709439,0.3149399149968831,0.24819985169019657,25,30,20
9,477,0.276170032135824,0.1606911468482035,0.3149389693548692,0.24819985166110126,25,30,20
9,478,0.2778642221517707,0.1606911670859606,0.3132448070146042,0.2481998037476623,25,30,20
9,479,0.2778783381298726,0.16064653406414467,0.31327532405315334,0.24819980375282744,25,30,20
9,480,0.27638127052864603,0.16064653329745127,0.31315262367276986,0.24981957250113102,25,30,20
9,481,0.27638112847206453,0.16064653329744907,0.3131526225387525,0.249819715691732,25,30,20
9,482,0.24481242502127007,0.16064653055199013,0.3447215115219497,0.24981953290478828,25,30,20
9,483,0.24220024972520465,0.16064653054768094,0.34733369383690543,0.24981952589020498,25,30,20
9,484,0.2417943638921295,0.16064653052289668,0.3477395489290934,0.24981955665587813,25,30,20
9,485,0.23300771469141116,0.16064653688953787,0.36650610672808015,0.2398396416909687,25,30,20
9,486,0.23312710950209975,0.1606465368907146,0.3665064027173297,0.2397199508898532,25,30,20
9,487,0.23325847482759637,0.16051478305120478,0.3665067906228151,0.23971995149838043,25,30,20
9,488,0.23308148471032517,0.16051478313944056,0.366683781217709,0.23971995093252196,25,30,20
9,489,0.23308137650645475,0.16051478313945744,0.3666837814860196,0.23972005886806447,25,30,20
9,490,0.23349478608891822,0.16051477882196827,0.36627051103869607,0.23971992405041376,25,30,20
9,491,0.2557118711862866,0.16051477881903825,0.34405342593086674,0.2397199240638059,25,30,20
9,492,0.25571187121566014,0.16051477881903825,0.34405342593588595,0.23971992402941308,25,30,20
9,493,0.25154297234787365,0.16051477885153387,0.34822230652587294,0.23971994227471627,25,30,20
9,494,0.2514234324818763,0.16051477885028553,0.34822197624375717,0.23983981242407765,25,30,20
9,495,0.25142350191426505,0.16051477885032367,0.348221977635736,0.239839741599672,25,30,20
9,496,0.25232553474640396,0.15961239219993764,0.3482223308819489,0.23983974217170675,25,30,20
9,497,0.25235038325607606,0.1596123922020689,0.3834071682160143,0.20463005632583908,25,30,20
9,498,0.2522451752356036,0.15971757436878686,0.3834071946392524,0.20463005575635557,25,30,20
9,499,0.25358342073101237,0.15971757437305817,0.38340800510969847,0.20329099978623028,25,30,20
9,500,0.2536245593518661,0.15969720850379124,0.3833872323466256,0.20329099979771686,25,30,20
9,501,0.25363046989044474,0.15969720850377658,0.3833896354210089,0.20328268618476947,25,30,20
9,502,0.2709210159793897,0.15969720850923538,0.36609908846801026,0.2032826870433643,25,30,20
9,503,0.25339902031108874,0.15969729661501345,0.3823464259445897,0.2045572571293076,25,30,20
9,504,0.2533931877847271,0.15969729661504753,0.38234402476439444,0.20456549083583045,25,30,20
9,505,0.2520691647239017,0.15969729661090168,0.38234322403101073,0.20589031463418542,25,30,20
9,506,0.25206944533854175,0.15969729661099227,0.3823432546979486,0.20589000335251686,25,30,20
9,507,0.2692445140121521,0.1596971914785591,0.3664428648071382,0.2046154297021502,25,30,20
9,508,0.2692502884998633,0.15969719147852024,0.3664428614979635,0.20460965852365265,25,30,20
9,509,0.2726443414529108,0.15969772192378162,0.36304653196694053,0.20461140465636657,25,30,20
9,510,0.2769839978254373,0.1596977218607344,0.35870689353470603,0.20461138677912186,25,30,20
9,511,0.2769466165458551,0.15969769928983937,0.3587442973934662,0.2046113867708391,25,30,20
9,512,0.293903594876512,0.15969770128479527,0.341754669564416,0.20464403427427644,25,30,20
9,513,0.2806255577190009,0.1596977009748111,0.35503263379391475,0.20464410751227302,25,30,20
9,514,0.2797236385912805,0.16059978494073923,0.3550324695567729,0.20464410691120696,25,30,20
9,515,0.2797092814310509,0.16059978494168026,0.3597124929929526,0.19997844063431422,25,30,20
9,516,0.27317565925741133,0.16059978497661645,0.3662461150291208,0.19997844073684823,25,30,20
9,517,0.27313424982343354,0.16062043132964152,0.3662668781219724,0.19997844072494947,25,30,20
9,518,0.23544452209934202,0.16062222900921644,0.4039572226087994,0.19997602628264136,25,30,20
9,519,0.2748495332522719,0.16062245746738138,0.3645520108728193,0.19997599840752792,25,30,20
9,520,0.2596060394263533,0.16062245549170695,0.3798279056975293,0.1999435993844114,25,30,20
9,521,0.2596005383169162,0.1606224554917617,0.3798279096600043,0.19994909653131934,25,30,20
9,522,0.2595685259122217,0.16065469653741435,0.37982768104839587,0.19994909650196985,25,30,20
9,523,0.25955231187527106,0.16065469653721517,0.3798276676805718,0.19996532390694555,25,30,20
9,524,0.25954642789043664,0.1606546965372164,0.37982766776681637,0.1999712078055339,25,30,20
9,525,0.25516024897585793,0.16065452308298042,0.3842134885859006,0.19997173935526502,25,30,20
9,526,0.26172024851507275,0.16065451898773797,0.37765349057425945,0.19997174192293343,25,30,20
9,527,0.26172210736765694,0.1606528352526507,0.37765331544724395,0.19997174193245212,25,30,20
9,528,0.26172806615592187,0.16065283525266696,0.3776533145593087,0.19996578403210624,25,30,20
9,529,0.2617276831698414,0.16065283525255938,0.3776532814933049,0.19996620008429677,25,30,20
9,530,0.26173315256834745,0.16065283525248641,0.37765327817211064,0.19996073400705805,25,30,20
9,531,0.26174709888557696,0.16065283525257526,0.37765328600583226,0.19994677985601805,25,30,20
9,532,0.22298164998670614,0.16078589358886541,0.41628563576731514,0.1999468206571152,25,30,20
9,533,0.23496458392545042,0.1607858942090049,0.4042908944882786,0.1999586273772675,25,30,20
9,534,0.2672626817633379,0.16065306046732503,0.3721255973955922,0.19995866037374652,25,30,20
9,535,0.2672600516111118,0.16065341160832283,0.37222402633985163,0.1998625104407151,25,30,20
9,536,0.26676521176496637,0.16065341836212707,0.3727187785413445,0.19986259133156356,25,30,20
9,537,0.2731541707039369,0.1606534188758097,0.36632978253658044,0.19986262788367484,25,30,20
9,538,0.2730355721238264,0.16065341888074822,0.3664484123927827,0.1998625966026447,25,30,20
9,539,0.31273935313278867,0.16065341886919476,0.3267446338676095,0.19986259413040577,25,30,20
9,540,0.31919072043132324,0.16065319577183815,0.32029354624662865,0.19986253755020872,25,30,20
9,541,0.31919075242891887,0.16065319577185563,0.3202936633284645,0.19986238847075963,25,30,20
9,542,0.31919074556610666,0.16068409914777831,0.3202627668153635,0.19986238847074986,25,30,20
9,543,0.31920070443800663,0.16068409765363562,0.32025282469206706,0.19986237321628886,25,30,20
9,544,0.3191947464813122,0.16068409765363786,0.3202528255765922,0.1998683302884562,25,30,20
9,545,0.317996125639027,0.16068409414698692,0.3214514532691306,0.1998683269448546,25,30,20
9,546,0.317994154685299,0.16067832319560155,0.3214591951931717,0.19986832692592654,25,30,20
9,547,0.31800000693237274,0.1606609465869463,0.32147071958411594,0.19986832689656506,25,30,20
9,548,0.3194516015449841,0.16066093932043618,0.3200165541419315,0.19987090499264837,25,30,20
9,549,0.3192326905141288,0.1606609344226189,0.3202351076316918,0.1998712674315605,25,30,20
9,550,0.31925495819625743,0.16066093442474386,0.3202366820223239,0.19984742535667435,25,30,20
9,551,0.31950179742264484,0.1606608804938519,0.31999043223390716,0.19984688984959598,25,30,20
9,552,0.3201009739179256,0.16066087872085483,0.31939169935660144,0.19984644800461784,25,30,20
9,553,0.3240893739956846,0.16066087781949231,0.3154033005828476,0.19984644760197523,25,30,20
9,554,0.3240755360790367,0.16067527369838377,0.31540274262995494,0.19984644759262424,25,30,20
9,555,0.3240696496293482,0.1606752736983835,0.3154027405799867,0.1998523360922809,25,30,20
9,556,0.32431834781491475,0.1606752735055495,0.3151567714579394,0.19984960722159564,25,30,20
9,557,0.3039333083421039,0.1606755146705472,0.33553955860771845,0.19985161837962956,25,30,20
9,558,0.3038643702933822,0.16067551501225677,0.335608493731797,0.19985162096256343,25,30,20
9,559,0.30400343274215635,0.1606755147855691,0.33546943409059954,0.1998516183816743,25,30,20
9,560,0.3040034646832763,0.1606754811199666,0.335469435805476,0.19985161839128054,25,30,20
9,561,0.3041802298539364,0.160675481012263,0.3352926696894895,0.19985161944431037,25,30,20
9,562,0.3041682759482498,0.16067512997562688,0.3352096666292973,0.1999469274468259,25,30,20
9,563,0.308004328777222,0.16067460235248884,0.33137562708347873,0.19994544178681053,25,30,20
9,564,0.3070383322463039,0.16067460248544713,0.33234187073847316,0.19994519452977513,25,30,20
9,565,0.3070863133213761,0.15986973425770346,0.33309875821617313,0.19994519420474602,25,30,20
9,566,0.3071022570503441,0.15986973431999058,0.3330828138272183,0.19994519480244308,25,30,20
9,567,0.30710079162788717,0.1598697342145335,0.33317955771769464,0.19984991643988131,25,30,20
9,568,0.3276050736375111,0.15986949654128052,0.31267750630021995,0.19984792352098446,25,30,20
9,569,0.32761113850394014,0.1598694965412617,0.3126775735569311,0.1998417913978635,25,30,20
9,570,0.3116512746879506,0.15986952026761153,0.3263793310741137,0.20209987397032164,25,30,20
9,571,0.31163083656338997,0.15986952026552068,0.3263776467636748,0.2021219964074131,25,30,20
9,572,0.3116291125486741,0.15986952026548712,0.32637764088871407,0.2021237262971232,25,30,20
9,573,0.3116351042526656,0.1598695202654511,0.32637764027514493,0.20211773520673693,25,30,20
9,574,0.3104844977415598,0.15986952036550003,0.32752824565859695,0.20211773623434184,25,30,20
9,575,0.31986225324960604,0.1598695172530874,0.3181507054271771,0.20211752407012792,25,30,20
9,576,0.3194165459296153,0.15986951600982677,0.318596331122052,0.2021176069385044,25,30,20
9,577,0.3193187133834307,0.15986951583737213,0.3186941632564622,0.2021176075227337,25,30,20
9,578,0.3193729322810938,0.15986951594946036,0.3186399264530096,0.20211762531643443,25,30,20
9,579,0.31960360644831703,0.159869515894827,0.31840925294803774,0.20211762470881736,25,30,20
9,580,0.33688668070828437,0.1598695157428716,0.30112617974362016,0.20211762380522397,25,30,20
9,581,0.3378734742653352,0.15986951577784878,0.3001393738475928,0.20211763610922343,25,30,20
9,582,0.32259407307131566,0.15986951516214126,0.3154303884771754,0.20210602328936603,25,30,20
9,583,0.3225999314331962,0.15986365826239746,0.3154303870200484,0.20210602328435642,25,30,20
9,584,0.32278584707596414,0.15986365826460236,0.3152444705837513,0.2021060240756807,25,30,20
9,585,0.32295809477650095,0.15986365811671516,0.3150722439424497,0.2021060031643327,25,30,20
9,586,0.29227063570125833,0.1598637201550554,0.3457544498814379,0.20211119426224589,25,30,20
9,587,0.2922785871707991,0.15985575315686198,0.34575446540039906,0.20211119427193744,25,30,20
9,588,0.2962790165162666,0.15985395233628646,0.34175586090549503,0.2021111702419493,25,30,20
9,589,0.3068986838059002,0.15985395244960585,0.33113617925561156,0.2021111844888802,25,30,20
9,590,0.29020200294941245,0.159853964662346,0.3478263664407647,0.2021176659474744,25,30,20
9,591,0.29020179182581335,0.15982311706072724,0.34785742515161383,0.20211766596184366,25,30,20
9,592,0.2897813332265743,0.15982312926275444,0.348277771881947,0.20211776562872238,25,30,20
9,593,0.2856743081542637,0.15982337843826175,0.3523831636711367,0.20211914973633593,25,30,20
9,594,0.2873262258010892,0.15982337895188264,0.3507312436993805,0.20211915154764618,25,30,20
9,595,0.28542315636223764,0.15982337843045216,0.3526343148291445,0.2021191503781642,25,30,20
9,596,0.2858791385522648,0.15936690274792428,0.3526348077466697,0.2021191509531394,25,30,20
9,597,0.2996515483646231,0.15936684070083765,0.3388676524503754,0.20211395848416228,25,30,20
9,598,0.299645482646729,0.1593668407008379,0.33886758513635795,0.20212009151607385,25,30,20
9,599,0.2996373542194962,0.15936684070071125,0.33886757525505823,0.20212822982473347,25,30,20
9,600,0.2996514709981485,0.159366840700765,0.33886758562889585,0.20211410267218954,25,30,20
9,601,0.3151195593858145,0.15936681698325736,0.3256575996378092,0.19985602399311786,25,30,20
9,602,0.3155832707086112,0.15936681471866498,0.3251939923261512,0.1998559222465715,25,30,20
9,603,0.31552904947116883,0.15936682091625895,0.3252482542723847,0.19985587534018667,25,30,20
9,604,0.3150612930239548,0.159835071106042,0.3252477611045858,0.19985587476541647,25,30,20
9,605,0.3149978128290764,0.15983507164078534,0.3253112903466134,0.19985582518352435,25,30,20
9,606,0.31517642363159715,0.159835071646006,0.32513281802232025,0.1998556867000773,25,30,20
9,607,0.3151702213922214,0.15983507164600572,0.32513281901066554,0.19986188795110862,25,30,20
9,608,0.31577205088330434,0.15983507166037822,0.32453095798630893,0.19986191947000984,25,30,20
9,609,0.3070472589783378,0.15983505996714456,0.3332549301632542,0.1998627508912648,25,30,20
9,610,0.32393360776962415,0.15983506036921394,0.316368546365273,0.19986278549588923,25,30,20
9,611,0.3231557085772001,0.15983508175944175,0.31714632076628274,0.19986288889707576,25,30,20
9,612,0.32449791725419685,0.159835056960209,0.3158042345261698,0.19986279125942474,25,30,20
9,613,0.32449781098856717,0.1598350506487149,0.3158043022548028,0.1998628361079153,25,30,20
9,614,0.32449371549136324,0.15983505064882136,0.3158043113092452,0.19986692255057018,25,30,20
9,615,0.32449382753727124,0.15982029442641862,0.31581895548593697,0.19986692255037372,25,30,20
9,616,0.3309130242154783,0.15982029473175968,0.30939969373522413,0.1998669873175383,25,30,20
9,617,0.33091298562381566,0.15984271999224473,0.30937730706606836,0.19986698731787184,25,30,20
9,618,0.35870488093869035,0.15986331071823082,0.28156483417705636,0.1998669741660231,25,30,20
9,619,0.35869289532619997,0.1598633107182287,0.2815671123820308,0.19987668157354188,25,30,20
9,620,0.3581623431239469,0.15986334004296107,0.28201529549504295,0.19995902133805055,25,30,20
9,621,0.3516720551499444,0.15986334649675668,0.28850552225632614,0.1999590760969743,25,30,20
9,622,0.3595462301484028,0.15986333758543123,0.2806378380561977,0.19995259420996933,25,30,20
9,623,0.3686512970501813,0.15986333721066404,0.2715332530551743,0.19995211268398175,25,30,20
9,624,0.3685765437630776,0.1598633370697086,0.2716084570581462,0.19995166210906898,25,30,20
9,625,0.36858045734319334,0.15986650475146086,0.2716013757806589,0.19995166212468812,25,30,20
9,626,0.36842451496649475,0.15986650474937344,0.2717573193483047,0.19995166093582864,25,30,20
9,627,0.3684163860299069,0.1598665047493015,0.2717573085910985,0.1999598006296937,25,30,20
9,628,0.3748039786890393,0.15986649934861868,0.26536973860274793,0.199959783359595,25,30,20
9,629,0.37528520227547735,0.1593924148675836,0.2653625986514178,0.1999597842055219,25,30,20
9,630,0.40336394904961276,0.15939241487076278,0.23728384957081627,0.19995978650880805,25,30,20
9,631,0.4032727244754315,0.15939241488462436,0.23737507350149134,0.19995978713845264,25,30,20
9,632,0.40322553815254003,0.1593921009611357,0.23742255263792741,0.19995980824839696,25,30,20
9,633,0.4032313436427768,0.15939210107037732,0.2374167918013036,0.19995976348554334,25,30,20
9,634,0.40275216307097705,0.1598794585286125,0.23740861577590722,0.19995976262450418,25,30,20
9,635,0.40275625859983577,0.15987945852850596,0.23740860671519004,0.19995567615646911,25,30,20
9,636,0.3873365985543195,0.15987945523402683,0.25276663743887906,0.2000173087727754,25,30,20
9,637,0.3859591511039536,0.1598791830346834,0.2541457532368377,0.2000159126245254,25,30,20
9,638,0.3861447445441083,0.15987918284493213,0.2539601688481296,0.20001590376282985,25,30,20
9,639,0.3861407431573485,0.15987917831784781,0.25396417567704005,0.2000159028477643,25,30,20
9,640,0.3861426359354935,0.15987631900792304,0.25396514217064076,0.20001590288594362,25,30,20
9,641,0.3861365402686014,0.1598763190079231,0.25396514271726967,0.2000219980062063,25,30,20
9,642,0.38599122716609385,0.1598763182672992,0.25411049269029684,0.20002196187631047,25,30,20
9,643,0.3859910191046769,0.15984507590961797,0.25414194310366145,0.20002196188204388,25,30,20
9,644,0.37423305960078124,0.15984533293893805,0.2658995160691334,0.20002209139114652,25,30,20
9,645,0.37422707036513686,0.15984533293901193,0.2658995259419128,0.2000280707539373,25,30,20
9,646,0.37513790276696135,0.15984533398382286,0.2649888876762427,0.2000278755729714,25,30,20
9,647,0.3739804134236372,0.15984533292783237,0.2661463789495443,0.20002787469898436,25,30,20
9,648,0.37468952359691116,0.15986538407518805,0.26532270157142607,0.20012239075647537,25,30,20
9,649,0.3746898012935486,0.15986538407518677,0.2653226974688647,0.20012211716240047,25,30,20
9,650,0.3989397805914892,0.15986538412378268,0.24113435228349725,0.20006048300123125,25,30,20
9,651,0.3989380815431388,0.159867403524285,0.2411340319189699,0.2000604830136061,25,30,20
9,652,0.3989443506151214,0.15986740352436007,0.24113412043240603,0.20005412542811216,25,30,20
9,653,0.3965642773426765,0.159867403477528,0.2435141943194291,0.200054124860366,25,30,20
9,654,0.3965008567538947,0.15986740682236433,0.24357231428341322,0.20005942214032746,25,30,20
9,655,0.3965064688540781,0.15986740682230957,0.24357230886104358,0.2000538154625685,25,30,20
9,656,0.3965067323167782,0.15986740690063747,0.2435720655849945,0.20005379519758906,25,30,20
9,657,0.3966357993715451,0.1598674069089698,0.24357247209275712,0.1999243216267274,25,30,20
9,658,0.39677928490817477,0.15986740637538407,0.24342897166424587,0.19992433705219465,25,30,20
9,659,0.3967975921213107,0.15986740637759916,0.24342917014743504,0.19990583135365447,25,30,20
9,660,0.391275288439465,0.15986742756528935,0.2489514685978827,0.19990581539736244,25,30,20
9,661,0.3912752583619244,0.15986742756528963,0.24895146760863177,0.1999058464641537,25,30,20
9,662,0.3912791240821544,0.15986742748827712,0.2489476019489979,0.19990584648057005,25,30,20
9,663,0.40787868835967045,0.15986742768177145,0.2323480365412687,0.19990584741728906,25,30,20
9,664,0.4078787774867678,0.15925834500545902,0.23295703014098543,0.19990584736678726,25,30,20
9,665,0.4078551498341438,0.1592583452957523,0.23298065302162094,0.19990585184848236,25,30,20
9,666,0.4078310602082124,0.15925834529364719,0.232980488442692,0.19993010605544786,25,30,20
9,667,0.42334196042355615,0.15925834498590552,0.21746965361603568,0.1999300409745024,25,30,20
9,668,0.42868318128573113,0.159258644668152,0.2121280333460587,0.19993014070005796,25,30,20
9,669,0.4286829815720665,0.15925864466695805,0.21212821189066894,0.19993016187030638,25,30,20
9,670,0.45174172219355446,0.15925864448759072,0.18906947149278072,0.199930161826076,25,30,20
9,671,0.45174610720134467,0.15926539705731013,0.18905833392914292,0.1999301618122044,25,30,20
9,672,0.45174589609689825,0.15984380285856364,0.1884801392230351,0.19993016182150536,25,30,20
9,673,0.45174500104558085,0.15983705037757437,0.18840979706239241,0.2000081515144547,25,30,20
9,674,0.4517187153844396,0.15983705050151947,0.18843608260068995,0.2000081515133535,25,30,20
9,675,0.45171465128394217,0.15987255639275,0.18840464081012606,0.20000815151318382,25,30,20
9,676,0.4515721010177455,0.15987255370012116,0.188548451380106,0.2000068939020294,25,30,20
9,677,0.45156378666117175,0.15987255379138599,0.1885566648719839,0.20000699467546038,25,30,20
9,678,0.4646324892864182,0.1598725544347657,0.1754851955000116,0.2000097607788033,25,30,20
9,679,0.4646323821818205,0.1598932588632616,0.1754645981856333,0.2000097607692836,25,30,20
9,680,0.46463227424564457,0.15989325886315656,0.1755940148821698,0.1998804520090278,25,30,20
9,681,0.465096825651582,0.1598932588633526,0.17559419638802498,0.19941571909703884,25,30,20
9,682,0.4650970361432119,0.15989325886338823,0.17559419595804168,0.19941550903535707,25,30,20
9,683,0.46509517535009337,0.15992657574300947,0.1755627398870001,0.19941550901989646,25,30,20
9,684,0.4518509900316221,0.15992657585080633,0.1888068917402853,0.19941554237728576,25,30,20
9,685,0.46342732961525,0.15990598511410176,0.17725116125943452,0.19941552401121307,25,30,20
9,686,0.4632983714344989,0.1599059851056961,0.17725067142456827,0.19954497203523608,25,30,20
9,687,0.4628338506840261,0.15990598510549942,0.17725049196897358,0.20000967224150037,25,30,20
9,688,0.4786660093167863,0.15990599020234078,0.16142110512113533,0.20000689535973684,25,30,20
9,689,0.44063075047294603,0.15991267050235652,0.19932665885125908,0.20012992017343817,25,30,20
9,690,0.4407408493636095,0.1599126703412371,0.19921656299106544,0.20012991730408752,25,30,20
9,691,0.4390062232698785,0.15990569826220177,0.2010812871737373,0.2000067912941819,25,30,20
9,692,0.43900611939323597,0.15990580538779967,0.20108128392070238,0.20000679129826218,25,30,20
9,693,0.4025446037476862,0.15990580664286125,0.2375427966932342,0.20000679291621717,25,30,20
9,694,0.40254463577755834,0.15990580664287476,0.23741334740072365,0.20013621017884226,25,30,20
9,695,0.402729623505129,0.15988576138005559,0.2373429204884545,0.20004169462635957,25,30,20
9,696,0.40272962235208043,0.15988558434369954,0.23734309868270873,0.2000416946215099,25,30,20
9,697,0.4027296224493467,0.1581676697671374,0.23906101316190959,0.20004169462160523,25,30,20
9,698,0.40319969538932193,0.15816766977783675,0.2052251950256824,0.23340743980715797,25,30,20
9,699,0.39703932286531163,0.15816789224894093,0.2113853481496587,0.23340743673608796,25,30,20
9,700,0.3970353295709434,0.15985833808025618,0.20969889560787347,0.23340743674092604,25,30,20
9,701,0.39703343573736916,0.15988106491447748,0.20967806261666058,0.2334074367314919,25,30,20
9,702,0.39637974185747715,0.15988108080720517,0.2103317115561376,0.23340746577917934,25,30,20
9,703,0.39638562872143024,0.1598810808072049,0.21033171204771312,0.23340157842365092,25,30,20
9,704,0.3968299416954124,0.159881079576039,0.20988739560201983,0.23340158312652876,25,30,20
9,705,0.3968279797271171,0.15988107957595205,0.20988522545575353,0.2334057152411783,25,30,20
9,706,0.3965877940297799,0.1598810576893244,0.21002912629804588,0.23350202198285078,25,30,20
9,707,0.3965882207110342,0.15988105768932728,0.21002912991599987,0.23350159168363954,25,30,20
9,708,0.3965819467819944,0.15988105768934296,0.210029124526498,0.23350787100216563,25,30,20
9,709,0.3931689550006958,0.15988156163468872,0.21344039559417216,0.23350908777044407,25,30,20
9,710,0.3931747027603993,0.15988156163466966,0.21344042264534818,0.23350331295958363,25,30,20
9,711,0.35380506728784317,0.15988156153429423,0.2528100526988642,0.23350331847900047,25,30,20
9,712,0.3538110587054254,0.15988156153431238,0.2528099371262977,0.23349744263396613,25,30,20
9,713,0.35331833538286567,0.15988157512597787,0.253301126330706,0.23349896316045146,25,30,20
9,714,0.35279380636188473,0.1598810712694668,0.2538273464665428,0.23349777590210696,25,30,20
9,715,0.3520926859308058,0.1598810715157967,0.25452845406235897,0.23349778849103975,25,30,20
9,716,0.3530060072112714,0.1598810424233016,0.25361516144368584,0.2334977889217412,25,30,20
9,717,0.3541784035998267,0.15988101247591727,0.25252517571859956,0.2334154082056564,25,30,20
9,718,0.35417850747872953,0.15988101247590067,0.2525251759892682,0.23341530405610073,25,30,20
9,719,0.3541825344627468,0.15987699145047649,0.2525251700402857,0.2334153040464909,25,30,20
9,720,0.35476995181088966,0.15987697762242165,0.2519393178922496,0.233413752674439,25,30,20
9,721,0.35478379361392415,0.1598660309631433,0.2519364227392241,0.23341375268370862,25,30,20
9,722,0.35704233092549487,0.15986603095248006,0.2496778686813939,0.23341376944063133,25,30,20
9,723,0.3575121583088536,0.15939580038593087,0.24967827046143165,0.23341377084378462,25,30,20
9,724,0.35751169627370066,0.15939580038892143,0.24977336891995805,0.23331913441742042,25,30,20
9,725,0.3640244759982454,0.15939557750323968,0.2432600900416841,0.23331985645683173,25,30,20
9,726,0.35729891209211223,0.15939587775699526,0.2499840450326579,0.2333211651182336,25,30,20
9,727,0.35729295553019186,0.15941269121555637,0.24997318813593375,0.2333211651183167,25,30,20
9,728,0.33387352936043285,0.15941269110296222,0.2733923937539484,0.23332138578265582,25,30,20
9,729,0.32996249315387344,0.15941269363655272,0.2773025448922946,0.23332226831727876,25,30,20
9,730,0.32995650601117044,0.15941869048533103,0.2773025351908099,0.23332226831268787,25,30,20
9,731,0.3076564509369765,0.15941869233238173,0.299603274805736,0.23332158192490493,25,30,20
9,732,0.311667949765603,0.15941868978539206,0.29559266162842357,0.23332069882058057,25,30,20
9,733,0.31166209642046305,0.1594186897854108,0.2955926345728582,0.2333265792212672,25,30,20
9,734,0.3111941630211785,0.15988720559778447,0.29559205353877394,0.23332657784226235,25,30,20
9,735,0.283558482377277,0.15988720703644504,0.32322771009086937,0.23332660049540951,25,30,20
9,736,0.26730998654066174,0.1602751426339439,0.33908840066744694,0.23332647015794739,25,30,20
9,737,0.26731590785065207,0.16027514263417347,0.3390884170798965,0.23332053243527803,25,30,20
9,738,0.2404669910155633,0.16027697583547895,0.36593926366289053,0.2333167694860684,25,30,20
9,739,0.23884081699420784,0.16027697618901976,0.36756244353584533,0.23331976328092932,25,30,20
9,740,0.23884071061025514,0.16027697618903503,0.3675624432028847,0.23331986999782683,25,30,20
9,741,0.2388270007626895,0.1602769761858967,0.3675761889019021,0.233319834149513,25,30,20
9,742,0.23848018609884825,0.16027697712770866,0.36792300757842894,0.2333198291950114,25,30,20
9,743,0.23864860856800568,0.16027697715558364,0.3678325437291048,0.23324187054730033,25,30,20
9,744,0.23861311852406838,0.1598889093687119,0.3682561030583507,0.23324186904886304,25,30,20
9,745,0.23861897120816547,0.15988890936869377,0.3682561022851523,0.23323601713798275,25,30,20
9,746,0.24012527317176943,0.1598889092158439,0.366752793423693,0.2332330241886874,25,30,20
9,747,0.2392495709714613,0.15989242912121598,0.36762497299994124,0.2332330269073752,25,30,20
9,748,0.22169255717622216,0.15989242183851457,0.38518202982523353,0.23323299116002233,25,30,20
9,749,0.22123246208862354,0.15989242182770197,0.37904423865948744,0.23983087742418,25,30,20
9,750,0.2212246500358745,0.15990783392004987,0.3790366386292462,0.23983087741482212,25,30,20
9,751,0.22122478563389056,0.15990714546617332,0.37903719148502296,0.23983087741490564,25,30,20
9,752,0.1819696881216905,0.1599071457926413,0.4182923018894645,0.23983086419619792,25,30,20
9,753,0.18197757159401864,0.15990714579283874,0.4182924710575837,0.23982281155555424,25,30,20
9,754,0.18197753715972997,0.1599077262592418,0.4182919250209583,0.23982281156006524,25,30,20
9,755,0.18196555826712424,0.15990772625922312,0.4182919277737106,0.2398347876999373,25,30,20
9,756,0.18198981188821378,0.15990772625931698,0.4182921092277767,0.23981035262468733,25,30,20
9,757,0.18191554017830472,0.15990772530479752,0.41836637941474614,0.2398103551021463,25,30,20
9,758,0.18204904470189656,0.1599077315772173,0.4181364441132071,0.23990677960767626,25,30,20
9,759,0.18237337219230262,0.15990994092476585,0.41780990555684044,0.23990678132608806,25,30,20
9,760,0.18224405486422035,0.1599099407330207,0.417939206767993,0.239906797634763,25,30,20
9,761,0.18224205671768803,0.15990994073282283,0.417939038227705,0.23990896432178094,25,30,20
9,762,0.18224237156883652,0.1599099407327368,0.4179456307078816,0.2399020569905428,25,30,20
9,763,0.18226271293574492,0.15990994073484785,0.4179456947113252,0.23988165161807917,25,30,20
9,764,0.1822678172096723,0.15990994073485446,0.4179405904271989,0.2398816516282743,25,30,20
9,765,0.171318416538752,0.15990993953767482,0.4288899821417175,0.2398816617818541,25,30,20
9,766,0.1716151240776937,0.15990994958970592,0.42851642810775403,0.23995849822484341,25,30,20
9,767,0.17167663142397124,0.15990994958309496,0.42845493771812554,0.239958481274806,25,30,20
9,768,0.17161691424853703,0.15990982477770105,0.428480337950584,0.2399929230231765,25,30,20
9,769,0.17158687862712088,0.15990982477766286,0.42848016016146073,0.24002313643375442,25,30,20
9,770,0.17200844614814947,0.1599205463609742,0.42804787279252865,0.2400231346983471,25,30,20
9,771,0.172053768098771,0.1599205457902348,0.4280025510107707,0.24002313510022139,25,30,20
9,772,0.17206973448605953,0.1599205457903782,0.42800256330402325,0.24000715641953693,25,30,20
9,773,0.18069357612050405,0.15992054630232125,0.4193786805623459,0.2400071970148263,25,30,20
9,774,0.18069157974075728,0.1599225483547987,0.41937867491375463,0.2400071969906872,25,30,20
9,775,0.1806895820763553,0.1599225483550298,0.41937869503914416,0.24000917452946868,25,30,20
9,776,0.18070505740054305,0.1599225483551851,0.41937870521423165,0.23999368903003762,25,30,20
9,777,0.18083272816719362,0.15992254835938385,0.4193791204287092,0.2398656030447107,25,30,20
9,778,0.1805242633718254,0.15992033890314797,0.41968979637821496,0.23986560134680918,25,30,20
9,779,0.2059718018807376,0.1599185046961743,0.39424434418917004,0.23986534923391534,25,30,20
9,780,0.23447741629442742,0.15990822222066411,0.3657490050252046,0.2398653564597021,25,30,20
9,781,0.23452619643898953,0.159908222218574,0.36574915223293725,0.23981642910949705,25,30,20
9,782,0.23181896977430624,0.15990846897279667,0.3684557127395858,0.23981684851330953,25,30,20
9,783,0.2336583696223013,0.1599084743097171,0.3666163078317215,0.23981684823626132,25,30,20
9,784,0.2335337378508801,0.15990847451193207,0.36260533786842897,0.24395244976875838,25,30,20
9,785,0.20807695356965844,0.15990938386922812,0.3877838873452253,0.24422977521588826,25,30,20
9,786,0.1691938233965728,0.15990938497191792,0.4266668442747634,0.24422994735674597,25,30,20
9,787,0.1691684000734684,0.15990938496081694,0.4266922706879726,0.2442299442777427,25,30,20
9,788,0.16911607436330733,0.15990938496299567,0.42669224355172536,0.24428229712197247,25,30,20
9,789,0.16726895451036938,0.15990972751754914,0.42853902087685386,0.2442822970952287,25,30,20
9,790,0.16427349995434778,0.15990972762534378,0.43153473022289807,0.24428204219741034,25,30,20
9,791,0.1642732220562661,0.1599097276252168,0.431528120115071,0.24428893020344547,25,30,20
9,792,0.16413594892387998,0.15990972762316402,0.4315278906415485,0.2444264328114062,25,30,20
9,793,0.16414062735559395,0.15989672074478123,0.43153621877731707,0.24442643312230738,25,30,20
9,794,0.16414679494593504,0.15989054749665144,0.43153622443527334,0.24442643312214055,25,30,20
9,795,0.16439639280060914,0.15989054748951437,0.4312866437815694,0.24442641592830733,25,30,20
9,796,0.16439625019477308,0.15989080754779741,0.43128652632920944,0.24442641592821968,25,30,20
9,797,0.16422012281630505,0.15989080644954695,0.43146268952436206,0.2444263812097856,25,30,20
9,798,0.15482554034705362,0.1598908056957179,0.44085734592773357,0.24442630802949492,25,30,20
9,799,0.15468714124000774,0.1598908060740579,0.4409958786594618,0.24442617402647263,25,30,20
9,800,0.1546813948740187,0.15989617746590232,0.4409962536334271,0.2444261740266521,25,30,20
9,801,0.15467750790741616,0.15989617746567078,0.44099623351704614,0.24443008110986755,25,30,20
9,802,0.15467525726282375,0.15989745602552158,0.44099720558262395,0.2444300811290314,25,30,20
9,803,0.15470627908887502,0.1598971081389329,0.44087190274519034,0.24452471002700224,25,30,20
9,804,0.19274931445873253,0.1598992613924214,0.40282667679120154,0.24452474735764562,25,30,20
9,805,0.15886467808701948,0.15989926237753205,0.43671078541457803,0.24452527412087066,25,30,20
9,806,0.15674113370875897,0.15989926591434137,0.43832352679395453,0.24503607358294535,25,30,20
9,807,0.15801282608356013,0.15989926592325318,0.4370461969847406,0.24504171100844502,25,30,20
9,808,0.1580130766183436,0.15989926592323664,0.4370462005991856,0.24504145685923334,25,30,20
9,809,0.15799311890524936,0.15989926592318485,0.4370461973359972,0.24506141783556754,25,30,20
9,810,0.15799289484297993,0.15989926592320264,0.4370483952533864,0.24505944398043,25,30,20
9,811,0.15799322576480215,0.15989926592534526,0.43705089907953754,0.24505660923031403,25,30,20
9,812,0.16555530898856322,0.15989542508095927,0.42949161163822225,0.24505765429225257,25,30,20
9,813,0.16556208523442564,0.1598954742307499,0.4294847860521648,0.24505765448265682,25,30,20
9,814,0.1674287803975954,0.15989547423452607,0.42761809034127524,0.24505765502660082,25,30,20
9,815,0.20353275991720118,0.1598954283466177,0.391514154409543,0.24505765732663728,25,30,20
9,816,0.20353240549603124,0.15989542834447545,0.39150944993002695,0.24506271622946574,25,30,20
9,817,0.19192632876107565,0.15989427223824806,0.4033944268733173,0.24478497212735928,25,30,20
9,818,0.19192753681243338,0.15990139976027895,0.40338609161534067,0.24478497181194683,25,30,20
9,819,0.19192168043450045,0.15990139976029588,0.40338609343872434,0.2447908263664791,25,30,20
9,820,0.19178050896225166,0.15990162788262188,0.4035270375757488,0.24479082557937737,25,30,20
9,821,0.193106238414856,0.15990162788457093,0.40352747659119936,0.24346465710937373,25,30,20
9,822,0.19177420871306627,0.15990162788031767,0.4035268389427857,0.24479732446383026,25,30,20
9,823,0.19574732046616541,0.15990162450594692,0.4000645563139606,0.24428649871392666,25,30,20
9,824,0.19574729253445347,0.1599016245059307,0.4000645551800629,0.24428652777955243,25,30,20
9,825,0.19956366323821567,0.1599016211797494,0.39624799866126303,0.24428671692077153,25,30,20
9,826,0.19937750747521318,0.15990162137758224,0.39643429521639917,0.24428657593080502,25,30,20
9,827,0.19891303755092402,0.1599016112069463,0.39697562400387654,0.2442097272382519,25,30,20
9,828,0.23013061363834797,0.15990161133031816,0.36575803375166965,0.24420974127966535,25,30,20
9,829,0.21463687923136845,0.15990161152854032,0.38125175475833295,0.24420975448175716,25,30,20
9,830,0.21463610483430043,0.15990160505101123,0.38548456828862654,0.23997772182606242,25,30,20
9,831,0.22828618114300148,0.15990160619825805,0.3718341646572941,0.2399780480014468,25,30,20
9,832,0.22830211213577722,0.15990160619838062,0.3718341749486865,0.23996210671715595,25,30,20
9,833,0.22828934842714219,0.1599016061961299,0.37183409849018983,0.23997494688653778,25,30,20
9,834,0.22828962752999543,0.1599013240055383,0.37183410156356156,0.23997494690090387,25,30,20
9,835,0.22829537449481307,0.15989596130382708,0.3718337172958732,0.239974946905486,25,30,20
9,836,0.22828921072055303,0.15990212451855057,0.3718337178652638,0.23997494689563204,25,30,20
9,837,0.22829121999401192,0.15989280996237032,0.3718410231617769,0.23997494688184062,25,30,20
9,838,0.23504190160747426,0.15989250956515183,0.36509205442895004,0.23997353439842406,25,30,20
9,839,0.23503938129586976,0.15989270974670733,0.36509442011155635,0.23997348884586686,25,30,20
9,840,0.2361331349517377,0.15989270987240473,0.36400061897047914,0.2399735362053782,25,30,20
9,841,0.23613227653554708,0.15989270983280288,0.36403589787501595,0.2399391157566315,25,30,20
9,842,0.23611926293605687,0.15989271606094296,0.36395418266557195,0.24003383833742728,25,30,20
9,843,0.23636834479712243,0.1598927212009905,0.36365758992372027,0.24008134407816561,25,30,20
9,844,0.23639016916196806,0.15989272120111458,0.3636576017630299,0.24005950787388644,25,30,20
9,845,0.23526980393198188,0.15989351846020924,0.3647748320679592,0.2400618455398489,25,30,20
9,846,0.23526980274533774,0.15989351846022667,0.3647748323408651,0.24006184645356884,25,30,20
9,847,0.2352697999128662,0.15872225511460897,0.36594609852321086,0.24006184644930909,25,30,20
9,848,0.23526983574135155,0.1587305001666909,0.3659378176286115,0.2400618464633414,25,30,20
9,849,0.2352743062042203,0.15873052509408084,0.3659333223129282,0.2400618463887659,25,30,20
9,850,0.22920514648831425,0.1587305241091694,0.37200300974520695,0.24006131965730543,25,30,20
9,851,0.22930460597060404,0.1587305241093054,0.37199814615029153,0.239966723769794,25,30,20
9,852,0.2293046078058225,0.1587305295638832,0.3719981388605752,0.23996672376971445,25,30,20
9,853,0.22281239729046282,0.1587303292200069,0.37849051423162167,0.23996675925790467,25,30,20
9,854,0.22437034790727262,0.15872817886869503,0.3769336187992365,0.2399678544247927,25,30,20
9,855,0.22436965839272444,0.1587281726405051,0.3770290370658154,0.23987313190094997,25,30,20
9,856,0.22437785267045915,0.1587195780268457,0.37702943738739675,0.23987313191529414,25,30,20
9,857,0.22437778266614739,0.15989091665400096,0.3758581687646368,0.23987313191521056,25,30,20
9,858,0.2281161181321053,0.15989091665221175,0.372125469337243,0.23986749587844008,25,30,20
9,859,0.228145890074017,0.15989091665240587,0.3721254856573466,0.239837707616231,25,30,20
9,860,0.22846019297504633,0.15989091422668142,0.37181231748402616,0.2398365753142465,25,30,20
9,861,0.22857281490689377,0.15989091422288204,0.3716997257009333,0.23983654516929076,25,30,20
9,862,0.22857859627747754,0.15989091422282603,0.3716997214923381,0.23983076800735947,25,30,20
9,863,0.2293987740759027,0.15989092357423737,0.370879488165213,0.23983081418464347,25,30,20
9,864,0.2287055968861412,0.1598924599118418,0.37157113240463086,0.23983081079738772,25,30,20
9,865,0.22870607329067327,0.15989221283999797,0.37157090298228984,0.23983081088703936,25,30,20
9,866,0.23523859564322966,0.1598922128286687,0.36503841971165957,0.23983077181644238,25,30,20
9,867,0.23499734522679105,0.15989255106449002,0.36532685641957996,0.23978324728913794,25,30,20
9,868,0.23496939641217252,0.1598925510645719,0.3653307306970469,0.23980732182620776,25,30,20
9,869,0.2351203434875254,0.15989405810602164,0.36517383457305963,0.23981176383339345,25,30,20
9,870,0.23512655470416938,0.15989405787234573,0.36516762495960964,0.23981176246387448,25,30,20
9,871,0.23512845515826888,0.15989406233598222,0.36516573688942794,0.2398117456163209,25,30,20
9,872,0.2351564039884945,0.15989406233590028,0.3651618626538234,0.2397876710217816,25,30,20
9,873,0.2351565430540591,0.15989406233591844,0.3651619039286189,0.23978749068140337,25,30,20
9,874,0.2351406426056303,0.15989406233579717,0.36516189327642967,0.23980340178214363,25,30,20
9,875,0.23513661470847563,0.15989808372696168,0.36516189976286106,0.23980340180170162,25,30,20
9,876,0.23514274560047105,0.15989155876410974,0.36516229381425874,0.23980340182116158,25,30,20
9,877,0.23482407964120267,0.15989160562050264,0.36548092801671955,0.23980338672157714,25,30,20
9,878,0.22975117249311838,0.15989163503591663,0.37055380477383454,0.23980338769713122,25,30,20
9,879,0.2297511724441065,0.15988077504936718,0.3705646648095658,0.2398033876969612,25,30,20
9,880,0.23298316842021227,0.1598806568762636,0.36733384088774135,0.23980233381578384,25,30,20
9,881,0.23297677634760836,0.1598809084233236,0.3673399815029325,0.2398023337261391,25,30,20
9,882,0.23595234257994904,0.159880879224216,0.3643644207941493,0.23980235740168926,25,30,20
9,883,0.2361813063446693,0.15988087923056443,0.3643650249417342,0.23957278948303554,25,30,20
9,884,0.23618142008981965,0.15988087923052943,0.36436498892307545,0.23957271175657852,25,30,20
9,885,0.23560901920095095,0.15988008184157498,0.36494057334769453,0.23957032560978436,25,30,20
9,886,0.23278788861729907,0.159880081687548,0.36776172991394906,0.23957029978120875,25,30,20
9,887,0.23428614145352633,0.15988075347912636,0.3662627048540982,0.239570400213254,25,30,20
9,888,0.23426246856428168,0.1598807534788975,0.36626268597995504,0.2395940919768699,25,30,20
9,889,0.23424667447955946,0.15988075347888078,0.3662673829263827,0.23960518911518192,25,30,20
9,890,0.23400024049918752,0.15988075347626687,0.3665121245910493,0.23960688143349837,25,30,20
9,891,0.2340042295353915,0.15988074901125754,0.36650814447104607,0.23960687698230654,25,30,20
9,892,0.2339962828394265,0.15988040563955114,0.36642009737202463,0.2397032141490006,25,30,20
9,893,0.23400682466316908,0.1598806372547555,0.36640932363209217,0.23970321444998618,25,30,20
9,894,0.19734697937110846,0.1598806357353736,0.40306950976838307,0.23970287512513727,25,30,20
9,895,0.1973449771450475,0.1598806357355338,0.40772515143742843,0.23504923568199107,25,30,20
9,896,0.1973430133772356,0.15988063573542619,0.4077251487172459,0.23505120217009295,25,30,20
9,897,0.1975387240071963,0.1598806356574162,0.4075294396788411,0.23505120065654725,25,30,20
9,898,0.1975427147203751,0.15986889136064142,0.40753719325784865,0.23505120066113622,25,30,20
9,899,0.19754316969362226,0.175220250791537,0.39218707263877745,0.23504950687606344,25,30,20
9,900,0.1975435930017797,0.1752202507871692,0.39218664939885395,0.235049506812198,25,30,20
9,901,0.21374913075961413,0.17521957964341253,0.3759818745840534,0.2350494150129197,25,30,20
9,902,0.21244289159697577,0.1752195796961323,0.37728809535382235,0.2350494333530708,25,30,20
9,903,0.19471774351461604,0.17521957944977268,0.39501325010913946,0.2350494269264729,25,30,20
9,904,0.19471777815053445,0.17522730524910515,0.39500548970271754,0.2350494268976436,25,30,20
9,905,0.1947176380307836,0.17522730524910585,0.3950055286700269,0.2350495280500844,25,30,20
9,906,0.1946835378400883,0.17522730518701038,0.39023512029016255,0.23985403668273936,25,30,20
9,907,0.19470784405848124,0.17522730518727886,0.3902107850209359,0.2398540657333051,25,30,20
9,908,0.19472973582125636,0.17522730518743607,0.39021079015589977,0.23983216883540867,25,30,20
9,909,0.1947301152219027,0.17522730518136367,0.3902120100837404,0.2398305695129947,25,30,20
9,910,0.1947312370634667,0.19985118029009455,0.3655870132593212,0.23983056938711939,25,30,20
9,911,0.19472273032967255,0.19983736360752893,0.36560933696688586,0.23983056909591433,25,30,20
9,912,0.1553182287698122,0.1998374015498718,0.40501378939497557,0.23983058028534138,25,30,20
9,913,0.15534517479571142,0.19983781501425824,0.4049880961102371,0.23982891407979448,25,30,20
9,914,0.15534507295329247,0.19983780621205308,0.4049882067550299,0.23982891407962686,25,30,20
9,915,0.15526611027227377,0.19983626949175928,0.4050687061842997,0.23982891405166643,25,30,20
9,916,0.1552603664895754,0.1998416206896634,0.4050690987593873,0.23982891406137333,25,30,20
9,917,0.15524410443821535,0.19984162069099184,0.40508418399569657,0.2398300908750939,25,30,20
9,918,0.15525181418738693,0.19982657296302492,0.40509152198919984,0.23983009086038576,25,30,20
9,919,0.13022345573285957,0.19982670761358365,0.430119421778134,0.23983041487542148,25,30,20
9,920,0.13009194552897982,0.19982671990696763,0.4302509210937155,0.2398304134703326,25,30,20
9,921,0.13054989827731592,0.19982672596345594,0.4298876707585926,0.23973570500063207,25,30,20
9,922,0.13054990461883464,0.19982672596341977,0.4252319276795457,0.24439144173819627,25,30,20
9,923,0.13055275900427132,0.1598598088495976,0.46519599024131736,0.24439144190480877,25,30,20
9,924,0.1301058096432702,0.15985983424077987,0.4656421406866736,0.24439221542927256,25,30,20
9,925,0.129870923171755,0.15985983423443056,0.4659077200008141,0.24436152259299718,25,30,20
9,926,0.13044588564650242,0.15985983423554223,0.46533275467394786,0.24436152544400347,25,30,20
9,927,0.12134765200212166,0.15985983423980593,0.474430987640022,0.24436152611804676,25,30,20
9,928,0.1213481321062146,0.15985983424282535,0.47443107732993073,0.2443609563210263,25,30,20
9,929,0.12124914084944179,0.15985983529915462,0.4792363359907364,0.23965468786066402,25,30,20
9,930,0.118281026146421,0.15985980990870385,0.48220454994582723,0.23965461399904478,25,30,20
9,931,0.11771512903267228,0.15985977196757006,0.4827704728882258,0.23965462611152938,25,30,20
9,932,0.12873900549890469,0.15985975924746748,0.471746561897704,0.23965467335592147,25,30,20
9,933,0.1287052635342322,0.15986009616716518,0.4717783795755146,0.2396562607230858,25,30,20
9,934,0.13541367093407522,0.159858589070612,0.46507587257122046,0.23965186742409025,25,30,20
9,935,0.1354095405582361,0.15985858907061187,0.4650711990397932,0.23966067133135563,25,30,20
9,936,0.13541360438158068,0.1592452603612883,0.46568046393513174,0.23966067132199725,25,30,20
9,937,0.13541763318368757,0.15926363305734334,0.4656580624467484,0.23966067131221966,25,30,20
9,938,0.1354174152030401,0.15926363305762353,0.4657874914973183,0.23953146024201813,25,30,20
9,939,0.1411002248312409,0.15926363527577572,0.46008813637263635,0.23954800352034666,25,30,20
9,940,0.1411061425060003,0.15926363527579282,0.45982206892209376,0.23980815329611288,25,30,20
9,941,0.1410976801420278,0.15926363527270282,0.4598219746439718,0.2398167099412976,25,30,20
9,942,0.1410918239631384,0.1598787600692838,0.45921270601165753,0.23981670995592042,25,30,20
9,943,0.14135109133705662,0.15987841760029578,0.45857757020951007,0.24019292085313787,25,30,20
9,944,0.17162647260949723,0.15987841832247626,0.4282327097501849,0.24026239931784094,25,30,20
9,945,0.17162850110332045,0.15987841832238725,0.4282327373356721,0.24026034323861992,25,30,20
9,946,0.13696307256902013,0.1598784183218254,0.46289822887257587,0.24026028023658152,25,30,20
9,947,0.14540684855166847,0.15987843949058483,0.4544444285706523,0.2402702833870973,25,30,20
9,948,0.16867473220933096,0.1598784372290029,0.43119313850145724,0.24025369206020997,25,30,20
9,949,0.1686606094587898,0.15989260566851515,0.43119429867682463,0.24025248619587175,25,30,20
9,950,0.1333722006150945,0.1598930878438278,0.46649220181639256,0.24024250972468836,25,30,20
9,951,0.1333724310661785,0.16083300770248432,0.4655520515174516,0.2402425097138886,25,30,20
9,952,0.13335074078177833,0.1608624390235829,0.4655443104902676,0.240242509704374,25,30,20
9,953,0.1333506351916543,0.16086254435857242,0.46554431074540725,0.24024250970436895,25,30,20
9,954,0.15278423754939277,0.1599084572445744,0.4470647015356116,0.24024260367042408,25,30,20
9,955,0.15278409956096697,0.15990859701777457,0.44706469976044333,0.24024260366081804,25,30,20
9,956,0.14926148652838916,0.15990860413469898,0.4506567862710406,0.24017312306587407,25,30,20
9,957,0.14924964588950437,0.1599086041346155,0.45065681386636636,0.24018493610951638,25,30,20
9,958,0.14970634804594224,0.15990860139390692,0.450200114426512,0.2401849361336389,25,30,20
9,959,0.14968445631019608,0.15990860033203866,0.45020734830358644,0.24019959505417904,25,30,20
9,960,0.16973166915649396,0.1599086095241299,0.43016014756455784,0.2401995737548167,25,30,20
9,961,0.16973562249681243,0.15990860952421782,0.4301667318528336,0.24018903612613487,25,30,20
9,962,0.16974175418568102,0.15990207712240675,0.4301671325656923,0.24018903612621859,25,30,20
9,963,0.16933623494727304,0.15990202091809008,0.4305727390605977,0.24018900507404073,25,30,20
9,964,0.1693338193737845,0.15989233563914035,0.4305848400843979,0.240189004902679,25,30,20
9,965,0.14911156989168034,0.15989233548767434,0.44406099286714207,0.24693510175350591,25,30,20
9,966,0.14911752863583855,0.159875517623243,0.4440718519924263,0.2469351017484949,25,30,20
9,967,0.1698355675852812,0.15987550740210923,0.43009999192494774,0.24018893308766354,25,30,20
9,968,0.17367305713924303,0.15987550741515746,0.4262625022930904,0.24018893315251058,25,30,20
9,969,0.1736672437871586,0.15987550741511966,0.42638119858253526,0.24007605021518738,25,30,20
9,970,0.1540169480341244,0.15987549970709408,0.41518466754602484,0.2709228847127578,25,30,20
9,971,0.1540209405565408,0.1598754997070897,0.4151846321585275,0.2709189275778428,25,30,20
9,972,0.13916185643417986,0.15987536458020069,0.43004417558027475,0.2709186034053437,25,30,20
9,973,0.13938929886327356,0.15987536458561333,0.4298167563800071,0.2709185801711049,25,30,20
9,974,0.13170604540158085,0.15987536445344935,0.428371223742931,0.28004736640203753,25,30,20
9,975,0.1316798967088776,0.1598753644545085,0.428397372455601,0.2800473663810118,25,30,20
9,976,0.13730717286366814,0.15987536448948142,0.4231478616241377,0.2796696010227111,25,30,20
9,977,0.1433850840471392,0.15987536551707054,0.4170699160694445,0.27966963436634396,25,30,20
9,978,0.14337905798654463,0.1598817724387594,0.4170695352277348,0.2796696343469598,25,30,20
9,979,0.14337296280784725,0.15988177243875973,0.41706953538978553,0.27967572936360574,25,30,20
9,980,0.14327925867586486,0.15988177268503198,0.4171632369018314,0.2796757317372694,25,30,20
9,981,0.1052368909073903,0.1598817731886695,0.4551252642168091,0.27975607168713035,25,30,20
9,982,0.10523685607621068,0.15988177318840616,0.4549958299078666,0.27988554082751615,25,30,20
9,983,0.12108631019304367,0.1598817731911022,0.439146374323063,0.27988554229279144,25,30,20
9,984,0.14221276466163132,0.1598812700918856,0.4180192485924203,0.27988671665406306,25,30,20
9,985,0.14222684561356275,0.15988127009204567,0.4180192620943133,0.2798726222000786,25,30,20
9,986,0.1421531519201032,0.15988127015081932,0.41809136700295413,0.27987421092612275,25,30,20
9,987,0.15683517048819812,0.15988126991011076,0.4034105497970586,0.279873009804632,25,30,20
9,988,0.156835449679941,0.15988126991014762,0.4034105525210571,0.27987272788885376,25,30,20
9,989,0.15682989237956646,0.159881269912238,0.4034104436303359,0.2798783940778601,25,30,20
9,990,0.15683003558229916,0.1598812699120077,0.4034038256283975,0.279884868877296,25,30,20
9,991,0.15684597630627162,0.15986532068802956,0.40340383410919245,0.2798848688965074,25,30,20
9,992,0.15698485181794108,0.15986532075199988,0.40326326756831876,0.27988655986174193,25,30,20
9,993,0.15697892791684637,0.15986532075205326,0.4032632589719216,0.27989249235918134,25,30,20
9,994,0.15697102065809784,0.15986532075189366,0.40326984687879763,0.2798938117112131,25,30,20
9,995,0.16025048626264538,0.15986532075840346,0.39999108006756423,0.2798931129113889,25,30,20
9,996,0.16022865743819978,0.1598557246017359,0.40002250506780257,0.27989311289226326,25,30,20
9,997,0.16022262119854344,0.1598557246017713,0.4000159056644381,0.27990574853524863,25,30,20
9,998,0.1602171618973862,0.15985572460284428,0.4000158699726444,0.27991124352712693,25,30,20
9,999,0.16022269227113425,0.15985572460171935,0.40001586293564756,0.2799057201915007,25,30,20
9,1000,0.15782334808668774,0.15985573204039005,0.4024152018505959,0.279905718022328,25,30,20
9,1001,0.14222348793028494,0.15985573203727285,0.4180150629589329,0.2799057170735128,25,30,20
9,1002,0.13592217788306482,0.159855765192129,0.4243163864759043,0.2799056704489058,25,30,20
9,1003,0.1344804215433958,0.1598557651833649,0.4258384824159446,0.2798253308572968,25,30,20
9,1004,0.12948043050117103,0.15985576529416687,0.4308384729804024,0.2798253312242608,25,30,20
9,1005,0.12948631360724805,0.15981842449756592,0.4308699306420264,0.279825331253161,25,30,20
9,1006,0.12948852651065976,0.16038706072109973,0.4303008070288524,0.27982360573939047,25,30,20
9,1007,0.124192294839232,0.16038705983086798,0.43559705292403833,0.2798235924058643,25,30,20
9,1008,0.12419600901161115,0.16041515665138262,0.4355652419024927,0.27982359243451665,25,30,20
9,1009,0.12066471361018725,0.16041515664538303,0.4390965373576683,0.2798235923867643,25,30,20
9,1010,0.1211375322276805,0.16041515234226164,0.43862372161252844,0.2798235938175321,25,30,20
9,1011,0.12035557522385837,0.16041515728857075,0.4394056936815394,0.27982357380603395,25,30,20
9,1012,0.12028309820960388,0.15984669841447982,0.4400466148393158,0.2798235885366007,25,30,20
9,1013,0.1204383197857733,0.1598466952578666,0.4398913957838828,0.2798235891724774,25,30,20
9,1014,0.12046277220333476,0.15984669525781736,0.4399807171955632,0.27970981534328504,25,30,20
9,1015,0.12015789108008956,0.15984669530541973,0.44028559827255853,0.27970981534193295,25,30,20
9,1016,0.12015782450582099,0.15984669530548978,0.44029009705198263,0.27970538313670734,25,30,20
9,1017,0.1224070592554688,0.15984668762107918,0.43804082120071014,0.2797054319227457,25,30,20
9,1018,0.1224088786416579,0.15985608976386204,0.43802959964292776,0.2797054319515562,25,30,20
9,1019,0.12196101047449114,0.15985609172583215,0.4384774658700892,0.2797054319295866,25,30,20
9,1020,0.12195491402095884,0.159862195583254,0.43847745846636654,0.27970543192941955,25,30,20
9,1021,0.12146535377207753,0.15986219512079153,0.43896702001765353,0.27970543108947615,25,30,20
9,1022,0.12161033167263811,0.15986219660738454,0.43882202886381294,0.27970544285616444,25,30,20
9,1023,0.12160649477040414,0.15986219661365134,0.438825865459497,0.27970544315644547,25,30,20
9,1024,0.12162027207099248,0.15986219661366607,0.4388281186903042,0.27968941262503616,25,30,20
9,1025,0.12163026701256817,0.15985181138545485,0.4388285089963185,0.2796894126056573,25,30,20
9,1026,0.12164224255934573,0.15985181138541907,0.43882850234403104,0.27967744371120334,25,30,20
9,1027,0.13094874441159643,0.1598518101186924,0.42952199866965446,0.2796774468000562,25,30,20
9,1028,0.13078023917577622,0.1598518100721406,0.42969049955735467,0.2796774511947279,25,30,20
9,1029,0.1307742432458124,0.15985181007207064,0.4436480348131325,0.2657259118689826,25,30,20
9,1030,0.1307770563012339,0.1598518100343922,0.4436452221611456,0.26572591150322716,25,30,20
9,1031,0.13076324397399258,0.15985181003435806,0.4436429410739241,0.26574200491772343,25,30,20
9,1032,0.13076324382401874,0.1598518100343587,0.44364296954033555,0.2657419766012845,25,30,20
9,1033,0.13075130030851817,0.15985181003437696,0.44364294345507926,0.2657539462020231,25,30,20
9,1034,0.1289084280152158,0.15985181171070645,0.44548427458739503,0.2657554856866813,25,30,20
9,1035,0.12846551279217827,0.159851815745016,0.4459271871916496,0.265755484271154,25,30,20
9,1036,0.12840304413573797,0.15985163833378307,0.4459898485646767,0.26575546896580154,25,30,20
9,1037,0.12841527853473383,0.1598516383360156,0.44599000273816275,0.26574308039108774,25,30,20
9,1038,0.11059990911838508,0.15985163834299632,0.46380537071665445,0.26574308182196354,25,30,20
9,1039,0.11207354161396946,0.15985164357144152,0.4623297113504644,0.2657451034641241,25,30,20
9,1040,0.11226141914677035,0.1598516366615029,0.4621454026938271,0.26574154149789914,25,30,20
9,1041,0.11223929982905168,0.15985128160899154,0.4621678770587425,0.26574154150321355,25,30,20
9,1042,0.11221232611169459,0.1598704330573493,0.4621757283087614,0.26574151252219247,25,30,20
9,1043,0.11221045305358572,0.1598704330562975,0.462175661426728,0.265743452463386,25,30,20
9,1044,0.11223242890594907,0.15987043910453333,0.4621536795315178,0.26574345245799713,25,30,20
9,1045,0.1122385278843038,0.15987043910449888,0.46215367701007876,0.2657373560011157,25,30,20
9,1046,0.11220014383493503,0.15987043903980827,0.46219364824822423,0.2657357688770315,25,30,20
9,1047,0.11362741691477724,0.15988954441207195,0.46074725337211014,0.26573578530103814,25,30,20
9,1048,0.11362113640662092,0.1598895444098761,0.4607484614882197,0.26574085769528044,25,30,20
9,1049,0.11396172887561122,0.15988957151932423,0.4604075473239923,0.26574115228106837,25,30,20
9,1050,0.11394111805038319,0.15988974348423018,0.46042798618602243,0.26574115227936107,25,30,20
9,1051,0.11394724930256667,0.15987275063284534,0.46043884778463173,0.2657411522799521,25,30,20
9,1052,0.11395338487906552,0.12098936085935284,0.49931610201037663,0.2657411522512009,25,30,20
9,1053,0.11393967702288033,0.1209810775812127,0.49933809315405564,0.26574115224184797,25,30,20
9,1054,0.11394567941205326,0.12099692616318068,0.49931624218281934,0.2657411522419434,25,30,20
9,1055,0.1139512397340011,0.1209969261611254,0.49931623776152323,0.26573559634334637,25,30,20
9,1056,0.10449122024243362,0.12099967493064988,0.5087735222096034,0.2657355826173093,25,30,20
9,1057,0.10446648991586109,0.12099967493066194,0.5086841980318333,0.2658496371216392,25,30,20
9,1058,0.10289870259155863,0.14583665151669803,0.4854150252420942,0.26584962064964496,25,30,20
9,1059,0.10380447393799354,0.14583665151690955,0.48541540447813164,0.26494347006696106,25,30,20
9,1060,0.10380133427677635,0.1458364735472122,0.48541872212184417,0.26494347005416397,25,30,20
9,1061,0.10379097293257869,0.14583647354603116,0.4854186326849518,0.26495392083643504,25,30,20
9,1062,0.10449190928196876,0.14583643985469089,0.48471774552004654,0.2649539053432914,25,30,20
9,1063,0.10448227146028101,0.14583643985371944,0.4847273830671406,0.2649539056188559,25,30,20
9,1064,0.08104104106051326,0.14583644257718584,0.5081686089006511,0.2649539074616474,25,30,20
9,1065,0.08103529795194088,0.14587364858633517,0.5081371460193672,0.2649539074423554,25,30,20
9,1066,0.09009129733011136,0.14587469781564083,0.49908029230096945,0.2649537125532784,25,30,20
9,1067,0.09009127173339161,0.14587469781562434,0.49908037314315445,0.26495365730783027,25,30,20
9,1068,0.09007743131530752,0.1447884789243767,0.500180432457471,0.26495365730284454,25,30,20
9,1069,0.09088107741879475,0.14479785782118515,0.49936738186535967,0.2649536828946604,25,30,20
9,1070,0.09067703333610178,0.14480795610609148,0.499561352339579,0.26495365821822764,25,30,20
9,1071,0.09068309396153497,0.1448079561060904,0.4855993196355691,0.27890963029680604,25,30,20
9,1072,0.090684953437526,0.1459113867970738,0.4844991008979897,0.2789045588674112,25,30,20
9,1073,0.09068498856445828,0.14591138679710947,0.4845022630513339,0.278901361587099,25,30,20
9,1074,0.09226962710620373,0.14591139475937093,0.4829176179092436,0.27890136022518425,25,30,20
9,1075,0.09226938032333276,0.14591150108508302,0.48291775836657685,0.2789013602250091,25,30,20
9,1076,0.11602530006322337,0.14591149835959707,0.45916184319644365,0.2789013583807365,25,30,20
9,1077,0.11602117659617818,0.14591149836073897,0.4591586884310588,0.2789086366120246,25,30,20
9,1078,0.11600281084325408,0.16102702404737512,0.44406152910535673,0.2789086360040142,25,30,20
9,1079,0.11602313660855731,0.16102702592746387,0.44404079689593845,0.27890904056804094,25,30,20
9,1080,0.14910297428427474,0.16102702598207158,0.41096095996043003,0.27890903977322345,25,30,20
9,1081,0.1396948415279542,0.16102595028856825,0.42037027243334407,0.27890893575013487,25,30,20
9,1082,0.1401802797149111,0.1599228645555323,0.4209862756746668,0.27891058005489033,25,30,20
9,1083,0.140174503928958,0.15993875436293833,0.42097616164834806,0.27891058005975666,25,30,20
9,1084,0.13926876483780656,0.15993875436278,0.42097578428197635,0.27981669651743746,25,30,20
9,1085,0.17915484824139136,0.15993600531881957,0.38109245102714967,0.2798166954126399,25,30,20
9,1086,0.17962489195643172,0.15993600531785718,0.3810926486598662,0.2793464540658454,25,30,20
9,1087,0.18014001543996724,0.174437487488127,0.3660760422650932,0.2793464548068127,25,30,20
9,1088,0.179401148433349,0.1744374795794505,0.36681491688849127,0.27934645509870937,25,30,20
9,1089,0.17939332401329483,0.17443747976291152,0.3668227213996687,0.279346474824125,25,30,20
9,1090,0.17939356804614237,0.17443747976289614,0.36682272225637613,0.2793462299345854,25,30,20
9,1091,0.17938953996056262,0.17444149210355508,0.36682273799194076,0.2793462299439411,25,30,20
9,1092,0.17927762804369585,0.17444149294123146,0.36408267154682356,0.28219820746824903,25,30,20
9,1093,0.17929958987293737,0.17554428662918467,0.36295791601494193,0.28219820748293645,25,30,20
9,1094,0.17676144915721592,0.17554428651549203,0.3654960422789937,0.2821982220482987,25,30,20
9,1095,0.17676127632148528,0.17554428651543819,0.36549603930495,0.2821983978581266,25,30,20
9,1096,0.17675700369195332,0.175544286515532,0.3657622172619771,0.2819364925305377,25,30,20
9,1097,0.17675270203846127,0.1755442865156882,0.3720080423106174,0.27569496913523417,25,30,20
9,1098,0.17675834045689,0.17553938843273317,0.3720073019806038,0.27569496912977387,25,30,20
9,1099,0.17933534616461194,0.17554709709091332,0.36907017130567105,0.2760473854388048,25,30,20
9,1100,0.17980107442004115,0.175567248872441,0.3685842923594521,0.27604738434806564,25,30,20
9,1101,0.15478232347473708,0.1755689686988034,0.3935924609346601,0.2760562468918,25,30,20
9,1102,0.15477828693303047,0.17557368659860578,0.3935917795671223,0.27605624690124203,25,30,20
9,1103,0.15525889831698778,0.1755541217777462,0.3931293776323935,0.2760576022728723,25,30,20
9,1104,0.1525100531099911,0.17554606855398205,0.39624020168547375,0.2757036766505522,25,30,20
9,1105,0.1520530157314608,0.1755262660284779,0.3967170421735699,0.27570367606649115,25,30,20
9,1106,0.15153528497491225,0.20099550667667876,0.3717655330248854,0.27570367532352347,25,30,20
9,1107,0.15153938291312274,0.20099550667657262,0.37176552437216587,0.27569958603813893,25,30,20
9,1108,0.14832318333716607,0.20099551011970168,0.3749817526463117,0.27569955389681877,25,30,20
9,1109,0.14833530244137763,0.20098339891026082,0.374981744741856,0.2756995539065048,25,30,20
9,1110,0.1488057316382182,0.2004906903115351,0.3750040241332686,0.2756995539169772,25,30,20
9,1111,0.1483339240613036,0.2004906903113727,0.3750039363873239,0.2761714492399989,25,30,20
9,1112,0.14786191520687184,0.2009849800424025,0.3749816555303019,0.2761714492204229,25,30,20
9,1113,0.1478559297557349,0.20098498004242069,0.3749816559257602,0.27617743427608343,25,30,20
9,1114,0.14784986600058092,0.20098498004242157,0.37498165703578096,0.27618349692121613,25,30,20
9,1115,0.14785187096063582,0.20098498004244278,0.3749816911526089,0.27618145784431214,25,30,20
9,1116,0.1478655710851461,0.20094889094241755,0.3750040801233756,0.2761814578490599,25,30,20
9,1117,0.16474592153814677,0.20094889087585116,0.35812373065234104,0.27618145693366064,25,30,20
9,1118,0.16444916718489302,0.20094889049443984,0.3293439149836097,0.3052580273370583,25,30,20
9,1119,0.16397647694771122,0.2009488904006867,0.32977014594899545,0.30530448670260674,25,30,20
9,1120,0.17324783323895307,0.20094889079878114,0.32049858066514486,0.3053046952971206,25,30,20
9,1121,0.17325186246708363,0.20094889079870334,0.32023240186443763,0.30556684486977564,25,30,20
9,1122,0.1732576078609377,0.20094889079866704,0.32023236580886727,0.30556113553152825,25,30,20
9,1123,0.1730361605008389,0.20094889679244818,0.3204537778726474,0.30556116483406565,25,30,20
9,1124,0.173021307152937,0.20094889678172476,0.3095717438385693,0.3164580522267685,25,30,20
9,1125,0.17302776318524063,0.2009488967816627,0.3095733342745072,0.316450005758589,25,30,20
9,1126,0.1668990802137049,0.20094889490226428,0.3156990924173188,0.3164529324667107,25,30,20
9,1127,0.16632272353039393,0.20094889146786685,0.3162754541895765,0.3164529308121635,25,30,20
9,1128,0.16632301252825366,0.20094898369188255,0.3162750729578225,0.31645293082204196,25,30,20
9,1129,0.16632100322372026,0.20094898369186098,0.31627504019481095,0.3164549728896086,25,30,20
9,1130,0.16654242220670562,0.20094897777043905,0.31605363951757104,0.31645496050528515,25,30,20
9,1131,0.16654844777261263,0.20094897777045873,0.3160537566613786,0.31644881779555084,25,30,20
9,1132,0.1665486187415371,0.20094897777051307,0.3160537596524151,0.3164486438355358,25,30,20
9,1133,0.1665482346003514,0.20034905609886305,0.3166540654655903,0.31644864383519683,25,30,20
9,1134,0.16103299172235175,0.20034931221861602,0.3221689448671426,0.31644875119189053,25,30,20
9,1135,0.16518132450806164,0.20034931669472333,0.3180671862969338,0.3164021725002822,25,30,20
9,1136,0.16515936246788201,0.19924651687842573,0.31919194817278157,0.31640217248091235,25,30,20
9,1137,0.16515872967329553,0.199246167624458,0.31919293023156725,0.31640217247067876,25,30,20
9,1138,0.12775348043408302,0.19924616779269372,0.35659817710495473,0.3164021746682658,25,30,20
9,1139,0.12776742473056035,0.1998321393376406,0.3559982612541041,0.3164021746776921,25,30,20
9,1140,0.12776153931197978,0.19983213933763908,0.35599814603896063,0.31640817531141696,25,30,20
9,1141,0.1271554725448353,0.19981266816503981,0.3566236848949338,0.3164081743951883,25,30,20
9,1142,0.11874006079961896,0.19981094827264975,0.365049679412775,0.3163993115149556,25,30,20
9,1143,0.11850199757751233,0.19981094826972662,0.3652877423218562,0.3163993118309097,25,30,20
9,1144,0.11849407866804422,0.19981886396124346,0.36528774553946497,0.31639931183125175,25,30,20
9,1145,0.11849404510569234,0.19981930225029831,0.3652873408224566,0.31639931182155717,25,30,20
9,1146,0.11770082335280634,0.19981930231548856,0.3660805572397501,0.3163993170919595,25,30,20
9,1147,0.11642310310609831,0.19981930290229283,0.3673581705329136,0.3163994234586998,25,30,20
9,1148,0.11641690142147265,0.19981930290223995,0.36735817271991417,0.3164056229563772,25,30,20
9,1149,0.11641425697537038,0.19981930128266942,0.3702127672943126,0.31355367444765586,25,30,20
9,1150,0.11641802188904368,0.19981929504753942,0.37020900861983136,0.3135536744435948,25,30,20
9,1151,0.11641216849747772,0.19981929504755758,0.37020901001147055,0.31355952644350465,25,30,20
9,1152,0.0956875541750205,0.199819460154636,0.3909260083264212,0.31356697734393224,25,30,20
9,1153,0.08432087700172847,0.1998192949777332,0.40230030202193334,0.3135595259986147,25,30,20
9,1154,0.08431274946335623,0.19981929509037705,0.4023084294477481,0.3135595259985283,25,30,20
9,1155,0.08430622623195357,0.19982582126858808,0.4023084265109801,0.313559525988486,25,30,20
9,1156,0.08432010744151379,0.19982582302539836,0.4022945435379728,0.31355952599512193,25,30,20
9,1157,0.0838540477029979,0.1998258230422412,0.40255846059624245,0.3137616686585241,25,30,20
9,1158,0.08387839213670249,0.19982582304244004,0.40256003424983033,0.31373575057103276,25,30,20
9,1159,0.0841039073427494,0.19982582293204426,0.40233451910003865,0.3137357506251742,25,30,20
9,1160,0.11209052665526938,0.19982582320465284,0.374549957563055,0.3135336925770293,25,30,20
9,1161,0.11209627184885568,0.19982582320463402,0.3745499541282512,0.313527950818265,25,30,20
9,1162,0.08631259436065614,0.19982590659591382,0.40033156681955284,0.3135299322238829,25,30,20
9,1163,0.0862986254922802,0.19983968133862032,0.40033176096442147,0.3135299322046837,25,30,20
9,1164,0.08630055325399491,0.19983968133868854,0.400331767867722,0.3135279975396,25,30,20
9,1165,0.08628663961280514,0.19987599078560436,0.4003093720762701,0.3135279975253244,25,30,20
9,1166,0.08629251664989995,0.19987599078560161,0.40030931778922024,0.31352217477528144,25,30,20
9,1167,0.08628813066075176,0.1998759907854859,0.40030768409600553,0.3135281944577596,25,30,20
9,1168,0.08628640552387284,0.19987599078525872,0.39406197071780885,0.3197756329730602,25,30,20
9,1169,0.08631226370662672,0.19987611970485758,0.3940359835740123,0.31977563301450507,25,30,20
9,1170,0.058784357122296946,0.19987805369978612,0.42155888420645843,0.31977870497145916,25,30,20
9,1171,0.057354677551181704,0.19987805369170386,0.4229884400171147,0.3197788287400003,25,30,20
9,1172,0.053192521437657916,0.1998780558780534,0.4271501355806413,0.3197792871036453,25,30,20
9,1173,0.06892192119391917,0.19987797220591705,0.4114228853379121,0.3197772212622478,25,30,20
9,1174,0.06927572819930326,0.1998779722125342,0.4110690775023725,0.31977722208578696,25,30,20
9,1175,0.06927963557076032,0.19987797221467343,0.41106929212148857,0.31977310009307464,25,30,20
9,1176,0.06951135866835409,0.19987797221688844,0.4105533401305547,0.3200573289841989,25,30,20
9,1177,0.06951331974688595,0.19987797221695852,0.4105532304158843,0.3200554776202672,25,30,20
9,1178,0.06951160605995468,0.1998779722169958,0.41055322922050425,0.3200571925025415,25,30,20
9,1179,0.06950589352173007,0.1998779722170897,0.4105579368107108,0.32005819745046565,25,30,20
9,1180,0.06950581384992408,0.19816074854911536,0.4122752401504133,0.32005819745054415,25,30,20
9,1181,0.06926811330701449,0.19816074854896346,0.4127955044988423,0.31977563364517747,25,30,20
9,1182,0.0708045054086327,0.19816102243697808,0.4112519059012661,0.31978256625312096,25,30,20
9,1183,0.07057470753233971,0.19816102243465605,0.4114817038246736,0.31978256620832796,25,30,20
9,1184,0.07057689942138799,0.19816102243248207,0.41148148866951645,0.31978058947661053,25,30,20
9,1185,0.07059881564525039,0.19816101588070012,0.4114612734016221,0.31977889507242496,25,30,20
9,1186,0.07060480886233768,0.19815496592718623,0.4114613301332066,0.3197788950772684,25,30,20
9,1187,0.0739240364861551,0.19815483532844097,0.40814223309912007,0.31977889508628293,25,30,20
9,1188,0.0646469142012302,0.19815483493051542,0.4174194233736844,0.3197788274945687,25,30,20
9,1189,0.06464687507164095,0.1981548349304616,0.41741941949333916,0.3197788705045584,25,30,20
9,1190,0.0585568302409043,0.1981605810225208,0.42350952795095426,0.3197730607856217,25,30,20
9,1191,0.05855690250603719,0.1794129466582482,0.44225709004557595,0.31977306079013795,25,30,20
9,1192,0.058556978537875976,0.1811303715917253,0.4405395890754979,0.3197730607949004,25,30,20
9,1193,0.05855351772879527,0.18115061613570546,0.44052280530641225,0.3197730608290846,25,30,20
9,1194,0.05856147432880329,0.18114265227349854,0.4405228125592564,0.3197730608384404,25,30,20
9,1195,0.05857922135415615,0.18113497218124153,0.4405133884595827,0.3197724180050186,25,30,20
9,1196,0.06409225996725171,0.18113471599447378,0.43500072945190327,0.3197722945863705,25,30,20
9,1197,0.06409212694603757,0.18113471599438452,0.43500234495883383,0.3197708121007412,25,30,20
9,1198,0.0640760673247943,0.1811347226247376,0.4350183974287777,0.31977081262168644,25,30,20
9,1199,0.06407605378570391,0.1998821220731419,0.41627101152378204,0.31977081261737056,25,30,20
9,1200,0.0651991415343211,0.19990187413739816,0.4150366113045401,0.319862373023739,25,30,20
9,1201,0.06519290609474103,0.19990187413739746,0.4150366101843288,0.31986860958353097,25,30,20
9,1202,0.06519290859659364,0.1999018740253517,0.4150366077898377,0.31986860958821567,25,30,20
9,1203,0.06519281734246024,0.1999021426898792,0.4150364303798093,0.31986860958784985,25,30,20
9,1204,0.07014081421643491,0.19997178506420343,0.4100188103343364,0.3198685903850226,25,30,20
9,1205,0.0701367860855464,0.19873752452415833,0.4112570989859672,0.3198685904043255,25,30,20
9,1206,0.07016090673804064,0.19871279923887586,0.41125770305167864,0.3198685909714023,25,30,20
9,1207,0.07038880886589832,0.19871279933552224,0.4062200240869532,0.3246783677116224,25,30,20
9,1208,0.07038291808812619,0.19871874726008343,0.40621996694500756,0.324678367706779,25,30,20
9,1209,0.06702607944714488,0.19871875021273777,0.4095768026703031,0.3246783676698102,25,30,20
9,1210,0.06700787393383138,0.19873755709936572,0.4095762018687529,0.3246783670980461,25,30,20
9,1211,0.06700188347215708,0.19874354439866881,0.4095762050312002,0.32467836709797004,25,30,20
9,1212,0.06410377047769629,0.1987435444207884,0.4124743150029986,0.32467837009851286,25,30,20
9,1213,0.04620533144682243,0.1987440586998584,0.43037145410696726,0.3246791557463494,25,30,20
9,1214,0.0462035084071565,0.198744058699824,0.4303715172764184,0.32468091561659973,25,30,20
9,1215,0.009636375938240556,0.19874405868486975,0.4669386508666025,0.32468091451028736,25,30,20
9,1216,0.009630560792670384,0.19874405868497808,0.46693866079289736,0.3246867197294545,25,30,20
9,1217,0.004713147947353492,0.19867441631124572,0.47192524384951684,0.3246871918918836,25,30,20
9,1218,0.004732714416120662,0.1986845348823813,0.4718955585101004,0.3246871921913976,25,30,20
9,1219,0.004923025544297153,0.19868453489411342,0.47170538773890186,0.3246870518226852,25,30,20
9,1220,0.0038499400796387097,0.1986647760889737,0.4727968014079829,0.3246884824234028,25,30,20
9,1221,0.003854219165059908,0.1986647823250548,0.47279251609609196,0.3246884824137905,25,30,20
9,1222,0.0037962770924569933,0.19866506681513904,0.4728507497406325,0.324687906351768,25,30,20
9,1223,0.0035884016746768987,0.19866506671657505,0.4778700968279862,0.31987643478075967,25,30,20
9,1224,0.0035883669438272077,0.19866506671657405,0.47787171409965995,0.3198748522399375,25,30,20
9,1225,0.003594255353914608,0.19865918761313892,0.47787170478824903,0.31987485224469625,25,30,20
9,1226,0.003582250308351255,0.19865953009692514,0.4777902939028456,0.3199679256918766,25,30,20
9,1227,0.0044797499146128,0.1986595308337712,0.4768927938199781,0.31996792543163693,25,30,20
9,1228,0.004493555662850161,0.19865953083373136,0.47688809516251046,0.3199588183409081,25,30,20
9,1229,0.0044880491590820176,0.19866442797942316,0.47688870452454024,0.31995881833695455,25,30,20
9,1230,0.004491946723487898,0.19866442797952935,0.47688864803354386,0.3199549772634389,25,30,20
9,1231,0.004487038791388871,0.19867177319290374,0.4768862109979705,0.31995497701773856,25,30,20
9,1232,0.004521699564204289,0.19867177402348196,0.47685154935268786,0.3199549770596261,25,30,20
9,1233,0.004513363539664279,0.19868052636439543,0.4768511330416214,0.31995497705431886,25,30,20
9,1234,0.0043287490733133534,0.1986805263529514,0.4770357481511189,0.31995497642261617,25,30,20
9,1235,0.004322792249876558,0.19868052635293512,0.47703572055596866,0.3199609608412195,25,30,20
9,1236,0.014330891098795555,0.19868052636830524,0.4670276189000774,0.3199609636328216,25,30,20
9,1237,0.014326357084153465,0.19868024188128722,0.46703243811001727,0.3199609629245418,25,30,20
9,1238,0.014350679761541642,0.1995628973055891,0.4661254599836552,0.319960962949212,25,30,20
9,1239,0.014328563812578179,0.19869996807529255,0.46701050517744497,0.3199609629346822,25,30,20
9,1240,0.014334523142675897,0.1986999680753101,0.4670105058635458,0.31995500291846574,25,30,20
9,1241,0.014334553885946117,0.1986999680753107,0.46701050902321417,0.319954969015526,25,30,20
9,1242,0.014816960373973015,0.19869962559159376,0.4666215178963875,0.31986189613804283,25,30,20
9,1243,0.014830729354488516,0.19869962559155546,0.46662151446482025,0.3198481305891336,25,30,20
9,1244,0.050469818208155014,0.1986996256783425,0.4274260068989097,0.3234045492145908,25,30,20
9,1245,0.050655970422958864,0.19869911139049876,0.42724114237813887,0.32340377580840124,25,30,20
9,1246,0.05065425887427843,0.1999391178026083,0.42600284753391626,0.32340377578919643,25,30,20
9,1247,0.049807863290137595,0.19993911794790725,0.4268492424745943,0.32340377628736156,25,30,20
9,1248,0.049808036969819745,0.19991653818394858,0.42687164855861587,0.32340377628761674,25,30,20
9,1249,0.049790384568547175,0.1999094038378858,0.4268964353461228,0.3234037762474462,25,30,20
9,1250,0.04979038203426764,0.1999094038378858,0.42689651724276195,0.3234036968850862,25,30,20
9,1251,0.050203492153124,0.19990934599284638,0.42648346262429115,0.32340369922973866,25,30,20
9,1252,0.05437774612543682,0.19991785270991128,0.42230769381359623,0.3233967073510552,25,30,20
9,1253,0.05389137461829983,0.1999178528190054,0.4227940359957651,0.3233967365669306,25,30,20
9,1254,0.0573783763679535,0.19991785292022757,0.42295638005260805,0.3197473906592123,25,30,20
9,1255,0.07405313424539613,0.19990773121917152,0.40350012911070027,0.3225390054247327,25,30,20
9,1256,0.07405912542097921,0.19990773121920621,0.40350012956464953,0.3225330137951654,25,30,20
9,1257,0.07405128367334542,0.1999077312191356,0.4035001260334195,0.32254085907410074,25,30,20
9,1258,0.07363572014266646,0.1998880628464429,0.40393536028639315,0.3225408567244984,25,30,20
9,1259,0.07363554946455178,0.19989956630462305,0.40392402750092726,0.3225408567298986,25,30,20
9,1260,0.07439132601821491,0.1998995663014921,0.40316824898297926,0.32254085869731286,25,30,20
9,1261,0.07439734146291793,0.19989956630151098,0.4031666283461516,0.3225364638894186,25,30,20
9,1262,0.0744053046920529,0.1998915948160414,0.4031666365977091,0.3225364638941938,25,30,20
9,1263,0.07486885140992881,0.19989194888094214,0.40270273617735247,0.32253646353177423,25,30,20
9,1264,0.07486075140451642,0.19989194888097617,0.40270124468436913,0.3225460550301363,25,30,20
9,1265,0.07486846532799019,0.19989194888104503,0.4027012519962708,0.3225383337946919,25,30,20
9,1266,0.0692174699371427,0.19988316746125395,0.40836108282074723,0.32253827978085403,25,30,20
9,1267,0.05920404947428065,0.1998831674457296,0.4183745060048458,0.32253827707514454,25,30,20
9,1268,0.058439005083798914,0.19988316744447998,0.4191395523976283,0.3225382750740949,25,30,20
9,1269,0.05843939800882565,0.1998831674445889,0.41913793488151313,0.3225394996650738,25,30,20
9,1270,0.058490042208174726,0.19988316798116162,0.4190873516063211,0.322539438204341,25,30,20
9,1271,0.05849600032004924,0.19987666128538387,0.41908790018546754,0.3225394382090981,25,30,20
9,1272,0.05849446739486639,0.19987812717443582,0.4190879672015704,0.3225394382291262,25,30,20
9,1273,0.05889093102117024,0.1998781263443547,0.4186915006661257,0.3225394419683489,25,30,20
9,1274,0.058455083427309935,0.19987777219020791,0.41912032581172043,0.32254681857076,25,30,20
9,1275,0.05760640805056603,0.19987777218332936,0.4199690058193669,0.32254681394673523,25,30,20
9,1276,0.057612009327111975,0.19987777218319394,0.419963404619848,0.3225468138698448,25,30,20
9,1277,0.05760407840231716,0.19988570988349053,0.41996339784419723,0.32254681386999445,25,30,20
9,1278,0.05761223057253875,0.1998857098835991,0.4199633734145366,0.3225386861293254,25,30,20
9,1279,0.058004409158723014,0.19988570921364243,0.419571161936624,0.3225387196910104,25,30,20
9,1280,0.05800194627475615,0.1998887890257226,0.41957054502368807,0.32253871967583264,25,30,20
9,1281,0.058001943929312044,0.19988878902572138,0.4195705434854944,0.3225387235594701,25,30,20
9,1282,0.05799397787347997,0.19988878902566973,0.4195705308481269,0.32254670225272153,25,30,20
9,1283,0.05800141366519766,0.19988878902632487,0.41956309255027385,0.3225467047582017,25,30,20
9,1284,0.0579854184207257,0.1998887890261294,0.4195630303321484,0.32256276222099456,25,30,20
9,1285,0.05800755988362348,0.19987766034080756,0.41955201755477917,0.32256276222078867,25,30,20
9,1286,0.05804814064349704,0.19979062758938512,0.4195984670510125,0.3225627647161037,25,30,20
9,1287,0.058055986936265846,0.19979062758945423,0.41959855354777126,0.3225548319265069,25,30,20
9,1288,0.05805752840595771,0.19979062758953944,0.4195986451800065,0.3225531988244951,25,30,20
9,1289,0.05805782643073875,0.19979062758969904,0.419600221762797,0.3225513242167645,25,30,20
9,1290,0.0580557937812001,0.19979062758982316,0.4196002356842889,0.32255334294468724,25,30,20
9,1291,0.059612215408130116,0.19979062760462632,0.41804381618697917,0.32255334080026316,25,30,20
9,1292,0.04291603601463523,0.1997906275951257,0.40572674007490256,0.35156659631533593,25,30,20
9,1293,0.0428821332441706,0.19979062757502658,0.40576804856245297,0.35155919061835184,25,30,20
9,1294,0.04284325618901041,0.19987595150730747,0.40572160417599085,0.35155918812769316,25,30,20
9,1295,0.042845428884683,0.19987595150722018,0.40572159340598596,0.3515570262021125,25,30,20
9,1296,0.05012271672677335,0.19987595150830406,0.3984443031508866,0.35155702861403804,25,30,20
9,1297,0.06040799168606714,0.19987595152018295,0.3878289474071551,0.3518871093865965,25,30,20
9,1298,0.06051967644496437,0.19987595152032817,0.3878337090361107,0.35177066299859855,25,30,20
9,1299,0.06065313795029747,0.1998762875871753,0.38769991086607175,0.351770663596457,25,30,20
9,1300,0.060653416223668336,0.1986381770351413,0.388937743120413,0.35177066362077875,25,30,20
9,1301,0.060649385003475845,0.19863817703500047,0.38893777033227395,0.35177466762925247,25,30,20
9,1302,0.06065345199792577,0.19863411158915145,0.3889377687930263,0.3517746676198989,25,30,20
9,1303,0.0508529116987124,0.1986341115830098,0.3990682455110026,0.35144473120727726,25,30,20
9,1304,0.05084523640183921,0.19863411158304825,0.3990681638806142,0.35145248813449925,25,30,20
9,1305,0.04537381387499021,0.19863411160892142,0.4045395874057629,0.35145248711032373,25,30,20
9,1306,0.08343139326001842,0.19863411160318292,0.3664820076808486,0.3514524874559508,25,30,20
9,1307,0.08342521381919207,0.1986341116030587,0.3664804316944645,0.3514602428832859,25,30,20
9,1308,0.08342494043683098,0.19863411159995814,0.35830826352224965,0.3596326844409629,25,30,20
9,1309,0.08329984639068824,0.19863377562783063,0.35843369414331866,0.35963268383816493,25,30,20
9,1310,0.08325180091245098,0.19863377558350956,0.35848177453285696,0.3596326489711853,25,30,20
9,1311,0.08326415243441948,0.19863377559369536,0.35848185754478096,0.3596202144271065,25,30,20
9,1312,0.08326391518705266,0.19863377558342116,0.3584816863343719,0.3596206228951566,25,30,20
9,1313,0.12104735825685109,0.1986337760773613,0.3206983841914716,0.35962048147431913,25,30,20
9,1314,0.12105149294290057,0.19862925435520576,0.32069877123717766,0.35962048146471864,25,30,20
9,1315,0.12104718740046852,0.19862925435518552,0.32069877210753694,0.3596247861368112,25,30,20
9,1316,0.12106102530702717,0.19862925435528997,0.32069874090673295,0.359610979430952,25,30,20
9,1317,0.1210679501382041,0.1986090136316746,0.32071205517727885,0.3596109810528432,25,30,20
9,1318,0.12105174047557847,0.19860901363146066,0.3207118919744963,0.3596273539184647,25,30,20
9,1319,0.12105170667064435,0.1986090136314066,0.3207118890498005,0.35962739064814786,25,30,20
9,1320,0.12105833616930342,0.19860900980931667,0.320705265010744,0.35962738901063523,25,30,20
9,1321,0.12105651287023848,0.1986090098092822,0.3207052601230352,0.35962921719744334,25,30,20
9,1322,0.12252194244135609,0.1986087990213321,0.31924004041912135,0.3596292181181891,25,30,20
9,1323,0.12240609107696,0.19860879902123904,0.3192352889535001,0.3597498209483,25,30,20
9,1324,0.12240203768035997,0.19861190204238877,0.3192362393195783,0.35974982095767183,25,30,20
9,1325,0.12289502876992912,0.19861191011040813,0.31874323849407454,0.359749822625591,25,30,20
9,1326,0.12290098408813772,0.19861191011033738,0.31874323432948765,0.35974387147203984,25,30,20
9,1327,0.12288493857425173,0.1986202775813376,0.318750912377309,0.35974387146710435,25,30,20
9,1328,0.12289328345994997,0.19862027769304727,0.3187425673931785,0.35974387145382714,25,30,20
9,1329,0.12287958381215662,0.1986202776929601,0.3187425594783976,0.3597575790164882,25,30,20
9,1330,0.12287785073517028,0.19862027769511928,0.3187426483889845,0.35975922318072767,25,30,20
9,1331,0.1228777180377735,0.19985055232494087,0.3175125064714405,0.3597592231658469,25,30,20
9,1332,0.10043764857702157,0.19985056192754772,0.339943674455089,0.3597681150403418,25,30,20
9,1333,0.08331203434838176,0.199850552315922,0.3570781905173955,0.35975922281830086,25,30,20
9,1334,0.08331560739703002,0.19985055231602708,0.3570781999877314,0.35975564029921153,25,30,20
9,1335,0.049455219876498493,0.1998505743384667,0.39093854988640075,0.3597556558986312,25,30,20
9,1336,0.049460997596838696,0.19985227441489672,0.39093107206475575,0.3597556559235061,25,30,20
9,1337,0.0494517905978085,0.19985227441347317,0.3909402801724409,0.35975565481627436,25,30,20
9,1338,0.04944950638656472,0.19985227441138678,0.39094022592162603,0.35975799328041935,25,30,20
9,1339,0.04945013819377978,0.19985163960649602,0.39094022892839747,0.3597579932713238,25,30,20
9,1340,0.0494560935700349,0.19985163960644248,0.390940226014906,0.3597520408086137,25,30,20
9,1341,0.04945030786875316,0.19985782250288964,0.39093982884462525,0.35975204078372924,25,30,20
9,1342,0.04945058520565811,0.19985782250289116,0.3909399137381916,0.35975167855325607,25,30,20
9,1343,0.04944679961371248,0.19985782250274575,0.39094369933611406,0.35975167854742446,25,30,20
9,1344,0.04945289544722518,0.19985782250274606,0.39094374190514203,0.35974554014488386,25,30,20
9,1345,0.049464832272769196,0.1998578225027248,0.3909437119130277,0.3597336333114754,25,30,20
9,1346,0.051168179904105555,0.20009931551029048,0.3889985182988686,0.3597339862867338,25,30,20
9,1347,0.0511852326304224,0.20009934283754305,0.3889812610519624,0.3597341634800705,25,30,20
9,1348,0.05095350128524071,0.20009934283704262,0.38921300470385006,0.3597341511738644,25,30,20
9,1349,0.05094687834488153,0.2001057780211277,0.3892131924601979,0.3597341511737903,25,30,20
9,1350,0.05093903962380862,0.20010577802102172,0.3892131881981529,0.35974199415701463,25,30,20
9,1351,0.050937323203468436,0.20010577802096885,0.38921326048445537,0.35974363829110567,25,30,20
9,1352,0.0451864005260994,0.20010575600469088,0.3949642214593666,0.35974362200984067,25,30,20
9,1353,0.04519980879543039,0.18157360814452445,0.41348296086802816,0.35974362219201395,25,30,20
9,1354,0.04521192188132229,0.18156243058550584,0.4134820253410034,0.3597436221921658,25,30,20
9,1355,0.0452119928788245,0.18156254216529408,0.41348184275954686,0.35974362219633194,25,30,20
9,1356,0.04507247762139219,0.18156254839054203,0.4136213523763447,0.3597436216117198,25,30,20
9,1357,0.04506806465608383,0.18156254839062774,0.4136212751797494,0.35974811177353816,25,30,20
9,1358,0.045060641470645695,0.1815625483905433,0.4136212722737991,0.3597555378650112,25,30,20
9,1359,0.04528744281645695,0.18156254838845454,0.4133944715271667,0.359755537267921,25,30,20
9,1360,0.04338857507733536,0.18132105830737633,0.415478014932528,0.35981235168276,25,30,20
9,1361,0.043382587096374034,0.18132105830739384,0.4154780147371525,0.3598183398590789,25,30,20
9,1362,0.04508845231708754,0.18132105781457306,0.4137721515642142,0.3598183383041241,25,30,20
9,1363,0.04509629696047623,0.18132094575426405,0.4137644189721261,0.3598183383131321,25,30,20
9,1364,0.045096298401149114,0.1813205827212121,0.4137647805691818,0.35981833830845533,25,30,20
9,1365,0.044597879268414874,0.1813209104683448,0.4142628736207168,0.35981833664252305,25,30,20
9,1366,0.04459773476542738,0.1813209104683445,0.4142628695152642,0.3598184852509639,25,30,20
9,1367,0.044582154019243765,0.19985559082254217,0.3957437700703862,0.3598184850878268,25,30,20
9,1368,0.04460397589100476,0.1998339376834115,0.3957436013182159,0.3598184851073667,25,30,20
9,1369,0.04274826753225771,0.19983393765612475,0.3975993074578166,0.3598184873537988,25,30,20
9,1370,0.04275033589929584,0.19983190248962962,0.39759927426187014,0.3598184873492022,25,30,20
9,1371,0.04276232604483112,0.19983189625670092,0.39758729034926205,0.3598184873492039,25,30,20
9,1372,0.04275955800090677,0.19983189625127704,0.39759005840848716,0.3598184873393282,25,30,20
9,1373,0.043101768860809866,0.19948902968108306,0.39759071353305103,0.35981848792505594,25,30,20
9,1374,0.043107654392088406,0.1994831484529814,0.3975907092298778,0.35981848792505156,25,30,20
9,1375,0.04686155025398829,0.1994831484447375,0.3938368133803114,0.359818487920962,25,30,20
9,1376,0.046861693909623,0.1994831484447381,0.3938368169043799,0.3598183407412585,25,30,20
9,1377,0.04686157274891221,0.19948314844472154,0.39384143778431413,0.3598138410220511,25,30,20
9,1378,0.04685550468582888,0.19948314844472123,0.39384135629366535,0.359819990575784,25,30,20
9,1379,0.04685053842445423,0.19948316201471478,0.3938463089517281,0.3598199906091024,25,30,20
9,1380,0.0468626573784115,0.1994831620147329,0.3938463088911445,0.3598078717157115,25,30,20
9,1381,0.04650649744855031,0.19983999530307361,0.3938456361183957,0.3598078711299809,25,30,20
9,1382,0.046534352954632145,0.19983999579699907,0.3938177798120176,0.35980787143635207,25,30,20
9,1383,0.04652833578421428,0.1998236189378236,0.39384017385008396,0.3598078714278785,25,30,20
9,1384,0.046528315027317954,0.19982361893782197,0.39383546921359913,0.3598125968212613,25,30,20
9,1385,0.04616764148006941,0.19982386382574113,0.3942518828695316,0.35975661182465596,25,30,20
9,1386,0.04619628080410183,0.19982386389142168,0.3942230137010799,0.3597568416033958,25,30,20
9,1387,0.04619813544303148,0.1998238638914917,0.3942230196847612,0.35975498098071523,25,30,20
9,1388,0.046191718306749084,0.1998238638914927,0.39422302110005897,0.3597613967016985,25,30,20
9,1389,0.017966645374602058,0.19982386414486267,0.42244165610423196,0.3597678343763026,25,30,20
9,1390,0.018882549178032802,0.19982386404558763,0.4215257517741726,0.35976783500220355,25,30,20
9,1391,0.018882581542396068,0.1998238640456239,0.42152575244585755,0.35976780196611924,25,30,20
9,1392,0.018860764479709448,0.19984587663800632,0.42152555693102234,0.35976780195125885,25,30,20
9,1393,0.018879014720411987,0.19984587663799025,0.42152556024182225,0.3597495483997723,25,30,20
9,1394,0.018872989124969274,0.1998519052501739,0.42152555723961327,0.35974954838524037,25,30,20
9,1395,0.00714023150871163,0.1998519049901235,0.4332647545053223,0.3597431089958395,25,30,20
9,1396,0.030009358066459445,0.19985238731280291,0.410377813115129,0.35976044150560554,25,30,20
9,1397,0.0288739830338883,0.19985238733705935,0.4115131884844066,0.3597604411446452,25,30,20
9,1398,0.02885776551223105,0.19985238733693333,0.41151317496995476,0.3597766721808796,25,30,20
9,1399,0.028849814057453158,0.1998603311399268,0.4115131826265027,0.3597766721761164,25,30,20
9,1400,0.02885167523146291,0.1998603311400141,0.41151319185054414,0.359774801777978,25,30,20
9,1401,0.02885595015255855,0.19986033113996549,0.4115132147510001,0.35977050395647503,25,30,20
9,1402,0.02884786484633276,0.19986033113987728,0.4115132074622951,0.35977859655149463,25,30,20
9,1403,0.03507058163675253,0.1998603345001925,0.40529044960100385,0.3597786342620509,25,30,20
9,1404,0.0350646897138491,0.19986033450019192,0.4052904514959807,0.35978452428997804,25,30,20
9,1405,0.035064684407348355,0.19988273522363026,0.40526805607974326,0.35978452428927743,25,30,20
9,1406,0.034749303710104436,0.1998827395836994,0.40558343295585075,0.3597845237503447,25,30,20
9,1407,0.03475504845149144,0.19988249087445223,0.4037261663938721,0.3616362942801829,25,30,20
9,1408,0.03475473144555864,0.19988249087466312,0.4037261841821909,0.3616365934975856,25,30,20
9,1409,0.0526398104236285,0.19988248760961252,0.3858411332272288,0.36163656873952954,25,30,20
9,1410,0.05264580689816089,0.19927360007088768,0.38644402428571106,0.3616365687452394,25,30,20
9,1411,0.052641810755003314,0.19927760583123613,0.38644401466366984,0.3616365687500893,25,30,20
9,1412,0.05311520835272802,0.1992776076599434,0.38597061806087996,0.3616365659264463,25,30,20
9,1413,0.06645307166087122,0.19927712534458292,0.37265056840409605,0.3616192345904475,25,30,20
9,1414,0.06693052416829684,0.19879889846138712,0.3726513419279756,0.3616192354423383,25,30,20
9,1415,0.06693667376844745,0.1987988984614264,0.3726536207080791,0.3616108070620452,25,30,20
9,1416,0.06709928885484764,0.19879887118026265,0.3724254126215034,0.3616764273433814,25,30,20
9,1417,0.06708490626670897,0.19879887114030367,0.3724397741325746,0.3616764484604087,25,30,20
9,1418,0.06690361650828561,0.19879887109435157,0.37268686141680085,0.361610650980558,25,30,20
9,1419,0.0667838725056607,0.1987988775979224,0.3728065995073222,0.3616106503890916,25,30,20
9,1420,0.04378887066007091,0.1987988710944656,0.3958016027175558,0.3616106555279046,25,30,20
9,1421,0.04379486119239484,0.1987704849382832,0.39582399834601184,0.3616106555233076,25,30,20
9,1422,0.04378887089951184,0.19877048493830038,0.39582399866856705,0.3616166454936191,25,30,20
9,1423,0.04837955110209526,0.1987704849399212,0.39123331810886663,0.36161664584911307,25,30,20
9,1424,0.04838554336364481,0.1987704849399168,0.39123335321372926,0.36161061848270537,25,30,20
9,1425,0.0483795858651321,0.19877048493989893,0.38952288139385305,0.3633270478011121,25,30,20
9,1426,0.04837947443368385,0.19879298747205806,0.38950049028855455,0.3633270478056997,25,30,20
9,1427,0.04837326732720958,0.19879298747200214,0.38950046146603734,0.3633332837347477,25,30,20
9,1428,0.04836741769156316,0.19879298747203877,0.38950046359280166,0.3633391312435937,25,30,20
9,1429,0.0642022407897086,0.19879298746197757,0.37366565170169075,0.36333912004662094,25,30,20
9,1430,0.06420210523584488,0.19879312445575084,0.3736656502711339,0.3633391200372684,25,30,20
9,1431,0.06422494937017523,0.19877011786656273,0.3736658127158951,0.36333912004736496,25,30,20
9,1432,0.06422904917443938,0.1987660183694458,0.3736658124183586,0.3633391200377545,25,30,20
9,1433,0.06480963286432066,0.19876601838583594,0.37324516039994854,0.3631791883498932,25,30,20
9,1434,0.0648139395146004,0.19876601838580338,0.373245157742858,0.36317488435673745,25,30,20
9,1435,0.06481189921101037,0.19937092465990155,0.3726422917540903,0.36317488437499756,25,30,20
9,1436,0.0648058083730974,0.19935452991094824,0.37266477734085635,0.36317488437509793,25,30,20
9,1437,0.06524502662483327,0.19935452984975816,0.37222578837027703,0.3631746551551314,25,30,20
9,1438,0.06525020884699012,0.19935452984960111,0.37222060614829416,0.363174655155115,25,30,20
9,1439,0.06524421904406326,0.19935452984961954,0.37222056654386004,0.3631806845624571,25,30,20
9,1440,0.06524428364771452,0.19935452984957966,0.37221829385167005,0.36318289265103487,25,30,20
9,1441,0.06524431896181987,0.19935452984935026,0.3722182722237997,0.36318287896502904,25,30,20
9,1442,0.06524817088288604,0.19935452984949165,0.37221832433082525,0.3631789749367959,25,30,20
9,1443,0.06524838135078216,0.19935452984952853,0.3722183223809964,0.3631787664186916,25,30,20
9,1444,0.08182287341211553,0.19935464110579437,0.3556392189340508,0.36318326654803745,25,30,20
9,1445,0.08135507375598681,0.1993546411012296,0.3561070191829044,0.363183265959878,25,30,20
9,1446,0.08047995919140716,0.19975325056668514,0.3565835246314041,0.3631832656105037,25,30,20
9,1447,0.10177500371664135,0.19975313922776483,0.3352930841874921,0.36317877286810224,25,30,20
9,1448,0.10175828614541672,0.19977001783647463,0.33529292315075404,0.3631787728673553,25,30,20
9,1449,0.12469423114955763,0.199770019540869,0.335396959068743,0.3401387902408323,25,30,20
9,1450,0.12469432699834206,0.1997590670029694,0.3354078157672998,0.3401387902313907,25,30,20
9,1451,0.12468847487455079,0.19975906700298693,0.3354078170805842,0.34014464104187964,25,30,20
9,1452,0.12482775392889098,0.19975906701032708,0.33540827965570696,0.34000489940507683,25,30,20
9,1453,0.12482390449159504,0.19976294129109717,0.33540825483127107,0.34000489938603784,25,30,20
9,1454,0.12482990623909314,0.19976294129106031,0.3354082583257044,0.33999889414414325,25,30,20
9,1455,0.12484518403007673,0.19976294121726063,0.3353929814647406,0.33999889328792315,25,30,20
9,1456,0.12506677053062965,0.18091391254988287,0.35402042334438555,0.33999889357510205,25,30,20
9,1457,0.14095470919011036,0.1809142089063744,0.35506965177401506,0.3230614301295003,25,30,20
9,1458,0.1409606670147924,0.18091420890632118,0.35506964741817415,0.32305547666071244,25,30,20
9,1459,0.14095638053219933,0.18091420890639026,0.3550697621816837,0.32305964837972667,25,30,20
9,1460,0.14091529734614158,0.18051561148150536,0.35550944194876194,0.32305964922359176,25,30,20
9,1461,0.1418253686562516,0.18051532368682086,0.35459845127890616,0.3230608563780223,25,30,20
9,1462,0.14182536984212102,0.18051532368682122,0.3545984513264059,0.32306085514465255,25,30,20
9,1463,0.14135383965360984,0.18051532269457937,0.35506998162379483,0.32306085602801493,25,30,20
9,1464,0.14114034980292944,0.19936655461169317,0.3364322398344195,0.32306085575095717,25,30,20
9,1465,0.1406628967001513,0.19984439880511431,0.33643184959592576,0.3230608548988079,25,30,20
9,1466,0.14008270674277706,0.1998443987887795,0.30660236435297017,0.353470530115473,25,30,20
9,1467,0.14007682766468796,0.1998502892409564,0.3066023529786223,0.35347053011573343,25,30,20
9,1468,0.14007679693451858,0.1998502892409395,0.30660235167296573,0.35347056215157624,25,30,20
9,1469,0.13993549739823716,0.19985028374957867,0.3067449076272,0.3534693112249842,25,30,20
9,1470,0.12481780797861561,0.19985028388868592,0.3218624615330321,0.35346944659966484,25,30,20
9,1471,0.12539413690475376,0.19987022611459765,0.3212661908422679,0.35346944613837933,25,30,20
9,1472,0.1254267209914588,0.19987023590001957,0.32123359695606235,0.3534694461524561,25,30,20
9,1473,0.12543295136319313,0.1998864969206695,0.32121110556368565,0.35346944615244835,25,30,20
9,1474,0.16309459242019103,0.19988649629868796,0.2835493342264809,0.35346957705463894,25,30,20
9,1475,0.16308860850293158,0.19989247373210958,0.28354934071031523,0.3534695770546423,25,30,20
9,1476,0.16019277915027558,0.19989247379248912,0.2864451703881773,0.3534695766690569,25,30,20
9,1477,0.16005938709534867,0.19989247378514993,0.2864447059072964,0.3536034332122038,25,30,20
9,1478,0.16005938636748637,0.19989246936047,0.2864447321937122,0.35360341207832635,25,30,20
9,1479,0.18462394479862376,0.19989247282042022,0.26187923555404724,0.35360434682690395,25,30,20
9,1480,0.18462982646655912,0.19989247282041894,0.2618792371626869,0.3535984635503311,25,30,20
9,1481,0.18673210892740555,0.19989247418802836,0.25977706346374135,0.3535983534208208,25,30,20
9,1482,0.18672597018348935,0.19989247418804676,0.2597770607708132,0.3536044948576468,25,30,20
9,1483,0.18672747342906873,0.2141882688455782,0.2454797626669896,0.35360449505835945,25,30,20
9,1484,0.1867234808468445,0.21418826884566705,0.24547977041091,0.35360847989657446,25,30,20
9,1485,0.14703493308427323,0.21418828194565193,0.27196160236979505,0.36681518260027607,25,30,20
9,1486,0.14643671077798243,0.2141686830699379,0.27257942421689263,0.3668151819351837,25,30,20
9,1487,0.14635696344400462,0.2141686683877859,0.2458884161568436,0.393585952011363,25,30,20
9,1488,0.1463550047938326,0.2141686683877174,0.24588829505723972,0.3935880317612083,25,30,20
9,1489,0.14635924427937114,0.21416866838761134,0.2458882878839623,0.39358379944905314,25,30,20
9,1490,0.14635091890195104,0.21417735497423024,0.24588792668504122,0.393583799438776,25,30,20
9,1491,0.14562338058464752,0.21417737056243202,0.24661545593607367,0.39358379291684514,25,30,20
9,1492,0.11028809682096767,0.21417736579711902,0.2819507441028123,0.3935837932790987,25,30,20
9,1493,0.11029036957574487,0.2141528378690653,0.2819729992609372,0.39358379329425025,25,30,20
9,1494,0.10550440837735964,0.2141528378677895,0.2867589607929839,0.39358379296186446,25,30,20
9,1495,0.10551040000617862,0.21415283786777223,0.28675896050311517,0.3935778016229314,25,30,20
9,1496,0.10705770622908121,0.21416797694179762,0.28519641976782373,0.39357789706129526,25,30,20
9,1497,0.10705204080706969,0.21416797694187362,0.285196501157717,0.39358348109333735,25,30,20
9,1498,0.1070518568979149,0.21416797694185327,0.27903845885308837,0.3997417073071409,25,30,20
9,1499,0.10861868224726554,0.2141679769522844,0.28504196106599045,0.39217137973445737,25,30,20
9,1500,0.10741810203758917,0.21416797681806352,0.2862426816290978,0.39217123951524613,25,30,20
9,1501,0.10741235555129416,0.21416797681809915,0.2862426841976721,0.3921769834329314,25,30,20
9,1502,0.11030304749048529,0.21416797689053768,0.28335191160497364,0.3921770640140004,25,30,20
9,1503,0.10873012628803093,0.21416797688010628,0.27734840934473953,0.3997534874871214,25,30,20
9,1504,0.10873614999842518,0.21415413907550282,0.2773562234437968,0.39975348748227385,25,30,20
9,1505,0.0941913141655189,0.21415414510623762,0.29189029071988465,0.39976425000835625,25,30,20
9,1506,0.09419676705047257,0.2141541451061973,0.29189020987034536,0.39975887797298226,25,30,20
9,1507,0.09420522070256501,0.2124284536218363,0.29360744769962177,0.3997588779759739,25,30,20
9,1508,0.09419933726926633,0.21242845362183593,0.2936074490997629,0.39976476000913214,25,30,20
9,1509,0.09420539572277786,0.21244483985591742,0.29358500441751306,0.39976476000378924,25,30,20
9,1510,0.09421127666470447,0.21243894611851893,0.2935850172132449,0.3997647600035296,25,30,20
9,1511,0.09420453450094993,0.21416292542343351,0.29186778006573005,0.39976476000988437,25,30,20
9,1512,0.09643181529288813,0.21416290948037545,0.28964034419786505,0.39976493102886884,25,30,20
9,1513,0.09644565551776033,0.21416290948042638,0.289640347743709,0.3997510872581021,25,30,20
9,1514,0.09641625097927997,0.21416290948017916,0.28966975215380386,0.39975108738673465,25,30,20
9,1515,0.09664479352310563,0.21416290948144137,0.2896723171829788,0.3995199798124717,25,30,20
9,1516,0.0964161803658347,0.2141629094802336,0.28966983858860057,0.3997510715653288,25,30,20
9,1517,0.09643001688988143,0.21416290948039252,0.28966985165501546,0.3997372219747083,25,30,20
9,1518,0.09642850991683946,0.23984219279962826,0.2639920755095365,0.3997372217739929,25,30,20
9,1519,0.09484503975414467,0.23982668824752923,0.2655911456987218,0.39973712629960323,25,30,20
9,1520,0.09484101127218902,0.23983070901554104,0.2655911534078938,0.39973712630437475,25,30,20
9,1521,0.094846863491424,0.23983070901548814,0.26559119049464663,0.3997312369984399,25,30,20
9,1522,0.0948348856748919,0.2398307090294974,0.26576567076205004,0.3995687345335596,25,30,20
9,1523,0.13433524996244514,0.23983070902998127,0.22626530615526344,0.3995687348523095,25,30,20
9,1524,0.13433941731365406,0.2398041576623919,0.22628769016151876,0.3995687348624346,25,30,20
9,1525,0.13434344078135368,0.23980415764822335,0.22611319531279844,0.3997392062576238,25,30,20
9,1526,0.1343431655122744,0.23980415764818577,0.2261131934857442,0.39973948335379506,25,30,20
9,1527,0.13433507377823514,0.23981224180183186,0.22611320107586522,0.39973948334406756,25,30,20
9,1528,0.1343272635856674,0.23981224180177999,0.22611327963945044,0.39974721497310134,25,30,20
9,1529,0.13433497654504067,0.2393682856569321,0.22654952281556348,0.39974721498246296,25,30,20
9,1530,0.1348959222282476,0.23936828572766122,0.22598873234687883,0.3997470596972116,25,30,20
9,1531,0.13488796748253765,0.23981249211539332,0.22555248071430495,0.3997470596877632,25,30,20
9,1532,0.1683171232638785,0.239812492118807,0.19212332517571173,0.3997470594416033,25,30,20
9,1533,0.16832300865219835,0.23980698764650185,0.19212294425519383,0.39974705944610733,25,30,20
9,1534,0.16447497271739908,0.23980697903220682,0.19598268451993955,0.39973536373045593,25,30,20
9,1535,0.14952580283149539,0.23980697961164182,0.21093177099911675,0.39973544655774584,25,30,20
9,1536,0.12935770515255518,0.2398077458104869,0.23109904982503998,0.3997354992119176,25,30,20
9,1537,0.13038540834852191,0.23980774592588008,0.23007131568914244,0.39973553003645895,25,30,20
9,1538,0.12577188358588154,0.2398077454818869,0.23468348206011833,0.3997368888721165,25,30,20
9,1539,0.12577983335057097,0.23980774548197817,0.23468340532905324,0.39972901583840054,25,30,20
9,1540,0.12652992048571973,0.23980774551276438,0.23393331586502025,0.39972901813649686,25,30,20
9,1541,0.14641596319397834,0.23980774915464206,0.21394169072943275,0.39983459692194784,25,30,20
9,1542,0.1464383714678067,0.23980774915506747,0.21391928261055937,0.3998345967665623,25,30,20
9,1543,0.14629137070003448,0.23980774963292992,0.21406633941165606,0.39983454025537546,25,30,20
9,1544,0.14630226627806286,0.23980774361009985,0.21405544873366744,0.3998345413781659,25,30,20
9,1545,0.14629845124342528,0.23980774361001134,0.21405547843346906,0.39983832671309094,25,30,20
9,1546,0.14643987406312553,0.2398077436144017,0.21405585911863587,0.39969652320383386,25,30,20
9,1547,0.14645364250335355,0.23980774361439983,0.2140557786467921,0.39968283523545184,25,30,20
9,1548,0.14645357201174328,0.23982965702338718,0.21403393574873886,0.3996828352161284,25,30,20
9,1549,0.14644148156780346,0.23982965702334902,0.21403393642492832,0.3996949249839163,25,30,20
9,1550,0.14691121207267252,0.23936637655033913,0.21402748499881225,0.39969492637817394,25,30,20
9,1551,0.14676575794741517,0.23936637654602005,0.21402710891154822,0.3998407565950143,25,30,20
9,1552,0.14676376309764674,0.23936637654594933,0.21402710045860307,0.3998427598977987,25,30,20
9,1553,0.1467560643080611,0.23936637654586174,0.21402709711297607,0.39985046203309893,25,30,20
9,1554,0.14675606966315313,0.23933492825058297,0.2140585400526505,0.3998504620336115,25,30,20
9,1555,0.14580651959324922,0.23933494442622222,0.21500807567167698,0.3998504603088497,25,30,20
9,1556,0.14580655626660802,0.23933494442625883,0.21500807835381902,0.39985042095331236,25,30,20
9,1557,0.14580665992730574,0.2393349444262748,0.21500807825461046,0.3998503173918081,25,30,20
9,1558,0.1458024209812109,0.2393349444274155,0.2150080827460468,0.3998545518453257,25,30,20
9,1559,0.14580655479637128,0.23933494442732786,0.2150081048547524,0.39985039592154725,25,30,20
9,1560,0.1476482504229261,0.23933494082002985,0.21327343354898645,0.39974337520805664,25,30,20
9,1561,0.1486077793573002,0.2393349408845472,0.2123139036015688,0.39974337615658245,25,30,20
9,1562,0.1486239487097129,0.23933494088676055,0.21231394542272264,0.3997271649808025,25,30,20
9,1563,0.16809855785392142,0.23933417468659665,0.19284013894912364,0.39972712851035685,25,30,20
9,1564,0.1670725314474157,0.23933444175174123,0.19386592902860225,0.3997270977722418,25,30,20
9,1565,0.16708086873060213,0.26377003340927063,0.16942199451379866,0.39972710334632994,25,30,20
9,1566,0.1670790801536958,0.2637494259544675,0.1694443905451604,0.3997271033466773,25,30,20
9,1567,0.16707336862477057,0.2637494259545567,0.1694443960512682,0.3997328093694057,25,30,20
9,1568,0.1673465950267908,0.26374942595567247,0.169171169939745,0.39973280907779307,25,30,20
9,1569,0.1673407092452661,0.2637494259556724,0.1691711684994467,0.39973869629961606,25,30,20
9,1570,0.16731859073106514,0.26374942595345957,0.16917777998270403,0.3997542033327724,25,30,20
9,1571,0.16731852182696272,0.2637717089574081,0.16915556588796704,0.3997542033276633,25,30,20
9,1572,0.16731852368088845,0.26377170895746327,0.16915569243784437,0.39975407492380477,25,30,20
9,1573,0.1673305145624681,0.26376026952782106,0.16915514098590922,0.3997540749238033,25,30,20
9,1574,0.1673246249234044,0.2637661656287014,0.16915513451924466,0.3997540749286516,25,30,20
9,1575,0.16732452024633002,0.26373500105322656,0.16918640377646846,0.399754074923977,25,30,20
9,1576,0.1673303702178374,0.2449869242815067,0.1879286305527121,0.3997540749479457,25,30,20
9,1577,0.16733033567439914,0.24498692428148758,0.18792862990940065,0.39975411013471446,25,30,20
9,1578,0.16339816080536881,0.24498692420051033,0.1918606581526786,0.399754256841444,25,30,20
9,1579,0.16343481801832688,0.24498665702587855,0.18705973010021382,0.4045187948555825,25,30,20
9,1580,0.16344084289538027,0.24498665702589661,0.18705973268077447,0.40451276739795033,25,30,20
9,1581,0.163440915637686,0.26249095011694334,0.16955536686627515,0.4045127673790971,25,30,20
9,1582,0.16344091821708012,0.26249095011694457,0.16955536647241662,0.4045127651935603,25,30,20
9,1583,0.16344690986594962,0.2624909501169264,0.16955548195433154,0.404506658062794,25,30,20
9,1584,0.16345278697028376,0.2624909501169616,0.16954880330122304,0.404507459611533,25,30,20
9,1585,0.16415182927897162,0.2624909499908577,0.16884979421709012,0.4045074265130818,25,30,20
9,1586,0.16415207067482407,0.2624909499908423,0.16884971517201333,0.40450726416232136,25,30,20
9,1587,0.1641520664368638,0.2624909499907696,0.16884958731688177,0.4045073962554857,25,30,20
9,1588,0.16379371009191707,0.26284947730126357,0.16884941772146192,0.40450739488535803,25,30,20
9,1589,0.16378172281954087,0.26286146656148823,0.16884941573361278,0.404507394885359,25,30,20
9,1590,0.16378992022740926,0.2628614665615767,0.1688494238417383,0.4044991893692764,25,30,20
9,1591,0.16379577539937537,0.2628614665614872,0.1688494213590447,0.4044933366800937,25,30,20
9,1592,0.12836735673950647,0.2628614670389087,0.2042779837899208,0.4044931924316627,25,30,20
9,1593,0.12220034779426393,0.262861466167902,0.21044499514970855,0.40449319088812596,25,30,20
9,1594,0.12220461565427694,0.2628614661668692,0.21044511054114398,0.40448880763771067,25,30,20
9,1595,0.12216681869432605,0.2628614661594859,0.21505510241446724,0.39991661273172247,25,30,20
9,1596,0.12217305301247347,0.26286146615948724,0.21505524780977858,0.3999102330182629,25,30,20
9,1597,0.12217277267769176,0.2628614661594494,0.2150552443297853,0.3999105168330753,25,30,20
9,1598,0.12216678108799461,0.2628678152369579,0.21505488684195875,0.39991051683309103,25,30,20
9,1599,0.12216124560206945,0.2783955172145265,0.19953272703760047,0.39991051014580475,25,30,20
9,1600,0.12215511193641448,0.2783955172145434,0.1995328067579749,0.39991656409106824,25,30,20
9,1601,0.12264564797712135,0.27839551722485967,0.1992329622736287,0.39972587252439135,25,30,20
9,1602,0.0828310748212325,0.2783955176929228,0.22867214946977552,0.41010125801607034,25,30,20
9,1603,0.08703866307096224,0.27839633638646055,0.22446228435789378,0.410102716184685,25,30,20
9,1604,0.08723109765253433,0.27839633638930383,0.22426984919744924,0.41010271676071414,25,30,20
9,1605,0.08723123487040584,0.2783647530727723,0.22430129527640047,0.41010271678042254,25,30,20
9,1606,0.08722520738358286,0.27836475307271724,0.22430117476584555,0.410108864777855,25,30,20
9,1607,0.08725504648108934,0.2783353184783993,0.22430076914721572,0.41010886589329687,25,30,20
9,1608,0.0891988721633083,0.2783353174608237,0.22235687128598283,0.41010893908988594,25,30,20
9,1609,0.08919301333360678,0.27837262986634537,0.22232541770574518,0.41010893909430374,25,30,20
9,1610,0.08931195340965564,0.27837262969427884,0.22220644671223233,0.41010897018383397,25,30,20
9,1611,0.08931801890045879,0.27839746944727756,0.2221755414681784,0.4101089701840863,25,30,20
9,1612,0.08931826195038349,0.2783974694473132,0.22217554309710835,0.4101087255051962,25,30,20
9,1613,0.08930862640864513,0.2783974695741973,0.22218514513689008,0.41010875888026865,25,30,20
9,1614,0.08929468340863289,0.2784424774325803,0.22215408030723707,0.410108758851551,25,30,20
9,1615,0.08699787022732457,0.27844247745423745,0.22445097779058337,0.41010867452785577,25,30,20
9,1616,0.12635758064630473,0.2784424779019728,0.18509127409951845,0.41010866735220636,25,30,20
9,1617,0.1263518685863165,0.2784424779020282,0.18509123727267895,0.4101144162389789,25,30,20
9,1618,0.12635614515566837,0.278438205221901,0.1850912333928033,0.41011441622962935,25,30,20
9,1619,0.12634416601510995,0.27843820522188323,0.1850912372343008,0.41012639152870745,25,30,20
9,1620,0.12634413220041543,0.2784382978538892,0.1850911784171654,0.4101263915285312,25,30,20
9,1621,0.1263441620158689,0.27843829785390795,0.18509109926071798,0.41012644086950656,25,30,20
9,1622,0.12633817037474393,0.2784437326541333,0.18509165610160383,0.4101264408695204,25,30,20
9,1623,0.12636009996542916,0.2784217775737735,0.18509168158151137,0.41012644087928735,25,30,20
9,1624,0.12183156510058113,0.27842094265933826,0.18962251095685054,0.410124981283232,25,30,20
9,1625,0.12182750337829469,0.27842094265938927,0.1896225140998348,0.41012903986248306,25,30,20
9,1626,0.12084656974705339,0.27842094259453154,0.190603448170003,0.4101290394884114,25,30,20
9,1627,0.12123866432927571,0.27842094628776404,0.19021133755445688,0.410129051828504,25,30,20
9,1628,0.12131820340425857,0.27842094584116517,0.20050713392772856,0.3997537168268485,25,30,20
9,1629,0.12100990485882274,0.278420945837998,0.2008136069343731,0.39975554236880734,25,30,20
9,1630,0.12101010788104573,0.27839875011340853,0.20083559963674652,0.3997555423688011,25,30,20
9,1631,0.12099431182279434,0.2784145635783174,0.20083558223476175,0.39975554236412764,25,30,20
9,1632,0.12099605716179182,0.27841456358356004,0.20083383608421415,0.39975554317043493,25,30,20
9,1633,0.12084910158328821,0.27856175028939645,0.200833606081642,0.3997555420456743,25,30,20
9,1634,0.12188129749275717,0.27856175046614834,0.19980118881611106,0.3997557632249847,25,30,20
9,1635,0.12188832209932944,0.27856175058863814,0.19968533546512637,0.39986459184690615,25,30,20
9,1636,0.121888530561457,0.27979899961955834,0.19844787798195557,0.39986459183702905,25,30,20
9,1637,0.1218942813241927,0.2797989996195411,0.198447878751143,0.39985884030512314,25,30,20
9,1638,0.12189242474039609,0.2797989996194732,0.19844787290264018,0.3998607027374901,25,30,20
9,1639,0.1260852769750433,0.2797989996615499,0.19425498281459583,0.39986074054881166,25,30,20
9,1640,0.12610135356329638,0.2797989996617119,0.19425499646648453,0.399844650308508,25,30,20
9,1641,0.1260955101682815,0.279798999661731,0.1942549240203569,0.3998505661496315,25,30,20
9,1642,0.12574080182213407,0.2797989995323868,0.18710858544923684,0.4073516131962436,25,30,20
9,1643,0.12574108009937363,0.2797989995324399,0.1871085913757504,0.4073513289924371,25,30,20
9,1644,0.1257467939851882,0.27979899953236703,0.187108585008699,0.40734562147374676,25,30,20
9,1645,0.125720717701145,0.2797989995288861,0.1947461485796627,0.3997341341903071,25,30,20
9,1646,0.12572632783499413,0.2797989995288495,0.194746176144648,0.3997284964915093,25,30,20
9,1647,0.09199319300894901,0.27979904407996087,0.22663250506540056,0.4015752578456873,25,30,20
9,1648,0.09198730650578207,0.27979904407995965,0.2266324767694321,0.4015811726448239,25,30,20
9,1649,0.09175112153217346,0.2797990440600057,0.22678420424652604,0.40166563016129425,25,30,20
9,1650,0.09175122944761743,0.2797990440599713,0.22678420173303404,0.4016655247593772,25,30,20
9,1651,0.09175122274881652,0.27979184916425504,0.22679140332748862,0.40166552475943923,25,30,20
9,1652,0.09174512562446942,0.2797874887424211,0.22680186087358728,0.40166552475952144,25,30,20
9,1653,0.09174515644980363,0.27978748874245674,0.22680186251284506,0.4016654922948933,25,30,20
9,1654,0.09172869565692475,0.27978748874223913,0.22680184641339363,0.40168196918744137,25,30,20
9,1655,0.08769515961991693,0.27978748870530606,0.2308354200105523,0.4016819316642236,25,30,20
9,1656,0.0877089932558667,0.2797874887053752,0.2308354239703856,0.40166809406837134,25,30,20
9,1657,0.0877089927098575,0.2797874887053755,0.23083545084880444,0.40166806773596087,25,30,20
9,1658,0.08771336181453573,0.27978748870553993,0.23083547616307803,0.4016636733168446,25,30,20
9,1659,0.08772705405045712,0.27978748870558995,0.23083543975526546,0.4016500174886864,25,30,20
9,1660,0.04995241316371645,0.2797874886993489,0.26861193930939115,0.40164815882754334,25,30,20
9,1661,0.04994639016150492,0.27978748869933107,0.26861193866260646,0.4016541824765574,25,30,20
9,1662,0.04996458307474171,0.27978748869956666,0.2686119566558578,0.40163597156983377,25,30,20
9,1663,0.03417983164528891,0.2797878013614743,0.2843964040308143,0.4016359629624229,25,30,20
9,1664,0.03417670340316583,0.2797878013567119,0.28439953189646316,0.4016359633436613,25,30,20
9,1665,0.034176570420455986,0.2791643694954463,0.2850230964275081,0.4016359636565916,25,30,20
9,1666,0.07164244399036306,0.2791643693176193,0.24755744491884044,0.4016357417731791,25,30,20
9,1667,0.048915746539352434,0.279164057744757,0.27028443138653907,0.401635764329353,25,30,20
9,1668,0.048921909697333475,0.27916405774479325,0.2702845491943001,0.4016294833635745,25,30,20
9,1669,0.04892163246288503,0.279164057744757,0.27028443069431335,0.40162987909804604,25,30,20
9,1670,0.04891729384146295,0.27916405774460906,0.27028437979021463,0.40163426862371443,25,30,20
9,1671,0.05062623989615411,0.27917122922092846,0.2685676759407367,0.40163485494218165,25,30,20
9,1672,0.05061240629328629,0.27917122922085996,0.2685676700179212,0.4016486944679328,25,30,20
9,1673,0.050616438356975296,0.27917122922080956,0.26856766231858664,0.4016446701036295,25,30,20
9,1674,0.04872889979676789,0.2791712292196122,0.2704552009033491,0.40164467008027166,25,30,20
9,1675,0.04896748513745783,0.27917122922244275,0.27030110200700486,0.40156018363309526,25,30,20
9,1676,0.048967520563869424,0.2791712292224621,0.27030110137670055,0.4015601488369686,25,30,20
9,1677,0.053184275495832045,0.2791712292488488,0.26608282936578526,0.4015616658895364,25,30,20
9,1678,0.05317828115336115,0.2791712292488297,0.2660828269633382,0.40156766263447286,25,30,20
9,1679,0.04708412568790507,0.2791711850731371,0.27402382189037583,0.3997208673485829,25,30,20
9,1680,0.04709021809267716,0.27979951877141523,0.2733893961001675,0.3997208670357405,25,30,20
9,1681,0.04756593756017916,0.2793161218455766,0.27339707242867034,0.39972086816557456,25,30,20
9,1682,0.04756590899347476,0.27928652552424416,0.2734266956939808,0.39972086978830057,25,30,20
9,1683,0.0475596740671508,0.2792865255242425,0.27342655222088186,0.3997272481877255,25,30,20
9,1684,0.047527640563113725,0.2792865255239559,0.27342661005658325,0.3997592238563473,25,30,20
9,1685,0.04752140171740843,0.279292769313311,0.27342660512746303,0.399759223841817,25,30,20
9,1686,0.047535378294490144,0.2792927693133631,0.27342661184058664,0.3997452405515597,25,30,20
9,1687,0.04753737370502992,0.2792927693134357,0.2734266190794767,0.3997432379020573,25,30,20
9,1688,0.04753127848541786,0.2792988619491807,0.2734266216633418,0.39974323790205935,25,30,20
9,1689,0.04928877590857675,0.27929886198750364,0.2716691241745217,0.3997432379293984,25,30,20
9,1690,0.047531138448276646,0.2792988620268828,0.27342676162261453,0.39974323790222677,25,30,20
9,1691,0.04753718726199515,0.2793004120692229,0.27341916274634315,0.3997432379224397,25,30,20
9,1692,0.04753718773580193,0.27930041206922324,0.27342144042933475,0.399740959765641,25,30,20
9,1693,0.047531195788348454,0.2793004120692578,0.27342155678361935,0.39974683535877503,25,30,20
9,1694,0.05482250070739358,0.28194433166666927,0.263482360737833,0.39975080688810477,25,30,20
9,1695,0.05483687210600361,0.2819443316667082,0.2634823915639108,0.3997364046633782,25,30,20
9,1696,0.054843038387452775,0.2819376771316046,0.26348287981732443,0.39973640466361915,25,30,20
9,1697,0.054849166774362024,0.2819376771316398,0.26348060651168875,0.3997325495823103,25,30,20
9,1698,0.054843315504651775,0.28193767713164086,0.2634806092864643,0.39973839807724415,25,30,20
9,1699,0.050540535311473025,0.2819376771053283,0.26778491671555116,0.39973687086764875,25,30,20
9,1700,0.05054659674277377,0.28193175909435636,0.2677847732953099,0.39973687086756216,25,30,20
9,1701,0.05102187942917105,0.2819317591068107,0.26787506198333927,0.39917129948068125,25,30,20
9,1702,0.05104211852266541,0.28193175910894064,0.2678768278708219,0.3991492944975735,25,30,20
9,1703,0.05106393671885739,0.2819317591090813,0.26787678589857505,0.3991275182734881,25,30,20
9,1704,0.051065759783782985,0.2819317591091516,0.26787690508386636,0.3991255760232007,25,30,20
9,1705,0.05106557545394694,0.28193209455750257,0.26787675397552224,0.39912557601302995,25,30,20
9,1706,0.051073393324621116,0.2819320945575367,0.2678768374114167,0.3991176747064273,25,30,20
9,1707,0.05107301531808229,0.28193209455758533,0.2678768887663703,0.3991180013579639,25,30,20
9,1708,0.051069717537066454,0.2815285120909173,0.2682837690015102,0.39911800137050735,25,30,20
9,1709,0.051091642461915276,0.28148397151132387,0.2683063846373955,0.39911800138936654,25,30,20
9,1710,0.051553264375375246,0.2810106339423163,0.26831809968509535,0.39911800199721426,25,30,20
9,1711,0.05155498476771871,0.2810106339423865,0.26831798986339916,0.3991163914264967,25,30,20
9,1712,0.05155309727125253,0.28101063394233144,0.26831798359380016,0.39911828519261655,25,30,20
9,1713,0.051553014135180215,0.2810107238096057,0.26831797686311726,0.39911828519209763,25,30,20
9,1714,0.05155617167084757,0.28143642032207816,0.267889122827476,0.39911828517959913,25,30,20
9,1715,0.05155603415600806,0.2814371242710995,0.2678885563935853,0.39911828517930803,25,30,20
9,1716,0.05154827557716472,0.28143712427101286,0.2678885556837616,0.39912604446806166,25,30,20
9,1717,0.05155401564739895,0.281453442654937,0.26786649886699604,0.39912604283066927,25,30,20
9,1718,0.05202219762448929,0.2814534428771469,0.26739831646114637,0.3991260430372197,25,30,20
9,1719,0.05202422458580903,0.28145344287723695,0.26739832544377923,0.399124007093177,25,30,20
9,1720,0.05201830321144591,0.2814593692263636,0.2673983204787017,0.3991240070834911,25,30,20
9,1721,0.0519965501774188,0.28145936922627707,0.26739832593655305,0.39914575465975327,25,30,20
9,1722,0.05199231440532636,0.2814640851387329,0.2673978457869903,0.39914575466895236,25,30,20
9,1723,0.05152291804503441,0.2814640851262814,0.2673075567667298,0.3997054400619567,25,30,20
9,1724,0.051522951947624296,0.2814721615190044,0.267299446471301,0.3997054400620725,25,30,20
9,1725,0.044110398032033864,0.27882824141715495,0.2773598920317369,0.39970146851907584,25,30,20
9,1726,0.044116563661394055,0.2788219395438309,0.2773600282754591,0.3997014685193176,25,30,20
9,1727,0.043662631725057154,0.2792839308056157,0.2773519700613239,0.3997014674080047,25,30,20
9,1728,0.043656850999839396,0.2792839308056123,0.27735197036215964,0.3997072478323902,25,30,20
9,1729,0.04366725163122845,0.27928393080673863,0.2773520580719998,0.3996967594900342,25,30,20
9,1730,0.04366298076398329,0.27928832681214727,0.27735193262848096,0.39969675979538954,25,30,20
9,1731,0.04245771734652048,0.2792883216478819,0.27849101522220454,0.39976294578339727,25,30,20
9,1732,0.042432422198051316,0.27928832164769424,0.27841994912021273,0.39985930703404626,25,30,20
9,1733,0.042432397597055596,0.27928832209781973,0.27841997323811984,0.3998593070670106,25,30,20
9,1734,0.04243239518773806,0.27928832209782034,0.2784198907774563,0.39985939193699044,25,30,20
9,1735,0.04243649327270889,0.2792842213412592,0.2784198937545642,0.39985939163147244,25,30,20
9,1736,0.04243635323106371,0.27928422134124076,0.2784198904266151,0.39985953500108506,25,30,20
9,1737,0.042436501196690034,0.27928407616780954,0.27841988763441505,0.39985953500109,25,30,20
9,1738,0.041982730368933144,0.2797495519384395,0.27840818328995537,0.39985953440267685,25,30,20
9,1739,0.041988686921476004,0.27974955193842066,0.2784081413394266,0.39985361980068146,25,30,20
9,1740,0.04198073199313943,0.2797575127553494,0.2784081354555072,0.39985361979600875,25,30,20
9,1741,0.04195267756989953,0.2797575127532213,0.27840636824682036,0.3998834414300636,25,30,20
9,1742,0.04194682369548739,0.279762975468068,0.27840675940153864,0.3998834414349108,25,30,20
9,1743,0.04025127937350738,0.27975580399180106,0.2801100621291193,0.39988285450557226,25,30,20
9,1744,0.040249423579326454,0.2797572782049855,0.28011044371963506,0.39988285449605276,25,30,20
9,1745,0.0402476334376632,0.27975727820495266,0.2801103245889706,0.399884763768414,25,30,20
9,1746,0.04024202757292111,0.2797854815805007,0.28008772707242785,0.39988476377415133,25,30,20
9,1747,0.04025579537408148,0.2797854815805316,0.2800878460285823,0.3998708770168055,25,30,20
9,1748,0.040239439835240344,0.2797854815793691,0.2802172062651621,0.3997578723202292,25,30,20
9,1749,0.04024328924726937,0.2797854815795108,0.2802172177802918,0.3997540113929295,25,30,20
9,1750,0.04022153608852281,0.279807055244604,0.2802173972927224,0.3997540113741516,25,30,20
9,1751,0.04035480293423799,0.2798070552490298,0.28021780529637763,0.39962033652035517,25,30,20
9,1752,0.040832565935019174,0.2798070552552836,0.2802230184590172,0.3991373603506805,25,30,20
9,1753,0.04035476911830686,0.27980705524897603,0.2802178008890914,0.39962037474362616,25,30,20
9,1754,0.0408118067394215,0.2798070552594503,0.28034990174843355,0.3990312362526948,25,30,20
9,1755,0.040813596263551986,0.2798048991996881,0.2803502682749634,0.39903123626179665,25,30,20
9,1756,0.04082743334259218,0.2797690568279248,0.2803722735583401,0.39903123627114306,25,30,20
9,1757,0.040827183327885284,0.27976918208653107,0.2803723983141921,0.39903123627139175,25,30,20
9,1758,0.040358164410803275,0.2797691820760746,0.28024041359255486,0.39963223992056773,25,30,20
9,1759,0.04037998729587141,0.279769182076234,0.2802470259105812,0.3996038047173138,25,30,20
9,1760,0.04038370010699746,0.2797691820763216,0.2802470753630597,0.3996000424536219,25,30,20
9,1761,0.04036992928055648,0.27980534949668723,0.2802246787639471,0.39960004245881,25,30,20
9,1762,0.040614317172189045,0.2795603647832582,0.2802252749742578,0.3996000430702955,25,30,20
9,1763,0.04047484886376685,0.2795603647788335,0.28022478514970767,0.3997400012076925,25,30,20
9,1764,0.040472893065056664,0.27956036477874746,0.28022466312481276,0.3997420790313837,25,30,20
9,1765,0.0778094467137796,0.27956036502128895,0.24288631442451913,0.399743873840413,25,30,20
9,1766,0.07781725594717147,0.27955255400927437,0.24288631618912515,0.3997438738544296,25,30,20
9,1767,0.07780142583216301,0.27955255400909834,0.24287978603870275,0.3997662341200365,25,30,20
9,1768,0.07779177877507987,0.27955255356360287,0.24288943299935828,0.3997662346619601,25,30,20
9,1769,0.08012311638965024,0.27955255344113095,0.2405598727709899,0.39976445739823163,25,30,20
9,1770,0.07988055297561307,0.27979610556263623,0.24055888467033262,0.39976445679142053,25,30,20
9,1771,0.07990644081857484,0.2797961055746063,0.2405339953270415,0.39976345827977994,25,30,20
9,1772,0.07990255451903405,0.2797961055744286,0.24053397905270082,0.39976736085383885,25,30,20
9,1773,0.07993435851683534,0.27979610557471185,0.24053870433605368,0.3997308315724013,25,30,20
9,1774,0.07994471303710714,0.31911124954064185,0.2012132058159023,0.399730831606352,25,30,20
9,1775,0.07854963553291842,0.3191112529957431,0.20260828399246475,0.399730827478877,25,30,20
9,1776,0.07854578612541287,0.31911125299560167,0.20260827186221486,0.39973468901677317,25,30,20
9,1777,0.07855167311706018,0.31911125299560145,0.2024788594721546,0.39985821441518676,25,30,20
9,1778,0.07855573496697554,0.31910718712906755,0.20247886350297395,0.39985821440098596,25,30,20
9,1779,0.0785617297566042,0.31910718712905317,0.2024788640719439,0.3998522190424017,25,30,20
9,1780,0.07855758743708398,0.3191071871291194,0.20247886910901403,0.39985635632478556,25,30,20
9,1781,0.07854367858983577,0.319107187129033,0.20247883056951468,0.3998703037116187,25,30,20
9,1782,0.07856165260216408,0.319107187129053,0.20247879059567936,0.3998523696731061,25,30,20
9,1783,0.07855573115357153,0.31911310437923135,0.20247879479375538,0.3998523696734443,25,30,20
9,1784,0.07853966073146416,0.3191291937115638,0.2024787759081171,0.39985236964885795,25,30,20
9,1785,0.0785406160106429,0.3191436411069207,0.20246216836666645,0.39985357451577314,25,30,20
9,1786,0.07856273132118612,0.31912126724903717,0.20246242687938248,0.399853574550397,25,30,20
9,1787,0.07856273535419384,0.3191212672490393,0.20246239189076445,0.399853605506005,25,30,20
9,1788,0.07856091032041038,0.31911591843663734,0.20246956574610078,0.3998536054968536,25,30,20
9,1789,0.0785627700204345,0.3191138764092575,0.20246974805959042,0.3998536055107197,25,30,20
9,1790,0.07915542579312101,0.3199054349401756,0.20108576935445768,0.3998533699122494,25,30,20
9,1791,0.08041454434403981,0.3199054316449273,0.19982665285565962,0.39985337115537645,25,30,20
9,1792,0.08040858653888719,0.31990543164496293,0.19982657205959029,0.39985940975656253,25,30,20
9,1793,0.08041457716920984,0.3199054316449623,0.19982657214194177,0.3998534190438891,25,30,20
9,1794,0.08041444453782741,0.3198818164600702,0.19985031995746866,0.3998534190446368,25,30,20
9,1795,0.08042026038556138,0.3198760033419017,0.19985031723785276,0.39985341903468713,25,30,20
9,1796,0.080414405006134,0.31987600334189925,0.19985043039100817,0.39985916126096166,25,30,20
9,1797,0.07968473068726604,0.31908444472254266,0.19786750993678542,0.4033633146534087,25,30,20
9,1798,0.08015862544582009,0.3190844447226518,0.19786774815296945,0.40288918167856136,25,30,20
9,1799,0.08016458792069414,0.3190844447226671,0.19786774678503236,0.4028832205716085,25,30,20
9,1800,0.08016983326758562,0.31908392787445417,0.1978630513669766,0.40288318749098545,25,30,20
9,1801,0.08017560810553283,0.31906731407512784,0.19787389032843827,0.40288318749090285,25,30,20
9,1802,0.08018163520952978,0.31906731407518096,0.19787380975061272,0.40287724096467853,25,30,20
9,1803,0.08020397748891017,0.3190764298831557,0.19784235164466726,0.4028772409832688,25,30,20
9,1804,0.07989541599746298,0.3355160163611186,0.18165526287057343,0.40293330477084927,25,30,20
9,1805,0.07990336585999785,0.33547661872513573,0.18168671063450512,0.4029333047803653,25,30,20
9,1806,0.07991174219938679,0.33547905213840784,0.18167590086720417,0.4029333047950053,25,30,20
9,1807,0.07990967495617492,0.33548069560262095,0.15860246834825267,0.42600716109295256,25,30,20
9,1808,0.04142379507706946,0.33548069561595467,0.19707717594389915,0.42601833336308004,25,30,20
9,1809,0.04141780617033157,0.3354866751186171,0.1970771853524803,0.42601833335857414,25,30,20
9,1810,0.04220347648791997,0.33548671510836364,0.19630150206206637,0.4260083063416531,25,30,20
9,1811,0.04242610456871179,0.3354867151085444,0.19630409058043313,0.4257830897423137,25,30,20
9,1812,0.04240427714443322,0.3354867151084006,0.19630407772120584,0.42580493002596265,25,30,20
9,1813,0.042399985244152526,0.3354850716440312,0.18297670029331015,0.4391382428185087,25,30,20
9,1814,0.04239674556872006,0.33547114117971505,0.18292758695294936,0.4392045262986186,25,30,20
9,1815,0.04222952261899032,0.35900914495201314,0.159612870531194,0.43914846189780327,25,30,20
9,1816,0.04222781096153739,0.35901104196326616,0.15961268518181568,0.43914846189338147,25,30,20
9,1817,0.042202095195258034,0.35901104195145683,0.15973046204942482,0.4390564008038646,25,30,20
9,1818,0.042202127831818405,0.3590110169719125,0.15973045439249306,0.43905640080378006,25,30,20
9,1819,0.04220213471350675,0.3590110169719323,0.1597304545634324,0.4390563937511326,25,30,20
9,1820,0.042216043034485666,0.3589965528208854,0.15973101038414972,0.4390563937604833,25,30,20
9,1821,0.04220801895033733,0.35899673943172566,0.15973884787158218,0.4390563937463589,25,30,20
9,1822,0.0424466749887918,0.3589967394520969,0.15950015484275334,0.4390564307163619,25,30,20
9,1823,0.042446675015205486,0.3589967394520969,0.15950015492293265,0.43905643060976873,25,30,20
9,1824,0.04244071123009006,0.3589967394520804,0.1595001571415106,0.43906239217632226,25,30,20
9,1825,0.04244060449641441,0.35899673945206273,0.15950004492651407,0.4390626111250117,25,30,20
9,1826,0.04221790870342258,0.35899673945184574,0.15950215371349893,0.4392831981312358,25,30,20
9,1827,0.042231913160844015,0.3589827095927226,0.1595021791056442,0.43928319814079225,25,30,20
9,1828,0.04222585296656522,0.3589827095926888,0.15950218670701402,0.43928925073373437,25,30,20
9,1829,0.041752067907939255,0.3589827095925088,0.1595020276157819,0.4397631948837725,25,30,20
9,1830,0.041662814803808935,0.35898271403390863,0.15959131853080666,0.4397631526314787,25,30,20
9,1831,0.041660864673490616,0.3572674550682502,0.16130852760756936,0.439763152650692,25,30,20
9,1832,0.04162296491733055,0.3572674550679673,0.1613038023315567,0.43980577768314744,25,30,20
9,1833,0.04161902856050006,0.3577506920381762,0.16082450173269675,0.43980577766862894,25,30,20
9,1834,0.041620921210297916,0.3577506920382439,0.16082461627549524,0.4398037704759649,25,30,20
9,1835,0.041604670010124495,0.35776695547845483,0.16082460405507806,0.43980377045634383,25,30,20
9,1836,0.0416065292967368,0.3577669554785416,0.16082472709895537,0.4398017881257673,25,30,20
9,1837,0.041594490859787385,0.35777900242200816,0.16082471857316294,0.4398017881450425,25,30,20
9,1838,0.04158413519286183,0.3584414487999996,0.1601726278963108,0.43980178811082865,25,30,20
9,1839,0.042064536021100093,0.3584414487209383,0.15975851052459647,0.43973550473336587,25,30,20
9,1840,0.04206454101341583,0.35844144872097394,0.15975851206684327,0.43973549819876756,25,30,20
9,1841,0.04206489481472356,0.3584414487211168,0.15975864482493743,0.439735011639223,25,30,20
9,1842,0.04206500019539027,0.358441448721134,0.1597586457929667,0.4397349052905098,25,30,20
9,1843,0.04206485282680675,0.358441598038899,0.1597586438536476,0.43973490528064774,25,30,20
9,1844,0.042050943850261195,0.3584560614133841,0.15975808946506076,0.4397349052712951,25,30,20
9,1845,0.07301438840911065,0.35845606140441866,0.1287958169420576,0.4397337332444138,25,30,20
9,1846,0.07301439919237343,0.358455504134216,0.12879636341422268,0.4397337332591885,25,30,20
9,1847,0.07301428120817881,0.3584320331742621,0.12881995235885502,0.43973373325870463,25,30,20
9,1848,0.07301415309058107,0.3584636112942848,0.12878850233734726,0.4397337332777873,25,30,20
9,1849,0.07301022761646746,0.35846361129434057,0.12878381349932558,0.43974234758986674,25,30,20
9,1850,0.07301439428463441,0.35846361129432425,0.1287838113990868,0.43973818302195494,25,30,20
9,1851,0.07301453010740326,0.35970150873613754,0.12754577812992765,0.43973818302653206,25,30,20
9,1852,0.07301845369726076,0.35970150873608175,0.12754576701230408,0.4397342705543538,25,30,20
9,1853,0.07301859105408914,0.35970137570950156,0.12754576268681445,0.4397342705495953,25,30,20
9,1854,0.0730307140212086,0.3597013757095028,0.12754567532054817,0.43972223494874085,25,30,20
9,1855,0.07302279706611063,0.3597407358479247,0.127514232137143,0.43972223494882157,25,30,20
9,1856,0.07302251084587692,0.35974073584792265,0.12751422931526638,0.439722523990934,25,30,20
9,1857,0.08139300409035856,0.359740736186087,0.1191436993005315,0.4397225604230218,25,30,20
9,1858,0.08139933087652913,0.3597029481259617,0.11917516056913158,0.4397225604283764,25,30,20
9,1859,0.044469227354536046,0.3597029506317815,0.15610526462551774,0.4397225573881648,25,30,20
9,1860,0.04447518757100923,0.35970295063179836,0.15610526183355608,0.4397165999636361,25,30,20
9,1861,0.04448902306933247,0.3596818735960588,0.15611250336174545,0.4397165999728631,25,30,20
9,1862,0.044475046387395786,0.3596818735960057,0.15611246715058147,0.43973061286601683,25,30,20
9,1863,0.044474675655618495,0.35968187359593595,0.15611613910821898,0.43972731164022505,25,30,20
9,1864,0.044474748493769936,0.3596812530795521,0.1561166867958836,0.4397273116307928,25,30,20
9,1865,0.04447499364942613,0.3596806238259012,0.1561170708937812,0.43972731163089,25,30,20
9,1866,0.04448882965764306,0.35968062382597127,0.15611707622115703,0.43971347029522717,25,30,20
9,1867,0.04449485337694706,0.3596806238260066,0.15611707506212388,0.439707447734921,25,30,20
9,1868,0.044489045989771235,0.35968628943460085,0.15611721601153378,0.4397074485640931,25,30,20
9,1869,0.04446693123764524,0.35970867248965016,0.15611694774816104,0.43970744852454297,25,30,20
9,1870,0.04425223797175387,0.3597086724856186,0.15633166214843544,0.4397074273941933,25,30,20
9,1871,0.044252096082569296,0.3597086724855479,0.1563316584413641,0.4397075729905194,25,30,20
9,1872,0.04425174196168503,0.35970917168132077,0.15633151421018363,0.43970757214681117,25,30,20
9,1873,0.04424574857326112,0.35970917168130356,0.1563315131747836,0.4397135665706525,25,30,20
9,1874,0.04424378251945468,0.3597111524434801,0.1563314984952449,0.43971356654182076,25,30,20
9,1875,0.04672203038130503,0.35971111255377836,0.15385443404526644,0.43971242301965197,25,30,20
9,1876,0.04672813750372571,0.35970487371473253,0.15385456572726772,0.4397124230542755,25,30,20
9,1877,0.04671426421893642,0.35970487371464815,0.15385460170282175,0.43972626036359536,25,30,20
9,1878,0.046714334083812925,0.3597048737146813,0.15385456109194517,0.43972623110956227,25,30,20
9,1879,0.046724557270479083,0.3596945634053608,0.15385464792299142,0.4397262314011698,25,30,20
9,1880,0.04673253350978204,0.3596939697245417,0.1538472653643789,0.4397262314012977,25,30,20
9,1881,0.04673814147406559,0.3596939697244162,0.15384713090053592,0.43972075790098314,25,30,20
9,1882,0.04676007375801606,0.359672030373121,0.15384713794875712,0.43972075792010673,25,30,20
9,1883,0.04676619540090081,0.3596720303731551,0.15384713941423095,0.43971463481171363,25,30,20
9,1884,0.047480005433762865,0.3596720303771982,0.12058275732657728,0.4722652068624618,25,30,20
9,1885,0.04749394625880709,0.35967203037728573,0.120582762872112,0.47225126049179544,25,30,20
9,1886,0.04750153694077214,0.35966457320417156,0.12058262939806182,0.4722512604569946,25,30,20
9,1887,0.04759613770455476,0.3596645754915622,0.1204880032569935,0.4722512835468896,25,30,20
9,1888,0.04760030146134299,0.35966457549149444,0.12048795496346881,0.47224716808369416,25,30,20
9,1889,0.04758409037808658,0.35968030536577134,0.12048843645903987,0.4722471677971027,25,30,20
9,1890,0.04757823915260693,0.3596803053658082,0.12048852159451912,0.47225293388706613,25,30,20
9,1891,0.047588266617276956,0.3597016724400258,0.1204571270358759,0.47225293390682127,25,30,20
9,1892,0.04758045444634693,0.3597094833373514,0.12045712831883114,0.4722529338974704,25,30,20
9,1893,0.04758056257766466,0.3597094833373343,0.12045712809915035,0.4722528259858504,25,30,20
9,1894,0.04758851499271196,0.3597094833374031,0.12045717647782826,0.47224482519205646,25,30,20
9,1895,0.04758435550819815,0.3597094833375085,0.12045721105209052,0.47224895010220236,25,30,20
9,1896,0.04759052956105015,0.3597094833375092,0.12045721281065717,0.4722427742907833,25,30,20
9,1897,0.047590770551537744,0.35970948333749164,0.120457213033246,0.47224253307772446,25,30,20
9,1898,0.04759080474480338,0.3597094833375104,0.12045724138929984,0.4722424705283863,25,30,20
9,1899,0.04479091374034763,0.3597094904513108,0.1232570635752358,0.47224253223310575,25,30,20
9,1900,0.05149659297391408,0.35970948404610104,0.11655131398225807,0.47224260899772647,25,30,20
9,1901,0.05148065213891734,0.3597254372999963,0.11655130158248314,0.47224260897860293,25,30,20
9,1902,0.05148065205818295,0.35972543729999507,0.11655127307969894,0.47224263756212276,25,30,20
9,1903,0.05147651752354344,0.359730114646524,0.1165507302535215,0.47224263757641083,25,30,20
9,1904,0.05147449269166354,0.35970972382734057,0.11657314591983656,0.4722426375611592,25,30,20
9,1905,0.051478654680099316,0.35970972382723476,0.11657311279884458,0.47223850869382117,25,30,20
9,1906,0.05070350166579083,0.3597097237550057,0.11734826694730124,0.472238507631902,25,30,20
9,1907,0.05069751001593136,0.35970972375504173,0.11734826756327238,0.4722444986657542,25,30,20
9,1908,0.0822733394958255,0.3597097237172378,0.08577243749766852,0.47224449928926787,25,30,20
9,1909,0.08227509248695114,0.3597083473625185,0.08577206084205984,0.4722444993084703,25,30,20
9,1910,0.08230520127945531,0.35970834736671103,0.0859015479652388,0.47208490338859493,25,30,20
9,1911,0.08231310016695012,0.3597083473667256,0.08589198552093835,0.4720865669453873,25,30,20
9,1912,0.08232105017752675,0.35970000460032486,0.08589237826248314,0.47208656695966683,25,30,20
9,1913,0.08233303358224972,0.35968802747141576,0.08589237198675931,0.47208656695957685,25,30,20
9,1914,0.08233303363864444,0.3596880274714163,0.08589237343740566,0.472086565452535,25,30,20
9,1915,0.08232537845807661,0.3596952942280651,0.08589276186594651,0.47208656544791266,25,30,20
9,1916,0.08231143701624806,0.3597094764836571,0.0858925210664624,0.4720865654336334,25,30,20
9,1917,0.08817788950999558,0.3597094765538229,0.08002600173633172,0.4720866321998507,25,30,20
9,1918,0.08818154939095475,0.35926982479048386,0.08046199352956267,0.4720866322889994,25,30,20
9,1919,0.088189365050385,0.35867232205558486,0.08105168058083605,0.47208663231319503,25,30,20
9,1920,0.08818958404480355,0.35867232205557004,0.0753843016021996,0.47775379229742726,25,30,20
9,1921,0.048852289198049854,0.35867231955107465,0.11472164518599338,0.47775374606488474,25,30,20
9,1922,0.048852216011483526,0.358672319551129,0.11472164681379698,0.47775381762359287,25,30,20
9,1923,0.048844232942805904,0.3587027767646678,0.11469917267862297,0.47775381761390584,25,30,20
9,1924,0.04827784364722412,0.3587028354600188,0.1152655070854831,0.4777538138072765,25,30,20
9,1925,0.04827757863969542,0.3587034866075202,0.1152651209407193,0.4777538138120675,25,30,20
9,1926,0.04828542322139973,0.35870348660757334,0.11526500987634009,0.47774608029468874,25,30,20
9,1927,0.04828728349538995,0.3586806337731981,0.11528600241193461,0.4777460803194792,25,30,20
9,1928,0.048303079373910436,0.35868063377330367,0.1152860129325978,0.47773027392018996,25,30,20
9,1929,0.0829648966871029,0.3586805751398018,0.08062426415279428,0.47773026402030205,25,30,20
9,1930,0.0829569756225198,0.35868848828481115,0.08062427207704247,0.47773026401562746,25,30,20
9,1931,0.08295083175271933,0.3586884882848299,0.0806242723712581,0.4777364075911939,25,30,20
9,1932,0.07900582969221234,0.3586884958144105,0.07613633752131811,0.48616933697205944,25,30,20
9,1933,0.07902837455768885,0.3586660912356161,0.07613619719049346,0.4861693370162021,25,30,20
9,1934,0.07902838006082694,0.35866608568463015,0.07613619638484438,0.48616933786969896,25,30,20
9,1935,0.07902862526665416,0.35866608568459635,0.07613847251085983,0.48616681653789007,25,30,20
9,1936,0.07903444360292414,0.35866608568454117,0.07614066397266063,0.4861588067398739,25,30,20
9,1937,0.07903444425385174,0.35866608602771116,0.07614066297848109,0.486158806739956,25,30,20
9,1938,0.07903263957910638,0.35910332442585874,0.07570522933478895,0.48615880666024597,25,30,20
9,1939,0.07903849281811037,0.35910332442583903,0.07570522868668134,0.4861529540693693,25,30,20
9,1940,0.07901023616098617,0.3591033244216975,0.07557574947971701,0.4863106899375993,25,30,20
9,1941,0.0790062757468575,0.35910332442187676,0.07557652258844699,0.4863138772428187,25,30,20
9,1942,0.0789999643717295,0.35910332442187687,0.07557644237010129,0.48632026883629215,25,30,20
9,1943,0.07652046823223978,0.35910334480289086,0.078055935740044,0.48632025122482503,25,30,20
9,1944,0.07650457286139538,0.3591191022428194,0.07805607369500266,0.48632025120078154,25,30,20
9,1945,0.0765168319174167,0.35911910224287474,0.07805607573358017,0.48630799010612735,25,30,20
9,1946,0.07650892174544656,0.3591191022427824,0.08363807041593095,0.48073390559583923,25,30,20
9,1947,0.08191369372861783,0.3591190976089298,0.08647705764719811,0.4724901510152533,25,30,20
9,1948,0.08192749912831733,0.3591190976090177,0.12287355020199117,0.4360798530606766,25,30,20
9,1949,0.08192726037047315,0.35911909760898303,0.12287355010184876,0.43608009191869784,25,30,20
9,1950,0.08118921482937162,0.3591190976046644,0.11619070950713085,0.443500978058836,25,30,20
9,1951,0.08122138506225544,0.3591190976109218,0.1161907915122772,0.4434687258145484,25,30,20
9,1952,0.08168953124633313,0.35911909763374256,0.11112131870407349,0.4480700524158504,25,30,20
9,1953,0.08167562107447711,0.35911909763362004,0.11120378143332642,0.448001499858576,25,30,20
9,1954,0.08120133266116747,0.3591190976879488,0.11637297142104698,0.44330659822984003,25,30,20
9,1955,0.08122567144504929,0.3591190976882179,0.11637074537466549,0.44328448549207033,25,30,20
9,1956,0.08170706980548753,0.35911909761782207,0.11582481917457094,0.44334901340212196,25,30,20
9,1957,0.08217092044457759,0.3586475202029659,0.1158325442742322,0.4433490150782269,25,30,20
9,1958,0.0821909170852408,0.3586274523860065,0.1158326151696125,0.4433490153591423,25,30,20
9,1959,0.08219098854130942,0.3586274531221114,0.11583254325836632,0.443349015078215,25,30,20
9,1960,0.0823245032466369,0.35862745313151373,0.11583297711790663,0.4432150665039449,25,30,20
9,1961,0.08322699549082985,0.3577248373887096,0.11583310057820151,0.44321506654226117,25,30,20
9,1962,0.08322257918553942,0.3577292523675438,0.11583310189062848,0.44321506655629084,25,30,20
9,1963,0.08276664232845421,0.3581934560145536,0.11582483676746196,0.44321506488953283,25,30,20
9,1964,0.08276689382605505,0.358193456014537,0.11582484022857505,0.44321480993083506,25,30,20
9,1965,0.08276882033006769,0.35819150569719616,0.11582486401308029,0.44321480995965756,25,30,20
9,1966,0.08228730852359362,0.3581915056904591,0.11627571603635585,0.4432454697495938,25,30,20
9,1967,0.08227137064874816,0.35819150569033475,0.11627573018159369,0.44326139347932497,25,30,20
9,1968,0.08238043053375466,0.35819150569541713,0.11627624174434663,0.44315182202648307,25,30,20
9,1969,0.08239075812926965,0.3581915056955993,0.11627622892482409,0.4431415072503085,25,30,20
9,1970,0.08225739544200567,0.3581915056903195,0.11627567134916975,0.44327542751850657,25,30,20
9,1971,0.08224707044870494,0.3581915056901391,0.11627565730560174,0.44328576655555574,25,30,20
9,1972,0.08221486725861445,0.3581915056838628,0.11627545814747635,0.4433181689100481,25,30,20
9,1973,0.08255345309223942,0.35819150567469465,0.11627685928587102,0.4429781819471967,25,30,20
9,1974,0.0825396184970708,0.35835743587182267,0.11612476370801776,0.4429781819230891,25,30,20
9,1975,0.0825173222647504,0.3583791962427289,0.11612529960362078,0.4429781818889005,25,30,20
9,1976,0.08253113247735801,0.35837919624285564,0.11620781189926514,0.4428818593805213,25,30,20
9,1977,0.08253113169008726,0.3583791962428362,0.11620781175311835,0.4428818603139583,25,30,20
9,1978,0.08253691040236193,0.3583515652945028,0.11622966399904444,0.4428818603040911,25,30,20
9,1979,0.08253669178956921,0.3583515652945378,0.11622970040386765,0.4428820425120258,25,30,20
9,1980,0.0825386230936124,0.3583515652967836,0.11622980634169272,0.4428800052679118,25,30,20
9,1981,0.08207250896516462,0.3583515652965646,0.1162279714208897,0.4433479543173818,25,30,20
9,1982,0.0820645502893735,0.3583515652942297,0.11622785926833468,0.4433560251480628,25,30,20
9,1983,0.08205659958136012,0.35835951539271393,0.11622785988721927,0.44335602513870725,25,30,20
9,1984,0.08205067509932489,0.3583654576389707,0.11622784298558894,0.4433560242761158,25,30,20
9,1985,0.08204492739321947,0.35836545763898914,0.11622784432301284,0.443361770644779,25,30,20
9,1986,0.08203904604909348,0.3583654576390427,0.11623256753086492,0.4433629287809993,25,30,20
9,1987,0.08203722388914661,0.3579312784975886,0.11666856883182695,0.44336292878143824,25,30,20
9,1988,0.08204149097312237,0.3579484452464208,0.11664713502865866,0.443362928751797,25,30,20
9,1989,0.08114313141543446,0.3588250882706827,0.11666885160984579,0.443362928704036,25,30,20
9,1990,0.08113710524313567,0.35885352030875095,0.11664644574399124,0.44336292870412086,25,30,20
9,1991,0.08124098447869939,0.3588535203088107,0.11664664477945214,0.4432588504330365,25,30,20
9,1992,0.08124694129257332,0.3588535203088453,0.11664672622917599,0.4432528121694038,25,30,20
9,1993,0.08124697448521541,0.3588758844162818,0.11662432892893053,0.4432528121695707,25,30,20
9,1994,0.08124708054652252,0.35887588441630003,0.11662432974727054,0.44325270528990546,25,30,20
9,1995,0.08124315683825861,0.35887588441642704,0.11662436711720688,0.44325659162810604,25,30,20
9,1996,0.08112548409337998,0.35887588441638685,0.11662419704904985,0.44337443444118185,25,30,20
9,1997,0.0811274444824634,0.3588515181597342,0.11664660290725853,0.4433744344505425,25,30,20
9,1998,0.08112744452009331,0.3588515181597345,0.11691274781288455,0.4431082895072864,25,30,20
9,1999,0.08111150847199902,0.3588515181598255,0.11691275536434262,0.443124218003831,25,30,20
9,2000,0.08210302342489645,0.3588515182082771,0.09529428325384477,0.4637511751129802,25,30,20
9,2001,0.08212484384713839,0.3575923248447137,0.09653165616695761,0.46375117514118896,25,30,20
9,2002,0.08212494752015927,0.3575923248446943,0.09626551440032367,0.46401721323482137,25,30,20
9,2003,0.08212530134609508,0.3575923248446598,0.09626543047975444,0.46401694332948906,25,30,20
9,2004,0.08212540833243955,0.35759232484471704,0.09626547720389723,0.4640167896189446,25,30,20
9,2005,0.08213297456810274,0.3575923248447846,0.09626548095243531,0.46400921963467584,25,30,20
9,2006,0.08213881861509574,0.3575923248446957,0.096265590383668,0.46400326615653903,25,30,20
9,2007,0.08598356762786587,0.3575923217709146,0.0926100186816681,0.4638140919195501,25,30,20
9,2008,0.08598345962166927,0.35803003152548896,0.09217241693337544,0.4638140919194649,25,30,20
9,2009,0.08599729736202934,0.3580300315255593,0.09217242245630908,0.46380024865610103,25,30,20
9,2010,0.08485302800179649,0.3580300235646575,0.0933168447887768,0.46380010364476787,25,30,20
9,2011,0.08486672922010245,0.35803002356474545,0.09331685212827662,0.4637863950868742,25,30,20
9,2012,0.08486248941882008,0.3574246770650867,0.09392643841963627,0.4637863950964556,25,30,20
9,2013,0.08487680412492211,0.3574097976068055,0.09392700316200797,0.463786395106263,25,30,20
9,2014,0.0838713768890247,0.3574097975582112,0.07558188038306529,0.48313694516969785,25,30,20
9,2015,0.08386534980803666,0.3574097975581358,0.07558179240325857,0.48314306023056824,25,30,20
9,2016,0.08386531786465165,0.35801953956541044,0.07497208233967587,0.48314306023026127,25,30,20
9,2017,0.08432902850772862,0.35801953957073296,0.07497478588452099,0.48267664603701677,25,30,20
9,2018,0.08432080365825385,0.358019539570609,0.07497477734637403,0.4826848794247627,25,30,20
9,2019,0.08432045492421285,0.3580195395704971,0.07497173108844639,0.48268827441684314,25,30,20
9,2020,0.08435107626924042,0.35801953957513194,0.07658804637417899,0.48104133778144736,25,30,20
9,2021,0.08432911608595761,0.35804150591756545,0.07658804022946271,0.4810413377670132,25,30,20
9,2022,0.08446116196803045,0.3574743012918967,0.0770231981412412,0.4810413385988311,25,30,20
9,2023,0.08446914549811549,0.35747430129194924,0.07702328665714071,0.48103326655279394,25,30,20
9,2024,0.08400130006542542,0.3574743012866984,0.0773934630295613,0.48113093561831427,25,30,20
9,2025,0.08400137344364525,0.3574743012867358,0.07739332136476271,0.4811310039048559,25,30,20
9,2026,0.08400518999014778,0.3578750306766603,0.07698877542393345,0.4811310039092577,25,30,20
9,2027,0.08399686665331259,0.3578839184862502,0.0769882109563125,0.481131003904124,25,30,20
9,2028,0.0840011411057758,0.3578789676087443,0.07698888739071587,0.4811310038947632,25,30,20
9,2029,0.08444819580526491,0.35787896761179844,0.07839233077109352,0.47928050581184267,25,30,20
9,2030,0.08445638888260548,0.35787896761176846,0.07838764141269991,0.4792770020929257,25,30,20
9,2031,0.08446041873782097,0.35789733406172725,0.07836524511212531,0.47927700208832597,25,30,20
9,2032,0.084438600191793,0.3591565252714814,0.07712787247252444,0.47927700206420093,25,30,20
9,2033,0.08445672721903685,0.3591565252716291,0.07712788845302102,0.4792588590563127,25,30,20
9,2034,0.0844429634016101,0.35915652527154296,0.0771344876345539,0.47926602369229276,25,30,20
9,2035,0.08430307907052663,0.3597315991699923,0.07669929893282647,0.479266022826654,25,30,20
9,2036,0.0843030790365003,0.35973160949430677,0.07669928864747112,0.4792660228217212,25,30,20
9,2037,0.07861983557299194,0.3597316094937343,0.0823825321572655,0.47926602277600777,25,30,20
9,2038,0.07861973048408523,0.3597316094936777,0.08238249937758661,0.4792661606446502,25,30,20
9,2039,0.07861790839041462,0.35973160949364424,0.08238257852493966,0.47926790359100124,25,30,20
9,2040,0.07861787014542304,0.35973164065986063,0.08238258560831786,0.4792679035863982,25,30,20
9,2041,0.07861787447741389,0.35973164065989444,0.08200970926492734,0.47964077559776414,25,30,20
9,2042,0.07885618750491148,0.3594922406201267,0.08201079568473757,0.47964077619022405,25,30,20
9,2043,0.07508896456510054,0.3594922201667133,0.08577808883445766,0.47964072643373284,25,30,20
9,2044,0.07510694340721544,0.3594922201688546,0.08577819721163595,0.4796226392122982,25,30,20
9,2045,0.07512505544075919,0.3595048751267689,0.08574743021525229,0.47962263921722353,25,30,20
9,2046,0.07510949405800799,0.3595209418511514,0.08574692489693873,0.47962263919390574,25,30,20
9,2047,0.07509565324068873,0.35952094185109895,0.08574691919149352,0.47963648571672224,25,30,20
9,2048,0.07509379590938309,0.359520941851011,0.0857469119397739,0.47963835029983537,25,30,20
9,2049,0.07510763514089117,0.35952094185222294,0.0857469271329095,0.47962449587397976,25,30,20
9,2050,0.07510353358637198,0.3595209418522552,0.0857469325305772,0.47962859203079866,25,30,20
9,2051,0.07522289600197535,0.3594008668440074,0.08574764510844762,0.47962859204557273,25,30,20
9,2052,0.07523118912271257,0.3594008668440645,0.08574773271306853,0.4796202113201569,25,30,20
9,2053,0.07521536001678576,0.3594008668439239,0.08574920201456143,0.47963457112473085,25,30,20
9,2054,0.07522120570545882,0.35940086684394074,0.08574259683233437,0.47963533061826824,25,30,20
9,2055,0.07523577761382495,0.3594008668440161,0.08574266203721141,0.4796206935049498,25,30,20
9,2056,0.07522117369902025,0.3594008668439401,0.08574259782117545,0.47963536163586645,25,30,20
9,2057,0.07521921620774247,0.3594008668438547,0.08574259500769632,0.4796373219407086,25,30,20
9,2058,0.08147059118481882,0.35940087037393575,0.07949121614719763,0.4796373222940472,25,30,20
9,2059,0.0814765143026739,0.359400870373972,0.0794912187927941,0.47963139653055953,25,30,20
9,2060,0.08147650759733363,0.3594008703739717,0.07949121736911495,0.47963140465957965,25,30,20
9,2061,0.08099897453167683,0.35940087044430635,0.07996992548021091,0.47963022954380563,25,30,20
9,2062,0.08099897283019113,0.35940087044430735,0.07996836142936686,0.4796317952961344,25,30,20
9,2063,0.08099101693156613,0.359400870443095,0.07996834611980147,0.479639766505537,25,30,20
9,2064,0.08089738577758844,0.3594008834641549,0.08006153046607042,0.47964020029218957,25,30,20
9,2065,0.08090148508109082,0.3594008834641413,0.0800616433799231,0.47963598807484814,25,30,20
9,2066,0.08089567029721235,0.35940088346421023,0.08006157250076418,0.4796418737378165,25,30,20
9,2067,0.08100053326467722,0.35940086691001377,0.07995715992600422,0.47964143989930447,25,30,20
9,2068,0.08099651987703158,0.35940086691024964,0.07996110629960575,0.47964150691311375,25,30,20
9,2069,0.0809905586682084,0.35940644738818256,0.0799614870304133,0.47964150691319674,25,30,20
9,2070,0.08100450615438945,0.3594064473882689,0.07996157039380637,0.4796274760635362,25,30,20
9,2071,0.08101820506886102,0.3594064473882666,0.07996153183188193,0.47961381571099126,25,30,20
9,2072,0.04839056785918282,0.35940645002838406,0.11258882924088423,0.4796141528715516,25,30,20
9,2073,0.048396635954384086,0.35940076242249114,0.11258844875139791,0.4796141528717297,25,30,20
9,2074,0.04839859797228525,0.3594007624225784,0.11258845293214652,0.47961218667299266,25,30,20
9,2075,0.048374246251686806,0.3594007624204654,0.1125883154365952,0.4796366758912552,25,30,20
9,2076,0.04838037356570591,0.3439591652448046,0.12802378529147876,0.47963667589801307,25,30,20
9,2077,0.04272027941764887,0.34395916823492023,0.13368310533987593,0.47963744700755706,25,30,20
9,2078,0.04248207082377453,0.34419845684121186,0.1336820259199184,0.47963744641509715,25,30,20
9,2079,0.04247411346844759,0.3441984568411408,0.13368663729550298,0.4796407923949105,25,30,20
9,2080,0.04813364424745524,0.3441984538447337,0.12802788123868697,0.47964002066912603,25,30,20
9,2081,0.048133637396130594,0.3441984538447331,0.12802318112163433,0.479644727637504,25,30,20
9,2082,0.048163816484632874,0.3441987030099948,0.1279241874471558,0.47971329305822,25,30,20
9,2083,0.04820768826005645,0.34419845377010944,0.12608374434689154,0.48151011362294577,25,30,20
9,2084,0.04821966649608925,0.34419845377010944,0.12608374433806616,0.4814981353957383,25,30,20
9,2085,0.04868579104307356,0.34419845377028835,0.12608395702822775,0.48103179815841335,25,30,20
9,2086,0.08831529284474879,0.344198453908375,0.08645447435371943,0.4810317788931597,25,30,20
9,2087,0.08831529044346348,0.3441984539083571,0.08645439060382892,0.48103186504435314,25,30,20
9,2088,0.08831529102415811,0.34419846009014093,0.08645438384126697,0.4810318650444367,25,30,20
9,2089,0.0883094027052315,0.34420434212407786,0.08645439013101477,0.4810318650396782,25,30,20
9,2090,0.08921708266332816,0.34420434212836265,0.08645503352240434,0.4801235416859071,25,30,20
9,2091,0.08921099407225358,0.3442169764402422,0.08644848780377716,0.4801235416837298,25,30,20
9,2092,0.08920496789208002,0.34421697644018906,0.08644848634386727,0.48012956932386625,25,30,20
9,2093,0.08919908070548192,0.34421697644018967,0.08644860233831453,0.48013534051601603,25,30,20
9,2094,0.08967227078306347,0.344216976446297,0.08644907529763556,0.4796616774730058,25,30,20
9,2095,0.08967840605882228,0.34421697644627985,0.086448961190259,0.4796556563046408,25,30,20
9,2096,0.08967829564790863,0.3442169764463157,0.08644896072212718,0.47965576718365033,25,30,20
9,2097,0.08968621076981899,0.3442169764463495,0.08644896680902825,0.4796478459748051,25,30,20
9,2098,0.08968610771984682,0.3442170764283641,0.08644896987690227,0.47964784597488863,25,30,20
9,2099,0.08967997322324077,0.3442161412487015,0.08645603955325167,0.47964784597480736,25,30,20
9,2100,0.08967801117468913,0.3442161412486138,0.08645603545925233,0.4796498121174458,25,30,20
9,2101,0.0892168980252092,0.3442161412445236,0.08645564842891687,0.4801113123013514,25,30,20
9,2102,0.08955149463479532,0.34421614125065914,0.08612109947406653,0.48011126464048,25,30,20
9,2103,0.08954354276632195,0.34421614125058886,0.086121093413072,0.4801192225700182,25,30,20
9,2104,0.08954357487815191,0.34421614125058947,0.08612109228646228,0.4801191915847975,25,30,20
9,2105,0.09044521972107997,0.3442161412548391,0.08612168691435348,0.47921695210972864,25,30,20
9,2106,0.09044522051733228,0.3442161412548398,0.08612330859183037,0.47921532963599867,25,30,20
9,2107,0.1218674049601443,0.3442161386198282,0.05470146305499244,0.4792149933650348,25,30,20
9,2108,0.1218410900964858,0.3442161386177887,0.05470145660018361,0.4792413146855416,25,30,20
9,2109,0.12183324463746366,0.34421613861770145,0.05470144755294415,0.47924916919189053,25,30,20
9,2110,0.1218393434404685,0.3442161386177371,0.0547014481335355,0.4792430698082587,25,30,20
9,2111,0.12183324837629116,0.34422184054673544,0.05470184126878903,0.4792430698081842,25,30,20
9,2112,0.12183923653627093,0.3442162389204594,0.05470145473509435,0.4792430698081751,25,30,20
9,2113,0.12172590021572606,0.34433027946301153,0.05470075052251392,0.4792430697987482,25,30,20
9,2114,0.12263743810484815,0.34433027946724193,0.054701285874420476,0.4783309965534891,25,30,20
9,2115,0.12197590233986222,0.3443302793414062,0.05536281946143486,0.47833099885729646,25,30,20
9,2116,0.12150981087371743,0.3443302793412793,0.05536260954853207,0.47879730023647077,25,30,20
9,2117,0.12149597489638939,0.3443302793411739,0.055362600304410294,0.47881114545802594,25,30,20
9,2118,0.12058823427403652,0.3443302793368889,0.055362005211602214,0.479719481177472,25,30,20
9,2119,0.08437887993426277,0.34433028356088147,0.0915713489061721,0.47971948759868405,25,30,20
9,2120,0.08437873860987942,0.34433028356086304,0.09157134961310577,0.47971962821615227,25,30,20
9,2121,0.08558562134570842,0.34433028355359485,0.0903644689052866,0.47971962619541064,25,30,20
9,2122,0.08559371344766,0.34433028355370204,0.09036447965457968,0.4797115233440589,25,30,20
9,2123,0.08558771706492972,0.3443048249321574,0.09039593466829389,0.47971152333461964,25,30,20
9,2124,0.08558967614330884,0.34430482493222625,0.09039434602456652,0.4797111528998992,25,30,20
9,2125,0.08559574373284275,0.34430482493222536,0.09039434611055536,0.4797050852243773,25,30,20
9,2126,0.08558201648644509,0.34430482493215747,0.09039434126351542,0.4797188173178828,25,30,20
9,2127,0.046770132759102315,0.3443048252416469,0.12920622369874626,0.47971881830050556,25,30,20
9,2128,0.04694056639978908,0.3443048253251552,0.1309011549366859,0.47785345333837276,25,30,20
9,2129,0.04636599139304443,0.34430482532108514,0.1309011560937995,0.47842802719207334,25,30,20
9,2130,0.046357732767482666,0.34430482532081613,0.13090108016983137,0.4784363617418726,25,30,20
9,2131,0.046357629102544255,0.3443126783236805,0.13089333083190785,0.4784363617418699,25,30,20
9,2132,0.046362084388120346,0.3443126783258436,0.13089340426986878,0.4784318330161698,25,30,20
9,2133,0.042721557587036496,0.3443126757086339,0.13453385734353407,0.4784319093608,25,30,20
9,2134,0.042382564050168846,0.3443126757084184,0.13453323280119658,0.4787715274402206,25,30,20
9,2135,0.042378398212413015,0.34431679374714697,0.13453328058590647,0.47877152745453777,25,30,20
9,2136,0.042378644947868034,0.3443478183609989,0.1345020092369304,0.47877152745420626,25,30,20
9,2137,0.04237264770240262,0.34434781836101586,0.13450200965458758,0.4787775242819973,25,30,20
9,2138,0.04237213077499529,0.3443485244569942,0.13450182048631373,0.4787775242817006,25,30,20
9,2139,0.0423720615888616,0.34434852445704706,0.1345018638027526,0.47877755015134205,25,30,20
9,2140,0.04237208967669139,0.34434809462489374,0.1345022655516746,0.47877755014674356,25,30,20
9,2141,0.04237208967741398,0.34434809462489374,0.13450226409931804,0.47877755159837754,25,30,20
9,2142,0.042366100127356254,0.3443480946248766,0.13450226180638716,0.4787835434413828,25,30,20
9,2143,0.04237037913844094,0.34434809462480737,0.1345022308132258,0.47877929542352854,25,30,20
9,2144,0.04237636805710578,0.34434809462482363,0.13450223101786923,0.47877330630020387,25,30,20
9,2145,0.042373770365770023,0.344348094622749,0.1345021648939902,0.4787759701174934,25,30,20
9,2146,0.041472224160407266,0.3443480946185187,0.13450160795877097,0.4796780732623055,25,30,20
9,2147,0.04237991138012584,0.34344024273614215,0.13450177203440078,0.47967807384933375,25,30,20
9,2148,0.042380378564953275,0.34344024273830365,0.13450177926670848,0.4796775994300368,25,30,20
9,2149,0.04237438458633273,0.3434402427382507,0.13450173881293717,0.4796836338624815,25,30,20
9,2150,0.04237448877969757,0.34344014775720993,0.13450172959585152,0.4796836338672431,25,30,20
9,2151,0.04238051125815602,0.35886306475716345,0.11907279011266816,0.4796836338720141,25,30,20
9,2152,0.04125888880827667,0.35886306445238053,0.12019441354267967,0.4796836331966653,25,30,20
9,2153,0.04126900370811633,0.35886306445254235,0.1201944512466809,0.4796734805926625,25,30,20
9,2154,0.04126287468289725,0.3588630644524898,0.12019444847450972,0.479679612390105,25,30,20
9,2155,0.04479730482783843,0.3588634792224044,0.11665933041619285,0.479679885533566,25,30,20
9,2156,0.04502257893956876,0.3588634791398848,0.1145920254015458,0.4815219165190016,25,30,20
9,2157,0.045018101043465764,0.3588634791396837,0.11459198176949167,0.4815264380473598,25,30,20
9,2158,0.04501820658639578,0.35886338338587415,0.11459197198036936,0.4815264380473612,25,30,20
9,2159,0.04501404012070976,0.35886753584837294,0.11459198597887556,0.48152643805204254,25,30,20
9,2160,0.04501796422076059,0.35886753584853087,0.11459199556464604,0.4815225043660634,25,30,20
9,2161,0.04501393672375676,0.35886753584860026,0.11459200198127588,0.4815265254463679,25,30,20
9,2162,0.04591634362270002,0.35886753584870607,0.11459231541984942,0.4806238051087452,25,30,20
9,2163,0.04591224235059003,0.3582543027881847,0.1152096497425829,0.4806238051186424,25,30,20
9,2164,0.0459104522416264,0.3582337274372649,0.11523201520240642,0.4806238051187024,25,30,20
9,2165,0.04504082227993951,0.35908151234948404,0.11525386079987963,0.48062380457069714,25,30,20
9,2166,0.045039032689770615,0.35908151234945124,0.11525385700476974,0.4806255979560088,25,30,20
9,2167,0.04503293940632303,0.35908151234946906,0.11525385709038365,0.48063169115382415,25,30,20
9,2168,0.045056532684831056,0.35908151234753893,0.11525386951741008,0.4806080854502198,25,30,20
9,2169,0.04505645738903403,0.35908158639701127,0.11525387076365373,0.4806080854503009,25,30,20
9,2170,0.04505053613473121,0.35905604745468145,0.11528533096002977,0.4806080854505568,25,30,20
9,2171,0.04463654856266155,0.3590560475377387,0.11449805271857917,0.48180935118102,25,30,20
9,2172,0.04463472641343515,0.35905604753770526,0.1144980483861116,0.48181117766274784,25,30,20
9,2173,0.04463476062276474,0.3590558198269251,0.11449824188774738,0.4818111776625629,25,30,20
9,2174,0.04461095021859785,0.3590558198267505,0.114498226832443,0.48183500312220867,25,30,20
9,2175,0.044605030727854815,0.3590619299488126,0.11449803619669446,0.4818350031266382,25,30,20
9,2176,0.04461270345151716,0.3590619299487916,0.11449795409234145,0.48182741250735006,25,30,20
9,2177,0.04461712181581573,0.35967446304243933,0.11388100263918449,0.48182741250256056,25,30,20
9,2178,0.04461715443113354,0.35967446304245754,0.1138857041626084,0.4818226783638007,25,30,20
9,2179,0.04453301482801162,0.35967446144569437,0.11396992804224118,0.4818225956840536,25,30,20
9,2180,0.04461677349941737,0.3596885839497515,0.11691526666415333,0.4787793758866789,25,30,20
9,2181,0.0446186692234992,0.3597086982912703,0.11689325658374795,0.47877937590148373,25,30,20
9,2182,0.04462056635665905,0.35973824700213114,0.11686181072083829,0.4787793759203726,25,30,20
9,2183,0.04462081972378875,0.3597382470021146,0.1168618145545593,0.47877911871953815,25,30,20
9,2184,0.04462663676629477,0.3597382470020769,0.11686181180681927,0.4787733044248095,25,30,20
9,2185,0.04118852725832386,0.3597380159367193,0.12030042498547161,0.4787730318194886,25,30,20
9,2186,0.04164783657190021,0.3597380159307647,0.11984111409844,0.4787730333988987,25,30,20
9,2187,0.04165187047793337,0.35973399089904723,0.11984110523839972,0.47877303338462285,25,30,20
9,2188,0.04164742093335967,0.35973882081389974,0.11984072486412557,0.4787730333886182,25,30,20
9,2189,0.041641672812647315,0.35973882081406544,0.11984087362001297,0.47877863275327753,25,30,20
9,2190,0.0416495563249554,0.35973882081434977,0.11984316614626589,0.4787684567144317,25,30,20
9,2191,0.041645527678308786,0.3597388208144213,0.11984317228839618,0.4787724792188761,25,30,20
9,2192,0.041651447855109526,0.3597325071689819,0.11984356576163199,0.4787724792142789,25,30,20
9,2193,0.04165936792712359,0.35972496818301386,0.11984318466631598,0.4787724792235488,25,30,20
9,2194,0.04160642712411734,0.3597407220442595,0.11988037236688248,0.478772478464743,25,30,20
9,2195,0.041600683170564576,0.3597407220442779,0.11988037378049703,0.47877822100466305,25,30,20
9,2196,0.04160495688977095,0.35973645953325906,0.11988036258166859,0.478778220995304,25,30,20
9,2197,0.04161851488003705,0.3592855996386514,0.12031766447682862,0.47877822100448514,25,30,20
9,2198,0.041618270146695675,0.3592855996386223,0.12044711632290586,0.4786490138917784,25,30,20
9,2199,0.04161822817744647,0.3592855996386213,0.12044939135764006,0.4786467808262945,25,30,20
9,2200,0.04162236379121885,0.35928559963853274,0.12044938702132688,0.4786426495489237,25,30,20
9,2201,0.04162436130495965,0.35928559963861384,0.12031998083647709,0.4787700582199516,25,30,20
9,2202,0.04161840101734335,0.35928559963864976,0.12031998049109233,0.47877601885291676,25,30,20
9,2203,0.04162467497484021,0.359285599638635,0.1203177064273227,0.4787720189592043,25,30,20
9,2204,0.04162870036184081,0.3592855996385827,0.12031766072432033,0.47876803927525835,25,30,20
9,2205,0.04153537917558087,0.35927147704740675,0.12042520126588445,0.4787679425111313,25,30,20
9,2206,0.041529001640707046,0.3592714770474052,0.12042519685916425,0.4787743244527269,25,30,20
9,2207,0.04152922061860966,0.35927124527125365,0.12042520965748452,0.4787743244526553,25,30,20
9,2208,0.04144236790929367,0.3592553077039416,0.12052799956320323,0.47877432482356513,25,30,20
9,2209,0.04145249219521717,0.35925530770396086,0.12052800189955988,0.47876419820126564,25,30,20
9,2210,0.04144649684812671,0.35925530770394104,0.12052800002506643,0.47877019542286975,25,30,20
9,2211,0.04144638321871523,0.35925542236860963,0.12052799898982032,0.4787701954228587,25,30,20
9,2212,0.041446246261733134,0.3592554223685746,0.12052799644698474,0.47877033492271137,25,30,20
9,2213,0.041438548663213254,0.35925542236850744,0.12052802101686214,0.47877800795142034,25,30,20
9,2214,0.042020788497489664,0.3592557789925506,0.11994542441660683,0.47877800809335475,25,30,20
9,2215,0.042015148494332966,0.3592557789925878,0.11994542710147876,0.4787836454116021,25,30,20
9,2216,0.041980908400842336,0.3593124120312406,0.11992303417587247,0.4787836453920463,25,30,20
9,2217,0.0419771231742577,0.35931621294312094,0.11992301849542639,0.47878364538719664,25,30,20
9,2218,0.04198350595791202,0.35931621294308785,0.1199230226451922,0.47877725845380964,25,30,20
9,2219,0.041985051778930825,0.3593162129461858,0.12001209610788194,0.47868663916700305,25,30,20
9,2220,0.04195275232056967,0.3593162172981835,0.12004437229497729,0.478686658086271,25,30,20
9,2221,0.041988604973175005,0.35931621729520286,0.11995517036639541,0.47874000736522865,25,30,20
9,2222,0.04199052916391029,0.3593146745175826,0.11995478896316046,0.47874000735534816,25,30,20
9,2223,0.04200447306171091,0.35931467451765153,0.11995479488946538,0.4787260575311732,25,30,20
9,2224,0.04200065311600769,0.3593181221740975,0.11995516719785215,0.4787260575120436,25,30,20
9,2225,0.042000897840852265,0.35931812217411485,0.1199551385638584,0.4787258414211755,25,30,20
9,2226,0.0281390233398925,0.35931812431635435,0.13381474803416762,0.47872810430958906,25,30,20
9,2227,0.028144940351922013,0.35931812431637083,0.13381486511524657,0.47872207021646385,25,30,20
9,2228,0.028138663129726543,0.35931812431640364,0.1338148609047161,0.4787283516491573,25,30,20
9,2229,0.028130815739638805,0.3593255900281405,0.13381524259224742,0.4787283516399764,25,30,20
9,2230,0.027681115321888227,0.3593255900306731,0.1342649437828932,0.4787283508645489,25,30,20
9,2231,0.027680837137104022,0.35932559003061804,0.13426493974727888,0.4787286330850027,25,30,20
9,2232,0.028154883678180056,0.35885069614849635,0.13426578594334765,0.4787286342299791,25,30,20
9,2233,0.027254542189255007,0.3588506961505331,0.13426548289244014,0.4796292787677742,25,30,20
9,2234,0.027254541196064182,0.359287633076223,0.13382854695510554,0.4796292787726095,25,30,20
9,2235,0.02678651844491343,0.35975611892337866,0.13382808500858887,0.47962927762312135,25,30,20
9,2236,0.026784523346669392,0.35975611892309617,0.1338257941098421,0.47963356362039433,25,30,20
9,2237,0.02677243773826343,0.3597561189229903,0.1338257865263807,0.479645656812367,25,30,20
9,2238,0.02676672471863378,0.3591784104195858,0.13440920804909123,0.47964565681269067,25,30,20
9,2239,0.026760588829515788,0.3591845510416361,0.13440920331148315,0.4796456568173661,25,30,20
9,2240,0.018202273835463946,0.35918455155104284,0.14296973290065282,0.47964344171284173,25,30,20
9,2241,0.01819628126989541,0.35747266309498527,0.14468761392181448,0.4796434417133061,25,30,20
9,2242,0.018188328099629857,0.3574726587427336,0.14469559154043604,0.47964342161720436,25,30,20
9,2243,0.018194211529314247,0.357472658742733,0.14469559152047629,0.47963753820748034,25,30,20
9,2244,0.018180267580214057,0.3574726587426635,0.14469558553221823,0.4796514881449071,25,30,20
9,2245,0.01819221613585994,0.3574726587426616,0.14469558439874133,0.4796395407227398,25,30,20
9,2246,0.01819779142274855,0.3580508895996234,0.14411177825538324,0.47963954072224757,25,30,20
9,2247,0.01819803757497918,0.35805088959969444,0.1441117823855662,0.4796392904397627,25,30,20
9,2248,0.018394843862183742,0.3580509530669492,0.1438103393816834,0.47974386368918714,25,30,20
9,2249,0.01838899035348723,0.35805642128773846,0.14381072465998382,0.47974386369879407,25,30,20
9,2250,0.018394986233470047,0.3580564212877031,0.14381072510352508,0.4797378673753053,25,30,20
9,2251,0.018387140785790342,0.3580644493872693,0.14381054246591088,0.47973786736103263,25,30,20
9,2252,0.018383214052648346,0.358064449385038,0.14381055123740336,0.47974178532491324,25,30,20
9,2253,0.0242000267617699,0.35806438591089396,0.138098376142445,0.47963721118489416,25,30,20
9,2254,0.024208079378912072,0.35806438591089756,0.1380984293063501,0.47962910540384324,25,30,20
9,2255,0.02420577190913071,0.35806438591083944,0.13809837216847903,0.47963147001155376,25,30,20
9,2256,0.02419988161238835,0.3580697306626861,0.13809891770861574,0.4796314700163128,25,30,20
9,2257,0.02419960430877889,0.35806973066264947,0.13809891499489382,0.4796317500336803,25,30,20
9,2258,0.02420402212268907,0.3580544735609613,0.13810975430141356,0.47963175001493824,25,30,20
9,2259,0.02417212779095013,0.3580544735606959,0.13810973031836338,0.4796636683299918,25,30,20
9,2260,0.024171873683996023,0.35806558622304757,0.13809887175368085,0.4796636683392768,25,30,20
9,2261,0.024171872507112703,0.3580655862230491,0.13810547352012845,0.4796570677497109,25,30,20
9,2262,0.024173768972520118,0.3580634844761093,0.1381056787966339,0.4796570677547381,25,30,20
9,2263,0.02416835729739066,0.35808144293017913,0.1345255635960839,0.4832246361763478,25,30,20
9,2264,0.024168258036261957,0.35808144293016286,0.13452553694788968,0.4832247620856869,25,30,20
9,2265,0.02416840313994219,0.35808128020953467,0.13452555454536935,0.4832247621051552,25,30,20
9,2266,0.024154702167662453,0.35808128020950086,0.13452555079447304,0.4832384668283652,25,30,20
9,2267,0.024160521085538154,0.35808128020944674,0.13452084619078136,0.48323735251423555,25,30,20
9,2268,0.024170774425866945,0.35808128021058977,0.1345143308806396,0.48323361448290536,25,30,20
9,2269,0.01858238821473337,0.3580812802237267,0.1401027112213634,0.4832336203401782,25,30,20
9,2270,0.018604211845491013,0.3580599969239126,0.14010217087589857,0.48323362035469936,25,30,20
9,2271,0.01860673546307122,0.358046409047366,0.14011323510525375,0.48323362038431056,25,30,20
9,2272,0.018600744035571205,0.3580464090473482,0.14011551315244442,0.4832373337646378,25,30,20
9,2273,0.018600735223459734,0.3580464090473475,0.14011562896798055,0.48323722676121394,25,30,20
9,2274,0.018594776336833922,0.35804640904733,0.140115747896679,0.4832430667191589,25,30,20
9,2275,0.018588891293510892,0.3580464090473315,0.1401156320983604,0.4832490675607992,25,30,20
9,2276,0.018583039833426032,0.3580464090473506,0.1401155185334063,0.48325503258581903,25,30,20
9,2277,0.018583112731179012,0.3580464090473678,0.14011539953825483,0.48325507868320033,25,30,20
9,2278,0.018596890704526785,0.35803209711511286,0.1401159335024263,0.48325507867793577,25,30,20
9,2279,0.018602849159359912,0.3580265309051338,0.14011554126700335,0.4832550786685046,25,30,20
9,2280,0.01861523160507018,0.3580265309053194,0.14011555922641072,0.48324267826320183,25,30,20
9,2281,0.018615333975944778,0.35802653090532244,0.14011340004078804,0.48324473507794674,25,30,20
9,2282,0.018609120766093987,0.35802653090532055,0.14011348839711163,0.4832508599314758,25,30,20
9,2283,0.01860936968029707,0.3580265309053776,0.1401134949350208,0.4832506044793064,25,30,20
9,2284,0.018609403227650523,0.35974476523823007,0.13839522705536697,0.483250604478754,25,30,20
9,2285,0.018623212484162,0.35974476523826227,0.13839523234721354,0.48323678993036395,25,30,20
9,2286,0.01861306423755596,0.3597447652370997,0.13839514554752733,0.4832470249778186,25,30,20
9,2287,0.018613125811569813,0.3597365820349808,0.13840326714192877,0.4832470250115221,25,30,20
9,2288,0.01814084800443343,0.3597365820983132,0.13880821513283934,0.48331435476441553,25,30,20
9,2289,0.018140985585318972,0.3597365820983476,0.1388082161510982,0.48331421616523607,25,30,20
9,2290,0.018140915240322183,0.3597365820983454,0.13880809810013134,0.48331440456120184,25,30,20
9,2291,0.018146325212492393,0.3597186236443114,0.1423882153690138,0.4797468357741829,25,30,20
9,2292,0.018146322832382763,0.35971862364431084,0.1423882153587937,0.47974683816451313,25,30,20
9,2293,0.01814653702218951,0.35971067048672495,0.14239595431577257,0.47974683817531344,25,30,20
9,2294,0.018145928203894286,0.3591022968312207,0.14300493678992374,0.4797468381749647,25,30,20
9,2295,0.018160049328058304,0.3591022968312753,0.1430049471870415,0.4797327066536283,25,30,20
9,2296,0.018159837034214425,0.35911011479964716,0.14299734152340488,0.479732706642737,25,30,20
9,2297,0.018161763710255255,0.3591101147997162,0.14299722864063333,0.4797308928493983,25,30,20
9,2298,0.01816766301740044,0.3591101147996835,0.14312665333402028,0.4795955688488989,25,30,20
9,2299,0.018173764604617882,0.3590812266790346,0.14314943986752712,0.4795955688488236,25,30,20
9,2300,0.015076147349827542,0.35908232562051945,0.14624242800367662,0.4795990990259796,25,30,20
9,2301,0.01507600779608769,0.3590823256204835,0.14624242540415935,0.4795992411792729,25,30,20
9,2302,0.015551463623647342,0.3586178219302169,0.14623147327716657,0.47959924116897235,25,30,20
9,2303,0.015680653725131204,0.3586178218595471,0.1461696182462461,0.4795319061690788,25,30,20
9,2304,0.015674622332571293,0.35861782185962,0.1461697364909703,0.47953781931684153,25,30,20
9,2305,0.0156605030506419,0.35861782185956526,0.14616972611194748,0.4795519489778484,25,30,20
9,2306,0.0020294634948015435,0.35861672026027813,0.1598054467020834,0.47954836954283997,25,30,20
9,2307,0.0020111982058716392,0.3586167202600925,0.15980542880262377,0.47956665273141547,25,30,20
9,2308,0.002017156964572836,0.35861672026010843,0.15980542936738443,0.47956069340793783,25,30,20
9,2309,0.0015374211284048694,0.3590967696876831,0.1598051158049908,0.47956069337892465,25,30,20
9,2310,0.0015311833885315424,0.3591254083285348,0.15978271490409204,0.47956069337884494,25,30,20
9,2311,0.0015373893054398786,0.35868366062233276,0.1602182566934664,0.4795606933787658,25,30,20
9,2312,0.0015314338914210813,0.3586898036446623,0.16021806908507003,0.47956069337885077,25,30,20
9,2313,0.000972675820163426,0.3586894535344537,0.16077717785667267,0.47956069278870883,25,30,20
9,2314,0.0009788150124381372,0.3586610821727765,0.1607994099918681,0.4795606928229158,25,30,20
9,2315,0.000978615436782952,0.35866941630088073,0.1607912754732085,0.4795606927891272,25,30,20
9,2316,0.0009784714383591331,0.358669416300841,0.16079126919078135,0.4795608430700183,25,30,20
9,2317,0.000982323074074323,0.3586694163009641,0.16079128404601264,0.4795569765789486,25,30,20
9,2318,0.0008417156185649189,0.358669416290716,0.16093188825549704,0.47955697983522244,25,30,20
9,2319,0.0008427531476571867,0.35806948909489505,0.16153075891869187,0.47955699883875624,25,30,20
9,2320,0.0008386183989925605,0.35806948909496455,0.1615307667206926,0.47956112578535054,25,30,20
9,2321,0.0010826281955185085,0.35781668569572617,0.16153955973114797,0.47956112637760756,25,30,20
9,2322,0.0010828009802807976,0.3578166856968326,0.1615395674113769,0.4795609459115104,25,30,20
9,2323,0.001076918798651726,0.3578166856968364,0.16153956916579934,0.4795668263387126,25,30,20
9,2324,0.0010908936508972106,0.3578166856969608,0.16153957961013377,0.47955284104200807,25,30,20
9,2325,0.001091493940608988,0.3584255981764135,0.16093006684062608,0.47955284104235113,25,30,20
9,2326,0.0010912092862985718,0.3584259022454497,0.16093004745505607,0.4795528410131953,25,30,20
9,2327,0.0010912141394188676,0.35842590233819316,0.16093001727760953,0.4795528662447793,25,30,20
9,2328,0.0011136636165830298,0.3571622517900596,0.16217121832355771,0.4795528662698003,25,30,20
9,2329,0.0011063540385007117,0.3582039901856169,0.16113680850986564,0.47955284726601755,25,30,20
9,2330,0.0011121005663214283,0.35820399018559923,0.16113680654776444,0.4795471027003158,25,30,20
9,2331,0.001098262823417476,0.35820399018549326,0.16113679745017037,0.47956094954091993,25,30,20
9,2332,0.0008705677478847447,0.3584398727411376,0.16112861056163919,0.4795609489493398,25,30,20
9,2333,0.0008708170761632146,0.35843987274112066,0.16112861183335547,0.479560698349362,25,30,20
9,2334,0.0008708189778833267,0.35843986400911176,0.16112861866364292,0.47956069834936343,25,30,20
9,2335,0.0011435369495874795,0.35843986406671424,0.1608317434374611,0.4795848555462392,25,30,20
9,2336,0.0011434296601055632,0.3584398640666938,0.16083174147530188,0.4795849647979007,25,30,20
9,2337,0.001143429008592177,0.3584398640666941,0.16083173971992984,0.4795849672047854,25,30,20
9,2338,0.0011614773364464037,0.35843639161211827,0.1608171638750572,0.47958496717637955,25,30,20
9,2339,0.0011616149627930363,0.35843625297907694,0.16081716488158648,0.47958496717654514,25,30,20
9,2340,0.0011677433914428553,0.3584362529791122,0.1608171664331633,0.47957883719628314,25,30,20
9,2341,0.0011557924256837939,0.35843625297914883,0.16081716785224467,0.4795907867429247,25,30,20
9,2342,0.001149695951299481,0.35843625297911347,0.16081720731569335,0.47959684375389555,25,30,20
9,2343,0.001141779011509197,0.3584441757965461,0.16081720144739844,0.47959684374454736,25,30,20
9,2344,0.0011554798663664656,0.3584441757965802,0.1654862755713295,0.4749140687657251,25,30,20
9,2345,0.0011331365358976948,0.3597079677279241,0.16424482699080403,0.47491406874537534,25,30,20
9,2346,0.0011230964365744683,0.3597182138372348,0.16424462098115544,0.47491406874503655,25,30,20
9,2347,0.0011272342725924269,0.3597182138371654,0.16424461497661988,0.4749099369136236,25,30,20
9,2348,0.0011211359473767095,0.3597244379096939,0.16424448922939205,0.47490993691353867,25,30,20
9,2349,0.0011231732088824316,0.3597244379095715,0.16424447443591775,0.4749079144456293,25,30,20
9,2350,0.0011290602473301963,0.35971814208947994,0.1642448832219862,0.4749079144412046,25,30,20
9,2351,0.0011090908683870765,0.359738117674609,0.16424487702556653,0.47490791443143804,25,30,20
9,2352,0.0010953928974820632,0.3597381176746285,0.15958240924300707,0.47958408018488297,25,30,20
9,2353,0.0011014202267070514,0.3597318955174139,0.1595826040516941,0.47958408020418486,25,30,20
9,2354,0.001095500662150316,0.3593090917780615,0.16001132735085313,0.47958408020893456,25,30,20
9,2355,0.0011015995788019246,0.35930909177809744,0.16001128996641611,0.4795780186766839,25,30,20
9,2356,0.0010992531534964383,0.3580739194625414,0.16124880868830205,0.4795780186956597,25,30,20
9,2357,0.0011052753446482572,0.3580678911229435,0.1612488148366719,0.47957801869573574,25,30,20
9,2358,0.001111056079283035,0.35806789112301574,0.16124230007975593,0.47957875271794465,25,30,20
9,2359,0.0011109516623650842,0.35806789112303294,0.16124230039371423,0.47957885682088713,25,30,20
9,2360,0.0011049587496151376,0.35806789112287274,0.16124233123230147,0.47958481889521,25,30,20
9,2361,0.0011050959379027075,0.35849647231798654,0.1608136128293326,0.4795848189147776,25,30,20
9,2362,0.0011049915107117195,0.3584964723179306,0.1608134928049009,0.4795850433664562,25,30,20
9,2363,0.0010991368993721077,0.3584964723179851,0.16094294386361344,0.47946144691902903,25,30,20
9,2364,0.0010932397440460212,0.35849647231803566,0.16081352141765706,0.47959676652026073,25,30,20
9,2365,0.0010932698016253273,0.35849647231805504,0.16081352283841352,0.47959673504190564,25,30,20
9,2366,0.0012079144362441541,0.3584964723946571,0.16069887814976652,0.4795967350193308,25,30,20
9,2367,0.0012020304862047735,0.35849647239467286,0.16069891789933094,0.47960257921979005,25,30,20
9,2368,0.0011978595928476654,0.35849647239470656,0.16069892025967752,0.479606747752767,25,30,20
9,2369,0.0011938292592832095,0.3584964723947596,0.16069892465225283,0.47961077369370286,25,30,20
9,2370,0.0011938597365342648,0.35849647239477805,0.1606989259616222,0.4796107419070638,25,30,20
9,2371,0.0012064535007485927,0.3584843156074816,0.16069848868864833,0.47961074220312,25,30,20
9,2372,0.0009350460475157064,0.358484315548904,0.16099405720612414,0.47958658119745734,25,30,20
9,2373,0.0009247743917861899,0.3584843155476552,0.1610043292330374,0.4795865808275222,25,30,20
9,2374,0.0009071414080275816,0.3584843152669189,0.16102196251856693,0.4795865808064893,25,30,20
9,2375,0.0009071762774579301,0.35848431526693736,0.16102204631030856,0.47958646214529904,25,30,20
9,2376,0.0009070410531694871,0.35848444917465316,0.1610220476466035,0.4795864621255764,25,30,20
9,2377,0.0009051122322831677,0.3584844491745662,0.16102204548818694,0.479588393104966,25,30,20
9,2378,0.001162813513680758,0.35848478540227113,0.1607639561887934,0.47958844489525687,25,30,20
9,2379,0.0011568248681893027,0.35849117617607595,0.16076355406047926,0.47958844489525704,25,30,20
9,2380,0.001156931032592982,0.3584831984237504,0.16077142563878544,0.4795884449048728,25,30,20
9,2381,0.00115689782886232,0.3584831984237159,0.16077138448672718,0.479588519260696,25,30,20
9,2382,0.001162922079841665,0.35848319842373394,0.1607713858290621,0.47958249366736366,25,30,20
9,2383,0.0011748684303876347,0.35848319842371545,0.16077138373878536,0.47957054940711247,25,30,20
9,2384,0.0011748684502684184,0.3195967584952711,0.1996578236378312,0.47957054941663313,25,30,20
9,2385,0.0011830347315684195,0.3195967584952908,0.19965787838020485,0.4795623283929399,25,30,20
9,2386,0.00118709213244477,0.3195967584952382,0.1996601776654752,0.4795559717068454,25,30,20
9,2387,0.0011871620247822495,0.31959675849525476,0.19966017175301917,0.47955590772694734,25,30,20
9,2388,0.0011812816377930844,0.3195967584952735,0.1996578680757083,0.4795640917912287,25,30,20
9,2389,0.0011570627954048851,0.31962880489066575,0.1996500405237363,0.479564091790197,25,30,20
9,2390,0.0011711458330479513,0.31962880489075546,0.1996500479289811,0.47955000134721976,25,30,20
9,2391,0.0011893091494669652,0.32084853705308347,0.1984121524492083,0.47955000134824455,25,30,20
9,2392,0.001187418812308925,0.3208485370530144,0.1984122210393241,0.47955182309535516,25,30,20
9,2393,0.002164858107380366,0.3208485370531533,0.19743478163431913,0.4795518232051479,25,30,20
9,2394,0.0021705715630214394,0.3208485370530981,0.19730532901331224,0.479675562370569,25,30,20
9,2395,0.0021627568338253677,0.3208485370530465,0.19730532433941556,0.47968338177371345,25,30,20
9,2396,0.0021627549295373987,0.3208479939472754,0.1973058693540679,0.4796833817691204,25,30,20
9,2397,0.002160614875201539,0.32084799394746966,0.19730600063627982,0.47968539054105014,25,30,20
9,2398,0.0021544869116807783,0.32084799394743446,0.19731260162194747,0.4796849175189385,25,30,20
9,2399,0.0021603395619608414,0.3208479939474163,0.1973126003000742,0.47967906619054984,25,30,20
9,2400,0.0023076137489525116,0.32084799395386526,0.19730652490307002,0.4795378673941134,25,30,20
9,2401,0.002289132291890449,0.32086625960708726,0.19730674100321793,0.4795378670978056,25,30,20
9,2402,0.0022910603305353336,0.3208662596071732,0.19730662323719778,0.479536056825094,25,30,20
9,2403,0.002291067865501711,0.32086625960717297,0.1973066237849396,0.4795360487423858,25,30,20
9,2404,0.0022910346594088612,0.32084382587170646,0.19732909073101684,0.47953604873786804,25,30,20
9,2405,0.0023050156169079723,0.3208438258718487,0.19732910405842433,0.47952205445281953,25,30,20
9,2406,0.0022967759188932246,0.3208438258717397,0.19732909585232636,0.47953030235704114,25,30,20
9,2407,0.002318703612153689,0.320843825871899,0.1973290268848673,0.4795084436310807,25,30,20
9,2408,0.0029142201495989855,0.32085036979337295,0.19669576585352183,0.4795396442035073,25,30,20
9,2409,0.0029140436271570536,0.3208503697922665,0.19669575813511425,0.47953982844546345,25,30,20
9,2410,0.0019442114817455126,0.32085036979216525,0.19766556231875232,0.479539856407338,25,30,20
9,2411,0.0019443876823987418,0.3208503697922074,0.19779501474285704,0.47941022778253795,25,30,20
9,2412,0.001948665554666638,0.3208503697921207,0.19779501254248655,0.4794059521107272,25,30,20
9,2413,0.002424548315253587,0.32037392357724026,0.19779557541706277,0.479405952690444,25,30,20
9,2414,0.0024543788290868097,0.32037392357742916,0.19766614356710435,0.4795055540263804,25,30,20
9,2415,0.0023072076174433325,0.3203739235709969,0.1976656166864556,0.47965325212510485,25,30,20
9,2416,0.002295082972447921,0.3203739235709069,0.19766572696306628,0.4796652664935799,25,30,20
9,2417,0.0022950476237346366,0.3203741535587637,0.19766553233837453,0.4796652664791277,25,30,20
9,2418,0.002289056957257346,0.3203741535587456,0.19766553198673883,0.479671257497259,25,30,20
9,2419,0.002025232183503566,0.3203943977203116,0.19790916438450654,0.4796712057116805,25,30,20
9,2420,0.002021202742644895,0.320398418072249,0.19790917346875342,0.47967120571635474,25,30,20
9,2421,0.002021239622319985,0.3186813466374814,0.19962620802384368,0.4796712057163574,25,30,20
9,2422,0.0020232377636744837,0.31867934935484654,0.1996262071555134,0.4796712057259676,25,30,20
9,2423,0.0020272340079793704,0.3186439076641059,0.1996576526113895,0.4796712057165272,25,30,20
9,2424,0.0022694526547950757,0.31840109575709485,0.19965824529340329,0.47967120629470883,25,30,20
9,2425,0.0022434039685204073,0.3184010957570234,0.19978919219089636,0.4795663080835617,25,30,20
9,2426,0.0024876608684449766,0.3183808623598613,0.19956516810522051,0.47956630866647537,25,30,20
9,2427,0.0024874447411616686,0.31838086235989627,0.199567443541745,0.4795642493571992,25,30,20
9,2428,0.002489479435010536,0.3183808623597536,0.19943647825395228,0.4796931799512857,25,30,20
9,2429,0.0024974343520703284,0.31838086235980617,0.19943648385586177,0.47968521943226355,25,30,20
9,2430,0.0020256894347720983,0.3188531668978619,0.1994359248243423,0.4796852188430257,25,30,20
9,2431,0.0011900128889197551,0.31884687601596473,0.20030909339243888,0.4796540177026798,25,30,20
9,2432,0.0011964661745233203,0.31884687601598827,0.20030909875020303,0.4796475590592885,25,30,20
9,2433,0.0011965706221173412,0.3188468760160442,0.20030910288929757,0.47964745047254376,25,30,20
9,2434,0.0012067147125414195,0.31884662734656755,0.20029920744257626,0.47964745049831775,25,30,20
9,2435,0.001208569391978695,0.29475443353987685,0.2243895465603043,0.47964745050784396,25,30,20
9,2436,0.0011866412436585159,0.29475443353971803,0.22438960148974577,0.4796693237268809,25,30,20
9,2437,0.0011906720590029451,0.2947544335396659,0.22439417779955673,0.4796607166017772,25,30,20
9,2438,0.001190494407641729,0.2947624796499221,0.22438630935010276,0.4796607165923357,25,30,20
9,2439,0.0011904620579658895,0.29476247964990393,0.22438630801416776,0.47966075027796534,25,30,20
9,2440,0.0009522025440436849,0.294762277541808,0.22462476991674374,0.4796607499974093,25,30,20
9,2441,0.0009442546418283397,0.2947622775417558,0.22462476276480597,0.479668705051614,25,30,20
9,2442,0.0009442576256142606,0.2947622775417574,0.22462476089466998,0.4796687039379619,25,30,20
9,2443,0.0009437608114114521,0.2947622775417707,0.22462483612135467,0.47966912552546653,25,30,20
9,2444,0.0009500703715251238,0.2947775042571487,0.22460329984582802,0.47966912552550184,25,30,20
9,2445,0.001270775829538417,0.2947775042572028,0.22428261715817624,0.479669102755086,25,30,20
9,2446,0.0012485761446180048,0.29476827039319614,0.2243140507178408,0.4796691027443491,25,30,20
9,2447,0.0012504683960183518,0.29479769257201144,0.22428273628724102,0.4796691027447333,25,30,20
9,2448,0.0012684817294893608,0.2957140905571925,0.22334832392852721,0.4796691037847958,25,30,20
9,2449,0.0012747690542057788,0.2957140905593734,0.2233484303736252,0.47966271001279964,25,30,20
9,2450,0.0012746640984751042,0.2957140905593377,0.22334836240408198,0.4796628829381091,25,30,20
9,2451,0.001289017974434035,0.32150736892066184,0.19754073015173187,0.4796628829531748,25,30,20
9,2452,0.0012929815485693502,0.3215035451211483,0.19754059038718474,0.4796628829431001,25,30,20
9,2453,0.0012867019805475185,0.3215107655335997,0.19753964954304581,0.4796628829428098,25,30,20
9,2454,0.0012805225366642897,0.32151076553143654,0.19753954339786925,0.47966916853403263,25,30,20
9,2455,0.0012746037277857403,0.3215107655314181,0.19753726409541797,0.4796773666453813,25,30,20
9,2456,0.0012745393751248369,0.3215107655313815,0.1975418847176526,0.47967281037584397,25,30,20
9,2457,0.023797664203572946,0.3215401480861122,0.17498694525777345,0.47967524245254545,25,30,20
9,2458,0.023803652663734014,0.3215344929568662,0.17498661192686382,0.47967524245253995,25,30,20
9,2459,0.0242576883505929,0.32153449870929174,0.1745323239237898,0.4796754890163294,25,30,20
9,2460,0.023493341065564655,0.32153723242169713,0.1752941834617086,0.47967524305103354,25,30,20
9,2461,0.023501448077544295,0.32045220888825177,0.1763710999910298,0.47967524304317494,25,30,20
9,2462,0.023501447480214415,0.32046867525641654,0.1763546342203578,0.47967524304301273,25,30,20
9,2463,0.02349741431167747,0.32046867525648665,0.17635221862407935,0.47968169180775755,25,30,20
9,2464,0.023495834721612704,0.32048876341558363,0.17633371002150422,0.47968169184129955,25,30,20
9,2465,0.023503789547943146,0.32047306960287286,0.17634144899826634,0.47968169185091747,25,30,20
9,2466,0.023497797364139653,0.2946699272555415,0.20215058352931428,0.47968169185100246,25,30,20
9,2467,0.023491805161849205,0.29464444893758535,0.2021820540495532,0.4796816918510097,25,30,20
9,2468,0.02349194586089563,0.2946757578184272,0.20215060446958483,0.4796816918510898,25,30,20
9,2469,0.023491875765608898,0.2946757578183897,0.20215060372527913,0.47968176269071994,25,30,20
9,2470,0.023497724725424707,0.2946757578186024,0.2021506227102429,0.47967589474572797,25,30,20
9,2471,0.02348750253854667,0.294686271995568,0.20215033073523533,0.47967589473064787,25,30,20
9,2472,0.033455852406360065,0.294683551263252,0.18024265422737723,0.491617942103011,25,30,20
9,2473,0.033462123969543,0.29467690413866887,0.1802430297883588,0.4916179421034295,25,30,20
9,2474,0.03346797799942807,0.29467690413865105,0.18024302925941116,0.49161208860251,25,30,20
9,2475,0.03346787300451461,0.2946455529737074,0.1802744854287882,0.49161208859299,25,30,20
9,2476,0.03348171319831573,0.2941954749365292,0.1807107232577077,0.4916120886074476,25,30,20
9,2477,0.033477858596663385,0.2941954749363518,0.18071059422533137,0.491616072241654,25,30,20
9,2478,0.033463944936404484,0.294645253766778,0.18027472906962141,0.4916160722271966,25,30,20
9,2479,0.05073375305901206,0.29461587316205146,0.1630367285045303,0.4916136452744065,25,30,20
9,2480,0.050735642710278916,0.2946158731621403,0.16303673587898967,0.4916117482485911,25,30,20
9,2481,0.050733785054839116,0.2946158731620696,0.16303445014881532,0.4916158916342759,25,30,20
9,2482,0.05072978420245564,0.29461587316212184,0.16303445693676147,0.49161988569866144,25,30,20
9,2483,0.05072382975354237,0.2946158731618919,0.16303443768311673,0.4916258594014494,25,30,20
9,2484,0.0507238312851392,0.2946158731619266,0.16303444025336136,0.4916258552995732,25,30,20
9,2485,0.05206124999917308,0.2946164959337085,0.16169638221415578,0.49162587185296397,25,30,20
9,2486,0.05181720687036134,0.29485284798291017,0.16170407387166702,0.4916258712750627,25,30,20
9,2487,0.05180405478307427,0.2948522252020501,0.16171786498463658,0.4916258550302402,25,30,20
9,2488,0.05180398559924935,0.2948522252020335,0.16171786988492362,0.4916259193137945,25,30,20
9,2489,0.05178979327666547,0.29485222520199394,0.16171781572289842,0.49164016579844316,25,30,20
9,2490,0.04181094945156889,0.29485220647481436,0.1836387314464628,0.4796981126271554,25,30,20
9,2491,0.04181094945170894,0.29485220647481436,0.18363873211256096,0.4796981119609171,25,30,20
9,2492,0.041826914408042454,0.29484396908547816,0.1836310045263743,0.47969811198010576,25,30,20
9,2493,0.042182543280252914,0.293927574013459,0.18419175397516127,0.4796981287311289,25,30,20
9,2494,0.04219049580951974,0.2939275740135109,0.1841917598466298,0.4796901703303412,25,30,20
9,2495,0.042680501693087125,0.2939275740219786,0.18418765574377297,0.4792042685411629,25,30,20
9,2496,0.04268062667852731,0.29332599843304075,0.18478910634801896,0.47920426854041465,25,30,20
9,2497,0.04268025336670065,0.29332620465277914,0.18478927344051452,0.47920426854000714,25,30,20
9,2498,0.03838647486152418,0.29332620262308173,0.18908308403424734,0.4792042384811483,25,30,20
9,2499,0.038362590520414554,0.2933497068359493,0.18908346419121067,0.4792042384524274,25,30,20
9,2500,0.038364517936194144,0.29334970683609035,0.1890833998980636,0.47920237532965354,25,30,20
9,2501,0.03836625779723962,0.31819381861549234,0.1642375485752714,0.47920237501199786,25,30,20
9,2502,0.04089930854416599,0.31819381891321824,0.16169895568778783,0.47920791685482916,25,30,20
9,2503,0.0395803490384978,0.3181938197493916,0.12448916865742773,0.5177366625546858,25,30,20
9,2504,0.03959418839124193,0.31819381974949856,0.12448917877511662,0.5177228130841458,25,30,20
9,2505,0.03958637270320486,0.31819381974940997,0.12448916796953405,0.517730639577854,25,30,20
9,2506,0.03958675497574974,0.3181938197493946,0.12448916931328018,0.5177302559615782,25,30,20
9,2507,0.03958647516799589,0.3333010775735007,0.1093821913201392,0.5177302559383669,25,30,20
9,2508,0.03958458306898836,0.33330107757341126,0.1093821838788309,0.5177321554787718,25,30,20
9,2509,0.03959227806527998,0.333293341049875,0.10938222536873568,0.5177321555161112,25,30,20
9,2510,0.039600193240594404,0.3332858184013563,0.1093818328325031,0.517732155525548,25,30,20
9,2511,0.03910419474037677,0.33328581839287125,0.10938123875707116,0.5182287481096827,25,30,20
9,2512,0.03913411237054332,0.33328581839319077,0.10938137942222309,0.5181986898140446,25,30,20
9,2513,0.04442257040096059,0.33383887580786087,0.10353985533587501,0.5181986984553045,25,30,20
9,2514,0.0448942122131857,0.33397672968789216,0.10293035962861502,0.5181986984703084,25,30,20
9,2515,0.04490023636390237,0.3339767296879284,0.10293036227208663,0.5181926716760835,25,30,20
9,2516,0.03922158788386563,0.3334239180783934,0.10916184883975703,0.5181926451979855,25,30,20
9,2517,0.03920806908603946,0.3334239172387358,0.10773254020909558,0.5196354734661306,25,30,20
9,2518,0.03922001292818534,0.33342391723871756,0.10773253673052757,0.5196235331025708,25,30,20
9,2519,0.017243714498441184,0.3334239671641081,0.12971429766152937,0.5196180206759222,25,30,20
9,2520,0.017249670879574852,0.33342396716412465,0.12971429582479674,0.5196120661315041,25,30,20
9,2521,0.01722592726884366,0.33342396716380795,0.1297188555596212,0.5196312500077278,25,30,20
9,2522,0.017220039507155824,0.33342396716380795,0.12971885762219412,0.5196371357068424,25,30,20
9,2523,0.017212332002943965,0.33343167275144103,0.12971885954812645,0.5196371356974889,25,30,20
9,2524,0.01721219670833827,0.33343167275142604,0.12971885845863892,0.5196372720815976,25,30,20
9,2525,0.01721223045095912,0.3334316727514267,0.12971897675077781,0.5196371200468373,25,30,20
9,2526,0.017206487063411765,0.3334316727514471,0.12971905707932785,0.5196427831058142,25,30,20
9,2527,0.017201011352950386,0.3334681390243097,0.12968806651186426,0.5196427831108769,25,30,20
9,2528,0.01720293786296557,0.35927515042107394,0.10387912858102383,0.5196427831349375,25,30,20
9,2529,0.01720283484567248,0.35927515042105795,0.1038791284107983,0.5196428863224716,25,30,20
9,2530,0.033690565626606134,0.3592754186036221,0.08739112904340697,0.5196428867263667,25,30,20
9,2531,0.03369056439114359,0.35927502308104287,0.08739152579642591,0.5196428867313895,25,30,20
9,2532,0.03367687159144196,0.35927502308099163,0.08739152173880578,0.5196565835887624,25,30,20
9,2533,0.03367676917877577,0.3592750230809736,0.08739155238567181,0.5196566553545807,25,30,20
9,2534,0.033675139861984955,0.3592770663059713,0.08739113851488843,0.5196566553171574,25,30,20
9,2535,0.03367909930586667,0.35927331298430226,0.08739093241206279,0.5196566552977704,25,30,20
9,2536,0.033693188700491074,0.3592733129844795,0.08739094364694637,0.5196425546680851,25,30,20
9,2537,0.033227520322281025,0.3443126465131997,0.10281727851695562,0.5196425546475659,25,30,20
9,2538,0.03322177017765713,0.3426158826903525,0.10451979247842548,0.5196425546535667,25,30,20
9,2539,0.03322226874300518,0.34261588269049725,0.10489257286976975,0.5192692756967298,25,30,20
9,2540,0.033236144264713566,0.34260181541924095,0.10489276461014196,0.5192692757059048,25,30,20
9,2541,0.03323614418659151,0.3426022056034622,0.10489237450898187,0.5192692757009656,25,30,20
9,2542,0.03346666463264107,0.3426022056078243,0.10489292900869546,0.5190382007508396,25,30,20
9,2543,0.03346087747891259,0.3426022056078766,0.1048882604682925,0.519048656444919,25,30,20
9,2544,0.03344707255560778,0.3426022056077,0.10488828105192807,0.5190624407847648,25,30,20
9,2545,0.03344693431972838,0.3426022056076637,0.10488836090314362,0.5190624991694649,25,30,20
9,2546,0.03344658001541097,0.34260220560760957,0.10488833088007636,0.5190628834969037,25,30,20
9,2547,0.033204112573015074,0.34260220560328397,0.10488777714580784,0.5193059046778936,25,30,20
9,2548,0.03320421613967204,0.3426022056033196,0.10488777225000544,0.5193058060070034,25,30,20
9,2549,0.03320820868970361,0.34260220560323107,0.10488776289703033,0.5193018228100355,25,30,20
9,2550,0.03322884369111953,0.3238490385395913,0.12362029453071212,0.5193018232385779,25,30,20
9,2551,0.0332288431633689,0.32384903853959074,0.1236202924861102,0.5193018258109309,25,30,20
9,2552,0.033226421733820705,0.3238490385397484,0.12362502036897481,0.5192995193574568,25,30,20
9,2553,0.03321847254840811,0.32383478623355877,0.1236472218699963,0.5192995193480376,25,30,20
9,2554,0.03321847446164531,0.32383478623356,0.12364722183549025,0.5192995174693052,25,30,20
9,2555,0.033218721940351165,0.3238345365011962,0.12364722409382148,0.5192995174646319,25,30,20
9,2556,0.03322261445527432,0.32383453650422866,0.12327439479180262,0.519668454248695,25,30,20
9,2557,0.03321655148965434,0.3392671729761687,0.10784782127441929,0.5196684542597577,25,30,20
9,2558,0.0332164201930724,0.33926717297614983,0.10785434364877369,0.5196620631820037,25,30,20
9,2559,0.033210501253116566,0.33926717297613046,0.10785434223614494,0.5196679835346077,25,30,20
9,2560,0.033212450099617576,0.3392669198875237,0.10785264646881286,0.5196679835440463,25,30,20
9,2561,0.03321056100946365,0.3392669198874005,0.10785263797172034,0.5196698811314157,25,30,20
9,2562,0.03320642831051678,0.33924865144298993,0.10787503909534962,0.5196698811511438,25,30,20
9,2563,0.03320462691897039,0.3392486558011377,0.1078768361236326,0.5196698811562592,25,30,20
9,2564,0.03320304566931538,0.3392726388833512,0.10785443429625982,0.5196698811510736,25,30,20
9,2565,0.033203047454711664,0.33927263888334996,0.10785443566553468,0.5196698779964036,25,30,20
9,2566,0.033240698329711056,0.3409520639096828,0.10613735973155176,0.5196698780290546,25,30,20
9,2567,0.033240797859720526,0.3409520639097375,0.106137362303902,0.5196697759266402,25,30,20
9,2568,0.03324268695542103,0.3409520639098439,0.1061308842615213,0.519674364873214,25,30,20
9,2569,0.03324886351704322,0.34095206391089755,0.1061308857752936,0.5196681867967655,25,30,20
9,2570,0.03325103578491453,0.34095206391079147,0.10612615865367932,0.5196707416506146,25,30,20
9,2571,0.03324514844868879,0.3409803490130105,0.10610376088301843,0.5196707416552822,25,30,20
9,2572,0.033247107657358124,0.3409803490098346,0.10610375226877483,0.5196687910640323,25,30,20
9,2573,0.03325505953464338,0.34098034900990454,0.10610375825521721,0.5196608332002346,25,30,20
9,2574,0.017241553172382754,0.3409802987845887,0.12211734450158211,0.5196608035414491,25,30,20
9,2575,0.017255397123259658,0.34098029878474795,0.12211735700899819,0.5196469470829966,25,30,20
9,2576,0.01725529504810676,0.340980298784692,0.12211735358920155,0.5196470525780024,25,30,20
9,2577,0.01725490173450358,0.3409802987847079,0.12211729119018791,0.5196475082906035,25,30,20
9,2578,0.017250659901579268,0.32552300971545206,0.13757882208284605,0.5196475083001241,25,30,20
9,2579,0.01726101798276504,0.32551258344252426,0.13757889025440748,0.5196475083203047,25,30,20
9,2580,0.01724706857517703,0.32551258344234774,0.1375788774696634,0.5196614705128133,25,30,20
9,2581,0.017251058655561077,0.3255125834422401,0.13757875293564686,0.5196576049665534,25,30,20
9,2582,0.0475914921484638,0.32551258344053685,0.10723831859289575,0.5196576058181059,25,30,20
9,2583,0.047603445431439774,0.34096214791313373,0.0917768008373143,0.5196576058181123,25,30,20
9,2584,0.04810260568576111,0.3409623933966321,0.09127739339384108,0.5196576075237643,25,30,20
9,2585,0.05174625594967838,0.3409623984116728,0.08763314528117228,0.5196582003574753,25,30,20
9,2586,0.051752250293497115,0.34096239841169224,0.087633145702207,0.5196522055926025,25,30,20
9,2587,0.05175235924046093,0.3409623984117104,0.08763314649554253,0.5196520958522849,25,30,20
9,2588,0.038327673629645516,0.3409621377183575,0.1010580152228486,0.5196521734291533,25,30,20
9,2589,0.05875671200741646,0.3409621302245048,0.08062905200682063,0.5196521057612591,25,30,20
9,2590,0.061088409493453025,0.34096212546468024,0.07829794906488922,0.5196515159769752,25,30,20
9,2591,0.06109392074313382,0.3409570633163701,0.07829749996833174,0.5196515159721621,25,30,20
9,2592,0.06109998422020246,0.3409510018918,0.07829749793026478,0.5196515159577306,25,30,20
9,2593,0.06107335595652423,0.3597097726565666,0.05956535585771701,0.5196515155291899,25,30,20
9,2594,0.061071499941761705,0.35970977265567783,0.059565367695849164,0.5196533597067091,25,30,20
9,2595,0.061093140456699516,0.3597097726558169,0.05956534940320068,0.5196317374842812,25,30,20
9,2596,0.061109050913252264,0.3592814523764327,0.05997775895184617,0.5196317377584675,25,30,20
9,2597,0.061103092185888414,0.35928145237641645,0.059977679325789096,0.5196377761119048,25,30,20
9,2598,0.061563182969319195,0.3588206726973756,0.059978367371282024,0.5196377769620218,25,30,20
9,2599,0.061563284824680285,0.35882067269735807,0.059978368996458926,0.5196376734815018,25,30,20
9,2600,0.06156335476313309,0.35882067269739537,0.059978370378410834,0.5196376021610598,25,30,20
9,2601,0.061569337621673784,0.35882067269741336,0.059978339156321496,0.5196316505245906,25,30,20
9,2602,0.06157086914469673,0.3588206726972301,0.05997843978440555,0.5196300183736668,25,30,20
9,2603,0.061549328835340554,0.35882067269716317,0.05998012136688922,0.5196498771006062,25,30,20
9,2604,0.06155507526209998,0.35881531996345045,0.05997972766933558,0.519649877105113,25,30,20
9,2605,0.061557000297488826,0.3588153199635049,0.0599797349800399,0.5196479447589654,25,30,20
9,2606,0.0615812278500299,0.35881544208150923,0.05995534715924444,0.5196479829092153,25,30,20
9,2607,0.06157723555573605,0.3588193083460864,0.05995547317942582,0.519647982918751,25,30,20
9,2608,0.061583157442880516,0.3588193083463156,0.05995549123644594,0.5196420429743569,25,30,20
9,2609,0.06157906016774298,0.3588234078694683,0.05995548897448258,0.5196420429883051,25,30,20
9,2610,0.061573351235083,0.3588234078693278,0.059955473978379734,0.5196477669172085,25,30,20
9,2611,0.06157741787481605,0.358383415986782,0.060391399235294,0.519647766903107,25,30,20
9,2612,0.06157741782159055,0.3583828677175336,0.06039194756244421,0.5196477668984305,25,30,20
9,2613,0.06157742183862387,0.3583823160646859,0.060392495198332424,0.5196477668983568,25,30,20
9,2614,0.061583203192632184,0.3583823160646507,0.06039249261678643,0.5196419881259297,25,30,20
9,2615,0.06169289856775022,0.3582724807677509,0.060392632518821425,0.519641988145676,25,30,20
9,2616,0.061686802243523846,0.35827248076771556,0.06039263196824145,0.5196480850205176,25,30,20
9,2617,0.06168483701143608,0.3582745679955714,0.06039250998192532,0.5196480850110656,25,30,20
9,2618,0.06154188933836178,0.3589154258480921,0.05989460092728471,0.5196480838862597,25,30,20
9,2619,0.06154435944256262,0.3589154258482652,0.0600196999451339,0.5195205147640367,25,30,20
9,2620,0.06154832224522336,0.3589154258482101,0.06001969392177251,0.5195165579847925,25,30,20
9,2621,0.06154030059508669,0.35891542584821196,0.060022025397470674,0.5195222481592294,25,30,20
9,2622,0.0650266040335032,0.35891542822519457,0.056535715142250434,0.5195222525990505,25,30,20
9,2623,0.0650241338986948,0.35891542822502137,0.0564105001326468,0.5196499377436357,25,30,20
9,2624,0.06503208639441119,0.3589154282250918,0.05641058666159179,0.5196418987189039,25,30,20
9,2625,0.06502640697797102,0.3589154282250939,0.056417189217182445,0.5196409755797512,25,30,20
9,2626,0.06503429093741246,0.35891542822505634,0.056414855098782545,0.5196354257387472,25,30,20
9,2627,0.06503449729974818,0.35935102125252827,0.05597905570898537,0.519635425738737,25,30,20
9,2628,0.06502419881826932,0.3597737353671377,0.055566640359736574,0.5196354254548552,25,30,20
9,2629,0.06502016793994984,0.3597777590438663,0.05556664754703924,0.5196354254691434,25,30,20
9,2630,0.06502044956203792,0.3597777590439388,0.05556665283794348,0.5196351385560786,25,30,20
9,2631,0.06502206065573564,0.35977775904395287,0.05556005432013736,0.519640125980173,25,30,20
9,2632,0.0650163135230591,0.3597777590440047,0.05556006015277898,0.5196458672801567,25,30,20
9,2633,0.06498455676458019,0.3598095652020906,0.05556001079164621,0.519645867241683,25,30,20
9,2634,0.07632176105166802,0.3598103455745164,0.04421777053311977,0.5196501228406957,25,30,20
9,2635,0.07631739346701236,0.3598146503010436,0.044217833416108084,0.5196501228158353,25,30,20
9,2636,0.07631532372183396,0.35981465030112986,0.04421784364872768,0.5196521823283077,25,30,20
9,2637,0.0763110480721179,0.3598189151555546,0.044217854424983966,0.5196521823473428,25,30,20
9,2638,0.07630491729969222,0.359824633102383,0.04421826725074671,0.5196521823471775,25,30,20
9,2639,0.07630298518281992,0.3598265639686174,0.04421826852043407,0.519652182328128,25,30,20
9,2640,0.07619338262835672,0.3599364744195562,0.04421796064346586,0.5196521823086209,25,30,20
9,2641,0.081299376184406,0.35993557193468917,0.039117173670713476,0.5196478782101911,25,30,20
9,2642,0.08128553655317951,0.35993557193461856,0.039117169722909316,0.5196617217892924,25,30,20
9,2643,0.08127957992112318,0.3599355719346551,0.039117171484838516,0.5196676766593835,25,30,20
9,2644,0.08127354822019153,0.3599419813751355,0.03911679374539005,0.519667676659283,25,30,20
9,2645,0.0812678291930932,0.35994198137517036,0.039116796846769664,0.5196733925849669,25,30,20
9,2646,0.08126796750396995,0.3599419813751886,0.039116798080605183,0.5196732530402368,25,30,20
9,2647,0.0755690978125772,0.3599419814038072,0.04481536822396416,0.5196735525596521,25,30,20
9,2648,0.07556881778737455,0.35994198140375405,0.04481540476361195,0.5196737960452601,25,30,20
9,2649,0.0757242499854574,0.35994198140907413,0.04481604730836335,0.5195177212971054,25,30,20
9,2650,0.07574607288873915,0.3599129728993256,0.04482323289082081,0.5195177213211147,25,30,20
9,2651,0.0757399764313271,0.35991297289929064,0.044823232383226316,0.5195238182861563,25,30,20
9,2652,0.07574029081212309,0.3599126491444305,0.044823241718426915,0.51952381832502,25,30,20
9,2653,0.0754061667727992,0.3592717972973247,0.045798218160136434,0.5195238177697404,25,30,20
9,2654,0.07541026852677618,0.3592717972972737,0.045798211167991376,0.5195197230079593,25,30,20
9,2655,0.0754143276170871,0.3592679036376821,0.04579804575624062,0.5195197229889909,25,30,20
9,2656,0.07539610504145763,0.3592679037583949,0.04581626823182168,0.5195197229683263,25,30,20
9,2657,0.07541008236389023,0.3592679037585015,0.04581627482915656,0.519505739048452,25,30,20
9,2658,0.07542399258603606,0.35924660776847334,0.04582366056328805,0.5195057390822029,25,30,20
9,2659,0.07400780659137202,0.3592476449829391,0.04723639450556095,0.5195081539201278,25,30,20
9,2660,0.07400766393911896,0.35924764498288553,0.04723650640848419,0.5195081846695113,25,30,20
9,2661,0.0740076590195277,0.35924764499687184,0.04724654092980968,0.5194981550537906,25,30,20
9,2662,0.07401372461280901,0.35924764499687156,0.04724653785299866,0.519492092537321,25,30,20
9,2663,0.07401372837452909,0.35924764499687056,0.04724649732104633,0.5194921293075538,25,30,20
9,2664,0.07386065367962953,0.35924764499146605,0.04724592826216681,0.519645773066738,25,30,20
9,2665,0.07501824762745853,0.35924751166345703,0.046088466367482955,0.5196457743416016,25,30,20
9,2666,0.07501811754532518,0.35924751166343927,0.04608834931126925,0.5196460214799664,25,30,20
9,2667,0.07501997205586931,0.35924751166350843,0.04608835528261994,0.5196441609980025,25,30,20
9,2668,0.07501975845779169,0.35924751166343666,0.04608835099541861,0.5196443788833534,25,30,20
9,2669,0.07502564429160254,0.35924124994071677,0.046088726884244355,0.5196443788834366,25,30,20
9,2670,0.07502550138190539,0.3592412499406963,0.046087034598775584,0.5196462140786229,25,30,20
9,2671,0.07515295039731724,0.35924124994508416,0.04608732996971195,0.5195184696878868,25,30,20
9,2672,0.07515091827437016,0.35924382145560574,0.046086790558077996,0.5195184697119464,25,30,20
9,2673,0.07515691437710263,0.35924382145574774,0.04608679792199887,0.5195124662451511,25,30,20
9,2674,0.07515689040256242,0.3592436941474155,0.04608694920460113,0.5195124662454211,25,30,20
9,2675,0.07515690344827118,0.35924369414753576,0.04609140867093802,0.5195079937332552,25,30,20
9,2676,0.07515676575696562,0.3592436941475001,0.04609140604577752,0.5195081340497572,25,30,20
9,2677,0.07517081471599442,0.359243694147623,0.04609141389239329,0.5194940772439892,25,30,20
9,2678,0.07516485425837388,0.359249784276671,0.04609128421136459,0.5194940772535905,25,30,20
9,2679,0.07628664503667522,0.35924874457542044,0.044972954136726646,0.5194916562511783,25,30,20
9,2680,0.07629253995996926,0.3592487445754226,0.04498122015441954,0.519477495310189,25,30,20
9,2681,0.07629243473997951,0.3592487445754204,0.04498122028548316,0.5194776003991174,25,30,20
9,2682,0.0762938364836163,0.3592471712614019,0.044981391856469516,0.5194776003985129,25,30,20
9,2683,0.07629383719334251,0.35924697753868956,0.04498158486927678,0.5194776003986918,25,30,20
9,2684,0.07629968855206734,0.35924131059897796,0.04498140045536943,0.5194776003935858,25,30,20
9,2685,0.07629555138769994,0.3592413105990472,0.04498140953733729,0.5194817284759158,25,30,20
9,2686,0.08165727194660587,0.3592413109067646,0.03961991361678084,0.5194815035298491,25,30,20
9,2687,0.0816573612108907,0.35924131090653766,0.039615446352219655,0.5194858815303525,25,30,20
9,2688,0.08165332586910246,0.3592413109066066,0.03960718687560347,0.519498176348688,25,30,20
9,2689,0.08165921130286964,0.3592413109066068,0.03960718689139913,0.5194922908991249,25,30,20
9,2690,0.08165735814427164,0.35924131090655614,0.039607178226160764,0.5194941527230119,25,30,20
9,2691,0.08165735821892678,0.3592413109065553,0.03960717819087043,0.5194941526836481,25,30,20
9,2692,0.08165721680754448,0.35924131090653716,0.039607176883021074,0.5194942954028978,25,30,20
9,2693,0.08165940057225733,0.3592167409004037,0.03962956314840258,0.5194942953789369,25,30,20
9,2694,0.08166546388728126,0.35921068818177304,0.039629552552172,0.5194942953787741,25,30,20
9,2695,0.08050401903434233,0.3600158113582069,0.039985875507254104,0.5194942941001957,25,30,20
9,2696,0.08050192325122066,0.3600394632964477,0.039964319332780336,0.5194942941195505,25,30,20
9,2697,0.08048010101279282,0.36006901359949245,0.039956591287498185,0.5194942941002157,25,30,20
9,2698,0.08035428989396654,0.3600690135964553,0.03995624059183988,0.5196204559177378,25,30,20
9,2699,0.08034644536224736,0.36006901359506593,0.044612674354612,0.514971866688073,25,30,20
9,2700,0.08034055418227677,0.3600750636844419,0.044612515445628116,0.5149718666876517,25,30,20
9,2701,0.08033494656613638,0.36007331304401413,0.044619873702108334,0.5149718666877395,25,30,20
9,2702,0.08033687703965234,0.36007331304410223,0.04461987895817222,0.5149699309580719,25,30,20
9,2703,0.08067718129132562,0.36007331270703524,0.04427964935854474,0.514969856643093,25,30,20
9,2704,0.08068289285930115,0.3600753283105815,0.04427192218727774,0.5149698566428382,25,30,20
9,2705,0.08068481814816257,0.360075328311075,0.04427584803236091,0.5149640055084,25,30,20
9,2706,0.08021473416658079,0.3605146481586526,0.044306613002025735,0.514964004672738,25,30,20
9,2707,0.08021462752212567,0.36051464815861756,0.044306610434055795,0.5149641138851981,25,30,20
9,2708,0.08023070366345043,0.360514648158778,0.04430662403865217,0.5149480241391168,25,30,20
9,2709,0.08021675978670494,0.36051464815869033,0.04430661774824024,0.5149619743063616,25,30,20
9,2710,0.08021689988725964,0.3605146481447228,0.04429650212202297,0.5149719498459918,25,30,20
9,2711,0.08021689993542286,0.360514648144725,0.044296502324128316,0.5149719495957209,25,30,20
9,2712,0.08021892878524667,0.3605146481447782,0.04429651336264339,0.5149699097073289,25,30,20
9,2713,0.08021892419469029,0.3605146481447796,0.044303114931876,0.5149633127286521,25,30,20
9,2714,0.08022690984490556,0.3604752129967205,0.04433456442011673,0.5149633127382554,25,30,20
9,2715,0.08022906199764814,0.35967021929593734,0.045137405969214915,0.5149633127371982,25,30,20
9,2716,0.08022710058033576,0.35967021929584836,0.04513739953359916,0.5149652805902152,25,30,20
9,2717,0.08024351495037171,0.3596702192960125,0.04513741435039623,0.5149488514032182,25,30,20
9,2718,0.08024340752323689,0.3596702192959953,0.040480950665955244,0.5196054225148106,25,30,20
9,2719,0.08023129444661264,0.3409696490497805,0.059193633988951354,0.5196054225146536,25,30,20
9,2720,0.06895254736161976,0.3409696491142569,0.07047237008187317,0.5196054334422482,25,30,20
9,2721,0.06893048170683662,0.34096964911407956,0.07047235624490313,0.5196275129341789,25,30,20
9,2722,0.06893475367141304,0.33770235474694454,0.0737353786568231,0.5196275129248176,25,30,20
9,2723,0.06892879710223233,0.3377023547469482,0.07373541746794292,0.5196334306828754,25,30,20
9,2724,0.0689229410432333,0.3579975341897525,0.05344609405488256,0.5196334307121306,25,30,20
9,2725,0.06892115147233611,0.3579975341892759,0.05344228521667551,0.5196390291217118,25,30,20
9,2726,0.06891320061839148,0.35800604499328337,0.053441725305207056,0.5196390290831175,25,30,20
9,2727,0.06891516312909039,0.3580060449933707,0.05344184746650424,0.5196369444110338,25,30,20
9,2728,0.0689070741747201,0.3580060449932656,0.05344183902741272,0.5196450418046008,25,30,20
9,2729,0.05887145211847009,0.35800604479485865,0.06347747340960944,0.5196450296770609,25,30,20
9,2730,0.05887349093315093,0.3580349153523554,0.06344656405680885,0.5196450296576842,25,30,20
9,2731,0.058868021588403215,0.35803491535241444,0.06344224474511237,0.5196548183140695,25,30,20
9,2732,0.0588740144166256,0.3580349153524313,0.06344224502753842,0.5196488252034038,25,30,20
9,2733,0.05888001014101619,0.3580065379025948,0.06346462675239209,0.519648825203996,25,30,20
9,2734,0.05888796216231627,0.35800653790264575,0.06346463226140787,0.5196408676736293,25,30,20
9,2735,0.058879908016297,0.3580065379026302,0.06346463017302062,0.5196489239080517,25,30,20
9,2736,0.058884203981409734,0.35802447223791567,0.06344239931011371,0.5196489244705603,25,30,20
9,2737,0.0588981448107949,0.3580244722380032,0.06344240464147839,0.5196349783097233,25,30,20
9,2738,0.058892398349590015,0.35803022713938376,0.06344239619637335,0.5196349783146529,25,30,20
9,2739,0.05891067386004731,0.35803022713947846,0.0634446862016021,0.5196144127988727,25,30,20
9,2740,0.058898693655761704,0.35804959319085106,0.06343730036904821,0.5196144127843398,25,30,20
9,2741,0.04197720418149859,0.3580495939470929,0.08035878649923084,0.5196144153721787,25,30,20
9,2742,0.04196125322875302,0.35804959394696717,0.080358775564136,0.5196303772601449,25,30,20
9,2743,0.04196079044407736,0.35804959394692937,0.08035877174063495,0.5196308438683594,25,30,20
9,2744,0.041958763815844444,0.3580495939469038,0.08053927413973591,0.5194523680975167,25,30,20
9,2745,0.041972184707196686,0.3580495939468944,0.08053699949944035,0.5194412218464695,25,30,20
9,2746,0.04197194351988525,0.3563323322196292,0.08225450242354002,0.5194412218369453,25,30,20
9,2747,0.04196423594662732,0.35633233221956034,0.08225449747710661,0.5194489343567055,25,30,20
9,2748,0.04195996851569861,0.3563367656889272,0.08225433199182924,0.5194489338035446,25,30,20
9,2749,0.04194605520402837,0.3563367656888587,0.08225432652499297,0.5194628525821197,25,30,20
9,2750,0.03781015900126506,0.35633700256778733,0.08638986450154278,0.5194629739294045,25,30,20
9,2751,0.03780451588831907,0.3563370025677517,0.08638986188807435,0.5194686196558547,25,30,20
9,2752,0.03779876751065543,0.35633700256778683,0.08638994692641862,0.5194742829951389,25,30,20
9,2753,0.03780070031888223,0.35633700256789097,0.08638999344982551,0.5194723036634002,25,30,20
9,2754,0.03780641437634624,0.3580491200786771,0.08467216191091584,0.5194723036340602,25,30,20
9,2755,0.03780648527864438,0.35804904891341843,0.08467216218381964,0.5194723036241169,25,30,20
9,2756,0.03780476411400177,0.35804904891336675,0.08467211738998724,0.5194740695826436,25,30,20
9,2757,0.0022396504679348815,0.35805964640930926,0.12017567810135098,0.5195250250214056,25,30,20
9,2758,0.0022456411999778833,0.3580596464093271,0.12017567987395292,0.5195190325167425,25,30,20
9,2759,0.002245709452807972,0.3580593966750185,0.12017586134548403,0.5195190325266897,25,30,20
9,2760,0.0022515961008568648,0.35805939667501524,0.1201758226543243,0.5195131845698036,25,30,20
9,2761,0.002245601872680423,0.35806538148892814,0.12017583206850435,0.519513184569887,25,30,20
9,2762,0.002245684071115687,0.35804291374734604,0.12019821760648859,0.5195131845750496,25,30,20
9,2763,0.0022495571605648025,0.3580394101316621,0.12019784810529016,0.5195131846024834,25,30,20
9,2764,0.0022493732249944786,0.35806199593664056,0.12017544624104586,0.5195131845973195,25,30,20
9,2765,0.002269476284928316,0.3580194987900846,0.12019784031790147,0.519513184607086,25,30,20
9,2766,0.002265737607641899,0.3580232535071661,0.12019782430546647,0.519513184579726,25,30,20
9,2767,0.002377685853146235,0.3580232535073308,0.12019798216547097,0.5194010784740524,25,30,20
9,2768,0.002383436061025273,0.35802325350731257,0.12019786502174375,0.5193954454099188,25,30,20
9,2769,0.003323635987765149,0.3580232441880973,0.119257673838866,0.5193954459852718,25,30,20
9,2770,0.0033196227651412437,0.35802808936940006,0.11925684189955792,0.5193954459659011,25,30,20
9,2771,0.003319625206189663,0.3580276204149407,0.11925730841296733,0.5193954459659027,25,30,20
9,2772,0.0033256908131524647,0.35802155353785947,0.11925730968316842,0.51939544596582,25,30,20
9,2773,0.003760101782956981,0.3390446750648212,0.1377997619078872,0.519395461244335,25,30,20
9,2774,0.003759997928670628,0.33904422680211754,0.1378003140247072,0.5193954612445048,25,30,20
9,2775,0.003773940013579109,0.3407477763486942,0.13608282238386715,0.5193954612538593,25,30,20
9,2776,0.0037878518677441696,0.340747776348834,0.13608283002955052,0.5193815417538711,25,30,20
9,2777,0.003795804402429234,0.3407179097233756,0.13610474411106044,0.5193815417631346,25,30,20
9,2778,0.003791669289091718,0.3407111887041418,0.13611560022925726,0.519381541777509,25,30,20
9,2779,0.0037857833121496265,0.340711188704144,0.13611560249738497,0.5193874254863213,25,30,20
9,2780,0.00377971932624247,0.34071118870419737,0.13611570086926514,0.5193933911002946,25,30,20
9,2781,0.003779755941534253,0.34071118870456035,0.13624615480972999,0.519262900544175,25,30,20
9,2782,0.0037797933909007064,0.340711155862306,0.13624615020721562,0.5192629005395768,25,30,20
9,2783,0.0037856750143797735,0.34071115586230344,0.13624617691765384,0.5192569922056621,25,30,20
9,2784,0.0037873585531010756,0.3407111558619755,0.13611584232720672,0.5193856432577157,25,30,20
9,2785,0.003787466546737528,0.34071104073854785,0.13611584945239633,0.5193856432623175,25,30,20
9,2786,0.0037880953559602136,0.34070322469193465,0.13612303668902717,0.5193856432630772,25,30,20
9,2787,0.0037879228887009874,0.34070322469188047,0.13612293929210303,0.5193859131273146,25,30,20
9,2788,0.003782003620536093,0.3407032246918797,0.136122939161693,0.5193918325258905,25,30,20
9,2789,0.00334555712507736,0.35968258208164655,0.11758004352626303,0.5193918172670122,25,30,20
9,2790,0.0033451660550928453,0.3596829779788394,0.11758003868015164,0.5193918172859153,25,30,20
9,2791,0.003349301393711521,0.35968297797872373,0.1173995189238657,0.5195682017036986,25,30,20
9,2792,0.003576307732599403,0.35887148822460263,0.11798400172651556,0.519568202316282,25,30,20
9,2793,0.003576307828861002,0.358871488224567,0.1179840003047934,0.5195682036417781,25,30,20
9,2794,0.0035683908182073142,0.3588714882244625,0.11798399422199696,0.5195761267353326,25,30,20
9,2795,0.0035624320517882203,0.3588714882244448,0.1179839956875376,0.5195820840362287,25,30,20
9,2796,0.00355505034882213,0.35887148822453896,0.11807623017623275,0.5194972312504056,25,30,20
9,2797,0.0034410660669884,0.3588714882245165,0.11807608589553613,0.5196113598129579,25,30,20
9,2798,0.0034469888176161018,0.35886529931654093,0.11807635206725685,0.5196113597985849,25,30,20
9,2799,0.003945062421244964,0.358865313481475,0.11757826476255767,0.5196113593347212,25,30,20
9,2800,0.003939421218965518,0.35886531348156664,0.11757827256648615,0.5196169927329806,25,30,20
9,2801,0.003939560897221137,0.35886531348158507,0.11757824640629184,0.5196168792149009,25,30,20
9,2802,0.003945340971658124,0.3588653134815675,0.11757816263601394,0.5196111829107598,25,30,20
9,2803,0.003938783826722589,0.35886531348138706,0.11748592341880854,0.5197099792730812,25,30,20
9,2804,0.003938429368629248,0.3588653134813126,0.11748599837055465,0.5197102587795028,25,30,20
9,2805,0.003930478295807838,0.3588655441622391,0.11749371877136808,0.5197102587705844,25,30,20
9,2806,0.003928485719412712,0.35886554416218436,0.11749374086758371,0.5197122292508185,25,30,20
9,2807,0.003928696748331261,0.3588655441622195,0.11749373917387937,0.5197120199155693,25,30,20
9,2808,0.003912621799919178,0.3589040218915398,0.11747133641736433,0.5197120198911761,25,30,20
9,2809,0.003910832342913713,0.3589040218915255,0.11747121861065954,0.5197139271549004,25,30,20
9,2810,0.002968695537691776,0.35890377901841286,0.11841359885883616,0.5197139265850577,25,30,20
9,2811,0.0029746643254134845,0.35889743621479675,0.11841397286466232,0.5197139265951265,25,30,20
9,2812,0.002968703620253525,0.3589111127441963,0.11840625704085907,0.5197139265946904,25,30,20
9,2813,0.0029746604174888387,0.35890517361570173,0.11840623937220413,0.5197139265946046,25,30,20
9,2814,0.0029804817490048678,0.35890517361564794,0.1184062353945672,0.5197081092407793,25,30,20
9,2815,0.0029822686029310212,0.3589051736156846,0.1184063578549006,0.5197061999264831,25,30,20
9,2816,0.00298815642658654,0.358899287367367,0.11840635627922114,0.5197061999268243,25,30,20
9,2817,0.0029863336723433037,0.3589114134401968,0.1183960529605467,0.519706199926912,25,30,20
9,2818,0.002716863632519435,0.358914995096576,0.11871301845284865,0.5196551228180561,25,30,20
9,2819,0.0027306646268083715,0.3589149950966453,0.1187130232501209,0.5196413170264259,25,30,20
9,2820,0.0027307322557890657,0.35888403033147753,0.11874392040034774,0.5196413170123861,25,30,20
9,2821,0.0027266360929451496,0.3571711584208663,0.12046088845959148,0.519641317026598,25,30,20
9,2822,0.0027264976580062853,0.35715674246327317,0.12047544285229421,0.5196413170264274,25,30,20
9,2823,0.0027247139185123874,0.35715674246327234,0.12047543882023401,0.5196431047979823,25,30,20
9,2824,0.002724576124739161,0.35715674246325385,0.1204754373780807,0.5196432440339271,25,30,20
9,2825,0.0027306718618979025,0.3571567424632529,0.12047543534683015,0.5196371503280197,25,30,20
9,2826,0.002730777370346894,0.35715674246327117,0.1204754336264167,0.5196370465399653,25,30,20
9,2827,0.002726639512717627,0.3571567424633406,0.12047552206032637,0.5196410959636154,25,30,20
9,2828,0.0027207517592913923,0.3571567424633404,0.1204755220618817,0.5196469837154867,25,30,20
9,2829,0.002728813011598522,0.3571567424634167,0.12048011078348436,0.5196343337415006,25,30,20
9,2830,0.002867906514380554,0.3571567468882808,0.12034101173505128,0.5196343348622894,25,30,20
9,2831,0.0028760324398091684,0.3571567468883358,0.12034110111291123,0.5196261195589451,25,30,20
9,2832,0.0028763805825518457,0.3571567468883016,0.12034110060727182,0.5196257719218758,25,30,20
9,2833,0.002641423558336106,0.3579985176438944,0.11973428749323509,0.5196257713045356,25,30,20
9,2834,0.0026385032322847656,0.35807968065485246,0.11965604479756273,0.5196257713153015,25,30,20
9,2835,0.0026504514547373475,0.3597851533234834,0.117938623911502,0.5196257713102771,25,30,20
9,2836,0.002656376169400691,0.35981066922000915,0.11790718329094331,0.5196257713196465,25,30,20
9,2837,0.0026504146292229795,0.3598164954638569,0.11790731859195723,0.5196257713149626,25,30,20
9,2838,0.00264455033458001,0.35981649546374883,0.11790505616627733,0.5196338980353935,25,30,20
9,2839,0.0026464784605900443,0.35981649546385713,0.11790498255724238,0.5196320435183097,25,30,20
9,2840,0.0026463030856868274,0.35982440801862464,0.11789724539705143,0.5196320434986363,25,30,20
9,2841,0.002648161864253544,0.3598244080186456,0.11789718843325275,0.5196302416838471,25,30,20
9,2842,0.0031157079927854143,0.35982440802482557,0.11789295801673058,0.5191669259656572,25,30,20
9,2843,0.0031032960354831886,0.35982440802483806,0.11789292988479134,0.5191793660548862,25,30,20
9,2844,0.003097410668854692,0.35982440802483895,0.11789292851302419,0.5191852527932819,25,30,20
9,2845,0.0031014706132882776,0.3598244080247862,0.11789280790951785,0.5191813134524076,25,30,20
9,2846,0.0031055043519046433,0.35982440802471677,0.11789280195566633,0.5191772856677122,25,30,20
9,2847,0.0031054993848631625,0.3598244080246814,0.11789277196856139,0.5191773206218943,25,30,20
9,2848,0.00312167595145161,0.35977677663800345,0.11792422676430832,0.5191773206462371,25,30,20
9,2849,0.0031215335906725444,0.35977677663799845,0.11792416999660466,0.5191775197747248,25,30,20
9,2850,0.00310758506320878,0.3597901799778024,0.11792471519370665,0.5191775197652826,25,30,20
9,2851,0.003121154731193047,0.35979017997892476,0.11792471942336419,0.5191639458665189,25,30,20
9,2852,0.0035909808666352806,0.35979017998518065,0.11792739600936292,0.5186914431388221,25,30,20
9,2853,0.00359882596289591,0.35975992568113846,0.11794980520779336,0.5186914431481733,25,30,20
9,2854,0.0035850575864274327,0.35977350495575217,0.1179499942946551,0.5186914431631663,25,30,20
9,2855,0.0035712166170286195,0.359773504954593,0.11794998746503244,0.5187052909633469,25,30,20
9,2856,0.0030954012583232467,0.3597735049483022,0.11794731448574129,0.5191837793076343,25,30,20
9,2857,0.003077291122269231,0.35977350494831845,0.11794723123163176,0.5192019726977815,25,30,20
9,2858,0.003055200641704821,0.3598046484819374,0.11793817820249661,0.519201972673862,25,30,20
9,2859,0.0030612613436134177,0.3598046484819367,0.11793817289422438,0.5191959172802264,25,30,20
9,2860,0.0015861020776628992,0.35980463355652725,0.1194133502270135,0.5191959141387972,25,30,20
9,2861,0.0015860998705103891,0.3598046335565129,0.11941995578847538,0.5191893107845021,25,30,20
9,2862,0.001584601463169829,0.35980463355653547,0.1194200698388003,0.5191906951414951,25,30,20
9,2863,0.001590422200356906,0.3598214044852701,0.11939747819722397,0.5191906951171497,25,30,20
9,2864,0.0015922789122218431,0.35982140448534017,0.11939748424242042,0.5191888323600182,25,30,20
9,2865,0.0015904582217068748,0.35982140448527083,0.1193974805858316,0.5191906567071913,25,30,20
9,2866,0.001598411327544527,0.3598134418368554,0.1193974901189632,0.5191906567166378,25,30,20
9,2867,0.001594594446103387,0.3598134418367503,0.11939748266851771,0.5191944810486294,25,30,20
9,2868,0.0015886261800835072,0.35981979013025595,0.11939710265109948,0.5191944810385619,25,30,20
9,2869,0.0015950168939148951,0.35981346692316946,0.11939703513890752,0.5191944810440089,25,30,20
9,2870,0.0016009300960959658,0.3598134669231903,0.11939703655270115,0.5191885664280134,25,30,20
9,2871,0.0017341360015509966,0.3596803067044765,0.11939699027253567,0.5191885670214377,25,30,20
9,2872,0.0017281456553363468,0.35968030670449463,0.11939703272708763,0.5191945149130821,25,30,20
9,2873,0.0027434921911340627,0.3596803073429344,0.11838168360488673,0.5191945168610455,25,30,20
9,2874,0.0027431434220508166,0.3596803073429859,0.11838168630092255,0.5191948629340409,25,30,20
9,2875,0.010593105821094368,0.35966844320243146,0.11054325781091451,0.5191951931655597,25,30,20
9,2876,0.0106050139994028,0.35966844320239316,0.1105433707226623,0.519183172075542,25,30,20
9,2877,0.010611005057223477,0.359668443205533,0.11054349127840833,0.5191770604588354,25,30,20
9,2878,0.010611419391510621,0.35966844320562447,0.11054352080192748,0.5191766166009381,25,30,20
9,2879,0.0106113776678726,0.3596908660629888,0.11052113966853291,0.5191766166006062,25,30,20
9,2880,0.010606483555723299,0.3596847232493494,0.11053217659793468,0.5191766165969931,25,30,20
9,2881,0.010608273553444276,0.3596719082855835,0.11054320153969449,0.5191766166212782,25,30,20
9,2882,0.010614366466297029,0.35966594790591705,0.11054306900676768,0.5191766166210188,25,30,20
9,2883,0.010614363995626454,0.3596659479059158,0.11054306896802696,0.5191766191304308,25,30,20
9,2884,0.0027677154243947676,0.35959664946026615,0.11845921350137999,0.5191764216139589,25,30,20
9,2885,0.002775246374016965,0.3595966494602441,0.11845927236388075,0.519168831801858,25,30,20
9,2886,0.0027652620859747973,0.35959664946029696,0.11845916339175087,0.519178925061977,25,30,20
9,2887,0.0027614780580643514,0.35959664946022846,0.11845915459041446,0.5191827178912924,25,30,20
9,2888,0.0027535230387331928,0.3596046202225971,0.11845913885214436,0.5191827178865251,25,30,20
9,2889,0.0027538193758660733,0.35960462022267076,0.11846072407527629,0.5191808363261867,25,30,20
9,2890,0.002753683633005769,0.35959700603692873,0.11846847399920073,0.519180836330865,25,30,20
9,2891,0.0027537247794576034,0.3595745768845779,0.11849086200485562,0.5191808363311092,25,30,20
9,2892,0.0027718591243541964,0.35957457688976757,0.11849097874570204,0.5191625852401763,25,30,20
9,2893,0.0027733927107196805,0.3595745768897459,0.1184908683490014,0.5191611620505331,25,30,20
9,2894,0.002751194510925737,0.3595745768845902,0.11849075601061097,0.5191834725938731,25,30,20
9,2895,0.0027590054912466737,0.3595745768815019,0.11849067861027701,0.5191757390169746,25,30,20
9,2896,0.0027514366216897152,0.3595745768814343,0.11849067492039529,0.5191833115764809,25,30,20
9,2897,0.0027457966072803115,0.35957457688147093,0.11849067569836985,0.5191889508128787,25,30,20
9,2898,0.00273991320160579,0.3595882085394561,0.11848292744596461,0.5191889508129732,25,30,20
9,2899,0.0027379852893648876,0.359578759012604,0.11849430490465954,0.5191889507933715,25,30,20
9,2900,0.002744147303658212,0.3595946111992398,0.11847229070389526,0.5191889507932064,25,30,20
9,2901,0.0026050111645025387,0.35960902869092687,0.11859701048697663,0.5191889496575964,25,30,20
9,2902,0.002605144310876836,0.3596088970797458,0.11859700894703117,0.5191889496623486,25,30,20
9,2903,0.002628679849256513,0.35960889707995597,0.11859698508262405,0.519165437988166,25,30,20
9,2904,0.0026363842355938156,0.35960102857998855,0.11859714918214735,0.5191654380022728,25,30,20
9,2905,0.002642135017428778,0.3595952862786632,0.1185971407110718,0.5191654379928388,25,30,20
9,2906,0.0025171431623931444,0.35969831887094567,0.11861910057179496,0.5191654373948682,25,30,20
9,2907,0.0025215584629978273,0.35969831887085996,0.11861909644598734,0.5191610262201569,25,30,20
9,2908,0.0025254113830872576,0.35969831887098314,0.11861911020128928,0.5191571595446419,25,30,20
9,2909,0.002525413605383095,0.3596983188709972,0.11861258708345523,0.5191636804401656,25,30,20
9,2910,0.002511499247456247,0.35970505944313963,0.11861976088339748,0.519163680426008,25,30,20
9,2911,0.0020478753931445137,0.35970505943690223,0.11861932053939345,0.5196277446305614,25,30,20
9,2912,0.0020461435142024842,0.3597050594369069,0.11887380109834104,0.5193749959505514,25,30,20
9,2913,0.0020682400321761405,0.3597045479187073,0.11878609763846157,0.5194411144106562,25,30,20
9,2914,0.002092987154637624,0.35970454741469915,0.11876148374537994,0.5194409816852892,25,30,20
9,2915,0.0020988727367397316,0.35972050687832613,0.11873963870433943,0.5194409816806005,25,30,20
9,2916,0.0020989816848548614,0.35972055279967546,0.11873948383495524,0.5194409816805201,25,30,20
9,2917,0.002123318301438368,0.3597205527998533,0.1187395833466557,0.5194165455520574,25,30,20
9,2918,0.0021234582576769383,0.35972055279987425,0.11873950385818346,0.5194164850842696,25,30,20
9,2919,0.002129187951480173,0.3597205527998193,0.11873787789241945,0.5194123813562854,25,30,20
9,2920,0.0021354600749732056,0.3597205527998033,0.11873779955818353,0.5194061875670446,25,30,20
9,2921,0.0021057602949273403,0.35972055279973525,0.11873778827249769,0.5194358986328436,25,30,20
9,2922,0.0020919217977805687,0.3597205527996637,0.11873778210900764,0.5194497432935515,25,30,20
9,2923,0.008634991448789667,0.36038164938654893,0.11153261827151909,0.5194507408931418,25,30,20
9,2924,0.008879282575969235,0.36038164939101647,0.1115331592918447,0.5192059087411689,25,30,20
9,2925,0.008991344366778248,0.36026898279891595,0.11153376407795537,0.51920590875635,25,30,20
9,2926,0.009126300053358438,0.36026898280426395,0.11153426097326352,0.5190704561691137,25,30,20
9,2927,0.009131566094825037,0.3602432991073733,0.11155467862919295,0.5190704561686084,25,30,20
9,2928,0.009123478499676976,0.36024329910728264,0.11155466968017431,0.5190785527128657,25,30,20
9,2929,0.009109011781945283,0.36026929960988907,0.11154313588642455,0.5190785527217409,25,30,20
9,2930,0.009109488314368103,0.3602375044150922,0.11157445455291998,0.5190785527176196,25,30,20
9,2931,0.009117291020446757,0.3602375044150928,0.11157447875360946,0.5190707258108511,25,30,20
9,2932,0.009103172337516473,0.3602375044150762,0.11157439380585578,0.5190849294415515,25,30,20
9,2933,0.0025432568086195743,0.35957665639798586,0.11879615409387964,0.519083932699517,25,30,20
9,2934,0.002543256777617951,0.35957665639796893,0.11879623762411347,0.5190838492003015,25,30,20
9,2935,0.002543098510900796,0.35957665639791075,0.11854174762136155,0.5193384974698267,25,30,20
9,2936,0.002401797301313166,0.3595766563925615,0.11854128984763124,0.5194802564584937,25,30,20
9,2937,0.002407754726685195,0.3595766563925784,0.11854124659025134,0.5194743422904847,25,30,20
9,2938,0.002407893699551774,0.3595766563925965,0.1185412479165045,0.5194742019913469,25,30,20
9,2939,0.0024078942251558886,0.35957665639259806,0.11854124809793457,0.5194742012843114,25,30,20
9,2940,0.0024019543319078406,0.3596135207881313,0.11851032359577078,0.5194742012841903,25,30,20
9,2941,0.002399863092066806,0.35961352078804054,0.1185102923098429,0.5194763238100498,25,30,20
9,2942,0.0024017187739035013,0.3596135207880928,0.11851029917841766,0.5194744612595861,25,30,20
9,2943,0.002157287188402026,0.3596135207835718,0.11850975318232651,0.5197194388456998,25,30,20
9,2944,0.002153253213980068,0.35789945473787677,0.12022785319317966,0.5197194388549646,25,30,20
9,2945,0.00214712040798187,0.3579056021718553,0.12022783857498913,0.5197194388451747,25,30,20
9,2946,0.0021473992661339776,0.3579056021719655,0.12022784468647858,0.5197191538754228,25,30,20
9,2947,0.0021511833250460817,0.35790560217205075,0.12022777064878427,0.5197154438541196,25,30,20
9,2948,0.004187378404052286,0.357905353616046,0.11490971236729002,0.5229975556126117,25,30,20
9,2949,0.004183454582790981,0.3579053536159077,0.11490969983377143,0.5230014919675299,25,30,20
9,2950,0.004179316287153457,0.3579093380108986,0.11490985372498075,0.5230014919769671,25,30,20
9,2951,0.004199500098709931,0.3579093380109219,0.11491000244682882,0.5229811594435393,25,30,20
9,2952,0.0021558285715508533,0.35790958174252174,0.12023438111792109,0.5197002085680072,25,30,20
9,2953,0.002267307128211859,0.3579095817518501,0.12023466076845063,0.5195884503514884,25,30,20
9,2954,0.0022674423079337403,0.3579095817518686,0.12023466212833112,0.5195883138118681,25,30,20
9,2955,0.002261183230246909,0.3579469119104723,0.1202035910432898,0.5195883138159927,25,30,20
9,2956,0.0027367938202557695,0.3574713097404314,0.12020358203412003,0.5195883144051945,25,30,20
9,2957,0.00274303331009036,0.35746506811883044,0.1202035841658025,0.5195883144052784,25,30,20
9,2958,0.0027470646140991557,0.35746159256991233,0.12020302841998516,0.5195883143960051,25,30,20
9,2959,0.002748922025340063,0.35747044715495724,0.12019231642377806,0.5195883143959261,25,30,20
9,2960,0.0027530598214116175,0.35918440933489487,0.11847421645712329,0.5195883143865704,25,30,20
9,2961,0.0027530269924441147,0.35918419520413986,0.11847446341217148,0.5195883143912446,25,30,20
9,2962,0.002767101915025616,0.3591554459107838,0.11848913777341474,0.5195883144007762,25,30,20
9,2963,0.0027629354438241257,0.35915544591083565,0.11848914245386295,0.5195924761914774,25,30,20
9,2964,0.0027568069467638844,0.359155445910801,0.11848918131058656,0.5195985658318488,25,30,20
9,2965,0.0027629051866258315,0.3591554459108013,0.1184891813823439,0.519592467520229,25,30,20
9,2966,0.002753237244141511,0.3591415399536637,0.11851023333421554,0.5195949894679791,25,30,20
9,2967,0.0027591958906139718,0.3591415399536806,0.1185102325086478,0.5195890316470577,25,30,20
9,2968,0.0027590872480585033,0.3591415399536975,0.11851026117996204,0.519589111618282,25,30,20
9,2969,0.002753162666675954,0.35912498154382155,0.1185327441566792,0.5195891116328234,25,30,20
9,2970,0.0027496459833127006,0.3591249860040538,0.11846996660311043,0.5196554014095229,25,30,20
9,2971,0.002743655740176166,0.35912498600407056,0.11846996689357488,0.5196613913621781,25,30,20
9,2972,0.0027495476748214333,0.35742390237043914,0.12016515859115434,0.5196613913635898,25,30,20
9,2973,0.0028842106362119233,0.35742389800810637,0.12009913887473962,0.5195927524809474,25,30,20
9,2974,0.00289777086330683,0.35742389800813773,0.1200991690561821,0.5195791620723788,25,30,20
9,2975,0.0027857420602331075,0.357536524838085,0.12009857104899387,0.5195791620526937,25,30,20
9,2976,0.0027857109319693435,0.35753655819231617,0.12009856881843818,0.519579162057282,25,30,20
9,2977,0.0027914915113516005,0.35753655819218966,0.12009856210058201,0.5195733881958826,25,30,20
9,2978,0.0027899156456308357,0.3571074320054215,0.1205292641431988,0.519573388205754,25,30,20
9,2979,0.002790056122220386,0.35710743200549183,0.12052922786171402,0.5195732840105787,25,30,20
9,2980,0.002780047491821199,0.35710743200529227,0.12052921256530783,0.5195833079375834,25,30,20
9,2981,0.002780079873472844,0.35710743200531075,0.12053581551563541,0.5195766726055858,25,30,20
9,2982,0.0027961267641063393,0.3571074320054535,0.1205292262272228,0.5195672150032223,25,30,20
9,2983,0.0027917141911060956,0.3571074320055565,0.1205292328063591,0.5195716209969821,25,30,20
9,2984,0.0027858277416917443,0.3571074320055543,0.12052923262741944,0.5195775076253377,25,30,20
9,2985,0.0026522718388732164,0.3571074319961351,0.1205288444253929,0.5197114517396018,25,30,20
9,2986,0.002656300738396118,0.3571074319960483,0.12052883596690397,0.5197074312986545,25,30,20
9,2987,0.002656158820093257,0.3571074319960285,0.12052891700751774,0.519707492176363,25,30,20
9,2988,0.0026622540604376416,0.3571074319959579,0.12052895380028952,0.5197013601433176,25,30,20
9,2989,0.002664957415677883,0.3571071838681858,0.12059395006099821,0.5196339086551405,25,30,20
9,2990,0.0021956248045401274,0.35757687743401045,0.12059358969976122,0.5196339080616906,25,30,20
9,2991,0.0021915972041198868,0.35758402625386215,0.12059046850028116,0.5196339080417391,25,30,20
9,2992,0.002191597278851797,0.3575838355107437,0.12059065916415515,0.5196339080462518,25,30,20
9,2993,0.0021920535261327613,0.3575838355302626,0.12059439331500764,0.5196297176285993,25,30,20
9,2994,0.0021883143532581617,0.3575838355312822,0.120594566233594,0.5196332838818678,25,30,20
9,2995,0.00219380816684889,0.35757873444663957,0.1205941734954798,0.5196332838910337,25,30,20
9,2996,0.002231772639484229,0.35757873444697563,0.12059426928855364,0.5195952236249884,25,30,20
9,2997,0.003991652131820373,0.3558182114094399,0.12059491225989935,0.5195952241988423,25,30,20
9,2998,0.0039813075362264295,0.35581821140849046,0.12059477317412204,0.519605707881163,25,30,20
9,2999,0.0038341248056713117,0.3558182114004629,0.12074193647972249,0.5196057273141459,25,30,20
9,3000,0.0038420766164254027,0.3558182114005332,0.120748460262313,0.5195912517207311,25,30,20
9,3001,0.003839970809723994,0.35581821140169195,0.12074854746902214,0.5195932703195644,25,30,20
9,3002,0.0038315944237871883,0.35581821138205183,0.12074477848868012,0.5196054157054835,25,30,20
9,3003,0.003831308003646812,0.3558185122028141,0.12074476408849337,0.5196054157050485,25,30,20
9,3004,0.0038313037156975445,0.35581851220281285,0.12074476401125848,0.5196054200702338,25,30,20
9,3005,0.003831058305750552,0.35581851220282934,0.12074476462165558,0.519605664869767,25,30,20
9,3006,0.003836845017801115,0.35581851213471744,0.12073359178689413,0.5196110510605897,25,30,20
9,3007,0.0038426926595079218,0.3558185121349311,0.12073361288443946,0.519605182321124,25,30,20
9,3008,0.0038426723123501346,0.35584053918887454,0.12071160617752524,0.519605182321252,25,30,20
9,3009,0.00383885276013251,0.35584053918876885,0.12071159354903256,0.5196090145020679,25,30,20
9,3010,0.0038327575187201033,0.35584662458793326,0.12071160339127748,0.519609014502071,25,30,20
9,3011,0.003829016393653145,0.3558466245868098,0.12071147941542415,0.5196128796041145,25,30,20
9,3012,0.003829164908289663,0.35541053294298763,0.121147422549006,0.5196128795997175,25,30,20
9,3013,0.0038290913504250147,0.35712827457491697,0.11942975449064028,0.519612879584018,25,30,20
9,3014,0.003842646552286596,0.35712827457495033,0.1194297562693429,0.5195993226034205,25,30,20
9,3015,0.00384085977448682,0.3571282745749354,0.11942975331331417,0.5196011123372637,25,30,20
9,3016,0.003840824409585586,0.3571282745751301,0.11942974592985048,0.5196011550854339,25,30,20
9,3017,0.005489832900999524,0.35712827470655223,0.11778614265135501,0.5195957497410931,25,30,20
9,3018,0.005483877793495687,0.3571282747063213,0.1177861212491222,0.5196017262510607,25,30,20
9,3019,0.015340739133706838,0.3571282742730707,0.10792922619288517,0.5196017604003369,25,30,20
9,3020,0.015338671747448572,0.3571282742731743,0.10805870203276173,0.5194743519466148,25,30,20
9,3021,0.015324873301456798,0.3571282742731581,0.10805209977373215,0.5194947526516522,25,30,20
9,3022,0.015323574759456716,0.3571186866486034,0.10806298456145916,0.5194947540304804,25,30,20
9,3023,0.015323680268570353,0.35711868664862145,0.1080629849230178,0.51949464815979,25,30,20
9,3024,0.015315725491045288,0.3571186866483733,0.10806293826998159,0.5195026495905994,25,30,20
9,3025,0.015311135510741146,0.3571343557237586,0.10805186055814976,0.51950264820735,25,30,20
9,3026,0.015310749350200827,0.3575658431918156,0.10762075927487463,0.5195026481831087,25,30,20
9,3027,0.015303320678809311,0.357565843191749,0.10762075901702653,0.5195100771124151,25,30,20
9,3028,0.015317162488102755,0.3575658431918729,0.10762076890551386,0.51949622541451,25,30,20
9,3029,0.01533949957291111,0.3575432947887628,0.10762097826912628,0.5194962273691996,25,30,20
9,3030,0.015339494726123407,0.3575432947887277,0.10762097566594742,0.5194962348192013,25,30,20
9,3031,0.015353880946129326,0.35754329478985886,0.11377660063748615,0.5133262236265255,25,30,20
9,3032,0.015368075535075321,0.3575432947899298,0.1137766398484013,0.5133119898265932,25,30,20
9,3033,0.01536219598120607,0.3575177131895641,0.11380810099806192,0.513311989831168,25,30,20
9,3034,0.015380064349523333,0.3574998448192506,0.11380810100040677,0.513311989830819,25,30,20
9,3035,0.015380098791946661,0.3574998448192693,0.1138081023275307,0.5133119540612526,25,30,20
9,3036,0.015386125549132967,0.3562559623064883,0.1150459580638255,0.5133119540805527,25,30,20
9,3037,0.015371898965537674,0.3562559623064176,0.1150459198528085,0.5133262188752358,25,30,20
9,3038,0.016201814694655606,0.3566472300438899,0.11382473454988692,0.5133262207115705,25,30,20
9,3039,0.016335177645928484,0.3565132354235092,0.11382536535896891,0.5133262215715956,25,30,20
9,3040,0.0162254862761494,0.35662354895825715,0.11382474402529974,0.513326220740296,25,30,20
9,3041,0.016231479415550774,0.35662354895827464,0.11382474227535722,0.5133202293508197,25,30,20
9,3042,0.015404090521671117,0.3562251324024273,0.11505054955076745,0.5133202275251365,25,30,20
9,3043,0.02624947858823368,0.35622516815271266,0.10420515983544883,0.5133201934236066,25,30,20
9,3044,0.026241421333579856,0.35623307126262277,0.10420531398010857,0.5133201934236901,25,30,20
9,3045,0.026249515910364,0.3562330712626759,0.1042053218004208,0.5133120910265403,25,30,20
9,3046,0.02448557374463573,0.3579975976874888,0.10420473811534689,0.5133120904525289,25,30,20
9,3047,0.02448970789873048,0.3579936600413089,0.10420454161687409,0.5133120904430869,25,30,20
9,3048,0.024483787454657308,0.35799366004109834,0.1042045214735413,0.5133180310307032,25,30,20
9,3049,0.024477907893534784,0.3579936600411166,0.10420452160348524,0.5133239104618638,25,30,20
9,3050,0.02492822056866707,0.3579936600411401,0.10420466678251065,0.5128734526076827,25,30,20
9,3051,0.024930045176980303,0.3579936600411932,0.10420470487317124,0.5128715899086559,25,30,20
9,3052,0.02491007660225643,0.358013648208254,0.10420468529068333,0.512871589898807,25,30,20
9,3053,0.024445849198348156,0.35801364820809034,0.10420453101569699,0.5133359715778653,25,30,20
9,3054,0.02445366267043807,0.3580136482083563,0.10420455480831389,0.5133281343128925,25,30,20
9,3055,0.024453769933295816,0.3580131701201054,0.10420492564314104,0.5133281343034584,25,30,20
9,3056,0.024937515788583144,0.35752889405513466,0.10420545525424016,0.5133281349020427,25,30,20
9,3057,0.024944812064012126,0.3568803484185291,0.10484670456144224,0.5133281349560171,25,30,20
9,3058,0.02446699185924352,0.35735814153537043,0.10484673224334286,0.5133281343620438,25,30,20
9,3059,0.024459662199388502,0.3580072507963651,0.10420495269634815,0.5133281343078989,25,30,20
9,3060,0.024459617399174963,0.3580383634672135,0.10417388483036938,0.5133281343032428,25,30,20
9,3061,0.024475796411015625,0.3592596310040665,0.10293643826231062,0.513328134322608,25,30,20
9,3062,0.024481650335054853,0.359259631004049,0.10293643904760669,0.5133222796132906,25,30,20
9,3063,0.024477622788034427,0.359259631004119,0.10293644360305299,0.5133263026047943,25,30,20
9,3064,0.024461274592878154,0.3592596310029008,0.09678081242925785,0.5194982819749634,25,30,20
9,3065,0.02492469349713982,0.3592596310082374,0.0967812520944968,0.5190344234001264,25,30,20
9,3066,0.024932979366473554,0.35925093366987854,0.09678166354820578,0.5190344234154428,25,30,20
9,3067,0.02491101948357606,0.3592731099299293,0.09678144719510921,0.5190344233913862,25,30,20
9,3068,0.02492517803382109,0.3592484369618184,0.09679196160369825,0.519034423400663,25,30,20
9,3069,0.02492318667463938,0.3592484369617646,0.09666249249714642,0.5191658838664502,25,30,20
9,3070,0.024927220404751656,0.3592484369616951,0.09666248664305364,0.5191618559905001,25,30,20
9,3071,0.024926935606981684,0.3592594946781106,0.0966517137195774,0.5191618559953309,25,30,20
9,3072,0.024928896006678924,0.3592594946781798,0.09665183551699816,0.5191597737981438,25,30,20
9,3073,0.024464951906613498,0.35925949467285806,0.09665139042298687,0.5196241629975422,25,30,20
9,3074,0.024457068985172987,0.3592594946725552,0.09665136393757395,0.5196320724046986,25,30,20
9,3075,0.02447087481823761,0.3592594946725884,0.09665136825407641,0.5196182622550983,25,30,20
9,3076,0.0244707240069408,0.3596952002412213,0.09621581349250194,0.5196182622593368,25,30,20
9,3077,0.022815962813094944,0.359695200101781,0.09787057663107224,0.5196182604540511,25,30,20
9,3078,0.0227818877536958,0.3596952001015846,0.0978704457175399,0.5196524664271791,25,30,20
9,3079,0.022776035075626182,0.3596952001016027,0.09787044703363244,0.5196583177891381,25,30,20
9,3080,0.02278986224484258,0.3596952001016542,0.09787045287371411,0.5196444847797886,25,30,20
9,3081,0.022783870310160013,0.3596952001016354,0.09787045040593584,0.5196504791822685,25,30,20
9,3082,0.028565094733893206,0.35969520011776746,0.09787837008251737,0.5138613350658215,25,30,20
9,3083,0.04573186531661713,0.3596951771487912,0.0807104372737559,0.5138625202608348,25,30,20
9,3084,0.04572793725881331,0.35969517714711907,0.08071436534171678,0.5138625202523549,25,30,20
9,3085,0.045728007103042485,0.3596951771471348,0.08071436443137946,0.5138624513184472,25,30,20
9,3086,0.04572628817158938,0.35969517714711896,0.0807143602178371,0.513864174463458,25,30,20
9,3087,0.04572628835066715,0.3596641153628567,0.08074542182302542,0.5138641744634542,25,30,20
9,3088,0.04572639497174314,0.3596954567441044,0.0807139738253832,0.5138641744587729,25,30,20
9,3089,0.045716411804200066,0.35970556628343936,0.08071384744882291,0.5138641744635403,25,30,20
9,3090,0.045718618880561446,0.359705566283604,0.08071492277539172,0.5138608920604455,25,30,20
9,3091,0.04705118960483156,0.35970556628373507,0.08071450245307872,0.5125287416583574,25,30,20
9,3092,0.0487098328641199,0.3597055663498148,0.0790558428127718,0.5125287579732933,25,30,20
9,3093,0.042950408560079555,0.3597055663337877,0.0790479391329851,0.5182960859731477,25,30,20
9,3094,0.04295033878265737,0.3597055663337711,0.07904794404647539,0.5182961508370962,25,30,20
9,3095,0.04297224017471835,0.3597055663339108,0.07905265622880804,0.5182695372625625,25,30,20
9,3096,0.042971210427111065,0.3579891272746862,0.08077012472376849,0.5182695375744367,25,30,20
9,3097,0.0429711701595054,0.35798933154253165,0.0807699607237145,0.5182695375742512,25,30,20
9,3098,0.042971034852871084,0.3579893315425313,0.08076995872185,0.5182696748827493,25,30,20
9,3099,0.042976991084857016,0.3579893315425482,0.0807699558610026,0.5182637215115939,25,30,20
9,3100,0.0429607492632382,0.35800579423875717,0.08076973694110237,0.5182637195569044,25,30,20
9,3101,0.04295875764722552,0.3580057942387216,0.0807697338078694,0.5182657143061857,25,30,20
9,3102,0.042957929066872166,0.3597240970706965,0.0790522598727117,0.5182657139897195,25,30,20
9,3103,0.0429464257918766,0.35972409707077313,0.07905225620342299,0.518277220933927,25,30,20
9,3104,0.043201952915014726,0.3597242370700547,0.07879726106111061,0.5182765489538198,25,30,20
9,3105,0.043195996581089385,0.35972423707003776,0.07879726906630427,0.5182824972825684,25,30,20
9,3106,0.043159764110084334,0.35976015153874585,0.07879758710327774,0.5182824972478919,25,30,20
9,3107,0.04315380997557344,0.3597655457252784,0.07879814705116953,0.5182824972479786,25,30,20
9,3108,0.043153736527969375,0.35976581049239775,0.07879795574601217,0.5182824972336205,25,30,20
9,3109,0.04315804524707472,0.3597658104933824,0.07879795096496384,0.5182781932945788,25,30,20
9,3110,0.04314605692599941,0.3597658104933824,0.07879795092912689,0.5182901816514911,25,30,20
9,3111,0.043158037382484415,0.3597658104933999,0.07879795123112031,0.518278200892995,25,30,20
9,3112,0.04315232818601845,0.35977095585368524,0.07879851503298857,0.5182782009273075,25,30,20
9,3113,0.043154357554268996,0.3597709558537385,0.07879857104963316,0.5182761155423591,25,30,20
9,3114,0.04315449463307019,0.3597709558537748,0.07879857270408261,0.5182759768090726,25,30,20
9,3115,0.041825846426137486,0.3597709558535336,0.07879792272525535,0.5196052749950735,25,30,20
9,3116,0.04182787766998919,0.3597689400503228,0.07879790730374671,0.5196052749759412,25,30,20
9,3117,0.04182782885123936,0.35933297001587833,0.07923392615620507,0.5196052749766772,25,30,20
9,3118,0.04184163106222439,0.3593193284695987,0.07923376547705532,0.5196052749911216,25,30,20
9,3119,0.041843467315731984,0.3597534971018533,0.07879776058267211,0.5196052749997427,25,30,20
9,3120,0.041849942083148246,0.3597534971029097,0.07879783659174631,0.5195987242221958,25,30,20
9,3121,0.04184574260330393,0.35975349710269405,0.0787978237283251,0.5196029365656768,25,30,20
9,3122,0.041850019384262825,0.3597534971026252,0.07879770290914254,0.5195987806039696,25,30,20
9,3123,0.041865976744609956,0.3597370624762189,0.07879818015090585,0.5195987806282654,25,30,20
9,3124,0.04187407839896813,0.3597285596081236,0.07879858134509597,0.5195987806478124,25,30,20
9,3125,0.04187418044151336,0.35972855960810607,0.07879858239285606,0.5195986775575253,25,30,20
9,3126,0.04187978392208476,0.3597235101392291,0.07879802841079943,0.5195986775278877,25,30,20
9,3127,0.04189561479600666,0.35972351013940446,0.07879804111971725,0.5195828339448725,25,30,20
9,3128,0.041882238077224014,0.3597372792319246,0.07879764874575507,0.5195828339450972,25,30,20
9,3129,0.04189608627695332,0.35973727923197724,0.07879765657880317,0.519568977912267,25,30,20
9,3130,0.041889817111846514,0.3597372792308882,0.07879765240589179,0.5195752512513738,25,30,20
9,3131,0.04201739013139595,0.35960170639262523,0.07880565162515296,0.5195752518508246,25,30,20
9,3132,0.04188970951695868,0.3597372293546613,0.07879780987726046,0.5195752512511183,25,30,20
9,3133,0.04189008971142702,0.3597265380967362,0.07880812094014526,0.5195752512516902,25,30,20
9,3134,0.04187667328782502,0.35972653809677696,0.07918101473622192,0.5192157738791751,25,30,20
9,3135,0.04187656969675884,0.3597266397012163,0.07918101672769547,0.5192157738743282,25,30,20
9,3136,0.04188259444030232,0.35972663970119706,0.0788081236414809,0.5195826422170184,25,30,20
9,3137,0.04188259576566858,0.35972598215305046,0.07880877986424477,0.519582642217035,25,30,20
9,3138,0.042354782420731645,0.35972598215330115,0.0788089413749471,0.5191102940510188,25,30,20
9,3139,0.04249464492052552,0.35955433992925706,0.07884072051746292,0.5191102946327533,25,30,20
9,3140,0.042488795790443804,0.3591482735948496,0.07925263596195284,0.5191102946527528,25,30,20
9,3141,0.04248456436916308,0.3591482735936513,0.07925246526207941,0.5191146967751054,25,30,20
9,3142,0.04247822609869114,0.3591654669299787,0.07924161019671051,0.5191146967746186,25,30,20
9,3143,0.042471991304676854,0.35916546692997925,0.07924161128990966,0.5191209304754332,25,30,20
9,3144,0.042472098654448634,0.35916546692992574,0.07924160735516755,0.519120827060457,25,30,20
9,3145,0.042465657089651894,0.3591654669298335,0.07924168306022233,0.5191271929202913,25,30,20
9,3146,0.04245766766522684,0.359165466929763,0.07923705829247087,0.519139807112539,25,30,20
9,3147,0.04246387256242326,0.3591654669297305,0.07923706182749583,0.5191335986803501,25,30,20
9,3148,0.04244999643391406,0.3591654669296632,0.07923697633437655,0.5191475603020459,25,30,20
9,3149,0.04245196635019547,0.3591639558702561,0.07923651746279692,0.5191475603167511,25,30,20
9,3150,0.04247332621152001,0.3591783680898088,0.0792007453645966,0.5191475603340732,25,30,20
9,3151,0.042477697876005534,0.3591517937711377,0.07922294802317481,0.5191475603296806,25,30,20
9,3152,0.03678740317571692,0.3591516414725733,0.08474042269203245,0.519320532659676,25,30,20
9,3153,0.03679343033718515,0.3591456157710951,0.08474042121248809,0.5193205326792304,25,30,20
9,3154,0.036797466624480794,0.3591415855992535,0.08474041510654728,0.5193205326697174,25,30,20
9,3155,0.03679936360398319,0.3591415855993562,0.08474041969117088,0.5193186311054886,25,30,20
9,3156,0.036799269308536116,0.35914158559937476,0.08474204600721859,0.5193170990848696,25,30,20
9,3157,0.03679145684458294,0.3591415855993228,0.08474204128589256,0.5193249162702009,25,30,20
9,3158,0.03678340450333891,0.359141585599307,0.08474203920205255,0.519332970695301,25,30,20
9,3159,0.036783371356780205,0.3591415855993079,0.08474202892511108,0.5193330141188003,25,30,20
9,3160,0.03676526242770786,0.3591415855992895,0.08474202752296062,0.5193511244500421,25,30,20
9,3161,0.03675141294659822,0.3591415855992364,0.08474202295542643,0.5193649784987393,25,30,20
9,3162,0.03675151277286898,0.3591415855991824,0.08474201901911586,0.5193648826088331,25,30,20
9,3163,0.036617216967760075,0.359307394895835,0.08471050612388645,0.5193648820125188,25,30,20
9,3164,0.03661697643242475,0.3593073948958516,0.08471050537428558,0.5193651232974382,25,30,20
9,3165,0.0366230768083784,0.35971359048622104,0.08429820943255555,0.5193651232728451,25,30,20
9,3166,0.0035096678088000137,0.35971358978858603,0.11757104936810697,0.519205693034507,25,30,20
9,3167,0.00350941715203571,0.35969878719908616,0.11758610260978447,0.5192056930390937,25,30,20
9,3168,0.0035035299467035996,0.3597197293757104,0.1175710476384861,0.5192056930391,25,30,20
9,3169,0.0035253513117186218,0.35971972937585134,0.1175710563806374,0.5191838629317926,25,30,20
9,3170,0.0035212540987472254,0.35970142702502683,0.11759345595454866,0.5191838629216773,25,30,20
9,3171,0.0048608389888551455,0.35970142702928193,0.11759418974190819,0.5178435442399548,25,30,20
9,3172,0.004866934789618509,0.35970142702928093,0.117594187646628,0.5178374505344723,25,30,20
9,3173,0.004869108574442682,0.3597014270292327,0.11759585393866782,0.5178336104576566,25,30,20
9,3174,0.004863104557236314,0.3597014270292138,0.11759422612266411,0.5178412422908855,25,30,20
9,3175,0.004870917106217921,0.3597014270292647,0.11759423080082168,0.5178334250636953,25,30,20
9,3176,0.004877048421963595,0.35968734261108215,0.11760218390759801,0.5178334250593559,25,30,20
9,3177,0.0048710565680856474,0.3597009048149465,0.11759461355786811,0.5178334250590995,25,30,20
9,3178,0.004877046060095667,0.3597009048149627,0.11759461386863078,0.5178274352563105,25,30,20
9,3179,0.004870946257853457,0.3597293957551473,0.11757222273140666,0.5178274352555922,25,30,20
9,3180,0.003527325305416045,0.3597293957509445,0.11757149606880807,0.5191717828748312,25,30,20
9,3181,0.0035208748712668857,0.3597293957509059,0.11757148832828988,0.5191782410495365,25,30,20
9,3182,0.003527004100587146,0.3597293957509416,0.11757619229770018,0.5191674078507704,25,30,20
9,3183,0.003525143509431174,0.35972939575085433,0.11757618503738226,0.5191692757023315,25,30,20
9,3184,0.0035175602957313854,0.35971497605138764,0.1175981879493764,0.5191692757035044,25,30,20
9,3185,0.0035153862767697995,0.3597149760514178,0.11759652236310066,0.5191731153087116,25,30,20
9,3186,0.0035195241060267434,0.35971497605134856,0.11759651498466804,0.5191689848579564,25,30,20
9,3187,0.015201374059061062,0.3597154856046992,0.10587312878526339,0.5192100115509762,25,30,20
9,3188,0.015195522066013696,0.3597213468792318,0.10587311950811848,0.519210011546636,25,30,20
9,3189,0.015183544279453044,0.35972134687923346,0.10587323678265,0.5192218720586635,25,30,20
9,3190,0.015405804245411684,0.3597213468834366,0.1058803281188439,0.5189925207523076,25,30,20
9,3191,0.015405898368940994,0.3597213468838483,0.1058804266028217,0.5189923281443888,25,30,20
9,3192,0.015410030394996279,0.3597213468837595,0.10588030297351979,0.5189883197477242,25,30,20
9,3193,0.015416266202011655,0.3597213468837604,0.10588030403749762,0.5189820828767302,25,30,20
9,3194,0.015400271000070067,0.359737261414499,0.10588038471837555,0.5189820828670552,25,30,20
9,3195,0.015394221388477673,0.3597361437107051,0.10588755204789274,0.5189820828529242,25,30,20
9,3196,0.015390099857236706,0.35973614371036405,0.10588745986061956,0.5189862965717794,25,30,20
9,3197,0.015390100482456039,0.359736143710365,0.10588745994284811,0.5189862958643306,25,30,20
9,3198,0.015861571866327903,0.3597361437146844,0.10588783495389578,0.5185144494650915,25,30,20
9,3199,0.015855367554429952,0.3597361437146841,0.10588783496616974,0.5185206537647158,25,30,20
9,3200,0.015384037619722481,0.35973614371036455,0.10588749040997261,0.5189923282599399,25,30,20
9,3201,0.015507118630950213,0.35972173758223525,0.10577878440118021,0.5189923593856339,25,30,20
9,3202,0.01550119747361421,0.359721737582326,0.10577878450427221,0.5189982804397872,25,30,20
9,3203,0.015495167015701108,0.3597217375823275,0.10577878737988908,0.5190043080220821,25,30,20
9,3204,0.00404368054238742,0.3597212280290536,0.11728586684373958,0.5189492245848192,25,30,20
9,3205,0.004060329214636943,0.35972122802905965,0.11728126101385722,0.5189371817424461,25,30,20
9,3206,0.004060575823816898,0.35972122802902673,0.11728126163696131,0.518936934510195,25,30,20
9,3207,0.004054579640933674,0.3597163736745695,0.1172921121743933,0.5189369345101036,25,30,20
9,3208,0.004076398883512447,0.3597163736746942,0.11729204210835664,0.5189151853334366,25,30,20
9,3209,0.0031669662746097744,0.3597163736685713,0.1180733144967094,0.5190433455601094,25,30,20
9,3210,0.003633046017678029,0.35971637367373527,0.11807378316232985,0.518576797146257,25,30,20
9,3211,0.003174795859637326,0.35971637367357034,0.11807362856210825,0.5190352019046842,25,30,20
9,3212,0.0031744840652152954,0.35971637367348025,0.11807359946773097,0.5190355427935736,25,30,20
9,3213,0.0031805155360512317,0.35971637367349824,0.1180735998333608,0.51902951095709,25,30,20
9,3214,0.003180655644360755,0.35971637367351694,0.11807360051296525,0.5190293701691573,25,30,20
9,3215,0.003188232312747181,0.35973119365717393,0.11805120387203726,0.5190293701580422,25,30,20
9,3216,0.003194260898378306,0.3597311936572672,0.11805136609747695,0.519023179346878,25,30,20
9,3217,0.0031854295411419715,0.35973119365738504,0.11805440661503708,0.5190289701864361,25,30,20
9,3218,0.0031854315662960242,0.35973119365729495,0.11805127502861935,0.51903209974779,25,30,20
9,3219,0.004520293695607363,0.3583957437173771,0.11805186280175485,0.5190320997852607,25,30,20
9,3220,0.004520260258456773,0.35839574371737565,0.11830347582890736,0.5187805201952601,25,30,20
9,3221,0.004526251176991994,0.35797749474261337,0.11871573388045445,0.5187805201999413,25,30,20
9,3222,0.004520257567811121,0.3579774947426656,0.11871573713020869,0.518786510559315,25,30,20
9,3223,0.004306221262711776,0.35797749473855345,0.11870865341896007,0.519007630579775,25,30,20
9,3224,0.004282206040246499,0.3579774947384463,0.11870864279114036,0.519031656430167,25,30,20
9,3225,0.00428221588101407,0.3579774873258692,0.11870864036260674,0.5190316564305103,25,30,20
9,3226,0.004275842703649748,0.35797748732586826,0.11870863830594507,0.5190380316645371,25,30,20
9,3227,0.004277667375074109,0.3579681812362054,0.11871611971006141,0.5190380316786591,25,30,20
9,3228,0.004265785950056564,0.3579681812361472,0.11871758102267699,0.5190484517911196,25,30,20
9,3229,0.004257797949407317,0.3579761599043038,0.11871759036451875,0.5190484517817703,25,30,20
9,3230,0.003793877220706951,0.3579761599013625,0.11871725822599286,0.5195127046519381,25,30,20
9,3231,0.003793879189604943,0.35794605274833957,0.11874736341036711,0.5195127046516888,25,30,20
9,3232,0.003795837494921172,0.3579460527484266,0.11874736966450326,0.519510740092149,25,30,20
9,3233,0.0021371615152203168,0.357946052682389,0.12040606201510362,0.5195107237872874,25,30,20
9,3234,0.002123318412345856,0.3579460526823368,0.12040605523971772,0.5195245736656002,25,30,20
9,3235,0.002127497914606626,0.3579637253858913,0.12038420303358097,0.5195245736659218,25,30,20
9,3236,0.0021273552489373647,0.357963725385767,0.12038419396162996,0.5195247254036665,25,30,20
9,3237,0.0021332748630409713,0.3579637253857857,0.12038419529000494,0.5195188044611689,25,30,20
9,3238,0.0021452528176344006,0.35793009465680214,0.1204058480644107,0.5195188044611533,25,30,20
9,3239,0.0022610913064781625,0.3579300946569818,0.12040602966875409,0.5194027843677863,25,30,20
9,3240,0.002271424607440743,0.35791955298868366,0.12040623800618855,0.5194027843976875,25,30,20
9,3241,0.0022673265202661002,0.35791955298882383,0.12040636389241621,0.5194067565984942,25,30,20
9,3242,0.0022892892957572077,0.3579195529889839,0.12040475548859148,0.5193864022266678,25,30,20
9,3243,0.002408660966486739,0.3579195529941909,0.1204052400751692,0.5192665459641528,25,30,20
9,3244,0.002408663316884897,0.35832026750975987,0.12000452321388655,0.5192665459594686,25,30,20
9,3245,0.0024166134958184555,0.3583124450125147,0.12000439551308215,0.5192665459785843,25,30,20
9,3246,0.0024183226039218224,0.358310179687232,0.12000495173068754,0.5192665459781584,25,30,20
9,3247,0.0024103707261636585,0.3583101796871803,0.12000494700295014,0.5192745025837062,25,30,20
9,3248,0.00241029783048189,0.35831017968716394,0.12000494782760822,0.5192745746547465,25,30,20
9,3249,0.00240244919319194,0.3582957679717711,0.12002720819924964,0.5192745746357879,25,30,20
9,3250,0.0024044443812565788,0.3583012423721854,0.12001973860108556,0.5192745746454731,25,30,20
9,3251,0.0024064782919517524,0.35770956243843544,0.12060938464342616,0.5192745746261873,25,30,20
9,3252,0.002420387402051522,0.3577095624385218,0.12060939134949926,0.519260658809928,25,30,20
9,3253,0.002424420581893817,0.3577095624384514,0.12060938493037082,0.5192566320492845,25,30,20
9,3254,0.002424304653499418,0.35770956243840923,0.12060950086888671,0.5192566320392047,25,30,20
9,3255,0.0010894643393237957,0.35905216942128504,0.12060173423798033,0.5192566320014097,25,30,20
9,3256,0.0010893250521558622,0.3590741528588138,0.12057989008795644,0.519256632001073,25,30,20
9,3257,0.0028163383827817714,0.3573671859834034,0.12055984304533168,0.5192566325884824,25,30,20
9,3258,0.00268142002830652,0.3573671859780554,0.12055934946956466,0.5193920445240726,25,30,20
9,3259,0.0026593547509984926,0.35736718597794903,0.12055938183398897,0.5194140774370628,25,30,20
9,3260,0.0026655648174631237,0.3573615279284357,0.1205588298166936,0.519414077437407,25,30,20
9,3261,0.0026612874644661748,0.3573652476601011,0.12055938742908605,0.519414077446346,25,30,20
9,3262,0.002665453739478481,0.35736163268601906,0.120558836137523,0.5194140774369788,25,30,20
9,3263,0.002665958551358489,0.35736163268627974,0.12055833130065849,0.5194140774617025,25,30,20
9,3264,0.0026598214665034293,0.35736163268631416,0.12055833115098746,0.5194202146961943,25,30,20
9,3265,0.0026596882424532076,0.35736163268629634,0.12055832792222716,0.5194203511490226,25,30,20
9,3266,0.0026518422860093644,0.35739187912989095,0.1205359274442597,0.5194203511398395,25,30,20
9,3267,0.002656042405843674,0.3573918854456846,0.12065818705833412,0.5192938850901399,25,30,20
9,3268,0.002540488257072549,0.357391885445505,0.1206581222770129,0.5194095040204119,25,30,20
9,3269,0.0025422045173323416,0.35739188544552186,0.12065812538621543,0.5194077846509328,25,30,20
9,3270,0.002542313285124205,0.3573918854455041,0.1206581266024163,0.5194076746669571,25,30,20
9,3271,0.0025343638345780317,0.35739188544543743,0.12065812079047611,0.5194156299295103,25,30,20
9,3272,0.0025991037947170085,0.3573918854516663,0.1205932422978794,0.519415768455739,25,30,20
9,3273,0.0026110805840930374,0.3573918854516123,0.1205931236782532,0.5194039102860427,25,30,20
9,3274,0.00261197224065845,0.35739213441886214,0.1205920132941633,0.5194038800463183,25,30,20
9,3275,0.002649190515887244,0.35739212810451804,0.12055646430437279,0.5194022170752253,25,30,20
9,3276,0.002643186449529855,0.357398675765831,0.12055592071917486,0.519402217065468,25,30,20
9,3277,0.002637089413904335,0.35740437650791074,0.12055631701237327,0.5194022170658148,25,30,20
9,3278,0.0026310956464446413,0.35744030087359246,0.12052638640947184,0.5194022170704935,25,30,20
9,3279,0.0029389003914646918,0.37533413534567567,0.10232477834838717,0.5194021859144751,25,30,20
9,3280,0.002952987357773944,0.37533413534567717,0.10232643850718787,0.5193864387893632,25,30,20
9,3281,0.002946871307078394,0.3753341353433139,0.10232628939818093,0.5193927039514287,25,30,20
9,3282,0.002945152829445273,0.37533413534327936,0.10232628766465235,0.5193944241626256,25,30,20
9,3283,0.0029313139077965945,0.3753341353431914,0.10232636163160218,0.5194081891174125,25,30,20
9,3284,0.002937317425699873,0.37533413534319426,0.1023263190880095,0.5194022281430991,25,30,20
9,3285,0.0029375903103107844,0.3753341353432493,0.10232632250696798,0.5194019518394745,25,30,20
9,3286,0.002953417189722465,0.37533413534340715,0.10232641584891694,0.5193860316179556,25,30,20
9,3287,0.002951491765101382,0.37533413534333965,0.10232641461451575,0.5193879582770452,25,30,20
9,3288,0.0029473247374172096,0.3753341353433738,0.10232641804734438,0.5193921218718659,25,30,20
9,3289,0.0029473568378043753,0.3753341353433888,0.10232641916749395,0.5193920886513146,25,30,20
9,3290,0.0029474974393736424,0.37533360078043393,0.10232681312896533,0.5193920886512288,25,30,20
9,3291,0.0029391505007870726,0.3753336007804842,0.10232504032932287,0.5194022083894076,25,30,20
9,3292,0.0029390357233522947,0.3753336007804833,0.10232503079286495,0.5194023327033015,25,30,20
9,3293,0.002945446225676741,0.37533360078046735,0.10232506640923324,0.5193958865846247,25,30,20
9,3294,0.002953395780639404,0.37591529675422464,0.10173542087109473,0.5193958865940427,25,30,20
9,3295,0.0029515465818639973,0.37591771030411864,0.1017348565244809,0.5193958865895376,25,30,20
9,3296,0.002945626956886006,0.37591771030410037,0.10173485521775509,0.5194018075212601,25,30,20
9,3297,0.0029438083023394716,0.37592003307069527,0.10173435110008397,0.5194018075268826,25,30,20
9,3298,0.002943841062005176,0.37592003307067806,0.10173435187049978,0.5194017739968182,25,30,20
9,3299,0.002943945167763083,0.37592003307069555,0.10173435159469316,0.5194016701668491,25,30,20
9,3300,0.0029435250258031172,0.3759200330706946,0.10173431579662803,0.5194021261068752,25,30,20
9,3301,0.002923558482126248,0.37592003307060706,0.1017342273172982,0.5194221811299693,25,30,20
9,3302,0.0029175353321882216,0.3759200330705702,0.10173422424694353,0.5194282073502989,25,30,20
9,3303,0.0029156803761056973,0.37592003307055266,0.10173422005289126,0.5194300665004512,25,30,20
9,3304,0.0029096893845240402,0.3759200330705177,0.101734219139211,0.5194360584057481,25,30,20
9,3305,0.0029094444406750756,0.37592003307048233,0.10173421753408744,0.519436304954756,25,30,20
9,3306,0.002909460337416668,0.37592003307048266,0.1017389191899805,0.519431587402121,25,30,20
9,3307,0.0029113525016727713,0.37592003307055494,0.10173892633362099,0.5194296880941521,25,30,20
9,3308,0.0029112482186395856,0.37592003307057126,0.10173892654608536,0.5194297921647046,25,30,20
9,3309,0.0029112814369538814,0.3759196370832846,0.1017392893100505,0.5194297921697119,25,30,20
9,3310,0.002911355069154316,0.3759196370833018,0.1014876756624129,0.5196813321851318,25,30,20
9,3311,0.002911358653894169,0.37591908119431855,0.1014882279662943,0.5196813321854938,25,30,20
9,3312,0.0029132832847248748,0.37591908119444395,0.10148831848690767,0.5196793170339243,25,30,20
9,3313,0.0029191696549507235,0.33702707868592846,0.14037443461551213,0.5196793170436088,25,30,20
9,3314,0.0025755259713910726,0.35909703897365186,0.11864811805322002,0.5196793170017376,25,30,20
9,3315,0.0025754217805064833,0.35909703897363465,0.11864823361421996,0.5196793056316396,25,30,20
9,3316,0.0034911262403549293,0.3590970389789882,0.11864437665247829,0.5187674581281793,25,30,20
9,3317,0.003493086282493589,0.35909703897898787,0.11864429716355301,0.5187655775749661,25,30,20
9,3318,0.0034795291703096478,0.35911041673909305,0.1186444765296522,0.5187655775609458,25,30,20
9,3319,0.0034988697907548643,0.35909165313022046,0.1186438995191712,0.5187655775598538,25,30,20
9,3320,0.003497019127977084,0.3590916531301673,0.11864389488018232,0.5187674328616736,25,30,20
9,3321,0.0035029047514513146,0.35909165313013136,0.11864385170024608,0.5187615904181717,25,30,20
9,3322,0.0035051813300911116,0.3590916531300609,0.11864384263903212,0.5187593229008162,25,30,20
9,3323,0.0035011473521933704,0.35909165313013097,0.11864384856753855,0.5187633509501376,25,30,20
9,3324,0.003499287767521521,0.3590916531300596,0.11864384147232722,0.5187652176300921,25,30,20
9,3325,0.0035078009364003225,0.3590916531301324,0.11864389299869979,0.5187566529347677,25,30,20
9,3326,0.0035077345856704286,0.35909165313009744,0.11864393050678362,0.5187566817774488,25,30,20
9,3327,0.0017886743025161205,0.3608130526375141,0.11864159186032693,0.5187566811996421,25,30,20
9,3328,0.0017902504726032425,0.3608116532621484,0.11864141505625553,0.5187566812089922,25,30,20
9,3329,0.0017862190688514993,0.3608116532621653,0.11864141783525785,0.5187607098337252,25,30,20
9,3330,0.0017862299886834184,0.3608194570930862,0.11863360367059965,0.5187607092476307,25,30,20
9,3331,0.001646323914161344,0.36081920582117255,0.11877376193190983,0.5187607083327568,25,30,20
9,3332,0.0017853505109656194,0.3606799624759342,0.11877397780636492,0.5187607092067354,25,30,20
9,3333,0.0017912376850428469,0.36067996247593315,0.11877393771817074,0.5187548621208533,25,30,20
9,3334,0.0017909623266978746,0.3606799624758787,0.11877393373723359,0.5187551414601899,25,30,20
9,3335,0.001811168221078725,0.3606799624780567,0.1187739989800713,0.5187348703207932,25,30,20
9,3336,0.0018038389015158252,0.3606554580466694,0.11880583274006307,0.5187348703117514,25,30,20
9,3337,0.0018097963216134687,0.3600464340614667,0.11940889930525439,0.5187348703116652,25,30,20
9,3338,0.0018032848361403883,0.3600623934345028,0.11939945141807934,0.5187348703112773,25,30,20
9,3339,0.001892744453090023,0.36006239350799335,0.1193101290541252,0.5187347329847952,25,30,20
9,3340,0.0018968094079788312,0.36006239350797775,0.11931175384771973,0.518729043236327,25,30,20
9,3341,0.0018967250812706974,0.36006302951507535,0.11931120217237895,0.5187290432312781,25,30,20
9,3342,0.0018927375786430805,0.3600630295151665,0.11931120835822923,0.5187330245479637,25,30,20
9,3343,0.0018908449040281627,0.36006438324013534,0.11931174731714306,0.5187330245386956,25,30,20
9,3344,0.0019069190861104117,0.3606512146353131,0.118708841720684,0.5187330245578938,25,30,20
9,3345,0.001911009614433824,0.36065121463522276,0.11870887409747452,0.5187289016528702,25,30,20
9,3346,0.0018888411878740065,0.36065121463295746,0.11870880256757482,0.5187511416115949,25,30,20
9,3347,0.0021110753529922756,0.36042893798648606,0.11870884447146209,0.5187511421890608,25,30,20
9,3348,0.0012015200638120962,0.3604289379811694,0.11870808497940834,0.5196614569756113,25,30,20
9,3349,0.0011718486273059824,0.36045862688128727,0.11870806754426427,0.5196614569471436,25,30,20
9,3350,0.0009339692493101121,0.36069710060537913,0.11870747379366099,0.519661456351651,25,30,20
9,3351,0.0009442562891088506,0.3606971011845993,0.118697184482012,0.5196614580442808,25,30,20
9,3352,0.0009496496186702348,0.3606971011846112,0.11869713300292678,0.5196561161937928,25,30,20
9,3353,0.000949754489949407,0.3606971011846278,0.11869701734076588,0.519656126984658,25,30,20
9,3354,0.0009558854649432858,0.36069097221169644,0.1186970153387057,0.5196561269846556,25,30,20
9,3355,0.0009780000037348865,0.3606909722117868,0.11869707784928542,0.519633949935194,25,30,20
9,3356,0.000977890231856819,0.36069097221176954,0.11869707614111848,0.5196340614152557,25,30,20
9,3357,0.0009718969327457699,0.3606909722117514,0.1186970762448806,0.5196400546106232,25,30,20
9,3358,0.0009799181047118826,0.36069097221180235,0.1186954519655818,0.519633657717905,25,30,20
9,3359,0.0009579442759257649,0.3606909722117308,0.1186953909162669,0.5196556925960775,25,30,20
9,3360,0.0009499923632817671,0.36069097221167795,0.11869538611613942,0.5196636493089019,25,30,20
9,3361,0.0009539492506237089,0.36069097221183627,0.11869539801146138,0.5196596805260797,25,30,20
9,3362,0.000960183470491915,0.3606909722118368,0.1186954004183224,0.5196534438993495,25,30,20
9,3363,0.0009747983557656921,0.36069097221194696,0.11869541008741495,0.5196388193448731,25,30,20
9,3364,0.0009747311131383467,0.3606915938065458,0.11869485573569494,0.5196388193446214,25,30,20
9,3365,0.0009829815093647678,0.359606144538471,0.11977205414244026,0.5196388198097247,25,30,20
9,3366,0.0009828734055270676,0.3596062517996366,0.11977205497593339,0.5196388198189037,25,30,20
9,3367,0.0008437391120866024,0.35974560307794334,0.11977183886513158,0.5196388189448397,25,30,20
9,3368,0.0008437384488231478,0.3597456030779425,0.11977180857059018,0.5196388499026453,25,30,20
9,3369,0.0008500925574681836,0.3597456030780911,0.11977182839994165,0.5196324759644999,25,30,20
9,3370,0.0008563032308076684,0.35973938045455384,0.11977184034511165,0.5196324759695279,25,30,20
9,3371,0.0008701114887066787,0.35798991653215706,0.12150749600459795,0.5196324759745405,25,30,20
9,3372,0.0013280048469876047,0.3579899225709092,0.12104959646358006,0.5196324761185253,25,30,20
9,3373,0.001327931713169419,0.35798992257093365,0.12104970501801054,0.5196324406978884,25,30,20
9,3374,0.0013276525509586946,0.35798992257089646,0.12104962187036905,0.5196328030077774,25,30,20
9,3375,0.0013296445974460957,0.357987582413058,0.12104996997279839,0.5196328030166988,25,30,20
9,3376,0.0013355007616926472,0.35798758241306883,0.12105654338077824,0.5196203734444615,25,30,20
9,3377,0.0013413523428365051,0.3579817300145481,0.12105654420776117,0.5196203734348555,25,30,20
9,3378,0.0013267393231880282,0.3579817300144393,0.12105653460197799,0.5196349960603961,25,30,20
9,3379,0.0011734271666705486,0.35798172993524946,0.12120984804502291,0.5196349948530614,25,30,20
9,3380,0.0011792787864065817,0.35798172993519617,0.1212098430780288,0.5196291482003726,25,30,20
9,3381,0.0011918129337696783,0.35796122547736614,0.12121781309349114,0.5196291484953766,25,30,20
9,3382,0.0011779749941704246,0.3579612254772961,0.12121780850288141,0.519642991025655,25,30,20
9,3383,0.0011781174092112298,0.35792962142299767,0.12124927014213434,0.5196429910256596,25,30,20
9,3384,0.0011741211407557705,0.3579296214231039,0.12125090071378469,0.5196453567223585,25,30,20
9,3385,0.0011721561473933043,0.3579296214229815,0.12124927098556373,0.5196489514440642,25,30,20
9,3386,0.0011798717899550307,0.35670637449971737,0.12246480225699269,0.5196489514533379,25,30,20
9,3387,0.0011736381764206017,0.35670637449971737,0.1224647998597721,0.5196551874640922,25,30,20
9,3388,0.0011677531320653386,0.3567126408216724,0.1224644185677898,0.5196551874784747,25,30,20
9,3389,0.0007018576329988588,0.3567126350843752,0.122930320422762,0.5196551868598677,25,30,20
9,3390,0.0006956802806984796,0.3567184314500586,0.12293070141080475,0.5196551868584404,25,30,20
9,3391,0.0007035278985092907,0.35671843145020005,0.12293542719905735,0.5196426134522356,25,30,20
9,3392,0.0007172262941098375,0.3549878318787173,0.12465232836859663,0.5196426134585783,25,30,20
9,3393,0.0007132647552331985,0.3549878318787895,0.1246458500825452,0.5196530532834338,25,30,20
9,3394,0.0007269649929349576,0.3549745192083613,0.12464546250099763,0.5196530532977076,25,30,20
9,3395,0.0008605051207631727,0.3549947077745865,0.12449173293773919,0.5196530541669129,25,30,20
9,3396,0.0010359959004577854,0.35499470777840275,0.12431624155739274,0.5196530547637511,25,30,20
9,3397,0.0010240156385582493,0.3549947077783501,0.12431152222128475,0.5196697543618107,25,30,20
9,3398,0.0010260502284110736,0.3549947077782101,0.12431159258455482,0.5196676494088277,25,30,20
9,3399,0.0010300808402847331,0.3549947077780671,0.1243113872914947,0.5196638240901571,25,30,20
9,3400,0.00102223279190565,0.3549948045194747,0.12431913861282785,0.5196638240757957,25,30,20
9,3401,0.0010221335261162928,0.3549948045194591,0.12431914045686175,0.5196639214975668,25,30,20
9,3402,0.0010119825133745,0.3549948046728099,0.1243292930087332,0.5196639198050866,25,30,20
9,3403,0.0010260606437106573,0.3549948046728983,0.12432933810681869,0.5196497965765761,25,30,20
9,3404,0.00102147590452926,0.35500736287949436,0.12432136492021631,0.5196497962957638,25,30,20
9,3405,0.0010213401079980924,0.35500736287949536,0.12432136256284093,0.5196499344496696,25,30,20
9,3406,0.007803433565023151,0.3550073654447939,0.11753924956068738,0.5196499514294992,25,30,20
9,3407,0.00779719228824211,0.3550073654446633,0.11753923010212083,0.5196562121649777,25,30,20
9,3408,0.007791025979476246,0.3543999076133217,0.11815285425634704,0.5196562121508586,25,30,20
9,3409,0.007785038071896125,0.3543999076133389,0.11815285656370189,0.5196621977510668,25,30,20
9,3410,0.007785039910701255,0.35439990761333845,0.11815293925798093,0.5196621132179833,25,30,20
9,3411,0.007791139005929042,0.35439990761333817,0.11815456309348978,0.5196543902872462,25,30,20
9,3412,0.007777227325835286,0.35614963361034085,0.11641874879119031,0.519654390272636,25,30,20
9,3413,0.0077713783758850755,0.3561496336104307,0.11641866925205947,0.5196603187616272,25,30,20
9,3414,0.008000001670416436,0.3561496964620489,0.11618998309988525,0.5196603187676513,25,30,20
9,3415,0.008007816487600794,0.3561496964620645,0.11618994622296994,0.5196525408273666,25,30,20
9,3416,0.008041346361007532,0.3549457425873819,0.11736036923324837,0.5196525418183637,25,30,20
9,3417,0.008041346989593393,0.3549457425873822,0.11736036725993566,0.51965254316309,25,30,20
9,3418,0.008035630437717054,0.35494574258745415,0.11735874762627377,0.5196598793485561,25,30,20
9,3419,0.040010890537920354,0.35494574003475743,0.08538350193650489,0.5196598674908184,25,30,20
9,3420,0.039997089506730026,0.3549371398990749,0.0854059031031971,0.5196598674909992,25,30,20
9,3421,0.040018983041576944,0.35493713989923215,0.08540591436813999,0.5196379626910517,25,30,20
9,3422,0.040263212205041976,0.3549371399035933,0.08540647917172565,0.5193931687196401,25,30,20
9,3423,0.04024933712535311,0.3566675237787303,0.08368997039683004,0.5193931686990871,25,30,20
9,3424,0.040271459945188874,0.3560673874442567,0.08426798388671282,0.5193931687238418,25,30,20
9,3425,0.040237998428697894,0.3572402054422804,0.08312862839576146,0.5193931677332603,25,30,20
9,3426,0.04023004718457857,0.35724020544222845,0.08312873846371531,0.5194010089094777,25,30,20
9,3427,0.04022222613895485,0.3584855623307678,0.08189120262055091,0.5194010089097257,25,30,20
9,3428,0.04022236133281816,0.35848556233078654,0.08189123705190386,0.519400839284491,25,30,20
9,3429,0.04022843616190243,0.35848556233080375,0.08189571839533659,0.5193902831119568,25,30,20
9,3430,0.0399842063286481,0.35848556232642326,0.08189527312063266,0.5196349582242955,25,30,20
9,3431,0.03998435177926679,0.3590994426859872,0.08128124731052104,0.5196349582242241,25,30,20
9,3432,0.03998438467784174,0.3590994426859869,0.08128125176017395,0.519634920875997,25,30,20
9,3433,0.03974977236473732,0.3590993752373665,0.08151593152826912,0.5196349208696266,25,30,20
9,3434,0.03974403160222391,0.3590827134899495,0.08153833403760358,0.5196349208702222,25,30,20
9,3435,0.039618452220349584,0.35906252473027306,0.08168410302407172,0.5196349200253083,25,30,20
9,3436,0.03962433569970842,0.3590625247302728,0.08168414088775995,0.5196289986822612,25,30,20
9,3437,0.03962432655432677,0.3590625247302719,0.08168576498952125,0.5196273837258819,25,30,20
9,3438,0.03962450264532936,0.3590627526362588,0.08168536099269529,0.5196273837257178,25,30,20
9,3439,0.039624335688180364,0.35906275263623966,0.08168534782382286,0.5196275638517585,25,30,20
9,3440,0.039624288188455634,0.35906275263631005,0.08168314666699791,0.519629812508238,25,30,20
9,3441,0.03964045832983366,0.3590543177524313,0.08167541138941228,0.519629812528324,25,30,20
9,3442,0.03964420207845754,0.35905056423387177,0.08167542113079397,0.5196298125568777,25,30,20
9,3443,0.039644130975945324,0.3590505642338555,0.08180324923188959,0.5195020555583123,25,30,20
9,3444,0.04009407420688239,0.3590505642380827,0.08180364124036917,0.5190517203146684,25,30,20
9,3445,0.03963628948365406,0.3590505642337674,0.08180324636515172,0.5195098999174295,25,30,20
9,3446,0.039615986237764765,0.3596803269140827,0.08119378694128729,0.519509899906868,25,30,20
9,3447,0.039632068846777974,0.35968032691422563,0.08119542986664684,0.519492174372352,25,30,20
9,3448,0.039791918050207695,0.3596803269162706,0.08103558034519684,0.5194921746883255,25,30,20
9,3449,0.04009981639463422,0.3596803269186165,0.08072768172993003,0.5194921749568199,25,30,20
9,3450,0.04010570041568278,0.3596968426780681,0.0807052819634646,0.5194921749427849,25,30,20
9,3451,0.040119416807913394,0.35968310466298886,0.08070530357694602,0.5194921749521523,25,30,20
9,3452,0.04011363653768663,0.35965741156858305,0.08073677692754448,0.5194921749661864,25,30,20
9,3453,0.04010554200422585,0.3596574115685302,0.08073676773006577,0.5195002786971785,25,30,20
9,3454,0.040105542057538794,0.35965741156854825,0.08073664808925926,0.5195003982846539,25,30,20
9,3455,0.040109567144175816,0.3596533661141483,0.08073666844710013,0.5195003982945758,25,30,20
9,3456,0.03965396828568807,0.3596533661161696,0.08119226785834735,0.5195003977397965,25,30,20
9,3457,0.03966790969343161,0.3596533661162566,0.08119887436413238,0.5194798498261803,25,30,20
9,3458,0.03980506122304543,0.3596533661205926,0.0811991369160885,0.5193424357402738,25,30,20
9,3459,0.03980505893959929,0.35965336612059096,0.08119253802928612,0.519349036910524,25,30,20
9,3460,0.03980992673403352,0.3596533661206329,0.08119254174758204,0.519344165397752,25,30,20
9,3461,0.03980995604973606,0.3596533661206348,0.08119477996121219,0.5193418978684174,25,30,20
9,3462,0.039809944712179454,0.3596427669971149,0.08120539042740543,0.5193418978633008,25,30,20
9,3463,0.03980197818981714,0.35965055617327274,0.08120556778306615,0.5193418978538447,25,30,20
9,3464,0.03979597912457791,0.35965055617318475,0.0812032871870004,0.5193501775152375,25,30,20
9,3465,0.039796057004490897,0.3596505561732015,0.08107395217182545,0.5194794346504815,25,30,20
9,3466,0.03978036177040853,0.3596505561730433,0.08107231115762144,0.5194967708989263,25,30,20
9,3467,0.03977447297566661,0.35965663539447595,0.08107212073067396,0.519496770899183,25,30,20
9,3468,0.03976823289192526,0.3596566353945091,0.08107212211154159,0.5195030096020234,25,30,20
9,3469,0.03977414678701727,0.35965663539452747,0.08107200618239309,0.5194972116360617,25,30,20
9,3470,0.039768328816126755,0.35965663539456455,0.0810784956079557,0.5194965401813527,25,30,20
9,3471,0.039776422151048665,0.35965663539465326,0.0810832019364744,0.5194837405178234,25,30,20
9,3472,0.039762478199957825,0.3596566353945838,0.0810831678638632,0.5194977185415948,25,30,20
9,3473,0.03976234448616425,0.3596596584903767,0.08108027848210972,0.519497718541349,25,30,20
9,3474,0.03976072308519527,0.359659658490524,0.08107559221429157,0.5195040262099887,25,30,20
9,3475,0.03976671600335163,0.35965965849054243,0.0810757097352482,0.5194979157708572,25,30,20
9,3476,0.03978453417596805,0.359676961337533,0.081040588573298,0.5194979159132,25,30,20
9,3477,0.037577598285898614,0.3596769623941744,0.08240613167292068,0.5203393076470063,25,30,20
9,3478,0.03744826628016406,0.35967696238987157,0.08240578711657212,0.5204689842133922,25,30,20
9,3479,0.03743628085884593,0.35967696238989005,0.08240575804758347,0.5204809987036805,25,30,20
9,3480,0.03743621162661068,0.3596769623898538,0.08239915431109265,0.5204876716724427,25,30,20
9,3481,0.03744216521846204,0.3596769623898895,0.08239919547612246,0.5204816769155258,25,30,20
9,3482,0.037591266219766266,0.35952015926416786,0.08240689700180007,0.520481677514265,25,30,20
9,3483,0.037597469036461245,0.3595201592641684,0.08240689646010722,0.5204754752392624,25,30,20
9,3484,0.03758955185807546,0.35952015926411773,0.08240689181207171,0.520483397065735,25,30,20
9,3485,0.037593366745481346,0.35952015926416897,0.08240690111799623,0.5204795728723537,25,30,20
9,3486,0.03758744382431434,0.3595201592641708,0.08240695650125385,0.520485440410261,25,30,20
9,3487,0.03758979508571148,0.3595201592641925,0.08240697116850729,0.5204830744815887,25,30,20
9,3488,0.037567667168539674,0.35954230126497044,0.08240695709512712,0.5204830744713633,25,30,20
9,3489,0.03756788865648243,0.35954230126497144,0.08240703964232175,0.5204827704362252,25,30,20
9,3490,0.03755943420525818,0.35954230126791087,0.08240717291497691,0.5204910916118548,25,30,20
9,3491,0.03756360012000734,0.3595423012678595,0.08240717020730594,0.520486928404828,25,30,20
9,3492,0.037545696728882964,0.37756801282021407,0.06439936220325553,0.5204869282476473,25,30,20
9,3493,0.03754569674760635,0.37756801282021313,0.06439938794501142,0.520486902487169,25,30,20
9,3494,0.0375672410223953,0.3775680128202999,0.06439939611737891,0.5204653500399263,25,30,20
9,3495,0.03757717478868285,0.377568012817194,0.06439924869443915,0.5204555636996844,25,30,20
9,3496,0.0375772800116591,0.37756801281721086,0.06440394842712636,0.5204507587440037,25,30,20
9,3497,0.03757717703967872,0.37759957165703967,0.06437249255978633,0.520450758743495,25,30,20
9,3498,0.03757717312682281,0.3775995716570381,0.06437237725597261,0.5204508779601661,25,30,20
9,3499,0.03758320083793641,0.3775995716570196,0.06437231863474549,0.5204449088702983,25,30,20
9,3500,0.037579032284024684,0.37759957165703556,0.064367624873769,0.5204537711851706,25,30,20
9,3501,0.03758513634554812,0.37759957165700053,0.06436770579922733,0.5204475861982236,25,30,20
9,3502,0.0375851406297196,0.3775995716570882,0.06436543512410049,0.5204498525890913,25,30,20
9,3503,0.037587173476503775,0.37758980278209736,0.0643731711232944,0.5204498526181042,25,30,20
9,3504,0.03516526029581331,0.3775898661922046,0.06763459016105683,0.5196102833509251,25,30,20
9,3505,0.03516925468449459,0.37758986619240104,0.06763460229908184,0.5196062768240224,25,30,20
9,3506,0.03516925766909468,0.3775790074600432,0.06764545803739225,0.5196062768334696,25,30,20
9,3507,0.03501420206224767,0.37774215317675636,0.0676373685356102,0.5196062762253855,25,30,20
9,3508,0.035014196993516086,0.37774215317675697,0.06763728506526737,0.5196063647644593,25,30,20
9,3509,0.035022292090748,0.3777421531768105,0.0676372909129626,0.5195982638194787,25,30,20
9,3510,0.035036131742536024,0.37772831025765086,0.06763729417115645,0.5195982638286565,25,30,20
9,3511,0.04080640953364099,0.3777283106125378,0.06765757223053108,0.51380770762329,25,30,20
9,3512,0.04081098711181087,0.3388379089436973,0.10654339633503503,0.5138077076094562,25,30,20
9,3513,0.040810955228824726,0.33883790894366195,0.10654336896135613,0.5138077668661564,25,30,20
9,3514,0.04080513841896737,0.33883790894343263,0.10654335096893458,0.5138136016686646,25,30,20
9,3515,0.04079890359663201,0.33883790894343135,0.10654346435202272,0.5138197231079132,25,30,20
9,3516,0.04079876549234942,0.33883790894339505,0.10654346115025501,0.5138198644139997,25,30,20
9,3517,0.0408048936492792,0.33883178377376516,0.10654345816772949,0.5138198644092256,25,30,20
9,3518,0.0408127379385617,0.3388317837738527,0.10654346241762992,0.5138120158699551,25,30,20
9,3519,0.04081074017979894,0.3388409605348113,0.10653628344435111,0.513812015841038,25,30,20
9,3520,0.04082656920323763,0.3388328469972096,0.10652856791993305,0.5138120158796191,25,30,20
9,3521,0.040826535570280785,0.3388328469971203,0.10652856186884929,0.513812055563749,25,30,20
9,3522,0.04082580660544632,0.33883284699699223,0.10652855239647863,0.5138127940010823,25,30,20
9,3523,0.04082562032046843,0.3388328469972418,0.10652849298227957,0.5138130397000098,25,30,20
9,3524,0.040831609991465866,0.33883284699725963,0.106528495436857,0.5138070475744172,25,30,20
9,3525,0.04081780906668782,0.338832846997226,0.10662073573616937,0.5137286081999165,25,30,20
9,3526,0.04081213378392528,0.3388328469969939,0.10662071398388076,0.5137343052351998,25,30,20
9,3527,0.040803722793259986,0.3388328469969178,0.10662065681428066,0.5137427733955415,25,30,20
9,3528,0.04081153271559969,0.33883284699696775,0.10662066133097041,0.5137349589564619,25,30,20
9,3529,0.0408296973690621,0.3388328470021761,0.10662085997477407,0.5137165956539875,25,30,20
9,3530,0.04083750977469752,0.33880393142740395,0.10664196313913131,0.5137165956587669,25,30,20
9,3531,0.04085141710893177,0.3370736755716778,0.10835831165127913,0.5137165956681105,25,30,20
9,3532,0.04083744044644784,0.33707367557162554,0.10835834386452951,0.5137305401173964,25,30,20
9,3533,0.04081551500304357,0.337095226644813,0.10835871827323816,0.5137305400789045,25,30,20
9,3534,0.04094914750604902,0.337095226649185,0.10836377891925915,0.5135918469255059,25,30,20
9,3535,0.040949389178681316,0.33709518606253785,0.10836357782375704,0.5135918469350229,25,30,20
9,3536,0.040943256360677145,0.3370951860625542,0.10836357907504074,0.513597978501727,25,30,20
9,3537,0.04080366291528287,0.3370951860582341,0.10835854923898061,0.5137426017875014,25,30,20
9,3538,0.04126935179684723,0.3360099659300532,0.1089780798964998,0.5137426023765985,25,30,20
9,3539,0.041388713430174785,0.3360099659301785,0.10898483072287941,0.513616489916766,25,30,20
9,3540,0.04139470412952434,0.3360099659301964,0.10898483059892954,0.5136104993413485,25,30,20
9,3541,0.04138276037767543,0.33773862233105456,0.10726811794981667,0.513610499341453,25,30,20
9,3542,0.03560492002781332,0.3377386219760823,0.1072478365485396,0.5194086214475643,25,30,20
9,3543,0.0356049226688657,0.3377386219760842,0.10724772076968865,0.5194087345853609,25,30,20
9,3544,0.035596936870959835,0.33777843646729894,0.10721589209569386,0.5194087345660467,25,30,20
9,3545,0.03559865377394052,0.33609077293258793,0.1089018387324413,0.5194087345610293,25,30,20
9,3546,0.03559854784648285,0.3361132796088111,0.10887943796496277,0.5194087345797428,25,30,20
9,3547,0.03560446918483775,0.33610717446090776,0.10887962177480817,0.5194087345794458,25,30,20
9,3548,0.035604397747259174,0.33436617629733023,0.11062069137588006,0.5194087345795301,25,30,20
9,3549,0.03560453500223449,0.33436617629738136,0.11062224652643021,0.5194070421739533,25,30,20
9,3550,0.035606636754396924,0.33436617629727666,0.1106222369951858,0.5194049499531403,25,30,20
9,3551,0.03560674242641497,0.3343661762972593,0.11062220876063858,0.5194048725156868,25,30,20
9,3552,0.03560264527106785,0.33436617629729254,0.11062221341415557,0.5194089650174837,25,30,20
9,3553,0.03559448904836226,0.3562947631429958,0.08870178280078393,0.5194089650078575,25,30,20
9,3554,0.0356002361477508,0.35628920595733615,0.08870159289666044,0.5194089649982521,25,30,20
9,3555,0.035487006801033553,0.35628920595719404,0.08869480290750298,0.519528984334269,25,30,20
9,3556,0.03546894474386935,0.35628920595196845,0.08869460252357919,0.5195472467805822,25,30,20
9,3557,0.03546298693895959,0.35628920595200386,0.08869460623540522,0.5195532008736304,25,30,20
9,3558,0.035467696962391514,0.3562892059519544,0.08869480827542972,0.5195482888102233,25,30,20
9,3559,0.0354614223257773,0.3562892059519699,0.08869480712173956,0.5195545646005124,25,30,20
9,3560,0.03569038909562844,0.3562892060734437,0.08870013324624353,0.5193202715846834,25,30,20
9,3561,0.030049122760870274,0.35628914212664525,0.09434328602957175,0.5193184490829119,25,30,20
9,3562,0.030055221646643444,0.3562891421265917,0.09425104293777496,0.5194045932889892,25,30,20
9,3563,0.03004898339913617,0.3562891421265925,0.094251039573639,0.5194108349006316,25,30,20
9,3564,0.004841277996389514,0.3562912077187125,0.11945644560454854,0.5194110686803485,25,30,20
9,3565,0.004383804693300008,0.35629156920907706,0.11991355799624172,0.5194110681013809,25,30,20
9,3566,0.004383765973224128,0.3545741185251488,0.12163104741947056,0.5194110680821595,25,30,20
9,3567,0.004381870948164644,0.35457620629558995,0.12163085467894538,0.5194110680773028,25,30,20
9,3568,0.0041522268619876915,0.3545762061740961,0.12175045241895148,0.5195211145449674,25,30,20
9,3569,0.00415215540573094,0.35629376455678896,0.12003296549201138,0.5195211145454715,25,30,20
9,3570,0.004152294211911646,0.35629376455680706,0.12003296465142942,0.5195209765798543,25,30,20
9,3571,0.004140347308941558,0.3563057173367977,0.12003295877423704,0.5195209765800258,25,30,20
9,3572,0.004148330460734564,0.356297909307343,0.1200327836423488,0.5195209765895757,25,30,20
9,3573,0.004148299920908741,0.35629790930732524,0.12003278024558232,0.5195210105261858,25,30,20
9,3574,0.0041263713635120635,0.3562979093071661,0.12003276980768382,0.5195429495216395,25,30,20
9,3575,0.004134878224237804,0.35629790930731015,0.11990764949520011,0.5196595629732521,25,30,20
9,3576,0.004134807867939652,0.3562979852193354,0.1199076439440747,0.5196595629686503,25,30,20
9,3577,0.004136741470961177,0.3562954837893433,0.11990821172415903,0.5196595630155366,25,30,20
9,3578,0.004134819146178036,0.3562970332215714,0.1199085846359837,0.5196595629962659,25,30,20
9,3579,0.005412156291996073,0.35629683062074463,0.118610517169975,0.5196804959172833,25,30,20
9,3580,0.005412575162429278,0.35629640024068293,0.11861052865979435,0.5196804959370925,25,30,20
9,3581,0.0054126407922976405,0.35629640024075476,0.1186105339140353,0.5196804250529112,25,30,20
9,3582,0.005909223185285012,0.3562964002706919,0.11811395057069282,0.5196804259733317,25,30,20
9,3583,0.005915109468831542,0.3562964002706922,0.11811239817941727,0.5196760920810605,25,30,20
9,3584,0.005901136791011436,0.3562995167297363,0.11812325440769715,0.5196760920715568,25,30,20
9,3585,0.005888596299916977,0.3562995167296447,0.1181232473052892,0.519688639665151,25,30,20
9,3586,0.00589265956391408,0.35799048150690466,0.11642821926344689,0.5196886396657362,25,30,20
9,3587,0.005896686700730713,0.357987011776679,0.11642766190373958,0.5196886396188526,25,30,20
9,3588,0.005894725621450354,0.3579870117766086,0.11642765576873514,0.5196906068332078,25,30,20
9,3589,0.005895002962410151,0.3579867394957128,0.11642765070824834,0.51969060683363,25,30,20
9,3590,0.006160858646570797,0.3577059718657236,0.11644256150381573,0.5196906079838913,25,30,20
9,3591,0.006925941020361648,0.357705990043804,0.11567341569197165,0.5196946532438637,25,30,20
9,3592,0.011654401773799975,0.35773901974610145,0.11093277621897304,0.5196738022611267,25,30,20
9,3593,0.011648411346442747,0.3577390197461012,0.11093277629899014,0.5196797926084673,25,30,20
9,3594,0.011650268976144042,0.35773901974615313,0.11093278299967657,0.5196779282780275,25,30,20
9,3595,0.011656119953873443,0.35773901974613437,0.11093278153837786,0.5196720787616157,25,30,20
9,3596,0.010391723402974203,0.35773900154672233,0.11220124249159413,0.5196680325587107,25,30,20
9,3597,0.01038559654887536,0.3577390015467408,0.1122012438186955,0.5196741580856891,25,30,20
9,3598,0.010391587263505636,0.3577390015467571,0.11220124397686008,0.5196681672128775,25,30,20
9,3599,0.010391656312774857,0.35773900154670296,0.11220124245652531,0.519668099683997,25,30,20
9,3600,0.010389801165610993,0.35773900154665256,0.11220131627601625,0.5196698810117202,25,30,20
9,3601,0.03990729839792059,0.3577371091326134,0.08268593494192336,0.5196696575275457,25,30,20
9,3602,0.039921554498636345,0.3577337057846551,0.08267508217906448,0.5196696575376475,25,30,20
9,3603,0.03991563801473179,0.35948063920183104,0.08093406524587213,0.519669657537568,25,30,20
9,3604,0.039907825600418806,0.35948063920178036,0.0809340606758528,0.519677474521951,25,30,20
9,3605,0.039908045231417125,0.3594804255811925,0.0809340546656803,0.5196774745217131,25,30,20
9,3606,0.03991597024828866,0.3594947037051668,0.08091185152500044,0.5196774745215467,25,30,20
9,3607,0.039915964550496924,0.3594555047772567,0.08095105615096766,0.5196774745212813,25,30,20
9,3608,0.039650011647459654,0.35972861627277863,0.08094389872267166,0.5196774733570922,25,30,20
9,3609,0.03965785728314097,0.3597286162728659,0.08094398600489733,0.519669540439098,25,30,20
9,3610,0.03964390855909222,0.35974236848447944,0.08094418252701634,0.5196695404294143,25,30,20
9,3611,0.03964976374250038,0.3597423684844254,0.08094418363186313,0.5196636841412138,25,30,20
9,3612,0.039655764668887074,0.35974236848444296,0.08094426647435043,0.5196576003723218,25,30,20
9,3613,0.03964962884065117,0.35974236848445956,0.08094426263840865,0.5196637400364829,25,30,20
9,3614,0.0396358967095877,0.3597423684844477,0.08094417846543635,0.5196775563405305,25,30,20
9,3615,0.03964639354853912,0.35973178315883714,0.08094426665092441,0.5196775566417012,25,30,20
9,3616,0.03363183197584143,0.35969859456636577,0.0869920987601088,0.5196774746976864,25,30,20
9,3617,0.03365376011695184,0.35967704573572845,0.0869917194209128,0.5196774747264093,25,30,20
9,3618,0.03366771274486666,0.35967704573579795,0.08699172645434018,0.519663515064997,25,30,20
9,3619,0.033661855242247476,0.35969106199864603,0.0869835676996514,0.5196635150594568,25,30,20
9,3620,0.03366799057366686,0.35969106199862944,0.08698348710854589,0.5196574603191595,25,30,20
9,3621,0.03366791526877987,0.359659862382409,0.08701476202957449,0.5196574603192387,25,30,20
9,3622,0.03366967423760482,0.3596598623825279,0.08701477361667788,0.5196556897631911,25,30,20
9,3623,0.033655827635640276,0.3596598623824763,0.08701476483182366,0.5196695451500615,25,30,20
9,3624,0.033647456514366396,0.3596682453047267,0.08701475303610286,0.5196695451448057,25,30,20
9,3625,0.035944038697731114,0.35966807181336263,0.08471830447433701,0.519669585014571,25,30,20
9,3626,0.035944038757311995,0.3596680718133632,0.08471830742567589,0.5196695820036505,25,30,20
9,3627,0.03592821087100381,0.3596833612027335,0.08471884595125545,0.5196695819750089,25,30,20
9,3628,0.035928319362390375,0.359267944047369,0.08513415461522408,0.5196695819750182,25,30,20
9,3629,0.035928431826619846,0.35926794404735235,0.08513415583290886,0.5196694682931203,25,30,20
9,3630,0.0359284318931663,0.3592679440473536,0.08513427173609982,0.5196693523233817,25,30,20
9,3631,0.03593470462459979,0.359267944047337,0.08513427311077376,0.5196630782172909,25,30,20
9,3632,0.03593509062750023,0.35926794404732193,0.08513897499124827,0.5196579903339308,25,30,20
9,3633,0.03592926981932458,0.3592737703480124,0.08513896950334036,0.519657990329324,25,30,20
9,3634,0.03593405769416616,0.35924781159748403,0.08516014038805125,0.5196579903202998,25,30,20
9,3635,0.035919530001807545,0.3592624240094468,0.08516005596026367,0.519657990028483,25,30,20
9,3636,0.03616417384632738,0.3592821386309445,0.08489569688590677,0.5196579906368227,25,30,20
9,3637,0.036165994465847125,0.3592802998331599,0.08489571505482157,0.5196579906461727,25,30,20
9,3638,0.03616588833764439,0.35928029983307214,0.08489571167573745,0.5196581001535467,25,30,20
9,3639,0.03617187330424111,0.35928029983305243,0.0848957112903727,0.5196521155723345,25,30,20
9,3640,0.03617228128063048,0.35928029983310844,0.08489563490728845,0.5196517839789737,25,30,20
9,3641,0.036166145386383575,0.35928029983312443,0.08489571544560091,0.5196578393348922,25,30,20
9,3642,0.036190066352006,0.35928029983342574,0.08490044159775907,0.5196291922168108,25,30,20
9,3643,0.0361900663062128,0.35924885395145933,0.08493188752551907,0.5196291922168104,25,30,20
9,3644,0.03618407585279422,0.3592488539514766,0.08493188574429851,0.5196351844514324,25,30,20
9,3645,0.03595461067747848,0.3592295018193564,0.08518070308203346,0.5196351844211334,25,30,20
9,3646,0.036198824169526335,0.3592295018237684,0.08518130321691739,0.51939037078979,25,30,20
9,3647,0.036194866046556355,0.35922950182383756,0.08518119676689752,0.5193944353627107,25,30,20
9,3648,0.03618859841272184,0.35922950182385416,0.08517649647792988,0.5194054032854964,25,30,20
9,3649,0.036680007690493815,0.3592295018088989,0.08468508722152052,0.5194054032790894,25,30,20
9,3650,0.0366919839924179,0.35922950180877433,0.08468507766152483,0.5193934365372851,25,30,20
9,3651,0.03669786809950735,0.35922950180877466,0.08468507690501915,0.519387553186701,25,30,20
9,3652,0.036691489537573764,0.3592295018087728,0.08468515474099154,0.519393853912664,25,30,20
9,3653,0.03644713536926751,0.359229501804342,0.08468455177893619,0.5196388110474566,25,30,20
9,3654,0.03644117591530669,0.3592295018043241,0.0846845518223543,0.519644770458017,25,30,20
9,3655,0.03644513529435084,0.3592295018042562,0.08468682055112822,0.519638542350267,25,30,20
9,3656,0.03647308821670052,0.3574853203755349,0.08640304903813577,0.5196385423696346,25,30,20
9,3657,0.0367173540229279,0.3574853203798954,0.0864035846003693,0.5193937409968126,25,30,20
9,3658,0.03673126254861515,0.3574605474189018,0.08641444901680302,0.5193937410156849,25,30,20
9,3659,0.03671718340833813,0.35748548306889383,0.08640359252621378,0.5193937409965592,25,30,20
9,3660,0.036719036582729216,0.3574854830689458,0.0864037151106291,0.5193917652377007,25,30,20
9,3661,0.03671903170248927,0.3574854830689451,0.08640371358924673,0.519391771639323,25,30,20
9,3662,0.036719250142028176,0.3574854830803933,0.08640385972220663,0.519391407055376,25,30,20
9,3663,0.03671908821139976,0.35748548308032113,0.08641045692569033,0.519384971782592,25,30,20
9,3664,0.036711383927119125,0.357485483080252,0.0864104833514728,0.5193926496411595,25,30,20
9,3665,0.03670566739606702,0.35749174052737887,0.08640994243540004,0.5193926496411571,25,30,20
9,3666,0.036475241845919285,0.35749174052307053,0.086409411102,0.5196236065290131,25,30,20
9,3667,0.03647600690365597,0.35749137814172804,0.08640900898919371,0.519623605965425,25,30,20
9,3668,0.03648228274655118,0.3574913781417136,0.08640901146030404,0.519617327651434,25,30,20
9,3669,0.035991134448994135,0.3574913781416225,0.08690015975732486,0.5196173276520618,25,30,20
9,3670,0.03613048307528793,0.35749137814695525,0.08690060816124619,0.5194775306165141,25,30,20
9,3671,0.036136334623251457,0.35752473644970695,0.08686139831053774,0.5194775306165075,25,30,20
9,3672,0.03614228998166627,0.3579655528612882,0.08641462654055106,0.5194775306164979,25,30,20
9,3673,0.049535028825328,0.35796555753695414,0.07302183949210714,0.51947757414561,25,30,20
9,3674,0.04955761171208361,0.35793189165157535,0.07303292243152933,0.5194775742048112,25,30,20
9,3675,0.03615803258444536,0.35793188697878475,0.08643254974991663,0.5194775306868568,25,30,20
9,3676,0.036174033156481974,0.35793188698095996,0.08643261385554511,0.5194614660070165,25,30,20
9,3677,0.03616782062784448,0.3579318869695289,0.08643247004388435,0.5194678223587457,25,30,20
9,3678,0.036137803244918575,0.35793188696919304,0.08642774334555062,0.5195025664403405,25,30,20
9,3679,0.036133517411211895,0.3579318869692608,0.08642114878871,0.51951344683082,25,30,20
9,3680,0.03611093266694185,0.35793410468365944,0.08644151587778244,0.5195134467716188,25,30,20
9,3681,0.04059875388685444,0.35793410589869296,0.08195373266400693,0.5195134075504501,25,30,20
9,3682,0.040598755720137714,0.35793410589869323,0.08195373062295429,0.519513407758219,25,30,20
9,3683,0.04059433671914773,0.3579341058987606,0.08195373503382214,0.5195178223482739,25,30,20
9,3684,0.0406001901892973,0.3579282619087892,0.08195372555381533,0.5195178223481028,25,30,20
9,3685,0.04059608914862791,0.35793180262548263,0.0819542858682674,0.5195178223576269,25,30,20
9,3686,0.040595947742566925,0.35793194581136367,0.081954284088361,0.5195178223577132,25,30,20
9,3687,0.04060022368643445,0.3579319458112951,0.08195416231115012,0.5195136681911242,25,30,20
9,3688,0.040460879324435324,0.35793194580596277,0.08195371536392183,0.5196534595056841,25,30,20
9,3689,0.040455129749964396,0.35793194580597815,0.081951438492405,0.519661485951656,25,30,20
9,3690,0.04043142389274223,0.3579319458038793,0.08195137718236994,0.5196852531210122,25,30,20
9,3691,0.04043154742835008,0.3579319458039225,0.08195368186287157,0.5196828249048597,25,30,20
9,3692,0.04042530713673271,0.3579319458039219,0.08195365088299228,0.5196890961763565,25,30,20
9,3693,0.04042584229796244,0.35793194580399434,0.08195365321279853,0.5196885586852481,25,30,20
9,3694,0.04042987101944266,0.3579589797836696,0.08192259051639945,0.5196885586804914,25,30,20
9,3695,0.04042994451288491,0.3579589797836868,0.08192258972896994,0.5196884859744609,25,30,20
9,3696,0.04043747944556232,0.3579436978524505,0.0819303367379028,0.5196884859640863,25,30,20
9,3697,0.04043693101125224,0.3567275774955393,0.08314700552951734,0.5196884859636932,25,30,20
9,3698,0.04043696938821483,0.3567280877138822,0.08314645690950462,0.5196884859884005,25,30,20
9,3699,0.040429120683339155,0.3567431089833508,0.08313928435392715,0.519688485979385,25,30,20
9,3700,0.037258192286771505,0.3567431076646699,0.08630828578788968,0.5196904142606712,25,30,20
9,3701,0.03725795170866557,0.3575450811229291,0.0855065529032422,0.5196904142651653,25,30,20
9,3702,0.037258089876325194,0.3575450811229659,0.08550659256162146,0.5196902364390895,25,30,20
9,3703,0.03722827741344797,0.3592909405117387,0.08379054566453306,0.5196902364102817,25,30,20
9,3704,0.03722817235402477,0.35929094051170246,0.08379050615580522,0.519690380978469,25,30,20
9,3705,0.03722193590326483,0.359290940511703,0.08379050507417345,0.5196966185108599,25,30,20
9,3706,0.03724677006954208,0.3592573711329834,0.08379923999455269,0.5196966188029231,25,30,20
9,3707,0.03724253094990401,0.35925737113294626,0.08379932359375113,0.5197007743234,25,30,20
9,3708,0.03725636631806653,0.3592573711330163,0.08380592981129595,0.5196803327376228,25,30,20
9,3709,0.03725621035834842,0.3592470319526533,0.08381642495171567,0.519680332737283,25,30,20
9,3710,0.03726815171817967,0.35924703195263213,0.08381633888708848,0.5196684774421001,25,30,20
9,3711,0.037268147454239446,0.35924703195263186,0.08381633809498307,0.519668482498146,25,30,20
9,3712,0.0372603019376597,0.3592470319525439,0.08380973153180374,0.5196829345779929,25,30,20
9,3713,0.03726632856107538,0.3592722728675628,0.08377846398375716,0.519682934587605,25,30,20
9,3714,0.03726643869183261,0.3592722728675807,0.08377838185795651,0.5196829065826303,25,30,20
9,3715,0.03726653939272703,0.359708140007323,0.08334241402166022,0.5196829065782897,25,30,20
9,3716,0.03726607522198962,0.35970814000726575,0.08334241079499602,0.5196833739757486,25,30,20
9,3717,0.0372745528470231,0.3597081400074131,0.0833424451252507,0.5196748620203132,25,30,20
9,3718,0.03727452247564162,0.35970814000955476,0.08334245245993888,0.5196748850548648,25,30,20
9,3719,0.037274521894508666,0.35970814000955315,0.08334245240572136,0.5196748856902169,25,30,20
9,3720,0.03727473248827431,0.3597081400095881,0.0833424803364556,0.5196746471656819,25,30,20
9,3721,0.03727479607413456,0.3597081400074824,0.08334247609835234,0.5196745878200306,25,30,20
9,3722,0.03727476278358835,0.35970814000744644,0.08334247302562602,0.5196746241833391,25,30,20
9,3723,0.037288738207937,0.35970814000755186,0.08334248166433976,0.5196606401201714,25,30,20
9,3724,0.03730109660353954,0.3597081400074789,0.08334029070941222,0.5196504726795694,25,30,20
9,3725,0.03729664869369846,0.35970814000727963,0.08334024952804805,0.5196549617709738,25,30,20
9,3726,0.037296289816612885,0.3597081400073106,0.08334013579741209,0.5196554343786645,25,30,20
9,3727,0.03729629038943964,0.3597081400073112,0.08334013585836365,0.5196554337448855,25,30,20
9,3728,0.03731618281604745,0.3596658487900833,0.08336253466418199,0.5196554337296875,25,30,20
9,3729,0.03732193552064867,0.35966584879006613,0.08336253340219102,0.5196496822870945,25,30,20
9,3730,0.03732214375265033,0.35966569611263854,0.08336247785722914,0.5196496822774823,25,30,20
9,3731,0.03732802917726998,0.35966569611263943,0.08336259423704752,0.5196436804730435,25,30,20
9,3732,0.0373140830347594,0.35966569611260474,0.0833625867680574,0.519657634084579,25,30,20
9,3733,0.03826664261525832,0.35966569637715884,0.08241000994045983,0.5196576510671232,25,30,20
9,3734,0.03826078932649443,0.3596491285887717,0.08243243097855268,0.5196576511061816,25,30,20
9,3735,0.03826681532284848,0.359649128588808,0.08243243295553693,0.5196516231328071,25,30,20
9,3736,0.03826695661790256,0.35964898422813557,0.08243243602115187,0.5196516231328104,25,30,20
9,3737,0.038273117874769065,0.3596489842282082,0.08243244130597066,0.5196454565910529,25,30,20
9,3738,0.03825928300054822,0.3596489842281377,0.08256188584524043,0.5195298469260742,25,30,20
9,3739,0.03825928238749568,0.35964898422812014,0.0825619244948199,0.5195298088895649,25,30,20
9,3740,0.03826524209078718,0.35964898422808533,0.08256192300225253,0.5195238506788755,25,30,20
9,3741,0.03826528023660396,0.35964898422812375,0.08256192484485686,0.5195238106904155,25,30,20
9,3742,0.03824048697610394,0.35968290580292234,0.08255279682704474,0.5195238103939291,25,30,20
9,3743,0.0382484437787045,0.35968290580297363,0.08255283347141477,0.5195158169469076,25,30,20
9,3744,0.03848856843938744,0.35968290580729906,0.08255336582654454,0.5192751599267694,25,30,20
9,3745,0.03848844696019118,0.3596933335508944,0.08254305955762517,0.5192751599312898,25,30,20
9,3746,0.03849433725361253,0.35969333355089383,0.08254297708497298,0.5192693521105209,25,30,20
9,3747,0.03850036428143628,0.3596933335509867,0.08254298391872077,0.5192633182488565,25,30,20
9,3748,0.03897976905165037,0.3592131873568405,0.08254372449053272,0.5192633191009766,25,30,20
9,3749,0.0389736362796511,0.3592131873568035,0.08254372422700429,0.5192694521365414,25,30,20
9,3750,0.03897363462603844,0.35921298637723553,0.08254392686018917,0.5192694521365371,25,30,20
9,3751,0.038979518192185564,0.3592129863772356,0.08241447830729698,0.519393017123282,25,30,20
9,3752,0.03897338893677895,0.35921298637714516,0.08241674991165952,0.5193968747744165,25,30,20
9,3753,0.03898195396667063,0.3592129863771883,0.08241675844871901,0.5193883012074222,25,30,20
9,3754,0.03898787655746428,0.3592129863772049,0.08241675665956524,0.5193823804057657,25,30,20
9,3755,0.03899376363944268,0.35917583642296924,0.0824480195271431,0.5193823804104452,25,30,20
9,3756,0.038995722884792826,0.35917583642303746,0.08244802393785942,0.5193804167543106,25,30,20
9,3757,0.039003571629772346,0.35916855211010507,0.08244745949679935,0.519380416763323,25,30,20
9,3758,0.03898967132178592,0.3591685521100009,0.08244907751695982,0.5193926990512533,25,30,20
9,3759,0.03899833189764963,0.35916855211005694,0.08244919674118241,0.5193839192511109,25,30,20
9,3760,0.038998151283396926,0.3591685521100381,0.08244756983017852,0.5193857267763864,25,30,20
9,3761,0.03899816367205951,0.3591685473641407,0.08244756218739392,0.5193857267764058,25,30,20
9,3762,0.03899602663143979,0.35916854736424647,0.08244973631817952,0.5193856896861343,25,30,20
9,3763,0.039008007833398105,0.35916854736426396,0.0824497366109502,0.5193737081913878,25,30,20
9,3764,0.03876175470562707,0.3591685473599029,0.08244916272721904,0.519620535207251,25,30,20
9,3765,0.03876713358878891,0.35916854735992887,0.08244916014438632,0.5196151589068959,25,30,20
9,3766,0.03876727357133006,0.35916854735996684,0.08245147958174542,0.5196126994869577,25,30,20
9,3767,0.0387613851227915,0.35916854735996656,0.08245147956670323,0.519618587950539,25,30,20
9,3768,0.03876165955834724,0.35916854736002224,0.08245145368353259,0.5196183393980983,25,30,20
9,3769,0.038744297193393895,0.3583324901663458,0.08330487289721157,0.519618339743049,25,30,20
9,3770,0.03872875536112775,0.35833249005644596,0.0833204148585835,0.5196183397238425,25,30,20
9,3771,0.03872889374572991,0.3583414120470901,0.08331135447824436,0.5196183397289355,25,30,20
9,3772,0.03872903264591958,0.3583416646934138,0.08331096292680916,0.5196183397338577,25,30,20
9,3773,0.03919284113618787,0.3578998810620081,0.08328893748861184,0.5196183403131924,25,30,20
9,3774,0.03918910215828722,0.35789988106188564,0.08328667782111826,0.5196243389587091,25,30,20
9,3775,0.039181161728465835,0.35789988106181686,0.08328678778029382,0.5196321694294238,25,30,20
9,3776,0.03918900851866911,0.35789988106179826,0.0832867873292182,0.5196243230903147,25,30,20
9,3777,0.03918312307818095,0.35618786046506345,0.08500469337587446,0.5196243230808817,25,30,20
9,3778,0.03918304769094024,0.3561878604650468,0.08500469415822791,0.5196243976857853,25,30,20
9,3779,0.03964875378967523,0.35572113719756454,0.08500571073351142,0.519624398279249,25,30,20
9,3780,0.04303306019909822,0.35572113707756364,0.08162334819138155,0.5196224545319568,25,30,20
9,3781,0.0443717077498348,0.35609973277181894,0.07990610436110156,0.5196224551172448,25,30,20
9,3782,0.04435566887256021,0.356099732775963,0.07990772718378228,0.5196368711676945,25,30,20
9,3783,0.044355525935548853,0.35609947827827604,0.07990812461780189,0.519636871168373,25,30,20
9,3784,0.044346895661274255,0.356099478278255,0.07990797954035792,0.5196456465201128,25,30,20
9,3785,0.04434692936655182,0.3560994782782362,0.07990570711950933,0.5196478852357026,25,30,20
9,3786,0.04435525407386371,0.3560911934895274,0.07990566718128819,0.5196478852553206,25,30,20
9,3787,0.04527945694260912,0.35609119349395885,0.07999374027853802,0.5186356092848939,25,30,20
9,3788,0.04527559748447718,0.35609119349401314,0.07999374516636033,0.5186394638551491,25,30,20
9,3789,0.047035397903127635,0.3552064208390675,0.0791187171782282,0.5186394640795764,25,30,20
9,3790,0.04702682973801265,0.3552150856899531,0.07911862051207579,0.5186394640599583,25,30,20
9,3791,0.04704088175525351,0.35521508569002336,0.0791186279615369,0.5186254045931858,25,30,20
9,3792,0.04704074109206771,0.3552150856900396,0.079118627177409,0.5186255460404833,25,30,20
9,3793,0.047032786672032395,0.3552150856899874,0.07911862148361153,0.5186335061543683,25,30,20
9,3794,0.047037689174644626,0.35521508569690086,0.07911372010628111,0.518633505022173,25,30,20
9,3795,0.04703761905239048,0.3552375656477522,0.07909131031666111,0.5186335049831952,25,30,20
9,3796,0.046552117201412085,0.35572395462762335,0.07909042404022557,0.5186335041307375,25,30,20
9,3797,0.04640095298467421,0.3557239548245105,0.07924154772411299,0.5186335444667007,25,30,20
9,3798,0.04547681766943728,0.3557239548211493,0.07915347461290405,0.5196457528965077,25,30,20
9,3799,0.061874455431295904,0.35572395482452984,0.07915819938551602,0.5032433903586571,25,30,20
9,3800,0.06187828454323897,0.3557239548244398,0.07915819190859039,0.5032395687237298,25,30,20
9,3801,0.061872499559015734,0.3557239548202251,0.07915656154013648,0.5032469840806216,25,30,20
9,3802,0.061878630156194415,0.3556954192914261,0.07917896644251528,0.5032469841098631,25,30,20
9,3803,0.061878523201795134,0.35569541929144227,0.07917896654693637,0.5032470909598252,25,30,20
9,3804,0.0618848157272164,0.35569541929665244,0.0791790840302873,0.5032406809458428,25,30,20
9,3805,0.06187881509422759,0.3556954192966342,0.07917896780061509,0.5032467978085227,25,30,20
9,3806,0.06187285873756141,0.35569541929661724,0.0791789705965481,0.5032527513692727,25,30,20
9,3807,0.06189495327578154,0.3556731288716604,0.07917916645877324,0.5032527513937843,25,30,20
9,3808,0.06189291929318772,0.3556751481271857,0.07917918116177841,0.5032527514178478,25,30,20
9,3809,0.02454896550789638,0.3556751515028232,0.1165231691284069,0.5032527138608729,25,30,20
9,3810,0.024549032761822923,0.355675151502825,0.11652321327825038,0.5032526024571009,25,30,20
9,3811,0.0245492450970927,0.35567515150286133,0.11652321187491081,0.5032523915251343,25,30,20
9,3812,0.024543357683534266,0.35567515150282636,0.11652320929384062,0.5032582815197985,25,30,20
9,3813,0.024075578713788518,0.3561124883805966,0.11655365196041167,0.5032582809452029,25,30,20
9,3814,0.024208989575109273,0.3561124883879522,0.11655630999919164,0.5031222120377464,25,30,20
9,3815,0.024192820320238992,0.35612847165579176,0.11655649601098453,0.5031222120129843,25,30,20
9,3816,0.024188966714948735,0.35616378472179944,0.116525036564706,0.5031222119985455,25,30,20
9,3817,0.024189252785392076,0.35616378472188903,0.11652504216334295,0.5031219203293756,25,30,20
9,3818,0.024184013303866006,0.3561688577304438,0.11652520862606135,0.5031219203396285,25,30,20
9,3819,0.02418377204928337,0.3561688577305136,0.11652521371189772,0.503122156508305,25,30,20
9,3820,0.021843109830183418,0.35616885415083593,0.11886588233815684,0.5031221536808235,25,30,20
9,3821,0.02051082774427813,0.3574491885041191,0.11891783065527153,0.5031221530963306,25,30,20
9,3822,0.020510955426796373,0.3574382070791283,0.11892868437858438,0.5031221531154902,25,30,20
9,3823,0.020504456781910325,0.3574973109119151,0.11887607918696276,0.503122153119211,25,30,20
9,3824,0.020518959702712173,0.3574604162045275,0.1188984709775152,0.5031221531152444,25,30,20
9,3825,0.019570433285590706,0.35746041595284156,0.1198470133787042,0.5031221373828642,25,30,20
9,3826,0.019570219903102048,0.35746041595280553,0.11984701286657197,0.5031223512775211,25,30,20
9,3827,0.01955793098161006,0.35746041594757744,0.11984689497391912,0.5031347580968939,25,30,20
9,3828,0.019557596800895118,0.3574604346609573,0.11984721044101163,0.5031347580971393,25,30,20
9,3829,0.01955745479324124,0.3574604346609388,0.11984720762803987,0.5031349029177837,25,30,20
9,3830,0.019430355022677256,0.3574604346535854,0.1198492089263904,0.5032600013973504,25,30,20
9,3831,0.019417076863151556,0.35746043465364435,0.11984925086106475,0.5032732376221422,25,30,20
9,3832,0.019409116378186396,0.3574682750215052,0.11984937098736237,0.5032732376129476,25,30,20
9,3833,0.019410938735932585,0.3574682750214854,0.11984937046074248,0.5032714157818409,25,30,20
9,3834,0.01942477907789548,0.35746827502153766,0.11984937764512248,0.5032575682554458,25,30,20
9,3835,0.019424847484578813,0.3574682750215933,0.11984938307393717,0.5032574944198919,25,30,20
9,3836,0.01942480908741116,0.35746830600757645,0.11984939048937406,0.5032574944156394,25,30,20
9,3837,0.01943080751551551,0.3574683060066342,0.11984937511425761,0.5032515113635937,25,30,20
9,3838,0.019460580458436103,0.3574683060068085,0.11984707533804652,0.5032240381967101,25,30,20
9,3839,0.003056953248033145,0.3574683060034106,0.11984235075246173,0.5196323899960962,25,30,20
9,3840,0.0030570304503221768,0.35746830600342777,0.11984397191037331,0.5196306916358782,25,30,20
9,3841,0.003526941805754168,0.35746830601278584,0.1198443761178826,0.5191603760635789,25,30,20
9,3842,0.0030571775412016914,0.3579273871416603,0.11985505984190567,0.519160375475234,25,30,20
9,3843,0.003050874537563086,0.35795583723915875,0.1198329127339524,0.5191603754893275,25,30,20
9,3844,0.00304306789704863,0.3579558372401405,0.1198346994009953,0.5191663954618173,25,30,20
9,3845,0.0030490529770447724,0.3579558372401053,0.11983469684928667,0.519160412933565,25,30,20
9,3846,0.003062995360481518,0.35795583724021474,0.11983484879105218,0.5191463186082533,25,30,20
9,3847,0.003063024473384875,0.35795593662987896,0.1198347202884067,0.5191463186083313,25,30,20
9,3848,0.003065021339191267,0.3579559366299849,0.11983472744846754,0.5191443145823579,25,30,20
9,3849,0.00305913643636086,0.3579559366300207,0.11983473002550006,0.51915019690812,25,30,20
9,3850,0.0012948763733674027,0.35972099921110723,0.11983392809581614,0.5191501963197106,25,30,20
9,3851,0.0022045281815219905,0.35972099269196806,0.11892428222014262,0.519150196906369,25,30,20
9,3852,0.0021983975759177093,0.3597495282668023,0.11890187728015404,0.5191501968771272,25,30,20
9,3853,0.0021902349531934978,0.3597495282656959,0.12994794511215174,0.5081122916689593,25,30,20
9,3854,0.002196229006806948,0.3597431411558522,0.12994833816846396,0.508112291668877,25,30,20
9,3855,0.002190112673547191,0.3597605138069351,0.129937081865801,0.5081122916537173,25,30,20
9,3856,0.0014100564799405645,0.3608602317180326,0.12961741989428818,0.508112291907739,25,30,20
9,3857,0.001659134146632163,0.360155350021593,0.1300732233134469,0.5081122925183283,25,30,20
9,3858,0.0016590260197523316,0.3601558506143278,0.13007283084240867,0.5081122925235115,25,30,20
9,3859,0.001652891327657398,0.36015585061437705,0.1300681302068186,0.5081231278511471,25,30,20
9,3860,0.0016611627450307759,0.3601584654018963,0.1300572439972835,0.5081231278557895,25,30,20
9,3861,0.0016591673567550522,0.36016046967258075,0.1300572351295797,0.5081231278410835,25,30,20
9,3862,0.001659101477274167,0.36016046967252585,0.1300572297760986,0.5081231990741009,25,30,20
9,3863,0.0016648788881687402,0.36015493029048207,0.13005699175228502,0.5081231990690636,25,30,20
9,3864,0.002031010939322375,0.3601549303053164,0.1296908584464334,0.5081232003089311,25,30,20
9,3865,0.002487035638757554,0.3601549303096373,0.12969774955289493,0.5076602844987128,25,30,20
9,3866,0.002481048959740746,0.3601549303096263,0.12969775042688708,0.5076662703037484,25,30,20
9,3867,0.002480722499660645,0.36015493030949686,0.12969777365069546,0.5076665735401495,25,30,20
9,3868,0.0022383011786416495,0.3608531443353518,0.1292419815557703,0.5076665729302388,25,30,20
9,3869,0.0022304566422159415,0.3608610041793995,0.129241966257842,0.5076665729205451,25,30,20
9,3870,0.0022443639754273982,0.3608610041795042,0.1292419676032228,0.5076526642418474,25,30,20
9,3871,0.0022306633185338333,0.36086100417945216,0.11819409500252412,0.5187142374994894,25,30,20
9,3872,0.0017403803893259033,0.3608610042002134,0.11868437913923285,0.5187142362712274,25,30,20
9,3873,0.0017542138436878122,0.36081571668606993,0.1187158331941753,0.5187142362760664,25,30,20
9,3874,0.0017502213158548077,0.3608194254078467,0.11871611698134794,0.5187142362949497,25,30,20
9,3875,0.00174939622122737,0.3608202547769428,0.11871611271704698,0.5187142362847816,25,30,20
9,3876,0.0027869491807564054,0.3608202548448115,0.11767854398645128,0.518714251987981,25,30,20
9,3877,0.0032706573163587293,0.36033559602142856,0.11767949408948755,0.5187142525727253,25,30,20
9,3878,0.0032706211950621527,0.3603355960214486,0.1176794956043396,0.5187142871791498,25,30,20
9,3879,0.0032567842394644153,0.36033559602136045,0.11767948827041975,0.5187281314687557,25,30,20
9,3880,0.0032565393554312484,0.36033582981867435,0.11767949935714096,0.5187281314687539,25,30,20
9,3881,0.0032648825855990226,0.3603269290029201,0.1176800569331136,0.5187281314783672,25,30,20
9,3882,0.003278583873935678,0.36032692900304275,0.11768006679643034,0.5187144203265911,25,30,20
9,3883,0.0028068555212085694,0.3607990474249093,0.11767967730235114,0.5187144197515309,25,30,20
9,3884,0.002806433576442571,0.3607990474247987,0.1176796292886049,0.5187148897101536,25,30,20
9,3885,0.002798481409888273,0.36080755657269725,0.11767907232604376,0.5187148896913704,25,30,20
9,3886,0.0027925948552992024,0.360807556572697,0.11767903437462225,0.5187208141973815,25,30,20
9,3887,0.002798485131268227,0.36080755657269736,0.1176790324431877,0.5187149258528467,25,30,20
9,3888,0.0027924894649713978,0.36080755657267977,0.11767903263401161,0.5187209213283371,25,30,20
9,3889,0.0027909085041980253,0.360807556572648,0.1176857140967647,0.518715820826389,25,30,20
9,3890,0.00278891142773715,0.36080755657280905,0.11768572565135402,0.5187178063480992,25,30,20
9,3891,0.002788911363997343,0.3608075565728084,0.11768572517719292,0.5187178068860008,25,30,20
9,3892,0.0027889131826642766,0.3608075643007215,0.11768571563086797,0.5187178068857459,25,30,20
9,3893,0.002810816768335779,0.3607861921436906,0.11768518418318395,0.5187178069047891,25,30,20
9,3894,0.0028169492084488532,0.3607861921436741,0.11768518598918322,0.5187116726586936,25,30,20
9,3895,0.0028091334340230225,0.36078619214355107,0.11768520455302638,0.518719469869399,25,30,20
9,3896,0.002814739705266387,0.36078619214349567,0.11767851724184292,0.5187205509093945,25,30,20
9,3897,0.002820773593043314,0.3607861921434228,0.11767851841413711,0.5187145158493964,25,30,20
9,3898,0.002812965031100751,0.36082543959617863,0.1176470795328372,0.5187145158398828,25,30,20
9,3899,0.0028129304423655994,0.36080308798303196,0.11766946573480717,0.5187145158397947,25,30,20
9,3900,0.0028069400996473415,0.36083147050729325,0.11764707355326402,0.5187145158397949,25,30,20
9,3901,0.0028129663567460924,0.3608030606877165,0.11766945711609063,0.5187145158394467,25,30,20
9,3902,0.002343049340786309,0.3608030606783587,0.11766743092097758,0.5191864590598777,25,30,20
9,3903,0.0023430500436763453,0.36080306067835805,0.11766742945050462,0.5191864598274613,25,30,20
9,3904,0.0023451528679279536,0.36080306067817974,0.11766741558656758,0.519184370867325,25,30,20
9,3905,0.0023451547163622273,0.36080306067818,0.11766741601135909,0.5191843685940992,25,30,20
9,3906,0.0023390588817227102,0.36080306067818,0.1176674166835151,0.5191904637565827,25,30,20
9,3907,0.002324803031397181,0.3608174884129557,0.11766724480875432,0.5191904637468935,25,30,20
9,3908,0.0023327880838163876,0.3608174884129876,0.1176671062377982,0.5191826172653983,25,30,20
9,3909,0.0023321212425879067,0.3608175874592381,0.1176676739948565,0.5191826173033178,25,30,20
9,3910,0.0023319835551638027,0.3608175874592211,0.11766767266012972,0.5191827563254852,25,30,20
9,3911,0.002332236957360099,0.36081758745923864,0.11766767347102158,0.5191825021123795,25,30,20
9,3912,0.0023401951263721825,0.36080923317113134,0.11766806954208194,0.5191825021604146,25,30,20
9,3913,0.0023401935039689403,0.36080923317111663,0.11766807252982575,0.5191825007950888,25,30,20
9,3914,0.0012957958154270763,0.3608092330879798,0.11871248726688814,0.5191824838297049,25,30,20
9,3915,0.001301822556079709,0.36080923308803325,0.11871248950379436,0.5191764548520926,25,30,20
9,3916,0.0013078491441276413,0.36080923308806584,0.11871248777240119,0.5191704299954054,25,30,20
9,3917,0.0013017205226509676,0.36080923308803015,0.11871260211637087,0.5191764442729481,25,30,20
9,3918,0.0012976198096629526,0.3595977477381967,0.11992818816966298,0.5191764442824782,25,30,20
9,3919,0.0008277886157622026,0.35959774773384195,0.11992129337256928,0.519653170277827,25,30,20
9,3920,0.000825503995482364,0.35959774773400055,0.1199213016873043,0.519655446583213,25,30,20
9,3921,0.0008037255495850071,0.3595977477338615,0.119921289878156,0.5196772368383976,25,30,20
9,3922,0.0008078571580952512,0.35959374920815534,0.11992115681923558,0.5196772368145143,25,30,20
9,3923,0.0008064139226603151,0.3208700631220351,0.15864628614977772,0.5196772368055268,25,30,20
9,3924,0.0008105128892593745,0.32087006312192945,0.1586462785000454,0.5196731454887659,25,30,20
9,3925,0.0008105482706220818,0.3208706059503389,0.1586457003287933,0.5196731454502458,25,30,20
9,3926,0.000810546438782312,0.32087060595032135,0.15864569908617346,0.5196731485247228,25,30,20
9,3927,0.0008165372345754241,0.3208706059503383,0.15864561181847808,0.5196672449966081,25,30,20
9,3928,0.0008107189019454504,0.3208706059503761,0.15864558613530794,0.5196730890123704,25,30,20
9,3929,0.0008265485113632848,0.32087060595053346,0.15864787713931375,0.5196549683987896,25,30,20
9,3930,0.000848939884462572,0.3208706059527379,0.1586496018837259,0.5196308522790731,25,30,20
9,3931,0.0008728646158698488,0.32084666214856944,0.1586496209277618,0.5196308523077985,25,30,20
9,3932,0.000864905721779438,0.3208550224418552,0.15864921957200845,0.5196308522643567,25,30,20
9,3933,0.04074695999904447,0.32085502241044495,0.11876716532909228,0.5196308522614201,25,30,20
9,3934,0.04074703119333324,0.32085502241044467,0.11876728118270112,0.5196306652135227,25,30,20
9,3935,0.0407410081379492,0.32085502241042685,0.11876725284553945,0.5196367166060861,25,30,20
9,3936,0.040711198775331386,0.3208844475127457,0.11876763712987844,0.5196367165820461,25,30,20
9,3937,0.03342283921554681,0.320887046595849,0.12603793576990413,0.5196521784187018,25,30,20
9,3938,0.03342468781317272,0.3208870465959555,0.12603794207013067,0.5196503235207427,25,30,20
9,3939,0.033416243648100405,0.3208956623546231,0.12603777048193854,0.5196503235153397,25,30,20
9,3940,0.033416104669898285,0.32089555926066027,0.1260380125494368,0.5196503235200063,25,30,20
9,3941,0.03339969681813766,0.3208955592584681,0.1260362869998069,0.519668456923589,25,30,20
9,3942,0.03340739348708362,0.3208955592587878,0.12603642879720872,0.5196606184569221,25,30,20
9,3943,0.03340981171648717,0.3208955592586307,0.12603641709538121,0.519658211929503,25,30,20
9,3944,0.03340988260979081,0.3208955592585948,0.1260364153938159,0.5196581427378006,25,30,20
9,3945,0.03340994680380434,0.3208816269095195,0.1260502835284463,0.5196581427582321,25,30,20
9,3946,0.03341166305415358,0.32088162690953503,0.12605028655537726,0.5196564234809362,25,30,20
9,3947,0.03340977026788068,0.3208816269094443,0.12605028036790927,0.519658322454768,25,30,20
9,3948,0.03340965731853487,0.320882133190773,0.1260498870361889,0.5196583224545052,25,30,20
9,3949,0.03341372119879345,0.3208821331907389,0.12604976679864818,0.5196543788118214,25,30,20
9,3950,0.033591683532073535,0.3208821331922518,0.12587180419360902,0.5196543790820681,25,30,20
9,3951,0.03358383521204787,0.3208821331919314,0.12587826385935108,0.5196557677366721,25,30,20
9,3952,0.033577845033534115,0.32088213319191294,0.1258782635062886,0.519661758268267,25,30,20
9,3953,0.03357801749194327,0.31916446074059585,0.12759576348465862,0.5196617582828064,25,30,20
9,3954,0.03357181283524796,0.3191644607405958,0.12759576553119134,0.5196679608929682,25,30,20
9,3955,0.030153499021079857,0.3191723362835337,0.1310214252589907,0.5196527394363991,25,30,20
9,3956,0.030161419166892803,0.31917233628356717,0.13102142962807398,0.5196448149214693,25,30,20
9,3957,0.03024156603873944,0.3191723362842478,0.1372550313617095,0.5133310663153057,25,30,20
9,3958,0.030236208004018324,0.31917322981748814,0.13725949583828917,0.5133310663402065,25,30,20
9,3959,0.030236455625843962,0.31917298045182974,0.1372594975868836,0.5133310663354446,25,30,20
9,3960,0.03023022019895376,0.31917942030539015,0.13725929316013263,0.5133310663355253,25,30,20
9,3961,0.03023014974133216,0.3191794203053748,0.1372615729632602,0.5133288569900347,25,30,20
9,3962,0.030214575178812694,0.31915271314734484,0.13730385469731266,0.5133288569765314,25,30,20
9,3963,0.03034809543698845,0.31915271315468646,0.13729822433851277,0.5132009670698139,25,30,20
9,3964,0.03034992281888857,0.3191527131547575,0.13739084691431472,0.5131065171120405,25,30,20
9,3965,0.030355989250899676,0.3208637513158545,0.13567374233548893,0.5131065170977582,25,30,20
9,3966,0.030371779755473432,0.32086375131806344,0.13568048792161222,0.5130839810048521,25,30,20
9,3967,0.030839232911919395,0.3208637513224308,0.1356814185196072,0.5126155972460446,25,30,20
9,3968,0.030839263077844653,0.3208639006558765,0.135681239020242,0.5126155972460387,25,30,20
9,3969,0.030861395046844518,0.32084167317032447,0.1356813342362392,0.5126155975465939,25,30,20
9,3970,0.030861182326818212,0.3208422784027381,0.13568094170957562,0.51261559756087,25,30,20
9,3971,0.030855194550242323,0.3208422784027556,0.1356810245439492,0.5126215025030547,25,30,20
9,3972,0.03084131785499251,0.32084227840268775,0.1356810217442931,0.5126353819980284,25,30,20
9,3973,0.030847316430806352,0.32084227840282786,0.13567874964300722,0.5126316555233604,25,30,20
9,3974,0.030847288100744913,0.3208422784028285,0.13567882806775042,0.5126316054286779,25,30,20
9,3975,0.030841254518516305,0.32084227840268637,0.13568263090282437,0.5126338361759747,25,30,20
9,3976,0.030849207555255834,0.32084227840284557,0.13568264542925182,0.5126258686126486,25,30,20
9,3977,0.031027458389254046,0.3208422827919032,0.13550438988124386,0.512625868937601,25,30,20
9,3978,0.03101131713540644,0.32085812597651864,0.13550468824601103,0.5126258686420657,25,30,20
9,3979,0.031010946368347815,0.32087840457039485,0.13548478042465129,0.512625868636608,25,30,20
9,3980,0.031010974737867073,0.32087840457039474,0.13548469902141894,0.5126259216703211,25,30,20
9,3981,0.03101118576361518,0.3208778010441925,0.13548509152178184,0.5126259216704124,25,30,20
9,3982,0.031016828602942036,0.32085014320737665,0.13550710649628075,0.5126259216934027,25,30,20
9,3983,0.031022290751151867,0.3208487518239353,0.13550303574689504,0.5126259216780199,25,30,20
9,3984,0.031006149798707954,0.32084875182183237,0.13549629042708364,0.5126488079523779,25,30,20
9,3985,0.03101217500602136,0.32084875182185185,0.1354963305317999,0.5126427426403284,25,30,20
9,3986,0.030655829356210456,0.3208487518713526,0.13585267672767296,0.5126427420447645,25,30,20
9,3987,0.03063992951264846,0.3208487518712303,0.13585050423638548,0.5126608143797358,25,30,20
9,3988,0.03050673250877442,0.31974902187341075,0.13708340213934286,0.5126608434784731,25,30,20
9,3989,0.030506665874571546,0.31974902187340953,0.13708339903865474,0.5126609132133655,25,30,20
9,3990,0.03050663071320052,0.31974902187331844,0.1370834368276152,0.5126609105858668,25,30,20
9,3991,0.03050663068055895,0.31974902187331816,0.1370796246143144,0.5126647228318094,25,30,20
9,3992,0.030267523834659853,0.31974902186909515,0.1370856976795844,0.5128977566166633,25,30,20
9,3993,0.030273514050367246,0.3197490218691117,0.13708569981691784,0.5128917642636058,25,30,20
9,3994,0.030281470538852794,0.3197410536692223,0.13708571151396814,0.5128917642779601,25,30,20
9,3995,0.04104530967724512,0.31973057923042986,0.1263325376415558,0.5128915734507734,25,30,20
9,3996,0.04104538197374578,0.3197305792304468,0.12633256584384897,0.5128914729519622,25,30,20
9,3997,0.04103742298469681,0.31976055489188143,0.12631054918598536,0.5128914729374394,25,30,20
9,3998,0.040950222812360784,0.31976055496924527,0.12639778616058364,0.5128914360578142,25,30,20
9,3999,0.04095011739573271,0.31976055496922706,0.12639778595794027,0.5128915416771038,25,30,20
9,4000,0.04090005451153655,0.3197605549688485,0.12016420912921476,0.5191751813904046,25,30,20
9,4001,0.04076653809654435,0.31976055496150696,0.12016323694431215,0.5193096699976399,25,30,20
9,4002,0.040766643456074864,0.3197605549614706,0.12016319769933796,0.5193096038831202,25,30,20
9,4003,0.04076667665200457,0.3197605549614709,0.12016320084563567,0.5193095675408917,25,30,20
9,4004,0.04122912552331098,0.3197605549615093,0.12007077287792836,0.5189395466372543,25,30,20
9,4005,0.04121717992809902,0.3197605549615108,0.12007088685452169,0.5189513782558709,25,30,20
9,4006,0.04121105002669953,0.31976055496152717,0.12007088462489802,0.5189575103868777,25,30,20
9,4007,0.04121104619498925,0.31976055496152717,0.12007088672937857,0.5189575121141075,25,30,20
9,4008,0.04121132416423312,0.31975942309081357,0.12007174061594865,0.5189575121290069,25,30,20
9,4009,0.0421418889592813,0.3197596657869338,0.1191409325380708,0.5189575127157147,25,30,20
9,4010,0.042115657191894786,0.31975966578675385,0.11914103833810342,0.5189836386832485,25,30,20
9,4011,0.04211379947624803,0.31975966578662957,0.11914091336176304,0.5189856213753598,25,30,20
9,4012,0.04212172125301212,0.31975173998517414,0.11914091739154835,0.5189856213702659,25,30,20
9,4013,0.04212211711468855,0.3197444803982253,0.11914778113596505,0.5189856213511217,25,30,20
9,4014,0.04213237144584493,0.3197444804003883,0.11914776486556898,0.518975383288198,25,30,20
9,4015,0.04212634757117605,0.3197444804003526,0.11914764629241217,0.5189815257360589,25,30,20
9,4016,0.042136330738874926,0.31974448040029907,0.11914760393827278,0.5189715849225529,25,30,20
9,4017,0.04213072430978647,0.3197504784771031,0.11914721229523666,0.518971584917874,25,30,20
9,4018,0.042130864998628705,0.31975073167066,0.11914681839855058,0.5189715849321608,25,30,20
9,4019,0.042136852668206416,0.3197507316706766,0.11914682011843597,0.5189655955426811,25,30,20
9,4020,0.042123008808200246,0.31976444720028413,0.11914694845818971,0.518965595533326,25,30,20
9,4021,0.042119024503016037,0.3197644471981063,0.11914688619692368,0.518969642101954,25,30,20
9,4022,0.042131218662736634,0.3197523693801145,0.11914676982098926,0.5189696421361597,25,30,20
9,4023,0.04212534165348032,0.31975236938011653,0.11914676996294384,0.5189755190034595,25,30,20
9,4024,0.04214716365720907,0.3197523693802575,0.11914681990640803,0.5189536470561255,25,30,20
9,4025,0.04214727241268567,0.3197526535683244,0.11914642696286312,0.518953647056127,25,30,20
9,4026,0.042147133915867545,0.31975265356832283,0.1191464253451267,0.5189537871706831,25,30,20
9,4027,0.04214127879920122,0.3197526535683761,0.11914642717346444,0.5189596404589584,25,30,20
9,4028,0.042135285380211406,0.3197509118551006,0.11915416230572562,0.5189596404589626,25,30,20
9,4029,0.0421413115166082,0.3197448839984654,0.11915416401619003,0.5189596404687364,25,30,20
9,4030,0.041916974178674245,0.3197448839984844,0.11914729148382558,0.5191908503390157,25,30,20
9,4031,0.041925225904832546,0.31974488399947415,0.11913903738849824,0.5191908527071959,25,30,20
9,4032,0.04193110662621472,0.3197448839994724,0.11913903578441404,0.5191849735898998,25,30,20
9,4033,0.04193121086695159,0.31974488399950735,0.1191390362215757,0.519184868911966,25,30,20
9,4034,0.04192722187890538,0.31974488400266454,0.1191390491066444,0.5191888450117863,25,30,20
9,4035,0.041919412727516286,0.31974488400266865,0.11913896618052319,0.5191967370892925,25,30,20
9,4036,0.04226097661456378,0.31974488400290046,0.11913943509207925,0.5188547042904571,25,30,20
9,4037,0.04180258666845254,0.31974488400279133,0.1191392383821868,0.5193132909465697,25,30,20
9,4038,0.0417984231252289,0.28085936701014735,0.1580289189083487,0.5193132909562759,25,30,20
9,4039,0.04179828565062737,0.2808589635670938,0.15802945983569083,0.519313290946589,25,30,20
9,4040,0.0422791982927538,0.280858963572282,0.15754857834669153,0.5193132597882737,25,30,20
9,4041,0.042283220207206415,0.28085896356916057,0.15754857153542923,0.5193092446882049,25,30,20
9,4042,0.042319135547433204,0.2808589633060233,0.15751266819249593,0.5193092329540488,25,30,20
9,4043,0.0423133799269322,0.2800241052615207,0.15835328185570352,0.519309232955845,25,30,20
9,4044,0.042307074973130084,0.2800304256649274,0.15835326643571274,0.5193092329262311,25,30,20
9,4045,0.04137843678900734,0.28003017852827783,0.15928215234336657,0.5193092323393506,25,30,20
9,4046,0.04138001566175112,0.28002085369590857,0.15928989828887,0.5193092323534726,25,30,20
9,4047,0.04151167845319978,0.27989623649583034,0.1592828521129924,0.5193092329379798,25,30,20
9,4048,0.04324882590866733,0.279896236499983,0.159283571672677,0.5175713659186743,25,30,20
9,4049,0.043263116198100866,0.27989624078936015,0.15926927677308628,0.5175713662394541,25,30,20
9,4050,0.04374236316004141,0.2798964907341359,0.1587897792599644,0.5175713668458596,25,30,20
9,4051,0.04375028577371267,0.27989649073417,0.15878978709016622,0.5175634364019521,25,30,20
9,4052,0.04375769151276604,0.27881093134815554,0.1598679407278688,0.5175634364112114,25,30,20
9,4053,0.04389052280655464,0.2786742831671613,0.15987175675552934,0.5175634372707569,25,30,20
9,4054,0.04390060386446143,0.27867428316827014,0.15987184110653957,0.5175532718607314,25,30,20
9,4055,0.043565280800145025,0.278674283167986,0.15987137100818305,0.517889065023689,25,30,20
9,4056,0.04356961734743761,0.2786742831691327,0.15987145587506896,0.517884643608364,25,30,20
9,4057,0.043575222706686276,0.27805903736561755,0.16048109633386598,0.5178846435938304,25,30,20
9,4058,0.043575366721430725,0.2786683523740796,0.15987163731050016,0.5178846435939931,25,30,20
9,4059,0.04359141608627378,0.278668352374098,0.15987166957720972,0.5178685619624219,25,30,20
9,4060,0.043585458670045665,0.2786683523740817,0.1598716304391381,0.5178745585167378,25,30,20
9,4061,0.0435775018604604,0.27866835237402976,0.15987162335542662,0.5178825224100865,25,30,20
9,4062,0.043577922011719374,0.27867566294500723,0.1598638926137127,0.5178825224295638,25,30,20
9,4063,0.04382211507569246,0.27867566294933294,0.159864405698391,0.5176378162765864,25,30,20
9,4064,0.04382032324153823,0.2786998578852319,0.15984200259073778,0.5176378162824947,25,30,20
9,4065,0.04383426657880968,0.2786998578853191,0.15984201088680142,0.5176238646490714,25,30,20
9,4066,0.043590398249025934,0.278699857882066,0.15984152984634215,0.5178682140225676,25,30,20
9,4067,0.041837318016037205,0.2786998578777739,0.15984087420087348,0.5196219499053164,25,30,20
9,4068,0.041837424300799675,0.27869985787775636,0.1598408718168473,0.5196218460045976,25,30,20
9,4069,0.04185891286395612,0.2782425997951167,0.1602766413364505,0.5196218460044763,25,30,20
9,4070,0.04186486984451089,0.278242599795133,0.16027664046334592,0.5196158898970098,25,30,20
9,4071,0.04186497495080614,0.2782424895247082,0.16027664563189883,0.5196158898925863,25,30,20
9,4072,0.04187083268316945,0.27824248952469227,0.160283250081506,0.5196034277106316,25,30,20
9,4073,0.0418685253999237,0.2782424989995524,0.16028554664769026,0.5196034289528326,25,30,20
9,4074,0.04187022542058144,0.27824249899929876,0.1602854098438818,0.5196018657362376,25,30,20
9,4075,0.04177646968113322,0.2782424993805994,0.16037914833966938,0.519601882598597,25,30,20
9,4076,0.040553832525196204,0.2782425269113408,0.16160166395956554,0.5196019766038965,25,30,20
9,4077,0.04165224028484897,0.2782425268425734,0.16042713234839623,0.5196781005241846,25,30,20
9,4078,0.0416521683223584,0.27824252684257267,0.1604271321751053,0.5196781726599674,25,30,20
9,4079,0.041658023178131415,0.27907782819377247,0.1595859759700171,0.5196781726580826,25,30,20
9,4080,0.04164235716559962,0.2795292520825962,0.15915021808844435,0.5196781726633628,25,30,20
9,4081,0.04164235729757945,0.27952925208259743,0.15915021820445086,0.5196781724153752,25,30,20
9,4082,0.04165030307381587,0.2795292520826668,0.15914369901367764,0.5196767458298422,25,30,20
9,4083,0.04117057786680833,0.27952900221164667,0.1596236747185798,0.5196767452029689,25,30,20
9,4084,0.041156738151464554,0.2795290022115766,0.15962370912383902,0.5196905505131232,25,30,20
9,4085,0.0411528852323606,0.27953286999338994,0.1596236942901147,0.5196905504841376,25,30,20
9,4086,0.0411445199079324,0.2795328699923139,0.15962361349025056,0.5196989966095061,25,30,20
9,4087,0.030615605411987296,0.2795328434393286,0.17015113191548825,0.5197004192331984,25,30,20
9,4088,0.03062772745274575,0.2795328434393114,0.17015113659206182,0.5196882925158838,25,30,20
9,4089,0.030623632456087343,0.27953284343932644,0.17015113930423348,0.5196923848003555,25,30,20
9,4090,0.030623878295823862,0.27953284343931045,0.1701512226101849,0.5196920556546831,25,30,20
9,4091,0.01799479055431449,0.27953295241146237,0.18277486891296152,0.5196973881212638,25,30,20
9,4092,0.018318399984381183,0.2786177863501541,0.18336642581430135,0.5196973878511654,25,30,20
9,4093,0.01831230417826127,0.27862388957120887,0.18336641839936754,0.5196973878511641,25,30,20
9,4094,0.01844553051784717,0.2786238895765595,0.18336686616219644,0.5195637137433987,25,30,20
9,4095,0.01844577250694224,0.2786238895765413,0.18336675096965974,0.519563586946858,25,30,20
9,4096,0.018459286185759784,0.27862388957553963,0.1833667249599037,0.5195500992787982,25,30,20
9,4097,0.01846699526798897,0.2786238895756085,0.18336664743301148,0.5195424677233924,25,30,20
9,4098,0.018950978965495385,0.2781393241056262,0.18336722752009846,0.5195424694087813,25,30,20
9,4099,0.018958573882347875,0.27813173609801894,0.18336722062605276,0.519542469393582,25,30,20
9,4100,0.018825202657573262,0.278131736092668,0.1833667713841799,0.5196762898655803,25,30,20
9,4101,0.018811363722700588,0.27813173609261516,0.18336679409293974,0.519690106091746,25,30,20
9,4102,0.018327588207966195,0.2786155073377438,0.18336680002845757,0.519690104425834,25,30,20
9,4103,0.01833429265936772,0.2786155115186779,0.18336009139574527,0.5196901044262107,25,30,20
9,4104,0.01833429081831082,0.2786155115186779,0.18336006341802036,0.5196901342449926,25,30,20
9,4105,0.017718508419294537,0.27861551150922553,0.14909802289500415,0.5545679571764776,25,30,20
9,4106,0.017226512656326808,0.27861551147962976,0.14456798840444374,0.5595899874596012,25,30,20
9,4107,0.016769683131344297,0.2796675812923792,0.1439727487013885,0.5595899868748897,25,30,20
9,4108,0.016769436178251326,0.2796675812923958,0.1439727504050272,0.5595902321243273,25,30,20
9,4109,0.0013712499547842152,0.27966747095784145,0.15937791384316669,0.5595833652442093,25,30,20
9,4110,0.0013492798705017437,0.27966747095778727,0.1593778755195893,0.5596053736521232,25,30,20
9,4111,0.001359424452978485,0.2796572365689165,0.15937796503499807,0.5596053739431083,25,30,20
9,4112,0.001367512549672296,0.27921335155208554,0.15981376192612978,0.5596053739721172,25,30,20
9,4113,0.001375373502310154,0.27921335155215504,0.15981847004546576,0.5595928049000735,25,30,20
9,4114,0.0013615209525484103,0.27921335155210303,0.1598137663729324,0.5596113611224206,25,30,20
9,4115,0.001349574534395088,0.27922509978800325,0.1598139645548454,0.5596113611227601,25,30,20
9,4116,0.0013496107917100857,0.2792250997880392,0.15981558506948768,0.5596097043507668,25,30,20
9,4117,0.001981132465866385,0.27922509979041754,0.1591840627698091,0.559609704973908,25,30,20
9,4118,0.001983099547951773,0.27921223344034707,0.1591949620421047,0.5596097049695975,25,30,20
9,4119,0.0019909047488414636,0.2792121401683269,0.15918725010880114,0.5596097049740315,25,30,20
9,4120,0.002004743963146244,0.2792121401684323,0.1591872162261638,0.5595958996422581,25,30,20
9,4121,0.001997038592094068,0.27921214016831003,0.1591872109325452,0.5596036103070512,25,30,20
9,4122,0.0019977565146642564,0.279212140168437,0.15927636430064132,0.5595137390162574,25,30,20
9,4123,0.001991766435251161,0.2792121401684195,0.15927636145035562,0.5595197319459738,25,30,20
9,4124,0.001983672487770417,0.2792121401683666,0.15927635083262864,0.5595278365112346,25,30,20
9,4125,0.0019756936155261866,0.2642295321211069,0.174266937781194,0.5595278364821759,25,30,20
9,4126,0.0014843155359436325,0.26422953200544663,0.16999040421605652,0.5642957482425555,25,30,20
9,4127,0.0014703728360664261,0.26422953200535937,0.16999700059767023,0.564303094560906,25,30,20
9,4128,0.0014704148967432393,0.26422953194815585,0.16999578276834415,0.5643042703867603,25,30,20
9,4129,0.0014826799529387476,0.2642295319481578,0.1699957875450247,0.5642920005538824,25,30,20
9,4130,0.0013510200680024748,0.26436147584160763,0.1699955040918519,0.5642919999985418,25,30,20
9,4131,0.0013492270565327292,0.2643636745870836,0.16999509838693555,0.5642919999694519,25,30,20
9,4132,0.0013433405845307078,0.2643636745870836,0.16999521415438704,0.564297770674002,25,30,20
9,4133,0.0014339298025203583,0.264363663033339,0.16990463755908372,0.564297769605057,25,30,20
9,4134,0.0014477093876517017,0.2643498812042282,0.16990463980816015,0.5642977695999601,25,30,20
9,4135,0.0014457434945294762,0.2643625493591913,0.169893937546519,0.5642977695997605,25,30,20
9,4136,0.0014319063014960236,0.2643625493591209,0.16989384910020458,0.5643116952391798,25,30,20
9,4137,0.001417827318095276,0.2643765837150549,0.1698938937368517,0.5643116952299989,25,30,20
9,4138,0.001418390756707707,0.2643765837151479,0.1698939015262862,0.5643111240018591,25,30,20
9,4139,0.001418497480284175,0.2643765837151644,0.16988729911619743,0.5643176196883547,25,30,20
9,4140,0.0018881151776676184,0.26437658372150663,0.16988772556728185,0.5638475755335449,25,30,20
9,4141,0.0018819852361480981,0.2643765837215229,0.1698877267864082,0.5638537042559217,25,30,20
9,4142,0.001875985948295889,0.2798086050249534,0.1544617047706943,0.5638537042560583,25,30,20
9,4143,0.0018899353165365632,0.27980860502502347,0.15446171133732517,0.5638397483211164,25,30,20
9,4144,0.0018952104450178442,0.2798086050249144,0.15437722908423435,0.5639189554458354,25,30,20
9,4145,0.0018952455107892907,0.27980860502523125,0.15437725047892237,0.5639188989850586,25,30,20
9,4146,0.0018952456431728618,0.2798082429907378,0.15437761237635092,0.5639188989897402,25,30,20
9,4147,0.0018952782838644005,0.27980824299075746,0.15437761182623605,0.5639188668991438,25,30,20
9,4148,0.0020102012771230117,0.2798082429978795,0.16060612346198777,0.5575754322630109,25,30,20
9,4149,0.0020144422063831467,0.279804208338211,0.1606059172020914,0.557575432253316,25,30,20
9,4150,0.00202827585492114,0.27980420833828074,0.16060592321968517,0.5575615925871147,25,30,20
9,4151,0.0020141534237480695,0.2798042083381906,0.16069815417250297,0.55748348406556,25,30,20
9,4152,0.002014967227168104,0.27980420833821035,0.16069354687525828,0.5574872775593649,25,30,20
9,4153,0.0021302251907865622,0.27980420833931774,0.16534533068149618,0.5527202357884011,25,30,20
9,4154,0.0021223361981839496,0.2798042083393734,0.16534533434410092,0.5527281211183434,25,30,20
9,4155,0.0021262243455481846,0.27980420833955105,0.16534523472485682,0.5527243325900454,25,30,20
9,4156,0.0021319746315727572,0.2797990111705596,0.16534468160800173,0.5527243325898674,25,30,20
9,4157,0.0016624998544874775,0.2797990111642168,0.16534425759640822,0.5531942313848891,25,30,20
9,4158,0.0016762332419886167,0.2797858500437496,0.1653436853345754,0.553194231379688,25,30,20
9,4159,0.0016702386087960358,0.27978585004381973,0.16546879474075293,0.553075116606633,25,30,20
9,4160,0.002133338402337099,0.2787396067663859,0.16605193763518852,0.5530751171960904,25,30,20
9,4161,0.002133373795020411,0.27873960676626014,0.16605192738629765,0.5530750920524237,25,30,20
9,4162,0.0025373887198985295,0.27873960458052904,0.1656477796718335,0.5530752270277415,25,30,20
9,4163,0.0025374939314641433,0.2787396045805462,0.165646158079506,0.5530767434084861,25,30,20
9,4164,0.0025377803542532473,0.25293930298703693,0.19144617325461435,0.5530767434040981,25,30,20
9,4165,0.00243669993233058,0.25293930297996664,0.1852176683315864,0.5594063287561192,25,30,20
9,4166,0.0024505400635339565,0.2529258805428621,0.18521725063273783,0.5594063287608688,25,30,20
9,4167,0.0029123398406486253,0.25292588055112813,0.18521767339383036,0.5589441062143957,25,30,20
9,4168,0.002911810760080507,0.2529258805510539,0.18521766794328823,0.5589446407455798,25,30,20
9,4169,0.0029117787612888964,0.25292588055103576,0.18521766514484558,0.5589446755428322,25,30,20
9,4170,0.0029138846624568423,0.2529258805508412,0.1852176501335607,0.5589425846531437,25,30,20
9,4171,0.002905962205033434,0.25293393323418906,0.18521751990755445,0.5589425846532255,25,30,20
9,4172,0.003383570933186985,0.2524557741144783,0.185218068632678,0.5589425863196589,25,30,20
9,4173,0.0033897020530698403,0.2524557741144966,0.18521818581119096,0.5589363380212448,25,30,20
9,4174,0.0033895614876054566,0.25245577411444375,0.18509307620667595,0.5590615881912772,25,30,20
9,4175,0.003395553722273514,0.2524557741144262,0.18509307595697844,0.5590555962063241,25,30,20
9,4176,0.003383288340247093,0.2782572021250995,0.15930391332392538,0.5590555962107301,25,30,20
9,4177,0.0033697355615016217,0.2782572021250318,0.15930391194431778,0.5590691503691501,25,30,20
9,4178,0.003377411026896729,0.2782572021247836,0.1593038939950758,0.5590614928532447,25,30,20
9,4179,0.029089774162875948,0.2782572022209616,0.1335916180378394,0.5590614055783238,25,30,20
9,4180,0.0290956662468016,0.2782572022209607,0.13359161795579802,0.5590555135764405,25,30,20
9,4181,0.029090031414047625,0.2595180142329538,0.15233644078360137,0.5590555135693974,25,30,20
9,4182,0.029076079378679537,0.2595211182728834,0.152347288788313,0.5590555135601247,25,30,20
9,4183,0.04132700483011791,0.2595211193032511,0.14009636188750094,0.5590555139791301,25,30,20
9,4184,0.04133103856639555,0.2595279436226037,0.14008550384114418,0.5590555139698568,25,30,20
9,4185,0.041334607586922006,0.2595279436227606,0.1400855126064887,0.5590519361838286,25,30,20
9,4186,0.04133453367997924,0.2595279436227965,0.14008551424414678,0.5590520084530775,25,30,20
9,4187,0.041334496830520165,0.25952794362276027,0.14008388958291682,0.5590536699638026,25,30,20
9,4188,0.0413206524978584,0.25952794362270926,0.1400838829867868,0.5590675208926456,25,30,20
9,4189,0.04132135491785113,0.2595279436228027,0.14008391786299684,0.5590667835963494,25,30,20
9,4190,0.04086435030951085,0.2605682724785093,0.13950059420516545,0.5590667830068146,25,30,20
9,4191,0.04652038125411244,0.2605682724892413,0.13376298548891657,0.5591483607677309,25,30,20
9,4192,0.04603665240610929,0.2610521680948882,0.13376282039700202,0.5591483591020011,25,30,20
9,4193,0.04605034431741331,0.27978330353659947,0.11501799303668964,0.5591483591092979,25,30,20
9,4194,0.04605661899806021,0.2797833035365829,0.11501799582268285,0.5591420816426743,25,30,20
9,4195,0.04606271705223758,0.27978712150038143,0.11500807980469124,0.5591420816426903,25,30,20
9,4196,0.04606268976079754,0.2797871215003267,0.11500796400839108,0.5591422247304852,25,30,20
9,4197,0.04606859727147866,0.27978159787313034,0.11500758012553104,0.5591422247298605,25,30,20
9,4198,0.04606253235579691,0.2780710927185572,0.11672415019578844,0.5591422247298581,25,30,20
9,4199,0.0460547250783559,0.27807117593654884,0.116731874250481,0.5591422247346148,25,30,20
9,4200,0.046050689841219815,0.2493326571358358,0.14547442828390636,0.5591422247390382,25,30,20
9,4201,0.04604451570482892,0.2493326571358376,0.14547442738720437,0.5591483997721295,25,30,20
9,4202,0.04605054117991194,0.24933265713585698,0.14547442877531816,0.5591423729089131,25,30,20
9,4203,0.04605838677333456,0.24933265713594482,0.14547443512317298,0.5591345209675477,25,30,20
9,4204,0.04605068328798725,0.2493326571358576,0.1454744308931617,0.5591422286829936,25,30,20
9,4205,0.04605068327917621,0.24933265713585753,0.14547443152553174,0.5591422280594346,25,30,20
9,4206,0.05968247639390396,0.24933266754545508,0.1318426747433529,0.5591421813172882,25,30,20
9,4207,0.020486995826641593,0.24933269835776098,0.17103812574998054,0.5591421800656186,25,30,20
9,4208,0.020490477672842143,0.24933269835673869,0.171038047134103,0.5591387768363179,25,30,20
9,4209,0.020490264672003548,0.24933269835677405,0.17103804816571672,0.5591389888055075,25,30,20
9,4210,0.020484295713807114,0.24890209271470704,0.17147462275567293,0.5591389888158146,25,30,20
9,4211,0.02048436911721193,0.2489020927146714,0.17147461970820566,0.5591389184599127,25,30,20
9,4212,0.020474122791316166,0.24889003932899237,0.17149691970618167,0.5591389181735108,25,30,20
9,4213,0.020477976771959613,0.24889003932916853,0.17150163253821557,0.5591303513606568,25,30,20
9,4214,0.02047012775649266,0.24889003932902776,0.17150162306013655,0.5591382098543436,25,30,20
9,4215,0.02047416060622097,0.2776281778700419,0.1427594516787534,0.559138209844983,25,30,20
9,4216,0.02047934596465304,0.27762817786994803,0.14275944415716743,0.5591330320082308,25,30,20
9,4217,0.02047930739260868,0.2776281778700021,0.14275956295582207,0.5591329517815665,25,30,20
9,4218,0.020487150562805055,0.27762817787008937,0.14275956850652224,0.5591251030605826,25,30,20
9,4219,0.020481237286409392,0.2776281778701443,0.14275964981049052,0.559130935032955,25,30,20
9,4220,0.020480420433547395,0.2776281778701247,0.14276615875019952,0.5591252429461284,25,30,20
9,4221,0.02048630380972728,0.2776281778701244,0.14267391636383336,0.5592116019563157,25,30,20
9,4222,0.014721027820323156,0.2776281778582281,0.12026509059967604,0.5873857037217732,25,30,20
9,4223,0.01409373014474147,0.27762813651542584,0.1208924298091633,0.5873857035306692,25,30,20
9,4224,0.014087847978149054,0.27762813651542523,0.12088582825619926,0.5873981872502264,25,30,20
9,4225,0.014081641515266492,0.2776312085879718,0.120888962660982,0.5873981872357796,25,30,20
9,4226,0.01408781949109189,0.27763120858797036,0.12088896194688814,0.587392009974049,25,30,20
9,4227,0.01407399083727476,0.2776312085879009,0.12088895607997548,0.5874058444948481,25,30,20
9,4228,0.014077835024394327,0.27763120858802376,0.12089269662500624,0.5873982597625749,25,30,20
9,4229,0.014077834876336792,0.2776312016411671,0.12089270371967872,0.5873982597628167,25,30,20
9,4230,0.014072087137813279,0.2776312016411881,0.12089271736582294,0.5874039938551754,25,30,20
9,4231,0.014066133285912883,0.27763120164115146,0.1208992013690537,0.5874034637038819,25,30,20
9,4232,0.014072266017572378,0.2776312016411148,0.1208991617459379,0.5873973705953748,25,30,20
9,4233,0.01407357710457774,0.2776312020044696,0.1208978491610111,0.5873973717299412,25,30,20
9,4234,0.014083973829993044,0.2776130431473673,0.12090561125806612,0.5873973717645732,25,30,20
9,4235,0.0140840807549541,0.2776130431473511,0.12090723137437957,0.5873956447233148,25,30,20
9,4236,0.01407785755360002,0.2776130431473436,0.109192443368706,0.5991166559303491,25,30,20
9,4237,0.014077853194248537,0.2776130431473432,0.10919248310155542,0.5991166205568517,25,30,20
9,4238,0.01407795503712662,0.2776130431473257,0.10919248274357708,0.5991165190719696,25,30,20
9,4239,0.014067452542143408,0.27760859057404835,0.10920743784179489,0.5991165190420129,25,30,20
9,4240,0.014079662545209237,0.2776085905742142,0.10920745233994932,0.5991042945406266,25,30,20
9,4241,0.014075633976507618,0.2776130055144425,0.10920706595906282,0.5991042945499868,25,30,20
9,4242,0.014079660712463853,0.27760897568693765,0.10920706905529488,0.5991042945453033,25,30,20
9,4243,0.01407965328246216,0.2776313694718395,0.10918468270547635,0.5991042945402214,25,30,20
9,4244,0.014083544243920167,0.2776159319722911,0.1091962292246831,0.599104294559105,25,30,20
9,4245,0.014079128513875447,0.2776159319723779,0.1091962330614225,0.5991087064523236,25,30,20
9,4246,0.014079380880381126,0.2776156846495631,0.1091962280176417,0.5991087064524135,25,30,20
9,4247,0.014460317964466247,0.27761568465323616,0.11538051757605843,0.5925434798062386,25,30,20
9,4248,0.01406720413044671,0.27761568464943215,0.10919621371417819,0.5991208975059423,25,30,20
9,4249,0.014061105733246631,0.27761568464939684,0.10919621412271231,0.5991269954946437,25,30,20
9,4250,0.01498137005419338,0.277615684653779,0.10919942826213803,0.598203517029889,25,30,20
9,4251,0.014983263967616338,0.2776156846538682,0.10919939589310496,0.5982016554854099,25,30,20
9,4252,0.01499538829172941,0.2776156846538498,0.10929160724730888,0.5980973198071112,25,30,20
9,4253,0.015105571157397074,0.2776156846541017,0.10929033363725126,0.5979884105512494,25,30,20
9,4254,0.015105623693680192,0.27805220048932605,0.10885376527145246,0.5979884105455404,25,30,20
9,4255,0.014989586725333291,0.27805220048912704,0.10885342000056566,0.5981047927849731,25,30,20
9,4256,0.01499610280096064,0.27976286690190444,0.10713623748776985,0.5981047928093641,25,30,20
9,4257,0.015001988913938542,0.27975659451315726,0.10713662376361978,0.5981047928092835,25,30,20
9,4258,0.014998205388828106,0.27975659451303586,0.10713661523123454,0.598108584866901,25,30,20
9,4259,0.015461014624160068,0.27975659024276717,0.10660711140279255,0.5981752837302795,25,30,20
9,4260,0.015460981995799112,0.2797565902427315,0.10660711028408748,0.5981753174773816,25,30,20
9,4261,0.015081333734006986,0.2797565924979488,0.10705459825829398,0.5981074755097497,25,30,20
9,4262,0.015073240183327941,0.2797565924978984,0.10696238301565486,0.5982077843031187,25,30,20
9,4263,0.015068821807678899,0.2797565924979661,0.10696238687096722,0.5982121988233877,25,30,20
9,4264,0.05118239282910151,0.27975659213588316,0.07084881732034591,0.5982121977146688,25,30,20
9,4265,0.05118867185128588,0.27975659213588583,0.07084222064156778,0.5982125153712601,25,30,20
9,4266,0.05118895204329732,0.2797562999132025,0.07084223267206709,0.5982125153714333,25,30,20
9,4267,0.05118506143928604,0.2797825903472581,0.0708198328607347,0.5982125153527215,25,30,20
9,4268,0.05118514142424974,0.2797825903473127,0.07081983199256538,0.5982124362358722,25,30,20
9,4269,0.05119147323765306,0.27977595101666974,0.0708201394847795,0.5982124362608982,25,30,20
9,4270,0.051187372813514445,0.27977595101673947,0.07082675257723452,0.598209923592512,25,30,20
9,4271,0.051104147725615195,0.27977594883111934,0.07084268903302973,0.598277214410236,25,30,20
9,4272,0.025905456749378945,0.27978689058519574,0.09602950894017212,0.5982781437252528,25,30,20
9,4273,0.02590544967909321,0.27978689058516,0.09602950605654233,0.5982781536792042,25,30,20
9,4274,0.02590544777389831,0.27980961943381366,0.09600677911793504,0.5982781536743529,25,30,20
9,4275,0.025900858401727227,0.27981453703328474,0.09600645090576922,0.5982781536592188,25,30,20
9,4276,0.025906606792193313,0.2798145370470446,0.09627407269951785,0.5980047834612442,25,30,20
9,4277,0.02591259463107235,0.2798145370469554,0.09627399201411019,0.5979988763078619,25,30,20
9,4278,0.025910751135510456,0.27857847861713186,0.09751189392128799,0.5979988763260696,25,30,20
9,4279,0.025908760735839156,0.278578478617132,0.09750816518247062,0.5980045954645581,25,30,20
9,4280,0.025908612139291708,0.278578478617131,0.09750827948964666,0.5980046297539303,25,30,20
9,4281,0.025908861502021735,0.278578227115788,0.09750828162833969,0.5980046297538502,25,30,20
9,4282,0.025896642996395623,0.2785902106279413,0.09750851665134068,0.5980046297243221,25,30,20
9,4283,0.02498233818679954,0.27859021062357586,0.09751000058659709,0.5989174506030269,25,30,20
9,4284,0.025844594909921744,0.27859021061953054,0.09751180150451132,0.5980533929660361,25,30,20
9,4285,0.025846191725335987,0.27979506858656095,0.09630534674044426,0.5980533929476585,25,30,20
9,4286,0.025854265729813655,0.27978645023419346,0.09630589107853364,0.5980533929574586,25,30,20
9,4287,0.025854262868320453,0.2797864502341411,0.09630588529235153,0.5980534016051863,25,30,20
9,4288,0.025854406380053097,0.2797864502342878,0.09630601233021098,0.5980531310554472,25,30,20
9,4289,0.025854011559076344,0.27978645023428494,0.09630600644534296,0.5980535317612948,25,30,20
9,4290,0.025847810960369495,0.2797611931467499,0.09633746413157553,0.5980535317613043,25,30,20
9,4291,0.025841455107848407,0.2797611975104811,0.09634236096440489,0.5980549864172651,25,30,20
9,4292,0.025845483079446625,0.27976119751041323,0.09634235714803602,0.5980509622621034,25,30,20
9,4293,0.025845491583432613,0.27976117568742753,0.09634237043848852,0.5980509622906507,25,30,20
9,4294,0.02584345635277235,0.2797611756737727,0.09607475822893503,0.5983206097445195,25,30,20
9,4295,0.015068718021758354,0.2797502339289353,0.10686136704672748,0.5983196810025792,25,30,20
9,4296,0.002509878413320854,0.27975023388902387,0.11940645418759031,0.5983334335100691,25,30,20
9,4297,0.002511732194864231,0.27975023388894826,0.1194063359988344,0.5983316979173572,25,30,20
9,4298,0.002370230911582748,0.2797502338928268,0.11954783788031154,0.5983316973152829,25,30,20
9,4299,0.002370228190022652,0.2797502338928087,0.119547839559732,0.5983316983574405,25,30,20
9,4300,0.007802523609166826,0.27975023320319276,0.11412927023362487,0.5983179729540193,25,30,20
9,4301,0.016571504439735832,0.27975025400600956,0.10536022575755533,0.5983180157967031,25,30,20
9,4302,0.01656748215474499,0.2797436212972655,0.10537088072703422,0.5983180158209589,25,30,20
9,4303,0.016567865081879598,0.2797436212972503,0.10536618414332322,0.5983223294775503,25,30,20
9,4304,0.01657188970059026,0.27975064484086015,0.10535513600525723,0.5983223294532958,25,30,20
9,4305,0.016585723874873917,0.27975064484092793,0.1053551418540772,0.5983084894301242,25,30,20
9,4306,0.016585735867913384,0.27975064484091017,0.10535522738807133,0.5983083919031084,25,30,20
9,4307,0.01658790756481133,0.27975064484078777,0.10535521654241492,0.5983062310519892,25,30,20
9,4308,0.017217985021738175,0.2790866213271935,0.10538912878832829,0.5983062648627429,25,30,20
9,4309,0.0172255508870525,0.27908662132727863,0.1053891319170536,0.5982986958686183,25,30,20
9,4310,0.01721522729037806,0.2790972906450675,0.10538878617157986,0.5982986958929775,25,30,20
9,4311,0.017215437060711204,0.2791243589957477,0.10536150805048367,0.5982986958930596,25,30,20
9,4312,0.017216143169912664,0.2791243589957872,0.10536151554516858,0.5982979822891336,25,30,20
9,4313,0.017220234062713082,0.2791197237563003,0.10536205992959287,0.5982979822513961,25,30,20
9,4314,0.017216206106221387,0.27911972375640387,0.10536206564581532,0.5983020044915616,25,30,20
9,4315,0.017216334191067665,0.2791197237564416,0.1053619815971172,0.5983019604553759,25,30,20
9,4316,0.01720228596190619,0.279119723756335,0.10536200313603607,0.598315987145725,25,30,20
9,4317,0.0114607171311729,0.2791197234681807,0.11110360042908239,0.5983159589715664,25,30,20
9,4318,0.047200770053180234,0.27911972391387196,0.07536345553626748,0.5983160504966808,25,30,20
9,4319,0.0471988769683551,0.27911972391380435,0.07535684826207702,0.598324550855764,25,30,20
9,4320,0.04719877397245734,0.27912036965451437,0.075356305517354,0.5983245508556744,25,30,20
9,4321,0.0471947430180328,0.27912400008091837,0.07535670603075503,0.5983245508702938,25,30,20
9,4322,0.04822556842031454,0.27912399582558556,0.07432568359308576,0.5983247521610141,25,30,20
9,4323,0.0482273624286112,0.27912399582565406,0.07432568827171329,0.5983229534740209,25,30,20
9,4324,0.048229321047144565,0.27912203046944556,0.07432569500011213,0.5983229534832971,25,30,20
9,4325,0.04070164172079031,0.27912365134086053,0.08185156099780143,0.5983231459405528,25,30,20
9,4326,0.04069992959414015,0.27912365134075573,0.08185625342414277,0.5983201656409666,25,30,20
9,4327,0.04070788208684063,0.2791236513408251,0.08185625942042911,0.5983122071519095,25,30,20
9,4328,0.040708021680235025,0.2791236513408613,0.08185626206371488,0.5983120649151925,25,30,20
9,4329,0.04070188929082242,0.2791339646323555,0.08185208116162801,0.5983120649151978,25,30,20
9,4330,0.04201015941508863,0.27913234015126026,0.08054106245171283,0.5983164379819421,25,30,20
9,4331,0.04201420517117909,0.2791288482536822,0.0805405085738632,0.5983164380012791,25,30,20
9,4332,0.042015909443117956,0.2791288482537331,0.08053581234344495,0.5983194299597077,25,30,20
9,4333,0.04201387963931528,0.2791086845223189,0.08055800590330114,0.5983194299350674,25,30,20
9,4334,0.04201857539515088,0.27910868452225385,0.08056270424965334,0.5983100358329447,25,30,20
9,4335,0.042016715555747014,0.2791103792195166,0.08056286940641404,0.5983100358183251,25,30,20
9,4336,0.042015001282813484,0.2791340923764463,0.08054087051239345,0.5983100358283494,25,30,20
9,4337,0.042021435761200016,0.2791340923776271,0.080540850958488,0.5983036209026874,25,30,20
9,4338,0.0413912906948437,0.2797981952025197,0.08050692701112785,0.5983035870915114,25,30,20
9,4339,0.04138939805292252,0.261503775090755,0.09880323977400375,0.598303587082321,25,30,20
9,4340,0.04036007822131404,0.2615037749061079,0.09990153887371703,0.5982346079988649,25,30,20
9,4341,0.04036607830528508,0.2614972226077112,0.09990209108787519,0.5982346079991323,25,30,20
9,4342,0.040360086066646754,0.2614972226076746,0.09990212832212338,0.5982405630035585,25,30,20
9,4343,0.040364121376369945,0.26149722260762176,0.0999021216698393,0.5982365343461722,25,30,20
9,4344,0.04037010838758202,0.26149164185776613,0.09990171542794929,0.5982365343267056,25,30,20
9,4345,0.04037206904356141,0.2614679447138638,0.09992345190642914,0.5982365343361488,25,30,20
9,4346,0.04037034853235807,0.26146794471382545,0.06602874738277215,0.6321329593710441,25,30,20
9,4347,0.04036568996978606,0.2614679447139453,0.06602405199658731,0.632142313319681,25,30,20
9,4348,0.04035185647567337,0.26146794471387624,0.06602404557875902,0.6321561532316909,25,30,20
9,4349,0.03905327381320074,0.2614688678705113,0.06732630878451039,0.6321515495317773,25,30,20
9,4350,0.039059294707628395,0.2614943039929905,0.06729485176744106,0.63215154953194,25,30,20
9,4351,0.03906137685675056,0.26149430399284024,0.06729483873094977,0.6321494804194593,25,30,20
9,4352,0.03305677544046441,0.2614944051554738,0.07275022968819556,0.6326985897158665,25,30,20
9,4353,0.03305677543506858,0.2780725622366289,0.05617207261243601,0.6326985897158666,25,30,20
9,4354,0.03306871927972904,0.27807256223659166,0.056172069927399704,0.6326866485562798,25,30,20
9,4355,0.0330687537224986,0.27807256223663135,0.05617373353231445,0.6326849505085557,25,30,20
9,4356,0.033060677685073626,0.27807256223656274,0.056175348162453904,0.6326914119159099,25,30,20
9,4357,0.03306068013177444,0.2780731222726959,0.05617478568429832,0.6326914119112316,25,30,20
9,4358,0.033074693316690766,0.2797768752279561,0.05445701953477492,0.6326914119205785,25,30,20
9,4359,0.03308058232511871,0.27977687522797084,0.054457013481577915,0.6326855289653326,25,30,20
9,4360,0.03231389977117773,0.2797759348816224,0.055224640428283005,0.6326855249189167,25,30,20
9,4361,0.03231217742079286,0.27977593488153507,0.05522463318997599,0.6326872545076961,25,30,20
9,4362,0.03231203054019032,0.27977593488143826,0.04914371190877484,0.6387683226695965,25,30,20
9,4363,0.032306282342419404,0.2797759348814577,0.04914382917556968,0.6387739536005532,25,30,20
9,4364,0.032314127386096424,0.27976075522675914,0.04915116377707191,0.6387739536100726,25,30,20
9,4365,0.03233023147380868,0.27976075522793403,0.04914977544001094,0.6387592378582465,25,30,20
9,4366,0.0323301309992998,0.2797607552279518,0.04914977673197251,0.6387593370407765,25,30,20
9,4367,0.03233398224932299,0.2797460237710532,0.04916065690559475,0.6387593370740298,25,30,20
9,4368,0.03233398462021848,0.27974602377105223,0.04916054103690768,0.6387594505718223,25,30,20
9,4369,0.03232798944298967,0.2797460237709831,0.049160615964432344,0.6387653708215956,25,30,20
9,4370,0.03232813360004846,0.27974602377100277,0.04916069978633707,0.6387651428426123,25,30,20
9,4371,0.0323320565841231,0.27974602377114133,0.0491606341908037,0.6387612854539325,25,30,20
9,4372,0.03233953826485354,0.27974602377006746,0.04916063115453583,0.6387538068105436,25,30,20
9,4373,0.0323336164755396,0.2797515537099291,0.049161022994638676,0.6387538068198934,25,30,20
9,4374,0.03233385798393202,0.27975155370991184,0.04916102361023303,0.6387535646959238,25,30,20
9,4375,0.03233171815558907,0.2797515537100707,0.04916092020961843,0.6387558079247223,25,30,20
9,4376,0.03234751408617792,0.2797515537101908,0.049159271123254855,0.6387416610803771,25,30,20
9,4377,0.0323396869213157,0.2797669765204093,0.04915167548757275,0.6387416610707028,25,30,20
9,4378,0.0323457519415731,0.2797669765204077,0.04915163439268134,0.6387356371453385,25,30,20
9,4379,0.03234575011763032,0.279766976520408,0.04915163583948091,0.638735637522481,25,30,20
9,4380,0.03234182562919537,0.27978151792058414,0.04914101896090343,0.6387356374893174,25,30,20
9,4381,0.03234182437841533,0.279781517920565,0.04914101656647823,0.6387356411345418,25,30,20
9,4382,0.03667369194054361,0.27978141639554754,0.04535841738223618,0.6381864742816733,25,30,20
9,4383,0.036667699722038,0.27978141639556964,0.04535854011464869,0.6381923437677444,25,30,20
9,4384,0.036659778397049925,0.27978141639556336,0.04536329092688297,0.6381955142805044,25,30,20
9,4385,0.03618094022979497,0.27978141637857173,0.04584212973670974,0.638195513654924,25,30,20
9,4386,0.03617494012445793,0.2797879688625741,0.04584157735848031,0.6381955136544879,25,30,20
9,4387,0.03617504162655777,0.27978796886252627,0.04583682277688242,0.6382001667340339,25,30,20
9,4388,0.03617125732000303,0.2797879688624224,0.04583681542869689,0.638203958388878,25,30,20
9,4389,0.03616740637464341,0.2797879688623004,0.04583680224723798,0.6382078225158185,25,30,20
9,4390,0.03615926733412408,0.27979610435448554,0.04583680580570956,0.638207822505681,25,30,20
9,4391,0.03614520044156869,0.27981030543134877,0.045836671630682904,0.6382078224964,25,30,20
9,4392,0.03615541905982782,0.27981030543552465,0.0458367344985659,0.638197541006082,25,30,20
9,4393,0.036157698415211326,0.2798103054353857,0.04583672077333469,0.6381952753760687,25,30,20
9,4394,0.03615744980810173,0.27981030543533036,0.04584323779878965,0.6381890069577786,25,30,20
9,4395,0.03616347770019937,0.27981030543534824,0.045843237782757916,0.6381829790816947,25,30,20
9,4396,0.03631860760047352,0.2798103054457774,0.04584377218621435,0.6380273147675349,25,30,20
9,4397,0.036324494184684544,0.2798044120590728,0.04584377898870508,0.6380273147675378,25,30,20
9,4398,0.03633023759779713,0.27980441205905365,0.0458437789974124,0.6380215713457372,25,30,20
9,4399,0.036455679475986484,0.2798044120643347,0.04584422206245717,0.6378956863972223,25,30,20
9,4400,0.03645371885359464,0.27982755378150465,0.04582304097712082,0.6378956863877806,25,30,20
9,4401,0.03641438522796754,0.2798275537712042,0.045824274148532844,0.6379337868522961,25,30,20
9,4402,0.03641431699238893,0.2798275537711673,0.0458242694531769,0.6379338597832676,25,30,20
9,4403,0.03641407105320445,0.2798275537711848,0.045824383513768246,0.6379339916618437,25,30,20
9,4404,0.03641809887434137,0.27982353947589544,0.04582436999711678,0.6379339916526474,25,30,20
9,4405,0.03508009507335781,0.2798235394716062,0.045822140100410066,0.6392742253546269,25,30,20
9,4406,0.03507811030391996,0.2798235394675963,0.04608823266965585,0.6390101175588289,25,30,20
9,4407,0.03508385857801759,0.2798235394675785,0.04608823133400071,0.639004370620404,25,30,20
9,4408,0.040940540549161526,0.27982353943143307,0.04023151602979884,0.6390044039896075,25,30,20
9,4409,0.040920646420337645,0.27982353943141847,0.040231515075551394,0.6390242990726933,25,30,20
9,4410,0.04183405276644849,0.279823539431651,0.040231909289755195,0.6381104985121464,25,30,20
9,4411,0.04172428252022683,0.2798235394315745,0.040230145515080515,0.6382220325331193,25,30,20
9,4412,0.041724385764948496,0.27982369967995446,0.04022988202198982,0.6382220325331085,25,30,20
9,4413,0.041831486216919546,0.2798236996930717,0.040122780697142806,0.6382220333928665,25,30,20
9,4414,0.041831553844441836,0.27982369969310367,0.04012266356850124,0.6382220828939534,25,30,20
9,4415,0.04092445489885334,0.2798236996930152,0.04025180695081947,0.6390000384573122,25,30,20
9,4416,0.040926416876023976,0.2798236996931024,0.04024521272025324,0.6390046707106205,25,30,20
9,4417,0.04092617364595634,0.27982369969311804,0.04024529431342103,0.6390048323475042,25,30,20
9,4418,0.040948241083134655,0.2798236996933303,0.04024531058607825,0.6389827486374563,25,30,20
9,4419,0.04092809982513766,0.27982369969224186,0.0402450855610189,0.6390031149216009,25,30,20
9,4420,0.04092154160940563,0.27982369969225446,0.040245078150324326,0.6390096805480144,25,30,20
9,4421,0.04091968200444587,0.27982369969218934,0.040245114173243064,0.6390115041301206,25,30,20
9,4422,0.040913518461745416,0.27982369969213566,0.040115583836477606,0.6391471980096404,25,30,20
9,4423,0.040907510746304304,0.2798236996920922,0.04011088277807933,0.6391579067835231,25,30,20
9,4424,0.04090750651879096,0.2798237034029764,0.04011088329028446,0.6391579067879474,25,30,20
9,4425,0.040907263742169485,0.27982355387180485,0.04011127559339649,0.6391579067926285,25,30,20
9,4426,0.04089913563887359,0.27982355387158653,0.03984511833924997,0.6394321921502893,25,30,20
9,4427,0.04089335848898894,0.27982355387167873,0.039845123523512396,0.6394379641158193,25,30,20
9,4428,0.041365238228849105,0.27982355387183944,0.039845322439380305,0.6389658854599305,25,30,20
9,4429,0.04136005991586742,0.27982873317765017,0.039845321445777696,0.6389658854607041,25,30,20
9,4430,0.04182145857151737,0.2798287331837452,0.03984736467851506,0.6385024435662214,25,30,20
9,4431,0.041823424084198264,0.279826762168184,0.039847370157242754,0.6385024435903742,25,30,20
9,4432,0.04182945137621052,0.27982676216823277,0.03984732996271466,0.6384964564928414,25,30,20
9,4433,0.04182335047814211,0.27982676216819713,0.03984733027253227,0.6385025570811282,25,30,20
9,4434,0.04185312285104683,0.27979735584934956,0.039846964199280806,0.6385025571003221,25,30,20
9,4435,0.04185725280092084,0.2797973558492275,0.03984695886550406,0.6384984324843469,25,30,20
9,4436,0.04182934189371164,0.27981442114493194,0.03985780449584009,0.6384984324655156,25,30,20
9,4437,0.041829197813776996,0.27981442114514243,0.03985793810389183,0.638498442937188,25,30,20
9,4438,0.04182954943761497,0.279814421145196,0.03985793999147198,0.6384980894257164,25,30,20
9,4439,0.041827620455433756,0.27981442114508676,0.039857969072120504,0.6384999893273584,25,30,20
9,4440,0.04182345680855392,0.27981442114517446,0.039857977834738885,0.6385041442115321,25,30,20
9,4441,0.041684317206478666,0.27981442113984184,0.03985753154447927,0.6386437301091994,25,30,20
9,4442,0.03015806488503111,0.27981442849386096,0.05137455755624292,0.6386529490648644,25,30,20
9,4443,0.030158202374154487,0.2798144284938972,0.05137456013140985,0.6386528090005377,25,30,20
9,4444,0.030166294355997155,0.27981442849400384,0.051374567387607366,0.6386447097623908,25,30,20
9,4445,0.030166301996579357,0.27857656833491656,0.0526124199106095,0.638644709757894,25,30,20
9,4446,0.030166793874465466,0.27857656833502514,0.0526124248612337,0.6386442129292749,25,30,20
9,4447,0.030646244278603997,0.27857656833934064,0.05261279951368748,0.6381643878683669,25,30,20
9,4448,0.03064575190292765,0.27857656833923355,0.05261290954554549,0.6381647702122922,25,30,20
9,4449,0.030641753203474797,0.2781009936327566,0.05309248293222681,0.6381647702315408,25,30,20
9,4450,0.030647362156425554,0.2781009936327216,0.053092521328910125,0.6381591228819418,25,30,20
9,4451,0.030647362110821186,0.2781009883231695,0.05309252667454592,0.6381591228914625,25,30,20
9,4452,0.030659339946041052,0.27808955834549626,0.053091978826708186,0.6381591228817539,25,30,20
9,4453,0.007996123515159072,0.2780901631445386,0.07576349485831167,0.6381502184819902,25,30,20
9,4454,0.007990025173913643,0.27809016314446783,0.07576360963534669,0.6381562020462718,25,30,20
9,4455,0.007988198751924578,0.27810286072177276,0.07575273847546428,0.6381562020508382,25,30,20
9,4456,0.007504975035170061,0.27810286071550044,0.07575067980265664,0.6386414844466727,25,30,20
9,4457,0.0075107300719266775,0.2781028607154841,0.07575067719072179,0.6386357320218674,25,30,20
9,4458,0.01043515092402963,0.2781028607015515,0.07282625720298384,0.6386357311714337,25,30,20
9,4459,0.010435360777931358,0.2781028607015868,0.07282613984444143,0.6386356386760392,25,30,20
9,4460,0.010435250144765344,0.2781028607015142,0.07282613587506,0.6386357532786591,25,30,20
9,4461,0.01044371835648253,0.2798117222358412,0.07110880585707574,0.6386357535505991,25,30,20
9,4462,0.010443716507005228,0.27981172223584055,0.0711088058503744,0.6386357554067783,25,30,20
9,4463,0.009977654448859629,0.27981172223564255,0.07110860156651039,0.6391020217489861,25,30,20
9,4464,0.009498454072184798,0.27981172223130946,0.07110811521972546,0.6395817084767791,25,30,20
9,4465,0.006438962698255354,0.2798117222319967,0.07416760603325731,0.6395817090364894,25,30,20
9,4466,0.006433001983868991,0.27981172223197975,0.07416752541780249,0.6395877503663475,25,30,20
9,4467,0.006451971253214751,0.2798117222375276,0.07416779582913059,0.6395685106801255,25,30,20
9,4468,0.0010818468931241784,0.279811110095271,0.07953891272591494,0.6395681302856885,25,30,20
9,4469,0.001068013384649998,0.27982495638406857,0.07953889995535325,0.6395681302759271,25,30,20
9,4470,0.0010679814874924487,0.2798249563840511,0.07953889668651512,0.6395681654419403,25,30,20
9,4471,0.0010678760598517823,0.2798250693357311,0.07953888917191576,0.6395681654325002,25,30,20
9,4472,0.0010678455485890435,0.2798250693357314,0.07953888704103731,0.6395681980746408,25,30,20
9,4473,0.0010760160693805776,0.27982506933603785,0.07953887465010574,0.6395600399444746,25,30,20
9,4474,0.0010820817861284856,0.2798189948872496,0.07953888338205833,0.6395600399445625,25,30,20
9,4475,0.0010820442105942702,0.27981899488751505,0.07953898038982098,0.639559980512069,25,30,20
9,4476,0.0010738736327588108,0.27981899488720896,0.07954555705341447,0.6395615744266171,25,30,20
9,4477,0.0010737697132775662,0.2797876539705951,0.07957700188959146,0.6395615744265353,25,30,20
9,4478,0.0011651988181789977,0.2797876539050634,0.07948557250050553,0.6395615747762516,25,30,20
9,4479,0.0011707464660061138,0.2797428790735624,0.07952479967892903,0.639561574781502,25,30,20
9,4480,0.0007023744078470972,0.27982565257345404,0.07991040003680248,0.6395615729818958,25,30,20
9,4481,0.0006964167722437523,0.2798256525734374,0.07991040603420226,0.639567524620116,25,30,20
9,4482,0.0007027061947514083,0.27981860137250886,0.07991116779265989,0.6395675246400792,25,30,20
9,4483,0.0007022806553154622,0.27981860137241643,0.07991116260856286,0.6395679553637046,25,30,20
9,4484,0.0007021046388035975,0.27981860137238357,0.07991116329534671,0.6395681306934652,25,30,20
9,4485,0.0007080609492743846,0.2798186013724004,0.07991115733002203,0.6395621803483023,25,30,20
9,4486,0.0007082011034967738,0.2798186013721154,0.0799157188223802,0.6395574787020066,25,30,20
9,4487,0.0007078718220067556,0.2798581044360285,0.0798765450168646,0.6395574787250993,25,30,20
9,4488,0.0006975081299954613,0.27986856492438195,0.07987644851189019,0.6395574784337315,25,30,20
9,4489,0.0006974302569359306,0.27986864200326655,0.07987644931066709,0.6395574784291296,25,30,20
9,4490,0.0006972839911717393,0.27986864200334094,0.0798764892895972,0.6395575847158887,25,30,20
9,4491,0.000697424656481553,0.27986864200337785,0.07987649341408336,0.6395574399260561,25,30,20
9,4492,0.0007033841274606789,0.2798626641521691,0.07987651178955175,0.6395574399308173,25,30,20
9,4493,0.0006975020010166869,0.2798626641521694,0.0798765123055188,0.6395633215412938,25,30,20
9,4494,0.0007375851818493415,0.27986266415556865,0.07987680783108934,0.6395229428314915,25,30,20
9,4495,0.0007236115585094449,0.27986266415546235,0.07987996053252006,0.6395337637535072,25,30,20
9,4496,0.0007175839524235263,0.2798626641554654,0.07987754273689048,0.6395422091552194,25,30,20
9,4497,0.0007257894411069891,0.2798546740574055,0.07987732736577817,0.6395422091357081,25,30,20
9,4498,0.0007258932439067865,0.2798636263690002,0.07986827125130817,0.6395422091357836,25,30,20
9,4499,0.0007278170227350923,0.27986362636905465,0.07986512300496357,0.6395434336032455,25,30,20
9,4500,0.0007415879380937618,0.2798421233186883,0.07987285514507303,0.6395434335981435,25,30,20
9,4501,0.0007228892432173292,0.2798421233131761,0.07987266976645385,0.6395623176771515,25,30,20
9,4502,0.000728740477166475,0.2798421233130869,0.0798727483898951,0.6395563878198509,25,30,20
9,4503,0.000682669522812901,0.2798421233096305,0.07987240881230098,0.639602798355255,25,30,20
9,4504,0.0007033777516903075,0.2798421233124209,0.0798517008189426,0.6396027981169456,25,30,20
9,4505,0.0007232735325306372,0.2798421233125087,0.07985169961194485,0.6395829035430153,25,30,20
9,4506,0.0007291905147062981,0.2798421233125268,0.07985170256095761,0.6395769836118088,25,30,20
9,4507,0.0007293261672428704,0.2798421233125308,0.07985830952032535,0.6395702409999007,25,30,20
9,4508,0.0007296074174784283,0.2798416587526793,0.07985849283453328,0.6395702409953088,25,30,20
9,4509,0.0007138112170154802,0.2798416587526653,0.07985849036712628,0.6395860396631927,25,30,20
9,4510,0.0007214832489014196,0.2798416587526978,0.07985841112964664,0.639578446868754,25,30,20
9,4511,0.0010113386639594413,0.27984166273322064,0.07956855196309225,0.6395784466397274,25,30,20
9,4512,0.0019419579977940744,0.27984166273338223,0.07956714194499198,0.638649237323831,25,30,20
9,4513,0.0010173635180397806,0.2798416627332396,0.07956206492861245,0.6395789088201075,25,30,20
9,4514,0.001023569354661318,0.279841662733343,0.07955560946196001,0.6395791584500351,25,30,20
9,4515,0.0010364204520579275,0.2798286731979265,0.07955574787907711,0.6395791584709379,25,30,20
9,4516,0.001036314896499344,0.27982867319790833,0.07955574755740259,0.6395792643481891,25,30,20
9,4517,0.0010447390991339938,0.2798286731978253,0.07955575591029931,0.6395708317927408,25,30,20
9,4518,0.0010506964541442095,0.27982867319785926,0.07955587114835548,0.6395647591996405,25,30,20
9,4519,0.0010449549245532895,0.2798286731978793,0.07955587307718803,0.6395704988003792,25,30,20
9,4520,0.0010509130167144429,0.2798286731978962,0.07955589920945816,0.639564514575931,25,30,20
9,4521,0.0010509824690546538,0.27982865327680573,0.07955584970732776,0.639564514546812,25,30,20
9,4522,0.0010528415870214713,0.2798267872283278,0.07955585662346527,0.6395645145611855,25,30,20
9,4523,0.0010510174673873803,0.27982860689842926,0.07955586107759456,0.6395645145565889,25,30,20
9,4524,0.0010570122084777867,0.27982860689849864,0.07955574823906321,0.6395586326539604,25,30,20
9,4525,0.0010509170855374575,0.27983469902160246,0.07955575123913129,0.6395586326537288,25,30,20
9,4526,0.0010509159207100155,0.27985670158013815,0.07953374984542974,0.639558632653722,25,30,20
9,4527,0.0010569396661850047,0.27985670158017345,0.0795337515246284,0.6395526072290131,25,30,20
9,4528,0.001065173627713848,0.2798567015802278,0.07953373251498903,0.6395443922770694,25,30,20
9,4529,0.0010592869678803555,0.2798567015800179,0.07953359757417686,0.6395504138779249,25,30,20
9,4530,0.0010591783962641313,0.27985670157991044,0.0795334482128711,0.6395506718109542,25,30,20
9,4531,0.0010550182604713173,0.27985670157999726,0.07953333961455501,0.6395549405449761,25,30,20
9,4532,0.0010590417275169925,0.27985670157985587,0.07953332694962496,0.6395509297430021,25,30,20
9,4533,0.0010446190219172973,0.2798711288048103,0.07953332242603833,0.6395509297472339,25,30,20
9,4534,0.0010317700006257176,0.27988396514983077,0.07953333512337606,0.6395509297261673,25,30,20
9,4535,0.000768164585586107,0.2798839612019373,0.07979694260840398,0.6395509316040724,25,30,20
9,4536,0.0007619968048198142,0.2798906988134243,0.07979637277776787,0.6395509316039881,25,30,20
9,4537,0.0007537994736591618,0.2798906988134591,0.07979637143540494,0.6395591302774768,25,30,20
9,4538,0.0007538355116341461,0.27989069881347417,0.07979636942233612,0.6395590962525557,25,30,20
9,4539,0.0007603399292326428,0.27989069881349116,0.07979413044680612,0.6395548308104699,25,30,20
9,4540,0.0007604476829178233,0.27989045537809787,0.0797942661285824,0.6395548308104019,25,30,20
9,4541,0.0007621639422289101,0.27988888029274905,0.07979412495480503,0.639554830810217,25,30,20
9,4542,0.0007562425742356074,0.2798888802926599,0.07979411840696574,0.6395607587261387,25,30,20
9,4543,0.0007699397641268681,0.27988888029271086,0.07979412158919148,0.6395470583539707,25,30,20
9,4544,0.0007740463439206864,0.279884384503975,0.07979451080739304,0.6395470583447113,25,30,20
9,4545,0.0007601028123663269,0.2798843845038868,0.07979450345187253,0.6395610092318742,25,30,20
9,4546,0.0007559961911988615,0.27988887977017946,0.07979411479272859,0.6395610092458931,25,30,20
9,4547,0.00075182756196897,0.2798888797701222,0.07979411139575782,0.6395651812721507,25,30,20
9,4548,0.0007558892392170636,0.27988887977006927,0.0797941067358929,0.6395611242548204,25,30,20
9,4549,0.0012314862553959702,0.27988887977625504,0.07979454324606873,0.6390850907222799,25,30,20
9,4550,0.0012311514636931444,0.2798888797762361,0.07979454117408981,0.6390854275859805,25,30,20
9,4551,0.0012312897026419034,0.2798887438636738,0.07979453884694179,0.6390854275867422,25,30,20
9,4552,0.0012313232192322947,0.27988139539428053,0.07980185379464834,0.6390854275918385,25,30,20
9,4553,0.001237099021560228,0.2798813953942789,0.07980185519733332,0.6390796503868271,25,30,20
9,4554,0.001245170128549132,0.278642991771009,0.08103218770337874,0.6390796503970635,25,30,20
9,4555,0.0012451425733833639,0.27864299177099117,0.0810321864262928,0.6390796792293331,25,30,20
9,4556,0.001243249017278409,0.2786443371550028,0.08103273461241343,0.6390796792153057,25,30,20
9,4557,0.001237254956466558,0.27864433715493303,0.08103273156415039,0.6390856763244506,25,30,20
9,4558,0.0012291476762665802,0.2798898692303232,0.0797953067842878,0.6390856763091223,25,30,20
9,4559,0.0012293301437123522,0.2798900789666212,0.07979491456664807,0.6390856763230183,25,30,20
9,4560,0.0012592353040748116,0.27986056135645837,0.07979452615951699,0.6390856771799498,25,30,20
9,4561,0.0012589151764501646,0.27986033466541815,0.07979507299275578,0.6390856771653758,25,30,20
9,4562,0.0012628333259759323,0.27985640235267106,0.07979508712602851,0.6390856771953244,25,30,20
9,4563,0.0012489991861332585,0.279877963005787,0.07978736061708572,0.6390856771909941,25,30,20
9,4564,0.0012550328428115468,0.27987796300578927,0.07978736132226355,0.6390796428291359,25,30,20
9,4565,0.0012551036954993955,0.279877963005752,0.07978724375350517,0.6390796895452436,25,30,20
9,4566,0.001249081823045805,0.27987796300571727,0.07978724214354195,0.6390857130276951,25,30,20
9,4567,0.03524026557466908,0.27979519316443463,0.045878827467592816,0.6390857137933044,25,30,20
9,4568,0.035234271518280236,0.27979519316447066,0.045878789224229076,0.6390917460930209,25,30,20
9,4569,0.03522824773958516,0.2797951931644349,0.04587878765677792,0.6390977714392027,25,30,20
9,4570,0.03969786249180923,0.2797951896486913,0.041409173547933,0.6390977743115672,25,30,20
9,4571,0.03969786093718674,0.27978434008325415,0.041420024673089924,0.63909777430647,25,30,20
9,4572,0.039691974464641684,0.27978434008325387,0.04142010710579583,0.6391035783463098,25,30,20
9,4573,0.03969197093935596,0.27978434008329084,0.04142010796374091,0.6391035810136132,25,30,20
9,4574,0.03969200463870278,0.27978434008327235,0.041420109555753426,0.6391035457222725,25,30,20
9,4575,0.03968615274294129,0.2797843400832908,0.04142010881467075,0.6391093983590984,25,30,20
9,4576,0.03969207343509495,0.2797843400833264,0.04142011138835036,0.6391034750932296,25,30,20
9,4577,0.04059390673605846,0.2797843400877181,0.04142085620435884,0.638200896971866,25,30,20
9,4578,0.039692284161921866,0.2797843400834169,0.04142014182136009,0.6391032339333025,25,30,20
9,4579,0.039232915246103464,0.2797843400772726,0.041419712207672967,0.6395630324689524,25,30,20
9,4580,0.039239043067591795,0.2797781992073116,0.04141972523660781,0.6395630324884902,25,30,20
9,4581,0.039662469845960356,0.2797781992138288,0.04602699573206936,0.6345323352081427,25,30,20
9,4582,0.039656443164748596,0.2797847910109932,0.04602643063106749,0.6345323351931921,25,30,20
9,4583,0.03965657883119776,0.2797847910110289,0.04602643269781001,0.6345321974599645,25,30,20
9,4584,0.0396286351201785,0.2798126954735385,0.04602647279373255,0.6345321966125517,25,30,20
9,4585,0.03962831871158958,0.2798126954734658,0.04602644270039246,0.6345325431145534,25,30,20
9,4586,0.03962228755564394,0.27981269547346516,0.04602644262340361,0.6345385743474886,25,30,20
9,4587,0.04055573863801391,0.2798175652654978,0.0450881191435418,0.6345385769529477,25,30,20
9,4588,0.04055587753811235,0.27981797801003283,0.04508756750366784,0.634538576948188,25,30,20
9,4589,0.04055785353939042,0.27981797801007274,0.04508751815424761,0.6345366502962901,25,30,20
9,4590,0.0405580669197931,0.2798179780101604,0.04508755097089649,0.6345364040991509,25,30,20
9,4591,0.04055806496163511,0.27981794970153745,0.04508758121337492,0.6345364041234538,25,30,20
9,4592,0.04056433765814253,0.2798179497015208,0.04508758251558163,0.6345301301247562,25,30,20
9,4593,0.04055820630490608,0.27981794970153734,0.045087498604756054,0.6345363453888015,25,30,20
9,4594,0.04054610764907419,0.27981794970137275,0.045087484339571125,0.6345484583099831,25,30,20
9,4595,0.04054610270073656,0.2798179497013721,0.04508748570456185,0.6345484618933306,25,30,20
9,4596,0.040550192337691596,0.2798032045990741,0.045098141179347906,0.6345484618838875,25,30,20
9,4597,0.04014085206109899,0.27980320459262864,0.040490877861098555,0.6395650654851746,25,30,20
9,4598,0.040124724306391905,0.27980320459262575,0.04049086440375027,0.6395812066972326,25,30,20
9,4599,0.04011887525890602,0.27980320459267927,0.04049760754685849,0.6395803126015568,25,30,20
9,4600,0.03230454663607428,0.2798035145229854,0.04830876104248656,0.639583177798455,25,30,20
9,4601,0.0323044179135755,0.27981450462439805,0.04829789965922605,0.6395831778028017,25,30,20
9,4602,0.032304309651564424,0.27982546599510494,0.04828704655053879,0.6395831778027934,25,30,20
9,4603,0.032306028528414764,0.2798236031378453,0.048287190521597474,0.6395831778121439,25,30,20
9,4604,0.04140520563759292,0.27982329314323345,0.03919117608047109,0.6395803251387033,25,30,20
9,4605,0.07840308032962548,0.27981844541305584,0.002198135567795989,0.6395803386895236,25,30,20
9,4606,0.07841078716858278,0.2798184454131244,0.0021981422258318967,0.6395726251924618,25,30,20
9,4607,0.07841082035236373,0.27981844541316003,0.00219814439449587,0.6395725898399813,25,30,20
9,4608,0.07840468856715155,0.2798184454131766,0.002198144996928913,0.6395787210227438,25,30,20
9,4609,0.0784046886000192,0.27981844538267814,0.0021981449945520743,0.6395787210227515,25,30,20
9,4610,0.07854186753147664,0.27968066791493124,0.0021987429320451503,0.6395787216215478,25,30,20
9,4611,0.07854176266817438,0.2796806679148952,0.0021988587724925974,0.6395787106444386,25,30,20
9,4612,0.07854762577125328,0.27968066791487767,0.0022035563389959543,0.6395681499748737,25,30,20
9,4613,0.08041463302027646,0.27968064593772796,0.0003365886124936797,0.6395681324295025,25,30,20
9,4614,0.08054989833794828,0.27968064594399916,0.0003371976888127914,0.6394322580292406,25,30,20
9,4615,0.08054400763790563,0.27968064594399883,0.000332499118260785,0.6394428472998356,25,30,20
9,4616,0.08054218632249778,0.2790923765156992,0.0009225898713120989,0.6394428472904918,25,30,20
9,4617,0.08067557822965327,0.278958143534753,0.0009234300898414357,0.6394428481457531,25,30,20
9,4618,0.08066748274368667,0.27895814353470083,0.000930024675336706,0.6394443490462767,25,30,20
9,4619,0.08066748276442653,0.27895814353470105,0.0009300246871508904,0.639444349013722,25,30,20
9,4620,0.08078828248373958,0.2789581434139009,0.0008092256625582873,0.6394443484398018,25,30,20
9,4621,0.08079413325973438,0.2795425277568716,0.00021899053858911714,0.6394443484448054,25,30,20
9,4622,0.08079991093791601,0.2795425277568183,0.00021895827974392177,0.639438603025522,25,30,20
9,4623,0.0806685584991157,0.2795425277505084,0.00021835617462287804,0.6395705575757533,25,30,20
9,4624,0.08066859534599724,0.2795424896642029,0.00021835741864012823,0.6395705575711602,25,30,20
9,4625,0.08067494776471681,0.27954248966422396,0.00021835836417387805,0.6395642042068858,25,30,20
9,4626,0.08069710308463772,0.2795424896673826,0.00021842779329117785,0.6395419794546889,25,30,20
9,4627,0.0806967742640828,0.2795424896673969,0.0002184564284615059,0.6395422796400593,25,30,20
9,4628,0.08069081448651354,0.2795424896673794,0.00021841726864521745,0.6395482785774624,25,30,20
9,4629,0.08069680609554201,0.2795424896673615,0.00021841698865147983,0.6395422872484456,25,30,20
9,4630,0.08092174073033079,0.26067790875023045,0.018858062865918897,0.6395422876535207,25,30,20
9,4631,0.08092152948300438,0.26067790875026503,0.018858062354352688,0.6395424994123783,25,30,20
9,4632,0.08093544127808604,0.26067790875033386,0.018858067185397384,0.639528582786183,25,30,20
9,4633,0.08093537369644195,0.2606779087502966,0.018858064435105265,0.6395286531181565,25,30,20
9,4634,0.08093548069313948,0.26067821532578495,0.01885765089173628,0.6395286530893399,25,30,20
9,4635,0.08072477331587907,0.2795285652669928,0.00021800872309400113,0.6395286526940347,25,30,20
9,4636,0.08073469052895732,0.2795186631556775,0.00021799364193031745,0.6395286526734353,25,30,20
9,4637,0.08073479532718421,0.2795186631556774,0.00021799356392557327,0.6395285479532131,25,30,20
9,4638,0.08073477025443174,0.2795186631556615,0.00021799234176803913,0.6395285742481389,25,30,20
9,4639,0.0807266387659047,0.27952680526351564,0.00021798173221865635,0.6395285742383612,25,30,20
9,4640,0.08072088801558801,0.27952680526353285,0.00021798295708912104,0.6395343237637902,25,30,20
9,4641,0.08072113301020811,0.2795268052635522,0.00021806682105072073,0.6395339949051891,25,30,20
9,4642,0.08071486371685507,0.2795268052634972,0.00021798273986406758,0.6395403482797838,25,30,20
9,4643,0.08058150479888662,0.279660997785471,0.00021714999563364617,0.639540347420009,25,30,20
9,4644,0.08025634976569038,0.2796610294062212,0.0005422883781781797,0.6395403324499107,25,30,20
9,4645,0.08025659945082939,0.2796610294061877,0.0005422889242969315,0.6395400822186864,25,30,20
9,4646,0.08025673963167762,0.27966088134468614,0.0005422968048682318,0.6395400822187685,25,30,20
9,4647,0.08026259248882585,0.27966088134463574,0.0005355553546634093,0.6395409708118751,25,30,20
9,4648,0.08077584986461422,0.27966084963551385,2.233092952808993e-05,0.6395409695703439,25,30,20
9,4649,0.08078173524197906,0.2796608496355138,2.244534570613225e-05,0.6395349697768008,25,30,20
9,4650,0.0807756080309894,0.27966084963546095,2.2414061464341994e-05,0.6395411282720853,25,30,20
9,4651,0.08029664334171116,0.2796608506074083,0.0005004950745576648,0.6395420109763228,25,30,20
9,4652,0.08029079301766147,0.27966670349481965,0.0005004925112759456,0.639542010976243,25,30,20
9,4653,0.08029068671472374,0.27966678494941816,0.000500517315823993,0.639542011020034,25,30,20
9,4654,0.08029054743431763,0.27966692561897843,0.0005005159267535288,0.6395420110199506,25,30,20
9,4655,0.08014741069505762,0.27981064905953035,0.0004999298241743282,0.6395420104212378,25,30,20
9,4656,0.06472657831248035,0.27981066380031483,0.015917592769452812,0.6395451651177523,25,30,20
9,4657,0.06473295392839272,0.279810663800317,0.015917593611601014,0.6395387886596894,25,30,20
9,4658,0.06473312733370007,0.279810663800372,0.015917598632142423,0.6395386102337857,25,30,20
9,4659,0.06473890794438025,0.2798106638003713,0.015917597502673894,0.6395328307525747,25,30,20
9,4660,0.06475480736045905,0.27981066380047626,0.01591768945490467,0.6395168393841603,25,30,20
9,4661,0.06474881551709193,0.27981066380044056,0.01591768933719266,0.6395228313452751,25,30,20
9,4662,0.06474884942829288,0.27981066380046127,0.0159176932265013,0.6395227935447445,25,30,20
9,4663,0.06474268686282265,0.2798106638004247,0.01591769056955754,0.6395289587671951,25,30,20
9,4664,0.06475105788129892,0.2798106638005513,0.015917585386171326,0.6395206929319783,25,30,20
9,4665,0.06475701684192442,0.2798106638005138,0.015917581315881134,0.6395147380416806,25,30,20
9,4666,0.06475715631723446,0.27981066380054875,0.01591098082098954,0.6395211990612272,25,30,20
9,4667,0.0647650024221789,0.2797950889935168,0.01591870950866374,0.6395211990756404,25,30,20
9,4668,0.06478083991249907,0.27979508899258626,0.015920479958692824,0.6395035911362218,25,30,20
9,4669,0.06478693828628715,0.2797950889925872,0.01592048005258241,0.6394974926685427,25,30,20
9,4670,0.0647507975570311,0.27979508899042815,0.015918644634136704,0.6395354688184035,25,30,20
9,4671,0.06474665932632946,0.27979508899051414,0.015918650766519108,0.6395396009166368,25,30,20
9,4672,0.06473625584456211,0.2797950889905649,0.01591865485504755,0.6395500003098249,25,30,20
9,4673,0.06473835123267618,0.27979508899062155,0.015918738505054337,0.6395478212716476,25,30,20
9,4674,0.06514631112969099,0.2797950880233342,0.015511661663795473,0.639546939183179,25,30,20
9,4675,0.06514434859216647,0.2797950880232466,0.015511655379185467,0.6395489080054011,25,30,20
9,4676,0.06513811813599503,0.2797950880232598,0.015511697646865606,0.6395550961938792,25,30,20
9,4677,0.06513027203321063,0.2797950880231907,0.015511691707283403,0.639562948236315,25,30,20
9,4678,0.06513230432482563,0.27979508802301395,0.015511677048547454,0.6395609306036127,25,30,20
9,4679,0.06513216266723466,0.27979508802301395,0.015511678057829527,0.6395610712519217,25,30,20
9,4680,0.06558016540394655,0.2793539101344074,0.015504852644470896,0.639561071817175,25,30,20
9,4681,0.06558016422859252,0.27935391013440625,0.015504852560502838,0.6395610730764985,25,30,20
9,4682,0.06572007349267199,0.2793539101399014,0.015505311772857187,0.6394207045945695,25,30,20
9,4683,0.06572607776971309,0.27934735350920215,0.015505864121813127,0.6394207045992715,25,30,20
9,4684,0.06573210497455759,0.2793473535092735,0.015505866811276517,0.6394146747048921,25,30,20
9,4685,0.06574794376589758,0.27934735350941514,0.01550587909248225,0.6393988236322048,25,30,20
9,4686,0.06574787070748057,0.2793468487143815,0.015506456945767468,0.6393988236323702,25,30,20
9,4687,0.06575600229649167,0.2793468487145783,0.015506566422223636,0.6393905825667059,25,30,20
9,4688,0.06575586165225955,0.2793468487145583,0.015506567005017806,0.6393907226281634,25,30,20
9,4689,0.06575572111763542,0.2793475678589865,0.015505988395387207,0.6393907226279899,25,30,20
9,4690,0.0657497326712998,0.279347567859021,0.015506016054714468,0.6393966834149637,25,30,20
9,4691,0.0657437091215719,0.2793475678590025,0.015506012677498212,0.6394027103419263,25,30,20
9,4692,0.062018334792158375,0.27934756790457926,0.019231381518261308,0.6394027157850001,25,30,20
9,4693,0.0620123452168356,0.2793535545893192,0.019231384413690825,0.6394027157801536,25,30,20
9,4694,0.06201259687890203,0.27935355458926825,0.019231385233036812,0.6394024632987925,25,30,20
9,4695,0.06199668641947026,0.2793535545891794,0.01923137578073369,0.6394183832106161,25,30,20
9,4696,0.06199668628421458,0.27935357189089255,0.01923135859505782,0.6394183832298346,25,30,20
9,4697,0.0619907700592468,0.2793588192385231,0.019232027510641847,0.639418383191588,25,30,20
9,4698,0.06199676500235401,0.27935881923859596,0.019231968154628784,0.6394124476044205,25,30,20
9,4699,0.0620030359582995,0.2793588192385803,0.019231972117860156,0.6394061726852592,25,30,20
9,4700,0.061999004716231196,0.2793588192386482,0.019231976491870716,0.6394101995532491,25,30,20
9,4701,0.06199718447941655,0.27935881923865047,0.01923858319411355,0.6394054130878187,25,30,20
9,4702,0.06199914865130965,0.27935629344750756,0.019239144775080534,0.6394054131261016,25,30,20
9,4703,0.06153521258107699,0.2798209494983157,0.019238425378925506,0.6394054125416812,25,30,20
9,4704,0.06153325108366659,0.2798209494982281,0.0192384191259596,0.6394073802921451,25,30,20
9,4705,0.075877401214012,0.2798209380367565,0.004848923766269671,0.6394527369829612,25,30,20
9,4706,0.07587583367616985,0.27982243503653104,0.004848994279809132,0.6394527370074896,25,30,20
9,4707,0.07588175111604459,0.27982243503651344,0.004842385583251751,0.6394534282641898,25,30,20
9,4708,0.07585992974545128,0.2798224350363728,0.0048422917831983546,0.6394753434349771,25,30,20
9,4709,0.07585592251916631,0.27982697660215583,0.004841757438794851,0.6394753434398825,25,30,20
9,4710,0.07586167068658979,0.2798269766021567,0.004841727972717072,0.6394696247385361,25,30,20
9,4711,0.07585966624975395,0.27982697660235034,0.004841746293552919,0.6394716108543425,25,30,20
9,4712,0.07586176959020366,0.2798269766022286,0.004841733622485176,0.6394695201850822,25,30,20
9,4713,0.07585563430730366,0.2798269766022624,0.004841730942146566,0.6394756581482871,25,30,20
9,4714,0.07585549859131255,0.2798269766022446,0.004841729644415753,0.6394757951620269,25,30,20
9,4715,0.0758774605806039,0.2798269766023693,0.004841745624093036,0.6394538171929335,25,30,20
9,4716,0.07587339467642637,0.27982697660238653,0.004846450479437641,0.639453178241749,25,30,20
9,4717,0.0758714294504534,0.2798291136359288,0.004846278710397368,0.63945317820322,25,30,20
9,4718,0.07587759404945045,0.27982911363605445,0.0048463696092145335,0.63944692270528,25,30,20
9,4719,0.07588375873194812,0.27982364025529277,0.004845678312937832,0.6394469226998208,25,30,20
9,4720,0.07574423879340228,0.27982364024985346,0.0048452507052634194,0.6395868702514808,25,30,20
9,4721,0.07574423743227843,0.2798240279118864,0.0048448644043603065,0.6395868702514749,25,30,20
9,4722,0.07574420118063122,0.27982402791183103,0.004844874505006567,0.6395868964025312,25,30,20
9,4723,0.07574017366798212,0.2798240279119017,0.004844880505339738,0.6395909179147766,25,30,20
9,4724,0.06801584830167436,0.2798240246950092,0.012617496221643298,0.6395426307816734,25,30,20
9,4725,0.06800982176678086,0.2798240246949376,0.012617494053178859,0.6395486594851034,25,30,20
9,4726,0.06850231895181907,0.27982451483579845,0.012122523477761701,0.6395506427346214,25,30,20
9,4727,0.06850221164223433,0.27982451483578125,0.01212252126077521,0.6395507522612095,25,30,20
9,4728,0.06848024589782417,0.2798245148356562,0.012122621151330878,0.6395726181151891,25,30,20
9,4729,0.06849594225688022,0.27980107641706675,0.012130363191822964,0.6395726181342304,25,30,20
9,4730,0.06895822987874287,0.279801076417159,0.012125807574883983,0.6391148861292144,25,30,20
9,4731,0.06894828272035353,0.27980107642031765,0.012125863326761861,0.6391247775325674,25,30,20
9,4732,0.0689501181541979,0.25399402394798815,0.03793108027741327,0.6391247776204012,25,30,20
9,4733,0.06894793866119801,0.2539940239448273,0.03793102130909876,0.6391270160848764,25,30,20
9,4734,0.06895582231232773,0.2539940239448785,0.0379310273655328,0.6391191263772613,25,30,20
9,4735,0.06895382474127885,0.25399564611235087,0.03793140277829531,0.6391191263680753,25,30,20
9,4736,0.06895978224052357,0.2539891094708416,0.03793198192063909,0.639119126367996,25,30,20
9,4737,0.06895774692897852,0.25399132681525205,0.037931799873486646,0.6391191263822833,25,30,20
9,4738,0.0689582697357346,0.25227331747388076,0.0396492863921238,0.6391191263982612,25,30,20
9,4739,0.0689728730617741,0.2522733174739561,0.039649351116641696,0.639104458347628,25,30,20
9,4740,0.068964394652163,0.25227331747379345,0.039649240730525094,0.6391130471435182,25,30,20
9,4741,0.0689584365966111,0.25227331747377585,0.03964917785010721,0.639119068079506,25,30,20
9,4742,0.06895829088941824,0.2522733174737572,0.039649147964516886,0.6391192436723078,25,30,20
9,4743,0.06849418046578123,0.2522733174736302,0.03964903607321685,0.6395834659873719,25,30,20
9,4744,0.06850020476811249,0.25226729847574914,0.039649030759158405,0.63958346599698,25,30,20
9,4745,0.07130709623191771,0.25226729954807037,0.03684210125690487,0.6395835029631072,25,30,20
9,4746,0.07131305495497268,0.2522672995480892,0.03684209647295041,0.6395775490239878,25,30,20
9,4747,0.07145573907597816,0.2538415448997016,0.035125166166188354,0.6395775498581321,25,30,20
9,4748,0.0714558789434516,0.2538415448997739,0.03512517042144078,0.6395774057353342,25,30,20
9,4749,0.07145560011643964,0.2538415448996478,0.035125197900378644,0.6395776570835344,25,30,20
9,4750,0.07147738864841564,0.2538415448997894,0.035125253851218015,0.6395558126005774,25,30,20
9,4751,0.07147552977749563,0.2538415448997383,0.03512512874836855,0.639557796574398,25,30,20
9,4752,0.07146102890612709,0.2538415448996789,0.035125146621624734,0.6395722795725696,25,30,20
9,4753,0.07133162762048152,0.25397149077658865,0.03512460289034718,0.6395722787125829,25,30,20
9,4754,0.07133165970174167,0.25397149077658926,0.03512460389015525,0.6395722456315137,25,30,20
9,4755,0.07131775014729365,0.253984626704426,0.03512537752593473,0.6395722456223455,25,30,20
9,4756,0.07131007597064609,0.2539846267043569,0.0351253716162691,0.639579925708728,25,30,20
9,4757,0.07130380269468184,0.2539846267043719,0.03512536819828322,0.639586202402663,25,30,20
9,4758,0.07129966955870252,0.25398462670435135,0.03512536751993092,0.639590336217015,25,30,20
9,4759,0.07130170058186802,0.2539826108676918,0.03512535234788218,0.639590336202558,25,30,20
9,4760,0.07130775978097109,0.2539763816111823,0.03512552240528729,0.6395903362025592,25,30,20
9,4761,0.07130775887006124,0.25397638161116515,0.035125522301059614,0.6395903372177137,25,30,20
9,4762,0.07130782964313234,0.25397638161112795,0.03512551757688905,0.6395902711688501,25,30,20
9,4763,0.07130829055545332,0.2539764738576145,0.03512496441799093,0.6395902711689407,25,30,20
9,4764,0.07128639073458394,0.2540061041482069,0.0351172339672984,0.6395902711499104,25,30,20
9,4765,0.07129448279985325,0.2540061041482581,0.03511724251235282,0.6395821705395356,25,30,20
9,4766,0.07128992471855151,0.23858644201025023,0.05054146272248474,0.6395821705487135,25,30,20
9,4767,0.07128393466534606,0.23859243265319732,0.05054146213741757,0.639582170544039,25,30,20
9,4768,0.0712839421678786,0.23859243265319832,0.05054148866617636,0.6395821365127464,25,30,20
9,4769,0.0712879731474281,0.23859243265314578,0.05054148287352687,0.6395781113258995,25,30,20
9,4770,0.07128797129091036,0.23859243265314578,0.05054148288563515,0.639578113170309,25,30,20
9,4771,0.07129382282398072,0.23859243265318295,0.05054148564730882,0.6395722588755279,25,30,20
9,4772,0.07130780382469964,0.2385924326532371,0.05054141009783904,0.6395583534242246,25,30,20
9,4773,0.07131376330840762,0.2385867045783412,0.05054117868920893,0.6395583534240425,25,30,20
9,4774,0.07131989698107903,0.2385867045783243,0.050541066015181116,0.6395523324254156,25,30,20
9,4775,0.07132011293307178,0.23858648220072326,0.05054107244988059,0.6395523324163244,25,30,20
9,4776,0.0713325146401905,0.23858648220077924,0.0505411951657951,0.6395398079932351,25,30,20
9,4777,0.07133650782017231,0.2373977145002091,0.051725969666655054,0.6395398080129637,25,30,20
9,4778,0.0713427155266281,0.23739771450020875,0.05172597164885583,0.6395335983243072,25,30,20
9,4779,0.07134246536755047,0.23566117749309792,0.05346275881539398,0.6395335983239575,25,30,20
9,4780,0.07132852118066228,0.2356611774930801,0.053462754572972455,0.6395475467532851,25,30,20
9,4781,0.07132292264034526,0.23613143837929948,0.052998074701385275,0.6395475642789699,25,30,20
9,4782,0.07132288879974263,0.23613143837924588,0.052998071345678424,0.6395476014753327,25,30,20
9,4783,0.0713167045458742,0.26194272479740977,0.027192969293905894,0.63954760136281,25,30,20
9,4784,0.07856348433782123,0.26194223523247023,0.019948875691749118,0.6395454047379593,25,30,20
9,4785,0.07856334227378552,0.26194223523246957,0.019948872155174224,0.6395455503385706,25,30,20
9,4786,0.07856923277979484,0.26194223523273696,0.01994886738138754,0.6395396646060807,25,30,20
9,4787,0.07856746855160629,0.2619422352325439,0.019948952224545836,0.6395413439913039,25,30,20
9,4788,0.07856759991059012,0.2619426516203979,0.01994840447771658,0.6395413439912955,25,30,20
9,4789,0.07856932203410637,0.26194265162048547,0.019948494206515146,0.6395395321388928,25,30,20
9,4790,0.07857495493844081,0.2632091387050204,0.01867639174324963,0.6395395146132892,25,30,20
9,4791,0.07858922904985927,0.2631726536182738,0.018698602688801733,0.6395395146430651,25,30,20
9,4792,0.0785873752680572,0.26317265361822123,0.018698598843319016,0.6395413722704026,25,30,20
9,4793,0.07858737142683435,0.2631726536182212,0.018698638777650472,0.6395413361772938,25,30,20
9,4794,0.07860120690170215,0.26317265361829,0.018698643377262066,0.6395274961027456,25,30,20
9,4795,0.0786012834900456,0.26315011309667524,0.018721107310589298,0.6395274961026897,25,30,20
9,4796,0.07859515177277283,0.26315011309669156,0.01872110648247755,0.639533628648058,25,30,20
9,4797,0.07872279310476832,0.2630226109092736,0.018720966728767316,0.6395336292571906,25,30,20
9,4798,0.07872293408736476,0.2630226109092927,0.01872084900476366,0.6395336059985787,25,30,20
9,4799,0.07871904935712054,0.2642002912496516,0.01754705341438551,0.6395336059788425,25,30,20
9,4800,0.07869722828167428,0.26420029124949124,0.01754695745649288,0.6395555230123421,25,30,20
9,4801,0.0786892744113796,0.2642002912525803,0.01754695834667594,0.6395634759893647,25,30,20
9,4802,0.07877528478309231,0.2642003070766385,0.01746091100127549,0.6395634971389944,25,30,20
9,4803,0.07877538518187185,0.2642003070765173,0.01746082609523236,0.639563481646379,25,30,20
9,4804,0.07878932624913917,0.2642003070765877,0.017460947909334425,0.6395494187649392,25,30,20
9,4805,0.07878333577005897,0.264217907108737,0.01744933835161994,0.6395494187695846,25,30,20
9,4806,0.07877730753888337,0.26421790710870097,0.01744933704064773,0.6395554483117681,25,30,20
9,4807,0.07877915984116811,0.2642191840715686,0.017446207770749025,0.6395554483165145,25,30,20
9,4808,0.078787149287422,0.26421918407156514,0.017446210467075143,0.6395474561739375,25,30,20
9,4809,0.07877502818315105,0.26421918407151107,0.017446092421440906,0.6395596953238968,25,30,20
9,4810,0.0787809481736873,0.2642191840715282,0.017446175639198203,0.6395536921155859,25,30,20
9,4811,0.07877495875208268,0.264219184071511,0.017446176813321973,0.6395596803630841,25,30,20
9,4812,0.07876904040848562,0.2642191840714929,0.017446093000462383,0.6395656825195588,25,30,20
9,4813,0.07876900364507775,0.2629921779173254,0.018673135913361835,0.639565682524235,25,30,20
9,4814,0.07876696996362001,0.26299217791732404,0.01867313206093399,0.6395677200581219,25,30,20
9,4815,0.07876087174914514,0.2629921779141652,0.018673122711288383,0.6395738276254014,25,30,20
9,4816,0.07877471215064168,0.2629921779142173,0.01867308848095801,0.6395600214541828,25,30,20
9,4817,0.0787687205642053,0.2629921779142352,0.01867309015764719,0.6395660113639121,25,30,20
9,4818,0.07878496524818333,0.2629921779196052,0.018673158127549872,0.6395496987046614,25,30,20
9,4819,0.07878075988664165,0.2629921779195141,0.018673050402643953,0.6395540117911996,25,30,20
9,4820,0.0787884467846358,0.2630068786521145,0.018650662763020086,0.6395540118002292,25,30,20
9,4821,0.07879244091975088,0.26300687865262296,0.019023559247533052,0.6391771211800927,25,30,20
9,4822,0.07877047622499349,0.2630277554111526,0.019024647222484637,0.6391771211413689,25,30,20
9,4823,0.07876623127979843,0.2630277554112229,0.019024653322426185,0.6391813599865519,25,30,20
9,4824,0.07878815777885538,0.26300580813884666,0.019024674066852938,0.6391813600154443,25,30,20
9,4825,0.07879229202637103,0.2630058081388304,0.019024668371385726,0.6391772314634122,25,30,20
9,4826,0.07879631943688874,0.2784260114422279,0.003600437667165138,0.6391772314537181,25,30,20
9,4827,0.0787941452360141,0.27842601144234985,0.003600448376717265,0.6391793949449185,25,30,20
9,4828,0.07880020900092112,0.2784260114424806,0.0036005322349596074,0.6391732473216385,25,30,20
9,4829,0.07879432310695295,0.2784318903941222,0.003600539177197923,0.6391732473217268,25,30,20
9,4830,0.07879050388689657,0.2784318903940002,0.003600528445794165,0.639177077273309,25,30,20
9,4831,0.07877656076732388,0.2784318903939129,0.0036006039572028725,0.6391909448815607,25,30,20
9,4832,0.07877613797157655,0.2784318903938554,0.003600483209818718,0.6391914884247502,25,30,20
9,4833,0.0797463078930323,0.2784318739391363,0.0026303614341999155,0.6391914567336321,25,30,20
9,4834,0.0797521593151157,0.27843187393911695,0.002630359976300547,0.6391856067694675,25,30,20
9,4835,0.07948746896522879,0.27843187393334906,0.002895050210934425,0.6391856068904884,25,30,20
9,4836,0.08048072307817127,0.2784318728152089,0.0019018401993325302,0.639185563907288,25,30,20
9,4837,0.08048072299876635,0.27843187281520887,0.0019018401880290883,0.6391855639979962,25,30,20
9,4838,0.08048075554241742,0.27843187281522763,0.0019018420555017115,0.6391855295868536,25,30,20
9,4839,0.08048677963688941,0.2784318728152636,0.001901763736759999,0.6391795838110874,25,30,20
9,4840,0.0804827848454402,0.2784318728147542,0.0015288682098991491,0.6395564741299069,25,30,20
9,4841,0.07999181794847778,0.2784318728128304,0.0020198347971893595,0.639556474441503,25,30,20
9,4842,0.08018780127039989,0.27843187281616644,0.0018238509225236893,0.6395564749909105,25,30,20
9,4843,0.08020006570782467,0.27843187281616866,0.0019163752783787156,0.6394516861976283,25,30,20
9,4844,0.08020595274183666,0.2784266972402576,0.0019156638203633558,0.6394516861975428,25,30,20
9,4845,0.08020605687607713,0.2784266972402757,0.0019156627415055502,0.6394515831421416,25,30,20
9,4846,0.08021215468420749,0.27842669724027563,0.0019156627988268277,0.6394454852766895,25,30,20
9,4847,0.08020623293868707,0.2784266972402603,0.001915665744818204,0.6394514040762339,25,30,20
9,4848,0.08020045168852291,0.2784266972402597,0.001915693645639533,0.6394571574255772,25,30,20
9,4849,0.08019445934195786,0.2784266972402779,0.0019156940279651616,0.6394631493897984,25,30,20
9,4850,0.08033356661260693,0.27842669724559177,0.0019161079460042001,0.6393236281957965,25,30,20
9,4851,0.08033945257049219,0.27842081108478056,0.0019161081440888265,0.6393236282006377,25,30,20
9,4852,0.08033157075154121,0.2784208110847483,0.0019161028468094765,0.6393315153169005,25,30,20
9,4853,0.08033350122811314,0.27842081108483624,0.0019161066462059682,0.6393295810408441,25,30,20
9,4854,0.08032751043093589,0.2784266425564725,0.0019162659716604913,0.6393295810409308,25,30,20
9,4855,0.08032747665605716,0.2784266425564544,0.0019162642320400798,0.6393296165554482,25,30,20
9,4856,0.08032137954744764,0.27671503871140624,0.0036339651838206643,0.6393296165573252,25,30,20
9,4857,0.06800397203146334,0.27671503871194836,0.01595136923604561,0.6393296200205427,25,30,20
9,4858,0.06799794596053042,0.27671503871191083,0.015951368024161753,0.6393356473033971,25,30,20
9,4859,0.06800394080941785,0.27671503871189396,0.0159514529493056,0.6393295675293824,25,30,20
9,4860,0.06800401011427007,0.27671503871187514,0.015951451600481156,0.6393294995733736,25,30,20
9,4861,0.06801196446350458,0.2767066891403653,0.015951846818248173,0.6393294995778818,25,30,20
9,4862,0.06801785224594377,0.2767066891403642,0.015951846615622725,0.6393236119980692,25,30,20
9,4863,0.06801830446034832,0.2767066891403866,0.015954129297359673,0.6393208771019053,25,30,20
9,4864,0.0679965180969062,0.2767279418618331,0.01595466295837228,0.6393208770828884,25,30,20
9,4865,0.06798881056333117,0.2767356563393125,0.015954656023736625,0.6393208770736197,25,30,20
9,4866,0.06799483673361774,0.27673017944063405,0.01595410673776498,0.6393208770879832,25,30,20
9,4867,0.06786120588292185,0.2768642572446258,0.01595366039360445,0.6393208764788478,25,30,20
9,4868,0.06784736489254578,0.2768642572445917,0.01595365490515593,0.6393347229577068,25,30,20
9,4869,0.08045942670140808,0.27686425724284025,0.003341593930408954,0.6393347221253429,25,30,20
9,4870,0.08092356901000533,0.2768642572430212,0.003341883038546093,0.6388702907084275,25,30,20
9,4871,0.08090934418380298,0.27686425724294933,0.003249352021765223,0.6389770465514828,25,30,20
9,4872,0.08091547567556544,0.27686425724305636,0.0032493587905283454,0.6389709082908502,25,30,20
9,4873,0.08091555353761841,0.2768642572430733,0.0032493579927804243,0.638970831226528,25,30,20
9,4874,0.08091552272465304,0.27686425724307356,0.003249355933477355,0.6389708640987961,25,30,20
9,4875,0.08092151674648555,0.276864257243056,0.0032494380869478676,0.6389647879235107,25,30,20
9,4876,0.08092148263137293,0.27686428701319643,0.0032494424417133455,0.6389647879137175,25,30,20
9,4877,0.08091545961944213,0.2768642870131781,0.003249556881411928,0.638970696485968,25,30,20
9,4878,0.0809156682863129,0.27685667696764343,0.003256958274442393,0.6389706964716013,25,30,20
9,4879,0.08092966060666719,0.2780545196771262,0.0020451232394954675,0.6389706964767113,25,30,20
9,4880,0.0809355127990499,0.2780545196770893,0.002045121519318419,0.6389648460045424,25,30,20
9,4881,0.0809294495266364,0.2780545196770902,0.00204512406318674,0.6389709067330868,25,30,20
9,4882,0.0812014756913644,0.2780545196759095,0.0017730982576977328,0.6389709063750284,25,30,20
9,4883,0.08121545124043628,0.2780410950187689,0.0017725473466410574,0.6389709063941538,25,30,20
9,4884,0.0812033158834355,0.2780479667994849,0.0017778109181756693,0.638970906398904,25,30,20
9,4885,0.08119306351133038,0.27804796679409816,0.0017777433997027434,0.638981226294869,25,30,20
9,4886,0.08210246750843812,0.27804796679823623,0.001778279093704399,0.6380712865996218,25,30,20
9,4887,0.0821103133633759,0.27804796679834004,0.0017782859879363962,0.638063433850348,25,30,20
9,4888,0.0821163051127576,0.2780479667983748,0.0017782851179167908,0.6380574429709512,25,30,20
9,4889,0.08212394528393156,0.27804796680152666,0.0017760146343921348,0.6380520732801499,25,30,20
9,4890,0.08211385147529372,0.2780479667985125,0.0017760159748476075,0.6380621657513463,25,30,20
9,4891,0.08259385838502581,0.27804796679869337,0.001777867479515661,0.6375803073367654,25,30,20
9,4892,0.08270736992169427,0.27804796679867605,0.0017780376503670973,0.6374666256292628,25,30,20
9,4893,0.08271357136297923,0.2780479667987465,0.0017803167012211572,0.6374581451370532,25,30,20
9,4894,0.08224956969970132,0.27804796679860305,0.002046212133954841,0.6376562513677411,25,30,20
9,4895,0.08225370484311974,0.2780752791678164,0.0020147646359430283,0.6376562513531213,25,30,20
9,4896,0.08225776676561497,0.2780752791677657,0.00201476650376344,0.6376521875628566,25,30,20
9,4897,0.08212953500159972,0.27807529108274287,0.0021429687004301122,0.637652205215228,25,30,20
9,4898,0.08212547332082369,0.27807529108279516,0.0024091455297888175,0.637390090066593,25,30,20
9,4899,0.08165145598708495,0.2780752910826315,0.0024072942531274295,0.6378659586771569,25,30,20
9,4900,0.08178676315796685,0.2780752910890104,0.0024055140754025276,0.637732431677621,25,30,20
9,4901,0.08179079047806541,0.27807899205933645,0.002397785794479941,0.637732431668119,25,30,20
9,4902,0.08179089426607394,0.2780789920593183,0.002397868205877074,0.6377322454687314,25,30,20
9,4903,0.08179089943085234,0.2780793766537283,0.002397478446769113,0.637732245468651,25,30,20
9,4904,0.0569200081886374,0.2780793766911978,0.027268366373434376,0.637732248746731,25,30,20
9,4905,0.05691216197184833,0.2780872272784083,0.027268362021972973,0.6377322487277708,25,30,20
9,4906,0.05691002085871291,0.27808722727856683,0.02726828930474907,0.6377344625579713,25,30,20
9,4907,0.05690788054458972,0.27808722727872576,0.02726822129139422,0.6377366708852902,25,30,20
9,4908,0.05691012081939603,0.27807726628453383,0.027275942009946378,0.6377366708861237,25,30,20
9,4909,0.056910310765598646,0.278045625457387,0.027307392890249315,0.637736670886765,25,30,20
9,4910,0.05677496978363537,0.2780456254509378,0.027306892056188616,0.6378725127092383,25,30,20
9,4911,0.056781033512030676,0.2797571043565232,0.02558934942314679,0.6378725127082996,25,30,20
9,4912,0.05678887968387596,0.27974925477282375,0.025589352825394828,0.6378725127179056,25,30,20
9,4913,0.05679504712675558,0.279749254772896,0.025589360483214852,0.6378663376171335,25,30,20
9,4914,0.05679515336098201,0.2797491582128794,0.025589350809005307,0.6378663376171334,25,30,20
9,4915,0.05679746462488541,0.27974915821277446,0.02558934002745577,0.6378640371348844,25,30,20
9,4916,0.056791066288336065,0.27975554941527053,0.025589347162152602,0.6378640371342409,25,30,20
9,4917,0.05678514536144129,0.2797555494152499,0.025589339215574432,0.6378699660077344,25,30,20
9,4918,0.056779082150948804,0.2797555494152508,0.02558925836554606,0.6378761100682542,25,30,20
9,4919,0.05677908645295957,0.2797331468973805,0.025611656581484458,0.6378761100681755,25,30,20
9,4920,0.056779088041575346,0.2797405484780731,0.025604253412008386,0.6378761100683429,25,30,20
9,4921,0.051033474509148566,0.27974078358545124,0.03125711423168795,0.6379686276737118,25,30,20
9,4922,0.051062312674804725,0.2797407836476349,0.03099127981364029,0.6382056238639198,25,30,20
9,4923,0.0510624230171904,0.27974078364770527,0.030997884659041915,0.638198908676062,25,30,20
9,4924,0.051062351499556374,0.27850303276576605,0.03223570705937915,0.638198908675298,25,30,20
9,4925,0.05103754148585314,0.27850303270351295,0.03223536390038488,0.6382240619102487,25,30,20
9,4926,0.051031937430062166,0.2785030327034804,0.03223536162291495,0.6382296682435422,25,30,20
9,4927,0.05103378807153887,0.278503032703532,0.03223536827175231,0.6382278109531765,25,30,20
9,4928,0.051027687874335675,0.2785315114294976,0.032212989742990146,0.6382278109531763,25,30,20
9,4929,0.051033395862094384,0.278531511429424,0.03221298632988435,0.638222106378597,25,30,20
9,4930,0.0509000388606115,0.27853151142409205,0.032212540764844456,0.6383559089504519,25,30,20
9,4931,0.050899866133273124,0.27853151142403815,0.03221253710891833,0.6383560853337703,25,30,20
9,4932,0.050915798816885245,0.27853151142419774,0.03221263282515762,0.6383400569337593,25,30,20
9,4933,0.05091188650332568,0.2793516871541924,0.03139636940212073,0.6383400569403609,25,30,20
9,4934,0.05091178316641607,0.27935168715429975,0.03139637522837285,0.6383401544509111,25,30,20
9,4935,0.05092618116325709,0.2793516871544448,0.031396417323147324,0.6383257143591505,25,30,20
9,4936,0.05001701684751879,0.2793516871673362,0.03140405402006934,0.6392272419650753,25,30,20
9,4937,0.07310809478604358,0.2793516877683202,0.008309530111469355,0.6392306873341663,25,30,20
9,4938,0.07310806335225593,0.27935168775114483,0.008301275780512719,0.639238973116086,25,30,20
9,4939,0.0731081708978242,0.2793516877511266,0.008301276385536474,0.6392388649655121,25,30,20
9,4940,0.07310809555689292,0.27935168775105707,0.008294715552746143,0.6392455011393035,25,30,20
9,4941,0.07311398274427229,0.2793516877510583,0.008294599803363552,0.6392397297013055,25,30,20
9,4942,0.07310781468597875,0.27935168775098546,0.008294592051856177,0.6392459055111794,25,30,20
9,4943,0.07310788887880042,0.2793830767463401,0.008263128858997939,0.6392459055158614,25,30,20
9,4944,0.07310820857523187,0.27938274450048867,0.008263141403216812,0.6392459055210625,25,30,20
9,4945,0.07310395346108031,0.2793827445006852,0.00826785503578939,0.6392454470024448,25,30,20
9,4946,0.07310629868313684,0.2793827445007427,0.008267889505092163,0.639243067311028,25,30,20
9,4947,0.07309789477207372,0.2793827445005806,0.008267847117547345,0.6392515136097979,25,30,20
9,4948,0.07309018124357443,0.2793590097563316,0.008299295394436645,0.6392515136056572,25,30,20
9,4949,0.07308783291774393,0.2793590097562725,0.008299260874078085,0.6392538964519053,25,30,20
9,4950,0.0745473106625683,0.27935901016282955,0.006843079062722246,0.6392506001118798,25,30,20
9,4951,0.07442983988024618,0.27935901016266984,0.006843013121541283,0.6393681368355426,25,30,20
9,4952,0.07443768311370691,0.27935901016275705,0.006844587840996389,0.6393587188825396,25,30,20
9,4953,0.07442945533442596,0.27936410868294,0.006847717100837245,0.6393587188817967,25,30,20
9,4954,0.07456876915103036,0.27936410868827233,0.00684816462875245,0.6392189575319446,25,30,20
9,4955,0.07502465449831316,0.27936410869352757,0.006853249868349133,0.6387579869398098,25,30,20
9,4956,0.07502483495479935,0.2793641086936167,0.0068532926708527965,0.6387577636807308,25,30,20
9,4957,0.07489151582291005,0.2793641086882675,0.006852844902282574,0.6388915305865397,25,30,20
9,4958,0.07442796133573015,0.2793641086830149,0.006854384891218181,0.6393535450900365,25,30,20
9,4959,0.07443209730312864,0.2793641086829467,0.006854377988024554,0.6393494160259003,25,30,20
9,4960,0.07443195448456023,0.27936410868315753,0.006854397151905503,0.6393495396803771,25,30,20
9,4961,0.0748968696809804,0.2789282214646006,0.006825367201291933,0.6393495416531275,25,30,20
9,4962,0.0748909850271411,0.2789282214646003,0.006825367802035559,0.6393554257062234,25,30,20
9,4963,0.05836376151101552,0.27892822042245896,0.023352747437858354,0.639355270628668,25,30,20
9,4964,0.058355813815870586,0.2789282204223889,0.02335117301259331,0.6393647927491479,25,30,20
9,4965,0.058355563278637196,0.2789282204223524,0.0233445434009162,0.639371672898095,25,30,20
9,4966,0.0583555608267605,0.2789276707417963,0.023345095533436885,0.6393716728980072,25,30,20
9,4967,0.05835569863244306,0.2789276707418144,0.02334517941121055,0.6393714512145328,25,30,20
9,4968,0.058349250113198414,0.2789335807595449,0.023345717918091168,0.6393714512091665,25,30,20
9,4969,0.05835709739578822,0.2789335807596497,0.023345727498269783,0.639363594346293,25,30,20
9,4970,0.05834326304740751,0.2789335807595621,0.02334571891901806,0.6393774372740131,25,30,20
9,4971,0.05834325593269051,0.2789444479406827,0.023334858852701847,0.6393774372739257,25,30,20
9,4972,0.058327389024775925,0.2789444479405801,0.02334136732110494,0.63938679571354,25,30,20
9,4973,0.05832924798482646,0.27891038628435133,0.023373570002736856,0.6393867957280864,25,30,20
9,4974,0.058331280148203296,0.27891038628420955,0.02337355782616687,0.6393847757414214,25,30,20
9,4975,0.058337431473064943,0.278873331649111,0.023404461140976003,0.6393847757368493,25,30,20
9,4976,0.058333301414553784,0.27887333164923367,0.023404468529820695,0.6393888984063927,25,30,20
9,4977,0.057876209051083614,0.2780952444925002,0.02463965001851544,0.6393888964379019,25,30,20
9,4978,0.05787035900207565,0.2780952444923056,0.02463963310769346,0.6393947633979266,25,30,20
9,4979,0.057870112765949736,0.27809524449233936,0.02463974838620147,0.6393948943555104,25,30,20
9,4980,0.05789193474111597,0.2780952444924796,0.024373576638019045,0.6396392441283861,25,30,20
9,4981,0.05788567902609462,0.27813282028937614,0.024342256556247298,0.6396392441282827,25,30,20
9,4982,0.057871594845274606,0.27938418446901425,0.02310497656263242,0.6396392441230794,25,30,20
9,4983,0.057855553532587624,0.27938418446885543,0.02310496320624497,0.6396552987923125,25,30,20
9,4984,0.057861542482593495,0.2793780576663393,0.023105101058757013,0.639655298792311,25,30,20
9,4985,0.057855617289666164,0.279378057666429,0.02310510660388801,0.6396612184400174,25,30,20
9,4986,0.057849626253864556,0.2793780576663924,0.023105221157845444,0.6396670949218982,25,30,20
9,4987,0.057849667522875896,0.2793780576664997,0.023105228365673455,0.6396670464449516,25,30,20
9,4988,0.05785146040103906,0.2793780576665327,0.023105232222247984,0.639665249710181,25,30,20
9,4989,0.05785138689120814,0.2793778965503812,0.023105466852916985,0.6396652497054944,25,30,20
9,4990,0.05784940660085292,0.27937789655018275,0.023100752474067468,0.6396719443748974,25,30,20
9,4991,0.057847375903967165,0.2793778965503254,0.023100764737727476,0.6396739628079804,25,30,20
9,4992,0.05786158835346853,0.2789266966020002,0.02353775186114522,0.6396739631833865,25,30,20
9,4993,0.05786746964107418,0.2789266966019288,0.02353786104354393,0.6396679727134535,25,30,20
9,4994,0.05787535232952037,0.2789266966019598,0.02353126686789988,0.6396666842006205,25,30,20
9,4995,0.05787538719500081,0.27892679541396637,0.023531133180805,0.6396666842102283,25,30,20
9,4996,0.057879387945341206,0.27933401951132497,0.02311990833497798,0.6396666842083565,25,30,20
9,4997,0.05787152118647207,0.27977943274676526,0.022682362233643567,0.6396666838331196,25,30,20
9,4998,0.05790154301538924,0.279779432747067,0.02268229693614224,0.6396367273014019,25,30,20
9,4999,0.057901681101281646,0.27977931250651605,0.022682279081111013,0.6396367273110916,25,30,20
9,5000,0.05790570485383648,0.2797793125064112,0.02268227120251251,0.63963271143724,25,30,20
9,5001,0.03884864923795506,0.27984207316787624,0.041664028595079526,0.6396452489990891,25,30,20
9,5002,0.03885047101110084,0.27984005651024435,0.041664223479738804,0.639645248998916,25,30,20
9,5003,0.038852333819307784,0.2798400565103508,0.04166585335272403,0.6396417563176175,25,30,20
9,5004,0.038854366347610275,0.2798400565102275,0.04166595829011031,0.6396396188520519,25,30,20
9,5005,0.03885832366587942,0.279840056510386,0.04166597166032715,0.6396356481634076,25,30,20
9,5006,0.016659979463645537,0.27984337856513014,0.06221347627757955,0.6412831656936452,25,30,20
9,5007,0.016655811029691787,0.2798433785651833,0.062213400497221925,0.6412874099079032,25,30,20
9,5008,0.016649432190741466,0.2798491939626301,0.06221396393897222,0.6412874099076565,25,30,20
9,5009,0.01664967470666625,0.27984908335883835,0.062213832017150784,0.6412874099173446,25,30,20
9,5010,0.016645645582848808,0.27984908335891,0.06221372305427453,0.6412915480039666,25,30,20
9,5011,0.016645648160803626,0.2798494905058939,0.06221331332865569,0.6412915480046465,25,30,20
9,5012,0.016658011821004414,0.2798494905060438,0.062217748831407516,0.6412747488415437,25,30,20
9,5013,0.016664107714353237,0.279849490505973,0.06221762840673544,0.6412687733729372,25,30,20
9,5014,0.016664103395878968,0.2798494905059176,0.06221754335955966,0.6412688627386429,25,30,20
9,5015,0.01665818213259803,0.2798494905058792,0.06221742471376451,0.6412749026477574,25,30,20
9,5016,0.01666203445338126,0.2798494905060391,0.06221746663871455,0.6412710084018642,25,30,20
9,5017,0.016661894696833168,0.279849490506021,0.06221735091753566,0.6412712638796091,25,30,20
9,5018,0.016665921496128965,0.27984949050593233,0.062217342813793285,0.6412672451841445,25,30,20
9,5019,0.01667050636305328,0.27983713031762175,0.062225118119797404,0.6412672451995265,25,30,20
9,5020,0.016666526222777624,0.2798371303175332,0.06222071842145243,0.6412756250382357,25,30,20
9,5021,0.016666488671931254,0.2798371303177469,0.06222073607275925,0.6412756449375618,25,30,20
9,5022,0.01666648459439739,0.2798295413758844,0.06222832908806465,0.6412756449416528,25,30,20
9,5023,0.0166627727219732,0.27982954137581684,0.062228436774358124,0.641279249127851,25,30,20
9,5024,0.01666276738384014,0.27982954137576277,0.06222685877295885,0.6412808324674373,25,30,20
9,5025,0.016666793704902885,0.27982954137569077,0.06222685108339472,0.641276813836011,25,30,20
9,5026,0.016670828537771715,0.2798295413756404,0.06222691453172421,0.641272715554863,25,30,20
9,5027,0.016672545228717042,0.27982954137567445,0.06222691759931077,0.641270995796297,25,30,20
9,5028,0.016672616123269146,0.2798295413756384,0.06222691594817265,0.6412709265529188,25,30,20
9,5029,0.016671183170212447,0.27983061425329203,0.062227276032664126,0.6412709265438308,25,30,20
9,5030,0.01665734299753811,0.2798306142532035,0.06222726664794797,0.6412847761013096,25,30,20
9,5031,0.016662875925310502,0.2797941776789638,0.062258170294595155,0.6412847761011298,25,30,20
9,5032,0.016662860849386098,0.2797969655307171,0.062255397523751255,0.6412847760961448,25,30,20
9,5033,0.016654908500322405,0.27979696553062916,0.06225538737658301,0.6412927385924648,25,30,20
9,5034,0.016654955233306946,0.2797969655337892,0.06225539326329496,0.6412926859696084,25,30,20
9,5035,0.016654958949678847,0.2797969655337914,0.062255421761859574,0.6412926537546697,25,30,20
9,5036,0.01664934557231471,0.2797969655338267,0.06225530854925125,0.6412983803446067,25,30,20
9,5037,0.016643353429769598,0.2797969655338972,0.0622553137544201,0.6413043672819123,25,30,20
9,5038,0.016639259036538297,0.27981011217959373,0.06224626149276105,0.6413043672911062,25,30,20
9,5039,0.01664521563131621,0.2798101121796316,0.06224630571498057,0.641298366474071,25,30,20
9,5040,0.016637089737563015,0.2798101121794699,0.06224626615667989,0.6413065319262872,25,30,20
9,5041,0.016644970908963715,0.2798101121795024,0.06224622795395814,0.6412986889575758,25,30,20
9,5042,0.01663831903110887,0.2798241383366113,0.06223885368039574,0.6412986889518842,25,30,20
9,5043,0.016640001652534563,0.2798241383365603,0.06223892553247456,0.6412969344784307,25,30,20
9,5044,0.0166381440113615,0.27985781227168477,0.06220710925306961,0.6412969344638841,25,30,20
9,5045,0.01664403321559295,0.27985212536314497,0.06220690695260875,0.6412969344686534,25,30,20
9,5046,0.016644539744074257,0.2798521253631504,0.062208502542965116,0.6412948323498107,25,30,20
9,5047,0.016648792881423184,0.2798521253653139,0.06220858762958709,0.6412904941236762,25,30,20
9,5048,0.016642941371831536,0.279852125365349,0.0622102128905335,0.6412947203722866,25,30,20
9,5049,0.016647214816318954,0.2798478599105608,0.062210204910188305,0.6412947203629328,25,30,20
9,5050,0.01665516924900154,0.27984785991061306,0.06221021109744381,0.6412867597429424,25,30,20
9,5051,0.016641044818671392,0.27984785991057076,0.06221017876912645,0.6413009165016321,25,30,20
9,5052,0.01663708801274085,0.27985220642721476,0.06220978907762614,0.6413009164824188,25,30,20
9,5053,0.01663698640021628,0.27985220642731645,0.06220972173037999,0.641301085442088,25,30,20
9,5054,0.01663702013280597,0.2798450862219047,0.06221680820303793,0.6413010854422523,25,30,20
9,5055,0.016642905971645697,0.2798450862219046,0.062216808109727254,0.6412951996967229,25,30,20
9,5056,0.016643326294463304,0.26143899827822414,0.08062247573281318,0.6412951996945001,25,30,20
9,5057,0.016695935502320815,0.2614389982785358,0.08062250810499648,0.6412425581141475,25,30,20
9,5058,0.01665544485328692,0.2614389982781764,0.08071499447591637,0.641190562392621,25,30,20
9,5059,0.012601906116439243,0.2613762376214241,0.0848438319141848,0.6411780243479523,25,30,20
9,5060,0.01259392238757569,0.26137623762140977,0.08484382566095461,0.6411860143300607,25,30,20
9,5061,0.012587928275642438,0.26135850297815566,0.08486755441129525,0.6411860143349074,25,30,20
9,5062,0.0009273542486791828,0.2613549339029454,0.09827168218473943,0.6394460296636408,25,30,20
9,5063,0.0009273554817954685,0.2613621156442398,0.09826449921042091,0.6394460296635485,25,30,20
9,5064,0.0009175546564837541,0.2613621156354849,0.09827430029440447,0.6394460294136315,25,30,20
9,5065,0.0009120618944477754,0.26136211563552225,0.09827592502923493,0.6394498974407996,25,30,20
9,5066,0.0009101924289442231,0.26136211563229717,0.09827594739106665,0.639451744547697,25,30,20
9,5067,0.0008963520918015564,0.261362115632277,0.09818342562742848,0.6395581066484981,25,30,20
9,5068,0.0008961397517635629,0.2613621156321865,0.09818331092316175,0.6395584336928934,25,30,20
9,5069,0.0009002005528987639,0.2613621156321194,0.0981833879159672,0.6395542958990194,25,30,20
9,5070,0.0009061200493124577,0.23261710890941448,0.12692247514693938,0.6395542958943391,25,30,20
9,5071,0.0008898859794071116,0.23261710890723325,0.1269223905521891,0.6395706145611755,25,30,20
9,5072,0.0008845261289588347,0.23261710890847045,0.12692249313280854,0.6395758718297667,25,30,20
9,5073,0.0009042085771353367,0.2326178342793259,0.12690164808579854,0.639576309057745,25,30,20
9,5074,0.001368749108270671,0.23218459136868735,0.12687035045039585,0.6395763090726507,25,30,20
9,5075,0.0013687140941285837,0.23218459136865088,0.12686884085306507,0.6395778536841596,25,30,20
9,5076,0.0013627257785838011,0.23218459136863334,0.1268688137745824,0.6395838690782043,25,30,20
9,5077,0.0013628313209677343,0.23218410768245495,0.12686919191369614,0.6395838690828848,25,30,20
9,5078,0.0013645525614121576,0.23218410768257822,0.1268691998034564,0.6395821399525566,25,30,20
9,5079,0.001385947163508447,0.2321841076826627,0.1268675872847916,0.6395623578690405,25,30,20
9,5080,0.0013916937432611454,0.23217796731838838,0.12686798107891117,0.6395623578594428,25,30,20
9,5081,0.0013977625434313562,0.23217899854134535,0.1268608810559423,0.6395623578592842,25,30,20
9,5082,0.0013951685393594176,0.2321789985399991,0.1268607732224546,0.63956505969819,25,30,20
9,5083,0.001379371366651879,0.23217899853987617,0.12686076093088228,0.6395808691625928,25,30,20
9,5084,0.0013753794389593562,0.23217899853973162,0.1268607485614495,0.6395848734598621,25,30,20
9,5085,0.0013734195551847513,0.2321789985396622,0.1268607418242063,0.6395868400809493,25,30,20
9,5086,0.0013891064366180381,0.23218530572380108,0.12683874773951723,0.6395868401000661,25,30,20
9,5087,0.0009244617332222687,0.23264971937745255,0.12683897880901507,0.6395868400803125,25,30,20
9,5088,0.001374314735405297,0.2326489940121225,0.12639028780010458,0.6395864034523701,25,30,20
9,5089,0.0013805477595811863,0.23264899401215788,0.1263902867909977,0.6395801714372658,25,30,20
9,5090,0.0013744236343068018,0.23264899401212286,0.12639028578517464,0.6395862965683983,25,30,20
9,5091,0.0013903595205461044,0.232648994012247,0.12639029623367473,0.6395703502335347,25,30,20
9,5092,0.0013842252310833172,0.23264899401222697,0.12639029533759452,0.6395764854190977,25,30,20
9,5093,0.0013703851334539497,0.23264899401216035,0.1263902931801344,0.6395903276742532,25,30,20
9,5094,0.0013764815720561127,0.23264328375587573,0.12638990699747707,0.639590327674593,25,30,20
9,5095,0.0013824735749101316,0.23264328375587326,0.12638990266665862,0.63958434000256,25,30,20
9,5096,0.0013882200491683785,0.23264328375583596,0.12638997934542034,0.6395785168495771,25,30,20
9,5097,0.0013902170491611344,0.23264328375594168,0.12639658926199576,0.6395699099329033,25,30,20
9,5098,0.0023103218758262468,0.2326432837562038,0.12639717409382936,0.6386492202741425,25,30,20
9,5099,0.042050918355004845,0.23264328375368287,0.08665664582466404,0.6386491520666496,25,30,20
9,5100,0.042050812027106074,0.2326432837536997,0.08665664614946297,0.6386492580697325,25,30,20
9,5101,0.04205094908228153,0.23264368703883073,0.08665610580908313,0.638649258069806,25,30,20
9,5102,0.042050981950632955,0.2326436870388667,0.08665610840442742,0.6386492226060736,25,30,20
9,5103,0.04204506065899309,0.2613890572771955,0.057916659453055935,0.6386492226107559,25,30,20
9,5104,0.042045303708032195,0.2613890572772296,0.057916579217751084,0.6386490597969878,25,30,20
9,5105,0.04204520175662905,0.26138905727724704,0.05791657954780136,0.638649161418323,25,30,20
9,5106,0.04251704748881658,0.2613890572856864,0.05791868114908136,0.638175214076416,25,30,20
9,5107,0.041602901432479966,0.2613890572854205,0.05791806195235756,0.6390899793297423,25,30,20
9,5108,0.04159697891392462,0.2613890572854048,0.057918064805363885,0.6390958989953067,25,30,20
9,5109,0.04208315549300081,0.2792884010849893,0.039532544408484124,0.6390958990135259,25,30,20
9,5110,0.042077091602467226,0.2792944706321343,0.039532538752130704,0.6390958990132678,25,30,20
9,5111,0.0420789473003131,0.2792929905767598,0.03953216310498176,0.6390958990179452,25,30,20
9,5112,0.04208301102968473,0.2792889343236807,0.03953215563804383,0.6390958990085904,25,30,20
9,5113,0.04207776196932608,0.2786970850175463,0.040129253989555344,0.6390958990235722,25,30,20
9,5114,0.04208325910555703,0.27869711323070767,0.040123728143292944,0.6390958995204428,25,30,20
9,5115,0.042095235410273574,0.27869711323061813,0.04012372223376002,0.6390839291253488,25,30,20
9,5116,0.042081399056652834,0.27869711323053087,0.040123714970311974,0.6390977727425049,25,30,20
9,5117,0.04208664983375659,0.27928935596810506,0.03952622146594998,0.6390977727321886,25,30,20
9,5118,0.04208508633131296,0.279289355968042,0.039530919757707846,0.6390946379429374,25,30,20
9,5119,0.042091122054294355,0.2792893559680417,0.03953099945926193,0.6390885225184023,25,30,20
9,5120,0.042091260735650185,0.279289355968078,0.039530886928474784,0.6390884963677971,25,30,20
9,5121,0.04208911503473592,0.27928935596823534,0.039530816485556466,0.6390907125114724,25,30,20
9,5122,0.04208936662397377,0.27928935596821974,0.039530821391275055,0.6390904560165316,25,30,20
9,5123,0.04209146633827245,0.279289355968113,0.03952921914842041,0.6390899585451942,25,30,20
9,5124,0.04209089368798135,0.2792893559680544,0.0395291838579749,0.6390905664859896,25,30,20
9,5125,0.04209092636370704,0.2792893559680896,0.03952918491701248,0.639090532751191,25,30,20
9,5126,0.042090651082643954,0.2792893559680349,0.03952918107461405,0.6390908118747071,25,30,20
9,5127,0.042090395727863335,0.2792893559680505,0.03952917682913674,0.6390910714749495,25,30,20
9,5128,0.042084615108034844,0.2792893559680342,0.03952917567211245,0.6390968532518184,25,30,20
9,5129,0.04209031311963821,0.2792893559680115,0.039524471211097555,0.6390958597012528,25,30,20
9,5130,0.04208442462751033,0.27928935596801124,0.03952447170052267,0.6391017477039561,25,30,20
9,5131,0.04209031499659099,0.27928935596801124,0.03952447153461448,0.6390958575007836,25,30,20
9,5132,0.042090386579340826,0.2792892782173858,0.03952447769780751,0.639095857505466,25,30,20
9,5133,0.042090421583401066,0.27928927821740546,0.03952447915510579,0.6390958210440876,25,30,20
9,5134,0.042090454507427266,0.2792892782174242,0.03952448054706672,0.6390957867280818,25,30,20
9,5135,0.04207465842298961,0.27928927821737654,0.0395244759282535,0.6391115874313801,25,30,20
9,5136,0.04221769211959809,0.2792892782227064,0.03952505064973983,0.6389679790079554,25,30,20
9,5137,0.04221169617484609,0.27929489088200027,0.03952543393519789,0.6389679790079554,25,30,20
9,5138,0.0422057736586758,0.27929489088198456,0.03952543613817795,0.6389738993211611,25,30,20
9,5139,0.04220380923547739,0.27929489088187914,0.03951882829515696,0.6389824715874862,25,30,20
9,5140,0.0420810981091088,0.279294895238628,0.03964148590454751,0.6389825207477154,25,30,20
9,5141,0.04207507233032086,0.27929489523855194,0.039641520062600695,0.6389885123685263,25,30,20
9,5142,0.04208110975621365,0.2792815448541809,0.03964883302565542,0.6389885123639497,25,30,20
9,5143,0.04208110788945724,0.2792815448542703,0.03964884002734753,0.6389885072289244,25,30,20
9,5144,0.04207511505743251,0.27928754009463225,0.039648837619008684,0.6389885072289263,25,30,20
9,5145,0.042075223162128965,0.27928754009461476,0.03964879465366588,0.6389884420895903,25,30,20
9,5146,0.04218674856097197,0.279165165198028,0.0396596435766466,0.6389884426643534,25,30,20
9,5147,0.042186856505972585,0.27916516519810086,0.039659642568948106,0.6389883357269784,25,30,20
9,5148,0.042288472736905496,0.27916516108028255,0.039557964310055684,0.6389884018727562,25,30,20
9,5149,0.04228860848301071,0.27916516108033634,0.03955796973657883,0.6389882607000741,25,30,20
9,5150,0.042159272576732756,0.279165161075058,0.039557401141989995,0.639118165206219,25,30,20
9,5151,0.04216113782998859,0.2791651610751297,0.039557523090949204,0.6391161780039324,25,30,20
9,5152,0.042167059803113256,0.27916516107514494,0.03955752020360386,0.6391102589181376,25,30,20
9,5153,0.04216117440447126,0.27916516107514433,0.0395622208177828,0.6391114437026016,25,30,20
9,5154,0.04216289355453994,0.2791651610751793,0.03956222224119979,0.6391097231290813,25,30,20
9,5155,0.04230214415450554,0.27916516109397316,0.04099850107998981,0.6375341936715323,25,30,20
9,5156,0.0423021744122679,0.27916516109400874,0.040998491048980866,0.6375341734447434,25,30,20
9,5157,0.042302142893159006,0.2791646481782947,0.04099903548363267,0.6375341734449145,25,30,20
9,5158,0.04230223977869942,0.2779341951739673,0.04222939160252413,0.63753417344481,25,30,20
9,5159,0.04230214289059253,0.27793419517394985,0.04223166290193839,0.6375319990335201,25,30,20
9,5160,0.042302216834441256,0.27793419517391427,0.04223166127250794,0.6375319267191372,25,30,20
9,5161,0.04230833616315897,0.2779341953520933,0.04223174214848677,0.6375257263362615,25,30,20
9,5162,0.042310295803770145,0.27793277975255304,0.04223119809823614,0.6375257263454412,25,30,20
9,5163,0.042176936812601616,0.27793277973372454,0.04079495609073289,0.6390953273629415,25,30,20
9,5164,0.04217703954710708,0.2779327797336867,0.04079495192423936,0.6390952287949672,25,30,20
9,5165,0.04217706558610878,0.277932779733649,0.04079267514161335,0.6390974795386292,25,30,20
9,5166,0.042176923522859816,0.2779327797335949,0.040792669173946916,0.6390976275695985,25,30,20
9,5167,0.04204357973236102,0.2780773794240131,0.04078141386791522,0.639097626975711,25,30,20
9,5168,0.042035498225890006,0.27807737924574705,0.04078132679347474,0.6391057957348888,25,30,20
9,5169,0.04203549876948785,0.2780773792457473,0.04078132677503535,0.6391057952097302,25,30,20
9,5170,0.042038238956686805,0.27807737924562975,0.04078131888250116,0.6391030629151829,25,30,20
9,5171,0.04204423727403071,0.2780493737880389,0.040803326022746715,0.6391030629151843,25,30,20
9,5172,0.04203848898981612,0.27805511693008195,0.04080333116951006,0.6391030629105926,25,30,20
9,5173,0.042044724825190984,0.27805511693008134,0.040808032107517996,0.6390921261372103,25,30,20
9,5174,0.042050611227751125,0.2780551169300816,0.040807990744756745,0.6390862810974113,25,30,20
9,5175,0.042050613101100476,0.27805512009703864,0.040807985709131425,0.6390862810927301,25,30,20
9,5176,0.04204265928740359,0.27805512009696737,0.040807978138640386,0.6390942424769895,25,30,20
9,5177,0.04206448314326939,0.27803327868305217,0.04080799567757122,0.6390942424961081,25,30,20
9,5178,0.04206377544272649,0.2780332786830284,0.04081459295253867,0.6390883529217074,25,30,20
9,5179,0.042057635793544795,0.2780332786830271,0.04081455238868318,0.639094533134746,25,30,20
9,5180,0.038084541819973464,0.2780332784464228,0.04478776188589903,0.6390944178477056,25,30,20
9,5181,0.03821411095710053,0.2780344956753272,0.043719635914692134,0.6400317574528798,25,30,20
9,5182,0.03822220546922128,0.2780344956754185,0.04371964441405885,0.6400236544413009,25,30,20
9,5183,0.03822030947507566,0.2780344956753275,0.04371952252280889,0.6400256723267878,25,30,20
9,5184,0.03823425133959541,0.2780344956754326,0.04371953008419543,0.6400117229007765,25,30,20
9,5185,0.03821414704953366,0.27805461613213606,0.04371951392689234,0.6400117228914379,25,30,20
9,5186,0.03820020519640785,0.2780546161320309,0.04371950638670253,0.6400256722848587,25,30,20
9,5187,0.03818611932872943,0.27805461613192206,0.04371949762867823,0.6400397669106702,25,30,20
9,5188,0.07441847509787049,0.27805343540561167,0.008425209392431656,0.6391028801040867,25,30,20
9,5189,0.06194980840143052,0.2780535525694289,0.020893702037773184,0.639102936991368,25,30,20
9,5190,0.06194956639392517,0.2780535525693942,0.020893701957001718,0.6391031790796795,25,30,20
9,5191,0.07807895007804483,0.2780534358956376,0.004763664992008994,0.639103949034309,25,30,20
9,5192,0.07807869982630541,0.2775742981805497,0.005243052954242392,0.6391039490389029,25,30,20
9,5193,0.07810111117135977,0.277574298188017,0.005245450054690926,0.6390791405859327,25,30,20
9,5194,0.0780950134621053,0.277574298188017,0.005245450060764581,0.639085238289113,25,30,20
9,5195,0.07809676636862628,0.27757429818805296,0.00524075505191737,0.6390881803914034,25,30,20
9,5196,0.07809651898263714,0.27757429818806917,0.005236054235772462,0.6390931285935212,25,30,20
9,5197,0.07809063522082349,0.2775742981880698,0.005236136748304266,0.6390989298428024,25,30,20
9,5198,0.0780846457483479,0.27757429818805285,0.005236136542318536,0.6391049195212808,25,30,20
9,5199,0.07808502825670914,0.27757429818810664,0.00524083861540403,0.6390998349397803,25,30,20
9,5200,0.07807900509466417,0.2775742981880713,0.005240837055541774,0.6391058596617228,25,30,20
9,5201,0.07831119735292118,0.27757429795362387,0.005009470076480696,0.6391050346169742,25,30,20
9,5202,0.0783271393533585,0.2775742979537474,0.005009565448418266,0.6390889972444759,25,30,20
9,5203,0.07832763426923217,0.277574297953749,0.005188886215249133,0.6389091815617697,25,30,20
9,5204,0.07834583161355053,0.27755600448598966,0.0051889823139676765,0.638909181586492,25,30,20
9,5205,0.07834387702950008,0.2775575630652656,0.005189378328005303,0.638909181577229,25,30,20
9,5206,0.07835795476074525,0.27582698270464545,0.0069058809382641015,0.6389091815963451,25,30,20
9,5207,0.07833564546568655,0.27582698269742306,0.007276385120997137,0.6385609867158931,25,30,20
9,5208,0.07834163273631453,0.275826982697479,0.007276387806077228,0.638554996760129,25,30,20
9,5209,0.07834205025685141,0.27582698269750866,0.0073655855061417,0.6384653815394981,25,30,20
9,5210,0.0783481801995537,0.27582698269749234,0.007365589081080783,0.6384592480218727,25,30,20
9,5211,0.07834215531255705,0.2758269826974739,0.0073655592670938755,0.6384653027228749,25,30,20
9,5212,0.07834804066928924,0.2758269826974735,0.007365559718388952,0.6384594169148481,25,30,20
9,5213,0.07834815048139208,0.2758269826974914,0.007365560081807874,0.6384593067393084,25,30,20
9,5214,0.0783482586545343,0.2758269826974745,0.007358958282823795,0.6384658003651672,25,30,20
9,5215,0.07835827485123836,0.2758269827006762,0.0072698240473609,0.6385449184007244,25,30,20
9,5216,0.07470586132471738,0.2758269852986056,0.010081096005682825,0.6393860573709942,25,30,20
9,5217,0.07470011544552496,0.2758269852986241,0.010081096898563213,0.6393918023572878,25,30,20
9,5218,0.07795778469278324,0.2758269827557577,0.007661546196842526,0.6385536863546164,25,30,20
9,5219,0.06655603694528003,0.2758269824462467,0.019066317715335804,0.6385506628931379,25,30,20
9,5220,0.06655614427688535,0.27582698244626397,0.01906635840356275,0.6385505148732881,25,30,20
9,5221,0.06655201089840716,0.27582698244625997,0.01906647783577261,0.6385545288195604,25,30,20
9,5222,0.06655386309806909,0.2758269824463294,0.01906656621968332,0.6385525882359184,25,30,20
9,5223,0.06655326185832394,0.2758269824463096,0.018887162634954692,0.6387325930604116,25,30,20
9,5224,0.06655911699760804,0.2758269824462555,0.018882462498727662,0.6387314380574088,25,30,20
9,5225,0.053288224733828174,0.2758269177604193,0.03215384307239177,0.6387310144333602,25,30,20
9,5226,0.05328237503464019,0.2758269177604562,0.03215384622817027,0.6387368609767328,25,30,20
9,5227,0.05279591357831076,0.2763337156330277,0.03213350983261765,0.6387368609560433,25,30,20
9,5228,0.05278984790495787,0.27633371563310005,0.032133510657006224,0.6387429258049353,25,30,20
9,5229,0.052789847337079046,0.27633371563310033,0.032133510368656075,0.6387429266611641,25,30,20
9,5230,0.05278970673265034,0.2763337156330803,0.03213820816550664,0.6387383694687621,25,30,20
9,5231,0.026944175356975877,0.2763337156482427,0.057983732402812994,0.638738376591968,25,30,20
9,5232,0.027073141512948214,0.27619347217561724,0.05799500859051764,0.6387383777209166,25,30,20
9,5233,0.026601428972650974,0.2761934721673742,0.0579929679821252,0.6392121308778491,25,30,20
9,5234,0.026627568693711585,0.2761934721675219,0.057993026125047926,0.6391859330137182,25,30,20
9,5235,0.02663152649405407,0.27619347216769863,0.057993039922147605,0.6391819614160993,25,30,20
9,5236,0.026609627634687848,0.2761934721675592,0.0579952509012412,0.6392016492965115,25,30,20
9,5237,0.026725479489025535,0.27619347216772266,0.05799557468125621,0.639085473661995,25,30,20
9,5238,0.02671704215804351,0.2761934721645971,0.0579971407334122,0.6390923449439465,25,30,20
9,5239,0.026715077208262418,0.27619347216449197,0.05799551370982888,0.6390959369174161,25,30,20
9,5240,0.019928192909774836,0.2761938941752684,0.06478195930342641,0.6390959536115297,25,30,20
9,5241,0.019932439620171816,0.27619389417534285,0.06478218192099552,0.6390914842834893,25,30,20
9,5242,0.01990809726444562,0.27619389417526374,0.06478213170127779,0.6391158768590123,25,30,20
9,5243,0.019914123409901587,0.27619389417531687,0.06478213453688791,0.6391098478778927,25,30,20
9,5244,0.01793403887588855,0.2761939189193701,0.06676220189047792,0.6391098403142623,25,30,20
9,5245,0.01793646486385263,0.2761939189191962,0.06676219202456951,0.6391074241923805,25,30,20
9,5246,0.017936540069690473,0.2761939189192126,0.0667598857264084,0.6391096552846878,25,30,20
9,5247,0.01793654165204847,0.27619391891898476,0.06638698675422053,0.6394825526747452,25,30,20
9,5248,0.017950381294166932,0.2761939189190554,0.06638699070306874,0.639468709083708,25,30,20
9,5249,0.01794863324192056,0.27619391891902106,0.06638698519602275,0.6394704626430354,25,30,20
9,5250,0.017728594474040047,0.2761938941574126,0.06660704025562698,0.6394704711129201,25,30,20
9,5251,0.017728456401742518,0.2761938941572155,0.06660697866880423,0.6394706707722372,25,30,20
9,5252,0.01772233143387002,0.2761938941572331,0.0666069750978025,0.6394767993110939,25,30,20
9,5253,0.017750278221913284,0.2761655454551958,0.06660737699294368,0.6394767993299469,25,30,20
9,5254,0.01775031304074762,0.2749274770287819,0.06784541059036434,0.6394767993401062,25,30,20
9,5255,0.017606998946099336,0.2750815931036884,0.06783460973988603,0.6394767982103263,25,30,20
9,5256,0.01761569737703483,0.27508159310370794,0.06808610134748287,0.6392166081717745,25,30,20
9,5257,0.017621473097902338,0.2750815931037063,0.06808610323168728,0.6392108305667042,25,30,20
9,5258,0.017627601595774246,0.2763134893077502,0.06684807852061703,0.6392108305758587,25,30,20
9,5259,0.01762763165333573,0.27631348930776856,0.06684807982579814,0.6392107992130976,25,30,20
9,5260,0.017603748409260947,0.2763377751222701,0.06684767728408957,0.6392107991843795,25,30,20
9,5261,0.017597479605162617,0.2763440553069014,0.06684766592295388,0.6392107991649821,25,30,20
9,5262,0.017597726521821733,0.2763440553068855,0.06684766818856035,0.6392105499827329,25,30,20
9,5263,0.017610134501400143,0.2763440553068374,0.06684761470252404,0.6391981954892387,25,30,20
9,5264,0.01761052823450389,0.2780609073556544,0.06513036892476577,0.6391981954850765,25,30,20
9,5265,0.017624997797448742,0.2780609073559231,0.06513038678510363,0.6391837080615249,25,30,20
9,5266,0.01762489043382438,0.27806090735597716,0.06513038728970186,0.6391838149204969,25,30,20
9,5267,0.017610692941116925,0.27806090735599304,0.06513035508299592,0.6391980446198946,25,30,20
9,5268,0.04078573613693771,0.2780604853074675,0.0419557806463493,0.6391979979092458,25,30,20
9,5269,0.04077952712939723,0.2780666911184513,0.041955783842826104,0.6391979979093257,25,30,20
9,5270,0.05931385566547126,0.2780666931118944,0.023420954232182413,0.6391984969904516,25,30,20
9,5271,0.05931385249869811,0.2780666931119304,0.02342095728619047,0.6391984971031808,25,30,20
9,5272,0.05919799752730463,0.2780666931117672,0.023420593164581602,0.6393147161963461,25,30,20
9,5273,0.059196028187581816,0.27806669311162946,0.023420582186897826,0.6393166965138901,25,30,20
9,5274,0.05919004653367994,0.2780721009705579,0.02342115594292475,0.6393166965528368,25,30,20
9,5275,0.059177508786734376,0.2780721009703947,0.023421144746781964,0.6393292454960883,25,30,20
9,5276,0.059183459094596526,0.27804432797767015,0.023442967470671497,0.6393292454570612,25,30,20
9,5277,0.05917739397915838,0.2780413071435819,0.023452053419774143,0.6393292454574849,25,30,20
9,5278,0.05917150856130467,0.2780413071435804,0.023452054046801715,0.6393351302483125,25,30,20
9,5279,0.059165481940501134,0.27804130714352654,0.023452079569138085,0.6393411313468331,25,30,20
9,5280,0.05918185874362734,0.2780413071456951,0.023454419185982445,0.639322414924694,25,30,20
9,5281,0.059183711448514933,0.2780413071457489,0.02344972577966139,0.6393252556260737,25,30,20
9,5282,0.05918089846846325,0.2780413071457296,0.023198234148078516,0.639579560237728,25,30,20
9,5283,0.05918083086584202,0.27804130714569153,0.023198231318289384,0.6395796306701764,25,30,20
9,5284,0.029095079071568598,0.27804734918305496,0.053277851946176416,0.6395797197992001,25,30,20
9,5285,0.011893307428450762,0.27804734720488433,0.07048013230710687,0.6395792130595578,25,30,20
9,5286,0.01189919087726071,0.2780473472048837,0.07048013235431316,0.6395733295635424,25,30,20
9,5287,0.010534694564306543,0.2780473471884797,0.07184463035514553,0.6395733278920681,25,30,20
9,5288,0.010534698766097826,0.2780473471885332,0.07184463119281669,0.6395733228525523,25,30,20
9,5289,0.01053690374981859,0.2780473471885535,0.07184474696615131,0.6395710020954765,25,30,20
9,5290,0.010534342431105957,0.27804734718852997,0.07184470829692563,0.6395736020834383,25,30,20
9,5291,0.010546662933870608,0.2780473471907598,0.07184487512254138,0.6395611147528281,25,30,20
9,5292,0.010695771666577831,0.2783811864627767,0.07136192543226887,0.6395611164383768,25,30,20
9,5293,0.01053870986188148,0.2797721969454926,0.07012797845900384,0.6395611147336222,25,30,20
9,5294,0.010532822107259233,0.2797721969454932,0.07012797782283742,0.6395670031244104,25,30,20
9,5295,0.010536853467946998,0.27977219694544,0.07012797057486439,0.639562979011749,25,30,20
9,5296,0.010560772567464299,0.27974825441334394,0.07012799397855908,0.639562979040633,25,30,20
9,5297,0.010554858242942304,0.27975398197793166,0.07012818073839118,0.6395629790407352,25,30,20
9,5298,0.010554858247575974,0.27975398197793166,0.07012820886442439,0.6395629509100681,25,30,20
9,5299,0.010548914758180605,0.2797539819757002,0.07012804297094753,0.6395690602951717,25,30,20
9,5300,0.010548950516976002,0.2797539819757368,0.07012804555636895,0.639569021950918,25,30,20
9,5301,0.010552767316346466,0.27975398197584095,0.07012809498166733,0.639565155726145,25,30,20
9,5302,0.010536496476201964,0.2797539819736905,0.07012575712415632,0.639583764425951,25,30,20
9,5303,0.010548473583114046,0.27975398197367135,0.07012575636354026,0.6395717880796741,25,30,20
9,5304,0.010562451527522013,0.2797539819738127,0.07012576762242535,0.6395577988762396,25,30,20
9,5305,0.011042341879752038,0.27975398197802387,0.07012609188716662,0.6390775842550572,25,30,20
9,5306,0.011044056366366106,0.27975398197796575,0.07012586701099925,0.6390760946446682,25,30,20
9,5307,0.011049911535605974,0.2797539819779489,0.07012583766934287,0.6390702688171017,25,30,20
9,5308,0.011051831752866236,0.2797516838909081,0.07012621552952882,0.6390702688266963,25,30,20
9,5309,0.011052048229786999,0.2797516838909823,0.07012622021874763,0.6390700476604826,25,30,20
9,5310,0.011046301103906683,0.27975168389103616,0.07012622613493931,0.6390757888701174,25,30,20
9,5311,0.011054220234561984,0.2797516838911244,0.07012626682221766,0.6390678290520956,25,30,20
9,5312,0.011296511224338026,0.27975168389546806,0.07012674311718892,0.6388250617630047,25,30,20
9,5313,0.011282675883226971,0.2797516838953986,0.07012673716965197,0.6388389030517222,25,30,20
9,5314,0.011282747374239541,0.279751683895363,0.07012673554015493,0.638838833190242,25,30,20
9,5315,0.011287126458636308,0.27974787310794386,0.07012616723305964,0.6388388332003596,25,30,20
9,5316,0.011293121805564289,0.27974787310792854,0.07012616714195695,0.6388328379445497,25,30,20
9,5317,0.011287129791738872,0.2797478731079103,0.07012616678386537,0.6388388303164847,25,30,20
9,5318,0.011279315115486783,0.2797478731078052,0.07012615680039692,0.6388466549763103,25,30,20
9,5319,0.011294969831719485,0.2797322054729604,0.0701261697098538,0.6388466549854656,25,30,20
9,5320,0.011292976244682416,0.27973474775723733,0.07012562102714384,0.6388466549709361,25,30,20
9,5321,0.011062666150603527,0.2797347477528408,0.07012502751145912,0.6390775585850963,25,30,20
9,5322,0.001228003586846891,0.2797287138687712,0.0799658086552527,0.6390774738891293,25,30,20
9,5323,0.001220185769255355,0.27972871386873677,0.07996580275480816,0.6390852976071998,25,30,20
9,5324,0.0012160192172630572,0.27972871386878845,0.07996580742259259,0.639089459491356,25,30,20
9,5325,0.0012100233764217,0.2797570994442612,0.07994341768795352,0.6390894594913635,25,30,20
9,5326,0.001203960758413221,0.27975709944426247,0.07994341685547056,0.6390955229418537,25,30,20
9,5327,0.0012099176622162235,0.27975709944427873,0.07994341602002232,0.6390895668734826,25,30,20
9,5328,0.0012097466049908311,0.27975709944422494,0.07994341306383579,0.6390897408869486,25,30,20
9,5329,0.001213881100869354,0.2797529873884316,0.07994339063319254,0.6390897408775066,25,30,20
9,5330,0.0013378718630233921,0.2797529873898975,0.07981939978820846,0.6390897409588695,25,30,20
9,5331,0.0013240382820376034,0.2797529873898281,0.0798193923915063,0.6391035819366269,25,30,20
9,5332,0.0013300297337514146,0.27972459745898504,0.07984179086578728,0.6391035819414753,25,30,20
9,5333,0.0013361249304451258,0.2797245974590641,0.07984651036762788,0.639092767242862,25,30,20
9,5334,0.001332129303955098,0.27972459745915357,0.07984651923209081,0.6390967540047998,25,30,20
9,5335,0.0013265274555371409,0.27973013968179944,0.07984657885737874,0.6390967540052841,25,30,20
9,5336,0.001326945138242939,0.27972932410679396,0.07984697674916946,0.6390967540057931,25,30,20
9,5337,0.001340643939160377,0.2797293241067923,0.07984697788121264,0.6390830540728342,25,30,20
9,5338,0.0013470523674211895,0.27972932410677753,0.07984698332564182,0.6390766402001589,25,30,20
9,5339,0.0013468087061499065,0.279729324106728,0.07997359895546836,0.6389502682316534,25,30,20
9,5340,0.0013546523404070678,0.2797293241068851,0.07997361098630072,0.6389424125664068,25,30,20
9,5341,0.0008708052133116425,0.2797293241025157,0.07997323439660319,0.6394266362875691,25,30,20
9,5342,0.0011008511674877436,0.2797293241026357,0.07997358760166526,0.6391962371282112,25,30,20
9,5343,0.0011068742803430852,0.2797232913884752,0.07997359717883812,0.6391962371523436,25,30,20
9,5344,0.0011069070039053668,0.27972329138847185,0.07984709629008681,0.6393227053175359,25,30,20
9,5345,0.0011066260295474414,0.2797232913884697,0.07984709159256573,0.639322990989417,25,30,20
9,5346,0.0011004957631926614,0.27972329138850505,0.0798470931794992,0.6393291196688028,25,30,20
9,5347,0.001076437705751833,0.2797473758766635,0.07984706677256911,0.6393291196450155,25,30,20
9,5348,0.00107633302112396,0.27974737587666404,0.07984706752179713,0.639329223580415,25,30,20
9,5349,0.0010624946323341622,0.279747375876523,0.07984705563985862,0.6393430738512844,25,30,20
9,5350,0.0010546804222672699,0.2797473758765811,0.0798470566571711,0.6393508870439805,25,30,20
9,5351,0.0010547556222222166,0.27974737587659826,0.07984693857226369,0.639350929928916,25,30,20
9,5352,0.0010547531760748223,0.2797473758765976,0.07984693849643992,0.6393509324508878,25,30,20
9,5353,0.001537988792979331,0.279747375880862,0.07984734135016462,0.6388672939759942,25,30,20
9,5354,0.0010547507600702126,0.27974737587659604,0.07984693637188692,0.639350936991447,25,30,20
9,5355,0.0015343347579931577,0.2797473677346143,0.07936736461609462,0.6393509328912975,25,30,20
9,5356,0.0015402554496647463,0.27974736773465,0.07936736720950935,0.6393450096061756,25,30,20
9,5357,0.0015481754841162087,0.27974736773468345,0.0793673708614355,0.6393370859197646,25,30,20
9,5358,0.0015378399852820884,0.2797263168850777,0.07939875723899273,0.6393370858906472,25,30,20
9,5359,0.0015378453666121583,0.27972631688521976,0.07939876663787197,0.6393370711102958,25,30,20
9,5360,0.0015318865301693408,0.2797546727870573,0.07937636957707522,0.639337071105698,25,30,20
9,5361,0.0015277228353841649,0.2797902829775691,0.0793449230626313,0.6393370711244153,25,30,20
9,5362,0.0015235907827171025,0.27979028297757796,0.07934020992404109,0.6393459163156637,25,30,20
9,5363,0.0010033137514484786,0.2797902829654742,0.07986048755240657,0.6393459157306706,25,30,20
9,5364,0.0009972481964299726,0.27979028296547453,0.07986048856090042,0.639351980277195,25,30,20
9,5365,0.0009972184111168784,0.2797903335271726,0.07986046780848835,0.6393519802532219,25,30,20
9,5366,0.0010013566409485895,0.2797903335270863,0.07986046308595147,0.6393478467460135,25,30,20
9,5367,0.0010152684121056022,0.2797903335271554,0.07986046802046841,0.6393339300402704,25,30,20
9,5368,0.0010096633256831008,0.27807845594659375,0.08157795069220666,0.639333930035519,25,30,20
9,5369,0.0008877962383224627,0.27807845594568303,0.08169981789240763,0.6393339299235924,25,30,20
9,5370,0.0008878300944099334,0.2780784559456839,0.08169986005284952,0.6393338539070617,25,30,20
9,5371,0.0008936871260513258,0.2780784559456492,0.08169985997151452,0.6393279969567903,25,30,20
9,5372,0.0008937196872742273,0.2780784559456674,0.08169986277840172,0.6393279615886622,25,30,20
9,5373,0.0008857605414607507,0.27807845594547337,0.08169984775642693,0.6393359357566439,25,30,20
9,5374,0.000893678312138004,0.27807845594548963,0.08169985137696312,0.6393280143654136,25,30,20
9,5375,0.0008996701954586996,0.2780784559455078,0.08169982469546529,0.6393220491635718,25,30,20
9,5376,0.0008998794374899844,0.27807845594554315,0.08169978562218821,0.6393218789947822,25,30,20
9,5377,0.0009059737800983092,0.27804996474470206,0.08172218246163475,0.6393218790135682,25,30,20
9,5378,0.0006761303197063042,0.27804996474456367,0.08172183010240032,0.6395520748333331,25,30,20
9,5379,0.0006900416263708113,0.2780360419694355,0.08172184156159658,0.6395520748426003,25,30,20
9,5380,0.000682121485031483,0.278036041969402,0.08172183672681572,0.6395599998187541,25,30,20
9,5381,0.0006980569009162681,0.27803604196954274,0.08172184874213498,0.6395440523874093,25,30,20
9,5382,0.0006980618215344969,0.27803604196954335,0.08172185028592979,0.6395440459229951,25,30,20
9,5383,0.0006922447720201472,0.2780360419695802,0.08172185301089098,0.639549860247511,25,30,20
9,5384,0.0006783678545917749,0.27804992920460697,0.08172184270256146,0.6395498602382422,25,30,20
9,5385,0.0011146568564249428,0.2763885273551769,0.08294695489568968,0.6395498608927102,25,30,20
9,5386,0.001106674578445619,0.27638852735510655,0.0829469488444591,0.6395578492219903,25,30,20
9,5387,0.0011023959875870496,0.2763885273551745,0.08307508312372383,0.6394339935335163,25,30,20
9,5388,0.0011003995748704372,0.2763885273550665,0.08307507392458754,0.6394359991454771,25,30,20
9,5389,0.001100645261357921,0.27638852735510283,0.08307507516553826,0.6394357522180024,25,30,20
9,5390,0.0010947245072073144,0.2763885273551219,0.0830751054241023,0.6394416427135698,25,30,20
9,5391,0.001094759573122301,0.27638852735510505,0.08773131309871786,0.634785399973056,25,30,20
9,5392,0.0010808157210691123,0.27638852735503583,0.08773130714613547,0.6347993497777611,25,30,20
9,5393,0.0010792452139183947,0.2763901052729392,0.08773129971515214,0.6347993497979916,25,30,20
9,5394,0.0007525937097428173,0.2779420499900939,0.08650600713721673,0.634799349162948,25,30,20
9,5395,0.0007466033939099776,0.27794204999011085,0.0865060059694513,0.6348053406465289,25,30,20
9,5396,0.0007522434233527836,0.2779420499900745,0.08650600324990709,0.6347997033366668,25,30,20
9,5397,0.0007463840683975937,0.27794204999010885,0.08650600477823685,0.6348055611632575,25,30,20
9,5398,0.0007464276234094832,0.27794205000493477,0.08650595628935077,0.6348055660823055,25,30,20
9,5399,0.0007603039702296682,0.2779057692408036,0.08652836069245773,0.6348055660965097,25,30,20
9,5400,0.0007665691292533682,0.2779057692407886,0.08652836253421901,0.6347992990957398,25,30,20
9,5401,0.0007785545217047071,0.2779057692407701,0.08652836322077441,0.6347873130167517,25,30,20
9,5402,0.0007785545210598163,0.2779057692407701,0.08652836181260076,0.6347873144255702,25,30,20
9,5403,0.000668534628028694,0.27801560793015717,0.08652854303600885,0.6347873144058063,25,30,20
9,5404,0.0006684284606468823,0.27801610189224907,0.08652815522209016,0.6347873144250149,25,30,20
9,5405,0.0011296563143453646,0.2771237737623873,0.08695925547940547,0.6347873144438622,25,30,20
9,5406,0.0011252783278712973,0.27712377376251063,0.0869592624033228,0.6347916855062956,25,30,20
9,5407,0.0011314067940392794,0.2771237737625453,0.08695926396772174,0.6347855554756943,25,30,20
9,5408,0.0011612835298828936,0.27712496767502726,0.08692819329102065,0.6347855555040696,25,30,20
9,5409,0.0011612481619003598,0.27712487929385365,0.08692831705947417,0.6347855554847721,25,30,20
9,5410,0.0011611086228390047,0.2771248792938352,0.08692831914334734,0.6347856929399787,25,30,20
9,5411,0.0011669606586311866,0.27712487929381485,0.08227207995139993,0.6394360800961543,25,30,20
9,5412,0.0011709531423661607,0.27712487929370627,0.08227207112606137,0.6394320964378664,25,30,20
9,5413,0.0011410769833714671,0.27715461333622005,0.08227221327125323,0.6394320964091553,25,30,20
9,5414,0.0011352230074608359,0.2771546133362379,0.08227221598444283,0.6394379476718586,25,30,20
9,5415,0.001121383815877721,0.2771546133361325,0.08227209292214363,0.6394519099258459,25,30,20
9,5416,0.0011156373483995606,0.2771546133361522,0.08227209432815506,0.639457654987293,25,30,20
9,5417,0.0011157088295130132,0.27715461333618924,0.08227210357800384,0.6394575742562936,25,30,20
9,5418,0.0011212795564822958,0.27715461333611513,0.08227209770639363,0.6394520094010087,25,30,20
9,5419,0.0011212090103790574,0.27715461333615016,0.08227210170734793,0.6394520759461225,25,30,20
9,5420,0.0014773496354722332,0.2771546133404616,0.08227286796999891,0.6390951690540669,25,30,20
9,5421,0.001477244001227829,0.2771546133404606,0.08227286729540838,0.6390952753629023,25,30,20
9,5422,0.0014851959300308426,0.27715461334053093,0.08227287131910152,0.6390873194103357,25,30,20
9,5423,0.0014850628110853533,0.2771546133404965,0.0822728973892894,0.6390874264591277,25,30,20
9,5424,0.0014853453503373833,0.2771546133405682,0.08240234373928246,0.6389576975698111,25,30,20
9,5425,0.0014753557159797258,0.2771546133406408,0.08240235112539882,0.6389676798179793,25,30,20
9,5426,0.0014914618278421686,0.2771546133408186,0.08240248173197072,0.6389514430993674,25,30,20
9,5427,0.001967785061882207,0.2771546133700107,0.08192615402686641,0.6389514475412406,25,30,20
9,5428,0.0019619741437733105,0.2771600022273028,0.08192657606822765,0.6389514475606963,25,30,20
9,5429,0.0019558151440635476,0.27717757479765254,0.08191516251660762,0.6389514475416763,25,30,20
9,5430,0.0014775530983697218,0.27717757562027245,0.08239342815666564,0.6389514431246921,25,30,20
9,5431,0.0014775506830206106,0.2771999718536787,0.08237103433878597,0.6389514431245148,25,30,20
9,5432,0.0014833611635801788,0.27717231060587627,0.08239288512547135,0.638951443105072,25,30,20
9,5433,0.001475566184946401,0.2771723106057894,0.0825180115478899,0.638834111661374,25,30,20
9,5434,0.001481663423960575,0.2771723106057897,0.0825181003187563,0.6388279256514928,25,30,20
9,5435,0.0014857980209502684,0.2771723106057203,0.08239000387826638,0.6389518874950626,25,30,20
9,5436,0.0014836534963848444,0.2771723106058604,0.0823898987570081,0.6389541371407462,25,30,20
9,5437,0.001479588114350774,0.27717231060593234,0.0823899079829221,0.6389581932967944,25,30,20
9,5438,0.04067674898704978,0.2771723097536493,0.04319274796764613,0.6389581932916548,25,30,20
9,5439,0.04068259922206462,0.27888394484225715,0.0414752626435492,0.6389581932921292,25,30,20
9,5440,0.04068256378299742,0.2788839448421292,0.04147525424241599,0.6389582371324576,25,30,20
9,5441,0.04068252868593891,0.2788839448421144,0.041476878198044416,0.6389566482739023,25,30,20
9,5442,0.040678570365328605,0.27888394484197254,0.04147686389501499,0.6389606208976839,25,30,20
9,5443,0.04032621367094572,0.27888394483772994,0.04147614606064973,0.6393136954306747,25,30,20
9,5444,0.04033231177188778,0.27884694579265784,0.041507046994907544,0.6393136954405467,25,30,20
9,5445,0.04033234784332685,0.27884694579273006,0.04150705431504281,0.6393136520488995,25,30,20
9,5446,0.04033023842285017,0.2788475452500157,0.041508563978704546,0.6393136523484287,25,30,20
9,5447,0.04033444596818317,0.27884754524994443,0.041508586830547485,0.639309421951324,25,30,20
9,5448,0.04033453734619779,0.27884754524994504,0.041383454529726846,0.6394344628741296,25,30,20
9,5449,0.04034039062553119,0.2788475452499118,0.04138345160622214,0.6394286125183342,25,30,20
9,5450,0.04033846758063224,0.2788475452498781,0.04138345110820028,0.6394305360612891,25,30,20
9,5451,0.0403445986306994,0.2788475452499147,0.04138345270156875,0.6394244034178169,25,30,20
9,5452,0.040336786222311315,0.27885536977025055,0.04138344060381665,0.6394244034036215,25,30,20
9,5453,0.03533789940127978,0.278855370859235,0.04638199736305613,0.639424732376429,25,30,20
9,5454,0.03533376318491265,0.27885537085926915,0.04638428229009947,0.6394265836657188,25,30,20
9,5455,0.03533961445627126,0.2788553708592502,0.04639096103004662,0.6394140536544315,25,30,20
9,5456,0.0353534457491998,0.2788525221935354,0.04637997839367739,0.6394140536635872,25,30,20
9,5457,0.03534756267612706,0.27716331285029616,0.04807507080991422,0.6394140536636624,25,30,20
9,5458,0.03531759673827963,0.27716331285003376,0.04807963685975694,0.6394394535519291,25,30,20
9,5459,0.03532544727418921,0.27716331285012163,0.0480796432749636,0.6394315966007247,25,30,20
9,5460,0.035321315575656896,0.2771633128502242,0.04807965266540368,0.6394357189087144,25,30,20
9,5461,0.03532131570861997,0.2771633128502248,0.048079612263358634,0.6394357591777958,25,30,20
9,5462,0.03531729413158433,0.2771688371992888,0.0480781097915103,0.6394357588776157,25,30,20
9,5463,0.035311408907209955,0.27716883719928787,0.048078111095364945,0.6394416427981366,25,30,20
9,5464,0.03531104788837254,0.2771690131910854,0.04807829616168663,0.6394416427588555,25,30,20
9,5465,0.03530719636014963,0.2771690131909615,0.04807824227674881,0.6394455481721402,25,30,20
9,5466,0.035337033801563125,0.27716901319118764,0.048081333642729825,0.6394126193645197,25,30,20
9,5467,0.03533715381536323,0.2772001577700124,0.04805006905996771,0.6394126193546571,25,30,20
9,5468,0.035313344733361604,0.2772001577698018,0.04804539533007118,0.6394411021667659,25,30,20
9,5469,0.03530724297679026,0.27720015776978246,0.04804535540441121,0.6394472438490165,25,30,20
9,5470,0.03531316998765851,0.2772001577697844,0.0480453545253495,0.639441317717208,25,30,20
9,5471,0.03530766249021109,0.2772001577698741,0.048045477867222484,0.6394467018726926,25,30,20
9,5472,0.03530741375864644,0.27720015776981993,0.04791603146257848,0.6395763970089552,25,30,20
9,5473,0.035313373741680545,0.27719439260017753,0.0479158366492709,0.6395763970088711,25,30,20
9,5474,0.03531326924176192,0.277194392600195,0.04791591942406168,0.6395764187339814,25,30,20
9,5475,0.03604471168900553,0.2771943928447038,0.047917975791726214,0.6388429196745647,25,30,20
9,5476,0.036042886801009796,0.27719439284465247,0.04791808497533884,0.6388446353789992,25,30,20
9,5477,0.03604290882619534,0.2771943928446667,0.04791998482222984,0.6388427135069081,25,30,20
9,5478,0.03604879418367749,0.27718851918806753,0.04791997312160058,0.6388427135066546,25,30,20
9,5479,0.03605275121507121,0.2771885191882132,0.04792662545894696,0.6388321041377689,25,30,20
9,5480,0.03605532402701508,0.2771885191880699,0.0479200912305638,0.6388360655543515,25,30,20
9,5481,0.036051884446671074,0.27547488440869655,0.049637165528841835,0.638836065615791,25,30,20
9,5482,0.03607374036106758,0.27547488440881873,0.049637170150599236,0.6388142050795151,25,30,20
9,5483,0.03607976513886943,0.27547488440887274,0.049637174098031055,0.6388081763542272,25,30,20
9,5484,0.03608564620557009,0.2771864997332867,0.047919677702412004,0.6388081763587313,25,30,20
9,5485,0.03609153253780941,0.27718649973328696,0.047919676305159836,0.6388022914237439,25,30,20
9,5486,0.03607986728410273,0.2771864997333447,0.047919702262908696,0.6388139307196438,25,30,20
9,5487,0.03607973341293772,0.27718649973329124,0.04791969837033791,0.638814068483433,25,30,20
9,5488,0.036081406927283496,0.27718650043625936,0.04791802910614531,0.6388140635303123,25,30,20
9,5489,0.03608139205571458,0.2771866992754131,0.04791784513857255,0.6388140635303003,25,30,20
9,5490,0.03608085292218899,0.27718669927542855,0.04791772532710501,0.6388147224752779,25,30,20
9,5491,0.036080855407991226,0.2771866979469065,0.047917724174415734,0.638814722470687,25,30,20
9,5492,0.03608072017302954,0.27718682704706316,0.047917730304542425,0.6388147224753655,25,30,20
9,5493,0.036084539815238285,0.27718682704691816,0.04791769801778946,0.6388109351200548,25,30,20
9,5494,0.036078693627148634,0.2771608259517231,0.04794954529972301,0.6388109351214059,25,30,20
9,5495,0.036078834450018575,0.2771608259517603,0.0479495466882885,0.6388107929099331,25,30,20
9,5496,0.03607466667482226,0.2771608259517935,0.047949551357554514,0.6388149560158303,25,30,20
9,5497,0.03562553839494905,0.27804093616264836,0.04751856941586187,0.6388149560265414,25,30,20
9,5498,0.03561961149560427,0.27804093616268466,0.04751857419889993,0.638820878142812,25,30,20
9,5499,0.03561944034207927,0.2780409361626484,0.04751865185150114,0.6388209716437719,25,30,20
9,5500,0.03563585589914525,0.27802444712738156,0.04751872530477001,0.638820971668704,25,30,20
9,5501,0.03489850262163267,0.2780244468828548,0.047511555452165434,0.6395654950433479,25,30,20
9,5502,0.03491045167993305,0.2780244468828538,0.04750927484585436,0.6395558265913598,25,30,20
9,5503,0.03491069318827743,0.27802444688290706,0.04750919525407373,0.6395556646747429,25,30,20
9,5504,0.0349106938029221,0.2780244468829076,0.0475093111298298,0.6395555481843413,25,30,20
9,5505,0.034916580981339596,0.2780244468829089,0.047502708718795056,0.6395562634169569,25,30,20
9,5506,0.03491707902520079,0.2780244468828764,0.047509313943654014,0.639549160148269,25,30,20
9,5507,0.03491852151134185,0.2780244461647474,0.04750787144006599,0.6395491608838452,25,30,20
9,5508,0.03491662678490114,0.27802444616466104,0.04750787034877746,0.6395510567016607,25,30,20
9,5509,0.03491648684295051,0.27802459371057003,0.047507862744651144,0.6395510567018285,25,30,20
9,5510,0.03491634691403922,0.2780245937105165,0.04750774400891515,0.6395513153665288,25,30,20
9,5511,0.034916425600243974,0.27802459371057237,0.04750782652365828,0.6395511541655249,25,30,20
9,5512,0.03492438453865046,0.27801662243463593,0.04750783885183421,0.6395511541748791,25,30,20
9,5513,0.03772576347730563,0.2780166225841171,0.044706457684402505,0.6395511562541746,25,30,20
9,5514,0.037731822649178855,0.2780166225841715,0.044706460676418355,0.6395450940902311,25,30,20
9,5515,0.03773153721393805,0.27801662258416854,0.04469985489065855,0.6395519853112347,25,30,20
9,5516,0.037723636870541866,0.2780166225841163,0.04470434144796322,0.6395553990973785,25,30,20
9,5517,0.03771750285507418,0.27801662258411913,0.04470434570174872,0.6395615288590578,25,30,20
9,5518,0.03819313967225714,0.2775724442268149,0.04467288662543803,0.6395615294754898,25,30,20
9,5519,0.03818746674797113,0.277572444226815,0.04467288667395139,0.6395672023512623,25,30,20
9,5520,0.03817112315300346,0.27756769590822294,0.04469397860771879,0.6395672023310546,25,30,20
9,5521,0.03951295513562389,0.2775676959124751,0.04469472899349127,0.6382246199584095,25,30,20
9,5522,0.03951292009964933,0.2775676959124557,0.04469461176921635,0.6382247722186783,25,30,20
9,5523,0.03965174609084944,0.2775676959176964,0.04469493563100384,0.6380856223604501,25,30,20
9,5524,0.03965174596059507,0.2775676959176963,0.04469493307854815,0.6380856250431602,25,30,20
9,5525,0.039657659865202,0.2775676959177511,0.04469336908550932,0.6380812751315375,25,30,20
9,5526,0.039657624085017495,0.2775676959177499,0.044693367972048315,0.6380813120251843,25,30,20
9,5527,0.039657661966920166,0.2775676959176422,0.04469335907699585,0.6380812830384415,25,30,20
9,5528,0.03965776516794616,0.27756769591762337,0.044693358650456025,0.6380811802639742,25,30,20
9,5529,0.03967138567648688,0.27756769591763664,0.04469328278726632,0.6380676356186101,25,30,20
9,5530,0.03966106516828404,0.27929509342437775,0.0429762058593395,0.6380676355479987,25,30,20
9,5531,0.03966106146548318,0.27929509389889395,0.04297620908754354,0.6380676355480794,25,30,20
9,5532,0.03964468120740032,0.2793115460014406,0.042976137267927886,0.6380676355232314,25,30,20
9,5533,0.03964471821144039,0.2775942671134015,0.04469337915173676,0.6380676355234215,25,30,20
9,5534,0.03963882855896784,0.27759426711340307,0.04469565971018923,0.6380712446174404,25,30,20
9,5535,0.03965479504994914,0.27759426711351076,0.044695708718784706,0.6380552291177558,25,30,20
9,5536,0.03966863112563374,0.2775942671135786,0.04469343612790108,0.6380436656328871,25,30,20
9,5537,0.039668842133284504,0.2775942671136328,0.04469343494688742,0.6380434558061957,25,30,20
9,5538,0.03919502042783298,0.2780473118310336,0.0447142125431289,0.6380434551980052,25,30,20
9,5539,0.039189060186811876,0.2780473118310689,0.044716495601571406,0.6380471323805484,25,30,20
9,5540,0.03915932332536678,0.27804731183089254,0.04471644002531148,0.6380769248184298,25,30,20
9,5541,0.03915325948015239,0.2780473118308928,0.04471655692907952,0.638082871759876,25,30,20
9,5542,0.0391532602850821,0.2780473118308933,0.04471882121912439,0.638080606664901,25,30,20
9,5543,0.03681667806943945,0.27804731340244504,0.04705540401089131,0.638080604517225,25,30,20
9,5544,0.03682279951015896,0.2780473134024121,0.0471826889615173,0.6379471981259125,25,30,20
9,5545,0.03696213772588601,0.27792805800525494,0.047162605292832886,0.6379471989760269,25,30,20
9,5546,0.03696396283008961,0.27792805800530657,0.0471603285481111,0.6379476506164935,25,30,20
9,5547,0.036957726821582375,0.2779280580053094,0.04716041961639564,0.6379537955567133,25,30,20
9,5548,0.036963615256287066,0.27792805800531095,0.047160421720245344,0.6379479050181573,25,30,20
9,5549,0.03699156362120018,0.2779212642427014,0.04713926710349086,0.6379479050326081,25,30,20
9,5550,0.03698562370720317,0.27792126424270147,0.04713477486062927,0.6379583371894664,25,30,20
9,5551,0.03697950194143151,0.27792126424271596,0.047007571604441065,0.6380916622114114,25,30,20
9,5552,0.03686958172089375,0.2779212625449077,0.04711748921653239,0.6380916665176664,25,30,20
9,5553,0.03668935013544294,0.27792126254761823,0.047297720708111474,0.6380916666088274,25,30,20
9,5554,0.04240817292194866,0.2779212614798114,0.041579214144964204,0.6380913514532757,25,30,20
9,5555,0.04240803778474219,0.279638630785342,0.039861979976661376,0.6380913514532544,25,30,20
9,5556,0.04226866584130125,0.27806169578553386,0.041578287770188155,0.6380913506029763,25,30,20
9,5557,0.031405400527391596,0.2780631756230696,0.05243991618516564,0.6380915076643728,25,30,20
9,5558,0.031405330225623924,0.2780631756230674,0.05243991267119507,0.6380915814801124,25,30,20
9,5559,0.04232193063601228,0.27806169577382855,0.04152496210553355,0.6380914114846244,25,30,20
9,5560,0.04232228462219579,0.2780616957738472,0.0415228103658418,0.638093209238114,25,30,20
9,5561,0.042335985178340835,0.27806169577388157,0.041522731729561536,0.638079587318215,25,30,20
9,5562,0.04234194393073001,0.2780616957738988,0.04152261537974529,0.638073744915625,25,30,20
9,5563,0.04234194398679241,0.27806169577389783,0.04152261505091817,0.6380737451883907,25,30,20
9,5564,0.04302382578754846,0.2780641027279134,0.04083832699081032,0.6380737444937266,25,30,20
9,5565,0.04315725957922887,0.2780641027324105,0.04083865338617392,0.6379399843021852,25,30,20
9,5566,0.043151372713123984,0.27804758916816746,0.04086105381617884,0.6379399843025282,25,30,20
9,5567,0.04315151415150471,0.2780474490926296,0.04086105244372759,0.6379399843121369,25,30,20
9,5568,0.021729656415655368,0.2780474509861216,0.06228290083723459,0.6379399917609873,25,30,20
9,5569,0.021743923233795565,0.278047450988354,0.06228294333387107,0.637925682443978,25,30,20
9,5570,0.021735683107424436,0.2780474509862289,0.062289510609137295,0.6379273552972079,25,30,20
9,5571,0.021747663767903318,0.27973049512478665,0.06059448580031743,0.6379273553069913,25,30,20
9,5572,0.021753622356386348,0.2797463864727238,0.06057263586424025,0.6379273553066485,25,30,20
9,5573,0.021751481241013327,0.27974812253715964,0.06057304089605102,0.6379273553257748,25,30,20
9,5574,0.021729658160051856,0.27974812253701703,0.0605730547597323,0.6379491645431979,25,30,20
9,5575,0.02173565224293912,0.2797481225370689,0.06057305584469411,0.6379431693752968,25,30,20
9,5576,0.02174156660408398,0.27974220185437,0.06057306216659428,0.6379431693749508,25,30,20
9,5577,0.021764155556148475,0.2797193162066639,0.060573358269688155,0.6379431699674984,25,30,20
9,5578,0.021760093812390847,0.2797193162066966,0.06057336434111806,0.6379472256397937,25,30,20
9,5579,0.021756067907712975,0.27971931620678453,0.060573372182865605,0.6379512437026363,25,30,20
9,5580,0.02175592656632446,0.27910979271991787,0.0611830369823039,0.6379512437314532,25,30,20
9,5581,0.0218892138010685,0.2789759444241876,0.06118359746344013,0.6379512443113031,25,30,20
9,5582,0.022365061868596273,0.2789759444314968,0.06118390773891414,0.6374750859609923,25,30,20
9,5583,0.022231639687609123,0.27910937086145166,0.06118390407947888,0.6374750853714598,25,30,20
9,5584,0.022092356887278588,0.27910937085713294,0.06118350822881461,0.6376147640267734,25,30,20
9,5585,0.022096388119845108,0.2791093708570639,0.06118350291552057,0.6376107381075699,25,30,20
9,5586,0.02208858489820144,0.279139584105169,0.06116109290827929,0.6376107380883497,25,30,20
9,5587,0.021630931982429394,0.2791395841000177,0.061160752803494284,0.6380687311140582,25,30,20
9,5588,0.021630404832883508,0.2791395840999446,0.06116066604823445,0.6380693450189365,25,30,20
9,5589,0.02163484123768833,0.27913561092491457,0.0611602022460909,0.6380693455913055,25,30,20
9,5590,0.021633119811297726,0.27913561092486283,0.06116019622826467,0.6380710730355738,25,30,20
9,5591,0.043057312855257664,0.27913560902806794,0.03973601284409116,0.638071065272583,25,30,20
9,5592,0.04305928331681023,0.27913560902820844,0.039735994224007164,0.6380691134309739,25,30,20
9,5593,0.0430712592453047,0.2791356090281912,0.04010877927594523,0.6376843524505578,25,30,20
9,5594,0.04306512557814263,0.27913560902820744,0.04010877919311058,0.6376904862005379,25,30,20
9,5595,0.04306914460033426,0.27913560902808565,0.04010877013594441,0.6376864762356343,25,30,20
9,5596,0.04353714969967637,0.2791356090332818,0.04010920140640509,0.6372180398606353,25,30,20
9,5597,0.04352933732544611,0.2791356090332297,0.03973640987869389,0.6375986437626295,25,30,20
9,5598,0.0435154986978101,0.27913560903316004,0.03973648638871266,0.6376124058803162,25,30,20
9,5599,0.043515503694871845,0.2791356090331607,0.039736458937472116,0.6376124283344944,25,30,20
9,5600,0.04348570050188234,0.27916541359928865,0.03973645758837297,0.6376124283104552,25,30,20
9,5601,0.04351604306921693,0.27916541359942,0.039736505699874906,0.6375820376314874,25,30,20
9,5602,0.043510053479478755,0.2791654135994012,0.039736504631295785,0.6375880282898234,25,30,20
9,5603,0.04350430272777684,0.27916541359941943,0.03973650529520966,0.6375937783775932,25,30,20
9,5604,0.04350419082527319,0.2791338711200413,0.03976815966739513,0.6375937783872895,25,30,20
9,5605,0.04349806179784095,0.2791338711200054,0.03976816009511347,0.6375999069870393,25,30,20
9,5606,0.04349792361967179,0.27913387111997,0.03976815605274444,0.6376000492076127,25,30,20
9,5607,0.043495854952825624,0.27916758268463615,0.03973651314498664,0.6376000492175506,25,30,20
9,5608,0.04349571543297287,0.2791675826845281,0.0397321795557935,0.6376045223267047,25,30,20
9,5609,0.043491656964137766,0.2791675826846158,0.03973218684579846,0.6376085735054473,25,30,20
9,5610,0.043481396967581354,0.27917792656527446,0.039732103533737725,0.6376085729334061,25,30,20
9,5611,0.04348342909858936,0.2791758966907081,0.039732101296934316,0.6376085729137678,25,30,20
9,5612,0.04346083135966163,0.27919840603024365,0.03973219028929973,0.6376085723207945,25,30,20
9,5613,0.04332148105447673,0.27919840602489565,0.03973174240558287,0.6377483705150444,25,30,20
9,5614,0.04332771740135957,0.27919840602489593,0.03973174540451411,0.6377421311692301,25,30,20
9,5615,0.041985638772677115,0.27919840602062507,0.03973099369081204,0.6390849615158852,25,30,20
9,5616,0.04198576655175471,0.27918730064818353,0.03974197128401529,0.6390849615160459,25,30,20
9,5617,0.04197791724777989,0.2791873006481863,0.03974196964239606,0.6390928124616375,25,30,20
9,5618,0.041977877942311,0.27918730064800695,0.039741956555753244,0.6390928648539286,25,30,20
9,5619,0.041971996573036734,0.2791873006482765,0.0397466734201459,0.6390940293585406,25,30,20
9,5620,0.04194754881347088,0.27918730064814573,0.03974654088147212,0.6391186096569111,25,30,20
9,5621,0.04194759563420938,0.27918708881551324,0.03974670587376703,0.6391186096765101,25,30,20
9,5622,0.041941662326537205,0.27919338973962415,0.03974633827692574,0.6391186096569126,25,30,20
9,5623,0.041941800073415206,0.27919338973966346,0.039746367708633726,0.6391184424782874,25,30,20
9,5624,0.04147775051084366,0.27919338973437724,0.039746040894060634,0.6395828188607182,25,30,20
9,5625,0.041624891804818785,0.2791933897387643,0.03974647322016699,0.6394352452362497,25,30,20
9,5626,0.042971101573840036,0.2791933897409354,0.03974936254956495,0.6380861461356594,25,30,20
9,5627,0.04298692079072098,0.2791730928208466,0.03975384022335329,0.6380861461650789,25,30,20
9,5628,0.04298694940655382,0.2791730928206299,0.03974912522771363,0.6380908325451023,25,30,20
9,5629,0.04300408095252838,0.27917309282072994,0.03974914390958293,0.6380736823171584,25,30,20
9,5630,0.04299489184517742,0.2791730928206999,0.039749131170924726,0.6380828841631976,25,30,20
9,5631,0.0431283333791563,0.27917309282704744,0.0397496026159396,0.6379489711778562,25,30,20
9,5632,0.04311452051317982,0.27918672897466545,0.03974977934304779,0.6379489711691068,25,30,20
9,5633,0.04311441374005312,0.2791868424416912,0.039749772653743076,0.6379489711645124,25,30,20
9,5634,0.04312040891895775,0.279180847588426,0.03974977232342398,0.6379489711691921,25,30,20
9,5635,0.04312041112633218,0.27918030031824936,0.03975031738628527,0.6379489711691331,25,30,20
9,5636,0.04312443297029041,0.2791803003181258,0.03975030753355032,0.6379449591780335,25,30,20
9,5637,0.043116620571821127,0.2791803003180739,0.04012314181262603,0.6375799372974789,25,30,20
9,5638,0.04311079505114985,0.27918666804480813,0.04012259959681601,0.6375799373072258,25,30,20
9,5639,0.04311681808583628,0.2791866680448259,0.04012260293824145,0.6375739109310963,25,30,20
9,5640,0.04310461306555416,0.2791866680426837,0.04012255264530963,0.6375861662464523,25,30,20
9,5641,0.04297117216783442,0.2791866680363396,0.040122081462515814,0.6377200783333099,25,30,20
9,5642,0.04297709739310542,0.27918061862323545,0.040122205650684514,0.6377200783329742,25,30,20
9,5643,0.042977062503101286,0.2791808347323766,0.04012202443111283,0.6377200783334088,25,30,20
9,5644,0.07275190119544386,0.2791788744971965,0.010230472152441968,0.6378387521549174,25,30,20
9,5645,0.07273020969628322,0.2792082973350055,0.010222740833421175,0.6378387521352896,25,30,20
9,5646,0.07274604306082394,0.279170056827792,0.010245147956972607,0.6378387521544111,25,30,20
9,5647,0.07260486171610908,0.27917005682336576,0.010244741625514014,0.6379803398350109,25,30,20
9,5648,0.07260489590930011,0.2791700568233838,0.010244744894722841,0.637980302372593,25,30,20
9,5649,0.07259876740126119,0.2791700568233482,0.010244741262478946,0.6379864345129114,25,30,20
9,5650,0.07260465603520776,0.2791643566028483,0.010244552835187328,0.6379864345267564,25,30,20
9,5651,0.07258903589243597,0.2791710587819983,0.010253470807996821,0.6379864345175686,25,30,20
9,5652,0.07258893286755792,0.27917105878198145,0.01025349907655614,0.6379865092739041,25,30,20
9,5653,0.07258907236343592,0.2791710587819986,0.010253498349519776,0.6379863705050455,25,30,20
9,5654,0.08177587650989478,0.2791706133605291,0.00118574475092993,0.6378677653786461,25,30,20
9,5655,0.08183201771347598,0.27917061205949556,0.0011296758128713886,0.6378676944141568,25,30,20
9,5656,0.08183598345919549,0.27917061205947846,0.0011298037493194977,0.6378636007320064,25,30,20
9,5657,0.08050560772876582,0.27917061205737465,0.0011269232558933674,0.6391968569579659,25,30,20
9,5658,0.08051135422214205,0.2791706120573555,0.0011269240215108604,0.6391911096989912,25,30,20
9,5659,0.08050738533547061,0.27917061205736876,0.001126795821596814,0.6391952067855633,25,30,20
9,5660,0.08051530836553729,0.2791706120575096,0.0011268064317611559,0.6391872731451915,25,30,20
9,5661,0.08051502769155867,0.2791706120574721,0.0011268016415609066,0.6391875586094082,25,30,20
9,5662,0.08051495898560965,0.27917014095802206,0.0011273414568124108,0.639187558599556,25,30,20
9,5663,0.08053057377648938,0.2504577760226535,0.029824091592033433,0.6391875586088238,25,30,20
9,5664,0.08055272770914151,0.2500125971488892,0.030247116523358923,0.6391875586186107,25,30,20
9,5665,0.08054684235187916,0.25001259714888985,0.03024484030565078,0.6391957201935807,25,30,20
9,5666,0.08055286729784683,0.2500125971489264,0.030244879891667395,0.6391896556615595,25,30,20
9,5667,0.08053693678390114,0.2783192585179643,0.001954149050908318,0.6391896556472263,25,30,20
9,5668,0.08055074044613061,0.27831925851801637,0.00195415361340917,0.6391758474224439,25,30,20
9,5669,0.08055070470614517,0.27831925851798034,0.001954152418288448,0.639175884357586,25,30,20
9,5670,0.08055070462034312,0.27832699069305944,0.0019464203292684022,0.639175884357329,25,30,20
9,5671,0.08054667702898824,0.2783269906931289,0.0019463104366436409,0.6391800218412391,25,30,20
9,5672,0.08055452595962183,0.27832699069348626,0.001946345990682455,0.6391721373562094,25,30,20
9,5673,0.04534050931106805,0.2783269916732685,0.037160344684263664,0.6391721543313996,25,30,20
9,5674,0.04532666969061612,0.2783269916731982,0.037160421170967746,0.6391859174652177,25,30,20
9,5675,0.04533244788322042,0.2782897599465362,0.03719187471463706,0.6391859174556062,25,30,20
9,5676,0.04533244802920902,0.27832121022472434,0.037160424280941386,0.6391859174651251,25,30,20
9,5677,0.04533295371799629,0.2783205651639269,0.03716056365207977,0.639185917465997,25,30,20
9,5678,0.04534087069955852,0.27831263048750476,0.03716058134226827,0.6391859174706684,25,30,20
9,5679,0.04534686473714109,0.2783126304874875,0.0371605796327639,0.6391799251426074,25,30,20
9,5680,0.045356848808435574,0.27830359775940694,0.037159628299244976,0.6391799251329122,25,30,20
9,5681,0.04537068731154648,0.2783035977594589,0.03715963467537402,0.6391660802536204,25,30,20
9,5682,0.04536476478738808,0.2783035977594432,0.037163452486381934,0.6391681849667868,25,30,20
9,5683,0.04535877505972821,0.27830359775946073,0.037163397335271006,0.6391742298455396,25,30,20
9,5684,0.04537264912021954,0.2783035977595462,0.037159583393186285,0.6391641697270477,25,30,20
9,5685,0.04155787749138417,0.2783436807178666,0.0409308799384292,0.6391675618523196,25,30,20
9,5686,0.004707201682192752,0.2783436920576836,0.07608830084130166,0.6408608054188217,25,30,20
9,5687,0.0044046064463777275,0.2783036081313638,0.07643438676944063,0.6408573986528174,25,30,20
9,5688,0.004410628242036597,0.2783036081313826,0.07643600978685962,0.6408497538397206,25,30,20
9,5689,0.004131881562265915,0.278303608118985,0.07671475903084979,0.6408497512878988,25,30,20
9,5690,0.004130025135350889,0.2783036081189156,0.07671475520964295,0.6408516115360898,25,30,20
9,5691,0.0041240002916046745,0.2783036081188968,0.07634191490103275,0.6412304766884652,25,30,20
9,5692,0.004116081490951276,0.2783036081185228,0.07634188220028693,0.6412384281902389,25,30,20
9,5693,0.0041101911962706265,0.27874658505025474,0.07590479556342174,0.6412384281900527,25,30,20
9,5694,0.004104199463842413,0.27874658505025435,0.07590317379484224,0.6412460416910609,25,30,20
9,5695,0.004104201972365439,0.2787465850502547,0.07590317336364062,0.6412460396137388,25,30,20
9,5696,0.004097704003394336,0.27872174910515674,0.07593450729302786,0.6412460395984205,25,30,20
9,5697,0.004097809708292495,0.27872174910515896,0.0759345100284372,0.6412459311581108,25,30,20
9,5698,0.004099701164414068,0.27872174910524744,0.07593451526187404,0.6412440344684639,25,30,20
9,5699,0.00409360341571348,0.2787217491052474,0.07593455523795853,0.64125009224108,25,30,20
9,5700,0.004093531760815605,0.2787217491052305,0.07593447350504835,0.6412502456289049,25,30,20
9,5701,0.004093569220352806,0.2793313767299552,0.07532480844952275,0.6412502456001686,25,30,20
9,5702,0.004093569499128374,0.2793313767299552,0.07532485094812774,0.6412502028227881,25,30,20
9,5703,0.004217340903340881,0.2793313767362898,0.07532534655432511,0.6411259358060437,25,30,20
9,5704,0.004195118906141367,0.27974517341391086,0.0749337718836993,0.6411259357962479,25,30,20
9,5705,0.004057509594123361,0.2797451734075062,0.07493329831870249,0.6412640186796673,25,30,20
9,5706,0.00404368041614598,0.27972754918719317,0.07496475172648685,0.6412640186701737,25,30,20
9,5707,0.0040297389625635555,0.27974151342188963,0.07496472895964422,0.6412640186559022,25,30,20
9,5708,0.004029667442132157,0.2797415134218729,0.07496472977470048,0.6412640893612942,25,30,20
9,5709,0.004015833351326535,0.27974151342182163,0.07496472492890387,0.6412779282979477,25,30,20
9,5710,0.00401019303977412,0.27974151342185744,0.07496477009239878,0.6412835234459695,25,30,20
9,5711,0.004018145553359818,0.2797335575478713,0.0749647734433631,0.6412835234554057,25,30,20
9,5712,0.0040182177801192384,0.27973355754788826,0.07496488875942625,0.6412833359125663,25,30,20
9,5713,0.004024175223675634,0.27975870644949036,0.07493378240959819,0.6412833359172359,25,30,20
9,5714,0.004023898560578464,0.27975870644943707,0.07493369605305905,0.6412836989369254,25,30,20
9,5715,0.004037847371108388,0.2797587064495072,0.07493370211965075,0.6412697440597341,25,30,20
9,5716,0.004037987253100386,0.2797587064495262,0.07493367537303346,0.6412696309243401,25,30,20
9,5717,0.004038159705043381,0.27975870644958034,0.07493364988509157,0.6412694839602847,25,30,20
9,5718,0.004034133106458369,0.279758706449666,0.07493361700218697,0.641273543441689,25,30,20
9,5719,0.0040341684737825335,0.25099888565613115,0.10369340243285859,0.6412735434372299,25,30,20
9,5720,0.0040401854512710465,0.2510239332290569,0.10366233787285789,0.6412735434468163,25,30,20
9,5721,0.004046253609964792,0.25102393322905664,0.10366706556337973,0.641262747597601,25,30,20
9,5722,0.004052392679413958,0.25101818127126085,0.10366667845631831,0.6412627475930092,25,30,20
9,5723,0.004068453857356113,0.2510023909404577,0.10366640758939415,0.6412627476127943,25,30,20
9,5724,0.004074722295147491,0.25100239094051174,0.10366632811384413,0.641256558650499,25,30,20
9,5725,0.004066762463709791,0.25100239094045856,0.10366632224200117,0.6412645243538327,25,30,20
9,5726,0.0040670053932631975,0.2493161098922354,0.10535236035140319,0.6412645243631003,25,30,20
9,5727,0.004073135540683139,0.24931610989222147,0.11000788850223855,0.6366028660648589,25,30,20
9,5728,0.0040748573019515405,0.24931610989229033,0.11000789444662139,0.6366011383591387,25,30,20
9,5729,0.004075136810706868,0.2493161098923451,0.11000778239699308,0.636600970899957,25,30,20
9,5730,0.004075129324062606,0.24931610989233005,0.11000778389922246,0.636600976884387,25,30,20
9,5731,0.004069138222168334,0.2493223013779716,0.11000758351522422,0.636600976884638,25,30,20
9,5732,0.004069558289943674,0.249322301377975,0.11000758876053952,0.6366005515715435,25,30,20
9,5733,0.00407850658852582,0.2780733704108197,0.0812475713941795,0.6366005516064768,25,30,20
9,5734,0.004190136637130581,0.2780733704134775,0.0811359411211979,0.6366005518281955,25,30,20
9,5735,0.004187075401378294,0.27807674382327624,0.081135628982227,0.6366005517931199,25,30,20
9,5736,0.004187085331043344,0.278076743823291,0.0811357085446291,0.6366004623010378,25,30,20
9,5737,0.004180953724678497,0.2780767438232419,0.08113571140233723,0.636606591049744,25,30,20
9,5738,0.0041868719349077675,0.27807674382327785,0.08114041396509931,0.6365959702767168,25,30,20
9,5739,0.004186660909390644,0.2780767438232409,0.08114041273895406,0.636596182528416,25,30,20
9,5740,0.004190792387499759,0.27807674382317066,0.08114040672351179,0.6365920570658193,25,30,20
9,5741,0.00419057856540782,0.27807674382320113,0.07649148129650742,0.6412411963148831,25,30,20
9,5742,0.004184553174673241,0.2780767438231821,0.07649147987554264,0.6412472231266014,25,30,20
9,5743,0.004200457591728219,0.2780767438233236,0.07648676533300006,0.6412360332519473,25,30,20
9,5744,0.004206449816658046,0.27807674382335956,0.07648676393813042,0.6412300424218513,25,30,20
9,5745,0.003747653696792695,0.27807674382561254,0.07694555903890445,0.6412300434386897,25,30,20
9,5746,0.0037872394615856685,0.2780767440574667,0.07690597456290099,0.641230041918046,25,30,20
9,5747,0.0037872390949486227,0.2780767440576631,0.07690599377176918,0.6412300230756187,25,30,20
9,5748,0.003787028189700445,0.27918493758368185,0.0757980111605271,0.6412300230660901,25,30,20
9,5749,0.0037871329133062443,0.2791848403349856,0.07579800368545093,0.6412300230662566,25,30,20
9,5750,0.0037651834345924255,0.2792068695051021,0.07579792401391056,0.6412300230463944,25,30,20
9,5751,0.003743428483984849,0.2792068695050176,0.07579799639512244,0.641251705615875,25,30,20
9,5752,0.0037573420903097227,0.27978006399977867,0.07521088827976186,0.6412517056301502,25,30,20
9,5753,0.0037573097569421746,0.27978006399974326,0.07520618718071226,0.6412564390626027,25,30,20
9,5754,0.003763203626403804,0.2797800640040215,0.0753367181882057,0.641120014181369,25,30,20
9,5755,0.0037711829964754678,0.27978006400402256,0.07533671915121115,0.6411120338482913,25,30,20
9,5756,0.00463429481484167,0.27978006376581294,0.07447360707882898,0.6411120343405172,25,30,20
9,5757,0.0046342346182279785,0.2797800637657766,0.07447360440239904,0.6411120972135967,25,30,20
9,5758,0.00463423408244876,0.279780063765776,0.07447360296704329,0.6411120991847323,25,30,20
9,5759,0.0046203204621638495,0.27981638091902916,0.07445119944843098,0.6411120991703766,25,30,20
9,5760,0.004634941081862714,0.2798163809190317,0.07445137657903605,0.6410973014200698,25,30,20
9,5761,0.004632768185162756,0.27981839732676944,0.07445153304886276,0.6410973014392054,25,30,20
9,5762,0.004634556490193302,0.2798183973268007,0.07445145374681132,0.6410955924361952,25,30,20
9,5763,0.004620644766891991,0.2798008612832432,0.07448290152301787,0.6410955924268474,25,30,20
9,5764,0.004614718453487732,0.2798008612832272,0.07448290639478033,0.641101513868505,25,30,20
9,5765,0.004620571043224512,0.2797951931361251,0.07448272195715981,0.6411015138634909,25,30,20
9,5766,0.0046565030505248605,0.27979519313630324,0.07448274937299097,0.6410655544401814,25,30,20
9,5767,0.004656644347910146,0.2797950588244524,0.07448274239204886,0.641065554435589,25,30,20
9,5768,0.004634672062704628,0.27979505882431127,0.07448281172270449,0.6410874573902798,25,30,20
9,5769,0.00462875394435292,0.279795058824295,0.07447620903846926,0.6410999781928831,25,30,20
9,5770,0.004606860978601756,0.2797950588241182,0.07447619699183539,0.6411218832054449,25,30,20
9,5771,0.004606856903111195,0.27979506405086996,0.07447619584057924,0.6411218832054398,25,30,20
9,5772,0.004606852610131366,0.2797950640508343,0.07447619530116743,0.6411218880378675,25,30,20
9,5773,0.004618838630677234,0.27979506405081617,0.07447619744588847,0.6411098998726186,25,30,20
9,5774,0.004612633817208884,0.2798003260971438,0.07447714021292141,0.6411098998727265,25,30,20
9,5775,0.004612538919384822,0.27980032609714356,0.07447713986634524,0.641109995117127,25,30,20
9,5776,0.004614466258464939,0.2798003260972127,0.07447714278820224,0.6411080648561206,25,30,20
9,5777,0.004620479327872933,0.27980032609723104,0.0744771444346937,0.6411020501402028,25,30,20
9,5778,0.004614171123731517,0.27980032609726635,0.07447714591103043,0.6411083568679722,25,30,20
9,5779,0.005097498947272349,0.27931662614944974,0.07447751743185328,0.641108357471425,25,30,20
9,5780,0.005097394330770123,0.2793166261494278,0.07447751095122503,0.6411084685685775,25,30,20
9,5781,0.0050976055888668935,0.2793166261495724,0.074477515521,0.6411082527405613,25,30,20
9,5782,0.005097608425355261,0.27931662614937686,0.07447749640939776,0.6411082690158705,25,30,20
9,5783,0.005121713680966624,0.2793166261494688,0.07447781928745421,0.6410838408821108,25,30,20
9,5784,0.005117893169996246,0.279320583962019,0.07447768200508756,0.6410838408628979,25,30,20
9,5785,0.005126092984344829,0.2793205839621066,0.07447769137313047,0.6410756316804186,25,30,20
9,5786,0.005117967080489771,0.27932058396198234,0.07447776276246308,0.6410836861950654,25,30,20
9,5787,0.005123851711612907,0.279320583961983,0.07447776275492181,0.6410778015714829,25,30,20
9,5788,0.005129597058274142,0.2793205839619639,0.07447776277534675,0.6410720562044154,25,30,20
9,5789,0.005123639254492662,0.2793205839620165,0.07447768364988697,0.6410780931336042,25,30,20
9,5790,0.005134084730949333,0.2399072663633003,0.1138805557618287,0.6410780931439218,25,30,20
9,5791,0.00517138586018501,0.23934298365737156,0.11440753679843949,0.6410780936840041,25,30,20
9,5792,0.005162828551128107,0.23934298365736992,0.11440735666891251,0.6410868311225894,25,30,20
9,5793,0.005162723234415831,0.23934298365735238,0.11440897566838769,0.6410853174398441,25,30,20
9,5794,0.002314554066518573,0.23936312147464756,0.1189302518127602,0.6393920726460742,25,30,20
9,5795,0.0023206479778308895,0.239326519982754,0.11896075939344436,0.6393920726459716,25,30,20
9,5796,0.0023148600619201172,0.23932651997850676,0.11883022413121572,0.6395283958283582,25,30,20
9,5797,0.002140265772192446,0.23930637703859423,0.11902496187703773,0.6395283953121765,25,30,20
9,5798,0.0016626856669292934,0.23978433130544818,0.11902458831414037,0.639528394713483,25,30,20
9,5799,0.0016608626569478175,0.23978433130541496,0.11902458291647747,0.6395302231211608,25,30,20
9,5800,0.0016607224801586545,0.23978433130530605,0.1190245768921726,0.6395303693223631,25,30,20
9,5801,0.0021306133852002462,0.23978432507198577,0.1185546914790791,0.639530370063735,25,30,20
9,5802,0.002098709899677103,0.2397843250720376,0.11882080296422703,0.6392961620640588,25,30,20
9,5803,0.0020969974168093763,0.23978432507200412,0.11882079869618034,0.6392978788150068,25,30,20
9,5804,0.002096999259131833,0.23978432507200412,0.11882082725110825,0.6392978484177562,25,30,20
9,5805,0.0021091524457091467,0.23978432507421654,0.11882098979374046,0.6392855326863343,25,30,20
9,5806,0.0021150297772814576,0.23978432507421654,0.11882091075004755,0.6392797343984546,25,30,20
9,5807,0.0021151029051698082,0.23978432507423378,0.11882082750728495,0.6392797445133115,25,30,20
9,5808,0.0021153189052129547,0.23978432507419847,0.1188192072517254,0.6392811487688633,25,30,20
9,5809,0.0021218068905399148,0.2398088934430619,0.11878815089727857,0.6392811487691199,25,30,20
9,5810,0.002127232062623839,0.2398038255786285,0.11878779352723265,0.6392811488315152,25,30,20
9,5811,0.0021153189216128136,0.23980495752701703,0.11879857478258972,0.6392811487687807,25,30,20
9,5812,0.0021212770488239063,0.2397989831931031,0.11879859098469726,0.639281148773376,25,30,20
9,5813,0.002121344776390495,0.2397987870403855,0.11879871940007738,0.6392811487831469,25,30,20
9,5814,0.0021212724158656423,0.2397987870403689,0.11879869268325251,0.6392812478605133,25,30,20
9,5815,0.002121036185242186,0.2397987870403345,0.11879869119035315,0.6392814855840705,25,30,20
9,5816,0.0012757008703358262,0.2397987870368027,0.11964402698818033,0.6392814851046841,25,30,20
9,5817,0.0012515645815108919,0.23979878703669094,0.11964370266412178,0.6393059457176793,25,30,20
9,5818,0.0029633192173569244,0.2397987870362009,0.11793194810373836,0.6393059456427068,25,30,20
9,5819,0.0029494033550387343,0.23979878703613275,0.11793854329083571,0.6393132663179952,25,30,20
9,5820,0.0029499714793504305,0.2397771321172767,0.1179596300991742,0.639313266304201,25,30,20
9,5821,0.002956098529256992,0.23977713211724222,0.11795963198208234,0.6393071373714209,25,30,20
9,5822,0.0029560992265695698,0.23980857079475315,0.11792819258805305,0.6393071373906267,25,30,20
9,5823,0.0029561311303292802,0.2398085707947707,0.11792819385530795,0.6393071042195946,25,30,20
9,5824,0.002956165585424998,0.23980857079477316,0.11792819410031044,0.6393070695194939,25,30,20
9,5825,0.0029562733221501214,0.23979687718790538,0.11793977995589813,0.6393070695340489,25,30,20
9,5826,0.002962124924970293,0.2398134227583771,0.1179173827924809,0.6393070695241743,25,30,20
9,5827,0.0029574924810195392,0.23983926410204773,0.11789617388380844,0.6393070695331269,25,30,20
9,5828,0.002963414408475229,0.23983926410206188,0.11789617179520555,0.63930114969426,25,30,20
9,5829,0.0029574567547494446,0.23984524005046368,0.11789615350478524,0.6393011496900043,25,30,20
9,5830,0.002503621236577822,0.2398651280820136,0.1183300532685942,0.6393011974128161,25,30,20
9,5831,0.0024559894871184432,0.23986547746853545,0.11837730643060217,0.6393012266137483,25,30,20
9,5832,0.002463808665202408,0.2398574779057551,0.11837748682507528,0.6393012266039722,25,30,20
9,5833,0.0024580602799697507,0.23985747790577322,0.11837748816099487,0.6393069736532669,25,30,20
9,5834,0.002452139096877123,0.23986339407319612,0.1183774931806618,0.6393069736492698,25,30,20
9,5835,0.0024521999927929034,0.23986339407321428,0.11837749549530516,0.6393069104386921,25,30,20
9,5836,0.0024522748436987827,0.23986331670895691,0.11837749800439887,0.6393069104429498,25,30,20
9,5837,0.00244638695505108,0.2398633167089572,0.11837749871691634,0.6393127976190796,25,30,20
9,5838,0.002440119206044044,0.23986331670897282,0.11837749530610633,0.639319068778881,25,30,20
9,5839,0.002442493832102989,0.23986331670910016,0.11837761594436796,0.6393165735144332,25,30,20
9,5840,0.0024483452720729074,0.23985748336743046,0.11837759784623943,0.6393165735142613,25,30,20
9,5841,0.004828653061434547,0.23983759566970644,0.11601722643122042,0.6393165248376428,25,30,20
9,5842,0.004834707666644995,0.23983724628272046,0.11124702616634612,0.6440810198842929,25,30,20
9,5843,0.004848494878554267,0.2398372462827537,0.11124703358573436,0.644067225252962,25,30,20
9,5844,0.004858796913485612,0.23983724628587905,0.1112470949704738,0.6440568618301659,25,30,20
9,5845,0.004862929956363448,0.23983311970330856,0.11124708851986063,0.6440568618204716,25,30,20
9,5846,0.004876873487550234,0.23983311970339674,0.11124709588966798,0.6440429109193889,25,30,20
9,5847,0.00487099009023756,0.2398331197033983,0.11124709601847999,0.644048794187888,25,30,20
9,5848,0.004871129650985951,0.23983311970343427,0.1112472144890847,0.6440485361564989,25,30,20
9,5849,0.005010482961891596,0.23983311970789503,0.11124098989440391,0.6439154074358134,25,30,20
9,5850,0.005010596864762019,0.23983311970787968,0.11124094517319766,0.6439153382541647,25,30,20
9,5851,0.005024855711259443,0.2398187892809327,0.11124101671451704,0.6439153382932946,25,30,20
9,5852,0.005018788434252952,0.2398187892809865,0.11124101864412789,0.6439214036406365,25,30,20
9,5853,0.005088741554923396,0.23981895209200263,0.11593463558956815,0.6391576707635092,25,30,20
9,5854,0.005082816055311797,0.2398189520916694,0.11566849332520761,0.6394297385278143,25,30,20
9,5855,0.005090908111434819,0.23981083816593862,0.11566851517560856,0.639429738547021,25,30,20
9,5856,0.005096826906882923,0.2398108381659561,0.11566851652937261,0.6394238183977914,25,30,20
9,5857,0.005096722054499412,0.2398108381659389,0.11566851564299581,0.6394239241365686,25,30,20
9,5858,0.005182764719860205,0.23981102152614295,0.11558144964319596,0.6394247641108035,25,30,20
9,5859,0.0051827647622715535,0.23981102152614459,0.11558144978040907,0.6394247639311772,25,30,20
9,5860,0.005172355618592425,0.2397900343957119,0.11561284607920527,0.6394247639064926,25,30,20
9,5861,0.0051706790476374834,0.23982314678614675,0.11558141027339834,0.6394247638928197,25,30,20
9,5862,0.005176664380143008,0.239823146786162,0.11558152620060257,0.6394186626330937,25,30,20
9,5863,0.005039240955785684,0.23982314678178784,0.11558115416309561,0.6395564580993321,25,30,20
9,5864,0.005038920833355884,0.23982349645203935,0.11558112461103548,0.6395564581035705,25,30,20
9,5865,0.00503303621984516,0.23982883857850557,0.1155816670980688,0.6395564581035813,25,30,20
9,5866,0.005027257254328396,0.23859685491744131,0.11681942974312948,0.6395564580851016,25,30,20
9,5867,0.00502491672351302,0.23859685491733146,0.11681930690023849,0.6395589214589182,25,30,20
9,5868,0.005016647403052276,0.239842357469869,0.1155820736688046,0.6395589214582752,25,30,20
9,5869,0.005020685097298,0.23983831649701717,0.11558207695217003,0.6395589214535158,25,30,20
9,5870,0.005020755718459339,0.23983831649699933,0.11558207504044024,0.6395588527441022,25,30,20
9,5871,0.005027062999911899,0.2398383164969993,0.11558207446552457,0.6395525460375652,25,30,20
9,5872,0.005027069244973679,0.23983831649699802,0.11558207742449285,0.6395525368335357,25,30,20
9,5873,0.005045335579991566,0.23983831649823298,0.11558240384618104,0.6395339440755946,25,30,20
9,5874,0.005045334220801699,0.23983831649823298,0.11558228803092499,0.6395340612500406,25,30,20
9,5875,0.005045299768259177,0.2398383164982139,0.11558228665285569,0.6395340970806711,25,30,20
9,5876,0.005040848717121016,0.23983831649505327,0.1155822223395614,0.6395386124482642,25,30,20
9,5877,0.005182543060389854,0.23969609806324832,0.11558274583366528,0.6395386130426963,25,30,20
9,5878,0.005182441447200192,0.23969609806335732,0.1155827522732147,0.6395387082162276,25,30,20
9,5879,0.006097916594747019,0.23835318798987248,0.11601018662631989,0.6395387087890603,25,30,20
9,5880,0.006099877116924246,0.23835318798994132,0.11601692658596496,0.639530008307169,25,30,20
9,5881,0.006105763111151163,0.23835318798995847,0.11601692706975995,0.6395241218291298,25,30,20
9,5882,0.006099465102249315,0.23835318798772664,0.11601676114023572,0.6395305857697875,25,30,20
9,5883,0.0056512151512623406,0.23835318799560365,0.11646501024155953,0.6395305866115745,25,30,20
9,5884,0.005634837513800578,0.23835318799442123,0.11646469062461189,0.6395472838671663,25,30,20
9,5885,0.005628844245706367,0.23835318799440341,0.11646469029022248,0.6395532774696677,25,30,20
9,5886,0.005487256114844984,0.23849475741195283,0.11646470960288774,0.6395532768703143,25,30,20
9,5887,0.003091043325828896,0.23857856757626802,0.11877018685949413,0.6395602022384111,25,30,20
9,5888,0.04037874122022465,0.23857857515818395,0.08148244250524009,0.6395602411163536,25,30,20
9,5889,0.04038656008183412,0.2385785751581996,0.08148244589330533,0.6395524188666635,25,30,20
9,5890,0.04038249620268084,0.23857857515823372,0.08148245026209024,0.6395564783769975,25,30,20
9,5891,0.04040270974915115,0.2385785751583409,0.08148246022062472,0.6395362548718854,25,30,20
9,5892,0.03951124260408352,0.23930160636647319,0.0816508967149157,0.6395362543145298,25,30,20
9,5893,0.039509072117136154,0.2392960325636291,0.08165864098071841,0.6395362543385182,25,30,20
9,5894,0.03950511181981573,0.23929603256368445,0.08165864953307263,0.6395402060834294,25,30,20
9,5895,0.039505112165930376,0.23929603256368445,0.08165873198862052,0.6395401232817669,25,30,20
9,5896,0.03951085862710213,0.2392960325636657,0.08165873063569853,0.6395343781735356,25,30,20
9,5897,0.0395150297679971,0.23929603256363247,0.08165872772358891,0.6395302099447835,25,30,20
9,5898,0.039515100693501476,0.23929603256359624,0.08165872599647264,0.6395301407464309,25,30,20
9,5899,0.039517299647042495,0.23929603256359872,0.0816586574630909,0.639528010326269,25,30,20
9,5900,0.03470038207285665,0.23929602548851078,0.08647536436405936,0.6395282280745745,25,30,20
9,5901,0.03470804941749362,0.2392960254884884,0.0864753626055401,0.639520562488479,25,30,20
9,5902,0.03470008948391347,0.23930418157125338,0.08647516646119857,0.6395205624836353,25,30,20
9,5903,0.034716024219522384,0.23930418157139466,0.08647517844791965,0.6395046157611641,25,30,20
9,5904,0.034708211893405984,0.239304181571344,0.0864751739858094,0.6395124325494415,25,30,20
9,5905,0.034686392058573226,0.23820500026193167,0.08759617509042117,0.6395124325890749,25,30,20
9,5906,0.0346883864573222,0.2382050002619848,0.087602785932543,0.6395038273481507,25,30,20
9,5907,0.034684429051469186,0.23821616001317186,0.0875955836111105,0.6395038273242492,25,30,20
9,5908,0.03467051427154483,0.23821616001310297,0.08759569561395955,0.6395176301013935,25,30,20
9,5909,0.03467650576613531,0.23821616001312113,0.08759577836934229,0.639511555851402,25,30,20
9,5910,0.034682393189365064,0.23821616001312107,0.08759569591991272,0.6395057508776019,25,30,20
9,5911,0.03467643883580049,0.23818946298185917,0.08762834730923404,0.639505750873107,25,30,20
9,5912,0.034670413385233065,0.2381894629818413,0.08762834460788835,0.639511779025038,25,30,20
9,5913,0.034678502880192884,0.2381894629819645,0.08762827206692998,0.6395037620709133,25,30,20
9,5914,0.034678572519159095,0.23818946298200142,0.08762827476225982,0.6395036897365806,25,30,20
9,5915,0.03468642104002586,0.2381894629820903,0.08762832181310241,0.6394957941647822,25,30,20
9,5916,0.034694523181097274,0.2381894629832361,0.08762837414100988,0.6394876396946574,25,30,20
9,5917,0.034678841474397905,0.2381894629830773,0.08762837240082778,0.6395033231416976,25,30,20
9,5918,0.034675022485801364,0.23818946298297192,0.08762187334888509,0.6395136411823422,25,30,20
9,5919,0.03468272926816717,0.2381894629830426,0.0876218704507792,0.6395059372980115,25,30,20
9,5920,0.03467274240286831,0.2381894629831142,0.08762195061698608,0.639515843997032,25,30,20
9,5921,0.03465891945958026,0.23818946298308025,0.08762205798741922,0.6395295595699203,25,30,20
9,5922,0.03488563453462049,0.23810565248645613,0.0874860681379877,0.6395226448409352,25,30,20
9,5923,0.03488766213969886,0.23810565248633098,0.08748598247120745,0.6395207029027623,25,30,20
9,5924,0.03502705016956224,0.2379555956730271,0.08749665039507802,0.6395207037623323,25,30,20
9,5925,0.03505952093813857,0.23795559567317853,0.08750136645621719,0.639483516932466,25,30,20
9,5926,0.03505952092791849,0.23795613161214768,0.08750083052746975,0.6394835169324644,25,30,20
9,5927,0.03505366022452168,0.23795168166599784,0.08751114115746175,0.639483516952019,25,30,20
9,5928,0.03504539200352304,0.23795168166606487,0.08751114253006649,0.6394917838003458,25,30,20
9,5929,0.03506222660146116,0.23795168166589048,0.08751139196452681,0.6394746997681217,25,30,20
9,5930,0.041224671397566984,0.2379516811510091,0.08134920516934158,0.6394744422820825,25,30,20
9,5931,0.04124663354713997,0.23790912470582837,0.08136979945069608,0.6394744422963359,25,30,20
9,5932,0.041260439423709085,0.23790912470588021,0.08136968699083987,0.639460748879571,25,30,20
9,5933,0.041260553408012435,0.23790902330346936,0.08136967440442446,0.6394607488840941,25,30,20
9,5934,0.04125245126914503,0.23790902330232352,0.08136962204240032,0.6394689033861315,25,30,20
9,5935,0.04125251980230958,0.23794160626152813,0.08133697054553103,0.6394689033906316,25,30,20
9,5936,0.041020876832915755,0.23794160625952773,0.08156862407288935,0.6394688928346679,25,30,20
9,5937,0.041024574593594966,0.23922418696177472,0.08028234566509457,0.6394688927795366,25,30,20
9,5938,0.04151011336627872,0.23922418697410527,0.08028292565867928,0.6389827740009376,25,30,20
9,5939,0.04151000923579226,0.23922418697407025,0.08028285339598978,0.6389829503941485,25,30,20
9,5940,0.041502054958966764,0.2392241869739989,0.08028280874744739,0.6389909493195879,25,30,20
9,5941,0.04150590707908342,0.23922418697412184,0.0802828225930037,0.6389870833537917,25,30,20
9,5942,0.041501952669110435,0.23922418697398107,0.08028941093710666,0.6389844494198025,25,30,20
9,5943,0.04150791032450124,0.2392241869739976,0.08028929268553447,0.6389786100159673,25,30,20
9,5944,0.04134602027525936,0.23923388203909504,0.08044311930571438,0.638976978379937,25,30,20
9,5945,0.040860481519365555,0.23923388202676477,0.08044253936417466,0.6394630970897008,25,30,20
9,5946,0.04086097375240261,0.23923388202689128,0.08044264333850587,0.6394625008822057,25,30,20
9,5947,0.04086699921568029,0.239227852805199,0.0804426471015211,0.6394625008776051,25,30,20
9,5948,0.04082840124352877,0.23922785280501102,0.08043792801758123,0.6395058179338842,25,30,20
9,5949,0.040848510703268774,0.23922785280508477,0.08043120108627995,0.6394924354053714,25,30,20
9,5950,0.04084851259306201,0.2392278528050857,0.08043119902647593,0.6394924355753812,25,30,20
9,5951,0.04084838217163234,0.23922798031882792,0.08043120193424107,0.6394924355753036,25,30,20
9,5952,0.04084821773508669,0.23922798031872322,0.08043779787603737,0.6394860040701571,25,30,20
9,5953,0.0408402987830607,0.23922798031867218,0.08043779320391378,0.6394939276943575,25,30,20
9,5954,0.040846363147165506,0.23922798031867185,0.08043774803405569,0.6394879085001107,25,30,20
9,5955,0.04084650033308813,0.23922798031868905,0.08043783178636237,0.6394876875618644,25,30,20
9,5956,0.04083854788766866,0.2392279803186008,0.0804378244236256,0.639495647370108,25,30,20
9,5957,0.04083252699966906,0.23922798032065373,0.08043782406728246,0.6395016686123978,25,30,20
9,5958,0.040810456425971815,0.23922798032051087,0.08043781302269355,0.6395237502308269,25,30,20
9,5959,0.04081046144078154,0.2392279803205118,0.08043781518705838,0.6395237430516509,25,30,20
9,5960,0.040810357575632825,0.2392279803205309,0.08043781903142787,0.6395238430724111,25,30,20
9,5961,0.04080633582491835,0.2392279803206227,0.08044010541899013,0.6395255784354716,25,30,20
9,5962,0.040813886770188296,0.24030332662271156,0.07935720836571604,0.6395255782413843,25,30,20
9,5963,0.041162699968446965,0.24030332662653392,0.07900839343368245,0.6395255799713361,25,30,20
9,5964,0.041166659043348396,0.24030332662647919,0.07900855016970527,0.639521464160467,25,30,20
9,5965,0.04114445330355524,0.24035698945606332,0.07897709311373294,0.6395214641266486,25,30,20
9,5966,0.04114259985914049,0.2392716020270298,0.08006433404255447,0.6395214640712769,25,30,20
9,5967,0.04115680469740408,0.2392716020270672,0.08006001365429388,0.6395115796212363,25,30,20
9,5968,0.04117873242777699,0.23927160202726105,0.08006002658004331,0.6394896389649201,25,30,20
9,5969,0.04209577095251199,0.23878475731992946,0.07962983218956708,0.6394896395379915,25,30,20
9,5970,0.04188950546377582,0.23952699823037338,0.07909276871687984,0.639490727588971,25,30,20
9,5971,0.04188139648522372,0.23952699823033402,0.0790904878571129,0.6395011174273294,25,30,20
9,5972,0.04320260134035091,0.23952733609256097,0.07776894395048486,0.6395011186166035,25,30,20
9,5973,0.04321654095549584,0.23952733609264779,0.07776894939748051,0.6394871735543756,25,30,20
9,5974,0.04321012452253523,0.23952733609250565,0.07776884528759892,0.63949369409736,25,30,20
9,5975,0.0427646660734522,0.23997327632092255,0.07776836322409862,0.6394936943815263,25,30,20
9,5976,0.042764668789300894,0.23997327632088872,0.07776836074481942,0.6394936941449906,25,30,20
9,5977,0.04276455376841587,0.2399732763209053,0.07776835996518187,0.6394938099454965,25,30,20
9,5978,0.04229298772088919,0.24044531229134858,0.07776789089947267,0.6394938090882891,25,30,20
9,5979,0.014372646450796993,0.24044532150545958,0.10110279998321976,0.6440792320605285,25,30,20
9,5980,0.014350720705846181,0.2404453215053017,0.10110287219366908,0.6441010855951879,25,30,20
9,5981,0.014344693544633963,0.2404453215052482,0.1011028722374576,0.6441071127126645,25,30,20
9,5982,0.01435072673230885,0.2404453215052465,0.10110947232575805,0.644094479436691,25,30,20
9,5983,0.01438058889024569,0.23997960663827508,0.10154532446303793,0.6440944800084454,25,30,20
9,5984,0.013059527610266424,0.2411057605526893,0.10174023302731505,0.6440944788097331,25,30,20
9,5985,0.013171323690540852,0.2411057605528003,0.10174270903052403,0.6439802067261385,25,30,20
9,5986,0.013177316256067068,0.24110576055071267,0.1017427093015381,0.6439742138916859,25,30,20
9,5987,0.013185284620889116,0.24110576055076438,0.10174258267713326,0.6439663721512165,25,30,20
9,5988,0.013185317598539551,0.24110576055103192,0.10174730254950307,0.6439616193009289,25,30,20
9,5989,0.013073626197835505,0.24110576055093777,0.10174482776903922,0.6440757854821908,25,30,20
9,5990,0.013067526202779668,0.24110576055066996,0.10174011153934627,0.6440866017072076,25,30,20
9,5991,0.01306153131625853,0.24110576055068766,0.10173350961418384,0.6440991985188732,25,30,20
9,5992,0.03976632515857479,0.24110575133764275,0.07961413828260752,0.6395137852211743,25,30,20
9,5993,0.02671669405696025,0.241105786750927,0.0926302849056391,0.6395472342864774,25,30,20
9,5994,0.026725249345910706,0.24110578675101993,0.09263036489425953,0.6395385990088135,25,30,20
9,5995,0.0267391900660585,0.24110578675108874,0.0926237683646003,0.6395312548182556,25,30,20
9,5996,0.027065515106732402,0.24036388859612576,0.09304042940504187,0.6395301668921036,25,30,20
9,5997,0.027065620221705045,0.24036388859610786,0.09304042858987106,0.6395300625923195,25,30,20
9,5998,0.02706563074352974,0.24036388859610586,0.09304504455054051,0.639525436109827,25,30,20
9,5999,0.027059805767394512,0.240369514250299,0.09304524387149611,0.6395254361108131,25,30,20
9,6000,0.02705973431262457,0.24036951425033531,0.09304524557945726,0.6395255058575858,25,30,20
9,6001,0.027066643067017174,0.24035168101206456,0.09305617006290506,0.6395255058580162,25,30,20
9,6002,0.027042655853226516,0.24081152451055832,0.09262031434997194,0.6395255052862462,25,30,20
9,6003,0.027048725626729043,0.24081152451055932,0.09262691086056864,0.6395128390021462,25,30,20
9,6004,0.027054576168794506,0.24080586991008854,0.09262671491987895,0.639512839001241,25,30,20
9,6005,0.02706252989794704,0.2407979035737785,0.09262672752211114,0.6395128390061664,25,30,20
9,6006,0.027062546662308826,0.24079790357377892,0.09262202860131762,0.6395175211625977,25,30,20
9,6007,0.02706264131036848,0.24079780940029355,0.09262202813160617,0.6395175211577349,25,30,20
9,6008,0.027068704676148823,0.24079780940029236,0.09262364680202939,0.6395098391215318,25,30,20
9,6009,0.04131547628317815,0.24079777797283877,0.07841034526740244,0.6394764004765802,25,30,20
9,6010,0.04133334843600491,0.24079743542460347,0.07839281773777115,0.6394763984016198,25,30,20
9,6011,0.04133934310087475,0.24079743542458626,0.07839281749533383,0.6394704039792046,25,30,20
9,6012,0.04133976521351187,0.24079743542458917,0.07839281888247229,0.6394699804794265,25,30,20
9,6013,0.0413399379511835,0.24079709240253075,0.0783929891580214,0.6394699804882642,25,30,20
9,6014,0.041356122898841205,0.24078089783760498,0.07839299875625075,0.639469980507303,25,30,20
9,6015,0.04135629629267904,0.2407808978376783,0.07839138138429345,0.639471424485349,25,30,20
9,6016,0.0413502288503698,0.24078695132925226,0.0783913953349462,0.6394714244854317,25,30,20
9,6017,0.04135807276322903,0.240786951329517,0.07838503677994182,0.6394699391273124,25,30,20
9,6018,0.04135775756798293,0.240786951329656,0.07838505479704823,0.639470236305313,25,30,20
9,6019,0.04135174751759643,0.23966082096851815,0.07951719520405792,0.6394702363098266,25,30,20
9,6020,0.041339751545185564,0.23966082096853591,0.07951716256375128,0.6394822649225267,25,30,20
9,6021,0.04133376093467125,0.23966082096850022,0.07951720573583429,0.6394882123609935,25,30,20
9,6022,0.041339720955475355,0.2396608209685177,0.07951720428002346,0.639482253795983,25,30,20
9,6023,0.041339582785442024,0.23966115024778326,0.07951701318039829,0.6394822537863761,25,30,20
9,6024,0.04133163020191654,0.23966115024773132,0.07951700740145821,0.6394902121488935,25,30,20
9,6025,0.04133894555548858,0.23966475135701515,0.07950609092926272,0.6394902121582331,25,30,20
9,6026,0.04134703695404077,0.2396647513571037,0.07950609834552305,0.6394821133433322,25,30,20
9,6027,0.04134330723423831,0.23965313227139093,0.07952144715505238,0.6394821133393179,25,30,20
9,6028,0.03457804526003926,0.23965332954481697,0.08370578877478137,0.6420628364203655,25,30,20
9,6029,0.034572435180180286,0.23965332954487054,0.08370587175102459,0.6420683635239276,25,30,20
9,6030,0.03456434515048575,0.23965332954478108,0.0837058642843533,0.6420764610203828,25,30,20
9,6031,0.034564377714542405,0.23965328079943155,0.08370588046556265,0.6420764610204662,25,30,20
9,6032,0.03457233838421897,0.23965328079948323,0.08370588966562499,0.6420684911506757,25,30,20
9,6033,0.034555833594674616,0.23965328079932108,0.08370580443328705,0.6420850811727193,25,30,20
9,6034,0.0345476008085001,0.23966151464174573,0.08370580338204972,0.6420850811677066,25,30,20
9,6035,0.0345415043508122,0.23966151464169372,0.0837058300617748,0.6420911509457207,25,30,20
9,6036,0.03454172037915106,0.2396613105868913,0.08370581808814509,0.642091150945814,25,30,20
9,6037,0.034527948912116684,0.23966131058684093,0.08370580992540988,0.6421049305756338,25,30,20
9,6038,0.03405416368129097,0.23967107315904015,0.08416983247599905,0.6421049306836735,25,30,20
9,6039,0.03405612809895899,0.23967107315914624,0.08416981066283588,0.6421029880790625,25,30,20
9,6040,0.03406187082526324,0.23966532073963456,0.08416982035137693,0.642102988083729,25,30,20
9,6041,0.03409250551151513,0.23966531444342373,0.08413919194546388,0.6421029880996008,25,30,20
9,6042,0.03410044869358533,0.23966567494782445,0.0841308875072409,0.6421029888513529,25,30,20
9,6043,0.03552571127723809,0.24074631933321677,0.08162489497613887,0.6421030744134096,25,30,20
9,6044,0.03553166164688904,0.2407463193332336,0.08162492865666165,0.6420970903632192,25,30,20
9,6045,0.03552766858541635,0.24074631933309065,0.08162491324203948,0.6421010988394563,25,30,20
9,6046,0.03563953343567606,0.24063424164457403,0.08162512605555003,0.642101098864203,25,30,20
9,6047,0.034911407673777727,0.23955324203258968,0.08343387185192544,0.6421014784417102,25,30,20
9,6048,0.03491550491066947,0.23955324203257525,0.0834338699320769,0.6420973831246816,25,30,20
9,6049,0.034201581715527014,0.23955324203090939,0.08414825827471438,0.6420969179788526,25,30,20
9,6050,0.03411295027217288,0.23964188397022831,0.08414824777116367,0.6420969179864384,25,30,20
9,6051,0.0341088652813205,0.23966038341681156,0.08413383331131855,0.6420969179905528,25,30,20
9,6052,0.03410273676400527,0.23966690667195906,0.08413343858318761,0.6420969179808514,25,30,20
9,6053,0.034087340983790834,0.2396567833786333,0.08415895801273361,0.6420969176248456,25,30,20
9,6054,0.034067094467037796,0.23967666327464557,0.08415932463806619,0.642096917620253,25,30,20
9,6055,0.03407741308867127,0.23967666327472215,0.08415938325256313,0.6420865403840462,25,30,20
9,6056,0.03410133210064853,0.2396766632769839,0.08428890466947171,0.641933099952901,25,30,20
9,6057,0.0341012189228642,0.2396766632770014,0.08428890195999161,0.6419332158401477,25,30,20
9,6058,0.034101216990228445,0.23967666327699985,0.08428890117718614,0.6419332185555899,25,30,20
9,6059,0.034234684237119825,0.23967666328334614,0.08428940628509876,0.6417992461944395,25,30,20
9,6060,0.03423075829094872,0.2396801997024576,0.08428979580206095,0.6417992462045368,25,30,20
9,6061,0.03422472890322133,0.2396801997035448,0.08428979876236209,0.6418052726308763,25,30,20
9,6062,0.03421260992550678,0.23968019970349064,0.08428979477734154,0.6418173955936648,25,30,20
9,6063,0.03407343223605847,0.2398305821675603,0.08427859086220645,0.6418173947341785,25,30,20
9,6064,0.03407928705375892,0.23981687764832607,0.0842864405638199,0.6418173947340988,25,30,20
9,6065,0.03407326152194686,0.23981687764830764,0.08428635741982657,0.641823503409922,25,30,20
9,6066,0.03393404965267111,0.23981687764203333,0.08428585754538213,0.6419632151599166,25,30,20
9,6067,0.033934084068711054,0.2398168776420521,0.08428585826804028,0.6419631800211997,25,30,20
9,6068,0.04072317751585243,0.23981667650299157,0.0800777091000872,0.639382436881072,25,30,20
9,6069,0.04085459793628065,0.23981667650811178,0.08007807067696353,0.6392506548786466,25,30,20
9,6070,0.040854568479155536,0.23981667650809463,0.0800780693952913,0.6392506856174612,25,30,20
9,6071,0.04086252477672029,0.23981667650816502,0.08007807548104662,0.6392427232340707,25,30,20
9,6072,0.04086644879592594,0.2398131534091841,0.08007767457108686,0.6392427232238057,25,30,20
9,6073,0.04087254343486285,0.21400233105923253,0.10588240225733832,0.6392427232485692,25,30,20
9,6074,0.040848629218935555,0.21400233105704608,0.10575298855690876,0.6393960511671124,25,30,20
9,6075,0.040856475408801524,0.21400140080813615,0.10574607260660315,0.639396051176462,25,30,20
9,6076,0.040862083081510805,0.214001400808081,0.10574598604947746,0.6393905300609334,25,30,20
9,6077,0.04085465257613272,0.2140014008079959,0.10575068384170469,0.6393932627741693,25,30,20
9,6078,0.0408445795287849,0.21400140080790234,0.10575062755161803,0.6394033921116974,25,30,20
9,6079,0.04084490240457034,0.2140014008079242,0.1057506312291074,0.6394030655584007,25,30,20
9,6080,0.04106334589697653,0.2140029005918146,0.10553068778813007,0.6394030657230813,25,30,20
9,6081,0.041313893265375844,0.21400140122842806,0.10528135570366327,0.6394033498025353,25,30,20
9,6082,0.041327701366275685,0.213987601024052,0.10528134779753077,0.6394033498121435,25,30,20
9,6083,0.04132068321498322,0.2139876071566201,0.1052883594195948,0.6394033502088045,25,30,20
9,6084,0.041320238342933704,0.21398760715665666,0.10529495355976523,0.639397200940647,25,30,20
9,6085,0.04134230226244088,0.2139876071588313,0.10529502659967763,0.6393750639790532,25,30,20
9,6086,0.04133620153574167,0.2139876071588304,0.10529502791792902,0.6393811633875012,25,30,20
9,6087,0.041328315915034296,0.2139951642957011,0.10529535641111926,0.6393811633781475,25,30,20
9,6088,0.04146153758581523,0.21399516430008986,0.10529569718667141,0.6392476009274254,25,30,20
9,6089,0.04132228862790154,0.21399516429568258,0.10529543764240938,0.6393871094340082,25,30,20
9,6090,0.04132042747281188,0.21399516429559204,0.10529315288851247,0.6393912553430848,25,30,20
9,6091,0.04129123538528149,0.21402456456503008,0.10529294474361241,0.6393912553060777,25,30,20
9,6092,0.04125219301972779,0.21402456456506302,0.10529267835133424,0.6394305640638762,25,30,20
9,6093,0.04125043906708605,0.21402456456499191,0.10529267223556618,0.6394323241323571,25,30,20
9,6094,0.04114345252629107,0.21402456456175184,0.10529222925279692,0.6395397536591618,25,30,20
9,6095,0.0411435964988625,0.2140245645618261,0.10529223478871856,0.6395396041505944,25,30,20
9,6096,0.041143596401389766,0.21402493810218526,0.10529186134607726,0.6395396041503488,25,30,20
9,6097,0.04114373622848662,0.2140242426922194,0.10529241690922002,0.639539604170075,25,30,20
9,6098,0.042051300427534216,0.21402424269548515,0.10529301846816196,0.6386314384088198,25,30,20
9,6099,0.04206512799618575,0.21402424269540668,0.10528642386347169,0.6386242054449369,25,30,20
9,6100,0.04206505924839199,0.21402431582941528,0.10528641949238167,0.638624205429812,25,30,20
9,6101,0.042059177301158004,0.21403018340354193,0.10528643386540296,0.6386242054298976,25,30,20
9,6102,0.04205925812136284,0.21400771539614852,0.10530882105218954,0.6386242054302997,25,30,20
9,6103,0.0420592961040524,0.2140079984906694,0.10530849997480866,0.63862420543047,25,30,20
9,6104,0.04205758429104835,0.21400799849061872,0.10530849611848278,0.6386259210998505,25,30,20
9,6105,0.042059593839279444,0.21400799849379415,0.10530850622705269,0.6386239014398742,25,30,20
9,6106,0.042065346078822535,0.21400799849379473,0.10530850501644873,0.6386181504109344,25,30,20
9,6107,0.04205151248123306,0.21401192338759137,0.10531841372475605,0.6386181504064199,25,30,20
9,6108,0.042057677476073224,0.2140119233876286,0.1053183005431734,0.6386120985931254,25,30,20
9,6109,0.042049786801908934,0.21401192338761468,0.10531832330860415,0.6386199665018728,25,30,20
9,6110,0.04205572692400089,0.214027438175391,0.10529686839394517,0.6386199665066637,25,30,20
9,6111,0.04207608009695272,0.2140274381755075,0.10542193033467534,0.6384745513928651,25,30,20
9,6112,0.042069459529180626,0.21402779369294575,0.10542819579510082,0.6384745509827733,25,30,20
9,6113,0.04206297632246102,0.21402779369294359,0.10542349475598059,0.6384857352286154,25,30,20
9,6114,0.042069211888002125,0.21402779369299768,0.10542349336967001,0.6384795010493305,25,30,20
9,6115,0.042535119917239905,0.21402779369310426,0.10542367077295788,0.6380134156166984,25,30,20
9,6116,0.0425348784896104,0.21402779369107006,0.10542361134274496,0.6380137164765748,25,30,20
9,6117,0.04253890734558099,0.2140236355267159,0.10542374066073602,0.6380137164669675,25,30,20
9,6118,0.04254282638143215,0.21402363552691184,0.10542375478359346,0.6380097833080629,25,30,20
9,6119,0.04255052473513614,0.2140166265462012,0.1054230654069035,0.6380097833117597,25,30,20
9,6120,0.04253426877999151,0.21401662654606973,0.10529800152476503,0.6381511031491747,25,30,20
9,6121,0.04252671058355496,0.21402442850960365,0.1052977577519398,0.6381511031549024,25,30,20
9,6122,0.04248843350315275,0.21402442850747513,0.10529771357496752,0.6381894244144053,25,30,20
9,6123,0.04248227912300409,0.21285860349979047,0.10646969297722003,0.6381894243999869,25,30,20
9,6124,0.0424863678222246,0.21285860349661562,0.10646968151731351,0.6381853471638478,25,30,20
9,6125,0.042494246874800454,0.21285860349655575,0.10647119900895198,0.6381759506196931,25,30,20
9,6126,0.042494280731673516,0.21285860349657415,0.10647108454756726,0.6381760312241863,25,30,20
9,6127,0.04248657255997578,0.21285860349648686,0.10646945612215541,0.6381853678213832,25,30,20
9,6128,0.04248671214603049,0.21285860349648686,0.10646945812128894,0.638185226236195,25,30,20
9,6129,0.0424886770050968,0.21285860349659236,0.10647108449674729,0.6381816350015648,25,30,20
9,6130,0.04249477100914222,0.2128586034965557,0.10647108432095312,0.6381755411733501,25,30,20
9,6131,0.042492706108009974,0.2128586034964292,0.10647107416390877,0.6381776162316531,25,30,20
9,6132,0.04249267846607186,0.2128586034964111,0.10647107288224471,0.6381776451552734,25,30,20
9,6133,0.042486826707312984,0.21286407625915538,0.10647145187867955,0.6381776451548531,25,30,20
9,6134,0.04157904631844951,0.21286407625505321,0.10672235639995833,0.63883452102654,25,30,20
9,6135,0.04206267288863384,0.21287363092517864,0.10622917209050182,0.6388345240956866,25,30,20
9,6136,0.04206866069629907,0.21287363092516107,0.10622917082401302,0.6388285375545277,25,30,20
9,6137,0.04206841811390864,0.21287363092516007,0.10622913030060228,0.6388288206603298,25,30,20
9,6138,0.04206842065571022,0.212873630925178,0.10622913297382297,0.6388288154452896,25,30,20
9,6139,0.04206832068098942,0.2128736309251962,0.10622913459362565,0.6388289138001896,25,30,20
9,6140,0.04206831929088472,0.21287363881723395,0.10622912809168891,0.6388289138001934,25,30,20
9,6141,0.041599708226351624,0.2128736383980479,0.10669802433896793,0.6388286290366354,25,30,20
9,6142,0.041599566173313667,0.2128736383980473,0.10669802226676779,0.6388287731618744,25,30,20
9,6143,0.041599459867373095,0.2128736383980645,0.10669802252130037,0.6388288792132653,25,30,20
9,6144,0.04160559042951001,0.211640521326376,0.10792500903566722,0.6388288792084511,25,30,20
9,6145,0.04160533591537433,0.21164052132658867,0.1079250263025307,0.6388291164555102,25,30,20
9,6146,0.04206368754310774,0.21164052132681963,0.10792538883196297,0.6383704022981133,25,30,20
9,6147,0.04206789891619788,0.21161428634367735,0.10794741242216462,0.638370402317964,25,30,20
9,6148,0.041584404940033605,0.21160437050213596,0.10844082530048232,0.6383703992573528,25,30,20
9,6149,0.041584300607258894,0.21160489141354574,0.10844040872652796,0.638370399252672,25,30,20
9,6150,0.0399744735662412,0.2116048915495589,0.1100502254298387,0.6383704094543656,25,30,20
9,6151,0.0399742588219067,0.21284294004359908,0.10881239166578861,0.6383704094687099,25,30,20
9,6152,0.039974435306208596,0.23864804064495707,0.08300711459026973,0.6383704094585686,25,30,20
9,6153,0.03997443543813982,0.23864804064475797,0.08276220859172462,0.6386153153253814,25,30,20
9,6154,0.03995250494772101,0.2386480406445991,0.08276219469260016,0.6386372597150827,25,30,20
9,6155,0.039952675072176445,0.23864804064438644,0.08289160767101858,0.6385076766124215,25,30,20
9,6156,0.03995303259922325,0.2386480406443357,0.08289160934230332,0.6385073174141406,25,30,20
9,6157,0.03996685921220414,0.23980619408393822,0.08171962928032019,0.6385073174235408,25,30,20
9,6158,0.03997497620969658,0.23979802453775118,0.08171968181919771,0.638507317433358,25,30,20
9,6159,0.039970842977091074,0.23979802453783874,0.0817213100421718,0.6385098224429019,25,30,20
9,6160,0.03996891352088181,0.23979802453775206,0.0817213048140995,0.6385117571272695,25,30,20
9,6161,0.03998509173470052,0.23979802453982374,0.08171480088159154,0.6385020828438872,25,30,20
9,6162,0.039985126694272025,0.23979756502929242,0.08171522543246368,0.6385020828439747,25,30,20
9,6163,0.04152296899082136,0.23979756477218062,0.08017739363460613,0.6385020726023949,25,30,20
9,6164,0.04198673561691581,0.23763605893169604,0.08187513200156758,0.6385020734498233,25,30,20
9,6165,0.041980817323120555,0.23763605893274967,0.08187512114551623,0.6385080025986164,25,30,20
9,6166,0.04197212157275088,0.23640679330348,0.08311308198999619,0.6385080031337756,25,30,20
9,6167,0.04210615686050559,0.23640679331093095,0.08311363425520003,0.6383734155733664,25,30,20
9,6168,0.04210640309710063,0.2364067933109459,0.08776917458663007,0.6337176290053264,25,30,20
9,6169,0.042106357817809165,0.23640679331094688,0.08763974335204085,0.6338471055192061,25,30,20
9,6170,0.04209241694426841,0.23640933511697126,0.08765114243383572,0.6338471055049276,25,30,20
9,6171,0.04209052741805126,0.23640933511688242,0.08764954305791164,0.6338505944071575,25,30,20
9,6172,0.04209028180606269,0.23640933511689927,0.08764954145972625,0.6338508416173143,25,30,20
9,6173,0.04208389616490692,0.23640933511687887,0.08764953426988688,0.6338572344483299,25,30,20
9,6174,0.04194583328596559,0.23640933510949733,0.08764898796905282,0.6339958436354868,25,30,20
9,6175,0.041951826510254246,0.23640933510951448,0.08764898818656688,0.6339898501936666,25,30,20
9,6176,0.04136210397556806,0.23651154862347534,0.08813614440718086,0.6339902029937778,25,30,20
9,6177,0.0413623464072058,0.23651154862351068,0.0881361473476642,0.6339899576216215,25,30,20
9,6178,0.041692717867110006,0.23640933700220035,0.08790824440858726,0.6339897007221045,25,30,20
9,6179,0.041706844862482245,0.2364093370021676,0.08790827516186328,0.633975542973489,25,30,20
9,6180,0.04170709126761741,0.2364093370021507,0.08790830575865767,0.6339752659715764,25,30,20
9,6181,0.04170523293305358,0.23640933700208097,0.0879083018083297,0.633977128256538,25,30,20
9,6182,0.04124150747416362,0.23733295775102053,0.0874484073663946,0.6339771274084234,25,30,20
9,6183,0.04123560957495808,0.2373329577510183,0.0874484056925751,0.6339830269814505,25,30,20
9,6184,0.0412375371102669,0.2373315747994808,0.08744786109460907,0.633983026995645,25,30,20
9,6185,0.04123165310514786,0.23731519335978432,0.08747012654402136,0.6339830269910479,25,30,20
9,6186,0.04197990211532414,0.23731519343502927,0.08672185754195581,0.6339830469076917,25,30,20
9,6187,0.04197143738025046,0.23731519343195445,0.08672177442868184,0.6339915947591142,25,30,20
9,6188,0.04197157510172918,0.23731519343195626,0.08672174505547656,0.6339914864108391,25,30,20
9,6189,0.04150342555255917,0.23731519343193852,0.08672158336713683,0.6344597976483668,25,30,20
9,6190,0.04150902747829535,0.23731519343184482,0.08672157641839418,0.6344542026714669,25,30,20
9,6191,0.04151344875930051,0.23731519343175914,0.08671995489738295,0.6344514029115588,25,30,20
9,6192,0.041522085316050734,0.23854418231408991,0.08548233000813005,0.6344514023617306,25,30,20
9,6193,0.041521973166104245,0.23854418231414276,0.0854824422027844,0.6344514023169698,25,30,20
9,6194,0.041517944758299744,0.23854418231423072,0.08548244947093121,0.6344554234565396,25,30,20
9,6195,0.006816329758087289,0.23854418078234757,0.12018416105265495,0.6344553284069123,25,30,20
9,6196,0.0068164681102009786,0.2385441807824549,0.1201841688703877,0.6344551822369583,25,30,20
9,6197,0.006820601382310808,0.23854006329696564,0.12018415309805568,0.6344551822226697,25,30,20
9,6198,0.006840346493456635,0.23854006282538875,0.12016424226038318,0.6344553484207738,25,30,20
9,6199,0.006382102587020656,0.23854006282513937,0.12016385577675842,0.634913978811084,25,30,20
9,6200,0.006382206181863508,0.23855136143300792,0.1201524535694506,0.6349139788156798,25,30,20
9,6201,0.006383877111808126,0.23857155592900678,0.12013058815384467,0.6349139788053423,25,30,20
9,6202,0.006391652444013566,0.2385715559290924,0.12013058947749024,0.6349062021494057,25,30,20
9,6203,0.006385624229988336,0.2385775807931964,0.12013059282716068,0.6349062021496565,25,30,20
9,6204,0.0063855224771192974,0.23857768287551592,0.12013059250221841,0.6349062021451483,25,30,20
9,6205,0.006385488673373277,0.23857768287546183,0.12013204343773631,0.6349047850134307,25,30,20
9,6206,0.0063874822678828954,0.23854418991035622,0.12016354279889649,0.6349047850228665,25,30,20
9,6207,0.006395188849177901,0.23854418991042597,0.1201619804601882,0.6348986407802102,25,30,20
9,6208,0.006395156302075156,0.2385440309412335,0.12016217197655657,0.634898640780137,25,30,20
9,6209,0.006407139088867458,0.2385440309411799,0.12016217355294403,0.6348866564170108,25,30,20
9,6210,0.006407134929311185,0.23854403094118048,0.12016217053978,0.6348866635897304,25,30,20
9,6211,0.006399044224446082,0.23855252280519326,0.12016176939015047,0.6348866635802125,25,30,20
9,6212,0.006394628718164015,0.23855252280527808,0.12016177547969527,0.6348910729968651,25,30,20
9,6213,0.006410890232624082,0.23855801689941789,0.12014001957967159,0.6348910732882889,25,30,20
9,6214,0.006410774802239367,0.2385580168994198,0.11548447872046051,0.6395467295778824,25,30,20
9,6215,0.006400399165140147,0.23856903804136692,0.11548383350235686,0.6395467292911381,25,30,20
9,6216,0.006421129167137032,0.23856903804445712,0.11548389832922303,0.6395259344591849,25,30,20
9,6217,0.006417241316155101,0.2385690380443517,0.11548388407581481,0.6395298365636803,25,30,20
9,6218,0.0068889359114306,0.23808923357889644,0.11549199208148617,0.6395298384281888,25,30,20
9,6219,0.006888795157793673,0.2380892335787891,0.11549198424009535,0.6395299870233239,25,30,20
9,6220,0.00688880205271562,0.23808885141334282,0.11549235950592238,0.6395299870280212,25,30,20
9,6221,0.0069027794341119655,0.23808885141350258,0.11549237003914083,0.6395159991132462,25,30,20
9,6222,0.03882156001507649,0.23808889647556314,0.08357354268750422,0.6395160008218577,25,30,20
9,6223,0.03880775468371997,0.23808889647547646,0.08357353543497137,0.6395298134058338,25,30,20
9,6224,0.0388017871976037,0.23806377629219394,0.08360462310905709,0.6395298134011468,25,30,20
9,6225,0.04140358825318868,0.23806377638284984,0.08100191616504873,0.6395307191989134,25,30,20
9,6226,0.041403735896090914,0.23806377638290843,0.08100203903459322,0.6395304486864074,25,30,20
9,6227,0.04140351883071549,0.23930184040688013,0.07976419208993288,0.6395304486724708,25,30,20
9,6228,0.041409408548435056,0.23930184040688046,0.07976427806465637,0.6395244729800268,25,30,20
9,6229,0.04370158406008245,0.2393017949901729,0.07747214858007652,0.6395244723696675,25,30,20
9,6230,0.04369320482175745,0.23930179499018817,0.07747211578851915,0.6395328843995345,25,30,20
9,6231,0.04117015988734937,0.23930179787463365,0.07999622868982433,0.6395318135481913,25,30,20
9,6232,0.04118248390417114,0.23930179787478548,0.07999613124746059,0.6395195869735815,25,30,20
9,6233,0.04101112108955245,0.23930179845199237,0.08016751297546526,0.6395195674829951,25,30,20
9,6234,0.04100509398316648,0.23930179845192076,0.08016751176202586,0.6395255958028917,25,30,20
9,6235,0.040607067665949216,0.23930234561322788,0.08056492765559618,0.6395256590652321,25,30,20
9,6236,0.040598976180297904,0.23930234561306804,0.08056491579975099,0.6395337624068879,25,30,20
9,6237,0.040593090860664656,0.23930878159255864,0.08056436514940651,0.6395337623973746,25,30,20
9,6238,0.04049421613634416,0.2393087830559599,0.08066323956414718,0.6395337612435529,25,30,20
9,6239,0.041224256734812365,0.2393082358958809,0.07993381042222157,0.6395336969470842,25,30,20
9,6240,0.04090050338417083,0.2396392528007505,0.07992654700972406,0.6395336968053535,25,30,20
9,6241,0.04089461562937738,0.23963925280074921,0.07992654623195233,0.63953958533792,25,30,20
9,6242,0.04090046770861109,0.2396392528007288,0.0799265420299958,0.6395337374606631,25,30,20
9,6243,0.0409084196508541,0.23963128785438997,0.07992655502449404,0.639533737470261,25,30,20
9,6244,0.040890203906094734,0.23963128785423804,0.07992653659709348,0.6395519716425726,25,30,20
9,6245,0.040894337127739974,0.23965851639558275,0.07989517483410659,0.6395519716425698,25,30,20
9,6246,0.04089423419423728,0.23965851639556582,0.07989520311091694,0.639552046299279,25,30,20
9,6247,0.07655944546375329,0.2396585169891678,0.044225122947361785,0.6395569145997161,25,30,20
9,6248,0.07641343180903239,0.23978316562260527,0.044246489682159856,0.6395569128862014,25,30,20
9,6249,0.0764133275781632,0.23978339689672737,0.04424636264842894,0.6395569128766795,25,30,20
9,6250,0.07641953211852824,0.23980825990715804,0.04421529509763939,0.6395569128766735,25,30,20
9,6251,0.07641953208614449,0.23980806193616835,0.044215493091483815,0.6395569128862025,25,30,20
9,6252,0.07641943023777407,0.23980815418041906,0.04421550269551535,0.6395569128862908,25,30,20
9,6253,0.07639688310302788,0.23980815417733112,0.04421546353214901,0.6395794991874911,25,30,20
9,6254,0.07640263014700668,0.23980260099986345,0.04421526967057756,0.6395794991825514,25,30,20
9,6255,0.07640274397962019,0.2398026009998639,0.04421538298718265,0.6395792720333326,25,30,20
9,6256,0.07640287764265184,0.23980260099986253,0.04421538636506659,0.6395791349924184,25,30,20
9,6257,0.0766961140741249,0.2398026010621387,0.043921143283473345,0.6395801415802623,25,30,20
9,6258,0.07649987053649934,0.23980260467032508,0.04411835671058977,0.6395791680825851,25,30,20
9,6259,0.07649972758255784,0.23980260467032644,0.04411843780042537,0.6395792299466896,25,30,20
9,6260,0.07650571017621365,0.23980260467036163,0.04411832505481611,0.639573360098608,25,30,20
9,6261,0.07710238800203778,0.23980260467890108,0.04412125476818574,0.638973752550875,25,30,20
9,6262,0.07710620728410715,0.23980260467902464,0.04412126766983449,0.6389699203670328,25,30,20
9,6263,0.07710621104548855,0.23980260467902462,0.04412126701137107,0.6389699172641149,25,30,20
9,6264,0.07710632234998692,0.23980260467900805,0.04412126691026217,0.6389698060607422,25,30,20
9,6265,0.07710632054786153,0.2398026046790081,0.04412126754293319,0.6389698072301967,25,30,20
9,6266,0.07710639421826268,0.23980260467904596,0.04412127507747224,0.6389697260252187,25,30,20
9,6267,0.07710225939641065,0.23980260467911443,0.044121197277398085,0.6389739386470764,25,30,20
9,6268,0.07709809646544274,0.23980260467916645,0.044121201487301705,0.6389780973680886,25,30,20
9,6269,0.07709812464806655,0.23980260467920173,0.044121202968610065,0.6389780677041211,25,30,20
9,6270,0.07710607217748965,0.23979466088119072,0.04412119922785303,0.6389780677134663,25,30,20
9,6271,0.07710607220688394,0.23981705115775756,0.04409880891687726,0.6389780677184811,25,30,20
9,6272,0.07713015738446599,0.2398170511580258,0.04409882928267082,0.6389539621748375,25,30,20
9,6273,0.0771301544940014,0.2398170511580442,0.04409882819899954,0.6389539661489549,25,30,20
9,6274,0.07653154444344425,0.23981705114940052,0.044225403937325984,0.6394260004698291,25,30,20
9,6275,0.07653382915443431,0.23981705114924132,0.04422539299446674,0.6394237267018575,25,30,20
9,6276,0.07653788730484525,0.23981705114918872,0.044225386759483086,0.639419674786483,25,30,20
9,6277,0.07653788966333455,0.239817051149189,0.04422538682545535,0.6394196723620214,25,30,20
9,6278,0.07652408628503017,0.23859282521078065,0.04546341615126075,0.6394196723529286,25,30,20
9,6279,0.07651820151253086,0.23859282521079947,0.04546341751465042,0.6394255557620195,25,30,20
9,6280,0.0765318988560053,0.23859282521079314,0.04546330138813698,0.6394119745450648,25,30,20
9,6281,0.07652996933244843,0.23859456373319843,0.045463492403659024,0.6394119745306944,25,30,20
9,6282,0.07652383336661442,0.23859456373321686,0.04546348950436223,0.6394181133958068,25,30,20
9,6283,0.07653154810078912,0.23858684330889768,0.04546349518515032,0.6394181134051631,25,30,20
9,6284,0.07654971727369501,0.2385868433130888,0.045463636245804996,0.6393998031674113,25,30,20
9,6285,0.0765438289377437,0.23858684331308816,0.04546363617902989,0.6394056915701383,25,30,20
9,6286,0.07654391003564938,0.23858696545117325,0.04546343293817662,0.6394056915750008,25,30,20
9,6287,0.07654626199404876,0.2385869654512336,0.045836312449904944,0.6390304601048126,25,30,20
9,6288,0.0765386960912648,0.23858696545114666,0.04583630939746085,0.6390380290601275,25,30,20
9,6289,0.08026615994432103,0.23858696421242864,0.042113714050796745,0.6390331617924534,25,30,20
9,6290,0.08026629998276755,0.23858696421244618,0.04211371534754692,0.6390330204572391,25,30,20
9,6291,0.08024224447638682,0.23858696420825481,0.042113574266356285,0.6390572170490018,25,30,20
9,6292,0.08024837866062219,0.23858696420823727,0.04211357620697448,0.6390510809241658,25,30,20
9,6293,0.0802424878487783,0.23858696420822315,0.04211357922765971,0.6390569687153389,25,30,20
9,6294,0.08024248837209591,0.23982458616533234,0.0408759567378775,0.6390569687246945,25,30,20
9,6295,0.08025629111682062,0.2398107972345134,0.040875942924064844,0.6390569687246014,25,30,20
9,6296,0.080256259169751,0.2398107972344956,0.04087594160563791,0.6390570019901157,25,30,20
9,6297,0.08027321152887353,0.2398107972350002,0.04088273996715014,0.6390332512689764,25,30,20
9,6298,0.08026524861281095,0.23981875811291092,0.04088274201006691,0.6390332512642114,25,30,20
9,6299,0.08026125550254415,0.2398187581129998,0.04088275144362481,0.6390372349408312,25,30,20
9,6300,0.08026125310004366,0.2398187581129992,0.04088275257025787,0.6390372362166993,25,30,20
9,6301,0.08026136886904102,0.2398186571261877,0.04088273778780798,0.6390372362169632,25,30,20
9,6302,0.08026721356701932,0.23981865712611566,0.04088270620377024,0.6390314231030947,25,30,20
9,6303,0.08026146900350428,0.23982440079459535,0.040882707093787295,0.6390314231081129,25,30,20
9,6304,0.08027558950266118,0.23982440079470513,0.04088271489986523,0.6390172948027683,25,30,20
9,6305,0.08076664695412533,0.23982440080599543,0.04088638603333131,0.6385225662065479,25,30,20
9,6306,0.0802812720612957,0.23982440079477774,0.04088272367708356,0.6390116034668429,25,30,20
9,6307,0.08027538804413398,0.23979922803788156,0.04091378045113764,0.6390116034668466,25,30,20
9,6308,0.0802676829710063,0.23979922803781278,0.040913774122995974,0.6390193148681849,25,30,20
9,6309,0.08026764369632429,0.23979922803777545,0.040913768754553825,0.6390193595113461,25,30,20
9,6310,0.08027360299771243,0.23979922803782802,0.04091388430440105,0.6390132846600582,25,30,20
9,6311,0.08027802904703892,0.2397992280400793,0.04078447509298536,0.6391382678198964,25,30,20
9,6312,0.0802823955298432,0.23979504832540954,0.04078428831390672,0.6391382678308405,25,30,20
9,6313,0.06267169589956229,0.23979572311380365,0.058394311745896,0.639138269240738,25,30,20
9,6314,0.06265342057541506,0.23981365035516414,0.05839465984914008,0.6391382692202807,25,30,20
9,6315,0.080260962114285,0.2398129755650616,0.04078779367373372,0.6391382686469196,25,30,20
9,6316,0.08024673796859781,0.23981297556493464,0.04078778439159954,0.639152502074868,25,30,20
9,6317,0.08023982724493069,0.23981297556559114,0.0407811868951404,0.6391660102943377,25,30,20
9,6318,0.08023968441977682,0.2398129755655914,0.040781214770008525,0.6391661252446232,25,30,20
9,6319,0.08023982447980282,0.23984389232269135,0.040750157942932956,0.6391661252545728,25,30,20
9,6320,0.08022364674898479,0.23984389232154624,0.04074995621887058,0.6391825047105983,25,30,20
9,6321,0.08069357704703072,0.2393424943784795,0.040781423279807036,0.6391825052946828,25,30,20
9,6322,0.08022955991738458,0.23983797937361764,0.0407499560032614,0.6391825047057363,25,30,20
9,6323,0.0806968373201236,0.2398379793816917,0.04075032717593921,0.6387148561222454,25,30,20
9,6324,0.08069091538698549,0.2398439028832492,0.04075032560291875,0.6387148561268465,25,30,20
9,6325,0.0806769720485819,0.23985730708312267,0.04075086475580959,0.6387148561124858,25,30,20
9,6326,0.08067693899786449,0.23985730708308609,0.040750746268145566,0.6387150076509038,25,30,20
9,6327,0.08067701437307154,0.23985779217165656,0.04075018580437392,0.638715007650898,25,30,20
9,6328,0.08096366344609283,0.2398577932941594,0.0404632372862296,0.6387153059735181,25,30,20
9,6329,0.08229585254194488,0.23985779329843163,0.04046401179438577,0.6373823423652376,25,30,20
9,6330,0.08229585367532172,0.23985779329844573,0.04046400874570472,0.6373823442805275,25,30,20
9,6331,0.08230236888941249,0.23985779329844853,0.04046398454768053,0.6373758532644577,25,30,20
9,6332,0.08230164790172839,0.23985779329150553,0.04046470783605428,0.6373758509707109,25,30,20
9,6333,0.08232012498668506,0.2398577932937399,0.04046485016447718,0.637357231555097,25,30,20
9,6334,0.08232002192514071,0.239857793293723,0.0404648499727302,0.6373573348084054,25,30,20
9,6335,0.08228395300297406,0.23985779329347293,0.04046482992387745,0.6373934237796753,25,30,20
9,6336,0.08228987312040269,0.23984087781465507,0.04047582528509046,0.6373934237798516,25,30,20
9,6337,0.08228934854858987,0.23984087781467087,0.040475939065438775,0.6373938345713004,25,30,20
9,6338,0.08095116946406922,0.23984087781038116,0.04047516213401461,0.6387327905915349,25,30,20
9,6339,0.0809595121654552,0.23984295857073998,0.040464738662579346,0.6387327906012252,25,30,20
9,6340,0.08095123729468122,0.23985154096222022,0.04046443115182497,0.6387327905912733,25,30,20
9,6341,0.08095743804888961,0.2386074961913739,0.04170227515959434,0.6387327906001419,25,30,20
9,6342,0.0809637727858593,0.23860749182171584,0.04169594479229361,0.6387327906001311,25,30,20
9,6343,0.08096384542413645,0.23984526293107644,0.04045810105795634,0.6387327905868307,25,30,20
9,6344,0.08050605263293403,0.23984526292083824,0.04045763240214911,0.6391910520440784,25,30,20
9,6345,0.08086224959130436,0.2398452629252019,0.04045838313817027,0.6388341043453234,25,30,20
9,6346,0.08085594446699057,0.23984526292393174,0.04046466745415786,0.63883412515492,25,30,20
9,6347,0.08085598074330305,0.23984526292396804,0.04046466860324509,0.6388340877294839,25,30,20
9,6348,0.0808560429327107,0.2398452629238594,0.04046465719027546,0.6388340369531541,25,30,20
9,6349,0.08085999970733104,0.23984184655073382,0.04046411676965581,0.638834036972279,25,30,20
9,6350,0.08085814266701333,0.2398418465506634,0.04047071177743058,0.6388292990048923,25,30,20
9,6351,0.08086864770181729,0.23983131726081186,0.040470736041360096,0.6388292989960103,25,30,20
9,6352,0.0440493829797525,0.2398313132369191,0.07729033692624941,0.6388289668570778,25,30,20
9,6353,0.0428101822448356,0.2398313125240836,0.07852953689834244,0.6388289683327373,25,30,20
9,6354,0.042803944840752166,0.2398313125240872,0.0785296579313816,0.6388350847037779,25,30,20
9,6355,0.0428100449806236,0.23983131252408785,0.07852965795777472,0.6388289845375125,25,30,20
9,6356,0.04280604024396939,0.2398313125240917,0.0785313124465845,0.6388313347853533,25,30,20
9,6357,0.039231890278927234,0.23983131252952058,0.08210546184963478,0.6388313353419188,25,30,20
9,6358,0.039231857885460374,0.23983131252948436,0.0821054592767815,0.638831370308275,25,30,20
9,6359,0.038877692490200934,0.23983131252517917,0.08210475981227675,0.6391862351723446,25,30,20
9,6360,0.03887772087203666,0.23983131252521386,0.08210473285438549,0.6391862337483651,25,30,20
9,6361,0.03887762233402759,0.23983131252526702,0.08210473677116453,0.6391863283695421,25,30,20
9,6362,0.03887933004860283,0.23983131252529202,0.08834993733978772,0.6329394200863188,25,30,20
9,6363,0.03887336890311889,0.2398313125252751,0.0883499380682846,0.6329453805033224,25,30,20
9,6364,0.03886587435649161,0.23983131252519665,0.08210473355930079,0.6391980795590118,25,30,20
9,6365,0.03885196322648746,0.23983131252510906,0.08210472834759334,0.6392119959008106,25,30,20
9,6366,0.07617518370492653,0.23983131259570098,0.04477926901294377,0.6392142346864282,25,30,20
9,6367,0.07831592822255386,0.23983149190522812,0.042640585583188874,0.6392119942890286,25,30,20
9,6368,0.078319886522022,0.23983149190542274,0.04264060064822085,0.6392080209243343,25,30,20
9,6369,0.07831557532219616,0.2398357850579605,0.042640618666680556,0.6392080209531625,25,30,20
9,6370,0.0783156831494484,0.23983578505801373,0.04264062054305158,0.6392079112494862,25,30,20
9,6371,0.07832153687035909,0.2398357850580263,0.04264049659273187,0.6392021814788825,25,30,20
9,6372,0.07830701679991493,0.2398357850559329,0.04264036786272462,0.6392168302814273,25,30,20
9,6373,0.07830686740777003,0.23983593295900524,0.04264036934746856,0.639216830285756,25,30,20
9,6374,0.07831278607188374,0.2398359329590411,0.04264037333003363,0.6392109076390414,25,30,20
9,6375,0.07831066180200164,0.23983593295900157,0.042638757164351004,0.6392146480746451,25,30,20
9,6376,0.07831469022961685,0.23983593295894867,0.042638750660393444,0.6392106261510404,25,30,20
9,6377,0.07831878721597502,0.23983593295884162,0.04263874091490778,0.6392065389102751,25,30,20
9,6378,0.078343010248438,0.23983593297023112,0.04264044716783918,0.6391806096134914,25,30,20
9,6379,0.0783509966225402,0.2398359329703015,0.04264045428855397,0.6391726161186038,25,30,20
9,6380,0.07834896449867888,0.23983593297024272,0.04264040498153098,0.6391746975495473,25,30,20
9,6381,0.07834896692217001,0.23983593297024364,0.042640404467601443,0.6391746956399846,25,30,20
9,6382,0.07836305142354937,0.2398359329703146,0.04264199378820481,0.639159021817931,25,30,20
9,6383,0.07836308867283936,0.2398359329704034,0.04264200017909358,0.6391589781776631,25,30,20
9,6384,0.0783690497745021,0.23983593297042002,0.042641999330010144,0.639153017925067,25,30,20
9,6385,0.07838274765307099,0.23983593297047126,0.042642004001712204,0.6391393153747444,25,30,20
9,6386,0.07838264438994036,0.23983604634723898,0.04264199390261198,0.6391393153602078,25,30,20
9,6387,0.07837882787640049,0.23983604634715175,0.042641983976537255,0.63914314179991,25,30,20
9,6388,0.07836633205467171,0.2398485607378311,0.042641965398684034,0.6391431418088128,25,30,20
9,6389,0.07836608686741753,0.23984920856719077,0.04264156277112896,0.639143141794262,25,30,20
9,6390,0.07850094103814524,0.23984920857344105,0.04226917842793968,0.6393806719604739,25,30,20
9,6391,0.07849908511997399,0.23985051671006946,0.04226972622844909,0.6393806719415074,25,30,20
9,6392,0.0784852472378452,0.239850516710106,0.042268102704025104,0.6393961333480234,25,30,20
9,6393,0.07849316501059085,0.23985051671012225,0.04226810487568208,0.6393882134036047,25,30,20
9,6394,0.07849544789951185,0.2398505167174349,0.04226818583219891,0.6393858495508542,25,30,20
9,6395,0.0784818906839887,0.2398505167174028,0.04226818274753228,0.6393994098510761,25,30,20
9,6396,0.07847807038584048,0.23985051671724478,0.04226816937579299,0.639403243521122,25,30,20
9,6397,0.07834487766660012,0.23985051671625293,0.04226772485681542,0.6395368807603318,25,30,20
9,6398,0.0783487652557605,0.23985051671643068,0.04226773903416742,0.6395329789936418,25,30,20
9,6399,0.07834059898538907,0.23985051670911667,0.042267540294433956,0.6395413440110608,25,30,20
9,6400,0.07880443440297558,0.2109807201891465,0.07067350052484316,0.6395413448830353,25,30,20
9,6401,0.0788101816272316,0.21098072018905775,0.07067349728171304,0.6395356009019979,25,30,20
9,6402,0.07882398794776838,0.21098072018909092,0.07067350159616886,0.6395217902669722,25,30,20
9,6403,0.07928806301888248,0.21051619638143465,0.07067394948484884,0.6395217911148346,25,30,20
9,6404,0.07928805872600096,0.21051619638143432,0.07067394943518299,0.6395217954573823,25,30,20
9,6405,0.07929408237201203,0.21051619638146998,0.07067395062055346,0.6395157706259647,25,30,20
9,6406,0.07930413588595388,0.21051619638134436,0.0706739409749039,0.6395057267577982,25,30,20
9,6407,0.07930611470859947,0.2105161963760088,0.07067389088822716,0.639503798027165,25,30,20
9,6408,0.07930604381976854,0.2105161963760457,0.07067389117025623,0.6395038686339298,25,30,20
9,6409,0.08108123456657497,0.210516196380394,0.07067777529429026,0.6377247937587408,25,30,20
9,6410,0.0810812345184086,0.21051619638039434,0.07067777480185074,0.6377247942993464,25,30,20
9,6411,0.08108747439417378,0.21050981693526222,0.0706779143712119,0.6377247942993521,25,30,20
9,6412,0.08068723926141866,0.21050982173029745,0.07107778699122098,0.637725152017063,25,30,20
9,6413,0.0806873421412881,0.2105098217302622,0.0710815967005049,0.6377212394279452,25,30,20
9,6414,0.08068734228494683,0.21050982173026192,0.07108159873347406,0.6377212372513175,25,30,20
9,6415,0.0806854833408324,0.2105116841220232,0.07108159529568858,0.6377212372414562,25,30,20
9,6416,0.08069957418180485,0.2105116841222051,0.07108207270024795,0.6377066689957422,25,30,20
9,6417,0.08069947251477981,0.210511399431054,0.0710824590630164,0.6377066689911499,25,30,20
9,6418,0.08068549703789772,0.21051139943096614,0.07108256758252575,0.6377205359486104,25,30,20
9,6419,0.08067960857495256,0.21051139943096456,0.07108256534868272,0.6377264266454005,25,30,20
9,6420,0.08067350617216565,0.21051763386561523,0.07108243331682168,0.6377264266453977,25,30,20
9,6421,0.08107068656880567,0.21051745491032514,0.07068541322618689,0.6377264452946827,25,30,20
9,6422,0.08107671172814253,0.2105174549104011,0.07067881775822143,0.6377270156032351,25,30,20
9,6423,0.08107664018348423,0.2105174549103861,0.07067881873794322,0.6377270861681866,25,30,20
9,6424,0.08108253133727582,0.21051062202533025,0.07067976044989632,0.6377270861874978,25,30,20
9,6425,0.08107653492546803,0.21051756013284828,0.07067881877324449,0.6377270861684393,25,30,20
9,6426,0.07705177428136344,0.2105175601419793,0.0747035975752579,0.6377270680013996,25,30,20
9,6427,0.07705566087036402,0.21051756014210352,0.07507635342910174,0.6373504255584309,25,30,20
9,6428,0.07705605462468611,0.21051756014208792,0.0751685875853969,0.6372577976478292,25,30,20
9,6429,0.07705016489008641,0.21051756014208864,0.0755414808635084,0.6368907941043166,25,30,20
9,6430,0.0770502351219143,0.21051756014205075,0.07554150751550673,0.6368906972205284,25,30,20
9,6431,0.07704994523036868,0.21051756014190182,0.07554103342588774,0.6368914612018417,25,30,20
9,6432,0.07704605676727994,0.2105175601417767,0.07516816384052925,0.6372682192504139,25,30,20
9,6433,0.07704798420331677,0.21051756014183268,0.07516817191828301,0.6372662837365672,25,30,20
9,6434,0.07703414780257706,0.2105175601417814,0.07516816679335596,0.6372801252622853,25,30,20
9,6435,0.0770323609446522,0.21051756014176362,0.07516816352675466,0.6372819153868291,25,30,20
9,6436,0.07703222024446994,0.21051770883793305,0.07516815553578461,0.6372819153818121,25,30,20
9,6437,0.07703796554101794,0.21051770883789486,0.07516815214181394,0.6372761734792731,25,30,20
9,6438,0.07704406007949834,0.2104896092027537,0.07519015723856443,0.6372761734791834,25,30,20
9,6439,0.0770438058641713,0.21048960920280524,0.07510020364675016,0.6373663812862733,25,30,20
9,6440,0.07657377197330818,0.21095941050261502,0.07510043709016767,0.637366380433909,25,30,20
9,6441,0.07657363459626045,0.2109594105025387,0.07510043007781846,0.6373665248233822,25,30,20
9,6442,0.07513852301491089,0.2109594104389757,0.07653554332483795,0.6373665232212744,25,30,20
9,6443,0.07512654412698255,0.2109594104389758,0.07653558251421964,0.6373784629198208,25,30,20
9,6444,0.07513260726702944,0.2109594104389748,0.07653558133082644,0.6373724009631682,25,30,20
9,6445,0.07513250425956505,0.21095895492402345,0.07653613985783904,0.6373724009585715,25,30,20
9,6446,0.07466453609843236,0.2398331423776804,0.04812992142784623,0.6373724000960403,25,30,20
9,6447,0.07466442855777428,0.23983314237769635,0.04812995006399633,0.6373724790005324,25,30,20
9,6448,0.07467052786083035,0.23982649448382104,0.048130498635514905,0.637372479019833,25,30,20
9,6449,0.07467052780299913,0.2398264944838201,0.0481304980711929,0.6373724796419873,25,30,20
9,6450,0.07467024711003162,0.23982649448378227,0.04813049512146286,0.6373727632847231,25,30,20
9,6451,0.07466607790703933,0.23982649448379853,0.048130499642282706,0.63737692796688,25,30,20
9,6452,0.07466607793935687,0.2398264944837985,0.04813047122565946,0.6373769563511853,25,30,20
9,6453,0.07467021180190388,0.2398264944837118,0.048130425794855894,0.6373728679195287,25,30,20
9,6454,0.07466419015486357,0.23982649448367585,0.048128145234662044,0.6373811701267987,25,30,20
9,6455,0.07466418956385965,0.23982649448369425,0.04812814649413245,0.637381169458314,25,30,20
9,6456,0.07466419144031528,0.23982649448369447,0.04775525191838883,0.6377540621576016,25,30,20
9,6457,0.04271980117220316,0.23982649405212889,0.07969965997532762,0.6377540448003406,25,30,20
9,6458,0.0428296990388308,0.23982649405231082,0.07969991209421821,0.6376438948146401,25,30,20
9,6459,0.04283386505133463,0.23982180363746164,0.07970043649631008,0.6376438948148937,25,30,20
9,6460,0.042827875353031175,0.2398218036374801,0.07970043684210609,0.6376498841673827,25,30,20
9,6461,0.042835723923921376,0.23983633757306969,0.07967805432618758,0.6376498841768213,25,30,20
9,6462,0.042839758033761034,0.23983633757303666,0.07967807707120364,0.6376458273219987,25,30,20
9,6463,0.04681418528443697,0.23983633279033992,0.07570397751608449,0.6376455044091388,25,30,20
9,6464,0.046956839666036115,0.23983633280090952,0.07556132199162319,0.637645505541431,25,30,20
9,6465,0.04695713253529401,0.2398363328030364,0.07556142231539377,0.6376451123462762,25,30,20
9,6466,0.0469511040150259,0.23983633280303987,0.07556304621580208,0.6376495169661325,25,30,20
9,6467,0.04694564216527886,0.2398363328030775,0.07556302366786245,0.6376550013637821,25,30,20
9,6468,0.04694561068163882,0.23983688945161816,0.07556249850311875,0.6376550013636251,25,30,20
9,6469,0.04694550700592673,0.23983688945160125,0.07556249829443455,0.6376551052480385,25,30,20
9,6470,0.046951433015181794,0.23983688945161472,0.07556087469390765,0.6376508028392969,25,30,20
9,6471,0.04695745713420943,0.2398368894516865,0.07556088335367975,0.6376447700604249,25,30,20
9,6472,0.046973942712052706,0.2398205602170753,0.07556072698568972,0.6376447700851827,25,30,20
9,6473,0.04697590420180869,0.23981875591672477,0.07556056978686185,0.6376447700946052,25,30,20
9,6474,0.046976145373464985,0.23920932882708443,0.07616975569523465,0.6376447701042158,25,30,20
9,6475,0.04449934311002388,0.23920933658757262,0.07864649644506835,0.6376448238573351,25,30,20
9,6476,0.0445052283877476,0.2392093365875717,0.07865119563188466,0.637634239392796,25,30,20
9,6477,0.04272194447994353,0.2392093365831695,0.07864730460972164,0.639421414327165,25,30,20
9,6478,0.04272208410250884,0.23920933658317053,0.07864730646824532,0.639421272846075,25,30,20
9,6479,0.04272568567504511,0.239209336694811,0.07864373950886558,0.6394212381212782,25,30,20
9,6480,0.04272582191632138,0.23920933669484729,0.07864374214279153,0.6394210992460393,25,30,20
9,6481,0.04261607031604738,0.23920933669466596,0.07864352459932814,0.639531068389958,25,30,20
9,6482,0.058507812741572816,0.23920933669501984,0.06275178184252135,0.6395310687208853,25,30,20
9,6483,0.05850766647438171,0.2392093366950192,0.06275174723052196,0.6395312496000763,25,30,20
9,6484,0.05849981838747945,0.23920933669493094,0.06275173946878716,0.6395391054488017,25,30,20
9,6485,0.05850766649710845,0.23920933669501884,0.06275174579117139,0.6395312510167005,25,30,20
9,6486,0.05851351882541688,0.23981321952482165,0.06214201064275475,0.6395312510070058,25,30,20
9,6487,0.05850316555753185,0.23982397091182636,0.062141612548397535,0.6395312509822433,25,30,20
9,6488,0.05849473968480694,0.23982397090056,0.06213991711772635,0.639541372296906,25,30,20
9,6489,0.05848871554469943,0.23982397090048949,0.062139908595114826,0.6395474049596958,25,30,20
9,6490,0.0421022808987347,0.23982397088960145,0.07852634411300415,0.6395474040986591,25,30,20
9,6491,0.04211023284858244,0.23982397088967178,0.07852635040731054,0.6395394458544348,25,30,20
9,6492,0.061472671740992524,0.23982396305394807,0.05916397473480257,0.6395393904702559,25,30,20
9,6493,0.06158829944132811,0.23982396305407555,0.059164154137455585,0.6394235833671398,25,30,20
9,6494,0.08066290083479387,0.23982396737249106,0.040089548438294306,0.6394235833544198,25,30,20
9,6495,0.08081030346798246,0.2398239673829203,0.04009232518209035,0.6392734039670059,25,30,20
9,6496,0.08081026842123232,0.23982455209866388,0.04009177553256453,0.6392734039475388,25,30,20
9,6497,0.08080242340952021,0.23982455209857723,0.040091768098160945,0.6392812563937411,25,30,20
9,6498,0.080796395261751,0.23983058756137499,0.040091760782880834,0.6392812563939928,25,30,20
9,6499,0.0807903314866998,0.23983058756137499,0.040091761313513136,0.6392873196384117,25,30,20
9,6500,0.08079232708699267,0.23982858339221977,0.040091769872515066,0.6392873196482723,25,30,20
9,6501,0.08078647122778455,0.23982858339223817,0.040091771185557026,0.63929317419442,25,30,20
9,6502,0.09078114370770365,0.23982858354171277,0.03009709539763087,0.6392931773529524,25,30,20
9,6503,0.09078702904773966,0.23982858354171238,0.030097094646444764,0.6392872927641029,25,30,20
9,6504,0.09078084648632184,0.23982858353958558,0.0301035968521993,0.6392869731218931,25,30,20
9,6505,0.09080270480592446,0.23980632241661706,0.030103999636614004,0.6392869731408443,25,30,20
9,6506,0.09080270275728188,0.2398063224166351,0.030103999155946526,0.6392869756701361,25,30,20
9,6507,0.09079670343109658,0.23981233125181714,0.030103989637517366,0.6392869756795684,25,30,20
9,6508,0.12065707931223221,0.23981233110383549,0.00024361732680521674,0.6392869722571268,25,30,20
9,6509,0.12064916396184289,0.23981233110378533,0.0002436522262738043,0.6392948527080979,25,30,20
9,6510,0.12097760955726035,0.23981233109975084,0.00024133233173902796,0.6389687270112498,25,30,20
9,6511,0.12097750648425931,0.23981233109973396,0.00024133208388270268,0.6389688303321239,25,30,20
9,6512,0.12097172338072833,0.23981233109978548,0.0002459970219972371,0.638969948497489,25,30,20
9,6513,0.12097130369081097,0.23981233109976752,0.0002459912500537799,0.6389703739593682,25,30,20
9,6514,0.12095547397000125,0.23981233109960992,0.0002460569322967781,0.6389861379980925,25,30,20
9,6515,0.12077503066936314,0.23981233116737805,0.0004264783152227791,0.6389861598480365,25,30,20
9,6516,0.12076917923089443,0.23981233116739775,0.00042647898214244923,0.6389920106195657,25,30,20
9,6517,0.12076928227153796,0.23981233116741463,0.00042647921694302036,0.6389919073441047,25,30,20
9,6518,0.12076931526197576,0.23981233116743306,0.0004217806619935577,0.638996572908598,25,30,20
9,6519,0.12065347662935148,0.23981233116725323,0.0004215995178601411,0.6391125926855357,25,30,20
9,6520,0.12065922309780426,0.23981233116718212,0.00041689369023998024,0.639111552044774,25,30,20
9,6521,0.12065922364527439,0.23981233116718242,0.00041689513567773356,0.6391115500518657,25,30,20
9,6522,0.12066549448475414,0.2398123311671477,0.0004168969285599899,0.6391052774195386,25,30,20
9,6523,0.12066538819404458,0.23981233116716485,0.00041689716308090685,0.6391053834757096,25,30,20
9,6524,0.12066724276347596,0.2398123311672333,0.000416902984237881,0.6391035230850529,25,30,20
9,6525,0.12157924400309048,0.2398123311674101,0.0004172929240859396,0.6381911319054138,25,30,20
9,6526,0.12159504222553488,0.2397966582579393,0.00041716760169129447,0.6381911319148346,25,30,20
9,6527,0.12159517998169811,0.23979665825797652,0.00041717233937968543,0.6381909894209458,25,30,20
9,6528,0.12161772921921976,0.21450399720952487,0.02568727619401241,0.638190997377243,25,30,20
9,6529,0.12159635121101575,0.2128082953240706,0.027404356089782877,0.6381909973751307,25,30,20
9,6530,0.1215982101708701,0.212808295324141,0.02740436216658977,0.6381891323383992,25,30,20
9,6531,0.12159831899843204,0.21280829532412412,0.027404362015964173,0.6381890236614799,25,30,20
9,6532,0.12171408671305875,0.2128082953243056,0.027397941963223083,0.6380796759994127,25,30,20
9,6533,0.12170806071372473,0.21280829532428627,0.02739794056142037,0.6380857034005689,25,30,20
9,6534,0.1217020998776242,0.21280829532424986,0.02739791450338171,0.6380916902947444,25,30,20
9,6535,0.12171009353121569,0.18407210857334222,0.05612610759091268,0.6380916903045297,25,30,20
9,6536,0.12173191456968505,0.1840721085735013,0.05612612101109597,0.6380698558457181,25,30,20
9,6537,0.12186982539808543,0.18407210857881928,0.056126571734759434,0.6379314942883362,25,30,20
9,6538,0.12186597141675687,0.18407597029635128,0.056126564017770476,0.6379314942691219,25,30,20
9,6539,0.12176404294944934,0.18407597029629294,0.05612639138696068,0.6380335953672974,25,30,20
9,6540,0.12174811737581714,0.1840920981313743,0.056126189139853774,0.6380335953529555,25,30,20
9,6541,0.12174394781690545,0.1840920981313901,0.05612237892174393,0.6380415751299612,25,30,20
9,6542,0.12173988300318607,0.18405418944256816,0.05616435241500718,0.6380415751392395,25,30,20
9,6543,0.122017108135363,0.1840541893765322,0.055887116444652225,0.6380415860434535,25,30,20
9,6544,0.12202113944813195,0.1840541893764625,0.05588711047307589,0.6380375607023311,25,30,20
9,6545,0.12201515098613992,0.18405418937648033,0.05597927919421828,0.6379513804431625,25,30,20
9,6546,0.12193113350378741,0.18405418924715033,0.056063297314740856,0.6379513799343226,25,30,20
9,6547,0.12190834313458293,0.20934708598234597,0.030793198914568286,0.6379513719685035,25,30,20
9,6548,0.12185040765925288,0.20934708607626562,0.03084551366678323,0.637956992597699,25,30,20
9,6549,0.09938487025507746,0.20934708799339977,0.05330901550306949,0.6379590262484542,25,30,20
9,6550,0.09939870667674489,0.2093470879934504,0.05321685710963598,0.6380373482201697,25,30,20
9,6551,0.0993968483184288,0.20934708799338034,0.05321696835543113,0.6380390953327606,25,30,20
9,6552,0.09849879059695779,0.2093470879932741,0.05321658472565794,0.6389375366841106,25,30,20
9,6553,0.09849868176995705,0.20934708799329094,0.05321658487606312,0.6389376453606893,25,30,20
9,6554,0.09850470820532645,0.20934708799334373,0.05321658667712831,0.638931617124202,25,30,20
9,6555,0.09850890250004482,0.20934708799354174,0.05321662650680185,0.6389273829996119,25,30,20
9,6556,0.09850473534859491,0.20934708799357363,0.05321662973429488,0.6389315469235374,25,30,20
9,6557,0.0985049462744052,0.20934708799360863,0.053216630294865334,0.6389313354371212,25,30,20
9,6558,0.09837131260210182,0.20934708799034546,0.05321618095081884,0.639065418456734,25,30,20
9,6559,0.09837926446697356,0.20934708799041613,0.05321618914208539,0.6390574584005251,25,30,20
9,6560,0.09836339842166299,0.2093470879902955,0.05321617906329751,0.6390733345247442,25,30,20
9,6561,0.09835888702401001,0.2093470879901145,0.053216181475177426,0.6390778435106983,25,30,20
9,6562,0.12064592726767737,0.2093470875244324,0.03092603428636243,0.639080950921528,25,30,20
9,6563,0.1206758705544015,0.20931707679723943,0.03092610169806596,0.6390809509502932,25,30,20
9,6564,0.12067597492204334,0.20931707679727538,0.03092609920202831,0.6390808490786529,25,30,20
9,6565,0.1206700560230905,0.20931707679726239,0.031192282698098938,0.638820584481548,25,30,20
9,6566,0.12067015794946923,0.20931707679522862,0.03119460759090617,0.638818157664396,25,30,20
9,6567,0.12067629319116889,0.20931094610104137,0.031194603043393377,0.6388181576643963,25,30,20
9,6568,0.12067622472408708,0.20931094610100376,0.031194599762113837,0.6388182294127952,25,30,20
9,6569,0.12068025606510906,0.209310946100934,0.031194594633860078,0.6388142032000967,25,30,20
9,6570,0.12067254703933283,0.20931094610086518,0.03119450733204099,0.6388219995277608,25,30,20
9,6571,0.12079329295719489,0.209310946153337,0.031079380584900385,0.6388163803045674,25,30,20
9,6572,0.12080713034791087,0.20931094615344395,0.031079298295747338,0.6388026252028973,25,30,20
9,6573,0.12081282150165684,0.211000340854062,0.029384212458042073,0.6388026251862385,25,30,20
9,6574,0.12081892042029754,0.21100034085402697,0.029384211909429893,0.6387965268162451,25,30,20
9,6575,0.1208145028891009,0.2110003365320154,0.029388633859020474,0.6387965267198628,25,30,20
9,6576,0.12078497828810678,0.21100752911222634,0.029410965908386832,0.6387965266912796,25,30,20
9,6577,0.12077713493276386,0.21100752911210216,0.029412552387703666,0.6388027835674299,25,30,20
9,6578,0.12077079446425339,0.21100752911199475,0.02941021990290168,0.6388114565208499,25,30,20
9,6579,0.12077502069503078,0.21102544526491396,0.029388077499450164,0.6388114565406048,25,30,20
9,6580,0.12067161177806876,0.2110254451891137,0.029491470843529464,0.6388114721892878,25,30,20
9,6581,0.12067168392211126,0.21102544518907923,0.029491467840289807,0.6388114030485194,25,30,20
9,6582,0.12066579545299838,0.21102544518908023,0.029491467622960277,0.6388172917349607,25,30,20
9,6583,0.12067959702320569,0.21102544518914418,0.029225288708135535,0.6390696690795143,25,30,20
9,6584,0.1211439102041794,0.2110254451893774,0.02922546681840086,0.6386051777880422,25,30,20
9,6585,0.12087559652187338,0.21102545515109652,0.029492434302455163,0.6386065140245748,25,30,20
9,6586,0.12086956749799514,0.2110254551510783,0.029492390994291334,0.6386125863566351,25,30,20
9,6587,0.12087557563948187,0.21104183816777655,0.029469999830770727,0.6386125863619707,25,30,20
9,6588,0.12088142763174224,0.2110418381677571,0.029472275868518364,0.6386044583319821,25,30,20
9,6589,0.12041423260012735,0.21104183816161978,0.02947211799676681,0.6390718112414857,25,30,20
9,6590,0.12040628499797158,0.21104183816154948,0.029472109881975222,0.6390797669585033,25,30,20
9,6591,0.11994789079287382,0.21104183816133396,0.029564160530169907,0.639446110515622,25,30,20
9,6592,0.11994156562795802,0.211048168179071,0.02956415568252376,0.639446110510447,25,30,20
9,6593,0.119933752329069,0.21104816817900404,0.029564149935775795,0.6394539295561509,25,30,20
9,6594,0.11992772936660373,0.21104816817898406,0.02956414993185998,0.639459952522552,25,30,20
9,6595,0.11930298345594582,0.21104816907669377,0.03018888972652364,0.6394599577408366,25,30,20
9,6596,0.1194384318936629,0.2110481690820623,0.030187158944286526,0.6393262400799881,25,30,20
9,6597,0.11943895394063697,0.21104816908204782,0.030187164471614448,0.639325712505701,25,30,20
9,6598,0.10355164258366303,0.2110485887827417,0.04607920324556896,0.6393205653880268,25,30,20
9,6599,0.1035517472500331,0.21104858878274135,0.04598700159813156,0.6394126623690943,25,30,20
9,6600,0.1035517456318751,0.17216267381619832,0.08487291817423336,0.6394126623776932,25,30,20
9,6601,0.1035818345166541,0.17216267382180636,0.084965334087021,0.6392901575745186,25,30,20
9,6602,0.10358531744207174,0.17213704090428741,0.0849874840897831,0.6392901575638582,25,30,20
9,6603,0.10357333441353647,0.17213704090421644,0.0849874813485867,0.639302143333661,25,30,20
9,6604,0.10356122112556053,0.17213704090426885,0.08498748547751872,0.6393142524926528,25,30,20
9,6605,0.10354540969958188,0.20088105353697577,0.05625928428985182,0.6393142524735915,25,30,20
9,6606,0.10355140187472228,0.20088105353695762,0.056259282515827624,0.6393082620724934,25,30,20
9,6607,0.10355139581349602,0.200881259642089,0.05625908246700186,0.6393082620774139,25,30,20
9,6608,0.10354595947570598,0.20086429120208948,0.056281487233731935,0.6393082620884732,25,30,20
9,6609,0.10354595757975842,0.20086429120208976,0.056281487201948026,0.6393082640162046,25,30,20
9,6610,0.10354353983146342,0.2008642912018314,0.05628119017124461,0.6393109787954616,25,30,20
9,6611,0.10354333173769593,0.20086429120190175,0.05628119325618282,0.6393111838042203,25,30,20
9,6612,0.10340784866463786,0.20086429119678137,0.056280666819009985,0.6394471933195717,25,30,20
9,6613,0.10340806080267495,0.20086429119671073,0.05628074786222071,0.6394469001383946,25,30,20
9,6614,0.10338206699975235,0.20086429119124602,0.056188425644780875,0.6395652161642217,25,30,20
9,6615,0.10338210347276046,0.20086429119099883,0.05619068286840851,0.6395629224678331,25,30,20
9,6616,0.10337597007136366,0.20086429119101637,0.05619059937151771,0.6395691393661032,25,30,20
9,6617,0.10337783241355517,0.2008642911908897,0.05619050491119428,0.6395673714843617,25,30,20
9,6618,0.10338440843123718,0.2008642911911246,0.05619052497980007,0.6395607753978393,25,30,20
9,6619,0.10338013397079372,0.20086429119121063,0.05619053016630026,0.6395650446716958,25,30,20
9,6620,0.10337610368447281,0.20086429119126292,0.056188257894875394,0.6395713472293894,25,30,20
9,6621,0.10337596472857116,0.20086429119124447,0.05618822957822575,0.6395715145019593,25,30,20
9,6622,0.10339593044088195,0.20086429119131474,0.056188236027941214,0.6395515423398627,25,30,20
9,6623,0.11752250284326779,0.2008638875483751,0.04204839288287505,0.6395652167254827,25,30,20
9,6624,0.1175166169440663,0.2008638875483751,0.042048473896735335,0.6395710216108239,25,30,20
9,6625,0.11791026595838516,0.2008638775159718,0.04165618804309513,0.6395696684825485,25,30,20
9,6626,0.11791026657290632,0.2008638775159897,0.04166089008574845,0.6395649658253556,25,30,20
9,6627,0.11791026714869934,0.20086387751598977,0.041663077839583874,0.6395627774957271,25,30,20
9,6628,0.117904278230061,0.20086387751597287,0.04166307759624541,0.6395687666577207,25,30,20
9,6629,0.11790850973195649,0.20086387751713589,0.04166316475634033,0.6395644479945676,25,30,20
9,6630,0.11792444295164622,0.20084019723549373,0.04167091180405855,0.639564448008802,25,30,20
9,6631,0.1179119790923876,0.20084019723525828,0.04167089171805039,0.6395769319543042,25,30,20
9,6632,0.11790609318772799,0.20084019723525828,0.04167089168770573,0.6395828178893094,25,30,20
9,6633,0.11790182438331005,0.2008401972341494,0.041670807508657155,0.6395871708738847,25,30,20
9,6634,0.11790199539461038,0.20084019723420468,0.04166919086643397,0.6395886165047522,25,30,20
9,6635,0.1179017823943998,0.20084019723424007,0.04166919187101774,0.6395888285003432,25,30,20
9,6636,0.11788979743055573,0.20085217954368445,0.041669194525393013,0.6395888285003676,25,30,20
9,6637,0.11789396511873519,0.20085217954366846,0.04166919447704548,0.6395846608605517,25,30,20
9,6638,0.1178880788314693,0.20085217954366846,0.04166919311197043,0.6395905485128925,25,30,20
9,6639,0.11788226274511278,0.20085217954364842,0.041669191685081035,0.6395963660261583,25,30,20
9,6640,0.11788632882537503,0.2008900837712947,0.041627221386619666,0.6395963660167115,25,30,20
9,6641,0.11786636938470563,0.20091738248213784,0.04161988213101402,0.6395963660021434,25,30,20
9,6642,0.11788102062039936,0.20091738248214194,0.04161992803566508,0.6395816688617945,25,30,20
9,6643,0.11788274239931454,0.2009173824822117,0.0416152347267277,0.639584640391747,25,30,20
9,6644,0.1181207303785034,0.20091738222811373,0.04137721451214324,0.6395846728812404,25,30,20
9,6645,0.11812485856365852,0.20091738222795627,0.041377202570232335,0.6395805566381536,25,30,20
9,6646,0.11812520942473993,0.20091738222804958,0.04137720784400696,0.6395802005032042,25,30,20
9,6647,0.11810339009008798,0.20091738222792613,0.04137719561670509,0.6396020320652817,25,30,20
9,6648,0.12183846469790177,0.19983193878600222,0.038634163263576604,0.6396954332525202,25,30,20
9,6649,0.12186021691747863,0.19983193878815997,0.038634225630817136,0.639673618663545,25,30,20
9,6650,0.12197409697624885,0.19983193878823752,0.03863453567818613,0.6395594285573283,25,30,20
9,6651,0.12207623502671168,0.19983195453884264,0.038532398547071085,0.6395594118873754,25,30,20
9,6652,0.12208212478633973,0.19982568206367038,0.03853278126295356,0.6395594118870369,25,30,20
9,6653,0.12208745642803809,0.19984275764972217,0.038510374036823516,0.6395594118854172,25,30,20
9,6654,0.12342782845455158,0.1998430611205359,0.03726164980464591,0.6394674606202675,25,30,20
9,6655,0.1246678257390485,0.19984304360824,0.03603537149220242,0.6394537591605102,25,30,20
9,6656,0.12466782193797382,0.19984304360824034,0.0360353714538382,0.6394537629999486,25,30,20
9,6657,0.12467374336511344,0.1998430436082609,0.03603472445286666,0.6394484885737597,25,30,20
9,6658,0.1243839668753742,0.1998430438622409,0.03632445664569099,0.6394485326166943,25,30,20
9,6659,0.12439607624936641,0.19924577439387542,0.03690961673992956,0.6394485326168291,25,30,20
9,6660,0.12461022306992994,0.19924577439914123,0.03669546737745281,0.6394485351534764,25,30,20
9,6661,0.12463427778847112,0.19924577440435054,0.036697864900818604,0.6394220829063603,25,30,20
9,6662,0.12462818647548231,0.1992457744043522,0.03669789154299468,0.6394281475771714,25,30,20
9,6663,0.12462804616564797,0.1992457744043513,0.03669789068788785,0.6394282887421131,25,30,20
9,6664,0.11969364514422605,0.19924581737003133,0.04153752415030407,0.6395230133354395,25,30,20
9,6665,0.12002581689545988,0.19924581736918723,0.041535836990881425,0.6391925287444724,25,30,20
9,6666,0.12001312798722237,0.19924581736927027,0.04154239953335545,0.6391986551101528,25,30,20
9,6667,0.11988020960495183,0.1992454707872149,0.041771839021697676,0.6391024805861366,25,30,20
9,6668,0.11988017896879727,0.19924547078719648,0.04177183761447049,0.6391025126295364,25,30,20
9,6669,0.1197784256141628,0.19924547078711977,0.04177623032577018,0.6391998732729479,25,30,20
9,6670,0.11980024499230335,0.19924547078724328,0.04177624283463073,0.6391780413858233,25,30,20
9,6671,0.11981049644506804,0.19924547078844104,0.04177795264810825,0.639166080118383,25,30,20
9,6672,0.12026787129897337,0.19924582185856213,0.04132022559395633,0.6391660812485087,25,30,20
9,6673,0.12027603427340659,0.19924582185856626,0.04132212622174038,0.6391560176462874,25,30,20
9,6674,0.12041067240264917,0.1992458236740904,0.04118750602141311,0.639155997901848,25,30,20
9,6675,0.1203947388481476,0.19924582367396693,0.041187493472482746,0.6391719440054033,25,30,20
9,6676,0.12039435280371145,0.19924582367398194,0.04118748942924193,0.6391723340930652,25,30,20
9,6677,0.12038849688346666,0.19925206432347164,0.04118710469047997,0.6391723341025827,25,30,20
9,6678,0.12037252537989174,0.1992520643213145,0.04118704234939835,0.6391883679493965,25,30,20
9,6679,0.12036655584429956,0.1992520643265401,0.0411805008066849,0.6392008790224764,25,30,20
9,6680,0.1205116790910249,0.19925206227519188,0.04103538408130736,0.6392008745524769,25,30,20
9,6681,0.12050568528271853,0.19925206227517436,0.04103542427175986,0.6392068281703481,25,30,20
9,6682,0.12051149925066021,0.19925206227513514,0.04103539284966575,0.63920104562454,25,30,20
9,6683,0.12050963461677386,0.19925432654261813,0.04103499322551343,0.6392010456150957,25,30,20
9,6684,0.1205161967895831,0.1992400283258137,0.04104272926890553,0.6392010456156987,25,30,20
9,6685,0.1205115216770647,0.1734445087897652,0.06684292387589769,0.639201045657273,25,30,20
9,6686,0.12050745988775892,0.1734445087898175,0.06684292857777213,0.6392051027446519,25,30,20
9,6687,0.12050746057286897,0.1734445087898172,0.06684292904780496,0.6392051015895092,25,30,20
9,6688,0.1205073570439105,0.17344450878980097,0.06684304332987687,0.6392050908364113,25,30,20
9,6689,0.12050553152336586,0.17344450878974882,0.06683643639246996,0.639213523294415,25,30,20
9,6690,0.11666939183727745,0.17344450877655934,0.07067259517897556,0.6392135042071874,25,30,20
9,6691,0.11667165922285991,0.1734445087765824,0.07067265586929278,0.6392111761312647,25,30,20
9,6692,0.11991525061107038,0.17344450878409937,0.06742906484001039,0.6392111757648197,25,30,20
9,6693,0.11992110210109928,0.17344450878431242,0.06742919899401546,0.6392051901205726,25,30,20
9,6694,0.11992901728718093,0.17344450878436174,0.06742758174119079,0.6391988921872663,25,30,20
9,6695,0.11992302811733319,0.173444508784378,0.06742758340223311,0.6392048796960554,25,30,20
9,6696,0.12006220933852516,0.17344450879077045,0.06742819713320805,0.6390650847374966,25,30,20
9,6697,0.1200520258264436,0.17344450878547188,0.06742812798859416,0.6390753373994906,25,30,20
9,6698,0.12004592811046409,0.17345060664753437,0.06742812784234709,0.6390753373996548,25,30,20
9,6699,0.12004579256278236,0.17345019831743877,0.06742867172964936,0.63907533739013,25,30,20
9,6700,0.1200540273098505,0.1734501983175276,0.06742868096484124,0.6390670934077813,25,30,20
9,6701,0.11990046202092777,0.17345019831002567,0.0674263638115235,0.6392229758575236,25,30,20
9,6702,0.1195580729302241,0.1734501983057302,0.06742565940936691,0.6395660693546796,25,30,20
9,6703,0.1195584701698264,0.17345019830571434,0.06742568828705274,0.6395656432374075,25,30,20
9,6704,0.11956260463933407,0.17345019830562577,0.06742568333928539,0.6395615137157558,25,30,20
9,6705,0.11956870046100238,0.17344465459290906,0.06742513123041624,0.6395615137156734,25,30,20
9,6706,0.11957665789741419,0.1734446545927304,0.0674251187094769,0.6395535688003795,25,30,20
9,6707,0.11956258437062857,0.17406629511888938,0.06681755171969772,0.639553568790785,25,30,20
9,6708,0.11956059368809728,0.1998762249678214,0.04100961259547708,0.6395535687486048,25,30,20
9,6709,0.1195667227083103,0.19987009672858969,0.041009611804891176,0.6395535687582095,25,30,20
9,6710,0.11956724997209368,0.1998700967284856,0.04100969651089697,0.6395529567885244,25,30,20
9,6711,0.11956735737461793,0.19986999242626047,0.04100969341067971,0.6395529567884425,25,30,20
9,6712,0.11956756220404693,0.19942209327412996,0.04145738715054006,0.6395529573712838,25,30,20
9,6713,0.11956955696288846,0.19942209327420038,0.041463995211347845,0.6395443545515643,25,30,20
9,6714,0.119563458756639,0.19942798459851674,0.041464202093274526,0.6395443545515708,25,30,20
9,6715,0.12006781049504921,0.1994279846814483,0.04095968565923891,0.6395445191642645,25,30,20
9,6716,0.12006770173622425,0.1994279846814652,0.040959684475242474,0.639544629107069,25,30,20
9,6717,0.12006731054784937,0.19942798468135656,0.0409596810986679,0.6395450236721273,25,30,20
9,6718,0.12045849997198965,0.19942796850355754,0.04056850995353081,0.6395450215709232,25,30,20
9,6719,0.11170392253108796,0.19942799511842058,0.04932305126815323,0.6395450310823394,25,30,20
9,6720,0.11170198590074185,0.19942799511841758,0.049322992734718435,0.6395470262461234,25,30,20
9,6721,0.11171995467965923,0.1994279951184178,0.04931639071873595,0.6395356594831881,25,30,20
9,6722,0.11172195076464497,0.19942799511848855,0.04931639994204106,0.6395336541748264,25,30,20
9,6723,0.11172808602841465,0.19942799511847192,0.04931640273061499,0.639527516122499,25,30,20
9,6724,0.11172210291478094,0.19988166912519656,0.048868712420273804,0.6395275155397493,25,30,20
9,6725,0.12049784592034245,0.19988164229604458,0.04009302525466036,0.6395274865289532,25,30,20
9,6726,0.1204934217397682,0.19988164229613145,0.04009300174406964,0.639531934220031,25,30,20
9,6727,0.12049352834543794,0.1998811877411687,0.040093349688431604,0.639531934224962,25,30,20
9,6728,0.12043127665724239,0.19988118787186346,0.0401555793758495,0.6395319560950449,25,30,20
9,6729,0.11995987723739851,0.19988084035407058,0.03746851935614412,0.6426907630523871,25,30,20
9,6730,0.11996586875184269,0.19987482675310678,0.03746854142423997,0.6426907630708107,25,30,20
9,6731,0.11050058466392292,0.19987483822447755,0.04693293613955218,0.6426916409720477,25,30,20
9,6732,0.11050465260119516,0.19987483822447932,0.046932937488717984,0.6426875716856076,25,30,20
9,6733,0.07161851895863693,0.19987530893890784,0.08581858073116688,0.642687591371293,25,30,20
9,6734,0.07185478779617273,0.19987530880601576,0.0855823364345618,0.6426875669632547,25,30,20
9,6735,0.07185877760588011,0.1998753088061912,0.08558223420507462,0.6426836793828585,25,30,20
9,6736,0.07185478578811187,0.19987530880601415,0.08558222110996878,0.6426876842959096,25,30,20
9,6737,0.07187072594613245,0.19987530880604998,0.0855822496595549,0.6426717155882663,25,30,20
9,6738,0.07185685195886696,0.1998753088059648,0.0855822455927535,0.6426855936424176,25,30,20
9,6739,0.07214703591067131,0.1998753092246509,0.0852919974248203,0.6426856574398605,25,30,20
9,6740,0.07212520982332031,0.19987530922459734,0.0852919940357713,0.6427074869163141,25,30,20
9,6741,0.07211932829381809,0.19987347332608205,0.08529971147735559,0.6427074869027476,25,30,20
9,6742,0.0721309754446004,0.19987347332602623,0.08529970531008958,0.6426958459192879,25,30,20
9,6743,0.07214292264066113,0.19987347332602437,0.08529970346705883,0.642683900566259,25,30,20
9,6744,0.07214312748403896,0.19987347332593555,0.08529969691691025,0.6426837022731187,25,30,20
9,6745,0.07213724596708408,0.1998734733259365,0.08530131946546567,0.6426879612415166,25,30,20
9,6746,0.07302773607993977,0.19987347332607855,0.08530174820997206,0.6417970423840126,25,30,20
9,6747,0.07602669581938044,0.1998734697772915,0.04867191316849093,0.675427921234837,25,30,20
9,6748,0.07602655213050273,0.19987346977729026,0.048671911461938916,0.6754280666302681,25,30,20
9,6749,0.07539300620246574,0.19987299897131802,0.04930611232769419,0.6754278824985218,25,30,20
9,6750,0.07538697819764333,0.1998729989713202,0.04930611310756038,0.6754339097234758,25,30,20
9,6751,0.07538697374329521,0.19988035208386773,0.0492987644541345,0.6754339097187025,25,30,20
9,6752,0.07538697621407107,0.19988035208386926,0.049298724611782016,0.6754339470902777,25,30,20
9,6753,0.07537913411666756,0.1998803520838349,0.049298722676258615,0.6754417911232393,25,30,20
9,6754,0.07538589290694135,0.19984212896799822,0.049330186961547035,0.6754417911635134,25,30,20
9,6755,0.07448745523795738,0.1998421289677871,0.04932975366417664,0.6763406621300789,25,30,20
9,6756,0.07448731389003896,0.19981974151520585,0.04935228247436483,0.6763406621203907,25,30,20
9,6757,0.07448734410434324,0.19981974151520526,0.04935232289618553,0.6763405914842663,25,30,20
9,6758,0.07448738081146251,0.19981974151524032,0.04935232113078447,0.6763405565425127,25,30,20
9,6759,0.07448730751610472,0.19982020459643446,0.049351931344697834,0.6763405565427629,25,30,20
9,6760,0.07448928115618463,0.19982020459644087,0.04935196547531593,0.6763385487720585,25,30,20
9,6761,0.07582735306076958,0.19982020460074698,0.04935260472430386,0.6749998376141794,25,30,20
9,6762,0.07583327986028747,0.19982020460076352,0.04935271874602619,0.6749937967929226,25,30,20
9,6763,0.07581972277014301,0.1998202046007329,0.04935271566117905,0.6750073569679444,25,30,20
9,6764,0.07282052626955497,0.19982020459528907,0.049164102726469226,0.6781951664086864,25,30,20
9,6765,0.07282675082076173,0.19982020459535604,0.04916409861276181,0.6781889459711201,25,30,20
9,6766,0.07282447414310693,0.19982020459556726,0.0491641152767922,0.6781912059845332,25,30,20
9,6767,0.07282034267465942,0.19982432974792042,0.04916412158327127,0.6781912059941487,25,30,20
9,6768,0.0728166275788808,0.19982432974774395,0.04916410545154636,0.6781949372218287,25,30,20
9,6769,0.07281076927492443,0.199824329747762,0.04916410538608671,0.6782007955912267,25,30,20
9,6770,0.0728190199074811,0.19982434412692693,0.04915590096066049,0.6782007350049315,25,30,20
9,6771,0.0728251527075423,0.19981876516479102,0.04915534712758685,0.6782007350000795,25,30,20
9,6772,0.07282536431568624,0.1998187651648809,0.04915531233292183,0.6782005581865107,25,30,20
9,6773,0.07149328824534265,0.19981876516059227,0.04915467318674953,0.6795332734073151,25,30,20
9,6774,0.07149389016352833,0.19981876516063096,0.04915305611052619,0.6795342885653138,25,30,20
9,6775,0.07149981673716325,0.19981876516065056,0.04915463422811462,0.6795267838740706,25,30,20
9,6776,0.07149918940743871,0.19985086261303867,0.04912316414572506,0.6795267838337966,25,30,20
9,6777,0.07150511067826854,0.19985086261309268,0.04912316821269722,0.6795208584959407,25,30,20
9,6778,0.08084662444593457,0.19985085114180218,0.0397825424566723,0.6795199819555903,25,30,20
9,6779,0.0808463793982646,0.19985109669559037,0.03978254194579367,0.6795199819603508,25,30,20
9,6780,0.08084234407675575,0.1998510966956423,0.03978254924163561,0.6795240099859657,25,30,20
9,6781,0.08084795050051223,0.19985109669560447,0.039782547860982904,0.6795184049429001,25,30,20
9,6782,0.08084966731091693,0.19985109669563822,0.03978255221894877,0.6795166837744958,25,30,20
9,6783,0.08084369996910593,0.19985109669558768,0.039789203061555124,0.679516000273751,25,30,20
9,6784,0.08084495272865158,0.19985109669561904,0.03978920367673275,0.6795147468989966,25,30,20
9,6785,0.1010593630157224,0.1998510970080282,0.0195740857016263,0.6795154542746228,25,30,20
9,6786,0.10105730000283711,0.19985109700791917,0.019574139782341796,0.6795174632069017,25,30,20
9,6787,0.10106304711158036,0.19985109700784556,0.019574133773759064,0.6795117221068147,25,30,20
9,6788,0.10105705525181104,0.199856527270125,0.019574695375914483,0.6795117221021489,25,30,20
9,6789,0.10105695138377875,0.1998565272701249,0.01957466693045659,0.6795118544156392,25,30,20
9,6790,0.1010610867251432,0.19985652727005573,0.019574659527148586,0.6795077264776519,25,30,20
9,6791,0.10104728035394206,0.19985652727002223,0.01957465572066843,0.6795215366553667,25,30,20
9,6792,0.10104773240592041,0.1998565272704207,0.019582340260084197,0.679513400063574,25,30,20
9,6793,0.10105571752104117,0.19985652727052639,0.019582349247218987,0.6795054059612127,25,30,20
9,6794,0.10105603872135459,0.19985652727056524,0.019582383873055248,0.679505050135024,25,30,20
9,6795,0.10106399287763912,0.19985652727061293,0.01958081198242013,0.679498667869327,25,30,20
9,6796,0.1010682754168588,0.19985652727052725,0.01958089177268192,0.6794943055399313,25,30,20
9,6797,0.10107625590011945,0.19985652727059913,0.01958086314733944,0.6794863536819412,25,30,20
9,6798,0.10107009970022218,0.1998565272705953,0.01957420990903483,0.679499163120147,25,30,20
9,6799,0.1010639623926991,0.19985652727061026,0.019574124041467498,0.6795053862952224,25,30,20
9,6800,0.1010645214223553,0.19985652727273684,0.019574214466989207,0.6795047368379185,25,30,20
9,6801,0.10105877435551867,0.19985652727275435,0.019574215069037962,0.6795104833026891,25,30,20
9,6802,0.10105298876885276,0.19985652727271944,0.019574210416020178,0.6795162735424077,25,30,20
9,6803,0.10105884460033952,0.19985652727270037,0.019574209001919283,0.6795104191250408,25,30,20
9,6804,0.10107254342573606,0.1998565272727695,0.019574215669899867,0.6794967136315946,25,30,20
9,6805,0.10108634437716348,0.1998565272728032,0.01957421897132591,0.6794829093787069,25,30,20
9,6806,0.10108021099970692,0.19984026055183185,0.019596619069670605,0.6794829093787902,25,30,20
9,6807,0.1010965636673565,0.19984026055204665,0.019596636635225352,0.6794665391453711,25,30,20
9,6808,0.10107432260705311,0.19984026055183127,0.019596701462682983,0.6794887153784324,25,30,20
9,6809,0.10105967480718543,0.19984026055184725,0.019601308214861887,0.679498756426105,25,30,20
9,6810,0.10106160135596663,0.19984026055195678,0.019601319192988874,0.6794968188990874,25,30,20
9,6811,0.10106152855453016,0.1998621810925659,0.019579471453900932,0.6794968188990027,25,30,20
9,6812,0.10105693339461147,0.19986218109263124,0.01957935991523726,0.6795015255975199,25,30,20
9,6813,0.10118839150619628,0.19986218109687853,0.019579840697202266,0.6793695866997227,25,30,20
9,6814,0.10119241922928097,0.19986218109679219,0.01957983346918822,0.6793655662047385,25,30,20
9,6815,0.10120051668437807,0.19986218109687998,0.019579840909884995,0.6793574613088568,25,30,20
9,6816,0.10120647509792292,0.19986218109684462,0.01957992120014562,0.6793514226050864,25,30,20
9,6817,0.10120661062771484,0.19986260003053752,0.019579366736674094,0.6793514226050729,25,30,20
9,6818,0.1012185936092525,0.19986260003064388,0.01958164300806417,0.679337163352039,25,30,20
9,6819,0.10120647522544315,0.1998626000306252,0.019581639643357657,0.6793492851005735,25,30,20
9,6820,0.10121432355531094,0.19986260003074688,0.019581564511583476,0.6793415119023581,25,30,20
9,6821,0.10108094136280958,0.19986260002639067,0.019581072845212447,0.6794753857655869,25,30,20
9,6822,0.10108685532042884,0.19986260002640846,0.019583352636027344,0.6794671920171348,25,30,20
9,6823,0.09306757113613724,0.1998626012712259,0.027598438068657898,0.6794713895239783,25,30,20
9,6824,0.09304760543778495,0.19986260127115343,0.02759839155440791,0.679491401736653,25,30,20
9,6825,0.09304108768998141,0.19986260126901054,0.027598301968935517,0.679498009072072,25,30,20
9,6826,0.09303313492940997,0.19986260126885166,0.027596019386969286,0.6795082444147685,25,30,20
9,6827,0.09302503382657207,0.19986260126876165,0.02759601434414971,0.679516350560516,25,30,20
9,6828,0.0934947228429646,0.1998626012740486,0.027598321208944294,0.6790443546740421,25,30,20
9,6829,0.0935006424756917,0.1998792181517888,0.027575784698234063,0.679044354674285,25,30,20
9,6830,0.09350652828356455,0.1998792181517888,0.02757578467786583,0.6790384688867802,25,30,20
9,6831,0.0935106648452347,0.19987921815171958,0.02757573659667066,0.6790343804063744,25,30,20
9,6832,0.09351024270618476,0.19987921815133794,0.02756793745466979,0.6790426016878066,25,30,20
9,6833,0.09499149921159639,0.19839245519323725,0.02757342650266559,0.6790426190925,25,30,20
9,6834,0.09497759046655452,0.19839245519315069,0.027573421364746345,0.6790565329755477,25,30,20
9,6835,0.09497555843737063,0.19836301783534513,0.027604890732690224,0.6790565329945931,25,30,20
9,6836,0.09498602171314649,0.1983630178394863,0.027605126676223505,0.6790458337711432,25,30,20
9,6837,0.09498602317254085,0.19836301783947,0.027605125834851287,0.6790458331531377,25,30,20
9,6838,0.09351072578773463,0.19984363471680544,0.02759982374727335,0.6790458157481863,25,30,20
9,6839,0.09364013708128643,0.19971388516266506,0.027600161409236695,0.6790458163468116,25,30,20
9,6840,0.09364413149354756,0.19970989824273858,0.027600153931360668,0.6790458163323533,25,30,20
9,6841,0.07874173260682067,0.19970989700188682,0.042506727531347696,0.6790416428599437,25,30,20
9,6842,0.07874184039925665,0.19970989700193975,0.04250672932184854,0.6790415332769542,25,30,20
9,6843,0.07874980184136657,0.199709897001992,0.0425067371053903,0.6790335640512501,25,30,20
9,6844,0.07877415369344527,0.19970989700210745,0.042509020678910325,0.6790069286255358,25,30,20
9,6845,0.07922392645229401,0.1997098969970853,0.042502597309038215,0.6785635792415815,25,30,20
9,6846,0.07922403204159785,0.1997088516110566,0.04250353709613855,0.678563579251206,25,30,20
9,6847,0.07922200009752282,0.19970885161119956,0.04250135330578316,0.6785677949854939,25,30,20
9,6848,0.07922028062528579,0.19970885161114793,0.042501349101591576,0.678569518661974,25,30,20
9,6849,0.061655767905825665,0.1997088962312407,0.0598896520183258,0.6787456838446069,25,30,20
9,6850,0.06166372112342864,0.19970169248683944,0.059888902544654204,0.6787456838450768,25,30,20
9,6851,0.061659763098993334,0.1997371087059832,0.05985744436915289,0.6787456838258695,25,30,20
9,6852,0.061665647772020285,0.19973086222552464,0.05985780617724023,0.6787456838252139,25,30,20
9,6853,0.06166162020656568,0.1997308622255944,0.059857810725335324,0.6787497068425037,25,30,20
9,6854,0.061655703909427484,0.19973086222557634,0.05985780945358818,0.6787556244114071,25,30,20
9,6855,0.06166180166034494,0.19973086222985548,0.0598579772523194,0.678749358857479,25,30,20
9,6856,0.04678123514389669,0.19973086230835893,0.07473856650194506,0.6787493360457982,25,30,20
9,6857,0.04676742469565525,0.19973086230832574,0.07473855973903852,0.6787631532569799,25,30,20
9,6858,0.04677990014503255,0.19973086230933002,0.0747385851121177,0.6787506524335192,25,30,20
9,6859,0.0467679188380304,0.19973086230932846,0.07473858463202414,0.6787626342206166,25,30,20
9,6860,0.046753968469691515,0.19973086230926027,0.07473869400774329,0.6787764752133048,25,30,20
9,6861,0.04675439064383931,0.19973086230931716,0.07473869917783273,0.6787760478690105,25,30,20
9,6862,0.044264880685498983,0.19973082143408888,0.07740512078517577,0.6785991770952361,25,30,20
9,6863,0.042219956827360676,0.19973082135256096,0.07945004729275153,0.6785991745273269,25,30,20
9,6864,0.04221410536471632,0.1997308213525801,0.0794500861642411,0.6786049871184627,25,30,20
9,6865,0.04207880786178892,0.19983518803322425,0.07948101758054682,0.6786049865244402,25,30,20
9,6866,0.04208476357313182,0.19982910850318528,0.07948114139457166,0.6786049865291117,25,30,20
9,6867,0.04209075388703596,0.199829108503168,0.07948106073444267,0.6785990768753536,25,30,20
9,6868,0.04209075296518782,0.19986056887980008,0.07944960128433914,0.6785990768706733,25,30,20
9,6869,0.042084623103193435,0.19986056887552028,0.07944943241830882,0.6786053756029778,25,30,20
9,6870,0.04207425354921361,0.19986056887433773,0.07944931074133425,0.6786158668351147,25,30,20
9,6871,0.042074356798189,0.1998605688743208,0.07944930955609211,0.6786157647713982,25,30,20
9,6872,0.04209035903412851,0.1998605688774965,0.07944941330077417,0.678599658787601,25,30,20
9,6873,0.041959787965662375,0.1998605648328294,0.07948455102853244,0.6786950961729755,25,30,20
9,6874,0.04194354271278329,0.19986056482961737,0.07948447404506412,0.678711418412535,25,30,20
9,6875,0.041943509983022285,0.19986114137756186,0.07948393022687988,0.678711418412536,25,30,20
9,6876,0.041949435698426754,0.19986114137349517,0.07948375667051398,0.678705666257564,25,30,20
9,6877,0.04194936417197706,0.19986114137354927,0.07948376008203545,0.6787057343724381,25,30,20
9,6878,0.04195535371959855,0.1998611413735668,0.07948376244132163,0.6786997424655129,25,30,20
9,6879,0.041955491112778194,0.19986114137360123,0.07948364669577365,0.6786997208178469,25,30,20
9,6880,0.0421839267586475,0.1998611413737614,0.07948393993082972,0.6784709919367615,25,30,20
9,6881,0.042190164307297516,0.19986114137372685,0.07948390144985983,0.678464792869116,25,30,20
9,6882,0.04220411035128446,0.19986114137379812,0.07948390750071348,0.6784508407742043,25,30,20
9,6883,0.04220404375871395,0.19986114137388697,0.07948391297810244,0.678450901889297,25,30,20
9,6884,0.04217783444764349,0.1998611413737055,0.07948162673950039,0.6784793974391509,25,30,20
9,6885,0.04218201008731301,0.19986114137361952,0.07948166099635348,0.6784751875427146,25,30,20
9,6886,0.04194011228331673,0.19986148938682718,0.07981865019194276,0.6783797481379139,25,30,20
9,6887,0.04195040166240185,0.19986148938694107,0.07981883380956843,0.6783692751410892,25,30,20
9,6888,0.04195626045084903,0.19986148938692416,0.0798188332648607,0.6783634168973665,25,30,20
9,6889,0.04196411438225378,0.19986148938699178,0.07981884258174685,0.6783555536490076,25,30,20
9,6890,0.04194779828092255,0.19986148938682313,0.0798186554612593,0.6783720568709949,25,30,20
9,6891,0.04194580057688101,0.1998636099086122,0.07981853262889127,0.6783720568856155,25,30,20
9,6892,0.04194590199166758,0.19986360990859342,0.07981853156970364,0.6783719565300353,25,30,20
9,6893,0.04193219509399029,0.19986360990855964,0.0798186063776095,0.6783855886198406,25,30,20
9,6894,0.04170204108299324,0.1998636099083654,0.07981830835601811,0.6786160406526233,25,30,20
9,6895,0.04170204870423631,0.19986360990836524,0.07982300628620262,0.6786113351011962,25,30,20
9,6896,0.04168821271416746,0.1998636099083485,0.07982527603730816,0.6786229013401759,25,30,20
9,6897,0.03992010954988579,0.1999229023027291,0.08152685598154935,0.6786301321658372,25,30,20
9,6898,0.039920009879778035,0.19990059071868793,0.08154926723504438,0.6786301321664909,25,30,20
9,6899,0.0399260031704657,0.1998942123938963,0.08154965226447185,0.6786301321711676,25,30,20
9,6900,0.03991996735283085,0.1998942123938981,0.08154961705795642,0.678636203195316,25,30,20
9,6901,0.0399199628109518,0.19991607602250638,0.0815277579718015,0.6786362031947416,25,30,20
9,6902,0.03991958037293336,0.19991607602252487,0.08152775525586012,0.678636588348683,25,30,20
9,6903,0.041175459712381894,0.19985676883988507,0.08033841655957767,0.6786293548881568,25,30,20
9,6904,0.041181593785579035,0.19985676883988318,0.08033841232976513,0.678623225044774,25,30,20
9,6905,0.04140242317355353,0.18099677986911467,0.09897757165178564,0.6786232253055476,25,30,20
9,6906,0.041410377935620274,0.18098920601299323,0.09897719074116404,0.6786232253102239,25,30,20
9,6907,0.04126334629640267,0.1809888579851593,0.09912457048608397,0.6786232252323546,25,30,20
9,6908,0.04126310277207563,0.18098885798512396,0.09912448877425184,0.6786235504685494,25,30,20
9,6909,0.041263208419610384,0.18098891133173872,0.09912432978010102,0.6786235504685508,25,30,20
9,6910,0.04126863902988951,0.18098891133164663,0.09912432254058587,0.6786181270978788,25,30,20
9,6911,0.04126255310641505,0.18098891133165043,0.09912432278586455,0.6786242127760709,25,30,20
9,6912,0.04130261253519455,0.18098891133209608,0.09912603806167346,0.678582438071037,25,30,20
9,6913,0.04126255188571143,0.18098891133165135,0.09912432352170178,0.6786242132609366,25,30,20
9,6914,0.04125655868151355,0.18098891133163109,0.09912432302057365,0.6786302069662833,25,30,20
9,6915,0.04126254826003039,0.18098331505357632,0.09912392972019553,0.6786302069661992,25,30,20
9,6916,0.041256666732435415,0.18098918741129272,0.09912393889466382,0.6786302069616096,25,30,20
9,6917,0.04126104158832937,0.18098918741351,0.09920845899768665,0.6785413120004755,25,30,20
9,6918,0.041266783612994844,0.18098918741343728,0.0992061818363709,0.6785378471371983,25,30,20
9,6919,0.041260652666990645,0.1809891874134539,0.09920618103379049,0.6785439788857661,25,30,20
9,6920,0.04125480043044101,0.18098918741350647,0.09920618456417837,0.6785498275918753,25,30,20
9,6921,0.041254870506778056,0.18098918741355724,0.09920618567656858,0.6785497564030966,25,30,20
9,6922,0.041254836077659354,0.18098918741353878,0.0992061849760005,0.6785497915328019,25,30,20
9,6923,0.041261105296905465,0.18098918741359532,0.09920627060750126,0.6785434366819986,25,30,20
9,6924,0.041260999609362733,0.18098905633213064,0.0992065073475157,0.6785434367109916,25,30,20
9,6925,0.041260962277312865,0.18098905633218343,0.09920650956654704,0.6785434718239575,25,30,20
9,6926,0.04177734749685192,0.1809890563202699,0.09869010862432688,0.678543487558552,25,30,20
9,6927,0.04157473341270989,0.19983036789364766,0.08005141139578566,0.6785434872978574,25,30,20
9,6928,0.04157487593140104,0.1998303678936486,0.08005141150050608,0.678543344674445,25,30,20
9,6929,0.041580901429762555,0.1998303678936852,0.08005141323175717,0.6785373174447956,25,30,20
9,6930,0.041580763399997084,0.1998303678936505,0.08005141046293861,0.6785374582434145,25,30,20
9,6931,0.041603014701055104,0.19983036789372455,0.0800516136333288,0.6785150037718922,25,30,20
9,6932,0.040697388383185956,0.19983036789352807,0.08005103543987095,0.6794212082834157,25,30,20
9,6933,0.04069752793509194,0.199830367893564,0.08005103807171815,0.6794210660996265,25,30,20
9,6934,0.040701886375001904,0.19982529773865462,0.0800517494997074,0.679421066386637,25,30,20
9,6935,0.04071582714450188,0.19982529773874155,0.08005172932076894,0.6794071457959885,25,30,20
9,6936,0.04071768368742931,0.19982529773881136,0.08005173528562727,0.6794052832881321,25,30,20
9,6937,0.04071572165399535,0.19982529773872404,0.08005172908738238,0.6794072515198982,25,30,20
9,6938,0.040691412253558115,0.19982529773856345,0.08005174199404365,0.6794315480138349,25,30,20
9,6939,0.04069126969351737,0.19982529773856222,0.08005174327423142,0.6794316892936891,25,30,20
9,6940,0.04067732872401236,0.1998252977384762,0.0800517370784166,0.679445636459095,25,30,20
9,6941,0.040669274535963765,0.17402858860639772,0.10585650040611029,0.6794456364515277,25,30,20
9,6942,0.040669148570292926,0.17402859483787875,0.10585659094177423,0.6794456656500533,25,30,20
9,6943,0.04066319300470789,0.1740347734844053,0.10585636788964908,0.6794456656212372,25,30,20
9,6944,0.041282564866066164,0.17403477355196548,0.10523699531558033,0.6794456662663936,25,30,20
9,6945,0.0474434972973444,0.17403479787618525,0.09907599588900556,0.6794457089374704,25,30,20
9,6946,0.047445425321659636,0.174032867486048,0.09907599824072223,0.6794457089515756,25,30,20
9,6947,0.04744553541955125,0.17403286748606553,0.09907607853123451,0.6794455185631542,25,30,20
9,6948,0.047451525757047815,0.17403286748604832,0.09907607827546176,0.6794395284814471,25,30,20
9,6949,0.047451553361789994,0.17403229555798544,0.09907662258908898,0.6794395284911404,25,30,20
9,6950,0.04744556119779759,0.1740322955579332,0.09907662178508846,0.6794455214591852,25,30,20
9,6951,0.04744728485877852,0.1740322955579663,0.09907665766178232,0.679443761921477,25,30,20
9,6952,0.04745144679961921,0.17403229555793256,0.09907669965540254,0.6794395579870499,25,30,20
9,6953,0.047442998402120434,0.174032295557911,0.0990764991376906,0.6794482069022824,25,30,20
9,6954,0.04743697665203516,0.17403229555782532,0.0990764960215098,0.6794542317686337,25,30,20
9,6955,0.04743736350188745,0.17403229555795194,0.09907642129168255,0.6794539196484815,25,30,20
9,6956,0.04744335241250188,0.17403229555796787,0.09907642343947774,0.6794479285900554,25,30,20
9,6957,0.04744324548822104,0.17403229555798475,0.09907642410958685,0.6794480348442105,25,30,20
9,6958,0.04744152721622929,0.17403402584860314,0.09907641210515505,0.6794480348300156,25,30,20
9,6959,0.04626684111435255,0.17403402756356637,0.10024821674292732,0.6794509145791569,25,30,20
9,6960,0.04627068112479224,0.1740340213304573,0.10024243715969865,0.6794528603850548,25,30,20
9,6961,0.0462628686566092,0.17403402133040508,0.10024254825527612,0.6794605617577126,25,30,20
9,6962,0.04626284163458374,0.1998388190030515,0.07443777760199471,0.6794605617603693,25,30,20
9,6963,0.046278749602023515,0.19983881900317596,0.07443779136885276,0.6794446400259473,25,30,20
9,6964,0.04629311339882367,0.19983881900333597,0.07443783001176278,0.6794302375860773,25,30,20
9,6965,0.0462888373030699,0.19983881900110276,0.08539864882039644,0.6684736948754333,25,30,20
9,6966,0.046746958647263616,0.1998388190012313,0.0853986840919031,0.6680155382596044,25,30,20
9,6967,0.04688468656371306,0.19909294896667748,0.08600682562297876,0.6680155388466329,25,30,20
9,6968,0.046890669781368806,0.19909294896669225,0.08601152352461693,0.6680048577273245,25,30,20
9,6969,0.046432654758930714,0.19909294896652835,0.08601137181872572,0.6684630244558177,25,30,20
9,6970,0.04643283144207002,0.19909294896658003,0.08601137455241765,0.6684628450389346,25,30,20
9,6971,0.04643465442827697,0.199091483299782,0.08601101723326622,0.6684628450386769,25,30,20
9,6972,0.04642698218714712,0.19909148329974946,0.08601101199923333,0.668470522513872,25,30,20
9,6973,0.04642512596033696,0.1990827398141718,0.08602161172097218,0.668470522504521,25,30,20
9,6974,0.03964685756138332,0.1990827154191862,0.09279994783173989,0.6684704791876933,25,30,20
9,6975,0.0396428270968668,0.19908271541925615,0.09279525595514537,0.6684792015287344,25,30,20
9,6976,0.039627024019247364,0.19908271541913167,0.09279524219109864,0.6684950183705252,25,30,20
9,6977,0.04009511217226024,0.1990827154253055,0.09232715272888667,0.6684950196735505,25,30,20
9,6978,0.04522985417582989,0.19908271549587042,0.08719230778096605,0.6684951225473366,25,30,20
9,6979,0.04615030249661396,0.19908271378398126,0.08627475715478372,0.6684922265646241,25,30,20
9,6980,0.04615029606253761,0.19908271378398099,0.08627467461379058,0.6684923155396936,25,30,20
9,6981,0.04614427050917124,0.19908271378396034,0.08627466855417414,0.6684983471526962,25,30,20
9,6982,0.04614429693684517,0.19908268569248266,0.08627467021272565,0.6684983471579485,25,30,20
9,6983,0.047188692957594654,0.19908268582138614,0.08640018226693355,0.6673284389540872,25,30,20
9,6984,0.04718267056837517,0.19908268582136707,0.0864001823449863,0.667334461265273,25,30,20
9,6985,0.0471825308179652,0.19908268582134833,0.0864001045276508,0.6673346788330373,25,30,20
9,6986,0.04718267625291753,0.19908268582134706,0.07535006842922702,0.6783845694965079,25,30,20
9,6987,0.04704494770187881,0.1998285588232835,0.07474192455583753,0.6783845689189998,25,30,20
9,6988,0.04702883862477417,0.19984458433446842,0.07474200814113023,0.678384568899627,25,30,20
9,6989,0.047028807223396606,0.1998445843344146,0.07474200618616723,0.6783846022560214,25,30,20
9,6990,0.04702281828852083,0.19984458433439958,0.07474208807075217,0.6783905093063275,25,30,20
9,6991,0.047023029332128756,0.1998449194345828,0.07474154193682528,0.6783905092964632,25,30,20
9,6992,0.047022896143422595,0.1998449194345647,0.07474146275473445,0.6783907216672782,25,30,20
9,6993,0.047028920401488525,0.19984195783952724,0.07473840009179265,0.6783907216671914,25,30,20
9,6994,0.04702293161448333,0.19984195783951159,0.07473839850192232,0.6783967120440825,25,30,20
9,6995,0.04702465005406652,0.19984195783954786,0.07473840009020666,0.6783949920161789,25,30,20
9,6996,0.047016311355835144,0.19984195783942316,0.0747384787842625,0.6784032520204795,25,30,20
9,6997,0.04701624017875549,0.19984195783942466,0.0747384774828022,0.6784033244990176,25,30,20
9,6998,0.04701609999736924,0.19984195783951494,0.07473848211738794,0.6784034600457276,25,30,20
9,6999,0.047015787074352805,0.1998419578393517,0.07473847428666383,0.6784037807996317,25,30,20
9,7000,0.04599574560905158,0.1998419577104721,0.0746130559928516,0.6795492406876249,25,30,20
9,7001,0.04600156448622568,0.1998419577104349,0.07461305323676723,0.6795434245665725,25,30,20
9,7002,0.04599998609436832,0.19984195771039986,0.0746130502372815,0.6795450059579505,25,30,20
9,7003,0.04647161485947982,0.19984195771476881,0.07461342722592752,0.679073000199824,25,30,20
9,7004,0.046608659553273896,0.19984195772120283,0.07461400465886625,0.678935378066657,25,30,20
9,7005,0.04648730035787674,0.19984195771490917,0.07461343625946767,0.6790573056677465,25,30,20
9,7006,0.04602598115316517,0.19984195771064064,0.07461321313505186,0.6795188480011425,25,30,20
9,7007,0.04602608581993046,0.19984195771065727,0.07461321482376765,0.6795187416456446,25,30,20
9,7008,0.046019987497903134,0.19984195771065696,0.07461321323742025,0.6795248415540196,25,30,20
9,7009,0.04601998613240217,0.19984195771065696,0.07461309743749364,0.6795249587194475,25,30,20
9,7010,0.046024076307983906,0.19984195771085614,0.07461310991238122,0.6795208560687789,25,30,20
9,7011,0.04601987272503983,0.1998419577108881,0.07461311575706707,0.679525053807005,25,30,20
9,7012,0.04601381083150291,0.19984195771079866,0.07461311124074532,0.6795311202169529,25,30,20
9,7013,0.04603759994256294,0.19984195771077887,0.0746131101119782,0.6795073322346797,25,30,20
9,7014,0.04042849276267625,0.19984195763388649,0.08022232156509781,0.6795072280383404,25,30,20
9,7015,0.04044429006944037,0.1998419576340277,0.08022893256783303,0.6794848197286995,25,30,20
9,7016,0.04042015681729307,0.19984195763398988,0.08022883885651882,0.6795090466921988,25,30,20
9,7017,0.04041437302315451,0.19984195763411663,0.08022885018283808,0.6795148191598915,25,30,20
9,7018,0.040430332105648586,0.19984195763427628,0.08022886407302038,0.6794988461870554,25,30,20
9,7019,0.0404302552151609,0.1998419576343106,0.08022886398278618,0.679498923167743,25,30,20
9,7020,0.04039832707584907,0.19984195763413287,0.0802288858415448,0.679530829448474,25,30,20
9,7021,0.04040025636584527,0.19984195763421858,0.08022889097605189,0.679528895023885,25,30,20
9,7022,0.04040029202304316,0.1998419576341097,0.08022888100972735,0.6795288693331204,25,30,20
9,7023,0.040400292099887436,0.1998419576341096,0.08022891956142052,0.6795288307045831,25,30,20
9,7024,0.040394301054972256,0.1998419576340753,0.08022891914235869,0.6795348221685945,25,30,20
9,7025,0.04040813505772074,0.1998419576341281,0.08022892483252299,0.6795209824756292,25,30,20
9,7026,0.04041401919826462,0.1998419576341271,0.08022892530417634,0.6795150978634329,25,30,20
9,7027,0.040424389232584915,0.1998419576343294,0.08022894187847768,0.6795047112546087,25,30,20
9,7028,0.0404182575156576,0.19984809022974626,0.08022894099530685,0.67950471125929,25,30,20
9,7029,0.04054142195102183,0.19972526897686355,0.0802285975056086,0.6795047115665065,25,30,20
9,7030,0.040547556037044095,0.19972526897695425,0.08022864514608231,0.6794985298399199,25,30,20
9,7031,0.04054195324961981,0.19972526897699275,0.08022864592725427,0.6795041318461337,25,30,20
9,7032,0.040535818556462384,0.19972526897690135,0.08022859818533384,0.6795103142813029,25,30,20
9,7033,0.04054156870606294,0.1997252689768835,0.08023022461657478,0.6795029377004793,25,30,20
9,7034,0.04054132561124569,0.19972550692672567,0.08023022977107397,0.6795029376909553,25,30,20
9,7035,0.07697796271520368,0.1997255121580247,0.04379311489626561,0.6795034102305059,25,30,20
9,7036,0.07697782686753872,0.19973282943954435,0.04378593346232549,0.6795034102305914,25,30,20
9,7037,0.07697197246918636,0.19970740636809656,0.04381721091775627,0.6795034102449605,25,30,20
9,7038,0.07696797616588891,0.1997074063682035,0.043815633008749015,0.6795089844571582,25,30,20
9,7039,0.07696379582393882,0.1997074063680852,0.04381547943643613,0.6795133183715394,25,30,20
9,7040,0.07697174811129286,0.19969243527440803,0.0438224982335691,0.6795133183807296,25,30,20
9,7041,0.05406963695972033,0.19969248643579862,0.0667178828703905,0.6795199937340907,25,30,20
9,7042,0.05419706113940817,0.1996924864409545,0.06671832965229281,0.679392122767344,25,30,20
9,7043,0.054183117211746915,0.1996924864408841,0.06671832364648182,0.6794060727008864,25,30,20
9,7044,0.054188974940123445,0.19969248644082974,0.06671832467803235,0.6794002139410138,25,30,20
9,7045,0.05419496268045419,0.19969248644081222,0.06671828432574767,0.6793942665529852,25,30,20
9,7046,0.07699747163345755,0.1996924807868821,0.04392219333658457,0.6793878542430748,25,30,20
9,7047,0.0769912824576443,0.199692480786956,0.04392219636805045,0.6793940403873484,25,30,20
9,7048,0.07733834021253806,0.1996924352754337,0.04357544725451473,0.6793937772575127,25,30,20
9,7049,0.07781203231080284,0.19969243528289135,0.04357784378831999,0.678917688617985,25,30,20
9,7050,0.07781802806058752,0.1996858896458631,0.043578393675641064,0.6789176886179075,25,30,20
9,7051,0.07781792251532976,0.19968434548087127,0.043580043400091535,0.6789176886037066,25,30,20
9,7052,0.07782397459320291,0.19968434548079675,0.043580039263552105,0.6789116406624474,25,30,20
9,7053,0.07782990223384875,0.19971134506969793,0.04354711201935042,0.678911640677102,25,30,20
9,7054,0.07780993793733275,0.19971134506959173,0.043540504479614016,0.6789382125134609,25,30,20
9,7055,0.07782430056353633,0.19971134506964464,0.04354057653190829,0.6789237778349103,25,30,20
9,7056,0.07782423212099002,0.19971141039816012,0.043540579660841724,0.6789237778200078,25,30,20
9,7057,0.07782836537252208,0.1997114103980725,0.04354057335494245,0.6789196508744624,25,30,20
9,7058,0.0778199866850786,0.19971141039803364,0.043540499334763366,0.6789281035821239,25,30,20
9,7059,0.07783392767567493,0.19971141039812057,0.04354062137159026,0.6789140405546138,25,30,20
9,7060,0.07783392381055595,0.19968957748369526,0.04356245814645587,0.6789140405592924,25,30,20
9,7061,0.0782587503216004,0.19968957848352037,0.04309353573002487,0.6789581354648537,25,30,20
9,7062,0.07825275749656724,0.19968957848353727,0.043093537992951736,0.6789641260269432,25,30,20
9,7063,0.07825850286116114,0.19968957848358918,0.04309516362626633,0.6789567550289829,25,30,20
9,7064,0.07825850096210288,0.19968957848358732,0.04309508103591641,0.6789568395183929,25,30,20
9,7065,0.07825846282375798,0.19968957848354976,0.04309507950204025,0.6789568791906517,25,30,20
9,7066,0.07876963994542663,0.19968957848395874,0.043095452554988756,0.6784453290156256,25,30,20
9,7067,0.07829633210892328,0.19968957847657332,0.043093060303437125,0.6789210291110659,25,30,20
9,7068,0.07829665236287525,0.19968957847661056,0.043091520582799483,0.6789222485777144,25,30,20
9,7069,0.0783007140147933,0.1996895784765583,0.043091515835627404,0.6789181916730209,25,30,20
9,7070,0.051579369074618,0.19969015262035458,0.06981073717542347,0.6789197411296041,25,30,20
9,7071,0.05158539216596118,0.19844207129585922,0.07105279541325994,0.6789197411249199,25,30,20
9,7072,0.051450014881456146,0.19844207129052588,0.07105229483983957,0.6790556189881785,25,30,20
9,7073,0.051450022241325916,0.19844207129052718,0.07105229499257139,0.6790556114755756,25,30,20
9,7074,0.051454155012341636,0.19844207129056315,0.07105225300568324,0.6790515206914121,25,30,20
9,7075,0.039040510868971035,0.19845581760498426,0.08345314341441291,0.67905052811163,25,30,20
9,7076,0.03905667541130619,0.1984558176092153,0.08345483460576136,0.6790326723737148,25,30,20
9,7077,0.039048689397651555,0.19845581760916187,0.08345482871618598,0.6790406642769986,25,30,20
9,7078,0.03902638831988865,0.19845581760494738,0.08345313323948718,0.6790646608356748,25,30,20
9,7079,0.03902642371336769,0.19845581760496503,0.08345313596545538,0.6790646227162103,25,30,20
9,7080,0.04176353600478458,0.1984558116814099,0.08076059161312037,0.6790200607006837,25,30,20
9,7081,0.04176315534326403,0.19845581168133958,0.08076058760885331,0.6790204453665422,25,30,20
9,7082,0.041757165773530364,0.19845581168135684,0.08076058718557994,0.6790264353595319,25,30,20
9,7083,0.04175109773216319,0.1984558116813378,0.08076050641867549,0.6790325841678224,25,30,20
9,7084,0.04078813397248091,0.19845581363274253,0.08172203139444655,0.6790340210003282,25,30,20
9,7085,0.04065062047757978,0.1985931447061271,0.08172221439556393,0.6790340204207275,25,30,20
9,7086,0.040667144254360535,0.1985931447062734,0.0817222282194717,0.6790174828198924,25,30,20
9,7087,0.04067138407590942,0.19859314470616785,0.0817222211768804,0.6790132500410404,25,30,20
9,7088,0.040665533607908956,0.17998981901016997,0.10033139734546587,0.6790132500364535,25,30,20
9,7089,0.0406599286127643,0.1799898190101723,0.10033139846062868,0.679018853916433,25,30,20
9,7090,0.040659787961994646,0.17998981901008246,0.10033139383544762,0.6790189991924737,25,30,20
9,7091,0.040646424100941846,0.17998981900999997,0.10033131634269528,0.6790324405463614,25,30,20
9,7092,0.040629935737040504,0.17998981900987304,0.10033130190132283,0.6790489433517619,25,30,20
9,7093,0.04063017496093115,0.17998981900985522,0.1003313036088005,0.6790487024204118,25,30,20
9,7094,0.03980355340941711,0.17997550301646792,0.10117279803395386,0.6790481455401595,25,30,20
9,7095,0.03980926414853023,0.179975503016644,0.1011729305931245,0.6790423022416996,25,30,20
9,7096,0.039809297982135596,0.1799755030167513,0.10117301789334815,0.6790421811077636,25,30,20
9,7097,0.03982337614203903,0.19683286392598223,0.08430157879022464,0.6790421811417524,25,30,20
9,7098,0.039817282722233525,0.19683286392598284,0.08430157881967194,0.6790482745321098,25,30,20
9,7099,0.039811403947503585,0.1968328639259291,0.08430157890295653,0.6790541532236095,25,30,20
9,7100,0.0398010338595987,0.1968328639257267,0.08430156301121862,0.6790645392034551,25,30,20
9,7101,0.03980678118239538,0.19683286392563776,0.08430155514924072,0.6790587997427252,25,30,20
9,7102,0.03980075311490745,0.19683286392556865,0.08430807014205004,0.6790583128174731,25,30,20
9,7103,0.040031391236526666,0.19683286392580435,0.08430842364772723,0.6788273211899408,25,30,20
9,7104,0.040031327078432974,0.19683286392589353,0.08430842916805632,0.6788273798276162,25,30,20
9,7105,0.03537439926432376,0.19683286180105203,0.08896677813739164,0.6788259607972316,25,30,20
9,7106,0.03537439303212873,0.19683342481490243,0.08896622135574406,0.678825960797224,25,30,20
9,7107,0.03536850640874789,0.1968334248146922,0.08896608840684038,0.6788319803697188,25,30,20
9,7108,0.036274423361652965,0.19683342481490215,0.08896638305966556,0.6779257687637785,25,30,20
9,7109,0.03627443074399589,0.1968334248148649,0.08897302893409131,0.6779191155070471,25,30,20
9,7110,0.03627418000951577,0.19683342481488109,0.08897306874715627,0.677919326428446,25,30,20
9,7111,0.036280382827389844,0.19683342481488103,0.08897306930041865,0.6779131230573097,25,30,20
9,7112,0.036280348473952256,0.196833424814862,0.08897302832315983,0.6779131983880251,25,30,20
9,7113,0.03628020970296244,0.1968334203498868,0.08897315037699872,0.6779132195701513,25,30,20
9,7114,0.03641359168736832,0.196833420354242,0.08897352470845307,0.6777794632499358,25,30,20
9,7115,0.03590840408371548,0.19683342035385024,0.08897315192531678,0.6782850236371174,25,30,20
9,7116,0.03590455050211118,0.19683342035372206,0.08897898104112549,0.6782830481030446,25,30,20
9,7117,0.035892600419925785,0.19623582948052207,0.08958852199626419,0.6782830481032918,25,30,20
9,7118,0.035886813000561374,0.1962358294804867,0.08958852145245323,0.6782888360665019,25,30,20
9,7119,0.035893239185116166,0.19623582948047022,0.08958852549587032,0.6782824058385465,25,30,20
9,7120,0.03566445732235215,0.19623582948028673,0.08958817702558441,0.6785115361717797,25,30,20
9,7121,0.0356685916246227,0.19684879971894895,0.08897107249425996,0.6785115361621706,25,30,20
9,7122,0.03566442412164194,0.19809501947460473,0.08772902023196819,0.6785115361717874,25,30,20
9,7123,0.03566688049750298,0.19809310796214918,0.08772847536764615,0.6785115361727037,25,30,20
9,7124,0.0356624292702618,0.19809702034761645,0.08772901422003285,0.6785115361620909,25,30,20
9,7125,0.03566253370440426,0.198097020347632,0.08772901432268355,0.6785114316252817,25,30,20
9,7126,0.03565624870657833,0.19809702034777493,0.08773372015818773,0.6785130107874606,25,30,20
9,7127,0.03552689371233189,0.1980970203435501,0.08773336330479445,0.678642722639325,25,30,20
9,7128,0.035526823712710744,0.19809654258973977,0.08773391104369123,0.6786427226538598,25,30,20
9,7129,0.03552086262202335,0.19809654258973983,0.08772737835837928,0.6786552164298589,25,30,20
9,7130,0.03552086267892587,0.19809654258974047,0.08772737911225939,0.6786552156190757,25,30,20
9,7131,0.035522967221326626,0.19809654258959372,0.08772736240767037,0.6786531277814106,25,30,20
9,7132,0.03552269041369856,0.1998254839535732,0.08599869787596917,0.67865312775676,25,30,20
9,7133,0.035522583948085426,0.1998254839536098,0.0859986974687965,0.6786532346295086,25,30,20
9,7134,0.03552430285977301,0.1998254839536583,0.08599209943179204,0.6786581137547774,25,30,20
9,7135,0.03551856362802849,0.19983066541017924,0.08599265719193477,0.6786581137698586,25,30,20
9,7136,0.03551064305312802,0.19986949727268682,0.08596174591368136,0.6786581137605049,25,30,20
9,7137,0.03551249542058595,0.19986949727273903,0.08596175155508964,0.6786562557515866,25,30,20
9,7138,0.0355124992045416,0.19986949727273895,0.08596175155272573,0.6786562519699951,25,30,20
9,7139,0.03554051277075643,0.19984078860817722,0.08596244662674414,0.6786562519943238,25,30,20
9,7140,0.03554029458945118,0.19984156319778673,0.08596189023335488,0.6786562519794087,25,30,20
9,7141,0.03553847213991995,0.19984156319775231,0.08596188557610925,0.6786580790862202,25,30,20
9,7142,0.035538337399500255,0.19984156319775195,0.08596188403208632,0.6786582153706628,25,30,20
9,7143,0.035538197355826494,0.19984156319773191,0.08596188254346383,0.6786583569029788,25,30,20
9,7144,0.035538264387423364,0.19984156319776944,0.08596177121076182,0.6786584012040465,25,30,20
9,7145,0.03600871190937589,0.19984156320307225,0.08596234736991154,0.6781873775176416,25,30,20
9,7146,0.03600076185702164,0.19984156320300184,0.08596237031883418,0.6781953046211429,25,30,20
9,7147,0.036001078440019575,0.1998415632030548,0.08596400307694976,0.6781933552799758,25,30,20
9,7148,0.035995260033637386,0.199841563203092,0.085964005841378,0.6781991709218924,25,30,20
9,7149,0.03600915490017335,0.19984156320302582,0.08595011095572548,0.6781991709410756,25,30,20
9,7150,0.03600894340949432,0.19984156320306176,0.08595022747110422,0.6781992659163398,25,30,20
9,7151,0.03600901404859965,0.19984156320304336,0.0859502266451486,0.6781991961032086,25,30,20
9,7152,0.03600857437542628,0.19984156320307428,0.08595018371549408,0.6781996787060056,25,30,20
9,7153,0.04135542321142181,0.19984156385971086,0.08060335074496416,0.6781996621839025,25,30,20
9,7154,0.041361032728100176,0.1998415638596736,0.08060171511854847,0.6781956882936774,25,30,20
9,7155,0.04136506241258592,0.19984156385962165,0.08060171085524823,0.6781916628725442,25,30,20
9,7156,0.040914724902514445,0.1998415638543391,0.08060119124477343,0.6786425199983729,25,30,20
9,7157,0.04105454183027406,0.1998415638721108,0.08046139484479203,0.6786424994528261,25,30,20
9,7158,0.04106089447186014,0.1998415638720583,0.08046139960255648,0.6786361420535278,25,30,20
9,7159,0.04106089243560157,0.19984156387205854,0.08046139964853109,0.6786361440438112,25,30,20
9,7160,0.04151674852203532,0.19984190837326338,0.07991046525308294,0.6787308778516177,25,30,20
9,7161,0.04060497063396005,0.1998419083730709,0.07991025457651892,0.6796428664164494,25,30,20
9,7162,0.040608996992973045,0.1998384197212501,0.07990971685470734,0.679642866431069,25,30,20
9,7163,0.04061488419166016,0.19983841972124977,0.07990971679877504,0.6796369792883145,25,30,20
9,7164,0.040608927260184446,0.19984439350644298,0.07990969997396084,0.6796369792594112,25,30,20
9,7165,0.04060499618561483,0.19984111439786717,0.07991691015661223,0.6796369792599053,25,30,20
9,7166,0.040619080366898465,0.19984111439797417,0.07991852354430272,0.6796212816908241,25,30,20
9,7167,0.040627201419653994,0.19984111439810084,0.07991853466766313,0.6796131495145816,25,30,20
9,7168,0.04060523250886254,0.19984111439801056,0.07991858786315484,0.6796350652299715,25,30,20
9,7169,0.04058124733008256,0.19986580768881523,0.07991787978515347,0.6796350651959484,25,30,20
9,7170,0.040585045607435394,0.19986580769100837,0.07991795077060278,0.6796311959309529,25,30,20
9,7171,0.040579053866259956,0.19987234859266587,0.07991740161003924,0.6796311959310343,25,30,20
9,7172,0.04057731958031468,0.19987234859482444,0.07991737211574934,0.6796329597091109,25,30,20
9,7173,0.040591159771046575,0.19987234859489572,0.07991726237340174,0.6796192292606552,25,30,20
9,7174,0.04059335921829281,0.1998723485926494,0.07991719061689738,0.6796171015721596,25,30,20
9,7175,0.04059336227740997,0.19987234859273836,0.07992379905753878,0.6796104900723118,25,30,20
9,7176,0.04060545540210361,0.1998680059094813,0.0799160486211027,0.6796104900673114,25,30,20
9,7177,0.04061943142870951,0.19986800590957074,0.07991616986543208,0.6795963927962867,25,30,20
9,7178,0.040627522865898186,0.19985989585310826,0.07991618846065887,0.6795963928203338,25,30,20
9,7179,0.04061929500384232,0.19986813748741677,0.07991617469843583,0.6795963928103042,25,30,20
9,7180,0.040627248041376046,0.1998681374874693,0.07991618185766326,0.6795884326134904,25,30,20
9,7181,0.04062321679872291,0.19987216129399812,0.07991618927933115,0.6795884326279469,25,30,20
9,7182,0.0406232156130982,0.19987216129389007,0.07991148077309329,0.6795931423199179,25,30,20
9,7183,0.04060927361146456,0.19987216129382127,0.0799114734458044,0.6796070916489092,25,30,20
9,7184,0.04061502189954646,0.19987216129380375,0.0799114721359219,0.6796013446707273,25,30,20
9,7185,0.04016958092702206,0.19987217196207646,0.08044994187916833,0.6795083052317343,25,30,20
9,7186,0.04016975153677122,0.19987217196213053,0.08044994488598821,0.6795081316151109,25,30,20
9,7187,0.0401555638094472,0.19987217196198848,0.08044844982852689,0.6795238144000382,25,30,20
9,7188,0.040265529719928084,0.19987217196215293,0.08082051149389584,0.6790417868240235,25,30,20
9,7189,0.040257299964417265,0.19987217196204404,0.08082050059714768,0.6790500274763915,25,30,20
9,7190,0.04088349705714434,0.19987217123587914,0.08019431062175805,0.679050021085219,25,30,20
9,7191,0.04088399195597343,0.19987166563454856,0.08019432130468532,0.6790500211047931,25,30,20
9,7192,0.040876118562609094,0.19987166569906456,0.08020388872909674,0.6790483270092299,25,30,20
9,7193,0.040881899759300004,0.1998716656992219,0.08020390701559693,0.6790425275258813,25,30,20
9,7194,0.04088189789674668,0.19987166569922243,0.08020378813666512,0.6790426482673659,25,30,20
9,7195,0.040888274871728435,0.19986528168506448,0.0802037951564556,0.6790426482867516,25,30,20
9,7196,0.04088830973312989,0.19986528168508425,0.0802037971424358,0.6790426114393501,25,30,20
9,7197,0.040888276196824336,0.1998652816850639,0.08020379366204322,0.6790426484560684,25,30,20
9,7198,0.040896654724363796,0.19986528168508524,0.08020382619567423,0.6790342373948767,25,30,20
9,7199,0.04089080127057802,0.19986528168510648,0.0802038349909653,0.67904008205335,25,30,20
9,7200,0.04075714617437692,0.199865281667409,0.08033744823567128,0.6790401239225458,25,30,20
9,7201,0.04075285984054479,0.19986528166521503,0.08033736025121602,0.679044498243027,25,30,20
9,7202,0.04075875042806316,0.19986528166533,0.08034206977914246,0.6790338981274671,25,30,20
9,7203,0.04074477481187598,0.1998652816652411,0.08034854914844061,0.679041394374445,25,30,20
9,7204,0.011354861150960127,0.19986774754634104,0.10973597326521134,0.6790414180374893,25,30,20
9,7205,0.011355243048467113,0.1998677475464653,0.10973598136240835,0.679041028042661,25,30,20
9,7206,0.011361340079295082,0.19986774754651754,0.1097359831963162,0.6790349291778733,25,30,20
9,7207,0.01136151488885964,0.19986774754634173,0.1097359635131714,0.6790347740516293,25,30,20
9,7208,0.01135538583993518,0.19986774754628855,0.10973596124380078,0.6790409053699775,25,30,20
9,7209,0.0008094119615805908,0.19986528160072825,0.12028442445275496,0.6790408819849383,25,30,20
9,7210,0.000795995595238685,0.19986528160076655,0.12028442638791287,0.6790542964160834,25,30,20
9,7211,0.000796206437274321,0.1998652816006168,0.12027974404662206,0.6790587679154884,25,30,20
9,7212,0.0007981706246178634,0.19986528160068562,0.12027989669399092,0.6790566510807065,25,30,20
9,7213,0.0008001005779083496,0.19986334692571067,0.12027990140639926,0.6790566510899825,25,30,20
9,7214,0.00080779354368823,0.19984792604372753,0.12028762933261988,0.6790566510799656,25,30,20
9,7215,0.0012692763164435306,0.19984792605202353,0.12028802839472885,0.6785947692368053,25,30,20
9,7216,0.0012700945099495971,0.19984792605667046,0.12028720950550773,0.6785947699278734,25,30,20
9,7217,0.0012775152577260624,0.19984792605675517,0.1202872062937664,0.678587352391754,25,30,20
9,7218,0.0012770561989935347,0.1998483944794444,0.12028719694887041,0.6785873523726942,25,30,20
9,7219,0.0012802113201130498,0.1998374423233226,0.12029499396886671,0.6785873523877001,25,30,20
9,7220,0.0012960425456574264,0.1989811061392194,0.12113549890805367,0.6785873524070719,25,30,20
9,7221,0.0013001784356692556,0.19897642162085463,0.1211360475455049,0.6785873523979735,25,30,20
9,7222,0.0013001048579506015,0.19897642162085583,0.12112944720502561,0.6785940263161705,25,30,20
9,7223,0.0013019908357074228,0.19897642162088022,0.12112736623439782,0.678594221309018,25,30,20
9,7224,0.0008323770272785047,0.1989764216125453,0.1211269384065332,0.6790642629536465,25,30,20
9,7225,0.001044329899774403,0.19897642161311754,0.12091498680632923,0.6790642616807833,25,30,20
9,7226,0.0010403081017538404,0.1989764216132418,0.12091729547143865,0.6790659748135697,25,30,20
9,7227,0.0010377053158396091,0.1989764216713309,0.12091989848239101,0.6790659745304436,25,30,20
9,7228,0.0010454929277216422,0.19897642168827623,0.12091234807535121,0.679065737308656,25,30,20
9,7229,0.017438885212523184,0.19897659699625023,0.10451829250740666,0.6790662252838255,25,30,20
9,7230,0.01743892278651097,0.19897654903663262,0.10451830289778416,0.6790662252790771,25,30,20
9,7231,0.01745233976404533,0.19897654903657572,0.10451992202687714,0.6790511891725077,25,30,20
9,7232,0.01796388333915,0.19897654908876106,0.1040083739329262,0.6790511936391687,25,30,20
9,7233,0.017957750534718722,0.1989765490887786,0.10400834503900686,0.6790573553375018,25,30,20
9,7234,0.01794391222486061,0.1989765490887273,0.10400671795953734,0.6790728207268806,25,30,20
9,7235,0.017957860830837627,0.19897654908875892,0.10400671638887914,0.6790588736915302,25,30,20
9,7236,0.01796023585256292,0.19897654909103096,0.10400680125978791,0.6790564137966233,25,30,20
9,7237,0.01795421226483643,0.1989765490910119,0.10400679990406449,0.6790624387400923,25,30,20
9,7238,0.017960097497553673,0.19897654909101065,0.104006799840084,0.6790565535713569,25,30,20
9,7239,0.0013436822092383588,0.1989763782175087,0.12062387400691596,0.6790560655663417,25,30,20
9,7240,0.002245726087321675,0.19897637822179576,0.12062440180390764,0.6781534938869792,25,30,20
9,7241,0.0022381621671072353,0.19897637822176295,0.1206244261219639,0.6781610334891702,25,30,20
9,7242,0.0022383328990665543,0.1989767601378921,0.12062387346878006,0.6781610334942652,25,30,20
9,7243,0.002237907921829763,0.19897676013785381,0.12062384237036967,0.6781614895699505,25,30,20
9,7244,0.0022423679347358685,0.19896458139087264,0.12063156081832922,0.6781614898560661,25,30,20
9,7245,0.002238230055935026,0.1989645813909421,0.12063156820077808,0.6781656203523485,25,30,20
9,7246,0.0022385514203789336,0.19896458139101678,0.12063162386207427,0.6781652433265337,25,30,20
9,7247,0.002238412438946259,0.1989108155048057,0.12068552839919448,0.6781652436570578,25,30,20
9,7248,0.0024807292876403843,0.19891081550904124,0.12031412690367974,0.6782943282996428,25,30,20
9,7249,0.002478836908190311,0.1989108155089029,0.1203117920089556,0.6782985555739549,25,30,20
9,7250,0.0024789389301259164,0.198910815508906,0.1203118346481512,0.67829841091282,25,30,20
9,7251,0.0024772252204429716,0.1989108155089082,0.12031183274457194,0.67830012652608,25,30,20
9,7252,0.0015711526416105181,0.19891081550469278,0.1203113115697184,0.6792067202839814,25,30,20
9,7253,0.0024617209067589697,0.1989108359982586,0.11942057905030032,0.6792068640446846,25,30,20
9,7254,0.0024677114794468035,0.1989108359982424,0.11941397771218715,0.6792074748101262,25,30,20
9,7255,0.0021155594880591503,0.19891083599382514,0.11941794142536033,0.6795556630927579,25,30,20
9,7256,0.0021213017093338446,0.19891083599373524,0.11941793483640428,0.6795499274605297,25,30,20
9,7257,0.00211388818888041,0.1989104942939603,0.1194256900660655,0.6795499274510974,25,30,20
9,7258,0.001700856315486785,0.19891046988612904,0.11983888935945389,0.679549784438934,25,30,20
9,7259,0.0016965747679242972,0.19891046988619812,0.11983889120221196,0.679554064143669,25,30,20
9,7260,0.001697176410968567,0.19891046989035857,0.11983881887274503,0.6795535348259308,25,30,20
9,7261,0.0016970032853212242,0.19891046989023248,0.11983881002295155,0.6795537168014977,25,30,20
9,7262,0.001709596953119647,0.198910469896656,0.11983899578893739,0.67954093736129,25,30,20
9,7263,0.0017215756605340905,0.19891046989665437,0.11983899516063859,0.679528959282176,25,30,20
9,7264,0.0017216781935750314,0.19891046989671285,0.11983900313980758,0.6795288487699075,25,30,20
9,7265,0.001721540610224511,0.19891046989669417,0.11983900246826792,0.6795289870248165,25,30,20
9,7266,0.0017234685580221462,0.1989104698967661,0.1198412892471424,0.6795247722980722,25,30,20
9,7267,0.0017171162387257532,0.1989245501994808,0.11983356155954293,0.6795247720022531,25,30,20
9,7268,0.0017008989328574542,0.1989245501971384,0.11983347256171868,0.679541078308288,25,30,20
9,7269,0.0017038172425743849,0.19890696676877112,0.11984813769595477,0.6795410782927024,25,30,20
9,7270,0.0017097061159452955,0.19890696676878492,0.11984809558757367,0.6795352315276986,25,30,20
9,7271,0.0017090725228473976,0.19890696676460656,0.1198480858592397,0.6795358748533089,25,30,20
9,7272,0.0017089638171579793,0.19890696676457026,0.11984808192796731,0.6795359874903071,25,30,20
9,7273,0.0017109281651254663,0.19890696676465855,0.11984811541313692,0.6795339896570813,25,30,20
9,7274,0.0017169205400704047,0.19890696676464256,0.11984811368370911,0.6795279990115803,25,30,20
9,7275,0.0017109339095427358,0.19890696676467795,0.1198435310848357,0.6795385682409458,25,30,20
9,7276,0.0017108198854403154,0.19890696676586772,0.11984361702512829,0.6795385963235657,25,30,20
9,7277,0.0017231689256625262,0.19894827593134226,0.1197899588392136,0.679538596303784,25,30,20
9,7278,0.0017371456821982743,0.19894827593143005,0.11979466511092442,0.6795199132754491,25,30,20
9,7279,0.001729300053223505,0.19894827593134284,0.1197946602770281,0.6795277637384074,25,30,20
9,7280,0.0017126053390229487,0.1989482759249888,0.11979448010943824,0.6795446386265516,25,30,20
9,7281,0.0017168819290198656,0.19894827592491995,0.1197944751529396,0.6795403669931224,25,30,20
9,7282,0.0017126078544945948,0.19894827592502484,0.11979447863804936,0.6795446375824329,25,30,20
9,7283,0.0017185705460570305,0.1989482759249901,0.11979443860804352,0.6795387149209111,25,30,20
9,7284,0.0017189531461214227,0.19894827592711245,0.1197945576640166,0.6795382132627513,25,30,20
9,7285,0.0017174212202038972,0.19894827592734698,0.11979469106566264,0.6795396117867882,25,30,20
9,7286,0.0018548062391087446,0.1989482759346347,0.11979496201109707,0.6794019558151605,25,30,20
9,7287,0.0019836160798667036,0.19894861655156423,0.11966581094505752,0.6794019564235125,25,30,20
9,7288,0.0019833300903279484,0.19894861655152588,0.1196657593591165,0.6794022939990305,25,30,20
9,7289,0.0019794467438670124,0.19894861655154783,0.11966579367599754,0.6794061430285885,25,30,20
9,7290,0.001981406208549565,0.1989486165516032,0.11966580587920016,0.6794041713606481,25,30,20
9,7291,0.002002872552449601,0.19894861654963683,0.11966577868503554,0.679382732212879,25,30,20
9,7292,0.0020029749629742392,0.19894861654961896,0.11967047590545601,0.6793779325819517,25,30,20
9,7293,0.002001152587698165,0.19894861654963772,0.11967046718629604,0.6793797636763689,25,30,20
9,7294,0.002001047822968507,0.19894861654963897,0.11966576729718341,0.6793845683302101,25,30,20
9,7295,0.0020210807393786583,0.19894861654972704,0.11966349554240178,0.6793668071684933,25,30,20
9,7296,0.0020330267163089686,0.19894861654974388,0.11966349472264881,0.6793548620112995,25,30,20
9,7297,0.002033026695105995,0.19894861654974388,0.11966349400447845,0.679354862750673,25,30,20
9,7298,0.0020547365285007195,0.19894861654981136,0.11966350135135445,0.6793331455703349,25,30,20
9,7299,0.0020626908885109196,0.19894861654986384,0.11966350846032275,0.6793251841013039,25,30,20
9,7300,0.001927296619586436,0.1989486165426669,0.11966309729254215,0.6794609895452061,25,30,20
9,7301,0.0019192046002982177,0.19894861654257753,0.11965839085698406,0.6794737880001419,25,30,20
9,7302,0.001917343170600905,0.19894861654249232,0.11965836025545513,0.6794756800314532,25,30,20
9,7303,0.0019113523930353136,0.1989486165424764,0.11965836213377623,0.6794816689307136,25,30,20
9,7304,0.0023537836436974473,0.1989486165424966,0.11965859651908468,0.6790390032947229,25,30,20
9,7305,0.0023696140998200267,0.19894861654263787,0.11965861017443906,0.6790231591831042,25,30,20
9,7306,0.0023758851506869598,0.19894233989978594,0.11965861576625621,0.6790231591832725,25,30,20
9,7307,0.002374127807734304,0.1989423398997715,0.11965861385543242,0.6790249184370631,25,30,20
9,7308,0.0023761611312079008,0.1989423398996289,0.11965860166608148,0.679022897303083,25,30,20
9,7309,0.0023761610673271897,0.19894233989962792,0.11965860303720705,0.6790228959958394,25,30,20
9,7310,0.0023761687480840753,0.19894233989837964,0.11965850909473746,0.6790229822588003,25,30,20
9,7311,0.002370027477742038,0.1989709552403321,0.11963603502322445,0.6790229822587028,25,30,20
9,7312,0.0023482743801663745,0.19897095524022762,0.1196359432194182,0.6790448271601892,25,30,20
9,7313,0.002350064484844338,0.19897095524026054,0.11963594649132216,0.6790430337835742,25,30,20
9,7314,0.0023300311446138528,0.19897095524026198,0.1196360613900109,0.6790629522251149,25,30,20
9,7315,0.0018716433509128562,0.1989709552401002,0.1196358141765742,0.6795215872324144,25,30,20
9,7316,0.001386787032367423,0.19897095524647135,0.12012066868692038,0.6795215890342428,25,30,20
9,7317,0.001388784031814093,0.1972515326752507,0.1218380942490907,0.6795215890438474,25,30,20
9,7318,0.0013847544506863229,0.19725153267530302,0.12183972408649366,0.6795239887875201,25,30,20
9,7319,0.0013928852535911023,0.1972515326754284,0.12183973180358633,0.6795158502673965,25,30,20
9,7320,0.0013631157115534484,0.1981107736725794,0.12101026038187007,0.679515850233999,25,30,20
9,7321,0.0013612586620545455,0.19811077367250993,0.12101025438132032,0.6795177132841171,25,30,20
9,7322,0.0013611853232377894,0.1981107736725803,0.12101025703927788,0.6795177839649056,25,30,20
9,7323,0.0012651450562529507,0.19923192930011613,0.11998514226775223,0.6795177833758832,25,30,20
9,7324,0.0012651098090547838,0.19924300964584454,0.1199740971745646,0.6795177833705408,25,30,20
9,7325,0.002397315163334444,0.1992430868278978,0.11884181953745378,0.679517778471315,25,30,20
9,7326,0.0023893613271162017,0.19924308682784583,0.11884192764199701,0.6795256242030421,25,30,20
9,7327,0.002364014704065008,0.19812879208922973,0.11998156901364206,0.6795256241930676,25,30,20
9,7328,0.00908230966189708,0.19812885632807703,0.11277702810631318,0.6800118059037138,25,30,20
9,7329,0.009082379776553916,0.19812885632811544,0.11277703294364601,0.6800117309516849,25,30,20
9,7330,0.009538472660360658,0.19812885633334978,0.11277746993988705,0.6795552010664032,25,30,20
9,7331,0.00954281850897551,0.19812885633317318,0.11278204188190548,0.6795462832759464,25,30,20
9,7332,0.009550803270405856,0.19812885633324448,0.1127820487025078,0.6795382916938425,25,30,20
9,7333,0.0016583505082894648,0.1981287148996105,0.12116082626814043,0.6790521083239629,25,30,20
9,7334,0.001664831991546338,0.19753259500906728,0.1217504646794369,0.6790521083199543,25,30,20
9,7335,0.001672927205977272,0.1975325950091196,0.12175035515973115,0.6790441226251764,25,30,20
9,7336,0.0016769915543212355,0.19753259500912246,0.12174876730427381,0.6790416461322861,25,30,20
9,7337,0.0017788190502280744,0.19741701965091127,0.12176251514660726,0.6790416461522565,25,30,20
9,7338,0.0026205928862491562,0.19741703014940978,0.12092072240864477,0.6790416545556991,25,30,20
9,7339,0.002620664448266323,0.19741703014933765,0.12092068012589229,0.6790416252765064,25,30,20
9,7340,0.002665280571333697,0.19741703014981113,0.12092077666505255,0.6789969126138043,25,30,20
9,7341,0.002643495480373984,0.19741703014972334,0.1209207677130684,0.6790187066568361,25,30,20
9,7342,0.002166792391751024,0.19741702962630087,0.12139747176397642,0.6790187062179743,25,30,20
9,7343,0.002160341034997456,0.19801312562408657,0.1208078271234502,0.6790187062174684,25,30,20
9,7344,0.002160303781138841,0.19801312562403275,0.1208079056643549,0.6790186649304758,25,30,20
9,7345,0.0021662615004647274,0.19800715262599572,0.1208079209432346,0.6790186649303073,25,30,20
9,7346,0.00215380792364453,0.19759790293372215,0.12122962452800426,0.6790186646146313,25,30,20
9,7347,0.0014118852763072886,0.19760086918677763,0.12196858292100417,0.6790186626159153,25,30,20
9,7348,0.0017853666310263306,0.1975978923796804,0.12159808419247221,0.6790186567968235,25,30,20
9,7349,0.0017853665928950799,0.19759789237968012,0.12159808276650606,0.679018658260921,25,30,20
9,7350,0.0017790957015540326,0.19759789237969547,0.12159338094361015,0.6790296309751427,25,30,20
9,7351,0.0022626984723193187,0.1975978923880632,0.12159387306799253,0.6785455360716272,25,30,20
9,7352,0.002262664822188932,0.19801986835139243,0.12117193075521636,0.6785455360712045,25,30,20
9,7353,0.002256812120364442,0.19801986835141022,0.12117193204011871,0.6785513874881084,25,30,20
9,7354,0.0022567420663451563,0.19801986835135513,0.12117192795787565,0.6785514616244258,25,30,20
9,7355,0.0022508560702009517,0.1980198683513551,0.12117192851834974,0.6785573470600957,25,30,20
9,7356,0.0017892388142091299,0.19801986834427676,0.12163354634105192,0.6785573465004636,25,30,20
9,7357,0.0013115464994197454,0.1980198683361051,0.12163307754403599,0.6790355076204403,25,30,20
9,7358,0.0013114469675614016,0.19801943148048626,0.12163361392666625,0.6790355076252874,25,30,20
9,7359,0.0013254204915670647,0.19801943148057569,0.12163362078262283,0.6790215272452358,25,30,20
9,7360,0.0013034609515143179,0.19801943148045098,0.12163360834979174,0.6790434992182439,25,30,20
9,7361,0.0012975793245504385,0.19801943148043763,0.12163353202882074,0.6790494571661918,25,30,20
9,7362,0.0012975899094276062,0.19801943148045364,0.12163364671226758,0.6790493318978519,25,30,20
9,7363,0.0008273733491127201,0.19801943147509696,0.12163332076674557,0.6795198744090455,25,30,20
9,7364,0.0008253713019030188,0.19801943147507597,0.12163328560686676,0.6795219116161545,25,30,20
9,7365,0.0008314735751388351,0.19801943147504153,0.12163328518774398,0.679515809762076,25,30,20
9,7366,0.0008315783806544133,0.19801943147504186,0.12163328519637519,0.6795157049479293,25,30,20
9,7367,0.0008582146096962979,0.19801943172598013,0.12160658268715217,0.6795157709771722,25,30,20
9,7368,0.0009779019952245755,0.1980323324275952,0.12147399400075772,0.6795157715764251,25,30,20
9,7369,0.0010896668924433302,0.19803233242770657,0.12147436131271258,0.6794036393671402,25,30,20
9,7370,0.001083670244866838,0.1980323324277416,0.1214766410490823,0.6794073562783118,25,30,20
9,7371,0.0010696898903302813,0.19803233242765153,0.12147663357466904,0.6794213441073518,25,30,20
9,7372,0.0010638322842921012,0.19803874097977384,0.12147608262373635,0.6794213441122006,25,30,20
9,7373,0.0010778034135450218,0.1980387409798254,0.12147597174823924,0.679407483858393,25,30,20
9,7374,0.0010751998276780613,0.19803874097965932,0.12147584391532751,0.6794102152773381,25,30,20
9,7375,0.001091027876013272,0.1980387409798553,0.12147585700663885,0.6793943741374956,25,30,20
9,7376,0.0010871623395154024,0.19743288172375856,0.12208558178884621,0.6793943741478824,25,30,20
9,7377,0.0010930483296354107,0.197432881723776,0.12208330384507429,0.6793907661015168,25,30,20
9,7378,0.0010989349672214837,0.19743288172377632,0.12208330393638173,0.6793848793726229,25,30,20
9,7379,0.0010945219795953874,0.19743710845091106,0.12208349017304929,0.6793848793964469,25,30,20
9,7380,0.001064712878592786,0.19743710845066154,0.12208346924122798,0.6794147094295202,25,30,20
9,7381,0.0010708118587540979,0.19743710845062679,0.12208346867497198,0.6794086110156492,25,30,20
9,7382,0.0009433609394764336,0.19743688865968237,0.12221113998361517,0.6794086104172287,25,30,20
9,7383,0.0009286540558921486,0.19743688865943784,0.12234041533133361,0.6792940419533388,25,30,20
9,7384,0.0008146895001730667,0.19658314002121974,0.12330812854524767,0.6792940419333618,25,30,20
9,7385,0.0008144513709550686,0.19658314002123728,0.12340068127447595,0.6792017273333341,25,30,20
9,7386,0.0008063885162383473,0.19658314002120314,0.1234006777174595,0.6792097937451012,25,30,20
9,7387,0.0008004684122657758,0.19658314002118502,0.12340067501839858,0.6792157165481527,25,30,20
9,7388,0.0008204335017373941,0.19658314002127408,0.12340068130021668,0.679195745176774,25,30,20
9,7389,0.0008263227671586985,0.196583140021279,0.12340242525352,0.6791881119580444,25,30,20
9,7390,0.0008262934741825739,0.19830045496401177,0.12168513958444603,0.6791881119773613,25,30,20
9,7391,0.0008281499850351317,0.19830045496404802,0.12168514314620717,0.6791862519047109,25,30,20
9,7392,0.0008419844281869901,0.19830045496413554,0.1216851484240911,0.6791724121835874,25,30,20
9,7393,0.0008478030589815935,0.1983004549641149,0.12168514487136478,0.6791665971055392,25,30,20
9,7394,0.0008557509458615518,0.1983004549641797,0.12168340683057151,0.6791603872593878,25,30,20
9,7395,0.0008758645703602523,0.19830045496539392,0.12168364255108427,0.6791400379131618,25,30,20
9,7396,0.0008758615459610931,0.19830045496540705,0.12168363639471093,0.6791400470939217,25,30,20
9,7397,0.0007599319817322638,0.1983004549653492,0.12168327535492023,0.6792563376979985,25,30,20
9,7398,0.0007521272782313651,0.19830045496537,0.1216832759670783,0.6792641417893206,25,30,20
9,7399,0.0007238911928543223,0.1983004547178287,0.12171157749555951,0.6792640765937592,25,30,20
9,7400,0.0007461322861101712,0.1983004547180275,0.12171819539914372,0.6792352175967205,25,30,20
9,7401,0.0007503717774340879,0.19830045471792082,0.12171818946444342,0.6792309840402035,25,30,20
9,7402,0.0007565017503074949,0.19830045471790392,0.12171819282558896,0.679224850706201,25,30,20
9,7403,0.0007425569625452443,0.19830045471674354,0.12171792254856204,0.6792390657721507,25,30,20
9,7404,0.0007204540761567242,0.19830045471656502,0.12171130614415074,0.679267785063129,25,30,20
9,7405,0.0007264499041161277,0.1983004547165281,0.12171130647960972,0.6792617888997475,25,30,20
9,7406,0.0007325507047871081,0.19829434751563532,0.12171131288944018,0.6792617888901387,25,30,20
9,7407,0.0007329015301407745,0.19827445286234854,0.12173085672752305,0.6792617888799901,25,30,20
9,7408,0.0007310440282191854,0.19926551066604414,0.12074165643501777,0.6792617888707209,25,30,20
9,7409,0.040275312604273576,0.19926551066286305,0.08119738867356113,0.6792617880593014,25,30,20
9,7410,0.04028943016710406,0.19986110867726467,0.08058767306290898,0.6792617880927212,25,30,20
9,7411,0.04028922107659448,0.1998611086773529,0.08058779259397778,0.6792618776520737,25,30,20
9,7412,0.04026569548284403,0.19986110867716037,0.08045842524103651,0.6794147705989585,25,30,20
9,7413,0.040275770890966865,0.19986110867725426,0.08045843117656722,0.6794046892552114,25,30,20
9,7414,0.04026953199329455,0.19986734593222874,0.0804584328192668,0.6794046892552095,25,30,20
9,7415,0.04026959981124773,0.19986734593213953,0.08045831143050616,0.6794047428261061,25,30,20
9,7416,0.0402696323881812,0.19986675857615732,0.08045886620955507,0.6794047428261059,25,30,20
9,7417,0.04026353216034948,0.19986675857619615,0.08072505032077017,0.6791446589426837,25,30,20
9,7418,0.04026391363364361,0.1998667585761795,0.08063261558241125,0.6792367122077653,25,30,20
9,7419,0.04026377351757051,0.19986675857614258,0.08063261283429492,0.6792368550719919,25,30,20
9,7420,0.04026352224042206,0.19986675857617694,0.08063249544116717,0.6792372237422338,25,30,20
9,7421,0.04026367829731362,0.1998446868229859,0.08065441113719693,0.6792372237425036,25,30,20
9,7422,0.04026367956009569,0.19984468682298775,0.08065441331406233,0.6792372203028542,25,30,20
9,7423,0.040729739230907794,0.1998446868231854,0.08065475912131305,0.678770814824594,25,30,20
9,7424,0.0407241708943511,0.19984468682324072,0.08065490780127832,0.6787762344811302,25,30,20
9,7425,0.04073614406119431,0.19983229559598711,0.08065532588092486,0.6787762344618936,25,30,20
9,7426,0.04074998180349653,0.19983229559605747,0.08065533236980543,0.6787623902306398,25,30,20
9,7427,0.04075002941866635,0.19983229559593774,0.08065537504048553,0.6787622999449094,25,30,20
9,7428,0.04075016507923207,0.1998316058744372,0.08065592909198836,0.6787622999543416,25,30,20
9,7429,0.040749887330046856,0.1998316058743975,0.08065584375374828,0.678762663041807,25,30,20
9,7430,0.04080684414654213,0.19983160452350368,0.08059888825131152,0.6787626630786424,25,30,20
9,7431,0.04080695291395159,0.19983160452348678,0.08059888804495817,0.6787625545176033,25,30,20
9,7432,0.04080691366912661,0.19983160452342819,0.08059882345433955,0.6787626583531053,25,30,20
9,7433,0.04080704867666736,0.1998316045234472,0.08059894199933697,0.6787624048005483,25,30,20
9,7434,0.04080791269045692,0.19983160452349094,0.08060081211098119,0.6787596706750708,25,30,20
9,7435,0.040799960822839404,0.19983160452342058,0.08060080656485179,0.6787676280888885,25,30,20
9,7436,0.0407999558651417,0.19983125272064714,0.08060116333995829,0.6787676280742532,25,30,20
9,7437,0.04079396423647763,0.19983125272061272,0.08060127863694401,0.6787735044059658,25,30,20
9,7438,0.040761286925824584,0.1998312527159808,0.08063395596435162,0.6787735043938433,25,30,20
9,7439,0.04075522252615003,0.1998312527159821,0.08063395853395645,0.6787795662239117,25,30,20
9,7440,0.040289301676118466,0.19983125271580288,0.08063361603335802,0.679245829574721,25,30,20
9,7441,0.040295474213289044,0.19982563128654296,0.08063306493452284,0.6792458295656456,25,30,20
9,7442,0.0402956869822257,0.1998256312865794,0.08100591023062992,0.6788727715005652,25,30,20
9,7443,0.0403001013647321,0.19982563128649208,0.08100598696056052,0.6788682803882159,25,30,20
9,7444,0.04029411293103544,0.19982563128650901,0.08100598870245904,0.6788742670799965,25,30,20
9,7445,0.040288017252598965,0.1998256312864732,0.08063314378252695,0.679253207678401,25,30,20
9,7446,0.04028759247832516,0.19980366049892523,0.08065553934019844,0.6792532076825514,25,30,20
9,7447,0.04029368635667865,0.19980366050320333,0.08065559381974817,0.6792470593203701,25,30,20
9,7448,0.04028741002507759,0.19980366050318335,0.08065558746906966,0.6792533420026697,25,30,20
9,7449,0.04026944126569363,0.19980366050318346,0.08065558745996704,0.6792713107711564,25,30,20
9,7450,0.0799719015180505,0.19980366050658546,0.040953127084817374,0.6792713108905473,25,30,20
9,7451,0.07996408922646178,0.19980366050653292,0.04095312336221234,0.6792791269047936,25,30,20
9,7452,0.0799574805072385,0.19980366050652554,0.04095125592831771,0.6792876030579186,25,30,20
9,7453,0.08037118790550578,0.19980366050618517,0.04053754854887465,0.6792876030394346,25,30,20
9,7454,0.08037104599200734,0.19980366050616705,0.04053754487161209,0.6792877486302136,25,30,20
9,7455,0.08037062087520785,0.19980366050605952,0.04053739444310064,0.679288324175632,25,30,20
9,7456,0.08036270375742982,0.19981213501924638,0.040536837057215565,0.6792883241661086,25,30,20
9,7457,0.08036284377307089,0.19981213501926548,0.040536838466664143,0.6792881827409997,25,30,20
9,7458,0.08036088336469355,0.19981409431303732,0.04053683959028791,0.6792881827319818,25,30,20
9,7459,0.0792418676748718,0.1998142506903455,0.04165568183858022,0.679288199796203,25,30,20
9,7460,0.07924193983157567,0.19981417913990768,0.0416556812317944,0.6792881997967228,25,30,20
9,7461,0.07923594755092736,0.1998141791399096,0.0416556819012494,0.6792941914079141,25,30,20
9,7462,0.0792339877448195,0.1998141791398564,0.04165567719030703,0.6792961559250174,25,30,20
9,7463,0.07924180445467828,0.19981417913566646,0.041655512158263824,0.6792885042513916,25,30,20
9,7464,0.07924794770652593,0.1998141791418737,0.04165564386833617,0.6792822292832643,25,30,20
9,7465,0.07931282371539633,0.19981417914235255,0.04159076825456997,0.6792822288876813,25,30,20
9,7466,0.0793189511431697,0.1998141791423359,0.04159076900138729,0.6792761007131073,25,30,20
9,7467,0.07933449887275425,0.19981417914251068,0.04159069811872295,0.6792606238660125,25,30,20
9,7468,0.07933435801416915,0.1998141791425116,0.04159069458949642,0.6792607682538236,25,30,20
9,7469,0.07931850070354911,0.19983004389743905,0.041590687188648105,0.6792607682103643,25,30,20
9,7470,0.07931275732807251,0.1998300438974578,0.04159068872978411,0.6792665100446861,25,30,20
9,7471,0.07931874908437017,0.19983004389742276,0.041590688157503386,0.6792605188607043,25,30,20
9,7472,0.07931875410909504,0.19985243052684884,0.04156829650769404,0.6792605188563628,25,30,20
9,7473,0.07948044969873352,0.19985243056282756,0.04140660016047045,0.6792605195779692,25,30,20
9,7474,0.07948015728138391,0.19985243055660007,0.0414064664105767,0.67926094575144,25,30,20
9,7475,0.07945616161189899,0.1998524305567244,0.04143046209528627,0.6792609457360895,25,30,20
9,7476,0.07945017397370303,0.1998524305567084,0.04143046246224512,0.6792669330073425,25,30,20
9,7477,0.07946237010397438,0.19985243055667368,0.041430493070542154,0.6792547062688089,25,30,20
9,7478,0.0794684344606812,0.1998524305566724,0.0414305729450714,0.679248562037574,25,30,20
9,7479,0.07946833258105211,0.19985252299547157,0.04143058238641335,0.6792485620370621,25,30,20
9,7480,0.07946012900445037,0.19985252299541778,0.041432166137012304,0.6792551818631187,25,30,20
9,7481,0.07946811472566549,0.1998525229955247,0.04143209290293525,0.6792472693758738,25,30,20
9,7482,0.07947400017642037,0.19985252299552464,0.04143209379386352,0.6792413830341906,25,30,20
9,7483,0.07946797286574103,0.19985252299550688,0.04143209244080956,0.6792474116979416,25,30,20
9,7484,0.08009426143627749,0.19985236663092998,0.04080593668793047,0.6792474352448612,25,30,20
9,7485,0.08009997539344674,0.19985236663085765,0.04080593242740012,0.6792417255482951,25,30,20
9,7486,0.08011394917870765,0.19985236663094638,0.04080593837939998,0.6792277458109455,25,30,20
9,7487,0.11505205546159045,0.1998523667100036,0.0058675986226627485,0.6792279792057438,25,30,20
9,7488,0.1150460259928427,0.19985236671000473,0.005867602148659805,0.6792340051484935,25,30,20
9,7489,0.11504017757665384,0.1998523667100229,0.0058676297528170475,0.6792398259605062,25,30,20
9,7490,0.11503593977063811,0.19985236671012863,0.005867636428662722,0.6792440570905705,25,30,20
9,7491,0.11502785200452756,0.1998523667100398,0.005867630545543298,0.6792521507398892,25,30,20
9,7492,0.11504204430508008,0.1998523667100951,0.00586763193104328,0.6792379570537815,25,30,20
9,7493,0.11503189502984375,0.19985236671098286,0.005867622868911658,0.6792481153902612,25,30,20
9,7494,0.11503189500736628,0.19985236671098247,0.005867624876027004,0.6792481134056234,25,30,20
9,7495,0.11503235244521948,0.19985236671105422,0.005867625690970567,0.679247655152755,25,30,20
9,7496,0.11504818026236073,0.1998523667112127,0.0058676400395073925,0.6792318129869185,25,30,20
9,7497,0.11503420429518202,0.19985236671112394,0.005867747008750812,0.679245681984943,25,30,20
9,7498,0.11502820847140498,0.19985781689468102,0.005868292649310893,0.6792456819846031,25,30,20
9,7499,0.11503419834238987,0.1998578168946782,0.00560210810409523,0.6795058766588369,25,30,20
9,7500,0.11503388204519634,0.19985781689467777,0.005602110080017955,0.679506190980108,25,30,20
9,7501,0.11517361756163828,0.1997181935855411,0.005601997278845402,0.6795061915739754,25,30,20
9,7502,0.1156549172640887,0.1997181936560579,0.005120737117822,0.6795061519620316,25,30,20
9,7503,0.11564243735046466,0.1997181936560526,0.005120712116267223,0.6795186568772157,25,30,20
9,7504,0.11565628489298505,0.19971819365610644,0.005120716548111237,0.6795048049027972,25,30,20
9,7505,0.11565638968946647,0.19971819365614152,0.005120719063537204,0.6795046975908545,25,30,20
9,7506,0.1156602703467593,0.1997181936340179,0.005116822854250477,0.679504713164972,25,30,20
9,7507,0.11564646519186347,0.19971819363414575,0.005121550292926938,0.6795137908810638,25,30,20
9,7508,0.11562506407876866,0.1997181936340605,0.005121540272030425,0.6795352020151404,25,30,20
9,7509,0.11562457438128332,0.1997181936340426,0.005121568444909294,0.6795356635397647,25,30,20
9,7510,0.11564673673049361,0.19971819363616683,0.005121726463372439,0.6795133431699675,25,30,20
9,7511,0.1156510148150012,0.19971819363617158,0.005121725335731293,0.6795090662130963,25,30,20
9,7512,0.11565098037499184,0.1997181936361525,0.005121721929719116,0.6795091040591369,25,30,20
9,7513,0.10823565114366955,0.1997246288913923,0.01247166980705201,0.6795680501578869,25,30,20
9,7514,0.10823561713483537,0.19972462889135542,0.012471639405424752,0.6795681145683852,25,30,20
9,7515,0.108235869446684,0.1997246288913781,0.01247167030430741,0.6795678313576313,25,30,20
9,7516,0.10823586935943562,0.19972462889137804,0.012471668780240402,0.6795678329689467,25,30,20
9,7517,0.10823619150571923,0.19972462889161421,0.012470066885193436,0.6795691127174739,25,30,20
9,7518,0.1082359800042287,0.1997246288913611,0.012470047280893548,0.6795693438235173,25,30,20
9,7519,0.10824816113143107,0.19972462889555465,0.012470051032904486,0.6795571589401104,25,30,20
9,7520,0.10824227570757408,0.19972462889555465,0.01246993386955376,0.679563161527318,25,30,20
9,7521,0.10825677402654328,0.19972462889566217,0.02063936616050653,0.6713792309172879,25,30,20
9,7522,0.10825677270376202,0.1997246288956631,0.020639366192376114,0.6713792322081987,25,30,20
9,7523,0.07479714406531256,0.19972466616885512,0.05409895524182403,0.6713792345240076,25,30,20
9,7524,0.07480289241357461,0.19972466616883666,0.054098953903996064,0.6713734875135918,25,30,20
9,7525,0.07480090251675553,0.19972466616856877,0.05409424284894203,0.6713801884657333,25,30,20
9,7526,0.07175103037131653,0.199724659712166,0.03612004701303925,0.6924042629034791,25,30,20
9,7527,0.07175102984621226,0.19969335967415972,0.03615134757615241,0.6924042629034765,25,30,20
9,7528,0.0717511672034733,0.19969335967417784,0.03615134861104376,0.692404124511306,25,30,20
9,7529,0.07175130917103807,0.19969335967424853,0.03615297105799771,0.6924023600967165,25,30,20
9,7530,0.07175695047413805,0.1996877166450242,0.036152972784461335,0.692402360096377,25,30,20
9,7531,0.07175719298089839,0.19968747569958314,0.036152971223141143,0.692402360096378,25,30,20
9,7532,0.07174686636088827,0.19968747569545842,0.03615285755398616,0.6924128003896679,25,30,20
9,7533,0.07174667963131591,0.19970994939894665,0.0361305705803368,0.6924128003894012,25,30,20
9,7534,0.07175292248372425,0.19973555540021207,0.036098721726571095,0.6924128003894933,25,30,20
9,7535,0.0717467127572545,0.19974121588144697,0.03609927097181195,0.6924128003894872,25,30,20
9,7536,0.07173279350082583,0.19974121588137592,0.03609926581387291,0.6924267248039263,25,30,20
9,7537,0.07172690517826656,0.1997412158813753,0.03609926571612181,0.6924326132242372,25,30,20
9,7538,0.07075330009470848,0.19974121637622716,0.03707273091076493,0.6924327526183005,25,30,20
9,7539,0.07075326751916766,0.19974121637621234,0.03707717124640611,0.692428344858215,25,30,20
9,7540,0.0707671434596638,0.19974121637620879,0.03707717289519976,0.6924144672689286,25,30,20
9,7541,0.07076714632243096,0.1997412163762267,0.03707717419600246,0.6924144631053408,25,30,20
9,7542,0.07077335075797869,0.19974121637622705,0.037077256687386574,0.6924081761784087,25,30,20
9,7543,0.07076724875937729,0.19974121637613876,0.03707563498055567,0.6924158998839292,25,30,20
9,7544,0.07063403335131908,0.17406934778079539,0.06288071957781982,0.692415899290066,25,30,20
9,7545,0.07063220841801819,0.17406934778074373,0.06288071491131886,0.6924177288899194,25,30,20
9,7546,0.0706100089426546,0.17406934777858254,0.06288055721208778,0.6924400860666751,25,30,20
9,7547,0.07060986811323348,0.17406934777860036,0.06288055545692783,0.6924402286512382,25,30,20
9,7548,0.07060997363863017,0.17406934777863572,0.06288055604517288,0.6924401225375612,25,30,20
9,7549,0.06718750580498728,0.17406931691996164,0.04735350115166018,0.7113896761233909,25,30,20
9,7550,0.0671934652228403,0.14825856679522656,0.07315829185846023,0.7113896761234735,25,30,20
9,7551,0.06719941892215946,0.14825856679527666,0.07315385259712053,0.7113881616854439,25,30,20
9,7552,0.06718564908303092,0.14825856679529897,0.07315393855449763,0.711401845567173,25,30,20
9,7553,0.06719306983006733,0.1740566575834095,0.047348427005501674,0.7114018455810216,25,30,20
9,7554,0.06718700298358884,0.1740566575834107,0.04734842975526808,0.711407909677732,25,30,20
9,7555,0.0671791906782422,0.17405665758335914,0.047348425101112986,0.7114157266372853,25,30,20
9,7556,0.07190931725391964,0.17405022320533767,0.042596408405738674,0.7114440511350035,25,30,20
9,7557,0.07288172276313781,0.174050222654815,0.04162415879818166,0.7114438957838651,25,30,20
9,7558,0.07335258988203161,0.17405022266101433,0.033455198195277605,0.7191419892616766,25,30,20
9,7559,0.07335455415387707,0.17405022266112039,0.03345528520367605,0.7191399379813267,25,30,20
9,7560,0.07335465773626815,0.17405031167311555,0.03345509260461275,0.7191399379860037,25,30,20
9,7561,0.07382434440031833,0.17405031167838414,0.03345778903247258,0.7186675548888249,25,30,20
9,7562,0.07382006949434136,0.17405031167845295,0.03345779396254823,0.7186718248646574,25,30,20
9,7563,0.07381807561027061,0.17405031167839946,0.03345778814234742,0.7186738245689824,25,30,20
9,7564,0.07382396339656917,0.17405031167839946,0.03345778607936547,0.718667938845666,25,30,20
9,7565,0.07382410629753203,0.17405031167938817,0.03345553320174326,0.7186700488213369,25,30,20
9,7566,0.07382228391558171,0.17405031167935472,0.033455611299822816,0.718671793105241,25,30,20
9,7567,0.07382225066932613,0.17405031167931687,0.03345561006206,0.718671827589297,25,30,20
9,7568,0.07381622526985011,0.1740503116792975,0.03345569110318616,0.7186777719476661,25,30,20
9,7569,0.08146128194992479,0.17405031082506228,0.025898133737248797,0.718590273487764,25,30,20
9,7570,0.08181744946623958,0.17368254288037555,0.025909733574970385,0.7185902740784145,25,30,20
9,7571,0.08182312024918356,0.1736825428803892,0.025909705285941338,0.7185846315844857,25,30,20
9,7572,0.08181712783842979,0.17368254287928664,0.025909703945035303,0.7185906253372478,25,30,20
9,7573,0.0818152401846167,0.17368254287919752,0.025909614038079173,0.7185926028981061,25,30,20
9,7574,0.08182194095316576,0.17368254287918625,0.025909538316785857,0.7185859778508616,25,30,20
9,7575,0.08135824016709399,0.17368254287294765,0.025909096112164666,0.7190501208477933,25,30,20
9,7576,0.08100796039859542,0.17404441692644262,0.025897502422584245,0.7190501202523772,25,30,20
9,7577,0.08100834397727728,0.17404441692642666,0.02589750433900755,0.719049734757288,25,30,20
9,7578,0.08100847920180126,0.1740438927924593,0.025897893248286796,0.719049734757452,25,30,20
9,7579,0.08102657015301756,0.17404389279351357,0.025899578161859046,0.7190299588916094,25,30,20
9,7580,0.08101460428030023,0.17405566714500126,0.025899769658801523,0.7190299589158964,25,30,20
9,7581,0.08102843824016474,0.17405566714505344,0.025899857777915054,0.7190160368368663,25,30,20
9,7582,0.08102234112859188,0.17405566714501716,0.02589983382355046,0.7190221579028401,25,30,20
9,7583,0.08073565087514048,0.17405566821149543,0.026186217500199574,0.7190224634131641,25,30,20
9,7584,0.08073155424395656,0.17405566821151108,0.026186219611551924,0.7190265579329804,25,30,20
9,7585,0.08073116873153519,0.17405566821152643,0.026192819221129992,0.7190203438358084,25,30,20
9,7586,0.08072503594963107,0.17405566821154303,0.02619273804298547,0.7190265577958402,25,30,20
9,7587,0.0807411599564047,0.17403945245886043,0.026192829778512804,0.7190265578062222,25,30,20
9,7588,0.08072303300761487,0.174039452457731,0.026191056188367045,0.7190464583462871,25,30,20
9,7589,0.0802436589810934,0.17403945245144015,0.026190582646242504,0.7195263059212241,25,30,20
9,7590,0.08024951483387832,0.17403945245142205,0.026190579336301926,0.7195204533783979,25,30,20
9,7591,0.0802434214279141,0.17403945245142338,0.026190702590832803,0.7195264235298297,25,30,20
9,7592,0.08024338315627783,0.17403945245141902,0.026190700965184922,0.7195264634271177,25,30,20
9,7593,0.08024144014597359,0.17404159578607387,0.02619050067914912,0.7195264633888029,25,30,20
9,7594,0.08024140623412425,0.17404159578605477,0.02619041887918014,0.71952657910064,25,30,20
9,7595,0.08024140565014073,0.1740415957860547,0.026190414182160154,0.7195265843816436,25,30,20
9,7596,0.08021921761947726,0.17406387885512814,0.02619031913491869,0.7195265843904752,25,30,20
9,7597,0.08033479439970707,0.17392998283370667,0.02620863835648121,0.7195265844101041,25,30,20
9,7598,0.08001911043543317,0.17393036727045616,0.026523937087352983,0.7195265852067567,25,30,20
9,7599,0.08001921616018773,0.1997355890114979,0.0007186096216409725,0.7195265852066729,25,30,20
9,7600,0.08001959892845811,0.1997355890115185,0.0007186111758990947,0.7195262008841241,25,30,20
9,7601,0.06406315081926088,0.19973623173335242,0.016674627541626737,0.7195259899057603,25,30,20
9,7602,0.06405887427886821,0.19973623173336524,0.016674631016287328,0.7195302629714792,25,30,20
9,7603,0.06406486198061183,0.19973623173338176,0.016674514240745265,0.719524392045261,25,30,20
9,7604,0.0640644768069713,0.1997362317333436,0.016674511405900795,0.7195247800537841,25,30,20
9,7605,0.06407068253724679,0.19973002620457767,0.01667451122352347,0.7195247800346519,25,30,20
9,7606,0.06406479416583928,0.19973002620457803,0.016674511169999538,0.7195306684595829,25,30,20
9,7607,0.06407534044190212,0.1997300262057592,0.016674596453643067,0.7195200368986953,25,30,20
9,7608,0.06407348708179618,0.19973002620569005,0.01667459045870827,0.7195218962538056,25,30,20
9,7609,0.06407349090046419,0.19973002620569008,0.01666810477515023,0.7195283781186955,25,30,20
9,7610,0.06451924577801425,0.19973002620605748,0.01666903527436319,0.7190816927415651,25,30,20
9,7611,0.06452517078173065,0.19973002620612923,0.016671350957670295,0.7190734520544697,25,30,20
9,7612,0.06408304511593597,0.1997300262059758,0.016670607532249294,0.7195163211458389,25,30,20
9,7613,0.06408304641982113,0.19973002620597544,0.01667060746435132,0.7195163199098518,25,30,20
9,7614,0.06408307955046579,0.1997300262059939,0.016670608898099248,0.7195162853454409,25,30,20
9,7615,0.06409099175104405,0.19973002620599217,0.016668297140679963,0.7195106849022835,25,30,20
9,7616,0.06408472620072414,0.19973002620592184,0.016668408981333066,0.7195168386120205,25,30,20
9,7617,0.0640910375371157,0.1997300262061401,0.016668428580816675,0.7195105076759272,25,30,20
9,7618,0.06408528731086066,0.19973002620615918,0.01666843001173036,0.7195162564712494,25,30,20
9,7619,0.06409124568511787,0.19973002620612385,0.016670049516830515,0.7195086785919274,25,30,20
9,7620,0.06354860132019807,0.19972964619181385,0.01721306887651901,0.7195086836114686,25,30,20
9,7621,0.06353490352857541,0.1997296461917623,0.017213064185083702,0.7195223860945781,25,30,20
9,7622,0.0635347991469136,0.19972964619176292,0.017213064182282273,0.7195224904790406,25,30,20
9,7623,0.06353251774630103,0.1997296461914755,0.017213118961106916,0.719524717101116,25,30,20
9,7624,0.04208371965440961,0.19972904479933476,0.03866236859551179,0.7195248669507427,25,30,20
9,7625,0.04208564961755166,0.19970470971131138,0.03868477371102362,0.7195248669601122,25,30,20
9,7626,0.042091639568370705,0.19970470971134666,0.038684769157524335,0.7195188815627569,25,30,20
9,7627,0.04209163780976288,0.19970470971134538,0.03868476908700249,0.719518883391888,25,30,20
9,7628,0.04197612953493222,0.1998383522136623,0.03866663487915127,0.719518883372253,25,30,20
9,7629,0.041976130406284826,0.19983835221366297,0.03866671538670967,0.7195188019933415,25,30,20
9,7630,0.0420006627614429,0.1985768251909189,0.03990371004829105,0.719518801999346,25,30,20
9,7631,0.041990262296466435,0.1985768251906996,0.039903518100070166,0.7195293944127633,25,30,20
9,7632,0.0419963590717652,0.19857682519066455,0.039903517507416233,0.7195232982301537,25,30,20
9,7633,0.04199635789679451,0.1985768251906642,0.03990352096278584,0.7195232959497553,25,30,20
9,7634,0.04210593725356754,0.1985768251912477,0.04003277789896153,0.7192844596562223,25,30,20
9,7635,0.042105972661737885,0.19857682519137282,0.04003267119023719,0.7192845309566513,25,30,20
9,7636,0.042100097355412876,0.19857682519137348,0.040034213906126936,0.7192888635470858,25,30,20
9,7637,0.04210009351362448,0.19857682519137348,0.04003421386572278,0.7192888674292784,25,30,20
9,7638,0.04199843428559019,0.19857682519082406,0.039904961368886466,0.719519779154699,25,30,20
9,7639,0.04200428816670211,0.198576825190805,0.03990495649039823,0.7195139301520943,25,30,20
9,7640,0.04200418430062318,0.19857682519082345,0.03990333572918827,0.7195156547793644,25,30,20
9,7641,0.04200404722826018,0.19857679889510224,0.03990349909735036,0.7195156547792868,25,30,20
9,7642,0.042004297205484625,0.19855470098103248,0.0399253470341936,0.7195156547792888,25,30,20
9,7643,0.04201998464097288,0.1985390007819233,0.03992535976908017,0.7195156548080233,25,30,20
9,7644,0.04202798080288548,0.1985306094943601,0.039925754875371096,0.7195156548273828,25,30,20
9,7645,0.04202343517658713,0.19853060949319876,0.039925670060129315,0.7195202852700844,25,30,20
9,7646,0.042017444022662,0.1985306094932513,0.03992567459849621,0.7195262718855898,25,30,20
9,7647,0.04201341577652341,0.1985306094933037,0.039925765049086646,0.7195302096810856,25,30,20
9,7648,0.04201327700086711,0.19853060949326706,0.03992576168972648,0.7195303518161387,25,30,20
9,7649,0.03872345695756428,0.19853060543822004,0.04321558999758267,0.7195303476066323,25,30,20
9,7650,0.038717535590903907,0.19853060543809492,0.043215582872291165,0.7195362760987094,25,30,20
9,7651,0.038717672595994936,0.198530605438113,0.0432155821496196,0.7195361398162725,25,30,20
9,7652,0.03870956823717502,0.19853911475595207,0.04321517721004518,0.7195361397968277,25,30,20
9,7653,0.03871363125424192,0.19853911475593533,0.04321508940077349,0.7195321645890493,25,30,20
9,7654,0.03872745589438386,0.19853911475602462,0.04321347378321289,0.7195199555663785,25,30,20
9,7655,0.03873358507915384,0.19853911475600763,0.04321339216151939,0.719513908003319,25,30,20
9,7656,0.038733552253539666,0.19853911475597172,0.043213389566779135,0.7195139434237094,25,30,20
9,7657,0.03872559788587004,0.19853911475591915,0.04321338432302422,0.7195219030351864,25,30,20
9,7658,0.03874752041239736,0.19853911475607564,0.04321328226916842,0.7195000825623581,25,30,20
9,7659,0.03873158344312387,0.19853266159656935,0.043235672417161,0.7195000825431453,25,30,20
9,7660,0.038735471653368124,0.19853266159673008,0.043235686010285594,0.7194961807396156,25,30,20
9,7661,0.038868966170494706,0.19853266160112018,0.04323618501445978,0.7193621872139248,25,30,20
9,7662,0.03874342012061008,0.19853266159681765,0.04323580903764565,0.719488109244926,25,30,20
9,7663,0.038749308486527405,0.19853266159681862,0.04332836230974125,0.7193896676069126,25,30,20
9,7664,0.038743454481181556,0.1985326615968361,0.043235810420310085,0.719488073501672,25,30,20
9,7665,0.03874751873503266,0.19855101145826048,0.04321339630972067,0.7194880734969863,25,30,20
9,7666,0.03873982154219644,0.19855101145815332,0.04321338954281761,0.7194957774568329,25,30,20
9,7667,0.03873575581175102,0.19855506207590795,0.043213404651001604,0.7194957774613395,25,30,20
9,7668,0.038735504567319244,0.19855506207592416,0.04321340387520592,0.7194960294815508,25,30,20
9,7669,0.042740038349214735,0.19855506387442717,0.03920830098229367,0.7194965967940646,25,30,20
9,7670,0.04273404578962106,0.19855506387440777,0.03920830055191827,0.7195025897840535,25,30,20
9,7671,0.042726230454193014,0.19855506387437238,0.03920821364344826,0.7195104920279866,25,30,20
9,7672,0.04272415402166091,0.19855506387451055,0.03920826342987894,0.71951251867395,25,30,20
9,7673,0.04272412528972071,0.19857691477562558,0.03918644127039091,0.7195125186642634,25,30,20
9,7674,0.04273004306360397,0.19857691477564393,0.039186557841121274,0.7195064843196309,25,30,20
9,7675,0.04274384650749429,0.19857691477569553,0.0391865624732166,0.7194926762435937,25,30,20
9,7676,0.042741993403134775,0.1985783918928302,0.039186938469622665,0.7194926762344125,25,30,20
9,7677,0.04273610763880148,0.19858373226334705,0.03918748386335341,0.7194926762344983,25,30,20
9,7678,0.042731941511537704,0.19858373226339934,0.039187490035918704,0.7194968361891446,25,30,20
9,7679,0.04319599193430312,0.198583732267734,0.03918786163321318,0.7190324141647498,25,30,20
9,7680,0.04319823660805131,0.1985837322675566,0.039187848964796934,0.7190301821595952,25,30,20
9,7681,0.043232617377875544,0.19858373226740383,0.039187816676984275,0.7189958336777363,25,30,20
9,7682,0.04322648227022651,0.19859355978018403,0.03918412426112856,0.718995833688461,25,30,20
9,7683,0.04322035465024304,0.1985935597802012,0.039184123468738355,0.7190019621008176,25,30,20
9,7684,0.043220315386754915,0.1986123088187979,0.03916541370419223,0.7190019620902551,25,30,20
9,7685,0.04318208219302,0.19861230881880967,0.039165393953068846,0.7190402150351016,25,30,20
9,7686,0.04317808908696461,0.19861230881889852,0.039165284196603777,0.7190443178975333,25,30,20
9,7687,0.043178119196812983,0.19861230881891634,0.039165285439382226,0.7190442865448887,25,30,20
9,7688,0.043178116612384715,0.198612308818916,0.039165285332876096,0.7190442892358233,25,30,20
9,7689,0.04324093002171948,0.19861230666500085,0.03910089049015314,0.7190458728231266,25,30,20
9,7690,0.04278497348661908,0.19861230666079063,0.039100530396855446,0.719502189455735,25,30,20
9,7691,0.042780806957556664,0.19861230666084292,0.03910053711014218,0.7195063492714584,25,30,20
9,7692,0.031392025019620115,0.1986778628195986,0.05042547939342887,0.7195046327673527,25,30,20
9,7693,0.03140850488228916,0.1986778628196778,0.05042548810099968,0.7194881441970337,25,30,20
9,7694,0.03143835191899245,0.19861619666841687,0.05045730718198455,0.7194881442306063,25,30,20
9,7695,0.03144252426215295,0.19861619666837302,0.05045730251026861,0.7194839765592057,25,30,20
9,7696,0.031442322783951294,0.1998533357816334,0.049220364851863894,0.7194839765825516,25,30,20
9,7697,0.03144638598005873,0.19985333578150857,0.04922035573962866,0.7194799224988043,25,30,20
9,7698,0.03146697626955166,0.1998533357816217,0.04922036618299655,0.71945932176583,25,30,20
9,7699,0.031447047619116715,0.19985333578156958,0.04922035979557956,0.7194792568037345,25,30,20
9,7700,0.03142871292048288,0.19985333578141934,0.04948653024483976,0.7192314210532585,25,30,20
9,7701,0.03142871886365797,0.19985333578142,0.04948653223623749,0.7192314131186851,25,30,20
9,7702,0.031426789092107756,0.1998533357813158,0.04948664259888313,0.7192332325276938,25,30,20
9,7703,0.031896508698662694,0.19938356330366258,0.0494866946176856,0.7192332333799897,25,30,20
9,7704,0.029684830250214966,0.19938352080518734,0.05169866538400178,0.7192329835605957,25,30,20
9,7705,0.030158542461803526,0.19891925853809372,0.051689215415380844,0.719232983584722,25,30,20
9,7706,0.04121187305616261,0.19885370246019096,0.04070186861994226,0.7192325558637045,25,30,20
9,7707,0.04331254632812815,0.19885370247635123,0.038601183890359075,0.719232567305162,25,30,20
9,7708,0.043312688652945554,0.19885409145780375,0.03860065256484943,0.7192325673244017,25,30,20
9,7709,0.043326523039704995,0.19885409145789193,0.03833458901896876,0.7194847964834348,25,30,20
9,7710,0.04331010433455793,0.19885409145780106,0.03833469213357763,0.7195011120740641,25,30,20
9,7711,0.043324023461906315,0.19885409145786992,0.03833470008139526,0.7194871849988289,25,30,20
9,7712,0.0429379011201875,0.19926203805042061,0.03831287586897174,0.7194871849604205,25,30,20
9,7713,0.04293768711426632,0.1992622717926328,0.038312856151839755,0.7194871849412613,25,30,20
9,7714,0.04294405855036602,0.19926227179276387,0.038405088349655545,0.7193885813072147,25,30,20
9,7715,0.04294415899170269,0.19926227179272069,0.03840508573742158,0.7193884834781551,25,30,20
9,7716,0.04293032214719382,0.19926227179263278,0.038404964069374686,0.7194024419907986,25,30,20
9,7717,0.04333807850077096,0.19926227189369097,0.037997182005392996,0.719402467600145,25,30,20
9,7718,0.04333794289534009,0.19926227189365558,0.03799718186272434,0.71940260334828,25,30,20
9,7719,0.0433440041471567,0.19926227189368967,0.03799706749863896,0.7193966564605148,25,30,20
9,7720,0.043350003310266685,0.1992622718937788,0.03799706758108353,0.7193906572148709,25,30,20
9,7721,0.04335610323835899,0.19925617225148062,0.03799706729519672,0.7193906572149638,25,30,20
9,7722,0.04335600006848209,0.19925617225149783,0.03799706855026806,0.7193907591297523,25,30,20
9,7723,0.04335574717761134,0.19925617225151407,0.037997065747930124,0.7193910148229444,25,30,20
9,7724,0.009898287312611716,0.19925617254307565,0.07145439277842576,0.7193911473658862,25,30,20
9,7725,0.009898355809872885,0.19925617254307693,0.07145439501442497,0.7193910766326244,25,30,20
9,7726,0.010136701639970514,0.1992561725473854,0.071454906295434,0.7191522195172086,25,30,20
9,7727,0.010130710063491241,0.19925617254740355,0.07146150918602193,0.719151608203082,25,30,20
9,7728,0.010370513694569483,0.19925617255166841,0.07137635553170978,0.718996958222051,25,30,20
9,7729,0.010362558791787744,0.19925617255156206,0.07137642272724495,0.7190048459294042,25,30,20
9,7730,0.010356672854549021,0.19925617255156175,0.0713764226336405,0.7190107319602476,25,30,20
9,7731,0.01035904734812773,0.19925617255172606,0.07137978694899523,0.7190049931511495,25,30,20
9,7732,0.009889327652181328,0.1997263287258427,0.0713793513233777,0.7190049922985972,25,30,20
9,7733,0.009887283862642513,0.1997263287259297,0.07137936355513651,0.7190070238562902,25,30,20
9,7734,0.009883328493872346,0.19972632872575352,0.07137934979446121,0.7190109929859118,25,30,20
9,7735,0.009877400986641945,0.19973283827710772,0.07137876773588873,0.7190109930003606,25,30,20
9,7736,0.009871376371499182,0.1997164618140564,0.07140116880964818,0.7190109930047953,25,30,20
9,7737,0.009757828964839387,0.19983053698422557,0.07140064104610845,0.7190109930048258,25,30,20
9,7738,0.009755899060355972,0.19983053698413886,0.07140063363225059,0.7190129303232534,25,30,20
9,7739,0.009757758032203216,0.1998305369842096,0.07140064174682872,0.7190110632367573,25,30,20
9,7740,0.009757757408022821,0.19983053698420863,0.07140063963092555,0.7190110659768417,25,30,20
9,7741,0.00976308890611775,0.1998305369841313,0.0713972819871851,0.7190090921225647,25,30,20
9,7742,0.009769183860252117,0.19983053698407868,0.07139728017939267,0.7190029989762753,25,30,20
9,7743,0.009761476801332504,0.1998305369839739,0.07139715781886098,0.7190108283958315,25,30,20
9,7744,0.00975559342608608,0.19983053698397424,0.07139715795331766,0.7190167116366214,25,30,20
9,7745,0.009755455803525331,0.1998305369839552,0.07140375607452966,0.7190102511379893,25,30,20
9,7746,0.009741758005468164,0.19983053698390388,0.07140375346383164,0.7190239515467961,25,30,20
9,7747,0.009755591400626146,0.19983909048671009,0.07138136656104437,0.7190239515516192,25,30,20
9,7748,0.009731157820247577,0.19985604811849939,0.07138884253438607,0.7190239515268673,25,30,20
9,7749,0.00971745157357324,0.1998560481184659,0.07138883417110847,0.7190376661368534,25,30,20
9,7750,0.009725539202005765,0.19985567586777606,0.07138111877850141,0.7190376661517179,25,30,20
9,7751,0.009728059995847143,0.19985567586983347,0.07147338106774323,0.7189428830665772,25,30,20
9,7752,0.009727958232963633,0.19985567586981623,0.07146689409196727,0.7189494718052538,25,30,20
9,7753,0.009727954524266278,0.1998556887073005,0.07146688495850072,0.7189494718099334,25,30,20
9,7754,0.009733877962459805,0.19985568870731696,0.07146688507512211,0.7189435482551019,25,30,20
9,7755,0.009741831003958527,0.1998556887073698,0.0714602892993296,0.718942190989343,25,30,20
9,7756,0.009743687147053657,0.1998534359152596,0.07146068594812138,0.7189421909895661,25,30,20
9,7757,0.00973972565659616,0.19985343591531404,0.07146069400276295,0.7189461444253276,25,30,20
9,7758,0.009744179375678074,0.19985343591754584,0.0714606508242218,0.718941733882555,25,30,20
9,7759,0.009733711074037883,0.19985343591541901,0.07136838259557843,0.7190444704149654,25,30,20
9,7760,0.009726041474815064,0.1998611184621908,0.07136836966698518,0.7190444703960097,25,30,20
9,7761,0.02369064889388102,0.2002180028860845,0.05704595066129894,0.7190453975587364,25,30,20
9,7762,0.023696954717677635,0.2002180028861603,0.05704607064667194,0.7190389717494909,25,30,20
9,7763,0.02369734338615691,0.20021800288607203,0.057045952350154014,0.719038701377618,25,30,20
9,7764,0.02369734680908277,0.2002183680534316,0.0570455837648512,0.7190387013726354,25,30,20
9,7765,0.01721746094719207,0.20021836756243172,0.06352563205080253,0.7190385394395737,25,30,20
9,7766,0.017217567535661372,0.20021836756246864,0.06352563418821904,0.7190384307136507,25,30,20
9,7767,0.017224988400479615,0.20021836756255212,0.06352563765463791,0.7190310063823301,25,30,20
9,7768,0.0173596518804266,0.20021836756896874,0.06339097844934691,0.7190310021012576,25,30,20
9,7769,0.017359546472609056,0.20021836756893155,0.06339097845268848,0.7190311075057707,25,30,20
9,7770,0.0012931005491973644,0.20066239208612577,0.07901433856559437,0.7190301687990823,25,30,20
9,7771,0.001293133704411402,0.20066239208614445,0.0790143399104303,0.7190301342990135,25,30,20
9,7772,0.001292894564188052,0.20066239208616135,0.07901434066282517,0.719030372686825,25,30,20
9,7773,0.0012969246361377235,0.20066239208609254,0.07901433472792878,0.7190263485498405,25,30,20
9,7774,0.001296917973702383,0.20066239208609185,0.07901441563146515,0.7190262743087401,25,30,20
9,7775,0.0013030237736820526,0.200640468695304,0.07903023320587421,0.7190262743251392,25,30,20
9,7776,0.0013030591316241596,0.2006089760453482,0.07906169049816263,0.7190262743248645,25,30,20
9,7777,0.0013030603797395603,0.20060897604534722,0.07906169040917824,0.7190262731657344,25,30,20
9,7778,0.0013155899770013052,0.19982999492156892,0.07982814164097833,0.7190262734604511,25,30,20
9,7779,0.0013095987136144001,0.19982999492155137,0.07982976188508205,0.719030644479752,25,30,20
9,7780,0.0013154532431413522,0.19982999492153358,0.07982976121355002,0.7190247906217748,25,30,20
9,7781,0.0013112413172912175,0.19982999491935463,0.07982969142120876,0.7190290723421452,25,30,20
9,7782,0.0013004534233203864,0.19982999491718587,0.07982455358284654,0.7190449980766469,25,30,20
9,7783,0.0013127049805848265,0.1998299949204014,0.07982712856450246,0.7190301715345113,25,30,20
9,7784,0.0015521457842542505,0.18099105429320128,0.09842662813057598,0.7190301717919725,25,30,20
9,7785,0.0015519723313402523,0.18099105429310888,0.0984265085339599,0.7190304648415947,25,30,20
9,7786,0.0015579982854807637,0.1809910542931811,0.09842651171559158,0.7190244357057501,25,30,20
9,7787,0.0015497406784455536,0.1809910542899299,0.09842392803297577,0.7190352769986522,25,30,20
9,7788,0.0020274217906915254,0.180991054296271,0.09842604152173413,0.718555482391307,25,30,20
9,7789,0.0017902448893896321,0.19985825737887894,0.07979601561707106,0.7185554821146597,25,30,20
9,7790,0.001790320124207889,0.19985825737884333,0.07979613186871727,0.718555290628231,25,30,20
9,7791,0.0017823688270749807,0.19986621730822526,0.07979612324590281,0.7185552906187964,25,30,20
9,7792,0.0017760629300644809,0.1998725260283744,0.07979612042318554,0.7185552906183754,25,30,20
9,7793,0.0017701770340441386,0.19987252602837471,0.07979612189843789,0.7185611750391432,25,30,20
9,7794,0.0017699654626492556,0.19987252602832178,0.0797961200249445,0.7185613884840844,25,30,20
9,7795,0.001531842854428778,0.1998725260239786,0.07979565269158993,0.7187999784300031,25,30,20
9,7796,0.0015299183215839352,0.19987447205215145,0.07979563120595379,0.7187999784203114,25,30,20
9,7797,0.001530053919798405,0.19863631361053474,0.08103365403974933,0.7187999784299203,25,30,20
9,7798,0.0015301289382980946,0.19739934576769216,0.08227054684994474,0.7187999784440677,25,30,20
9,7799,0.0015301302209935008,0.1973993438553608,0.08227054747498444,0.718799978448664,25,30,20
9,7800,0.0016773027754684847,0.17981408940775176,0.09970862876613246,0.7187999790506501,25,30,20
9,7801,0.002152945094006937,0.17981408941404406,0.09970905498903557,0.7183239105029162,25,30,20
9,7802,0.0021668635396379266,0.17981408941411264,0.09971376302389659,0.7183052840223557,25,30,20
9,7803,0.002032653036173547,0.17981408940769633,0.0998479702950517,0.7183052872610812,25,30,20
9,7804,0.001797193016875325,0.17981408940545301,0.09984603112288493,0.7185426864547894,25,30,20
9,7805,0.0017928254847066282,0.1810562869708855,0.09860820109418286,0.7185426864502279,25,30,20
9,7806,0.0017988510530369526,0.1810562869709405,0.09860820507517187,0.7185366569008536,25,30,20
9,7807,0.001780290697248235,0.1810707776706991,0.09861227504222202,0.7185366565898343,25,30,20
9,7808,0.0016329826592925382,0.1998936451855004,0.07993671617210402,0.7185366559831031,25,30,20
9,7809,0.0017346507455998463,0.19989374105042,0.07983487144335723,0.7185367367606226,25,30,20
9,7810,0.0017348642669787308,0.19989374105045507,0.07983486928650194,0.7185365253960642,25,30,20
9,7811,0.001728875369727085,0.1981822318567501,0.08155236738170167,0.7185365253918258,25,30,20
9,7812,0.0017425762231823197,0.19818223185678385,0.08155237184165584,0.7185228200783825,25,30,20
9,7813,0.001742712116468354,0.19818223185678538,0.0815522565655605,0.7185227994611906,25,30,20
9,7814,0.0017487330530557602,0.19817676420516558,0.08155170327593965,0.7185227994658436,25,30,20
9,7815,0.0017408869014071495,0.19817676420509586,0.0815516987376782,0.7185306501558232,25,30,20
9,7816,0.001740676140552678,0.19817676420512928,0.08155173765437804,0.7185308219999443,25,30,20
9,7817,0.0012629625802139783,0.19817676419878666,0.08154962200708565,0.719010651213918,25,30,20
9,7818,0.0012631563321886413,0.1981767641989715,0.08154967055987825,0.7190104089089654,25,30,20
9,7819,0.0025771213465127403,0.19816249626196922,0.08024997194937003,0.7190104104421517,25,30,20
9,7820,0.0025770460444434016,0.1981624962619529,0.08024997263535727,0.7190104850582503,25,30,20
9,7821,0.0025632123971500126,0.19816249626188323,0.08024996664780977,0.7190243246931601,25,30,20
9,7822,0.0025570787750295114,0.19816249626182844,0.08024996258996259,0.719030462373182,25,30,20
9,7823,0.0017129564383191506,0.19816256453854833,0.0810928252705369,0.7190316537525984,25,30,20
9,7824,0.0017131274088773884,0.19816256453862088,0.08109282956281849,0.7190314784896858,25,30,20
9,7825,0.0016395638181388597,0.19816246867429677,0.0811665738403681,0.719031393667199,25,30,20
9,7826,0.0016398054428884501,0.19987973111943244,0.0794490697708286,0.7190313936668506,25,30,20
9,7827,0.0016396702881585968,0.19987973111941582,0.07944907343301562,0.7190315251594095,25,30,20
9,7828,0.0016454167630580083,0.19987973111939758,0.07944907012881798,0.7190257819887255,25,30,20
9,7829,0.001637562091687471,0.19987973111932902,0.07944436104395199,0.7190383457450307,25,30,20
9,7830,0.014098938277147444,0.19987973480505913,0.06698297701193108,0.7190383499058614,25,30,20
9,7831,0.013654137408028778,0.19987944367691918,0.06742924060082647,0.7190371783142241,25,30,20
9,7832,0.014576005163345777,0.19987944380245434,0.06743625089099282,0.7181083001432056,25,30,20
9,7833,0.014575934741003473,0.19987924714877642,0.06743651796709249,0.718108300143126,25,30,20
9,7834,0.014569911737138255,0.19988508087079582,0.0674367072536903,0.7181083001383743,25,30,20
9,7835,0.014549382662239374,0.19988508074934422,0.06743015230967883,0.7181353842787362,25,30,20
9,7836,0.014549128966413392,0.19988508074936034,0.06743010752902165,0.7181356827552033,25,30,20
9,7837,0.014537147420565546,0.1998850807493961,0.0674301090617741,0.7181476627682631,25,30,20
9,7838,0.014531263303710797,0.1998850807493961,0.06743002659372958,0.7181536293531623,25,30,20
9,7839,0.014559207719346632,0.1998850807495204,0.06743003744154434,0.7181256740895874,25,30,20
9,7840,0.01456113607856615,0.19988508074958866,0.06743015989744242,0.7181236232744017,25,30,20
9,7841,0.014591905517739834,0.1998540798899944,0.0674303913025055,0.7181236232897592,25,30,20
9,7842,0.014604205511336859,0.19981932274350897,0.06745284844541827,0.7181236232997352,25,30,20
9,7843,0.014600174157421207,0.19981932274357742,0.06745277157959521,0.7181277315194056,25,30,20
9,7844,0.014608132627615797,0.199819322743629,0.0674527782738136,0.718119766354941,25,30,20
9,7845,0.01461426414090917,0.1998193227436127,0.06745278111859943,0.7181136319968783,25,30,20
9,7846,0.014636330203013288,0.19981932275767897,0.06782494623756614,0.7177194008017413,25,30,20
9,7847,0.014612657412309351,0.19981932275744976,0.06782492881736263,0.717743091012878,25,30,20
9,7848,0.014593673991836989,0.19981931848250922,0.06784393782351263,0.7177430697021401,25,30,20
9,7849,0.014597735755108341,0.19981931848245757,0.06784393316681854,0.7177390125956146,25,30,20
9,7850,0.014591531876678832,0.1998193184824582,0.06784393584529422,0.7177452137955678,25,30,20
9,7851,0.0021279167251723424,0.19981931480298795,0.0803075254818696,0.7177452429899743,25,30,20
9,7852,0.0022673718290321314,0.19981931480839052,0.08030797236838189,0.7176053409941997,25,30,20
9,7853,0.0013615665640983488,0.19981931480420873,0.08030975190937516,0.7185093667223221,25,30,20
9,7854,0.0013694836790265797,0.19981931480426002,0.080309756534526,0.7185014449821918,25,30,20
9,7855,0.00136944705749642,0.19981915875566306,0.08030994920890948,0.7185014449779357,25,30,20
9,7856,0.0015074424268132775,0.19983729763322242,0.0801538475764848,0.7185014123634836,25,30,20
9,7857,0.0015015541078462937,0.1998372976332222,0.08015384705918821,0.718507301199747,25,30,20
9,7858,0.0014706797212391293,0.1998685778400946,0.08015344125912983,0.7185073011795402,25,30,20
9,7859,0.0009950398935853876,0.19986857783380219,0.08015301368298566,0.7189833685896306,25,30,20
9,7860,0.0009807785268671986,0.19990475259214902,0.08013110031085643,0.7189833685701313,25,30,20
9,7861,0.0009078415646672891,0.19988697205895536,0.08022181854251975,0.7189833678338617,25,30,20
9,7862,0.0009142193991790007,0.19988697205892214,0.08022182121240158,0.7189769873295009,25,30,20
9,7863,0.0009126411493333447,0.19988697205888928,0.08021953971457071,0.7189808470772102,25,30,20
9,7864,0.0009061928098214175,0.1998869720588887,0.08021953764254422,0.7189872974887492,25,30,20
9,7865,0.0009061909527204688,0.1998872282171077,0.08021928334142998,0.7189872974887451,25,30,20
9,7866,0.0008841549030633214,0.1998872282030416,0.07984549989703218,0.7193831169968622,25,30,20
9,7867,0.0008782380550573866,0.1998872282030235,0.0798454607127225,0.7193890730291957,25,30,20
9,7868,0.0008720016657495285,0.19988722820302354,0.07984545973213263,0.719395310399093,25,30,20
9,7869,0.000878128389662325,0.19988722820305893,0.0798454613553364,0.719389182051941,25,30,20
9,7870,0.0008860845257973629,0.1998872282031099,0.07984546890531752,0.719381218365774,25,30,20
9,7871,0.0008879394579629223,0.19988722820316243,0.07984559055150499,0.7193792417873683,25,30,20
9,7872,0.000884162214717674,0.19988722820321977,0.07985034787719049,0.7193782617048712,25,30,20
9,7873,0.0008900847202612066,0.19988722820323482,0.07985034592544168,0.7193723411510615,25,30,20
9,7874,0.000896246211838076,0.19988722820329027,0.0798504319711407,0.7193660936137306,25,30,20
9,7875,0.0009021681493451433,0.19988149899943283,0.07985023923324193,0.7193660936179798,25,30,20
9,7876,0.000900241068685171,0.19988149899936458,0.07985014605371575,0.7193681138782341,25,30,20
9,7877,0.0009221345823478608,0.19988149899952215,0.07985015617187897,0.7193462102462506,25,30,20
9,7878,0.0009222015337296949,0.1998814989995234,0.0798501562441578,0.7193461432225885,25,30,20
9,7879,0.0009361726468401027,0.19988149899961244,0.07985016355381785,0.7193321647997292,25,30,20
9,7880,0.0009421937785194119,0.19988149899963115,0.07985016485833456,0.7193261423635141,25,30,20
9,7881,0.000956134239776923,0.19985983952654526,0.07985788385588168,0.7193261423777955,25,30,20
9,7882,0.0009561016939409939,0.19985983952654401,0.07985793905519659,0.7193261197243177,25,30,20
9,7883,0.000957854243561983,0.19982605913278165,0.07988996688981576,0.7193261197338399,25,30,20
9,7884,0.0008324505683767197,0.19982605912744855,0.07988960577559222,0.7194518845285822,25,30,20
9,7885,0.0008364782205063746,0.19985404905351994,0.07985758819740017,0.7194518845285731,25,30,20
9,7886,0.0008367573809378169,0.19985404905357498,0.07985759427533921,0.7194515992901477,25,30,20
9,7887,0.000821074408696884,0.19985404905341841,0.07985758371908719,0.7194672928187971,25,30,20
9,7888,0.0008210417209047656,0.19985404905338366,0.07986228331502022,0.7194626259106911,25,30,20
9,7889,0.000822680134009671,0.19985404905346674,0.07985753814790021,0.7194657326646231,25,30,20
9,7890,0.000840598159884342,0.19985404905368237,0.07985759293743698,0.7194477598489959,25,30,20
9,7891,0.0008485122102810358,0.19985404905369886,0.07985767747216858,0.7194397612638517,25,30,20
9,7892,0.0008263464139255479,0.199854049053552,0.07985762656629579,0.7194619779662268,25,30,20
9,7893,0.0008582761733554986,0.19985404905979162,0.07985974146389718,0.7194279333029557,25,30,20
9,7894,0.00086280303389843,0.19985404905974075,0.07985973847559326,0.7194234094307675,25,30,20
9,7895,0.0008547477886099987,0.1998540490596704,0.07985984825338056,0.7194313548983388,25,30,20
9,7896,0.0008487555341880694,0.19985404905968704,0.07985514739287924,0.7194420480132456,25,30,20
9,7897,0.0008492818756939357,0.19985312640959738,0.0798555437057184,0.7194420480089905,25,30,20
9,7898,0.0008612693195420646,0.1998531264095974,0.07985542714323832,0.7194301771276223,25,30,20
9,7899,0.0008552084234954565,0.1998531264095627,0.07985542766685655,0.7194362375000855,25,30,20
9,7900,0.0009734665124299034,0.19985337870907297,0.07973683770040323,0.7194363170780937,25,30,20
9,7901,0.0009670841627739124,0.19985337870907072,0.07973687439181372,0.7194426627363414,25,30,20
9,7902,0.0009668067913411549,0.1998533787090162,0.0797368703757148,0.7194429441239276,25,30,20
9,7903,0.001100677306135356,0.19971819836187923,0.07973817961833134,0.7194429447136537,25,30,20
9,7904,0.0011008528580006129,0.19971819836191304,0.07973817706701546,0.7194427717130705,25,30,20
9,7905,0.0010944432922807793,0.19972445192009114,0.07973833307011778,0.7194427717175099,25,30,20
9,7906,0.001988282153584226,0.19972445192432572,0.07974043835513336,0.7185468275669562,25,30,20
9,7907,0.001974197544686305,0.19972445192425478,0.0797403774382216,0.7185609730928367,25,30,20
9,7908,0.001978189924269958,0.19972445192443306,0.07974036468220005,0.7185569934690963,25,30,20
9,7909,0.0019642414180472577,0.1997244519243636,0.07974035767483174,0.7185709489827569,25,30,20
9,7910,0.0019781232108972884,0.1997244519244318,0.07974036164101163,0.7185570632236586,25,30,20
9,7911,0.001974271642021492,0.19972445192430827,0.07974035176638584,0.7185609246672839,25,30,20
9,7912,0.001970313290372453,0.19972445192413246,0.07974037756461824,0.7185648572208764,25,30,20
9,7913,0.001970313346952336,0.19972445192413216,0.0797402971134367,0.7185649376154791,25,30,20
9,7914,0.0019701022033882212,0.1997244519240974,0.07974029797556348,0.7185651478969511,25,30,20
9,7915,0.0019760963148876686,0.19972445192407984,0.0797450140933997,0.7185544376676326,25,30,20
9,7916,0.001848290325482968,0.19985318723056694,0.07974408536612429,0.7185544370778257,25,30,20
9,7917,0.0018706592453205623,0.19985318723274015,0.07974417161500784,0.7185319819069313,25,30,20
9,7918,0.001856814145891692,0.19985318723268825,0.0797441658300768,0.7185458327913433,25,30,20
9,7919,0.0018568169481668053,0.19986090709981652,0.0797364431655219,0.7185458327864949,25,30,20
9,7920,0.0018628060944797522,0.1998609070998345,0.07973640390397206,0.7185398829017139,25,30,20
9,7921,0.0018648386778108178,0.19986090709995927,0.07973641298983679,0.7185378412323932,25,30,20
9,7922,0.0018667686750811088,0.19986090710004653,0.07973641684130425,0.7185359073835681,25,30,20
9,7923,0.001879043397771536,0.19986090710235088,0.0797320399638731,0.7185280095360045,25,30,20
9,7924,0.0017797218113257695,0.1998605549883986,0.07983171373165546,0.7185280094686202,25,30,20
9,7925,0.0008739026257449875,0.19986055498421793,0.07982961244987044,0.7194359299401667,25,30,20
9,7926,0.0008698765004560491,0.19986402559306643,0.07983016795661302,0.7194359299498645,25,30,20
9,7927,0.0008701571110675241,0.1998416480423766,0.07985226489644073,0.719435929950115,25,30,20
9,7928,0.0007497570113200556,0.19984140010242635,0.07997299248619444,0.7194358504000588,25,30,20
9,7929,0.0016521465281413876,0.19984140010680781,0.07997342272193837,0.7185330306431115,25,30,20
9,7930,0.0016517583364467831,0.19986427810100424,0.07995093291484708,0.718533030647701,25,30,20
9,7931,0.0016517562727995513,0.19986427810099008,0.07995093469449897,0.7185330309317104,25,30,20
9,7932,0.0016438318394094978,0.1998642781009562,0.07995100573023986,0.7185408843293937,25,30,20
9,7933,0.001637977891681058,0.19986427810097404,0.07995092456806395,0.7185468194392803,25,30,20
9,7934,0.0016520640827377123,0.1998642781010453,0.07995084779498997,0.7185328100212258,25,30,20
9,7935,0.001657956278641148,0.19986427810110016,0.07995096652197728,0.71852679909828,25,30,20
9,7936,0.0016578741811655489,0.19986427810111596,0.0799541240069809,0.7185237237107361,25,30,20
9,7937,0.0016501989920341446,0.1998719641786265,0.07995411312778873,0.7185237237015493,25,30,20
9,7938,0.001656301329426277,0.19987196417859085,0.07995411804812354,0.7185176164438579,25,30,20
9,7939,0.0016504164420904136,0.19987784238535922,0.07995412472868374,0.7185176164438652,25,30,20
9,7940,0.0016442826916864886,0.19987784238537706,0.07995411851217858,0.7185237564107564,25,30,20
9,7941,0.0016383972833997182,0.19987784238537773,0.07995411859304088,0.7185296417381806,25,30,20
9,7942,0.0016447704349953293,0.1998720193061982,0.07995356852045417,0.7185296417383513,25,30,20
9,7943,0.0016447692464132272,0.19987202097207782,0.07995356804800405,0.7185296417335038,25,30,20
9,7944,0.00165048138764472,0.19987202097202433,0.0799535665314683,0.7185239311088619,25,30,20
9,7945,0.0016461758629757828,0.19987202097203935,0.07995356711847897,0.7185282360465051,25,30,20
9,7946,0.0016501990019363562,0.19987202097193316,0.07995355635738026,0.718524223668749,25,30,20
9,7947,0.0016501736141154597,0.19987202097191695,0.07995347725916815,0.7185243281547983,25,30,20
9,7948,0.0016724731671861734,0.19987202097192214,0.07995354255685588,0.7185019633040346,25,30,20
9,7949,0.0016560603533549189,0.1998720209697645,0.07995353080439012,0.7185183878724892,25,30,20
9,7950,0.0016541356874113697,0.19987202096965725,0.07995352203704599,0.7185203213058844,25,30,20
9,7951,0.0016464242488630446,0.19987202096958778,0.07995351882711346,0.7185280359544349,25,30,20
9,7952,0.0016464029987631546,0.19987202096956921,0.07995695986386311,0.7185246161678042,25,30,20
9,7953,0.0016667777561100436,0.19921795388012403,0.08059065188366654,0.7185246164801009,25,30,20
9,7954,0.0016664981922312283,0.19921822241871445,0.08059066290436002,0.7185246164846959,25,30,20
9,7955,0.0016284033879112078,0.19921822241241974,0.08058865787041386,0.7185647163292569,25,30,20
9,7956,0.0016422431404941205,0.1992042573162783,0.08058878320938156,0.7185647163338477,25,30,20
9,7957,0.0016502294006066776,0.19920425731640307,0.08058879168789353,0.7185567215950978,25,30,20
9,7958,0.001650223314002144,0.19920427694444437,0.0805887760029269,0.7185567237386283,25,30,20
9,7959,0.0017791307938686187,0.199204276948537,0.08058896407569399,0.7184276281819014,25,30,20
9,7960,0.001855201294280888,0.19920425108361475,0.08051292156385592,0.7184276260582494,25,30,20
9,7961,0.002095957446711898,0.19920425109090073,0.08052272441839924,0.7181770670439889,25,30,20
9,7962,0.0013308223136517298,0.19920425109185044,0.08052272673770773,0.7189421998567908,25,30,20
9,7963,0.0013308265492841828,0.19920425109185108,0.08052272677247066,0.7189421955863952,25,30,20
9,7964,0.0013289712872638678,0.1992042510918004,0.08065175610541447,0.7188150215155218,25,30,20
9,7965,0.001329253486801454,0.19920395765550306,0.08065176732754661,0.7188150215301498,25,30,20
9,7966,0.001329353083758458,0.199203957655539,0.08052273807685008,0.718943951183854,25,30,20
9,7967,0.0013511442224742208,0.19920395765764165,0.08052279597245854,0.718922102147427,25,30,20
9,7968,0.0013509062944771567,0.19920325770430142,0.0805237338442581,0.7189221021569646,25,30,20
9,7969,0.0013450478307178943,0.19920325770433556,0.08052385213452577,0.7189278423304226,25,30,20
9,7970,0.0012037302883835823,0.19920325769905606,0.08052342434627598,0.7190695876662864,25,30,20
9,7971,0.0012035568591760072,0.19920343547548172,0.08052342001359929,0.7190695876517449,25,30,20
9,7972,0.002537380054310229,0.19920343547581465,0.08052388276866541,0.7177353017012118,25,30,20
9,7973,0.0025372740392449887,0.19920343547579708,0.08052388250542002,0.7177354079795396,25,30,20
9,7974,0.0025452265486192306,0.19920343547586808,0.0805238899958777,0.7177274479796367,25,30,20
9,7975,0.002551251750070699,0.1991979507401046,0.080523349525361,0.7177274479844651,25,30,20
9,7976,0.0025556553341820644,0.19919289973282564,0.08052399664743735,0.7177274482855565,25,30,20
9,7977,0.002547736320086006,0.1991928997327734,0.08052399058145779,0.7177353733656843,25,30,20
9,7978,0.0012075376654836433,0.19919289973243828,0.08052358143622518,0.7190759811658544,25,30,20
9,7979,0.0012035081897167307,0.1991928997324746,0.08052358694571174,0.7190800051320985,25,30,20
9,7980,0.0011975510290010009,0.19919289973250995,0.0805237030032571,0.7190858462352332,25,30,20
9,7981,0.0009568581509901257,0.1991928997252051,0.08051378412285087,0.7193364580009551,25,30,20
9,7982,0.0009364827962611592,0.19984752745247306,0.07987953207221342,0.7193364576790519,25,30,20
9,7983,0.0009331832240754971,0.19984752524921143,0.07988283377958631,0.7193364577471261,25,30,20
9,7984,0.0009436118843568793,0.1998475252544034,0.07988290060224179,0.7193259622589971,25,30,20
9,7985,0.0009355720976104014,0.19984752524929042,0.07988958975510518,0.7193273128979931,25,30,20
9,7986,0.0009294450439564532,0.19924391726699195,0.08049932480043585,0.7193273128886184,25,30,20
9,7987,0.0009274080167550925,0.19924391726713178,0.08049933698888069,0.7193293377272353,25,30,20
9,7988,0.000933505648558764,0.19924391726713148,0.08049273510234219,0.7193298419819701,25,30,20
9,7989,0.0009329160347161545,0.19924391510972925,0.08049332697580669,0.7193298418797507,25,30,20
9,7990,0.0009309860197343602,0.19924391510964162,0.0804932089054033,0.7193318899652232,25,30,20
9,7991,0.0009272722831133697,0.19924391510951903,0.08049308218516858,0.7193357304222014,25,30,20
9,7992,0.0009312856068603658,0.19924391511174774,0.08049321866786725,0.719331580613527,25,30,20
9,7993,0.000931392861861309,0.19924391511176434,0.08049322090866878,0.7193314711177081,25,30,20
9,7994,0.0366585207617586,0.19924398605494711,0.044752255961959996,0.719345237221334,25,30,20
9,7995,0.03666269587114065,0.19924398605486085,0.04475225015169002,0.7193410679223083,25,30,20
9,7996,0.036664553323536624,0.19924398605494847,0.04475225744852532,0.7193392031729892,25,30,20
9,7997,0.03666000749648789,0.19921771265653795,0.044783076941273585,0.7193392029057,25,30,20
9,7998,0.0366463096917934,0.19921771265648608,0.04478307093583455,0.719352906715886,25,30,20
9,7999,0.03665230341150825,0.1992177126565036,0.044783013675684116,0.7193469702563036,25,30,20
9,8000,0.03665429581611847,0.19921771265657484,0.044783019841019456,0.7193449716862869,25,30,20
9,8001,0.03665426291234953,0.19921771265658988,0.04478302097478834,0.7193450034562722,25,30,20
9,8002,0.04079174725060456,0.19921764171294842,0.04065937370353678,0.7193312373329102,25,30,20
9,8003,0.040785857089177195,0.19921764171294815,0.04065937366013473,0.7193371275377397,25,30,20
9,8004,0.040783892219214676,0.19921961231891416,0.04065936793365463,0.7193371275282167,25,30,20
9,8005,0.04067903487626093,0.199219612455978,0.04076416034992389,0.7193371923178372,25,30,20
9,8006,0.04053175490743803,0.19921961244958095,0.040763632745170204,0.7194849998978116,25,30,20
9,8007,0.040537791526233206,0.19921961245377445,0.040763765420289026,0.7194788305997041,25,30,20
9,8008,0.04053435875256746,0.19921961245367156,0.040763838558266714,0.7194821902354949,25,30,20
9,8009,0.04051181610752578,0.19921961245363018,0.04076377362288301,0.7195047978159613,25,30,20
9,8010,0.03695221737863267,0.19921961232028773,0.04432343692804818,0.7195047333730317,25,30,20
9,8011,0.0369741145371585,0.19919770390589162,0.04432344816479697,0.7195047333921533,25,30,20
9,8012,0.036960277311914175,0.19919770390582278,0.04432344226029137,0.719518576521972,25,30,20
9,8013,0.03697466263313098,0.19919770390588024,0.04432336136404468,0.719504272096944,25,30,20
9,8014,0.03698068943546405,0.19919770390595157,0.044323366938083704,0.7194982397205005,25,30,20
9,8015,0.0369805468834207,0.1991977039059331,0.04432336413607377,0.7194983850745729,25,30,20
9,8016,0.037901776142244686,0.19919770390610148,0.04432529259828355,0.7185752273533703,25,30,20
9,8017,0.03790734757879006,0.1991977039060288,0.04432520573910526,0.7185697427760759,25,30,20
9,8018,0.03791333969073314,0.19919770390601158,0.04432520543798403,0.7185637509652714,25,30,20
9,8019,0.03792145067093377,0.19919042633466255,0.04432436973311022,0.7185637532612936,25,30,20
9,8020,0.037943612301551945,0.19919042633684264,0.04432432381590541,0.7185416375457003,25,30,20
9,8021,0.03795756113120983,0.19919042633691272,0.04432441052056313,0.7185276020113146,25,30,20
9,8022,0.0379496384751652,0.19919042633689582,0.044324407178735425,0.7185355280092038,25,30,20
9,8023,0.03794963664334052,0.19919042633686077,0.04432452048425272,0.7185354165355463,25,30,20
9,8024,0.03796341231138976,0.1991904263369132,0.044324640319057224,0.7185215210326403,25,30,20
9,8025,0.03796337671771798,0.19919043069934358,0.044324671554548944,0.71852152102839,25,30,20
9,8026,0.03795957401494444,0.19919043069715084,0.04432453401276303,0.7185254612751422,25,30,20
9,8027,0.03794356670909246,0.1991904306949931,0.044324470022882936,0.7185415325730314,25,30,20
9,8028,0.03793767081490402,0.199190430690819,0.0443243401744916,0.7185475583197853,25,30,20
9,8029,0.03792974980600641,0.19919043069073183,0.04432421809435612,0.7185556014089056,25,30,20
9,8030,0.03816048707888611,0.19919043070113923,0.04432734394961187,0.7183217382703627,25,30,20
9,8031,0.0381686091578867,0.19918243732434807,0.044327215237556644,0.7183217382802087,25,30,20
9,8032,0.03816257937249361,0.19918243732436394,0.04432721497884181,0.7183277683243009,25,30,20
9,8033,0.038162858233689485,0.1991824373244544,0.04432725953979315,0.7183274449020628,25,30,20
9,8034,0.038156969920996466,0.1991824373244535,0.04432726203153969,0.71833333072301,25,30,20
9,8035,0.03814878101311395,0.19919073813856997,0.044327152430873616,0.7183333284174422,25,30,20
9,8036,0.038142682710655296,0.19919073813856902,0.0443271523458696,0.7183394268049059,25,30,20
9,8037,0.03812716941285839,0.1992057012677856,0.04432770252837434,0.7183394267909814,25,30,20
9,8038,0.03812709911735356,0.1992057012678923,0.04432779109662351,0.7183394085181304,25,30,20
9,8039,0.03813717431527422,0.199195389889406,0.044328026443584634,0.718339409351735,25,30,20
9,8040,0.03813906972518662,0.19919538988947827,0.04432803230681413,0.7183375080785207,25,30,20
9,8041,0.03813944974379542,0.1998047550015964,0.043718287176144364,0.7183375080784634,25,30,20
9,8042,0.03858150914477679,0.19980500026275408,0.04327598017741633,0.7183375104150526,25,30,20
9,8043,0.03857555136367906,0.19980500026278972,0.0432759819810203,0.7183434663925103,25,30,20
9,8044,0.03814750485681706,0.19981891402298746,0.0436901163165497,0.7183434648036452,25,30,20
9,8045,0.038148106618720375,0.19981891402614768,0.04369015454166523,0.718342824813466,25,30,20
9,8046,0.03790339382287567,0.19981891401565244,0.0436870219781331,0.718590670183338,25,30,20
9,8047,0.037907529562354256,0.19981891401556545,0.043687013642736534,0.7185865427793431,25,30,20
9,8048,0.03790153829188754,0.19979343734135646,0.04371848158731785,0.7185865427794375,25,30,20
9,8049,0.03789515447098588,0.19980037228595865,0.043717930468733436,0.7185865427743213,25,30,20
9,8050,0.03788979468867191,0.19980037228601474,0.0437178573069646,0.7185919757183483,25,30,20
9,8051,0.037919599130307874,0.19980037228622705,0.04371787758697203,0.7185621509964929,25,30,20
9,8052,0.037949903220041145,0.19980037228840655,0.04371793872410414,0.7185317857674478,25,30,20
9,8053,0.03793393233653212,0.199800372288264,0.04372262345025774,0.7185430719249459,25,30,20
9,8054,0.03840331121539469,0.19980037229349631,0.04385095143778514,0.7179453650533234,25,30,20
9,8055,0.038389030211195545,0.1998003722934385,0.043850918437521466,0.7179596790578437,25,30,20
9,8056,0.03838864861240731,0.19980037229338468,0.043850996516183606,0.717959982578024,25,30,20
9,8057,0.03877287584370957,0.19980037230606526,0.04385216260920429,0.7175745892410201,25,30,20
9,8058,0.03877943380188671,0.19980037230610392,0.04385216124317271,0.7175680326488358,25,30,20
9,8059,0.03788855721931529,0.19980037231023404,0.04385025483073683,0.7184608156397131,25,30,20
9,8060,0.037894447004660985,0.19978619047126897,0.043858546884167106,0.7184608156399024,25,30,20
9,8061,0.037891952546300886,0.199786190471348,0.043851808741131565,0.7184700482412193,25,30,20
9,8062,0.037893981087981,0.19978619047147347,0.04385181661152141,0.7184680118290241,25,30,20
9,8063,0.03787812473796606,0.19978619046934967,0.043851752785278544,0.7184839320074053,25,30,20
9,8064,0.037853623572961057,0.19978619046501536,0.0438516947038098,0.7185084912582134,25,30,20
9,8065,0.037475775194474197,0.19978619045233661,0.04385053187107716,0.7188875024821116,25,30,20
9,8066,0.037489683878912806,0.19916220769682494,0.04446060592812759,0.7188875024961345,25,30,20
9,8067,0.03748982556823777,0.19916220769661253,0.044460585025251936,0.7188873817098975,25,30,20
9,8068,0.03748615298705166,0.19916220769647183,0.04446057347060515,0.7188910658458709,25,30,20
9,8069,0.026419154205899513,0.1994530461337185,0.055152470107941165,0.7189753295524407,25,30,20
9,8070,0.026419294263954177,0.19945304613375472,0.05514785621595768,0.7189798033863336,25,30,20
9,8071,0.026413335019538645,0.19945304613373815,0.055147775055627755,0.7189858437910955,25,30,20
9,8072,0.025947247418958663,0.19945304612855425,0.05501941757941672,0.7195802888730707,25,30,20
9,8073,0.025943535027833194,0.19945304612865414,0.055019410217717,0.719584008625796,25,30,20
9,8074,0.02594321635717055,0.19945304612861456,0.05501936073831137,0.7195843767759037,25,30,20
9,8075,0.025943355978663,0.19945304612861547,0.05501944477503871,0.7195841531176829,25,30,20
9,8076,0.025937083197769197,0.1994530461286318,0.05501952432829662,0.7195903463453027,25,30,20
9,8077,0.03696066917477333,0.19916220770530008,0.04437102786000352,0.7195060952599232,25,30,20
9,8078,0.036966663841331085,0.19916220770528256,0.04437094514947514,0.7195001833039114,25,30,20
9,8079,0.036966413795242035,0.19916220770529972,0.04437091440311387,0.7195004640963445,25,30,20
9,8080,0.037868163954475384,0.19916220770947848,0.04437145825959158,0.7185981700764547,25,30,20
9,8081,0.038343910335938446,0.19916220771379353,0.044371831328459975,0.7181220506218079,25,30,20
9,8082,0.038349441325622784,0.19916220771061582,0.04437179382510826,0.7181165571386532,25,30,20
9,8083,0.03834933809938154,0.19916220771063395,0.04437341573089,0.7181150384590949,25,30,20
9,8084,0.03832474370440484,0.19916220770834736,0.04437330777436603,0.7181397408128819,25,30,20
9,8085,0.03832449833609875,0.19916220770836396,0.0443732240612018,0.7181400698943357,25,30,20
9,8086,0.03833049476479985,0.19916220770832985,0.044377924053312395,0.7181293734735581,25,30,20
9,8087,0.038336662084195866,0.19918695566054836,0.04434700878204154,0.7181293734732144,25,30,20
9,8088,0.03833080726815247,0.19918695566058567,0.044346930806295905,0.7181353062649662,25,30,20
9,8089,0.038786636345986815,0.19918703934985477,0.04389101793428505,0.7181353063698737,25,30,20
9,8090,0.037884511942513736,0.1991870393456489,0.043892091793292336,0.7190363569185453,25,30,20
9,8091,0.0378804449775011,0.1991870393457252,0.043890476471973285,0.7190420392048007,25,30,20
9,8092,0.037862387799333715,0.19920514235515654,0.04389043148391402,0.719042038361596,25,30,20
9,8093,0.037400616875336974,0.19920514235092932,0.0438900651297807,0.7195041756439534,25,30,20
9,8094,0.037396481229652924,0.19920514235101688,0.04389007141786948,0.7195083050014608,25,30,20
9,8095,0.03739210596198982,0.19920514235081066,0.04388998766970595,0.7195127640174936,25,30,20
9,8096,0.037392069253228584,0.19920514235086403,0.04388999260907815,0.7195127957868293,25,30,20
9,8097,0.03692254501488091,0.19919089527830347,0.044373764743842505,0.7195127949629735,25,30,20
9,8098,0.03691641847918781,0.1991908952783204,0.04437376401377311,0.7195189222287189,25,30,20
9,8099,0.036912143195678176,0.1991957093138809,0.04437322525220025,0.719518922238241,25,30,20
9,8100,0.03690405356990658,0.19919570931379207,0.04437549581897573,0.7195247412973259,25,30,20
9,8101,0.03689809989941901,0.19919570931375616,0.04438209369297257,0.7195240970938525,25,30,20
9,8102,0.03689221022186497,0.19919570931375616,0.04438213568854334,0.7195299447758359,25,30,20
9,8103,0.04063053718710212,0.19919570930243968,0.0406438216532408,0.7195299318572175,25,30,20
9,8104,0.041094587920395415,0.19919570930774438,0.04064426610275232,0.7190654366691082,25,30,20
9,8105,0.04109287137529114,0.19919570930769306,0.04064437734234844,0.7190670419746674,25,30,20
9,8106,0.04108702138667452,0.19923302232767115,0.04061291434011007,0.7190670419455446,25,30,20
9,8107,0.04108731258117719,0.19923302233491502,0.040610775131685026,0.7190688899522232,25,30,20
9,8108,0.04110122715638042,0.1992330223351087,0.04061548668070979,0.7190502638278014,25,30,20
9,8109,0.041101299568424565,0.19923200745360325,0.04061642912565075,0.7190502638523217,25,30,20
9,8110,0.04109541052033887,0.19923200745360176,0.04061480755092012,0.7190577744751397,25,30,20
9,8111,0.041101263424090276,0.19923200745383177,0.04061482905549982,0.7190519000665784,25,30,20
9,8112,0.041096950579981424,0.19863489043733876,0.04121625890693185,0.719051900075748,25,30,20
9,8113,0.04110287189378777,0.19862897281771527,0.04121625519804029,0.7190519000904568,25,30,20
9,8114,0.04110272561119141,0.1986289728179461,0.04121631374487376,0.719051987825989,25,30,20
9,8115,0.041102900289627,0.19862897281775027,0.041216257275817805,0.7190518696168052,25,30,20
9,8116,0.04110666563100323,0.1986289728179293,0.04121782867633638,0.7190465328747314,25,30,20
9,8117,0.04110652717543493,0.19862897281791153,0.04121782688169333,0.7190466731249606,25,30,20
9,8118,0.04109261312560058,0.19862897281771721,0.04121311790827432,0.7190652961484081,25,30,20
9,8119,0.041090653791348714,0.1986289728177545,0.04121539274053292,0.7190649806503642,25,30,20
9,8120,0.041104490091041744,0.1986289728178411,0.041211074911596896,0.7190554621795207,25,30,20
9,8121,0.041098634343343265,0.19862897281789357,0.04120637571643968,0.7190660171223238,25,30,20
9,8122,0.04110062433935174,0.19862897281798336,0.041206383224797534,0.7190640196178673,25,30,20
9,8123,0.04110650582267232,0.19862897281798358,0.041206383718247405,0.7190581376410965,25,30,20
9,8124,0.041102547763452214,0.19862897281809244,0.041206392588518034,0.7190620868299372,25,30,20
9,8125,0.04110050173425653,0.19862897281798197,0.04120471120457361,0.7190658142431876,25,30,20
9,8126,0.04110242799287797,0.19862897281803632,0.04120467818726547,0.7190639210018196,25,30,20
9,8127,0.041116320112718256,0.198643662821486,0.04117609609296915,0.7190639209728268,25,30,20
9,8128,0.040049087846328844,0.19864366494384167,0.04224331954034069,0.7190639276694882,25,30,20
9,8129,0.04004922830606052,0.19864366494389707,0.04224343432463338,0.7190636724254084,25,30,20
9,8130,0.04006127938382585,0.19863216155200936,0.04224288665307708,0.7190636724110869,25,30,20
9,8131,0.04006694870008574,0.1986321615519706,0.04224288325827594,0.7190580064896668,25,30,20
9,8132,0.040061024365231394,0.19863216155195432,0.04224296807970226,0.719063846003111,25,30,20
9,8133,0.04006895382644325,0.19862383659922284,0.042243363581246765,0.7190638459930863,25,30,20
9,8134,0.04006306591953157,0.1986238365992088,0.04224348184153099,0.719069615639728,25,30,20
9,8135,0.04051864687184113,0.19860939657076485,0.041802340055600115,0.719069616501793,25,30,20
9,8136,0.04051055675261895,0.19861789490435391,0.04180193186095923,0.719069616482067,25,30,20
9,8137,0.04051101780159959,0.19861789490441184,0.04180193605655905,0.7190691512374285,25,30,20
9,8138,0.04004696769964414,0.19861789489910744,0.04180153214567289,0.719533605255574,25,30,20
9,8139,0.04003902008907998,0.19923578807870693,0.04119158659091337,0.7195336052412984,25,30,20
9,8140,0.04004297877062421,0.19923578807859843,0.04119157976092906,0.719529653389847,25,30,20
9,8141,0.04004101802359125,0.19923772580278373,0.04119160279313888,0.7195296533804855,25,30,20
9,8142,0.040041164991575624,0.1992377258028726,0.04119169243593597,0.7195294167696146,25,30,20
9,8143,0.04002746874382302,0.19923772580280383,0.04118940910472287,0.7195453963486493,25,30,20
9,8144,0.040027856234371134,0.19923772580278779,0.041189409426987594,0.7195450085358525,25,30,20
9,8145,0.04017756296797875,0.1992377258133197,0.041189943849812616,0.7193947673688882,25,30,20
9,8146,0.040176998318882974,0.19923772581324461,0.041189940728296896,0.719395335139575,25,30,20
9,8147,0.041171666873092906,0.1992377241345245,0.0401944204868441,0.7193961885055379,25,30,20
9,8148,0.041171596808245246,0.1992377241344857,0.04019430178107781,0.7193963772761903,25,30,20
9,8149,0.041163769181259316,0.1992455600452392,0.04019429350667651,0.7193963772668245,25,30,20
9,8150,0.04116969540995541,0.19924556004525512,0.04019420816298933,0.7193905363817996,25,30,20
9,8151,0.04116983503582514,0.19924556004528735,0.04019409055088765,0.7193905143679988,25,30,20
9,8152,0.041173864238815236,0.19924556004520066,0.040194083371259126,0.7193864923447237,25,30,20
9,8153,0.04140588345318543,0.1992455600452501,0.0401943174306775,0.7191542390708857,25,30,20
9,8154,0.04141159745846887,0.1992455600451956,0.04019431301276879,0.7191485294835658,25,30,20
9,8155,0.04094773194904345,0.19924531745771096,0.040658421971784105,0.71914852862146,25,30,20
9,8156,0.040947869346929816,0.19985491657947133,0.04004868545222258,0.7191485286213747,25,30,20
9,8157,0.04095583057441417,0.19982494782387047,0.04007069296089855,0.7191485286408152,25,30,20
9,8158,0.040949943419171915,0.19983096922092547,0.04007055871891145,0.7191485286409899,25,30,20
9,8159,0.04093596148764605,0.19986679760058113,0.04004871228545436,0.7191485286263171,25,30,20
9,8160,0.04093596024369459,0.1998667976005834,0.040048829227099646,0.7191484129286211,25,30,20
9,8161,0.040943971901511424,0.19985859313097937,0.040049022029410464,0.7191484129380977,25,30,20
9,8162,0.04094613992939616,0.1998585931350646,0.040046796333847716,0.7191484706016905,25,30,20
9,8163,0.040952021635071306,0.19985325687225441,0.04004625089575049,0.7191484705969228,25,30,20
9,8164,0.03528044977170074,0.19985326004410947,0.04571818750287873,0.7191481026813098,25,30,20
9,8165,0.0352744890679412,0.19985326004409162,0.045718192371836254,0.7191540585161296,25,30,20
9,8166,0.035274841995779606,0.19985326004621992,0.04572047455520871,0.7191514234027904,25,30,20
9,8167,0.03528083905098812,0.19985326004620366,0.04572050284501615,0.7191453980577908,25,30,20
9,8168,0.035280976148480477,0.19985326004620432,0.04572058871541052,0.7191451750899036,25,30,20
9,8169,0.03527855438033735,0.19985326004634413,0.04572059819260926,0.7191475873807085,25,30,20
9,8170,0.03527049599619225,0.1998615137369159,0.04572040288583017,0.7191475873810613,25,30,20
9,8171,0.03526474763448102,0.19986151373694938,0.04572028854822656,0.7191534500803425,25,30,20
9,8172,0.035264819169394224,0.19986151373689648,0.04572020319385341,0.7191534638998549,25,30,20
9,8173,0.03526467672448753,0.19986151373687736,0.04572020172775042,0.7191536078108838,25,30,20
9,8174,0.035264820469423835,0.1998615137368774,0.04572020736494259,0.7191534584287553,25,30,20
9,8175,0.035272776845654455,0.19986151373677122,0.04572019635674695,0.7191455130608267,25,30,20
9,8176,0.035288471256240884,0.19986151373691155,0.045720122609703734,0.7191298923971432,25,30,20
9,8177,0.03529442901575234,0.19985555931256102,0.04572011927471134,0.7191298923969747,25,30,20
9,8178,0.03530017672142571,0.19985555931254217,0.04572011992349527,0.7191241440425358,25,30,20
9,8179,0.03530007060429348,0.19985555931252555,0.04572020115694882,0.7191241689262313,25,30,20
9,8180,0.03529611741145859,0.19985555931231316,0.04572018481289263,0.719128138463335,25,30,20
9,8181,0.03528810582675681,0.1998637647369712,0.0457199909778087,0.719128138458463,25,30,20
9,8182,0.03528852718844479,0.19986376473702755,0.045719996573655275,0.7191277115008724,25,30,20
9,8183,0.03528067568881675,0.19986376473686795,0.045719984298160224,0.7191355752761549,25,30,20
9,8184,0.03529461302958147,0.19986376473697273,0.04572161324578861,0.7191200089876572,25,30,20
9,8185,0.035288472864624706,0.19986376473006343,0.04572622198044415,0.7191215404248673,25,30,20
9,8186,0.035288091045849755,0.19986376472793568,0.045723934661557414,0.7191242095646566,25,30,20
9,8187,0.03528214307225145,0.19986971910462034,0.04572392825819965,0.7191242095649281,25,30,20
9,8188,0.035282282674853664,0.19986971910470952,0.045723894200731884,0.7191241040197045,25,30,20
9,8189,0.03528249816464526,0.19986951415326706,0.0457238836717366,0.7191241040103507,25,30,20
9,8190,0.03527836619014457,0.1998695141490041,0.04572382133326211,0.7191282983275887,25,30,20
9,8191,0.035284350464065216,0.1998635115622102,0.045723839646321957,0.7191282983274021,25,30,20
9,8192,0.035294335845312476,0.1998635115621736,0.04572383649666631,0.7191183160958472,25,30,20
9,8193,0.03529422473345509,0.19986351156218984,0.045723808202466715,0.7191184555018876,25,30,20
9,8194,0.035779586843146284,0.199863511566595,0.045724144810152544,0.7186327567801051,25,30,20
9,8195,0.03579353482730058,0.19986351156880647,0.04572422400913273,0.7186187295947594,25,30,20
9,8196,0.035809507267253335,0.1998635115709457,0.0457242853441832,0.718602695817617,25,30,20
9,8197,0.03580548187272607,0.19986351157105242,0.04572429202355679,0.7186067145326643,25,30,20
9,8198,0.03579177751837312,0.1998635115688941,0.04572421427517071,0.7186204966375617,25,30,20
9,8199,0.03579830287200711,0.19986351156895144,0.04572424614059057,0.7186139394184505,25,30,20
9,8200,0.03579816660484331,0.19986351156891732,0.045724244414843594,0.7186140774113955,25,30,20
9,8201,0.03579831207936439,0.199863511568989,0.04572424965210034,0.7186139266995463,25,30,20
9,8202,0.035791860960968654,0.19986351156894858,0.045724214998969455,0.7186204124711133,25,30,20
9,8203,0.03579185905042268,0.1998635115689473,0.04572421414854416,0.7186204152320859,25,30,20
9,8204,0.0359072438716689,0.1998635115690909,0.04572448236899751,0.7185047621902423,25,30,20
9,8205,0.035913406481634935,0.19985695734850295,0.04572487397945833,0.7185047621904033,25,30,20
9,8206,0.03591364955564294,0.19985671125991256,0.04572487699855965,0.7185047621858845,25,30,20
9,8207,0.03547402486162953,0.19985671125582502,0.04599036818252292,0.7186788957000223,25,30,20
9,8208,0.03547413063126011,0.19985648893512406,0.04599048473350385,0.718678895700112,25,30,20
9,8209,0.03546806947148492,0.1998399878978157,0.04601304693050076,0.7186788957001987,25,30,20
9,8210,0.035454235039113276,0.19983998789772908,0.04601304361562249,0.718692733447535,25,30,20
9,8211,0.03545394941870889,0.199839987897638,0.04601306393923709,0.7186929987444158,25,30,20
9,8212,0.03530231815636434,0.19983998788705284,0.04601912458402177,0.7188385693725604,25,30,20
9,8213,0.03527046499029949,0.19983998788684051,0.04575333870692273,0.7191362084159367,25,30,20
9,8214,0.0352626846891298,0.19983998788669902,0.04575791467599884,0.7191394127481717,25,30,20
9,8215,0.03527063833609965,0.1998399878866993,0.04613068029860583,0.7187586934785947,25,30,20
9,8216,0.03719180574090304,0.19983998427988234,0.04421000024400744,0.7187582097352063,25,30,20
9,8217,0.037197937613270414,0.19983998427986482,0.04421000200782989,0.7187520760990341,25,30,20
9,8218,0.0371998272932931,0.19983998427963723,0.04420526323066001,0.7187549251964086,25,30,20
9,8219,0.03719962411388829,0.1998631303024495,0.04418232038741476,0.7187549251962464,25,30,20
9,8220,0.0371997271052371,0.19986313030246577,0.044182322041138526,0.7187548205511574,25,30,20
9,8221,0.03719975921368246,0.19986313030248273,0.04417583516386361,0.7187612753199701,25,30,20
9,8222,0.03721359612388589,0.19986313030262376,0.04417584539341957,0.7187474281800698,25,30,20
9,8223,0.03721349254169008,0.1998631303026065,0.044175816680246685,0.7187475604754558,25,30,20
9,8224,0.03720732242593952,0.19986313030260805,0.04417581677943017,0.7187537304920214,25,30,20
9,8225,0.03720521961891608,0.199863130302787,0.04417591322541306,0.718755736852883,25,30,20
9,8226,0.03720928533924349,0.1998631303026621,0.0441759042040161,0.7187516801540775,25,30,20
9,8227,0.037665172594713685,0.19986313030883315,0.044174699806735856,0.7182969972897166,25,30,20
9,8228,0.03766716522702414,0.19983874535607493,0.0441970921078853,0.718296997309015,25,30,20
9,8229,0.03766716202155342,0.1998387453560743,0.04419708743400294,0.7182970051883685,25,30,20
9,8230,0.03766715883607827,0.19983874535603793,0.04419708621325194,0.7182970095946309,25,30,20
9,8231,0.03766705351700159,0.1998387453560032,0.04419697131979138,0.718297229807203,25,30,20
9,8232,0.03303377337367813,0.19984024412422186,0.04881384822331481,0.7183121342787847,25,30,20
9,8233,0.03301783306316,0.19984024412409773,0.04881383632248248,0.718328086490259,25,30,20
9,8234,0.03301804456440037,0.19984024412415033,0.048813837221065325,0.7183278740903831,25,30,20
9,8235,0.03301796930726698,0.19984024412413398,0.048813837983633264,0.7183279485849653,25,30,20
9,8236,0.03301208588938347,0.1998402441241349,0.048813838050906805,0.7183338319355744,25,30,20
9,8237,0.032896281908086036,0.1998402441239354,0.04882016679407209,0.718443307173906,25,30,20
9,8238,0.03291196600973863,0.19984024412409387,0.04882028930398344,0.7184275005621835,25,30,20
9,8239,0.03244227442290851,0.19984024411785398,0.04881986638666555,0.7188976150725713,25,30,20
9,8240,0.03244426975411264,0.19984024411783932,0.048819902081151716,0.7188955840468957,25,30,20
9,8241,0.032446023115824216,0.19984024411789278,0.04881990630508502,0.7188938264611973,25,30,20
9,8242,0.04090213725546788,0.19983874534004628,0.040380203831513445,0.7188789135729716,25,30,20
9,8243,0.04089626479046955,0.19983874534445176,0.0403860754054522,0.7188789144596258,25,30,20
9,8244,0.040892379831842816,0.1998387453442903,0.04038597983568271,0.7188828949881838,25,30,20
9,8245,0.04088439166704913,0.19983874534418306,0.04001320738540147,0.7192636556033659,25,30,20
9,8246,0.04112862161260033,0.19983874534850887,0.04014242466498292,0.7188902083739072,25,30,20
9,8247,0.04112861781353368,0.1998387453485095,0.040142424135303986,0.7188902127026522,25,30,20
9,8248,0.04108548861540253,0.19983875940284354,0.04018451875354872,0.7188912332282045,25,30,20
9,8249,0.0410993241961222,0.19983875940291337,0.04017792223499257,0.7188839941659712,25,30,20
9,8250,0.041099292021641344,0.19983875940291218,0.040177922159786904,0.7188840264156587,25,30,20
9,8251,0.04109319073386896,0.19984485841646482,0.0401779244201525,0.7188840264295133,25,30,20
9,8252,0.04108733558967024,0.1998503228439725,0.040178315136347856,0.718884026430009,25,30,20
9,8253,0.04109319252766886,0.199837125870752,0.040185655172063475,0.7188840264295152,25,30,20
9,8254,0.041091201113125385,0.19983712587076843,0.04018565008609507,0.7188860229300106,25,30,20
9,8255,0.04086496007400773,0.19983712587048583,0.04018531562584602,0.7191125984296605,25,30,20
9,8256,0.040858968454775865,0.19983712587050334,0.0401853159741544,0.7191185897005664,25,30,20
9,8257,0.04087904059033066,0.19857961836335292,0.041422751339965334,0.7191185897063511,25,30,20
9,8258,0.04087918305676093,0.1985796183634424,0.04142275789186394,0.7191184406879327,25,30,20
9,8259,0.024983837573555944,0.19858189540273286,0.0573166748029416,0.7191175922207698,25,30,20
9,8260,0.024977633716300823,0.19855663194357098,0.057348142119441274,0.7191175922206873,25,30,20
9,8261,0.024983591462914446,0.19858157697442935,0.05731723933737467,0.7191175922252819,25,30,20
9,8262,0.025206384542648844,0.19858157697668685,0.05731774329120871,0.7188942951894555,25,30,20
9,8263,0.025206136788805435,0.1985819595725683,0.05731760844450021,0.7188942951941261,25,30,20
9,8264,0.025206275707180047,0.19858195957258704,0.0573176111097415,0.7188941536104915,25,30,20
9,8265,0.02520627515535673,0.1985819595726424,0.05731761522251162,0.7188941500494893,25,30,20
9,8266,0.025210022071889143,0.19858195957271277,0.05769048101813814,0.7185175373372601,25,30,20
9,8267,0.0252100110634848,0.1985819595727488,0.0576927611670971,0.7185152681966693,25,30,20
9,8268,0.025202441889234355,0.1985819595725921,0.057692753448962374,0.7185228450892113,25,30,20
9,8269,0.02520268932172961,0.1985819595725758,0.05769278274353701,0.7185225683621571,25,30,20
9,8270,0.02524047828729514,0.1985819595728033,0.057692800967994076,0.7184847611719072,25,30,20
9,8271,0.025234590992513885,0.19858841580728195,0.057692232032973474,0.7184847611672304,25,30,20
9,8272,0.025236447242478185,0.1985884158073342,0.057692237730455925,0.7184828992197315,25,30,20
9,8273,0.025230313287611727,0.19858841580735107,0.057690725930734085,0.7184905449743028,25,30,20
9,8274,0.025224146901255507,0.19858841580752948,0.057690816332265325,0.7184966209589493,25,30,20
9,8275,0.025224148822990858,0.19859615413107068,0.057683076086987646,0.7184966209589504,25,30,20
9,8276,0.025220285685724854,0.19983735325866583,0.05644573979676249,0.7184966212588465,25,30,20
9,8277,0.025182502166551952,0.19983735325838264,0.0564457154733989,0.7185344291016662,25,30,20
9,8278,0.024509721042848792,0.19983506216046115,0.05712095924121925,0.7185342575554705,25,30,20
9,8279,0.024515502421787842,0.19983506216029936,0.05712086496544608,0.7185285704524663,25,30,20
9,8280,0.024521278131578107,0.19983506216029837,0.057493704749619845,0.7181499549585033,25,30,20
9,8281,0.024521352089678157,0.19983506216026303,0.05712094570787633,0.7185226400421821,25,30,20
9,8282,0.024535335920979496,0.1998350621603347,0.057119384346689256,0.7185102175719962,25,30,20
9,8283,0.02453936381436391,0.19983506216026492,0.05711937696576957,0.7185061970596014,25,30,20
9,8284,0.02452552782661014,0.19983506216021374,0.057119412985031676,0.7185199970281443,25,30,20
9,8285,0.024541366744208128,0.19983506216033592,0.05711714464938068,0.718506426446075,25,30,20
9,8286,0.024541373573702438,0.19983505541403887,0.057117144566014584,0.7185064264462439,25,30,20
9,8287,0.024543669812564273,0.19984376173755702,0.05710614199852042,0.7185064264513572,25,30,20
9,8288,0.0245436691840119,0.19984376173755666,0.05710614243797386,0.7185064266404566,25,30,20
9,8289,0.024543917872465508,0.19984376173761054,0.057107768772016884,0.7185045516179056,25,30,20
9,8290,0.024543952130308026,0.1998437264968277,0.05710776975019613,0.7185045516226671,25,30,20
9,8291,0.040673194189815465,0.1998437264913941,0.040978529113020266,0.7185045502057689,25,30,20
9,8292,0.04068902237314826,0.19984372649157012,0.0409785441717829,0.7184887069634978,25,30,20
9,8293,0.040688992824135066,0.19984356696920652,0.04097873324791518,0.7184887069587422,25,30,20
9,8294,0.04067309355753665,0.19984356696910272,0.040978637045755335,0.7185047024276042,25,30,20
9,8295,0.04043492517502742,0.19984356696481037,0.04084941928530406,0.7188720885748573,25,30,20
9,8296,0.04043692237210115,0.19984356696488423,0.04084942562361433,0.7188700850393996,25,30,20
9,8297,0.04043692116329289,0.1998435669651329,0.040849446517946995,0.7188700653536266,25,30,20
9,8298,0.04043730635158278,0.19983543263308795,0.04085719566118958,0.7188700653541394,25,30,20
9,8299,0.040443256317438954,0.1995086874729452,0.041177990826543776,0.7188700653830717,25,30,20
9,8300,0.04093121115866298,0.199508687472925,0.040690035998531764,0.71887006536988,25,30,20
9,8301,0.0409553353811786,0.1995086874781466,0.04069013898641294,0.7188458381542615,25,30,20
9,8302,0.040933441720739545,0.199508687477989,0.040690127666070296,0.7188677431352011,25,30,20
9,8303,0.040929552327668935,0.1995086874778288,0.040317255347464664,0.7192445048470375,25,30,20
9,8304,0.040925596595067636,0.19950868747768677,0.04031724506469838,0.7192484708625472,25,30,20
9,8305,0.04093592079480181,0.19952060595898102,0.04029500237352808,0.7192484708726888,25,30,20
9,8306,0.04093607047384242,0.1995206059589821,0.04029500284917978,0.7192483207179956,25,30,20
9,8307,0.04093599655124261,0.19952060595901833,0.04029492349407391,0.7192484739956648,25,30,20
9,8308,0.040935992025218644,0.19952060595901724,0.040295010963812584,0.719248391051951,25,30,20
9,8309,0.04093785480569365,0.1995206059591214,0.04029490143284151,0.719246637802343,25,30,20
9,8310,0.040937820015957166,0.19952060595910204,0.040296520294847725,0.7192450537300925,25,30,20
9,8311,0.040933642827961254,0.1995206059591711,0.040296527413239705,0.7192492237996274,25,30,20
9,8312,0.04093371003994603,0.19952060595919022,0.04029652888229302,0.7192491551185703,25,30,20
9,8313,0.04092782422816902,0.19952060595919022,0.040294935588762994,0.7192566342238774,25,30,20
9,8314,0.0409218621318033,0.19952675546500992,0.04029474818407579,0.7192566342191107,25,30,20
9,8315,0.04092782327978221,0.1995267554650261,0.04029474737193959,0.7192506738832509,25,30,20
9,8316,0.0413950508334215,0.19903673432965735,0.040317540675285625,0.7192506741616345,25,30,20
9,8317,0.04186509246344923,0.19903673434104374,0.040317967222013425,0.7187802059734925,25,30,20
9,8318,0.041858762625160174,0.19904283703513134,0.040318194391070226,0.7187802059486371,25,30,20
9,8319,0.041856932357763714,0.199042837035044,0.040318188590726264,0.7187820420164648,25,30,20
9,8320,0.04185879192037399,0.19904283703511472,0.040318193186931355,0.7187801778575788,25,30,20
9,8321,0.04162023908008622,0.1990428370306833,0.04032232802490796,0.7190145958643219,25,30,20
9,8322,0.041618381288306285,0.19904283703061354,0.04032232201396864,0.7190164596671109,25,30,20
9,8323,0.04116242359372182,0.19904283701933473,0.04032190324443987,0.7194728361425029,25,30,20
9,8324,0.041132516196538044,0.19904283701409414,0.040321852431968966,0.7195027943573986,25,30,20
9,8325,0.041132624670821356,0.19904283701411069,0.040321850737722965,0.7195026875773446,25,30,20
9,8326,0.041126528721683625,0.19904283701418102,0.0403219412536061,0.7195086930105289,25,30,20
9,8327,0.041266148152893346,0.1990341276528297,0.04019102994195048,0.7195086942523254,25,30,20
9,8328,0.04127213485758492,0.19903412765281314,0.04019103170912434,0.7195027057804766,25,30,20
9,8329,0.04125815938432259,0.19903412765272402,0.0401910263282444,0.719516686634708,25,30,20
9,8330,0.041271997542642935,0.19903412765281123,0.04019103495767347,0.7195028398468711,25,30,20
9,8331,0.041293894802679566,0.19903412765295223,0.04019107406541871,0.7194809034789474,25,30,20
9,8332,0.041285795810635184,0.19903412765288522,0.04018948453070637,0.7194905920057714,25,30,20
9,8333,0.041290034908985584,0.19903412765281545,0.04018948051238211,0.7194863569258152,25,30,20
9,8334,0.041296100604454454,0.19902032485626123,0.04019721761336923,0.7194863569259137,25,30,20
9,8335,0.041296101035531815,0.19902032485626153,0.040197189700120844,0.7194863844080841,25,30,20
9,8336,0.04129021507815691,0.19902032485626187,0.04019718976888102,0.719492270296699,25,30,20
9,8337,0.041296166358591825,0.19902032485631563,0.040197192377698095,0.7194863164073934,25,30,20
9,8338,0.04129056977727739,0.19902032485629884,0.04019719538234811,0.719491909984075,25,30,20
9,8339,0.041290569812572196,0.19902032485629856,0.04019727783821978,0.7194918274929089,25,30,20
9,8340,0.04130643805968427,0.1993175020465226,0.039884232410551924,0.7194918274832411,25,30,20
9,8341,0.04133042835625096,0.19931750204675336,0.04001360100733816,0.7193384685896568,25,30,20
9,8342,0.041457953724367086,0.19918993650459793,0.040013640587349526,0.7193384691836852,25,30,20
9,8343,0.041457781702349,0.1991899365045432,0.04001375136457796,0.7193385304285295,25,30,20
9,8344,0.041453642435175284,0.19918993650461264,0.04001364149481898,0.7193427795653926,25,30,20
9,8345,0.04142397665078433,0.19918993650436434,0.039884270919582715,0.7195018159252687,25,30,20
9,8346,0.04142370093067932,0.1991979579554059,0.039876525189239495,0.7195018159246755,25,30,20
9,8347,0.04142969217115624,0.19919795795546197,0.03987653082454581,0.7194958190488364,25,30,20
9,8348,0.041433756121902116,0.19919795795542938,0.03987652655879933,0.7194917593638697,25,30,20
9,8349,0.04142780535796292,0.19918018776434845,0.03990024750395031,0.7194917593737388,25,30,20
9,8350,0.0423294847562453,0.19918018776854637,0.03990074843852595,0.7185895790366829,25,30,20
9,8351,0.04142770394448911,0.1991801877642924,0.039900242874727716,0.7194918654164912,25,30,20
9,8352,0.041433587364222875,0.19918018776429203,0.039900160332319114,0.7194860645391664,25,30,20
9,8353,0.041433441503661586,0.1992112394221267,0.03986925454509444,0.7194860645291178,25,30,20
9,8354,0.0414469988117117,0.19921123942215918,0.03986934029015682,0.7194724214759728,25,30,20
9,8355,0.04145497695267765,0.1991924010079804,0.03988020055376984,0.7194724214855727,25,30,20
9,8356,0.04146340385211784,0.1991911513801923,0.03987302326192883,0.7194724215057616,25,30,20
9,8357,0.04146925231277315,0.19919115138013813,0.03987290348128219,0.7194666928258073,25,30,20
9,8358,0.04146925749182343,0.19919115138011956,0.03987294395894295,0.7194666471691146,25,30,20
9,8359,0.041463372184468765,0.19919115138012022,0.03987294400060869,0.7194725324348028,25,30,20
9,8360,0.041449814104266264,0.1991911513800874,0.039872939335841254,0.7194860951798056,25,30,20
9,8361,0.04144981734768021,0.1991911513800871,0.03987293868680688,0.7194860925854261,25,30,20
9,8362,0.04192555663966521,0.19919115138636012,0.039873284074451204,0.7190100078995237,25,30,20
9,8363,0.04192559146652828,0.1991911513861289,0.03987338022242381,0.7190098769249194,25,30,20
9,8364,0.04192559206286135,0.19919115138613136,0.03987492196972895,0.7190083345812782,25,30,20
9,8365,0.04192131613475583,0.19919115138620058,0.039872505182323686,0.7190150272967196,25,30,20
9,8366,0.041449424589425174,0.199191151380104,0.03987209201432267,0.719487332016148,25,30,20
9,8367,0.04142760350781699,0.1991911513799449,0.039872077141907186,0.719509167970331,25,30,20
9,8368,0.04141363000748667,0.19921598854410114,0.03986121348760041,0.7195091679608119,25,30,20
9,8369,0.04176075996459176,0.19921598634870066,0.039514085950358435,0.7195091677363495,25,30,20
9,8370,0.04163337330818561,0.19931234489470692,0.03954511463037884,0.7195091671667291,25,30,20
9,8371,0.04164143145461294,0.19931234489472785,0.039551731283069234,0.7194944923675902,25,30,20
9,8372,0.04164153625753674,0.19931234489472893,0.03955175980076128,0.7194943590469736,25,30,20
9,8373,0.04114653052012838,0.19931259135883395,0.04004652009660156,0.7194943580244352,25,30,20
9,8374,0.04114638746076668,0.19931259135877943,0.04004492229808212,0.7194960988823706,25,30,20
9,8375,0.04113886409320182,0.19931259138243912,0.040052443383102244,0.7194961011412555,25,30,20
9,8376,0.041132903879623955,0.1993125913824231,0.04005244485370454,0.7195020598842474,25,30,20
9,8377,0.04113101181286978,0.19931259138233398,0.040055580504164044,0.719500816300631,25,30,20
9,8378,0.041153122777384345,0.19931234268556772,0.040033718226635456,0.7195008163104112,25,30,20
9,8379,0.04115322758050601,0.19931234268556772,0.04003360444933971,0.7195008252845854,25,30,20
9,8380,0.04115925084053152,0.19928446634381033,0.0400554575307237,0.7195008252849334,25,30,20
9,8381,0.04115318644230103,0.1992844663438097,0.04018490636290317,0.7193774408509849,25,30,20
9,8382,0.04115314766225901,0.1992844663439998,0.04018488533486499,0.7193775006588752,25,30,20
9,8383,0.04113121143180627,0.19928447086093978,0.04020681705764323,0.7193775006496097,25,30,20
9,8384,0.04114476852204465,0.1992844708609553,0.04020681905483404,0.7193639415621655,25,30,20
9,8385,0.04115048104621839,0.19928447086093862,0.04020684421646421,0.719358203876378,25,30,20
9,8386,0.041144352844879266,0.19929060122014663,0.040206842087672945,0.7193582038473005,25,30,20
9,8387,0.041138580782823723,0.1992906012199327,0.04020021497086727,0.7193706030263758,25,30,20
9,8388,0.04113062877337531,0.19929060121986267,0.04020012696369195,0.7193786430430701,25,30,20
9,8389,0.0411468742992092,0.1992979864853957,0.040176495031531284,0.7193786441838639,25,30,20
9,8390,0.041157012631806725,0.19926488314055746,0.04019945971116554,0.7193786445164702,25,30,20
9,8391,0.041141213472590844,0.1992648831405078,0.04019942675883478,0.7193944766280663,25,30,20
9,8392,0.04114100306675403,0.19926488314047336,0.040199399696794036,0.7193947140959784,25,30,20
9,8393,0.041140898223063334,0.19926488314045707,0.040196256430368754,0.7193979622061104,25,30,20
9,8394,0.04109815920812788,0.19926488343085347,0.04023894638501499,0.7193980109760031,25,30,20
9,8395,0.04110219218816874,0.19926488343080087,0.040236661804892535,0.7193962625761372,25,30,20
9,8396,0.041108075537688554,0.19926488343080048,0.04023666030973457,0.7193903807217755,25,30,20
9,8397,0.04111199910495206,0.19926488343095813,0.04023666952246768,0.7193864479416212,25,30,20
9,8398,0.04112590797817097,0.19926488343104443,0.04010722627303025,0.7195019823177533,25,30,20
9,8399,0.04112584047599718,0.19926488343106574,0.040107227852040725,0.7195020482408956,25,30,20
9,8400,0.041133651258131024,0.1992648834310616,0.04010722698299225,0.7194942383278143,25,30,20
9,8401,0.04113389789548032,0.19928664521519596,0.04008521853235712,0.719494238356966,25,30,20
9,8402,0.041134228529953444,0.1993092633575104,0.04006227004910578,0.7194942380634298,25,30,20
9,8403,0.04114029598841313,0.19930926335750976,0.04006226846481512,0.7194881721892614,25,30,20
9,8404,0.04089020809187678,0.19954578336411033,0.04007583663851191,0.7194881719055006,25,30,20
9,8405,0.04089031166866885,0.19954578336412696,0.04007587157138115,0.7194880333958227,25,30,20
9,8406,0.040890453570107475,0.19954578336414627,0.0400758739326956,0.7194878891330503,25,30,20
9,8407,0.04089252166323597,0.19954578336403422,0.04020529535481329,0.7193563996179161,25,30,20
9,8408,0.040886380537828206,0.19954578336404946,0.040205267805612024,0.7193625682925097,25,30,20
9,8409,0.04100538010453586,0.2186020071720402,0.021030044402965478,0.7193625683204583,25,30,20
9,8410,0.04077798938201083,0.2188658521826619,0.02099359042970196,0.719362568005625,25,30,20
9,8411,0.040807795114287566,0.21886585218287796,0.02550917404552018,0.7148171786573141,25,30,20
9,8412,0.04080779757677108,0.21886585218287954,0.02550917415554722,0.7148171760848016,25,30,20
9,8413,0.04171556943596865,0.21886585218716906,0.02550967929870187,0.7139088990781598,25,30,20
9,8414,0.04172355534684709,0.21886585218722376,0.025509684256320945,0.7139009082096074,25,30,20
9,8415,0.041727405673121165,0.21886585218734542,0.025509695963891726,0.7138970461756409,25,30,20
9,8416,0.041711157708584634,0.2188899286983745,0.025501868558367544,0.7138970450346727,25,30,20
9,8417,0.04171714729939751,0.218883938792505,0.025501868868745278,0.7138970450393516,25,30,20
9,8418,0.04171154204732824,0.2188895409844377,0.025501871919015297,0.7138970450492181,25,30,20
9,8419,0.040809902601945246,0.2188895409801322,0.025501367698914916,0.7147991887190069,25,30,20
9,8420,0.04080364251271231,0.21889574486207813,0.025501423939814794,0.714799188685394,25,30,20
9,8421,0.04214291468338148,0.2188957448663845,0.025502109715555343,0.7134592307346778,25,30,20
9,8422,0.042145197207944386,0.21889574486624436,0.025502100747764916,0.7134569571780454,25,30,20
9,8423,0.04215332704377908,0.2188957448661961,0.025508695265254726,0.7134422328247694,25,30,20
9,8424,0.04215332758954196,0.21889574486619698,0.025508695372209435,0.7134422321720506,25,30,20
9,8425,0.04215333003724285,0.21889574486619734,0.02551089578780376,0.713440029308755,25,30,20
9,8426,0.04082176027190397,0.21889574486195976,0.025510214034220532,0.7147722808319148,25,30,20
9,8427,0.040815801171816914,0.21889574486194385,0.025510214859624746,0.7147782391066135,25,30,20
9,8428,0.04081184122536663,0.21889574486191038,0.0255102209924186,0.7147821929203034,25,30,20
9,8429,0.03964144357549488,0.2188957856265308,0.02668062544680321,0.7147821453511699,25,30,20
9,8430,0.039871819140876535,0.21889578563072706,0.026674526089911117,0.7145578691384842,25,30,20
9,8431,0.03987784406242633,0.2188957856307451,0.026672325012692934,0.7145540452941346,25,30,20
9,8432,0.03987942226614327,0.21889420505970172,0.026672327385124414,0.7145540452890295,25,30,20
9,8433,0.039885416382281255,0.21889420505975316,0.026672384597271295,0.7145479939606934,25,30,20
9,8434,0.039885450809441926,0.2188942050598142,0.0265430748293914,0.7146772693013516,25,30,20
9,8435,0.039885446289982626,0.21889420505981388,0.02654307613318717,0.7146772725170156,25,30,20
9,8436,0.03988120216509193,0.21889420505988394,0.026543080109740592,0.7146815126652828,25,30,20
9,8437,0.03988134553525167,0.2188942050598667,0.02654308445248427,0.7146813649523968,25,30,20
9,8438,0.03985109791908644,0.21892502496874194,0.02654251219931412,0.714681364912857,25,30,20
9,8439,0.03985096081004435,0.2189250249687413,0.026542551089937784,0.7146814631312758,25,30,20
9,8440,0.03983124293348064,0.21892502496865585,0.02654421957888678,0.7146995125189761,25,30,20
9,8441,0.03983137762821762,0.2189250249686561,0.026544180702665923,0.7146994167004597,25,30,20
9,8442,0.03981746330324496,0.21892502496858696,0.02654645152193396,0.7147110602062334,25,30,20
9,8443,0.039809405278913794,0.21892502496856978,0.02654655958875513,0.7147190101637605,25,30,20
9,8444,0.03991921978708242,0.2189250249686983,0.02654672243911403,0.7146090328051043,25,30,20
9,8445,0.03991933102097452,0.21892502496868174,0.0265467208475017,0.714608923162841,25,30,20
9,8446,0.03991946916039089,0.21891377030805656,0.02655783735892636,0.7146089231726251,25,30,20
9,8447,0.03991740552339468,0.21891377030807088,0.026557828445292097,0.714610995723241,25,30,20
9,8448,0.039807554812516875,0.21891377030790743,0.0265577234480985,0.7147209514314758,25,30,20
9,8449,0.03980173679598467,0.2189137703078865,0.026557719857177566,0.7147267730389499,25,30,20
9,8450,0.0397955019024447,0.2189137703078859,0.026557718754973352,0.7147330090346946,25,30,20
9,8451,0.0398017765198557,0.21768077239644212,0.02778444205817372,0.714733009025527,25,30,20
9,8452,0.039795678151894484,0.21768688048018725,0.027784432342401074,0.7147330090255158,25,30,20
9,8453,0.03978962521008799,0.21768688048017015,0.027784336895637706,0.714739157414103,25,30,20
9,8454,0.03978741809602187,0.21768688048011423,0.027782655745598957,0.7147430456782637,25,30,20
9,8455,0.039789386058290244,0.21768688048009438,0.028048805676562823,0.7144749277850514,25,30,20
9,8456,0.0397910630052702,0.21768526883365144,0.028048740376803827,0.7144749277842735,25,30,20
9,8457,0.039795089973313075,0.21768124792147336,0.028048734330381214,0.7144749277748313,25,30,20
9,8458,0.03978892628853437,0.21768761464727956,0.028048531318851842,0.7144749277453333,25,30,20
9,8459,0.03978304257085698,0.217687614647384,0.02804862775053307,0.7144807150312253,25,30,20
9,8460,0.03978899583619264,0.2159646110845111,0.029765678033005883,0.7144807150462898,25,30,20
9,8461,0.039796981754515556,0.2159646110845639,0.029765684319882434,0.7144727228410376,25,30,20
9,8462,0.03980493462713607,0.2159483692510232,0.029773973271364586,0.7144727228504756,25,30,20
9,8463,0.039810927034165736,0.2159483692508811,0.029773850102847815,0.7144668536121048,25,30,20
9,8464,0.03969770973599138,0.23686374261117638,0.008971694064598716,0.714466853588233,25,30,20
9,8465,0.039693680235948346,0.23683631545004988,0.009003150720643494,0.7144668535933577,25,30,20
9,8466,0.03969784616681824,0.23686360829685893,0.00897169195275991,0.7144668535835624,25,30,20
9,8467,0.039697984272381054,0.23686345880246606,0.008971703331981742,0.7144668535931706,25,30,20
9,8468,0.039698241991504464,0.23855791045877073,0.007276993971003603,0.7144668535787205,25,30,20
9,8469,0.03969820914393086,0.23855791045873478,0.007276875537863106,0.7144670048594708,25,30,20
9,8470,0.039698101632666544,0.2385579104588417,0.0072791568393784445,0.7144648310691128,25,30,20
9,8471,0.039698105353727184,0.23855791100239682,0.007279152574769017,0.7144648310691065,25,30,20
9,8472,0.039697861635020704,0.23855791100235826,0.0072775267261668995,0.7144667006364537,25,30,20
9,8473,0.039705823869925834,0.238557911002409,0.007277424191432853,0.714458840936232,25,30,20
9,8474,0.03969790582774722,0.20983447624250234,0.036008776992840656,0.7144588409369096,25,30,20
9,8475,0.03969807936736058,0.20983447624253806,0.03601040151488375,0.7144570428752175,25,30,20
9,8476,0.03969394539805495,0.2098344762426084,0.0360104075453085,0.7144611708140283,25,30,20
9,8477,0.03970203608237323,0.2098344762426622,0.036010414394833254,0.7144530732801317,25,30,20
9,8478,0.03970617971951355,0.20983447624260998,0.03601040825538701,0.7144489357824904,25,30,20
9,8479,0.03947400708750149,0.20983447624247895,0.036010012976790635,0.7146815036932298,25,30,20
9,8480,0.040686422916255134,0.2098344351662776,0.03479764049450919,0.7146815014229592,25,30,20
9,8481,0.040686097810224656,0.2098572979238456,0.0347751028388277,0.7146815014271032,25,30,20
9,8482,0.04068609409021705,0.2098571655186587,0.03477523896410675,0.7146815014270186,25,30,20
9,8483,0.04068613070640237,0.20985716551887715,0.04873518958052137,0.7007215141941991,25,30,20
9,8484,0.040708090324132626,0.20985716551900185,0.04873520254169339,0.7006995416151718,25,30,20
9,8485,0.04071418559585765,0.2098571655190015,0.04873520243356779,0.7006934464515726,25,30,20
9,8486,0.04070815262371897,0.20985716551900147,0.04873520324935483,0.7006994786079241,25,30,20
9,8487,0.04070807913642063,0.20985716551898365,0.04873520459654917,0.700699550748046,25,30,20
9,8488,0.04071414724718117,0.20985716551898334,0.04873520153406599,0.700693485699769,25,30,20
9,8489,0.04070033230807328,0.20985716551895042,0.04873518948210816,0.7007073126908674,25,30,20
9,8490,0.040698447866612864,0.20985716551886224,0.048735264664391716,0.7007091219501324,25,30,20
9,8491,0.04069560801648416,0.20985716598019963,0.048738100658684023,0.7007091253446315,25,30,20
9,8492,0.040701598969870814,0.20985117877630027,0.048738096918721635,0.7007091253351063,25,30,20
9,8493,0.040701425514080895,0.20985133936870223,0.04873810975310779,0.7007091253641081,25,30,20
9,8494,0.040701318673027405,0.20985133936872036,0.048738111216826335,0.7007092307414247,25,30,20
9,8495,0.04069529090960424,0.2098513393684847,0.0347781604225859,0.714675209299325,25,30,20
9,8496,0.0408264809493273,0.20971956791778903,0.03477874122528499,0.7146752099075987,25,30,20
9,8497,0.040695394774148935,0.20985123439808195,0.034778161528445393,0.7146752092993238,25,30,20
9,8498,0.04068992970721574,0.20983442246109546,0.03480043853661528,0.7146752092950736,25,30,20
9,8499,0.04067413388667674,0.20983442246099174,0.0348020355870766,0.7146894080652548,25,30,20
9,8500,0.040681918057713054,0.20984863105257381,0.034780042771205485,0.7146894081185075,25,30,20
9,8501,0.04067582466175385,0.20984863105257476,0.034786645440567206,0.714688898845104,25,30,20
9,8502,0.040669861956954045,0.20984863105260973,0.03478664694993576,0.7146948600405003,25,30,20
9,8503,0.040683666339617626,0.20984863105267915,0.034788930412507565,0.7146787721951955,25,30,20
9,8504,0.040683990720904076,0.20984863105375037,0.03478736591719068,0.7146800123081546,25,30,20
9,8505,0.04066209763194256,0.209848631053735,0.03478741267979086,0.7147018586345313,25,30,20
9,8506,0.040662100225396666,0.2098486188917964,0.03478742224827131,0.7147018586345355,25,30,20
9,8507,0.04065596854211607,0.20985461661175045,0.0347875562113366,0.7147018586347968,25,30,20
9,8508,0.04064378771690207,0.20985461660753923,0.034787438320198115,0.7147141573553607,25,30,20
9,8509,0.04064550948538001,0.209854616607608,0.03478744625921545,0.7147124276477966,25,30,20
9,8510,0.04063153836092544,0.2098546166075925,0.034787440548025954,0.714726404483456,25,30,20
9,8511,0.04062747445391845,0.23856684540327208,0.006079275659944839,0.7147264044828647,25,30,20
9,8512,0.04064143697143107,0.238566845403341,0.0060793763747622265,0.7147123412504655,25,30,20
9,8513,0.04065537899973821,0.23856684540342862,0.006079385598719776,0.7146983899981132,25,30,20
9,8514,0.040639411515207315,0.23856684540330167,0.001563774687470741,0.7192299683940194,25,30,20
9,8515,0.04065326010256473,0.23856684540349782,0.001563784133284562,0.7192161103606522,25,30,20
9,8516,0.04064909238038962,0.23856684540347806,0.0015615880990297226,0.719222474117102,25,30,20
9,8517,0.04064909427485982,0.2385668454034599,0.0015615848068743342,0.7192224755148053,25,30,20
9,8518,0.04066300412724299,0.23856684540356438,0.0015593129723067633,0.7192108374968856,25,30,20
9,8519,0.040663247737332694,0.2385668454036003,0.0015593159525787701,0.719210590906488,25,30,20
9,8520,0.04066338956824946,0.23856653069874917,0.001559488854743783,0.7192105908782577,25,30,20
9,8521,0.040657397731924574,0.23857215413820484,0.0015598572524628653,0.7192105908774077,25,30,20
9,8522,0.04064957227957647,0.23857215413802618,0.0015599319728224162,0.7192183416095749,25,30,20
9,8523,0.04065360084951474,0.23857215413793853,0.0015599241677150455,0.7192143208448318,25,30,20
9,8524,0.04066744790398191,0.23855872398985148,0.0015595072518968058,0.7192143208542698,25,30,20
9,8525,0.04025137496925212,0.23855872359416463,0.0019755837083163226,0.7192143177282673,25,30,20
9,8526,0.04025129558399231,0.23855872359414712,0.001975503977944414,0.7192144768439165,25,30,20
9,8527,0.04025725272905676,0.2385587235941836,0.001975506740721245,0.719208516936038,25,30,20
9,8528,0.04026130457234005,0.23855872359416586,0.0017093310612205173,0.7194706407722735,25,30,20
9,8529,0.04026543842370756,0.2385587235940789,0.0017092443771308766,0.7194665936050828,25,30,20
9,8530,0.040259688298329425,0.2385587235940958,0.00170924450597488,0.7194723436015997,25,30,20
9,8531,0.040253698608418945,0.23855872359403985,0.0017092403491427305,0.7194783374483983,25,30,20
9,8532,0.04201080174500512,0.23683201370274573,0.001678846525331668,0.7194783380269175,25,30,20
9,8533,0.04201661748519706,0.23683201370263696,0.0016787868387300373,0.7194725819734358,25,30,20
9,8534,0.04200880404235043,0.23683201370256618,0.0016787807403388052,0.7194804015147446,25,30,20
9,8535,0.04200880105010226,0.23683201370258403,0.0016787810475504053,0.7194804041997631,25,30,20
9,8536,0.04202420896950283,0.23805403968623842,0.0004413471208094924,0.7194804042234487,25,30,20
9,8537,0.04202432025688351,0.23805403968620412,0.0004413467162574047,0.7194802933406546,25,30,20
9,8538,0.042018513804584344,0.2380540396862253,0.00044132312151816324,0.7194861233876719,25,30,20
9,8539,0.042018082198840866,0.23805403968515257,0.00044128102186372634,0.7194865970941424,25,30,20
9,8540,0.04201380451130978,0.23805403968523892,0.00044128685360302826,0.7194908689498479,25,30,20
9,8541,0.0421470482921773,0.23805403968957628,0.0004417753307738739,0.7193571366874724,25,30,20
9,8542,0.04216913489989289,0.23805403969168146,0.0004417853149348427,0.7193350400934907,25,30,20
9,8543,0.0421636750228149,0.23742491976752383,0.0010763647889302421,0.7193350404207309,25,30,20
9,8544,0.04216353667851866,0.23742491976750502,0.0010763619674293982,0.7193351815865472,25,30,20
9,8545,0.042177444485000944,0.2374249197675916,0.0010763665578349473,0.7193212691895726,25,30,20
9,8546,0.04220553184208712,0.23742491976775285,0.001076379476463415,0.7192931689136967,25,30,20
9,8547,0.04220371306137503,0.23626290366944183,0.002240214294751265,0.7192931689744319,25,30,20
9,8548,0.042187435220005697,0.23626290366731573,0.0022401450699759775,0.7193095160427027,25,30,20
9,8549,0.04218753711948306,0.23626290366729819,0.0022401452826104925,0.7193094139306083,25,30,20
9,8550,0.042187675372559325,0.2362629036673166,0.00224014811252807,0.7193092728475962,25,30,20
9,8551,0.04218179356141032,0.23626290366731667,0.0022417705570309636,0.7193135322142423,25,30,20
9,8552,0.04217420420631634,0.23626290366724917,0.002241672072326227,0.7193212200541081,25,30,20
9,8553,0.042182189703348395,0.23626290366737543,0.006895381005254154,0.7146595256240218,25,30,20
9,8554,0.04218810062294501,0.23626290366735594,0.006895381211288453,0.7146536144984101,25,30,20
9,8555,0.04218218176181922,0.23626290366733754,0.006895378395340648,0.7146595361755019,25,30,20
9,8556,0.0421742197962577,0.23627100782578472,0.0068952362070491425,0.7146595361709079,25,30,20
9,8557,0.0421881981870334,0.23625715132472613,0.0068951143080767,0.7146595361801631,25,30,20
9,8558,0.042188270362876076,0.23625715132469252,0.006895112869413095,0.7146594654430177,25,30,20
9,8559,0.042174331255042136,0.23625715132460592,0.006895187725686493,0.7146733296946648,25,30,20
9,8560,0.04217457644949655,0.23625715132458866,0.006895189872395461,0.7146730823535191,25,30,20
9,8561,0.04042945633012427,0.23800333684842642,0.0068941250465332105,0.7146730817749158,25,30,20
9,8562,0.04044564873388376,0.23798706471382416,0.0068942039242277505,0.714673082628064,25,30,20
9,8563,0.040445542426518835,0.2379870647138601,0.006894203102507621,0.714673189757113,25,30,20
9,8564,0.040578757144348714,0.2379870647191734,0.00689302588777466,0.7145411522487027,25,30,20
9,8565,0.04056256414078823,0.23800334011689167,0.006892944351529047,0.7145411513907907,25,30,20
9,8566,0.040568659998387595,0.2380033401168923,0.006892861851281447,0.7145351380334383,25,30,20
9,8567,0.0405527229677997,0.2380033401166957,0.002240768774635468,0.7192031681408687,25,30,20
9,8568,0.040552723483933226,0.2380033401167139,0.002240770066794517,0.7192031663325581,25,30,20
9,8569,0.040552894104523105,0.23800334011676733,0.0022341711606948655,0.7192095946180151,25,30,20
9,8570,0.04054680005903886,0.23800334011676724,0.0022341691254452916,0.7192156906987492,25,30,20
9,8571,0.040555064054295514,0.2380033401168591,0.0022318994789161458,0.7192096963499296,25,30,20
9,8572,0.04042353757919715,0.2380033401125555,0.0022314170257920394,0.7193417052824556,25,30,20
9,8573,0.04042549526899853,0.2391656002742213,0.0010671992400707936,0.7193417052167098,25,30,20
9,8574,0.04042535208982579,0.23916575144230692,0.0010671912512443843,0.7193417052166236,25,30,20
9,8575,0.021447161110990397,0.23916587509723172,0.018403348147260072,0.7209836156445185,25,30,20
9,8576,0.02145339408407819,0.23916587509723178,0.018403349171540274,0.7209773816471504,25,30,20
9,8577,0.021452964796059786,0.23980089349291972,0.017768760395615833,0.7209773813154053,25,30,20
9,8578,0.021446972422199194,0.23980089349293465,0.0177687889308079,0.7209833451540588,25,30,20
9,8579,0.021441017392435664,0.23980645428066588,0.017769183172828367,0.7209833451540707,25,30,20
9,8580,0.021686904138607643,0.23980645428498973,0.01777039527116485,0.7207362463052382,25,30,20
9,8581,0.0216788385136728,0.23981492985428216,0.0177699853803178,0.7207362462517278,25,30,20
9,8582,0.021662623508315635,0.2398149298541023,0.01777008603046767,0.7207523606071149,25,30,20
9,8583,0.02166300772588984,0.23981492985408726,0.01776997282681056,0.7207520895932129,25,30,20
9,8584,0.021656772439456205,0.23981492985408626,0.017769971785923676,0.7207583259205345,25,30,20
9,8585,0.021656771954677988,0.21787282547601466,0.039712076648727244,0.7207583259205808,25,30,20
9,8586,0.021650429659151812,0.21787282547601466,0.03971207498897872,0.7207646698758555,25,30,20
9,8587,0.02163659632624734,0.21788611274451936,0.039712621062799006,0.720764669866435,25,30,20
9,8588,0.021636524784210423,0.2178861903313659,0.03971261501791298,0.7207646698665114,25,30,20
9,8589,0.021628712000692052,0.21788619033131396,0.039712692804471976,0.7207724048635227,25,30,20
9,8590,0.021388567439223734,0.21788619032697187,0.03970985835374928,0.7210153838800557,25,30,20
9,8591,0.021402406532580534,0.2178861903270244,0.03970986415674663,0.721001538983649,25,30,20
9,8592,0.021396412921753177,0.2178861903269715,0.03970986535475398,0.7210075313965215,25,30,20
9,8593,0.02125703058039809,0.2178861903216409,0.03970949939343556,0.7211472797045252,25,30,20
9,8594,0.02125692630281753,0.2178861903216243,0.03970950122990215,0.7211473821456558,25,30,20
9,8595,0.021266170906772172,0.2178861903217943,0.03980239537537773,0.7210452433960556,25,30,20
9,8596,0.02126617216634711,0.21788619032179457,0.039802393308392824,0.7210452442034654,25,30,20
9,8597,0.021266035972095185,0.2178861903217599,0.03980239135554828,0.7210453823505967,25,30,20
9,8598,0.021260046022948308,0.2178861903217426,0.039800769884605604,0.721052993770704,25,30,20
9,8599,0.02126011099840031,0.21788619032177825,0.03980085298222995,0.7210528456975919,25,30,20
9,8600,0.021266065442703767,0.21788619032200846,0.03980098670153675,0.7210467575337515,25,30,20
9,8601,0.021266173429062504,0.21788619032209702,0.03980098812967674,0.7210466481191641,25,30,20
9,8602,0.021271921787125267,0.21788045257645217,0.03980097751258422,0.7210466481238388,25,30,20
9,8603,0.021245828889300423,0.21788045257634686,0.039800973322893875,0.7210727452114591,25,30,20
9,8604,0.02126775549832939,0.21788045257648667,0.039800986424927985,0.7210508055002564,25,30,20
9,8605,0.02126772055892844,0.21788045257646846,0.03980098493857147,0.7210508419260314,25,30,20
9,8606,0.02127368319761196,0.21788045257643313,0.03980573823624344,0.7210401259897113,25,30,20
9,8607,0.021295644346491196,0.21785847860684934,0.03980575103758142,0.721040126009078,25,30,20
9,8608,0.02129581913260602,0.21785847860665478,0.03980565872786923,0.7210400435328698,25,30,20
9,8609,0.02129634297359092,0.2178579494414761,0.03980566405640241,0.7210400435285303,25,30,20
9,8610,0.02127457296191019,0.21785794944137668,0.03980565235773807,0.7210618252389749,25,30,20
9,8611,0.02128059823777839,0.2178523097682793,0.03980526675446922,0.7210618252394729,25,30,20
9,8612,0.021286451049302477,0.21785230976820766,0.03980526156381321,0.7210559776186766,25,30,20
9,8613,0.021286823987519847,0.23979350125485724,0.01786369713854227,0.7210559776190807,25,30,20
9,8614,0.021289063821794626,0.2397935012549854,0.017863752417657842,0.7210536825055621,25,30,20
9,8615,0.0037894899133489117,0.23979337756712313,0.037005360482678155,0.71941177203685,25,30,20
9,8616,0.003783537481585118,0.23979933027071806,0.037005360206419986,0.7194117720412769,25,30,20
9,8617,0.0037833693975594623,0.23979933027066455,0.037005274830905786,0.7194120255008706,25,30,20
9,8618,0.0037752418970632877,0.23979933027054326,0.037005341188728065,0.7194200866436659,25,30,20
9,8619,0.0037532769044794577,0.23982185015844437,0.03700478630818764,0.7194200866288889,25,30,20
9,8620,0.0037513485750005817,0.23982185015944743,0.037004808281373605,0.7194219929841791,25,30,20
9,8621,0.0037576637687950975,0.23982185016376614,0.03700506430111379,0.7194154217663253,25,30,20
9,8622,0.00375764338430085,0.2398218501637624,0.03700509315029433,0.7194154133016426,25,30,20
9,8623,0.0037577482130481303,0.23982185016379673,0.0370050936002495,0.7194153080229058,25,30,20
9,8624,0.0037536097198196854,0.23982185016386748,0.03700034631901004,0.7194241937973025,25,30,20
9,8625,0.0037610363714605504,0.23981402788320255,0.03700074193909879,0.7194241938062379,25,30,20
9,8626,0.003775084647989058,0.23979983433901342,0.0370008871878013,0.7194241938251962,25,30,20
9,8627,0.003785078545586532,0.239799834338939,0.037266971849648285,0.7191481152658261,25,30,20
9,8628,0.0037910814990340064,0.23977088279046416,0.03728992041678967,0.7191481152937123,25,30,20
9,8629,0.0037973938824605227,0.23976457574509058,0.0372899150781375,0.7191481152943114,25,30,20
9,8630,0.0037754368012352414,0.23854852023431217,0.03852792768483251,0.71914811527962,25,30,20
9,8631,0.0007448514363931437,0.2385485202079143,0.041551044268436164,0.7191555840872552,25,30,20
9,8632,0.0007310083639460501,0.23854852020786266,0.04128494415693777,0.7194355272712524,25,30,20
9,8633,0.0007246212302761913,0.2385549091210321,0.041284942382805515,0.7194355272658852,25,30,20
9,8634,0.0007249686457447439,0.23854605720934774,0.04129344633936162,0.7194355278055451,25,30,20
9,8635,0.0007250736575452134,0.23854605720934682,0.041293419755648285,0.7194354493774587,25,30,20
9,8636,0.0007311726005400087,0.23854605720931107,0.04129504663825465,0.7194277235518931,25,30,20
9,8637,0.0007451090398428784,0.2385460572093977,0.04129505282691975,0.7194137809238387,25,30,20
9,8638,0.0007533647974781311,0.23854605720951877,0.04138730674999002,0.7193132712430121,25,30,20
9,8639,0.0007470971205101673,0.23854605720953537,0.04138730488123979,0.7193195407887137,25,30,20
9,8640,0.0007529805425993455,0.23854605720953412,0.04138722234005291,0.7193137399078126,25,30,20
9,8641,0.0007247496057680717,0.238546057719505,0.04142292297514862,0.7193062696995771,25,30,20
9,8642,0.0007150237226046527,0.23854605720132785,0.041432281717823934,0.7193066373582424,25,30,20
9,8643,0.0007149490267784797,0.23854605720130972,0.041432285510329105,0.7193067082615815,25,30,20
9,8644,0.000709205729093178,0.23854605720138328,0.04143228818344296,0.7193124488860795,25,30,20
9,8645,0.0006972286244707923,0.23855841810326242,0.04143190437640757,0.7193124488958581,25,30,20
9,8646,0.0006973108924228416,0.23855833652460984,0.04143190368266827,0.7193124489002982,25,30,20
9,8647,0.0007013381028584828,0.23855377405974057,0.04143243895130309,0.719312448886097,25,30,20
9,8648,0.0007009832407349392,0.23858558271576438,0.04140098572945585,0.7193124483140436,25,30,20
9,8649,0.0008455268806589897,0.2385855827195943,0.041256809160792954,0.7193120812389523,25,30,20
9,8650,0.0008437727131892095,0.2385855827195962,0.04125680530976521,0.719313839257448,25,30,20
9,8651,0.0008437703079573417,0.23858558271959557,0.04125680383654311,0.7193138431359029,25,30,20
9,8652,0.0008384440214096303,0.23859131905340736,0.041256393793606724,0.7193138431315752,25,30,20
9,8653,0.00069087300250363,0.2385913190496915,0.041403965127687944,0.7193138428201159,25,30,20
9,8654,0.0006846964220544321,0.238591319045378,0.04140371560664251,0.7193202689259244,25,30,20
9,8655,0.0006864843528037284,0.2385913190453758,0.04140371973422838,0.7193184768675913,25,30,20
9,8656,0.0006847320088759143,0.23859131904534078,0.04140371288623076,0.7193202360595518,25,30,20
9,8657,0.0006754868462626318,0.23859131904515293,0.04131073643133142,0.7194224576772524,25,30,20
9,8658,0.0006696665936613606,0.23859131904519262,0.041310821755825976,0.7194281926053198,25,30,20
9,8659,0.0006760161103993231,0.23859131904513856,0.04131074140147512,0.7194219234429867,25,30,20
9,8660,0.0006698894660559416,0.2385913190451039,0.041310740477361586,0.7194280510114784,25,30,20
9,8661,0.0006759569061087617,0.23859131904510394,0.04131073635439203,0.7194219876943952,25,30,20
9,8662,0.0006674953949747483,0.23859131904497682,0.0412184760576988,0.7195227095023494,25,30,20
9,8663,0.0006711077877891244,0.2385878373300787,0.04121834536538402,0.719522709516748,25,30,20
9,8664,0.0006668308762113231,0.23859198992982425,0.0412184696922996,0.7195227095016647,25,30,20
9,8665,0.0006531337196738845,0.23860583108442146,0.041218325713192956,0.7195227094827119,25,30,20
9,8666,0.0006528484001113423,0.23860583108442446,0.041219945312219945,0.7195213752032446,25,30,20
9,8667,0.0006529588965051035,0.2386058310845115,0.04121994292664508,0.7195212670923383,25,30,20
9,8668,0.0006410830011426427,0.23860583108449684,0.041220062860028196,0.7195330230543321,25,30,20
9,8669,0.0006408716326299472,0.23860584191858397,0.04122026338008879,0.7195330230686972,25,30,20
9,8670,0.0006425905095290965,0.2386058419186347,0.04122034840733063,0.7195312191645055,25,30,20
9,8671,0.0006755823766042586,0.23854124682785344,0.04125195160835248,0.7195312191871901,25,30,20
9,8672,0.0006813995810650265,0.23853562263609474,0.041251758605238366,0.719531219177602,25,30,20
9,8673,0.0006952440062036652,0.23853562263614667,0.04125173836765727,0.7195173949899921,25,30,20
9,8674,0.0006873293628575427,0.2385356226360963,0.041251733698402175,0.719525314302644,25,30,20
9,8675,0.0006915932256432183,0.23853127420006917,0.041251817980110496,0.7195253145941771,25,30,20
9,8676,0.000703574095187389,0.23853127420010597,0.041251738212535194,0.7195134134921713,25,30,20
9,8677,0.0007035804156209294,0.23853127420014292,0.04125173625143431,0.7195134091328016,25,30,20
9,8678,0.0008429056935907866,0.23853127472332714,0.04111241011814557,0.7195134094649361,25,30,20
9,8679,0.0008385321931134943,0.23853574220032275,0.0411123164332572,0.7195134091733063,25,30,20
9,8680,0.0008302076683972476,0.23854461528690765,0.041111767876599314,0.7195134091680957,25,30,20
9,8681,0.0008244219450071477,0.23854461528694174,0.04111177086839613,0.719519191899655,25,30,20
9,8682,0.0008243911696222211,0.2385446152869051,0.04111176924049573,0.7195192243029774,25,30,20
9,8683,0.007737692833523577,0.23854462060988346,0.03419840735555608,0.7195192792010373,25,30,20
9,8684,0.007737552842953357,0.23854462060984777,0.034198403294578454,0.7195194232526209,25,30,20
9,8685,0.007753489450925308,0.23854462060998968,0.03419841544557682,0.719503474493509,25,30,20
9,8686,0.0077473935025919125,0.23854462060995588,0.03419837451840585,0.7195096113690469,25,30,20
9,8687,0.007747392945523493,0.23854462060990206,0.03419837421006191,0.7195096122345133,25,30,20
9,8688,0.0077254697504792755,0.23854462060974366,0.03420064015465495,0.7195292694851229,25,30,20
9,8689,0.0077334528643756995,0.23854462060979578,0.034200644872610854,0.7195212816532183,25,30,20
9,8690,0.007727357018473547,0.23854462060979642,0.03420064486715084,0.7195273775045798,25,30,20
9,8691,0.007749282664692824,0.2385446206099555,0.03419837900974864,0.7195077177156037,25,30,20
9,8692,0.00785162452935864,0.2384735208015834,0.03416713529034363,0.7195077193787149,25,30,20
9,8693,0.008197662832175946,0.23811993996177425,0.03417467693214472,0.7195077202739057,25,30,20
9,8694,0.008175874497173176,0.23811993996163638,0.034174665085391916,0.7195295204557992,25,30,20
9,8695,0.0011367822945712784,0.23811993411480276,0.04121381865847052,0.7195294649321562,25,30,20
9,8696,0.0011388617390125481,0.23811993411480809,0.04121370886818018,0.7195274952779995,25,30,20
9,8697,0.0011387241231785832,0.23811993411476995,0.041213747084416656,0.7195275946776352,25,30,20
9,8698,0.0011569583140184402,0.23811993411482593,0.04121454467489562,0.7195085628962598,25,30,20
9,8699,0.0008109261391506161,0.23847312561437722,0.04120738624558831,0.7195085620008836,25,30,20
9,8700,0.0009525204634846117,0.23830019817057552,0.041238718766033265,0.7195085625999066,25,30,20
9,8701,0.000946283432833822,0.23830019817057455,0.04123709023569852,0.7195164281608928,25,30,20
9,8702,0.0009462096178855685,0.23830019817060982,0.041237091858571384,0.7195165003529327,25,30,20
9,8703,0.0009402469705679967,0.23830019817064485,0.04123721044302773,0.7195223444157587,25,30,20
9,8704,0.0009462744168915206,0.23830019817060882,0.04123721107668699,0.719516316335812,25,30,20
9,8705,0.000946379871957559,0.23830019817062634,0.04123717130423553,0.71951625065318,25,30,20
9,8706,0.0009502874994881165,0.2383001981706372,0.04123716458023475,0.7195123497496395,25,30,20
9,8707,0.0009522619241379931,0.2383001981707301,0.04123711050067686,0.7195104294044546,25,30,20
9,8708,0.0009482334685434969,0.23827130086001402,0.04127003625762002,0.7195104294138217,25,30,20
9,8709,0.0009482683265478174,0.2382713008600331,0.041270037172805606,0.7195103936406128,25,30,20
9,8710,0.0008008507139407685,0.2384504328043336,0.04123832344473308,0.7195103930369924,25,30,20
9,8711,0.0008007106173271904,0.23845043280431452,0.04123832002195482,0.7195105365564035,25,30,20
9,8712,0.0007987831152659688,0.23845043280427697,0.04123819537204085,0.7195125887084164,25,30,20
9,8713,0.0007987836736413985,0.23845043280427727,0.041238235416941625,0.7195125481051398,25,30,20
9,8714,0.000800750166452496,0.23845043280440006,0.041238322182909785,0.719510494846237,25,30,20
9,8715,0.000806765735720952,0.23845043280439815,0.041238323653534276,0.7195044778063459,25,30,20
9,8716,0.0008069768681572113,0.2384504328043628,0.04123832311982006,0.719504267207659,25,30,20
9,8717,0.0008070392914601986,0.23724132823182711,0.042447365268733155,0.7195042672079786,25,30,20
9,8718,0.0007912372496602524,0.2372413282317505,0.04710292526334986,0.7148645092552384,25,30,20
9,8719,0.0007913416733660183,0.2372410982725994,0.047103050803473503,0.7148645092505603,25,30,20
9,8720,0.0007893352309741115,0.2372410982724891,0.04710302655754383,0.7148665399389923,25,30,20
9,8721,0.0009222220237186448,0.2372410982984983,0.04697013091616199,0.7148665487616209,25,30,20
9,8722,0.0009302109174233062,0.23723323093347468,0.04697000937787474,0.7148665487712274,25,30,20
9,8723,0.0009242900756686685,0.2372332309334553,0.04697000791323129,0.7148724710776452,25,30,20
9,8724,0.0009182715295597513,0.2372332309333897,0.04231443572193395,0.7195340618151171,25,30,20
9,8725,0.0009041868654013402,0.23724732956064115,0.04231442176844405,0.7195340618055139,25,30,20
9,8726,0.0009104222203317545,0.23724109068002439,0.04231442529404995,0.7195340618055944,25,30,20
9,8727,0.0009105598952362828,0.2372410906800425,0.04231442668075853,0.7195339227439632,25,30,20
9,8728,0.0009107025034815128,0.237241090680041,0.04231451004835167,0.7195336967681263,25,30,20
9,8729,0.0009125805273258512,0.23724109068014695,0.042314601134205765,0.7195317276583214,25,30,20
9,8730,0.0010580058286906665,0.23833699607460754,0.041073269293929286,0.7195317288027723,25,30,20
9,8731,0.0009452593188032823,0.23844983507178114,0.04107317847243258,0.7195317271369828,25,30,20
9,8732,0.0007997710183196964,0.23859556138817614,0.04107294160129687,0.719531725992207,25,30,20
9,8733,0.0007996305428598701,0.23859571265855298,0.04107293080638132,0.7195317259922055,25,30,20
9,8734,0.000821424988078529,0.238595712658658,0.04133900901361795,0.7192438533396449,25,30,20
9,8735,0.0008192578389625822,0.23859571265869742,0.041339102761787726,0.7192459267405517,25,30,20
9,8736,0.0008134831088368127,0.23859571265869778,0.041340724750847525,0.7192500794816172,25,30,20
9,8737,0.0008134761354935022,0.23859571265873342,0.04134064588541395,0.7192501653203585,25,30,20
9,8738,0.0008193308030883438,0.2385957126586981,0.04134064527199375,0.7192443112662192,25,30,20
9,8739,0.0008193308376366768,0.23859571265869814,0.041340645274375365,0.7192443112292896,25,30,20
9,8740,0.00081908905043822,0.2385957126586452,0.04134064037024013,0.7192445579206762,25,30,20
9,8741,0.0008310516568994955,0.2385957126586621,0.04134055911608328,0.7192326765683548,25,30,20
9,8742,0.000739866075055612,0.23859571263523943,0.04143032849426622,0.7192340927954386,25,30,20
9,8743,0.0007400017330040732,0.2385957126352751,0.041430330614081586,0.7192339550176392,25,30,20
9,8744,0.000753701518060983,0.2385957126353974,0.04143034040323653,0.7192202454433052,25,30,20
9,8745,0.0007479874859498314,0.23859571263545118,0.04143034238482195,0.719225957493777,25,30,20
9,8746,0.0007498478343548246,0.2385957126355923,0.041430354350077775,0.7192240851799752,25,30,20
9,8747,0.0007558664801547694,0.23982772090949883,0.04019232742544879,0.7192240851848976,25,30,20
9,8748,0.000755936546701262,0.23982772090957172,0.04019703344431218,0.7192193090994146,25,30,20
9,8749,0.000737493789270086,0.23982772090956378,0.040196236566785594,0.7192385487343803,25,30,20
9,8750,0.0007374549964455603,0.23982772090950927,0.04019623544564184,0.7192385886484035,25,30,20
9,8751,0.0007392467244718196,0.23982772090952476,0.04019165262421786,0.7192413797417859,25,30,20
9,8752,0.0007332561836829489,0.23983371024666605,0.04019165380847303,0.7192413797611783,25,30,20
9,8753,0.0007372779936146551,0.2398337102465611,0.04019156885906944,0.7192374429007549,25,30,20
9,8754,0.0007431324993844566,0.23983371024654357,0.040191567111044116,0.7192315901430281,25,30,20
9,8755,0.0007487382507878477,0.23983371024650663,0.04019156582145717,0.7192259856812487,25,30,20
9,8756,0.0007487742761286241,0.23983371024663117,0.0401916907501877,0.7192258247270529,25,30,20
9,8757,0.000754871935502125,0.23983371024663147,0.040191650727906085,0.7192197670899604,25,30,20
9,8758,0.0009637786211783209,0.23983371024881694,0.03992996126756054,0.7192725498624445,25,30,20
9,8759,0.000977621052605017,0.2398337102488689,0.039929927030487714,0.7192587416680386,25,30,20
9,8760,0.0009777261141288903,0.23983371024876182,0.03993450331664362,0.7192540603204659,25,30,20
9,8761,0.0009715986092271977,0.23983371024877873,0.03993920172976651,0.7192554894122278,25,30,20
9,8762,0.0009596482390386857,0.23983371024886918,0.03993920481937733,0.7192674366927146,25,30,20
9,8763,0.000945813931499264,0.2398337102488185,0.039939200200211,0.719281275619471,25,30,20
9,8764,0.0009459241204505427,0.23983371024783523,0.0399391774659317,0.7192811881657822,25,30,20
9,8765,0.0009380788931296892,0.2398337102476769,0.039939166030683634,0.7192890448285092,25,30,20
9,8766,0.0009381453890554406,0.2398337102476228,0.039937540346305186,0.7192906040170162,25,30,20
9,8767,0.0009156605463460183,0.23985660014420782,0.0399371353123553,0.7192906039970903,25,30,20
9,8768,0.0009197913542345328,0.2398566001440841,0.039937241206749706,0.7192863672949311,25,30,20
9,8769,0.0009196460942481572,0.2398566001440684,0.03993562019515886,0.7192881335665239,25,30,20
9,8770,0.0006889150003869252,0.23985660014175977,0.03993123021269478,0.7195232546451577,25,30,20
9,8771,0.0006750028678629782,0.23985660014162022,0.03993133700758618,0.7195370599829297,25,30,20
9,8772,0.0006750008701407621,0.2398566001416208,0.03993137695077417,0.7195370220374633,25,30,20
9,8773,0.0006809936228068698,0.2398566001416035,0.03993137670714417,0.7195310295284443,25,30,20
9,8774,0.000687148702441427,0.23985660014165625,0.039931379525815484,0.7195248716300859,25,30,20
9,8775,0.0006971619509222322,0.23985660014179444,0.03993141342215079,0.7195148244851316,25,30,20
9,8776,0.0006971955356847828,0.2398566001418113,0.03993141324605032,0.7195147910764531,25,30,20
9,8777,0.0007053269417324376,0.23985660014188384,0.03993142159242868,0.7195066513239544,25,30,20
9,8778,0.0016071649931487758,0.23985660014620522,0.039931954204172046,0.7186042806564731,25,30,20
9,8779,0.0016112245239354546,0.23985660014613613,0.039931834449260815,0.7186003408806673,25,30,20
9,8780,0.001619281767260294,0.23985660014622462,0.0399318417393856,0.7185922763471291,25,30,20
9,8781,0.001607163342934256,0.23985660014618915,0.03993192368397137,0.7186043128269048,25,30,20
9,8782,0.0006992598239959446,0.239856600141869,0.0399313921434524,0.7195127478906823,25,30,20
9,8783,0.0006991905617962206,0.23985660014190502,0.039931280389038426,0.7195129289072604,25,30,20
9,8784,0.0006911987654758351,0.2398566001418333,0.03993127318561274,0.7195209279070781,25,30,20
9,8785,0.0006910586167352409,0.239856600141742,0.03993126658249856,0.719521074659024,25,30,20
9,8786,0.000691235907635532,0.23985660014167068,0.03993596191417477,0.7195162020365189,25,30,20
9,8787,0.0006912038605205004,0.23985663355116166,0.03993596055204813,0.7195162020362698,25,30,20
9,8788,0.000697296371457938,0.23985663355107334,0.03993595615537714,0.7195101139220919,25,30,20
9,8789,0.000697394997555894,0.23813950555064523,0.0416529855291484,0.719510113922651,25,30,20
9,8790,0.0006993254269957797,0.23813950555073163,0.04165287499736202,0.7195082940249108,25,30,20
9,8791,0.0006993611102608326,0.23813950555082117,0.041648222290518545,0.7195129110483994,25,30,20
9,8792,0.0006993861268127683,0.23813947135361097,0.04164823146132999,0.7195129110582466,25,30,20
9,8793,0.0007073025930248002,0.23813947135366292,0.04164823614754278,0.7195049899057699,25,30,20
9,8794,0.000707302481305996,0.2381394713536608,0.041648233899827636,0.7195049922652058,25,30,20
9,8795,0.0006935359323450739,0.23813947135362895,0.041648228697329,0.7195187640166971,25,30,20
9,8796,0.0007096442265079703,0.23812279000373834,0.04164880172846001,0.7195187640412938,25,30,20
9,8797,0.0007095727153745607,0.23812279000379122,0.04164880458094857,0.7195188326998858,25,30,20
9,8798,0.0007095399835630771,0.2381227900037896,0.04164880544589579,0.7195188645667514,25,30,20
9,8799,0.0007058782161451113,0.23812279000389847,0.04164881439224272,0.7195225173877136,25,30,20
9,8800,0.0007056670878613915,0.23812279000393344,0.04165041749847848,0.7195211254097262,25,30,20
9,8801,0.0006995476680183606,0.23641100089630077,0.04336832603532528,0.7195211254003552,25,30,20
9,8802,0.0007059284079429993,0.23641100089630296,0.04336832630598297,0.7195147443897706,25,30,20
9,8803,0.0007058921494548813,0.23641103013058168,0.04336833334004668,0.7195147443799162,25,30,20
9,8804,0.000711776944643587,0.23640514712649943,0.04336833155396427,0.7195147443748927,25,30,20
9,8805,0.0007119193270236561,0.236404999024872,0.043368337249052306,0.7195147443990522,25,30,20
9,8806,0.0007058961764227327,0.23640499902483728,0.04336673172768144,0.7195223730710586,25,30,20
9,8807,0.0007058961668236566,0.23640499902483697,0.04336669171265023,0.7195224130956889,25,30,20
9,8808,0.0007085720185290921,0.2355612498724312,0.04420776502496234,0.719522413084077,25,30,20
9,8809,0.0007006244484778531,0.23556124987236177,0.04420764318247575,0.7195304824966843,25,30,20
9,8810,0.0007002451086461522,0.23556124987237784,0.04420768129248206,0.7195308237264938,25,30,20
9,8811,0.0012144159248450382,0.2355612498748778,0.04421345279233594,0.7190108814079413,25,30,20
9,8812,0.0012082846881034282,0.23556124987489435,0.044213452465668386,0.7190170129713338,25,30,20
9,8813,0.0012144157706626567,0.23556124987487748,0.044213453315699994,0.7190108810387599,25,30,20
9,8814,0.001208315631780831,0.23556124987487717,0.044213453260479874,0.7190169812328621,25,30,20
9,8815,0.0012123574150082542,0.19838858357668787,0.08138207778518795,0.7190169812231165,25,30,20
9,8816,0.001212457500174486,0.19838858357662129,0.08138433756262202,0.7190146213605827,25,30,20
9,8817,0.001212422645214769,0.19838849634947292,0.0813844596488968,0.7190146213564161,25,30,20
9,8818,0.0020834125836587665,0.19838849634722877,0.08051489473383407,0.7190131963352802,25,30,20
9,8819,0.0022286439869315068,0.19838849635360867,0.08051540080528884,0.7188674588541721,25,30,20
9,8820,0.0022423026857449633,0.1799741848736091,0.09891605357068783,0.7188674588699624,25,30,20
9,8821,0.0022421614215707643,0.17997418487360814,0.09891135250342842,0.7188723012013969,25,30,20
9,8822,0.002252490998523248,0.17997418487569927,0.09891612673548592,0.7188571973902953,25,30,20
9,8823,0.0022582746680886233,0.17997418487572997,0.09891382494167585,0.7188537155145095,25,30,20
9,8824,0.002272222367058461,0.17997418487581698,0.09891391373811453,0.7188396790190132,25,30,20
9,8825,0.0022783226059629553,0.1799741848758173,0.09891391381181319,0.7188335787064096,25,30,20
9,8826,0.002391466742244334,0.1806941782795248,0.09808077625951866,0.7188335787187148,25,30,20
9,8827,0.0025483851425303307,0.18069417828799827,0.09808150327093712,0.7186759332985366,25,30,20
9,8828,0.03147899946272672,0.17960873425583407,0.07023632286879798,0.7186759434126414,25,30,20
9,8829,0.03136329007482898,0.17970998278363345,0.07025078375364306,0.7186759433878946,25,30,20
9,8830,0.03090667753437694,0.17970998368822236,0.0702444835697086,0.7191388552076917,25,30,20
9,8831,0.03045370491255687,0.17970998279618644,0.07116036857853543,0.7186759437127209,25,30,20
9,8832,0.030437526223578634,0.1797267333073642,0.07115979678068032,0.7186759436883764,25,30,20
9,8833,0.04147620428519017,0.17972673160338817,0.06012112991842546,0.7186759341929958,25,30,20
9,8834,0.04148216003976561,0.17972076705204987,0.06012113871085095,0.7186759341973332,25,30,20
9,8835,0.041482203162658556,0.17972076705208714,0.06012114050695019,0.7186758892783038,25,30,20
9,8836,0.04133891474668094,0.17972076704577566,0.06012072534568521,0.7188195928618579,25,30,20
9,8837,0.04135246908284085,0.1791199346622481,0.06070800336420052,0.7188195928907103,25,30,20
9,8838,0.041346478225111616,0.17911993466228385,0.060708005914669884,0.7188255811979343,25,30,20
9,8839,0.0413344919793282,0.1791199346622835,0.06070792327860206,0.7188376500797858,25,30,20
9,8840,0.04133900926489307,0.17911993466225368,0.06070783999679225,0.7188332160760607,25,30,20
9,8841,0.04132796363631073,0.1791199346592198,0.06071888562122955,0.7188332160832397,25,30,20
9,8842,0.04081792029223731,0.17911993465656117,0.06071310181976606,0.7193490432314356,25,30,20
9,8843,0.04081010377970439,0.17973742220151168,0.06010343081630531,0.7193490432024784,25,30,20
9,8844,0.040926480808226334,0.17976418811611683,0.05996028689500707,0.7193490441806495,25,30,20
9,8845,0.04091286124955448,0.19817859889802503,0.04155949568323087,0.7193490441691897,25,30,20
9,8846,0.040906943514300693,0.1981785988980448,0.04155949776307446,0.7193549598245802,25,30,20
9,8847,0.037168713595966206,0.19817859909462052,0.045297697128168515,0.719354990181245,25,30,20
9,8848,0.037176795614480854,0.198178599094709,0.045297732811061274,0.7193468724797494,25,30,20
9,8849,0.037176795017963234,0.19817841054071178,0.045297921966426145,0.7193468724748997,25,30,20
9,8850,0.03701364177018931,0.19817841053216717,0.04529719487284241,0.7195107528248016,25,30,20
9,8851,0.03701777494324463,0.1981784105320793,0.04529718857931157,0.7195066259453651,25,30,20
9,8852,0.03701780780586476,0.19817841053211488,0.04529719118653217,0.7195065904754888,25,30,20
9,8853,0.03701787671574714,0.19817841053218654,0.04529719640730752,0.719506516344759,25,30,20
9,8854,0.03736528006877199,0.19815170942337482,0.044976177595986405,0.7195068329118675,25,30,20
9,8855,0.03739567637520762,0.19815170942366145,0.04498094869649681,0.7194716655046349,25,30,20
9,8856,0.03739557170624598,0.19815200546323744,0.044980757335235155,0.7194716654952822,25,30,20
9,8857,0.03738121080323142,0.19815200546116382,0.04497598732618936,0.7194907964094162,25,30,20
9,8858,0.03738128235269562,0.19815200546111122,0.04497598448245596,0.7194907277037379,25,30,20
9,8859,0.03749710657023694,0.19815200546118686,0.044976162282979654,0.7193747256855972,25,30,20
9,8860,0.03750523069605641,0.1981520054612941,0.04497610468003331,0.7193666591626168,25,30,20
9,8861,0.03750565067000835,0.19815158579479228,0.044976104376840034,0.7193666591583598,25,30,20
9,8862,0.03750968145135,0.19815158579472178,0.044976015239289964,0.7193627175146389,25,30,20
9,8863,0.03750568764019542,0.19815558126306232,0.04497601356289313,0.71936271753385,25,30,20
9,8864,0.03749966270301177,0.19815558126299193,0.04497600743177197,0.7193687486022255,25,30,20
9,8865,0.03750719459306966,0.19814032353726968,0.04498373325340177,0.7193687486162601,25,30,20
9,8866,0.0375130053336486,0.19814032353726677,0.0449837314223498,0.7193629397067361,25,30,20
9,8867,0.03751703445378416,0.19814032353723326,0.04498372749291935,0.7193589145160645,25,30,20
9,8868,0.037510574534407364,0.19814032353719366,0.04498372284975224,0.7193653790786478,25,30,20
9,8869,0.037496634301221875,0.19816144024571714,0.04497654638869505,0.7193653790643671,25,30,20
9,8870,0.03750862792639224,0.1981614402456991,0.044976604493911596,0.719353327333998,25,30,20
9,8871,0.0375147167897088,0.1998727060712817,0.043259249785760845,0.7193533273532497,25,30,20
9,8872,0.03752070392735175,0.19987270607129765,0.04325924995432496,0.7193473400470269,25,30,20
9,8873,0.03753447354553243,0.19987270607131133,0.04325925401829869,0.7193335663648588,25,30,20
9,8874,0.03752847945597222,0.19987270607132795,0.04325925507561342,0.7193395593970874,25,30,20
9,8875,0.03752259031647097,0.1998727060713276,0.0432592536192757,0.7193454499929267,25,30,20
9,8876,0.037412617301450825,0.19987270607119847,0.043259071947863104,0.7194556046794882,25,30,20
9,8877,0.03740844624415195,0.19987270607125016,0.0432543787034061,0.7194644689811922,25,30,20
9,8878,0.03742804774322605,0.19987270607126514,0.04325438218494933,0.7194448640005602,25,30,20
9,8879,0.037428047156686045,0.19987270607126487,0.04325438273618621,0.7194448640358637,25,30,20
9,8880,0.0374382776837002,0.19987270607146596,0.04325439932615574,0.7194346169186787,25,30,20
9,8881,0.03790981737067904,0.19987270607574634,0.04325483484179169,0.7189626417117835,25,30,20
9,8882,0.03789416239686983,0.1998727060756262,0.04325482229715502,0.7189783092303493,25,30,20
9,8883,0.041376839314964144,0.19987270582009667,0.0397721762915854,0.7189782785733534,25,30,20
9,8884,0.04137673517290025,0.19987270582007916,0.039772175517466674,0.7189783834895538,25,30,20
9,8885,0.04137062954031002,0.1998727058200441,0.03977217490525665,0.7189844897343886,25,30,20
9,8886,0.041376725341379664,0.1998727058200441,0.039772174863144806,0.7189783939754308,25,30,20
9,8887,0.042282662623708556,0.19896627223794147,0.03977267060408568,0.7189783945342638,25,30,20
9,8888,0.04228462475362185,0.1989662722380106,0.03977267655371441,0.7189764264546527,25,30,20
9,8889,0.04227068081086986,0.19896627223794056,0.039772786594069985,0.7189902603571192,25,30,20
9,8890,0.04227075293516311,0.19896619389188847,0.03977279281573832,0.7189902603572099,25,30,20
9,8891,0.04226868544522005,0.19896619389199258,0.03977280182596596,0.7189923188368212,25,30,20
9,8892,0.042276810628541196,0.19895751578662707,0.03977335473849235,0.7189923188463392,25,30,20
9,8893,0.042280945070253546,0.19895751578654136,0.03977342901534238,0.7189881101278626,25,30,20
9,8894,0.04228097722705992,0.1989580347593264,0.03977287788583689,0.7189881101277767,25,30,20
9,8895,0.04227712620955634,0.1989580347592026,0.039772865986456366,0.7189919730447847,25,30,20
9,8896,0.04227712594588875,0.1989585975830703,0.03977230344574338,0.7189919730252976,25,30,20
9,8897,0.042279073029356094,0.19895649621568318,0.03977245767654772,0.7189919730784129,25,30,20
9,8898,0.0422790580267708,0.1989566588657332,0.03977231006314748,0.7189919730443485,25,30,20
9,8899,0.04182682961889662,0.19895659406209926,0.0402249172753899,0.7189916590436141,25,30,20
9,8900,0.012342303710243615,0.1989565940747229,0.06970944296701788,0.7189916592480146,25,30,20
9,8901,0.01232622407322152,0.19895659407461103,0.06970943190396166,0.7190077499482047,25,30,20
9,8902,0.012340204440754479,0.19895659407475327,0.0697095242058177,0.7189936772786731,25,30,20
9,8903,0.012326491335667251,0.19895659407471974,0.06970946276298527,0.7190074518266267,25,30,20
9,8904,0.012334337723827868,0.1989487345769537,0.06970947586307419,0.7190074518361436,25,30,20
9,8905,0.012318783490881988,0.1989487345768145,0.06970946384859929,0.7190230180837038,25,30,20
9,8906,0.012324740578343008,0.1989487345768323,0.06970946080582605,0.7190170640389982,25,30,20
9,8907,0.012316756803486087,0.19771943084226354,0.07094674832501881,0.7190170640292313,25,30,20
9,8908,0.012316757448209916,0.1977194308423011,0.07094675057530479,0.719017061134184,25,30,20
9,8909,0.012322675833160561,0.19771943084231983,0.07094675197902699,0.7190111413454925,25,30,20
9,8910,0.012339230448958486,0.19771943084456872,0.07094682750450632,0.7189945112019663,25,30,20
9,8911,0.012343232699449059,0.19771943084453536,0.07094686086851304,0.7189904755875027,25,30,20
9,8912,0.0027706780676372772,0.1977194309480352,0.0805189829664886,0.7189909080178427,25,30,20
9,8913,0.002784516588330418,0.19770558525499726,0.08051899013424593,0.7189909080224304,25,30,20
9,8914,0.0027725322753616695,0.19770245092944166,0.08053410877268181,0.7189909080225187,25,30,20
9,8915,0.0027704656678628416,0.19770245092958216,0.08053412226878341,0.7189929611337756,25,30,20
9,8916,0.0022968586716796673,0.1977024509254065,0.08053369720321168,0.7194669931997062,25,30,20
9,8917,0.002296434694832261,0.19770245092534797,0.0805383928280608,0.7194627215517625,25,30,20
9,8918,0.002320962033771858,0.19770245092549846,0.080538789825155,0.7194377972155779,25,30,20
9,8919,0.001419025471846465,0.1986048909131643,0.08053828695789891,0.7194377966570936,25,30,20
9,8920,0.0014129296186674446,0.19860489091312986,0.08053358650344913,0.7194485929647568,25,30,20
9,8921,0.0013989535826496478,0.19860489091298825,0.08053349331284985,0.7194626621915157,25,30,20
9,8922,0.0013987400940524467,0.19860489091295375,0.08053349282326991,0.7194628761697272,25,30,20
9,8923,0.001398633861431455,0.19860489091297098,0.08065862730471231,0.7193378479208881,25,30,20
9,8924,0.0008824093305236727,0.1986048907993914,0.0811644064869979,0.7193482933830897,25,30,20
9,8925,0.0008824111302331404,0.1986048907993913,0.08103927230006594,0.7194734257703123,25,30,20
9,8926,0.0008821701569022343,0.19860489079935667,0.08103935185413981,0.7194735871896039,25,30,20
9,8927,0.0008839210469572777,0.1986048907993792,0.08103947651696,0.7194717116367062,25,30,20
9,8928,0.0008837429858173101,0.19925323385056537,0.08039131152675512,0.7194717116368651,25,30,20
9,8929,0.0008897315000635186,0.19923089365807684,0.08040766317584545,0.7194717116660172,25,30,20
9,8930,0.0010250341880166196,0.19923089366338828,0.0804081597833668,0.7193359123652309,25,30,20
9,8931,0.0010328785614970545,0.19923089366347427,0.08041034751117643,0.7193258802638544,25,30,20
9,8932,0.0008978177360932288,0.19923089365812618,0.0804098125420617,0.7194614760637211,25,30,20
9,8933,0.000897623360163723,0.1992308936557964,0.08042088416727257,0.7194505988167691,25,30,20
9,8934,0.0008994785995370822,0.19923089365586713,0.08042091819149601,0.7194487095531014,25,30,20
9,8935,0.008162097736253298,0.1992308936517588,0.07315830020199128,0.719448708409997,25,30,20
9,8936,0.008168093866582887,0.19925580796717338,0.07312738978548261,0.7194487083807615,25,30,20
9,8937,0.008175939584488095,0.19925580796726058,0.07312739679549873,0.7194408556527531,25,30,20
9,8938,0.008163966421235952,0.19925580796729547,0.07312513599180394,0.7194550896196651,25,30,20
9,8939,0.0081598726264953,0.19984918251434472,0.0725358552303001,0.7194550896288603,25,30,20
9,8940,0.008158224821118094,0.19985116909377376,0.07253551646550858,0.7194550896196,25,30,20
9,8941,0.008144280729382423,0.19986457371093494,0.0725360559495968,0.7194550896100864,25,30,20
9,8942,0.00813043699359255,0.1998789782453925,0.07253549516036872,0.7194550896006467,25,30,20
9,8943,0.008129818310492061,0.19987897824324763,0.0725354309661117,0.7194557724801491,25,30,20
9,8944,0.008137910951634771,0.19987897824333736,0.0725354404605671,0.7194476703444613,25,30,20
9,8945,0.008129820846472673,0.19987897824324918,0.07253543180768994,0.7194557691025888,25,30,20
9,8946,0.008132340122027465,0.19987897824329082,0.07253550787819527,0.719453173756487,25,30,20
9,8947,0.0369002490546143,0.1998794495856156,0.04376712189057643,0.7194531794691941,25,30,20
9,8948,0.037139947398664636,0.1998794495898992,0.043767592917498585,0.719213010093938,25,30,20
9,8949,0.03713384595950423,0.19987944958993456,0.043767593139983775,0.7192191113105776,25,30,20
9,8950,0.03688977060688342,0.19987944958553794,0.04376701148436142,0.7194637683232173,25,30,20
9,8951,0.036887905978326564,0.1998794495854321,0.043767002179828526,0.7194656422564131,25,30,20
9,8952,0.036887635053429395,0.19987944958543108,0.04403314475889699,0.7191997706022429,25,30,20
9,8953,0.03685734297542273,0.19987944958517911,0.04402845359446859,0.7192347538449293,25,30,20
9,8954,0.03685737713223669,0.19987944958518217,0.04415789788257108,0.7191052754000092,25,30,20
9,8955,0.036857507872530025,0.19987944958518256,0.04389175427433737,0.7193712882679493,25,30,20
9,8956,0.03686540363791759,0.19987944958546877,0.04389838013951776,0.7193567666370951,25,30,20
9,8957,0.03688167621910783,0.19987944959472823,0.043900086584396744,0.7193387876017667,25,30,20
9,8958,0.03690346463801974,0.19987944959484832,0.043770654113379034,0.7194464316537522,25,30,20
9,8959,0.037811365472179344,0.19987944959913392,0.0437711839042772,0.7185380010244087,25,30,20
9,8960,0.030408860135349623,0.19987944961029494,0.05117368915703441,0.7185380010973198,25,30,20
9,8961,0.030408998338528215,0.19987944961036594,0.05117377609374714,0.7185377759573577,25,30,20
9,8962,0.030414884630823664,0.19987944961036588,0.051173776833247205,0.7185318889255623,25,30,20
9,8963,0.03040900050741289,0.19987944961036555,0.051173778121308106,0.7185377717609128,25,30,20
9,8964,0.029503029021345547,0.19987944960616658,0.05741871935655899,0.7131988020159283,25,30,20
9,8965,0.029506983339369332,0.19987944960630633,0.05741872820215046,0.7131948388521734,25,30,20
9,8966,0.029506985692893218,0.19987944960632323,0.05741881045232827,0.7131947542484548,25,30,20
9,8967,0.029491057715016037,0.19987944960620319,0.057418803690008284,0.713210688988772,25,30,20
9,8968,0.030397161658598088,0.19987944961040185,0.05117386287277442,0.7185495258582248,25,30,20
9,8969,0.030419130496102655,0.17326408365547788,0.07776725997090222,0.7185495258775166,25,30,20
9,8970,0.030423159703577153,0.17326408365541993,0.07776713415070313,0.7185456224902995,25,30,20
9,8971,0.0295151671885748,0.1732640836511538,0.07776660887663173,0.7194541402836395,25,30,20
9,8972,0.029521159835273897,0.17326408365121104,0.0777665326888726,0.7194482238246421,25,30,20
9,8973,0.029519267000319677,0.17326590089633162,0.07776660828805688,0.7194482238152915,25,30,20
9,8974,0.029519653213533125,0.17326606389933893,0.07776605905720693,0.7194482238299209,25,30,20
9,8975,0.02952616145744074,0.17326606390032576,0.07776617359553406,0.7194416010466996,25,30,20
9,8976,0.029528080401955183,0.17326420982545782,0.07776610872649475,0.7194416010460923,25,30,20
9,8977,0.03240318930806066,0.17326420993362174,0.07489099745474977,0.7194416033035675,25,30,20
9,8978,0.02974875136662515,0.17326420983218743,0.07754530389690854,0.7194417349042785,25,30,20
9,8979,0.029742625179608635,0.17326420983211488,0.07754529606306598,0.7194478689252102,25,30,20
9,8980,0.02974061964065906,0.173264209831829,0.07753867166398165,0.7194564988635298,25,30,20
9,8981,0.029716088582864498,0.1732642098316785,0.07753827607769412,0.7194814255077624,25,30,20
9,8982,0.029716055853873137,0.17326420983167626,0.07753827487511425,0.7194814594393354,25,30,20
9,8983,0.02971612406477827,0.17326420983171378,0.07753831760711105,0.7194813484963954,25,30,20
9,8984,0.029710130339161762,0.1732642098316677,0.07753835595727376,0.719487303871895,25,30,20
9,8985,0.029708098946564104,0.17326584574964687,0.0775387514221977,0.7194873038815897,25,30,20
9,8986,0.029703625508240208,0.1732658457485014,0.07753862505613238,0.7194919036871245,25,30,20
9,8987,0.02970394673062259,0.17326584574959475,0.07754090493333203,0.7194893025864489,25,30,20
9,8988,0.029823857571207302,0.173145007231041,0.07754183094934285,0.7194893042484074,25,30,20
9,8989,0.029641503553016597,0.1731450072241239,0.07771669684560757,0.7194967923772502,25,30,20
9,8990,0.029519732767893787,0.17326771023069576,0.07771576630057302,0.7194967907008357,25,30,20
9,8991,0.029525295581556345,0.17326771022960205,0.07771348438303108,0.7194935098058088,25,30,20
9,8992,0.02952802863382604,0.17326771022957171,0.0777135068071314,0.719490754329469,25,30,20
9,8993,0.0295296022885713,0.17325527427395532,0.07772436911319738,0.7194907543242742,25,30,20
9,8994,0.029535420645430546,0.17325527427391896,0.07772432788903048,0.7194849771916182,25,30,20
9,8995,0.029541098710867603,0.17324200718226826,0.07773191691542791,0.7194849771914349,25,30,20
9,8996,0.02953527241312702,0.17324200718231958,0.07773191585779976,0.7194908045467525,25,30,20
9,8997,0.029535344216411928,0.17324200718235494,0.07773191847972284,0.7194907301215092,25,30,20
9,8998,0.029535416562977604,0.17325223595408065,0.07772161736109226,0.7194907301218484,25,30,20
9,8999,0.02955933382287447,0.17325223595427533,0.07772163393887477,0.7194667962839741,25,30,20
9,9000,0.029529292745500587,0.17325223594498457,0.0777199520691642,0.7194985192403495,25,30,20
9,9001,0.029529322026355224,0.17325223594496453,0.07771995716588576,0.7194984848627933,25,30,20
9,9002,0.02950751394161848,0.17325223594482522,0.0777215944419885,0.7195186556715667,25,30,20
9,9003,0.029507410123260747,0.1732522359448596,0.077721623150823,0.7195187307810557,25,30,20
9,9004,0.02951343387052545,0.17325223594489494,0.0777216248011639,0.7195127053834147,25,30,20
9,9005,0.029513468068155087,0.17325223594491304,0.07772170860136997,0.7195125873855609,25,30,20
9,9006,0.029513297495280512,0.1732522359448586,0.07772167724995611,0.719512789309904,25,30,20
9,9007,0.029512738901032946,0.17325223594478412,0.07772164502028045,0.7195133801339015,25,30,20
9,9008,0.029518943752542305,0.17325223594477737,0.07772152483995462,0.7195072954627245,25,30,20
9,9009,0.029519048782400466,0.17325223594476077,0.07772152318095235,0.7195071920918853,25,30,20
9,9010,0.02951516386750491,0.1732565254490481,0.07772111861085251,0.7195071920725934,25,30,20
9,9011,0.029521040206208393,0.17325652544904827,0.07771946791123745,0.7195029664335046,25,30,20
9,9012,0.029528895866702824,0.1732565254491159,0.0777195585563312,0.7194950201278489,25,30,20
9,9013,0.029523144517476004,0.17326991447217652,0.07771192086309274,0.7194950201472536,25,30,20
9,9014,0.040377369626028094,0.1732694640804788,0.06685813692794715,0.7194950293655451,25,30,20
9,9015,0.04037176388335921,0.17326946408053387,0.06685814094859063,0.7195006310875158,25,30,20
9,9016,0.04034794982224016,0.17326946408039764,0.0668581281251355,0.7195244579722261,25,30,20
9,9017,0.040341924874599394,0.17326946408034513,0.06686040408592647,0.719528206959128,25,30,20
9,9018,0.04033999905543777,0.17326109406896564,0.06687069992132258,0.7195282069542733,25,30,20
9,9019,0.040337962035186435,0.17326109406910578,0.06687079444342875,0.7195301494522784,25,30,20
9,9020,0.04033782062628108,0.17326109406910603,0.06687079241522562,0.7195302928893866,25,30,20
9,9021,0.04033795681858938,0.1732610940691407,0.06686851372727859,0.7195324353849908,25,30,20
9,9022,0.04102276420459949,0.1732610977025121,0.06619132350595126,0.7195248145869367,25,30,20
9,9023,0.04102269229078021,0.173260788907298,0.06619170423396875,0.7195248145679526,25,30,20
9,9024,0.041030641691688255,0.1732607889073198,0.06619170639672367,0.719516863004268,25,30,20
9,9025,0.04103071167845352,0.17326078890733673,0.06619170204916623,0.719516797365043,25,30,20
9,9026,0.04103263924485168,0.17326078890762048,0.06619164460327527,0.719514927244252,25,30,20
9,9027,0.04103267297404071,0.17326078890763916,0.06619164741268312,0.7195148907056366,25,30,20
9,9028,0.041018593948124044,0.17326078890752972,0.0661915573880093,0.7195290597563365,25,30,20
9,9029,0.041026438428847796,0.17326078890754093,0.06619155870793891,0.7195212139556719,25,30,20
9,9030,0.041028331200272765,0.17325888401741513,0.06619157080232718,0.7195212139799843,25,30,20
9,9031,0.04101121685212068,0.1606885470266721,0.07877902204331157,0.719521214077895,25,30,20
9,9032,0.041011181835493724,0.16068897514617844,0.0787786289312452,0.7195212140870821,25,30,20
9,9033,0.04102353816476392,0.16068897514611494,0.07877868693657204,0.7195087997525488,25,30,20
9,9034,0.041029456003873616,0.16068897514611233,0.07877868115087933,0.7195028876991338,25,30,20
9,9035,0.041035587262230486,0.16068897514613079,0.07877868252944348,0.7194967550621943,25,30,20
9,9036,0.04102945904205019,0.16068897514614772,0.07877868373878383,0.7195028820730173,25,30,20
9,9037,0.041033485154240566,0.1606535147099612,0.07881011808166279,0.7195028820541345,25,30,20
9,9038,0.04103766451273174,0.16065351471206912,0.07881018277827936,0.7194986379969187,25,30,20
9,9039,0.04103164027738084,0.16065351471203343,0.0788100645319963,0.7195047804785882,25,30,20
9,9040,0.041031778904236225,0.16065351471207126,0.07881006478463105,0.7195046415990605,25,30,20
9,9041,0.041025787779142765,0.16065351471208877,0.07881003990076872,0.7195106576079986,25,30,20
9,9042,0.07391989833901551,0.16065351852079762,0.045914681398462054,0.719511901741724,25,30,20
9,9043,0.07392178782226363,0.16065161747017284,0.04591469295615193,0.7195119017514101,25,30,20
9,9044,0.07392578038695662,0.16064763153740572,0.045914686329242345,0.7195119017463938,25,30,20
9,9045,0.0739319094258641,0.16064763153744166,0.04591696523786534,0.7195034937988274,25,30,20
9,9046,0.0739242060813739,0.16064763153715916,0.045916940542944325,0.7195112218385213,25,30,20
9,9047,0.07391442484579716,0.16064763153716313,0.0459168616812248,0.7195210819358141,25,30,20
9,9048,0.07391656573117615,0.1606476315370036,0.045916766753028436,0.7195190359787911,25,30,20
9,9049,0.07913665856787967,0.16064857440716132,0.04069613481982428,0.719518632205134,25,30,20
9,9050,0.0791366265839155,0.16064857440714317,0.0406961315150317,0.719518667493909,25,30,20
9,9051,0.07913690393106472,0.16064857440714506,0.04069613367002984,0.7195183879917597,25,30,20
9,9052,0.07913101993139719,0.160654458387502,0.040696133688903895,0.7195183879921963,25,30,20
9,9053,0.07960262701830631,0.1606544583918189,0.04069876039953797,0.7190441541903361,25,30,20
9,9054,0.07961656943432277,0.16065445839197526,0.04069877217616603,0.7190301999975348,25,30,20
9,9055,0.07962266278618169,0.16065445839197368,0.04069877194340254,0.7190241068784412,25,30,20
9,9056,0.07962452209496795,0.16065445839206227,0.0407004014226317,0.7190206180903372,25,30,20
9,9057,0.0796303724240885,0.1606544583920081,0.040700397925670116,0.7190147712582321,25,30,20
9,9058,0.07962627480732688,0.1606544583921161,0.04070268392676992,0.719016582873786,25,30,20
9,9059,0.07962186386564105,0.16065445838990342,0.04070266803905132,0.7190210097054028,25,30,20
9,9060,0.07960803085547022,0.16065445838983405,0.040702663579692745,0.7190348471750021,25,30,20
9,9061,0.07961009728740662,0.16065445838976122,0.040702654296186636,0.7190327900266449,25,30,20
9,9062,0.07961009362879422,0.16065445838983286,0.04070265935551299,0.7190327886258595,25,30,20
9,9063,0.07961009118118433,0.16065445838983322,0.040702658797995755,0.7190327916309863,25,30,20
9,9064,0.07961426817329874,0.16065445838991224,0.045358426736792634,0.7143728466999959,25,30,20
9,9065,0.07961130958597627,0.1598768082897334,0.046071356925737925,0.7144405251985521,25,30,20
9,9066,0.07964097763922286,0.15987680828991122,0.04607796880039215,0.7144042452704737,25,30,20
9,9067,0.0791695076736488,0.1598768082856127,0.04607534347309481,0.7148783405676434,25,30,20
9,9068,0.07917350572537954,0.15987680828552256,0.046073057848661704,0.7148766281404358,25,30,20
9,9069,0.0791692232713849,0.15987680828542714,0.04141728971135431,0.7195366787318335,25,30,20
9,9070,0.07916911778599457,0.15987680828539083,0.04141728860174153,0.7195367853268725,25,30,20
9,9071,0.07916274333006083,0.1598768082853893,0.041417286516528644,0.7195431618680205,25,30,20
9,9072,0.07951297925380728,0.1598768082897358,0.0414179702553685,0.7191922422010877,25,30,20
9,9073,0.07952082517657337,0.15987680828983994,0.0414179763059325,0.7191843902276536,25,30,20
9,9074,0.07917868192106921,0.15987680828558198,0.04141729993244593,0.7195272098609022,25,30,20
9,9075,0.07920130790780609,0.159876808287854,0.04141737573365962,0.7195045080706796,25,30,20
9,9076,0.0792097150120976,0.15987680828782125,0.041417377455651175,0.7194960992444295,25,30,20
9,9077,0.07921157632950923,0.1598846383607552,0.04140768604139176,0.7194960992683436,25,30,20
9,9078,0.0792253797685191,0.159870437853149,0.04140808311015962,0.7194960992681719,25,30,20
9,9079,0.07922940786324906,0.15985630094555886,0.04148584923160695,0.7194284419595847,25,30,20
9,9080,0.07920981688523235,0.15985630094545863,0.04147928458423527,0.7194545975850731,25,30,20
9,9081,0.07919325357270289,0.1598563009431851,0.04147921166699832,0.7194712338171132,25,30,20
9,9082,0.07455199371409059,0.1598562854766975,0.04612048014887606,0.7194712406603346,25,30,20
9,9083,0.07454597697668242,0.15985628547671699,0.04611820105944614,0.7194795364871536,25,30,20
9,9084,0.07570352859815731,0.15985628540507013,0.04489523617797345,0.7195449498187982,25,30,20
9,9085,0.07571148045205622,0.15985628540512173,0.044895240268706435,0.7195369938741152,25,30,20
9,9086,0.07570352819909902,0.15985628540503444,0.04489523304561461,0.7195449533502515,25,30,20
9,9087,0.07570366896576193,0.15985628540510582,0.044895278204992374,0.7195447674241394,25,30,20
9,9088,0.07570405841821072,0.15985628540509178,0.04489756002217705,0.7195420961545205,25,30,20
9,9089,0.07455442306828561,0.16026304766493435,0.04570586755262985,0.7194766617141503,25,30,20
9,9090,0.07455256245320754,0.1602630476648454,0.045704240105074845,0.7194801497768721,25,30,20
9,9091,0.07455248325015935,0.1602630476647912,0.04570424074363183,0.7194802283414176,25,30,20
9,9092,0.07455258634995103,0.16026304766480812,0.04570439406511435,0.7194799719201264,25,30,20
9,9093,0.07455233479509504,0.1602630476648406,0.0457021131713736,0.7194825043686908,25,30,20
9,9094,0.07455226187129772,0.1602627774561577,0.04570245630887536,0.719482504363669,25,30,20
9,9095,0.07455226194811956,0.16026271755002497,0.04570251613819279,0.7194825043636626,25,30,20
9,9096,0.07455862932843903,0.16022530360428863,0.045733562703414415,0.7194825043638577,25,30,20
9,9097,0.07456684765295453,0.1602253036044187,0.045733431704978775,0.7194744170376478,25,30,20
9,9098,0.07455486938716537,0.16023766747019974,0.045733046099969504,0.7194744170426652,25,30,20
9,9099,0.07455538357159214,0.16023766747027032,0.045732994792871545,0.719473954165266,25,30,20
9,9100,0.07455954494293737,0.12104204188366706,0.08492445902243503,0.7194739541509643,25,30,20
9,9101,0.07455954493312623,0.11980407168643956,0.08616242923414845,0.7194739541462916,25,30,20
9,9102,0.07455728960338964,0.11980407168642163,0.08616712736069009,0.7194715113495046,25,30,20
9,9103,0.07455725335828138,0.11980407168638565,0.08616712276782648,0.7194715521875122,25,30,20
9,9104,0.07453686387405979,0.1198040716863293,0.08616712018129537,0.7194919442583209,25,30,20
9,9105,0.07453101026028482,0.11980407168640157,0.08616712333295766,0.7194977947203608,25,30,20
9,9106,0.07452501918222579,0.11984150777590719,0.08613567833153661,0.719497794710335,25,30,20
9,9107,0.07451902936877512,0.11984150777592535,0.08613575397544711,0.7195037088798564,25,30,20
9,9108,0.07564516399716215,0.11984055775421806,0.08501140954489117,0.7195028687037325,25,30,20
9,9109,0.0756451635478979,0.11984055775421801,0.08501140952592671,0.7195028691719613,25,30,20
9,9110,0.07566893730366422,0.11984055775637534,0.0850116843361204,0.7194788206038438,25,30,20
9,9111,0.07566900555394501,0.11984055775641188,0.08501168494844837,0.7194787517411981,25,30,20
9,9112,0.07566886512717091,0.1198405577563587,0.08501179892498774,0.719478778191486,25,30,20
9,9113,0.07566063543268281,0.119840557756252,0.08501179019921178,0.7194870166118565,25,30,20
9,9114,0.07565506671860463,0.11984055775629145,0.0850117931049106,0.7194925824201955,25,30,20
9,9115,0.07564474535075462,0.11984055775623163,0.08501164394366353,0.7195030529493516,25,30,20
9,9116,0.075630834267125,0.11943379992920501,0.08543110670439508,0.7195042590992757,25,30,20
9,9117,0.0756309070308315,0.1194337386113976,0.08543109525841024,0.7195042590993616,25,30,20
9,9118,0.0756265045629034,0.11946958327190732,0.08539965304680658,0.7195042591183839,25,30,20
9,9119,0.07562809170510301,0.11946958327187313,0.085401960291175,0.719500364731851,25,30,20
9,9120,0.07565829933954099,0.11946957884361087,0.08530399771836805,0.7195681240984821,25,30,20
9,9121,0.07566246892827531,0.11946957884363048,0.08530399418032247,0.719563958047774,25,30,20
9,9122,0.0756445455931615,0.11946957883571446,0.08535653585721238,0.719529339713914,25,30,20
9,9123,0.07564447384013759,0.11946957883573323,0.08535653728479745,0.7195294100393335,25,30,20
9,9124,0.07564978688168299,0.11946957853404191,0.08535122600639282,0.7195294085778839,25,30,20
9,9125,0.07564989227647295,0.11946957853405793,0.08535122471048118,0.7195293044789893,25,30,20
9,9126,0.07567811212845904,0.11944123893892022,0.0853513444434198,0.7195293044892023,25,30,20
9,9127,0.07567818745553392,0.11944123893893653,0.08535122774561323,0.7195293458599177,25,30,20
9,9128,0.07567219604663109,0.11944123893891902,0.08535122947508017,0.7195353355393711,25,30,20
9,9129,0.07567233306364259,0.11944123893893682,0.08535123080821957,0.7195351971892023,25,30,20
9,9130,0.07582824443484515,0.11944123894997252,0.08522964402975734,0.7195008725854264,25,30,20
9,9131,0.07566567955369977,0.11944123893664915,0.08354172992810542,0.7213513515815447,25,30,20
9,9132,0.07565572748001662,0.11944123893675739,0.08354173639964296,0.7213612971835822,25,30,20
9,9133,0.07565580519635098,0.11944123893779379,0.08354169555492903,0.7213612603109257,25,30,20
9,9134,0.07566442721806593,0.11944123893743783,0.0853823548024537,0.7195119790420427,25,30,20
9,9135,0.07566631952489575,0.11944123893750982,0.08538236318092902,0.7195100783566655,25,30,20
9,9136,0.07566026039357612,0.11944123893745508,0.08538235945275369,0.7195161412162152,25,30,20
9,9137,0.07566625062029503,0.11944123893747262,0.0853823598455035,0.7195101505967288,25,30,20
9,9138,0.07567216893009145,0.11944123893749074,0.08538236116146944,0.7195042309709484,25,30,20
9,9139,0.07657381012954594,0.11944123894172666,0.08538286602902226,0.7186020848997053,25,30,20
9,9140,0.07655564408978789,0.1194412389395158,0.08538258585232131,0.7186205311183751,25,30,20
9,9141,0.07655120830349915,0.11944123893940409,0.0853825645041198,0.7186249882529772,25,30,20
9,9142,0.07663717920217032,0.11935518643395943,0.08538264612047047,0.7186249882434,25,30,20
9,9143,0.07663720900876013,0.11935518643383089,0.08537792766749548,0.7186296768899137,25,30,20
9,9144,0.07664323692252543,0.11935518643384985,0.08537785114484084,0.7186237254987842,25,30,20
9,9145,0.07664344667327685,0.11935518643381257,0.08537782208363875,0.718623544809272,25,30,20
9,9146,0.07664320813886463,0.11935518643383075,0.08537788017154604,0.7186237252557588,25,30,20
9,9147,0.07664317711982142,0.11935518643379572,0.08537787856038172,0.7186237578860011,25,30,20
9,9148,0.07664314392578818,0.11935518643377822,0.08537788124985708,0.7186237883905763,25,30,20
9,9149,0.0766648252010104,0.11935518643382811,0.08537790057440224,0.7186020877907586,25,30,20
9,9150,0.07666479484597624,0.1193551864338097,0.085377981827151,0.7186020368930628,25,30,20
9,9151,0.07666528737119555,0.12059259331367679,0.08414008241217723,0.7186020369029502,25,30,20
9,9152,0.07666542768954578,0.12059259331372997,0.08414008638388414,0.7186018926128404,25,30,20
9,9153,0.0766694216261953,0.12058836844063,0.08414031726239736,0.7186018926707777,25,30,20
9,9154,0.07667523193977227,0.12058836844057337,0.0841419382183704,0.7185944614012841,25,30,20
9,9155,0.0766692064960766,0.12058836844050297,0.08414193105673587,0.7186004940066847,25,30,20
9,9156,0.07668520945956103,0.1205883684406452,0.08414194325705716,0.7185844788427367,25,30,20
9,9157,0.07668534953063996,0.12058836844066338,0.0841419845023244,0.7185842975263728,25,30,20
9,9158,0.07668762261319187,0.12058836844055537,0.08413971142918936,0.7185842975170638,25,30,20
9,9159,0.07668550855269309,0.12058836844051625,0.08413740185936479,0.7185887211474258,25,30,20
9,9160,0.07669160503232837,0.12058836844051751,0.08413748258655318,0.718582543940601,25,30,20
9,9161,0.076689401040973,0.1201540569304986,0.08457399779399914,0.7185825442345287,25,30,20
9,9162,0.07668344321939453,0.12015405693055145,0.08457400067164465,0.7185884991784087,25,30,20
9,9163,0.07667745416313693,0.12015405693056744,0.08457392021104916,0.718594568695246,25,30,20
9,9164,0.0767913033912922,0.12002935271991161,0.08458477522689867,0.7185945686618969,25,30,20
9,9165,0.07589747455896322,0.1200293527157277,0.08458427502505597,0.719488897700252,25,30,20
9,9166,0.07590335610744706,0.12002935271572734,0.08458427289959655,0.719483018277228,25,30,20
9,9167,0.07578565061665876,0.12013574111652588,0.08459559000455523,0.7194830182622591,25,30,20
9,9168,0.07578974861175959,0.12013574111643663,0.08459558135127544,0.7194789289205274,25,30,20
9,9169,0.07578960826379869,0.12013574111638312,0.0845956178455613,0.7194790327742561,25,30,20
9,9170,0.07578536224122806,0.12013574111534546,0.08459565998745475,0.7194832366559707,25,30,20
9,9171,0.07578535975034377,0.12013574111534417,0.08459565991666793,0.719483239217643,25,30,20
9,9172,0.07579128076270036,0.12013574111554587,0.08459587871557113,0.7194770994061815,25,30,20
9,9173,0.07579171602300142,0.12014834177562804,0.08458284280962904,0.7194770993917409,25,30,20
9,9174,0.07579181982187946,0.12014834177562836,0.08458284280889833,0.7194769955935933,25,30,20
9,9175,0.07580180202810342,0.12014834177555507,0.08458283249212092,0.7194670237042202,25,30,20
9,9176,0.07578811636490607,0.12014834177548597,0.08458282752122528,0.7194807143383822,25,30,20
9,9177,0.07579432985845726,0.12014834177550675,0.08458278997356997,0.7194745383924654,25,30,20
9,9178,0.07580827068229126,0.12014834177559429,0.08458279423631061,0.7194605933058037,25,30,20
9,9179,0.07583263416939574,0.12014834177987631,0.08458304695799371,0.7194359770927341,25,30,20
9,9180,0.07571668898159026,0.12026449877894523,0.08458283516658244,0.7194359770728816,25,30,20
9,9181,0.08046937443653848,0.1202645061552182,0.079830166907829,0.7194359525004139,25,30,20
9,9182,0.0804689410259214,0.12026450615519792,0.07983016653419434,0.7194363862846859,25,30,20
9,9183,0.08048278522609516,0.12026450615525172,0.08008750867066344,0.719165199947988,25,30,20
9,9184,0.042484890863523604,0.12133089785165818,0.1170165861003766,0.7191676251844396,25,30,20
9,9185,0.0044294411596106,0.1213308979576785,0.15507200956206213,0.7191676513206525,25,30,20
9,9186,0.004435647224448846,0.12176128519343937,0.1546354162646611,0.7191676513174545,25,30,20
9,9187,0.004899275841646757,0.12176128519967705,0.15463585650408904,0.718703582454591,25,30,20
9,9188,0.004899519933455376,0.1217612851995135,0.15463564249116754,0.7187035523758669,25,30,20
9,9189,0.004903660560814586,0.12176128519943084,0.15463579445538744,0.7186992597843701,25,30,20
9,9190,0.004899517849039185,0.12176128519949532,0.1546372236252462,0.7187019733262222,25,30,20
9,9191,0.00489348899367798,0.12176128519949715,0.15463722521529222,0.7187080005915353,25,30,20
9,9192,0.00540046990276537,0.12176128521492803,0.15463792917366698,0.7182003157086422,25,30,20
9,9193,0.005395874733469372,0.1209698470939995,0.15543396244441227,0.7182003157281218,25,30,20
9,9194,0.005380077633365785,0.1209698470938772,0.15543393846857412,0.7182161368041853,25,30,20
9,9195,0.005373656729587515,0.12097571062104587,0.1554344961554882,0.7182161364938808,25,30,20
9,9196,0.0053737295840513835,0.12097571062106219,0.15543673312742076,0.7182138266674677,25,30,20
9,9197,0.005365635152758618,0.12097571062097208,0.1551793904355791,0.718479263790692,25,30,20
9,9198,0.00539590549618918,0.12093512636669024,0.15518970430322843,0.718479263833894,25,30,20
9,9199,0.009452837483447829,0.12093512638567307,0.15110570615781696,0.7185063299730637,25,30,20
9,9200,0.009447092063553353,0.12093512638569187,0.15110570694827344,0.718512074602483,25,30,20
9,9201,0.009447509695056167,0.12093512638574686,0.15110576813242246,0.7185115957867757,25,30,20
9,9202,0.009441659344000533,0.12093512638574852,0.15110568665330432,0.7185175276169479,25,30,20
9,9203,0.008934530590695293,0.12093512637031982,0.15110498353850993,0.7190253595004762,25,30,20
9,9204,0.008934425178349817,0.12093512637030099,0.15110498152894766,0.7190254669224027,25,30,20
9,9205,0.008910359880472486,0.12096967290488961,0.1510945003354451,0.719025466879194,25,30,20
9,9206,0.008916564193123939,0.1209696729049448,0.15109450546587846,0.719019257436054,25,30,20
9,9207,0.008920840665994323,0.12096967290487594,0.15109290706376466,0.7190165793653661,25,30,20
9,9208,0.00892087391318832,0.1209696729049122,0.15109291019027252,0.719016542991627,25,30,20
9,9209,0.00890084457495812,0.1209696729048558,0.15109290658646862,0.719036575933718,25,30,20
9,9210,0.008894746270067571,0.12096967290489305,0.15109287890083314,0.7190427019242067,25,30,20
9,9211,0.008884762232839518,0.12096967290496412,0.1510930008418983,0.7190525640202982,25,30,20
9,9212,0.008884624570221858,0.12096967290494472,0.15109299873973714,0.7190527037850969,25,30,20
9,9213,0.008890685438807106,0.12096967290497819,0.15109299674904267,0.7190466449071725,25,30,20
9,9214,0.00528918558671049,0.12096992284924274,0.1547225112207119,0.7190183803433352,25,30,20
9,9215,0.005289218327016049,0.12096992284918785,0.1547225091589815,0.7190183496648149,25,30,20
9,9216,0.005295103722999371,0.12096992284918784,0.1547225077206692,0.7190124657071437,25,30,20
9,9217,0.005295104268409027,0.12096992284918874,0.15472022997899448,0.7190147429034077,25,30,20
9,9218,0.005289216448394744,0.12096992284918906,0.15472025896799302,0.7190206017344231,25,30,20
9,9219,0.004338289154919754,0.11990518022052743,0.15673835349253842,0.7190181771320147,25,30,20
9,9220,0.004338818710994022,0.11990518022049584,0.1567384387100674,0.7190175623584433,25,30,20
9,9221,0.0043428409251764786,0.11990518014303272,0.15673441658799445,0.7190175623437998,25,30,20
9,9222,0.004336882815719212,0.11990518014301771,0.15673441750201683,0.7190235195392494,25,30,20
9,9223,0.00433100316760145,0.1199051845041442,0.1567402927931375,0.71902351953512,25,30,20
9,9224,0.004331462862464117,0.11990518450726811,0.15674260582021288,0.7190207468100576,25,30,20
9,9225,0.026021048672972724,0.11990518652854591,0.13505299431177398,0.7190207704867098,25,30,20
9,9226,0.02602489744328285,0.11990518652870598,0.1350530088842313,0.7190169071437822,25,30,20
9,9227,0.026024758549996304,0.11990518652868881,0.13505300616226554,0.7190170487590514,25,30,20
9,9228,0.026026690700238622,0.1199051865287921,0.1350530125746388,0.7190151101963326,25,30,20
9,9229,0.02604248334601673,0.11990518652891342,0.13505463347712904,0.7189976966479421,25,30,20
9,9230,0.026050300512888112,0.11990518652903512,0.13505464122285038,0.7189898717352274,25,30,20
9,9231,0.02605016230999952,0.11989446843259303,0.13506549751758498,0.7189898717398238,25,30,20
9,9232,0.02605030111990723,0.11989446843262835,0.13506550140225698,0.7189897290452089,25,30,20
9,9233,0.0255867162910457,0.11989421846927789,0.1355281728854706,0.7189908923542082,25,30,20
9,9234,0.02558654098774366,0.1198942184694365,0.13552818890421023,0.7189910516386118,25,30,20
9,9235,0.025592533845051016,0.1198942184694355,0.13552818878586825,0.7189850588996469,25,30,20
9,9236,0.025562214720297866,0.11989421846513823,0.13552793701254082,0.7190156298020257,25,30,20
9,9237,0.02555597434327208,0.11985887675392481,0.1355695191008585,0.7190156298019466,25,30,20
9,9238,0.025563816338007184,0.11985887675402865,0.1355695235155326,0.7190077833924333,25,30,20
9,9239,0.025557931767675804,0.11985887675402745,0.13556963932649768,0.7190135521518008,25,30,20
9,9240,0.02556378142143596,0.11985887675399085,0.13556969104905836,0.7190076507755165,25,30,20
9,9241,0.025569669285461113,0.11985887675399018,0.1355696913128447,0.7190017626477055,25,30,20
9,9242,0.02557587237419672,0.11985887675398954,0.13556969121461354,0.7189955596572019,25,30,20
9,9243,0.02487594631795081,0.1198572156407542,0.13562501406950456,0.719641823971792,25,30,20
9,9244,0.02486789058432888,0.11985721564068541,0.1356251239662866,0.7196497698087004,25,30,20
9,9245,0.02487517436436699,0.11985721564078611,0.13562504464746497,0.7196425653473827,25,30,20
9,9246,0.0253509130121577,0.11985721136380896,0.13514930968852373,0.719642565935513,25,30,20
9,9247,0.025350490577269555,0.11985721136375238,0.13514918868475,0.7196431093742314,25,30,20
9,9248,0.025350526283145394,0.1198572113637883,0.135149136367354,0.7196431259857158,25,30,20
9,9249,0.025366498159115975,0.11985721136373473,0.13514912841828594,0.7196271620588667,25,30,20
9,9250,0.02536639153727659,0.11985721136373348,0.1351491298048004,0.7196272672941929,25,30,20
9,9251,0.025368955755906964,0.11985721136366441,0.13514911805620355,0.7196247148242282,25,30,20
9,9252,0.025368814344294117,0.1198572113636466,0.13514909031022226,0.7196248839818401,25,30,20
9,9253,0.02536086583561035,0.11985721136355844,0.13515070482205024,0.719631217978784,25,30,20
9,9254,0.040676720624201954,0.11985723884123237,0.11983487186690515,0.7196311686676637,25,30,20
9,9255,0.04068102682342053,0.11985723884116506,0.11983936047119198,0.7196223738642256,25,30,20
9,9256,0.04067517962601344,0.11985723884121828,0.11983936230963099,0.7196282192231405,25,30,20
9,9257,0.040682567591856046,0.11985723884117781,0.11983936534903289,0.7196208282179364,25,30,20
9,9258,0.040686593559965116,0.11985723884108955,0.1198393587002215,0.7196168088987269,25,30,20
9,9259,0.04068070698834432,0.11985723884108897,0.11983924291234745,0.719622811258222,25,30,20
9,9260,0.04078843224074524,0.11985723812004663,0.1203777635160551,0.7189765661231563,25,30,20
9,9261,0.040784120892732985,0.11985723812007913,0.12037327400081273,0.7189853669863783,25,30,20
9,9262,0.04078415312621295,0.1198572381201326,0.12037327591068171,0.7189853328429757,25,30,20
9,9263,0.0411354533583552,0.11985733352705298,0.12000884947483792,0.7189983636397561,25,30,20
9,9264,0.04112917739460645,0.11985733352398385,0.1200065384531087,0.7190069506283027,25,30,20
9,9265,0.041133134360066555,0.1198953423885506,0.11996457259910807,0.7190069506522763,25,30,20
9,9266,0.04112920969749923,0.11989534238839258,0.11996444551545186,0.719011002398657,25,30,20
9,9267,0.04112325705943093,0.11989534238846421,0.11996290323061859,0.719018497321487,25,30,20
9,9268,0.04113135103305085,0.11989534239684742,0.11996690583823191,0.7190064007318705,25,30,20
9,9269,0.04212434813042366,0.12060392917819833,0.11822213480003946,0.7190495878913395,25,30,20
9,9270,0.042110541588623304,0.12060392917816457,0.11822212970759598,0.719063399525617,25,30,20
9,9271,0.04210815378683025,0.12060392916972626,0.11821804541562127,0.719069871627823,25,30,20
9,9272,0.04210616930223956,0.12060392925393297,0.11822000454764137,0.7190698968961874,25,30,20
9,9273,0.04210000679995446,0.12060392925395641,0.11822004624334821,0.7190760177027424,25,30,20
9,9274,0.04210610173410759,0.12060392925388572,0.11822474405106814,0.7190652249609396,25,30,20
9,9275,0.04210602939554008,0.12061466925645575,0.11821407639166091,0.7190652249563442,25,30,20
9,9276,0.0421060250001376,0.12061466925645535,0.1182124545610482,0.7190668511823601,25,30,20
9,9277,0.04212771111031327,0.12061536717421101,0.11819007052378588,0.7190668511916912,25,30,20
9,9278,0.042121965833464906,0.1206153671742298,0.11819007269515164,0.7190725942971551,25,30,20
9,9279,0.042116190728199505,0.12061536717428409,0.11819007721353594,0.7190783648839819,25,30,20
9,9280,0.04209622629990637,0.12063533617236752,0.11819007264372844,0.7190783648839992,25,30,20
9,9281,0.0423424983124101,0.12038868988111498,0.11819044633015155,0.719078365476325,25,30,20
9,9282,0.0423383826655665,0.12038868987389754,0.11819577226975421,0.7190771551907832,25,30,20
9,9283,0.04234836903919025,0.12037814109054504,0.11819633466971444,0.7190771552005516,25,30,20
9,9284,0.042348335271646206,0.12037814109052562,0.1181963331583953,0.7190771904794342,25,30,20
9,9285,0.04234430652020146,0.12037814109059727,0.11819633982709254,0.71908121256211,25,30,20
9,9286,0.04079568186037529,0.11966945910872019,0.12050988529167031,0.7190249737392373,25,30,20
9,9287,0.04079582343360658,0.11966945910877431,0.1205098892889688,0.7190248281686535,25,30,20
9,9288,0.040809660443837305,0.11966945910886281,0.12050989666800756,0.7190109837792956,25,30,20
9,9289,0.04080380643475451,0.11966945910888091,0.1205098974446296,0.7190168370117378,25,30,20
9,9290,0.025722810302674835,0.1196694607302779,0.1355789406372644,0.7190287883297867,25,30,20
9,9291,0.02527716786667909,0.12046996599887676,0.13522407781352327,0.7190287883209264,25,30,20
9,9292,0.025277447585006944,0.12046996599893238,0.1352240818971963,0.7190285045188693,25,30,20
9,9293,0.025255659024076196,0.12046996599880977,0.13522254192584993,0.7190518330512689,25,30,20
9,9294,0.025255412924428667,0.12046996599877376,0.13522253877965518,0.719052082297147,25,30,20
9,9295,0.025255277324507,0.12046996599873873,0.1352225386461338,0.7190522180306249,25,30,20
9,9296,0.04080150233070289,0.12046993491446363,0.1196882353730669,0.7190403273817698,25,30,20
9,9297,0.04081530771381819,0.12046993491455202,0.11995425263193692,0.718760504739696,25,30,20
9,9298,0.040815132224264465,0.12046993491446217,0.11995424803833675,0.7187606848229396,25,30,20
9,9299,0.04135765094403499,0.12046993515421901,0.11941178697368668,0.7187606269280623,25,30,20
9,9300,0.04135943727040496,0.12046993515423464,0.11941178787930738,0.7187588396960559,25,30,20
9,9301,0.041359470050423876,0.12046993515423571,0.11954124064807709,0.7186293541472664,25,30,20
9,9302,0.04135946995737894,0.12046993515423632,0.11954124066810655,0.7186293542202806,25,30,20
9,9303,0.0413657059409194,0.12046993515423632,0.11954135608051474,0.718623002824332,25,30,20
9,9304,0.041395651622390825,0.12046993515444235,0.1195413339466047,0.7185930792765639,25,30,20
9,9305,0.04139540992704018,0.12046993515446043,0.11953678884660775,0.7185978660718928,25,30,20
9,9306,0.04140335734868232,0.1204699351545304,0.11953679548070793,0.7185899120160802,25,30,20
9,9307,0.041157295979154365,0.12071599839092856,0.11953679420615435,0.7185899114237635,25,30,20
9,9308,0.041157368825486006,0.12071599839094455,0.11953679334055031,0.71858983944302,25,30,20
9,9309,0.041157362750780135,0.12071599839094327,0.11953663676848215,0.7185900020897954,25,30,20
9,9310,0.041157331339501224,0.12071599839087165,0.11953671601816289,0.7185899542514652,25,30,20
9,9311,0.041159079110219716,0.12071599839088805,0.11953678112607292,0.7185881413728206,25,30,20
9,9312,0.04117102612212423,0.12071599839085113,0.11953833167888461,0.7185746438081414,25,30,20
9,9313,0.041171026013966376,0.12071599839084954,0.1195383310629561,0.7185746445322294,25,30,20
9,9314,0.041171056011378576,0.12071599839086698,0.11953821648435341,0.7185747291134021,25,30,20
9,9315,0.04115512426722372,0.12071599839072629,0.1195382044581566,0.7185906728838946,25,30,20
9,9316,0.041154981725301375,0.12071599839063771,0.11953819800654751,0.7185908218775139,25,30,20
9,9317,0.04116289598086558,0.11991549739711552,0.12033078473253486,0.7185908218894849,25,30,20
9,9318,0.041124808325911616,0.12069158848635089,0.11959278189019712,0.7185908212975408,25,30,20
9,9319,0.041124777301079746,0.1206915884863511,0.11946332927762722,0.7187203049349427,25,30,20
9,9320,0.041140843027010605,0.12069158817531156,0.11944726360170657,0.7187203051959709,25,30,20
9,9321,0.04113905548541575,0.12069158817529557,0.11944726061580649,0.718722095723482,25,30,20
9,9322,0.04114098869207246,0.11991574579289904,0.12022116978220034,0.7187220957328293,25,30,20
9,9323,0.04114171552745788,0.11991549359583692,0.12022069515319336,0.718722095723513,25,30,20
9,9324,0.041141466616627126,0.11991549359585318,0.12022057996055954,0.7187224598269613,25,30,20
9,9325,0.04112790954355976,0.11991549359582007,0.12022057727864377,0.718736019581978,25,30,20
9,9326,0.041120096500082484,0.11991549359578725,0.12021895572557482,0.718745454178557,25,30,20
9,9327,0.04112020515653819,0.11991549359580383,0.12021895598191691,0.7187453452657429,25,30,20
9,9328,0.04112632109540122,0.11991549359792973,0.12021905522041539,0.7187391300862555,25,30,20
9,9329,0.04111434121776846,0.11991549359791223,0.12021905597815376,0.718751109206167,25,30,20
9,9330,0.04111420867240187,0.11991549359789387,0.12021905611409765,0.7187512416156081,25,30,20
9,9331,0.041114070302100646,0.11991619734853427,0.1202184907338529,0.7187512416155137,25,30,20
9,9332,0.041114208062435514,0.11991619734853522,0.12021840933063248,0.7187511852583982,25,30,20
9,9333,0.041094703301907023,0.11991619734868687,0.12023683923001328,0.7187522601193943,25,30,20
9,9334,0.041098874300066146,0.11991619734865337,0.12023683281425679,0.7187480955370249,25,30,20
9,9335,0.04111481392360701,0.11991619734877573,0.1202368876598698,0.7187321010677485,25,30,20
9,9336,0.04110087168640995,0.11991619734865268,0.11997090243807675,0.7190120285268609,25,30,20
9,9337,0.04109498961554153,0.1199161973486527,0.11997090445344963,0.7190179085823566,25,30,20
9,9338,0.04106690159005791,0.11991619734845768,0.11997092884325672,0.7190459722182285,25,30,20
9,9339,0.0410628765052392,0.11991619734853125,0.11997093509795773,0.7190499910482727,25,30,20
9,9340,0.04106883077495877,0.11991023387637732,0.11997094430006008,0.7190499910486049,25,30,20
9,9341,0.041074684657415005,0.1199102338763594,0.11997094246832006,0.7190441389979056,25,30,20
9,9342,0.041085056221919325,0.1199102382371256,0.11996054564724937,0.719044159893707,25,30,20
9,9343,0.041090944393393745,0.11991023823712808,0.11996054581060685,0.7190382715588721,25,30,20
9,9344,0.08094154063627525,0.11991023823576764,0.08011102472544286,0.7190371964025148,25,30,20
9,9345,0.08093541035099666,0.11991023823573235,0.0801110232433422,0.7190433281699293,25,30,20
9,9346,0.08094129681240787,0.11991023823573294,0.08011102331141597,0.7190374416404438,25,30,20
9,9347,0.08092745618270465,0.11992463669557407,0.08011046551034129,0.7190374416113801,25,30,20
9,9348,0.08045587630918202,0.11992463668926664,0.08011001930410813,0.7195094676974434,25,30,20
9,9349,0.08043404840374908,0.11992463668914395,0.0801099664107327,0.7195313484963751,25,30,20
9,9350,0.07726616418627906,0.11992463669473848,0.0832778498351882,0.719531349283795,25,30,20
9,9351,0.07726017284910318,0.119924636694721,0.08327785028353885,0.7195373401726377,25,30,20
9,9352,0.07726787881609469,0.11992463669482545,0.08327785578921583,0.7195296286998647,25,30,20
9,9353,0.03834087225292779,0.11992463631940022,0.12220486514938625,0.7195296262782886,25,30,20
9,9354,0.0388165051188976,0.1199246363256878,0.12220533067143152,0.7190535278839857,25,30,20
9,9355,0.038816608186787394,0.11992463632570467,0.12220533083348166,0.719053424654029,25,30,20
9,9356,0.038816677807450836,0.11992463632566652,0.12220532901344608,0.7190533568534392,25,30,20
9,9357,0.03881653771465014,0.11992463632566559,0.122205355324932,0.7190534706347549,25,30,20
9,9358,0.038814745980898,0.11992643254420289,0.12220535084449125,0.7190534706304106,25,30,20
9,9359,0.03881485412373932,0.11992643254418843,0.1222975809844165,0.7189611323476587,25,30,20
9,9360,0.03880301391682416,0.1199264325441555,0.1222976321617921,0.7189729213772309,25,30,20
9,9361,0.03880302011225048,0.11992643640325902,0.12229762210726237,0.7189729213772307,25,30,20
9,9362,0.03880312313651801,0.11992643640327527,0.12229750834232508,0.7189729321178838,25,30,20
9,9363,0.03880718545552318,0.1199264364032233,0.12229750163221195,0.7189688765090437,25,30,20
9,9364,0.038813143362186615,0.11992643640331485,0.12229750823689364,0.7189629119976069,25,30,20
9,9365,0.04202486507859117,0.11992643702549372,0.11908578505495755,0.7189629128409579,25,30,20
9,9366,0.04201879919981358,0.11992643702538486,0.1190857800351486,0.7189689837396535,25,30,20
9,9367,0.042018870749985233,0.11992643702534954,0.11908580677866647,0.7189688854459994,25,30,20
9,9368,0.04200871249677938,0.11992643266536246,0.11909479777110789,0.7189700570667515,25,30,20
9,9369,0.04202255124302527,0.11992643266546908,0.11909492024527145,0.7189560958462351,25,30,20
9,9370,0.04202268793353893,0.11992643266545029,0.11909480306773439,0.7189560763332774,25,30,20
9,9371,0.04202265233413199,0.11992646652417858,0.1190948048136008,0.7189560763280894,25,30,20
9,9372,0.042028506074265684,0.11992030410694693,0.11909511349562278,0.7189560763231654,25,30,20
9,9373,0.042040486553576006,0.119920304106998,0.1190951461308611,0.7189440632085655,25,30,20
9,9374,0.04204255143855689,0.1199203041071247,0.11909515699582718,0.7189419874584918,25,30,20
9,9375,0.04204861063385784,0.11992030410719785,0.11909516264471547,0.7189359226142296,25,30,20
9,9376,0.042042752741177386,0.11992030410730475,0.1190951652400455,0.7189417779114735,25,30,20
9,9377,0.04204300028285286,0.11992030410728852,0.11909524854272055,0.7189414470671396,25,30,20
9,9378,0.04204923730005856,0.11992030410728853,0.11909524871022374,0.7189352098824309,25,30,20
9,9379,0.042043247086803015,0.11992030410730237,0.1190030186019627,0.7190334302039338,25,30,20
9,9380,0.04204923242213862,0.11991431895404539,0.1190030184245712,0.7190334301992465,25,30,20
9,9381,0.04204923426495512,0.11991431895404663,0.11900301847423203,0.7190334283067676,25,30,20
9,9382,0.04205684749955999,0.1199143183364211,0.11899540646186738,0.7190334277021528,25,30,20
9,9383,0.042058809638193875,0.11991431833622432,0.11899547200986955,0.7190314000157136,25,30,20
9,9384,0.042058879561799344,0.11990652031812003,0.11900320009016666,0.7190314000299156,25,30,20
9,9385,0.042053028002202314,0.11990652031813848,0.11900312103553516,0.7190373306441257,25,30,20
9,9386,0.04205295254757981,0.11990652031812182,0.11900311976909132,0.7190374073652085,25,30,20
9,9387,0.04205142812712448,0.11989711689521627,0.11901404647751894,0.7190374085001418,25,30,20
9,9388,0.04204529285130461,0.11989711689523348,0.11901404470512933,0.7190435455483337,25,30,20
9,9389,0.042047147239037234,0.11989711689528634,0.1190140886312991,0.7190416472343785,25,30,20
9,9390,0.042033309790605565,0.1198971168952176,0.11901400022314146,0.7190555730910365,25,30,20
9,9391,0.042039195215221675,0.11989711689521754,0.11901397226980436,0.7190497156197574,25,30,20
9,9392,0.042033012260904494,0.11989711689305502,0.11901387175385389,0.7190559990921878,25,30,20
9,9393,0.04203901565004,0.11989711689410981,0.11901552850497649,0.7190483389508749,25,30,20
9,9394,0.04158632034189682,0.1198971168880443,0.11901513236450915,0.7195014304055509,25,30,20
9,9395,0.041580259405871824,0.11989711688799401,0.11901523307792264,0.7195073906282127,25,30,20
9,9396,0.04082371861056371,0.11989711790040823,0.11977177367429802,0.7195073898147315,25,30,20
9,9397,0.040831919494912404,0.11989711790866459,0.11977262010017785,0.7194983424962467,25,30,20
9,9398,0.04083195618840759,0.11989711790859232,0.11977261375639862,0.7194983121466031,25,30,20
9,9399,0.04083224973193282,0.11989694458446905,0.1197724935368789,0.7194983121467208,25,30,20
9,9400,0.04083224970264915,0.11989694458454285,0.11977246960405145,0.719498336108758,25,30,20
9,9401,0.04083238727567095,0.11989694458456064,0.11977247143826747,0.7194981967015022,25,30,20
9,9402,0.04083203941072965,0.1198969445845072,0.11977247170278404,0.7194985443019803,25,30,20
9,9403,0.04129007306548135,0.11989694458454339,0.11977266785223188,0.7190403144977447,25,30,20
9,9404,0.04129596033700584,0.11989694458454564,0.11977586282724781,0.7190312322512014,25,30,20
9,9405,0.04154053557573383,0.11989694393352705,0.11953128501557464,0.7190312354751653,25,30,20
9,9406,0.04107441234945921,0.11989694393340264,0.11953108150765575,0.7194975622094831,25,30,20
9,9407,0.04108061529193478,0.11989694393340068,0.11953108090561626,0.7194913598690491,25,30,20
9,9408,0.04107459201110204,0.11989984435797985,0.1195342037763973,0.7194913598545221,25,30,20
9,9409,0.04107439252766098,0.11989984428065048,0.11953559581876216,0.7194901673729285,25,30,20
9,9410,0.04108038276084413,0.11989984428063413,0.11953559555683385,0.7194841774016899,25,30,20
9,9411,0.04109082077488548,0.11989984428176176,0.11953567936643003,0.7194736555769243,25,30,20
9,9412,0.04108482787479339,0.11989984428177868,0.11953568170076762,0.7194796461426618,25,30,20
9,9413,0.04108286743986311,0.11989984428170698,0.11953563537700501,0.7194816529014267,25,30,20
9,9414,0.04106916826851387,0.11989984428165547,0.11953563264752795,0.7194953548023042,25,30,20
9,9415,0.04106352776692757,0.11989984428168883,0.11980186950974706,0.7192347584416381,25,30,20
9,9416,0.041063634102832654,0.11989984428167196,0.11980187073297928,0.7192346508825176,25,30,20
9,9417,0.04106948695062627,0.11989984428163689,0.11980186712764934,0.7192288016400888,25,30,20
9,9418,0.041069558615703536,0.11989984428165407,0.11980186638704093,0.7192287307156024,25,30,20
9,9419,0.05038856761051083,0.1198998437619871,0.11048285732555292,0.7192287313019508,25,30,20
9,9420,0.050388426483526344,0.11989984376198677,0.11048285463076292,0.7192288751237254,25,30,20
9,9421,0.050392780560341396,0.11989984376189936,0.11048941087272432,0.719217964805036,25,30,20
9,9422,0.0503928157188733,0.11989984376193505,0.11048944116179006,0.7192178993574027,25,30,20
9,9423,0.05086281886596757,0.11989984376796878,0.11001943651759014,0.7192179008484751,25,30,20
9,9424,0.05039529142126349,0.11990006003602445,0.1104867314063351,0.7192179171363786,25,30,20
9,9425,0.04107365453530073,0.11990005968392853,0.11980836923087783,0.7192179165498941,25,30,20
9,9426,0.041067844602190984,0.1199000596870317,0.11980518094639024,0.7192269147643878,25,30,20
9,9427,0.041067771780848625,0.11990005968701442,0.11980518166216093,0.7192269868699767,25,30,20
9,9428,0.04106167600140432,0.1199000596870144,0.11980518164652366,0.7192330826650584,25,30,20
9,9429,0.04105546356810657,0.11990005968703041,0.11979857876721745,0.7192458979776467,25,30,20
9,9430,0.0410554617345674,0.11990005968703009,0.11979857876714436,0.7192458998112593,25,30,20
9,9431,0.04104111695321191,0.11990005967759382,0.11979607497338762,0.719262748395808,25,30,20
9,9432,0.0410369830559622,0.11990005967768017,0.11979608121673652,0.7192668760496226,25,30,20
9,9433,0.04103726255066506,0.11991024376986838,0.11978561761529508,0.719266876064173,25,30,20
9,9434,0.041500957054593376,0.11991024377520682,0.11978606015155456,0.7188027390186471,25,30,20
9,9435,0.041970789408921814,0.11991024378052931,0.11978650825308568,0.7183324585574646,25,30,20
9,9436,0.041971037414483166,0.11991024378056529,0.11978650667183667,0.7183322121331163,25,30,20
9,9437,0.041977032915623706,0.11991024378055122,0.11978051116540855,0.7183322121384178,25,30,20
9,9438,0.04236102992160317,0.11991024378488227,0.11939649697959126,0.7183322293139249,25,30,20
9,9439,0.04236453542813438,0.11991024378384342,0.11939653568034847,0.7183286851076752,25,30,20
9,9440,0.04235999809148365,0.09118176741145509,0.148129550524074,0.7183286839729888,25,30,20
9,9441,0.04235988752919385,0.09118176741145474,0.14812955207113843,0.7183287929882145,25,30,20
9,9442,0.04235992320665382,0.09118176741147478,0.14812958284975125,0.7183287265321213,25,30,20
9,9443,0.042359992553265044,0.09118176741150907,0.14812956301991992,0.7183286770153071,25,30,20
9,9444,0.042353742964693436,0.09118820210196596,0.1481293779224842,0.7183286770108575,25,30,20
9,9445,0.042353744874170735,0.09118820210196653,0.14812941786704184,0.7183286351568219,25,30,20
9,9446,0.04234960920862138,0.0911882021020535,0.1481294227124899,0.718332765976836,25,30,20
9,9447,0.04196158100711978,0.09118820209768685,0.14851746809923758,0.7183327487959565,25,30,20
9,9448,0.04198614654011521,0.09118820211127639,0.14849290249801653,0.7183327488505925,25,30,20
9,9449,0.04196149633850868,0.09118820211098332,0.1484928310282759,0.7183574705222321,25,30,20
9,9450,0.041961110651115005,0.09118843175548527,0.1484929870857174,0.7183574705076825,25,30,20
9,9451,0.04233026812131069,0.09119075978705624,0.14812150090109913,0.7183574711905341,25,30,20
9,9452,0.0423339733761767,0.09119075978717751,0.1481215079040697,0.7183537589325762,25,30,20
9,9453,0.04187027128777914,0.09119075978192633,0.14812106601596256,0.7188179029143319,25,30,20
9,9454,0.04187034608784621,0.09119075978194482,0.14812106331356623,0.7188178308166425,25,30,20
9,9455,0.04187629854406984,0.09119075978201575,0.1481210684705406,0.7188118732033735,25,30,20
9,9456,0.03747855288322477,0.09119076380550244,0.1525187807802806,0.7188119025309929,25,30,20
9,9457,0.03747862487905582,0.11993463027046573,0.12377484231488464,0.7188119025355947,25,30,20
9,9458,0.03747862851896964,0.11993463027060688,0.12378137260997285,0.7188053686004513,25,30,20
9,9459,0.037480626250060545,0.11993463027067851,0.12378137813742024,0.7188033653418414,25,30,20
9,9460,0.03748080989211442,0.11991259734087922,0.12380322742484065,0.7188033653421664,25,30,20
9,9461,0.03749465006993527,0.11991259734091261,0.12380323549183028,0.7187895170973225,25,30,20
9,9462,0.03750071138902856,0.11989881823458415,0.12381095327924366,0.7187895170971443,25,30,20
9,9463,0.0374867703195631,0.11989881823451318,0.12381083002895527,0.7188035814169695,25,30,20
9,9464,0.03750050987332363,0.11989881823447546,0.12354468240508037,0.7190559894871218,25,30,20
9,9465,0.03750054429177989,0.11989879073685715,0.12354467547463555,0.7190559894967288,25,30,20
9,9466,0.037500501913114805,0.11989879073376952,0.12354467220362698,0.7190560351494903,25,30,20
9,9467,0.03750455591482357,0.11989879073369974,0.12354697125384627,0.7190496820976321,25,30,20
9,9468,0.03751055700127495,0.11989879073366595,0.12354708635083815,0.7190435659142227,25,30,20
9,9469,0.037504604662199584,0.11989879073345382,0.12354706799136621,0.7190495366129822,25,30,20
9,9470,0.037504709087414066,0.11989879073345819,0.12354707352509044,0.7190494266540385,25,30,20
9,9471,0.03750481146905735,0.11989879073347637,0.12354707393362664,0.7190493238638409,25,30,20
9,9472,0.037504707155855764,0.1198987907334592,0.1235471116891001,0.719049390421586,25,30,20
9,9473,0.03752081392160543,0.11989879073663257,0.12354716964626171,0.7190332256955014,25,30,20
9,9474,0.03841109378179664,0.11989879073684381,0.12354777364353525,0.7181423418378252,25,30,20
9,9475,0.038404997336210715,0.11991261303153303,0.12354004779442866,0.7181423418378285,25,30,20
9,9476,0.03840506699742113,0.11992654108990351,0.12352606823080124,0.718142323681876,25,30,20
9,9477,0.038402586807168584,0.1199124011977137,0.123542688338293,0.7181423236568268,25,30,20
9,9478,0.03840854237653971,0.1199058965985062,0.12354323738257766,0.7181423236423786,25,30,20
9,9479,0.03801715059720037,0.11990356856961512,0.12393695790820367,0.7181423229249845,25,30,20
9,9480,0.0380111949859002,0.11990356856954255,0.12393695264944522,0.7181482837951144,25,30,20
9,9481,0.03724642395112952,0.11990356857462904,0.12393681483033879,0.7189131926439051,25,30,20
9,9482,0.037258402729920335,0.11990356857462901,0.1239368432172426,0.71890118547821,25,30,20
9,9483,0.03726022392899599,0.11990356857466242,0.1239434503809974,0.718892757115346,25,30,20
9,9484,0.03725611597695196,0.11990356857478615,0.12394334363567483,0.7188969718125888,25,30,20
9,9485,0.037240042851892606,0.11990356857164718,0.12394328202807284,0.7189131065483891,25,30,20
9,9486,0.037237986714434054,0.11990356857177281,0.12407043089111362,0.7187880138226818,25,30,20
9,9487,0.03737936071431586,0.11990356857810079,0.1240709207655982,0.7186461499419875,25,30,20
9,9488,0.03739316053827084,0.11990356857800996,0.12406431768525908,0.7186389531984628,25,30,20
9,9489,0.04158746473042613,0.11990356797657961,0.11987002602648081,0.7186389412665162,25,30,20
9,9490,0.041587464719772045,0.11990356797657893,0.11987002601782994,0.7186389412858217,25,30,20
9,9491,0.04172692625515087,0.1197636586730094,0.11987047292638493,0.7186389421454571,25,30,20
9,9492,0.04158733309107698,0.11976365866764133,0.11986999513958435,0.7187790131016996,25,30,20
9,9493,0.04158362765892198,0.11976365866757169,0.11974054337580027,0.7189121702977083,25,30,20
9,9494,0.0415836281909587,0.11976365866778918,0.11974052414503618,0.7189121889962174,25,30,20
9,9495,0.04204515114331262,0.119763658672053,0.11974080231013655,0.7184503878744993,25,30,20
9,9496,0.04157594859967848,0.11976365866772222,0.1197404337108999,0.7189199590217009,25,30,20
9,9497,0.041442482877120004,0.11987507420479072,0.11976248475151989,0.7189199581665711,25,30,20
9,9498,0.06066184447357857,0.11987508986049528,0.10054152063327575,0.7189215450326522,25,30,20
9,9499,0.060661874776488774,0.11989716840662182,0.10051941177446334,0.7189215450424278,25,30,20
9,9500,0.061118733735219505,0.1198971688706239,0.1000625523268735,0.718921545067285,25,30,20
9,9501,0.0611127538627362,0.1198971688706464,0.10006412378843868,0.7189259534781801,25,30,20
9,9502,0.06111863688645631,0.11991132275332049,0.10004408688024811,0.7189259534799785,25,30,20
9,9503,0.06114865337071495,0.11991132275756072,0.1000479498523714,0.7188920740193561,25,30,20
9,9504,0.06115450667461363,0.11991132275753913,0.10004794823238171,0.7188862223354687,25,30,20
9,9505,0.06115628393814334,0.11993193037594153,0.10002556334133578,0.718886222344583,25,30,20
9,9506,0.06115039671743952,0.11993193037594185,0.10002556341067605,0.7188921094959462,25,30,20
9,9507,0.06115628451826307,0.11993193037594217,0.10002556347418633,0.7188862216316122,25,30,20
9,9508,0.060686351109958556,0.11993193037060217,0.10002503786990109,0.7193566806495412,25,30,20
9,9509,0.06068631486311931,0.11993193037058149,0.10002500899853978,0.7193567457677621,25,30,20
9,9510,0.06096070199770819,0.11993192694375607,0.09975064287183233,0.7193567281867059,25,30,20
9,9511,0.06095443032021653,0.11993192694380614,0.09975064251657427,0.7193630002194054,25,30,20
9,9512,0.060952429452391106,0.11993192694366392,0.09975063235257352,0.719365011251374,25,30,20
9,9513,0.06095253925330889,0.11993192694368147,0.09975063260510433,0.7193649011979076,25,30,20
9,9514,0.060952431334590475,0.11993192694366422,0.09975074809807544,0.7193648936236721,25,30,20
9,9515,0.06095816836380823,0.11993192694360916,0.09975077445366684,0.7193591302389178,25,30,20
9,9516,0.05562199401738935,0.11993194183435213,0.10504597948869794,0.7194000846595634,25,30,20
9,9517,0.06601428847373576,0.11993212421657859,0.09465446193579423,0.7193991253738942,25,30,20
9,9518,0.06600045060471924,0.11993212421650791,0.09465445069300583,0.7194129744857691,25,30,20
9,9519,0.06600619710818507,0.11993212421647222,0.0946567262076725,0.7194049524676722,25,30,20
9,9520,0.06602272205886993,0.11993212421671014,0.0946567419531073,0.7193884117713147,25,30,20
9,9521,0.06692468092149984,0.11993212422099538,0.09465735802098102,0.7184858368365254,25,30,20
9,9522,0.0669187228896333,0.11993212422097846,0.09465508070506909,0.7184940721843209,25,30,20
9,9523,0.06738851658330179,0.11993212422628302,0.09465540812124255,0.7180239510691745,25,30,20
9,9524,0.06691872046869222,0.11993212422097786,0.09465496550796525,0.7184941898023663,25,30,20
9,9525,0.0669187179452941,0.1199321242209763,0.09465493693288346,0.7184942209008477,25,30,20
9,9526,0.06691269628248307,0.11993212422074001,0.09465492616529529,0.7185002533314829,25,30,20
9,9527,0.06690866786609749,0.1199321242207923,0.0946549343477459,0.7185042735653657,25,30,20
9,9528,0.0669126987813881,0.11992037936264709,0.09466264829982471,0.7185042735561418,25,30,20
9,9529,0.06691925775845217,0.1199203793626346,0.09466265254295467,0.7184977103359603,25,30,20
9,9530,0.06691740463965482,0.11992037936258425,0.0946561578647217,0.7185060581330408,25,30,20
9,9531,0.07663597734608273,0.1199201845480632,0.0849384107412774,0.7185054273645782,25,30,20
9,9532,0.07663599707668872,0.11992018454807761,0.08493684090846075,0.7185069774667744,25,30,20
9,9533,0.07573393415167734,0.11992018454375958,0.084936220451891,0.7194096608526734,25,30,20
9,9534,0.07621739717671677,0.11992018455306114,0.08494311600638517,0.7189193022638384,25,30,20
9,9535,0.07618738441314858,0.11992018454882093,0.08493925446460433,0.7189531765734276,25,30,20
9,9536,0.07618749539869069,0.11992018454894625,0.08493930585104767,0.7189530142013167,25,30,20
9,9537,0.07618773846662842,0.11992018454898253,0.0849393349389954,0.7189527420453949,25,30,20
9,9538,0.07618770821981397,0.11992018454898251,0.0849393343568075,0.7189527728743971,25,30,20
9,9539,0.07618791692628168,0.11992036382210683,0.08493894639150126,0.7189527728601114,25,30,20
9,9540,0.07571828897504367,0.11992036381289152,0.08493194212535798,0.7194294050867078,25,30,20
9,9541,0.07571229704962187,0.11993352062793085,0.0849247772359643,0.719429405086484,25,30,20
9,9542,0.08103036504035625,0.1199335057392111,0.07964767792838977,0.7193884512920431,25,30,20
9,9543,0.0805937942123842,0.1199335052618723,0.08008424886906097,0.7193884516566834,25,30,20
9,9544,0.0805938073568455,0.11990258947001803,0.08011515151635351,0.7193884516567843,25,30,20
9,9545,0.08108485325391676,0.11990258947625453,0.08011572420632569,0.7188968330635044,25,30,20
9,9546,0.08107693644863714,0.11990258947618633,0.08011571907857984,0.7189047549965981,25,30,20
9,9547,0.0810750079259405,0.11990258947611773,0.08011571175582485,0.7189066908421182,25,30,20
9,9548,0.08107497338227251,0.11990258947609769,0.08011571089306058,0.7189067262485704,25,30,20
9,9549,0.08107500097320042,0.11990258947611603,0.08011571219692154,0.7189066973537631,25,30,20
9,9550,0.08108099347829205,0.11928750628112417,0.08072480288657094,0.718906697354014,25,30,20
9,9551,0.08108701777215681,0.1192875062811601,0.08072480382160904,0.7189006721250751,25,30,20
9,9552,0.08108691039069559,0.11928750628114289,0.08072480256527176,0.7189007807628908,25,30,20
9,9553,0.08094557389070572,0.11928750627490343,0.08072431904823565,0.7190426007861562,25,30,20
9,9554,0.08094546849865907,0.11928750627486809,0.08072431850257393,0.7190427067239,25,30,20
9,9555,0.08093958012733467,0.11928750627486748,0.08072431837620558,0.7190485952215936,25,30,20
9,9556,0.04506239701169651,0.1192883342313443,0.11660031219149204,0.719048956565468,25,30,20
9,9557,0.04506828291487744,0.11928833423134425,0.11660031214234527,0.7190430707114333,25,30,20
9,9558,0.04507438189635467,0.11928833423130916,0.11660030945546959,0.7190369744168666,25,30,20
9,9559,0.045088290905588045,0.1192883342313955,0.11660031464906057,0.7190230602139559,25,30,20
9,9560,0.04510237304282907,0.1192883342314655,0.1166003212388098,0.7190089714868955,25,30,20
9,9561,0.045108361988880165,0.11928833423148237,0.11660032241112932,0.719002981368508,25,30,20
9,9562,0.04510233885739649,0.1192883342314472,0.11660040537797406,0.7190089215331824,25,30,20
9,9563,0.04510868747129391,0.11928833423144879,0.1166004065062747,0.7190025717909827,25,30,20
9,9564,0.04511314610485897,0.11928833423371774,0.11660040065209523,0.7189981190093282,25,30,20
9,9565,0.045120979320298495,0.119311396161313,0.11656950549004139,0.7189981190283475,25,30,20
9,9566,0.04512083628226117,0.11931139616132928,0.11656950462379735,0.7189982629326126,25,30,20
9,9567,0.04514453848810785,0.11927628410938183,0.11658091388424272,0.7189982635182679,25,30,20
9,9568,0.045144575301337725,0.11927628410941811,0.11658094440275807,0.7189981961864866,25,30,20
9,9569,0.0451385816784267,0.11927628410938054,0.11658094487823276,0.7190041893339603,25,30,20
9,9570,0.04513883506737898,0.11927628410936647,0.1165810279090046,0.7190038529142503,25,30,20
9,9571,0.045142864806454644,0.1192762841115252,0.11658109118971456,0.718999759892306,25,30,20
9,9572,0.04514289690594119,0.11927628411152488,0.11658101842246145,0.7189998005600726,25,30,20
9,9573,0.045136764666593575,0.11927628411154402,0.11670620338268421,0.7188807478391781,25,30,20
9,9574,0.04515266520145471,0.1192762841116653,0.11670621337066577,0.7188648373162144,25,30,20
9,9575,0.04514068385135652,0.11928826666191254,0.11670621218020351,0.7188648373065276,25,30,20
9,9576,0.045142616660034926,0.11928826666201678,0.11670621746107165,0.7188628992168767,25,30,20
9,9577,0.045152241672915594,0.11928826665985445,0.11670614646830087,0.7188533451989291,25,30,20
9,9578,0.04515202551300467,0.11928826665990477,0.11670606463645987,0.7188536431906306,25,30,20
9,9579,0.04514613944498448,0.11927411285459952,0.11672610451158244,0.7188536431888332,25,30,20
9,9580,0.045130290912079804,0.11926246058932768,0.11675360555455955,0.7188536429440323,25,30,20
9,9581,0.00877937697992589,0.119262458214815,0.1527372727570698,0.7192208920481892,25,30,20
9,9582,0.008767289821762702,0.11926245821488533,0.15274198116784046,0.7192282707955115,25,30,20
9,9583,0.008767505061045608,0.11926245821483247,0.15274198298704855,0.7192280537370733,25,30,20
9,9584,0.008759555484780053,0.11926245821476364,0.15274197909200052,0.7192360072084563,25,30,20
9,9585,0.00875955663888865,0.11926245821476547,0.15274197512077492,0.7192360100255715,25,30,20
9,9586,0.03321274276103745,0.1192616302574812,0.12828997901508335,0.7192356479664005,25,30,20
9,9587,0.03321687760149354,0.11925791779647874,0.1282895566450688,0.7192356479569613,25,30,20
9,9588,0.03333601317812593,0.11925815924802725,0.12817017949133405,0.7192356480825157,25,30,20
9,9589,0.033320111456655865,0.11925815924790653,0.12817025133063173,0.7192514779648082,25,30,20
9,9590,0.03331013903692512,0.11925815924765605,0.12817023915607526,0.7192614625593465,25,30,20
9,9591,0.03331630349184955,0.11925815924769101,0.12804505755030338,0.7193804797101591,25,30,20
9,9592,0.03331573915277325,0.1192581592476866,0.12804667542523046,0.7193794261743126,25,30,20
9,9593,0.033200573381698024,0.11925791335600025,0.1281620871984065,0.7193794260638978,25,30,20
9,9594,0.03367779003779404,0.1192579133622531,0.12816262211086416,0.7189016744890917,25,30,20
9,9595,0.044793519721659826,0.11925791379881154,0.117046660818215,0.7189019056613144,25,30,20
9,9596,0.04479533643351791,0.11925791379875472,0.11704661503097279,0.718900134736755,25,30,20
9,9597,0.04479726670639557,0.11925791379659816,0.11704655291566493,0.7188982665813413,25,30,20
9,9598,0.044795404293991085,0.11925791379649675,0.11717170597788418,0.7187749759316279,25,30,20
9,9599,0.044318156266792,0.1192579137901895,0.11717117013176753,0.7192527598112508,25,30,20
9,9600,0.04433010005556597,0.11925791379009931,0.11716646030235905,0.7192455258519757,25,30,20
9,9601,0.04432411211625694,0.11926403731569009,0.11716632471139572,0.7192455258566571,25,30,20
9,9602,0.044323482701646065,0.11926403731573952,0.11716643765449873,0.7192460423281156,25,30,20
9,9603,0.04432337297141595,0.11926403731563315,0.11717303457036866,0.719239555142582,25,30,20
9,9604,0.04431338886171687,0.11926403731570448,0.11717304066251492,0.7192495331600633,25,30,20
9,9605,0.04382819579299897,0.11926403730943229,0.11717243842616439,0.7197353284714039,25,30,20
9,9606,0.043822412658361794,0.11926403730941447,0.11717232127499823,0.719741228757225,25,30,20
9,9607,0.043822384516241035,0.11926403730948491,0.11717236084689667,0.7197412173273766,25,30,20
9,9608,0.043822276668572184,0.11926403730943265,0.11717233260191919,0.7197413534200748,25,30,20
9,9609,0.04381216958171104,0.11869620980358592,0.11775026751627748,0.7197413530984247,25,30,20
9,9610,0.04381413100599825,0.11869620980367196,0.11775032061133574,0.7197393385789931,25,30,20
9,9611,0.043814022824312626,0.11869620980368914,0.11774870056363138,0.7197410668083657,25,30,20
9,9612,0.04380803221856313,0.11869620980367168,0.11774869831665771,0.7197470596611067,25,30,20
9,9613,0.04380610570416321,0.11869620980360379,0.11774869282510365,0.7197489916671291,25,30,20
9,9614,0.043802535100884984,0.11869620980350026,0.11774868400531321,0.7197525710903016,25,30,20
9,9615,0.043810486403528005,0.11929790187546477,0.11713904061659486,0.7197525711044128,25,30,20
9,9616,0.043810238658627126,0.11929790187548196,0.11713903743197554,0.7197528220339158,25,30,20
9,9617,0.043812189366739515,0.11929814629026617,0.11713684169136393,0.719752822651631,25,30,20
9,9618,0.04380434472000989,0.11929814629017983,0.11713687544351128,0.7197606335462997,25,30,20
9,9619,0.043792364404725365,0.11931013138402946,0.11713687066961058,0.7197606335416353,25,30,20
9,9620,0.043792581069927526,0.11931013138413878,0.11713691173351246,0.7197603758124221,25,30,20
9,9621,0.04379247469971381,0.11931013138415533,0.11713691194850426,0.7197604819676273,25,30,20
9,9622,0.04378616098176802,0.11931013138415565,0.1171369119658097,0.7197667956682673,25,30,20
9,9623,0.04391967677217944,0.11931013139050069,0.11713734288461346,0.7196328489527072,25,30,20
9,9624,0.043927628123041844,0.11931013139057046,0.11713734886287713,0.7196248916235117,25,30,20
9,9625,0.04392748306269522,0.11931013139047775,0.11713730498783764,0.7196250805589905,25,30,20
9,9626,0.0437999891376172,0.1193101313841689,0.11713915244003725,0.7197507270381778,25,30,20
9,9627,0.005333915584582472,0.1193101311432889,0.15560531615238823,0.7197506371197417,25,30,20
9,9628,0.005334023824028442,0.11931013114327166,0.15560531594049198,0.7197505290922094,25,30,20
9,9629,0.005322046227724987,0.1193101311432555,0.1556053166709682,0.7197625059580528,25,30,20
9,9630,0.00532430209967841,0.11990232854412954,0.1550108634174315,0.719762505938762,25,30,20
9,9631,0.005318164950944326,0.11990232854414705,0.15501086116665821,0.7197686453382515,25,30,20
9,9632,0.005322436951695556,0.11990232854398865,0.15501079877783158,0.7197644357264851,25,30,20
9,9633,0.0053222969415091205,0.11990232854396958,0.15501079883021102,0.7197645756843108,25,30,20
9,9634,0.005330393944901984,0.11990232854402243,0.15501080760689948,0.719756469904177,25,30,20
9,9635,0.005330394394655436,0.11990232854402118,0.15501081054753751,0.7197564665137866,25,30,20
9,9636,0.005330459562672116,0.11990225930970438,0.15501081459912822,0.7197564665284959,25,30,20
9,9637,0.005330313816874523,0.11990225930972123,0.15501081318360121,0.7197566136898037,25,30,20
9,9638,0.005330319975546942,0.11990225930972156,0.15501081469074623,0.7197566060239861,25,30,20
9,9639,0.005330073500565139,0.11990225930973844,0.1550108658911852,0.7197568012985119,25,30,20
9,9640,0.005324153892999357,0.11990225930971843,0.1550085896767998,0.7197649971204831,25,30,20
9,9641,0.005328182310637474,0.11987583523225323,0.15503098534615922,0.7197649971109509,25,30,20
9,9642,0.0053301128786873144,0.11987583523233988,0.15502450376829097,0.7197695481206824,25,30,20
9,9643,0.00533011177818942,0.11987583523233891,0.1550244636930242,0.7197695892964484,25,30,20
9,9644,0.005335928203533363,0.11986947093141712,0.15502501158331536,0.7197695892817351,25,30,20
9,9645,0.005330121492068494,0.1198533495120108,0.1550469397137016,0.71976958928222,25,30,20
9,9646,0.006731434013674682,0.11985334952988362,0.1536455919230418,0.7197696245334019,25,30,20
9,9647,0.006731435372280961,0.11985334952988298,0.1536455918952154,0.7197696232026217,25,30,20
9,9648,0.006955818358675816,0.11965104693917043,0.15362351147080644,0.7197696232313484,25,30,20
9,9649,0.006957713180883335,0.1196510469392415,0.15362351834839144,0.7197677215314848,25,30,20
9,9650,0.00695989627950563,0.11965104693931179,0.15349838711450256,0.7198906696666811,25,30,20
9,9651,0.006979859815633408,0.11965104693938175,0.1534984726538907,0.7198706205910955,25,30,20
9,9652,0.006986378257574538,0.0800773966753325,0.19306560447562085,0.7198706205914732,25,30,20
9,9653,0.006986410526295185,0.08007739667534974,0.19306560679733578,0.7198705860010203,25,30,20
9,9654,0.006990202860593463,0.08048526240070678,0.19265392806890178,0.719870606669799,25,30,20
9,9655,0.007140044246522287,0.07970990365202354,0.19327828378852976,0.7198717683129253,25,30,20
9,9656,0.0071399431586994565,0.0797099036520079,0.1932782816311365,0.7198718715581574,25,30,20
9,9657,0.007143787408433037,0.0797099036520055,0.19327825849017707,0.7198680504493855,25,30,20
9,9658,0.007143679473317027,0.07970990365198821,0.19327825674559712,0.7198681601290984,25,30,20
9,9659,0.007143437576487471,0.07971014733243423,0.19327825496152676,0.7198681601295523,25,30,20
9,9660,0.007269207184817742,0.07971014733688078,0.19327864732705963,0.7197419981512424,25,30,20
9,9661,0.0072695264016355695,0.07971014733693402,0.19327865025070173,0.719741676010729,25,30,20
9,9662,0.006092742427393109,0.07971014728305528,0.19445557623196075,0.7197415340575932,25,30,20
9,9663,0.006249499729103257,0.07971014721685489,0.19429876597588291,0.7197415870781613,25,30,20
9,9664,0.006253639867703432,0.07971014721678667,0.19429875821423856,0.7197374547012737,25,30,20
9,9665,0.006259697095631575,0.0797101472168395,0.19429876319232867,0.7197313924952027,25,30,20
9,9666,0.0221736570536434,0.07971014786939326,0.17838483608835784,0.7197313589886081,25,30,20
9,9667,0.022173761818076513,0.07971014786939076,0.17838475345323818,0.7197313368592966,25,30,20
9,9668,0.022167798511926448,0.07973849853074555,0.17836236609840345,0.7197313368589267,25,30,20
9,9669,0.02216769657472,0.07973849853076309,0.17836236648177248,0.7197314384127459,25,30,20
9,9670,0.018692288977843405,0.07973849732361935,0.18220502442519185,0.7193641892733463,25,30,20
9,9671,0.018690115666796202,0.07973849732368875,0.18220503230604362,0.7193663547034725,25,30,20
9,9672,0.018548547754753647,0.07973849731913775,0.18220454848239506,0.7195084064437147,25,30,20
9,9673,0.01838832377803221,0.07972470366957118,0.18237974842144886,0.7195072241309497,25,30,20
9,9674,0.01840223266658313,0.0784731927890486,0.18361735039931154,0.7195072241450604,25,30,20
9,9675,0.018402267315566732,0.07847319278915728,0.1836172824052349,0.719507257490045,25,30,20
9,9676,0.01840027008611599,0.0784731927889613,0.183617229707377,0.7195093074175496,25,30,20
9,9677,0.018496509562790097,0.07847319334125508,0.18352098289678462,0.719509314199175,25,30,20
9,9678,0.018500081147269712,0.07847319334134047,0.18352759638248764,0.7194991291289072,25,30,20
9,9679,0.018505932261231418,0.07847319334128505,0.18352759390361822,0.7194932804938706,25,30,20
9,9680,0.018501974489036302,0.0784731933411446,0.18352109273106346,0.7195037394387609,25,30,20
9,9681,0.01861413590905346,0.07847319334122015,0.18352137653428435,0.719391294215447,25,30,20
9,9682,0.002559341007561033,0.07847319275463896,0.19957619156181114,0.7193912746759936,25,30,20
9,9683,0.002559233558288515,0.07847319275465775,0.19957619189214282,0.7193913817949151,25,30,20
9,9684,0.002559233628948259,0.07847319275465903,0.1995761905536188,0.7193913830627782,25,30,20
9,9685,0.0025773811697789974,0.07847319312604821,0.19955803774773004,0.7193913879564471,25,30,20
9,9686,0.0025716345599322748,0.07847319312612018,0.1995581254543587,0.7193970468595927,25,30,20
9,9687,0.0030352951708649254,0.07847319955136055,0.19909445839963535,0.7193970468781379,25,30,20
9,9688,0.0030294091897403253,0.07847319955136087,0.19909446041440948,0.7194029308444886,25,30,20
9,9689,0.003059380701290807,0.07847319962935395,0.1990644888290424,0.7194029308403125,25,30,20
9,9690,0.0030534226335714567,0.0784731996293359,0.19919394031373794,0.7192794374233542,25,30,20
9,9691,0.003055275197049535,0.07847319962938813,0.1991939439703388,0.7192775812032228,25,30,20
9,9692,0.0031750706126381987,0.07847319946297762,0.19907395666058175,0.7192777732638018,25,30,20
9,9693,0.003175143881944973,0.07847319946299505,0.1989445051152921,0.7194071515397674,25,30,20
9,9694,0.0031834106334790607,0.07847319946324646,0.1989446116731356,0.7193987782301374,25,30,20
9,9695,0.003177454584486183,0.07847319946326431,0.19894461365238997,0.7194047322998586,25,30,20
9,9696,0.0031835184672416735,0.07847319946326396,0.19894461096298333,0.7193986711065105,25,30,20
9,9697,0.00315378566629137,0.07847320458120642,0.19897433864589412,0.7193986711066074,25,30,20
9,9698,0.003502421899355183,0.07847320156318444,0.19862570411256936,0.7193986724248912,25,30,20
9,9699,0.003502422908357711,0.07847320156320198,0.19862570465376211,0.7193986708746789,25,30,20
9,9700,0.003480319535954085,0.07847320156288057,0.19862556372827858,0.7194209151728876,25,30,20
9,9701,0.0034862053925693833,0.07847320156288054,0.19862556372326293,0.7194150293212878,25,30,20
9,9702,0.003942126512717262,0.07925444664871932,0.19738839667882327,0.7194150301597412,25,30,20
9,9703,0.029314642830402447,0.07925444671541379,0.17201591384965334,0.7194149966045315,25,30,20
9,9704,0.029780417621143477,0.07925444672374772,0.1720163920655837,0.7189487435895261,25,30,20
9,9705,0.02978027170067457,0.0792544467237442,0.17201639080444792,0.7189488907711343,25,30,20
9,9706,0.029780413601106708,0.07925444672371039,0.1720163064163122,0.7189488332588715,25,30,20
9,9707,0.02955007128670263,0.07947425150428,0.17202684397886892,0.7189488332301488,25,30,20
9,9708,0.029550145178642552,0.07948346119785225,0.17201756038875665,0.718948833234749,25,30,20
9,9709,0.02954601032341186,0.07948346119794114,0.17201756529946008,0.7189529631791871,25,30,20
9,9710,0.029545977386580803,0.07948346119794365,0.17201757083766328,0.7189529905778125,25,30,20
9,9711,0.06795637667662262,0.07948346108600929,0.13360735981192395,0.7189528024254465,25,30,20
9,9712,0.06795648667279311,0.07948346108602655,0.13360724423859172,0.7189528080025904,25,30,20
9,9713,0.07061063712483057,0.07948348179745722,0.13095307765350758,0.7189528034242068,25,30,20
9,9714,0.07061844947156634,0.07948348179750885,0.13095535985229284,0.7189427088786338,25,30,20
9,9715,0.07062841382931445,0.07948373257366147,0.1309451441177852,0.7189427094792401,25,30,20
9,9716,0.07063401659520584,0.07948373257362326,0.13094514075837396,0.7189371100727986,25,30,20
9,9717,0.0709900608302291,0.07948373257354979,0.13094511377413987,0.7185810928220833,25,30,20
9,9718,0.07052030479147758,0.05414479127942223,0.15675381195932447,0.7185810919697786,25,30,20
9,9719,0.07052048966082332,0.05414479127944111,0.15675381139703728,0.7185809076627008,25,30,20
9,9720,0.0700484306246665,0.05414479127931521,0.15675354069925643,0.7190532373967643,25,30,20
9,9721,0.07006506016681366,0.054144791279372564,0.15675359671868638,0.7190365518351298,25,30,20
9,9722,0.07007890294673146,0.05414479127944321,0.15675360286739604,0.7190227029064318,25,30,20
9,9723,0.07007903815885716,0.05414479127946129,0.15675368662011324,0.7190224839415705,25,30,20
9,9724,0.07007890800361286,0.054144791279443834,0.15675366475944832,0.7190226359574972,25,30,20
9,9725,0.07113005018223656,0.05414479109097304,0.1557006215981212,0.7190245371286711,25,30,20
9,9726,0.07111611111845469,0.05414479109088671,0.1556983398706417,0.7190407579200189,25,30,20
9,9727,0.07119551860075939,0.054144791091904926,0.161932034224841,0.7127276560824941,25,30,20
9,9728,0.07118767450758831,0.054144791091802015,0.1619320261872397,0.712735508213369,25,30,20
9,9729,0.07130363876234731,0.05414479109196582,0.1619368661859638,0.7126147039597222,25,30,20
9,9730,0.07085380110887635,0.05414479108375416,0.16193648317594342,0.7130649246314255,25,30,20
9,9731,0.07084784091152745,0.05414479108378886,0.1619364846485098,0.7130708833561732,25,30,20
9,9732,0.07083585743220744,0.05414479108378921,0.16193648669530825,0.7130828647886944,25,30,20
9,9733,0.0708358253712913,0.05414479108377044,0.16193648735849528,0.7130828961864423,25,30,20
9,9734,0.07081989024423836,0.054144791083648496,0.16193639266753593,0.7130989260045765,25,30,20
9,9735,0.07081988794433289,0.054144791083628775,0.16194299554529862,0.7130923254267388,25,30,20
9,9736,0.06808279518387464,0.05414476981045208,0.16468011178834757,0.7130923232173246,25,30,20
9,9737,0.06808279177632243,0.05414476981043766,0.16468014121951186,0.7130922971937269,25,30,20
9,9738,0.06808254334556663,0.05414476981068602,0.16468015846749803,0.7130925283762483,25,30,20
9,9739,0.06808843208803113,0.05414476981069951,0.1646801269853505,0.7130866711159177,25,30,20
9,9740,0.06808867387505046,0.05414476981075273,0.1646801278657729,0.7130864284484231,25,30,20
9,9741,0.06727051203863652,0.054144521913447076,0.1654985395735935,0.7130864264743226,25,30,20
9,9742,0.06727053959239256,0.05414452191346669,0.16549854303375963,0.7130863954603808,25,30,20
9,9743,0.06776015660821036,0.054144521918015706,0.1654988751059143,0.7125964463678591,25,30,20
9,9744,0.06775427056378516,0.05414452191801449,0.16549887454864567,0.7126023329695542,25,30,20
9,9745,0.06763830628347357,0.05414452191784999,0.16549403448651712,0.7127231373121589,25,30,20
9,9746,0.06763231739225355,0.054144521917834657,0.16549407478593828,0.7127290859039731,25,30,20
9,9747,0.0676384225964579,0.054144521919905125,0.1654940791531684,0.7127229763304679,25,30,20
9,9748,0.0679171687138346,0.0541445219232522,0.15926113628249022,0.718677173080424,25,30,20
9,9749,0.06791712838340033,0.05414452192323711,0.15926113816802018,0.7186772115253436,25,30,20
9,9750,0.0763868962876168,0.05414501036636044,0.15079067012465297,0.7186774232213713,25,30,20
9,9751,0.07638065230825847,0.0541450103642537,0.15079078117304398,0.7186835561544455,25,30,20
9,9752,0.07638069227540402,0.05414501036436361,0.1507906716740111,0.7186836256862228,25,30,20
9,9753,0.07638062342950347,0.054145010364326715,0.1507906669574124,0.7186836992487581,25,30,20
9,9754,0.07637866052912214,0.054145010364238466,0.15079065845507267,0.7186856706515675,25,30,20
9,9755,0.0763826314301052,0.05414526340688809,0.15078643451118823,0.7186856706518192,25,30,20
9,9756,0.07637678735986266,0.05414526340672831,0.15078646008698804,0.7186914891464223,25,30,20
9,9757,0.07637678249559347,0.05414526340671106,0.1507864175614112,0.7186915365362856,25,30,20
9,9758,0.07636018776916587,0.05414526340665304,0.15078635613579477,0.7187081926883883,25,30,20
9,9759,0.07636644823105701,0.05410912541234146,0.15081623366753352,0.7187081926890706,25,30,20
9,9760,0.07587086616740944,0.054109125407793675,0.15081588109214028,0.7192041273326589,25,30,20
9,9761,0.08057042822050892,0.054108636888839046,0.14611702072901653,0.7192039141616374,25,30,20
9,9762,0.08057456479361175,0.05410863688877021,0.1461170972703527,0.7191997010472673,25,30,20
9,9763,0.08058041739042046,0.05410863688875114,0.14611709385489224,0.7191938518659379,25,30,20
9,9764,0.07679747598069535,0.054108636840645236,0.14990193553678174,0.71919195164188,25,30,20
9,9765,0.07679757718883833,0.0541086368406606,0.14990189518444927,0.7191918907860538,25,30,20
9,9766,0.07679730847551433,0.05414036057882611,0.14987044016505943,0.7191918907806021,25,30,20
9,9767,0.07680336998569728,0.054140360578859285,0.14987044150585668,0.7191858279295889,25,30,20
9,9768,0.07679929812943963,0.05414428761160358,0.1498705863197839,0.7191858279391751,25,30,20
9,9769,0.07680543887150829,0.054144287611587946,0.14987062760139694,0.7191796459155086,25,30,20
9,9770,0.07483757162008135,0.05414469458294519,0.15183804696431852,0.7191796868326569,25,30,20
9,9771,0.07483249003435524,0.05414469458291819,0.15184312858508206,0.7191796867976469,25,30,20
9,9772,0.07462178851058782,0.05414469458497014,0.1518429333939071,0.7193905835105379,25,30,20
9,9773,0.07448036248932637,0.054144694578590113,0.1518423818653907,0.7195325610666957,25,30,20
9,9774,0.07450214326892451,0.054144694578620846,0.1518423853974701,0.7195107767549876,25,30,20
9,9775,0.07450403249533144,0.05414444161354817,0.1518407491365797,0.719510776754546,25,30,20
9,9776,0.07449801008744975,0.05414444161353101,0.15184074592945496,0.719516802369569,25,30,20
9,9777,0.0744917620300898,0.05414444161354862,0.15184074426943636,0.7195230520869296,25,30,20
9,9778,0.07499134878543368,0.05414444161809562,0.1518411356685511,0.7190230739279238,25,30,20
9,9779,0.07449800013213874,0.05414444161354966,0.15184080285139223,0.7195167554029236,25,30,20
9,9780,0.07449204462104006,0.0541444416135134,0.15184079956576935,0.7195227141996813,25,30,20
9,9781,0.07450644319761786,0.05414444161356906,0.1518455085090904,0.7195036066797266,25,30,20
9,9782,0.07464773115683186,0.054144446002929614,0.151704215561733,0.7195036072785094,25,30,20
9,9783,0.07464170703186922,0.05414444600289241,0.1517042094146802,0.7195096375505617,25,30,20
9,9784,0.07467766434366627,0.05414444600513966,0.15169785455694115,0.7194800350942563,25,30,20
9,9785,0.07466320103466785,0.05414444600506685,0.1516931904197997,0.719499162540469,25,30,20
9,9786,0.07451636271258538,0.05415888050032261,0.15182559482971206,0.7194991619573834,25,30,20
9,9787,0.07451657657640177,0.054158880500338485,0.1518255515357543,0.719498991387509,25,30,20
9,9788,0.074510514786965,0.05415888050033854,0.15182550356888577,0.7195051011438135,25,30,20
9,9789,0.07447459396452775,0.05415888049812852,0.15182525835490035,0.719541267182446,25,30,20
9,9790,0.07447434096528871,0.054158880498145046,0.15182521708147959,0.7195415614550892,25,30,20
9,9791,0.07447465736335536,0.054158880498200224,0.1518252694338745,0.7195411927045722,25,30,20
9,9792,0.0744746261892121,0.05415888049818143,0.15182531023166157,0.7195411830809468,25,30,20
9,9793,0.07450704923107648,0.05415888049833088,0.15182527550124564,0.7195087947693491,25,30,20
9,9794,0.07450515959585731,0.054158880498241704,0.1518252666134891,0.719510693292414,25,30,20
9,9795,0.07451924252314333,0.05415888049834866,0.15182527502891105,0.7194966019495986,25,30,20
9,9796,0.07448078948488962,0.05415888049827171,0.15182537146293554,0.7195349585539048,25,30,20
9,9797,0.07448092520890869,0.054158880498290776,0.15182537291128298,0.7195348213815193,25,30,20
9,9798,0.07448106100786951,0.054158880498327046,0.151825293077763,0.7195347654160418,25,30,20
9,9799,0.07448103210691898,0.05415904325567022,0.1518251592117424,0.7195347654256697,25,30,20
9,9800,0.07448092848168138,0.054159043255652996,0.15182518601805955,0.7195348422446074,25,30,20
9,9801,0.0744871302838523,0.05415904325565259,0.15182518097031975,0.7195286454901766,25,30,20
9,9802,0.07449103966558039,0.05415904325581466,0.1518251929977308,0.7195247240808753,25,30,20
9,9803,0.07463848628235673,0.054159043260275756,0.15182557735781482,0.7193768930995542,25,30,20
9,9804,0.0746384560593657,0.05415904326020416,0.1518255766511846,0.7193769240292469,25,30,20
9,9805,0.08067526079996433,0.05415863628432879,0.1457892295789923,0.7193768733367158,25,30,20
9,9806,0.08068104406909705,0.054158636284274066,0.14578911223540833,0.719371207411222,25,30,20
9,9807,0.08069487999958799,0.05415863628434407,0.1457891182220818,0.7193573654939874,25,30,20
9,9808,0.08070083719577341,0.05415863628427428,0.14578911741422088,0.7193514091057325,25,30,20
9,9809,0.08055342252501912,0.05415863627983066,0.14578873444109536,0.719499206754056,25,30,20
9,9810,0.08046788725449872,0.054158637101764,0.14587426807017345,0.7194992075735648,25,30,20
9,9811,0.08047394450645175,0.05415863710181748,0.14587427030348823,0.7194931480882437,25,30,20
9,9812,0.07877606192719756,0.05415863826013813,0.14757214939169672,0.7194931504209685,25,30,20
9,9813,0.07894988445506183,0.05414420530523474,0.1474127502316629,0.7194931600080418,25,30,20
9,9814,0.07895177905186201,0.05414420530532391,0.1474127597348133,0.7194912559080019,25,30,20
9,9815,0.0791359852149936,0.05414420557443607,0.147228551615152,0.7194912575954239,25,30,20
9,9816,0.07913609500514818,0.05414420557447364,0.1472285268826432,0.7194911725377403,25,30,20
9,9817,0.0791402996571037,0.05414420557434974,0.14722851725110644,0.7194869775174453,25,30,20
9,9818,0.07913413173551898,0.054144205574313015,0.14722846635347198,0.7194931963367007,25,30,20
9,9819,0.07914026452971014,0.054144205574313375,0.14722849541098548,0.7194870344849954,25,30,20
9,9820,0.07914033094016205,0.07995327083392206,0.12141936374110122,0.719487034484819,25,30,20
9,9821,0.07897206271132412,0.07995351798827546,0.12158739439852655,0.7194870249018783,25,30,20
9,9822,0.07897819397329581,0.07995351798831267,0.12158739701239728,0.7194808910259987,25,30,20
9,9823,0.0789861467068889,0.07995351798843527,0.1215874892430144,0.7194728460616651,25,30,20
9,9824,0.07899984443947655,0.0799535179884865,0.12158749380756313,0.7194591437644771,25,30,20
9,9825,0.08075399070090153,0.07995351690405746,0.11983334847205375,0.7194591439229866,25,30,20
9,9826,0.08077633629536177,0.0799535169042898,0.11983328471597572,0.7194368620843719,25,30,20
9,9827,0.08064361035074492,0.08003641965849141,0.11988310740333198,0.7194368625874314,25,30,20
9,9828,0.08064540326822049,0.08002689444360084,0.11989083969154876,0.7194368625966292,25,30,20
9,9829,0.08064114954787625,0.08002663847387917,0.11989534996811896,0.7194368620101288,25,30,20
9,9830,0.08065309647065319,0.07877677727263993,0.12113326425635398,0.7194368620003586,25,30,20
9,9831,0.08067740970760924,0.07877677727476634,0.12113336186503078,0.7194124511525992,25,30,20
9,9832,0.08067541893861539,0.0787767772747514,0.12113345550266688,0.7194143482839718,25,30,20
9,9833,0.08067596563689505,0.0787767772778059,0.12113351551847307,0.7194137415668317,25,30,20
9,9834,0.08065190343501506,0.07877677727566132,0.12113345805191296,0.7194378612374163,25,30,20
9,9835,0.0807772784416797,0.07877677728493278,0.12113396619852075,0.7193119780748721,25,30,20
9,9836,0.04673679797416505,0.07877677795729908,0.15517421696124353,0.7193122071072977,25,30,20
9,9837,0.046728950938980676,0.07877677795715891,0.15517412437550562,0.7193201467283598,25,30,20
9,9838,0.046752625394758524,0.07877677795745916,0.15517412057219615,0.7192964760755909,25,30,20
9,9839,0.04675862240799529,0.07877677795744256,0.1551741218634955,0.7192904777710715,25,30,20
9,9840,0.046758517045430686,0.07877677795742445,0.1551742050185694,0.7192904999785799,25,30,20
9,9841,0.04675644564495684,0.07877677795749072,0.15517423185219104,0.7192925445453661,25,30,20
9,9842,0.046788235337653125,0.078776777957828,0.15517421757108832,0.719260769133435,25,30,20
9,9843,0.04678028782025964,0.07877677795775831,0.15517421300605608,0.7192687212159293,25,30,20
9,9844,0.04674839296166363,0.07877677795743859,0.1551741854648257,0.7193006436160755,25,30,20
9,9845,0.04673455367373784,0.07877677795736765,0.15517417871044611,0.719314489658451,25,30,20
9,9846,0.04668497814177272,0.07869387493388762,0.15530665701175883,0.7193144899125835,25,30,20
9,9847,0.046671282803120745,0.07994548638746601,0.15406874090618464,0.7193144899032317,25,30,20
9,9848,0.0465240491938165,0.07994548637803786,0.154068343628195,0.7194621207999535,25,30,20
9,9849,0.04652001567752721,0.0799454863780901,0.154068347972009,0.7194661499723768,25,30,20
9,9850,0.046515989058952094,0.07994549073804888,0.15407237025044185,0.71946614995256,25,30,20
9,9851,0.04635928809294271,0.07994549029534742,0.15422898394517665,0.7194662376665382,25,30,20
9,9852,0.04635458113720663,0.0799454902921136,0.1542289924329413,0.7194709361377433,25,30,20
9,9853,0.04636059977560378,0.07994549029211133,0.15422899161748008,0.7194649183148094,25,30,20
9,9854,0.04635642509104732,0.07994549029218073,0.154229079164725,0.7194690054520517,25,30,20
9,9855,0.0463425879000848,0.0799454902921104,0.15422907525797436,0.719482846549835,25,30,20
9,9856,0.04633645907947956,0.07994549029209104,0.1542291563451518,0.7194888942832814,25,30,20
9,9857,0.04634234681278358,0.07994549029209289,0.1542292716116389,0.7194828912834885,25,30,20
9,9858,0.04632598991401023,0.07994549029187709,0.15422925314048713,0.7194992666536286,25,30,20
9,9859,0.046319995878788385,0.07994549029189556,0.15422925269229446,0.7195052611370243,25,30,20
9,9860,0.04631386427121739,0.07994549029189585,0.15422922372434772,0.7195114217125415,25,30,20
9,9861,0.046307626529202735,0.07994549029189471,0.1542292905732161,0.7195175926056888,25,30,20
9,9862,0.0463059430909842,0.079946630738297,0.1542298335644686,0.7195175926062525,25,30,20
9,9863,0.04630408413829709,0.07994663073822723,0.15422971324020085,0.719519571883277,25,30,20
9,9864,0.04627427865446847,0.07994663073794422,0.15422968787641123,0.7195494027311775,25,30,20
9,9865,0.04050054606058043,0.07994663036317996,0.15993976750935657,0.7196130560668847,25,30,20
9,9866,0.0744834541430165,0.07994662962309623,0.12595708860717147,0.7196128276267175,25,30,20
9,9867,0.07449732995742046,0.07994662962321794,0.1259569762577728,0.7195990641615903,25,30,20
9,9868,0.07449133825382914,0.07994662962323394,0.12595697445610005,0.7196050576668381,25,30,20
9,9869,0.0744911982462156,0.07994662962321485,0.12595697301406852,0.7196051991165021,25,30,20
9,9870,0.07449116569319675,0.07994662962319703,0.12595697019846372,0.7196052344851435,25,30,20
9,9871,0.07449116764687776,0.07994662962319637,0.1259569722075289,0.7196052305223979,25,30,20
9,9872,0.0745018825241753,0.07994662962401428,0.13047478101662036,0.7150767068351915,25,30,20
9,9873,0.07451590572008762,0.07994662962411977,0.13047490353086613,0.7150625611249278,25,30,20
9,9874,0.0745158728351857,0.07994662962410128,0.13047481766683236,0.715062679873882,25,30,20
9,9875,0.07450783738283262,0.07994662962401138,0.13047469525866698,0.7150708377344904,25,30,20
9,9876,0.0745078373633298,0.07994662962401075,0.13047469567128753,0.7150708373413721,25,30,20
9,9877,0.07449403629747296,0.07994662962395944,0.13047481274778824,0.7150845213307794,25,30,20
9,9878,0.07448841159387311,0.0799468818762426,0.13048018521372234,0.7150845213161625,25,30,20
9,9879,0.07539260969643975,0.07994688187645284,0.13048047764242934,0.7141800307846787,25,30,20
9,9880,0.07539257261541087,0.07994688187668247,0.13048038196669912,0.7141801635412085,25,30,20
9,9881,0.07538668724910588,0.07994688187668342,0.13048038209177826,0.7141860487824335,25,30,20
9,9882,0.07538126329150667,0.07994688187452566,0.13048580912520552,0.7141860457087639,25,30,20
9,9883,0.07538097929754806,0.07994688263477483,0.1304860923478553,0.7141860457198237,25,30,20
9,9884,0.07538686714311855,0.07994688263477451,0.13048609226905142,0.7141801579530574,25,30,20
9,9885,0.07539113729928246,0.07994688401361753,0.13048182073371878,0.7141801579533856,25,30,20
9,9886,0.07449082607118479,0.07994688401358353,0.13048154230974976,0.7150807476054859,25,30,20
9,9887,0.0745330070367433,0.07994688402174792,0.1304833917584465,0.7150367171830662,25,30,20
9,9888,0.07466644149054807,0.0799468840289002,0.13048848090360216,0.7148981935769531,25,30,20
9,9889,0.07513057327808217,0.0794825778635614,0.13048865525696426,0.714898193601396,25,30,20
9,9890,0.07513060521654173,0.07948257786357922,0.13048865661835735,0.7148981603015255,25,30,20
9,9891,0.07511988958310703,0.07948257786274315,0.12597077218692126,0.7194267603672323,25,30,20
9,9892,0.07559968652169007,0.07948257786293665,0.12597093194373704,0.71894680367164,25,30,20
9,9893,0.07562175180473851,0.0794825778630079,0.12597081898765758,0.7189248513445999,25,30,20
9,9894,0.07563782307199167,0.07947477842887425,0.1259625471397008,0.7189248513594373,25,30,20
9,9895,0.07540207424245697,0.07947477843300611,0.12596292592046257,0.7191602214040784,25,30,20
9,9896,0.07486179943061853,0.07947477893765312,0.1265031562981766,0.7191602653335556,25,30,20
9,9897,0.07461761449193478,0.07947477893329274,0.12650261622913495,0.7194049903456413,25,30,20
9,9898,0.07461144685472564,0.0794745200328724,0.12650904276718672,0.7194049903452191,25,30,20
9,9899,0.07522672287428833,0.07947451958900334,0.12589380975839198,0.7194049477783199,25,30,20
9,9900,0.07522672296011008,0.07947451958900337,0.12589380926054836,0.7194049481903417,25,30,20
9,9901,0.07522476311916972,0.07947451958893419,0.12589380324239197,0.7194069140495071,25,30,20
9,9902,0.07522493557029923,0.07947451958898831,0.12589380625808233,0.719406738582633,25,30,20
9,9903,0.07476065885525618,0.079938979500301,0.1258936230816639,0.7194067385627819,25,30,20
9,9904,0.07477480015315226,0.07993897950044347,0.12589358786472268,0.7193926324816843,25,30,20
9,9905,0.07478062099614607,0.07993897950040625,0.12589366758840043,0.7193867319150499,25,30,20
9,9906,0.07478266263586769,0.0799365923086557,0.12589401313538645,0.7193867319200927,25,30,20
9,9907,0.07477677928635378,0.07993659230865574,0.12589563526996778,0.7193909931350254,25,30,20
9,9908,0.08050131216716919,0.07993659250892819,0.12023484169788488,0.71932725362602,25,30,20
9,9909,0.08036791425940994,0.07993659250154411,0.12022973080992187,0.7194657624291264,25,30,20
9,9910,0.08037783244409119,0.07993659250019496,0.12021981260786223,0.7194657624478538,25,30,20
9,9911,0.08038192194550568,0.07993284784745931,0.12021946776882433,0.7194657624382128,25,30,20
9,9912,0.08036557056697147,0.07994906967583684,0.12021959734365824,0.7194657624135357,25,30,20
9,9913,0.08035961175652866,0.07994906967582054,0.12021960027654544,0.7194717182911075,25,30,20
9,9914,0.0803814319253811,0.07994906967596148,0.1202211984370811,0.7194482999615781,25,30,20
9,9915,0.08037530269919252,0.07995519183930139,0.12022120549992793,0.7194482999615799,25,30,20
9,9916,0.08038924690708886,0.07995519183931886,0.12022115571496933,0.7194344055386245,25,30,20
9,9917,0.08039720077280445,0.07995519183942461,0.12022116430492813,0.719426443082844,25,30,20
9,9918,0.0803972285369214,0.07995519183942426,0.12022108284788936,0.7194264967757656,25,30,20
9,9919,0.08039722598635404,0.07995519183942394,0.12021954317199174,0.7194280390022307,25,30,20
9,9920,0.0803973398173015,0.07995519183942434,0.12021954267119861,0.719427925672076,25,30,20
9,9921,0.0803515859846547,0.07995519183111931,0.12021768125419995,0.7194755409300265,25,30,20
9,9922,0.08055747866460854,0.0799549389032645,0.12001203905704791,0.7194755433750817,25,30,20
9,9923,0.08055741879141165,0.0799549389032282,0.12001201354020473,0.7194756287651575,25,30,20
9,9924,0.08031380009813144,0.07995493908655871,0.12025561603724333,0.7194756447780688,25,30,20
9,9925,0.0803139413095426,0.07995493908650769,0.1202556143727041,0.7194755052312479,25,30,20
9,9926,0.08029814918850839,0.07995493908638579,0.12025871753034155,0.7194881941947666,25,30,20
9,9927,0.08029397769761186,0.07995493908643617,0.12025402415596954,0.7194970590599847,25,30,20
9,9928,0.08028998136384599,0.0799549390865253,0.12025406493243002,0.7195010146172011,25,30,20
9,9929,0.08028987875548296,0.07995493908654216,0.12025406664199745,0.7195011155159794,25,30,20
9,9930,0.08030622700198077,0.07993864347020707,0.1202540137158505,0.7195011158119636,25,30,20
9,9931,0.08030437233316352,0.07993864347013763,0.12025400577694988,0.719502978419751,25,30,20
9,9932,0.08030425910765068,0.07993864347013782,0.12025400631961934,0.7195030911025942,25,30,20
9,9933,0.08030618911276875,0.07993864347022454,0.12025404938104875,0.7195011180359598,25,30,20
9,9934,0.08010014722106967,0.0799388992558312,0.12045983794316699,0.7195011155799343,25,30,20
9,9935,0.0801008221084427,0.07993889925581936,0.12045984379617033,0.7195004348395696,25,30,20
9,9936,0.08009311615110923,0.0799388992557155,0.12045983888100237,0.719508145712175,25,30,20
9,9937,0.08009910584890266,0.07993889925576934,0.12045983984149723,0.7195021550538323,25,30,20
9,9938,0.08010327370821957,0.07993889925575363,0.120459833657804,0.7194979933782243,25,30,20
9,9939,0.08010740691944138,0.07993889925577484,0.12045979438185471,0.7194938994429304,25,30,20
9,9940,0.08009705287855745,0.07994878395572226,0.12046026401893985,0.7194938991467817,25,30,20
9,9941,0.08010318695440316,0.07994878395570533,0.12055249939892146,0.7193955296909708,25,30,20
9,9942,0.0801170213576109,0.07994878395579288,0.12055242418371862,0.7193817705028779,25,30,20
9,9943,0.08013556063867126,0.06119396239456745,0.13928870645436445,0.7193817705123972,25,30,20
9,9944,0.08011934497128095,0.06119396239444175,0.13928869171684735,0.7193980009174301,25,30,20
9,9945,0.0803526414323195,0.06119396220711032,0.13905540450803394,0.7193979918525365,25,30,20
9,9946,0.08034822847729052,0.06119396220719606,0.13905540803205063,0.719402401283463,25,30,20
9,9947,0.0803401253832898,0.06119396220733774,0.13905541925032622,0.7194104931590473,25,30,20
9,9948,0.08034026918480229,0.06119395514585522,0.1390552825031917,0.7194104931661508,25,30,20
9,9949,0.08033809747616641,0.06119395514596096,0.13905529001354228,0.7194126573643307,25,30,20
9,9950,0.08033806051852073,0.06119395514617363,0.13905530905263602,0.7194126752826697,25,30,20
9,9951,0.08034819745964121,0.06119395321651869,0.13904517398993751,0.7194126753339027,25,30,20
9,9952,0.0743733204010248,0.061193953741619234,0.14502002342100181,0.719412702436354,25,30,20
9,9953,0.07436134402190289,0.06119395374163869,0.14502002535812714,0.7194246768783313,25,30,20
9,9954,0.07435731459191716,0.06119395374170814,0.14502003130373262,0.7194287003626424,25,30,20
9,9955,0.07436319676420863,0.06119395374170746,0.14502003127147778,0.7194228182226061,25,30,20
9,9956,0.07436294679867766,0.061193953741725864,0.14492779389821572,0.7195153055613805,25,30,20
9,9957,0.0743462618195485,0.07994692294571787,0.12619150967352163,0.7195153055612121,25,30,20
9,9958,0.07435038222539188,0.07994692273162657,0.1261873906937259,0.7195153043492559,25,30,20
9,9959,0.07434841333138463,0.07994911960265565,0.1261871626973267,0.7195153043686332,25,30,20
9,9960,0.07434777072866755,0.07994911960268526,0.1261871581569226,0.7195159515117244,25,30,20
9,9961,0.07436925463592885,0.07994911960722434,0.12616567663719713,0.7195159491196538,25,30,20
9,9962,0.07437745895557873,0.07994911961043624,0.1261656900350388,0.7195077313989503,25,30,20
9,9963,0.05750450682056196,0.07994911905066274,0.14303866825003939,0.7195077058787401,25,30,20
9,9964,0.057504231762481595,0.07994911905069783,0.14303869913030332,0.7195079500565212,25,30,20
9,9965,0.05750619408618341,0.07991603619918582,0.14306981967749452,0.7195079500371401,25,30,20
9,9966,0.05747548584079861,0.07991608655662566,0.14310047755340696,0.7195079500491728,25,30,20
9,9967,0.05747538038725739,0.07991608655660748,0.14310047722789926,0.7195080558282401,25,30,20
9,9968,0.05746949639467092,0.07995341514393939,0.1430690326283956,0.7195080558329983,25,30,20
9,9969,0.05746760305741485,0.07995341514385057,0.1430689094411724,0.7195100723575659,25,30,20
9,9970,0.05746574461128788,0.07995341514377989,0.14306890352981275,0.7195119367151228,25,30,20
9,9971,0.05794167140875583,0.07995341514387178,0.14306907839000016,0.7190358350573751,25,30,20
9,9972,0.08070562311962508,0.07995342310161341,0.12030508871137649,0.7190358650673879,25,30,20
9,9973,0.08071774817857225,0.07995342310169085,0.12030514172943789,0.719023686990302,25,30,20
9,9974,0.08072391323485334,0.07995342310174552,0.12030514564460343,0.7190175180188005,25,30,20
9,9975,0.0807179303750896,0.07995342310165486,0.12030513912535419,0.7190235073979037,25,30,20
9,9976,0.08072196132249126,0.07994939143316257,0.12030513985588254,0.7190235073884659,25,30,20
9,9977,0.07924310344970403,0.07994943062171894,0.12178397730913196,0.7190234886194474,25,30,20
9,9978,0.07923284022172862,0.07994943062174824,0.12178393284664198,0.7190337963098835,25,30,20
9,9979,0.07923108230576834,0.07994943062169906,0.12178392983795598,0.719035557234579,25,30,20
9,9980,0.07923917678763463,0.07994943062175283,0.12178393665742107,0.7190274559331938,25,30,20
9,9981,0.07923932110720946,0.07994874225814731,0.12178448069636641,0.7190274559382793,25,30,20
9,9982,0.0787655653519606,0.07994874225793175,0.12178429295342118,0.719501399436689,25,30,20
9,9983,0.07877152344023672,0.0799487422579474,0.12178429205777044,0.7194954422440476,25,30,20
9,9984,0.07878961337399484,0.0799487422591672,0.12178443355122379,0.7194772108156164,25,30,20
9,9985,0.07878962827904942,0.07994874225899086,0.121784415574635,0.7194772138873265,25,30,20
9,9986,0.07879586071357676,0.07994874225890355,0.1217843838474818,0.7194710131800397,25,30,20
9,9987,0.0787958570023324,0.07994874225890357,0.12178438245843493,0.7194710182803309,25,30,20
9,9988,0.052957360204495714,0.07994870947637515,0.14762276578377445,0.7194711645353561,25,30,20
9,9989,0.052951369406406046,0.07994870947635827,0.1476228042540096,0.7194771168632276,25,30,20
9,9990,0.052951087696699914,0.07994870947318079,0.14762282287101708,0.7194773799591033,25,30,20
9,9991,0.052964822507958094,0.07994870947319298,0.14762282523627404,0.7194636427825759,25,30,20
9,9992,0.05298663838170364,0.079895850849377,0.14765386795248925,0.7194636428164313,25,30,20
9,9993,0.09124437796898886,0.07989580049963844,0.10939069263925655,0.7194691288921152,25,30,20
9,9994,0.0912443785875117,0.07989580049963972,0.10939069553962773,0.7194691253732199,25,30,20
9,9995,0.09124037971446965,0.0798958004997085,0.10939070350280412,0.719473116283017,25,30,20
9,9996,0.07931867068927947,0.07989580260910692,0.12131234145120842,0.7194731852504047,25,30,20
9,9997,0.07930889871386826,0.07989580260903184,0.12132211245789834,0.7194731862192087,25,30,20
9,9998,0.07930889999741303,0.0798958026089946,0.12132211236350425,0.7194731850300949,25,30,20
9,9999,0.08090941265256012,0.0798958026751021,0.11972706580034767,0.7194677188719895,25,30,20
9,10000,0.08089543400984187,0.07989580267504895,0.11972703253961146,0.7194817307754968,25,30,20
