run,generation,degenerate,holistic,other,compositional,popsize,turnover_rounds,group_rounds
24,0,0.015625000000000003,0.06250000000000001,0.8906250000000001,0.03125000000000001,25,30,20
24,1,0.007582773532704819,0.04276019523675785,0.932499643444989,0.017157387785556838,25,30,20
24,2,0.0022595736339381493,0.09121456631324369,0.8934488363902934,0.013077023662524412,25,30,20
24,3,0.0002281876958575308,0.11775842832604834,0.8815787869924709,0.00043459698561719467,25,30,20
24,4,0.00022229029785319197,0.12330987626069925,0.876149491466428,0.0003183419750144031,25,30,20
24,5,2.156599010664147e-07,0.14021936380036182,0.79057160063334,0.06920881990639834,25,30,20
24,6,3.593796971169677e-09,0.1909118648375165,0.729076848709542,0.08001128285914158,25,30,20
24,7,3.989291956110747e-14,0.27821658186768267,0.5817900025669993,0.1399934155652783,25,30,20
24,8,3.92063922551752e-14,0.3188760478467321,0.5190902706984435,0.16203368145478428,25,30,20
24,9,4.8828909428455375e-21,0.33967615292892583,0.4996348589232516,0.16068898814782095,25,30,20
24,10,6.304547310179948e-18,0.35373276980169266,0.4862685296632799,0.1599987005350269,25,30,20
24,11,5.725705390051127e-13,0.400683646183731,0.43931638436718096,0.15999996944851422,25,30,20
24,12,3.5908098404113817e-16,0.400011859080877,0.4399881790795526,0.15999996183956905,25,30,20
24,13,6.400621603375474e-18,0.4198107519535834,0.42016442508792246,0.16002482295849269,25,30,20
24,14,1.9868931945847742e-14,0.4013369263750205,0.38679030981343937,0.2118727638115197,25,30,20
24,15,1.1903708811404227e-16,0.43998783815487663,0.34674888615805166,0.2132632756870709,25,30,20
24,16,4.781102142939028e-16,0.4792750410402781,0.3074985759322981,0.2132263830274224,25,30,20
24,17,1.3178261139262664e-16,0.5002822944748098,0.2864662905466034,0.21325141497858582,25,30,20
24,18,1.0238159933708018e-14,0.5198029109751565,0.2798554558355733,0.2003416331892592,25,30,20
24,19,1.0229005107765927e-14,0.5585960264460046,0.24073732331356867,0.20066665024041583,25,30,20
24,20,6.189247970417672e-18,0.5199639830349279,0.28003582458491566,0.2000001923801558,25,30,20
24,21,6.406409258353004e-18,0.5593096132523956,0.24072707579113234,0.19996331095647205,25,30,20
24,22,2.2103802066455423e-19,0.5796544494023445,0.2203459865707095,0.19999956402694527,25,30,20
24,23,1.0227727540469011e-14,0.5999922646497525,0.19936666844076467,0.20064106690947248,25,30,20
24,24,2.729109992592421e-19,0.6396324885102025,0.16039897035524306,0.19996854113455406,25,30,20
24,25,3.843079496233565e-21,0.6590711618935898,0.14096578049847677,0.1999630576079329,25,30,20
24,26,3.5864108351908735e-16,0.6591071820444714,0.14092953338752348,0.19996328456800455,25,30,20
24,27,1.904364184637445e-21,0.6400238743989471,0.15997614554857034,0.1999999800524823,25,30,20
24,28,7.111028967741573e-16,0.6407010874004725,0.15929893587806154,0.199999976721465,25,30,20
24,29,3.390424320071947e-15,0.6401519917441398,0.161195056755739,0.19865295150011722,25,30,20
24,30,6.1911183275514265e-18,0.6400232416455927,0.15928734604933525,0.2006894123050715,25,30,20
24,31,5.0770491574069386e-15,0.6401729897407598,0.11982832800381596,0.2399986822554191,25,30,20
24,32,2.044872206708867e-14,0.6603075254740587,0.09969313802713341,0.23999933649878738,25,30,20
24,33,3.58525189998468e-16,0.6806160813459582,0.07937335143004562,0.24001056722399583,25,30,20
24,34,3.5852518999846464e-16,0.6805908295318329,0.07939776195704625,0.2400114085111204,25,30,20
24,35,3.2306349365252933e-23,0.680627536851131,0.0793731308660879,0.23999933228278114,25,30,20
24,36,3.231680622770421e-23,0.680578356045824,0.0801350819304887,0.2392865620236872,25,30,20
24,37,3.1593150922750665e-26,0.7199604420036957,0.040753207970336006,0.23928635002596801,25,30,20
24,38,2.112029413628011e-26,0.7199863194883352,0.04072710319472462,0.23928657731694009,25,30,20
24,39,2.1300538137697482e-26,0.7199995018425266,0.04142798669611289,0.2385725114613605,25,30,20
24,40,3.177056220352746e-26,0.7199992744159389,0.040727114766901454,0.23927361081715923,25,30,20
24,41,3.399620700166105e-23,0.7199983990864025,0.040702738517495264,0.23929886239610204,25,30,20
24,42,5.86698991419084e-25,0.7199979857246356,0.0013698971104927084,0.2786321171648714,25,30,20
24,43,5.865086953055772e-25,0.7199980312752343,0.001394235541375616,0.27860773318339,25,30,20
24,44,1.08407906122408e-26,0.7199347357103814,0.002077841694994404,0.2779874225946241,25,30,20
24,45,1.0663489384455637e-26,0.7199366752229305,6.400034924388905e-05,0.2799993244278255,25,30,20
24,46,3.7393252449723885e-28,0.7191866662286392,0.0008140127924321239,0.27999932097892855,25,30,20
24,47,1.0834008400517641e-26,0.7199624301544334,5.0359381732166686e-05,0.27998721046383435,25,30,20
24,48,2.111386016722475e-26,0.7199375956438827,9.996488218929352e-05,0.2799624394739279,25,30,20
24,49,1.9329996144012403e-28,0.7199867810301864,0.0008011023853354743,0.27921211658447803,25,30,20
24,50,1.9717269313826043e-21,0.7199861483743778,0.0007777790238714653,0.2792360726017505,25,30,20
24,51,1.9717267478168013e-21,0.7192109948775152,0.0015898400670738225,0.2791991650554109,25,30,20
24,52,1.0457159819564751e-26,0.7199617416666243,7.733075013509023e-05,0.2799609275832407,25,30,20
24,53,1.0460497323649185e-26,0.7199604612706938,4.148729166641119e-05,0.2799980514376398,25,30,20
24,54,1.9041837376762342e-28,0.7199981793804223,2.9243796371488185e-05,0.2799725768232059,25,30,20
24,55,1.9358030730125424e-28,0.7192714533996171,0.0007546737958774423,0.27997387280450514,25,30,20
24,56,1.0659997642700114e-26,0.7179483734867492,0.0021019299558259316,0.27994969655742485,25,30,20
24,57,6.513050539736861e-30,0.7179630646048105,0.0020382544767291078,0.2799986809184604,25,30,20
24,58,1.0476148447934441e-26,0.7179969104002757,0.002041331444153262,0.2799617581555711,25,30,20
24,59,1.866383333856791e-28,0.7179479116082319,0.00208964863811509,0.27996243975365287,25,30,20
24,60,3.737082194016801e-28,0.7179724812692843,0.002065090410210859,0.27996242832050494,25,30,20
24,61,2.1487331964956898e-26,0.7179862849955302,0.00206402568290333,0.2799496893215664,25,30,20
24,62,1.0466813476782665e-26,0.7199613133276179,3.869819724472571e-05,0.27999998847513735,25,30,20
24,63,5.965954216605795e-25,0.7199984107785943,2.2376084743352904e-06,0.2799993516129314,25,30,20
24,64,5.966049730608535e-25,0.719997386899424,1.5368608817422806e-05,0.27998724449175855,25,30,20
24,65,5.9660180818718205e-25,0.7199986678554285,1.4742465886523284e-05,0.27998658967868495,25,30,20
24,66,1.9023702856641052e-28,0.7199975844138584,2.431823822461301e-06,0.2799999837623192,25,30,20
24,67,3.3995475722268514e-23,0.7199863224066156,5.061293999106641e-05,0.27996306465339316,25,30,20
24,68,1.0653491911433149e-26,0.7199610963594038,7.628173740884661e-05,0.2799626219031873,25,30,20
24,69,2.1120127711212335e-26,0.7199247921022497,8.905457519624668e-05,0.2799861533225538,25,30,20
24,70,3.158716192908245e-26,0.7199856633530216,2.7751480502540123e-05,0.27998658516647557,25,30,20
24,71,2.1120293225184044e-26,0.71996129869382,3.9584751906860755e-05,0.2799991165542731,25,30,20
24,72,6.561144861400479e-30,0.7199848495934718,1.6454190966311986e-05,0.27999869621556184,25,30,20
24,73,1.949879366154197e-29,0.7199729396403037,2.7959031279913604e-05,0.2799991013284162,25,30,20
24,74,1.0470036065492995e-26,0.7199598012877079,4.1317159247202384e-05,0.27999888155304475,25,30,20
24,75,6.619697239194644e-30,0.7199500857617516,5.037322714365323e-05,0.27999954101110475,25,30,20
24,76,6.070589541810779e-25,0.7199977963422994,3.7391079459785753e-06,0.2799984645497546,25,30,20
24,77,1.8196346939601996e-23,0.6999976658725491,0.020003657906789832,0.27999867622066094,25,30,20
24,78,1.905514961588487e-21,0.7186176332737788,0.0013823834291101353,0.279999983297111,25,30,20
24,79,6.070748930299637e-25,0.7199852608848185,2.750612311155495e-05,0.2799872329920697,25,30,20
24,80,3.122330150755084e-26,0.7192847753999666,0.0007532283232309966,0.2799619962768021,25,30,20
24,81,1.06475117548897e-26,0.719960448831369,0.000753644351290823,0.27928590681734006,25,30,20
24,82,9.837231127068957e-30,0.719998429006549,0.0007156756791725362,0.2792858953142784,25,30,20
24,83,1.9340988326480664e-28,0.7191991347063429,0.0008390737702463841,0.27996179152341066,25,30,20
24,84,1.0653492715066744e-26,0.7199735766394341,2.7306545162264384e-05,0.2799991168154037,25,30,20
24,85,3.3941508132444874e-30,0.7199997180818754,3.0493909530260054e-07,0.2799999769790293,25,30,20
24,86,1.9673756477626919e-28,0.7199496162920955,6.337754145538442e-05,0.27998700616644895,25,30,20
24,87,1.9352187671962175e-28,0.7199476802589119,0.00010220263639047079,0.27995011710469764,25,30,20
24,88,3.675967457682078e-28,0.7199988197071331,0.0007284636692786671,0.27927271662358816,25,30,20
24,89,1.101747034753694e-26,0.7199487556971395,0.000814780079287977,0.2792364642235727,25,30,20
24,90,3.7364438862338947e-28,0.7199229269075625,0.0008162136180812732,0.27926085947435614,25,30,20
24,91,1.0653718904431819e-26,0.7199369026810841,0.0007771680935332216,0.2792859292253825,25,30,20
24,92,1.9002097639361195e-28,0.7199259168958928,7.408752234810358e-05,0.27999999558175886,25,30,20
24,93,3.737572340703377e-28,0.7199496418213337,6.354513774618999e-05,0.27998681304091994,25,30,20
24,94,5.4204562924395035e-27,0.7199599913352058,0.020384861308565982,0.25965514735622813,25,30,20
24,95,9.690333258999827e-22,0.7192955906435354,0.020708005276946287,0.2599964040795182,25,30,20
24,96,3.772046784784107e-28,0.7192830605712166,0.0007172017709146583,0.2799997376578687,25,30,20
24,97,3.4006313123373964e-23,0.7199599765381199,4.1157332115064934e-05,0.2799988661297649,25,30,20
24,98,3.400575574427682e-23,0.7199856521994348,0.0007288992193116166,0.27928544858125365,25,30,20
24,99,3.400575246728913e-23,0.7199731596853121,6.463536770636509e-05,0.2799622049469815,25,30,20
24,100,3.399529538390338e-23,0.7199722956717678,6.591711912197864e-05,0.2799617872091102,25,30,20
24,101,3.4005048953828775e-23,0.7179725228890159,0.0020274892990634445,0.27999998781192037,25,30,20
24,102,1.0837515562942024e-26,0.7199854581306786,1.6494079880405572e-05,0.27999804778944065,25,30,20
24,103,1.0473426978763183e-26,0.7199502787430991,5.166948220747527e-05,0.2799980517746931,25,30,20
24,104,5.544901358251596e-28,0.7185815934007307,0.00213292398535585,0.2792854826139131,25,30,20
24,105,3.396466201267708e-23,0.7199116890780934,8.831918002537905e-05,0.27999999174188106,25,30,20
24,106,1.7949091553879405e-31,0.7199261485456412,0.00011142252098654283,0.27996242893337214,25,30,20
24,107,3.4546665043089634e-30,0.7199628210232925,6.202559420987867e-05,0.27997515338249757,25,30,20
24,108,5.1433219783750196e-27,0.719986330784079,0.0203833361747928,0.2596303330411281,25,30,20
24,109,5.600939752313771e-27,0.719962401039988,0.04072878951003611,0.239308809449976,25,30,20
24,110,2.739452706792927e-28,0.7199981949575651,0.020347292772535358,0.2596545122698996,25,30,20
24,111,5.763998674679327e-25,0.7200092177474688,0.0393145263564389,0.24067625589609215,25,30,20
24,112,5.762226824858203e-25,0.7192966902545418,0.04002599326221289,0.24067731648324536,25,30,20
24,113,3.4659407879963856e-16,0.7193087586871643,0.040691476858216745,0.23999976445461843,25,30,20
24,114,3.4659407880992467e-16,0.7193068528976577,0.04070589456658441,0.23998725253575726,25,30,20
24,115,3.4659407879945175e-16,0.7200211429117885,0.039991631072890575,0.23998722601532038,25,30,20
24,116,1.7942810204273398e-16,0.7199317549856745,0.040142280903309215,0.23992596411101605,25,30,20
24,117,3.1483707157662788e-18,0.7199249514767583,0.04007529500553864,0.23999975351770308,25,30,20
24,118,3.14837071576628e-18,0.7199258037855347,0.040074859514367615,0.23999933670009757,25,30,20
24,119,3.148370716139974e-18,0.71996166176641,0.0400383693874202,0.2399999688461697,25,30,20
24,120,3.3409353280376e-23,0.7206522533631778,0.03934842977125648,0.2399993168655657,25,30,20
24,121,3.342018412950877e-23,0.720651380650333,0.03936142383638141,0.23998719551328557,25,30,20
24,122,6.2976946568106424e-18,0.7186314296149119,0.041381344501360016,0.23998722588372792,25,30,20
24,123,6.801203257972652e-23,0.7185941499947266,0.04140651400420162,0.23999933600107173,25,30,20
24,124,5.541688259658957e-28,0.7199984287475704,0.04001498920356792,0.23998658204886147,25,30,20
24,125,3.671983058927507e-28,0.7199591809172717,0.040053592808366956,0.23998722627436106,25,30,20
24,126,5.96962559307073e-25,0.7199960801486557,0.07000394286977346,0.2099999769815708,25,30,20
24,127,7.258305161146614e-28,0.7199992929499669,0.08132296582764847,0.19867774122238452,25,30,20
24,128,5.862451016139577e-27,0.6996417297612699,0.10168051752130201,0.1986777527174282,25,30,20
24,129,1.1269903464917265e-23,0.6799986719840128,0.10674625311595864,0.21325507490002857,25,30,20
24,130,2.5034173921801786e-21,0.6808645598174288,0.10633345780233219,0.21280198238023929,25,30,20
24,131,5.96972568339878e-25,0.6806628442355551,0.07933826663407888,0.23999888913036607,25,30,20
24,132,6.288049394456358e-18,0.679973375026088,0.0800644161641906,0.23996220880972133,25,30,20
24,133,1.2043981343849346e-24,0.6799369028321991,0.08006377214383108,0.23999932502397006,25,30,20
24,134,6.076126488290021e-25,0.680650578848954,0.07934942928174563,0.23999999186930032,25,30,20
24,135,1.938955856127697e-21,0.6806395559011584,0.07937320679718715,0.23998723730165444,25,30,20
24,136,1.8409101740874182e-21,0.6697854824984232,0.08223810805642057,0.24797640944515587,25,30,20
24,137,1.593334676833513e-26,0.6997845812230282,0.050228806965138026,0.24998661181183354,25,30,20
24,138,1.5591638979518886e-26,0.6997718711231034,0.05956310859097554,0.24066502028592093,25,30,20
24,139,1.011867587711481e-26,0.7199492218045991,0.039373022233276427,0.24067775596212437,25,30,20
24,140,3.4603439492283187e-23,0.7399799825579858,0.02003299241057729,0.23998702503143665,25,30,20
24,141,6.019710106146554e-25,0.7397722920337749,0.02024068318325391,0.23998702478297104,25,30,20
24,142,6.016069777261794e-25,0.7397725000531504,0.02024025511567657,0.23998724483117295,25,30,20
24,143,5.1952967165680046e-27,0.7377720833065262,0.022227921881454563,0.23999999481201903,25,30,20
24,144,5.378918952122515e-27,0.7398095932760427,0.020190411716022153,0.23999999500793512,25,30,20
24,145,1.8134313884497072e-28,0.7579733369880387,0.002026890983184915,0.23999977202877648,25,30,20
24,146,3.614703133410127e-28,0.7579990696578924,0.002000957679395774,0.23999997266271175,25,30,20
24,147,5.966085899858286e-25,0.7599839319868336,4.155508493426355e-05,0.23997451292823196,25,30,20
24,148,1.903043479094327e-28,0.7599988119046417,1.8631918037033086e-06,0.23999932490355447,25,30,20
24,149,5.863301053911733e-25,0.7396535710449718,0.021036747732162357,0.23930968122286575,25,30,20
24,150,5.863218513198329e-25,0.7599617526709816,0.0007279257227222506,0.23931032160629595,25,30,20
24,151,1.4915779999244143e-25,0.7599628245046377,0.03003784288125445,0.2099993326141079,25,30,20
24,152,6.8134853159833075e-15,0.7599405625547514,0.026741090948012754,0.21331834649722892,25,30,20
24,153,1.9029492825631625e-28,0.758618281182494,0.0013823868064035804,0.23999933201110232,25,30,20
24,154,3.707541115421071e-28,0.7586182811298303,0.0013819735648615877,0.239999745305308,25,30,20
24,155,1.7888936275876904e-24,0.7599975502917222,0.04000312434613039,0.1999993253621473,25,30,20
24,156,1.7993636008021243e-24,0.7599986668597017,0.039989276218022146,0.20001205692227608,25,30,20
24,157,1.7888872985017798e-24,0.759913427300226,0.040075156088861495,0.20001141661091246,25,30,20
24,158,1.0653717914772019e-26,0.7592612256634632,0.040751972647407105,0.1999868016891294,25,30,20
24,159,6.0805662330380366e-18,0.7579487930337931,0.04406374222732465,0.19798746473888204,25,30,20
24,160,1.9389966307031863e-21,0.7599487815876966,0.04005186698571137,0.19999935142659195,25,30,20
24,161,1.1652253011212754e-12,0.7599611004453366,0.04003955557607088,0.1999993439774272,25,30,20
24,162,1.1652253011552914e-12,0.7599970994512888,0.0400039886101015,0.1999989119374444,25,30,20
24,163,1.975575943074661e-14,0.7599345187962849,0.040053397816017,0.2000120833876781,25,30,20
24,164,1.9389652276472957e-21,0.7599481600407435,0.03937473173920516,0.2006771082200511,25,30,20
24,165,1.9723547200639266e-21,0.7599979525800391,0.04005047497521599,0.19995157244474474,25,30,20
24,166,2.0077842422515856e-14,0.7599494492201068,0.040751923091959255,0.19929862768791384,25,30,20
24,167,3.173938757488112e-23,0.7606154462692726,0.03872959887998144,0.20065495485074586,25,30,20
24,168,3.173966632054828e-23,0.760652733076972,0.05941272854872228,0.17993453837430565,25,30,20
24,169,3.173966949170143e-23,0.7606525060274406,0.05944985981574751,0.17989763415681176,25,30,20
24,170,2.0695665347173447e-26,0.7599971330833367,0.022115923536712382,0.21788694337995093,25,30,20
24,171,5.971559727450704e-25,0.7199498355125623,0.04153977118710181,0.2385103933003359,25,30,20
24,172,6.283880811957841e-25,0.7185580120142128,0.042931598405992075,0.2385103895797952,25,30,20
24,173,5.861420019147833e-25,0.7592481295907046,0.0014542850004343186,0.23929758540886076,25,30,20
24,174,1.064107051994894e-26,0.7592459548901251,0.0007555727890571164,0.23999847232081759,25,30,20
24,175,1.0840676452458009e-26,0.7599969131017414,3.0912372938745702e-06,0.23999999566096467,25,30,20
24,176,1.0831495057101488e-26,0.7579865351375474,0.0020134693962999186,0.23999999546615242,25,30,20
24,177,6.730697265592312e-30,0.7599733786528337,2.6860622216283007e-05,0.23999976072495013,25,30,20
24,178,5.966051437114176e-25,0.7598754017436513,0.0001248301511068006,0.23999976810524185,25,30,20
24,179,1.9012411736181616e-28,0.7598516804589929,0.00014834641971232164,0.23999997312129495,25,30,20
24,180,1.9345353850225651e-28,0.7598514985646522,0.0001487520759608223,0.23999974935938706,25,30,20
24,181,1.9024482069413978e-28,0.7599498391842721,5.0184298265440306e-05,0.2399999765174625,25,30,20
24,182,1.9657189122838983e-28,0.759950273706108,4.997314627932376e-05,0.23999975314761268,25,30,20
24,183,9.898632792310466e-30,0.7592850252831579,0.0007152026916010658,0.23999977202524092,25,30,20
24,184,1.0653831801594226e-26,0.7599852347790091,2.772848234810724e-05,0.2399870367386426,25,30,20
24,185,1.1045127876023274e-19,0.759972513917716,4.0233682982833394e-05,0.23998725239930113,25,30,20
24,186,1.1045126847399472e-19,0.7599841557673856,2.9694165398548763e-05,0.2399861500672157,25,30,20
24,187,3.453641972402521e-30,0.759961532493098,3.8706573391894185e-05,0.23999976093350991,25,30,20
24,188,5.3302231305570956e-27,0.739601832734942,0.02041091479350681,0.23998725247155114,25,30,20
24,189,2.6257238131002456e-26,0.7396266529449769,0.02041090364145402,0.2399624434135692,25,30,20
24,190,2.1291000381843138e-26,0.7592349512868808,0.0008026164634455933,0.2399624322496735,25,30,20
24,191,1.0659997145814553e-26,0.7599850350403884,1.5624700659954306e-05,0.23999934025895153,25,30,20
24,192,3.6791525684175326e-28,0.7579973375157383,0.00200332202255742,0.23999934046170412,25,30,20
24,193,5.962447828634575e-25,0.7585949540443525,0.0014057019738842522,0.23999934398176312,25,30,20
24,194,3.33971951150359e-30,0.759236223750189,0.0007771722616143286,0.2399866039881967,25,30,20
24,195,9.837174999790417e-30,0.7592856289155734,0.000727134025566753,0.23998723705885983,25,30,20
24,196,1.046992299816168e-26,0.7599737989344605,6.313966972354343e-05,0.23996306139581583,25,30,20
24,197,1.9365608561569395e-21,0.739554947444357,0.02053227065040335,0.23991278190523943,25,30,20
24,198,1.9365711079552952e-21,0.737493659781636,0.02254393349735029,0.2399624067210138,25,30,20
24,199,6.272646399136791e-25,0.7598244635902586,0.0009027445045399848,0.23927279190520123,25,30,20
24,200,6.1698811875233375e-25,0.7591615672880672,0.0015654174413420366,0.23927301527059083,25,30,20
24,201,1.0476311393606754e-26,0.7599254551935151,0.0008384299048546794,0.2392361149016303,25,30,20
24,202,1.065666666943777e-26,0.7599244050371635,0.0007663314069253329,0.239309263555911,25,30,20
24,203,3.3985563064804433e-23,0.7599608581985774,0.040027505813773,0.2000116359876495,25,30,20
24,204,3.398574347234089e-23,0.7599487970666655,0.04003956288591537,0.2000116400474189,25,30,20
24,205,1.086143522623522e-19,0.7585194002225621,0.04146833038902212,0.20001226938841568,25,30,20
24,206,1.0861497294522256e-19,0.707438719436562,0.09256132255409294,0.19999995800934486,25,30,20
24,207,1.9761635036616517e-14,0.7358209718273007,0.06417929748472544,0.1999997306879542,25,30,20
24,208,1.9761524551331658e-14,0.7365592219260185,0.06344168418535366,0.19999909388860793,25,30,20
24,209,1.9761523599020584e-14,0.7383689902238197,0.0616558336855647,0.19997517609059545,25,30,20
24,210,5.0853840053734735e-23,0.7377843706664534,0.062215640944341316,0.19999998838920555,25,30,20
24,211,9.692012074986523e-22,0.7139703777589839,0.08602986902114879,0.19999975321986696,25,30,20
24,212,3.874290670824828e-21,0.7592828359233299,0.04071716821960065,0.1999999958570695,25,30,20
24,213,3.5897036315931493e-16,0.7599854813328746,0.04076486404881785,0.19924965461830701,25,30,20
24,214,1.1930209548562042e-24,0.729984819215807,0.07002751937509494,0.19998766140909804,25,30,20
24,215,6.278125233652966e-25,0.7299591464818767,0.07004088036859049,0.1999999731495329,25,30,20
24,216,6.175354288873119e-25,0.759922695883063,0.04007796751299087,0.19999933660394625,25,30,20
24,217,1.9055252262767483e-21,0.7599109874386762,0.03940001686618078,0.20068899569514287,25,30,20
24,218,5.67767850592791e-13,0.7599484607813112,0.040736282100606314,0.19931525711751477,25,30,20
24,219,5.677678505922052e-13,0.759886576999961,0.040157516951264266,0.199955906048207,25,30,20
24,220,5.677678505922052e-13,0.7592480167793104,0.040796077171975566,0.19995590604814603,25,30,20
24,221,3.341043219631089e-23,0.7599969408902938,0.04001624624839266,0.1999868128613136,25,30,20
24,222,3.344109805193506e-23,0.7598875321238887,0.04016235807571174,0.19995010980039962,25,30,20
24,223,3.403714299082318e-23,0.7599738486199418,0.04002704592072039,0.19999910545933786,25,30,20
24,224,1.9389764352725227e-21,0.7599610674222026,0.04004003958578537,0.199998892992012,25,30,20
24,225,6.175542435275838e-25,0.7592355540273119,0.04076599984418541,0.19999844612850276,25,30,20
24,226,5.969881034694576e-25,0.7585590848080824,0.041442048719036596,0.1999988664728808,25,30,20
24,227,1.7475162016226044e-16,0.7579917507547317,0.043376317564572754,0.19863193168069512,25,30,20
24,228,1.747516524087257e-16,0.7199679779670534,0.08006957097691325,0.19996245105603272,25,30,20
24,229,1.7475162073752668e-16,0.7200167941318542,0.07998320269452223,0.2000000031736233,25,30,20
24,230,1.5741101035693544e-18,0.7206639094230237,0.08004629537801426,0.19928979519896195,25,30,20
24,231,2.9080826418224217e-21,0.7403173010808203,0.05969589716784065,0.19998680175133907,25,30,20
24,232,2.9069305736687332e-21,0.7789269666881664,0.02107305260502844,0.19999998070680508,25,30,20
24,233,3.4612804295178473e-23,0.759285428390945,0.040714378638912675,0.20000019297014213,25,30,20
24,234,2.0939902686072735e-26,0.7292483006806281,0.07075214685970804,0.19999955245966392,25,30,20
24,235,1.7008571925351048e-23,0.7292459133310436,0.05075422725035021,0.21999985941860611,25,30,20
24,236,3.5896084161532323e-16,0.7299956331367174,0.0700043939308483,0.1999999729324338,25,30,20
24,237,5.16120945681116e-23,0.7799105848362318,0.02010217007121819,0.19998724509254995,25,30,20
24,238,3.6753525911142143e-28,0.7998970198480855,0.00011573505934398952,0.19998724509257038,25,30,20
24,239,5.96788648908437e-25,0.7999362394897971,7.650823786243056e-05,0.19998725227234046,25,30,20
24,240,3.5657564577186116e-30,0.7999621460972901,3.787033364761815e-05,0.1999999835690622,25,30,20
24,241,6.734628692893787e-30,0.7999222380503422,9.051326377933775e-05,0.1999872486858784,25,30,20
24,242,1.0661857605276221e-26,0.779616052955186,0.020384819321811937,0.1999991277230019,25,30,20
24,243,6.0689482598668795e-25,0.7599865606779156,0.04001344013416053,0.19999999918792383,25,30,20
24,244,6.070782897089118e-25,0.7592722897305536,0.04072771832073893,0.19999999194870732,25,30,20
24,245,5.966117034238329e-25,0.7599613464819405,0.040038677128890025,0.1999999763891694,25,30,20
24,246,1.871344119723793e-28,0.7599852733247836,0.040014727551338974,0.19999999912387736,25,30,20
24,247,1.1052100803652253e-19,0.7599365078711781,0.04006480800955422,0.19999868411926777,25,30,20
24,248,6.070718942960194e-25,0.7999248818666974,7.557359382256278e-05,0.19999954453948005,25,30,20
24,249,9.898651979212951e-30,0.7999246317344708,7.625529732550286e-05,0.19999911296820383,25,30,20
24,250,1.9674145894295949e-28,0.7999623585597803,3.852872986862962e-05,0.19999911271035103,25,30,20
24,251,1.9035481249980245e-28,0.7999250463371778,7.543510622157259e-05,0.19999951855660045,25,30,20
24,252,5.965954215935074e-25,0.799961521789703,3.8500954732889014e-05,0.19999997725556404,25,30,20
24,253,3.399583325470524e-23,0.7999491726125261,5.1502210942450874e-05,0.19999932517653135,25,30,20
24,254,1.0657164421763114e-26,0.7999489816958743,5.2326199462583433e-05,0.19999869210466323,25,30,20
24,255,5.863380115703905e-25,0.7992856015294145,0.0007157063705668884,0.1999986921000185,25,30,20
24,256,1.0653722646467426e-26,0.7999973257494051,1.6077511936004526e-05,0.1999865967386589,25,30,20
24,257,3.7355012474082982e-28,0.7972608053246666,0.004789490454222208,0.19794970422111138,25,30,20
24,258,3.734360340720222e-28,0.7999852168841222,0.0020644383828804795,0.19795034473299744,25,30,20
24,259,1.9483586147298554e-28,0.779283796807926,0.022716226527557126,0.19799997666451674,25,30,20
24,260,1.4302674894169412e-26,0.7792667431801276,0.04747767076405626,0.17325558605581584,25,30,20
24,261,1.1201207392538644e-26,0.7606763946534663,0.03933615595868539,0.19998744938784818,25,30,20
24,262,6.4042012393463356e-18,0.7599986113098659,0.04000227180221509,0.19999911688791897,25,30,20
24,263,3.3986105835774117e-23,0.7399439127662373,0.06008159715076164,0.19997449008300117,25,30,20
24,264,3.3986458484865334e-23,0.7592493832851424,0.04078822245599284,0.19996239425886475,25,30,20
24,265,6.802286946721862e-23,0.7599986302420464,0.04007630756289913,0.19992506219505443,25,30,20
24,266,6.80125894977454e-23,0.7599255300418732,0.040099316833758884,0.1999751531243678,25,30,20
24,267,1.008556631709591e-22,0.7986060191378439,0.0014192672165053105,0.19997471364565078,25,30,20
24,268,1.0666549066448763e-26,0.7999608467135091,3.940372527525557e-05,0.1999997495612157,25,30,20
24,269,1.0653662214110024e-26,0.7999987784817008,1.22200362920211e-06,0.1999999995146702,25,30,20
24,270,1.0479591997108961e-26,0.7979616663096146,0.00203899350922486,0.19999934018116045,25,30,20
24,271,2.0600351553135018e-26,0.7986180133880015,0.0033947491462958507,0.1979872374657028,25,30,20
24,272,1.871928968987487e-28,0.7999123094226513,0.00010044188905613971,0.19998724868829235,25,30,20
24,273,1.2034866791257537e-24,0.7999733704724712,2.7289530893705004e-05,0.19999933999663505,25,30,20
24,274,9.034879354171225e-29,0.7769414831798425,0.023060460712828853,0.19999805610732882,25,30,20
24,275,9.034978273800329e-29,0.778941710670085,0.021059585532013574,0.1999987037979011,25,30,20
24,276,3.6748364129007568e-28,0.7992858858304812,0.0007145694237868352,0.19999954474573187,25,30,20
24,277,1.0657165410968455e-26,0.7992607969812073,0.0007396431881229651,0.19999955983066983,25,30,20
24,278,1.9674340997009339e-28,0.7999613274597368,3.9760597292025923e-05,0.19999891194297106,25,30,20
24,279,1.0470255099095214e-26,0.7999235796165403,8.919069986228812e-05,0.19998722968359728,25,30,20
24,280,1.0653940801601196e-26,0.799961752064772,3.8279325120350764e-05,0.19999996861010738,25,30,20
24,281,1.9365707369087027e-21,0.7999977854839525,8.897490331622799e-05,0.19991323961273103,25,30,20
24,282,6.675189560881346e-30,0.7979994974947076,0.0020132427172477735,0.1999872597880447,25,30,20
24,283,1.0660108181185217e-26,0.7979848441272986,0.002027907059570714,0.1999872488131305,25,30,20
24,284,1.8707891718144427e-28,0.7993089968137445,0.0006910040565268266,0.1999999991297286,25,30,20
24,285,1.8385547151466723e-28,0.7992958223866762,0.0007048378136467115,0.19999933979967707,25,30,20
24,286,3.5658025260924545e-30,0.7992461903956898,0.0007553368158842379,0.19999847278842584,25,30,20
24,287,3.4005932471646764e-23,0.7992945232038606,0.0007067956629358038,0.1999986811332035,25,30,20
24,288,3.400592931162975e-23,0.7993074366340938,0.0006927990441418404,0.19999976432176422,25,30,20
24,289,3.40059291965952e-23,0.7999610710064599,3.961133715906943e-05,0.19999931765638138,25,30,20
24,290,5.965927972807592e-25,0.7979619501714699,0.0020518963085076614,0.19998615352002264,25,30,20
24,291,5.516456889345496e-28,0.7979979972282646,0.002004182004847055,0.19999782076688816,25,30,20
24,292,3.17553402266354e-26,0.7979470655343107,0.0020542724175956245,0.1999986620480934,25,30,20
24,293,1.0473367675223971e-26,0.7985718378796642,0.0014288367491789534,0.1999993253711567,25,30,20
24,294,1.9346077966660003e-28,0.7985957755676403,0.0014055433027515196,0.19999868112960797,25,30,20
24,295,1.4303071477600878e-26,0.7705282972171923,0.02950971035436542,0.19996199242844206,25,30,20
24,296,2.057614504685246e-26,0.7985715365922725,0.0014284903494742299,0.199999973058253,25,30,20
24,297,2.0572976050772968e-26,0.7992720294680651,0.0007279973990214648,0.19999997313291357,25,30,20
24,298,1.8368294967855859e-28,0.799998395837781,1.5002972983917798e-05,0.1999866011892351,25,30,20
24,299,1.8691044290531275e-28,0.7999628132437552,8.684202320849061e-05,0.19995034473303633,25,30,20
24,300,6.564257394712393e-30,0.7999984062599743,1.6169520421591937e-06,0.19999997678798337,25,30,20
24,301,1.0470159966782806e-26,0.7999252530938195,7.476287196689092e-05,0.1999999840342136,25,30,20
24,302,3.3995662453017406e-23,0.7999356399393801,6.437556583913948e-05,0.19999998449478062,25,30,20
24,303,3.4005926086320426e-23,0.7979869887923978,0.002013894520077677,0.19999911668752443,25,30,20
24,304,1.9340802073943245e-28,0.7999861100147007,2.6205664769793223e-05,0.19998768432052924,25,30,20
24,305,9.783650240251575e-30,0.7999608582385982,3.980150459512121e-05,0.1999993402568066,25,30,20
24,306,3.7060192394844357e-28,0.7992467661179526,0.0007541094086895831,0.19999912447335763,25,30,20
24,307,1.937751841746168e-21,0.7999850295557204,1.4997775647594273e-05,0.19999997266863176,25,30,20
24,308,1.9377522087746027e-21,0.7998993602198538,0.001468093963011083,0.19863254581713505,25,30,20
24,309,6.564154528149956e-30,0.7999621460982863,3.808964628719664e-05,0.19999976425542645,25,30,20
24,310,2.0943393511063333e-26,0.7999489713089579,7.608797037164055e-05,0.19997494072067035,25,30,20
24,311,6.072554048844966e-25,0.7999604294938928,3.9813833968838425e-05,0.19999975667213804,25,30,20
24,312,5.541628065977595e-28,0.799283946010612,0.0007160551896995389,0.19999999879968822,25,30,20
24,313,1.8690837316900347e-28,0.7999861407894067,1.473114721846522e-05,0.19999912806337464,25,30,20
24,314,1.9025088657587396e-28,0.7999984397642471,2.7914643984835206e-05,0.19997364559176792,25,30,20
24,315,3.7381780446293105e-28,0.7999360831453999,8.94041875593239e-05,0.19997451266704086,25,30,20
24,316,1.9377518351921345e-21,0.7999725483393728,0.0007777854820680459,0.19924966617855905,25,30,20
24,317,1.9377520188240665e-21,0.7972730942523506,0.0034530671693344295,0.19927383857831477,25,30,20
24,318,1.937752205669866e-21,0.7972715712357413,0.003442722976176984,0.19928570578808155,25,30,20
24,319,1.0467162595032087e-26,0.7999610659542161,3.9165932379309436e-05,0.19999976811340456,25,30,20
24,320,2.032421505238358e-28,0.7999858699634556,1.4358204725054211e-05,0.1999997718318194,25,30,20
24,321,3.7364828700575868e-28,0.7998855504328976,0.00012719331286722605,0.19998725625423536,25,30,20
24,322,1.8707225103452187e-28,0.797210514067914,0.002802229672144338,0.19998725625994165,25,30,20
24,323,7.410506152954537e-28,0.7971850492164491,0.00282898657587362,0.1999859642076771,25,30,20
24,324,2.0933452474525042e-26,0.7999494374751126,6.332546577896376e-05,0.19998723705910856,25,30,20
24,325,1.038495368398806e-26,0.7796166655878993,0.022477798719929117,0.19790553569217134,25,30,20
24,326,6.295654940418822e-18,0.7599610784540968,0.04213252576024453,0.19790639578565844,25,30,20
24,327,6.739652614024937e-23,0.7578676944792626,0.04284575015098478,0.19928655536975248,25,30,20
24,328,3.399602359556429e-23,0.758605758904784,0.04410768983770665,0.19728655125750943,25,30,20
24,329,1.9371662443469993e-21,0.7600109199126382,0.04202599609179056,0.19796308399557133,25,30,20
24,330,3.1159206966222457e-25,0.7778216812832848,0.024178327007653513,0.19799999170906146,25,30,20
24,331,5.865928803495782e-25,0.7762382210075096,0.023761791114044018,0.19999998787844636,25,30,20
24,332,5.864962584834292e-25,0.7985696873113421,0.0014303285855938705,0.19999998410306413,25,30,20
24,333,5.8649925100612095e-25,0.7985086675367922,0.0014915754540346937,0.199999757009173,25,30,20
24,334,3.4556589215798854e-30,0.7999483498940206,5.166601330917152e-05,0.1999999840926701,25,30,20
24,335,1.7962538976038807e-31,0.7998883793917885,0.0008250472153835811,0.19928657339282782,25,30,20
24,336,1.9674241788922958e-28,0.7999259162641511,0.0001116393979638086,0.19996244433788504,25,30,20
24,337,9.782678777305053e-30,0.79988815607694,0.00011185942691231527,0.19999998449614764,25,30,20
24,338,3.394221635573634e-30,0.7998888044413286,0.00011184825032860727,0.19999934730834273,25,30,20
24,339,1.7747192443075167e-28,0.7985947643798653,0.0014058921000610102,0.1999993435200736,25,30,20
24,340,3.7392576279022227e-28,0.7986303343245398,0.0014065704451860167,0.19996309523027414,25,30,20
24,341,1.0314063982775546e-26,0.7966307967475507,0.004095368928698144,0.19927383432375115,25,30,20
24,342,1.9351996383015267e-28,0.7999977741960578,1.4980507414641038e-05,0.1999872452965273,25,30,20
24,343,3.86534674267288e-28,0.7979979445221855,0.0020148215445778043,0.1999872339332365,25,30,20
24,344,1.9691203733695803e-28,0.7999989908100505,1.2335037872631685e-06,0.1999997756861621,25,30,20
24,345,1.0654425875509819e-26,0.7979839352619797,0.0020415551232845896,0.19997450961473553,25,30,20
24,346,1.0831497962092043e-26,0.7979979931787736,0.002014992742565834,0.19998701407866037,25,30,20
24,347,1.7479407194023475e-28,0.7979988269515461,0.0020020562234151244,0.19999911682503885,25,30,20
24,348,3.5847484127024924e-28,0.7979979477931909,0.002003363304874196,0.19999868890193492,25,30,20
24,349,1.9036739233892753e-28,0.797962149843984,0.002039172551763651,0.1999986776042525,25,30,20
24,350,1.0837567024198659e-26,0.7796341247632439,0.020403455156850638,0.19996242007990517,25,30,20
24,351,1.0837341959940769e-26,0.7796343414725447,0.020403208334822343,0.19996245019263267,25,30,20
24,352,2.1117354112934423e-26,0.7599850233075225,0.04006485512022092,0.19995012157225658,25,30,20
24,353,1.0470594931270359e-26,0.7599615285906477,0.04078945292755499,0.19924901848179727,25,30,20
24,354,9.689070522749807e-22,0.7599751394335125,0.06006943617021135,0.1799554243962759,25,30,20
24,355,6.2919166094492006e-18,0.7606278044489259,0.07940832660360655,0.15996386894746767,25,30,20
24,356,3.343046384756199e-23,0.7613041183196381,0.07872183049560272,0.1599740511847593,25,30,20
24,357,1.9049699744736108e-21,0.7599362629506156,0.0800527332728671,0.1600110037765169,25,30,20
24,358,1.1204653937067717e-26,0.759998846082909,0.0799888579473174,0.1600122959697736,25,30,20
24,359,1.7789736940044118e-16,0.7797609539741736,0.06023883038726832,0.1600002156385581,25,30,20
24,360,3.1478706396085483e-18,0.7997633939819295,0.040236498111422374,0.16000010790664831,25,30,20
24,361,1.2245623079244186e-24,0.8392108077658313,0.0008757206320696775,0.1599134716020989,25,30,20
24,362,1.0460610283947223e-26,0.8398380811571441,0.00016256715167574671,0.15999935169118015,25,30,20
24,363,5.96601811035495e-25,0.839888167323129,0.00012457216011041932,0.15998726051676035,25,30,20
24,364,1.1932096041350272e-24,0.8398743213299785,0.00016257931560370188,0.1599630993544177,25,30,20
24,365,1.9318504318121778e-28,0.8399498837900105,8.766501712677203e-05,0.15996245119286281,25,30,20
24,366,3.7375627740521477e-28,0.8006515819224339,0.03938596668403869,0.15996245139352724,25,30,20
24,367,1.9685738125587304e-28,0.8006755644612372,0.039338050537329076,0.1599863850014335,25,30,20
24,368,5.673342809474713e-28,0.7999496383638851,0.04005124500477744,0.1599991166313373,25,30,20
24,369,2.0013641744668828e-28,0.7999867726620438,0.04001475475086637,0.15999847258708974,25,30,20
24,370,5.967921597976903e-25,0.7985702711241437,0.04146815645831187,0.15996157241754444,25,30,20
24,371,3.6726852449151434e-28,0.8006884706072076,0.03931155232960352,0.15999997706318891,25,30,20
24,372,2.986698644682604e-25,0.7806683272659081,0.059331695870187426,0.15999997686390444,25,30,20
24,373,3.6732399920469547e-28,0.8006756023525264,0.03936132095308435,0.15996307669438908,25,30,20
24,374,1.0463707054673101e-26,0.7999993194645207,0.04003759640125382,0.15996308413422536,25,30,20
24,375,1.789067861516028e-24,0.7999630707883663,0.04006153359813904,0.1599753956134948,25,30,20
24,376,1.7898056424484105e-24,0.7999370846218832,0.04008750859266448,0.15997540678545225,25,30,20
24,377,1.2038477183645448e-24,0.7992735259473767,0.04142760033973893,0.15929887371288448,25,30,20
24,378,3.459370971690711e-23,0.7789280661639377,0.06178601583242442,0.15928591800363803,25,30,20
24,379,1.1447705045048578e-12,0.7799966680113694,0.060028390526385166,0.1599749414611006,25,30,20
24,380,1.1447705045048574e-12,0.7799602368428158,0.06002897528898415,0.16001078786705528,25,30,20
24,381,3.465913700577511e-16,0.7799971070831303,0.05999100651991609,0.16001188639695307,25,30,20
24,382,6.624365783899477e-23,0.7409841265297529,0.09833853790954535,0.1606773355607017,25,30,20
24,383,1.936571107218332e-21,0.7599744498065842,0.08003808525296216,0.1599874649404532,25,30,20
24,384,1.9371471331043486e-21,0.7585703543233432,0.08142988866170776,0.15999975701494915,25,30,20
24,385,9.694753666703002e-22,0.7779241612597975,0.04242070044781273,0.17965513829238985,25,30,20
24,386,3.0363734791721275e-25,0.7599867745043994,0.060359360395130165,0.17965386510047046,25,30,20
24,387,1.1930271077490253e-24,0.7999491613322508,6.360089482687608e-05,0.19998723777292252,25,30,20
24,388,5.966216922351237e-25,0.798533173679479,0.001479570198202082,0.1999872561223188,25,30,20
24,389,1.8719009229752703e-28,0.7999984062759751,1.598391812720229e-06,0.199999995332212,25,30,20
24,390,1.8713644567013917e-28,0.7999990352320049,9.80801265313858e-07,0.19999998396672963,25,30,20
24,391,1.9346349754604123e-28,0.7999977506599903,2.2650409267910825e-06,0.1999999842990829,25,30,20
24,392,6.674216095492065e-30,0.7999990391497724,1.4087939806869189e-06,0.1999995520562469,25,30,20
24,393,3.566694595850653e-30,0.7999993150243568,1.344854149478335e-06,0.19999934012149345,25,30,20
24,394,1.0470205463492364e-26,0.7999990657985312,1.3697273993000168e-05,0.19998723692747583,25,30,20
24,395,9.118703802329979e-33,0.7999630670051701,3.695248737613362e-05,0.1999999805074538,25,30,20
24,396,1.8696597258914556e-28,0.7999623884009912,8.748312277248531e-05,0.19995012847623592,25,30,20
24,397,1.8374944781061232e-28,0.7999597895116283,5.360629838299747e-05,0.19998660418998848,25,30,20
24,398,1.8696402146583829e-28,0.7999624116456192,3.7611894071985415e-05,0.19999997646030873,25,30,20
24,399,1.836355255437743e-28,0.7999248707028775,7.514153547507283e-05,0.19999998776164737,25,30,20
24,400,1.901311047652146e-28,0.799887962764523,0.0001489382731420046,0.19996309896233494,25,30,20
24,401,1.903023791850432e-28,0.7999604552263756,3.999231510385546e-05,0.19999955245852066,25,30,20
24,402,1.0848875044139989e-26,0.7592709637234017,0.04072973404432356,0.19999930223227466,25,30,20
24,403,1.971151851976285e-21,0.7375659514575845,0.06243474232492763,0.1999993062174881,25,30,20
24,404,1.9711516615642118e-21,0.7376406576840177,0.06235957759659084,0.19999976471939157,25,30,20
24,405,2.0938503715988538e-26,0.7389277020597702,0.06107296486209266,0.19999933307813728,25,30,20
24,406,1.9389553374164713e-21,0.7199496566271661,0.0800516582579398,0.19999868511489396,25,30,20
24,407,2.100320424656703e-18,0.7325884057113963,0.0674501543897022,0.1999614398989011,25,30,20
24,408,2.0983826830954215e-18,0.7129932647339945,0.08704401121641527,0.19996272404959017,25,30,20
24,409,6.690835711512102e-23,0.7003181174063892,0.09968191711498417,0.1999999654786264,25,30,20
24,410,3.8760903342511705e-21,0.699614769664299,0.10038523885690333,0.1999999914787975,25,30,20
24,411,1.1235561189955888e-19,0.6996408592189524,0.10035978974636932,0.19999935103467836,25,30,20
24,412,5.1162400242996884e-15,0.7089492709300784,0.09105073391781432,0.19999999515210193,25,30,20
24,413,3.8766968512717505e-21,0.7172833366562458,0.08271712611340677,0.19999953723034747,25,30,20
24,414,1.1723083125550583e-24,0.7199846409748858,0.08001665523407596,0.1999987037910383,25,30,20
24,415,1.1825818847103804e-24,0.719996497487048,0.08000481008633276,0.1999986924266193,25,30,20
24,416,1.1928616212519292e-24,0.7200098886899814,0.08000309357027799,0.19998701773974048,25,30,20
24,417,7.348482730266361e-28,0.7186564803007609,0.08134399004992543,0.19999952964931367,25,30,20
24,418,6.180765339086104e-25,0.7186180359333032,0.08138307472983541,0.1999988893368614,25,30,20
24,419,6.076162737027433e-25,0.7186191005792512,0.08338090754076566,0.19799999187998327,25,30,20
24,420,6.072488526205263e-25,0.7192617154787426,0.0807382929049847,0.19999999161627258,25,30,20
24,421,1.940158803865198e-21,0.7199871944697759,0.08007451485116825,0.19993829067905594,25,30,20
24,422,1.821005157856099e-24,0.7199990621449868,0.0800626584819166,0.19993827937309652,25,30,20
24,423,3.401713050804115e-23,0.7199487787256669,0.08011293413366927,0.19993828714066386,25,30,20
24,424,3.4305051411478874e-23,0.7399548390471294,0.06010686655900125,0.1999382943938694,25,30,20
24,425,3.429442035456554e-23,0.7399563586766564,0.06010536920114019,0.19993827212220347,25,30,20
24,426,1.2927201212556484e-21,0.7532765420598228,0.046724118015709665,0.19999933992446756,25,30,20
24,427,1.2924219169976854e-21,0.773332837104527,0.026667848898782324,0.19999931399669055,25,30,20
24,428,1.0834119800267818e-26,0.7999500662197541,0.0020514400844694686,0.1979984936957763,25,30,20
24,429,1.1027467124280403e-26,0.7999746473882955,0.0020266355562894105,0.19799871705541483,25,30,20
24,430,1.0657053282394643e-26,0.7999368758376151,6.379181879114258e-05,0.19999933234359366,25,30,20
24,431,2.1120525994799844e-26,0.7999619715097483,3.99840234374409e-05,0.19999804446681413,25,30,20
24,432,2.1117298618167947e-26,0.7999973263208838,4.621499653456855e-06,0.19999805217946257,25,30,20
24,433,1.046714770560412e-26,0.7979496225470238,0.002051041245551123,0.19999933620742497,25,30,20
24,434,1.0466702530256882e-26,0.7999850419705049,1.4985691831070992e-05,0.19999997233766392,25,30,20
24,435,1.0473256772459621e-26,0.7972850147621672,0.0027150013328987683,0.19999998390493406,25,30,20
24,436,9.8412425113029e-30,0.7992727113379686,0.0007281796801840185,0.19999910898184722,25,30,20
24,437,9.841207044729208e-30,0.7992347126841349,0.0007786786180406308,0.19998660869782442,25,30,20
24,438,3.3419987493461686e-23,0.799986118184618,0.0007415143071499323,0.19927236750823193,25,30,20
24,439,1.937135430886795e-21,0.7999733867559565,2.7261878239139723e-05,0.19999935136580427,25,30,20
24,440,1.012716055001427e-26,0.7606630564134181,0.04133694419421876,0.197999999392363,25,30,20
24,441,1.0133657208679712e-26,0.7599623850454023,0.04203828586024798,0.1979993290943497,25,30,20
24,442,3.6732106151047998e-28,0.759962370616741,0.040037667889964906,0.19999996149329433,25,30,20
24,443,3.1574062844560723e-26,0.7999729359103003,0.0007773866759770314,0.19924967741372235,25,30,20
24,444,1.0470032138681457e-26,0.7979973607249338,0.0020281337155886154,0.19997450555947743,25,30,20
24,445,5.66968353547196e-25,0.7979600238505364,0.004039999282653705,0.19799997686680976,25,30,20
24,446,1.8736142236665538e-28,0.7999984315427536,2.4515634590904462e-06,0.19999911689378716,25,30,20
24,447,1.904133648306141e-28,0.7999973558581698,2.6670879500734534e-06,0.19999997705388,25,30,20
24,448,1.9046895820619347e-28,0.7999609113145693,3.933194435779034e-05,0.1999997567410729,25,30,20
24,449,3.7088065367140478e-28,0.7999479182430086,5.2563674951192984e-05,0.19999951808204014,25,30,20
24,450,1.8391886176231192e-28,0.7999608693885998,4.001764898625346e-05,0.19999911296241402,25,30,20
24,451,1.87028349536098e-28,0.7999483575933914,5.18854731999424e-05,0.19999975693340868,25,30,20
24,452,1.0473258690188266e-26,0.7999864856785253,1.3529897655350419e-05,0.1999999844238193,25,30,20
24,453,1.836889809394474e-28,0.7979990318410514,0.00200162789868552,0.19999934026026323,25,30,20
24,454,1.8696899530213416e-28,0.7999727645948207,2.749720854178496e-05,0.19999973819663758,25,30,20
24,455,2.9069767455826663e-31,0.7999611230523496,3.913130643170658e-05,0.19999974564121875,25,30,20
24,456,1.6880346019334044e-23,0.7769041211767367,0.053096766049544684,0.16999911277371854,25,30,20
24,457,1.7027873313926824e-25,0.7999617023158746,0.06075238039945364,0.1392859172846717,25,30,20
24,458,3.5896080706532583e-16,0.7999611993218089,0.0014200669942936494,0.19861873368389715,25,30,20
24,459,3.4558617909075275e-30,0.7606290319516159,0.03938393129578454,0.19998703675259957,25,30,20
24,460,1.903014926049211e-28,0.7599621722990855,0.04005078735835718,0.19998704034255724,25,30,20
24,461,1.9013580502292657e-28,0.7599624113315961,0.04005119608508944,0.19998639258331427,25,30,20
24,462,3.399638684466109e-23,0.759925473942929,0.04006394720885429,0.20001057884821669,25,30,20
24,463,4.1860574494456744e-26,0.7599859099018222,0.04002727717056873,0.19998681292760906,25,30,20
24,464,6.349028710480417e-18,0.7586185827554869,0.041394064612514755,0.1999873526319984,25,30,20
24,465,1.1937547111016063e-24,0.7586059210892246,0.041407474921266146,0.19998660398950918,25,30,20
24,466,6.175384233385326e-25,0.7599859138775268,0.04002684886402881,0.1999872372584441,25,30,20
24,467,1.9701409732744476e-21,0.759986312385284,0.07002645293348345,0.16998723468123259,25,30,20
24,468,6.185370112278668e-18,0.7592733370249931,0.08073940312053653,0.15998725985447013,25,30,20
24,469,2.1335188732044392e-19,0.7599980089323956,0.1000206948929938,0.13998129617461047,25,30,20
24,470,1.2597222057181106e-17,0.7599613404416329,0.08006371464694205,0.15997494491142464,25,30,20
24,471,1.2595285496868943e-17,0.7579744731854334,0.08202552722306242,0.15999999959150393,25,30,20
24,472,6.406272706532253e-18,0.7566770177870593,0.08333572594493335,0.15998725626800728,25,30,20
24,473,1.086126936059922e-19,0.756664657296857,0.08533600250430155,0.1579993401988415,25,30,20
24,474,3.400666745134982e-23,0.7782496903611563,0.06175096532656171,0.1599993443122819,25,30,20
24,475,3.342017430865408e-23,0.7789032571024258,0.06040710701701997,0.16068963588055415,25,30,20
24,476,3.341998434847387e-23,0.7776052702129909,0.061705753235318586,0.16068897655169048,25,30,20
24,477,1.102144680064507e-26,0.7559988727468823,0.08400092298139164,0.1600002042717259,25,30,20
24,478,6.067213113978263e-25,0.7579971406638539,0.04203977546657162,0.1999630838695742,25,30,20
24,479,1.0479809774993121e-26,0.757923548744451,0.04207711106055943,0.19999934019498944,25,30,20
24,480,1.0848189529368265e-19,0.7606850496442324,0.0393149883972428,0.1999999619585248,25,30,20
24,481,9.795079471443624e-15,0.7585782531125683,0.04145890884805979,0.1999628380393623,25,30,20
24,482,3.410219096732621e-16,0.7599400248989713,0.04006044192355164,0.1999995331774767,25,30,20
24,483,3.4102190967326497e-16,0.7599393511564433,0.04006088398889546,0.1999997648546608,25,30,20
24,484,2.0569757494877478e-26,0.7985834354317699,0.0014168224457852265,0.1999997421224449,25,30,20
24,485,1.8379988000384356e-28,0.7999988610404971,1.3745045570405816e-06,0.19999976445494577,25,30,20
24,486,3.399157916759244e-30,0.7999982050986917,3.870671431276559e-05,0.19996308818699549,25,30,20
24,487,1.0473198960679459e-26,0.7999738070203718,2.7061186384220155e-05,0.1999991317932439,25,30,20
24,488,3.770906175912929e-28,0.7999500398847671,6.2704245960919e-05,0.19998725586927193,25,30,20
24,489,5.63883881964848e-28,0.7999869287548569,3.877422725223423e-05,0.19997429701789088,25,30,20
24,490,1.9018447655150022e-28,0.7992860533030831,0.0007269214382799706,0.19998702525863685,25,30,20
24,491,6.729706973705002e-30,0.7999856859505428,1.4318383764322298e-05,0.1999999956656927,25,30,20
24,492,5.967728389685374e-25,0.7999716248497764,2.903116923720462e-05,0.19999934398098634,25,30,20
24,493,2.092390385032935e-26,0.7999623623595019,3.7653285330000024e-05,0.19999998435516805,25,30,20
24,494,1.0640951832015318e-26,0.7999239732894222,7.603876322162745e-05,0.19999998794735632,25,30,20
24,495,1.9383695284767558e-21,0.7999619344757827,3.8323605666997714e-05,0.19999974191855027,25,30,20
24,496,2.0927359262513448e-26,0.7999612790864719,4.024480668553228e-05,0.19999847610684257,25,30,20
24,497,2.1114037390340775e-26,0.7795678767738201,0.020433434649087086,0.1999986885770927,25,30,20
24,498,5.9809991099894374e-18,0.7775181703722918,0.02248313712931849,0.19999869249838956,25,30,20
24,499,1.937772585238954e-21,0.7999239246989948,7.674321526540237e-05,0.19999933208573975,25,30,20
24,500,9.777775351368171e-30,0.799937334791164,9.959244826030681e-05,0.1999630727605755,25,30,20
24,501,1.9346432048974332e-28,0.7979502487060496,0.002049785809697027,0.1999999654842533,25,30,20
24,502,9.778714071206535e-30,0.7979131855857805,0.002086837633091181,0.19999997678112813,25,30,20
24,503,5.606017855231527e-28,0.7979606506582475,0.002039364984392001,0.19999998435736033,25,30,20
24,504,5.673244951276236e-28,0.7999239615544219,7.609955286529028e-05,0.19999993889271273,25,30,20
24,505,5.965954279335828e-25,0.7999981970744777,1.8415570826342592e-06,0.1999999613684394,25,30,20
24,506,1.084700470136412e-26,0.7999726888849746,2.7993590514466902e-05,0.19999931752451097,25,30,20
24,507,1.1021024844491651e-26,0.7979483538824834,0.002051684549621659,0.199999961567895,25,30,20
24,508,5.69425225008265e-27,0.7775800133164985,0.02242000244924043,0.19999998423426096,25,30,20
24,509,5.510572490342805e-27,0.7776173523116537,0.02238331134286726,0.19999933634547903,25,30,20
24,510,3.3985920377300946e-23,0.7972472285305533,0.003442848450608858,0.19930992301883765,25,30,20
24,511,3.39862811778871e-23,0.7985945141530428,0.002095569807388544,0.19930991603956844,25,30,20
24,512,3.399675098760428e-23,0.7985690316277305,0.0014310144517290227,0.19999995392054032,25,30,20
24,513,1.0821188821685002e-26,0.7992593841142175,0.0007533747794723245,0.19998724110631003,25,30,20
24,514,3.707577736145178e-28,0.7992962764735203,0.000717130241205927,0.19998659328527338,25,30,20
24,515,1.8385349332759506e-28,0.799259771348106,0.0007784253465919682,0.1999618033053018,25,30,20
24,516,3.7047927431000094e-28,0.799209908084076,0.0008278683349368149,0.19996222358098728,25,30,20
24,517,3.4006473739414884e-23,0.7972584598979069,0.0027790964787145884,0.19996244362337834,25,30,20
24,518,6.175159266942652e-25,0.797284393610441,0.002741305967414487,0.1999743004221444,25,30,20
24,519,1.8396855298981823e-28,0.7972856631960609,0.002751260446772688,0.19996307635716618,25,30,20
24,520,2.129438667890083e-26,0.7979377664875072,0.002136061053414549,0.1999261724590783,25,30,20
24,521,1.8713538695128784e-28,0.7999496426046703,5.0619329317815304e-05,0.19999973806601182,25,30,20
24,522,3.233721682790651e-23,0.7999862843850751,0.03934706053661613,0.16066665507830863,25,30,20
24,523,6.175490756833513e-25,0.7699852007451815,0.07000270842483017,0.16001209082998813,25,30,20
24,524,1.937145707836205e-21,0.7699500628208478,0.07003764173167606,0.1600122954474762,25,30,20
24,525,1.9377122958743047e-21,0.7679867660955793,0.07203783835951043,0.15997539554491025,25,30,20
24,526,6.173396912796515e-25,0.7679852355715197,0.07201542038454742,0.15999934404393276,25,30,20
24,527,2.983477468769556e-25,0.7379984334144615,0.0823474059751549,0.1796541606103837,25,30,20
24,528,1.0858126140975595e-19,0.7972838859811204,0.023061070520859043,0.1796550434980203,25,30,20
24,529,1.0858096275131724e-19,0.7992575814304692,0.0007674737773761474,0.19997494479215455,25,30,20
24,530,1.0858095246191903e-19,0.7992711505600545,0.0007295093103493724,0.19999934012959614,25,30,20
24,531,1.0834068515946989e-26,0.79997396599333,0.03002669373937106,0.1699993402672989,25,30,20
24,532,1.0830621560877497e-26,0.7999373534684823,6.332507902925034e-05,0.1999993214524885,25,30,20
24,533,5.96792046066096e-25,0.7979377621894805,0.002775694126846237,0.19928654368367332,25,30,20
24,534,3.7386632326518064e-28,0.7999250380392104,0.0007884071064657314,0.19928655485432373,25,30,20
24,535,5.9659548631595925e-25,0.7999112078811607,0.000802237267953389,0.19928655485088587,25,30,20
24,536,5.965954823668796e-25,0.79991123798346,0.0008028324539322205,0.1992859295626078,25,30,20
24,537,1.8374539768557424e-28,0.7999610855660764,3.9790089885737264e-05,0.19999912434403783,25,30,20
24,538,1.1020799888625e-26,0.7999481029196073,5.212498414577643e-05,0.19999977209624686,25,30,20
24,539,3.7359072827533613e-28,0.7979489713917671,0.0020519084546309525,0.19999912015360186,25,30,20
24,540,3.7387015129252484e-28,0.7979489236078731,0.0020519522521074605,0.19999912414001947,25,30,20
24,541,1.901894815658853e-28,0.799999277916313,1.3706562517946658e-06,0.19999935142743513,25,30,20
24,542,1.0653716782060426e-26,0.799999016477004,1.2118116289725978e-06,0.19999977171136693,25,30,20
24,543,1.0466814485755317e-26,0.7979610669063004,0.0020389416102004395,0.19999999148349903,25,30,20
24,544,2.7719502456418236e-28,0.7769148985764436,0.023085336971104917,0.19999976445245132,25,30,20
24,545,1.938337319874432e-21,0.7776281123454554,0.022371888526103473,0.19999999912844096,25,30,20
24,546,1.9383376001759435e-21,0.7999850076654128,1.5227946200557676e-05,0.1999997643883863,25,30,20
24,547,6.67448409775748e-30,0.7979993010415751,0.0020378574031097367,0.19996284155531505,25,30,20
24,548,1.0115179187010408e-29,0.7966314234876171,0.003369251473413834,0.19999932503896894,25,30,20
24,549,6.189162055097633e-18,0.738940233046065,0.0610966826910486,0.19996308426288636,25,30,20
24,550,1.730687884584155e-23,0.7396175577254667,0.06038246169325023,0.19999998058128302,25,30,20
24,551,5.967983748335027e-25,0.7579992934142032,0.04200202910651487,0.19999867747928185,25,30,20
24,552,1.9351902531300373e-28,0.7592608472493211,0.04076398447056671,0.1999751682801121,25,30,20
24,553,1.1926574537699264e-24,0.756534457729039,0.04417875660779159,0.19928678566316932,25,30,20
24,554,1.1924732330136986e-24,0.7299740303123518,0.07005059306760625,0.19997537662004192,25,30,20
24,555,1.9389756822303763e-21,0.7299604078942575,0.07005258952102063,0.19998700258472188,25,30,20
24,556,6.08593152428203e-18,0.6816576716979167,0.11803812607528447,0.20030420222679868,25,30,20
24,557,6.086925544587273e-18,0.6799126344896679,0.10026441810342314,0.21982294740690878,25,30,20
24,558,6.085930061898296e-18,0.6806385440362602,0.07938692443871048,0.23997453152502923,25,30,20
24,559,2.1481223464515538e-26,0.6799982136941694,0.08001450401887382,0.23998728228695654,25,30,20
24,560,6.070722361149369e-25,0.7199129393838042,0.040112517926361224,0.23997454268983479,25,30,20
24,561,6.068916609688773e-25,0.7199494342318937,0.040088125221536555,0.23996244054656965,25,30,20
24,562,1.1021136666602835e-26,0.7192848063160373,0.0407165238638412,0.2399986698201215,25,30,20
24,563,1.1014756977787449e-26,0.7192481185986788,0.04077756221183674,0.2399743191894844,25,30,20
24,564,1.085480984359167e-19,0.7192837041085849,0.04071630454214539,0.23999999134926955,25,30,20
24,565,3.4006492789903115e-23,0.719971415548968,0.040028623155866416,0.23999996129516554,25,30,20
24,566,5.967950472081718e-25,0.7199871937453705,0.04001284110721501,0.23999996514741448,25,30,20
24,567,3.4006666806962194e-23,0.7199997176200568,0.03998930886088113,0.24001097351906217,25,30,20
24,568,3.213799609814402e-26,0.7199850258383919,0.040729931300440246,0.23928504286116797,25,30,20
24,569,1.085820841477605e-19,0.7179980010988603,0.043430798905858256,0.2385711999952815,25,30,20
24,570,1.0858268037253938e-19,0.7180115891539819,0.042002461818620766,0.23998594902739737,25,30,20
24,571,1.085826800176896e-19,0.7199749201784568,0.040074735237669926,0.23995034458387335,25,30,20
24,572,1.1048642573041936e-19,0.7199252765149683,0.040087687005330316,0.23998703647970138,25,30,20
24,573,1.0851588210541716e-19,0.7192852197908464,0.04072818694263738,0.2399865932665161,25,30,20
24,574,1.0667721738963921e-19,0.7192730875417312,0.04210753058068594,0.23861938187758278,25,30,20
24,575,1.0667721738641872e-19,0.7199988385962729,0.04138155601996705,0.23861960538375984,25,30,20
24,576,1.938328054825081e-21,0.7199992706166347,0.04000121123038824,0.23999951815297693,25,30,20
24,577,8.236379797146907e-12,0.7249550657264304,0.03008984944552965,0.24495508481980352,25,30,20
24,578,6.183436419364702e-18,0.7592362576216718,0.0028004464470961082,0.23796329593123197,25,30,20
24,579,1.937752408218015e-21,0.7599617211645381,6.333772178216506e-05,0.23997494111367965,25,30,20
24,580,6.072711793806279e-25,0.7599239167892985,0.00011300341376530307,0.23996307979693604,25,30,20
24,581,1.3175726493886617e-29,0.7599612972582536,3.936681406364728e-05,0.23999933592768266,25,30,20
24,582,9.841263175640475e-30,0.7599990503025417,1.45728777433149e-05,0.23998637681971505,25,30,20
24,583,1.9657604458762023e-28,0.7599608883169189,4.0207927134279644e-05,0.23999890375594662,25,30,20
24,584,1.8996852724727328e-28,0.7592716836675975,0.0007546671426697867,0.2399736491897327,25,30,20
24,585,6.293717219964009e-18,0.7598629238360302,0.00013730446656205905,0.23999977169740785,25,30,20
24,586,6.2937172201443576e-18,0.7598996005875337,0.00010128624394989156,0.2399991131685165,25,30,20
24,587,6.293717230437399e-18,0.7395545009124,0.02044639360100886,0.2399991054865907,25,30,20
24,588,6.293717219780722e-18,0.7599606350132742,5.2112261843928754e-05,0.23998725272488183,25,30,20
24,589,9.6189693652549e-30,0.7579409638083788,0.0020590705744546033,0.23999996561716638,25,30,20
24,590,5.967983152583579e-25,0.7599613059888318,5.2100668849250066e-05,0.2399865933423189,25,30,20
24,591,5.887645682129237e-25,0.7292862956883279,0.030714371765223833,0.2399993325464482,25,30,20
24,592,5.669522921941129e-25,0.7559865358539475,0.0040141206316923785,0.23999934351436022,25,30,20
24,593,3.45367938222003e-30,0.7579865572199833,0.0020143298029139407,0.23999911297710275,25,30,20
24,594,1.0647390743653436e-26,0.7599615213313107,5.210164147853747e-05,0.23998637702721076,25,30,20
24,595,1.0647386674909538e-26,0.759923992270125,8.942215642513238e-05,0.23998658557344957,25,30,20
24,596,2.0937025640066434e-26,0.7599244274967168,7.560003982322255e-05,0.23999997246346003,25,30,20
24,597,6.173455367859959e-25,0.7599615636483413,5.184008764323783e-05,0.2399865962640153,25,30,20
24,598,2.110812833719687e-26,0.7579488369973331,0.00277797305917814,0.23927318994348873,25,30,20
24,599,2.0933855841960056e-26,0.7599252694596186,0.00011165405958440359,0.23996307648079684,25,30,20
24,600,2.0933691092286979e-26,0.7599496608223814,5.101055105169702e-05,0.23999932862656706,25,30,20
24,601,1.0463719742880827e-26,0.7579244053707705,0.0020756217693503522,0.23999997285987906,25,30,20
24,602,1.840260393920622e-28,0.7599969099837837,3.1137016507093433e-06,0.2399999763145655,25,30,20
24,603,3.673124341728531e-28,0.7599589334115662,4.108628972083163e-05,0.23999998029871297,25,30,20
24,604,3.735819034911289e-28,0.7599585241807111,4.149564076933438e-05,0.23999998017851967,25,30,20
24,605,5.96598702595077e-25,0.7599597862437935,4.024886791381645e-05,0.23999996488829267,25,30,20
24,606,5.9660503070800475e-25,0.7599967122919447,3.765626016076157e-06,0.23999952208203934,25,30,20
24,607,5.966019261108119e-25,0.7399918689902958,0.020045479317755195,0.23996265169194878,25,30,20
24,608,6.290017515264027e-18,0.7599125446118452,0.00011230193322341579,0.23997515345493106,25,30,20
24,609,3.4602714935545126e-23,0.7599478807745363,0.002076973484262777,0.23797514574120066,25,30,20
24,610,6.67819754662744e-30,0.7599981607722245,1.4605833214139934e-05,0.23998723339456116,25,30,20
24,611,3.342016178380497e-23,0.7206889371679392,0.03933591383898964,0.23997514899307126,25,30,20
24,612,3.342034224213761e-23,0.7206882777796085,0.039311749559889406,0.23999997266050216,25,30,20
24,613,4.886022369102248e-22,0.7300694787581347,0.029930559612302933,0.23999996162956236,25,30,20
24,614,4.885917734928963e-22,0.7300563191465379,0.029943693041477325,0.23999998781198484,25,30,20
24,615,1.9401181277875414e-21,0.757875610887153,0.002124628910457054,0.23999976020238978,25,30,20
24,616,1.9006860758952647e-28,0.7599354372272689,6.479851859770007e-05,0.2399997642541334,25,30,20
24,617,1.9979150807730806e-28,0.7599981712142015,7.607301374503507e-05,0.23992575577205336,25,30,20
24,618,3.771472021982379e-28,0.7599975120838525,3.9411300202962674e-05,0.23996307661594432,25,30,20
24,619,1.084067358287253e-26,0.7599865044312879,8.796728716101135e-05,0.23992552828155098,25,30,20
24,620,1.0843838650978567e-26,0.7206640981326455,0.04137282531650046,0.2379630765508541,25,30,20
24,621,1.0660156817847513e-26,0.7206886982423494,0.03931132484828978,0.23999997690936092,25,30,20
24,622,1.966888898731537e-28,0.720688068700817,0.03931194361442572,0.23999998768475717,25,30,20
24,623,5.956946469697909e-25,0.7199007096689306,0.00209929873217889,0.27799999159889033,25,30,20
24,624,1.871909792889252e-28,0.719961770623639,0.0020382526607093977,0.2779999767156514,25,30,20
24,625,3.148880272437817e-18,0.7199743949297417,0.020038603618046436,0.25998700145221176,25,30,20
24,626,3.148880272444147e-18,0.7199381046384254,0.020062363593119765,0.25999953176845486,25,30,20
24,627,1.0289804816192905e-26,0.7199992586574289,0.039989324347045795,0.24001141699552533,25,30,20
24,628,5.429075397361534e-20,0.7192856368426453,0.04173761903517856,0.23897674412217612,25,30,20
24,629,6.072586281225331e-25,0.7192496226565421,0.040750393513268014,0.23999998383018975,25,30,20
24,630,6.076258161625687e-25,0.7199742168047686,0.040026678263990506,0.23999910493124077,25,30,20
24,631,5.86521747744635e-25,0.719950043879352,0.039361631653765036,0.24068832446688282,25,30,20
24,632,3.588522976087679e-16,0.7199990530491587,0.06035898620550914,0.21964196074533163,25,30,20
24,633,2.2069877415697516e-19,0.7179982287665125,0.04200135615698148,0.24000041507650596,25,30,20
24,634,3.342070611317144e-23,0.719998213680276,0.0399909876960416,0.2400107986236822,25,30,20
24,635,3.3420893074022255e-23,0.7199986111559212,0.039989570578657735,0.24001181826542076,25,30,20
24,636,1.953568969590337e-21,0.6992786450358721,0.0607093283457728,0.24001202661835486,25,30,20
24,637,1.936581055998386e-21,0.7192590932164152,0.04076598117054406,0.23997492561304057,25,30,20
24,638,1.9377731292823622e-21,0.719961086898909,0.0400277314994461,0.24001118160164459,25,30,20
24,639,3.1757913388459754e-26,0.7199477139008681,0.042065484347873446,0.2379868017512584,25,30,20
24,640,2.1123747828863696e-26,0.7199619645238556,0.0420518664601267,0.23798616901601766,25,30,20
24,641,3.158411896204387e-26,0.7199850193077907,0.04001672834281754,0.2399982523493917,25,30,20
24,642,3.464855975004444e-16,0.7199485769905211,0.039374542676542314,0.24067688033293608,25,30,20
24,643,1.1042083904668183e-19,0.7199852731397114,0.04001495085361748,0.23999977600667108,25,30,20
24,644,1.1042082858987004e-19,0.7192852426711075,0.04070332563919524,0.24001143168969738,25,30,20
24,645,1.1042082859309847e-19,0.719997993838284,0.04002706154440065,0.23997494461731525,25,30,20
24,646,1.1042082877333376e-19,0.7192856475901676,0.04073917671565146,0.23997517569418078,25,30,20
24,647,3.399142962127539e-30,0.7199986564991349,0.039989722078068134,0.2400116214227969,25,30,20
24,648,5.965953156329138e-25,0.7199865694221335,0.040026409306814406,0.23998702127105204,25,30,20
24,649,1.9371464252794488e-21,0.6806655393564561,0.07934701504388729,0.23998744559965648,25,30,20
24,650,1.9371462542885866e-21,0.6780098574852351,0.08200270031139613,0.23998744220336868,25,30,20
24,651,1.1038390588139676e-19,0.6779984176527029,0.08201412531802615,0.23998745702927068,25,30,20
24,652,3.5256809791765183e-16,0.6799624044283671,0.08005013123419515,0.23998746433743726,25,30,20
24,653,3.5256809791765523e-16,0.6799869660071306,0.08002642609270669,0.23998660790016235,25,30,20
24,654,6.1910849061212364e-18,0.639997986405816,0.11933787572395628,0.24066413787022756,25,30,20
24,655,6.189116026952475e-18,0.6399494376239155,0.11868423488878234,0.24136632748730197,25,30,20
24,656,5.816598539692985e-20,0.6603229960923684,0.09967756872106713,0.23999943518656422,25,30,20
24,657,2.0102398963191228e-14,0.6595975403359035,0.09243917761049021,0.24796328205358611,25,30,20
24,658,2.0102344672719604e-14,0.6799867932294363,0.07005067870896359,0.24996252806158004,25,30,20
24,659,1.0851646715570948e-19,0.6799997214150069,0.08002555752859991,0.23997472105639275,25,30,20
24,660,1.0851646715248704e-19,0.6799740342554937,0.08076462854354799,0.23926133720095813,25,30,20
24,661,1.1045184433597398e-19,0.6799865615789442,0.08076420042682109,0.23924923799423461,25,30,20
24,662,1.085809528481549e-19,0.6799848563756552,0.08076527641397574,0.239249867210369,25,30,20
24,663,3.093655386407664e-18,0.6779627075627107,0.08243083021092891,0.23960646222636028,25,30,20
24,664,3.3996026266427905e-23,0.6779872128299664,0.0827141444093507,0.2392986427606828,25,30,20
24,665,6.183502612802089e-18,0.6799867999169273,0.08001452719212374,0.23999867289094884,25,30,20
24,666,1.938349361386903e-21,0.680663651875622,0.07933680404450227,0.23999954407987562,25,30,20
24,667,1.938965791498373e-21,0.6799742531794857,0.08001389850657746,0.24001184831393693,25,30,20
24,668,1.1892457309825812e-16,0.6799401396551482,0.06688245860855298,0.25317740173629866,25,30,20
24,669,1.1892518128127636e-16,0.6800020643049889,0.053581259161047064,0.2664166765339639,25,30,20
24,670,1.1892518128145654e-16,0.6799895373669296,0.053544146407013916,0.2664663162260564,25,30,20
24,671,3.458235419756641e-23,0.6799982213353659,0.04071649748396759,0.2792852811806664,25,30,20
24,672,1.1041733557273128e-19,0.6799988417839711,0.04000161381206589,0.279999544403963,25,30,20
24,673,1.104176342420746e-19,0.6596428061143962,0.06035893064506413,0.2799982632405396,25,30,20
24,674,1.0193469274758138e-22,0.6799729843676618,0.04002724035673848,0.27999977527559966,25,30,20
24,675,1.1045008669069013e-19,0.6799837734256873,0.04006587865866396,0.27995034791564866,25,30,20
24,676,3.772554368832446e-28,0.7179964968754171,0.00204044226295656,0.2799630608616262,25,30,20
24,677,5.5732302400306e-28,0.7199475125290883,5.249939693717781e-05,0.2799999880739745,25,30,20
24,678,1.9024634863387231e-28,0.6996523061644787,0.020347705827803014,0.27999998800771825,25,30,20
24,679,1.0837179970840334e-26,0.6996406052767883,0.020360281824292396,0.2799991128989192,25,30,20
24,680,5.5755385806177e-28,0.7192716384650333,0.0007665694076423988,0.2799617921273241,25,30,20
24,681,1.9024395007768595e-28,0.7199727045818441,7.825405639698014e-05,0.27994904136175874,25,30,20
24,682,6.616759190761984e-30,0.7199861138766499,6.48446239568735e-05,0.27994904149939304,25,30,20
24,683,3.76983616883147e-28,0.7199737724769136,2.7534898346292975e-05,0.2799986926247401,25,30,20
24,684,3.8043021106064973e-28,0.7179362135069336,0.022409914403282348,0.2596538720897838,25,30,20
24,685,7.475705629450273e-28,0.7199858458826118,2.736034275983333e-05,0.2799867937746282,25,30,20
24,686,3.740396494249057e-28,0.719997110935484,1.651942231235752e-05,0.27998636964220375,25,30,20
24,687,1.0840563537040181e-26,0.719935395672732,6.592699864207853e-05,0.2799986773286258,25,30,20
24,688,1.8702440227477732e-28,0.7191861793127603,0.0008153746920106746,0.2799984459952289,25,30,20
24,689,3.70480350798831e-28,0.7172245830131899,0.0027756868340553863,0.2799997301527545,25,30,20
24,690,3.7042186787997386e-28,0.7172247883020476,0.003489115480949016,0.27928609621700334,25,30,20
24,691,3.339718987282855e-30,0.7179625609172181,0.0027510972369662184,0.2792863418458155,25,30,20
24,692,2.3701785887762257e-31,0.7199358422892775,0.0008144925372079944,0.2792496651735144,25,30,20
24,693,3.7392466537793335e-28,0.7199611166028792,4.0206462624342556e-05,0.27999867693449637,25,30,20
24,694,1.9029642699592147e-28,0.7199986571010816,1.6041822410100044e-05,0.2799853010765084,25,30,20
24,695,3.707607113079335e-28,0.719998239465188,1.7099705342264257e-05,0.2799846608294697,25,30,20
24,696,1.870758748289709e-28,0.719986360839323,2.7046081037592366e-05,0.27998659307963936,25,30,20
24,697,1.0470254176957847e-26,0.7192110104144048,0.0008386453868682712,0.27995034419872683,25,30,20
24,698,1.0283297305866156e-26,0.7192478806217218,0.0007655227029548612,0.2799865966753233,25,30,20
24,699,1.0293016295890477e-26,0.7192351593739353,0.0007775925350207161,0.279987248091044,25,30,20
24,700,9.724297537818603e-30,0.7199491916932836,8.772085342275025e-05,0.27996308745329346,25,30,20
24,701,9.841120799386294e-30,0.7199616594276804,7.526103096925491e-05,0.27996307954135025,25,30,20
24,702,6.617664457173679e-30,0.7199737960617355,6.399878494056709e-05,0.2799622051533238,25,30,20
24,703,1.0115502951556286e-26,0.7186303849686853,0.0013702975287843552,0.27999931750253015,25,30,20
24,704,1.0486028721950296e-26,0.7186066140529357,0.001395129895647778,0.27999825605141654,25,30,20
24,705,1.0485747104825916e-26,0.7186070762664782,0.0014065578235184712,0.2799863659100032,25,30,20
24,706,1.900784132141208e-28,0.7199621397208191,3.8524020520039314e-05,0.2799993362586607,25,30,20
24,707,1.8701941281105283e-28,0.7199373391724276,9.95731702383921e-05,0.2799630876573339,25,30,20
24,708,1.8685382886929521e-28,0.7179252699274133,0.00207496529496841,0.2799997647776183,25,30,20
24,709,1.0476644579276764e-26,0.719961309323928,3.895249244766557e-05,0.2799997381836241,25,30,20
24,710,3.8347721583270435e-28,0.7199235744639425,7.731264041233241e-05,0.2799991128956451,25,30,20
24,711,1.870263655866548e-28,0.7199259097538345,7.411392953181159e-05,0.27999997631663365,25,30,20
24,712,1.838048709244462e-28,0.7199626196806812,3.7415300483663925e-05,0.27999996501883506,25,30,20
24,713,7.346240814259527e-28,0.7199619717335624,5.164772634935904e-05,0.2799863805400883,25,30,20
24,714,3.7065357818542762e-28,0.7199986371562309,1.4348975002758362e-05,0.2799870138687662,25,30,20
24,715,1.065371581152873e-26,0.7199986785773694,1.5171504413196146e-05,0.2799861499182174,25,30,20
24,716,1.0656936403062459e-26,0.7192485314988264,0.0007653149254308973,0.27998615357574264,25,30,20
24,717,6.070555116204885e-25,0.7199850568129993,1.559190631743113e-05,0.2799993512806832,25,30,20
24,718,6.072327484216648e-25,0.7199719007901318,2.877019520797957e-05,0.27999932901466007,25,30,20
24,719,1.0653551247701516e-26,0.7199725150944513,2.8155830239837644e-05,0.27999932907530883,25,30,20
24,720,3.738722786721183e-28,0.7179871795686494,0.002013306137770153,0.27999951429358033,25,30,20
24,721,5.859644233056062e-25,0.7199869749508377,0.0007266830658296485,0.2792863419833326,25,30,20
24,722,1.9035698553847385e-28,0.7199371035838814,6.31362849228289e-05,0.27999976013119576,25,30,20
24,723,1.9383480633640013e-21,0.7199858310697377,1.4843765641194277e-05,0.279999325164621,25,30,20
24,724,1.8369181996504698e-28,0.7199498548055066,0.020394999850883746,0.25965514534360956,25,30,20
24,725,1.902449238338532e-28,0.7192105860931075,0.0007898772787035352,0.27999953662818877,25,30,20
24,726,3.7364626983561487e-28,0.7199611083595124,3.956282303240158e-05,0.2799993288174551,25,30,20
24,727,3.769788144687316e-28,0.7199610928734077,3.956654821827717e-05,0.2799993405783738,25,30,20
24,728,3.7369880493058767e-28,0.7179116784604059,0.002088356004207625,0.2799999655353864,25,30,20
24,729,3.738147097168992e-28,0.7199863301181729,1.3939470315392163e-05,0.2799997304115115,25,30,20
24,730,2.093362480975752e-26,0.7199615441885204,3.8948960023980316e-05,0.2799995068514555,25,30,20
24,731,2.1116968472608932e-26,0.7192492021837134,0.0007519201809278993,0.2799988776353588,25,30,20
24,732,1.0653606702837864e-26,0.7199500811845391,5.1029750409873836e-05,0.2799988890650508,25,30,20
24,733,1.0653774221845668e-26,0.7198876877865262,0.00015031953551093637,0.27996199267796273,25,30,20
24,734,1.8369289490347056e-28,0.7198997873221654,0.0001377808958494702,0.27996243178198504,25,30,20
24,735,9.731144904111624e-30,0.7199261399235044,8.811945465015275e-05,0.27998574062184534,25,30,20
24,736,1.0473311938816249e-26,0.719924647300063,7.62400027036833e-05,0.27999911269723315,25,30,20
24,737,5.666008280633217e-25,0.7172358033171063,0.0027644358264194767,0.2799997608564741,25,30,20
24,738,1.9657593792222957e-28,0.7192850105948447,0.0007150280485249505,0.27999996135663024,25,30,20
24,739,2.139066644858784e-26,0.6796275088131933,0.040409649712120535,0.2799628414746863,25,30,20
24,740,1.0563490737410596e-26,0.6796274645539461,0.040373207030562845,0.2799993284154908,25,30,20
24,741,9.667660747625339e-30,0.719962389800326,5.123343966812871e-05,0.27998637676000565,25,30,20
24,742,6.730683547884917e-30,0.7199742240673734,0.0013943027490596143,0.2786314731835668,25,30,20
24,743,5.573833484789015e-28,0.6799733947406041,0.04140680283240411,0.2786198024269917,25,30,20
24,744,5.866985336957988e-25,0.6799738227417897,0.03938705328591266,0.28063912397229773,25,30,20
24,745,1.657307893315701e-23,0.6594792122794132,0.08093966271184806,0.2595811250087387,25,30,20
24,746,2.8654668183533765e-13,0.6799986909606979,0.07017450016576547,0.24982680887324984,25,30,20
24,747,5.969692835934702e-25,0.6799617416444262,0.04003979741174987,0.279998460943824,25,30,20
24,748,3.59948981149149e-20,0.6799492402367079,0.039824307800784206,0.2802264519625076,25,30,20
24,749,1.700838327041953e-23,0.6799628398169522,0.06969298881691906,0.25034417136612896,25,30,20
24,750,1.954174270075489e-21,0.6799623899525256,0.040431703358177626,0.2796059066892967,25,30,20
24,751,1.7008386489770624e-23,0.6799622146421115,0.04040660390157421,0.2796311814563143,25,30,20
24,752,9.08115359952786e-25,0.6799606617550106,0.02026615642613626,0.29977318181885315,25,30,20
24,753,1.0659876334165441e-26,0.6798886038255758,0.0008261146170216569,0.31928528155740254,25,30,20
24,754,3.769234297520499e-28,0.6799121359069864,0.00017571985445051969,0.3199121442385631,25,30,20
24,755,5.5716263083288274e-28,0.6792362620842254,0.0008515858375379563,0.3199121520782365,25,30,20
24,756,1.0840675620433895e-26,0.6799863450725077,5.1227011772018984e-05,0.31996242791572016,25,30,20
24,757,3.738156137138056e-28,0.6799863456052051,1.4322321968011269e-05,0.31999933207282666,25,30,20
24,758,9.840216151501406e-30,0.6799623964518298,5.122653035658577e-05,0.31998637701781346,25,30,20
24,759,3.6731612170512597e-28,0.6799617642531065,6.418137455710507e-05,0.31997405437233634,25,30,20
24,760,1.0653608738950745e-26,0.679973170185921,0.00010066140926962187,0.31992616840480936,25,30,20
24,761,1.869639866743524e-28,0.6799986647357117,3.8281457576071775e-05,0.31996305380671203,25,30,20
24,762,1.8697188264483923e-28,0.6799965086557931,1.628466961824448e-05,0.3199872066745886,25,30,20
24,763,1.8380395104524228e-28,0.679997167462177,1.5815930603570407e-05,0.3199870166072193,25,30,20
24,764,1.0646998300565176e-26,0.6799595982733071,0.000790740466488422,0.3192496612602044,25,30,20
24,765,1.0650661798962879e-26,0.6799863345045404,1.3705062395726972e-05,0.3199999604330637,25,30,20
24,766,1.0470203466672089e-26,0.6799624010820896,7.497017749618882e-05,0.31996262874041403,25,30,20
24,767,6.613683688802126e-30,0.6799367175438061,0.00010019541110199289,0.3199630870450918,25,30,20
24,768,5.967964251423313e-25,0.6799982057934906,0.020346638429690374,0.2996551557768189,25,30,20
24,769,5.522623625411628e-20,0.6799852389601435,0.020057927555702303,0.299956833484154,25,30,20
24,770,1.2038478179570152e-24,0.6792724993404993,0.001454493172911782,0.3192730074865887,25,30,20
24,771,5.967828236877288e-25,0.6792360308822205,0.0014911814650974012,0.319272787652682,25,30,20
24,772,1.0840399525673694e-26,0.6779863343833051,0.0020639808214814965,0.31994968479521324,25,30,20
24,773,3.2946010218987826e-30,0.6779992710351443,0.0020143747540787606,0.3199863542107769,25,30,20
24,774,9.949929271943612e-27,0.6759127163459,0.0041134338384984336,0.31997384981560145,25,30,20
24,775,2.041023258496501e-26,0.6779494043734569,0.002076310052503491,0.31997428557403973,25,30,20
24,776,1.0473260383909254e-26,0.6799856937991565,4.002056617503228e-05,0.3199742856346684,25,30,20
24,777,5.965923786773729e-25,0.6799854403201827,2.7337792385732454e-05,0.31998722188743145,25,30,20
24,778,1.9029947899866123e-28,0.6799615556302399,3.998754089862491e-05,0.31999845682886147,25,30,20
24,779,1.8713340569565982e-28,0.6799621661016434,3.8717416536405454e-05,0.3199991164818201,25,30,20
24,780,6.072456360403571e-25,0.6799241812162837,7.672130438251363e-05,0.3199990974793336,25,30,20
24,781,6.0706845083439635e-25,0.6799129576485761,8.730077619700391e-05,0.3199997415752265,25,30,20
24,782,1.047341798695999e-26,0.6792369059900726,0.0007631176266969951,0.3199999763832304,25,30,20
24,783,1.0476586132111196e-26,0.6799252608170964,7.47665960029871e-05,0.3199999725869005,25,30,20
24,784,1.1027239853983273e-26,0.679961722476867,0.0001129657514381486,0.3199253117716948,25,30,20
24,785,1.9341548621850326e-28,0.679948774491618,0.0040887896567515895,0.3159624358516303,25,30,20
24,786,3.3397845665822636e-30,0.6799854785406859,0.002051657314278738,0.31796286414503533,25,30,20
24,787,1.9013302877147097e-28,0.6799971338812576,0.002015644158776295,0.317987221959966,25,30,20
24,788,1.9383581751912353e-21,0.678618281567199,0.0013817383314816834,0.3199999801013191,25,30,20
24,789,1.871375241069861e-28,0.6799975808789073,2.4732528411144405e-06,0.3199999458682515,25,30,20
24,790,1.839724778039819e-28,0.6799861335411941,1.3894130944864604e-05,0.319999972327861,25,30,20
24,791,1.046997862966352e-26,0.6799870154532016,1.3655921928476658e-05,0.31999932862486974,25,30,20
24,792,3.2841908303016755e-30,0.679962400328747,5.165049525370384e-05,0.3199859491759993,25,30,20
24,793,1.0657049230161519e-26,0.679986113292327,6.482287844914968e-05,0.3199490638292237,25,30,20
24,794,5.96775949414668e-25,0.6799601998637896,6.593908794495096e-05,0.3199738610482653,25,30,20
24,795,3.7065146982538196e-28,0.6799498655980725,5.01617370885578e-05,0.31999997266483887,25,30,20
24,796,1.9024297471812149e-28,0.6799999550942988,1.5876150495372026e-06,0.3199984572906516,25,30,20
24,797,1.6338702873851676e-29,0.6799742462691399,3.982769946852371e-05,0.31998592603139153,25,30,20
24,798,6.730801354218386e-30,0.6799733638981619,2.753118033642402e-05,0.3199991049215016,25,30,20
24,799,3.7725526877361686e-28,0.6799735721728802,4.0050804687991185e-05,0.3199863770224316,25,30,20
24,800,3.6837822701911404e-30,0.6499474761154631,0.030055131634751327,0.3199973922497852,25,30,20
24,801,3.121983342082963e-18,0.6598083080250617,0.020266364999387144,0.31992532697555087,25,30,20
24,802,3.1219833420860135e-18,0.6598208200048084,0.020228847179611032,0.3199503328155805,25,30,20
24,803,3.1219833420891208e-18,0.659808103473215,0.020192583328160495,0.3199993131986245,25,30,20
24,804,6.070716714968477e-25,0.6392843791722687,0.0407165539901946,0.3199990668375367,25,30,20
24,805,3.39772040320039e-23,0.6379127951649702,0.04211315508356055,0.31997404975146915,25,30,20
24,806,3.3410435915396293e-23,0.6399371227858827,0.0393753941013091,0.32068748311280815,25,30,20
24,807,3.3410062173294536e-23,0.6399626164933593,0.03936242360386347,0.320674959902777,25,30,20
24,808,5.947159105389981e-17,0.6465754207159798,0.03403579890054802,0.3193887803834718,25,30,20
24,809,5.947159105408706e-17,0.6465999719003831,0.033285526141771986,0.32011450195784463,25,30,20
24,810,5.947159105390315e-17,0.6466116800918867,0.03398637221168486,0.3194019476964282,25,30,20
24,811,3.0676565926564164e-18,0.6403277300180598,0.04038593706595974,0.31928633291598035,25,30,20
24,812,3.4006676636147644e-23,0.6399854139955992,0.04001461322272968,0.3199999727816712,25,30,20
24,813,3.401713988388903e-23,0.6399697376693508,0.04003030064874537,0.31999996168190376,25,30,20
24,814,1.1020408289248839e-26,0.639958949375678,0.040041077771586116,0.3199999728527358,25,30,20
24,815,1.0466706443267153e-26,0.6399240074438656,0.04009004365392579,0.3199859489022085,25,30,20
24,816,3.4602160710434696e-23,0.6399628326640836,0.042051873005795326,0.3179852943301209,25,30,20
24,817,1.938348617184061e-21,0.6399999490912074,0.04200096775431178,0.3179990831544807,25,30,20
24,818,1.9061012638854818e-21,0.6399867960706807,0.040013462077686836,0.31999974185163255,25,30,20
24,819,1.9061010801521642e-21,0.6399865764188405,0.04001345850061393,0.31999996508054535,25,30,20
24,820,1.0496325787061751e-19,0.6399861074197211,0.04001392064536094,0.3199999719349179,25,30,20
24,821,1.0496325823753098e-19,0.6399503168413838,0.04004970670796427,0.31999997645065187,25,30,20
24,822,1.1198409670441885e-26,0.6379498802964266,0.04208768380458787,0.3199624358989855,25,30,20
24,823,1.104858399591103e-19,0.6399621956219015,0.040037835249380066,0.3199999691287184,25,30,20
24,824,1.0496215999561391e-19,0.6203213289964284,0.06167870536119623,0.31799996564237515,25,30,20
24,825,1.0496215485814412e-19,0.6406277872072,0.03937224007648103,0.31999997271631886,25,30,20
24,826,1.106657170739593e-12,0.6405663318545588,0.03943416129629463,0.31999950684803996,25,30,20
24,827,1.1932033401242046e-24,0.6386509647774286,0.041361786479771324,0.31998724874279993,25,30,20
24,828,5.971559627297199e-25,0.6406522674800453,0.0393989107978444,0.3199488217221101,25,30,20
24,829,5.966083095243657e-25,0.6405901307478368,0.03944830812762694,0.3199615611245362,25,30,20
24,830,1.0667715551093852e-19,0.6406386678755922,0.04137495478009102,0.3179863773443168,25,30,20
24,831,5.969789519809085e-25,0.6379845995291517,0.04201607225741569,0.3199993282134325,25,30,20
24,832,3.8031625433917916e-28,0.6392731474378605,0.04072816453382399,0.3199986880283155,25,30,20
24,833,1.9377417556371687e-21,0.639999054379428,0.04001630386121706,0.31998464175935504,25,30,20
24,834,3.8670651602498474e-28,0.6399599904294094,0.040041343739387086,0.3199986658312033,25,30,20
24,835,3.40064801822772e-23,0.6399975507265201,0.04000270004947307,0.3199997492240067,25,30,20
24,836,3.876140998833505e-21,0.6379850312192114,0.04201519715455107,0.3199997716262374,25,30,20
24,837,3.3460778024658006e-23,0.6399839660344976,0.04002988463649562,0.3199861493290066,25,30,20
24,838,3.2902587088991405e-23,0.6406389844073821,0.039373782153897696,0.31998723343872004,25,30,20
24,839,3.29025839220648e-23,0.6406523607338586,0.03934830334689531,0.31999933591924606,25,30,20
24,840,3.2902586971938105e-23,0.640652580441887,0.03934851926038128,0.3199989002977317,25,30,20
24,841,3.2316635708601436e-23,0.6406521641479754,0.03934915511792678,0.3199986807340978,25,30,20
24,842,6.082469392809194e-18,0.6006997898472064,0.07930151472673429,0.3199986954260593,25,30,20
24,843,6.0824694025516064e-18,0.6392827303358071,0.040742776082504796,0.31997449358168806,25,30,20
24,844,3.1590274337858583e-26,0.6393083537663218,0.0407059205812859,0.3199857256523924,25,30,20
24,845,1.0653663190874106e-26,0.639997557895778,1.6508297365826673e-05,0.35998593380685606,25,30,20
24,846,1.0466982092044571e-26,0.6000122639027176,0.0400004955336497,0.3599872405636326,25,30,20
24,847,2.0936788660773453e-26,0.6000001684133912,0.04003697183131517,0.3599628597552935,25,30,20
24,848,1.087867217956e-12,0.6013092423348416,0.03872812911726049,0.35996262854681005,25,30,20
24,849,1.0312129009171977e-19,0.6006548866588864,0.04077286014670627,0.3585722531944073,25,30,20
24,850,1.0312127981825777e-19,0.5606414847447921,0.08007195403183422,0.35928656122337377,25,30,20
24,851,1.0496161737575904e-19,0.561307749326333,0.0786954519239059,0.35999679874976126,25,30,20
24,852,3.810882869357082e-21,0.5606538276264829,0.08004963933524346,0.3592965330382734,25,30,20
24,853,3.4602705412311855e-23,0.5599990741872497,0.08072905863839919,0.359271867174351,25,30,20
24,854,1.810832247816905e-21,0.5412565014648975,0.09874546975663531,0.3599980287784673,25,30,20
24,855,6.802847491606872e-23,0.5392422193704692,0.1007593690006478,0.35999841162888285,25,30,20
24,856,6.80023039397119e-23,0.5206748994512101,0.11932665463059569,0.359998445918194,25,30,20
24,857,1.9723655527827598e-21,0.5206762173192812,0.1396701492563056,0.3396536334244129,25,30,20
24,858,6.641676659082143e-11,0.5206993510960927,0.15930135824613031,0.31999929059136,25,30,20
24,859,6.641677288667846e-11,0.5186749253141734,0.16132510262371721,0.31999997199569225,25,30,20
24,860,9.417857842118477e-18,0.5573085944504075,0.12234439594842447,0.3203470096011678,25,30,20
24,861,3.523532388471076e-16,0.5573092481789753,0.12272830097032428,0.3199624508506998,25,30,20
24,862,1.0200557817330149e-21,0.5999615343085489,0.06011605819139616,0.33992240750005487,25,30,20
24,863,1.114730505160738e-19,0.5999507526698666,0.06008972726429105,0.33995952006584235,25,30,20
24,864,3.400107295617434e-23,0.6199858914735435,0.02002903154766813,0.35998507697878823,25,30,20
24,865,2.9585041166733353e-25,0.6000040951453564,0.039997224366340824,0.35999868048830264,25,30,20
24,866,1.08342374124002e-26,0.5972859204963488,0.0427154067655671,0.35999867273808417,25,30,20
24,867,6.072586885847507e-25,0.5979610901802943,0.042040456868488,0.35999845295121774,25,30,20
24,868,2.0940120468833207e-26,0.5979611053374395,0.04203914943671571,0.35999974522584466,25,30,20
24,869,6.06904309487519e-25,0.5959990781827926,0.044714375354462994,0.3592865464627442,25,30,20
24,870,6.06904311489862e-25,0.5959997525241075,0.044714386203678874,0.3592858612722135,25,30,20
24,871,1.9049600363897667e-21,0.6006889227802737,0.040025435982948616,0.3592856412367776,25,30,20
24,872,2.1120690709357555e-26,0.6000109577304383,0.03998910430915812,0.3599999379604035,25,30,20
24,873,1.4486550775866012e-26,0.6132535842371429,0.026746439997721957,0.359999975765135,25,30,20
24,874,3.655713449615869e-27,0.6131446410891059,0.026856663628593874,0.35999869528230005,25,30,20
24,875,2.11043719093294e-26,0.6392101688017374,0.000791147605415935,0.3599986835928466,25,30,20
24,876,2.1107650845713395e-26,0.6392843822414445,0.0007544931222295867,0.359961124636326,25,30,20
24,877,2.1110871505803827e-26,0.6392612482072422,0.0007646943750356591,0.35997405741772226,25,30,20
24,878,1.9024587970239676e-28,0.6399988690321596,2.707315488439111e-05,0.359974057812956,25,30,20
24,879,5.573823226469406e-28,0.6399738180968206,5.1703146554526174e-05,0.35997447875662475,25,30,20
24,880,5.60550292209007e-28,0.6399729736826363,2.8584581586735134e-05,0.359998441735777,25,30,20
24,881,1.0317287409108325e-26,0.639899611975633,0.0021013088016293272,0.35799907922273744,25,30,20
24,882,1.0834123373686476e-26,0.6399371154973421,0.0020638023081867673,0.35799908219447096,25,30,20
24,883,3.397279191698692e-30,0.6399990365000684,2.7451982914501267e-06,0.35999821830164014,25,30,20
24,884,1.9021327488323007e-28,0.6196551211099145,0.02038244326992618,0.35996243562015917,25,30,20
24,885,3.3927936529601884e-30,0.5992733631933471,0.04072665311443832,0.3599999836922144,25,30,20
24,886,1.9021583100037613e-28,0.6195557920928241,0.02044423623706962,0.3599999716701061,25,30,20
24,887,1.0007827655362774e-29,0.6399383612444507,6.166748423347426e-05,0.3599999712713157,25,30,20
24,888,5.510487174238868e-28,0.6379740415215349,0.0020635197815405525,0.3599624386969243,25,30,20
24,889,1.9029964237961664e-28,0.6379861328405767,0.0020143154521705376,0.35999955170725273,25,30,20
24,890,3.70484179582834e-28,0.6399859246265232,1.4762588675923144e-05,0.35999931278480085,25,30,20
24,891,3.7048110186943607e-28,0.6399990739840418,1.5424973177015e-05,0.35998550104278126,25,30,20
24,892,5.4189590672898725e-27,0.6399992877414806,0.020009494829402303,0.3399912174291169,25,30,20
24,893,5.524264767795562e-20,0.619960133309413,0.020076824657741858,0.35996304203284496,25,30,20
24,894,5.524264767484696e-20,0.6192359376108612,0.020777484481049036,0.35998657790808947,25,30,20
24,895,1.0840792513561569e-26,0.638582657598571,0.0014189043909381702,0.35999843801049075,25,30,20
24,896,1.1048644612902965e-19,0.5986310011730085,0.04137033299829893,0.3599986658286924,25,30,20
24,897,1.104864356590543e-19,0.5999984296174753,0.0400264289032019,0.35997514147932264,25,30,20
24,898,1.938338144545948e-21,0.5992863220285084,0.04271370930460857,0.35799996866688294,25,30,20
24,899,1.9383382085264752e-21,0.5732182186739849,0.06678182030665233,0.3599999610193626,25,30,20
24,900,1.9383383858791354e-21,0.5732428155168607,0.06675723483279718,0.3599999496503419,25,30,20
24,901,1.9723444341487685e-21,0.5999619464036604,0.04003938450870315,0.35999866908763634,25,30,20
24,902,1.938338331333348e-21,0.5999990711264793,0.04000144894860361,0.35999947992491693,25,30,20
24,903,1.9383484277232384e-21,0.5999988250345263,0.04071488563840887,0.3592862893270647,25,30,20
24,904,5.3338587867912096e-20,0.619647982729173,0.020353147354175025,0.35999886991665186,25,30,20
24,905,1.0006588193217323e-28,0.6196423932212702,0.022370370125742837,0.35798723665298676,25,30,20
24,906,1.0479424494308305e-26,0.6399749206866442,0.002050581733750972,0.3579744975796047,25,30,20
24,907,1.066015986306318e-26,0.6399118668986972,0.00013802025837259527,0.35995011284293016,25,30,20
24,908,3.4006115820290876e-23,0.6399856712023214,1.4360593637558494e-05,0.35999996820404084,25,30,20
24,909,3.4006119210295925e-23,0.6399843745528631,1.5645417066371493e-05,0.3599999800300705,25,30,20
24,910,3.769756983304837e-28,0.639948558759989,0.00277842957316661,0.3572730116668442,25,30,20
24,911,1.9668202995203131e-28,0.6399490395964709,0.002063749883521182,0.3579872105200079,25,30,20
24,912,1.1824022588531383e-24,0.638533900107337,0.0014674539397254464,0.35999864595293746,25,30,20
24,913,5.857784459203199e-25,0.6371870659082463,0.0028146856142811333,0.3599982484774726,25,30,20
24,914,1.870818548681619e-28,0.6392852469911702,0.0007165010103546798,0.35999825199847507,25,30,20
24,915,9.696224912145625e-29,0.6399871986557676,0.02035916413807196,0.3396536372061604,25,30,20
24,916,3.4614095658844837e-23,0.6392722571734482,0.0007662127806870866,0.3599615300458647,25,30,20
24,917,3.4613731850798354e-23,0.6392852346330443,0.0007901089630373294,0.3599246564039182,25,30,20
24,918,3.461335816460301e-23,0.6379986267318121,0.002076721177247002,0.3599246520909407,25,30,20
24,919,9.956213176098417e-30,0.6399988347416736,3.875288944910475e-05,0.3599624123688772,25,30,20
24,920,5.966113089148636e-25,0.639998861308894,2.052983006526684e-06,0.35999908570809924,25,30,20
24,921,5.967951016397284e-25,0.6399852349856112,1.6532016344783756e-05,0.3599982329980437,25,30,20
24,922,2.1117079664207223e-26,0.6399850280436746,2.7981481330911193e-05,0.35998699047499444,25,30,20
24,923,2.0930176427614014e-26,0.6399859181753135,3.958445161401974e-05,0.3599744973730724,25,30,20
24,924,2.093006547952478e-26,0.6399477106520647,0.00010194182560268651,0.35995034752233246,25,30,20
24,925,2.0933232441785432e-26,0.6399848452797303,7.776213275807003e-05,0.3599373925875115,25,30,20
24,926,9.838152898993782e-30,0.6399731929191683,2.706570041907084e-05,0.35999974138041246,25,30,20
24,927,1.0476591991339269e-26,0.639999285651345,1.0073938519059118e-06,0.3599997069548029,25,30,20
24,928,9.951306479369817e-30,0.6399975507022306,2.4885335622628694e-06,0.3599999607642068,25,30,20
24,929,9.68902085982022e-22,0.6399226595540839,0.020083644884562997,0.3399936955613528,25,30,20
24,930,2.14873881783014e-26,0.6391971764743107,0.0008034878712115177,0.35999933565447767,25,30,20
24,931,2.093036783895478e-26,0.6399975885204219,0.027461308834686296,0.3325411026448916,25,30,20
24,932,3.674292109941164e-28,0.6399858645924842,1.4170665159435254e-05,0.3599999647423563,25,30,20
24,933,2.321977655941469e-31,0.639962169642557,5.082851228362814e-05,0.35998700184515925,25,30,20
24,934,6.658983951472425e-32,0.6399617648503603,6.374920386475238e-05,0.3599744859457751,25,30,20
24,935,5.964119312845525e-25,0.6399621929616913,0.03010067217483392,0.32993713486347476,25,30,20
24,936,3.3975112792899764e-23,0.6399869826728006,0.00010110343831930988,0.3599119138888799,25,30,20
24,937,3.397530857642564e-23,0.638607456544689,0.0014316492511937831,0.3599608942041171,25,30,20
24,938,3.398523116911122e-23,0.6385202942914242,0.0015186029627410808,0.3599611027458346,25,30,20
24,939,3.397493549477683e-23,0.6399612947066255,7.802720843549428e-05,0.35996067808493876,25,30,20
24,940,9.897676304995167e-30,0.6399984219781768,1.613539510523578e-06,0.3599999644823124,25,30,20
24,941,2.3033044007372133e-31,0.6379993201649307,0.0020013554041183462,0.35999932443095095,25,30,20
24,942,5.960087659192885e-32,0.6399986806386838,1.5513390087274812e-06,0.35999976802230726,25,30,20
24,943,3.283115739518255e-30,0.6399859440997021,1.4083131351210576e-05,0.3599999727689465,25,30,20
24,944,1.8058644126288062e-31,0.6399979938614238,5.1661761513600515e-05,0.35995034437706236,25,30,20
24,945,3.2841252587669866e-30,0.6399997553232026,0.000763966727109439,0.35923627794968793,25,30,20
24,946,3.340663960091325e-30,0.6099990885500656,0.03006333657762171,0.35993757487231276,25,30,20
24,947,5.524366798007443e-20,0.6199675952424609,0.02008208291017704,0.3599503218473621,25,30,20
24,948,1.9013181899460103e-28,0.6392712306310186,0.0007661518533644708,0.3599626175156169,25,30,20
24,949,1.9625771746591982e-28,0.639272759913282,0.040061055537689405,0.3206661845490287,25,30,20
24,950,5.962444114775341e-25,0.6399999596915088,0.04137158875920571,0.3186284515492854,25,30,20
24,951,1.1038511813246852e-19,0.6399617637708613,0.040076901859864705,0.3199613343692741,25,30,20
24,952,1.1038511777177123e-19,0.639960225730905,0.040077997352506556,0.3199617769165884,25,30,20
24,953,6.173705626681191e-25,0.6385818107774376,0.04141841021960624,0.31999977900295606,25,30,20
24,954,3.399583031181399e-23,0.6399848606270586,0.040716902350253596,0.3192982370226876,25,30,20
24,955,5.968016002581965e-25,0.6399727348278138,0.04072903539347813,0.31929822977870786,25,30,20
24,956,1.1048587100775498e-19,0.6399373427654416,0.040801577887873045,0.31926107934668535,25,30,20
24,957,5.969784970009381e-25,0.6399983962403033,0.04002815574296098,0.3199734480167356,25,30,20
24,958,3.4582177347972233e-23,0.6399994678583348,0.04000228678062122,0.31999824536104365,25,30,20
24,959,7.668716208231056e-25,0.6099604427555112,0.0700402471739191,0.3199993100705696,25,30,20
24,960,1.8715613395537763e-21,0.638607917755946,0.041392586421253014,0.31999949582280085,25,30,20
24,961,1.1526034416093236e-24,0.6399994717838855,0.0400256103198262,0.3199749178962882,25,30,20
24,962,3.141274620033907e-26,0.6399988621811233,0.04071586747920233,0.31928527033967397,25,30,20
24,963,6.2919171895984906e-18,0.619995531208548,0.06000471605395649,0.31999975273749526,25,30,20
24,964,6.291917184361104e-18,0.639998471294794,0.04000263944200963,0.3199988892631962,25,30,20
24,965,6.291917184367603e-18,0.639986963537133,0.04201327972903759,0.3179997567338293,25,30,20
24,966,5.859676446468965e-25,0.6399994908057609,0.04200074860595263,0.31799976058828655,25,30,20
24,967,6.565778923955276e-23,0.6380096874852168,0.04201644003796732,0.3199738724768156,25,30,20
24,968,6.565778912557908e-23,0.6380103574382552,0.042015145057836836,0.3199744975039078,25,30,20
24,969,2.148405630549787e-26,0.6399496615673235,0.042050365639357414,0.31799997279331926,25,30,20
24,970,3.4006666979630165e-23,0.6392735309509309,0.040726519329831505,0.3199999497192377,25,30,20
24,971,1.5343462831882397e-18,0.6375782673501971,0.04245929623941131,0.31996243641039174,25,30,20
24,972,1.5343462727180991e-18,0.6402914655403994,0.03979573349378756,0.31991280096581287,25,30,20
24,973,1.5343462830140544e-18,0.6389603247785689,0.041078136710501034,0.31996153851093007,25,30,20
24,974,1.9761731541579568e-14,0.6385951675047287,0.04140490857198294,0.31999992392326865,25,30,20
24,975,1.97617315415792e-14,0.6378696694790179,0.04214313476174948,0.31998719575921286,25,30,20
24,976,1.7312147089986987e-23,0.6399364804780082,0.040100447496528885,0.3199630720254628,25,30,20
24,977,1.7322617063337906e-23,0.639949427868132,0.040088378554098254,0.3199621935777697,25,30,20
24,978,3.290312844661599e-23,0.6379623784209231,0.042075182492585794,0.31996243908649097,25,30,20
24,979,6.185372404169523e-18,0.6385709501863623,0.04143099856746241,0.3199980512461753,25,30,20
24,980,6.1853718178478516e-18,0.6392481078941574,0.04075321120469275,0.31999868090114975,25,30,20
24,981,6.1853718176640016e-18,0.6399488167628457,0.040051842667887846,0.3199993405692664,25,30,20
24,982,6.185371817844295e-18,0.6392721020117118,0.040765480509825584,0.31996241747846255,25,30,20
24,983,6.185371828124253e-18,0.6400109126782713,0.03998997443308422,0.31999911288864447,25,30,20
24,984,6.1853718281209815e-18,0.6399856762459941,0.040014385320845614,0.3199999384331601,25,30,20
24,985,6.731707314250868e-30,0.6799973160470727,2.7263867153428066e-06,0.3199999575662119,25,30,20
24,986,1.0473091856283438e-26,0.6792850379143771,0.0007156564037783902,0.31999930568184437,25,30,20
24,987,1.0833954806659825e-26,0.6799984222371751,3.571261545893994e-06,0.3199980065012788,25,30,20
24,988,1.9018734379655364e-28,0.6799982026610176,2.2721451878508195e-06,0.31999952519379443,25,30,20
24,989,1.706886892816078e-31,0.6792863074679742,0.0007137050445245447,0.3199999874875011,25,30,20
24,990,1.0133543184850618e-26,0.6799997178207297,0.0020257656580281542,0.31797451652124215,25,30,20
24,991,1.0133548957931722e-26,0.6799990890653206,0.0020378308709119654,0.3179630800637674,25,30,20
24,992,9.943588950836842e-27,0.677999100303823,0.004001369585245011,0.31799953011093185,25,30,20
24,993,9.946813324962986e-27,0.6799990887282614,0.0020013586335963464,0.317999552638142,25,30,20
24,994,3.401675037092773e-23,0.677998869025136,0.0020022532145028025,0.31999887776036123,25,30,20
24,995,6.504749094811285e-30,0.6799850756973659,1.4959087943765944e-05,0.3199999652146904,25,30,20
24,996,9.897814525446945e-30,0.6799960607493807,4.129076984959757e-05,0.31996264848076966,25,30,20
24,997,9.838270045604674e-30,0.6799498277112663,0.00012464380910327287,0.3199255284796304,25,30,20
24,998,5.966046474924104e-25,0.6779613131800051,0.0020755881422391733,0.31996309867775563,25,30,20
24,999,5.966017565563318e-25,0.6792483160990662,0.0007517153622396395,0.31999996853869406,25,30,20
24,1000,5.965986509996434e-25,0.6792478691072174,0.0007523669048932143,0.3199997639878893,25,30,20
24,1001,5.9246987949374534e-27,0.6597722730929984,0.020228387318757517,0.3199993395882442,25,30,20
24,1002,3.705376699828858e-28,0.6799865347459091,1.3477903186086967e-05,0.3199999873509046,25,30,20
24,1003,1.0656768812709466e-26,0.6799371338957197,6.310153084478464e-05,0.3199997645734354,25,30,20
24,1004,5.96692040702298e-25,0.6799979676434734,0.020346871928654427,0.299655160427872,25,30,20
24,1005,5.9660175554827695e-25,0.6799982135475209,1.4761606766502063e-05,0.3199870248457124,25,30,20
24,1006,5.967788287615484e-25,0.6799598092959901,4.02027640390009e-05,0.3199999879399707,25,30,20
24,1007,1.2036634727665913e-24,0.6799848068507051,2.7933187537339667e-05,0.3199872599617575,25,30,20
24,1008,3.343717165941115e-30,0.6799984589934022,3.974961717071434e-05,0.31996179138942693,25,30,20
24,1009,1.1630511749641903e-24,0.6799874365850682,0.03937151378783468,0.2806410496270971,25,30,20
24,1010,3.40068442162402e-23,0.6799856822513038,0.040002681637479116,0.28001163611121704,25,30,20
24,1011,3.4006293506046694e-23,0.6799977704269835,0.039989937594737894,0.2800122919782783,25,30,20
24,1012,5.96965949233782e-25,0.6799608922788147,0.04003976787260676,0.2799993398485785,25,30,20
24,1013,9.52778233533379e-22,0.6799783612453076,0.060373292991782054,0.25964834576291035,25,30,20
24,1014,9.861671883995051e-22,0.679966087590493,0.06109898493095338,0.2589349274785537,25,30,20
24,1015,5.973299304883782e-25,0.679961554777099,0.08007478513745749,0.23996366008544365,25,30,20
24,1016,2.189326407216181e-19,0.6799246249612456,0.07943584114296334,0.2406395338957908,25,30,20
24,1017,6.068852794839399e-25,0.679924848596941,0.08009954770960846,0.2399756036934504,25,30,20
24,1018,6.076099488217817e-25,0.6799123025767588,0.08080090771785674,0.23928678970538453,25,30,20
24,1019,1.7628408296609068e-16,0.6799858647971385,0.08037690370419165,0.2396372314986695,25,30,20
24,1020,3.349465369373462e-16,0.6806050158480837,0.03946890272305463,0.2799260814288612,25,30,20
24,1021,3.2097492560324506e-11,0.6803009757741133,0.020424440901039433,0.29927458329274975,25,30,20
24,1022,3.2097492560324506e-11,0.6803009983539383,0.020423793294303005,0.29927520831966115,25,30,20
24,1023,3.2097492560324506e-11,0.6795743979411778,0.02111434605488127,0.2993112559718434,25,30,20
24,1024,7.409523027199496e-28,0.6792489900822861,0.040751689735246385,0.27999932018246737,25,30,20
24,1025,6.185405166583838e-18,0.678534693217988,0.04147893042205223,0.2799863763599597,25,30,20
24,1026,3.063124997050799e-25,0.698321054280682,0.02167963456845207,0.27999931115086574,25,30,20
24,1027,2.958522951331913e-25,0.6998081067790614,0.020192589118031488,0.27999930410290685,25,30,20
24,1028,1.9024495835996895e-28,0.719986094869368,1.3928686684636009e-05,0.2799999764439473,25,30,20
24,1029,1.9182943092195756e-28,0.6999853882853789,0.020014657413003248,0.2799999543016177,25,30,20
24,1030,1.0476659203093306e-26,0.677161361851856,0.04357733172840149,0.27926130641974234,25,30,20
24,1031,1.3170734033983227e-29,0.6799356560215685,0.040064386929011576,0.2799999570494197,25,30,20
24,1032,1.9018835065924164e-28,0.719284780652922,0.0007655270970065091,0.27994969225007155,25,30,20
24,1033,9.730138831219064e-30,0.719286276659656,0.0007506245260113849,0.2799630988143324,25,30,20
24,1034,1.28952229927185e-29,0.7192852082192416,0.0007147970492129498,0.27999999473154547,25,30,20
24,1035,3.70963493840496e-28,0.7199619421344089,0.0020382936793365784,0.2779997641862546,25,30,20
24,1036,1.0561682016032472e-26,0.6996535855995948,0.02034730160161401,0.2799991127987911,25,30,20
24,1037,1.9049289972855195e-21,0.6799986534239776,0.04000201456034516,0.27999933201567717,25,30,20
24,1038,1.904918540368693e-21,0.6799988695935116,0.04000178305267868,0.2799993473538095,25,30,20
24,1039,1.904918537257272e-21,0.6799971149384537,0.04004044179131144,0.27996244327023484,25,30,20
24,1040,6.293853734930975e-18,0.6792718175794016,0.04144226783900427,0.2792859145815941,25,30,20
24,1041,6.278180515235933e-25,0.6792970790452745,0.04070465304939426,0.2799982679053311,25,30,20
24,1042,1.7483164929466636e-23,0.6495712812621369,0.07046799899983716,0.27996071973802583,25,30,20
24,1043,1.9723756694810622e-21,0.6799360051785895,0.0400646470618974,0.27999934775951296,25,30,20
24,1044,1.938966161577808e-21,0.6399483243731621,0.0800517026294638,0.2799999729973737,25,30,20
24,1045,1.203866195916156e-24,0.6400117791541723,0.0799884524691073,0.2799997683767204,25,30,20
24,1046,1.1728527939358588e-24,0.6786188534540982,0.04141829010517053,0.27996285644073127,25,30,20
24,1047,3.459243166774837e-23,0.6799362954640354,0.04010148821636784,0.27996221631959683,25,30,20
24,1048,5.573843578550965e-28,0.6799239847789758,0.04007607233856389,0.2799999428824604,25,30,20
24,1049,1.9018941323030041e-28,0.6799975435258158,0.04000249105536919,0.27999996541881506,25,30,20
24,1050,3.874270307399928e-21,0.6799729288605596,0.040113630709486,0.2799134404299544,25,30,20
24,1051,3.8748665424556566e-21,0.6799120869018697,0.04016216936328203,0.27992574373484813,25,30,20
24,1052,3.874270487914711e-21,0.6799481459158462,0.04008897857691367,0.27996287550724014,25,30,20
24,1053,5.979193344462557e-18,0.6799854741974736,0.03937416760497668,0.2806403581975498,25,30,20
24,1054,5.605474897754801e-28,0.6799863492848024,3.853210537449506e-05,0.319975118609823,25,30,20
24,1055,7.378485857821957e-28,0.6799973303926612,3.784728243919249e-06,0.3199988848790949,25,30,20
24,1056,3.8025186195949727e-28,0.6499619342377301,0.030075853573710808,0.31996221218855886,25,30,20
24,1057,3.4006122716320615e-23,0.6392849767071278,0.04072799831777018,0.31998702497510173,25,30,20
24,1058,2.2083808211298325e-19,0.639272666213057,0.04074074842462114,0.3199865853623218,25,30,20
24,1059,1.9365709462386784e-21,0.639272476217734,0.040727551449741134,0.3199999723325248,25,30,20
24,1060,3.398538632929643e-23,0.6399984254923757,0.040003523918149424,0.31999805058947467,25,30,20
24,1061,3.399547954929903e-23,0.6386178236692992,0.041383488156965825,0.31999868817373484,25,30,20
24,1062,3.1045682770263224e-26,0.6385570160181318,0.04144365217247212,0.3199993318093959,25,30,20
24,1063,5.4799485357118635e-28,0.6399488045382956,0.039410343594035696,0.3206408518676686,25,30,20
24,1064,5.481116767015017e-28,0.6399617298897754,0.03936051814063824,0.32067775196958626,25,30,20
24,1065,6.1872064732330085e-18,0.6399608369613461,0.040041975474781354,0.3199971875638726,25,30,20
24,1066,6.187206473052834e-18,0.6399616848964889,0.04007760690293142,0.31996070820057976,25,30,20
24,1067,1.0854810888662654e-19,0.6399615142348073,0.039361381755432155,0.32067710400976046,25,30,20
24,1068,6.07075173336434e-25,0.6399613024242522,0.040038948951276854,0.31999974862447095,25,30,20
24,1069,3.093621390917846e-18,0.6399993010063441,0.02035213941698375,0.3396485595766721,25,30,20
24,1070,3.0936213909212915e-18,0.5986646494913086,0.06168744673156265,0.3396479037771286,25,30,20
24,1071,2.809313529599418e-31,0.598665332274574,0.04133555503981563,0.3599991126856102,25,30,20
24,1072,1.9383691897510745e-21,0.5999621665729402,0.04003808839618622,0.3599997450308737,25,30,20
24,1073,1.9383691864145615e-21,0.5999624046476556,0.040037645692651246,0.3599999496596931,25,30,20
24,1074,3.036030264368784e-26,0.597913852870681,0.042111649947338445,0.35997449718198044,25,30,20
24,1075,6.406274887830735e-18,0.5999371380225458,0.04008836845190657,0.35997449352554745,25,30,20
24,1076,6.406274887830742e-18,0.5999997253285035,0.0400260046464473,0.359974270025049,25,30,20
24,1077,1.8715292340692817e-21,0.5999995099519849,0.0013806879137080895,0.39861980213430676,25,30,20
24,1078,1.8715292372916653e-21,0.5999995102774269,0.0014180083578325606,0.39858248136474017,25,30,20
24,1079,5.9660186270083965e-25,0.5993079411007463,0.0007291924286774096,0.3999628664705762,25,30,20
24,1080,1.1760581458707915e-23,0.5725513956289349,0.04783142860329958,0.3796171757677654,25,30,20
24,1081,3.371297586675299e-23,0.5992331019004914,0.021113056901147145,0.37965384119836143,25,30,20
24,1082,1.10351154580722e-19,0.5999971636811942,9.030139235136367e-05,0.3999125349264544,25,30,20
24,1083,1.1035055816927664e-19,0.5992476723061304,0.0008402137650648668,0.39991211392880466,25,30,20
24,1084,1.9024600208033596e-28,0.599997379996206,3.9805714494075533e-05,0.3999628142892998,25,30,20
24,1085,5.667747339852012e-25,0.5999999943087232,0.0020002712638116944,0.3979997344274649,25,30,20
24,1086,5.807100592542087e-25,0.5732546791512196,0.02874556748174171,0.3979997533670385,25,30,20
24,1087,3.472034030183729e-27,0.5732548842380257,0.026759610280513896,0.39998550548146034,25,30,20
24,1088,3.3985297286074273e-23,0.5600052315019902,0.04002114265292765,0.3999736258450821,25,30,20
24,1089,3.3985477687890346e-23,0.5600052201420589,0.04002050625027917,0.3999742736076618,25,30,20
24,1090,3.400648001380395e-23,0.5599749065206574,0.04003848564755347,0.39998660783178885,25,30,20
24,1091,1.029274556682483e-26,0.5606401616887998,0.03937259455309248,0.3999872437581075,25,30,20
24,1092,5.969786110959686e-25,0.5599995202646355,0.04001347019155524,0.39998700954380917,25,30,20
24,1093,1.1045126957523578e-19,0.5599606619791586,0.04005297643335992,0.39998636158748135,25,30,20
24,1094,1.9984976480452833e-28,0.5599259214902613,0.0008017868202586857,0.4392722916894799,25,30,20
24,1095,1.0476536342478043e-26,0.5599628510997692,6.395110081968822e-05,0.4399731977994111,25,30,20
24,1096,3.139394048497169e-26,0.5592610901344339,0.0007901045105925138,0.4399488053549734,25,30,20
24,1097,1.0843522475702903e-26,0.557272701671783,0.0027778409116556925,0.4399494574165611,25,30,20
24,1098,1.8702035123641446e-28,0.5599971418749067,3.741864755800745e-06,0.4399991162603375,25,30,20
24,1099,1.9323565466694725e-28,0.5599011101202316,0.0001371101969209277,0.43996177968284733,25,30,20
24,1100,1.8422853976654346e-28,0.5579503250954234,0.0020514527613515778,0.43999822214322487,25,30,20
24,1101,1.1192147990995226e-26,0.5572487405922213,0.002765147977854664,0.439986111429924,25,30,20
24,1102,1.806360286799251e-28,0.5585950158742983,0.001441938957911912,0.4399630451677898,25,30,20
24,1103,1.839120789708929e-28,0.5586306269751334,0.0013702567599622201,0.43999911626490423,25,30,20
24,1104,1.0659838498764658e-26,0.5579984628619526,0.003382386813711117,0.4386191503243363,25,30,20
24,1105,1.0662944997506887e-26,0.5599729583250628,0.0014072548834511444,0.43861978679148605,25,30,20
24,1106,1.048581439148225e-26,0.5599971303156113,0.0013830719937529155,0.43861979769063586,25,30,20
24,1107,5.669776895589102e-25,0.5579975657328373,0.0073826095264871265,0.43461982474067545,25,30,20
24,1108,1.0467097933198588e-26,0.5599608892743252,0.0020887632251944525,0.43795034750048023,25,30,20
24,1109,9.899647880614756e-30,0.5599988542039399,0.002039608090391004,0.43796153770566904,25,30,20
24,1110,3.513991050946977e-30,0.5599988772651913,0.0020400054422479025,0.4379611172925607,25,30,20
24,1111,3.3410252192695515e-23,0.5592479111240545,0.0035033331180557782,0.43724875575788963,25,30,20
24,1112,1.0663323833297165e-26,0.5599369445128206,6.331477273080635e-05,0.4399997407144484,25,30,20
24,1113,1.0476588998763052e-26,0.5599621734321681,3.7873656499154865e-05,0.43999995291133265,25,30,20
24,1114,1.0479866944761977e-26,0.5592856596931413,0.000715460216586786,0.43999888009027194,25,30,20
24,1115,1.9990346171502119e-28,0.5599975850180302,1.5845308833320552e-05,0.4399865696731364,25,30,20
24,1116,1.0843953461663424e-26,0.5592724923010252,0.0007409418793600038,0.4399865658196147,25,30,20
24,1117,1.9341091209271458e-28,0.5592854474434599,0.0007150165349618935,0.4399995360215781,25,30,20
24,1118,1.8685508802873993e-28,0.5599624312298237,8.74412434379667e-05,0.4399501275267382,25,30,20
24,1119,3.672588899375835e-28,0.5599852813123563,5.163949882497838e-05,0.43996307918881883,25,30,20
24,1120,1.0656825279803721e-26,0.5599738032755277,6.443877902735075e-05,0.43996175794544484,25,30,20
24,1121,2.093661919039098e-26,0.5599738456026097,6.48288874804748e-05,0.4399613255099098,25,30,20
24,1122,3.4536078605620855e-30,0.5592478999146985,0.0007890471360303937,0.43996305294927096,25,30,20
24,1123,9.896738808651755e-30,0.5599861376084564,5.0828329354314616e-05,0.43996303406218906,25,30,20
24,1124,7.375039318114089e-28,0.5598881648813544,0.00022346866994344045,0.4398883664487021,25,30,20
24,1125,1.8696597010645048e-28,0.5599615489940295,7.628860561718636e-05,0.43996216240035324,25,30,20
24,1126,1.903191705704584e-21,0.5592362437478502,0.0008015673953829161,0.4399621888567669,25,30,20
24,1127,3.228701832851737e-30,0.5599999792148005,9.204497426553657e-07,0.43999910033545675,25,30,20
24,1128,1.9018645628108636e-28,0.5599997326494967,7.309932282428998e-07,0.439999536357275,25,30,20
24,1129,3.705941175886213e-28,0.5599992888635106,1.3489917311831565e-05,0.4399872212191775,25,30,20
24,1130,1.8397240549003689e-28,0.5599252733243514,8.858898876304231e-05,0.4399861376868855,25,30,20
24,1131,5.542173459379076e-28,0.5599375631601508,0.0008264165096250481,0.4392360203302239,25,30,20
24,1132,2.1310027385097204e-26,0.5592737578035571,0.0014923704275933009,0.43923387176884954,25,30,20
24,1133,2.111697153448584e-26,0.5592604047865973,0.0007905741976026656,0.43994902101579997,25,30,20
24,1134,1.0466759015773002e-26,0.559999926704437,9.84197171357518e-07,0.43999908909839147,25,30,20
24,1135,1.8708197957647186e-28,0.5599871684907117,4.9804953252318064e-05,0.4399630265560359,25,30,20
24,1136,1.9018941412292892e-28,0.5579990856937489,0.0020018698280664694,0.4399990444781844,25,30,20
24,1137,1.9340901620482107e-28,0.5599626166943324,5.018018259599582e-05,0.43998720312307144,25,30,20
24,1138,1.0473651239515065e-26,0.5592852341705765,0.0007283894331672067,0.43998637639625626,25,30,20
24,1139,6.59196067894276e-30,0.5599856680833938,0.020359437018529096,0.41965489489807717,25,30,20
24,1140,3.4794308667337095e-30,0.5599876002777622,0.020357720990314413,0.41965467873192325,25,30,20
24,1141,5.966018856648268e-25,0.5579982144863942,0.02234687139197446,0.41965491412163125,25,30,20
24,1142,6.06888104563049e-25,0.5599621887814493,0.0007288396335951692,0.43930897158495535,25,30,20
24,1143,1.0485925206250177e-26,0.5599494570872329,0.002777581217482731,0.4372729616952843,25,30,20
24,1144,1.9657503394312843e-28,0.5599995244471225,3.874093364161116e-05,0.4399617346192357,25,30,20
24,1145,1.0846837916488491e-26,0.5599617377975356,0.0008268463586415849,0.43921141584382284,25,30,20
24,1146,3.704316073121096e-28,0.5599993047987796,0.0008378241654046399,0.4391628710358157,25,30,20
24,1147,1.8691336537922873e-28,0.5599982177672305,0.0008274445970158306,0.43917433763575353,25,30,20
24,1148,3.738145510769165e-28,0.559997562273315,0.0007174370671881131,0.43928500065949677,25,30,20
24,1149,6.618741436084464e-30,0.5599986080389496,0.0007157129760590727,0.43928567898499116,25,30,20
24,1150,6.617715105682667e-30,0.5599490136808423,6.420477221818508e-05,0.43998678154693943,25,30,20
24,1151,5.774192559302708e-25,0.55797295154583,0.0020393802999356656,0.4399876681542342,25,30,20
24,1152,5.87898782633612e-25,0.5579986576171112,0.0020402376462893552,0.43996110473659916,25,30,20
24,1153,2.0943115798892467e-26,0.559998630852295,6.52953527881772e-05,0.43993607379491684,25,30,20
24,1154,3.3399611590334514e-23,0.5585711725827666,0.00144247361937309,0.43998635379786016,25,30,20
24,1155,3.33994277340806e-23,0.5585338452811903,0.0014677091379856194,0.4399984455808238,25,30,20
24,1156,5.542154632516457e-28,0.5599356496476963,7.798146019567228e-05,0.43998636889210785,25,30,20
24,1157,2.1120577522779912e-26,0.5592347204273477,0.021124389340471707,0.41964089023218065,25,30,20
24,1158,9.692002951743967e-22,0.5592355800494142,0.02081483329180331,0.41994958665878235,25,30,20
24,1159,1.0476420646205604e-26,0.5592729054740397,0.0007418086348572882,0.43998528589110286,25,30,20
24,1160,6.072649631552779e-25,0.5592729278016882,0.0007676937579473268,0.4399593784403643,25,30,20
24,1161,3.400666703392498e-23,0.5599621476621194,0.030051252887988406,0.4099865994498919,25,30,20
24,1162,1.0917992840623325e-11,0.5600278056858817,0.03998494648901493,0.39998724781418526,25,30,20
24,1163,0.0003329282069657602,0.5599623615328188,0.03971737157942621,0.39998733868078923,25,30,20
24,1164,2.1206981957586662e-07,0.5599869670118928,0.040014141061184665,0.399998679857103,25,30,20
24,1165,1.9377731226738413e-21,0.559962221829917,0.040039105039000635,0.39999867313108245,25,30,20
24,1166,2.1120193148430335e-26,0.5599384902288973,0.04006283729666784,0.3999986724744348,25,30,20
24,1167,2.1297381433453753e-26,0.5599619883282845,0.04004020647309383,0.3999978051986215,25,30,20
24,1168,5.972113666139603e-25,0.5299870092685209,0.07005101054365777,0.39996198018782125,25,30,20
24,1169,5.96837780187498e-25,0.5292962927925398,0.07070504158510067,0.3999986656223594,25,30,20
24,1170,3.3996384299758437e-23,0.5585945080424775,0.04146897879991736,0.3999365131576051,25,30,20
24,1171,6.800268340001936e-23,0.5592847616609578,0.040790589480682614,0.39992464885835977,25,30,20
24,1172,3.402668901674902e-23,0.5599729775432207,0.04006397715233532,0.39996304530444393,25,30,20
24,1173,3.401622254624673e-23,0.5599993314440029,0.040074501037145466,0.39992616751885157,25,30,20
24,1174,1.715633049395808e-23,0.5599872113258283,0.039702761383766896,0.40031002729040466,25,30,20
24,1175,5.427433374627805e-20,0.5572485775671749,0.04240836152741532,0.4003430609054099,25,30,20
24,1176,1.1738401212663178e-24,0.5579988499613872,0.04199081782915999,0.4000103322094528,25,30,20
24,1177,1.1933841862565029e-24,0.5592970733135901,0.040704901501284446,0.3999980251851254,25,30,20
24,1178,1.1930582131561081e-24,0.5382391115633574,0.06182391301899794,0.3999369754176446,25,30,20
24,1179,3.461266864361369e-23,0.5585953489216133,0.08072904364465634,0.36067560743373017,25,30,20
24,1180,1.103839996357043e-19,0.5592962592827008,0.0814182705302178,0.3592854701870813,25,30,20
24,1181,2.0866598010686337e-26,0.539108942655951,0.10089239558068515,0.359998661763364,25,30,20
24,1182,1.0861435153151117e-19,0.5593083576929317,0.04070440578596249,0.3999872365211057,25,30,20
24,1183,3.4591881046055476e-23,0.5599604805003975,0.05969626455485086,0.38034325494475146,25,30,20
24,1184,3.5193075593096743e-23,0.559949245495117,0.09937496404583418,0.34067579045904867,25,30,20
24,1185,3.4659040377341936e-16,0.5599990857396038,0.09901591595615257,0.3409849983042432,25,30,20
24,1186,2.0071453766724493e-14,0.5599378265883367,0.04155052322319735,0.39851165018844575,25,30,20
24,1187,3.5256428986001152e-16,0.5599621700382349,0.040051028564273033,0.3999868013974917,25,30,20
24,1188,3.5256428986001473e-16,0.5599988692503725,0.0400145685253859,0.3999865622242411,25,30,20
24,1189,1.1045182340236753e-19,0.5599626520737833,0.04205054737641811,0.3979868005497986,25,30,20
24,1190,1.9723653766889108e-21,0.5599993002265985,0.040002239303348903,0.3999984604700525,25,30,20
24,1191,9.005995336868068e-25,0.5600120140954616,0.06033393759465194,0.3796540483098863,25,30,20
24,1192,1.2036702020263985e-24,0.5599852585814165,0.08005255534833462,0.3599621860702487,25,30,20
24,1193,3.4582361088200226e-23,0.5606986465627669,0.07935188410602347,0.3599494693312093,25,30,20
24,1194,3.398594324869857e-23,0.5606870019322576,0.07932726145119978,0.35998573661654265,25,30,20
24,1195,3.522006968823967e-23,0.5599988358146464,0.0800029301608922,0.35999823402446124,25,30,20
24,1196,5.475468417842039e-20,0.5600030080692063,0.08001019045863228,0.3599868014721611,25,30,20
24,1197,5.475525947941755e-20,0.5599896584567952,0.08006085738569774,0.35994948415750694,25,30,20
24,1198,1.2271487900462483e-17,0.5785875937317551,0.061413736918535626,0.35999866934970925,25,30,20
24,1199,1.2271487905871535e-17,0.5986435654801296,0.041357772749789,0.3599986617700813,25,30,20
24,1200,6.0862180858182925e-18,0.5986049528441523,0.04210872426473859,0.3592863228911092,25,30,20
24,1201,1.9377520283717265e-21,0.5992845762344214,0.04142889584933376,0.3592865279162447,25,30,20
24,1202,5.967920381918329e-25,0.5999999603417702,0.040714785128879515,0.3592852545293503,25,30,20
24,1203,7.946781737564655e-25,0.5992371107690296,0.06822182014952717,0.33254106908144315,25,30,20
24,1204,3.4592618559162566e-23,0.5999377818021021,0.040062908655866154,0.35999930954203174,25,30,20
24,1205,5.96791982804178e-25,0.5999621768855888,0.04075127631953602,0.3592865467948752,25,30,20
24,1206,3.5896845822183995e-16,0.5999490168167775,0.040765084019276365,0.3592858991639457,25,30,20
24,1207,3.589684582218466e-16,0.5999982127100205,0.04071547131415856,0.35928631597582067,25,30,20
24,1208,3.589684582113703e-16,0.599998422381757,0.040051252437430185,0.3599503251808124,25,30,20
24,1209,3.5267099983699726e-16,0.5999971343002583,0.04004066899109691,0.35996219670864443,25,30,20
24,1210,3.5885620405260465e-16,0.5992841182766929,0.04075279447903094,0.3599630872442756,25,30,20
24,1211,1.0840170146400836e-26,0.5992493995048579,0.040750407873931645,0.36000019262121036,25,30,20
24,1212,3.586393455771529e-16,0.599284166322277,0.04075275348813382,0.3599630801895887,25,30,20
24,1213,9.521123409486346e-22,0.5999505214908478,0.030300101589992037,0.3697493769191601,25,30,20
24,1214,3.6489755748796486e-30,0.5999496809085038,0.02043337057643695,0.3796169485150591,25,30,20
24,1215,3.4258478419222764e-30,0.5979740428452831,0.02237211564997109,0.3796538415047458,25,30,20
24,1216,6.800158226829729e-23,0.5979614893759421,0.042040046219151514,0.35999846440490635,25,30,20
24,1217,1.9717577520146982e-21,0.5979869866002018,0.04272773567781099,0.35928527772198726,25,30,20
24,1218,6.799092873037175e-23,0.5999990551039869,0.04000290874987804,0.3599980361461349,25,30,20
24,1219,1.1232108162971442e-19,0.5999481456106848,0.04005315544573561,0.3599986989435795,25,30,20
24,1220,1.1232108162649285e-19,0.5999611048586612,0.0407648420474515,0.3592740530938873,25,30,20
24,1221,1.7482927847318097e-16,0.5796406243646818,0.060017513432686416,0.36034186220263154,25,30,20
24,1222,6.187241620534968e-18,0.5992733414833293,0.04272646615392759,0.3580001923627429,25,30,20
24,1223,6.187241630995002e-18,0.599998444844763,0.04200158603181776,0.3579999691234191,25,30,20
24,1224,6.187241064036822e-18,0.5999844103203044,0.040015427821892484,0.36000016185780304,25,30,20
24,1225,3.459281526971536e-23,0.5999971256689927,0.042002890566902054,0.3579999837641051,25,30,20
24,1226,1.970566393076932e-21,0.5999621583282786,0.04011167366788817,0.35992616800383304,25,30,20
24,1227,1.9365701998627382e-21,0.5999865621323694,8.749707595222368e-05,0.3999259407916782,25,30,20
24,1228,1.9365702030297525e-21,0.599999069800404,7.544777232207074e-05,0.3999254824272738,25,30,20
24,1229,1.0660108304330838e-26,0.5979725259036498,0.002027740499778962,0.3999997335965712,25,30,20
24,1230,3.770391267079679e-28,0.5999850611981518,1.5008616792972075e-05,0.3999999301850551,25,30,20
24,1231,1.9318600563487571e-28,0.5796169742234173,0.020383091480371932,0.3999999342962107,25,30,20
24,1232,1.0843616307753868e-26,0.5769281155082387,0.023110760149784394,0.3999611243419766,25,30,20
24,1233,7.316781335690794e-28,0.5959061335489898,0.004097140792307415,0.39999672565870276,25,30,20
24,1234,5.510533041192185e-28,0.5999990588232791,3.556381777055697e-06,0.39999738479494357,25,30,20
24,1235,1.9346431179705436e-28,0.5993077139886233,0.0006942493343793534,0.39999803667699724,25,30,20
24,1236,1.8724848872322935e-28,0.5999984562649192,3.1242788942813727e-06,0.39999841945618625,25,30,20
24,1237,3.456720601280975e-30,0.5999986648066588,1.6093758914727809e-06,0.3999997258174497,25,30,20
24,1238,3.4537292485167534e-30,0.5999999302231727,1.1885074614194499e-06,0.39999888126936567,25,30,20
24,1239,3.7381272479771325e-28,0.5999992630615888,3.830191427349147e-05,0.39996243502413775,25,30,20
24,1240,3.8036769233389136e-28,0.5999983842930195,6.423906151717683e-05,0.399937376645463,25,30,20
24,1241,3.770887439007429e-28,0.5999493779774738,6.359045219489383e-05,0.3999870315703311,25,30,20
24,1242,1.6336759063763026e-29,0.59987563347246,0.0001250236840688293,0.39999934284347105,25,30,20
24,1243,3.8031599581844788e-28,0.599998001363059,2.4394900128643068e-06,0.3999995591469277,25,30,20
24,1244,1.9357750570287552e-28,0.5999986639506162,2.2349277335521923e-06,0.39999910112165016,25,30,20
24,1245,2.2727719664944607e-31,0.5999986529959919,3.9600622509295116e-05,0.39996174638149873,25,30,20
24,1246,1.0653604953699292e-26,0.5999613028350123,5.2332585748721336e-05,0.39998636457923903,25,30,20
24,1247,1.9006973951874934e-28,0.5999611279348452,0.0007661447515434825,0.39927272731361113,25,30,20
24,1248,5.603790505628946e-28,0.5999982176715838,5.146101500865408e-05,0.39995032131340735,25,30,20
24,1249,1.0657046431024713e-26,0.5999986381578849,6.378763547257226e-05,0.39993757420664233,25,30,20
24,1250,1.0479862143700574e-26,0.5999261403994175,0.00014771472581028954,0.3999261448747721,25,30,20
24,1251,1.0653770359986131e-26,0.5992481110389053,0.0007538492262729366,0.39999803973482173,25,30,20
24,1252,1.0473377427168655e-26,0.5999984370634237,8.877864598277519e-05,0.39991278429059335,25,30,20
24,1253,3.3410422603915246e-23,0.599286095257724,0.0015017843756324055,0.39921212036664366,25,30,20
24,1254,9.836255799246048e-30,0.5999999685822026,0.0007512526687884715,0.39924877874900894,25,30,20
24,1255,9.83731785054851e-30,0.5999501239829144,8.705375501957177e-05,0.39996282226206603,25,30,20
24,1256,9.785632887842173e-30,0.599972962771059,6.526485306965451e-05,0.3999617723758711,25,30,20
24,1257,1.9024494093283809e-28,0.5999869822904784,5.189701739401095e-05,0.3999611206921274,25,30,20
24,1258,3.401143131308999e-30,0.5999994987755236,5.105121998614126e-05,0.3999494500044902,25,30,20
24,1259,9.84020386790359e-30,0.5999977971471881,5.252564358878913e-05,0.399949677209223,25,30,20
24,1260,1.9024583145505025e-28,0.5999598354478323,0.0007678682107206927,0.399272296341447,25,30,20
24,1261,1.933534026376424e-28,0.5992720410616355,0.0007420253333812198,0.3999859336049832,25,30,20
24,1262,3.7697967150701803e-28,0.5999850540790969,2.901278340303301e-05,0.3999859331374999,25,30,20
24,1263,1.8696887565411385e-28,0.5999980128756355,1.539824005661116e-05,0.39998658888430777,25,30,20
24,1264,1.0657047354766052e-26,0.5999604418111035,5.2355519250513866e-05,0.39998720266964566,25,30,20
24,1265,1.9046696073019296e-28,0.5999973308065847,2.712494913786737e-06,0.39999995669850136,25,30,20
24,1266,3.647452860601051e-28,0.5979364565661622,0.0020655184481071496,0.3999980249857306,25,30,20
24,1267,1.9679597352487718e-28,0.5999727082995662,4.198676851761612e-05,0.3999853049319163,25,30,20
24,1268,5.9641875444159705e-25,0.5999106172259374,0.00010408921233266332,0.39998529356172996,25,30,20
24,1269,5.606614119654932e-28,0.5999863724000898,4.024413219271523e-05,0.39997338346771744,25,30,20
24,1270,3.7048561309037695e-28,0.5972859141543474,0.0027518852890423776,0.39996220055661014,25,30,20
24,1271,1.656735460369351e-23,0.5774497172208864,0.022551397977203572,0.39999888480191004,25,30,20
24,1272,1.656736394715486e-23,0.5754477625090829,0.02455334876446893,0.399998888726448,25,30,20
24,1273,5.774349378168396e-25,0.5979617522986596,0.0020391351556888694,0.39999911254565146,25,30,20
24,1274,1.0843843569423617e-26,0.5999973459639455,5.2753928764758746e-05,0.39994990010728954,25,30,20
24,1275,5.3366682814128594e-27,0.5796408779884953,0.020409244045297145,0.39994987796620746,25,30,20
24,1276,5.152988433404023e-27,0.579641733577828,0.020396080693490363,0.3999621857286816,25,30,20
24,1277,5.290416937161539e-27,0.5790996110225118,0.020938408324402233,0.39996198065308575,25,30,20
24,1278,1.9374625220592827e-28,0.5972856703998481,0.0027160931543447754,0.39999823644580706,25,30,20
24,1279,3.728517206968596e-30,0.597962415089685,0.002076009710334908,0.3999615751999802,25,30,20
24,1280,1.0650561842628466e-26,0.5979630519404917,0.002051658890954474,0.3999852891685539,25,30,20
24,1281,1.0460379313040832e-26,0.5992483494344246,0.000752322733790986,0.3999993278317844,25,30,20
24,1282,2.0936679864087752e-26,0.5999990842220868,1.3921451939491396e-05,0.3999869943259736,25,30,20
24,1283,1.0466988942825441e-26,0.5998890539566897,0.00012416071032915683,0.3999867853329812,25,30,20
24,1284,1.0470094582556352e-26,0.5999617564127643,0.0007894501428056467,0.39924879344443,25,30,20
24,1285,6.732764561356261e-30,0.59996305558867,0.0008244068959769693,0.39921253751535296,25,30,20
24,1286,1.0650725203601733e-26,0.5992483014578768,0.000788838655400659,0.3999628598867225,25,30,20
24,1287,1.0466923418622953e-26,0.599187058913365,0.0008505006842652849,0.3999624404023696,25,30,20
24,1288,1.0469985309679621e-26,0.5999981759964744,3.938407442401285e-05,0.39996243992910147,25,30,20
24,1289,6.068942641337981e-25,0.5999847775624346,1.6151493748649732e-05,0.3999990709438165,25,30,20
24,1290,5.966050315961445e-25,0.5999742048110709,2.5838740039276233e-05,0.3999999564488895,25,30,20
24,1291,1.0470257207132402e-26,0.5979373126212806,0.00206337059840029,0.39999931678031897,25,30,20
24,1292,1.0479802846989619e-26,0.5979487683735949,0.0020640135454164663,0.39998721808098847,25,30,20
24,1293,5.86509142465981e-25,0.5992830985431568,0.0007299071320133511,0.39998699432482987,25,30,20
24,1294,5.868669575254156e-25,0.5993085849101412,0.0021198210248634373,0.39857159406499526,25,30,20
24,1295,1.872146050920093e-21,0.5599479600104332,0.07937558824808229,0.3606764517414844,25,30,20
24,1296,1.937773142108018e-21,0.5999848303174878,0.04002860705731031,0.3599865626252016,25,30,20
24,1297,1.0493042578125434e-19,0.599927084505567,0.04008569752794895,0.3599872179664838,25,30,20
24,1298,6.072521337769884e-25,0.5999863570447558,0.040051207330563346,0.35996243562468083,25,30,20
24,1299,3.461318177106355e-23,0.5999978159410149,0.040004166928016546,0.35999801713096835,25,30,20
24,1300,5.966182576561357e-25,0.5999992940217131,0.04000202925847067,0.359998676719816,25,30,20
24,1301,2.0943338003647097e-26,0.5999988913129166,0.04000200776355896,0.35999910092352444,25,30,20
24,1302,1.971140803053062e-21,0.5999622227380792,0.04003844153654486,0.35999933572537585,25,30,20
24,1303,1.9340682322411125e-28,0.5999632915799167,0.04003738020190745,0.3599993282181758,25,30,20
24,1304,1.9667998674890815e-28,0.5999626280595954,0.04007494762041312,0.35996242431999137,25,30,20
24,1305,5.96795267351277e-25,0.5992489978533484,0.04078902507863145,0.3599619770680203,25,30,20
24,1306,3.5806384918933616e-23,0.5999632379955633,0.040037225447494454,0.3599995365569423,25,30,20
24,1307,1.7898508913434153e-23,0.6186180277506981,0.02278720211533504,0.35859477013396684,25,30,20
24,1308,6.0761338949814e-25,0.5999871791974991,0.042131260352818514,0.35788156044968233,25,30,20
24,1309,1.0859766724219146e-19,0.6195674679839351,0.020432571071653388,0.35999996094441145,25,30,20
24,1310,1.944423711640767e-14,0.5998885897288517,0.04014877354338088,0.359962636727748,25,30,20
24,1311,1.9444237116407308e-14,0.5999617421814879,0.04003852429060007,0.3599997335278925,25,30,20
24,1312,1.94442371164073e-14,0.5999261145428516,0.040074583486737786,0.35999930197039115,25,30,20
24,1313,3.400611632278342e-23,0.5999632414751269,0.040739608753326335,0.3592971497715466,25,30,20
24,1314,1.1727992669595555e-24,0.5999632046321365,0.04274048322131125,0.3572963121465522,25,30,20
24,1315,1.904561137215911e-21,0.573217117022865,0.06683341063433398,0.3599494723428008,25,30,20
24,1316,1.6379075088315035e-19,0.5599612880119494,0.08011339290377513,0.359925319084275,25,30,20
24,1317,2.1906792266614365e-19,0.5599621778709825,0.08011227947187825,0.3599255426571391,25,30,20
24,1318,5.116623485341648e-15,0.5600039131165344,0.07936654987128505,0.3606295370121753,25,30,20
24,1319,3.5256240202248343e-16,0.5992837382372851,0.04071011318646276,0.3600061485762518,25,30,20
24,1320,6.295823065558938e-18,0.5999865536418956,0.04001475852480926,0.3599986878332951,25,30,20
24,1321,3.8179207741524654e-13,0.5999905347120142,0.026916025136681516,0.3730934401509223,25,30,20
24,1322,3.1205306546351233e-18,0.5999731703928769,0.02020693860693611,0.3798198910001868,25,30,20
24,1323,3.120530654264655e-18,0.5999867514717621,0.020193368891142587,0.3798198796370953,25,30,20
24,1324,3.2272406631174362e-18,0.5999872092494363,0.060229193443953964,0.3397835973066096,25,30,20
24,1325,3.1205306544612796e-18,0.599998201403193,0.06089554152189404,0.3391062570749127,25,30,20
24,1326,3.091736378628423e-18,0.5999974445382407,0.060402215754793404,0.33960033970696557,25,30,20
24,1327,5.384417198820649e-20,0.6000053346246613,0.06020258144278494,0.33979208393255356,25,30,20
24,1328,2.955893739716403e-20,0.5999615340099612,0.030789451063430288,0.3692490149266084,25,30,20
24,1329,2.7621760869527393e-20,0.5999630647175906,0.032037624616477814,0.3679993106659316,25,30,20
24,1330,1.9383379640875904e-21,0.5999984449022171,0.040014750569652195,0.3599868045281307,25,30,20
24,1331,1.93834861435089e-21,0.5999254593511989,0.040087750742612414,0.3599867899061887,25,30,20
24,1332,9.69493352733969e-22,0.5796180070063626,0.040395635361297096,0.3799863576323403,25,30,20
24,1333,9.700793043284411e-22,0.5796542749517187,0.04038440632836788,0.3799613187199133,25,30,20
24,1334,2.0746836134681573e-26,0.5992841863714223,0.021073847453048612,0.37964196617552903,25,30,20
24,1335,2.0930465985882417e-26,0.5999729656318259,5.3404803998408904e-05,0.3999736295641755,25,30,20
24,1336,1.3197097434609938e-29,0.5789281123157101,0.021085958467922127,0.3999859292163677,25,30,20
24,1337,2.074672158538618e-26,0.5606760272584719,0.03932615669037467,0.39999781605115337,25,30,20
24,1338,1.0286465341277561e-26,0.5599384635017043,0.040061791853392786,0.39999974464490284,25,30,20
24,1339,1.9717480324072167e-21,0.5592483425226777,0.0414540983439223,0.3992975591334,25,30,20
24,1340,3.661509702046461e-20,0.572540197120502,0.027460717176183543,0.39999908570331444,25,30,20
24,1341,1.9711525443165272e-21,0.5592108100032651,0.04080303734847159,0.39998615264826326,25,30,20
24,1342,1.0660158906178205e-26,0.5598747775832471,0.07947131929995163,0.3606539031168011,25,30,20
24,1343,1.9383695471724465e-21,0.5599621697801461,0.08076464772242659,0.3592731824974272,25,30,20
24,1344,3.1446817722147426e-25,0.5592491773619815,0.10181006180216783,0.3389407608358505,25,30,20
24,1345,3.9084580564386655e-21,0.559865131210348,0.12156238783646157,0.31857248095319013,25,30,20
24,1346,1.123235135023392e-19,0.5592494069615302,0.10164162351660323,0.3391089695218663,25,30,20
24,1347,1.3753067325788048e-19,0.5601551162070684,0.09109131249603188,0.34875357129689966,25,30,20
24,1348,2.721353069088329e-20,0.5594546614156395,0.07161483085239323,0.36893050773196717,25,30,20
24,1349,1.0260501780203642e-22,0.5592716134036102,0.04144398485202837,0.39928440174436125,25,30,20
24,1350,6.801241597604783e-23,0.5599984748909583,0.04006351181214299,0.39993801329689854,25,30,20
24,1351,2.094656530859348e-26,0.559999531832009,0.04002555470846048,0.3999749134595303,25,30,20
24,1352,1.0473314063155024e-26,0.5599621962286032,0.04003915741268083,0.39999864635871596,25,30,20
24,1353,6.076193851130503e-25,0.5599615322545662,0.04004024937854687,0.39999821836688687,25,30,20
24,1354,3.065375008143886e-18,0.5600114990554609,0.039989419014441356,0.39999908193009787,25,30,20
24,1355,1.7786932084046995e-16,0.5798187273412851,0.020219954622257195,0.3999613180364574,25,30,20
24,1356,1.7786932084083093e-16,0.5798057341341679,0.02019432362491938,0.39999994224091245,25,30,20
24,1357,1.1024251109788068e-26,0.5999997106388325,1.0068749995289796e-06,0.39999928248616784,25,30,20
24,1358,3.7404260795897267e-28,0.5999613170471958,8.838423069770721e-05,0.3999502987221064,25,30,20
24,1359,5.969658390194157e-25,0.5999973724235561,2.9129171817980834e-06,0.3999997146592621,25,30,20
24,1360,5.969722275790989e-25,0.5999852768590594,1.5640971397356416e-05,0.3999990821695431,25,30,20
24,1361,5.967820979064741e-25,0.5999621809978717,3.84975766958783e-05,0.39999932142543243,25,30,20
24,1362,3.6731314650738942e-28,0.5999486005801165,8.89670609095747e-05,0.39996243235897394,25,30,20
24,1363,3.8036862840866806e-28,0.5999736291347719,7.69208117024029e-05,0.39994945005352556,25,30,20
24,1364,3.8021611507118985e-28,0.5999226784266137,0.0021393223831994023,0.39793799919018674,25,30,20
24,1365,1.935784954443732e-28,0.5999347516095512,7.911820516856344e-05,0.3999861301852801,25,30,20
24,1366,1.9013691313781868e-28,0.599999077112129,2.706576555825353e-05,0.3999738571223126,25,30,20
24,1367,1.8696877683133957e-28,0.5979993235408411,0.0020134511799043842,0.3999872252792545,25,30,20
24,1368,9.898615721581815e-30,0.5756300931038856,0.02508398926796778,0.3992859176281465,25,30,20
24,1369,5.962445553081373e-25,0.597285480993217,0.003428810383331272,0.3992857086234515,25,30,20
24,1370,3.4006673239990816e-23,0.5599496727996651,0.04010019137291195,0.39995013582742295,25,30,20
24,1371,3.401695936027444e-23,0.5599501125055114,0.04145470919716424,0.3985951782973243,25,30,20
24,1372,3.400629971922252e-23,0.5579501091736643,0.042088747791209885,0.39996114303512575,25,30,20
24,1373,3.084050637361372e-26,0.5599749515600297,0.04002659567438272,0.39999845276558743,25,30,20
24,1374,3.102729563790439e-26,0.559985918222269,0.040014749911444755,0.39999933186628644,25,30,20
24,1375,5.967949301881885e-25,0.5599736184376374,0.040027041788778826,0.3999993397735838,25,30,20
24,1376,6.299597723119957e-18,0.5592729395659793,0.04072772817119621,0.3999993322628244,25,30,20
24,1377,3.4581636953633296e-23,0.5599484069515444,0.040765716501113713,0.3992858765473418,25,30,20
24,1378,6.799223273341897e-23,0.5332182368190351,0.06678180176962438,0.3999999614113405,25,30,20
24,1379,3.4561617257988477e-23,0.5711140084329996,0.028886242094815696,0.3999997494721847,25,30,20
24,1380,6.19095176395677e-18,0.5599383916419925,0.04006185556168258,0.3999997527963248,25,30,20
24,1381,6.190951763956711e-18,0.5599379860583246,0.040062901386758824,0.39999911255491666,25,30,20
24,1382,3.1483877009250636e-18,0.5599316852086416,0.04008132797055279,0.3999869868208056,25,30,20
24,1383,6.29378463594177e-18,0.599936735781285,0.0001129694863432381,0.3999502947323716,25,30,20
24,1384,2.1107482211859084e-26,0.5999980236456528,3.893457911974579e-05,0.3999630417752273,25,30,20
24,1385,1.2043821633433354e-24,0.5986172132714427,0.0014324321019747095,0.3999503546265825,25,30,20
24,1386,2.1651640637763233e-26,0.5999732010283761,0.00010127858401630006,0.3999255203876075,25,30,20
24,1387,6.067017651444552e-25,0.5999623973871171,5.039216101915645e-05,0.39998721045186364,25,30,20
24,1388,5.960609346285735e-25,0.5999254744269789,7.586785585171171e-05,0.39999865771716925,25,30,20
24,1389,5.573003861294446e-28,0.5992105704972621,0.021136205987282494,0.37965322351545516,25,30,20
24,1390,3.283473641336693e-23,0.5992463947554713,0.0021474281386151166,0.3986061771059135,25,30,20
24,1391,5.966050286914118e-25,0.5999965119104869,1.778111321214578e-05,0.39998570697630087,25,30,20
24,1392,3.804788311827911e-28,0.5999596086801787,4.0855102353355074e-05,0.3999995362174678,25,30,20
24,1393,6.068983257780082e-25,0.599137641864806,0.0008635143540830378,0.3999988437811108,25,30,20
24,1394,6.067020484266022e-25,0.5999000478529573,0.0001369179423729248,0.39996303420466967,25,30,20
24,1395,2.110765864567294e-26,0.5999125718528454,0.00012525403738008868,0.3999621741097743,25,30,20
24,1396,3.801931324531518e-28,0.5999619915836979,3.803210563236847e-05,0.3999999763106695,25,30,20
24,1397,1.8701947699959738e-28,0.5993086149516663,0.0006920450052977939,0.39999934004303567,25,30,20
24,1398,9.946810318406561e-27,0.5959990627592713,0.00471567819784193,0.3992852590428869,25,30,20
24,1399,5.542767209501923e-28,0.5979986381594163,0.004727998044685122,0.3972733637958985,25,30,20
24,1400,1.8691427274040076e-28,0.5999611078570652,0.002752985397949567,0.39728590674498515,25,30,20
24,1401,3.451746083235352e-30,0.5999863454970024,1.4780671132577766e-05,0.3999988738318649,25,30,20
24,1402,3.641511951148242e-28,0.599296914476287,0.0014536667722864292,0.39924941875142655,25,30,20
24,1403,1.8685597701994792e-28,0.5999857250326052,5.252524310147641e-05,0.3999617497242933,25,30,20
24,1404,4.231693024038489e-28,0.5999865794293104,0.03001476344198833,0.36999865712870117,25,30,20
24,1405,1.794300057781735e-16,0.5999997214837007,0.020007875518557525,0.3799924029977415,25,30,20
24,1406,9.690442534478245e-29,0.599924636929956,0.02042087788830643,0.3796544851817375,25,30,20
24,1407,1.101426272875056e-26,0.5998504049590153,0.0028643521395963394,0.39728524290138806,25,30,20
24,1408,7.376771904779099e-28,0.5998743608419833,0.00017701130762410187,0.39994862785039254,25,30,20
24,1409,3.7375414252987993e-28,0.5998501669864063,0.00016452848508517582,0.39998530452850856,25,30,20
24,1410,1.084372542647508e-26,0.5998618185494182,0.00016434685057571376,0.39997383460000596,25,30,20
24,1411,1.9334844718597151e-28,0.5999229322939588,9.111156124914387e-05,0.399985956144792,25,30,20
24,1412,6.61669152481954e-30,0.5999248604958566,7.625104469096355e-05,0.3999988884594523,25,30,20
24,1413,5.863157347791728e-25,0.5992587451863062,0.0007542493706805829,0.3999870054430131,25,30,20
24,1414,5.863157932272364e-25,0.5991968085291485,0.0008045037039548216,0.3999986877668967,25,30,20
24,1415,6.163668882301588e-32,0.5999494911791394,5.18171341024953e-05,0.3999986916867578,25,30,20
24,1416,9.726105547453662e-30,0.5999613288849733,5.337076631837591e-05,0.39998530034870833,25,30,20
24,1417,1.9007446570197592e-28,0.5999984183930243,5.210927352531124e-05,0.39994947233345035,25,30,20
24,1418,9.731064091726165e-30,0.5999973647783271,3.784111893387048e-06,0.3999988511097794,25,30,20
24,1419,1.8703029659861292e-28,0.5999615410137882,4.024114994765035e-05,0.3999982178362639,25,30,20
24,1420,2.1123471043210862e-26,0.5999990848211738,2.041940691190875e-06,0.399998873238135,25,30,20
24,1421,5.5766200382502275e-28,0.5999621773242914,0.0007523675107353592,0.3992854551649731,25,30,20
24,1422,3.041710131820531e-25,0.577654239252372,0.023097842145817688,0.3992479186018103,25,30,20
24,1423,1.0831273314026608e-26,0.597974231378457,0.002026675545918184,0.39999909307562476,25,30,20
24,1424,1.1011673934160087e-26,0.5979982098368207,0.0020160653668172697,0.39998572479636196,25,30,20
24,1425,1.0653605716765588e-26,0.5992476984036746,0.000754076111627039,0.3999982254846984,25,30,20
24,1426,1.0470034037823118e-26,0.5992476982796563,0.0007529810822045267,0.39999932063813903,25,30,20
24,1427,1.065682526697869e-26,0.5992839282063754,0.0007160967423130399,0.39999997505131135,25,30,20
24,1428,1.0656774901583272e-26,0.5992588999870848,0.0007426395509459227,0.3999984604619693,25,30,20
24,1429,1.9318692653183282e-28,0.5992476833225671,0.0007657583718258805,0.3999865583056069,25,30,20
24,1430,1.9329596206402897e-28,0.5992722499332517,0.0007407370625395213,0.3999870130042087,25,30,20
24,1431,1.04670414105568e-26,0.5992608357668048,0.0007769593520486788,0.3999622048811466,25,30,20
24,1432,1.1816913558160898e-31,0.5999617493636399,7.583388356184462e-05,0.3999624167527982,25,30,20
24,1433,1.9024008786932176e-28,0.5992854131380074,0.000715481809971037,0.39999910505202135,25,30,20
24,1434,1.8696597056262465e-28,0.5992854245002008,0.0007527842495062005,0.3999617912502928,25,30,20
24,1435,1.8719200719215552e-28,0.5992851479588508,0.0007537198537500124,0.39996113218739915,25,30,20
24,1436,1.938358346430176e-21,0.5999983922601498,1.4811255699537252e-05,0.3999867964841505,25,30,20
24,1437,1.046692861692812e-26,0.599285425281393,0.0007765385097493285,0.39993803620885765,25,30,20
24,1438,1.9019245490090073e-28,0.5999127576172841,0.00014964951194024203,0.39993759287077557,25,30,20
24,1439,1.7636402834488675e-16,0.5999490398672915,0.021131563142194835,0.37891939699051336,25,30,20
24,1440,1.1937416642329894e-24,0.5999604427452193,6.639408110343556e-05,0.39997316317367704,25,30,20
24,1441,5.973267596038507e-25,0.5999600109070387,9.07700346461014e-05,0.39994921905831526,25,30,20
24,1442,1.905284014372499e-28,0.5999608811652175,5.275018317034169e-05,0.399986368651612,25,30,20
24,1443,1.0656997739822422e-26,0.5979375728780613,0.002076058546977287,0.3999863685749614,25,30,20
24,1444,6.616726004619434e-30,0.5999729398623166,2.7728204078086803e-05,0.3999993319336052,25,30,20
24,1445,6.67412769845832e-30,0.5999744594130075,0.0007894899985965039,0.3992360505883959,25,30,20
24,1446,3.4006106651551707e-23,0.5999997636341258,3.827779904976101e-05,0.3999619585668243,25,30,20
24,1447,1.9334364838310819e-28,0.5999369680443292,6.371864406654802e-05,0.3999993133116041,25,30,20
24,1448,3.4556268454927956e-30,0.5999740530924356,2.684598535133037e-05,0.39999910092221297,25,30,20
24,1449,3.455781230053726e-30,0.599973368223932,3.939141539514009e-05,0.39998724036067285,25,30,20
24,1450,6.787318743324815e-30,0.5999860928728339,2.7973720458699702e-05,0.39998593340670746,25,30,20
24,1451,1.965781631679106e-28,0.5999856755097112,5.255597900228706e-05,0.3999617685112864,25,30,20
24,1452,3.4602901138355525e-23,0.5999738251917165,6.333386528376342e-05,0.3999628409429996,25,30,20
24,1453,6.068977720214625e-25,0.5999733940074059,2.819039563048846e-05,0.3999984155969636,25,30,20
24,1454,1.0656829296891146e-26,0.5999611309752414,4.110145196983285e-05,0.3999977675727886,25,30,20
24,1455,3.401677941245473e-23,0.5998644089314422,0.04017465945589364,0.359960931612664,25,30,20
24,1456,3.399602315250074e-23,0.5999239815801523,0.040077330124678914,0.3599986882951688,25,30,20
24,1457,5.966082452456511e-25,0.5992858828007949,0.04071435713704518,0.35999976006215983,25,30,20
24,1458,6.276382536595406e-25,0.5992979675063868,0.04141570155875436,0.35928633093485907,25,30,20
24,1459,1.0667604431732088e-19,0.5972850456317338,0.06308504959868676,0.3396299047695795,25,30,20
24,1460,1.9717371315890753e-21,0.597972515399936,0.06240991045309168,0.3396175741469722,25,30,20
24,1461,3.5907880989457384e-16,0.599307247652174,0.08005298791974667,0.3206397644280785,25,30,20
24,1462,1.1055388304637463e-19,0.5979038248813999,0.08208410657008666,0.32001206854851316,25,30,20
24,1463,2.210069187167015e-19,0.5992352005457245,0.08076461034036173,0.3200001891139136,25,30,20
24,1464,1.105884633656521e-19,0.5992587518257837,0.08074192385824365,0.3199993243159726,25,30,20
24,1465,2.228433003730305e-19,0.5998881604930043,0.08011294664367544,0.31999889286332006,25,30,20
24,1466,1.0854754386524813e-19,0.5999119017071876,0.08008855800123095,0.3199995402915812,25,30,20
24,1467,3.4613374713858525e-23,0.5992854442270086,0.08071457973134294,0.3199999760416484,25,30,20
24,1468,5.62300335606843e-20,0.5992611252152191,0.0807341653951143,0.32000470938966624,25,30,20
24,1469,1.7945612896412497e-16,0.5992358289178652,0.08076539728272795,0.3199987737994064,25,30,20
24,1470,3.400648663817158e-23,0.5998762816641394,0.08083760730587007,0.31928611102999044,25,30,20
24,1471,3.4037330005073914e-23,0.5972610484768186,0.08342928612731434,0.31930966539586697,25,30,20
24,1472,3.40066672024438e-23,0.5999248719820478,0.08007494727990089,0.32000018073805103,25,30,20
24,1473,8.968744984968186e-17,0.5992863750385876,0.0707205218586881,0.3299931031027241,25,30,20
24,1474,8.968743256357194e-17,0.5996252798218704,0.0704187280701683,0.3299559921079613,25,30,20
24,1475,6.2976922879490185e-18,0.5992589108875815,0.12039691997781281,0.2803441691346052,25,30,20
24,1476,9.861846111142625e-22,0.6203423228793238,0.06108605965546596,0.31857161746521034,25,30,20
24,1477,3.0945899898508476e-18,0.6003311490347529,0.08109702888277356,0.31857182208247303,25,30,20
24,1478,3.1747675830415166e-18,0.6003336688507086,0.08038040543419489,0.31928592571509645,25,30,20
24,1479,3.174802175279711e-18,0.6003216070661749,0.08039205810448777,0.3192863348293373,25,30,20
24,1480,1.971748234906045e-21,0.5999129504839182,0.08008709148001775,0.3199999580360638,25,30,20
24,1481,1.1581398175515733e-26,0.6399358226330265,0.04007738373000758,0.31998679363696586,25,30,20
24,1482,8.922812999755151e-25,0.6379980095277341,0.06217895506688776,0.29982303540537797,25,30,20
24,1483,6.802342322247525e-23,0.6380107456103743,0.042716273624883075,0.31927298076474253,25,30,20
24,1484,6.802342628026125e-23,0.616975227720556,0.06375284838462593,0.31927192389481795,25,30,20
24,1485,6.741620003587743e-23,0.6386165875709766,0.04138409146173644,0.3199993209672867,25,30,20
24,1486,2.1126855009336119e-26,0.6399608853988226,0.04003935420886691,0.31999976039231043,25,30,20
24,1487,2.046097928080632e-14,0.6399615185486833,0.04003849370245843,0.31999998774883764,25,30,20
24,1488,2.046097928080641e-14,0.6192820880849561,0.06073111046780522,0.31998680144721803,25,30,20
24,1489,1.7898082456566648e-24,0.6392245610226079,0.04080050571171179,0.3199749332656802,25,30,20
24,1490,5.967854948907667e-25,0.6399733760532055,3.896344555567601e-05,0.35998766050123876,25,30,20
24,1491,1.0840507021559898e-26,0.639986736438868,1.440141896265965e-05,0.35999886214216914,25,30,20
24,1492,1.8123037735356715e-28,0.6372865045739677,0.0027143981576952104,0.3599990972683369,25,30,20
24,1493,3.4006293334655145e-23,0.6392856441894217,0.0007143875378870478,0.35999996827269115,25,30,20
24,1494,1.3230209591391352e-29,0.6392858598502417,0.0007146298427392358,0.35999951030701893,25,30,20
24,1495,9.839160243284489e-30,0.6399624193780163,3.7626907144591265e-05,0.3599999537148389,25,30,20
24,1496,3.5131871483031285e-30,0.6399485479423014,8.86371678408922e-05,0.35996281488985765,25,30,20
24,1497,3.737621215019243e-28,0.6391990895130213,0.0008011913152976448,0.3599997191716809,25,30,20
24,1498,1.9335545179787322e-28,0.639285651521612,0.0007157056452930305,0.35999864283309485,25,30,20
24,1499,1.8702638295625808e-28,0.6392470273765164,0.0007536437500508418,0.3599993288734325,25,30,20
24,1500,3.4006288600342325e-23,0.6392336479278693,0.021148341969526894,0.33961801010260373,25,30,20
24,1501,3.0930481908314196e-25,0.6392228657977735,0.02152788870267055,0.3392492454995558,25,30,20
24,1502,3.1938319711263346e-26,0.6392230802168578,0.04152730312447714,0.319249616658665,25,30,20
24,1503,2.130409183237875e-26,0.6399857286748859,0.04005123632047061,0.31996303500464335,25,30,20
24,1504,2.167134730865249e-26,0.6399871984543407,0.040025791863058345,0.3199870096826007,25,30,20
24,1505,3.7093332735610704e-28,0.6799627980333637,3.7445771684313826e-05,0.3199997561949521,25,30,20
24,1506,1.0650438847429781e-26,0.679272495825513,0.000728005103368443,0.3199994990711185,25,30,20
24,1507,5.9659870261365645e-25,0.6792357655796534,0.0007651405319535666,0.31999909388839287,25,30,20
24,1508,6.068787187841768e-25,0.679972942377179,7.824023160880724e-05,0.31994881739121217,25,30,20
24,1509,6.070652294264085e-25,0.6799723329710686,5.318441399048549e-05,0.3199744826149408,25,30,20
24,1510,1.0647219414730449e-26,0.6799488196265722,0.00010152115554210362,0.3199496592178857,25,30,20
24,1511,3.399510237450202e-23,0.6799850695615841,1.4964838924818546e-05,0.31999996559949095,25,30,20
24,1512,1.0463483954109284e-26,0.6799859366414533,1.4726913420764621e-05,0.3199993364451257,25,30,20
24,1513,4.623244848855071e-28,0.6599933820616104,0.020007925983424924,0.3199986919549647,25,30,20
24,1514,1.902996906187137e-28,0.6779859171726055,0.00201433758984583,0.3199997452375484,25,30,20
24,1515,3.7386545817063522e-28,0.6772455731491489,0.0027548979992967266,0.3199995288515542,25,30,20
24,1516,3.675909606669874e-28,0.6772833183184985,0.002754253368298555,0.31996242831320265,25,30,20
24,1517,1.0834062179419113e-26,0.6792444819202993,0.0027561934467253703,0.3179993246329751,25,30,20
24,1518,1.0653658314521087e-26,0.6779347629472859,0.0020659123531544784,0.3199993246995594,25,30,20
24,1519,3.397143757816283e-30,0.6799233412765777,0.00011466983390999697,0.3199619888895122,25,30,20
24,1520,1.306074143432437e-29,0.6792476747341126,0.0007532051918008795,0.3199991200740865,25,30,20
24,1521,1.628223816522701e-29,0.6792479290127662,0.0007659363490588127,0.31998613463817493,25,30,20
24,1522,6.624691523431812e-30,0.6799248680435264,8.811495645750008e-05,0.3199870170000161,25,30,20
24,1523,1.047331309083081e-26,0.6799498624654844,5.019146124848548e-05,0.3199999460732672,25,30,20
24,1524,1.065060921288809e-26,0.679948813045983,5.189616139587164e-05,0.319999290792621,25,30,20
24,1525,3.399604883153862e-23,0.6792476785160835,0.0008019772257655554,0.31995034425815067,25,30,20
24,1526,3.398540189822191e-23,0.6765348863017951,0.003502026185408327,0.3199630875127964,25,30,20
24,1527,1.0002883642123632e-29,0.6596410818867825,0.02172658111551246,0.318632336997705,25,30,20
24,1528,3.3643126443039365e-31,0.6596538413468096,0.021714689655405347,0.31863146899778494,25,30,20
24,1529,3.3377358559533725e-30,0.6596538523183858,0.020346387696100615,0.31999975998551355,25,30,20
24,1530,1.0476582501460556e-26,0.6799859317934004,0.0033821671010461404,0.3166319011055533,25,30,20
24,1531,1.0663270291603692e-26,0.6799729609140824,2.772262865596068e-05,0.3199993164572614,25,30,20
24,1532,1.0479698692405045e-26,0.6786042310480177,0.001396421790842478,0.3199993471611396,25,30,20
24,1533,3.769232881849431e-28,0.6799847918423599,5.2783750245261565e-05,0.3199624244073947,25,30,20
24,1534,1.3341292601962986e-29,0.6799863151124623,1.5674792964566083e-05,0.319998010094573,25,30,20
24,1535,1.3233215928924817e-29,0.6799606651636553,4.002888629264522e-05,0.3199993059500519,25,30,20
24,1536,3.4006654146884844e-23,0.6799997137745661,3.789187138500954e-05,0.3199623943540486,25,30,20
24,1537,3.4017301067675864e-23,0.6799116700239284,0.0001623667946088492,0.31992596318146244,25,30,20
24,1538,1.0653935845570005e-26,0.679998835264343,3.831993820661066e-05,0.31996284479745024,25,30,20
24,1539,1.0850225976374666e-26,0.6799366791936033,6.359104811752012e-05,0.319999729758279,25,30,20
24,1540,1.0657050234894402e-26,0.6799492259273697,5.147622832655038e-05,0.3199992978443036,25,30,20
24,1541,1.0653771282856873e-26,0.6595923199465622,0.020407961151415684,0.3199997189020219,25,30,20
24,1542,1.9013385342907486e-28,0.6596411029514977,0.02035978874390638,0.319999108304596,25,30,20
24,1543,9.672579793003221e-30,0.679949035872646,5.1632185095885636e-05,0.319999331942258,25,30,20
24,1544,1.047647791388537e-26,0.6799742392236222,2.6663766821729326e-05,0.31999909700955614,25,30,20
24,1545,1.0476363940531096e-26,0.6799248451989421,7.603473041222857e-05,0.31999912007064546,25,30,20
24,1546,1.9007046599290333e-28,0.679900696624886,0.00010125153887458751,0.31999805183623925,25,30,20
24,1547,1.8697806961963934e-28,0.6799742583577746,0.03003938289805295,0.28998635874417233,25,30,20
24,1548,1.8456298284240486e-28,0.6499246183369053,0.06008899673444519,0.2899863849286494,25,30,20
24,1549,1.9371563507873183e-21,0.6792487438310295,0.04075299239439177,0.27999826377457865,25,30,20
24,1550,1.937166630464248e-21,0.6792617335143447,0.04073937349238352,0.27999889299327174,25,30,20
24,1551,1.0473478401340241e-26,0.7199505101558189,5.0820278392212066e-05,0.2799986695657886,25,30,20
24,1552,3.679642522665201e-30,0.7199871907376867,3.9607519343778833e-05,0.27997320174296947,25,30,20
24,1553,1.047020643731443e-26,0.7199867433536844,2.665990782934807e-05,0.27998659673848625,25,30,20
24,1554,1.0660269958386106e-26,0.7199733592548136,4.005191523899755e-05,0.27998658882994715,25,30,20
24,1555,1.0653774364519836e-26,0.7198872782276382,0.00011276027929540685,0.27999996149306633,25,30,20
24,1556,3.7058919529067043e-28,0.7199860802566319,1.3927942843005003e-05,0.2799999918005249,25,30,20
24,1557,1.0834064918062586e-26,0.7199864864968423,5.065293640883887e-05,0.27996286056674874,25,30,20
24,1558,2.1123693128262136e-26,0.7199977842903388,2.707037321044725e-05,0.2799751453364506,25,30,20
24,1559,1.0476425569177525e-26,0.7192580839173641,0.0014553651669695108,0.27928655091566634,25,30,20
24,1560,1.0476531728789649e-26,0.7179621434102301,0.004751294160623451,0.2772865624291461,25,30,20
24,1561,1.634374920874937e-29,0.7199990275186713,0.002001439235394727,0.27799953324593396,25,30,20
24,1562,1.934337505518779e-28,0.6996538065326401,0.022371677141713273,0.27797451632564657,25,30,20
24,1563,1.0140295545617247e-26,0.6976153765242699,0.024384874503739322,0.27799974897199076,25,30,20
24,1564,3.771470657605062e-28,0.7198762848837086,0.00012438303188375463,0.2799993320844074,25,30,20
24,1565,3.707012495020658e-28,0.7179500557790287,0.0020499598593575,0.2799999843616137,25,30,20
24,1566,1.9036739438228333e-28,0.7199873766181543,0.0020146056876970964,0.27799801769414845,25,30,20
24,1567,1.0642788376873216e-26,0.699617963247831,0.02041963114792773,0.2799624056042412,25,30,20
24,1568,5.969725644127363e-25,0.7191997327448394,0.0008009421558537838,0.27999932509930675,25,30,20
24,1569,2.9325600056710477e-25,0.6783078401304679,0.0416921642786484,0.27999999559088395,25,30,20
24,1570,5.52429254859072e-20,0.6799234171708569,0.04207659803874067,0.2779999847904023,25,30,20
24,1571,1.763887884287033e-16,0.6779735217888063,0.04168167584991217,0.28034480236128134,25,30,20
24,1572,1.6998290042438464e-23,0.6599301372416077,0.06006989705325897,0.2799999657051333,25,30,20
24,1573,1.7008576888219043e-23,0.6599668175413679,0.06003578219924644,0.2799974002593858,25,30,20
24,1574,1.759471143478787e-23,0.6599568850490907,0.060055870294212325,0.2799872446566971,25,30,20
24,1575,1.700875040385465e-23,0.6599933533849459,0.060006666077027336,0.27999998053802666,25,30,20
24,1576,3.1593320512673653e-26,0.6799233257320489,0.040077145084159854,0.27999952918379106,25,30,20
24,1577,2.1123633728360877e-26,0.6799364746977177,0.04006399944713424,0.279999525855148,25,30,20
24,1578,2.1304095140266405e-26,0.6779731742457338,0.04206420804038974,0.27996261771387637,25,30,20
24,1579,5.96975784270199e-25,0.6779856527899224,0.042027356063394104,0.27998699114668324,25,30,20
24,1580,1.971151816491118e-21,0.6806738375215428,0.039327481619643126,0.2799986808588141,25,30,20
24,1581,1.9714575888789497e-21,0.6591430993246186,0.060858212102695285,0.2799986885726861,25,30,20
24,1582,1.9711518197680844e-21,0.6806887292145675,0.03931195307229272,0.27999931771313963,25,30,20
24,1583,1.9705665792974015e-21,0.6799371298957979,0.040062923571135015,0.2799999465330669,25,30,20
24,1584,1.9377574390938768e-21,0.6599188900430533,0.06009411901229151,0.2799869909446553,25,30,20
24,1585,5.96782212978131e-25,0.6399243796035412,0.08010111843507517,0.2799745019613831,25,30,20
24,1586,3.398520880208734e-23,0.6399621514372389,0.04076529079524879,0.3192725577675124,25,30,20
24,1587,6.612758290665763e-30,0.6399869598754864,0.04004995227821918,0.31996308784629435,25,30,20
24,1588,8.742795442225241e-17,0.6497071851159633,0.030293443579199195,0.31999937130483735,25,30,20
24,1589,1.0650324933824108e-26,0.679913199499664,0.0001606169393670697,0.31992618356096875,25,30,20
24,1590,1.837484037858278e-28,0.6798391914048539,0.00019817166423930516,0.3199626369309067,25,30,20
24,1591,1.9024200080413226e-28,0.6799487750751413,5.1471917491009764e-05,0.31999975300736755,25,30,20
24,1592,1.9329486493500941e-28,0.6799867741897262,1.3253035453247453e-05,0.3199999727748205,25,30,20
24,1593,3.801991653076013e-28,0.6779988885640645,0.0020266405830161906,0.3199744708529192,25,30,20
24,1594,1.9985004179699988e-28,0.6792120787260001,0.0007881836864207142,0.31999973758757905,25,30,20
24,1595,1.9668600494164493e-28,0.6799502830104074,5.063885675441974e-05,0.31999907813283807,25,30,20
24,1596,3.453779268227155e-30,0.6799494267702539,5.125617214414833e-05,0.31999931705760176,25,30,20
24,1597,1.8097214211599128e-28,0.6785934582859763,0.0020981565465354453,0.31930838516748816,25,30,20
24,1598,3.610924838304214e-28,0.6785936852472951,0.0014201535996721131,0.3199861611530325,25,30,20
24,1599,1.838527061997677e-28,0.6785956249396901,0.0021549254918602164,0.31924944956844953,25,30,20
24,1600,6.613807205508979e-30,0.6799990283899272,5.061226811450191e-05,0.31995035934195826,25,30,20
24,1601,3.450703619282391e-30,0.6799613024226203,7.62622098988222e-05,0.3199624353674807,25,30,20
24,1602,3.452686388841175e-30,0.6799248565521423,0.00011270422828683411,0.3199624392195709,25,30,20
24,1603,1.0660215290057296e-26,0.6799975164714368,4.005201703867107e-05,0.31996243151152454,25,30,20
24,1604,5.967884862587669e-25,0.6799988197622358,2.0677411557596674e-06,0.31999911249660834,25,30,20
24,1605,5.524352658901208e-20,0.6599981706595446,0.020040026642938472,0.31996180269751706,25,30,20
24,1606,5.3366106546098065e-27,0.6596108986758135,0.02042796154201803,0.3199611397821683,25,30,20
24,1607,2.8674905893821384e-28,0.659954963020417,0.020046591122024397,0.3199984458575584,25,30,20
24,1608,4.70264378618557e-28,0.6599556105273936,0.02004529220069827,0.31999909727190795,25,30,20
24,1609,4.623269086250214e-28,0.6792852579450133,0.02075804690395899,0.29995669515102763,25,30,20
24,1610,6.2918498307594625e-18,0.6792845913127813,0.0007536313199019805,0.3199617773673165,25,30,20
24,1611,1.065394058114695e-26,0.6792854399058011,0.0007286108038723983,0.3199859492903264,25,30,20
24,1612,3.39956559584787e-23,0.6799127460521691,8.813786478042995e-05,0.3199991160830502,25,30,20
24,1613,9.603097871251435e-22,0.6402979461771448,0.04039214957099085,0.31930990425186434,25,30,20
24,1614,2.094339733985139e-26,0.6392464213507614,0.0427540307284592,0.3179995479207793,25,30,20
24,1615,6.173580127123987e-25,0.639272480743358,0.04076486704285047,0.31996265221379117,25,30,20
24,1616,1.1045186542983027e-19,0.6399846183330178,0.0408028357056079,0.3192125459613743,25,30,20
24,1617,3.147904097993217e-18,0.6399844110250429,0.040052734368383094,0.3199628546065741,25,30,20
24,1618,3.1479040985410426e-18,0.6399854716725667,0.04143184415293862,0.31858268417449453,25,30,20
24,1619,6.2938179711478754e-18,0.6392120717017675,0.043539561771634955,0.31724836652659755,25,30,20
24,1620,6.293817970964251e-18,0.6399863606435536,0.04002727390813261,0.31998636544831355,25,30,20
24,1621,3.284413272279158e-23,0.6399487832083972,0.04009962915449444,0.31995158763710846,25,30,20
24,1622,2.1310542736498726e-26,0.6399740087892244,0.04003920091281112,0.3199867902979644,25,30,20
24,1623,2.0461308761722386e-14,0.6399740156508983,0.040076530625174335,0.3199494537239068,25,30,20
24,1624,1.0141560306019958e-14,0.6590852525253408,0.020965922825889716,0.3199488246487594,25,30,20
24,1625,1.084090066499046e-26,0.6799861172705784,8.878302426005003e-05,0.3199250997051616,25,30,20
24,1626,1.0834180909579044e-26,0.6799871631061494,5.040857117985579e-05,0.31996242832267063,25,30,20
24,1627,2.1120356510085072e-26,0.6799496420979225,8.79374273360972e-05,0.31996242047474127,25,30,20
24,1628,5.474616794541714e-20,0.6597817483731439,0.020281961582824047,0.319936290044032,25,30,20
24,1629,6.07262022088662e-25,0.6799973115859936,4.029799010133908e-05,0.31996239042390484,25,30,20
24,1630,1.9008375981361915e-28,0.6799977665015607,0.002051483920949929,0.31795074957748914,25,30,20
24,1631,2.3313869872248863e-31,0.6799988432986815,0.0007521618167963307,0.31924899488452213,25,30,20
24,1632,5.9660819243467655e-25,0.6772481079749741,0.0028266102273568545,0.319925281797669,25,30,20
24,1633,1.9041534649539935e-28,0.6779492258703627,0.002052968719606327,0.3199978054100309,25,30,20
24,1634,1.938337783293137e-21,0.6406525992603281,0.039360197587401446,0.3199872031522703,25,30,20
24,1635,1.9383377833486304e-21,0.6406653315354595,0.03933558215354816,0.31999908631099244,25,30,20
24,1636,1.9432273533544013e-14,0.6400103677692341,0.03999161814620672,0.3199980140845397,25,30,20
24,1637,1.9432271595216884e-14,0.6400099105216248,0.03999100363150815,0.31999908584684755,25,30,20
24,1638,1.1048522280477874e-19,0.6799962658908468,1.6493540771726297e-05,0.3199872405683814,25,30,20
24,1639,1.1048522317192035e-19,0.6799481297250403,0.00012698222800035423,0.3199248880469595,25,30,20
24,1640,3.736997565660562e-28,0.6799496383100615,0.00010194602682615935,0.3199484156631122,25,30,20
24,1641,6.072616851435997e-25,0.6399621803923786,0.04003851432115236,0.319999305286469,25,30,20
24,1642,1.0833961985224422e-26,0.6399863459401687,0.04072711504401518,0.3192865390158161,25,30,20
24,1643,1.08308019620852e-26,0.639997796805481,0.040728422447064656,0.31927378074745427,25,30,20
24,1644,1.672074102187436e-23,0.6392862548018922,0.061059080891890084,0.2996546643062178,25,30,20
24,1645,7.178158463359725e-15,0.639986274742641,0.06668255235499226,0.29333117290235927,25,30,20
24,1646,3.584225182301491e-16,0.6399250162493043,0.07939626035439802,0.28067872339629735,25,30,20
24,1647,6.067352568607637e-25,0.679986569152863,0.03934700365856274,0.2806664271885741,25,30,20
24,1648,1.0496272092608955e-19,0.6799865535670148,0.03934680691778943,0.2806666395151956,25,30,20
24,1649,2.0063393654246403e-21,0.679972521941815,0.04002792215803477,0.2799995559001502,25,30,20
24,1650,2.006935783885486e-21,0.6799494738538876,0.04005098167696041,0.27999954446915176,25,30,20
24,1651,2.006940780888329e-21,0.6779367133776537,0.06224023576483018,0.25982305085751595,25,30,20
24,1652,2.006349632498034e-21,0.679223541901101,0.08008765705693792,0.24068880104196086,25,30,20
24,1653,6.0844434241580645e-18,0.6791628109470548,0.08155104802686829,0.23928614102607695,25,30,20
24,1654,2.9153109929459154e-13,0.6798402119151481,0.08015754777991663,0.2400022403046435,25,30,20
24,1655,2.0442440698717238e-14,0.6799125598396119,0.08011227581529258,0.23997516434507482,25,30,20
24,1656,1.975629551895337e-14,0.6802762751477505,0.08172384841462922,0.23799987643760048,25,30,20
24,1657,1.8572769921546467e-16,0.6799991635237878,0.1193249936232973,0.20067584285291454,25,30,20
24,1658,3.2367708427038714e-11,0.6800229841141449,0.11898300866191219,0.20099400719157517,25,30,20
24,1659,3.2367708531909984e-11,0.68132889262029,0.11767753192650061,0.20099357542084156,25,30,20
24,1660,1.9392658056789178e-21,0.6796577245776508,0.1196895289464554,0.20065274647589354,25,30,20
24,1661,1.9389760746270977e-21,0.6799848299058147,0.11936243125985559,0.20065273883432952,25,30,20
24,1662,1.1458399064774414e-12,0.677997781265205,0.12203913839231469,0.19996308034133406,25,30,20
24,1663,3.589704974051372e-16,0.6779479487019987,0.122052941978229,0.1999991093197716,25,30,20
24,1664,6.4206546590259e-11,0.6779615589991513,0.1216913353543587,0.20034710558228327,25,30,20
24,1665,6.641711265109691e-11,0.6999952543998816,0.10000519294126166,0.19999955259243957,25,30,20
24,1666,6.641711265109691e-11,0.69996852578879,0.10003258074816232,0.19999889339663052,25,30,20
24,1667,3.261645214129339e-11,0.69998795417971,0.08038766246739762,0.21962438332027595,25,30,20
24,1668,3.261645214032494e-11,0.680655918873123,0.09971925057570688,0.21962483051855342,25,30,20
24,1669,3.2616452142197045e-11,0.6800033650941684,0.10037203164331161,0.2196246032299031,25,30,20
24,1670,5.968018767105838e-25,0.7199477024580502,0.040077352376736534,0.23997494516521328,25,30,20
24,1671,3.338968887680191e-23,0.759272260355361,0.000727762599188567,0.23999997704545029,25,30,20
24,1672,6.673223988299251e-30,0.7399916080080121,0.020008616177398308,0.23999977581458956,25,30,20
24,1673,3.674300962625965e-28,0.7599983812590206,1.6234821430522593e-06,0.23999999525883622,25,30,20
24,1674,1.9035799541020383e-28,0.7599869404659853,1.3060421901392215e-05,0.23999999911211312,25,30,20
24,1675,2.1120307042584622e-26,0.7599614760906309,3.941485903292251e-05,0.2399991090503361,25,30,20
24,1676,1.2849414283260964e-21,0.7332427817634093,0.04893504594402855,0.2178221722925623,25,30,20
24,1677,1.9705981496818334e-21,0.7599865566165712,0.04200247016504241,0.19801097321838618,25,30,20
24,1678,1.936592043362608e-21,0.7599498808069837,0.04203869845214269,0.19801142074087383,25,30,20
24,1679,1.936581389993121e-21,0.759913435273157,0.042074511114663773,0.1980120536121791,25,30,20
24,1680,1.9365813932176248e-21,0.7599138400008444,0.04007409561737188,0.20001206438178368,25,30,20
24,1681,1.0837227096298758e-26,0.7599246285238084,0.039385944335847765,0.20068942714034374,25,30,20
24,1682,5.765895987711268e-25,0.7599860614736593,0.002070202596756207,0.23794373592958443,25,30,20
24,1683,2.0946452431090748e-26,0.759997739024181,1.5035087590387731e-05,0.23998722588822838,25,30,20
24,1684,1.047648006746461e-26,0.7599977883592104,1.5209127094689527e-05,0.23998700251369479,25,30,20
24,1685,1.0466871959358239e-26,0.7599725533133812,4.0864843882198245e-05,0.23998658184273652,25,30,20
24,1686,1.0469983429322059e-26,0.7599852771757944,3.0285679420307977e-05,0.23998443714478526,25,30,20
24,1687,1.0476424384123773e-26,0.7599615253166561,7.732325901370239e-05,0.23996115142433014,25,30,20
24,1688,9.72511513345581e-30,0.7599623623598595,3.938502013088292e-05,0.23999825262000962,25,30,20
24,1689,1.965738346403764e-28,0.7599498243031505,5.2142915448982424e-05,0.2399980327814003,25,30,20
24,1690,1.9024589745609698e-28,0.7599500436213695,5.001788129207333e-05,0.23999993849733822,25,30,20
24,1691,9.893726759158142e-30,0.7599259093034948,0.00011123818145708881,0.2399628525150479,25,30,20
24,1692,1.9668594555841534e-28,0.7599627752354284,7.47772363930278e-05,0.23996244752817847,25,30,20
24,1693,3.3940551412337094e-31,0.7382743027443514,0.021725701461767218,0.23999999579388145,25,30,20
24,1694,1.0660383949222581e-26,0.7382859202574765,0.021714550424484495,0.23999952931803886,25,30,20
24,1695,1.0851530516889552e-19,0.7585715549858847,0.0014291128036215991,0.2399993322104937,25,30,20
24,1696,1.0654000297460406e-26,0.759285167003099,0.0007148421197765148,0.2399999908771246,25,30,20
24,1697,2.0943282392312462e-26,0.7592724378117529,0.0007282300395474297,0.23999933214869956,25,30,20
24,1698,1.8369277779347835e-28,0.7599852349028027,1.4996919647810655e-05,0.23999976817754967,25,30,20
24,1699,1.084819059210689e-19,0.7592351510526855,0.0007650768452629043,0.2399997721020517,25,30,20
24,1700,1.084819059211205e-19,0.7592724808613848,0.0007277695684170017,0.23999974957019823,25,30,20
24,1701,1.084819059213448e-19,0.7572347277793119,0.0027652990902905807,0.23999997313039745,25,30,20
24,1702,5.358577772335983e-28,0.7579981941135512,0.0020393771614806854,0.23996242872496798,25,30,20
24,1703,5.965953671736842e-25,0.7206631938873717,0.03933681783334631,0.239999988279282,25,30,20
24,1704,5.965955357743515e-25,0.7199602670371296,0.04003974174786389,0.23999999121500665,25,30,20
24,1705,3.6796776034784987e-28,0.7199600133528609,0.042040005900065534,0.23799998074707354,25,30,20
24,1706,1.8445669940180288e-28,0.7199619718596597,0.04203871390312997,0.23799931423721035,25,30,20
24,1707,9.843212754724395e-30,0.7199624072227837,0.040037631408819704,0.2399999613683966,25,30,20
24,1708,1.7148852069643364e-23,0.7199544543254051,0.040045572604983495,0.23999997306961154,25,30,20
24,1709,1.938338611579868e-21,0.719985476949004,0.06037275376408137,0.21964176928691448,25,30,20
24,1710,3.586413149514406e-16,0.7192245752564865,0.08009980930423417,0.2006756154392788,25,30,20
24,1711,3.4592627792035625e-23,0.7199023058572344,0.0801231888478846,0.19997450529488087,25,30,20
24,1712,3.5159268231531544e-23,0.7186153073721211,0.11139743590010283,0.16998725672777615,25,30,20
24,1713,6.183503187202996e-18,0.7206030373499707,0.07937409777488784,0.2000228648751417,25,30,20
24,1714,1.1877222620605081e-23,0.7199716163558091,0.06677280876775743,0.21325557487643362,25,30,20
24,1715,1.1866202050912981e-23,0.7199971485869024,0.0667476899591861,0.2132551614539114,25,30,20
24,1716,1.914471736443684e-21,0.7200098585332608,0.06673476761055569,0.21325537385618346,25,30,20
24,1717,1.104983025563279e-19,0.7199979709954117,0.06674687518878318,0.21325515381580495,25,30,20
24,1718,1.1049830236632003e-19,0.7199872239182745,0.06675696293826122,0.21325581314346423,25,30,20
24,1719,1.123573679399916e-19,0.7199984258147416,0.07998969961100318,0.20001187457425507,25,30,20
24,1720,1.9383586224582594e-21,0.7203332358210133,0.07965511310410152,0.20001165107488483,25,30,20
24,1721,3.4659414273930226e-16,0.7203463913211615,0.07965426880796189,0.1999993398708761,25,30,20
24,1722,3.285469187922452e-23,0.7189789948995269,0.08102252120857602,0.1999984838918971,25,30,20
24,1723,1.904353057527679e-21,0.7203326168507571,0.07897946393625228,0.20068791921299017,25,30,20
24,1724,1.940948151079212e-14,0.7203452925651308,0.041711169602952146,0.23794353783189737,25,30,20
24,1725,3.4638640016758413e-16,0.7585965874076774,0.0014405453119829478,0.2399628672803392,25,30,20
24,1726,6.674249922712431e-30,0.7599740005552854,2.6890663535230262e-05,0.23999910878117917,25,30,20
24,1727,6.167152750501361e-32,0.759999077631763,1.3699846071510283e-06,0.23999955238362974,25,30,20
24,1728,1.8368588740874726e-28,0.759998641875824,1.5860943523121674e-06,0.2399997720298235,25,30,20
24,1729,1.0470483063263415e-26,0.7592850116547405,0.0007169592419870467,0.23999802910327234,25,30,20
24,1730,5.542186371841843e-28,0.7592720490003185,0.0027650907631602724,0.23796286023652097,25,30,20
24,1731,3.7692132144764904e-28,0.7592720447747635,0.0014420410285065526,0.2392859141967298,25,30,20
24,1732,3.7053761728423436e-28,0.7592476712962948,0.0007523445434512864,0.23999998416025378,25,30,20
24,1733,1.0837178434574147e-26,0.7585726841354714,0.0014281921921764954,0.23999912367235193,25,30,20
24,1734,5.767544570841206e-25,0.7585096425212003,0.0028577930443030126,0.23863256443449657,25,30,20
24,1735,1.9035693170160514e-28,0.7592230758272953,0.0007775914432461699,0.23999933272945842,25,30,20
24,1736,1.8375129184963106e-28,0.7392803761868818,0.02071965834060934,0.2399999654725088,25,30,20
24,1737,1.9054842648001938e-21,0.7199975532003487,0.040002477669420264,0.23999996913023092,25,30,20
24,1738,1.905484444985835e-21,0.7192845561687601,0.04071548592897467,0.23999995790226517,25,30,20
24,1739,3.589722334652142e-16,0.7192830527607201,0.08071761801788012,0.1999993292213996,25,30,20
24,1740,1.905484634994617e-21,0.719924356108046,0.08007522768922255,0.2000004162027312,25,30,20
24,1741,1.9054842711349712e-21,0.7206483242025379,0.07935191845486445,0.19999975734259723,25,30,20
24,1742,2.3558957797085864e-24,0.7192347280522468,0.08074108976021228,0.20002418218754084,25,30,20
24,1743,1.0851705276839876e-19,0.7192349401056106,0.08080261928961326,0.1999624406047761,25,30,20
24,1744,3.6825633834428333e-20,0.7199600447533108,0.08006067988234715,0.19997927536434176,25,30,20
24,1745,3.938134227336561e-21,0.7200119642487413,0.08001331101862552,0.19997472473263309,25,30,20
24,1746,3.463411774984423e-23,0.7199133781327202,0.08008728134447896,0.19999934052280094,25,30,20
24,1747,1.904384729226429e-21,0.7192487092862224,0.08075132562459766,0.19999996508917992,25,30,20
24,1748,1.2040312192032246e-24,0.7199375428081325,0.08209936574032467,0.19796309145154267,25,30,20
24,1749,1.9055364266479877e-21,0.7199737726614694,0.08202623186519226,0.19799999547333827,25,30,20
24,1750,1.0858160870368165e-19,0.7206772329274483,0.0793227980615379,0.19999996901101372,25,30,20
24,1751,5.667688280697813e-20,0.7199497951147178,0.06022736404406042,0.2198228408412217,25,30,20
24,1752,5.667688282302433e-20,0.7199743717163521,0.06020281050465831,0.21982281777898932,25,30,20
24,1753,5.47828245195226e-20,0.7199488972304104,0.0469724810140363,0.23307862175555336,25,30,20
24,1754,1.6073064533474262e-26,0.7179630523604088,0.0220405553158165,0.2599963923237747,25,30,20
24,1755,5.236011325873298e-27,0.7199871756229732,0.02001597381585292,0.25999685056117394,25,30,20
24,1756,3.7398725049265373e-28,0.7199121058684307,8.791363264102709e-05,0.27999998049892816,25,30,20
24,1757,3.7721625195757646e-28,0.7179004454600628,0.002112980541964514,0.27998657399797244,25,30,20
24,1758,1.083434469091145e-26,0.7199481496498873,8.964187162150455e-05,0.279962208478491,25,30,20
24,1759,1.0640843610545276e-26,0.7199858950943375,5.102085105376054e-05,0.27996308405460857,25,30,20
24,1760,3.7381583787349937e-28,0.7199494299417902,6.33292260429066e-05,0.2799872408321666,25,30,20
24,1761,1.8391293474731232e-28,0.71999931208538,7.146641756529686e-07,0.27999997325044435,25,30,20
24,1762,6.731690619947057e-30,0.7199984299161035,2.6731172798930814e-06,0.2799988969666166,25,30,20
24,1763,1.0463741618163978e-26,0.6989030830016867,0.021097383433917934,0.2799995335643952,25,30,20
24,1764,1.0650591469282372e-26,0.6996138905791278,0.02038679635507298,0.2799993130657991,25,30,20
24,1765,2.147823893183499e-26,0.6792116384550786,0.04078902972869788,0.27999933181622344,25,30,20
24,1766,3.175481636467838e-26,0.6799242072325379,0.04007690709389566,0.2799988856735664,25,30,20
24,1767,1.0837403450211334e-26,0.6799973863212255,0.040003084105379234,0.2799995295733953,25,30,20
24,1768,6.067083192412393e-25,0.6792580616077375,0.040791181292381046,0.2799507570998815,25,30,20
24,1769,2.0870490489753297e-18,0.6931817675472299,0.028819131445286143,0.2779991010074838,25,30,20
24,1770,1.9371563387098248e-21,0.7199356336844684,0.0020652500156188953,0.2779991162999125,25,30,20
24,1771,5.965955902415497e-25,0.7199604560262813,3.9586398200009076e-05,0.2799999575755186,25,30,20
24,1772,3.450686218745049e-30,0.7199615252724417,3.850951622554621e-05,0.27999996521133264,25,30,20
24,1773,3.39921251034768e-30,0.7199979787004736,2.257453595036556e-06,0.2799997638459312,25,30,20
24,1774,7.345041944488056e-28,0.7199723106248084,2.881917392080558e-05,0.2799988702012707,25,30,20
24,1775,5.574974276958482e-28,0.7199854480849432,2.8610986596533866e-05,0.2799859409284601,25,30,20
24,1776,5.77241490727181e-25,0.7199996914295212,0.002000982968974336,0.27799932560150425,25,30,20
24,1777,5.669616927930042e-25,0.7199990587660597,0.0040016268007927154,0.2759993144331474,25,30,20
24,1778,6.67417917286794e-30,0.7199981797808681,3.7760756875919042e-06,0.2799980441434443,25,30,20
24,1779,3.706476586186572e-28,0.7199983804768815,3.5749856483616086e-06,0.2799980445374701,25,30,20
24,1780,1.9030243269280506e-28,0.7199623665821919,3.8293497005070936e-05,0.279999339920803,25,30,20
24,1781,5.606108560714035e-28,0.7192853903641757,0.000752162440125519,0.27996244719569857,25,30,20
24,1782,3.7048412249162973e-28,0.719235364171125,0.000839099903575962,0.279925535925299,25,30,20
24,1783,1.9674340593262266e-28,0.7199118664687033,0.00012505339777395272,0.2799630801335224,25,30,20
24,1784,1.8702038725305242e-28,0.7199984368522182,3.849424799043886e-05,0.2799630688997912,25,30,20
24,1785,6.512219721166602e-30,0.7179612943946526,0.0020389451452131947,0.27999976046013403,25,30,20
24,1786,2.359946385960003e-28,0.7179358229633541,0.03206528802505202,0.2499988890115937,25,30,20
24,1787,1.900849267346143e-28,0.7152701464786247,0.044729888159527526,0.23999996536184753,25,30,20
24,1788,1.0669492783077103e-26,0.7179725606281927,0.04204086144554583,0.23998657792626132,25,30,20
24,1789,1.0666330833021738e-26,0.7179485771239935,0.04211382166721281,0.23993760120879365,25,30,20
24,1790,5.8669260229641985e-25,0.7192084486045696,0.04079221904498451,0.2399993323504459,25,30,20
24,1791,1.9674262346214417e-28,0.7199986183577054,0.04000140558891741,0.23999997605337714,25,30,20
24,1792,3.339978826520921e-23,0.7192850194234996,0.04075189697656056,0.23996308359993979,25,30,20
24,1793,5.588985247946092e-28,0.7202965590661313,0.039740346270043296,0.23996309466382543,25,30,20
24,1794,1.8610958808845174e-09,0.7199552639913648,0.040052079084600935,0.2399926550629382,25,30,20
24,1795,1.8610958808845174e-09,0.7200035821704104,0.04002793303017278,0.2399684829383209,25,30,20
24,1796,1.8610958808845174e-09,0.7199682076727137,0.040062655782290714,0.2399691346838997,25,30,20
24,1797,1.0465220925965081e-26,0.7199502979280153,0.04004360173814667,0.240006100333838,25,30,20
24,1798,1.0468501007722336e-26,0.7199257049833947,0.040068857532659485,0.24000543748394582,25,30,20
24,1799,3.293450237654532e-11,0.7199868732811919,0.040007897641209655,0.2400052290446638,25,30,20
24,1800,1.10207461918035e-26,0.7199973191599571,0.040003136097837164,0.2399995447422056,25,30,20
24,1801,3.740386933656783e-28,0.7199979925195272,0.04000265977806668,0.23999934770240586,25,30,20
24,1802,5.967983738604742e-25,0.7199994674101656,0.04000119299426274,0.23999933959557146,25,30,20
24,1803,3.3985041058211305e-23,0.7206655051905528,0.03937270221698932,0.23996179259245787,25,30,20
24,1804,3.399531818096837e-23,0.7199979746360968,0.040028785175538345,0.23997324018836466,25,30,20
24,1805,3.4011452697329755e-23,0.698939950713472,0.06109782558555109,0.23996222370097667,25,30,20
24,1806,3.461869809928243e-23,0.6589153233212827,0.10119496144201373,0.23988971523670308,25,30,20
24,1807,5.156143640685451e-27,0.6596536152365927,0.0604202051993048,0.2799261795641024,25,30,20
24,1808,1.684809419981574e-23,0.6399864261506224,0.06023355162562736,0.29978002222375005,25,30,20
24,1809,1.74443319766249e-23,0.6399985285554465,0.06022358243524665,0.29977788900930696,25,30,20
24,1810,3.121007078310197e-18,0.6403086447859668,0.06044839930258486,0.2992429559114483,25,30,20
24,1811,2.1289521200705573e-25,0.6512940624001504,0.048712690913647425,0.2999932466862022,25,30,20
24,1812,2.1262647123383705e-25,0.6533315574300734,0.028095863776264052,0.3185725787936626,25,30,20
24,1813,1.047992203844784e-26,0.6799735497821444,0.021084700826212926,0.2989417493916426,25,30,20
24,1814,5.9661164120150335e-25,0.6799861136082691,2.6635121059981655e-05,0.31998725127067074,25,30,20
24,1815,1.0837230058318783e-26,0.6799970924019714,2.9466355059740644e-06,0.31999996096252253,25,30,20
24,1816,3.403769975449406e-23,0.6400083727296331,0.03999318207957307,0.3199984451907935,25,30,20
24,1817,2.093994998250174e-26,0.6392481263817044,0.04075318963099246,0.3199986839873032,25,30,20
24,1818,2.1303982032907224e-26,0.6399612943789711,0.04003916147605295,0.31999954414497606,25,30,20
24,1819,1.0470091577369709e-26,0.6399615144248982,0.04003916074050892,0.31999932483459287,25,30,20
24,1820,6.189211042444468e-18,0.6399010938588813,0.040099145747365166,0.3199997603937535,25,30,20
24,1821,5.760581650512243e-25,0.6785088417084192,0.0015045691431987052,0.3199865891483819,25,30,20
24,1822,1.0482976497593158e-26,0.6799857235037706,2.7687606887620918e-05,0.3199865888893417,25,30,20
24,1823,1.6280274263033e-29,0.6799606766531116,7.691802590248224e-05,0.31996240532098574,25,30,20
24,1824,6.675207891443879e-30,0.6799990887857537,2.2572698621683373e-06,0.3199986539443841,25,30,20
24,1825,1.9358253293524253e-28,0.6799990688572385,1.633501253705017e-06,0.3199992976415077,25,30,20
24,1826,1.0644066152490129e-26,0.6799373342598034,6.312905035267799e-05,0.31999953668984366,25,30,20
24,1827,5.51053478300499e-28,0.6779615479979154,0.002051662213911717,0.31998678978817285,25,30,20
24,1828,3.400610976600009e-23,0.6799619532424847,5.1677787109497284e-05,0.3199863689704058,25,30,20
24,1829,6.726820160826521e-30,0.6799984149862414,2.6815240391328526e-06,0.31999890348971943,25,30,20
24,1830,6.84183788524143e-30,0.6799986568795527,3.893379237382274e-05,0.31996240932807335,25,30,20
24,1831,1.9711406195450965e-21,0.6393079095247088,0.04070464939627939,0.3199874410790118,25,30,20
24,1832,3.4006856923901973e-23,0.639285007485498,0.04071587675546798,0.319999115759034,25,30,20
24,1833,3.400667013559494e-23,0.6392601990508283,0.04074069236781488,0.31999910858135666,25,30,20
24,1834,1.9426397236583646e-14,0.6406372887443486,0.03937550870393915,0.31998720255169266,25,30,20
24,1835,1.0858265965367104e-19,0.6399487727740895,0.040077593397694226,0.31997363382821614,25,30,20
24,1836,1.0858265982441236e-19,0.639974034866016,0.040052539391322445,0.3199734257426616,25,30,20
24,1837,1.0858264954778018e-19,0.6392984252783469,0.04073957472187829,0.3199619999997747,25,30,20
24,1838,1.085826499085917e-19,0.6392366897446408,0.04080025672008789,0.3199630535352713,25,30,20
24,1839,1.0867989284094907e-27,0.6372729306038206,0.04280219332074384,0.3199248760754358,25,30,20
24,1840,7.228779337335847e-28,0.6379977855866685,0.042077561706720175,0.31992465270661125,25,30,20
24,1841,3.3975659780292576e-23,0.6400100704690268,0.0407188732475604,0.31927105628341274,25,30,20
24,1842,3.455609823871026e-30,0.6799254739558772,7.542490829243545e-05,0.31999910113583035,25,30,20
24,1843,1.838038271611917e-28,0.6799619611452574,3.871396072293401e-05,0.31999932489401944,25,30,20
24,1844,3.673774568807763e-28,0.6792474482333064,0.000766386618304531,0.31998616514838896,25,30,20
24,1845,9.527680376245373e-22,0.6588915773101922,0.021147293882981085,0.3199611288068265,25,30,20
24,1846,3.641510549803392e-28,0.6792724355444594,0.0007288724944832237,0.3199986919610574,25,30,20
24,1847,1.8058233056434228e-28,0.6792373376487891,0.0007639818302762111,0.3199986805209346,25,30,20
24,1848,1.04637118691741e-26,0.679962408146546,3.761946238845947e-05,0.31999997239106565,25,30,20
24,1849,1.6117249495089944e-29,0.6779617416174374,0.002038304800454443,0.31999995358210803,25,30,20
24,1850,1.9313596313730956e-28,0.6772863106466147,0.002713712970398854,0.31999997638298633,25,30,20
24,1851,1.9030455449527792e-28,0.6779993078541421,0.002728199087326425,0.3192724930585313,25,30,20
24,1852,5.574449086653075e-28,0.6772971293376852,0.0027178048538760297,0.3199850658084389,25,30,20
24,1853,5.607735231339114e-28,0.6779865203807066,0.002028201544172326,0.31998527807512106,25,30,20
24,1854,5.60646669659493e-28,0.6799125637606754,0.00010128311748892057,0.31998615312183587,25,30,20
24,1855,5.542066667356717e-28,0.6799367291061883,6.460937190927904e-05,0.3199986615219025,25,30,20
24,1856,5.509334891879734e-28,0.6792355836479043,0.0008022113913986057,0.31996220496069705,25,30,20
24,1857,3.6731731711039094e-28,0.6785603575883915,0.003440529977715242,0.317999112433893,25,30,20
24,1858,5.57491647990849e-28,0.6799742393347055,0.0020391827988091825,0.3179865778664852,25,30,20
24,1859,1.9693337874990585e-21,0.6799503093694297,0.04006248408377072,0.2799872065467994,25,30,20
24,1860,3.527795094500899e-16,0.6799125604705621,0.04010044113857497,0.2799869983908625,25,30,20
24,1861,3.527795094497231e-16,0.6799621962542826,0.040038478641746915,0.2799993251039702,25,30,20
24,1862,3.342036140049794e-23,0.6806149615777503,0.03938678947156641,0.2799982489506832,25,30,20
24,1863,3.4101822737822077e-16,0.68065236797097,0.039348739043226305,0.27999889298580327,25,30,20
24,1864,2.09303538057603e-26,0.6806632127875397,0.03933768999542198,0.27999909721703825,25,30,20
24,1865,3.4016766300402265e-23,0.6799856684613274,0.040014995732497144,0.2799993358061754,25,30,20
24,1866,1.938369003413316e-21,0.6398899318306586,0.08014762802380862,0.27996244014553257,25,30,20
24,1867,1.9377626592553028e-21,0.6406295064615358,0.07937160015926988,0.27999889337919426,25,30,20
24,1868,1.0647502662653757e-26,0.6406407164484311,0.0793724817375035,0.2799868018140653,25,30,20
24,1869,6.185337874582018e-18,0.6395980380964043,0.11973867270651355,0.2406632891970819,25,30,20
24,1870,6.185371263641299e-18,0.6595933670561742,0.09971741807965734,0.24068921486416855,25,30,20
24,1871,1.8566866553502818e-16,0.6799678610347383,0.07934357943938318,0.2406885595258784,25,30,20
24,1872,1.7948530120808498e-16,0.6799803620829826,0.08001946800632245,0.24000016991069434,25,30,20
24,1873,1.794833956830433e-16,0.6792788390551391,0.08072121081878132,0.23999995012607922,25,30,20
24,1874,6.0825045203015895e-18,0.6799633712590915,0.08003750807978154,0.23999912066112677,25,30,20
24,1875,3.4613000747084826e-23,0.679273124898184,0.08074026672730811,0.23998660837450764,25,30,20
24,1876,6.861946781116647e-23,0.6792860608822235,0.08142866537105264,0.2392852737467237,25,30,20
24,1877,6.860827345224901e-23,0.6792988194476581,0.08070291311344771,0.2399982674388939,25,30,20
24,1878,3.5148435413582595e-23,0.6799158617430661,0.08009817045881486,0.23998596779811887,25,30,20
24,1879,6.29575335868116e-18,0.6806762278556449,0.07933826239535781,0.2399855097489971,25,30,20
24,1880,1.1232226259595527e-19,0.6813399685903953,0.07867322965412397,0.23998680175548057,25,30,20
24,1881,1.123222626531529e-19,0.6342272713194498,0.12577446444067192,0.23999826423987783,25,30,20
24,1882,8.529103598158997e-23,0.6006569550954245,0.15934392083563212,0.23999912406894303,25,30,20
24,1883,3.295651507432218e-16,0.6026299088143888,0.1567149264791289,0.24065516470648174,25,30,20
24,1884,1.0512425746273292e-19,0.6013680932786349,0.1593450446924506,0.2392868620289143,25,30,20
24,1885,1.2604351761457848e-16,0.5713024575930832,0.18804303704519892,0.24065450536171723,25,30,20
24,1886,6.350558553472687e-18,0.5806978596268423,0.17933894979636986,0.23996319057678744,25,30,20
24,1887,6.173566388100447e-25,0.5993459430427002,0.16069118541113064,0.2399628715461689,25,30,20
24,1888,6.38107516156799e-25,0.6027074482821445,0.15736746263535498,0.23992508908250024,25,30,20
24,1889,2.171009745438609e-19,0.5606516092615206,0.19934841414539084,0.23999997659308792,25,30,20
24,1890,6.3014910919556704e-18,0.5997501249154453,0.16024981762780932,0.2400000574567441,25,30,20
24,1891,2.209872207363333e-19,0.5997759942855262,0.16023666949627074,0.2399873362182025,25,30,20
24,1892,1.1454936304657834e-12,0.6910654556894485,0.06896026297816095,0.239974281331245,25,30,20
24,1893,3.521034032765198e-23,0.6793085285991305,0.08070446562152739,0.23998700577934198,25,30,20
24,1894,6.2937535897059726e-18,0.6793083116358217,0.08070511808178116,0.23998657028239712,25,30,20
24,1895,6.293787585345419e-18,0.6792843557624119,0.0807282136037427,0.23998743063384562,25,30,20
24,1896,6.293787585164895e-18,0.6799744763894483,0.08216558548202829,0.2378599381285233,25,30,20
24,1897,5.478910220527226e-20,0.6803472974923888,0.08036613303599559,0.2392865694716153,25,30,20
24,1898,3.1757447299911395e-18,0.7001444454487392,0.06061861879197686,0.23923693575928368,25,30,20
24,1899,2.0810477256043718e-14,0.699796698575011,0.060954281405291307,0.2392490200196766,25,30,20
24,1900,1.9383695408504885e-21,0.7192712143905646,0.040729903655224484,0.2399988819542109,25,30,20
24,1901,1.9383587104601826e-21,0.7206745000474076,0.04005334444219577,0.2392721555103964,25,30,20
24,1902,3.4006470401577175e-23,0.6932663238371854,0.06677059223637576,0.23996308392643886,25,30,20
24,1903,1.1048643637078087e-19,0.6932419284936462,0.06677147437245169,0.2399865971339021,25,30,20
24,1904,3.401638947730939e-23,0.6729107081218515,0.08709103907126609,0.23999825280688214,25,30,20
24,1905,3.4036794119423177e-23,0.6911621629105213,0.068838065066488,0.2399997720229905,25,30,20
24,1906,1.7023826832170407e-23,0.7182367266203975,0.04176349768894184,0.23999977569066078,25,30,20
24,1907,3.400648673237308e-23,0.7199852690088853,0.0400151901080919,0.23999954088302292,25,30,20
24,1908,3.399620372470642e-23,0.719984207350332,0.04001601696025472,0.2399997756894133,25,30,20
24,1909,3.399620683033214e-23,0.7199729839052941,0.04002703951540759,0.2399999765792983,25,30,20
24,1910,2.0461093606876198e-14,0.7199986672712473,0.04000133314667959,0.23999999958205254,25,30,20
24,1911,2.0461093606876388e-14,0.7199239916197361,0.04207601709517407,0.23799999128506935,25,30,20
24,1912,2.046109360688685e-14,0.7199621391093387,0.040038956400315656,0.23999890449032488,25,30,20
24,1913,2.0461093606886665e-14,0.7192733561687201,0.04072729587467718,0.23999934795658207,25,30,20
24,1914,2.0461093606876205e-14,0.7185834955136688,0.04141672867425086,0.23999977581205983,25,30,20
24,1915,5.963366805265985e-25,0.7185470002233357,0.06145980206757147,0.21999319770909295,25,30,20
24,1916,9.600299423236006e-22,0.7387053902003946,0.02129528096692901,0.23999932883267647,25,30,20
24,1917,1.0653722453368831e-26,0.7598997946860295,0.002112967856944934,0.23798723745702535,25,30,20
24,1918,3.70700216653412e-28,0.7599364562678187,7.630628232955142e-05,0.23998723744985184,25,30,20
24,1919,1.0470037044594987e-26,0.7599738183285198,2.619425364586185e-05,0.23999998741783427,25,30,20
24,1920,3.738116652347568e-28,0.7599971530849347,0.0007167241883919782,0.23928612272667313,25,30,20
24,1921,1.2112850198428032e-31,0.7599621846995059,3.783852172138422e-05,0.23999997677877247,25,30,20
24,1922,1.0482973608404693e-26,0.7599977854336818,0.03931429921724941,0.20068791534906857,25,30,20
24,1923,1.0656935338682412e-26,0.7599967092979236,0.039314951152720067,0.2006883395493562,25,30,20
24,1924,5.865026967211201e-25,0.7599999550928835,0.04000091737718085,0.19999912752993534,25,30,20
24,1925,5.865025281604957e-25,0.7599992928913387,0.04000156069983302,0.19999914640882793,25,30,20
24,1926,5.971589591291305e-25,0.7599621388523247,0.04005149489226616,0.1999863662554092,25,30,20
24,1927,1.0830911724991365e-26,0.7599738263574074,0.04002641291653474,0.19999976072605757,25,30,20
24,1928,6.293887102611186e-18,0.7579498536973237,0.04205017303353053,0.19999997326914568,25,30,20
24,1929,5.143406790660179e-27,0.7579990998839748,0.0416565203075152,0.20034437980850994,25,30,20
24,1930,5.326915154107324e-27,0.7599498617936628,0.03970532263157309,0.2003448155747641,25,30,20
24,1931,5.52025937256463e-27,0.7599118671835086,0.03974353323038109,0.20034459958611034,25,30,20
24,1932,1.9371249676936276e-21,0.7599252499771815,0.04009959305461385,0.19997515696820473,25,30,20
24,1933,1.9377215692121566e-21,0.7599619305524038,0.04009982434070017,0.19993824510689603,25,30,20
24,1934,1.9371356211169646e-21,0.759961922790566,0.0400998360282856,0.19993824118114842,25,30,20
24,1935,1.937146084403744e-21,0.7396046213709622,0.06043297304515458,0.19996240558388353,25,30,20
24,1936,1.9371464485681822e-21,0.75994769049334,0.040089267125645416,0.1999630423810147,25,30,20
24,1937,1.9371354309939016e-21,0.7599619491916636,0.04003806984707932,0.19999998096125707,25,30,20
24,1938,5.958747735357153e-25,0.7599975694523721,0.040704209105091385,0.19929822144253662,25,30,20
24,1939,5.960615043676078e-25,0.7599360688333041,0.040765705471948716,0.19929822569474717,25,30,20
24,1940,5.9661480318538415e-25,0.7599129731974616,0.04008832299557941,0.19999870380695914,25,30,20
24,1941,5.966115815889053e-25,0.7599746702760334,0.0400628783971422,0.19996245132682444,25,30,20
24,1942,1.0848366326976004e-19,0.7599614690569012,0.04078864172440916,0.19924988921868958,25,30,20
24,1943,1.0848306666190962e-19,0.7599869936292153,0.040012832728570674,0.20000017364221392,25,30,20
24,1944,3.3399959075562643e-23,0.7572712035479846,0.04272903219092122,0.19999976426109395,25,30,20
24,1945,3.3996211720605167e-23,0.7572633181573639,0.0434503282288465,0.19928635361378957,25,30,20
24,1946,1.0840674600989722e-26,0.7579235905573579,0.04279005543352644,0.19928635400911535,25,30,20
24,1947,1.08438414109605e-26,0.7599954287903252,0.04071886495743135,0.19928570625224332,25,30,20
24,1948,1.0660105293288021e-26,0.7599718776266781,0.04002965364323652,0.19999846873008525,25,30,20
24,1949,2.0983928244687264e-18,0.7598920474709374,0.04010863147718867,0.1999993210518739,25,30,20
24,1950,2.0983928140021422e-18,0.7580016917695382,0.04201171501604219,0.19998659321441917,25,30,20
24,1951,1.9043737144966032e-21,0.7580113893026508,0.0420013810873652,0.199987229609984,25,30,20
24,1952,3.843276873842693e-21,0.7579865421115712,0.04206333313260381,0.199950124755825,25,30,20
24,1953,1.9383381573724293e-21,0.7599858863094773,0.04008835066603401,0.19992576302448914,25,30,20
24,1954,5.607682659158693e-28,0.7599371142227822,0.07943311988434676,0.16062976589287103,25,30,20
24,1955,3.5874949411508365e-16,0.7599498768819726,0.08007537945278333,0.15997474366524359,25,30,20
24,1956,3.5874949410462656e-16,0.759925741325749,0.08006261051860399,0.1600116481556466,25,30,20
24,1957,3.5874952809988947e-16,0.7599621729533361,0.08002618327740946,0.16001164376925395,25,30,20
24,1958,3.5874952811054604e-16,0.759260797379533,0.08076445889551255,0.1599747437249539,25,30,20
24,1959,3.5885998052997666e-16,0.7599960270986001,0.08002856964750571,0.15997540325389367,25,30,20
24,1960,4.469453168481417e-16,0.7602878911798392,0.07973735350999547,0.1599747553101648,25,30,20
24,1961,4.471680908825366e-16,0.7602999301853798,0.07973762983941313,0.15996243997520648,25,30,20
24,1962,3.5902698924471705e-16,0.7192721656686268,0.1207660273407505,0.15996180699062185,25,30,20
24,1963,3.154830793236364e-11,0.6988785515217586,0.1221387718455025,0.17898267660119027,25,30,20
24,1964,9.947556253912644e-22,0.758606269801558,0.06156783404750858,0.1798258961509334,25,30,20
24,1965,1.8742849326033778e-21,0.7606152587929593,0.0414186653693753,0.19796607583766537,25,30,20
24,1966,1.8414516121065174e-21,0.7606166922550741,0.03944525170021844,0.19993805604470719,25,30,20
24,1967,1.9371667982180634e-21,0.759925448080271,0.040136275907795706,0.19993827601193334,25,30,20
24,1968,1.902626835940616e-21,0.7599617001651637,0.04010002441753242,0.19993827541730375,25,30,20
24,1969,1.9026268360545386e-21,0.7599856714605266,0.04003915262726431,0.19997517591220906,25,30,20
24,1970,1.9026266491513013e-21,0.7599852435387906,0.04003958008618461,0.19997517637502477,25,30,20
24,1971,2.1123292708529693e-26,0.759973378760685,0.040027269293820514,0.19999935194549426,25,30,20
24,1972,2.1677337463803446e-26,0.7599979597990418,0.04000293840012994,0.199999101800828,25,30,20
24,1973,2.045479119055046e-14,0.7396425687630647,0.060357682265311415,0.19999974897160339,25,30,20
24,1974,3.2885825166296994e-23,0.7206526695587921,0.07934758891590843,0.1999997415252994,25,30,20
24,1975,3.343009165867843e-23,0.7200120102228031,0.0999941557955791,0.17999383398161775,25,30,20
24,1976,1.0017429324402237e-21,0.7579466950493966,0.062236375889865796,0.17981692906073765,25,30,20
24,1977,1.9749682732306014e-14,0.7585701247080782,0.06161293480382618,0.17981694048807584,25,30,20
24,1978,6.047649636151462e-25,0.7382475783130158,0.11193547001901698,0.14981695166796702,25,30,20
24,1979,3.4006677551822026e-23,0.7592852383502741,0.0707156451550287,0.1699991164946972,25,30,20
24,1980,3.5178418116021215e-23,0.7599503206760567,0.08003823951785666,0.16001143980608654,25,30,20
24,1981,1.1048469966171082e-19,0.7599619726400385,0.08003868330676406,0.1599993440531973,25,30,20
24,1982,6.74369388748517e-23,0.7193085490644984,0.12034685673335517,0.1603445942021462,25,30,20
24,1983,1.971784027701374e-21,0.7395808633411964,0.10041913553637666,0.16000000112242688,25,30,20
24,1984,5.8745717182939675e-18,0.7599514849369775,0.08076178721782933,0.15928672784519307,25,30,20
24,1985,1.9377729522119426e-21,0.7599505475854715,0.08142876727556234,0.15862068513896602,25,30,20
24,1986,2.1297608214865737e-26,0.7599246056888692,0.040087497786842466,0.19998789652428825,25,30,20
24,1987,6.065277418177379e-25,0.75921075649181,0.04077825068939795,0.20001099281879198,25,30,20
24,1988,6.187274999232348e-18,0.759887061996464,0.04011295370662957,0.19999998429690613,25,30,20
24,1989,3.459280823748145e-23,0.7592966413970599,0.040703597468806085,0.1999997611341339,25,30,20
24,1990,1.172475781335797e-24,0.7985940155424849,0.0014066328258211783,0.19999935163169374,25,30,20
24,1991,6.123063808629854e-25,0.79998638376773,0.020366223724713747,0.1796473925075562,25,30,20
24,1992,1.570813660560611e-26,0.7999847085832411,0.020367262314961533,0.17964802910179728,25,30,20
24,1993,9.858843038572102e-22,0.779639595439458,0.04036658170951395,0.1799938228510279,25,30,20
24,1994,2.8510958141262546e-28,0.7796527676421932,0.04035403856833366,0.17999319378947312,25,30,20
24,1995,1.906121935964363e-21,0.759948380651304,0.06005842568985842,0.17999319365883765,25,30,20
24,1996,1.905535440162438e-21,0.7606386676465346,0.06073556554172335,0.17862576681174175,25,30,20
24,1997,1.9426084515573588e-14,0.7606146264009891,0.060758955424763575,0.17862641817422784,25,30,20
24,1998,5.968113691368857e-25,0.759210331362346,0.04082747847620709,0.19996219016144695,25,30,20
24,1999,2.1300533620393332e-26,0.7599114721332586,0.0401019159091866,0.19998661195755468,25,30,20
24,2000,2.1490377851761824e-26,0.7599373262355865,0.04077611885293479,0.19928655491147856,25,30,20
24,2001,3.1483543221647904e-18,0.759992800642353,0.04000742321310808,0.199999776144539,25,30,20
24,2002,1.9037879404216657e-21,0.7600001188231852,0.04000140453245663,0.19999847664435805,25,30,20
24,2003,1.903777654025929e-21,0.759999524489724,0.040000506303191054,0.19999996920708468,25,30,20
24,2004,8.818201432918797e-17,0.7599772702722266,0.03985038123205052,0.20017234849572277,25,30,20
24,2005,1.6855615365465207e-23,0.7791112839355313,0.020901476601209584,0.19998723946325916,25,30,20
24,2006,5.966115846492273e-25,0.7999977884941901,1.5012200873067122e-05,0.19998719930493664,25,30,20
24,2007,5.967888225133877e-25,0.7992847975943476,0.000715877433122956,0.19999932497252954,25,30,20
24,2008,5.415937376152564e-27,0.779279893031191,0.02072012685555607,0.1999999801132528,25,30,20
24,2009,1.840328213648819e-28,0.7992124974749258,0.0008613075330346082,0.19992619499203948,25,30,20
24,2010,1.871345327065202e-28,0.7999259428684308,0.00014851408196992673,0.19992554304959925,25,30,20
24,2011,5.964215232152752e-25,0.7999123179805773,0.0001245912371553902,0.19996309078226726,25,30,20
24,2012,1.1933903478066881e-24,0.7998499532363484,0.00015005933771204005,0.1999999874259396,25,30,20
24,2013,5.969658995026168e-25,0.7999111851074034,8.948228087555771e-05,0.19999933261172081,25,30,20
24,2014,4.575993807480947e-28,0.7979489973962051,0.022396288906263787,0.17965471369753108,25,30,20
24,2015,4.608226974927835e-28,0.7999116722324644,0.020433394291116708,0.1796549334764187,25,30,20
24,2016,4.642127562434703e-28,0.7999127481689857,0.020468995354714154,0.17961825647629992,25,30,20
24,2017,2.771965152919438e-28,0.7999498768074429,0.02039496647669076,0.1796551567158663,25,30,20
24,2018,6.610849392033329e-30,0.7999365304630132,6.434147709014881e-05,0.19999912805989656,25,30,20
24,2019,6.61173633881459e-30,0.7998875315437702,0.0001137647901675027,0.19999870366606212,25,30,20
24,2020,1.9990842064088252e-28,0.7999466331643055,5.4466061081517634e-05,0.19999890077461305,25,30,20
24,2021,5.967950433112454e-25,0.7999964439008987,1.65614169512953e-05,0.19998699468215,25,30,20
24,2022,2.0933455219761812e-26,0.7999481489855046,5.273099147586649e-05,0.19999912002301948,25,30,20
24,2023,1.8702243710441467e-28,0.7999988416380984,2.0346848002588474e-06,0.1999991236771011,25,30,20
24,2024,3.5082996186035866e-30,0.799998849283131,2.041662895868132e-06,0.19999910905397297,25,30,20
24,2025,5.966144691741051e-25,0.7999856745220976,1.4568664746986953e-05,0.19999975681315538,25,30,20
24,2026,1.9029653555792594e-28,0.7999988301417864,3.831673911919957e-05,0.1999628531190944,25,30,20
24,2027,1.9018950074877355e-28,0.7999358289467277,6.506160519145747e-05,0.19999910944808094,25,30,20
24,2028,1.084062205805198e-26,0.7999843787140263,1.6099147665214227e-05,0.1999995221383084,25,30,20
24,2029,3.6748673614582397e-28,0.7999966712651897,4.666487239630612e-06,0.1999986622475708,25,30,20
24,2030,5.15799970737393e-23,0.7792402371708055,0.020772749010600045,0.19998701381859466,25,30,20
24,2031,1.6998193594460245e-23,0.7799536552593325,0.02004744024897215,0.19999890449169525,25,30,20
24,2032,1.900754760115405e-28,0.7999479220266761,5.296108639055855e-05,0.1999991168869333,25,30,20
24,2033,3.705366808585184e-28,0.7999742232487493,2.6038355138036194e-05,0.19999973839611254,25,30,20
24,2034,1.8379906029312673e-28,0.7999615143508474,5.188851753588935e-05,0.19998659713161654,25,30,20
24,2035,1.0650437815972817e-26,0.7999990924507806,1.496974280738317e-05,0.19998593780641186,25,30,20
24,2036,1.0653716835435133e-26,0.7999988610300812,1.5185746394832093e-05,0.19998595322352386,25,30,20
24,2037,1.0656826321414085e-26,0.7999604600637852,4.0859002466511014e-05,0.19999868093374837,25,30,20
24,2038,1.0660049815833882e-26,0.7999598049334157,4.086597938697695e-05,0.1999993290871973,25,30,20
24,2039,3.400666047391005e-23,0.7599971269039097,0.04000310837889298,0.1999997647171972,25,30,20
24,2040,3.4006660697930554e-23,0.759999263889158,0.04003767098286503,0.1999630651279768,25,30,20
24,2041,3.460325905243766e-23,0.7599858679048355,0.040014174442542044,0.1999999576526224,25,30,20
24,2042,3.461391236460655e-23,0.7599232955296324,0.04007674642590708,0.19999995804446047,25,30,20
24,2043,3.400666369544092e-23,0.7599475015484048,0.040052502665528705,0.19999999578606625,25,30,20
24,2044,5.574985581606782e-28,0.7592970687896148,0.04070402646781207,0.1999989047425728,25,30,20
24,2045,1.0653665185925569e-26,0.757198282445355,0.04280194120500301,0.19999977634964192,25,30,20
24,2046,1.0130323700782105e-26,0.7598791915959731,0.040134419485194674,0.19998638891883233,25,30,20
24,2047,1.0828048656490145e-26,0.7605921667337425,0.039421224572074,0.19998660869418342,25,30,20
24,2048,1.0469978591580898e-26,0.799949649908579,5.0369318230863134e-05,0.19999998077319028,25,30,20
24,2049,1.0656883798700675e-26,0.7999727042175493,2.7315406905510275e-05,0.1999999803755451,25,30,20
24,2050,1.900765514967277e-28,0.7992463974291968,0.0007536220645926773,0.1999999805062107,25,30,20
24,2051,1.0647162743807253e-26,0.7999860993080553,1.3916396320858627e-05,0.19999998429562382,25,30,20
24,2052,1.0828051477048996e-26,0.7606506592822061,0.040039421090562015,0.199309919627232,25,30,20
24,2053,3.5819226920699656e-28,0.7606648651118887,0.03933578705616261,0.19999934783194867,25,30,20
24,2054,3.1219661947985883e-18,0.7401560611027559,0.05985668987957867,0.19998724901766532,25,30,20
24,2055,3.1210061855092184e-18,0.7603071434149355,0.039705596529038434,0.19998726005602613,25,30,20
24,2056,3.1210061853265505e-18,0.7336011277382526,0.06641184700412944,0.19998702525761786,25,30,20
24,2057,6.033358306534196e-17,0.7267330333006891,0.07327971763657576,0.19998724906273518,25,30,20
24,2058,1.0482809203806419e-26,0.7592839424235529,0.04071608125015692,0.19999997632628994,25,30,20
24,2059,1.3175844620251612e-29,0.7591984598712336,0.04080156353778706,0.19999997659097932,25,30,20
24,2060,5.669712494377132e-25,0.7552224023573683,0.04477849610538583,0.19999910153724568,25,30,20
24,2061,5.669615807912322e-25,0.7572608136469373,0.0027525932754706465,0.23998659307759215,25,30,20
24,2062,1.3169832484577873e-29,0.7599601994037102,4.0464398075009355e-05,0.23999933619821479,25,30,20
24,2063,1.9674538841740912e-28,0.7599860875484263,1.4140762125106132e-05,0.23999977168944842,25,30,20
24,2064,1.0656943202200962e-26,0.7599867277475576,3.941479023766398e-05,0.23997385746220468,25,30,20
24,2065,1.0830958543927943e-26,0.7599869367312856,2.7110572318788782e-05,0.23998595269639572,25,30,20
24,2066,3.399582692576321e-23,0.7599494116620046,7.674217264980529e-05,0.23997384616534567,25,30,20
24,2067,3.7058918243611703e-28,0.7599846025538564,2.8361233461754545e-05,0.2399870362126818,25,30,20
24,2068,1.3003147553498452e-29,0.7599617602609605,3.934296698824652e-05,0.23999889677205133,25,30,20
24,2069,9.725236568206411e-30,0.759961525924152,3.9584939613177695e-05,0.2399988891362348,25,30,20
24,2070,3.4006302838414494e-23,0.7299608582160279,0.03203960814034615,0.23799953364362572,25,30,20
24,2071,3.70650663335831e-28,0.729248955109899,0.030764243275472617,0.23998680161462838,25,30,20
24,2072,1.3173670835666067e-29,0.759235151692018,0.0007650766035569877,0.2399997717044247,25,30,20
24,2073,5.3302271312057206e-27,0.7592474339542922,0.021098269492519677,0.2196542965531879,25,30,20
24,2074,5.868570153910339e-25,0.7592724916689305,0.00142992265861887,0.23929758567245066,25,30,20
24,2075,6.676284622959161e-30,0.759986743203591,1.3943002758038696e-05,0.23999931379365097,25,30,20
24,2076,6.616776924901564e-30,0.7592858594578099,0.0007150126839015848,0.23999912785828822,25,30,20
24,2077,6.727828179329335e-30,0.7599619417356126,3.873349358946452e-05,0.2399993247707978,25,30,20
24,2078,1.0466819583049342e-26,0.7599353947581515,6.52801502972231e-05,0.23999932509155122,25,30,20
24,2079,3.481049062299083e-30,0.7599986338181156,0.02000883125453835,0.2199925349273459,25,30,20
24,2080,1.9032976980141014e-28,0.7599977701986325,0.02000968383837944,0.2199925459629882,25,30,20
24,2081,1.3231216263384436e-29,0.7599362847649174,0.00011335927690653334,0.23995035595817601,25,30,20
24,2082,1.3112394295363717e-29,0.75852158492401,0.0015153308092967636,0.239963084266693,25,30,20
24,2083,1.9024388170690394e-28,0.7599861028406607,1.3924362440379657e-05,0.23999997279689878,25,30,20
24,2084,6.672218992164841e-30,0.7599863382259862,1.367063459502962e-05,0.23999999113941853,25,30,20
24,2085,5.137629985446246e-31,0.7599988458739465,1.1548843985914055e-06,0.23999999924165483,25,30,20
24,2086,3.803091387824457e-28,0.7599984479571493,2.2157806061883646e-06,0.2399993362622444,25,30,20
24,2087,6.670237715460994e-30,0.7599874032140563,4.951658123041499e-05,0.23996308020471313,25,30,20
24,2088,1.0653604727664989e-26,0.7599492031388249,8.771685698424623e-05,0.23996308000419078,25,30,20
24,2089,1.0840464007251861e-26,0.7599595480005981,0.0020413280669577118,0.23799912393244418,25,30,20
24,2090,7.379080946773885e-28,0.7599964363987499,4.242554452949881e-06,0.23999932104679708,25,30,20
24,2091,1.1014538164955479e-26,0.7592107523505668,0.000790339707837837,0.23999890794159537,25,30,20
24,2092,5.60498969883231e-28,0.7599239650840862,7.713820228302137e-05,0.23999889671363073,25,30,20
24,2093,2.1303866982317134e-26,0.7599487852532795,6.52881683785491e-05,0.23998592657834186,25,30,20
24,2094,1.9329594466922272e-28,0.7599477131652934,5.3610021420436886e-05,0.23999867681328602,25,30,20
24,2095,1.3175533963174598e-29,0.7599228938624164,7.758778517247382e-05,0.23999951835241123,25,30,20
24,2096,1.9377417326445658e-21,0.7598995858317618,0.0021004485522323805,0.23799996561600578,25,30,20
24,2097,3.453659441362639e-30,0.7592491494751432,0.0007636094233328991,0.2399872411015238,25,30,20
24,2098,1.9018647429116167e-28,0.7599990247226718,9.913726566539754e-07,0.23999998390467148,25,30,20
24,2099,1.8708092056885363e-28,0.7599865280904977,1.4783537147674678e-05,0.23999868837235436,25,30,20
24,2100,3.4006665448699395e-23,0.7203315666130333,0.04035917707159689,0.23930925631536948,25,30,20
24,2101,3.460271479626013e-23,0.7592353597968127,0.0007653224807326875,0.2399993177224545,25,30,20
24,2102,1.2959110122342947e-29,0.757986556612473,0.0020141256054288055,0.239999317782098,25,30,20
24,2103,6.40101336216125e-30,0.7579496574447557,0.0020874894350967526,0.23996285312014762,25,30,20
24,2104,2.1120351623923135e-26,0.7599485775699173,5.2518068073711816e-05,0.23999890436200882,25,30,20
24,2105,1.0658433181776374e-26,0.7399437380601799,0.0200577823095419,0.2399984796302782,25,30,20
24,2106,3.7047932280266467e-28,0.7599256899199774,0.00011185896192732244,0.23996245111809528,25,30,20
24,2107,3.737622071670611e-28,0.7599129348381767,8.794089807480007e-05,0.23999912426374856,25,30,20
24,2108,1.9975030232783172e-28,0.7559988235639941,0.004001426876101048,0.23999974955990472,25,30,20
24,2109,5.637249277661503e-28,0.7579856368338684,0.002014390241020737,0.2399999729251108,25,30,20
24,2110,3.1214582841408075e-18,0.7398168847625118,0.020183115930498437,0.23999999930698956,25,30,20
24,2111,1.0476476069383936e-26,0.7599977853575902,1.540154088110752e-05,0.23998681310152853,25,30,20
24,2112,1.9968593941386927e-28,0.7396156250448324,0.020397349778109995,0.23998702517705753,25,30,20
24,2113,1.9662775312287088e-28,0.7395897408624569,0.02041027523743573,0.23999998390010716,25,30,20
24,2114,3.7387059256008206e-28,0.7396146833344229,0.020385333028971407,0.2399999836366056,25,30,20
24,2115,1.869149499463774e-28,0.7089278538434067,0.05108554556112417,0.23998660059546886,25,30,20
24,2116,5.524411813935307e-20,0.6989573907508176,0.061043492557788605,0.23999911669139365,25,30,20
24,2117,5.52435424742107e-20,0.719241278716792,0.040758960557736416,0.2399997607254713,25,30,20
24,2118,1.701646404201914e-23,0.7399320046870055,0.020068018462733556,0.2399999768502608,25,30,20
24,2119,5.969694523414223e-25,0.7593080871974904,0.0007167482559897089,0.23997516454651988,25,30,20
24,2120,3.680772157177421e-30,0.7579852240002098,0.002014788311677467,0.23999998768811256,25,30,20
24,2121,3.148396641896795e-18,0.7199911922942178,0.040010130830582996,0.23999867687519913,25,30,20
24,2122,6.619597385138621e-30,0.719996096000834,0.04000542390040519,0.23999848009876057,25,30,20
24,2123,1.9324151145096627e-28,0.7199975736850546,0.04003935394524466,0.23996307236970082,25,30,20
24,2124,3.159016058981298e-26,0.7199608885852485,0.04011338615023031,0.23992572526452116,25,30,20
24,2125,2.1123512845947466e-26,0.7199862928373227,0.04005061945126315,0.23996308771141417,25,30,20
24,2126,3.587475909870187e-16,0.719973363627795,0.040740070424204314,0.23928656594800038,25,30,20
24,2127,1.1041791107364025e-19,0.7199490172529336,0.040050987678380306,0.23999999506868597,25,30,20
24,2128,3.524541053480579e-16,0.6981894371349445,0.06184746796483564,0.23996309490021944,25,30,20
24,2129,3.524541056202903e-16,0.7192970954388247,0.04070313265751217,0.23999977190366267,25,30,20
24,2130,2.6439681343643683e-26,0.719649781342903,0.04038799436303308,0.23996222429406378,25,30,20
24,2131,5.696689034731639e-27,0.7196372730024955,0.04037547445722857,0.2399872525402759,25,30,20
24,2132,1.6079371664297205e-26,0.7399937630431291,0.020019628325773725,0.23998660863109691,25,30,20
24,2133,1.6072923786145824e-26,0.7399814182067533,0.02001861637318221,0.2399999654200643,25,30,20
24,2134,6.466605937382223e-22,0.733316116215088,0.027374206741272264,0.23930967704363953,25,30,20
24,2135,3.67428201415985e-28,0.7599606509229777,7.670463496535948e-05,0.23996264444205692,25,30,20
24,2136,1.9046581263957702e-28,0.759924022955839,7.684918726213502e-05,0.23999912785689861,25,30,20
24,2137,1.1042916291894757e-19,0.7332169419306043,0.02678394032462464,0.239999117744771,25,30,20
24,2138,1.0476534585718952e-26,0.7599727162529962,2.7318661685115193e-05,0.23999996508531857,25,30,20
24,2139,2.094644943752959e-26,0.7599852615560145,1.5398660637603075e-05,0.23999933978334786,25,30,20
24,2140,6.0706844706159185e-25,0.7599986380693012,3.8910743835678e-05,0.23996245118686288,25,30,20
24,2141,5.965988751424569e-25,0.7599973493318983,3.9790370408487794e-05,0.23996286029769304,25,30,20
24,2142,9.786673542544332e-30,0.7599608819517796,0.0007527757931735687,0.23928634225504666,25,30,20
24,2143,2.0939790254283852e-26,0.7599720752747865,4.132818264169206e-05,0.23998659654257165,25,30,20
24,2144,1.192485438299158e-24,0.7592841475032298,0.000753193153361474,0.23996265934340869,25,30,20
24,2145,5.966177363019467e-25,0.7592854316611419,0.0007279714695421804,0.23998659686931592,25,30,20
24,2146,5.966209548095636e-25,0.7592466146541054,0.040099473847810624,0.20065391149808412,25,30,20
24,2147,1.0479751036840465e-26,0.7599595739097764,0.04137377133167809,0.1986666547585455,25,30,20
24,2148,5.964374513858689e-25,0.7592472243272154,0.040086120859444636,0.20066665481333992,25,30,20
24,2149,5.1014594145657045e-23,0.7392779779779184,0.06005580702314732,0.20066621499893425,25,30,20
24,2150,1.6998761966344234e-23,0.7799428164409801,0.020057199391908684,0.19999998416711093,25,30,20
24,2151,7.439545569075272e-28,0.7999483312772315,5.167338814369092e-05,0.19999999533462465,25,30,20
24,2152,3.6715557761508615e-28,0.7999118666200046,8.835756891695488e-05,0.19999977581107842,25,30,20
24,2153,9.12176610470132e-28,0.7978622273668711,0.0021384363637845186,0.19999933626934444,25,30,20
24,2154,3.672577255605146e-28,0.7999483126447829,6.444246204454488e-05,0.19998724489317232,25,30,20
24,2155,5.967821048106604e-25,0.799961267747194,5.214256452135182e-05,0.19998658968828453,25,30,20
24,2156,1.8724953403039855e-28,0.7999971144562257,3.1509439088067415e-06,0.19999973459986553,25,30,20
24,2157,1.870223679444017e-28,0.7979591460127375,0.0020777737811609382,0.19996308020610126,25,30,20
24,2158,1.0466817441496086e-26,0.7999621951584847,5.055237553019649e-05,0.19998725246598498,25,30,20
24,2159,1.1020920476189629e-26,0.799999049654816,3.852188008306705e-05,0.1999624284651008,25,30,20
24,2160,5.544501478795008e-28,0.7999869731608166,6.270150168354366e-05,0.19995032533749985,25,30,20
24,2161,5.967887113388484e-25,0.7999860799538081,2.7341914686608205e-05,0.1999865781315053,25,30,20
24,2162,1.838584643617016e-28,0.79996236696804,3.7880010304725555e-05,0.19999975302165499,25,30,20
24,2163,1.8374146636082183e-28,0.7999999711412533,2.6839484254281e-07,0.19999976046390394,25,30,20
24,2164,5.967822128585097e-25,0.7992483002778783,0.0007517119671201964,0.19999998775500125,25,30,20
24,2165,9.778847773243481e-30,0.79994944124286,5.055957594687182e-05,0.19999999918119307,25,30,20
24,2166,9.783890892444736e-30,0.7999496259330526,6.311427552583128e-05,0.19998725979142154,25,30,20
24,2167,9.894788645478391e-30,0.7999498978372793,9.997714577667836e-05,0.19995012501694384,25,30,20
24,2168,9.95216159551236e-30,0.7999494473789223,5.0564732197521485e-05,0.1999999878888801,25,30,20
24,2169,5.965955376008947e-25,0.7999984438262541,2.220102593246773e-06,0.19999933607115253,25,30,20
24,2170,8.583743822307277e-30,0.7725417081728482,0.027458527567182332,0.19999976425996935,25,30,20
24,2171,2.1120303073750648e-26,0.7599992820450383,0.04000094252426203,0.19999977543069963,25,30,20
24,2172,2.1110809985476156e-26,0.759285450857333,0.040714572622727825,0.19999997651993898,25,30,20
24,2173,9.69488589586018e-22,0.7399497699221463,0.06080079895452662,0.19924943112332688,25,30,20
24,2174,9.700850012642458e-22,0.7399499413733699,0.06006390841910031,0.19998615020752958,25,30,20
24,2175,3.401713044839104e-23,0.7598883204366667,0.040112558878942634,0.19999912068439052,25,30,20
24,2176,6.1753509273103675e-25,0.75996256372051,0.04002514802027951,0.20001228825921047,25,30,20
24,2177,6.072618475837048e-25,0.7599859102362652,0.04001495792358721,0.1999991318401475,25,30,20
24,2178,6.076224400139869e-25,0.7592599645356585,0.04075278267187089,0.19998725279247068,25,30,20
24,2179,6.074355913262405e-25,0.7592480997402876,0.04076400798855799,0.19998789227115446,25,30,20
24,2180,1.2040433275265173e-24,0.7592234804252933,0.04077631217138604,0.2000002074033206,25,30,20
24,2181,6.070684975004144e-25,0.7579744960935756,0.042025285137681515,0.20000021876874302,25,30,20
24,2182,3.3409910184074836e-23,0.7599249890448327,0.002801359023316869,0.2372736519318504,25,30,20
24,2183,1.0834069979680831e-26,0.759912056382604,8.926686946255307e-05,0.2399986767479333,25,30,20
24,2184,1.0647387903231104e-26,0.7599606282196117,4.200166315384412e-05,0.23999737011723452,25,30,20
24,2185,1.0647279293910442e-26,0.7396290098962907,0.020372949690880056,0.2399980404128293,25,30,20
24,2186,1.936571107621806e-21,0.7158917158420954,0.044109595653701296,0.2399986885042032,25,30,20
24,2187,1.937177985193514e-21,0.7185816204497598,0.04143181239946342,0.23998656715077651,25,30,20
24,2188,3.516776207908982e-23,0.7199485771201395,0.04006549252607709,0.23998593035378327,25,30,20
24,2189,1.1484472896642977e-23,0.7329510150280508,0.027064335643081586,0.2399846493288676,25,30,20
24,2190,1.148447256056161e-23,0.7329879573032924,0.027026101160834606,0.239985941535873,25,30,20
24,2191,5.966082620118184e-25,0.7599973454761628,1.6299959555254665e-05,0.23998635456428186,25,30,20
24,2192,6.0693073651085115e-25,0.7299845987725503,0.03002839491992009,0.2399870063075295,25,30,20
24,2193,5.565656774542072e-27,0.7202950432926569,0.03971836369404973,0.23998659301329336,25,30,20
24,2194,5.378920028618094e-27,0.7203315345292935,0.03968122057201952,0.23998724489868692,25,30,20
24,2195,1.1245697965425038e-19,0.7199965047195452,0.04000353351451463,0.2399999617659402,25,30,20
24,2196,1.1291171327499582e-19,0.689826421845996,0.07017423816309544,0.2399993399909083,25,30,20
24,2197,1.1242298456567486e-19,0.6799727421182802,0.08005276069261819,0.23997449718910155,25,30,20
24,2198,1.872711971529962e-21,0.6406397517713543,0.11941011224743271,0.23995013598121293,25,30,20
24,2199,1.1052075603047744e-19,0.6400052767291221,0.16004415167774558,0.19995057159313206,25,30,20
24,2200,6.196574320525046e-18,0.6400109462267818,0.16073917546483346,0.1992498783083837,25,30,20
24,2201,6.19460200782298e-18,0.639947747644985,0.1607656937260089,0.199286558629006,25,30,20
24,2202,1.975597659040562e-14,0.6400085662804887,0.1607048526037856,0.19928658111570555,25,30,20
24,2203,1.975586424970839e-14,0.6400179641280677,0.15999499990645966,0.19998703596545261,25,30,20
24,2204,2.0058359006674006e-21,0.639249202275032,0.1607508209986576,0.1999999767263098,25,30,20
24,2205,3.5209969965751673e-23,0.6399876709732226,0.1600000482773379,0.2000122807494391,25,30,20
24,2206,1.0677682940265975e-19,0.6979505352109873,0.10204949153590459,0.199999973253108,25,30,20
24,2207,1.0677677791081419e-19,0.6779536370496325,0.12203428714581857,0.20001207580454874,25,30,20
24,2208,3.1989655835976393e-18,0.6782529371012557,0.12174708418283986,0.19999997871590441,25,30,20
24,2209,6.404626859129819e-18,0.6799294527404277,0.12007054800285243,0.19999999925671944,25,30,20
24,2210,2.0461310674535194e-14,0.6799632602011214,0.12003698670385018,0.19999975309500748,25,30,20
24,2211,2.933567045472129e-21,0.699771539467998,0.10026537639687612,0.19996308413512554,25,30,20
24,2212,2.9335562212453956e-21,0.7004607695327804,0.09953926132090282,0.19999996914631654,25,30,20
24,2213,3.3976412134460553e-23,0.7199000226381835,0.08010063756764227,0.19999933979417425,25,30,20
24,2214,3.5256428993234874e-16,0.7598976450786236,0.04010324195677265,0.1999991129646034,25,30,20
24,2215,5.6059996964538345e-28,0.7999841703856131,1.671260619652379e-05,0.19999911700819023,25,30,20
24,2216,5.574935802217606e-28,0.7999969249926133,3.3104254804432555e-06,0.19999976458190627,25,30,20
24,2217,1.0653787021450583e-26,0.7585101475286296,0.043489853291283076,0.1979999991800875,25,30,20
24,2218,1.0473495490493343e-26,0.7592353413008902,0.04276467022341619,0.19799998847569347,25,30,20
24,2219,2.0442552947689775e-14,0.7396164406625432,0.060383567727916955,0.19999999160951923,25,30,20
24,2220,2.044255294827627e-14,0.719961305878392,0.08003870989244014,0.19999998422914714,25,30,20
24,2221,3.4006756547446946e-23,0.7397848114641781,0.060916537813093204,0.1992986507227288,25,30,20
24,2222,3.4006676578519186e-23,0.7186499331498851,0.08405226119254111,0.1972978056575737,25,30,20
24,2223,3.459307406854447e-23,0.7396031299749012,0.06039690878260293,0.19999996124249578,25,30,20
24,2224,3.5194313709220086e-23,0.739749995549621,0.06025026305435152,0.1999997413960275,25,30,20
24,2225,8.845815290108588e-25,0.739787351030978,0.08055727619990348,0.1796553727691184,25,30,20
24,2226,6.022659688275606e-25,0.7398237998724297,0.10017603021153523,0.1600001699160349,25,30,20
24,2227,5.8562338684138175e-25,0.7592467732993237,0.08075432643641825,0.15999890026425803,25,30,20
24,2228,5.964431287999459e-25,0.7368777996534429,0.10312242816361518,0.15999977218294203,25,30,20
24,2229,3.1469436903658396e-18,0.7580041607678129,0.11198969597582692,0.1300061432563603,25,30,20
24,2230,3.3125894450017302e-18,0.7600035129255112,0.09999714499066087,0.13999934208382778,25,30,20
24,2231,5.203603085912193e-23,0.7593083460711102,0.10088135148449737,0.1398103024443922,25,30,20
24,2232,6.858808099740948e-23,0.7599738556693336,0.08002681942452991,0.1599993249061363,25,30,20
24,2233,6.065242944786664e-25,0.7999371560849114,0.04006478827510257,0.15999805563998593,25,30,20
24,2234,1.0479588546074777e-26,0.7999351788042202,0.0400654697049974,0.15999935149078237,25,30,20
24,2235,3.3985199260643964e-23,0.7999498469650596,0.040062904156436124,0.1599872488785045,25,30,20
24,2236,3.4006132708691194e-23,0.7999983990895339,0.04001435202623219,0.15998724888423405,25,30,20
24,2237,1.103839264186655e-19,0.7999986004595668,0.04000204791100608,0.15999935162942683,25,30,20
24,2238,1.0483904664708672e-19,0.7999477104987183,0.0400522902386114,0.1599999992626701,25,30,20
24,2239,1.048396327887424e-19,0.800010051560369,0.07930051724386834,0.1206894311957627,25,30,20
24,2240,2.9506987561756354e-21,0.8197723381272841,0.06022789520292438,0.11999976666979134,25,30,20
24,2241,3.093647856880127e-18,0.8198276433443218,0.06017291945942903,0.11999943719624918,25,30,20
24,2242,6.084245720456866e-18,0.83796130135761,0.041361198512463976,0.12067750012992594,25,30,20
24,2243,6.0842457204662055e-18,0.8365567797094462,0.04276572016062797,0.12067750012992594,25,30,20
24,2244,6.0842457208273436e-18,0.8379360188109811,0.0413864775321783,0.12067750365684056,25,30,20
24,2245,1.104512591150511e-19,0.8372459547557582,0.04275428783496215,0.11999975740927947,25,30,20
24,2246,3.7387479572475986e-28,0.8379602328500927,0.002040002305457753,0.15999976484444967,25,30,20
24,2247,5.638379090550214e-28,0.8379375568371674,0.0020637438829821976,0.15999869927985044,25,30,20
24,2248,6.07078066517251e-25,0.8371982356226606,0.0028030608475691893,0.15999870352977033,25,30,20
24,2249,1.0656944247088787e-26,0.839259050562911,0.0007422455749846441,0.15999870386210413,25,30,20
24,2250,1.9024784421523312e-28,0.8392851999731201,0.0007148003712289871,0.15999999965565093,25,30,20
24,2251,3.2316054550040206e-30,0.8399973306395444,2.6812685977599897e-06,0.15999998809185778,25,30,20
24,2252,1.934664670720039e-28,0.8399955878013253,0.039992104982442996,0.12001230721623152,25,30,20
24,2253,3.6748155367057805e-28,0.8399610711341466,0.04002684475265258,0.12001208411320066,25,30,20
24,2254,3.457134401954157e-23,0.8399483394356716,0.04005144485240998,0.12000021571191859,25,30,20
24,2255,3.4541514009319176e-23,0.8372709658506254,0.04272883431983996,0.12000019982953453,25,30,20
24,2256,3.7087974820940164e-28,0.8399844049668574,0.040003519094442025,0.12001207593870043,25,30,20
24,2257,1.6858197124625638e-23,0.8399491983969171,0.020227781074210856,0.13982302052887166,25,30,20
24,2258,1.6868660481538352e-23,0.8399001951729432,0.020276761693062077,0.13982304313399463,25,30,20
24,2259,2.111707771881544e-26,0.8399474904756263,5.25291440185313e-05,0.15999998038035496,25,30,20
24,2260,1.0827998211011409e-26,0.8379848073655044,0.022360036113892225,0.13965515652060342,25,30,20
24,2261,1.0824606102330595e-26,0.8379856968595315,0.022359131334503606,0.13965517180596454,25,30,20
24,2262,1.1017581266585531e-26,0.8385682205428098,0.0014320071614833314,0.15999977229570658,25,30,20
24,2263,1.8707782216372657e-28,0.8399617113101976,3.8952018105252475e-05,0.15999933667169697,25,30,20
24,2264,2.0920922039302692e-26,0.8398866745470437,0.0008636631137093617,0.1592496623392468,25,30,20
24,2265,1.045727292312249e-26,0.839245749988079,0.0007911658625670669,0.15996308414935395,25,30,20
24,2266,1.0457212455342674e-26,0.8392839613066682,0.0007529549427503437,0.15996308375058152,25,30,20
24,2267,1.8385831188024836e-28,0.8399977847059265,2.4392650626034256e-06,0.159999776029011,25,30,20
24,2268,2.0933347144012714e-26,0.8399488041317084,5.142728609351771e-05,0.15999976858219814,25,30,20
24,2269,1.8368688075882387e-28,0.8392114266464837,0.0007888161391129829,0.15999975721440327,25,30,20
24,2270,2.915504302303153e-31,0.8392465840177017,0.0007536699330194574,0.15999974604927852,25,30,20
24,2271,6.6762315841784e-30,0.8392599528560418,0.0007400813180200557,0.15999996582593798,25,30,20
24,2272,1.9662743595714861e-28,0.839246152466584,0.000754518310947954,0.15999932922246787,25,30,20
24,2273,1.0485981977786203e-26,0.8392707818604529,0.00072987057107398,0.1599993475684729,25,30,20
24,2274,1.0653610553671815e-26,0.8399984286069386,1.496296345994844e-05,0.1599866084296013,25,30,20
24,2275,9.892773258682473e-30,0.839272703236764,0.0007273199121271818,0.15999997685110867,25,30,20
24,2276,1.9018146744667625e-28,0.8392608243980356,0.0007391990097959993,0.1599999765921683,25,30,20
24,2277,1.0650213812738976e-26,0.8399483209392551,5.1701869242429804e-05,0.15999997719150225,25,30,20
24,2278,2.0940008291221628e-26,0.8398999984688446,0.0001006691082700757,0.1599993324228852,25,30,20
24,2279,6.561092349463485e-30,0.8399243722283352,7.563934624857061e-05,0.15999998842541616,25,30,20
24,2280,6.446125583207458e-30,0.839962362682797,3.82966545460568e-05,0.15999934066265661,25,30,20
24,2281,6.560258246931998e-30,0.8379604521644102,0.0020395480492709727,0.1599999997863187,25,30,20
24,2282,1.8368397269230037e-28,0.837961131151005,0.002038869258715687,0.15999999959027916,25,30,20
24,2283,1.0479531038216278e-26,0.8398988967065115,0.00013801536759485008,0.1599630879258935,25,30,20
24,2284,1.9317806787858432e-28,0.8379854708870027,0.002101713247214807,0.15991281586578243,25,30,20
24,2285,3.7686488195131275e-28,0.8399981565653146,5.1475848737318685e-05,0.15995036758594805,25,30,20
24,2286,1.8707775835119094e-28,0.8365333517439458,0.0034666527838441304,0.15999999547220992,25,30,20
24,2287,1.902964513119476e-28,0.8385482846503599,0.0014523900471064958,0.15999932530253344,25,30,20
24,2288,3.8358232414549846e-28,0.8385098537686588,0.0015035419221199051,0.1599866043092213,25,30,20
24,2289,3.7703123043313404e-28,0.8392614837502914,0.0007519117375930332,0.15998660451211533,25,30,20
24,2290,3.408694239902583e-30,0.8379105973281653,0.0021151092367827115,0.159974293435052,25,30,20
24,2291,6.740179941826173e-30,0.837933905372984,0.002078837972902901,0.1599872566541131,25,30,20
24,2292,3.7715469100849703e-28,0.8379109719416303,0.002089043368490257,0.15999998468987964,25,30,20
24,2293,3.3400326764264036e-23,0.8392344503714996,0.0007655537702218303,0.15999999585827862,25,30,20
24,2294,1.9352297005657516e-28,0.8399860797716883,1.393592343677195e-05,0.15999998430487491,25,30,20
24,2295,3.705365700943395e-28,0.8399977739880023,2.234197408736718e-06,0.15999999181458877,25,30,20
24,2296,3.6737051573845912e-28,0.8399869749406206,1.3272034267997983e-05,0.15999975302511132,25,30,20
24,2297,6.502716555608217e-30,0.8399483880271389,5.164243327695969e-05,0.159999969539584,25,30,20
24,2298,6.50468405981419e-30,0.8399118998396609,8.877857362599686e-05,0.15999932158671343,25,30,20
24,2299,2.0933459335373495e-26,0.839887743780358,0.00012501843405219402,0.15998723778559,25,30,20
24,2300,6.070686135366778e-25,0.8399248488962722,8.854692052420774e-05,0.15998660418320365,25,30,20
24,2301,3.4612630506816116e-23,0.8379099380833023,0.0021276182976896103,0.1599624436190082,25,30,20
24,2302,3.4005391554763425e-23,0.8379218245624236,0.0021150760189716524,0.15996309941860481,25,30,20
24,2303,2.093345331089259e-26,0.8399977616862244,2.2387944778921157e-06,0.1599999995192977,25,30,20
24,2304,6.617665413240796e-30,0.8392837112752518,0.0007165275916118122,0.15999976113313633,25,30,20
24,2305,1.083121664520225e-26,0.8379481116895083,0.002064866583207617,0.15998702172728405,25,30,20
24,2306,1.8690844460122873e-28,0.8399869595939635,1.329828467375474e-05,0.15999974212136273,25,30,20
24,2307,1.9018842293714582e-28,0.8399979486208612,2.2978945213814803e-06,0.15999975348461726,25,30,20
24,2308,6.5651461199374e-30,0.839996920748762,3.973725220175515e-06,0.15999910552601782,25,30,20
24,2309,1.838614408798494e-28,0.8399975456494895,2.4923814265444544e-06,0.15999996196908395,25,30,20
24,2310,3.510194205361171e-30,0.839998599926383,1.6503083155121698e-06,0.1599997497653013,25,30,20
24,2311,1.0470259061273655e-26,0.8392709939426253,0.0007296806791345396,0.15999932537824027,25,30,20
24,2312,1.9708169346871618e-28,0.839996908843083,4.000290225167443e-05,0.1599630882546654,25,30,20
24,2313,2.0018933846959094e-28,0.8392470148551808,0.0007911854327868465,0.15996179971203228,25,30,20
24,2314,5.576670154051846e-28,0.839272046961218,0.0007655129456101382,0.15996244009317195,25,30,20
24,2315,1.0843721721068697e-26,0.8399498415945107,8.83551047036514e-05,0.15996180330078566,25,30,20
24,2316,3.158743968262211e-26,0.8398995316597231,0.00010048802873235066,0.15999998031154458,25,30,20
24,2317,6.070686165752386e-25,0.8399364475123648,0.00010045320090452161,0.15996309928673058,25,30,20
24,2318,5.960555059545097e-25,0.8399112530371133,8.940650631784399e-05,0.15999934045656874,25,30,20
24,2319,5.969657843313039e-25,0.8392096948815427,0.0007907528591714462,0.15999955225928603,25,30,20
24,2320,3.740990366601263e-28,0.8392234457259566,0.000776555144292283,0.1599999991297509,25,30,20
24,2321,3.739246491225411e-28,0.8399990569019907,9.512180071528603e-07,0.1599999918800021,25,30,20
24,2322,1.3228242371628974e-29,0.8399973181182306,2.9063247995698485e-06,0.15999977555696973,25,30,20
24,2323,3.401175455639403e-30,0.8399360528874353,6.39591558948208e-05,0.15999998795666984,25,30,20
24,2324,5.965985886734987e-25,0.8399610665796571,3.9589501207044126e-05,0.1599993439191357,25,30,20
24,2325,1.0460225278932128e-26,0.8379610890322872,0.002038930448690216,0.15999998051902234,25,30,20
24,2326,2.129733182936419e-26,0.8392346520631384,0.0007908310061579306,0.15997451693070372,25,30,20
24,2327,1.0647407349988489e-26,0.8379248328853024,0.0020756262875767668,0.1599995408271207,25,30,20
24,2328,1.08371782059257e-26,0.837996690270749,0.00200418165979802,0.15999912806945296,25,30,20
24,2329,1.0469867421967131e-26,0.8386312257752121,0.0013702937931822084,0.1599984804316056,25,30,20
24,2330,1.0650273239967243e-26,0.8385949536451317,0.002119340034755558,0.1592857063201128,25,30,20
24,2331,3.4017120565699897e-23,0.8399977356238222,0.0007525982627886758,0.15924966611338937,25,30,20
24,2332,1.047331495189188e-26,0.8399718666719724,6.505677005438021e-05,0.1599630765579732,25,30,20
24,2333,1.8724557028158502e-28,0.8399852608713931,1.539175024228105e-05,0.15999934737836435,25,30,20
24,2334,1.1620589077739928e-31,0.8399858805294764,1.4131252665753951e-05,0.15999998821785757,25,30,20
24,2335,1.8340251760068724e-28,0.8399490251592933,5.097531678627174e-05,0.15999999952392022,25,30,20
24,2336,3.3975109057129094e-23,0.8399619342268589,7.51899136571315e-05,0.15996287585948404,25,30,20
24,2337,9.782676612321208e-30,0.8399483274133409,5.190048670973582e-05,0.15999977209994923,25,30,20
24,2338,9.889813544792466e-30,0.8372097172905535,0.002790510609417537,0.159999772100029,25,30,20
24,2339,1.0479690708480231e-26,0.8364956338251472,0.0035171057885383028,0.15998726038631442,25,30,20
24,2340,5.960612100042876e-25,0.839234276109643,0.0008028479035582292,0.15996287598679854,25,30,20
24,2341,1.616417810071052e-29,0.8392361944894118,0.0007638096510841594,0.15999999585950417,25,30,20
24,2342,2.1319860280424136e-26,0.8392213060932147,0.0014804487023491561,0.15929824520443606,25,30,20
24,2343,1.0653719764301462e-26,0.8399353644632828,6.528769308511584e-05,0.15999934784363176,25,30,20
24,2344,1.046393897523384e-26,0.8399245941967756,7.541039285042724e-05,0.159999995410374,25,30,20
24,2345,6.506628413038e-30,0.8399975690499707,3.3066069291908017e-06,0.15999912434309976,25,30,20
24,2346,6.068784957744016e-25,0.8392692558152602,0.0007307595555902064,0.1599999846291494,25,30,20
24,2347,3.7375437719285677e-28,0.799877232746235,0.04015967957878003,0.15996308767498474,25,30,20
24,2348,2.0933959844679e-26,0.7992476859602159,0.04075231471417414,0.15999999932560985,25,30,20
24,2349,1.0660332283040607e-26,0.7999105713393624,0.04009008082406025,0.15999934783657727,25,30,20
24,2350,6.189177036714975e-18,0.8006019677733187,0.039399332276535186,0.15999869995014598,25,30,20
24,2351,3.457399867385316e-23,0.7991982438330648,0.04281450002935368,0.15798725613758147,25,30,20
24,2352,6.070732039688642e-25,0.7795543325780802,0.0604590592466126,0.15998660817530733,25,30,20
24,2353,3.403715526173056e-23,0.7985690460228256,0.0414322499821104,0.15999870399506397,25,30,20
24,2354,1.1932036784170917e-24,0.7999356246742829,0.040766126593077504,0.15929824873263962,25,30,20
24,2355,6.072521335877566e-25,0.7992584633207691,0.040741537283725295,0.1599999993955057,25,30,20
24,2356,3.399639678367228e-23,0.7999733700528573,0.04002664191707819,0.1599999880300646,25,30,20
24,2357,3.399620349590327e-23,0.8000092247892383,0.039990787519987026,0.1599999876907747,25,30,20
24,2358,3.460271806101394e-23,0.7999494372065619,0.040050574769145725,0.15999998802429238,25,30,20
24,2359,2.2679131059815812e-23,0.8133297074521821,0.02668325253054661,0.15998704001727113,25,30,20
24,2360,5.543315456990352e-28,0.7999861213848263,0.0400261982843121,0.15998768033086147,25,30,20
24,2361,6.423666012469276e-22,0.8002191110461999,0.03978090073248347,0.15999998822131656,25,30,20
24,2362,1.095258365021069e-19,0.8197722855849576,0.020240677801077696,0.15998703661396457,25,30,20
24,2363,1.938348073083059e-21,0.799973396996391,0.04002726234336506,0.15999934066024393,25,30,20
24,2364,1.0457275063564893e-26,0.7992466413780335,0.04080299879490348,0.15995035982706315,25,30,20
24,2365,1.8368698598769172e-28,0.7999867509997018,0.04001326057964797,0.15999998842065008,25,30,20
24,2366,5.965953662197877e-25,0.7999981944263986,0.040001816955765365,0.15999998861783615,25,30,20
24,2367,6.173453665581154e-25,0.7999617027649495,0.040727979144885726,0.1593103180901649,25,30,20
24,2368,6.1891776232015355e-18,0.7999487812597232,0.04006375046551283,0.1599874682747638,25,30,20
24,2369,1.8696579734321895e-28,0.7999863524685525,1.3659509549218223e-05,0.199999988021898,25,30,20
24,2370,1.9030236063751147e-28,0.7999731744271369,2.7488846433320005e-05,0.1999993367264298,25,30,20
24,2371,1.9340789931919009e-28,0.7999856904620192,1.4310483936308541e-05,0.1999999990540443,25,30,20
24,2372,1.901309108020353e-28,0.799960415475148,4.045667120083429e-05,0.19999912785365104,25,30,20
24,2373,1.9329691727563485e-28,0.7999619236632383,7.563677891659087e-05,0.199962439557845,25,30,20
24,2374,3.769212033699573e-28,0.799997528035854,3.3556055611770988e-06,0.19999911635858475,25,30,20
24,2375,3.7714446323857964e-28,0.7979968985503715,0.0020164933397187825,0.19998660810990976,25,30,20
24,2376,1.2890157409053322e-29,0.7972583074463252,0.02309990771574344,0.17964178483793128,25,30,20
24,2377,1.0851412351385835e-19,0.7992735561998766,0.0014411727932781093,0.19928527100684526,25,30,20
24,2378,1.74492333104674e-23,0.7790711777690486,0.020928856542635946,0.19999996568831546,25,30,20
24,2379,1.8702443847900708e-28,0.7992851788288867,0.0007148332113141423,0.199999987959799,25,30,20
24,2380,6.633015053310463e-30,0.7999992219478135,0.0020007900943205003,0.19799998795786578,25,30,20
24,2381,1.9014523518647949e-28,0.798557951477083,0.003442708262296971,0.1979993402606202,25,30,20
24,2382,1.8357798273079243e-28,0.7999990206630458,7.543953590078644e-05,0.1999255398010532,25,30,20
24,2383,1.9021526980614078e-28,0.7776542158744516,0.022359183134641355,0.19998660099090715,25,30,20
24,2384,2.1484226328093816e-26,0.7599242000226332,0.04008855096849972,0.1999872490088671,25,30,20
24,2385,1.0674117442327212e-19,0.7599366904722011,0.04011297596923205,0.19995033355856698,25,30,20
24,2386,3.399564951959327e-23,0.759998391909865,0.040038512472547,0.19996309561758785,25,30,20
24,2387,1.6725878996723946e-23,0.7796415205948375,0.020395618840978732,0.19996286056418375,25,30,20
24,2388,1.7301385665921744e-23,0.7761909626179261,0.023809060536147793,0.19999997684592608,25,30,20
24,2389,1.0463544415788927e-26,0.7999004786330967,0.00011377661972866876,0.1999857447471745,25,30,20
24,2390,1.9657383774756832e-28,0.7992234767483021,0.000790562385346037,0.1999859608663518,25,30,20
24,2391,1.9335246191921258e-28,0.799985470090389,1.5181949346335362e-05,0.19999934796026472,25,30,20
24,2392,6.505585997992124e-30,0.799986352845675,1.4303308712639762e-05,0.1999993438456125,25,30,20
24,2393,3.39614882252395e-30,0.799949460458455,5.057052217522669e-05,0.19999996901936976,25,30,20
24,2394,1.9055257150116614e-21,0.7319964996356088,0.06800352390874365,0.19999997645564752,25,30,20
24,2395,3.1588613120555074e-28,0.7713307999461487,0.028669200735142827,0.1999999993187083,25,30,20
24,2396,1.040928228904262e-26,0.7733273712075723,0.027386297247546418,0.1992863315448812,25,30,20
24,2397,6.4061044092075165e-18,0.7592716512643019,0.04144179767418519,0.19928655106151297,25,30,20
24,2398,3.3410422762622276e-23,0.7599727341538391,0.04002793708317366,0.199999328762987,25,30,20
24,2399,3.39961940706495e-23,0.7599364964564592,0.04010129053188871,0.19996221301165204,25,30,20
24,2400,6.222191955672395e-25,0.7406494383009974,0.05938791300476234,0.19996264869424035,25,30,20
24,2401,1.79485198300208e-16,0.7579118218420215,0.042101577104153104,0.1999866010538251,25,30,20
24,2402,1.7784072948507323e-16,0.7602855330717856,0.039715130590201715,0.19999933633801245,25,30,20
24,2403,1.7784072948542148e-16,0.7602348033973051,0.03977795934756562,0.19998723725512893,25,30,20
24,2404,6.789148009623933e-30,0.7592854238328404,0.040715247273465156,0.1999993288936943,25,30,20
24,2405,1.3233250805274298e-29,0.759999724670533,0.04000032904952798,0.19999994627993906,25,30,20
24,2406,5.639373372766142e-28,0.7599865651290344,0.04001371953610185,0.1999997153348638,25,30,20
24,2407,3.2814905974799813e-23,0.7598995783390694,0.041514579768259396,0.1985858418926711,25,30,20
24,2408,6.0725191509032415e-25,0.7599358346511041,0.04206482501869419,0.1979993403302015,25,30,20
24,2409,3.4592061140208107e-23,0.7599608893896245,0.04003914864387025,0.19999996196650507,25,30,20
24,2410,3.519913902236216e-23,0.7592204535279619,0.04077956980995478,0.19999997666208313,25,30,20
24,2411,3.4592245516183993e-23,0.7299973607757767,0.07000267373161545,0.1999999654926077,25,30,20
24,2412,1.9383895440790835e-21,0.7172472615166224,0.08276507297406001,0.1999876655093178,25,30,20
24,2413,5.982873383402629e-18,0.7192966749097514,0.0800498606555229,0.20065346443472548,25,30,20
24,2414,5.982873383222281e-18,0.7199596080933567,0.07937418408430083,0.20066620782234237,25,30,20
24,2415,1.9377522154910836e-21,0.7191978083418042,0.0808026505034719,0.19999954115472357,25,30,20
24,2416,1.9383488138463234e-21,0.7192474336158956,0.08078969093024399,0.19996287545386007,25,30,20
24,2417,1.9035694866580107e-28,0.7606884790463003,0.03936116132472665,0.19995035962897298,25,30,20
24,2418,5.967916570336724e-25,0.7579618856028963,0.04205086577312061,0.1999872486239829,25,30,20
24,2419,2.1300379395888378e-26,0.757974014822062,0.042052351003156255,0.19997363417478176,25,30,20
24,2420,1.0656998830086014e-26,0.7599737837568813,0.040076095014382265,0.1999501212287365,25,30,20
24,2421,1.064699915163059e-26,0.7599748868288527,0.0400754163993067,0.1999496967718406,25,30,20
24,2422,6.068882206388273e-25,0.7599627495846181,0.0400499983997103,0.19998725201567147,25,30,20
24,2423,6.068882117027327e-25,0.7599990245737758,0.04000098753026937,0.19999998789595475,25,30,20
24,2424,6.070716158504731e-25,0.7599742163945568,0.04002578833158944,0.19999999527385356,25,30,20
24,2425,3.345065613431585e-23,0.7592856290357188,0.04071566729695266,0.1999987036673285,25,30,20
24,2426,3.344019677792154e-23,0.7332060927806979,0.06679391520531987,0.1999999920139822,25,30,20
24,2427,1.9389237161783965e-21,0.7591995249390451,0.040800475533702724,0.19999999952725225,25,30,20
24,2428,5.476344625111174e-20,0.7603471382898112,0.03966626833270024,0.19998659337748864,25,30,20
24,2429,1.7633640288115807e-16,0.7599867725473237,0.040062882526217015,0.1999503449264591,25,30,20
24,2430,1.7633640288115795e-16,0.7592733507395516,0.0407400370323502,0.1999866122280978,25,30,20
24,2431,5.763874240404514e-25,0.7599988526164425,0.03933613753583752,0.20066500984771996,25,30,20
24,2432,6.080566182154918e-18,0.7600102738169923,0.04000291665728468,0.19998680952572293,25,30,20
24,2433,5.964183611670808e-25,0.7599254808571919,0.0008006999237139361,0.2392738192190941,25,30,20
24,2434,3.508281629636019e-30,0.7585591105319213,0.0014419852423612765,0.23999890422571732,25,30,20
24,2435,6.617766307777724e-30,0.7585830258592037,0.001429937985422951,0.23998703615537326,25,30,20
24,2436,3.400574585590304e-23,0.759985451149245,2.7523799695843244e-05,0.23998702505105918,25,30,20
24,2437,1.0647700487610666e-26,0.7579841747607337,0.0020285768148408413,0.23998724842442545,25,30,20
24,2438,1.6235066979206234e-29,0.7579347317144414,0.002065280269634953,0.23999998801592362,25,30,20
24,2439,5.543916784049023e-28,0.7599720448450423,2.7982222845367387e-05,0.23999997293211217,25,30,20
24,2440,2.423718985402214e-28,0.7292705030152195,0.030729516672047777,0.23999998031273276,25,30,20
24,2441,1.0479646105674469e-26,0.719283238296845,0.04071741427239098,0.23999934743076387,25,30,20
24,2442,2.0762886609958675e-26,0.7206744662606926,0.03932576198126993,0.23999977175803736,25,30,20
24,2443,5.964277928613225e-25,0.7200103020606531,0.03998972130167517,0.23999997663767167,25,30,20
24,2444,1.1041907179551045e-19,0.719983329311527,0.040017978463804484,0.23999869222466852,25,30,20
24,2445,5.96608419665502e-25,0.720674053431128,0.04004003243165992,0.23928591413721206,25,30,20
24,2446,3.517876903478563e-23,0.7199845840739925,0.04001630320988382,0.23999911271612365,25,30,20
24,2447,3.639269956019415e-23,0.6999920181509087,0.06000907762441998,0.2399989042246713,25,30,20
24,2448,3.1219915394781114e-26,0.7199988347196138,0.040014144347312326,0.23998702093307386,25,30,20
24,2449,2.130754629117021e-26,0.7179858532792316,0.042027989605386395,0.2399861571153816,25,30,20
24,2450,2.1126914508255485e-26,0.7179971034460776,0.04200334064685473,0.23999955590706762,25,30,20
24,2451,6.070685082590864e-25,0.7199980088132422,0.040002870913106954,0.23999912027365083,25,30,20
24,2452,5.866829355844892e-25,0.7199988764650329,0.0007283502586184824,0.2792727732763484,25,30,20
24,2453,1.8691333235552033e-28,0.7199977592551038,3.9797076274242576e-05,0.27996244366862205,25,30,20
24,2454,1.9377615709472393e-21,0.7199873759170502,0.0020497483688484844,0.2779628757141011,25,30,20
24,2455,1.064429119745585e-26,0.7199996828602369,3.744196501191304e-05,0.27996287517475105,25,30,20
24,2456,1.0827721483243435e-26,0.6996415440181724,0.022395804365944884,0.2779626516158825,25,30,20
24,2457,2.112656973068347e-26,0.7199617377702922,0.0020389332158834116,0.2779993290138244,25,30,20
24,2458,1.9663693525754484e-28,0.7192720480152262,0.040062161174876,0.24066579080989783,25,30,20
24,2459,1.9330531165386804e-28,0.7192962773445853,0.040038606267162234,0.2406651163882524,25,30,20
24,2460,1.9711728884497637e-21,0.7185817790093801,0.040752438223245785,0.24066578276737413,25,30,20
24,2461,5.868665033684444e-25,0.7199721131827501,0.039338899237139596,0.24068898758011023,25,30,20
24,2462,5.865025835694654e-25,0.7199997360979752,0.039310617527112374,0.2406896463749122,25,30,20
24,2463,5.864995013180181e-25,0.6996419386852126,0.0603818475780477,0.23997621373673972,25,30,20
24,2464,5.86679681865522e-25,0.6976408896017159,0.06167014122940992,0.24068896916887414,25,30,20
24,2465,5.971368062721685e-25,0.7179613510144119,0.04134967217176946,0.24068897681381862,25,30,20
24,2466,1.103839361359753e-19,0.7199119013649101,0.04012400298361839,0.23996409565147148,25,30,20
24,2467,1.0295794675135533e-26,0.7192854329833951,0.040738167664856856,0.2399763993517481,25,30,20
24,2468,3.4602721115299025e-23,0.7192836672022876,0.04075324547383843,0.23996308732387397,25,30,20
24,2469,6.17535204677274e-25,0.7199865243759165,0.040064430339029025,0.2399490452850545,25,30,20
24,2470,1.1454998158691751e-12,0.7199628020389749,0.0400389379126356,0.23999826004724412,25,30,20
24,2471,1.0650496334602947e-26,0.7199242197742108,0.04077780430611774,0.2392979759196712,25,30,20
24,2472,6.070782798666254e-25,0.719949210908426,0.04075239222576202,0.2392983968658119,25,30,20
24,2473,6.0762554655858175e-25,0.719924639967311,0.04006353385493513,0.2400118261777537,25,30,20
24,2474,2.0084119160263878e-14,0.7199474907702273,0.040053403704112193,0.23999910552564035,25,30,20
24,2475,2.0084119159656632e-14,0.7199606434083222,0.04005276357731255,0.23998659301434497,25,30,20
24,2476,6.796016064162576e-23,0.6899863111113773,0.07003896414805984,0.2399747247405629,25,30,20
24,2477,6.793942451720985e-23,0.7185836850578885,0.07141763016394968,0.2099986847781615,25,30,20
24,2478,6.853566125229601e-23,0.7199973535237286,0.0793144927269279,0.20068815374934348,25,30,20
24,2479,1.1872325479266845e-05,0.7180092071721553,0.0819925469227226,0.19998637357964263,25,30,20
24,2480,1.1872325479266845e-05,0.720010306244079,0.07999080747303784,0.1999870139574041,25,30,20
24,2481,6.185371839305925e-18,0.7199988541967841,0.08001413224460384,0.1999870135586119,25,30,20
24,2482,6.185371828836233e-18,0.719961480455229,0.08005126367912128,0.19998725586564947,25,30,20
24,2483,5.727376009507705e-13,0.7199497721584138,0.08006286195636454,0.19998736588464847,25,30,20
24,2484,3.818389778596377e-14,0.7199976398577453,0.0800392651171232,0.19996309502509324,25,30,20
24,2485,1.0141200761487302e-22,0.7199861363817547,0.08005143496411173,0.19996242865413355,25,30,20
24,2486,1.0142228441420931e-22,0.7199598236771747,0.0800408397807951,0.19999933654202998,25,30,20
24,2487,6.801222608342001e-23,0.7199727377320309,0.0800279104404366,0.19999935182753226,25,30,20
24,2488,3.402705310446335e-23,0.7199744276718125,0.08002753150849812,0.19999804081968922,25,30,20
24,2489,1.9383279528396347e-21,0.700510041185493,0.09949085315670135,0.19999910565780543,25,30,20
24,2490,1.0858207402557966e-19,0.7199859134497686,0.08001475752478787,0.1999993290254433,25,30,20
24,2491,1.5738413875922356e-18,0.7297697517976768,0.07024365857698214,0.19998658962534116,25,30,20
24,2492,1.1041670834354962e-19,0.7599867854394037,0.04001346140500317,0.19999975315559312,25,30,20
24,2493,1.8392815169641953e-21,0.7599477485970848,0.042041240446809146,0.19801101095610607,25,30,20
24,2494,1.839281336559511e-21,0.7599600404631789,0.04202895210648402,0.19801100743033698,25,30,20
24,2495,1.1048527477987535e-19,0.759985865235819,0.04201480599885721,0.19799932876532364,25,30,20
24,2496,1.1048527477665392e-19,0.7599729471511439,0.04002794752474947,0.19999910532410656,25,30,20
24,2497,1.1048527477648456e-19,0.7599617402489345,0.04003915442695902,0.19999910532410653,25,30,20
24,2498,6.29579090009304e-18,0.75924793629031,0.04075317071191071,0.19999889299777923,25,30,20
24,2499,1.0470149050077661e-26,0.7600109601371912,0.0399903512198695,0.19999868864293915,25,30,20
24,2500,6.067016502796826e-25,0.7396404644725871,0.06037293440498604,0.1999866011224269,25,30,20
24,2501,1.2036736505308073e-24,0.7396274636884003,0.06037385158867099,0.1999986847229286,25,30,20
24,2502,1.101775307665139e-26,0.7559235760587987,0.04408983086366514,0.19998659307753608,25,30,20
24,2503,6.07245747394814e-25,0.7559973387044213,0.04400333253952464,0.19999932875605375,25,30,20
24,2504,1.0657057343532332e-26,0.7579956375778957,0.04201711387143407,0.19998724855067,25,30,20
24,2505,1.0473259424755459e-26,0.7599977710698326,0.040014980244249536,0.19998724868591755,25,30,20
24,2506,3.400648656478462e-23,0.7599984337854999,0.0400022298706998,0.19999933634380035,25,30,20
24,2507,3.4006663918571335e-23,0.7599861072292358,0.040013920167264926,0.19999997260349944,25,30,20
24,2508,3.4006480293432514e-23,0.7599982066959525,0.04001457492440063,0.19998721837964684,25,30,20
24,2509,3.4006847743660604e-23,0.7599494677796506,0.07939727958125709,0.1606532526390923,25,30,20
24,2510,1.9097438611618952e-14,0.7599963284191301,0.08002930156059854,0.1599743700202521,25,30,20
24,2511,1.909743857764263e-14,0.7586624368796409,0.08137593987361695,0.15996162324672308,25,30,20
24,2512,1.9097438578804944e-14,0.7600215465623275,0.07996762260175704,0.16001083083589646,25,30,20
24,2513,1.223689070796275e-24,0.7600104947270182,0.07930072596641725,0.16068877930656447,25,30,20
24,2514,1.0824297585849805e-26,0.7599738214522563,0.08002683842025529,0.15999934012748832,25,30,20
24,2515,1.1011092658841337e-26,0.7606637338676241,0.07933692606676283,0.15999934006561292,25,30,20
24,2516,1.1242301595524745e-19,0.7600100844132895,0.07999016614558045,0.15999974944113007,25,30,20
24,2517,3.148830027716165e-18,0.7579862177613628,0.08202644037684918,0.15998734186178795,25,30,20
24,2518,1.9049917910775594e-21,0.7572241543731733,0.08277587242503646,0.1599999732017899,25,30,20
24,2519,1.938370290947876e-21,0.759937743177087,0.08206291609691542,0.1579993407259974,25,30,20
24,2520,1.1242354975746487e-19,0.7592737268629,0.0807629804613155,0.15996329267578432,25,30,20
24,2521,5.971687377119364e-25,0.7606636706728199,0.07933700415508929,0.15999932517209067,25,30,20
24,2522,1.9389555082647315e-21,0.7606265470152407,0.07937412780806324,0.1599993251766959,25,30,20
24,2523,1.7964847938141578e-16,0.7592983780185599,0.08070217040242915,0.15999945157901072,25,30,20
24,2524,5.619494218658518e-20,0.819942421330824,0.020094483366478243,0.15996309530269767,25,30,20
24,2525,5.619494182927669e-20,0.8199797690720294,0.02005714333902553,0.15996308758894506,25,30,20
24,2526,5.619494181955857e-20,0.819956502046458,0.0200437149544937,0.15999978299904824,25,30,20
24,2527,5.475478494958227e-20,0.8197848088250963,0.020216078203330115,0.15999911297157354,25,30,20
24,2528,5.475478532305173e-20,0.8198102093919287,0.020189813947164188,0.15999997666090698,25,30,20
24,2529,6.175383707469617e-25,0.8399739919828584,2.6027438557723587e-05,0.15999998057858383,25,30,20
24,2530,1.0479584755619427e-26,0.8391993114803822,0.0008007157796216849,0.15999997273999594,25,30,20
24,2531,1.9383375971269038e-21,0.8399733818953747,0.0013940608485886836,0.15863255725603648,25,30,20
24,2532,1.938327130315487e-21,0.8399977654346373,0.0013696546411193838,0.15863257992424346,25,30,20
24,2533,1.9024685589333772e-28,0.8399983690462507,0.0020022790538014364,0.15799935189994774,25,30,20
24,2534,1.9030540506849957e-28,0.8399856626224924,1.498986739388545e-05,0.15999934751011366,25,30,20
24,2535,2.934396232351168e-25,0.7992342945121227,0.040766356181145956,0.15999934930673143,25,30,20
24,2536,9.344688452168509e-28,0.8399472815080469,5.2942676126143506e-05,0.15999977581582694,25,30,20
24,2537,5.669619094638586e-25,0.8379106313825055,0.0020893694270754212,0.15999999919041905,25,30,20
24,2538,5.969786608223904e-25,0.8379738330099255,0.002026830847896538,0.15999933614217793,25,30,20
24,2539,5.969722791473319e-25,0.8379366943935134,0.0021008696338749365,0.15996243597261192,25,30,20
24,2540,3.976973285226877e-31,0.8399861253034387,1.4534824469435406e-05,0.15999933987209158,25,30,20
24,2541,1.8386039713462664e-28,0.8385728587130526,0.001427168087713311,0.1599999731992337,25,30,20
24,2542,2.394831746298255e-28,0.8092728858542038,0.030727137553627725,0.15999997659216825,25,30,20
24,2543,7.443978831546538e-28,0.7992858566987256,0.04071416664268839,0.15999997665858573,25,30,20
24,2544,9.21469205289701e-28,0.7992597666698036,0.040740233872756305,0.15999999945744,25,30,20
24,2545,1.9711725506698133e-21,0.7992325944735665,0.002792669077725677,0.19797473644870778,25,30,20
24,2546,1.1014641312598084e-26,0.7992582398262953,0.0007420070249836684,0.19999975314872093,25,30,20
24,2547,1.1020802622012924e-26,0.7999364784912443,6.484044910596842e-05,0.19999868105964969,25,30,20
24,2548,5.965985312335156e-25,0.7999498471682703,5.2324409828439884e-05,0.19999782842190125,25,30,20
24,2549,5.965985866382885e-25,0.799998187037214,0.0007173797057754719,0.1992844332570105,25,30,20
24,2550,1.9007836258172069e-28,0.7999856481429063,0.0007044359584804579,0.19930991589861322,25,30,20
24,2551,1.0289971219421177e-26,0.7992590547485001,0.000753730202788099,0.19998721504871178,25,30,20
24,2552,1.0473483564940477e-26,0.7992715893869269,0.0007284714509258974,0.19999993916214706,25,30,20
24,2553,6.067150365300586e-25,0.7992586343901482,0.0007783082677899442,0.19996305734206177,25,30,20
24,2554,1.0654268341066728e-26,0.7558455694413051,0.04415507867390966,0.19999935188478518,25,30,20
24,2555,3.4016950370963625e-23,0.7565603426867638,0.043440320652159616,0.19999933666107672,25,30,20
24,2556,6.800284762932931e-23,0.7565590506745954,0.04344096848917068,0.1999999808362337,25,30,20
24,2557,5.962508299062155e-25,0.7966061528377639,0.004107940088140346,0.19928590707409566,25,30,20
24,2558,5.859647076467154e-25,0.7999850311242132,0.0007659470764855707,0.19924902179930118,25,30,20
24,2559,3.563805413464674e-30,0.799997300150564,4.0000997335004176e-06,0.1999986997497025,25,30,20
24,2560,3.453746302679027e-30,0.7999979594054304,2.7040536225681357e-06,0.1999993365409469,25,30,20
24,2561,1.8701958066185449e-28,0.79996152522803,3.912686996097485e-05,0.1999993479020089,25,30,20
24,2562,3.397263055691586e-30,0.7999990769473244,9.271898975696115e-07,0.19999999586277792,25,30,20
24,2563,5.966018080650317e-25,0.799936296455092,6.3942811852355e-05,0.1999997607330554,25,30,20
24,2564,5.96601868597225e-25,0.799973401317134,2.7478260915607194e-05,0.19999912042195017,25,30,20
24,2565,1.901903013621157e-28,0.7999986609376417,1.4097885066063833e-05,0.19998724117729208,25,30,20
24,2566,1.8697277314832432e-28,0.7999598158393247,4.0203855065215994e-05,0.19999998030561003,25,30,20
24,2567,5.418204488851858e-28,0.7586648496459961,0.0413351624032698,0.19999998795073431,25,30,20
24,2568,2.1114228159171224e-26,0.7579997099208252,0.04198885818734327,0.20001143189183146,25,30,20
24,2569,1.8727034242426623e-21,0.7599994556339632,0.03932344668894286,0.20067709767709374,25,30,20
24,2570,1.9037982294422174e-21,0.759986103293128,0.040728406836200076,0.19928548987067174,25,30,20
24,2571,1.4832172626287978e-13,0.7599609009219198,0.04003975421937566,0.19999934485855608,25,30,20
24,2572,2.0454689442038472e-14,0.7599731771075524,0.0400275277664834,0.1999992951259435,25,30,20
24,2573,2.0454689442049106e-14,0.7206865317785228,0.0793148211858206,0.19999864703563597,25,30,20
24,2574,3.4072325184038365e-16,0.720688300367161,0.07933759721457484,0.19997410241826358,25,30,20
24,2575,2.137900310914386e-26,0.719975287387252,0.0797145413653843,0.2003101712473635,25,30,20
24,2576,3.158371556078205e-26,0.7206757893801051,0.07932537019512684,0.19999884042476798,25,30,20
24,2577,3.398503184066776e-23,0.7999355968018268,6.572598944875269e-05,0.19999867720872438,25,30,20
24,2578,5.964149653256346e-25,0.7999736210916047,6.395430128856886e-05,0.19996242460710667,25,30,20
24,2579,3.345649560428107e-30,0.7999360458451013,6.46104399313744e-05,0.1999993437149674,25,30,20
24,2580,3.03813028074782e-25,0.7796026533679346,0.020434899363050367,0.19996244726901488,25,30,20
24,2581,3.370339227928264e-23,0.7396165101438368,0.06042040200655112,0.199963087849612,25,30,20
24,2582,1.0861464432617936e-19,0.7768477025619777,0.023152532779875404,0.1999997646581467,25,30,20
24,2583,1.701123785064197e-23,0.7792190579945507,0.02079390551752242,0.19998703648792684,25,30,20
24,2584,3.3420715601429824e-23,0.7599731365483136,0.04002688639780873,0.1999999770538775,25,30,20
24,2585,3.809868277220054e-21,0.7599621351536748,0.06039523101891736,0.17964263382740764,25,30,20
24,2586,3.809868096315934e-21,0.7599485503841286,0.042052109029733005,0.1979993405861383,25,30,20
24,2587,3.809857717015824e-21,0.7599491801355449,0.060395435470243425,0.1796553843942117,25,30,20
24,2588,3.8098577172436834e-21,0.7279856549843577,0.09235896088609855,0.1796553841295438,25,30,20
24,2589,2.06890090532255e-18,0.7279858840875025,0.08578868630387962,0.18622542960861768,25,30,20
24,2590,5.829707049865178e-13,0.7279248321358626,0.09207062069581298,0.18000454716774159,25,30,20
24,2591,5.829707049531188e-13,0.7598512650534769,0.06014419914151322,0.18000453580442716,25,30,20
24,2592,5.829647258571876e-13,0.7599245993188072,0.05940648190923033,0.18066891877137972,25,30,20
24,2593,1.9389041127349495e-21,0.7599252764290891,0.0793991262711503,0.16067559729976058,25,30,20
24,2594,1.1232164744038892e-19,0.7592858971929906,0.08070334875989603,0.16001075404711337,25,30,20
24,2595,1.9723028124501623e-21,0.7599492292606129,0.08006439669096166,0.15998637404842503,25,30,20
24,2596,1.9717271186713624e-21,0.7599865348100322,0.07933702294900537,0.16067644224096234,25,30,20
24,2597,1.0861546229401763e-19,0.7599606352925943,0.08005235406942932,0.15998701063797618,25,30,20
24,2598,6.08958401679617e-18,0.7606384323021481,0.07871977365282262,0.1606417940450292,25,30,20
24,2599,1.0861612110613215e-19,0.7606751242553392,0.08070462951258099,0.1586202462320799,25,30,20
24,2600,1.7006366352415473e-23,0.7799667884993698,0.06140064993143765,0.15863256156919267,25,30,20
24,2601,3.644326526148008e-28,0.797984830109508,0.04338261204533866,0.1586325578451531,25,30,20
24,2602,3.3985199255605413e-23,0.7999483540782745,0.040039353870684094,0.16001229205104125,25,30,20
24,2603,5.982260782082305e-17,0.7999988861198193,0.039999073839921385,0.1600020400402592,25,30,20
24,2604,5.9822607820823e-17,0.7999977950340313,0.04000080151643174,0.1600014034495368,25,30,20
24,2605,1.6475184723774486e-11,0.7999979711994081,0.030089042598352753,0.16991298618576375,25,30,20
24,2606,1.2038473804843253e-24,0.7999992287368969,1.3530410039465072e-05,0.1999872408530635,25,30,20
24,2607,1.0656938294906184e-26,0.7999733708105023,2.666788524489365e-05,0.19999996130425263,25,30,20
24,2608,1.0663488511929033e-26,0.7999865085364621,1.3518990846197786e-05,0.19999997247269174,25,30,20
24,2609,2.1126798665729034e-26,0.7992725333877899,0.0007281421669056645,0.1999993244453042,25,30,20
24,2610,1.0476647620331455e-26,0.7999623585563892,3.766525263052102e-05,0.19999997619098026,25,30,20
24,2611,1.622773424844734e-29,0.7999606459464667,3.935865365415854e-05,0.19999999539987903,25,30,20
24,2612,1.0656771804713018e-26,0.7999617217466704,3.828285811430113e-05,0.19999999539521526,25,30,20
24,2613,6.561233924999952e-30,0.7999496341702675,5.037787091802574e-05,0.19999998795881438,25,30,20
24,2614,1.9024201909453054e-28,0.7992712181233946,0.0007288238379600616,0.19999995803864523,25,30,20
24,2615,1.7460295664873707e-31,0.7999992815293521,1.6053684448806943e-06,0.19999911310220292,25,30,20
24,2616,1.6858008508807387e-23,0.7999848293190585,0.020192760095238894,0.17982241058570259,25,30,20
24,2617,1.8725337656040814e-28,0.7992841313610418,0.0007165214693215689,0.19999934716963647,25,30,20
24,2618,6.070717873999148e-25,0.7999094731600329,0.00010349081724322287,0.19998703602272386,25,30,20
24,2619,5.966020380143698e-25,0.7999707570481455,5.429862826772051e-05,0.19997494432358676,25,30,20
24,2620,3.4016763309934903e-23,0.7985452387786226,0.0014556372794497737,0.19999912394192773,25,30,20
24,2621,1.0286577405079806e-26,0.7992847910746481,0.0014293020365611813,0.1992859068887908,25,30,20
24,2622,1.0286696319104545e-26,0.7999483198976417,0.0007657730187333292,0.19928590708362492,25,30,20
24,2623,2.0610080387263076e-26,0.7979966451832261,0.0027172169898397715,0.1992861378269337,25,30,20
24,2624,1.0317344880058001e-26,0.7979860848597636,0.0020139424762125116,0.19999997266402375,25,30,20
24,2625,1.9030041352036931e-28,0.7999863178315735,1.4990265474247525e-05,0.19999869190295236,25,30,20
24,2626,5.966021442505541e-25,0.7999844053742177,1.625496706458545e-05,0.19999933965871766,25,30,20
24,2627,1.8702440167100727e-28,0.799987008315313,1.3227496824558231e-05,0.19999976418786247,25,30,20
24,2628,3.399194227734461e-30,0.7999494304055068,5.081624167586427e-05,0.19999975335281725,25,30,20
24,2629,6.568138114589998e-30,0.7999490167216962,5.123385352513137e-05,0.19999974942477855,25,30,20
24,2630,6.070683965590578e-25,0.7999846054102078,1.5630006738461224e-05,0.19999976458305352,25,30,20
24,2631,6.070747243962114e-25,0.7999353787529931,6.464106380170489e-05,0.19999998018320508,25,30,20
24,2632,1.0469926061356825e-26,0.799948569278423,5.165483139725585e-05,0.19999977589017978,25,30,20
24,2633,6.735866122601858e-30,0.7999973262832001,2.9020870352752465e-06,0.19999977162976465,25,30,20
24,2634,1.9041553744754e-28,0.7999964849249366,4.1295216950141164e-05,0.19996221985811302,25,30,20
24,2635,1.0476591992045394e-26,0.79799752351917,0.0020523557674137086,0.1999501207134161,25,30,20
24,2636,1.8386327273615262e-28,0.7979979482553273,0.00203960878690477,0.19996244295776788,25,30,20
24,2637,2.093352248522883e-26,0.7985807180283748,0.0014199419175725378,0.19999934005405262,25,30,20
24,2638,1.9037772869448066e-21,0.7999490351404317,0.0007656830175428265,0.19928528184202546,25,30,20
24,2639,1.065050021314196e-26,0.7999860992358873,4.003931312086466e-05,0.19997386145099155,25,30,20
24,2640,1.868499229904551e-28,0.7999852354484722,2.7516133669300088e-05,0.19998724841785845,25,30,20
24,2641,3.3996383622875094e-23,0.7999614610804008,0.0020512901027739776,0.19798724881682528,25,30,20
24,2642,1.9329831314245405e-28,0.7796423446772813,0.02235767095710193,0.19799998436561675,25,30,20
24,2643,6.070844374309382e-25,0.7999863007240219,1.371889699515243e-05,0.19999998037898256,25,30,20
24,2644,2.0943115827978238e-26,0.7999984138526753,1.6172703008411395e-06,0.19999996887702357,25,30,20
24,2645,1.0663327756840487e-26,0.7999479034859434,5.2987599874441203e-05,0.19999910891418227,25,30,20
24,2646,5.969692263406367e-25,0.7998497367566639,0.0008412112929203561,0.1993090519504156,25,30,20
24,2647,1.0476536499542836e-26,0.799960847348356,7.606479826815863e-05,0.19996308785337585,25,30,20
24,2648,1.7667425596921475e-31,0.7999988651496426,1.7984505324360497e-06,0.1999993363998248,25,30,20
24,2649,3.286192852717044e-30,0.7999994788853196,3.806992065395125e-05,0.19996245119402617,25,30,20
24,2650,1.083384693409928e-26,0.7999861106620441,5.079437572567883e-05,0.1999630949622302,25,30,20
24,2651,1.0655189340237655e-26,0.7596345078032798,0.04041514780299099,0.19995034439372936,25,30,20
24,2652,5.32056414787861e-27,0.7595619144383948,0.04045701321191893,0.19998107234968615,25,30,20
24,2653,1.8996974986343045e-28,0.7979857135192647,0.002014332291984787,0.19999995418875038,25,30,20
24,2654,5.477812374181417e-28,0.7992847727285074,0.0007154965867761111,0.19999973068471646,25,30,20
24,2655,5.542768555536739e-28,0.7999740067295968,2.6262513459293685e-05,0.19999973075694386,25,30,20
24,2656,1.8782573342584925e-28,0.7692480771960153,0.030751957114501394,0.1999999656894832,25,30,20
24,2657,3.715670019393691e-28,0.7699479065350618,0.030052128435378717,0.19999996502955975,25,30,20
24,2658,1.0657222802912755e-26,0.7579986193097339,0.042002052056699955,0.19999932863356598,25,30,20
24,2659,1.0473539564198166e-26,0.737604826186179,0.06239519735227989,0.19999997646154102,25,30,20
24,2660,1.0647106902955158e-26,0.7396164644022213,0.060420447941423656,0.19996308765635487,25,30,20
24,2661,1.104173049389063e-19,0.7395795783265904,0.06042043365390334,0.19999998801950616,25,30,20
24,2662,5.481071411405163e-28,0.7789514187291688,0.02104861578426379,0.19999996548656726,25,30,20
24,2663,6.841820494785426e-30,0.7999990394670689,1.0066066812352192e-06,0.19999995392624975,25,30,20
24,2664,1.0479865216501184e-26,0.799924817209627,7.588766686744149e-05,0.1999992951235054,25,30,20
24,2665,1.0470149989412565e-26,0.7999492103059872,6.354107354840651e-05,0.1999872486204643,25,30,20
24,2666,1.084062204195412e-26,0.7999612934385862,0.0007534401867753532,0.19928526637463823,25,30,20
24,2667,1.0840619103939663e-26,0.7999612787456463,3.93853115345836e-05,0.19999933594281916,25,30,20
24,2668,1.9346260973854923e-28,0.7999614874283419,3.9176628838912595e-05,0.19999933594281916,25,30,20
24,2669,1.047009453346806e-26,0.7992858375642058,0.002714610175462538,0.19799955226033178,25,30,20
24,2670,1.8171557570808663e-31,0.7999619423230798,8.77204574139396e-05,0.19995033721950597,25,30,20
24,2671,1.0460435847912748e-26,0.7998886156363517,0.00011138876447452711,0.1999999955991737,25,30,20
24,2672,6.671204566408425e-30,0.7999123103965345,8.792501803591816e-05,0.19999976458542945,25,30,20
24,2673,6.676145427017597e-30,0.7999364747534361,6.439705706546492e-05,0.19999912818949842,25,30,20
24,2674,3.396287609790956e-30,0.799986098983786,1.5011611625940701e-05,0.19999888940458793,25,30,20
24,2675,3.398680737863721e-23,0.7979409460745437,0.002059524011353411,0.19999952991410294,25,30,20
24,2676,3.341061299653334e-23,0.7992949383592841,0.0007182481882941194,0.19998681345242184,25,30,20
24,2677,5.543344815409632e-28,0.7999977693975058,0.0007158882236333504,0.199286342378861,25,30,20
24,2678,1.1045362274944767e-19,0.7999858969572382,0.0007281773474006628,0.199285925695361,25,30,20
24,2679,1.1045302614776074e-19,0.7999490011124755,0.0007650805048712235,0.19928591838265305,25,30,20
24,2680,9.786605860218825e-30,0.7999852310617414,1.5428940292502445e-05,0.19999933999796596,25,30,20
24,2681,1.9048704183805578e-21,0.7979253816843744,0.0020753045768474527,0.19999931373877797,25,30,20
24,2682,5.671548200355243e-25,0.7979848341756859,0.0020158593353858793,0.19999930648892822,25,30,20
24,2683,1.935279802594141e-28,0.7999865424862276,5.102134882299259e-05,0.1999624361649494,25,30,20
24,2684,1.0011808377066809e-29,0.7999996948574096,1.1923751157618723e-06,0.1999991127674744,25,30,20
24,2685,9.839244463112144e-30,0.799285428251016,0.0007150119172528382,0.199999559831731,25,30,20
24,2686,2.0930301277139824e-26,0.7999610784300556,5.166935950025896e-05,0.19998725221044394,25,30,20
24,2687,2.0927304654222323e-26,0.7999241898356947,0.00011338861226024973,0.1999624215520449,25,30,20
24,2688,2.093972787937085e-26,0.7999242045929469,0.0008019683994061343,0.19927382700764698,25,30,20
24,2689,1.9012795974817066e-28,0.799949009217811,8.791408457302524e-05,0.19996307669761593,25,30,20
24,2690,1.0467094972680758e-26,0.7992845680344925,0.0007523593893564408,0.1999630725761511,25,30,20
24,2691,1.8724934060195885e-28,0.7999966940673986,4.110103304173656e-05,0.1999622048995597,25,30,20
24,2692,5.5094042401255385e-28,0.7999975237102045,4.002881313670303e-05,0.19996244747665848,25,30,20
24,2693,3.672589352869732e-28,0.7979621655647214,0.0020753867660376073,0.1999624476692407,25,30,20
24,2694,1.9345780386225793e-28,0.7979727564099229,0.0020278957512898654,0.199999347838787,25,30,20
24,2695,9.951203992452658e-30,0.7999369137802955,7.714414744168414e-05,0.19998594207226283,25,30,20
24,2696,1.8736428974679594e-28,0.7999002289372106,0.00013689560905232,0.19996287545373714,25,30,20
24,2697,1.0464213279721167e-26,0.7984367505823645,0.001563913282372414,0.1999993361352628,25,30,20
24,2698,1.0657328792372054e-26,0.7998996232991762,0.00010169231115632568,0.19999868438966734,25,30,20
24,2699,3.620170920749367e-30,0.7998750226626531,0.00012627779272106443,0.19999869954462582,25,30,20
24,2700,6.1751583328113245e-25,0.799949214277568,0.04005208623738939,0.15999869948504233,25,30,20
24,2701,1.0858035659441597e-19,0.7992219844962679,0.0014691871878391514,0.19930882831589283,25,30,20
24,2702,1.0858035624330278e-19,0.799887683037645,0.0008032725915333493,0.19930904437082153,25,30,20
24,2703,1.0861434143227634e-19,0.7999125252550257,0.0007777822207643629,0.1993096925242098,25,30,20
24,2704,1.085803564366492e-19,0.7999624956917069,0.0007278038171389346,0.19930970049115396,25,30,20
24,2705,1.0858034596339876e-19,0.7999610818377968,0.0007292219094907055,0.19930969625271217,25,30,20
24,2706,1.04762957393696e-26,0.749639748864588,0.05036025547665179,0.1999999956587602,25,30,20
24,2707,3.2040726433308886e-18,0.739660943024156,0.06035224800938265,0.19998680896646118,25,30,20
24,2708,3.204072949266197e-18,0.7196451636078447,0.08036757641263335,0.19998725997952196,25,30,20
24,2709,6.086211538084816e-18,0.7005052712387143,0.09884204184322667,0.2006526869180589,25,30,20
24,2710,1.9389670571635978e-21,0.6799870009616658,0.12002574688856293,0.19998725214977145,25,30,20
24,2711,6.40913313409519e-18,0.6792861990732161,0.12077618252765104,0.19993761839913288,25,30,20
24,2712,1.1337623852065728e-19,0.7199983099990025,0.0800394600167824,0.19996222998421506,25,30,20
24,2713,1.1337623852713055e-19,0.7199976695491772,0.11001507980020159,0.1699872506506213,25,30,20
24,2714,2.200539594079379e-19,0.7199858018634434,0.08070410544684276,0.19931009268971386,25,30,20
24,2715,2.200539595851748e-19,0.719973498214697,0.08071703452118499,0.19930946726411797,25,30,20
24,2716,1.1143787962726222e-19,0.7199864159159627,0.08000193417745638,0.20001164990658085,25,30,20
24,2717,1.1144913893801234e-19,0.7199493258347098,0.07985567404064106,0.20019500012464903,25,30,20
24,2718,3.1214907123781266e-18,0.7172474941561771,0.06914951919635881,0.21360298664746413,25,30,20
24,2719,3.344056979581765e-23,0.7199850304221002,0.0013843412712963427,0.2786306283066034,25,30,20
24,2720,1.8713538601490642e-28,0.7199487964404,5.120450932319496e-05,0.27999999905027684,25,30,20
24,2721,3.3399611587378233e-23,0.7192334420476284,0.0007687674964498353,0.2799977904559217,25,30,20
24,2722,9.892739428480206e-30,0.7199255257969835,7.604741195501953e-05,0.27999842679106135,25,30,20
24,2723,1.0476474280315665e-26,0.7199496605661718,8.750532919408558e-05,0.27996283410463396,25,30,20
24,2724,3.397280413112376e-30,0.7199863485455061,1.4322565815230616e-05,0.2799993288886787,25,30,20
24,2725,5.965955396214767e-25,0.719949187973471,5.1274935280402886e-05,0.2799995370912485,25,30,20
24,2726,3.5131516925031684e-30,0.7199865231164767,5.04194729430419e-05,0.27996305741058,25,30,20
24,2727,1.0470144043826372e-26,0.7192858639695112,0.0007638145756506651,0.27995032145483817,25,30,20
24,2728,6.0716699147582675e-25,0.6976175618874801,0.022395651989741742,0.27998678612277816,25,30,20
24,2729,2.1671064756218642e-26,0.7199984060803684,1.5019723267260105e-05,0.2799865741963643,25,30,20
24,2730,2.1123519561471364e-26,0.7199854353469334,0.000728654445165322,0.2792859102079012,25,30,20
24,2731,9.897694009493764e-30,0.6799858836007037,0.040014996391523415,0.27999912000777294,25,30,20
24,2732,9.771675099381231e-22,0.6803324925930184,0.040380933888583874,0.2792865735183976,25,30,20
24,2733,9.771577839657487e-22,0.6803195374005084,0.0396807092666432,0.2799997533328485,25,30,20
24,2734,1.938338353595322e-21,0.6792483272243405,0.04076508702133264,0.2799865857543268,25,30,20
24,2735,1.9383796561212146e-21,0.6792612185418483,0.040751559434920835,0.2799872220232307,25,30,20
24,2736,3.396466306542548e-23,0.6979797482218706,0.022020513855432994,0.27999973792269633,25,30,20
24,2737,3.773206519925868e-28,0.7179986225355804,0.0020158762920270998,0.27998550117239235,25,30,20
24,2738,5.5439477530171085e-28,0.7192845415910938,0.0007163838609310093,0.27999907454797496,25,30,20
24,2739,3.7065741955702164e-28,0.7192851972670918,0.0007159408459435427,0.2799988618869645,25,30,20
24,2740,1.8386530089684422e-28,0.7192599719321808,0.04072837678889215,0.24001165127892718,25,30,20
24,2741,5.966115866994378e-25,0.7199984179615861,0.04000160578226187,0.23999997625615177,25,30,20
24,2742,5.863157903387319e-25,0.7199999144777189,0.04075023777253135,0.23924984774974978,25,30,20
24,2743,3.6848490924178065e-20,0.7192776435967255,0.028108819753438437,0.2526135366498358,25,30,20
24,2744,3.866442409963406e-28,0.7192607945352882,0.040739675941648075,0.23999952952306336,25,30,20
24,2745,1.67152289854587e-23,0.7196177662791174,0.0403835564763031,0.2399986772445793,25,30,20
24,2746,2.0096379580872988e-14,0.7192608546174815,0.04077628129230069,0.23996286409019751,25,30,20
24,2747,1.9043632636254803e-21,0.719248971057614,0.0407512686163291,0.23999976032605674,25,30,20
24,2748,3.4592260924286186e-23,0.7199867729315206,0.04001453457094144,0.2399986924975378,25,30,20
24,2749,3.4602911300446283e-23,0.7179990543690957,0.04201413278477076,0.23998681284613355,25,30,20
24,2750,1.979632120470006e-25,0.7129106846463452,0.04908956977322577,0.23799974558042902,25,30,20
24,2751,1.9383385211228434e-21,0.7193219005921827,0.04267834580196972,0.23799975360584757,25,30,20
24,2752,3.3996029816176424e-23,0.72001030145941,0.04398972148482222,0.2359999770557679,25,30,20
24,2753,3.3995842849904596e-23,0.7179736325824152,0.04202791384115003,0.2399984535764348,25,30,20
24,2754,3.4006673694856536e-23,0.7199496349154707,0.04008773964819316,0.23996262543633612,25,30,20
24,2755,3.399584629638549e-23,0.7199492139225928,0.040051915560002004,0.2399988705174049,25,30,20
24,2756,1.0473315959263565e-26,0.7199722877567788,0.04002838727084008,0.239999324972381,25,30,20
24,2757,6.175287657513865e-25,0.7199578245115857,0.04075561306604171,0.23928656242237234,25,30,20
24,2758,3.5579139691692535e-16,0.7159661986729584,0.044759991641031144,0.23927380968601006,25,30,20
24,2759,6.2976594593491784e-18,0.7172357964120001,0.042777197739905244,0.23998700584809454,25,30,20
24,2760,3.45825314927289e-23,0.7192481382598274,0.04078900130847879,0.23996286043169363,25,30,20
24,2761,9.700662866610766e-22,0.7392465653063995,0.02075433315530533,0.2399991015382951,25,30,20
24,2762,2.9084040636770037e-21,0.7392834458592671,0.020766645431880493,0.23994990870885213,25,30,20
24,2763,1.938337780298141e-21,0.7599479213684163,0.00010216999834448445,0.2399499086332391,25,30,20
24,2764,1.938337422603499e-21,0.7206273168134071,0.03939798450034865,0.23997469868624413,25,30,20
24,2765,5.827794989237333e-13,0.7192586565148005,0.040754445594554364,0.23998689789006244,25,30,20
24,2766,1.700067791356023e-23,0.7199113359559511,0.0400893237896426,0.23999934025440622,25,30,20
24,2767,1.7001041825599387e-23,0.7199243173414998,0.04008952880313852,0.2399861538553617,25,30,20
24,2768,5.1007318881898335e-23,0.7199861749512965,0.040014283902223224,0.23999954114648006,25,30,20
24,2769,1.6853003601269696e-23,0.7199916747829478,0.04004545355927322,0.2399628716577792,25,30,20
24,2770,3.3410068617226303e-23,0.7186872208803564,0.04132553083503135,0.2399872482846121,25,30,20
24,2771,5.8615127581864605e-25,0.7178879639568393,0.04143555327219214,0.24067648277096837,25,30,20
24,2772,3.12002992008166e-18,0.739777468697898,0.020248025679668134,0.23997450562243366,25,30,20
24,2773,1.7288293298748604e-23,0.7099820633139348,0.05005572050058937,0.23996221618547572,25,30,20
24,2774,5.967887860517475e-25,0.7299723326238204,0.030065227757510405,0.23996243961866914,25,30,20
24,2775,5.973394873739827e-25,0.7279330421779251,0.032780834958728015,0.23928612286334683,25,30,20
24,2776,3.3441472036662623e-23,0.7592823890120433,0.0007180630523141296,0.23999954793564243,25,30,20
24,2777,1.0847064024221913e-26,0.759998387257559,2.2770759555769475e-06,0.23999933566648524,25,30,20
24,2778,1.8718724723805887e-28,0.757998413855075,0.002001610022731205,0.23999997612219354,25,30,20
24,2779,9.893867603546264e-30,0.7599986451918009,1.601921999665781e-06,0.2399997528861993,25,30,20
24,2780,3.621315617309414e-30,0.7599971449038206,4.067280572463432e-05,0.23996218229045468,25,30,20
24,2781,6.954876402732753e-30,0.7599470499052743,5.387893728865752e-05,0.23999907115743693,25,30,20
24,2782,6.791167684561191e-30,0.7599848066953675,1.5220574172390107e-05,0.23999997273045984,25,30,20
24,2783,3.400115237868864e-30,0.7599954357096828,4.572941127102882e-06,0.23999999134918987,25,30,20
24,2784,6.677033251691714e-30,0.7599473196705178,5.334797905714024e-05,0.23999933235042475,25,30,20
24,2785,6.731776708500106e-30,0.7599861327997078,1.4758411193307136e-05,0.23999910878909872,25,30,20
24,2786,3.5132878384551935e-30,0.7599496560456532,0.00010063588458915571,0.23994970806975752,25,30,20
24,2787,3.509255805742559e-30,0.7599494493543005,8.74631327794142e-05,0.2399630875129198,25,30,20
24,2788,1.306174980036172e-29,0.7599371114106177,0.00010044504299790326,0.23996244354638435,25,30,20
24,2789,6.291915970264826e-18,0.7599485703293176,5.2093199919912064e-05,0.23999933647076235,25,30,20
24,2790,1.0470033022827966e-26,0.720530000173158,0.03947130779937743,0.23999869202746443,25,30,20
24,2791,5.969530099313472e-25,0.7206514590210977,0.03934986010479992,0.2399986808741021,25,30,20
24,2792,1.2041984110610908e-24,0.7206149905043884,0.039386339925199666,0.23999866957041188,25,30,20
24,2793,1.1041788043374837e-19,0.7199619267917461,0.04003807801125289,0.23999999519700105,25,30,20
24,2794,1.1041787988631518e-19,0.7199867773220384,0.04001387138571598,0.2399993512922453,25,30,20
24,2795,3.406184151088722e-16,0.6813312753872671,0.07866940722244825,0.23999931739028424,25,30,20
24,2796,5.865090883718644e-25,0.7192969175878402,0.06104858522761534,0.21965449718454436,25,30,20
24,2797,5.971558529279201e-25,0.7199604767479221,0.08003998581670756,0.19999953743537005,25,30,20
24,2798,6.297658940868395e-18,0.7179861689508489,0.08201448745368585,0.19999934359546517,25,30,20
24,2799,3.463790522419647e-16,0.7160090707792313,0.0840157425379986,0.1999751866827694,25,30,20
24,2800,3.457224903803607e-23,0.7193075011075486,0.08076548875605939,0.19992701013639202,25,30,20
24,2801,2.0436261068078693e-14,0.7192854168463354,0.08146493963161167,0.19924964352203225,25,30,20
24,2802,6.52938111647533e-11,0.7592109496345804,0.08079035393848713,0.15999869636163852,25,30,20
24,2803,1.938924472778591e-21,0.7599351712692405,0.0800648668317109,0.15999996189904842,25,30,20
24,2804,1.8443718037811252e-09,0.7592219918028911,0.08043668634290939,0.1603413200098273,25,30,20
24,2805,6.2938191843531924e-18,0.7599615025238745,0.08003850919288875,0.15999998828323647,25,30,20
24,2806,1.9377729520406025e-21,0.7598872783503394,0.08014942922797723,0.15996329242168336,25,30,20
24,2807,1.9377783276158866e-21,0.7397230855656081,0.10027799484516482,0.159998919589227,25,30,20
24,2808,1.937778701306166e-21,0.7398206218339538,0.10089258825094502,0.15928678991510126,25,30,20
24,2809,3.1483243806749416e-18,0.7399460704377632,0.10008939876272371,0.15996453079951303,25,30,20
24,2810,6.799130259429813e-23,0.7592109532587173,0.08215669763384086,0.158632349107442,25,30,20
24,2811,1.9383798049986277e-21,0.7579627951099559,0.08203743637420154,0.15999976851584233,25,30,20
24,2812,2.046087464630762e-14,0.7579988230962508,0.08200163202360987,0.1599995448801187,25,30,20
24,2813,6.405719012343214e-18,0.7602475164082364,0.07974677356072932,0.16000571003103403,25,30,20
24,2814,6.097776020793848e-11,0.760916625573273,0.07915378214190216,0.1599295922238469,25,30,20
24,2815,1.9711736508317845e-21,0.7600113741100891,0.08070206373667821,0.15928656215323253,25,30,20
24,2816,3.458270585289929e-23,0.7606524350715482,0.07934758070145273,0.15999998422699913,25,30,20
24,2817,6.329727413771028e-24,0.7397565055745374,0.09361664100294434,0.16662685342251787,25,30,20
24,2818,5.763963918646864e-24,0.7601015222274572,0.07327183661921773,0.16662664115332504,25,30,20
24,2819,6.360196124936394e-24,0.7580268322061581,0.07538365063476571,0.16658951715907616,25,30,20
24,2820,6.977984227510647e-23,0.7704676724398568,0.029546169907101853,0.19998615765304112,25,30,20
24,2821,6.977942971654388e-23,0.7999243862935154,8.945585406763292e-05,0.19998615785241694,25,30,20
24,2822,6.919383238376381e-23,0.7985219534007119,0.001491233665651733,0.19998681293363618,25,30,20
24,2823,1.0644284043995636e-26,0.7985594638294202,0.001440563101933911,0.19999997306864564,25,30,20
24,2824,1.838048196549766e-28,0.7992729049070652,0.0007271069393516978,0.19999998815358325,25,30,20
24,2825,2.092724112348513e-26,0.7985579780001948,0.0014420450238824347,0.19999997697592276,25,30,20
24,2826,3.7070904837621715e-28,0.7999114492036914,8.986229086989891e-05,0.19999868850543873,25,30,20
24,2827,1.9018062451113757e-28,0.7999852656879471,0.0020154093314156286,0.1979993249806371,25,30,20
24,2828,6.070718282780616e-25,0.7999615217724156,0.002051240838449061,0.1979872373891351,25,30,20
24,2829,5.967822654627352e-25,0.7999458040882673,5.486708230811598e-05,0.1999993288294245,25,30,20
24,2830,1.903550556975419e-28,0.7979630590768112,0.0020373888624404778,0.19999955206074804,25,30,20
24,2831,2.0930684786726952e-26,0.7992718396620418,0.0007529842926882632,0.19997517604526976,25,30,20
24,2832,1.0463653469902442e-26,0.7999997018658084,2.5122353550896727e-05,0.19997517578064067,25,30,20
24,2833,5.669649096651792e-25,0.7979999261480843,0.002000733857511212,0.19999933999440436,25,30,20
24,2834,1.142987681598994e-24,0.796594984693082,0.003405035191334423,0.19999998011558326,25,30,20
24,2835,3.458195524554898e-23,0.7985950027796475,0.0014058883633762107,0.19999910885697605,25,30,20
24,2836,5.964186317273902e-25,0.7998989418028064,0.00010128276767826661,0.19999977542951514,25,30,20
24,2837,1.0834180910739819e-26,0.7999990242540777,1.2269113472949162e-06,0.1999997488345751,25,30,20
24,2838,1.0311012844051412e-26,0.797986943392762,0.00202583071882108,0.19998722588841683,25,30,20
24,2839,1.0133660045203216e-26,0.7979979898640063,0.0020027039758774017,0.1999993061601163,25,30,20
24,2840,1.030482779627833e-26,0.7939997175110162,0.0060003055738724,0.19999997691511137,25,30,20
24,2841,1.0127717512789983e-26,0.7659731323849358,0.03403963002976774,0.19998723758529624,25,30,20
24,2842,5.962481296665766e-25,0.7699107942458215,0.030089228775692926,0.19999997697848518,25,30,20
24,2843,1.904979163124154e-21,0.7579491878429314,0.04205211947034094,0.19999869268672751,25,30,20
24,2844,1.2031292680910006e-24,0.7606498658156059,0.039350793736254254,0.1999993404481398,25,30,20
24,2845,2.0936736363211602e-26,0.7606748909205169,0.039325332930321595,0.19999977614916153,25,30,20
24,2846,1.0473373589718433e-26,0.7606507482382824,0.039349267593481986,0.1999999841682356,25,30,20
24,2847,3.2864708251701677e-23,0.7606403464974231,0.039359687886594635,0.19999996561598227,25,30,20
24,2848,3.2854423492567163e-23,0.7403311388306184,0.060382947166250325,0.19928591400313128,25,30,20
24,2849,3.2854238504366095e-23,0.7606252516493488,0.039387503849337,0.19998724450131405,25,30,20
24,2850,3.066745246671988e-18,0.7599553142826804,0.04004556177659491,0.19999912394072486,25,30,20
24,2851,3.0667452466752624e-18,0.7599797101738271,0.04002116961642571,0.1999991202097472,25,30,20
24,2852,1.3230120269341777e-29,0.7396533979911137,0.06034726965964533,0.19999933234924097,25,30,20
24,2853,5.966146444505173e-25,0.7599981985986902,0.04000332941722144,0.19999847198408832,25,30,20
24,2854,8.650818102504743e-24,0.7699993078815192,0.030001988257626438,0.1999987038608543,25,30,20
24,2855,1.0136976249728594e-14,0.7798160534436387,0.020183972011447025,0.19999997454490398,25,30,20
24,2856,1.0136976249739064e-14,0.7798153831513959,0.02022154207350165,0.1999630747750922,25,30,20
24,2857,1.0136976249739064e-14,0.7798151862477508,0.020184854028834617,0.1999999597234045,25,30,20
24,2858,1.0136976249739068e-14,0.7797793249240083,0.02025759658032586,0.19996307849565553,25,30,20
24,2859,3.342034818717963e-23,0.7606884870958003,0.03933657165282375,0.19997494125137594,25,30,20
24,2860,2.0747224896789765e-26,0.7592610404033623,0.04073919872704935,0.19999976086958843,25,30,20
24,2861,2.0744121460446968e-26,0.7592114001785827,0.041514761582329855,0.19927383823908748,25,30,20
24,2862,2.0747115045137296e-26,0.7599123103976627,0.040801134893691034,0.1992865547086462,25,30,20
24,2863,1.0130442684008312e-26,0.7606148070307808,0.03938522768663179,0.19999996528258723,25,30,20
24,2864,3.6492715134920263e-16,0.760009860517475,0.039990151664849094,0.19999998781767545,25,30,20
24,2865,3.2864166721918575e-23,0.7599623579755371,0.0014054982107531858,0.2386321438137096,25,30,20
24,2866,2.0923857209532403e-26,0.7599617414427022,6.37345305837818e-05,0.23997452402671385,25,30,20
24,2867,1.8414507244254494e-21,0.7579865311427451,0.002014128739243147,0.23999934011801172,25,30,20
24,2868,9.895745212265587e-30,0.7599854770858449,1.4538623399324543e-05,0.23999998429075575,25,30,20
24,2869,3.56471304196136e-30,0.7592852343589405,0.0007147777660741629,0.2399999878749853,25,30,20
24,2870,1.0467040522710413e-26,0.7599483613246731,5.2298697204256e-05,0.23999933997812267,25,30,20
24,2871,1.0473144567761906e-26,0.7599850312827047,1.584857762628818e-05,0.23999912013966904,25,30,20
24,2872,1.0469980562957657e-26,0.7599729588401106,2.770868366408669e-05,0.2399993324762253,25,30,20
24,2873,1.0650611316800314e-26,0.7599604159949176,4.024780361317864e-05,0.23999933620146927,25,30,20
24,2874,1.0647220232965856e-26,0.7592733408165131,0.0007266714917774633,0.23999998769170944,25,30,20
24,2875,2.3124039587703603e-31,0.7599856598902557,1.435215664135231e-05,0.23999998795310307,25,30,20
24,2876,3.400591981460966e-23,0.759936679384892,6.33365247928148e-05,0.23999998409031523,25,30,20
24,2877,3.4006106549409764e-23,0.7599979439247229,2.0650033809693662e-06,0.23999999107189626,25,30,20
24,2878,3.4602891523626194e-23,0.7599614904887884,3.854409327932296e-05,0.23999996541793236,25,30,20
24,2879,3.4602888475597637e-23,0.7599617061303775,3.855181951021857e-05,0.23999974205011226,25,30,20
24,2880,3.4623454780179167e-23,0.759924606203561,8.8172229044942e-05,0.2399872215673939,25,30,20
24,2881,1.0656773665453807e-26,0.7592852011128843,0.0014053341091741498,0.23930946477794124,25,30,20
24,2882,1.8702728963962693e-28,0.759273354895646,0.0014538415687415152,0.2392728035356125,25,30,20
24,2883,1.9188637422957722e-28,0.739652926730568,0.021037145936649182,0.23930992733278245,25,30,20
24,2884,1.9686035344148811e-28,0.7599988237389286,0.0007146254014081873,0.23928655085966308,25,30,20
24,2885,1.047659691209729e-26,0.7599975277563567,0.0007161296690299405,0.23928634257461334,25,30,20
24,2886,9.89870518036696e-30,0.7592105624895518,0.000789911516472079,0.23999952599397598,25,30,20
24,2887,9.946811235185225e-27,0.7559165214034107,0.004084130693621412,0.23999934790296776,25,30,20
24,2888,2.8365769732422204e-31,0.7592117982900838,0.0007882284523314907,0.23999997325758468,25,30,20
24,2889,1.0473319994350394e-26,0.7599226626541734,0.0008035218975198688,0.2392738154483067,25,30,20
24,2890,1.8719105139314054e-28,0.7599615332755579,0.0007894526902612217,0.23924901403418083,25,30,20
24,2891,3.563894520218592e-30,0.7599604526249558,4.021136696117443e-05,0.23999933600808288,25,30,20
24,2892,1.065388148478084e-26,0.7599977469396967,2.2730157878184937e-06,0.2399999800445153,25,30,20
24,2893,1.561656947784966e-26,0.7599988418712808,0.02038334887706418,0.21961780925165494,25,30,20
24,2894,5.159538609171071e-27,0.7599612938795391,0.020433401673165784,0.219605304447295,25,30,20
24,2895,1.1467499018113213e-23,0.759998179078475,0.02674623472364749,0.21325558619787743,25,30,20
24,2896,3.459244454378882e-23,0.7599968721585756,1.5891191422014003e-05,0.23998723665000238,25,30,20
24,2897,3.12009818657974e-18,0.7398138568294442,0.020198693924892895,0.2399874492456627,25,30,20
24,2898,3.344022350919147e-23,0.7586427316372406,0.001357943211703255,0.239999325151056,25,30,20
24,2899,3.344022000430468e-23,0.7586060364756655,0.001393997910582087,0.2399999656137522,25,30,20
24,2900,3.344040996353893e-23,0.7572385898914695,0.002762085272541996,0.2399993248359883,25,30,20
24,2901,7.376138870111312e-28,0.7592351929094092,0.0007654635005625858,0.23999934359002803,25,30,20
24,2902,1.1014412336695543e-26,0.7592707897741309,0.0007292186759774274,0.2399999915498918,25,30,20
24,2903,1.0837292259621229e-26,0.7598997861367984,0.00010044960229441589,0.23999976426090697,25,30,20
24,2904,5.509413473938404e-28,0.7599474564596969,5.2767526356060305e-05,0.23999977601394712,25,30,20
24,2905,1.028018684730262e-26,0.7592722565793882,0.0007277477515074187,0.23999999566910404,25,30,20
24,2906,3.6420571200269197e-28,0.7599846064805449,0.0007288273649845235,0.23928656615447025,25,30,20
24,2907,1.0650553702325858e-26,0.7599619382637961,7.49739504521734e-05,0.23996308778575176,25,30,20
24,2908,3.401658957103731e-23,0.7592735336717904,0.0007638256765437072,0.23996264065166578,25,30,20
24,2909,3.4027233279201303e-23,0.7592474481919033,0.000779808035424841,0.23997274377267186,25,30,20
24,2910,3.40062999400807e-23,0.7592599753218038,0.0007422078185858255,0.2399978168596105,25,30,20
24,2911,1.0834288989923447e-26,0.7592722409560859,0.0007284234345555407,0.23999933560935843,25,30,20
24,2912,1.06537772503253e-26,0.7396164742223728,0.022396277553460145,0.23798724822416695,25,30,20
24,2913,6.676284018446167e-30,0.7396548596546405,0.020346020332819105,0.23999912001253992,25,30,20
24,2914,9.950202387471111e-27,0.7396171035525329,0.02239650792958034,0.23798638851788656,25,30,20
24,2915,1.1045246023004158e-19,0.7599485882767538,0.0020883129669632622,0.23796309875628285,25,30,20
24,2916,1.1048646670677434e-19,0.7192720699715669,0.04347826072270146,0.23724966930573185,25,30,20
24,2917,3.400647379973674e-23,0.7192858636358724,0.04071416056850397,0.23999997579562346,25,30,20
24,2918,3.400647713021458e-23,0.7199490020393197,0.040051673055822475,0.2399993249048579,25,30,20
24,2919,3.400665736640817e-23,0.7199863311130469,0.0400139158047943,0.23999975308215885,25,30,20
24,2920,5.524397151318567e-20,0.7399839395355291,0.020028398620837412,0.23998766184363338,25,30,20
24,2921,1.869668917250395e-28,0.7599859327589157,1.430638430294356e-05,0.23999976085678137,25,30,20
24,2922,1.9018948247625606e-28,0.7599992815063348,7.451924140130611e-05,0.23992619925226377,25,30,20
24,2923,6.61760950500566e-30,0.759972969670357,6.395364364616438e-05,0.23996307668599684,25,30,20
24,2924,5.95868158033225e-25,0.759924012484278,7.599963058600693e-05,0.23999998788513593,25,30,20
24,2925,6.562186976065519e-30,0.7599485933882266,5.141879990972031e-05,0.2399999878118636,25,30,20
24,2926,9.783736164492512e-30,0.7599608778667135,3.912367765712181e-05,0.23999999845562933,25,30,20
24,2927,6.670466132467261e-30,0.7579990847257406,0.002001564311978859,0.23999935096228042,25,30,20
24,2928,5.966049193823406e-25,0.7579992894223626,0.00200140468235944,0.23999930589527785,25,30,20
24,2929,1.8702337558176308e-28,0.7599870201287628,1.3651381203268166e-05,0.2399993284900336,25,30,20
24,2930,1.047308801006133e-26,0.7599993231198607,0.0007151940658412213,0.23928548281429798,25,30,20
24,2931,6.177154331116749e-25,0.7599867617525922,1.497819320580961e-05,0.23999826005420202,25,30,20
24,2932,2.806873948861773e-27,0.7592349370031292,0.030766582570478155,0.2099984804263926,25,30,20
24,2933,1.9055252283309926e-21,0.7592731550564221,0.040727940313135626,0.19999890463044212,25,30,20
24,2934,1.7789544762981658e-16,0.7599630859972619,0.039689699538931034,0.20034721446380677,25,30,20
24,2935,1.7789544762999722e-16,0.7299738327676324,0.06967829756013369,0.20034786967223364,25,30,20
24,2936,1.1045187553917141e-19,0.7299865681882869,0.07001451974482771,0.19999891206688514,25,30,20
24,2937,6.068850486562595e-25,0.7599252579761283,0.04007476942380695,0.19999997260006452,25,30,20
24,2938,2.9867316313809323e-25,0.75996217214918,0.020050618944413182,0.21998720890640655,25,30,20
24,2939,6.070655224431584e-25,0.7599984391814888,0.04200202702555106,0.19799953379296004,25,30,20
24,2940,3.121023613995301e-18,0.7599000210037744,0.020290437912487927,0.21980954108373765,25,30,20
24,2941,5.4649049217776004e-27,0.7599245893592123,0.020252474297247698,0.2198229363435403,25,30,20
24,2942,5.645471428919068e-27,0.7579375821859458,0.022240341958414685,0.21982207585563976,25,30,20
24,2943,2.060374360638119e-26,0.7579979781619446,0.004015004564790413,0.23798701727326496,25,30,20
24,2944,1.213610502070532e-24,0.7579487635152964,0.0047649165104051055,0.23728631997429836,25,30,20
24,2945,6.065516136103001e-25,0.7579729691581286,0.002741127749327261,0.23928590309254402,25,30,20
24,2946,5.966112493900963e-25,0.7599593585545463,4.132751210576945e-05,0.2399993139333477,25,30,20
24,2947,1.0659993265968934e-26,0.7599468087582264,5.453271158548755e-05,0.23999865853018804,25,30,20
24,2948,7.162673376997348e-28,0.7579858641838269,0.002015454945387224,0.23999868087078588,25,30,20
24,2949,3.5239995370572995e-28,0.7579500440966481,0.0020506157084436544,0.23999934019490826,25,30,20
24,2950,1.0999334342590506e-26,0.7572854359209916,0.002716531107235042,0.2399980329717734,25,30,20
24,2951,3.517100734405825e-30,0.7599988005647894,1.4837631382586134e-05,0.23998636180382815,25,30,20
24,2952,5.9643117884779215e-25,0.7599507099216314,5.1893703269839715e-05,0.23999739637509854,25,30,20
24,2953,1.0669878744437955e-26,0.7599985884243458,2.7269237621725924e-06,0.23999868465189195,25,30,20
24,2954,5.967950960023794e-25,0.7599602074808541,4.11306705866387e-05,0.23999866184855914,25,30,20
24,2955,1.1027125849332408e-26,0.7599593694570858,4.152894855853612e-05,0.23999910159435564,25,30,20
24,2956,1.0659936684474618e-26,0.7592109801976277,0.000789914677706938,0.23999910512466532,25,30,20
24,2957,5.960611555021831e-25,0.7599496533243862,8.813022313608419e-05,0.2399622164524776,25,30,20
24,2958,5.962416215240454e-25,0.7592731090216241,0.0014781001802387076,0.23924879079813693,25,30,20
24,2959,3.4016219591651443e-23,0.7585815107595222,0.0014560417121764451,0.23996244752830115,25,30,20
24,2960,5.859740876353568e-25,0.7584975322741827,0.0015393915716256487,0.2399630761541916,25,30,20
24,2961,2.3111931320660495e-31,0.7599127348100296,0.00012440051414375666,0.2399628646758265,25,30,20
24,2962,9.782691888153806e-30,0.7592219774206764,0.00077826923587557,0.239999753343448,25,30,20
24,2963,1.9663444185253926e-28,0.7592461301745079,0.0007541093595841982,0.2399997604659077,25,30,20
24,2964,1.0470960859162102e-26,0.729259108653354,0.030741570303547346,0.23999932104309846,25,30,20
24,2965,1.0471243296046196e-26,0.7202184487079948,0.039782442639277736,0.23999910865272728,25,30,20
24,2966,1.431657275327762e-29,0.7201813247139311,0.03981999834913097,0.23999867693693772,25,30,20
24,2967,3.398575606522891e-23,0.7200102971589039,0.039990366573245305,0.23999933626785072,25,30,20
24,2968,1.6170333204020148e-29,0.7206013390906173,0.03939868079404431,0.23999998011533838,25,30,20
24,2969,1.0489415734092855e-26,0.7206369399979513,0.03940019258655919,0.23996286741548942,25,30,20
24,2970,1.1041850711870303e-19,0.719960877162565,0.04006397711940795,0.23997514571802708,25,30,20
24,2971,1.1041909307955333e-19,0.7199859249181554,0.0400020105824585,0.24001206449938578,25,30,20
24,2972,1.1041850694473226e-19,0.7199468564604002,0.040078615477332706,0.2399745280622669,25,30,20
24,2973,2.0990500028306332e-18,0.7199727041566055,0.026745055272765002,0.2532822405706293,25,30,20
24,2974,2.0990499923702117e-18,0.7199843491950431,0.02669651823233171,0.25331913257262506,25,30,20
24,2975,9.785616183730907e-30,0.719998630818569,1.4337017020925737e-05,0.2799870321644099,25,30,20
24,2976,3.707050165080329e-28,0.7179850463653036,0.0020531618478836873,0.2799617917868127,25,30,20
24,2977,2.8769040430841243e-31,0.7199973682772345,3.30277685142348e-06,0.279999328945914,25,30,20
24,2978,9.898632180399681e-30,0.7199725262122232,2.8364878163527212e-05,0.2799991089096132,25,30,20
24,2979,1.8696678733062686e-28,0.7199483615862114,5.1885399158124585e-05,0.2799997530146303,25,30,20
24,2980,1.0818616028482134e-26,0.718536201119327,0.003464704787972101,0.2779990940927009,25,30,20
24,2981,1.0470202578066394e-26,0.7185224037288337,0.0014784798473808122,0.27999911642378517,25,30,20
24,2982,1.0302297104289409e-26,0.7178686337379232,0.0021314125491580242,0.27999995371291875,25,30,20
24,2983,3.679134781409631e-28,0.7179997064080547,0.0020009652419095995,0.27999932835003544,25,30,20
24,2984,2.07473812042472e-26,0.7172478878112005,0.0034655696433906476,0.27928654254540863,25,30,20
24,2985,1.0663494273791139e-26,0.719961040974855,0.0007526173122416682,0.27928634171290306,25,30,20
24,2986,1.9035387146771443e-28,0.7199854476235248,1.5455157943053493e-05,0.27999909721853217,25,30,20
24,2987,5.964250180801752e-25,0.7199377512044934,6.248440620336239e-05,0.2799997643893031,25,30,20
24,2988,6.067078095736394e-25,0.7199744658874159,6.331778948732266e-05,0.27996221632309676,25,30,20
24,2989,6.068788911582605e-25,0.7199381721457574,0.0027636016484149876,0.2772982262058274,25,30,20
24,2990,2.0924076291954596e-26,0.719924647429331,7.6009064713424e-05,0.2799993435059553,25,30,20
24,2991,6.06374696405995e-25,0.7179375884024095,0.042109175663369136,0.23995323593422127,25,30,20
24,2992,1.7033853098711984e-23,0.69994768346887,0.05942319880806782,0.24062911772306206,25,30,20
24,2993,1.5472910675676703e-18,0.649813660459741,0.10938418199529128,0.24080215754496767,25,30,20
24,2994,1.9717889889364292e-21,0.6400120175483708,0.11935823950338226,0.2406297429482468,25,30,20
24,2995,2.123309757149999e-18,0.6598480773280823,0.08682024691602941,0.2533316757558884,25,30,20
24,2996,2.1233312940863536e-18,0.6598713103655267,0.06149601943591737,0.27863267019855564,25,30,20
24,2997,9.527680486981795e-22,0.6596477667370899,0.06038973234954249,0.27996250091336755,25,30,20
24,2998,2.008998488786837e-14,0.6779977886405548,0.04200353029761394,0.279998681061811,25,30,20
24,2999,1.0009023125662027e-21,0.6799611255197106,0.04203414009861881,0.2780047343816707,25,30,20
24,3000,1.085492814034383e-19,0.6792839163120423,0.06072291981104477,0.25999316387691296,25,30,20
24,3001,5.9687416973789615e-25,0.67999845187337,0.06000816460822899,0.2599933835184008,25,30,20
24,3002,3.5256806167079515e-16,0.680010555142511,0.04000221884466966,0.2799872260128191,25,30,20
24,3003,3.5256806223757623e-16,0.6780111847248026,0.04198970224554881,0.2799991130296482,25,30,20
24,3004,3.4551979921228926e-23,0.6779861339910951,0.042014306909586886,0.2799995590993181,25,30,20
24,3005,3.5148581441617417e-23,0.6779492180147919,0.04205166562685178,0.2799991163583562,25,30,20
24,3006,3.4583908397826447e-23,0.6779723138602256,0.04202878929696487,0.2799988968428095,25,30,20
24,3007,3.4624008601776246e-23,0.6799721125721301,0.0400283391006155,0.2799995483272543,25,30,20
24,3008,3.401713706175722e-23,0.6799843825908201,0.04001543679479768,0.2800001806143822,25,30,20
24,3009,5.96804766070586e-25,0.6799602335731534,0.04003978625429977,0.27999998017254674,25,30,20
24,3010,5.969820595324283e-25,0.6799973603805409,0.04004020417991057,0.2799624354395482,25,30,20
24,3011,1.120148321498277e-26,0.6786305785037746,0.04140633052985307,0.27996309096637223,25,30,20
24,3012,1.7009029208352874e-23,0.679996879967468,0.040033871364917345,0.2799692486676145,25,30,20
24,3013,1.7008848688649012e-23,0.6799977812151323,0.04003362139780233,0.27996859738706514,25,30,20
24,3014,1.7019118769446827e-23,0.679999092633606,0.04206855878676648,0.2779323485796273,25,30,20
24,3015,3.589647152456669e-16,0.6799969335244711,0.040754048527319314,0.27924901794820906,25,30,20
24,3016,3.589647152561467e-16,0.6799997177978946,0.042038490198527186,0.2779617920035778,25,30,20
24,3017,6.074389198643883e-25,0.6799988470007533,0.04202706817736288,0.27797408482188396,25,30,20
24,3018,1.903191515577003e-21,0.6780118330474889,0.041989477924889294,0.27999868902762176,25,30,20
24,3019,2.0102129058696716e-14,0.6792979634489592,0.040702268248618514,0.2799997683024021,25,30,20
24,3020,1.0255201811202063e-22,0.6786187023619091,0.0413692337949801,0.2800120638431107,25,30,20
24,3021,6.819740431755135e-15,0.6912504849998261,0.02878773384061064,0.2799617811595564,25,30,20
24,3022,3.7747409362739685e-21,0.6792974971698575,0.040740499180068356,0.27996200365007406,25,30,20
24,3023,3.774740755601991e-21,0.6785686299297079,0.04348167690351023,0.277949693166782,25,30,20
24,3024,1.8709748474586643e-21,0.6596641406626687,0.06034927757189756,0.27998658176543356,25,30,20
24,3025,1.8709641938323677e-21,0.6799608819265867,0.040027481897192886,0.2800116361762203,25,30,20
24,3026,6.074325889800926e-25,0.6806373501220166,0.039399569945040264,0.2799630799329429,25,30,20
24,3027,3.491175914650786e-23,0.6599417540340768,0.060058481467970236,0.27999976449795305,25,30,20
24,3028,3.4016213115949297e-23,0.6792983717070618,0.04075150739889681,0.2799501208940415,25,30,20
24,3029,2.0995658461620318e-19,0.6806661576620182,0.03934724945649037,0.27998659288149136,25,30,20
24,3030,2.0995657414328913e-19,0.6786659262007768,0.04134706030975122,0.2799870134894718,25,30,20
24,3031,3.661530519885788e-20,0.6932294141070251,0.02678336000593565,0.2799872258870391,25,30,20
24,3032,3.661470841037872e-20,0.6932423593210654,0.02675765306868426,0.27999998761025036,25,30,20
24,3033,1.9043627196399915e-21,0.7192470349972726,0.0007532010191977213,0.27999976398352966,25,30,20
24,3034,1.904362716309393e-21,0.7192468153580517,0.0007534463894189037,0.27999973825252933,25,30,20
24,3035,3.7715123904740714e-28,0.7199339125585069,6.654291269788611e-05,0.27999954452879516,25,30,20
24,3036,2.0923920644484805e-26,0.7198875356002579,0.00014961227776536188,0.2799628521219767,25,30,20
24,3037,2.075633561929134e-26,0.7192103740812784,0.0008269975609213511,0.27996262835780034,25,30,20
24,3038,1.0463660386939587e-26,0.7199839738134629,5.3180784805757574e-05,0.27996284540173116,25,30,20
24,3039,3.7087573233221216e-28,0.719998455924517,2.6743511443694868e-06,0.2799988697243388,25,30,20
24,3040,1.9346641779084087e-28,0.7199982400060304,3.0833310764454104e-06,0.27999867666289296,25,30,20
24,3041,1.0463595931957654e-26,0.7199868115565117,0.0007274865299054217,0.279285701913583,25,30,20
24,3042,3.402684993025039e-23,0.7192472543194971,0.0014797829723280408,0.2792729627081748,25,30,20
24,3043,1.046698894277587e-26,0.7199837576941311,2.922138795695547e-05,0.2799870209179116,25,30,20
24,3044,1.0466984194473152e-26,0.7192954207184026,0.0007182100348106818,0.27998636924678655,25,30,20
24,3045,1.046517601975541e-26,0.6996042084376254,0.020421286141721565,0.279974505420653,25,30,20
24,3046,1.7467809572096478e-28,0.7199608922636123,0.002790313474300752,0.2772487942620869,25,30,20
24,3047,1.838038650360791e-28,0.7199994831481297,3.8535522235870626e-05,0.2799619813296341,25,30,20
24,3048,1.8385933693336856e-28,0.7199988578507033,3.8501629593726345e-05,0.2799626405197029,25,30,20
24,3049,6.658932784427896e-22,0.6632818130199891,0.056757274089316814,0.2799609128906941,25,30,20
24,3050,2.5951332129675378e-21,0.6512932751385888,0.06870741133580069,0.2799993135256104,25,30,20
24,3051,6.573916608374415e-22,0.6532941464548219,0.06670568037611278,0.28000017316906517,25,30,20
24,3052,1.937166817366643e-21,0.6399615595558931,0.08003869167734882,0.2799997487667581,25,30,20
24,3053,2.1291281210743738e-26,0.6399608744960334,0.08006441945271714,0.2799747060512493,25,30,20
24,3054,5.967822881079799e-25,0.6013048930454022,0.11870895702608879,0.27998614992850895,25,30,20
24,3055,8.819582290881837e-17,0.6084114840960805,0.1115900584776636,0.2799984574262556,25,30,20
24,3056,3.5897226872387655e-16,0.6000116086408716,0.11999013483779557,0.2799982565213322,25,30,20
24,3057,3.589722687136061e-16,0.5999626362845923,0.12075165766968503,0.2792857060457222,25,30,20
24,3058,1.086149179708862e-19,0.6006520563512854,0.0800620405713177,0.31928590307739674,25,30,20
24,3059,1.0858209406287307e-19,0.6393087705963861,0.042118100814973775,0.3185731285886399,25,30,20
24,3060,1.085820940660916e-19,0.6393085474212701,0.04070422697037206,0.31998722560835774,25,30,20
24,3061,9.21527497645494e-28,0.6399615332374257,0.040039812903180004,0.3199986538593943,25,30,20
24,3062,6.1890145895643265e-18,0.6399261594041844,0.04007560688021939,0.3199982337155962,25,30,20
24,3063,1.1822088562740354e-24,0.639912128325228,0.0008515824993518876,0.35923628917541994,25,30,20
24,3064,1.8719409290059259e-28,0.6399986259823114,1.4773244024685833e-05,0.3599866007736638,25,30,20
24,3065,1.0653717880945834e-26,0.6399973083986898,1.5447256522387916e-05,0.35998724434478757,25,30,20
24,3066,1.047647700898579e-26,0.6392828483384503,0.0007305551435278054,0.35998659651802184,25,30,20
24,3067,1.9007236237752561e-28,0.6399844132491449,2.8349448298279357e-05,0.3599872373025568,25,30,20
24,3068,1.8702341071448769e-28,0.6399606847049456,7.625425482065402e-05,0.3599630610402336,25,30,20
24,3069,3.3985550067628476e-23,0.6392854587262198,0.0007769517862227718,0.35993758948755733,25,30,20
24,3070,4.036295958511158e-31,0.6399250530100196,0.0001487746162852369,0.35992617237369506,25,30,20
24,3071,5.964216927644484e-25,0.6391486375848758,0.0008882789164902709,0.35996308349863376,25,30,20
24,3072,3.643224721283151e-28,0.6392865231070849,0.0007510372326440088,0.3599624396602711,25,30,20
24,3073,1.9335635603799002e-28,0.6399992897798857,2.05243640553184e-06,0.35999865778370865,25,30,20
24,3074,1.83918829031974e-28,0.6399993008043183,2.235255745021344e-06,0.35999846393993645,25,30,20
24,3075,1.0653716717736562e-26,0.6399733981244691,4.0239951008220475e-05,0.35998636192452266,25,30,20
24,3076,1.8379887016336803e-28,0.6399988921620773,1.45109752537072e-05,0.35998659686266893,25,30,20
24,3077,6.728698382218991e-30,0.6392860843489818,0.0027273223092330024,0.3579865933417851,25,30,20
24,3078,5.865215776694201e-25,0.639961715789951,0.0008145483001283472,0.3592237359099205,25,30,20
24,3079,8.84086953661075e-25,0.6199742597118534,0.02078422962529153,0.359241510662855,25,30,20
24,3080,5.861511618391782e-25,0.6399861185999532,0.0007530553848913149,0.3592608260151554,25,30,20
24,3081,1.0647345039509121e-26,0.6399625911486757,0.0020503878100942437,0.3579870210412298,25,30,20
24,3082,5.606633254887302e-28,0.6399981841628097,0.0006936358235364441,0.35930818001365383,25,30,20
24,3083,3.835863147153915e-28,0.6372841256401989,0.003406845411631023,0.35930902894816996,25,30,20
24,3084,5.967789924028815e-25,0.6399975586819281,3.985082938009859e-06,0.3599984562351338,25,30,20
24,3085,3.8036762127990178e-28,0.6399845956496217,1.607281415154237e-05,0.3599993315362267,25,30,20
24,3086,2.0607102688169223e-28,0.6399364823545377,0.03937430332824264,0.3206892143172196,25,30,20
24,3087,3.1210230226815527e-18,0.6399977572166091,0.03999680146657207,0.32000544131681863,25,30,20
24,3088,3.1210230226656133e-18,0.6399975832252747,0.039997858208043684,0.3200045585666814,25,30,20
24,3089,3.1210230226687267e-18,0.6399990642177118,0.03999658954993191,0.3200043462323563,25,30,20
24,3090,1.9717373919274507e-21,0.6399863116547877,0.04001393906280616,0.319999749282406,25,30,20
24,3091,1.1210646155332405e-26,0.6399498588737911,0.042203400378709774,0.3178467407474991,25,30,20
24,3092,2.0936568519824773e-26,0.6792960385139921,0.0014174070503236902,0.3192865544356842,25,30,20
24,3093,1.0837176444096892e-26,0.6799623595090196,0.0007515220165457329,0.3192861184744345,25,30,20
24,3094,1.0660045872847649e-26,0.6799876065838601,2.5827719614732544e-05,0.3199865656965249,25,30,20
24,3095,3.70429588794671e-28,0.6799629956313042,0.0007511019481493714,0.3192859024205464,25,30,20
24,3096,1.9657489338829072e-28,0.6799489952424814,6.443475507431172e-05,0.3199865700024441,25,30,20
24,3097,1.0844490502183008e-26,0.6499610711789598,0.0300402450358523,0.31999868378518775,25,30,20
24,3098,2.1114063320999672e-26,0.6779114692827629,0.002088770511623124,0.3199997602056139,25,30,20
24,3099,1.0653546362709119e-26,0.6799097415833925,9.113076039919507e-05,0.3199991276562082,25,30,20
24,3100,1.0473088116513593e-26,0.6799104040267965,9.047211657881756e-05,0.3199991238566246,25,30,20
24,3101,9.83733480176878e-30,0.6799106129613365,0.002089637688632621,0.3179997493500307,25,30,20
24,3102,1.8996054219653474e-28,0.6799121168808453,0.0020879105250746263,0.31799997259407997,25,30,20
24,3103,3.7844571319993537e-28,0.6599193502737077,0.0220806772628536,0.3179999724634385,25,30,20
24,3104,1.9312888697690403e-28,0.6779617524227836,0.004038252052870164,0.31799999552434616,25,30,20
24,3105,1.616624783998699e-29,0.6799615438750303,0.0007788770458100575,0.31925957907915953,25,30,20
24,3106,2.3515344708028973e-31,0.6799980159222,3.5079703243145055e-06,0.31999847610747556,25,30,20
24,3107,6.616689345463399e-30,0.6799255033307134,7.452354488576097e-05,0.3199999731244004,25,30,20
24,3108,5.861543287168819e-25,0.6792856781359368,0.0007145618611436736,0.31999976000291946,25,30,20
24,3109,5.8633783996533455e-25,0.6792856781497405,0.0014277751180781161,0.3192865467321814,25,30,20
24,3110,1.0927463060501076e-26,0.6799978048469849,0.021061120168283952,0.29894107498473094,25,30,20
24,3111,6.443356293180126e-28,0.6799611426074386,0.021099274982198296,0.29893958241036317,25,30,20
24,3112,4.579418313650639e-28,0.6799978005875164,0.020349623311129737,0.2996525761013537,25,30,20
24,3113,9.035219186556185e-29,0.6799993276541728,0.020346826851132177,0.29965384549469476,25,30,20
24,3114,1.085141027801905e-19,0.6800100779213719,0.03999039634841715,0.2799995257302111,25,30,20
24,3115,1.0857979015151285e-19,0.6799610978731441,0.04003894815047925,0.2799999539763766,25,30,20
24,3116,1.0858155829890032e-19,0.6792472624987288,0.04075277575262216,0.279999961748649,25,30,20
24,3117,3.400611937387472e-23,0.6799611197439813,0.04003955163886244,0.2799993286171562,25,30,20
24,3118,3.3390068606135246e-23,0.6806742587024551,0.03933851234789377,0.27998722894965095,25,30,20
24,3119,1.104178800796644e-19,0.7192717988603953,0.04072887637118068,0.239999324768424,25,30,20
24,3120,7.4450886654104725e-28,0.7199463586182121,0.04006618089548089,0.23998746048630695,25,30,20
24,3121,1.1238898932795919e-19,0.71925971053213,0.040064697006897916,0.2406755924609721,25,30,20
24,3122,1.1014758125089888e-26,0.7192733508635039,0.0407266577929085,0.2399999913435876,25,30,20
24,3123,1.1045187516886644e-19,0.7199984143134496,0.03931218501850553,0.24068940066804484,25,30,20
24,3124,3.095525440259511e-18,0.7199854968099966,0.020359452166950443,0.2596550510230529,25,30,20
24,3125,1.905485167300704e-21,0.719998671652315,0.0007289421561913008,0.27927238619149347,25,30,20
24,3126,1.101142558867764e-26,0.7192118662556805,0.0007890058956044185,0.2799991278487151,25,30,20
24,3127,1.0640954596425212e-26,0.7192481004450388,0.0007536655654229158,0.27999823398953816,25,30,20
24,3128,1.0827913327251318e-26,0.7199239663043677,8.967914073909401e-05,0.2799863545548929,25,30,20
24,3129,1.0644119503432442e-26,0.7199492181541397,5.167705578341522e-05,0.2799991047900768,25,30,20
24,3130,5.252451240234908e-29,0.689997342364844,0.030002897439396766,0.2799997601957591,25,30,20
24,3131,5.968379566515961e-25,0.6499619162380352,0.07003832356845616,0.27999976019350836,25,30,20
24,3132,3.6637244427058115e-20,0.6525113327833912,0.06749736633332915,0.2799913008832795,25,30,20
24,3133,1.1052044175559314e-19,0.6406643222449462,0.07934865670772286,0.2799870210473308,25,30,20
24,3134,1.8252773874609218e-17,0.6399498514082101,0.08006315026979585,0.27998699832199336,25,30,20
24,3135,1.8252773874613147e-17,0.6399996841066564,0.11000121462456951,0.24999910126877356,25,30,20
24,3136,1.1955014533399109e-17,0.6599592203450833,0.09004167818894579,0.24999910146597062,25,30,20
24,3137,1.1955015423470757e-17,0.6799369182762689,0.040076287362354836,0.2799867943613763,25,30,20
24,3138,1.1937417118236736e-24,0.6799999296294834,0.04000052578086819,0.27999954458964815,25,30,20
24,3139,1.0837392562826593e-26,0.6799997410919153,0.040013037023498364,0.27998722188458625,25,30,20
24,3140,2.1487885708071308e-26,0.6799992821865084,0.04001349605609315,0.2799872217573983,25,30,20
24,3141,2.1484735451901332e-26,0.6799371525066925,0.0400633219017865,0.27999952559152086,25,30,20
24,3142,1.1892519198948962e-16,0.6924995906344616,0.027502160484688044,0.2799982488808501,25,30,20
24,3143,2.0940061818847707e-26,0.6799973311238849,0.04000421165077013,0.2799984572253449,25,30,20
24,3144,1.8101846041492975e-24,0.6799967165319424,0.04000460660582696,0.2799986768622305,25,30,20
24,3145,1.0496447015114097e-19,0.6596516501781506,0.062349668983618774,0.2779986808382305,25,30,20
24,3146,8.819582276203766e-17,0.659812408305821,0.060188479396641126,0.27999911229753777,25,30,20
24,3147,6.2939195752083984e-18,0.6584029643351912,0.06159749870881005,0.2799995369559988,25,30,20
24,3148,1.0483851084578875e-19,0.6413297803162478,0.07867068273008634,0.2799995369536658,25,30,20
24,3149,1.0259491796954256e-22,0.6399997140352649,0.08000053680609433,0.27999974915864057,25,30,20
24,3150,5.727501316099396e-13,0.6399986424088305,0.08000135833754746,0.27999999925304914,25,30,20
24,3151,1.123562494225376e-19,0.6379874371186393,0.0820125900915827,0.2799999727897779,25,30,20
24,3152,1.0858356002100174e-19,0.6176531815413518,0.10234835744397404,0.27999846101467407,25,30,20
24,3153,2.189677366890861e-19,0.6392595437757446,0.08145411736930416,0.2792863388549513,25,30,20
24,3154,3.092686212363422e-18,0.6989037892069796,0.021097328904346298,0.2799988818886741,25,30,20
24,3155,3.0926862121799054e-18,0.6989171465345059,0.021095620077988656,0.2799872333875054,25,30,20
24,3156,5.865027528867274e-25,0.6799629918277066,0.04004977073880598,0.2799872374334874,25,30,20
24,3157,4.1683435843388284e-26,0.6799617154973409,0.0400389479827886,0.2799993365198706,25,30,20
24,3158,1.938369537736778e-21,0.6799725199445593,0.04006460879586828,0.27996287125957237,25,30,20
24,3159,1.9383693668846018e-21,0.6799612951648711,0.04007584480478418,0.27996286003034443,25,30,20
24,3160,1.669998961778023e-23,0.6996352509658835,0.020414431030534627,0.2799503180035817,25,30,20
24,3161,1.729658768966883e-23,0.6996361106547735,0.020377296326176332,0.27998659301905,25,30,20
24,3162,1.953846423211506e-21,0.6996479522711762,0.020390899582334573,0.27996114814648915,25,30,20
24,3163,6.408058254496749e-18,0.6595994450929596,0.06048775407148911,0.2799128008355512,25,30,20
24,3164,1.9550374087600183e-21,0.6596102296528256,0.06039088121912346,0.27999888912805093,25,30,20
24,3165,1.730650723544683e-23,0.6596471296273567,0.059664523052497156,0.280688347320146,25,30,20
24,3166,3.416537322932244e-23,0.6799977743297225,0.06931321914870486,0.2506890065215726,25,30,20
24,3167,3.3996209545316935e-23,0.6799984264101963,0.07930026256816106,0.24070131102164258,25,30,20
24,3168,6.567764745587343e-23,0.6813435764827935,0.0786816460916471,0.2399747774255594,25,30,20
24,3169,3.3460801772725944e-23,0.6806779233472298,0.07932272542369025,0.23999935122907992,25,30,20
24,3170,2.0251572626246085e-26,0.7179624049665566,0.0420760154363738,0.23996157959706946,25,30,20
24,3171,3.769181280829745e-28,0.7199488012119772,0.040051847566882494,0.23999935122114022,25,30,20
24,3172,5.541599565316936e-28,0.7199854781488257,0.03932595502007956,0.2406885668310948,25,30,20
24,3173,1.8391981886470991e-28,0.7192863255857437,0.0007143343033824198,0.2799993401108739,25,30,20
24,3174,1.775670927691359e-29,0.6996542722531004,0.02238328805990215,0.2779624396869973,25,30,20
24,3175,6.0708320147675e-25,0.6996535907833551,0.020372567308420096,0.2799738419082247,25,30,20
24,3176,2.112392304097061e-26,0.7199725143802379,4.0915804104147075e-05,0.2799865698156579,25,30,20
24,3177,2.111725103795747e-26,0.7199733669596167,2.7323690561213334e-05,0.27999930934982215,25,30,20
24,3178,3.4026704614691356e-23,0.6799990617437983,0.04072793070875681,0.2792730075474449,25,30,20
24,3179,3.4613019627405485e-23,0.679285402075534,0.04144159075743813,0.2792730071670277,25,30,20
24,3180,3.4016604787203455e-23,0.6806885009229562,0.04000183778198919,0.2793096612950546,25,30,20
24,3181,3.402687813733837e-23,0.7199739925880941,0.0007161076012697632,0.279309899810636,25,30,20
24,3182,6.070746708128676e-25,0.7199373166411236,6.293087519239328e-05,0.2799997524836839,25,30,20
24,3183,9.896686931639766e-30,0.7199871973931109,1.3685786805779761e-05,0.2799991168200832,25,30,20
24,3184,6.614812160778414e-30,0.7199990775460655,2.2417209992816466e-06,0.2799986807329351,25,30,20
24,3185,9.952263261841218e-30,0.7199867511706577,1.3272186062702828e-05,0.27999997664327936,25,30,20
24,3186,3.5083664908895295e-30,0.7199973231989599,2.689384593091652e-06,0.27999998741644677,25,30,20
24,3187,1.8707799819044415e-28,0.7199969325807126,3.072623612942777e-06,0.27999999479567445,25,30,20
24,3188,1.9346542904290264e-28,0.7199848453961616,2.8982598592446557e-05,0.2799861720052459,25,30,20
24,3189,1.8707695536371366e-28,0.7199994903221091,1.1582518295964586e-06,0.27999935142606125,25,30,20
24,3190,1.9444347750587378e-29,0.7199496418061652,5.16656988537801e-05,0.2799986924949811,25,30,20
24,3191,1.0843729384344301e-26,0.7179362892871259,0.002077333749859857,0.27998637696301415,25,30,20
24,3192,1.0653662336150765e-26,0.7199362472871685,6.375705908692823e-05,0.2799999956537443,25,30,20
24,3193,2.1284836336758497e-26,0.7192086644684068,0.000792453842235344,0.27999888168935805,25,30,20
24,3194,6.728770945283223e-30,0.7199623996465117,3.785517897692825e-05,0.2799997451745114,25,30,20
24,3195,6.732752365836727e-30,0.7199738170843646,2.6225535069680414e-05,0.27999995738056577,25,30,20
24,3196,9.950232939172952e-30,0.7199371445381283,7.581957953840219e-05,0.27998703588233315,25,30,20
24,3197,5.96601699029982e-25,0.7199617224379586,5.1241601282704344e-05,0.27998703596075836,25,30,20
24,3198,5.964276263317852e-25,0.7199873753947635,1.4160261794611646e-05,0.27999846434344167,25,30,20
24,3199,5.964307968468615e-25,0.7179871602554937,0.004013492500457971,0.27799934724404823,25,30,20
24,3200,6.619836144628774e-30,0.7199867394260496,1.4561102054536436e-05,0.2799986994718956,25,30,20
24,3201,9.839284106418014e-30,0.7199621537457951,5.059431798439577e-05,0.2799872519362204,25,30,20
24,3202,9.779739538259913e-30,0.7199628393957692,3.782473636088582e-05,0.27999933586786996,25,30,20
24,3203,1.9984906617616958e-28,0.7199259092430319,7.540265407291082e-05,0.2799986881028953,25,30,20
24,3204,5.966115825843972e-25,0.7199619381526139,0.0007534546940951792,0.2792846071532909,25,30,20
24,3205,1.2034991742560132e-24,0.7192703390468711,0.0007314311504882599,0.27999822980264066,25,30,20
24,3206,1.2034958427682182e-24,0.7193068399598285,0.0006936456159609691,0.27999951442421034,25,30,20
24,3207,1.02929716745242e-26,0.7192725131404998,0.0007402536690585018,0.27998723319044144,25,30,20
24,3208,1.0064274461856513e-29,0.7192483194988051,0.0007525641474870182,0.27999911635370767,25,30,20
24,3209,1.93411810898591e-28,0.7199614991953758,0.0007519461567931353,0.27928655464783114,25,30,20
24,3210,3.7375516429466717e-28,0.7199854629365983,1.5230911576946074e-05,0.2799993061518247,25,30,20
24,3211,1.8696887574548938e-28,0.7192854620431762,0.0007514840788859392,0.27996305387793796,25,30,20
24,3212,1.8690837593011174e-28,0.7199870010968351,8.681149100731259e-05,0.27992618741215763,25,30,20
24,3213,6.070683357129062e-25,0.7199861072846789,1.4563697041743238e-05,0.2799993290182792,25,30,20
24,3214,6.072518518188377e-25,0.719985891228422,2.879259969458668e-05,0.2799853161718833,25,30,20
24,3215,1.8357481872166615e-28,0.7192362736628657,0.0007777733074870928,0.279985953029647,25,30,20
24,3216,2.804152261153381e-28,0.6976538257165404,0.022372312699996857,0.27997386158346244,25,30,20
24,3217,5.971462467853742e-25,0.7199474945723391,5.295709925945584e-05,0.2799995483284013,25,30,20
24,3218,2.092702021084004e-26,0.7199750986361735,2.5583907266332817e-05,0.27999931745655987,25,30,20
24,3219,1.0656835896426042e-26,0.7185574584556798,0.001443239709075502,0.27999930183524435,25,30,20
24,3220,1.0837344047604962e-26,0.7199608513754098,3.9805244677344414e-05,0.27999934337991284,25,30,20
24,3221,3.342017772446059e-23,0.7186180462954129,0.001382606277608402,0.2799993474269785,25,30,20
24,3222,1.870799092527112e-28,0.719999047190649,2.484158860929798e-06,0.2799984686504899,25,30,20
24,3223,9.838185216209489e-30,0.7199729662858151,2.8781374064948756e-05,0.27999825234012,25,30,20
24,3224,1.065672112227887e-26,0.7199843940959818,1.626964427083844e-05,0.27999933625974727,25,30,20
24,3225,1.065050221686844e-26,0.7199848259940204,1.5189987009406048e-05,0.27999998401897014,25,30,20
24,3226,1.0476256003254062e-26,0.7192724758306912,0.0007275293117198263,0.2799999948575889,25,30,20
24,3227,6.736698722261527e-30,0.7199988529453404,1.3870599146878419e-06,0.2799997599947449,25,30,20
24,3228,1.0473541962047847e-26,0.7192468104463674,0.000753239232500444,0.2799999503211321,25,30,20
24,3229,2.1120529040584676e-26,0.7199118733281127,8.84001812759193e-05,0.2799997264906113,25,30,20
24,3230,2.078082156317198e-26,0.7179848220801937,0.0020279752314732408,0.27998720268833294,25,30,20
24,3231,2.0960999275104719e-26,0.7172466180484173,0.00276635292235743,0.27998702902922523,25,30,20
24,3232,3.673160527016097e-28,0.7199835418373425,1.6474068887518772e-05,0.2799999840937697,25,30,20
24,3233,1.8369084195113949e-28,0.7199475095477275,5.2506622248443454e-05,0.27999998383002395,25,30,20
24,3234,1.8380386348264598e-28,0.7199625821318957,3.7464089957305425e-05,0.27999995377814707,25,30,20
24,3235,2.1297708439715396e-26,0.719912708760442,8.754208676869624e-05,0.279999749152789,25,30,20
24,3236,1.0653888427009894e-26,0.7199502755481458,7.47954326478736e-05,0.27997492901920623,25,30,20
24,3237,2.0936894020197234e-26,0.7199990517609015,0.0393115248927517,0.24068942334634677,25,30,20
24,3238,1.0840335507682191e-26,0.7199962856065519,0.03999143397170045,0.2400122804217475,25,30,20
24,3239,3.3985769044162624e-23,0.7199848156228477,0.04005234668241497,0.23996283769473728,25,30,20
24,3240,1.104518544255435e-19,0.7199860844756719,0.04005106253466452,0.2399628529896636,25,30,20
24,3241,1.0833898426648904e-26,0.7199624044818101,0.04007454176725772,0.2399630537509322,25,30,20
24,3242,2.1301041838661792e-26,0.7199496802307156,0.04005036233003539,0.23999995743924876,25,30,20
24,3243,3.401677008789122e-23,0.7199363039683458,0.040064799518645354,0.23999889651300862,25,30,20
24,3244,1.2143208657668927e-24,0.7199356141341872,0.0408147244724028,0.23924966139341006,25,30,20
24,3245,1.2034867991882388e-24,0.7199475200505359,0.04075406495117444,0.23929841499828958,25,30,20
24,3246,5.966148588037656e-25,0.7199608921213465,0.04002747502853487,0.24001163285011853,25,30,20
24,3247,5.967888848534696e-25,0.7199984324026392,0.0007046146075988099,0.27929695298976176,25,30,20
24,3248,6.07435987817404e-25,0.7199341104325542,0.0007562237003352835,0.27930966586711053,25,30,20
24,3249,5.96968949458162e-25,0.719999323350451,0.0006907689301115317,0.2793099077194373,25,30,20
24,3250,5.967854304364106e-25,0.7199617373320532,0.0007287939712187857,0.279309468696728,25,30,20
24,3251,6.672233041833991e-30,0.7199379783946916,9.892305244291376e-05,0.2799630985528655,25,30,20
24,3252,1.0660220190717395e-26,0.7192860485973059,0.0007144107251026796,0.27999954067759136,25,30,20
24,3253,1.0467153474659702e-26,0.7185728625048781,0.0014278126720059,0.279999324823116,25,30,20
24,3254,1.9335560705065873e-28,0.7199625973337527,3.80820894684465e-05,0.27999932057677895,25,30,20
24,3255,1.8696895931815282e-28,0.719962593026643,3.7639139762846245e-05,0.2799997678335941,25,30,20
24,3256,1.870809178726355e-28,0.7199628474394987,3.739191950538033e-05,0.27999976064099585,25,30,20
24,3257,1.871374713422499e-28,0.7199990772467797,9.387343154598676e-07,0.2799999840189045,25,30,20
24,3258,3.45461308726596e-30,0.6806142365983113,0.03938578675374464,0.2799999766479438,25,30,20
24,3259,5.540003456248007e-28,0.6806384529785321,0.039398459769660714,0.279963087251807,25,30,20
24,3260,5.508869523351484e-28,0.719296901985095,0.0007400148239942704,0.2799630831909105,25,30,20
24,3261,3.400666064252457e-23,0.7192968685485122,0.04001392050848062,0.24068921094300694,25,30,20
24,3262,1.0849888901528722e-19,0.6965322180761707,0.06311874837979137,0.24034903354403783,25,30,20
24,3263,5.072180377554986e-23,0.7198747809386855,0.039774465405644596,0.2403507536556698,25,30,20
24,3264,1.0868352572198866e-19,0.7199490133946281,0.040052313185840765,0.23999867341953082,25,30,20
24,3265,6.184521248599685e-18,0.7199489944048019,0.0397011309121025,0.2403498746830956,25,30,20
24,3266,1.0078511031453154e-22,0.7199474941898952,0.04005338925221365,0.23999911655789127,25,30,20
24,3267,1.0078511025404877e-22,0.7199848228565141,0.0400158594127109,0.2399993177307751,25,30,20
24,3268,6.185338439321514e-18,0.7200113921728827,0.03998927853485797,0.2399993292922592,25,30,20
24,3269,2.099049807017565e-18,0.7313182658886771,0.02868174861719354,0.23999998549412938,25,30,20
24,3270,2.0077945132126457e-14,0.7185704839911731,0.041454575228616716,0.2399749407801901,25,30,20
24,3271,2.0077945132115984e-14,0.7185836362981028,0.041417455817410874,0.2399989078844662,25,30,20
24,3272,3.340990696854251e-23,0.7185346625054884,0.04146622081292926,0.23999911668158241,25,30,20
24,3273,2.0101915742443547e-14,0.7199735909126663,0.04003917124355359,0.23998723784375986,25,30,20
24,3274,1.671027738267811e-23,0.7199366901977895,0.020459086469436075,0.2596042233327742,25,30,20
24,3275,9.785612207797174e-30,0.7199483728269815,8.920271188425724e-05,0.2799624244611341,25,30,20
24,3276,6.677053651214004e-30,0.7192841512404609,0.0007165085203124466,0.27999934023922673,25,30,20
24,3277,6.730699348223262e-30,0.7199846062325059,5.295389144024444e-05,0.27996243987605385,25,30,20
24,3278,3.455677574632306e-30,0.7199852621015544,5.232812464778944e-05,0.2799624097737976,25,30,20
24,3279,1.838029781679436e-28,0.7199983800286561,2.7382121711201644e-06,0.27999888175917276,25,30,20
24,3280,1.0650383064000081e-26,0.7172860723875839,0.0027152394404845446,0.2799986881719314,25,30,20
24,3281,3.509124240107286e-30,0.7179615214073485,0.002039142260617172,0.2799993363320343,25,30,20
24,3282,1.757339490146514e-31,0.7199859024082924,0.0007277514238636727,0.2792863461678438,25,30,20
24,3283,6.070652266257043e-25,0.7199846256366897,0.0007305548619050964,0.2792848195014049,25,30,20
24,3284,6.123034616005615e-25,0.6995767675328513,0.021138189405738174,0.2792850430614103,25,30,20
24,3285,1.0476365720460562e-26,0.7172839506559852,0.023061760633740814,0.2596542887102738,25,30,20
24,3286,1.0660162728734329e-26,0.7199856563047536,0.04001564748651056,0.2399986962087356,25,30,20
24,3287,6.072520235404701e-25,0.7199848225894503,0.04002879986194386,0.23998637754860572,25,30,20
24,3288,3.7047923994114513e-28,0.7199500855627208,0.04006246485136708,0.2399874495859119,25,30,20
24,3289,3.738107506919598e-28,0.7199619574863036,0.04003807702826144,0.2399999654854347,25,30,20
24,3290,1.1052104812350165e-19,0.7179619311913615,0.04203917182909301,0.2399988969795454,25,30,20
24,3291,1.1041732620984332e-19,0.7199492070009116,0.04004025142084056,0.24001054157824783,25,30,20
24,3292,1.1041732602316425e-19,0.7192362393028969,0.04074003299127115,0.24002372770583189,25,30,20
24,3293,3.4602721227410665e-23,0.719235993382627,0.04076530707531259,0.23999869954206038,25,30,20
24,3294,5.968014299594797e-25,0.7192722743871136,0.04072752951603284,0.24000019609685339,25,30,20
24,3295,5.966080825979436e-25,0.7192843973896089,0.04071539116270155,0.24000021144768938,25,30,20
24,3296,1.0496325788268806e-19,0.7199967086897852,0.03934936844852352,0.2406539228616911,25,30,20
24,3297,1.0593244779630694e-19,0.7199835224320319,0.05936322343539114,0.22065325413257678,25,30,20
24,3298,1.059324477963109e-19,0.7199981976650359,0.05934790036506708,0.22065390196989693,25,30,20
24,3299,1.0593274600706545e-19,0.7199988268766482,0.07934067390684091,0.20066049921651083,25,30,20
24,3300,9.052861595929677e-25,0.7199610751957262,0.060032820962860244,0.22000610384141356,25,30,20
24,3301,3.2844319462328115e-23,0.7206636524048775,0.03933724632381794,0.23999910127130444,25,30,20
24,3302,3.6459467992506686e-16,0.719248312372534,0.04074072183186134,0.2400109657956043,25,30,20
24,3303,3.7770649193224995e-21,0.71791865662962,0.042070563492601055,0.24001077987777894,25,30,20
24,3304,1.90495984016186e-21,0.7192850156501465,0.04070291248390313,0.24001207186595022,25,30,20
24,3305,2.1107706646633064e-26,0.7199975468554668,0.04000247296269885,0.2399999801818342,25,30,20
24,3306,2.1294274672546813e-26,0.7199982179382955,0.04000244219808507,0.23999933986361907,25,30,20
24,3307,3.4006480350817815e-23,0.7199607034484101,0.0400531505415042,0.23998614601008547,25,30,20
24,3308,5.917814313035173e-25,0.7199479733666247,0.022251282947033508,0.2578007436863418,25,30,20
24,3309,1.8407766132925614e-28,0.7199845951889826,0.002040460279017201,0.277974944532,25,30,20
24,3310,1.8707596139195022e-28,0.7199835306728072,6.592023630532826e-05,0.27995054909088735,25,30,20
24,3311,1.8713455823852981e-28,0.7199979785691488,0.002002689473504757,0.27799933195734644,25,30,20
24,3312,1.0834009617798515e-26,0.7199589451106368,5.4461666301970736e-05,0.27998659322306113,25,30,20
24,3313,1.0468312307261849e-26,0.6996182172961045,0.020396489327232436,0.27998529337666306,25,30,20
24,3314,1.8713658384928537e-28,0.7199628175078293,3.786563605727596e-05,0.27999931685611357,25,30,20
24,3315,1.0653718890220827e-26,0.7199863187470615,5.190846750524313e-05,0.27996177278543316,25,30,20
24,3316,1.0650494453202349e-26,0.7199487893842761,0.002052108948178927,0.27799910166754493,25,30,20
24,3317,5.542213958714341e-28,0.7199242046927493,7.645558590342246e-05,0.2799993397213472,25,30,20
24,3318,1.8375337854214995e-28,0.7199118750784902,8.899348304212365e-05,0.27999913143846755,25,30,20
24,3319,1.8713432432168338e-28,0.7191978205129224,0.0008028771886340879,0.2799993022984436,25,30,20
24,3320,5.9625139618816285e-25,0.7199360172704716,0.00010134627309127402,0.2799626364564369,25,30,20
24,3321,6.065249158107128e-25,0.7199362813829895,7.844060835385332e-05,0.2799852780086566,25,30,20
24,3322,1.0470379993304497e-26,0.7199722873656033,4.1112182419862644e-05,0.27998660045197676,25,30,20
24,3323,5.964283021961403e-25,0.7199733739985689,2.72896705407599e-05,0.2799993363308902,25,30,20
24,3324,9.89279065490071e-30,0.6806887587941781,0.03934814238929711,0.27996309881652465,25,30,20
24,3325,1.6220819680469814e-29,0.6806516576568602,0.04006328837299601,0.27928505397014364,25,30,20
24,3326,1.1928431119204924e-24,0.6403193275959572,0.07968264363077332,0.2799980287732693,25,30,20
24,3327,5.962511411503614e-25,0.6403432231793788,0.07965810373373414,0.279998673086887,25,30,20
24,3328,3.2834036202377725e-23,0.6410095551467971,0.07899175674909836,0.2799986881041043,25,30,20
24,3329,5.2784270047477466e-27,0.6598091702675554,0.06019084218064969,0.2799999875517949,25,30,20
24,3330,5.2847005440763284e-27,0.6984553536070627,0.021545329263910295,0.279999317129027,25,30,20
24,3331,6.020696784345156e-25,0.6998219240194368,0.020252767735661755,0.27992530824490136,25,30,20
24,3332,5.281478962454358e-27,0.6998100375502949,0.020192570000404763,0.2799973924493001,25,30,20
24,3333,1.4589809603600396e-29,0.7192234947264257,0.02112264067001337,0.2596538646035609,25,30,20
24,3334,1.0294330106012934e-26,0.7185811618188969,0.021764537753997074,0.25965430042710586,25,30,20
24,3335,5.526369052774342e-28,0.7192605818189037,0.021084894254496875,0.2596545239265991,25,30,20
24,3336,5.522652410769796e-20,0.7192602685020887,0.04144734350166232,0.23929238799624866,25,30,20
24,3337,5.522592767675111e-20,0.7199864382946576,0.04073392832709037,0.23927963337825175,25,30,20
24,3338,6.293886506183711e-18,0.7186314343998365,0.042082026178332115,0.23928653942183128,25,30,20
24,3339,6.293885909775311e-18,0.7199608810821632,0.040752564000773955,0.23928655491706274,25,30,20
24,3340,6.293885920606315e-18,0.7192961972127654,0.040716989938772735,0.23998681284846182,25,30,20
24,3341,6.2977602205671585e-18,0.7192841439976063,0.04071653842398769,0.23999931757840592,25,30,20
24,3342,1.546819048123674e-18,0.7297881902657807,0.030212692165083533,0.23999911756913572,25,30,20
24,3343,6.79601218658977e-23,0.7592103362767386,0.0008151658891554772,0.239974497834106,25,30,20
24,3344,2.9334319713637435e-25,0.7389272243247293,0.021134533889449792,0.2399382417858209,25,30,20
24,3345,1.0479707290293549e-26,0.759256746981368,0.0007801650359179603,0.23996308798271396,25,30,20
24,3346,1.1024143955432859e-26,0.759257641041021,0.0007426058698258856,0.23999975308915303,25,30,20
24,3347,2.1310319574019183e-26,0.7593068639809454,0.0006931636196392932,0.23999997239941537,25,30,20
24,3348,1.0834179916449888e-26,0.7599981983234688,3.8721805138785135e-05,0.23996307987139218,25,30,20
24,3349,2.129427382024351e-26,0.7205656939751602,0.03947186600076602,0.23996244002407358,25,30,20
24,3350,2.077193063949265e-26,0.7204910152860395,0.039546541032407685,0.23996244368155265,25,30,20
24,3351,1.27002253415849e-21,0.7178629615142382,0.029039205316590624,0.25309783316917095,25,30,20
24,3352,5.667660293374855e-20,0.7179623742019712,0.042031976318851035,0.2400056494791776,25,30,20
24,3353,6.18704411803578e-18,0.6988430937203273,0.061144618741130155,0.24001228753854256,25,30,20
24,3354,1.872131324413117e-21,0.6989395731821426,0.061096103617584975,0.23996432320027214,25,30,20
24,3355,1.8704392072783188e-21,0.7185707853003449,0.04074022686544526,0.24068898783420978,25,30,20
24,3356,1.8704287469684445e-21,0.7185696716253114,0.04145475901832321,0.23997556935636524,25,30,20
24,3357,1.8704187995955822e-21,0.7192586685964767,0.042052321369554856,0.23868901003396828,25,30,20
24,3358,1.123210598671116e-19,0.7199821932808814,0.04005494266843382,0.23996286405068454,25,30,20
24,3359,2.07628250185852e-26,0.7199483091538775,0.040052574087834324,0.23999911675828828,25,30,20
24,3360,1.0296300252677293e-26,0.7199492250024171,0.04003893020013329,0.24001184479744953,25,30,20
24,3361,2.094350842895693e-26,0.7199371063832287,0.04005080252821459,0.24001209108855673,25,30,20
24,3362,1.0656881916304484e-26,0.7199733748671665,0.040014537837967365,0.2400120872948659,25,30,20
24,3363,5.51755871955748e-20,0.7199852840787468,0.020039749088154736,0.2599749668330982,25,30,20
24,3364,1.1048645603489422e-19,0.7199967206523555,0.04000307533510946,0.2400002040125348,25,30,20
24,3365,1.0663213791287984e-26,0.7199735947021593,0.04002642844235651,0.23999997685548416,25,30,20
24,3366,1.165564518882403e-12,0.7185945306537468,0.061738675803448884,0.21966679354163865,25,30,20
24,3367,1.1655645189155297e-12,0.7199612940554039,0.0800264032521441,0.20001230269128634,25,30,20
24,3368,1.0496447149262795e-19,0.7185913297745781,0.08140910999803717,0.19999956022738477,25,30,20
24,3369,3.5987199798439727e-09,0.7179115715436954,0.08211371795558774,0.1999747069019963,25,30,20
24,3370,3.598720338709304e-09,0.7165707067620116,0.0834291225454635,0.20000016709380458,25,30,20
24,3371,1.9055257732560933e-21,0.7199979783535465,0.08000183252613023,0.20000018912032314,25,30,20
24,3372,1.1264246697895306e-12,0.7592843367669979,0.040715690368410745,0.19999997286346471,25,30,20
24,3373,1.1264246697895203e-12,0.7599984299872189,0.0400022449762033,0.1999993250354512,25,30,20
24,3374,1.9377931324147476e-21,0.7599598093264465,0.04207709492050126,0.19796309575305243,25,30,20
24,3375,1.937782865249592e-21,0.7599485692635604,0.040051912379237546,0.19999951835720206,25,30,20
24,3376,1.1239021203762157e-19,0.7599852459429909,0.040014769685796425,0.19999998437121252,25,30,20
24,3377,1.1109499391480952e-19,0.7725284721467083,0.027471536153150688,0.19999999170014107,25,30,20
24,3378,1.1048643566254818e-19,0.7599617217433099,0.0400382940930579,0.19999998416363218,25,30,20
24,3379,5.3371138761500125e-20,0.7602634125245169,0.03973661049277898,0.19999997698270414,25,30,20
24,3380,3.5896849045871697e-16,0.7599975498381446,0.04003957809528548,0.19996287206656962,25,30,20
24,3381,3.589685238482091e-16,0.7200107148200184,0.07998931956049818,0.19999996561948286,25,30,20
24,3382,2.041430023690983e-26,0.718010773752756,0.08198947315682133,0.1999997530904224,25,30,20
24,3383,3.80640378048429e-21,0.7572953983407094,0.0427048596068034,0.19999974205248727,25,30,20
24,3384,3.341964245904636e-23,0.7592457249576315,0.04079139945475578,0.19996287558761264,25,30,20
24,3385,5.969882708539722e-25,0.7585234597014221,0.0414771997151695,0.1999993405834084,25,30,20
24,3386,5.966145860518714e-25,0.7592360048316644,0.04076401819002027,0.1999999769783152,25,30,20
24,3387,6.421688871306477e-22,0.7732058817724062,0.027507555807389936,0.19928656242020387,25,30,20
24,3388,1.0466874973450942e-26,0.799924624220411,7.539155285566301e-05,0.1999999842267334,25,30,20
24,3389,1.0469982458028835e-26,0.7999602212835059,3.979474759531766e-05,0.19999998396889856,25,30,20
24,3390,1.8064276292928307e-28,0.7992845717663503,0.0007523404442784243,0.199963087789371,25,30,20
24,3391,9.782676317373627e-30,0.7999990098930521,0.0007513243888734595,0.19924966571807445,25,30,20
24,3392,5.964182441442591e-25,0.7999979864656604,5.18999481881085e-05,0.19995011358615133,25,30,20
24,3393,1.9018918979117223e-28,0.7992707861056967,0.0007790889416051076,0.19995012495269812,25,30,20
24,3394,6.506611350290556e-30,0.7789281519587645,0.021085470685191524,0.19998637735604397,25,30,20
24,3395,1.083118641220787e-26,0.799296469944697,0.001418047569551454,0.1992854824857513,25,30,20
24,3396,3.6749058025422837e-28,0.7999606350660706,3.960028427505714e-05,0.19999976464965433,25,30,20
24,3397,6.733691967074703e-30,0.7999854549872769,1.4557323159800863e-05,0.1999999876895631,25,30,20
24,3398,1.9024287380305175e-28,0.799986072192008,0.0020273379832301142,0.1979865898247616,25,30,20
24,3399,5.966111920135568e-25,0.7999990651992386,2.6447917316232742e-05,0.19997448688344527,25,30,20
24,3400,5.966049184886885e-25,0.7999857197829404,1.4955904672341558e-05,0.19999932431238718,25,30,20
24,3401,5.967980962955474e-25,0.7992356009147558,0.0008026292264747242,0.1999617698587693,25,30,20
24,3402,5.9660807857949695e-25,0.7999615467371064,3.8703706479963464e-05,0.1999997495564135,25,30,20
24,3403,5.966080785947565e-25,0.7999982018530314,1.8289410250519295e-06,0.19999996920594357,25,30,20
24,3404,6.072517945286798e-25,0.7999502975739514,4.974458219145207e-05,0.19999995784385707,25,30,20
24,3405,5.510543708903182e-28,0.7979863565005891,0.003381093632902855,0.19863254986650783,25,30,20
24,3406,7.314611414888619e-28,0.7999742381434245,0.0013936328639160376,0.19863212899265917,25,30,20
24,3407,5.606089125449815e-28,0.7999871521914099,0.0014053452234730954,0.19860750258511678,25,30,20
24,3408,3.581942173938763e-28,0.797998406091846,0.0020029014082623134,0.1999986924998916,25,30,20
24,3409,3.58305336699909e-28,0.7972718280010918,0.0027294684074486227,0.19999870359145977,25,30,20
24,3410,1.9029651843605474e-28,0.7992724835917434,0.0007288130127339762,0.19999870339552256,25,30,20
24,3411,1.9018837131470478e-28,0.7999487895610494,5.25221934759047e-05,0.19999868824547448,25,30,20
24,3412,1.0463819112936909e-26,0.7999858976756954,1.5413815348269474e-05,0.1999986885089563,25,30,20
24,3413,3.7064485916855617e-28,0.7999617302601955,5.10360793599223e-05,0.1999872336604445,25,30,20
24,3414,5.574351696145859e-28,0.7985707254708097,0.0014420406704768573,0.19998723385871361,25,30,20
24,3415,1.9657599343796362e-28,0.799998600107686,1.4799238464236154e-05,0.1999866006538498,25,30,20
24,3416,3.658989660195884e-27,0.7712164529896931,0.028796510663473635,0.19998703634683312,25,30,20
24,3417,1.9383477060114218e-21,0.7599489745240667,0.040088608120784866,0.19996241735514808,25,30,20
24,3418,1.9383578086715983e-21,0.759986535001005,0.040726910022285366,0.19928655497670963,25,30,20
24,3419,1.93834751887698e-21,0.7599865498971176,0.04001475806940535,0.19999869203347703,25,30,20
24,3420,5.967887153571235e-25,0.7592468189332965,0.04075448139859996,0.19999869966810357,25,30,20
24,3421,1.9055262839988084e-21,0.7585475666077737,0.04145375232902047,0.19999868106320565,25,30,20
24,3422,1.9055160005917583e-21,0.7606763917395977,0.03932491556463097,0.19999869269577134,25,30,20
24,3423,3.1159689587035164e-25,0.7798213598201094,0.020179110064045113,0.1999995301158456,25,30,20
24,3424,1.5472914795412581e-18,0.7699615003887375,0.030040455271287993,0.19999804433997415,25,30,20
24,3425,1.085153064116803e-19,0.7992850156819391,0.0007162880963575959,0.1999986962217032,25,30,20
24,3426,5.964151911544667e-25,0.7999377806053635,6.223103807573615e-05,0.19999998835656058,25,30,20
24,3427,3.67666688934809e-30,0.7991978713859327,0.0008034360499907206,0.1999986925640767,25,30,20
24,3428,3.675908320041954e-28,0.7985470035536819,0.0014545316363444832,0.19999846480997366,25,30,20
24,3429,5.967822635086848e-25,0.7999610520629916,3.984261281675698e-05,0.19999910532419157,25,30,20
24,3430,1.870798946561892e-28,0.7999741667109943,2.670503654614747e-05,0.19999912825245944,25,30,20
24,3431,3.398558213617778e-23,0.7999620862144944,3.858469830703284e-05,0.19999932908719842,25,30,20
24,3432,3.463412092863122e-23,0.7999599519174322,0.0007301360326081754,0.1993099120499595,25,30,20
24,3433,3.4016398998537726e-23,0.7992101192158805,0.0014927040173424858,0.199297176766777,25,30,20
24,3434,3.400592303909593e-23,0.7999604454553122,0.0007671796525818092,0.199272374892106,25,30,20
24,3435,3.4602708182800266e-23,0.7999979627916521,3.333550448175957e-06,0.19999870365789973,25,30,20
24,3436,6.618808368871643e-30,0.7979997025209861,0.002025776906772104,0.19997452057224196,25,30,20
24,3437,6.469592985226231e-32,0.7979494227113245,0.002063321083856117,0.1999872562048192,25,30,20
24,3438,3.770907878922234e-28,0.7979491959417457,0.002765552445474327,0.19928525161277988,25,30,20
24,3439,3.769728498439941e-28,0.7992351596099748,0.0014782743101920074,0.19928656607983314,25,30,20
24,3440,1.0466648964505082e-26,0.7992105818462722,0.0007894263461000543,0.19999999180762754,25,30,20
24,3441,1.3062826468570236e-29,0.7992483034019631,0.0007886161939068946,0.19996308040412988,25,30,20
24,3442,1.936388902876171e-28,0.7999231101681158,0.00011380204727678275,0.1999630877846071,25,30,20
24,3443,9.779874042715566e-30,0.7999615515609055,0.000751893521950823,0.19928655491714356,25,30,20
24,3444,7.4761322089334815e-28,0.7999584838728265,4.177427532629606e-05,0.19999974185184716,25,30,20
24,3445,1.9357654799011068e-28,0.7999966892168184,4.216692541629739e-06,0.19999909409063982,25,30,20
24,3446,3.396060913750115e-30,0.7999969476820994,1.6675092154822837e-05,0.1999863772257459,25,30,20
24,3447,6.563144676826534e-30,0.7999992700813924,1.6245243837934684e-06,0.19999910539422389,25,30,20
24,3448,1.3172841293499684e-29,0.7999492021781645,5.169243102722081e-05,0.19999910539080823,25,30,20
24,3449,1.962710829472025e-29,0.7979979406388885,0.0020398466930975877,0.19996221266801378,25,30,20
24,3450,3.451850225516827e-30,0.7999984252717881,2.033377707447825e-06,0.1999995413505041,25,30,20
24,3451,2.112040615800396e-26,0.7999835303285249,1.734168726164238e-05,0.19999912798421335,25,30,20
24,3452,1.0650496264989635e-26,0.799959979916765,4.0679896344053323e-05,0.19999934018689103,25,30,20
24,3453,1.0466760945035064e-26,0.7992599749939475,0.0007406847469343353,0.19999934025911809,25,30,20
24,3454,1.0650326678672586e-26,0.7999870081824154,2.6379728252530873e-05,0.19998661208933202,25,30,20
24,3455,1.0466705368917279e-26,0.7979863419337287,0.0020143063809998766,0.19999935168527114,25,30,20
24,3456,2.0582259700007675e-26,0.7979863269748146,0.0027044011055973416,0.19930927191958794,25,30,20
24,3457,5.962349075001798e-25,0.7999621252152642,6.294874073587296e-05,0.1999749260439998,25,30,20
24,3458,1.7766365856627616e-31,0.7999500327881894,4.996807989065879e-05,0.1999999991319198,25,30,20
24,3459,1.0653608862506778e-26,0.799260331922668,0.0007409645454148131,0.19999870353191693,25,30,20
24,3460,1.0658500595868555e-26,0.7992726014843166,0.021072880193722127,0.17965451832196128,25,30,20
24,3461,1.8851818388216427e-28,0.7999118674224174,0.02043298863166954,0.17965514394591295,25,30,20
24,3462,5.968000956930305e-25,0.7999608101079544,0.020384258345836376,0.17965493154620937,25,30,20
24,3463,1.7944595904823085e-29,0.7992592644410973,0.021085796499399807,0.17965493905950275,25,30,20
24,3464,5.966116412514955e-25,0.7992359777680937,0.0007770046950608977,0.19998701753684536,25,30,20
24,3465,1.3055893277374993e-29,0.7999127452606303,8.729304438626084e-05,0.19999996169498332,25,30,20
24,3466,1.999065958317768e-28,0.7985351163921984,0.0014657778906947507,0.1999991057171067,25,30,20
24,3467,1.0656657788258241e-26,0.758535988922178,0.04146576217943155,0.19999824889839019,25,30,20
24,3468,8.81686860409597e-17,0.7698727673799091,0.030128531944117354,0.19999870067597356,25,30,20
24,3469,8.816868545482466e-17,0.7699217636187419,0.030092271838432976,0.1999859645428251,25,30,20
24,3470,8.8168685433901e-17,0.7672458482811763,0.03275479949419271,0.1999993522246308,25,30,20
24,3471,1.0854927104774743e-19,0.756584502952877,0.04341614953596693,0.19999934751115603,25,30,20
24,3472,1.0854927085788242e-19,0.7579732001374022,0.042027448161187156,0.19999935170141042,25,30,20
24,3473,1.0854926057147985e-19,0.7599727451755168,0.04002791449088971,0.19999934033359337,25,30,20
24,3474,3.4017137162999736e-23,0.7599489634328067,0.040051715328030396,0.19999932123916278,25,30,20
24,3475,1.2378291194554768e-17,0.7598758154807208,0.04012483688684472,0.19999934763243427,25,30,20
24,3476,7.941306855425659e-25,0.7331553792894163,0.06684591691628892,0.19999870379429466,25,30,20
24,3477,1.0858092252783234e-19,0.7599366828322944,0.042063965412336674,0.19799935175536876,25,30,20
24,3478,1.8709546255587624e-21,0.7599744612990986,0.04003893027248993,0.19998660842841137,25,30,20
24,3479,1.0861435133510134e-19,0.7599494258424059,0.04005079833377256,0.19999977582382125,25,30,20
24,3480,2.1357593944042436e-19,0.720640887345075,0.0793593370282479,0.1999997756266768,25,30,20
24,3481,5.8650592685385e-25,0.7586174136299987,0.04138389426550069,0.1999986921045007,25,30,20
24,3482,5.864992051590672e-25,0.757947494369888,0.0420531543950954,0.19999935123501664,25,30,20
24,3483,3.4017313734649886e-23,0.7599118895950577,0.040088338308537724,0.1999997720964044,25,30,20
24,3484,3.401731373665003e-23,0.7199485921520078,0.08005140434690379,0.2000000035010885,25,30,20
24,3485,6.1890808724908264e-18,0.7199362813178715,0.08006372281476361,0.19999999586736514,25,30,20
24,3486,1.1052073526608886e-19,0.7395917644093584,0.06109929373906731,0.19930894185157438,25,30,20
24,3487,1.1052046359729147e-19,0.7599498574201285,0.04074195860781876,0.19930818397205274,25,30,20
24,3488,1.105210493553664e-19,0.759984572380768,0.04001673551227816,0.19999869210695384,25,30,20
24,3489,1.104870537220162e-19,0.7599847963955129,0.04001587105104384,0.19999933255344307,25,30,20
24,3490,1.1048646758085724e-19,0.7599966487362434,0.040004014719352304,0.1999993365444042,25,30,20
24,3491,1.0476650486687414e-26,0.75999623177201,1.716724432615718e-05,0.23998660098366364,25,30,20
24,3492,1.935390223378554e-21,0.7599984296502281,6.393130086311613e-05,0.23993763904890872,25,30,20
24,3493,1.9354010601523785e-21,0.7572726771913871,0.0027899182339459006,0.239937404574667,25,30,20
24,3494,1.9335437746978926e-28,0.7592848025881616,0.0007661560466030463,0.23994904136523532,25,30,20
24,3495,6.079559951266937e-32,0.757999967119805,0.0020378281220358547,0.23996220475815908,25,30,20
24,3496,3.45917006179926e-23,0.7579986233329241,0.0020154240349789876,0.23998595263209677,25,30,20
24,3497,3.3984829014413993e-23,0.7585340682579299,0.001466189432093705,0.23999974230997637,25,30,20
24,3498,3.398482913141687e-23,0.7592468460049282,0.0007911537900453354,0.23996200020502642,25,30,20
24,3499,3.3995292490294756e-23,0.7599362665007596,6.548088959883259e-05,0.23999825260964147,25,30,20
24,3500,1.0473311108318532e-26,0.7598877275882385,0.00011294411876749009,0.23999932829299397,25,30,20
24,3501,5.536531238430127e-28,0.7598629161034066,0.0001371147011201575,0.23999996919547328,25,30,20
24,3502,4.9226359457064685e-30,0.7396408551097786,0.0203591794071539,0.23999996548306746,25,30,20
24,3503,3.2821251246462645e-30,0.7599865466279592,1.4147010323139374e-05,0.23999930636171754,25,30,20
24,3504,1.8674306204979686e-28,0.7599496535776941,5.0384933696064025e-05,0.23999996148860966,25,30,20
24,3505,1.0650442858126915e-26,0.7599625971343701,0.0007514883389365001,0.23928591452669332,25,30,20
24,3506,1.0840121501469594e-26,0.7592357844478999,0.0007782627275543153,0.2399859528245457,25,30,20
24,3507,3.7042772699607042e-28,0.7598982979512958,0.00010258576020209662,0.2399991162885021,25,30,20
24,3508,1.8708197863876302e-28,0.7599971296928638,3.7649177827514297e-06,0.23999910538935332,25,30,20
24,3509,6.782331121405386e-30,0.7599606874385771,0.0007534055491832302,0.23928590701223956,25,30,20
24,3510,1.0466978978318464e-26,0.7599619642855606,0.0007514808031625333,0.2392865549112768,25,30,20
24,3511,3.447646045456394e-30,0.759962162320014,0.0015022301682946306,0.23853560751169134,25,30,20
24,3512,3.4497103411265764e-30,0.7599621843212577,3.783903188059789e-05,0.23999997664686157,25,30,20
24,3513,1.8368291309539364e-28,0.759999278285964,1.4042547619708723e-06,0.23999931745927405,25,30,20
24,3514,5.965986984403289e-25,0.7599871869576588,1.349531731337326e-05,0.2399993177250278,25,30,20
24,3515,3.3962022489719104e-30,0.7599997025214372,5.485087651828584e-07,0.2399997489697974,25,30,20
24,3516,6.672198863593937e-30,0.7599982320868403,1.4773233431094879e-05,0.23998699467972873,25,30,20
24,3517,5.96421636420789e-25,0.759973158814484,2.7940878630962874e-05,0.2399989003068849,25,30,20
24,3518,1.869847537348453e-21,0.7382399143816736,0.021761177799347196,0.2399989078189793,25,30,20
24,3519,6.297592186498707e-18,0.7185476448163614,0.041465326739871994,0.2399870284437666,25,30,20
24,3520,1.8698532250999e-21,0.7178575198585655,0.04283278866596134,0.2393096914754729,25,30,20
24,3521,1.047342597117823e-26,0.7198637763036908,0.04013622529801194,0.23999999839829708,25,30,20
24,3522,3.722465743900208e-28,0.7397974781091747,0.02020255733143358,0.23999996455939163,25,30,20
24,3523,1.065032963369593e-26,0.7599742467144516,5.1050814570123065e-05,0.23997470247097824,25,30,20
24,3524,1.2944713626441575e-29,0.7599861255570686,1.3893941323866339e-05,0.23999998050160748,25,30,20
24,3525,1.0479751992783335e-26,0.7599990841495406,0.0020257438602766325,0.23797517199018284,25,30,20
24,3526,1.0840509021305665e-26,0.7599861289566774,0.002026614792647099,0.23798725625067554,25,30,20
24,3527,1.047020054211867e-26,0.7599995351908998,0.0020006926508801984,0.23799977215821982,25,30,20
24,3528,1.0640895086808031e-26,0.7592235038868069,0.002777144228591712,0.23799935188460108,25,30,20
24,3529,1.0644232470109326e-26,0.759174493863138,0.0028261547093283417,0.2379993514275337,25,30,20
24,3530,6.615799470532549e-30,0.759985198743812,0.0020161017769256676,0.2379986994792622,25,30,20
24,3531,6.679171568374004e-30,0.7599973535269359,3.5414870250605037e-06,0.23999910498603888,25,30,20
24,3532,1.0656997789122279e-26,0.7599839735183771,1.605008891967837e-05,0.2399999763927031,25,30,20
24,3533,3.7042263395428967e-28,0.7599123327544193,8.79063153883515e-05,0.23999976093019232,25,30,20
24,3534,5.964219025787976e-25,0.759959813376346,7.711053449334593e-05,0.23996307608916073,25,30,20
24,3535,6.075118502856586e-18,0.7585461067306479,0.001491696358963441,0.2399621969103886,25,30,20
24,3536,1.0289860951679688e-26,0.7552493845502665,0.004751939109714443,0.239998676340019,25,30,20
24,3537,1.0011704358175663e-29,0.7599854844640329,1.455404858284781e-05,0.23999996148738414,25,30,20
24,3538,1.8702758482604077e-28,0.7599988386508276,3.8516981734476084e-05,0.23996264436743775,25,30,20
24,3539,6.624621404280618e-30,0.7599988686329895,1.5866363626677414e-06,0.23999954473064758,25,30,20
24,3540,1.8685492067284376e-28,0.7599856928193348,1.561130543488284e-05,0.23999869587523018,25,30,20
24,3541,2.8780424003674475e-31,0.7579861059844116,0.0020272817292803368,0.23998661228630808,25,30,20
24,3542,1.0830906090593009e-26,0.7592344730608618,0.0008158149529013471,0.2399497119862368,25,30,20
24,3543,1.8380688785784625e-28,0.7584984244027569,0.0015391247334039305,0.2399624508638389,25,30,20
24,3544,1.04731425997882e-26,0.757806038377103,0.0021946254844033785,0.23999933613849347,25,30,20
24,3545,1.9351997992811528e-28,0.7585571794934535,0.0014437191046512707,0.23999910140189493,25,30,20
24,3546,1.0653601835760454e-26,0.7585937074426411,0.001419707059653093,0.2399865854977056,25,30,20
24,3547,2.0291446216809593e-28,0.757999490555857,0.002014556291827258,0.23998595315231555,25,30,20
24,3548,1.0476480052508584e-26,0.7592843558325763,0.0014303925595105973,0.23928525160791284,25,30,20
24,3549,5.869650133425457e-25,0.737910785719015,0.022803318898015536,0.23928589538296927,25,30,20
24,3550,5.868635634521624e-25,0.7578933890341485,0.0021079225237011154,0.23999868844215036,25,30,20
24,3551,5.864964814959934e-25,0.7565510284643489,0.004162394360770822,0.2392865771748805,25,30,20
24,3552,1.872094973843024e-21,0.7578806992946201,0.0021193124339788155,0.23999998827140082,25,30,20
24,3553,1.8726913951876196e-21,0.7578435109427747,0.0021571603780287537,0.2399993286791966,25,30,20
24,3554,5.969692419449151e-25,0.7592730714438002,0.0007271683550008682,0.23999976020119895,25,30,20
24,3555,6.015681719460664e-25,0.7396294258080252,0.02037060877212327,0.2399999654198514,25,30,20
24,3556,1.2036671987628405e-24,0.7199749049743889,0.0407512718705867,0.2392738231550242,25,30,20
24,3557,5.863219636034134e-25,0.7199988797085038,0.001381522232055595,0.2786195980594404,25,30,20
24,3558,6.07252128802213e-25,0.7199617039303817,0.0014187055865289649,0.27861959048308915,25,30,20
24,3559,3.158349445074505e-26,0.7192839134891784,0.000716587570203539,0.27999949894061765,25,30,20
24,3560,1.1008293753575595e-26,0.6799380634123233,0.04009907316905911,0.2799628634186174,25,30,20
24,3561,9.443445870238348e-22,0.6994663131301018,0.021261967398525955,0.27927171947137214,25,30,20
24,3562,8.219637209393038e-28,0.6992519078154303,0.020749411527238176,0.2799986806573315,25,30,20
24,3563,3.399528932944212e-23,0.7199358303471617,7.756874492347399e-05,0.2799866009079149,25,30,20
24,3564,3.679766441745127e-30,0.7185828292216123,0.001430157490703482,0.27998701328768405,25,30,20
24,3565,1.902975478484257e-28,0.7185338486473731,0.0015030792432240675,0.2799630721094028,25,30,20
24,3566,3.453589454668638e-30,0.7185820067516897,0.00213207499984819,0.279285918248462,25,30,20
24,3567,1.808014767872782e-28,0.7186182971230504,0.0020960007443543895,0.27928570213259524,25,30,20
24,3568,1.955428475697987e-29,0.7199867435485178,7.565883483763923e-05,0.27993759761664444,25,30,20
24,3569,5.671005426629136e-28,0.7199118892739718,0.00011427585621077581,0.27997383486981725,25,30,20
24,3570,5.969819475590607e-25,0.7199731659069138,4.049476038708511e-05,0.27998633933269895,25,30,20
24,3571,6.072586151815727e-25,0.7179981940053244,0.004088816070673787,0.2779129899240017,25,30,20
24,3572,1.0474750870137107e-26,0.7179867620943514,0.022289481262530768,0.25972375664311775,25,30,20
24,3573,1.7665620363283606e-29,0.7179990575068581,0.022240263224626054,0.25976067926851587,25,30,20
24,3574,2.0461650995368835e-28,0.7179252541003157,0.022264438696297285,0.2598103072033868,25,30,20
24,3575,3.835317493460467e-28,0.7199353917682393,8.992086685109929e-05,0.2799746873649095,25,30,20
24,3576,9.836290270346291e-30,0.7192731547358711,0.0007268728717322185,0.2799999723923967,25,30,20
24,3577,1.2947807521558636e-29,0.719925470616529,8.728475507713576e-05,0.27998724462839375,25,30,20
24,3578,1.0470143141372623e-26,0.7199615031794449,6.356738521619662e-05,0.2799749294353387,25,30,20
24,3579,3.395439451921757e-23,0.719937327910822,7.543458017146375e-05,0.27998723750900667,25,30,20
24,3580,6.845668555808924e-30,0.719960634774858,7.671328386483508e-05,0.2799626519412772,25,30,20
24,3581,1.8714038033779771e-28,0.7199990054384756,3.8771192920137844e-05,0.27996222336860405,25,30,20
24,3582,5.57773109178744e-28,0.7199597676997418,7.930112475261945e-05,0.2799609311755055,25,30,20
24,3583,1.083734117944088e-26,0.7199250531382566,8.878596303266013e-05,0.2799861608987105,25,30,20
24,3584,3.459301418791228e-23,0.7192478993746527,0.04075234036108637,0.23999976026426073,25,30,20
24,3585,1.1941341769118787e-24,0.7192597516859416,0.04074090820173295,0.2399993401123253,25,30,20
24,3586,6.456482312891219e-23,0.7199990996376816,0.03933508964937965,0.24066581071293872,25,30,20
24,3587,6.173515745113215e-25,0.7199345313594998,0.040053631103125806,0.24001183753737437,25,30,20
24,3588,2.0096276870636387e-14,0.7199608518362721,0.04004069040964268,0.23999845775406514,25,30,20
24,3589,2.0096278772677602e-14,0.7191756093919217,0.040824637383522155,0.239999753224536,25,30,20
24,3590,2.0096276870636573e-14,0.6759380321642072,0.08406327527521563,0.23999869256055692,25,30,20
24,3591,5.984812298227968e-18,0.6779602258992402,0.08205340433251106,0.23998636976824866,25,30,20
24,3592,5.982873949991049e-18,0.6779466341774348,0.08205404458457315,0.2399993212379922,25,30,20
24,3593,5.962353554686816e-25,0.7172360238310008,0.04276486693219892,0.2399991092368002,25,30,20
24,3594,5.962319634633128e-25,0.7199487897086064,0.04005123344411107,0.23999997684728241,25,30,20
24,3595,5.962382339267124e-25,0.7199988953472197,0.04000176458876559,0.23999934006401483,25,30,20
24,3596,3.3431520130190135e-23,0.7199746894762675,0.040013245825008835,0.24001206469872344,25,30,20
24,3597,1.9352093819897439e-28,0.7192863106371226,0.040715000920466496,0.2399986884424108,25,30,20
24,3598,5.960513374668254e-25,0.7192481260557558,0.04074023011208178,0.2400116438321623,25,30,20
24,3599,6.187208776263415e-18,0.7192852694515495,0.0014175661475259059,0.27929716440092456,25,30,20
24,3600,1.9383579789500717e-21,0.7199994596870721,1.416912321329858e-06,0.27999912340060645,25,30,20
24,3601,1.9383579854514233e-21,0.7186314072184661,0.0013694801587583439,0.2799991126227754,25,30,20
24,3602,9.948299066649438e-30,0.717984832985997,0.0027299117463031515,0.2792852552676996,25,30,20
24,3603,3.7380988887175455e-28,0.7199112263556757,0.0008022001921225792,0.2792865734522014,25,30,20
24,3604,1.9324354855263247e-28,0.7199487518155369,5.1271999398705744e-05,0.2799999761850644,25,30,20
24,3605,9.95621076858994e-30,0.7199493587576683,5.066832530207904e-05,0.27999997291702955,25,30,20
24,3606,3.400592619910238e-23,0.719887266488513,0.00012635636416895527,0.27998637714731794,25,30,20
24,3607,1.9013371595656167e-28,0.7185576492134538,0.0014423892292718728,0.27999996155727425,25,30,20
24,3608,1.804695468944288e-28,0.7192847920238471,0.002715875499810429,0.27799933247634234,25,30,20
24,3609,9.379264607631553e-29,0.699604174978021,0.02243273000139694,0.2779630950205821,25,30,20
24,3610,2.8053110461646963e-28,0.6982142418436341,0.021786001761807446,0.27999975639455826,25,30,20
24,3611,5.2415459358575766e-27,0.6992411233124016,0.02077165420726149,0.2799872224803367,25,30,20
24,3612,5.4251730910084454e-27,0.6999797631032932,0.020020476963715658,0.27999975993299103,25,30,20
24,3613,3.398537959888805e-23,0.719221958627818,0.0008037478862695264,0.27997429348591235,25,30,20
24,3614,3.4592454033521603e-23,0.7199481276801629,5.2134196741612435e-05,0.27999973812309537,25,30,20
24,3615,3.283234714453471e-30,0.7199630337027128,4.995229100249036e-05,0.2799870140062847,25,30,20
24,3616,1.0457213397812688e-26,0.7199261295629639,7.387543732264109e-05,0.2799999949997133,25,30,20
24,3617,5.510293468877505e-27,0.6996175582530492,0.02038374220961868,0.27999869953733186,25,30,20
24,3618,1.1926659004473623e-24,0.719887917807058,0.00011296616466978017,0.2799991160282722,25,30,20
24,3619,5.962446143008142e-25,0.7199624149995715,3.8454008534138357e-05,0.27999913099189416,25,30,20
24,3620,6.070746718076644e-25,0.7199869891273312,2.6648813691297822e-05,0.2799863620589773,25,30,20
24,3621,5.966017555818551e-25,0.719949682849199,8.744948455937236e-05,0.2799628676662414,25,30,20
24,3622,5.9678843294396145e-25,0.7199474941279165,8.964989557881594e-05,0.27996285597650467,25,30,20
24,3623,5.969719966932627e-25,0.7199613136494749,7.561046334078855e-05,0.2799630758871844,25,30,20
24,3624,3.705318091485636e-28,0.7199615261245524,3.87245918507146e-05,0.2799997492835968,25,30,20
24,3625,1.0474950678223427e-26,0.699640426606263,0.02035957787612483,0.2799999955176119,25,30,20
24,3626,3.086743759565666e-25,0.6999795212128808,0.020020495089968598,0.27999998369715057,25,30,20
24,3627,1.06708063278008e-19,0.6599920596365859,0.06002068085315285,0.27998725951026104,25,30,20
24,3628,2.9589960112303396e-25,0.6991114809135124,0.02088918700789328,0.2799993320785943,25,30,20
24,3629,2.959092051261912e-25,0.6990122126177237,0.02106159670917869,0.2799261906730974,25,30,20
24,3630,2.9591559358399337e-25,0.6990488889470768,0.020951775054384957,0.2799993359985381,25,30,20
24,3631,2.9609926872733214e-25,0.6970859680776759,0.022926787301086472,0.2799872446212374,25,30,20
24,3632,2.959025455861499e-25,0.697112113714399,0.022901278185330144,0.27998660810027054,25,30,20
24,3633,3.1221600375976742e-30,0.7179991032946538,0.0020009276992320976,0.2799999690061139,25,30,20
24,3634,9.56714907799141e-30,0.7172856436088305,0.0027145959312113595,0.279999760459958,25,30,20
24,3635,9.681125164280595e-30,0.7179997206270218,0.0020011969805872,0.279999082392391,25,30,20
24,3636,1.9346539329926863e-28,0.7192589107425562,0.0007426430674364396,0.27999844619000724,25,30,20
24,3637,3.67622465893301e-28,0.6989136325814048,0.02108725113705112,0.27999911628154384,25,30,20
24,3638,1.1017599246861067e-26,0.6995918901015719,0.020409209345231143,0.2799989005531968,25,30,20
24,3639,5.524249113535353e-20,0.6999968553798307,0.020004244056611983,0.2799989005635573,25,30,20
24,3640,5.524249094853353e-20,0.6999973099504792,0.04034820039306794,0.2596544896564529,25,30,20
24,3641,1.2142976432413593e-24,0.7192721047480568,0.0007426169152212302,0.2799852783367218,25,30,20
24,3642,1.0476546299878024e-26,0.7192343516565893,0.0007667668555204074,0.2799988814878902,25,30,20
24,3643,6.070746756408101e-25,0.7192349729779525,0.0008027994709740019,0.27996222755107353,25,30,20
24,3644,1.495272317344034e-25,0.6892751920541248,0.06072797456280766,0.24999683338306766,25,30,20
24,3645,1.4934710653324212e-25,0.7200004600789859,0.03000271052544634,0.2499968293955677,25,30,20
24,3646,3.518812264529643e-23,0.7199979928433244,0.04000183393057911,0.24000017322609654,25,30,20
24,3647,3.576414892330602e-23,0.7192958255605413,0.04070398965081035,0.24000018478864824,25,30,20
24,3648,3.8075949562185096e-21,0.7199602349811058,0.04003980059225309,0.23999996442664112,25,30,20
24,3649,1.032045897706345e-26,0.7199997472009538,0.0393344776824482,0.2406657751165979,25,30,20
24,3650,3.5896665536274783e-16,0.7199630371044914,0.04003697852908754,0.2399999843664207,25,30,20
24,3651,3.5896665536293464e-16,0.7199617458509606,0.04003827763736601,0.23999997651167296,25,30,20
24,3652,1.8719289536107484e-28,0.7199986680616219,0.04000201102805082,0.23999932091032739,25,30,20
24,3653,2.1104431414417502e-26,0.7199490124848775,0.040051011128325126,0.23999997638679724,25,30,20
24,3654,1.083430368142745e-26,0.7199121278025757,0.040089184207617166,0.23999868798980706,25,30,20
24,3655,1.0837566967486152e-26,0.7199233484309662,0.040077553951827605,0.2399990976172063,25,30,20
24,3656,6.072552945489015e-25,0.7206373650208939,0.03936375687835388,0.23999887810075193,25,30,20
24,3657,3.4582161420032966e-23,0.7206757506877126,0.039349744484938415,0.23997450482734892,25,30,20
24,3658,1.938348623617696e-21,0.7199992634997495,0.04000204818038305,0.2399986883198672,25,30,20
24,3659,1.686081445031303e-23,0.7098159556556654,0.05018535236234279,0.23999869198199178,25,30,20
24,3660,1.6858010105247006e-23,0.7398225263220074,0.020215681734937343,0.239961791943055,25,30,20
24,3661,3.3430267397758634e-23,0.7179990507817325,0.0420143372666003,0.23998661195166712,25,30,20
24,3662,5.762197961757109e-25,0.7186755383791605,0.041339391485703994,0.23998507013513545,25,30,20
24,3663,3.400593964124785e-23,0.7199239558727527,0.040090553382989134,0.23998549074425818,25,30,20
24,3664,6.769101550311078e-23,0.7397969016343228,0.020216837860402355,0.2399862605052747,25,30,20
24,3665,6.709460354626363e-23,0.7383684094109916,0.021644671090575943,0.23998691949843226,25,30,20
24,3666,3.400576184422551e-23,0.759272246119665,0.0007655259947123046,0.23996222788562246,25,30,20
24,3667,3.4591710327910044e-23,0.7599628056966005,8.748663227037311e-05,0.2399497076711289,25,30,20
24,3668,3.3996019983566993e-23,0.7579606464870408,0.0020896573391459795,0.23994969617381323,25,30,20
24,3669,3.3995842805200886e-23,0.7599850309364798,0.0001021656125168447,0.23991280345100321,25,30,20
24,3670,1.965750178700364e-28,0.7599856790209956,1.43264386697581e-05,0.23999999454033485,25,30,20
24,3671,1.0663160313426684e-26,0.7599740337889094,2.5993739528326835e-05,0.23999997247156238,25,30,20
24,3672,1.0482654969071441e-26,0.7599375656635847,0.0020995777616754255,0.2379628565747397,25,30,20
24,3673,9.784658828903845e-30,0.7598881605524272,0.00014898300364272934,0.23996285644392987,25,30,20
24,3674,6.732738143653114e-30,0.7579492291880966,0.0027648490389010722,0.23928592177300217,25,30,20
24,3675,9.8986159965781e-30,0.7599483465697167,6.506747084710934e-05,0.23998658595943623,25,30,20
24,3676,1.6226639622489142e-29,0.7599358044091005,6.485539728169252e-05,0.23999934019361777,25,30,20
24,3677,3.508195261273093e-30,0.7599624081357927,3.888846527168053e-05,0.23999870339893556,25,30,20
24,3678,6.786257949094927e-30,0.7599600062232791,4.196088180410973e-05,0.2399980328949166,25,30,20
24,3679,1.8713736611262485e-28,0.759958721619121,5.555656332656138e-05,0.23998572181755243,25,30,20
24,3680,3.229588148859451e-30,0.7599977891616808,2.8337819196941222e-05,0.23997387301912212,25,30,20
24,3681,5.4252058190310544e-27,0.7399808203450428,0.02002048742795749,0.2399986922269996,25,30,20
24,3682,5.6057195213791834e-27,0.7399667892893447,0.020033882087645706,0.2399993286230096,25,30,20
24,3683,5.2350789464523716e-27,0.7399933586700195,0.02000730146395083,0.23999933986602962,25,30,20
24,3684,6.676144855112145e-30,0.7592856292476141,0.0007521546263951423,0.2399622161259909,25,30,20
24,3685,1.8719303206819865e-28,0.7599630219381889,3.8506269015317286e-05,0.23999847179279565,25,30,20
24,3686,1.0482860616137213e-26,0.759935588293161,6.507165063865392e-05,0.23999934005620027,25,30,20
24,3687,3.340014618899584e-23,0.7592353413777252,0.0007897173103778267,0.23997494131189692,25,30,20
24,3688,3.340032654309328e-23,0.7592351556234942,0.0007650877685832071,0.23999975660792258,25,30,20
24,3689,3.7059424022795393e-28,0.7599228754511155,7.73565719577454e-05,0.23999976797692643,25,30,20
24,3690,3.803093183791767e-28,0.7599232961219131,7.714411751882157e-05,0.2399995597605679,25,30,20
24,3691,9.890722157396532e-30,0.7599606390293754,3.938810041200338e-05,0.2399999728702124,25,30,20
24,3692,1.0653663171443348e-26,0.7599973386402223,3.1285067227199088e-06,0.2399995328530548,25,30,20
24,3693,1.0473148508364193e-26,0.7599954396270518,1.7308231278905015e-05,0.2399872521416691,25,30,20
24,3694,1.902479808890547e-28,0.7599489980502762,6.375706483975892e-05,0.2399872448848837,25,30,20
24,3695,1.0656884907983034e-26,0.7599602515382083,4.106074720760913e-05,0.2399986877145837,25,30,20
24,3696,1.0650442774429665e-26,0.7599492174962004,0.0007655087548029558,0.23928527374899633,25,30,20
24,3697,1.048286666218123e-26,0.7599858716915456,1.5432690953042642e-05,0.23999869561750115,25,30,20
24,3698,1.9341000845583903e-28,0.7599742269120472,2.5788996633339575e-05,0.23999998409131926,25,30,20
24,3699,5.967984334380183e-25,0.7599373191044171,8.903975183453453e-05,0.23997364114374825,25,30,20
24,3700,1.935765666453226e-28,0.7599235377924213,7.695509812432081e-05,0.23999950710945442,25,30,20
24,3701,3.7927645564172924e-30,0.759959734425012,4.049003788801159e-05,0.2399997755370999,25,30,20
24,3702,1.084061607813562e-26,0.7598863920648141,0.00011448007828917644,0.23999912785689656,25,30,20
24,3703,9.894755539250343e-30,0.7599355926562993,6.441580775925587e-05,0.23999999153594131,25,30,20
24,3704,1.9324053829970436e-28,0.7599485700096102,5.145687279781711e-05,0.2399999731175918,25,30,20
24,3705,3.3985575702017207e-23,0.7599489683379087,5.105502437820592e-05,0.23999997663771291,25,30,20
24,3706,6.505791289515369e-30,0.7599125266530691,8.750049730581853e-05,0.2399999728496251,25,30,20
24,3707,3.673697345098548e-28,0.7599356327655096,0.00010129506657823443,0.2399630721679123,25,30,20
24,3708,1.0650438786849632e-26,0.757935838115079,0.0021379896871554934,0.2399261721977654,25,30,20
24,3709,2.1120307612863782e-26,0.7559494300258278,0.004087516427401559,0.23996305354677042,25,30,20
24,3710,1.8374761994991842e-28,0.7579114535800227,0.002126106659365418,0.2399624397606119,25,30,20
24,3711,3.6241853109221854e-30,0.7572357849886642,0.0028138557883560246,0.2399503592229797,25,30,20
24,3712,2.0937291351876647e-26,0.759223034074926,0.0027769856812183804,0.2379999802438556,25,30,20
24,3713,1.0470257998012704e-26,0.7599367022486537,0.002063298101670631,0.23799999964967544,25,30,20
24,3714,3.5111332693830986e-30,0.7599351864230354,7.755332872217048e-05,0.23998726024824235,25,30,20
24,3715,1.870253925933222e-28,0.7599625639596214,3.747022506365352e-05,0.2399999658153149,25,30,20
24,3716,1.084373069362153e-26,0.7599242028858972,7.606304500538739e-05,0.23999973406909716,25,30,20
24,3717,3.6736891607037967e-28,0.7599237833422753,7.691089542225172e-05,0.2399993057623023,25,30,20
24,3718,2.1117145163741783e-26,0.7599371335560492,0.00012526517908742021,0.23993760126486308,25,30,20
24,3719,3.7037977604581615e-28,0.7579621694183649,0.0020512337812512832,0.23998659680038364,25,30,20
24,3720,1.8702361959825837e-28,0.7599615329549471,3.871409810499305e-05,0.23999975294694792,25,30,20
24,3721,1.06505509205097e-26,0.7599852589469757,1.5204225153062566e-05,0.23999953682787115,25,30,20
24,3722,3.461543926513898e-31,0.7599742579381115,6.264337475857224e-05,0.2399630986871298,25,30,20
24,3723,6.565146072978418e-30,0.7592722790325841,0.0007296808812895587,0.2399980400861262,25,30,20
24,3724,3.343646125213902e-30,0.7579360812049493,0.0020645716198280832,0.2399993471752225,25,30,20
24,3725,3.771462130187965e-28,0.759995803516756,4.4583507361137645e-06,0.23999973813250783,25,30,20
24,3726,1.0292746526126241e-26,0.7593085692222529,0.0006916853989685447,0.2399997453787786,25,30,20
24,3727,3.4581109901548556e-23,0.7579246148706654,0.002075851560231169,0.2399995335691033,25,30,20
24,3728,5.667781440036211e-25,0.717585251447195,0.04243957628889238,0.23997517226391238,25,30,20
24,3729,3.45918811912809e-23,0.7599235334681244,7.711849380073835e-05,0.23999934803807485,25,30,20
24,3730,6.735672365217072e-30,0.7599367049743629,6.4825962420052e-05,0.23999846906321662,25,30,20
24,3731,3.569683875027455e-30,0.7599481190184549,5.256378362064071e-05,0.23999931719792425,25,30,20
24,3732,1.0470088705902516e-26,0.7591988393179746,0.0008018433559110611,0.2399993173261143,25,30,20
24,3733,6.78636413096893e-30,0.759247656930321,0.0007530216907114043,0.23999932137896743,25,30,20
24,3734,1.3063698358126077e-29,0.7592603848435431,0.0007402790855529791,0.23999933607090376,25,30,20
24,3735,1.1916249918113613e-31,0.7592724993382964,0.0007287973909412212,0.23999870327076228,25,30,20
24,3736,3.399564662616901e-23,0.7572588884164057,0.002741764276462341,0.23999934730713193,25,30,20
24,3737,3.399565290147784e-23,0.759221559881517,0.000779092486054236,0.23999934763242856,25,30,20
24,3738,1.0473481494570443e-26,0.7599367023116207,6.419263489733341e-05,0.23999910505348193,25,30,20
24,3739,9.893746221140506e-30,0.7599498731534285,0.0007642199627098168,0.23928590688386137,25,30,20
24,3740,1.7667180861539288e-31,0.7599626204657776,3.741444313523217e-05,0.2399999650910872,25,30,20
24,3741,2.1123743629965213e-26,0.7599613319907119,0.039362423758251976,0.20067624425103608,25,30,20
24,3742,3.286471463727119e-23,0.7599615478483115,0.04003890042674956,0.19999955172493877,25,30,20
24,3743,1.9359961722915555e-21,0.7592362460766586,0.04076377400578753,0.19999997991755383,25,30,20
24,3744,6.800214211568983e-23,0.7592489772437614,0.04075125053036907,0.19999977222586954,25,30,20
24,3745,6.799186226613118e-23,0.759999085081727,0.04000157472567357,0.19999934019259935,25,30,20
24,3746,2.2270196605496855e-19,0.760011150063538,0.03998951026968063,0.19999933966678118,25,30,20
24,3747,1.0834123732156116e-26,0.7599606729958873,0.040039976100225375,0.1999993509038872,25,30,20
24,3748,6.423703033801912e-22,0.7601930339842287,0.039807637453266216,0.19999932856250502,25,30,20
24,3749,1.9421011938768943e-14,0.7599607019523609,0.04003953705201052,0.199999760995609,25,30,20
24,3750,3.736977608136282e-28,0.7599986001383584,0.04000291975684502,0.19999848010479634,25,30,20
24,3751,5.826188322793824e-13,0.7592787328893468,0.04072213699272746,0.19999913011734285,25,30,20
24,3752,1.0473478690568224e-26,0.7992735331499848,0.0007273385929743338,0.19999912825704058,25,30,20
24,3753,1.065371374091082e-26,0.799972511326109,2.7489679571757215e-05,0.19999999899431914,25,30,20
24,3754,1.0663321883487522e-26,0.7999608364236603,3.9834944076066826e-05,0.19999932863226363,25,30,20
24,3755,6.17532149930066e-25,0.799946391334921,6.831867410195798e-05,0.19998528999097726,25,30,20
24,3756,5.6697141220256125e-25,0.7979975837923489,0.002003095094452196,0.19999932111319896,25,30,20
24,3757,5.508889144165921e-28,0.7999621722141509,0.0007642134415060921,0.19927361434434296,25,30,20
24,3758,1.8691171384840298e-28,0.7999502965582874,6.331518173702933e-05,0.19998638825997564,25,30,20
24,3759,1.837466302472217e-28,0.799962169014986,5.080971962996512e-05,0.19998702126538404,25,30,20
24,3760,1.8679462393938397e-28,0.7999621771802015,5.122163309727849e-05,0.19998660118670128,25,30,20
24,3761,1.8696490836564963e-28,0.799974912687992,3.8497493077668154e-05,0.19998658981893006,25,30,20
24,3762,1.1811878938809673e-31,0.7999742539689515,2.6417139788522796e-05,0.19999932889125968,25,30,20
24,3763,3.036324835899215e-25,0.7796537797216488,0.020346247546580036,0.19999997273177095,25,30,20
24,3764,2.112357918782193e-26,0.7999724688402309,2.818757879937524e-05,0.19999934358096969,25,30,20
24,3765,3.014031741786244e-25,0.7603459666004513,0.039654909330328024,0.19999912406922063,25,30,20
24,3766,1.0467045494692508e-26,0.7599992807983259,0.040000719491227466,0.19999999971044663,25,30,20
24,3767,5.3860522712130705e-28,0.7606770434485228,0.04003659842206662,0.19928635812941028,25,30,20
24,3768,1.0830735378594686e-26,0.7599986570834855,0.04071498498643935,0.19928635793007501,25,30,20
24,3769,1.8719687677104977e-28,0.7999740257504331,0.0007396162495344433,0.19928635800003228,25,30,20
24,3770,5.576103438659623e-28,0.7999498273608993,0.0007640497721695858,0.19928612286693112,25,30,20
24,3771,1.9357550678103447e-28,0.7999705597334039,2.944094800435287e-05,0.19999999931859155,25,30,20
24,3772,3.739216740103155e-28,0.7999492209529911,5.101445812068051e-05,0.19999976458888777,25,30,20
24,3773,6.4511888643861e-30,0.7999995010287481,4.996504487782683e-07,0.19999999932080315,25,30,20
24,3774,9.667709833397391e-30,0.7999630186070162,3.827811885497232e-05,0.19999870327412872,25,30,20
24,3775,6.672179374131956e-30,0.7999977778563617,2.8709212079102918e-06,0.19999935122243034,25,30,20
24,3776,3.2862441669397266e-30,0.799999747713827,2.7583504685221037e-07,0.19999997645112613,25,30,20
24,3777,6.843750833287031e-30,0.7999731781248532,2.812944289747242e-05,0.19999869243224908,25,30,20
24,3778,3.397458451818978e-23,0.7999351722908442,7.886378009366242e-05,0.199985963929062,25,30,20
24,3779,3.397457790851445e-23,0.7992690890381624,0.000730945675732371,0.19999996528610514,25,30,20
24,3780,1.2946694595735505e-29,0.7973070761210873,0.0026929697578706928,0.19999995412104213,25,30,20
24,3781,1.9323746250198153e-28,0.7979969293106655,0.002040660685889557,0.1999624100034451,25,30,20
24,3782,4.624058343733003e-28,0.7779545376161258,0.02204570171961252,0.19999976066426173,25,30,20
24,3783,2.1392356878925413e-26,0.7779782659500484,0.022035133054583808,0.19998660099536764,25,30,20
24,3784,6.797111927289561e-23,0.7992355562984558,0.0007663917180601481,0.19999805198348397,25,30,20
24,3785,6.797075201837626e-23,0.7979496607666279,0.0020510102767958916,0.19999932895657616,25,30,20
24,3786,3.399582997484903e-23,0.7999483652983466,5.166914492613043e-05,0.19999996555672728,25,30,20
24,3787,1.0470267008482045e-26,0.7992838708278265,0.0014295968531926788,0.19928653231898064,25,30,20
24,3788,3.397456513666269e-23,0.7979983843279254,0.0027526197197131007,0.19924899595236137,25,30,20
24,3789,3.3974565082200317e-23,0.7999986603291234,3.892191405810701e-05,0.19996241775681858,25,30,20
24,3790,3.4561064049139733e-23,0.760687428577415,0.03935015346754166,0.1999624179550436,25,30,20
24,3791,5.9695967964268605e-25,0.7592588994072824,0.04074114627917428,0.19999995431354325,25,30,20
24,3792,5.969691785604927e-25,0.7606636366960291,0.03937327551572755,0.1999630877882435,25,30,20
24,3793,1.0647342238106635e-26,0.7600104905262421,0.0399901806499824,0.19999932882377539,25,30,20
24,3794,1.0565276028393058e-26,0.7599856406718627,0.060020737219173885,0.17999362210896325,25,30,20
24,3795,1.0660222726940421e-26,0.739628547621199,0.10037168373563077,0.15999976864317034,25,30,20
24,3796,1.122565056577242e-19,0.719973858937105,0.11936028600203592,0.16066585506085887,25,30,20
24,3797,1.1225652659128636e-19,0.7199481715206759,0.1194239727826076,0.16062785569671634,25,30,20
24,3798,6.8975885923486815e-15,0.7199856664656299,0.12132570197632775,0.15868863155803511,25,30,20
24,3799,6.897588627107059e-15,0.7332425596935039,0.10675738462227885,0.16000005568421002,25,30,20
24,3800,6.897586721877754e-15,0.7332303038615278,0.10676354625614376,0.1600061498823215,25,30,20
24,3801,1.763383072291824e-16,0.7599805252186649,0.08001949234135154,0.1599999824399833,25,30,20
24,3802,1.0861496816345816e-19,0.7606768613857171,0.07932338884668816,0.15999974976759473,25,30,20
24,3803,8.080518539452437e-25,0.759974045810845,0.07979358351717672,0.16023237067197804,25,30,20
24,3804,1.2882242061789182e-13,0.7580634433590943,0.08264864160070699,0.15928791504006962,25,30,20
24,3805,2.2017107996377983e-11,0.7599552748219813,0.04787342074901952,0.19217130440698196,25,30,20
24,3806,1.9383592455975403e-21,0.7599131771590082,0.08013337383414981,0.15995344900684189,25,30,20
24,3807,5.969762098788193e-25,0.7599610626931894,0.0800984434247961,0.1599404938820144,25,30,20
24,3808,2.0983701632535155e-18,0.7733261411770848,0.06600785169333784,0.16066600712957713,25,30,20
24,3809,3.1497992326648055e-18,0.7999746495346102,0.04139299777718078,0.158632352688209,25,30,20
24,3810,1.9037778371431336e-21,0.7999737873325253,0.039348880626049014,0.1606773320414256,25,30,20
24,3811,1.903767747251314e-21,0.7979981795005376,0.043324481016810384,0.1586773394826522,25,30,20
24,3812,1.0657166385327364e-26,0.7999841404710021,0.040015864334241966,0.1599999951947561,25,30,20
24,3813,3.3986123099625674e-23,0.7992696615812644,0.04004261612317625,0.16068772229555922,25,30,20
24,3814,3.682603537496055e-20,0.7999721695938109,0.026709420426912104,0.1733184099792769,25,30,20
24,3815,1.0671060634113002e-19,0.7985794119833253,0.002838511882181891,0.1985820761344927,25,30,20
24,3816,1.2034801905205225e-24,0.7999468125276107,5.4059874367395685e-05,0.1999991275980218,25,30,20
24,3817,1.1930199896988993e-24,0.7999711959807292,2.904315557100697e-05,0.19999976086369983,25,30,20
24,3818,1.047337348811951e-26,0.799997118358899,3.541454293046276e-06,0.1999993401868078,25,30,20
24,3819,3.401639895603431e-23,0.7999221777084426,9.058876161837513e-05,0.19998723352993897,25,30,20
24,3820,2.112318587740357e-26,0.799924568586492,0.000101574142575973,0.19997385727093206,25,30,20
24,3821,1.0473258588819421e-26,0.799949160866781,0.00010112734860041993,0.19994971178461868,25,30,20
24,3822,9.728195053865534e-30,0.7999621348739528,7.54251087070901e-05,0.19996244001734007,25,30,20
24,3823,1.0519167386614497e-26,0.7999118630849157,0.03011277903238801,0.16997535788269608,25,30,20
24,3824,1.0140039572028678e-14,0.799911866668424,0.0397403776519541,0.16034775567961163,25,30,20
24,3825,1.0566697958309463e-26,0.7999375735277944,0.04006234131533534,0.16000008515686992,25,30,20
24,3826,6.17264944006056e-25,0.7999498800480815,0.040050012059438,0.16000010789248045,25,30,20
24,3827,1.9383796531664126e-21,0.7999490472286773,0.04008785734145001,0.15996309542987264,25,30,20
24,3828,1.938369366653829e-21,0.799949217619867,0.04008768303156821,0.1599630993485647,25,30,20
24,3829,3.118502407898135e-30,0.7999619610098209,0.0014054592092096303,0.19863257978096932,25,30,20
24,3830,5.960546034711481e-25,0.7999250349866055,0.00011187722737874311,0.19996308778601565,25,30,20
24,3831,5.962289948003345e-25,0.7998887599071147,0.0021118883882544565,0.1979993517046308,25,30,20
24,3832,1.3002172225393303e-29,0.7992478724847867,0.0007534691152026793,0.19999865840001052,25,30,20
24,3833,5.966113547194178e-25,0.7999243819053329,0.00011321197113733611,0.19996240612352967,25,30,20
24,3834,1.9657286147923535e-28,0.798593863068523,0.0014070202322362141,0.19999911669924075,25,30,20
24,3835,1.0846558494785864e-26,0.7985809010223544,0.0014199935145303465,0.19999910546311525,25,30,20
24,3836,1.0660212327172401e-26,0.7999841594118664,1.758797237338201e-05,0.19999825261576037,25,30,20
24,3837,9.950245106743869e-30,0.7999973266054045,1.6072738289191184e-05,0.1999866006563061,25,30,20
24,3838,6.617680278291618e-30,0.7999598049357235,4.150270200270096e-05,0.1999986923622738,25,30,20
24,3839,6.620636577144828e-30,0.7999119121368432,9.004744705996954e-05,0.19999804041609687,25,30,20
24,3840,1.046692844265692e-26,0.7999727414666044,2.8570222746718517e-05,0.19999868831064913,25,30,20
24,3841,3.343635022213324e-30,0.7999861289473154,1.3890356323699624e-05,0.19999998069636085,25,30,20
24,3842,5.971523478730988e-25,0.7998984981786603,0.00010152112143916317,0.19999998069990033,25,30,20
24,3843,1.8363349126085967e-28,0.7999617674783628,3.824064525976088e-05,0.19999999187637754,25,30,20
24,3844,5.967822683985983e-25,0.7999844124978698,6.522749416677997e-05,0.19995036000796337,25,30,20
24,3845,1.0470148022827579e-26,0.7999852501934208,5.229861255306603e-05,0.19996245119402611,25,30,20
24,3846,6.840723706418482e-30,0.7999725262588393,2.8122377671787764e-05,0.19999935136348893,25,30,20
24,3847,1.066016281647585e-26,0.7998965365901692,0.00011685111988048788,0.1999866122899503,25,30,20
24,3848,3.7697987369800627e-28,0.799184410060328,0.0008156021826048044,0.19999998775706726,25,30,20
24,3849,2.0618512197567764e-28,0.7999489813064342,5.1682945700317845e-05,0.1999993357478656,25,30,20
24,3850,1.9474976265273736e-29,0.7999856999267562,0.020021117645449192,0.1799931824277947,25,30,20
24,3851,1.8727119581561564e-21,0.7999589003274664,0.001409190520600928,0.19863190915193266,25,30,20
24,3852,6.619663737391786e-30,0.7999977662834928,3.5376953867652477e-06,0.19999869602112047,25,30,20
24,3853,2.0933569286222776e-26,0.7992852002024345,0.000715054424513275,0.1999997453730521,25,30,20
24,3854,2.111076133719908e-26,0.7999619642543991,3.804753479998349e-05,0.19999998821080084,25,30,20
24,3855,1.7860512219957183e-31,0.7999867772414204,1.3223119173733633e-05,0.1999999996394056,25,30,20
24,3856,1.9333353382334037e-28,0.7699986299015624,0.03201410992067189,0.1979872601777655,25,30,20
24,3857,1.1458152739127185e-12,0.7599997025819589,0.042013692845240494,0.1979866045716548,25,30,20
24,3858,5.829617959895325e-13,0.7193101598664572,0.08070259527303641,0.19998724485992342,25,30,20
24,3859,6.189147113518257e-18,0.7395918482717267,0.06044505643266305,0.19996309529560996,25,30,20
24,3860,6.189147710312786e-18,0.759210536969553,0.04083868260120866,0.1999507804292382,25,30,20
24,3861,6.191068308667772e-18,0.7390402381321163,0.06095978665503157,0.19999997521285223,25,30,20
24,3862,7.443431007790772e-28,0.7599490163875113,0.04005228792019854,0.19999869569229006,25,30,20
24,3863,1.1384949758238745e-26,0.7592468294461956,0.040753614831829245,0.19999955572197514,25,30,20
24,3864,7.316773928229569e-28,0.7599360577449071,0.04006373086893456,0.20000021138615826,25,30,20
24,3865,6.297660012976771e-18,0.7599852470051617,0.04001474975070238,0.2000000032441357,25,30,20
24,3866,1.9002179078983944e-28,0.759973166457039,0.040026652196156906,0.20000018134680375,25,30,20
24,3867,1.9018635283862384e-28,0.7599613018791925,0.04075191617592771,0.19928678194487978,25,30,20
24,3868,2.0756273090509896e-26,0.7592839431915462,0.041430339184115546,0.1992857176243381,25,30,20
24,3869,1.0292909274839198e-26,0.7593087513110025,0.04139300386825845,0.1992982448207389,25,30,20
24,3870,1.0470206045643381e-26,0.7592841401838782,0.0610490205777804,0.17966683923834129,25,30,20
24,3871,1.841471997620204e-21,0.7579604302383448,0.06240963088551903,0.1796299388761361,25,30,20
24,3872,2.0759663453857236e-26,0.7592820214671891,0.061051366778023135,0.17966661175478765,25,30,20
24,3873,6.189145376594419e-18,0.7599474702475839,0.07936395094847894,0.16068857880393686,25,30,20
24,3874,1.9020725904122438e-21,0.7599966947213939,0.08199165372977557,0.15801165154883046,25,30,20
24,3875,1.902062126935495e-21,0.7599977744668478,0.0819903729581854,0.15801185257496678,25,30,20
24,3876,3.2311942490882126e-23,0.7579855854369194,0.08203860242452508,0.1599758121385553,25,30,20
24,3877,2.1490995071336519e-26,0.7599981944738252,0.08003872485794583,0.1599630806682288,25,30,20
24,3878,1.1232402117474465e-19,0.7600102935426574,0.07998994186591923,0.1599997645914236,25,30,20
24,3879,5.617753370436688e-20,0.7599841708722628,0.06002834943823432,0.17998747968950288,25,30,20
24,3880,2.933334137494157e-28,0.7599731182533982,0.06003305116367783,0.17999383058292395,25,30,20
24,3881,1.9352396313253445e-28,0.759986955428081,0.04002601585971851,0.19998702871220037,25,30,20
24,3882,3.8025274539252973e-28,0.7599867062080817,0.04002625332461089,0.19998704046730714,25,30,20
24,3883,3.400666052547107e-23,0.7599738035177143,0.04002620826671849,0.19999998821556722,25,30,20
24,3884,2.0753275594775565e-26,0.7606509427824016,0.0393497057303966,0.19999935148720163,25,30,20
24,3885,2.056981884200417e-26,0.7606889777135241,0.03931168216371262,0.19999934012276313,25,30,20
24,3886,1.9371871746866666e-21,0.7599500580617503,0.0400499650871441,0.1999999768511055,25,30,20
24,3887,1.9371763536811693e-21,0.759998868362479,0.04000116614172656,0.1999999654957942,25,30,20
24,3888,1.9371868170400664e-21,0.7599977966033465,0.04000224906815273,0.19999995432850054,25,30,20
24,3889,1.938359270601722e-21,0.7592587097164519,0.04074196112295719,0.1999993291605906,25,30,20
24,3890,1.938358909738633e-21,0.7592338825633513,0.04076613286823608,0.1999999845684124,25,30,20
24,3891,3.3514234962679536e-16,0.7586393511229711,0.042074086383413194,0.19928656249361526,25,30,20
24,3892,3.351423496161421e-16,0.7586415077368847,0.04207214968367613,0.1992863425794388,25,30,20
24,3893,1.9646198151360546e-28,0.7592729835288392,0.04076395141516432,0.19996306505599612,25,30,20
24,3894,5.53935173864739e-28,0.759962612647454,0.040148111601122895,0.19988927575142307,25,30,20
24,3895,1.1048703259867102e-19,0.7396538027304668,0.06035959628208451,0.1999866009874485,25,30,20
24,3896,1.1048703259556447e-19,0.739580426257204,0.06046923632723483,0.1999503374155609,25,30,20
24,3897,3.340989775804351e-23,0.7599515329634634,0.040086042037656734,0.19996242499887948,25,30,20
24,3898,3.775883229126615e-21,0.7166755290219828,0.08339873773492554,0.1999257332430912,25,30,20
24,3899,1.0046726058593077e-14,0.738923702443198,0.06111342937633071,0.19996286818046116,25,30,20
24,3900,1.0046727929546081e-14,0.7389109623019878,0.02181627914014985,0.2392727585578522,25,30,20
24,3901,3.339960820025595e-23,0.7592843705960486,0.0007160807489452842,0.2399995486550061,25,30,20
24,3902,1.8374346536387992e-28,0.7599971562133849,2.867202737489848e-06,0.23999997658387745,25,30,20
24,3903,3.6754021095238342e-28,0.7599975540260098,2.6815928883093812e-06,0.23999976438110168,25,30,20
24,3904,1.8713449832861075e-28,0.7599975465871741,2.4695184879988497e-06,0.23999998389433777,25,30,20
24,3905,2.0936841363661242e-26,0.7599617268711073,3.83308445751921e-05,0.2399999422843173,25,30,20
24,3906,1.0476592112975702e-26,0.7599591311097865,4.1790021219192356e-05,0.23999907886899408,25,30,20
24,3907,5.971655174157314e-25,0.7599237348148097,7.779665126622609e-05,0.23999846853392393,25,30,20
24,3908,1.639426409269752e-29,0.7599725076405001,2.944881063746917e-05,0.2399980435488622,25,30,20
24,3909,5.859707571872408e-25,0.7599485476485813,0.000765962554386196,0.23928548979703218,25,30,20
24,3910,1.9038103275981714e-21,0.7599105715458647,0.04079143005999006,0.19929799839414541,25,30,20
24,3911,1.9037892011506695e-21,0.7599737847460649,0.040727993626315406,0.19929822162761973,25,30,20
24,3912,1.9037892075362546e-21,0.7599735980820032,0.04072884287330889,0.1992975590446879,25,30,20
24,3913,6.189144789199866e-18,0.759960861420477,0.04003939692128327,0.19999974165823975,25,30,20
24,3914,2.915297112699066e-13,0.7199119324525227,0.08008875786252649,0.19999930968465868,25,30,20
24,3915,1.1239022357659651e-19,0.7199123019221412,0.08007714887775093,0.20001054920010727,25,30,20
24,3916,3.068206896544104e-18,0.7202904705944211,0.07936854032764534,0.2003409890779337,25,30,20
24,3917,3.066302544487623e-18,0.720327791840712,0.07936744536178089,0.2003047627975071,25,30,20
24,3918,1.9738058109688972e-14,0.7199863302878697,0.08005209704192129,0.19996157267018907,25,30,20
24,3919,1.9738058143089213e-14,0.6995675941075916,0.10114692666701634,0.19928547922537224,25,30,20
24,3920,1.9738058110285758e-14,0.7199863186449571,0.08003893730918352,0.1999747440458395,25,30,20
24,3921,1.9738058109689158e-14,0.7199632725561268,0.0800248524079001,0.20001187503595325,25,30,20
24,3922,3.067196320165452e-18,0.7199682751198351,0.08003175573591494,0.19999996914424975,25,30,20
24,3923,6.62846923392672e-23,0.7199619423480017,0.07936033204660102,0.200677725605397,25,30,20
24,3924,6.859763625034155e-23,0.7206768487877643,0.07932381494643073,0.1999993362658047,25,30,20
24,3925,6.859729347617698e-23,0.7579246284871111,0.04207539838827413,0.19999997312461482,25,30,20
24,3926,1.0663268187167598e-26,0.7599496225612492,0.0400877289324363,0.19996264850631448,25,30,20
24,3927,1.1235499365564538e-19,0.7599997180064488,0.04003697449540433,0.19996330749814678,25,30,20
24,3928,1.1235499420963487e-19,0.7599241792826531,0.04007627610358864,0.19999954461375818,25,30,20
24,3929,5.964216357590938e-25,0.7396285746608824,0.0603723273928921,0.19999909794622567,25,30,20
24,3930,3.876100432756132e-21,0.759935626432553,0.04006418857224972,0.2000001849951971,25,30,20
24,3931,3.876100252293882e-21,0.7599373233742898,0.040062494952405346,0.2000001816733049,25,30,20
24,3932,5.159315519192647e-27,0.7599990764413337,0.02034576664789263,0.21965515691077347,25,30,20
24,3933,1.5613071210628245e-26,0.7599872057688465,0.020358300770609853,0.2196544934605435,25,30,20
24,3934,1.5616402715718125e-26,0.7599490316227908,0.020409187466165643,0.21964178091104336,25,30,20
24,3935,5.96431176849421e-25,0.7592362349667579,0.0007771680988346824,0.23998659693440744,25,30,20
24,3936,2.0579149116544457e-26,0.7206386190571206,0.0394116800576774,0.239949700885202,25,30,20
24,3937,9.688762880447954e-22,0.7200058500375691,0.039995468898080894,0.23999868106435002,25,30,20
24,3938,9.68876288045751e-22,0.7200050015626134,0.03999501420490672,0.23999998423247976,25,30,20
24,3939,3.401693405608528e-23,0.7199729684937686,0.040064398285250775,0.23996263322098052,25,30,20
24,3940,6.418679681043212e-11,0.7199848373685772,0.040015186245771724,0.23999997632146425,25,30,20
24,3941,5.969801920026403e-25,0.6996274787917244,0.06037317317768685,0.2399993480305887,25,30,20
24,3942,5.972414845555565e-25,0.6792701283136864,0.08276677259143274,0.23796309909488067,25,30,20
24,3943,4.687903362948277e-28,0.6792835199805635,0.040766150590095744,0.2799503294293407,25,30,20
24,3944,1.6710829724159744e-23,0.6969329713350106,0.023067044578298366,0.2799999840866911,25,30,20
24,3945,9.60051249094833e-22,0.6974473595050574,0.022552660517272047,0.2799999799776705,25,30,20
24,3946,9.606263728515542e-22,0.6994609665794816,0.021290890509856233,0.27924814291066224,25,30,20
24,3947,3.1403092647724935e-26,0.7192949330325482,0.0007421915058704836,0.2799628754615814,25,30,20
24,3948,4.1676779854869624e-26,0.7185465546719044,0.0015041802021307318,0.2799492651259649,25,30,20
24,3949,6.064359186422365e-32,0.7199259249377973,7.429912633358362e-05,0.27999977593586906,25,30,20
24,3950,1.836859553380062e-28,0.7199628213728301,7.47274473213783e-05,0.27996245117984847,25,30,20
24,3951,1.936866290735258e-28,0.7199623931710863,0.0007514990575630656,0.2792861077713503,25,30,20
24,3952,6.727725375650444e-30,0.7199988728715643,0.0007150079331844749,0.27928611919525115,25,30,20
24,3953,3.2841402552861474e-30,0.7199993055107546,1.600672894467926e-06,0.27999909381635063,25,30,20
24,3954,1.1823855982395153e-24,0.7199748716271458,0.0007385624992372365,0.27928656587361694,25,30,20
24,3955,1.1928534918728382e-24,0.6932302799969327,0.02748316589157481,0.27928655411149245,25,30,20
24,3956,1.0671001914547325e-19,0.6806755535237171,0.039324451490260245,0.27999999498602257,25,30,20
24,3957,1.1021201114560791e-26,0.6792966513807902,0.040703360411009706,0.2799999882082,25,30,20
24,3958,1.0854930117887654e-19,0.6392973264643984,0.08075232528538942,0.2799503482502121,25,30,20
24,3959,6.067081991456608e-25,0.6800120144799402,0.04000074142009992,0.2799872440999599,25,30,20
24,3960,5.969689525044758e-25,0.679298595868821,0.04073963372194481,0.27996177040923415,25,30,20
24,3961,6.173419307127174e-25,0.6799619273969114,0.040087727943757256,0.2799503446593314,25,30,20
24,3962,3.578527424000497e-23,0.6792353075277469,0.040801616518590406,0.27996307595366277,25,30,20
24,3963,1.1041732531861469e-19,0.6799133670457791,0.04010004001441775,0.27998659293980305,25,30,20
24,3964,1.9340716536996988e-28,0.7199727306310746,0.002040880846856179,0.27798638852206914,25,30,20
24,3965,6.561398183980196e-30,0.7199850191286223,0.0020163000062801825,0.27799868086509744,25,30,20
24,3966,1.1918143104075204e-31,0.7199990470104026,9.686921104320318e-07,0.27999998429748685,25,30,20
24,3967,6.504714950443942e-30,0.7199979857416631,2.026707748878456e-06,0.279999987550588,25,30,20
24,3968,5.323674531993713e-27,0.6976544924203328,0.02305893438771395,0.2792865731919532,25,30,20
24,3969,2.5550330578207855e-26,0.6956158347854052,0.024384821898726906,0.27999934331586784,25,30,20
24,3970,6.122115440239632e-25,0.6995676611444978,0.020470565311027866,0.2799617735444744,25,30,20
24,3971,6.015742701238714e-25,0.6995560317006866,0.020456951087931833,0.27998701721138153,25,30,20
24,3972,6.122180942236336e-25,0.6976425669309562,0.022369764703396352,0.2799876683656475,25,30,20
24,3973,1.0650498141204755e-26,0.7179988421059252,0.0040011703317634215,0.2779999875623113,25,30,20
24,3974,3.7070601352621413e-28,0.7199979782380401,0.0040026741912895765,0.27599934757066996,25,30,20
24,3975,6.260068507129807e-32,0.7199617640457511,0.004038259171762075,0.27599997678248667,25,30,20
24,3976,3.613062188419787e-28,0.6806275595819155,0.041372679690867636,0.27799976072721677,25,30,20
24,3977,1.0457753612885324e-26,0.6806638262269671,0.07864673579766907,0.24068943797536377,25,30,20
24,3978,3.322881921978496e-11,0.6792859014780964,0.08072697315137622,0.2399871253372984,25,30,20
24,3979,1.1070152008984988e-12,0.6799114680842976,0.0800768547766067,0.24001167713798854,25,30,20
24,3980,1.1070152008978922e-12,0.6779615284048357,0.04274128433950636,0.2792971872545509,25,30,20
24,3981,1.9383381570351594e-21,0.6779630218304811,0.04203764934953081,0.2799993288199879,25,30,20
24,3982,6.1854034393668335e-18,0.6799615370802421,0.0007527868644252802,0.31928567605533253,25,30,20
24,3983,6.185403439737137e-18,0.6799628434465483,0.001464917656629374,0.3185722388968222,25,30,20
24,3984,1.8685604783652034e-28,0.6799615440668478,3.980969793246237e-05,0.3199986462352198,25,30,20
24,3985,6.678232283112287e-30,0.6799606575831002,7.691436601710664e-05,0.3199624280508826,25,30,20
24,3986,1.0656712175030201e-26,0.6799861222458767,1.4560237865834859e-05,0.3199993175162573,25,30,20
24,3987,1.9007738683708589e-28,0.6799492210980475,5.168494374696757e-05,0.3199990939582056,25,30,20
24,3988,3.735342755321066e-28,0.6799131739132807,0.0001237647703588885,0.31996306131636026,25,30,20
24,3989,1.0473317024744035e-26,0.6498888155667855,0.030825277688150653,0.3192859067450637,25,30,20
24,3990,5.969657865565077e-25,0.649198240586294,0.030801779051176915,0.319999980362529,25,30,20
24,3991,5.967853809694042e-25,0.6499988461097752,0.0300014084639159,0.3199997454263088,25,30,20
24,3992,1.18664974917716e-23,0.6532546974709474,0.026745571982447,0.3199997305466053,25,30,20
24,3993,5.967789348959406e-25,0.6799863492049176,1.5185668051115755e-05,0.31999846512703106,25,30,20
24,3994,5.966049730751614e-25,0.6799492177531985,5.080939508961941e-05,0.31999997285171167,25,30,20
24,3995,1.9018649318004152e-28,0.6799617340776939,3.8278375318429013e-05,0.3199999875469875,25,30,20
24,3996,1.9341303301156968e-28,0.6799740409061105,3.828341803136434e-05,0.31998767567585795,25,30,20
24,3997,3.7381171837737863e-28,0.679997985470324,1.4338061940863797e-05,0.319987676467735,25,30,20
24,3998,1.0840562652740507e-26,0.679973806708909,4.006263685157794e-05,0.31998613065423953,25,30,20
24,3999,2.112357315141991e-26,0.6799990623539651,2.4954539490733965e-06,0.3199984421920858,25,30,20
24,4000,1.0656766742681058e-26,0.6799986608250802,1.5863691761168407e-06,0.3199997528057435,25,30,20
24,4001,5.763964830013117e-25,0.6766189373855711,0.0033819501246897614,0.319999112489739,25,30,20
24,4002,5.763934237311265e-25,0.678631002300356,0.0014063687484803936,0.3199626289511635,25,30,20
24,4003,7.253506374188552e-28,0.678618046516431,0.0014188813906033078,0.31996307209296554,25,30,20
24,4004,9.115760273747059e-28,0.6785818018225445,0.0014553450670172447,0.31996285311043815,25,30,20
24,4005,1.0298961635295168e-26,0.6786312209025378,0.0014056915873611616,0.3199630875101008,25,30,20
24,4006,1.0736043215956888e-26,0.6595931397229035,0.020408403118539233,0.31999845715855707,25,30,20
24,4007,1.0029111212517697e-24,0.6532054327937642,0.02679655013577161,0.3199980170704638,25,30,20
24,4008,9.924416507213674e-25,0.6525278998980854,0.027473639881388047,0.3199984602205264,25,30,20
24,4009,9.688868417508851e-22,0.6392791591095017,0.040746976715967505,0.31997386417453066,25,30,20
24,4010,5.760393395208818e-25,0.6406753263038187,0.03933830810468437,0.3199863655914968,25,30,20
24,4011,5.762262447444397e-25,0.6399631968068378,0.0400504334998397,0.31998636969332234,25,30,20
24,4012,3.121449350204548e-18,0.628397338039625,0.05231653896399899,0.3192861229963759,25,30,20
24,4013,9.098033733028027e-24,0.6492858938364412,0.030727293770751066,0.3199868123928077,25,30,20
24,4014,5.999091719864085e-25,0.6392530973324038,0.04076096932463555,0.31998593334296066,25,30,20
24,4015,3.4006496232980976e-23,0.6399729660935443,0.04202725818148998,0.31799977572496574,25,30,20
24,4016,3.4006493062395765e-23,0.6399993089176665,0.04005100191471607,0.3199496891676173,25,30,20
24,4017,3.400649306443224e-23,0.6399990622149422,0.04005146479389127,0.31994947299116633,25,30,20
24,4018,3.40171497654704e-23,0.639985020108566,0.04002924319783294,0.319985736693601,25,30,20
24,4019,5.520926430628633e-20,0.6392165956205806,0.04078384479217257,0.3199995595872467,25,30,20
24,4020,1.0656947315641339e-26,0.639246611147068,0.04275341991311445,0.31799996893981747,25,30,20
24,4021,6.842923516627316e-30,0.6792824468587731,0.0027316157327497924,0.3179859374084768,25,30,20
24,4022,5.965987036374921e-25,0.6799854853216462,4.068399107791619e-05,0.31997383068727575,25,30,20
24,4023,1.0466534928529357e-26,0.6799850728401602,4.110438916622488e-05,0.31997382277067354,25,30,20
24,4024,2.093978728791846e-26,0.6799951972804343,3.0301623374403963e-05,0.3199745010961912,25,30,20
24,4025,1.9030241061280564e-28,0.6799978264106649,1.561102805277413e-05,0.3199865625612822,25,30,20
24,4026,1.8374741227603083e-28,0.6799980161237507,2.0112916600719588e-06,0.3199999725845891,25,30,20
24,4027,1.0466984926315548e-26,0.6792718664146358,0.000765701419706594,0.3199624321656575,25,30,20
24,4028,5.965984803894983e-25,0.6779483697782709,0.00205185455996207,0.3199997756617671,25,30,20
24,4029,5.969659024433874e-25,0.6799345277617745,6.593926748269369e-05,0.31999953297074285,25,30,20
24,4030,5.967856681656889e-25,0.6798993474348286,0.00010175280642395458,0.31999889975874735,25,30,20
24,4031,1.0557381304695284e-26,0.6596529536673005,0.02034793031721503,0.3199991160154844,25,30,20
24,4032,1.9049492055036594e-21,0.6793081000803197,0.0006921397908757393,0.31999976012880454,25,30,20
24,4033,1.904939112391652e-21,0.6792830419617698,0.0007172207126997793,0.3199997373255302,25,30,20
24,4034,1.9049492184996545e-21,0.6792830421622168,0.00071787977120167,0.3199990780665815,25,30,20
24,4035,1.9674237749372708e-28,0.6799729628439899,2.7310532886111456e-05,0.3199997266231238,25,30,20
24,4036,6.786224882018073e-30,0.6799975765775241,2.4918406141009013e-06,0.31999993158186163,25,30,20
24,4037,6.843630517754712e-30,0.6799971376808983,2.916115239582701e-06,0.3199999462038619,25,30,20
24,4038,1.936319763329578e-28,0.6791989149980945,0.0008015746972164267,0.31999951030468893,25,30,20
24,4039,1.3168771795176236e-29,0.6792107869961395,0.0007898919644321146,0.31999932103942835,25,30,20
24,4040,1.7599664751675315e-23,0.679972909326408,0.020027693775802644,0.2999993968977894,25,30,20
24,4041,1.9035797640417627e-28,0.6799483620488493,5.1908397850532756e-05,0.3199997295533,25,30,20
24,4042,1.9674648309694033e-28,0.6799981679670409,2.1248165802690744e-06,0.31999970721637877,25,30,20
24,4043,1.627830861719718e-29,0.6799246323367041,0.0007888286428170786,0.31928653902047877,25,30,20
24,4044,1.0003003374886333e-29,0.6779615215244051,0.002075864424846079,0.3199626140507488,25,30,20
24,4045,6.677211152697723e-30,0.6799839398450851,5.3430817725928476e-05,0.3199626293371888,25,30,20
24,4046,1.8708398156630297e-28,0.6799854329982412,2.75799768712472e-05,0.3199869870248874,25,30,20
24,4047,6.070685125552283e-25,0.6799237351338309,0.00013889461211487287,0.31993737025405405,25,30,20
24,4048,5.96415083318801e-25,0.6799988771134186,0.0007402705431605422,0.31926085234342083,25,30,20
24,4049,5.964118032346045e-25,0.6799984227538439,0.0007279630992125708,0.3192736141469434,25,30,20
24,4050,5.965985935216015e-25,0.6799978002659788,2.7903172489971742e-05,0.31997429656153115,25,30,20
24,4051,5.966658312147403e-25,0.6532546900407573,0.026808583934799422,0.319936726024443,25,30,20
24,4052,2.4465216010046096e-28,0.6532549172572724,0.027532313745737173,0.31921276899699036,25,30,20
24,4053,1.0521231611109535e-26,0.6531811136640411,0.028283283601301362,0.31853560273465736,25,30,20
24,4054,9.783683805020002e-30,0.6799742501039444,2.6429252938309587e-05,0.3199993206431172,25,30,20
24,4055,2.11201375055014e-26,0.6406729775008619,0.039327683308436695,0.31999933919070117,25,30,20
24,4056,1.7789826231981654e-16,0.6399591279820459,0.0400350104552699,0.32000586156268407,25,30,20
24,4057,1.778982623091665e-16,0.6399843944524061,0.04000952009704035,0.32000608545055337,25,30,20
24,4058,1.6863561178927767e-23,0.6399988501580752,0.02017874363608465,0.33982240620584003,25,30,20
24,4059,3.3419823353737805e-23,0.6392735750289801,0.04072752114661348,0.31999890382440643,25,30,20
24,4060,1.17262819909416e-24,0.6392727038400798,0.04072905870542311,0.3199982374544969,25,30,20
24,4061,1.066766103525777e-19,0.6188646521104575,0.06049537125983163,0.3206399766297108,25,30,20
24,4062,5.973266239466836e-25,0.6182118890250661,0.06178902871182524,0.3199990822631086,25,30,20
24,4063,6.180698669846532e-25,0.6399843716871674,0.04002860347748052,0.3199870248353519,25,30,20
24,4064,3.401695360912343e-23,0.6399969066564184,0.0400033299606301,0.3199997633829514,25,30,20
24,4065,2.1303873898714782e-26,0.6400100921482381,0.039990151710583975,0.3199997561411779,25,30,20
24,4066,2.1117140107836522e-26,0.6399839593280182,0.040016715901517654,0.31999932477046406,25,30,20
24,4067,1.9377837729980437e-21,0.6399617417018506,0.04003917590944634,0.319999082388703,25,30,20
24,4068,2.7137322996205234e-20,0.6399887328932743,0.04055366253082004,0.3194576045759057,25,30,20
24,4069,2.7137323179838075e-20,0.6380021387906335,0.04325278505408121,0.31874507615528536,25,30,20
24,4070,6.794984762671069e-23,0.6379973981931375,0.04202895302885414,0.31997364877800827,25,30,20
24,4071,1.0669664382056423e-26,0.6379848490611326,0.042041926879049264,0.3199732240598181,25,30,20
24,4072,1.0846952032997482e-26,0.639997569114722,0.04000374291863599,0.3199986879666418,25,30,20
24,4073,3.4016402620604056e-23,0.679996698126296,5.276954221999445e-06,0.31999802491948176,25,30,20
24,4074,3.401621927202683e-23,0.6779971566329259,0.04131516326357561,0.28068768010349854,25,30,20
24,4075,3.402669237783824e-23,0.6739956332852384,0.06566083958780808,0.26034352712695347,25,30,20
24,4076,1.1041850749205076e-19,0.6779973336664925,0.041991234784470775,0.28001143154903674,25,30,20
24,4077,1.1041849683184252e-19,0.6799986184084329,0.04198974912042435,0.27801163247114247,25,30,20
24,4078,6.070717287474705e-25,0.6779048071276841,0.0440956519790059,0.27799954089330997,25,30,20
24,4079,3.401640278961987e-23,0.6779041743069785,0.04479758080719672,0.27729824488582483,25,30,20
24,4080,3.400612282224077e-23,0.6772032686094022,0.042797167650614636,0.279999563739983,25,30,20
24,4081,3.340935016592798e-23,0.6786299374018967,0.040717989811775636,0.2806520727863277,25,30,20
24,4082,9.688818018836109e-22,0.6799603268201557,0.040035910797170046,0.28000376238267405,25,30,20
24,4083,1.9389764131585497e-21,0.6792591084644104,0.04074285105280748,0.27999804048278204,25,30,20
24,4084,1.971758295982865e-21,0.6799602412349804,0.040041286178143884,0.27999847258687555,25,30,20
24,4085,3.5885814412785325e-16,0.6799487901968952,0.04005190738191423,0.27999930242119014,25,30,20
24,4086,1.1242537000785998e-19,0.6799252616147206,0.04007476911755041,0.2799999692677291,25,30,20
24,4087,1.124247734063436e-19,0.6799491995481602,0.04005211181707155,0.2799986886347681,25,30,20
24,4088,1.1823951372156028e-24,0.6792610894160598,0.04273979781416116,0.27799911276977896,25,30,20
24,4089,1.9662751844314465e-28,0.6799496835715304,0.04005056294766584,0.2799997534808038,25,30,20
24,4090,1.9377725689094286e-21,0.6799993311834592,0.04000133620633446,0.2799993326102062,25,30,20
24,4091,1.937772949041063e-21,0.6799477324490695,0.04006526502967895,0.2799870025212513,25,30,20
24,4092,1.9377731296143813e-21,0.679985045958494,0.040065265250765994,0.2799496887907399,25,30,20
24,4093,1.9377727624203253e-21,0.6798991729399773,0.04010172938683577,0.2799990976731868,25,30,20
24,4094,1.937772759203752e-21,0.6799612907098114,0.040051479628785865,0.27998722966140266,25,30,20
24,4095,1.9377727557602015e-21,0.6799990358183711,0.04000098394041315,0.27999998024121564,25,30,20
24,4096,9.60605257479659e-22,0.680309747211211,0.03969091118495441,0.27999934160383444,25,30,20
24,4097,9.606052608686574e-22,0.6802728320847691,0.039727182467387004,0.27999998544784377,25,30,20
24,4098,9.606052639781234e-22,0.6803084553386881,0.03969241865386736,0.2799991260074443,25,30,20
24,4099,9.606052706502282e-22,0.6803062809281354,0.03969504804545924,0.2799986710264053,25,30,20
24,4100,9.606052642032217e-22,0.6802478076373063,0.03975350656737652,0.2799986857953171,25,30,20
24,4101,6.187341262253306e-18,0.6799106355570963,0.039426291751047414,0.2806630726918562,25,30,20
24,4102,3.461244689225483e-23,0.6799619606205529,0.04003912005377651,0.2799989193256706,25,30,20
24,4103,6.070713887521148e-25,0.6799498576726062,0.040050377618347816,0.2799997647090461,25,30,20
24,4104,1.939263808741454e-21,0.6592305289076152,0.06078351069728601,0.2799859603950987,25,30,20
24,4105,1.938955308532811e-21,0.6599435076527267,0.0600936248675417,0.2799628674797314,25,30,20
24,4106,1.939562376810009e-21,0.6799364628725403,0.04006376929273669,0.27999976783472297,25,30,20
24,4107,1.939562557268276e-21,0.6799852532535523,0.04001497877880866,0.279999767967639,25,30,20
24,4108,1.16521901504781e-12,0.6596540414935046,0.06038309462943507,0.27996286387589486,25,30,20
24,4109,1.16521901504781e-12,0.6596542652761765,0.060382871040347924,0.27996286368231027,25,30,20
24,4110,9.697761468236828e-22,0.6596421730354629,0.06039463540888262,0.27996319155565447,25,30,20
24,4111,9.697761499895827e-22,0.6596402442557463,0.06036034156998895,0.27999941417426455,25,30,20
24,4112,6.297660619834965e-18,0.6589417103612074,0.06105810079837628,0.2800001888404162,25,30,20
24,4113,3.463356383787618e-23,0.6792828886807197,0.04071778981535742,0.2799993215039229,25,30,20
24,4114,3.843368525689293e-21,0.6772956140446115,0.04274195012394694,0.2799624358314415,25,30,20
24,4115,5.866957134729303e-25,0.6806751332281742,0.03932640230127673,0.2799984644705489,25,30,20
24,4116,1.1387940383739426e-26,0.6799496611641654,0.04005165811320833,0.279998680722626,25,30,20
24,4117,5.542233768746051e-28,0.6799857053503703,0.04005143076242968,0.2799628638871999,25,30,20
24,4118,3.7064866874335386e-28,0.6799859289804467,0.04001517749831668,0.27999889352123636,25,30,20
24,4119,1.8368900114260387e-28,0.6792863260522484,0.0007402487904887597,0.31997342515726274,25,30,20
24,4120,1.120442210533788e-26,0.6799628028779232,7.630713826517867e-05,0.31996088998381156,25,30,20
24,4121,1.870234778224975e-28,0.6799865731760063,1.4113759648814134e-05,0.31999931306434487,25,30,20
24,4122,1.8702527455393177e-28,0.6779980201916779,0.0020028786120287276,0.3199991011962933,25,30,20
24,4123,1.0653772246721301e-26,0.6779856979833809,0.0020143404011333356,0.3199999616154856,25,30,20
24,4124,1.1027577714760405e-26,0.6779966943213139,0.0020417525447914194,0.3199615531338944,25,30,20
24,4125,3.399565307397034e-23,0.6799600056392745,9.010434883575372e-05,0.3199498900118896,25,30,20
24,4126,5.968877840123371e-25,0.6799604677252422,0.040033893839126485,0.2800056384356311,25,30,20
24,4127,5.9688139943522685e-25,0.6799624112046811,0.04003172705961396,0.28000586173570485,25,30,20
24,4128,5.966052048865274e-25,0.6799369668928898,0.04006306058183674,0.2799999725252733,25,30,20
24,4129,2.0870373943768565e-18,0.6799622330863498,0.0268317669224465,0.29320599999120356,25,30,20
24,4130,2.15353717899767e-19,0.6799608515116353,0.041411061933283096,0.27862808655508176,25,30,20
24,4131,1.9711417140018817e-21,0.6799239738313285,0.002138220738116881,0.31793780543055455,25,30,20
24,4132,1.0861491743607131e-19,0.67998567897318,0.0007176221141516193,0.3192966989126682,25,30,20
24,4133,1.0858092161435178e-19,0.6596285663580802,0.021062843727336376,0.3193085899145831,25,30,20
24,4134,8.314683195034778e-30,0.6596419384989197,0.020371703427356915,0.31998635807372333,25,30,20
24,4135,1.5363928058585484e-26,0.6599869803830135,0.022014544306868417,0.3179984753101179,25,30,20
24,4136,5.969786655647633e-25,0.6799617634373831,7.60433128772807e-05,0.3199621932497395,25,30,20
24,4137,2.112363367495362e-26,0.6792334501547592,0.0008043342684775839,0.31996221557676324,25,30,20
24,4138,6.07078052944997e-25,0.679234958403926,0.000777384728969584,0.31998765686710434,25,30,20
24,4139,6.175383098905711e-25,0.6792720372671566,0.02107280682010239,0.2996551559127409,25,30,20
24,4140,6.070717266137429e-25,0.6799722990532256,0.02041010393992264,0.2996175970068516,25,30,20
24,4141,3.3957265221585135e-30,0.6799858800142232,0.020409247281443756,0.29960487270433306,25,30,20
24,4142,6.841821681274701e-30,0.6799599660527749,7.847402674141686e-05,0.3199615599204837,25,30,20
24,4143,1.0473482675690667e-26,0.6799498548799245,5.105960105128384e-05,0.31999908551902406,25,30,20
24,4144,1.7870861135583788e-31,0.6799997061963445,1.3920842358828144e-05,0.31998637296129656,25,30,20
24,4145,5.5071748351630705e-28,0.6792491683603238,0.0007765687280957183,0.31997426291158015,25,30,20
24,4146,1.8718817126650373e-28,0.6779863301290601,0.0020398057562996427,0.3199738641146401,25,30,20
24,4147,5.960678167977071e-25,0.6772118590696035,0.002789073698794696,0.3199990672316018,25,30,20
24,4148,1.1935674745356572e-24,0.6784720643376371,0.0015657236708448757,0.319962211991518,25,30,20
24,4149,1.1930103263071213e-24,0.6792586722399401,0.0007419991428276849,0.31999932861723235,25,30,20
24,4150,6.070652284879166e-25,0.6792345268178315,0.0008030444642635059,0.3199624287179049,25,30,20
24,4151,1.047309435611252e-26,0.6576409285332586,0.022396650849962375,0.3199624206167789,25,30,20
24,4152,1.1930133831047352e-24,0.6596398238288863,0.02037297315646629,0.31998720301464734,25,30,20
24,4153,1.8040748105691678e-23,0.65977293941841,0.020239849794639816,0.3199872107869501,25,30,20
24,4154,5.966019865895762e-25,0.6779619462656952,0.0020516806309691616,0.31998637310333555,25,30,20
24,4155,1.193545158333407e-24,0.6799615478534325,5.4022247441986015e-05,0.31998442989912546,25,30,20
24,4156,5.969564067386909e-25,0.6799982170099662,1.734173557749755e-05,0.3199844412544561,25,30,20
24,4157,5.967791699691901e-25,0.679997550625264,1.80194915579223e-05,0.319984429883178,25,30,20
24,4158,5.964151360729361e-25,0.679998664147777,1.6247041419340375e-05,0.31998508881080373,25,30,20
24,4159,3.4526669071745864e-30,0.6799977931571871,3.507772058228231e-06,0.3199986990707545,25,30,20
24,4160,3.707021609711521e-28,0.6799975882010848,3.7309515990399916e-06,0.31999868084731603,25,30,20
24,4161,1.0653721672530254e-26,0.6799859242140417,1.667929779485046e-05,0.3199973964881635,25,30,20
24,4162,1.9346645166555262e-28,0.6799995054095135,2.488545312003479e-06,0.3199980060451745,25,30,20
24,4163,1.074857991320246e-26,0.6599931364333678,0.020007554223806755,0.31999930934282544,25,30,20
24,4164,3.7714918700134654e-28,0.6779850423056625,0.002015883348357519,0.3199990743459801,25,30,20
24,4165,1.934654647359225e-28,0.6799615183947719,3.9410915567561663e-05,0.3199990706896603,25,30,20
24,4166,1.047658908993256e-26,0.6799619759571685,7.499661789802303e-05,0.3199630274249332,25,30,20
24,4167,2.075977027054503e-26,0.677296009226808,0.0027040367408139804,0.3199999540323778,25,30,20
24,4168,6.068945973733674e-25,0.6792955951283319,0.0007050876261514796,0.31999931724551645,25,30,20
24,4169,6.068915414146528e-25,0.6792960013917664,0.0007165610641367969,0.31998743754409653,25,30,20
24,4170,3.3987426554798416e-30,0.6595795603934885,0.02045735275038636,0.31996308685612496,25,30,20
24,4171,1.9030385945282338e-28,0.6596270443300449,0.020373202465377455,0.3199997532045775,25,30,20
24,4172,1.9352344085341701e-28,0.659591223979327,0.020409027134888073,0.3199997488857848,25,30,20
24,4173,5.960677690695585e-25,0.679962787265807,5.020304441407073e-05,0.31998700968977883,25,30,20
24,4174,5.960677659747186e-25,0.6799626132950557,3.8717343339818316e-05,0.3199986693616043,25,30,20
24,4175,1.300314308738397e-29,0.6799984296127042,3.935414239927447e-05,0.3199622162448965,25,30,20
24,4176,3.33676020022493e-30,0.679999104812511,9.150919409129982e-07,0.3199999800955479,25,30,20
24,4177,3.3446391235660376e-30,0.6799619579552436,3.870970858981486e-05,0.31999933233616656,25,30,20
24,4178,6.502713545064288e-30,0.6799995169266473,1.1694738566004034e-06,0.3199993135994961,25,30,20
24,4179,1.9012896646380017e-28,0.6799498920019384,5.1438440765451634e-05,0.3199986695572961,25,30,20
24,4180,6.79114598146443e-30,0.6799606474264831,5.34377117717988e-05,0.31998591486174505,25,30,20
24,4181,3.501531491257062e-31,0.6799235280940304,0.00012702144492461972,0.31994945046104484,25,30,20
24,4182,1.046698803883127e-26,0.6799226337812844,0.0001149152337315619,0.3199624509849839,25,30,20
24,4183,1.0463651560628957e-26,0.679922693928592,0.0001150896855626288,0.3199622163858452,25,30,20
24,4184,1.1014639264375584e-26,0.6799461764184973,9.09968688393454e-05,0.31996282671266324,25,30,20
24,4185,1.1020919605032404e-26,0.6799839583871407,5.3662225539709015e-05,0.3199623793873195,25,30,20
24,4186,3.453659631589585e-30,0.6793086109641554,0.0007296312150604957,0.31996175782078395,25,30,20
24,4187,3.5082297275264345e-30,0.6799852845579522,1.605744946891331e-05,0.319998657992579,25,30,20
24,4188,3.510193917727219e-30,0.6799986449447901,3.1213350068339694e-06,0.31999823372020303,25,30,20
24,4189,3.4547708180526365e-30,0.6799986485928605,1.8184284152469369e-06,0.31999953297872413,25,30,20
24,4190,3.397529274111224e-23,0.6799986485916746,4.0442691306917896e-05,0.3199609087170184,25,30,20
24,4191,3.457189098850146e-23,0.6799856751176075,0.0007661899468279029,0.3192481349355645,25,30,20
24,4192,3.397511222134393e-23,0.6799863647535499,0.0008011084327134106,0.3192125268137365,25,30,20
24,4193,3.5112552858491444e-30,0.6799485590966319,5.189238707324674e-05,0.3199995485162947,25,30,20
24,4194,9.842252327781201e-30,0.6799615179489946,6.418890546441578e-05,0.31997429314554066,25,30,20
24,4195,3.5235490317496763e-16,0.6399861523185192,0.04005231698090509,0.3199615307005751,25,30,20
24,4196,1.904939470085001e-21,0.639901510016071,0.040099604977552744,0.3199988850063761,25,30,20
24,4197,1.8709537304132962e-21,0.6406753491044155,0.040016288589603925,0.3193083623059806,25,30,20
24,4198,1.0851582944045312e-19,0.6399479075036532,0.040091142780538165,0.31996094971580846,25,30,20
24,4199,1.0670948236753711e-19,0.6399615325062349,0.0014447221943403221,0.3585937452994247,25,30,20
24,4200,6.571416067231841e-30,0.6399125188309359,0.03945774180651908,0.32062973936254485,25,30,20
24,4201,3.1488640225202383e-18,0.6399994830968974,0.03965606700311929,0.3203444498999834,25,30,20
24,4202,3.1488640331671126e-18,0.6399980392490451,0.0403473367971929,0.319654623953762,25,30,20
24,4203,6.2958570409865494e-18,0.6399854744166968,0.04145493186403235,0.31855959371927084,25,30,20
24,4204,3.3975125269003514e-23,0.6399244165475173,0.0407778047069101,0.31929777874557264,25,30,20
24,4205,1.9368747829956624e-28,0.6385194488908632,0.041468922827691795,0.3200116282814448,25,30,20
24,4206,6.068816568041388e-25,0.639998649600216,0.03998905868646026,0.32001229171332357,25,30,20
24,4207,3.5188846623857075e-23,0.6399494295683589,0.04006290925415255,0.31998766117748856,25,30,20
24,4208,1.1051865252793794e-19,0.6006163170019707,0.080096901207328,0.31928678179070114,25,30,20
24,4209,3.400666125060324e-23,0.6399378588315064,0.04009971298570667,0.3199624281827868,25,30,20
24,4210,1.0824893479254252e-26,0.6399508708600411,0.04008668978869587,0.31996243935126295,25,30,20
24,4211,1.0296179395538532e-26,0.6399361074613785,0.040063927398574097,0.3199999651400472,25,30,20
24,4212,1.700581844441678e-23,0.6399059980925127,0.040094688482155076,0.3199993134253321,25,30,20
24,4213,6.067044238931744e-25,0.679221821241257,0.0007788729987374082,0.3199993057600055,25,30,20
24,4214,2.0295847894442144e-28,0.6799604683923464,7.736122141902093e-05,0.3199621703862345,25,30,20
24,4215,1.6280130559044582e-29,0.6799973731486275,4.0679766378165066e-05,0.3199619470849942,25,30,20
24,4216,3.454615506876669e-30,0.6799608816208967,4.044104710619277e-05,0.3199986773319969,25,30,20
24,4217,1.87079841228185e-28,0.679910620814509,9.092229016984756e-05,0.3199984568953209,25,30,20
24,4218,3.7053874757890176e-28,0.6799604641409134,5.4443145627075855e-05,0.31998509271345943,25,30,20
24,4219,1.065366124233838e-26,0.6792863025981559,0.0007271234784355801,0.3199865739234084,25,30,20
24,4220,1.0466927468541352e-26,0.679249424962821,0.0007646380894945647,0.3199859369476844,25,30,20
24,4221,1.0466925399426159e-26,0.6799988801317011,1.454626104269977e-05,0.31998657360725624,25,30,20
24,4222,1.0653774173173323e-26,0.6799977811846797,1.523577909548477e-05,0.3199869830362248,25,30,20
24,4223,1.8380274900676555e-28,0.6799986306334965,1.4084681270935438e-06,0.31999996089837635,25,30,20
24,4224,5.967790527488877e-25,0.6799610680194238,3.899329114773149e-05,0.3199999386894283,25,30,20
24,4225,1.0653662334957361e-26,0.6799988468280107,0.0020016165402415146,0.31799953663174757,25,30,20
24,4226,1.0843702806212277e-26,0.6596544584650068,0.022346463077602626,0.31799907845739045,25,30,20
24,4227,3.7065091065755995e-28,0.6786178238649397,0.0033828554357789305,0.31799932069928116,25,30,20
24,4228,5.57557891131588e-28,0.6799969063894742,1.6932461073889965e-05,0.31998616114945183,25,30,20
24,4229,1.0314183661584158e-26,0.6799479335953263,0.0020533781080294138,0.3179986882966441,25,30,20
24,4230,1.0127276493423717e-26,0.6772850380470768,0.004715626090623445,0.31799933586229967,25,30,20
24,4231,2.0416623108121162e-26,0.6772841179195933,0.004716531463210726,0.3179993506171958,25,30,20
24,4232,1.9985000311069506e-28,0.677986341687744,0.0020149702769659524,0.3199986880352899,25,30,20
24,4233,5.964214649039403e-25,0.6779992972150015,0.0027035494259296773,0.31929715335906883,25,30,20
24,4234,5.966115332414208e-25,0.6799865424575142,0.0007171721144325779,0.31929628542805305,25,30,20
24,4235,5.9660503270662855e-25,0.6799843983402849,4.1551209637619996e-05,0.3199740504500774,25,30,20
24,4236,1.0827804324609208e-26,0.679948161083892,5.2942735722770266e-05,0.3199988961803851,25,30,20
24,4237,3.454699425131642e-30,0.6779984260199005,0.0027521285859442917,0.3192494453941551,25,30,20
24,4238,1.2406624358147398e-31,0.677998846491343,0.0027145918247928323,0.31928656168386416,25,30,20
24,4239,1.730687079274513e-23,0.6596408708255445,0.02039692444363074,0.31996220473082454,25,30,20
24,4240,1.9049593208244758e-21,0.6792606268675608,0.0007394266739989881,0.31999994645844015,25,30,20
24,4241,3.7398332543323465e-28,0.6799746439350145,2.5633495683662502e-05,0.31999972256930176,25,30,20
24,4242,3.833221357817241e-28,0.6779990423426409,0.0020014167850836216,0.31999954087227533,25,30,20
24,4243,3.768740834100437e-28,0.6779986374926346,0.0020018366546161784,0.3199995258527494,25,30,20
24,4244,1.8707834416359986e-28,0.6759995085650806,0.004015202056428063,0.31998528937849124,25,30,20
24,4245,1.0650719308468895e-26,0.6799871864260321,2.7721747021040445e-05,0.3199850918269468,25,30,20
24,4246,1.0837340202541299e-26,0.6799610632425113,4.007448237338509e-05,0.31999886227511526,25,30,20
24,4247,1.7771337366598446e-31,0.6799604528970926,5.25335640440453e-05,0.31998701353886333,25,30,20
24,4248,6.175320952091191e-25,0.6785588527882386,0.001441164117627256,0.319999983094134,25,30,20
24,4249,1.0469979636493378e-26,0.6785588155679779,0.0014412081131996988,0.3199999763188222,25,30,20
24,4250,5.96975276620601e-25,0.6792228668137688,0.0007773805008841403,0.3199997526853471,25,30,20
24,4251,1.047337268864615e-26,0.6765700789780634,0.0034676973234598622,0.3199622236984766,25,30,20
24,4252,1.967407702096164e-28,0.677297528199033,0.002704870689796642,0.3199976011111703,25,30,20
24,4253,1.3170968502418615e-29,0.6779494562868504,0.0020527232824107127,0.31999782043073866,25,30,20
24,4254,1.8718812201711358e-28,0.6779738223966519,0.002027065371345664,0.3199991122320022,25,30,20
24,4255,1.9030059568956087e-28,0.6779846137410676,0.0020287934533360073,0.3199865928055965,25,30,20
24,4256,6.50471342963803e-30,0.679998000567874,2.6708048801502368e-06,0.3199993286272457,25,30,20
24,4257,2.0301990281735468e-28,0.6799984096729648,3.3794683437608245e-06,0.31999821085869146,25,30,20
24,4258,1.6170123710301083e-29,0.6799986448002794,3.568463339649191e-06,0.31999778673638074,25,30,20
24,4259,1.1045008650034494e-19,0.6799977595586353,1.633320867945417e-05,0.31998590723268505,25,30,20
24,4260,1.0660163846196977e-26,0.6792726812895284,0.0007413816963937412,0.3199859370140775,25,30,20
24,4261,1.839158544242855e-28,0.6799858987533937,1.476205461996494e-05,0.31999933919198637,25,30,20
24,4262,1.0653774207743589e-26,0.6799737771167645,6.378738310579994e-05,0.3199624355001296,25,30,20
24,4263,1.0473309129320675e-26,0.6799993040579544,7.475149254119835e-05,0.31992594444950423,25,30,20
24,4264,1.0647813607499586e-26,0.6779608773562862,0.0020766908711227204,0.319962431772591,25,30,20
24,4265,1.065671322143627e-26,0.6799602108510239,4.109746086971645e-05,0.31999869168810635,25,30,20
24,4266,1.0656880723066665e-26,0.6792474289651459,0.0007532535875678558,0.3199993174472862,25,30,20
24,4267,1.0473258470729896e-26,0.6785221694779598,0.0014785169249379847,0.31999931359710215,25,30,20
24,4268,1.083701200041269e-26,0.6785465655615575,0.0014664250203961584,0.31998700941804614,25,30,20
24,4269,1.0889474079819242e-26,0.6485594754606734,0.03145372750819472,0.3199867970311317,25,30,20
24,4270,1.9389138100701263e-21,0.6392852501112656,0.040714785145186,0.31999996474354847,25,30,20
24,4271,1.9383693702141472e-21,0.6392848147435071,0.04077740262325058,0.3199377826332422,25,30,20
24,4272,6.169815117606724e-25,0.6393102776831888,0.042740461842914586,0.31794926047389666,25,30,20
24,4273,6.274418176373194e-25,0.6400238860247366,0.04001326544019164,0.31996284853507173,25,30,20
24,4274,1.085153158154892e-19,0.639973557392696,0.040064215315615506,0.3199622272916885,25,30,20
24,4275,1.0851531581537523e-19,0.6400096422215558,0.040064167437779484,0.31992619034066466,25,30,20
24,4276,3.400666063960811e-23,0.6399980276831405,0.04003890767167207,0.3199630646451875,25,30,20
24,4277,3.4006657249441904e-23,0.6399986681504832,0.04000135560045108,0.3199999762490655,25,30,20
24,4278,3.400665725048591e-23,0.6399738445437629,0.04002617195621748,0.3199999835000195,25,30,20
24,4279,5.524263770889702e-20,0.6599851681934448,0.020016140308642773,0.3199986914979122,25,30,20
24,4280,6.2748155781364005e-25,0.6359846221142147,0.04405293082642597,0.31996244705935933,25,30,20
24,4281,3.589722674904472e-16,0.6399975880659817,0.041369884744012674,0.31863252719000534,25,30,20
24,4282,3.589722669247011e-16,0.6399978189478536,0.040002215647227175,0.3199999654049189,25,30,20
24,4283,2.057903733007317e-26,0.640700831170172,0.03929984427144348,0.3199993245583846,25,30,20
24,4284,4.1509263885206777e-26,0.6407006003576663,0.039299427191766906,0.31999997245056677,25,30,20
24,4285,4.187356850481364e-26,0.6406993046963566,0.039301355667212434,0.3199993396364309,25,30,20
24,4286,1.9383695574564588e-21,0.6399849929307418,0.040016125724982095,0.3199988813442761,25,30,20
24,4287,1.9383590902548115e-21,0.6379123256343774,0.04208880424361999,0.31999887012200257,25,30,20
24,4288,3.526690316275262e-16,0.6399356224290866,0.04206504920817279,0.3179993283627401,25,30,20
24,4289,5.966115329817807e-25,0.6406515906682757,0.03936117268205454,0.31998723664966966,25,30,20
24,4290,6.860901428024722e-23,0.6399617412301429,0.04006461324683924,0.31997364552301766,25,30,20
24,4291,1.1738973134892779e-24,0.6399120864414952,0.040076050231142475,0.32001186332736226,25,30,20
24,4292,6.070749453689101e-25,0.6399867476624717,0.04001390112230485,0.31999935121522355,25,30,20
24,4293,6.068944882008077e-25,0.6399996806545755,0.040000998051575906,0.3199993212938485,25,30,20
24,4294,1.2031203058940275e-24,0.6371624926558651,0.042887154936439034,0.3199503524076958,25,30,20
24,4295,6.065117610536299e-25,0.6399134402582258,0.040074529214113565,0.3200120305276606,25,30,20
24,4296,1.0833961060957538e-26,0.6392347469256207,0.040753211188133104,0.32001204188624605,25,30,20
24,4297,6.563387913590704e-30,0.6791859373324407,0.000814078716300205,0.31999998395125895,25,30,20
24,4298,3.707080769428142e-28,0.67923536384218,0.0014780816570079721,0.3192865545008119,25,30,20
24,4299,3.5112217370346354e-30,0.6792850071520824,0.0007169605562984288,0.319998032291619,25,30,20
24,4300,9.837125388830434e-30,0.6792728899704961,0.0007646821646810825,0.3199624278648229,25,30,20
24,4301,1.0644284067644302e-26,0.6799489947957941,8.857701505176757e-05,0.3199624281891542,25,30,20
24,4302,1.0463604822601295e-26,0.6799614992619283,7.60649686356398e-05,0.319962435769436,25,30,20
24,4303,3.3397350970403846e-30,0.6799861334169199,1.4750372804190636e-05,0.3199991162102756,25,30,20
24,4304,1.8691059836676322e-28,0.67996219954304,3.868771160632535e-05,0.3199991127453534,25,30,20
24,4305,1.1045065169307468e-19,0.6792224012963455,0.0007791226637295279,0.3199984760399249,25,30,20
24,4306,1.104506414098985e-19,0.6799835225065659,1.649379984654921e-05,0.3199999836935874,25,30,20
24,4307,1.9352198258803025e-28,0.6792605712260412,0.0007394449579684899,0.3199999838159902,25,30,20
24,4308,1.0858092145397365e-19,0.6589002685809732,0.021113566471077188,0.31998616494794946,25,30,20
24,4309,1.0653550729342256e-26,0.6596408887519475,0.020372969029022792,0.3199861422190296,25,30,20
24,4310,2.1107485946495654e-26,0.6596176072822977,0.02039515255758364,0.31998724016011865,25,30,20
24,4311,1.0644036763909167e-26,0.6189279187497572,0.06107275303783369,0.3199993282124091,25,30,20
24,4312,5.52181856826613e-20,0.6196536252561048,0.06034088600567025,0.3200054887382248,25,30,20
24,4313,1.1633922103595341e-24,0.6372955519627852,0.042766169138063706,0.319938278899151,25,30,20
24,4314,6.799240964878604e-23,0.6399358311871921,0.040814738510081,0.31924943030272707,25,30,20
24,4315,6.799222743427037e-23,0.6189155803898576,0.06109762950355029,0.31998679010659187,25,30,20
24,4316,6.830017885181677e-23,0.5992737837865425,0.08075259780188572,0.31997361841157124,25,30,20
24,4317,1.938657826331248e-21,0.5992856553881826,0.08072862645644097,0.319985718155376,25,30,20
24,4318,1.7628313079935523e-16,0.599997660118963,0.08001620337500703,0.31998613650602953,25,30,20
24,4319,3.398583412489992e-23,0.5803204735306876,0.0996806600713519,0.31999886639796016,25,30,20
24,4320,1.9086270097256386e-14,0.6006394919482074,0.07936225158793878,0.3199982564638346,25,30,20
24,4321,1.9086270063271378e-14,0.6006278498275806,0.0793739050857894,0.31999824508661073,25,30,20
24,4322,1.9086270028689404e-14,0.6406649553323998,0.03933681094160971,0.31999823372597136,25,30,20
24,4323,1.9086270028689404e-14,0.6405792718439368,0.039421392088903454,0.3199993360671407,25,30,20
24,4324,1.9086270062695525e-14,0.6106031977509639,0.06939900467803768,0.31999779757097924,25,30,20
24,4325,1.908627002869987e-14,0.6105917911353568,0.06944578851932563,0.3199624203452985,25,30,20
24,4326,1.908627002869289e-14,0.6119848264246275,0.06801518988626575,0.3199999836890877,25,30,20
24,4327,3.4026869081843975e-23,0.6399848565056999,0.040016459453444224,0.3199986840408558,25,30,20
24,4328,6.071423169484008e-25,0.637986103697165,0.06875873877979571,0.2932551575230392,25,30,20
24,4329,1.1896051185269308e-16,0.6406632479512946,0.0660817388256626,0.29325501322304265,25,30,20
24,4330,3.1235632275339323e-26,0.6406755504732325,0.039337223785593574,0.3199872257411739,25,30,20
24,4331,2.0582200289923387e-26,0.6406749145390972,0.039325548831509696,0.31999953662939307,25,30,20
24,4332,2.0395468519923384e-26,0.6406755574460782,0.039324477207540884,0.31999996534638087,25,30,20
24,4333,1.7340095542323398e-16,0.6593212356789979,0.02067878767894549,0.3199999766420564,25,30,20
24,4334,3.400593581004226e-23,0.6799856901567352,1.520473274146079e-05,0.31999910511052326,25,30,20
24,4335,5.967820473047209e-25,0.6799995045663592,1.3867320763508905e-06,0.31999910870156445,25,30,20
24,4336,1.9035503614665826e-28,0.6792845639983568,0.0007530036356067488,0.3199624323660363,25,30,20
24,4337,5.607685346506588e-28,0.6792715900633047,0.0007295209464117523,0.31999888899028345,25,30,20
24,4338,1.9674050337637607e-28,0.6799971073746633,4.219621333534157e-06,0.3199986730040031,25,30,20
24,4339,5.960582808270503e-25,0.679947521084229,5.2499010392874956e-05,0.31999997990537793,25,30,20
24,4340,1.0470201535821349e-26,0.6799723254302543,2.7899224288945745e-05,0.3199997753454566,25,30,20
24,4341,1.8708076640618618e-28,0.6799488089239872,0.0020520860855743057,0.3179991049904384,25,30,20
24,4342,1.9024475162721442e-28,0.6799742885206382,0.002027466532236658,0.31799824494712503,25,30,20
24,4343,3.2860357205170086e-30,0.67997363300215,2.769007159704731e-05,0.3199986769262529,25,30,20
24,4344,6.562101565869393e-30,0.6799734092287448,2.7489444171983133e-05,0.31999910132708304,25,30,20
24,4345,1.9012992178231569e-28,0.6799863791855368,6.3507833545907e-05,0.3199501129809172,25,30,20
24,4346,3.739802816238017e-28,0.6799498722482167,6.375068144380442e-05,0.3199863770703393,25,30,20
24,4347,3.7381754770010887e-28,0.679949228146612,5.07992675510538e-05,0.31999997258583696,25,30,20
24,4348,1.9663141937889002e-28,0.6799615293669734,0.0007298813650063477,0.31930858926802036,25,30,20
24,4349,1.9663258016319517e-28,0.679887950820661,0.00012481592256190306,0.319987233256777,25,30,20
24,4350,3.834773152959317e-28,0.6798995774756509,0.0008635113719805978,0.3192369111523685,25,30,20
24,4351,1.9352204938105204e-28,0.6799118890065791,0.0015149975045579786,0.3185731134888628,25,30,20
24,4352,6.620687012218509e-30,0.6799239656985537,7.628880736670206e-05,0.31999974549407945,25,30,20
24,4353,1.9335237274734996e-28,0.6799488091042023,5.229765320087073e-05,0.31999889324259656,25,30,20
24,4354,1.837532913432205e-28,0.6792712110755363,0.000743283494462557,0.3199855054300011,25,30,20
24,4355,3.339650165423868e-30,0.679998035467769,4.038500639289585e-05,0.31996157952583804,25,30,20
24,4356,1.0476307490150464e-26,0.6799984486062237,1.7761135512700288e-06,0.31999977528022483,25,30,20
24,4357,1.065671421329875e-26,0.6799980125132822,2.037434842162934e-06,0.31999995005187554,25,30,20
24,4358,1.047336670692427e-26,0.6792839615054301,0.0007540385075455351,0.31996199998702424,25,30,20
24,4359,3.70644843625249e-28,0.6799604305268511,4.044574614658276e-05,0.31999912372700223,25,30,20
24,4360,3.768711100680047e-28,0.6779489833794459,0.0020652912831657217,0.31998572533738817,25,30,20
24,4361,5.556248772984692e-28,0.6799850538846407,0.020410289206300815,0.2996046569090584,25,30,20
24,4362,1.083598207310156e-26,0.6792597521755782,0.02109847835542957,0.2996417694689921,25,30,20
24,4363,1.0470203468201727e-26,0.677881983431803,0.002144151266553589,0.3199738653016433,25,30,20
24,4364,1.0283634414164407e-26,0.6792493722690414,0.0007649021323213368,0.3199857255986372,25,30,20
24,4365,3.739267686724936e-28,0.6799981942297613,2.7300813876550792e-05,0.3199745049563619,25,30,20
24,4366,1.9352491747257099e-28,0.6799500709429119,5.061207161971904e-05,0.31999931698546824,25,30,20
24,4367,1.9341099471253298e-28,0.6799625970220619,3.8074483696077246e-05,0.3199993284942419,25,30,20
24,4368,6.676286730995506e-30,0.6799850536150203,1.498176868147464e-05,0.3199999646162981,25,30,20
24,4369,3.5101978036688976e-30,0.679998827023385,2.05695294567874e-06,0.31999911602366926,25,30,20
24,4370,3.453154899144502e-31,0.6799977698934879,0.0020397906886900317,0.317962439417822,25,30,20
24,4371,3.3425529504407436e-30,0.6779850424595177,0.0027290356497823697,0.31928592189069976,25,30,20
24,4372,1.0476419551876904e-26,0.6799858867245997,1.4386453682372316e-05,0.31999972682171773,25,30,20
24,4373,6.068847144720174e-25,0.6799487744954797,5.125251542760045e-05,0.31999997298909255,25,30,20
24,4374,2.092069706196373e-26,0.6799252776296921,0.00013731808502414876,0.3199374042852835,25,30,20
24,4375,2.111691518103704e-26,0.6799252545790486,0.000825538340535882,0.31924920708041526,25,30,20
24,4376,2.1303705470753194e-26,0.6799601955164636,0.0008031132327322482,0.31923669125080417,25,30,20
24,4377,1.0837285492930834e-26,0.6799492109916829,5.0835618834312675e-05,0.31999995338948256,25,30,20
24,4378,5.509415721775084e-28,0.6799122957290616,0.0001252726998694075,0.31996243157106874,25,30,20
24,4379,1.065994076638811e-26,0.6779371001522537,0.0027542879062304438,0.31930861194151583,25,30,20
24,4380,1.9668614137731346e-28,0.6792852270336326,0.0007516890562808369,0.31996308391008654,25,30,20
24,4381,5.966146922550218e-25,0.6792728925036439,0.0007519619686749339,0.31997514552768125,25,30,20
24,4382,2.094340043405656e-26,0.6799997362959239,9.614162951110182e-07,0.3199993022877808,25,30,20
24,4383,1.903023627696476e-28,0.6799986495119632,2.0295825728964547e-06,0.3199993209054638,25,30,20
24,4384,3.7703608358830086e-28,0.6799380124203042,0.00011296177884223031,0.3199490258008535,25,30,20
24,4385,5.9715591116574225e-25,0.6799125259683259,0.00012591364594622797,0.31996156038572776,25,30,20
24,4386,6.065453459842226e-25,0.6799610633986082,0.0040762884921265105,0.31596264810926505,25,30,20
24,4387,3.7088149392570544e-28,0.6799865225394831,0.002075452007304773,0.31793802545321204,25,30,20
24,4388,1.9037774865021308e-21,0.6792228556426935,0.0028028473511455087,0.317974297006161,25,30,20
24,4389,1.9037668363521705e-21,0.6792718474390995,0.0007409042352433598,0.319987248325657,25,30,20
24,4390,1.9037668268563146e-21,0.6792470460365111,0.0007529815862145174,0.31999997237727434,25,30,20
24,4391,1.0657224867947585e-26,0.679960880420115,3.959021774978739e-05,0.319999529362135,25,30,20
24,4392,3.399565595550579e-23,0.6799861591465367,1.4102807344825497e-05,0.31999973804611825,25,30,20
24,4393,9.777754297582465e-30,0.6799859367091536,0.002051214245703912,0.3179628490451423,25,30,20
24,4394,5.967887164517328e-25,0.6799854590028697,6.464375078907656e-05,0.31994989724634104,25,30,20
24,4395,9.896755933640067e-30,0.679998850336368,3.8077902821171916e-05,0.3199630717608108,25,30,20
24,4396,1.8707789511092764e-28,0.6799623816227127,0.0007510526413932343,0.3192865657358939,25,30,20
24,4397,1.0837343926529866e-26,0.6799612904580421,0.0007521404050950148,0.31928656913686276,25,30,20
24,4398,1.0660216277679268e-26,0.6799613095268274,3.914632236861094e-05,0.3199995441508039,25,30,20
24,4399,1.1033799778801215e-26,0.6791988652104596,0.0008024504151716808,0.3199986843743689,25,30,20
24,4400,1.066315730444451e-26,0.6792593465228197,0.0007422269579063218,0.31999842651927396,25,30,20
24,4401,3.400235206454681e-30,0.6792843934089065,0.0007167513626940462,0.3199988552283994,25,30,20
24,4402,1.3059920240668967e-29,0.6779165233454811,0.0020835045224146483,0.319999972132104,25,30,20
24,4403,6.616892569834859e-30,0.6792222121575378,0.000790543744855554,0.3199872440976067,25,30,20
24,4404,1.9383274910646025e-21,0.6799722693472562,0.00209033791917951,0.3179373927335643,25,30,20
24,4405,1.3168819403321257e-29,0.6799740343343598,0.0020516685919752435,0.3179742970736648,25,30,20
24,4406,1.3057735366362317e-29,0.6799863537077591,5.0585565988019965e-05,0.3199630607262527,25,30,20
24,4407,3.58850393328321e-16,0.6799604313152571,0.00011403322081475001,0.3199255354639276,25,30,20
24,4408,5.966026312363235e-25,0.679973840025551,0.0020261806525392026,0.31799997932190976,25,30,20
24,4409,1.937177458066945e-21,0.6792238940477638,0.0028141210986809767,0.3179619848535551,25,30,20
24,4410,3.4016222428894944e-23,0.6792474144505966,0.0007541171680210874,0.31999846838138213,25,30,20
24,4411,5.962380635075368e-25,0.6799733706919353,0.000741370521529755,0.3192852587865348,25,30,20
24,4412,3.455678104182305e-30,0.6799854744739149,0.0007661557417813502,0.3192483697843037,25,30,20
24,4413,9.780783192936718e-30,0.6799982210641852,0.00078966541169426,0.3192121135241204,25,30,20
24,4414,1.6284270960642696e-29,0.6792487477520511,0.0014657923756606066,0.3192854598722883,25,30,20
24,4415,2.030180274195672e-28,0.6799994866704675,0.00075088191709167,0.3192496314124407,25,30,20
24,4416,1.9340599031581444e-28,0.6799994939259878,0.0007886158535272878,0.3192118902204848,25,30,20
24,4417,3.7387215122131516e-28,0.6799854403162964,0.000802434794124779,0.3192121248895787,25,30,20
24,4418,1.0843680704669664e-26,0.6779850007689965,0.004097360885907623,0.31791763834509573,25,30,20
24,4419,7.44181447378923e-28,0.6772851857690678,0.004084003903078565,0.3186308103278535,25,30,20
24,4420,1.9024487115940482e-28,0.6799248444084937,7.627364107868331e-05,0.3199988819504275,25,30,20
24,4421,5.969696481084147e-25,0.6799231320633463,0.03941067155439155,0.2806661963822621,25,30,20
24,4422,7.414869755652525e-28,0.6799239771923691,0.03940981493137067,0.2806662078762602,25,30,20
24,4423,3.3400339314004296e-23,0.6799967168159697,0.041991657841253,0.278011625342777,25,30,20
24,4424,1.905535891254268e-21,0.679999532154514,0.04003763021598638,0.2799628376294993,25,30,20
24,4425,1.763363691784033e-16,0.6803444544978297,0.04169246741400956,0.27796307808816056,25,30,20
24,4426,1.7633636917822006e-16,0.6803423055966787,0.03965773124931149,0.27999996315400955,25,30,20
24,4427,3.589703977724597e-16,0.6799731893911681,0.04002705406053514,0.27999975654829645,25,30,20
24,4428,6.080567889839428e-18,0.6806518067164385,0.04137390345477287,0.27797428982878836,25,30,20
24,4429,6.0805678999420014e-18,0.6799381160237264,0.04006320716904427,0.27999867680722923,25,30,20
24,4430,2.093395297369947e-26,0.6792606085495236,0.04074092664767319,0.27999846480280327,25,30,20
24,4431,6.2919517228769084e-18,0.679296056862614,0.04070527338057078,0.2799986697568151,25,30,20
24,4432,9.60600080292268e-22,0.6991184701840507,0.020882216020454078,0.2799993137954951,25,30,20
24,4433,9.606002574208544e-22,0.6991191327555452,0.020881519614399668,0.27999934763005496,25,30,20
24,4434,9.606000834007624e-22,0.69908196409767,0.020918696310375778,0.2799993395919541,25,30,20
24,4435,1.5373498706415155e-26,0.6592617031195652,0.0627760732489592,0.2779622236314755,25,30,20
24,4436,3.372109389992407e-23,0.658557916303211,0.04369283528480286,0.297749248411986,25,30,20
24,4437,1.955955355304999e-21,0.6599946540341146,0.062029957873930466,0.2779753880919548,25,30,20
24,4438,1.067099996498165e-19,0.6806755567181013,0.03932447427218612,0.2799999690097125,25,30,20
24,4439,3.2989092453701467e-25,0.6803429938764818,0.039657468699895004,0.27999953742362327,25,30,20
24,4440,1.7639065904803192e-16,0.6802951276107979,0.039730378407380716,0.27997449398182117,25,30,20
24,4441,6.0762577457697805e-25,0.6799496533990681,0.04005081004138935,0.2799995365595424,25,30,20
24,4442,1.101741596963098e-26,0.6792487216245747,0.0407510903188688,0.2800001880565562,25,30,20
24,4443,1.1017582322426857e-26,0.6799490022451157,0.04005082851301509,0.2800001692418692,25,30,20
24,4444,1.0650554951314778e-26,0.6799718868133102,0.040028569424333964,0.2799995437623558,25,30,20
24,4445,6.177153794981383e-25,0.6799857215662917,0.040065460959943365,0.279948817473765,25,30,20
24,4446,1.2038440461156861e-24,0.6799490359264472,0.04008877765803079,0.279962186415522,25,30,20
24,4447,1.1932003993756272e-24,0.6799856821081209,0.039351475616011274,0.28066284227586763,25,30,20
24,4448,5.96605093921513e-25,0.6799850692980313,0.03935165638501283,0.28066327431695576,25,30,20
24,4449,3.872849019593793e-21,0.6599157732387926,0.060121709029263774,0.27996251773194375,25,30,20
24,4450,3.872556097828517e-21,0.6799250486916685,0.04010025317455968,0.27997469813377185,25,30,20
24,4451,3.872545817753043e-21,0.679924390554784,0.04006464740611926,0.28001096203909664,25,30,20
24,4452,5.574884688278741e-28,0.6799488014720702,0.04005144564535155,0.2799997528825781,25,30,20
24,4453,1.969949813894068e-21,0.6799131632442694,0.040111479421487566,0.27997535733424267,25,30,20
24,4454,3.5245587530718053e-16,0.679973204314346,0.04005164265600982,0.27997515302964365,25,30,20
24,4455,5.96782926047747e-25,0.679996489513549,0.042040434192730125,0.2779630762937209,25,30,20
24,4456,1.938369360868317e-21,0.6799613092023968,0.042039138668646954,0.27799955212895616,25,30,20
24,4457,6.07439347493233e-25,0.6799613174410891,0.04204062352806815,0.2779980590308427,25,30,20
24,4458,5.969632156799611e-25,0.6799123259675979,0.04208896671052873,0.2779987073218732,25,30,20
24,4459,6.0743295993785505e-25,0.6799984605136069,0.04200412821589998,0.27799741127049293,25,30,20
24,4460,5.969629380647297e-25,0.6792483540024128,0.04275293893348712,0.27799870706409996,25,30,20
24,4461,5.969696597003874e-25,0.6799369334504856,0.042099994442691704,0.27796307210682264,25,30,20
24,4462,1.9042591139033654e-28,0.649998437782385,0.07003826702369771,0.2799632951939174,25,30,20
24,4463,5.967952149016247e-25,0.6386310097392327,0.08136965067689755,0.2799993395838694,25,30,20
24,4464,5.969690626215359e-25,0.6392612674795956,0.08073961225360911,0.2799991202667951,25,30,20
24,4465,3.521326685971344e-16,0.6791631118131215,0.04083775290406597,0.2799991352828121,25,30,20
24,4466,3.521326691639092e-16,0.6778323960717684,0.044193310763305196,0.2779742931649259,25,30,20
24,4467,3.5213266920458285e-16,0.6777943958883135,0.04223046961003168,0.27997513450165434,25,30,20
24,4468,1.1048766006243805e-19,0.6785321546195658,0.041468103669756756,0.2799997417106774,25,30,20
24,4469,1.0849957051222428e-26,0.6792092865605401,0.040127010689247594,0.28066370275021213,25,30,20
24,4470,6.072585151178751e-25,0.6785818097264302,0.0414551024993418,0.2799630877742278,25,30,20
24,4471,1.0831072433417618e-26,0.679223712097634,0.04085010067792858,0.2799261872244373,25,30,20
24,4472,2.1484161501265394e-26,0.6799250496869413,0.04011188153338442,0.2799630687796739,25,30,20
24,4473,2.7853308099184547e-20,0.6766317299643346,0.04336587988825527,0.28000239014741013,25,30,20
24,4474,3.4016392532607904e-23,0.6785952009462973,0.06141118067547477,0.25999361837822776,25,30,20
24,4475,3.4016205909990944e-23,0.6799988532228481,0.060007304966030954,0.2599938418111209,25,30,20
24,4476,3.3996390320745156e-23,0.679307448086885,0.060686398954999686,0.2600061529581151,25,30,20
24,4477,1.0663388295945555e-26,0.6792832874618788,0.04071672479155344,0.2799999877465676,25,30,20
24,4478,3.343100196118908e-23,0.6799859015375666,0.04000352314796149,0.2800105753144719,25,30,20
24,4479,3.4644564849490296e-23,0.6799613168625198,0.04076550826872828,0.2792731748687517,25,30,20
24,4480,3.403752274266413e-23,0.6799360160056943,0.04219324970489921,0.27787073428940645,25,30,20
24,4481,9.692212201850424e-22,0.6799356261213678,0.04219375503089686,0.27787061884773523,25,30,20
24,4482,6.175417556241962e-25,0.6799841860173268,0.041431650115792716,0.27858416386688056,25,30,20
24,4483,6.297725053041345e-18,0.6799983957108628,0.04000270020563159,0.27999890408350536,25,30,20
24,4484,6.2977590694239995e-18,0.6799964520907357,0.04000424181943386,0.2799993060898305,25,30,20
24,4485,6.297727438335866e-18,0.6799861269460626,0.04002687021510552,0.2799870028388316,25,30,20
24,4486,1.0837233863426228e-26,0.6799621776480741,0.04003764081753245,0.2800001815343933,25,30,20
24,4487,1.0840507999288315e-26,0.6799742048413904,0.04002626158150867,0.2799995335771009,25,30,20
24,4488,2.1313589898885966e-26,0.6799737457676284,0.04002670942156025,0.27999954481081135,25,30,20
24,4489,2.1117252839422032e-26,0.6799860584246368,0.04201548713749266,0.27799845443787047,25,30,20
24,4490,1.937783045602336e-21,0.6799859101149349,0.040027507715813496,0.2799865821692515,25,30,20
24,4491,1.9377830421539875e-21,0.6799984520183909,0.04000198450993195,0.27999956347167704,25,30,20
24,4492,1.9377828585266585e-21,0.6406666535205313,0.07934589703349136,0.2799874494459772,25,30,20
24,4493,6.185409327723512e-18,0.6386429232250282,0.0813579561693027,0.2799991206056689,25,30,20
24,4494,1.1051923973304094e-19,0.6386290700760231,0.08137181342597127,0.27999911649800524,25,30,20
24,4495,1.105192386755068e-19,0.6385919653188303,0.08144579981061258,0.279962234870557,25,30,20
24,4496,1.1051922875974684e-19,0.6386049018796155,0.08139514114305234,0.279999956977332,25,30,20
24,4497,1.0858092182144128e-19,0.6392209539253918,0.08077929338551817,0.27999975268909005,25,30,20
24,4498,9.527681418861238e-22,0.6402681888177699,0.0797318348000229,0.27999997638220714,25,30,20
24,4499,2.891115831891429e-21,0.6402685965186798,0.07973142709116982,0.2799999763901504,25,30,20
24,4500,2.8911053716867e-21,0.6402927917787308,0.07970724320589065,0.2799999650153786,25,30,20
24,4501,3.876110918988722e-21,0.6398996501523424,0.08013770872306245,0.279962641124595,25,30,20
24,4502,2.0385668838325825e-21,0.6392967057637294,0.08077819015043872,0.27992510408583177,25,30,20
24,4503,1.82084723096326e-24,0.6392966862924783,0.08071695582752458,0.279986357879997,25,30,20
24,4504,2.1899760924901446e-19,0.639283284305068,0.0807294783083881,0.2799872373865439,25,30,20
24,4505,1.0848136197511134e-19,0.6399725262629349,0.08006462062729174,0.279962853109773,25,30,20
24,4506,1.0848194811959796e-19,0.6399733828998501,0.08006354088304476,0.2799630762171051,25,30,20
24,4507,2.385399991477645e-21,0.6604991464458868,0.05951490040191964,0.2799859531521935,25,30,20
24,4508,1.903808861116144e-21,0.6799721241973475,0.040054029574205764,0.2799738462284468,25,30,20
24,4509,1.9038086807106198e-21,0.6799738482334923,0.0407523249587284,0.27927382680777924,25,30,20
24,4510,5.342906711409117e-27,0.6596411146543866,0.06039688135952441,0.2799620039860887,25,30,20
24,4511,1.0663494411435556e-26,0.6799481484725809,0.0400907188650931,0.27996113266232586,25,30,20
24,4512,1.0660106199069922e-26,0.6799490429860304,0.04005401188990163,0.27999694512406786,25,30,20
24,4513,1.0840398910948206e-26,0.679998463243076,0.04000370515657143,0.2799978316003523,25,30,20
24,4514,3.4072145994121875e-16,0.6209012268347963,0.09914906491992839,0.27994970824527476,25,30,20
24,4515,3.407214593452731e-16,0.5806287995378765,0.13937186439382704,0.27999933606829563,25,30,20
24,4516,3.407766691586266e-16,0.5806475497778066,0.13935311408496884,0.279999336137224,25,30,20
24,4517,1.122928447045472e-19,0.5992490604592395,0.12146501398306774,0.27928592555769255,25,30,20
24,4518,1.971162077886549e-21,0.5992744497704421,0.12072622892062956,0.27999932130892824,25,30,20
24,4519,3.4027429794411424e-23,0.5999638557683648,0.12005018351006624,0.2799859607215685,25,30,20
24,4520,1.9383691928157158e-21,0.640664757663807,0.07934928161227175,0.2799859607239212,25,30,20
24,4521,2.9244029693263756e-21,0.6399872986557871,0.08002568009980926,0.2799870212444034,25,30,20
24,4522,5.337201258239263e-20,0.6406704774269885,0.060039181517439325,0.2992903410555722,25,30,20
24,4523,1.9705977551464518e-21,0.6399490173948187,0.04007798961634105,0.3199729929888404,25,30,20
24,4524,2.1716181307599446e-19,0.6406883269583039,0.03931320928285653,0.3199984637588392,25,30,20
24,4525,1.204037287704585e-24,0.637913431181999,0.04208660068168301,0.31999996813631804,25,30,20
24,4526,5.967917097947866e-25,0.6399369221641703,0.001467250213553942,0.3585958276222756,25,30,20
24,4527,1.3001161879212117e-29,0.6399496499436075,6.33250161415689e-05,0.3599870250402509,25,30,20
24,4528,1.8713830487411798e-28,0.6399502604251264,0.039410377089337055,0.32063936248553654,25,30,20
24,4529,6.727687218459724e-30,0.6399861074958428,0.039324882401803665,0.32068901010235346,25,30,20
24,4530,3.399621310168386e-23,0.6399992826619905,0.040001381147187584,0.31999933619082194,25,30,20
24,4531,3.399602314452144e-23,0.6399992866323082,0.040001169025822465,0.3199995443418693,25,30,20
24,4532,1.873180897014651e-21,0.6399736305980626,0.03937375069200803,0.3206526187099293,25,30,20
24,4533,1.904374249713216e-21,0.639308520113063,0.040691298952986565,0.3200001809339505,25,30,20
24,4534,6.080630688226756e-18,0.6385567320880066,0.04144328781298337,0.31999998009901004,25,30,20
24,4535,6.080630688043297e-18,0.6399617225062308,0.04003893778279296,0.31999933971097605,25,30,20
24,4536,6.080630688046243e-18,0.6399990396250065,0.040050847332576564,0.3199501130424168,25,30,20
24,4537,6.080630687865722e-18,0.6399494314214137,0.04010043279927131,0.31995013577931486,25,30,20
24,4538,1.0133914761456489e-14,0.6379978929838457,0.02223586932758173,0.33976623768856234,25,30,20
24,4539,1.9352939351174185e-28,0.63798392536804,0.002016992249048788,0.359999082382911,25,30,20
24,4540,1.9046991460643715e-28,0.6399833371670086,1.7144769981828833e-05,0.35999951806300934,25,30,20
24,4541,1.9668598271443164e-28,0.6399846326920173,1.6061708843166104e-05,0.3599993055991394,25,30,20
24,4542,1.9663529604261787e-28,0.639307708877971,0.0006931748522743103,0.35999911626975456,25,30,20
24,4543,9.841126468862593e-30,0.639308785022276,0.0006921098682298233,0.3599991051094941,25,30,20
24,4544,1.996783890965317e-28,0.6392723204862673,0.0007408782386230276,0.3599868012751097,25,30,20
24,4545,1.6331736059086524e-29,0.6392354467015118,0.0008017003917158119,0.35996285290677243,25,30,20
24,4546,5.966080795086462e-25,0.6392956262756768,0.0007413048267508462,0.35996306889757224,25,30,20
24,4547,5.966049205455389e-25,0.6392956334426428,0.0007413352881905986,0.3599630312691663,25,30,20
24,4548,1.0660164645557885e-26,0.6393089861042516,0.0007292373990896396,0.35996177649665867,25,30,20
24,4549,3.7381957740907814e-28,0.6399869514465809,0.0007400933528141512,0.35927295520060487,25,30,20
24,4550,5.965890392924003e-25,0.6399979862258922,3.5378831201278747e-06,0.3599984758909875,25,30,20
24,4551,1.8391197557386466e-28,0.6399983957251044,2.2796537098367682e-06,0.35999932462118556,25,30,20
24,4552,1.2022450969681883e-31,0.639997766375803,2.2724133719444756e-06,0.3599999612108249,25,30,20
24,4553,1.0463538628976886e-26,0.6379858759733616,0.0020268650528984774,0.35998725897373973,25,30,20
24,4554,2.0930344985434943e-26,0.6399479001845665,6.486324054998497e-05,0.3599872365748834,25,30,20
24,4555,1.0476755768945209e-26,0.6399248188714016,7.606493002520868e-05,0.35999911619857305,25,30,20
24,4556,1.0470146040946208e-26,0.6399999451887797,3.022772027842678e-07,0.3599997525340175,25,30,20
24,4557,6.072490203172759e-25,0.6379992747571407,0.0020150227110042654,0.3599857025318551,25,30,20
24,4558,1.04895900351874e-26,0.637999076847119,0.0020266570712204213,0.3599742660816605,25,30,20
24,4559,1.000977340973059e-29,0.6399992855194357,7.571152857627015e-07,0.35999995736527846,25,30,20
24,4560,1.0473256465716166e-26,0.6399865736161907,1.4321465810124924e-05,0.35999910491799914,25,30,20
24,4561,3.4016215658607e-23,0.6399850730095518,1.6685958644317157e-05,0.3599982410318038,25,30,20
24,4562,2.112035661697231e-26,0.6399863761844355,5.205293786414784e-05,0.35996157087770014,25,30,20
24,4563,2.0933233152352496e-26,0.6399991115372342,1.575069685051669e-06,0.35999931339308056,25,30,20
24,4564,2.0936567616157567e-26,0.6399982243324163,0.03934981929911742,0.3206519563684662,25,30,20
24,4565,1.1393894732357109e-29,0.639998868578552,0.05969336597377575,0.30030776544767207,25,30,20
24,4566,1.9383381654235473e-21,0.6399609005553019,0.06038590909170291,0.2996531903529951,25,30,20
24,4567,6.175255433146918e-25,0.6406388704081957,0.07935077345260674,0.28001035613919745,25,30,20
24,4568,3.343064220261467e-23,0.6379621741517607,0.10203298003639788,0.2600048458118414,25,30,20
24,4569,3.399603471648906e-23,0.6379496537349788,0.0629428847323894,0.2991074615326317,25,30,20
24,4570,3.39960394799822e-23,0.6400113623331868,0.04141639158661748,0.31857224608019563,25,30,20
24,4571,2.1117530469127943e-26,0.6392854401718777,0.001417641146945304,0.3592969186811768,25,30,20
24,4572,1.0837452122646304e-26,0.6392854320787597,0.001417634275334886,0.35929693364590526,25,30,20
24,4573,1.1269781567375405e-23,0.6392711937941385,0.027509978783436955,0.3332188274224244,25,30,20
24,4574,1.9329598220226031e-28,0.6399621961456294,0.00010042209956832363,0.35993738175480205,25,30,20
24,4575,3.401692777451342e-23,0.63998717532648,1.4572999461562803e-05,0.3599982516740583,25,30,20
24,4576,9.955049751874165e-30,0.6379494154083568,0.00205276129668541,0.3599978232949578,25,30,20
24,4577,1.8710665679745997e-28,0.6398998136556521,0.020445053559317236,0.3396551327850306,25,30,20
24,4578,6.702055796852218e-30,0.6399990818909915,0.020346421337442577,0.33965449677156584,25,30,20
24,4579,9.606104523686537e-22,0.619748558740681,0.04059760154083764,0.3396538397184812,25,30,20
24,4580,9.606102690475677e-22,0.6197600094926117,0.021027681332594885,0.3592123091747934,25,30,20
24,4581,1.8408238550294012e-28,0.6399630183612925,0.0007873461851143027,0.35924963545359323,25,30,20
24,4582,3.341668169663003e-30,0.6399623860102994,5.0191404623665886e-05,0.3599874225850769,25,30,20
24,4583,9.777825729181824e-30,0.6399628330078514,4.951320769952311e-05,0.3599876537844489,25,30,20
24,4584,9.890775534647239e-30,0.6399623976528913,6.39654537700848e-05,0.35997363689333833,25,30,20
24,4585,3.455691868928466e-30,0.6399608861528797,7.606037178661995e-05,0.3599630534753335,25,30,20
24,4586,5.964342269653216e-25,0.6392608394824036,0.000739427105256344,0.35999973341233976,25,30,20
24,4587,3.5677206119208805e-30,0.6399252845725701,7.560267443960091e-05,0.3599991127529901,25,30,20
24,4588,6.622690457199965e-30,0.639997588129865,2.454635459846824e-06,0.35999995723467504,25,30,20
24,4589,2.3315507672201266e-31,0.6399978047142956,2.457499998263952e-06,0.35999973778570604,25,30,20
24,4590,1.0469872376545933e-26,0.6399366875055421,0.00011385126425341252,0.3599494612302043,25,30,20
24,4591,2.1120186976603703e-26,0.6399254932246193,0.00011296115522878854,0.3599615456201517,25,30,20
24,4592,1.0656998846860193e-26,0.6399729426210066,6.550464651289503e-05,0.3599615527324806,25,30,20
24,4593,1.7667181563468608e-31,0.6399744888447725,2.5751112528287762e-05,0.35999976004269924,25,30,20
24,4594,1.838545969281026e-28,0.6379749172149132,0.002063280431448947,0.35996180235363795,25,30,20
24,4595,1.870224521510007e-28,0.6399994867406849,3.7422420495155136e-05,0.3599630908388199,25,30,20
24,4596,1.3170820703421363e-29,0.6399621580808745,3.8502080002249744e-05,0.3599993398391231,25,30,20
24,4597,1.8707892012650268e-28,0.6399500742775533,5.059384918412508e-05,0.35999933187326233,25,30,20
24,4598,7.376300012010307e-28,0.639986114418787,0.00202643333645688,0.35798745224475603,25,30,20
24,4599,7.410680805319584e-28,0.6399861142194514,2.6448769535643746e-05,0.3599874370110129,25,30,20
24,4600,1.0133596692160898e-26,0.6399119005942793,0.002088119370687916,0.35799998003503275,25,30,20
24,4601,1.0127385664111137e-26,0.6399984104795764,0.002002893711726981,0.3579986958086965,25,30,20
24,4602,1.0130438579223881e-26,0.639285647936545,0.0027152391656730373,0.35799911289778164,25,30,20
24,4603,2.078370601970325e-26,0.6385694030879586,0.003431484080692392,0.35799911283134883,25,30,20
24,4604,5.604393569620971e-28,0.6385448036417799,0.0014688347029245296,0.35998636165529546,25,30,20
24,4605,1.0647234996207384e-26,0.6372219808184989,0.002804195895690549,0.3599738232858105,25,30,20
24,4606,7.423135732701504e-30,0.6092846057629394,0.030716066085526347,0.3599993281515341,25,30,20
24,4607,1.0139126760629945e-22,0.6006626431596616,0.0393628750769693,0.3599744817633691,25,30,20
24,4608,5.982907923726904e-18,0.5999623853509145,0.04077653183368125,0.3592610828154041,25,30,20
24,4609,1.9103182609044118e-13,0.5992489988368886,0.040660906336814656,0.36009009482610566,25,30,20
24,4610,1.9103182602189495e-13,0.5699989192588414,0.06992416839493025,0.3600769123460373,25,30,20
24,4611,3.5346435936759747e-09,0.5599627065904016,0.0800759795895582,0.35996131028539646,25,30,20
24,4612,3.5346435936759747e-09,0.5606761472676823,0.07933706321063977,0.35998678598703443,25,30,20
24,4613,3.534643593675975e-09,0.5403321327677593,0.0996685433229102,0.35999932037468646,25,30,20
24,4614,3.5346435936759747e-09,0.560665768285921,0.0793353549399819,0.3599988732394535,25,30,20
24,4615,3.5346435935710146e-09,0.5540103552997512,0.0860030745607629,0.3599865666048421,25,30,20
24,4616,3.5346435935710137e-09,0.5566998090505576,0.0833149092187378,0.3599852781960607,25,30,20
24,4617,3.5346435935710137e-09,0.5607000133993844,0.079337578148742,0.35996240491723014,25,30,20
24,4618,1.8608293832261481e-09,0.5600182972770061,0.07998238381480888,0.3599993170473553,25,30,20
24,4619,1.0674058727245322e-19,0.5606528523336068,0.08007462482905378,0.35927252283733907,25,30,20
24,4620,1.0674058727877925e-19,0.5606394769946885,0.07939854201189873,0.35996198099341264,25,30,20
24,4621,1.1066746839637222e-12,0.5599238030924928,0.0800762700454799,0.35999992686092036,25,30,20
24,4622,1.106674683963732e-12,0.5999850760897528,0.04005187474881097,0.35996304916032934,25,30,20
24,4623,1.0141667891615467e-14,0.5999738378353731,0.040062989175971786,0.3599631729886448,25,30,20
24,4624,3.092669815820002e-18,0.6196163769066431,0.040765253609599775,0.3396183694837569,25,30,20
24,4625,3.0926869562213327e-18,0.6196285746669836,0.040632273492882925,0.3397391518401332,25,30,20
24,4626,3.704557836165429e-28,0.6003099503735727,0.039727201104002345,0.3599628485224248,25,30,20
24,4627,5.96965925798339e-25,0.600310363398567,0.039727190218637604,0.3599624463827953,25,30,20
24,4628,1.1931907067333274e-24,0.6003086259481276,0.039692481479810374,0.3599988925720619,25,30,20
24,4629,2.031570089832923e-28,0.6003217888209834,0.03969211052085606,0.3599861006581602,25,30,20
24,4630,1.0479697530097344e-26,0.5999865247119027,0.04002732210573166,0.35998615318236543,25,30,20
24,4631,1.1048645694019827e-19,0.5999735831546764,0.0400268651253032,0.35999955172002024,25,30,20
24,4632,1.1048645711091367e-19,0.5796421517021038,0.06107149900340719,0.3592863492944889,25,30,20
24,4633,5.0989082177353954e-23,0.5599769530548495,0.08004809186138089,0.3599749550837696,25,30,20
24,4634,5.537921341537928e-24,0.5797301240105726,0.05379447834359798,0.3664753976458294,25,30,20
24,4635,5.537860546447024e-24,0.6064507745396255,0.027037128471848967,0.3665120969885256,25,30,20
24,4636,5.558980617304953e-24,0.6064758101779053,0.027025055541987898,0.3664991342801068,25,30,20
24,4637,2.1674573794498285e-26,0.5999250639138571,8.965058646733343e-05,0.39998528549967555,25,30,20
24,4638,1.101769623241159e-26,0.599899824299848,0.00011381385714391023,0.39998636184300795,25,30,20
24,4639,3.3995656072399775e-23,0.5998763039090536,0.00013798226464940228,0.39998571382629694,25,30,20
24,4640,3.4027065313077054e-23,0.599850862838985,0.0008534846712308988,0.39929565248978394,25,30,20
24,4641,5.96605197145481e-25,0.5999615100343536,6.464401296055354e-05,0.3999738459526857,25,30,20
24,4642,9.840220406186542e-30,0.5999619609633424,5.0791028852179125e-05,0.3999872480078052,25,30,20
24,4643,6.675104799121365e-30,0.5999872209424909,1.4087900191269792e-05,0.3999986911573177,25,30,20
24,4644,3.2266147712525034e-30,0.599974496767341,2.552320620850457e-05,0.3999999800264502,25,30,20
24,4645,1.765644631907401e-31,0.599963097279041,0.00011115507572721606,0.39992574764523164,25,30,20
24,4646,2.3416220973529914e-31,0.5999997515374116,3.802505330743201e-05,0.39996222340928084,25,30,20
24,4647,3.400646084965905e-23,0.5992472707139135,0.0007916079473991069,0.3999611213386872,25,30,20
24,4648,3.400664413698006e-23,0.5998508220468104,0.00018763234059548595,0.399961545612594,25,30,20
24,4649,3.400627406606563e-23,0.5979982099766596,0.0020022760715707123,0.3999995139517696,25,30,20
24,4650,3.6421266599693344e-28,0.5972843562034713,0.0027288649959682325,0.3999867788005604,25,30,20
24,4651,1.0653553336176476e-26,0.5999615446636173,5.145715699052514e-05,0.39998699817939226,25,30,20
24,4652,3.398483539699349e-23,0.5999369342024982,6.331632310900194e-05,0.3999997494743927,25,30,20
24,4653,1.0482634712266272e-26,0.5606509950299581,0.03938614874313106,0.39996285622691075,25,30,20
24,4654,1.0837347003597763e-26,0.5599865691911915,0.04001368643555124,0.3999997443732573,25,30,20
24,4655,2.0946121103567827e-26,0.5606759747451185,0.0393255799293001,0.39999844532558126,25,30,20
24,4656,1.1045069335567799e-19,0.5599611094475194,0.04011294998210133,0.39992594057037933,25,30,20
24,4657,1.938337983407281e-21,0.5591863996961896,0.04081368063888552,0.3999999196649249,25,30,20
24,4658,3.589666541591027e-16,0.5592716319523185,0.04076530720471932,0.3999630608429616,25,30,20
24,4659,9.68599010764741e-22,0.5789038995387805,0.02109202620633999,0.40000407425487944,25,30,20
24,4660,1.085147819653613e-19,0.5579171644823324,0.0420841777397253,0.3999986577779422,25,30,20
24,4661,1.0286576343957517e-26,0.5592856529040239,0.04072775794924828,0.3999865891467278,25,30,20
24,4662,5.864994827679234e-25,0.5986312338394248,0.0013709682630164987,0.3999977978975586,25,30,20
24,4663,5.866798329888448e-25,0.5986074935062766,0.001429453412622013,0.39996305308110125,25,30,20
24,4664,5.864962632222811e-25,0.5986191462539321,0.0013809043697001109,0.39999994937636757,25,30,20
24,4665,5.96779279020767e-25,0.597973397944802,0.002026686373308241,0.3999999156818896,25,30,20
24,4666,1.9030436496607951e-28,0.599961968538283,3.813857277103322e-05,0.3999998928889458,25,30,20
24,4667,1.901904584501624e-28,0.5999981906366184,1.8599068067180617e-06,0.3999999494565746,25,30,20
24,4668,2.6232648363488785e-27,0.5999869861323955,0.030013045752842523,0.3699999681147619,25,30,20
24,4669,2.336992155687347e-26,0.5992364587417018,0.03147785118112581,0.36928569007717227,25,30,20
24,4670,2.9902427272379024e-27,0.5985469815935616,0.03216646418284326,0.36928655422359496,25,30,20
24,4671,3.675343283474204e-28,0.5992828826772709,0.040716939646508576,0.36000017767622033,25,30,20
24,4672,6.702159347335151e-15,0.599275936735902,0.040494253931002984,0.36022980933308835,25,30,20
24,4673,3.526709342120036e-16,0.597271681030939,0.042766765830709715,0.35996155313835076,25,30,20
24,4674,3.526709342011663e-16,0.5999632730952154,0.040037636878077425,0.3599990900267067,25,30,20
24,4675,1.904065090150652e-21,0.5999630335507171,0.040037872636663724,0.35999909381261913,25,30,20
24,4676,1.9040755536196504e-21,0.599999945605934,0.04271523130963932,0.3572848230844265,25,30,20
24,4677,1.0853343342674372e-19,0.5996292989937525,0.04237203158745071,0.3579986694187967,25,30,20
24,4678,1.085170527716285e-19,0.5992977391682508,0.040776095964349376,0.35992616486739976,25,30,20
24,4679,3.707061744345185e-28,0.5999988842490368,0.040038039347369075,0.35996307640359404,25,30,20
24,4680,3.4006116210744325e-23,0.5999999310092158,0.040013472463481366,0.35998659652730275,25,30,20
24,4681,5.9791293471485186e-18,0.6006655131816453,0.039347030135483324,0.3599874566828713,25,30,20
24,4682,5.979129347331921e-18,0.6006530352961339,0.039396627956806166,0.3599503367470598,25,30,20
24,4683,1.8779430119299272e-14,0.6012498920245991,0.03875229884756967,0.3599978091278123,25,30,20
24,4684,9.44069050504974e-22,0.6006457236300996,0.03935579856365944,0.3599984778062408,25,30,20
24,4685,6.185373525378966e-18,0.5603191341196024,0.0796818022457199,0.3599990636346776,25,30,20
24,4686,3.6504341392955153e-16,0.5599744960725332,0.08002600844524464,0.35999949548222154,25,30,20
24,4687,2.0442553082983763e-14,0.559999286051577,0.08003829340729612,0.35996242054110617,25,30,20
24,4688,2.044255308297329e-14,0.5600234539154054,0.07997810017130186,0.35999844591327224,25,30,20
24,4689,2.0442553082963208e-14,0.5586518587675439,0.08135033988957362,0.3599978013428617,25,30,20
24,4690,2.0442555020746594e-14,0.5599859170506659,0.08002902093762401,0.3599850620116897,25,30,20
24,4691,5.19336950171698e-22,0.5599986636282389,0.07001473614307929,0.3699866002286816,25,30,20
24,4692,6.1873429708844844e-18,0.5592854203776305,0.08070381431474571,0.36001076530762355,25,30,20
24,4693,1.972355083965186e-21,0.5599740531907677,0.08202597381772836,0.35799997299150377,25,30,20
24,4694,1.9723554545452113e-21,0.5592970885479549,0.08141700484463193,0.35928590660741305,25,30,20
24,4695,1.0858035680323208e-19,0.5599246438563443,0.07938829411812034,0.36068706202553535,25,30,20
24,4696,1.0858038712267573e-19,0.5572612603122402,0.08272753222639935,0.3600112074613604,25,30,20
24,4697,1.9723543660247637e-21,0.5592740076778511,0.08071543243442779,0.36001055988772096,25,30,20
24,4698,2.0057333981228954e-21,0.5599869939804798,0.08000094964340322,0.3600120563761168,25,30,20
24,4699,6.683006819769667e-23,0.559985713623983,0.07999100921922508,0.360023277156792,25,30,20
24,4700,6.680984715695328e-23,0.5599971563742764,0.07930199144209156,0.36070085218363196,25,30,20
24,4701,3.4006300057299714e-23,0.5599865884023552,0.04203935749242241,0.39797405410522246,25,30,20
24,4702,5.964185257531883e-25,0.5599872249381183,0.04001435207079558,0.399998422991086,25,30,20
24,4703,3.4007034110097766e-23,0.5599856900952598,0.040064822557627354,0.3999494873471127,25,30,20
24,4704,1.1932129393808326e-24,0.5579992784341221,0.00270403051409959,0.43929669105177815,25,30,20
24,4705,1.9043846882435295e-21,0.5166312379118478,0.043369694877690525,0.43999906721046145,25,30,20
24,4706,2.3841650249851008e-23,0.5166232272692366,0.04537704910520477,0.4379997236255585,25,30,20
24,4707,2.3245048673059904e-23,0.5166236781193073,0.04339038355126555,0.4399859383294272,25,30,20
24,4708,2.3245042514520642e-23,0.5166236889576986,0.0440903928655828,0.4392859181767185,25,30,20
24,4709,3.5896471642838236e-16,0.5192114308410332,0.04078860514904523,0.43999996400992103,25,30,20
24,4710,1.1020852600330844e-26,0.5199373764637023,0.040062671024895795,0.4399999525114016,25,30,20
24,4711,1.9383899298511306e-21,0.519998627457756,0.04001439004135804,0.43998698250088575,25,30,20
24,4712,3.4602727670156864e-23,0.5199490288266201,0.040051014750243405,0.43999995642313666,25,30,20
24,4713,5.865992672559976e-25,0.499604409927436,0.06043450302232926,0.43996108705023473,25,30,20
24,4714,3.4602337886365896e-23,0.5199742391630213,0.04001414017116753,0.440011620665811,25,30,20
24,4715,3.4602518288113366e-23,0.5198879532367708,0.040099770945203526,0.4400122758180253,25,30,20
24,4716,6.801187460274812e-23,0.519211207961876,0.040790350500647686,0.4399984415374763,25,30,20
24,4717,6.860883873974503e-23,0.498879115780272,0.06114875932745877,0.43997212489226917,25,30,20
24,4718,1.086149387239266e-19,0.5199492261561818,0.04010152095290618,0.4399492528909119,25,30,20
24,4719,1.9933202031449355e-14,0.5199750242148571,0.02054241147095808,0.45948256431416484,25,30,20
24,4720,1.0851529505635045e-19,0.5199749134393478,0.0014666408246420545,0.47855844573601014,25,30,20
24,4721,1.0851528478599485e-19,0.5199993157875713,0.0007527507535076596,0.47924793345892086,25,30,20
24,4722,3.342657557728889e-30,0.5199999637520589,1.6022300716464528e-06,0.47999843401786935,25,30,20
24,4723,1.065044170949923e-26,0.5199628332972765,0.0007886151193129566,0.47924855158341045,25,30,20
24,4724,1.0647757771106644e-26,0.5192476947614103,0.002789464502357581,0.47796284073623185,25,30,20
24,4725,5.965895222064319e-25,0.5199990777199569,0.002050801879447005,0.477950120400596,25,30,20
24,4726,5.967795913969137e-25,0.5199988504289604,0.0020508363679769413,0.4779503132030624,25,30,20
24,4727,3.712478586789289e-28,0.5199981839936301,0.002038771114835994,0.4779630448915338,25,30,20
24,4728,3.6802524784963674e-28,0.5199742434807827,0.002026898246889462,0.47799885827232763,25,30,20
24,4729,1.0650726145643621e-26,0.519248331699433,0.0007532383459041639,0.4799984299546628,25,30,20
24,4730,2.3147430202796305e-31,0.517926167594117,0.0020740951600972768,0.47999973724578543,25,30,20
24,4731,1.0843635749518876e-26,0.49760461867445654,0.02311037291346263,0.47928500841208077,25,30,20
24,4732,5.967953209281328e-25,0.48067491055096684,0.03932667451142155,0.4799984149376115,25,30,20
24,4733,6.4605684542821685e-22,0.4933135656946458,0.026736586506747553,0.47994984779860644,25,30,20
24,4734,6.460570291130216e-22,0.4933258731761001,0.026724484090522103,0.4799496427333777,25,30,20
24,4735,3.471503129897377e-31,0.5199624160051157,0.0020376050352350324,0.4779999789596492,25,30,20
24,4736,5.9641524868375115e-25,0.519949650481221,0.002050370421730223,0.4779999790970487,25,30,20
24,4737,5.964182997193602e-25,0.519986982891232,2.5810715676334214e-05,0.4799872063930915,25,30,20
24,4738,6.019819517172238e-25,0.49980962483177555,0.020917443257492663,0.4792729319107316,25,30,20
24,4739,9.687347396345275e-22,0.4997661271478397,0.04025624261052346,0.4599776302416368,25,30,20
24,4740,1.0661329360126198e-19,0.5179027688908325,0.0035114004877510345,0.4785858306214162,25,30,20
24,4741,1.0466936382032209e-26,0.5199358658414299,0.00013926575072266038,0.4799248684078472,25,30,20
24,4742,1.0650619186365804e-26,0.5192358306728082,0.0008013212877979741,0.47996284803939376,25,30,20
24,4743,9.726330996337973e-30,0.5199617646513469,0.001441765077258251,0.47859647027139474,25,30,20
24,4744,1.9973510772626088e-28,0.5192358079276941,0.0014778992999266171,0.4792862927723791,25,30,20
24,4745,1.0840448624955071e-26,0.5185584337858862,0.0021559178724518406,0.47928564834166193,25,30,20
24,4746,2.0939726870489253e-26,0.5199859289466484,0.0007288164052451997,0.4792852546481063,25,30,20
24,4747,1.0473196036982116e-26,0.5199630641703658,0.0007519125250915589,0.4792850233045425,25,30,20
24,4748,2.0939730885437472e-26,0.5199980239046185,0.0007303700640732452,0.47927160603130803,25,30,20
24,4749,1.065360481026086e-26,0.5179988885177818,0.002014106857583356,0.4799870046246346,25,30,20
24,4750,1.0653666175637082e-26,0.5179991113583917,0.0020516434183507873,0.4799492452232573,25,30,20
24,4751,3.674877246424321e-28,0.5199986794966528,3.888509803158785e-05,0.47996243540531547,25,30,20
24,4752,3.7076763523151017e-28,0.5199867589778827,1.3920534493725737e-05,0.47999932048762334,25,30,20
24,4753,3.4725178740085176e-31,0.5199865776994276,1.4113439525693056e-05,0.4799993088610468,25,30,20
24,4754,1.838039501456344e-28,0.5199725080185077,2.7765705876046168e-05,0.47999972627561616,25,30,20
24,4755,1.301007123919236e-29,0.5199842161348777,7.819837491347094e-05,0.47993758549020876,25,30,20
24,4756,1.6453775666771883e-29,0.5199604541911576,0.0007804180032365643,0.47925912780560587,25,30,20
24,4757,1.6341764529457838e-29,0.5179492151136023,0.002778500987754004,0.4792722838986437,25,30,20
24,4758,1.0840570513865719e-26,0.5199134054476727,0.00010112345329418866,0.479985471099033,25,30,20
24,4759,6.67418168446839e-30,0.5199134167513012,0.00012396614245744448,0.4799626171062413,25,30,20
24,4760,5.608357329112911e-28,0.47923623619238276,0.041514557465471856,0.47924920634214546,25,30,20
24,4761,3.3400696738689585e-23,0.47999800550027916,0.04072840769317659,0.4792735868065443,25,30,20
24,4762,8.798469671503607e-25,0.45965278036204843,0.060348766615312834,0.47999845302263877,25,30,20
24,4763,1.0857949701871125e-19,0.4596540276885071,0.06036178169767152,0.4799841906138214,25,30,20
24,4764,6.2977614034905936e-18,0.43864311781229903,0.08135799772494455,0.47999888446275635,25,30,20
24,4765,5.522682742594975e-20,0.459660663774902,0.06036508916664591,0.47997424705845204,25,30,20
24,4766,5.716489262249687e-20,0.4406938223962023,0.07930708874056873,0.4799990888632286,25,30,20
24,4767,1.6374124301354787e-19,0.4400054522986441,0.11963789040470856,0.4403566572966473,25,30,20
24,4768,1.1239143737457662e-19,0.43996196967092943,0.12003871322255899,0.4399993171065113,25,30,20
24,4769,1.0853171754590543e-19,0.4399979089836749,0.11930037620574584,0.4407017148105791,25,30,20
24,4770,3.431488687377202e-23,0.4399996477386893,0.11998871837666761,0.44001163388464304,25,30,20
24,4771,6.293785837200967e-18,0.43999845294651296,0.11930052514869838,0.44070102190478855,25,30,20
24,4772,3.711841001638266e-21,0.43800991033074155,0.12128991315964821,0.4407001765096097,25,30,20
24,4773,6.2918527695321135e-18,0.43999953629894023,0.1193009193427669,0.4406995443582927,25,30,20
24,4774,3.462382847367457e-23,0.4399492499555518,0.12147847824413864,0.4385722718003089,25,30,20
24,4775,1.0864955170494635e-19,0.4399859449713983,0.12200285469233593,0.4380112003362655,25,30,20
24,4776,9.61212327517907e-22,0.43999995726141633,0.10017755598228197,0.45982248675630155,25,30,20
24,4777,6.296717500127934e-18,0.43999994223831496,0.10018945097032482,0.45981060679136,25,30,20
24,4778,6.295773457127525e-18,0.4394774339288095,0.12051116562876149,0.4400114004424285,25,30,20
24,4779,6.2957740434538865e-18,0.45981015079885074,0.10089164269014214,0.4392982065110068,25,30,20
24,4780,8.517161573369508e-23,0.4598094953898401,0.10022810309144205,0.43996240151871746,25,30,20
24,4781,6.091534365971006e-18,0.46051165907810976,0.0988715655121953,0.4406167754096949,25,30,20
24,4782,1.1045131052721352e-19,0.46066982459377853,0.09935544728097652,0.43997472812524485,25,30,20
24,4783,1.1235563171826468e-19,0.4599922762214524,0.10003301859662236,0.43997470518192505,25,30,20
24,4784,1.1239021387322732e-19,0.45799272020356474,0.10139210449035402,0.44061517530608113,25,30,20
24,4785,1.1239020358107937e-19,0.4799608977275479,0.07936330863063304,0.44067579364181897,25,30,20
24,4786,1.1239020339734514e-19,0.47999844493225774,0.07932558352960427,0.4406759715381379,25,30,20
24,4787,1.937822150840624e-21,0.4799623827117619,0.07868303732236391,0.44135457996587407,25,30,20
24,4788,3.844208849123542e-21,0.459642144167799,0.0996820627266505,0.44067579310555055,25,30,20
24,4789,3.844208852516576e-21,0.4596175433833474,0.09969304579960399,0.44068941081704843,25,30,20
24,4790,6.18351797331371e-18,0.4596542923705074,0.08054451056268204,0.4598011970668105,25,30,20
24,4791,6.639705411675546e-11,0.47999822585901086,0.060212665244023696,0.4597891088305683,25,30,20
24,4792,1.9389664131453254e-21,0.49964150770513677,0.06035937708593469,0.4399991152089284,25,30,20
24,4793,2.1307489885494345e-26,0.5192718450726281,0.04076615546449018,0.4399619994628815,25,30,20
24,4794,8.816868572958679e-17,0.5192852435312202,0.030900816391761583,0.4498139400770181,25,30,20
24,4795,1.9049602108023417e-21,0.5184984486518814,0.04150201872179992,0.43999953262631875,25,30,20
24,4796,3.342088313478085e-23,0.5178205869118624,0.002216796041666016,0.4799626170464715,25,30,20
24,4797,3.341060005873199e-23,0.5192850387305687,0.0028333830172946385,0.4778815782521364,25,30,20
24,4798,1.0653773215572205e-26,0.5199982372256245,0.0013698735106680332,0.47863188926370726,25,30,20
24,4799,1.0831384995157627e-26,0.5179991053023096,0.0020508349771479143,0.4799500597205423,25,30,20
24,4800,5.508818232919524e-28,0.5199745088591521,2.576891470948871e-05,0.4799997222261384,25,30,20
24,4801,5.969688889479858e-25,0.5199375968703904,6.351866924710138e-05,0.47999888446036243,25,30,20
24,4802,5.573229361779305e-28,0.5199364910093053,7.780347325507716e-05,0.4799857055174396,25,30,20
24,4803,5.543869345800317e-28,0.5199981952808183,0.0007163570150393034,0.4792854477041422,25,30,20
24,4804,5.96962680045501e-25,0.5199611164317299,5.231796421095762e-05,0.479986565604059,25,30,20
24,4805,6.070620049968865e-25,0.519998418532048,3.95893271001124e-05,0.4799619921408519,25,30,20
24,4806,3.453660920697885e-30,0.5179986533283936,0.002002253537769849,0.4799990931338364,25,30,20
24,4807,6.67517342681164e-30,0.5199997405628113,1.1549368038172762e-06,0.4799991045003849,25,30,20
24,4808,1.9019334339611495e-28,0.5199986495942422,0.0007158793910536854,0.4792854710147041,25,30,20
24,4809,1.9646673130208466e-28,0.5199978050552242,0.0007167396085382145,0.47928545533623756,25,30,20
24,4810,1.0647176440983127e-26,0.5179982180903546,0.002752128440525454,0.4792496534691197,25,30,20
24,4811,1.0663384227637633e-26,0.5199623743985727,0.0015028979408820459,0.478534727660545,25,30,20
24,4812,6.175354296153508e-25,0.5199602046319569,0.0007543363570172475,0.47928545901102576,25,30,20
24,4813,3.4006458119040646e-23,0.4779734183607099,0.04204085645502371,0.4799857251842663,25,30,20
24,4814,3.400628373070476e-23,0.4799861453328665,0.04005211259878973,0.4799617420683437,25,30,20
24,4815,6.801292512475957e-23,0.4779863535436958,0.04205185534275789,0.47996179111354614,25,30,20
24,4816,3.40066480107805e-23,0.5179869900014008,0.0020628970756527915,0.4799501129229462,25,30,20
24,4817,3.340050081656404e-23,0.5172604122569052,0.002740267316140573,0.47999932042695415,25,30,20
24,4818,1.8391594047545897e-28,0.5199990854209178,2.0334451547065877e-06,0.47999888113392736,25,30,20
24,4819,3.7065659802840217e-28,0.5199371497123049,7.607228750012223e-05,0.47998677800019496,25,30,20
24,4820,1.9024588037853844e-28,0.5199130003729008,0.0008136366454346263,0.47927336298166445,25,30,20
24,4821,1.0469980571559308e-26,0.5199257403033827,0.000826155445280799,0.4792481042513363,25,30,20
24,4822,3.6720508785573455e-28,0.5199494533625628,5.1445865354592805e-05,0.47999910077208247,25,30,20
24,4823,5.542192917185453e-28,0.5199501010588247,5.0589946095430236e-05,0.47999930899507964,25,30,20
24,4824,5.509997939480516e-28,0.5192847848482788,0.0007152544716345105,0.47999996068008655,25,30,20
24,4825,3.673241215090319e-28,0.5192487436633243,0.0007521519693180156,0.4799991043673576,25,30,20
24,4826,1.0656832216011529e-26,0.5199252349267747,7.59104539728096e-05,0.4799988546192523,25,30,20
24,4827,7.3210798713033655e-28,0.47997457333456445,0.040063472606337414,0.47996195405909803,25,30,20
24,4828,5.9734602819628765e-25,0.47855847189358736,0.04144264383396738,0.4799988842724453,25,30,20
24,4829,3.45720717388998e-23,0.4799978273393781,0.04004046855143729,0.47996170410918454,25,30,20
24,4830,1.7943143302341355e-16,0.4995982072708762,0.020403343633882347,0.4799984490952412,25,30,20
24,4831,6.072651208982075e-25,0.5186316545164487,0.00208418612067857,0.4792841593628728,25,30,20
24,4832,5.968015380541395e-25,0.5199993124449324,0.0007281880040281706,0.4792724995510394,25,30,20
24,4833,1.8696602188143251e-28,0.5199984451155641,3.914207397544327e-05,0.47996241281046026,25,30,20
24,4834,1.9041244393936005e-28,0.5179984378680734,0.002014352541961423,0.47998720958996494,25,30,20
24,4835,1.9351715557237337e-28,0.5179871878359955,0.0020258147719275695,0.47998699739207673,25,30,20
24,4836,1.839685016692175e-28,0.5179623904130956,0.0020389181664154095,0.47999869142048895,25,30,20
24,4837,3.671927027907044e-30,0.5179855086767344,0.0020164703242134797,0.47999802099905203,25,30,20
24,4838,3.394130355715781e-30,0.5199863691015112,1.496187769890742e-05,0.4799986690207897,25,30,20
24,4839,3.339750683267158e-30,0.5199995139399616,1.1807830460640546e-06,0.4799993052769921,25,30,20
24,4840,1.0479525991830141e-26,0.519272924610753,0.0007534305374638923,0.4799736448517829,25,30,20
24,4841,1.7268979640985476e-31,0.5199990972563174,5.0998323601764595e-05,0.4799499044200807,25,30,20
24,4842,5.967917078052641e-25,0.5199865657940204,2.6652218244623896e-05,0.4799867819877349,25,30,20
24,4843,5.966080280276712e-25,0.519999323882706,1.4995882002824735e-05,0.479985680235291,25,30,20
24,4844,1.9055250639246912e-21,0.5199993085237938,0.040002230754457094,0.4399984607217489,25,30,20
24,4845,1.9061322904215e-21,0.5199872178145628,0.042014972797571735,0.43799780938786526,25,30,20
24,4846,1.0854698750255892e-19,0.5199982220137627,0.0400279474632893,0.4399738305229479,25,30,20
24,4847,6.072587977228759e-25,0.5192716358770479,0.04077889899367649,0.43994946512927563,25,30,20
24,4848,6.0671120378324985e-25,0.5199984300854242,0.04004045998183239,0.4399611099327433,25,30,20
24,4849,1.0840570440709352e-26,0.5192852465447174,0.04072903989516639,0.439985713560116,25,30,20
24,4850,1.2038662536453013e-24,0.5179984490891258,0.04203935441953727,0.43996219649133655,25,30,20
24,4851,1.0837120076894022e-26,0.5199863429686464,0.04005055876412034,0.43996309826723307,25,30,20
24,4852,3.400611338480036e-23,0.5199854861978915,0.040740706815298955,0.4392738069868095,25,30,20
24,4853,3.960690750010336e-06,0.5199985006193973,0.02713058986063659,0.452866948829216,25,30,20
24,4854,3.960690750010336e-06,0.5199993752064465,0.027141817558074564,0.4528548465447288,25,30,20
24,4855,1.0653889314576468e-26,0.5199999263822808,1.3720209544126956e-05,0.4799863534081749,25,30,20
24,4856,2.135011668079109e-26,0.4899742579584601,0.03005106031565714,0.47997468172588253,25,30,20
24,4857,4.947054298627691e-29,0.4899993050420585,0.030038699753104317,0.47996199520483707,25,30,20
24,4858,1.972024690733597e-21,0.49998584443593946,0.020103344718066695,0.47991081084599374,25,30,20
24,4859,1.972621295585547e-21,0.4999869126642132,0.020740614031631976,0.4792724733041547,25,30,20
24,4860,2.9830695487433096e-25,0.4999502770645169,0.020050856958119142,0.47999886597736396,25,30,20
24,4861,1.870185247208436e-28,0.5199738259437212,2.6205471326720173e-05,0.47999996858495186,25,30,20
24,4862,6.072487416744939e-25,0.5199723184136942,2.9235961879879685e-05,0.4799984456244257,25,30,20
24,4863,6.067318516972355e-25,0.5179714949422444,0.0020300563578953446,0.47999844869986014,25,30,20
24,4864,9.946765481197258e-27,0.5179464593928454,0.0020542203257557018,0.4799993202813986,25,30,20
24,4865,6.068847760966262e-25,0.5199354062888746,7.866816288573657e-05,0.4799859255482396,25,30,20
24,4866,1.0650664859482777e-26,0.5199976040128272,5.379881362933457e-05,0.4799485971735432,25,30,20
24,4867,1.065699761407543e-26,0.5199598172396025,0.0008056510937327263,0.47923453166666463,25,30,20
24,4868,1.0476655344329943e-26,0.5199729659644472,0.0008285467601099344,0.47919848727544284,25,30,20
24,4869,1.0476707009906389e-26,0.5199863565349276,0.0007773997650841267,0.47923624369998813,25,30,20
24,4870,5.8633800873254155e-25,0.5199863416552892,0.0007411584465618621,0.47927249989814874,25,30,20
24,4871,5.969755521633623e-25,0.5199863350493872,2.794455363542038e-05,0.4799857203969772,25,30,20
24,4872,3.5667308977416494e-30,0.5199993011563036,0.00136838480585921,0.478632314037837,25,30,20
24,4873,3.6726073484260613e-28,0.5199995094310191,3.7646505417734355e-05,0.4799628440635629,25,30,20
24,4874,7.504512640469761e-28,0.5199869594174932,5.109037678560957e-05,0.479961950205721,25,30,20
24,4875,1.4952193160891812e-25,0.4899867527713894,0.030050185971327355,0.4799630612572831,25,30,20
24,4876,2.094962318477315e-26,0.48066392131568714,0.03938667090419762,0.479949407780115,25,30,20
24,4877,5.975697700719498e-18,0.4806162031624005,0.03938428989178183,0.4799995069458176,25,30,20
24,4878,3.400666063943166e-23,0.4806889606416182,0.03934820972651762,0.47996282963186404,25,30,20
24,4879,1.1429157447960446e-19,0.4799999455893622,0.04000205237969892,0.4799980020309387,25,30,20
24,4880,1.1432560097477048e-19,0.4799861298515416,0.04001610650253589,0.47999776364592256,25,30,20
24,4881,1.1432560115184462e-19,0.47997380694619224,0.04002754311577275,0.47999864993803504,25,30,20
24,4882,1.1048640516738783e-19,0.4799869977921358,0.040026674594633944,0.47998632761323023,25,30,20
24,4883,6.616618856991127e-30,0.5199997375826588,1.3703522139114838e-05,0.4799865588952018,25,30,20
24,4884,1.0647345019334023e-26,0.5199626388561969,5.013575284631814e-05,0.47998722539095673,25,30,20
24,4885,6.624517314867833e-30,0.5199984562758015,0.0007283954787236266,0.4792731482454747,25,30,20
24,4886,6.787198479638223e-30,0.5199986763799277,1.4329041174715514e-05,0.47998699457889754,25,30,20
24,4887,4.6019869499939735e-31,0.5199979900098717,1.5417077474102324e-05,0.47998659291265416,25,30,20
24,4888,9.838220783495023e-30,0.5199984561604795,2.246467982950748e-06,0.4799992973715375,25,30,20
24,4889,1.0463830795391961e-26,0.5192852311229081,0.0007523827814997137,0.47996238609559205,25,30,20
24,4890,5.962446215459936e-25,0.5199966869125402,0.0007664066141604855,0.4792369064732992,25,30,20
24,4891,1.0466987135966777e-26,0.5199981951610112,0.002039392091121143,0.4779624127478675,25,30,20
24,4892,2.094311194544671e-26,0.5192862961087337,0.0007394567435817344,0.4799742471476845,25,30,20
24,4893,1.0666602835359406e-26,0.5199984223725159,1.5656587894580948e-05,0.4799859210395894,25,30,20
24,4894,3.801437942844971e-28,0.5199990583678704,5.085132719896469e-05,0.4799500903049305,25,30,20
24,4895,1.902498979797991e-28,0.5199986265329283,4.004410733097848e-05,0.4799613293597406,25,30,20
24,4896,1.1926661848249678e-24,0.5199483806719861,0.00012568673078186993,0.47992593259723193,25,30,20
24,4897,3.738166936629006e-28,0.5199990811744387,5.1699919157330246e-05,0.4799492189064038,25,30,20
24,4898,3.7053768591295153e-28,0.5179999644142137,0.002076064537846763,0.4799239710479394,25,30,20
24,4899,1.870215475650133e-28,0.51927187448282,0.0007793232964845143,0.4799488022206953,25,30,20
24,4900,1.0841310534394647e-26,0.48996023117407,0.030078886671496056,0.4799608821544339,25,30,20
24,4901,1.9049394700808978e-21,0.48065074250805234,0.03938706085063946,0.4799621966413081,25,30,20
24,4902,1.904928823093788e-21,0.4806393173537995,0.03936092255116169,0.4799997600950388,25,30,20
24,4903,1.0667771151871572e-19,0.47999803208805786,0.039990343399778736,0.4800116245121633,25,30,20
24,4904,6.175351462259557e-25,0.47998764893484436,0.04002512979096113,0.47998722127419424,25,30,20
24,4905,1.0847179056307898e-26,0.4799871984661278,6.444689991393429e-05,0.5199483546339579,25,30,20
24,4906,5.865280846909582e-25,0.47998675559344195,0.0007657696327948235,0.5192474747737631,25,30,20
24,4907,5.607783440713176e-28,0.47999951007156594,3.876780338573547e-05,0.5199617221250482,25,30,20
24,4908,3.801486312492103e-28,0.4799865618719915,5.191525570462108e-05,0.5199615228723037,25,30,20
24,4909,3.286176250114403e-30,0.47798721031106445,0.0020881336683142336,0.5199246560206211,25,30,20
24,4910,1.9018753593793723e-28,0.479274227264664,0.0007635689269435104,0.5199622038083923,25,30,20
24,4911,3.705347130310959e-28,0.4799626167037669,7.433408604675251e-05,0.5199630492101863,25,30,20
24,4912,1.1813585334695405e-31,0.4799986614308226,3.8270143320373254e-05,0.519963068425857,25,30,20
24,4913,5.3333911874074175e-27,0.45961757741977977,0.02039562928649487,0.5199867932937253,25,30,20
24,4914,5.513681013774908e-27,0.45965426558147876,0.020358516886731754,0.5199872175317894,25,30,20
24,4915,1.937783402853476e-21,0.4799874143184566,2.6015834914741524e-05,0.5199865698466286,25,30,20
24,4916,1.872085225980602e-21,0.4799863763993856,0.00139444781972039,0.5186191757808939,25,30,20
24,4917,1.9043910209597837e-21,0.4406539253785801,0.04071523550216197,0.5186308391192577,25,30,20
24,4918,1.9377624852849134e-21,0.43997407295709956,0.040025996283387204,0.519999930759513,25,30,20
24,4919,1.938400597945023e-21,0.43799928973213176,0.04200185625150311,0.519998854016365,25,30,20
24,4920,1.2137972891761886e-24,0.4386520412780819,0.04136356389410199,0.5199843948278159,25,30,20
24,4921,1.973474873914622e-21,0.40999841938844767,0.07071830400435576,0.5192832766071966,25,30,20
24,4922,6.406208686540902e-18,0.43797425081037217,0.04277999805278123,0.5192457511368466,25,30,20
24,4923,1.938306577457356e-21,0.4379747320876334,0.04402874799270908,0.5179965199196576,25,30,20
24,4924,3.4017130333253714e-23,0.4372494113603799,0.04276553428269752,0.5199850543569223,25,30,20
24,4925,1.1048702249922757e-19,0.4399856797910956,0.04005320756178234,0.5199611126471219,25,30,20
24,4926,1.104870223157202e-19,0.4372722617760709,0.0427286605820506,0.5199990776418784,25,30,20
24,4927,1.1048702213208993e-19,0.4379492533482852,0.042124821047520786,0.5199259256041939,25,30,20
24,4928,9.13479637027514e-29,0.4578230428518206,0.022251036047390163,0.5199259211007891,25,30,20
24,4929,3.4006299666591323e-23,0.4399626282220057,0.0400745426070448,0.5199628291709495,25,30,20
24,4930,1.0048191711494544e-14,0.43928640993450313,0.042077226563181844,0.5186363635023048,25,30,20
24,4931,1.0048191678094222e-14,0.43999919541385013,0.039995899944448465,0.5200049046416914,25,30,20
24,4932,3.400648329284053e-23,0.43996306038910715,0.040050165345051375,0.5199867742658413,25,30,20
24,4933,3.7703519712079244e-28,0.4399995098383047,2.6899297642067037e-05,0.5599735908640531,25,30,20
24,4934,1.8713466136045314e-28,0.43799951741677445,0.004013731294907763,0.5579867512883178,25,30,20
24,4935,9.949459198155286e-30,0.4399986427420264,0.002053408279006813,0.5579479489789667,25,30,20
24,4936,3.399195999180574e-30,0.4399977750286422,2.7978092027190968e-05,0.5599742468793305,25,30,20
24,4937,1.3117245149345917e-29,0.4399997488222661,1.4974588871753036e-05,0.5599852765888619,25,30,20
24,4938,1.8708091847122294e-28,0.4399999721199089,5.100721225937834e-05,0.5599490206678316,25,30,20
24,4939,8.502170947264844e-24,0.4399999158136522,0.03013694494506931,0.5298631392412783,25,30,20
24,4940,8.501990539517816e-24,0.4399992945747471,0.030100658177027194,0.5299000472482256,25,30,20
24,4941,6.295788505242895e-18,0.4399984194617552,0.04081407924402846,0.5191875012942164,25,30,20
24,4942,1.778435920736536e-16,0.4400042529872234,0.04007088456044278,0.5199248624523336,25,30,20
24,4943,1.7784359206282297e-16,0.4400045182956033,0.04003309006470898,0.5199623916396875,25,30,20
24,4944,1.7784359207328336e-16,0.4399926728795961,0.0420945820353722,0.5179127450850315,25,30,20
24,4945,1.778435920732768e-16,0.43800518128450805,0.04206866036117454,0.5199261583543172,25,30,20
24,4946,1.0837129967898926e-26,0.4399859295487665,0.04005208955274184,0.5199619808984917,25,30,20
24,4947,6.076093262755866e-25,0.4798985298527518,0.00014012551060614203,0.519961344636642,25,30,20
24,4948,5.969660077044552e-25,0.4799606805981794,0.0007527956241079037,0.5192865237777126,25,30,20
24,4949,1.0653833892343848e-26,0.47997386715363893,8.876758890813286e-05,0.5199373652574528,25,30,20
24,4950,1.0473370478216588e-26,0.47997407223731803,7.626997914850506e-05,0.5199496577835333,25,30,20
24,4951,1.0833958786659551e-26,0.4799872212155969,0.0007640191848506587,0.5192487595995523,25,30,20
24,4952,1.869708368386857e-28,0.47923627368209126,0.0015155958588686418,0.51924813045904,25,30,20
24,4953,3.7381076003910106e-28,0.4799852885705053,5.233742245653678e-05,0.519962374007038,25,30,20
24,4954,1.6279209806152267e-29,0.4799856940855037,5.192758653978035e-05,0.5199623783279566,25,30,20
24,4955,1.0473199971624817e-26,0.47991211365811864,8.879346483704494e-05,0.5199990928770442,25,30,20
24,4956,3.803162179238116e-28,0.47992355794748875,8.944095743248849e-05,0.5199870010950787,25,30,20
24,4957,3.740396989035627e-28,0.47998594122304206,5.360837347730451e-05,0.5199604504034806,25,30,20
24,4958,1.1020637834133376e-26,0.47799825617868225,0.0020270388443607793,0.5199747049769567,25,30,20
24,4959,1.0653661345212825e-26,0.4799988585332207,2.7742918993150773e-05,0.5199733985477861,25,30,20
24,4960,1.0463706093840675e-26,0.47999888173084854,3.958798622625723e-05,0.5199615302829254,25,30,20
24,4961,6.565146358380419e-30,0.4799997300005178,0.0020132570575617185,0.5179870129419204,25,30,20
24,4962,1.8368993834017492e-28,0.47998635033983095,2.7076336852249598e-05,0.5199865733233167,25,30,20
24,4963,6.070654641198859e-25,0.47998613354800973,7.608424055907906e-05,0.5199377822114312,25,30,20
24,4964,6.070720151886581e-25,0.4799500853768847,0.00011278403004926021,0.519937130593066,25,30,20
24,4965,5.964216956705246e-25,0.47999909340719865,7.586743770121068e-05,0.5199250391551,25,30,20
24,4966,3.286125433076374e-30,0.4799995322297123,1.170471924280457e-06,0.5199992972983634,25,30,20
24,4967,1.0473142424626198e-26,0.4799617719012146,0.000112737861123805,0.5199254902376614,25,30,20
24,4968,1.0650328727441257e-26,0.4799624383411781,0.0007525379629754013,0.5192850236958464,25,30,20
24,4969,1.101757815486745e-26,0.4799993390354178,0.0007149824660124987,0.5192856784985695,25,30,20
24,4970,3.40059394308567e-23,0.47997297795389265,7.777370332219857e-05,0.5199492483427851,25,30,20
24,4971,3.3995108876012795e-23,0.4799857250573117,0.00010150216926152398,0.5199127727734267,25,30,20
24,4972,3.7404076365298048e-28,0.47999910437671417,1.431181001111838e-05,0.5199865838132747,25,30,20
24,4973,1.932998259225722e-28,0.4786198132990396,0.0013817160631407945,0.5199984706378196,25,30,20
24,4974,1.9340593452940715e-28,0.47999908224019777,0.0007154474018309182,0.5192854703579712,25,30,20
24,4975,3.9775011378497355e-31,0.479998021049491,5.166189455740604e-05,0.5199503170559515,25,30,20
24,4976,6.558274543172887e-30,0.4799986309365204,3.3222867168072017e-06,0.5199980467767628,25,30,20
24,4977,3.340988487602213e-23,0.4799997336042044,0.0007396159964854018,0.51926065039931,25,30,20
24,4978,5.966017526411106e-25,0.47999864994223435,2.6708003137534994e-06,0.5199986792574517,25,30,20
24,4979,6.07264957330388e-25,0.4799852805262622,6.463054921932293e-05,0.5199500889245183,25,30,20
24,4980,2.0946614020377387e-26,0.47863037812456694,0.0014316317192783609,0.5199379901561546,25,30,20
24,4981,1.066038580367191e-26,0.47599845274352764,0.0040275275989611085,0.5199740196575111,25,30,20
24,4982,1.0843786814898667e-26,0.4779997368345469,0.0027521618978866595,0.5192481012675665,25,30,20
24,4983,1.0473263109916726e-26,0.4772973277261539,0.0027035824630794857,0.5199990898107665,25,30,20
24,4984,6.072461823267198e-25,0.4772964942698615,0.0047288423125458915,0.5179746634175924,25,30,20
24,4985,5.966081427836608e-25,0.47798590381309397,0.00201439384459277,0.5199997023423131,25,30,20
24,4986,5.9661486172072595e-25,0.479997789703286,2.496653142435059e-06,0.5199997136435716,25,30,20
24,4987,5.966086456877808e-25,0.47996046161516603,3.981219781564558e-05,0.5199997261870182,25,30,20
24,4988,4.592249575554049e-31,0.47999864946805604,1.3969816985190265e-06,0.5199999535502452,25,30,20
24,4989,3.6203085545828876e-30,0.47999951693964815,1.4125134344009637e-05,0.5199863579260076,25,30,20
24,4990,3.3985379375932866e-23,0.479962620639881,8.771317416068e-05,0.5199496661859582,25,30,20
24,4991,3.772572317095386e-28,0.47998572478091217,4.1528882211354757e-05,0.5199727463368764,25,30,20
24,4992,1.9012884717899945e-28,0.47998636530886235,7.776904563876094e-05,0.5199358656454987,25,30,20
24,4993,3.8014160296903017e-28,0.4799984452486935,1.7360219796288297e-05,0.5199841945315101,25,30,20
24,4994,1.9957778804797e-28,0.47796152301033723,0.0020406719987088448,0.5199978049909538,25,30,20
24,4995,1.0840679457588972e-26,0.4799485932220528,6.590178199502234e-05,0.519985504995952,25,30,20
24,4996,1.0473483545701163e-26,0.47995009357100166,5.187482779828732e-05,0.5199980316012,25,30,20
24,4997,1.0474898010551285e-26,0.4799501126457454,0.02039539896379645,0.4996544883904581,25,30,20
24,4998,5.966113587322963e-25,0.47992488691307406,8.747165757841154e-05,0.5199876414293474,25,30,20
24,4999,2.1297601379142795e-26,0.47994794539593394,0.00010171879394312758,0.5199503358101228,25,30,20
24,5000,1.9052154488158555e-28,0.4799854785571109,5.1658445762794704e-05,0.5199628629971262,25,30,20
