run,generation,degenerate,holistic,other,compositional,popsize,turnover_rounds,group_rounds
33,0,0.9987713554999793,1.4267839920713722e-08,0.0012266915175253483,1.938714656782331e-06,25,20,20
33,1,0.6737466475280911,0.0008598824207136627,0.32519331438405713,0.00020015566714488717,25,20,20
33,2,0.5179345378702086,0.025655720933217628,0.45627715957842896,0.00013258161814476237,25,20,20
33,3,0.41723569030580593,0.04811781065531875,0.5344229507251101,0.00022354831377009073,25,20,20
33,4,0.3697042065158675,0.02702272259386375,0.5630884258167521,0.040184645073523234,25,20,20
33,5,0.2525270053870018,0.019141310686845787,0.6882107895592715,0.040120894366878955,25,20,20
33,6,0.2417113215255222,0.056895272047597735,0.661265527956861,0.040127878470017316,25,20,20
33,7,0.23238690596014253,0.12086129399969167,0.6112224702105175,0.035529329829647946,25,20,20
33,8,0.17200858968531896,0.1371060977625244,0.6109559809638355,0.07992933158832102,25,20,20
33,9,0.17200748823161774,0.14943147307485607,0.6385636664261721,0.03999737226735281,25,20,20
33,10,0.17097869690504897,0.15530800756358976,0.6735786004791268,0.00013469505223376606,25,20,20
33,11,0.17110071502822408,0.15696315104749006,0.6718014388849503,0.000134695039335498,25,20,20
33,12,0.17061385368839305,0.08069424081456424,0.7485569971064601,0.00013490839058273262,25,20,20
33,13,0.17110206215866908,0.11958655345601593,0.7091697933587074,0.0001415910266078878,25,20,20
33,14,0.17110206215920457,0.1211950297743591,0.7075613170398317,0.0001415910266047324,25,20,20
33,15,0.13476421277837752,0.24577921754061854,0.6193498482550727,0.00010672142593068651,25,20,20
33,16,0.12027932994584825,0.2457960914500103,0.6338170029482236,0.00010757565591810934,25,20,20
33,17,0.12027924435555432,0.28580477992435455,0.5938084000639696,0.00010757565612191152,25,20,20
33,18,0.12035475769442439,0.2869356266004467,0.5926015180138071,0.00010809769132248669,25,20,20
33,19,0.12042419782813261,0.28693575804899607,0.5925319439991447,0.00010810012372691295,25,20,20
33,20,0.12042389864819376,0.28694522503582304,0.5925227761921877,0.00010810012379606113,25,20,20
33,21,0.12042389864820914,0.3257823509882013,0.5536856502342378,0.0001081001293522244,25,20,20
33,22,0.12042389864819399,0.35053256751315437,0.5289354337149351,0.00010810012371677727,25,20,20
33,23,0.12043573656674697,0.36582431231866896,0.5136318509763784,0.00010810013820538644,25,20,20
33,24,0.12043599671375971,0.3658246678336357,0.5136312353142392,0.00010810013836595994,25,20,20
33,25,0.12469353085781229,0.36695400670535483,0.5082510428669972,0.00010141956983615741,25,20,20
33,26,0.12469452773654682,0.3658311923643412,0.5079190945145631,0.0015551853845493827,25,20,20
33,27,0.12469452773654709,0.36583023934743125,0.507920047531471,0.0015551853845510947,25,20,20
33,28,0.12469452773657119,0.406895836558855,0.466854450311416,0.0015551853931581319,25,20,20
33,29,0.12469452773743903,0.4068641405223963,0.46688614634145076,0.0015551853987142172,25,20,20
33,30,0.1246945277374534,0.4051231023560555,0.4686271845077771,0.0015551853987141426,25,20,20
33,31,0.12469452773658583,0.4051544147531148,0.46859587211713977,0.0015551853931597096,25,20,20
33,32,0.12468290571727239,0.4051541456431624,0.4686077391133548,0.0015552095262104729,25,20,20
33,33,0.12460692057103051,0.4051541456035327,0.46868372429896005,0.001555209526476601,25,20,20
33,34,0.1246069205710159,0.4068955701937078,0.46694229970879936,0.0015552095264766755,25,20,20
33,35,0.12460692057032449,0.42393634035616373,0.4499015297153388,0.001555209358172859,25,20,20
33,36,0.12460692055030295,0.42393634035616357,0.4499962975729869,0.0014604415205457502,25,20,20
33,37,0.14781097447406763,0.42395619627176456,0.4267743051444077,0.0014585241097594395,25,20,20
33,38,0.14781097447407116,0.4639045869810801,0.38682591442953423,0.0014585241153138567,25,20,20
33,39,0.14781097447407124,0.4638821534709058,0.38684834793961115,0.0014585241154113566,25,20,20
33,40,0.14781097447355504,0.47930157519141153,0.3714289262195256,0.0014585241155074128,25,20,20
33,41,0.1477438615557438,0.4793015748169136,0.3714949978220603,0.001459565805280926,25,20,20
33,42,0.14774392637156217,0.47822783644484795,0.3725686422977273,0.001459594885861745,25,20,20
33,43,0.16302086684543904,0.47823495825248685,0.35728543507321475,0.0014587398288587053,25,20,20
33,44,0.15878031215723368,0.4782349587540394,0.3615259889041016,0.0014587401846245637,25,20,20
33,45,0.1547768598229495,0.478234958752447,0.36552944125479464,0.0014587401698080656,25,20,20
33,46,0.15557024037347925,0.4782361766227683,0.3661840492528372,9.533750914278796e-06,25,20,20
33,47,0.1555702403734807,0.4524130371180328,0.3920071887556022,9.533752883284343e-06,25,20,20
33,48,0.149524589708779,0.4524130371180057,0.39805283940772535,9.533765489299271e-06,25,20,20
33,49,0.1501960512930615,0.45242830637684606,0.39736480895646975,1.0833373622136785e-05,25,20,20
33,50,0.15019372490400157,0.4524283063174623,0.3973669931982197,1.0975580315467434e-05,25,20,20
33,51,0.15019377882781287,0.45242834313744146,0.3973587206004302,1.9157434314953843e-05,25,20,20
33,52,0.14823038444749412,0.45242836281529997,0.39932209365597215,1.9159081233302576e-05,25,20,20
33,53,0.14823048289189428,0.4626302234799077,0.389120134355764,1.9159272433654748e-05,25,20,20
33,54,0.1482304828935731,0.46141456791766094,0.390335789916501,1.9159272264660874e-05,25,20,20
33,55,0.11987438548840211,0.4614168117865484,0.4186896335317784,1.916919327024722e-05,25,20,20
33,56,0.12244366710293521,0.4614185367089223,0.4158821746179806,0.0002556215701612972,25,20,20
33,57,0.12236846421268653,0.46141876278045524,0.4158670546793246,0.00034571832753279257,25,20,20
33,58,0.12236846421268621,0.4631372299098807,0.4141485875498997,0.00034571832753286613,25,20,20
33,59,0.12236846421354451,0.4626685298900051,0.4146172872556766,0.000345718640773161,25,20,20
33,60,0.12236815376667129,0.4626880237122137,0.41468872267275614,0.00025509984835829437,25,20,20
33,61,0.12236815376667137,0.46265652995912376,0.41472021642574847,0.00025509984845577195,25,20,20
33,62,0.11684808966432655,0.4626542861056311,0.42024253431415315,0.0002550899158883936,25,20,20
33,63,0.11684922985167477,0.4626543934674697,0.42021328460491375,0.00028309207594005777,25,20,20
33,64,0.11684922985198262,0.4368304478032933,0.4460372301564531,0.0002830921882690589,25,20,20
33,65,0.1168492298519978,0.43683006367328053,0.44603761428645056,0.00028309218826905804,25,20,20
33,66,0.11684922985197849,0.4368306421913729,0.44603703576847514,0.00028309218817156024,25,20,20
33,67,0.11684922985251163,0.4213930865065451,0.4614745912581486,0.0002830923827915657,25,20,20
33,68,0.1168492298525117,0.4213918453031989,0.4614758324614931,0.0002830923827933072,25,20,20
33,69,0.11683574565039095,0.42137980913165296,0.46150135376760404,0.0002830914503488833,25,20,20
33,70,0.11616433136443678,0.42136425117973686,0.4620940062092456,0.00037741124657711275,25,20,20
33,71,0.11616433134969599,0.42137121706703196,0.4620870403368027,0.0003774112464657317,25,20,20
33,72,0.11617278456886637,0.43368977157013006,0.4497590833466625,0.00037836051433771814,25,20,20
33,73,0.11617305645102377,0.43368258289278644,0.4497660001042368,0.000378360551949748,25,20,20
33,74,0.11359208396030049,0.4336809882512524,0.4505595441880571,0.0021673836003862283,25,20,20
33,75,0.11359201914448881,0.4336810741289139,0.4505595522153944,0.0021673545111984705,25,20,20
33,76,0.11368203016398479,0.43366548128124177,0.4504851339872121,0.0021673545675565853,25,20,20
33,77,0.11368203016398505,0.43366452825592994,0.4504860870124262,0.0021673545676541375,25,20,20
33,78,0.11368177002305577,0.433664172749243,0.4504867026214191,0.0021673546062771164,25,20,20
33,79,0.11263890543603905,0.4336642124299512,0.4515242255181462,0.0021726566158592163,25,20,20
33,80,0.11263888793579889,0.43366417560995296,0.45152078935338913,0.0021761471008551973,25,20,20
33,81,0.11264803638363168,0.4336640448121494,0.4534414846863437,0.0002464341178711412,25,20,20
33,82,0.1126480363850356,0.4336647425418187,0.453440786946121,0.00024643412702058683,25,20,20
33,83,0.11266219641540788,0.433665082484178,0.4534295756625888,0.00024314543782128897,25,20,20
33,84,0.11266219641540806,0.43366454824316697,0.4534301098981397,0.00024314544328119653,25,20,20
33,85,0.11266219847115122,0.4199976448814579,0.4670970113123974,0.000243145334989096,25,20,20
33,86,0.11267683495487142,0.41999730504606025,0.46708223498598506,0.00024362501307893347,25,20,20
33,87,0.127933019984391,0.4199930866708648,0.4518282861716102,0.0002456071731296033,25,20,20
33,88,0.1279184538102441,0.4199930866708157,0.45184243463926527,0.0002460248796706524,25,20,20
33,89,0.12791845381111192,0.4199713286058373,0.45186419270328027,0.0002460248797664098,25,20,20
33,90,0.127918453811112,0.4199402478208787,0.45189527348824066,0.0002460248797647578,25,20,20
33,91,0.12788939410175543,0.41994024773670846,0.4165572783552687,0.035613079806263055,25,20,20
33,92,0.12788939410175543,0.4199398375214159,0.41655768857056125,0.03561307980626312,25,20,20
33,93,0.12788094088291918,0.4230201670964436,0.41348676167130877,0.03561213034932453,25,20,20
33,94,0.10380626452511577,0.4230205233468139,0.43756638542587545,0.035606826702191244,25,20,20
33,95,0.10380626452512003,0.3942608481190455,0.4663260605645756,0.03560682679125464,25,20,20
33,96,0.14220175250361528,0.3942607410235268,0.4279598665355524,0.035577639937301446,25,20,20
33,97,0.1422017525019327,0.3955078572404315,0.42671275032571565,0.03557763993191605,25,20,20
33,98,0.1810577620081516,0.3955065505150639,0.38786430204523653,0.03557138543154469,25,20,20
33,99,0.181057828780983,0.39499774504525265,0.38837301183792255,0.03557141433583881,25,20,20
33,100,0.1666817917714848,0.39499775089562766,0.4027010843759032,0.035619372956981796,25,20,20
33,101,0.16669163394228345,0.3949905986335719,0.4026972884970752,0.03562047892706687,25,20,20
33,102,0.16669163394142544,0.39545832088282995,0.40222956656191367,0.03562047861382831,25,20,20
33,103,0.15456141914106092,0.39545801386835955,0.4136830315776641,0.03629753541291268,25,20,20
33,104,0.15456141915389685,0.36585307499124425,0.443287970447476,0.03629753540738058,25,20,20
33,105,0.15456141915389685,0.3658314931650049,0.4433095522736196,0.036297535407476336,25,20,20
33,106,0.1545734136658687,0.36583150320017466,0.4433108748733302,0.03628420826062377,25,20,20
33,107,0.1545734136660674,0.36522842628463903,0.4439139514768419,0.03628420857244921,25,20,20
33,108,0.12818489889268242,0.3652287998731019,0.47030200193864,0.03628429929557121,25,20,20
33,109,0.1281848988918145,0.36525085273943325,0.4702799490732739,0.03628429929547377,25,20,20
33,110,0.12818492026122055,0.35488541956362446,0.4806453608737878,0.0362842993013619,25,20,20
33,111,0.13374434546737946,0.35488545988526,0.4750858918941255,0.036284302753230115,25,20,20
33,112,0.13374447523173713,0.343652284067363,0.4863183839278099,0.0362848567730856,25,20,20
33,113,0.1357011642624585,0.34365226438958907,0.4843617162217726,0.03628485512617676,25,20,20
33,114,0.13569137818766788,0.3437476365910765,0.4842772360251573,0.03628374919609527,25,20,20
33,115,0.12036117738870532,0.34374766741636376,0.49960926006580364,0.03628189512912559,25,20,20
33,116,0.12036119468007782,0.34374142625667553,0.4996154836351566,0.03628189542808904,25,20,20
33,117,0.1149157906572174,0.343741386768411,0.505047897135361,0.03629492543901028,25,20,20
33,118,0.15288183966044325,0.34374129820435273,0.4677589935352983,0.03561786859990447,25,20,20
33,119,0.1528818396604433,0.343709970628119,0.4677903211114364,0.03561786860000024,25,20,20
33,120,0.15294758748936968,0.343715646805645,0.46771888846538856,0.03561787723959562,25,20,20
33,121,0.1528818009868378,0.3437095560331147,0.4677895677446008,0.03561907523544562,25,20,20
33,122,0.15288180098597026,0.34371769631547694,0.46778142746856355,0.03561907522998798,25,20,20
33,123,0.18900159845996267,0.34360886980144706,0.43177045655088747,0.035619075187700945,25,20,20
33,124,0.18900159845996276,0.34363939832510915,0.4317399280272252,0.03561907518770102,25,20,20
33,125,0.1890015984599931,0.3436702626201207,0.43170906373227746,0.03561907518760694,25,20,20
33,126,0.1890015984599969,0.343639328313986,0.43173999803840685,0.035619075187608616,25,20,20
33,127,0.18900159845999676,0.3419428534239296,0.43343647292855914,0.035619075187512755,25,20,20
33,128,0.18900159845978684,0.34214099131314596,0.4332383353514739,0.035619074875591565,25,20,20
33,129,0.18900160493208773,0.3421409912267494,0.4332383289656999,0.03561907487546135,25,20,20
33,130,0.1890017534612791,0.32178972100967784,0.45358934714484633,0.03561917838419604,25,20,20
33,131,0.18900175347364825,0.3221720708044621,0.45320699733214154,0.035619178389747375,25,20,20
33,132,0.18648799928653859,0.3221720708744597,0.45572075143704815,0.035619178401952764,25,20,20
33,133,0.18204887488091923,0.32217207078864646,0.4601588674763615,0.035620186854072,25,20,20
33,134,0.18204874766409368,0.3221720707886624,0.46025348879293104,0.0355256927543105,25,20,20
33,135,0.1820487476638295,0.32217207076411947,0.466342463151866,0.02943671842018143,25,20,20
33,136,0.18204999337759564,0.32217206087161004,0.4523091137820476,0.043468831968744806,25,20,20
33,137,0.18204999337846334,0.3221622196597182,0.4523189549875174,0.0434688319742992,25,20,20
33,138,0.16483789497575294,0.3221622312555786,0.46953098650862607,0.04346888726004062,25,20,20
33,139,0.16472599668445048,0.32216223041420256,0.46965568477355946,0.043456088127785744,25,20,20
33,140,0.16835694655022146,0.322162230414229,0.46602473490048674,0.04345608813506116,25,20,20
33,141,0.16835694655021766,0.3221930055595552,0.4659939597551658,0.043456088135059474,25,20,20
33,142,0.16835695260379283,0.3221948553752194,0.43727926310942666,0.072168928911559,25,20,20
33,143,0.16835695260379682,0.3221625038457086,0.43731161463347495,0.07216892891701743,25,20,20
33,144,0.1683569526038119,0.3238275971966991,0.4356465209659443,0.07216892923354258,25,20,20
33,145,0.16835703287011689,0.3238208624164458,0.43215836134064334,0.07566374337279166,25,20,20
33,146,0.16835703287032058,0.32212398010559645,0.4338552436568432,0.07566374336723737,25,20,20
33,147,0.1683570283253334,0.32212398021504235,0.43385524070024384,0.07566375075937751,25,20,20
33,148,0.17438884753351253,0.3222655441376318,0.4417021321915901,0.061643476137261205,25,20,20
33,149,0.17438717850053892,0.3222829158959843,0.441686663380317,0.06164324222315583,25,20,20
33,150,0.134945860100122,0.3222829633763029,0.4803873605326951,0.062383815990877035,25,20,20
33,151,0.13494586009991458,0.32401219667463255,0.4786581272345729,0.062383815990877105,25,20,20
33,152,0.13494585404863235,0.32401034241777416,0.47189607867200367,0.06914772486158688,25,20,20
33,153,0.13494585404633017,0.3240103424177704,0.46737635500851304,0.07366744852738347,25,20,20
33,154,0.15216672523085323,0.32401033082179614,0.45015555070573404,0.07366739324161448,25,20,20
33,155,0.1521669153324935,0.3240248836213872,0.4461876039538977,0.07762059709221959,25,20,20
33,156,0.1521667445757845,0.3240250942838609,0.4496256124115594,0.07418254872879303,25,20,20
33,157,0.15216655487012598,0.32401192866674733,0.45321685891325375,0.07060465754987075,25,20,20
33,158,0.15218927440831811,0.3200158892520866,0.4488078730334537,0.07898696330613858,25,20,20
33,159,0.15218927442012084,0.3182662705370653,0.45055749173135823,0.07898696331145241,25,20,20
33,160,0.1492044030009543,0.3181259509592044,0.45369452169186675,0.07897512434797174,25,20,20
33,161,0.14919334081043126,0.31812594142759343,0.4537055934141209,0.0789751243478521,25,20,20
33,162,0.149193340811775,0.27924337562082235,0.4925865656643767,0.07897671790302348,25,20,20
33,163,0.14919334081175978,0.27929674737925575,0.49253319422248515,0.07897671758649674,25,20,20
33,164,0.14917037436429292,0.2792659064235541,0.49749040994922394,0.07407330926292682,25,20,20
33,165,0.14612303702521362,0.27926464637038967,0.5005318157354692,0.07408050086892527,25,20,20
33,166,0.18556493805375293,0.27926464741796475,0.46108991024327134,0.07408050428500858,25,20,20
33,167,0.1853039797842141,0.27926464703708903,0.4613506932264945,0.0740806799522,25,20,20
33,168,0.1853039797842284,0.2775471257528138,0.46306821451066377,0.07408067995229162,25,20,20
33,169,0.18530397977239668,0.26211407946655707,0.4785012608143056,0.07408067994673964,25,20,20
33,170,0.1853079681840014,0.2610281406665537,0.4781290957561844,0.07553479539325936,25,20,20
33,171,0.1861065557978322,0.2610280928274276,0.47807112974841187,0.07479422162632711,25,20,20
33,172,0.1503984215814126,0.261029536915951,0.5137642913278136,0.07480775017482177,25,20,20
33,173,0.14212429075242,0.26102953656781663,0.5219891719822253,0.07485700069753737,25,20,20
33,174,0.1818145049820427,0.26102814954319115,0.48267595691524334,0.07448138855952197,25,20,20
33,175,0.181814506809873,0.2610281495431164,0.4946875794187901,0.06246976422821964,25,20,20
33,176,0.14256851959985625,0.26102814956084375,0.5339335202258283,0.06246981061347121,25,20,20
33,177,0.14256851959985625,0.26102814956084375,0.5339313178859717,0.062472012953327584,25,20,20
33,178,0.1382782084448395,0.26102673459708525,0.5382365725105296,0.06245848444754545,25,20,20
33,179,0.13827820912255684,0.23717740752525812,0.5620858988992936,0.06245848445289132,25,20,20
33,180,0.1259792459682176,0.2371770288121504,0.5743853291200266,0.06245839609960398,25,20,20
33,181,0.125983291106764,0.23717702881623373,0.5799240553840955,0.05691562469290508,25,20,20
33,182,0.12725158096017608,0.23717702882400019,0.5898905332618618,0.04568085695395979,25,20,20
33,183,0.12725158096018002,0.23590475089699084,0.5911627936973716,0.045680874445455565,25,20,20
33,184,0.12871667940308515,0.23622563004748237,0.5893773370393909,0.045680353510040045,25,20,20
33,185,0.13196566883358238,0.23622694437070657,0.5861270332925611,0.04568035350314856,25,20,20
33,186,0.13208330250932876,0.23622694398371613,0.5860093999330653,0.045680353573889096,25,20,20
33,187,0.13208330249749584,0.2379767746338571,0.5842595693000725,0.0456803535685736,25,20,20
33,188,0.13231366900217378,0.23797677436658346,0.5840305994604631,0.04567895717077865,25,20,20
33,189,0.1323136690023835,0.23860713665641606,0.5834002546619151,0.04567893967928453,25,20,20
33,190,0.13231321513728478,0.23858977113610408,0.5834163791776161,0.04568063454899378,25,20,20
33,191,0.13231337433051854,0.2385894310040745,0.5787535224687566,0.05034367219664993,25,20,20
33,192,0.14794211967214996,0.23858979196754787,0.5631244084734188,0.05034367988688047,25,20,20
33,193,0.14794208456428445,0.23858959972719063,0.5631759783353646,0.050292337373159635,25,20,20
33,194,0.14794208456532668,0.2368714617842228,0.5648941162719727,0.050292337378477096,25,20,20
33,195,0.14799285559230996,0.23687140944640667,0.5648433918497077,0.0502923431115744,25,20,20
33,196,0.13151566085501476,0.23688182284914952,0.5813101674361328,0.050292348859700846,25,20,20
33,197,0.10145708179516619,0.23661235157289384,0.6116344794675118,0.05029608716442573,25,20,20
33,198,0.10153911225620232,0.2366123790848603,0.611559608501754,0.0502889001571805,25,20,20
33,199,0.10186443096411572,0.2366123790729071,0.611816041460772,0.049707148502202224,25,20,20
33,200,0.06200615698076684,0.23661384107933997,0.6516726089365841,0.04970739300330889,25,20,20
33,201,0.06200619494948976,0.23595068501530608,0.6523357105254604,0.04970740950974388,25,20,20
33,202,0.062008019939921326,0.23595072750411597,0.6523339616286096,0.049707290927353195,25,20,20
33,203,0.07026660535128026,0.23595072786966578,0.6441248053994607,0.04965786137958871,25,20,20
33,204,0.07038715472047519,0.23595072785199003,0.6440043024402128,0.049657814987317,25,20,20
33,205,0.07395554847684464,0.23595069987591277,0.6404359412203927,0.04965781042684453,25,20,20
33,206,0.06278802158713535,0.23595070033445417,0.6516496207677295,0.04961165731067557,25,20,20
33,207,0.05077206169658335,0.23595069410876437,0.6636673939870199,0.04960985020762695,25,20,20
33,208,0.05077206169658334,0.23595085386335143,0.663667234232433,0.04960985020762691,25,20,20
33,209,0.050772061696369664,0.2365927695005281,0.6630253185954715,0.04960985020762526,25,20,20
33,210,0.0507717948156277,0.2365927678519035,0.6643859772240086,0.04824946010845606,25,20,20
33,211,0.06661502235851495,0.23659276742574914,0.6485427501314952,0.0482494600842365,25,20,20
33,212,0.06604280958890973,0.23661984710873046,0.6490921090231475,0.04824523427920813,25,20,20
33,213,0.06292046045008493,0.237260415939209,0.651572914341495,0.04824620926920781,25,20,20
33,214,0.09604053778915414,0.2372608967950518,0.6184524896512121,0.04824607576458071,25,20,20
33,215,0.11886751902024156,0.23726089679516338,0.5956255084326795,0.04824607575191437,25,20,20
33,216,0.11888901284945051,0.23726089680987783,0.5956037906562395,0.04824629968443081,25,20,20
33,217,0.11888901284949602,0.2372608968098779,0.5956037979183172,0.04824629242230769,25,20,20
33,218,0.118763806962515,0.23661898894783526,0.5963718866931594,0.0482453173964887,25,20,20
33,219,0.12220080080477104,0.23661898937796516,0.5929348924908487,0.04824531732641312,25,20,20
33,220,0.11866280432274393,0.23661898891781216,0.5964728893902358,0.048245317369206446,25,20,20
33,221,0.11960353031599205,0.23661901720445835,0.5955170258613113,0.04826042661823662,25,20,20
33,222,0.10326770194174284,0.23661902853538358,0.6118528419916869,0.04826042753118559,25,20,20
33,223,0.10326770194175759,0.23538108147383013,0.6130907890531329,0.048260427531278405,25,20,20
33,224,0.09962497395925846,0.23538108146561307,0.6167335170609499,0.04826042751417815,25,20,20
33,225,0.09962497396405169,0.1956534683795966,0.6564611301421702,0.04826042751417878,25,20,20
33,226,0.07706011831824389,0.19600427797120917,0.6786746621971111,0.048260941513432846,25,20,20
33,227,0.11543523514048892,0.19600427795649214,0.6402997693228106,0.048260717580205365,25,20,20
33,228,0.11543396444914944,0.19592579033302981,0.6403795276727088,0.048260717545109036,25,20,20
33,229,0.11543396444912539,0.1959257903346672,0.6756818215481721,0.012958423668032341,25,20,20
33,230,0.1314637879375513,0.19565398110174217,0.6599215889623703,0.012960641998333784,25,20,20
33,231,0.10631440450265169,0.19567653606197907,0.6849408828381427,0.013068176597223938,25,20,20
33,232,0.1063144045026373,0.19739406068896265,0.683223358211265,0.013068176597132285,25,20,20
33,233,0.10721376456311014,0.19739255619381904,0.6823256261855597,0.01306805305750688,25,20,20
33,234,0.10721617372484626,0.19739255225602778,0.6822849201238539,0.013106353895267842,25,20,20
33,235,0.11400584679483097,0.19739207127720554,0.6754957266482647,0.01310635527969465,25,20,20
33,236,0.11401444031889627,0.19739360566448752,0.6754855964675376,0.013106357549073825,25,20,20
33,237,0.11401444031889653,0.19739391462259917,0.675485287509424,0.013106357549075475,25,20,20
33,238,0.11401444091670969,0.19739391462120892,0.6404736045168636,0.04811803994521326,25,20,20
33,239,0.11401444091670951,0.19737174391468215,0.6404957752233905,0.04811803994521326,25,20,20
33,240,0.11401444091669831,0.19860164531485608,0.6392658738232271,0.04811803994521627,25,20,20
33,241,0.114014440967533,0.15933272959823017,0.6785347894890171,0.04811803994521633,25,20,20
33,242,0.11400336491778625,0.15933272922855804,0.6785458676703965,0.048118038183255996,25,20,20
33,243,0.1140234456773507,0.15933272922877786,0.6785257869106115,0.04811803818325659,25,20,20
33,244,0.1140232222005656,0.15935256203887427,0.6831692436227186,0.04345497213784121,25,20,20
33,245,0.11353724818274236,0.15935256204186715,0.6836552171972792,0.04345497257811091,25,20,20
33,246,0.13150647674771243,0.15935255373834584,0.665688214904307,0.04345275460963236,25,20,20
33,247,0.13146646506224632,0.15943291267593176,0.6656477517266676,0.043452870535156125,25,20,20
33,248,0.1698620521989982,0.15943291267612475,0.6272521645905306,0.04345287053435113,25,20,20
33,249,0.16985833522046828,0.1594329126760919,0.6272564366086126,0.043452315494831674,25,20,20
33,250,0.17035277295552237,0.15943291267452714,0.6267619992931323,0.04345231507682283,25,20,20
33,251,0.17103695688641454,0.1594331894299729,0.626079233924308,0.04345061975931192,25,20,20
33,252,0.15340135148938813,0.1594331901943326,0.6437148358006689,0.04345062251561501,25,20,20
33,253,0.15340135148852066,0.1582267130285373,0.6449213129728881,0.04345062251006056,25,20,20
33,254,0.15340152141403413,0.15822517864133084,0.6449226796830452,0.04345062026159607,25,20,20
33,255,0.15272972616222708,0.15822519266833393,0.6455944604793994,0.04345062069004593,25,20,20
33,256,0.1517665647667356,0.15822519266833768,0.6465576242101103,0.04345061835482275,25,20,20
33,257,0.15533125423952268,0.15749653538372693,0.6437215920205823,0.043450618356175384,25,20,20
33,258,0.15521679995924376,0.15748576202929118,0.6438468354710076,0.04345060254046444,25,20,20
33,259,0.1336295045560272,0.15748576560488264,0.6654329509176591,0.04345177892143866,25,20,20
33,260,0.13362950287799347,0.15747593667607698,0.6654427817773866,0.04345177866854984,25,20,20
33,261,0.1336306028179724,0.15747593713260813,0.6655293707702092,0.04336408927921737,25,20,20
33,262,0.13358596263980366,0.15747594145262597,0.6655740066223838,0.043364089285192836,25,20,20
33,263,0.13373279349537134,0.15747594145146962,0.6689433008752812,0.039847964177883985,25,20,20
33,264,0.1337327935416751,0.15490514254013207,0.6715140997401344,0.03984796417806476,25,20,20
33,265,0.14914439324166795,0.1548315725073232,0.6561756370574199,0.039848397193596,25,20,20
33,266,0.14915889958960518,0.15482191108851834,0.6561707637930746,0.03984842552880862,25,20,20
33,267,0.14924617706092647,0.1548219067600992,0.655498030902003,0.04043388527697803,25,20,20
33,268,0.1489793768309932,0.15447136872677572,0.6561158841369972,0.04043337030523886,25,20,20
33,269,0.14904819090236032,0.15447136872661832,0.6560470701085803,0.04043337026244617,25,20,20
33,270,0.14904819367641894,0.15447142689600477,0.65604700912245,0.04043337030513177,25,20,20
33,271,0.18892581264004588,0.15447142587562218,0.6161693911790858,0.0404333703052513,25,20,20
33,272,0.18648014552321487,0.15447142657269286,0.6186047163997519,0.04044371150434547,25,20,20
33,273,0.18648015225803305,0.15448531953342462,0.6185908332158728,0.040443694992673744,25,20,20
33,274,0.19251778018437027,0.15448531521495285,0.6125532099755419,0.040443694625139,25,20,20
33,275,0.21373515999273862,0.1544632833094974,0.5914653958910224,0.040336160806743085,25,20,20
33,276,0.2137230750310974,0.15446298629768707,0.5914777782164292,0.04033616045478909,25,20,20
33,277,0.2194199329102725,0.15446270272190482,0.5857812039119539,0.04033616045587161,25,20,20
33,278,0.21929973983187181,0.15446270272031273,0.5859013723818851,0.04033618506593335,25,20,20
33,279,0.2546906047628062,0.1544623550436353,0.5505096591683623,0.040337381025199036,25,20,20
33,280,0.24911231550845223,0.15446235592021168,0.5560879434476076,0.04033738512373106,25,20,20
33,281,0.24911231491062083,0.1544623567127639,0.5558971437558649,0.040528184620753444,25,20,20
33,282,0.2490273416804753,0.15446235671284422,0.5559759797342086,0.040534321872473814,25,20,20
33,283,0.2829996138406593,0.1544623567901597,0.5220036868422939,0.04053434252688901,25,20,20
33,284,0.28302584805885944,0.15446235677857126,0.5225640915221608,0.03994770364040988,25,20,20
33,285,0.28302584805885944,0.15446235598577185,0.5224642416770012,0.04004755427836871,25,20,20
33,286,0.2830252095157421,0.15446254296938638,0.5224637806945795,0.040048466820294816,25,20,20
33,287,0.28206717596018627,0.15446251468273203,0.5234368177409621,0.040033491616120104,25,20,20
33,288,0.28206749699074435,0.15446256723165308,0.5234435184796122,0.04002641729799091,25,20,20
33,289,0.3113143435616492,0.15446272771249533,0.494195503761628,0.040027424964228994,25,20,20
33,290,0.297839847652085,0.1545057067883842,0.5074221105774345,0.040232334982098675,25,20,20
33,291,0.26122223070333844,0.15457620911604938,0.5439735657690882,0.040227994411525005,25,20,20
33,292,0.23200662932111438,0.15457713637719425,0.572872470488779,0.04054376381291336,25,20,20
33,293,0.23200335873501218,0.15457713637718662,0.5728757410736874,0.040543763814114904,25,20,20
33,294,0.2659272071647371,0.15457714500060485,0.5389518624432449,0.0405437853914146,25,20,20
33,295,0.26577339836286107,0.15457714500221478,0.5391056476684181,0.04054380896650755,25,20,20
33,296,0.26577337453846606,0.15456984357789946,0.539112972911283,0.040543808972352914,25,20,20
33,297,0.26584325764936795,0.15456984358730214,0.5390352027406357,0.04055169602269568,25,20,20
33,298,0.2479304683650792,0.15457631714064707,0.5568797876451237,0.04061342684915214,25,20,20
33,299,0.24713176362505865,0.15450584039818369,0.5577549675579009,0.04060742841885947,25,20,20
33,300,0.24709048078080065,0.15450469449063056,0.5581107796082407,0.040294045120329,25,20,20
33,301,0.25102600657216945,0.15450417143584708,0.5541757776526748,0.040294044339310504,25,20,20
33,302,0.2510260065711309,0.15498431317893288,0.5536956359106544,0.04029404433928386,25,20,20
33,303,0.25091398086824096,0.15498431358914747,0.5538076612045438,0.040294044338070226,25,20,20
33,304,0.256871046979208,0.15498431351183017,0.5478506158266474,0.040294023682316764,25,20,20
33,305,0.25687170475137944,0.15498431351188563,0.5478499580542825,0.040294023682454674,25,20,20
33,306,0.23225949573550653,0.15494252912922873,0.5727031689200618,0.04009480621520682,25,20,20
33,307,0.23213881358762464,0.15494252912920164,0.5728238510681086,0.040094806215068994,25,20,20
33,308,0.23213678284351413,0.15494283366377273,0.5728264898130802,0.04009389367963665,25,20,20
33,309,0.23146394021319047,0.15494163935121785,0.5735062193060214,0.040088201129574,25,20,20
33,310,0.22904236130263822,0.15494845652127606,0.5759216350206823,0.0400875471554061,25,20,20
33,311,0.2290423613026418,0.1561332855845684,0.5747368059573869,0.04008754715540614,25,20,20
33,312,0.22904029691819416,0.15613328558456738,0.5747388703419669,0.040087547155275044,25,20,20
33,313,0.2291083369778604,0.1561332325966861,0.5746708833830205,0.04008754704243676,25,20,20
33,314,0.22910833693177346,0.15869317551217457,0.5721109401971147,0.040087547358940503,25,20,20
33,315,0.2291083369317881,0.15745149594352387,0.5733526194588024,0.04008754766588822,25,20,20
33,316,0.229947572697564,0.1574541203767164,0.5725103278615932,0.04008797906412884,25,20,20
33,317,0.252981623128831,0.15745412038393208,0.5494762774228814,0.040087979064357404,25,20,20
33,318,0.24703434995267123,0.15745412038361356,0.555423550622041,0.04008797904167455,25,20,20
33,319,0.2470343499524695,0.15748660404671017,0.5553910672757347,0.04008797872508591,25,20,20
33,320,0.27520649097949346,0.15748660741043718,0.5272189054901921,0.040087996119878025,25,20,20
33,321,0.2767142894371669,0.15748660748335125,0.5257110883404055,0.04008801473907706,25,20,20
33,322,0.31395734655668256,0.15748398267588384,0.48847108574474096,0.04008758502269239,25,20,20
33,323,0.31395734655667945,0.15748398267588387,0.48847111712640556,0.040087553641031136,25,20,20
33,324,0.324275642583122,0.15748397882876894,0.4781528609610794,0.040087517627029765,25,20,20
33,325,0.3237647475111952,0.15748397883199705,0.4786637556093123,0.04008751804749534,25,20,20
33,326,0.3237491390723747,0.1574839525497269,0.47867939252798647,0.0400875158499117,25,20,20
33,327,0.30776105151626887,0.15749310018365897,0.4946455667257099,0.04010028157436297,25,20,20
33,328,0.29189321823391373,0.15748633817125596,0.5105207087512728,0.040099734843558006,25,20,20
33,329,0.2915864151771687,0.15747952923228545,0.5108337611384295,0.04010029445211652,25,20,20
33,330,0.2915863940705485,0.15747489263695696,0.4805021030262533,0.07043661026623979,25,20,20
33,331,0.29337831737295345,0.15747489741728893,0.4786386184300679,0.07050816677968891,25,20,20
33,332,0.29337831737295345,0.15743136724782006,0.47868214859963276,0.07050816677959303,25,20,20
33,333,0.2933091709374698,0.15743136723037277,0.47875129266109384,0.07050816917106296,25,20,20
33,334,0.2933091709374514,0.15868094266309976,0.4775017175354304,0.07050816886401778,25,20,20
33,335,0.29739159020921074,0.15868093806277753,0.4734894786524588,0.07043799307555201,25,20,20
33,336,0.3372004160679025,0.15868093717328613,0.43368065778273923,0.0704379889760705,25,20,20
33,337,0.3371363038823359,0.15868094009863912,0.43121279431200327,0.07296996170701965,25,20,20
33,338,0.33714272155543445,0.1586809399172966,0.43120775754533996,0.07296858098192704,25,20,20
33,339,0.3376514662031241,0.15868093991563517,0.4306990133196421,0.07296858056159704,25,20,20
33,340,0.33765146620335895,0.13997886759995848,0.4494010760400195,0.07296859015666138,25,20,20
33,341,0.33766936615227466,0.1399788676171348,0.44938317615211865,0.0729685900784701,25,20,20
33,342,0.33766936570167383,0.1399769092128066,0.4397216364247386,0.08263208866077904,25,20,20
33,343,0.3376693657014932,0.13997690921280215,0.43972307533856053,0.08263064974714213,25,20,20
33,344,0.3377382182946719,0.13997688233802275,0.43965424945013004,0.08263064991717263,25,20,20
33,345,0.3374601200484789,0.1399768824251618,0.43993232350291445,0.0826306740234425,25,20,20
33,346,0.3374242457761095,0.13997688264672736,0.439964495198353,0.08263437637880776,25,20,20
33,347,0.2977772623205097,0.13997688307525893,0.47961136653087694,0.08263448807335266,25,20,20
33,348,0.297777771064308,0.13997686069435825,0.47961685753773464,0.08262851070359878,25,20,20
33,349,0.2978998670752047,0.1399768606943304,0.479494761526859,0.08262851070360559,25,20,20
33,350,0.29790192574668695,0.13997636476076786,0.47949319879534386,0.08262851069719743,25,20,20
33,351,0.29783283585646203,0.13997636475134953,0.4795701850107559,0.08262061438142991,25,20,20
33,352,0.29829589461273165,0.1399763645121919,0.47911083120817444,0.08261690966689918,25,20,20
33,353,0.298277680929408,0.13997636449501819,0.4791290472219605,0.08261690735361045,25,20,20
33,354,0.29809997213321515,0.13997637277569086,0.47930668937942117,0.08261696571167003,25,20,20
33,355,0.29809136819876003,0.13996074316883708,0.4793114974867205,0.08263639114568024,25,20,20
33,356,0.26548482329380413,0.13996073477999446,0.5119112974504284,0.08264314447576986,25,20,20
33,357,0.2654848232940143,0.14058886678011084,0.5112831654553935,0.08264314447047758,25,20,20
33,358,0.2650582315259256,0.1405888866666705,0.5117044276928233,0.08264845411457955,25,20,20
33,359,0.266725897689329,0.140588886809543,0.51003689715036,0.08264831835076696,25,20,20
33,360,0.26672589768932964,0.14058888680954304,0.5100368991629116,0.0826483163382144,25,20,20
33,361,0.26672589768932886,0.14058888680954296,0.5100367825399651,0.08264843296116194,25,20,20
33,362,0.28368299504030703,0.1405888868023259,0.4930796851967986,0.08264843296056719,25,20,20
33,363,0.2836829950403038,0.1405888868023259,0.49307806420479927,0.08265005395256968,25,20,20
33,364,0.28367829030705705,0.14058887852488766,0.49308278756586843,0.08265004360218517,25,20,20
33,365,0.3095740982066758,0.14058887866596204,0.4648591769572047,0.0849778461701576,25,20,20
33,366,0.30957409820667664,0.14058887866596215,0.4649886979227215,0.08484832520463986,25,20,20
33,367,0.30958351522283045,0.1414676497710599,0.4641005094046477,0.08484832560146209,25,20,20
33,368,0.30958351522283123,0.14146764977106,0.46422268890559115,0.08472614610051775,25,20,20
33,369,0.30971814353045496,0.14146763085874112,0.46409312747735015,0.08472109813345412,25,20,20
33,370,0.30970349191694596,0.14146763157299558,0.46420172202204874,0.08462715448800966,25,20,20
33,371,0.30970349191693075,0.1415115549758722,0.46415779861909157,0.08462715448810551,25,20,20
33,372,0.30969849594622034,0.1415115549774639,0.46416279458061305,0.08462715449570343,25,20,20
33,373,0.2711604058938484,0.14151155401461687,0.5027011465226556,0.08462689356887802,25,20,20
33,374,0.27131761400291154,0.1415115541051607,0.5025439864933121,0.08462684539861445,25,20,20
33,375,0.2713263710731788,0.14151237961731447,0.5025303958090759,0.08463085350042952,25,20,20
33,376,0.2713263873592455,0.14151237961731206,0.5025303795642031,0.08463085345923753,25,20,20
33,377,0.27133206631997225,0.1262935387720461,0.5177435412523868,0.08463085365559335,25,20,20
33,378,0.2713320663197523,0.14443189643465149,0.49960519317959273,0.08463084406600208,25,20,20
33,379,0.271477080854262,0.14444578850221654,0.49944512458780793,0.0846320060557121,25,20,20
33,380,0.2713369910182418,0.14481041370181294,0.4991900906008375,0.08466250467910617,25,20,20
33,381,0.27133683649993456,0.14481041079022505,0.4618223947062207,0.12203035800361878,25,20,20
33,382,0.2348480578196127,0.1448118609384835,0.4983028135885151,0.12203726765338668,25,20,20
33,383,0.23442233588665615,0.14481186093887535,0.4987285354991582,0.12203726767530884,25,20,20
33,384,0.23445153073711883,0.1448118609391453,0.4986993405763457,0.12203726774738965,25,20,20
33,385,0.23443714907102456,0.14481186093937284,0.49871362524253493,0.1220373647470675,25,20,20
33,386,0.23628988684901342,0.14481186073652563,0.49686088770383874,0.12203736471062152,25,20,20
33,387,0.2327015288310119,0.14481186028820706,0.5004492437416972,0.12203736713908304,25,20,20
33,388,0.22896187920312483,0.14481186019749218,0.5041888934685881,0.12203736713079474,25,20,20
33,389,0.22896187921509456,0.1441798765637704,0.5048208595938233,0.12203738462731203,25,20,20
33,390,0.2324458061612801,0.14417987656390932,0.5013369322326047,0.12203738504220553,25,20,20
33,391,0.23241661810442224,0.144179876579244,0.5013661162479813,0.12203738906835211,25,20,20
33,392,0.23234753907731187,0.14417987657877307,0.5014351953182266,0.12203738902568785,25,20,20
33,393,0.2323489408050582,0.12989552040412913,0.5157181562167356,0.12203738257407722,25,20,20
33,394,0.2323475400257054,0.11881012426401505,0.5268049641846906,0.12203737152558909,25,20,20
33,395,0.2323473017740258,0.1188101247817806,0.5268130853918969,0.12202948805229638,25,20,20
33,396,0.23283529005412976,0.11947350581575474,0.5256657070800059,0.12202549705010945,25,20,20
33,397,0.2327651027332639,0.11947350529766218,0.5257358949622999,0.12202549700677406,25,20,20
33,398,0.2327651025856613,0.11947350528374667,0.5256430387786601,0.122118353351932,25,20,20
33,399,0.2334342891812884,0.11911080742476969,0.5253681874491862,0.12208671594475586,25,20,20
33,400,0.22992918311416108,0.11910938687317951,0.5288816236818612,0.1220798063307976,25,20,20
33,401,0.22992918311416116,0.11910938687317951,0.5288864199560426,0.12207501005661549,25,20,20
33,402,0.22999808587898543,0.11910938687477371,0.5288175171894933,0.12207501005674665,25,20,20
33,403,0.2664150121901838,0.1191079128931227,0.4924020648314322,0.12207501008525998,25,20,20
33,404,0.2700972122802667,0.11910791275195001,0.49104779227319645,0.11974708269458502,25,20,20
33,405,0.2696070813942073,0.11845081053180671,0.4921611770441452,0.1197809310298386,25,20,20
33,406,0.2509904611404156,0.11845082122716627,0.510777684740797,0.11978103289161891,25,20,20
33,407,0.2609829488269716,0.1184508263309744,0.5007851671984035,0.11978105764364849,25,20,20
33,408,0.2609763146041193,0.11844397423360445,0.5008325189540712,0.11974719220820287,25,20,20
33,409,0.26097629821783846,0.11844397473468371,0.5008323987071072,0.11974732834036854,25,20,20
33,410,0.3009740412337727,0.11844397473468088,0.46083465569182147,0.1197473283397226,25,20,20
33,411,0.2798653432855892,0.1184439747404707,0.48194344981638004,0.11974723215755816,25,20,20
33,412,0.28033451530531733,0.11844398837729982,0.48147420153044046,0.11974729478694127,25,20,20
33,413,0.2754276318263546,0.11844398649266069,0.48638110759499403,0.11974727408598868,25,20,20
33,414,0.2857681872702912,0.11844441007096458,0.4727599229039388,0.12302747975480414,25,20,20
33,415,0.2857994861323086,0.1184444232244543,0.4727250966577612,0.1230309939854741,25,20,20
33,416,0.2857994867201386,0.11844442323830488,0.4729923544049219,0.12276373563663284,25,20,20
33,417,0.2965829362929318,0.11844399965714421,0.4654895344737654,0.11948352957615695,25,20,20
33,418,0.29658293977573086,0.10616330977869033,0.4777702208538792,0.11948352959169795,25,20,20
33,419,0.31201258790288455,0.1061630647410515,0.46234081709676184,0.1194835302593007,25,20,20
33,420,0.3120125879028882,0.10492470581825067,0.46357917601956194,0.11948353025929767,25,20,20
33,421,0.3339616654226456,0.1049882025586597,0.44156668131515625,0.11948345070353641,25,20,20
33,422,0.37392592047820533,0.10498818938726216,0.4016059556686664,0.11947993446586398,25,20,20
33,423,0.3739258374693262,0.1049881901066008,0.40160603855469623,0.1194799338693737,25,20,20
33,424,0.37550134979955674,0.10492468455524967,0.4000940334107417,0.11947993223444886,25,20,20
33,425,0.374987292637732,0.10492468457254325,0.40060262836865557,0.11948539442106622,25,20,20
33,426,0.40326965542820126,0.10492468456856573,0.3723236594366201,0.11948200056661001,25,20,20
33,427,0.44179032004747243,0.10492468456877839,0.3338029013205874,0.11948209406315917,25,20,20
33,428,0.44179032004747554,0.10492468456878275,0.3338047095602952,0.11948028582344392,25,20,20
33,429,0.4812781815782111,0.10492467092949592,0.29431692502487405,0.11948022246741848,25,20,20
33,430,0.4812781809903811,0.10492467091564535,0.2940496673123306,0.11974748078164246,25,20,20
33,431,0.4822369300437251,0.10404589981847401,0.29396955556697973,0.11974761457081855,25,20,20
33,432,0.482235658976338,0.1040458998184745,0.2939708266343644,0.11974761457082068,25,20,20
33,433,0.48223566176398625,0.10474440684626667,0.2932723168361043,0.11974761455364077,25,20,20
33,434,0.48223566176398625,0.10474440684626667,0.2932723972951872,0.11974753409455782,25,20,20
33,435,0.4822290465275236,0.10474440684942662,0.2932790125208905,0.11974753410215735,25,20,20
33,436,0.46727194341718237,0.10474439897595574,0.3082323382702279,0.11975131933663351,25,20,20
33,437,0.46727194341718237,0.10474439897595567,0.30822585421550314,0.1197578033913584,25,20,20
33,438,0.4703926980253657,0.10474439873154419,0.30510888353601395,0.1197540197070757,25,20,20
33,439,0.5099936086308648,0.10294594567665862,0.2673064259706045,0.11975401972187015,25,20,20
33,440,0.5107424688859445,0.10294594534907922,0.26655736607329805,0.11975421969167645,25,20,20
33,441,0.5111664185941526,0.10294594024525892,0.2661334462135395,0.119754194947048,25,20,20
33,442,0.5106215454803508,0.10294594025165157,0.2666783176424596,0.1197541966255368,25,20,20
33,443,0.47116653385379,0.1029459492679056,0.30613632858554923,0.11975118829275483,25,20,20
33,444,0.481070069438729,0.10294594961511429,0.29622741770178107,0.11975656324437418,25,20,20
33,445,0.44294710493723377,0.1029459793043889,0.33435572733715063,0.11975118842122506,25,20,20
33,446,0.44294710493703787,0.1018379162169893,0.33546379042484026,0.11975118842113064,25,20,20
33,447,0.4815649977327778,0.10183820330651093,0.2968443755063295,0.11975242345437995,25,20,20
33,448,0.4815649977327835,0.08763986333067163,0.3110427154788443,0.11975242345769993,25,20,20
33,449,0.4809028761820985,0.08762404400946444,0.31164376743397676,0.11982931237446069,25,20,20
33,450,0.48088805002008966,0.08762404410340335,0.31165856924991553,0.11982933662659159,25,20,20
33,451,0.4808889566782694,0.08762401451411872,0.31165768978626857,0.11982933902134428,25,20,20
33,452,0.48266007154385643,0.08762400548700505,0.309888974528602,0.11982694844053723,25,20,20
33,453,0.48363032765384695,0.0876240049862324,0.30891885500951094,0.11982681235041026,25,20,20
33,454,0.4778489593997073,0.08762400498299472,0.3147002712682422,0.1198267643490564,25,20,20
33,455,0.47769857738706306,0.08762401021024292,0.3148492520105693,0.11982816039212515,25,20,20
33,456,0.47764597991728514,0.08762398017391679,0.31490187733252634,0.11982816257627137,25,20,20
33,457,0.4766977227390251,0.08762398927155969,0.315850125454957,0.11982816253445762,25,20,20
33,458,0.47669770367107317,0.08762398976404595,0.3158500102746515,0.1198282962902293,25,20,20
33,459,0.4766757089738215,0.08762398089798096,0.315871952957399,0.11982835717079852,25,20,20
33,460,0.47595513384081145,0.08762398049088223,0.3165927279295478,0.11982815773875803,25,20,20
33,461,0.47595513384081145,0.08762398049088223,0.3165926460484215,0.11982823961988437,25,20,20
33,462,0.4759551350788328,0.06306198004392703,0.341154645260763,0.11982823961647546,25,20,20
33,463,0.4758324155523288,0.06306198012984118,0.3412773646879095,0.11982823962991843,25,20,20
33,464,0.47608283143775054,0.06306198003989744,0.3410269484833737,0.11982824003897641,25,20,20
33,465,0.45967471024396034,0.06306198003347693,0.3574350713860985,0.1198282383364633,25,20,20
33,466,0.49930574324347154,0.06306197980175769,0.3178040505758028,0.11982822637896669,25,20,20
33,467,0.4854291533386619,0.06306198020481484,0.33168059277084333,0.119828273685678,25,20,20
33,468,0.4855743788340965,0.06306169825339185,0.33153699433649236,0.11982692857601768,25,20,20
33,469,0.49920013740936453,0.0630616980331131,0.31791128283047576,0.11982688172704517,25,20,20
33,470,0.4991493196808899,0.06306170333376628,0.3179620953358618,0.11982688164948063,25,20,20
33,471,0.49914931968088827,0.06306170333376614,0.31771050807111534,0.1200784689142289,25,20,20
33,472,0.47188111005016864,0.06306207244647093,0.3393646106120362,0.12569220689132407,25,20,20
33,473,0.46598967921703355,0.06306207598835117,0.3452560612923941,0.12569218350222097,25,20,20
33,474,0.4660524570998115,0.06306210251832173,0.345193254671383,0.12569218571048288,25,20,20
33,475,0.4661899250414596,0.06306210233238384,0.3450557873811418,0.12569218524501363,25,20,20
33,476,0.4661899250414596,0.06306210233238384,0.34505578680555415,0.1256921858206012,25,20,20
33,477,0.4661842461296562,0.07781307077016318,0.33031049746494345,0.1256921856352362,25,20,20
33,478,0.4661731674212384,0.07781307068303271,0.3303925158928401,0.12562124600288826,25,20,20
33,479,0.46617316742123543,0.07953086894168881,0.328674717634091,0.1256212460029842,25,20,20
33,480,0.4613255044732673,0.07953086806365806,0.32962098253955135,0.12952264492352275,25,20,20
33,481,0.4674812023309098,0.07953085937470666,0.32346529407649216,0.1295226442178909,25,20,20
33,482,0.4674812023309066,0.07953085937470239,0.32346517360502686,0.12952276468936363,25,20,20
33,483,0.4674812011740822,0.0795308656928978,0.3234651684345357,0.1295227646984833,25,20,20
33,484,0.46395711939503465,0.0795308667054309,0.32698147625753615,0.1295305376419952,25,20,20
33,485,0.4460991003364938,0.07953086890256124,0.34483909619773434,0.12953093456320716,25,20,20
33,486,0.4462334787067974,0.07953086959867799,0.34470480898206335,0.12953084271245824,25,20,20
33,487,0.45137706435953695,0.07953086526648738,0.3434626512316028,0.12562941914236994,25,20,20
33,488,0.45137706431061386,0.07999873105065539,0.34299478550725104,0.1256294191314766,25,20,20
33,489,0.4833780899890515,0.07999870890050208,0.31099384672691294,0.1256293543835322,25,20,20
33,490,0.48337809194930664,0.08000725628118989,0.3109852973950234,0.12562935437447875,25,20,20
33,491,0.4890739676992024,0.08000725628119768,0.3052953940157102,0.125623382003888,25,20,20
33,492,0.4889852301861359,0.08000725105392151,0.30538553280671543,0.12562198595322557,25,20,20
33,493,0.4906892522349186,0.08000725106152114,0.3034880791415617,0.12581541756199882,25,20,20
33,494,0.49062155156482395,0.08000725055072073,0.3035635530910633,0.12580764479339154,25,20,20
33,495,0.48800960318497855,0.08000724837439366,0.3061759005350837,0.12580724790554418,25,20,20
33,496,0.4819217989956278,0.0800072483744399,0.3122637047266617,0.12580724790327014,25,20,20
33,497,0.4762250276795108,0.0800072483746976,0.3179604679568856,0.12580725598890483,25,20,20
33,498,0.4821352626252224,0.0800072483794415,0.31205020840106107,0.12580728059427393,25,20,20
33,499,0.44675987557142915,0.08000729923745534,0.34742554455560787,0.12580728063550517,25,20,20
33,500,0.4450379816803134,0.08000864956110368,0.3493330840415003,0.1256202847170808,25,20,20
33,501,0.4450097727044533,0.08000865127112344,0.34936106497530245,0.12562051104911867,25,20,20
33,502,0.41641854646034765,0.08000866293930692,0.37289366156699677,0.1306791290333472,25,20,20
33,503,0.41654227206950023,0.08000866293459488,0.3727699605666455,0.13067910442925804,25,20,20
33,504,0.3826815898368033,0.08000865905695732,0.4066306474104445,0.13067910369579233,25,20,20
33,505,0.38473638359436413,0.08000865882199132,0.4045759189927019,0.1306790385909411,25,20,20
33,506,0.3847363835943674,0.08000865882199132,0.40458060279897023,0.13067435478466988,25,20,20
33,507,0.3847363835943649,0.08000865882199132,0.40494934528804877,0.13030561229559381,25,20,20
33,508,0.384880551301482,0.08000865882196603,0.40480517799732885,0.1303056118792209,25,20,20
33,509,0.38465728221000817,0.08000866401909762,0.40502774162889776,0.13030631214199415,25,20,20
33,510,0.38028550916537035,0.08000861316112569,0.4093985252656022,0.13030735240789915,25,20,20
33,511,0.3802855091653853,0.0799979130291995,0.409409225392052,0.13030735241336058,25,20,20
33,512,0.3802857154644089,0.0799892898018935,0.409417642320151,0.13030735241354366,25,20,20
33,513,0.3802857154644097,0.0799892898018935,0.4095476822962887,0.13017731243740513,25,20,20
33,514,0.39386375531572065,0.07998892734435538,0.3985797088467635,0.12756760849315735,25,20,20
33,515,0.3932146070663991,0.07998892726164715,0.3992288575877627,0.12756760808418824,25,20,20
33,516,0.42386223634426407,0.07998892731613189,0.3685812279233279,0.12756760841627407,25,20,20
33,517,0.43860775224012566,0.07998891611277048,0.3588942780364485,0.12250905361065284,25,20,20
33,518,0.438607752240128,0.07998891611277475,0.3587689917162307,0.12263433993086396,25,20,20
33,519,0.4328871144696473,0.07998891091694409,0.3644903349403318,0.12263363967307417,25,20,20
33,520,0.4406430015563602,0.0799889041705279,0.35973849265192936,0.11962960162117936,25,20,20
33,521,0.440709475301633,0.07998890526907743,0.33203238289890247,0.14726923653038393,25,20,20
33,522,0.441667101683004,0.07998896042000916,0.33106714283763067,0.14727679505935348,25,20,20
33,523,0.4444009833890693,0.07998896077367468,0.3283331728284724,0.14727688300878186,25,20,20
33,524,0.4122445952025567,0.07998975254002638,0.3604886597758852,0.14727699248152978,25,20,20
33,525,0.4122445952025536,0.07998975254002644,0.36061342822373826,0.14715222403367975,25,20,20
33,526,0.41130397888077463,0.0799896968873815,0.36156166107720544,0.14714466315463634,25,20,20
33,527,0.4452631160632415,0.07998969637717447,0.3276025243985077,0.14714466316107452,25,20,20
33,528,0.45140285542012093,0.0799896963035744,0.32146278546526685,0.1471446628110364,25,20,20
33,529,0.45727315917436767,0.07998969630227434,0.31559248129990286,0.1471446632234554,25,20,20
33,530,0.4883738052765536,0.07998969632082703,0.28449076119919897,0.14714573720341945,25,20,20
33,531,0.4881355550010516,0.07998969632225963,0.2847290110666819,0.14714573761000593,25,20,20
33,532,0.48820713813240607,0.07998969632223081,0.28465742836035735,0.14714573718500484,25,20,20
33,533,0.4808956563356111,0.08000315747353852,0.2918912937606332,0.14720989243021804,25,20,20
33,534,0.4731105449987756,0.08000316157417986,0.2960579858951722,0.1508283075318727,25,20,20
33,535,0.4731103683370476,0.08000291941767418,0.29605840471366024,0.15082830753161783,25,20,20
33,536,0.4791474380485406,0.08000291941767344,0.2900213350084888,0.15082830752529713,25,20,20
33,537,0.47907590706493736,0.08000291941764548,0.2900928659922533,0.15082830752516382,25,20,20
33,538,0.4633239886982409,0.08000293058289727,0.30584461376348193,0.15082846695537983,25,20,20
33,539,0.5009478019016382,0.08000293103148674,0.26822077483562656,0.15082849223124825,25,20,20
33,540,0.49403538775371486,0.08000292412978037,0.2751008591132916,0.15086082900321274,25,20,20
33,541,0.49403538775371486,0.07999570930729677,0.2751080739357754,0.15086082900321268,25,20,20
33,542,0.4940353877537148,0.07999570930729241,0.27497855240759017,0.15099035053140258,25,20,20
33,543,0.5072199358070159,0.07999570886702478,0.26179406463658256,0.15099029068937686,25,20,20
33,544,0.5072199447377688,0.07999570717214124,0.26179428777352026,0.1509900603165699,25,20,20
33,545,0.49707238188235087,0.07999580660359124,0.2719408198468604,0.1509909916671975,25,20,20
33,546,0.49707238190924813,0.040388998800826005,0.31154761780571544,0.15099100148421055,25,20,20
33,547,0.49221273559616463,0.04038900335267086,0.316404829712003,0.15099343133916177,25,20,20
33,548,0.48884788130580953,0.04038914155111935,0.3197688984943199,0.1509940786487517,25,20,20
33,549,0.48884788130601126,0.040373917749816336,0.31978412228996145,0.15099407865421147,25,20,20
33,550,0.5055911376014047,0.040373913629841045,0.303007739294214,0.1510272094745403,25,20,20
33,551,0.5074836255167368,0.04037391363835843,0.3011077194487217,0.15103474139618392,25,20,20
33,552,0.507483625492933,0.03999271835404798,0.3014888958349255,0.15103476031809446,25,20,20
33,553,0.5074836254929338,0.03999271835404806,0.3014890131488539,0.1510346430041651,25,20,20
33,554,0.5074836254929338,0.03999271835404806,0.30149561588614354,0.15102804026687552,25,20,20
33,555,0.46763788214362556,0.03999314528033162,0.341283426135649,0.15108554644039252,25,20,20
33,556,0.4684616090165239,0.03999314568808506,0.34045964185589617,0.15108560343949295,25,20,20
33,557,0.4683378362234333,0.044025290691413546,0.3366086719697071,0.15102820111544404,25,20,20
33,558,0.4325250592316649,0.0440252911485657,0.3724214479721212,0.15102820164764683,25,20,20
33,559,0.4324493277367235,0.044025290049973805,0.3664259405326459,0.15709944168065645,25,20,20
33,560,0.43840462434833055,0.044025290140496665,0.360470643418931,0.15709944209224153,25,20,20
33,561,0.43726607644290666,0.044025285591385035,0.36161162536638974,0.15709701259931827,25,20,20
33,562,0.43739438919098544,0.04402528550081443,0.3614833131329994,0.15709701217520056,25,20,20
33,563,0.43739444526621596,0.04402494677048696,0.3614071226508123,0.15717348531248398,25,20,20
33,564,0.4359637612238306,0.0440257541595703,0.36284439856978695,0.1571660860468133,25,20,20
33,565,0.4360194321889715,0.039994832976288495,0.36681201569590366,0.15717371913883682,25,20,20
33,566,0.43302476224086334,0.03999505632898573,0.369807595318637,0.1571725861115143,25,20,20
33,567,0.4175808367550002,0.039982059170994,0.38532865721263415,0.15710844686137182,25,20,20
33,568,0.4175808229211902,0.03998093175437358,0.38533623613891826,0.1571020091855194,25,20,20
33,569,0.4175808229211811,0.03762907334152461,0.38768809455724196,0.15710200918005382,25,20,20
33,570,0.44045982752613333,0.03762860925761141,0.36480959422746095,0.1571019689887958,25,20,20
33,571,0.4404085881896103,0.03762695851128478,0.36487022125179763,0.15709423204730827,25,20,20
33,572,0.44040858818742373,0.03762695851152939,0.35858660819030486,0.16337784511074246,25,20,20
33,573,0.44107988920300406,0.03762700216636195,0.35724432453168403,0.16404878409895104,25,20,20
33,574,0.4135866095949807,0.037627002393635284,0.38473760284755015,0.1640487851638353,25,20,20
33,575,0.4140694870446934,0.037626195004474346,0.38425566310760945,0.16404865484322478,25,20,20
33,576,0.4104446058189844,0.0376261945587023,0.3878805469470577,0.16404865267525712,25,20,20
33,577,0.4104282018537605,0.037626194559008265,0.3878890444803118,0.16405655910692082,25,20,20
33,578,0.41042820255065005,0.03953269218294346,0.3859825461594824,0.1640565591069255,25,20,20
33,579,0.41042820255064927,0.03953269218294346,0.38561573999913695,0.16442336526727203,25,20,20
33,580,0.41042820255064927,0.039532692182947755,0.38561370952266805,0.16442539574373666,25,20,20
33,581,0.4104282025506484,0.03953269218270308,0.3856093218120074,0.16442978345464293,25,20,20
33,582,0.38284149073631907,0.03953269204598012,0.4132616608158461,0.16436415640185445,25,20,20
33,583,0.38313607565833074,0.039532692044385045,0.412967076317161,0.1643641559801217,25,20,20
33,584,0.3867578779884491,0.039532553844439544,0.4093460599183311,0.16436350824877813,25,20,20
33,585,0.38583192731731264,0.03953176207571044,0.41027292773484236,0.16436338287213237,25,20,20
33,586,0.38583209943739755,0.039531762427156496,0.4056018157531311,0.16903432238231372,25,20,20
33,587,0.3858318712726222,0.039913295962225745,0.4099679419522158,0.16428689081293504,25,20,20
33,588,0.3802340738705613,0.039913296794911964,0.4155657384496729,0.16428689088485166,25,20,20
33,589,0.36773633968231983,0.0399132965721544,0.4280634726983587,0.16428689104716562,25,20,20
33,590,0.36730815403045847,0.0399132966461519,0.4284916384305981,0.16428691089278985,25,20,20
33,591,0.32894510628254553,0.0399146142925447,0.4668409232425331,0.16429935618237654,25,20,20
33,592,0.3289451062706101,0.03953342952004561,0.4672221178495311,0.16429934635981344,25,20,20
33,593,0.3289451062706093,0.03953342952004554,0.4672221144215267,0.16429934978781857,25,20,20
33,594,0.3683453963373853,0.03953342952173159,0.4278204689228182,0.16430070521806361,25,20,20
33,595,0.36834539633738617,0.0395334295217316,0.42782712106992443,0.16429405307095654,25,20,20
33,596,0.3683453935846114,0.039533215466166415,0.42782733820526475,0.1642940527439576,25,20,20
33,597,0.3683453927600749,0.03953345540237347,0.4278270990935959,0.16429405274395595,25,20,20
33,598,0.36885247100876567,0.03953374153853184,0.42731834610243036,0.16429544135027382,25,20,20
33,599,0.36885247100876567,0.03953374153853184,0.4273182600806944,0.16429552737200978,25,20,20
33,600,0.3790034596616973,0.03953364210708228,0.4171683022098416,0.16429459602137989,25,20,20
33,601,0.37900345896460036,0.039979552474912194,0.41672239253364757,0.16429459602684088,25,20,20
33,602,0.3735415060679865,0.03997955247011053,0.42218568149401753,0.1642932599678866,25,20,20
33,603,0.3725783246250353,0.03997955246166798,0.4231488652800024,0.16429325763329597,25,20,20
33,604,0.3714550689966234,0.03997955260956377,0.4242073274982202,0.1643580508955933,25,20,20
33,605,0.3714550490376442,0.039979552600756516,0.4242073474247415,0.16435805093685718,25,20,20
33,606,0.3709871250483663,0.03997955260052318,0.42467527496475804,0.16435804738635135,25,20,20
33,607,0.370145696933453,0.039978234946363204,0.4093891922190898,0.180486875901093,25,20,20
33,608,0.37090833056934874,0.03997794811859148,0.40862823523148323,0.1804854860805757,25,20,20
33,609,0.37088132403422464,0.039977948120151915,0.4086552417649188,0.18048548608070397,25,20,20
33,610,0.37440602624751895,0.03997794813572125,0.4051384438282642,0.18047758178849463,25,20,20
33,611,0.37440602624751906,0.03997794813572126,0.40514502239072014,0.18047100322603893,25,20,20
33,612,0.37440602624751906,0.03997794813572126,0.405138498696795,0.18047752691996424,25,20,20
33,613,0.3744296195622456,0.039977948135695815,0.4051149049577633,0.18047752734429487,25,20,20
33,614,0.37473150377486436,0.03997794742083245,0.40481311782493784,0.1804774309793646,25,20,20
33,615,0.37473515851550604,0.03997794911880008,0.40480945736600854,0.1804774349996847,25,20,20
33,616,0.3747351585155061,0.03997794911880023,0.4048028407347163,0.1804840516309767,25,20,20
33,617,0.37473512747778914,0.0399779065903542,0.40480291430088144,0.1804840516309767,25,20,20
33,618,0.38044506745841483,0.03997790656034078,0.39909297435026836,0.18048405163097736,25,20,20
33,619,0.37838794319424485,0.03997792621117173,0.40115007567774974,0.18048405491683517,25,20,20
33,620,0.37837706546613326,0.039977926194385914,0.41730222847365306,0.16434277986582926,25,20,20
33,621,0.34209361099188806,0.03997795223926358,0.4535855331846086,0.16434290358424064,25,20,20
33,622,0.34159742840708823,0.039977952239184544,0.4540817169738006,0.16434290237992638,25,20,20
33,623,0.34139356248174946,0.03997795644965493,0.45422258062362025,0.16440590044497344,25,20,20
33,624,0.33521741551597095,0.03997796075485092,0.46039757347619864,0.1644070502529779,25,20,20
33,625,0.35662350415976307,0.039977969132822186,0.438991449675129,0.16440707703228552,25,20,20
33,626,0.3566235041597627,0.03997851614300609,0.4389909026705012,0.1644070770267298,25,20,20
33,627,0.3655628499731192,0.03997829772326927,0.43005178750526524,0.1644070647983459,25,20,20
33,628,0.3655628499731192,0.03997829772326927,0.43004518050303375,0.16441367180057742,25,20,20
33,629,0.3913102732492134,0.039978297781784376,0.4042968666507754,0.1644145623182273,25,20,20
33,630,0.38778445582258136,0.039978271751732714,0.4078227090866802,0.16441456333900606,25,20,20
33,631,0.3877844558226265,0.03997827175173697,0.4081958287078164,0.16404144371782053,25,20,20
33,632,0.38778445582258136,0.039978271751732714,0.40782270908668017,0.16441456333900603,25,20,20
33,633,0.3862889108120271,0.039978227673875655,0.40998917507558647,0.16374368643850767,25,20,20
33,634,0.38752075757399224,0.03997824819546857,0.40875171260956067,0.16374928162097568,25,20,20
33,635,0.38752075757399235,0.03997824819546865,0.40875174745580733,0.16374924677472882,25,20,20
33,636,0.34848246927647125,0.03997845173113423,0.44785284128321295,0.16368623770917828,25,20,20
33,637,0.34848246927647447,0.039978451731130016,0.4478497594082079,0.1636893195841841,25,20,20
33,638,0.34841868869515724,0.03997845172363558,0.44791366511875613,0.16368919446244742,25,20,20
33,639,0.34841848831274386,0.03997845172681658,0.44791386548307505,0.1636891944773611,25,20,20
33,640,0.3488979253194462,0.03997845197928187,0.4474344270825963,0.1636891956186717,25,20,20
33,641,0.34889789858638137,0.03997845197912456,0.4474344538165544,0.16368919561793618,25,20,20
33,642,0.34892710804434757,0.03997845199425055,0.44740524643085855,0.16368919353053918,25,20,20
33,643,0.3544889726278685,0.0399784519929366,0.44184340076546486,0.1636891746137267,25,20,20
33,644,0.3604261410653901,0.03997844786687801,0.4359073858239645,0.16368802524376425,25,20,20
33,645,0.35690157376832055,0.039978447866785005,0.4390313372332752,0.1640886411316173,25,20,20
33,646,0.35691918485375795,0.039978447866942345,0.43901372614621686,0.1640886411330813,25,20,20
33,647,0.32769464639151413,0.03997844771645592,0.4683030583833939,0.16402384750863708,25,20,20
33,648,0.3024680925147031,0.039978447671347346,0.493522837703377,0.16403062211057307,25,20,20
33,649,0.27889811845509516,0.039978439742399105,0.5170928442544533,0.16403059754805407,25,20,20
33,650,0.27847036919965446,0.03997843974387969,0.5175205938570816,0.16403059719938543,25,20,20
33,651,0.27847036919965457,0.03828238927890123,0.51921664432206,0.16403059719938537,25,20,20
33,652,0.278820126667371,0.03828234910636612,0.5188725238135167,0.16402500041274823,25,20,20
33,653,0.2785687600333298,0.038284122194424904,0.5191221261028924,0.16402499166935566,25,20,20
33,654,0.25194691237452327,0.038284501723563194,0.5455509192406038,0.16421766666131052,25,20,20
33,655,0.2713035570940813,0.03828412219256882,0.5263861799289375,0.16402614078441327,25,20,20
33,656,0.29318256403809895,0.038284122387971097,0.5045041444579269,0.16402916911600568,25,20,20
33,657,0.3093383596463454,0.038284122377223284,0.4883560139673374,0.16402150400909626,25,20,20
33,658,0.31219338595367746,0.03832945585483445,0.4852396496791483,0.16423750851234176,25,20,20
33,659,0.3354899610364192,0.03832945585229521,0.46194307458121947,0.16423750853006847,25,20,20
33,660,0.335489961036636,0.039997848266863374,0.4602746821608806,0.16423750853562222,25,20,20
33,661,0.3425557644957177,0.03999784835700733,0.45321000331961775,0.16423638382765943,25,20,20
33,662,0.332080118589054,0.039997848265559355,0.46368567373417724,0.16423635941121156,25,20,20
33,663,0.33256057668583877,0.03999784826866101,0.463205193058433,0.1642363819870688,25,20,20
33,664,0.3717709335487795,0.03999784863100403,0.42399495486086103,0.1642362629593548,25,20,20
33,665,0.3717709335487763,0.03999784863100395,0.4239933333000584,0.16423788452016086,25,20,20
33,666,0.37178412880381423,0.04006850827467947,0.42390937255448136,0.1642379903670272,25,20,20
33,667,0.3717902961388368,0.04006850827149258,0.42390322947992687,0.16423796610974606,25,20,20
33,668,0.37176041759403944,0.04006928020281286,0.42393233505311045,0.16423796715004044,25,20,20
33,669,0.33354613004090256,0.04006928020546474,0.46214404745059673,0.1642405423030376,25,20,20
33,670,0.32949160561495333,0.04006928485848377,0.466198545408794,0.16424056411777044,25,20,20
33,671,0.3258406019742881,0.04006928511756427,0.4698495487896499,0.16424056411849983,25,20,20
33,672,0.2990586594715112,0.04006932108735591,0.500249867138149,0.16062215230298693,25,20,20
33,673,0.27832404248779097,0.040069376493240876,0.520976834720399,0.16062974629857193,25,20,20
33,674,0.2823785822161604,0.040069371840249814,0.5169223214598797,0.16062972448371277,25,20,20
33,675,0.28389703485256357,0.03999846345607971,0.5154748756230267,0.16062962606833367,25,20,20
33,676,0.2838970348525635,0.03999846345632197,0.5158478822033126,0.16025661948780537,25,20,20
33,677,0.31335210782544876,0.03999847094249971,0.4863927660516857,0.1602566551803684,25,20,20
33,678,0.313353718382881,0.040000316965015104,0.48638912855625493,0.16025683609585073,25,20,20
33,679,0.3118220706520113,0.04000031691035332,0.48792078377085396,0.16025682866678306,25,20,20
33,680,0.3118220706520113,0.04000031691035761,0.4879209041225089,0.1602567083151239,25,20,20
33,681,0.30199288937068036,0.040020120290165266,0.49772863573910425,0.16025835460005033,25,20,20
33,682,0.31636046021942493,0.04002006793911745,0.48336713571427053,0.1602523361271871,25,20,20
33,683,0.3524350164160508,0.04002006749121894,0.4472925817606877,0.16025233433204228,25,20,20
33,684,0.3879603072376302,0.04001929658829186,0.41120130383537046,0.16081909233870553,25,20,20
33,685,0.39107325235927026,0.03999973188737623,0.4081095942220041,0.16081742153134745,25,20,20
33,686,0.39107325235927026,0.03999973188713389,0.40773647377113925,0.1611905419824545,25,20,20
33,687,0.389912090943245,0.04000077224731266,0.40888676793961914,0.1612003688698219,25,20,20
33,688,0.42043060726034737,0.04000073691083031,0.37836824664236146,0.1612004091864606,25,20,20
33,689,0.40390519316250817,0.04000073691071189,0.3948936607704154,0.16120040915636455,25,20,20
33,690,0.40721227482234185,0.04000073385691485,0.3915881574138376,0.1611988339069056,25,20,20
33,691,0.4382917372258466,0.039955400364175817,0.360770032285721,0.16098283012425632,25,20,20
33,692,0.44510302944743757,0.03995515637989234,0.3539589844061549,0.16098282976651554,25,20,20
33,693,0.4506475855070664,0.03995531726715779,0.3484142537684604,0.1609828434573157,25,20,20
33,694,0.45085837859392763,0.03995552196086113,0.3481486215466974,0.16103747789851436,25,20,20
33,695,0.4508579305928211,0.03995552221320473,0.3481490692954392,0.16103747789853645,25,20,20
33,696,0.4508579305928211,0.03995552221344916,0.34815565635540147,0.16103089083832992,25,20,20
33,697,0.46415321709211355,0.039955522300608406,0.334860370033025,0.16103089057425354,25,20,20
33,698,0.46971253359169113,0.03995531770183946,0.3293545191419451,0.1609776295645257,25,20,20
33,699,0.4697125336002847,0.039955317713334035,0.33639017744181676,0.15394197124456482,25,20,20
33,700,0.47368963302882294,0.03995531297935302,0.3324131263577673,0.15394192763405717,25,20,20
33,701,0.5016562458631149,0.03996712714033434,0.30127973295414306,0.15709689404240781,25,20,20
33,702,0.5341622939180319,0.03996492705361685,0.2687119990722978,0.1571607799560523,25,20,20
33,703,0.5341695810106488,0.040430144939176696,0.26823948211420673,0.15716079193596724,25,20,20
33,704,0.5254735065686384,0.04043015638982408,0.2769995579296729,0.15709677911186395,25,20,20
33,705,0.5360126914526979,0.040430148894698564,0.2664604162752165,0.1570967433773863,25,20,20
33,706,0.5394242106595536,0.04043014760509837,0.2636156585992302,0.156529983136117,25,20,20
33,707,0.5396157323823755,0.040430147510163536,0.2634255111259195,0.15652860898154075,25,20,20
33,708,0.5402987076860755,0.04043129920334986,0.2631419074824662,0.15612808562810757,25,20,20
33,709,0.5335280044685522,0.040431537578214834,0.26991235245847767,0.15612810549475442,25,20,20
33,710,0.5334837405949857,0.04043153740224255,0.26995661611530797,0.1561281058874623,25,20,20
33,711,0.5334827196248533,0.040431537403775586,0.26995763708404313,0.15612810588732715,25,20,20
33,712,0.5330394796878473,0.040431538080404866,0.27040078363280423,0.15612819859894284,25,20,20
33,713,0.54480394779215,0.04041972137558486,0.2618031023024489,0.15297322852981543,25,20,20
33,714,0.536984962755255,0.04041995684998839,0.2695589816387095,0.1530360987560463,25,20,20
33,715,0.5336095384127713,0.04041996101148761,0.272933202403518,0.15303729817222234,25,20,20
33,716,0.5404784807941435,0.0399661128381733,0.26646391041746925,0.15309149595021312,25,20,20
33,717,0.5182770131373666,0.03996614301700256,0.25250006219587484,0.18925678164975412,25,20,20
33,718,0.5363800485954936,0.03996614282144026,0.2344000553091284,0.18925375327393656,25,20,20
33,719,0.5575753527757336,0.0399649911125294,0.2132059974944881,0.18925365861724874,25,20,20
33,720,0.5507072683518052,0.07684422281620552,0.18324811023932955,0.1892003985926597,25,20,20
33,721,0.5586679259194721,0.0768439873386374,0.1753505591987716,0.18913752754311905,25,20,20
33,722,0.5586679259194721,0.0768439873386374,0.17535067566042828,0.1891374110814624,25,20,20
33,723,0.5223780561238861,0.07684398780110561,0.2116405449924478,0.18913741108256055,25,20,20
33,724,0.5223780561240688,0.0768439878013459,0.21164712901661129,0.18913082705797382,25,20,20
33,725,0.5223780561156572,0.07684398779009602,0.20461383119523613,0.19616412489901033,25,20,20
33,726,0.5219172478340824,0.07684398779608437,0.2050746395017892,0.19616412486804385,25,20,20
33,727,0.5050838221488546,0.0768439880103068,0.2219080649545956,0.19616412488624202,25,20,20
33,728,0.49287957511805197,0.07684400260742306,0.2341083989304657,0.19616802334405878,25,20,20
33,729,0.48629381469794253,0.0768578173849254,0.24068032395128763,0.19616804396584442,25,20,20
33,730,0.4975675461262181,0.07685781738011466,0.22930840628845586,0.19626623020521083,25,20,20
33,731,0.4975675461262181,0.07685781738011466,0.22930837136679866,0.19626626512686796,25,20,20
33,732,0.4862654834321925,0.07685785444954817,0.24071098475992111,0.19616567735833776,25,20,20
33,733,0.5023003208201318,0.07685785458554467,0.22467614555620727,0.19616567903811602,25,20,20
33,734,0.5030850703884112,0.07685785423532583,0.22389139803611344,0.19616567734014925,25,20,20
33,735,0.5030667305109485,0.07685785425454984,0.22390973613232262,0.19616567910217864,25,20,20
33,736,0.5014566145635037,0.07685781255014323,0.22195245643248884,0.19973311645386396,25,20,20
33,737,0.5014788763498012,0.07685781255326501,0.22193019505956282,0.19973311603737073,25,20,20
33,738,0.4687485953761804,0.07685762362340176,0.2546604534258666,0.19973332757455065,25,20,20
33,739,0.46863263214286116,0.0768576173556122,0.2547764489502581,0.19973330155126784,25,20,20
33,740,0.44172852559662623,0.07685760277342674,0.2816780459634708,0.19973582566647555,25,20,20
33,741,0.4409697505214428,0.07685764981447436,0.28243040877471376,0.19974219088936887,25,20,20
33,742,0.44108465436818084,0.07685760751036057,0.2823157530304934,0.1997419850909649,25,20,20
33,743,0.4062657363652536,0.07685765578288013,0.3167576172396488,0.20011899061221683,25,20,20
33,744,0.4062657363650708,0.0768576557826357,0.31675407391838134,0.20012253393391158,25,20,20
33,745,0.38444347126823564,0.0768576557976812,0.33857633894651434,0.20012253398756802,25,20,20
33,746,0.3844434712680536,0.07685765579743652,0.3385740580037349,0.20012481493077433,25,20,20
33,747,0.38443501691930104,0.07993686851610537,0.33550424936789697,0.20012386519669584,25,20,20
33,748,0.38339569521145,0.07993688899614675,0.33654345302708855,0.20012396276531363,25,20,20
33,749,0.3833956952114499,0.0799368889961466,0.3365404062173767,0.20012700957502574,25,20,20
33,750,0.3839017637717068,0.07993688872864321,0.3360343375387144,0.20012700996093405,25,20,20
33,751,0.3479426047950461,0.07993693270283123,0.3719814797865556,0.20013898271556627,25,20,20
33,752,0.3668787447609153,0.07993688463353801,0.353422336529717,0.19976203407582843,25,20,20
33,753,0.38369205846628823,0.07993688442415431,0.3366090794834898,0.19976197762606632,25,20,20
33,754,0.38369205847842663,0.07992372945874517,0.3366222344422185,0.19976197762060838,25,20,20
33,755,0.3462112952389611,0.07992404711393034,0.3741123931150281,0.19975226453207995,25,20,20
33,756,0.34633960337396624,0.0799240471107797,0.3739840849981951,0.19975226451705885,25,20,20
33,757,0.30699020248731784,0.08057456770789287,0.412627598713139,0.19980763109165203,25,20,20
33,758,0.30699020189948734,0.08057456770764983,0.41236054167444874,0.20007468871841586,25,20,20
33,759,0.30699020189948745,0.08058139125249436,0.4123537181240486,0.20007468872397144,25,20,20
33,760,0.30186095100362637,0.08058161502027633,0.41748167998618874,0.2000757539899095,25,20,20
33,761,0.3079360365189192,0.08058161515733196,0.41140555986494176,0.2000767884588076,25,20,20
33,762,0.3077926174027577,0.08058156637495811,0.4115620587897188,0.2000637574325653,25,20,20
33,763,0.30765453194702636,0.07993104574959567,0.4123540080433281,0.20006041426004992,25,20,20
33,764,0.31786565461681515,0.07993104561876656,0.4021438717687371,0.20005942799568108,25,20,20
33,765,0.31786156422548756,0.07993104558882404,0.40214819604489965,0.2000591941407885,25,20,20
33,766,0.3166356506450984,0.07993100851562934,0.40337432040471216,0.20005902043455964,25,20,20
33,767,0.31697536690578576,0.07993100880752468,0.3943849379108322,0.20870868637585638,25,20,20
33,768,0.31691605813639784,0.07993100793298127,0.39443758853214944,0.20871534539847034,25,20,20
33,769,0.3169160581240427,0.07997181432209297,0.39439678215549034,0.20871534539837291,25,20,20
33,770,0.317788679528159,0.0800537256617293,0.39344224735264144,0.2087153474574694,25,20,20
33,771,0.31694910501449225,0.07996983367675609,0.39436571596964576,0.20871534533910505,25,20,20
33,772,0.31625957743029004,0.07996848072699808,0.3950566878397838,0.20871525400292712,25,20,20
33,773,0.3162595774302932,0.07996848072699816,0.3950566355908592,0.2087153062518483,25,20,20
33,774,0.27949481781264934,0.0800442422232994,0.4317390743849065,0.20872186557914307,25,20,20
33,775,0.279492514522348,0.0800442422233014,0.4317413776748104,0.2087218655795385,25,20,20
33,776,0.27949251452234725,0.0800442422230611,0.4317412791255326,0.20872196412905705,25,20,20
33,777,0.29959954667442523,0.07996848073419746,0.411716567789001,0.20871540480237447,25,20,20
33,778,0.29405499045679756,0.07996831984690961,0.37744118380181874,0.24853550589447274,25,20,20
33,779,0.29403703066270226,0.07997014107858082,0.37746995393431076,0.24852287432440498,25,20,20
33,780,0.2970984322143554,0.07997014149611702,0.3744149970364866,0.24851642925303957,25,20,20
33,781,0.273858396154649,0.07997923081689877,0.3976459437717083,0.2485164292567427,25,20,20
33,782,0.3098343308445963,0.07997923547587113,0.36159201650117906,0.24859441717835104,25,20,20
33,783,0.30956175220089144,0.07997923565632084,0.36186457045239157,0.24859444169039407,25,20,20
33,784,0.3462901220678395,0.07997923523873311,0.3251364149503613,0.24859422774306414,25,20,20
33,785,0.35151610799702643,0.07996542047281126,0.3199242643541399,0.2485942071760202,25,20,20
33,786,0.3515161079970232,0.07996542047281548,0.3199243500396068,0.24859412149055227,25,20,20
33,787,0.3898496554615118,0.07996355287680619,0.2815875193493098,0.24859927231237028,25,20,20
33,788,0.39077558015587066,0.07996355310151099,0.2806614615023754,0.24859940524024102,25,20,20
33,789,0.39077558015587066,0.07996355310151099,0.2806613799501709,0.24859948679244545,25,20,20
33,790,0.3907755801558707,0.07996355310150668,0.280661209766564,0.24859965697605663,25,20,20
33,791,0.3519471062080596,0.07996600731398067,0.3195650152618182,0.24852187121613842,25,20,20
33,792,0.35305754314317034,0.07996600662885425,0.31845979022904336,0.24851665999892905,25,20,20
33,793,0.3489302316863505,0.07996601599581844,0.32251697146291974,0.24858678085490843,25,20,20
33,794,0.348930231683761,0.0799660159955708,0.3223372327890753,0.24876651953158993,25,20,20
33,795,0.3489302316837643,0.07996601599557093,0.3223373773325396,0.24876637498812224,25,20,20
33,796,0.3487555610609923,0.07996601104082546,0.3225120770544201,0.2487663508437592,25,20,20
33,797,0.34875556106099226,0.07996601104082117,0.3225054725585633,0.24877295533962038,25,20,20
33,798,0.34875556106117434,0.07996601105476048,0.3225177921003404,0.24876063578372193,25,20,20
33,799,0.35446753670932796,0.07996601178150285,0.3168058155443545,0.24876063596481202,25,20,20
33,800,0.35419266124083093,0.07996756693219438,0.3257808207337963,0.2400589510931767,25,20,20
33,801,0.3200232367390561,0.07996760705417265,0.3599500374172386,0.2400591187895314,25,20,20
33,802,0.3200232367512338,0.07934001564467026,0.3605776110417607,0.24005913656233557,25,20,20
33,803,0.3200232367390612,0.05416568390401705,0.38575195416482366,0.2400591251921,25,20,20
33,804,0.3200232367390612,0.05416568390401705,0.3857520363975459,0.24005904295937774,25,20,20
33,805,0.3200232367390604,0.054165683904016895,0.385752121940744,0.2400589574161806,25,20,20
33,806,0.34740700742620767,0.05416564779504562,0.358367440657882,0.24005990412086348,25,20,20
33,807,0.31176818861569194,0.05416570867624422,0.3630731123025499,0.27099299040551383,25,20,20
33,808,0.31176901758635184,0.054458951902285356,0.3627790399733681,0.27099299053799464,25,20,20
33,809,0.3110381657698536,0.054458799000577575,0.36351024685457156,0.2709927883749977,25,20,20
33,810,0.31094166585081723,0.054450420547948804,0.36361512522124534,0.2709927883799889,25,20,20
33,811,0.3104598986464207,0.05445042054186752,0.3640967990032813,0.27099288180843006,25,20,20
33,812,0.3104598986464215,0.05445042054186752,0.3641033030456067,0.27098637776610385,25,20,20
33,813,0.3172405725402518,0.054450416351548424,0.35732374816149387,0.27098526294670394,25,20,20
33,814,0.31766599136392404,0.054451121386612955,0.35689756356001723,0.2709853236894438,25,20,20
33,815,0.3183581712245187,0.054451121386186074,0.3562055729291035,0.2709851344601898,25,20,20
33,816,0.30287933542402684,0.054451121385650475,0.37168440779834955,0.27098513539197294,25,20,20
33,817,0.3028793293282336,0.054448863116811734,0.37168666806368095,0.27098513949127356,25,20,20
33,818,0.302880236620012,0.040510985959557856,0.3856228652384624,0.2709859121819677,25,20,20
33,819,0.30288023662001523,0.040510985959557856,0.3856243733066032,0.2709844041138241,25,20,20
33,820,0.304475023074947,0.040510986800779865,0.3840295859425209,0.2709844041817533,25,20,20
33,821,0.28814147136422763,0.040510987009339236,0.40035990673277333,0.27098763489366096,25,20,20
33,822,0.2822586001800597,0.04051098700925697,0.40624277756314525,0.2709876352475386,25,20,20
33,823,0.29755182322953794,0.040511432427597915,0.3909448630914499,0.27099188125141527,25,20,20
33,824,0.2978280830757534,0.04051143242451524,0.3906686269091501,0.2709918575905828,25,20,20
33,825,0.3212452886310315,0.04051098699117592,0.367256112831976,0.270987611545818,25,20,20
33,826,0.32115957347138374,0.04051091674301221,0.3587182109458139,0.27961129883979113,25,20,20
33,827,0.31947897496027083,0.04054642633564454,0.36019400370354765,0.27978059500053826,25,20,20
33,828,0.31947897495940325,0.04054697970276226,0.36019345034285477,0.2797805949949809,25,20,20
33,829,0.3178545472053457,0.040566545835972974,0.3617066310950355,0.2798722758636466,25,20,20
33,830,0.31219020573128564,0.04056654574368909,0.3673709730999105,0.2798722754251141,25,20,20
33,831,0.3138988121769623,0.04056654337195889,0.3656505606959692,0.27988408375510937,25,20,20
33,832,0.3197660751898582,0.04056654345851032,0.35978329716287294,0.27988408418875776,25,20,20
33,833,0.3209893474962721,0.04056654345839987,0.35856002488600436,0.27988408415932264,25,20,20
33,834,0.3209893801994377,0.06510366260967315,0.3340228728337298,0.2798840843571588,25,20,20
33,835,0.3163255701540477,0.06510342205041911,0.3386880526857531,0.27988295510977923,25,20,20
33,836,0.31632550632546136,0.06508386116533489,0.3387049995190951,0.27988563299010744,25,20,20
33,837,0.3163255063254582,0.06508386116533475,0.33870493605097957,0.2798856964582266,25,20,20
33,838,0.3163255063254647,0.0392823156702786,0.36450647514346124,0.2798857028607953,25,20,20
33,839,0.3163255063254647,0.03928231567027868,0.3645110131946613,0.27988116480959513,25,20,20
33,840,0.32140131836654295,0.039282316019460514,0.35943511101307235,0.2798812546009237,25,20,20
33,841,0.3223530929287894,0.03928231567028963,0.3584834269518208,0.2798811644490994,25,20,20
33,842,0.32139225135036964,0.039282315189955994,0.3594444019383943,0.2798810315212805,25,20,20
33,843,0.36118394897332273,0.03875130307536351,0.32018311975709374,0.2798816281942196,25,20,20
33,844,0.36118394897946027,0.03875130306655112,0.3201831197597808,0.27988162819420725,25,20,20
33,845,0.36080415244509495,0.03875130315965806,0.32056291620477195,0.2798816281904752,25,20,20
33,846,0.4002402955791519,0.038749747658728954,0.2811283330432435,0.27988162371887493,25,20,20
33,847,0.38043216431521415,0.03874974746623668,0.30093969516463814,0.27987839305391093,25,20,20
33,848,0.38068971475998487,0.03874974746366484,0.30068214513692876,0.27987839263942144,25,20,20
33,849,0.38068971476002966,0.03874974747760414,0.3006877320624217,0.27987280569994455,25,20,20
33,850,0.4141146639092444,0.038748331646545904,0.2672642594708161,0.2798727449733931,25,20,20
33,851,0.4141136151222558,0.038748330932778234,0.2672653090324005,0.27987274491256486,25,20,20
33,852,0.4124050042866483,0.03874828513981618,0.2689857780903077,0.2798609324832255,25,20,20
33,853,0.41240217082784886,0.03874828513991441,0.26898861154956977,0.2798609324826645,25,20,20
33,854,0.41240217082784725,0.03874828512622169,0.2693494128093323,0.2795001312365964,25,20,20
33,855,0.4124021708278025,0.03874828511228239,0.2693438258838393,0.2795057181760734,25,20,20
33,856,0.4126811875901693,0.04593216576169954,0.2618803848099228,0.27950626183820587,25,20,20
33,857,0.4126019516054085,0.04593217083492096,0.26195961572246373,0.2795062618372047,25,20,20
33,858,0.4126019516054077,0.04593217083492096,0.26195299557810925,0.2795128819815599,25,20,20
33,859,0.4070909186643615,0.04593217805539953,0.26746210992151215,0.27951479335872464,25,20,20
33,860,0.40709091866436153,0.04593217805540382,0.26746860194525895,0.27950830133497356,25,20,20
33,861,0.37686333698861285,0.045932200828024544,0.27121623888857443,0.3059882232947859,25,20,20
33,862,0.37686333698861285,0.045932200828020256,0.2712097468648276,0.3059947153185371,25,20,20
33,863,0.37110634522557356,0.04593220081521626,0.2769681145329971,0.30599333942621104,25,20,20
33,864,0.37060537914262714,0.04593220117409647,0.27746908022755123,0.30599333945572305,25,20,20
33,865,0.3310373138890643,0.04596945201516554,0.316999786256412,0.3059934478393556,25,20,20
33,866,0.3490582691887759,0.04593394311708001,0.299183633639534,0.30582415405460694,25,20,20
33,867,0.35065071422931093,0.045933943116823445,0.2975786309933676,0.3058367116604954,25,20,20
33,868,0.35065071422931093,0.045933943116823445,0.29758079667491777,0.30583454597894516,25,20,20
33,869,0.3480623799716402,0.04593394310075607,0.30016912868705947,0.30583454824054024,25,20,20
33,870,0.3481734393707969,0.04593394309608922,0.30005809332749156,0.30583452420561946,25,20,20
33,871,0.34817343937079615,0.045933943096089225,0.29995132220801474,0.30594129532509684,25,20,20
33,872,0.34817343937066125,0.04593394309584692,0.29958244762522346,0.3063101699082653,25,20,20
33,873,0.34886352754752553,0.04593394201087357,0.29890919648058295,0.3062933339610154,25,20,20
33,874,0.34817343482346474,0.04593393700660828,0.2678541454877633,0.3380384826821608,25,20,20
33,875,0.3481734348234656,0.04593393700660836,0.26797930146972465,0.3379133267001987,25,20,20
33,876,0.34867098397493845,0.045933937004980115,0.26748175233463056,0.3379133266854484,25,20,20
33,877,0.3495453032366163,0.045933940460963,0.26660742933619036,0.3379133269662284,25,20,20
33,878,0.34954530323661637,0.04593394046096293,0.26634117890928577,0.338179577393133,25,20,20
33,879,0.3257050846338958,0.04593393976270128,0.29017923547693897,0.338181740126462,25,20,20
33,880,0.32574443215874693,0.04593393618748338,0.2901399091697885,0.33818172248398126,25,20,20
33,881,0.3196616238747033,0.04593393539663226,0.29622267772986555,0.3381817629987993,25,20,20
33,882,0.313826838530428,0.04593393546066435,0.3020574626626604,0.33818176334624794,25,20,20
33,883,0.3138268385304281,0.04593393546066861,0.3023215157779291,0.33791771023097494,25,20,20
33,884,0.3018967630639037,0.045943192501210935,0.3141981988724127,0.33796184556247305,25,20,20
33,885,0.31949230975796233,0.04593393556741249,0.2966546533045411,0.3379191013700845,25,20,20
33,886,0.31949362428667966,0.04593393555467713,0.296653141344799,0.33791929881384297,25,20,20
33,887,0.3194936242866789,0.045933935554677056,0.2965279077077024,0.33804453245094046,25,20,20
33,888,0.3194936242866788,0.045933935554919404,0.2969009476731039,0.3376714924852966,25,20,20
33,889,0.31949362428667566,0.045933935554919474,0.2972724439588712,0.33729999619953227,25,20,20
33,890,0.3153588343368661,0.0459339055617661,0.3278857063587424,0.3108215537426246,25,20,20
33,891,0.3153588343368661,0.04593390556176603,0.3278810065221767,0.3108262535791906,25,20,20
33,892,0.35399105756948446,0.045933905746356606,0.2892487365708195,0.31082630011333895,25,20,20
33,893,0.3482788520451257,0.04593390660637477,0.2949611387259897,0.3108261026225094,25,20,20
33,894,0.3466888629491456,0.045933906677763287,0.2965636659593594,0.3108135644137322,25,20,20
33,895,0.37533617371938305,0.045933910451313634,0.2679163167058087,0.31081359912349527,25,20,20
33,896,0.37533409243872656,0.04593391045131317,0.2679183979864655,0.31081359912349527,25,20,20
33,897,0.3753340924387297,0.045933910451075116,0.26754997966697125,0.3111820174432243,25,20,20
33,898,0.3753340929595557,0.045933910451077836,0.23225248198395412,0.3464795146054129,25,20,20
33,899,0.3753341061441056,0.04593391044329871,0.23225251766473792,0.3464794657478583,25,20,20
33,900,0.3753341061441056,0.045933910443298746,0.23198855688708453,0.34674342652551166,25,20,20
33,901,0.3860212683793064,0.04593391049115651,0.22130141143623802,0.34674340969329953,25,20,20
33,902,0.3860212683736032,0.04593391049077586,0.21312883488655363,0.3549159862490678,25,20,20
33,903,0.3861001676929694,0.045933910489242946,0.21304995973117993,0.35491596208660836,25,20,20
33,904,0.42609395875695133,0.045933909632173,0.17305616916553213,0.35491596244534285,25,20,20
33,905,0.3918472385676459,0.04593391088072181,0.2073028855737941,0.35491596497783884,25,20,20
33,906,0.35579708855800135,0.04593391069796036,0.2433544269116666,0.35491457383237274,25,20,20
33,907,0.35639748796326687,0.04593391064791917,0.2427540442559581,0.3549145571328554,25,20,20
33,908,0.35639748796326687,0.04593391064791924,0.24275415812070691,0.3549144432681065,25,20,20
33,909,0.35640294520745885,0.0459339171224321,0.24269799919373866,0.3549651384763699,25,20,20
33,910,0.35679685351477636,0.04593391694888546,0.24230406680231084,0.35496516273402706,25,20,20
33,911,0.3567968535148218,0.04593391694888553,0.2423033580595977,0.3549658714766945,25,20,20
33,912,0.35679675486582335,0.06055402819809493,0.22768334565178472,0.3549658712842963,25,20,20
33,913,0.3806121623225616,0.060554028549564674,0.20387010390852522,0.35496370521934734,25,20,20
33,914,0.3803334018773055,0.04031293708182373,0.22439047709255025,0.3549631839483203,25,20,20
33,915,0.38381853957381146,0.04031340399739067,0.22090377765801542,0.35496427877078146,25,20,20
33,916,0.38381319237715716,0.05152923444645035,0.2097440089220951,0.35491356425429615,25,20,20
33,917,0.3840341246183928,0.05152923408784182,0.2095230770408451,0.354913564252919,25,20,20
33,918,0.38039109652119996,0.05152923409236422,0.21316610392503058,0.35491356546140396,25,20,20
33,919,0.3531198594773028,0.051531080115343325,0.23982836371678007,0.35552069669057346,25,20,20
33,920,0.31373683469655606,0.05153111580764254,0.24795702988473756,0.38677501961106286,25,20,20
33,921,0.3066930722161513,0.051531124189665906,0.2549996884910314,0.3867761151031509,25,20,20
33,922,0.31265148273596804,0.05153112403504182,0.2490412784883092,0.38677611474068024,25,20,20
33,923,0.3123708747356434,0.05153112404100086,0.24932188651232776,0.3867761147110276,25,20,20
33,924,0.2963848402262381,0.05153112445700574,0.26530791759660777,0.38677611772014714,25,20,20
33,925,0.296384583910535,0.05153585432831089,0.2653034439192344,0.3867761178419184,25,20,20
33,926,0.29638458853440885,0.0504325222382658,0.2664051413738517,0.3867777478534723,25,20,20
33,927,0.2963845090878412,0.050432522241426234,0.2664052208169968,0.3867777478537343,25,20,20
33,928,0.2963845044648464,0.05041268991763803,0.23108594526630874,0.4221168603512062,25,20,20
33,929,0.29598345008388294,0.050412700079784545,0.23148698947786925,0.42211686035846263,25,20,20
33,930,0.25605951304664637,0.05041299393705748,0.27141063265759496,0.42211686035869983,25,20,20
33,931,0.25964523349779645,0.05041299393253765,0.2678249134187552,0.42211685915090946,25,20,20
33,932,0.259824480855587,0.050412989563606764,0.26764571138360777,0.4221168181971975,25,20,20
33,933,0.2543259320597583,0.050412988149944965,0.2731442650001352,0.42211681479016117,25,20,20
33,934,0.25549863049956956,0.03930791832388023,0.28307663362360147,0.4221168175529485,25,20,20
33,935,0.29003525086197685,0.039305601661847045,0.24915057402786694,0.42150857344830817,25,20,20
33,936,0.2900352508723573,0.039305601662095846,0.24878416153400143,0.4218749859315444,25,20,20
33,937,0.2911399472021342,0.03930559327818281,0.24768059334619555,0.42187386617348677,25,20,20
33,938,0.28754567061837333,0.03930559357451555,0.25127486822233186,0.4218738675847787,25,20,20
33,939,0.28781930354332885,0.0393055834998989,0.2510012445161854,0.4218738684405862,25,20,20
33,940,0.28781930354332647,0.039305583499894686,0.2509966962331484,0.42187841672362986,25,20,20
33,941,0.2878193035407344,0.0393055835001307,0.2509967813896347,0.4218783315694996,25,20,20
33,942,0.2935142231097525,0.03930558359382019,0.24530181350371494,0.42187837979271164,25,20,20
33,943,0.2935142231097557,0.03930558359382027,0.24539408089677062,0.4217861123996529,25,20,20
33,944,0.29351422310975567,0.03930558359382027,0.24539407798574214,0.42178611531068166,25,20,20
33,945,0.29351422310975567,0.0393055835938202,0.24539396612940262,0.42178622716702124,25,20,20
33,946,0.2935142231097101,0.039305583593815835,0.24539233142047948,0.42178786187599443,25,20,20
33,947,0.29351422309932973,0.03930558359357125,0.2453858218591308,0.42179437144796816,25,20,20
33,948,0.2935142230993305,0.03930558359357132,0.245388098297923,0.421792095009175,25,20,20
33,949,0.2535515806142145,0.039305583598097354,0.2853507407361398,0.4217920950515478,25,20,20
33,950,0.2535515806142138,0.039305583608186014,0.2964090329770483,0.4107338028005511,25,20,20
33,951,0.25355158061421057,0.03930558360818594,0.2963168530018903,0.4108259827757123,25,20,20
33,952,0.25355158061423205,0.039305588928169426,0.3316194602571942,0.3755233702004026,25,20,20
33,953,0.2535515806141865,0.03930558892816514,0.331615214038446,0.37552761641920074,25,20,20
33,954,0.2524054303997103,0.0391948226187695,0.3328721334140048,0.37552761356751413,25,20,20
33,955,0.2522983575758577,0.03919478656759006,0.3245007680058201,0.38400608785073076,25,20,20
33,956,0.2522692480877634,0.0391947874328378,0.3245298684080364,0.38400609607136105,25,20,20
33,957,0.25226924808776263,0.0391947874328378,0.3245276710420732,0.3840082934373251,25,20,20
33,958,0.24514680399245542,0.0391956747815901,0.33164492477632107,0.3840125964496325,25,20,20
33,959,0.21479589207792268,0.03919567525136361,0.3619958361436562,0.3840125965270563,25,20,20
33,960,0.21479589207792268,0.0391956752513636,0.3619977056895651,0.3840107269811476,25,20,20
33,961,0.2147958920779195,0.03919567525111909,0.361991083709785,0.3840173489611754,25,20,20
33,962,0.21479590993803893,0.03919703717380922,0.366315413351371,0.3796916395367792,25,20,20
33,963,0.21479590993822184,0.039197037173809374,0.3663186207737671,0.37968843211419995,25,20,20
33,964,0.21437314772928695,0.06020167418470667,0.3457368541891278,0.37968832389687984,25,20,20
33,965,0.21437314771719163,0.061042919738403166,0.3448956086528721,0.379688323891534,25,20,20
33,966,0.21437314771749363,0.06104291903619991,0.3402396798871561,0.3843442533591508,25,20,20
33,967,0.2143731477173147,0.06104291903620406,0.34024121847077926,0.3843427147757024,25,20,20
33,968,0.198227643367922,0.06104293456484182,0.35624037992408136,0.38448904214315627,25,20,20
33,969,0.19822764336792204,0.06104293456484175,0.35624037936338604,0.38448904270385165,25,20,20
33,970,0.19822764336810417,0.06104293456484182,0.3562450250684467,0.38448439699860865,25,20,20
33,971,0.19822764336810417,0.06104293456484182,0.35624511247806595,0.38448430958898955,25,20,20
33,972,0.19750367554753404,0.061072384525339196,0.3570858715502927,0.38433806837683504,25,20,20
33,973,0.20473079455910714,0.06107149708589959,0.34986394385390907,0.38433376450108514,25,20,20
33,974,0.20473079455911003,0.061071497085903384,0.35452300651257834,0.37967470184240903,25,20,20
33,975,0.2007969651752679,0.06107149724969935,0.3584568134655046,0.3796747241095288,25,20,20
33,976,0.22397189021279712,0.06107149724530316,0.3352818884567992,0.3796747240851006,25,20,20
33,977,0.22396681146987937,0.061071497153496405,0.335286991505243,0.3796746998713813,25,20,20
33,978,0.2239668114698762,0.06107149715349649,0.33501990611069254,0.3799417852659348,25,20,20
33,979,0.21816575914716993,0.061071497228694566,0.3408186354202735,0.3799441082038621,25,20,20
33,980,0.2181657591471659,0.06107149722869035,0.3408185892498721,0.3799441543742718,25,20,20
33,981,0.2181657591471659,0.06107149722869035,0.3408185133472298,0.3799442302769141,25,20,20
33,982,0.1781924203961985,0.06107149722899583,0.3807918497016623,0.3799442326731438,25,20,20
33,983,0.15483235408945967,0.061074640545959964,0.40372518963328957,0.3803678157312905,25,20,20
33,984,0.15483235356719705,0.06107464054596043,0.3990307826876671,0.3850622231991753,25,20,20
33,985,0.1548323535671971,0.06107464054596043,0.39903083965680497,0.3850621662300373,25,20,20
33,986,0.15483235356719716,0.061074640546200654,0.39903097260438597,0.385062033282216,25,20,20
33,987,0.1454772375154222,0.06107465444744138,0.39639928658706325,0.39704882145007336,25,20,20
33,988,0.1454772375154222,0.0610746544474413,0.39639936309925744,0.39704874493787917,25,20,20
33,989,0.1454772375154222,0.0610746544474413,0.39639924860061454,0.3970488594365221,25,20,20
33,990,0.14547723751524083,0.06107465444744123,0.3964010121581865,0.39704709587913134,25,20,20
33,991,0.13409369583485659,0.06107486108672492,0.4077843470153992,0.39704709606301863,25,20,20
33,992,0.15629965142061406,0.06107486079045137,0.3855783921760479,0.39704709561288576,25,20,20
33,993,0.15635856020927424,0.06107598160822783,0.3855182443194498,0.39704721386304825,25,20,20
33,994,0.1563941084175427,0.06107462875659795,0.3858517001070556,0.3966795627188041,25,20,20
33,995,0.15639410841494744,0.06107462875658944,0.3858531043732802,0.39667815845518334,25,20,20
33,996,0.15639410841494816,0.06107462875634493,0.38585487591956713,0.3966763869091402,25,20,20
33,997,0.167698835575984,0.06107463403187885,0.386536950628846,0.38468957976329143,25,20,20
33,998,0.16769883557596532,0.06107520160712977,0.38653638305370963,0.38468957976319557,25,20,20
33,999,0.12970213586614215,0.06107518226653443,0.4245331053924948,0.38468957647482793,25,20,20
33,1000,0.1297021358661421,0.06107518226653436,0.4245285200022092,0.3846941618651137,25,20,20
33,1001,0.1297708596660197,0.06107518226622499,0.42445979855626925,0.3846941595114846,25,20,20
33,1002,0.13113106177238143,0.06107640258498563,0.42309832506305434,0.38469421057957837,25,20,20
33,1003,0.13106915290597532,0.06107326629443357,0.4170143818121003,0.3908431989874902,25,20,20
33,1004,0.13106915290597607,0.06107326629443786,0.4170190029114561,0.39083857788812915,25,20,20
33,1005,0.13106915290597926,0.061073266294437864,0.41701916475701234,0.3908384160425699,25,20,20
33,1006,0.13106915290597923,0.061073266294437864,0.4170191627302124,0.39083841806936975,25,20,20
33,1007,0.1310691529059793,0.06107326629468237,0.41702116593925065,0.390836414860087,25,20,20
33,1008,0.13106915290616145,0.06107326628459378,0.405964319376336,0.40189326143290816,25,20,20
33,1009,0.13106915290617635,0.061020281508268034,0.40601730383612195,0.40189326174943324,25,20,20
33,1010,0.16602387176561376,0.06102028138616791,0.37106249002252567,0.40189335682569116,25,20,20
33,1011,0.16602387176543157,0.06102028138616784,0.37106250993548445,0.4018933369129147,25,20,20
33,1012,0.18380388264001052,0.061020281386103645,0.35328250002280454,0.4018933359510796,25,20,20
33,1013,0.18380388264000733,0.061020281386103645,0.3532824526758913,0.40189338329799607,25,20,20
33,1014,0.18380388265029268,0.061020281386588326,0.3536554796067613,0.4015203563563561,25,20,20
33,1015,0.18380388265028988,0.061020281386584614,0.34899638405632205,0.4061794519068019,25,20,20
33,1016,0.1873937269467063,0.06102027393812936,0.35197912164462236,0.3996068774705402,25,20,20
33,1017,0.18735938166966762,0.06102025954739499,0.3520173897837001,0.39960296899923564,25,20,20
33,1018,0.22376328732296405,0.061020259547254055,0.31561348416947044,0.3996029689603099,25,20,20
33,1019,0.2237637151138449,0.06102025783560145,0.31560188451457694,0.39961414253597616,25,20,20
33,1020,0.22274783198377388,0.06102028042551229,0.31661769120460537,0.3996141963861086,25,20,20
33,1021,0.19436608359339608,0.06102007462653042,0.344999646010982,0.39961419576909235,25,20,20
33,1022,0.19436608359344157,0.0610200746265347,0.3450062646596508,0.3996075771203737,25,20,20
33,1023,0.1998675899654176,0.06099060581035691,0.3395343135479753,0.3996074906762486,25,20,20
33,1024,0.23838745691104907,0.060989385476359265,0.3010157175713234,0.3996074400412681,25,20,20
33,1025,0.2540438008701915,0.06098938563435077,0.2853593717537402,0.39960744174171736,25,20,20
33,1026,0.271051827950482,0.06098936340067162,0.26835141743674173,0.3996073912121046,25,20,20
33,1027,0.2715737605410571,0.03994747933430231,0.2888713690792751,0.39960739104536563,25,20,20
33,1028,0.2723364222359845,0.03994747898431257,0.2881087110131028,0.39960738776660015,25,20,20
33,1029,0.27225943221733595,0.03994747898434077,0.28818570103974883,0.3996073877585743,25,20,20
33,1030,0.27527729614754987,0.039946064707476345,0.28516936964253237,0.39960726950244146,25,20,20
33,1031,0.27574338005362703,0.03994606815740031,0.28165879717315373,0.4026517546158195,25,20,20
33,1032,0.24537919951362838,0.03994612083725483,0.31201822459737255,0.40265645505174297,25,20,20
33,1033,0.24537919951362838,0.03994612083725062,0.3123847373954257,0.4022899422536942,25,20,20
33,1034,0.2449118953087087,0.0399461173874263,0.2827507096442768,0.4323912776595872,25,20,20
33,1035,0.24491325838565053,0.0399461173874263,0.28274934656733464,0.4323912776595873,25,20,20
33,1036,0.24499374409965624,0.03994611738731468,0.28266886127852386,0.43239127723450416,25,20,20
33,1037,0.24594636909625084,0.03994611703707205,0.2817163317860703,0.43239118208060534,25,20,20
33,1038,0.24693275191692388,0.03994611667054199,0.2807299510498129,0.43239118036272073,25,20,20
33,1039,0.24693275191692304,0.039946116670546206,0.28035702898851683,0.4327641024240134,25,20,20
33,1040,0.24385683587052537,0.0399473282339945,0.28343173344197736,0.4327641024535016,25,20,20
33,1041,0.24385683587052026,0.021245169441852046,0.302133892382318,0.43276410230530843,25,20,20
33,1042,0.2496514905678564,0.021243957480421863,0.29634044967654055,0.4327641022751799,25,20,20
33,1043,0.2496514905575711,0.02124395747993725,0.2959674241981923,0.43313712776429797,25,20,20
33,1044,0.2496500828769683,0.021243957479937757,0.29596883187879447,0.433137127764298,25,20,20
33,1045,0.2496500828769683,0.021243957479937757,0.29597532078512634,0.4331306388579661,25,20,20
33,1046,0.24965008287696822,0.02124395747993776,0.2959752652799164,0.4331306943631764,25,20,20
33,1047,0.2652354665458885,0.02124396595506625,0.2804009779977633,0.4331195895012804,25,20,20
33,1048,0.26523546654607055,0.021243965955070544,0.28040326801303744,0.4331172994858199,25,20,20
33,1049,0.2652354665460706,0.02124396595531514,0.2804081015359285,0.4331124659626843,25,20,20
33,1050,0.2652182856151021,0.0220192681479011,0.27964884255754385,0.433113603679452,25,20,20
33,1051,0.2652182856151013,0.022019268147901023,0.2796488402885802,0.43311360594841647,25,20,20
33,1052,0.26521828561510136,0.022019268147901023,0.27964451575814064,0.433117930478856,25,20,20
33,1053,0.28914771366007513,0.022019259659886842,0.25571517310555425,0.4331178535744825,25,20,20
33,1054,0.28863282452610944,0.02205822169890722,0.25619104398875964,0.4331179097862226,25,20,20
33,1055,0.2886328245261095,0.022058221698907143,0.256189478043341,0.43311947573164117,25,20,20
33,1056,0.28851074074933813,0.02205822169890764,0.2563115618199765,0.4331194757317764,25,20,20
33,1057,0.28851074074952027,0.02205822169890764,0.2563116708014041,0.43311936675016677,25,20,20
33,1058,0.2885107407495234,0.022058221698663064,0.2563097640439411,0.43312127350787094,25,20,20
33,1059,0.29058199702023824,0.022058234555640027,0.2542383765538652,0.43312139187025545,25,20,20
33,1060,0.2905819965304786,0.02205823534737753,0.2475170012969858,0.43984276682515727,25,20,20
33,1061,0.2905819965304786,0.02205823534737332,0.24751691898701217,0.4398428491351351,25,20,20
33,1062,0.2905819965302965,0.02205823534736903,0.24751462755543246,0.4398451405669011,25,20,20
33,1063,0.29002973544448446,0.022058236064206507,0.24806679215495236,0.4398452363363557,25,20,20
33,1064,0.28423621445036074,0.022058236488155667,0.25386031269070786,0.43984523637077466,25,20,20
33,1065,0.2820959149820319,0.02205822364044931,0.2560006046728053,0.43984525670471164,25,20,20
33,1066,0.282625227370805,0.02205822328724188,0.2554713883737067,0.439845160968245,25,20,20
33,1067,0.3216372984306604,0.022058223626400145,0.21645935948337908,0.43984511845955937,25,20,20
33,1068,0.3216372984306604,0.022058223626400145,0.21645287054177334,0.4398516074011651,25,20,20
33,1069,0.32163736690612005,0.014250713061646561,0.22425996677835613,0.43985195325387616,25,20,20
33,1070,0.32164583218018367,0.03805144137913619,0.2004511023892496,0.4398516240514293,25,20,20
33,1071,0.31853706878514704,0.03805138886242476,0.2035632888165556,0.4398482535358704,25,20,20
33,1072,0.31853706878514704,0.03805138886242476,0.20356328882531385,0.4398482535271122,25,20,20
33,1073,0.358067280335689,0.03805138862082122,0.16403675439049542,0.43984457665299287,25,20,20
33,1074,0.3416247550395136,0.03805138883128731,0.18047922235026007,0.4398446337789375,25,20,20
33,1075,0.30261532888110954,0.03805141435748451,0.21947514077215494,0.43985811598924934,25,20,20
33,1076,0.30261532888111264,0.0380514143574887,0.21974140256597988,0.43959185419541696,25,20,20
33,1077,0.30261491247428796,0.03727631427330555,0.22051805676927003,0.4395907164831352,25,20,20
33,1078,0.30261491247428796,0.03727631427330555,0.22052267750524782,0.43958609574715724,25,20,20
33,1079,0.2631981431769568,0.037283146383486905,0.2599326046636971,0.4395861057758575,25,20,20
33,1080,0.26319814317696,0.03728314638349541,0.25993266022180017,0.43958605021774266,25,20,20
33,1081,0.26332386211333525,0.03730664504293381,0.2597834420156222,0.439586050828107,25,20,20
33,1082,0.26655177276804837,0.03730117876782618,0.2565610056604307,0.439586042803693,25,20,20
33,1083,0.30631722249754983,0.03730117792433709,0.21679555677450238,0.4395860428036101,25,20,20
33,1084,0.3063172224947813,0.03730117713219057,0.21666283803565844,0.439718762337369,25,20,20
33,1085,0.3063172224947813,0.037301177132426575,0.2166675021031104,0.439714098269681,25,20,20
33,1086,0.2989206923962831,0.037301413603991584,0.22400065896472351,0.43977723503500143,25,20,20
33,1087,0.27211308198734513,0.03730141986034229,0.25080823333646385,0.43977726481584867,25,20,20
33,1088,0.2721130819875268,0.03730141986034665,0.2508957415370056,0.43968975661512105,25,20,20
33,1089,0.27211308198734196,0.03730141986034229,0.25080583615390084,0.4397796619984151,25,20,20
33,1090,0.31113069010002686,0.0373013939918302,0.21180183229199553,0.439766083616147,25,20,20
33,1091,0.350547335785079,0.037301684539478235,0.17238487217630738,0.43976610749913525,25,20,20
33,1092,0.3505623439007522,0.03730139365724233,0.1723701310209564,0.439766131421049,25,20,20
33,1093,0.35044327746439463,0.037777659071783876,0.17201290669387578,0.4397661567699457,25,20,20
33,1094,0.31712395050482145,0.03777957741734645,0.20481781770067006,0.4402786543771625,25,20,20
33,1095,0.3171239505048207,0.037779577417342086,0.20481311552007597,0.4402833565577619,25,20,20
33,1096,0.2952260640999372,0.03777960431439811,0.22671093228507597,0.44028339930058796,25,20,20
33,1097,0.2952272225133117,0.037779604314480075,0.22670977387135718,0.44028339930085,25,20,20
33,1098,0.29493613661279416,0.03777961438893029,0.2269995037580389,0.4402847452402357,25,20,20
33,1099,0.2949361366127487,0.03777961438892607,0.2269928517165233,0.440291397281801,25,20,20
33,1100,0.2949361366127487,0.03777961438893036,0.2269906478589,0.44029360113941995,25,20,20
33,1101,0.2893533991058221,0.03777769605255556,0.23307475270504327,0.4397941521365782,25,20,20
33,1102,0.2893533991058221,0.03777769605255556,0.23307475269474748,0.439794152146874,25,20,20
33,1103,0.28991315583777927,0.03777769596296327,0.23251504389278388,0.43979410430647287,25,20,20
33,1104,0.28990797962733056,0.037277729791433366,0.20188867677955735,0.470925613801679,25,20,20
33,1105,0.2903203117381769,0.03727771971698265,0.2014777006826803,0.47092426786216024,25,20,20
33,1106,0.2772267737436694,0.03727771392440519,0.2145712742324011,0.4709242380995243,25,20,20
33,1107,0.27392283044399524,0.03727659622295157,0.21787515456961049,0.4709254187634425,25,20,20
33,1108,0.2739228304438164,0.037276596222951645,0.21788132933775592,0.4709192439954756,25,20,20
33,1109,0.273922666075421,0.03727659622298154,0.21788149370572416,0.47091924399587304,25,20,20
33,1110,0.2739226660754178,0.03727659622297727,0.2176198501785785,0.4711808875230261,25,20,20
33,1111,0.273877427967266,0.037276596261062056,0.21766508594593284,0.47118088982573875,25,20,20
33,1112,0.2738774279672667,0.03727659626081761,0.21766495309281825,0.4711810226790968,25,20,20
33,1113,0.27387724328274904,0.037290490489372344,0.2176524054701652,0.47117986075771306,25,20,20
33,1114,0.2738772432827459,0.03729049048912775,0.2176475733938618,0.47118469283426423,25,20,20
33,1115,0.2512974567743446,0.037290490278664386,0.2402274172386759,0.47118463570831404,25,20,20
33,1116,0.25033418437471383,0.03729049028480682,0.24119068963201573,0.4711846357084615,25,20,20
33,1117,0.2503326885459819,0.03729049027419588,0.23233138220056657,0.48004543897925456,25,20,20
33,1118,0.24376201223864158,0.03729049683935995,0.23890088609353158,0.4800466048284654,25,20,20
33,1119,0.24376201223864158,0.03729049683935995,0.2388961848575953,0.48005130606440166,25,20,20
33,1120,0.2109611438946642,0.040358751801184194,0.26862972580420474,0.4800503784999453,25,20,20
33,1121,0.21096114389466425,0.040358751801427194,0.26889137649323946,0.4797887278106674,25,20,20
33,1122,0.21096114389466433,0.040358751801427194,0.26888917941995927,0.47979092488394764,25,20,20
33,1123,0.21096114404122546,0.040358751801431364,0.26925639309795396,0.47942371105938764,25,20,20
33,1124,0.21196991795412892,0.04035875178168728,0.26824761925578966,0.4794237110083926,25,20,20
33,1125,0.21094273399238084,0.0403588033979261,0.26926767284982067,0.47943078975987086,25,20,20
33,1126,0.2106481109084565,0.040358803486661064,0.2695622958299241,0.47943078977495696,25,20,20
33,1127,0.2106486082845715,0.040347380067078636,0.26957323863037225,0.47943077301797676,25,20,20
33,1128,0.2106486082845715,0.040347380067082925,0.26957785809121204,0.4794261535571329,25,20,20
33,1129,0.21623114267465268,0.040347380777084545,0.264008368194713,0.47941310835354906,25,20,20
33,1130,0.2162311426746519,0.04034738077708447,0.2642699984806788,0.4791514780675844,25,20,20
33,1131,0.18654216066082804,0.0403483262221663,0.2936999775521979,0.4794095355648069,25,20,20
33,1132,0.18749824306285628,0.040348326215946785,0.2927438951563761,0.4794095355648203,25,20,20
33,1133,0.18749824306285628,0.040348326215946854,0.2927440376616734,0.4794093930595229,25,20,20
33,1134,0.18749824247118865,0.040348326215946785,0.2927440369057669,0.4794093944070972,25,20,20
33,1135,0.1874982424711886,0.040348326215946785,0.292743953746099,0.47940947756676505,25,20,20
33,1136,0.18749824247118865,0.040348326215946854,0.29274406763571015,0.47940936367715387,25,20,20
33,1137,0.1874982424711886,0.04034832621570386,0.29247771571073894,0.4796757156023682,25,20,20
33,1138,0.18749774596009774,0.04037382470210597,0.29245269701506493,0.479675732322731,25,20,20
33,1139,0.18749774596009378,0.04037382470186148,0.2924450696358795,0.47968335970216486,25,20,20
33,1140,0.1874977459600938,0.040373824701857186,0.29244045017482395,0.47968797916322453,25,20,20
33,1141,0.18749774596009694,0.04037382470186146,0.2925699819607945,0.4795584473772466,25,20,20
33,1142,0.18749774596268406,0.04037382470186566,0.2926994895801318,0.47942893975531803,25,20,20
33,1143,0.18687627008370236,0.03730556363334627,0.29638946477443645,0.4794287015085144,25,20,20
33,1144,0.14835743533906443,0.03730560593113541,0.3349082553917271,0.47942870333807214,25,20,20
33,1145,0.14835743533906448,0.03730560593113549,0.3349083707033645,0.47942858802643457,25,20,20
33,1146,0.14835746899815822,0.03730560594505978,0.33500045753841945,0.47933646751836156,25,20,20
33,1147,0.14835743533906764,0.037305605931139706,0.3349084520875624,0.47942850664222925,25,20,20
33,1148,0.14835743534686144,0.0373056059313801,0.33478375062956106,0.4795532080921965,25,20,20
33,1149,0.14835743534686144,0.0373056059313801,0.3345240224650936,0.4798129362566639,25,20,20
33,1150,0.14835743534685825,0.037305605931375815,0.3343944898176877,0.4799424689040773,25,20,20
33,1151,0.14835743520029387,0.03730560593137164,0.33402754164430976,0.4803094172240235,25,20,20
33,1152,0.14835743520029387,0.03730560593137164,0.33402754108298643,0.48030941778534675,25,20,20
33,1153,0.14835743520029068,0.03730560593136735,0.33402734581121957,0.48030961305712105,25,20,20
33,1154,0.14835743520029068,0.03730560593136727,0.3340208574935451,0.48031610137479563,25,20,20
33,1155,0.14835762235362146,0.03727738865773838,0.3340489083240535,0.4803160806645851,25,20,20
33,1156,0.14835743497998563,0.037922624982937705,0.33340385936226496,0.4803160806748101,25,20,20
33,1157,0.14834890125674122,0.021929397103054953,0.3494056376156561,0.4803160640245458,25,20,20
33,1158,0.14834890125674122,0.021929397103054953,0.34940563899296345,0.48031606264723853,25,20,20
33,1159,0.14834890125674122,0.021929397103054877,0.3494103541982075,0.4803113474419945,25,20,20
33,1160,0.1483489012567412,0.021929397103054953,0.349405639003262,0.48031606263694004,25,20,20
33,1161,0.1483489012567412,0.021929397103054953,0.34939915010074446,0.4803225515394576,25,20,20
33,1162,0.1483489012567412,0.021929397103054877,0.34939911670553053,0.48032258493467156,25,20,20
33,1163,0.18656249468786648,0.021929354447964605,0.31118556773175743,0.48032258313241016,25,20,20
33,1164,0.17754596054291913,0.021929354727426444,0.3202003818869107,0.48032430284274247,25,20,20
33,1165,0.1775459605429191,0.021929354727426374,0.3202003470854896,0.48032433764416355,25,20,20
33,1166,0.1775459605429191,0.021929354727426374,0.32020038504891934,0.48032429968073387,25,20,20
33,1167,0.17757082512474598,0.021890402363721178,0.32021452900380964,0.4803242435077219,25,20,20
33,1168,0.17757082512474598,0.02189040236372546,0.3203066802581515,0.4802320922533756,25,20,20
33,1169,0.1762877990044728,0.0218892204543981,0.3219120815473156,0.47991089899381234,25,20,20
33,1170,0.1762877990044728,0.021889220454398027,0.3219120085929383,0.47991097194818977,25,20,20
33,1171,0.17031378669005456,0.02188922473651587,0.32788484999609985,0.47991213857732945,25,20,20
33,1172,0.17031378669023667,0.021889224736520236,0.32789144746166216,0.4799055411115807,25,20,20
33,1173,0.17031378669023667,0.021889224736520236,0.32789156189727675,0.4799054266759661,25,20,20
33,1174,0.1703137866902399,0.021889224736764294,0.3279837108717453,0.47981327770125026,25,20,20
33,1175,0.19170103192759985,0.02188919783949486,0.30659643900385797,0.47981333122904746,25,20,20
33,1176,0.19170103191721893,0.02188919783925019,0.3065918323806914,0.47981793786283966,25,20,20
33,1177,0.19170137250291475,0.021889211939275986,0.30659147651521595,0.4798179390425937,25,20,20
33,1178,0.19651818074825259,0.021889207930920418,0.30177574372225036,0.47981686759857717,25,20,20
33,1179,0.19651818074825336,0.021889207930924633,0.3017822671660058,0.4798103441548167,25,20,20
33,1180,0.19651818086972864,0.021889207930920467,0.30894224317148067,0.47265036802787075,25,20,20
33,1181,0.19651818086958556,0.02188920793112241,0.3152017138431399,0.46639089735615274,25,20,20
33,1182,0.19651818086958556,0.02188920793112241,0.3152016319620133,0.4663909792372792,25,20,20
33,1183,0.21595208170364977,0.02188923820748837,0.2957652970518654,0.46639338303699673,25,20,20
33,1184,0.21595148553087612,0.021889223648966546,0.295765909001252,0.4663933818189056,25,20,20
33,1185,0.21595148553087967,0.02188922366128065,0.3004406273821986,0.46171866342564144,25,20,20
33,1186,0.2159516734790619,0.0006455861733231149,0.32168407708380853,0.4617186632638074,25,20,20
33,1187,0.25545816668098614,0.0006455861733261871,0.2821775838808493,0.46171866326483874,25,20,20
33,1188,0.25545816668098614,0.0006455861733218302,0.2820853720023365,0.4618108751433558,25,20,20
33,1189,0.24538939432330728,0.0006577732668462093,0.2921389525289614,0.4618138798808857,25,20,20
33,1190,0.24538939432330728,0.0006577732668462859,0.2921390350322665,0.46181379737758044,25,20,20
33,1191,0.24442584537045733,0.0006585385134035504,0.29290090278586406,0.4620147133302762,25,20,20
33,1192,0.24442584537045817,0.0006585385136481467,0.2929056558157688,0.4620099603001261,25,20,20
33,1193,0.2444258453704574,0.0006585385136481455,0.29290565581505484,0.4620099603008408,25,20,20
33,1194,0.24442667401670143,0.0006577732755879585,0.2926929858736539,0.4622225668340579,25,20,20
33,1195,0.20587903371521754,0.0006578135044087545,0.33124068108696414,0.46222247169340924,25,20,20
33,1196,0.2100984856096619,0.0006456264086686053,0.3270364210545153,0.46221946692715404,25,20,20
33,1197,0.2100996779097354,0.0006455757910024449,0.32659960599954263,0.46265514029971977,25,20,20
33,1198,0.21009967790978087,0.0006455757910067363,0.32660127415749524,0.462653472141717,25,20,20
33,1199,0.2100996779097354,0.00064557579100252,0.32659966851792194,0.46265507778134,25,20,20
33,1200,0.21016973983848977,6.617811354937638e-06,0.32716855520685306,0.462655087143302,25,20,20
33,1201,0.21016955187901856,6.609998142040438e-06,0.3271687509859259,0.46265508713691317,25,20,20
33,1202,0.21123067795656594,6.617965741877174e-06,0.32628248207879573,0.4624802219988968,25,20,20
33,1203,0.21123067795919404,6.617953427849688e-06,0.3217512085892548,0.46701149549812354,25,20,20
33,1204,0.21123067795919717,6.61795342792472e-06,0.32175337818410327,0.4670093259032718,25,20,20
33,1205,0.2112306779565656,6.617953427848387e-06,0.32161233300737657,0.4671503710826302,25,20,20
33,1206,0.21123067795656553,6.6179531832547554e-06,0.32160749951910295,0.4671552045711485,25,20,20
33,1207,0.21123067795656547,6.617953183253458e-06,0.3216074717963979,0.46715523229385353,25,20,20
33,1208,0.21125934987316866,6.627170593768785e-06,0.32157879072064544,0.46715523223559247,25,20,20
33,1209,0.21125934987316874,6.627184533072802e-06,0.3215909958125478,0.4671430271297508,25,20,20
33,1210,0.21125934987316874,6.627184533071496e-06,0.3215956145564316,0.4671384083858672,25,20,20
33,1211,0.21170360767424243,6.627547703760906e-06,0.32115135636233044,0.4671384084157235,25,20,20
33,1212,0.21170360767424248,6.627547948355905e-06,0.32115596128745366,0.46713380349035577,25,20,20
33,1213,0.21170360767424248,6.62754794828323e-06,0.32116245015117434,0.46712731462663515,25,20,20
33,1214,0.21170360767424248,6.627547948357249e-06,0.3211625651084352,0.4671271996693742,25,20,20
33,1215,0.21170360755281523,6.627547948457297e-06,0.31400263358363584,0.4742871313156008,25,20,20
33,1216,0.21019246185479837,6.628384370839617e-06,0.3155137794457792,0.4742871303150516,25,20,20
33,1217,0.21019246185479845,6.6283843751026685e-06,0.31578011070653234,0.4740207990542944,25,20,20
33,1218,0.21020503470976792,7.568707201065042e-06,0.3157609479403358,0.47402644864269566,25,20,20
33,1219,0.17583796566539991,7.5711407182902595e-06,0.3477828427746139,0.4763716204192688,25,20,20
33,1220,0.16817242215740916,7.582942276682358e-06,0.3554500366440005,0.47636995825631345,25,20,20
33,1221,0.16817242215740918,7.582942276682335e-06,0.35545003667316627,0.4763699582271475,25,20,20
33,1222,0.16817242215740968,7.58292833742815e-06,0.3694079202954547,0.4624120746187985,25,20,20
33,1223,0.16673648453885156,7.817848745464274e-06,0.37077868161191163,0.4624770160004914,25,20,20
33,1224,0.1667364845388547,7.817848749755218e-06,0.37078058627351984,0.4624751113388757,25,20,20
33,1225,0.1667364845388547,7.817848509452485e-06,0.3707823958652669,0.462473301747369,25,20,20
33,1226,0.16675290429647427,7.816361456587156e-06,0.3712087320483733,0.46203054729369497,25,20,20
33,1227,0.16282749770623428,1.71584671117415e-05,0.3751896822337762,0.461965661592877,25,20,20
33,1228,0.16282749770623106,1.7158466867684036e-05,0.37510398358525265,0.4620513602416477,25,20,20
33,1229,0.16282749770623106,1.7158466867833253e-05,0.37510818727787554,0.46204715654902484,25,20,20
33,1230,0.16281493021671045,1.7513018617854413e-05,0.3747076702185907,0.4624598865460803,25,20,20
33,1231,0.1628149302167104,1.7513018613590063e-05,0.374441451395063,0.46272610536961184,25,20,20
33,1232,0.1617535652847672,1.7505042849638733e-05,0.3575475655926737,0.4806813640797077,25,20,20
33,1233,0.14318537970207962,1.7487778850006316e-05,0.3761181679269082,0.48067896459216103,25,20,20
33,1234,0.14418037407479667,1.7487778844296657e-05,0.37512326985484834,0.48067886829150963,25,20,20
33,1235,0.14412311599501126,3.8715878794827406e-05,0.3751592883102839,0.4806788798159091,25,20,20
33,1236,0.14412311599500804,3.871587879046077e-05,0.37515692405427165,0.48068124407192897,25,20,20
33,1237,0.1497209459010795,3.871503593927002e-05,0.36955908818305777,0.4806812508799227,25,20,20
33,1238,0.1497209459010795,3.871503593926742e-05,0.3695590085192591,0.480681330543721,25,20,20
33,1239,0.1497209459010795,3.871503593934374e-05,0.369688528047439,0.48055181101554095,25,20,20
33,1240,0.15466363489428128,4.08020710501896e-05,0.3647435775035003,0.4805519855311671,25,20,20
33,1241,0.1540102024956471,4.0812218263926553e-05,0.3653197965664246,0.4806291887196631,25,20,20
33,1242,0.15401020249560154,4.081221826377733e-05,0.36531323005882255,0.48063575522731095,25,20,20
33,1243,0.15401020249560232,4.081221826806873e-05,0.36531473867779196,0.4806342466083367,25,20,20
33,1244,0.14836860548091296,4.083593609358989e-05,0.37095631539664153,0.480634243186352,25,20,20
33,1245,0.1818139987535127,5.462143220588287e-05,0.33749597832394984,0.48063540149033146,25,20,20
33,1246,0.18181399875351267,5.4621432209983966e-05,0.3378624774244864,0.48026890238979064,25,20,20
33,1247,0.19800655232476252,5.4609351846641915e-05,0.3216699901165894,0.48026884820679966,25,20,20
33,1248,0.19849145354107564,5.4609351185824194e-05,0.3211850922658748,0.480268844841862,25,20,20
33,1249,0.19383533800580618,5.4607970803135195e-05,0.32817906644947614,0.4779309875739155,25,20,20
33,1250,0.19383533815372714,5.46079708032498e-05,0.32781273773056846,0.4782973161449021,25,20,20
33,1251,0.19383533815377285,5.460797080327765e-05,0.3139721085529532,0.49213794532247107,25,20,20
33,1252,0.15481110251320845,5.4636320063578346e-05,0.35299631347304206,0.49213794769368957,25,20,20
33,1253,0.15481110251320843,5.4636320063502005e-05,0.352866791947251,0.4922674692194808,25,20,20
33,1254,0.15481113615571082,5.4636333970222655e-05,0.35297089732062337,0.4921633301896992,25,20,20
33,1255,0.15479835011996598,2.715454300096531e-05,0.3530044436733655,0.4921700516636703,25,20,20
33,1256,0.15479835011996598,2.715454300096531e-05,0.35300452329233784,0.49216997204469765,25,20,20
33,1257,0.15479835011996598,2.7154543000962663e-05,0.35299814912875405,0.4921763462082815,25,20,20
33,1258,0.15479835011996604,2.7154543001113198e-05,0.35300475401488823,0.49216974132214714,25,20,20
33,1259,0.15479835011996607,2.715454300540563e-05,0.3530093771116862,0.492165118225345,25,20,20
33,1260,0.154798350119927,2.7154542799102196e-05,0.34674326958683777,0.49843122575043836,25,20,20
33,1261,0.1547983501199725,2.715454279925273e-05,0.34674327830128343,0.49843121703594734,25,20,20
33,1262,0.15479835012015145,2.7154542799326704e-05,0.3467433382412577,0.4984311570957944,25,20,20
33,1263,0.18970448957105357,2.5072579890543966e-05,0.3118394548446252,0.49843098300443117,25,20,20
33,1264,0.1897044901626553,2.5072593833989523e-05,0.3118451729160504,0.4984252643274608,25,20,20
33,1265,0.18970449001473433,2.5072593829623312e-05,0.31183855214851314,0.4984318852429234,25,20,20
33,1266,0.18970449001473433,2.5072593829625904e-05,0.31183842677499934,0.49843201061643727,25,20,20
33,1267,0.1897044894231326,2.5072579886029816e-05,0.31182618569856646,0.4984442522984155,25,20,20
33,1268,0.22949428882301035,2.504813831800196e-05,0.27203641035315934,0.4984442526855122,25,20,20
33,1269,0.22949428882301035,2.504813831378478e-05,0.27203182207774596,0.49844884096092984,25,20,20
33,1270,0.21200309008917684,2.5048543767271243e-05,0.28952302038901623,0.49844884097803943,25,20,20
33,1271,0.21200309008917767,2.504854376727258e-05,0.2895295244317751,0.49844233693527995,25,20,20
33,1272,0.2120050051739639,2.5048571548272324e-05,0.28967943767832116,0.4982905085761665,25,20,20
33,1273,0.21200500517391846,2.504857154819836e-05,0.2896859199127214,0.49828402634181174,25,20,20
33,1274,0.21200497153141526,2.5048557637112282e-05,0.28958027144477816,0.4983897084661693,25,20,20
33,1275,0.2120049715339646,2.5048557637186506e-05,0.28945085675569443,0.4985191231527035,25,20,20
33,1276,0.2134506702796389,2.5022092692596907e-05,0.28800512286820246,0.4985191847594652,25,20,20
33,1277,0.2134506702796389,2.5022092692596907e-05,0.2880051568608438,0.4985191507668239,25,20,20
33,1278,0.2134506702796389,2.502209269259816e-05,0.28800526873835447,0.4985190388893133,25,20,20
33,1279,0.20773854019902935,2.502715278882144e-05,0.29371735314259806,0.4985190795055833,25,20,20
33,1280,0.20773854019902935,2.5027152793084492e-05,0.2939835699327235,0.4982528627154535,25,20,20
33,1281,0.21193420024867982,1.5450199324015067e-05,0.28979643255161824,0.49825391700037797,25,20,20
33,1282,0.21251158971915307,1.5440055238370913e-05,0.2892962321973737,0.4981767380282341,25,20,20
33,1283,0.21258989815132698,1.5440052109787908e-05,0.28921794798468314,0.49817671381187933,25,20,20
33,1284,0.21258989815132778,1.5440065960156903e-05,0.2894852829594969,0.49790937882321445,25,20,20
33,1285,0.21166231527455304,1.5439648586007048e-05,0.2899830749971939,0.4983391700796662,25,20,20
33,1286,0.21166040018976598,1.543962080508257e-05,0.2898311297396983,0.4984930304497297,25,20,20
33,1287,0.21169213499571904,1.3913453168629484e-05,0.29021930068627255,0.49807465086483815,25,20,20
33,1288,0.21169214340114767,1.3913453172980919e-05,0.2903431039592704,0.49795083918640737,25,20,20
33,1289,0.2116921434011508,1.3913453177271044e-05,0.2903387791201564,0.49795516402551393,25,20,20
33,1290,0.21169214340114997,1.3913439326900773e-05,0.2900715602475275,0.4982223829119939,25,20,20
33,1291,0.21169214340114997,1.3913439326900773e-05,0.29007156024752767,0.498222382911994,25,20,20
33,1292,0.2116921433985552,1.3913439326825482e-05,0.2900714789475993,0.4982224642145172,25,20,20
33,1293,0.21432249766900432,1.3885090353350708e-05,0.2874411553584454,0.49822246188219493,25,20,20
33,1294,0.22084569772207568,4.978551304268089e-08,0.2809329489153608,0.49822130357704936,25,20,20
33,1295,0.22091503874876572,2.4984450350812944e-08,0.28087023657423754,0.4982146996925447,25,20,20
33,1296,0.22091503874876253,2.4984445987225016e-08,0.2808637445098985,0.49822119175689134,25,20,20
33,1297,0.22091565919663672,6.021050516389673e-08,0.2679539124246263,0.5111303681682305,25,20,20
33,1298,0.22091565919663672,6.021050090084528e-08,0.2676875811704753,0.5113966994223857,25,20,20
33,1299,0.22091565919663592,6.021050082553039e-08,0.26768750314931156,0.5113967774435504,25,20,20
33,1300,0.22091565919663594,6.021050089950192e-08,0.26768761703906013,0.5113966635538018,25,20,20
33,1301,0.2209156591968175,6.021050937970139e-08,0.2678170695881631,0.5112672110045087,25,20,20
33,1302,0.22091565919663544,6.021050930575359e-08,0.26781700870967584,0.5112672718831782,25,20,20
33,1303,0.22091565919663547,6.021050930575401e-08,0.2678168982563833,0.5112673823364707,25,20,20
33,1304,0.22084630049336662,1.3963390556184302e-05,0.2678724922655498,0.511267243850526,25,20,20
33,1305,0.2136971872566166,1.4208914538237185e-05,0.2750191170152656,0.5112694868135782,25,20,20
33,1306,0.21369718725643505,1.4208914529758283e-05,0.27489117210414304,0.5113974317248908,25,20,20
33,1307,0.21369718725643505,1.4208914529757008e-05,0.27489117070661917,0.5113974331224147,25,20,20
33,1308,0.21369718725643513,1.420891452975569e-05,0.27489587018537154,0.5113927336436623,25,20,20
33,1309,0.2193016565409963,1.40024960035576e-05,0.26929384689778685,0.511390494065212,25,20,20
33,1310,0.21930165654099706,1.4002496003631582e-05,0.26928922938723565,0.5113951115757622,25,20,20
33,1311,0.21930165654099706,1.4002496003557634e-05,0.2692913916742634,0.5113929492887346,25,20,20
33,1312,0.2102328508609548,1.4447868736806277e-05,0.27823945129738725,0.5115132499729195,25,20,20
33,1313,0.18090622906772122,1.4448639676173848e-05,0.3071931418359555,0.5118861804566451,25,20,20
33,1314,0.18090622906772114,1.444863967609983e-05,0.3075661621036755,0.5115131601889253,25,20,20
33,1315,0.18090622906772194,1.4448639676176394e-05,0.30756601528876765,0.5115133070038325,25,20,20
33,1316,0.1775768927061978,1.5957795994872148e-05,0.3112606858755694,0.5111464636222361,25,20,20
33,1317,0.18952491798347693,1.5965843222277132e-05,0.29931046564315533,0.5111486505301438,25,20,20
33,1318,0.18952510060134323,3.034908647823101e-05,0.2997330055714028,0.5107115447407752,25,20,20
33,1319,0.18952510060134323,3.0349086478232314e-05,0.2997329250777027,0.5107116252344754,25,20,20
33,1320,0.1914308065968738,3.0349526106851176e-05,0.2978271669579489,0.51071167691907,25,20,20
33,1321,0.20355207607250608,3.069500852177486e-05,0.28570219039809613,0.5107150385208731,25,20,20
33,1322,0.2035520760725515,3.0695008521847314e-05,0.2858316921521699,0.5105855367667539,25,20,20
33,1323,0.20355207607255144,3.0695008517555046e-05,0.28582504567680384,0.5105921832421244,25,20,20
33,1324,0.20355207607254816,3.069500851318834e-05,0.2858227658232253,0.5105944630957105,25,20,20
33,1325,0.2035520760725028,3.069500872924716e-05,0.2903520970180835,0.5060651319006817,25,20,20
33,1326,0.20355207607250275,3.06950085131133e-05,0.2856933160746854,0.510723912844296,25,20,20
33,1327,0.20355209347424957,3.2311458901799e-05,0.28568400349189643,0.5107315915749497,25,20,20
33,1328,0.20355209347425027,3.2311458902311865e-05,0.32098588669294914,0.4754297083738966,25,20,20
33,1329,0.22800199492422304,3.2303411469021e-05,0.29653817980418334,0.47542752186012166,25,20,20
33,1330,0.22800199492440523,3.230341146902105e-05,0.296169874269329,0.47579582739479365,25,20,20
33,1331,0.2030648634565169,3.266945244939728e-05,0.3211065764833302,0.4757958906077016,25,20,20
33,1332,0.20306486345651703,3.266945244939987e-05,0.3211065800061673,0.47579588708486426,25,20,20
33,1333,0.2030648634565171,3.266945244955046e-05,0.3211088610730004,0.4757936060180309,25,20,20
33,1334,0.2030633684137263,3.2634226539306e-05,0.31258662670713333,0.48431737065259817,25,20,20
33,1335,0.20306337210236539,1.8779590933087353e-05,0.31222769477382917,0.48469015353286926,25,20,20
33,1336,0.20306309936471512,1.7271562052894e-05,0.31220554152240104,0.4847140875508277,25,20,20
33,1337,0.20292786886779285,1.727174326467804e-05,0.3123407709749281,0.48471408841401137,25,20,20
33,1338,0.220122374522191,1.7271337816966957e-05,0.2951462657430693,0.4847140883969203,25,20,20
33,1339,0.22012237452219086,1.7271337816966957e-05,0.29514634273028806,0.4847140114097016,25,20,20
33,1340,0.22189965309322784,1.7119633972181406e-05,0.29336993654485466,0.4847132907279429,25,20,20
33,1341,0.22189965309322784,1.7119633972255355e-05,0.29336777425782706,0.4847154530149703,25,20,20
33,1342,0.23932315386112674,1.6894332017558315e-05,0.2759428531272913,0.4847170986795621,25,20,20
33,1343,0.23932317368089226,1.6894340462847728e-05,0.2806265433271886,0.4800333886514535,25,20,20
33,1344,0.23932317368089226,1.689434046277248e-05,0.2806264300482827,0.48003350193035954,25,20,20
33,1345,0.23932317368089218,1.6894340462695916e-05,0.2806314135244136,0.4800285184542289,25,20,20
33,1346,0.23932320740382404,1.6894340951968428e-05,0.2806417635539435,0.480018134701278,25,20,20
33,1347,0.19949306752613294,1.69233815649502e-05,0.3204715979734617,0.4800184111188381,25,20,20
33,1348,0.2083360889339814,1.6743541894879208e-05,0.31162909265645655,0.4800180748676643,25,20,20
33,1349,0.2083360889339814,1.6743541899168003e-05,0.311631291109377,0.4800158764147396,25,20,20
33,1350,0.2083360889339814,1.674354189916673e-05,0.31163137017708353,0.48001579734703337,25,20,20
33,1351,0.20833608893398062,1.674354189916672e-05,0.31163598826732447,0.4800111792567933,25,20,20
33,1352,0.20831760107003244,1.6715010144372936e-05,0.3116547814620834,0.4800109024577373,25,20,20
33,1353,0.20831760107003486,1.671501014851353e-05,0.31165940053626084,0.4800062833835536,25,20,20
33,1354,0.20831760106985667,1.6715024089671266e-05,0.311661602229448,0.4800040816766034,25,20,20
33,1355,0.20831758143827156,1.671310863904635e-05,0.3116391936782706,0.48002651177481676,25,20,20
33,1356,0.21170146546478893,0.0004697817497876256,0.307808578673742,0.48002017411167913,25,20,20
33,1357,0.21170143174186035,0.00046978176311195043,0.30817137598798805,0.4796574105070375,25,20,20
33,1358,0.21170143173175712,0.0004697817626273433,0.3077998597192219,0.4800289267863914,25,20,20
33,1359,0.21734057468085166,0.0004698228645971042,0.30216067216918335,0.4800289302853658,25,20,20
33,1360,0.2175955564099606,0.0004698232277303005,0.3019056883153245,0.4800289320469826,25,20,20
33,1361,0.23884552013370805,0.0004694645464918328,0.28065944416433947,0.4800255711554591,25,20,20
33,1362,0.2728047316175984,1.6059884728373445e-05,0.24715430179798914,0.4800249066996826,25,20,20
33,1363,0.2728047316175984,1.60598847283734e-05,0.2471544513283304,0.4800247571693413,25,20,20
33,1364,0.2728053415814134,1.605982954027765e-05,0.2472074014270122,0.47997119716203246,25,20,20
33,1365,0.2728053415814134,1.6059829540278947e-05,0.24720732238364784,0.4799712762053967,25,20,20
33,1366,0.27280515701266195,1.6024787838118865e-05,0.24720754163140873,0.47997127656808886,25,20,20
33,1367,0.2728051570126588,1.6024787833829032e-05,0.24720291901701852,0.4799758991824865,25,20,20
33,1368,0.2728051570126588,1.6024787833829032e-05,0.2472030314544417,0.47997578674506336,25,20,20
33,1369,0.27300989856329944,1.602478621024462e-05,0.2469996658864887,0.4799744107639997,25,20,20
33,1370,0.27300989856329944,1.6024786210095343e-05,0.24700208969176166,0.47997198695872734,25,20,20
33,1371,0.2731452418705822,1.6024604997769884e-05,0.2468667474290109,0.4799719860954081,25,20,20
33,1372,0.2820870664113995,1.5574429733083523e-05,0.23804564931434588,0.4798517098445213,25,20,20
33,1373,0.27644970137991437,1.5532817873937632e-05,0.24366973261121735,0.4798650331909941,25,20,20
33,1374,0.2765179523879672,1.5620163524432052e-05,0.2436145807174733,0.47985184673103487,25,20,20
33,1375,0.2765179523879672,1.5620163524508617e-05,0.24360800473887462,0.4798584227096335,25,20,20
33,1376,0.2765179518751813,2.9632565642839832e-05,0.24396677571732894,0.4794856398418464,25,20,20
33,1377,0.2773655399272763,2.8498778955881152e-05,0.24312032134619105,0.47948563994757615,25,20,20
33,1378,0.27736553992727625,2.8498778960095978e-05,0.24312256985176536,0.4794833914419977,25,20,20
33,1379,0.27736553662771773,0.0001426220268340103,0.2430084502727527,0.47948339107269516,25,20,20
33,1380,0.27832660999040426,0.00012856108005813473,0.24206143786941106,0.4794833910601264,25,20,20
33,1381,0.2783266099904011,0.0001285610662445386,0.24168840289003352,0.47985642605332074,25,20,20
33,1382,0.2782566083523678,0.0001284742490418197,0.24175863177196433,0.4798562856266259,25,20,20
33,1383,0.2782566083523686,0.00012847424928642977,0.24176087779624555,0.47985403960209927,25,20,20
33,1384,0.27825813037047636,0.00012847475072325085,0.2417736212300708,0.4798397736487295,25,20,20
33,1385,0.27825661801355295,0.00012847475077917044,0.24177513358667888,0.4798397736489893,25,20,20
33,1386,0.2743773357798264,0.0001284750704840849,0.2456544139832958,0.47983977516639453,25,20,20
33,1387,0.2743773357798264,0.00012847507048400965,0.2456497141439434,0.47984447500574734,25,20,20
33,1388,0.2770056692356532,0.00012847506976942916,0.24302138068816234,0.479844475006416,25,20,20
33,1389,0.24122060959226277,0.00012898779397207535,0.2788034409676643,0.47984696164610185,25,20,20
33,1390,0.24122060959226277,0.00012898779396778396,0.2788058649131723,0.4798445377005984,25,20,20
33,1391,0.24122060118942926,0.00012898779396350521,0.27868210944173394,0.47996830157487447,25,20,20
33,1392,0.24147487438469453,0.00012898752437221544,0.2784278609405354,0.47996827715039814,25,20,20
33,1393,0.24147487438728885,0.00012898752437226285,0.27843220729452595,0.4799639307938131,25,20,20
33,1394,0.24147487438729204,0.00012898752461255628,0.27843663279839104,0.47995950528970466,25,20,20
33,1395,0.24147487438729204,0.00012898752461255628,0.27843656601005135,0.47995957207804446,25,20,20
33,1396,0.24147487438729204,0.00012898752461255758,0.2784319789814494,0.47996415910664636,25,20,20
33,1397,0.2414748743872881,0.00012898751067139854,0.2784250954598449,0.47997104264219603,25,20,20
33,1398,0.23731058724768345,0.0001289870798745725,0.282589500590258,0.4799709250821839,25,20,20
33,1399,0.23731058724754686,0.00012898707987449724,0.28259027661223135,0.4799701490603474,25,20,20
33,1400,0.23731058724754686,0.0001289870798744972,0.2825948985447958,0.479965527127783,25,20,20
33,1401,0.2373105872475469,0.0001289870798745712,0.28259489798680215,0.47996552768577666,25,20,20
33,1402,0.20749192253720203,0.00012898738417239857,0.3124134391351903,0.4799656509434356,25,20,20
33,1403,0.20749189482428448,0.00012898736490682633,0.3124134644387094,0.47996565337209984,25,20,20
33,1404,0.20754924633292796,5.14946241534942e-07,0.3124845852791096,0.47996565344172126,25,20,20
33,1405,0.20754924633292796,5.149462416102346e-07,0.3124845113130522,0.47996572740777843,25,20,20
33,1406,0.20754924633292476,5.149459970267156e-07,0.31247780826807675,0.47997243045300164,25,20,20
33,1407,0.2075492463329247,5.149459970254403e-07,0.3124731053588954,0.47997713336218306,25,20,20
33,1408,0.20754924633287924,5.149460012859047e-07,0.31273703749624543,0.47971320122487404,25,20,20
33,1409,0.20397522761464862,0.0007881187366605646,0.3155224206222402,0.4797142330264507,25,20,20
33,1410,0.2039752276148315,0.000788118736669147,0.3155216367932601,0.47971501685523954,25,20,20
33,1411,0.20397522761487683,0.0007881187369087175,0.3153848363368239,0.47985181731139087,25,20,20
33,1412,0.2039752276146939,0.0007881187369001339,0.31538094512886383,0.47985570851954257,25,20,20
33,1413,0.237785265900323,0.0007881182296900601,0.2815710452250422,0.4798555706449452,25,20,20
33,1414,0.23778526590027763,0.0007881182294462277,0.28144162688465957,0.479984988985617,25,20,20
33,1415,0.23751936119214478,0.0007881182356576784,0.2817075333584396,0.47998498721375776,25,20,20
33,1416,0.23751936119214478,0.0007881182356576797,0.28170750690806456,0.4799850136641329,25,20,20
33,1417,0.23750928943807142,1.6862101642956923e-06,0.2825051664276347,0.47998385792412956,25,20,20
33,1418,0.2375092894354764,1.68620991963948e-06,0.2825031625866545,0.4799858617679494,25,20,20
33,1419,0.23751143359629626,1.6862099206423648e-06,0.2825010188436763,0.4799858613501064,25,20,20
33,1420,0.23751143359647842,1.6862099249348616e-06,0.2825055604163473,0.4799813197772491,25,20,20
33,1421,0.2375114335964784,1.686209924859547e-06,0.28250544510455616,0.47998143508904023,25,20,20
33,1422,0.2375114335962963,1.6862099248597838e-06,0.28250301931380944,0.4799838608799691,25,20,20
33,1423,0.26039350682623136,1.6858041725820907e-06,0.25962015749997586,0.4799846498696199,25,20,20
33,1424,0.22384405343361113,1.6858094431218292e-06,0.29616274090009115,0.4799915198568542,25,20,20
33,1425,0.22493172223310684,1.8648038159315163e-06,0.29502863562390313,0.48003777733917374,25,20,20
33,1426,0.22493172223310684,1.864803816006786e-06,0.29502871811092424,0.48003769485215275,25,20,20
33,1427,0.2350123349447447,1.6857055319706331e-06,0.2849953326749651,0.47999064667475805,25,20,20
33,1428,0.24091754053756795,1.6857244860219054e-06,0.27909012602641936,0.4799906477115266,25,20,20
33,1429,0.24709687124944024,1.685721929188418e-06,0.27291079604884017,0.47999064697978966,25,20,20
33,1430,0.20883985626128296,1.6857221918501025e-06,0.3024827538621716,0.4886757041543528,25,20,20
33,1431,0.2101508971170108,1.7160651149745233e-06,0.29223435269059034,0.4976130341272824,25,20,20
33,1432,0.20657908596511537,1.7160929243654449e-06,0.29580616381387237,0.4976130341280869,25,20,20
33,1433,0.20657908596511532,1.7160929200740547e-06,0.2958038862656146,0.497615311676349,25,20,20
33,1434,0.20488876226556527,1.7157918682680708e-06,0.30309729032299304,0.49201223161957247,25,20,20
33,1435,0.2048487444612584,1.7162731848877025e-06,0.30313730292685703,0.49201223633869984,25,20,20
33,1436,0.20841830293342947,1.7157623118616334e-06,0.29956774757851007,0.4920122337257487,25,20,20
33,1437,0.247911333974799,1.7157641677931778e-06,0.2600747177131153,0.49201223254791826,25,20,20
33,1438,0.247911333974799,1.715764167717886e-06,0.26007468030219083,0.49201226995884295,25,20,20
33,1439,0.21156330001548343,1.7157803630995225e-06,0.2964225886244489,0.4920123955797054,25,20,20
33,1440,0.21156330001548343,1.715780363174778e-06,0.2964291913723493,0.49200579283180473,25,20,20
33,1441,0.2115633000154835,1.7157806060938389e-06,0.29668893911479666,0.49174604508911446,25,20,20
33,1442,0.2364797594583159,1.6921745626375498e-06,0.27775397621704523,0.48576457215007707,25,20,20
33,1443,0.23290050562327122,0.002149607095195455,0.27918520669609065,0.4857646805854439,25,20,20
33,1444,0.23238247891086292,0.0021496073615261692,0.2797005153912758,0.485767398336336,25,20,20
33,1445,0.23238247891086292,0.002149607361530459,0.2797005160439053,0.4857673976837023,25,20,20
33,1446,0.2649463200346148,0.002149336082419073,0.2471382813655607,0.4857660625174068,25,20,20
33,1447,0.2649463200346156,0.002149336082176152,0.2468720454241905,0.48603229845901913,25,20,20
33,1448,0.2649463200346156,0.0021493360821762263,0.24687201203134448,0.4860323318518652,25,20,20
33,1449,0.2649463200346156,0.0021493360821762263,0.24687201203134448,0.4860323318518652,25,20,20
33,1450,0.26494632003461654,0.0021493360821805917,0.2468722201549106,0.4860321237282937,25,20,20
33,1451,0.2649463200348093,0.0021493360825933974,0.25312206181045566,0.4797822820721431,25,20,20
33,1452,0.2718505846858712,0.00214909431932724,0.24621919148273247,0.4797811295120706,25,20,20
33,1453,0.2718505846858712,0.002149094319331456,0.24622073186243573,0.4797795891323631,25,20,20
33,1454,0.27181495489524043,0.0021490943255842595,0.24625636164679623,0.4797795891323808,25,20,20
33,1455,0.2718149548928275,0.00214909432582887,0.24625207160593704,0.4797838791754084,25,20,20
33,1456,0.2723350977696052,0.0021490940594427075,0.24573464633588415,0.4797811618350697,25,20,20
33,1457,0.2731397204384717,0.0021479218386300488,0.2449311958831551,0.47978116183974406,25,20,20
33,1458,0.27159803924244363,0.002147922178775671,0.24646751470211076,0.47978652387667026,25,20,20
33,1459,0.27159803924248876,0.0021479221787755968,0.24684143240950612,0.4794126061692298,25,20,20
33,1460,0.2715980422798991,0.0021479224651270597,0.2724343476741002,0.4538196875808739,25,20,20
33,1461,0.2688974313738971,0.0021479224658503427,0.2751276410624259,0.45382700509782675,25,20,20
33,1462,0.2689130547610855,0.0021479224719291126,0.2751120176991514,0.4538270050678336,25,20,20
33,1463,0.2689130547610854,0.0021479224719291113,0.27510731480006795,0.45383170796691724,25,20,20
33,1464,0.2689130547610854,0.002147922471929072,0.2754757145530357,0.4534633082139496,25,20,20
33,1465,0.2689110283251717,0.0021479224719835465,0.2754777414145059,0.45346330778833904,25,20,20
33,1466,0.26891102832530833,0.00214792247198362,0.2751960432722901,0.4537450059304181,25,20,20
33,1467,0.2689004793214462,0.0021481453162912087,0.27477491266406817,0.45417646269819445,25,20,20
33,1468,0.24266244489563324,0.0021481385707665898,0.3037536110685329,0.45143580546506734,25,20,20
33,1469,0.24266244489563246,0.002148138571011098,0.30376019954496364,0.45142921698839295,25,20,20
33,1470,0.2422863896235948,0.0021481392637550238,0.304136159116047,0.4514293119966034,25,20,20
33,1471,0.24228638717609413,0.0021481389778912952,0.2786732727871983,0.4768922010588163,25,20,20
33,1472,0.24228638717609496,0.0021481389778956615,0.2786779763795607,0.4768874974664488,25,20,20
33,1473,0.2422863842556611,0.0021479161308137866,0.2820864982543519,0.4734792013591733,25,20,20
33,1474,0.23163725822932255,0.002147916129328598,0.29273562439868256,0.4734792012426665,25,20,20
33,1475,0.23095480973671387,0.002148118559218734,0.2934178699023382,0.47347920180173,25,20,20
33,1476,0.22801063955350734,0.002148118555267532,0.29636884033127997,0.4734724015599461,25,20,20
33,1477,0.2297147964307095,0.0021481183008327347,0.29467002283179655,0.47346706243666203,25,20,20
33,1478,0.2667494458341952,0.0021492206999363054,0.2573423062737398,0.4737590271921293,25,20,20
33,1479,0.22679645987435126,0.0021615499221152397,0.2972829623879779,0.4737590278155542,25,20,20
33,1480,0.22679645928444234,0.00216154992162758,0.2971595384869523,0.47388245230697656,25,20,20
33,1481,0.22679645928444156,0.0021615499216232135,0.29715483500998136,0.4738871557839528,25,20,20
33,1482,0.22679645928444064,0.002161549921618849,0.2971547393672828,0.47388725142665655,25,20,20
33,1483,0.22679645928425896,0.0021615499216188507,0.2970624671869171,0.4739795236072042,25,20,20
33,1484,0.22860099869343942,0.0021615498701722945,0.29516035098077104,0.4740771004556164,25,20,20
33,1485,0.2285987036151328,0.0021492206504478504,0.2951749734644851,0.4740771022699335,25,20,20
33,1486,0.2285092919603201,0.0021490320925989597,0.2952644442727535,0.4740772316743273,25,20,20
33,1487,0.2285092919603201,0.0021490320925989597,0.2955306629799429,0.47381101296713785,25,20,20
33,1488,0.268451362781585,1.1171780847050236e-06,0.25773652075087905,0.4738109992894512,25,20,20
33,1489,0.2685028053292419,1.1456822027767444e-06,0.2576850496579873,0.47381099933056803,25,20,20
33,1490,0.268502805329242,1.1456822027767448e-06,0.2576851294060514,0.4738109195825038,25,20,20
33,1491,0.2685028053292874,1.1456822071335483e-06,0.25777743697232214,0.4737186120161834,25,20,20
33,1492,0.2685028053292882,1.1456822072101375e-06,0.25777759225145636,0.4737184567370484,25,20,20
33,1493,0.2703938868568029,4.353312240465662e-08,0.2561869970007144,0.47341907260936017,25,20,20
33,1494,0.29212177988398375,5.5501118228209635e-08,0.23466180739213421,0.4732163572227638,25,20,20
33,1495,0.28559694164341326,5.914053777473923e-08,0.24115744826836433,0.47324555094768456,25,20,20
33,1496,0.29497756566358807,7.909361381278918e-08,0.2314681950811107,0.47355416016168733,25,20,20
33,1497,0.29555063041282936,7.838849074794276e-08,0.23089522601608603,0.4735540651825941,25,20,20
33,1498,0.2955506358326373,7.837967054904186e-08,0.23089522304264112,0.4735540627450512,25,20,20
33,1499,0.2954977524631035,8.118814275404002e-05,0.23085342736883877,0.4735676320253036,25,20,20
33,1500,0.29738672438484554,7.771660887720891e-08,0.229055314928613,0.473557882969933,25,20,20
33,1501,0.29738672438484554,7.771660887723129e-08,0.22905528150998575,0.4735579163885603,25,20,20
33,1502,0.29738672438502683,7.771660895119434e-08,0.2290574070418006,0.473555790856564,25,20,20
33,1503,0.2973870281659071,7.771661166260627e-08,0.22905710321890385,0.4735557908985779,25,20,20
33,1504,0.29548192996241635,4.994733599881327e-08,0.23091855105606393,0.4735994690341836,25,20,20
33,1505,0.29544894971285063,3.658543511914584e-08,0.23095167462316024,0.473599339078554,25,20,20
33,1506,0.2954489497128507,3.658543511784891e-08,0.23095321641761987,0.4735977972840943,25,20,20
33,1507,0.2556355281422116,6.813317255701672e-05,0.2706985641605028,0.4735977745247276,25,20,20
33,1508,0.2555844351818828,2.4981536816449293e-07,0.27075958773386405,0.47365572726888394,25,20,20
33,1509,0.25560495065712874,2.501660423551292e-07,0.2707390735783065,0.47365572559852026,25,20,20
33,1510,0.25560510075355825,2.501352480790195e-07,0.27078523206224536,0.473609417048946,25,20,20
33,1511,0.25560510075355825,2.501352439026959e-07,0.2704122494250936,0.47398239968610184,25,20,20
33,1512,0.2556051007533761,2.501352437534646e-07,0.27041005050757216,0.4739845986038053,25,20,20
33,1513,0.22501760178157543,2.5077596808329273e-07,0.30098811594118524,0.47399403150126873,25,20,20
33,1514,0.22501760178157543,2.5077597237493524e-07,0.30098663668683373,0.4739955107556158,25,20,20
33,1515,0.22690046334197173,2.5093888676977563e-07,0.2988934283429717,0.47420585737616705,25,20,20
33,1516,0.22690046334197167,2.509388867684431e-07,0.29890000269935774,0.47419928301978126,25,20,20
33,1517,0.25020266531805496,2.509303912676294e-07,0.2758129996020119,0.4739840841495399,25,20,20
33,1518,0.26448549965453305,4.500462984669222e-08,0.2615882911136399,0.47392616422719497,25,20,20
33,1519,0.26448549965453383,4.50046340615739e-08,0.26158991905479645,0.4739245362860334,25,20,20
33,1520,0.2644854996545337,4.500462977008976e-08,0.2615882955961844,0.47392615974464997,25,20,20
33,1521,0.26440056365144904,4.4768991603383234e-08,0.26188470504683176,0.4737146865327255,25,20,20
33,1522,0.26486835623972665,4.476448977743505e-08,0.26141697989955043,0.4737146190962314,25,20,20
33,1523,0.2648683562397259,4.476448970347653e-08,0.2614103755313287,0.473721223464454,25,20,20
33,1524,0.2638809746690985,6.788651383157536e-08,0.25219138419813025,0.4839275732462556,25,20,20
33,1525,0.2638809746794798,6.788651398087304e-08,0.25219463562811656,0.4839243218058879,25,20,20
33,1526,0.2638809872006363,6.786593469669593e-08,0.2521946231493787,0.48392432178404854,25,20,20
33,1527,0.26018761822029207,6.722512757570282e-08,0.25589742560628453,0.48391488894829265,25,20,20
33,1528,0.2593768953354453,4.409912284837411e-08,0.26659852825046326,0.47402453231496544,25,20,20
33,1529,0.2593768953352632,4.409887823957629e-08,0.26659624886116806,0.47402681170468747,25,20,20
33,1530,0.25847584707376375,4.5014298152829113e-08,0.2670965538447516,0.4744275540671837,25,20,20
33,1531,0.25945088601107547,2.506742021000155e-08,0.26643014438176377,0.47411894453973813,25,20,20
33,1532,0.2594508860110763,2.5081229081676464e-08,0.2668041821107824,0.47374490679690984,25,20,20
33,1533,0.25373971173263005,2.508149449242099e-08,0.2725153563786424,0.4737449068072302,25,20,20
33,1534,0.2537397117326755,2.5081494493733738e-08,0.27251975736213147,0.4737405058236955,25,20,20
33,1535,0.25373971173267545,2.508149449371096e-08,0.2725196775897253,0.47374058559610155,25,20,20
33,1536,0.25373971173263,2.5081494492374575e-08,0.27251530938736857,0.47374495379850373,25,20,20
33,1537,0.25373971173263,2.5081494492374575e-08,0.2725153093873686,0.47374495379850373,25,20,20
33,1538,0.2532362074828464,2.472460958063138e-08,0.2730188123470319,0.47374495544550904,25,20,20
33,1539,0.25232580680334404,3.4893958092559434e-08,0.2739239528169655,0.4737502054857286,25,20,20
33,1540,0.27115123452299233,5.076382701067391e-07,0.2550969120570309,0.4737513457817039,25,20,20
33,1541,0.2550644495251143,5.078340921819135e-07,0.27118369856202734,0.4737513440787633,25,20,20
33,1542,0.2550644495251143,5.078340921805702e-07,0.27118361469557756,0.473751427945213,25,20,20
33,1543,0.25506444952511353,5.078340921807595e-07,0.271182062745666,0.47375297989512555,25,20,20
33,1544,0.25519305220862654,5.078450669309912e-07,0.2710534610464732,0.47375297889983115,25,20,20
33,1545,0.2551930522085811,5.078450626507221e-07,0.27096585462620754,0.47384058532014683,25,20,20
33,1546,0.25519305220858113,5.078450626481451e-07,0.27069952352927357,0.47410691641708075,25,20,20
33,1547,0.29426181853941286,5.073597069806078e-07,0.23163073399848116,0.47410694010239723,25,20,20
33,1548,0.282815804871766,5.218932413697002e-07,0.24307673302848318,0.47410694020650807,25,20,20
33,1549,0.28182224080242446,5.618917762864356e-07,0.24407025950805605,0.4741069377977417,25,20,20
33,1550,0.3217902395432612,5.618917746862206e-07,0.20410226078012728,0.4741069377848354,25,20,20
33,1551,0.32299292046197997,5.517224251394658e-07,0.2029048401006352,0.4741016877149583,25,20,20
33,1552,0.3229929204619799,5.517224208478058e-07,0.20290464285595766,0.47410188495964023,25,20,20
33,1553,0.3229929204619799,5.517224208478283e-07,0.2029046442432937,0.47410188357230415,25,20,20
33,1554,0.3229929204515986,5.517224206985075e-07,0.20290150460864453,0.4741050232173349,25,20,20
33,1555,0.322993429398233,5.517377106448867e-07,0.20321659131652411,0.47378942754753006,25,20,20
33,1556,0.3297570599729289,7.159869338975794e-08,0.19645461540412054,0.4737882530242554,25,20,20
33,1557,0.29136060943536335,7.241315677526545e-08,0.23485084776390225,0.4737884703875761,25,20,20
33,1558,0.3243246756707255,7.241289203221064e-08,0.2018867816008581,0.47378847031552224,25,20,20
33,1559,0.3243246756709076,7.241289632336419e-08,0.2018914863619111,0.4737837655542828,25,20,20
33,1560,0.32432467567090767,7.241289632338656e-08,0.20189165014533866,0.4737836017708551,25,20,20
33,1561,0.32508084648113483,7.278923489622177e-08,0.20113573400453824,0.4737833467250892,25,20,20
33,1562,0.32508084648113483,7.278923490013857e-08,0.20113563724654354,0.4737834434830839,25,20,20
33,1563,0.32508084648113394,7.277542181337812e-08,0.20076615775955195,0.4741529229838894,25,20,20
33,1564,0.328590103244381,2.917546638973235e-07,0.19725664600556223,0.47415295899539023,25,20,20
33,1565,0.328590103244381,2.9175466389734583e-07,0.19725675846732738,0.474152846533625,25,20,20
33,1566,0.29207431560703795,6.464441079723007e-05,0.2331051492498278,0.4747558907323346,25,20,20
33,1567,0.29207431560703795,6.464441079722878e-05,0.2331051164414562,0.4747559235407064,25,20,20
33,1568,0.2887181979188831,2.9226341682756046e-07,0.23712863087237357,0.47415287894532426,25,20,20
33,1569,0.28871819791888315,2.9226341690282055e-07,0.237133219140004,0.47414829067769376,25,20,20
33,1570,0.28797661530135654,2.9230244515033185e-07,0.2378748904208292,0.4741482019753667,25,20,20
33,1571,0.28797661530135654,2.923024451490433e-07,0.23787027078096706,0.4741528216152288,25,20,20
33,1572,0.2879766153013573,2.923026897457418e-07,0.23787411712692677,0.4741489752690237,25,20,20
33,1573,0.26147606422798864,2.793372628710319e-07,0.26368576684783773,0.47483788958690765,25,20,20
33,1574,0.2614760642279886,2.793372629462777e-07,0.2636858478129343,0.47483780862181135,25,20,20
33,1575,0.26082187074403423,2.943997289342162e-07,0.264337328327037,0.4748405065291972,25,20,20
33,1576,0.2772714962477115,2.8242404949842995e-07,0.24788771579918806,0.47484050552904866,25,20,20
33,1577,0.278197142758539,2.8241945929352175e-07,0.24696209299911476,0.4748404818228847,25,20,20
33,1578,0.2781971433489144,2.8243312947498293e-07,0.2470506091738858,0.474751965044068,25,20,20
33,1579,0.2781971502317996,2.8241943529967546e-07,0.2515073620740507,0.4702952052747122,25,20,20
33,1580,0.24106120711301637,2.1651069531723606e-06,0.2886413396150648,0.4702952881649635,25,20,20
33,1581,0.24106120711301637,2.1651069531736815e-06,0.28864145409344916,0.47029517368657914,25,20,20
33,1582,0.24106118710993438,2.1834451238428986e-06,0.2886414558010157,0.4702951736439245,25,20,20
33,1583,0.24106118710993438,2.1834451238416094e-06,0.28863686981596015,0.47029975962898013,25,20,20
33,1584,0.2410611871100684,2.1834451238207673e-06,0.29971848184677996,0.4592181475980263,25,20,20
33,1585,0.2395307356387622,2.1818865686931082e-06,0.3019245571556577,0.4585425253190095,25,20,20
33,1586,0.23946941173605876,2.180971143582088e-06,0.3023866266743408,0.45814178061845595,25,20,20
33,1587,0.24296572787561235,4.486503937377371e-06,0.29888781041017193,0.4581419752102774,25,20,20
33,1588,0.24296572787561244,4.486503937450841e-06,0.2991540291231182,0.45787575649733087,25,20,20
33,1589,0.24296572788597143,4.486503941732446e-06,0.2992416879909562,0.4577880976191298,25,20,20
33,1590,0.24296572788597143,4.486503941659774e-06,0.2992415746011647,0.4577882110089215,25,20,20
33,1591,0.25335599861161195,4.486295352671609e-06,0.28885130340026094,0.457788211692774,25,20,20
33,1592,0.2931596008840631,4.467446812462993e-06,0.24904771996892336,0.4577882117001991,25,20,20
33,1593,0.2928600495073426,4.463541756344312e-06,0.24937535056003032,0.4577601363908695,25,20,20
33,1594,0.3088449732752417,4.463796664080821e-06,0.23339040258723526,0.45776016034085837,25,20,20
33,1595,0.3088449732752774,4.4637964959618746e-06,0.22714292080910414,0.464007642119122,25,20,20
33,1596,0.305362985519809,2.183985235456427e-06,0.23062738081632123,0.46400744967863367,25,20,20
33,1597,0.30594021455636805,2.1689243597386268e-06,0.23005284053171443,0.4640047759875574,25,20,20
33,1598,0.305940214556368,2.1689243596633577e-06,0.23005275802839337,0.46400485849087864,25,20,20
33,1599,0.30581548424926996,1.6014394241135725e-05,0.23016476479975323,0.4640037365567353,25,20,20
33,1600,0.3061989833697958,1.601929191411113e-05,0.22978128431693903,0.4640037130213504,25,20,20
33,1601,0.3061989833697958,1.6019291914110628e-05,0.23004753444562404,0.46373746289266543,25,20,20
33,1602,0.30619898336984086,1.6019292156378548e-05,0.23015432136720843,0.4636306759707937,25,20,20
33,1603,0.30619898336961243,1.601929191176716e-05,0.2301542370842731,0.46363076025420213,25,20,20
33,1604,0.30619898336956736,1.601929166950102e-05,0.2297877224135349,0.46399727492522763,25,20,20
33,1605,0.30619482092469896,1.6014128006634544e-05,0.22979189002994832,0.46399727491734555,25,20,20
33,1606,0.3431372364943992,1.4131623982092988e-05,0.19285139074561491,0.4639972411360024,25,20,20
33,1607,0.34313723649439837,1.41316237418302e-05,0.19311381064194527,0.4637348212399133,25,20,20
33,1608,0.3431372364944437,1.4131623985587283e-05,0.19324106479955322,0.4636075670820163,25,20,20
33,1609,0.31267349627747837,1.4132045684238171e-05,0.22333267436930318,0.46397969730753386,25,20,20
33,1610,0.31267349626730007,1.4132045679881296e-05,0.22355608112635492,0.4637562905606647,25,20,20
33,1611,0.31320623698659233,1.4092053478738255e-05,0.22302347489343222,0.46375619606649643,25,20,20
33,1612,0.31319117431475046,2.5792795901202718e-05,0.22302695381020515,0.46375607907914224,25,20,20
33,1613,0.3131911743147513,2.5792795901205357e-05,0.22302695918447094,0.4637560737048758,25,20,20
33,1614,0.31319476759775156,2.5792795901340154e-05,0.22302339011764732,0.46375604948869914,25,20,20
33,1615,0.33350547284458115,2.5791981434033537e-05,0.20271290307845832,0.4637558320955254,25,20,20
33,1616,0.3366013309040121,2.5862724458560325e-05,0.19961696103078203,0.4637558453407457,25,20,20
33,1617,0.33661549451285877,2.6534539955915836e-05,0.19941256708632038,0.46394540386086325,25,20,20
33,1618,0.3366154945128587,2.6534539955841043e-05,0.19914635034170217,0.4642116206054815,25,20,20
33,1619,0.3366154945128587,2.653453995576584e-05,0.1991397466226961,0.4642182243244877,25,20,20
33,1620,0.3367447776488013,2.653453992789522e-05,0.19901046391093996,0.4642182239003293,25,20,20
33,1621,0.37329976621013605,2.6534118370671802e-05,0.16282758210036113,0.46384611757113087,25,20,20
33,1622,0.3594813886542578,2.6537585074199246e-05,0.17664504547507637,0.46384702828559027,25,20,20
33,1623,0.3594813886542578,2.6537585074197925e-05,0.1766450449759537,0.4638470287847129,25,20,20
33,1624,0.3594813886542578,2.6537585074197898e-05,0.17664507233898033,0.46384700142168617,25,20,20
33,1625,0.35948138865426105,2.6537585078524088e-05,0.17701805989844316,0.46347401386221593,25,20,20
33,1626,0.3594813886542579,2.6537585074199216e-05,0.17664503839421755,0.46384703536644895,25,20,20
33,1627,0.3594813811810429,2.653758485797648e-05,0.1720932635652739,0.4683988176688238,25,20,20
33,1628,0.3594813811808622,2.6537584857976485e-05,0.17178410088079815,0.4687079803534802,25,20,20
33,1629,0.35948138118086304,2.6537584862266324e-05,0.171782199616673,0.4687098816176004,25,20,20
33,1630,0.35948138118072903,2.65375848622132e-05,0.16070050650529188,0.47979157472911554,25,20,20
33,1631,0.3597880224706309,2.6247953274977074e-05,0.1603941794908534,0.4797915500852394,25,20,20
33,1632,0.36336748524769114,1.4546780232537268e-05,0.15682641572091113,0.47979155225116427,25,20,20
33,1633,0.36336748524769114,1.4546780236828194e-05,0.15682641744073625,0.4797915505313348,25,20,20
33,1634,0.36336748524769114,1.4546780232491663e-05,0.15656012274517858,0.4800578452268967,25,20,20
33,1635,0.3340544301416063,7.017762935984694e-07,0.18588691653556158,0.4800579515465369,25,20,20
33,1636,0.3342600349063658,7.015971377367918e-07,0.18568136104499464,0.48005790245150076,25,20,20
33,1637,0.3342600349064113,7.015971378860473e-07,0.18568367446227996,0.48005558903416984,25,20,20
33,1638,0.312494937016699,7.709963071793769e-07,0.2074429368432842,0.4800613551437084,25,20,20
33,1639,0.31249493701665665,7.709963071793616e-07,0.20744065823895355,0.48006363374808136,25,20,20
33,1640,0.31249493701665665,7.709963071793384e-07,0.20744063037681004,0.4800636616102248,25,20,20
33,1641,0.29637055519658134,7.709878183483547e-07,0.22356172818124403,0.480066945634354,25,20,20
33,1642,0.2963705551965813,7.709878140561081e-07,0.22355512227361893,0.4800735515419835,25,20,20
33,1643,0.29637055519658206,7.70987814132697e-07,0.2235552395875474,0.48007343422805415,25,20,20
33,1644,0.2963408216907322,7.345959815363376e-08,0.2237752288982999,0.4798838759513672,25,20,20
33,1645,0.2963408216909144,7.345959823024625e-08,0.22377537180613863,0.4798837330433463,25,20,20
33,1646,0.2928627360431252,2.9275178110357945e-07,0.22725222776264686,0.47988474344244425,25,20,20
33,1647,0.2928627360431252,2.927517811048548e-07,0.2272523082624071,0.479884662942684,25,20,20
33,1648,0.27110842532666757,0.0003447820923369633,0.24866162411460319,0.47988516846639084,25,20,20
33,1649,0.27110842532666757,0.0003447820923369633,0.24866822915382095,0.47987856342717317,25,20,20
33,1650,0.2711084253266672,0.0003447820925798551,0.24893438271634682,0.4796124098644048,25,20,20
33,1651,0.2711084253266672,0.0003447820925755653,0.24892979643790958,0.4796169961428464,25,20,20
33,1652,0.2712279935490354,0.000344782001896879,0.24881025291903885,0.47961697153002775,25,20,20
33,1653,0.26768246809650537,0.00034478154288151644,0.2523559058296684,0.47961684453094433,25,20,20
33,1654,0.2676824680965046,0.00034478154288144114,0.25236239494216606,0.47961035541844743,25,20,20
33,1655,0.23133905369869642,0.0003447815381012409,0.28870580935885126,0.4796103554043485,25,20,20
33,1656,0.2312759330810309,0.00034478179402582806,0.2887649753463645,0.4796143097785762,25,20,20
33,1657,0.2312759330914111,0.00034478179427040694,0.28877258621119756,0.47960669890311824,25,20,20
33,1658,0.23127593309136568,0.0003447817940265746,0.28864316834716347,0.47973611676744177,25,20,20
33,1659,0.22006586154759236,0.0003449933717753957,0.2998520363572249,0.4797371087234044,25,20,20
33,1660,0.24363385211347527,0.00034492080368535435,0.2762907942442657,0.4797304328385711,25,20,20
33,1661,0.24363385210309588,0.00034492080368490934,0.27637539896010366,0.479645828133113,25,20,20
33,1662,0.24363385210309904,0.00034492080368920077,0.2763710987483058,0.4796501283449033,25,20,20
33,1663,0.24363385210309904,0.0003449208036892747,0.2763710965400026,0.4796501305532065,25,20,20
33,1664,0.2785089240164058,0.0003449208037962828,0.24149602459917244,0.47965013058062317,25,20,20
33,1665,0.3130391483072425,0.00034492080365121467,0.20696580247878463,0.47965012841031934,25,20,20
33,1666,0.31303914830724255,0.00034492080365550453,0.20697050464308817,0.4796454262460116,25,20,20
33,1667,0.32965186384313727,0.0003449207995626595,0.1903610731643695,0.47964214219292955,25,20,20
33,1668,0.3691582740644255,0.00034492053532711453,0.1508586159000035,0.47963818950024384,25,20,20
33,1669,0.36923306253772137,0.00034492053373572757,0.15078382742843652,0.47963818950010617,25,20,20
33,1670,0.36923306253772137,0.00034492053373565227,0.15077738640744778,0.479644630521095,25,20,20
33,1671,0.36923306253772137,0.0003449205337356524,0.15077722313384748,0.4796447937946953,25,20,20
33,1672,0.372716636496561,0.00034470124155277815,0.14729487886629117,0.4796437833955949,25,20,20
33,1673,0.372716636496561,0.0003447012415527795,0.1473014831305573,0.47963717913132875,25,20,20
33,1674,0.3727166364967431,0.000344701241557145,0.147295077058645,0.4796435852030545,25,20,20
33,1675,0.3725889051680796,0.00034470124478996845,0.14742142934350289,0.47964496424362735,25,20,20
33,1676,0.37415816619777004,0.00034470122919373056,0.14586523928018344,0.47963189329285244,25,20,20
33,1677,0.3741581661975879,0.00034470122919365396,0.145865178253471,0.479631954319747,25,20,20
33,1678,0.3741559255352074,0.0003447012291936804,0.14586741891584687,0.47963195431975175,25,20,20
33,1679,0.3741559255351653,0.0003447012289464243,0.14560122988410223,0.4798981433517856,25,20,20
33,1680,0.3740930027515781,0.00034470124172858956,0.1456587041740184,0.4799035918326744,25,20,20
33,1681,0.35037579882598263,0.0003451649992237399,0.1693786834023422,0.4799003527724502,25,20,20
33,1682,0.35037579882598263,0.00034516499922373865,0.16937872729698938,0.47990030887780305,25,20,20
33,1683,0.3537734632941965,0.00034516499054426436,0.16598106523298262,0.479900306482276,25,20,20
33,1684,0.3537734632942388,0.00034516499054433803,0.16598350646544247,0.4798978652497737,25,20,20
33,1685,0.35377346329424286,0.0003451649907889216,0.16599009656241695,0.4798912751525506,25,20,20
33,1686,0.33942091551348363,0.00034516499381902975,0.18034264433519376,0.4798912751575029,25,20,20
33,1687,0.33611480019589945,0.00034543052293222495,0.18364786103991018,0.47989190824125744,25,20,20
33,1688,0.3361148001959019,0.0003454305366273938,0.18356788592251555,0.4799718833449544,25,20,20
33,1689,0.2995993087229354,0.0003454561257462631,0.2200832298791096,0.47997200527220985,25,20,20
33,1690,0.2926882247127104,0.00034545620002555114,0.22699455353415324,0.47997176555311144,25,20,20
33,1691,0.2926882247125282,0.0003454562000211843,0.22699435540816798,0.4799719636792833,25,20,20
33,1692,0.29281041496007376,0.0003454562030986889,0.22687218890659036,0.47997193993023785,25,20,20
33,1693,0.29350529721163393,0.0003454562033124109,0.226177306654297,0.47997193993075704,25,20,20
33,1694,0.2754101641914588,0.0003454562033610822,0.24427243872819093,0.4799719408769896,25,20,20
33,1695,0.275410164191462,0.0003454562033611575,0.24427705978658018,0.4799673198185969,25,20,20
33,1696,0.2754143546350713,0.00034545620011782656,0.24427287021254493,0.4799673189522662,25,20,20
33,1697,0.26420560613667815,0.00034630119891590786,0.25548077306986544,0.4799673195945408,25,20,20
33,1698,0.2642056061470565,0.0003463011989159105,0.255478367685676,0.47996972496835183,25,20,20
33,1699,0.27109621399883005,0.0003463011214062263,0.24858889921800353,0.4799685856617606,25,20,20
33,1700,0.2724966704633431,0.0003463880472688716,0.24716496162319682,0.479991979866191,25,20,20
33,1701,0.27249667046329834,0.0003463880472645817,0.24716477882674123,0.4799921626626956,25,20,20
33,1702,0.2724051258295245,0.0004258006924818662,0.24717742693992542,0.4799916465380678,25,20,20
33,1703,0.27240512582172116,0.00042580069272904697,0.2474414881319187,0.4797275853536306,25,20,20
33,1704,0.2724745882480416,0.00034612252707103615,0.24745182083035686,0.4797274683945299,25,20,20
33,1705,0.2724745882480416,0.00034612252707103615,0.24745174094684175,0.47972754827804515,25,20,20
33,1706,0.2724745882478595,0.0003461225270668956,0.24744715256604655,0.4797321366590267,25,20,20
33,1707,0.23436738754857422,0.0003461264277479454,0.282111310189612,0.48317517583406455,25,20,20
33,1708,0.23088772178747102,0.0003476602941027692,0.28558930763080753,0.4831753102876176,25,20,20
33,1709,0.23088772178751577,0.0003476602941029158,0.28559847670433397,0.4831661412140466,25,20,20
33,1710,0.2020996322817657,0.0003474487168459523,0.2745343538878857,0.5230185651135018,25,20,20
33,1711,0.2014596416839204,0.000347458871940791,0.2751729306942626,0.5230199687498758,25,20,20
33,1712,0.20145964168391722,0.0003474588580014895,0.27516721616790485,0.5230256832901761,25,20,20
33,1713,0.20145964168387248,0.00034745885800563326,0.27515812453892,0.5230347749192015,25,20,20
33,1714,0.2014596416812942,0.00034745885775837727,0.2748983699406581,0.523294529520289,25,20,20
33,1715,0.20145964168133973,0.0003474588577627415,0.27489196221582907,0.5233009372450682,25,20,20
33,1716,0.20145964168133892,0.00034745885776274097,0.2751581772450691,0.5230347222158293,25,20,20
33,1717,0.19846086496443843,0.00034737193164518615,0.2781806562857335,0.5230111068181826,25,20,20
33,1718,0.19846086497481888,0.00034737193164940174,0.2781871799304136,0.5230045831631179,25,20,20
33,1719,0.19846038604926278,0.0003473719311576684,0.2781333705288665,0.5230588714907127,25,20,20
33,1720,0.18825777031224333,0.00034927137850365595,0.2883254125829262,0.5230675457263266,25,20,20
33,1721,0.18825777031224417,0.00034927137850793236,0.28844833067455694,0.5229446276346909,25,20,20
33,1722,0.18304894737453015,0.0003492940723293815,0.293657077063814,0.5229446814893259,25,20,20
33,1723,0.18382245242389406,0.00034928392374299235,0.29288496068813347,0.5229433029642292,25,20,20
33,1724,0.1838224524238901,0.0003492839234984828,0.2928782963069592,0.5229499673456521,25,20,20
33,1725,0.1838224524238901,0.00034928392349841005,0.29287829761610173,0.5229499660365097,25,20,20
33,1726,0.18383032421512963,0.00034928392954109664,0.292870424147907,0.5229499677074224,25,20,20
33,1727,0.1843314958474425,0.00034959726384893304,0.2898312408379495,0.5254876660507593,25,20,20
33,1728,0.1843314958474417,0.0003495972638489767,0.29009737681730097,0.5252215300714084,25,20,20
33,1729,0.18433149585775457,0.0003495972640919654,0.2903643762980229,0.5249545305801305,25,20,20
33,1730,0.1843314958577514,0.0003495972640918915,0.2903643755485511,0.5249545313296057,25,20,20
33,1731,0.184331495847371,0.00034959726408767447,0.2907308392086385,0.5245880676799028,25,20,20
33,1732,0.18432897127759904,0.0003495933647481505,0.2941089079329666,0.5212125274246863,25,20,20
33,1733,0.18432897127759584,0.0003495933647524388,0.29411535060708927,0.5212060847505624,25,20,20
33,1734,0.20224546724875545,0.00034959345674450803,0.27619885504570696,0.5212060842487937,25,20,20
33,1735,0.20217628556599673,0.00034959344808716057,0.27626790839002224,0.5212062125958945,25,20,20
33,1736,0.20204803709003405,5.320032341547921e-06,0.2767399240802629,0.5212067187973618,25,20,20
33,1737,0.20204803709003397,5.3200323372568125e-06,0.27673522102768117,0.521211421849948,25,20,20
33,1738,0.20204803449443173,1.9283247841867778e-05,0.27672227176802994,0.5212104104896966,25,20,20
33,1739,0.2020480344944318,1.928324783765342e-05,0.27671578116230433,0.5212169010954265,25,20,20
33,1740,0.2020480344944318,1.928324783757866e-05,0.2764494503219341,0.521483231935797,25,20,20
33,1741,0.2020480344944318,1.9283247833240812e-05,0.27618985166759613,0.5217428305901393,25,20,20
33,1742,0.20204803449443415,1.9283248071957505e-05,0.27632666305039383,0.5216060192071003,25,20,20
33,1743,0.2020480344944342,1.9283248071956177e-05,0.27633124834700196,0.521601433910492,25,20,20
33,1744,0.2238519906012571,1.9283442660889238e-05,0.25452435188791545,0.5216043740681667,25,20,20
33,1745,0.22354085347406463,1.9283353781024595e-05,0.2548354891150674,0.5216043740570872,25,20,20
33,1746,0.22354085347406463,1.9283353781025917e-05,0.25482886893655976,0.5216109942355948,25,20,20
33,1747,0.21970131470470888,1.9283347295883995e-05,0.2586684328383194,0.5216109691096755,25,20,20
33,1748,0.21301723396191743,1.929197266325075e-05,0.26528684196228924,0.5216766321031296,25,20,20
33,1749,0.2130172339619182,1.929197266317687e-05,0.2649203438673102,0.522043130198108,25,20,20
33,1750,0.21301723396187594,1.9291972663102752e-05,0.26492176958363006,0.5220417044818304,25,20,20
33,1751,0.19866014468249596,0.00010336432678216384,0.2791945379724391,0.5220419530182816,25,20,20
33,1752,0.19866014468249596,0.00010336432678216388,0.27919453867352123,0.5220419523171995,25,20,20
33,1753,0.19866014468249346,0.00010336432702245463,0.27919961871234833,0.5220368722781346,25,20,20
33,1754,0.19866014468249346,0.00010336432702238199,0.2791950313096176,0.5220414596808657,25,20,20
33,1755,0.17780525244523887,0.00010306740486107287,0.30258790987356365,0.5195037702763364,25,20,20
33,1756,0.1778052434246863,0.00010306743460888226,0.30258791886438935,0.5195037702763153,25,20,20
33,1757,0.17774512808520085,1.9762997325870535e-05,0.3027239002037969,0.5195112087136768,25,20,20
33,1758,0.1777451280852008,1.9762997325795616e-05,0.3026316876383966,0.5196034212790775,25,20,20
33,1759,0.1777451280852008,1.976299733008461e-05,0.30263177042311795,0.5196033384943519,25,20,20
33,1760,0.17774512808520396,1.9763011143247915e-05,0.30300583730825564,0.5192292715953978,25,20,20
33,1761,0.20269820452576245,1.856553959373303e-05,0.27805333679960725,0.5192298931350361,25,20,20
33,1762,0.1972931059235096,1.6202337314617734e-05,0.28347168386945465,0.519219007869719,25,20,20
33,1763,0.19779731781646748,1.620233886624932e-05,0.2829674719693935,0.5192190078752709,25,20,20
33,1764,0.19779731781647072,1.620233911512422e-05,0.2829741049310789,0.5192123749133334,25,20,20
33,1765,0.19779731781647314,1.6202339123629492e-05,0.2829761466924879,0.5192103331519138,25,20,20
33,1766,0.19779731781647317,1.62023391193392e-05,0.28297603100066193,0.519210448843744,25,20,20
33,1767,0.1977973178164701,1.6202325306249862e-05,0.28260193275933915,0.5195845470988827,25,20,20
33,1768,0.19779731781647006,1.6202325306174595e-05,0.2826018502562349,0.5195846296019871,25,20,20
33,1769,0.19779731781646684,1.6202325063180144e-05,0.2823355180201749,0.5198509618382932,25,20,20
33,1770,0.19779731781646764,1.620232506318013e-05,0.28270951681342316,0.5194769630450442,25,20,20
33,1771,0.1977973382911453,0.02123633646580963,0.26148936239466747,0.5194769628483755,25,20,20
33,1772,0.19779733829114213,0.021236336465801125,0.2614828712940456,0.5194834539490092,25,20,20
33,1773,0.19779733829114218,0.021236336466045645,0.26148759090314305,0.5194787343396672,25,20,20
33,1774,0.23544328221548352,0.021236297062322246,0.223841750107678,0.5194786706145144,25,20,20
33,1775,0.2354432822051707,0.021236297062083548,0.22357633208822209,0.5197440886445217,25,20,20
33,1776,0.2354432822051717,0.021236297062079253,0.2385981901447618,0.504722230587985,25,20,20
33,1777,0.23544328220517177,0.021236297062079256,0.2386029254232873,0.5047174953094596,25,20,20
33,1778,0.23544328220516855,0.021236297061830386,0.23859637245211676,0.5047240482808822,25,20,20
33,1779,0.23544328220516855,0.02123629706183031,0.23859633125745575,0.5047240894755434,25,20,20
33,1780,0.2354432822051685,0.021236297061830386,0.23859787116102346,0.5047225495719757,25,20,20
33,1781,0.23544328220516836,0.02123629706183889,0.22394749371156497,0.519372927021426,25,20,20
33,1782,0.2292408377199454,0.02123629713361514,0.23014991779409666,0.5193729473523407,25,20,20
33,1783,0.24695207831100557,0.021236296938986224,0.21244174590194104,0.519369878848066,25,20,20
33,1784,0.2469520783110055,0.021236296938741628,0.21243691237889048,0.519374712371361,25,20,20
33,1785,0.2469520783110087,0.021236296952310215,0.21280438866232285,0.5190072360743571,25,20,20
33,1786,0.24695207831357888,0.021236297726727766,0.21276008247335085,0.5190515414863414,25,20,20
33,1787,0.24695207831357965,0.02123629772672792,0.21276022622523044,0.5190513977344607,25,20,20
33,1788,0.24695207831357965,0.02123629772672792,0.2127603021496851,0.5190513218100061,25,20,20
33,1789,0.24695207831357888,0.02123629772672792,0.21238630335643688,0.5194253206032554,25,20,20
33,1790,0.24695207831357802,0.02123629772671942,0.21201320132695375,0.5197984226327478,25,20,20
33,1791,0.2469521436021572,0.02154926448331394,0.21170016944704412,0.5197984224674839,25,20,20
33,1792,0.24695205699632186,0.0215498351257692,0.21169968524267754,0.5197984226352305,25,20,20
33,1793,0.24695205699632186,0.021549835125769273,0.21169968464194563,0.5197984232359623,25,20,20
33,1794,0.22208486790002954,0.021549502645391745,0.23656807924691883,0.5197975502076592,25,20,20
33,1795,0.22208486790002877,0.021549502645636185,0.2365727697143755,0.5197928597399588,25,20,20
33,1796,0.22208486790003282,0.021549502645880788,0.23657668235802404,0.5197889470960616,25,20,20
33,1797,0.22543738404785227,0.02154950264607615,0.23322416278853425,0.519788950517537,25,20,20
33,1798,0.22010842589724103,0.021549700624299093,0.23861856867309408,0.5197233048053652,25,20,20
33,1799,0.2218500895372728,0.021551169150774895,0.2368718691960601,0.5197268721158914,25,20,20
33,1800,0.22194949822268153,0.021551792117790788,0.23677951854606197,0.5197191911134648,25,20,20
33,1801,0.2219494982226808,0.021551792117795007,0.23677951944932693,0.5197191902101962,25,20,20
33,1802,0.22194949822268067,0.02155179211779508,0.23678138752449435,0.5197173221350287,25,20,20
33,1803,0.22194949822268067,0.02155179211779508,0.23678150002094633,0.5197172096385766,25,20,20
33,1804,0.22194949822268076,0.02155179211779508,0.23678799256349414,0.5197107170960288,25,20,20
33,1805,0.23352925029625257,0.021551585780582853,0.2252084636651358,0.5197107002580278,25,20,20
33,1806,0.23352925029624852,0.021551585780338323,0.22520463349975,0.5197145304236622,25,20,20
33,1807,0.2327767969602746,0.021551585780556774,0.2259570868055424,0.519714530453625,25,20,20
33,1808,0.2327767969602746,0.021551585780556697,0.22595697229562461,0.5197146449635428,25,20,20
33,1809,0.25306254178838533,0.02155268566907972,0.2055206472408476,0.5198641253016859,25,20,20
33,1810,0.25306254178856746,0.021552685669079797,0.20552381022660454,0.5198609623157467,25,20,20
33,1811,0.2530625417755285,0.0007841839333525132,0.22629229208208013,0.5198609822090375,25,20,20
33,1812,0.2530625417755285,0.0007841839333524392,0.22629075167724413,0.5198625226138734,25,20,20
33,1813,0.2530625417753464,0.0007841839333523639,0.2262876671591268,0.519865607132173,25,20,20
33,1814,0.2538196680330013,0.0007841839269883352,0.22553054260802097,0.5198656054319885,25,20,20
33,1815,0.25381966803042716,0.000784183138757617,0.22520078391768783,0.5201953649131266,25,20,20
33,1816,0.25506629709268375,0.0007830837972464717,0.22410468228766622,0.5200459368224025,25,20,20
33,1817,0.29179609644028437,0.000781585779717735,0.18737994982326836,0.5200423679567282,25,20,20
33,1818,0.29179609644104937,2.2369132736524097e-06,0.18815931875286576,0.5200423478928097,25,20,20
33,1819,0.29179609644104937,2.236913273651116e-06,0.1881574151435637,0.5200442515021118,25,20,20
33,1820,0.29179609644104937,2.236913273726407e-06,0.18815749680983163,0.5200441698358438,25,20,20
33,1821,0.29191804797632864,2.2369132448836043e-06,0.18803554528946972,0.5200441698209556,25,20,20
33,1822,0.29191804797632864,2.2369132448822847e-06,0.18803546677289865,0.5200442483375266,25,20,20
33,1823,0.29191804797632864,2.236913244880987e-06,0.18803546676278035,0.5200442483476451,25,20,20
33,1824,0.29191804797632864,2.23691324488101e-06,0.18803554584060497,0.5200441692698202,25,20,20
33,1825,0.2919180479763287,2.2369132449550033e-06,0.1880290219071854,0.5200506932032397,25,20,20
33,1826,0.2919180479763287,2.2369130004353206e-06,0.18802430135531398,0.5200554137553558,25,20,20
33,1827,0.29237626504813674,2.2369126753078296e-06,0.18756608431379823,0.5200554137253889,25,20,20
33,1828,0.2816579724503043,2.2369001828361115e-06,0.19828438024010095,0.5200554104094111,25,20,20
33,1829,0.28165797245030416,2.2369001827608204e-06,0.19828437962822082,0.5200554110212913,25,20,20
33,1830,0.2816579724503074,2.236900187052435e-06,0.19828449584686744,0.5200552948026371,25,20,20
33,1831,0.2815944403473685,1.4277348988956393e-09,0.19799777903326551,0.52040777919163,25,20,20
33,1832,0.281594440347351,0.0004036832471572642,0.19766159613148254,0.5203402802740086,25,20,20
33,1833,0.28159444034735176,0.00040368324740025935,0.19792324702335834,0.520078629381889,25,20,20
33,1834,0.2815907485990566,0.0004036832521825763,0.1979269140835175,0.5200786540652429,25,20,20
33,1835,0.28159074859905736,0.00040368325218272696,0.19792695487371476,0.5200786132750448,25,20,20
33,1836,0.2845987819952426,0.00040368323684086577,0.1949189214995317,0.5200786132683838,25,20,20
33,1837,0.2845987819978377,0.0004036832370855257,0.1949255859598558,0.5200719488052199,25,20,20
33,1838,0.2845987819978377,0.00040368323708545045,0.1949254706644209,0.5200720641006548,25,20,20
33,1839,0.2845987819978377,0.00040368323708115826,0.1949188926210153,0.5200786421440649,25,20,20
33,1840,0.2845987819978376,0.0004036832370812348,0.19492356600418204,0.5200739687608981,25,20,20
33,1841,0.29025361073780465,0.0004036828241985687,0.18962122692199582,0.5197214795159999,25,20,20
33,1842,0.29025361073780787,0.00040368282420285965,0.18962775039178933,0.5197149560461991,25,20,20
33,1843,0.29025361073780787,0.00040368282420285965,0.18962775035514715,0.5197149560828414,25,20,20
33,1844,0.29025361073780465,0.00040368282419849346,0.18962114384160106,0.5197215625963949,25,20,20
33,1845,0.29025361073780787,0.00040368282420275654,0.18988747481178503,0.5194552316262034,25,20,20
33,1846,0.29025361073780864,0.0004036828242027579,0.18989401019209973,0.5194486962458881,25,20,20
33,1847,0.29025361073780953,0.00040368282420290974,0.18989415466207368,0.5194485517759131,25,20,20
33,1848,0.2902536107497188,0.00040368281722166213,0.18632297109093812,0.5230197353421194,25,20,20
33,1849,0.3023572160230408,0.00040368281744231245,0.17421936243795105,0.5230197387215647,25,20,20
33,1850,0.2984850301135025,0.0004041204383430222,0.17803167513057835,0.5230791743175749,25,20,20
33,1851,0.298664504413682,0.00040441342655609134,0.17785190826320982,0.5230791738965526,25,20,20
33,1852,0.29866450441368203,0.00040441342656034223,0.1782249291057548,0.5227061530540031,25,20,20
33,1853,0.2982732205190118,0.00040397573149032924,0.1786761070573338,0.5226466966921643,25,20,20
33,1854,0.2588901180554468,0.0004040060921629562,0.21758902974076985,0.5231168461116205,25,20,20
33,1855,0.2588901180554468,0.0004040060921672464,0.2175913073062224,0.5231145685461636,25,20,20
33,1856,0.2588901180554468,0.0004040060921672476,0.21759130930385367,0.5231145665485325,25,20,20
33,1857,0.2588901180556272,0.00040400609240955044,0.2179621525642827,0.5227437232876807,25,20,20
33,1858,0.258890118055624,0.0004040060924052887,0.2176958210327753,0.5230100548191955,25,20,20
33,1859,0.2583360920060242,0.0004039759008086144,0.2187199833071138,0.5225399487860534,25,20,20
33,1860,0.24020752632091877,0.000403976099559819,0.2368485478141152,0.5225399497654074,25,20,20
33,1861,0.24020752632091796,0.00040397609955981776,0.23684189599718627,0.522546601582337,25,20,20
33,1862,0.24020752632091966,0.0004039760993175904,0.23646897709071904,0.5229195204890448,25,20,20
33,1863,0.2402078262458601,0.0004039760373681486,0.21507141881844524,0.5443167788983261,25,20,20
33,1864,0.2402078262458601,0.00040397603736822387,0.21507150186202037,0.5443166958547511,25,20,20
33,1865,0.2401442093240626,0.000403682961508795,0.21513541145203327,0.5443166962623954,25,20,20
33,1866,0.21911570926962473,0.0004036836061449082,0.2361639118411953,0.5443166952830358,25,20,20
33,1867,0.21911570926962473,0.00040368360614483295,0.23616383006419236,0.5443167770600388,25,20,20
33,1868,0.2191157092696239,0.0004036836061446824,0.2361637665708352,0.5443168405533969,25,20,20
33,1869,0.21911570926962073,0.0004036836063849844,0.23616840479725495,0.54431220232674,25,20,20
33,1870,0.2198854642254805,0.0004036836063811691,0.23539864984191286,0.5443122023262265,25,20,20
33,1871,0.21771220273986344,0.00040372245387092253,0.23757187084047982,0.5443122039657873,25,20,20
33,1872,0.2134759484146135,0.00040368383652455335,0.2418069837563357,0.5443133839925277,25,20,20
33,1873,0.21347594841461348,0.0004036838362800337,0.2418022313141835,0.5443181364349243,25,20,20
33,1874,0.213471602707383,0.0004036836671355838,0.24180662393540728,0.5443180896900752,25,20,20
33,1875,0.21302229575732695,0.00040368400817955287,0.24195508029238566,0.5446189399421083,25,20,20
33,1876,0.19194736587798775,0.00040581852776689714,0.2628322675949446,0.5448145479993017,25,20,20
33,1877,0.1892992823827835,0.0004070844687575485,0.2654672273781585,0.544826405770301,25,20,20
33,1878,0.21203742717291377,0.00040494937266883767,0.24292366897190867,0.5446339544825088,25,20,20
33,1879,0.21203742717291377,0.0004049493724300582,0.24266392277990853,0.5448937006747477,25,20,20
33,1880,0.21203742717291457,0.0004049493726746409,0.24267047628054475,0.5448871471738661,25,20,20
33,1881,0.21120933971495115,0.00040494940389743697,0.24349856370602407,0.5448871471751275,25,20,20
33,1882,0.2112093397149512,0.0004049494039016534,0.24349864600653023,0.5448870648746171,25,20,20
33,1883,0.23911294484181997,0.00040494853381917243,0.2155950405215204,0.5448870661028402,25,20,20
33,1884,0.23911294484182,0.00040494853381917503,0.21559504325071355,0.544887063373647,25,20,20
33,1885,0.23911294484181927,0.0004049485335746676,0.21558852458620575,0.5448935820384001,25,20,20
33,1886,0.2391129448418192,0.0004049485335745923,0.215588523645088,0.544893582979518,25,20,20
33,1887,0.23911294484163703,0.0004049485335702267,0.21558843418743873,0.5448936724373536,25,20,20
33,1888,0.23943276307370126,0.00040494835483902576,0.21526861655654148,0.5448936720149181,25,20,20
33,1889,0.23905992378685437,0.00040494835644604474,0.21564008540322452,0.5448950424534751,25,20,20
33,1890,0.23905992378685437,0.0004049483564460447,0.21564008543791136,0.5448950424187882,25,20,20
33,1891,0.25391373800989553,0.00040494904702184734,0.20048988830147313,0.5451914246416095,25,20,20
33,1892,0.24480898144649405,0.0004049490456453336,0.20959459968219268,0.5451914698256679,25,20,20
33,1893,0.24480898144649405,0.0004049490456453336,0.20959463252566513,0.5451914369821954,25,20,20
33,1894,0.24480898144649724,0.0004049490456495497,0.20959688911695568,0.5451891803908975,25,20,20
33,1895,0.24480898144649724,0.0004049490456495497,0.2095970415426959,0.5451890279651572,25,20,20
33,1896,0.24480898144654553,0.0004049490458875979,0.20997064120921993,0.544815428298347,25,20,20
33,1897,0.20681336227889488,0.0004049934259541942,0.247966007951428,0.5448156363437227,25,20,20
33,1898,0.24481926239772023,0.00040494939863427385,0.20996036329645526,0.5448154249071895,25,20,20
33,1899,0.24481926239788115,0.0004049494109537248,0.21461944528158078,0.5401563429095836,25,20,20
33,1900,0.24481926239783283,0.0004049494107113863,0.21424565037814502,0.54053013781331,25,20,20
33,1901,0.24479421486043115,0.0004049494105979174,0.21427069791567063,0.5405301378132995,25,20,20
33,1902,0.24479421486302627,0.000404949410602207,0.2142727324612579,0.5405281032651132,25,20,20
33,1903,0.24479421486302705,0.0004049494106064574,0.2146458324804642,0.5401550032459018,25,20,20
33,1904,0.20532834523370355,0.0004049490580668371,0.25411170249284976,0.5401550032153797,25,20,20
33,1905,0.20532839144262632,1.5152486938648459e-06,0.2545150900900019,0.5401550032186779,25,20,20
33,1906,0.20532839144262552,1.5152486895739424e-06,0.254508484258329,0.5401616090503559,25,20,20
33,1907,0.20542233942424404,1.5154243906525022e-06,0.2544158820318594,0.540160263119506,25,20,20
33,1908,0.20542233942424404,1.5154243907264647e-06,0.25442058185700467,0.5401555632943607,25,20,20
33,1909,0.20542233942683916,1.5154243950926565e-06,0.2544273175345865,0.5401488276141794,25,20,20
33,1910,0.20542233942428959,1.5154241547996686e-06,0.25442077132088226,0.5401553738306735,25,20,20
33,1911,0.20542233942429192,1.515424159049986e-06,0.2544207833503784,0.5401553618011707,25,20,20
33,1912,0.24233066613598886,1.5152583607264483e-06,0.21781196159405486,0.5398558570115957,25,20,20
33,1913,0.242330666135828,1.515246285353051e-06,0.2132419945748519,0.5444258240430349,25,20,20
33,1914,0.2123354682826841,1.5163930266191185e-06,0.24323824670615854,0.5444247686181316,25,20,20
33,1915,0.21233546828286898,1.5163932706950748e-06,0.243327838487056,0.544335176836805,25,20,20
33,1916,0.2022701740350302,1.519959833331837e-06,0.2533944568522006,0.5443338491529367,25,20,20
33,1917,0.20227013106622216,1.5409235505367284e-05,0.25338061018787617,0.5443338495103968,25,20,20
33,1918,0.20227013106622216,1.5409235505292e-05,0.25337590835500134,0.5443385513432716,25,20,20
33,1919,0.20227013106881764,1.540923551387395e-05,0.25337606764050435,0.5443383920551644,25,20,20
33,1920,0.2414963998774762,1.5419220509394502e-05,0.21414978882476374,0.5443383920772501,25,20,20
33,1921,0.25196699577949794,1.5419218205764942e-05,0.20367919291559017,0.5443383920867056,25,20,20
33,1922,0.251966995779498,1.5419218205766264e-05,0.20367927541754,0.5443383095847557,25,20,20
33,1923,0.25390287981218035,1.5418533638816804e-05,0.20204298330853399,0.5440387183456467,25,20,20
33,1924,0.2522017369599638,1.5438363875529077e-05,0.20374412438053968,0.544038700295621,25,20,20
33,1925,0.2522017369599606,1.5438363867027167e-05,0.20337112276085126,0.5444117019153212,25,20,20
33,1926,0.2400771833588271,1.54383620445209e-05,0.21549182306045683,0.5444155552186717,25,20,20
33,1927,0.24007718335882633,1.5438362044370365e-05,0.21549170037903562,0.5444156779000939,25,20,20
33,1928,0.2507244007781821,1.5438369773066273e-05,0.2048430087405403,0.5444171521115047,25,20,20
33,1929,0.2472084903033968,1.5436993045518394e-05,0.208359046832711,0.5444170258708465,25,20,20
33,1930,0.24884078992053343,1.5416985935793486e-05,0.2067267703112738,0.5444170227822568,25,20,20
33,1931,0.24884078991793832,1.5416985931503827e-05,0.20672473576568673,0.5444190573304433,25,20,20
33,1932,0.24884078991793832,1.5416985931503827e-05,0.2067246233385388,0.5444191697575912,25,20,20
33,1933,0.2495395453180313,1.541732402650647e-05,0.2060311934456642,0.5444138439122779,25,20,20
33,1934,0.23173025892524965,1.5987990725963068e-05,0.22383714151259393,0.5444166115714312,25,20,20
33,1935,0.2420120914455296,1.5984252059454233e-05,0.2135553305685249,0.5444165937338861,25,20,20
33,1936,0.24201209144552951,1.5984252059454233e-05,0.2135552510240493,0.5444166732783617,25,20,20
33,1937,0.2420117915045217,1.5984243058960523e-05,0.19865142026651572,0.5593208039859036,25,20,20
33,1938,0.24201179150452176,1.5984243063252144e-05,0.1986515611713362,0.5593206630810788,25,20,20
33,1939,0.2420117915045217,1.5984242819175928e-05,0.1985623614621896,0.5594098627904696,25,20,20
33,1940,0.24201760563004818,1.5984238037839997e-05,0.19855657202479574,0.559409838107118,25,20,20
33,1941,0.24201760563004812,1.5984238033549456e-05,0.19868594125971684,0.5592804688722012,25,20,20
33,1942,0.242017605627453,1.5984238029183242e-05,0.19867920558216612,0.5592872045523514,25,20,20
33,1943,0.24201760562745292,1.5984238029181877e-05,0.19867929032539033,0.5592871198091272,25,20,20
33,1944,0.20374425788194614,1.5985060826972328e-05,0.23694052231653825,0.5592992347406887,25,20,20
33,1945,0.20358749542213553,1.598541299290564e-05,0.2370972861191305,0.5592992330457408,25,20,20
33,1946,0.20358749542209081,1.5985413235899685e-05,0.23723407010959086,0.5591624490550822,25,20,20
33,1947,0.2369066128669005,1.623180639916715e-05,0.20391470520604862,0.5591624501206521,25,20,20
33,1948,0.2408963451065651,1.623099702501516e-05,0.1999368878068919,0.5591505360895173,25,20,20
33,1949,0.2408963451065651,1.6230997025090413e-05,0.19994349056354946,0.5591439333328597,25,20,20
33,1950,0.2408963451065651,1.6230997025165704e-05,0.19994360573680467,0.5591438181596043,25,20,20
33,1951,0.240896345116946,1.623099727397634e-05,0.199943774980389,0.5591436489053904,25,20,20
33,1952,0.24089634187745346,0.00040578595220992943,0.19955422362570363,0.5591436485446323,25,20,20
33,1953,0.24089634187745346,0.00040578595220985283,0.19954784943247655,0.5591500227378594,25,20,20
33,1954,0.24089634187763415,0.00040578674044049835,0.1998776098828533,0.5588202614990713,25,20,20
33,1955,0.24089634186987943,0.0004057867406808285,0.1997550219318481,0.5589428494575909,25,20,20
33,1956,0.2405239442240424,0.00040577677991485394,0.20012733205392827,0.5589429469421137,25,20,20
33,1957,0.24052394421366152,0.0004057767796659667,0.20012246097727174,0.5589478180294,25,20,20
33,1958,0.24052394421365833,0.00040577677966596644,0.20012479262607344,0.5589454863806015,25,20,20
33,1959,0.20720000458865734,0.018003876414017947,0.2158506175072214,0.5589455014901034,25,20,20
33,1960,0.20103801592607312,0.01800388092655309,0.2220125805100961,0.558945522637278,25,20,20
33,1961,0.20706653726192983,0.018003876504665728,0.21598408390235135,0.5589455023310536,25,20,20
33,1962,0.22720682832152148,0.018003896330988527,0.1958438193993806,0.558945455948109,25,20,20
33,1963,0.18832472484275026,0.01800389675647501,0.2347257877895821,0.5589455906111926,25,20,20
33,1964,0.1882591701498134,0.03920012029062772,0.21359513511879222,0.5589455744407666,25,20,20
33,1965,0.18825917014722132,0.03920012029062342,0.21359700232709666,0.5589437072350585,25,20,20
33,1966,0.1882595996733043,0.038796428771294474,0.21400026432249086,0.5589437072329111,25,20,20
33,1967,0.18876549072718163,0.0387964284186939,0.2134943753028277,0.5589437055512975,25,20,20
33,1968,0.18590833926049158,0.038795162491061595,0.2163644505722719,0.5589320476761752,25,20,20
33,1969,0.18590833926049427,0.03879516249106528,0.22261403827055773,0.5526824599778829,25,20,20
33,1970,0.22528721551686945,0.03879517246300268,0.1832353532649296,0.5526822587551984,25,20,20
33,1971,0.26405237429021666,0.03879517203866939,0.14447033000461817,0.5526821236664952,25,20,20
33,1972,0.2640527815900139,0.03879517205048816,0.15057582080648324,0.5465762255530141,25,20,20
33,1973,0.2640527815874192,0.03879517205047966,0.1505756249871247,0.5465764213749759,25,20,20
33,1974,0.2640527815874191,0.03879517205047966,0.1505756589569299,0.5465763874051706,25,20,20
33,1975,0.22607537626864702,0.038795152221606705,0.18855308397135137,0.5465763875383953,25,20,20
33,1976,0.22607537626864702,0.038795152221606705,0.18855308397135132,0.5465763875383953,25,20,20
33,1977,0.22607537626864702,0.038795152221606705,0.1885530859811059,0.5465763855286405,25,20,20
33,1978,0.2260749689688498,0.03879515220979223,0.1824474861250837,0.5526823926962744,25,20,20
33,1979,0.22607496896884982,0.03879515220979223,0.18244760202125052,0.5526822768001075,25,20,20
33,1980,0.2260749689688498,0.03879515220979223,0.18244756660043238,0.5526823122209258,25,20,20
33,1981,0.22592348033604612,0.03879515238767388,0.18259905420726433,0.5526823130690157,25,20,20
33,1982,0.2259234803360461,0.03879515238766959,0.1825944665416036,0.5526869007346806,25,20,20
33,1983,0.22592348033604526,0.0387951523876738,0.18260095513478017,0.5526804121415005,25,20,20
33,1984,0.22455109626281536,0.03879517145275145,0.18397332961791713,0.5526804026665159,25,20,20
33,1985,0.22455109626281533,0.03879517145275145,0.18397340534494527,0.5526803269394878,25,20,20
33,1986,0.22455109625060288,0.03998933542053677,0.1827792413947654,0.5526803269340949,25,20,20
33,1987,0.22455109625060288,0.03998933542053677,0.18277927477870595,0.5526802935501542,25,20,20
33,1988,0.22455109625060019,0.03998933542053317,0.17652971611595636,0.5589298522129101,25,20,20
33,1989,0.2245510962506001,0.03998933542052892,0.176156728081941,0.55930284024693,25,20,20
33,1990,0.22474449417603398,0.039989335417411793,0.1759633301671903,0.559302840239364,25,20,20
33,1991,0.22474449417603753,0.03996856488001332,0.17598410070448953,0.5593028402394599,25,20,20
33,1992,0.22474449417603762,0.039968564880013394,0.1759842145818003,0.5593027263621491,25,20,20
33,1993,0.22474449417603765,0.039968564880013546,0.17599070494163005,0.559296236002319,25,20,20
33,1994,0.22474449417603762,0.039968564880013546,0.17599067210823813,0.559296268835711,25,20,20
33,1995,0.22474449417604078,0.039968564880013546,0.1759906677683157,0.5592962731756302,25,20,20
33,1996,0.2550527367441551,0.03996856494842516,0.1456826260119257,0.5592960722954943,25,20,20
33,1997,0.2550527367441543,0.03996856494818216,0.14542287828144432,0.5595558200262196,25,20,20
33,1998,0.2550527367441575,0.03996856494818224,0.14568909521309378,0.5592896030945669,25,20,20
33,1999,0.273435724748356,0.03996799393438606,0.12730939929011856,0.5592868820271397,25,20,20
33,2000,0.273435724748356,0.03996799393438591,0.12730291096716645,0.5592933703500921,25,20,20
33,2001,0.27343572474817185,0.039967993934146205,0.1272148298140057,0.5593814515036766,25,20,20
33,2002,0.27343572474816874,0.03996799393414613,0.12695510342271327,0.5596411778949721,25,20,20
33,2003,0.2734357247480267,0.03996799382002878,0.1326984088343474,0.5538978725975974,25,20,20
33,2004,0.2734357247480267,0.039968150161527605,0.13269825249294434,0.5538978725975016,25,20,20
33,2005,0.2735781780782533,0.03996815016153945,0.13255584740898296,0.5538978243512245,25,20,20
33,2006,0.23738366367839298,0.03996814998366146,0.16875036275708902,0.5538978235808562,25,20,20
33,2007,0.23738366367839298,0.03996814998366138,0.16875039417297985,0.5538977921649654,25,20,20
33,2008,0.2373836636783544,0.03996814930955245,0.16268191638115245,0.5599662706309403,25,20,20
33,2009,0.2373836636783544,0.03996814930954816,0.1626753104740474,0.5599728765380496,25,20,20
33,2010,0.23738800224763978,0.03996814930951922,0.16267097190479568,0.559972876538045,25,20,20
33,2011,0.23738800224763978,0.03996814930951922,0.1626709743770051,0.5599728740658355,25,20,20
33,2012,0.23704817406630366,0.03996814939810012,0.16300940713194303,0.5599742694036528,25,20,20
33,2013,0.23725337681030126,0.03996814930954709,0.16280559980674236,0.5599728740734089,25,20,20
33,2014,0.23725337681030134,0.03996814930955137,0.16293513195171472,0.5598433419284323,25,20,20
33,2015,0.23725337681030453,0.03996814930955145,0.1629351290165917,0.559843344863552,25,20,20
33,2016,0.23725337681030453,0.03996814930955145,0.1629351290165917,0.559843344863552,25,20,20
33,2017,0.23725337681030137,0.03996814930955137,0.16293502148801406,0.5598434523921331,25,20,20
33,2018,0.23725337681030134,0.039968149309551414,0.16330798247168257,0.5594704914084645,25,20,20
33,2019,0.2372533768103014,0.0399681493095557,0.1633080632443886,0.5594704106357541,25,20,20
33,2020,0.23145241681511128,0.039968149370661316,0.16910900265051898,0.5594704311637086,25,20,20
33,2021,0.23145241693556953,0.039970251856067875,0.17640918208365733,0.5521681491247052,25,20,20
33,2022,0.2314524169355695,0.03997025185606363,0.1764091817568728,0.5521681494514941,25,20,20
33,2023,0.25479323302535295,0.039970251341922315,0.15306836616453415,0.5521681494681908,25,20,20
33,2024,0.2547932330283133,0.03997025134192669,0.15307057749339317,0.5521659381363669,25,20,20
33,2025,0.23145403415199398,0.03997025197945375,0.1764097756791224,0.5521659381894295,25,20,20
33,2026,0.23049194388111308,0.039970266409965996,0.1773717828801811,0.5521660068287394,25,20,20
33,2027,0.2304919438811131,0.039970266409965996,0.17736526117675086,0.5521725285321696,25,20,20
33,2028,0.23009142431136698,0.03997026159176371,0.17768856846831851,0.5522497456285503,25,20,20
33,2029,0.23009142431136617,0.03997026159175942,0.17768702598362507,0.5522512881132486,25,20,20
33,2030,0.2300713480840448,0.03997050752000195,0.17770685664501676,0.5522512877509358,25,20,20
33,2031,0.19169004959838162,0.03997100687996737,0.21595425053945685,0.5523846929821946,25,20,20
33,2032,0.1916900495983816,0.0399710068802103,0.21622051996740604,0.5521184235540025,25,20,20
33,2033,0.1916900494807008,0.039968904395044226,0.20879258394336456,0.5595484621808907,25,20,20
33,2034,0.1916900494807008,0.03996890439503986,0.20878796248926082,0.5595530836349987,25,20,20
33,2035,0.1916900494807016,0.03996890439503987,0.20841497681944127,0.5599260693048176,25,20,20
33,2036,0.1916900494807016,0.03996890439504415,0.20841501674979607,0.5599260293744583,25,20,20
33,2037,0.1916900494898667,0.03996890440735311,0.2131040801900734,0.555236965912707,25,20,20
33,2038,0.19169004948986668,0.03996890440735311,0.21309747426273276,0.5552435718400477,25,20,20
33,2039,0.1916900494898643,0.0399689044073531,0.21310396977074106,0.5552370763320418,25,20,20
33,2040,0.1916900494898643,0.0399689044073531,0.21310399713379893,0.5552370489689838,25,20,20
33,2041,0.19169004948990967,0.0399689044073531,0.21323400867450026,0.5551070374282372,25,20,20
33,2042,0.1916900494899097,0.03996890440735303,0.21323389681816074,0.5551071492845768,25,20,20
33,2043,0.16638890029511164,0.039969138824183015,0.23853479211210302,0.5551071687686027,25,20,20
33,2044,0.16638890029511394,0.039969139398644396,0.2496228472236983,0.5440191130825431,25,20,20
33,2045,0.16650094798332465,0.03996918652847463,0.24951075233566467,0.5440191131525357,25,20,20
33,2046,0.16650094798327927,0.03996918652847463,0.2493807143445882,0.5441491511436574,25,20,20
33,2047,0.16657115854895183,0.03996917209751654,0.24931058697032554,0.5441490823832045,25,20,20
33,2048,0.16657115853978677,0.03996917208520751,0.24462160211011394,0.5488380672648904,25,20,20
33,2049,0.16738254464421717,0.03996916691776971,0.2438874387054009,0.5487608497326114,25,20,20
33,2050,0.16733111241692553,0.03996916691464381,0.24393887052679464,0.5487608501416349,25,20,20
33,2051,0.16953934943688317,0.03996944097116242,0.24173042253936614,0.5487607870525872,25,20,20
33,2052,0.16953934943688317,0.03996944097091943,0.2414640706181946,0.5490271389740018,25,20,20
33,2053,0.1695393494368832,0.0399694409709195,0.24146418318655327,0.5490270264056427,25,20,20
33,2054,0.16953934943688398,0.039969440970923795,0.24146437985726926,0.5490268297349217,25,20,20
33,2055,0.16588762737510263,0.03996969771213162,0.24511584524895796,0.5490268296638073,25,20,20
33,2056,0.16588762737510263,0.03996969771213154,0.24511576217006537,0.5490269127427001,25,20,20
33,2057,0.1658174112151179,0.039969711899149704,0.24518596299941683,0.5490269138863145,25,20,20
33,2058,0.16581741121511556,0.039969711324684104,0.23409773967729353,0.5601151377829057,25,20,20
33,2059,0.1658174112151558,0.039969711337003166,0.2387565013804418,0.5554563760673983,25,20,20
33,2060,0.1658174112151558,0.039969711337003166,0.2387565013553995,0.5554563760924407,25,20,20
33,2061,0.19496940063455143,0.03996947683836774,0.2096047650903358,0.5554563574367439,25,20,20
33,2062,0.1949694006345517,0.03996805063692695,0.20960619129168057,0.5554563574368397,25,20,20
33,2063,0.19489013513673953,0.039967804632621944,0.20968572302333277,0.555456337207305,25,20,20
33,2064,0.1948901351339612,0.0399678046328579,0.20968567590373316,0.5554563843294473,25,20,20
33,2065,0.19489013513118358,0.039967804632617426,0.20968409453640977,0.5554579656997888,25,20,20
33,2066,0.15854229862321295,0.039967805104711165,0.24603192832150192,0.5554579679505741,25,20,20
33,2067,0.16417694122144486,0.039967805207177805,0.24039728514688016,0.5554579684244974,25,20,20
33,2068,0.1641769412214046,0.039967805194854454,0.23573840243783145,0.5601168511459098,25,20,20
33,2069,0.16417694122140467,0.039967805194854454,0.23574002539317207,0.5601152281905692,25,20,20
33,2070,0.16377393825787676,0.03996781515436469,0.23614165417897998,0.560116592408779,25,20,20
33,2071,0.16935748227300634,0.03996776862895516,0.23055795971049997,0.5601167893875383,25,20,20
33,2072,0.16935748227300634,0.03996776862895516,0.23055784384947334,0.560116905248565,25,20,20
33,2073,0.16975292437914058,0.039967768449614936,0.23016240276310854,0.5601169044081358,25,20,20
33,2074,0.16833784091887222,0.03996889233982488,0.23170976514819544,0.5599835015931065,25,20,20
33,2075,0.16426715512785212,0.039968892342630416,0.23578045017421712,0.5599835023552996,25,20,20
33,2076,0.18742660418208854,0.039968890148422774,0.2126210044486132,0.5599835012208749,25,20,20
33,2077,0.18742660418208779,0.03996889014841848,0.21262080966447794,0.5599836960050153,25,20,20
33,2078,0.18742660418208373,0.03997070994057954,0.21261898987241667,0.5599836960049195,25,20,20
33,2079,0.18742660418208373,0.03997070994057954,0.21262556564272178,0.5599771202346143,25,20,20
33,2080,0.18742660418208368,0.03997070994057954,0.21262561981248596,0.5599770660648502,25,20,20
33,2081,0.17684147693661356,0.03997070365692477,0.2232121184028576,0.5599757010036034,25,20,20
33,2082,0.17684147693661348,0.03997070365692477,0.22321670443160455,0.5599711149748564,25,20,20
33,2083,0.1731961646094538,0.03997070318499296,0.22686201939596093,0.5599711128095916,25,20,20
33,2084,0.2069636744716274,0.039970701742325435,0.19309468373649685,0.55997094004955,25,20,20
33,2085,0.2233045403297659,0.03997068975576615,0.17675382985726626,0.5599709400572014,25,20,20
33,2086,0.22330454032976596,0.039970689755766224,0.17675378243921283,0.5599709874752546,25,20,20
33,2087,0.22341116716199674,0.039970694322026025,0.17664712925479226,0.5599710092611846,25,20,20
33,2088,0.22334382025438515,0.0399690710721402,0.17671610179258,0.5599710068808951,25,20,20
33,2089,0.22334382025438515,0.039969071072140275,0.1767145619060499,0.559972546767425,25,20,20
33,2090,0.22334382025438831,0.039969071072140275,0.17671456193099583,0.5599725467424759,25,20,20
33,2091,0.22334382025438831,0.039969071072140344,0.1767146449747486,0.5599724636987231,25,20,20
33,2092,0.22334382025438757,0.03996907107214456,0.17671923121275065,0.5599678774607179,25,20,20
33,2093,0.22346613657668676,0.039969071072090294,0.176596915307355,0.5599678770438689,25,20,20
33,2094,0.22346459224376872,0.039969071071781534,0.1366053610937309,0.5999609755907188,25,20,20
33,2095,0.22346459224377185,0.03996907107178583,0.13660555589105156,0.5999607807933908,25,20,20
33,2096,0.2234645936857023,0.0014351063807151075,0.17501952746823388,0.6000807724653492,25,20,20
33,2097,0.22346459368588437,0.0014351063807151814,0.17501957693086848,0.6000807230025323,25,20,20
33,2098,0.22387500873705463,0.001435106372934114,0.17460918624686897,0.6000806986431423,25,20,20
33,2099,0.2633889847498154,0.0014351063728935379,0.13509521024618606,0.6000806986311051,25,20,20
33,2100,0.26338898474967876,0.0014351063729019695,0.13509979311910236,0.600076115758317,25,20,20
33,2101,0.30325775115264103,0.0014351063727400368,0.09523102680169876,0.6000761156729202,25,20,20
33,2102,0.3032577511526411,0.0014351063727401133,0.09523330649243404,0.600073835982185,25,20,20
33,2103,0.3032577511526403,0.0014351063727400396,0.09522670142309668,0.6000804410515231,25,20,20
33,2104,0.30709855665509767,0.0014351019811930802,0.09138592285275003,0.6000804185109593,25,20,20
33,2105,0.26755962797762517,0.0014351019868634371,0.13092241196124296,0.6000828580742684,25,20,20
33,2106,0.2506461704079133,0.0014357426206149284,0.1478322237550846,0.6000858632163869,25,20,20
33,2107,0.2511405812623566,0.0014357426142066465,0.1473378129665931,0.6000858631568438,25,20,20
33,2108,0.25118768605981356,0.0014357426142336425,0.14729070815433243,0.6000858631716204,25,20,20
33,2109,0.2511876860598143,0.00143574261423786,0.1472908223552853,0.6000857489706626,25,20,20
33,2110,0.28914986376001045,1.1953480681420643e-06,0.11088317898334264,0.5999657619085786,25,20,20
33,2111,0.28914986376001045,1.1953480681420643e-06,0.11088317898334259,0.5999657619085785,25,20,20
33,2112,0.28914986375982826,1.195347823530637e-06,0.1108808175296223,0.5999681233627256,25,20,20
33,2113,0.28914986375982743,1.1953478192377026e-06,0.11088062083544643,0.5999683200569066,25,20,20
33,2114,0.2786278236641483,9.096304744657076e-07,0.12140297095899145,0.5999682957463852,25,20,20
33,2115,0.25447953283525865,1.346457175629525e-06,0.14543423082065943,0.6000848898869068,25,20,20
33,2116,0.2546253070792966,1.3666593361454958e-06,0.14528843468505928,0.6000848915763085,25,20,20
33,2117,0.2546253070792966,1.3666593360715252e-06,0.1452883536409629,0.6000849726204048,25,20,20
33,2118,0.2656142773307684,1.3629834782432487e-06,0.13429938663917146,0.6000849730465824,25,20,20
33,2119,0.26561427733077164,1.3629834782432574e-06,0.13429476854159916,0.6000895911441514,25,20,20
33,2120,0.26561427733076853,1.3629832379227897e-06,0.13455439675577707,0.599829962930217,25,20,20
33,2121,0.265134472947592,1.3629895379164725e-06,0.13503420113161801,0.5998299629312526,25,20,20
33,2122,0.25067544907917916,1.4962073609135667e-06,0.14723541608751728,0.6020876386259434,25,20,20
33,2123,0.2506754020689676,1.4875376904824484e-06,0.14723428904456978,0.6020888213487725,25,20,20
33,2124,0.2506754020689676,1.4875376904810079e-06,0.1472358352948338,0.6020872750985083,25,20,20
33,2125,0.2506754020689644,1.4875376904797333e-06,0.14723586736164532,0.6020872430317,25,20,20
33,2126,0.26495569687811527,1.3341299541186825e-06,0.13521340334385085,0.5998295656480805,25,20,20
33,2127,0.2649556968781185,1.3341301986370492e-06,0.1352159585639461,0.5998270104277376,25,20,20
33,2128,0.2649556968780729,1.334130190131351e-06,0.1352178146280154,0.5998251543637223,25,20,20
33,2129,0.2649556968780729,1.334130190056072e-06,0.13521121183674056,0.5998317571549971,25,20,20
33,2130,0.26495569687807613,1.3341301900560718e-06,0.13521600812393372,0.5998269608678009,25,20,20
33,2131,0.2362854721678024,0.0006784146755380747,0.16320910063758132,0.5998270125190759,25,20,20
33,2132,0.20075113863793512,0.0006798540788779332,0.1987417543684318,0.5998272529147531,25,20,20
33,2133,0.20075113863793512,0.0006798540788779319,0.19874175239531966,0.5998272548878654,25,20,20
33,2134,0.20075113864831284,0.0006798540788779329,0.19874474858935962,0.5998242586834477,25,20,20
33,2135,0.20075113864831287,0.0006798540788779329,0.19875135362835952,0.5998176536444477,25,20,20
33,2136,0.19641506375378562,0.0006784146845035052,0.20265182061495893,0.6002547009467505,25,20,20
33,2137,0.19641506375378553,0.0006784146844992422,0.20238548934393077,0.6005210322177829,25,20,20
33,2138,0.1956780564798704,0.0006784198254692952,0.20312244374445146,0.6005210799502073,25,20,20
33,2139,0.19614876765057768,0.0006784198191750863,0.2026517325805406,0.6005210799497052,25,20,20
33,2140,0.19533080738581698,0.0006784153466302599,0.20346965793972369,0.6005211193278274,25,20,20
33,2141,0.19533080738581698,0.0006784153466302585,0.2034697350092087,0.6005210422583422,25,20,20
33,2142,0.19533080738581698,0.0006784153466301844,0.203469699487937,0.600521077779614,25,20,20
33,2143,0.19533080738581776,0.000678415346874854,0.20346783462980034,0.6005229426375052,25,20,20
33,2144,0.19533080738581776,0.0006784153468749306,0.2034679511952328,0.6005228260720726,25,20,20
33,2145,0.1953308073859982,0.0006784153606881671,0.20384205144561723,0.6001487258076945,25,20,20
33,2146,0.19533080738599828,0.0006784153606881685,0.20384205286816023,0.6001487243851514,25,20,20
33,2147,0.195330808019179,0.0013234373391239004,0.20319821298086985,0.6001475416608257,25,20,20
33,2148,0.195330808019179,0.0013234373391238278,0.20319172311467754,0.6001540315270182,25,20,20
33,2149,0.1953308068332192,0.0013234373391151663,0.20318485343759543,0.6001609023900691,25,20,20
33,2150,0.1953308068332184,0.001323437338870572,0.2031801423253865,0.6001656135025235,25,20,20
33,2151,0.19533080682283746,0.0013234373388705714,0.20317559985552625,0.6001701559827647,25,20,20
33,2152,0.19533080682288298,0.0013234373391151507,0.20318285386110638,0.6001629019768945,25,20,20
33,2153,0.195330806822883,0.0013234373391194313,0.20327503312979045,0.600070722708206,25,20,20
33,2154,0.19533080661972693,0.0006782948678142419,0.2039201758060801,0.6000707227063775,25,20,20
33,2155,0.19533080661972696,0.0006782948678099519,0.20391547567432727,0.6000754228381348,25,20,20
33,2156,0.19533080661972696,0.0006782948680544702,0.20392019460490157,0.600070703907316,25,20,20
33,2157,0.19533080661954652,0.0006782948542412324,0.2035460943199872,0.6004448042062241,25,20,20
33,2158,0.15790472916793782,0.0012522913279424052,0.24039814957591654,0.6004448299282035,25,20,20
33,2159,0.15790472916794102,0.001252291327938189,0.24040265506286332,0.6004403244412577,25,20,20
33,2160,0.15790472916794182,0.0012522913276978855,0.24039798971846174,0.6004449897858989,25,20,20
33,2161,0.15792083753963979,0.0012522913278213133,0.240819166998695,0.6000077041338446,25,20,20
33,2162,0.15792083753964298,0.0012522913278213133,0.24082386848896772,0.6000030026435685,25,20,20
33,2163,0.15792083753964378,0.0012522913278213894,0.24119702643365834,0.5996298446988773,25,20,20
33,2164,0.15740576293515987,0.0005774714124079245,0.2423869732358872,0.5996297924165457,25,20,20
33,2165,0.15740576293515748,0.0005774714124121422,0.2423824684543267,0.5996342971981043,25,20,20
33,2166,0.1574057629351567,0.0005774714124079245,0.24238887530871817,0.5996278903437179,25,20,20
33,2167,0.1568696613161569,3.7228311278300873e-06,0.24349875584074038,0.5996278600119745,25,20,20
33,2168,0.11740414823184164,3.7233261124207893e-06,0.2829641999922155,0.5996279284498299,25,20,20
33,2169,0.11740414823184162,3.7233261123441993e-06,0.2829641973982785,0.5996279310437672,25,20,20
33,2170,0.11740414823184162,3.723326112344225e-06,0.2829622944273444,0.5996298340147014,25,20,20
33,2171,0.11740414823184162,3.723326112345522e-06,0.282968870753001,0.5996232576890447,25,20,20
33,2172,0.11740414885054153,3.6858191037111145e-06,0.2829689076414203,0.599623257688934,25,20,20
33,2173,0.11803474472604979,3.6858307367258353e-06,0.2823407512767946,0.5996208181664183,25,20,20
33,2174,0.11803474472604664,3.685830732435518e-06,0.2823405574274205,0.5996210120158,25,20,20
33,2175,0.1180347447392042,3.685844673728375e-06,0.28234758029020446,0.5996139891259173,25,20,20
33,2176,0.11803474469844896,0.0004060802518438768,0.2819451859238298,0.5996139891258774,25,20,20
33,2177,0.11803474469845217,0.0004060802518439521,0.2819402062368232,0.5996189688128806,25,20,20
33,2178,0.11803474469845217,0.0004060802520862196,0.2823086268712997,0.5992505481781618,25,20,20
33,2179,0.13587280598089543,0.00040608880184848386,0.25662709487944485,0.6070940103378115,25,20,20
33,2180,0.1374780782707856,0.00040608813973764873,0.2550219103462397,0.6070939232432377,25,20,20
33,2181,0.13747941541227926,3.568402213232989e-06,0.25542309294227167,0.6070939232432366,25,20,20
33,2182,0.13747941541227923,3.5684022132316693e-06,0.2554230909095203,0.607093925275988,25,20,20
33,2183,0.15404567029387006,1.3003461697271542e-06,0.2388590638766694,0.6070939654832913,25,20,20
33,2184,0.1540451450723039,1.4510296888878098e-06,0.23885943841595603,0.6070939654820515,25,20,20
33,2185,0.15404514508265196,1.4510435824306829e-06,0.23889866927873904,0.6070547345950272,25,20,20
33,2186,0.15404514508260647,1.451043582444649e-06,0.2388961697182253,0.6070572341555865,25,20,20
33,2187,0.15699931704620795,2.695571978229715e-06,0.23594065160555322,0.6070573357762616,25,20,20
33,2188,0.15699931704620715,2.695571978155115e-06,0.23556757471179968,0.6074304126700161,25,20,20
33,2189,0.15699931704620715,2.6955717358877326e-06,0.2351945681417716,0.6078034192402862,25,20,20
33,2190,0.15699931704620712,2.6955717358124636e-06,0.23519453328526685,0.607803454096791,25,20,20
33,2191,0.1574906496956707,2.6955657495488903e-06,0.23470320067123387,0.6078034540673467,25,20,20
33,2192,0.1546356839800168,1.4577970028649735e-06,0.2345712965600952,0.610791561662886,25,20,20
33,2193,0.13865783631644835,1.4580015487129698e-06,0.2505490886432822,0.610791617038721,25,20,20
33,2194,0.122976150599253,8.536474001557469e-07,0.265698192924405,0.6113248028289411,25,20,20
33,2195,0.12297615059925308,8.536474002296869e-07,0.2657028137355087,0.6113201820178372,25,20,20
33,2196,0.1389744089696062,8.534364821277892e-07,0.24970461094523175,0.611320126648679,25,20,20
33,2197,0.13897440896960933,8.534362418990425e-07,0.249706381972873,0.6113183556212749,25,20,20
33,2198,0.13897440896960614,8.534362418977222e-07,0.24970167847284563,0.6113230591213055,25,20,20
33,2199,0.13897440896960608,8.534362418964238e-07,0.24970637687425465,0.6113183607198965,25,20,20
33,2200,0.1389744089696061,8.534362418964114e-07,0.2500747943522393,0.6109499432419119,25,20,20
33,2201,0.13897359664621617,1.2064805152648292e-06,0.25007525363335725,0.6109499432399101,25,20,20
33,2202,0.13885678973276272,1.226556404483102e-06,0.2531729591438478,0.6079690245669842,25,20,20
33,2203,0.13885678972241475,1.2265425109494213e-06,0.2530480791627944,0.6080939045722791,25,20,20
33,2204,0.13885678972241156,1.2265425065845134e-06,0.2530414746122623,0.6081005091228188,25,20,20
33,2205,0.13885678972241475,1.2265425067337754e-06,0.25304158995405823,0.6081003937810194,25,20,20
33,2206,0.138856789721399,0.00027311017368752966,0.2527697063238945,0.6081003937810181,25,20,20
33,2207,0.1388576204614143,0.00040105414769853946,0.25264813152399573,0.6080931938668905,25,20,20
33,2208,0.13878707571781346,0.00040105423840130637,0.25271865196689164,0.608093218076893,25,20,20
33,2209,0.13878707571781346,0.00040105423840130773,0.25271873243214255,0.6080931376116422,25,20,20
33,2210,0.13878707571799512,0.00040105423840551264,0.2528242059655667,0.6079876640780322,25,20,20
33,2211,0.1387870757181772,0.000401054252344818,0.2528364464639794,0.6079754235654979,25,20,20
33,2212,0.13878916798847268,0.00041227325884538973,0.25282311870298724,0.6079754400496946,25,20,20
33,2213,0.15058832882361928,0.00013988386964108727,0.2412946867650866,0.6079771005416528,25,20,20
33,2214,0.15058832882366444,0.00013988465787173406,0.24162455971172916,0.6076472268067343,25,20,20
33,2215,0.13480545349901313,0.00013944830477011493,0.2575244655362655,0.6075306326599512,25,20,20
33,2216,0.13480545349883108,0.0001394482908308849,0.25751222707572674,0.6075428711346111,25,20,20
33,2217,0.13480545349882792,0.00013944829058636652,0.25750747466820145,0.6075476235423843,25,20,20
33,2218,0.13480545349882797,0.00013944829058636785,0.2575075562204066,0.607547541990179,25,20,20
33,2219,0.13072567593398296,0.00013944805368233982,0.2618430812930353,0.6072917947192993,25,20,20
33,2220,0.1307292902723407,0.00013944796297664732,0.26183949083075864,0.6072917709339241,25,20,20
33,2221,0.1307292902723438,0.00013944796298093824,0.2618460528704177,0.6072852088942576,25,20,20
33,2222,0.13072929027234145,0.000139447962980863,0.26184601428481263,0.607285247479865,25,20,20
33,2223,0.09080613415051626,0.0001394488406984772,0.3017691699587049,0.6072852470500798,25,20,20
33,2224,0.11898385934755842,0.00013944862920807095,0.2735931037623119,0.6072835882609215,25,20,20
33,2225,0.11898385934774051,0.00013944862921665154,0.27322659271535965,0.607650099307683,25,20,20
33,2226,0.1189838593477405,0.00013944862921665084,0.2735996131958026,0.6072770788272401,25,20,20
33,2227,0.11848756881910641,0.00013944862328467447,0.2740959037596721,0.6072770787979369,25,20,20
33,2228,0.11848756881892236,0.0001394486232803204,0.273990505426939,0.6073824771308582,25,20,20
33,2229,0.11848756881892156,0.00013944862328032034,0.27399039396227637,0.6073825885955216,25,20,20
33,2230,0.11848756881891837,0.00013944862328024377,0.2739888499166155,0.6073841326411858,25,20,20
33,2231,0.11848756881891831,0.00013944862328024244,0.27398876836441033,0.6073842141933912,25,20,20
33,2232,0.11752591972193444,0.00013944862360354345,0.2749501445277191,0.6073844871267436,25,20,20
33,2233,0.11760779677006361,1.3064738523073036e-05,0.27499474435039933,0.6073843941410144,25,20,20
33,2234,0.13467946426130079,1.1480027121956423e-05,0.255997581487565,0.6093114742240124,25,20,20
33,2235,0.13467946426130079,1.148002712195713e-05,0.25562917975120314,0.6096798759603744,25,20,20
33,2236,0.13819939572665635,1.1479149547255984e-05,0.2521092491659748,0.6096798759578222,25,20,20
33,2237,0.13830794162598692,1.147913240440328e-05,0.2123757982031912,0.6493047810384173,25,20,20
33,2238,0.13830794162603247,1.1479132648996935e-05,0.21237593190734091,0.6493046473339774,25,20,20
33,2239,0.1383079416260788,1.1479132644856587e-05,0.2123759770633336,0.6493046021779425,25,20,20
33,2240,0.13830794162603324,1.1479132400261642e-05,0.21237125738813806,0.6493093218534283,25,20,20
33,2241,0.1383079416258049,1.1479132400111285e-05,0.21236935197182524,0.6493112272699696,25,20,20
33,2242,0.13833050921178125,1.1479125802721303e-05,0.2123467860952466,0.6493112255671691,25,20,20
33,2243,0.17080079071765003,1.1483945883468546e-05,0.17987645535213825,0.6493112699843284,25,20,20
33,2244,0.16855060155704737,1.1447740701425675e-05,0.18240700798992,0.6490309427123313,25,20,20
33,2245,0.1286248079822216,1.1472620283180467e-05,0.22196055689313962,0.6494031625043557,25,20,20
33,2246,0.12862480798237527,1.1472632254561554e-05,0.22821004188148816,0.6431536775038819,25,20,20
33,2247,0.1475899310720813,1.1475005578572355e-05,0.21117197470585375,0.6412266192164864,25,20,20
33,2248,0.14748136376378496,1.1475005098048265e-05,0.21091232807268653,0.6415948331584304,25,20,20
33,2249,0.1474813642627014,1.1475017059739e-05,0.2171893790590939,0.6353177816611446,25,20,20
33,2250,0.1474813642627006,1.1475017055449952e-05,0.2171958136422327,0.6353113470780108,25,20,20
33,2251,0.13095026680580327,1.1475014448587713e-05,0.23372695128873436,0.635311306891014,25,20,20
33,2252,0.1646463728186263,1.1450212976505296e-05,0.20040306902688385,0.6349391079415128,25,20,20
33,2253,0.1646463728186255,1.1450212972215667e-05,0.20039650304143775,0.634945673926964,25,20,20
33,2254,0.16467388924564816,6.881241814080388e-08,0.20038038449912313,0.6349456574428103,25,20,20
33,2255,0.1646738892324906,6.879847684794587e-08,0.20037341365018302,0.6349526283188495,25,20,20
33,2256,0.20354130063735534,6.878344160129094e-08,0.16150611865684536,0.634952511922358,25,20,20
33,2257,0.2035413006477135,6.878344160390383e-08,0.16159881745364651,0.6348598131151988,25,20,20
33,2258,0.20354130015760366,6.877147997814865e-08,0.1613921124098754,0.6350665186610415,25,20,20
33,2259,0.20354130015760366,6.87714800529076e-08,0.1616583642877928,0.634800266783124,25,20,20
33,2260,0.2035413001576043,6.877168638213353e-08,0.16790324883581295,0.6285553822348966,25,20,20
33,2261,0.16562420510240664,9.178208306263902e-08,0.2054758649816411,0.6288998381338694,25,20,20
33,2262,0.16562420510240664,9.178208306183895e-08,0.20521613681733064,0.6291595662981799,25,20,20
33,2263,0.1656242051024074,9.178208306313713e-08,0.2052162863631325,0.6291594167523772,25,20,20
33,2264,0.1656242386140057,9.257168659939023e-08,0.20547064275903168,0.6289050260552762,25,20,20
33,2265,0.16533337449225521,9.292383720737007e-08,0.20576150314402356,0.6289050294398842,25,20,20
33,2266,0.18417751262432866,3.32449235840659e-05,0.18722589397039005,0.6285633484816975,25,20,20
33,2267,0.18417751262432858,3.324492357985002e-05,0.18722126187537885,0.6285679805767128,25,20,20
33,2268,0.18417751262432933,3.324492357563436e-05,0.1872162404605947,0.6285730019915007,25,20,20
33,2269,0.1827091454280688,3.324398007861932e-05,0.1886846290422275,0.6285729815496254,25,20,20
33,2270,0.18270914542802363,3.3243191848046496e-05,0.18835703389836544,0.6289005774817631,25,20,20
33,2271,0.18270914542802366,3.324319184804649e-05,0.18836352502148454,0.628894086358644,25,20,20
33,2272,0.18270914543830902,3.32431923327303e-05,0.18873662585009435,0.628520985519264,25,20,20
33,2273,0.18270914543830666,3.324319257732396e-05,0.18873666306170012,0.6285209483074161,25,20,20
33,2274,0.18270914543830982,3.324319257732528e-05,0.18873450454130836,0.6285231068278045,25,20,20
33,2275,0.18270914543815614,3.3243180605870225e-05,0.18248490570068793,0.6347727056805502,25,20,20
33,2276,0.1827091454278708,3.3243180363527756e-05,0.18248488679212907,0.6347727245996367,25,20,20
33,2277,0.1827091454278677,3.324318036774278e-05,0.18248496278142423,0.6347726486103407,25,20,20
33,2278,0.1827091454382489,3.324318061241752e-05,0.18248723032900588,0.634770381052133,25,20,20
33,2279,0.1827091460298506,3.324319455172197e-05,0.18249935662745498,0.6347582541481429,25,20,20
33,2280,0.18270914602985067,3.3243194551649307e-05,0.18249502836213363,0.6347625824134644,25,20,20
33,2281,0.18270914602985147,3.324319455165061e-05,0.18249506832362947,0.6347625424519676,25,20,20
33,2282,0.18267400780022766,3.3243695906627944e-05,0.18253020364058603,0.6347625448632797,25,20,20
33,2283,0.18267400778984882,3.324369566195322e-05,0.18253291781181424,0.634759830702675,25,20,20
33,2284,0.19606516144310263,7.304517056840834e-08,0.1691776886122707,0.634757076899456,25,20,20
33,2285,0.1960651614431026,7.30451662787566e-08,0.16917119658814642,0.6347635689235844,25,20,20
33,2286,0.1960651614431026,7.304516627745926e-08,0.16917127491366762,0.6347634905980634,25,20,20
33,2287,0.1960651614431026,7.304516627745926e-08,0.16917119587046023,0.6347635696412706,25,20,20
33,2288,0.19606512793168604,7.226947316624695e-08,0.1690051892513636,0.6349296105474769,25,20,20
33,2289,0.17783252617890496,6.329099560282468e-08,0.1918598571683242,0.6303075533617748,25,20,20
33,2290,0.1789699525707107,1.9753903060232684e-06,0.19070214163283425,0.6303259304061485,25,20,20
33,2291,0.1431638615712826,2.0951437833117045e-06,0.22649123026060322,0.6303428130243314,25,20,20
33,2292,0.14316386156092445,2.0951437833090694e-06,0.2263984504229834,0.6304355928723093,25,20,20
33,2293,0.14316386156096914,2.095143543006342e-06,0.2264002236982067,0.6304338195972818,25,20,20
33,2294,0.1430381243078075,1.6225835066775916e-05,0.229732121715928,0.627213528141198,25,20,20
33,2295,0.10933784408286916,1.622576622520963e-05,0.2634324179857132,0.627213512165193,25,20,20
33,2296,0.10933784408286916,1.6225766225209655e-05,0.2634324185613016,0.6272135115896048,25,20,20
33,2297,0.10933784408286916,1.6225766225208378e-05,0.2634323066750344,0.6272136234758718,25,20,20
33,2298,0.10993384453601567,1.6225414074599263e-05,0.2628363099591749,0.6272136200907347,25,20,20
33,2299,0.10987922110738133,1.6311119378435245e-05,0.26290773986523464,0.6271967279080054,25,20,20
33,2300,0.10987919498131297,1.6310626913078285e-05,0.26290776887363454,0.6271967255181393,25,20,20
33,2301,0.12582183645705436,1.6428300103606996e-05,0.24696500001402794,0.627196735228814,25,20,20
33,2302,0.12582183645705436,1.6428300103608274e-05,0.24696499940384292,0.627196735838999,25,20,20
33,2303,0.12582183645705367,1.642829989720381e-05,0.2407154940346006,0.6334462412084483,25,20,20
33,2304,0.12582183587583282,1.6428286198277997e-05,0.24070800768568165,0.6334537281522868,25,20,20
33,2305,0.125821835875832,1.6428286198275402e-05,0.24070808015938655,0.6334536556785828,25,20,20
33,2306,0.12582183587583523,1.6428286198349392e-05,0.24070309899895304,0.6334586368390132,25,20,20
33,2307,0.12582183587453152,1.6126952682289324e-05,0.24070456199614004,0.6334574751766454,25,20,20
33,2308,0.12582183588491325,1.6126952686654786e-05,0.24070633792985002,0.6334556992325494,25,20,20
33,2309,0.1257819721110865,1.6126952917839977e-05,0.24074620170236125,0.6334556992336335,25,20,20
33,2310,0.12578197211108966,1.6126952917839788e-05,0.2408318990074774,0.6333700019285142,25,20,20
33,2311,0.1257819721110897,1.6126952917839788e-05,0.24083197874526643,0.6333699221907252,25,20,20
33,2312,0.12578197211109365,1.6126952922117927e-05,0.2409578685691142,0.6332440323668691,25,20,20
33,2313,0.1257819721110937,1.6126952922194516e-05,0.24095779551975963,0.6332441054162236,25,20,20
33,2314,0.12578197211108974,1.612695291791638e-05,0.24083182662461444,0.633370074311377,25,20,20
33,2315,0.12578197211126985,1.6126953160909417e-05,0.24109794928577613,0.6331039516497925,25,20,20
33,2316,0.12578197211108894,1.612695291791376e-05,0.24083159602787563,0.6333703049081169,25,20,20
33,2317,0.12578197211109207,1.6126952917913757e-05,0.2408331782065853,0.633368722729404,25,20,20
33,2318,0.12578197210071435,1.6126952917838463e-05,0.24083317650877537,0.6333687244375918,25,20,20
33,2319,0.1257819721007175,1.6126966768207418e-05,0.2411006253775011,0.6331012755550126,25,20,20
33,2320,0.1257819721007143,1.6126966523612444e-05,0.24109590632769717,0.6331059946050643,25,20,20
33,2321,0.12578197210071423,1.6126966523612492e-05,0.24109363036214013,0.6331082705706215,25,20,20
33,2322,0.14976591761214522,1.6008819731111562e-05,0.2171098127093888,0.6331082608587344,25,20,20
33,2323,0.14976591761217445,1.600881972688117e-05,0.224269786274463,0.625948287293635,25,20,20
33,2324,0.14976591761476346,1.6008819735388862e-05,0.22417997255106908,0.6260381010144315,25,20,20
33,2325,0.14976591760438174,1.6008819731097376e-05,0.2241783105064501,0.6260397630694364,25,20,20
33,2326,0.14976591760438174,1.6008819731096007e-05,0.22417838879223478,0.6260396847836518,25,20,20
33,2327,0.1559695594753115,1.6004459641654753e-05,0.21797477241293944,0.6260396636521064,25,20,20
33,2328,0.1559695594727161,1.6004459633070673e-05,0.21797228401474988,0.6260421520528999,25,20,20
33,2329,0.15596955947271615,1.6004459875414633e-05,0.2183454064821181,0.6256690295852892,25,20,20
33,2330,0.1483543031193383,1.6004975262698275e-05,0.22595976345720892,0.6256699284481892,25,20,20
33,2331,0.1483543031193383,1.6004975262698322e-05,0.22595968439161435,0.6256700075137838,25,20,20
33,2332,0.12753085663554342,1.6302969427575992e-05,0.24224363352101494,0.630209206874013,25,20,20
33,2333,0.12753085663554337,1.6302969427723827e-05,0.24261665534588844,0.6298361850491394,25,20,20
33,2334,0.1275308572253252,1.6302969671564775e-05,0.23558035681623235,0.6368724829887699,25,20,20
33,2335,0.09288140616134938,1.6300002788312478e-05,0.23577001487032295,0.6713322789655384,25,20,20
33,2336,0.09410027581643807,1.6299999322991437e-05,0.23455114929000087,0.6713322748942377,25,20,20
33,2337,0.09410027581643807,1.6299999322992735e-05,0.23455107025691166,0.6713323539273268,25,20,20
33,2338,0.09410027904425354,2.7187959222827552e-06,0.23456466852626806,0.6713323336335558,25,20,20
33,2339,0.09293324329476355,1.0094995377328903e-06,0.23568337189814512,0.6713823753075535,25,20,20
33,2340,0.0929332432947635,1.0094992953902288e-06,0.23531025140388911,0.6717554958020518,25,20,20
33,2341,0.0929332432947635,1.009499295316281e-06,0.23531013624273206,0.6717556109632088,25,20,20
33,2342,0.09293324815077925,1.0094991337933065e-06,0.23530999503301747,0.671755747317069,25,20,20
33,2343,0.09293324815077929,1.0094991337932838e-06,0.2353167276368046,0.6717490147132821,25,20,20
33,2344,0.09293324815077614,1.0094991380089212e-06,0.23532171055580559,0.6717440317942802,25,20,20
33,2345,0.0929332481507761,1.009499133719292e-06,0.23531980585564782,0.6717459364944425,25,20,20
33,2346,0.08197874630205094,7.109945031568112e-07,0.23629671086142828,0.681723831842017,25,20,20
33,2347,0.08197874630205094,7.109945032320713e-07,0.23630141070252708,0.6817191320009183,25,20,20
33,2348,0.08142100179071077,7.184992979155885e-07,0.24474828471356935,0.6738299949964214,25,20,20
33,2349,0.08142100179071077,7.184992979142675e-07,0.2447482840125231,0.6738299956974677,25,20,20
33,2350,0.08142100179671483,7.60076396004395e-06,0.24480922374025688,0.6737621736990677,25,20,20
33,2351,0.08142100178790823,7.60076395998027e-06,0.2387387994310232,0.6798325980171082,25,20,20
33,2352,0.08142103866314702,1.983702003043463e-05,0.23872652629418792,0.6798325980226345,25,20,20
33,2353,0.08142103878623462,1.9837019788155696e-05,0.2450743457638055,0.6734847784301714,25,20,20
33,2354,0.0814210382067362,1.9837033455706003e-05,0.24503649870457753,0.6735226260552303,25,20,20
33,2355,0.08141935275187104,1.9836348327058828e-05,0.23949806831108286,0.6790627425887186,25,20,20
33,2356,0.08141935275187423,1.983634857167021e-05,0.23950042869711471,0.6790603822024388,25,20,20
33,2357,0.08141030130084197,1.9828851109084334e-05,0.210961747016804,0.7076081228312446,25,20,20
33,2358,0.08141030127969648,0.000791968816988103,0.21019018372987663,0.7076075461734387,25,20,20
33,2359,0.08141030127969329,0.0007919688167434928,0.21019442754174247,0.7076033023618206,25,20,20
33,2360,0.08141030127969406,0.0007919688167477757,0.21028673557013358,0.7075109943334245,25,20,20
33,2361,0.08499714613456469,0.0007919697206445688,0.20670002613166022,0.7075108580131303,25,20,20
33,2362,0.08499714613456469,0.00079196972064457,0.20670002810477248,0.7075108560400178,25,20,20
33,2363,0.08499714613456545,0.0007919697206446452,0.20669557526959273,0.7075153088751968,25,20,20
33,2364,0.08499714613456552,0.0007919697206489363,0.20669557700130892,0.7075153071434763,25,20,20
33,2365,0.0849971461345624,0.0007919697344620228,0.20706813474691516,0.7071427493840603,25,20,20
33,2366,0.08499714613460713,0.0007919697347065311,0.2070725580505078,0.7071383260801786,25,20,20
33,2367,0.08141153245194437,0.0007919688223191495,0.21065817267912137,0.7071383260466149,25,20,20
33,2368,0.08128011790790789,0.0007919749036478093,0.21078961598889287,0.7071382911995506,25,20,20
33,2369,0.0812800882503971,0.0007919748911630038,0.20596635929853485,0.7119615775599043,25,20,20
33,2370,0.08128008812730952,0.0007919748911629428,0.19925202292181202,0.7186759140597155,25,20,20
33,2371,0.08128008812730718,0.0007919748914074394,0.1992605198922152,0.71866741708907,25,20,20
33,2372,0.081280088116949,0.0007919748774960618,0.19916819904187213,0.7187597379636825,25,20,20
33,2373,0.08128008811710336,0.0007919748777059336,0.20504543923145033,0.7128824977737395,25,20,20
33,2374,0.04226208275354395,0.000791974895352027,0.24406344458420487,0.712882497766898,25,20,20
33,2375,0.042262082753546586,0.0007919748817488879,0.24993909762211858,0.7070068447425849,25,20,20
33,2376,0.042262082753546586,0.0007919748817488124,0.2499345102428547,0.707011432121849,25,20,20
33,2377,0.04226208275354343,0.00079197486789852,0.24966714388753197,0.7072787984910254,25,20,20
33,2378,0.04226204265085407,0.0007936657232144025,0.24966549314042916,0.7072787984855013,25,20,20
33,2379,0.042262042650852163,0.0007936657230045289,0.2434158038111492,0.713528487814993,25,20,20
33,2380,0.04226204265085217,0.0007936657230088191,0.24341599838095937,0.7135282932451785,25,20,20
33,2381,0.04226204265344742,0.0007936657230131856,0.24342045489319175,0.7135238367303469,25,20,20
33,2382,0.04226204265340508,0.0007936657227728937,0.24341394708082512,0.7135303445429961,25,20,20
33,2383,0.042262042653405135,0.0007936657227771088,0.24341402939122855,0.7135302622325882,25,20,20
33,2384,0.04226204265340515,0.0007936657227771827,0.24342063152081647,0.7135236601030002,25,20,20
33,2385,0.04226204265340515,0.0007936657227728917,0.24341410751778,0.7135301841060411,25,20,20
33,2386,0.042262042653405094,0.0007936657225326094,0.24341213257472488,0.7135321590493363,25,20,20
33,2387,0.0422620426394114,0.0007941630213798507,0.24341163528347265,0.713532159055735,25,20,20
33,2388,0.04226204263923287,0.000794163007469427,0.24331676524752335,0.7136270291057734,25,20,20
33,2389,0.04129880914565629,0.0007941629986237557,0.2442799963605794,0.7136270314951395,25,20,20
33,2390,0.04129772729800858,0.0007941629983091394,0.24428107703213997,0.713627032671542,25,20,20
33,2391,0.04129772729800858,0.0007941629983091394,0.24428107703213986,0.713627032671542,25,20,20
33,2392,0.04129772729800857,0.000794162998309063,0.24428099536499479,0.7136271143386872,25,20,20
33,2393,0.041297727298007826,0.0007941629983048551,0.24419031099599678,0.7137177987076905,25,20,20
33,2394,0.04129772729805336,0.0007941629983091458,0.2441948193657268,0.7137132903379105,25,20,20
33,2395,0.041297727298056496,0.0007941629985494497,0.24419936426378297,0.7137087454396108,25,20,20
33,2396,0.04129772729823743,0.0007941629987924441,0.24446560243270526,0.7134425072702648,25,20,20
33,2397,0.041297727308431516,0.0007941630127245432,0.23834524341297736,0.7195628662658664,25,20,20
33,2398,0.041297727308431585,0.000794163012728836,0.2383469855111236,0.7195611241677159,25,20,20
33,2399,0.04129772731881332,0.0007941630127289113,0.2383486391580875,0.7195594705103703,25,20,20
33,2400,0.04129772730846495,0.0007941629985867938,0.23821876406543158,0.7196893456275167,25,20,20
33,2401,0.04129772730841947,0.000794162998578287,0.23821414153057982,0.7196939681624224,25,20,20
33,2402,0.04129772730841947,0.0007941629985782116,0.23821414019675788,0.7196939694962444,25,20,20
33,2403,0.0412977273086016,0.0007941629985783595,0.2382077004639137,0.7197004092289064,25,20,20
33,2404,0.07474413706819927,0.0007944058201687931,0.20475873620258983,0.7197027209090423,25,20,20
33,2405,0.07474413706819925,0.0007944058201687179,0.20475862158193692,0.7197028355296952,25,20,20
33,2406,0.07474413706837761,0.0007944058340629139,0.2048880474117578,0.7195734096858015,25,20,20
33,2407,0.07474413706838075,0.0007944058340629151,0.2048902441020425,0.7195712129955137,25,20,20
33,2408,0.0747441370683776,0.0007944058340629904,0.204890277295234,0.7195711798023254,25,20,20
33,2409,0.07474413705799587,0.0007944058340629151,0.2048886616466313,0.7195727954613098,25,20,20
33,2410,0.07474413705799268,0.0007944058338183209,0.2048839215118435,0.7195775355963454,25,20,20
33,2411,0.06862219018375935,0.0007944103537674963,0.21100582259236572,0.7195775768701071,25,20,20
33,2412,0.06735117497972853,0.0007944103481221499,0.2122768361599669,0.7195775785121818,25,20,20
33,2413,0.06735117497972536,0.0007944103481220732,0.212274786962366,0.7195796277097861,25,20,20
33,2414,0.06735117497972536,0.0007944103481220745,0.21227486674488957,0.7195795479272624,25,20,20
33,2415,0.06735117497972615,0.000794410348122151,0.21227498336783351,0.7195794313043177,25,20,20
33,2416,0.06735117497972622,0.0007944103481222988,0.21227957561511845,0.7195748390570326,25,20,20
33,2417,0.06735117497713103,0.0007944103481180831,0.21227511901741764,0.7195792956573328,25,20,20
33,2418,0.0673511749769489,0.0007944103481179337,0.21227503424095315,0.7195793804339796,25,20,20
33,2419,0.06735117497694883,0.0007944103481177846,0.2122749198874386,0.7195794947874943,25,20,20
33,2420,0.06735117497694884,0.0007944103481178585,0.21227492044791865,0.7195794942270141,25,20,20
33,2421,0.06735117497694883,0.0007944103481179337,0.21227496222852504,0.7195794524464075,25,20,20
33,2422,0.06735117497695203,0.0007944103481180076,0.21227197148965068,0.7195824431852789,25,20,20
33,2423,0.06734891902870532,0.0007949536932617908,0.2122736840979879,0.7195824431800445,25,20,20
33,2424,0.06734891902870213,0.0007949536932617894,0.21227667487658386,0.7195794524014516,25,20,20
33,2425,0.0673489260446718,0.0007949537048652838,0.21899615627392058,0.7128599639765418,25,20,20
33,2426,0.06738397012857379,0.000794953709343566,0.21896111340434157,0.7128599627577412,25,20,20
33,2427,0.06738397012857379,0.0007949537093435647,0.21896103493670183,0.7128600412253809,25,20,20
33,2428,0.06738396311260492,0.0007949536977359281,0.21224208969886998,0.7195789934907887,25,20,20
33,2429,0.06737605271702178,0.000794953702066993,0.21225000250565962,0.7195789910752514,25,20,20
33,2430,0.06737605271702178,0.0007949537020669932,0.21224541653481124,0.7195835770460998,25,20,20
33,2431,0.06737605271702178,0.0007949537020669932,0.21224541652453602,0.719583577056375,25,20,20
33,2432,0.06737605271702182,0.0007949537020670684,0.2122501158032794,0.7195788777776315,25,20,20
33,2433,0.06737605271702178,0.000794953702066993,0.21224541255390272,0.7195835810270083,25,20,20
33,2434,0.06737605271702175,0.0007949537020669191,0.21223880975782336,0.7195901838230877,25,20,20
33,2435,0.06737605271702096,0.0007949537020626294,0.21223220519818642,0.7195967883827299,25,20,20
33,2436,0.06737605271702102,0.00079495370206278,0.2122388113802297,0.7195901822006866,25,20,20
33,2437,0.06737605271702102,0.0007949537020627786,0.21223880937250011,0.719590184208416,25,20,20
33,2438,0.06737605271702102,0.0007949537020712054,0.21261179564813837,0.7192171979327694,25,20,20
33,2439,0.06737605286495205,0.0007949537023199473,0.21260922757925138,0.7192197658534765,25,20,20
33,2440,0.06737605286477112,0.0007949537020769528,0.21234287691387713,0.7194861165192745,25,20,20
33,2441,0.06737605286477114,0.0007949537020812432,0.2123430721854062,0.7194859212477412,25,20,20
33,2442,0.06737605286477027,0.000794953702081094,0.2123407944790209,0.7194881989541275,25,20,20
33,2443,0.06737605286736564,0.0007949537020854607,0.21234299370536885,0.7194859997251798,25,20,20
33,2444,0.0673761945906689,1.5683094465361984e-05,0.21312123903907568,0.7194868832757894,25,20,20
33,2445,0.0673761945906721,1.5683094465511225e-05,0.21312135434625065,0.7194867679686111,25,20,20
33,2446,0.0675508325087157,1.49285438672308e-05,0.21294747097144792,0.7194867679759686,25,20,20
33,2447,0.06755083250871491,1.4928543858728867e-05,0.21258097380830793,0.7198532651391184,25,20,20
33,2448,0.06755083250853337,1.4928529960239906e-05,0.21245151449171973,0.7199827244697867,25,20,20
33,2449,0.06755083250857848,1.492853020250734e-05,0.21282454478230967,0.7196096941789092,25,20,20
33,2450,0.06755083250857849,1.4928530379557725e-05,0.22388238770515162,0.7085518512558903,25,20,20
33,2451,0.06755083250857924,1.4928530379483803e-05,0.22388532860002644,0.708548910361015,25,20,20
33,2452,0.06755083250857843,1.4928530379631593e-05,0.22425386761615088,0.7081803713448912,25,20,20
33,2453,0.07355944705284806,1.492401199200869e-05,0.21824529886402375,0.708180330071136,25,20,20
33,2454,0.09430218047641171,1.4924017391005185e-05,0.1974968181204482,0.7081860773857496,25,20,20
33,2455,0.09430218047641489,1.4924017391005155e-05,0.19776401737974741,0.707918878126447,25,20,20
33,2456,0.09430218047641556,1.4924017391005174e-05,0.19775940057729366,0.7079234949289002,25,20,20
33,2457,0.09430218047641838,1.4924017394721647e-05,0.20241849662002992,0.7032643988861572,25,20,20
33,2458,0.0943021806340789,1.4924017634603602e-05,0.1979272712342353,0.7077556241140514,25,20,20
33,2459,0.09695560424335124,1.4681354086416643e-05,0.19527640357656928,0.7077533108259932,25,20,20
33,2460,0.09695560424334819,1.4681354086491941e-05,0.1950108244821636,0.7080188899204019,25,20,20
33,2461,0.09695560408568485,1.4681353847111162e-05,0.19484299182211584,0.7081867227383525,25,20,20
33,2462,0.09695560408568482,1.4681353847109888e-05,0.194836385385592,0.7081933291748763,25,20,20
33,2463,0.09695560408568403,1.4681353846960625e-05,0.19483638136852238,0.7081933331919469,25,20,20
33,2464,0.09695560408568482,1.4681353846961925e-05,0.1948363834061105,0.708193331154358,25,20,20
33,2465,0.09695565103245686,1.463664791471286e-05,0.19483638116517846,0.7081933311544499,25,20,20
33,2466,0.09695565103245767,1.4636647914715477e-05,0.1948366117619145,0.7081931005577131,25,20,20
33,2467,0.09695565103245687,1.4636647918847968e-05,0.19492876093966513,0.708100951379959,25,20,20
33,2468,0.09695565103245771,1.4636648161912866e-05,0.19519580015693921,0.7078339121624408,25,20,20
33,2469,0.09316635051631417,1.561908230719648e-05,0.19897966185844862,0.7078383685429297,25,20,20
33,2470,0.09316635051631417,1.5619082307199075e-05,0.1989797757611822,0.7078382546401962,25,20,20
33,2471,0.0844908832793808,1.4650824339589247e-05,0.20766059885609262,0.7078338670401864,25,20,20
33,2472,0.08449088327942626,1.4650824335298947e-05,0.20766054690033023,0.7078339189959075,25,20,20
33,2473,0.08449088327942546,1.4650824335297648e-05,0.20766501812521643,0.7078294477710222,25,20,20
33,2474,0.08449088327938034,1.4650824092953649e-05,0.20729202052750184,0.7082024453690243,25,20,20
33,2475,0.08449088327938035,1.465082409295235e-05,0.20729206048264978,0.7082024054138765,25,20,20
33,2476,0.08431631338958256,3.447943452355331e-05,0.20744680125909473,0.7082024059167993,25,20,20
33,2477,0.0843163132416515,3.447943427473749e-05,0.20744284762226578,0.7082063597018083,25,20,20
33,2478,0.08431631324165469,3.4479434274821114e-05,0.20735283451012923,0.7082963728139415,25,20,20
33,2479,0.08431631324165467,3.44794342705308e-05,0.2073526392819744,0.7082965680421006,25,20,20
33,2480,0.08431635364670566,3.4722801080128024e-05,0.2073532185560111,0.7082957049962029,25,20,20
33,2481,0.04821772262101108,3.475121939843819e-05,0.24345168570140832,0.7082958404581813,25,20,20
33,2482,0.044830416525837614,3.476891282349821e-05,0.24670762900569346,0.7084271855556445,25,20,20
33,2483,0.044830416526016534,3.47689128276401e-05,0.24671221752063868,0.7084225970405166,25,20,20
33,2484,0.04483041653438674,3.4769553362951956e-05,0.25419603872686297,0.7009387751853869,25,20,20
33,2485,0.04483041653438673,3.4769553362876685e-05,0.25419595764560127,0.7009388562666485,25,20,20
33,2486,0.04836317156471688,3.4740968627141294e-05,0.25066324511803306,0.700938842348622,25,20,20
33,2487,0.048363171564716846,3.474096863135634e-05,0.2506633259979079,0.7009387614687433,25,20,20
33,2488,0.04836317156471688,3.474096863143034e-05,0.2506632546433464,0.7009388328233048,25,20,20
33,2489,0.04836317156472007,3.4740968631431624e-05,0.2506632546682886,0.7009388327983594,25,20,20
33,2490,0.048363171564716874,3.4740968627066274e-05,0.25066097558185396,0.7009411118848016,25,20,20
33,2491,0.04836317215642799,3.474096887595308e-05,0.2506659058748502,0.7009361809998452,25,20,20
33,2492,0.048363172158439535,3.474032810187047e-05,0.2429167776792519,0.7086853098342063,25,20,20
33,2493,0.04836317215844268,3.474032810187174e-05,0.24292139889493086,0.7086806886185242,25,20,20
33,2494,0.04836317215844268,3.4740328101871765e-05,0.24292609874344098,0.7086759887700143,25,20,20
33,2495,0.048363172158442706,3.474032810194706e-05,0.2429326246992,0.7086694628142551,25,20,20
33,2496,0.04836317215844595,3.474032792489672e-05,0.23187483681454782,0.719727250699081,25,20,20
33,2497,0.04836364495314139,2.0162246681328387e-05,0.23188894196393836,0.7197272508362381,25,20,20
33,2498,0.04836364495314139,2.0162246681328387e-05,0.23188435457719353,0.7197318382229828,25,20,20
33,2499,0.02141296736219632,2.086062165153072e-05,0.2588310074114425,0.7197351646047088,25,20,20
33,2500,0.04342766539968532,2.0842924528443736e-05,0.2369534194236374,0.7195980722521486,25,20,20
33,2501,0.00451857509645506,2.084291834645447e-05,0.27586250979293514,0.7195980721922635,25,20,20
33,2502,0.0045185750964550605,2.0842918346529736e-05,0.2758624784105892,0.7195981035746094,25,20,20
33,2503,0.004518575096455059,2.0842918346531085e-05,0.27586231768566455,0.7195982642995341,25,20,20
33,2504,0.004518575096458253,2.0842918346532382e-05,0.2758624794878463,0.7195981024973492,25,20,20
33,2505,0.006414401712635014,2.08429139349874e-05,0.2739666528567536,0.7195981025166767,25,20,20
33,2506,0.022043624255690054,2.0793354111966833e-05,0.2513122841416855,0.7266232982485128,25,20,20
33,2507,0.018607284184159495,2.0794055784858274e-05,0.22119971728573506,0.7601722044743211,25,20,20
33,2508,0.018607284184159495,2.0794055784709142e-05,0.22082661429093148,0.7605453074691247,25,20,20
33,2509,0.018607284184159554,2.0794055784709122e-05,0.2208313147178057,0.7605406070422507,25,20,20
33,2510,0.018607284184156372,2.0794055784635155e-05,0.22083321598346384,0.7605387057765957,25,20,20
33,2511,0.002979388108781884,2.082857234925714e-05,0.21275939872181726,0.784240384597052,25,20,20
33,2512,0.0029793881087786327,2.0828572349255793e-05,0.21275937636286915,0.7842404069560033,25,20,20
33,2513,0.0029793881087817925,2.0828572353516237e-05,0.21301910433158536,0.7839806789872797,25,20,20
33,2514,0.0029793880984056013,2.082857235358891e-05,0.21301911992376976,0.7839806634054713,25,20,20
33,2515,0.0029793880984056013,2.0828572353587584e-05,0.21301900607457827,0.783980777254663,25,20,20
33,2516,0.0029793880984511282,2.0828572598157675e-05,0.2130279103001119,0.7839718730288392,25,20,20
33,2517,0.0029793880984966257,2.0828586538807166e-05,0.2130295491681748,0.7839702341467901,25,20,20
33,2518,0.002979388095901295,2.08285865345156e-05,0.21311941380328456,0.78388036951428,25,20,20
33,2519,0.002979388095901295,2.082858653459089e-05,0.2131163338539735,0.7838834494635908,25,20,20
33,2520,0.002979388243795496,2.0828586534740123e-05,0.21312563951854224,0.7838741436511277,25,20,20
33,2521,0.002518487068109561,2.0116505152345913e-05,0.21359064791824095,0.7838707485084973,25,20,20
33,2522,0.0025184871928332496,2.011651690696621e-05,0.21986851603563132,0.7775928802546287,25,20,20
33,2523,0.0025184871930153713,2.0116517151561163e-05,0.21987334955369087,0.7775880467361423,25,20,20
33,2524,0.03600394633129369,2.0116047135656884e-05,0.18638673311727694,0.7775892045042931,25,20,20
33,2525,0.03600394633147572,2.011604713565688e-05,0.18638522260776827,0.7775907150136199,25,20,20
33,2526,0.03600394633147253,2.0116047131363972e-05,0.1863874195962446,0.7775885180251508,25,20,20
33,2527,0.07500010549554363,2.0116405922017755e-05,0.14739126007236045,0.7775885180261732,25,20,20
33,2528,0.041516733421738436,2.0116404614817195e-05,0.1808757899340479,0.7775873602395984,25,20,20
33,2529,0.04010394051913954,2.011665947686222e-05,0.18228858138719375,0.7775873614341897,25,20,20
33,2530,0.04010394051913953,2.0116659476937464e-05,0.18228627018280727,0.7775896726385763,25,20,20
33,2531,0.040103939927429166,2.0116659444248524e-05,0.1869402100114926,0.7729357334016338,25,20,20
33,2532,0.02889296999477704,2.011630065357209e-05,0.1981511803039709,0.7729357334005984,25,20,20
33,2533,0.02953273096105485,2.0646940808373127e-05,0.19751088830936525,0.7729357337887715,25,20,20
33,2534,0.02953273096105485,2.0646940808373127e-05,0.19751077587194202,0.7729358462261945,25,20,20
33,2535,0.029532730961058903,2.0646940812664294e-05,0.19751539702603627,0.7729312250720919,25,20,20
33,2536,0.0296573315067404,3.171996280559302e-06,0.1974078841963144,0.7729316123006653,25,20,20
33,2537,0.029657331506559057,3.171996280558016e-06,0.1974143795859238,0.7729251169112371,25,20,20
33,2538,0.029378551103264306,2.6466458782692307e-06,0.19769368571747326,0.7729251165333844,25,20,20
33,2539,0.02937045375058846,2.8785502815784136e-07,0.1977045296001464,0.7729247287942372,25,20,20
33,2540,0.029370453750770572,2.8786896924293663e-07,0.19771144656155176,0.7729178118187088,25,20,20
33,2541,0.02937045375059163,2.878552704997902e-07,0.1980775690106215,0.7725516893835166,25,20,20
33,2542,0.02937045375077302,2.878550628834458e-07,0.19342103220731321,0.777208226186851,25,20,20
33,2543,0.02937045375077222,2.8785506288214804e-07,0.1934210301697252,0.7772082282244398,25,20,20
33,2544,0.029370453750590157,2.8785481828719603e-07,0.19341781760937501,0.7772114407852166,25,20,20
33,2545,0.029370453750590154,2.8785481828719635e-07,0.19341935800085674,0.7772099003937347,25,20,20
33,2546,0.04106574095000381,2.878613057700017e-07,0.1817240690921621,0.7772099020965283,25,20,20
33,2547,0.04106574080210967,2.8786130562208943e-07,0.18171017180190202,0.7772237995346827,25,20,20
33,2548,0.041065740802064134,2.87861305619448e-07,0.18171021914483754,0.7772237521917927,25,20,20
33,2549,0.04453873627901548,2.8783151888073147e-07,0.1782372236970348,0.7772237521924308,25,20,20
33,2550,0.04453873627901548,2.878315188807315e-07,0.17823576452675025,0.7772252113627153,25,20,20
33,2551,0.04453873627901863,2.8783152317252507e-07,0.1781436144361514,0.7773173614533068,25,20,20
33,2552,0.044423836876984354,2.879222721585683e-07,0.1719052998742306,0.7836705753265127,25,20,20
33,2553,0.04085149303036049,2.894278728395323e-07,0.17546977700436903,0.7836784405373982,25,20,20
33,2554,0.0408514930303605,2.894278728382122e-07,0.17546985747372706,0.7836783600680399,25,20,20
33,2555,0.04085149303035736,2.894396378893566e-07,0.18171774899215062,0.7774304685378545,25,20,20
33,2556,0.04085149303035731,2.894396379646252e-07,0.18171766828614164,0.7774305492438635,25,20,20
33,2557,0.040851493030361265,2.8943963834253746e-07,0.21825576398106525,0.7408924535489354,25,20,20
33,2558,0.04085149303031579,2.8942569769303905e-07,0.21824763396917596,0.7409005835748107,25,20,20
33,2559,0.04085149303290276,2.8942570212058794e-07,0.21837952360807758,0.7407686939333175,25,20,20
33,2560,0.04085149303290275,2.8941409630598523e-07,0.22609980261574195,0.7330484149372589,25,20,20
33,2561,0.040851493032902766,2.8941409219348505e-07,0.22583358640168477,0.7333146311513201,25,20,20
33,2562,0.040849647436453515,2.5461361358106937e-07,0.2234166920403698,0.7357334059095635,25,20,20
33,2563,0.04084964743627146,2.546136093639055e-07,0.22341426595178293,0.7357358319983368,25,20,20
33,2564,0.040849647436272195,2.5461385395755156e-07,0.22341898557294454,0.7357311123769299,25,20,20
33,2565,0.040849647436272195,2.5461385388358044e-07,0.2234189507618551,0.7357311471880194,25,20,20
33,2566,0.04084964743609005,2.5461384530335887e-07,0.22342131722890524,0.7357287807211599,25,20,20
33,2567,0.04084964731136712,2.546020906091159e-07,0.21714198013840152,0.7420081179481413,25,20,20
33,2568,0.04084964731136712,2.546020906117338e-07,0.2171420121308989,0.7420080859556439,25,20,20
33,2569,0.040849647311363924,2.5460208624614223e-07,0.21714198222332393,0.7420081158632265,25,20,20
33,2570,0.04084964731158355,2.546705441310954e-07,0.21715839663796058,0.7419917013799122,25,20,20
33,2571,0.04084964731158361,2.5467054420376924e-07,0.21715836524129656,0.7419917327765759,25,20,20
33,2572,0.040849647311580355,2.546705442040818e-07,0.21715528660721325,0.7419948114106626,25,20,20
33,2573,0.04091772923678743,3.425071218750872e-06,0.2170842066590619,0.7419946390329326,25,20,20
33,2574,0.04091772923424621,3.4258174867286618e-06,0.21939386854857404,0.7396849763996937,25,20,20
33,2575,0.040917729234246226,3.4258174867273417e-06,0.2194005221110222,0.7396783228372454,25,20,20
33,2576,0.040917729234428296,3.4258174910171506e-06,0.21940511774494073,0.7396737272031406,25,20,20
33,2577,0.040917729234431474,3.4258174910937398e-06,0.21939846763695278,0.7396803773111251,25,20,20
33,2578,0.0409177292346124,3.425817490484891e-06,0.21948593715920897,0.7395929077886886,25,20,20
33,2579,0.03993321712670675,3.445655125306036e-06,0.22046503832266948,0.7395982988954992,25,20,20
33,2580,0.03993321712666123,3.445654880735947e-06,0.22045613409713596,0.739607203121323,25,20,20
33,2581,0.03993321712666043,3.4456548764444883e-06,0.22045462438547767,0.739608712832986,25,20,20
33,2582,0.039917190119245015,2.7475759602159714e-07,0.22047376484813072,0.7396087702750289,25,20,20
33,2583,0.04091608378662271,2.5491347562182436e-07,0.2194802838344768,0.7396033774654253,25,20,20
33,2584,0.040916083786576955,2.541672032177835e-07,0.21703881281818646,0.7420448492280337,25,20,20
33,2585,0.040916083786576955,2.541672032917774e-07,0.21703884760483846,0.7420448144413817,25,20,20
33,2586,0.04091608378675783,2.541674462121711e-07,0.2173029170398477,0.7417807450059487,25,20,20
33,2587,0.04091608376599959,2.533745990751519e-07,0.21720744205755238,0.7418762208018492,25,20,20
33,2588,0.040916083163372356,2.533885307632351e-07,0.2105045396900322,0.7485791237580648,25,20,20
33,2589,0.040440937477672405,2.5313375180525606e-07,0.21097955034334576,0.7485792590452307,25,20,20
33,2590,0.04044093747767161,2.53133751731274e-07,0.21097305773577468,0.7485857516528026,25,20,20
33,2591,0.04044093747767161,2.5313375165730285e-07,0.2109730563086258,0.7485857530799516,25,20,20
33,2592,0.040440937477672405,2.5313375158462986e-07,0.21097302037089832,0.7485857890176785,25,20,20
33,2593,0.04044093747749153,2.531335086642316e-07,0.21071137305691642,0.7488474363320841,25,20,20
33,2594,0.040440937477488365,2.5313326624831124e-07,0.21033833163476903,0.7492204777544771,25,20,20
33,2595,0.040440937477488344,2.531332663209488e-07,0.21034478411487004,0.7492140252743761,25,20,20
33,2596,0.04044075541587641,3.090130548745749e-08,0.21034522688913243,0.7492139867936861,25,20,20
33,2597,0.04044075542909673,3.090114664497733e-08,0.2328042918626803,0.7267549218070761,25,20,20
33,2598,0.040423464543242214,6.045082820004091e-08,0.2328216897209451,0.7267547852849845,25,20,20
33,2599,0.040423464543242214,6.045082819872081e-08,0.23282160925569415,0.7267548657502354,25,20,20
33,2600,0.04042374673429742,3.090099488018053e-08,0.23282135657244127,0.7267548657922663,25,20,20
33,2601,0.040429785751699844,0.0004959004394447499,0.23231944802033883,0.7267548657885154,25,20,20
33,2602,0.040429785751699844,0.0004959004394448251,0.2323240354294739,0.7267502783793803,25,20,20
33,2603,0.04042978576200941,0.0004959004532951187,0.23259140063559197,0.7264829131491025,25,20,20
33,2604,0.04042978576187308,0.0004959004530511338,0.23262913559357876,0.726445178191496,25,20,20
33,2605,0.04042978576187229,0.0004959004530511351,0.232626937079775,0.7264473767053005,25,20,20
33,2606,0.05819194944797802,0.0009087705630999097,0.21445903687919407,0.7264402431097267,25,20,20
33,2607,0.05819194945057309,0.0009087705631041268,0.21446098802806804,0.7264382919582535,25,20,20
33,2608,0.05782396446451257,0.00041292216260324963,0.215324695423233,0.72643841794965,25,20,20
33,2609,0.05782396446447037,0.00041292216260754015,0.2151947997769996,0.7265683135959213,25,20,20
33,2610,0.05784097101817686,0.00041292217171229404,0.21517779325621778,0.7265683135538916,25,20,20
33,2611,0.057840971015581735,0.0004129221717080018,0.21517117881727543,0.7265749279954333,25,20,20
33,2612,0.05784097101558248,0.0004129221717079278,0.2151777027786313,0.726568404034077,25,20,20
33,2613,0.05784097101558248,0.00041292217170792764,0.21517983953034303,0.7265662672823652,25,20,20
33,2614,0.05784097102834003,0.0004129221032500547,0.21505404437393533,0.7266920624944734,25,20,20
33,2615,0.05784097102833681,0.00041292210324576196,0.21505386356965836,0.7266922432987579,25,20,20
33,2616,0.057840971615583124,0.000412922117082387,0.21535392063262285,0.7263921856347103,25,20,20
33,2617,0.057840971615583124,0.000412922117082387,0.2153538827614789,0.7263922235058544,25,20,20
33,2618,0.05784129250222418,0.0004129231299344614,0.21535355599030417,0.7263922283775359,25,20,20
33,2619,0.057841292491911424,0.0004129231160840913,0.21508610628888752,0.7266596781031157,25,20,20
33,2620,0.057841292491908225,0.00041292311608394204,0.21508599097143763,0.7266597934205692,25,20,20
33,2621,0.05784129249176453,0.00041292311607971414,0.22133115640525788,0.720414627986897,25,20,20
33,2622,0.057841292491764534,0.0004129231160797895,0.22133112505952582,0.7204146593326289,25,20,20
33,2623,0.05919962288604769,0.0004129226223757982,0.21100763223479443,0.7293798222567811,25,20,20
33,2624,0.05919962288605089,0.00041292262262039353,0.21101230379726987,0.7293751506940578,25,20,20
33,2625,0.05919962288605143,0.00041292262262049143,0.22498234219108817,0.7154051123002391,25,20,20
33,2626,0.059199622886054605,0.00041292262262049013,0.22498388266388825,0.7154035718274357,25,20,20
33,2627,0.05782999197419651,0.00041293205594779205,0.22667475018955308,0.7150823257803017,25,20,20
33,2628,0.05782999197419653,0.0004129320559479413,0.22667637176223196,0.7150807042076228,25,20,20
33,2629,0.05782999197419653,0.0004129320559479413,0.2266763717622319,0.7150807042076228,25,20,20
33,2630,0.05782999197419653,0.0004129320559480142,0.22693800284839033,0.7148190731214641,25,20,20
33,2631,0.05782999196401381,0.00041293205413299406,0.23144543745786877,0.7103116385239835,25,20,20
33,2632,0.05782999196415753,0.0004129320541372964,0.225195764895773,0.7165613110859311,25,20,20
33,2633,0.05782999196415753,0.0004129320541372977,0.22519584586229158,0.7165612301194124,25,20,20
33,2634,0.05782999195352436,0.0004129320541411801,0.18889652656475417,0.7528605494275793,25,20,20
33,2635,0.05782999195334223,0.00041293205413696376,0.1889010297366744,0.7528560462558453,25,20,20
33,2636,0.057829991366095124,0.00041293204030455507,0.18859456287590537,0.7531625137176939,25,20,20
33,2637,0.040018626455937054,0.0004495711782495075,0.206363161246467,0.7531686411193455,25,20,20
33,2638,0.04366890721859581,0.0004495452153963558,0.2027130324445393,0.7531685151214677,25,20,20
33,2639,0.04366890721859579,0.00044954521539206414,0.2027128357754863,0.753168711790525,25,20,20
33,2640,0.04366890721859578,0.00044954521539191354,0.20271129324617185,0.7531702543198396,25,20,20
33,2641,0.0436689072185958,0.00044954521539616524,0.20308439655572982,0.7527971510102777,25,20,20
33,2642,0.0436689072185958,0.00044954521539616264,0.20308431537568258,0.7527972321903249,25,20,20
33,2643,0.043668907218598986,0.0004495452153962777,0.20271357879760274,0.7531679687684013,25,20,20
33,2644,0.043668907221185604,0.0004495452154004588,0.18887307835503514,0.7670084692083782,25,20,20
33,2645,0.04366890722118646,0.0004495460081999395,0.18897301213000528,0.7669085346406078,25,20,20
33,2646,0.04366890722118964,0.0004495460082000874,0.1889749157091438,0.7669066310614662,25,20,20
33,2647,0.0436689072186065,0.00044954600819588494,0.18884769043804198,0.7670338563351552,25,20,20
33,2648,0.04366890721860656,0.0004495460081959597,0.18911394258855413,0.7667676041846431,25,20,20
33,2649,0.04366890721860571,0.0004495452153965556,0.18901412317205316,0.7668674243939442,25,20,20
33,2650,0.04366890721860572,0.0004495452153965536,0.1893871120786397,0.7664944354873577,25,20,20
33,2651,0.04366890721620067,0.0004495452153965672,0.1892598641836145,0.7666216833847881,25,20,20
33,2652,0.04366890721619827,0.00044954521540070935,0.1892556313352677,0.766625916233133,25,20,20
33,2653,0.06202467181103971,3.667409621786681e-05,0.1713133541480557,0.766625299944687,25,20,20
33,2654,0.06202467181103891,3.667409621786551e-05,0.1713133891573671,0.7666252649353765,25,20,20
33,2655,0.062024671811084425,3.667409622215515e-05,0.17131995965460728,0.7666186944380867,25,20,20
33,2656,0.062024671811084425,3.667409646659958e-05,0.17132009327711994,0.7666185608153294,25,20,20
33,2657,0.062024671810902286,3.66740964623082e-05,0.17131772275735035,0.7666209313352855,25,20,20
33,2658,0.06202467195785902,3.667411055558715e-05,0.17121208795201062,0.7667265659795752,25,20,20
33,2659,0.06202467195781349,3.6674110551222244e-05,0.17120543637537974,0.7667332175562561,25,20,20
33,2660,0.06202467195781275,3.667411054692954e-05,0.17120786213537148,0.7667307917962692,25,20,20
33,2661,0.06201833597585212,3.666416310159427e-05,0.1399860249529388,0.7979589749081077,25,20,20
33,2662,0.06201833597585212,3.666416285707459e-05,0.13998130640285755,0.7979636934584334,25,20,20
33,2663,0.06201833597585206,3.666416285707457e-05,0.1399765095063265,0.7979684903549645,25,20,20
33,2664,0.062018335978441454,3.666416310539451e-05,0.14007199574695903,0.7978730041114943,25,20,20
33,2665,0.06201833597844384,3.666416310539322e-05,0.14007558985657334,0.7978694100018775,25,20,20
33,2666,0.062018335978443855,3.666416310539449e-05,0.14007558939001316,0.7978694104684378,25,20,20
33,2667,0.062018335978440656,3.666416310110439e-05,0.14007333863828142,0.797871661220177,25,20,20
33,2668,0.06201833597844059,3.6664163101029596e-05,0.13980712189366326,0.7981378779647954,25,20,20
33,2669,0.0620183359758544,3.666416285706516e-05,0.1398038230941031,0.7981411767671857,25,20,20
33,2670,0.026841748583127923,3.666513211000205e-05,0.17498014895553393,0.7981414373292282,25,20,20
33,2671,0.026841748583128443,3.666513210990147e-05,0.18868402118545408,0.7844375650993072,25,20,20
33,2672,0.024753360941916033,3.666482654158194e-05,0.19077240908038412,0.7844375651511589,25,20,20
33,2673,0.02475336094209817,3.666482654594873e-05,0.19077412075612188,0.7844358534752345,25,20,20
33,2674,0.0631800136453651,3.666475652212913e-05,0.15234746816863962,0.7844358534294732,25,20,20
33,2675,0.06449932131837373,3.667662707799121e-05,0.1510182644607353,0.7844457375938135,25,20,20
33,2676,0.06449932131837373,3.667662707791724e-05,0.15101822964919243,0.7844457724053564,25,20,20
33,2677,0.06449932131855585,3.667662707791983e-05,0.15102145898616878,0.784442543068198,25,20,20
33,2678,0.0644993213183706,3.6676627082132876e-05,0.1510233000753135,0.7844407019792342,25,20,20
33,2679,0.06449932133117069,3.667662685870615e-05,0.18755689926784228,0.7479071027741283,25,20,20
33,2680,0.06449932133117019,3.6676626858658486e-05,0.17358897425886563,0.7618750277831059,25,20,20
33,2681,0.0644993213702132,3.6902858611273585e-05,0.17354595801632605,0.7619178177548498,25,20,20
33,2682,0.06449932138057131,3.690285885533083e-05,0.17363644036698558,0.761827335393588,25,20,20
33,2683,0.06449932138056813,3.690285885533081e-05,0.1736349327023634,0.7618288430582133,25,20,20
33,2684,0.06449932139094898,3.690285909571139e-05,0.17363313200171468,0.7618306437482408,25,20,20
33,2685,0.06449932137799186,3.690292894202854e-05,0.1736890497787037,0.7617747259143617,25,20,20
33,2686,0.06449932137798867,3.690292894202983e-05,0.17367896307996536,0.7617848126131033,25,20,20
33,2687,0.06449932137798867,3.690292894202983e-05,0.1736790421334479,0.7617847335596207,25,20,20
33,2688,0.06449932137798867,3.6902928942027217e-05,0.17367896163348948,0.7617848140595791,25,20,20
33,2689,0.06449932137798946,3.690292894631868e-05,0.1736804713098506,0.761783304383213,25,20,20
33,2690,0.06449932123103272,3.690291485296646e-05,0.17341311874645535,0.7620506571076581,25,20,20
33,2691,0.06449932123103272,3.690291485296646e-05,0.1734131187531874,0.762050657100926,25,20,20
33,2692,0.0644993218106758,3.690292851049788e-05,0.1735272482169389,0.7619365270438739,25,20,20
33,2693,0.06449932165008822,3.6902914371703855e-05,0.17339955203203578,0.7620642234035034,25,20,20
33,2694,0.06449932165008507,3.690291436734832e-05,0.17330733139053428,0.7621564440450125,25,20,20
33,2695,0.06449932165008587,3.6902914367497564e-05,0.17330741446646858,0.7621563609690771,25,20,20
33,2696,0.06350443834711304,3.69019611123104e-05,0.17430255967590702,0.7621561000158672,25,20,20
33,2697,0.06350443834711625,3.690196111231172e-05,0.17430735737486847,0.7621513023169026,25,20,20
33,2698,0.06350443834711304,3.690196111231172e-05,0.17430256108767536,0.7621560986040988,25,20,20
33,2699,0.0635044383471131,3.6901961356896994e-05,0.17430907816729213,0.7621495815242373,25,20,20
33,2700,0.0635044383471139,3.6901961356899596e-05,0.17430930875393252,0.7621493509375964,25,20,20
33,2701,0.0635044383471163,3.6901961352609435e-05,0.17430784766672647,0.7621508120248042,25,20,20
33,2702,0.06350443834711231,3.6901961352535445e-05,0.17430561537114467,0.7621530443203898,25,20,20
33,2703,0.0635044383471115,3.690196135253283e-05,0.1743053853600919,0.7621532743314434,25,20,20
33,2704,0.06350443775709069,3.690194745462135e-05,0.17418816070179968,0.7622704995936543,25,20,20
33,2705,0.06350443775693054,3.690193513935312e-05,0.1695294773166688,0.7669291829912607,25,20,20
33,2706,0.09730233394757798,3.690199466431249e-05,0.13573156055561417,0.7669292035021438,25,20,20
33,2707,0.09730233394758045,3.690199466438615e-05,0.13573452761095475,0.7669262364468007,25,20,20
33,2708,0.09730233394757726,3.690199466009322e-05,0.13573441280818369,0.7669263512495792,25,20,20
33,2709,0.0973023339475772,3.6901994415509265e-05,0.13572781925503835,0.7669329448029691,25,20,20
33,2710,0.097302333947574,3.6901994411217776e-05,0.13572607632087288,0.7669346877371421,25,20,20
33,2711,0.097302333947574,3.690199441129307e-05,0.13572619159721327,0.7669345724608015,25,20,20
33,2712,0.09730233394757405,3.690199441136965e-05,0.13572630689859266,0.766934457159422,25,20,20
33,2713,0.09730233394757086,3.6901994407002994e-05,0.13572402638001682,0.7669367376780051,25,20,20
33,2714,0.09180293275516047,2.6285911955182364e-07,0.14126619409669072,0.7669306102890289,25,20,20
33,2715,0.09180293275515722,2.6285911947614485e-07,0.14126963625495909,0.7669271681307639,25,20,20
33,2716,0.09180293306136038,2.6278928150421634e-07,0.10479144749691499,0.8034053566524427,25,20,20
33,2717,0.09180293306154245,2.627892857956648e-07,0.10479310929843358,0.8034036948507378,25,20,20
33,2718,0.0918029330513665,2.627890418136889e-07,0.10470046947005163,0.8034963346895398,25,20,20
33,2719,0.0918029330513665,2.627890417384209e-07,0.10470043513519142,0.8034963690244001,25,20,20
33,2720,0.09180293305136975,2.627890418877067e-07,0.10470046827515782,0.8034963358844304,25,20,20
33,2721,0.09180293305141202,2.6278904610400645e-07,0.10470051795072592,0.8034962862088157,25,20,20
33,2722,0.0838473893132653,1.3446917107809913e-05,0.11264285786987728,0.8034963058997495,25,20,20
33,2723,0.08384738931555848,1.3446929643268143e-05,0.11730249850238302,0.7988366652524153,25,20,20
33,2724,0.08384738946349182,1.3446929887873438e-05,0.11729931541205156,0.7988398481945687,25,20,20
33,2725,0.08384738946349103,1.344692988779817e-05,0.11729934618165704,0.7988398174249639,25,20,20
33,2726,0.0692998685796258,1.344758981235369e-05,0.13184350448724477,0.7988431793433171,25,20,20
33,2727,0.06929986857962658,1.344758981657113e-05,0.13184569425092316,0.7988409895796336,25,20,20
33,2728,0.0692998685773366,1.3447577285389336e-05,0.12731550785052442,0.8033711759948534,25,20,20
33,2729,0.06929986857733665,1.3447577285465677e-05,0.12744494757014407,0.8032417362752338,25,20,20
33,2730,0.06929986857733345,1.3447577285464381e-05,0.12744489894569208,0.8032417848996891,25,20,20
33,2731,0.07533078906301649,1.3447503432148542e-05,0.1214139752779457,0.8032417881556058,25,20,20
33,2732,0.07533078939654256,1.4566953121235688e-05,0.12491084492904403,0.7997437987212929,25,20,20
33,2733,0.07533078939654261,1.4566953121236984e-05,0.12491092610135585,0.799743717548981,25,20,20
33,2734,0.07533078939654268,1.4566953125453963e-05,0.12491741675882367,0.799737226891509,25,20,20
33,2735,0.07533078939654267,1.4566953129742294e-05,0.12492394149772501,0.7997307021526032,25,20,20
33,2736,0.08329523208992816,1.3827358074108532e-06,0.11697270271992545,0.7997306824543391,25,20,20
33,2737,0.08329523209233558,1.3827358074749332e-06,0.11706327386384281,0.7996401113080143,25,20,20
33,2738,0.04678669527584342,2.786144846612625e-06,0.1535702003813844,0.7996403181979262,25,20,20
33,2739,0.04678669496979835,2.7861448421685974e-06,0.15356834472362613,0.7996421741617339,25,20,20
33,2740,0.04678669496979837,2.786144846458913e-06,0.15356846041621708,0.7996420584691386,25,20,20
33,2741,0.04678669496979917,2.7861448466081533e-06,0.15356849100988956,0.799642027875465,25,20,20
33,2742,0.04678669496979917,2.7861448466068323e-06,0.153568567483418,0.7996419514019365,25,20,20
33,2743,0.05991795634150725,1.3827393860519092e-06,0.1404389401499715,0.7996417207691354,25,20,20
33,2744,0.05991795634132522,1.3827393817617553e-06,0.1404388491148195,0.7996418118044734,25,20,20
33,2745,0.07917691053701284,1.9436472685910116e-06,0.12118362640636723,0.7996375194093511,25,20,20
33,2746,0.09858542902893154,1.3463512860895695e-06,0.10178129861784578,0.7996319260019363,25,20,20
33,2747,0.09858542902893147,1.3463512818745125e-06,0.10178580320612181,0.7996274214136647,25,20,20
33,2748,0.10206658684859862,6.777304049562901e-10,0.09831240484818064,0.7996210076254903,25,20,20
33,2749,0.10206658684841648,6.777303283904892e-10,0.0983122847668437,0.7996211277070092,25,20,20
33,2750,0.09865447844340584,6.701299291576804e-10,0.10172425474415026,0.7996212661423138,25,20,20
33,2751,0.09865447844322692,6.70370232978844e-10,0.10172438547961382,0.7996211354067887,25,20,20
33,2752,0.09865447844322693,6.703701564446027e-10,0.10171972419387323,0.7996257966925294,25,20,20
33,2753,0.1362273317140432,1.1006418129393323e-11,0.0641502330685396,0.7996224352064106,25,20,20
33,2754,0.15925399923363098,1.0480218091855981e-11,0.04112351764947056,0.7996224831064183,25,20,20
33,2755,0.15918553034296218,1.369648761423463e-08,0.04098010470880407,0.7998343512517462,25,20,20
33,2756,0.15918553034296218,1.3696487466292076e-08,0.04098000165150442,0.7998344543090461,25,20,20
33,2757,0.15918553034296218,1.3696487465265426e-08,0.04085056254398075,0.7999638934165696,25,20,20
33,2758,0.15918553034296212,1.3696487391248706e-08,0.0408504814381846,0.7999639745223659,25,20,20
33,2759,0.15918553019502876,1.3696238496346582e-08,0.0408471390859823,0.7999673170227506,25,20,20
33,2760,0.15918553019502876,1.3696238496392517e-08,0.040847023340347156,0.7999674327683857,25,20,20
33,2761,0.15918553019520923,1.3696485086470955e-08,0.041220820000809136,0.7995936361074968,25,20,20
33,2762,0.15918553019520928,1.3696485086494129e-08,0.041220820499963555,0.7995936356083422,25,20,20
33,2763,0.1591855301952516,1.369648510020831e-08,0.0410930344155135,0.7997214216927501,25,20,20
33,2764,0.15918553019525153,1.369648509888761e-08,0.04109303438881035,0.7997214217194533,25,20,20
33,2765,0.1591855301952515,1.3696485097589458e-08,0.04109303226998111,0.7997214238382826,25,20,20
33,2766,0.1591855301952515,1.3696485172857509e-08,0.04109314568477984,0.7997213104234837,25,20,20
33,2767,0.1591855301952515,1.3696485246806329e-08,0.041093147687516395,0.7997213084207471,25,20,20
33,2768,0.1591855301952515,1.3696480957177336e-08,0.04108665562960282,0.799727800478665,25,20,20
33,2769,0.14398453264902186,1.9931568282440602e-08,0.056238505842578466,0.7997769415768317,25,20,20
33,2770,0.14398453264902186,1.993156828373738e-08,0.05624320507214547,0.7997722423472647,25,20,20
33,2771,0.14398453264901867,1.9931323690060403e-08,0.05623837154874117,0.7997770758709168,25,20,20
33,2772,0.14398453264901867,1.9931323617387008e-08,0.05623833677235913,0.7997771106472991,25,20,20
33,2773,0.14398453264897312,1.9931319325938954e-08,0.05624319231254371,0.7997722551071642,25,20,20
33,2774,0.14398453264897393,1.9931563936025083e-08,0.056238948511034274,0.7997764989084283,25,20,20
33,2775,0.14398453264879668,1.9931321712126213e-08,0.05587179639333546,0.8001436510265465,25,20,20
33,2776,0.14398453264879668,1.9931321787395536e-08,0.05587187755970849,0.8001435698601734,25,20,20
33,2777,0.14427115089471904,2.0281884985188516e-08,0.05558391350710459,0.8001449153162917,25,20,20
33,2778,0.14426896328300157,2.0281885501051182e-08,0.05558610111135849,0.8001449153237548,25,20,20
33,2779,0.14426896328318364,2.0295824731097012e-08,0.055598306788563416,0.8001327096324283,25,20,20
33,2780,0.14426896328318373,2.0295824806376632e-08,0.05560491029611635,0.8001261061248753,25,20,20
33,2781,0.14426838275617612,6.618476094150363e-09,0.05581751111741252,0.7999140995079351,25,20,20
33,2782,0.14426838275617612,6.618476020156401e-09,0.05581743134856346,0.7999141792767843,25,20,20
33,2783,0.14426838275617693,6.618480310307097e-09,0.05581447872153048,0.7999171319038123,25,20,20
33,2784,0.15956729307788386,3.801732504222812e-10,0.0405647161809464,0.7998679903609965,25,20,20
33,2785,0.15956729307788076,3.801688842662812e-10,0.04055809951250029,0.7998746070294501,25,20,20
33,2786,0.15963506800490648,4.707829570931459e-10,0.040490324487285345,0.7998746070370253,25,20,20
33,2787,0.12322297006935305,5.2559195362685837e-08,0.07689535220102232,0.799881625170429,25,20,20
33,2788,0.12322297007973342,5.255895933375596e-08,0.07689691189939615,0.7998800654619109,25,20,20
33,2789,0.12322297008230466,5.257277249701003e-08,0.07727097906064546,0.7995059982842772,25,20,20
33,2790,0.12322297008230393,5.2572768279538974e-08,0.07727337421308217,0.7995036031318453,25,20,20
33,2791,0.12322297008230391,5.257277257110742e-08,0.07727353090978173,0.7995034464351417,25,20,20
33,2792,0.12322297008230391,5.257277249586088e-08,0.07727352889692689,0.7995034484479965,25,20,20
33,2793,0.12322297008230382,5.2573017014225924e-08,0.07727674236494192,0.799500234979737,25,20,20
33,2794,0.12322297008230462,5.257301701292859e-08,0.07727677822881333,0.7995001991158649,25,20,20
33,2795,0.0869397766791218,5.3395449570493105e-08,0.11355996646295319,0.799500203462475,25,20,20
33,2796,0.0869397766791218,5.3395445279566376e-08,0.11355335998026048,0.7995068099451723,25,20,20
33,2797,0.08693977667912174,5.339544520295505e-08,0.11355324270585894,0.799506927219574,25,20,20
33,2798,0.08336718585183871,0.0006402830918173044,0.11649260594445197,0.7994999251118916,25,20,20
33,2799,0.08336749504722386,0.0006402830831706597,0.11649229667293773,0.7994999251966678,25,20,20
33,2800,0.0833674950472239,0.0006402830834147196,0.11658459457482875,0.7994076272945329,25,20,20
33,2801,0.08336749504722389,0.0006402830831701246,0.1165797616621194,0.7994124602074869,25,20,20
33,2802,0.08336749504722384,0.0006402830831700482,0.11657327262816691,0.7994189492414395,25,20,20
33,2803,0.08336888419418403,0.000640283083169041,0.11657188348880432,0.7994189492338433,25,20,20
33,2804,0.08336888419418403,0.0006402830831690409,0.11657188348880423,0.7994189492338433,25,20,20
33,2805,0.08351564878499522,0.0006402827294737111,0.11642651220738069,0.7994175562781511,25,20,20
33,2806,0.08351564878499522,0.0006402827294694208,0.116426316971079,0.7994177515144572,25,20,20
33,2807,0.08351564878499522,0.000640282729469422,0.11642635484216689,0.7994177136433691,25,20,20
33,2808,0.08351564878499518,0.0006402827294694234,0.11642173606911731,0.7994223324164187,25,20,20
33,2809,0.08351564878499518,0.0006402827294694973,0.11642822616204727,0.7994158423234885,25,20,20
33,2810,0.0835156487851773,0.000640282729469574,0.11643302190392257,0.7994110465814309,25,20,20
33,2811,0.08351564878517756,0.0006402827157741734,0.11655065635320716,0.7992934121458413,25,20,20
33,2812,0.08351564878499525,0.0006402827155303438,0.11642078342733696,0.7994232850721378,25,20,20
33,2813,0.07994482466729685,0.0006402818031040956,0.1199916127684275,0.7994232807611713,25,20,20
33,2814,0.07994482466729692,0.0006402818031083868,0.11999631689599422,0.7994185766336004,25,20,20
33,2815,0.07994482466729613,0.0006402818031040966,0.11999464877675357,0.7994202447528461,25,20,20
33,2816,0.0799448246672962,0.0006402818031083883,0.11999476498061298,0.7994201285489825,25,20,20
33,2817,0.0799448246672954,0.0006402818031083869,0.1199948040847111,0.799420089444885,25,20,20
33,2818,0.0809233972954314,0.0006403101725871425,0.11901606791476745,0.7994202246172142,25,20,20
33,2819,0.0809233972928419,0.0006403101725827859,0.11892855150774972,0.7995077410268258,25,20,20
33,2820,0.08092339729288742,0.0006403101725829351,0.11892870248669375,0.7995075900478359,25,20,20
33,2821,0.08092339729270531,0.0006403101725829351,0.11893050892590827,0.7995057836088035,25,20,20
33,2822,0.08073573278030462,0.0006402822056954107,0.11876280680483353,0.7998611782091665,25,20,20
33,2823,0.08073573276992352,0.0006402822056911212,0.11875908338731014,0.7998649016370751,25,20,20
33,2824,0.07456958158483885,0.0006402825104706638,0.12492404336840154,0.7998660925362892,25,20,20
33,2825,0.07456958158483959,0.0006402825104705899,0.12492411485928007,0.7998660210454099,25,20,20
33,2826,0.07456958158483955,0.0006402825104705895,0.12492862174406959,0.7998615141606205,25,20,20
33,2827,0.07456958158484267,0.0006402825104705893,0.12493016801924296,0.799859967885444,25,20,20
33,2828,0.07456749898747143,2.0161197605804348e-05,0.12555238788420706,0.7998599519307165,25,20,20
33,2829,0.06845890614235592,2.0173885951793365e-05,0.1316598190299232,0.79986110094177,25,20,20
33,2830,0.03892642614129637,2.159975859261463e-05,0.16119190022935243,0.7998600738707576,25,20,20
33,2831,0.035617276092927704,2.0217823387672453e-05,0.16450255453573298,0.7998599515479506,25,20,20
33,2832,0.03561727609292768,2.02178233833813e-05,0.16449785237122863,0.7998646537124593,25,20,20
33,2833,0.035615929829202406,2.0162189140803776e-05,0.16449898442121896,0.7998649235604368,25,20,20
33,2834,0.035615929829202406,2.0162189140802458e-05,0.16449906712869045,0.7998648408529653,25,20,20
33,2835,0.03561592982920242,2.0162189140876424e-05,0.1644991716475085,0.7998647363341472,25,20,20
33,2836,0.03561592982924795,2.0162189140879046e-05,0.16449928627878477,0.7998646217028255,25,20,20
33,2837,0.03561592982667669,2.0162175327714523e-05,0.16412510595932855,0.8002388020386664,25,20,20
33,2838,0.03561592982667749,2.0162175327789804e-05,0.16413168456218924,0.8002322234358048,25,20,20
33,2839,0.035615929826678216,2.0162175568082192e-05,0.16413368546710955,0.8002302225306432,25,20,20
33,2840,0.035615929826678216,2.0162175568082192e-05,0.16413368546710952,0.8002302225306432,25,20,20
33,2841,0.03561592982667816,2.016217532409741e-05,0.16404150482691857,0.8003224031710782,25,20,20
33,2842,0.035615929826679014,2.0162175568701827e-05,0.1640446727758424,0.800319235221909,25,20,20
33,2843,0.03561592982667907,2.016217557296493e-05,0.16431084225940545,0.8000530657383415,25,20,20
33,2844,0.03561592982667833,2.0162175572966228e-05,0.1643108026417517,0.800053105355996,25,20,20
33,2845,0.04165773047789667,2.016187079537144e-05,0.15827019319426439,0.8000519144570434,25,20,20
33,2846,0.04175527621135937,3.010434849911101e-05,0.15546076602525716,0.8027538534148841,25,20,20
33,2847,0.04175527621135937,3.010434849485059e-05,0.15519446190986122,0.8030201575302844,25,20,20
33,2848,0.041650492671580636,0.00079261781482144,0.15723753710718116,0.8003193524064166,25,20,20
33,2849,0.04165049267158058,0.0007926178148214373,0.1572376244029065,0.8003192651106913,25,20,20
33,2850,0.04165049267158052,0.0007926178148214345,0.15723751016814458,0.8003193793454533,25,20,20
33,2851,0.04165049267158054,0.0007926178148215098,0.1572376247258474,0.8003192647877504,25,20,20
33,2852,0.04165049267158059,0.0007926178148257995,0.15724232689015077,0.8003145626234427,25,20,20
33,2853,0.04165049267158054,0.0007926178148258749,0.15724223043908878,0.8003146590745044,25,20,20
33,2854,0.04165049267157974,0.000792617814581294,0.15723552786873832,0.8003213616451003,25,20,20
33,2855,0.04165049267158058,0.0007926178145812952,0.15723550594045815,0.8003213835733797,25,20,20
33,2856,0.04165049267153584,0.0007926178148236351,0.15760839733457885,0.7999484921790614,25,20,20
33,2857,0.041650492671534985,0.0007926178145789568,0.15760511548440356,0.7999517740294825,25,20,20
33,2858,0.041650492671534235,0.0007926178145788829,0.15759859094390763,0.7999582985699791,25,20,20
33,2859,0.041902192580511144,0.0007931311684205346,0.1573466038334314,0.799958072417637,25,20,20
33,2860,0.041902192580511206,0.0007931311684206085,0.15735118915594795,0.7999534870951205,25,20,20
33,2861,0.04190219258051128,0.0007931311686651908,0.1573578922249819,0.7999467840258419,25,20,20
33,2862,0.04190686774754257,0.0022073409321545145,0.1558190310189268,0.8000667603013756,25,20,20
33,2863,0.04190686774754257,0.002207340932154439,0.1558124282519941,0.8000733630683082,25,20,20
33,2864,0.04190687616020965,0.002207340946308657,0.15590842096948931,0.7999773619239915,25,20,20
33,2865,0.04190687616021285,0.002207340946552716,0.15600118212280734,0.7998846007704262,25,20,20
33,2866,0.0419068761602128,0.0022073409465527896,0.15600121548306076,0.7998845674101729,25,20,20
33,2867,0.04190687616021279,0.0022073409465527883,0.15600121209827036,0.7998845707949633,25,20,20
33,2868,0.04190687616021285,0.0022073409467957827,0.15626756263199248,0.7996182202609979,25,20,20
33,2869,0.04190687616016744,0.0022073409467956353,0.15627203411459878,0.799613748778437,25,20,20
33,2870,0.041906876160164294,0.0022073409467914186,0.15627037367365626,0.799615409219387,25,20,20
33,2871,0.04190686774749723,0.00220734093264149,0.15618090637428308,0.7997048849455771,25,20,20
33,2872,0.041906867747497245,0.002207340932398496,0.15591459453171355,0.7999711967883896,25,20,20
33,2873,0.04190686774750278,0.0022073409323984223,0.1559177315046541,0.7999680598154435,25,20,20
33,2874,0.04190686774750278,0.002207340932398423,0.15591784732686764,0.7999679439932301,25,20,20
33,2875,0.041906867747501936,0.002207340932398348,0.1559112402741018,0.7999745510459967,25,20,20
33,2876,0.04190686774750186,0.0022073409321537647,0.155904536666103,0.7999812546542401,25,20,20
33,2877,0.041906867747501915,0.0022073409321580265,0.15617075549760873,0.7997150358227301,25,20,20
33,2878,0.041906867750027645,0.0022073409459668243,0.15654473780629172,0.7993410534977126,25,20,20
33,2879,0.041906867750027575,0.002207340945966823,0.15654477962117178,0.7993410116828324,25,20,20
33,2880,0.04070615422769225,0.002207834683112547,0.15774263816412057,0.7993433729250732,25,20,20
33,2881,0.04070615422768904,0.0022078346828684897,0.15764995678506896,0.799436054304372,25,20,20
33,2882,0.040706154227728185,0.0022078346828770705,0.1576469360188464,0.7994390750705469,25,20,20
33,2883,0.040706154227910255,0.002207834682872883,0.15738530714665144,0.799700703942564,25,20,20
33,2884,0.040706154227910255,0.0022078346828728838,0.1573853882220001,0.7997006228672154,25,20,20
33,2885,0.040706154227910255,0.0022078346828728855,0.15738527378301703,0.7997007373061984,25,20,20
33,2886,0.040706161377458826,0.002207834683080344,0.16347271375578892,0.7936132901836709,25,20,20
33,2887,0.040706161377458826,0.0022078346830802687,0.16347259790368412,0.7936134060357759,25,20,20
33,2888,0.04070616137745882,0.002207834683075979,0.16346599341794288,0.7936200105215215,25,20,20
33,2889,0.04070616137745874,0.002207834683075829,0.16346129152999392,0.7936247124094706,25,20,20
33,2890,0.04070616137745874,0.002207834683075829,0.16346599500396825,0.7936200089354963,25,20,20
33,2891,0.04070616137746195,0.002207834683080184,0.16355820837013332,0.7935277955693237,25,20,20
33,2892,0.040706161374890734,0.00220783466926717,0.16319063224582675,0.7938953717100145,25,20,20
33,2893,0.04070616138527239,0.0022078346692714634,0.16318776039335145,0.7938982435521037,25,20,20
33,2894,0.040706161385272416,0.0022078346692714617,0.16319436493344644,0.7938916390120085,25,20,20
33,2895,0.040706161385272416,0.002207834669271461,0.16320089086968714,0.7938851130757678,25,20,20
33,2896,0.040812744394374725,0.0014353821101579455,0.1638678781607332,0.7938839953347329,25,20,20
33,2897,0.04081274439437471,0.0014353821101579455,0.16387249690481442,0.793879376590652,25,20,20
33,2898,0.04081274439437466,0.001435382110162161,0.1638790203193762,0.793872853176086,25,20,20
33,2899,0.04081274439437786,0.0014353821101663771,0.16387902324732523,0.7938728502481296,25,20,20
33,2900,0.04081274439437866,0.0014353821104109731,0.1638838587440424,0.7938680147511671,25,20,20
33,2901,0.04081273724483009,0.0014353821102035132,0.15779641818538714,0.7999554624595782,25,20,20
33,2902,0.04081273724483008,0.0014353821102034482,0.15770586728813674,0.8000460133568288,25,20,20
33,2903,0.04081273724487562,0.0014353821102035232,0.15770134866867008,0.8000505319762496,25,20,20
33,2904,0.04081273724487562,0.0014353821102035232,0.15770134866867003,0.8000505319762498,25,20,20
33,2905,0.04081273724491794,0.0014353821101992337,0.15771065047816105,0.8000412301667207,25,20,20
33,2906,0.04081273724491794,0.001435382110199309,0.15771076564807573,0.8000411149968061,25,20,20
33,2907,0.04081273724491801,0.0014353821101993854,0.15771080432487056,0.800041076320011,25,20,20
33,2908,0.04081273724491801,0.0014353821101993841,0.15771091876385368,0.8000409618810279,25,20,20
33,2909,0.04080835724085469,1.0118733941065314e-06,0.15926964571523203,0.799920985170518,25,20,20
33,2910,0.040808357240854694,1.0118733941817996e-06,0.1592697601784081,0.7999208707073417,25,20,20
33,2911,0.04111139685560628,2.956639084705191e-05,0.15880202690031348,0.8000570098532319,25,20,20
33,2912,0.04111139685560627,2.9566390842836263e-05,0.1588001222397175,0.800058914513832,25,20,20
33,2913,0.04111139685560624,2.9566390842910236e-05,0.15879363108941402,0.8000654056641355,25,20,20
33,2914,0.04111139685560938,2.956639084712589e-05,0.1588001164514135,0.8000589203021288,25,20,20
33,2915,0.0808077802337077,1.0118730868937402e-06,0.11926842682101806,0.7999227810721861,25,20,20
33,2916,0.0808077802337085,1.0118730868963358e-06,0.11926865599590802,0.7999225518972954,25,20,20
33,2917,0.08080778023366297,1.0118730867470953e-06,0.1192684747902294,0.7999227331030199,25,20,20
33,2918,0.08080778023361751,1.0118730782404413e-06,0.11926835868303637,0.7999228492102667,25,20,20
33,2919,0.08086046615473311,1.0118730777364702e-06,0.11921567276204996,0.7999228492101385,25,20,20
33,2920,0.08086046615473311,1.0118730777377454e-06,0.11921097125108951,0.799927550721099,25,20,20
33,2921,0.08049433073228643,1.0118731044593526e-06,0.11957710624513024,0.7999275511494784,25,20,20
33,2922,0.0807735053242341,1.0121460422262314e-06,0.1192979067891412,0.7999275757405819,25,20,20
33,2923,0.08077350532423329,1.0121460422988825e-06,0.11929775924607862,0.7999277232836453,25,20,20
33,2924,0.08077350532423316,1.012146042297539e-06,0.11929305774132073,0.7999324247884032,25,20,20
33,2925,0.07999961638730492,1.011752247846162e-06,0.12042247453584702,0.7995768973245997,25,20,20
33,2926,0.07999961638748386,1.0117522437044528e-06,0.1204160338453091,0.7995833380149628,25,20,20
33,2927,0.07999961638748383,1.0117522436304594e-06,0.12041591992109792,0.7995834519391741,25,20,20
33,2928,0.07999961638743833,1.011752243703133e-06,0.12040202924790916,0.7995973426124084,25,20,20
33,2929,0.0799996163872562,1.011752243627841e-06,0.12040197928271107,0.7995973925777886,25,20,20
33,2930,0.07999961639760476,1.0117524917364584e-06,0.12053146294081946,0.7994679089090837,25,20,20
33,2931,0.07999961639760561,1.0117524961026846e-06,0.12053798673464994,0.7994613851152479,25,20,20
33,2932,0.07999961639760561,1.0117524961013645e-06,0.12053798614894332,0.7994613857009546,25,20,20
33,2933,0.08000077993902675,1.012253735439176e-06,0.12053682445729921,0.7994613833499382,25,20,20
33,2934,0.08000077993902915,1.012253497434375e-06,0.12043003539313439,0.7995681724143386,25,20,20
33,2935,0.08000077993884704,1.0122534974343833e-06,0.12042544689626951,0.7995727609113856,25,20,20
33,2936,0.08000077993884705,1.0122534974343833e-06,0.1204254469315665,0.7995727608760884,25,20,20
33,2937,0.08000077993884712,1.0122534973617786e-06,0.12042544802586001,0.799572759781795,25,20,20
33,2938,0.08000077992846627,1.0122674280815742e-06,0.12043593727981552,0.7995622705242895,25,20,20
33,2939,0.08000077992846948,1.0122674323730588e-06,0.12043756031043092,0.7995606474936666,25,20,20
33,2940,0.08000077992846952,1.0122676747169957e-06,0.12080407576620981,0.7991941320376453,25,20,20
33,2941,0.0801046036592575,1.182611473123992e-08,0.12070363907716027,0.7991917454374675,25,20,20
33,2942,0.08010460365925744,1.1826114655947886e-08,0.12070351982266167,0.7991918646919661,25,20,20
33,2943,0.08010460365925665,1.1825870134966825e-08,0.12069880022326793,0.7991965842916051,25,20,20
33,2944,0.08010460365925663,1.1826112476261826e-08,0.12107180573413936,0.7988235787804912,25,20,20
33,2945,0.08010460365925633,1.1826325158968663e-08,0.1255914286291684,0.7943039558852498,25,20,20
33,2946,0.08010460365925713,1.1826325234261095e-08,0.1255915431956612,0.7943038413187561,25,20,20
33,2947,0.08010460365925719,1.1826329525175346e-08,0.1255980325936215,0.7942973519207907,25,20,20
33,2948,0.08026414621702546,1.1553363593024946e-08,0.12543851532843753,0.7942973269011727,25,20,20
33,2949,0.08026414621702552,1.155336351905382e-08,0.12543848193306395,0.7942973602965463,25,20,20
33,2950,0.08026414621702552,1.1553363517711347e-08,0.1254384785379983,0.7942973636916119,25,20,20
33,2951,0.08026414621962079,1.1553608187964234e-08,0.12544331345931306,0.794292528767457,25,20,20
33,2952,0.08026315114607854,1.1553636165735976e-08,0.1254443085328228,0.7942925287674616,25,20,20
33,2953,0.08026315114608173,1.1553880685419845e-08,0.1254490281316986,0.7942878091683379,25,20,20
33,2954,0.0802631511434865,1.1553636091778291e-08,0.12544430771004345,0.7942925295928329,25,20,20
33,2955,0.08026315173524028,1.1553640336897332e-08,0.12517980776023566,0.7945570289508826,25,20,20
33,2956,0.08026315173524029,1.155364462786933e-08,0.12518641442565415,0.7945504222854599,25,20,20
33,2957,0.08026315174559931,1.1553644630336648e-08,0.12527557502468814,0.7944612616760669,25,20,20
33,2958,0.08026315174560011,1.155340657933513e-08,0.12490264982588382,0.7948341868751083,25,20,20
33,2959,0.08026315175586866,1.2325620273928538e-08,0.12532477102453213,0.7944120648939778,25,20,20
33,2960,0.08026315175591472,1.2325378080917507e-08,0.12520357836167392,0.7945332575570322,25,20,20
33,2961,0.04027969937931787,3.925152007042138e-08,0.16518700156059432,0.7945332598085677,25,20,20
33,2962,0.040279699379271824,3.9251519919495585e-08,0.164935235539512,0.7947850258296962,25,20,20
33,2963,0.040171865179765655,0.03822321139724607,0.1268198961574644,0.7947850272655237,25,20,20
33,2964,0.04005043534798283,0.03822321139880751,0.12694132598024063,0.7947850272729687,25,20,20
33,2965,0.04005043534797969,0.03822321139880751,0.12694120593133668,0.7947851473218759,25,20,20
33,2966,0.04005043534797974,0.03822321139880322,0.12693622361869317,0.7947901296345237,25,20,20
33,2967,0.04005043868494271,0.03822321139880316,0.16297901622424132,0.7587473336920119,25,20,20
33,2968,0.04015751275330989,0.038223212188915306,0.12776267324144927,0.7938566018163253,25,20,20
33,2969,0.04015751276362303,0.03822321297834981,0.12803196183977886,0.7935873124182481,25,20,20
33,2970,0.0401575127636223,0.038223212978349734,0.12803664354949315,0.7935826307085345,25,20,20
33,2971,0.04015751276362225,0.03822321297834959,0.1280300380776731,0.793589236180355,25,20,20
33,2972,0.040050435358292065,0.038223212188237425,0.12720347383422878,0.7945228786192416,25,20,20
33,2973,0.040050435347943544,0.038223212187989394,0.12707861098722378,0.7946477414768433,25,20,20
33,2974,0.04005043534794359,0.03822321218799369,0.127085217480789,0.7946411349832736,25,20,20
33,2975,0.04005043534794673,0.03822321218799376,0.1270852175108682,0.7946411349531912,25,20,20
33,2976,0.04005043533767734,0.03822321140184076,0.12665088972101932,0.7950754635394626,25,20,20
33,2977,0.0400504353376745,0.038223211401623866,0.12212975770954451,0.7995965955511573,25,20,20
33,2978,0.04005043532736137,0.038223210612189355,0.12186058153836293,0.7998657725220865,25,20,20
33,2979,0.040050435327361404,0.038223210612348596,0.13583045491006113,0.7858958991502288,25,20,20
33,2980,0.04010083349438053,0.038223210610470015,0.1357799209860906,0.785896034909059,25,20,20
33,2981,0.04010083349695184,0.03822321061071236,0.13615294424655405,0.785523011645782,25,20,20
33,2982,0.040100833496951795,0.03822321061071236,0.13615943312365927,0.7855165227686769,25,20,20
33,2983,0.04010083349699733,0.03822321061071665,0.13615493057822298,0.7855210253140631,25,20,20
33,2984,0.04010083349699728,0.03822321061071665,0.1361548977450085,0.7855210581472776,25,20,20
33,2985,0.040031953744582995,0.03822322448954914,0.13621998952421416,0.7855248322416537,25,20,20
33,2986,0.040031953744582995,0.038223224489544766,0.1362135480386583,0.7855312737272138,25,20,20
33,2987,0.04054014526555636,0.03822531093938855,0.13570320007946257,0.7855313437155922,25,20,20
33,2988,0.04054014526555643,0.03822531093939284,0.13570328288926314,0.7855312609057873,25,20,20
33,2989,0.04054014525519742,0.03822531093939705,0.13561874337347177,0.7856158004319336,25,20,20
33,2990,0.04054014540311697,0.03822531095358282,0.1356257203856263,0.7856088232576737,25,20,20
33,2991,0.04054014540311699,0.03822531095358282,0.13562264068594268,0.7856119029573573,25,20,20
33,2992,0.04054014540311696,0.038225310953342514,0.135710107909607,0.7855244357339332,25,20,20
33,2993,0.04054045988702363,0.03822529656633873,0.13571371766654505,0.7855205258800921,25,20,20
33,2994,0.04054045988702369,0.03822529656634295,0.13571833875010975,0.7855159047965232,25,20,20
33,2995,0.04054045988715752,0.03822529656652578,0.14632647645737806,0.7749077670889382,25,20,20
33,2996,0.04054045988715753,0.03822529656652149,0.14632182840913052,0.7749124151371899,25,20,20
33,2997,0.04149648211644341,0.038223203300224794,0.1453679878120657,0.7749123267712661,25,20,20
33,2998,0.04149648211644256,0.038223203300220505,0.14536779111909004,0.774912523464247,25,20,20
33,2999,0.041496482116311906,0.03822320330003768,0.13475970200097628,0.7855206125826739,25,20,20
33,3000,0.041496487735017976,0.03822320329988856,0.1347596963396515,0.7855206126254416,25,20,20
33,3001,0.04148021867924112,0.03822317639199829,0.13477599446932673,0.7855206104594338,25,20,20
33,3002,0.041471379416900794,0.03997648010214627,0.1330315475882062,0.7855205928927467,25,20,20
33,3003,0.041471379417086125,0.03997648010215057,0.133036301318259,0.7855158391625043,25,20,20
33,3004,0.041471379417267605,0.039976480102394386,0.1331656354096377,0.7853865050707002,25,20,20
33,3005,0.04147137941744654,0.03997648010239432,0.1331637347158428,0.7853884057643163,25,20,20
33,3006,0.04147137941968211,0.03997648078730005,0.13870419044522073,0.779847949347797,25,20,20
33,3007,0.04147137941967974,0.03997648078729577,0.13861204228770263,0.7799400975053216,25,20,20
33,3008,0.04147137941967969,0.03997648078729577,0.1386171539356487,0.7799349858573755,25,20,20
33,3009,0.04147137941967964,0.03997648078729148,0.1386155304647011,0.7799366093283274,25,20,20
33,3010,0.041471379422229206,0.03997648078753178,0.13862203850322977,0.7799301012870089,25,20,20
33,3011,0.04245050829652145,0.039976481773536764,0.137642908644447,0.7799301012854943,25,20,20
33,3012,0.042450508296520646,0.039976481773536764,0.1376428351765402,0.779930174753402,25,20,20
33,3013,0.04245050829633532,0.039976481773532545,0.13764468631307608,0.7799283236170556,25,20,20
33,3014,0.04245050829633852,0.039976481773532545,0.13764622889066172,0.7799267810394668,25,20,20
33,3015,0.04245050829633852,0.039976481773532545,0.1376462275033257,0.7799267824268027,25,20,20
33,3016,0.04245050829645745,0.0010861381584819877,0.1765365711152056,0.7799267824298545,25,20,20
33,3017,0.04245050814853791,0.0010861381442962969,0.1765317101043376,0.7799316436028277,25,20,20
33,3018,0.04245050814853707,0.0010861381442962973,0.17652977401310924,0.7799335796940567,25,20,20
33,3019,0.04245050814853712,0.0010861381442963,0.17652314904731117,0.7799402046598548,25,20,20
33,3020,0.04148890025160509,0.0010861950288420389,0.17748442423095603,0.7799404804885961,25,20,20
33,3021,0.04148890025160508,0.0010861950288376726,0.1774844235657141,0.7799404811538424,25,20,20
33,3022,0.04148890025165061,0.0010861950288420393,0.17747991936907986,0.7799449853504268,25,20,20
33,3023,0.04148890025165066,0.0010861950288462551,0.17747995901493308,0.7799449457045694,25,20,20
33,3024,0.04148890025165061,0.0010861950288463288,0.17748645413173314,0.7799384505877694,25,20,20
33,3025,0.04148890025424083,0.0010861950290902331,0.1776119354941477,0.7798129692225209,25,20,20
33,3026,0.04148890033536527,7.70315669868408e-07,0.17869736013505005,0.7798129692139145,25,20,20
33,3027,0.041488900335547335,7.703156697944163e-07,0.17869590246447498,0.7798144268843078,25,20,20
33,3028,0.04148890033554733,7.703156655047919e-07,0.17868926079644226,0.7798210685523449,25,20,20
33,3029,0.041488900333021383,7.703154274399056e-07,0.17844616260565568,0.7800641667458953,25,20,20
33,3030,0.041488900333066916,7.703154316560312e-07,0.17844192469296186,0.7800684046585394,25,20,20
33,3031,0.041488900333024575,7.703154316545056e-07,0.17844426200786784,0.7800660673436758,25,20,20
33,3032,0.041488900332979244,7.703154316666138e-07,0.17831892612791111,0.7801914032236777,25,20,20
33,3033,0.04148890033297605,7.703154274507286e-07,0.17831433782333833,0.780195991528258,25,20,20
33,3034,0.041488900332976,7.70315427450706e-07,0.17831417403991062,0.7801961553116855,25,20,20
33,3035,0.04148890033038573,7.703151835478335e-07,0.17818400882843655,0.7803263205259934,25,20,20
33,3036,0.04148890033038573,7.703151835465135e-07,0.17818389439355906,0.780326434960871,25,20,20
33,3037,0.03989463125618104,7.695188265863682e-07,0.17977815618228102,0.780326443042711,25,20,20
33,3038,0.03989463125599896,7.695188265850615e-07,0.1800443398429769,0.7800602593821974,25,20,20
33,3039,0.03989463125599893,7.695186716368505e-07,0.166081071688332,0.7940235275369975,25,20,20
33,3040,0.03989463125599886,7.695186716355339e-07,0.16607890776564432,0.7940256914596852,25,20,20
33,3041,0.03991159192479615,1.5654786618628588e-06,0.15373860766553155,0.8063482349310099,25,20,20
33,3042,0.03991159192479615,1.5654786618654522e-06,0.15411171150055825,0.8059751310959834,25,20,20
33,3043,0.03991159192256058,1.5647937603443677e-06,0.14857579545130153,0.8115110478323772,25,20,20
33,3044,0.03991159192256058,1.5647937603457117e-06,0.14857579951285865,0.8115110437708201,25,20,20
33,3045,0.03991159192256137,1.564793756131171e-06,0.14857132644877905,0.8115155168349031,25,20,20
33,3046,0.039911591868445756,0.00038184660552299907,0.14819104468509273,0.811515516840938,25,20,20
33,3047,0.0457086114718475,0.00038184955845715007,0.14234830596672737,0.811561233002968,25,20,20
33,3048,0.039911261200742676,0.00038184660537145444,0.10831730107883314,0.8513895911150523,25,20,20
33,3049,0.039911261207830756,0.0003818775343723082,0.12100194347623888,0.838704917781558,25,20,20
33,3050,0.039911261207827564,0.00038187753437238085,0.12100692458116967,0.8386999366766301,25,20,20
33,3051,0.03991126120782751,0.00038187753437238085,0.12100700291680788,0.8386998583409918,25,20,20
33,3052,0.039911261205235575,0.0003818775343707178,0.12126662980001283,0.8384402314603805,25,20,20
33,3053,0.039911261205054026,0.00038187753412261027,0.12114180029978555,0.8385650609610376,25,20,20
33,3054,0.039911261205054026,0.0003818775341225364,0.12114168643521353,0.8385651748256098,25,20,20
33,3055,0.03991126120505402,0.0003818775341226099,0.12140793712459443,0.8382989241362289,25,20,20
33,3056,0.03991126120505402,0.0003818775341226117,0.12114171982032908,0.8385651414404943,25,20,20
33,3057,0.03991126120505402,0.000381877534122609,0.1211370185701855,0.8385698426906378,25,20,20
33,3058,0.03991126120505403,0.00038187753412253383,0.12113052875349384,0.8385763325073295,25,20,20
33,3059,0.03991126120505325,0.00038187753412253383,0.1211304189340899,0.8385764423267343,25,20,20
33,3060,0.03991126120518504,0.0003818775342995115,0.1321882350727944,0.8275186261877212,25,20,20
33,3061,0.03991126120068011,0.0003818466194018524,0.11973663318690984,0.839970258993008,25,20,20
33,3062,0.03991126105320051,0.0003818466193975877,0.11961233477722137,0.8400945575501804,25,20,20
33,3063,0.039911262570044785,7.708122819446238e-06,0.11998647176288603,0.8400945575442494,25,20,20
33,3064,0.039911262570044785,7.70812281937096e-06,0.11997986895904324,0.8401011603480925,25,20,20
33,3065,0.03991126257263967,7.708122819371813e-06,0.11998445421874121,0.8400965750857994,25,20,20
33,3066,0.03991126257264286,7.708122819371814e-06,0.1199907907909655,0.8400902385135719,25,20,20
33,3067,0.039893792848520536,6.9123131091900715e-06,0.11483026827523167,0.845269026563138,25,20,20
33,3068,0.039893792848338425,6.912313104973962e-06,0.11495508455685927,0.8451442102816968,25,20,20
33,3069,0.039893792848338425,6.912313105049246e-06,0.1149597863897341,0.8451395084488219,25,20,20
33,3070,0.03989379285116043,6.912326843658569e-06,0.10399429146568523,0.8561050033563101,25,20,20
33,3071,0.03989379285116044,6.912326843658579e-06,0.1039897065787359,0.8561095882432594,25,20,20
33,3072,0.03989379285362426,6.912326843793207e-06,0.10851027620811887,0.8515890186114126,25,20,20
33,3073,0.03304531285326439,6.912549027038553e-06,0.11535651109092422,0.8515912635067845,25,20,20
33,3074,0.0330453099854324,6.912446789611136e-06,0.1328578321550556,0.8340899454127232,25,20,20
33,3075,0.033045309985477944,6.9124470342841984e-06,0.1328624249157191,0.8340853526517695,25,20,20
33,3076,0.03304530998548115,6.912447278862591e-06,0.13249665613697206,0.8344511214302688,25,20,20
33,3077,0.033045309985663227,6.912447278936554e-06,0.13249882164632523,0.8344489559207333,25,20,20
33,3078,0.033705040140821416,7.414514103465467e-06,0.13183884191484127,0.8344487034302355,25,20,20
33,3079,0.0337050401408214,7.414514103390447e-06,0.13170932181109357,0.8345782235339831,25,20,20
33,3080,0.03370504013835764,7.414514107545673e-06,0.12719345435434884,0.8390940909931877,25,20,20
33,3081,0.0337050401357627,7.414514103255011e-06,0.12718886677885735,0.8390986785712781,25,20,20
33,3082,0.03370504013576667,7.41451434678169e-06,0.12736204542122612,0.8389254999286618,25,20,20
33,3083,0.03370504013576667,7.414514346779051e-06,0.12736219423675027,0.8389253511131375,25,20,20
33,3084,0.03370504013572113,7.414514342413465e-06,0.12736207600024868,0.8389254693496889,25,20,20
33,3085,0.03370504013572118,7.414514342414764e-06,0.12735748382621342,0.8389300615237241,25,20,20
33,3086,0.006303951190657425,7.414315703670733e-06,0.15476081775294262,0.8389278167406975,25,20,20
33,3087,0.00630395119065737,7.414315703669435e-06,0.1547607101151102,0.83892792437853,25,20,20
33,3088,0.0063039511906573835,7.414315707919742e-06,0.15513381200059947,0.8385548224930365,25,20,20
33,3089,0.006303951190839036,7.414315707992243e-06,0.1552260587341597,0.8384625757592942,25,20,20
33,3090,0.006303951190835854,7.414315703776381e-06,0.1552214704648833,0.8384671640285779,25,20,20
33,3091,0.006303951190832701,7.414315463486548e-06,0.1552188379369017,0.838469796556803,25,20,20
33,3092,0.006303951575575103,7.4148323397809434e-06,0.169208537852831,0.8244800957392543,25,20,20
33,3093,0.006303951575575158,7.4148323398549114e-06,0.1692100804612869,0.8244785531307981,25,20,20
33,3094,0.0063039515757295165,7.415502947432295e-06,0.1754595804259514,0.8182290524953717,25,20,20
33,3095,0.006303951575723159,7.415502703906936e-06,0.17528009358419133,0.8184085393373816,25,20,20
33,3096,0.006303951575726311,7.4155027081585405e-06,0.17528009391107469,0.818408539010491,25,20,20
33,3097,0.006303951573146338,7.41548860503975e-06,0.17504210997950287,0.818646522958746,25,20,20
33,3098,0.006303951572995176,7.414817997462387e-06,0.16879411825396382,0.8248945153550438,25,20,20
33,3099,0.006303951572995161,7.4148179974610465e-06,0.16879400191893232,0.8248946316900753,25,20,20
33,3100,0.006303951572992787,7.414831802121133e-06,0.16879507901680327,0.8248935545784019,25,20,20
33,3101,0.00630395157299279,7.414831802195128e-06,0.16879511768005842,0.8248935159151469,25,20,20
33,3102,0.006303951572992734,7.414831797905272e-06,0.16879052800387234,0.8248981055913372,25,20,20
33,3103,0.006303951573173665,7.414832040900931e-06,0.1690566502067322,0.8246319833880535,25,20,20
33,3104,0.006303951573173724,7.414832040902243e-06,0.16905907398629816,0.8246295596084873,25,20,20
33,3105,0.006303951572995989,7.414831798057168e-06,0.16879284378255258,0.8248957898126535,25,20,20
33,3106,0.006303951573041522,7.414831802422429e-06,0.16879600801355055,0.8248926255816058,25,20,20
33,3107,0.006303951573044717,7.41483180242507e-06,0.1687960398501226,0.8248925937450303,25,20,20
33,3108,0.006303951573047912,7.4148318025003615e-06,0.16879606839644987,0.8248925651987,25,20,20
33,3109,0.006303951573002366,7.4148315621189155e-06,0.16879167229413142,0.8248969613013043,25,20,20
33,3110,0.0063039509812454556,7.414831553538566e-06,0.1687898692848693,0.8248987649023318,25,20,20
33,3111,0.006303950981246253,7.4148315577541996e-06,0.16879643513143405,0.824892199055762,25,20,20
33,3112,0.00630395098124546,7.4148177445935e-06,0.1684269556045892,0.8252616785964209,25,20,20
33,3113,0.006303950981246202,7.414817744594795e-06,0.16842773307241976,0.8252609011285895,25,20,20
33,3114,0.006303950981243064,7.414817748736482e-06,0.16843421700734773,0.8252544171936605,25,20,20
33,3115,0.006303950981239937,7.414817748662158e-06,0.16843730759992448,0.8252513266010871,25,20,20
33,3116,0.006303950981239882,7.414817748662158e-06,0.16843727962328436,0.8252513545777272,25,20,20
33,3117,0.006303950981060885,7.4148177485856e-06,0.1684372779725053,0.8252513562286853,25,20,20
33,3118,0.006533908737284927,6.854862406377041e-06,0.1682079035938677,0.8252513328064406,25,20,20
33,3119,0.006533908737284928,6.854862402086903e-06,0.1682063998440853,0.8252528365562273,25,20,20
33,3120,0.00653390873723941,6.854862397796734e-06,0.16829552801326791,0.8251637083870945,25,20,20
33,3121,0.00653390873982653,6.85486239787048e-06,0.16842556566089784,0.8250336707368773,25,20,20
33,3122,0.006533908739823334,6.854862397869169e-06,0.1684320274095503,0.8250272089882281,25,20,20
33,3123,0.006533908739824076,6.854862393652202e-06,0.16843202638526833,0.8250272100125138,25,20,20
33,3124,0.006533908739824064,6.854862393575812e-06,0.168344435461431,0.8251148009363511,25,20,20
33,3125,0.006533908739824064,6.8548623935731945e-06,0.16833973366827762,0.8251195027295044,25,20,20
33,3126,0.006533908739824007,6.854862389282047e-06,0.16834158701417515,0.8251176493836112,25,20,20
33,3127,0.006533908739642298,6.8548623892069285e-06,0.16824951476304,0.8252097216349283,25,20,20
33,3128,0.006533908739643098,6.854862393499375e-06,0.16825426275557262,0.8252049736423905,25,20,20
33,3129,0.006533908739642361,6.854862397215734e-06,0.17291073254836717,0.820548503849593,25,20,20
33,3130,0.028533923340238125,7.020403326460632e-06,0.15090974980858557,0.8205493064478504,25,20,20
33,3131,0.028533923340238125,7.020403566764457e-06,0.1509098373127701,0.8205492189434256,25,20,20
33,3132,0.028533923340238063,7.020403562971558e-06,0.14625096898480597,0.8252080872713937,25,20,20
33,3133,0.028533923340234874,7.020403562897573e-06,0.14624626746935485,0.8252127887868481,25,20,20
33,3134,0.028533923340234094,7.020403558683213e-06,0.1462398039881902,0.8252192522680178,25,20,20
33,3135,0.028533923340233348,7.020403562899418e-06,0.1462348219658822,0.8252242342903224,25,20,20
33,3136,0.028533923340232546,7.020403318304466e-06,0.1462299884856516,0.8252290677707984,25,20,20
33,3137,0.028533923340231748,7.0204033183031685e-06,0.1462299497243949,0.8252291065320558,25,20,20
33,3138,0.028533923340231696,7.020403314013004e-06,0.14622832826323703,0.8252307279932181,25,20,20
33,3139,0.02853392393008245,7.020403801666299e-06,0.14635900395138532,0.8251000517147314,25,20,20
33,3140,0.02853392393008241,7.020403801741578e-06,0.14609273888789892,0.8253663167782177,25,20,20
33,3141,0.028533923930115352,7.020413893581511e-06,0.1571464836734349,0.8143125719825569,25,20,20
33,3142,0.028533923930112157,7.02041389365418e-06,0.15714873137194943,0.8143103242840455,25,20,20
33,3143,0.028533923930112157,7.020413893581483e-06,0.157148762768614,0.8143102928873809,25,20,20
33,3144,0.02853392380168676,7.020397660107499e-06,0.15410507764187117,0.817353978158782,25,20,20
33,3145,0.028533926266877844,2.0821772389469437e-05,0.15706917919113836,0.8143760727695942,25,20,20
33,3146,0.028533926266877105,2.0821772389542112e-05,0.15706929113550586,0.8143759608252275,25,20,20
33,3147,0.028533926266877105,2.0821772389540814e-05,0.15706917867365044,0.814376073287083,25,20,20
33,3148,0.028533926266877105,2.0821772389465547e-05,0.15706921205641441,0.8143760399043191,25,20,20
33,3149,0.028533926266877088,2.0821772393756674e-05,0.15707368562173726,0.8143715663389919,25,20,20
33,3150,0.028533926267021656,2.082176320865833e-05,0.18345891416156504,0.7879863378082045,25,20,20
33,3151,0.05557070721107026,2.082195803352897e-05,0.15642098431719859,0.7879874865136987,25,20,20
33,3152,0.05557517524990483,7.024220526096974e-06,0.15649609777986181,0.7879217027497087,25,20,20
33,3153,0.05557517524990801,7.024220526170967e-06,0.15648961201094924,0.787928188518618,25,20,20
33,3154,0.06290823481376207,7.0240006223435175e-06,0.14915770149214894,0.787927039693467,25,20,20
33,3155,0.06290823481117494,7.024000622342422e-06,0.1490277772344873,0.7880569639537158,25,20,20
33,3156,0.06290823481117812,7.024000622341116e-06,0.14903235950625635,0.7880523816819434,25,20,20
33,3157,0.06290823481117806,7.024000622265801e-06,0.14903221651483473,0.7880525246733651,25,20,20
33,3158,0.06290823481117806,7.024000622267099e-06,0.14903224355266542,0.7880524976355343,25,20,20
33,3159,0.06290823481117806,7.024000622341071e-06,0.1490323232848723,0.7880524179033276,25,20,20
33,3160,0.06290823481117806,7.024000622341053e-06,0.14903012819079522,0.7880546129974045,25,20,20
33,3161,0.06290823422132737,7.0240001346890315e-06,0.14889953241276005,0.7881852093657781,25,20,20
33,3162,0.06290823422132737,7.02400013461374e-06,0.1488994512564847,0.7881852905220534,25,20,20
33,3163,0.06290823422133056,7.024000134687707e-06,0.14890170199039388,0.788183039788141,25,20,20
33,3164,0.06290823422133056,7.024000134687729e-06,0.1489017019905714,0.7881830397879636,25,20,20
33,3165,0.06290823423171059,7.02401432004789e-06,0.14890998162977362,0.7881747601241959,25,20,20
33,3166,0.06290823422875681,7.024000404462195e-06,0.14881982419477804,0.7882649175760607,25,20,20
33,3167,0.0629082342287536,7.024000404388202e-06,0.14881820206605875,0.7882665397047833,25,20,20
33,3168,0.06290823422875358,7.024000404312933e-06,0.14881806104767883,0.7882666807231632,25,20,20
33,3169,0.06290823422875048,7.024000165594944e-06,0.14868126204137425,0.7884034797297099,25,20,20
33,3170,0.06290607731301845,7.024000165600289e-06,0.14868341895723958,0.7884034797295767,25,20,20
33,3171,0.06290634453670232,7.030295105134118e-06,0.15114359440455,0.7859430307636424,25,20,20
33,3172,0.06290634454708237,7.030309045858719e-06,0.15115164490219868,0.7859349802416732,25,20,20
33,3173,0.0629063441623439,7.029792409949127e-06,0.13716115020284284,0.7999254758424031,25,20,20
33,3174,0.06290607693993759,7.0234984842020984e-06,0.13725560070569232,0.7998312988558857,25,20,20
33,3175,0.06290607693998312,7.023498728886161e-06,0.13725796178691035,0.7998289377743774,25,20,20
33,3176,0.0629060769399832,7.023498488493762e-06,0.13725576953581106,0.799831130025717,25,20,20
33,3177,0.06290607693993759,7.0234984842760605e-06,0.13726030052208057,0.7998265990394973,25,20,20
33,3178,0.06290607693993445,7.023498727196416e-06,0.1375219495037132,0.7995649500576247,25,20,20
33,3179,0.07979721056728732,6.8579622979736645e-06,0.12063178357240192,0.7995641478980124,25,20,20
33,3180,0.07979721056728811,6.857962542033577e-06,0.12071747546387768,0.799478456006292,25,20,20
33,3181,0.07979721056728818,6.8579625462979495e-06,0.12098380873236012,0.7992121227378051,25,20,20
33,3182,0.07979721056728815,6.857962546223978e-06,0.12098369287120614,0.7992122385989593,25,20,20
33,3183,0.07979721057762354,6.857976422758807e-06,0.12115928867312922,0.7990366427728243,25,20,20
33,3184,0.07979721057762353,6.8579764186315995e-06,0.12103203313634951,0.7991638983096081,25,20,20
33,3185,0.07979721056733367,6.857962542096562e-06,0.12085837832502629,0.7993375531450977,25,20,20
33,3186,0.07979721056733369,6.8579625421718224e-06,0.12086307892026615,0.7993328525498578,25,20,20
33,3187,0.07979721056732969,6.857962297495866e-06,0.1208591717610798,0.7993367597092929,25,20,20
33,3188,0.0797972105673302,6.857962297543533e-06,0.13482937491344182,0.7853665565569304,25,20,20
33,3189,0.0797972107149319,6.85796254580515e-06,0.1349223573244803,0.785273573998042,25,20,20
33,3190,0.0797972107045519,6.857948364769862e-06,0.13528718021869196,0.7849087511283915,25,20,20
33,3191,0.07979033055778954,6.857948366198127e-06,0.13529406035785846,0.7849087511359859,25,20,20
33,3192,0.07979033055779029,6.8579483661241635e-06,0.13529189859138488,0.784910912902459,25,20,20
33,3193,0.07979033055797238,6.857948610692943e-06,0.13529852379110838,0.7849042877023087,25,20,20
33,3194,0.0798645848934866,6.886792616652771e-06,0.10649081056677895,0.8136377177471177,25,20,20
33,3195,0.07986458493009549,0.02460665813068284,0.0818921016082351,0.8136366553309863,25,20,20
33,3196,0.07993633475481568,0.02459985177445042,0.08145960764649647,0.8140042058242378,25,20,20
33,3197,0.07993633475481805,0.024599851788056654,0.08163476043479066,0.8138290530223351,25,20,20
33,3198,0.07993633475481804,0.024599851788056584,0.08189639101733254,0.8135674224397933,25,20,20
33,3199,0.07993633475477331,0.024599851788056584,0.0818963534065579,0.8135674600506125,25,20,20
33,3200,0.07993633475477332,0.02459985177420622,0.08163370224689132,0.8138301112241294,25,20,20
33,3201,0.07416645229748067,0.02459985617617364,0.08740238353619027,0.8138313079901559,25,20,20
33,3202,0.07408772675997231,0.024599823633633416,0.0762169517436865,0.8250954978627075,25,20,20
33,3203,0.07408772675997545,0.02459982363363771,0.07621706651110713,0.8250953830952795,25,20,20
33,3204,0.0740877267597965,0.024599823633635488,0.07658128414278158,0.8247311654637863,25,20,20
33,3205,0.08004884608506237,0.0245998192268833,0.07062136642135436,0.8247299682666998,25,20,20
33,3206,0.08004884608505922,0.024599819226879007,0.07062119817699034,0.8247301365110712,25,20,20
33,3207,0.08004884605900126,0.03876014365001931,0.05646150678418312,0.8247295035067961,25,20,20
33,3208,0.08004884606937898,0.0387601436500236,0.05646618617608702,0.82472482410451,25,20,20
33,3209,0.08004884606938217,0.03876014365026821,0.056202213952213614,0.8249887963281354,25,20,20
33,3210,0.08004884606956388,0.03876014365026824,0.04223213148957471,0.8389588787905927,25,20,20
33,3211,0.09484173121192377,0.03876009581158108,0.027806844676436012,0.8385913283000583,25,20,20
33,3212,0.094841731222209,0.03876009582539873,0.02818023543235945,0.838217937520032,25,20,20
33,3213,0.09484173107460732,0.038760095825150394,0.02808714116513512,0.8383110319351066,25,20,20
33,3214,0.08317867540521923,0.03876011942482111,0.039750171260933144,0.8383110339090258,25,20,20
33,3215,0.08317867540521606,0.03876011942482111,0.03975449683438685,0.8383067083355755,25,20,20
33,3216,0.08317867540521368,0.03876011942482548,0.03975144210494637,0.838309763065014,25,20,20
33,3217,0.08317867540521366,0.038760119424825476,0.03975143809892914,0.8383097670710312,25,20,20
33,3218,0.08317867540521445,0.03876011942482555,0.03975371777737687,0.8383074873925827,25,20,20
33,3219,0.08317867540521448,0.03876011942482555,0.03974913181886638,0.8383120733510929,25,20,20
33,3220,0.04889856743324414,0.03876012016376689,0.07402903824640598,0.8383122741565825,25,20,20
33,3221,0.04889856743324416,0.03876012016352884,0.07366252229696596,0.8386787901062606,25,20,20
33,3222,0.04889856743324416,0.03876012016352884,0.07366061881635876,0.8386806935868678,25,20,20
33,3223,0.04889856743324416,0.03876012016352876,0.07366053634819374,0.8386807760550329,25,20,20
33,3224,0.04889856743324415,0.03876012016352869,0.07366702524731548,0.8386742871559112,25,20,20
33,3225,0.04889856742286417,0.03876012014958375,0.0736634793678938,0.838677833059658,25,20,20
33,3226,0.04889856742290965,0.03876012014958543,0.07340196239828135,0.8389393500292232,25,20,20
33,3227,0.04889856742290966,0.03876012014958543,0.07377508111220223,0.8385662313153024,25,20,20
33,3228,0.04889856742550148,0.03876012016352179,0.0737767212776387,0.8385645911333377,25,20,20
33,3229,0.04889856742550469,0.03876012016352608,0.07378142485576353,0.8385598875552054,25,20,20
33,3230,0.08422546418039896,0.03876009653064726,0.0384545537099864,0.8385598855789671,25,20,20
33,3231,0.08422546416870069,0.014175799585783659,0.06303885097170689,0.8385598852738083,25,20,20
33,3232,0.08422546417128761,0.014175799586031743,0.06317788097230799,0.8384208552703722,25,20,20
33,3233,0.08422546417128998,0.014175799586027453,0.06317620583207467,0.8384225304106075,25,20,20
33,3234,0.0842254641686958,0.01417579957209102,0.06316815642285838,0.8384305798363545,25,20,20
33,3235,0.0620486159847586,0.01456104820049213,0.08495918055677888,0.8384311552579703,25,20,20
33,3236,0.06204861598476255,0.014561048200492097,0.08458830837090739,0.8388020274438378,25,20,20
33,3237,0.0855706025334287,0.014175799573705778,0.06145214585612395,0.8388014520367412,25,20,20
33,3238,0.08557060253342548,0.014175799573701485,0.06144755616187746,0.8388060417309952,25,20,20
33,3239,0.08557060253342551,0.014175799573701558,0.061447524758319785,0.8388060731345529,25,20,20
33,3240,0.08557060253342791,0.014175799587595683,0.06157054020966829,0.8386830576693077,25,20,20
33,3241,0.08557060253347341,0.014175799587840205,0.06157529265391393,0.838678305224772,25,20,20
33,3242,0.08557060253329123,0.014175799587840125,0.06157525103180995,0.8386783468470582,25,20,20
33,3243,0.08557060253328799,0.014175799587595517,0.061572892085681535,0.8386807057934346,25,20,20
33,3244,0.08557060253328806,0.014175799587595515,0.061572973503075674,0.8386806243760404,25,20,20
33,3245,0.08557060253324252,0.01417579958735092,0.06183447117833468,0.8384191267010714,25,20,20
33,3246,0.08557060253324174,0.014175799587350846,0.061832191509985396,0.8384214063694218,25,20,20
33,3247,0.08557060253342069,0.0141757995871106,0.061830029249921335,0.838423568629547,25,20,20
33,3248,0.08557060253342069,0.0141757995871106,0.061830063120520334,0.8384235347589479,25,20,20
33,3249,0.08298650832074923,0.014175799643571707,0.06441435802270275,0.8384233340129756,25,20,20
33,3250,0.08298650832262712,0.01417579965365928,0.07520647612011569,0.8276312159035973,25,20,20
33,3251,0.08311153983192916,0.014175799652043495,0.0750814446274487,0.827631215888578,25,20,20
33,3252,0.08311153983188366,0.014175799651798899,0.07508321386909632,0.8276294466472204,25,20,20
33,3253,0.08311154035305929,0.014175799641718376,0.0692693179745213,0.8334433420307004,25,20,20
33,3254,0.08311154036344025,0.014175799641962973,0.06926915381915073,0.8334435061754455,25,20,20
33,3255,0.08311154036344025,0.014175799641962899,0.06926456160447972,0.8334480983901167,25,20,20
33,3256,0.043125593410998725,0.014175828741731232,0.10925047929410231,0.8334480985531687,25,20,20
33,3257,0.043126808031373205,0.014175828741730283,0.10924926467373107,0.8334480985531664,25,20,20
33,3258,0.04312680803137395,0.014175828741730285,0.10924946624524379,0.833447896981653,25,20,20
33,3259,0.07304320365801814,0.014175828022667196,0.07933307138616066,0.8334478969331536,25,20,20
33,3260,0.07304320365802133,0.014175828022671486,0.07933777496707005,0.8334431933522368,25,20,20
33,3261,0.07304320364782134,0.014175828022671382,0.07959932282799981,0.8331816455015073,25,20,20
33,3262,0.07304320364763921,0.014175828022667016,0.07959916409961021,0.8331818042300835,25,20,20
33,3263,0.08585602374637911,0.014175798928969592,0.0667863410722427,0.8331818362524084,25,20,20
33,3264,0.08585602374637989,0.014175798929214133,0.06678147396039595,0.8331867033640098,25,20,20
33,3265,0.0858560237463775,0.014175798929214205,0.06678152880227792,0.8331866485221302,25,20,20
33,3266,0.08585602384814925,0.014175798985195505,0.09876757236836024,0.8012006047982948,25,20,20
33,3267,0.08585602443817324,0.014175798999097705,0.09888653854904965,0.8010816380136793,25,20,20
33,3268,0.08585602443817404,0.01417579901303843,0.09889466946112094,0.8010735070876664,25,20,20
33,3269,0.08585602443817406,0.01417579901303843,0.09889463349380039,0.801073543054987,25,20,20
33,3270,0.11040808756512906,1.015542279430679e-05,0.0885065161519563,0.8010752408601202,25,20,20
33,3271,0.11040808756494812,1.015542279004371e-05,0.088240167655923,0.8013415893563386,25,20,20
33,3272,0.1257304444398773,1.9477125450398355e-10,0.07292966381598587,0.8013398915493655,25,20,20
33,3273,0.1257304444398765,1.947712519085128e-10,0.07292943464109586,0.8013401207242562,25,20,20
33,3274,0.1257304444398733,1.9476703733183333e-10,0.07293133523888759,0.801338220126472,25,20,20
33,3275,0.1257304444294923,1.9452665620100146e-10,0.07293340402500868,0.8013361513509722,25,20,20
33,3276,0.1257304444294923,1.9452665620180028e-10,0.07293342966364305,0.8013361257123379,25,20,20
33,3277,0.119965869489548,2.0475476727211395e-07,0.07869783223096365,0.8013360935247209,25,20,20
33,3278,0.11996586948954802,2.047547673448106e-07,0.07869780614860732,0.8013361196070771,25,20,20
33,3279,0.1200890413758615,2.0475479529913673e-07,0.07857463426213443,0.8013361196072085,25,20,20
33,3280,0.1200890413758615,2.0474085465094132e-07,0.07856801207736139,0.8013427418059221,25,20,20
33,3281,0.12008904137586392,2.0474085457696993e-07,0.07856797332590315,0.8013427805573783,25,20,20
33,3282,0.12008904137586393,2.0474085457568554e-07,0.078194936505473,0.8017158173778084,25,20,20
33,3283,0.12008904137586393,2.0474085457828019e-07,0.07819499053939423,0.8017157633438872,25,20,20
33,3284,0.12008904137586,2.047408545753506e-07,0.07819746233181321,0.8017132915514721,25,20,20
33,3285,0.12008904137585681,2.047408545000593e-07,0.07819745890176465,0.8017132949815239,25,20,20
33,3286,0.1200890413758568,2.0474085450005966e-07,0.07819753598355045,0.8017132178997382,25,20,20
33,3287,0.09215440508999335,2.3525466620194243e-07,0.08006185580195618,0.8277835038533843,25,20,20
33,3288,0.09215440508999258,2.3525467041780715e-07,0.08006493626632691,0.8277804233890101,25,20,20
33,3289,0.09215440508999341,2.3524077208051162e-07,0.07993543084286289,0.8279099288263716,25,20,20
33,3290,0.09215440507970818,2.35226954581151e-07,0.07956662548883336,0.8282787342045039,25,20,20
33,3291,0.09215440508229532,2.3522695886018284e-07,0.07969616413106288,0.8281491955596829,25,20,20
33,3292,0.09215440508229532,2.3522695464452496e-07,0.07968967350029824,0.8281556861904517,25,20,20
33,3293,0.09215440449227459,2.3521330131647428e-07,0.07957733936763907,0.8282680209267851,25,20,20
33,3294,0.09215440449227459,2.3521330131647389e-07,0.07957737275159987,0.8282679875428243,25,20,20
33,3295,0.08686728169236674,7.722796481861139e-07,0.08486389645658697,0.8282680495713979,25,20,20
33,3296,0.08633580833220716,7.775651954462532e-07,0.08539397603846831,0.8282694380641292,25,20,20
33,3297,0.08633580833220314,7.775651953696178e-07,0.08539386046695453,0.8282695536356472,25,20,20
33,3298,0.08316545130741805,1.7289219136525856e-06,0.08856434568441232,0.8282684740862561,25,20,20
33,3299,0.08316545130741805,1.728921913725257e-06,0.08856585266857506,0.8282669671020934,25,20,20
33,3300,0.08316545130741725,1.7289219137239591e-06,0.08856585063098694,0.8282669691396822,25,20,20
33,3301,0.08316545130741725,1.7289219136499678e-06,0.08856434364477841,0.8282684761258907,25,20,20
33,3302,0.08316687645629915,1.7562208049827508e-06,0.09133228772062935,0.8254990796022674,25,20,20
33,3303,0.08316687645375742,1.7562208007787982e-06,0.09132848222768519,0.8255028850977575,25,20,20
33,3304,0.08316687645375742,1.7562208050578534e-06,0.09145800421305872,0.8253733631123796,25,20,20
33,3305,0.08316687645375748,1.756220805131674e-06,0.09155021757076112,0.8252811497546771,25,20,20
33,3306,0.08316687645376067,1.7562208009897833e-06,0.09154563074804896,0.8252857365773901,25,20,20
33,3307,0.08316687645376067,1.7562208009897837e-06,0.09154565797700592,0.8252857093484333,25,20,20
33,3308,0.08316687646127179,1.7562306451068743e-06,0.10260237573843264,0.8142289915696511,25,20,20
33,3309,0.046868905737776426,0.0001072397406035842,0.10986899043606708,0.8431548640855534,25,20,20
33,3310,0.04674507806093804,0.0001072399201564282,0.10999281791088926,0.8431548641080171,25,20,20
33,3311,0.05019800726786219,0.00010728771896133981,0.10653972371612815,0.8431549812970494,25,20,20
33,3312,0.05019800726545622,0.00010728850814036447,0.10666374814029286,0.8430309560861114,25,20,20
33,3313,0.050198007265453,0.00010728850789578182,0.10666372058811939,0.8430309836385327,25,20,20
33,3314,0.05019800726545613,0.0001072885078958566,0.10693001384497985,0.8427646903816689,25,20,20
33,3315,0.05019800726550156,0.0001072885078959304,0.10701917399413226,0.8426755302324709,25,20,20
33,3316,0.05019800726809694,0.00010728850789600602,0.10701622129705425,0.8426784829269532,25,20,20
33,3317,0.05019800726810008,0.00010728850789600734,0.10701619627371438,0.8426785079502898,25,20,20
33,3318,0.05019800727588637,0.00010728850789600734,0.1070161899306119,0.842678514285606,25,20,20
33,3319,0.08830057331927103,0.00010654687838824757,0.06891440294617474,0.8426784768561656,25,20,20
33,3320,0.08830057331927423,0.00010654687863274368,0.06892316466618864,0.842669715135904,25,20,20
33,3321,0.08830057331945515,0.00010654687887566275,0.06918291267582255,0.8424099671258464,25,20,20
33,3322,0.08830057331945516,0.00010654687888002656,0.068921283639626,0.8426715961620388,25,20,20
33,3323,0.08830057331945511,0.00010654687887573561,0.06891471711949905,0.8426781626821702,25,20,20
33,3324,0.08830057331949975,0.00010654689276919885,0.06904603353022765,0.8425468462575034,25,20,20
33,3325,0.08830051233675858,1.0674054531154575e-07,0.05808341952187854,0.8536159614008174,25,20,20
33,3326,0.08830051233675858,1.0674054094775014e-07,0.05808532093280939,0.853614059989891,25,20,20
33,3327,0.0883005123367554,1.0674054523674546e-07,0.058085460698624906,0.8536139202240743,25,20,20
33,3328,0.0883005123367554,1.0674054516147661e-07,0.058090048320671175,0.8536093326020281,25,20,20
33,3329,0.08830051234718138,1.0674078974437885e-07,0.058096557896548245,0.8536028230154805,25,20,20
33,3330,0.07799949007601231,5.085556422766289e-06,0.06834559686218468,0.8536498275053804,25,20,20
33,3331,0.07799949007601231,5.085556422842845e-06,0.06834749814249903,0.853647926225066,25,20,20
33,3332,0.07799949007619446,5.085556422842857e-06,0.06834101605150412,0.8536544083158788,25,20,20
33,3333,0.07289233375764204,5.054989924650135e-06,0.06559466702523346,0.8615079442272001,25,20,20
33,3334,0.07289233375764184,5.054990171832411e-06,0.0657717786320923,0.8613308326200944,25,20,20
33,3335,0.07289233375763947,5.0549904163416235e-06,0.065512036462057,0.8615905747898874,25,20,20
33,3336,0.07289233375763941,5.054990416341797e-06,0.06541982508285688,0.8616827861690877,25,20,20
33,3337,0.07289233390393332,5.055776326176193e-06,0.06558792241047433,0.8615146879092664,25,20,20
33,3338,0.07289233390393327,5.055776326176168e-06,0.06558946248028154,0.8615131478394593,25,20,20
33,3339,0.07289233390393318,5.055776326025624e-06,0.06558476117801863,0.8615178491417226,25,20,20
33,3340,0.07289233391431418,5.055776574837547e-06,0.06558954920083321,0.8615130611082782,25,20,20
33,3341,0.07289233391449668,5.055776579045178e-06,0.06567752319344237,0.8614250871154825,25,20,20
33,3342,0.07289233391431421,5.0557765747635925e-06,0.06558496321446551,0.861517647094646,25,20,20
33,3343,0.07289233391413329,5.055776336059442e-06,0.065320233872601,0.8617823764369299,25,20,20
33,3344,0.07289233392444604,5.055790186429484e-06,0.0655876820983428,0.8615149281870245,25,20,20
33,3345,0.07289233391406506,5.0557899376175516e-06,0.06558751285455201,0.8615150974414452,25,20,20
33,3346,0.07289233391406506,5.0557899418331964e-06,0.06559400206329202,0.8615086082327008,25,20,20
33,3347,0.05983454215033781,1.1405678389664009e-07,0.07858768325038518,0.8615776605424925,25,20,20
33,3348,0.05983454215034101,1.1405678389794652e-07,0.07858306592290755,0.861582277869967,25,20,20
33,3349,0.05983511725475079,1.1387720263585485e-07,0.0785824910208025,0.8615822778472435,25,20,20
33,3350,0.09003100570696314,4.743632642033392e-08,0.048386747623116844,0.8615821992335931,25,20,20
33,3351,0.09043308702357619,3.8723561393516306e-08,0.04798471548081654,0.8615821587720454,25,20,20
33,3352,0.0904330870237583,3.8723561468776606e-08,0.04798947383280493,0.8615774004198749,25,20,20
33,3353,0.0904330870237575,3.872331688479698e-08,0.04798284027690138,0.8615840339760237,25,20,20
33,3354,0.09043308701337584,3.872331259463584e-08,0.04798769995487495,0.8615791743084362,25,20,20
33,3355,0.09043308701337596,3.872331681310242e-08,0.047868575567116246,0.8616982986961906,25,20,20
33,3356,0.09043308701337596,3.872331681181749e-08,0.047862092010632275,0.8617047822526746,25,20,20
33,3357,0.09043308701337598,3.872331681051152e-08,0.047866678459713874,0.8617001958035931,25,20,20
33,3358,0.09043308701342145,3.872332110214455e-08,0.04786679469304986,0.8617000795702074,25,20,20
33,3359,0.09043308701341905,3.872332539196896e-08,0.047871414365704516,0.8616954598975508,25,20,20
33,3360,0.09043308701341583,3.872308082190286e-08,0.04786251156243686,0.8617043627010662,25,20,20
33,3361,0.09043308701341589,3.872307645836129e-08,0.047856041832617956,0.8617108324308894,25,20,20
33,3362,0.09043308701323374,3.872307638309323e-08,0.04785595773139118,0.8617109165322984,25,20,20
33,3363,0.09043308701582849,3.873701147092375e-08,0.04786665588329674,0.8617002183638631,25,20,20
33,3364,0.09043308701582854,3.873701146964839e-08,0.04786670519716007,0.8617001690499996,25,20,20
33,3365,0.07394633825731106,2.643174388308329e-05,0.0643171691583488,0.8617100608404568,25,20,20
33,3366,0.07394633824688507,2.6431743634284045e-05,0.06431208379360333,0.8617151462158769,25,20,20
33,3367,0.07394633761933013,2.6431719979443253e-05,0.05823598888882445,0.8677912417718655,25,20,20
33,3368,0.07394633761914801,2.6431719979367993e-05,0.058231271614588895,0.8677959590462833,25,20,20
33,3369,0.07394633761897029,2.6430930552333698e-05,0.05796331729445897,0.8680639141560179,25,20,20
33,3370,0.07394633762081103,2.6430932807063115e-05,0.05149537363527636,0.8745318578111052,25,20,20
33,3371,0.07394633762081022,2.643093280269932e-05,0.051490751212860265,0.8745364802335266,25,20,20
33,3372,0.09747651602670196,8.402512409814895e-10,0.02811297605898598,0.8744105070740603,25,20,20
33,3373,0.09747651602669873,8.402512396374051e-10,0.02811292031609742,0.8744105628169523,25,20,20
33,3374,0.09747651602669873,8.402512409355545e-10,0.0281128792264995,0.8744106039065501,25,20,20
33,3375,0.09747651602669877,8.402512422333962e-10,0.02811750166054972,0.8744059814724998,25,20,20
33,3376,0.09747651602670195,8.402513901756748e-10,0.02811101341521245,0.8744124697178338,25,20,20
33,3377,0.10326495751597892,9.319335914976692e-10,0.022322571337667765,0.8744124702144193,25,20,20
33,3378,0.10326495751597962,9.321759316630568e-10,0.022690972500885035,0.874044069050959,25,20,20
33,3379,0.1032649575133849,9.18236552370765e-10,0.02267865233866915,0.8740563892297091,25,20,20
33,3380,0.1032649575133881,9.182366276396949e-10,0.022678734836336808,0.8740563067320382,25,20,20
33,3381,0.10326495751342718,9.182366909276878e-10,0.028944763895846052,0.8677902776724896,25,20,20
33,3382,0.10326495751342796,9.182366909272758e-10,0.02894495453124311,0.8677900870370917,25,20,20
33,3383,0.10326495751342796,9.18236767494052e-10,0.028944821195238547,0.8677902203730963,25,20,20
33,3384,0.10326495751342794,9.182409836190033e-10,0.028945477098765608,0.8677895644695649,25,20,20
33,3385,0.10326495751342794,9.182409835958308e-10,0.028945440499712528,0.8677896010686181,25,20,20
33,3386,0.10326495751342715,9.179986407901324e-10,0.028572337238913746,0.86816270432966,25,20,20
33,3387,0.06522045446524466,7.540146684035843e-07,0.06661249663653622,0.8681662948835502,25,20,20
33,3388,0.06522045446524387,7.540146684009663e-07,0.06661226662548615,0.8681665248946011,25,20,20
33,3389,0.06522045446524387,7.540146684009662e-07,0.0666122666254862,0.8681665248946011,25,20,20
33,3390,0.06522045446528942,7.540149129219496e-07,0.06661548067996564,0.8681633108398317,25,20,20
33,3391,0.06522045446528942,7.540149087058049e-07,0.06661328419507424,0.8681655073247273,25,20,20
33,3392,0.06522045446528936,7.540149128935872e-07,0.06687958700953173,0.8678992045102657,25,20,20
33,3393,0.06522045446528617,7.540149128191064e-07,0.0671458026234779,0.8676329888963228,25,20,20
33,3394,0.06522045446546788,7.540149128181682e-07,0.06697177251735195,0.867807019002267,25,20,20
33,3395,0.06522045446528617,7.540149127430496e-07,0.06687946970472188,0.8678993218150789,25,20,20
33,3396,0.06522045446528617,7.540149170344635e-07,0.06688174869433078,0.8678970428254656,25,20,20
33,3397,0.06522045445593634,7.54002789705451e-07,0.0669501043803086,0.8678286871609651,25,20,20
33,3398,0.06522045445593955,7.540027897067487e-07,0.06695490265485765,0.8678238888864128,25,20,20
33,3399,0.06522045445612,7.540030321240112e-07,0.06732802385276973,0.8674507676880779,25,20,20
33,3400,0.06522045430978088,7.53216875032218e-07,0.0669001806868514,0.8678786117864924,25,20,20
33,3401,0.0652204543097354,7.532168708152627e-07,0.06689365416857494,0.8678851383048187,25,20,20
33,3402,0.06522045534000362,7.532287720234662e-07,0.07169539425426358,0.8630833971769606,25,20,20
33,3403,0.04326999512247066,7.532433045582345e-07,0.09364585448998736,0.8630833971442375,25,20,20
33,3404,0.04326999512247064,7.532433003420999e-07,0.0936501796792364,0.8630790719549927,25,20,20
33,3405,0.04326999512247059,7.53243300342096e-07,0.09365208210741757,0.8630771695268116,25,20,20
33,3406,0.04326999512247059,7.532433004173873e-07,0.09365216457558252,0.8630770870586467,25,20,20
33,3407,0.043269995125065706,7.532435407380658e-07,0.09339250571821484,0.863336745913179,25,20,20
33,3408,0.04326999512506373,7.532435687376982e-07,0.08882640069362595,0.867902850937742,25,20,20
33,3409,0.043269994094797155,7.532316696970932e-07,0.08365824307521487,0.8730710095983185,25,20,20
33,3410,0.043269994092202044,7.53231425187312e-07,0.08365165172437562,0.8730776009519974,25,20,20
33,3411,0.043269994092202044,7.532314251133409e-07,0.08365164974605077,0.8730776029303223,25,20,20
33,3412,0.04326999409220199,7.53231425038026e-07,0.08365156946581447,0.8730776832105588,25,20,20
33,3413,0.04326999409220518,7.532314336186045e-07,0.08365817516776045,0.873071077508601,25,20,20
33,3414,0.04326999409220519,7.532314336186167e-07,0.08365168626524291,0.8730775664111186,25,20,20
33,3415,0.043269994092387326,7.532314379855005e-07,0.0836518849567184,0.8730773677194569,25,20,20
33,3416,0.04326999409238738,7.532314379855003e-07,0.08365658646837579,0.8730726662077994,25,20,20
33,3417,0.043269994092387326,7.532311938557993e-07,0.08356385508477417,0.8731653975916452,25,20,20
33,3418,0.043269994092345755,7.532447859600737e-07,0.08386568341409209,0.8728635692487766,25,20,20
33,3419,0.043269994092345755,7.532447859613935e-07,0.08387030413189683,0.8728589485309719,25,20,20
33,3420,0.04326999409234656,7.532450304696436e-07,0.08387692612063116,0.8728523265419923,25,20,20
33,3421,0.04326999409234336,7.532450304683025e-07,0.08387533710471227,0.8728539155579145,25,20,20
33,3422,0.04335181532031185,7.531548938496701e-07,0.08379351681066229,0.8728539147141327,25,20,20
33,3423,0.043352155997220025,7.537280759188944e-07,0.09544331147624505,0.8612037787984594,25,20,20
33,3424,0.043352155997219984,7.537280802092337e-07,0.0954388052361168,0.8612082850385835,25,20,20
33,3425,0.04335215599726231,7.537280887902103e-07,0.09543876296273898,0.8612083273119103,25,20,20
33,3426,0.04152353571687044,6.31421709053474e-10,0.09727172689295191,0.8612047367587559,25,20,20
33,3427,0.04152319504014318,5.82396393193755e-11,0.0858881960961651,0.872588608805452,25,20,20
33,3428,0.04152319504013998,5.823105744298622e-11,0.08588158842110691,0.8725952164805219,25,20,20
33,3429,0.04152319504013998,5.823098217412708e-11,0.08588147313466879,0.8725953317669602,25,20,20
33,3430,0.04152319562792755,5.846539254138925e-11,0.0861437735413568,0.8723330307722503,25,20,20
33,3431,0.041523195627933995,5.846969434664589e-11,0.07988236837838113,0.8785944359352148,25,20,20
33,3432,0.04152319562793487,5.847398707703444e-11,0.07988453342135024,0.8785922708922405,25,20,20
33,3433,0.04152319562793566,5.87120506736397e-11,0.0801281339080862,0.8783486704052657,25,20,20
33,3434,0.041523195627938846,5.895235401199571e-11,0.08013277215996643,0.8783440321531419,25,20,20
33,3435,0.04152319562793803,5.919259612131748e-11,0.08013285218930327,0.8783439521235656,25,20,20
33,3436,0.041553178974632884,2.8855206985779066e-10,0.08009937904971917,0.8783474416870953,25,20,20
33,3437,0.041553178974632884,2.885519946011493e-10,0.08009285532599389,0.8783539654108203,25,20,20
33,3438,0.041553178985014455,2.885605021348109e-10,0.08009517357216284,0.8783516471542613,25,20,20
33,3439,0.041553178984830345,2.8856050263552506e-10,0.07983352703104181,0.8786132936955666,25,20,20
33,3440,0.041553178984830345,2.8856479508649046e-10,0.07983822953087037,0.8786085911957338,25,20,20
33,3441,0.041553178984833544,2.8856479429954055e-10,0.07983368623652608,0.8786131344900748,25,20,20
33,3442,0.041553178984833614,2.885648708897124e-10,0.07983380157207294,0.8786130191545277,25,20,20
33,3443,0.0415531789848336,2.8856486959219455e-10,0.0798271951456468,0.8786196255809537,25,20,20
33,3444,0.04155317898501572,2.8880946586257583e-10,0.07983202972745987,0.878614790998714,25,20,20
33,3445,0.041553178985014975,2.8856488364179687e-10,0.07982540718704137,0.8786214135393778,25,20,20
33,3446,0.041553178397181895,2.8832196628023075e-10,0.07956495615047386,0.8788818651640216,25,20,20
33,3447,0.041553178397181825,2.8832189098860066e-10,0.07956484232782278,0.8788819789866728,25,20,20
33,3448,0.04155317839722725,2.883261725357872e-10,0.07965054521378083,0.878796276100665,25,20,20
33,3449,0.04155317839722725,2.8808156244958565e-10,0.07964834806269928,0.8787984732519912,25,20,20
33,3450,0.041553178397185,2.880773561603158e-10,0.07955615711025571,0.8788906642044811,25,20,20
33,3451,0.04155317839718497,2.8807735875578747e-10,0.07955599733269171,0.8788908239820452,25,20,20
33,3452,0.04155317839718422,2.880773587326223e-10,0.07955596970585073,0.878890851608887,25,20,20
33,3453,0.04155317839718421,2.880773587330357e-10,0.07955596817222199,0.8788908531425157,25,20,20
33,3454,0.04155317839718181,2.880772081727003e-10,0.07998003021783016,0.8784667910969103,25,20,20
33,3455,0.07960669004096736,6.650441572650319e-10,0.041921034217342966,0.8784722750766449,25,20,20
33,3456,0.07960669004078526,6.647997224992118e-10,0.04204385125082112,0.8783494580435937,25,20,20
33,3457,0.07960669004078207,6.647997224805275e-10,0.04204381306133615,0.8783494962330818,25,20,20
33,3458,0.07960669004059995,6.647953569176908e-10,0.04204365433123578,0.8783496549633686,25,20,20
33,3459,0.07960669004055453,6.508976033705136e-10,0.04191214464665995,0.8784811646618877,25,20,20
33,3460,0.07960669004055453,6.508976760438923e-10,0.041912178753050686,0.8784811305554969,25,20,20
33,3461,0.07960669004050978,6.508934601910142e-10,0.041907597062435256,0.8784857122461613,25,20,20
33,3462,0.07967159907978077,6.509495649579816e-10,0.04184266378198334,0.8784857364872863,25,20,20
33,3463,0.07967159907982602,6.647999334353909e-10,0.042109997370218505,0.8782184028851556,25,20,20
33,3464,0.07953425652671416,2.733020207317435e-10,0.042252824296496676,0.8782129189034872,25,20,20
33,3465,0.07953425652671099,2.7305750163159444e-10,0.04262110003508374,0.8778446431651479,25,20,20
33,3466,0.07953425652671099,2.7305749901334136e-10,0.042621098148534875,0.8778446450516967,25,20,20
33,3467,0.07953425652671105,2.7305749639580963e-10,0.04262119463931822,0.8778445485609133,25,20,20
33,3468,0.07953425652652894,2.728129014239661e-10,0.04261647377376465,0.8778492694268937,25,20,20
33,3469,0.0795342565264834,2.728085371171484e-10,0.0426163507810135,0.8778493924196947,25,20,20
33,3470,0.0795342565264826,2.728084618255351e-10,0.04261634338636128,0.8778493998143477,25,20,20
33,3471,0.07953425652648255,2.728084605509615e-10,0.04261641541307682,0.8778493277876322,25,20,20
33,3472,0.0795342565265281,2.728086124246457e-10,0.0421945593056819,0.8782711838949813,25,20,20
33,3473,0.07953425652648176,2.7280846184893486e-10,0.0421923171279128,0.8782734260727969,25,20,20
33,3474,0.07953425653685825,2.5897612750492967e-10,0.04189229331224075,0.8785734498919247,25,20,20
33,3475,0.07953425653690377,2.589804202069807e-10,0.04189465957824793,0.8785710836258677,25,20,20
33,3476,0.07953425653690376,2.5898027015641927e-10,0.041765137502272835,0.8787006057018429,25,20,20
33,3477,0.07953425653690382,2.589845600124647e-10,0.04176975895522223,0.8786959842488892,25,20,20
33,3478,0.07953425653690388,2.589845600038864e-10,0.041769835183684066,0.8786959080204274,25,20,20
33,3479,0.07953425653690392,2.589845587069424e-10,0.04176983364993347,0.8786959095541779,25,20,20
33,3480,0.07953425653694943,2.589846339631386e-10,0.04177645315617329,0.8786892900478925,25,20,20
33,3481,0.07953425653694943,2.5898470792549633e-10,0.04178104053088361,0.8786847026731821,25,20,20
33,3482,0.07953425653694948,2.589847844896066e-10,0.04178258302552349,0.878683160178542,25,20,20
33,3483,0.07953425653694948,2.5898478576497067e-10,0.04178269748498946,0.878683045719076,25,20,20
33,3484,0.07953425653694948,2.5898478449040544e-10,0.04178258410025901,0.8786831591038065,25,20,20
33,3485,0.07953425652656904,2.589804935795289e-10,0.0417760599473841,0.8786896832670661,25,20,20
33,3486,0.07953425652657217,2.589805699214525e-10,0.04190078399845012,0.8785649592159969,25,20,20
33,3487,0.07953425652652694,2.451302014403786e-10,0.041635612695939114,0.8788301305324034,25,20,20
33,3488,0.079534256526527,2.451344916036072e-10,0.04163723406606718,0.878828509162271,25,20,20
33,3489,0.07953425652688961,2.4513876432784417e-10,0.041444056075534114,0.8790216871524372,25,20,20
33,3490,0.07953425652948486,2.453875738534482e-10,0.041444191218585356,0.879021552006542,25,20,20
33,3491,0.07953425651917216,2.3153727910376962e-10,0.04117685690679677,0.8792888863424936,25,20,20
33,3492,0.07953425651917212,2.3153735307528985e-10,0.0411769689334596,0.8792887743158309,25,20,20
33,3493,0.0795342565191753,2.3153742817059649e-10,0.04126926395360642,0.8791964792956807,25,20,20
33,3494,0.07953425651917605,2.3154166267447573e-10,0.04153541239678168,0.8789303308525005,25,20,20
33,3495,0.0792262492067511,2.317553632667486e-10,0.04184341965094953,0.878930330910544,25,20,20
33,3496,0.07922624920675111,2.3175111618127702e-10,0.04170659621621289,0.8790671543452848,25,20,20
33,3497,0.0792642018875419,2.5433186045678114e-12,0.04167213328693989,0.8790636648229744,25,20,20
33,3498,0.07926420188717924,2.5389713258782053e-12,0.04149228113007619,0.8792435169802052,25,20,20
33,3499,0.07926420188718244,2.53889735882346e-12,0.04149008615390092,0.8792457119563772,25,20,20
33,3500,0.07926420188718562,2.783430900344452e-12,0.04149233165060776,0.8792434664594226,25,20,20
33,3501,0.07926420188718562,2.7834322204482073e-12,0.041492333062376104,0.8792434650476545,25,20,20
33,3502,0.04618390406360164,7.23465185296466e-08,0.04319496507885906,0.9106210585110205,25,20,20
33,3503,0.046183904063599304,7.234652281137525e-08,0.043287189944472726,0.9105288336454049,25,20,20
33,3504,0.046183904063553785,7.234652273611824e-08,0.04328057177188246,0.9105354518180406,25,20,20
33,3505,0.04618390406355379,7.234652695215337e-08,0.04319297981475898,0.91062304377516,25,20,20
33,3506,0.04618390406355375,7.234652273525817e-08,0.04356446019679087,0.9102515633931324,25,20,20
33,3507,0.04618390406355695,7.234676725551296e-08,0.043569086468284925,0.9102469371213908,25,20,20
33,3508,0.04618390406355695,7.234676725553612e-08,0.0435691662146013,0.9102468573750744,25,20,20
33,3509,0.04618390406114383,7.234676295426907e-08,0.04357103429012533,0.9102449893019678,25,20,20
33,3510,0.04618390406114302,7.234675867653441e-08,0.043441593124937415,0.9103744304671609,25,20,20
33,3511,0.0461839040609609,7.23465140916733e-08,0.04343488945974769,0.9103811341327774,25,20,20
33,3512,0.046183904060963246,7.234650980996737e-08,0.04334420442431261,0.9104718191682143,25,20,20
33,3513,0.04614820370560006,7.2346509363121e-08,0.04337616222452386,0.9104755617233664,25,20,20
33,3514,0.046148203705603255,7.234650943836405e-08,0.043377791535032025,0.910473932412855,25,20,20
33,3515,0.04614820370560247,7.234626709705593e-08,0.04300475061512719,0.9108469733330028,25,20,20
33,3516,0.04614820370559933,7.234602257629948e-08,0.04326634166394064,0.9105853822844371,25,20,20
33,3517,0.046148203695218555,7.234601407008585e-08,0.04326405826371543,0.9105876656950517,25,20,20
33,3518,0.046158397270012606,7.234436526515034e-08,0.043253888939526926,0.9105876414460949,25,20,20
33,3519,0.04615839727001261,7.234436526644727e-08,0.04325388988725762,0.9105876404983639,25,20,20
33,3520,0.04615839727001262,7.234436534039556e-08,0.04325395142603628,0.9105875789595852,25,20,20
33,3521,0.046158397270015764,7.234436541309258e-08,0.04325403157337676,0.9105874988122415,25,20,20
33,3522,0.046158397270012565,7.234436541177172e-08,0.04325240858172126,0.9105891218039004,25,20,20
33,3523,0.04615839727001255,7.234436541304589e-08,0.04325225606056848,0.9105892743250534,25,20,20
33,3524,0.007749416578938887,7.26736966674143e-08,0.08166123561799957,0.9105892751293659,25,20,20
33,3525,0.007749416578935691,7.267369659209944e-08,0.08166126849737437,0.9105892422499942,25,20,20
33,3526,0.007749416578935635,7.267369651862957e-08,0.0813950497409211,0.9108554610064478,25,20,20
33,3527,0.007749416578932454,7.267369644338692e-08,0.08139336841649616,0.9108571423308759,25,20,20
33,3528,0.007749416578886935,7.267369644313564e-08,0.0813957057024194,0.9108548050449979,25,20,20
33,3529,0.007749416578890128,7.267369651709773e-08,0.08140032813990931,0.9108501826075047,25,20,20
33,3530,0.0016221611972360816,3.4368747282623697e-10,0.07891757517415952,0.9194602632849166,25,20,20
33,3531,0.0016221611972361371,3.4369166063985117e-10,0.07918379257833959,0.9191940458807322,25,20,20
33,3532,0.0016221611972360819,3.436915840968259e-10,0.07918367812541993,0.9191941603336521,25,20,20
33,3533,0.0016221611972369152,3.5750474611633323e-10,0.07955781947622234,0.9188200189690358,25,20,20
33,3534,0.001622161197237714,3.5750482272767783e-10,0.07955793598843396,0.9188199024568234,25,20,20
33,3535,0.001622161197236929,3.5750474748197745e-10,0.07955785806029012,0.9188199803849681,25,20,20
33,3536,0.0016221611998240527,3.575090237074867e-10,0.07968293016106591,0.9186949082816008,25,20,20
33,3537,0.0016221611998241087,3.575090989991035e-10,0.07968293493307824,0.9186949035095884,25,20,20
33,3538,0.0016221611998241485,3.5750909895300784e-10,0.07968760868799395,0.9186902297546726,25,20,20
33,3539,0.0016221612002370333,4.137985708834773e-07,0.1132781532970134,0.8850992717041788,25,20,20
33,3540,0.0016221612002370745,4.1379857088350006e-07,0.11327815319745174,0.8850992718037406,25,20,20
33,3541,3.345760241220612e-05,4.42543603022266e-07,0.11486682643009835,0.8850992734238866,25,20,20
33,3542,3.345760241220708e-05,4.425435987337302e-07,0.1148668273867874,0.8850992724672018,25,20,20
33,3543,3.345760241220769e-05,4.4254383908456824e-07,0.11460223175025926,0.8853638681034898,25,20,20
33,3544,3.3451904100436656e-05,4.134694752402843e-07,0.11460226895485037,0.8853638656715742,25,20,20
33,3545,3.3451904100381334e-05,4.1346947523898035e-07,0.11460534725226657,0.885360787374158,25,20,20
33,3546,3.345190417716816e-05,4.1346968170393474e-07,0.12085051520052521,0.8791156194256164,25,20,20
33,3547,3.345190417718119e-05,4.134696817052097e-07,0.12085062890448503,0.8791155057216566,25,20,20
33,3548,3.345190418036267e-05,4.1346968170650787e-07,0.12085054288196594,0.8791155917441726,25,20,20
33,3549,3.345181721793856e-05,4.134696817532909e-07,0.12085054296892822,0.8791155917441726,25,20,20
33,3550,3.3451817217938335e-05,4.134696817532909e-07,0.12085065539607615,0.8791154793170247,25,20,20
33,3551,3.345181721713972e-05,4.134696817519932e-07,0.1208506205503099,0.8791155141627917,25,20,20
33,3552,3.34518172170844e-05,4.134694371380951e-07,0.12084888434230093,0.8791172503710453,25,20,20
33,3553,3.3453326379543874e-05,2.2338507044821746e-07,0.12379354146517313,0.8761727818233774,25,20,20
33,3554,3.3453326511282035e-05,2.233951556756177e-07,0.1348619325507937,0.8651043907275399,25,20,20
33,3555,3.345317861077775e-05,2.2338121636130812e-07,0.1349419107993522,0.8650244126408212,25,20,20
33,3556,3.34531786075846e-05,2.2338121628734642e-07,0.1349372357240246,0.8650290877161521,25,20,20
33,3557,3.345317861077972e-05,2.2338122057718036e-07,0.1349418254806253,0.865024497959544,25,20,20
33,3558,3.345317861077824e-05,2.2338122057718036e-07,0.13494191348622184,0.8650244099539474,25,20,20
33,3559,3.345317861084734e-05,2.2338122486992695e-07,0.1349436555843681,0.8650226678557967,25,20,20
33,3560,3.34531784790954e-05,2.233711397164848e-07,0.12388175412518594,0.876084569325196,25,20,20
33,3561,3.3453178479096126e-05,2.2337113964251364e-07,0.12388167306878929,0.8760846503815927,25,20,20
33,3562,3.345317847913913e-05,2.2337113535138318e-07,0.12388169945152645,0.8760846239988598,25,20,20
33,3563,3.345317848227706e-05,2.2337137993490162e-07,0.12388367397359795,0.8760826494765405,25,20,20
33,3564,3.345317847907868e-05,2.2337137993385093e-07,0.12375426750062161,0.8762120559495199,25,20,20
33,3565,3.345317847907796e-05,2.2337137993443427e-07,0.1241272552080293,0.8758390682421122,25,20,20
33,3566,7.03347638919374e-05,2.2338033422073716e-07,0.12409411620924773,0.8758353256465263,25,20,20
33,3567,7.03347638605383e-05,2.2338037158558834e-07,0.11797420075685187,0.8819552410989163,25,20,20
33,3568,7.033476385734335e-05,2.233801270007272e-07,0.1179674982732043,0.8819619435828118,25,20,20
33,3569,7.033476127024771e-05,2.2338012265186062e-07,0.11783787890160807,0.8820915629569993,25,20,20
33,3570,7.033477164876975e-05,2.233801227274641e-07,0.1178349470419782,0.8820944948062506,25,20,20
33,3571,7.033476144919511e-05,2.2338012272761273e-07,0.11783337341170368,0.8820960684467246,25,20,20
33,3572,7.0334761449994e-05,2.2338012280288167e-07,0.11783334273366754,0.8820960991247602,25,20,20
33,3573,7.033476144993867e-05,2.233801227288651e-07,0.11783328081759446,0.8820961610408331,25,20,20
33,3574,7.033476144993697e-05,2.2338012272884228e-07,0.11783331419944691,0.8820961276589806,25,20,20
33,3575,7.03347614954856e-05,2.2338012272761326e-07,0.11783346418583607,0.8820959776725458,25,20,20
33,3576,7.033490938901726e-05,2.2338013131048152e-07,0.1178351103651147,0.8820943313453651,25,20,20
33,3577,7.033476144993697e-05,2.2338012272886465e-07,0.11783323512155261,0.8820962067368748,25,20,20
33,3578,7.033476144993697e-05,2.2338012701915813e-07,0.11783339239472058,0.8820960494637023,25,20,20
33,3579,7.033476144913834e-05,2.233801270178609e-07,0.11783333767138301,0.8820961041870408,25,20,20
33,3580,7.033476144913907e-05,2.2338012694328407e-07,0.11746031517729756,0.8824691266811263,25,20,20
33,3581,7.033476162958347e-05,2.2338036928524488e-07,0.11782683299571188,0.8821026088622891,25,20,20
33,3582,7.157150655786156e-05,2.2338052944768742e-07,0.1178255962071116,0.8821026089058013,25,20,20
33,3583,7.15715065578756e-05,2.2338052944900835e-07,0.11782563616848671,0.8821025689444264,25,20,20
33,3584,7.157150655790362e-05,2.2338052944903188e-07,0.11782791433277767,0.8821002907801353,25,20,20
33,3585,8.642355310955765e-05,2.233970319801697e-07,0.11740098979525396,0.8825123632546048,25,20,20
33,3586,8.642211566455411e-05,4.035687433565673e-11,0.12085988143115514,0.8790536964128232,25,20,20
33,3587,8.642211566455509e-05,4.035687567797055e-11,0.1208645806939999,0.8790489971499785,25,20,20
33,3588,8.642211566455635e-05,4.035258665986264e-11,0.12086449908812988,0.8790490787558529,25,20,20
33,3589,8.64221156637104e-05,2.6539423297078944e-11,0.12049040023266654,0.8794231776251302,25,20,20
33,3590,8.642211570918729e-05,2.6543640707513253e-11,0.12049264586563478,0.8794209319921127,25,20,20
33,3591,8.642211570992932e-05,2.6543714674580444e-11,0.12049034350787101,0.8794232343498756,25,20,20
33,3592,8.642211570993029e-05,2.6788308306002954e-11,0.12049513903240439,0.8794184388250977,25,20,20
33,3593,8.642211566439734e-05,2.6784016924055675e-11,0.1204927741884407,0.8794208036691111,25,20,20
33,3594,8.642211548395296e-05,2.6541602302483232e-11,0.12011965427967819,0.8797939235782967,25,20,20
33,3595,8.64221154807646e-05,2.653731925273194e-11,0.12002735190179788,0.879886225956184,25,20,20
33,3596,8.642211548076558e-05,2.6541582304196835e-11,0.12029368315594886,0.8796198947020288,25,20,20
33,3597,8.642211548077958e-05,2.6786177278895707e-11,0.12029843618514309,0.8796151416725901,25,20,20
33,3598,8.642211529863706e-05,2.6781810395150397e-11,0.12029831852438798,0.8796152593335319,25,20,20
33,3599,8.642211530103347e-05,2.678180910175723e-11,0.12029603864036423,0.8796175392175534,25,20,20
33,3600,0.023426618066598976,1.2108849248515438e-08,0.09736790212954033,0.8792054676950118,25,20,20
33,3601,0.023426618066599028,1.2108853538839864e-08,0.0973679067145127,0.879205463110035,25,20,20
33,3602,0.02342661806677996,1.2108853612309057e-08,0.09763040615556765,0.878942963668799,25,20,20
33,3603,0.023426618066825475,1.2108613309590744e-08,0.09763230577998491,0.8789410640445766,25,20,20
33,3604,0.023426618066825514,1.2108368715936955e-08,0.09762747275624489,0.8789458970685611,25,20,20
33,3605,0.023426618077207063,1.210836886255004e-08,0.09762963240147031,0.878943737412954,25,20,20
33,3606,0.02342661807720387,1.2108373151546175e-08,0.09762979919626537,0.8789435706181576,25,20,20
33,3607,0.023426618077201474,1.2108377367204351e-08,0.0976362854698072,0.878937084344614,25,20,20
33,3608,0.0234266180772014,1.2108373077053657e-08,0.09763462304425344,0.8789387467701721,25,20,20
33,3609,0.023426660184540763,1.2108391729224707e-08,0.09412575618866831,0.8824475715183989,25,20,20
33,3610,0.0234266601845408,1.2108397240233955e-08,0.10772251975557852,0.8688508079514833,25,20,20
33,3611,0.02342666018472292,1.2108397314196508e-08,0.10772731540655547,0.8688460123003242,25,20,20
33,3612,0.02342666018499519,1.2108639903028214e-08,0.09388891626510767,0.882684411441257,25,20,20
33,3613,0.023426660184995205,1.212254702505992e-08,0.0939811295514059,0.8825921981410516,25,20,20
33,3614,0.023426660185001554,1.212254702505136e-08,0.09424832881077232,0.8823249988816789,25,20,20
33,3615,0.023426660185137452,1.2122307467660138e-08,0.0942978963379789,0.8822754313545761,25,20,20
33,3616,0.02342666018518298,1.2122307468315784e-08,0.09430430719919042,0.8822690204933191,25,20,20
33,3617,0.023426637462647906,1.2130306920867155e-08,0.09780725462984284,0.8787660957772022,25,20,20
33,3618,0.02342663746260238,1.2130302628619492e-08,0.0978006471001885,0.8787727033069064,25,20,20
33,3619,0.023426637462424304,1.213029843413855e-08,0.09762118182982266,0.8789521685774545,25,20,20
33,3620,0.023426637462424304,1.213029836017606e-08,0.09761656104788476,0.8789567893593926,25,20,20
33,3621,0.023426637462424304,1.2130298360176064e-08,0.09761644855143273,0.8789569018558445,25,20,20
33,3622,0.023426637452042744,1.2130298286200362e-08,0.09762073978613252,0.8789526106315264,25,20,20
33,3623,0.023426623802443033,1.2122576253299311e-08,0.09762785437826368,0.878945509696717,25,20,20
33,3624,0.023426623802625154,1.2122580470458926e-08,0.09763253117460934,0.878940832900185,25,20,20
33,3625,0.02342662380244423,1.2122580395715725e-08,0.0973653306130096,0.8792080334619657,25,20,20
33,3626,0.02342662380244423,1.2122580397036634e-08,0.0973653313140559,0.8792080327609196,25,20,20
33,3627,0.02342662380244423,1.2122580395739296e-08,0.09736525223610394,0.8792081118388715,25,20,20
33,3628,0.023426623802262108,1.2122576103287883e-08,0.0973605469919405,0.8792128170832214,25,20,20
33,3629,0.023426623802079986,1.2122576029324609e-08,0.0973604504599213,0.8792129136154229,25,20,20
33,3630,0.023426623802079934,1.210890919916648e-08,0.09727482117507473,0.8792985429139363,25,20,20
33,3631,0.023426623802079907,1.2108909197800506e-08,0.0972727715844893,0.8793005925045214,25,20,20
33,3632,0.023426623802083914,1.2109153857919948e-08,0.09727947607596157,0.8792938880128005,25,20,20
33,3633,0.023426623802266032,1.210915393445482e-08,0.09728427370005663,0.8792890903885232,25,20,20
33,3634,0.016173194053019185,8.203010781241967e-09,0.10453763030306136,0.8792891674409085,25,20,20
33,3635,0.016173194053019185,8.203010781265143e-09,0.10453758977501319,0.8792892079689567,25,20,20
33,3636,0.016173194052973655,8.203006489031125e-09,0.10453096909954451,0.879295828644475,25,20,20
33,3637,0.01617319405297046,8.202761954191462e-09,0.10452872471934974,0.8792980730249172,25,20,20
33,3638,0.016173194177748075,8.214521979302112e-09,0.11079274163571853,0.8730340559720109,25,20,20
33,3639,0.016173194177475755,8.214273806192328e-09,0.11066127536706634,0.8731655222411835,25,20,20
33,3640,0.016173194177476535,8.21427380418255e-09,0.1110277892302123,0.8727990083780369,25,20,20
33,3641,0.016172023303845418,8.213970516599848e-09,0.1110289576716211,0.872799010810563,25,20,20
33,3642,0.016172023303845432,8.213974807525957e-09,0.1110355621487606,0.8727924063334191,25,20,20
33,3643,0.016172023303845432,8.213974807525956e-09,0.11103564120224325,0.8727923272799366,25,20,20
33,3644,0.016172023303844634,8.213970591858752e-09,0.1110337355183766,0.8727942329638083,25,20,20
33,3645,0.016172023303844638,8.213970593201626e-09,0.11103358649731458,0.8727943819848706,25,20,20
33,3646,0.016172023303845436,8.213974885423154e-09,0.11104014491080345,0.8727878235713764,25,20,20
33,3647,0.016172023303846275,8.213970669765902e-09,0.11103366033889499,0.8727943081432882,25,20,20
33,3648,0.016172023303847073,8.213970671063426e-09,0.1110403943772255,0.872787574104957,25,20,20
33,3649,0.01617202330384381,8.213970667101425e-09,0.11104041919342639,0.8727875492887592,25,20,20
33,3650,0.01617202330384386,8.214217260058732e-09,0.11140680706031812,0.8724211614216208,25,20,20
33,3651,0.01617202330384386,8.214217258760998e-09,0.11140672859267838,0.8724212398892611,25,20,20
33,3652,0.016102861313151397,8.214382050820805e-09,0.11147589301722872,0.8724212374552383,25,20,20
33,3653,0.016102861313150595,8.214381976848896e-09,0.11147580154438608,0.8724213289280819,25,20,20
33,3654,0.01610286131315061,8.21438197814744e-09,0.11147580163531623,0.8724213288371517,25,20,20
33,3655,0.01610286131315061,8.214381978125072e-09,0.11147572255749155,0.8724214079149764,25,20,20
33,3656,0.016102861313150554,8.214381975553148e-09,0.11147580856411858,0.8724213219083494,25,20,20
33,3657,0.01610286131315054,8.214381972956871e-09,0.11147569350093559,0.8724214369715324,25,20,20
33,3658,0.016102861313150554,8.214381972979178e-09,0.11147572634458552,0.8724214041278823,25,20,20
33,3659,0.01610315923208931,8.715958332945912e-09,0.11147529161249117,0.8724215404394622,25,20,20
33,3660,0.016103159232089322,8.716200600336877e-09,0.11184371224696772,0.8720531198047433,25,20,20
33,3661,0.016103159232089267,8.716200674284827e-09,0.11184382563690422,0.8720530064148067,25,20,20
33,3662,0.016103159232089267,8.716200672986286e-09,0.11184389953455899,0.8720529325171518,25,20,20
33,3663,0.016103159232089253,8.715958330335097e-09,0.11147077848905368,0.8724260535628994,25,20,20
33,3664,0.016103159232089253,8.71595833031233e-09,0.11147068909403217,0.872426142957921,25,20,20
33,3665,0.016103159232089305,8.715958405580781e-09,0.11147072343099954,0.8724261086209535,25,20,20
33,3666,0.01610315923208932,8.715958331632434e-09,0.11147076200226617,0.8724260700496869,25,20,20
33,3667,0.03999944671417357,5.233752844009013e-10,0.08757456076006959,0.872425992002382,25,20,20
33,3668,0.039999446714172764,5.233709921346379e-10,0.0875679226931676,0.872432630069289,25,20,20
33,3669,0.03999944671417601,5.233710674096819e-10,0.08757254430660544,0.8724280084558478,25,20,20
33,3670,0.039999446714176,5.233710661111403e-10,0.08757254421567533,0.8724280085467779,25,20,20
33,3671,0.039999446714179224,5.233754039383622e-10,0.08783885057645632,0.8721617021859893,25,20,20
33,3672,0.03999944671418002,5.233754805049637e-10,0.08783896589277357,0.8721615868696712,25,20,20
33,3673,0.03999944671417764,5.233754204382131e-10,0.08770216837575445,0.8722983843866927,25,20,20
33,3674,0.03999944671418084,5.233754970048787e-10,0.08770213843619638,0.8722984143262476,25,20,20
33,3675,0.03999944671418006,5.233754990271423e-10,0.08732910221986474,0.8726714505425801,25,20,20
33,3676,0.03999944671418085,5.231309920972645e-10,0.08732248093481118,0.8726780718278775,25,20,20
33,3677,0.04000825800995414,3.856349393043825e-09,0.08731277866553362,0.872678959468163,25,20,20
33,3678,0.04000825800995092,3.856109099338318e-09,0.08731077689803927,0.8726809612359007,25,20,20
33,3679,0.04000825800995088,3.856104898162682e-09,0.08718352068106744,0.8728082174528768,25,20,20
33,3680,0.04000825800995084,3.856109114024518e-09,0.08718810894687179,0.8728036291870681,25,20,20
33,3681,0.04000825800995003,3.856104750228414e-09,0.08718352009651768,0.8728082180374276,25,20,20
33,3682,0.040008258009946805,3.856104674709713e-09,0.0873083041415458,0.8726834339924026,25,20,20
33,3683,0.04000825800994679,3.856349182937399e-09,0.08731489328611725,0.8726768448475866,25,20,20
33,3684,0.04000825800994919,3.856353472535145e-09,0.08731922012249123,0.8726725180112059,25,20,20
33,3685,0.04000825801013211,3.856598072283381e-09,0.08706146913694457,0.872930268996325,25,20,20
33,3686,0.04000825801013215,3.856597998578682e-09,0.08693197594031357,0.873059762192956,25,20,20
33,3687,0.04000825801013215,3.856593707444051e-09,0.08705679602836419,0.8729349421049096,25,20,20
33,3688,0.040008258010131345,3.856597883767547e-09,0.08742978201933412,0.8725619561139364,25,20,20
33,3689,0.040008258010131345,3.856597956441004e-09,0.08742975061387533,0.8725619875193951,25,20,20
33,3690,0.04000825788535455,3.84483793265086e-09,0.08116588802814852,0.8788258502416589,25,20,20
33,3691,0.04000825836246451,4.485616284930568e-09,0.08891666589492052,0.8710750712569986,25,20,20
33,3692,0.040008258362464494,4.485375993056988e-09,0.08891008186902495,0.8710816552831343,25,20,20
33,3693,0.040008258362464515,4.485376067050886e-09,0.08891019579339023,0.8710815413587691,25,20,20
33,3694,0.04000825836246375,4.485376065729571e-09,0.08891012326365189,0.8710816138885081,25,20,20
33,3695,0.04000825836246695,4.4853804323762195e-09,0.08891248868111531,0.8710792484710373,25,20,20
33,3696,0.040008258362467804,4.499292887178053e-09,0.08900175024265027,0.8709899868955892,25,20,20
33,3697,0.05621375071900357,4.49045757416774e-09,0.07279621788454341,0.870990026905995,25,20,20
33,3698,0.05621375071900267,4.476545120663654e-09,0.07270695491546031,0.8710792898889914,25,20,20
33,3699,0.05621375071900261,4.476545119320377e-09,0.07270692589023701,0.8710793189142149,25,20,20
33,3700,0.056213750719002614,4.476545191985441e-09,0.07270692592995848,0.8710793188744934,25,20,20
33,3701,0.056213750719003405,4.476789700244135e-09,0.07270892913966902,0.8710773156645375,25,20,20
33,3702,0.05621375071900342,4.476789702840018e-09,0.07270908311757322,0.8710771616866332,25,20,20
33,3703,0.056213750719003475,4.476793994476771e-09,0.07270928036203432,0.8710769644421678,25,20,20
33,3704,0.056213750721416884,4.476798210827103e-09,0.07270471817179736,0.8710815266299871,25,20,20
33,3705,0.05621375072142005,4.476802398617144e-09,0.07297095044465465,0.8708152943571225,25,20,20
33,3706,0.05621375024435243,3.836024046356733e-09,0.06522240784395267,0.8785638380756704,25,20,20
33,3707,0.06336932979541829,1.5925817119051845e-08,0.058066854191944274,0.8785638000868201,25,20,20
33,3708,0.06336932979541511,1.592581275500108e-08,0.058064491358652034,0.8785661629201199,25,20,20
33,3709,0.06336932979541426,1.5925566236015113e-08,0.05769148473986798,0.8789391695391514,25,20,20
33,3710,0.06336932979541421,1.592556194569846e-08,0.05769128950313643,0.8789393647758872,25,20,20
33,3711,0.06336932979541426,1.5925561945721582e-08,0.057692910495463164,0.8789377437835604,25,20,20
33,3712,0.06336932979541351,1.5925561945721913e-08,0.05769294262590372,0.8789377116531207,25,20,20
33,3713,0.0633693297954135,1.592556194570349e-08,0.057563420358095516,0.8790672339209289,25,20,20
33,3714,0.06336932979541668,1.5925804941310348e-08,0.057829770861810764,0.8788008834169675,25,20,20
33,3715,0.06336932979541034,1.5925804941318908e-08,0.05756265065592705,0.8790680036228576,25,20,20
33,3716,0.06336932979541034,1.5925804867347564e-08,0.05756913956738667,0.879061514711398,25,20,20
33,3717,0.06336932979541034,1.5925804866072994e-08,0.0575690604894711,0.8790615937893138,25,20,20
33,3718,0.06336932979541034,1.592580494005785e-08,0.05757376034923365,0.8790568939295511,25,20,20
33,3719,0.06336932979522748,1.5925556077281325e-08,0.05756520709812299,0.8790654471810935,25,20,20
33,3720,0.06336932979522747,1.592555600071467e-08,0.05756523845408711,0.8790654158251295,25,20,20
33,3721,0.06336932979522747,1.592555599939457e-08,0.05756515798883617,0.8790654962903806,25,20,20
33,3722,0.06336932979522747,1.5925556074708164e-08,0.057565272463457016,0.8790653818157596,25,20,20
33,3723,0.06336932979522741,1.592555607340636e-08,0.05756743472392573,0.8790632195552908,25,20,20
33,3724,0.06336932979522743,1.592580066835869e-08,0.057572155774977166,0.8790584985039949,25,20,20
33,3725,0.06336932979522743,1.592580066965627e-08,0.05757674315164421,0.8790539111273279,25,20,20
33,3726,0.06336932979522823,1.5925800595694187e-08,0.05757215826828522,0.8790584960106861,25,20,20
33,3727,0.0633693297952282,1.592555600333773e-08,0.05756743724392565,0.8790632170352903,25,20,20
33,3728,0.0633693297952314,1.5925800595694934e-08,0.05757226874280886,0.8790583855361592,25,20,20
33,3729,0.06336932979523147,1.5925800597015846e-08,0.05757238368281949,0.8790582705961485,25,20,20
33,3730,0.06336932979523226,1.5925804889950337e-08,0.057572580376995336,0.8790580739019676,25,20,20
33,3731,0.06336932979523546,1.5925804818601936e-08,0.0575703326907811,0.8790603215881787,25,20,20
33,3732,0.0633693298030215,1.5925804892366184e-08,0.05757243785579194,0.8790582164153818,25,20,20
33,3733,0.06336932980301832,1.5925561895439225e-08,0.057306167811159624,0.8793244864602602,25,20,20
33,3734,0.02339444324175282,1.158275545907838e-06,0.09727981644413636,0.8793245820385649,25,20,20
33,3735,0.023394443241749628,1.1582755459039217e-06,0.09727978741674742,0.8793246110659569,25,20,20
33,3736,0.02339444324174957,1.1582755501921842e-06,0.09728627695372134,0.8793181215289788,25,20,20
33,3737,0.023394443241749555,1.1582755501908867e-06,0.09728615085010307,0.879318247632597,25,20,20
33,3738,0.023394443241929942,1.1582893634273976e-06,0.09766030335818807,0.8789440951105183,25,20,20
33,3739,0.023394443241926747,1.158289359136483e-06,0.09765377988839465,0.8789506185803191,25,20,20
33,3740,0.023394443241923607,1.1582891145428277e-06,0.09764902688544405,0.8789553715835174,25,20,20
33,3741,0.023394443241923607,1.158289114618119e-06,0.09764902747248262,0.8789553709964788,25,20,20
33,3742,0.02339444324179175,1.1582753057348342e-06,0.09740010859276042,0.8792042898901419,25,20,20
33,3743,0.023394443241792455,1.1582755256593066e-06,0.10205897392676208,0.8745454245559194,25,20,20
33,3744,5.074614410561943e-05,1.146706812415518e-06,0.12495807953891394,0.8749900276101689,25,20,20
33,3745,4.1631135492719897e-05,1.1429391715923613e-06,0.12496820393595709,0.8749890219893796,25,20,20
33,3746,4.163113549271965e-05,1.1429391715923608e-06,0.1249682039236197,0.874989022001717,25,20,20
33,3747,4.186121577317873e-05,1.1515455248455761e-06,0.12496794221378592,0.8749890450249169,25,20,20
33,3748,4.186121577637322e-05,1.1515455249208452e-06,0.12496332489756458,0.874993662341135,25,20,20
33,3749,4.1861215821889736e-05,1.151545529285938e-06,0.1249678754115656,0.8749891118270839,25,20,20
33,3750,4.18612158218477e-05,1.1515455335770687e-06,0.12497249704723229,0.8749844901914129,25,20,20
33,3751,4.186121581867251e-05,1.1515455293140093e-06,0.12470614888699572,0.8752508383516572,25,20,20
33,3752,4.186121581803684e-05,1.1515453095400566e-06,0.12005198487010688,0.879905002368766,25,20,20
33,3753,4.186121581729414e-05,1.1515450650317756e-06,0.12004998168956213,0.8799070055495559,25,20,20
33,3754,4.1861215862829555e-05,1.1515450650330733e-06,0.12005005461886974,0.8799069326202027,25,20,20
33,3755,4.1861215818149685e-05,1.1515450693228983e-06,0.12005460281413466,0.8799023844249781,25,20,20
33,3756,4.186120580082194e-05,1.1515589764421946e-06,0.12014460401837647,0.8798123832168464,25,20,20
33,3757,0.03828108718693406,2.868802821595694e-08,0.08190130449091886,0.8798175796341196,25,20,20
33,3758,0.03828108718693406,2.868802392482645e-08,0.08190324533769043,0.8798156387873522,25,20,20
33,3759,0.0382640212209706,2.8166817956464153e-08,0.08236491689994033,0.8793710337122715,25,20,20
33,3760,0.0382640212209706,2.816681795516664e-08,0.08235831470975151,0.8793776359024603,25,20,20
33,3761,0.03826402122092202,2.8166813600597426e-08,0.08223316850287796,0.8795027821093869,25,20,20
33,3762,0.03826402122110328,2.8166817816074314e-08,0.08223511117182211,0.8795008394402574,25,20,20
33,3763,0.03826402122110328,2.8166813527046386e-08,0.08224159489056664,0.8794943557215169,25,20,20
33,3764,0.03826402122110333,2.8166813529664224e-08,0.08224148186385136,0.8794944687482321,25,20,20
33,3765,0.03826402122110573,2.816680938728983e-08,0.08224140189889388,0.8794945487131911,25,20,20
33,3766,0.03826402122110572,2.8166805097683612e-08,0.08223483537860712,0.8795011152334822,25,20,20
33,3767,0.03826402122110572,2.8166805095089372e-08,0.08222985348925996,0.8795060971228291,25,20,20
33,3768,0.038264021221104935,2.8166805095089382e-08,0.08222989097321388,0.8795060596388761,25,20,20
33,3769,0.03826402122110568,2.8166805169078835e-08,0.08223054768622254,0.8795054029258665,25,20,20
33,3770,0.03826379114284872,0.0008051545467960479,0.08142451124298716,0.8795065430673685,25,20,20
33,3771,0.038263791142848474,0.0008051545470389402,0.08168617122823921,0.8792448830818738,25,20,20
33,3772,0.03826379114284842,0.0008051545470431566,0.0816815901952301,0.8792494641148787,25,20,20
33,3773,0.03826379114284842,0.0008051545470432317,0.08176918264055125,0.8791618716695574,25,20,20
33,3774,0.039991068848505854,0.0008051350680054845,0.08004721641002378,0.879156579673465,25,20,20
33,3775,0.03999221547015832,8.777834012323897e-05,0.05690996316375428,0.9030100430259644,25,20,20
33,3776,0.03999221547015512,8.777834012308974e-05,0.05690984786533641,0.9030101583243855,25,20,20
33,3777,0.03999221619651734,8.777840857720596e-05,0.09346434154335778,0.8664556638515477,25,20,20
33,3778,0.039992216196153105,8.777839466572133e-05,0.09337211417516868,0.8665478912340124,25,20,20
33,3779,0.03999221619615077,8.777839466564871e-05,0.09337218508423716,0.8665478203249463,25,20,20
33,3780,0.039992216196157164,8.777839466565003e-05,0.09337695493278955,0.8665430504763872,25,20,20
33,3781,0.03999221619615711,8.777839466557641e-05,0.09329126538981472,0.8666287400193623,25,20,20
33,3782,0.03999221619615785,8.77783946699402e-05,0.09329596614786588,0.866624039261306,25,20,20
33,3783,0.03999221634408563,8.777839491457413e-05,0.09292779360704402,0.8669922116539552,25,20,20
33,3784,0.03999221634408649,8.777839515925384e-05,0.09293107484703443,0.8669889304137192,25,20,20
33,3785,0.039992216344089664,8.777839515932991e-05,0.09319578540504234,0.866724219855708,25,20,20
33,3786,0.03999221634408888,8.777839515496483e-05,0.09319119769890373,0.8667288075618518,25,20,20
33,3787,0.03999221619616429,8.777839491036915e-05,0.09319097051574092,0.8667290348931839,25,20,20
33,3788,0.03999221619616434,8.777839491044312e-05,0.09319089916096374,0.8667291062479608,25,20,20
33,3789,0.03999221619616509,8.777839491470727e-05,0.09344250241871885,0.8664775029902008,25,20,20
33,3790,0.03999221619630103,8.777839490985957e-05,0.0935502913592556,0.866369714049533,25,20,20
33,3791,0.03999221619625551,8.777839490985827e-05,0.09354808748511184,0.866371917923722,25,20,20
33,3792,0.03999221619625471,8.777839491414595e-05,0.0935481293153204,0.8663718760935101,25,20,20
33,3793,0.0399922161962579,8.777839491422122e-05,0.09355283283042397,0.8663671725784035,25,20,20
33,3794,0.03999221619630314,8.777839515729031e-05,0.09381918344044796,0.8661008219680914,25,20,20
33,3795,0.039992216196303124,8.777839515721504e-05,0.09381906811871285,0.8661009372898265,25,20,20
33,3796,0.03999221619612101,8.777839514863447e-05,0.09381242327907476,0.8661075821296553,25,20,20
33,3797,3.1680013532937346e-05,8.77783954164221e-05,0.1337729594600831,0.8661075821309673,25,20,20
33,3798,3.168016144585138e-05,8.777839566520864e-05,0.1337817957192853,0.8660987457236036,25,20,20
33,3799,3.168016144586515e-05,8.77783956694243e-05,0.13378831794351678,0.8660922234993675,25,20,20
33,3800,3.1680161445865386e-05,8.777839566935036e-05,0.13378174221441472,0.8660987992284699,25,20,20
33,3801,3.168001353295183e-05,8.777839542476757e-05,0.13390231207855974,0.8659782295124824,25,20,20
33,3802,3.1680013532952064e-05,8.777839542047663e-05,0.1339024414138624,0.865978100177184,25,20,20
33,3803,3.168001352656209e-05,8.777839542055056e-05,0.13390234494850792,0.8659781966425446,25,20,20
33,3804,3.1680013526562806e-05,8.777839542047528e-05,0.1338977241907843,0.8659828174002685,25,20,20
33,3805,3.168001352575505e-05,8.77783954162124e-05,0.13365264261872373,0.866227898972334,25,20,20
33,3806,3.1680013525754066e-05,8.77783954162098e-05,0.13365252874509992,0.8662280128459579,25,20,20
33,3807,3.16800135257961e-05,8.777839566079201e-05,0.13365258880260378,0.8662279527882094,25,20,20
33,3808,3.1680013525795875e-05,8.77783956607894e-05,0.13365264223413123,0.866227899356682,25,20,20
33,3809,3.168001352579613e-05,8.777839566086598e-05,0.13365734348151745,0.8662231981092957,25,20,20
33,3810,3.168001352585096e-05,8.777839566086601e-05,0.1336573860102831,0.8662231555805298,25,20,20
33,3811,3.168002388405577e-05,8.777839566522286e-05,0.13374974613535368,0.8661307954450966,25,20,20
33,3812,3.1680024066151824e-05,8.777839590987782e-05,0.13375034660752447,0.866130194972499,25,20,20
33,3813,3.1680013707961024e-05,8.77783959098134e-05,0.13366269004448214,0.8662178515458996,25,20,20
33,3814,3.168001370479985e-05,8.777839591402976e-05,0.13340106077869415,0.8664794808116867,25,20,20
33,3815,3.168001370479911e-05,8.777839591402849e-05,0.13340098228664277,0.8664795593037381,25,20,20
33,3816,3.1680016254672665e-05,8.777839567532432e-05,0.13314136603879148,0.8667391755492783,25,20,20
33,3817,3.168001625472781e-05,8.777839567960053e-05,0.13326428338827584,0.8666162581997895,25,20,20
33,3818,3.168001625471574e-05,8.777839567530806e-05,0.13325974303347948,0.8666207985545903,25,20,20
33,3819,3.168001365962356e-05,8.777839567523406e-05,0.13325961314844628,0.8666209284422186,25,20,20
33,3820,3.1680013659609544e-05,8.777839567523274e-05,0.13325961312324913,0.8666209284674157,25,20,20
33,3821,3.1680013656469884e-05,8.777839567101638e-05,0.13352124214798017,0.8663592994426921,25,20,20
33,3822,3.1680013656470616e-05,8.777839567101765e-05,0.13352132064003155,0.8663592209506408,25,20,20
33,3823,3.1680013656470386e-05,8.777839567101765e-05,0.13352120419331892,0.8663593373973534,25,20,20
33,3824,3.168001365645636e-05,8.77783956667252e-05,0.13351650064138837,0.8663640409492882,25,20,20
33,3825,3.168001347601979e-05,8.777839566738468e-05,0.13340869928094873,0.8664718423099076,25,20,20
33,3826,1.828050113263452e-06,8.77789988399571e-05,0.13341987295510438,0.8664905199959417,25,20,20
33,3827,1.8280501132632105e-06,8.777899883988183e-05,0.13341525217296915,0.8664951407780772,25,20,20
33,3828,1.8280499311531733e-06,8.777899859530216e-05,0.13340795705707725,0.8665024358943958,25,20,20
33,3829,3.531754382913271e-06,8.777899881586836e-05,0.1379623741018601,0.8619463151449408,25,20,20
33,3830,3.531754382927532e-06,8.777899882016134e-05,0.13796243522639146,0.8619462540204051,25,20,20
33,3831,3.531754383726141e-06,8.777899882031058e-05,0.13796247607174084,0.8619462131750549,25,20,20
33,3832,3.5317543837400845e-06,8.777899882025049e-05,0.13783532077206337,0.8620733684747326,25,20,20
33,3833,3.531754431941927e-06,8.777978497317645e-05,0.13826976128921664,0.8616389271713781,25,20,20
33,3834,3.5317544326844633e-06,8.777978473288563e-05,0.13826533794305434,0.86164335051778,25,20,20
33,3835,3.5317544326844463e-06,8.777978473288433e-05,0.1382652569022158,0.8616434315586186,25,20,20
33,3836,3.5653827137498326e-06,8.778057732959107e-05,0.13838556571988472,0.861523088320072,25,20,20
33,3837,0.001717187346871699,8.848928620460461e-05,0.13647869758662812,0.8617156257802963,25,20,20
33,3838,0.0017171873468716427,8.848928620460331e-05,0.13647869612549687,0.8617156272414274,25,20,20
33,3839,0.0017171873468242397,8.848850005182658e-05,0.13604439862900944,0.8621499255241151,25,20,20
33,3840,0.00171718734682424,8.848850005182656e-05,0.13604443403490343,0.862149890118221,25,20,20
33,3841,0.0017171873468693507,8.848850029409395e-05,0.13641751680866018,0.8617768073441767,25,20,20
33,3842,0.001717187346872544,8.84885002983869e-05,0.13641747549475955,0.8617768486580699,25,20,20
33,3843,0.0018322543865180426,1.093601418716727e-06,0.15727518463165846,0.8408914673804052,25,20,20
33,3844,0.0018322543865180274,1.0936014144237863e-06,0.1572750423169499,0.8408916096951182,25,20,20
33,3845,0.0018322543865180135,1.0936014102068082e-06,0.1572685188769972,0.8408981331350751,25,20,20
33,3846,0.0018322543865172155,1.0936014101315167e-06,0.15726845690227542,0.8408981951097977,25,20,20
33,3847,0.001832254386517146,1.0936014058401126e-06,0.15726620455764576,0.8409004474544317,25,20,20
33,3848,0.0018322543865170913,1.0936014100569655e-06,0.15700001425439558,0.8411666377576776,25,20,20
33,3849,0.0018322805934618727,6.199642706834588e-05,0.15695767196942445,0.8411480510100453,25,20,20
33,3850,0.0018322805934650674,6.19964270683472e-05,0.15695767342114814,0.8411480495583185,25,20,20
33,3851,0.002408296352911368,1.1097184615016954e-06,0.15644255556689093,0.8411480383617362,25,20,20
33,3852,0.002408296352911368,1.109718461503016e-06,0.1564425555756485,0.8411480383529786,25,20,20
33,3853,0.002408296352910527,1.1097182168259054e-06,0.15644089322323063,0.8411497007056419,25,20,20
33,3854,0.002408262724628719,1.1089256159030398e-06,0.15631834409311357,0.8412722842566417,25,20,20
33,3855,0.0024082627245844072,1.1089256181452065e-06,0.1559519264060718,0.8416387019437255,25,20,20
33,3856,0.002408262724585256,1.1089256223922947e-06,0.15608873781877156,0.8415018905310205,25,20,20
33,3857,0.001013383185146513,4.002196885658985e-07,0.1576768193853893,0.8413093972097756,25,20,20
33,3858,0.0010133831851464991,4.002196885633039e-07,0.1576752384597761,0.8413109781353889,25,20,20
33,3859,0.0008972303432204961,2.2242644833803512e-08,0.15611069171128145,0.8429920557028534,25,20,20
33,3860,0.0008972303432624123,2.225645828132347e-08,0.15647913838351843,0.842623609016761,25,20,20
33,3861,0.0008972303432655875,2.225645828258922e-08,0.15674633836363694,0.8423564090366394,25,20,20
33,3862,0.0008972303432655883,2.2256462573719254e-08,0.15675100195529656,0.8423517454449755,25,20,20
33,3863,0.000897230343265644,2.2256462646361236e-08,0.15675558933901534,0.8423471580612568,25,20,20
33,3864,0.0008972303432656592,2.2256462647705024e-08,0.15675553732710834,0.8423472100731635,25,20,20
33,3865,0.0008972303432687847,2.2256458357411476e-08,0.15675754397096853,0.8423452034293042,25,20,20
33,3866,0.0008972303432688397,2.2256454216810236e-08,0.15675511950014034,0.8423476279001366,25,20,20
33,3867,0.0008972303432688537,2.225669804794247e-08,0.15688456214899651,0.8422181852510363,25,20,20
33,3868,0.000897230343268838,2.225669797135213e-08,0.15688453369052718,0.8422182137095057,25,20,20
33,3869,0.0008972303432688947,2.225669797132976e-08,0.15688932939116662,0.8422134180088662,25,20,20
33,3870,0.0018223219553053017,5.550092632350228e-09,0.15596433051959405,0.842213341975008,25,20,20
33,3871,0.001822321955302106,5.5500883407274e-09,0.15596432248555178,0.8422133500090575,25,20,20
33,3872,0.0018223219553052863,5.549848799450642e-09,0.15583950292794232,0.8423381695669034,25,20,20
33,3873,0.001822321955260245,5.549946656298844e-09,0.1555587809541313,0.8426188915406617,25,20,20
33,3874,0.0018223219554423878,5.549946806837187e-09,0.15555894677143434,0.8426187257231764,25,20,20
33,3875,0.0018223219554424016,5.549946882128414e-09,0.15555906208307174,0.842618610411539,25,20,20
33,3876,0.0018223219556244878,5.549951098482573e-09,0.15555698111855748,0.8426206913758669,25,20,20
33,3877,0.0036617995016672016,5.624999905477998e-06,0.15371187958311727,0.84262069591531,25,20,20
33,3878,0.0036617995016664027,5.624999665184774e-06,0.15370537177076934,0.842627203727899,25,20,20
33,3879,0.0036617995016695287,5.624985758096527e-06,0.1536153160357557,0.8427172594768166,25,20,20
33,3880,0.0036617995016695287,5.624985758096551e-06,0.15361519959914138,0.8427173759134309,25,20,20
33,3881,0.0036617995016671318,5.62498575817156e-06,0.15361753128857583,0.8427150442239987,25,20,20
33,3882,0.0036617995014849893,5.624985753804654e-06,0.15361733258700208,0.8427152429257591,25,20,20
33,3883,0.0036617995014849893,5.6249857537306835e-06,0.1536173639680286,0.8427152115447327,25,20,20
33,3884,0.003661799501484988,5.624985753805946e-06,0.15361726754613256,0.8427153079666287,25,20,20
33,3885,0.003661799501484189,5.624985753656705e-06,0.15361711264955538,0.8427154628632069,25,20,20
33,3886,0.0036617995013020466,5.624985753506144e-06,0.15361694740784013,0.8427156281051045,25,20,20
33,3887,0.0036617995013020427,5.624985996501239e-06,0.1538810202422124,0.8424515552704891,25,20,20
33,3888,0.0036617995013019868,5.624985996428598e-06,0.15388292311491564,0.8424496523977859,25,20,20
33,3889,0.0036617995013019855,5.624985992138276e-06,0.15388278223456445,0.8424497932781412,25,20,20
33,3890,0.0036617995013012426,5.624985987848451e-06,0.1538781939435814,0.8424543815691292,25,20,20
33,3891,0.00366179950130123,5.624985987848452e-06,0.15387811800581885,0.8424544575068919,25,20,20
33,3892,0.003661799501301234,5.624986231599684e-06,0.15400831085380295,0.8423242646586637,25,20,20
33,3893,0.003661799501301179,5.624986231674967e-06,0.15400831083703498,0.8423242646754316,25,20,20
33,3894,0.0036617995116366357,5.624986475274908e-06,0.15418831164211153,0.842144263859776,25,20,20
33,3895,0.0036620912387596675,5.6249265029742555e-06,0.15763339996886638,0.8386988838658701,25,20,20
33,3896,0.00032111189397415453,2.536073350089081e-07,0.1609797588814441,0.8386988756172471,25,20,20
33,3897,0.0003211118965695429,2.5360733515814034e-07,0.16098204711033645,0.838696587385759,25,20,20
33,3898,0.0003211118965663476,2.5360733515941454e-07,0.16097992430744237,0.8386987101886563,25,20,20
33,3899,0.00032105256651218515,2.4819277526247027e-07,0.16387627968643836,0.8358024195542746,25,20,20
33,3900,0.0003210525665161222,2.482067144899209e-07,0.16388848533800524,0.8357902138887644,25,20,20
33,3901,0.00032105256651931155,2.482067187717223e-07,0.1639807821178466,0.8356979171089155,25,20,20
33,3902,0.0003210525665192567,2.4820671869645376e-07,0.16398078070774916,0.835697918519013,25,20,20
33,3903,0.00032105256651606735,2.4820671441462995e-07,0.1638884825405717,0.8357902166861979,25,20,20
33,3904,0.0003210684402177372,1.4131111347599674e-09,0.1638887113134002,0.835790218833271,25,20,20
33,3905,0.000321068440213745,1.3991718333382045e-09,0.16387650423407774,0.8358024259265368,25,20,20
33,3906,0.0003210684402138011,1.3991718320183818e-09,0.16387460298410336,0.8358043271765109,25,20,20
33,3907,0.0003210685876284246,1.3994071295092963e-09,0.16375171772977423,0.8359272122831903,25,20,20
33,3908,0.00032106858762842984,1.3991683518352401e-09,0.16348767192655822,0.8361912580866452,25,20,20
33,3909,0.0003210685876316239,1.3991726427492117e-09,0.16349423849064174,0.8361846915225541,25,20,20
33,3910,0.00032106858763162363,1.3991683511348264e-09,0.163494123713423,0.8361848062997771,25,20,20
33,3911,0.00032106858763174034,1.3989254312910329e-09,0.16322793263065333,0.8364509973827896,25,20,20
33,3912,0.0003210685876317413,1.398925429993708e-09,0.16322788057194304,0.8364510494415,25,20,20
33,3913,0.0003210685772971956,1.3986819793099847e-09,0.16304950381620464,0.8366294262078162,25,20,20
33,3914,0.00032106857729719565,1.398681980652454e-09,0.16304958625447763,0.8366293437695431,25,20,20
33,3915,0.00032106857729481935,1.3986821299237492e-09,0.16278247009014218,0.8368964599338808,25,20,20
33,3916,0.0003210684298793459,1.3984383815588144e-09,0.16263913780860112,0.8370397923630811,25,20,20
33,3917,0.00031936472664692995,1.3998554340145466e-09,0.19338688348366082,0.8062937503898365,25,20,20
33,3918,0.0003193647266437459,1.399856189712397e-09,0.1932633111721742,0.8064173227013255,25,20,20
33,3919,0.00031936472664060683,1.3998519738194136e-09,0.19326330886761944,0.8064173250058877,25,20,20
33,3920,0.0003193647266382818,1.399851901873925e-09,0.19325686196100325,0.8064237719125064,25,20,20
33,3921,0.00031936472663828105,1.39985175267437e-09,0.19325227525383554,0.8064283586196743,25,20,20
33,3922,0.0003193647266383371,1.3998561188578806e-09,0.1932588805127209,0.8064217533607848,25,20,20
33,3923,0.0003193647266374682,1.3998518998893973e-09,0.19325876085525348,0.8064218730182573,25,20,20
33,3924,0.0003193647266406762,1.3998562634777215e-09,0.19326525290841054,0.8064153809650925,25,20,20
33,3925,0.00031936472664067644,1.4001008457214178e-09,0.193267254465533,0.8064133794077256,25,20,20
33,3926,0.0003193647266407315,1.4001007730478864e-09,0.19326732944184266,0.806413304431416,25,20,20
33,3927,0.0003193648710046402,1.4141942190130224e-09,0.1935317071505672,0.8061489265642341,25,20,20
33,3928,0.00031936487100543774,1.4141942190124051e-09,0.1935384017913018,0.8061422319234987,25,20,20
33,3929,0.0003193648710054367,1.4141942190117777e-09,0.19354497753785374,0.8061356561769467,25,20,20
33,3930,0.000319364871005437,1.4141942177148445e-09,0.19354486418781003,0.8061357695269904,25,20,20
33,3931,0.04019691557412758,6.314999104710385e-11,0.15366731698265165,0.806135767380071,25,20,20
33,3932,0.04019691557412753,6.290969845545554e-11,0.15366721721884205,0.8061358671441208,25,20,20
33,3933,0.04019691557412673,6.290955051349035e-11,0.1536671611617088,0.806135923201255,25,20,20
33,3934,0.04019691557412674,6.290954921533922e-11,0.1536672485981789,0.8061358357647851,25,20,20
33,3935,0.04019691557412675,6.290955053528504e-11,0.15367194983411514,0.8061311345288489,25,20,20
33,3936,0.04019691557412993,6.290962455002221e-11,0.15367340235128002,0.8061296820116808,25,20,20
33,3937,0.040196915574129015,6.290947401084887e-11,0.153673241496818,0.8061298428661436,25,20,20
33,3938,0.0402657515805747,2.8480487184502782e-08,0.15535069517868194,0.8043835247602559,25,20,20
33,3939,0.04026575158057466,2.848048718188453e-08,0.1553573148561966,0.8043769050827414,25,20,20
33,3940,0.04026575158057158,2.8480487183139625e-08,0.1553557763270322,0.804378443611909,25,20,20
33,3941,0.04026575158057478,2.8480487332379776e-08,0.15535119182031437,0.8043830281186234,25,20,20
33,3942,0.04026575158057705,2.8480731777348174e-08,0.15535430882872195,0.8043799111099691,25,20,20
33,3943,0.040265751580622296,2.8480727562529093e-08,0.15559939886309035,0.8041348210755598,25,20,20
33,3944,0.04026575158062149,2.8480723271095548e-08,0.15559709412659867,0.8041371258120564,25,20,20
33,3945,0.04026575158062157,2.848072756204111e-08,0.15560373245680573,0.8041304874818451,25,20,20
33,3946,0.04026575143379405,2.846663707164991e-08,0.1663952851045817,0.7933389349949873,25,20,20
33,3947,0.040265751433794066,2.8466637145640965e-08,0.1663969067665073,0.7933373133330616,25,20,20
33,3948,0.040266694071976916,2.8968816196275296e-08,0.16639596588893912,0.7933373110702674,25,20,20
33,3949,0.04026669407198015,2.8968571689336974e-08,0.1663939635939758,0.7933393133654721,25,20,20
33,3950,0.04026669407197697,2.8968331384717277e-08,0.1663958279449293,0.7933374490147621,25,20,20
33,3951,0.04019785656351959,5.294177078375455e-10,0.12667389136404922,0.8331282515430136,25,20,20
33,3952,0.04019785656351954,5.294133429517671e-10,0.12666740052994313,0.8331347423771241,25,20,20
33,3953,0.04019785656075266,5.152964297171597e-10,0.1264659376834563,0.8333362052404947,25,20,20
33,3954,0.040181586907487424,1.0659878570387356e-08,0.1264821967680662,0.8333362056645677,25,20,20
33,3955,0.04018158690735651,1.0659875542167604e-08,0.11542614554511765,0.84439225688765,25,20,20
33,3956,0.04018158690735965,1.065987140176488e-08,0.1154242086089463,0.8443941938238223,25,20,20
33,3957,0.04018158705526897,1.066011596125879e-08,0.11542838563985015,0.8443900166447645,25,20,20
33,3958,0.0401815870553145,1.0660360544800391e-08,0.11543500822944854,0.8443833940548763,25,20,20
33,3959,0.0401815870553145,1.066036054348051e-08,0.11542840404164853,0.8443899982426762,25,20,20
33,3960,0.04018158690740516,1.0660111694357606e-08,0.11541770159262249,0.8444007008398604,25,20,20
33,3961,0.040181586907405045,1.0660111619087763e-08,0.1154177521838039,0.8444006502486794,25,20,20
33,3962,0.040181586907408244,1.0660111695630862e-08,0.11541783598812362,0.8444005664443562,25,20,20
33,3963,0.03987015787828392,1.4439672853729186e-06,0.11572775596170523,0.8444006421927261,25,20,20
33,3964,0.039870157878283935,1.4439672853742267e-06,0.11610087467562596,0.8440275234788053,25,20,20
33,3965,0.03987015787828307,1.4439672852963202e-06,0.1160985928783042,0.8440298052761279,25,20,20
33,3966,0.039870191258152866,1.4439672913544931e-06,0.11649682014252984,0.8436315446320266,25,20,20
33,3967,0.03987015787823765,1.4439670408633283e-06,0.11609504957755296,0.8440333485771692,25,20,20
33,3968,0.03987015787841939,1.4439670452188645e-06,0.11618772343579986,0.8439406747187361,25,20,20
33,3969,0.0398701578784202,1.4439670452188878e-06,0.11618783888652989,0.8439405592680052,25,20,20
33,3970,0.039870157878416995,1.4439670409292582e-06,0.11618783715640156,0.8439405609981407,25,20,20
33,3971,0.03987015787841701,1.443967040856631e-06,0.11618775083041685,0.8439406473241253,25,20,20
33,3972,0.03987015789743947,1.4439654367169353e-06,0.12078957545774838,0.8393388226793757,25,20,20
33,3973,0.04292040022895475,1.4655979182422703e-06,0.11773930968431018,0.8393388244888176,25,20,20
33,3974,0.04292040022877301,1.465597913885414e-06,0.11764663440401966,0.8394314997692942,25,20,20
33,3975,0.042920400228730976,1.46559792239116e-06,0.11740154608976822,0.8396765880835791,25,20,20
33,3976,0.04292040022876444,1.4655981021937362e-06,0.1280096801419236,0.8290684540312105,25,20,20
33,3977,0.042920400239113116,1.4655981064718061e-06,0.12813542131713995,0.8289427128456411,25,20,20
33,3978,0.042920400239113116,1.465598106473104e-06,0.1281354227045662,0.828942711458215,25,20,20
33,3979,0.042920400335328894,1.4656071746087647e-06,0.14211492869317752,0.8149632053643195,25,20,20
33,3980,0.03919037328584843,1.4600610849613177e-06,0.14584371243054944,0.8149644542225178,25,20,20
33,3981,0.03919037378735648,1.4600844348247035e-06,0.14148578186023358,0.8193223842679757,25,20,20
33,3982,0.039190373787356424,1.4600844391150288e-06,0.14148127685912748,0.8193268892690776,25,20,20
33,3983,0.03919037378758322,1.460098328945443e-06,0.14163544230806888,0.8191727238060196,25,20,20
33,3984,0.039190373787580036,1.4600983331204807e-06,0.14200846169791548,0.8187997044161719,25,20,20
33,3985,0.03919037378758243,1.4600985777141356e-06,0.14200656258051325,0.818801603533327,25,20,20
33,3986,0.03919037378757924,1.4600985775635975e-06,0.14200644784890598,0.8188017182649376,25,20,20
33,3987,0.03919037378757605,1.4600985817039812e-06,0.14200835186372487,0.8187998142501176,25,20,20
33,3988,0.039190373787576845,1.460098581854519e-06,0.14200843437284857,0.8187997317409931,25,20,20
33,3989,0.03919037378757686,1.460098581928513e-06,0.1420084691948233,0.8187996969190183,25,20,20
33,3990,0.03919037377722818,1.4600985819400258e-06,0.14188910396351834,0.8189190621606721,25,20,20
33,3991,0.039190373777231384,1.4600985820153634e-06,0.14188918753082613,0.8189189785933609,25,20,20
33,3992,0.039190373777231426,1.4600985777650798e-06,0.14151616613774795,0.8192919999864432,25,20,20
33,3993,0.03065668294282846,1.4590729163284393e-06,0.15005013633558792,0.8192917216486677,25,20,20
33,3994,0.06658145736206061,1.4372900813951099e-06,0.11412538389169571,0.8192917214561626,25,20,20
33,3995,0.06658191686231273,1.4372665558362232e-06,0.10959508048925955,0.8238215653818721,25,20,20
33,3996,0.06658191686231031,1.4372665557635033e-06,0.10959522751868776,0.8238214183524463,25,20,20
33,3997,0.06658191686231038,1.4372665559114463e-06,0.10959512017896199,0.8238215256921719,25,20,20
33,3998,0.08598566052472066,8.237339778378747e-06,0.09014609553102355,0.8238600066044777,25,20,20
33,3999,0.0859856605247206,8.237339778304787e-06,0.09014304966242942,0.8238630524730718,25,20,20
33,4000,0.08598566042873255,8.237344613614518e-06,0.07628427809440984,0.8377218241322436,25,20,20
33,4001,0.08598566042872939,8.237344605107929e-06,0.07627929409615206,0.8377268081305133,25,20,20
33,4002,0.08598566042872939,8.23734460510925e-06,0.07627937320868426,0.8377267290179811,25,20,20
33,4003,0.08598566042872938,8.237344605107944e-06,0.07590637035579002,0.8380997318708754,25,20,20
33,4004,0.08598566042872617,8.237344360514267e-06,0.07590153683238574,0.8381045653945273,25,20,20
33,4005,0.08598566042872538,8.237344360366324e-06,0.07590611599213265,0.8380999862347815,25,20,20
33,4006,0.08598566042872542,8.237344360438496e-06,0.076172368097819,0.837833734129095,25,20,20
33,4007,0.08598566042872463,8.237344360287958e-06,0.0761723640462167,0.8378337381806983,25,20,20
33,4008,0.08598566043131987,8.237344368795443e-06,0.07591078119491632,0.838095321029395,25,20,20
33,4009,0.08598566043131989,8.237344373086902e-06,0.07591236022212368,0.8380937420021831,25,20,20
33,4010,0.08598566043109314,8.237330725599128e-06,0.07613123618961354,0.8378748660485675,25,20,20
33,4011,0.05339466701189221,8.238289221011059e-06,0.10872223014458761,0.8378748645542993,25,20,20
33,4012,0.053394667011892265,8.238289225302673e-06,0.10872234634823007,0.8378747483506523,25,20,20
33,4013,0.053394207010098615,8.2382892211956e-06,0.10700233383140381,0.8395952208692765,25,20,20
33,4014,0.05339420702025275,8.238275326333904e-06,0.10687936969295468,0.8397181850114663,25,20,20
33,4015,0.05339420702025273,8.238275330549765e-06,0.10688395793254747,0.8397135967718691,25,20,20
33,4016,0.05339420702025273,8.238275092498053e-06,0.10651744195849043,0.8400801127461642,25,20,20
33,4017,0.05339420702029821,8.2382750967897e-06,0.10651293938388819,0.8400846153207165,25,20,20
33,4018,0.053394207020475946,8.238275092497584e-06,0.1067795025646836,0.8398180521397479,25,20,20
33,4019,0.053394207020475946,8.238275092422328e-06,0.10677301221722243,0.8398245424872092,25,20,20
33,4020,0.053394207020475884,8.238275092348337e-06,0.10677139119039308,0.8398261635140385,25,20,20
33,4021,0.053394207020475884,8.238275092422308e-06,0.10677147225897544,0.839826082445456,25,20,20
33,4022,0.05339420702047906,8.23827510092422e-06,0.10714449522742374,0.839453059476996,25,20,20
33,4023,0.05339420702047828,8.238275096634591e-06,0.10714259051629944,0.8394549641881253,25,20,20
33,4024,0.05339420702047834,8.238275096783853e-06,0.10714270491676917,0.8394548497876554,25,20,20
33,4025,0.053394207020660396,8.238275337150406e-06,0.10714280349628971,0.8394547512077124,25,20,20
33,4026,0.05339420702066039,8.238275332860777e-06,0.10713631347435633,0.83946124122965,25,20,20
33,4027,0.05339420702047834,8.238275088203345e-06,0.10712966391187884,0.8394678907925542,25,20,20
33,4028,0.053394207020508434,8.238275091043726e-06,0.12109981365022428,0.8254977410541757,25,20,20
33,4029,0.05339420701791314,8.238275082538038e-06,0.1210951463991851,0.8255024083078188,25,20,20
33,4030,0.053394207017867616,8.238275078172453e-06,0.12109502816268357,0.8255025265443702,25,20,20
33,4031,0.053394207017870815,8.23827508246409e-06,0.12109522345915485,0.8255023312478914,25,20,20
33,4032,0.053394207017870815,8.238275078173798e-06,0.1210950933145913,0.8255024613924593,25,20,20
33,4033,0.05339420701787085,8.238275082464114e-06,0.12109517409568872,0.8255023806113574,25,20,20
33,4034,0.05339420701787084,8.238275082390141e-06,0.12109509910538828,0.8255024556016579,25,20,20
33,4035,0.05697590009169124,8.234702224666275e-06,0.11751438054907958,0.825501484657004,25,20,20
33,4036,0.05218399036502154,8.256913233910169e-06,0.12230626622807683,0.825501486493667,25,20,20
33,4037,0.05218399037540331,8.25691322985031e-06,0.1219348863500008,0.8258728663613651,25,20,20
33,4038,0.05218399037540331,8.256913225635733e-06,0.12193678697747166,0.8258709657338986,25,20,20
33,4039,0.050591963064510234,1.4866552932002232e-05,0.12352165182150382,0.8258715185610531,25,20,20
33,4040,0.05059196306451017,1.4866552927785887e-05,0.12352156952117793,0.8258716008613834,25,20,20
33,4041,0.05059196306451012,1.4866552927820442e-05,0.12389447585192723,0.8254986945306341,25,20,20
33,4042,0.050591963054125166,1.4866552923377095e-05,0.12389275429391519,0.8255004160990356,25,20,20
33,4043,0.05059064168295018,8.485756341944242e-06,0.12390099053890523,0.8254998820218019,25,20,20
33,4044,0.05059064168313163,8.485770231774371e-06,0.12405512209499009,0.8253457504516457,25,20,20
33,4045,0.05059064167274977,8.485770223191996e-06,0.12405073367121686,0.8253501388858094,25,20,20
33,4046,0.050590641652890546,8.485770190895392e-06,0.12414668531585737,0.8252541872610613,25,20,20
33,4047,0.05059064165289058,8.485770190968014e-06,0.12415135764167928,0.8252495149352391,25,20,20
33,4048,0.05059064165289378,8.485770191044575e-06,0.12415363482757623,0.825247237749339,25,20,20
33,4049,0.0505906416529358,8.486558421763425e-06,0.12448344262255691,0.8249174291660855,25,20,20
33,4050,0.05059064165293901,8.486558425981092e-06,0.12448355682652662,0.8249173149621085,25,20,20
33,4051,0.05059064165293901,8.486558430272737e-06,0.12448356139581318,0.8249173103928175,25,20,20
33,4052,0.05059064165293901,8.48655843027276e-06,0.12448356209689548,0.8249173096917355,25,20,20
33,4053,0.05059064165275755,8.486544540368661e-06,0.12432943003155299,0.8250714417711493,25,20,20
33,4054,0.05059064165275755,8.486544540292084e-06,0.12432282526716591,0.8250780465355365,25,20,20
33,4055,0.05059107234902824,8.23417160285799e-06,0.1243226642993539,0.825078029180015,25,20,20
33,4056,0.05059107234902822,8.234171602857966e-06,0.12432262890294736,0.8250780645764215,25,20,20
33,4057,0.05059107234899812,8.234171600091509e-06,0.11035404731364062,0.8390466461657611,25,20,20
33,4058,0.05059107236884311,8.234171599506165e-06,0.11035239404020437,0.8390482994193533,25,20,20
33,4059,0.0505910723688439,8.234171603795989e-06,0.11035701426085918,0.8390436791986936,25,20,20
33,4060,0.050591072379202,8.234171847853211e-06,0.11044969578937336,0.8389509976595773,25,20,20
33,4061,0.050591072379202746,8.234171847851925e-06,0.11045618694475648,0.8389445065041934,25,20,20
33,4062,0.07096639768907245,5.943749085011186e-09,0.0901262901337466,0.8389073062334326,25,20,20
33,4063,0.0795868844437026,5.943749306495013e-09,0.08150580337178846,0.8389073062407604,25,20,20
33,4064,0.0795869420642667,8.377227767129895e-09,0.08150574664555292,0.8389073029129536,25,20,20
33,4065,0.07958694206426749,8.377227842362982e-09,0.08151235241132829,0.8389006971471774,25,20,20
33,4066,0.0795869420642675,8.377227844981083e-09,0.08151463056085678,0.8388984189976489,25,20,20
33,4067,0.07958694206427064,8.377227919577467e-09,0.08169251110041538,0.8387205384580869,25,20,20
33,4068,0.07958694206427377,8.377472575757627e-09,0.08169451373444109,0.8387185358238134,25,20,20
33,4069,0.07958694205391569,8.377228517215196e-09,0.08160175174067591,0.8388112978281806,25,20,20
33,4070,0.07958694205391888,8.3774725731397e-09,0.0816922360211359,0.8387208135474734,25,20,20
33,4071,0.07958694205405066,8.377649570301167e-09,0.09275005358693379,0.8276629959813667,25,20,20
33,4072,0.0795869420540499,8.377649496342839e-09,0.09275018115802894,0.8276628684102724,25,20,20
33,4073,0.07958694205405276,8.389964735735302e-09,0.09703594556786836,0.8233771039881148,25,20,20
33,4074,0.0795869420542349,8.389969102498854e-09,0.09703765804532591,0.8233753915104708,25,20,20
33,4075,0.0795869420542349,8.389964886136115e-09,0.0970422388622014,0.8233708106935995,25,20,20
33,4076,0.07958694205423171,8.38972022736038e-09,0.0970356148522371,0.8233774347038115,25,20,20
33,4077,0.07958694205405598,8.389720227033759e-09,0.09703860685226927,0.8233744427039552,25,20,20
33,4078,0.0795869420540528,8.38972440334242e-09,0.09723220654881017,0.8231808430074133,25,20,20
33,4079,0.07958694205405599,8.38972447733638e-09,0.09723220902843613,0.8231808405277841,25,20,20
33,4080,0.07958694205405914,8.3897244033651e-09,0.09723233146382285,0.8231807180923941,25,20,20
33,4081,0.07958694205405907,8.389720185855472e-09,0.09723075298830082,0.8231822965679203,25,20,20
33,4082,0.07958694205401386,7.60173405933869e-09,0.09690571356430681,0.8235073367799457,25,20,20
33,4083,0.073755053338658,2.447863541284432e-09,0.10273900795672528,0.8235059362567537,25,20,20
33,4084,0.073755053338658,2.4478634673219426e-09,0.10273430812130481,0.8235106360921743,25,20,20
33,4085,0.07375505333883808,2.4360330620349668e-09,0.09808280968589056,0.8281621345392389,25,20,20
33,4086,0.06769830953438241,1.1024306555962183e-08,0.10413952335961923,0.8281621560816922,25,20,20
33,4087,0.06769830953438243,1.1024306483289142e-08,0.10413952205965785,0.8281621573816537,25,20,20
33,4088,0.06769830953442482,1.1024306557279743e-08,0.10413955557089163,0.8281621238703774,25,20,20
33,4089,0.03381137097772569,1.1031723368593398e-08,0.1380264894326184,0.8281621285579328,25,20,20
33,4090,0.033811370959281176,1.103175638376311e-08,0.13793177989434058,0.8282568381146228,25,20,20
33,4091,0.033811370959456875,1.1031752019944158e-08,0.13793727596558428,0.8282513420432076,25,20,20
33,4092,0.033811370959277165,1.1031507550308608e-08,0.13793161849504124,0.8282569995141749,25,20,20
33,4093,0.03381137095927714,1.103150755028565e-08,0.1379249649568488,0.8282636530523672,25,20,20
33,4094,0.03381137095927399,1.103150333261678e-08,0.1379263906867838,0.8282622273224394,25,20,20
33,4095,0.05412653826969768,2.1399287871492394e-08,0.11760839864590704,0.8282650416851078,25,20,20
33,4096,0.05412653826969767,2.1399287796225963e-08,0.11760693942939307,0.8282665009016219,25,20,20
33,4097,0.05412653826969767,2.139928779752426e-08,0.11760235208609268,0.8282710882449225,25,20,20
33,4098,0.05412653826969768,2.1399283435049472e-08,0.11759780202136497,0.8282756383096543,25,20,20
33,4099,0.05423259198480229,1.0056914990218072e-05,0.11743385473024551,0.8283234963699626,25,20,20
33,4100,0.05423259198725741,1.0056915057025324e-05,0.10650981559419029,0.839247535503496,25,20,20
33,4101,0.05423259198725741,1.0056915057097998e-05,0.10650978285782978,0.8392475682398565,25,20,20
33,4102,0.05414076684175864,1.4068117050359115e-06,0.10665800021929363,0.8391998261272434,25,20,20
33,4103,0.05414076684175937,1.4068255554061824e-06,0.10692528588020359,0.8389325404524824,25,20,20
33,4104,0.05414076684175618,1.4068255559426148e-06,0.10683735894622175,0.8390204673864667,25,20,20
33,4105,0.05414076685204149,1.406826040552466e-06,0.107208876687009,0.8386489496349095,25,20,20
33,4106,0.05414076684945777,1.4068397360507724e-06,0.10708730536101413,0.8387705209497927,25,20,20
33,4107,0.04970362654543999,1.4094549081794007e-06,0.1115234381123618,0.8387715258872904,25,20,20
33,4108,0.04970362654543999,1.4094549081781032e-06,0.11152802716155696,0.8387669368380953,25,20,20
33,4109,0.04970362654543922,1.4094410578830975e-06,0.11126285749311232,0.8390321065203911,25,20,20
33,4110,0.04970362654544234,1.4094410621456887e-06,0.11152448964416843,0.8387704743693274,25,20,20
33,4111,0.04970362654773453,1.409453587894995e-06,0.11582610580131393,0.834468858197364,25,20,20
33,4112,0.04970362654773453,1.4094535878975912e-06,0.11582606472183425,0.8344688992768439,25,20,20
33,4113,0.04970362654773453,1.4094535878949728e-06,0.11582602476049521,0.8344689392381828,25,20,20
33,4114,0.04970362654773133,1.4094535878949503e-06,0.11582602425919401,0.8344689397394872,25,20,20
33,4115,0.049703626547549236,1.409453587892355e-06,0.11581593756972981,0.8344790264291335,25,20,20
33,4116,0.049703626547552435,1.4094538367672552e-06,0.11582257160176584,0.8344723923968453,25,20,20
33,4117,0.04970362654773452,1.4094677759973232e-06,0.11583481008732374,0.8344601538971661,25,20,20
33,4118,0.04970362654773373,1.4094677760686722e-06,0.11583693499015613,0.8344580289943343,25,20,20
33,4119,0.06038768903343234,1.3982674913188142e-06,0.10515391018439599,0.8344570025146806,25,20,20
33,4120,0.06038768903343241,1.3982674956086478e-06,0.10515853324646311,0.8344523794526091,25,20,20
33,4121,0.06038768903602426,1.3982538051744624e-06,0.10515387246921543,0.8344570402409555,25,20,20
33,4122,0.060387689025738996,1.3982533205659123e-06,0.10478084698067203,0.8348300657402687,25,20,20
33,4123,0.06038768902578452,1.398253324931517e-06,0.10478108243527857,0.8348298302856122,25,20,20
33,4124,0.060387689025783724,1.3982533248561924e-06,0.10477447400549397,0.8348364387153977,25,20,20
33,4125,0.06038771447008065,1.4324362678471653e-06,0.07470759641762865,0.8649032566760227,25,20,20
33,4126,0.06038771447007747,1.4324362635093141e-06,0.07444126299021783,0.8651695901034411,25,20,20
33,4127,0.060387714470080664,1.4324362677239017e-06,0.07444585129469412,0.8651650017989574,25,20,20
33,4128,0.060387714470035075,1.4324362675733043e-06,0.0744435405730438,0.8651673125206536,25,20,20
33,4129,0.06038771447003513,1.4324362675733045e-06,0.07444354189372823,0.8651673111999691,25,20,20
33,4130,0.060373519339177506,4.460608797995033e-08,0.07445924079891386,0.8651671952558204,25,20,20
33,4131,0.0603929733832815,0.0029547659707763476,0.07148072822103421,0.8651715324249077,25,20,20
33,4132,0.0603929733832815,0.0029547659707763485,0.071476139171839,0.865176121474103,25,20,20
33,4133,0.06039297338328223,0.0029547659707764243,0.0714715580906597,0.8651807025552815,25,20,20
33,4134,0.06039297338328297,0.0029547659707807156,0.07147617920606243,0.8651760814398738,25,20,20
33,4135,0.06039297338328299,0.0029547659707850086,0.07147629967112025,0.8651759609748116,25,20,20
33,4136,0.06039297338328635,0.002954765970787958,0.07772577315790531,0.8589264874880201,25,20,20
33,4137,0.0603929733806913,0.0029547659705390895,0.07771973385378311,0.8589325267949864,25,20,20
33,4138,0.0603929733806913,0.0029547659705390895,0.07771753875970601,0.8589347218890636,25,20,20
33,4139,0.06039294793461454,0.002954731787566778,0.06788554432646746,0.8687667759513512,25,20,20
33,4140,0.06039294793720898,0.002954731787566778,0.06788560504703153,0.8687667152281928,25,20,20
33,4141,0.060392947937028846,0.002954731787570994,0.06762548929523843,0.8690268309801614,25,20,20
33,4142,0.0603929479370257,0.0029547317875752844,0.06763193196988124,0.8690203883055178,25,20,20
33,4143,0.06039294794720171,0.0029547317736402616,0.06771239097203666,0.8689399293071212,25,20,20
33,4144,0.06039294794728636,0.0029547317985533094,0.106444543897064,0.8302077763570962,25,20,20
33,4145,0.06039295119148006,0.0029547361302298364,0.10764318099743156,0.8290091316808583,25,20,20
33,4146,0.060392956913437136,0.0029547326332653363,0.10771066754893022,0.828941642904367,25,20,20
33,4147,0.060392956913437136,0.002954732633261044,0.1077040895055246,0.8289482209477772,25,20,20
33,4148,0.060392948267164105,0.0029547343667866393,0.10770409224884116,0.8289482251172079,25,20,20
33,4149,0.060392954366464996,0.0029547349514732995,0.11876835303601448,0.8178839576460472,25,20,20
33,4150,0.060392954366465065,0.0029547349514775913,0.11876854772203291,0.8178837629600243,25,20,20
33,4151,0.060392954366465135,0.0029547349514818804,0.11877503978081334,0.8178772709012396,25,20,20
33,4152,0.06039295436646512,0.002954734951481878,0.11877507247187885,0.817877238210174,25,20,20
33,4153,0.06039295436646832,0.002954734951481955,0.11877658169547167,0.8178757289865779,25,20,20
33,4154,0.06039295436653982,0.002954734951477727,0.1259384598402222,0.81071385084176,25,20,20
33,4155,0.06039295436412502,0.002954734951719955,0.12630681774060432,0.8103454929435504,25,20,20
33,4156,0.06039295436412502,0.002954734951720029,0.12630527933702254,0.8103470313471323,25,20,20
33,4157,0.060392954364121836,0.0029547349517242433,0.126310262162163,0.8103420485219908,25,20,20
33,4158,0.06039295436412262,0.002954734951968751,0.12631468742885546,0.810337623255053,25,20,20
33,4159,0.060392954366537396,0.002954734951971044,0.12594645200455745,0.810705858676934,25,20,20
33,4160,0.06039295436649187,0.002954734951966679,0.12595091634564984,0.8107013943358915,25,20,20
33,4161,0.06039295436648867,0.0029547349517178045,0.1259442809262777,0.8107080297555156,25,20,20
33,4162,0.060392954375368096,0.0029547349517178062,0.1317338968339086,0.8049184138390052,25,20,20
33,4163,0.06039295437277373,0.0029547349517161773,0.13199536219597752,0.8046569484795324,25,20,20
33,4164,0.06039295437277367,0.002954734951711889,0.13198875906753282,0.8046635516079814,25,20,20
33,4165,0.060392954372774456,0.0029547349519521947,0.13198698807056142,0.8046653226047117,25,20,20
33,4166,0.05435562902366049,0.0029547349514734327,0.13802431342132246,0.8046653226035438,25,20,20
33,4167,0.054355629023659695,0.0029547349512288367,0.13801947862568276,0.8046701573994288,25,20,20
33,4168,0.054355629023659674,0.002954734950984242,0.13801475757463144,0.8046748784507247,25,20,20
33,4169,0.05435562902384136,0.0029547357437837234,0.1381145774829051,0.8045750577494699,25,20,20
33,4170,0.05435562902384136,0.0029547357437837963,0.13811457752262654,0.8045750577097484,25,20,20
33,4171,0.05435562902376752,0.002954735743783884,0.13095031352888808,0.8117393217035606,25,20,20
33,4172,0.05435562902381305,0.002954735744028379,0.13095451650723292,0.8117351187249257,25,20,20
33,4173,0.054355629023812996,0.0029547357440284543,0.13095457111100098,0.8117350641211576,25,20,20
33,4174,0.054355629023812996,0.002954735744028454,0.13095457183176962,0.811735063400389,25,20,20
33,4175,0.05435562961377785,0.002954735744028519,0.13107390657779833,0.8116157280643954,25,20,20
33,4176,0.0543556290238122,0.0029547357440241643,0.13094792865439625,0.8117417065777676,25,20,20
33,4177,0.05435562902381145,0.002954735744019799,0.13094788810010977,0.811741747132059,25,20,20
33,4178,0.054362021631774164,3.5437624151841676e-08,0.11529945066527315,0.8303384922653284,25,20,20
33,4179,0.054335670555967816,1.5167246483743036e-08,0.09418236277279736,0.8514819515039883,25,20,20
33,4180,0.054335670555967816,1.516724648242293e-08,0.094182360775343,0.8514819535014427,25,20,20
33,4181,0.05433567055596823,1.437469164584529e-08,0.09409133126351961,0.8515729838058206,25,20,20
33,4182,0.05433567055596829,1.4374691647165391e-08,0.09409141376546948,0.8515729013038706,25,20,20
33,4183,0.05435074173065793,1.1789233278037473e-08,0.09406969373480457,0.851579552745304,25,20,20
33,4184,0.054350741730657924,1.1789229061683319e-08,0.09407419882637116,0.8515750476537414,25,20,20
33,4185,0.05306788580300231,1.1859490726718681e-08,0.09535703486696295,0.8515750674705437,25,20,20
33,4186,0.07213470629742334,1.8417469531688415e-09,0.07628758586745249,0.8515777059933767,25,20,20
33,4187,0.07213470630775873,1.8415109666779227e-09,0.07628352554647307,0.8515817663042567,25,20,20
33,4188,0.07213470630775871,1.8415109640137356e-09,0.07628352276694592,0.8515817690837838,25,20,20
33,4189,0.07213470630775552,1.8415067468314036e-09,0.0762789344823152,0.851586357368422,25,20,20
33,4190,0.07213470629739822,1.8554431885682071e-09,0.07619439979894728,0.8516708920482107,25,20,20
33,4191,0.07213470629739901,1.8554431898665254e-09,0.07620105020412844,0.8516642416430287,25,20,20
33,4192,0.07213470629739897,1.8554431158812605e-09,0.07619642894311428,0.8516688629040431,25,20,20
33,4193,0.07213470629739897,1.855443115927289e-09,0.0761963865501502,0.8516689052970072,25,20,20
33,4194,0.07212015651487183,2.7101424565169394e-09,0.07621759108510992,0.8516622496898749,25,20,20
33,4195,0.07125558901935798,2.3334766272048448e-07,0.07701927018441385,0.8517249074485647,25,20,20
33,4196,0.07125558901935715,2.3334741979963967e-07,0.07701925039435953,0.8517249272388626,25,20,20
33,4197,0.07125751084592018,2.3334907583611788e-07,0.07236086411496558,0.8563813916900378,25,20,20
33,4198,0.07125751084592331,2.3334908012595097e-07,0.07236548577961116,0.8563767700253848,25,20,20
33,4199,0.0712575108459232,2.3334908018924892e-07,0.0786087051397461,0.85013355066525,25,20,20
33,4200,0.07907618151967796,2.6402970330411066e-09,0.07085294190229764,0.8500708739377267,25,20,20
33,4201,0.07907618151079854,2.640297031836304e-09,0.06506321154971151,0.8558606042991923,25,20,20
33,4202,0.07331945400598713,2.6426403879783972e-09,0.07075317324777523,0.8559273701035967,25,20,20
33,4203,0.07331945400598712,2.6426403140067097e-09,0.0707577591950332,0.8559227841563387,25,20,20
33,4204,0.07331945400580504,2.642395745255373e-09,0.07074888539539426,0.8559316579564045,25,20,20
33,4205,0.07331945400580504,2.642395745255373e-09,0.07074888539539428,0.8559316579564044,25,20,20
33,4206,0.0733194540058051,2.642395745301307e-09,0.07074891325961376,0.8559316300921848,25,20,20
33,4207,0.07331945400580589,2.6424001117371092e-09,0.07075361882499825,0.8559269245267952,25,20,20
33,4208,0.07331945400580589,2.6424001129887555e-09,0.07075829385986242,0.855922249491931,25,20,20
33,4209,0.07331945400580257,2.642392947363876e-09,0.0645088147674804,0.8621717285843237,25,20,20
33,4210,0.07331945400580571,2.6423930226553286e-09,0.06450419578810797,0.8621763475636928,25,20,20
33,4211,0.07331945400580579,2.6423973890693544e-09,0.06450889833879644,0.8621716450129999,25,20,20
33,4212,0.07331945400580579,2.642397315097951e-09,0.06451542229723511,0.8621651210545612,25,20,20
33,4213,0.07331945400580907,2.642397319082263e-09,0.06451550412187738,0.8621650392299156,25,20,20
33,4214,0.0733194540058546,2.642401684451006e-09,0.06451320486087382,0.8621673384908692,25,20,20
33,4215,0.07331945400585456,2.6424060495443423e-09,0.06451782650823872,0.8621627168435002,25,20,20
33,4216,0.07331945399547364,2.642397467267023e-09,0.06451298402775303,0.8621675593343754,25,20,20
33,4217,0.07197460565739655,2.384945296020846e-07,0.06586026724894521,0.8621648885991283,25,20,20
33,4218,0.07197460565739729,2.3849452531225956e-07,0.06585568259787121,0.8621694732502057,25,20,20
33,4219,0.07197460565739729,2.3849452531225956e-07,0.06585568259787121,0.8621694732502057,25,20,20
33,4220,0.07197460565998438,2.3849476921656414e-07,0.06598572235196225,0.8620394334932837,25,20,20
33,4221,0.0719746056599852,2.3849476929058074e-07,0.0659857844111668,0.8620393714340783,25,20,20
33,4222,0.07197460565998517,2.3849476921526575e-07,0.06598586783896457,0.8620392880062806,25,20,20
33,4223,0.0719745883136651,2.3769119659403517e-07,0.06573043111927997,0.8622947428758581,25,20,20
33,4224,0.07197458832404383,2.3769119666928925e-07,0.06574048916495187,0.8622846848198074,25,20,20
33,4225,0.0719745883240893,2.3769119666928528e-07,0.06574277532488408,0.8622823986598297,25,20,20
33,4226,0.0719745883215022,2.376909528389518e-07,0.06561284945851617,0.8624123245290285,25,20,20
33,4227,0.07197458833185323,2.3769095711883116e-07,0.06573268588104969,0.8622924880961397,25,20,20
33,4228,0.07197458832151882,2.376909612199071e-07,0.06609564286151104,0.8619295311260086,25,20,20
33,4229,0.07197458831116857,2.376909568660564e-07,0.06598229756550145,0.8620428764323728,25,20,20
33,4230,0.07197458831112354,2.3769095690604918e-07,0.06560933664949316,0.8624158373484261,25,20,20
33,4231,0.07251580970445015,2.3733212299994944e-07,0.06507357319451029,0.8624103797689163,25,20,20
33,4232,0.07251580970445015,2.3733211873738657e-07,0.06480951839554959,0.8626744345678813,25,20,20
33,4233,0.07251580970444937,2.3733187422910194e-07,0.06480941815677325,0.862674534806903,25,20,20
33,4234,0.07251580970445015,2.3733187851874977e-07,0.06480945623284919,0.8626744967308221,25,20,20
33,4235,0.07251580970444696,2.3733187430287915e-07,0.06480945389912861,0.86267449906455,25,20,20
33,4236,0.07251580970444606,2.3733187422757194e-07,0.06480721861003186,0.862676734353648,25,20,20
33,4237,0.07251580970444525,2.3733186993662659e-07,0.0648006899685564,0.8626832629951285,25,20,20
33,4238,0.07251580970444525,2.3733186986263175e-07,0.06480065130530137,0.8626833016583837,25,20,20
33,4239,0.04010981522214782,3.1480254896167613e-09,0.09725813814705857,0.8626320434827681,25,20,20
33,4240,0.04010981522214708,3.1340891315141793e-09,0.0972521723286966,0.8626380093150672,25,20,20
33,4241,0.04010981522214709,3.134089206783504e-09,0.09725225341011251,0.8626379282336513,25,20,20
33,4242,0.04010981522214951,3.1340892820757105e-09,0.09724578942102927,0.8626443922227319,25,20,20
33,4243,0.04010981522474489,3.1340936474636833e-09,0.09724810484950336,0.862642076791658,25,20,20
33,4244,0.04010981522729431,3.134089282141137e-09,0.09725499118954058,0.8626351904490758,25,20,20
33,4245,0.0011533621485657751,1.7120368121820132e-06,0.13597756778709072,0.8628673580275311,25,20,20
33,4246,0.0011533621485657185,1.7120368078153565e-06,0.13597528832302208,0.8628696374916042,25,20,20
33,4247,0.0011533621485625089,1.7120368079619307e-06,0.13598181268067722,0.862863113133952,25,20,20
33,4248,0.0011533621459703177,1.7120368036718344e-06,0.13597946728803598,0.8628654585291899,25,20,20
33,4249,0.02299655226793154,1.7111742874498253e-06,0.11413627799971486,0.862865458558067,25,20,20
33,4250,0.022996552267928343,1.711174287373214e-06,0.11413642406547762,0.8628653124923075,25,20,20
33,4251,0.02290693054342453,3.2408108420708315e-09,0.11445235022983628,0.8626407159859292,25,20,20
33,4252,0.03971935297639381,3.2469601744804315e-09,0.09763983402906433,0.8626408097475823,25,20,20
33,4253,0.03496151524167001,1.1943440457021588e-08,0.10239775613366127,0.8626407166812288,25,20,20
33,4254,0.0349615152416708,1.1943444674565463e-08,0.1023928128690892,0.862645659945796,25,20,20
33,4255,0.03496151524167074,1.19434445253499e-08,0.10238628912506485,0.8626521836898204,25,20,20
33,4256,0.034961515241625205,1.1943444524010185e-08,0.10238400338218867,0.8626544694327422,25,20,20
33,4257,0.034018059763078465,1.0983314117832484e-08,0.1033348922022466,0.8626470370513615,25,20,20
33,4258,0.034018059763078534,1.0997127566724648e-08,0.10370795907001121,0.8622739701697831,25,20,20
33,4259,0.034018059763078465,1.0983314043883446e-08,0.10334141392205907,0.8626405153315488,25,20,20
33,4260,0.034018053663960136,1.0398391353845275e-08,0.09236502770193003,0.8736169082357188,25,20,20
33,4261,0.03476486900317636,2.0628735998392843e-07,0.09161800007859618,0.8736169246308678,25,20,20
33,4262,0.03483372520677532,2.0627824953443395e-07,0.09154928257330575,0.8736167859416697,25,20,20
33,4263,0.03483372520677533,2.0627824960969423e-07,0.09154737963289197,0.8736186888820835,25,20,20
33,4264,0.03483372520677453,2.0627824531819148e-07,0.09154572006676737,0.8736203484482132,25,20,20
33,4265,0.03483372520677374,2.0627824524455949e-07,0.09154263935733102,0.8736234291576505,25,20,20
33,4266,0.034833725353193755,2.0629204494647417e-07,0.09195510934669372,0.8732109590080681,25,20,20
33,4267,0.03483372535319694,2.0629204494622663e-07,0.09208454859255098,0.8730815197622077,25,20,20
33,4268,0.03483372535319774,2.0629204494752838e-07,0.09208242630962057,0.8730836420451372,25,20,20
33,4269,0.03483372535324327,2.06292289468518e-07,0.09208255998699802,0.8730835083674698,25,20,20
33,4270,0.034833725353243326,2.062922894711818e-07,0.09208244505283159,0.8730836233016361,25,20,20
33,4271,0.03483372520682333,2.0627848969661564e-07,0.09167646398716293,0.8734896045275247,25,20,20
33,4272,0.03483403792707343,2.046207745678222e-07,0.09168876475801464,0.8734769926941377,25,20,20
33,4273,0.03483403792707342,2.0462077027506315e-07,0.09168714271124859,0.873478614740908,25,20,20
33,4274,0.034772966170314695,2.1979068018701613e-07,0.09174421414106064,0.8734825998979453,25,20,20
33,4275,0.03999714591769885,2.0362085889498115e-08,0.0865202259047426,0.8734826078154738,25,20,20
33,4276,0.0399971459176989,2.036208589079665e-08,0.08652030688135955,0.8734825268388567,25,20,20
33,4277,0.039997145917698894,2.0362081525703316e-08,0.0865156047294991,0.8734872289907216,25,20,20
33,4278,0.03999714591769649,2.0375992936543823e-08,0.08660785468990455,0.873394979016407,25,20,20
33,4279,0.056497837800046094,5.358515031666779e-09,0.07011116225678432,0.8733909945846544,25,20,20
33,4280,0.05649783780004689,5.358515105629118e-09,0.07011574926543682,0.8733864075760011,25,20,20
33,4281,0.05649783780004371,5.358519282199674e-09,0.07035933083763718,0.8731428260037996,25,20,20
33,4282,0.07382602502574531,5.210149293293842e-09,0.05303114410795376,0.8731428256561513,25,20,20
33,4283,0.07449695120013279,2.9540401526251465e-05,0.05226106995103419,0.8732124384473064,25,20,20
33,4284,0.07449695120013597,2.9540415465478916e-05,0.05227327359005,0.8732002347943484,25,20,20
33,4285,0.07449695120013534,2.9540415465489586e-05,0.04602348548179679,0.8794500229026021,25,20,20
33,4286,0.07449695120013461,2.9540415469705448e-05,0.046028033754609836,0.8794454746297856,25,20,20
33,4287,0.07681706099405662,4.989167682047645e-08,0.04380123277973056,0.8793816563345357,25,20,20
33,4288,0.07681706099405262,4.9877737517757754e-08,0.04378891232587187,0.8793939768023378,25,20,20
33,4289,0.07681706099663954,4.98777333016891e-08,0.04391643631487249,0.8792664528107546,25,20,20
33,4290,0.07370945677477458,5.210651771729902e-09,0.04703010561439057,0.8792604324001829,25,20,20
33,4291,0.07370945677477458,5.210651770432169e-09,0.04703002513904196,0.8792605128755315,25,20,20
33,4292,0.07726272304065261,5.195693036235928e-09,0.04347675673271035,0.8792605150309437,25,20,20
33,4293,0.07726272304065261,5.195697391766702e-09,0.04356904908058129,0.8791682226830686,25,20,20
33,4294,0.07726272304065261,5.195697390468966e-09,0.04356904709322537,0.8791682246704247,25,20,20
33,4295,0.07726272304065261,5.195697464464087e-09,0.04356255794461494,0.879174713819035,25,20,20
33,4296,0.07726272305103304,5.195942086044343e-09,0.04319616084340194,0.879541110909623,25,20,20
33,4297,0.07726272305098751,5.195697489794498e-09,0.043191325908737956,0.8795459458445769,25,20,20
33,4298,0.07726272304840061,5.195697563625049e-09,0.04315139208946603,0.8795858796664358,25,20,20
33,4299,0.07711673503827803,3.421140981964923e-11,0.043297410294004184,0.8795858546335065,25,20,20
33,4300,0.0771167350382781,3.421156001035883e-11,0.04338970459126768,0.8794935603362427,25,20,20
33,4301,0.0771167350382781,3.421155871181717e-11,0.0433897060897934,0.8794935588377171,25,20,20
33,4302,0.07711673503827815,3.421156130728884e-11,0.043389708087944706,0.8794935568395656,25,20,20
33,4303,0.07730872006726455,5.201706955096254e-09,0.04319771745919535,0.8794935572718332,25,20,20
33,4304,0.07730872006467279,5.201707104290503e-09,0.04318857310178676,0.8795027016318333,25,20,20
33,4305,0.07379079476617019,5.461645174706968e-09,0.04670650027366281,0.8795026994985217,25,20,20
33,4306,0.0737907947661734,5.461649391061286e-09,0.046701995710174186,0.879507204062003,25,20,20
33,4307,0.07379079476617019,5.461649240523262e-09,0.0467018517425152,0.8795073480296653,25,20,20
33,4308,0.0737907947662153,5.46165349085147e-09,0.047074969400636976,0.8791342303714943,25,20,20
33,4309,0.07379079477659578,5.461653415605161e-09,0.04708158325128495,0.8791276165104659,25,20,20
33,4310,0.07379079477659573,5.461657631727204e-09,0.047083779710940916,0.879125420050806,25,20,20
33,4311,0.07379079477659573,5.4616576330471505e-09,0.04708836508585059,0.8791208346758963,25,20,20
33,4312,0.07379079477659892,5.461657623161773e-09,0.04718069536835883,0.879028504393385,25,20,20
33,4313,0.07379079477659845,5.4616533508694966e-09,0.04709271817428932,0.8791164815874591,25,20,20
33,4314,0.07379079477659845,5.461653352167229e-09,0.047092798649637925,0.8791164011121105,25,20,20
33,4315,0.0737907947765992,5.475592653588587e-09,0.047105116768269,0.8791040829795395,25,20,20
33,4316,0.07379079477660237,5.475588298057666e-09,0.047017620707591155,0.8791915790402186,25,20,20
33,4317,0.07379079477660239,5.475588299377866e-09,0.04701757962335812,0.8791916201244517,25,20,20
33,4318,0.07379079477660234,5.475588298079327e-09,0.04701757911197163,0.8791916206358381,25,20,20
33,4319,0.07379079478695977,5.461653278407239e-09,0.04709756846737394,0.8791116312840134,25,20,20
33,4320,0.07379079477660155,5.461649070629152e-09,0.047005340662334395,0.8792038590994153,25,20,20
33,4321,0.07379079477692564,5.554395118079953e-09,0.08233722197794678,0.8438719776907323,25,20,20
33,4322,0.07379079558939146,5.4616687409985484e-09,0.08693758674885817,0.8392716122000812,25,20,20
33,4323,0.07378887376053622,5.447482629042836e-09,0.08692125355120274,0.839289867240778,25,20,20
33,4324,0.07378887376053304,5.4474827782657094e-09,0.08692115714024132,0.8392899636517426,25,20,20
33,4325,0.07378887376053303,5.447482778253217e-09,0.08692767881563725,0.8392834419763466,25,20,20
33,4326,0.07378887376053304,5.4474828534874935e-09,0.08693428304385786,0.8392768377481259,25,20,20
33,4327,0.07378918217581953,5.447776053247878e-09,0.08700138776000804,0.839209424616396,25,20,20
33,4328,0.07376965608646797,5.65501995960717e-09,0.0866154137412019,0.83961492451731,25,20,20
33,4329,0.07376965607608754,5.654771160405666e-09,0.08660882279723817,0.8396215154719029,25,20,20
33,4330,0.07376965607608753,5.6547710098852035e-09,0.08660420196437092,0.8396261363047703,25,20,20
33,4331,0.07376965607609066,5.654775141426932e-09,0.08660421571098373,0.8396261225581502,25,20,20
33,4332,0.07376965607609065,5.654783646690566e-09,0.08661067967401065,0.8396196585951148,25,20,20
33,4333,0.07376965607609065,5.6547835701140345e-09,0.08660419135633622,0.8396261469127895,25,20,20
33,4334,0.07376965607609065,5.654783570091667e-09,0.08660418877303899,0.8396261494960862,25,20,20
33,4335,0.0737696560760907,5.654783644060516e-09,0.08660111061080959,0.8396292276583155,25,20,20
33,4336,0.07376965607608751,5.654775137453247e-09,0.08659461947506751,0.8396357187940693,25,20,20
33,4337,0.07376965607604559,5.654770888445146e-09,0.08622166366250225,0.840008674606681,25,20,20
33,4338,0.07376965607604559,5.654770889725295e-09,0.08648791579707639,0.8397424224721067,25,20,20
33,4339,0.07376965607604241,5.654766682011015e-09,0.0863969572339048,0.8398333810352859,25,20,20
33,4340,0.07376965607604243,5.654766757303561e-09,0.0863970127457035,0.8398333255234871,25,20,20
33,4341,0.07376965607622454,5.655011353576468e-09,0.08640173182478,0.8398286064439838,25,20,20
33,4342,0.07372461775757966,6.639777035215014e-10,0.08644672720406758,0.8398286543743753,25,20,20
33,4343,0.07372461775758046,6.639734886851078e-10,0.0864510552855205,0.8398243262929259,25,20,20
33,4344,0.07432476977108068,2.5816856047253687e-07,0.08625614493988194,0.8394188271204766,25,20,20
33,4345,0.07432476977108074,2.581685606220948e-07,0.08652247813152643,0.8391524939288324,25,20,20
33,4346,0.07432476977089861,2.5816831602716516e-07,0.08651775774384231,0.8391572143169432,25,20,20
33,4347,0.07432476977076209,2.581683118865755e-07,0.08651318002702238,0.8391617920339038,25,20,20
33,4348,0.07432476977076212,2.581683118891714e-07,0.0865131807400933,0.8391617913208329,25,20,20
33,4349,0.07432476977075898,2.5816855639737825e-07,0.08651831679328591,0.8391566552673987,25,20,20
33,4350,0.07432476977075966,2.5816855645830284e-07,0.09250157668714408,0.8331733953735398,25,20,20
33,4351,0.07432476977075966,2.581685564596006e-07,0.09250157811928536,0.8331733939413987,25,20,20
33,4352,0.07432476977075965,2.581685563843899e-07,0.0924949738246963,0.8331799982359879,25,20,20
33,4353,0.07432476978114128,2.5816856070700247e-07,0.09249009635070114,0.8331848756995971,25,20,20
33,4354,0.0804546557438126,2.581835060315463e-07,0.0863602089900974,0.8331848770825843,25,20,20
33,4355,0.08045465574381254,2.5818350603153653e-07,0.08636519009524855,0.8331798959774332,25,20,20
33,4356,0.0804546557438157,2.5818374844745695e-07,0.08673831056060853,0.8328067755118276,25,20,20
33,4357,0.0804546557438165,2.5818375273859135e-07,0.08673640997411307,0.832808676098318,25,20,20
33,4358,0.08045465574638776,2.581837569894515e-07,0.08711037536525616,0.8324347107045992,25,20,20
33,4359,0.08045465574638776,2.581837569141826e-07,0.08711026007881804,0.8324348259910372,25,20,20
33,4360,0.08072921234353497,6.652094240000856e-10,0.08683596175012846,0.8324348252411272,25,20,20
33,4361,0.0807292123437154,6.654559387859718e-10,0.08720970289875032,0.8320610840920782,25,20,20
33,4362,0.0807292123437178,6.654516476555278e-10,0.0872097014516798,0.8320610855391507,25,20,20
33,4363,0.08072921234372099,6.654517228929448e-10,0.08721443150329503,0.8320563554875323,25,20,20
33,4364,0.0807292123437178,6.654516489301011e-10,0.0872097820301717,0.8320610049606588,25,20,20
33,4365,0.08072921234353736,6.652050614475528e-10,0.08683601382944792,0.8324347731618098,25,20,20
33,4366,0.08072921234353422,6.652008549840355e-10,0.08674378885416571,0.8325269981370995,25,20,20
33,4367,0.08072921234353503,6.652008562813668e-10,0.08674393836319001,0.8325268486280745,25,20,20
33,4368,0.08072921234357489,6.654169116438805e-10,0.0913986281620914,0.827872158828917,25,20,20
33,4369,0.08072921235384528,6.654210253987283e-10,0.09166567461035958,0.8276051123703744,25,20,20
33,4370,0.0807292123435293,6.654168363512318e-10,0.09139855609892102,0.827872230892133,25,20,20
33,4371,0.0807292123435293,6.654168337789183e-10,0.09139847504610887,0.8278723119449451,25,20,20
33,4372,0.0807292123435293,6.654167585332261e-10,0.09139838763173509,0.8278723993593189,25,20,20
33,4373,0.0807292123435318,6.654209861619819e-10,0.08515349871896599,0.8341172882720813,25,20,20
33,4374,0.08072921234371391,6.793617106811644e-10,0.08516166219776233,0.8341091247791621,25,20,20
33,4375,0.08072921233333423,6.793660760519958e-10,0.08515667626503454,0.8341141107222653,25,20,20
33,4376,0.08072921233333342,6.793617106126644e-10,0.08515504717939198,0.834115739807913,25,20,20
33,4377,0.08072921233315132,6.654252019552421e-10,0.08515150474922108,0.8341192822522026,25,20,20
33,4378,0.08072921233314811,6.654252759175746e-10,0.08515604276362496,0.8341147442378016,25,20,20
33,4379,0.07552069954732804,2.0936206782000706e-07,0.0903643768843229,0.8341147142062811,25,20,20
33,4380,0.07552069954475676,2.0936206356787223e-07,0.0899904525863844,0.8344886385067951,25,20,20
33,4381,0.07552069954475676,2.0936205942727872e-07,0.08998586573468857,0.8344932253584951,25,20,20
33,4382,0.061651429989220026,2.2261723722554306e-07,0.10385151866089196,0.8344968287326509,25,20,20
33,4383,0.06165142998921688,2.2261699481092035e-07,0.10348001765867222,0.8348683297351162,25,20,20
33,4384,0.06165143055718013,2.226169989297451e-07,0.10508829514580459,0.8332600516800163,25,20,20
33,4385,0.06165143055718327,2.2261699878280507e-07,0.10482212577282893,0.8335262210529889,25,20,20
33,4386,0.06165143055736372,2.226172453770579e-07,0.1051952479962352,0.8331530988291557,25,20,20
33,4387,0.06165143055736373,2.2261724537573437e-07,0.10519715096697194,0.833151195858419,25,20,20
33,4388,0.061651430566317306,2.2261724544065632e-07,0.11071182384194903,0.8276365229744882,25,20,20
33,4389,0.06165143056774376,2.226172539598472e-07,0.10520542310300125,0.8331429237120012,25,20,20
33,4390,0.06165143056774376,2.226172538858764e-07,0.10520542176982717,0.8331429250451753,25,20,20
33,4391,0.06165143056774298,2.2261725388459066e-07,0.10519895724079267,0.8331493895742105,25,20,20
33,4392,0.06165143055736129,2.226170049810542e-07,0.10520373523292081,0.8331446115927129,25,20,20
33,4393,0.06165143055740639,2.2263080475443838e-07,0.10560971524652979,0.8327386315652591,25,20,20
33,4394,0.061651430557405594,2.2261689334230054e-07,0.10551746384676372,0.8328308829789374,25,20,20
33,4395,0.061651430557363336,2.226166815026045e-07,0.1008646778241584,0.8374836690017967,25,20,20
33,4396,0.06165143055718371,2.2261643491097057e-07,0.100493835303427,0.8378545115229543,25,20,20
33,4397,0.06165143055718369,2.2261643483697676e-07,0.10049369418555595,0.8378546526408256,25,20,20
33,4398,0.061651430557180496,2.22616434835679e-07,0.10049353236434193,0.8378548144620429,25,20,20
33,4399,0.061651429989220435,2.22616435006688e-07,0.09888833816736099,0.8394600092269837,25,20,20
33,4400,0.06165142998922045,2.2261643507865866e-07,0.09926141297271997,0.8390869344216246,25,20,20
33,4401,0.061651429989220484,2.2261643508065909e-07,0.09888843027565189,0.8394599171186927,25,20,20
33,4402,0.06165142998921974,2.226164308649926e-07,0.09888652610474054,0.8394618212896091,25,20,20
33,4403,0.061651429989219755,2.2261643079099823e-07,0.09888655951385043,0.8394617878804992,25,20,20
33,4404,0.061651429989220505,2.2261643071737448e-07,0.09879442107130862,0.8395539263230403,25,20,20
33,4405,0.06165142999181482,2.2261667537358674e-07,0.0988008978005398,0.8395474495909702,25,20,20
33,4406,0.061651429991814805,2.2261667537486687e-07,0.09906711451429602,0.8392812328772139,25,20,20
33,4407,0.061651429991811654,2.2261667530089578e-07,0.09906711308645694,0.8392812343050562,25,20,20
33,4408,0.06165142999181171,2.22616675376187e-07,0.09906711450417445,0.8392812328873386,25,20,20
33,4409,0.061651429991811654,2.226166753761866e-07,0.09906714719353346,0.8392812001979796,25,20,20
33,4410,0.061651429991811654,2.2261667530089493e-07,0.09906714659430926,0.8392812007972039,25,20,20
33,4411,0.06165142999181164,2.2261667100846648e-07,0.09906244303228101,0.8392859043592361,25,20,20
33,4412,0.029558204137324916,0.00021596474251417403,0.13093901071297465,0.8392868204071858,25,20,20
33,4413,0.029558204137327255,0.00021596474275869238,0.13093914356384517,0.8392866875560684,25,20,20
33,4414,0.029558204137327307,0.0002159647427587676,0.1309437643850671,0.8392820667348461,25,20,20
33,4415,0.029558204137327307,0.00021596474275884154,0.13094384544128626,0.8392819856786269,25,20,20
33,4416,0.029558204137327362,0.00021596474300183456,0.1309438647626094,0.8392819663570608,25,20,20
33,4417,0.02955820413750589,0.00021596474299761726,0.13103146282431666,0.8391943682951793,25,20,20
33,4418,0.02955820413746077,0.00021596472919784254,0.13061899168533966,0.8396068394480012,25,20,20
33,4419,0.029558204137460714,0.0002159647291977686,0.13061440429286336,0.8396114268404777,25,20,20
33,4420,0.028667644127337785,0.00021596428512165114,0.1315049646622107,0.8396114269253294,25,20,20
33,4421,0.028667644127337785,0.00021596428512165114,0.1315049312679951,0.8396114603195453,25,20,20
33,4422,0.0286676441273378,0.00021596428512172635,0.1315115354962157,0.8396048560913245,25,20,20
33,4423,0.028667644127337813,0.0002159642851218016,0.13151162294570962,0.8396047686418303,25,20,20
33,4424,0.028667644127337757,0.0002159642848788073,0.1312452724553613,0.8398711191324217,25,20,20
33,4425,0.02866764411695853,0.00021596428487029973,0.13123708337509593,0.8398793082230748,25,20,20
33,4426,0.028667644119526544,0.00021596428487462294,0.13166118039453503,0.8394552112010635,25,20,20
33,4427,0.02866764411970869,0.0002159642848789885,0.1316613770796227,0.8394550145157893,25,20,20
33,4428,0.028667644119709488,0.00021596428488327997,0.1316628867835235,0.8394535048118834,25,20,20
33,4429,0.02866764411952782,0.00021596428488320613,0.13157061298601838,0.8395457786095704,25,20,20
33,4430,0.028667644122098334,0.0002159642851255459,0.1319440244123052,0.8391723671804706,25,20,20
33,4431,0.028667644122099087,0.0002159642851255459,0.13194630965240153,0.8391700819403735,25,20,20
33,4432,0.028667644122101474,0.00021596428512976157,0.13195054793990804,0.8391658436528604,25,20,20
33,4433,0.02866764412210066,0.0002159642851298342,0.13194829669514863,0.8391680948976208,25,20,20
33,4434,0.028667644122103857,0.00021596428512983554,0.131948211795783,0.8391681797969831,25,20,20
33,4435,0.02866764412210307,0.00021596428513412534,0.1319527584707109,0.8391636331220518,25,20,20
33,4436,0.02866764412210625,0.0002159642851341254,0.1319462372218766,0.8391701543708828,25,20,20
33,4437,0.028667644122106192,0.00021596428513404877,0.1319461146909647,0.8391702769017948,25,20,20
33,4438,0.028667644121926378,0.00021596428530673488,0.1430038407332118,0.8281125508595553,25,20,20
33,4439,0.028667644121929518,0.00021596428530681013,0.14299925571175728,0.8281171358810065,25,20,20
33,4440,0.02866764412193033,0.00021596428530681024,0.14299940830099037,0.8281169832917731,25,20,20
33,4441,0.028667644121930368,0.00021596428530244383,0.14299486954466994,0.8281215220480977,25,20,20
33,4442,0.028667334985072082,0.00021596475895435883,0.14299519498306432,0.8281215052729098,25,20,20
33,4443,0.028667334985072082,0.0002159647589542836,0.1429951929702094,0.828121507285765,25,20,20
33,4444,0.02866733498525421,0.0002159647592030789,0.14300249961661493,0.8281142006389284,25,20,20
33,4445,0.028667334994412687,0.00021600472577119764,0.14771240887986345,0.8234042513999533,25,20,20
33,4446,0.028667334991820743,0.00021600472576895603,0.14807882402698058,0.8230378362554301,25,20,20
33,4447,0.028667334989252728,0.00021600472576892377,0.14766125103352015,0.8234554092514587,25,20,20
33,4448,0.028667334989252728,0.00021600472576892377,0.14766125245951398,0.8234554078254649,25,20,20
33,4449,0.02866733498907062,0.00021600472552012976,0.14765553894165268,0.8234611213437572,25,20,20
33,4450,0.02866733498907141,0.00021600472552020435,0.14802865963431155,0.8230880006510973,25,20,20
33,4451,0.028667334989068257,0.00021600472528207957,0.14766024129884367,0.8234564189868065,25,20,20
33,4452,0.028667334989068295,0.00021600473537074005,0.15871857350724916,0.8123980867683125,25,20,20
33,4453,0.028667334989068302,0.00021600472528200687,0.1476602350491073,0.8234564252365429,25,20,20
33,4454,0.028667334989068243,0.00021600472528207957,0.14766024126354668,0.8234564190221036,25,20,20
33,4455,0.02866733498906506,0.000216004725281317,0.14778492949123498,0.8233317307944192,25,20,20
33,4456,0.028667334989065076,0.00021600472528139094,0.14778709462076015,0.8233295656648939,25,20,20
33,4457,0.028667334989067417,0.00021600472504066466,0.1587159037561282,0.8124007565297643,25,20,20
33,4458,0.02866733498906668,0.00021600472504074058,0.15834938924551256,0.8127672710403806,25,20,20
33,4459,0.028667335009417504,0.0002160047248637188,0.18719501071080955,0.7839216495549094,25,20,20
33,4460,0.026099817699097024,0.0002845758182389415,0.18967148873323517,0.7839441177494286,25,20,20
33,4461,0.02610013910316733,0.000284575822001455,0.18967376236299605,0.7839415227118348,25,20,20
33,4462,0.02610013910316733,0.0002845758220015284,0.1899400665291034,0.7836752185457274,25,20,20
33,4463,0.02610013910316733,0.00028457582200145314,0.18994003313388955,0.7836752519409415,25,20,20
33,4464,0.02610013910317053,0.0002845758220016037,0.1899400679819853,0.7836752170928424,25,20,20
33,4465,0.02609995050988195,0.00028457587290830284,0.1900324200869083,0.7835830535303012,25,20,20
33,4466,0.026099950509879656,0.00028457587290519937,0.17897409064733236,0.7946413829698821,25,20,20
33,4467,0.026099950509882848,0.00028457587290527727,0.17897563227837046,0.7946398413388408,25,20,20
33,4468,0.026099950510064907,0.00028457587291370857,0.1789756357363179,0.7946398378807028,25,20,20
33,4469,0.026099950510064907,0.00028457587315746573,0.17910287919289278,0.7945125944238843,25,20,20
33,4470,0.02609995051006485,0.00028457587315739043,0.17910276531355698,0.7945127083032204,25,20,20
33,4471,0.026099950510071225,0.00028457587315731654,0.17910440128715238,0.7945110723296186,25,20,20
33,4472,0.026099950500911948,0.0002845359065849802,0.17439298374732892,0.7992225298451737,25,20,20
33,4473,0.026099950500908756,0.0002845359065849815,0.17439760203636687,0.7992179115561391,25,20,20
33,4474,0.02609995050109082,0.00028453590658919915,0.17413597467488556,0.7994795389174341,25,20,20
33,4475,0.026099950501088418,0.0002845359065934494,0.17450904916444365,0.7991064644278743,25,20,20
33,4476,0.02609995050109079,0.000284535906597731,0.1746011969799784,0.7990143166123328,25,20,20
33,4477,0.026099133489666054,0.0007804051704700929,0.17412952721784308,0.7989909341220202,25,20,20
33,4478,0.026100650046318185,0.0007804047142535685,0.17412799925654887,0.7989909459828786,25,20,20
33,4479,0.026100650046318244,0.0007804047142535673,0.17413012244260087,0.7989888227968265,25,20,20
33,4480,0.026100650046318227,0.0007804047140097362,0.17400530054001834,0.799113644699653,25,20,20
33,4481,0.0261006500463571,0.000780404727852766,0.17429054139270592,0.7988284038330835,25,20,20
33,4482,0.026100650046353965,0.0007804047278484843,0.17420294249959536,0.7989160027262013,25,20,20
33,4483,0.026100650046354024,0.0007804047278485583,0.17420294330941138,0.7989160019163853,25,20,20
33,4484,0.026100650046354038,0.0007804047278442699,0.17419634082248392,0.7989226044033171,25,20,20
33,4485,0.018766842805424414,0.0007803914537070549,0.18153376647358338,0.7989189992672857,25,20,20
33,4486,0.018766842805427557,0.000780391453707055,0.18152919966255804,0.798923566078308,25,20,20
33,4487,0.018766842805424358,0.0007803914537070563,0.18153566772355764,0.7989170980173115,25,20,20
33,4488,0.018766842805421166,0.0007803914537069056,0.18153555099433533,0.7989172147465371,25,20,20
33,4489,0.018766842805421166,0.0007803914537069056,0.1815354641555428,0.7989173015853294,25,20,20
33,4490,0.01876684280523905,0.0007803914536983247,0.18152893697823663,0.7989238287628261,25,20,20
33,4491,0.039987783841468116,0.0007803914536487756,0.16030799594177872,0.7989238287631041,25,20,20
33,4492,0.039987783841636405,0.0007803921986674051,0.16281102013262994,0.7964208038270663,25,20,20
33,4493,0.03998778384163725,0.0007803921989097436,0.16318473596175878,0.7960470879976943,25,20,20
33,4494,0.039987783841682056,0.0007803921989097823,0.16281338114522023,0.7964184428141879,25,20,20
33,4495,0.03998778384186413,0.0007803921989140736,0.16281512127247624,0.7964167026867455,25,20,20
33,4496,0.03998778384186413,0.0007803921989139996,0.16281517332441398,0.7964166506348077,25,20,20
33,4497,0.039987783841864924,0.0007803921989182908,0.1628132726986536,0.7964185512605633,25,20,20
33,4498,0.039987783841864924,0.0007803921989183647,0.162813353744775,0.7964184702144417,25,20,20
33,4499,0.039987783841864924,0.0007803921989183647,0.16281335374459743,0.7964184702146191,25,20,20
33,4500,0.039987783841738726,0.000780391453903995,0.16057504532460967,0.7986567793797476,25,20,20
33,4501,0.0399877838417842,0.0007803914539041456,0.16057307309309002,0.7986587516112216,25,20,20
33,4502,0.03998778383921289,0.0007803914536618053,0.16046591083881626,0.7987659138683089,25,20,20
33,4503,0.039987783839213684,0.0007803914536660937,0.16047251336570248,0.7987593113414175,25,20,20
33,4504,0.03998778383903157,0.0007803914536618764,0.16046792343317634,0.7987639012741302,25,20,20
33,4505,0.03998627260689717,0.0007803914450237983,0.16046956854088504,0.7987637674071933,25,20,20
33,4506,0.0399862726068551,0.0007803914311808409,0.1601857730777556,0.7990475628842079,25,20,20
33,4507,0.03998627260685749,0.000780391431421086,0.1601834298611098,0.7990499061006111,25,20,20
33,4508,0.039986272606857436,0.0007803914314210132,0.16018533196441542,0.7990480039973055,25,20,20
33,4509,0.039986272606857436,0.0007803914314209398,0.15991911397317765,0.7993142219885435,25,20,20
33,4510,0.01826792957153078,0.0007804101907267739,0.18163238533447834,0.7993192749032636,25,20,20
33,4511,0.01826792957153078,0.0007804101907267714,0.18162578060983287,0.7993258796279092,25,20,20
33,4512,0.018267929571667316,0.0007804101909670648,0.1816307364657881,0.7993209237715772,25,20,20
33,4513,0.01826792957166663,0.0007804101909627752,0.18162883341808772,0.7993228268192825,25,20,20
33,4514,0.018267929571663434,0.000780410190958484,0.1816223091392024,0.7993293510981754,25,20,20
33,4515,0.0182679295714813,0.0007804101909584817,0.18162076283598008,0.7993308974015798,25,20,20
33,4516,0.018267929571526037,0.0007804101909607267,0.1812536710134636,0.7996979892240492,25,20,20
33,4517,0.018267796842007,0.0007804102454708839,0.1811590986022382,0.799792694310284,25,20,20
33,4518,0.01826779684200706,0.000780410245475073,0.1814253488235398,0.7995264440889781,25,20,20
33,4519,0.02335155777655316,0.0007803914935494878,0.17634342898982563,0.7995246217400717,25,20,20
33,4520,4.79618139592501e-07,0.0007803919447810125,0.1996976126689377,0.799521515768142,25,20,20
33,4521,0.0018096336476960627,0.0007803919437120643,0.19788845762822072,0.7995215167803711,25,20,20
33,4522,0.0018096336476960625,0.0007803919437078479,0.19788837625521272,0.7995215981533832,25,20,20
33,4523,0.001809633546105314,0.0007803980728434924,0.19798307364981127,0.7994268947312397,25,20,20
33,4524,0.0018096335461053278,0.000780398073088088,0.19798773468797878,0.7994222336928278,25,20,20
33,4525,0.0018096335461053703,0.000780398073088014,0.1979892416740215,0.799420726706785,25,20,20
33,4526,0.001809633546106169,0.0007803980733325976,0.19799594670650858,0.7994140216740527,25,20,20
33,4527,0.001809633546106162,0.0007803980733309788,0.19826062692964996,0.7991493414509128,25,20,20
33,4528,0.0018156533495564146,6.718602882928811e-09,0.1990323708574165,0.7991519690744238,25,20,20
33,4529,0.0018156533495556158,6.718358299409891e-09,0.19902578025978648,0.7991585596722993,25,20,20
33,4530,0.03950991384719003,6.710143094210042e-09,0.16133152086786165,0.7991585585748049,25,20,20
33,4531,0.041819951887520766,4.702132246070484e-08,0.15902395986529877,0.7991560412258586,25,20,20
33,4532,0.04181995188769969,4.7021324126788324e-08,0.15876362375358627,0.7994163773373905,25,20,20
33,4533,0.041819951890295214,4.70213326347692e-08,0.15876382160153601,0.7994161794868367,25,20,20
33,4534,0.036278159113447894,4.73245991737337e-08,0.16430559311274998,0.7994162004492026,25,20,20
33,4535,0.03627815911085317,4.7324835201867214e-08,0.16430764036575365,0.7994141531985577,25,20,20
33,4536,0.03627815911084997,4.7324835051307114e-08,0.16430763949755822,0.7994141540667566,25,20,20
33,4537,0.03627815911085072,4.732505497444051e-08,0.16896489330620973,0.7947569002578844,25,20,20
33,4538,0.03627815911085068,4.732505505099468e-08,0.1689713343016516,0.7947504592624424,25,20,20
33,4539,0.036278159110850666,4.732481053023036e-08,0.16923292511698992,0.7944888684473485,25,20,20
33,4540,0.03397411819067793,1.630781296626707e-05,0.17144311782212182,0.7945664561742337,25,20,20
33,4541,0.033974118190495936,1.6307812721609593e-05,0.17144111623433975,0.7945684577624426,25,20,20
33,4542,0.03397411819049913,1.6307812721684857e-05,0.17144262618460288,0.7945669478121761,25,20,20
33,4543,0.03397411819049914,1.6307812725974693e-05,0.17144721538475774,0.7945623586120167,25,20,20
33,4544,0.0339741181904992,1.6307812725973395e-05,0.17144531413503272,0.7945642598617417,25,20,20
33,4545,0.03679270420209786,1.8658623502647604e-05,0.16830783610618474,0.7948808010682142,25,20,20
33,4546,0.03678050993870703,2.357822723638451e-06,0.16373146578186032,0.7994856664567085,25,20,20
33,4547,0.036780510086627936,2.357822723740313e-06,0.16347190768322117,0.7997452244074266,25,20,20
33,4548,0.03678051008658235,2.357822479230765e-06,0.1634652856551113,0.7997518464358266,25,20,20
33,4549,0.03678051008658235,2.3578224835216914e-06,0.1634671886752946,0.799749943415639,25,20,20
33,4550,0.03678051008657988,2.3578226899128865e-06,0.1697123195050284,0.7935048125857012,25,20,20
33,4551,0.036780510086579975,2.357822689837653e-06,0.16971045209316837,0.7935066799975613,25,20,20
33,4552,0.07083042185065509,2.3578149567785263e-06,0.13566054240773934,0.7935066779266493,25,20,20
33,4553,0.07083042185083664,2.3578288551887027e-06,0.13578546998305585,0.7933817503372528,25,20,20
33,4554,0.07083082159619725,2.3578288176473203e-06,0.14251748497447775,0.7866493356005079,25,20,20
33,4555,0.07083082144827763,2.35782881334458e-06,0.14877681990450273,0.7803900008184067,25,20,20
33,4556,0.07083082145086474,2.3578288133311678e-06,0.1489020057235761,0.7802648149967462,25,20,20
33,4557,0.0708308214506826,2.3578285687463283e-06,0.148895383125902,0.7802714375948469,25,20,20
33,4558,0.07083082145086475,2.3578285773304296e-06,0.14889777804880686,0.7802690426717512,25,20,20
33,4559,0.07083082145068265,2.3578285687476497e-06,0.14890211715375698,0.780264703566992,25,20,20
33,4560,0.07083082145327763,2.3578285731125443e-06,0.14890411616540672,0.7802627045527427,25,20,20
33,4561,0.07083082145309608,2.3578146746258097e-06,0.14877448675617586,0.7803923339760537,25,20,20
33,4562,0.07083082145309608,2.3578146746249995e-06,0.14850826968952455,0.7806585510427049,25,20,20
33,4563,0.07083042170773785,2.3578144718180807e-06,0.14204023373766303,0.7871269867401274,25,20,20
33,4564,0.07083042170769552,2.357814471668841e-06,0.14204011135540076,0.7871271091224322,25,20,20
33,4565,0.10749362552991824,6.545085108675646e-09,0.10569592460240158,0.7868104433225953,25,20,20
33,4566,0.10749362552991505,6.545085108652475e-09,0.10569581692789502,0.7868105509971051,25,20,20
33,4567,0.11315072560904456,6.459031693034045e-09,0.10003764193169713,0.7868116260002267,25,20,20
33,4568,0.11315072560904384,6.4588295194997154e-09,0.0937879292974994,0.7930613386346274,25,20,20
33,4569,0.11315072560904386,6.458829520866163e-09,0.09378808188666962,0.7930611860454572,25,20,20
33,4570,0.11315072575545676,7.245385637884359e-09,0.08793611933429095,0.7989131476648669,25,20,20
33,4571,0.11315072575546072,7.2456280509994e-09,0.0883097997979819,0.7985394672009295,25,20,20
33,4572,0.11315072634170587,7.2461126482159215e-09,0.08868234748348477,0.7981669189286967,25,20,20
33,4573,0.11315072634170587,7.2461126471001285e-09,0.08868044511569825,0.7981688212964833,25,20,20
33,4574,0.11316543595957385,3.477015810008084e-07,0.08866543793682564,0.7981687784020193,25,20,20
33,4575,0.11316543596995478,3.4770158521668813e-07,0.0886701091744388,0.7981641071540209,25,20,20
33,4576,0.11316543582354056,3.4691502903619944e-07,0.08825607807598997,0.7985781391854401,25,20,20
33,4577,0.11316543582354056,3.4691502896354837e-07,0.08825607667309657,0.7985781405883337,25,20,20
33,4578,0.11316543582354056,3.46915024670605e-07,0.08825603741917108,0.7985781798422635,25,20,20
33,4579,0.11316543582354051,3.4691502467058226e-07,0.08825603741889113,0.7985781798425435,25,20,20
33,4580,0.11316543523729533,3.4691453999939705e-07,0.08788202846579414,0.7989521893823703,25,20,20
33,4581,0.1131654352372962,3.4691454434961247e-07,0.08801143896775936,0.7988227788804,25,20,20
33,4582,0.11316543523729701,3.4691454435091e-07,0.08801817357157966,0.7988160442765788,25,20,20
33,4583,0.07363115825287904,1.93846450366693e-06,0.12754436591288842,0.7988225373697289,25,20,20
33,4584,0.07363115831580784,1.9385701483125366e-06,0.1321322044323483,0.794234698681695,25,20,20
33,4585,0.07363115831580774,1.9385701483870916e-06,0.13250060451673312,0.7938662985973107,25,20,20
33,4586,0.07363115831580776,1.9385701526021435e-06,0.13213410744076953,0.7942327956732698,25,20,20
33,4587,0.07363115831580769,1.938570148312333e-06,0.13212940530080805,0.7942374978132355,25,20,20
33,4588,0.07363115831580776,1.938570148313631e-06,0.13212937335780262,0.7942375297562407,25,20,20
33,4589,0.07363115831580852,1.9385701526052644e-06,0.13212287485831178,0.7942440282557264,25,20,20
33,4590,0.07363115831580457,1.9385699101934474e-06,0.13174919241747254,0.7946177106968119,25,20,20
33,4591,0.07942798425173857,1.938570090624103e-06,0.12595234266572247,0.7946177345124478,25,20,20
33,4592,0.07942798425174247,1.938583890400069e-06,0.12636484573764334,0.7942052314267234,25,20,20
33,4593,0.07942798424915537,1.9385838862715737e-06,0.12623965765429243,0.7943304195126657,25,20,20
33,4594,0.0794279842517468,1.9385700950783908e-06,0.1258295610541996,0.7947405161239582,25,20,20
33,4595,0.07941375245432909,1.5926666217573563e-06,0.0860834714547092,0.8345011834243401,25,20,20
33,4596,0.07941375245432909,1.5926666217573344e-06,0.08608339037530228,0.834501264503747,25,20,20
33,4597,0.07941375245432909,1.59266662183132e-06,0.08608338875285312,0.834501266126196,25,20,20
33,4598,0.07941327463385375,1.5918763117532786e-06,0.08584618917963034,0.834738944310204,25,20,20
33,4599,0.048493492437818836,0.0003916418520137915,0.11637532895116429,0.834739536759003,25,20,20
33,4600,0.04849349243781804,0.0003916418520094999,0.11637517392482585,0.8347396917853466,25,20,20
33,4601,0.04849349243781802,0.0003916418520094999,0.11637517391600471,0.8347396917941677,25,20,20
33,4602,0.048493492437772734,0.00039164185200516214,0.11610883463297718,0.8350060310772449,25,20,20
33,4603,0.04849349243517762,0.0003916418520007972,0.11610210026204744,0.8350127654507741,25,20,20
33,4604,0.06284994309484558,1.592490239331575e-06,0.1021362357870965,0.8350122286278185,25,20,20
33,4605,0.06284994309484554,1.5924902392576082e-06,0.10226105816569646,0.8348874062492188,25,20,20
33,4606,0.06284994308451013,1.5924902350430145e-06,0.10226303851857764,0.8348854259066772,25,20,20
33,4607,0.06284994308451411,1.5924907227061432e-06,0.1023925939108328,0.8347558705139303,25,20,20
33,4608,0.0628499430845149,1.5924907225582189e-06,0.10238793400858913,0.8347605304161734,25,20,20
33,4609,0.06284994308451408,1.5924907182806777e-06,0.10225849210995985,0.8348899723148077,25,20,20
33,4610,0.06278263548982102,7.318406379125729e-10,0.10233472804419418,0.8348826357341439,25,20,20
33,4611,0.0627826354898242,7.318449099511473e-10,0.10251414909675599,0.8347032146815746,25,20,20
33,4612,0.056811373567275114,7.302838955369948e-10,0.10848543519897266,0.8347031905034679,25,20,20
33,4613,0.05681137356727591,7.302839708509383e-10,0.10848557693730022,0.8347030487651397,25,20,20
33,4614,0.05681137356727604,7.302840474319271e-10,0.10849019636199238,0.8346984293404472,25,20,20
33,4615,0.05679578186682423,7.221465485449015e-10,0.10850604054729242,0.8346981768637363,25,20,20
33,4616,0.05679938035334882,6.656345145831483e-09,0.10859556788384353,0.8346050451064633,25,20,20
33,4617,0.056799380353352004,6.6563495114168e-09,0.1085956845419571,0.8346049284483422,25,20,20
33,4618,0.056799380353306485,6.656349585382533e-09,0.10859365174288453,0.8346069612474603,25,20,20
33,4619,0.05679938035330648,6.65634943615965e-09,0.10859365171923419,0.8346069612711108,25,20,20
33,4620,0.0677470543093013,6.047800944485254e-09,0.09764599289976936,0.8346069467431295,25,20,20
33,4621,0.0677470543093013,6.0478010197764815e-09,0.09764599231508303,0.8346069473278155,25,20,20
33,4622,0.0677470543093013,6.047801019798849e-09,0.09764599431269425,0.8346069453302042,25,20,20
33,4623,0.0677470543093013,6.047801095058919e-09,0.09765069414831207,0.8346022454945862,25,20,20
33,4624,0.10742184073757692,1.1095659383923197e-08,0.05797590224393025,0.8346022459228328,25,20,20
33,4625,0.10742184073757689,1.1095659383923197e-08,0.0579759022439303,0.8346022459228328,25,20,20
33,4626,0.06999889580728691,9.337495304661648e-07,0.09514154879097156,0.8348586216522115,25,20,20
33,4627,0.06999889580728691,9.337495304661657e-07,0.09513685002724476,0.8348633204159384,25,20,20
33,4628,0.06788781390673958,7.705324236589384e-09,0.09748000650382412,0.8346321718841125,25,20,20
33,4629,0.0678878139067388,7.705328524920762e-09,0.09748656981065604,0.834625608577277,25,20,20
33,4630,0.06788781390673866,7.705328523627335e-09,0.09748414606690187,0.8346280323210314,25,20,20
33,4631,0.06788781390673547,7.705328522307227e-09,0.09748398422134563,0.8346281941665904,25,20,20
33,4632,0.06788781405464711,7.705328597316614e-09,0.09748666969831014,0.8346255085417142,25,20,20
33,4633,0.06788781405464711,7.705328598614753e-09,0.09748669614194704,0.8346254820980774,25,20,20
33,4634,0.06788781405464793,7.705328672364434e-09,0.09761662165911585,0.8344955565809076,25,20,20
33,4635,0.06788781405464793,7.705328598393307e-09,0.09761662023196696,0.8344955580080565,25,20,20
33,4636,0.06788781405205256,7.705320090879255e-09,0.09761427428429852,0.8344979039583289,25,20,20
33,4637,0.06788781405205255,7.705320090860824e-09,0.0974848645129423,0.834627313729685,25,20,20
33,4638,0.07401779858727252,7.699950209342823e-09,0.09135492107452592,0.8346272726382513,25,20,20
33,4639,0.07401779858727252,7.699950209342014e-09,0.09135503245150801,0.8346271612612692,25,20,20
33,4640,0.07401779858731762,7.699954460945984e-09,0.09172815150715483,0.8342540422055731,25,20,20
33,4641,0.0740177985873137,7.699466873086026e-09,0.09159871047193673,0.8343834832412825,25,20,20
33,4642,0.07401779859769567,7.699255535060545e-09,0.08694368994693821,0.8390385037561104,25,20,20
33,4643,0.07401779859769562,7.699255533716464e-09,0.08694353739238526,0.8390386563106637,25,20,20
33,4644,0.07401779859769246,7.699251347187824e-09,0.08668380214523534,0.8392983915578209,25,20,20
33,4645,0.07988698888199224,7.971677491405972e-09,0.08081456335240757,0.8392984397939227,25,20,20
33,4646,0.07988698888199221,7.971673200298465e-09,0.08080986122454503,0.8393031419217896,25,20,20
33,4647,0.07988698888198902,7.97166883471274e-09,0.08080977791359706,0.839303225232745,25,20,20
33,4648,0.07988339147168227,3.5604757700789415e-07,0.08081295195997085,0.8393033005207701,25,20,20
33,4649,0.07988339147168229,3.560475770079165e-07,0.08081306645861369,0.8393031860221272,25,20,20
33,4650,0.07988339147164039,3.5604757283290274e-07,0.08044003040144349,0.8396762220793434,25,20,20
33,4651,0.07988339147164039,3.560475728328978e-07,0.08044245408656771,0.8396737983942192,25,20,20
33,4652,0.07974112282892144,3.5438989424836597e-07,0.0805966254141365,0.8396618973670478,25,20,20
33,4653,0.07985564731751121,3.552357760968422e-07,0.08049542660910851,0.839648570837604,25,20,20
33,4654,0.07985564731750801,3.552357760202755e-07,0.08049534354426356,0.8396486539024524,25,20,20
33,4655,0.0798556473176898,3.5523577609412466e-07,0.08058493513603382,0.8395590623105,25,20,20
33,4656,0.07985564731769298,3.5523601563692134e-07,0.0807078523810291,0.839436145065262,25,20,20
33,4657,0.07985564731787187,3.5523625588586397e-07,0.08053318379161066,0.8396108136542614,25,20,20
33,4658,0.07985564731768982,3.5523601558254876e-07,0.08052854553437909,0.8396154519119153,25,20,20
33,4659,0.07985564731768982,3.5523601565652036e-07,0.08052854600854951,0.8396154514377449,25,20,20
33,4660,0.07985564731773492,3.55236257919778e-07,0.08090222597176153,0.8392417714742454,25,20,20
33,4661,0.07985564732811454,3.5523650671922333e-07,0.0807788927910184,0.8393651046443602,25,20,20
33,4662,0.07985564732811454,3.552365067204984e-07,0.08077889336657003,0.8393651040688086,25,20,20
33,4663,0.07985564791982606,3.5523651101165045e-07,0.08078360060742566,0.839360396236237,25,20,20
33,4664,0.07985564732811694,3.5523650664652667e-07,0.08078354852548421,0.8393604489098919,25,20,20
33,4665,0.08068612233892672,1.54888131344249e-09,0.07994203813855567,0.8393718379736357,25,20,20
33,4666,0.08068612232854636,1.5486367304204055e-09,0.07993708052691635,0.8393767955959,25,20,20
33,4667,0.08068612232854636,1.548636730420406e-09,0.07993708052691638,0.8393767955959001,25,20,20
33,4668,0.08068612232854315,1.548636730420549e-09,0.07993239667714647,0.8393814794456732,25,20,20
33,4669,0.08068612232854315,1.5486367291220072e-09,0.07993239817567219,0.8393814779471476,25,20,20
33,4670,0.08093088726928473,1.3686861659100363e-09,0.0796876816356352,0.8393814297263934,25,20,20
33,4671,0.0809308872692848,1.3686904463443403e-09,0.07977987522547103,0.8392892361365533,25,20,20
33,4672,0.080930887269284,1.368690445024449e-09,0.0797731406115523,0.8392959707504728,25,20,20
33,4673,0.08093088726946612,1.3686947361557625e-09,0.07977773200652427,0.8392913793553146,25,20,20
33,4674,0.08093088726946605,1.368690446005409e-09,0.07978262779656166,0.8392864835652815,25,20,20
33,4675,0.08093088726946605,1.3686904460277773e-09,0.07978262837215,0.8392864829896932,25,20,20
33,4676,0.08093088726946686,1.3686905212968385e-09,0.07977610454167014,0.8392930068201722,25,20,20
33,4677,0.08093088726946687,1.3686905212744667e-09,0.07978283657175803,0.8392862747900844,25,20,20
33,4678,0.08093088726946682,1.368694737136277e-09,0.07978742434460781,0.8392816870172304,25,20,20
33,4679,0.08093088726946682,1.368694661879847e-09,0.0797809006311577,0.8392882107306806,25,20,20
33,4680,0.07702777120520149,1.3581806879815088e-09,0.0836840167210399,0.8392882107155786,25,20,20
33,4681,0.07702522156224165,1.3598018116383923e-09,0.08368656594397011,0.8392882111339875,25,20,20
33,4682,0.07702522156224165,1.359801811616028e-09,0.08368645348220481,0.8392883235957527,25,20,20
33,4683,0.07702522156224481,1.359806178521857e-09,0.08367991661464519,0.8392948604633048,25,20,20
33,4684,0.07702522156224488,1.360050760743033e-09,0.08368654060560031,0.839288236472105,25,20,20
33,4685,0.07702522156224488,1.3600507719462968e-09,0.08359442984944454,0.8393803472282607,25,20,20
33,4686,0.07702522156224487,1.3600465547521595e-09,0.08359633051563692,0.8393784465620726,25,20,20
33,4687,0.08092837549228654,1.281244541431382e-09,0.07969317623892025,0.8393784469875483,25,20,20
33,4688,0.08092837549210553,1.2812444675828249e-09,0.07961236911629008,0.8394592541103596,25,20,20
33,4689,0.08092837549210553,1.2812445428652647e-09,0.07961706897625005,0.8394545542503995,25,20,20
33,4690,0.0809283754921056,1.2812488326755859e-09,0.07962177110416101,0.8394498521224842,25,20,20
33,4691,0.0809283754922872,1.2951464755000906e-09,0.07975349167705159,0.8393181315355143,25,20,20
33,4692,0.08092837534437552,1.2951421108609584e-09,0.07975080569549071,0.8393208176649913,25,20,20
33,4693,0.08092837534437546,1.2951378179256584e-09,0.07975060900252146,0.839321014357965,25,20,20
33,4694,0.08092837534419395,1.281240250392381e-09,0.079618889847132,0.8394527335274335,25,20,20
33,4695,0.08092837593587415,1.2817250519509815e-09,0.07962549769708223,0.8394461250853184,25,20,20
33,4696,0.11395353322196515,5.098325702434582e-10,0.046600341253590756,0.8394461250146114,25,20,20
33,4697,0.1139535332217862,5.098282804334623e-10,0.04659567682462648,0.839450789443759,25,20,20
33,4698,0.11395353322178542,5.098282038441063e-10,0.046595556256404214,0.839450910011982,25,20,20
33,4699,0.11395353322438,5.098240614405487e-10,0.04660936559406652,0.8394371006717294,25,20,20
33,4700,0.12065891877485439,4.358578542409993e-10,0.03990398011742705,0.8394371006718606,25,20,20
33,4701,0.12052972833689238,5.5983155208697515e-09,0.040033165796089946,0.8394371002687021,25,20,20
33,4702,0.12052972833685047,5.598077475254905e-09,0.0396595661565361,0.839810699908536,25,20,20
33,4703,0.12052972832646773,5.59806889144476e-09,0.039655824925387446,0.8398144411500761,25,20,20
33,4704,0.12052972832646852,5.598068891521754e-09,0.03965142449976282,0.8398188415757,25,20,20
33,4705,0.12052972832646852,5.598068965516049e-09,0.03965142500902115,0.8398188410664414,25,20,20
33,4706,0.12052972833684947,5.598073257941464e-09,0.03965616414732425,0.8398141019177531,25,20,20
33,4707,0.12052972833684945,5.598073256643433e-09,0.03965610417506579,0.8398141618900116,25,20,20
33,4708,0.12052972833684943,5.597832964255355e-09,0.03965410327008994,0.8398161627952276,25,20,20
33,4709,0.120529728336847,5.597828672606252e-09,0.040027906766866836,0.8394423592984575,25,20,20
33,4710,0.12052972833684629,5.59783288874326e-09,0.040027451583033266,0.8394428144822875,25,20,20
33,4711,0.12052972833684547,5.597832887422635e-09,0.0400186351458281,0.8394516309194935,25,20,20
33,4712,0.12052972833684547,5.597837139015014e-09,0.040391736987293037,0.839078529078024,25,20,20
33,4713,0.12052972833684544,5.597837063746155e-09,0.04039173757198272,0.8390785284933346,25,20,20
33,4714,0.12052972833684551,5.5978369910814164e-09,0.040387039159321125,0.8390832269059963,25,20,20
33,4715,0.12052972833684544,5.597832702229014e-09,0.040385404443292264,0.8390848616220294,25,20,20
33,4716,0.12052972833684537,5.5978284863667034e-09,0.04038078335947831,0.8390894827058477,25,20,20
33,4717,0.12052594911762751,4.3695458224951344e-10,0.04038456732301077,0.8390894831224069,25,20,20
33,4718,0.08623478116847069,1.1588014377776014e-09,0.07467553455647706,0.8390896831162502,25,20,20
33,4719,0.12045727403975126,4.338779128506692e-10,0.0404532423975032,0.8390894831288673,25,20,20
33,4720,0.11962680367809267,4.096509627200064e-12,0.041296790576296746,0.8390764057415138,25,20,20
33,4721,0.11962680367809274,4.1007986461072465e-12,0.04129687334265288,0.8390763229751533,25,20,20
33,4722,0.1196268036780927,4.100871902825202e-12,0.04166997376682601,0.8387032225509802,25,20,20
33,4723,0.1196268036780959,4.105086816665741e-12,0.04166701545360535,0.8387061808641935,25,20,20
33,4724,0.11940032762829375,1.8585987765546559e-10,0.041893467253098456,0.8387062049327477,25,20,20
33,4725,0.11940032762829056,1.8585558616144952e-10,0.041891724318932975,0.8387079478669207,25,20,20
33,4726,0.12249968014910972,1.3038499095751146e-06,0.03879095909069764,0.8387080569102827,25,20,20
33,4727,0.1224996801491097,1.3038499095745088e-06,0.03841793829998492,0.8390810777009954,25,20,20
33,4728,0.12249968014910895,1.3038499096485382e-06,0.03804408052504607,0.839454935475935,25,20,20
33,4729,0.1228039947353026,1.3036680716105378e-06,0.03773979062140606,0.8394549109752194,25,20,20
33,4730,0.12280399473271116,1.3036680757529185e-06,0.037725981762463626,0.839468719836749,25,20,20
33,4731,0.12280399473271116,1.3036680757542399e-06,0.03772600962665185,0.8394686919725608,25,20,20
33,4732,0.12280399473271122,1.3036692824991858e-06,0.07426413707762963,0.8029305645203761,25,20,20
33,4733,0.12280399414103098,1.3036687933333395e-06,0.07425749530052234,0.802937206889653,25,20,20
33,4734,0.12280399414103098,1.3036687932593461e-06,0.07425749332201993,0.8029372088681554,25,20,20
33,4735,0.11977489210966924,3.1552373611572984e-11,0.077288005604093,0.8029371022546852,25,20,20
33,4736,0.11977489210966923,3.1552372291472834e-11,0.07728788913233793,0.8029372187264403,25,20,20
33,4737,0.11977489210971473,3.154819595609848e-11,0.07692151992748893,0.8033035879312479,25,20,20
33,4738,0.11992850835161542,3.152032514055549e-11,0.07676790368575107,0.8033035879311129,25,20,20
33,4739,0.12350997774958972,4.701693004581643e-12,0.07318643674381965,0.8033035855018886,25,20,20
33,4740,0.12350997774958972,4.701619055761776e-12,0.07318643474108309,0.8033035875046253,25,20,20
33,4741,0.12350997774954417,4.7015437995596975e-12,0.07317978118441885,0.8033102410613351,25,20,20
33,4742,0.12350997774954417,4.7015450977019984e-12,0.07317978328305158,0.8033102389627025,25,20,20
33,4743,0.12350997774954099,4.701619069287607e-12,0.07317970253035816,0.803310319715399,25,20,20
33,4744,0.0835816316871904,4.864196471867393e-12,0.11310804854985751,0.8033103197580879,25,20,20
33,4745,0.08358163168719045,4.8641211805758645e-12,0.11311276377994321,0.8033056045280023,25,20,20
33,4746,0.08358163168719045,4.859830049744653e-12,0.11310805965312533,0.8033103086548244,25,20,20
33,4747,0.08358163168718727,4.855539732735188e-12,0.11310786591171137,0.8033105023962457,25,20,20
33,4748,0.08358163168718727,4.855464441039641e-12,0.11310786392108513,0.8033105043868721,25,20,20
33,4749,0.08358163168718807,4.855537114775604e-12,0.11310800304095465,0.8033103652670017,25,20,20
33,4750,0.08358163168719127,4.855612402670478e-12,0.11311020174714045,0.8033081665608127,25,20,20
33,4751,0.08358211299642714,7.955327483968177e-08,0.0814578183245064,0.8349599891257917,25,20,20
33,4752,0.08000078668705489,7.955343464483828e-08,0.08503914463441287,0.834959989125098,25,20,20
33,4753,0.0800007866959958,8.023788588103081e-08,0.09045024109712176,0.8295488919689968,25,20,20
33,4754,0.08000078669599574,8.02378816646849e-08,0.09045015974976715,0.8295489733163557,25,20,20
33,4755,0.08000030538675983,6.882556937800647e-10,0.08557093802809707,0.8344287558968876,25,20,20
33,4756,0.08000030538675977,6.882557690676267e-10,0.0855684195200533,0.8344312744049313,25,20,20
33,4757,0.08000030538675978,6.882557690899944e-10,0.08556864950596058,0.8344310444190239,25,20,20
33,4758,0.08000030538675984,6.882558443787976e-10,0.08557027250590211,0.8344294214190822,25,20,20
33,4759,0.08000030538675984,6.882559183462589e-10,0.08557246960271572,0.8344272243222686,25,20,20
33,4760,0.0800003053867599,6.88255992354288e-10,0.08557709115880531,0.8344226027661787,25,20,20
33,4761,0.0800003053867599,6.884982610222873e-10,0.08595007050518605,0.8340496234195558,25,20,20
33,4762,0.0800003053867599,6.884982620576359e-10,0.08607489006017982,0.833924803864562,25,20,20
33,4763,0.0800003053867591,6.882559946782364e-10,0.0857064694211382,0.8342932245038468,25,20,20
33,4764,0.08000030538675967,6.983480167656161e-10,0.09676416473238354,0.8232355291825086,25,20,20
33,4765,0.08000030538675969,6.983480154770742e-10,0.09675957877367555,0.8232401151412165,25,20,20
33,4766,0.11791148501273976,1.102483529129002e-06,0.058547877749714275,0.8235395347540169,25,20,20
33,4767,0.11791148500379567,1.1017988340591091e-06,0.05300953767160627,0.829077875525764,25,20,20
33,4768,0.11791148500379574,1.1017988340591093e-06,0.05301423848240411,0.8290731747149661,25,20,20
33,4769,0.1179114850037926,1.1017988341330485e-06,0.05301889894377712,0.8290685142535961,25,20,20
33,4770,0.07799921476492502,1.1017997590127047e-06,0.09293116901421528,0.8290685144211006,25,20,20
33,4771,0.07799921476492508,1.1017997633036303e-06,0.0929377470576521,0.8290619363776593,25,20,20
33,4772,0.07799921476492502,1.1017997632283383e-06,0.0929376054880765,0.8290620779472352,25,20,20
33,4773,0.07799921476492502,1.1017997632270398e-06,0.09293752497598362,0.8290621584593281,25,20,20
33,4774,0.07799921476492182,1.101799763151752e-06,0.09293524716756135,0.8290644362677536,25,20,20
33,4775,0.07799921476492261,1.1017997631517397e-06,0.0933092189070232,0.8286904645282906,25,20,20
33,4776,0.07799921476492266,1.1017997631517403e-06,0.09330423701690335,0.8286954464184106,25,20,20
33,4777,0.07799921476492265,1.1017997630777924e-06,0.09330423606552758,0.8286954473697863,25,20,20
33,4778,0.07799921476492265,1.1017997630764723e-06,0.09330446466357527,0.8286952187717386,25,20,20
33,4779,0.07799921476492346,1.1017997631517414e-06,0.09329797778970374,0.8287017056456092,25,20,20
33,4780,0.07799921476492293,1.1017896712062086e-06,0.0822466572495129,0.8397530261958923,25,20,20
33,4781,0.07799921476492287,1.1017896669892531e-06,0.08224016661822815,0.8397595168271813,25,20,20
33,4782,0.07799921476492208,1.1017896712795593e-06,0.08186636309586333,0.8401333203495427,25,20,20
33,4783,0.07799921476492208,1.101789671356117e-06,0.08187106435334723,0.8401286190920588,25,20,20
33,4784,0.0779992147649676,1.1017896755735975e-06,0.0818705354388981,0.8401291480064582,25,20,20
33,4785,0.07799921477534659,1.1018036191690475e-06,0.08188057748414238,0.8401191059368913,25,20,20
33,4786,0.0779992147753466,1.1018038614351408e-06,0.08224899811842157,0.83975068530237,25,20,20
33,4787,0.07799921477534656,1.101804106017339e-06,0.08225099967529753,0.8397486837452495,25,20,20
33,4788,0.0779992147753465,1.1018041060173469e-06,0.08224667247003195,0.8397530109505152,25,20,20
33,4789,0.07799921477534891,1.1018041060173473e-06,0.08224669758630902,0.8397529858342356,25,20,20
33,4790,0.07799921477534898,1.1018041060199437e-06,0.08224826719904549,0.8397514162214992,25,20,20
33,4791,0.07799921478451148,1.1018041060873548e-06,0.08694725267284273,0.8350524307385393,25,20,20
33,4792,0.07799921478451466,1.1018041060146793e-06,0.08703727557808906,0.8349624078332899,25,20,20
33,4793,0.07792913984634431,1.1023053867890079e-06,0.08710734762498527,0.8349624102232832,25,20,20
33,4794,0.07792913984634431,1.1023053867890079e-06,0.0871072808366455,0.8349624770116229,25,20,20
33,4795,0.07792913984634431,1.1023053867877191e-06,0.08710266205742435,0.834967095790844,25,20,20
33,4796,0.07792913984634428,1.1023053867111605e-06,0.0874719609614281,0.8345977968868405,25,20,20
33,4797,0.11771448368449669,1.102304517085739e-06,0.047686617291519955,0.8345977967194662,25,20,20
33,4798,0.11771448368449672,1.10230451708706e-06,0.04768661686228448,0.8345977971487016,25,20,20
33,4799,0.11771448367533502,1.1023045170196488e-06,0.042994251056461145,0.8392901629636867,25,20,20
33,4800,0.10632008995099071,1.3116579614348101e-06,0.054387437892077194,0.8392911604989706,25,20,20
33,4801,0.10632008995099065,1.311657961433489e-06,0.054387438344426504,0.8392911600466213,25,20,20
33,4802,0.10632008995099065,1.311657961436085e-06,0.054387552793637876,0.83929104559741,25,20,20
33,4803,0.10632008995099382,1.3116582059547188e-06,0.054262866103405,0.8394157322873952,25,20,20
33,4804,0.10632008995099382,1.3116579636133429e-06,0.0538963506481658,0.8397822477428767,25,20,20
33,4805,0.10632008995099382,1.3116579593983085e-06,0.05390085523720685,0.8397777431538398,25,20,20
33,4806,0.10632008995094828,1.3116579551808317e-06,0.05389922186593183,0.8397793765251645,25,20,20
33,4807,0.10632008995094516,1.311657955179586e-06,0.053809199346506284,0.8398693990445932,25,20,20
33,4808,0.10632008994056429,1.311657955253552e-06,0.05380916379768577,0.8398694346037945,25,20,20
33,4809,0.10632008994056362,1.311657955328813e-06,0.05380713269444273,0.8398714657070383,25,20,20
33,4810,0.10633825626912366,1.3111828969797207e-06,0.05378120289529427,0.8398792296526849,25,20,20
33,4811,0.09436244746461295,2.361033508988488e-07,0.06605750641473157,0.8395798100173048,25,20,20
33,4812,0.09436244746461296,2.3610335090014017e-07,0.06606058611729793,0.8395767303147385,25,20,20
33,4813,0.09434308185512584,2.4125935849770807e-07,0.0660799219889423,0.8395767548965735,25,20,20
33,4814,0.09434308185512574,2.412593584237221e-07,0.06607533294987405,0.839581343935642,25,20,20
33,4815,0.09434308185512574,2.4125935834975185e-07,0.06607521817261915,0.8395814587128969,25,20,20
33,4816,0.09434308185512569,2.412593583484533e-07,0.0660759272891512,0.8395807495963649,25,20,20
33,4817,0.09434308185512569,2.412593582744821e-07,0.06607595867017768,0.8395807182153385,25,20,20
33,4818,0.09434308185512574,2.412593625645884e-07,0.0660717241467954,0.8395849527387165,25,20,20
33,4819,0.09434308185512974,2.41259607067013e-07,0.06607710443665354,0.8395795724486098,25,20,20
33,4820,0.09434308185512968,2.412596070669903e-07,0.06607548352639964,0.8395811933588636,25,20,20
33,4821,0.09434308185512964,2.412596126525665e-07,0.07967135008874625,0.8259853267965114,25,20,20
33,4822,0.09434308185512964,2.412596125773065e-07,0.07966665025312844,0.8259900266321296,25,20,20
33,4823,0.09439367701896337,2.4123338717053526e-07,0.07962382145114659,0.8259822602965028,25,20,20
33,4824,0.09439367701896335,2.412331425870387e-07,0.07961723085420705,0.8259888508936871,25,20,20
33,4825,0.09439367701896648,2.412331425882902e-07,0.07961511451116557,0.8259909672367253,25,20,20
33,4826,0.09439367701901258,2.412331426629564e-07,0.07977402766560537,0.8258320540822394,25,20,20
33,4827,0.09439367701901258,2.412331454553053e-07,0.09374389301863241,0.8118621887292095,25,20,20
33,4828,0.09439367701901258,2.412331454539852e-07,0.09374377916944093,0.811862302578401,25,20,20
33,4829,0.09439367701901256,2.412331453800145e-07,0.09374369172183698,0.8118623900260051,25,20,20
33,4830,0.09439367701900858,2.412329008023256e-07,0.09373614843059594,0.8118699333174948,25,20,20
33,4831,0.09439367701900858,2.412329008036457e-07,0.09373622889584687,0.8118698528522438,25,20,20
33,4832,0.09439367701900858,2.412329008036229e-07,0.09373611573295978,0.8118699660151308,25,20,20
33,4833,0.09439367700862959,2.412189572081496e-07,0.09372379415033434,0.8118822876220788,25,20,20
33,4834,0.09439367700863277,2.4121895728344185e-07,0.0937215715355399,0.8118845102368701,25,20,20
33,4835,0.09439367700863598,2.4121920186695977e-07,0.09372824812809095,0.8118778336440713,25,20,20
33,4836,0.09439367700863595,2.4121920057300455e-07,0.07975852368756306,0.8258475580846006,25,20,20
33,4837,0.06975096204928725,2.5825268405528927e-05,0.10425358729557123,0.8259696253867368,25,20,20
33,4838,0.06975096204928725,2.582526840123731e-05,0.10425355885244586,0.8259696538298665,25,20,20
33,4839,0.0697509620492872,2.582526840116205e-05,0.10425113429916873,0.8259720783831436,25,20,20
33,4840,0.06975096204928405,2.5825268401088055e-05,0.10425108018284597,0.8259721324994698,25,20,20
33,4841,0.06975096263707842,2.5826057828030833e-05,0.1045207527163273,0.825702458588767,25,20,20
33,4842,0.06357576240934218,2.5825484838024625e-05,0.11062961294312668,0.8257687991626935,25,20,20
33,4843,0.06357576240952265,2.5826272181967035e-05,0.11100432742718441,0.8253940838911114,25,20,20
33,4844,0.06357576241988018,2.582628610102031e-05,0.11109914303117455,0.8252992682628446,25,20,20
33,4845,0.06357576241988011,2.582628609672889e-05,0.11109677310122229,0.8253016381928012,25,20,20
33,4846,0.06357576241988011,2.5826286096730165e-05,0.11109677312583141,0.8253016381681921,25,20,20
33,4847,0.06357576241987699,2.5826299792870107e-05,0.11109831394071311,0.8253000973396173,25,20,20
33,4848,0.06357576242005956,2.582630003700169e-05,0.11118871076158911,0.8252097005183147,25,20,20
33,4849,0.06357597696630515,2.582631227063198e-05,0.13660298304241164,0.799795213679013,25,20,20
33,4850,0.06357597696630515,2.5826312270631973e-05,0.13660294966874623,0.7997952470526787,25,20,20
33,4851,0.06357597696630596,2.5826312270704662e-05,0.13660511487558366,0.79979308184584,25,20,20
33,4852,0.06357597696630835,2.582631227063197e-05,0.136602865646372,0.7997953310750493,25,20,20
33,4853,0.08510327417523107,2.583726267192756e-05,0.11568817225258629,0.799182716309511,25,20,20
33,4854,0.08503421380734819,2.586473575078957e-05,0.1157570741626903,0.7991828472942114,25,20,20
33,4855,0.08503421381763004,2.5864749563950837e-05,0.11613111258234232,0.7988088088504642,25,20,20
33,4856,0.08503421381763004,2.586474956395086e-05,0.11613100011023236,0.7988089213225742,25,20,20
33,4857,0.08503421381763085,2.586474980856476e-05,0.11613273669248357,0.7988071847400775,25,20,20
33,4858,0.06020749525241663,2.56553966044186e-05,0.14096066214508532,0.7988061872058939,25,20,20
33,4859,0.06653057661933186,2.565089964392869e-05,0.13470392660525454,0.7987398458757704,25,20,20
33,4860,0.06653057661933497,2.5650899886343315e-05,0.13507704565834147,0.7983667268224376,25,20,20
33,4861,0.06653057661933583,2.565090013093827e-05,0.13508176670963937,0.7983620057708943,25,20,20
33,4862,0.06288030276005749,2.5651411242858627e-05,0.13873204001640613,0.7983620058122938,25,20,20
33,4863,0.06288030276005668,2.565141099834024e-05,0.13872732040721839,0.7983667254217269,25,20,20
33,4864,0.06288030276264824,2.5651424937716934e-05,0.13873961154204423,0.7983544342703701,25,20,20
33,4865,0.06288030276264504,2.5651424937714294e-05,0.13873944633603583,0.7983545994763814,25,20,20
33,4866,0.06288030217485069,2.5650635510770192e-05,0.13846988825181264,0.7986241589378258,25,20,20
33,4867,0.06288030217485069,2.5650635510770215e-05,0.13846988828642984,0.7986241589032086,25,20,20
33,4868,0.06288030217485074,2.5650635515061145e-05,0.13847649277201143,0.7986175544176226,25,20,20
33,4869,0.06288030216456889,2.5650621946418256e-05,0.13810714683298436,0.7989869003805002,25,20,20
33,4870,0.06288030216456889,2.5650621950709897e-05,0.13810717327435237,0.7989868739391279,25,20,20
33,4871,0.0628803021619742,2.56506080113319e-05,0.13809493419224025,0.7989991130377742,25,20,20
33,4872,0.06288030216179374,2.5649820667390796e-05,0.13772030019784492,0.7993737478196937,25,20,20
33,4873,0.06288030216179369,2.5649820667390772e-05,0.13772021966900735,0.7993738283485314,25,20,20
33,4874,0.06288030216179057,2.5649820667379357e-05,0.1377220892146369,0.7993719588029049,25,20,20
33,4875,0.06288030275091183,2.5649834544022925e-05,0.13790193248019042,0.7991921149343534,25,20,20
33,4876,0.06288030275090868,2.564983430160701e-05,0.13752883904419946,0.79956520837059,25,20,20
33,4877,0.06288030275093166,2.5649820386921338e-05,0.13744020145720967,0.7996538459714714,25,20,20
33,4878,0.0628803027509316,2.5649806446272426e-05,0.13780505916933677,0.799288988273285,25,20,20
33,4879,0.0628803027509316,2.564980644627375e-05,0.1378051716745464,0.7992888757680754,25,20,20
33,4880,0.06288030275093164,2.564980644627375e-05,0.13780522513961968,0.799288822303002,25,20,20
33,4881,0.0628803027405511,2.5649806441906195e-05,0.1378035868238717,0.7992904606291349,25,20,20
33,4882,0.06288030274055106,2.5649806441904874e-05,0.13780358682403138,0.7992904606289752,25,20,20
33,4883,0.06288030274055104,2.5649806441978827e-05,0.13780817281065189,0.7992858746423547,25,20,20
33,4884,0.06288030274055104,2.5649806446270004e-05,0.13781287833490416,0.7992811691180981,25,20,20
33,4885,0.06290032744384035,2.5656035375318238e-05,0.10855775457678792,0.8285162619439963,25,20,20
33,4886,0.06290032744366061,2.5656035131252155e-05,0.11298633287566506,0.8240876836455429,25,20,20
33,4887,0.06290032744366067,2.5656035131178212e-05,0.11298786692114424,0.8240861496000642,25,20,20
33,4888,0.06290032744366067,2.565603513546807e-05,0.11299248998271183,0.8240815265384923,25,20,20
33,4889,0.06290032744366066,2.5656035131326298e-05,0.113358987059633,0.8237150294615754,25,20,20
33,4890,0.06290032744365788,2.565603537584302e-05,0.10884443883276151,0.828229577688205,25,20,20
33,4891,0.06290032744365842,2.565655209739098e-05,0.12283413199556385,0.8142398840086803,25,20,20
33,4892,0.06290032745394368,2.5656552337492556e-05,0.12320056832924292,0.8138734476644758,25,20,20
33,4893,0.06290032744365835,2.565655185280741e-05,0.12282742695341767,0.8142465890510711,25,20,20
33,4894,0.06290032744365846,2.565655185280742e-05,0.12282739492531412,0.8142466210791746,25,20,20
33,4895,0.06479512190259026,2.564559661714234e-05,0.12093240159754128,0.8142468309032513,25,20,20
33,4896,0.06479512190259426,2.5645596617216113e-05,0.12105969516182251,0.8141195373389659,25,20,20
33,4897,0.06479512190259104,2.564559637262376e-05,0.12105486213785818,0.8141243703631781,25,20,20
33,4898,0.0647951219025449,2.5645596372473783e-05,0.12089583551140168,0.8142833969896808,25,20,20
33,4899,0.06479512190254494,2.564559637247515e-05,0.12089591606426733,0.8142833164368151,25,20,20
33,4900,0.06909140058943304,2.5659700001812096e-05,0.11660286147706579,0.8142800782334996,25,20,20
33,4901,0.06909140058943225,2.5659699757198196e-05,0.11660112451108928,0.8142818151997215,25,20,20
33,4902,0.06909140058943299,2.5659699761563767e-05,0.11659959765982016,0.8142833420509855,25,20,20
33,4903,0.06909140058943299,2.565969976148919e-05,0.11622649606349833,0.8146564436473075,25,20,20
33,4904,0.06909140058943386,2.5659699757348623e-05,0.1162284369603833,0.8146545027504257,25,20,20
33,4905,0.06909140058943464,2.565969951705755e-05,0.11622647992655959,0.8146564597844891,25,20,20
33,4906,0.06909140058943464,2.565969951716518e-05,0.12728439341613534,0.8035985462949123,25,20,20
33,4907,0.06909140058943698,2.565969975746769e-05,0.12728448090436303,0.803598458806442,25,20,20
33,4908,0.06909140058943698,2.565969975325311e-05,0.12728638153183394,0.8035965581789754,25,20,20
33,4909,0.06909140058948252,2.565969975318075e-05,0.1272840005185364,0.8035989391922271,25,20,20
33,4910,0.06909140058948252,2.5659699753179476e-05,0.12728400240954385,0.8035989373012197,25,20,20
33,4911,0.06889252315748577,2.5659612077543647e-05,0.12748287963403115,0.8035989375964051,25,20,20
33,4912,0.10114051158168547,2.968663999593088e-07,0.09538231913245024,0.8034768724194641,25,20,20
33,4913,0.10114051158168554,2.968664000345777e-07,0.09538243302206124,0.8034767585298528,25,20,20
33,4914,0.10114051158168554,2.9686640010981433e-07,0.09538713226288235,0.8034720592890316,25,20,20
33,4915,0.10114051158168476,2.9686639581794836e-07,0.09551653142850026,0.8033426601234187,25,20,20
33,4916,0.10751892999059617,4.885869222317749e-08,0.08913836274689818,0.803342658403813,25,20,20
33,4917,0.10779789851553147,3.474789304421348e-08,0.08885940947193965,0.8033426572646354,25,20,20
33,4918,0.10781489255805272,3.4236794449040135e-08,0.08884241598180562,0.8033426572233467,25,20,20
33,4919,0.10781489255805271,3.423679444904032e-08,0.08884906809317986,0.8033360051119726,25,20,20
33,4920,0.10781489255805585,3.423703744333487e-08,0.0891086859910782,0.8030763872138281,25,20,20
33,4921,0.10781489255805585,3.423703744595271e-08,0.08910876707672266,0.8030763061281837,25,20,20
33,4922,0.10781489255805593,3.4237041661826964e-08,0.08910686645014412,0.8030782067547579,25,20,20
33,4923,0.10782194559553365,3.423544822665045e-08,0.08909981383982704,0.8030782063291908,25,20,20
33,4924,0.10782194559557917,3.4235692723446556e-08,0.07804518787808229,0.8141328322906451,25,20,20
33,4925,0.10782194559553365,3.423544811901643e-08,0.07804197945248671,0.814136040716531,25,20,20
33,4926,0.1078219455955337,3.4235452483077495e-08,0.07804417840649923,0.814133841762514,25,20,20
33,4927,0.10803125327851727,3.4233838154118375e-08,0.07783489528510158,0.8141338172025424,25,20,20
33,4928,0.11115545906787501,1.025828540421529e-07,0.07471051250240149,0.8141339258468687,25,20,20
33,4929,0.11115545906787508,1.0258285419137603e-07,0.07471513334422922,0.814129305005041,25,20,20
33,4930,0.11115545965951386,1.0258309877160879e-07,0.07471955004025285,0.814124887717134,25,20,20
33,4931,0.11115545965951382,1.0258309877026512e-07,0.0747195839861848,0.8141248537712023,25,20,20
33,4932,0.1111554596595138,1.0258309877026471e-07,0.0747194695117293,0.8141249682456576,25,20,20
33,4933,0.11102259240871672,1.0276587987795676e-07,0.07485233486807469,0.8141249699573284,25,20,20
33,4934,0.11102259181703233,1.027656310037192e-07,0.07484559629694815,0.8141317091203881,25,20,20
33,4935,0.11102259181703233,1.0276563107905595e-07,0.07484570961253431,0.8141315958048019,25,20,20
33,4936,0.1110225919418099,1.0277738673880861e-07,0.0811074471902925,0.8078698580905106,25,20,20
33,4937,0.11102259194181059,1.0277738673883139e-07,0.08110743186509424,0.8078698734157084,25,20,20
33,4938,0.14411477382913682,3.4429556400315145e-08,0.04801540460666575,0.807869787134641,25,20,20
33,4939,0.14411477382913682,3.442955640157769e-08,0.048021893536266236,0.8078632982050405,25,20,20
33,4940,0.14411477382913923,3.44295606918792e-08,0.04802194888016586,0.8078632428611341,25,20,20
33,4941,0.13751043291737258,3.8752548720769377e-08,0.054626285462622326,0.8078632428674563,25,20,20
33,4942,0.13751043291737258,3.8752548646784516e-08,0.05462166470509614,0.8078678636249825,25,20,20
33,4943,0.13751043291737897,3.875254872192255e-08,0.054714442442600895,0.8077750858874713,25,20,20
33,4944,0.13751043291737888,3.875254443076949e-08,0.054709852774356714,0.80777967555572,25,20,20
33,4945,0.13751043291737966,3.8752548692042234e-08,0.054969587720769895,0.8075199406093015,25,20,20
33,4946,0.1375104323282584,3.873866775945035e-08,0.05478971650475234,0.8076998124283215,25,20,20
33,4947,0.1375104323282576,3.873866771275387e-08,0.05452808089129113,0.8079614480417835,25,20,20
33,4948,0.13751043220348083,3.8740720849685086e-08,0.04863824459615195,0.8138512844596464,25,20,20
33,4949,0.13751043220352638,3.8740965433227125e-08,0.048644868602757366,0.813844660452751,25,20,20
33,4950,0.13751043220352555,3.8727152345156035e-08,0.048270770346488294,0.8142187587228339,25,20,20
33,4951,0.13751043220352555,3.872715234515562e-08,0.04827077188011709,0.8142187571892052,25,20,20
33,4952,0.13751043220352555,3.8727152345178e-08,0.04827069281249799,0.8142188362568245,25,20,20
33,4953,0.13751043220352555,3.87271522712064e-08,0.048270611754220864,0.8142189173151015,25,20,20
33,4954,0.13751043220352635,3.8727152272550475e-08,0.048266138858983273,0.8142233902103382,25,20,20
33,4955,0.13751043220352635,3.8727152126012796e-08,0.0478930377608262,0.8145964913084954,25,20,20
33,4956,0.13751043220352321,3.872690760635254e-08,0.04788828534321806,0.8146012437263512,25,20,20
33,4957,0.13749038193022284,5.024742860819628e-09,0.03714527521940798,0.8253643378256263,25,20,20
33,4958,0.13865663059238045,5.349763826280946e-09,0.03597701819353658,0.8253663458643191,25,20,20
33,4959,0.13865663059238045,5.349763825006777e-09,0.035977056733138654,0.825366307324717,25,20,20
33,4960,0.13865663059238043,5.34976367578364e-09,0.03597247131212908,0.8253708927457268,25,20,20
33,4961,0.13865663059238037,5.349759457631402e-09,0.036238724579246664,0.8251046394786136,25,20,20
33,4962,0.1386566305923827,5.349763599494612e-09,0.036236833227417435,0.8251065308304364,25,20,20
33,4963,0.13865663059238242,5.359848754374773e-09,0.0470389635890268,0.8143044004587418,25,20,20
33,4964,0.13865663059238245,5.359852932239275e-09,0.047282545274375566,0.8140608187733889,25,20,20
33,4965,0.1386566305923824,5.359852856970826e-09,0.04728245841424429,0.8140609056335204,25,20,20
33,4966,0.13865663059238317,5.359857147873994e-09,0.04728906367032035,0.8140543003774391,25,20,20
33,4967,0.13865663059237682,5.359861323042697e-09,0.047569387830605166,0.8137739762171566,25,20,20
33,4968,0.13865663059237363,5.359857030596811e-09,0.04756463414863323,0.813778729899136,25,20,20
33,4969,0.13865663059236963,5.3598569555246785e-09,0.04743726149616194,0.8139061025516112,25,20,20
33,4970,0.13865663059237288,5.359861321961771e-09,0.047441965134368914,0.8139013989133965,25,20,20
33,4971,0.13865663059237207,5.35985703101267e-09,0.04743535918730835,0.8139080048604623,25,20,20
33,4972,0.13865663068574866,5.358572426603888e-09,0.07635908097914304,0.7849842829765357,25,20,20
33,4973,0.13865663068592904,5.372385661889987e-09,0.07673325829901242,0.7846101056426723,25,20,20
33,4974,0.13865709387688488,5.621772844378716e-09,0.06419348800889231,0.7971494124924494,25,20,20
33,4975,0.13865709387688488,5.621772882879982e-09,0.06382266367698414,0.7975202368243575,25,20,20
33,4976,0.13865709387688407,5.621772881535904e-09,0.0638224336637373,0.7975204668376051,25,20,20
33,4977,0.13865709387688727,5.6217730320715686e-09,0.063829038450343,0.7975138620509961,25,20,20
33,4978,0.13865709387689046,5.621768817528023e-09,0.06382595634141854,0.7975169441599215,25,20,20
33,4979,0.13865709387688407,5.621768814880198e-09,0.0638289775936791,0.7975139229076674,25,20,20
33,4980,0.13865709387692962,5.621773179968747e-09,0.06383372361894167,0.7975091768823549,25,20,20
33,4981,0.13865709387692643,5.621530259641067e-09,0.06356964925525296,0.7977732512462897,25,20,20
33,4982,0.14229647734499726,5.623160603692851e-09,0.05993026395594825,0.7977732530758932,25,20,20
33,4983,0.14229601415404092,4.857051799280838e-09,0.058480341042651846,0.7992236399462549,25,20,20
33,4984,0.1422960141540417,4.857047509186987e-09,0.05848479608127568,0.7992191849076344,25,20,20
33,4985,0.14242885735739505,4.674267416149762e-09,0.05835195477249948,0.7992191831958374,25,20,20
33,4986,0.1424288573573951,4.674271707073048e-09,0.058353858208608236,0.7992172797597243,25,20,20
33,4987,0.14242885735739197,4.674275921934041e-09,0.058353985374967283,0.7992171525933641,25,20,20
33,4988,0.14242885735734645,4.674271556845269e-09,0.05835584211546127,0.79921529585292,25,20,20
33,4989,0.14242885787944748,4.686789094959354e-09,0.06305031522925417,0.7945208222045085,25,20,20
33,4990,0.18149725267669795,2.931497093641551e-07,0.023912405174013617,0.7945900489995787,25,20,20
33,4991,0.18162284136795118,2.931465841139376e-07,0.02378684068022288,0.7945900248052417,25,20,20
33,4992,0.18162284136795118,2.93146584040014e-07,0.023780378802131467,0.7945964866833332,25,20,20
33,4993,0.18162284136795115,2.9314657967512897e-07,0.023776174635232312,0.7946006908502367,25,20,20
33,4994,0.1816228413705153,2.939327282371566e-07,0.02420591352672079,0.7941709511700354,25,20,20
33,4995,0.1816228413705153,2.9393272823715645e-07,0.02421049887658798,0.7941663658201683,25,20,20
33,4996,0.18162284137046975,2.9393248372757334e-07,0.024210398598442893,0.7941664660986035,25,20,20
33,4997,0.1924529872849363,2.93608909395008e-07,0.013382261071891976,0.7941644580342624,25,20,20
33,4998,0.19245298728511842,2.9360915398866325e-07,0.013380491805383067,0.7941662273003446,25,20,20
33,4999,0.19245298728511837,2.936091497383341e-07,0.013007502379703535,0.7945392167260285,25,20,20
33,5000,0.19302347960427,2.894390924603869e-07,0.012436993275388055,0.7945392376812497,25,20,20
33,5001,0.19302347908235068,2.8942657484703277e-07,0.00783059805166061,0.7991456334394139,25,20,20
33,5002,0.19302347922850818,2.902127278415619e-07,0.008172261132576355,0.7988039694261877,25,20,20
33,5003,0.19302347922850818,2.9021272784158467e-07,0.008172227750723788,0.7988040028080404,25,20,20
33,5004,0.19302347922850818,2.9021272791560185e-07,0.008172238810642884,0.7988039917481212,25,20,20
33,5005,0.19302347922594076,2.894265749871596e-07,0.0077379107259026685,0.7992383206215818,25,20,20
33,5006,0.19302347922594085,2.8942657927697035e-07,0.007742612865864028,0.799233618481616,25,20,20
33,5007,0.19302347922594085,2.8942657927830305e-07,0.0077361239493369295,0.7992401073981431,25,20,20
33,5008,0.19302347922594076,2.894265792769963e-07,0.007740709894929887,0.7992355214525502,25,20,20
33,5009,0.19302347922594085,2.8942657927834e-07,0.007740710874053981,0.7992355204734257,25,20,20
33,5010,0.1930234832791234,2.8942681645358165e-07,0.0473952200962564,0.7595810071978035,25,20,20
33,5011,0.1930207382901224,2.894268738445474e-07,0.047397965070001,0.7595810072130024,25,20,20
33,5012,0.1930207382901224,2.8942687805942934e-07,0.04739956509565225,0.7595794071873472,25,20,20
33,5013,0.19302245586689676,2.894268216493946e-07,0.04739784753400214,0.7595794071722795,25,20,20
33,5014,0.19302245586689668,2.894268216467532e-07,0.04739784853202637,0.7595794061742552,25,20,20
33,5015,0.19302245586689668,2.8942682164667215e-07,0.04740441324898209,0.7595728414572995,25,20,20
33,5016,0.1590788526477631,2.023715905156548e-06,0.08134616285732756,0.759572960779003,25,20,20
33,5017,0.15895686519990757,2.023715904158296e-06,0.08146815030519176,0.7595729607789963,25,20,20
33,5018,0.15876066690080523,2.0237175179439116e-06,0.08166434860202922,0.7595729607796474,25,20,20
33,5019,0.15876659665658732,2.023715839099015e-06,0.08165841886338791,0.759572960764186,25,20,20
33,5020,0.15876659665658732,2.0237158391002897e-06,0.08165845167154487,0.7595729279560288,25,20,20
33,5021,0.15876659665658804,2.0237160490506097e-06,0.08790333544518045,0.7533280441821829,25,20,20
33,5022,0.15876659665658807,2.0237160490506097e-06,0.08790337082922363,0.7533280087981395,25,20,20
33,5023,0.15876659665658804,2.0237160489766607e-06,0.08826988532502154,0.7529614943023417,25,20,20
33,5024,0.15876659665658485,2.023716044685167e-06,0.08826822427198255,0.7529631553553884,25,20,20
33,5025,0.15876659665918014,2.023716044761772e-06,0.08827031410116531,0.7529610655236102,25,20,20
33,5026,0.1587665966591833,2.0237160448357348e-06,0.0882749011546164,0.7529564784701559,25,20,20
33,5027,0.15876659665658802,2.0237160447591295e-06,0.08827052669510431,0.7529608529322634,25,20,20
33,5028,0.15876662495706317,2.023600361111014e-06,0.09410301457099361,0.7471283368715824,25,20,20
33,5029,0.15876662495706317,2.0236003611097174e-06,0.09410529235729853,0.7471260590852775,25,20,20
33,5030,0.15876662495706315,2.0236003653625842e-06,0.09447835570055121,0.7467529957420206,25,20,20
33,5031,0.15876662495706306,2.0236003610710914e-06,0.09447660906497815,0.7467547423775983,25,20,20
33,5032,0.15876662495706306,2.023600361069784e-06,0.09410360621208393,0.7471277452304925,25,20,20
33,5033,0.15876662495706306,2.0236003610710596e-06,0.09410357284247729,0.7471277786000993,25,20,20
33,5034,0.15876662495706306,2.02360036107238e-06,0.09410357083064216,0.7471277806119343,25,20,20
33,5035,0.15876662495706229,2.02360036107238e-06,0.09409695268847848,0.7471343987540986,25,20,20
33,5036,0.15876662495706229,2.02360036107502e-06,0.09410355486444472,0.7471277965781324,25,20,20
33,5037,0.158766624957244,2.023600361073743e-06,0.09418972985283856,0.7470416215895568,25,20,20
33,5038,0.15871770276979855,2.0236906739147123e-06,0.0942386510898174,0.7470416224497106,25,20,20
33,5039,0.15871770276979855,2.0236906739134155e-06,0.09423853735604845,0.7470417361834795,25,20,20
33,5040,0.1587177027697986,2.0236906739121183e-06,0.09423861738597974,0.7470416561535481,25,20,20
33,5041,0.15871770276979863,2.023690673988684e-06,0.09423869977386236,0.7470415737656654,25,20,20
33,5042,0.15871770276979863,2.0236906739134617e-06,0.09423858706017355,0.7470416864793542,25,20,20
33,5043,0.14965804932774796,2.3815588259862456e-06,0.10329614703833984,0.7470434220750864,25,20,20
33,5044,0.14965804932774787,2.3815588259862447e-06,0.1033007663577959,0.7470388027556305,25,20,20
33,5045,0.15859117342513596,2.0236906763412377e-06,0.09436973572402628,0.7470370671601617,25,20,20
33,5046,0.15859117342773135,2.023690676417846e-06,0.09437194252338664,0.7470348603582059,25,20,20
33,5047,0.15859117395040015,2.0236770793102285e-06,0.09865721856845022,0.7427495838040703,25,20,20
33,5048,0.15859117395040015,2.023677079311526e-06,0.09865486485769064,0.7427519375148299,25,20,20
33,5049,0.15856241823024658,2.023770764646686e-06,0.09868359588750344,0.7427519621114853,25,20,20
33,5050,0.1585623897834323,2.023100295375522e-06,0.09241674896611157,0.7490188381501608,25,20,20
33,5051,0.1585623897834323,2.023100535679344e-06,0.09241688032469893,0.7490187067913329,25,20,20
33,5052,0.15856238978343226,2.0231005356027326e-06,0.09241702713730783,0.749018559978724,25,20,20
33,5053,0.15812571922415533,2.023190213976631e-06,0.09285369592830361,0.7490185616573268,25,20,20
33,5054,0.1581392688770636,2.0231969955973774e-06,0.09318324461347313,0.748675463312468,25,20,20
33,5055,0.14687927986708568,1.7347340708962373e-06,0.10452045188593165,0.7485985335129122,25,20,20
33,5056,0.14687927986708568,1.7347340709715385e-06,0.10452682607931563,0.7485921593195282,25,20,20
33,5057,0.14687927987734975,1.7795214033562113e-06,0.10497526704714956,0.7481436735540978,25,20,20
33,5058,0.14687927986708568,1.7347340708976034e-06,0.10452025085101883,0.748598734547825,25,20,20
33,5059,0.14687927986708568,1.734734070822312e-06,0.10452028223159206,0.748598703167252,25,20,20
33,5060,0.14801145788594522,3.6618039201673467e-06,0.10336822715779345,0.7486166531523415,25,20,20
33,5061,0.14801145788594847,3.66180392024263e-06,0.1033682288372437,0.748616651472888,25,20,20
33,5062,0.14801145788599396,3.66180392031659e-06,0.10337472008509797,0.7486101602249883,25,20,20
33,5063,0.14801145788599077,3.661803920242628e-06,0.10337001975740152,0.748614860552688,25,20,20
33,5064,0.12272959251663501,3.7661597836014556e-06,0.12703391359123356,0.750232727732348,25,20,20
33,5065,0.12272959251658949,3.7661597835262217e-06,0.12702730638084417,0.7502393349427829,25,20,20
33,5066,0.12161307850790617,1.8390829200485585e-06,0.12816380617251202,0.7502212762366617,25,20,20
33,5067,0.12161307850790617,1.839082920123829e-06,0.12815918428591802,0.7502258981232555,25,20,20
33,5068,0.12161307850790617,1.8390829200472386e-06,0.12815910435088973,0.750225978058284,25,20,20
33,5069,0.11104421663819018,1.7346459443383372e-06,0.140338748265827,0.748615300450038,25,20,20
33,5070,0.11104421663823566,1.7346461889218102e-06,0.14034545017440428,0.7486085985411703,25,20,20
33,5071,0.11104421663564028,1.7346461889217818e-06,0.1403478287614035,0.7486062199567666,25,20,20
33,5072,0.11184507246392936,1.7346464465878534e-06,0.13954697293348117,0.7486062199561423,25,20,20
33,5073,0.11541914101466277,6.615644382797326e-10,0.13597477647077255,0.7486060818529994,25,20,20
33,5074,0.11541713588835723,6.600319260127092e-10,0.1359767815985219,0.7486060818530883,25,20,20
33,5075,0.11540302487094938,6.755239146754914e-10,0.13599796035003212,0.7485990141034945,25,20,20
33,5076,0.11540302487094943,6.755282063122444e-10,0.13599815759449319,0.7485988168590291,25,20,20
33,5077,0.11540302487095262,6.755282050696546e-10,0.1359935660757162,0.7486034083778027,25,20,20
33,5078,0.07646819485475867,1.8162913883756046e-09,0.1745618727015301,0.7489699306274198,25,20,20
33,5079,0.07646819485475553,1.8165359838988921e-09,0.17456191130205986,0.7489698920266489,25,20,20
33,5080,0.07646819486145988,2.3331721357201495e-09,0.18854960139704674,0.7349822014083206,25,20,20
33,5081,0.07646819486145988,2.3331721344232126e-09,0.18854951351985463,0.734982289285513,25,20,20
33,5082,0.07653986903928818,2.2410779667642987e-09,0.1884778640306406,0.7349822646889927,25,20,20
33,5083,0.07653986903946862,2.2413245610171335e-09,0.18885098625404684,0.7346091424651595,25,20,20
33,5084,0.07653986903271955,1.7383422382917733e-09,0.17498621404564985,0.7484739151832887,25,20,20
33,5085,0.07653986903276508,1.7383466051978225e-09,0.17498633086627602,0.748473798362613,25,20,20
33,5086,0.07653986850991588,1.7381347676807723e-09,0.1703286170154716,0.7531315127364784,25,20,20
33,5087,0.07653986850996142,1.7381349169321745e-09,0.17033782485747942,0.753122304894425,25,20,20
33,5088,0.07653986850996534,1.7381307020966728e-09,0.17033620346733624,0.7531239262845685,25,20,20
33,5089,0.07653986850996454,1.7381306994548484e-09,0.17033620258068674,0.7531239271712187,25,20,20
33,5090,0.07729904588873712,2.5469143910254423e-09,0.1695768007401222,0.7531241508242269,25,20,20
33,5091,0.07729904588873712,2.5469144650067198e-09,0.1695832910351017,0.753117660529247,25,20,20
33,5092,0.0495197602159196,3.3981620031339305e-09,0.19736264327909417,0.7531175931068239,25,20,20
33,5093,0.04951976021573917,3.39815947025031e-09,0.19708181699456254,0.7533984193915387,25,20,20
33,5094,0.04951976021573912,3.397914950580569e-09,0.19708168333143422,0.7533985530549117,25,20,20
33,5095,0.04951976021569363,3.3979105849946208e-09,0.19708156654594552,0.7533986698404501,25,20,20
33,5096,0.04951976021569358,3.3979063686267264e-09,0.1970814851636876,0.7533987512227123,25,20,20
33,5097,0.04951976032307472,3.398083920873883e-09,0.2080489407774551,0.7424312955013861,25,20,20
33,5098,0.04951976032307473,3.3980838469153834e-09,0.20804236505000465,0.7424378712288364,25,20,20
33,5099,0.04592795627228595,2.7576552242512397e-08,0.21163402964802208,0.7424379865031397,25,20,20
33,5100,0.045927956863995104,2.7576552243801902e-08,0.2116387573339675,0.7424332582254851,25,20,20
33,5101,0.04592666174969523,2.099287892776536e-06,0.17973436513536462,0.7743368738270473,25,20,20
33,5102,0.04592666174969523,2.099287888523624e-06,0.17936126183046622,0.7747099771319498,25,20,20
33,5103,0.045926661749694425,2.099273990111009e-06,0.17923175329679983,0.7748394856795153,25,20,20
33,5104,0.045926661749695154,2.099273745441523e-06,0.1792337457849826,0.7748374931915766,25,20,20
33,5105,0.045926661157983606,2.0992737496578764e-06,0.17922909413569937,0.7748421454325671,25,20,20
33,5106,0.045898062564738204,2.0984139760421462e-06,0.179257693660655,0.7748421453606301,25,20,20
33,5107,0.04589806256455609,2.0984137315224402e-06,0.17925294120735136,0.7748468978143603,25,20,20
33,5108,0.045694529365523213,0.0001241721271640589,0.17933426916043768,0.7748470293468749,25,20,20
33,5109,0.045694529365523213,0.00012417212716398494,0.17933426718211284,0.7748470313251999,25,20,20
33,5110,0.04569452926073732,0.00012417212723110196,0.16837157663759725,0.7858097219744343,25,20,20
33,5111,0.04487985595325654,0.00012417175590811517,0.16955276925695373,0.7854432030338816,25,20,20
33,5112,0.044879855953119926,0.00012417175590818843,0.16983399030589524,0.7851619819850767,25,20,20
33,5113,0.04487985595311913,0.00012417175590818843,0.16982733674291342,0.7851686355480594,25,20,20
33,5114,0.04487985595311907,0.00012417175590818843,0.16982729421414772,0.785168678076825,25,20,20
33,5115,0.0448798559533012,0.00012417175590826373,0.16983037873226503,0.7851655935585256,25,20,20
33,5116,0.04487985595325568,0.00012417175591240414,0.1698276963076997,0.785168275983132,25,20,20
33,5117,0.04487985595325573,0.0001241717559123302,0.16983228393026598,0.7851636883605657,25,20,20
33,5118,0.04487985595325573,0.0001241717559124055,0.16983239920660634,0.7851635730842251,25,20,20
33,5119,0.04487985595325573,0.00012417175591248074,0.1698389639978092,0.7851570082930222,25,20,20
33,5120,0.04487985610073245,0.00012417175570688196,0.16372833684601903,0.7912676352975416,25,20,20
33,5121,0.044879856100732474,0.00012417175570688201,0.16372828550052435,0.7912676866430361,25,20,20
33,5122,0.044879856100777805,0.00012417175595071442,0.16385311482570178,0.7911428573175696,25,20,20
33,5123,0.04349413844946747,2.141917712243056e-06,0.16536121559981828,0.7911425040330018,25,20,20
33,5124,0.043494138449467507,2.1419174681842826e-06,0.1652690287329423,0.7912346909001218,25,20,20
33,5125,0.04349413844946749,2.1419174681829397e-06,0.16526908166350773,0.7912346379695566,25,20,20
33,5126,0.043494138449603946,2.1419174724611366e-06,0.16502461632624535,0.7914791033066783,25,20,20
33,5127,0.043494138449603925,2.141917472459771e-06,0.1650245879837971,0.7914791316491266,25,20,20
33,5128,0.04349413844974066,2.1419172287026604e-06,0.16489985349902267,0.7916038661340081,25,20,20
33,5129,0.043494138449559114,2.1419172286423263e-06,0.1647750222018224,0.7917286974313898,25,20,20
33,5130,0.04349413844937699,2.1419172285657426e-06,0.1647718573338767,0.7917318622995179,25,20,20
33,5131,0.04349413844937699,2.1419172328147284e-06,0.16514495805574467,0.7913587615776458,25,20,20
33,5132,0.04349413844937697,2.141917232813454e-06,0.16514493161070484,0.7913587880226858,25,20,20
33,5133,0.04349413844937699,2.1419172370285145e-06,0.1651385240909591,0.7913651955424272,25,20,20
33,5134,0.04349384376116909,2.1461942163027318e-06,0.16507253885062742,0.7914314711939875,25,20,20
33,5135,0.043493843761351146,2.1461944609589117e-06,0.16507913427587198,0.7914248757683161,25,20,20
33,5136,0.043493843761353845,2.146194667360247e-06,0.17132915837286802,0.7851748516711109,25,20,20
33,5137,0.04349384376135145,2.146194667361499e-06,0.1713292791312551,0.7851747309127262,25,20,20
33,5138,0.04349366000490225,2.1419186702702526e-06,0.17139572341685547,0.7851084746595721,25,20,20
33,5139,0.04349366000231018,2.141918425674965e-06,0.17139563481238101,0.7851085632668829,25,20,20
33,5140,0.043493660002310176,2.1419184213825146e-06,0.17139093126045046,0.7851132668188179,25,20,20
33,5141,0.043493660002310176,2.141918417092885e-06,0.17138432676511373,0.785119871314159,25,20,20
33,5142,0.04349366000231023,2.1419184171668252e-06,0.17138891419227678,0.7851152838869956,25,20,20
33,5143,0.04349366000231023,2.141918417166848e-06,0.17138891361668918,0.7851152844625833,25,20,20
33,5144,0.04349366000490397,2.1419182151337405e-06,0.16513904878207877,0.791365149294802,25,20,20
33,5145,0.043493660004903976,2.1419184597476386e-06,0.16514078640200755,0.7913634116746286,25,20,20
33,5146,0.06965662317210974,2.141300494670682e-06,0.13897782690842259,0.7913634086189725,25,20,20
33,5147,0.04570375240052549,2.8727191133460572e-06,0.1629299673368403,0.7913634075435206,25,20,20
33,5148,0.04570423125995388,2.872719112462144e-06,0.1630739890018388,0.7912189070190947,25,20,20
33,5149,0.04570423126486162,2.873293573766019e-06,0.174162041673905,0.7801308537676599,25,20,20
33,5150,0.045704231264858425,2.8732935736907824e-06,0.17415733942537376,0.7801355560161944,25,20,20
33,5151,0.045704231264676355,2.8732935736894932e-06,0.17415262426818928,0.7801402711735609,25,20,20
33,5152,0.04570423126467954,2.873293573616823e-06,0.17424022511645362,0.7800526703252935,25,20,20
33,5153,0.04570423126468194,2.873293573616823e-06,0.17424010557821235,0.7800527898635322,25,20,20
33,5154,0.045704231264681885,2.8732935735415628e-06,0.17423540430185777,0.7800574911398869,25,20,20
33,5155,0.045704231264681885,2.8732935763833003e-06,0.1882052702513826,0.7660876251903593,25,20,20
33,5156,0.04570423126468194,2.8732935763858714e-06,0.18820527316216007,0.7660876222795818,25,20,20
33,5157,0.04570423126468268,2.8732938209068522e-06,0.18821002549088914,0.7660828699506074,25,20,20
33,5158,0.04570423126468268,2.87329382090815e-06,0.18821002687831537,0.7660828685631812,25,20,20
33,5159,0.04570423126468274,2.873293818067687e-06,0.17424486313713888,0.7800480323043604,25,20,20
33,5160,0.04570423126468274,2.8732938180677096e-06,0.17424486316148097,0.7800480322800183,25,20,20
33,5161,0.045704230862479524,7.769470604228094e-07,0.1733177812611526,0.7809772109293078,25,20,20
33,5162,0.045704230862482716,7.769470604241294e-07,0.17332249707898748,0.7809724951114697,25,20,20
33,5163,0.04570423086266365,7.769470646871876e-07,0.17358884198912292,0.7807061502011492,25,20,20
33,5164,0.0457042307151862,7.769470602603533e-07,0.17344988412008902,0.7808451082176648,25,20,20
33,5165,0.04570423071518302,7.769470602603766e-07,0.17344512580691496,0.7808498665308421,25,20,20
33,5166,0.04570423071518068,7.769470603343531e-07,0.17344971692630295,0.7808452754114564,25,20,20
33,5167,0.045704187545271086,7.813885114183312e-07,0.1734497538715975,0.7808452771946205,25,20,20
33,5168,0.04570418754531645,7.813885072004648e-07,0.17359300285616974,0.780702028210007,25,20,20
33,5169,0.04570418754513552,7.813885072017547e-07,0.17359299050680627,0.7807020405595515,25,20,20
33,5170,0.04570418754513472,7.813882626054825e-07,0.17358815559577515,0.780706875470828,25,20,20
33,5171,0.04570418754513793,7.813882669710687e-07,0.1735883513443634,0.7807066797222322,25,20,20
33,5172,0.045704187545137984,7.813882712959422e-07,0.17396145324312756,0.7803335778234636,25,20,20
33,5173,0.0734168098193061,7.510551186246828e-07,0.14624872872056352,0.7803337104050116,25,20,20
33,5174,0.0734168098193061,7.510551229163197e-07,0.1462489245771889,0.7803335145483817,25,20,20
33,5175,0.10389822464179725,7.510310858922355e-07,0.11576763291691351,0.7803333914102031,25,20,20
33,5176,0.10281963419172513,9.902389265045259e-07,0.11678099739392138,0.7803983781754266,25,20,20
33,5177,0.10281962726963967,9.90238715216271e-07,0.10961395799998196,0.7875654244916628,25,20,20
33,5178,0.10281962726232165,9.896642539863748e-07,0.09852583014523891,0.7986535529281852,25,20,20
33,5179,0.10626249076564317,4.139497657751178e-07,0.0950835421586549,0.7986535531259362,25,20,20
33,5180,0.10626249076564313,4.139497615587499e-07,0.09508346077621668,0.7986536345083786,25,20,20
33,5181,0.10626249076545705,4.1394975711784186e-07,0.09508341840403776,0.798653676880748,25,20,20
33,5182,0.10626249076545782,4.1394951257920113e-07,0.09508832578878464,0.7986487694962449,25,20,20
33,5183,0.10626249076545463,4.139495082149128e-07,0.09508813204860575,0.7986489632364314,25,20,20
33,5184,0.10626249076545463,4.139495082149128e-07,0.09508813204860571,0.7986489632364312,25,20,20
33,5185,0.06801430021659743,4.383201431041468e-07,0.13333301528108366,0.798652246182176,25,20,20
33,5186,0.06859291069775277,4.242216502258419e-07,0.13275455338154446,0.7986521116990533,25,20,20
33,5187,0.06859291069775277,4.2422165015057384e-07,0.13275447609173954,0.7986521889888583,25,20,20
33,5188,0.07044558877724577,3.998577117829307e-07,0.13090510528385635,0.7986489060811869,25,20,20
33,5189,0.07044510991763532,3.998577126029976e-07,0.13075921404202934,0.7987952761826231,25,20,20
33,5190,0.07044510991763213,3.998577126030034e-07,0.13066702582019984,0.7988874644044559,25,20,20
33,5191,0.042706419454850646,4.001769259235809e-07,0.14427133303579448,0.8130218473324294,25,20,20
33,5192,0.04270641945484985,4.0017693006467484e-07,0.14426682762664267,0.8130263527415778,25,20,20
33,5193,0.04270641945488827,4.0018869511558915e-07,0.15051642785650515,0.806776752499912,25,20,20
33,5194,0.04215387711936319,6.525730836982844e-07,0.16520189470472446,0.7926435756028295,25,20,20
33,5195,0.04215387711936315,6.525730836982841e-07,0.16520383620409387,0.7926416341034601,25,20,20
33,5196,0.042153877119363185,6.525730879747437e-07,0.1653332766767195,0.7925121936308303,25,20,20
33,5197,0.042153877119363185,6.525730879760637e-07,0.16533339052591095,0.7925120797816387,25,20,20
33,5198,0.03909607849405367,6.530406455239823e-07,0.16839118870196756,0.7925120797633342,25,20,20
33,5199,0.03344230138901494,1.2795295694548811e-05,0.17403179479870734,0.7925131085165839,25,20,20
33,5200,0.033442301389014883,1.279529569447345e-05,0.1740319181126452,0.792512985202646,25,20,20
33,5201,0.033442301388979676,1.2795283929499122e-05,0.16778462997539634,0.7987602733516951,25,20,20
33,5202,0.03344230138897652,1.2795283933714175e-05,0.1677825145415579,0.7987623887855325,25,20,20
33,5203,0.033442301391571616,1.2795283938077796e-05,0.16778924691435343,0.7987556564101373,25,20,20
33,5204,0.03344230139159414,1.2795283938020733e-05,0.2029487296079733,0.7635961737164944,25,20,20
33,5205,0.03344230139159414,1.2795283938020685e-05,0.20294872701591957,0.7635961763085481,25,20,20
33,5206,0.03344230139159408,1.2795283693501047e-05,0.20294400739427998,0.7636008959304322,25,20,20
33,5207,0.03344230139159402,1.2795283693575019e-05,0.20294408572636247,0.7636008175983499,25,20,20
33,5208,0.033442379162732815,1.2544160514240528e-05,0.20132701423385238,0.7652180624429008,25,20,20
33,5209,0.03344237916273356,1.254416051424162e-05,0.20132913665770527,0.7652159400190471,25,20,20
33,5210,0.03344237916273669,1.2544160509952579e-05,0.2013289698622637,0.7652161068144898,25,20,20
33,5211,0.033442379162914204,1.254416050995127e-05,0.20164470687098945,0.7649003698055865,25,20,20
33,5212,0.033442379162914995,1.2544160514127584e-05,0.2020176958391363,0.7645273808374347,25,20,20
33,5213,0.033442304665739046,1.2542330216525539e-05,0.20363500135469365,0.7629101516493507,25,20,20
33,5214,0.03344269499512482,1.2542327504100287e-05,0.1708691482312724,0.7956756144460995,25,20,20
33,5215,0.03344230136177464,1.2542327739286722e-05,0.16401002476270685,0.8025351315477799,25,20,20
33,5216,0.03344230136177464,1.2542327739359395e-05,0.164009993357248,0.8025351629532387,25,20,20
33,5217,0.03344230136177459,1.254232773503582e-05,0.16363916761055802,0.802905988699933,25,20,20
33,5218,0.033442301359179485,1.2542327730745457e-05,0.1640055348013328,0.8025396215117577,25,20,20
33,5219,0.0334421006656791,1.461113505306268e-05,0.1640046956773796,0.8025385925218889,25,20,20
33,5220,0.004045991192891594,1.4397879395364123e-05,0.1934589528360858,0.8024806580916279,25,20,20
33,5221,0.004045991192936983,1.4397879391147581e-05,0.19358828638141318,0.8023513245462595,25,20,20
33,5222,0.004046036533410925,2.7886933781330816e-07,0.19360236005110437,0.8023513245461474,25,20,20
33,5223,0.004046036533459979,2.7886933789052416e-07,0.19396971606056318,0.8019839685366396,25,20,20
33,5224,0.0040460365334607775,2.7886934218106304e-07,0.19360131666917757,0.80235236792802,25,20,20
33,5225,0.004046036533642148,2.788832213721481e-07,0.19350751775719918,0.8024461668259377,25,20,20
33,5226,0.004046036533642945,2.788832214487561e-07,0.19350963272630384,0.8024440518568321,25,20,20
33,5227,0.00047275804811508927,5.276610287909103e-05,0.1969133433156434,0.8025611325333633,25,20,20
33,5228,0.0004727580481179366,5.2766102879081254e-05,0.20143451483254704,0.7980399610164559,25,20,20
33,5229,0.0004727580481179237,5.276610287490621e-05,0.2010680157016902,0.7984064601473169,25,20,20
33,5230,0.0004727580481179788,5.2766102879121274e-05,0.20106160818176425,0.7984128676672387,25,20,20
33,5231,0.0004727580481179227,5.2766102874829656e-05,0.20106152538225838,0.7984129504667489,25,20,20
33,5232,0.00047275805068844,5.2766103112994315e-05,0.2010619157228757,0.7984125601233228,25,20,20
33,5233,0.0004727580506884412,5.2766103117285926e-05,0.20106211296690688,0.7984123628792874,25,20,20
33,5234,0.0004727580505071255,5.2766089238122116e-05,0.20088969965744785,0.798584776202807,25,20,20
33,5235,0.00047275805050798017,5.2766089238197374e-05,0.20089278063979485,0.7985816952204591,25,20,20
33,5236,0.00047275805050718127,5.2766089242412406e-05,0.20089069913190108,0.7985837767283495,25,20,20
33,5237,0.00047275805045811424,5.276608924233519e-05,0.20051677918899102,0.7989576966713087,25,20,20
33,5238,0.000472758050458066,5.27660890042863e-05,0.20014958881726058,0.7993248870432776,25,20,20
33,5239,0.00047275805045806697,5.27660890042863e-05,0.2001495893164216,0.7993248865441166,25,20,20
33,5240,0.00047275855848463277,5.2766089210126925e-05,0.20581063594881097,0.7936638394034944,25,20,20
33,5241,0.00047275855848464643,5.276608944883224e-05,0.20607679121163736,0.7933976841404293,25,20,20
33,5242,0.00047275855866557706,5.2766089453094e-05,0.20634302527279189,0.7931314500790896,25,20,20
33,5243,0.00047275855866550734,5.2766089448816236e-05,0.20621353158243014,0.7932609437694558,25,20,20
33,5244,0.0004727585586663403,5.2766089691154754e-05,0.2065872994498141,0.7928871759018286,25,20,20
33,5245,0.00048299439548204787,1.73915304409901e-06,0.20675222384846412,0.7927630426030098,25,20,20
33,5246,0.0009799875160512804,1.7386773577618465e-06,0.2062552311810308,0.7927630426255604,25,20,20
33,5247,0.0009799875160051673,1.7386773620129727e-06,0.20648488881281524,0.7925333849938179,25,20,20
33,5248,0.0009799875160052224,1.738677362089539e-06,0.20648496612765935,0.792533307678974,25,20,20
33,5249,0.0009799875134339148,1.7386771239641966e-06,0.20611807743732238,0.7929001963721204,25,20,20
33,5250,0.0009799875134347126,1.7386771198231425e-06,0.20611796528570941,0.7929003085237367,25,20,20
33,5251,0.0009804136614226533,1.7386775607459867e-06,0.1755399654842786,0.8234778821767386,25,20,20
33,5252,0.0009804136614218555,1.7386775564561498e-06,0.17554186607061711,0.8234759815904051,25,20,20
33,5253,0.0009804136614218555,1.7386775564561277e-06,0.17554175162566188,0.8234760960353601,25,20,20
33,5254,0.0009804136613764678,1.7386775563823776e-06,0.17541224928617755,0.8236055983748899,25,20,20
33,5255,0.03993914824192618,1.7386773989429981e-06,0.1364535147407791,0.823605598339896,25,20,20
33,5256,0.03993914824192618,1.7386773946520715e-06,0.1364469892888067,0.8236121237918728,25,20,20
33,5257,0.03993914824452128,1.7386776435249619e-06,0.13645146328037294,0.8236076497974624,25,20,20
33,5258,0.03993914824452126,1.7386776392541777e-06,0.14713628204066054,0.8129228310371791,25,20,20
33,5259,0.03993914824452046,1.7386776349645488e-06,0.1471297899427914,0.8129293231350535,25,20,20
33,5260,0.0399391482445204,1.739465865610062e-06,0.14714389740456033,0.8129152148850538,25,20,20
33,5261,0.03614026637220352,1.7394659150894574e-06,0.15094277927079533,0.8129152148910863,25,20,20
33,5262,0.036140266372209164,1.7394659151546233e-06,0.15561964773093873,0.8082383464309372,25,20,20
33,5263,0.03614026637221236,1.7394661590594342e-06,0.15574960370909902,0.8081083904525296,25,20,20
33,5264,0.03614026637221237,1.7394661590581143e-06,0.155749571741034,0.8081084224205948,25,20,20
33,5265,0.03614026637203178,1.738677928413909e-06,0.15541970024130075,0.8084382947087393,25,20,20
33,5266,0.03614026637203817,1.7386779301061887e-06,0.15515508594092997,0.808702909009102,25,20,20
33,5267,0.03614026637207764,1.7386917432030423e-06,0.15085231725544881,0.8130056776807306,25,20,20
33,5268,0.03614026637207769,1.7386917474661248e-06,0.1511185680550196,0.8127394268811555,25,20,20
33,5269,0.03614026637207765,1.7386917474661483e-06,0.1511185301258406,0.8127394648103347,25,20,20
33,5270,0.03614026637207883,1.7386919878618656e-06,0.15085888670264816,0.8129991082332855,25,20,20
33,5271,0.036140266369483795,1.7386917432791456e-06,0.15085370608044943,0.8130042888583238,25,20,20
33,5272,0.03614026636947739,1.7386914985899617e-06,0.15085196844955098,0.8130060264894733,25,20,20
33,5273,0.036140266369477377,1.7386914985133715e-06,0.15085189050176298,0.8130061044372614,25,20,20
33,5274,0.03613984023177994,1.7387049083074801e-06,0.14653669826206092,0.8173217228012511,25,20,20
33,5275,0.03613984023177908,1.7387049081582296e-06,0.14653364869542732,0.8173247723678859,25,20,20
33,5276,0.03613984023177594,1.7387046685445494e-06,0.14640839685468263,0.8174500242088734,25,20,20
33,5277,0.03613984023177588,1.7387046643283506e-06,0.14640694190121897,0.8174514791623413,25,20,20
33,5278,0.036141750691596065,1.7394946344123156e-06,0.14665978307926392,0.817196726734506,25,20,20
33,5279,0.036141750691596,1.739494630121207e-06,0.14665508036369432,0.8172014294500799,25,20,20
33,5280,0.03614175069418556,1.739494878462677e-06,0.14674743432416856,0.8171090754867678,25,20,20
33,5281,0.036141750694188755,1.7394948785392437e-06,0.14674751740771966,0.8171089924032136,25,20,20
33,5282,0.036141750694234274,1.7394948828293455e-06,0.14674977537399353,0.8171067344368897,25,20,20
33,5283,0.03614175069405222,1.739494638170593e-06,0.14674309875105931,0.8171134110602507,25,20,20
33,5284,0.036141750694052205,1.7394946381705476e-06,0.14674313985493453,0.8171133699563754,25,20,20
33,5285,0.03614175069405136,1.739494395832033e-06,0.14637404477207935,0.8174824650394737,25,20,20
33,5286,0.03614175018861434,1.739508101373661e-06,0.14080526950588967,0.8230512407973947,25,20,20
33,5287,0.03613983972897487,1.738718131289685e-06,0.1408681673359323,0.8229902542169617,25,20,20
33,5288,0.03613983972897487,1.7387181312909835e-06,0.14086350547564902,0.822994916077245,25,20,20
33,5289,0.03613983972897492,1.7387181312909835e-06,0.14086350548647092,0.822994916066423,25,20,20
33,5290,0.03613983972897492,1.7387181355084152e-06,0.14085914216742657,0.8229992793854631,25,20,20
33,5291,0.03613983972897488,1.7387181397972111e-06,0.1408614183227241,0.8229970032301615,25,20,20
33,5292,0.03613983987369321,1.7387181076546664e-06,0.14094156120645623,0.8229168602017429,25,20,20
33,5293,0.03613983987628027,1.738718111857113e-06,0.14106499713652434,0.8227934242690835,25,20,20
33,5294,0.03613983987628027,1.7387181118558147e-06,0.14106495918291484,0.8227934622226931,25,20,20
33,5295,0.036139839886662355,1.7387181161673083e-06,0.13000726247708586,0.833851158918136,25,20,20
33,5296,0.03613983988671176,1.7387320103762195e-06,0.1301345734682644,0.8337238479130139,25,20,20
33,5297,0.03613983988671219,1.7387182015797856e-06,0.12976059143094273,0.8340978299641438,25,20,20
33,5298,0.036139839886716235,1.7387182017316618e-06,0.1297621351910598,0.8340962862040223,25,20,20
33,5299,0.03613983988671544,1.7387181975142193e-06,0.12975996935753323,0.834098452037554,25,20,20
33,5300,0.036139839884128375,1.7387181932365075e-06,0.1298962768047337,0.8339621445929449,25,20,20
33,5301,0.03613983988412758,1.7387181931612162e-06,0.129896274765989,0.8339621466316904,25,20,20
33,5302,0.036139839884130776,1.7387181931638122e-06,0.12989630520512668,0.8339621161925496,25,20,20
33,5303,0.03613983987375185,1.7387181931631146e-06,0.12990268577809394,0.8339557356299614,25,20,20
33,5304,0.03613979441063299,1.494484265950326e-06,0.12990297547514162,0.8339557356299594,25,20,20
33,5305,0.03613979441058751,1.4944845061783724e-06,0.12990761168370635,0.8339510994211997,25,20,20
33,5306,0.03613979440800115,1.4944981985629587e-06,0.12982350300550785,0.8340352080882922,25,20,20
33,5307,0.03613979440799832,1.4944981985727288e-06,0.12530228077827313,0.8385564303155297,25,20,20
33,5308,0.036139794407998305,1.4944981985714079e-06,0.12530236559872693,0.8385563454950758,25,20,20
33,5309,0.03613979440795208,1.494484300147672e-06,0.12517285953765067,0.838685851570097,25,20,20
33,5310,0.036139794407952015,1.4944842958858873e-06,0.12490652824437971,0.8389521828633724,25,20,20
33,5311,0.03613979440794882,1.4944843000736697e-06,0.12517277700086302,0.8386859341068879,25,20,20
33,5312,0.036139794407768794,1.4944845064768456e-06,0.13110659595296212,0.8327521151547623,25,20,20
33,5313,0.03613979440776959,1.4944845107679903e-06,0.1311111842688108,0.8327475268389085,25,20,20
33,5314,0.03613979440776959,1.4944842662496271e-06,0.13110639015608913,0.8327523209518748,25,20,20
33,5315,0.03613979440776959,1.494484266175679e-06,0.13110634764971604,0.832752363458248,25,20,20
33,5316,0.03613979440776959,1.4944842661744038e-06,0.13110634568670215,0.8327523654212619,25,20,20
33,5317,0.039776787221379305,8.273650518418503e-09,0.12747083915818552,0.8327523653467853,25,20,20
33,5318,0.03977678722156081,8.273894347510226e-09,0.1276010880659135,0.8326221164386319,25,20,20
33,5319,0.03977678722156076,8.273894347519177e-09,0.12733474192116548,0.83288846258338,25,20,20
33,5320,0.03977678722155841,9.06332138319679e-09,0.12760431660940733,0.8326188871057135,25,20,20
33,5321,0.039776787221557613,9.063317016783356e-09,0.1275996124313555,0.8326235912837703,25,20,20
33,5322,0.039776787221554484,9.04938058167348e-09,0.12759800598853233,0.8326251977405331,25,20,20
33,5323,0.0397767872241337,9.049623666901259e-09,0.12784960084860023,0.832373602877643,25,20,20
33,5324,0.03977678722413369,9.04961945051248e-09,0.12797680342247353,0.8322464003037738,25,20,20
33,5325,0.039776787224133636,9.049623711773775e-09,0.12824309498590325,0.8319801087403398,25,20,20
33,5326,0.039776787224133636,9.049623710453673e-09,0.12824320942488632,0.8319799943013567,25,20,20
33,5327,0.0397767872241305,9.04961934556878e-09,0.12823822586668085,0.8319849778595696,25,20,20
33,5328,0.0397767872241305,9.04961515647622e-09,0.12797849736934436,0.8322447063569104,25,20,20
33,5329,0.039776787813209306,9.0634908739558e-09,0.12815471015279242,0.8320684929705078,25,20,20
33,5330,0.03977678781320936,9.063495137030033e-09,0.12842096247097698,0.8318022406523188,25,20,20
33,5331,0.0397767884038148,9.063739275721196e-09,0.12851291327194245,0.8317102892605037,25,20,20
33,5332,0.03977678840376933,9.063739200666614e-09,0.12851073598469726,0.8317124665477945,25,20,20
33,5333,0.039776788403769386,9.063739275935432e-09,0.12851087709238354,0.8317123254401081,25,20,20
33,5334,0.03977678840395072,9.063739350145871e-09,0.12838363624661478,0.8318395662856954,25,20,20
33,5335,0.03977678781334853,9.06349521277569e-09,0.12830188657950228,0.8319213165436543,25,20,20
33,5336,0.0397767878030355,9.049644477596759e-09,0.1280354814522171,0.8321877216951031,25,20,20
33,5337,0.03977678765573076,9.035761096797748e-09,0.12786309070508906,0.8323601126034194,25,20,20
33,5338,0.0397767876557755,8.246578569392998e-09,0.1276001365680167,0.8326230675296297,25,20,20
33,5339,0.03977678765577484,8.246372166214416e-09,0.12172366945756244,0.8384995346402907,25,20,20
33,5340,0.03977678766615251,8.246616836451882e-09,0.12171830703810164,0.8385048970491291,25,20,20
33,5341,0.039776787666152495,8.246616910426909e-09,0.12134988957136959,0.8388733145158611,25,20,20
33,5342,0.039776787666155694,8.246621275311748e-09,0.12135645554771363,0.8388667485395094,25,20,20
33,5343,0.03977678766615575,8.246625568252076e-09,0.12135648201355101,0.8388667220736675,25,20,20
33,5344,0.0397767876661557,8.246621351204256e-09,0.12172938860973398,0.838493815477489,25,20,20
33,5345,0.039776787666151725,8.246625490942945e-09,0.12172796105359454,0.8384952430336283,25,20,20
33,5346,0.03977678766615167,8.246625415674934e-09,0.12172781863922501,0.8384953854479978,25,20,20
33,5347,0.03977678766614847,8.246625266434646e-09,0.12172767610370722,0.8384955279835189,25,20,20
33,5348,0.039717499005913495,8.222167270089918e-09,0.1217869647884236,0.8384955279834955,25,20,20
33,5349,0.03971749900573136,8.222167119560338e-09,0.12178468396759333,0.8384978088045081,25,20,20
33,5350,0.0397175024797173,4.851455202918324e-09,0.12178468386430895,0.8384978088045182,25,20,20
33,5351,0.039717502479714124,4.851455275591301e-09,0.12178476931239635,0.8384977233564338,25,20,20
33,5352,0.03971750247971418,4.851459565907549e-09,0.12178496586420265,0.8384975268046233,25,20,20
33,5353,0.03971750247971737,4.851463856830705e-09,0.1217868705549723,0.8384956221138461,25,20,20
33,5354,0.039717502479717316,4.851463856829953e-09,0.12178524958698768,0.8384972430818308,25,20,20
33,5355,0.03971750189082058,4.837588215287757e-09,0.12160259609007246,0.8386798971815185,25,20,20
33,5356,0.03971750189082064,4.837832725296184e-09,0.12160911373356166,0.8386733795377846,25,20,20
33,5357,0.039717501890820656,4.837837014902808e-09,0.12161571821930296,0.8386667750520391,25,20,20
33,5358,0.03971750189082139,4.8378327985450676e-09,0.12162212800890013,0.8386603652624455,25,20,20
33,5359,0.03971750189082218,4.8516792733308655e-09,0.12162218634676224,0.8386603069107362,25,20,20
33,5360,0.03971750189095832,4.851434763609746e-09,0.12170778411292398,0.8385747091446829,25,20,20
33,5361,0.059490112370338064,4.851356856843666e-09,0.10193511693974842,0.8385747658385566,25,20,20
33,5362,0.05949011237033807,4.8513611097337635e-09,0.10230822082023437,0.8382016619580663,25,20,20
33,5363,0.05949011237033489,4.851356818819242e-09,0.10230173019391335,0.8382081525843948,25,20,20
33,5364,0.05949011237033255,4.851352602226932e-09,0.10254681009003858,0.8379630726882762,25,20,20
33,5365,0.05949011237015041,4.851348235366755e-09,0.10254669386760983,0.8379631889108914,25,20,20
33,5366,0.05949011235976954,4.85110363910001e-09,0.10254193832120569,0.8379679444679211,25,20,20
33,5367,0.05949011235977032,4.851107930559133e-09,0.10254344799773987,0.8379664347913818,25,20,20
33,5368,0.05949011235976953,4.837257117945284e-09,0.10227705672326488,0.8382328260797085,25,20,20
33,5369,0.05949011235976953,4.837252930149863e-09,0.10201732810494059,0.8384925546980372,25,20,20
33,5370,0.05949011235995437,4.837252996652775e-09,0.10210991063423278,0.8383999721685601,25,20,20
33,5371,0.059490112359955154,4.837497505628291e-09,0.1017435118361768,0.8387663709663706,25,20,20
33,5372,0.05640642643460516,4.8414185087791536e-09,0.10482717737715676,0.8387663913468195,25,20,20
33,5373,0.056406426434605146,4.841414294433007e-09,0.10482527348665537,0.8387682952373251,25,20,20
33,5374,0.05640642643460508,4.841169710453456e-09,0.10481864195357232,0.8387749267706529,25,20,20
33,5375,0.05640642643460508,4.841169636504701e-09,0.1048185280990987,0.8387750406251268,25,20,20
33,5376,0.05640642962389683,1.391486709904166e-05,0.10473829577166129,0.8388413597373432,25,20,20
33,5377,0.05640642962407811,1.3914867098894665e-05,0.10448831433482209,0.8390913411740012,25,20,20
33,5378,0.05640642962667306,1.3914867347828162e-05,0.1044976315556003,0.839082023950379,25,20,20
33,5379,0.056406426494606,1.417562118971829e-05,0.1045625285521467,0.8390168693320578,25,20,20
33,5380,0.05640642649460598,1.4175621193894615e-05,0.10492902567624933,0.8386503722079507,25,20,20
33,5381,0.05640642649460593,1.4175621193820641e-05,0.10492902355919824,0.838650374325002,25,20,20
33,5382,0.056406426494606726,1.4175621438341633e-05,0.10492725429137138,0.8386521435925833,25,20,20
33,5383,0.056406426494606726,1.4175621438341657e-05,0.1049272534896516,0.838652144394303,25,20,20
33,5384,0.056406426494425156,1.4175621194661677e-05,0.10517007970240996,0.83840931818197,25,20,20
33,5385,0.056406426494425156,1.4175621194515137e-05,0.10480358086676189,0.8387758170176182,25,20,20
33,5386,0.056406426494425954,1.41756214348585e-05,0.10443531247289735,0.8391440854112413,25,20,20
33,5387,0.056406426494428355,1.417562119455517e-05,0.10443059944509712,0.8391487984392794,25,20,20
33,5388,0.03401841892831596,1.4175638901026167e-05,0.12681839322774663,0.8391490122050365,25,20,20
33,5389,0.03401841892831596,1.41756389053145e-05,0.12681839498579384,0.8391490104469851,25,20,20
33,5390,0.04068567753617169,1.4175636489260275e-05,0.12015115677416306,0.8391489900531756,25,20,20
33,5391,0.04068567753616849,1.4175636484968652e-05,0.12015763907872942,0.8391425077486165,25,20,20
33,5392,0.04068567753617169,1.4175636729578736e-05,0.12015999803240257,0.8391401487946958,25,20,20
33,5393,0.04068567753598677,1.4175636725295888e-05,0.120067247291818,0.8392328995354694,25,20,20
33,5394,0.040685677535985974,1.4175636480713643e-05,0.12006065668410748,0.8392394901434252,25,20,20
33,5395,0.040685677535985974,1.4175636480713641e-05,0.12006535650827548,0.8392347903192574,25,20,20
33,5396,0.040685677533409965,1.4175636237703727e-05,0.11981373168446241,0.8394864151458896,25,20,20
33,5397,0.03970801346143904,1.4175622952118994e-05,0.12079166620864391,0.8394861447069651,25,20,20
33,5398,0.03970801346161757,1.4175622951568953e-05,0.12088161027794131,0.8393962006374898,25,20,20
33,5399,0.03970801345902582,1.4175622707001639e-05,0.12087889900521921,0.839398911913048,25,20,20
33,5400,0.039708013458844095,1.4175622706927818e-05,0.12078659819022024,0.8394912127282289,25,20,20
33,5401,0.03970801345884403,1.4175622702634855e-05,0.12078645389033411,0.8394913570281196,25,20,20
33,5402,0.03970801346143862,1.417562270694065e-05,0.12078410265745156,0.8394937082584032,25,20,20
33,5403,0.039708013461438665,1.4175622706866688e-05,0.12077950970206915,0.8394983012137855,25,20,20
33,5404,0.03970801346143872,1.4175622706869261e-05,0.12077943064292146,0.8394983802729331,25,20,20
33,5405,0.039708013461438665,1.4175622706867962e-05,0.12077950827386105,0.8394983026419935,25,20,20
33,5406,0.039708013464033624,1.4175622707018535e-05,0.12078871241777907,0.8394890984954805,25,20,20
33,5407,0.039708013464033624,1.4175622707018557e-05,0.12078882554815448,0.839488985365105,25,20,20
33,5408,0.03970801346403364,1.4175622707017236e-05,0.12078871346803799,0.8394890974452216,25,20,20
33,5409,0.03970801346403365,1.4175622707093848e-05,0.12078874588836466,0.8394890650248946,25,20,20
33,5410,0.00321931771122274,1.4198967402929789e-05,0.15727107193596412,0.8394954113854101,25,20,20
33,5411,0.003219317711404845,1.4198967647427862e-05,0.15727962437814155,0.8394868589428062,25,20,20
33,5412,0.003219317711450379,1.4198967647504447e-05,0.15728190477407494,0.8394845785468271,25,20,20
33,5413,0.0032193177116281095,1.4198981493507245e-05,0.1575427476993514,0.8392237356075269,25,20,20
33,5414,0.0032193177116289057,1.4198981493508536e-05,0.157672784627599,0.8390936986792785,25,20,20
33,5415,0.0032193177116281845,1.4198981733851907e-05,0.15730451595732972,0.8394619673493081,25,20,20
33,5416,0.003219317711447259,1.4198967883484225e-05,0.15703706956630425,0.8397294137543649,25,20,20
33,5417,0.004168977822877532,1.4198989401187322e-05,0.15566113491742897,0.840155688270292,25,20,20
33,5418,0.004168977820282205,1.41989891565775e-05,0.15566525714712273,0.8401515660434381,25,20,20
33,5419,0.004168977820282204,1.419898915657748e-05,0.1556652560623396,0.8401515671282214,25,20,20
33,5420,0.004168977820281395,1.4198989156577482e-05,0.15553521807355783,0.8402816051170039,25,20,20
33,5421,0.004168977820462334,1.4199003006945166e-05,0.15580258646916487,0.8400142367073655,25,20,20
33,5422,0.004168977820463132,1.419900300702063e-05,0.15580068415442228,0.8400161390221074,25,20,20
33,5423,0.004168978342904795,1.4199015076997023e-05,0.16038310439627573,0.8354337182457432,25,20,20
33,5424,0.004601368422556819,1.4175677123948977e-05,0.1599570817613452,0.8354273741389736,25,20,20
33,5425,0.004601368419961913,1.4175677123872376e-05,0.15994795868839026,0.8354364972145234,25,20,20
33,5426,0.0046013684199611125,1.4175677119506924e-05,0.15994633508764478,0.8354381208152738,25,20,20
33,5427,0.0046039965194590035,2.478482926703616e-07,0.15995877910634884,0.8354369765259005,25,20,20
33,5428,0.004603996519458991,2.4784829267035726e-07,0.15996102621074043,0.835434729421509,25,20,20
33,5429,0.004603996519458991,2.478482927443284e-07,0.1599611400998314,0.8354346155324179,25,20,20
33,5430,0.004601372485141551,4.883935199799109e-09,0.15996402736720625,0.8354345952637182,25,20,20
33,5431,0.004601536772774006,4.425149984587914e-09,0.15646029021369356,0.8389381685883827,25,20,20
33,5432,0.004601536772777144,4.425150058558976e-09,0.156460323581998,0.8389381352200749,25,20,20
33,5433,0.01112376920634303,1.1849965226657541e-07,0.14993779397317983,0.8389383183208262,25,20,20
33,5434,0.011123600796300447,1.405491784473572e-05,0.15342759995036834,0.8354347443354878,25,20,20
33,5435,0.011123600796300403,1.4054917844663049e-05,0.15342752087753941,0.8354348234083169,25,20,20
33,5436,0.011123600796300516,1.4054917844813597e-05,0.15343068204751284,0.8354316622383431,25,20,20
33,5437,0.01112360079611838,1.4054917844812279e-05,0.1534290581399309,0.835433286146107,25,20,20
33,5438,0.010173791636795992,1.405489184367214e-05,0.15480513938639212,0.8350070140849692,25,20,20
33,5439,0.003651562717660115,1.3981030329742534e-05,0.16132762526778321,0.8350068309842268,25,20,20
33,5440,0.003651562717660073,1.3981030333883623e-05,0.1613246607568019,0.835009795495204,25,20,20
33,5441,0.003651562717478768,1.3981030093602503e-05,0.16132271873542842,0.8350117375169992,25,20,20
33,5442,0.0036515627174755726,1.3981030093602495e-05,0.16132727755260906,0.8350071786998218,25,20,20
33,5443,0.0036515627174768506,1.3981029849071015e-05,0.1675885521626872,0.8287459040899869,25,20,20
33,5444,0.0036515627174768645,1.3981029849144975e-05,0.16759515499338398,0.8287393012592901,25,20,20
33,5445,0.0036515627176586045,1.3981043760760253e-05,0.16768008673622756,0.8286543695023529,25,20,20
33,5446,0.0036515627176586045,1.398104376075894e-05,0.16767550076535856,0.828658955473222,25,20,20
33,5447,0.0036515627176618008,1.3981043764974846e-05,0.16768008909488283,0.8286543671436902,25,20,20
33,5448,0.0036515627176641973,1.3981043760611055e-05,0.1676755487355028,0.8286589075030725,25,20,20
33,5449,0.0036515627176641977,1.3981043756395397e-05,0.1676690633855505,0.8286653928530291,25,20,20
33,5450,0.0036515627177092637,1.3981043756396713e-05,0.16809316167273894,0.8282412945657954,25,20,20
33,5451,0.0036515785348320323,4.102623062618679e-08,0.16777948163332718,0.82856889880561,25,20,20
33,5452,0.003651578534997824,8.22624207844565e-08,0.17136340181884105,0.8249849373837399,25,20,20
33,5453,0.003651571167148362,4.251819145327492e-08,0.17136344893093905,0.8249849373837214,25,20,20
33,5454,0.0036526482601660338,4.2596961831065064e-08,0.17168302674523506,0.8246642823976374,25,20,20
33,5455,0.0036526482601660893,4.259696187727829e-08,0.17194916299342544,0.824398146149447,25,20,20
33,5456,0.0036526482599883447,4.258311150959511e-08,0.17168179671845682,0.8246655124384437,25,20,20
33,5457,0.0036526482600325334,4.258311152269027e-08,0.1654158425952542,0.8309314665616021,25,20,20
33,5458,0.0036526482626196093,4.2597009933230256e-08,0.16554535351134245,0.8308019556290283,25,20,20
33,5459,0.0036526482626196097,4.259700985798457e-08,0.1655452660969685,0.8308020430434021,25,20,20
33,5460,0.0036526482626164708,4.259701404574432e-08,0.1658115149846827,0.8305357941556872,25,20,20
33,5461,0.003652648262616484,4.259700978401377e-08,0.16554523768031756,0.8308020714600566,25,20,20
33,5462,0.0036526482626165406,4.259700978401417e-08,0.16554523913154737,0.8308020700088268,25,20,20
33,5463,0.003652648265166905,4.259701414813722e-08,0.165122811209348,0.8312244979284713,25,20,20
33,5464,0.003652648265170099,4.2597258686770373e-08,0.16512227072900573,0.8312250384085658,25,20,20
33,5465,0.0037218286958503447,4.259741301978566e-08,0.16505309277359995,0.8312250359331368,25,20,20
33,5466,0.0037218286958534286,4.259741297465989e-08,0.1647891317816869,0.831488996925047,25,20,20
33,5467,0.0037210199872057437,4.3110688209905896e-08,0.16478993993559055,0.8314889969665157,25,20,20
33,5468,0.003753232557836082,4.266498483459808e-08,0.16476095608655825,0.8314857686906213,25,20,20
33,5469,0.0037537637601813573,4.183362113192084e-08,0.16476042571424487,0.8314857686919538,25,20,20
33,5470,0.0037537637601781754,4.183362120455963e-08,0.16476686669938534,0.8314793277068163,25,20,20
33,5471,0.003753763760181371,4.183386579821499e-08,0.16477158776940828,0.8314746066365456,25,20,20
33,5472,0.0037537637601781754,4.183362120323953e-08,0.16476675226450785,0.8314794421416939,25,20,20
33,5473,0.0007161230030882642,2.072301935189221e-06,0.16779744028680454,0.8314843644081721,25,20,20
33,5474,0.0007161230030850559,2.0723019308991154e-06,0.16779507025808396,0.8314867344369001,25,20,20
33,5475,0.0007161230030850688,2.0723019309746173e-06,0.16779264716075606,0.8314891575342281,25,20,20
33,5476,0.00010438745713405864,2.5016199021644035e-07,0.16841112936163852,0.8314842330192371,25,20,20
33,5477,0.00010438745695226309,2.5014807852590684e-07,0.16831967439368417,0.8315756880012851,25,20,20
33,5478,0.00010438745441051882,2.5013418011384816e-07,0.16831957350523677,0.831575788906172,25,20,20
33,5479,0.00010438745441371304,2.5013418440606846e-07,0.16832618447229225,0.8315691779391092,25,20,20
33,5480,0.00010438745441057413,2.5013442470877736e-07,0.16832438055341079,0.8315709818577536,25,20,20
33,5481,0.00010438746470842485,2.5014825408353504e-07,0.1686519963337724,0.8312433660532649,25,20,20
33,5482,0.000104387454410505,2.501344247074336e-07,0.1683244055395914,0.8315709568715731,25,20,20
33,5483,0.00010438745441371339,2.501346693213319e-07,0.16832614119939535,0.8315692212115215,25,20,20
33,5484,0.00010438745436824924,2.50134673523779e-07,0.16845338349869818,0.8314419789122597,25,20,20
33,5485,0.00010221520464294568,4.265787155670867e-08,0.16845576323059006,0.8314419789068949,25,20,20
33,5486,0.00010221520463975018,4.265787155538816e-08,0.1684556800590148,0.8314420620784735,25,20,20
33,5487,0.00010221520463980625,4.265787155670907e-08,0.16845576161122003,0.8314419805262682,25,20,20
33,5488,0.00010221520459443186,4.265787577256514e-08,0.16833283693347323,0.8315649052040561,25,20,20
33,5489,0.028390963935486912,4.263123353637789e-08,0.1400440882305568,0.8315649052027233,25,20,20
33,5490,0.0283909639354837,4.26309889211595e-08,0.1400423511589846,0.8315666422745432,25,20,20
33,5491,0.028390963935664683,4.26309889946513e-08,0.14030947134631444,0.8312995220870324,25,20,20
33,5492,0.02832261354084366,4.2117871336967304e-08,0.14037781742142097,0.8312995269198648,25,20,20
33,5493,0.06727477903790312,4.2125847719493877e-08,0.10142929709804749,0.8312958817382022,25,20,20
33,5494,0.06727477904826124,4.212560320097705e-08,0.10151698925697755,0.8312081895691585,25,20,20
33,5495,0.06727477904826124,4.2125603274948845e-08,0.10151046754610084,0.8312147112800352,25,20,20
33,5496,0.06727477904826208,4.2125607639835056e-08,0.10151237224060594,0.8312128065855249,25,20,20
33,5497,0.06727477904826287,4.21256077275397e-08,0.10138459376013369,0.8313405850659962,25,20,20
33,5498,0.06727477904826286,4.212560765490089e-08,0.10137810341563451,0.8313470754104955,25,20,20
33,5499,0.06727477904826283,4.212560336529507e-08,0.10137149893191838,0.8313536798942159,25,20,20
33,5500,0.06727477904826284,4.2125603365294663e-08,0.10137149893170143,0.831353679894433,25,20,20
33,5501,0.06729324659683718,7.070922946565031e-08,0.10135287139431785,0.8313538112996158,25,20,20
33,5502,0.06729324659683633,7.070922509886777e-08,0.10135112578211947,0.8313555569118194,25,20,20
33,5503,0.06729324658647817,7.070922502373001e-08,0.10125871259675055,0.8314479701075466,25,20,20
33,5504,0.06729324658647819,7.0709225023707e-08,0.10126523805876463,0.8314414446455324,25,20,20
33,5505,0.06729324658647819,7.0709225023707e-08,0.10126523805876463,0.8314414446455324,25,20,20
33,5506,0.06729324658647826,7.0709469531957e-08,0.10127186003826791,0.8314348226657846,25,20,20
33,5507,0.0672932465864782,7.070946953063608e-08,0.10127177907174877,0.8314349036323037,25,20,20
33,5508,0.06729324658652373,7.070946967857834e-08,0.10127178777183991,0.8314348949321669,25,20,20
33,5509,0.06729324658652289,7.070946531369269e-08,0.10126518327219909,0.831441499431813,25,20,20
33,5510,0.06729324658634189,7.070946523892632e-08,0.10099798271062926,0.831708699993564,25,20,20
33,5511,0.0672932465863451,7.070946960561771e-08,0.10100035093727483,0.8317063317669109,25,20,20
33,5512,0.06729324658893984,7.072341319972541e-08,0.1010125588382221,0.8316941238494252,25,20,20
33,5513,0.0672467355424714,1.1094130122334388e-07,0.10105911930373516,0.8316940342124927,25,20,20
33,5514,0.0672467355424722,1.1094130137390427e-07,0.10105926374644443,0.8316938897697824,25,20,20
33,5515,0.06724673553987745,1.1092735777981895e-07,0.10104702242686969,0.8317061311058955,25,20,20
33,5516,0.06724673553971167,6.969116754891037e-08,0.09745650144341032,0.835296693325711,25,20,20
33,5517,0.06724673501708828,6.967885358644712e-08,0.09278181614052176,0.8399713791635368,25,20,20
33,5518,0.06724673501713259,6.96790916368759e-08,0.09314829942963493,0.8396048958741414,25,20,20
33,5519,0.0672467350171358,6.967909600178032e-08,0.09315493684379335,0.8395982584599754,25,20,20
33,5520,0.06724673501713258,6.967909163644482e-08,0.09315265776588,0.8396005375378963,25,20,20
33,5521,0.07886484049886114,6.985918712477014e-08,0.08153317194102691,0.8396019177009254,25,20,20
33,5522,0.07891210973890751,4.948226192993509e-08,0.08148583340904594,0.8396020073697851,25,20,20
33,5523,0.11864386914734747,2.1075801895429782e-08,0.04175423825672075,0.8396018715201299,25,20,20
33,5524,0.11864386914734426,2.1075557355480654e-08,0.041752616461883905,0.8396034933152146,25,20,20
33,5525,0.11864386914734426,2.1075557429447227e-08,0.041754892127031325,0.839601217650067,25,20,20
33,5526,0.11864386914734426,2.1075557429447227e-08,0.041754892127031325,0.839601217650067,25,20,20
33,5527,0.11864386914734425,2.1075561764679767e-08,0.0420212213891205,0.8393348883879734,25,20,20
33,5528,0.11864386914734432,2.107556900559867e-08,0.04827072585086554,0.8330853839262212,25,20,20
33,5529,0.1186438691472992,2.1075326664223735e-08,0.04789771757700912,0.8334583922003651,25,20,20
33,5530,0.1186438691473,2.107533103063717e-08,0.04790242116937158,0.8334536886079974,25,20,20
33,5531,0.11864386914470458,2.1075330955537733e-08,0.047900866985429495,0.833455242794535,25,20,20
33,5532,0.11864386914470545,2.107533103347095e-08,0.047900795269049945,0.8334553145109136,25,20,20
33,5533,0.11864386914470543,2.1075090242873956e-08,0.05255296114695535,0.8288031486332492,25,20,20
33,5534,0.11864386914470548,2.1075090242842404e-08,0.05255762303933197,0.8287984867408725,25,20,20
33,5535,0.11864386914470862,2.108894053656408e-08,0.052820370621605335,0.8285357391447458,25,20,20
33,5536,0.11864386930200979,2.0258725867941815e-08,0.05282036719490485,0.8285357432443589,25,20,20
33,5537,0.11864386930200657,2.0258721503059763e-08,0.05281372978747798,0.8285423806517933,25,20,20
33,5538,0.11864386930200732,2.0258721652299877e-08,0.05281373237794641,0.828542378061324,25,20,20
33,5539,0.11847440462663064,2.0075804325416096e-08,0.05298457739926503,0.8285409978982995,25,20,20
33,5540,0.1184744046266307,2.0076044582518046e-08,0.052723079627315525,0.8288024956700087,25,20,20
33,5541,0.11847440462662995,2.007604450724083e-08,0.0527276980313684,0.8287978772659566,25,20,20
33,5542,0.11847440462662995,2.0076044582532055e-08,0.05272781320462361,0.8287977620927015,25,20,20
33,5543,0.1184744046266307,2.0076040792228777e-08,0.04806909731629385,0.8334564779810342,25,20,20
33,5544,0.11847440462663154,2.0076040942789665e-08,0.048069220573304164,0.8334563547240228,25,20,20
33,5545,0.11847606187348425,2.00880668719806e-08,0.05359000010709845,0.82793391793135,25,20,20
33,5546,0.11847606187348347,2.008807101412176e-08,0.05359224366428215,0.8279316743741628,25,20,20
33,5547,0.11847606187343797,2.0088070864882185e-08,0.053592149541974804,0.8279317684965161,25,20,20
33,5548,0.11777339429349197,2.005996791286031e-08,0.05429482051599689,0.8279317651305432,25,20,20
33,5549,0.1177733943038048,2.0059972175863806e-08,0.054562020099834324,0.8276645655363885,25,20,20
33,5550,0.1177733943038048,2.005997217454288e-08,0.0545686250949376,0.8276579605412853,25,20,20
33,5551,0.11777339430380401,2.0059972171947404e-08,0.05456847114805218,0.8276581144881715,25,20,20
33,5552,0.11777339430380401,2.0059972096683477e-08,0.05456619502042449,0.8276603906157993,25,20,20
33,5553,0.11777339430380404,2.0059972097982025e-08,0.05455967051100138,0.8276669151252223,25,20,20
33,5554,0.11777339430380483,2.005997633248769e-08,0.05482580685996015,0.8274007787762586,25,20,20
33,5555,0.11777339430380478,2.005997625720469e-08,0.05482110394917505,0.8274054816870438,25,20,20
33,5556,0.11777339430380472,2.005997330637942e-08,0.04857379797505797,0.8336527876611639,25,20,20
33,5557,0.11777339430380472,2.005997323243107e-08,0.04857376320056656,0.8336528224356554,25,20,20
33,5558,0.11777339430380784,2.0059728712761342e-08,0.048573631229765137,0.8336529544066981,25,20,20
33,5559,0.11777339430380784,2.0059728711440834e-08,0.04857355072773937,0.8336530349087238,25,20,20
33,5560,0.11777339430380784,2.0059724421348003e-08,0.04857127189022074,0.8336553137462468,25,20,20
33,5561,0.11777339430380782,2.0059724422644933e-08,0.04857127047369895,0.8336553151627686,25,20,20
33,5562,0.117773394303807,2.00597200575516e-08,0.04856656830338005,0.8336600173330928,25,20,20
33,5563,0.11777339430380383,2.004586968859286e-08,0.048299145919546545,0.8339274397307799,25,20,20
33,5564,0.12940586320489825,1.9597435109248984e-05,0.03664704727937302,0.833927492080619,25,20,20
33,5565,0.12940769529900775,1.959725765626341e-05,0.03664521577845102,0.8339274916648846,25,20,20
33,5566,0.12940769529900775,1.959725765633866e-05,0.03664533055567467,0.8339273768876609,25,20,20
33,5567,0.12940769529901094,1.959725765641263e-05,0.03664541340960309,0.8339272940337292,25,20,20
33,5568,0.11497011257735924,1.9787174705696797e-05,0.05108193142913171,0.833928168818803,25,20,20
33,5569,0.11497011257735607,1.9787174701331447e-05,0.05107967972792778,0.8339304205200146,25,20,20
33,5570,0.11497011257735519,1.9787174701252236e-05,0.05107963955804026,0.8339304606899031,25,20,20
33,5571,0.11497011257735519,1.9787174701250938e-05,0.05107967809354228,0.8339304221544009,25,20,20
33,5572,0.11496845533068427,1.978716267539557e-05,0.04564860256990968,0.8393631549367302,25,20,20
33,5573,0.11496845533068427,1.9787162675470857e-05,0.04565330381709849,0.8393584536895414,25,20,20
33,5574,0.11496845533068745,1.9787162679733896e-05,0.045919610285579775,0.8390921472210527,25,20,20
33,5575,0.11496845533068745,1.978716267973524e-05,0.04591961171637986,0.8390921457902527,25,20,20
33,5576,0.11496845533086836,1.9787176530102946e-05,0.046180454153188596,0.8388313033394128,25,20,20
33,5577,0.11496845533086915,1.9787176530179514e-05,0.04618053150754649,0.8388312259850541,25,20,20
33,5578,0.12632726076537173,2.0976496435196903e-07,0.03484135797666803,0.8388311714929958,25,20,20
33,5579,0.12632726076537173,2.0976496435064814e-07,0.03484124342424848,0.8388312860454153,25,20,20
33,5580,0.1203640099264991,2.1419799653727936e-07,0.04080332594232038,0.8388324499331838,25,20,20
33,5581,0.12036400992631817,2.141841461682761e-07,0.04053587649339951,0.839099899396136,25,20,20
33,5582,0.1203640100737842,2.1418415044470987e-07,0.0406656464227561,0.8389701293193091,25,20,20
33,5583,0.12036401006351691,2.1418439086958223e-07,0.04040018459868726,0.8392355911534048,25,20,20
33,5584,0.12036401006351691,2.141843908708572e-07,0.04040021161748623,0.8392355641346059,25,20,20
33,5585,0.1203640100661123,2.1418439101879126e-07,0.04040258524597111,0.8392331905035255,25,20,20
33,5586,0.1203640100661123,2.1418439101877758e-07,0.04039796646676981,0.839237809282727,25,20,20
33,5587,0.12036401006611547,2.141843910182764e-07,0.040664231571495374,0.8389715441779981,25,20,20
33,5588,0.12036401006611865,2.1418439109354489e-07,0.04066428703979904,0.8389714887096912,25,20,20
33,5589,0.12036401006607717,2.1418439958046869e-07,0.040756427000299605,0.8388793487492235,25,20,20
33,5590,0.12036401006607476,2.1418439950781862e-07,0.04075866421014952,0.8388771115393762,25,20,20
33,5591,0.12036401006607557,2.1418439951043682e-07,0.04076539824851531,0.8388703775010096,25,20,20
33,5592,0.12206612651013449,1.9435933218243614e-07,0.03906339454782795,0.8388702845827054,25,20,20
33,5593,0.12206612651013372,1.943593237328827e-07,0.038797177507905935,0.8391365016226362,25,20,20
33,5594,0.09914147765380976,2.217897253115656e-07,0.06171434678613456,0.8391439537703296,25,20,20
33,5595,0.09914147765380983,2.2178972960058448e-07,0.061714462944951226,0.8391438376115086,25,20,20
33,5596,0.099141477506347,2.217897253228532e-07,0.0615893925097585,0.8392689081941686,25,20,20
33,5597,0.09914147750634618,2.2178972532023477e-07,0.06158707346873247,0.8392712272351954,25,20,20
33,5598,0.09914147750634696,2.217897295705189e-07,0.06196017496106371,0.8388981257428589,25,20,20
33,5599,0.09914147750634376,2.2178972949785415e-07,0.06195555252150633,0.8389027481824197,25,20,20
33,5600,0.09914147750652587,2.217897337137162e-07,0.06196014178592339,0.8388981589178165,25,20,20
33,5601,0.09914147750393047,2.2178973356446163e-07,0.06195785359171786,0.8389004471146175,25,20,20
33,5602,0.09914147750393049,2.2178973349049083e-07,0.061960017880806004,0.8388982828255293,25,20,20
33,5603,0.09914147750392971,2.2178972931417746e-07,0.061586996768104724,0.8392713039382356,25,20,20
33,5604,0.09914147750388416,2.2178948462500352e-07,0.061585257001948016,0.8392730437046826,25,20,20
33,5605,0.09914147750388418,2.21789488842163e-07,0.06158987808571358,0.8392684226209128,25,20,20
33,5606,0.099141477503881,2.2178948891612206e-07,0.06159178005568632,0.8392665206509432,25,20,20
33,5607,0.1136356944673936,3.195965451849778e-08,0.047098627706956074,0.8392656458659953,25,20,20
33,5608,0.1136356944673928,3.1959658733523193e-08,0.047098707051372805,0.8392655665215749,25,20,20
33,5609,0.11363569446738878,3.195965032055334e-08,0.047011112981362596,0.8393531605915976,25,20,20
33,5610,0.11984335763686343,2.752659034465765e-08,0.04080461814756013,0.8393519966889855,25,20,20
33,5611,0.11984335763686026,2.7526586156866266e-08,0.040538400480801685,0.8396182143557515,25,20,20
33,5612,0.11984335763686028,2.752658615618634e-08,0.04091138845924253,0.8392452263773106,25,20,20
33,5613,0.11984335763667854,2.7526586156308445e-08,0.04082176551128725,0.8393348493254474,25,20,20
33,5614,0.11984335763667854,2.7526586156330812e-08,0.04082176693313338,0.8393348479036012,25,20,20
33,5615,0.11984335763667853,2.7526586083062386e-08,0.04044869211942345,0.8397079227173113,25,20,20
33,5616,0.0798870467355196,7.215955220091004e-08,0.04103312468062766,0.8790797564243004,25,20,20
33,5617,0.07988704673551958,7.215955220094509e-08,0.04102660227327269,0.8790862788316552,25,20,20
33,5618,0.07988704673551958,7.215955220224266e-08,0.04103130267304889,0.8790815784318791,25,20,20
33,5619,0.07988704673551958,7.215955220094492e-08,0.04103118878917056,0.8790816923157574,25,20,20
33,5620,0.07985767960114012,2.752657844565693e-08,0.04043255166061273,0.8797097412116685,25,20,20
33,5621,0.07985767960095806,2.7526574154548793e-08,0.040427874855986576,0.879714418016481,25,20,20
33,5622,0.079857679600958,2.7526569864232144e-08,0.04042767961925502,0.879714613253217,25,20,20
33,5623,0.0798576796009612,2.7526574080411705e-08,0.04042934007646132,0.8797129527960033,25,20,20
33,5624,0.07985767960096439,2.7526574157023797e-08,0.04042948251896839,0.8797128103534929,25,20,20
33,5625,0.07985767960096518,2.7526574307561656e-08,0.04042956760129097,0.8797127252711695,25,20,20
33,5626,0.07985767960096518,2.7526574307539282e-08,0.0404295656036798,0.8797127272687807,25,20,20
33,5627,0.07985767960096518,2.7526574380985975e-08,0.040695869769787264,0.8794464231026731,25,20,20
33,5628,0.07985316997759663,2.7617435197612874e-08,0.04070037887630752,0.8794464235286605,25,20,20
33,5629,0.07985316997759663,2.761743519761303e-08,0.040695758105622176,0.8794510442993458,25,20,20
33,5630,0.07978686928078431,1.8001922318656422e-10,0.040769535555352385,0.8794435949838437,25,20,20
33,5631,0.07978686928078743,1.8002342997777864e-10,0.04085864723091299,0.8793544833082758,25,20,20
33,5632,0.0797868692807867,1.8002757054821512e-10,0.04086320633993345,0.8793499241992521,25,20,20
33,5633,0.07978686928078749,1.8003609669104354e-10,0.04112953935964239,0.8790835911795338,25,20,20
33,5634,0.07978686928078761,1.800403592274524e-10,0.04139575680829957,0.8788173737308723,25,20,20
33,5635,0.07978686928078443,1.8004028445971539e-10,0.0411294092355865,0.8790837213035886,25,20,20
33,5636,0.0797868692809666,1.8004465004531904e-10,0.04112957891022614,0.8790835516287625,25,20,20
33,5637,0.07978686928096339,1.8004036928297948e-10,0.041040432433244636,0.8791726981057515,25,20,20
33,5638,0.07978686928096657,1.800361534211695e-10,0.04103584465868515,0.879177285880312,25,20,20
33,5639,0.07979348316812976,8.917533709162546e-11,0.04102923128810826,0.8791772854545864,25,20,20
33,5640,0.07979348316813614,8.917533713791692e-11,0.04103086126867848,0.8791756554740098,25,20,20
33,5641,0.0797934831681354,8.916681231560233e-11,0.04076463719078861,0.879441879551909,25,20,20
33,5642,0.079793483168133,8.916681361288424e-11,0.04076467153543116,0.8794418452072686,25,20,20
33,5643,0.07979348316812981,8.916673704627962e-11,0.040764555182472455,0.8794419615602306,25,20,20
33,5644,0.07979348316812981,8.916673964175781e-11,0.04076467010999066,0.8794418466327124,25,20,20
33,5645,0.0797934831681306,8.917103257625063e-11,0.04076486680416651,0.8794416499385315,25,20,20
33,5646,0.07979348316813065,8.941486497892285e-11,0.040892110376811085,0.8793144063656431,25,20,20
33,5647,0.07979348316813065,8.94148623834445e-11,0.04089210988414975,0.8793144068583044,25,20,20
33,5648,0.07979348316812987,8.941912364485179e-11,0.04115832525225563,0.879048191490195,25,20,20
33,5649,0.07960055929336118,8.942055419547949e-11,0.04135124911985308,0.8790481914973648,25,20,20
33,5650,0.06936488837001516,1.5660072295612406e-10,0.051586919972409245,0.8790481915009746,25,20,20
33,5651,0.06936488837001756,1.5659650661067187e-10,0.05158680719794837,0.8790483042754371,25,20,20
33,5652,0.06936488837261288,1.5659650792770742e-10,0.05158904736532879,0.8790460641054615,25,20,20
33,5653,0.06936488837261288,1.5659650792740224e-10,0.05159366807283774,0.8790414433979525,25,20,20
33,5654,0.06936488837261284,1.5659650792305236e-10,0.05172308278625312,0.8789120286845372,25,20,20
33,5655,0.0693648883724307,1.5659214101693928e-10,0.05172288408467936,0.8789122273862975,25,20,20
33,5656,0.06936488837243068,1.565878784578442e-10,0.05145663387080731,0.8791784776001738,25,20,20
33,5657,0.06936488837243068,1.5658787975558014e-10,0.05145652142330639,0.8791785900476747,25,20,20
33,5658,0.0693648883726128,1.5683247471232334e-10,0.05133183270817509,0.8793032787623793,25,20,20
33,5659,0.06936488837279114,1.5732006382676746e-10,0.05146124834801899,0.8791738631218696,25,20,20
33,5660,0.06936488837279114,1.573199885354785e-10,0.051461281740880625,0.8791738297290079,25,20,20
33,5661,0.06936488837283657,1.5731565330332697e-10,0.05119517949600434,0.8794399319738433,25,20,20
33,5662,0.06936488837283337,1.5731557803438742e-10,0.0511951760415403,0.8794399354283106,25,20,20
33,5663,0.06936488837023803,1.5731557671735187e-10,0.05119293587415991,0.8794421755982863,25,20,20
33,5664,0.0693648883701957,1.5731572467659672e-10,0.051194357033998814,0.8794407544384896,25,20,20
33,5665,0.06936488837001413,1.568280602701609e-10,0.05106480037369139,0.8795703110994662,25,20,20
33,5666,0.06936488837019626,1.568324256188019e-10,0.05106717136980584,0.8795679401031653,25,20,20
33,5667,0.06936488837019866,1.7077172703977843e-10,0.05107275828437926,0.8795623531746501,25,20,20
33,5668,0.0693648968004915,1.8495567277988592e-10,0.051085146396047845,0.8795499566185048,25,20,20
33,5669,0.06936489681084254,1.849556740709222e-10,0.051205096664254456,0.879430006339947,25,20,20
33,5670,0.06936489681084254,1.8495567458671435e-10,0.05094346592940241,0.8796916370747994,25,20,20
33,5671,0.06936489681083935,1.8495567424589743e-10,0.05094642654646716,0.8796886764577377,25,20,20
33,5672,0.06936489681065723,1.8495130889766196e-10,0.050944082589991876,0.8796910204143995,25,20,20
33,5673,0.06936489681065403,1.7101200485846376e-10,0.05093176105136666,0.8797033419669671,25,20,20
33,5674,0.06936489681065403,1.7101200356072802e-10,0.0509317590537355,0.8797033439645984,25,20,20
33,5675,0.06936489681065403,1.7101200364104756e-10,0.05093101439818987,0.8797040886201443,25,20,20
33,5676,0.06936489681083613,1.7125237128620783e-10,0.050933015334105235,0.8797020876838063,25,20,20
33,5677,0.06936459342002738,1.7093774909460772e-10,0.05093332351481357,0.8797020828942214,25,20,20
33,5678,0.06936581392107778,1.80224453822318e-10,0.05093210300445009,0.8797020828942475,25,20,20
33,5679,0.06936581392107775,1.8022430459959562e-10,0.05092751556567866,0.8797066703330192,25,20,20
33,5680,0.06936581392107775,1.8022430325712388e-10,0.050927677340769376,0.8797065085579286,25,20,20
33,5681,0.06936581392107771,1.8022423058408606e-10,0.05092762329736181,0.8797065626013364,25,20,20
33,5682,0.06936581392107766,1.802200153278169e-10,0.05129602272938026,0.8793381631693222,25,20,20
33,5683,0.0693658054907848,1.6603606826760718e-10,0.05128366800163154,0.8793505263415475,25,20,20
33,5684,0.06936580548043376,1.6603606697737673e-10,0.05116371681046697,0.8794704775430631,25,20,20
33,5685,0.0693658054804793,1.6628057594218144e-10,0.050797318322986944,0.8798368760302531,25,20,20
33,5686,0.06936580548061556,1.6604027436335934e-10,0.05088138258234307,0.879752811771001,25,20,20
33,5687,0.06936580548061551,1.6603613113887427e-10,0.05114609336696062,0.8794881009863877,25,20,20
33,5688,0.06936580548061556,1.6603620510925373e-10,0.05114617536088167,0.8794880189924666,25,20,20
33,5689,0.06936580548061558,1.6603620513162178e-10,0.051146175361491845,0.8794880189918562,25,20,20
33,5690,0.0693658054806124,1.6603613114274764e-10,0.05114460621249942,0.8794895881408519,25,20,20
33,5691,0.06936580548065788,1.6579666410791013e-10,0.051017485049356194,0.879616709304189,25,20,20
33,5692,0.06936580548065154,1.6580095387235161e-10,0.051020478155264726,0.8796137161982824,25,20,20
33,5693,0.06936580548065234,1.6580095487574615e-10,0.050754376760635225,0.8798798175929111,25,20,20
33,5694,0.06936580548065231,1.6580102883782915e-10,0.050759049556416524,0.8798751447971297,25,20,20
33,5695,0.0980430278276778,3.80752044936351e-09,0.022080814589561057,0.8798761537752405,25,20,20
33,5696,0.09804302782767861,3.807524737695083e-09,0.022082719329154277,0.8798742490356422,25,20,20
33,5697,0.09804302782767867,3.807769331349685e-09,0.022087440355593162,0.8798695280089587,25,20,20
33,5698,0.09804302841942715,3.80776933396771e-09,0.02208744452502613,0.8798695232477772,25,20,20
33,5699,0.09804302841942639,3.807769184728323e-09,0.022089760534689588,0.8798672072381146,25,20,20
33,5700,0.09804302841942711,3.808013724997659e-09,0.022091362875873006,0.8798656048966859,25,20,20
33,5701,0.09804302782763319,3.808009506227829e-09,0.022095560968627765,0.8798614073957293,25,20,20
33,5702,0.09804302782763323,3.808005291180443e-09,0.02209547961126826,0.879861488753093,25,20,20
33,5703,0.09823411496108943,3.720774805456828e-09,0.021904392131949658,0.879861489186186,25,20,20
33,5704,0.09823411496108943,3.72077480675456e-09,0.021904506601514027,0.8798613747166217,25,20,20
33,5705,0.09823411496090731,3.7205302857961085e-09,0.02189975413837009,0.8798661271801923,25,20,20
33,5706,0.09823411496091052,3.7207749749573817e-09,0.021901492320613784,0.8798643889977008,25,20,20
33,5707,0.09202380067362316,6.626476871022315e-07,0.0279352017848671,0.8800403348938228,25,20,20
33,5708,0.09202380067362316,6.626476870269489e-07,0.027930500537678298,0.8800450361410115,25,20,20
33,5709,0.09202380067362319,6.626476854289231e-07,0.0281920175523322,0.8797835191263593,25,20,20
33,5710,0.09202380067362319,6.626476854289678e-07,0.02819185434510034,0.8797836823335912,25,20,20
33,5711,0.09202380067362323,6.626476897200986e-07,0.02819655789683002,0.8797789787818572,25,20,20
33,5712,0.09202380067362323,6.626476897214188e-07,0.028196672331707542,0.8797788643469796,25,20,20
33,5713,0.09202380067362326,6.626476940097271e-07,0.02820324978989332,0.8797722868887896,25,20,20
33,5714,0.09202380067362326,6.626474536851157e-07,0.028208170902763893,0.8797673657761593,25,20,20
33,5715,0.09202380067362323,6.626474536838056e-07,0.028214692578316672,0.8797608441006065,25,20,20
33,5716,0.09202380067362319,6.626474536072162e-07,0.02821457669103481,0.8797609599878885,25,20,20
33,5717,0.09203238654484953,6.626458888900966e-07,0.028205991246862783,0.879760959562399,25,20,20
33,5718,0.09203238654466822,6.626456485242327e-07,0.028199483453893063,0.8797674673557903,25,20,20
33,5719,0.0920323865446682,6.626456485242319e-07,0.02819719678668615,0.8797697540229972,25,20,20
33,5720,0.09203238654467132,6.626456485242556e-07,0.028190709278786915,0.8797762415308934,25,20,20
33,5721,0.055114070455616,6.62652610587903e-07,0.06510902533530526,0.8797762415564678,25,20,20
33,5722,0.0551140704556184,6.626526062975867e-07,0.06511053226559362,0.8797747346261814,25,20,20
33,5723,0.055114070455618454,6.626526062963112e-07,0.06511058157945696,0.8797746853123181,25,20,20
33,5724,0.05511407045561839,6.626523633007047e-07,0.06484431011973679,0.8800409567722812,25,20,20
33,5725,0.055114070455618336,6.626523590848656e-07,0.06483972254570917,0.880045544346313,25,20,20
33,5726,0.05511407045566373,6.62652359159937e-07,0.06496917575831099,0.879916091133666,25,20,20
33,5727,0.05511407045566373,6.626523591599145e-07,0.06496925764953516,0.8799160092424416,25,20,20
33,5728,0.05511407045566373,6.626523591599145e-07,0.06496937409624783,0.879915892795729,25,20,20
33,5729,0.055114070455663675,6.626523591612122e-07,0.06496921231027455,0.8799160545817024,25,20,20
33,5730,0.055114070455660524,6.62652518249812e-07,0.07893896973160835,0.8659462971602128,25,20,20
33,5731,0.05511407045561514,6.626525181747866e-07,0.07880940115709671,0.8660758657347699,25,20,20
33,5732,0.055114070455615186,6.626525209412556e-07,0.09277918792795542,0.8521060789639087,25,20,20
33,5733,0.05511407045561513,6.626525209425627e-07,0.09277451519600546,0.8521107516958587,25,20,20
33,5734,0.055114070458207376,6.626522806953358e-07,0.09277514598959433,0.8521101208999178,25,20,20
33,5735,0.05511407045838951,6.626522849864676e-07,0.09277977076850695,0.8521054961208188,25,20,20
33,5736,0.05511407045838945,6.626522822199759e-07,0.07880992995841386,0.8660753369309144,25,20,20
33,5737,0.05511407045838952,6.626521229808392e-07,0.06484021900582124,0.8800450478836662,25,20,20
33,5738,0.055114070460984335,6.626521315629957e-07,0.06485155943905534,0.8800337074478286,25,20,20
33,5739,0.036118430727858974,2.570465574485872e-08,0.08402467086444546,0.8798568727030393,25,20,20
33,5740,0.036118430727862166,2.5704655821225597e-08,0.08411696423312254,0.8797645793343589,25,20,20
33,5741,0.036118430727861424,2.570465167983438e-08,0.08437669076219985,0.8795048528052866,25,20,20
33,5742,0.03611843072786148,2.570465167851337e-08,0.08437674420565923,0.879504799361827,25,20,20
33,5743,0.036118430727860695,2.5704894524878663e-08,0.08464286516388048,0.879238678403364,25,20,20
33,5744,0.036118430727860695,2.570489023524945e-08,0.08464299324505264,0.8792385503221961,25,20,20
33,5745,0.036118430727860695,2.570489016129054e-08,0.08463646953144567,0.8792450740358031,25,20,20
33,5746,0.06913092086259026,2.5699410513409674e-08,0.05162397942864763,0.8792450740093511,25,20,20
33,5747,0.06913092086259345,2.5699410589998644e-08,0.051623979344992105,0.8792450740930035,25,20,20
33,5748,0.06913092086259347,2.5699410638510812e-08,0.06559385037047707,0.8652752030675185,25,20,20
33,5749,0.06913092086259352,2.569941485546562e-08,0.0656004278403774,0.865268625597614,25,20,20
33,5750,0.06913092086259347,2.5699410563264945e-08,0.06559382278121198,0.8652752306567837,25,20,20
33,5751,0.06913092085999802,2.56994061226279e-08,0.06559615561690334,0.8652728978236922,25,20,20
33,5752,0.06913092085999561,2.56994104129529e-08,0.06559616231008264,0.8652728911305111,25,20,20
33,5753,0.06913092085999559,2.5699406121844433e-08,0.06559168874426029,0.8652773646963375,25,20,20
33,5754,0.06913092085999556,2.5699163126238296e-08,0.06532761438663365,0.8655414390542073,25,20,20
33,5755,0.06913092085999237,2.5699163124940238e-08,0.06532602461136094,0.8655430288294832,25,20,20
33,5756,0.06913092085999237,2.569916305172346e-08,0.0651892137359691,0.865679839704875,25,20,20
33,5757,0.06913092085999238,2.5699167333281767e-08,0.06528143294399646,0.8655876204968436,25,20,20
33,5758,0.06913092085999238,2.5699167334579107e-08,0.06528147148132409,0.865587581959516,25,20,20
33,5759,0.06913092085999324,2.5699171700992558e-08,0.06528609319289826,0.8655829602479366,25,20,20
33,5760,0.06704076086955085,2.5698991882721937e-08,0.06737625319026119,0.8655829602411957,25,20,20
33,5761,0.062295199910214476,2.436348206890002e-07,0.07212054050729864,0.865584015947666,25,20,20
33,5762,0.05882269516844096,2.1851448455965505e-07,0.07559319045619842,0.8655838958608758,25,20,20
33,5763,0.05882269516844097,2.1851448456095252e-07,0.07559095427785784,0.8655861320392165,25,20,20
33,5764,0.05882269516825917,2.1851448035298326e-07,0.07550030079857407,0.8656767855186864,25,20,20
33,5765,0.058822695168259165,2.1851447606337741e-07,0.07549369631485793,0.8656833900024067,25,20,20
33,5766,0.058822695168259144,2.1851447606210284e-07,0.07549365636045371,0.8656834299568109,25,20,20
33,5767,0.05882472652539636,2.1812255807809597e-07,0.07549160909673797,0.8656834462553072,25,20,20
33,5768,0.05882472652539549,2.1812255371172848e-07,0.07548690619502199,0.8656881491570286,25,20,20
33,5769,0.05882472652539542,2.1812254935485612e-07,0.07539460243167045,0.8657804529203845,25,20,20
33,5770,0.05882472653577268,2.18122798152936e-07,0.07530901478418081,0.8658660405572483,25,20,20
33,5771,0.05882472653577268,2.1812279822749045e-07,0.07568203730267795,0.865493018038751,25,20,20
33,5772,0.05882472653577667,2.1812304280517996e-07,0.07568499390829615,0.8654900614328841,25,20,20
33,5773,0.05882472653577661,2.1812304709664094e-07,0.0756864535832627,0.8654886017579134,25,20,20
33,5774,0.05882472653577825,2.1812305138809184e-07,0.07568866354904331,0.8654863917921272,25,20,20
33,5775,0.05882472652539782,2.1812280251362145e-07,0.07568207118800847,0.8654929841637913,25,20,20
33,5776,0.05882472652557996,2.1812280251433587e-07,0.07530907927141348,0.8658659760802041,25,20,20
33,5777,0.058822689405307875,7.3727450578390946e-06,0.07530397810737535,0.8658659597422589,25,20,20
33,5778,0.05882268940530393,7.372744813261407e-06,0.07529640218208465,0.865873535667798,25,20,20
33,5779,0.058822689405303136,7.37274481326011e-06,0.07528966900231328,0.8658802688475702,25,20,20
33,5780,0.06551740155787883,7.415662483640588e-06,0.06859596924891824,0.8658792135307191,25,20,20
33,5781,0.06551740156825904,7.415662728217002e-06,0.0686035132381098,0.8658716695309028,25,20,20
33,5782,0.06551740156825905,7.415662728218347e-06,0.0686034398497149,0.8658717429192977,25,20,20
33,5783,0.06551740156825904,7.415662728215682e-06,0.06860339880323231,0.8658717839657802,25,20,20
33,5784,0.06551740156825905,7.415662732507344e-06,0.0686035974352097,0.8658715853337985,25,20,20
33,5785,0.06551740156826226,7.415662732583901e-06,0.06860833340849187,0.8658668493605132,25,20,20
33,5786,0.06551740156844994,7.415674227990308e-06,0.07563123587113113,0.8588439468861907,25,20,20
33,5787,0.06551740157102916,7.415674228063605e-06,0.07575342089490474,0.858721761859838,25,20,20
33,5788,0.06551740157103154,7.415674227959775e-06,0.07601963185145194,0.8584555509032883,25,20,20
33,5789,0.06551740156845226,7.415674227810138e-06,0.07576792464124624,0.8587072581160734,25,20,20
33,5790,0.06551740156585749,7.415674219227982e-06,0.0757565522750846,0.8587186304848383,25,20,20
33,5791,0.0655174025463177,7.71589579047528e-06,0.11110560555592348,0.8233692760019686,25,20,20
33,5792,0.0655174025463177,7.715895786184941e-06,0.11110541028439443,0.823369471273502,25,20,20
33,5793,0.06710288626591727,5.619768747712099e-07,0.10952708041822114,0.8233694713389869,25,20,20
33,5794,0.06711641357551099,5.619768769158968e-07,0.13553759824165845,0.7973454262059539,25,20,20
33,5795,0.06522052496173995,3.0127405819072265e-07,0.1374337479287986,0.7973454258354036,25,20,20
33,5796,0.06522052496174,3.0127405826601393e-07,0.13743383100749115,0.797345342756711,25,20,20
33,5797,0.06522052496174313,3.012743028596917e-07,0.1374385840020617,0.7973405897618926,25,20,20
33,5798,0.06363555414987243,3.0045277528822993e-07,0.13902355570415323,0.7973405896931992,25,20,20
33,5799,0.0636355541496903,3.0045277528693223e-07,0.13902355991334045,0.797340585484194,25,20,20
33,5800,0.0636355541498724,3.0045301994573056e-07,0.13903026498617213,0.7973338804109357,25,20,20
33,5801,0.06363555414987243,3.004530200202736e-07,0.13940336755014565,0.796960777846962,25,20,20
33,5802,0.06363558656155681,1.0184798918381584e-09,0.10445681264806637,0.831907599771897,25,20,20
33,5803,0.06363558656155995,1.0184841081840212e-09,0.10445692682223268,0.8319074855977234,25,20,20
33,5804,0.06363558657072814,1.0187001312980411e-09,0.1091337946139939,0.827230617796578,25,20,20
33,5805,0.06363558657054608,1.0184583142834646e-09,0.12309695691353527,0.8132674554974605,25,20,20
33,5806,0.06363558657054608,1.0184583142834648e-09,0.1230968438904261,0.8132675685205697,25,20,20
33,5807,0.06363555317840147,2.3142719410087658e-10,0.12269423107678952,0.8136702155133819,25,20,20
33,5808,0.06363555317962702,2.3145500117795e-10,0.1181475968827856,0.8182168497061325,25,20,20
33,5809,0.0636355531797807,9.02046662292499e-10,0.12439789791861554,0.8119665479995573,25,20,20
33,5810,0.06363555319009101,9.158927571415826e-10,0.12467781747032994,0.8116866284236862,25,20,20
33,5811,0.06363555319009101,9.158927571639506e-10,0.12467781804591828,0.8116866278480979,25,20,20
33,5812,0.06363555319027313,9.161372788479313e-10,0.12430954973106348,0.8120548961625259,25,20,20
33,5813,0.06363555317989293,9.158969920407793e-10,0.12430849780046521,0.8120559481037446,25,20,20
33,5814,0.06363555317989374,9.161415869701022e-10,0.12431333129594066,0.8120511146080237,25,20,20
33,5815,0.06363555317989057,9.161373252074153e-10,0.12404711375506691,0.8123173321489048,25,20,20
33,5816,0.06363555317989057,9.161373278025763e-10,0.12405181412637419,0.8123126317775974,25,20,20
33,5817,0.0636355531695803,9.022955245906518e-10,0.12377208985437446,0.8125923560737491,25,20,20
33,5818,0.06363555316958473,9.022955219811822e-10,0.1361207524742695,0.8002436934538498,25,20,20
33,5819,0.06363555316958394,9.020509283264159e-10,0.13611599804795232,0.8002484478804124,25,20,20
33,5820,0.06363555316958387,9.020466353915209e-10,0.13611580138081128,0.8002486445475577,25,20,20
33,5821,0.03526783108725403,4.340320292018834e-08,0.16448347747186054,0.8002486480376821,25,20,20
33,5822,0.03526783107686029,4.340295909131857e-08,0.1643532020363871,0.8003789234837931,25,20,20
33,5823,0.035267831076860275,4.340295909259354e-08,0.16435324315256306,0.8003788823676171,25,20,20
33,5824,0.03526783107686029,4.3402959092639886e-08,0.16435316524026927,0.8003789602799111,25,20,20
33,5825,0.035267831076860295,4.340295909261752e-08,0.16435324713149338,0.8003788783886868,25,20,20
33,5826,0.035267831076860295,4.340295916789652e-08,0.16435985131035136,0.8003722742098289,25,20,20
33,5827,0.03526783107686036,4.340295916664467e-08,0.16436139312021042,0.8003707323999697,25,20,20
33,5828,0.03526783107667266,4.3391463760237256e-08,0.15733826066156634,0.8073938648702971,25,20,20
33,5829,0.0352678310766727,4.339145954589701e-08,0.15733327770355413,0.8073988478283135,25,20,20
33,5830,0.06942910764855735,7.382902886238245e-10,0.12317204728657732,0.8073988443265749,25,20,20
33,5831,0.029618613789135037,9.93418404596937e-10,0.16297859009090065,0.8074027951265457,25,20,20
33,5832,0.029618613791726964,9.934141895372922e-10,0.1629851281630527,0.807396257051806,25,20,20
33,5833,0.029618613791727016,9.934141895364838e-10,0.16298520865524785,0.8073961765596107,25,20,20
33,5834,0.029618613791727085,9.934141908578078e-10,0.16298515806551786,0.8073962271493406,25,20,20
33,5835,0.029618613939648007,1.0073601335734224e-09,0.1506373879192029,0.8197439971337889,25,20,20
33,5836,0.035475490145467366,1.9232652522485174e-06,0.14477321370252397,0.8197493728867562,25,20,20
33,5837,0.03547549014546735,1.9232652522498146e-06,0.14477779902376747,0.8197447875655128,25,20,20
33,5838,0.03547549014546416,1.9232650076548404e-06,0.14477296496139438,0.8197496216281336,25,20,20
33,5839,0.035475490145464215,1.9232650077300785e-06,0.14477766624784671,0.8197449203416811,25,20,20
33,5840,0.03547549014528209,1.9232650034389474e-06,0.1447730414689341,0.8197495451207805,25,20,20
33,5841,0.03547549014528202,1.9232650034376273e-06,0.14477301302421375,0.8197495735655009,25,20,20
33,5842,0.03547549014528208,1.9232650077272562e-06,0.14477491772437154,0.8197476688653389,25,20,20
33,5843,0.035475490145173934,1.922594416067463e-06,0.1385246226507807,0.8259979646096295,25,20,20
33,5844,0.035475490145219446,1.9225946607368997e-06,0.13852915758407341,0.8259934296760466,25,20,20
33,5845,0.03547549014504052,1.9225944204318014e-06,0.13852905328715606,0.8259935339733832,25,20,20
33,5846,0.03547549014504047,1.922594420504452e-06,0.13852912848494878,0.8259934587755905,25,20,20
33,5847,0.03547549014504047,1.9225944205044747e-06,0.13852912705895495,0.8259934602015844,25,20,20
33,5848,0.03546205643008362,9.056232885640859e-06,0.1385409107823928,0.825987976554638,25,20,20
33,5849,0.03510765730193354,9.452553017762115e-06,0.1388828784765526,0.8260000116684962,25,20,20
33,5850,0.035107657301933486,9.4525530177608e-06,0.1388813379947676,0.8260015521502814,25,20,20
33,5851,0.035107657301933486,9.452553017760778e-06,0.13888137340066162,0.8260015167443875,25,20,20
33,5852,0.0351076592720702,9.4631370921233e-06,0.1695360457760131,0.7953468318148254,25,20,20
33,5853,0.035107659272067014,9.463137331893518e-06,0.16962361106160428,0.7952592665289974,25,20,20
33,5854,0.03559859172129963,9.452562025173151e-06,0.17847781302754043,0.7859141426891348,25,20,20
33,5855,0.03559859172130283,9.452562029539357e-06,0.17848430378157332,0.7859076519350944,25,20,20
33,5856,0.03510780354356966,9.452799305212415e-06,0.17897515957835278,0.7859075840787724,25,20,20
33,5857,0.03593581729308552,9.452807085162184e-06,0.1781407268815007,0.7859140030183288,25,20,20
33,5858,0.03593581729308872,9.452807085237467e-06,0.17813423376798276,0.7859204961318434,25,20,20
33,5859,0.03593581730103503,9.48732972086746e-06,0.18764587824035892,0.776408817128885,25,20,20
33,5860,0.03593581730103589,9.487329962696512e-06,0.17368075218277085,0.7903739431862303,25,20,20
33,5861,0.03593581730103589,9.487329962770483e-06,0.17368083322013528,0.7903738621488656,25,20,20
33,5862,0.03593581730103589,9.48732996277179e-06,0.17368735493084878,0.7903673404381522,25,20,20
33,5863,0.0359358173010335,9.487329958556147e-06,0.17368090371145198,0.7903737916575557,25,20,20
33,5864,0.03593581730103351,9.487329954341252e-06,0.17367940217626376,0.7903752931927479,25,20,20
33,5865,0.03948852132965774,9.48754200756453e-06,0.17012669793705984,0.790375293191275,25,20,20
33,5866,0.039616561491821994,2.5732017147667146e-06,0.17000615107590558,0.7903747142305577,25,20,20
33,5867,0.03961656149182204,2.5732017147654292e-06,0.1699996293902111,0.7903812359162522,25,20,20
33,5868,0.03961656149182203,2.573201714765382e-06,0.16999808899465252,0.7903827763118108,25,20,20
33,5869,0.03961656149182198,2.5732017190556765e-06,0.1699982037367338,0.7903826615697251,25,20,20
33,5870,0.03961656149182198,2.5732019634886802e-06,0.17000475279797317,0.7903761125082412,25,20,20
33,5871,0.039616561491818844,2.5732019634886887e-06,0.17000013653411955,0.790380728772098,25,20,20
33,5872,0.039616561343893505,2.573188017545988e-06,0.16999454368923217,0.7903863217788566,25,20,20
33,5873,0.03961656134389346,2.5731880176199585e-06,0.16999457704930873,0.7903862884187799,25,20,20
33,5874,0.03961656134385114,2.573187773024448e-06,0.16999016020492455,0.7903907052634511,25,20,20
33,5875,0.03881703673731077,2.573179988655126e-06,0.1707830677337665,0.7903973223489341,25,20,20
33,5876,0.03881703673731077,2.573179988730372e-06,0.17078314936559394,0.7903972407171067,25,20,20
33,5877,0.038817036737311586,2.573179988731685e-06,0.17078747733525637,0.7903929127474433,25,20,20
33,5878,0.038817036737311586,2.573179988656416e-06,0.1707873942815829,0.7903929958011169,25,20,20
33,5879,0.03881703673731077,2.573179988655103e-06,0.17078306631192045,0.7903973237707801,25,20,20
33,5880,0.03881703673731077,2.5731799885798343e-06,0.17078298467991554,0.7903974054027852,25,20,20
33,5881,0.03868890298099096,2.353882460583178e-06,0.16905720720852513,0.7922515359280236,25,20,20
33,5882,0.03868890298099096,2.353882456366832e-06,0.1690570930181675,0.7922516501183854,25,20,20
33,5883,0.03868890298099095,2.3538824564420787e-06,0.16905720744622335,0.7922515356903296,25,20,20
33,5884,0.038688902991372516,2.3538824608087474e-06,0.16905958159483261,0.7922491615313344,25,20,20
33,5885,0.03868890299137257,2.3538824607347993e-06,0.16905958104332533,0.7922491620828416,25,20,20
33,5886,0.03868890299137257,2.353882460736097e-06,0.16905954693337868,0.7922491961927883,25,20,20
33,5887,0.03868890298117313,2.353882460660582e-06,0.16906187754582247,0.792246865590544,25,20,20
33,5888,0.03871342044253781,2.39442094398657e-06,0.17089127446037414,0.790392910676144,25,20,20
33,5889,0.038713420442537755,2.39442094398657e-06,0.17089118356994082,0.7903930015665773,25,20,20
33,5890,0.03871342044253462,2.3944209439125985e-06,0.17089118780598012,0.790392997330541,25,20,20
33,5891,0.03871342044253456,2.3944209438360094e-06,0.17089115438572716,0.7903930307507941,25,20,20
33,5892,0.049137711820736646,2.3943537901950456e-06,0.16046686308558702,0.7903930307398859,25,20,20
33,5893,0.04913771182073434,2.3943537901237157e-06,0.16046682225938727,0.7903930715660882,25,20,20
33,5894,0.04913771181832134,2.3943540346434314e-06,0.16046492293803558,0.7903949708896083,25,20,20
33,5895,0.04913771181813922,2.3943540303523e-06,0.16046033262193785,0.7903995612058924,25,20,20
33,5896,0.04913771181813995,2.394354038803152e-06,0.16072658314859992,0.7901333106792214,25,20,20
33,5897,0.04913771181813917,2.3943537942961763e-06,0.16071999304006926,0.7901399007879972,25,20,20
33,5898,0.04913771181813991,2.3943537985878254e-06,0.16071546323364722,0.7901444305944143,25,20,20
33,5899,0.049137711818139966,2.3943537986631398e-06,0.1607155237582564,0.790144370069805,25,20,20
33,5900,0.049137711818139064,2.394353798732469e-06,0.161088547162841,0.7897713466652212,25,20,20
33,5901,0.04913771181813987,2.394353798732469e-06,0.16108855012840068,0.7897713436996606,25,20,20
33,5902,0.04913771181813987,2.394353798659773e-06,0.16108841055719217,0.7897714832708692,25,20,20
33,5903,0.04913771181813985,2.394353554598381e-06,0.16099611404272907,0.7898637797855765,25,20,20
33,5904,0.049137711818139904,2.3943535545983726e-06,0.16100070004256653,0.7898591937857391,25,20,20
33,5905,0.049137711818139904,2.394353554599648e-06,0.1610007005938327,0.7898591932344727,25,20,20
33,5906,0.04913771194362086,2.394353558292759e-06,0.16670146137396558,0.7841584323288554,25,20,20
33,5907,0.0491377119436208,2.394353558293373e-06,0.16706986308135896,0.783790030621462,25,20,20
33,5908,0.049137711935674434,2.359830918373751e-06,0.15755161478986707,0.7933083134435404,25,20,20
33,5909,0.04913771193567448,2.3598309183724535e-06,0.15755166683556904,0.7933082613978384,25,20,20
33,5910,0.055684225549748625,2.3968870818360418e-06,0.15041495248245393,0.7938984250807156,25,20,20
33,5911,0.0557440961621114,1.5995690009380171e-07,0.1503786804140125,0.7938770634669758,25,20,20
33,5912,0.05574409604699244,1.599571436749025e-07,0.1445569072508265,0.7996988367450371,25,20,20
33,5913,0.05574409604703719,1.5995713529932016e-07,0.14429080567535316,0.7999649383204742,25,20,20
33,5914,0.05574409604704033,1.5995713530061755e-07,0.1442955214713327,0.7999602225244915,25,20,20
33,5915,0.055744096047042724,1.5995713100899068e-07,0.14430005294091602,0.7999556910549102,25,20,20
33,5916,0.05574409604722485,1.5995737560394343e-07,0.1443047740029379,0.7999509699924616,25,20,20
33,5917,0.05574409604722564,1.5995761943505267e-07,0.14443421683281688,0.799821527162338,25,20,20
33,5918,0.05574409603686363,1.5995737208627465e-07,0.14418212595081425,0.8000736180549497,25,20,20
33,5919,0.05574409603686358,1.5995737208365637e-07,0.14418212311628717,0.8000736208894769,25,20,20
33,5920,0.05574409603686358,1.5995737200838757e-07,0.14418200983755805,0.8000737341682062,25,20,20
33,5921,0.055744096036862784,1.5995712817595815e-07,0.14405248595674208,0.8002032580492667,25,20,20
33,5922,0.05026345437441515,7.808401200200591e-08,0.1495332094811646,0.8002032580604079,25,20,20
33,5923,0.05026345437423316,7.808401146712743e-08,0.14962067006374538,0.8001157974780096,25,20,20
33,5924,0.0436929432974767,1.363346014355065e-09,0.1567816107118179,0.7995254446273592,25,20,20
33,5925,0.0436929432974735,1.3633459403701935e-09,0.15677702165618043,0.7995300336829998,25,20,20
33,5926,0.043692943297474356,1.363350307120544e-09,0.15677864723003812,0.799528408109137,25,20,20
33,5927,0.04369294344366858,1.3631100353536504e-09,0.15719799141844404,0.7991090637747775,25,20,20
33,5928,0.043686726102495514,1.5277784318886567e-09,0.15721719989765717,0.799096072472069,25,20,20
33,5929,0.04368672610250074,1.5275636063141529e-09,0.192426796669432,0.7638864757005034,25,20,20
33,5930,0.06535989838142772,6.52997437975175e-10,0.1707535242580216,0.7638865767075533,25,20,20
33,5931,0.06535989838142607,6.529930725525276e-10,0.17075780250233918,0.7638822984632421,25,20,20
33,5932,0.06187623413960857,1.948992626608102e-10,0.17424146723972878,0.7638822984257633,25,20,20
33,5933,0.06187623413960841,1.9489875421089291e-10,0.1788987127426611,0.7592250529228312,25,20,20
33,5934,0.061876234139607626,1.9514326160095323e-10,0.17890522836953032,0.7592185372957183,25,20,20
33,5935,0.061876234139788086,1.9515176482914814e-10,0.17927835068696,0.7588454149780999,25,20,20
33,5936,0.08018839019769208,1.950939160561393e-10,0.16096629980556798,0.7588453098016459,25,20,20
33,5937,0.0801883959470343,1.9509864165217943e-10,0.1655687111031056,0.7542428927547613,25,20,20
33,5938,0.08016199832391457,5.582405367733379e-10,0.16559510666155808,0.7542428944562868,25,20,20
33,5939,0.08016199832391452,5.582404601839749e-10,0.1655949861036683,0.7542430150141766,25,20,20
33,5940,0.08016199832391452,5.582404615037682e-10,0.1655996859237095,0.7542383151941355,25,20,20
33,5941,0.08016199832391452,5.582404601973216e-10,0.1656043060045047,0.7542336951133403,25,20,20
33,5942,0.08016199832391452,5.580001291307424e-10,0.1659707763686028,0.7538672247494825,25,20,20
33,5943,0.0801619983239177,5.582447870684775e-10,0.16597729545594334,0.753860705661894,25,20,20
33,5944,0.08016199832391777,5.582448636350688e-10,0.1659774107674204,0.7538605903504169,25,20,20
33,5945,0.08016199832391692,5.580002680915431e-10,0.16597275262062358,0.7538652484974593,25,20,20
33,5946,0.08016199832373645,5.579917648857161e-10,0.16559963288649113,0.7542383682317806,25,20,20
33,5947,0.08016199832373645,5.579917635651988e-10,0.16559963218540777,0.7542383689328639,25,20,20
33,5948,0.08016199832373648,5.57996054978941e-10,0.1656019111750167,0.7542360899432506,25,20,20
33,5949,0.08016199832373896,5.579921979963254e-10,0.16103543126808828,0.7588025698501805,25,20,20
33,5950,0.08016199832632609,5.579964770281536e-10,0.16116496733711894,0.7586730337785584,25,20,20
33,5951,0.1033087801562945,5.616951729109067e-10,0.13801818550373363,0.7586730337782767,25,20,20
33,5952,0.10331320365894428,5.616672058063014e-10,0.1380137620012454,0.7586730337781433,25,20,20
33,5953,0.1033132036589443,5.616672810751606e-10,0.1380138753152716,0.7586729204641172,25,20,20
33,5954,0.1038161583948956,0.000706037832149573,0.13680389133526988,0.7586739124376851,25,20,20
33,5955,0.10381615824851927,0.000706037832145251,0.13638631865199932,0.7590914852673362,25,20,20
33,5956,0.10381615824851927,0.000706037832145251,0.13638631865199935,0.7590914852673362,25,20,20
33,5957,0.10381615824851927,0.0007060378321452503,0.1360132981362388,0.7594645057830967,25,20,20
33,5958,0.12021453275898038,0.0007060430288445343,0.11961489365820535,0.7594645305539696,25,20,20
33,5959,0.12021453275898035,0.0007060430288444604,0.11961705591011283,0.7594623683020622,25,20,20
33,5960,0.10378773917708677,0.0007060426730709486,0.136043851549833,0.7594623666000095,25,20,20
33,5961,0.10378773917450042,0.000706042673311253,0.13592101794009046,0.7595852002120981,25,20,20
33,5962,0.10378773917445575,0.000706042673311179,0.13592245331549888,0.7595837648367343,25,20,20
33,5963,0.10378773917445494,0.0007060426733111024,0.13592081436011483,0.7595854037921194,25,20,20
33,5964,0.10378773917445488,0.0007060426733153815,0.13605030789558292,0.7594559102566469,25,20,20
33,5965,0.10378773917445486,0.0007060426733153074,0.13605034119935,0.7594558769528801,25,20,20
33,5966,0.10378773917445486,0.0007060426733110296,0.13592082122373103,0.7595853969285032,25,20,20
33,5967,0.10378773917445484,0.0007060426733111036,0.13592078781458525,0.759585430337649,25,20,20
33,5968,0.10378773917445484,0.0007060426733111036,0.13591580449835455,0.7595904136538796,25,20,20
33,5969,0.10378773917445804,0.0007060426733153934,0.13592055619126064,0.7595856619609661,25,20,20
33,5970,0.10378773917445884,0.0007060426733154687,0.13592067208112052,0.7595855460711053,25,20,20
33,5971,0.10371014337604992,0.0007060374760664624,0.1359982498834541,0.7595855692644297,25,20,20
33,5972,0.10371014337604999,0.000706037476310984,0.13600290894530187,0.7595809102023374,25,20,20
33,5973,0.10371014337605004,0.0007060374763068066,0.13562988813341006,0.7599539310142334,25,20,20
33,5974,0.10371014337605004,0.0007060374763110969,0.1356298932901863,0.7599539258574528,25,20,20
33,5975,0.10371014337605076,0.0007060374760666505,0.13562985380861808,0.7599539653392646,25,20,20
33,5976,0.10371014337605076,0.0007060374760666492,0.13562757566948558,0.7599562434783972,25,20,20
33,5977,0.10371014337605397,0.0007060374760667244,0.13563227918458903,0.7599515399632906,25,20,20
33,5978,0.10371014337605322,0.0007060374760623589,0.13563223863014817,0.7599515805177365,25,20,20
33,5979,0.1037101433760564,0.0007060374760623604,0.13563015632444061,0.7599536628234408,25,20,20
33,5980,0.10371014337623492,0.0007060374897290822,0.13571595114061907,0.7598678679934171,25,20,20
33,5981,0.10371014396653902,0.0007060382825360142,0.1358112305723184,0.7597725871786067,25,20,20
33,5982,0.1037101439665398,0.0007060382825403058,0.1358048208400708,0.7597789969108493,25,20,20
33,5983,0.10371014396653899,0.0007060382822957223,0.13579811638317152,0.759785701367994,25,20,20
33,5984,0.10371014396653899,0.0007060382822957949,0.1357935304520446,0.7597902872991207,25,20,20
33,5985,0.10371014396658135,0.0007060382825403784,0.13570784436413694,0.7598759733867415,25,20,20
33,5986,0.10371014396657814,0.0007060382825403784,0.13570779483503484,0.7598760229158468,25,20,20
33,5987,0.10371014396657495,0.0007060382825404523,0.13570769838090171,0.7598761193699829,25,20,20
33,5988,0.10371014396698214,0.0007060382825447803,0.1358872530987175,0.7596965646517556,25,20,20
33,5989,0.10371014396698214,0.0007060382825447051,0.13588266568958235,0.759701152060891,25,20,20
33,5990,0.10371014396698207,0.0007060382825447051,0.13588262258055375,0.7597011951699195,25,20,20
33,5991,0.1037101439669821,0.0007060382825446298,0.13587792216952507,0.7597058955809483,25,20,20
33,5992,0.10371014396698203,0.0007060382825446286,0.13587792213438768,0.7597058956160858,25,20,20
33,5993,0.08970813031447097,0.0007062234610511574,0.147011306109451,0.7625743401150267,25,20,20
33,5994,0.08970813031465315,0.0007062234610554502,0.14701133886713275,0.7625743073571585,25,20,20
33,5995,0.08918260574324761,0.003751032294161625,0.1444875871495921,0.7625787748129987,25,20,20
33,5996,0.08918260574324761,0.003751032294161625,0.14448755379006323,0.7625788081725275,25,20,20
33,5997,0.08918260574284098,0.003751032294156689,0.15055767298418818,0.7565086889788141,25,20,20
33,5998,0.089182605742841,0.0037510322941566904,0.1505641975294879,0.7565021644335144,25,20,20
33,5999,0.089182605742841,0.003751032294152476,0.15055957645854665,0.7565067855044599,25,20,20
33,6000,0.089182605742841,0.003751032294152477,0.15055960926691941,0.7565067526960871,25,20,20
33,6001,0.08918260574288654,0.003751032294152478,0.1505618950117284,0.7565044669512325,25,20,20
33,6002,0.08918260574288654,0.003751032294152479,0.15056189617317955,0.7565044657897814,25,20,20
33,6003,0.08918260574270481,0.0037510322802411728,0.15046949683359992,0.7565968651434543,25,20,20
33,6004,0.11018700783091473,3.264913463479484e-05,0.13318626751092716,0.7565940755235232,25,20,20
33,6005,0.11018700783091552,3.264913463487013e-05,0.13317974425565635,0.7566005987787932,25,20,20
33,6006,0.11018700783091552,3.264913463486881e-05,0.13317966456771338,0.7566006784667362,25,20,20
33,6007,0.08918391362117939,1.865332553450835e-07,0.15421013488721402,0.7566057649583513,25,20,20
33,6008,0.08918391362099799,1.8653325534238805e-07,0.15421084748668443,0.7566050523590624,25,20,20
33,6009,0.08918391362099795,1.8653325955743586e-07,0.1542109288442604,0.7566049710014824,25,20,20
33,6010,0.08918391362100035,1.8653325534259356e-07,0.15421084179904715,0.7566050580466972,25,20,20
33,6011,0.08918391362099957,1.8653325541654732e-07,0.15421545991569988,0.7566004399300453,25,20,20
33,6012,0.0891839136209996,1.8653325534126472e-07,0.15421545990424648,0.7566004399414987,25,20,20
33,6013,0.08918391362099967,1.8654706842933606e-07,0.1545895581704894,0.7562263416614428,25,20,20
33,6014,0.08918391303069478,1.8575426134942203e-07,0.15448969056751136,0.7563262106475328,25,20,20
33,6015,0.08918391303069799,1.857542656416463e-07,0.1544962944876709,0.7563196067273659,25,20,20
33,6016,0.08918391303069799,1.8575426556637688e-07,0.15449625452810528,0.7563196466869314,25,20,20
33,6017,0.08918391303069803,1.8575426571691256e-07,0.1545028594142394,0.7563130418007971,25,20,20
33,6018,0.08918391303069491,1.8576820636510906e-07,0.15450882550235215,0.7563070756987469,25,20,20
33,6019,0.11641757038177668,1.8929601241517997e-07,0.1273162383618624,0.7562660019603488,25,20,20
33,6020,0.11641757038177668,1.8929601241647768e-07,0.1273163527866415,0.7562658875355696,25,20,20
33,6021,0.12017248276279473,6.334734653724346e-07,0.12355478555577717,0.7562720982079629,25,20,20
33,6022,0.12017248276283497,6.334857831998832e-07,0.12822939089412455,0.7515974928572575,25,20,20
33,6023,0.12017248276283493,6.334857831259662e-07,0.12822469104856998,0.7516021927028121,25,20,20
33,6024,0.1201724827628349,6.33471842477774e-07,0.12821656107832846,0.7516103226869943,25,20,20
33,6025,0.1201724827628349,6.334718424777741e-07,0.128216528270153,0.7516103554951699,25,20,20
33,6026,0.09535344395266417,7.442050646529034e-07,0.15582217091815845,0.7488236409241127,25,20,20
33,6027,0.09535344395266422,7.442050647295158e-07,0.1558222519774145,0.7488235598648564,25,20,20
33,6028,0.09535344395261955,7.442050732358276e-07,0.15582159459384828,0.7488242172484586,25,20,20
33,6029,0.09535344395261636,7.442050689428927e-07,0.1558213973242608,0.7488244145180535,25,20,20
33,6030,0.09535344395261636,7.44205068941527e-07,0.1558213966951804,0.7488244151471339,25,20,20
33,6031,0.13507953013701962,7.443563070853008e-07,0.11609528583174372,0.7488244396749288,25,20,20
33,6032,0.13507953014733182,7.451457341180388e-07,0.11636486224050253,0.748554862466431,25,20,20
33,6033,0.1350795301473319,7.45145734265957e-07,0.11637135325519501,0.7485483714517384,25,20,20
33,6034,0.13507953014733184,7.45145734189368e-07,0.11637123736812961,0.7485484873388039,25,20,20
33,6035,0.1343640907284164,1.994049614915889e-05,0.11714762900684138,0.7484683397685924,25,20,20
33,6036,0.13436409072837166,1.994049590885181e-05,0.11727045916711624,0.7483455096086027,25,20,20
33,6037,0.1343640907283716,1.9940495908702573e-05,0.11726385566840836,0.7483521131073106,25,20,20
33,6038,0.1343640907283716,1.9940495908702597e-05,0.11726385428100279,0.7483521144947164,25,20,20
33,6039,0.1343640907283724,1.994049615323874e-05,0.11726618621963043,0.7483497825558433,25,20,20
33,6040,0.1343640907283716,1.9940496148963594e-05,0.11713676543671131,0.7484792033387674,25,20,20
33,6041,0.13436409072837163,1.9940496149038885e-05,0.11713690852769465,0.748479060247784,25,20,20
33,6042,0.1343640907283717,1.994049615328849e-05,0.11750992935793833,0.7481060394175362,25,20,20
33,6043,0.1343640907283717,1.994049615336376e-05,0.11751004522014155,0.7481059235553328,25,20,20
33,6044,0.1343640907180595,1.9939706726331807e-05,0.11750671868638618,0.7481092508888274,25,20,20
33,6045,0.1343640907180595,1.993970672640578e-05,0.11750683257547713,0.7481091369997364,25,20,20
33,6046,0.1343640907180595,1.9939692913391998e-05,0.11739898431738462,0.748216985271642,25,20,20
33,6047,0.13436409071805863,1.9939692904811693e-05,0.11739735456576252,0.7482186150232737,25,20,20
33,6048,0.10907629706933514,1.9492738586749726e-05,0.14274642018516118,0.7481577900069165,25,20,20
33,6049,0.1090762970693351,1.9492738586675756e-05,0.14274641882414377,0.7481577913679341,25,20,20
33,6050,0.10907629706933379,1.9492738583066464e-05,0.13649669062376013,0.7544075195683226,25,20,20
33,6051,0.109076297069333,1.9492738342746652e-05,0.13649452689565983,0.754409683296664,25,20,20
33,6052,0.10907629706933619,1.949273834289721e-05,0.13649464421056437,0.7544095659817561,25,20,20
33,6053,0.12498480975316037,1.9513173601601665e-05,0.12058601530612605,0.7544096617671116,25,20,20
33,6054,0.12498480975334131,1.9513173601600378e-05,0.12058603074764224,0.7544096463254144,25,20,20
33,6055,0.1249848097533381,1.9513173601599768e-05,0.12057962148882685,0.7544160555842329,25,20,20
33,6056,0.1249848097533381,1.9513173601598447e-05,0.1205795881048657,0.7544160889681941,25,20,20
33,6057,0.12499943066307169,1.448497773085775e-06,0.12058454492478057,0.7544145759143744,25,20,20
33,6058,0.12499943066307166,1.4484977729362172e-06,0.1203182124486427,0.7546809083905124,25,20,20
33,6059,0.08946882903410497,1.4812126226616078e-06,0.1287074576695875,0.7818222320836848,25,20,20
33,6060,0.08946882903410489,1.4812126225123918e-06,0.12870085419101437,0.781828835562258,25,20,20
33,6061,0.08385070531000353,3.0931926750874867e-06,0.1343172355731764,0.781828965924145,25,20,20
33,6062,0.08385070531000034,3.0931926750121825e-06,0.13431253460675233,0.7818336668905723,25,20,20
33,6063,0.08385070531000353,3.093192675088791e-06,0.13431415430988608,0.7818320471874354,25,20,20
33,6064,0.08385070531000437,3.0931926708737583e-06,0.13431865971089096,0.7818275417864338,25,20,20
33,6065,0.08385070530996415,3.0931803530463324e-06,0.1296439689628895,0.7865022325467936,25,20,20
33,6066,0.08385070530996418,3.0931803530476525e-06,0.12964388413367675,0.7865023173760061,25,20,20
33,6067,0.10939633974055854,3.095911460143741e-06,0.10410601700197657,0.7864945473460048,25,20,20
33,6068,0.10939633975094072,3.0959114602943253e-06,0.10410622061152836,0.7864943437260709,25,20,20
33,6069,0.10939633975094071,3.0959114560779757e-06,0.10410830151463751,0.7864922628229658,25,20,20
33,6070,0.10939633975093757,3.095911456076672e-06,0.10411138158908888,0.7864891827485176,25,20,20
33,6071,0.10939967191667982,1.669330956993506e-06,0.10410958856695272,0.7864890701854104,25,20,20
33,6072,0.10939967191672537,1.6693309613578132e-06,0.10410974493337194,0.7864889138189411,25,20,20
33,6073,0.10939967191672538,1.6693309614331051e-06,0.10410970582746369,0.7864889529248492,25,20,20
33,6074,0.10939967191672534,1.669330957106934e-06,0.10373683250283847,0.7868618262494788,25,20,20
33,6075,0.10939967191672535,1.6693309571082553e-06,0.10373683347659153,0.7868618252757256,25,20,20
33,6076,0.10994416361377203,1.6488883281268629e-06,0.10319245797766419,0.7868617295202354,25,20,20
33,6077,0.10994416361377209,1.6488883282021777e-06,0.10319260038339977,0.7868615871144997,25,20,20
33,6078,0.10994416361377207,1.6488883281255663e-06,0.1031925707378148,0.7868616167600848,25,20,20
33,6079,0.1098615055134972,3.6157772741724834e-08,0.10327683295952811,0.7868616253692018,25,20,20
33,6080,0.1098615055134972,3.615777274176957e-08,0.10327694601707776,0.7868615123116521,25,20,20
33,6081,0.10960748072941616,4.640343795684241e-08,0.10352959238104663,0.7868628804860992,25,20,20
33,6082,0.10960748072946164,4.641737860764676e-08,0.10353313594385426,0.7868593369093055,25,20,20
33,6083,0.10960748072964371,4.641737860766992e-08,0.10353321723822949,0.7868592556147482,25,20,20
33,6084,0.1391615789608338,4.6474459874215605e-08,0.0739791233357896,0.7868592512289164,25,20,20
33,6085,0.1391615789608338,4.647445994807996e-08,0.07435208381519826,0.7864862907495076,25,20,20
33,6086,0.13916157896083375,4.647445987406335e-08,0.07435205529334096,0.786486319271365,25,20,20
33,6087,0.1391615789608329,4.647445987403612e-08,0.07435395741208181,0.7864844171526251,25,20,20
33,6088,0.13916157896083287,4.6474459874036914e-08,0.07435534968588514,0.7864830248788217,25,20,20
33,6089,0.13916157896065595,4.648839910460693e-08,0.07410132285454518,0.7867370516963996,25,20,20
33,6090,0.13916157896065598,4.648839917860043e-08,0.07410132428230427,0.7867370502686404,25,20,20
33,6091,0.13916157896065598,4.648839910333214e-08,0.07410356255591034,0.7867348119950344,25,20,20
33,6092,0.13916157896065676,4.648840339473612e-08,0.07410430652492109,0.7867340680260186,25,20,20
33,6093,0.1391615789606113,4.6488403280723254e-08,0.07447717923098601,0.7863611953199992,25,20,20
33,6094,0.13916157896061448,4.648840749530069e-08,0.07447527910756563,0.7863630954434122,25,20,20
33,6095,0.13916157896061448,4.648840749532312e-08,0.07447311533642789,0.7863652592145499,25,20,20
33,6096,0.13916157896061448,4.648840749529996e-08,0.07447300086197349,0.7863653736890042,25,20,20
33,6097,0.13916157896061457,4.648840749397888e-08,0.07447770136554038,0.7863606731854373,25,20,20
33,6098,0.1391615789606146,4.6488407493291236e-08,0.07448411061498,0.7863542639359976,25,20,20
33,6099,0.1391615789604325,4.6488407567212344e-08,0.07448628003664394,0.7863520945145156,25,20,20
33,6100,0.13903428835993534,4.649158888754184e-08,0.07461354601631784,0.7863521191321575,25,20,20
33,6101,0.13903428835993215,4.649158873698173e-08,0.07461351116822584,0.7863521539802529,25,20,20
33,6102,0.13903428835993273,4.6491594947434436e-08,0.08567134745696983,0.7752943176915025,25,20,20
33,6103,0.13903428835993276,4.64915948735702e-08,0.0852983269525845,0.775667338195888,25,20,20
33,6104,0.13903428835993273,4.649159479827896e-08,0.0852982116409471,0.7756674535075254,25,20,20
33,6105,0.13903428835993273,4.649159908987098e-08,0.08529829444002304,0.7756673707084452,25,20,20
33,6106,0.13903428835993273,4.6491599015903525e-08,0.0852960182897268,0.7756696468587415,25,20,20
33,6107,0.13903795110348122,4.6597310025552784e-08,0.08519876958029092,0.7757632327189178,25,20,20
33,6108,0.13290482233526552,3.6430786464584014e-08,0.09133091276279169,0.7757642284711561,25,20,20
33,6109,0.13290482233526313,3.643078646616442e-08,0.09132848981770908,0.7757666514162412,25,20,20
33,6110,0.14727953608255004,3.317846546773634e-08,0.07695381030859638,0.7757666204303877,25,20,20
33,6111,0.14740675082766727,3.3175284181097764e-08,0.07682662018429748,0.7757665958127502,25,20,20
33,6112,0.14740675082766722,3.317528410710795e-08,0.07682442151838356,0.7757687944786643,25,20,20
33,6113,0.14740308809422153,3.306910127010622e-08,0.04144615925923152,0.8111507195774452,25,20,20
33,6114,0.1385287376952311,4.119914085901008e-08,0.0503204448874118,0.8111507762182159,25,20,20
33,6115,0.13852873812296573,4.177359813478051e-08,0.06140230261506438,0.8000689174883711,25,20,20
33,6116,0.13852873812296568,4.177359388186831e-08,0.06103592707032091,0.8004352930331189,25,20,20
33,6117,0.1385287381229649,4.177358966444884e-08,0.061033712398165546,0.8004375077052792,25,20,20
33,6118,0.1385287381229649,4.1773589738335914e-08,0.061406700106354316,0.8000645199970903,25,20,20
33,6119,0.13852873812296496,4.177358973833576e-08,0.061411322515775336,0.8000598975876692,25,20,20
33,6120,0.138528738122965,4.1773585522008926e-08,0.06141340501300671,0.8000578150904419,25,20,20
33,6121,0.13852873812515099,4.243023779211957e-08,0.06765150538331872,0.7938197140612918,25,20,20
33,6122,0.1412615927405435,3.8612837093088915e-08,0.06491869032964344,0.7938196783169754,25,20,20
33,6123,0.14126159274070438,3.862515113028542e-08,0.06959329562792686,0.789145073006217,25,20,20
33,6124,0.14126159274070438,3.862515098115186e-08,0.06922019206763326,0.7895181765665106,25,20,20
33,6125,0.14126159274070677,3.862515527160084e-08,0.06922443225117113,0.7895139363829662,25,20,20
33,6126,0.13781857190401545,4.3635412183093145e-08,0.0726649655233439,0.7895164189372277,25,20,20
33,6127,0.14696429110240536,3.1652146022904245e-07,0.06352142929515128,0.7895139630809825,25,20,20
33,6128,0.14696429110245074,3.1653535864291923e-07,0.06365105042298361,0.7893843419392063,25,20,20
33,6129,0.1469642911024508,3.165353587934549e-07,0.06365092060430572,0.789384471757884,25,20,20
33,6130,0.1469642911024476,3.1653535028686626e-07,0.06364659387399069,0.7893887984882108,25,20,20
33,6131,0.14696429110228673,3.165230363223205e-07,0.05897195715773381,0.7940634352169426,25,20,20
33,6132,0.14696429110228673,3.1652303632234366e-07,0.05897198363252826,0.7940634087421481,25,20,20
33,6133,0.14696429110228673,3.165230364728641e-07,0.05897668549611585,0.7940587068785604,25,20,20
33,6134,0.14696429110228756,3.1652328097981687e-07,0.058983274651639016,0.794052117722792,25,20,20
33,6135,0.1469642911022875,3.165232811290322e-07,0.058985175961513814,0.7940502164129171,25,20,20
33,6136,0.1469642911022875,3.165232811290098e-07,0.058985288433623856,0.7940501039408069,25,20,20
33,6137,0.14696429110228745,3.1652328105504234e-07,0.05898312312723889,0.794052269247192,25,20,20
33,6138,0.1469642911023204,3.1653337289367746e-07,0.07004145696197006,0.7829939354023359,25,20,20
33,6139,0.14696429110227485,3.1651943224287763e-07,0.07003548921055021,0.7829999031677422,25,20,20
33,6140,0.1469642911022756,3.165194364592559e-07,0.07002900747207938,0.7830063849062079,25,20,20
33,6141,0.1469642911022756,3.165194363839684e-07,0.07002672720444914,0.7830086651738383,25,20,20
33,6142,0.14696429169176944,3.158627850314533e-07,0.0637864296624947,0.7892489627829504,25,20,20
33,6143,0.14696429169176944,3.1586278503250273e-07,0.06391586870796528,0.7891195237374795,25,20,20
33,6144,0.14696429169177214,3.1586278856659556e-07,0.07016075653001938,0.7828746359154191,25,20,20
33,6145,0.14696429168139313,3.158627884173323e-07,0.07016066198240037,0.7828747304734172,25,20,20
33,6146,0.14696429168139308,3.1586278826809437e-07,0.07015405916058827,0.7828813332952295,25,20,20
33,6147,0.14696429168139305,3.1586278826816356e-07,0.0701517499427327,0.7828836425130852,25,20,20
33,6148,0.14696429168139305,3.1586278834213474e-07,0.07015171852684186,0.782883673928976,25,20,20
33,6149,0.14696429168139225,3.1586278397524394e-07,0.07015159597979001,0.7828837964760329,25,20,20
33,6150,0.14696429168138905,3.158627840492147e-07,0.0701516022031944,0.7828837902526316,25,20,20
33,6151,0.14696429168138908,3.158627841257763e-07,0.07015387983139214,0.7828815126244337,25,20,20
33,6152,0.14696429168138822,3.1586278188490824e-07,0.0705202972561549,0.7825150951996743,25,20,20
33,6153,0.14740220732521817,3.3653838013109786e-08,0.07008271141574146,0.7825150476052015,25,20,20
33,6154,0.14740220732526368,3.365383816229784e-08,0.07008194302510783,0.7825158159957896,25,20,20
33,6155,0.14740220732526366,3.365359581964665e-08,0.06970893500271175,0.782888824018428,25,20,20
33,6156,0.1474022067335831,3.3639655599331795e-08,0.06970351414955825,0.7828942454772023,25,20,20
33,6157,0.14740220673358315,3.363965559933186e-08,0.06970348134118079,0.7828942782855794,25,20,20
33,6158,0.14740220673362867,3.363965567457743e-08,0.0697036463473332,0.7828941132793816,25,20,20
33,6159,0.1474022067336286,3.363965560058319e-08,0.06970361779078908,0.7828941418359261,25,20,20
33,6160,0.15323986034368164,3.392507135726929e-08,0.0638682321375704,0.7828918735936762,25,20,20
33,6161,0.15323986034368242,3.392507557554937e-08,0.06387256130894932,0.7828875444222922,25,20,20
33,6162,0.15323986034368245,3.3925075578144034e-08,0.06387253825433249,0.7828875674769091,25,20,20
33,6163,0.15323986034368245,3.392507550287512e-08,0.06387245578634501,0.7828876499448967,25,20,20
33,6164,0.14892810418866406,1.0293765291992975e-09,0.05545587203313958,0.7956160227488196,25,20,20
33,6165,0.14892810418870955,1.02937652923287e-09,0.05546244082806395,0.7956094539538496,25,20,20
33,6166,0.14892810418866417,1.015478190625016e-09,0.0553329326368348,0.7957389621590225,25,20,20
33,6167,0.14892810418866417,1.015478189327284e-09,0.05533281821205567,0.7957390765838018,25,20,20
33,6168,0.14892810419083033,1.015478091964837e-09,0.05623474324283854,0.7948371515508528,25,20,20
33,6169,0.14892810419083352,1.0154823724224798e-09,0.05632704398958979,0.7947448508040942,25,20,20
33,6170,0.14892810419083433,1.0154822984558982e-09,0.05632480782345786,0.7947470869702253,25,20,20
33,6171,0.1489281041907889,1.0152427609548295e-09,0.05619472767453804,0.7948771671194301,25,20,20
33,6172,0.14900191177215377,1.015185467993963e-09,0.05612092010082171,0.7948771671118392,25,20,20
33,6173,0.14900191177210825,1.01518539273036e-09,0.05611941012186473,0.7948786770908417,25,20,20
33,6174,0.14900191177210825,1.0151853187592333e-09,0.056119376943442906,0.7948787102692638,25,20,20
33,6175,0.14900191177210906,1.0151853927303545e-09,0.05611941308742169,0.7948786741252841,25,20,20
33,6176,0.149001911769941,1.0151818807365498e-09,0.04897450540334844,0.8020235818115289,25,20,20
33,6177,0.1490019117699378,1.0151776015994243e-09,0.04888220515571981,0.802115882059165,25,20,20
33,6178,0.1490019117699346,1.0151776768682597e-09,0.04887758520872935,0.8021205020061588,25,20,20
33,6179,0.14900191177011593,1.0154221965521973e-09,0.048882302834904016,0.8021157843795582,25,20,20
33,6180,0.14900061232504622,1.015423186601075e-09,0.04888360227983484,0.8021157843796961,25,20,20
33,6181,0.14204175941048833,5.220342237302902e-09,0.055842430245006326,0.8021158051241631,25,20,20
33,6182,0.14204175941048833,5.2203423099758765e-09,0.055842543634797875,0.8021156917343716,25,20,20
33,6183,0.1420417594104428,5.220342160713143e-09,0.05584231357802905,0.8021159217911863,25,20,20
33,6184,0.1420417594104428,5.22034223470745e-09,0.05584242614641842,0.8021158092227965,25,20,20
33,6185,0.1420417594104436,5.220346526112224e-09,0.055844792950727494,0.8021134424184824,25,20,20
33,6186,0.1420417594104436,5.220346526112286e-09,0.0558447601425521,0.802113475226658,25,20,20
33,6187,0.14204175941048855,5.220348897943935e-09,0.044791547869672,0.8131666874994907,25,20,20
33,6188,0.14204175941048855,5.220353100657595e-09,0.04479154774356839,0.8131666876255903,25,20,20
33,6189,0.14204175941067063,5.2203573155165926e-09,0.04479320772336114,0.8131650276456113,25,20,20
33,6190,0.14204175941067063,5.2203573155165926e-09,0.04479320772336114,0.8131650276456113,25,20,20
33,6191,0.14316205316735353,1.1404613485809058e-08,0.04367287830305153,0.8131650571249817,25,20,20
33,6192,0.14342368916713377,1.1040274343043478e-08,0.04341133835173153,0.8131649614408606,25,20,20
33,6193,0.1503812258547683,6.835411694088848e-09,0.03645382661329121,0.8131649406965289,25,20,20
33,6194,0.15038122585472277,6.83540311446869e-09,0.0364491233039659,0.8131696440059083,25,20,20
33,6195,0.15038122585454064,6.8353988217221105e-09,0.0364474607977475,0.8131713065123131,25,20,20
33,6196,0.15025908912051458,6.835399290364154e-09,0.03656959752433618,0.8131713065197501,25,20,20
33,6197,0.15025908912051458,6.835399287699967e-09,0.036569594936671605,0.8131713091074145,25,20,20
33,6198,0.15055181182290786,6.83518108638584e-09,0.036276872234292476,0.8131713091076186,25,20,20
33,6199,0.15055181182290786,6.835181085088103e-09,0.03627695272799269,0.8131712286139183,25,20,20
33,6200,0.1505518118229071,6.835176942080564e-09,0.036270461770107267,0.8131777195718086,25,20,20
33,6201,0.14722569225435073,4.19102978806389e-09,0.039596613475768955,0.8131776900788507,25,20,20
33,6202,0.1472256922543515,4.191034079012992e-09,0.039603137541703075,0.8131711660129113,25,20,20
33,6203,0.14722569225440008,4.191277783009623e-09,0.03975353295742051,0.8130207705969018,25,20,20
33,6204,0.14722569225440085,4.191282074632306e-09,0.03975357295980588,0.8130207305945113,25,20,20
33,6205,0.1472256922359536,4.191281807869237e-09,0.035234022719066754,0.817540280853698,25,20,20
33,6206,0.14722569223595294,4.191521578311415e-09,0.035319712817792136,0.8174545907547335,25,20,20
33,6207,0.14722569223595613,4.191766173286512e-09,0.03532454772830534,0.8174497558439725,25,20,20
33,6208,0.1472256922359592,4.205372849764504e-09,0.03549864238006684,0.8172756611786012,25,20,20
33,6209,0.1472256922357803,4.205132536542137e-09,0.03558610208066496,0.8171882014784224,25,20,20
33,6210,0.14722569223577714,4.191281798672865e-09,0.035319827244144134,0.817454476328797,25,20,20
33,6211,0.14722569223577708,4.1912817246785685e-09,0.03531979176429279,0.8174545118086485,25,20,20
33,6212,0.14722569223577708,4.191281799969857e-09,0.035319874818143825,0.8174544287547973,25,20,20
33,6213,0.14122524729073738,4.194004174898799e-09,0.0413202988610435,0.817454449654215,25,20,20
33,6214,0.14122524729073738,4.194004174898799e-09,0.041320298275357485,0.8174544502399015,25,20,20
33,6215,0.14122524729073732,4.194004025659211e-09,0.04132018393059995,0.8174545645846593,25,20,20
33,6216,0.14734986861308,4.191280200788254e-09,0.03519558351797127,0.817454543677669,25,20,20
33,6217,0.1458851421482706,4.197635889671681e-09,0.036660309948749976,0.817454543705344,25,20,20
33,6218,0.1458851421482706,4.1976316105945365e-09,0.036530786576040336,0.8175840670780579,25,20,20
33,6219,0.14588514214845275,4.197635901501994e-09,0.036537381562087294,0.8175774720918245,25,20,20
33,6220,0.14588514214842305,4.1875440629132574e-09,0.025479042952461617,0.8286358107115717,25,20,20
33,6221,0.14588514214842224,4.187539771486116e-09,0.02547667672374019,0.8286381769402983,25,20,20
33,6222,0.14588514221870263,4.187541776290142e-09,0.04680256368848802,0.8073122899052676,25,20,20
33,6223,0.14588514221870186,4.187545992647883e-09,0.04679615389889086,0.8073186996948611,25,20,20
33,6224,0.14588514221870186,4.1875459939679864e-09,0.04679615590662043,0.8073186976871317,25,20,20
33,6225,0.14588514228311422,4.187762929652524e-09,0.06484239228640518,0.7892724612427179,25,20,20
33,6226,0.11944166193321289,7.890339435068609e-07,0.09128502214227936,0.7892725268905642,25,20,20
33,6227,0.11944166193321289,7.890339435081591e-07,0.09128502218917242,0.789272526843671,25,20,20
33,6228,0.11944166193339509,7.890339435121209e-07,0.09128497496172423,0.7892725740709371,25,20,20
33,6229,0.11944166209575796,7.884597259475746e-07,0.08031077725150931,0.8002467721930066,25,20,20
33,6230,0.11944166209575796,7.88459725947574e-07,0.08031730089185157,0.8002402485526645,25,20,20
33,6231,0.1194416620955759,7.884597216566628e-07,0.08031290259321619,0.8002446468514861,25,20,20
33,6232,0.11944166209552741,7.884594821696439e-07,0.08016903061713637,0.8003885188278539,25,20,20
33,6233,0.11944166150542992,7.884592383180592e-07,0.08005946675006408,0.8004980832852675,25,20,20
33,6234,0.11944166150542915,7.884592383920302e-07,0.08005956780492304,0.8004979822304091,25,20,20
33,6235,0.11944166150542909,7.884592341763601e-07,0.08005956607599897,0.8004979839593374,25,20,20
33,6236,0.1194416615052469,7.884594787559172e-07,0.08006620189862938,0.8004913481366445,25,20,20
33,6237,0.11944166150524685,7.884594786066948e-07,0.08006152898464679,0.8004960210506273,25,20,20
33,6238,0.11944166150524685,7.884594786092902e-07,0.08006149629532723,0.8004960537399468,25,20,20
33,6239,0.11944166150542898,7.884594829747296e-07,0.08006324493922841,0.8004943050958592,25,20,20
33,6240,0.11944166150542579,7.884594829746836e-07,0.08006317524239279,0.800494374792698,25,20,20
33,6241,0.1194416615054258,7.88459483048632e-07,0.08006325627957976,0.800494293755511,25,20,20
33,6242,0.11944166150547206,7.884594831239312e-07,0.08007211524484477,0.8004854347901997,25,20,20
33,6243,0.11944166150547206,7.884594831239413e-07,0.08007863695571522,0.8004789130793292,25,20,20
33,6244,0.11944166150547206,7.884592385404683e-07,0.08007216248556795,0.8004853875497211,25,20,20
33,6245,0.11944166150547206,7.884592384651764e-07,0.08007862647157063,0.8004789235637184,25,20,20
33,6246,0.11944166150547211,7.884592386144079e-07,0.0800808250499469,0.800476724985342,25,20,20
33,6247,0.11944166150546888,7.884592344066264e-07,0.0799886128772335,0.8005689371580632,25,20,20
33,6248,0.11944166150546569,7.884592345545509e-07,0.07998851642436042,0.8005690336109393,25,20,20
33,6249,0.11944166150546569,7.884592345545735e-07,0.07998202588400335,0.8005755241512965,25,20,20
33,6250,0.11944166150546566,7.884592303382281e-07,0.07998191169321303,0.8005756383420909,25,20,20
33,6251,0.11944166150803442,7.884730301129082e-07,0.08039438080009836,0.8001631692188366,25,20,20
33,6252,0.11944166150803122,7.884727855945224e-07,0.08038968833000865,0.8001678616891742,25,20,20
33,6253,0.11944166150803122,7.884727856407356e-07,0.0806558243438527,0.7999017256753301,25,20,20
33,6254,0.11944166150803122,7.88472992045003e-07,0.08690537602478299,0.7936521739941934,25,20,20
33,6255,0.11944166150803116,7.884729918957488e-07,0.0869032108282593,0.7936543391907174,25,20,20
33,6256,0.11944166150879082,7.884729918432441e-07,0.11519543279295436,0.7653621172252622,25,20,20
33,6257,0.1194416615086119,7.884729917694195e-07,0.11519387942287095,0.7653636705955246,25,20,20
33,6258,0.1194416615086119,7.884729917694195e-07,0.11519387942287095,0.7653636705955246,25,20,20
33,6259,0.12498381505895431,9.493408679413637e-07,0.1102794125312911,0.7647358230688858,25,20,20
33,6260,0.1250129226029942,9.493559458430868e-07,0.12194489015420709,0.7530412378868532,25,20,20
33,6261,0.125012922602951,9.493561228186489e-07,0.13299650884579756,0.7419896191951291,25,20,20
33,6262,0.125012922602951,9.493561228199918e-07,0.13299653926006771,0.7419895887808587,25,20,20
33,6263,0.10993643725631884,9.4935350485725e-07,0.1480730246495627,0.741989588740614,25,20,20
33,6264,0.10993643725632202,9.493535091475667e-07,0.1480730793692786,0.7419895340208906,25,20,20
33,6265,0.09993061786247419,9.495780571824611e-07,0.15807886753195602,0.741989565027513,25,20,20
33,6266,0.09993061786247419,9.495780571824383e-07,0.15807895297458624,0.7419894795848829,25,20,20
33,6267,0.09993061786247419,9.495780571084895e-07,0.15807898435579018,0.741989448203679,25,20,20
33,6268,0.09991610374173447,9.504169335529312e-07,0.15810657304733125,0.7419763727940013,25,20,20
33,6269,0.09991610374173453,9.504169334050064e-07,0.15810190165093346,0.7419810441903989,25,20,20
33,6270,0.09991610374173533,9.504171779859301e-07,0.15810200195877486,0.7419809438823122,25,20,20
33,6271,0.09991610374173453,9.504171736189938e-07,0.15810210947369835,0.7419808363673935,25,20,20
33,6272,0.09991610374173453,9.504171736189701e-07,0.15810210947354403,0.7419808363675479,25,20,20
33,6273,0.09991610374173451,9.504171736189701e-07,0.15810187947753904,0.7419810663635529,25,20,20
33,6274,0.09991610375211224,9.504174139223349e-07,0.1581065189260401,0.7419764269044339,25,20,20
33,6275,0.09991610374954348,9.504036141463807e-07,0.15769416391914667,0.7423887819276958,25,20,20
33,6276,0.09991610374972563,9.504036183627387e-07,0.15768775690239814,0.7423951889442578,25,20,20
33,6277,0.060946268268595144,9.78736233218852e-07,0.19665742900824143,0.7423953239869303,25,20,20
33,6278,0.06094626826859593,9.787362375098233e-07,0.19666380496982808,0.7423889480253386,25,20,20
33,6279,0.05540413025936328,9.034263287667966e-07,0.202206038152483,0.7423889281618246,25,20,20
33,6280,0.055404130259361015,9.034263962994503e-07,0.191154472645216,0.7534404936690277,25,20,20
33,6281,0.055404130259361015,9.034263963746969e-07,0.1911545879318309,0.7534403783824126,25,20,20
33,6282,0.05540413025936103,9.034264006643486e-07,0.1911610799674351,0.7534338863468041,25,20,20
33,6283,0.0419475990121921,2.780331092440631e-07,0.20461830201772524,0.7534338209369742,25,20,20
33,6284,0.041947599012196086,2.780329072051895e-07,0.1983704641623216,0.7596816587925759,25,20,20
33,6285,0.027457136702763098,2.7442897740617167e-07,0.21285908882114143,0.7596835000471179,25,20,20
33,6286,0.027457136702763084,2.7442897311522214e-07,0.21285248231597284,0.7596901065522909,25,20,20
33,6287,0.027457136702759892,2.744289687511028e-07,0.2128531330472845,0.7596894558209867,25,20,20
33,6288,0.0301786117857483,3.895866627216657e-07,0.20838134529790836,0.7614396533296803,25,20,20
33,6289,0.0301786117857491,3.8958666279694693e-07,0.20837482562578266,0.7614461730018052,25,20,20
33,6290,0.01675050246216863,4.147963023325776e-07,0.2218029406895296,0.7614461420519977,25,20,20
33,6291,0.016750502462167832,4.1479605775033416e-07,0.22179623762005649,0.7614528451217162,25,20,20
33,6292,0.016750502462168575,4.1479581331735306e-07,0.2217896176705827,0.7614594650714337,25,20,20
33,6293,0.016750502462168575,4.147958133173535e-07,0.22178950590992624,0.7614595768320902,25,20,20
33,6294,0.016750502464763752,4.147958218970228e-07,0.22179427532945886,0.7614548074099539,25,20,20
33,6295,0.039271603079006165,3.864631506703426e-07,0.19927333809069328,0.7614546723671493,25,20,20
33,6296,0.039271603079006186,3.864631549599945e-07,0.1992799413956635,0.7614480690621747,25,20,20
33,6297,0.03927160307905092,3.8646316354064257e-07,0.19927778447839498,0.7614502259793899,25,20,20
33,6298,0.0392575314414456,3.856169124185599e-07,0.19929185692610457,0.7614502260155358,25,20,20
33,6299,0.039257531441445594,3.856169124937706e-07,0.1992982311581659,0.7614438517834743,25,20,20
33,6300,0.03925753144149113,3.85616916786027e-07,0.1993049662785898,0.7614371166630006,25,20,20
33,6301,0.039257531441491904,3.856169210212202e-07,0.1995646946058617,0.7611773883357236,25,20,20
33,6302,0.039257531441491106,3.856169251618132e-07,0.19956931365035968,0.7611727692912225,25,20,20
33,6303,0.03925753145184924,3.856308365396367e-07,0.19965947065676368,0.761082612260549,25,20,20
33,6304,0.039257531451803704,3.8563083224999817e-07,0.1996528499956495,0.7610892329217129,25,20,20
33,6305,0.0392575314518069,3.856308321760493e-07,0.1996575324180936,0.7610845504992656,25,20,20
33,6306,0.0392575314518069,3.8563083225130535e-07,0.19966413450825965,0.7610779484090995,25,20,20
33,6307,0.039259414513245855,3.8564448832678344e-07,0.20048683098601294,0.760253368856251,25,20,20
33,6308,0.03925941451319953,3.8564448832674394e-07,0.2004826338906727,0.7602575659516378,25,20,20
33,6309,0.03925941451319953,3.856444882514879e-07,0.20047605815321978,0.7602641416890908,25,20,20
33,6310,0.03925941451319958,3.856444925400465e-07,0.20048068054544085,0.7602595192968655,25,20,20
33,6311,0.03925941451319964,3.8564449675571296e-07,0.20048258520567974,0.7602576146366223,25,20,20
33,6312,0.0392594145131997,3.856445010460292e-07,0.2004827534232067,0.760257446419091,25,20,20
33,6313,0.039259414513199656,3.856445010460292e-07,0.20048275342338698,0.7602574464189108,25,20,20
33,6314,0.03925941451319646,3.856445011199781e-07,0.20047807100094278,0.7602621288413581,25,20,20
33,6315,0.03925941451319572,3.8564474396505535e-07,0.20074433841535896,0.7599958614266998,25,20,20
33,6316,0.039259414513196235,3.856449031539358e-07,0.2147140986958252,0.7460261011460738,25,20,20
33,6317,0.039259414513195784,3.856447439663989e-07,0.20074650279180326,0.7599936970502554,25,20,20
33,6318,0.03925940048158468,7.567967514878669e-06,0.2007393415325854,0.7599936900183141,25,20,20
33,6319,0.03925940048158474,7.567967519167689e-06,0.20073942432612818,0.759993607224767,25,20,20
33,6320,0.03916305027882272,0.014168240978386893,0.18667509536012816,0.7599936133826617,25,20,20
33,6321,0.03916305027622749,0.014168240978378308,0.186670296067309,0.7599984126780847,25,20,20
33,6322,0.05760834128612479,0.014168130152361147,0.1699771542287273,0.758246374332786,25,20,20
33,6323,0.05760835262005095,0.001120776832602311,0.1830245021075546,0.7582463684397921,25,20,20
33,6324,0.0576084021778405,0.001142304805709863,0.1830029242025412,0.7582463688139086,25,20,20
33,6325,0.05760833390476344,2.8825670641054083e-05,0.1841164721135934,0.7582463683110022,25,20,20
33,6326,0.057608333904763394,2.882567063679152e-05,0.18385022190074793,0.7585126185238521,25,20,20
33,6327,0.0634432939368383,2.882133675906642e-05,0.17801526691978098,0.7585126178066218,25,20,20
33,6328,0.04291973142756343,2.8822107709685676e-05,0.19853861934207234,0.7585128271226546,25,20,20
33,6329,0.07988984899495791,2.882133675909651e-05,0.16156871186113336,0.7585126178071497,25,20,20
33,6330,0.07988984899496107,2.8821336759095985e-05,0.16183497696568142,0.7582463527025984,25,20,20
33,6331,0.079889848994779,2.8821336754804347e-05,0.16183948270281262,0.7582418469656538,25,20,20
33,6332,0.07988984899473413,2.882133695262557e-05,0.16808883174344963,0.7519924979248637,25,20,20
33,6333,0.07988984899473407,2.8821336952625596e-05,0.16808413025613436,0.7519971994121789,25,20,20
33,6334,0.07988984899473406,2.8821336952551683e-05,0.1680776071960961,0.7520037224722174,25,20,20
33,6335,0.08177580290909005,2.880987594016375e-05,0.16619166362782575,0.7520037235871441,25,20,20
33,6336,0.08177391984764791,2.880986227979534e-05,0.1653688523353375,0.7528284179547345,25,20,20
33,6337,0.0817739198476471,2.8809862271270517e-05,0.16510263316486057,0.7530946371252208,25,20,20
33,6338,0.08177391984764643,2.8809862064941324e-05,0.15885308671436094,0.7593441835759279,25,20,20
33,6339,0.08177391984782707,2.881065029558815e-05,0.15918287916727916,0.7590143903345984,25,20,20
33,6340,0.08177583610467766,2.8810678089300463e-05,0.1593104380896989,0.7588849151275342,25,20,20
33,6341,0.0817758361046776,2.8810678085008855e-05,0.15931024342014355,0.7588851097970937,25,20,20
33,6342,0.08177583610467756,2.8810677842088506e-05,0.15904400677533548,0.7591513464421444,25,20,20
33,6343,0.07993478601080765,3.0187055205028223e-05,0.16088367756574024,0.7591513493682465,25,20,20
33,6344,0.11305648622419738,3.018704889419916e-05,0.12776081205688922,0.759152514670019,25,20,20
33,6345,0.11305648622419819,3.018704889427183e-05,0.12775867634540383,0.7591546503815034,25,20,20
33,6346,0.11305643502248947,1.581604280911248e-05,0.12777309893048325,0.7591546500042178,25,20,20
33,6347,0.11305643502248952,1.5816042809039803e-05,0.12777306239091968,0.7591546865437812,25,20,20
33,6348,0.11305643501235893,1.581604283689203e-05,0.12769294718276347,0.7592348017620403,25,20,20
33,6349,0.11369243220526219,1.582041192276826e-05,0.12699158057069612,0.7593001668121186,25,20,20
33,6350,0.11369243220526139,1.582041191847731e-05,0.12698505650476205,0.7593066908780576,25,20,20
33,6351,0.11115511877802804,1.5840148706446e-05,0.12951707740877014,0.7593119636644947,25,20,20
33,6352,0.11115511877802885,1.5840148706446273e-05,0.12951474008626132,0.7593143009870026,25,20,20
33,6353,0.11115511877807582,1.5839374415106106e-05,0.1291971867065593,0.759631855140949,25,20,20
33,6354,0.11727274232982468,1.583500273869668e-05,0.12314609787821772,0.7595653247892181,25,20,20
33,6355,0.11727274232982786,1.583500273877307e-05,0.1232383917561093,0.7594730309113235,25,20,20
33,6356,0.11144686650275565,1.583500404645493e-05,0.12906424693356236,0.7594730515596353,25,20,20
33,6357,0.11144686650275572,1.583500405074586e-05,0.12907073899225002,0.7594665595009431,25,20,20
33,6358,0.11144495024590588,1.5834976257033314e-05,0.12894512101016165,0.7595940937676753,25,20,20
33,6359,0.1114449502460868,1.5834976500027673e-05,0.129211468188979,0.7593277465884338,25,20,20
33,6360,0.11144495024608603,1.583497649588727e-05,0.12920952497428492,0.7593296898031329,25,20,20
33,6361,0.1139699140822958,1.581523993354618e-05,0.1266898536311974,0.7593244170465729,25,20,20
33,6362,0.1332569938126184,1.6394366789206052e-05,0.10740214722570536,0.7593244645948866,25,20,20
33,6363,0.13325699381261524,1.639436678912964e-05,0.1073165873856107,0.7594100244349845,25,20,20
33,6364,0.1332569938126152,1.6394366784838713e-05,0.10731009603015103,0.7594165157904486,25,20,20
33,6365,0.09401107278414528,1.6438141840385368e-05,0.1465559679627061,0.7594165211113082,25,20,20
33,6366,0.09401107278414854,1.643814184466714e-05,0.14664829548016958,0.7593241935938372,25,20,20
33,6367,0.09401107278419088,1.6438141848883324e-05,0.1463885546407764,0.7595839344331837,25,20,20
33,6368,0.09670859878933774,1.56172384012974e-05,0.1436890936041243,0.7595866903681366,25,20,20
33,6369,0.09670859878933774,1.561723840122343e-05,0.14368909221148532,0.7595866917607755,25,20,20
33,6370,0.0967085987916302,1.5617250932418266e-05,0.14834618798788024,0.7549295959695574,25,20,20
33,6371,0.10264848080018601,1.561733886260671e-05,0.1424063261215573,0.7549295757393945,25,20,20
33,6372,0.1026484807999592,1.5617324927666465e-05,0.14239870875957705,0.7549371931155364,25,20,20
33,6373,0.10264848079999762,1.5617324927579485e-05,0.14864426453563873,0.7486916373394366,25,20,20
33,6374,0.10258070728243458,1.561723566235534e-05,0.1487120385678019,0.7486916369141015,25,20,20
33,6375,0.10258070728243453,1.561723566235272e-05,0.14871215159451703,0.7486915238873862,25,20,20
33,6376,0.10258070728243458,1.5617235666644968e-05,0.14871864164133272,0.7486850338405663,25,20,20
33,6377,0.10258070728239618,1.5617235666657995e-05,0.14246852701788643,0.754935148464051,25,20,20
33,6378,0.10258070728239536,1.56172356622916e-05,0.14246382284993636,0.7549398526320061,25,20,20
33,6379,0.10258070728239539,1.5617235662292923e-05,0.14245717073850098,0.7549465047434414,25,20,20
33,6380,0.10258070728239614,1.5617235662293407e-05,0.1424528709545766,0.7549508045273651,25,20,20
33,6381,0.1025807072823953,1.5617235662293363e-05,0.1424528108737268,0.7549508646082158,25,20,20
33,6382,0.10258070729277255,1.5617235658089488e-05,0.1423671764080128,0.7550364990635567,25,20,20
33,6383,0.10258204450263668,8.37605320389954e-06,0.14237247950541124,0.7550370999387485,25,20,20
33,6384,0.10258204450259184,8.376053419533087e-06,0.1470247389545543,0.7503848404894343,25,20,20
33,6385,0.10258204450259266,8.37605341953573e-06,0.14702489350673834,0.7503846859372494,25,20,20
33,6386,0.10258204450259198,8.37605319968655e-06,0.14236610469824781,0.7550434747459605,25,20,20
33,6387,0.10258204450259205,8.376053203979319e-06,0.14236776575142757,0.7550418136927763,25,20,20
33,6388,0.10258204450236443,8.376039264675305e-06,0.14235544622167184,0.755054133236699,25,20,20
33,6389,0.10258204450236443,8.376039264602631e-06,0.14236003215279885,0.7550495473055722,25,20,20
33,6390,0.06357500521709067,9.919667720321947e-06,0.1813581726694154,0.755056902445772,25,20,20
33,6391,0.06265931006713527,8.376048705988792e-06,0.18228276653533304,0.7550495473488241,25,20,20
33,6392,0.06265931006695431,8.376048462993158e-06,0.18201641806013888,0.7553158958244426,25,20,20
33,6393,0.06265931006695433,8.376048458777487e-06,0.1820164163420367,0.7553158975425489,25,20,20
33,6394,0.06265931006695752,8.376048458852757e-06,0.18201644613292378,0.7553158677516588,25,20,20
33,6395,0.06265931006696068,8.376048463068447e-06,0.18201648078516758,0.7553158330994075,25,20,20
33,6396,0.06265801972824303,1.196800493276593e-06,0.18202555087766023,0.7553152325936027,25,20,20
33,6397,0.06108516995713883,2.8547301845066895e-05,0.18344069566440896,0.7554455870766067,25,20,20
33,6398,0.06108514461150805,4.172580154733213e-05,0.1834275427100922,0.7554455868768518,25,20,20
33,6399,0.06108514461150806,4.1725801791914354e-05,0.18343416525003436,0.755438964336665,25,20,20
33,6400,0.06108514461150805,4.172580179191429e-05,0.18343416454895692,0.7554389650377424,25,20,20
33,6401,0.061085144601130764,4.17258020364516e-05,0.18342920657116843,0.7554439230256637,25,20,20
33,6402,0.06108514460113069,4.172580203215883e-05,0.1834274636368621,0.7554456659599744,25,20,20
33,6403,0.06108514460112989,4.172580202786613e-05,0.18342519747251476,0.7554479321243268,25,20,20
33,6404,0.06108514459074977,4.172580178327243e-05,0.18342051614300867,0.7554526134644577,25,20,20
33,6405,0.061085144590749735,4.172580154302673e-05,0.18368014458089035,0.7551929850268162,25,20,20
33,6406,0.061085144590749735,4.172580154302673e-05,0.18368022646201684,0.7551929031456898,25,20,20
33,6407,0.06108514459074969,4.172580154295406e-05,0.18368023075541004,0.7551928988522967,25,20,20
33,6408,0.06108514459092861,4.1725801538812344e-05,0.18367587272437594,0.755197256883156,25,20,20
33,6409,0.06108514459092861,4.172580153881232e-05,0.18367587268773364,0.7551972569197981,25,20,20
33,6410,0.06108514517964544,4.1725801786511565e-05,0.18388283727079774,0.7549902917477695,25,20,20
33,6411,0.061085145179687765,4.172580154618928e-05,0.1838812975633171,0.7549918314554482,25,20,20
33,6412,0.06108514517968775,4.172580154190027e-05,0.1838812152562922,0.7549919137624773,25,20,20
33,6413,0.06108514517968855,4.172580154197292e-05,0.1838877073611215,0.7549854216576471,25,20,20
33,6414,0.061085145179687765,4.172580154204685e-05,0.18388763588783022,0.7549854931309392,25,20,20
33,6415,0.06108514517969092,4.1725801546308586e-05,0.18415385427868636,0.7547192747400754,25,20,20
33,6416,0.06108514517969092,4.1725801541973403e-05,0.1838876372877834,0.7549854917309827,25,20,20
33,6417,0.06108514517951198,4.1725801546115096e-05,0.1838919623948215,0.7549811666241196,25,20,20
33,6418,0.06108514518985125,4.1725801541901385e-05,0.1838940427310095,0.7549790862775965,25,20,20
33,6419,0.06108514518989674,4.172581545221419e-05,0.18398923616052287,0.7548838928341272,25,20,20
33,6420,0.06108514518989679,4.17258154522116e-05,0.18398469815079704,0.7548884308438529,25,20,20
33,6421,0.06108514460117997,4.172581520443709e-05,0.18377770567972887,0.7550954239038856,25,20,20
33,6422,0.06108514460117997,4.1725815204437115e-05,0.18377770564504192,0.7550954239385722,25,20,20
33,6423,0.06108514460117997,4.172581520451369e-05,0.18378240747811417,0.7550907221055,25,20,20
33,6424,0.06108514460118011,4.172581520880407e-05,0.1837778016942858,0.7550953278893239,25,20,20
33,6425,0.061085144601183285,4.172581520873013e-05,0.18377999735866882,0.7550931322249377,25,20,20
33,6426,0.06108514459079929,4.172581520865227e-05,0.1837778736350487,0.755095255958942,25,20,20
33,6427,0.061085144590799355,4.172581520865228e-05,0.18377793357261937,0.7550951960213713,25,20,20
33,6428,0.060870640847014455,3.185654856893621e-05,0.1840479040875893,0.755049598516826,25,20,20
33,6429,0.06087064084701366,3.1856548568859616e-05,0.1840478306895816,0.7550496719148346,25,20,20
33,6430,0.06087064084716735,3.1856548576101856e-05,0.19029734625539138,0.7488001563488638,25,20,20
33,6431,0.06087064084717049,3.1856548820611374e-05,0.19030390830639507,0.7487935942976124,25,20,20
33,6432,0.0550337188918856,3.1856624863533943e-05,0.1961408095380681,0.7487936149451815,25,20,20
33,6433,0.055187809507973966,3.181331057696005e-05,0.19598676539129947,0.7487936117901499,25,20,20
33,6434,0.05491324242950456,3.1817609608211286e-05,0.19626134809947895,0.7487935918614086,25,20,20
33,6435,0.05561632810421206,3.1817148872006035e-05,0.19555826501273768,0.7487935897341785,25,20,20
33,6436,0.055616328104166585,3.1817134961694534e-05,0.19546769036262282,0.7488841643982491,25,20,20
33,6437,0.05561632810416344,3.181713496169322e-05,0.19546549316145373,0.7488863615994212,25,20,20
33,6438,0.05561632810416423,3.1817134961691234e-05,0.19583391063373995,0.7485179441271341,25,20,20
33,6439,0.023488894514256623,6.970230772373165e-05,0.22792029054458296,0.7485211126334365,25,20,20
33,6440,0.02348889451430136,6.97023079682419e-05,0.2275538763211786,0.7488875268565515,25,20,20
33,6441,0.02348889451429817,6.970230796402623e-05,0.2275538745821089,0.7488875285956287,25,20,20
33,6442,0.02348889451429817,6.97023079640249e-05,0.2275538426140438,0.7488875605636938,25,20,20
33,6443,0.021852753468358355,0.0011495915275979375,0.22811326365644477,0.7488843913475988,25,20,20
33,6444,0.02185275347095029,0.0011495915278383333,0.2278536374534503,0.7491440175477608,25,20,20
33,6445,0.021852753470947152,0.0011495915275938238,0.22784701548971767,0.7491506395117412,25,20,20
33,6446,0.021852753470947162,0.0011495915275938988,0.22784709084178445,0.7491505641596744,25,20,20
33,6447,0.021852753470989503,0.001149591527598189,0.227849353838833,0.7491483011625789,25,20,20
33,6448,0.05531766876800326,0.0011317470370968404,0.19443567978211743,0.7491149044127822,25,20,20
33,6449,0.055317668768003196,0.0011317470370968417,0.1944422014678119,0.7491083827270877,25,20,20
33,6450,0.055317668768006395,0.001131747037096917,0.1944468225262013,0.7491037616686951,25,20,20
33,6451,0.055317668768009594,0.0011317470370969908,0.1944468615354086,0.7491037226594844,25,20,20
33,6452,0.055317668768006395,0.0011317470370969908,0.19444227387223317,0.7491083103226631,25,20,20
33,6453,0.05375300260232144,0.0011344347616964866,0.19600424837030797,0.7491083142656734,25,20,20
33,6454,0.05375300260232129,0.001134434761692121,0.19600423337200099,0.7491083292639849,25,20,20
33,6455,0.0537530026049132,0.001134434761936703,0.19601081943570922,0.7491017431974402,25,20,20
33,6456,0.053725006824390284,0.0011317470446508588,0.19604150694550448,0.7491017391854539,25,20,20
33,6457,0.053725006824390284,0.0011317470446508575,0.19604158743920458,0.7491016586917536,25,20,20
33,6458,0.0537319402277411,0.0011317475050903047,0.19603098435809366,0.7491053279090746,25,20,20
33,6459,0.05373194022774117,0.0011317475050904551,0.19603552246953804,0.7491007897976298,25,20,20
33,6460,0.05917027828437752,0.0011315414880809314,0.19065151070905087,0.7490466695184902,25,20,20
33,6461,0.059170278284377584,0.001131541488080856,0.19064960942943343,0.7490485707981077,25,20,20
33,6462,0.05917027828422396,0.0011315414880778783,0.18466634466529327,0.7550318355624043,25,20,20
33,6463,0.059170278284223936,0.0011315414880778767,0.18466623018617645,0.7550319500415209,25,20,20
33,6464,0.059170278284223936,0.001131541488077952,0.18466626359372768,0.7550319166339697,25,20,20
33,6465,0.05917027828162883,0.0011315414878333685,0.1846596393216114,0.7550385409089257,25,20,20
33,6466,0.05917027828162884,0.0011315414878333712,0.18465967284195103,0.755038507388586,25,20,20
33,6467,0.059170278281632,0.001131541488075787,0.18503268017692986,0.7546655000533613,25,20,20
33,6468,0.059170278281587274,0.0011315414878354947,0.1850306792461001,0.7546675009844763,25,20,20
33,6469,0.08299080078898631,0.0011315523601125562,0.1612138141452962,0.7546638327056044,25,20,20
33,6470,0.08299080078898631,0.0011315523601124822,0.16121370029975626,0.7546639465511444,25,20,20
33,6471,0.08299080078899036,0.0011315523601346253,0.19764318037088097,0.7182344664799932,25,20,20
33,6472,0.082990801374347,0.0011315531462917808,0.198077541672213,0.7178001038071473,25,20,20
33,6473,0.08311266738598976,0.0011315529682603132,0.19795567583873677,0.7178001038070121,25,20,20
33,6474,0.08311264586021977,0.0011183744935718046,0.19796887600894306,0.7178001036372658,25,20,20
33,6475,0.08311264586021899,0.0011183744935718044,0.19797100159771217,0.7177979780484973,25,20,20
33,6476,0.0831126452748623,0.0011183737074189394,0.19753670166697468,0.7182322793507445,25,20,20
33,6477,0.08394193851154629,0.001118373714669017,0.19670740640841378,0.7182322813653719,25,20,20
33,6478,0.08394193851154633,0.0011183737146647527,0.19644587142411724,0.7184938163496724,25,20,20
33,6479,0.08394193919346715,0.0011300664624878756,0.1964341776879506,0.718493816656095,25,20,20
33,6480,0.08394193919351267,0.0011300664624878014,0.19642764202734075,0.7185003523166591,25,20,20
33,6481,0.08394171118442598,0.0005233340216954435,0.1970346024823348,0.7185003523115421,25,20,20
33,6482,0.08394171118442281,0.0005233340214530276,0.1966680847827365,0.7188668700113862,25,20,20
33,6483,0.08394171118437808,0.0005233340214530276,0.1966773045658854,0.718857650228282,25,20,20
33,6484,0.08394171118437814,0.0005233340214529536,0.19667883859902713,0.7188561161951401,25,20,20
33,6485,0.08394171118437814,0.0005233340214529536,0.19667895105883754,0.71885600373533,25,20,20
33,6486,0.08394171118437813,0.0005233340214530289,0.19668327567211003,0.7188516791220576,25,20,20
33,6487,0.08394171118437808,0.0005233340214531055,0.1966786887615312,0.7188562660326364,25,20,20
33,6488,0.08394171118437808,0.0005233340214531055,0.19667860772886456,0.7188563470653032,25,20,20
33,6489,0.08394171118437799,0.000523334021453107,0.1966738114544327,0.7188611433397353,25,20,20
33,6490,0.08394171061751343,0.0006241486228659221,0.1965729977245081,0.7188611430351114,25,20,20
33,6491,0.08394171062010894,0.0006241486228702137,0.19657316852068124,0.7188609722363385,25,20,20
33,6492,0.08394171061751347,0.0006241486228617057,0.19657755666374893,0.7188565840958748,25,20,20
33,6493,0.08394191231486986,0.00011341259878980438,0.1970866120134374,0.718858063072902,25,20,20
33,6494,0.08394191231486986,0.00011341259878980309,0.1970865800106856,0.7188580950756537,25,20,20
33,6495,0.08394191231482512,0.00011341259878980315,0.19708583105266395,0.7188588440337201,25,20,20
33,6496,0.0839419123148291,0.00011341259903437522,0.19708780775520066,0.7188568673309349,25,20,20
33,6497,0.0839419123148291,0.0001134125990344505,0.1970878432696961,0.7188568318164396,25,20,20
33,6498,0.08394191231223401,0.00011341259878979298,0.1970812504132931,0.7188634246756824,25,20,20
33,6499,0.0839419123122332,0.00011341259878986569,0.1970720774007308,0.7188725976882455,25,20,20
33,6500,0.08394191230998867,0.00011341258649904966,0.19241745035587396,0.7235272247476375,25,20,20
33,6501,0.08394191230998867,0.00011341258649904963,0.19241744950741427,0.7235272255960972,25,20,20
33,6502,0.103836039414557,9.007978674223133e-07,0.17247895473562344,0.7236841050519527,25,20,20
33,6503,0.10383603941473915,9.007978717124875e-07,0.17248055123333894,0.7236825085540508,25,20,20
33,6504,0.10383603941473915,9.007978717130476e-07,0.17285353892840913,0.7233095208589805,25,20,20
33,6505,0.12614997591237476,9.007903657708798e-07,0.15053960441776604,0.7233095188794947,25,20,20
33,6506,0.1261499759124204,9.007906146572764e-07,0.15054431594031809,0.7233048073566483,25,20,20
33,6507,0.14518899627016751,9.007937552014384e-07,0.13166217500748104,0.7231479279285976,25,20,20
33,6508,0.14518899627275403,9.007937552022785e-07,0.1317944263809332,0.7230156765525588,25,20,20
33,6509,0.14518899627275036,1.1540276051400505e-06,0.13536455448756962,0.7194452952120759,25,20,20
33,6510,0.14518899627275036,1.1540276051400499e-06,0.13536455447881257,0.7194452952208327,25,20,20
33,6511,0.14378550969848405,1.154101472339332e-06,0.13676804098955234,0.7194452952104914,25,20,20
33,6512,0.13368272664050043,1.1429074798621773e-06,0.14687083516392146,0.719445295288099,25,20,20
33,6513,0.1213760004021231,1.169103761272602e-06,0.15917753621646785,0.7194452942776492,25,20,20
33,6514,0.11541488945121271,6.2638443335714565e-06,0.16364308059913127,0.7209357661053236,25,20,20
33,6515,0.11541488945116399,6.2638440889765145e-06,0.1636383599973209,0.720940486707427,25,20,20
33,6516,0.11541488945116393,6.2638440889025525e-06,0.16363377260484469,0.7209450740999034,25,20,20
33,6517,0.11482019528206903,6.263844313823782e-06,0.16422307319096557,0.7209504676826525,25,20,20
33,6518,0.11482019528207223,6.26384431811623e-06,0.1642278206267816,0.720945720246829,25,20,20
33,6519,0.11482019528207223,6.263844318190179e-06,0.16422790167272563,0.7209456392008851,25,20,20
33,6520,0.11482019528207221,6.263844318112271e-06,0.16422778568422103,0.7209457551893899,25,20,20
33,6521,0.11576882300582354,6.2379164664712055e-06,0.16327918384510182,0.7209457552326088,25,20,20
33,6522,0.11576882300582354,6.237916470761347e-06,0.16327915739620838,0.7209457816814979,25,20,20
33,6523,0.11576882300577798,6.237916221877594e-06,0.16327444585531498,0.7209504932226857,25,20,20
33,6524,0.11576882300577801,6.237916226158571e-06,0.16299363663120617,0.7212313024467902,25,20,20
33,6525,0.11487209710634515,6.265878596270762e-06,0.1634498575110513,0.7216717795040078,25,20,20
33,6526,0.11487209710639075,6.2658785961994545e-06,0.16345134629804203,0.7216702907169715,25,20,20
33,6527,0.11487208931967567,2.3041405994049477e-05,0.15879281058352843,0.7263120586908021,25,20,20
33,6528,0.1148720893196757,2.30414059940508e-05,0.15879739853072133,0.7263074707436091,25,20,20
33,6529,0.11487208931967884,2.3041419933352196e-05,0.15880963762087538,0.7262952316395126,25,20,20
33,6530,0.11487208931968086,2.3041420145118158e-05,0.16346687950243521,0.7216379897577387,25,20,20
33,6531,0.09173777696301835,2.3041421800685043e-05,0.18660119189186666,0.7216379897233146,25,20,20
33,6532,0.09173777697337349,2.304142158470386e-05,0.18204791526043063,0.7261912663446117,25,20,20
33,6533,0.09173755469964856,5.960192692068023e-06,0.18264716890566912,0.7256093162019905,25,20,20
33,6534,0.09173755379280384,5.955643240382601e-06,0.18415200034750817,0.7241044902164481,25,20,20
33,6535,0.0917404928764204,5.960132664622382e-06,0.18269602532511633,0.7255575216657989,25,20,20
33,6536,0.0744432207860041,5.971196671553605e-06,0.19983300928485861,0.7257177987324661,25,20,20
33,6537,0.07444322077569165,5.971210610707414e-06,0.19973974000046177,0.7258110680132362,25,20,20
33,6538,0.07444326150986905,5.7179767800184824e-06,0.19968050464596085,0.7258705158673899,25,20,20
33,6539,0.07444326150986984,5.7179767843101206e-06,0.1996805874562585,0.7258704330570872,25,20,20
33,6540,0.07444326150968764,5.7179767799433794e-06,0.19967887496869882,0.7258721455448334,25,20,20
33,6541,0.06113633053506238,1.8875519924771032e-06,0.18592436298090512,0.7529374189320395,25,20,20
33,6542,0.06113633053247579,1.887551992401025e-06,0.1857921123440191,0.7530696695715119,25,20,20
33,6543,0.0611363305324718,1.8875517521106888e-06,0.18587582507429712,0.7529859568414783,25,20,20
33,6544,0.06113633053247182,1.8875517521108737e-06,0.1858743226684802,0.7529874592472953,25,20,20
33,6545,0.06113633053247181,1.8875517520342841e-06,0.1858743225660447,0.7529874593497307,25,20,20
33,6546,0.06113633053247182,1.887551751961646e-06,0.18587432255826536,0.75298745935751,25,20,20
33,6547,0.06113633053246863,1.887551747744491e-06,0.18586960357026702,0.7529921783455157,25,20,20
33,6548,0.061136330542781454,1.8875517520088153e-06,0.18613680458490495,0.7527249773205607,25,20,20
33,6549,0.06113633054277831,1.8875378127800365e-06,0.18612918490832048,0.7527325970110877,25,20,20
33,6550,0.061136330542777506,1.8875378127773955e-06,0.18612257845933988,0.7527392034600692,25,20,20
33,6551,0.06113342437787435,2.059891094426496e-06,0.19008674171730816,0.7487777740137227,25,20,20
33,6552,0.061133424388222384,2.0599049964547295e-06,0.19021815085493138,0.7486463648518493,25,20,20
33,6553,0.061133424388222384,2.0599049963794694e-06,0.19021824727682746,0.7486462684299533,25,20,20
33,6554,0.061133424388222384,2.0599049963041783e-06,0.19021813233269227,0.7486463833740886,25,20,20
33,6555,0.06113342438826791,2.0599050005211335e-06,0.19022471207066488,0.7486398036360663,25,20,20
33,6556,0.06113342438826784,2.0599049962294874e-06,0.19022459102796815,0.7486399246787674,25,20,20
33,6557,0.06113342438826784,2.0599049962320827e-06,0.1902311951871237,0.7486333205196118,25,20,20
33,6558,0.061133424388267785,2.059904996232056e-06,0.1902330973202294,0.7486314183865062,25,20,20
33,6559,0.06111386479702624,2.1645465678436396e-07,0.17881041572266482,0.7600755030256517,25,20,20
33,6560,0.0611138647970263,2.1645466100188955e-07,0.1788054344290684,0.7600804843192439,25,20,20
33,6561,0.0611138647970263,2.1645466100191274e-07,0.17880543551390232,0.76008048323441,25,20,20
33,6562,0.061113824064098425,1.4391490736058189e-05,0.1788507698815288,0.7600210145636366,25,20,20
33,6563,0.06111382406409839,1.4391490736056939e-05,0.1788484617316856,0.7600233227134798,25,20,20
33,6564,0.06111382406409759,1.4391490731765326e-05,0.17884826644927795,0.7600235179958925,25,20,20
33,6565,0.06111382405374955,1.4391476829735773e-05,0.17871685728661216,0.7601549271828081,25,20,20
33,6566,0.06111382405374949,1.4391476825445585e-05,0.17871534827497437,0.7601564361944503,25,20,20
33,6567,0.06111382405370711,1.4391476829808316e-05,0.17871614327385488,0.7601556411956077,25,20,20
33,6568,0.06111379113486119,1.4214582436700631e-05,0.14346354001195188,0.7954084542707495,25,20,20
33,6569,0.04648472235807307,1.4218022964528804e-05,0.15809171657523297,0.7954093430437291,25,20,20
33,6570,0.04648472235802759,1.4218022960237881e-05,0.1580852173312617,0.7954158422877501,25,20,20
33,6571,0.04648472235802759,1.4218022960237881e-05,0.15808532976868486,0.795415729850327,25,20,20
33,6572,0.04648472235802759,1.4218022960236572e-05,0.15807880805797128,0.7954222515610406,25,20,20
33,6573,0.022952084458878703,1.4228115150410911e-05,0.18161232459853158,0.7954213628274392,25,20,20
33,6574,0.022952084458878717,1.4228115150410911e-05,0.1816147177717577,0.795418969654213,25,20,20
33,6575,0.022952084458878717,1.4228115150486202e-05,0.18161480023992266,0.7954188871860481,25,20,20
33,6576,0.05248444409990956,1.4446106182259978e-05,0.15208222228299967,0.7954188875109091,25,20,20
33,6577,0.057624823643809185,1.4435097184051323e-05,0.14710660336191902,0.7952541378970879,25,20,20
33,6578,0.057626041853373416,0.0007460582819208464,0.14637376198979213,0.7952541378749138,25,20,20
33,6579,0.057626041853373416,0.0007460582819208464,0.14637376199876376,0.7952541378659421,25,20,20
33,6580,0.057626041853373416,0.0007460582819208477,0.1463737600216154,0.7952541398430906,25,20,20
33,6581,0.057626041853373416,0.000746058281916556,0.14637363761828,0.79525426224643,25,20,20
33,6582,0.05762604185333108,0.0007460582818757648,0.1464908668009598,0.7951370330638334,25,20,20
33,6583,0.05762604185333108,0.0007460582818757648,0.14649086821270763,0.7951370316520859,25,20,20
33,6584,0.06776047773993246,0.0007458454199585926,0.13635664549868529,0.7951370313414242,25,20,20
33,6585,0.06776047774910211,0.0007458454199580177,0.14101346264147474,0.7904802141894656,25,20,20
33,6586,0.06776047775945,0.000745845420206036,0.14114554996528492,0.7903481268550595,25,20,20
33,6587,0.06776047775012681,0.0007458454202059662,0.13644643797467704,0.7950472388549908,25,20,20
33,6588,0.06776047775012364,0.0007458454063075287,0.13632158985555487,0.7951720869880147,25,20,20
33,6589,0.0677604777501236,0.0007458454063076054,0.13631687466060927,0.79517680218296,25,20,20
33,6590,0.067761699106466,0.0006982859992626005,0.13636321242343263,0.7951768024708392,25,20,20
33,6591,0.06776169910646682,0.0006982859992626031,0.13636541966911545,0.7951745952251555,25,20,20
33,6592,0.06594114657951816,0.0006982724699335303,0.13818598530435142,0.7951745956461969,25,20,20
33,6593,0.06594114658989769,0.0006982724699336795,0.13819618447482232,0.7951643964653462,25,20,20
33,6594,0.06594114658989687,0.0006982724699336769,0.1381938647570296,0.7951667161831398,25,20,20
33,6595,0.06594114658989689,0.0006982724699336776,0.138460114632033,0.7949004663081364,25,20,20
33,6596,0.06594114658989694,0.0006982724699337515,0.13846008327584802,0.7949004976643212,25,20,20
33,6597,0.040586869705509815,0.0007379046581726697,0.1637723340284769,0.79490289160784,25,20,20
33,6598,0.04058686969531239,0.0007379046584170926,0.16377071432393303,0.7949045113223369,25,20,20
33,6599,0.04058686969531241,0.0007379046584171476,0.16394475338535536,0.7947304722609142,25,20,20
33,6600,0.04058686969531241,0.0007379046584171462,0.16394475394667868,0.7947304716995909,25,20,20
33,6601,0.04058686969531559,0.0007379046584171745,0.16368506579730716,0.7949901598489592,25,20,20
33,6602,0.04058686969531559,0.0007379046584171745,0.16368506579730716,0.7949901598489592,25,20,20
33,6603,0.04058686968500595,0.0007379046584172032,0.1634180614665668,0.7952571641900095,25,20,20
33,6604,0.040586869685005966,0.0007379046584172018,0.16341806347901208,0.7952571621775639,25,20,20
33,6605,0.04058686968500595,0.000737904658412845,0.16332576983479566,0.795349455821785,25,20,20
33,6606,0.044711003177096885,0.0007378762286945355,0.15964202186089976,0.7949090987333085,25,20,20
33,6607,0.04471100317709449,0.0007378762286901719,0.1596356073392843,0.7949155132549308,25,20,20
33,6608,0.04469768704744828,0.0007378762417131411,0.1596489217056683,0.7949155150051703,25,20,20
33,6609,0.044697687038275424,0.0007378762417093494,0.15498974031538773,0.7995746964046276,25,20,20
33,6610,0.0758443907433027,0.0007088177365061885,0.12387452514737754,0.7995722663728142,25,20,20
33,6611,0.07584439635214699,0.0007088187235399566,0.12387451597948415,0.7995722689448295,25,20,20
33,6612,0.1143701809958913,0.0007088180762418437,0.0853434068801142,0.7995775940477526,25,20,20
33,6613,0.1143701809958945,0.0007088180764864524,0.08533916310677285,0.799581837820846,25,20,20
33,6614,0.11437018099589136,0.0007088180764822347,0.08533904889983511,0.7995819520277911,25,20,20
33,6615,0.11436774289387477,1.080751694128238e-05,0.0860394794232798,0.7995819701659045,25,20,20
33,6616,0.11436774288611637,1.0807516937319028e-05,0.08600039368561588,0.7996210559113305,25,20,20
33,6617,0.11436774301663592,1.0847483507974995e-05,0.09070722924634268,0.7949141802535135,25,20,20
33,6618,0.11436774288611636,1.0807516937243769e-05,0.08599577213358335,0.799625677463363,25,20,20
33,6619,0.07723111989349712,0.00013314742397441462,0.12300514900759761,0.7996305836749314,25,20,20
33,6620,0.07683975214067323,1.3890455898932122e-05,0.12352600299916285,0.7996203544042655,25,20,20
33,6621,0.07683975214067644,1.3890455898934692e-05,0.12352616422577749,0.7996201931776477,25,20,20
33,6622,0.07683975214067638,1.389045589886072e-05,0.1235260818481311,0.799620275555294,25,20,20
33,6623,0.0768397521408577,1.389045590743998e-05,0.12353245950404972,0.7996138978991857,25,20,20
33,6624,0.07683975214345269,1.3890456152085997e-05,0.12354093227986138,0.7996054251205342,25,20,20
33,6625,0.07683975214327059,1.3890456147796573e-05,0.12353902816482319,0.7996073292357587,25,20,20
33,6626,0.07264942404219214,1.3916649999485297e-05,0.12772932297591408,0.7996073363318947,25,20,20
33,6627,0.07264942404219214,1.3916649999486595e-05,0.1277294367341776,0.7996072225736313,25,20,20
33,6628,0.07271704386553263,1.3688894842315964e-05,0.12766193017469685,0.7996073370649285,25,20,20
33,6629,0.07271704386553263,1.368889484231594e-05,0.12766192933853676,0.7996073379010886,25,20,20
33,6630,0.1074355395732285,1.3688398008604688e-05,0.09294356736693189,0.7996072046618314,25,20,20
33,6631,0.10743553957327404,1.3688398017111364e-05,0.09294372164736442,0.7996070503813448,25,20,20
33,6632,0.10743553957068219,1.368839777675696e-05,0.09293533661363115,0.7996154354179104,25,20,20
33,6633,0.10743553957068219,1.3688397776758306e-05,0.0929354524358447,0.7996153195956964,25,20,20
33,6634,0.10743553957068291,1.3688397776758296e-05,0.09294201438797296,0.7996087576435673,25,20,20
33,6635,0.10743553957063744,1.3688397768176326e-05,0.09294648050331883,0.7996042915282757,25,20,20
33,6636,0.10743553957063744,1.3688397768174538e-05,0.09295103689975363,0.7995997351318408,25,20,20
33,6637,0.10743553957063823,1.3688397768249796e-05,0.0929552496841395,0.7995955223474539,25,20,20
33,6638,0.10743553958101787,1.368839801704901e-05,0.09295534944768388,0.7995954225732811,25,20,20
33,6639,0.10743553958101781,1.3688398017049032e-05,0.0929506479603686,0.7996001240605967,25,20,20
33,6640,0.08362738990522288,1.3800381613339546e-05,0.11675813688587083,0.7996006728272931,25,20,20
33,6641,0.08362738990526843,1.3800381617706236e-05,0.11676051083189114,0.799598298881223,25,20,20
33,6642,0.08362738990526929,1.3800381617778956e-05,0.11676048013146044,0.7995983295816529,25,20,20
33,6643,0.11934148309035639,1.3774247218851682e-05,0.08104654021431085,0.799598202448114,25,20,20
33,6644,0.11934148309053703,1.3775035449497207e-05,0.08137633408310471,0.7992684077909087,25,20,20
33,6645,0.11740383191380328,2.7593879643371962e-05,0.08330012623525418,0.7992684479712991,25,20,20
33,6646,0.11740383191380648,2.7593879887955483e-05,0.08330682928022963,0.799261744926076,25,20,20
33,6647,0.11740383191380727,2.75938937863681e-05,0.08343633577701831,0.799132238415388,25,20,20
33,6648,0.11740383191381042,2.7593893786368435e-05,0.08343325664291192,0.7991353175494913,25,20,20
33,6649,0.11740383191381047,2.7593907684708403e-05,0.08355623459687042,0.7990123395816343,25,20,20
33,6650,0.12455396748626481,1.377506121438949e-05,0.07641995807205863,0.7990122993804618,25,20,20
33,6651,0.12455396748644373,1.3775061210100983e-05,0.07641527292413139,0.7990169845282145,25,20,20
33,6652,0.1245539674864438,1.3775061214390794e-05,0.07641986262666961,0.7990123948256718,25,20,20
33,6653,0.10873372942617271,0.0036754924303547816,0.08857355691446916,0.7990172212290034,25,20,20
33,6654,0.10873372942617271,0.0036754924164606583,0.0884505404786719,0.7991402376786948,25,20,20
33,6655,0.11096075586230128,0.0036724328288446854,0.08622657844009725,0.7991402328687568,25,20,20
33,6656,0.090495254066529,0.003665797241740311,0.10668113741989832,0.7991578112718326,25,20,20
33,6657,0.09049525406394271,0.0036657972415004743,0.10658825004069034,0.7992506986538669,25,20,20
33,6658,0.0904952540639419,0.0036657972415005207,0.106847976454655,0.7989909722399028,25,20,20
33,6659,0.09049525406375986,0.0036657972412559477,0.10683955876261769,0.7989993899323667,25,20,20
33,6660,0.09049525406375979,0.0036657972412559477,0.10683947601979234,0.7989994726751922,25,20,20
33,6661,0.09049525406375977,0.003665797241256022,0.10683719761490479,0.7990017510800799,25,20,20
33,6662,0.0904952540639207,0.0036657972414721528,0.11149637444130439,0.794342574253303,25,20,20
33,6663,0.0904952540639175,0.003665797241227644,0.1118627729683087,0.7939761757265464,25,20,20
33,6664,0.09049525406409922,0.0036657972412319256,0.11195507479189822,0.7938838739027709,25,20,20
33,6665,0.09049525406414477,0.003665797241231926,0.1116933132870233,0.7941456354076003,25,20,20
33,6666,0.09049525406396412,0.003665796453001355,0.11136359327711397,0.7944753562059208,25,20,20
33,6667,0.09047782491152934,0.003665773153838448,0.11137472458951542,0.7944816773451167,25,20,20
33,6668,0.09047364810675376,0.003665773153838432,0.11137890139429839,0.7944816773451098,25,20,20
33,6669,0.09047364810675056,0.0036657731538341405,0.11137870609782714,0.7944818726415886,25,20,20
33,6670,0.09047364810675054,0.003665773153834216,0.11138325393043243,0.7944773248089833,25,20,20
33,6671,0.09047364810674742,0.0036657731535939576,0.11151041508290117,0.7943501636567576,25,20,20
33,6672,0.0904736480965491,0.0036657731535897683,0.11150607077189513,0.7943545079779661,25,20,20
33,6673,0.09047364809654825,0.0036657731535896924,0.11150598759870198,0.7943545911511601,25,20,20
33,6674,0.0904736480963661,0.0036657731535896902,0.11150592166390806,0.7943546570861362,25,20,20
33,6675,0.09047364809636531,0.003665773153585398,0.11150121893462986,0.7943593598154192,25,20,20
33,6676,0.09047364809636532,0.0036657731535854735,0.11150133341010719,0.7943592453399418,25,20,20
33,6677,0.11596104302715009,0.003665980845216832,0.08601906179167164,0.7943539143359613,25,20,20
33,6678,0.11596104302715242,0.0036659808313184933,0.08588955518599628,0.7944834209555327,25,20,20
33,6679,0.11596104302715242,0.0036659808313184933,0.08588955318838504,0.7944834229531439,25,20,20
33,6680,0.11596104302715242,0.0036659808313226822,0.08615577055294212,0.7942172055885827,25,20,20
33,6681,0.11596104302710687,0.0036659808313226068,0.08615120112641687,0.7942217750151535,25,20,20
33,6682,0.11596104302692835,0.003665980831318402,0.0860636360091483,0.7943093401326048,25,20,20
33,6683,0.1211978027308256,0.0036657728828806318,0.08082805546173087,0.7943083689245628,25,20,20
33,6684,0.1211978027308224,0.0036657728828805563,0.08082805353355131,0.7943083708527456,25,20,20
33,6685,0.1211978027308224,0.0036657728828764146,0.08082654584494563,0.7943098785413555,25,20,20
33,6686,0.12119780273082242,0.0036657728828764914,0.08082662834825077,0.7943097960380503,25,20,20
33,6687,0.12119780273082315,0.00366577288287214,0.08069938650381873,0.794437037882486,25,20,20
33,6688,0.12119780273082315,0.003665772882872138,0.08069927068160519,0.7944371537046995,25,20,20
33,6689,0.12115240503858539,2.8439026466253576e-05,0.08438737678436854,0.7944317791505797,25,20,20
33,6690,0.12115240503858539,2.843902646617831e-05,0.08439386793393142,0.7944252880010169,25,20,20
33,6691,0.12115240503858545,2.8439026466327553e-05,0.0843939822977212,0.7944251736372269,25,20,20
33,6692,0.1211524050385855,2.8439026466404145e-05,0.08439406526697801,0.7944250906679698,25,20,20
33,6693,0.12115240503858563,2.843902646633091e-05,0.08402104395444891,0.7947981119804989,25,20,20
33,6694,0.12115240503858557,2.8439026466182968e-05,0.0840275323279487,0.7947916236069993,25,20,20
33,6695,0.12115240503840342,2.8439026221498883e-05,0.08402528430252884,0.7947938716328459,25,20,20
33,6696,0.12115240503840662,2.8439026217385068e-05,0.0837590683555529,0.7950600875798228,25,20,20
33,6697,0.12115240503858873,2.843902622152568e-05,0.08375907037417918,0.7950600855610104,25,20,20
33,6698,0.1211524050384066,2.8439026217234546e-05,0.08375436618871449,0.7950647897466615,25,20,20
33,6699,0.08670864667932837,2.958447223212952e-05,0.11819132820554139,0.7950704406428983,25,20,20
33,6700,0.11377439510150092,4.169328229435918e-05,0.0911191014021069,0.7950648102140978,25,20,20
33,6701,0.1137743951014978,4.169328229428519e-05,0.09112558886241139,0.7950583227537965,25,20,20
33,6702,0.1137743951014971,4.169328229857665e-05,0.09112487954331899,0.7950590320728853,25,20,20
33,6703,0.11377439510150028,4.169328229857665e-05,0.09112488095972505,0.7950590306564762,25,20,20
33,6704,0.11377439510150023,4.169328229850267e-05,0.09112949919793556,0.7950544124182657,25,20,20
33,6705,0.11377439510407154,4.1693282536581115e-05,0.09123666143435238,0.7949472501790396,25,20,20
33,6706,0.11377439510150342,4.169328253822591e-05,0.09095551254381146,0.795228399072147,25,20,20
33,6707,0.11377439510150103,4.1693282538299894e-05,0.09095557979782543,0.7952283318181352,25,20,20
33,6708,0.11377439510150097,4.16932825382986e-05,0.09094905807646748,0.7952348535394933,25,20,20
33,6709,0.1137743951014978,4.169328253814936e-05,0.09094905723331811,0.7952348543826459,25,20,20
33,6710,0.1137743951014978,4.169328253814936e-05,0.09094917110268502,0.7952347405132791,25,20,20
33,6711,0.11377439510150003,4.169328271825052e-05,0.10200700824730916,0.7841769033684727,25,20,20
33,6712,0.10301162127401231,3.78189008950603e-05,0.11279211450105939,0.784158445324033,25,20,20
33,6713,0.10301162127401231,3.781890089506028e-05,0.11278558995628256,0.7841649698688097,25,20,20
33,6714,0.10301162127401228,3.781890089506028e-05,0.11278558791940499,0.7841649719056873,25,20,20
33,6715,0.10907656296286193,3.7818749399070085e-05,0.10672066731831911,0.7841649509694196,25,20,20
33,6716,0.10907656296286193,3.7818749399068784e-05,0.10672217572883831,0.7841634425589004,25,20,20
33,6717,0.10907656296286118,3.781874939899222e-05,0.10672210843958356,0.7841635098481562,25,20,20
33,6718,0.06995954317823513,3.911677822481623e-05,0.14549126638258122,0.784510073660959,25,20,20
33,6719,0.06995954317823515,3.9116778229107855e-05,0.14549130635776175,0.784510033685774,25,20,20
33,6720,0.06995954317823515,3.911677822910919e-05,0.14549131041932517,0.7845100296242107,25,20,20
33,6721,0.06995954318861686,3.911677823769214e-05,0.14549314073115338,0.7845081993019921,25,20,20
33,6722,0.06995954317823518,3.9116778229258443e-05,0.14549293201634603,0.7845084080271897,25,20,20
33,6723,0.06995954317823518,3.9116778229255835e-05,0.14548834666990518,0.7845129933736303,25,20,20
33,6724,0.06995954318859651,3.911677823353888e-05,0.14558076065460268,0.7844205793785671,25,20,20
33,6725,0.06995954318859661,3.9116778233389654e-05,0.14558084810351649,0.7844204919296536,25,20,20
33,6726,0.06995954318859655,3.911677822909984e-05,0.14557625840097813,0.784425081632196,25,20,20
33,6727,0.06995954318859336,3.911677822902456e-05,0.14557152296666082,0.7844298170665163,25,20,20
33,6728,0.06995954318859336,3.9116778229025875e-05,0.14557163681585228,0.7844297032173251,25,20,20
33,6729,0.06995954318859188,3.911677804907266e-05,0.13451380299812082,0.795487537035238,25,20,20
33,6730,0.06995954318859188,3.911677804907528e-05,0.13451380228694407,0.7954875377464147,25,20,20
33,6731,0.07081323800024243,3.905300290278515e-05,0.13366017658478418,0.79548753241207,25,20,20
33,6732,0.07081323800019695,3.905300289841978e-05,0.13365788455502775,0.7954898244418764,25,20,20
33,6733,0.07081323799001775,3.9053002894213305e-05,0.13356546777821413,0.7955822412288736,25,20,20
33,6734,0.07082561512928845,1.4600531885079748e-05,0.13357754370483602,0.7955822406339902,25,20,20
33,6735,0.07082561512928849,1.4600531885079772e-05,0.13357757758619385,0.7955822067526325,25,20,20
33,6736,0.07082561512928849,1.4600531885081047e-05,0.13357606921036141,0.7955837151284649,25,20,20
33,6737,0.07082561513188387,1.4600532133981794e-05,0.13357843903931851,0.7955813452966635,25,20,20
33,6738,0.07082561513188387,1.4600532133980496e-05,0.13357843907806052,0.7955813452579212,25,20,20
33,6739,0.07082561512928849,1.4600531885081047e-05,0.13358065711086622,0.7955791272279599,25,20,20
33,6740,0.07082561512928845,1.4600531885081047e-05,0.13358049390302693,0.7955792904357992,25,20,20
33,6741,0.07082561512928526,1.4600531641019982e-05,0.1336177999541391,0.7955419843849343,25,20,20
33,6742,0.07082561512928516,1.460053164101835e-05,0.13362093314070822,0.7955388511983648,25,20,20
33,6743,0.07082561512928516,1.4600531641017075e-05,0.13362089971196245,0.7955388846271103,25,20,20
33,6744,0.07082561512928504,1.4600531641015732e-05,0.1336191873055794,0.7955405970334936,25,20,20
33,6745,0.07082561512928498,1.4600531641162648e-05,0.13388540459875703,0.7952743797403159,25,20,20
33,6746,0.06924107889323607,1.4600531133683663e-05,0.1354699408364982,0.7952743797391318,25,20,20
33,6747,0.06924107904113615,1.4600545317650327e-05,0.13547765703133446,0.7952666633822115,25,20,20
33,6748,0.06924107904113615,1.4600545317650327e-05,0.13547757600061422,0.7952667444129318,25,20,20
33,6749,0.06924107904113622,1.4600545317651672e-05,0.13547765989011704,0.7952666605234289,25,20,20
33,6750,0.06924107889323612,1.4600531133682389e-05,0.13546524198432655,0.7952790785913034,25,20,20
33,6751,0.06924107889324016,1.4600531373470933e-05,0.13555435131650603,0.7951899692588801,25,20,20
33,6752,0.07140828144220122,1.4556416461264745e-05,0.13372777839243205,0.7948493837489055,25,20,20
33,6753,0.07140828144220122,1.455641646126347e-05,0.13372117489561655,0.794855987245721,25,20,20
33,6754,0.0714082814422044,1.4556416705846987e-05,0.1337278772638145,0.7948492848772752,25,20,20
33,6755,0.0714082814422044,1.455641670592357e-05,0.13373257851120074,0.7948445836298891,25,20,20
33,6756,0.0714082814422044,1.455641670577401e-05,0.13346624616671565,0.7951109159743741,25,20,20
33,6757,0.0714082814422076,1.4556416710066756e-05,0.13346799481059185,0.7951091673304904,25,20,20
33,6758,0.07140828144238967,1.4556416714357888e-05,0.13347261813827455,0.7951045440026214,25,20,20
33,6759,0.09294771243667208,1.4508449189151995e-05,0.11193323422968414,0.7951045448844549,25,20,20
33,6760,0.09294771243667213,1.4508449189227285e-05,0.11193485730339098,0.7951029218107479,25,20,20
33,6761,0.09680926107088907,8.732231042758861e-05,0.10799429562620338,0.7951091209924799,25,20,20
33,6762,0.10042508813263934,8.73263061357632e-05,0.10437844448050784,0.7951091410807172,25,20,20
33,6763,0.10042508813263931,8.73263061357632e-05,0.10424890658176357,0.7952386789794613,25,20,20
33,6764,0.1008440824507402,8.7322229444987e-05,0.10382993643437297,0.7952386588854418,25,20,20
33,6765,0.09129169519954847,8.765877885819808e-05,0.11338193315244079,0.7952387128691524,25,20,20
33,6766,0.0986752159588942,7.440452278106514e-05,0.10601168711660901,0.7952386924017161,25,20,20
33,6767,0.09867296986302294,7.440452280950851e-05,0.10601393321231393,0.795238692401854,25,20,20
33,6768,0.09867296986306849,7.440452280958505e-05,0.10601407706715962,0.7952385485469626,25,20,20
33,6769,0.09867296986306849,7.440452280529388e-05,0.10600937154290731,0.7952432540712193,25,20,20
33,6770,0.0986729698630693,7.44045228052952e-05,0.1060115373673915,0.7952410882467343,25,20,20
33,6771,0.09867296986302376,7.440452280951024e-05,0.10601153515867504,0.7952410904554921,25,20,20
33,6772,0.09867296986302376,7.440452280958682e-05,0.10601315661417758,0.7952394689999894,25,20,20
33,6773,0.09867520269261135,7.440452278114327e-05,0.10601092378475639,0.7952394689998517,25,20,20
33,6774,0.09867520269261135,7.440452278106798e-05,0.1060093833945042,0.7952410093901038,25,20,20
33,6775,0.0986752026926121,7.440452278535761e-05,0.10601590742530091,0.7952344853593022,25,20,20
33,6776,0.08670255765299376,7.406777827615874e-05,0.11798894410968153,0.7952344304590488,25,20,20
33,6777,0.08670255765317467,7.406777827613148e-05,0.11825515328079933,0.7949682212877502,25,20,20
33,6778,0.08670255765317787,7.406777852071502e-05,0.11826174385366016,0.7949616307146415,25,20,20
33,6779,0.08670255765299656,7.40677785164239e-05,0.1182637726377333,0.7949596019307539,25,20,20
33,6780,0.08670255765281526,7.406777851642393e-05,0.11826380467957837,0.7949595698890901,25,20,20
33,6781,0.08670255765281526,7.406777827191437e-05,0.11825718319212779,0.7949661913767854,25,20,20
33,6782,0.08670255817491253,7.40677782794692e-05,0.1229564644644647,0.790266909582344,25,20,20
33,6783,0.08670255817491253,7.406777827946923e-05,0.12295646357612391,0.7902669104706846,25,20,20
33,6784,0.0867025581749126,7.4067778283762e-05,0.12295797060789047,0.7902654034389138,25,20,20
33,6785,0.0867025581749134,7.406777828376334e-05,0.12295808894474235,0.7902652851020611,25,20,20
33,6786,0.08670255817491655,7.40677782879511e-05,0.12322433941985307,0.7899990346269431,25,20,20
33,6787,0.08670255817491655,7.40677782863632e-05,0.12348398690118069,0.7897393871456171,25,20,20
33,6788,0.08670255817491253,7.406777804228562e-05,0.1233948710313237,0.7898285030157222,25,20,20
33,6789,0.0866846928553901,7.406811239819544e-05,0.12284131619395365,0.7903999228382587,25,20,20
33,6790,0.08280827825669655,0.0007758883400675163,0.1260221097342332,0.7903937236690028,25,20,20
33,6791,0.08280827825653564,0.0007758883398514622,0.12136304528311345,0.7950527881204995,25,20,20
33,6792,0.08280827825657797,0.0007758883398514635,0.12136524213417038,0.7950505912694003,25,20,20
33,6793,0.08280827826693624,0.0007758883398556699,0.12145288422868804,0.7949629491645198,25,20,20
33,6794,0.07600861691665109,0.000775888484213431,0.12825142543762744,0.7949640691615089,25,20,20
33,6795,0.07600861691647014,0.0007758884842091667,0.12798507404478746,0.795230420554534,25,20,20
33,6796,0.07600861690611266,0.0007758884842048849,0.12789429976766184,0.7953211948420215,25,20,20
33,6797,0.07600861690610947,0.0007758884839619632,0.12762806310611208,0.7955874315038173,25,20,20
33,6798,0.0760086163840122,0.000775888484198854,0.12293353174669841,0.8002819633850913,25,20,20
33,6799,0.08133510747646813,0.0007759081660053536,0.1176081393180006,0.8002808450395267,25,20,20
33,6800,0.08133510747646795,0.000775908166008898,0.12385786681356854,0.7940311175439554,25,20,20
33,6801,0.08133510747906016,0.0007759081660089718,0.12386018497194116,0.7940287993829904,25,20,20
33,6802,0.08133510748165464,0.0007759081657729581,0.12385864707103675,0.7940303372815363,25,20,20
33,6803,0.07907632597445621,0.0007758907118941391,0.12611682480657654,0.7940309585070737,25,20,20
33,6804,0.07907632597445616,0.0007758907118940638,0.12611520172277194,0.7940325815908784,25,20,20
33,6805,0.07907632597441135,0.0007758907242136145,0.13077179923846496,0.7893759840629108,25,20,20
33,6806,0.07907632597181602,0.000775890724205032,0.13076858268346753,0.789379200620512,25,20,20
33,6807,0.07684344774818917,0.000775888353074725,0.13300204445872918,0.7893786194400075,25,20,20
33,6808,0.07684344774559385,0.0007758883530745758,0.13299972429690915,0.789380939604423,25,20,20
33,6809,0.07684344774577571,0.0007758883409991559,0.12843361282204152,0.7939470510911842,25,20,20
33,6810,0.07684344774577577,0.000775888340999157,0.12843361515748308,0.7939470487557426,25,20,20
33,6811,0.07684344774577578,0.0007758883410034071,0.12880660452835546,0.7935740593848658,25,20,20
33,6812,0.07684344774577578,0.0007758883410034071,0.12880660454071854,0.7935740593725025,25,20,20
33,6813,0.07684344774577584,0.0007758883410077333,0.12917962739611846,0.7932010365170982,25,20,20
33,6814,0.07684344774577584,0.0007758883410120984,0.12918276192370592,0.7931979019895065,25,20,20
33,6815,0.07684344774582137,0.0007758883410121751,0.12918290647963382,0.7931977574335329,25,20,20
33,6816,0.08305444892362185,0.0007758883382731227,0.12297194700111377,0.7931977157369916,25,20,20
33,6817,0.08305444892377477,0.0007758883382768058,0.1292194916194675,0.7869501711184812,25,20,20
33,6818,0.08305444892377395,0.000775888338272515,0.12921288508672094,0.7869567776512327,25,20,20
33,6819,0.08305444892377313,0.0007758883382725162,0.12920626493210807,0.7869633978058463,25,20,20
33,6820,0.08305444892377313,0.0007758883382725161,0.1292062669527013,0.7869633957852531,25,20,20
33,6821,0.0830544489237732,0.0007758883382725914,0.12920635012068934,0.786963312617265,25,20,20
33,6822,0.0830544489238187,0.0007758883385172374,0.12921485054815218,0.786954812189512,25,20,20
33,6823,0.08305444892381868,0.0007758883385129114,0.12884174665193363,0.7873279160857349,25,20,20
33,6824,0.0828506980080947,0.0007758883433253362,0.12904544929406986,0.7873279643545104,25,20,20
33,6825,0.08285069800809548,0.0007758883433211599,0.12867246334448995,0.7877009503040935,25,20,20
33,6826,0.07700445460809494,0.0007758927332921985,0.1345187506243116,0.7877009020343014,25,20,20
33,6827,0.07700445460809181,0.000775892733287938,0.13425242051534722,0.7879672321432736,25,20,20
33,6828,0.07700445460809101,0.0007758927332837207,0.13462081990768734,0.7875988327509384,25,20,20
33,6829,0.07700445460831651,0.000775892747097191,0.1349943235240528,0.7872253291205341,25,20,20
33,6830,0.07700445460831651,0.0007758927470971171,0.13499428967563967,0.7872253629689473,25,20,20
33,6831,0.07700445460831651,0.0007758927470971185,0.13499437072657663,0.7872252819180103,25,20,20
33,6832,0.07700445460809097,0.0007758927332836454,0.1346209461570263,0.7875987065015997,25,20,20
33,6833,0.07402582711155044,0.0007874496191369731,0.13759397611404553,0.7875927471552676,25,20,20
33,6834,0.07402582711136867,0.0007874496188970566,0.13750781619993893,0.7876789070697958,25,20,20
33,6835,0.07402582711155009,0.0007874496188935862,0.1312646745210505,0.7939220487485062,25,20,20
33,6836,0.06799138146788006,0.0007874496189418985,0.13729912016444967,0.7939220487487288,25,20,20
33,6837,0.06801104463392563,0.0007746683514862575,0.13729225476034923,0.7939220322542394,25,20,20
33,6838,0.06801104463397036,0.0007746683514863336,0.13728584751503736,0.7939284394995064,25,20,20
33,6839,0.06801104463399826,0.0007746683514869271,0.13116199416518456,0.8000522928493308,25,20,20
33,6840,0.06801104463400144,0.0007746683514912914,0.1311620627954022,0.8000522242191056,25,20,20
33,6841,0.09558170358152411,0.0007746682758751306,0.1041589421406288,0.7994846860019724,25,20,20
33,6842,0.09558170358152411,0.0007746682758751319,0.1041589434370057,0.7994846847055954,25,20,20
33,6843,0.09558170358152412,0.0007746682758752052,0.1045320452801954,0.7991115828624057,25,20,20
33,6844,0.0955817035814786,0.0007746682758708409,0.1047981791782682,0.7988454489643827,25,20,20
33,6845,0.09558170358147866,0.0007746682758708397,0.10479814722090827,0.7988454809217426,25,20,20
33,6846,0.09751371871521224,0.0007746729231857462,0.10286608388970184,0.7988455244719006,25,20,20
33,6847,0.09751371871521224,0.0007746729231857462,0.10287267340253096,0.7988389349590714,25,20,20
33,6848,0.09751371871521304,0.0007746729231856736,0.10249980090482141,0.7992118074567803,25,20,20
33,6849,0.09751371871521304,0.0007746729231856723,0.10249971985388447,0.7992118885077172,25,20,20
33,6850,0.09751371871521304,0.0007746729231856697,0.10223346913518563,0.799478139226416,25,20,20
33,6851,0.09751371871521304,0.0007746729231856697,0.10223363291800584,0.7994779754435959,25,20,20
33,6852,0.09348964759680559,0.0007746844663839769,0.10625852776125906,0.7994771401755517,25,20,20
33,6853,0.09348964759662481,0.0007746844663797754,0.10613262522397536,0.7996030427130205,25,20,20
33,6854,0.09348964759662479,0.0007746844663797008,0.10575952280517742,0.7999761451318186,25,20,20
33,6855,0.09348964759667033,0.0007746844663797773,0.10575958547003488,0.7999760824669155,25,20,20
33,6856,0.09348964760700651,0.0007746844663840689,0.10576119167554342,0.7999744762510664,25,20,20
33,6857,0.09348964760700648,0.0007746844663841429,0.10576127132130524,0.7999743966053046,25,20,20
33,6858,0.09348964760700648,0.0007746844663841429,0.10576119141327041,0.7999744765133394,25,20,20
33,6859,0.09348964760682436,0.0007746844663841418,0.10602079495041378,0.7997148729763782,25,20,20
33,6860,0.09348964760682357,0.0007746844663840679,0.10602079151010912,0.7997148764166837,25,20,20
33,6861,0.09348964760682671,0.0007746844666286615,0.10602554450467584,0.7997101234218692,25,20,20
33,6862,0.09348964760682671,0.0007746844666287368,0.10603214784737369,0.7997035200791714,25,20,20
33,6863,0.09758767244411999,0.0007746798193224345,0.10193417120003129,0.7997034765365266,25,20,20
33,6864,0.09758767245443277,0.0007746798193266974,0.10220129029840547,0.7994363574278356,25,20,20
33,6865,0.09758767245443273,0.0007746798193309138,0.10220140437505877,0.7994362433511784,25,20,20
33,6866,0.09758767245443277,0.0007746798193308397,0.10220131753807891,0.7994363301881582,25,20,20
33,6867,0.09758767245443596,0.00077467981933513,0.10220140034835266,0.799436247377877,25,20,20
33,6868,0.09758767245439444,0.0007746798193436364,0.10219700674007841,0.7994406409861843,25,20,20
33,6869,0.09758767245444404,0.0007746798193479293,0.10219704689066476,0.799440600835544,25,20,20
33,6870,0.09792903718329998,0.000775371101414752,0.10166248420157224,0.7996331075137134,25,20,20
33,6871,0.09792903718329996,0.0007753711014148272,0.10166248620933958,0.7996331055059461,25,20,20
33,6872,0.09792903718329597,0.0007753711014063197,0.10166017419667937,0.7996354175186188,25,20,20
33,6873,0.09792903718329676,0.0007753711152194831,0.1020341917338574,0.7992613999676269,25,20,20
33,6874,0.09792903718329356,0.0007753711149748881,0.10202935624743921,0.7992662354542928,25,20,20
33,6875,0.09792903718329356,0.0007753711149749634,0.10203584457083803,0.7992597471308939,25,20,20
33,6876,0.0979290325130107,9.858230149616803e-07,0.1028102345455665,0.799259747118408,25,20,20
33,6877,0.09792903251301509,9.903261014424383e-07,0.1028102300424756,0.799259747118408,25,20,20
33,6878,0.0979290325130151,9.903261057049972e-07,0.10307653428678827,0.7989934428740915,25,20,20
33,6879,0.09792903251561008,9.903263460595525e-07,0.1030834931116257,0.7989864840464186,25,20,20
33,6880,0.09792903251819719,9.903402444701045e-07,0.10320652039242108,0.7988634567491378,25,20,20
33,6881,0.09792903251819719,9.903402444700943e-07,0.10319999868155057,0.7988699784600083,25,20,20
33,6882,0.09792903251820037,9.903402443218543e-07,0.10302605680290505,0.7990439203386508,25,20,20
33,6883,0.09792903251819958,9.903402486020924e-07,0.10311828214757357,0.7989516949939786,25,20,20
33,6884,0.09792903251819637,9.903402443093465e-07,0.10311653434995499,0.7989534427916043,25,20,20
33,6885,0.09792903251837776,9.903402443106675e-07,0.10312121571390398,0.7989487614274741,25,20,20
33,6886,0.09792903251842329,9.903402400304287e-07,0.10302906650024864,0.7990409106410881,25,20,20
33,6887,0.0986474755794411,9.860139490626153e-07,0.10225595588880615,0.7990955825178037,25,20,20
33,6888,0.09864747557684606,9.860137044152777e-07,0.10224737417117534,0.7991041642382742,25,20,20
33,6889,0.09864747557679653,9.860136959072565e-07,0.10224725266301286,0.7991042857464946,25,20,20
33,6890,0.09864747557938884,9.860137001975943e-07,0.10224736911240224,0.7991041692945084,25,20,20
33,6891,0.09864747557938884,9.860137001218356e-07,0.10225192356313549,0.7990996148437753,25,20,20
33,6892,0.09864747556907602,9.860136958588317e-07,0.1019848363976891,0.7993667020195389,25,20,20
33,6893,0.09864747556925496,9.860139404537866e-07,0.10189728075361655,0.7994542576631878,25,20,20
33,6894,0.09912343621501846,3.139030957369575e-07,0.1016143842360962,0.7992618656457889,25,20,20
33,6895,0.0991234362149761,3.1390309568459016e-07,0.10161063821743807,0.7992656116644896,25,20,20
33,6896,0.09912343621497538,3.1390309568329235e-07,0.10161049022344808,0.7992657596584805,25,20,20
33,6897,0.09912343621497857,3.139030998994717e-07,0.10161215637718636,0.7992640935047345,25,20,20
33,6898,0.09912343621479726,3.139028596696121e-07,0.10161202502944568,0.7992642248528967,25,20,20
33,6899,0.0991237537262755,1.65447411479745e-06,0.10161036694596946,0.7992642248536399,25,20,20
33,6900,0.09912375372368842,1.6544602163129625e-06,0.10148235778203615,0.7993922340340586,25,20,20
33,6901,0.09912375372368835,1.6544602162376943e-06,0.10148235637335512,0.7993922354427399,25,20,20
33,6902,0.09912375372350618,1.6544602163103443e-06,0.10147767392191658,0.7993969178943604,25,20,20
33,6903,0.09912375372350624,1.6544602163116424e-06,0.10147767932211293,0.799396912494164,25,20,20
33,6904,0.09912375372368787,1.654460220519359e-06,0.10157020898859866,0.7993043828274924,25,20,20
33,6905,0.09912375372368792,1.6544604628632963e-06,0.10194333003648018,0.7989312617793684,25,20,20
33,6906,0.09912375372109562,1.654460454356613e-06,0.10194310082290438,0.7989314909955451,25,20,20
33,6907,0.09912375372109562,1.6544604543565912e-06,0.10194310081280611,0.7989314910056435,25,20,20
33,6908,0.09821993284902886,2.9086404655692325e-06,0.10249193074779042,0.7992852277627152,25,20,20
33,6909,0.09821993284902891,2.9086407101065627e-06,0.10249363734465476,0.7992835211656061,25,20,20
33,6910,0.09916960518571045,1.3147866873698923e-06,0.10111869253661433,0.7997103874909876,25,20,20
33,6911,0.09916960518571045,1.314786687445162e-06,0.10111872112784633,0.7997103588997555,25,20,20
33,6912,0.0991696051857104,1.3147866874451493e-06,0.10112520530780053,0.7997038747198013,25,20,20
33,6913,0.09916960518829993,1.3147871754843447e-06,0.10121782706788725,0.799611252956637,25,20,20
33,6914,0.09916960519066798,1.3147874200861399e-06,0.10112999011572837,0.7996990899061831,25,20,20
33,6915,0.0991696051906712,1.3147876646575263e-06,0.1011388943410396,0.7996901856806242,25,20,20
33,6916,0.09916960518807598,1.314787415772701e-06,0.10113405846815501,0.799695021556353,25,20,20
33,6917,0.1146306600948701,1.3033517139670778e-06,0.08567605958686424,0.7996919769665515,25,20,20
33,6918,0.1146306600948701,1.3033517139671009e-06,0.08567605702808644,0.7996919795253288,25,20,20
33,6919,0.11463066009228058,1.3033512258513158e-06,0.08558329224189022,0.7997847443146027,25,20,20
33,6920,0.11463066009228064,1.3033512258513391e-06,0.08558499641331212,0.7997830401431807,25,20,20
33,6921,0.11463066009228379,1.3033509812812703e-06,0.08569604387567445,0.7996719926810598,25,20,20
33,6922,0.11458388646325657,1.3033889780821894e-06,0.08574281559673969,0.7996719945510256,25,20,20
33,6923,0.11457414300431984,1.3033829670344404e-06,0.08575236379333814,0.7996721898193749,25,20,20
33,6924,0.11990117867664407,1.3033192566187348e-06,0.08048000003801734,0.7996175179660819,25,20,20
33,6925,0.11990117867664407,1.303319256618757e-06,0.08048000007263463,0.7996175179314646,25,20,20
33,6926,0.11990117867664088,1.3033190120251027e-06,0.080475245627055,0.7996222723772921,25,20,20
33,6927,0.10696215480656218,1.317255967370267e-06,0.09341072192313567,0.7996258060143355,25,20,20
33,6928,0.10696215480656222,1.317255967371579e-06,0.09341534177594074,0.7996211861615303,25,20,20
33,6929,0.10696215480656308,1.3172559716490963e-06,0.09354478715883266,0.7994917407786332,25,20,20
33,6930,0.10696215539816485,1.3172699152451848e-06,0.09355711070207792,0.7994794166298427,25,20,20
33,6931,0.10696215539816478,1.317269672977806e-06,0.09318869007636295,0.7998478372557998,25,20,20
33,6932,0.10696215539816473,1.3172696729025458e-06,0.09318401617008856,0.7998525111620742,25,20,20
33,6933,0.11996177486662134,1.3033006748824506e-06,0.0801881414537057,0.7998487803789979,25,20,20
33,6934,0.10210245614727502,1.560244868913347e-06,0.09605745625056145,0.8018385273572952,25,20,20
33,6935,0.1021024561472758,1.5602448689113332e-06,0.09642587371187165,0.8014701098959841,25,20,20
33,6936,0.10210245614727259,1.5602448646954687e-06,0.09642279100104911,0.8014731926068138,25,20,20
33,6937,0.10210900589798244,1.560240083097443e-06,0.0964162412849939,0.8014731925769408,25,20,20
33,6938,0.10210840736353376,2.5736099041994344e-07,0.0967719271902675,0.8011194080852081,25,20,20
33,6939,0.10210840677193278,2.5734705111655677e-07,0.0967619761709671,0.8011293597100488,25,20,20
33,6940,0.10117573670387882,2.573297850038351e-07,0.0981215125396533,0.8007024934266833,25,20,20
33,6941,0.10117573670387876,2.5732978507778346e-07,0.09812159845856513,0.8007024075077714,25,20,20
33,6942,0.10184412215678838,2.7716045971912234e-07,0.09745319492378592,0.8007024057589668,25,20,20
33,6943,0.10184412215679473,2.771604598697174e-07,0.09745474284723096,0.800700857835515,25,20,20
33,6944,0.10184412215679553,2.771607044536966e-07,0.09746137641301512,0.8006942242694854,25,20,20
33,6945,0.10184412215679473,2.7716070016257445e-07,0.09745675528881761,0.8006988453936882,25,20,20
33,6946,0.10184412215679478,2.7716070016387184e-07,0.09745667125930811,0.8006989294231975,25,20,20
33,6947,0.1018441221567956,2.7716070436708887e-07,0.0972130830246911,0.8009425176578095,25,20,20
33,6948,0.1018441221567956,2.7716070429309493e-07,0.09721304915590455,0.8009425515265963,25,20,20
33,6949,0.10184412215679563,2.771607042204703e-07,0.09721151022610951,0.8009440904563913,25,20,20
33,6950,0.10184412214641397,2.7716069985370976e-07,0.0972098413908808,0.800945759302006,25,20,20
33,6951,0.10184412214640762,2.7716069985241486e-07,0.09709000356247649,0.8010655971304164,25,20,20
33,6952,0.10184412214640762,2.771606997797414e-07,0.0970900015942699,0.801065599098623,25,20,20
33,6953,0.10184412214640755,2.7716069985365375e-07,0.09709652383267907,0.8010590768602138,25,20,20
33,6954,0.10184412214640996,2.7716093963699905e-07,0.09705933975513145,0.8010962609375193,25,20,20
33,6955,0.10184412214645469,2.7714712655029356e-07,0.09668528025939875,0.8014703204470203,25,20,20
33,6956,0.10184412214644828,2.771471264749671e-07,0.09668210990649313,0.8014734907999324,25,20,20
33,6957,0.11969506898517329,2.0203154163692844e-08,0.08082116613861208,0.7994837446730605,25,20,20
33,6958,0.11969506898517336,2.020436090731837e-08,0.1173593740486726,0.7629455367617932,25,20,20
33,6959,0.11969506898516938,2.0204116847509768e-08,0.11726702952777479,0.763037881282939,25,20,20
33,6960,0.11969506898516938,2.0204116921458583e-08,0.11726703153051131,0.7630378792802023,25,20,20
33,6961,0.11969506898516938,2.0204116921480953e-08,0.11726695246289225,0.7630379583478214,25,20,20
33,6962,0.10918144497673209,2.3689363389965002e-07,0.12778035967980123,0.7630379584498326,25,20,20
33,6963,0.10918144497691419,2.368936338545686e-07,0.12751576995911523,0.7633025481703366,25,20,20
33,6964,0.10918144497691426,2.3689363392983743e-07,0.12751588383866688,0.7633024342907848,25,20,20
33,6965,0.10918160572908445,4.556655250444195e-07,0.1309188815152644,0.7598990570901257,25,20,20
33,6966,0.10918160572908363,4.5566528046044037e-07,0.13091224794948017,0.7599056906561553,25,20,20
33,6967,0.10918144821202085,4.8452945879614e-07,0.13090349004104937,0.7599145772174706,25,20,20
33,6968,0.10918144821202165,4.845294630875672e-07,0.13090585685545683,0.759912210403058,25,20,20
33,6969,0.10918144821202164,4.845294631602408e-07,0.13090426368602578,0.7599138035724892,25,20,20
33,6970,0.10918144821202481,4.845294673654196e-07,0.13098996096371227,0.7598281062947951,25,20,20
33,6971,0.10918144821184267,4.845294631492272e-07,0.13099482218106234,0.7598232450776315,25,20,20
33,6972,0.10918144821183948,4.845294673642526e-07,0.13099493491969624,0.7598231323389963,25,20,20
33,6973,0.1091814482118395,4.845294674382234e-07,0.1309950483447593,0.7598230189139332,25,20,20
33,6974,0.1091821683644741,5.097474584881931e-07,0.13098752001934894,0.7598298018687188,25,20,20
33,6975,0.1091832672040897,3.6421788255329845e-07,0.1294726869734465,0.7613436816045817,25,20,20
33,6976,0.10916594802529443,3.6579851551979576e-07,0.08972095718590445,0.8011127289902861,25,20,20
33,6977,0.10916594802529442,3.657985154444822e-07,0.08972084267598665,0.8011128435002038,25,20,20
33,6978,0.10916594742398228,3.642181237291738e-07,0.08958219045723682,0.8012514979006576,25,20,20
33,6979,0.10916594742398222,3.642178791911279e-07,0.08995355639681585,0.8008801319613231,25,20,20
33,6980,0.10916594742398222,3.6421787919197123e-07,0.08995779756763515,0.8008758907905037,25,20,20
33,6981,0.10916594742398138,3.6421787484050537e-07,0.0898282711387991,0.8010054172193448,25,20,20
33,6982,0.10916594742398415,3.642180908966265e-07,0.09448702270676262,0.7963466656511626,25,20,20
33,6983,0.10916594742393865,3.642180908953057e-07,0.09448698396140597,0.7963467043965646,25,20,20
33,6984,0.10916594742394185,3.6421809511119085e-07,0.09449160509921063,0.7963420832587527,25,20,20
33,6985,0.10916594742394105,3.642180908202405e-07,0.0944851115488614,0.7963485768091069,25,20,20
33,6986,0.10916594742394105,3.6421784683673354e-07,0.09439293172888327,0.796440756629329,25,20,20
33,6987,0.1091659474239383,3.6421763499566024e-07,0.08973426151809961,0.801099426840327,25,20,20
33,6988,0.10916594801558915,3.6421812421115005e-07,0.08974315244484497,0.8010905353214416,25,20,20
33,6989,0.10916594801558915,3.642181241358712e-07,0.08973654965357017,0.8010971381127164,25,20,20
33,6990,0.1091659480155891,3.642181240606019e-07,0.08974307358625053,0.8010906141800364,25,20,20
33,6991,0.10916594802536579,3.642312054258753e-07,0.09222797640962199,0.7986057113338068,25,20,20
33,6992,0.10916594802536261,3.642312054819703e-07,0.0924020069574815,0.7984316807859504,25,20,20
33,6993,0.10916594802536342,3.6423120555701406e-07,0.09253152722655666,0.7983021605168743,25,20,20
33,6994,0.1491589859371974,3.390087895285862e-07,0.05254536688737629,0.7982953081666362,25,20,20
33,6995,0.14915898593719748,3.3900878952988345e-07,0.05254542826083077,0.7982952467931816,25,20,20
33,6996,0.14915898593719748,3.390087895285982e-07,0.05253890655029474,0.7983017685037176,25,20,20
33,6997,0.14915788424644222,4.7176127226409687e-07,0.054121052984222165,0.7967205910080624,25,20,20
33,6998,0.14915788424643903,4.717612679755607e-07,0.05411642987838836,0.7967252141139037,25,20,20
33,6999,0.14915788424644222,4.7176126805217207e-07,0.05411651299638003,0.7967251309959089,25,20,20
33,7000,0.1491578842466211,4.7176126390997026e-07,0.05411956287123302,0.7967220811208813,25,20,20
33,7001,0.1491578842466211,4.7176126398392894e-07,0.05412608654997568,0.7967155574421381,25,20,20
33,7002,0.1491578842466211,4.7176126398394144e-07,0.054119564874579765,0.7967220791175339,25,20,20
33,7003,0.12327430068833006,2.5552879432001146e-07,0.0800032413144548,0.7967222024684198,25,20,20
33,7004,0.12327430120261386,1.4438865820237056e-05,0.07998905763540409,0.796722202296161,25,20,20
33,7005,0.11968029010251936,8.674836571669189e-05,0.08316612986066156,0.7970668316711024,25,20,20
33,7006,0.09256310698859792,8.676072637963442e-05,0.11028324171722811,0.7970668905677948,25,20,20
33,7007,0.09256310639712922,8.676072589049424e-05,0.11027435806736328,0.7970757748096173,25,20,20
33,7008,0.09256310639712917,8.676072589042026e-05,0.11027440941641131,0.7970757234605693,25,20,20
33,7009,0.09256310630949768,7.259502135322667e-05,0.1102885752021959,0.7970757234669534,25,20,20
33,7010,0.09256310630949763,7.259502135322535e-05,0.11029522731363123,0.7970690713555183,25,20,20
33,7011,0.0925921603780625,2.850794995426946e-07,0.11068277871296398,0.7967247758294743,25,20,20
33,7012,0.0925921603780625,2.850794952074623e-07,0.11041872359476944,0.7969888309476733,25,20,20
33,7013,0.0575855870319636,2.8603791370409337e-07,0.1454203755005974,0.7969937514295259,25,20,20
33,7014,0.05758558703196281,2.860379136643044e-07,0.14579110686723668,0.7966230200628874,25,20,20
33,7015,0.057585587031962815,2.86038158257959e-07,0.1457959403555138,0.7966181865743656,25,20,20
33,7016,0.05758559013531207,2.8633048151153706e-07,0.1710712597836311,0.7713428637505746,25,20,20
33,7017,0.05758559013531207,2.8633048151283477e-07,0.17107129166383772,0.771342831870368,25,20,20
33,7018,0.05758559013531207,2.863304773352013e-07,0.17070479253779733,0.7717093309964127,25,20,20
33,7019,0.057585590135312066,2.863304773352013e-07,0.17069817437112478,0.7717159491630852,25,20,20
33,7020,0.057585590135312045,2.863304772599323e-07,0.1706981723330707,0.7717159512011394,25,20,20
33,7021,0.05758559013531199,2.863304773326058e-07,0.1706982249380469,0.7717158985961633,25,20,20
33,7022,0.057585590125532125,2.8631739589076575e-07,0.16821332172884504,0.7742008018282263,25,20,20
33,7023,0.057585590125532146,2.8631739589078893e-07,0.1682133233690405,0.7742008001880307,25,20,20
33,7024,0.07801122822056791,3.071217345648275e-07,0.14778807212118256,0.7742003925365154,25,20,20
33,7025,0.07843154329904276,3.994552548950765e-05,0.16185577636891385,0.7596727348065532,25,20,20
33,7026,0.09795193453623902,3.992471221448823e-05,0.14233545644563156,0.7596726843059152,25,20,20
33,7027,0.09795193453623582,3.992471221441426e-05,0.14233548687785086,0.7596726538736989,25,20,20
33,7028,0.09795193453605369,3.992471221426501e-05,0.14233068979101413,0.759677450960718,25,20,20
33,7029,0.09795193454640218,3.9924712462371176e-05,0.1424605319524346,0.7595476087887009,25,20,20
33,7030,0.09795193454658373,3.9924712466648686e-05,0.14258346262249158,0.7594246781184582,25,20,20
33,7031,0.09649343322880276,3.9944651199690806e-05,0.14373859306308573,0.759728029056912,25,20,20
33,7032,0.09649343322862121,3.994465119533934e-05,0.14360905832953108,0.7598575637906525,25,20,20
33,7033,0.09649343322862121,3.994465119533802e-05,0.14360897727859412,0.7598576448415895,25,20,20
33,7034,0.09161783327606023,3.994455166879484e-05,0.1484890393179106,0.7598531828543608,25,20,20
33,7035,0.09161783328637296,3.994456551908847e-05,0.1487563724551725,0.7595858496929356,25,20,20
33,7036,0.09200157845617087,0.00043984196223046236,0.14812813674899564,0.7594304428326033,25,20,20
33,7037,0.09200157845617087,0.00043984196223053636,0.14812813872932612,0.7594304408522728,25,20,20
33,7038,0.10704628515941868,5.35724558508715e-07,0.13355951333501279,0.75939366578101,25,20,20
33,7039,0.10735195959849188,5.164909223818226e-07,0.1335518382829673,0.7590956856276185,25,20,20
33,7040,0.10735195959849188,5.164909223831194e-07,0.13355191866756547,0.7590956052430202,25,20,20
33,7041,0.10735195959849192,5.164909223830971e-07,0.13355010993991284,0.759097413970673,25,20,20
33,7042,0.10735195959849192,5.164909223830747e-07,0.13355010990529562,0.7590974140052902,25,20,20
33,7043,0.09150472519373105,3.171035304689233e-07,0.14939754416313722,0.7590974135396018,25,20,20
33,7044,0.09150472519373105,3.1710353054419225e-07,0.1493976600253404,0.7590972976773984,25,20,20
33,7045,0.09150472519373108,3.1710353054678687e-07,0.149397546989804,0.7590974107129348,25,20,20
33,7046,0.09150472518342154,3.170899248357803e-07,0.14913673083497622,0.7593582268916778,25,20,20
33,7047,0.09150472518342473,3.170901693560579e-07,0.1491413571152903,0.7593536006111161,25,20,20
33,7048,0.09150473353993954,3.17103759953196e-07,0.14932473612781025,0.7591702132284905,25,20,20
33,7049,0.09150472517307624,3.170899212485374e-07,0.14901139913165623,0.7594835586053467,25,20,20
33,7050,0.09180828472174218,2.968922234975943e-07,0.1487078597806882,0.7594835586053467,25,20,20
33,7051,0.09180828473205499,2.96892227686627e-07,0.14897497832716108,0.7592164400485568,25,20,20
33,7052,0.0918082847320542,2.9689222761030787e-07,0.14884553712579227,0.7593458812499263,25,20,20
33,7053,0.0918082847320542,2.9689222761162797e-07,0.14884542268680911,0.7593459956889093,25,20,20
33,7054,0.10488661254183325,2.8477145281311844e-07,0.13576716477036696,0.7593459379163474,25,20,20
33,7055,0.10488661254183325,2.847714528118211e-07,0.1357671643111346,0.7593459383755795,25,20,20
33,7056,0.10488661254183325,2.847714485202067e-07,0.1357669676527894,0.759346135033929,25,20,20
33,7057,0.10488661254187873,2.847714528104754e-07,0.135773456916203,0.7593396457704655,25,20,20
33,7058,0.10488661254187878,2.847714571753834e-07,0.13578006144473506,0.7593330412419291,25,20,20
33,7059,0.10488661254192437,2.8477146146788325e-07,0.13578453191878234,0.7593285707678319,25,20,20
33,7060,0.10488661254174221,2.8477146568418286e-07,0.1357846074409775,0.7593284952458148,25,20,20
33,7061,0.10488661254174221,2.847714656841605e-07,0.13578460546795543,0.7593284972188369,25,20,20
33,7062,0.1048866125417423,2.847714656839499e-07,0.13578678071265413,0.7593263219741381,25,20,20
33,7063,0.06607813538872401,3.2886251458570556e-07,0.1746005826210205,0.7593209531277406,25,20,20
33,7064,0.06607813538872395,3.288625102208199e-07,0.17459409259113137,0.7593274431576343,25,20,20
33,7065,0.0660781353887692,3.2886275747953673e-07,0.17486044682888044,0.7590610889195928,25,20,20
33,7066,0.06607813538876918,3.288627574782167e-07,0.17486033094281134,0.7590612048056619,25,20,20
33,7067,0.06607813539131938,3.2886275912547385e-07,0.1745958380943754,0.759325697651546,25,20,20
33,7068,0.06607813539132219,3.2886297525929895e-07,0.17925462923622237,0.7546669065094801,25,20,20
33,7069,0.06607813538100943,3.288629710715643e-07,0.1789875487794744,0.754933986976545,25,20,20
33,7070,0.06607813538100946,3.2886297107031255e-07,0.17898750825145754,0.7549340275045618,25,20,20
33,7071,0.06602111615493177,3.525321744386006e-07,0.1790449602854577,0.754933571027437,25,20,20
33,7072,0.06602111615493177,3.5253193413598867e-07,0.17904041541252386,0.754938115900611,25,20,20
33,7073,0.06602111615752744,3.525319299951803e-07,0.17904733242085366,0.7549311988896896,25,20,20
33,7074,0.06602111615752505,3.5253192577754495e-07,0.17905603406539822,0.7549224972451518,25,20,20
33,7075,0.06602111615752507,3.5253192577884223e-07,0.17905596155790404,0.7549225697526457,25,20,20
33,7076,0.06602111615752188,3.5253168112092693e-07,0.1790494090521537,0.7549291222586437,25,20,20
33,7077,0.0660352383381993,8.580888488950076e-05,0.17894982839794266,0.7549291243789688,25,20,20
33,7078,0.06603523833815692,8.58088848853575e-05,0.17894547323107018,0.7549334795458879,25,20,20
33,7079,0.06602147217153906,8.581226995510592e-05,0.17895923392297255,0.7549334816355338,25,20,20
33,7080,0.06602147217153911,8.581227019962499e-05,0.1785909658495417,0.75530174970872,25,20,20
33,7081,0.06602147216894454,8.581228376388369e-05,0.17896328716756774,0.7549294283797248,25,20,20
33,7082,0.06602147216912664,8.581229770468242e-05,0.1789714520069742,0.7549212635261954,25,20,20
33,7083,0.07695083101518202,8.583149352756337e-05,0.16803697221757308,0.7549263652737183,25,20,20
33,7084,0.07695083101513728,8.583149351913204e-05,0.16803037080211644,0.754932966689228,25,20,20
33,7085,0.07695083021849007,9.947615239284756e-05,0.16801672694627823,0.7549329666828379,25,20,20
33,7086,0.07695134148970202,9.94305433803953e-05,0.16801626531218866,0.754932962654728,25,20,20
33,7087,0.07695134148970277,9.943054338468626e-05,0.1680180735610024,0.7549311544059091,25,20,20
33,7088,0.07695134148970276,9.943054338468367e-05,0.16801803216570024,0.7549311958012112,25,20,20
33,7089,0.07695134148970194,9.943054338460969e-05,0.16800924772113648,0.7549399802457757,25,20,20
33,7090,0.07695134148970195,9.943054338889848e-05,0.1680116167898691,0.754937611177039,25,20,20
33,7091,0.11667849195055588,9.969463842524659e-05,0.1282842038206464,0.7549376095903733,25,20,20
33,7092,0.11667849195055663,9.969463842524531e-05,0.12829066774767908,0.7549311456633397,25,20,20
33,7093,0.1166653422164487,1.4680001504800397e-05,0.12838883427009667,0.7549311435119508,25,20,20
33,7094,0.11666534221626661,1.4679987564076764e-05,0.12847288278766322,0.754847095008507,25,20,20
33,7095,0.1166653422162634,1.4679987563926226e-05,0.12847276548285705,0.7548472123133165,25,20,20
33,7096,0.1168744857978875,1.4391364431292486e-05,0.12826391095493922,0.7548472118827426,25,20,20
33,7097,0.1168744857978875,1.4391364186698854e-05,0.12825923925409036,0.7548518835838361,25,20,20
33,7098,0.11583341912131345,1.439171869410047e-05,0.12930020935257844,0.7548519798074146,25,20,20
33,7099,0.11583341912131345,1.4391718694099172e-05,0.12930024274531834,0.7548519464146746,25,20,20
33,7100,0.1158334191316257,1.4391718936945494e-05,0.12956652539400415,0.7545856637554336,25,20,20
33,7101,0.1158334191316249,1.4391705123931083e-05,0.12928463838136342,0.754867550781888,25,20,20
33,7102,0.11815416976075706,0.00023322741083770825,0.12674504621798086,0.7548675566104247,25,20,20
33,7103,0.11815416976075627,0.00023322741083770817,0.12674314100840706,0.7548694618199993,25,20,20
33,7104,0.11815416976075627,0.00023322741083778347,0.12674312032866847,0.7548694824997376,25,20,20
33,7105,0.11815416975816057,0.00023322741083770787,0.12686336186982136,0.7547492409611803,25,20,20
33,7106,0.11815416975816051,0.0002332274108375577,0.12677109601028894,0.754841506820713,25,20,20
33,7107,0.11815416990608013,0.00023322742502324852,0.12677815373989615,0.7548344489290004,25,20,20
33,7108,0.11815416990612271,0.00023322742505117123,0.12221236596699385,0.7594002367018321,25,20,20
33,7109,0.11815416990612276,0.0002332274250554623,0.1222170695288212,0.7593955331400005,25,20,20
33,7110,0.11586202615330085,1.439001479032873e-05,0.1247280524958902,0.7593955313360184,25,20,20
33,7111,0.11586202615330164,1.4390014794695503e-05,0.12472967945691074,0.7593939043749927,25,20,20
33,7112,0.11586202615330171,1.439001479898582e-05,0.12472976222298753,0.7593938216089116,25,20,20
33,7113,0.11586200567123642,1.4390014827917502e-05,0.1247297818540198,0.7593938224599154,25,20,20
33,7114,0.11586200567123642,1.4390014832209118e-05,0.12472997851236492,0.7593936258015661,25,20,20
33,7115,0.1158620056712338,1.4390014588665397e-05,0.15993909624388256,0.7241845080702946,25,20,20
33,7116,0.10081685131795354,1.4381693610637794e-05,0.1749893617890696,0.7241794051993665,25,20,20
33,7117,0.1012250441417509,1.4382398517261651e-05,0.17458116898604437,0.7241794044736879,25,20,20
33,7118,0.10122504399383135,1.438238433578541e-05,0.17457873232812704,0.724181841293706,25,20,20
33,7119,0.101886079306826,1.4189215305580877e-05,0.17391786724668934,0.724181864231179,25,20,20
33,7120,0.10188607930682599,1.4189215309797466e-05,0.17378853345311795,0.7243111980247463,25,20,20
33,7121,0.10188607930682597,1.4189215309798738e-05,0.17378860734066393,0.7243111241372004,25,20,20
33,7122,0.10188607930682596,1.4189215305508401e-05,0.1737885245655869,0.7243112069122817,25,20,20
33,7123,0.10188607930682592,1.4189215301293882e-05,0.1737838624063692,0.7243158690715035,25,20,20
33,7124,0.101886079307008,1.4189215305583903e-05,0.17369631768321894,0.724403413794467,25,20,20
33,7125,0.101886079307008,1.418921530136779e-05,0.17369402827318164,0.7244057032045085,25,20,20
33,7126,0.10345315360933469,1.4190792528176564e-05,0.1721269563503067,0.7244056992478296,25,20,20
33,7127,0.10345315360933469,1.4190792532466728e-05,0.1721284653475857,0.7244041902505465,25,20,20
33,7128,0.08321195849506476,1.4180491777621402e-05,0.1923696668824492,0.7244041941307077,25,20,20
33,7129,0.08321195849488264,1.4180491773330238e-05,0.19236500025136277,0.7244088607619805,25,20,20
33,7130,0.08321195849488258,1.4180491773402807e-05,0.19273796084082437,0.7240359001725187,25,20,20
33,7131,0.08321195849488337,1.4180491781982473e-05,0.1927403875356259,0.7240334734777081,25,20,20
33,7132,0.08321195849492886,1.4180491786272792e-05,0.19274046567948858,0.7240333953337958,25,20,20
33,7133,0.08321195849493206,1.4180491786275387e-05,0.19274050705797519,0.7240333539553062,25,20,20
33,7134,0.08321195849493206,1.418049178198652e-05,0.19274548918606432,0.7240283718272214,25,20,20
33,7135,0.08321195909964585,1.4180492039524132e-05,0.19275164832755842,0.7240222120807558,25,20,20
33,7136,0.08321195909964267,1.4180492039596804e-05,0.19275168999282458,0.7240221704154927,25,20,20
33,7137,0.08321195909964266,1.4180492043739293e-05,0.1923787073039463,0.7243951531043668,25,20,20
33,7138,0.08321195909964185,1.4180492035157031e-05,0.1923740030352046,0.724399857373118,25,20,20
33,7139,0.08321195909964187,1.4180492035232324e-05,0.19237397165478498,0.7243998887535373,25,20,20
33,7140,0.04388350520592035,1.418027704154196e-05,0.23170251723550211,0.7243997972815359,25,20,20
33,7141,0.04388350520592035,1.4180277041467998e-05,0.23169792983750503,0.7244043846795333,25,20,20
33,7142,0.04388350520592036,1.4180277041543267e-05,0.2316978984916187,0.7244044160254195,25,20,20
33,7143,0.04388350520608129,1.418027725759845e-05,0.23635725526727958,0.7197450592493815,25,20,20
33,7144,0.04388350520612602,1.4180277502194182e-05,0.2363553931952046,0.7197469213211671,25,20,20
33,7145,0.04388350520612603,1.4180277497977836e-05,0.236355279029436,0.7197470354869399,25,20,20
33,7146,0.04388350520612608,1.4180291311425408e-05,0.23672834586188304,0.7193739686406795,25,20,20
33,7147,0.043883505793358646,1.4180305160482241e-05,0.2370239916813687,0.719078322220112,25,20,20
33,7148,0.04375781167057511,1.4180305160399545e-05,0.23714968664796993,0.7190783213762945,25,20,20
33,7149,0.0437578110833426,1.4180291315634933e-05,0.23686064674620705,0.7193673618791345,25,20,20
33,7150,0.04375781108334254,1.4180277746694293e-05,0.2364942018666637,0.719733806772247,25,20,20
33,7151,0.04375781108329701,1.4180277502098764e-05,0.23649416154290454,0.7197338470962963,25,20,20
33,7152,0.04375740590467559,1.417944794959376e-05,0.23649457143771074,0.719733843209664,25,20,20
33,7153,0.043757405904679525,1.4179447970695933e-05,0.2730327008134118,0.6831957138339381,25,20,20
33,7154,0.04375740590467947,1.4179447966406304e-05,0.2730262087794105,0.6832022058679438,25,20,20
33,7155,0.04375740590468027,1.4179448210935464e-05,0.2730294151616363,0.6831989994854726,25,20,20
33,7156,0.04375746072283035,1.4180032340268157e-05,0.2488360572968706,0.7073923019479583,25,20,20
33,7157,0.04375746072285917,1.418003225485469e-05,0.26280264841382406,0.6934257108310614,25,20,20
33,7158,0.04375746072269903,1.4180032043014368e-05,0.2581449988545541,0.6980833603907034,25,20,20
33,7159,0.04689894973436994,1.4273607174971382e-05,0.25500297775674874,0.6980837989017061,25,20,20
33,7160,0.04689894973437319,1.4273607174972727e-05,0.25500292648468764,0.698083850173764,25,20,20
33,7161,0.04689894973437318,1.4273607179262559e-05,0.25500102506205863,0.6980857515963886,25,20,20
33,7162,0.04689894973437318,1.4273607174970938e-05,0.2550009054679054,0.6980858711905461,25,20,20
33,7163,0.04690059528823877,1.4273023265392246e-05,0.248515806303314,0.7045693253851816,25,20,20
33,7164,0.043745472886515466,2.8122269998967316e-05,0.25159104290402623,0.704635361939459,25,20,20
33,7165,0.04374547369695561,2.812234767656408e-05,0.255051644885209,0.7011747590701586,25,20,20
33,7166,0.04374547369695879,2.8122347672421512e-05,0.25522644494654395,0.7009999590088246,25,20,20
33,7167,0.04374547384391802,2.812236176172686e-05,0.25548852124070814,0.7007378825536119,25,20,20
33,7168,0.04374547384391722,2.812236175743541e-05,0.2554868125913755,0.7007395912029496,25,20,20
33,7169,0.06041930571316009,2.813867249506762e-05,0.23881039334461793,0.7007421622697272,25,20,20
33,7170,0.06041930571316015,2.8138672495067134e-05,0.23881490023800248,0.7007376553763427,25,20,20
33,7171,0.06041760534110175,2.8138672274875543e-05,0.23419585698811857,0.7053583989985053,25,20,20
33,7172,0.06041760534110175,2.8138672274876817e-05,0.23419585753938477,0.7053583984472391,25,20,20
33,7173,0.06041760519414324,2.8138658423623105e-05,0.23430218175576012,0.7052520743916735,25,20,20
33,7174,0.060170082306755336,2.8177722320475237e-05,0.2345496694572261,0.7052520705136983,25,20,20
33,7175,0.06017008230675454,2.8177722078132477e-05,0.23418317182061105,0.7056185681505565,25,20,20
33,7176,0.0601700822964415,2.817772183513821e-05,0.23391683311479194,0.7058849068669316,25,20,20
33,7177,0.060170082296444695,2.817772183521477e-05,0.23392149686412275,0.7058802431175976,25,20,20
33,7178,0.06017008229648704,2.817772183943179e-05,0.2337421919526097,0.7060595480290641,25,20,20
33,7179,0.060170082296669126,2.8177735778661836e-05,0.2337544304379901,0.7060473095295623,25,20,20
33,7180,0.060170082296669126,2.8177735774447284e-05,0.23375633107578334,0.7060454088917733,25,20,20
33,7181,0.060170082296669064,2.8177735774370702e-05,0.2337497263005744,0.7060520136669823,25,20,20
33,7182,0.060170082325821765,2.8177735840274497e-05,0.23374970486317995,0.7060520350751582,25,20,20
33,7183,0.06017008232582256,2.8177735840277113e-05,0.23374974683443037,0.7060519931039072,25,20,20
33,7184,0.06017008232582256,2.8177735595768882e-05,0.23374315768985887,0.7060585822487231,25,20,20
33,7185,0.0593356598245496,2.9846652417451886e-05,0.2345677667280386,0.7060667267949945,25,20,20
33,7186,0.0593356598245504,2.984665242174172e-05,0.23457244184387782,0.7060620516791504,25,20,20
33,7187,0.059335659824550406,2.984665266473603e-05,0.23483867989142554,0.7057958136313596,25,20,20
33,7188,0.05933565982455116,2.9846652668028453e-05,0.2394928468534507,0.7011416466693299,25,20,20
33,7189,0.058832675230742204,3.070129947278809e-05,0.2400031175874991,0.7011335058822857,25,20,20
33,7190,0.05883267524107712,3.0701299477003054e-05,0.24000955947639013,0.7011270639830555,25,20,20
33,7191,0.05883267497244753,3.070198877887416e-05,0.20141787931906804,0.7397187437197057,25,20,20
33,7192,0.0804368517509617,3.068322681705999e-05,0.17981629201384688,0.7397161730083747,25,20,20
33,7193,0.08043685117999454,3.068245975051089e-05,0.17840917919800664,0.7411232871622485,25,20,20
33,7194,0.08055000062591673,3.068255497922754e-05,0.17829600465436762,0.7411233121647368,25,20,20
33,7195,0.08055000062596149,3.068256892153874e-05,0.17829986610297535,0.741119450702142,25,20,20
33,7196,0.08044463384682167,3.068247369232179e-05,0.17840525797983356,0.741119425699653,25,20,20
33,7197,0.08042906153025851,1.673963698076652e-05,0.17499106621170246,0.7445631326210593,25,20,20
33,7198,0.08042906153025531,1.6739636980689905e-05,0.17499111689656846,0.7445630819361966,25,20,20
33,7199,0.08042906153025528,1.6739636741945893e-05,0.17509786828029522,0.7444563305527084,25,20,20
33,7200,0.08042906153043736,1.673963698654782e-05,0.17509708134957688,0.744457117483,25,20,20
33,7201,0.08042906153043657,1.673963698218107e-05,0.17509545577589222,0.7444587430566897,25,20,20
33,7202,0.08042906153039109,1.673962303986857e-05,0.17509163485820095,0.7444625639883689,25,20,20
33,7203,0.0804290615303911,1.6739623044159498e-05,0.1750982413516718,0.7444559574948936,25,20,20
33,7204,0.08042906153039117,1.6739623044159566e-05,0.17509828004282435,0.7444559188037406,25,20,20
33,7205,0.08042906153039041,1.6739623036575965e-05,0.1704394075565462,0.749114791290027,25,20,20
33,7206,0.08028543919665818,1.6739808236161775e-05,0.17058298065850697,0.7491148403365989,25,20,20
33,7207,0.08028543919670658,1.673980847922996e-05,0.17084965019519338,0.7488481707996211,25,20,20
33,7208,0.06744590958756319,1.6936065963685366e-05,0.18218171337198033,0.7503554409744936,25,20,20
33,7209,0.06744590958756314,1.6936065963685342e-05,0.18218163284314273,0.7503555215033312,25,20,20
33,7210,0.0674459095875624,1.693606596368453e-05,0.18217712593681465,0.7503600284096599,25,20,20
33,7211,0.0674459095873803,1.693606571908393e-05,0.18217332757092472,0.7503638267759765,25,20,20
33,7212,0.0674459095871982,1.6936051779779915e-05,0.18216100802914767,0.7503761463318749,25,20,20
33,7213,0.06744590958719819,1.6936051779704644e-05,0.1821608934611696,0.7503762608998531,25,20,20
33,7214,0.067445909587359,1.6936064089452822e-05,0.18683541598630388,0.7457017383622483,25,20,20
33,7215,0.0674459095874012,1.6936064089451345e-05,0.18695644485110022,0.7455807094974096,25,20,20
33,7216,0.06744590958740121,1.6936064089601886e-05,0.1869611467245943,0.7455760076239154,25,20,20
33,7217,0.06744590958735276,1.6936063846607626e-05,0.18669455146777814,0.745842602881023,25,20,20
33,7218,0.0801959508605068,1.70321719769195e-05,0.17545173288569252,0.7443352840818243,25,20,20
33,7219,0.08019595086051,1.7032171976996065e-05,0.17544524223716032,0.7443417747303532,25,20,20
33,7220,0.08019861816350383,3.3861721480006497e-06,0.17538798892467547,0.7444100067396721,25,20,20
33,7221,0.08019861816609936,3.3861721565826245e-06,0.17538830067053618,0.7444096949912072,25,20,20
33,7222,0.08055386922324236,3.0936213138895994e-06,0.1750333425939269,0.7444096945615164,25,20,20
33,7223,0.0805538692232423,3.0936213138895998e-06,0.1750333744593694,0.7444096626960739,25,20,20
33,7224,0.08055386922324231,3.093621313815616e-06,0.1754063788148411,0.7440366583406022,25,20,20
33,7225,0.0805538692231969,3.0936213137418345e-06,0.17528076009033483,0.7441622770651538,25,20,20
33,7226,0.0805538692230361,3.093608999704637e-06,0.17061074380539235,0.7488322933625722,25,20,20
33,7227,0.08055386922303605,3.0936089997785864e-06,0.17061074435689913,0.7488322928110653,25,20,20
33,7228,0.08055386922303284,3.093608999703295e-06,0.1706107424634064,0.7488322947045615,25,20,20
33,7229,0.08054036341822955,1.4435887872091476e-05,0.1706129090359406,0.7488322916579578,25,20,20
33,7230,0.08054036341827508,1.4435888116676363e-05,0.17061961550523705,0.7488255851883713,25,20,20
33,7231,0.08054036281356129,1.4435887859214605e-05,0.1709865314853474,0.7484586698132322,25,20,20
33,7232,0.08054036281360671,1.4435901766378398e-05,0.17107235335961768,0.7483728479250091,25,20,20
33,7233,0.08054036281360677,1.4435901766377814e-05,0.17069933286887617,0.7487458684157505,25,20,20
33,7234,0.08054036281356204,1.4435901766303846e-05,0.17069933086129951,0.7487458704233722,25,20,20
33,7235,0.08027364433634412,1.4441050386473766e-05,0.1709660437518313,0.7487458708614381,25,20,20
33,7236,0.08027115781234148,2.803011491980537e-05,0.17095718694142273,0.7487436251313163,25,20,20
33,7237,0.0802711578123415,2.8030114919879342e-05,0.17095730081833263,0.7487435112544063,25,20,20
33,7238,0.08027115782269822,2.8030114920029575e-05,0.17105500930056153,0.7486458027618199,25,20,20
33,7239,0.08027115782269824,2.8030114915813245e-05,0.17106146385658014,0.7486393482058057,25,20,20
33,7240,0.08027115782265273,2.8030114675520044e-05,0.17105495601941545,0.7486458560432561,25,20,20
33,7241,0.08027115781247814,2.803011467544512e-05,0.1709572557412301,0.7487435563316162,25,20,20
33,7242,0.08027115781247815,2.8030114675446416e-05,0.1709571453122162,0.7487436667606299,25,20,20
33,7243,0.08027115781247815,2.8030114679635523e-05,0.17122339552042323,0.7484774165524187,25,20,20
33,7244,0.08027115781248215,2.8030114919514972e-05,0.17094305406175392,0.748757758010844,25,20,20
33,7245,0.08027386889304707,2.8205273583129728e-05,0.17094014750644618,0.7487577783269229,25,20,20
33,7246,0.08027386889304625,2.8205273583053125e-05,0.17093361211727842,0.7487643137160915,25,20,20
33,7247,0.04531215771226089,2.8205327628937196e-05,0.20534350956607103,0.7493161273940391,25,20,20
33,7248,0.045312157712256954,2.820532738480483e-05,0.2052555454180926,0.7494040915422656,25,20,20
33,7249,0.045312240682647664,4.089500209277705e-05,0.20530442715232464,0.7493424371629354,25,20,20
33,7250,0.045312240682829776,4.0895002337435835e-05,0.20531101577844357,0.7493358485363896,25,20,20
33,7251,0.04531224068282973,4.089500233736185e-05,0.20532109423925493,0.7493257700755782,25,20,20
33,7252,0.045269728422551794,4.0889859934259395e-05,0.20536086740829584,0.7493285143092185,25,20,20
33,7253,0.04526692338769694,2.706213973601358e-05,0.20537752119509586,0.7493284932774718,25,20,20
33,7254,0.04526692338767049,2.706213957697314e-05,0.1914120839319865,0.7632939305407668,25,20,20
33,7255,0.045266923387670424,2.7062139581265592e-05,0.19141198814787835,0.7632940263248708,25,20,20
33,7256,0.044603389223868806,2.7137024887666002e-05,0.19207378308605377,0.7632956906651894,25,20,20
33,7257,0.04460338922373199,2.7137024892001235e-05,0.1923299218203477,0.7630395519310279,25,20,20
33,7258,0.04460338922373199,2.7137024892000426e-05,0.19232536220859991,0.7630441115427757,25,20,20
33,7259,0.04460320848903266,1.3296808642664973e-05,0.19240414141935372,0.7629793532829698,25,20,20
33,7260,0.04460320848898738,1.3296808638327146e-05,0.19213791599559563,0.7632455787067778,25,20,20
33,7261,0.04460320848898741,1.3296808638251894e-05,0.19213483778149476,0.763248656920879,25,20,20
33,7262,0.04460346307719767,1.2942910050818214e-05,0.19213659474351985,0.7632469992692311,25,20,20
33,7263,0.04460488711082946,1.3101986914903262e-05,0.19213428283208106,0.7632477280701739,25,20,20
33,7264,0.04460488711082941,1.3101986914901963e-05,0.19213428116871636,0.763247729733539,25,20,20
33,7265,0.044604887110829494,1.3101986914975972e-05,0.19176124504946176,0.7636207658527933,25,20,20
33,7266,0.04460488711082951,1.3101986914977317e-05,0.19176113394510552,0.7636208769571499,25,20,20
33,7267,0.04460488711082629,1.3101986914828091e-05,0.19175669133138917,0.7636253195708694,25,20,20
33,7268,0.04460488710823077,1.3101986906244795e-05,0.19175654139523637,0.7636254695096264,25,20,20
33,7269,0.04460488710823075,1.3101986901953158e-05,0.19175634542707587,0.7636256654777911,25,20,20
33,7270,0.04460491099758819,1.433797791967702e-05,0.19175508550837453,0.7636256655161171,25,20,20
33,7271,0.044604910997588246,1.4337977923967948e-05,0.1917569901800635,0.7636237608444238,25,20,20
33,7272,0.044604910987210616,1.4337978131518786e-05,0.19640921645897857,0.7589715345756787,25,20,20
33,7273,0.044604910987210616,1.4337978131518782e-05,0.19641229466190616,0.7589684563727509,25,20,20
33,7274,0.0446049109336362,1.433797858019983e-05,0.19514735534010186,0.7602333957476817,25,20,20
33,7275,0.044604910933637,1.4337978584490147e-05,0.19514755189545752,0.7602331991923209,25,20,20
33,7276,0.04460497165016882,1.841299297347857e-06,0.19561898584843387,0.7597742012020993,25,20,20
33,7277,0.04460497165016882,1.8412992973491545e-06,0.19561909900667623,0.759774088043857,25,20,20
33,7278,0.04460497165016882,1.8412992973491325e-06,0.19561898456172094,0.7597742024888123,25,20,20
33,7279,0.04460497165016882,1.8412992972751616e-06,0.19561898475358513,0.7597742022969483,25,20,20
33,7280,0.0446049716501688,1.8412992972011906e-06,0.19561898329113922,0.7597742037593942,25,20,20
33,7281,0.0446049716501688,1.8412992971985495e-06,0.19561897992593116,0.7597742071246023,25,20,20
33,7282,0.04460497165028733,1.8412996113144375e-06,0.20932252886648253,0.7460706581836183,25,20,20
33,7283,0.04460497165029053,1.8412998559080922e-06,0.20932736236554483,0.7460658246843085,25,20,20
33,7284,0.044604971650287345,1.8412996113131174e-06,0.2093292614824134,0.7460639255676875,25,20,20
33,7285,0.04491217294084632,1.841293394227991e-06,0.20902480486978006,0.7460611808959792,25,20,20
33,7286,0.04491217294341366,1.842079547153838e-06,0.2094592433936119,0.7456267415834269,25,20,20
33,7287,0.044912172943413556,1.8420795471551363e-06,0.20945920068385526,0.7456267842931835,25,20,20
33,7288,0.04491217294341357,1.842079551446267e-06,0.20946379038659432,0.7456221945904402,25,20,20
33,7289,0.04491217294323226,1.8420793069380293e-06,0.20945724129511145,0.7456287436823489,25,20,20
33,7290,0.04475959036173241,1.8420808960727464e-06,0.2096098238674502,0.7456287436899208,25,20,20
33,7291,0.04475944672767203,1.4747508500834348e-05,0.20902696368834942,0.746198842075477,25,20,20
33,7292,0.04475944672767198,1.4747508496543422e-05,0.20902035827980986,0.746205447484021,25,20,20
33,7293,0.044759446727671987,1.4747508741153532e-05,0.2090227192145013,0.746203086549085,25,20,20
33,7294,0.04475944672767516,1.4747508983495308e-05,0.20938946404378472,0.745836341719556,25,20,20
33,7295,0.04475944672510859,1.4746722834857791e-05,0.20896162802136345,0.7462641785306926,25,20,20
33,7296,0.04475944672510856,1.4746722834859086e-05,0.20896382458435744,0.7462619819676983,25,20,20
33,7297,0.044759446725108606,1.4746722830717174e-05,0.20896572524144813,0.7462600813106117,25,20,20
33,7298,0.04475944672510856,1.4746722830569253e-05,0.2089591244527582,0.7462666820993019,25,20,20
33,7299,0.04475944672510861,1.4746722830644522e-05,0.20895909287170172,0.7462667136803585,25,20,20
33,7300,0.044759446727695745,1.4746723074624667e-05,0.2090887848215181,0.7461370217277108,25,20,20
33,7301,0.04475944672769574,1.4746722830091137e-05,0.2090930286691653,0.7461327778803083,25,20,20
33,7302,0.044759446727695676,1.474672283001457e-05,0.20909456795961912,0.7461312385898544,25,20,20
33,7303,0.04475944672769574,1.4746722830163787e-05,0.20910105831944886,0.7461247482300247,25,20,20
33,7304,0.044759446727696516,1.474672283023646e-05,0.20910119743916475,0.746124609110308,25,20,20
33,7305,0.044759446727699714,1.4746722826095376e-05,0.20910117186598864,0.7461246346834852,25,20,20
33,7306,0.044759446727700075,1.474672260996528e-05,0.20453460709188304,0.7506911994578066,25,20,20
33,7307,0.0447594467276969,1.4746722367626123e-05,0.2041612421208616,0.7510645644290735,25,20,20
33,7308,0.044759446725112964,1.4746736062948694e-05,0.2040438706248989,0.7511819359139248,25,20,20
33,7309,0.04475944672515848,1.4746736067164784e-05,0.20404619700599638,0.7511796095327776,25,20,20
33,7310,0.04475944672516166,1.4746736067164785e-05,0.2040461646866067,0.7511796418521639,25,20,20
33,7311,0.04475944672516166,1.4746736067090826e-05,0.20404426169742146,0.7511815448413494,25,20,20
33,7312,0.04475944672516244,1.4746736313534655e-05,0.20441724923272442,0.7508085573057991,25,20,20
33,7313,0.04475944672516238,1.4746736313459398e-05,0.20441534627089206,0.7508104602676318,25,20,20
33,7314,0.04475944672516238,1.4746736313459446e-05,0.20441521093590115,0.7508105956026224,25,20,20
33,7315,0.04475944672516477,1.4746736317590642e-05,0.204507357674416,0.750718448864101,25,20,20
33,7316,0.04475944748619428,1.648314661362681e-06,0.2080788762850353,0.7471600279141082,25,20,20
33,7317,0.04475944748619111,1.6483144190592426e-06,0.20771237796757447,0.7475265262318145,25,20,20
33,7318,0.044759447486194294,1.6483144189852778e-06,0.20780006730456135,0.7474388368948245,25,20,20
33,7319,0.04475944800881766,1.6483267329464477e-06,0.21247251293542732,0.7427663907290212,25,20,20
33,7320,0.044759448008817676,1.6483267329464534e-06,0.2123803740729565,0.7428585295914921,25,20,20
33,7321,0.044759448008817725,1.6483267329464756e-06,0.21238053785638414,0.7428583658080644,25,20,20
33,7322,0.04475948948521425,1.6483263471535107e-06,0.2101948471859419,0.745044015002497,25,20,20
33,7323,0.0447594894852135,1.6483263428639048e-06,0.2101882813429309,0.7450505808455129,25,20,20
33,7324,0.044759489485213445,1.6483263428652257e-06,0.21018823269760833,0.7450506294908357,25,20,20
33,7325,0.04475948948509891,1.648326028777233e-06,0.19622498994967175,0.7590138722392009,25,20,20
33,7326,0.04475948948509898,1.648339969933692e-06,0.1962318754704531,0.7590069867044782,25,20,20
33,7327,0.039902432193372944,1.6941286117698582e-06,0.2016407010424253,0.7584551726355907,25,20,20
33,7328,0.039902432193372944,1.6941286117698574e-06,0.2016390782071269,0.758456795470889,25,20,20
33,7329,0.03990243167074961,1.6941165423156435e-06,0.19697105797646633,0.7631248162362421,25,20,20
33,7330,0.03990243167074728,1.6941165423909382e-06,0.19687875057224072,0.7632171236404699,25,20,20
33,7331,0.04005702962362853,1.6941149532731454e-06,0.19672415262852053,0.7632171236328982,25,20,20
33,7332,0.04005702962362855,1.6941149532718488e-06,0.19672185193745148,0.7632194243239669,25,20,20
33,7333,0.04005702962362936,1.6941151974056968e-06,0.19681410793046739,0.7631271683307063,25,20,20
33,7334,0.07314165773166208,1.6482725034324409e-06,0.1637295256864169,0.7631271683094178,25,20,20
33,7335,0.0731416577316652,1.6482585623499527e-06,0.1637226101993855,0.7631340838103873,25,20,20
33,7336,0.0731400020307544,3.946634660732198e-06,0.16372272593069323,0.7631333254038921,25,20,20
33,7337,0.07314205690307114,1.489179751671244e-06,0.16372312854603333,0.7631333253711443,25,20,20
33,7338,0.07313345382234139,1.489179753641967e-06,0.163731731619028,0.7631333253788773,25,20,20
33,7339,0.07313345382233825,1.4891799981767838e-06,0.16373400899856244,0.7631310479991014,25,20,20
33,7340,0.07313345382233899,1.489179753743803e-06,0.16372738904908865,0.7631376679488189,25,20,20
33,7341,0.0731334538223366,1.4891797537529964e-06,0.16364169286197167,0.7632233641359382,25,20,20
33,7342,0.07313345382233895,1.4891797538269439e-06,0.1636417264112401,0.7632233305866675,25,20,20
33,7343,0.07313345382238529,1.4891797539035294e-06,0.16364393349137363,0.7632211235064875,25,20,20
33,7344,0.0731334538223845,1.4891797496884726e-06,0.16364843806899163,0.7632166189288745,25,20,20
33,7345,0.07313345382238363,1.489179505628595e-06,0.16355625728607634,0.7633087997120346,25,20,20
33,7346,0.07313345299677734,1.7423912181508696e-06,0.16355600484259936,0.7633087997694051,25,20,20
33,7347,0.07314220832830946,2.5623679965605873e-07,0.16094948497896758,0.7659080504559225,25,20,20
33,7348,0.0731422083283539,2.562370426238041e-07,0.16120923129663467,0.7656483041379681,25,20,20
33,7349,0.07314220833866691,2.5623704688556405e-07,0.16147319077285002,0.7653843446514356,25,20,20
33,7350,0.07295971316552485,2.5623833732356365e-07,0.16165568595697014,0.7653843446391668,25,20,20
33,7351,0.07295976007239965,7.370049918527611e-09,0.16158979327973863,0.7654504392778108,25,20,20
33,7352,0.07295976007239646,7.370049841938577e-09,0.16158970877434137,0.7654505237832113,25,20,20
33,7353,0.07295976007239571,7.370049692698867e-09,0.1615897054274416,0.7654505271301119,25,20,20
33,7354,0.07295976007239571,7.3700496931769065e-09,0.1615854657091025,0.765454766848451,25,20,20
33,7355,0.0729597600725326,7.369806726729776e-09,0.16132571994044337,0.7657145126172162,25,20,20
33,7356,0.07295976007253255,7.3695621179417164e-09,0.16132336101568875,0.7657168715422155,25,20,20
33,7357,0.07341345948890324,4.3740703316433965e-09,0.16341605051496505,0.7631704856220606,25,20,20
33,7358,0.07341345948890005,4.360131102918593e-09,0.16340384487381698,0.7631826912771511,25,20,20
33,7359,0.07341345948885457,4.360126810239709e-09,0.1634014801107011,0.7631850560403167,25,20,20
33,7360,0.07341345948885457,4.360126812834377e-09,0.1634015327485163,0.7631850034025018,25,20,20
33,7361,0.07341345948885457,4.360126812812009e-09,0.16340153530729398,0.7631850008437242,25,20,20
33,7362,0.07352770303906621,5.219092932184525e-09,0.1632872908968338,0.7631850008450064,25,20,20
33,7363,0.07352770303906936,5.219092933511185e-09,0.16328421204856775,0.7631880796932694,25,20,20
33,7364,0.0735277030390694,5.219097150979158e-09,0.16328571830973906,0.763186573432094,25,20,20
33,7365,0.07352770318563283,5.2193394881442405e-09,0.16365944987101108,0.762812841724016,25,20,20
33,7366,0.07352770317531983,5.21933522638441e-09,0.16339317179487758,0.7630791198104668,25,20,20
33,7367,0.07352770460349581,5.2901572404635516e-09,0.16334005347338287,0.7631322366329638,25,20,20
33,7368,0.07377118368533239,6.9077288445734125e-06,0.16305732573535228,0.7631645828504705,25,20,20
33,7369,0.07377118368551284,6.907742657736719e-06,0.16343150504754092,0.7627904035242882,25,20,20
33,7370,0.0785797423700424,6.907790543818955e-06,0.15867435311563838,0.762738996723776,25,20,20
33,7371,0.07857974237003845,6.907790539529331e-06,0.1586677541335138,0.7627455957059089,25,20,20
33,7372,0.11771196397577333,4.50580391575957e-09,0.11957478026174848,0.762713251256674,25,20,20
33,7373,0.11879598108820875,4.505846740174995e-09,0.11849076314937595,0.7627132512565682,25,20,20
33,7374,0.1187959810882087,4.505846740174588e-09,0.11849076245479447,0.7627132519511497,25,20,20
33,7375,0.11879598108838962,4.505842525183195e-09,0.11858078704930543,0.762623227356462,25,20,20
33,7376,0.11879598108834419,4.4919310717621534e-09,0.1184883606546765,0.7627156537650476,25,20,20
33,7377,0.1187959810885089,4.502196800572085e-09,0.1295468070348208,0.7516572073744738,25,20,20
33,7378,0.11879598109885225,4.51609246823456e-09,0.1296839780206012,0.7515200363644544,25,20,20
33,7379,0.11879593819059212,1.4155997906729888e-05,0.1331073322077242,0.7480825736037766,25,20,20
33,7380,0.11879593819059207,1.4155997906802502e-05,0.13311389653916286,0.7480760092723382,25,20,20
33,7381,0.11879593819059203,1.4155997906879069e-05,0.1331139782091366,0.7480759276023643,25,20,20
33,7382,0.11879593820094461,1.4155987888958826e-05,0.12223353027096742,0.7589563755401989,25,20,20
33,7383,0.11879593820094461,1.4155987888958882e-05,0.12222700852980367,0.7589628972813627,25,20,20
33,7384,0.11879593820094456,1.4155987884666078e-05,0.12222555015397539,0.7589643556571951,25,20,20
33,7385,0.11879593820094136,1.415598788466344e-05,0.12222538772271255,0.758964518088461,25,20,20
33,7386,0.1187959382007609,1.4155974071574106e-05,0.12185128945462034,0.7593386163705468,25,20,20
33,7387,0.1172300575543019,1.415663860113783e-05,0.12341716956334092,0.7593386162437558,25,20,20
33,7388,0.11195902558886883,1.4156590866344753e-05,0.10371315300681141,0.7843136648134527,25,20,20
33,7389,0.11195902558886571,1.4156590866269442e-05,0.10371623347752669,0.7843105843427406,25,20,20
33,7390,0.11195902558829411,5.104186965102827e-09,0.10379683293966777,0.7842441363678503,25,20,20
33,7391,0.11195902544173078,5.1039446279384134e-09,0.10342529904787243,0.7846156704064513,25,20,20
33,7392,0.11195903075913562,5.0467064596511426e-09,0.10342631407688087,0.7846146501172763,25,20,20
33,7393,0.11195903075895348,5.046702242695557e-09,0.10341974695468727,0.7846212172396564,25,20,20
33,7394,0.11195903075877256,5.060552536552981e-09,0.10359480499010638,0.7844461591905677,25,20,20
33,7395,0.11195903075877249,5.060552535255387e-09,0.10359256480715062,0.7844483993735235,25,20,20
33,7396,0.11195903076915377,5.060552462628068e-09,0.10359593187940144,0.7844450322908917,25,20,20
33,7397,0.11195903076915378,5.074493186088485e-09,0.10360409523454221,0.7844368689218101,25,20,20
33,7398,0.11195903076915373,5.074493261371088e-09,0.10360409359167795,0.7844368705646743,25,20,20
33,7399,0.11195903076915373,5.074737769575608e-09,0.103610682759209,0.7844302813968987,25,20,20
33,7400,0.11195902588256253,5.066240864690117e-09,0.1036106900409149,0.7844302790102808,25,20,20
33,7401,0.1119590258825618,5.052394757479417e-09,0.10360957386296064,0.7844313952020819,25,20,20
33,7402,0.1119590258825618,5.052394756158509e-09,0.10360953587648128,0.7844314331885613,25,20,20
33,7403,0.1119590258825618,5.052394679578326e-09,0.10360483403457599,0.7844361350304667,25,20,20
33,7404,0.11195902588256174,5.052390416495853e-09,0.10333850135387873,0.7847024677111684,25,20,20
33,7405,0.11195902587204441,5.052142683220925e-09,0.10316053198054169,0.7848804370952703,25,20,20
33,7406,0.11195902587222653,5.051902392173697e-09,0.10315855980763276,0.7848824092682376,25,20,20
33,7407,0.1119590258722266,5.051902392173693e-09,0.10316335750588342,0.7848776115699869,25,20,20
33,7408,0.11195902587245693,5.052150668006596e-09,0.10324947089786532,0.7847914981775265,25,20,20
33,7409,0.11195902587245773,5.052150743343763e-09,0.10324958608474395,0.784791382990647,25,20,20
33,7410,0.11195902587245767,5.03821001854007e-09,0.10324133884010096,0.7847996302492308,25,20,20
33,7411,0.11195902587245767,5.038214234401818e-09,0.1032459592191665,0.784795009870161,25,20,20
33,7412,0.11195902587245767,5.0382143096930445e-09,0.10324607252259212,0.7847948965667352,25,20,20
33,7413,0.1459884884266252,9.443500152261183e-09,0.06921658455247882,0.7847949175773955,25,20,20
33,7414,0.1459884884266252,9.443500153581284e-09,0.06921666560341577,0.7847948365264585,25,20,20
33,7415,0.14598848842662845,9.443500078357783e-09,0.0692167442216495,0.7847947579082216,25,20,20
33,7416,0.1459884884266284,9.443495861198636e-09,0.06921215502816809,0.7847993471017074,25,20,20
33,7417,0.1459884884266284,9.443495861153901e-09,0.0692121564054753,0.7847993457244001,25,20,20
33,7418,0.1459884884266284,9.443495936455277e-09,0.0692187625573553,0.78479273957252,25,20,20
33,7419,0.1459884884264463,9.443491645303696e-09,0.06921411073930643,0.7847973913907553,25,20,20
33,7420,0.1459884884264463,9.443491719275223e-09,0.06921414555939269,0.784797356570669,25,20,20
33,7421,0.14598848842644896,9.443701743329928e-09,0.07545918163328615,0.7785523204965628,25,20,20
33,7422,0.11765642187609884,9.443251049141878e-09,0.10379104737061219,0.7785525213100369,25,20,20
33,7423,0.11765642187610124,9.443251049141475e-09,0.10379105251608686,0.7785525161645599,25,20,20
33,7424,0.11765642186572074,9.443255337427007e-09,0.10379420892273546,0.7785493597682877,25,20,20
33,7425,0.11765642186572074,9.443255338770282e-09,0.10379408371208063,0.7785494849789426,25,20,20
33,7426,0.11765642186572156,9.443259601341646e-09,0.10405381232906995,0.7782897563619481,25,20,20
33,7427,0.11765637820021951,1.4152242829482379e-05,0.10403956545631347,0.7782899041006383,25,20,20
33,7428,0.11765637820021871,1.4152242825191454e-05,0.1040330733685183,0.7782963961884384,25,20,20
33,7429,0.11765637820021871,1.4152242825190132e-05,0.1040329923175813,0.7782964772393755,25,20,20
33,7430,0.11765637818987303,1.4152228929448323e-05,0.10398799856683405,0.778341471014364,25,20,20
33,7431,0.11669262172343535,1.415290271100924e-05,0.10495174965959318,0.7783414757142615,25,20,20
33,7432,0.1166926217234354,1.4152902711084525e-05,0.10495402881516966,0.7783391965586849,25,20,20
33,7433,0.11669262172343542,1.415290271537614e-05,0.10495408363740406,0.7783391417364459,25,20,20
33,7434,0.11669262172343535,1.415290271530215e-05,0.10495188497149015,0.7783413404023599,25,20,20
33,7435,0.11669262172320499,1.4152902466949735e-05,0.10486115221230043,0.7784320731620283,25,20,20
33,7436,0.11669262172320179,1.4152902466949701e-05,0.10486763525708553,0.7784255901172464,25,20,20
33,7437,0.11669262173196182,1.4152902879754259e-05,0.1111174363029353,0.7721757890622236,25,20,20
33,7438,0.1166926217232359,1.4152912712543993e-05,0.11547606119733017,0.767817164166722,25,20,20
33,7439,0.1166926217232359,1.4152912712543993e-05,0.11547606119733017,0.767817164166722,25,20,20
33,7440,0.11669262172338472,1.4152902711535057e-05,0.10487400879926202,0.7784192165746425,25,20,20
33,7441,0.11669262172338792,1.415291665076378e-05,0.10488624727524203,0.7784069780847201,25,20,20
33,7442,0.11669262187085293,1.4152916650840145e-05,0.10501621125119348,0.7782770139613036,25,20,20
33,7443,0.0878380382511322,1.84965444920992e-05,0.13270487837598177,0.7794385868283941,25,20,20
33,7444,0.07568044408982026,1.9302155368738694e-05,0.14486154025890113,0.7794387134959105,25,20,20
33,7445,0.07568044408981846,1.9302155163007628e-05,0.13861182831574922,0.7856884254392699,25,20,20
33,7446,0.07568044408981846,1.930215516293237e-05,0.13860522356130364,0.7856950301937156,25,20,20
33,7447,0.07568044408981849,1.930215516300764e-05,0.13860522559935784,0.7856950281556613,25,20,20
33,7448,0.07568044408981849,1.930215516300894e-05,0.13860530667470647,0.7856949470803127,25,20,20
33,7449,0.07581094323381171,0.009995470620616535,0.128551428400442,0.7856421577451301,25,20,20
33,7450,0.07581094323381386,0.009995470620616736,0.1666971958541036,0.7474963902914668,25,20,20
33,7451,0.07581094323381386,0.00999547062061681,0.16696344770760946,0.7472301384379609,25,20,20
33,7452,0.07581094323381381,0.009995470620616887,0.1669634225530234,0.7472301635925469,25,20,20
33,7453,0.07581094323385859,0.009995470620616885,0.16696496883027862,0.7472286173152469,25,20,20
33,7454,0.07581094323385773,0.009995470620616809,0.16687278872529607,0.7473207974202303,25,20,20
33,7455,0.07581093838731341,0.00999547130515898,0.15738992238840008,0.7568036679191283,25,20,20
33,7456,0.07581093838731257,0.00999547130515898,0.15739146161247666,0.7568021286950527,25,20,20
33,7457,0.07581093838731257,0.00999547130515898,0.1573914627838485,0.7568021275236806,25,20,20
33,7458,0.07581093838731257,0.009995471305159057,0.15765768126774765,0.7565359090397814,25,20,20
33,7459,0.07581093838735098,0.009995509475909863,0.16395483445142606,0.7502387176853137,25,20,20
33,7460,0.07581093838716813,0.00999550947566528,0.1639485040826025,0.7502450480545643,25,20,20
33,7461,0.06541965616900204,0.00999550905306329,0.17412272303767418,0.7504621117402606,25,20,20
33,7462,0.059820679010387255,0.009995602056782514,0.17972137223114287,0.7504623467016859,25,20,20
33,7463,0.05982067901034883,0.009995563886031707,0.1734243334722433,0.7567594236313746,25,20,20
33,7464,0.05982110839522532,0.009995564596011156,0.17526686608537662,0.7549164609233863,25,20,20
33,7465,0.05982110839540983,0.00999556459601123,0.17544633878747484,0.7547369882211038,25,20,20
33,7466,0.05982110839540983,0.009995564596011159,0.17545092470960497,0.7547324022989738,25,20,20
33,7467,0.05982110839540985,0.009995564596015447,0.175446420161093,0.7547369068474814,25,20,20
33,7468,0.05982110839536358,0.009995564596019661,0.17544584146284697,0.7547374855457696,25,20,20
33,7469,0.05982110839536279,0.009995564596015326,0.17517951005442609,0.7550038169541957,25,20,20
33,7470,0.057940079787328694,0.009991288220744389,0.17822629497403641,0.7538423370178904,25,20,20
33,7471,0.09391396952191164,0.009991195217607735,0.14225293400377964,0.7538419012567015,25,20,20
33,7472,0.08564550135117668,0.009991591681265346,0.1505200271546634,0.753842879812895,25,20,20
33,7473,0.08564550135117731,0.009991591681265406,0.15676953848851427,0.7475933684790433,25,20,20
33,7474,0.08564550135117731,0.009991591681265332,0.15687632485926664,0.7474865821082911,25,20,20
33,7475,0.08564550135117731,0.009991591681265332,0.156876326861024,0.7474865801065335,25,20,20
33,7476,0.08564550135113178,0.009991591681260965,0.15687461108570647,0.7474882958819009,25,20,20
33,7477,0.08564550135113258,0.009991591681265257,0.15687475403946097,0.7474881529281413,25,20,20
33,7478,0.0856455013511318,0.00999159168126104,0.15687472500991764,0.7474881819576896,25,20,20
33,7479,0.05960192177729026,0.00999159222577282,0.1831353655588595,0.7472711204380772,25,20,20
33,7480,0.058139859267201395,0.009991591426424697,0.18459743260498532,0.7472711167013883,25,20,20
33,7481,0.058139859267201395,0.009991591426424619,0.18433121612284342,0.7475373331835301,25,20,20
33,7482,0.058009784931294384,0.0001323498018246053,0.19433519231459667,0.7475226729522835,25,20,20
33,7483,0.058009784931294314,0.00013234980182031514,0.19433361176349145,0.7475242535033932,25,20,20
33,7484,0.058009784931110586,0.00013234980182445818,0.19415429638169443,0.7477035688853698,25,20,20
33,7485,0.05800978493111057,0.00013234980182445688,0.19378117708208759,0.7480766881849766,25,20,20
33,7486,0.05800978493110738,0.0001323498018243829,0.19391061457412345,0.7479472506929443,25,20,20
33,7487,0.05800978493110739,0.00013234980182445688,0.1939106160365694,0.7479472492304983,25,20,20
33,7488,0.05800978493110739,0.00013234980182867193,0.19391067587037816,0.7479471893966856,25,20,20
33,7489,0.05800978493110745,0.00013234980182867066,0.19378123637489508,0.7480766288921685,25,20,20
33,7490,0.0580097849311074,0.0001323498018287459,0.19378132379935398,0.7480765414677095,25,20,20
33,7491,0.0580097849311106,0.0001323498018288965,0.19378143545059642,0.7480764298164638,25,20,20
33,7492,0.05800978493111065,0.00013234980182460617,0.19378132070790485,0.7480765445591595,25,20,20
33,7493,0.05800978493110752,0.00013234978788959496,0.1937706226477584,0.7480872426332441,25,20,20
33,7494,0.05800978493110752,0.0001323497878896689,0.19377524200812907,0.7480826232728733,25,20,20
33,7495,0.08545035145306977,0.00013235003336590045,0.16633460862088964,0.7480826898926743,25,20,20
33,7496,0.08545035145311462,0.0001323500333659135,0.16009391447946122,0.7543233840340577,25,20,20
33,7497,0.08545035145311462,0.00013235003336591354,0.16009379861843465,0.7543234998950844,25,20,20
33,7498,0.0854503514530699,0.00013235003361042048,0.16009160472307898,0.7543256937902403,25,20,20
33,7499,0.0854503514530699,0.00013235003361041918,0.16009152564315912,0.7543257728701601,25,20,20
33,7500,0.0854503514530699,0.0001323500336104205,0.16009143764632072,0.7543258608669986,25,20,20
33,7501,0.0854503514530723,0.00013235003336591357,0.16008481710913255,0.7543324814044289,25,20,20
33,7502,0.0974957853183562,0.00013195864288077094,0.14804075318178508,0.7543315028569779,25,20,20
33,7503,0.0942019769097412,0.00014421344005432097,0.15132242011093563,0.7543313895392685,25,20,20
33,7504,0.09420197393677579,0.0001437258886699387,0.1513229112482357,0.7543313889263181,25,20,20
33,7505,0.09420197393677579,0.00014372588866993867,0.15132287935777394,0.7543314208167797,25,20,20
33,7506,0.09071079289420332,0.00014292002520753625,0.1548149976383217,0.7543312894422673,25,20,20
33,7507,0.0907107927467383,0.00014292002520745995,0.1546849517047777,0.7544613355232765,25,20,20
33,7508,0.10732851893404648,0.00014291960401016516,0.138067225939039,0.7544613355229043,25,20,20
33,7509,0.1073285184346304,0.00014291893322151416,0.13264557378539682,0.7598829888467512,25,20,20
33,7510,0.10732851843463041,0.00014291893321722514,0.13264543428259448,0.759883128349558,25,20,20
33,7511,0.1073285184346304,0.00014291893321714987,0.13265192539686038,0.759876637235292,25,20,20
33,7512,0.10732851843462721,0.0001429189332170746,0.1326518428991928,0.7598767197329629,25,20,20
33,7513,0.10732851843462721,0.00014291893322136573,0.13264994002451969,0.7598786226076316,25,20,20
33,7514,0.10732851843462723,0.00014291893322136703,0.1326499799876805,0.759878582644471,25,20,20
33,7515,0.1073528150975105,0.00027574965726483397,0.13250384487179356,0.7598675903734314,25,20,20
33,7516,0.10705592771717676,0.00027575502337301704,0.13279931801116215,0.7598689992482883,25,20,20
33,7517,0.10705592771717676,0.000275755023373091,0.13279940542349103,0.7598689118359592,25,20,20
33,7518,0.107055508823808,0.00014468103813353232,0.1329308983598689,0.7598689117781906,25,20,20
33,7519,0.107055508823808,0.00014468103813345968,0.1329308969569755,0.7598689131810841,25,20,20
33,7520,0.10784364878410319,1.1873612016582629e-05,0.13227564501147707,0.7598688325924033,25,20,20
33,7521,0.10784364878410312,1.1873612016580011e-05,0.13227575803819241,0.759868719565688,25,20,20
33,7522,0.10784364878410312,1.1873612016581355e-05,0.13227575748714415,0.7598687201167365,25,20,20
33,7523,0.10784364878410393,1.1873612016582698e-05,0.13227575436865652,0.7598687232352233,25,20,20
33,7524,0.10784364877375274,1.187359811453993e-05,0.13215698558650807,0.759987492041625,25,20,20
33,7525,0.10214696018470985,1.1878954257166438e-05,0.13785272374911603,0.7599884371119177,25,20,20
33,7526,0.1021469601847099,1.1878954257166486e-05,0.1378526858465712,0.7599884750144625,25,20,20
33,7527,0.10770671074847542,4.292946959910678e-08,0.13230477107755592,0.7599884752444998,25,20,20
33,7528,0.1077067107484762,4.2929469600404515e-08,0.13230477307984695,0.7599884732422079,25,20,20
33,7529,0.1077067107484762,4.292946959910679e-08,0.13230485211293602,0.7599883942091188,25,20,20
33,7530,0.1077067107484762,4.292946538321023e-08,0.13230675277982873,0.7599864935422304,25,20,20
33,7531,0.10770671074843068,4.2929461017625086e-08,0.13230666994786097,0.7599865763742478,25,20,20
33,7532,0.10837638608243831,4.2683976819995575e-08,0.13163706155091537,0.7599865096826706,25,20,20
33,7533,0.10837638608262046,4.2683981037673376e-08,0.13163065449474493,0.7599929167386548,25,20,20
33,7534,0.10837638608262128,4.26839811142817e-08,0.13163297562252804,0.7599905956108708,25,20,20
33,7535,0.10837638608266359,4.268398954666284e-08,0.131634609534201,0.759988961699147,25,20,20
33,7536,0.1083763860826635,4.268398525385825e-08,0.13163298664140813,0.7599905845919441,25,20,20
33,7537,0.10837638608266355,4.2683985257797395e-08,0.1316331406179739,0.7599904306153783,25,20,20
33,7538,0.1314747966696003,4.3100194826671914e-08,0.10853472863374006,0.7599904315964657,25,20,20
33,7539,0.0923884723292117,1.4431664322949278e-05,0.14760686967358377,0.7599902263328818,25,20,20
33,7540,0.09200846152596148,1.44212361917994e-05,0.14798779429466694,0.7599893229431802,25,20,20
33,7541,0.09200846152596226,1.4421236191946016e-05,0.14798926407228288,0.7599878531655634,25,20,20
33,7542,0.09200846152596226,1.4421236191798078e-05,0.14798787032915128,0.7599892469086952,25,20,20
33,7543,0.09200846152596226,1.4421236191873322e-05,0.1479878988433422,0.7599892183945041,25,20,20
33,7544,0.0920084615259615,1.442123619482263e-05,0.1542372870761623,0.7537398301616817,25,20,20
33,7545,0.09200846152596463,1.4421236194971869e-05,0.1542373162252385,0.7537398010126023,25,20,20
33,7546,0.09200846152614671,1.4421236187806219e-05,0.14798938295235342,0.7599877342853124,25,20,20
33,7547,0.09200846152614674,1.4421236187806193e-05,0.147989420916782,0.7599876963208836,25,20,20
33,7548,0.09200846152614674,1.4421236431864798e-05,0.14808159967318735,0.7598955175642342,25,20,20
33,7549,0.08940308660172647,1.4429276438773394e-05,0.1506859160756993,0.7598965680461356,25,20,20
33,7550,0.08940308660172645,1.4429276443024297e-05,0.15105890409682743,0.7595235800250032,25,20,20
33,7551,0.08940308660168095,1.4429276434441398e-05,0.15105715981058254,0.7595253243113023,25,20,20
33,7552,0.08940308660168095,1.4429276438732989e-05,0.15105735577855336,0.7595251283433271,25,20,20
33,7553,0.08940308660168095,1.442927643448211e-05,0.15068436775742466,0.75989811636446,25,20,20
33,7554,0.08940308660168096,1.4429276677403722e-05,0.15095064230485336,0.7596318418167886,25,20,20
33,7555,0.089403086720447,1.4465644194830656e-05,0.15883821208176727,0.7517442355535913,25,20,20
33,7556,0.08940308672044381,1.4465644194681393e-05,0.15883821490030553,0.7517442327350564,25,20,20
33,7557,0.08940308672044299,1.4465644194681393e-05,0.15883818006666597,0.7517442675686968,25,20,20
33,7558,0.08940308672044303,1.4465644194681393e-05,0.1588381800664857,0.751744267568877,25,20,20
33,7559,0.08940308672044615,1.4465643951687085e-05,0.15857199137806677,0.7520104562575356,25,20,20
33,7560,0.08386817873024524,1.4463486594928188e-05,0.16409572106677875,0.752021636716381,25,20,20
33,7561,0.08384453961209674,1.469275195931457e-05,0.16413030199912523,0.7520104656368187,25,20,20
33,7562,0.08323238435585945,1.734162775760323e-06,0.1647566173510738,0.7520092641302907,25,20,20
33,7563,0.08323238435585952,1.7341630202672981e-06,0.16476323932724546,0.7520026421538748,25,20,20
33,7564,0.08323238435567816,1.7341630202673045e-06,0.1647631865064735,0.7520026949748277,25,20,20
33,7565,0.08323238435567896,1.7341632648508234e-06,0.16476981050824016,0.7519960709728158,25,20,20
33,7566,0.08323238423695825,1.6977957474088812e-06,0.15701026356171055,0.7597556544055842,25,20,20
33,7567,0.08308163510930329,1.6977962101609836e-06,0.15716101268887914,0.7597556544056079,25,20,20
33,7568,0.0830816351093025,1.6977962102336484e-06,0.1571654839250178,0.7597511831694702,25,20,20
33,7569,0.07984646336605629,1.6975636251664536e-06,0.16040056049332943,0.7597512785769891,25,20,20
33,7570,0.06009529610793346,1.6974949426663722e-06,0.17733315821027282,0.7625698481868511,25,20,20
33,7571,0.06009529610853364,1.707957424263579e-06,0.20809061191841105,0.7318123840156303,25,20,20
33,7572,0.060095296108716514,1.7079574243401715e-06,0.2080876156688042,0.7318153802650543,25,20,20
33,7573,0.06009529610871731,1.7079576690280561e-06,0.20808923754862022,0.7318137583849927,25,20,20
33,7574,0.06880894497943452,1.7100739121424635e-06,0.1993752983517888,0.7318140465948642,25,20,20
33,7575,0.06497581496755975,1.6999207359982296e-06,0.20320981814415504,0.7318126669675488,25,20,20
33,7576,0.06497581496755975,1.699920735999551e-06,0.20320970475533795,0.731812780356366,25,20,20
33,7577,0.06497581496756298,1.6999207359990493e-06,0.20347634980759563,0.7315461353041051,25,20,20
33,7578,0.06497581496756219,1.6999204914168284e-06,0.2034696472372706,0.7315528378746754,25,20,20
33,7579,0.06557185562730401,1.68946902635867e-06,0.19657768018860455,0.7378487747150652,25,20,20
33,7580,0.06557185562730398,1.6894690220683307e-06,0.1965840899562556,0.7378423649474183,25,20,20
33,7581,0.0649761852473325,3.7128403195333755e-06,0.21271150327044303,0.7223085986419039,25,20,20
33,7582,0.0649761852473325,3.712840319607346e-06,0.21271158326639864,0.7223085186459482,25,20,20
33,7583,0.0649761852473325,3.7128403195333738e-06,0.21271166867786537,0.7223084332344817,25,20,20
33,7584,0.06497618524733248,3.7128403195333733e-06,0.2127117411785853,0.7223083607337621,25,20,20
33,7585,0.06497618524728707,3.7128403152556143e-06,0.2125819748282095,0.7224381270841875,25,20,20
33,7586,0.06567272009934692,3.6896142901725687e-06,0.21188557753165135,0.7224380127547114,25,20,20
33,7587,0.06567272009934932,3.689614285956218e-06,0.21188551711018175,0.7224380731761829,25,20,20
33,7588,0.06567272009934932,3.6896142859562174e-06,0.21188562953732976,0.722437960749035,25,20,20
33,7589,0.06567272009934938,3.68961428603283e-06,0.2118857449824768,0.7224378453038878,25,20,20
33,7590,0.06567272009939484,3.68961405003155e-06,0.21188374642300647,0.7224398438635486,25,20,20
33,7591,0.06567272009939484,3.6896140500302977e-06,0.2118836332301128,0.7224399570564425,25,20,20
33,7592,0.0656727201018078,3.6896142945385632e-06,0.21188868753005202,0.7224349027538459,25,20,20
33,7593,0.0656727201018078,3.6896142945372656e-06,0.2118885750681967,0.7224350152157012,25,20,20
33,7594,0.06416355140023708,7.595694313653061e-05,0.21331953591613792,0.7224409557404887,25,20,20
33,7595,0.0641635514002371,7.595694313653319e-05,0.21331953864548467,0.722440953011142,25,20,20
33,7596,0.06416355140023387,7.595694313645968e-05,0.21305938249234924,0.7227011091642807,25,20,20
33,7597,0.06416355140023387,7.595694313645842e-05,0.21305934957294376,0.7227011420836861,25,20,20
33,7598,0.06416355140023387,7.595694314067332e-05,0.21306100858739807,0.7226994830692276,25,20,20
33,7599,0.06418706207650868,3.728730569524963e-06,0.21311566659771564,0.7226935425952062,25,20,20
33,7600,0.06418706207910359,3.728744513991123e-06,0.21312541011799152,0.7226837990583911,25,20,20
33,7601,0.06407498133840103,3.7286413340090366e-06,0.18231417877371697,0.7536071112465484,25,20,20
33,7602,0.06407498133840182,3.7286413382991432e-06,0.18231654359067012,0.7536047464295902,25,20,20
33,7603,0.06407498134878357,3.728641338374407e-06,0.18231817370329695,0.7536031163065816,25,20,20
33,7604,0.06407498134863905,3.7286413454647696e-06,0.18856605868728174,0.747355231322734,25,20,20
33,7605,0.06800946600861801,3.7286356273754147e-06,0.18463157480051962,0.7473552305552351,25,20,20
33,7606,0.06802709236417083,5.55495843266238e-06,0.18461198665012013,0.747355366027277,25,20,20
33,7607,0.0680270923537899,5.554958432587104e-06,0.18461687896456244,0.7473504737232157,25,20,20
33,7608,0.0680270923537867,5.554958432584488e-06,0.18461671514589398,0.7473506375418865,25,20,20
33,7609,0.07687604578104347,6.624218803140687e-06,0.17576159765786248,0.747355732342291,25,20,20
33,7610,0.07687604578104268,6.624218559080765e-06,0.17566938405551646,0.7474479459448822,25,20,20
33,7611,0.076876045778818,6.624206796975696e-06,0.16941610117579228,0.7537012288385933,25,20,20
33,7612,0.076876045778818,6.6242067970496455e-06,0.16941618175720533,0.7537011482571799,25,20,20
33,7613,0.07687604577622369,6.624206794807444e-06,0.16978259768957862,0.7533347323274032,25,20,20
33,7614,0.0768760457762237,6.624206552615353e-06,0.16940959847432457,0.7537077315428994,25,20,20
33,7615,0.07687604577622051,6.624206556864941e-06,0.16977797679538534,0.7533393532218375,25,20,20
33,7616,0.0768760457762237,6.624206556940223e-06,0.16978268032058716,0.7533346496966322,25,20,20
33,7617,0.07687604592409321,6.624220493402539e-06,0.16978635578408421,0.7533309740713295,25,20,20
33,7618,0.07687604592409322,6.624220735669943e-06,0.1701593951977621,0.7529579346574092,25,20,20
33,7619,0.07687604592405486,6.624220732794118e-06,0.1639145080102473,0.7592028218449652,25,20,20
33,7620,0.07687604592405567,6.6242207413012e-06,0.16391424913887703,0.7592030807163264,25,20,20
33,7621,0.08141249145100296,3.3637261508284582e-06,0.13020489665685495,0.788379248165991,25,20,20
33,7622,0.08141249145100296,3.363726150902407e-06,0.13020489808418068,0.7883792467386652,25,20,20
33,7623,0.045135266916850554,4.598339972549479e-06,0.16647510491371403,0.7883850298294627,25,20,20
33,7624,0.04058206737449722,4.597171193580956e-06,0.1602172978252029,0.7991960376291061,25,20,20
33,7625,0.0405820672265822,4.597157248536378e-06,0.16020891645461838,0.7992044191615508,25,20,20
33,7626,0.040582067223987286,4.597143304070195e-06,0.16019920586049163,0.7992141297722171,25,20,20
33,7627,0.036877817160272844,3.8543725585151905e-06,0.16390998105778048,0.7992083474093881,25,20,20
33,7628,0.0368778171602729,3.854372801435559e-06,0.16417621770241173,0.7989421107645137,25,20,20
33,7629,0.036877817160276036,3.85437255851651e-06,0.1639099497009745,0.7992083787661909,25,20,20
33,7630,0.03687781716027602,3.854372316249129e-06,0.16353685625703393,0.7995814722103737,25,20,20
33,7631,0.03687781716027521,3.85437231617384e-06,0.16353453654101915,0.7995837919263894,25,20,20
33,7632,0.03687781716027203,3.85437231617384e-06,0.1635345351247668,0.799583793342645,25,20,20
33,7633,0.039125889131916225,3.3567755356517e-06,0.1612920073116188,0.7995787467809293,25,20,20
33,7634,0.03912588913209778,3.356775535726504e-06,0.1614214528938339,0.7994493011985326,25,20,20
33,7635,0.03912588913209784,3.3567755357278013e-06,0.16142154023518984,0.7994492138571766,25,20,20
33,7636,0.03912588913209778,3.356775531402906e-06,0.16105503151856249,0.7998157225738083,25,20,20
33,7637,0.0391258891321433,3.3567755315521694e-06,0.16104861857127822,0.799822135521047,25,20,20
33,7638,0.03912588913213931,3.3567755230463946e-06,0.16104425700643785,0.7998264970859,25,20,20
33,7639,0.03912588913213851,3.3567755229737323e-06,0.1610442562602615,0.799826497832077,25,20,20
33,7640,0.039125889132138505,3.35677552297497e-06,0.16104481944316532,0.7998259346491733,25,20,20
33,7641,0.03912588913213849,3.356775522973672e-06,0.1610382130167391,0.7998325410755995,25,20,20
33,7642,0.039147000435154795,1.3334154605402107e-06,0.16101912215310737,0.7998325439962778,25,20,20
33,7643,0.003541099654803779,7.61783018342615e-07,0.19662564273027375,0.7998324958319045,25,20,20
33,7644,0.003541099654803093,7.617830224848591e-07,0.19662714346796664,0.7998309950942081,25,20,20
33,7645,0.003541099654803094,7.617830224848824e-07,0.19662703104284315,0.7998311075193317,25,20,20
33,7646,0.0035410996548029838,7.617830182686676e-07,0.1966254892995678,0.7998326492626114,25,20,20
33,7647,0.003541099654802985,7.617830182712855e-07,0.19662560317319158,0.7998325353889877,25,20,20
33,7648,0.00354109965480293,7.617830181959939e-07,0.19662548973779903,0.7998326488243799,25,20,20
33,7649,0.0035410996548029166,7.617830181959939e-07,0.19662548840597727,0.7998326501562016,25,20,20
33,7650,0.003528233027797959,2.96052674145305e-07,0.19663882149130235,0.7998326494282262,25,20,20
33,7651,0.0035441969654323923,2.7041923841154435e-07,0.19662275734140305,0.7998327752739268,25,20,20
33,7652,0.0035441969654323936,2.7041923848421813e-07,0.19661626846868546,0.7998392641466444,25,20,20
33,7653,0.003544196965386914,2.70419238334978e-07,0.1966161569060237,0.7998393757093516,25,20,20
33,7654,0.003542274868615877,2.704187493150133e-07,0.19660701701237965,0.7998504377002555,25,20,20
33,7655,0.0035422748686159337,2.704187493189301e-07,0.196607045972272,0.7998504087403632,25,20,20
33,7656,6.243861419986457e-05,2.710985864572002e-07,0.19946953917003923,0.8004677511171746,25,20,20
33,7657,6.243861419986457e-05,2.710985864572002e-07,0.1994695391700393,0.8004677511171746,25,20,20
33,7658,6.244050743720944e-05,2.7040253787490507e-07,0.20008688035217856,0.7998504087378464,25,20,20
33,7659,6.244050761933232e-05,2.704025379501893e-07,0.20008501375555443,0.7998522753342886,25,20,20
33,7660,6.244051800101988e-05,2.7040254645784456e-07,0.20008676295135014,0.7998505261281025,25,20,20
33,7661,6.24405179978381e-05,2.7040254224036995e-07,0.20009106105240368,0.7998462280270562,25,20,20
33,7662,6.244051799783833e-05,2.7040278675932717e-07,0.20009568680095588,0.7998416022782598,25,20,20
33,7663,3.912769735194256e-05,2.7099625632876647e-07,0.20011899581570117,0.7998416054906903,25,20,20
33,7664,0.002952251467112617,1.2751893640356193e-06,0.18217679767792436,0.8148696756656,25,20,20
33,7665,0.0029669425470947607,1.2347057056548772e-06,0.18216214831781052,0.8148696744293897,25,20,20
33,7666,0.002966942547094887,1.2347057056548942e-06,0.1822544416265894,0.814777381120611,25,20,20
33,7667,0.0029656997940347403,1.0527378682926489e-06,0.18225587596758067,0.8147773715005158,25,20,20
33,7668,0.002965699794034739,1.0527378682913055e-06,0.18225587257049014,0.8147773748976064,25,20,20
33,7669,0.0029656997940347377,1.0527378682912822e-06,0.1822559516116731,0.8147772958564236,25,20,20
33,7670,0.0029656997836530375,1.05273785978233e-06,0.18225415928629343,0.8147790881921935,25,20,20
33,7671,0.026453695265260105,1.7347133943635217e-06,0.15876542587601336,0.814779144145333,25,20,20
33,7672,0.026508061525083167,1.7636871823007895e-06,0.15871115640313824,0.8147790183845973,25,20,20
33,7673,0.026508061525086363,1.7636871823020871e-06,0.15871112504650906,0.8147790497412234,25,20,20
33,7674,0.026508061525086363,1.7636869377078617e-06,0.15870642289633793,0.8147837518916393,25,20,20
33,7675,0.026508061525086418,1.7636869377831759e-06,0.15870650783657148,0.8147836669514055,25,20,20
33,7676,0.0265080615249043,1.7636869377065946e-06,0.158701770235298,0.8147884045528611,25,20,20
33,7677,0.026508061524904286,1.7636869419216196e-06,0.15870188439033797,0.8147882903978169,25,20,20
33,7678,0.0030899254912208347,1.0817210574971353e-06,0.18212076035040362,0.8147882324373168,25,20,20
33,7679,0.0030899254912200914,1.081721053281e-06,0.18211847708889387,0.8147905156988319,25,20,20
33,7680,0.003089925491265677,1.081721061860811e-06,0.18212260717625406,0.8147863856114177,25,20,20
33,7681,0.003089925491220104,1.0817210575700189e-06,0.1821185598742256,0.814790432913496,25,20,20
33,7682,0.003500494714393768,1.900082272134793e-06,0.1817071711514065,0.814790434051927,25,20,20
33,7683,0.003500494714393656,1.9000822764238008e-06,0.18161501809123173,0.814882587112097,25,20,20
33,7684,0.003500494714393613,1.9000822806976234e-06,0.18174451069547215,0.8147530945078526,25,20,20
33,7685,0.0035004947143935992,1.9000822764086044e-06,0.18174901524398415,0.8147485899593448,25,20,20
33,7686,0.0035004947143967386,1.9000822807734894e-06,0.18175558180448118,0.8147420233988405,25,20,20
33,7687,0.0005658899992494055,9.438807926140176e-07,0.19971921482318816,0.7997139512967695,25,20,20
33,7688,0.0005658899992486207,9.438807926127111e-07,0.19972419661994267,0.7997089695000159,25,20,20
33,7689,0.0005658899992486197,9.438807926866813e-07,0.1997241651954401,0.7997090009245185,25,20,20
33,7690,0.0005658899992454257,9.438807883217734e-07,0.19971763974714427,0.7997155263728217,25,20,20
33,7691,0.0008248572768937351,9.243150351937259e-07,0.1994560962145049,0.7997181221935662,25,20,20
33,7692,0.0008248572768937482,9.243150394840424e-07,0.199456291461692,0.7997179269463749,25,20,20
33,7693,0.0008248572768937201,9.243150394100944e-07,0.19945636235111708,0.7997178560569498,25,20,20
33,7694,0.0008248572794891296,9.243152840382845e-07,0.1993287002133733,0.7998455181918536,25,20,20
33,7695,0.000824857279534609,9.243152840394496e-07,0.19942091835348652,0.7997533000516946,25,20,20
33,7696,0.000824857279537804,9.243155286349736e-07,0.19942565992041558,0.799748558484518,25,20,20
33,7697,0.0008248572797187334,9.243155328962337e-07,0.1996919184400459,0.7994822999647024,25,20,20
33,7698,0.0008248572796708576,9.243155371114139e-07,0.1995998130743971,0.7995744053303949,25,20,20
33,7699,0.0008248572796732541,9.243155328937712e-07,0.1995996993495099,0.7995745190552839,25,20,20
33,7700,0.02897015598850711,9.243001350822351e-07,0.17145440072825863,0.7995745189830993,25,20,20
33,7701,0.028970155991102215,9.243001394458553e-07,0.17145643531376442,0.7995724843949938,25,20,20
33,7702,0.028970155991102215,9.243001393718966e-07,0.17144985888085773,0.7995790608279003,25,20,20
33,7703,0.028970155991105372,9.243001436496062e-07,0.17157923964471858,0.7994496800640323,25,20,20
33,7704,0.02897015599110539,9.243001436350464e-07,0.17158183255848095,0.7994470871502699,25,20,20
33,7705,0.028970155991102708,9.242998990549098e-07,0.18556362037737056,0.7854652993316273,25,20,20
33,7706,0.028970155991102753,9.242998948398438e-07,0.1855700827972186,0.7854588369117834,25,20,20
33,7707,0.02897015599110599,9.242998948411874e-07,0.18557019055395063,0.7854587291550481,25,20,20
33,7708,0.028970155991105206,9.242996502272711e-07,0.1855700758537018,0.7854588438555423,25,20,20
33,7709,0.02897015599092747,9.242996501805975e-07,0.1853084392493978,0.7857204804600241,25,20,20
33,7710,0.028970155990927414,9.242996501053057e-07,0.18530843816331263,0.7857204815461093,25,20,20
33,7711,0.056954116085892174,8.762892601102384e-07,0.15732452605747135,0.7857204815673762,25,20,20
33,7712,0.0569541160858957,8.769914527838474e-07,0.1619841158381973,0.7810608910844536,25,20,20
33,7713,0.056954116085895665,8.769914570749777e-07,0.1619887374738396,0.7810562694488071,25,20,20
33,7714,0.05695411608589571,8.769914570749776e-07,0.16198881873300383,0.7810561881896428,25,20,20
33,7715,0.06864958078450628,8.769828706079936e-07,0.15029325775697047,0.7810562844756523,25,20,20
33,7716,0.06864958078450277,8.762806780091837e-07,0.14563817488152744,0.7857113680532914,25,20,20
33,7717,0.06864958078449951,8.762806780091373e-07,0.14563815302531846,0.7857113899095037,25,20,20
33,7718,0.06864958078449637,8.762806780091601e-07,0.14563815254925222,0.785711390385573,25,20,20
33,7719,0.06864958078449637,8.762806780091601e-07,0.14563815254925225,0.7857113903855732,25,20,20
33,7720,0.06864958078190125,8.762806737182013e-07,0.1456380209351369,0.785711522002288,25,20,20
33,7721,0.06864958078190125,8.762806736442423e-07,0.1456314181680473,0.7857181247693776,25,20,20
33,7722,0.06864958078196605,8.762806736974298e-07,0.142948181719127,0.7884013612182332,25,20,20
33,7723,0.06864958078214832,8.762809131588602e-07,0.1430737556659326,0.7882757872710058,25,20,20
33,7724,0.06864958078214832,8.762809131601802e-07,0.14307375425005708,0.7882757886868813,25,20,20
33,7725,0.06864958078233005,8.762809174419322e-07,0.14316598292518826,0.7881835600115642,25,20,20
33,7726,0.06864958078233081,8.762811555638712e-07,0.14353507567105986,0.7878144672654537,25,20,20
33,7727,0.06864958078219463,8.762811556475454e-07,0.14344442959090706,0.7879051133457424,25,20,20
33,7728,0.06864958078234984,9.07799485818869e-07,0.15548579531390552,0.7758637161042587,25,20,20
33,7729,0.06864958078234983,9.077994815272546e-07,0.15548571251421942,0.7758637989039491,25,20,20
33,7730,0.06864958078234988,9.077994816025235e-07,0.15548574582161248,0.7758637655965558,25,20,20
33,7731,0.06864958078216755,9.077992378492682e-07,0.155728572306267,0.7756209391123273,25,20,20
33,7732,0.08088326729571327,6.005517944886203e-06,0.14348936167801848,0.7756213655083228,25,20,20
33,7733,0.08088326729571482,6.005517949139105e-06,0.1438628136378782,0.7752479135484573,25,20,20
33,7734,0.08088326729571482,6.005517949213068e-06,0.1438675134732987,0.7752432137130368,25,20,20
33,7735,0.0686516622310261,8.598002149727565e-07,0.1561046905630759,0.7752427874056826,25,20,20
33,7736,0.06865166223098056,8.598002106060105e-07,0.1561031093839731,0.7752443685848354,25,20,20
33,7737,0.06865166237839604,8.598004544296217e-07,0.1562464430827621,0.775101034738387,25,20,20
33,7738,0.06865166237839683,8.598004501397974e-07,0.15624185683306188,0.7751056209880908,25,20,20
33,7739,0.06865166237839687,8.598004502137596e-07,0.156246443739458,0.7751010340816944,25,20,20
33,7740,0.06865166237839687,8.598004502137684e-07,0.15624185778251076,0.7751056200386417,25,20,20
33,7741,0.06865166237839292,8.598002078006307e-07,0.15586805948270396,0.7754794183386948,25,20,20
33,7742,0.07969392578556703,8.601688275935833e-07,0.14482579397921952,0.7754794200663855,25,20,20
33,7743,0.07969392563815154,8.601685837699495e-07,0.14468234642116126,0.775622867772103,25,20,20
33,7744,0.07969392563815239,8.601685837719697e-07,0.14431090998580673,0.7759943042074567,25,20,20
33,7745,0.07969392563815234,8.601685837706719e-07,0.14431090996076773,0.7759943042324958,25,20,20
33,7746,0.07969392563815234,8.601685879112835e-07,0.14431554159185828,0.7759896726014013,25,20,20
33,7747,0.07969392563555698,8.601683432967355e-07,0.14431605407861106,0.7759891601174885,25,20,20
33,7748,0.07969392563555693,8.601683432227188e-07,0.1443160520750513,0.7759891621210484,25,20,20
33,7749,0.07969392563555697,8.601683432240167e-07,0.144316051975472,0.7759891622206276,25,20,20
33,7750,0.07969392563555697,8.601683432240167e-07,0.14431621714562826,0.7759889970504714,25,20,20
33,7751,0.07969392563573909,8.601683432992841e-07,0.14432283079496566,0.7759823834009518,25,20,20
33,7752,0.1187019105173669,4.196971839181711e-08,0.10531564105021594,0.7759824064626989,25,20,20
33,7753,0.11870191051736605,4.1969718316528835e-08,0.10531397434597269,0.7759840731669431,25,20,20
33,7754,0.1187019105173693,4.196972253242302e-08,0.10531397670485607,0.7759840708080522,25,20,20
33,7755,0.11870191051737242,4.196972253275418e-08,0.10531089034150995,0.7759871571713951,25,20,20
33,7756,0.11870191051737237,4.196971824267124e-08,0.10531079809582657,0.7759872494170829,25,20,20
33,7757,0.11870191051737079,4.1969713988519216e-08,0.1049372663372888,0.7763607811756262,25,20,20
33,7758,0.11870191066529152,4.1969962863485694e-08,0.10494182132854915,0.7763562260361963,25,20,20
33,7759,0.11870191066544669,4.196996292720454e-08,0.11101480280973641,0.7702832445548538,25,20,20
33,7760,0.11870191066544664,4.196996285323303e-08,0.11101468359874095,0.7702833637658493,25,20,20
33,7761,0.11870191066549216,4.196996714612509e-08,0.1110148544808097,0.7702831928837307,25,20,20
33,7762,0.11870191067571635,1.0451632921661333e-08,0.09884570469812229,0.7824523741745283,25,20,20
33,7763,0.1243063733089995,1.1162627615505303e-08,0.093241238655537,0.7824523768728349,25,20,20
33,7764,0.12430637330899948,1.1162627541568758e-08,0.09323471490266497,0.7824589006257071,25,20,20
33,7765,0.09453118926802521,1.6643973954943726e-05,0.12299333719076917,0.7824588295672499,25,20,20
33,7766,0.09453118926806992,1.6643974199463412e-05,0.12299805480140703,0.7824541119563228,25,20,20
33,7767,0.09453118926806992,1.6643974199464757e-05,0.12299797206952379,0.782454194688206,25,20,20
33,7768,0.09453118926806668,1.66439741951749e-05,0.12299338235611933,0.7824587844016179,25,20,20
33,7769,0.09453118926806668,1.6643974195176165e-05,0.12299346994659546,0.7824586968111418,25,20,20
33,7770,0.09453118926806664,1.6643974195100908e-05,0.12298697903882504,0.7824651877189123,25,20,20
33,7771,0.09453118926806715,1.6643974354289766e-05,0.13695677273792012,0.7684953940196589,25,20,20
33,7772,0.09453118926806715,1.6643974354289766e-05,0.13695677273792012,0.7684953940196589,25,20,20
33,7773,0.09453118926806794,1.664397435865486e-05,0.1369613624376176,0.7684908043199563,25,20,20
33,7774,0.08898506464832852,1.664324891991252e-05,0.14250749454789802,0.7684907975548544,25,20,20
33,7775,0.08900765726833569,1.6643249327076207e-05,0.138195361731196,0.7727803377511421,25,20,20
33,7776,0.08900765726833562,1.6643249331291236e-05,0.13819393543976854,0.7727817640425653,25,20,20
33,7777,0.08900765726833564,1.6643249331440476e-05,0.13819401718707042,0.7727816822952631,25,20,20
33,7778,0.08900766566874033,1.6643263062151316e-05,0.12437839329807318,0.7865972977701249,25,20,20
33,7779,0.08900766581492746,1.6644049215008074e-05,0.11873977339834556,0.7922359167375111,25,20,20
33,7780,0.08900766581488194,1.6644049215006753e-05,0.11873979848363744,0.7922358916522648,25,20,20
33,7781,0.08557808032313392,1.6648540348186938e-05,0.12216815618653872,0.7922371149499798,25,20,20
33,7782,0.08557808032313392,1.66485403482622e-05,0.12217285731856464,0.7922324138179537,25,20,20
33,7783,0.08526417921743451,1.663866083143292e-05,0.12248936417212146,0.792229817949614,25,20,20
33,7784,0.08526417921725246,1.663866083557349e-05,0.12248733879817326,0.7922318433237401,25,20,20
33,7785,0.08526417921725246,1.6638660831283194e-05,0.12248725603249579,0.7922319260894217,25,20,20
33,7786,0.08526417906937679,1.6683447914884253e-05,0.12293546652427649,0.7917836709584329,25,20,20
33,7787,0.07584207824896952,6.417165505098524e-08,0.13237059800070894,0.7917872595786671,25,20,20
33,7788,0.07584207824896957,6.41716550523285e-08,0.1323706264402462,0.79178723113913,25,20,20
33,7789,0.07581948578876775,1.0914072489042074e-07,0.12568352535334948,0.7984968797171588,25,20,20
33,7790,0.07581948577838596,1.0914072474087211e-07,0.12581130525932818,0.7983690998215619,25,20,20
33,7791,0.07581948577838592,1.0914072474087189e-07,0.1258178832563592,0.7983625218245308,25,20,20
33,7792,0.0758194857783867,1.0914072903047793e-07,0.12581788276685146,0.7983625223140336,25,20,20
33,7793,0.07581948561851613,6.417125204994837e-08,0.12551134611519463,0.7986691040950379,25,20,20
33,7794,0.07581948547217379,6.338509912946929e-08,0.125076905431497,0.7991035457112308,25,20,20
33,7795,0.07581948547217454,6.338534363771894e-08,0.12508349460308912,0.7990969565393934,25,20,20
33,7796,0.07581948547217532,6.338534778009321e-08,0.12508360812792219,0.7990968430145554,25,20,20
33,7797,0.07581948547212981,6.338510318386694e-08,0.12507881316500144,0.7991016379777662,25,20,20
33,7798,0.10922912840154647,7.195728191468425e-08,0.09160214149078831,0.7991686581503843,25,20,20
33,7799,0.1207410181493282,5.103350570250611e-06,0.08006478141008408,0.7991890970900168,25,20,20
33,7800,0.1245886012489244,5.098682360714613e-06,0.07621845056026198,0.7991878495084523,25,20,20
33,7801,0.12458860124896992,5.098682360789884e-06,0.07621853003020793,0.7991877700384609,25,20,20
33,7802,0.1249106577059337,5.0983137421445115e-06,0.07589647564006663,0.7991877683402572,25,20,20
33,7803,0.1249106577059337,5.098313742143193e-06,0.07589639458912968,0.7991878493911941,25,20,20
33,7804,0.13056225228838383,5.099065800824559e-06,0.07024479922937961,0.7991878494164354,25,20,20
33,7805,0.13056225228838303,5.0990657966088964e-06,0.07024047084438359,0.7991921778014364,25,20,20
33,7806,0.13056225228856516,5.099065796759449e-06,0.07024275224101875,0.799189896404619,25,20,20
33,7807,0.13056225228856516,5.099079643207479e-06,0.07050443938233325,0.7989282092494581,25,20,20
33,7808,0.13056225228856516,5.0990796431322184e-06,0.07049973954671543,0.7989329090850761,25,20,20
33,7809,0.13056224388815998,5.099065753231202e-06,0.07034548927136804,0.7990871677747183,25,20,20
33,7810,0.13056224388815996,5.099065753231204e-06,0.07034544923325634,0.7990872078128303,25,20,20
33,7811,0.13056224388815996,5.0990657532298845e-06,0.07034536818231939,0.7990872888637671,25,20,20
33,7812,0.1305622438881632,5.099065753306442e-06,0.07035010508077826,0.7990825519653049,25,20,20
33,7813,0.13056224388816642,5.0990657533817355e-06,0.07035026759414448,0.7990823894519353,25,20,20
33,7814,0.13056224388816562,5.0990655088734865e-06,0.07034367841358559,0.7990889786327396,25,20,20
33,7815,0.13056224388816642,5.099065513062872e-06,0.07059525776217063,0.7988373992841495,25,20,20
33,7816,0.13056224388816642,5.099065753366232e-06,0.07059989601414612,0.7988327610319337,25,20,20
33,7817,0.13056224388816642,5.099065753365419e-06,0.07059538912113376,0.7988372679249462,25,20,20
33,7818,0.1248502658301396,5.0991762569899355e-06,0.07630736713052637,0.7988372678630767,25,20,20
33,7819,0.12485026583013958,5.099176252699595e-06,0.07630725096107889,0.7988373840325285,25,20,20
33,7820,0.12485026583013877,5.099176252624552e-06,0.07617783434348302,0.7989668006501254,25,20,20
33,7821,0.12485026583013878,5.0991762526245556e-06,0.07617567207009675,0.7989689629235116,25,20,20
33,7822,0.12485026583013883,5.099176252698528e-06,0.07617564071391186,0.7989689942796963,25,20,20
33,7823,0.12996564755189077,5.439790440040382e-08,0.07108931708314366,0.7989449809670607,25,20,20
33,7824,0.12996564755193307,5.4397904400376835e-08,0.07109131431981028,0.7989429837303519,25,20,20
33,7825,0.152344789725408,5.424788949146317e-08,0.048712211761869,0.7989429442648333,25,20,20
33,7826,0.15234478972540796,5.4247644896510844e-08,0.04870737684145063,0.7989477791854962,25,20,20
33,7827,0.1523447897254079,5.424764482254046e-08,0.04870732082318236,0.7989478352037647,25,20,20
33,7828,0.15234478972540794,5.424764916039085e-08,0.04897365409321516,0.7986815019337274,25,20,20
33,7829,0.1363109171332689,5.4355748501353586e-08,0.06500587647655348,0.7986831520344289,25,20,20
33,7830,0.13417922681185243,4.5778178298262335e-08,0.06720457627015748,0.798616151139811,25,20,20
33,7831,0.1341792268118564,4.5792074038831684e-08,0.06734186253816529,0.7984788648579035,25,20,20
33,7832,0.1341792268118572,4.579207411412326e-08,0.06734199134271536,0.7984787360533526,25,20,20
33,7833,0.13417922681181293,1.004984707184729e-09,0.0671532981294477,0.7986674740537539,25,20,20
33,7834,0.13417922681181293,1.004984708482462e-09,0.06715337860479635,0.7986673935784053,25,20,20
33,7835,0.16249380599138274,2.0566978626036015e-07,0.038837615458831735,0.7986683728799986,25,20,20
33,7836,0.16249380599138202,2.0566978196874577e-07,0.03883750068091705,0.7986684876579183,25,20,20
33,7837,0.16249380599138127,2.0566977778067856e-07,0.038587427632662714,0.7989185607061776,25,20,20
33,7838,0.1624938059913805,2.05655882188862e-07,0.038579661781369866,0.7989263265713669,25,20,20
33,7839,0.15068067938835805,4.0785090829924795e-07,0.05039162216550354,0.7989272905952295,25,20,20
33,7840,0.1506806793883613,4.0785090837451255e-07,0.05039475905723318,0.7989241537034966,25,20,20
33,7841,0.15068067938831656,4.078509126648494e-07,0.05038814746912422,0.7989307652916459,25,20,20
33,7842,0.15068067938831659,4.0785091266485015e-07,0.05038806909241466,0.7989308436683555,25,20,20
33,7843,0.15068067938831653,4.078525460228575e-07,0.08568524919330434,0.7636336635658338,25,20,20
33,7844,0.15068067938831656,4.078525460981719e-07,0.08568536450509535,0.7636335482540427,25,20,20
33,7845,0.15068067938827107,4.0785255031271273e-07,0.08568987469421131,0.7636290380649677,25,20,20
33,7846,0.15068067938827187,4.0785279258009544e-07,0.08606288130381817,0.7632560314551178,25,20,20
33,7847,0.13036069430044558,4.53402063711244e-07,0.10638435927623442,0.7632544930212564,25,20,20
33,7848,0.1303606943004424,4.5340205941979623e-07,0.1063827265286796,0.7632561257688188,25,20,20
33,7849,0.13036069430044245,4.534020594211164e-07,0.1063827265638169,0.7632561257336815,25,20,20
33,7850,0.1303606943004424,4.533882086832548e-07,0.10612294229719872,0.7635159100141502,25,20,20
33,7851,0.13036095189995922,4.53494914132309e-07,0.11072678720166758,0.7589118074034589,25,20,20
33,7852,0.13036095189995933,4.5350858432060196e-07,0.11044300944945222,0.759195585142004,25,20,20
33,7853,0.13036095191030778,4.5350907198014916e-07,0.11057285073162258,0.7590657438489976,25,20,20
33,7854,0.13036095191030778,4.535090720554641e-07,0.11057285210118857,0.7590657424794314,25,20,20
33,7855,0.13036095191030778,4.5350907212945783e-07,0.11056636095110284,0.7590722336295171,25,20,20
33,7856,0.13036095191030778,4.5350907205546304e-07,0.11056639296549792,0.759072201615122,25,20,20
33,7857,0.13036095191035324,4.535093167243782e-07,0.11057114600077,0.7590674485795597,25,20,20
33,7858,0.12722625671528145,0.0007750035376922024,0.11293140216514529,0.7590673375818805,25,20,20
33,7859,0.12722625671509932,0.0007750035376920529,0.11292920181944698,0.7590695379277611,25,20,20
33,7860,0.12722599919711652,0.000775003538818865,0.11302177521010187,0.7589772220539622,25,20,20
33,7861,0.1272259991971165,0.000775003538818865,0.11302188701425889,0.7589771102498054,25,20,20
33,7862,0.1272262669685955,0.0007752912352851861,0.11302165550824071,0.7589767862878781,25,20,20
33,7863,0.12722626696859313,0.0007752912352850373,0.11290103199808917,0.7590974097980323,25,20,20
33,7864,0.13194349993426158,0.0007752913174939455,0.10818377457139511,0.7590974341768496,25,20,20
33,7865,0.13194349993426077,0.0007752913177341885,0.10818601244985004,0.759095196298155,25,20,20
33,7866,0.13194349993426077,0.0007752913177298999,0.10818139148220043,0.7590998172658088,25,20,20
33,7867,0.1438305014599636,0.0007750891196061228,0.09629555617847892,0.7590988532419516,25,20,20
33,7868,0.1438305014600083,0.000775089119363129,0.09602935964881752,0.7593650497718112,25,20,20
33,7869,0.14383050146000828,0.0007750891193631288,0.09603001638815481,0.7593643930324738,25,20,20
33,7870,0.14383050146000828,0.0007750891193630535,0.09602990111181446,0.7593645083088143,25,20,20
33,7871,0.1438305014600091,0.0007750899121624589,0.09612971956489584,0.7592646890629325,25,20,20
33,7872,0.14383024405142955,0.0007748021106014293,0.09613163651805502,0.7592633173199141,25,20,20
33,7873,0.143830244051432,0.0007748021106014278,0.0962242603744146,0.7591706934635519,25,20,20
33,7874,0.143830244051432,0.0007748021106014263,0.09622209841864553,0.759172855419321,25,20,20
33,7875,0.14383024405143108,0.0007748020966888969,0.0961327557033764,0.7592621981485036,25,20,20
33,7876,0.1438302440514311,0.0007748020966888954,0.09650576054367345,0.7588891933082064,25,20,20
33,7877,0.1659455540417724,0.0007748135482779545,0.07439043816373735,0.758889194246212,25,20,20
33,7878,0.1699291505102259,0.0007748135545105689,0.07040688537537569,0.7588891505598876,25,20,20
33,7879,0.1699291505102251,0.0007748127617110907,0.0703069930044964,0.7589890437235671,25,20,20
33,7880,0.18633276108312916,0.0007748016557973288,0.05390339446570877,0.7589890427953645,25,20,20
33,7881,0.1863327610830836,0.0007748016557972535,0.05390335295211449,0.7589890843090045,25,20,20
33,7882,0.1863327610830837,0.0007748016557973276,0.053903466806621086,0.7589889704544978,25,20,20
33,7883,0.18633276108311692,0.0007748016553182509,0.05377534133748154,0.759117095924083,25,20,20
33,7884,0.18633276108311692,0.0007748016553183263,0.05377545661382193,0.7591169806477426,25,20,20
33,7885,0.1863327610831177,0.0007748016553183275,0.05377546082180474,0.759116976439759,25,20,20
33,7886,0.1863327610831177,0.0007748016553183263,0.053775348935537634,0.759117088326026,25,20,20
33,7887,0.18633276108311453,0.0007748016553225407,0.05377873702397142,0.7591137002375912,25,20,20
33,7888,0.18633276108311445,0.0007748016553226129,0.053908176076059515,0.758984261185503,25,20,20
33,7889,0.16357751016149158,0.0007748018572117307,0.07666338769431263,0.7589843002869834,25,20,20
33,7890,0.16357751016149166,0.0007748018572117307,0.07666489611343676,0.7589827918678593,25,20,20
33,7891,0.16357751015111002,0.0007748018572074376,0.07666776796591193,0.7589799200257701,25,20,20
33,7892,0.16357751015111,0.0007748018572075116,0.07666622823639155,0.7589814597552903,25,20,20
33,7893,0.16357751015111005,0.0007748018572075118,0.07653682188553047,0.7591108661061514,25,20,20
33,7894,0.1634492427368258,0.0007748018587675934,0.07666508928350875,0.7591108661208973,25,20,20
33,7895,0.16344924273682576,0.0007748018587633776,0.07666050100811944,0.7591154543962908,25,20,20
33,7896,0.16344924273678021,0.0007748018585187087,0.07665577994046183,0.7591201754642387,25,20,20
33,7897,0.16344924273678021,0.0007748018585187827,0.07665581475172814,0.7591201406529723,25,20,20
33,7898,0.1634492427367802,0.0007748018585187074,0.07665578134754741,0.7591201740571532,25,20,20
33,7899,0.1634492427367801,0.0007748018585187047,0.07665573987708818,0.7591202155276126,25,20,20
33,7900,0.16344924288423562,0.0007748018585229967,0.0765220082549748,0.7592539470022658,25,20,20
33,7901,0.1634492428842357,0.0007748018587653406,0.0768951302131231,0.7588808250438751,25,20,20
33,7902,0.1634492428842357,0.000774801858765268,0.07689971664773695,0.7588762386092612,25,20,20
33,7903,0.16344924288423573,0.000774801858765194,0.07690625261256043,0.7588697026444379,25,20,20
33,7904,0.16345534968316788,0.0007748018588699421,0.07690014584302979,0.7588697026149318,25,20,20
33,7905,0.16345534968316788,0.0007748018586254085,0.07689786799748383,0.7588719804607222,25,20,20
33,7906,0.16345534968316788,0.0007748018586296988,0.07689795077195068,0.7588718976862512,25,20,20
33,7907,0.1857095180146227,0.0007748019184606467,0.05464382148999844,0.7588718585769177,25,20,20
33,7908,0.19647952516014397,0.000775727756142963,0.043868379204158446,0.7588763678795545,25,20,20
33,7909,0.19645899923236407,0.0007757328242381716,0.043888899230630454,0.7588763687127671,25,20,20
33,7910,0.19645899923236088,0.0007757328242380963,0.04388873671726429,0.7588765312261364,25,20,20
33,7911,0.1964589992323608,0.0007757328242422725,0.0442617574445201,0.7585035104988765,25,20,20
33,7912,0.19645899923217924,0.0007757328242421238,0.04413230988398012,0.7586329580595981,25,20,20
33,7913,0.19645899923217933,0.0007757328242421265,0.04413239047044911,0.7586328774731291,25,20,20
33,7914,0.19645899923217855,0.0007757328242421251,0.04412360601138673,0.7586416619321923,25,20,20
33,7915,0.19645899923217855,0.0007757328242421251,0.04412352413026027,0.7586417438133188,25,20,20
33,7916,0.19645899923217855,0.0007757328242421265,0.04412356320360079,0.7586417047399783,25,20,20
33,7917,0.19645899923217855,0.0007757328242379109,0.04438969888842403,0.7583755690551592,25,20,20
33,7918,0.19645899908472447,0.0007757328242292811,0.04734476606548804,0.755420502025558,25,20,20
33,7919,0.19653319665122418,0.0007757277561362117,0.04727057441504503,0.7554205011775943,25,20,20
33,7920,0.19653319665122276,0.0007757277561405029,0.04418760972775727,0.7585034658648793,25,20,20
33,7921,0.19653319665140484,0.0007757277561405755,0.04419225798957318,0.7584988176028812,25,20,20
33,7922,0.19653319665158694,0.000775727756144792,0.04393063089056823,0.7587604447016997,25,20,20
33,7923,0.19653319665140803,0.00077572775614065,0.04392604237562704,0.7587650332168241,25,20,20
33,7924,0.1965331966514089,0.0007757277563852291,0.04393370020192924,0.7587573753902764,25,20,20
33,7925,0.1965331966515909,0.0007757277563875553,0.04356541385477758,0.7591256617372438,25,20,20
33,7926,0.1965331966515909,0.0007757277563874813,0.043571935551529314,0.7591191400404922,25,20,20
33,7927,0.19653319724052298,0.000775727756383268,0.04375806600456566,0.7589330089985279,25,20,20
33,7928,0.19653319724052615,0.0007757277702946777,0.04384569817904361,0.7588453768101354,25,20,20
33,7929,0.1965362885334683,0.0007757277687588193,0.04384260688790114,0.7588453768098716,25,20,20
33,7930,0.19653628853346589,0.0007757277687586701,0.043842519302852,0.7588454643949233,25,20,20
33,7931,0.19653628853346594,0.0007757277687628875,0.04384477024605275,0.7588432134517182,25,20,20
33,7932,0.19699874696421696,0.0007757277730765086,0.04338231181063251,0.758843213452074,25,20,20
33,7933,0.1969987469642169,0.0007757277730765086,0.04338231175947922,0.7588432135032273,25,20,20
33,7934,0.19699874696439784,0.0007757277733152516,0.04327593014120868,0.7589495951210782,25,20,20
33,7935,0.19699874696439792,0.0007757277733195445,0.043277559216245744,0.7589479660460366,25,20,20
33,7936,0.19800297649419757,0.0007757274189593756,0.04227333004106419,0.7589479660457787,25,20,20
33,7937,0.19800297708425807,0.0007757274189551607,0.04238512569815188,0.7588361697986349,25,20,20
33,7938,0.19800297708425887,0.000775727432895883,0.042386766821426905,0.7588345286614184,25,20,20
33,7939,0.19800297630667876,1.1319027000612125e-06,0.04316136382890419,0.7588345279617168,25,20,20
33,7940,0.1980029763066796,1.131902944643446e-06,0.042794949571882644,0.759200942218493,25,20,20
33,7941,0.1980029763066796,1.131902944643424e-06,0.042788336317021385,0.7592075554733543,25,20,20
33,7942,0.1985076451776841,1.1315503317906183e-06,0.042283667798634336,0.7592075554733497,25,20,20
33,7943,0.1985076451776841,1.1315503317166248e-06,0.04228366640617223,0.7592075568658119,25,20,20
33,7944,0.19850764458762446,1.1315642430212018e-06,0.04225959483871615,0.7592316290094163,25,20,20
33,7945,0.1985076445876268,1.1315503360064401e-06,0.042173773135037826,0.7593174507269993,25,20,20
33,7946,0.19850764458762765,1.1315642753078158e-06,0.04218605362748112,0.7593051702206158,25,20,20
33,7947,0.19850764458762757,1.131564271091455e-06,0.0423132089247643,0.7591780149233369,25,20,20
33,7948,0.1985076445876695,1.1315780798885885e-06,0.0426807837258744,0.7588104401083762,25,20,20
33,7949,0.19850764458766942,1.131578079888566e-06,0.042680782299273225,0.7588104415349772,25,20,20
33,7950,0.19850764458766856,1.1315778353095804e-06,0.042673240342818775,0.7588179834916771,25,20,20
33,7951,0.19850764458766862,1.1315778353835162e-06,0.04267980657446236,0.7588114172600335,25,20,20
33,7952,0.19850764458766856,1.131577835383493e-06,0.042679690704614616,0.7588115331298811,25,20,20
33,7953,0.19850764399873644,1.1315778353085295e-06,0.042487035308147514,0.7590041891152804,25,20,20
33,7954,0.19850764399878204,1.1315778353851648e-06,0.04248711023313696,0.7590041141902453,25,20,20
33,7955,0.19857796455917168,1.1315778075412832e-06,0.042416789247028304,0.759004114615992,25,20,20
33,7956,0.16000903680892262,1.1320594020863652e-06,0.08098558339473963,0.7590042477369349,25,20,20
33,7957,0.15988665494748175,1.1320609664547906e-06,0.08110796483000594,0.7590042481615452,25,20,20
33,7958,0.15988665494748175,1.1320609664560883e-06,0.08110796621743221,0.759004246774119,25,20,20
33,7959,0.15988665494743665,1.1320471532927714e-06,0.08073378747597033,0.759378425529439,25,20,20
33,7960,0.1598866549474398,1.1320471532917128e-06,0.08060896888969497,0.7595032441157111,25,20,20
33,7961,0.1491555282553959,1.1507873094296298e-06,0.09133903006108629,0.7595042908962083,25,20,20
33,7962,0.1491555282552138,1.1507870647593753e-06,0.09133431038758236,0.759509010570139,25,20,20
33,7963,0.14921753156723955,1.1762613642795248e-06,0.09127215940372503,0.7595091327676718,25,20,20
33,7964,0.1492175319952312,1.1762712098759455e-06,0.10206430262667954,0.7487169891068798,25,20,20
33,7965,0.14921753199522794,1.1762712098021486e-06,0.10197152492183198,0.7488097668117306,25,20,20
33,7966,0.18221815700265137,1.1757935196532328e-06,0.06896985939092345,0.7488108078129049,25,20,20
33,7967,0.1822181570026513,1.1757935153617848e-06,0.06896811788741782,0.748812549316415,25,20,20
33,7968,0.1822181570026513,1.1757935152865514e-06,0.0689615137847174,0.7488191534191155,25,20,20
33,7969,0.1826244099649041,4.4786844218125317e-08,0.06856178467159477,0.7488137605766565,25,20,20
33,7970,0.18335545842766623,1.352184078640717e-06,0.06782943954279697,0.7488137498454576,25,20,20
33,7971,0.14814354975541266,1.3522162351166263e-06,0.10303177575838424,0.7488233222699684,25,20,20
33,7972,0.14804432697213873,1.3518761910308939e-06,0.10313109296563043,0.7488232281860401,25,20,20
33,7973,0.14804432697218348,1.3518622503087545e-06,0.10312291621138873,0.7488314049541779,25,20,20
33,7974,0.14804432697218348,1.3518622503074569e-06,0.10312283572172604,0.7488314854438404,25,20,20
33,7975,0.14804432709526785,1.3518599433309165e-06,0.10975145741594487,0.7422028636288444,25,20,20
33,7976,0.1480443270952679,1.3518599434062084e-06,0.10975145883366227,0.7422028622111269,25,20,20
33,7977,0.1480443270952679,1.3518599476212557e-06,0.1097515401908415,0.7422027808539434,25,20,20
33,7978,0.1480443270952687,1.3518599519115756e-06,0.10975160871097399,0.7422027123338055,25,20,20
33,7979,0.1480443270952687,1.3518599562032122e-06,0.10975180536992933,0.742202515674846,25,20,20
33,7980,0.1480443270952679,1.3518597116196935e-06,0.10974510090293227,0.7422092201420886,25,20,20
33,7981,0.14804432709786886,1.3518457766837042e-06,0.10973523025754126,0.7422190907988133,25,20,20
33,7982,0.14804432709782325,1.3518457766071146e-06,0.10973507627368922,0.7422192447827111,25,20,20
33,7983,0.14804432697769604,1.3518481187786113e-06,0.10301802098935138,0.7489363001848338,25,20,20
33,7984,0.14804432697769285,1.3518481187786176e-06,0.10301493891992251,0.7489393822542657,25,20,20
33,7985,0.1480443269751207,1.3518571882489786e-06,0.11698236920271722,0.7349719519649739,25,20,20
33,7986,0.14804432697512077,1.3518571883229502e-06,0.11698248305722388,0.734971838110467,25,20,20
33,7987,0.18326671933921063,1.351825027829235e-06,0.08176966318019964,0.7349622656555614,25,20,20
33,7988,0.18326671933921068,1.3518250321195975e-06,0.08176985845176485,0.7349620703839918,25,20,20
33,7989,0.22243904635593736,1.879773031795411e-08,0.04259897592815242,0.7349619589181796,25,20,20
33,7990,0.2224390463559381,1.879772610290634e-08,0.04259889658339018,0.7349620382629454,25,20,20
33,7991,0.22223807667889972,1.8800906319389592e-08,0.042799865822485655,0.7349620386977078,25,20,20
33,7992,0.2222380766787208,1.8800906320672506e-08,0.04279521889630071,0.7349666856240717,25,20,20
33,7993,0.22828231530298074,1.888777989159545e-08,0.03675215430688475,0.7349655115023545,25,20,20
33,7994,0.20812243463200378,6.036837288656686e-07,0.05690866205348288,0.7349682996307841,25,20,20
33,7995,0.20808284607372696,6.037548533616705e-07,0.056948250701298664,0.7349682994701204,25,20,20
33,7996,0.20808284607372687,6.037548575773285e-07,0.05695474132399399,0.7349618088474211,25,20,20
33,7997,0.20808284607372696,6.037548575799476e-07,0.056954768467031666,0.734961781704383,25,20,20
33,7998,0.2080928563366842,6.037508797317371e-07,0.06836058979291032,0.7235459501195245,25,20,20
33,7999,0.20808284607629665,6.037457923241699e-07,0.04298818537324284,0.7489283648046674,25,20,20
33,8000,0.20808284607629665,6.037457923967887e-07,0.0429928575089486,0.7489236926689616,25,20,20
33,8001,0.2080910381267359,6.03654905789116e-07,0.042984665549795714,0.7489236926685617,25,20,20
33,8002,0.20809103812673668,6.03654901648727e-07,0.042978215037455886,0.7489301431809051,25,20,20
33,8003,0.2080910381267399,6.036549059403182e-07,0.042978410290553375,0.7489299479278002,25,20,20
33,8004,0.20783883643083706,6.036549347265821e-07,0.043230587022340436,0.7489299728918871,25,20,20
33,8005,0.20783883643079154,6.036549347252614e-07,0.04323052059278429,0.7489300393214887,25,20,20
33,8006,0.20783883643079154,6.036549388676355e-07,0.04323056189129746,0.7489299980229714,25,20,20
33,8007,0.1954232946070424,6.039021888968565e-07,0.05564516659584588,0.748930934894922,25,20,20
33,8008,0.1954232946070424,6.039021888981543e-07,0.055645166595820424,0.7489309348949474,25,20,20
33,8009,0.19520174006656965,6.049438161999474e-07,0.05586672001951194,0.7489309349701015,25,20,20
33,8010,0.19520173963839713,6.049337318997874e-07,0.044814459797666545,0.7599831956302039,25,20,20
33,8011,0.19520173963840035,6.049337319024056e-07,0.04481446243974416,0.759983192988123,25,20,20
33,8012,0.19520173963840026,6.049337319024143e-07,0.044809843631377036,0.7599878117964903,25,20,20
33,8013,0.19520173963840026,6.049337318284431e-07,0.04480976255081579,0.7599878928770515,25,20,20
33,8014,0.19520173963839949,6.049337319023679e-07,0.044809815874807715,0.7599878395530603,25,20,20
33,8015,0.1952017396383995,6.049337318270998e-07,0.04480973587894523,0.7599879195489229,25,20,20
33,8016,0.1952017396383995,6.049337275368063e-07,0.04480957860577725,0.7599880768220955,25,20,20
33,8017,0.19416947946932314,6.049398250027735e-07,0.04584183708239019,0.7599880785084614,25,20,20
33,8018,0.19416947946932314,6.049398250027735e-07,0.04584183708239019,0.7599880785084614,25,20,20
33,8019,0.19416947946932306,6.049398207124345e-07,0.04584164181104139,0.7599882737798146,25,20,20
33,8020,0.21403634167453503,2.0143871731547175e-08,0.025978152530208073,0.759985485651385,25,20,20
33,8021,0.21403634167453503,2.0143867515888837e-08,0.02597163030597662,0.7599920078756207,25,20,20
33,8022,0.21403634167453744,2.0143867440597593e-08,0.025971622053680136,0.759992016127915,25,20,20
33,8023,0.21403634167453667,2.0143863148984007e-08,0.025971427448045623,0.7599922107335544,25,20,20
33,8024,0.21440143882661927,2.0067994059600867e-08,0.02560633107054598,0.7599922100348404,25,20,20
33,8025,0.21440143882662174,2.0067993984377956e-08,0.02560637372421942,0.7599921673811647,25,20,20
33,8026,0.2141967975279764,2.006799592322428e-08,0.025811015022336216,0.7599921673816914,25,20,20
33,8027,0.21419679753833143,2.0068000128366978e-08,0.025901701818512587,0.7599014805751558,25,20,20
33,8028,0.21419679753832824,2.0068004418689057e-08,0.0259017350589744,0.7599014473346928,25,20,20
33,8029,0.21419679753832827,2.0068004493957116e-08,0.025901850255189273,0.759901332138478,25,20,20
33,8030,0.21419679753832827,2.0068004492682546e-08,0.025901886854298475,0.7599012955393687,25,20,20
33,8031,0.2145197604768262,1.9007979565324593e-08,0.025578926698296534,0.7599012938168975,25,20,20
33,8032,0.19880319241265262,6.637045026738114e-07,0.04129474035703623,0.7599014035258079,25,20,20
33,8033,0.19880319241265185,6.637044983808519e-07,0.041294721148113674,0.7599014227347357,25,20,20
33,8034,0.16121793459421532,6.644083070633952e-07,0.078879979948606,0.7599014210488707,25,20,20
33,8035,0.16099088931044497,1.9715271079569943e-08,0.07910777966486943,0.7599013113094136,25,20,20
33,8036,0.16099088931044497,1.9715275371206696e-08,0.07910781312608042,0.7599012778481984,25,20,20
33,8037,0.16099088931044173,1.971527544513195e-08,0.0791077310604601,0.759901359913822,25,20,20
33,8038,0.16099088931044173,1.9715271153466596e-08,0.07910759073115707,0.7599015002431293,25,20,20
33,8039,0.16029134610391593,3.154755738966733e-08,0.07962699353646875,0.7600816288120571,25,20,20
33,8040,0.16029134610391593,3.154755746493625e-08,0.07962707601473143,0.7600815463337944,25,20,20
33,8041,0.17694856253326732,1.971145651752259e-08,0.06314999999039958,0.7599014177648757,25,20,20
33,8042,0.17694856253067118,1.971144801149262e-08,0.06315140513446296,0.7599000126234171,25,20,20
33,8043,0.164046949032027,3.0070411448731466e-08,0.07303915752715481,0.762913863370406,25,20,20
33,8044,0.13752928500562958,2.023002339187426e-08,0.10257067966847751,0.7599000150958699,25,20,20
33,8045,0.13752928500562958,2.0230019101557612e-08,0.10257048439755861,0.7599002103667931,25,20,20
33,8046,0.13752928500562958,2.023001910290008e-08,0.10257059627365848,0.7599000984906933,25,20,20
33,8047,0.1373991062133708,2.0230020561207062e-08,0.1027007750584696,0.7599000984981393,25,20,20
33,8048,0.13739910621337081,2.023002063647511e-08,0.10270088827130767,0.7598999852853011,25,20,20
33,8049,0.13739910621337073,2.0230020561183884e-08,0.10270085345959089,0.759900020097018,25,20,20
33,8050,0.1373991062133708,2.0230024776818916e-08,0.10270737821110036,0.7598934953455043,25,20,20
33,8051,0.1373991062133708,2.023002477552198e-08,0.10270726636827816,0.7598936071883265,25,20,20
33,8052,0.13731128404197993,1.9720573345782276e-08,0.1027950915200819,0.759893604717365,25,20,20
33,8053,0.14804253212619675,9.803901965961992e-10,0.09206490938216338,0.75989255751125,25,20,20
33,8054,0.14804253212619356,9.803860542045344e-10,0.09206941395785236,0.7598880529355684,25,20,20
33,8055,0.13757126794456873,5.114991950504564e-09,0.10254067335723496,0.7598880535832057,25,20,20
33,8056,0.11698212779711253,5.118057693211195e-09,0.12312981189228614,0.7598880551925449,25,20,20
33,8057,0.11698212779711253,5.118057693188029e-09,0.12312989176704332,0.7598879753177876,25,20,20
33,8058,0.11698212779711253,5.118057768479605e-09,0.12312995239121417,0.7598879146936167,25,20,20
33,8059,0.11698212778675432,5.118053485429958e-09,0.12303775794389989,0.7599801091512934,25,20,20
33,8060,0.1169821277867607,5.1180535646375545e-09,0.12303789238272426,0.7599799747124625,25,20,20
33,8061,0.11698212778935596,5.1182981614581636e-09,0.1230423418818327,0.7599755252105141,25,20,20
33,8062,0.11698212778935604,5.118298160182797e-09,0.12304250369214807,0.7599753634001987,25,20,20
33,8063,0.116982127789356,5.118298160183367e-09,0.12304241681823548,0.7599754502741112,25,20,20
33,8064,0.116982127789356,5.118298087508974e-09,0.12304899252956851,0.7599688745627783,25,20,20
33,8065,0.11698212778935685,5.1185425855814065e-09,0.12305743091438945,0.759960436177712,25,20,20
33,8066,0.11704887610734405,5.9817107776986636e-06,0.12298420610005296,0.7599609360818262,25,20,20
33,8067,0.11704887610734405,5.981711022292319e-06,0.12298903957957295,0.7599561026020616,25,20,20
33,8068,0.1170488761073432,5.98171077786954e-06,0.1229805418675944,0.7599646003142856,25,20,20
33,8069,0.11704887610734081,5.981710777795555e-06,0.12297823292771286,0.7599669092541695,25,20,20
33,8070,0.12752149311800584,5.977576171417802e-06,0.11250562069941761,0.7599669086064061,25,20,20
33,8071,0.11002802005606103,5.978602822629628e-06,0.12999987851214942,0.7599661228289674,25,20,20
33,8072,0.11002802005606101,5.978602822554314e-06,0.12999991061052701,0.75996609073059,25,20,20
33,8073,0.1100280200560611,5.9786025780359486e-06,0.12999669878300735,0.759969302558354,25,20,20
33,8074,0.1100280200560611,5.978602577962001e-06,0.12999658493055863,0.7599694164108028,25,20,20
33,8075,0.12496888302576989,5.982988156620016e-06,0.11505452834546183,0.7599706056406121,25,20,20
33,8076,0.12496888302576989,5.982988156621338e-06,0.11505449294968616,0.7599706410363878,25,20,20
33,8077,0.12496888302576989,5.9829881566213156e-06,0.11505449297409782,0.7599706410119761,25,20,20
33,8078,0.12496888302317466,5.982987916240131e-06,0.11505656691460919,0.7599685670743004,25,20,20
33,8079,0.12496888302317466,5.982987916314914e-06,0.11532281876811501,0.7597023152207945,25,20,20
33,8080,0.12496888302317466,5.982987916316212e-06,0.11532286124683039,0.759702272742079,25,20,20
33,8081,0.12496888302317466,5.982987916314917e-06,0.11531625860057071,0.7597088753883388,25,20,20
33,8082,0.12365066392237585,6.031215347418042e-06,0.11662113037363415,0.7597221744886434,25,20,20
33,8083,0.12365066392237901,6.031215351679796e-06,0.11688747304820649,0.7594558318140636,25,20,20
33,8084,0.12447609535694648,8.050331616086196e-08,0.11606849223061134,0.7594553319091267,25,20,20
33,8085,0.12447609535398613,8.04893695561688e-08,0.116071196133763,0.7594526280228817,25,20,20
33,8086,0.12447609535398613,8.048936955619118e-08,0.11607111705586876,0.759452707100776,25,20,20
33,8087,0.12447609535398613,8.04893738445222e-08,0.11607532930192303,0.7594484948547173,25,20,20
33,8088,0.12447609535398307,8.04893696567388e-08,0.11581060611550308,0.7597132180411446,25,20,20
33,8089,0.12447609535398073,8.048936973036329e-08,0.11590281626750645,0.7596210078891432,25,20,20
33,8090,0.1244760953539808,8.048961432401789e-08,0.11590764975403502,0.75961617440237,25,20,20
33,8091,0.14767991903326633,7.921704711112019e-08,0.09270400305406222,0.759615998695625,25,20,20
33,8092,0.1476799190333118,7.921729180029414e-08,0.09270557904688692,0.7596144227025101,25,20,20
33,8093,0.14767991903331185,7.921729187555437e-08,0.09271016446221486,0.7596098372871822,25,20,20
33,8094,0.15358245942034177,7.48302305650649e-08,0.08680881887861075,0.7596086468708172,25,20,20
33,8095,0.15358245942034174,7.483022627545907e-08,0.08680221544303525,0.7596152503063969,25,20,20
33,8096,0.15358245942034177,7.483022619950517e-08,0.08717061743840658,0.7592468483110255,25,20,20
33,8097,0.15358245942037138,7.483022612533768e-08,0.11377383558362818,0.7326436301657742,25,20,20
33,8098,0.11372930337293387,7.573732773108443e-08,0.153626868545018,0.7326437523447207,25,20,20
33,8099,0.11372930337292747,7.573757226577412e-08,0.15362846867823204,0.7326421522112683,25,20,20
33,8100,0.11372930337292736,7.573757218916407e-08,0.153626845595431,0.7326437752940695,25,20,20
33,8101,0.11372930337292735,7.573757218784316e-08,0.15362692006891282,0.7326437008205876,25,20,20
33,8102,0.1532087542399584,7.573789766086884e-08,0.12717114402559962,0.7196200259965444,25,20,20
33,8103,0.11754172379217977,1.26588507248459e-07,0.16283811933309367,0.7196200302862191,25,20,20
33,8104,0.11754172379217984,1.265882626561256e-07,0.16283493387256237,0.7196232157469948,25,20,20
33,8105,0.11754172379217984,1.2658826581452044e-07,0.17389284739698993,0.7085653022225641,25,20,20
33,8106,0.1109415223626078,5.030509478045602e-07,0.1804415199601228,0.7086164546263214,25,20,20
33,8107,0.11094152236260779,5.030507031919376e-07,0.18043989679966008,0.7086180777870288,25,20,20
33,8108,0.11094152236256306,5.030507031141472e-07,0.1804405179953843,0.7086174565913494,25,20,20
33,8109,0.11094152236256387,5.030507032634104e-07,0.1804404886185392,0.7086174859681935,25,20,20
33,8110,0.11094152236256388,5.030507033373821e-07,0.18044056968709146,0.7086174048996411,25,20,20
33,8111,0.11789550998959492,5.030493415038741e-07,0.17348658241301212,0.7086174045480511,25,20,20
33,8112,0.11789551005909232,5.031426801564109e-07,0.20869672481879464,0.6734072619794322,25,20,20
33,8113,0.11789711286164369,5.037235404276085e-07,0.21279740285595533,0.6693049805588598,25,20,20
33,8114,0.11789711286164369,5.037235405015675e-07,0.21280392656956232,0.6692984568452528,25,20,20
33,8115,0.11789711286168812,5.03737386654387e-07,0.21306476948707734,0.6690376139138472,25,20,20
33,8116,0.11789711286168808,5.03737386654418e-07,0.21306018352236003,0.6690421998785645,25,20,20
33,8117,0.11789711286172651,5.037491516300532e-07,0.2193031795733646,0.6627992038157565,25,20,20
33,8118,0.1178971128642765,5.037355500724077e-07,0.21904056796909988,0.6630618154310727,25,20,20
33,8119,0.1178971128642765,5.037355500710868e-07,0.21904056549689035,0.6630618179032822,25,20,20
33,8120,0.1178971128642789,5.037355500710863e-07,0.2190405920551972,0.6630617913449731,25,20,20
33,8121,0.11789711286432208,5.037359837565709e-07,0.22357718067955867,0.6585252027201346,25,20,20
33,8122,0.11789711286432214,5.037359837565705e-07,0.22357718069224464,0.6585252027074487,25,20,20
33,8123,0.11789711286432208,5.037359837565705e-07,0.22357721351087545,0.6585251698888179,25,20,20
33,8124,0.11789711286432208,5.037359879724324e-07,0.22358183459394074,0.6585205488057487,25,20,20
33,8125,0.11789711287210897,5.037357434532124e-07,0.2235772226986211,0.6585251606935261,25,20,20
33,8126,0.11789711287210902,5.037357477417255e-07,0.22357532205188577,0.658527061340257,25,20,20
33,8127,0.07883534336293327,3.589969778937399e-06,0.2626338739116404,0.6585271927556475,25,20,20
33,8128,0.0788353433629333,3.5899697747215367e-06,0.26262928672064967,0.6585317799466424,25,20,20
33,8129,0.0788353433655287,3.589969783228222e-06,0.2626279782772749,0.6585330883874135,25,20,20
33,8130,0.04595821156635505,3.2135226627289545e-06,0.29555617303251674,0.6584824018784655,25,20,20
33,8131,0.04595821157659242,3.213536035043812e-06,0.29141398607398084,0.6626245888133916,25,20,20
33,8132,0.04164686409575207,3.1626855828919107e-06,0.2957253886949278,0.6626245845237381,25,20,20
33,8133,0.04164686409320199,3.162699476511847e-06,0.2958440430018333,0.6625059302054889,25,20,20
33,8134,0.04517192959663914,3.164045776340323e-06,0.2923120230864664,0.6625128832711181,25,20,20
33,8135,0.0451719295965938,3.164031874139755e-06,0.29219313758659754,0.6626317687849346,25,20,20
33,8136,0.045171929596593684,3.1640318741371134e-06,0.2921931375274004,0.6626317688441319,25,20,20
33,8137,0.04427975525998254,3.1386806743423026e-06,0.2930853347357607,0.6626317713235831,25,20,20
33,8138,0.044279755259989576,3.1386691531988405e-06,0.28696526193958793,0.6687518441312699,25,20,20
33,8139,0.04427975524960746,3.138669148907206e-06,0.28696515185111393,0.6687519542301302,25,20,20
33,8140,0.04427972528071857,3.138668406526989e-06,0.2869656493923681,0.668751486658507,25,20,20
33,8141,0.04427972527048353,3.1386685411774426e-06,0.2865793777283931,0.6691377583325824,25,20,20
33,8142,0.04427972527048352,3.13866854117742e-06,0.28657929782035824,0.6691378382406172,25,20,20
33,8143,0.04427972527052544,3.138668545278486e-06,0.2869523058005667,0.6687648302603627,25,20,20
33,8144,0.04427972527052544,3.1386685452024297e-06,0.2866859742935584,0.6690311617673711,25,20,20
33,8145,0.03274504443977162,3.1388570971770695e-06,0.2982187040379685,0.669033112665162,25,20,20
33,8146,0.03274504443977162,3.138857097177092e-06,0.2982186712383747,0.6690331454647559,25,20,20
33,8147,0.03285956288710862,3.1388422174391778e-06,0.2981041527388966,0.6690331455317765,25,20,20
33,8148,0.0319251842723791,5.261731512301474e-08,0.29904174899268265,0.6690330141176222,25,20,20
33,8149,0.031925217877135176,5.2617318491132403e-08,0.29918987972889577,0.6688848497766497,25,20,20
33,8150,0.032244091436642655,7.664483608221985e-06,0.2988633857949823,0.6688848582847662,25,20,20
33,8151,0.03224409143664264,7.664483608146718e-06,0.2988632695501655,0.6688849745295832,25,20,20
33,8152,0.03224409143664265,7.664483851977828e-06,0.2989927911858864,0.6687554528936187,25,20,20
33,8153,0.032244091436824836,7.6644838520537e-06,0.29898778613192767,0.6687604579473952,25,20,20
33,8154,0.03224411825210435,7.664494933590117e-06,0.29613152159449163,0.6716166956584704,25,20,20
33,8155,0.03224408464734829,7.664494685611913e-06,0.2959877645002247,0.6717604863577413,25,20,20
33,8156,0.0322440846471661,7.664494685537565e-06,0.2959908655605412,0.6717573852976071,25,20,20
33,8157,0.03257709710317845,7.615567051794421e-06,0.29550563924949397,0.6719096480802752,25,20,20
33,8158,0.03257709710317763,7.6155670517944225e-06,0.2954989057203429,0.671916381609427,25,20,20
33,8159,0.06869002169787532,7.6148943413809025e-06,0.2599799910454414,0.6713223723623412,25,20,20
33,8160,0.06869002169787533,7.61489434145746e-06,0.2599846929473022,0.6713176704604803,25,20,20
33,8161,0.06857445694462308,7.63943807369909e-06,0.2601002331915707,0.671317670425732,25,20,20
33,8162,0.0690914159526916,7.65262974470148e-06,0.2483006082101998,0.682600323207363,25,20,20
33,8163,0.0690914159526916,7.652629921754461e-06,0.25935841844372254,0.6715425129736636,25,20,20
33,8164,0.06909081031636478,7.651723246347938e-06,0.25935914717175873,0.6715423907886301,25,20,20
33,8165,0.06909081031636483,7.65172324634665e-06,0.2593545281216868,0.671547009838702,25,20,20
33,8166,0.0655920578157579,7.650634450463262e-06,0.2628602335486579,0.6715400580011329,25,20,20
33,8167,0.06559205781571356,7.650634666134432e-06,0.2671462538587791,0.6672540376908402,25,20,20
33,8168,0.06556335737096754,7.936708382747187e-06,0.2671733043101165,0.6672554016105323,25,20,20
33,8169,0.06556335738134927,7.936708382899086e-06,0.2671749926093008,0.6672537133009662,25,20,20
33,8170,0.06919499470025964,7.93670847896067e-06,0.2635446254567224,0.6672524431345382,25,20,20
33,8171,0.06918006267585292,2.755782470397657e-05,0.2635412722994925,0.6672511071999498,25,20,20
33,8172,0.06918006267585293,2.7557824708193732e-05,0.26354589337449974,0.6672464861249384,25,20,20
33,8173,0.0691800625958323,8.361346455977749e-06,0.2635651191459623,0.6672464569117487,25,20,20
33,8174,0.06918006259601438,8.361346464485726e-06,0.26356526144039966,0.6672463146171208,25,20,20
33,8175,0.06918006259596886,8.361332528050793e-06,0.2635617196781415,0.6672498563933609,25,20,20
33,8176,0.06918006259578671,8.361332519468822e-06,0.26356157490615534,0.6672500011655377,25,20,20
33,8177,0.06918006259579233,8.361332303827755e-06,0.2589952146978464,0.6718163613740572,25,20,20
33,8178,0.0693055005629557,8.366403637602198e-06,0.2588697720820406,0.6718163609513659,25,20,20
33,8179,0.06930550056295569,8.366403393845058e-06,0.25874033141168673,0.6719458016219633,25,20,20
33,8180,0.0693055005629103,8.366403150014197e-06,0.2586108447755925,0.6720752882583468,25,20,20
33,8181,0.06930641244005857,8.366420625216346e-06,0.2586097939113246,0.6720754272279906,25,20,20
33,8182,0.06930641252014312,7.655453228734967e-06,0.25861050479863645,0.6720754272279906,25,20,20
33,8183,0.07147880234443814,7.631185760214294e-06,0.24252114337574618,0.6859924230940543,25,20,20
33,8184,0.07147877552915861,7.63117467980983e-06,0.23431963530372302,0.6941939579924372,25,20,20
33,8185,0.0714787755291523,7.631174675604515e-06,0.23431914988326696,0.6941944434129036,25,20,20
33,8186,0.0714787755291523,7.631174675530544e-06,0.2343190688268703,0.6941945244693004,25,20,20
33,8187,0.07157457710232902,7.626471231325595e-06,0.23422326850153566,0.6941945279249029,25,20,20
33,8188,0.07157457710232905,7.626471231400912e-06,0.2342233890350128,0.6941944073914256,25,20,20
33,8189,0.0710726123575644,7.626806903500407e-06,0.2347253535464937,0.6941944072890373,25,20,20
33,8190,0.0546655390298286,7.62631839075945e-06,0.2511323738288888,0.6941944608228904,25,20,20
33,8191,0.05466553902982861,7.62631839075945e-06,0.25113889976565223,0.694187934886127,25,20,20
33,8192,0.0275928522269722,1.1441631571216067e-05,0.2782097196539335,0.694185986487522,25,20,20
33,8193,0.02541942173667733,1.1445033165938967e-05,0.29105258428463804,0.6835165489455174,25,20,20
33,8194,0.026037046078892064,5.30497558015602e-06,0.29044098776110044,0.6835166611844262,25,20,20
33,8195,0.026037046078892078,5.3049755759414535e-06,0.2904385632658708,0.6835190856796602,25,20,20
33,8196,0.026037046078892078,5.304975575940134e-06,0.290438678627812,0.683518970317719,25,20,20
33,8197,0.026037046068510337,5.30497557578958e-06,0.2904369897863367,0.6835206591695764,25,20,20
33,8198,0.02825687341807814,0.0003187468320434586,0.2879037234952569,0.6835206562546208,25,20,20
33,8199,0.028586786855175662,0.0003187471204267766,0.28757394798991753,0.6835205180344783,25,20,20
33,8200,0.009179027848993104,0.0003187469037932169,0.3069817640686485,0.683520461178563,25,20,20
33,8201,0.008361059958615014,0.0003188356321323199,0.3176684632040016,0.6736516412052501,25,20,20
33,8202,0.008361059958615845,0.00031883563237037146,0.31803688153611276,0.6732832228729001,25,20,20
33,8203,0.00836105995861583,0.00031883563237029616,0.3180367629757273,0.6732833414332857,25,20,20
33,8204,0.008299414681148582,0.0003187337723903158,0.3161627406564958,0.6752191108899644,25,20,20
33,8205,0.008299414681151777,0.000318733772394607,0.31616744423740517,0.6752144073090476,25,20,20
33,8206,0.008299414681151666,0.0003187337723946044,0.3161659086466085,0.6752159428998442,25,20,20
33,8207,0.008299414683747088,0.00031873377263921793,0.3161630661487573,0.6752187853948557,25,20,20
33,8208,0.043803867315325276,1.4764129648144234e-06,0.2809756822599116,0.6752189740117971,25,20,20
33,8209,0.06261162480771165,1.4764128993259212e-06,0.2621679239669223,0.6752189748124664,25,20,20
33,8210,0.06261162480771164,1.4764128993246015e-06,0.2621613183422159,0.675225580437173,25,20,20
33,8211,0.05903127354976036,1.476931495942128e-06,0.2657416690770549,0.6752255804416886,25,20,20
33,8212,0.05903127354976036,1.4769314959434482e-06,0.2657417475936257,0.6752255019251178,25,20,20
33,8213,0.09807801692148846,4.584718398143644e-09,0.22669659979556786,0.6752253786982252,25,20,20
33,8214,0.09775753921147311,8.7522205863773e-09,0.22701707408885607,0.67522537794745,25,20,20
33,8215,0.09775753921147716,8.752224879335707e-09,0.2270171556054119,0.6752252964308858,25,20,20
33,8216,0.09775753921147715,8.752224804070994e-09,0.22701487843598578,0.6752275736003119,25,20,20
33,8217,0.09775753921148034,8.75222495335101e-09,0.22701648666676325,0.6752259653695312,25,20,20
33,8218,0.09775753921148028,8.752224878259498e-09,0.22692423092633823,0.6753182211099563,25,20,20
33,8219,0.09775754369628173,1.9840941465982085e-05,0.22690439374172633,0.6753182216205257,25,20,20
33,8220,0.09774688693155674,1.984096735089273e-05,0.22691505047429147,0.6753182216268004,25,20,20
33,8221,0.09774691375536455,1.9840967371779554e-05,0.22404883756987876,0.6781844077073848,25,20,20
33,8222,0.09774691375540603,1.9840967371778842e-05,0.22405524837808638,0.6781779968991354,25,20,20
33,8223,0.09776034453840174,2.0048401717153217e-05,0.22728715671973349,0.6749324503401476,25,20,20
33,8224,0.09776034453840175,2.004840171715194e-05,0.22728723720142419,0.6749323698584568,25,20,20
33,8225,0.09776034453840175,2.004840171715324e-05,0.22728731825869183,0.6749322888011892,25,20,20
33,8226,0.059394745392706394,2.941760169920619e-05,0.2655543986104531,0.6750214383951403,25,20,20
33,8227,0.019980025171065067,2.943408437099974e-05,0.2901742833754158,0.6898162573691478,25,20,20
33,8228,0.019980025171068266,2.943408436670942e-05,0.29017887785434526,0.6898116628902196,25,20,20
33,8229,0.01998002517106828,2.9434084366785987e-05,0.29017879444238065,0.689811746302184,25,20,20
33,8230,0.019980025171068224,2.9434084366709422e-05,0.29017875449324654,0.6898117862513183,25,20,20
33,8231,0.019980025171068224,2.9434084366710768e-05,0.29018345492746334,0.6898070858171019,25,20,20
33,8232,0.019980025171065088,2.9434084362420935e-05,0.29017875323313463,0.689811787511438,25,20,20
33,8233,0.01998002517106514,2.943408436671125e-05,0.2901742486559734,0.6898162920885949,25,20,20
33,8234,0.019980025171107096,2.943487259720879e-05,0.2905024342696023,0.6894881056866936,25,20,20
33,8235,0.041122782410047326,2.9434879160158725e-05,0.2693596743926578,0.6894881083181348,25,20,20
33,8236,0.0641667694205958,2.0065679069649394e-05,0.24641439480032468,0.6893987701000099,25,20,20
33,8237,0.06416676942059656,2.0065679065433572e-05,0.24641197034135678,0.6894011945589814,25,20,20
33,8238,0.06409765461286114,2.0065177095440995e-05,0.24648108345519362,0.6894011967548498,25,20,20
33,8239,0.06352910660800655,2.0048708523382697e-05,0.2219602583461663,0.7144905863373033,25,20,20
33,8240,0.06299962718654274,2.0049781604491636e-05,0.22248964279285094,0.7144906802390015,25,20,20
33,8241,0.06299962718653962,2.0049781604492947e-05,0.2226144297799097,0.7143658932519459,25,20,20
33,8242,0.06299962718653959,2.00497816045651e-05,0.22275123861717167,0.7142290844146839,25,20,20
33,8243,0.06299962718658512,2.0049781849234017e-05,0.2227560355822284,0.714224287449337,25,20,20
33,8244,0.06299962718670053,2.0050484041785572e-05,0.2274092166593304,0.709571105669927,25,20,20
33,8245,0.06299962718669969,2.0050483799442907e-05,0.22703609616271506,0.7099442261667854,25,20,20
33,8246,0.06299962789880578,2.005417595280778e-05,0.2305502332372241,0.7064300846880175,25,20,20
33,8247,0.06299962789880656,2.0054175952807806e-05,0.23055026113387872,0.7064300567913621,25,20,20
33,8248,0.06299962789880657,2.0054175952807803e-05,0.23055029512651995,0.7064300227987207,25,20,20
33,8249,0.03372507508989939,2.4383606372813875e-05,0.2598206033459776,0.7064299379577504,25,20,20
33,8250,0.03372507508989858,2.4383606372738584e-05,0.25982706656358895,0.70642347474014,25,20,20
33,8251,0.03372507508989858,2.4383606372887794e-05,0.25983366888602943,0.7064168724176993,25,20,20
33,8252,0.033725075090128426,2.438362025389656e-05,0.26000662630813354,0.7062439149814844,25,20,20
33,8253,0.01106717280817598,2.440945611093793e-05,0.28266450059419346,0.70624391714152,25,20,20
33,8254,0.01106717280813045,2.4409455866268992e-05,0.2826596670300837,0.70624875070592,25,20,20
33,8255,0.011067172808130394,2.4409455870485153e-05,0.2823999403315439,0.7065084774044555,25,20,20
33,8256,0.011067145984322561,2.4409455672546624e-05,0.2742083430270437,0.7147001015329616,25,20,20
33,8257,0.04871253089920606,2.438363220320761e-05,0.23656298442631252,0.7147001010422787,25,20,20
33,8258,0.04871253089661066,2.438363195430298e-05,0.23656124089609026,0.7147018445753449,25,20,20
33,8259,0.04871253089661066,2.438363195445211e-05,0.2369343430323349,0.7143287424391,25,20,20
33,8260,0.048712530896452916,2.438292975760968e-05,0.23227458233658207,0.7189885038372076,25,20,20
33,8261,0.0487125308385895,3.831888772652585e-05,0.23226064643668182,0.7189885038370021,25,20,20
33,8262,0.048712530915366994,1.8842140387748224e-05,0.23228012361780967,0.7189885033264356,25,20,20
33,8263,0.04871265898752429,1.8670329535362874e-05,0.23228016734737153,0.718988503335569,25,20,20
33,8264,0.04871265904538799,4.738724526357523e-06,0.232294098900699,0.7189885033293867,25,20,20
33,8265,0.04871265904538873,4.7387245221411875e-06,0.23230050869868632,0.7189820935314024,25,20,20
33,8266,0.04871265904538874,4.7387245222151725e-06,0.2323052085584488,0.7189773936716398,25,20,20
33,8267,0.04871265904538874,4.73872452214121e-06,0.23230520854719625,0.7189773936828924,25,20,20
33,8268,0.04871265904543427,4.738724526506796e-06,0.23230070601301248,0.7189818962170262,25,20,20
33,8269,0.04871265904802141,4.738738424919255e-06,0.2324303312947567,0.7188522709187964,25,20,20
33,8270,0.04871265904820143,4.783514787123892e-06,0.2328950321825699,0.718387525254441,25,20,20
33,8271,0.048712659048202225,4.783514782908221e-06,0.23289503273222464,0.7183875247047898,25,20,20
33,8272,0.04871265904820144,4.783514789043364e-06,0.24395066871020904,0.7073318887267994,25,20,20
33,8273,0.04871265904802139,4.738738426762138e-06,0.2434860192562179,0.7077965829573329,25,20,20
33,8274,0.04871265904802139,4.738738426762138e-06,0.2434859067597657,0.7077966954537851,25,20,20
33,8275,0.048712659048020655,4.738738426763271e-06,0.2435715940299103,0.7077110081836412,25,20,20
33,8276,0.04871267291994951,0.00024793932660339176,0.24332837956795791,0.707711008185488,25,20,20
33,8277,0.04871270597481035,4.734383008743991e-06,0.24357155145215453,0.7077110081900253,25,20,20
33,8278,0.048712705974855816,4.734383012885701e-06,0.24357155542892384,0.7077110042132064,25,20,20
33,8279,0.04871270597485901,4.734383012887022e-06,0.24357171727447993,0.7077108423676473,25,20,20
33,8280,0.048712705972271876,4.734369114473242e-06,0.243442092578401,0.7078404670802116,25,20,20
33,8281,0.04871270597227188,4.734369114474563e-06,0.24344212658334366,0.707840433075269,25,20,20
33,8282,0.038550521527559264,0.004479033682553121,0.24912990685058634,0.7078405379393002,25,20,20
33,8283,0.038550521527556086,0.004479033682557413,0.24913458183537734,0.7078358629545081,25,20,20
33,8284,0.038550521527559264,0.004479033682553121,0.2491346759824082,0.7078357688074783,25,20,20
33,8285,0.03855052152751416,0.0044790328943224746,0.24907114921513085,0.7078992963630314,25,20,20
33,8286,0.03855052152751416,0.0044790328943224746,0.24907114923965046,0.7078992963385119,25,20,20
33,8287,0.0385505215275142,0.004479032894322476,0.24907103618789264,0.7078994093902695,25,20,20
33,8288,0.03855052152765024,0.004479032894322463,0.2491943172185344,0.7077761283594917,25,20,20
33,8289,0.03846419053570196,0.004479033917825182,0.24928064882739637,0.7077761267190753,25,20,20
33,8290,0.038464143550800876,0.004479029413114494,0.24581905749205432,0.7112377695440288,25,20,20
33,8291,0.038464143550800876,0.004479029413114494,0.24581897558849775,0.7112378514475854,25,20,20
33,8292,0.038532083937489324,0.004479029405277072,0.24575103740698787,0.7112378492502439,25,20,20
33,8293,0.038532083937489324,0.004479029405277072,0.24575111601007624,0.7112377706471557,25,20,20
33,8294,0.02352428908997506,0.004479028376858995,0.2607589109164919,0.7112377716166728,25,20,20
33,8295,0.02352428908997506,0.004479028376858996,0.26075891091649195,0.711237771616673,25,20,20
33,8296,0.023524291624809304,0.004479028375670678,0.2642205349830261,0.7077761450164928,25,20,20
33,8297,0.059697713194603395,0.004478844824850975,0.22804729696631246,0.7077761450142331,25,20,20
33,8298,0.059697713194606566,0.004478844825093391,0.2284203383640483,0.7074031036162516,25,20,20
33,8299,0.059697713194606615,0.0044788448250933895,0.2284250201762298,0.7073984218040701,25,20,20
33,8300,0.059684801454849126,0.00447863458705934,0.22844014992484277,0.7073964140332485,25,20,20
33,8301,0.05968480145484913,0.004478634587059342,0.2288132666411524,0.7070232973169389,25,20,20
33,8302,0.059684807369039444,0.004478634573350006,0.24057974657785577,0.6952568114797549,25,20,20
33,8303,0.02354031092316601,0.004478635348325558,0.2767237846168801,0.6952572691116282,25,20,20
33,8304,0.0235403109951708,0.004478635348319366,0.3055804820459029,0.6664005716106058,25,20,20
33,8305,0.023540310995170746,0.004478635348319366,0.3053141358908797,0.666666917765629,25,20,20
33,8306,0.023540311005546533,0.004478635362258745,0.3053216591800157,0.6666593944521779,25,20,20
33,8307,0.023542214232974198,0.004491859058966144,0.30530651720847707,0.6666594094995816,25,20,20
33,8308,0.023542217458017944,0.004491863485694534,0.30148216127332794,0.6704837577829585,25,20,20
33,8309,0.023542217458017944,0.004491863485694535,0.3014822751673039,0.6704836438889824,25,20,20
33,8310,0.02354221728975145,0.0044918634715388995,0.3013665264603789,0.6705993927783297,25,20,20
33,8311,0.023542217289751508,0.004491863471538754,0.30099342644701976,0.6709724927916889,25,20,20
33,8312,0.02354221728956994,0.004491863471534476,0.30086353865263116,0.6711023805862635,25,20,20
33,8313,0.023542217788621395,0.00449190167524591,0.30713158860955103,0.664834291926581,25,20,20
33,8314,0.02354221778862134,0.00449190167524591,0.30712679032561424,0.6648390902105176,25,20,20
33,8315,0.023542217788621325,0.004491901675245908,0.30712678829881446,0.6648390922373175,25,20,20
33,8316,0.023542217788618217,0.004491901675003494,0.30675836766330605,0.6652075128730717,25,20,20
33,8317,0.023542217788618217,0.004491901675003494,0.30675832859198027,0.6652075519443973,25,20,20
33,8318,0.023542217788572694,0.004491901674999203,0.30676040957217204,0.6652054709642553,25,20,20
33,8319,0.023542217788572694,0.0044919016749992765,0.30676049065291083,0.6652053898835164,25,20,20
33,8320,0.023539794876441835,0.004492616869564505,0.3067622174418614,0.6652053708121314,25,20,20
33,8321,0.023539794876438636,0.004492616869568767,0.3070283868850734,0.6649392013689182,25,20,20
33,8322,0.023539794876620203,0.004492616869577321,0.30715795331516804,0.6648096349386334,25,20,20
33,8323,0.02353978896224564,0.004492616869650245,0.2952167444551798,0.6767508497129232,25,20,20
33,8324,0.02353978707009726,0.004492616930131674,0.29217195694500264,0.6797956390547679,25,20,20
33,8325,0.02353983335561195,0.004492613169497095,0.2921729367197356,0.6797946167551552,25,20,20
33,8326,0.023470755099537565,0.004507003056465173,0.29222762513074246,0.6797946167132548,25,20,20
33,8327,0.023470755099538363,0.00450700305646954,0.29222774818697883,0.6797944936570133,25,20,20
33,8328,0.023470755099538408,0.004507003056473831,0.291861235380683,0.6801610064633049,25,20,20
33,8329,0.023334933908158308,0.004507679106054304,0.2919963805111547,0.6801610064746332,25,20,20
33,8330,0.023334933909845774,0.004507679622776,0.3059906611813165,0.6661667252860621,25,20,20
33,8331,0.023334930710719078,0.004605826082364657,0.3058925179199661,0.6661667252869503,25,20,20
33,8332,0.02333493071085562,0.004605826082124427,0.3058894330611921,0.6661698101458279,25,20,20
33,8333,0.02333493071067914,0.0046058260821227005,0.3139367580151654,0.6581224851920328,25,20,20
33,8334,0.02333493071072388,0.004605826082122775,0.3139303830025979,0.6581288602045555,25,20,20
33,8335,0.023334930212570545,0.004605787946869602,0.3442169561852927,0.6278423256552669,25,20,20
33,8336,0.02333492956986541,0.00460578788636979,0.34368842579175435,0.6283708567520104,25,20,20
33,8337,0.023334929569865423,0.00460578788637408,0.34368862103894143,0.6283706615048191,25,20,20
33,8338,0.023334907348261272,0.004605787895431388,0.314307999591427,0.6577513051648807,25,20,20
33,8339,0.02333490734826195,0.004605787895637853,0.3205528834382534,0.6515064213178476,25,20,20
33,8340,0.02333490734826195,0.00460578789563793,0.3205593737756367,0.6514999309804641,25,20,20
33,8341,0.023335134429711548,0.004592095585527416,0.3205728386473573,0.6514999313374048,25,20,20
33,8342,0.023335135760081303,0.00459209116260852,0.3244808938134501,0.6475918792638601,25,20,20
33,8343,0.023335135760081362,0.004592091162612738,0.3244802370242986,0.6475925360530072,25,20,20
33,8344,0.023335136132711494,0.004592091094154569,0.3279256085389723,0.6441471642341615,25,20,20
33,8345,0.02333513613271148,0.00459209109415028,0.32792549236967944,0.6441472804034586,25,20,20
33,8346,0.031124088293677125,0.0045914152046947765,0.32013721683856133,0.6441472796630662,25,20,20
33,8347,0.031953002536975465,0.004478878857011641,0.31942072426631724,0.6441473943396949,25,20,20
33,8348,0.03195300253697626,0.0044788788570117154,0.3194207263048873,0.6441473923011242,25,20,20
33,8349,0.03195301196703057,0.004478878846837319,0.3091087432018282,0.6544593659843033,25,20,20
33,8350,0.03195301196684844,0.004478878846832952,0.30910699312578216,0.654461116060536,25,20,20
33,8351,0.032087657170965615,0.0044788788480569575,0.3124246796003705,0.6510087843806065,25,20,20
33,8352,0.03208765776267256,0.0044788788482947985,0.30425265737979473,0.6591808060092377,25,20,20
33,8353,0.03208765776267183,0.004478878848088333,0.29800315274632966,0.6654303106429097,25,20,20
33,8354,0.034863627148137774,0.004478878837703348,0.2952259975499766,0.665431496464182,25,20,20
33,8355,0.034863627148136976,0.004478878837703273,0.29523251722209964,0.6654249767920598,25,20,20
33,8356,0.03486362714809144,0.004478878837703197,0.2952323682458921,0.665425125768313,25,20,20
33,8357,0.03486359294156404,0.004478878837456117,0.2949251361353225,0.6657323920856573,25,20,20
33,8358,0.03486359294156404,0.004478878837456043,0.2949250550914031,0.6657324731295767,25,20,20
33,8359,0.034728950693827323,0.004479109127027976,0.291674716614978,0.6691172235641665,25,20,20
33,8360,0.03472901196588065,0.02045376341261101,0.2791823142572738,0.6656349103642342,25,20,20
33,8361,0.03472901196419318,0.020453762895889314,0.2651880335524253,0.679629191587492,25,20,20
33,8362,0.03472910155701981,0.0204535712280053,0.2651881359892704,0.6796291912257044,25,20,20
33,8363,0.03472910155706454,0.020453571228005223,0.2651946217045106,0.6796227055104197,25,20,20
33,8364,0.07415717674221632,0.020453570377569084,0.2257669076799629,0.6796223452002517,25,20,20
33,8365,0.07415717674221634,0.02045357037756911,0.22550527855569896,0.6798839743245155,25,20,20
33,8366,0.07415717674221634,0.02045357037756911,0.22549875685380022,0.6798904960264142,25,20,20
33,8367,0.10365398219871436,0.02045358288922125,0.19599954561296698,0.6798928892990975,25,20,20
33,8368,0.10895394924887818,0.020453579440086803,0.18669911389484384,0.6838933574161915,25,20,20
33,8369,0.10895394924887818,0.020453579440086796,0.18669911247280024,0.6838933588382351,25,20,20
33,8370,0.10895394470258468,0.020473755151401925,0.18668062284154568,0.6838916773044684,25,20,20
33,8371,0.10895394470258779,0.020473755151406113,0.1868546620579171,0.6837176380880898,25,20,20
33,8372,0.1089539447025886,0.020473755151406113,0.18685469689488635,0.6837176032511197,25,20,20
33,8373,0.10895394470259005,0.02047375513746681,0.1868491048342788,0.6837231953256651,25,20,20
33,8374,0.1089539447025901,0.020473755137466812,0.1868491859941113,0.6837231141658325,25,20,20
33,8375,0.10895394469220973,0.02047375513746674,0.1868425396507017,0.6837297605196226,25,20,20
33,8376,0.10895394469220655,0.020473755137462475,0.18657620670742595,0.6839960934629058,25,20,20
33,8377,0.10895394487621984,0.020519524617758935,0.1865304370522102,0.6839960934538116,25,20,20
33,8378,0.1089539448762199,0.020519524617758935,0.1865304385651991,0.6839960919408229,25,20,20
33,8379,0.10897126332107625,0.020519524618068195,0.18651312016270122,0.6839960918981554,25,20,20
33,8380,0.10895394993396469,0.020519524617761648,0.18653043354936888,0.6839960918989059,25,20,20
33,8381,0.10895394993396469,0.020519524617761648,0.1865239125255813,0.6840026129226934,25,20,20
33,8382,0.10895395031125439,0.02045357942261069,0.18658985734343894,0.6840026129226975,25,20,20
33,8383,0.1104966767157447,0.015974951965381998,0.18952565887464826,0.6840027124442242,25,20,20
33,8384,0.11051185383128047,0.016056412526823008,0.18942220539660137,0.6840095282452947,25,20,20
33,8385,0.11051185383128041,0.016056412526823084,0.18942223951310921,0.6840094941287868,25,20,20
33,8386,0.11051188972963823,0.01605641255624175,0.18942219955000858,0.6840094981641107,25,20,20
33,8387,0.11051188972963821,0.016056412556237454,0.18941749541239197,0.6840142023017315,25,20,20
33,8388,0.11051188972963827,0.016056412556237454,0.1894174947325334,0.68401420298159,25,20,20
33,8389,0.11662877682210654,0.016056412666871692,0.1833017923433732,0.6840130181676483,25,20,20
33,8390,0.11662877682206109,0.016056412666871724,0.1836682993006361,0.6836465112104306,25,20,20
33,8391,0.11716294806879918,0.016056412660147755,0.1831342253891942,0.6836464138818584,25,20,20
33,8392,0.11716525109664351,0.0008064087805659909,0.1984053681380172,0.6836229719847725,25,20,20
33,8393,0.11716525109664666,0.0008064087805660661,0.1984054279964798,0.6836229121263067,25,20,20
33,8394,0.11716525109683994,0.000806408780573253,0.20456688140243562,0.6774614587201501,25,20,20
33,8395,0.1171628846950974,0.0008622487270113424,0.20451338808579045,0.6774614784920996,25,20,20
33,8396,0.1171628846951006,0.0008622487270114192,0.20451501317205303,0.6774598534058339,25,20,20
33,8397,0.11716288469509985,0.000862248727011345,0.20451489869243594,0.6774599678854518,25,20,20
33,8398,0.11716288410338783,0.0008622487267667517,0.20451011060144883,0.6774647565683958,25,20,20
33,8399,0.14033761316751214,0.0008622047404929349,0.1813354235520179,0.6774647585399762,25,20,20
33,8400,0.14033761316751212,0.0008622047404929349,0.18133545633535175,0.6774647257566424,25,20,20
33,8401,0.14033761316751212,0.0008622047404930101,0.1813354249894654,0.6774647571025288,25,20,20
33,8402,0.14033761316751217,0.0008622047404929362,0.18133539162938883,0.6774647904626053,25,20,20
33,8403,0.14033761316751608,0.0008622047543060996,0.18170957086084563,0.6770906112173317,25,20,20
33,8404,0.14033761316751608,0.0008622047543061735,0.1817096056809319,0.6770905763972452,25,20,20
33,8405,0.14033761316751608,0.0008622047543060981,0.1817094923932059,0.6770906896849713,25,20,20
33,8406,0.1403376131675129,0.0008622047543060242,0.1817079072682824,0.6770922748098981,25,20,20
33,8407,0.14033761316751361,0.0008622047543017007,0.18134152616359464,0.6774586559145894,25,20,20
33,8408,0.1698882068677783,0.0007807442588724644,0.15187818649357676,0.6774528623797724,25,20,20
33,8409,0.16993821967259165,0.0007807418924946264,0.1518281725472923,0.6774528658876214,25,20,20
33,8410,0.1703969931140209,0.0007807329057840308,0.15537238376865153,0.6734498902115433,25,20,20
33,8411,0.17039699311402082,0.0007807329057840293,0.1553724966833739,0.6734497772968208,25,20,20
33,8412,0.17039699311402007,0.0007807328919751572,0.1550030195299355,0.6738192544640689,25,20,20
33,8413,0.17039700116787293,1.0793358381447184e-07,0.1557836564624886,0.6738192344360548,25,20,20
33,8414,0.18548205977911147,1.1595053281912364e-07,0.14069859012106495,0.673819234149291,25,20,20
33,8415,0.185482059779115,1.1595074887322018e-07,0.14535789958942721,0.6691599246807093,25,20,20
33,8416,0.1849646044216937,1.1665584179341895e-07,0.1458753542107335,0.6691599247117312,25,20,20
33,8417,0.1849646044216929,1.1665584179341813e-07,0.14587522432142552,0.66916005460104,25,20,20
33,8418,0.20700115699363586,2.117138392546941e-08,0.12383866036750289,0.669160161467477,25,20,20
33,8419,0.19689788319355953,3.085899672613221e-08,0.13394038742193068,0.6691616985255134,25,20,20
33,8420,0.1968978831935571,3.0859005174365216e-08,0.13420657799905608,0.6688955079483818,25,20,20
33,8421,0.1968978831935571,3.085900517177018e-08,0.13420008770926747,0.6689019982381704,25,20,20
33,8422,0.1968978831935571,3.0859005247039604e-08,0.13420011415947403,0.6689019717879638,25,20,20
33,8423,0.19689788319356022,3.0859005248337345e-08,0.13420019547619252,0.668901890471242,25,20,20
33,8424,0.19689788319356105,3.0859005324949893e-08,0.13420031279042124,0.6689017731570125,25,20,20
33,8425,0.1779208189792004,7.377840660818144e-07,0.15298793641761485,0.6690905068191186,25,20,20
33,8426,0.1779208189792004,7.377840661558081e-07,0.15298793839611713,0.6690905048406163,25,20,20
33,8427,0.17792081897920034,7.377840674486016e-07,0.16695618227228354,0.6551222609644474,25,20,20
33,8428,0.17792081897920028,7.377840674459613e-07,0.16695617746495,0.6551222657717808,25,20,20
33,8429,0.17792081897920348,7.377840675225279e-07,0.16695614752539575,0.6551222957113317,25,20,20
33,8430,0.1763278082314793,7.385058393264501e-07,0.16853819339811224,0.6551332598645684,25,20,20
33,8431,0.2159342929383288,7.435184178948981e-07,0.12893168367404528,0.6551332798692076,25,20,20
33,8432,0.20430606897299244,1.0371366909570065e-06,0.1405581217887276,0.6551347721015884,25,20,20
33,8433,0.20430606897299566,1.037136691030946e-06,0.14056282330417522,0.6551300705861374,25,20,20
33,8434,0.20430606897299883,1.0371366897365015e-06,0.12659766014100715,0.6690952337493036,25,20,20
33,8435,0.21151972031355806,7.239293880409414e-07,0.11938579538308053,0.6690937603739726,25,20,20
33,8436,0.21151972031355487,7.239293879643524e-07,0.11938579334449206,0.6690937624125646,25,20,20
33,8437,0.21151972031355487,7.239293878916788e-07,0.11938587878263535,0.6690936769744212,25,20,20
33,8438,0.21151972031355246,7.239293879669383e-07,0.11938587876920558,0.6690936769878533,25,20,20
33,8439,0.2115197203239326,7.23929387892971e-07,0.11938592995315529,0.6690936257935235,25,20,20
33,8440,0.2115197203241112,7.239291718388861e-07,0.11473287668627073,0.6737466790604456,25,20,20
33,8441,0.21151972032411198,7.239291719881261e-07,0.11473284530693378,0.6737467104397814,25,20,20
33,8442,0.211519720313731,7.2392916769568e-07,0.11472808994493561,0.6737514658121648,25,20,20
33,8443,0.21151972031373106,7.239291677709366e-07,0.11473461228193207,0.6737449434751681,25,20,20
33,8444,0.19182465458000306,7.375600951345112e-07,0.1344297053983647,0.6737449024615357,25,20,20
33,8445,0.19182465458000306,7.375600951332134e-07,0.13442967198999187,0.6737449358699085,25,20,20
33,8446,0.19182465458000306,7.375600951318929e-07,0.13442967198790912,0.6737449358719912,25,20,20
33,8447,0.19182466298783218,7.37574241211418e-07,0.1345486949732172,0.673625904464708,25,20,20
33,8448,0.19182466298787454,7.375742455010473e-07,0.13455513992602508,0.6736194595118533,25,20,20
33,8449,0.19182466298787457,7.375742497641296e-07,0.13482147319240836,0.6733531262454657,25,20,20
33,8450,0.19171169628588872,7.373064033434031e-07,0.1349344414390054,0.6733531249687013,25,20,20
33,8451,0.19171169628588874,7.373064032707761e-07,0.1349345129474369,0.6733530534602699,25,20,20
33,8452,0.19171169628569867,7.373063960097943e-07,0.12877302685102987,0.6795145395568742,25,20,20
33,8453,0.19171169628569867,7.373064003001564e-07,0.12877310962626118,0.6795144567816387,25,20,20
33,8454,0.1914051779063544,7.369573581140354e-07,0.12907962835488887,0.6795144567813974,25,20,20
33,8455,0.1914051779063544,7.369573581140324e-07,0.1290811667314985,0.6795129184047879,25,20,20
33,8456,0.15484113347364675,7.378070944817276e-07,0.1656450958558864,0.6795130328633705,25,20,20
33,8457,0.15484113347364356,7.378070944817275e-07,0.16564729083354202,0.6795108378857181,25,20,20
33,8458,0.14927662614994164,7.327675174872122e-07,0.17121065019926904,0.6795119908832702,25,20,20
33,8459,0.1508778311235937,3.1656382326987103e-06,0.16959480999592638,0.6795241932422467,25,20,20
33,8460,0.14756749179499717,3.193894986313356e-06,0.17290523548316789,0.6795240788268483,25,20,20
33,8461,0.14756749179759257,3.193894990606083e-06,0.17290530761482398,0.6795240066925924,25,20,20
33,8462,0.14756749179741047,3.193894990530803e-06,0.17289900689652055,0.6795303074110778,25,20,20
33,8463,0.14756749179740733,3.1938952327994798e-06,0.173267425838687,0.6791618884686724,25,20,20
33,8464,0.11645535075262874,5.595060773581586e-06,0.2043782414581672,0.6791608127284298,25,20,20
33,8465,0.10525634511664586,5.5947048038212185e-06,0.21557711175766336,0.6791609484208858,25,20,20
33,8466,0.1113255608731823,5.5946552109223595e-06,0.2095079161466799,0.6791609283249262,25,20,20
33,8467,0.1113255608731823,5.594655206660621e-06,0.20924161190551996,0.6794272325660904,25,20,20
33,8468,0.14884910952533695,5.580823976828794e-06,0.17171814257714427,0.6794271670735413,25,20,20
33,8469,0.14884910952533692,5.5808239768287495e-06,0.17171811552503322,0.6794271941256526,25,20,20
33,8470,0.14884910952533692,5.580823976977994e-06,0.17172281539719358,0.6794224942534919,25,20,20
33,8471,0.14884910952533686,5.580823734635355e-06,0.17135629770331143,0.6797890119476164,25,20,20
33,8472,0.1488491095253368,5.5808237303444285e-06,0.1713562959834864,0.6797890136674459,25,20,20
33,8473,0.1488491095253368,5.580823730343084e-06,0.17135622392337016,0.6797890857275622,25,20,20
33,8474,0.1488491095253369,5.5808237346334e-06,0.17135634011711115,0.6797889695338166,25,20,20
33,8475,0.14884910952551894,5.5808239792270555e-06,0.17136109312192208,0.679784216528579,25,20,20
33,8476,0.14884910952565555,5.5808242195311005e-06,0.17135932035410475,0.6797859892960194,25,20,20
33,8477,0.14884910952565555,5.580824219529781e-06,0.17136588740487796,0.6797794222452466,25,20,20
33,8478,0.14884929456153503,5.580900487269994e-06,0.20751018911196772,0.6436349354260092,25,20,20
33,8479,0.15385247112390096,5.58083534920593e-06,0.20634782500539164,0.6397941230353572,25,20,20
33,8480,0.15228046576065804,3.147242869259451e-06,0.20794565085966593,0.6397707361368058,25,20,20
33,8481,0.15228046576065724,3.1472428691841586e-06,0.20794564790744666,0.639770739089026,25,20,20
33,8482,0.1522804657606604,3.1472428734459206e-06,0.20821194286427974,0.6395044441321854,25,20,20
33,8483,0.1522517801253545,3.1472426264122462e-06,0.20824062438780835,0.6395044482442096,25,20,20
33,8484,0.17026289023456573,3.1472426097840967e-06,0.1902295176251814,0.6395044448976425,25,20,20
33,8485,0.1740401876647592,3.1472590895666808e-06,0.1864508182311422,0.6395058468450087,25,20,20
33,8486,0.17404018766476,3.147259089492744e-06,0.186450948041252,0.6395057170348983,25,20,20
33,8487,0.17459696190017523,3.147260781973721e-06,0.1859040340865613,0.6394958567524811,25,20,20
33,8488,0.17459696190017765,3.1472607818984528e-06,0.1859040325491177,0.6394958582899225,25,20,20
33,8489,0.20784724617568362,7.460939928547053e-07,0.15265622879092505,0.6394957789393984,25,20,20
33,8490,0.20784724617308828,7.460939886372464e-07,0.15265399439710345,0.6394980133358197,25,20,20
33,8491,0.2078472461756826,7.460939844773416e-07,0.15239439717040834,0.6397576105599246,25,20,20
33,8492,0.2078472461756826,7.46093984478639e-07,0.15239439668202273,0.6397576110483102,25,20,20
33,8493,0.2078472461756825,7.460939801882995e-07,0.15239431390690905,0.6397576938234281,25,20,20
33,8494,0.1959436490691152,7.519873918002001e-07,0.1642963320249161,0.6397592669185762,25,20,20
33,8495,0.19594364906911604,7.519873918002007e-07,0.16428984420094586,0.6397657547425457,25,20,20
33,8496,0.21881787514737783,7.228846091931568e-07,0.14141559175039337,0.639765810217619,25,20,20
33,8497,0.21857237207145863,9.80913276339205e-09,0.14179919374950933,0.6396284243698993,25,20,20
33,8498,0.21857237207145863,9.809132838683455e-09,0.14179272985281294,0.6396348882665955,25,20,20
33,8499,0.21301971160271493,1.2942026405401615e-08,0.1472966887173286,0.6396835867379302,25,20,20
33,8500,0.2130197116025328,1.2941790335251756e-08,0.14755818599340703,0.6394220894622703,25,20,20
33,8501,0.2130197116025296,1.2941786045418432e-08,0.14756008660029765,0.639420188855387,25,20,20
33,8502,0.21301971160512423,1.294179041083452e-08,0.1475617210911196,0.639418554361966,25,20,20
33,8503,0.21302518559033928,1.2854312989851585e-08,0.14755624720073493,0.639418554354613,25,20,20
33,8504,0.21278526959495145,1.182662452843575e-06,0.14753001250462197,0.6396835352379739,25,20,20
33,8505,0.21278526959235633,1.1826624484773595e-06,0.14752327870925994,0.6396902690359355,25,20,20
33,8506,0.22370683360320293,1.1826746614962385e-06,0.13660185035133351,0.6396901333708024,25,20,20
33,8507,0.22370683360060753,1.1826746571295242e-06,0.13660010149429297,0.6396918822304428,25,20,20
33,8508,0.22370683360060822,1.1826746571282143e-06,0.13660656542132293,0.639685418303412,25,20,20
33,8509,0.22370683360320334,1.1826746614944299e-06,0.136613299216685,0.6396786845054505,25,20,20
33,8510,0.22436280199644051,1.184343027908054e-06,0.13600600777565033,0.6396300058848812,25,20,20
33,8511,0.22436401815576126,1.2350840363012721e-07,0.13632473137092632,0.6393111269649087,25,20,20
33,8512,0.22436401815576446,1.2350840377936743e-07,0.1363182439123448,0.6393176144234869,25,20,20
33,8513,0.22436401815576446,1.2350840377936807e-07,0.13631175561076858,0.6393241027250632,25,20,20
33,8514,0.22436401815576443,1.2350840370280224e-07,0.1363116802689597,0.6393241780668723,25,20,20
33,8515,0.22436401815576365,1.2350840799314228e-07,0.1363051428998366,0.6393307154359917,25,20,20
33,8516,0.22436401815316853,1.2350840362822451e-07,0.1362984085186317,0.6393374498197962,25,20,20
33,8517,0.2458438705359811,1.2350840379937864e-07,0.11481855684355632,0.6393374491120587,25,20,20
33,8518,0.2458438705359843,1.235083995830331e-07,0.11481848131851953,0.6393375246370966,25,20,20
33,8519,0.2458438705359843,1.235083996570006e-07,0.11482075958869543,0.6393352463669205,25,20,20
33,8520,0.24584387053857942,1.235086443145329e-07,0.11482735244509827,0.6393286535076779,25,20,20
33,8521,0.24584387053857942,1.2350864860484917e-07,0.1148274332176495,0.6393285727351223,25,20,20
33,8522,0.24584387053857626,1.2350864434308723e-07,0.11456110077342249,0.6395949051793568,25,20,20
33,8523,0.24584387053857626,1.2350864012673306e-07,0.11456560536183621,0.6395904005909473,25,20,20
33,8524,0.2628722774937999,1.2865604954358517e-07,0.09753587427699136,0.6395917195731589,25,20,20
33,8525,0.2628722774937999,1.2865604525322298e-07,0.09753579150175995,0.6395918023483946,25,20,20
33,8526,0.26287227749379916,1.2865604532750186e-07,0.09779551760606164,0.6393320762440935,25,20,20
33,8527,0.26220904202570666,4.0848804901946274e-07,0.09845847317798856,0.6393320763082545,25,20,20
33,8528,0.26220883375717446,1.2395265088126978e-07,0.09845730114837567,0.6393337411417978,25,20,20
33,8529,0.26220883375717446,1.239526508082971e-07,0.09819324764331448,0.6395977946468591,25,20,20
33,8530,0.30095467082711996,3.1441026811888325e-08,0.05944741814399132,0.6395978795878616,25,20,20
33,8531,0.3009546708271232,3.144102681320917e-08,0.05944903856244805,0.6395962591694019,25,20,20
33,8532,0.3006553298771809,3.135189682489888e-08,0.059748380033859586,0.6395962587370623,25,20,20
33,8533,0.3006553298771809,3.135189690015414e-08,0.05975080163987835,0.6395938371310436,25,20,20
33,8534,0.30065532987976806,3.1352140654647856e-08,0.05987913631142318,0.6394655024566679,25,20,20
33,8535,0.31218213605605416,2.5817613543692084e-08,0.04835390919596006,0.6394639289303717,25,20,20
33,8536,0.31218213605605405,2.581761346842737e-08,0.048351710641985325,0.6394661274843466,25,20,20
33,8537,0.31218213605346784,2.5817369637393485e-08,0.04823104339124182,0.6395867947379201,25,20,20
33,8538,0.31218213607213896,2.878433371812675e-08,0.048185050774035405,0.6396327843694912,25,20,20
33,8539,0.3121821360721422,2.8784333791924717e-08,0.04827726579130436,0.639540569352219,25,20,20
33,8540,0.31266733415074716,2.8796967582433476e-08,0.04779206772863532,0.6395405693236493,25,20,20
33,8541,0.2966239465015249,2.844174078717861e-08,0.06383545573300933,0.6395405693237243,25,20,20
33,8542,0.2966239464989298,2.8441496203650704e-08,0.06383535378843215,0.6395406712711411,25,20,20
33,8543,0.27922514983732755,3.735970937142319e-05,0.08119676345312739,0.6395407270001731,25,20,20
33,8544,0.2792251498373243,3.7359709371349224e-05,0.08119670695857703,0.6395407834947267,25,20,20
33,8545,0.27922514983732755,3.735970936289836e-05,0.0809350761353189,0.6398024143179899,25,20,20
33,8546,0.2761080907780121,3.735971312392077e-05,0.08405213646861455,0.6398024130402491,25,20,20
33,8547,0.2761080823701829,3.735969897791784e-05,0.08393319662272214,0.6399213613081166,25,20,20
33,8548,0.2921785877177566,3.7359695349059066e-05,0.06786268791521823,0.6399213646716756,25,20,20
33,8549,0.2922737058713501,3.73545442298634e-05,0.06776894941347676,0.6399199901709427,25,20,20
33,8550,0.2922737058713501,3.7354544229786835e-05,0.06776886823698534,0.6399200713474342,25,20,20
33,8551,0.2922737058713501,3.7354544229859504e-05,0.0677688368315266,0.639920102752893,25,20,20
33,8552,0.26592057727527474,3.736739775276805e-05,0.09411855235109924,0.6399235029758726,25,20,20
33,8553,0.26592057727527396,3.7367397752768015e-05,0.09410926346469706,0.6399327918622756,25,20,20
33,8554,0.26592057727527074,3.7367397752768e-05,0.09410467687042104,0.6399373784565549,25,20,20
33,8555,0.23296778090025047,4.005668120726762e-05,0.1270545872458708,0.6399375751726708,25,20,20
33,8556,0.23296778090024728,4.005668120711703e-05,0.12705470050212622,0.6399374619164186,25,20,20
33,8557,0.23296778090024728,4.0056681207192275e-05,0.1270547829802114,0.6399373794383333,25,20,20
33,8558,0.23296778090024406,4.005668120719225e-05,0.12705316197591177,0.6399390004426361,25,20,20
33,8559,0.23296778090024414,4.005668120719364e-05,0.127052986915106,0.6399391755034418,25,20,20
33,8560,0.23296778091062303,4.0056681215701596e-05,0.1270531455201934,0.639939016887967,25,20,20
33,8561,0.232967780910623,4.005668121555237e-05,0.12704844565629897,0.6399437167518616,25,20,20
33,8562,0.23289196446264374,4.005668121843965e-05,0.1271242621040115,0.6399437167521252,25,20,20
33,8563,0.22207269779152358,4.004383610139752e-05,0.1379469451668066,0.6399403132055671,25,20,20
33,8564,0.22207269779152358,4.004383610139756e-05,0.1379469779874969,0.6399402803848769,25,20,20
33,8565,0.18393435703074773,4.005909685121563e-05,0.1760853945265601,0.6399401893458413,25,20,20
33,8566,0.18393435703074773,4.005909685114296e-05,0.17608542593201892,0.6399401579403825,25,20,20
33,8567,0.18393435758641,4.0059843123386486e-05,0.17852227626441838,0.6375033063060489,25,20,20
33,8568,0.18393435703111194,4.005909685114301e-05,0.1760889944147651,0.6399365894572724,25,20,20
33,8569,0.181660524692747,4.005908849526521e-05,0.17836282675940854,0.6399365894593498,25,20,20
33,8570,0.18166052469274693,4.005908849526387e-05,0.17836277267090042,0.639936643547858,25,20,20
33,8571,0.18166052469275015,4.005908849962876e-05,0.17836937718591298,0.639930039032838,25,20,20
33,8572,0.18142503982390523,4.0059449270371425e-05,0.17860476371174897,0.6399301370150761,25,20,20
33,8573,0.18142503982390526,4.00594492703714e-05,0.17860476370840841,0.6399301370184165,25,20,20
33,8574,0.19556350031021594,4.0059578224483665e-05,0.1644663025306603,0.6399301375808999,25,20,20
33,8575,0.19556350031021594,4.005957822448498e-05,0.1644663771235088,0.6399300629880513,25,20,20
33,8576,0.1955636955210748,4.0056501744863895e-05,0.16045214545542905,0.6439441025217519,25,20,20
33,8577,0.19570183694385762,4.0056401795094514e-05,0.16031540647118164,0.6439427001831655,25,20,20
33,8578,0.19607724804913892,4.005640028628081e-05,0.159939995367465,0.6439427001831095,25,20,20
33,8579,0.19607724804913892,4.005640028620554e-05,0.1599398800720301,0.6439428154785445,25,20,20
33,8580,0.19642033605034703,4.0021083088362825e-05,0.15959682577386353,0.6439428170927008,25,20,20
33,8581,0.19641040030781481,4.002108468327835e-05,0.1596067615146629,0.6439428170928388,25,20,20
33,8582,0.1964104003078149,4.002108468335311e-05,0.1598730932841476,0.6436764853233541,25,20,20
33,8583,0.1964104003078149,4.0021084683353126e-05,0.1598795821864882,0.6436699964210133,25,20,20
33,8584,0.19641040030796855,4.002108469059534e-05,0.1661291796416655,0.6374203989656756,25,20,20
33,8585,0.19641040030797174,4.002108469074458e-05,0.16612930112716828,0.6374202774801697,25,20,20
33,8586,0.19641040029758966,4.002108492515822e-05,0.16639537330917947,0.6371542053083065,25,20,20
33,8587,0.19641040029758966,4.002108492508421e-05,0.1663887699009018,0.6371608087165842,25,20,20
33,8588,0.19641040029758647,4.00210849207933e-05,0.16638227928591245,0.6371672993315809,25,20,20
33,8589,0.19641040029763196,4.0021084920792e-05,0.16639145371356048,0.6371581249038875,25,20,20
33,8590,0.19641040029763204,4.0021084920718036e-05,0.16638683438263568,0.6371627442348123,25,20,20
33,8591,0.19641817790338983,4.0021083326318585e-05,0.16637905677101156,0.637162744242273,25,20,20
33,8592,0.19641817790338986,4.0021083083321685e-05,0.16611286804758166,0.637428932965946,25,20,20
33,8593,0.22695548341881025,5.0166502105292735e-05,0.13556561564130815,0.637428734437776,25,20,20
33,8594,0.2269554834188071,5.016650210950839e-05,0.1355720995726782,0.6374222505064048,25,20,20
33,8595,0.2269554834188071,5.0166502109583126e-05,0.13583831736342755,0.6371560327156554,25,20,20
33,8596,0.22695548342916833,5.0166502109586094e-05,0.13566476403742472,0.637329586031297,25,20,20
33,8597,0.23575350338319084,5.016658553420414e-05,0.12686674264803824,0.6373295873832361,25,20,20
33,8598,0.2516047019017899,5.016637320841887e-05,0.11101554629833839,0.6373295854266627,25,20,20
33,8599,0.25160470190179074,5.01671614390657e-05,0.11134542121798871,0.636999709718781,25,20,20
33,8600,0.25160470190163714,5.016716143197402e-05,0.10509594510713136,0.643249185829799,25,20,20
33,8601,0.2516047019016371,5.016716142768313e-05,0.10508945450296413,0.6432556764339705,25,20,20
33,8602,0.25435618333924975,3.7332567581392104e-05,0.10231733726636831,0.6432891468267999,25,20,20
33,8603,0.25435618333888554,3.733256758124151e-05,0.10230914940516217,0.6432973346883704,25,20,20
33,8604,0.26082640603457646,3.7332636444285804e-05,0.09587241587499985,0.6432638454539789,25,20,20
33,8605,0.2604503726956835,3.733272961287735e-05,0.09624840106314801,0.6432638935115551,25,20,20
33,8606,0.2615420918606183,3.733271776232597e-05,0.09515668193724372,0.6432638934843757,25,20,20
33,8607,0.2615420918606183,3.733271776232595e-05,0.09515663460052874,0.6432639408210906,25,20,20
33,8608,0.26154209186061744,3.733192953597057e-05,0.09482896336352215,0.6435916128463245,25,20,20
33,8609,0.2253770352950538,3.7357678222771355e-05,0.1309940359479768,0.6435915710787462,25,20,20
33,8610,0.22543286605167304,3.7357495637597216e-05,0.13093820453958385,0.6435915719131051,25,20,20
33,8611,0.22543286605167304,3.7357495637524554e-05,0.1309382045097838,0.6435915719429052,25,20,20
33,8612,0.22543286605167623,3.735749564180504e-05,0.1310303927603954,0.6434993836922858,25,20,20
33,8613,0.22543286605167623,3.7357495641728975e-05,0.13076405984163939,0.643765716611042,25,20,20
33,8614,0.24280145950979062,2.6578156623665143e-08,0.11343285135949298,0.6437656625525592,25,20,20
33,8615,0.24280145950979054,2.6578156474401983e-08,0.11343284390914964,0.6437656700029027,25,20,20
33,8616,0.214784613194957,1.878143027754747e-05,0.1414278531714849,0.6437687522032793,25,20,20
33,8617,0.21420541974234325,1.8781781958402623e-05,0.14200704627338187,0.6437687522023152,25,20,20
33,8618,0.21420541974234006,1.8781781962610554e-05,0.14200704437470177,0.6437687541009948,25,20,20
33,8619,0.21420522461937444,1.878178055330108e-05,0.11142978312182585,0.6743462104782455,25,20,20
33,8620,0.21420522461937452,1.8781780553376347e-05,0.1114298661904201,0.674346127409651,25,20,20
33,8621,0.21420522461937452,1.8781780553377645e-05,0.111429898193172,0.6743460954068994,25,20,20
33,8622,0.21347895176884818,1.878213111083216e-05,0.11215612264101672,0.6743461434590238,25,20,20
33,8623,0.2134789517688514,1.8782131110906123e-05,0.11216079910579412,0.6743414669942429,25,20,20
33,8624,0.21347895176903747,1.8782145056679576e-05,0.11216675711829906,0.6743355089676061,25,20,20
33,8625,0.21347895176903747,1.8782145052396527e-05,0.11207446291199846,0.6744278031739109,25,20,20
33,8626,0.21347895176904083,1.8782145056079816e-05,0.11832420933804114,0.6681780567478617,25,20,20
33,8627,0.21347895176899934,1.8782145300214756e-05,0.11840726125349893,0.6680950048322013,25,20,20
33,8628,0.17926357951106123,1.8782145648121338e-05,0.15262262743382385,0.6680950109094667,25,20,20
33,8629,0.17926357951106442,1.87821456482719e-05,0.15262274474872836,0.6680948935945588,25,20,20
33,8630,0.17926357938297016,1.8782145640836855e-05,0.14735469989143177,0.6733629385799571,25,20,20
33,8631,0.17926357938297016,1.878214564083688e-05,0.1473546978896743,0.6733629405817142,25,20,20
33,8632,0.17926357938297102,1.8782145885408948e-05,0.14736316489591428,0.6733544735752289,25,20,20
33,8633,0.17926357938296783,1.8782145885333684e-05,0.14735846138081085,0.6733591770903355,25,20,20
33,8634,0.17926357938296777,1.8782145889550007e-05,0.14735857554614945,0.6733590629249927,25,20,20
33,8635,0.17831297553192627,1.8782639952793036e-05,0.14830918112599586,0.6733590607021246,25,20,20
33,8636,0.17266253060599746,1.8782639493824327e-05,0.15395951400928404,0.6733591727452244,25,20,20
33,8637,0.19020639020157873,2.7561193522696276e-08,0.13643745716266809,0.6733561250745597,25,20,20
33,8638,0.1902063902015787,2.756118923125121e-08,0.13643536992673688,0.6733582123104951,25,20,20
33,8639,0.1902063902015787,2.7561189229976643e-08,0.13643536865473307,0.6733582135824987,25,20,20
33,8640,0.19130733431084515,2.793035919732702e-08,0.13533442417577604,0.6733582135830193,25,20,20
33,8641,0.19130733431084437,2.7930119353788917e-08,0.1352444558743158,0.6734481818847202,25,20,20
33,8642,0.17372128215583274,3.55870196218061e-07,0.1527426222633131,0.6735357397106576,25,20,20
33,8643,0.1737212821556917,3.5585625044461814e-07,0.15316072914185752,0.6731176328461999,25,20,20
33,8644,0.1737212821556917,3.558562547342463e-07,0.1531673336248939,0.6731110283631591,25,20,20
33,8645,0.17372128215828703,3.5585625488479937e-07,0.15316962184371125,0.6731087401417462,25,20,20
33,8646,0.17442348063650256,3.5551700090849405e-07,0.15246746997506086,0.6731086938714352,25,20,20
33,8647,0.20802435781374043,3.5509325032611687e-07,0.11886659525371927,0.6731086918392895,25,20,20
33,8648,0.20802435781374043,3.5509325025214617e-07,0.11886662095470638,0.6731086661383024,25,20,20
33,8649,0.20802435781373724,3.550932544399284e-07,0.11913281120069533,0.6728424758923126,25,20,20
33,8650,0.2083598442264188,3.547520847267416e-07,0.11879732388095754,0.6728424771405388,25,20,20
33,8651,0.2083648580807781,3.54739135133974e-07,0.11879231182791194,0.6728424753521746,25,20,20
33,8652,0.2083648580807781,3.547391351339512e-07,0.1187923117926375,0.6728424753874489,25,20,20
33,8653,0.19707021307843495,3.788587317501979e-05,0.1300493718495895,0.6728425291988002,25,20,20
33,8654,0.19707021307843814,3.788587317502241e-05,0.13004941922154906,0.6728424818268374,25,20,20
33,8655,0.1574506343339709,3.793476917620781e-05,0.16966894223593876,0.6728424886609143,25,20,20
33,8656,0.1574506349238274,3.793476942431323e-05,0.16979923283406462,0.6727121974726838,25,20,20
33,8657,0.15745063492382425,3.79347694243872e-05,0.16980134785609988,0.6727100824506518,25,20,20
33,8658,0.15745063433396772,3.793476917628308e-05,0.1696711716827533,0.6728402592141031,25,20,20
33,8659,0.15746762614327026,3.793476925617456e-05,0.16965417944841493,0.6728402596390591,25,20,20
33,8660,0.15746762614327026,3.7934769251910204e-05,0.16938807675812784,0.6731063623293505,25,20,20
33,8661,0.19243980139571376,3.7948047798180266e-05,0.13441580122459554,0.6731064493318918,25,20,20
33,8662,0.19239255169740888,3.795295481912185e-05,0.1344631411878522,0.6731063541599195,25,20,20
33,8663,0.18409794900329202,3.910357827762507e-05,0.1428440592539157,0.6730188881645147,25,20,20
33,8664,0.1775052462721948,1.5886426908223769e-06,0.14947215644988854,0.6730210086352257,25,20,20
33,8665,0.17750524627224004,1.5886429337894573e-06,0.14973831205627028,0.6727548530285555,25,20,20
33,8666,0.177505246272195,1.5886431783849937e-06,0.14931887480917244,0.6731742902754537,25,20,20
33,8667,0.1775052462721958,1.5886431783875894e-06,0.1493191047048027,0.6731740603798229,25,20,20
33,8668,0.21738070757021433,1.5397363055281061e-06,0.10944370041833168,0.6731740522751481,25,20,20
33,8669,0.2173807075702166,1.5397360652178254e-06,0.10970145247155612,0.6729163002221615,25,20,20
33,8670,0.21738070757043942,1.5397363087876486e-06,0.10371866486429791,0.6788990878289535,25,20,20
33,8671,0.21738070757043942,1.5397363130778126e-06,0.10372017386157681,0.6788975788316702,25,20,20
33,8672,0.2173807075704849,1.5397365576714625e-06,0.1037227305580913,0.6788950221348655,25,20,20
33,8673,0.21738682442896667,1.5397364747611686e-06,0.10371661370729036,0.6788950221272677,25,20,20
33,8674,0.2173868244289212,1.539736474685886e-06,0.10371661366607164,0.6788950221685319,25,20,20
33,8675,0.2173868244289244,1.5397364746119373e-06,0.10372129608851573,0.6788903397460845,25,20,20
33,8676,0.21738682443151952,1.5397362343813317e-06,0.10372329035365895,0.6788883454785865,25,20,20
33,8677,0.217384750575347,1.539737745500777e-06,0.1037253646265982,0.678888345060309,25,20,20
33,8678,0.21725902612400447,1.539737773383856e-06,0.10385108907778216,0.6788883450604396,25,20,20
33,8679,0.2172590261136432,1.5397377733087208e-06,0.10375839029809864,0.6789810438504847,25,20,20
33,8680,0.21725902612399162,1.539751915426145e-06,0.10388177030359763,0.6788576638204951,25,20,20
33,8681,0.21725902611382417,1.5397380163017818e-06,0.10401813882132221,0.6787212953268371,25,20,20
33,8682,0.2172590261138209,1.5397380120200263e-06,0.10392583752299224,0.6788135966251747,25,20,20
33,8683,0.2172590261138209,1.5397380077311355e-06,0.10429731792586244,0.6784421162223088,25,20,20
33,8684,0.2172590261138177,1.5397380078050842e-06,0.10429260269488852,0.6784468314532858,25,20,20
33,8685,0.2172590261112223,1.5397380076545093e-06,0.10429020003111589,0.6784492341196541,25,20,20
33,8686,0.2030683540738108,0.0016337970520713832,0.11685070461877375,0.6784471442553435,25,20,20
33,8687,0.20306835407362997,0.0016337970518284627,0.11658443491370374,0.6787134139608374,25,20,20
33,8688,0.20306835407356474,0.0016337970639007677,0.12097627699920231,0.6743215718633315,25,20,20
33,8689,0.20306835407356152,0.0016337970638965061,0.12070994455494514,0.6745879043075962,25,20,20
33,8690,0.203068354083942,0.0016337970643856728,0.12071667742946737,0.6745811714222043,25,20,20
33,8691,0.19947552229837356,0.001632318373253275,0.12431097754522522,0.674581181783147,25,20,20
33,8692,0.19946345167735458,0.0016521360185367676,0.1243015962859426,0.6745828160181654,25,20,20
33,8693,0.1979393833925375,0.0009816551254210357,0.12191064654661854,0.6791683149354223,25,20,20
33,8694,0.1979393833927196,0.0009816551254211838,0.12153982410801052,0.6795391373738481,25,20,20
33,8695,0.1979393833927196,0.0009816551254254748,0.12154429767333336,0.6795346638085209,25,20,20
33,8696,0.1979393833927196,0.0009816551254255503,0.12154441353535972,0.6795345479464945,25,20,20
33,8697,0.1979393833927164,0.0009816551254212588,0.12154432118551886,0.6795346402963426,25,20,20
33,8698,0.19793938339270917,0.0009816551248666388,0.1231355413847347,0.6779434200976886,25,20,20
33,8699,0.19825292112581622,0.0009816547640929916,0.12282210199490363,0.6779433221151865,25,20,20
33,8700,0.1982529211258186,0.0009816547640972705,0.12291417411802825,0.677851249992055,25,20,20
33,8701,0.19825292111543824,0.0009816547636123947,0.12291404665204551,0.6778513774689029,25,20,20
33,8702,0.19825292111543832,0.0009816547636124684,0.12291408670997697,0.6778513374109714,25,20,20
33,8703,0.19825292111543832,0.0009816547636124684,0.1229140539105599,0.6778513702103885,25,20,20
33,8704,0.1982529211156204,0.00098165476360818,0.12291955090806315,0.6778458732127075,25,20,20
33,8705,0.1982529211156204,0.000981654763608152,0.12317927761812016,0.6775861465026505,25,20,20
33,8706,0.19825292111543832,0.0009816547636081507,0.12317568350595502,0.6775897406149975,25,20,20
33,8707,0.19825292111543832,0.0009816547636038598,0.1231691594799764,0.6775962646409808,25,20,20
33,8708,0.19828614741084977,0.0009816543942205561,0.1231359335544536,0.6775962646404756,25,20,20
33,8709,0.19698262909251923,0.0009816547458902495,0.12443944984446967,0.6775962663171203,25,20,20
33,8710,0.19698262909510947,0.0009816547456500072,0.12456450431611855,0.6774712118431213,25,20,20
33,8711,0.19698262909510947,0.0009816547456500827,0.12456453679344126,0.6774711793657986,25,20,20
33,8712,0.19698262909510952,0.0009816547456543002,0.1245646181487912,0.6774710980104444,25,20,20
33,8713,0.19698262909510947,0.0009816547456500085,0.12456442286907642,0.6774712932901634,25,20,20
33,8714,0.19698262909511272,0.0009816547456542998,0.12456100834630736,0.6774747078129251,25,20,20
33,8715,0.19698262910580866,0.0009816547571454256,0.13149183875901158,0.6705438773780337,25,20,20
33,8716,0.19699985874604833,0.0009816557478379375,0.13147474654949648,0.6705437389566165,25,20,20
33,8717,0.19699985874604511,0.000981655747833645,0.13147155513481404,0.6705469303713065,25,20,20
33,8718,0.21997260494508705,0.0009816576744668586,0.10849879306100116,0.6705469443194442,25,20,20
33,8719,0.21997260494508705,0.0009816576744667847,0.10849867533763842,0.6705470620428069,25,20,20
33,8720,0.2190020451167631,0.0009816576790894352,0.10946923511034408,0.670547062093803,25,20,20
33,8721,0.219002045114176,0.000981657679085233,0.10933946245760018,0.6706768347491382,25,20,20
33,8722,0.21900204511413157,0.0009816576788379769,0.1090733402039234,0.6709429570031068,25,20,20
33,8723,0.21900204511412838,0.0009816576788378264,0.10907322347470112,0.6709430737323323,25,20,20
33,8724,0.21900204511153326,0.0009816576788334616,0.10906660204198948,0.6709496951676435,25,20,20
33,8725,0.21900204511171567,0.0009816576927355895,0.10918545512323612,0.6708308420723124,25,20,20
33,8726,0.21900204511171567,0.0009816576927355895,0.10918545265109728,0.6708308445444512,25,20,20
33,8727,0.21869050128530534,0.000981657705388004,0.10949699477526562,0.6708308462340407,25,20,20
33,8728,0.21869050128530532,0.0009816577053837396,0.10923066157189742,0.671097179437413,25,20,20
33,8729,0.21869050128530532,0.0009816577053837396,0.10923069438025027,0.6710971466290602,25,20,20
33,8730,0.21869050128530532,0.000981657705383741,0.1092306963879798,0.6710971446213305,25,20,20
33,8731,0.2186905012851236,0.000981657705383741,0.10913803113440636,0.6711898098750858,25,20,20
33,8732,0.2186905012851236,0.0009816577053836683,0.10913806982587249,0.6711897711836197,25,20,20
33,8733,0.2186905012849447,0.0009816577053878108,0.10913599098107113,0.6711918500285958,25,20,20
33,8734,0.21869050127424636,0.000981657693892406,0.10211292695192176,0.6782149140799392,25,20,20
33,8735,0.21869050128444062,0.0009816576960251845,0.09599465861971529,0.6843331823998186,25,20,20
33,8736,0.21869050128444062,0.0009816576960251845,0.09599477308374085,0.6843330679357931,25,20,20
33,8737,0.2189682068678065,0.0009816580592244947,0.09571697014666482,0.6843331649263038,25,20,20
33,8738,0.2189682068576407,0.0009816580455713731,0.09558997039922104,0.6844601646975665,25,20,20
33,8739,0.21908613992828815,0.0009816580455994132,0.09547203689561166,0.6844601651305007,25,20,20
33,8740,0.21508145443489413,0.0009816581329601742,0.09947670089297299,0.6844601865391725,25,20,20
33,8741,0.2150814544348909,0.0009816581329558825,0.09947661277623322,0.6844602746559196,25,20,20
33,8742,0.21508145443489168,0.0009816581329601733,0.09948322069631586,0.6844536667358321,25,20,20
33,8743,0.2150814544348909,0.0009816581329558838,0.09947673063532438,0.6844601567968286,25,20,20
33,8744,0.2150814544348902,0.0009816581329559564,0.09947658311728089,0.6844603043148729,25,20,20
33,8745,0.21508145443470778,0.0009816581190537532,0.09935761567758508,0.6845792717686531,25,20,20
33,8746,0.21508145819538962,0.0009618355670009752,0.05961685905762524,0.7243398471799837,25,20,20
33,8747,0.2150814498122313,0.0009618355669933316,0.059471399051062725,0.7244853155697123,25,20,20
33,8748,0.21508144981223137,0.0009618355669976231,0.05947314682356742,0.7244835677972032,25,20,20
33,8749,0.21508144981223137,0.0009618355669976245,0.059473227288818355,0.7244834873319523,25,20,20
33,8750,0.2150814498122314,0.0009618355669976996,0.05947106302476915,0.7244856515960015,25,20,20
33,8751,0.2150814498122314,0.0009618355669977737,0.05947106441740803,0.7244856502033626,25,20,20
33,8752,0.2150814498122314,0.0009618355669977724,0.059470983942059415,0.7244857306787112,25,20,20
33,8753,0.2150814498122314,0.0009618355809327848,0.05948155628632347,0.7244751583205122,25,20,20
33,8754,0.21508144981241348,0.0009618355809370007,0.05948614622910752,0.7244705683775419,25,20,20
33,8755,0.18769060049013206,0.0009618419325335124,0.08687708680204607,0.7244704707752884,25,20,20
33,8756,0.18769060049013203,0.0009618419325378026,0.08687859376244746,0.7244689638148829,25,20,20
33,8757,0.18769060049013203,0.0009618419325377286,0.0868850826737303,0.7244624749036,25,20,20
33,8758,0.18769060049013203,0.0009618419325377261,0.08688493071229146,0.7244626268650388,25,20,20
33,8759,0.18769060049013203,0.0009618419325378001,0.08688493217489109,0.7244626254024392,25,20,20
33,8760,0.1876906004901328,0.0009618419325420174,0.0868870979731438,0.7244604596041816,25,20,20
33,8761,0.1876906004901328,0.0009618419325420162,0.08688709743417727,0.7244604601431481,25,20,20
33,8762,0.1876906004901791,0.0009618419325420903,0.08689165926297412,0.724455898314305,25,20,20
33,8763,0.1876906004901791,0.0009618419325420889,0.08689162383203769,0.7244559337452415,25,20,20
33,8764,0.1876906004901791,0.0009618419325463798,0.08689822773345478,0.72444932984382,25,20,20
33,8765,0.18769060049036124,0.0009618419325463837,0.08689993735561714,0.7244476202214756,25,20,20
33,8766,0.16917461802500447,0.0009624374164644996,0.1054152761752406,0.7244476683832909,25,20,20
33,8767,0.13096554809323513,0.0009625081268515131,0.14362416304662287,0.7244477807332907,25,20,20
33,8768,0.130965548093053,0.0009625081266069934,0.1436240293538969,0.7244479144264433,25,20,20
33,8769,0.13096554809305297,0.0009625081266027791,0.1436221246934984,0.7244498190868461,25,20,20
33,8770,0.13096554809305297,0.0009625081266027803,0.14362212612429842,0.724449817656046,25,20,20
33,8771,0.13096554809287084,0.0009625081266027777,0.14362053153989962,0.7244514122406268,25,20,20
33,8772,0.13096554809287084,0.0009625081266027012,0.14361591074764604,0.7244560330328805,25,20,20
33,8773,0.13087721281824066,0.0009624587923470648,0.14369869878138578,0.7244616296080265,25,20,20
33,8774,0.13087721281824066,0.0009624587923469909,0.14369864277920077,0.7244616856102113,25,20,20
33,8775,0.13488968800222775,0.0009624587049303327,0.13968618952436698,0.7244616637684749,25,20,20
33,8776,0.13488968800222775,0.0009624587049303327,0.13968618748733522,0.7244616658055066,25,20,20
33,8777,0.1348896880022291,0.0009624587049303947,0.14595229557721034,0.71819555771563,25,20,20
33,8778,0.12318801362797696,0.0009624519776225221,0.15765397775650414,0.7181955566378972,25,20,20
33,8779,0.12318800872784959,2.0902243479730214e-05,0.16317942288256504,0.7136116661461065,25,20,20
33,8780,0.12318800872784959,2.090224347980417e-05,0.16317942383394077,0.7136116651947306,25,20,20
33,8781,0.10384907798214464,2.158609481916958e-05,0.18251761349654788,0.713611722426488,25,20,20
33,8782,0.10300752215603644,2.0306866672077893e-05,0.1833605534350308,0.7136116175422603,25,20,20
33,8783,0.10300752215603641,2.0306866672003923e-05,0.1833604723640678,0.7136116986132235,25,20,20
33,8784,0.10228335663668212,2.0286344597749057e-05,0.1840903673881116,0.7136059896306081,25,20,20
33,8785,0.1022833566365,2.0286344593457923e-05,0.18409036337988455,0.7136059936390217,25,20,20
33,8786,0.102479255476674,0.0010726873829237627,0.18275403885760874,0.7136940182827931,25,20,20
33,8787,0.102479255476809,0.0010726873829279599,0.1829289971164373,0.7135190600238255,25,20,20
33,8788,0.10247925547681219,0.0010726873829322513,0.18292449256440232,0.713523564575853,25,20,20
33,8789,0.10247925547681543,0.0010726873829365441,0.18292603370916902,0.7135220234310787,25,20,20
33,8790,0.10247925547681543,0.0010726873829408358,0.18292615414957986,0.7135219029906635,25,20,20
33,8791,0.10247925547681704,0.00107268738294513,0.18292847472074242,0.7135195824194951,25,20,20
33,8792,0.09631721747024026,0.0010729327797428987,0.18909026660388786,0.7135195831461288,25,20,20
33,8793,0.09631721747024345,0.0010729327797429728,0.1890883653556037,0.7135214843944098,25,20,20
33,8794,0.10172501266368719,0.001072691521437411,0.18361893449018812,0.7135833613246869,25,20,20
33,8795,0.10172501266368726,0.0010726915214374863,0.18361907559787444,0.7135832202170005,25,20,20
33,8796,0.1017250126636873,0.0010726915214374889,0.18361899797705308,0.7135832978378218,25,20,20
33,8797,0.10172501266368653,0.0010726915214375626,0.18362141882107155,0.7135808769938042,25,20,20
33,8798,0.10172501266372894,0.00107269152144178,0.1836190821235062,0.7135832136913229,25,20,20
33,8799,0.10172501266373132,0.00107269152144607,0.18362076271722105,0.7135815330976015,25,20,20
33,8800,0.10172501266372816,0.0010726915214460686,0.18362076269242983,0.7135815331223959,25,20,20
33,8801,0.1126921120367959,0.0010726886747207092,0.17265368009571244,0.7135815191927706,25,20,20
33,8802,0.11269211203679581,0.001072688674720633,0.17265361802111528,0.7135815812673679,25,20,20
33,8803,0.11269211203679581,0.001072688660781404,0.1726459991139389,0.7135892001884837,25,20,20
33,8804,0.11269211203679581,0.0010726886607814027,0.17264597262910308,0.7135892266733197,25,20,20
33,8805,0.11269211203679579,0.0010726886607813275,0.17264585730736795,0.7135893419950547,25,20,20
33,8806,0.11269211203679579,0.0010726886605414833,0.172560167184095,0.7136750321185678,25,20,20
33,8807,0.11269211203679579,0.001072688660541482,0.17255558121304934,0.7136796180896136,25,20,20
33,8808,0.11340632876367852,0.001072684528318287,0.17190324454391526,0.7136177421640881,25,20,20
33,8809,0.1144847717102374,0.0010726454079161784,0.17082493401787757,0.7136176488639685,25,20,20
33,8810,0.11448477171023413,0.0010726454079118103,0.1708234237651688,0.7136191591166852,25,20,20
33,8811,0.11448477171940703,0.0010726454079119422,0.175482493119813,0.7089600897528677,25,20,20
33,8812,0.1012826968210274,0.001072670661473682,0.17782649394170075,0.7198181385757978,25,20,20
33,8813,0.14031258448938075,0.0010726698012008893,0.13879660713384145,0.7198181385755765,25,20,20
33,8814,0.14031258448025338,0.0010726698012050488,0.13414403211580248,0.7244707136027388,25,20,20
33,8815,0.14013108996620502,2.0274363049593114e-05,0.13546433072205638,0.7243843049486881,25,20,20
33,8816,0.14013108996624876,2.0274363291868162e-05,0.12957201752483258,0.730276618145626,25,20,20
33,8817,0.140131089966289,2.027436329945172e-05,0.13423081671052337,0.7256178189598876,25,20,20
33,8818,0.1401311236891752,2.0274363784431526e-05,0.13423880249571393,0.725609799451326,25,20,20
33,8819,0.1401311236891752,2.0274363784430208e-05,0.13423888015106525,0.7256097217959747,25,20,20
33,8820,0.14022633166727264,2.02743725043592e-05,0.13414366983811066,0.7256097241221123,25,20,20
33,8821,0.1402263316672276,2.0274372262097236e-05,0.13376998881603858,0.7259834051444717,25,20,20
33,8822,0.14022633166722756,2.027437225780709e-05,0.1337684029375777,0.7259849910229369,25,20,20
33,8823,0.1402263316672275,2.0274372257731818e-05,0.1337682890602668,0.7259851049002478,25,20,20
33,8824,0.1402263316670917,2.027437225782501e-05,0.13358896483986685,0.7261644291207834,25,20,20
33,8825,0.1402263316670917,2.0274372253533367e-05,0.13358896027058018,0.726164433690074,25,20,20
33,8826,0.11414031156498247,2.5415709040577695e-05,0.16912467876361048,0.7167095939623654,25,20,20
33,8827,0.11414031156498247,2.5415709040503722e-05,0.16912456398635567,0.7167097087396204,25,20,20
33,8828,0.11414031610902985,5.526818138982118e-06,0.1691461124348147,0.7167080446380156,25,20,20
33,8829,0.11414031610902985,5.526818138982119e-06,0.16914611328107246,0.7167080437917577,25,20,20
33,8830,0.11414031610902825,5.526818134689376e-06,0.16914379274443994,0.7167103643283962,25,20,20
33,8831,0.11414031610902904,5.526818134838616e-06,0.16914402320830477,0.7167101338645304,25,20,20
33,8832,0.11414383294622826,0.0010834365334195192,0.1680625980019041,0.7167101325184473,25,20,20
33,8833,0.11414383294618809,0.001083436533411938,0.16340533923294834,0.7213673912874506,25,20,20
33,8834,0.11414383294619122,0.0010834365334120132,0.16349293106928273,0.7212797994511129,25,20,20
33,8835,0.11414383294619203,0.0010834365334120159,0.16362234566254952,0.7211503848578453,25,20,20
33,8836,0.11414383295657357,0.001083436533412016,0.16362001727141096,0.721152713238603,25,20,20
33,8837,0.11414383296695402,0.0010834365336608906,0.16362672265555495,0.7211460078438295,25,20,20
33,8838,0.11414383296695402,0.0010834365336608906,0.16362672266228656,0.721146007837098,25,20,20
33,8839,0.11414383296695639,0.0010834365336609645,0.16349733463819874,0.7212753958611835,25,20,20
33,8840,0.11414383296695639,0.0010834365336610384,0.16349736942487642,0.7212753610745056,25,20,20
33,8841,0.11394918618436294,0.0010783105115871874,0.16508932993786377,0.7198831733661853,25,20,20
33,8842,0.1139491861845451,0.001078310511591555,0.16509594567240984,0.7198765576314528,25,20,20
33,8843,0.1139491861870945,0.0010783105115873392,0.16509862582009313,0.7198738774812241,25,20,20
33,8844,0.11394918618709768,0.0010783105115873108,0.16536333591689856,0.7196091673844159,25,20,20
33,8845,0.11394918618709689,0.0010783105115872353,0.1653632202302887,0.7196092830710268,25,20,20
33,8846,0.1139491861871424,0.001078310511591527,0.16536330365570076,0.7196091996455649,25,20,20
33,8847,0.11394918617676199,0.0010783105113426525,0.1653565968598091,0.7196159064520858,25,20,20
33,8848,0.08568734280375516,0.00107831044444374,0.19361843686107774,0.7196159098907239,25,20,20
33,8849,0.08566286530111605,0.001880159350616076,0.19278501306683107,0.7196719622814375,25,20,20
33,8850,0.08566286588679282,0.0018801593644200956,0.19319744140144862,0.719259533347339,25,20,20
33,8851,0.08564854181278159,0.002230296737346447,0.192863246120097,0.7192579153297758,25,20,20
33,8852,0.08564854181278157,0.0022302967373421566,0.19286305134756115,0.7192581101023159,25,20,20
33,8853,0.0856485418127784,0.002230296737337895,0.19259683228816374,0.7195243291617207,25,20,20
33,8854,0.08564854181273292,0.0022302967373378805,0.1927261551291606,0.7193950063207691,25,20,20
33,8855,0.08564864894126627,0.0018944603033859803,0.19306188458603787,0.7193950061693104,25,20,20
33,8856,0.08564515262685968,0.0008162234572065771,0.1941436454658875,0.7193949784500472,25,20,20
33,8857,0.0856449649317999,0.0012055812737917506,0.19375447516873134,0.7193949786256778,25,20,20
33,8858,0.08564496493175444,0.001205581273787459,0.1937589793777639,0.7193904744166949,25,20,20
33,8859,0.0856449649317545,0.0012055812737875328,0.1937589479868922,0.7193905058075666,25,20,20
33,8860,0.0856449649317545,0.0012055812737875328,0.19375732994933553,0.7193921238451231,25,20,20
33,8861,0.08000916024873524,0.00120558126097144,0.19939313810242262,0.7193921203878715,25,20,20
33,8862,0.08000916024873525,0.0012055812609715138,0.19952266712414918,0.7192625913661448,25,20,20
33,8863,0.08000916024094878,0.0012055812609715133,0.19952702935419914,0.719258229143881,25,20,20
33,8864,0.08000916024094878,0.0012055812609715146,0.19952714321348824,0.7192581152845919,25,20,20
33,8865,0.08000911345638743,0.00040393911307396243,0.20039472673330486,0.7191922206972337,25,20,20
33,8866,0.07908009388995245,0.00040396458560288935,0.20132020054924665,0.7191957409751975,25,20,20
33,8867,0.07908009388995245,0.00040396458560288805,0.2013200847270331,0.7191958567974109,25,20,20
33,8868,0.079080093304318,0.00040396457204345073,0.2009141976556973,0.7196017444679407,25,20,20
33,8869,0.0790800595813862,0.00040396457155417946,0.20090392609380725,0.7196120497532518,25,20,20
33,8870,0.0790503632903551,0.00040393956252486243,0.20093716557210467,0.7196085315750147,25,20,20
33,8871,0.0790503632903975,0.00040393956252915224,0.20094149862232477,0.7196041985247481,25,20,20
33,8872,0.08002897468896064,0.0004039126288395421,0.19996291411435205,0.7196041985678475,25,20,20
33,8873,0.08002897468896071,0.0004039126288395422,0.19996302371730962,0.71960408896489,25,20,20
33,8874,0.08002897468636577,0.0004039126288394669,0.19995385126989862,0.7196132614148959,25,20,20
33,8875,0.0800289746863697,0.00040391264272922334,0.2001080146908181,0.7194590979800829,25,20,20
33,8876,0.08002897468855866,0.0004039126429355277,0.2063740439784719,0.7131930686900338,25,20,20
33,8877,0.08002897468851304,0.00040391264293116255,0.20636956990981475,0.713197542758741,25,20,20
33,8878,0.07905064753984727,0.0004039126341937048,0.20734789714977128,0.7131975426761876,25,20,20
33,8879,0.07905064813155953,0.0004039126341937184,0.2072232253879248,0.7133222138463218,25,20,20
33,8880,0.07905064813155556,0.000403912620303962,0.2070690619419862,0.7134763773061542,25,20,20
33,8881,0.07905064813155556,0.0004039126203041125,0.20707376520297124,0.713471674045169,25,20,20
33,8882,0.07905064813155557,0.0004039126203084029,0.20707388140842994,0.713471557839706,25,20,20
33,8883,0.07905064813155559,0.000403912620312619,0.20707607793005134,0.7134693613180804,25,20,20
33,8884,0.07905064813160116,0.0004039126203169102,0.20708020396242685,0.713465235285655,25,20,20
33,8885,0.07904960079958417,0.0004039134670148616,0.20708102038382503,0.7134654653495758,25,20,20
33,8886,0.07904960079698907,0.00040391346701049537,0.20707428508996853,0.7134722006460319,25,20,20
33,8887,0.07904960079698906,0.0004039134670062038,0.20707408841925887,0.7134723973167459,25,20,20
33,8888,0.07906660129551302,0.00040391381789103587,0.2070570892996362,0.7134723955869593,25,20,20
33,8889,0.08213328840146852,0.0004039129713051526,0.2039906311764972,0.7134721674507286,25,20,20
33,8890,0.08213328840147172,0.00040391297130937026,0.20399071258405435,0.713472086043164,25,20,20
33,8891,0.0821332884014717,0.0004039129713050801,0.20398854747832376,0.7134742511488991,25,20,20
33,8892,0.08213328781233381,0.00040391298511387825,0.20435787856383933,0.7131049206387126,25,20,20
33,8893,0.08213328781233381,0.0004039129851181681,0.2043624682311912,0.7131003309713563,25,20,20
33,8894,0.08213328781233381,0.00040391298511387695,0.2043577654816806,0.7131050337208713,25,20,20
33,8895,0.08213328781233377,0.00040391298511372636,0.2043530661668093,0.7131097330357428,25,20,20
33,8896,0.08213328781233374,0.00040391298511801795,0.20435315379778438,0.7131096454047633,25,20,20
33,8897,0.08213328781233456,0.00040391298511809303,0.20435528307409834,0.7131075161284484,25,20,20
33,8898,0.08213328781233456,0.00040391298511809303,0.2043553950714024,0.7131074041311445,25,20,20
33,8899,0.08213328781492914,0.0004039129851181685,0.20423987063940957,0.7132229285605426,25,20,20
33,8900,0.08213328781492595,0.00040391298511801963,0.20414769060651458,0.7133151085934412,25,20,20
33,8901,0.08213328781488047,0.00040391298487351085,0.20440731871799045,0.7130554804822551,25,20,20
33,8902,0.08213328831345519,0.0004039511556193486,0.21070022956461024,0.7067625309663148,25,20,20
33,8903,0.08213328831345441,0.00040395115561927435,0.21070260719713496,0.7067601533337909,25,20,20
33,8904,0.08213328831345444,0.0004039511556236006,0.2110757105100269,0.7063870500208946,25,20,20
33,8905,0.08213328831345526,0.00040395115562367583,0.21107582641218697,0.7063869341187338,25,20,20
33,8906,0.08309592971842872,0.00040395117357940323,0.21011318474328483,0.7063869343647065,25,20,20
33,8907,0.08309592971842791,0.00040395117357932804,0.21011314858744107,0.7063869705205511,25,20,20
33,8908,0.08309592971842791,0.00040395117357932804,0.2101131157047682,0.7063870034032239,25,20,20
33,8909,0.08309592971847345,0.0004039511735794025,0.2101086108393369,0.7063915082686095,25,20,20
33,8910,0.08311874746813423,0.0004044960929963784,0.20993716085412045,0.7065395955847493,25,20,20
33,8911,0.08311874746817977,0.0004044960930005946,0.20993420656618078,0.7065425498726394,25,20,20
33,8912,0.08005408923287041,0.0004044965385723637,0.21299886423074327,0.7065425499978146,25,20,20
33,8913,0.08005408923287048,0.000404496538576654,0.21299897973176882,0.7065424344967848,25,20,20
33,8914,0.07999572147806072,0.00040454431837948023,0.21305730168950623,0.706542432514054,25,20,20
33,8915,0.07999370993242799,0.00040449610755891063,0.21232773576155445,0.7072740581984592,25,20,20
33,8916,0.07999370993261012,0.00040449610756320044,0.21233235897040284,0.7072694349894245,25,20,20
33,8917,0.08001219211083913,0.00040424929103123614,0.21231530271515633,0.7072682558829725,25,20,20
33,8918,0.08001219161221879,0.00040421112028110845,0.20602285120023772,0.7135607460672634,25,20,20
33,8919,0.08001219161203743,0.00040421112027681615,0.2060162375862007,0.7135673596814861,25,20,20
33,8920,0.08001219161203822,0.00040421112028118304,0.20601635955778852,0.713567237709893,25,20,20
33,8921,0.08001219161203908,0.0004042111202813336,0.20601952103520874,0.7135640762324716,25,20,20
33,8922,0.08001219161203903,0.00040421112028126013,0.2057578896776083,0.7138257075900721,25,20,20
33,8923,0.08001219161203829,0.00040421112028118743,0.20575785556061532,0.7138257417070658,25,20,20
33,8924,0.08001219161199272,0.00040421112027689735,0.20575610902630512,0.713827488241426,25,20,20
33,8925,0.08001219161217475,0.0004042111205214928,0.20576056255157155,0.7138230347157329,25,20,20
33,8926,0.0800131663655551,1.8557717026757245e-06,0.20616194140776248,0.7138230364549792,25,20,20
33,8927,0.11903506405693991,1.855281386941584e-06,0.16714004887917894,0.7138230317824953,25,20,20
33,8928,0.15507218470761427,1.8552679979755712e-06,0.13183455399694335,0.7130914060274448,25,20,20
33,8929,0.15507218471649287,1.8552679978273173e-06,0.13762112031203186,0.7073048397034779,25,20,20
33,8930,0.15507218471649606,1.8552679979012885e-06,0.13761650298159953,0.707309457033907,25,20,20
33,8931,0.15507218471390144,1.8552680020416615e-06,0.13760910286885045,0.7073168571492466,25,20,20
33,8932,0.15507218471408218,1.8552819003675132e-06,0.13773860339343869,0.7071873566105793,25,20,20
33,8933,0.15507218470520356,1.8552819004402664e-06,0.13207839751143294,0.7128475625014636,25,20,20
33,8934,0.15507218470520276,1.8552819003651958e-06,0.13194887165481622,0.7129770883580813,25,20,20
33,8935,0.1550721847026284,1.8552680872019375e-06,0.13157477270487788,0.713351187324407,25,20,20
33,8936,0.1550721847026284,1.8552680872032352e-06,0.13157488448996665,0.7133510755393183,25,20,20
33,8937,0.15507218470262832,1.855268087203212e-06,0.13157488306314907,0.7133510769661359,25,20,20
33,8938,0.15507218470262832,1.8552680872032125e-06,0.13157488306314893,0.7133510769661359,25,20,20
33,8939,0.18119286163033696,1.3137776918387228e-06,0.1056028188617379,0.7132030057302334,25,20,20
33,8940,0.18119286163033782,1.3145704913167862e-06,0.10569805137646685,0.7131077724227042,25,20,20
33,8941,0.18119286163033774,1.3145704869905925e-06,0.1053249480635749,0.7134808757356005,25,20,20
33,8942,0.18119286163015882,1.314570727284278e-06,0.10532694834494713,0.7134788754541668,25,20,20
33,8943,0.18119286163015563,1.3145704826994393e-06,0.10532035974923447,0.7134854640501272,25,20,20
33,8944,0.18119286163015555,1.3145704826968213e-06,0.10532047277594973,0.7134853510234122,25,20,20
33,8945,0.18119286163015644,1.3145704828474507e-06,0.10532058931189425,0.7134852344874665,25,20,20
33,8946,0.1457814897559583,0.0008272711097699794,0.1398369177811283,0.7135543213531431,25,20,20
33,8947,0.1457814897559583,0.0008272711097699794,0.13983680133441567,0.7135544377998557,25,20,20
33,8948,0.14578148975595837,0.0008272711097699808,0.13983688325067953,0.7135543558835918,25,20,20
33,8949,0.14578148975595837,0.0008272711097699796,0.13983685126026008,0.7135543878740113,25,20,20
33,8950,0.14578148975582494,0.000827271109529748,0.13983468261712895,0.7135565565175159,25,20,20
33,8951,0.14578148975582494,0.0008272711095254584,0.13982807809677048,0.7135631610378788,25,20,20
33,8952,0.14578148976408012,0.0008272711095253686,0.1480195112794104,0.705371727846984,25,20,20
33,8953,0.14578148976408012,0.00082727110952537,0.14839251413230467,0.7049987249940898,25,20,20
33,8954,0.1457814897642167,0.0008272711095211535,0.1483945962412847,0.7049966428849771,25,20,20
33,8955,0.14578148977459507,0.0008272711095254432,0.14839680027132643,0.7049944388445525,25,20,20
33,8956,0.14578148977441613,0.0008272711095295838,0.14839922304150316,0.7049920160745505,25,20,20
33,8957,0.14578148977423466,0.0008272710956269665,0.14827187920178683,0.7051193599283511,25,20,20
33,8958,0.14578148977423466,0.000827271095627043,0.14827196367811404,0.7051192754520237,25,20,20
33,8959,0.14577975672656082,0.0008272707450682837,0.1482736970768608,0.7051192754515094,25,20,20
33,8960,0.1438174369302228,0.0008272707512367671,0.15023601680974927,0.7051192755087906,25,20,20
33,8961,0.1438174369302228,0.0008272707512367671,0.1502360501692782,0.7051192421492618,25,20,20
33,8962,0.14185015467398324,0.0008272711020627495,0.15220323820771653,0.7051193360162371,25,20,20
33,8963,0.1497544000331142,0.000827267674442968,0.14429901199464054,0.705119320297802,25,20,20
33,8964,0.1497544000331142,0.0008272676744431172,0.14430553428765194,0.7051127980047904,25,20,20
33,8965,0.1497544000331142,0.000827267674443116,0.14430553232463808,0.7051127999678043,25,20,20
33,8966,0.14975440003311413,0.0008272676744431145,0.14393241558380887,0.7054859167086335,25,20,20
33,8967,0.1497544000331142,0.0008272676744431172,0.14393241703089485,0.7054859152615475,25,20,20
33,8968,0.14980489159419777,0.0008272691653285054,0.1438664267426973,0.7055014124977754,25,20,20
33,8969,0.14973791602429246,0.0008274555046983599,0.1439478153395528,0.7054868131314553,25,20,20
33,8970,0.15544011512048464,0.0008274555033511239,0.13824561659958945,0.7054868127765741,25,20,20
33,8971,0.1219480261857616,0.0008277204392038258,0.17173680338960393,0.705487449985431,25,20,20
33,8972,0.12194802618576076,0.0008277196464043464,0.17163698350860965,0.7055872706592256,25,20,20
33,8973,0.12194802618576071,0.0008277196464043438,0.17163698089015167,0.7055872732776837,25,20,20
33,8974,0.11795391263501168,0.0008400554990553037,0.17219500418747408,0.7090110276784592,25,20,20
33,8975,0.11795391263501168,0.0008400554990553024,0.17219489114000222,0.7090111407259312,25,20,20
33,8976,0.11795391263501254,0.0008400554990595936,0.17219952467180477,0.7090065071941235,25,20,20
33,8977,0.1179539126350165,0.0008400554990596675,0.17220106642409289,0.7090049654418312,25,20,20
33,8978,0.11795391262676054,0.0008400554990596833,0.16400963120516768,0.7171964006690118,25,20,20
33,8979,0.11795391262675742,0.0008400554990596819,0.16400966791849542,0.7171963639556871,25,20,20
33,8980,0.07901040189790512,0.0008400554993770411,0.2029531786465744,0.7171963639561433,25,20,20
33,8981,0.07901040189795061,0.0008400554993769671,0.20294680540555585,0.7172027371971166,25,20,20
33,8982,0.07901040189794661,0.0008400554993768165,0.20294518113986496,0.7172043614628114,25,20,20
33,8983,0.07901040190830472,0.0008400554993768176,0.20303758757607335,0.717111955016245,25,20,20
33,8984,0.07901040190830784,0.0008400554993768185,0.20304209509229829,0.717107447500017,25,20,20
33,8985,0.07913975519695902,0.0008387573719853551,0.20291402383315063,0.7171074635979044,25,20,20
33,8986,0.07913775379702258,0.0008385734481628318,0.20291710674123242,0.7171065660135819,25,20,20
33,8987,0.07913775379720493,0.0008385734481671846,0.20304664793480076,0.7169770248198271,25,20,20
33,8988,0.07913775379720493,0.000838573448167186,0.203046649907913,0.7169770228467148,25,20,20
33,8989,0.07913775379720495,0.0008385734481671858,0.20304815741860188,0.7169755153360261,25,20,20
33,8990,0.07913775379720499,0.0008385734481672598,0.2030481589840619,0.7169755137705658,25,20,20
33,8991,0.07913775379720493,0.0008385734481671845,0.20304599368775456,0.7169776790668734,25,20,20
33,8992,0.07913775379720174,0.0008385734481629674,0.20304137198058428,0.7169823007740509,25,20,20
33,8993,0.07913775379720174,0.0008385734481629674,0.20304137317647572,0.7169822995781594,25,20,20
33,8994,0.07913775379720174,0.0008385734481629674,0.2030397801007411,0.716983892653894,25,20,20
33,8995,0.07540297224358394,0.000838573528571298,0.20677456118479193,0.7169838930430522,25,20,20
33,8996,0.07540297224358394,0.0008385735285712227,0.2067745277996763,0.7169839264281679,25,20,20
33,8997,0.0754029722435871,0.0008385735285712227,0.20677458184535333,0.7169838723824877,25,20,20
33,8998,0.07540297224358389,0.000838573528566934,0.2067745794719113,0.7169838747559372,25,20,20
33,8999,0.0754029722435807,0.0008385735285669329,0.20677457802018387,0.7169838762076679,25,20,20
33,9000,0.07540297224358064,0.000838573528571213,0.20686665473378277,0.7168917994940646,25,20,20
33,9001,0.07540297224358064,0.0008385735285712144,0.20686673577462122,0.7168917184532259,25,20,20
33,9002,0.07540297224358385,0.0008385735285712169,0.20686681711414465,0.7168916371136994,25,20,20
33,9003,0.07789645721329666,8.484624742622374e-05,0.20485177745359387,0.717166919085682,25,20,20
33,9004,0.07789645721325118,8.484624742194215e-05,0.20476109282109,0.7172576037182355,25,20,20
33,9005,0.07789645721325437,8.484624742194351e-05,0.2047612010813033,0.7172574954580192,25,20,20
33,9006,0.07789645721325439,8.484624742194352e-05,0.20476123392492934,0.7172574626143932,25,20,20
33,9007,0.07789645721325442,8.484624742194488e-05,0.20476146254055913,0.7172572339987633,25,20,20
33,9008,0.07988274192981774,8.484589011278668e-05,0.20277527204935508,0.7172571401307131,25,20,20
33,9009,0.07997455152756895,8.484591287385015e-05,0.20266344419382576,0.7172771583657304,25,20,20
33,9010,0.07997455152756895,8.484591287384885e-05,0.20265874487293278,0.7172818576866236,25,20,20
33,9011,0.07997455151718817,8.484591310833647e-05,0.2029226960861278,0.7170179064835751,25,20,20
33,9012,0.07997455151719138,8.484591335292044e-05,0.2029292465891416,0.7170113559803134,25,20,20
33,9013,0.07997455151718995,8.484591335283072e-05,0.20306605331601715,0.7168745492534394,25,20,20
33,9014,0.07997455151718676,8.484591310824806e-05,0.2030595028484753,0.716881099721229,25,20,20
33,9015,0.07997455151718995,8.484591310817283e-05,0.2030595902325157,0.7168810123371856,25,20,20
33,9016,0.07997455151718992,8.484591310809757e-05,0.20305950915985638,0.716881093409845,25,20,20
33,9017,0.07997455151718674,8.484591310817156e-05,0.2030594284301792,0.7168811741395252,25,20,20
33,9018,0.0794374123111636,7.224518578973814e-05,0.20697410705899053,0.7135162354440558,25,20,20
33,9019,0.07644030654549622,0.0006554850914408874,0.20973232488181112,0.7131718834812518,25,20,20
33,9020,0.07644030654549622,0.0006554850914408874,0.20973221102254186,0.7131719973405211,25,20,20
33,9021,0.0763099784752614,0.0006557225895194121,0.20986113323189126,0.7131731657033278,25,20,20
33,9022,0.07630997846490324,0.0006557225895193371,0.20976860755007018,0.7132656913955071,25,20,20
33,9023,0.07630997776469967,0.0006559712947281505,0.2098278125164063,0.7132062384241658,25,20,20
33,9024,0.07626585982855143,0.0006559712946278391,0.2098719304521223,0.7132062384246981,25,20,20
33,9025,0.07626585982855459,0.0006559712946321275,0.20987645352939857,0.7132017153474145,25,20,20
33,9026,0.07626695988331898,0.0006557224585292894,0.20986974482696064,0.7132075728311911,25,20,20
33,9027,0.07626695988331894,0.000655722458529288,0.20986966340984467,0.7132076542483071,25,20,20
33,9028,0.07626695988332133,0.0006557224587690556,0.2099572187917453,0.7131200988661646,25,20,20
33,9029,0.07626696047495987,0.0006557224592539711,0.2099620908350662,0.7131152262307201,25,20,20
33,9030,0.07666764984256637,0.0006651923112387807,0.20955896134560179,0.7131081965005929,25,20,20
33,9031,0.07666764985276588,0.0006651923114791763,0.2092993185020827,0.713367839333672,25,20,20
33,9032,0.07666764985276588,0.0006651923114792517,0.20929939897245894,0.7133677588632957,25,20,20
33,9033,0.0766676499854791,0.000664943539157912,0.16957821621922753,0.753089190256135,25,20,20
33,9034,0.07654579521789048,9.50153338531016e-06,0.16993482371357785,0.753509879535146,25,20,20
33,9035,0.07695426972572589,7.868971091901262e-08,0.1695357861846889,0.7535098653998741,25,20,20
33,9036,0.07695426958133068,7.870328093574572e-08,0.16963140083046896,0.753414250884919,25,20,20
33,9037,0.07695426958133152,7.948943386298431e-08,0.17006584227043292,0.7529798086588015,25,20,20
33,9038,0.07695426958133152,7.94894337890363e-08,0.1700657613052435,0.7529798896239909,25,20,20
33,9039,0.07695426958132828,7.94891897289799e-08,0.1699800649335655,0.7530655859959164,25,20,20
33,9040,0.07695426958132509,7.948918973025407e-08,0.16997843496542422,0.7530672159640607,25,20,20
33,9041,0.07695426898968334,7.948870059889567e-08,0.16996889230975853,0.7530767592118572,25,20,20
33,9042,0.07695426898968415,7.948870059889608e-08,0.16996892820833742,0.7530767233132777,25,20,20
33,9043,0.0769542689896834,7.948845752849074e-08,0.16970737397945398,0.7533382775424049,25,20,20
33,9044,0.0769542689896842,7.948846189393007e-08,0.16970911556154866,0.7533365359603049,25,20,20
33,9045,0.07695426898767627,7.94884985876532e-08,0.1637093884369096,0.7593362630869148,25,20,20
33,9046,0.07695426898772179,7.948849866162494e-08,0.16370946667169153,0.7593361848520874,25,20,20
33,9047,0.07695426898767625,7.948849858635548e-08,0.16370938840176952,0.759336263122055,25,20,20
33,9048,0.07695426898767545,7.948849858505734e-08,0.16370938589720896,0.7593362656266165,25,20,20
33,9049,0.07695426898767552,7.948874316857564e-08,0.1637160888507756,0.759329562672805,25,20,20
33,9050,0.07695426898767552,7.948874324251495e-08,0.16372078866716433,0.7593248628564163,25,20,20
33,9051,0.07695426897348077,1.4014836363761052e-05,0.16370685370314728,0.7593248624870077,25,20,20
33,9052,0.07695426897352711,1.401483636376367e-05,0.1637095355787341,0.7593221806113745,25,20,20
33,9053,0.07695426897352711,1.4014836363764969e-05,0.16370961420091232,0.7593221019891963,25,20,20
33,9054,0.07695426897352711,1.4014836363764991e-05,0.1637096946560449,0.7593220215340637,25,20,20
33,9055,0.11643706386040842,1.3987677151883392e-05,0.12464763308232751,0.7589013153801117,25,20,20
33,9056,0.11643706386045383,1.3987677151885745e-05,0.1247845030732973,0.7587644453890965,25,20,20
33,9057,0.11643706386040749,1.3987677151885723e-05,0.12477532864543094,0.7587736198170092,25,20,20
33,9058,0.11643706385801833,1.3987677278026487e-05,0.12441346858853557,0.7591354798761675,25,20,20
33,9059,0.11534354100890151,1.3987683364113833e-05,0.12550699137356258,0.7591354799341715,25,20,20
33,9060,0.11534354100885284,1.3987683359823704e-05,0.125504739930237,0.7591377313775499,25,20,20
33,9061,0.11534354100885286,1.398768335982505e-05,0.1255047725138497,0.7591376987939371,25,20,20
33,9062,0.11534354100884968,1.3987683359826325e-05,0.12587778216786558,0.7587646891399242,25,20,20
33,9063,0.11920229420972824,1.3987602950747551e-05,0.12201902943640007,0.7587646887509206,25,20,20
33,9064,0.11920229420972818,1.3987602950822844e-05,0.12201434701448985,0.7587693711728307,25,20,20
33,9065,0.11920229420972815,1.3987602950895533e-05,0.12164592954572985,0.7591377886415906,25,20,20
33,9066,0.11922534331106785,1.3987955459464114e-05,0.121622880062387,0.7591377886710853,25,20,20
33,9067,0.11922534331106707,1.3987169310827982e-05,0.12119314167500501,0.7595675278446167,25,20,20
33,9068,0.11922534331106707,1.398716931090325e-05,0.12119314309207617,0.7595675264275455,25,20,20
33,9069,0.11922534331106702,1.398716931082928e-05,0.12119302987899054,0.7595676396406311,25,20,20
33,9070,0.11922534331106702,1.3987169310754019e-05,0.1211883286217041,0.7595723408979177,25,20,20
33,9071,0.11916536789451085,1.4035187376205115e-05,0.12126826615076514,0.7595523307673477,25,20,20
33,9072,0.11916536789451088,1.4035187376203815e-05,0.12126829350490062,0.7595523034132122,25,20,20
33,9073,0.11916536789451088,1.403518737613115e-05,0.12127019640676974,0.7595504005113434,25,20,20
33,9074,0.11916536789451085,1.4035187376055837e-05,0.12127678802873323,0.7595438088893799,25,20,20
33,9075,0.11916536789451085,1.4035187376058454e-05,0.12127005742121173,0.7595505394969014,25,20,20
33,9076,0.0982144752402355,1.4174818207079189e-05,0.14222014473501576,0.7595512052065415,25,20,20
33,9077,0.09821447524023542,1.4174817962495671e-05,0.1422135207439019,0.7595578291978999,25,20,20
33,9078,0.09821447524023537,1.417481795828113e-05,0.14220893247744765,0.7595624174643585,25,20,20
33,9079,0.0982144752506159,1.4174817958281142e-05,0.14221515686908504,0.7595561930623406,25,20,20
33,9080,0.0982144752506159,1.4174817958278524e-05,0.14221515344890748,0.7595561964825183,25,20,20
33,9081,0.0982144752506167,1.4174817958278572e-05,0.14220870327647725,0.7595626466549477,25,20,20
33,9082,0.09821447525066226,1.4174817958281189e-05,0.1422086565964672,0.7595626933349122,25,20,20
33,9083,0.09899760700934593,1.4174031034051241e-05,0.14142552548847942,0.7595626934711406,25,20,20
33,9084,0.09899760700916495,1.4174031035646851e-05,0.1411639777461226,0.7598242412136768,25,20,20
33,9085,0.09899760699878771,1.4174030795280991e-05,0.14115746936319692,0.75983074960722,25,20,20
33,9086,0.09899760699879043,1.4174043099942123e-05,0.14584482006517438,0.7551433988929351,25,20,20
33,9087,0.09899760699879043,1.4174043099940824e-05,0.14584482002167262,0.7551433989364368,25,20,20
33,9088,0.13887320154778443,1.412600198200834e-05,0.10596928161973868,0.7551433908304945,25,20,20
33,9089,0.1388732015477845,1.412600198231096e-05,0.1425073785128054,0.7186052939374271,25,20,20
33,9090,0.13887320154778457,1.4126001982312258e-05,0.1425090009026561,0.7186036715475765,25,20,20
33,9091,0.13548535714183363,1.4135337817139746e-05,0.14575828800129748,0.7187422195190516,25,20,20
33,9092,0.13548535714183368,1.4135337817215015e-05,0.14575832331512728,0.7187421842052215,25,20,20
33,9093,0.13548535714187607,1.4135338057575087e-05,0.1457657853668379,0.7187347221532282,25,20,20
33,9094,0.13548535714187526,1.4135338053284114e-05,0.14575917744675532,0.718741330073316,25,20,20
33,9095,0.13548535714187535,1.413533805757444e-05,0.14575921743626147,0.7187412900838054,25,20,20
33,9096,0.13536801833742118,1.4135338029625014e-05,0.14587655624074583,0.718741290083803,25,20,20
33,9097,0.13536801833742199,1.4135338029700294e-05,0.14588316113598,0.7187346851885681,25,20,20
33,9098,0.13536801833742204,1.4135338033951197e-05,0.14625614917017218,0.7183616971543717,25,20,20
33,9099,0.13536801833737983,1.4135338038164956e-05,0.1461215686139653,0.7184962777106165,25,20,20
33,9100,0.09908620117165504,1.4135338319861719e-05,0.18240338574114198,0.7184962777488828,25,20,20
33,9101,0.09908620117183363,1.4135326255431275e-05,0.17771915472618693,0.7231805087757237,25,20,20
33,9102,0.09908620117183357,1.4135326251139652e-05,0.17771911472656246,0.7231805487753526,25,20,20
33,9103,0.0990862011718791,1.4135326495723172e-05,0.17772573874215453,0.7231739247594701,25,20,20
33,9104,0.09908620117183357,1.4135326495720531e-05,0.17772575260359688,0.7231739108980731,25,20,20
33,9105,0.0990862011718367,1.4135326491544896e-05,0.17735276602228658,0.7235468974793845,25,20,20
33,9106,0.0990862011718367,1.4135326491542257e-05,0.17735276473549655,0.7235468987661747,25,20,20
33,9107,0.09908620117183671,1.4135326495832089e-05,0.1773573544139952,0.7235423090876716,25,20,20
33,9108,0.09669638301572636,1.4128164685616475e-05,0.17988514585864082,0.723404342960947,25,20,20
33,9109,0.09669638300534583,1.412816468553985e-05,0.17987903616720197,0.7234104526627665,25,20,20
33,9110,0.09669638300534263,1.412816468132374e-05,0.17987669271209172,0.7234127961178842,25,20,20
33,9111,0.09669638300552359,1.4128164685588154e-05,0.1801430461933453,0.7231464426364456,25,20,20
33,9112,0.0966963830055236,1.4128164685663435e-05,0.1801494204259943,0.7231400684037963,25,20,20
33,9113,0.080837838502249,1.5255813318945646e-05,0.1960073952047702,0.7231395104796617,25,20,20
33,9114,0.08133119604211769,1.5255460589534505e-05,0.1955140380471525,0.7231395104501402,25,20,20
33,9115,0.08133119604211769,1.5255460593825635e-05,0.1955186611432501,0.7231348873540382,25,20,20
33,9116,0.08133119604207216,1.5255460349242073e-05,0.1955119546995033,0.7231415937980752,25,20,20
33,9117,0.08133119604207531,1.5255460349242093e-05,0.1955118958119665,0.723141652685609,25,20,20
33,9118,0.08133119604189323,1.52554464100873e-05,0.19550427701516188,0.7231492714965347,25,20,20
33,9119,0.08404709956359263,1.3989638279098559e-05,0.19278974684886574,0.7231491639492623,25,20,20
33,9120,0.08404709956359335,1.3989638279171803e-05,0.19316124318874967,0.7227776676093776,25,20,20
33,9121,0.08404714472840479,1.3879998644554367e-05,0.1931613076635697,0.7227776676093813,25,20,20
33,9122,0.08404714472822265,1.3879998399956946e-05,0.1931564444213401,0.7227825308520373,25,20,20
33,9123,0.08404714472822271,1.3879998399807724e-05,0.19315182418086324,0.7227871510925143,25,20,20
33,9124,0.08404714472822268,1.3879998399733788e-05,0.19314522138478382,0.7227937538885938,25,20,20
33,9125,0.08404714472822189,1.38799983997338e-05,0.19313869895771468,0.7228002763156638,25,20,20
33,9126,0.08404714525032381,1.3879998619407881e-05,0.1978378109649581,0.7181011637860988,25,20,20
33,9127,0.08404714472822195,1.387999839981041e-05,0.1931388162321161,0.7228001590412622,25,20,20
33,9128,0.08404714472822195,1.3879998399884358e-05,0.19314530513997508,0.7227936701334032,25,20,20
33,9129,0.08404714472822201,1.3880012340533847e-05,0.19315352196377822,0.7227854532956592,25,20,20
33,9130,0.08404714472822201,1.388001234060776e-05,0.19316001925881587,0.7227789560006214,25,20,20
33,9131,0.08404714472822201,1.3880012340609104e-05,0.1931601343969209,0.7227788408625163,25,20,20
33,9132,0.07832466693790172,1.3878555894442086e-05,0.19887596018950954,0.7227854943166936,25,20,20
33,9133,0.07832466693790172,1.387855589444211e-05,0.19887595938778976,0.7227854951184132,25,20,20
33,9134,0.07832466693790094,1.387855589436886e-05,0.1986323643233873,0.7230290901828166,25,20,20
33,9135,0.05470186863591588,1.3878704766893728e-05,0.22225512204313266,0.7230291306161837,25,20,20
33,9136,0.05470186863591593,1.387870476464271e-05,0.2226234090144942,0.7226608436448245,25,20,20
33,9137,0.05470186863591593,1.3878704764716636e-05,0.22262337693006273,0.722660875729256,25,20,20
33,9138,0.054701868635913524,1.3878705007636483e-05,0.22288961212797442,0.7223946405311037,25,20,20
33,9139,0.05310848223028066,1.3832483606307177e-05,0.22448304079100512,0.7223946444951072,25,20,20
33,9140,0.05310848223028141,1.3832483606308522e-05,0.2244830002690628,0.7223946850170486,25,20,20
33,9141,0.05310848223287693,1.3832483610600641e-05,0.22447860985111948,0.7223990754323922,25,20,20
33,9142,0.05310848223287693,1.3832483610601928e-05,0.22448322863034073,0.722394456653171,25,20,20
33,9143,0.053866139497081716,1.4080048099306275e-05,0.22372471569967328,0.7223950647551454,25,20,20
33,9144,0.053866139497080995,1.4080047860528345e-05,0.22346306648524578,0.7226567139698122,25,20,20
33,9145,0.053866139497080946,1.4080047864669445e-05,0.22345665893496286,0.7226631215200912,25,20,20
33,9146,0.053866139497077754,1.4080047864594154e-05,0.22345660346748727,0.7226631769875699,25,20,20
33,9147,0.05386613949908774,1.4080059615786717e-05,0.22946737443146073,0.7166524060098354,25,20,20
33,9148,0.05386613949908768,1.4080059615714045e-05,0.22946729402674682,0.7166524864145494,25,20,20
33,9149,0.05386613950946861,1.4080059620005224e-05,0.22947201160817685,0.7166477688227342,25,20,20
33,9150,0.05386613950946862,1.4080059620005248e-05,0.22947224159408416,0.7166475388368267,25,20,20
33,9151,0.05386613950946862,1.4080059624293578e-05,0.22947884541267963,0.716640935018227,25,20,20
33,9152,0.053866139507280905,1.4080047868911938e-05,0.2232018436103215,0.7229179368345282,25,20,20
33,9153,0.05386613950728085,1.4080047864696052e-05,0.22319726156536163,0.7229225188794924,25,20,20
33,9154,0.05386613950723607,1.4080047620118336e-05,0.22318974536979697,0.7229300350753465,25,20,20
33,9155,0.05386613949685594,1.40800476201188e-05,0.22318506779092984,0.7229347126645937,25,20,20
33,9156,0.05386613949685908,1.4080061428991789e-05,0.22355905186630382,0.7225607285754078,25,20,20
33,9157,0.053866139496861545,1.4080061428991817e-05,0.22355713738836092,0.7225626430533478,25,20,20
33,9158,0.0538661395072081,1.4080075329008862e-05,0.22368972445491264,0.7224300559625496,25,20,20
33,9159,0.0538661395072081,1.4080075324719233e-05,0.2236831204343819,0.7224366599830846,25,20,20
33,9160,0.053866139507205736,1.4080061511554633e-05,0.22344589214487215,0.7226738882864099,25,20,20
33,9161,0.05926968713051562,1.3834454817722323e-05,0.21798189267776052,0.7227345857369056,25,20,20
33,9162,0.05926968713051484,1.3834454817797575e-05,0.2179864514255214,0.7227300269891453,25,20,20
33,9163,0.055743966353725666,1.3834463464874607e-05,0.2215121722311832,0.7227300269516256,25,20,20
33,9164,0.05574396635372565,1.3834463464874583e-05,0.22151194165958984,0.722730257523219,25,20,20
33,9165,0.05574396635372559,1.3834449524225059e-05,0.2215103006060918,0.7227318985906578,25,20,20
33,9166,0.05574400619037673,1.3834450679795702e-05,0.22491387018528933,0.719328289173654,25,20,20
33,9167,0.05574400619037677,1.3834450675579866e-05,0.2249092819585798,0.7193328774003679,25,20,20
33,9168,0.05575464423343043,1.3158430048694236e-08,0.22491246483191293,0.7193328777762262,25,20,20
33,9169,0.05575464422308388,1.3144529955090403e-08,0.2247751759423874,0.7194701666899984,25,20,20
33,9170,0.05576510087047124,1.7483303025470528e-08,0.22482169153947099,0.7194131901067544,25,20,20
33,9171,0.055765100870470444,1.7483303022828708e-08,0.22482165098130935,0.7194132306649165,25,20,20
33,9172,0.05576510055591896,1.7498128245214877e-08,0.22482165531117715,0.7194132266347744,25,20,20
33,9173,0.05576510055591817,1.749813253813413e-08,0.22468482333141548,0.7195500586145326,25,20,20
33,9174,0.05576510055591822,1.749813252694733e-08,0.22477699663131656,0.7194578853146308,25,20,20
33,9175,0.05576510055591902,1.749813681988182e-08,0.2247771939111784,0.7194576880347638,25,20,20
33,9176,0.05576510055591576,1.7498136745895578e-08,0.22477257146938662,0.7194623104765592,25,20,20
33,9177,0.06651621163041435,2.29924543675023e-08,0.2139362358903649,0.7195475294867653,25,20,20
33,9178,0.06650571549603289,0.019486574430968254,0.19446138016694217,0.7195463299060559,25,20,20
33,9179,0.06650571549603289,0.01948657443097247,0.1944614615003043,0.7195462485726893,25,20,20
33,9180,0.0665057154960329,0.01948657443097676,0.19446165873484741,0.7195460513381421,25,20,20
33,9181,0.06650571549603285,0.01948657443097248,0.19436948083091443,0.7196382292420793,25,20,20
33,9182,0.06650571549603206,0.019486574430968184,0.19436928413673865,0.7196384259362603,25,20,20
33,9183,0.08864873987182138,0.01948657465579706,0.17222089074797545,0.7196437947244054,25,20,20
33,9184,0.08864873987182145,0.019486574655801427,0.17222749584015123,0.7196371896322252,25,20,20
33,9185,0.08864873987182198,0.01948657466487517,0.18619779305941297,0.7056668924038892,25,20,20
33,9186,0.09135737605597236,0.023201108146597874,0.17978117975642743,0.7056603360410014,25,20,20
33,9187,0.09135737605601787,0.02320110814683811,0.17977848666471924,0.7056630291324238,25,20,20
33,9188,0.08859053167558834,0.01948657465914593,0.18625982293888982,0.7056630707263749,25,20,20
33,9189,0.07358917694217398,0.019486586258094327,0.2012665752939479,0.705657661505783,25,20,20
33,9190,0.07358917742137917,0.019486586889798957,0.1950471397950162,0.7118770958938044,25,20,20
33,9191,0.07358917742133357,0.019486586889554354,0.19504322895599985,0.7118810067331112,25,20,20
33,9192,0.07358917742137891,0.019486586889312086,0.19479967614794613,0.7121245595413618,25,20,20
33,9193,0.07358917742133352,0.019486586889312013,0.19467018753956863,0.7122540481497847,25,20,20
33,9194,0.07357849421347709,0.019486586939790076,0.1946808710728078,0.7122540477739244,25,20,20
33,9195,0.07357849421348028,0.019486586939794368,0.1946855732296487,0.7122493456170761,25,20,20
33,9196,0.07357849421348027,0.01948658693979015,0.19468549184703365,0.7122494269996952,25,20,20
33,9197,0.0735784942134803,0.019486586939790072,0.19468545214580638,0.7122494667009227,25,20,20
33,9198,0.0735784942134835,0.019486586939790072,0.19468544686810987,0.7122494719786158,25,20,20
33,9199,0.07357849427124354,0.01948658249966285,0.19468545124396186,0.7122494719851311,25,20,20
33,9200,0.07357849427124359,0.019486582499662924,0.1946854178598949,0.7122495053691977,25,20,20
33,9201,0.0735785170306687,0.00040337377903018715,0.2137686039755563,0.7122495052147438,25,20,20
33,9202,0.07357851703066551,0.00040337377902589864,0.21376390248315658,0.7122542067071511,25,20,20
33,9203,0.07357851703066548,0.00040337377902589994,0.21376382493681503,0.7122542842534927,25,20,20
33,9204,0.07357851703066626,0.0004033737790301158,0.21376382724136975,0.7122542819489331,25,20,20
33,9205,0.07357984178391125,0.0004104885841842785,0.2137547923887181,0.7122548772431856,25,20,20
33,9206,0.07357984178390806,0.00041048858418427585,0.21375476519561043,0.7122549044362964,25,20,20
33,9207,0.07357984178390806,0.00041048858418435115,0.21375484566616426,0.7122548239657427,25,20,20
33,9208,0.07421171131113295,0.0004104844462681429,0.2131848677250463,0.7121929365175518,25,20,20
33,9209,0.07421171131113295,0.00041048444626814556,0.21318948705138718,0.7121883171912109,25,20,20
33,9210,0.0742117113111329,0.00041048444626385657,0.21318929381294327,0.7121885104296591,25,20,20
33,9211,0.11107183622328916,0.0004044348261311563,0.17633572435445566,0.7121880045961234,25,20,20
33,9212,0.11107183622328844,0.0004044348261267913,0.17633264314184616,0.7121910858087379,25,20,20
33,9213,0.1110718362234706,0.0004044348261352999,0.17632933562318867,0.7121943933272048,25,20,20
33,9214,0.11107183622347067,0.00040443482613537524,0.1763292959555333,0.7121944329948602,25,20,20
33,9215,0.1110718362234706,0.0004044348261354491,0.17632775604376782,0.7121959729066255,25,20,20
33,9216,0.11107183574685463,0.00040443419927373137,0.16866669468844747,0.7198570353654236,25,20,20
33,9217,0.11119629153611185,0.0004044341993286817,0.16854223890657438,0.7198570353579845,25,20,20
33,9218,0.11119629153611191,0.0004044341993287557,0.16854235078777613,0.7198569234767825,25,20,20
33,9219,0.11119629153611191,0.00040443419932882966,0.16854246417771912,0.7198568100868397,25,20,20
33,9220,0.11119629153611509,0.00040443419932890496,0.1685425466753906,0.719856727589165,25,20,20
33,9221,0.14036738778513855,0.00040442869608442976,0.13945667494056485,0.7197715085782125,25,20,20
33,9222,0.14036738778514174,0.00040442869608450327,0.139722942048027,0.719505241470747,25,20,20
33,9223,0.14036738778255517,0.00040442868217214177,0.13963784526392625,0.7195903382713468,25,20,20
33,9224,0.14036738778255511,0.00040442868217214307,0.13963938366688128,0.7195887998683917,25,20,20
33,9225,0.1403673877825543,0.0004044286821677788,0.13964396240379817,0.7195842211314799,25,20,20
33,9226,0.10250179535485714,0.00040581569714440613,0.1775081647282744,0.7195842242197235,25,20,20
33,9227,0.10250179535485712,0.00040581569714440483,0.17750816272998673,0.7195842262180112,25,20,20
33,9228,0.10250179535485712,0.00040581569714432964,0.17751035979938035,0.7195820291486179,25,20,20
33,9229,0.10250179535485712,0.000405815697144327,0.17750577445293966,0.7195866144950586,25,20,20
33,9230,0.10250179535485712,0.00040581569714861663,0.17738285670549012,0.7197095322425039,25,20,20
33,9231,0.1164865159914371,0.00040442868478211445,0.16339948707973023,0.7197095682440504,25,20,20
33,9232,0.11648651599144105,0.00040442869861873965,0.16370603505727396,0.719403020252666,25,20,20
33,9233,0.10038752520546641,0.0004165190167133039,0.1797919452822107,0.7194040104956092,25,20,20
33,9234,0.10038752520546641,0.0004165190167133039,0.17979182941108643,0.7194041263667335,25,20,20
33,9235,0.1003875252028709,0.0004165190167047959,0.1797916315894369,0.7194043241909869,25,20,20
33,9236,0.10014616988812795,0.00041651901675957817,0.1800329868965711,0.7194043241985406,25,20,20
33,9237,0.1001461698881279,0.00041651901675950157,0.18003294609897558,0.7194043649961364,25,20,20
33,9238,0.1001461698881287,0.0004165190167595768,0.1800329481375428,0.7194043629575683,25,20,20
33,9239,0.09981010118268126,0.0004165070516291045,0.18036891631353644,0.7194044754521528,25,20,20
33,9240,0.07954489146216255,0.0004170924032687428,0.20062815154170408,0.7194098645928638,25,20,20
33,9241,0.0795448716607685,1.3749787814568715e-05,0.20103151395844182,0.7194098645929752,25,20,20
33,9242,0.07954487166076853,1.3749787814495269e-05,0.20076524897161807,0.7196761295797991,25,20,20
33,9243,0.048099667042065634,1.2994009086923298e-05,0.23220980296104016,0.7196775359878079,25,20,20
33,9244,0.04809966704206564,1.2994009086998563e-05,0.23220914429374595,0.7196781946551019,25,20,20
33,9245,0.04809966704188344,1.2994009078415953e-05,0.23220596144347186,0.7196813775055666,25,20,20
33,9246,0.04809966704188663,1.2994009082708735e-05,0.23220758586151347,0.7196797530875176,25,20,20
33,9247,0.04809966704188342,1.299400908263474e-05,0.23220757904085831,0.7196797599081762,25,20,20
33,9248,0.04809966704206554,1.2994009086850627e-05,0.232210662336528,0.71967667661232,25,20,20
33,9249,0.04812673541521299,1.2994387097223265e-05,0.23217750828045836,0.7196827619172297,25,20,20
33,9250,0.048126735415209815,1.2994387093005796e-05,0.23217595030045943,0.719684319897236,25,20,20
33,9251,0.04811544408442191,9.08498887456796e-07,0.23219915191121238,0.7196844955054768,25,20,20
33,9252,0.04811544408442197,9.084988916739579e-07,0.23220223459324799,0.7196814128234369,25,20,20
33,9253,0.04811544408442197,9.084988916752322e-07,0.23220225065866423,0.7196813967580208,25,20,20
33,9254,0.04811544408442437,9.08498891526015e-07,0.23220378856800003,0.7196798588486828,25,20,20
33,9255,0.04280184989750512,5.974830648536265e-07,0.23506241620217153,0.7221351364172574,25,20,20
33,9256,0.04280184989750585,5.974830605651149e-07,0.2350577540443705,0.7221397985750619,25,20,20
33,9257,0.04280184989750266,5.974830605651149e-07,0.23505778535117947,0.722139767268256,25,20,20
33,9258,0.042801849897684735,5.974833051739129e-07,0.23506003195909833,0.7221375206599103,25,20,20
33,9259,0.06247127940196691,5.950035802493652e-07,0.2176887756938477,0.7198393499006037,25,20,20
33,9260,0.062471279401966895,5.950035759584616e-07,0.21768444932344408,0.7198436762710118,25,20,20
33,9261,0.07054972597774704,5.951688592440052e-07,0.20976446793442208,0.7196852109189704,25,20,20
33,9262,0.0705497251387807,8.437703876136361e-07,0.2097642187174838,0.7196852123733466,25,20,20
33,9263,0.0705497251387775,8.437703875370242e-07,0.20976413282474693,0.7196852982660868,25,20,20
33,9264,0.07054972513859617,8.437701430022209e-07,0.20976191535831198,0.7196875157329476,25,20,20
33,9265,0.0705497304681183,8.437706099355143e-07,0.20976204895887232,0.7196873768023991,25,20,20
33,9266,0.0705497304681183,8.437706099355826e-07,0.20976205162287895,0.7196873741383925,25,20,20
33,9267,0.07054973046811751,8.437706097863197e-07,0.20976190861081623,0.7196875171504563,25,20,20
33,9268,0.07054973046793539,8.437706054938458e-07,0.2097572044352317,0.719692221326227,25,20,20
33,9269,0.08640168582100931,8.43769313527754e-07,0.19390535988766497,0.7196921105220114,25,20,20
33,9270,0.08640168582105473,8.437693177289096e-07,0.19403517227435724,0.7195622981352697,25,20,20
33,9271,0.08640168582105473,8.437693177262689e-07,0.19403516821282554,0.7195623021968014,25,20,20
33,9272,0.08640168582105473,8.437693177262689e-07,0.19403516821282554,0.7195623021968014,25,20,20
33,9273,0.08640168582105473,8.437693220887431e-07,0.19403983041086637,0.719557639998756,25,20,20
33,9274,0.08640198284540929,8.723186357605705e-07,0.19403174848300314,0.719565396352951,25,20,20
33,9275,0.08640198284540615,8.723186315460067e-07,0.19402716545998366,0.7195699793759779,25,20,20
33,9276,0.0685065322531531,2.8777828828468813e-07,0.21192858587362853,0.7195645940949287,25,20,20
33,9277,0.06850653225333357,2.877782926108593e-07,0.21230169557175851,0.7191914843966137,25,20,20
33,9278,0.06849432552074305,2.8738532729437087e-07,0.21231998807295002,0.7191853990209782,25,20,20
33,9279,0.06849432552074311,2.873853272204221e-07,0.21231995471269674,0.7191854323812314,25,20,20
33,9280,0.06849451024482986,2.873747517230583e-07,0.21231976999279745,0.7191854323876206,25,20,20
33,9281,0.06849451019749873,0.0005917247209726234,0.21168004760721884,0.7192337174743089,25,20,20
33,9282,0.0684945101975019,0.0005917255071255507,0.21211449151935302,0.7187992727760188,25,20,20
33,9283,0.0684945101975027,0.000591725507125552,0.21211453147411688,0.7187992328212541,25,20,20
33,9284,0.06849451019732224,0.0005917255071212258,0.2117414225878043,0.7191723417077518,25,20,20
33,9285,0.06849451019736656,0.0005917262944404275,0.21211712667418833,0.7187966368340041,25,20,20
33,9286,0.06849451019732145,0.0005917255071212245,0.2117414950949076,0.7191722692006493,25,20,20
33,9287,0.0689343178210872,0.0005917288639952776,0.211199538384222,0.7192744149306948,25,20,20
33,9288,0.0689343178210872,0.0005917288639952789,0.2111995769700006,0.7192743763449162,25,20,20
33,9289,0.04257485788443634,0.0005917283996026969,0.23621963014924327,0.7206137835667161,25,20,20
33,9290,0.04257485788443634,0.0005917283996026982,0.23622179389360634,0.7206116198223529,25,20,20
33,9291,0.042574857884437135,0.0005917283996069899,0.23622195120028405,0.7206114625156702,25,20,20
33,9292,0.04257485788443719,0.0005917283996069899,0.23622203169450448,0.7206113820214497,25,20,20
33,9293,0.04257485788443719,0.0005917283996069926,0.23622211286445413,0.7206113008515002,25,20,20
33,9294,0.04257485788447877,0.0005917283857703686,0.2359156429731838,0.7209177707565657,25,20,20
33,9295,0.04257485788447559,0.0005917283857704438,0.23591408896997124,0.7209193247597814,25,20,20
33,9296,0.04257485788447557,0.0005917283857703686,0.2359118113380393,0.7209216023917133,25,20,20
33,9297,0.08244876549012763,0.0005916998270994732,0.196045688214226,0.7209138464685455,25,20,20
33,9298,0.08244876549008208,0.000591699827099398,0.19604560873549073,0.7209139259473264,25,20,20
33,9299,0.08244876549008208,0.0005916998270994719,0.19604552329064087,0.7209140113921763,25,20,20
33,9300,0.08244876549008522,0.0005916998409498409,0.19631289023301055,0.720646644435953,25,20,20
33,9301,0.08244876549008522,0.0005916998409541321,0.1963174798922429,0.7206420547767166,25,20,20
33,9302,0.08244876549008522,0.0005916998409541295,0.19631278068238692,0.7206467539865726,25,20,20
33,9303,0.08244876549008844,0.0005916998409584113,0.1964028086153759,0.7205567260535762,25,20,20
33,9304,0.08244876549022535,0.0005916998409584863,0.19640281512818092,0.7205567195406344,25,20,20
33,9305,0.08244876549022534,0.0005916998409584111,0.19640282718057656,0.7205567074882387,25,20,20
33,9306,0.08244876549022535,0.0005916998409584124,0.1964094316093915,0.7205501030594238,25,20,20
33,9307,0.08244876549022218,0.000591699827112333,0.19614858865854282,0.7208109460241218,25,20,20
33,9308,0.08244876549022213,0.000591699827112333,0.19614862262850163,0.720810912054163,25,20,20
33,9309,0.08095820230382295,0.0005916997876869476,0.19860446669017073,0.7198456312183183,25,20,20
33,9310,0.08095820230382296,0.0005916997876913031,0.19869667998455914,0.7197534179239257,25,20,20
33,9311,0.08095820230382218,0.0005916997876870101,0.19869671327629068,0.7197533846321993,25,20,20
33,9312,0.08095820230382218,0.0005916997876870102,0.19869682644457545,0.7197532714639145,25,20,20
33,9313,0.08095820230386747,0.0005916997879299765,0.19895848723968193,0.7194916106685199,25,20,20
33,9314,0.0809582023038675,0.0005916997879299752,0.19896316905170985,0.7194869288564919,25,20,20
33,9315,0.0809582023038675,0.0005916997879299752,0.1989585345512008,0.7194915633570009,25,20,20
33,9316,0.08095820230386755,0.0005916997881745701,0.19896313947580613,0.7194869584321509,25,20,20
33,9317,0.0809582023038231,0.0005916997881696513,0.1990705714475606,0.7193795264604459,25,20,20
33,9318,0.08050352482277895,0.0005916964324032183,0.19606352310712832,0.7228412556376884,25,20,20
33,9319,0.08050352482277816,0.0005916964323989285,0.19605890201807108,0.7228458767267507,25,20,20
33,9320,0.08050352482277821,0.0005916964323988545,0.19605895548673352,0.7228458232580884,25,20,20
33,9321,0.08050352482278089,0.0005916964441638941,0.20230846820136836,0.7165963105316853,25,20,20
33,9322,0.08026537305334855,0.0005916965907097954,0.2025466192315623,0.7165963111243783,25,20,20
33,9323,0.08109491446474046,0.0005916965760928869,0.20209133759465875,0.7162220513645071,25,20,20
33,9324,0.07950056096911652,0.0005917456129890439,0.2036856458500683,0.7162220475678258,25,20,20
33,9325,0.07950056096911651,0.0005917456129848283,0.20367915521880064,0.7162285381990976,25,20,20
33,9326,0.0795005609717036,0.0005917456129849034,0.20380908090378402,0.7160986125115271,25,20,20
33,9327,0.08082875367771715,0.0006542759074773956,0.2024156720755374,0.7161012983392676,25,20,20
33,9328,0.07950989243344982,0.0005917101827180581,0.2037997161806535,0.7160986812031781,25,20,20
33,9329,0.07950989172526576,0.0005917135406050342,0.20736267528484625,0.7125357194492825,25,20,20
33,9330,0.07950989172526576,0.0005917135406049603,0.20736256142009726,0.7125358333140315,25,20,20
33,9331,0.07950989172531127,0.0005917135406050356,0.20736268905233035,0.7125357056817527,25,20,20
33,9332,0.041502622644462896,0.0005917154103083212,0.24536963077803445,0.7125360311671927,25,20,20
33,9333,0.04150262550749697,1.251569544773756e-05,0.2459983004667383,0.7124865583303158,25,20,20
33,9334,0.04150262550731461,1.251569544338479e-05,0.24586839847809636,0.7126164603191445,25,20,20
33,9335,0.04150262550731539,1.2515695439029258e-05,0.24577625868629563,0.7127086001109489,25,20,20
33,9336,0.04244591915418804,1.251568921359626e-05,0.2448329667364234,0.7127085984201744,25,20,20
33,9337,0.04244591915418806,1.251568921359626e-05,0.2448330812107242,0.7127084839458736,25,20,20
33,9338,0.0424459223462465,1.2512331421926756e-05,0.24476665460019625,0.712774910722135,25,20,20
33,9339,0.04244592234624723,1.2512331181624205e-05,0.24476656709653033,0.7127749982260407,25,20,20
33,9340,0.04244592234628964,1.2511545028774843e-05,0.2443366086613702,0.7132049574473112,25,20,20
33,9341,0.042445922346302706,1.2511534491571824e-05,0.2746252306041003,0.6829163355151046,25,20,20
33,9342,0.04244592234630476,1.2511611025890904e-05,0.278018351595113,0.6795232144475556,25,20,20
33,9343,0.04161620730671745,1.2511620005028496e-05,0.27884793187692397,0.6795233491963524,25,20,20
33,9344,0.04161620730671745,1.2511620005028494e-05,0.2788478984929834,0.6795233825802929,25,20,20
33,9345,0.0416162073067143,1.2511620000749335e-05,0.27875721189448177,0.6796140691788024,25,20,20
33,9346,0.04161620743177797,1.2511620414389453e-05,0.28492799387323914,0.6734432870745678,25,20,20
33,9347,0.04161620743178194,1.2511634264830628e-05,0.285195361564462,0.6731759193694907,25,20,20
33,9348,0.04160718001185335,1.2497216231186005e-05,0.28520447216473155,0.6731758506071824,25,20,20
33,9349,0.041607180011853345,1.2497216231185983e-05,0.2852044367683252,0.6731758860035889,25,20,20
33,9350,0.04160717988674731,1.2497216062079345e-05,0.2790315316615687,0.6793487912356206,25,20,20
33,9351,0.04160717988933362,1.2497216305656913e-05,0.2791219852609478,0.6792583376334117,25,20,20
33,9352,0.04160717988674415,1.249721606206289e-05,0.27903400619593344,0.6793463167012591,25,20,20
33,9353,0.04160717988674739,1.2497216062064208e-05,0.27912781664388997,0.6792525062532995,25,20,20
33,9354,0.04160322922796581,1.2497222435194232e-05,0.27913176729628886,0.6792525062533089,25,20,20
33,9355,0.04160322922796588,1.2497222439484088e-05,0.2791363569643896,0.679247916585204,25,20,20
33,9356,0.04160322922792115,1.2497222439558071e-05,0.27912977830139307,0.6792544952482451,25,20,20
33,9357,0.04160322922792121,1.249722243955937e-05,0.2791319753931042,0.6792522981565341,25,20,20
33,9358,0.04160322922792041,1.2497222439408832e-05,0.27913181992094005,0.6792524536286991,25,20,20
33,9359,0.04160322922792115,1.2497222439482804e-05,0.27913031636300056,0.6792539571866378,25,20,20
33,9360,0.04160322922792195,1.2497222443847919e-05,0.27913493946570045,0.6792493340839328,25,20,20
33,9361,0.041603229227921916,1.2497222448138263e-05,0.2791350005545795,0.6792492729950496,25,20,20
33,9362,0.04160322922792112,1.2497222443773148e-05,0.2791303774518797,0.6792538960977547,25,20,20
33,9363,0.041603229227921076,1.2497222443770552e-05,0.279128329880825,0.6792559436688095,25,20,20
33,9364,0.04160322922533397,1.249722244369551e-05,0.2789982917340765,0.6793859818181452,25,20,20
33,9365,0.04160322922533629,1.2497796909370273e-05,0.29008646301435487,0.6682978099633989,25,20,20
33,9366,0.0399748690743855,1.4763702161903183e-05,0.29171288371157217,0.6682974835118799,25,20,20
33,9367,0.03997486907438229,1.4763702161903208e-05,0.2916213530873211,0.6683890141361342,25,20,20
33,9368,0.03997486907438149,1.4763702157612082e-05,0.291616607092243,0.6683937601312173,25,20,20
33,9369,0.03997534812704368,1.4763127700491678e-05,0.2806630160356087,0.6793468727096466,25,20,20
33,9370,0.03997534812704366,1.4763127704782764e-05,0.28066532590456456,0.6793445628406865,25,20,20
33,9371,0.03997534812704451,1.4763127700640875e-05,0.28066074502395827,0.679349143721296,25,20,20
33,9372,0.039975348127047644,1.4763127705007055e-05,0.2806671877641795,0.6793427009810672,25,20,20
33,9373,0.03997534812705081,1.4763141518170362e-05,0.28104136708674043,0.6789685216446899,25,20,20
33,9374,0.039974869074547226,1.4763141513407648e-05,0.2855655778412364,0.6744447899427024,25,20,20
33,9375,0.039974866215872894,2.530064448706109e-06,0.28557783242190854,0.6744447712977693,25,20,20
33,9376,0.03997486621587288,2.530064448706592e-06,0.2855733255287046,0.6744492781909733,25,20,20
33,9377,0.03997486621587203,2.5300642063680783e-06,0.2851995297089987,0.6748230740109222,25,20,20
33,9378,0.03997484780885456,2.5804301373077587e-06,0.2851994977494497,0.6748230740115579,25,20,20
33,9379,0.04342319340360994,2.6058852265734154e-06,0.28174434943758986,0.6748298512735726,25,20,20
33,9380,0.04342319340361314,2.6058852308645685e-06,0.2817490540785566,0.6748251466325985,25,20,20
33,9381,0.04342319340618655,2.605807472987981e-06,0.2419455994727686,0.7146286013135709,25,20,20
33,9382,0.04342319340618657,2.605807472988003e-06,0.2419457139714116,0.7146284868149279,25,20,20
33,9383,0.0434231934061874,2.605807715982648e-06,0.24221220540971436,0.7143619953763811,25,20,20
33,9384,0.043423193406187346,2.605807471389015e-06,0.24220745096464819,0.7143667498216922,25,20,20
33,9385,0.043423193406190545,2.6058074714642823e-06,0.24220753346029084,0.7143666673260463,25,20,20
33,9386,0.043423193406187346,2.6058074714629846e-06,0.24220753200874465,0.7143666687775956,25,20,20
33,9387,0.0044277313915514,2.6063165096354195e-06,0.2812029911393679,0.7143666711525699,25,20,20
33,9388,0.004427731388960171,2.606316505279796e-06,0.2810751070077858,0.7144945552867478,25,20,20
33,9389,0.004427731388960962,2.6063165052803793e-06,0.2814481280022659,0.7141215342922669,25,20,20
33,9390,0.0044277797087730305,1.61792919397071e-05,0.28143450635107625,0.7141215346482102,25,20,20
33,9391,0.004427779708772239,1.6179291943922842e-05,0.2810615995467764,0.7144944414525065,25,20,20
33,9392,0.004427779856683906,1.6179291943999434e-05,0.28107077277463366,0.7144852680767376,25,20,20
33,9393,0.0009840909696091132,1.638782516815572e-05,0.2844893784965619,0.71451014270866,25,20,20
33,9394,0.0009840909696051596,1.638781131778722e-05,0.284222044947027,0.7147774762720495,25,20,20
33,9395,0.0009840909696051466,1.6387811317711927e-05,0.2842220115165161,0.7147775097025605,25,20,20
33,9396,0.000984090969605131,1.638781131342158e-05,0.2842218699332005,0.7147776512858806,25,20,20
33,9397,0.0009840909696051438,1.63878113134229e-05,0.28422190393814306,0.7147776172809378,25,20,20
33,9398,0.0009840908216935478,1.6387811317624063e-05,0.28434213696598576,0.7146573844010023,25,20,20
33,9399,0.0009865847742487486,1.615690627624276e-05,0.2816412640384474,0.717355994281027,25,20,20
33,9400,0.000986584774247964,1.6156906276391985e-05,0.28164581135841726,0.717351446961058,25,20,20
33,9401,0.000986584774251125,1.6156906276465477e-05,0.2819120431587924,0.7170852151606798,25,20,20
33,9402,0.0009865847742511389,1.6156906272250454e-05,0.2819119671681939,0.7170852911512824,25,20,20
33,9403,0.00098658477425034,1.6156906272101238e-05,0.281911872936407,0.7170853853830704,25,20,20
33,9404,0.0009865847742958533,1.6156906516609485e-05,0.2819184567649283,0.717078801554259,25,20,20
33,9405,0.0009795014149945253,1.6153814349553515e-05,0.25156362675056726,0.7474407180200886,25,20,20
33,9406,0.0009795014149945255,1.6153814349628773e-05,0.2515682475327025,0.7474360972379531,25,20,20
33,9407,0.0009795014149913642,1.6153814349556578e-05,0.2513019032665895,0.7477024415040694,25,20,20
33,9408,0.0009795014149913083,1.615381434526624e-05,0.25130170799524065,0.7477026367754225,25,20,20
33,9409,0.0009795014149913083,1.615381434534021e-05,0.25130178707821454,0.7477025576924485,25,20,20
33,9410,0.000979501414992163,1.615381458995413e-05,0.2513035242113195,0.7477008205590977,25,20,20
33,9411,0.0009795014149921071,1.6153814589877542e-05,0.2513035195144564,0.7477008252559609,25,20,20
33,9412,0.0050458221278644345,1.615586487107043e-05,0.24497326621730914,0.7499647557899547,25,20,20
33,9413,0.0050458221278644345,1.6155864871070408e-05,0.2449733796021019,0.7499646424051619,25,20,20
33,9414,0.005045822127864351,1.61558648668666e-05,0.24484397273684977,0.7500940492704181,25,20,20
33,9415,0.005045822127861212,1.6155864862577005e-05,0.2448374332351574,0.750100588772118,25,20,20
33,9416,0.005045821105086468,1.6155864467439137e-05,0.23967997786719328,0.7552580451632517,25,20,20
33,9417,0.005045821105086468,1.6155864467439137e-05,0.23967997786719322,0.7552580451632517,25,20,20
33,9418,0.005045829468458563,1.615665294028445e-05,0.240009756049353,0.7549282578292471,25,20,20
33,9419,0.005045829468460907,1.6156652701580937e-05,0.2397477386804234,0.7551902751984129,25,20,20
33,9420,0.005045431920915919,1.615665248507889e-05,0.23284515651789064,0.7620932549087073,25,20,20
33,9421,0.005045431920870404,1.6156652240495347e-05,0.23284505844804887,0.7620933529788391,25,20,20
33,9422,0.005045431921051355,1.615663842748035e-05,0.23273766575143517,0.762200745689085,25,20,20
33,9423,0.005045431921051342,1.6156638427405074e-05,0.23273304693161467,0.7622053645089057,25,20,20
33,9424,0.005045431921051342,1.6156638427328492e-05,0.23272834568422848,0.762210065756292,25,20,20
33,9425,0.005045383585717914,2.5787211152855166e-06,0.23267331307447647,0.76227872461869,25,20,20
33,9426,0.00504538358572195,2.5787211195027005e-06,0.23267793523509803,0.7622741024580602,25,20,20
33,9427,0.005045383585721978,2.578721119576717e-06,0.23267793714937657,0.7622741005437815,25,20,20
33,9428,0.005045384175621572,2.5787211158601624e-06,0.22813556489067122,0.766816472212591,25,20,20
33,9429,0.005045384175621572,2.57872111586278e-06,0.22814216962541511,0.7668098674778472,25,20,20
33,9430,0.0050453841756215164,2.5787211158614368e-06,0.22814214060019175,0.7668098965030705,25,20,20
33,9431,0.0050453841756215164,2.5787211116468676e-06,0.2281397157284193,0.7668123213748472,25,20,20
33,9432,0.005045384175621503,2.5787211116481424e-06,0.22813974237068593,0.7668122947325807,25,20,20
33,9433,0.0050453835855609796,2.578721111573072e-06,0.2280233570107801,0.7669286806825469,25,20,20
33,9434,0.005045467058886892,3.1080004776950684e-07,0.22802554151690052,0.7669286806241651,25,20,20
33,9435,0.005047545685906399,0.0007056725057724958,0.22731810118487725,0.7669286806234438,25,20,20
33,9436,0.005047545685906469,0.0007056725057726436,0.22731158021395967,0.7669352015943612,25,20,20
33,9437,0.005047545685906484,0.0007056725057726438,0.22731181019986696,0.7669349716084539,25,20,20
33,9438,0.005047545685906485,0.0007056725057725697,0.22730722282610466,0.7669395589822164,25,20,20
33,9439,2.8626282210023884e-05,0.0008317183097429387,0.23386307240365153,0.7652765830043955,25,20,20
33,9440,2.8626282206898617e-05,0.000831718323682166,0.23387311417307213,0.7652665412210388,25,20,20
33,9441,3.2703474772773045e-05,0.0007056699540220632,0.2345960381123934,0.7646655884588117,25,20,20
33,9442,3.2703474769578925e-05,0.000705669954017772,0.23459136191925606,0.7646702646519564,25,20,20
33,9443,3.2703474769564905e-05,0.0007056699540176981,0.23459130860285293,0.7646703179683597,25,20,20
33,9444,3.270347476957865e-05,0.0007056699540176979,0.23459779754445875,0.7646638290267539,25,20,20
33,9445,3.269511139748437e-05,0.000705669165544854,0.2342679055898075,0.7649937301332501,25,20,20
33,9446,3.2695111397484354e-05,0.0007056691655449279,0.2342679859694375,0.7649936497536202,25,20,20
33,9447,3.2695111397484334e-05,0.0007056691655448552,0.2342679840012309,0.7649936517218268,25,20,20
33,9448,3.269511139748359e-05,0.0007056691655447812,0.23426801541712167,0.7649936203059359,25,20,20
33,9449,3.269511157834123e-05,0.000705669151605552,0.23452289514118427,0.7647387405956317,25,20,20
33,9450,0.002967235720122987,0.0007057053060616453,0.23156520412332424,0.764761854850491,25,20,20
33,9451,0.0029672357227126835,0.0007057053060659271,0.2316493877054368,0.7646776712657846,25,20,20
33,9452,0.002967235722711885,0.000705705306065927,0.23164935155790214,0.7646777074133201,25,20,20
33,9453,0.002967235720122177,0.0007057053060616466,0.23156326501599328,0.7647637939578229,25,20,20
33,9454,0.0029672357201221762,0.0007057053060616466,0.23156975529142737,0.7647573036823887,25,20,20
33,9455,0.002967235868033694,0.0007057053060702278,0.2315789702800125,0.7647480885458835,25,20,20
33,9456,0.0029381304463577274,0.0007057053060655057,0.23160807986985765,0.7647480843777188,25,20,20
33,9457,0.0029703543155232574,0.010564977380158517,0.22171657907707285,0.7647480892272456,25,20,20
33,9458,0.0029703543155232713,0.010564977380158517,0.22171819857483052,0.7647464697294879,25,20,20
33,9459,0.0029703543157049246,0.010564977380158517,0.2218381508482206,0.7646265174559161,25,20,20
33,9460,0.002970354315704939,0.010564977380162807,0.22183974463738745,0.7646249236667448,25,20,20
33,9461,0.002970354315704939,0.010564977380162805,0.22184634740314405,0.7646183209009882,25,20,20
33,9462,0.002960670939019393,2.677909595885515e-06,0.23241833510463064,0.7646183160467546,25,20,20
33,9463,0.0029606709390193236,2.677909591520085e-06,0.23241671287577018,0.7646199382756194,25,20,20
33,9464,0.0029606709390193244,2.6779095915200625e-06,0.2324167919433893,0.7646198592080004,25,20,20
33,9465,0.0029606709390257147,2.6779095915940322e-06,0.23241189826317338,0.7646247528882096,25,20,20
33,9466,0.00296067093902891,2.6779096001732906e-06,0.23241842417547423,0.764618226975897,25,20,20
33,9467,0.002960669589470899,2.6779847557367064e-06,0.23764086566724052,0.7593957867585326,25,20,20
33,9468,0.0029606695894740923,2.6779847601016145e-06,0.23764739111553634,0.7593892613102292,25,20,20
33,9469,0.0029606695894740936,2.677984760026345e-06,0.23764731136091086,0.7593893410648548,25,20,20
33,9470,0.002960669589474064,2.6779985650419097e-06,0.23801385429003866,0.7590227981219221,25,20,20
33,9471,0.0029606695892899475,2.677998564893605e-06,0.23774718010151463,0.7592894723106302,25,20,20
33,9472,0.0029606695892891487,2.6779983203549215e-06,0.23775014432126554,0.7592865080911244,25,20,20
33,9473,0.0029606695892891465,2.677998320278319e-06,0.23774544503603046,0.7592912073763596,25,20,20
33,9474,0.0029604171738012823,2.6779978669358754e-06,0.23774230296259816,0.7592946018657318,25,20,20
33,9475,0.0029604171739833953,2.677998111519417e-06,0.23774240101497252,0.759294503812931,25,20,20
33,9476,0.002960417175233491,2.6741211938162883e-06,0.23781104330107802,0.7592258654024931,25,20,20
33,9477,0.030961592330771174,2.6741255936392896e-06,0.209813261416925,0.7592224721267083,25,20,20
33,9478,0.03096159233076718,2.6741255894208084e-06,0.20980863924600507,0.7592270942976369,25,20,20
33,9479,0.030961592330767965,2.6741255894973747e-06,0.209808492431253,0.7592272411123879,25,20,20
33,9480,0.03096159233095011,2.6741255896466147e-06,0.20980852244216944,0.7592272111012892,25,20,20
33,9481,0.019001682988904325,2.6904489432409507e-06,0.2217683770567023,0.7592272495054485,25,20,20
33,9482,0.02013390796659569,2.692111585708916e-06,0.1911302818560538,0.7887331180657631,25,20,20
33,9483,0.020133907966413615,2.6921118279023152e-06,0.19150325987791963,0.7883601400438371,25,20,20
33,9484,0.044017858414106714,2.676146519520581e-06,0.16761936158704294,0.7883601038523291,25,20,20
33,9485,0.005692329985965015,2.6757840102481646e-06,0.20594489380391331,0.7883601004261104,25,20,20
33,9486,0.004560104144475826,2.6740452693277818e-06,0.19658550208625558,0.7988517197239975,25,20,20
33,9487,0.004560104144475826,2.6740452693264617e-06,0.19657889731276956,0.7988583244974835,25,20,20
33,9488,0.004560104144476555,2.6740450271330626e-06,0.19620585993753076,0.7992313618729638,25,20,20
33,9489,0.004560104144476556,2.674045027059138e-06,0.19620805645892092,0.7992291653515737,25,20,20
33,9490,0.004570283017318808,1.6095833370723488e-05,0.1961192992041687,0.7992943219451398,25,20,20
33,9491,0.004570283017136682,1.609583312613865e-05,0.19611259413968227,0.799301027010053,25,20,20
33,9492,0.004545905780501373,1.3795617926528631e-05,0.16270961837828557,0.832730680223285,25,20,20
33,9493,0.004545905780501358,1.3795617926452065e-05,0.16270947793547347,0.8327308206660975,25,20,20
33,9494,0.004545905780498162,1.3795617926450762e-05,0.16271246961192332,0.8327278289896508,25,20,20
33,9495,0.004545905780498246,1.3795617934980048e-05,0.16296415580662352,0.832476142794942,25,20,20
33,9496,0.004545905780495094,1.3795604121385225e-05,0.16259116043304306,0.8328491381823392,25,20,20
33,9497,0.004545905780495095,1.3795604121461763e-05,0.16259328554584723,0.8328470130695349,25,20,20
33,9498,0.004545905780495094,1.3795604121461761e-05,0.16259325851986411,0.8328470400955184,25,20,20
33,9499,0.004545905780498263,1.379639235203198e-05,0.1629208537978276,0.8325194440293211,25,20,20
33,9500,0.00454590578049752,1.379639235195654e-05,0.1630130631384578,0.8324272346886917,25,20,20
33,9501,0.0045459057803166805,1.3796392352033094e-05,0.16289971646752494,0.8325405813598052,25,20,20
33,9502,0.004545905780317423,1.3796392352033253e-05,0.16281415665674503,0.8326261411705844,25,20,20
33,9503,0.00454590578031734,1.3796392343503946e-05,0.16256246907470878,0.8328778287526294,25,20,20
33,9504,0.004545905780317398,1.3796392347126145e-05,0.16881205720596182,0.8266282406213726,25,20,20
33,9505,0.004545905780314204,1.3796392342762557e-05,0.16880556515396453,0.8266347326733776,25,20,20
33,9506,0.004545905780313447,1.3796392342687256e-05,0.1688036630362768,0.8266366347910662,25,20,20
33,9507,0.004545905782884711,1.379640615585183e-05,0.16917784463240362,0.826262453178555,25,20,20
33,9508,0.004545475868245645,1.3757880324159185e-05,0.16260800826729851,0.8328327579841308,25,20,20
33,9509,0.0045454758682456995,1.3757880324233155e-05,0.1626080893485367,0.8328326769028925,25,20,20
33,9510,0.00454547586824577,1.3757880324380752e-05,0.1627002693259709,0.8327404969254582,25,20,20
33,9511,0.004545475868246565,1.3757880325051255e-05,0.1564530465994696,0.8389877196519587,25,20,20
33,9512,0.004545475868068846,1.3757880569557428e-05,0.15619318039307184,0.8392475858582897,25,20,20
33,9513,0.004545475868068845,1.3757880569557406e-05,0.1561931439283102,0.8392476223230513,25,20,20
33,9514,0.004545475868068845,1.3757880569706643e-05,0.1561950452382478,0.8392457210131135,25,20,20
33,9515,0.004545475868250958,1.3757880578288542e-05,0.15620165487823853,0.8392391113729321,25,20,20
33,9516,0.004545475868433044,1.3757880582580775e-05,0.15620821060871967,0.8392325556422645,25,20,20
33,9517,0.004545475868432189,1.3757880578289369e-05,0.15621054560374484,0.8392302206472445,25,20,20
33,9518,0.004545475868613857,1.3757880582497205e-05,0.1562981534677773,0.8391426127830264,25,20,20
33,9519,0.004545475871181211,1.3758666735426605e-05,0.15673259342951423,0.8387081720325691,25,20,20
33,9520,0.004545475871178029,1.3757878504779824e-05,0.15640271921097282,0.8390380470393444,25,20,20
33,9521,0.004545475871177987,1.375787850899617e-05,0.1564028333769216,0.8390379328733915,25,20,20
33,9522,0.004545475871174849,1.3757878513212523e-05,0.15639832789040475,0.8390424383599071,25,20,20
33,9523,0.004545475871178842,1.3757878517577384e-05,0.15640546104774627,0.8390353052025575,25,20,20
33,9524,0.001610685114792191,1.3671358132421498e-05,0.15935015648216477,0.8390254870449111,25,20,20
33,9525,0.0016106851147913912,1.3671358132420155e-05,0.1593478782116628,0.8390277653154138,25,20,20
33,9526,0.0016106851147914042,1.367135813671047e-05,0.15934337363468193,0.8390322698923904,25,20,20
33,9527,0.0016106851147913905,1.367135813670915e-05,0.15934348409838267,0.8390321594286897,25,20,20
33,9528,0.0016106851147913348,1.367135813670782e-05,0.1593481189093009,0.8390275246177714,25,20,20
33,9529,0.0016106851147952295,1.3671371979588974e-05,0.1595443234485273,0.8388313200646984,25,20,20
33,9530,0.0016106851147912368,1.3671371975299368e-05,0.1595436806206953,0.8388319628925386,25,20,20
33,9531,0.001610685114791236,1.3671371975299365e-05,0.15954558355236442,0.8388300599608695,25,20,20
33,9532,1.1258595089667423e-05,1.3671371970988972e-05,0.16114501007082485,0.8388300599621152,25,20,20
33,9533,1.1258594907944304e-05,1.3671371966781146e-05,0.16105281620695494,0.838922253826171,25,20,20
33,9534,1.1258594725804265e-05,1.3671371962490206e-05,0.16104845553516342,0.838926614498149,25,20,20
33,9535,1.0745721268334227e-05,1.3721037465868303e-05,0.16103587515984313,0.8389396580814235,25,20,20
33,9536,1.0745721269120005e-05,1.3721037465869367e-05,0.16103805043914665,0.838937482802119,25,20,20
33,9537,1.0745721269176061e-05,1.3721037470159462e-05,0.161040175463808,0.8389353577774531,25,20,20
33,9538,1.074571874734956e-05,1.3720251321522288e-05,0.1606123416902502,0.8393631923396812,25,20,20
33,9539,1.0745718749801304e-05,1.3720251321448328e-05,0.160615808201832,0.8393597258280971,25,20,20
33,9540,1.0745718749746236e-05,1.3720251321299115e-05,0.1606092054045792,0.8393663286253502,25,20,20
33,9541,1.0745718749745994e-05,1.3720251321297816e-05,0.16060909152070096,0.8393664425092286,25,20,20
33,9542,1.0745718758187874e-05,1.3720251337205664e-05,0.19804233506705318,0.8019331989628519,25,20,20
33,9543,1.0745718758299741e-05,1.3720251337280956e-05,0.1980422767393577,0.8019332572905472,25,20,20
33,9544,1.0745718803821436e-05,1.3720251333139878e-05,0.1980422026541173,0.8019333313757464,25,20,20
33,9545,1.0241252001321648e-05,1.372066185111817e-05,0.19768035011840446,0.8022956879677434,25,20,20
33,9546,1.0241254551176503e-05,1.3720661855334282e-05,0.1976825959364253,0.8022934421471686,25,20,20
33,9547,1.0241254505649385e-05,1.3720661855333649e-05,0.19767618440898008,0.8022998536746594,25,20,20
33,9548,1.0241254505594307e-05,1.372066185111728e-05,0.19767607021819245,0.8022999678654513,25,20,20
33,9549,1.0241254505664121e-05,1.3720661846975151e-05,0.1976800610274168,0.802295977056231,25,20,20
33,9550,1.0241254508059803e-05,1.372066184275904e-05,0.1976778315193634,0.8022982065642864,25,20,20
33,9551,1.0241254511296032e-05,1.3720661842833967e-05,0.19785734173066494,0.8021186963529816,25,20,20
33,9552,1.0241254511198162e-05,1.372066184268345e-05,0.1978575147679048,0.802118523315742,25,20,20
33,9553,0.019965063228840858,6.395960821631461e-07,0.17798095126024813,0.8020533459148286,25,20,20
33,9554,0.01996506322884087,6.395960820878905e-07,0.17797457707581205,0.8020597200992647,25,20,20
33,9555,0.0562139276470894,6.395960778997357e-07,0.14173900875519266,0.8020464240016407,25,20,20
33,9556,0.05621392764709261,6.395960779750447e-07,0.14174061500764523,0.8020448177491849,25,20,20
33,9557,0.05621392764708952,6.39596077827131e-07,0.14173900776511095,0.8020464249917225,25,20,20
33,9558,0.05621392764709017,6.395960776778676e-07,0.14173285432724853,0.8020525784295844,25,20,20
33,9559,0.056213927647090205,6.395960776791417e-07,0.14173270625745082,0.8020527264993821,25,20,20
33,9560,0.05621409053957617,6.395972796411722e-07,0.1816729459203695,0.7621123239427741,25,20,20
33,9561,0.07754003432302267,6.118082734242243e-07,0.16035707508320984,0.7621022787854949,25,20,20
33,9562,0.07754003432045141,6.11794460260948e-07,0.15998289546019565,0.7624764584248939,25,20,20
33,9563,0.0775400343204506,6.117944602596275e-07,0.15998277851067985,0.7624765753744104,25,20,20
33,9564,0.0775400343202685,6.117946962612701e-07,0.15998287529991995,0.7624764785851164,25,20,20
33,9565,0.07754003432026535,6.117944516829013e-07,0.1599755436636376,0.7624838102216464,25,20,20
33,9566,0.0775400343202654,6.117944517594902e-07,0.1599756594427183,0.7624836944425654,25,20,20
33,9567,0.04141174920866852,6.118095513084229e-07,0.19610394439436277,0.7624836945874174,25,20,20
33,9568,0.021679301277566686,5.899475267698451e-07,0.2158394048842729,0.7624807038906338,25,20,20
33,9569,0.021679301277563477,5.899475267694739e-07,0.2160330039106255,0.7622871048642843,25,20,20
33,9570,0.05979188853150389,5.899330597961066e-07,0.17792042437198957,0.7622870971634466,25,20,20
33,9571,0.05979188853150313,5.899192168400309e-07,0.17763204662688156,0.7625754749223984,25,20,20
33,9572,0.05979188852890774,5.899192125486532e-07,0.17762976070331082,0.7625777608485688,25,20,20
33,9573,0.059791888528907676,5.899192124733619e-07,0.17762964631165631,0.7625778752402235,25,20,20
33,9574,0.05979188852891088,5.899192166897123e-07,0.17762756592176865,0.762579955630104,25,20,20
33,9575,0.059791888528910826,5.899192166910101e-07,0.17762756517545444,0.7625799563764182,25,20,20
33,9576,0.05979188852891085,5.899192166923302e-07,0.1776276051732325,0.7625799163786401,25,20,20
33,9577,0.05979188838099933,5.899192081110151e-07,0.17761827771253735,0.7625892439872551,25,20,20
33,9578,0.07578435443859027,2.1295992777700801e-07,0.16156850106330922,0.7626469315381728,25,20,20
33,9579,0.07982446290178816,4.2712564530633795e-10,0.15758629267688204,0.7625892439942047,25,20,20
33,9580,0.07982446290178817,4.271255707514792e-10,0.15721326394372334,0.7629622727273635,25,20,20
33,9581,0.07982446290178823,4.2712549679293284e-10,0.15720828206254556,0.7629672546085412,25,20,20
33,9582,0.0798244629018337,4.271340777568154e-10,0.1572113656618552,0.7629641710091773,25,20,20
33,9583,0.07982446290201589,4.271384441849211e-10,0.1572161626592955,0.7629593740115501,25,20,20
33,9584,0.07982446290219876,4.2714273528268744e-10,0.15722087816171545,0.7629546585089431,25,20,20
33,9585,0.0798244629021987,4.2714280795364677e-10,0.15722249619749104,0.7629530404731675,25,20,20
33,9586,0.0798244629021987,4.271428105877729e-10,0.1573147878369918,0.7628607488336664,25,20,20
33,9587,0.07982446290219557,4.2714273791440165e-10,0.15731478152966266,0.7628607551409988,25,20,20
33,9588,0.07982446290219557,4.2714273918897054e-10,0.1573147828016664,0.7628607538689951,25,20,20
33,9589,0.07982446290219564,4.271470279748953e-10,0.15731707353476054,0.7628584631358966,25,20,20
33,9590,0.0798244629021533,4.271427247439081e-10,0.15744190225826823,0.7627336344124356,25,20,20
33,9591,0.0795002406535706,2.08272455741298e-08,0.15776610240066685,0.762733636118517,25,20,20
33,9592,0.0795002406535706,2.0827249789787604e-08,0.15777262583960688,0.7627271126795726,25,20,20
33,9593,0.07950024065357059,2.0827249789786793e-08,0.15777239726738534,0.762727341251794,25,20,20
33,9594,0.07950024065356746,2.0827245512031013e-08,0.15764756554597145,0.7628521729732154,25,20,20
33,9595,0.07950024065357061,2.0841058675336728e-08,0.15802174485825715,0.7624779936471132,25,20,20
33,9596,0.07950024065482347,2.0842705172542724e-08,0.1558108222371371,0.7646889162653341,25,20,20
33,9597,0.07950024080253412,2.0842713730415186e-08,0.1559235663112093,0.7645761720435428,25,20,20
33,9598,0.07950024127311535,2.0853797513487106e-08,0.1641153500007255,0.7563843878723611,25,20,20
33,9599,0.07950024127311534,2.0853793223403434e-08,0.16411306001394546,0.7563866778591455,25,20,20
33,9600,0.07950024112540469,2.0853784664279173e-08,0.16400031524343162,0.7564994227773787,25,20,20
33,9601,0.07950024112540469,2.0853784664256796e-08,0.16400042771554166,0.7564993103052686,25,20,20
33,9602,0.07950007823292028,2.0852583045646904e-08,0.1639913624148103,0.7565085384996868,25,20,20
33,9603,0.07950007823292028,2.0852583043058312e-08,0.16389910876178823,0.7566007921527088,25,20,20
33,9604,0.07950007824199043,2.085092071691149e-08,0.12884965294694067,0.7916502479601479,25,20,20
33,9605,0.07950007824198725,2.0837107552308036e-08,0.12847547220251368,0.7920244287183913,25,20,20
33,9606,0.07925547013091666,2.0837078131168314e-08,0.12872008030624368,0.7920244287257612,25,20,20
33,9607,0.07925547013109877,2.0837322789966673e-08,0.12872678537907523,0.7920177236525028,25,20,20
33,9608,0.07925547013128084,2.0837322939221045e-08,0.12872436329072426,0.7920201457406716,25,20,20
33,9609,0.07925547013109786,2.083731864678e-08,0.12871960627201295,0.7920249027595702,25,20,20
33,9610,0.07925547013110106,2.0837318650696638e-08,0.12872122936844888,0.792023279663131,25,20,20
33,9611,0.07986820211905213,4.3720998778279023e-10,0.12810851951635038,0.7920232779273875,25,20,20
33,9612,0.07986820211905213,4.3720991381409506e-10,0.12810690005803185,0.792024897385706,25,20,20
33,9613,0.07986820211905211,4.372099864529937e-10,0.1281118833909709,0.7920199140527671,25,20,20
33,9614,0.07972995956886454,4.4197235895411257e-10,0.12825012551489806,0.7920199144742651,25,20,20
33,9615,0.07975165092741575,6.014372187883481e-10,0.12815882671868872,0.7920895217524583,25,20,20
33,9616,0.07975165091708111,6.014371411785213e-10,0.1279757638944477,0.7922725845870339,25,20,20
33,9617,0.07975165091712665,6.014415067644665e-10,0.12797596118443189,0.7922723872969999,25,20,20
33,9618,0.07975165091712665,6.014415067636619e-10,0.12797592264486102,0.7922724258365708,25,20,20
33,9619,0.07975165044654225,5.903535073429607e-10,0.11978556474330858,0.8004627842197957,25,20,20
33,9620,0.07975165057199606,6.021772602138247e-10,0.12586683112471445,0.7943815177011122,25,20,20
33,9621,0.07975165057181399,6.019326767298084e-10,0.1258602690433045,0.7943880797829488,25,20,20
33,9622,0.07975165057181396,6.019326754320689e-10,0.12586038209506223,0.794387966731191,25,20,20
33,9623,0.07975271781573044,2.6416857295636953e-08,0.12621476019405864,0.7940324955733541,25,20,20
33,9624,0.07975271781573046,2.641685729561436e-08,0.12622136519844132,0.7940258905689715,25,20,20
33,9625,0.07975271781573047,2.6416853080588998e-08,0.12622125104340126,0.7940260047240157,25,20,20
33,9626,0.07975271781573047,2.6416857370928236e-08,0.12621484127593047,0.7940324144914822,25,20,20
33,9627,0.07975271781573041,2.6416857294341757e-08,0.12621321832615798,0.794034037441255,25,20,20
33,9628,0.07975271781573041,2.6416857295661858e-08,0.12621329879140894,0.794033956976004,25,20,20
33,9629,0.07975271781572728,2.641685729302043e-08,0.12621637860415424,0.7940308771632618,25,20,20
33,9630,0.07975275033418683,2.641852755743413e-08,0.12142488539438392,0.7988223378529022,25,20,20
33,9631,0.07973354822443529,2.642490499874997e-08,0.12144408743751713,0.7988223379131432,25,20,20
33,9632,0.0797334450688229,7.483227418400423e-05,0.12137616036693967,0.7988155622900538,25,20,20
33,9633,0.07973344506900498,7.483227418829535e-05,0.12138078369483925,0.7988109389619679,25,20,20
33,9634,0.07973344506882285,7.48322741881448e-05,0.12137858476523297,0.7988131378917563,25,20,20
33,9635,0.07973344506886866,7.483227394356131e-05,0.12179605908391693,0.7983956635732713,25,20,20
33,9636,0.07973344506882284,7.483227394363658e-05,0.12137199562081623,0.7988197270364177,25,20,20
33,9637,0.11946678188378022,7.483225884412436e-05,0.08163865896591496,0.798819726891461,25,20,20
33,9638,0.11946580030179524,2.4828236302173443e-07,0.08171433433674066,0.7988196170791013,25,20,20
33,9639,0.11946580030179843,2.4828236738789425e-07,0.08172093958371461,0.7988130118321198,25,20,20
33,9640,0.11946580030179837,2.482823673865965e-07,0.08172097152671996,0.7988129798891147,25,20,20
33,9641,0.11972271804984405,2.482791932576125e-07,0.08146405421844861,0.7988129794525147,25,20,20
33,9642,0.12056440876618957,2.783604313763568e-06,0.08061982810532418,0.798812979524173,25,20,20
33,9643,0.12056440876637171,2.7836043096243312e-06,0.08061837508427933,0.7988144325450398,25,20,20
33,9644,0.11327070856823113,3.0200792696256323e-06,0.08791183844838668,0.7988144329041131,25,20,20
33,9645,0.11327070856823113,3.0200792696269287e-06,0.08791191233800755,0.7988143590144923,25,20,20
33,9646,0.11327070856823111,3.020079269625608e-06,0.08791187234022932,0.7988143990122701,25,20,20
33,9647,0.11327070857082652,3.020079514240611e-06,0.08790712584941529,0.7988191455002442,25,20,20
33,9648,0.11327067592691636,3.020066020371263e-06,0.08661886132190948,0.800107442685154,25,20,20
33,9649,0.11327067592691714,3.0200798706663e-06,0.08687970596243803,0.7998465980307742,25,20,20
33,9650,0.1132706759269172,3.020079870668917e-06,0.08687962691562295,0.7998466770775893,25,20,20
33,9651,0.11327067592691717,3.0200798663786e-06,0.08687943166843598,0.7998468723247807,25,20,20
33,9652,0.11327067592689306,3.0200934306359652e-06,0.08725175312101184,0.7994745508586647,25,20,20
33,9653,0.11327067593727407,3.0200936753067247e-06,0.08725628883022753,0.7994700151388233,25,20,20
33,9654,0.11327067593727413,3.0200936753833147e-06,0.08725625822168252,0.7994700457473681,25,20,20
33,9655,0.13942971377190935,3.0233256533933266e-06,0.06123548938600726,0.7993317735164301,25,20,20
33,9656,0.13942971377190935,3.0233256534672976e-06,0.06123552419709673,0.7993317387053404,25,20,20
33,9657,0.13865061060115158,2.408102117460317e-07,0.06201740775296355,0.7993317408356727,25,20,20
33,9658,0.13865061059077288,2.40820055808798e-07,0.07307131815418737,0.7882778304349836,25,20,20
33,9659,0.1386506105907737,2.4082005581009574e-07,0.07307132019177812,0.788277828397392,25,20,20
33,9660,0.1158538808696088,7.997092256888478e-05,0.09578821892853774,0.7882779292792857,25,20,20
33,9661,0.11585388086960875,7.997092256888478e-05,0.09578825165755984,0.7882778965502637,25,20,20
33,9662,0.09768121462898252,7.99709197895159e-05,0.11395488717989355,0.7882839272713353,25,20,20
33,9663,0.09430780861997361,2.3743096391173777e-07,0.10295649407215066,0.8027354598769126,25,20,20
33,9664,0.09430780861997362,2.374309639117147e-07,0.10295643415942156,0.8027355197896416,25,20,20
33,9665,0.09430780861997677,2.3743096398569973e-07,0.10295643419985369,0.8027355197492062,25,20,20
33,9666,0.09430780862778639,2.3741715511484803e-07,0.10258705261101518,0.8031049013440439,25,20,20
33,9667,0.09430780862778318,2.3741715504218284e-07,0.10258895382055724,0.8031030001345052,25,20,20
33,9668,0.0943078086277864,2.3741715511884118e-07,0.10258913391132385,0.803102820043735,25,20,20
33,9669,0.09430780862778641,2.3741715940847019e-07,0.10259573843168229,0.8030962155233721,25,20,20
33,9670,0.09430780862778322,2.3741715511755612e-07,0.10258921497404455,0.8031027389810174,25,20,20
33,9671,0.09430780861740232,2.3741715097563447e-07,0.10258911785075682,0.8031028361146901,25,20,20
33,9672,0.09430780861740226,2.3741715517673172e-07,0.10271847099306142,0.8029734829723815,25,20,20
33,9673,0.09430780861740225,2.3741715517675494e-07,0.10271835653106029,0.8029735974343823,25,20,20
33,9674,0.09430780861740225,2.3741715510280737e-07,0.10271828061145165,0.8029736733539912,25,20,20
33,9675,0.09430780861830466,2.3741717664293074e-07,0.13925652675245406,0.7664354272120645,25,20,20
33,9676,0.09430780861830472,2.3741718085747253e-07,0.1392611478008786,0.766430806163636,25,20,20
33,9677,0.09430780862071782,2.374174253795538e-07,0.13926100807828437,0.7664309458835725,25,20,20
33,9678,0.0978875808675895,2.6345001765991797e-07,0.15013273526720558,0.7519794204151872,25,20,20
33,9679,0.09788758086759045,2.634399290030053e-07,0.1390743566598915,0.7630377990325892,25,20,20
33,9680,0.09788758086759358,2.634401735953622e-07,0.1390791887364106,0.7630329669558222,25,20,20
33,9681,0.09788758086759358,2.6344017359665946e-07,0.13908567903627692,0.7630264766559556,25,20,20
33,9682,0.09788758086759039,2.6343992900170713e-07,0.13908084411534866,0.7630313115771317,25,20,20
33,9683,0.09788758086763594,2.6343993336837304e-07,0.13908324610037961,0.7630289095920507,25,20,20
33,9684,0.09788758086504071,2.6343968876951224e-07,0.1390852262328448,0.7630269294624255,25,20,20
33,9685,0.10141470323677967,2.6253978455734326e-07,0.13555810692477638,0.7630269272986601,25,20,20
33,9686,0.1014147032367796,2.625397887424914e-07,0.1358243855945317,0.7627606486289007,25,20,20
33,9687,0.08036994383754069,2.722926366320452e-06,0.1568726088479297,0.762754724388164,25,20,20
33,9688,0.08036994383754063,2.7229263621784765e-06,0.15724100828090581,0.7623863249551921,25,20,20
33,9689,0.08036994383754063,2.72292636210591e-06,0.15686798779950498,0.7627593454365931,25,20,20
33,9690,0.08104920818467054,1.6234061051183224e-05,0.1561752126703293,0.7627593450839502,25,20,20
33,9691,0.08104920818467053,1.6234061051107933e-05,0.15617509735853713,0.7627594603957424,25,20,20
33,9692,0.08104920818467053,1.623406105110661e-05,0.1561684945969054,0.7627660631573739,25,20,20
33,9693,0.08104920818466974,1.6234047205027733e-05,0.15590332469113283,0.7630312330769935,25,20,20
33,9694,0.0810492081846729,1.6234047449472168e-05,0.15590345745360648,0.7630311003142723,25,20,20
33,9695,0.0809292763456813,1.6234488779010512e-05,0.15602326888225115,0.7630312202832897,25,20,20
33,9696,0.07747678872849766,1.623403989966014e-05,0.15946798094420644,0.7630389962873971,25,20,20
33,9697,0.07747678872849445,1.6234039655065165e-05,0.15946314543930598,0.7630438317925454,25,20,20
33,9698,0.07747678872849759,1.623403989960509e-05,0.15946480001765342,0.7630421772139502,25,20,20
33,9699,0.07747678873108402,1.623405381098588e-05,0.1594277012546553,0.7630792759604504,25,20,20
33,9700,0.07747678873108474,1.6234053810987845e-05,0.1594212591194761,0.7630857180956288,25,20,20
33,9701,0.08421611971730707,2.4864425726819787e-06,0.15269567575092272,0.7630857180891982,25,20,20
33,9702,0.08064280559239956,2.474567864471706e-06,0.15007278064261226,0.7692819391971244,25,20,20
33,9703,0.08064280559239878,2.4745680708746754e-06,0.15632232007338817,0.7630323997661431,25,20,20
33,9704,0.08064280560270688,2.4745819180914358e-06,0.15661074349630397,0.7627439763190719,25,20,20
33,9705,0.08064280560270769,2.4745819180922697e-06,0.15661507127671323,0.7627396485386617,25,20,20
33,9706,0.08064280560270769,2.474581711686681e-06,0.1503701933500014,0.7689845264655797,25,20,20
33,9707,0.08064280560266215,2.474581951914749e-06,0.15037482955856954,0.7689798902568168,25,20,20
33,9708,0.08064280560266295,2.474581707395053e-06,0.15037660110500872,0.7689781187106215,25,20,20
33,9709,0.08064280559235801,2.4745678644692066e-06,0.1500947011397307,0.7692600187000473,25,20,20
33,9710,0.08064280559235482,2.4745678601043217e-06,0.15008820905096376,0.7692665107888219,25,20,20
33,9711,0.08064280559235487,2.4745678643954516e-06,0.15009291318837947,0.7692618066514018,25,20,20
33,9712,0.04082012477701281,2.4763215967633684e-06,0.18991558813783663,0.7692618107635536,25,20,20
33,9713,0.04080930646478889,2.462327648279337e-06,0.19612010257515858,0.7630681286324041,25,20,20
33,9714,0.040809340187271975,2.46232813747011e-06,0.19613098904967566,0.7630572084349148,25,20,20
33,9715,0.0408622817218545,2.462846054634149e-06,0.19608594300777832,0.7630493124243126,25,20,20
33,9716,0.0408622817192649,2.4628321389743283e-06,0.19599350914788993,0.7631417463007062,25,20,20
33,9717,0.040862281719264155,2.4628321346834013e-06,0.19598852471228193,0.7631467307363192,25,20,20
33,9718,0.040862281719264155,2.462832134683379e-06,0.1959839036950218,0.7631513517535795,25,20,20
33,9719,0.040862281719264114,2.4628323775284613e-06,0.19624863262652806,0.7628866228218307,25,20,20
33,9720,0.040831019611083263,2.461078644756049e-06,0.19627990060072598,0.7628866187095464,25,20,20
33,9721,0.04083101961108646,2.461078644758644e-06,0.19628006183609717,0.762886457474172,25,20,20
33,9722,0.040831019611086476,2.4610788893536185e-06,0.19628481486529142,0.7628817044447332,25,20,20
33,9723,0.04083101961108333,2.461078649030038e-06,0.1962832744527124,0.7628832448575557,25,20,20
33,9724,0.04083101961108897,2.461078648597395e-06,0.20093569081596496,0.7582308284942973,25,20,20
33,9725,0.040831019611089765,2.4610786486726412e-06,0.2009358446711854,0.758230674639076,25,20,20
33,9726,0.04083101961108897,2.461078644379707e-06,0.2009357298581359,0.7582307894521304,25,20,20
33,9727,0.04083101961127069,2.461078648661459e-06,0.2010279251493265,0.7581385941607539,25,20,20
33,9728,0.04083101961127075,2.461078648664077e-06,0.2010279550125154,0.7581385642975649,25,20,20
33,9729,0.04083098588878773,2.4610781637634093e-06,0.20101943905361583,0.7581471139794322,25,20,20
33,9730,0.040830985888790854,2.4610781594746473e-06,0.2010171240437118,0.7581494289893375,25,20,20
33,9731,0.04083099333855382,2.4610900570218787e-06,0.1714555241343428,0.787711021437046,25,20,20
33,9732,0.04083099333855378,2.461090061272185e-06,0.1718270051462205,0.787339540425164,25,20,20
33,9733,0.04083099333855457,2.461090061344158e-06,0.17219355824619353,0.7869729873251902,25,20,20
33,9734,0.04083419022671062,2.460921075103376e-06,0.17219302466080816,0.7869703241914051,25,20,20
33,9735,0.04083419022666507,2.46092107502833e-06,0.17219076498826982,0.7869725838639896,25,20,20
33,9736,0.04083419037459872,2.4609210793480542e-06,0.17192690696151636,0.7872364417428049,25,20,20
33,9737,0.040834190374598664,2.460921075132994e-06,0.17193331449401036,0.7872300342103153,25,20,20
33,9738,0.04084207958708612,2.4609209977885558e-06,0.17192542526059618,0.7872300342313193,25,20,20
33,9739,0.040842079587130924,2.4609212423114263e-06,0.1719297997153385,0.7872256597762877,25,20,20
33,9740,0.040842079586900615,2.4609212452618313e-06,0.18300824199231705,0.7761472174995366,25,20,20
33,9741,0.04084207958689747,2.4609212495854077e-06,0.18338118207015885,0.7757742774216938,25,20,20
33,9742,0.04084207958689747,2.4609212538017607e-06,0.1833811865554703,0.7757742729363782,25,20,20
33,9743,0.04084207958689747,2.460921009283375e-06,0.18337643414845473,0.7757790253436383,25,20,20
33,9744,0.04084208017706274,2.4617138679516535e-06,0.17882666532952396,0.7803287927795453,25,20,20
33,9745,0.040842080029125975,2.4617138594441367e-06,0.17882579818588415,0.7803296600711304,25,20,20
33,9746,0.040842080029122804,2.4617136164511165e-06,0.17855952676002215,0.7805959314972385,25,20,20
33,9747,0.04084208002917234,2.46171361227685e-06,0.1781866118212462,0.7809688464359691,25,20,20
33,9748,0.04084208002917233,2.46171361227685e-06,0.1781865299401198,0.7809689283170955,25,20,20
33,9749,0.04084208002917228,2.46171360798572e-06,0.17818190826951644,0.7809735499877029,25,20,20
33,9750,0.0746986702145479,2.4617136530289884e-06,0.14432531739323645,0.7809735506785626,25,20,20
33,9751,0.07469867022485517,2.4617274960597064e-06,0.14461373355950183,0.7806851344881468,25,20,20
33,9752,0.07469867022480564,2.4617277405033247e-06,0.14461828671508623,0.7806805813323675,25,20,20
33,9753,0.07469867022480564,2.461727740500707e-06,0.14461832207615444,0.7806805459712993,25,20,20
33,9754,0.07469909731615179,2.4617525788028145e-06,0.1445959676162909,0.7807024733149784,25,20,20
33,9755,0.07469909731615179,2.4617525830937635e-06,0.14460257352339595,0.780695867407869,25,20,20
33,9756,0.07469909731615178,2.4617525788021186e-06,0.14460253354800082,0.7806959073832686,25,20,20
33,9757,0.07469909731615253,2.4617525787995233e-06,0.14461650966901163,0.780681931262257,25,20,20
33,9758,0.07469909731615247,2.461752334205275e-06,0.14461176952880536,0.7806866714027081,25,20,20
33,9759,0.07469909731615249,2.4617523299895823e-06,0.14461176783982324,0.7806866730916943,25,20,20
33,9760,0.074699097316198,2.4617523258132584e-06,0.1442453537742146,0.7810530871572616,25,20,20
33,9761,0.074699097316198,2.461752325813281e-06,0.14424523790309032,0.7810532030283859,25,20,20
33,9762,0.07469909731637692,2.4617523343925155e-06,0.14425178867691912,0.7810466522543698,25,20,20
33,9763,0.07469909731624931,2.461752331365529e-06,0.13317174433180878,0.7921266965996105,25,20,20
33,9764,0.07469909731628693,2.4617525377589046e-06,0.13904817777466819,0.7862502631565073,25,20,20
33,9765,0.07469909731628699,2.4617525379094177e-06,0.13905478199404117,0.7862436589371339,25,20,20
33,9766,0.07469909731628699,2.461752542050528e-06,0.13904829823952305,0.7862501426916481,25,20,20
33,9767,0.07469909731624225,2.461752301743333e-06,0.1390504130223201,0.7862480279091361,25,20,20
33,9768,0.07394214534246338,2.2219231575606172e-09,0.13980992703723863,0.7862479253983742,25,20,20
33,9769,0.07394214534246338,2.2219188659384483e-09,0.13980980808537266,0.7862480443502443,25,20,20
33,9770,0.07394171837502475,2.1973451391029296e-09,0.13983215825080314,0.7862261211768268,25,20,20
33,9771,0.08004970625873765,2.197310931683019e-09,0.13372417109914514,0.7862261204448067,25,20,20
33,9772,0.08004970624847589,2.1837167104863744e-09,0.13344050804946447,0.7865097835183431,25,20,20
33,9773,0.08004969879781369,2.1717976231543764e-09,0.12646845084829406,0.793481848182095,25,20,20
33,9774,0.08005544627082176,6.393255672264004e-07,0.12646207021848496,0.7934818441851267,25,20,20
33,9775,0.08005544627082173,6.393255672250801e-07,0.126462102991697,0.7934818114119147,25,20,20
33,9776,0.0808738361964723,6.393253026843243e-07,0.12564371723655093,0.7934818072416742,25,20,20
33,9777,0.08087383619647229,6.393253026104109e-07,0.12563711444249603,0.7934884100357293,25,20,20
33,9778,0.08060705114242256,6.393300801589922e-07,0.12590387496150784,0.7934884345659898,25,20,20
33,9779,0.04252689920814217,6.53065881060711e-07,0.16398028150510044,0.7934921662208769,25,20,20
33,9780,0.042527045489480705,6.52547498778441e-07,0.16398013574287795,0.793492166220142,25,20,20
33,9781,0.04252704548947997,6.525475024961067e-07,0.16863239962044907,0.7888399023425668,25,20,20
33,9782,0.04252704548944632,9.057694394572326e-07,0.20238255323964358,0.7550894955014688,25,20,20
33,9783,0.04252260617171253,0.0007129115394340392,0.20167496782975342,0.7550895144590974,25,20,20
33,9784,0.042522606171711726,0.0007129115394325887,0.21563819256074346,0.7411262897281098,25,20,20
33,9785,0.04173342334810746,0.0007129115394462003,0.21642737134363224,0.7411262937688113,25,20,20
33,9786,0.04173342334810746,0.0007129115394462016,0.2164273699521685,0.7411262951602753,25,20,20
33,9787,0.041733423348287904,0.0007129115396885043,0.2168003498630819,0.7407533152489393,25,20,20
33,9788,0.041733422758120184,0.000712910746826053,0.21669589412165668,0.7408577723733946,25,20,20
33,9789,0.04173342275793981,0.000712910746583751,0.21632941641069284,0.741224250084781,25,20,20
33,9790,0.04173342275793667,0.0007129107465837498,0.21632487669409312,0.741228789801384,25,20,20
33,9791,0.041733422758118796,0.000712910746583751,0.216326413071687,0.7412272534236081,25,20,20
33,9792,0.04173342275811886,0.0007129107465838248,0.21632649414062566,0.7412271723546694,25,20,20
33,9793,0.041733422758115715,0.0007129107465838262,0.21632177939920055,0.7412318870960977,25,20,20
33,9794,0.041733422758115736,0.0007129107465880424,0.21631679809085763,0.7412368684044359,25,20,20
33,9795,0.04170471775775351,0.0007129107616641614,0.21634550711560457,0.741236864364975,25,20,20
33,9796,0.041702387549677554,4.938519695797009e-07,0.21354594238167032,0.7447511762166797,25,20,20
33,9797,0.041702387549677554,4.938519738700174e-07,0.21354613765258937,0.7447509809457565,25,20,20
33,9798,0.04170243453727546,2.406298308677919e-07,0.21354632313846042,0.7447510016944311,25,20,20
33,9799,0.03980130378985737,2.2690289539662955e-07,0.21545112930426386,0.7447473400029816,25,20,20
33,9800,0.03980130378985733,2.2690289959909987e-07,0.21558056836529207,0.7446179009419491,25,20,20
33,9801,0.03980130378967566,2.26902895392608e-07,0.21549296048323685,0.7447055088241906,25,20,20
33,9802,0.039801303789675675,2.269028954674072e-07,0.2154974657789537,0.7447010035284737,25,20,20
33,9803,0.039801303789493564,2.2690288688550859e-07,0.21549102130911943,0.7447074479984989,25,20,20
33,9804,0.07919658264184613,2.268878046331753e-07,0.17609574241426923,0.7447074480560787,25,20,20
33,9805,0.043067415102613464,2.533529009880463e-07,0.212224781893324,0.7447075496511616,25,20,20
33,9806,0.043067415102613464,2.5335290525112015e-07,0.21249103407985578,0.7444412974646255,25,20,20
33,9807,0.043067415102613464,2.5335290527790175e-07,0.2122294049548915,0.7447029265895897,25,20,20
33,9808,0.04306741510261342,2.5335290527792536e-07,0.21222939570034619,0.7447029358441349,25,20,20
33,9809,0.04306741510261584,2.5335290964466285e-07,0.21221713266264988,0.7447151988818242,25,20,20
33,9810,0.04315229458944738,2.533653863378911e-07,0.2121322498610136,0.7447152021841522,25,20,20
33,9811,0.04315229458944416,2.533653819724514e-07,0.21213050833655345,0.74471694370862,25,20,20
33,9812,0.04315229458944417,2.5336538197245224e-07,0.21213050833857852,0.7447169437065949,25,20,20
33,9813,0.04315229458944416,2.5336537760608454e-07,0.2121258463461621,0.7447216056990156,25,20,20
33,9814,0.04315229458854806,2.6561354373522543e-08,0.2121253193742433,0.7447223594758537,25,20,20
33,9815,0.04315229473574249,2.6575207316813878e-08,0.19840758398384137,0.7584400947052083,25,20,20
33,9816,0.04315227484785769,2.0920734102013767e-06,0.16641032214485033,0.7904353109338815,25,20,20
33,9817,0.04315227484786087,2.092073410201307e-06,0.16641097871946398,0.7904346543592646,25,20,20
33,9818,0.0431522748478608,2.0920734102007097e-06,0.16640445464743306,0.7904411784312956,25,20,20
33,9819,0.04315227484786158,2.092073405998227e-06,0.166281539550158,0.790564093528574,25,20,20
33,9820,0.04315227484786153,2.0920734059242644e-06,0.16628153949929864,0.7905640935794334,25,20,20
33,9821,0.05963308402869855,2.092069782248313e-06,0.149800720308414,0.7905641035931051,25,20,20
33,9822,0.05963308402869861,2.092069782322275e-06,0.14980542179513054,0.7905594021063885,25,20,20
33,9823,0.06320185031157843,2.093458942416431e-06,0.1462366519142426,0.7905594043152371,25,20,20
33,9824,0.06320185031157843,2.0934589424916767e-06,0.14623661328268373,0.7905594429467959,25,20,20
33,9825,0.0632018503115784,2.0934589425682345e-06,0.14624131379707575,0.7905547424324035,25,20,20
33,9826,0.06320185016438477,2.0934450910748196e-06,0.14598937661919728,0.7908066797713272,25,20,20
33,9827,0.06320185016433925,2.0934450910760936e-06,0.14598929155394913,0.7908067648366212,25,20,20
33,9828,0.06320185016433924,2.0934450910008334e-06,0.1459845909484341,0.7908114654421362,25,20,20
33,9829,0.06320185016452136,2.0934450952933075e-06,0.1459891329954633,0.7908069233949208,25,20,20
33,9830,0.06320185016452141,2.0934450953482093e-06,0.14616393553809698,0.7906321208522868,25,20,20
33,9831,0.06320185016452143,2.0934450953495073e-06,0.14616397551153296,0.7906320808788508,25,20,20
33,9832,0.06320185016452377,2.0934450911344368e-06,0.14616388978075093,0.7906321666096348,25,20,20
33,9833,0.06320185151338038,2.8628955691550944e-08,0.14442606463112842,0.7923720552265361,25,20,20
33,9834,0.0632018515132014,2.862919487090738e-08,0.14442607392876003,0.7923720459288442,25,20,20
33,9835,0.0632018515132465,2.8643003742601393e-08,0.14480013423751978,0.7919979856062305,25,20,20
33,9836,0.06320185151324646,2.8643003667334952e-08,0.1447985922783968,0.7919995275653534,25,20,20
33,9837,0.06320185210500427,2.8643008034046876e-08,0.14480028694969183,0.7919978323022961,25,20,20
33,9838,0.06320185210500513,2.864300389344671e-08,0.14479789740008495,0.7920002218519063,25,20,20
33,9839,0.063201852104823,2.8643003818180373e-08,0.14479632763940167,0.7920017916127717,25,20,20
33,9840,0.06320185210482299,2.8643003818134438e-08,0.14479628709207001,0.7920018321601034,25,20,20
33,9841,0.06320185210482299,2.864300810908353e-08,0.1448028935848611,0.7919952256673081,25,20,20
33,9842,0.06320297585263777,0.00034413289958412836,0.1479439678632434,0.7885089233845348,25,20,20
33,9843,0.06320297585263773,0.00034413289958412836,0.1479461624456828,0.7885067288020955,25,20,20
33,9844,0.06320297585259221,0.0003441328993353188,0.14794140932909794,0.7885114819189745,25,20,20
33,9845,0.06320297585259142,0.0003441328993352436,0.14793480370849824,0.7885180875395751,25,20,20
33,9846,0.0632029758551868,0.00034413289933953365,0.1479305679215329,0.7885223233239407,25,20,20
33,9847,0.06320297585523232,0.0003441328993395324,0.14793726057650303,0.788515630668925,25,20,20
33,9848,0.0994382489180523,0.00034413151020719346,0.11170199111167416,0.7885156284600658,25,20,20
33,9849,0.09943824833665277,0.0003441315102071836,0.11179252475736026,0.7884250953957793,25,20,20
33,9850,0.09943824834696495,0.00034413229963000075,0.11205557772717897,0.7881620416262255,25,20,20
33,9851,0.09943824834696535,0.00034413228581684006,0.11169540297293226,0.7885222163942851,25,20,20
33,9852,0.09943714601031034,2.57938319574806e-07,0.1120691619932244,0.7884934340581452,25,20,20
33,9853,0.09943714601030396,2.579383194994709e-07,0.11206751322566402,0.7884950828257121,25,20,20
33,9854,0.09635995818007947,6.64179626893471e-07,0.11514442093963416,0.7884949567006595,25,20,20
33,9855,0.09635995818025841,6.641796311840279e-07,0.11514236674374301,0.7884970108963673,25,20,20
33,9856,0.09635995818007627,6.641796226020571e-07,0.11514214286952046,0.7884972347707805,25,20,20
33,9857,0.09635995818007627,6.641796226007593e-07,0.11514208745088718,0.7884972901894138,25,20,20
33,9858,0.09635995818007627,6.641796225994614e-07,0.11514208547777491,0.7884972921625262,25,20,20
33,9859,0.09635995818007634,6.641793791480864e-07,0.1149642213196873,0.7886751563208572,25,20,20
33,9860,0.09635995818007631,6.641793790727954e-07,0.11496410600804984,0.7886752716324946,25,20,20
33,9861,0.11986113403847826,6.641803923366036e-07,0.09146301012681017,0.7886751916543198,25,20,20
33,9862,0.11986113403847826,6.641803923366264e-07,0.09146298565838341,0.7886752161227464,25,20,20
33,9863,0.11998516048612584,6.641803934218597e-07,0.09133895921033668,0.7886752161231441,25,20,20
33,9864,0.11998516048612581,6.641803933465907e-07,0.09133887812907508,0.7886752972044059,25,20,20
33,9865,0.11998516048608428,6.641942437129775e-07,0.09159232100291399,0.7884218543167585,25,20,20
33,9866,0.11998516048624717,6.64194459693267e-07,0.09624918580222479,0.7837649895170687,25,20,20
33,9867,0.11966251607085054,6.844660158471884e-07,0.09657181327644354,0.7837649861866904,25,20,20
33,9868,0.11966251608123178,6.844662605059843e-07,0.09657851750760725,0.7837582819449009,25,20,20
33,9869,0.1196625160709196,6.836768333979325e-07,0.09630886060377511,0.7840279396484722,25,20,20
33,9870,0.11966182404678859,6.836768044125681e-07,0.09630955262833502,0.7840279396480723,25,20,20
33,9871,0.11966182404679179,6.836768044891572e-07,0.09630963713373221,0.7840278551426718,25,20,20
33,9872,0.08326509299890496,6.845892591705996e-07,0.13270636719216167,0.7840278552196744,25,20,20
33,9873,0.08326509300924456,6.845897484447879e-07,0.1327036300168773,0.78403059238413,25,20,20
33,9874,0.08326509300942664,6.845897490187691e-07,0.12804498502695597,0.7886892373738683,25,20,20
33,9875,0.08280379525749935,3.5458977069202773e-07,0.1285066041905997,0.7886892459621305,25,20,20
33,9876,0.08280379524711429,3.545892814918107e-07,0.12850268990801175,0.7886931602555927,25,20,20
33,9877,0.08439658631762889,1.254354394837508e-07,0.12691012412430505,0.7886931641226275,25,20,20
33,9878,0.0843965578690576,1.2475361622660947e-07,0.12064764226903653,0.7949556751082905,25,20,20
33,9879,0.08079584051109925,1.5242362158498553e-07,0.12424833199131351,0.7949556750739666,25,20,20
33,9880,0.08079584051109925,1.524236215849396e-07,0.1242483299849458,0.7949556770803343,25,20,20
33,9881,0.08079584051109606,1.5242386612227067e-07,0.12424995608053155,0.7949540509845072,25,20,20
33,9882,0.08079584051109606,1.524238660469836e-07,0.12424775901849783,0.7949562480465409,25,20,20
33,9883,0.08079584051109608,1.524238661209771e-07,0.12424787294270892,0.7949561341223296,25,20,20
33,9884,0.0807958405110984,1.5243395485450321e-07,0.13530631904287324,0.7838976880120744,25,20,20
33,9885,0.08079584051109841,1.5243395492981718e-07,0.13530645957507878,0.7838975474798686,25,20,20
33,9886,0.08079584051109841,1.5243395492719963e-07,0.13530184024873776,0.7839021668062095,25,20,20
33,9887,0.0807958405112805,1.52434199425272e-07,0.13531030582709555,0.7838937012274252,25,20,20
33,9888,0.08081314935259046,1.2385173948213223e-07,0.1352930256109236,0.7838937011847469,25,20,20
33,9889,0.08081314935259366,1.2385198308378507e-07,0.13547245504805536,0.7837142717473685,25,20,20
33,9890,0.08081314934223538,1.2385197872693468e-07,0.13538014570035395,0.7838065811054326,25,20,20
33,9891,0.08081314934223544,1.2385197887747035e-07,0.1353867499093751,0.783799976896411,25,20,20
33,9892,0.08081287246071651,1.2385197878236861e-07,0.1353870267908941,0.783799976896411,25,20,20
33,9893,0.08081287246071327,1.2385197878232558e-07,0.13538548822300206,0.7838015154643064,25,20,20
33,9894,0.08081287246071402,1.2385222329057516e-07,0.13539211009759933,0.7837948935894639,25,20,20
33,9895,0.08081287246071721,1.2385222336714217e-07,0.13539222162194225,0.7837947820651177,25,20,20
33,9896,0.08081287246071801,1.2385246643624977e-07,0.13565849305937316,0.7835285106274427,25,20,20
33,9897,0.07934187322331746,1.6332047755978308e-07,0.13712907254473233,0.783528890911473,25,20,20
33,9898,0.07934187322331426,1.633204774858119e-07,0.13712910249864485,0.7835288609575638,25,20,20
33,9899,0.07934187322331746,1.6332023716482668e-07,0.13712756261611211,0.7835304008403337,25,20,20
33,9900,0.07929045755791424,3.1233926414464e-07,0.13717883784456336,0.783530392258259,25,20,20
33,9901,0.07929045755773209,3.1233925977776e-07,0.1371786943936116,0.7835305357093973,25,20,20
33,9902,0.11786635294109463,2.730376781005211e-07,0.09859322034760709,0.7835401536736206,25,20,20
33,9903,0.1413962330262568,2.7303767923439335e-07,0.07506334026213456,0.7835401536739289,25,20,20
33,9904,0.14139623302384355,2.73037674870342e-07,0.07506113577649459,0.7835423581619864,25,20,20
33,9905,0.15660384881928013,2.7303799513731155e-07,0.05985351830238018,0.783542359840344,25,20,20
33,9906,0.15733850752171594,2.73037790068873e-07,0.059118857916885766,0.7835423615236077,25,20,20
33,9907,0.11921527365171915,3.443579325790281e-07,0.06656338291948334,0.8142209990708643,25,20,20
33,9908,0.11921527365171596,3.443576879676471e-07,0.06656102139082251,0.8142233605997728,25,20,20
33,9909,0.11921527379917628,3.443579359873594e-07,0.06669308589430487,0.8140912959485823,25,20,20
33,9910,0.11921527379917628,3.443579360613533e-07,0.06669312071643443,0.8140912611264526,25,20,20
33,9911,0.11921527379922182,3.443579446436153e-07,0.0666978271890119,0.814086554653821,25,20,20
33,9912,0.11921527379921787,3.443440985662476e-07,0.06643057498930247,0.8143538068673805,25,20,20
33,9913,0.11921527379921787,3.443440985662699e-07,0.06643057698691371,0.8143538048697693,25,20,20
33,9914,0.11921527379939967,3.4434410284933865e-07,0.0665228311481647,0.8142615507083322,25,20,20
33,9915,0.11921527379926257,3.8912046505513954e-07,0.06698739857592025,0.8137969385043514,25,20,20
33,9916,0.10406259012287601,3.881290224605454e-07,0.0821500853412442,0.813786936406857,25,20,20
33,9917,0.10406259012287598,3.8812901816890865e-07,0.08214988809660284,0.8137871336515026,25,20,20
33,9918,0.10406259012283098,3.4335266154608805e-07,0.09565502353350552,0.8002820429910018,25,20,20
33,9919,0.10406259012282866,3.433425728125624e-07,0.0845966044525456,0.8113404620820525,25,20,20
33,9920,0.10406259012501863,3.4334277921493956e-07,0.09084665193420363,0.8050904145979988,25,20,20
33,9921,0.10406259012519957,3.433425389882542e-07,0.09093262275759476,0.8050044437746667,25,20,20
33,9922,0.08137514906625903,3.437791843738525e-07,0.11362006127981132,0.8050044458747453,25,20,20
33,9923,0.08136446534286566,0.0007644856304769104,0.11286658314029795,0.8050044658863601,25,20,20
33,9924,0.08136446519540534,0.0007644856302288923,0.11273448678167164,0.8051365623926948,25,20,20
33,9925,0.08136446519545057,0.0007644856304719576,0.11300109433810084,0.8048699548359773,25,20,20
33,9926,0.08136446519540506,0.0007644856304633767,0.11300299262891106,0.8048680565452213,25,20,20
33,9927,0.0813644651954083,0.0007644856304633793,0.11300972209974819,0.8048613270743807,25,20,20
33,9928,0.08136446519541146,0.0007644856304633054,0.11300323366809817,0.8048678155060278,25,20,20
33,9929,0.08136446519545697,0.0007644856304633807,0.1130032409300209,0.8048678082440596,25,20,20
33,9930,0.07999821728129686,0.0007644593635809079,0.10526856362488807,0.8139687597302349,25,20,20
33,9931,0.07999821728125132,0.0007644593635807573,0.10526855691219981,0.8139687664429687,25,20,20
33,9932,0.07999820888193393,0.0007644143104489694,0.10505490932639452,0.8141824674812231,25,20,20
33,9933,0.0799982088819308,0.0007644143104531838,0.10505950193980983,0.8141778748678068,25,20,20
33,9934,0.07999820888192755,0.0007644143104532578,0.10505747507194202,0.8141799017356778,25,20,20
33,9935,0.07999820888174575,0.0007644143104489761,0.10496521950689454,0.8142721573009113,25,20,20
33,9936,0.07999820888174575,0.0007644143104489761,0.10496529939040976,0.814272077417396,25,20,20
33,9937,0.07999820888156402,0.0007644143104446207,0.10487262553216276,0.8143647512758292,25,20,20
33,9938,0.07999820888174812,0.0007644143106876159,0.10513883113963039,0.8140985456679343,25,20,20
33,9939,0.07999820888174808,0.000764414310687616,0.10513415667666308,0.8141032201309018,25,20,20
33,9940,0.06815307165119107,0.0007644143089092192,0.11697929269075721,0.8141032213491428,25,20,20
33,9941,0.06815307165100776,0.0007644143086661515,0.11671967861635806,0.8143628354239684,25,20,20
33,9942,0.06815307165096264,0.0007644143084230846,0.11645766008566856,0.8146248539549461,25,20,20
33,9943,0.0681530716507989,0.000764414308207029,0.11179850973255227,0.8192840043084424,25,20,20
33,9944,0.06815307165098095,0.0007644143082028132,0.11179850997888385,0.8192840040619328,25,20,20
33,9945,0.06815307165093229,0.0007644143082028132,0.11179850996417735,0.819284004076688,25,20,20
33,9946,0.0681534661486026,5.7910391350835524e-08,0.07973154460082452,0.8521149313401815,25,20,20
33,9947,0.06815388575019854,6.214054680488106e-07,0.09703197096581655,0.834813521878517,25,20,20
33,9948,0.06815388575020086,6.214155567832767e-07,0.10809033806153753,0.8237551547727051,25,20,20
33,9949,0.0681538857503798,6.214153132582104e-07,0.10791245126443746,0.8239330415698697,25,20,20
33,9950,0.0681538857503798,6.21415073000863e-07,0.10827885011876395,0.8235666427157835,25,20,20
33,9951,0.06815388575038057,6.214153159946792e-07,0.10854511954255236,0.8233003732917514,25,20,20
33,9952,0.06815388575019923,6.214153160686538e-07,0.10854368838219801,0.8233018044522871,25,20,20
33,9953,0.068153885748237,6.214153535748325e-07,0.10242317405899035,0.8294223187774195,25,20,20
33,9954,0.0681538857482369,6.214153536488038e-07,0.10241858644830514,0.8294269063881048,25,20,20
33,9955,0.06815388574824008,6.214153578662804e-07,0.10242030663426592,0.8294251862021365,25,20,20
33,9956,0.068153885748058,6.214153578878915e-07,0.10241656065459129,0.829428932181993,25,20,20
33,9957,0.06815349122340397,5.84231646854008e-07,0.09524805760953932,0.8365978669354099,25,20,20
33,9958,0.06815349123257368,5.842316464193958e-07,0.09990709045688902,0.8319388340788906,25,20,20
33,9959,0.06815349123257365,5.84231401827039e-07,0.09990236942019212,0.8319435551158321,25,20,20
33,9960,0.0302777799238745,5.735333180713066e-07,0.13777800313661145,0.831943643406196,25,20,20
33,9961,0.029064783339520436,5.639741627806009e-07,0.1389909592412193,0.8319436934450977,25,20,20
33,9962,0.029064783339565973,5.639741670734893e-07,0.13899104073549487,0.8319436119507722,25,20,20
33,9963,0.029064783339565192,5.639739240796731e-07,0.13872477131170652,0.8322098813748044,25,20,20
33,9964,0.029064783339565196,5.63973681159828e-07,0.13845850389134517,0.8324761487954087,25,20,20
33,9965,0.02906478333974648,5.639741656947628e-07,0.13883142234527654,0.8321032303408116,25,20,20
33,9966,0.029064783339564356,5.639741656194798e-07,0.1388267179510882,0.8321079347351821,25,20,20
33,9967,0.02906478334994607,5.639741699096281e-07,0.13882837995932865,0.8321062727165557,25,20,20
33,9968,0.029064783497071856,5.639875730280165e-07,0.13862780450264237,0.832306848012713,25,20,20
33,9969,0.029064783497071856,5.639875730280167e-07,0.13862131416403384,0.8323133383513216,25,20,20
33,9970,0.029064783497071856,5.639875773170133e-07,0.13862139694875522,0.832313255566596,25,20,20
33,9971,0.029064783497251674,5.639774887318276e-07,0.1275646551960326,0.8433699973292273,25,20,20
33,9972,0.029064783497251688,5.639774888071652e-07,0.1275646557040351,0.8433699968212248,25,20,20
33,9973,0.02906478349720615,5.639774846637887e-07,0.12783079068442865,0.843103861840881,25,20,20
33,9974,0.029064783497209347,5.639774847377802e-07,0.12783241223864458,0.8431022402866617,25,20,20
33,9975,0.02820720502935521,5.635409297737658e-07,0.12868999321826613,0.8431022382114495,25,20,20
33,9976,0.02820720517729465,5.635409341405211e-07,0.1286917060574143,0.8431005252243573,25,20,20
33,9977,0.0515277197336594,5.637340212767147e-07,0.10518694087712939,0.8432847756551902,25,20,20
33,9978,0.051398732341690526,5.755629704023215e-07,0.10550024684928112,0.8431004452460581,25,20,20
33,9979,0.0912718078974143,5.755644027372279e-07,0.0656271713274398,0.8431004452107433,25,20,20
33,9980,0.0912718078974135,5.755644025866677e-07,0.06562708623502153,0.8431005303031626,25,20,20
33,9981,0.09127180788703226,5.755641579291472e-07,0.0656204616573604,0.8431071548914497,25,20,20
33,9982,0.09127180788685013,5.755641620701835e-07,0.06561895248304477,0.8431086640659433,25,20,20
33,9983,0.09127180788685017,5.75564166287557e-07,0.06562111509307396,0.8431065014559098,25,20,20
33,9984,0.09127180788684697,5.755641619960863e-07,0.06561948034317373,0.8431081362058174,25,20,20
33,9985,0.09127180788685017,5.755641577797545e-07,0.06562398662434438,0.8431036299246477,25,20,20
33,9986,0.09127180788685023,5.755641577810976e-07,0.06562869012262444,0.8430989264263676,25,20,20
33,9987,0.0912718078764685,5.755641534169782e-07,0.06562702611103728,0.843100590448341,25,20,20
33,9988,0.05372980176938387,6.029467883937018e-07,0.10316893788943739,0.8431006573943906,25,20,20
33,9989,0.05372980176938467,6.029467883947042e-07,0.10290269005168455,0.8433669052321426,25,20,20
33,9990,0.05372980176915692,6.029465444861255e-07,0.10277320894164949,0.8434963863426493,25,20,20
33,9991,0.05372980176915378,6.029465444108567e-07,0.10277317508054215,0.8434964202037599,25,20,20
33,9992,0.0537298017691506,6.029465444121217e-07,0.10277815696077361,0.8434914383235318,25,20,20
33,9993,0.0537298017691506,6.029465444134418e-07,0.10277815896850319,0.8434914363158021,25,20,20
33,9994,0.05372980176919598,6.029465444134562e-07,0.10291503091746339,0.8433545643667967,25,20,20
33,9995,0.03837691923226221,6.161666778130187e-07,0.1182679003652809,0.8433545642357795,25,20,20
33,9996,0.038376919234857386,6.16167162711084e-07,0.11827049674267334,0.8433519678553071,25,20,20
33,9997,0.03837691923485813,6.161674073060131e-07,0.11827062874111043,0.8433518358566247,25,20,20
33,9998,0.03837691923481275,6.161674073047009e-07,0.11813375675744281,0.8434887078403377,25,20,20
33,9999,0.03837691923481275,6.161674073047009e-07,0.1181336777142354,0.843488786883545,25,20,20
33,10000,0.038376919234815156,6.161674072292822e-07,0.11822588872884848,0.8433965758689297,25,20,20
