run,generation,degenerate,holistic,other,compositional,popsize,turnover_rounds,group_rounds
12,0,0.9987713554999793,1.4267839920713722e-08,0.0012266915175253483,1.938714656782331e-06,25,20,20
12,1,0.9475423169530799,0.000641589688392287,0.04926823236726285,0.0025478609912638096,25,20,20
12,2,0.8580296341574235,2.3439562360258923e-07,0.14195013787942304,1.999356752855472e-05,25,20,20
12,3,0.872597467383683,0.00011575874345974792,0.1272236919445805,6.308192827725835e-05,25,20,20
12,4,0.7530435155601165,8.929492546518486e-05,0.24662405337174637,0.0002431361426728281,25,20,20
12,5,0.6037561331472445,2.7502627437796657e-05,0.3961418163204048,7.45479049137501e-05,25,20,20
12,6,0.692478295561087,7.558776819655154e-06,0.2952823349010553,0.012231810761038641,25,20,20
12,7,0.5777775237768912,1.96259023585011e-05,0.42123258103042927,0.0009702692903183677,25,20,20
12,8,0.5667895942332217,1.935679728371344e-05,0.4330593476984009,0.00013170127109344825,25,20,20
12,9,0.5477018053263398,0.023591616136524815,0.4182041485971344,0.010502429940002295,25,20,20
12,10,0.4315952135728346,0.03954088425490574,0.5084920222169189,0.020371879955342984,25,20,20
12,11,0.44730120569375553,0.03827205848905582,0.46448971417435353,0.04993702164283324,25,20,20
12,12,0.4671104657461202,0.039952716984783275,0.4431129911627535,0.04982382610633957,25,20,20
12,13,0.5125099467168681,0.03995194598605784,0.3975969050057602,0.049941202291312735,25,20,20
12,14,0.5127024337184838,0.040241669576498273,0.40239450408604055,0.04466139261897574,25,20,20
12,15,0.5374749903008422,0.05315349412322162,0.3691936493605391,0.04017786621539957,25,20,20
12,16,0.6037437551743938,0.051117464023045234,0.30492485858354934,0.0402139222190103,25,20,20
12,17,0.5504190001144489,0.07632994664993024,0.2935515785581464,0.07969947467747587,25,20,20
12,18,0.4773066483122576,0.05174750785422042,0.3909367212144657,0.08000912261905628,25,20,20
12,19,0.510144244527269,0.11883292532475592,0.25721989602284595,0.11380293412512911,25,20,20
12,20,0.48473093565687364,0.08058474417062164,0.32083639615406895,0.11384792401843322,25,20,20
12,21,0.42555627215779923,0.06309260987056466,0.3912288891643436,0.1201222288072937,25,20,20
12,22,0.47085836618777777,0.07855589207587284,0.2511973567744524,0.19938838496189493,25,20,20
12,23,0.45448810160517317,0.07872437193935004,0.26645329962894854,0.20033422682652724,25,20,20
12,24,0.44837889428145195,0.040111839852031324,0.3502995586967277,0.16120970716978797,25,20,20
12,25,0.5021159612984453,0.04067702163727413,0.2606252630223463,0.19658175404193323,25,20,20
12,26,0.5394161362380645,0.03990272969962217,0.22067070529262575,0.20001042876968778,25,20,20
12,27,0.5520019485808916,0.03997149984035352,0.20540277877012136,0.2026237728086326,25,20,20
12,28,0.5285426958138129,0.02486612535540618,0.20395433761768703,0.24263684121309312,25,20,20
12,29,0.4533109458752127,0.024883553107791605,0.2619664633655465,0.25983903765144845,25,20,20
12,30,0.45657392474974046,0.024872263355545793,0.21280323866348072,0.30575057323123345,25,20,20
12,31,0.4078255402133988,0.0399770304226586,0.23244013282264828,0.3197572965412932,25,20,20
12,32,0.42037276098671883,0.03997686176878903,0.23897788341694903,0.3006724938275423,25,20,20
12,33,0.41878200382630554,0.039976936967283966,0.23565927835465914,0.3055817808517524,25,20,20
12,34,0.3922657021364884,0.02415547833957835,0.24385896473875643,0.3397198547851765,25,20,20
12,35,0.328111542821455,0.03995211768608736,0.2918630567669293,0.34007328272552717,25,20,20
12,36,0.31463606384754284,0.039951808609876155,0.2851445911938806,0.3602675363487016,25,20,20
12,37,0.2743470401609284,0.039998508713101136,0.3250380754143224,0.360616375711645,25,20,20
12,38,0.32810015322619307,0.03994852244894204,0.2833699855646783,0.34858133876018543,25,20,20
12,39,0.35559541025392977,0.03997402088768163,0.24521745277159177,0.3592131160867941,25,20,20
12,40,0.41923842899686853,0.039978169569630025,0.17030959101342433,0.3704738104200769,25,20,20
12,41,0.41235614757518596,0.03998512853125261,0.1867659192208498,0.36089280467270923,25,20,20
12,42,0.42134335994073296,0.02090529596771338,0.19693443225376708,0.3608169118377853,25,20,20
12,43,0.3776918068613591,0.039809660707584876,0.22278450081832674,0.35971403161272986,25,20,20
12,44,0.4390651981633177,0.04077157294543729,0.16026051748510917,0.35990271140613816,25,20,20
12,45,0.3684083524890434,0.038259798941801045,0.19373325203581435,0.399598596533342,25,20,20
12,46,0.37662608206507875,0.03873654655731939,0.18492241351789462,0.39971495785971,25,20,20
12,47,0.3752642786227654,0.03874642197189169,0.1824720344029571,0.4035172650023875,25,20,20
12,48,0.36050477929199715,0.03872644991769736,0.20554278315773147,0.39522598763257377,25,20,20
12,49,0.3239524439987395,0.038246768388461166,0.2424811118826925,0.39531967573010773,25,20,20
12,50,0.2888568591973145,0.050036063274700254,0.26037233643814894,0.4007347410898354,25,20,20
12,51,0.3467057781017329,0.012182006862283698,0.2413667274578638,0.3997454875781188,25,20,20
12,52,0.39627022728681544,0.011402809331647452,0.19290403391711572,0.3994229294644231,25,20,20
12,53,0.4158149371985315,0.03994736485207258,0.1180942049671168,0.4261434929822798,25,20,20
12,54,0.32148322603045637,0.039921758843073085,0.2126928791578322,0.42590213596863835,25,20,20
12,55,0.26410838812313936,0.03876426967389668,0.27058185893845726,0.4265454832645059,25,20,20
12,56,0.2537413385193121,0.014259219239467626,0.3045598231806167,0.42743961906060035,25,20,20
12,57,0.2786366389469964,0.04004606310010549,0.2609808728056761,0.4203364251472213,25,20,20
12,58,0.34750417377614157,0.021565318343903853,0.19673901305280175,0.43419149482715114,25,20,20
12,59,0.33630046599440244,0.021481213068953103,0.20295099142411108,0.43926732951253217,25,20,20
12,60,0.3292875806450983,0.03823019298110149,0.19332483521889954,0.43915739115490154,25,20,20
12,61,0.29877668529099216,0.03863712257912786,0.18347145329158354,0.4791147388382978,25,20,20
12,62,0.3305021816323479,0.03901065704449562,0.151339431226416,0.47914773009674166,25,20,20
12,63,0.3455912693574742,0.039965946584825066,0.13322470733898245,0.48121807671872074,25,20,20
12,64,0.30902915586232715,0.039949709752919296,0.16723908799611403,0.48378204638864125,25,20,20
12,65,0.33835356226171287,0.03994972165768585,0.13782366374002333,0.4838730523405799,25,20,20
12,66,0.348127823297783,0.03996125475766269,0.13239527804021714,0.47951564390434,25,20,20
12,67,0.3851305113296241,0.03996069757251495,0.09591164148473233,0.47899714961312867,25,20,20
12,68,0.3830852824682019,0.039971864695008706,0.09778934436168785,0.47915350847510163,25,20,20
12,69,0.40800092121031106,0.03996064110128968,0.1087543836501111,0.4432840540382895,25,20,20
12,70,0.300167246606479,0.03828698381249669,0.2188421579150038,0.44270361166601874,25,20,20
12,71,0.2851487636216564,0.03874001191373981,0.2331085223925831,0.4430027020720198,25,20,20
12,72,0.281161614970382,0.038235800127924595,0.23851920760179915,0.44208337729989466,25,20,20
12,73,0.2981815061376173,0.03873381635318394,0.2277870788555585,0.435297598653639,25,20,20
12,74,0.306978916951975,0.07984614868385535,0.18427159529495796,0.4289033390692129,25,20,20
12,75,0.2704651779699694,0.060020160019534516,0.2405673839394162,0.42894727807108046,25,20,20
12,76,0.341496625897813,0.0600002293951102,0.18027848824436307,0.4182246564627156,25,20,20
12,77,0.3673997650068447,0.07948718218726067,0.14384406272934044,0.4092689900765549,25,20,20
12,78,0.3720376729248931,0.07987767029361224,0.13399939870263555,0.4140852580788607,25,20,20
12,79,0.3997427373296499,0.07513503514124785,0.10833354940129732,0.41678867812780546,25,20,20
12,80,0.3856894868220768,0.07742255766298983,0.09774738460766523,0.43914057090726794,25,20,20
12,81,0.3115710572151655,0.07625026757280869,0.17395122837430224,0.4382274468377225,25,20,20
12,82,0.2925728949729756,0.03956057193402306,0.22887979267904096,0.43898674041396096,25,20,20
12,83,0.39952422278685723,0.04072992562170112,0.12009084989705152,0.43965500169439187,25,20,20
12,84,0.38731450124601097,0.0033547641408334487,0.16968736017568656,0.43964337443746787,25,20,20
12,85,0.30629930960721674,2.8100193798726492e-06,0.2108772520105125,0.48282062836289114,25,20,20
12,86,0.3302748995164864,3.406158361466373e-05,0.19046612138036448,0.479224917519537,25,20,20
12,87,0.36783932236271866,2.0429114884076296e-05,0.15272887963753964,0.4794113688848589,25,20,20
12,88,0.3396541941650311,2.7387530145813456e-05,0.1940972884998515,0.4662211298049735,25,20,20
12,89,0.395857519350101,7.886925907397039e-07,0.13115838305021998,0.4729833089070894,25,20,20
12,90,0.29032193038420456,9.97541325210373e-05,0.24591716834764998,0.4636611471356236,25,20,20
12,91,0.2355809782616353,0.00037748921055443376,0.284971571418119,0.47906996110968675,25,20,20
12,92,0.248745383901462,1.6186105554206727e-06,0.27215056341652105,0.4791024340714602,25,20,20
12,93,0.24760560661751235,9.559839458570581e-07,0.27234372270627544,0.4800497146922676,25,20,20
12,94,0.2053690517062961,7.594480839624181e-05,0.3141144048176512,0.4804405986676567,25,20,20
12,95,0.2672203991101078,0.0003293063724146653,0.21941388553564878,0.5130364089818304,25,20,20
12,96,0.27068385230825265,0.00031670657593914624,0.21830907820696283,0.5106903629088481,25,20,20
12,97,0.29480714869755525,3.905431015136668e-05,0.19761560208117754,0.5075381949111175,25,20,20
12,98,0.3823415359638094,3.800939138398978e-05,0.1090700435296875,0.5085504111151188,25,20,20
12,99,0.3484602678354085,3.789185591937608e-05,0.14343290889791224,0.5080689314107595,25,20,20
12,100,0.42731510620785396,8.540780060593224e-07,0.09371491378807724,0.47896912592606233,25,20,20
12,101,0.48202657843554936,7.617398580876372e-07,0.03952830992986646,0.4784443498947255,25,20,20
12,102,0.49057918048554616,7.413725977157276e-08,0.031185990074234483,0.4782347553029598,25,20,20
12,103,0.4378557138716905,5.065242651188957e-05,0.08948636262185385,0.4726072710799456,25,20,20
12,104,0.4204261184679939,4.529293673877321e-05,0.10135683863217074,0.47817174996309786,25,20,20
12,105,0.3950076301589968,6.015526913319013e-07,0.1262841114229002,0.47870765686541333,25,20,20
12,106,0.34831284537686735,8.994106646508221e-06,0.17196297580798395,0.4797151847085045,25,20,20
12,107,0.3398705606232096,5.708577315785144e-05,0.18075939525107557,0.4793129583525586,25,20,20
12,108,0.280611110366482,8.127430312361791e-07,0.21734775601507078,0.5020403208754146,25,20,20
12,109,0.31698560081598887,2.034864497062903e-05,0.17116593038828945,0.511828120150752,25,20,20
12,110,0.2360310525910585,2.1850966900611506e-05,0.25875844721921376,0.5051886492228296,25,20,20
12,111,0.30402469213280514,2.0668328297079354e-05,0.17788986132665768,0.5180647782122398,25,20,20
12,112,0.3207234833001382,4.456493291485693e-07,0.16413005160051852,0.5151460194500153,25,20,20
12,113,0.29500990220271306,0.03656367121499093,0.1197790913570187,0.5486473352252773,25,20,20
12,114,0.2666285853277721,0.039931977482511136,0.11543130101341047,0.578008136176308,25,20,20
12,115,0.29249466105269617,0.039932215528281405,0.07167082453277213,0.5959022988862496,25,20,20
12,116,0.3015207165443414,0.039977442396759544,0.06289896327603563,0.5956028777828624,25,20,20
12,117,0.2472452433888587,0.0007794786124155539,0.15439044357367374,0.5975848344250524,25,20,20
12,118,0.2976839819297873,0.000779159716494819,0.10198047362921109,0.599556384724507,25,20,20
12,119,0.246585717190959,0.0007790900184074368,0.15356079693480656,0.5990743958558277,25,20,20
12,120,0.17140860335405922,0.014696845516515691,0.21516267501117162,0.598731876118254,25,20,20
12,121,0.20093006331611923,0.014165811628204916,0.1541780560988095,0.6307260689568692,25,20,20
12,122,0.20186406667674575,0.03823477276090367,0.12766717165650449,0.6322339889058471,25,20,20
12,123,0.24031652970342537,0.07867895473107535,0.0430814561504043,0.6379230594150956,25,20,20
12,124,0.2693748682585641,0.07683466734716536,0.026437951974667837,0.6273525124196029,25,20,20
12,125,0.2528039662591335,0.07987469043341158,0.031742251581260116,0.6355790917261946,25,20,20
12,126,0.2789269920506683,0.07820268246453622,0.030264676165560875,0.6126056493192341,25,20,20
12,127,0.20150193636667507,0.03765782364180916,0.14696739798174888,0.6138728420097678,25,20,20
12,128,0.212120356776208,0.0375935829345357,0.1109063760075213,0.6393796842817349,25,20,20
12,129,0.18596395308186728,0.03936717909159327,0.14144998979948467,0.6332188780270573,25,20,20
12,130,0.21224273132510443,0.03985710710953657,0.11017866826068597,0.6377214933046741,25,20,20
12,131,0.2392074484455905,0.0010941673991577648,0.12308767191592883,0.6366107122393257,25,20,20
12,132,0.26734374143699063,4.2503341537846246e-05,0.10294417469901948,0.6296695805224527,25,20,20
12,133,0.23771067778912347,2.176319033361284e-05,0.13793865175477676,0.6243289072657655,25,20,20
12,134,0.2122345241260522,1.7424762224383313e-05,0.17183248004772764,0.6159155710639963,25,20,20
12,135,0.25688482249409533,3.0899493044179358e-06,0.12876508172386578,0.6143470058327349,25,20,20
12,136,0.3053689424348081,1.2550529706221359e-06,0.07670609179927651,0.6179237107129444,25,20,20
12,137,0.30030171918567633,8.402409753334745e-07,0.06050284404528004,0.6391945965280696,25,20,20
12,138,0.266526226142695,9.933303386129641e-08,0.12181612917993018,0.6116575453443432,25,20,20
12,139,0.3017748996820424,6.949125557607007e-06,0.13266898302160623,0.565549168170795,25,20,20
12,140,0.2900701524318779,3.4475223188910344e-07,0.1502961404908452,0.5596333623250479,25,20,20
12,141,0.3149876764223547,4.078818885639962e-08,0.12538288365140515,0.559629399138053,25,20,20
12,142,0.22047865426797977,0.009915389244028938,0.2093974666921846,0.5602084897958067,25,20,20
12,143,0.27956940425874066,0.03997506458865006,0.12108524377621112,0.5593702873763986,25,20,20
12,144,0.23803670717555772,0.04363027412167621,0.15925549266258623,0.5590775260401845,25,20,20
12,145,0.2812142738922705,0.043608842689910866,0.12089661577138369,0.5542802676464365,25,20,20
12,146,0.30694239095023507,0.041896276659391,0.09644236040306776,0.554718971987307,25,20,20
12,147,0.3026469753592347,0.03995497493369804,0.09841744149835047,0.5589806082087191,25,20,20
12,148,0.2982691402055541,0.0014346539173153078,0.14625382730648417,0.5540423785706463,25,20,20
12,149,0.3273811995208039,1.5146175516747168e-05,0.14962358425683692,0.5229800700468448,25,20,20
12,150,0.23033359002704126,4.68780423669589e-05,0.2087727676919371,0.5608467642386537,25,20,20
12,151,0.14699671601465217,3.0518655390509456e-05,0.29792110475785016,0.5550516605721073,25,20,20
12,152,0.14826860488030985,3.4386167243758866e-05,0.29146715853689786,0.5602298504155493,25,20,20
12,153,0.1940869892310702,4.249123641192903e-08,0.251902976064547,0.5540099922131472,25,20,20
12,154,0.21813016303258667,1.8842469574458342e-06,0.23351492511206332,0.5483530276083938,25,20,20
12,155,0.24860997394270715,3.089924387039425e-07,0.14925223788975778,0.6021374791750993,25,20,20
12,156,0.30711755149208964,1.3264962743933602e-06,0.09168288315213081,0.6011982388595069,25,20,20
12,157,0.31145658538662985,9.169105277053513e-07,0.08781083227510449,0.6007316654277376,25,20,20
12,158,0.3124946960148426,2.3447337874096863e-07,0.08894030479949899,0.5985647647122806,25,20,20
12,159,0.2552826461146623,1.2165954160673078e-06,0.14596152367725906,0.5987546136126628,25,20,20
12,160,0.2775488253246593,1.2785006728592539e-05,0.12392441751615783,0.5985139721524536,25,20,20
12,161,0.20862380601754218,1.2417534407662989e-05,0.19327746862898557,0.5980863078190652,25,20,20
12,162,0.2631806376193516,6.65878371582072e-07,0.13773743602871386,0.5990812604735629,25,20,20
12,163,0.24833299247439608,1.0440134380682133e-05,0.15435549137158183,0.5973010760196434,25,20,20
12,164,0.21261862506100251,3.1271783362709435e-06,0.18742545266610697,0.5999527950945541,25,20,20
12,165,0.23348869105899808,7.542330629279496e-08,0.17233096458946065,0.5941802689282342,25,20,20
12,166,0.1969128709511862,5.6529106634211456e-06,0.20446179256997637,0.5986196835681759,25,20,20
12,167,0.2760588578334884,6.8337817032532e-08,0.12466350737180587,0.5992775664568879,25,20,20
12,168,0.2498455893686631,8.478608892834515e-08,0.1509538908577445,0.5992004349875039,25,20,20
12,169,0.2670022534209854,0.0011082816657818615,0.17412945431284743,0.5577600106003837,25,20,20
12,170,0.24598020167753534,3.72845969242748e-08,0.20786841046194593,0.5461513505759217,25,20,20
12,171,0.2146593966674949,8.487204792742106e-07,0.22290878005329792,0.5624309745587275,25,20,20
12,172,0.20558129702563188,5.5124802381081434e-05,0.24414683303208048,0.5502167451399069,25,20,20
12,173,0.20239679976513203,6.393358219695552e-05,0.23685093835110493,0.5606883283015678,25,20,20
12,174,0.20327631207462565,3.7357306410147656e-06,0.23786517586169276,0.5588547763330413,25,20,20
12,175,0.21808201063966914,1.3674790601454714e-05,0.1824192760211276,0.5994850385486042,25,20,20
12,176,0.20740045530647475,8.385248394219445e-05,0.17947549807950458,0.6130401941300797,25,20,20
12,177,0.25382645293367007,7.086543654078355e-05,0.15170655082177384,0.5943961308080159,25,20,20
12,178,0.2536547107019668,0.0070791468293157234,0.21433373099099057,0.5249324114777244,25,20,20
12,179,0.2797265743089139,0.007088065303773466,0.18831068077431468,0.5248746796129972,25,20,20
12,180,0.2730594739253451,2.0434463094193646e-05,0.20785161517664655,0.5190684764349146,25,20,20
12,181,0.2022036390033647,1.5465441506317906e-06,0.2385776249942362,0.5592171894582492,25,20,20
12,182,0.24665939658014782,1.958831643283256e-05,0.19387685895482382,0.5594441561485971,25,20,20
12,183,0.2362589611096447,5.413588558334989e-06,0.20437066088869735,0.5593649644130985,25,20,20
12,184,0.3175659451199549,2.1374423144168944e-05,0.12385184852234056,0.5585608319345593,25,20,20
12,185,0.24711203345998659,2.1403887864568397e-05,0.23454226970232714,0.5183242929498235,25,20,20
12,186,0.2579757001895198,6.162716554704699e-05,0.2225345222594704,0.5194281503854601,25,20,20
12,187,0.2582864125434216,5.379194428204755e-05,0.2084431146112441,0.5332166809010516,25,20,20
12,188,0.2697213817333457,5.365300521643476e-05,0.1939670356119796,0.5362579296494583,25,20,20
12,189,0.23704770463995598,8.408520293378305e-06,0.22627022369229993,0.5366736631474511,25,20,20
12,190,0.2545204474847188,1.0978131618710897e-05,0.20985895338817914,0.5356096209954821,25,20,20
12,191,0.28718050505008696,4.458831724928169e-06,0.1820068079310975,0.5308082281870896,25,20,20
12,192,0.29475649042820995,5.169222817581546e-08,0.16919685548113983,0.5360466023984217,25,20,20
12,193,0.28923849252195416,1.7505117278489853e-08,0.1749568915513214,0.5358045984216063,25,20,20
12,194,0.3444611082908998,0.000272366943851685,0.1419821049025313,0.5132844198627192,25,20,20
12,195,0.3229318817352083,0.00027349833378463085,0.17293193091114784,0.5038626890198576,25,20,20
12,196,0.2754240684324763,7.130498462189172e-07,0.16990406434785787,0.5546711541698202,25,20,20
12,197,0.2150442557973666,1.8333678265614055e-05,0.2654987479119821,0.519438662612383,25,20,20
12,198,0.24930966995842335,1.9030751716585462e-05,0.23070264652600747,0.5199686527638531,25,20,20
12,199,0.2741880711006333,1.6134298411690613e-05,0.2070536695772436,0.5187421250237125,25,20,20
12,200,0.25599094745903167,7.130129038801786e-06,0.22601443140647925,0.5179874910054487,25,20,20
12,201,0.2182352230640334,2.4015398277570662e-05,0.2630779112893275,0.518662850248364,25,20,20
12,202,0.23845988828999645,2.0722525151863906e-05,0.2422965588644959,0.5192228303203571,25,20,20
12,203,0.20473234648268915,0.0005901298217859702,0.2720931393352517,0.5225843843602728,25,20,20
12,204,0.22768128445333416,0.0003798779195974207,0.24928564074116907,0.5226531968858998,25,20,20
12,205,0.26653296009892746,3.0482024661789196e-05,0.21575085664764015,0.517685701228771,25,20,20
12,206,0.25398784103304994,0.020461434583858403,0.20617629854054773,0.5193744258425431,25,20,20
12,207,0.23368076050962475,0.03957910630944919,0.21397853639566594,0.5127615967852607,25,20,20
12,208,0.24787658479106978,0.012381063976811291,0.2263638377743179,0.5133785134578,25,20,20
12,209,0.2716994626945554,0.040752709854432106,0.17291855753668167,0.5146292699143318,25,20,20
12,210,0.29043164702059004,0.04067067360934005,0.15661132354892637,0.5122863558211446,25,20,20
12,211,0.2709164921814901,0.0406702499425665,0.1753271780052469,0.5130860798706983,25,20,20
12,212,0.300192277520594,0.03950064145624866,0.1440522053785763,0.5162548756445825,25,20,20
12,213,0.2463380372191571,0.0220994121961924,0.22545506234271914,0.5061074882419304,25,20,20
12,214,0.2855733223046964,0.022046851188126784,0.17915609552637524,0.5132237309808004,25,20,20
12,215,0.20362844812566475,0.015485160104800605,0.26204442186421617,0.5188419699053199,25,20,20
12,216,0.18197559850208947,0.039954679025343526,0.25309144390963995,0.524978278562921,25,20,20
12,217,0.10718183753909423,0.02122429433467963,0.31328210783179644,0.5583117602944286,25,20,20
12,218,0.15940911591338508,0.039947814465885016,0.24404330695053883,0.5565997626701894,25,20,20
12,219,0.16874667807702776,0.0387437911283926,0.24809897822151603,0.5444105525730637,25,20,20
12,220,0.20365037039988013,0.03852028032698848,0.20691470934853853,0.5509146399245946,25,20,20
12,221,0.25479919839706794,0.03992372094499855,0.14760885769474372,0.5576682229631897,25,20,20
12,222,0.27173116259188285,0.03873636525907053,0.1444192986814425,0.5451131734676031,25,20,20
12,223,0.33960807986541575,0.03873616039851724,0.08729993174467275,0.5343558279913949,25,20,20
12,224,0.30443107761311666,0.039836907265554146,0.12139109337495162,0.5343409217463776,25,20,20
12,225,0.30984800332379353,0.03996119004648477,0.09170052173590511,0.5584902848938169,25,20,20
12,226,0.34477311408097505,0.0399613222873593,0.055607768405958075,0.5596577952257076,25,20,20
12,227,0.3339906571884111,0.023736779360591695,0.0707180468421092,0.5715545166088888,25,20,20
12,228,0.3234317246196725,0.023738633684934844,0.09272118991017601,0.5601084517852184,25,20,20
12,229,0.3074235977156132,0.023735098796054063,0.1055384156684605,0.563302887819873,25,20,20
12,230,0.2528446262531496,0.023733338192446888,0.17691848524383377,0.5465035503105695,25,20,20
12,231,0.254884799645121,0.0382369409838921,0.16019133109081435,0.5466869282801732,25,20,20
12,232,0.2879431771980256,0.0382712900799992,0.1263033256456894,0.5474822070762866,25,20,20
12,233,0.30687153743171963,0.0382773399092328,0.10748291021664469,0.547368212442404,25,20,20
12,234,0.30997285271445607,0.03822314333700631,0.10878165710893611,0.5430223468396018,25,20,20
12,235,0.3277072640111512,0.039956814392393715,0.09171560286704,0.5406203187294162,25,20,20
12,236,0.34058680425884225,0.0002721226418434524,0.11488861820771148,0.5442524548916052,25,20,20
12,237,0.22552466716060063,0.0006768091825009345,0.2156070056053892,0.5581915180515101,25,20,20
12,238,0.2706536518768298,5.972045721254987e-07,0.13055281147611222,0.5987929394424863,25,20,20
12,239,0.3148269820099909,8.392935026285335e-07,0.08596200625973874,0.5992101724367678,25,20,20
12,240,0.27752257809773995,3.9640731614659855e-08,0.12980638928952934,0.5926709929720007,25,20,20
12,241,0.24971888271752182,3.727071202639271e-07,0.15193084675489954,0.5983498978204603,25,20,20
12,242,0.286728924126445,2.0198117704858135e-06,0.15694552052619234,0.556323535535595,25,20,20
12,243,0.2641804481289439,0.00040023790467348246,0.17328154913635693,0.5621377648300248,25,20,20
12,244,0.30112307019257667,1.5533014238926158e-05,0.1474007973241349,0.5514605994690501,25,20,20
12,245,0.2983938422000281,1.7120727773672791e-06,0.13953413832704079,0.5620703074001534,25,20,20
12,246,0.3377116051588585,1.4893460726928443e-06,0.10332733389129262,0.5589595716037778,25,20,20
12,247,0.2812605104311926,3.795869594915981e-05,0.15935960010869343,0.5593419307641667,25,20,20
12,248,0.2747347487165451,1.418656016643364e-05,0.15467410353585298,0.5705769611874371,25,20,20
12,249,0.24615533764600478,1.4211934250425672e-05,0.1945818121982654,0.559248638221479,25,20,20
12,250,0.3340570318706482,1.4737637548046985e-05,0.10686548956171327,0.5590627409300909,25,20,20
12,251,0.3772989639532568,1.981943739918349e-05,0.10354169104804678,0.5191395255612978,25,20,20
12,252,0.3611870646321492,1.815432563981652e-05,0.12011655907055939,0.5186782219716527,25,20,20
12,253,0.3676263346751805,1.7500507560994907e-06,0.09811175954051712,0.5342601557335467,25,20,20
12,254,0.3177355268231382,1.5701291343509855e-05,0.1235546436020099,0.5586941282835075,25,20,20
12,255,0.2700423738323217,4.930472692105172e-08,0.1510600860642662,0.5788974907986884,25,20,20
12,256,0.27978050576147173,3.7063981057788403e-08,0.1501983919361912,0.5700210652383589,25,20,20
12,257,0.23993192465646246,8.933627886058957e-08,0.16171149170116872,0.5983564943060896,25,20,20
12,258,0.2403405241990243,1.0156113949892535e-07,0.18354113168716246,0.5761182425526752,25,20,20
12,259,0.26809363698884103,1.0157657600926409e-07,0.13363877733772092,0.5982674840968621,25,20,20
12,260,0.3140711883582707,1.6086137184672877e-06,0.14089052031924523,0.5450366827087658,25,20,20
12,261,0.34963604310123414,5.157335108956806e-05,0.08722539665692321,0.5630869868907528,25,20,20
12,262,0.3070583456043857,4.825159524221712e-06,0.13368520750863735,0.5592516217274535,25,20,20
12,263,0.28240378993776316,8.55816086002946e-05,0.1560858136446968,0.5614248148089417,25,20,20
12,264,0.21550460796437426,1.7965356223586985e-06,0.20128771899733724,0.5832058765026654,25,20,20
12,265,0.2469610550845694,2.5916692071385944e-06,0.14763626928369328,0.6054000839625311,25,20,20
12,266,0.27461507976182076,4.5409104686697114e-08,0.11927345990239928,0.6061114149266765,25,20,20
12,267,0.2682408197574359,6.866249341067051e-07,0.12287421124104314,0.6088842823765875,25,20,20
12,268,0.32382127322203863,2.7763032639242857e-08,0.057763574061952844,0.6184151249529761,25,20,20
12,269,0.2665366316068242,1.387476072453174e-07,0.09533492955523787,0.6381283000903318,25,20,20
12,270,0.23534308207441895,1.901871916544945e-07,0.17388831608903452,0.5907684116493557,25,20,20
12,271,0.19123265828971653,8.815993183200947e-07,0.2093805610525099,0.5993858990584553,25,20,20
12,272,0.24392547170036671,2.385644204236184e-06,0.1567934402441211,0.5992787024113089,25,20,20
12,273,0.26027763927155234,1.615696056781893e-05,0.14479577692611523,0.5949104268417655,25,20,20
12,274,0.25620973869883645,1.961739764910499e-06,0.14795455118203776,0.5958337483793621,25,20,20
12,275,0.20740006661642785,0.014706268896998912,0.2531332470255615,0.5247604174610112,25,20,20
12,276,0.2411052610660093,0.03871986409545232,0.20063440479498473,0.5195404700435532,25,20,20
12,277,0.20745279400524821,0.055114585061825073,0.2148542136404004,0.5225784072925275,25,20,20
12,278,0.15782367304896952,0.10177541941934082,0.21640300854784042,0.5239978989838525,25,20,20
12,279,0.12101897281568787,0.1019324735570537,0.2528840278702343,0.5241645257570268,25,20,20
12,280,0.14847228624700773,0.11863331599687871,0.21259289284387362,0.5203015049122425,25,20,20
12,281,0.1936832803053627,0.07528296123062946,0.24630095607882566,0.48473280238517963,25,20,20
12,282,0.17842308425163972,0.07252720891168099,0.2693372413710502,0.4797124654656266,25,20,20
12,283,0.16432106103510408,0.12545198388121415,0.2304153116965956,0.47981164338708665,25,20,20
12,284,0.12309178829184937,0.1598499997606834,0.23769622159500295,0.47936199035246413,25,20,20
12,285,0.0800405138140547,0.15933257825158026,0.2757555024535947,0.48487140548076996,25,20,20
12,286,0.09576714165360163,0.1598486205227219,0.2595507908429775,0.4848334469806981,25,20,20
12,287,0.18401032586773586,0.13409144498155354,0.19670646379417753,0.48519176535653097,25,20,20
12,288,0.22485847217587612,0.09407072759616258,0.2069626227556421,0.474108177472319,25,20,20
12,289,0.18308171857715658,0.09107582265800655,0.257505184614809,0.4683372741500273,25,20,20
12,290,0.18872581045124462,0.10230057027112621,0.20032212669464278,0.5086514925829865,25,20,20
12,291,0.17926980416763452,0.0624466266436969,0.24989381011145903,0.5083897590772118,25,20,20
12,292,0.22527729780954406,0.09118809032242725,0.1524761710197904,0.5310584408482378,25,20,20
12,293,0.21904679767947244,0.12079074160444511,0.14712052495039152,0.5130419357656935,25,20,20
12,294,0.20875218131423803,0.12049263928181529,0.15157324164843095,0.5191819377555186,25,20,20
12,295,0.1824678723566212,0.12012736225924821,0.18169719246088925,0.5157075729232397,25,20,20
12,296,0.22781605272139852,0.11832244366419854,0.13276907754049136,0.5210924260739127,25,20,20
12,297,0.19584181182068822,0.11812019976084893,0.15911900951552072,0.5269189789029455,25,20,20
12,298,0.1663957769828112,0.11863037613384035,0.14800570094718135,0.5669681459361682,25,20,20
12,299,0.16139803755567367,0.09409383630287575,0.1967171109812299,0.5477910151602224,25,20,20
12,300,0.1880289568340328,0.11862011775848566,0.14223442755846627,0.5511164978490154,25,20,20
12,301,0.13352936722729025,0.08982047023880738,0.23217860456391304,0.544471557969991,25,20,20
12,302,0.17112823235126443,0.11697012179232559,0.1914338549711508,0.520467790885259,25,20,20
12,303,0.09307867477237312,0.11680329878347255,0.2695465864295539,0.5205714400146,25,20,20
12,304,0.12296195355170539,0.11815079137001998,0.23893551412691696,0.51995174095136,25,20,20
12,305,0.17949722586145322,0.11816286794638663,0.1872597844417264,0.5150801217504339,25,20,20
12,306,0.23387980497428323,0.11873372291787312,0.1378851911712766,0.5095012809365681,25,20,20
12,307,0.2077338541678095,0.10381886554459711,0.18385118552100382,0.5045960947665912,25,20,20
12,308,0.20241781331279715,0.10762583826059485,0.21701534481571347,0.4729410036108913,25,20,20
12,309,0.2410999187754206,0.10827970154931549,0.17222215835243035,0.4783982213228339,25,20,20
12,310,0.19699356541361965,0.06450549956805036,0.2640549694467119,0.4744459655716152,25,20,20
12,311,0.2599411667105559,0.06450524045904833,0.20133156989282747,0.4742220229375658,25,20,20
12,312,0.2817085265449164,0.051225659614818266,0.18621507010258448,0.48085074373768044,25,20,20
12,313,0.24449963263645266,0.07818353838925965,0.1552406854692662,0.5220761435050228,25,20,20
12,314,0.2290745125846422,0.07645300565468457,0.1878736864292898,0.5065987953313832,25,20,20
12,315,0.23683645020200145,0.07949793123648875,0.132099566783,0.5515660517785105,25,20,20
12,316,0.271759006226986,0.07887709976721329,0.08738896353065437,0.5619749304751476,25,20,20
12,317,0.2397671942188081,0.07890256265434234,0.13244097868339816,0.5488892644434545,25,20,20
12,318,0.27516459683498207,0.07889986268499231,0.08700816888989761,0.5589273715901278,25,20,20
12,319,0.25617293818652986,0.08050044417027578,0.10472839167398953,0.5585982259692084,25,20,20
12,320,0.16906733426174156,0.07989979538481434,0.17029821766758485,0.5807346526858587,25,20,20
12,321,0.14408456238320785,0.08049980961893845,0.18557353664162363,0.5898420913562298,25,20,20
12,322,0.16811253298876308,0.09402275360312831,0.1459564316410017,0.5919082817671112,25,20,20
12,323,0.1645461425906376,0.11252377853447648,0.13448737097939575,0.5884427078954918,25,20,20
12,324,0.1629778242704302,0.13229355618170963,0.11089752614231,0.5938310934055505,25,20,20
12,325,0.12717523345358986,0.13395021384600278,0.1413543541646928,0.5975201985357143,25,20,20
12,326,0.12758580981427695,0.13227336627372055,0.1411853522700471,0.5989554716419556,25,20,20
12,327,0.12296588046039368,0.15688277295396466,0.13238633050453577,0.5877650160811081,25,20,20
12,328,0.1310646314244025,0.132311589834655,0.15034863203151544,0.5862751467094292,25,20,20
12,329,0.107000309195941,0.1725784969107791,0.133113780084175,0.5873074138091077,25,20,20
12,330,0.11171206257424812,0.19734689774477357,0.09731346292358779,0.5936275767573924,25,20,20
12,331,0.11112749498313126,0.19509445702197678,0.09437402393213276,0.5994040240627606,25,20,20
12,332,0.1130541567438615,0.19736810056899579,0.09008222681558094,0.5994955158715632,25,20,20
12,333,0.10754312762621915,0.19736872993521323,0.0963565647998716,0.5987315776386953,25,20,20
12,334,0.14920606429438688,0.19730542602454185,0.04138827180473866,0.6121002378763322,25,20,20
12,335,0.14280630640857903,0.17980474942361035,0.08345670633885684,0.5939322378289534,25,20,20
12,336,0.0909244866284054,0.15749435280134805,0.15201768938540847,0.5995634711848394,25,20,20
12,337,0.1393994251676787,0.1584454813359858,0.14232070783447678,0.5598343856618601,25,20,20
12,338,0.1841819513728198,0.15695384986758953,0.10497220085391046,0.5538919979056813,25,20,20
12,339,0.18500912488150703,0.12888174568262856,0.1322438563223797,0.5538652731134878,25,20,20
12,340,0.22551163824406412,0.15631022690163487,0.05973757707415782,0.5584405577801432,25,20,20
12,341,0.18690779950359146,0.15992150056626156,0.09963355027071874,0.5535371496594301,25,20,20
12,342,0.20050022826679448,0.19780476623244678,0.057988704741632195,0.543706300759126,25,20,20
12,343,0.19915087825077923,0.1547760108913682,0.09146035821880606,0.5546127526390499,25,20,20
12,344,0.21729197732354247,0.15975945854832385,0.06424667948309244,0.5587018846450414,25,20,20
12,345,0.23052461399516658,0.1551195540160573,0.05879091597753148,0.5555649160112456,25,20,20
12,346,0.22401086732930356,0.11813666692787979,0.09621969867944075,0.5616327670633767,25,20,20
12,347,0.2224973636200053,0.11516776568551627,0.10167049050543935,0.5606643801890387,25,20,20
12,348,0.21858565663521146,0.11925165649938659,0.09961579551510541,0.5625468913503004,25,20,20
12,349,0.20781416316315668,0.1174217848573077,0.13815209144302984,0.5366119605365075,25,20,20
12,350,0.17302042025979086,0.11693107269888607,0.1780312991245804,0.5320172079167449,25,20,20
12,351,0.23862631470349163,0.09990703688796318,0.14726495440684592,0.5142016940017013,25,20,20
12,352,0.27990941726968027,0.11781717308140159,0.08342277663077874,0.5188506330181412,25,20,20
12,353,0.22988381620525136,0.1432881195187218,0.06838697599757894,0.5584410882784486,25,20,20
12,354,0.2100573898811658,0.14038639831142202,0.09136766016411002,0.5581885516433023,25,20,20
12,355,0.1818934552773759,0.15336812362195443,0.10518256254006209,0.5595558585606091,25,20,20
12,356,0.2144608156000388,0.17094587877874315,0.05480734714629285,0.5597859584749257,25,20,20
12,357,0.2193034489527526,0.14566798543674644,0.08230088789928512,0.5527276777112162,25,20,20
12,358,0.22275833155025077,0.13123322579438074,0.12192340935273865,0.5240850333026332,25,20,20
12,359,0.22200687866604013,0.157212570193545,0.09667940320111469,0.5241011479393007,25,20,20
12,360,0.08121074018663876,0.16069397068870223,0.26392348594343906,0.49417180318122045,25,20,20
12,361,0.07858727551972573,0.12236466874577177,0.2532327515816808,0.5458153041528211,25,20,20
12,362,0.0752464589584836,0.11057086932759276,0.25680801051953567,0.5573746611943862,25,20,20
12,363,0.10448001596374427,0.10237240401078897,0.24437331368117646,0.5487742663442895,25,20,20
12,364,0.17115518544004651,0.062359770956375495,0.21905730434915527,0.5474277392544219,25,20,20
12,365,0.16596101156396678,0.03542302119843191,0.23965390544222295,0.558962061795379,25,20,20
12,366,0.08258350927557298,0.07864964749635492,0.29081538968633786,0.5479514535417308,25,20,20
12,367,0.15865257548823128,0.07883245029339325,0.21437159897848107,0.5481433752398939,25,20,20
12,368,0.2179663280103676,0.00036357121608675063,0.22781270041403762,0.5538574003595105,25,20,20
12,369,0.19975652581277598,2.669589108159232e-05,0.2645814459488425,0.5356353323473002,25,20,20
12,370,0.20113634910135114,0.003027288486931406,0.2535358375209518,0.5423005248907683,25,20,20
12,371,0.20029736174450272,0.003031059423849497,0.2368417086334882,0.5598298701981623,25,20,20
12,372,0.3094248057877002,1.1413697617498366e-05,0.13062960209766541,0.5599341784170184,25,20,20
12,373,0.24814019415331282,0.0007658717655506405,0.191531065749314,0.5595628683318232,25,20,20
12,374,0.24910790836355756,0.037389850368431767,0.1538364957509959,0.5596657455170152,25,20,20
12,375,0.20449436494308235,0.03994172644406732,0.19199671474799196,0.5635671938648581,25,20,20
12,376,0.2567947105994034,0.03996158991812348,0.1440064258949298,0.5592372735875464,25,20,20
12,377,0.310664617269912,0.021250168958665393,0.10852266599958868,0.5595625477718351,25,20,20
12,378,0.2806420587052935,0.0015597324406263122,0.15701557525177023,0.5607826336023123,25,20,20
12,379,0.2894909952666393,0.0006269591997667996,0.15742558663018558,0.5524564589034108,25,20,20
12,380,0.2496153743770949,4.508260468414118e-06,0.20484656480340774,0.5455335525590307,25,20,20
12,381,0.1729040999519819,9.5322351882476e-05,0.25253398125925974,0.5744665964368736,25,20,20
12,382,0.139754168797617,0.00017759221377693584,0.25746758125524283,0.6026006577333609,25,20,20
12,383,0.17970810000337661,0.03942294337756024,0.1420506576565167,0.6388182989625465,25,20,20
12,384,0.17292799972994477,0.03995591403346693,0.14871952489173496,0.638396561344856,25,20,20
12,385,0.1764791669450886,0.03758753151996516,0.16148418940941614,0.6244491121255301,25,20,20
12,386,0.14222313059225045,0.03997450475764883,0.193277283395411,0.6245250812546906,25,20,20
12,387,0.21567722797043026,0.03997424027198854,0.10605436815052716,0.6382941636070546,25,20,20
12,388,0.22044390282851456,0.039988777094526334,0.10108632327982434,0.6384809967971351,25,20,20
12,389,0.23327971235041972,0.0399855677782716,0.12417035114518239,0.6025643687261274,25,20,20
12,390,0.18402778388179258,0.03997458980436121,0.2084036362602544,0.5675939900535905,25,20,20
12,391,0.14689040750407792,0.00028051279810166376,0.2902877163122471,0.5625413633855705,25,20,20
12,392,0.18729928586920797,3.610766910836718e-06,0.2660961108855269,0.5466009924783538,25,20,20
12,393,0.15236669055855181,0.024510274179164043,0.2783238290399233,0.5447992062223604,25,20,20
12,394,0.21083553188589532,0.05388612135810066,0.18638980772887032,0.5488885390271352,25,20,20
12,395,0.10231909410850296,0.023577583515698143,0.31479345525159697,0.5593098671242012,25,20,20
12,396,0.13857301929903432,0.013938319092040706,0.2885575896124587,0.5589310719964647,25,20,20
12,397,0.16326953930568652,0.013950212342266965,0.2629191545287465,0.5598610938233004,25,20,20
12,398,0.23580702279354523,0.03994559277991919,0.17867250231191534,0.5455748821146216,25,20,20
12,399,0.1854398482281553,0.039945148335744765,0.21559427313152646,0.5590207303045723,25,20,20
12,400,0.21436168938831113,0.03994708661247028,0.19137925363002972,0.5543119703691872,25,20,20
12,401,0.2434837309657245,0.03878419660287631,0.15832093079146675,0.5594111416399339,25,20,20
12,402,0.28986047885060456,0.039499806635153234,0.11091214495573873,0.5597275695585062,25,20,20
12,403,0.20474915434153707,0.01338874985383959,0.20514375179848016,0.5767183440061412,25,20,20
12,404,0.22685975891813773,0.040123648613722515,0.19213077763635936,0.5408858148317798,25,20,20
12,405,0.18048694215586408,0.03936445742157426,0.22111134921666697,0.5590372512058946,25,20,20
12,406,0.21975728566164546,0.03995628681590793,0.1492187294576109,0.5910676980648369,25,20,20
12,407,0.20423660020131332,0.039954853692568605,0.16514157499312482,0.5906669711129944,25,20,20
12,408,0.21709647231750717,0.03995473541867386,0.1445893197828555,0.5983594724809634,25,20,20
12,409,0.23857366306579408,0.0373798404555194,0.12607789155117988,0.5979686049275098,25,20,20
12,410,0.24050791054193352,0.03865627049653626,0.08769738289758294,0.6331384360639514,25,20,20
12,411,0.24968080769218443,0.04250492106984655,0.11264079093493823,0.5951734803030329,25,20,20
12,412,0.1947766957639152,0.0425049046185644,0.14911215568743064,0.6136062439300917,25,20,20
12,413,0.18067853785234378,0.03826033484116782,0.18165985873958854,0.5994012685669027,25,20,20
12,414,0.18810219486807062,0.03826047199803298,0.15500364642308512,0.6186336867108154,25,20,20
12,415,0.17906748182327678,0.0382603215300218,0.14345485493870253,0.6392173417080023,25,20,20
12,416,0.20501171505264637,0.03993819973717712,0.11569697868537737,0.6393531065247983,25,20,20
12,417,0.22619981987541568,0.0399378352360582,0.09923087386405588,0.634631471024473,25,20,20
12,418,0.15650638242518225,0.03997661697046769,0.16877648846750432,0.6347405121368486,25,20,20
12,419,0.1545422915764887,0.03823463699574098,0.13832531480693802,0.6688977566208346,25,20,20
12,420,0.17723534059478807,0.03823493341963129,0.1134729281214155,0.6710567978641687,25,20,20
12,421,0.20473210585494733,0.03823472794374131,0.09313046411171293,0.663902702089598,25,20,20
12,422,0.17025265870830222,0.039954429031939694,0.1151283792174465,0.6746645330423122,25,20,20
12,423,0.209577133336542,0.03995417882557235,0.07211059765874452,0.6783580901791403,25,20,20
12,424,0.2097460400187299,0.039974096420367894,0.07223672590536315,0.6780431376555395,25,20,20
12,425,0.19069790707441092,0.039968191421252214,0.05982151805027292,0.7095123834540645,25,20,20
12,426,0.1878904383060156,0.03994011384382124,0.054082399792107785,0.718087048058055,25,20,20
12,427,0.1921551484756805,0.0133253112281451,0.07625169505409382,0.7182678452420805,25,20,20
12,428,0.1833676398273415,0.03954286118234727,0.06315793932338906,0.7139315596669218,25,20,20
12,429,0.12727598961664596,0.038774237180560514,0.11945641034038391,0.7144933628624139,25,20,20
12,430,0.1120300952470432,0.04002318924916286,0.1476752226036209,0.7002714929001751,25,20,20
12,431,0.08769771862770119,0.03996968554836433,0.16417119222902557,0.7081614035949099,25,20,20
12,432,0.1042188205022571,0.03995454788126171,0.14697295008058936,0.7088536815358927,25,20,20
12,433,0.08818496169435687,0.039936395989390944,0.1582682533437348,0.7136103889725187,25,20,20
12,434,0.06836320956666832,0.04001937020454342,0.1732494020865292,0.7183680181422595,25,20,20
12,435,0.05947539468461884,0.03934494607089623,0.11284381779926887,0.7883358414452175,25,20,20
12,436,0.11606465502029335,0.039977175706444046,0.06148633094254754,0.7824718383307147,25,20,20
12,437,0.12610365879464427,0.039977109886242805,0.04690679712124464,0.7870124341978678,25,20,20
12,438,0.11198048038976709,0.038260112218416895,0.06644939437466812,0.7833100130171475,25,20,20
12,439,0.11240035134865367,0.014201785225713937,0.08003357749003345,0.7933642859355985,25,20,20
12,440,0.11550711137491368,0.014201915367717905,0.07178604833500694,0.7985049249223605,25,20,20
12,441,0.11365629166417454,0.025336749195184118,0.06264458369424775,0.7983623754463927,25,20,20
12,442,0.11264850070001539,0.03950500107031665,0.04992677877846898,0.7979197194511997,25,20,20
12,443,0.0770698195166029,0.03823439214185284,0.08603294032202197,0.7986628480195235,25,20,20
12,444,0.07743239185450274,0.03993057021481285,0.09810726237929482,0.7845297755513876,25,20,20
12,445,0.08021386522143628,0.0399305866032652,0.09334614080791623,0.7865094073673822,25,20,20
12,446,0.07791596119807694,0.039927974937754324,0.08672824490885717,0.7954278189553122,25,20,20
12,447,0.07932580380503755,0.03822935178382405,0.09911513423709695,0.7833297101740447,25,20,20
12,448,0.10237655847269846,0.03994240862631751,0.07207982764044242,0.7856012052605402,25,20,20
12,449,0.08434647042948497,0.038739034638061186,0.06781786119843691,0.8090966337340165,25,20,20
12,450,0.14038662358191956,0.03953557689984535,0.021574502552751725,0.7985032969654824,25,20,20
12,451,0.1297077238348391,0.039535597545758645,0.032614678343341225,0.7981420002760606,25,20,20
12,452,0.15992154192441607,0.03953558580857608,0.001980973136621745,0.7985618991303862,25,20,20
12,453,0.1612687252391652,0.039535576199641285,0.0012663780613300347,0.7979293204998638,25,20,20
12,454,0.14079512334987312,0.0395359304375483,0.021684692396447294,0.7979842538161306,25,20,20
12,455,0.15147132238765904,0.039954625817904973,0.010771654808044066,0.7978023969863927,25,20,20
12,456,0.12940158775878557,0.039954679139965865,0.031987634765883316,0.7986560983353638,25,20,20
12,457,0.08680482451782107,0.03995579694483863,0.07502016184714806,0.7982192166901924,25,20,20
12,458,0.08588800445266619,0.03995578683037197,0.07501967205725485,0.7991365366597065,25,20,20
12,459,0.04552944846868735,9.869157200466496e-07,0.19100376753380874,0.7634657970817841,25,20,20
12,460,0.04931595950134562,2.9035903194913606e-06,0.16213876482472955,0.7885423720836056,25,20,20
12,461,0.04789101740753679,5.437716841381188e-06,0.1699747472317165,0.782128797643904,25,20,20
12,462,0.08292737834093483,7.054851839093182e-06,0.12147746570213325,0.795588101105093,25,20,20
12,463,0.05021188047044718,6.903952255980924e-06,0.15167629653515863,0.7981049190421392,25,20,20
12,464,0.06783083860613309,3.077230901350119e-07,0.1337510740048443,0.7984177796659345,25,20,20
12,465,0.15027672380468435,1.1283602144729654e-09,0.051042009560112574,0.7986812655068427,25,20,20
12,466,0.155207333124671,6.99965689704675e-09,0.04584398126330377,0.7989486786123682,25,20,20
12,467,0.12432891969018581,0.0018698911146724415,0.07505162997560257,0.7987495592195384,25,20,20
12,468,0.09749190110856006,7.840406968754286e-05,0.11806948523842797,0.7843602095833256,25,20,20
12,469,0.08300720655686802,6.071996158662934e-08,0.13250107737708106,0.7844916553460921,25,20,20
12,470,0.08462988785695069,7.998090249346093e-08,0.15642982712589493,0.7589402050362533,25,20,20
12,471,0.07484146792829198,8.012980452414251e-08,0.1726325965496657,0.75252585539224,25,20,20
12,472,0.1238844949790172,8.40172255476255e-08,0.11684942236748817,0.7592659986362693,25,20,20
12,473,0.17718976873715142,2.6863091573535223e-08,0.09545296875779885,0.7273572356419582,25,20,20
12,474,0.11188692591762812,7.519336541889656e-08,0.17333708248478927,0.7147759164042156,25,20,20
12,475,0.14928630878592458,4.694578130256276e-07,0.15610219370583345,0.6946110280504285,25,20,20
12,476,0.17580481548701146,0.00018524266064432062,0.09222516028041346,0.7317847815719318,25,20,20
12,477,0.18368714839812791,1.0453388914515116e-07,0.1198185463266278,0.6964942007413584,25,20,20
12,478,0.17021815368774715,0.0009694596815754264,0.10477537880831644,0.7240370078223621,25,20,20
12,479,0.1537213987293033,0.010467482292009021,0.1184209084325558,0.7173902105461326,25,20,20
12,480,0.13962479643571038,2.047859884798857e-05,0.14286409572137732,0.7174906292440645,25,20,20
12,481,0.1634626772277946,5.458317261665141e-07,0.12984286675242515,0.7066939101880547,25,20,20
12,482,0.20054950531450763,8.722237793384162e-07,0.08139967680765073,0.7180499456540623,25,20,20
12,483,0.20581646832935338,5.151976793597384e-07,0.0874279893625695,0.7067550271103983,25,20,20
12,484,0.231277158713845,9.100339310523113e-08,0.0485564023243763,0.7201663479583845,25,20,20
12,485,0.20022188327101229,1.2785058659688354e-08,0.08028338836471655,0.7194947155792134,25,20,20
12,486,0.19661018263361324,5.014437296499692e-07,0.08427944227886275,0.7191098736437951,25,20,20
12,487,0.19420996365748777,4.3367331643570025e-08,0.10651891565329859,0.6992710773218811,25,20,20
12,488,0.19564736879917977,2.0445467906490235e-06,0.06060200951969631,0.7437485771343327,25,20,20
12,489,0.20159723470298907,2.0081117774198223e-06,0.04951483504992274,0.7488859221353106,25,20,20
12,490,0.23143203561920891,1.4497664373887413e-08,0.010676104174606592,0.7578918457085202,25,20,20
12,491,0.23630015296387846,3.0161997783104685e-09,0.006530209854804598,0.7571696341651171,25,20,20
12,492,0.1553395665599916,6.362255752431496e-08,0.08598413707498624,0.758676232742462,25,20,20
12,493,0.2235574308958556,1.4658763411656364e-08,0.024753317344786648,0.7516892371005938,25,20,20
12,494,0.2177775060074466,9.13441779892378e-09,0.023333429073631288,0.7588890557845042,25,20,20
12,495,0.232012179738346,2.5732371958010136e-08,0.020690268471340367,0.7472975260579411,25,20,20
12,496,0.23970775393676927,1.7949914001103652e-08,0.0026881583762190316,0.7576040697370972,25,20,20
12,497,0.23575553577361305,8.499598418335595e-08,0.006141741758038504,0.758102637472364,25,20,20
12,498,0.2211552009588197,6.24193762904185e-08,0.026212139354171028,0.7526325972676331,25,20,20
12,499,0.15797500121835692,4.11955295557725e-06,0.08321975320738545,0.7588011260213048,25,20,20
12,500,0.14915967137985608,3.364940476111155e-08,0.09183658183671092,0.7590037131340326,25,20,20
12,501,0.12287070267301436,1.5673133258048752e-06,0.08008233718273614,0.7970453928309249,25,20,20
12,502,0.16464849487613578,1.3053798239568122e-06,0.037555413353656156,0.7977947863903836,25,20,20
12,503,0.09940228087563875,2.3147676505668163e-06,0.1550601179349937,0.745535286421719,25,20,20
12,504,0.12019037491565682,2.2822862978732722e-06,0.11771306162109696,0.7620942811769479,25,20,20
12,505,0.1218285655930661,1.3883140122311873e-07,0.11962039927108005,0.758550896304454,25,20,20
12,506,0.11461262725089817,4.909382109445469e-05,0.16148495916810252,0.7238533197599044,25,20,20
12,507,0.14030351061291155,1.954068097039916e-05,0.1369054753683397,0.7227714733377788,25,20,20
12,508,0.14127365148623697,1.9540546558405535e-05,0.14774302103636502,0.7109637869308404,25,20,20
12,509,0.14807738223754613,1.9536695521640946e-05,0.13618333797664678,0.7157197430902881,25,20,20
12,510,0.12482712565397971,1.9531858631027372e-05,0.15622145855079939,0.7189318839365904,25,20,20
12,511,0.14853692261388482,2.1287887232908847e-05,0.12709113942682662,0.7243506500720562,25,20,20
12,512,0.15708277881255456,2.119114986596798e-05,0.15503186212056183,0.6878641679170172,25,20,20
12,513,0.12821900392950714,1.8774842321915624e-05,0.1881674957764622,0.683594725451711,25,20,20
12,514,0.1242452275517576,2.518929663276134e-06,0.20237040681651444,0.6733818467020627,25,20,20
12,515,0.12413288226973568,6.96543485243221e-08,0.17853097219665034,0.6973360758792668,25,20,20
12,516,0.12531467512404926,6.717660501551088e-08,0.16941169541930723,0.7052735622800402,25,20,20
12,517,0.08482117899226972,2.7234420402900523e-07,0.19716680072341217,0.7180117479401127,25,20,20
12,518,0.1080754190723117,2.6018573926807656e-07,0.18390838611062862,0.7080159346313215,25,20,20
12,519,0.14484971403837069,8.025066844281226e-08,0.14730759231230164,0.7078426133986595,25,20,20
12,520,0.16071859069516006,5.100282189589339e-07,0.1310380238245715,0.708242875452049,25,20,20
12,521,0.13133667807674926,4.5481994891711043e-07,0.1608072896035096,0.7078555774997923,25,20,20
12,522,0.16410295293082047,1.2009157827766107e-07,0.11773604666430862,0.7181608803132928,25,20,20
12,523,0.18127714591939262,1.7383076691095086e-07,0.10030212913063867,0.7184205511192028,25,20,20
12,524,0.14900950539505609,1.1147684959560152e-07,0.13236974233454588,0.7186206407935498,25,20,20
12,525,0.1472069538677835,5.788438997077107e-08,0.13392299063554167,0.7188699976122845,25,20,20
12,526,0.12366801063501598,3.835090577417908e-05,0.16195837804294647,0.714335260416265,25,20,20
12,527,0.1250798715692486,3.8331854344000394e-05,0.160345524829936,0.714536271746472,25,20,20
12,528,0.14609471749981287,0.024601245419443734,0.11057481571584969,0.718729221364894,25,20,20
12,529,0.14093873005949936,0.03873319886463164,0.10806246065942922,0.7122656104164419,25,20,20
12,530,0.12249432534183657,0.014168075063592245,0.1493575098567893,0.7139800897377849,25,20,20
12,531,0.18877281051070655,0.014167278288146663,0.08478608440068017,0.7122738268004675,25,20,20
12,532,0.1770020268929874,0.039966196972891235,0.07048341134923108,0.7125483647848901,25,20,20
12,533,0.2059512093336213,0.039966197426841064,0.03344961214875492,0.7206329810907824,25,20,20
12,534,0.15553941567273263,0.039971091931012406,0.08251687242366222,0.7219726199725954,25,20,20
12,535,0.1351394945027925,0.03997684965083404,0.11359521868523936,0.7112884371611348,25,20,20
12,536,0.13042618797016714,0.03994838075086359,0.07214350639463916,0.7574819248843306,25,20,20
12,537,0.07773407015129036,0.0010852555973353251,0.16311225502540988,0.7580684192259654,25,20,20
12,538,0.11581340682300363,1.627773112892316e-06,0.1395713321961545,0.744613633207731,25,20,20
12,539,0.12288068327641052,3.8273822997609057e-07,0.13636846944981737,0.7407504645355425,25,20,20
12,540,0.10419795615131883,6.0648122594188306e-05,0.15395911698689438,0.7417822787391946,25,20,20
12,541,0.11287136608405436,3.121686050280016e-07,0.1276694708335408,0.759458850913802,25,20,20
12,542,0.15352937482477885,9.477409649041718e-09,0.10300812339436559,0.7434624923034459,25,20,20
12,543,0.17343217772760455,0.0010663397893391569,0.06721110433341627,0.7582903781496387,25,20,20
12,544,0.18186786026106525,2.0155235803463898e-08,0.0778888884666403,0.7402432311170579,25,20,20
12,545,0.17186750656057095,3.5686686509773553e-07,0.07759417795555122,0.750537958617013,25,20,20
12,546,0.165386226581455,2.0445672147986813e-05,0.08493881607114588,0.7496545116752503,25,20,20
12,547,0.22704329443522706,1.373898203556019e-09,0.023481076656688592,0.749475627534186,25,20,20
12,548,0.23352857689883982,9.196581137078852e-10,0.008593924258220389,0.7578774979232807,25,20,20
12,549,0.2061494615406087,7.174465424548444e-08,0.04417565437828224,0.7496748123364533,25,20,20
12,550,0.199281833464948,1.7501035607558678e-07,0.04408544651132607,0.756632545013369,25,20,20
12,551,0.15536974659393452,1.216670817914666e-09,0.0859255760082769,0.7587046761811219,25,20,20
12,552,0.16052620662274866,8.657026579928605e-08,0.08118629434251112,0.758287412464475,25,20,20
12,553,0.15540144525820523,7.394788119417251e-10,0.08582887727587267,0.7587696767264446,25,20,20
12,554,0.17062543633804927,2.9128299912099332e-08,0.11098830179728321,0.7183862327363701,25,20,20
12,555,0.1785658870441209,1.5745446999380725e-07,0.12107905116177137,0.7003549043396383,25,20,20
12,556,0.22358101406467057,2.7423945560907517e-07,0.11923239640704936,0.6571863152888257,25,20,20
12,557,0.20754200421849345,5.321729594909971e-08,0.16728905324070018,0.6251688893235121,25,20,20
12,558,0.17205696924726255,0.0007708022739488021,0.2110265655092099,0.6161456629695804,25,20,20
12,559,0.21672179102868822,0.00040603598121163377,0.1392500873872432,0.6436220856028574,25,20,20
12,560,0.26051042435975114,0.0004060073728274397,0.09694805844586903,0.642135509821553,25,20,20
12,561,0.22000640489805728,1.2317465350880191e-05,0.13788900512581725,0.6420922725107749,25,20,20
12,562,0.22425226654653277,1.281147761330644e-05,0.17496368261046263,0.6007712393653926,25,20,20
12,563,0.2632681703040334,1.2331861169405485e-05,0.13880929807433623,0.5979101997604609,25,20,20
12,564,0.2785425278466039,3.9480880580589935e-08,0.10709230368069546,0.6143651289918222,25,20,20
12,565,0.18330040717480908,1.6434611678013485e-06,0.24792606695871247,0.5687718824053083,25,20,20
12,566,0.2521741249099316,9.73796231140578e-05,0.16060925320765462,0.5871192422593018,25,20,20
12,567,0.2445424610337985,3.0160667974265238e-05,0.17007660998453666,0.5853507683136905,25,20,20
12,568,0.2964086699954854,1.2395743438790045e-05,0.10004991517274892,0.6035290190883291,25,20,20
12,569,0.29229185530001156,1.2667463676930467e-07,0.1070161041667965,0.6006919138585584,25,20,20
12,570,0.27059508871411736,3.142275846858087e-06,0.1452576584546793,0.584144110555358,25,20,20
12,571,0.26089973165253144,1.676257835583864e-06,0.14638487521545876,0.5927137168741753,25,20,20
12,572,0.20361672546566165,0.00032690661272154783,0.2027672279764937,0.5932891399451264,25,20,20
12,573,0.26509946217887626,9.166623789093896e-06,0.14809710097088172,0.5867942702264538,25,20,20
12,574,0.21842745416830886,9.03699276577644e-08,0.17032597395802815,0.6112464815037352,25,20,20
12,575,0.2177460014384172,0.021933764096575242,0.16078249983160903,0.5995377346334007,25,20,20
12,576,0.24328739083201537,0.03919820866094057,0.11877042117415458,0.5987439793328897,25,20,20
12,577,0.2594970538508509,0.038233338200827326,0.10483723595206527,0.5974323719962574,25,20,20
12,578,0.2618655215766779,0.038024130417020754,0.10168671578844667,0.5984236322178559,25,20,20
12,579,0.2789787681722827,0.021836076752564625,0.1419423275727913,0.5572428275023639,25,20,20
12,580,0.28167808330530303,0.020748326956894877,0.124933788624378,0.5726398011134259,25,20,20
12,581,0.22893599775988716,0.01123149714517834,0.15244148721797163,0.6073910178769648,25,20,20
12,582,0.22777790867739248,0.03870315888502563,0.1347882618656842,0.5987306705718999,25,20,20
12,583,0.20967189949026138,0.03873197890685187,0.16796313764441553,0.5836329839584735,25,20,20
12,584,0.22451356223187313,0.038704267918219466,0.15471498887123702,0.5820671809786702,25,20,20
12,585,0.2114729288666021,0.03870319229770456,0.15765882373053017,0.5921650551051643,25,20,20
12,586,0.17383454964637385,0.038776892733096965,0.1545108942769884,0.6328776633435411,25,20,20
12,587,0.16410062357170077,0.038703175659696124,0.16593754283303608,0.6312586579355687,25,20,20
12,588,0.17835113733394536,0.03822666323993642,0.15224072267081293,0.6311814767553063,25,20,20
12,589,0.20351261648072136,0.03822664489039992,0.08757941504568195,0.6706813235831972,25,20,20
12,590,0.1934710721635273,0.0390880293841,0.08966889849474954,0.6777719999576222,25,20,20
12,591,0.13148293139648276,0.03999141370040886,0.15587265742613232,0.6726529974769784,25,20,20
12,592,0.08362405032250614,0.054552850632362045,0.18282776442390739,0.6789953346212251,25,20,20
12,593,0.08041687982731721,0.07985841842344024,0.12053128735045432,0.7191934143987895,25,20,20
12,594,0.07805633315167343,0.07709647180758938,0.1269052532486242,0.717941941792114,25,20,20
12,595,0.013494344463011596,0.07989281455677558,0.18637177234715904,0.720241068633057,25,20,20
12,596,0.01622474357499314,0.10485789447078318,0.1623017212099502,0.7166156407442746,25,20,20
12,597,0.04296882990355097,0.06458676562639958,0.18024513007527124,0.7121992743947787,25,20,20
12,598,0.12750782821622175,0.06477257020119136,0.09088420887239244,0.7168353927101933,25,20,20
12,599,0.0528052664760908,0.04417489174788581,0.18388846661288774,0.7191313751631386,25,20,20
12,600,0.09181838675347423,0.0781828094031242,0.11154340002754941,0.7184554038158517,25,20,20
12,601,0.08607114597861253,0.07990448393688404,0.11597724752920774,0.7180471225552951,25,20,20
12,602,0.08867727847804818,0.07822284559211669,0.11564215966599323,0.7174577162638411,25,20,20
12,603,0.066524433848428,0.07822180248767824,0.16773806280376014,0.6875157008601367,25,20,20
12,604,0.10472474605856436,0.0765317795461951,0.14029386970959126,0.6784496046856496,25,20,20
12,605,0.14335992593420652,0.07653193768812362,0.11691795370366531,0.6631901826740055,25,20,20
12,606,0.17406095819242523,0.06539869788610835,0.08204394671296794,0.6784963972084981,25,20,20
12,607,0.1953221651792877,0.0786601199237218,0.046873375652863564,0.6791443392441263,25,20,20
12,608,0.18708762212155178,0.094519727747071,0.04043856797359615,0.6779540821577809,25,20,20
12,609,0.14939789074291007,0.07792476535403735,0.0944423104947007,0.6782350334083511,25,20,20
12,610,0.0816874966567468,0.10114317766324417,0.13732404848877386,0.6798452771912362,25,20,20
12,611,0.08231413718409251,0.11988843779340339,0.13328600340296487,0.6645114216195394,25,20,20
12,612,0.10186091046796877,0.08070371978863071,0.0986949408290953,0.7187404289143038,25,20,20
12,613,0.138136093373381,0.08067431649664498,0.06212458417840463,0.7190650059515689,25,20,20
12,614,0.19976768512133347,0.07988586666266953,0.0011239325561191078,0.7192225156598785,25,20,20
12,615,0.18445897129816358,0.07990194314761637,0.01792162187862492,0.7177174636755946,25,20,20
12,616,0.1501480470521719,0.07989696748497148,0.051281259533419166,0.7186737259294371,25,20,20
12,617,0.1506703952895536,0.07870766559199756,0.052165598721418134,0.718456340397031,25,20,20
12,618,0.16071112657856557,0.04103500846753286,0.07940385586193348,0.7188500090919665,25,20,20
12,619,0.1697339494249841,0.03953811730091608,0.07215983257037356,0.7185681007037256,25,20,20
12,620,0.15041977126668685,0.03953720843811671,0.08820043048944586,0.7218425898057537,25,20,20
12,621,0.1328616876140204,0.03825951026475239,0.11071711777543002,0.718161684345797,25,20,20
12,622,0.15063842137747196,0.011288865956539598,0.13184910115668932,0.706223611509301,25,20,20
12,623,0.16618892800550078,0.040042322962288504,0.09217952812069383,0.7015892209115183,25,20,20
12,624,0.22449644419854864,0.03869925003561257,0.047818917412799096,0.6889853883530407,25,20,20
12,625,0.2409118592743424,0.03873723795807729,0.016472508802449902,0.70387839396513,25,20,20
12,626,0.21262817645025908,2.3284468763961596e-08,0.08936577515156012,0.6980060251137121,25,20,20
12,627,0.2239034977327856,3.024521293897319e-08,0.058557751422769935,0.717538720599232,25,20,20
12,628,0.16059015112400016,4.95827933770676e-07,0.13864730222388041,0.7007620508241872,25,20,20
12,629,0.14347300686360517,3.345304054033665e-07,0.13782979569017445,0.718696862915815,25,20,20
12,630,0.1943647350614579,7.486390757214823e-09,0.09369422578645643,0.7119410316656957,25,20,20
12,631,0.17537573094190456,1.5852823844147373e-06,0.10602805884918419,0.7185946249265277,25,20,20
12,632,0.17836538978044497,2.0339588150200934e-07,0.10718451187921726,0.7144498949444561,25,20,20
12,633,0.14825805927921856,1.61672346734391e-06,0.13125248533811315,0.720487838659203,25,20,20
12,634,0.11888113325541892,1.496798758412004e-06,0.12261952419691179,0.7584978457489107,25,20,20
12,635,0.09662474383107074,2.005027657758797e-05,0.15665436300946223,0.7467008428828927,25,20,20
12,636,0.18637902908522733,6.375743312277854e-08,0.06632977821733864,0.7472911289400003,25,20,20
12,637,0.1659330292797578,4.502091590374424e-06,0.07526048646139641,0.7588019821672545,25,20,20
12,638,0.17446613786991694,4.791741237876369e-06,0.07296560363789217,0.7525634667509522,25,20,20
12,639,0.12923630334364294,9.556417346061174e-06,0.11214275983320386,0.7586113804058087,25,20,20
12,640,0.0775260894551441,9.566673253005039e-06,0.16034038236085482,0.7621239615107506,25,20,20
12,641,0.1415714700140178,2.1121214999652765e-05,0.09610633758410772,0.7623010711868744,25,20,20
12,642,0.14599913562968994,2.115296858994661e-05,0.09711336684720548,0.7568663445545141,25,20,20
12,643,0.15135911623823017,1.7259586239070118e-05,0.09161100488242349,0.7570126192931086,25,20,20
12,644,0.09063040740646068,2.9300908403260755e-07,0.15814503343345077,0.7512242661510088,25,20,20
12,645,0.075399626878454,2.7491523125426414e-07,0.16751831630470626,0.7570817819016071,25,20,20
12,646,0.08973178824507093,1.5534122485489152e-05,0.1558102160987848,0.7544424615336611,25,20,20
12,647,0.0504293642041311,1.5513100901817963e-05,0.19494812030429656,0.7546070023906738,25,20,20
12,648,0.039013822790216264,3.5534073048839634e-08,0.20153804028414948,0.7594481013915597,25,20,20
12,649,0.06594350281491353,8.977829355571944e-09,0.1757895696907608,0.7582669185164944,25,20,20
12,650,0.05827680893701064,9.53151792865453e-09,0.17822553218364132,0.7634976493478319,25,20,20
12,651,0.058067531553456175,0.0007785861696778137,0.19100812138874368,0.750145760888124,25,20,20
12,652,0.0695882553287372,5.305384117252679e-09,0.1670446725091766,0.763367066856704,25,20,20
12,653,0.08985430896721343,1.2220983959274002e-05,0.15152977779093885,0.7586036922578907,25,20,20
12,654,0.08927115753016697,1.4764806575744918e-05,0.12331889527967366,0.7873951823835861,25,20,20
12,655,0.08262450000863901,3.09205017138848e-06,0.125729406727495,0.7916430012136948,25,20,20
12,656,0.08115898167487384,1.397698436209281e-06,0.1270405704050257,0.791799050221667,25,20,20
12,657,0.07973775570314981,1.416246004305203e-06,0.13248624360437516,0.787774584446471,25,20,20
12,658,0.04156625185714158,1.7641957889687213e-05,0.1704868040590572,0.787929302125908,25,20,20
12,659,0.041723383000534076,1.663664421846356e-05,0.16419844803937572,0.7940615323158724,25,20,20
12,660,0.09849372304440492,0.0011001947565152117,0.11089007763724704,0.789516004561834,25,20,20
12,661,0.11274171422060787,3.5558110852097493e-07,0.11427627368413207,0.7729816565141558,25,20,20
12,662,0.09675123929618262,3.700499327544913e-07,0.11797183645699802,0.7852765541968881,25,20,20
12,663,0.13383133114127596,3.603595194589422e-07,0.13230264034103542,0.7338656681581698,25,20,20
12,664,0.1207687066993001,1.2559994359783814e-05,0.12605364180385492,0.7531650915024858,25,20,20
12,665,0.10101320921078245,9.479372995466255e-07,0.1488241777137687,0.7501616651381505,25,20,20
12,666,0.11564606436072015,4.5501232972391996e-08,0.1296604510421615,0.7546934390958842,25,20,20
12,667,0.12997715865733053,6.632221422218715e-07,0.11096518452102742,0.7590569935995027,25,20,20
12,668,0.16108655665748992,2.4446582524072604e-07,0.13482329549374758,0.7040899033829391,25,20,20
12,669,0.1610789394261882,3.1786096149173207e-07,0.09694178217544541,0.7419789605374071,25,20,20
12,670,0.14318674049248578,2.778191702104319e-07,0.11096301991202258,0.7458499617763252,25,20,20
12,671,0.19993881882291822,2.8662840138708107e-09,0.05516609794794285,0.7448950803628549,25,20,20
12,672,0.1888930985759022,5.828772431231145e-07,0.06995372864237459,0.7411525899044797,25,20,20
12,673,0.18886679788711805,8.734850499054923e-09,0.06246130876344884,0.7486718846145822,25,20,20
12,674,0.171967514472765,1.4165664068144821e-05,0.07625482196078257,0.7517634979023841,25,20,20
12,675,0.12597308237293847,6.221776281058964e-07,0.12079279875869356,0.7532334966907419,25,20,20
12,676,0.13825462367658475,0.000111198045763295,0.10733860172167851,0.7542955765559757,25,20,20
12,677,0.14995410996991645,0.00011061086998268387,0.09534256643218249,0.7545927127279196,25,20,20
12,678,0.16729092897007383,1.2014627850378491e-05,0.07390534478533371,0.758791711616741,25,20,20
12,679,0.17714656990539623,2.9815866935221764e-07,0.06352380880687107,0.7593293231290633,25,20,20
12,680,0.18753182749733852,0.0007792967455836685,0.057091589251689535,0.754597286505388,25,20,20
12,681,0.14760259096741704,0.0007848878383474886,0.09457600963889456,0.7570365115553429,25,20,20
12,682,0.16414488357209311,0.0007845536368085085,0.07560323932870457,0.759467323462393,25,20,20
12,683,0.15690064662691816,0.0007845539864386723,0.0903646664085419,0.7519501329781015,25,20,20
12,684,0.16045936987934165,0.0008633877498896705,0.07987172729370692,0.7588055150770616,25,20,20
12,685,0.1440634697241589,0.0007799770827819448,0.13604837746882387,0.7191081757242376,25,20,20
12,686,0.14904086064970173,0.0003263183327217884,0.1299392458345181,0.7206935751830618,25,20,20
12,687,0.1681030835304225,0.00032983687194909335,0.11651311683284316,0.7150539627647867,25,20,20
12,688,0.1381724363359041,1.5653149814321977e-08,0.15479432194215384,0.7070332260687922,25,20,20
12,689,0.1270630205765022,1.7388585264916276e-07,0.19609706204581548,0.6768397434918296,25,20,20
12,690,0.1860901862835161,4.434939701924783e-07,0.11067313354972316,0.7032362366727929,25,20,20
12,691,0.18309490673573703,0.0010860562759849542,0.11658680639952783,0.6992322305887503,25,20,20
12,692,0.15978040926273537,0.0010856733648338468,0.094037528530482,0.7450963888419482,25,20,20
12,693,0.15360186629782124,6.72916609405059e-08,0.08033450817582637,0.7660635582346912,25,20,20
12,694,0.16254855161985254,6.74264529524551e-08,0.059477556941010985,0.7779738240126823,25,20,20
12,695,0.18586886912798373,1.449582626526358e-09,0.02900779749259601,0.7851233319298374,25,20,20
12,696,0.1553215490049808,3.641626539443748e-09,0.05781225237869747,0.7868661949746948,25,20,20
12,697,0.1373676120441117,0.002913624775088759,0.07235746472896695,0.7873612984518317,25,20,20
12,698,0.1802218119682745,0.0015343205470420085,0.034903955693148137,0.7833399117915347,25,20,20
12,699,0.16589363628097703,0.0015343243305219814,0.03866396710844436,0.7939080722800561,25,20,20
12,700,0.1933639098488374,7.431997336912328e-09,0.062475084408431796,0.744160998310733,25,20,20
12,701,0.18506509743754898,2.603664397473292e-07,0.056163355352375106,0.7587712868436371,25,20,20
12,702,0.19124467531083955,1.1206816616806735e-09,0.06685210371784774,0.7419032198506313,25,20,20
12,703,0.21525261247941227,1.0122266228234387e-06,0.06873723862542426,0.7160091366685397,25,20,20
12,704,0.15577251070099593,2.3532613005626853e-07,0.1325144968069996,0.7117127571658777,25,20,20
12,705,0.18308400964461652,1.6512699668424215e-05,0.09777018107819808,0.7191292965775185,25,20,20
12,706,0.23350202886826107,4.638059355423815e-07,0.04735306046251769,0.7191444468632848,25,20,20
12,707,0.2187945861855135,2.4620141550709196e-07,0.06866716577793353,0.712538001835137,25,20,20
12,708,0.21827945911814425,1.7141961731256104e-06,0.06870331783560604,0.713015508850076,25,20,20
12,709,0.21574746261077238,2.902481376857098e-07,0.06491783025450248,0.7193344168865875,25,20,20
12,710,0.19001600831821272,1.5663403863149951e-06,0.09090986640091665,0.7190725589404857,25,20,20
12,711,0.15394914126851691,1.6085809446435041e-06,0.10277061274280726,0.7432786374077311,25,20,20
12,712,0.1340960454402422,2.2650783901205204e-06,0.10685943847321902,0.7590422510081484,25,20,20
12,713,0.0967668133868545,8.009455417396276e-05,0.14396579429037096,0.7591872977686013,25,20,20
12,714,0.0867120787174069,8.038781169000585e-05,0.16892125296151275,0.7442862805093895,25,20,20
12,715,0.08677910359070619,8.041680602242685e-05,0.15397511200983346,0.7591653675934422,25,20,20
12,716,0.08867967766648942,3.102151435630212e-09,0.15287561041750272,0.7584447088138573,25,20,20
12,717,0.0891171607969719,2.6310019225575146e-09,0.15283872928652134,0.7580441072855062,25,20,20
12,718,0.20061483131182126,4.566473356909388e-06,0.04130615026376385,0.7580744519510573,25,20,20
12,719,0.23324456296941812,4.577017390119262e-06,0.04553940478908431,0.7212114552241066,25,20,20
12,720,0.20800875045036324,4.8558787361409636e-06,0.05889846531144793,0.7330879283594514,25,20,20
12,721,0.20975765674303357,2.8832087943944e-07,0.03735368418172303,0.7528883707543639,25,20,20
12,722,0.22858453089225886,6.852228202160306e-07,0.01863069464430538,0.7527840892406144,25,20,20
12,723,0.22406634887606916,1.931884275600018e-08,0.07158441860385946,0.7043492132012275,25,20,20
12,724,0.21730117955537423,1.6210308235873543e-08,0.06497772570400356,0.7177210785303125,25,20,20
12,725,0.151729967575439,0.00032730469497424476,0.12945678085784085,0.7184859468717477,25,20,20
12,726,0.15636988141646319,0.000327718946924807,0.12044375375756798,0.7228586458790448,25,20,20
12,727,0.16298212372618648,3.885607873650788e-06,0.12418784664402926,0.7128261440219119,25,20,20
12,728,0.12179535370000381,2.519555486267173e-06,0.1714865428741363,0.7067155838703766,25,20,20
12,729,0.13709809023999933,2.749918965791827e-07,0.16577656714751882,0.6971250676205866,25,20,20
12,730,0.16845093143668277,2.7226494863341866e-08,0.11748585437338871,0.714063186963434,25,20,20
12,731,0.190353165869494,3.271193297951698e-08,0.09526832362000985,0.714378477798562,25,20,20
12,732,0.16472864946426863,1.2166076436222846e-06,0.12068879029406546,0.7145813436340233,25,20,20
12,733,0.19771920038388374,3.3722119696435e-07,0.08062433102755366,0.721656131367365,25,20,20
12,734,0.11502958730873118,2.8377585279505695e-07,0.16255785067000825,0.7224122782454074,25,20,20
12,735,0.1058452657206804,2.8302431340385883e-07,0.1866123001132616,0.7075421511417449,25,20,20
12,736,0.1454874501416733,7.018386725223465e-07,0.14330985650375466,0.7112019915159002,25,20,20
12,737,0.18996539694453854,1.4798080046852565e-05,0.11341081501380933,0.6966089899616054,25,20,20
12,738,0.14434622951039422,1.4995545980232387e-05,0.14360566718521336,0.7120331077584118,25,20,20
12,739,0.1714394183356159,1.4383356210328184e-05,0.12567277849697142,0.7028734198112029,25,20,20
12,740,0.1614646292347237,6.406970916778261e-08,0.0803279411271412,0.7582073655684276,25,20,20
12,741,0.12231811613712143,3.116389750578501e-07,0.12005726989496804,0.7576243023289382,25,20,20
12,742,0.11155924040342864,0.0004054991610432355,0.1307577899667447,0.7572774704687829,25,20,20
12,743,0.1473496381163392,0.00040109718629526713,0.10191446625645767,0.7503347984409081,25,20,20
12,744,0.15167746975158194,0.00040236988058258767,0.10115729102954583,0.7467628693382896,25,20,20
12,745,0.12036493802517295,0.000400657989918644,0.13122732570771192,0.7480070782772011,25,20,20
12,746,0.1210326429023754,0.0007668227457000423,0.12724066289385186,0.7509598714580733,25,20,20
12,747,0.12034230225418882,0.0007668224372662475,0.12980109905336987,0.7490897762551754,25,20,20
12,748,0.11957139198633085,6.841858734788518e-09,0.08132837090332867,0.799100230268481,25,20,20
12,749,0.12408632197714063,2.1734258841167564e-07,0.11365840695813706,0.7622550537221338,25,20,20
12,750,0.13667474329152543,5.989248759047925e-09,0.07438752600462123,0.7889377247146048,25,20,20
12,751,0.10244217114782855,3.48478388414872e-08,0.1052295726396887,0.7923282213646439,25,20,20
12,752,0.07455004269047844,0.0007525114406334813,0.1652580042481284,0.7594394416207563,25,20,20
12,753,0.08060609812635039,2.5710166288501596e-07,0.15544673149096447,0.7639469132810217,25,20,20
12,754,0.104650321094744,4.474792792742953e-09,0.06540383346423981,0.829945840966223,25,20,20
12,755,0.09018132068488302,0.0003411536816414127,0.08340558467086293,0.8260719409626139,25,20,20
12,756,0.1379212588686408,0.00020454494714090233,0.03670162968662065,0.8251725664975966,25,20,20
12,757,0.083972455285998,0.00020504240408580212,0.07802018807889091,0.837802314231024,25,20,20
12,758,0.102891678039775,0.00020454890882304463,0.07387729081147422,0.8230264822399276,25,20,20
12,759,0.11043548318528605,1.1950004873861107e-05,0.0637739492991431,0.8257786175106966,25,20,20
12,760,0.08214870745887577,5.457646294827022e-09,0.11423828766701054,0.8036129994164704,25,20,20
12,761,0.07967651138166339,1.97120450181087e-05,0.12807338126044412,0.7922303953128762,25,20,20
12,762,0.07988605448351037,2.643098124030365e-05,0.08190664726172837,0.8381808672735196,25,20,20
12,763,0.08133866672964317,2.8430075988281205e-10,0.019912954188394984,0.8987483787976597,25,20,20
12,764,0.07677000426672922,8.465148898864059e-11,0.01620624257363566,0.9070237530749823,25,20,20
12,765,0.07758278491914217,3.936725271768155e-11,0.014486330198004032,0.9079308848434857,25,20,20
12,766,0.043545696543406676,1.2998392117682394e-08,0.03199675685556143,0.9244575336026383,25,20,20
12,767,0.005264043673068613,1.3249139633963154e-06,0.057815490789828686,0.936919140623138,25,20,20
12,768,0.0016761376401916916,1.922570854503286e-07,0.05245114965509873,0.945872520447622,25,20,20
12,769,0.002536478268329582,7.767003875881279e-11,0.04448538049666826,0.9529781411573316,25,20,20
12,770,0.0016071717843698554,8.246732890742292e-10,0.04066986079820138,0.9577229665927532,25,20,20
12,771,0.0016108629314699238,2.587844104321964e-11,0.09026827866038302,0.9081208583822675,25,20,20
12,772,0.0016151205785729856,1.2258949729461364e-10,0.042126792361269656,0.956258086937565,25,20,20
12,773,0.0017836961730790535,1.7270573138587478e-11,0.04596620088235796,0.9522501029272896,25,20,20
12,774,0.0015827477819061228,1.382487771534233e-11,0.03965829935934104,0.9587589528449254,25,20,20
12,775,0.002150459167951578,1.3902376184088556e-05,0.07831332780392486,0.9195223106519385,25,20,20
12,776,0.0029070844501327534,4.127979464782655e-08,0.08863810091529004,0.9084547733547816,25,20,20
12,777,0.0027515933047065856,2.5011034169037814e-11,0.0463559971056577,0.9508924095646237,25,20,20
12,778,0.03491593832322298,9.54465474312297e-11,0.01322094174322188,0.9518631198381066,25,20,20
12,779,0.04270947236071651,1.379533387268869e-10,0.011693477114201285,0.945597050387128,25,20,20
12,780,0.042815513844467405,1.3424210690588019e-10,0.012185850557210571,0.9449986354640795,25,20,20
12,781,0.041225475372113775,5.666637866963498e-10,0.011839974914836801,0.9469345491463854,25,20,20
12,782,0.024689129605059094,6.789239942769183e-09,0.017974476502926127,0.9573363871027745,25,20,20
12,783,0.002029475020383533,6.844426125765466e-11,0.05936433930620652,0.938606185604964,25,20,20
12,784,0.0012656018848256467,3.6986676489598337e-11,0.06566001551579112,0.9330743825623944,25,20,20
12,785,0.0011531037342114093,3.2024203915573475e-11,0.05494284929228882,0.9439040469414753,25,20,20
12,786,0.0006804471490429348,4.044759357278741e-11,0.05252680472269025,0.9467927480878182,25,20,20
12,787,0.0011145709934554462,0.0003322503954690322,0.0476656621474991,0.9508875164635746,25,20,20
12,788,0.0021460888747322085,4.521320273659778e-11,0.04052284891382849,0.9573310621662248,25,20,20
12,789,0.0007139724970942596,1.6268759642624396e-09,0.04130178447676431,0.9579842413992649,25,20,20
12,790,0.0015140209219445353,1.6270714792355305e-09,0.04149482778876256,0.9569911496622187,25,20,20
12,791,0.0013841263732774591,1.583647227324119e-09,0.08192267722305548,0.9166931948200197,25,20,20
12,792,0.04169613816298541,0.0010920890433691918,0.04656430222566408,0.910647470567982,25,20,20
12,793,0.04170570055372158,3.7497566002322274e-11,0.04140889767125741,0.9168854017375229,25,20,20
12,794,0.04036708520053785,7.024848465541636e-10,0.04708923225396995,0.9125436818430067,25,20,20
12,795,0.04053863275407341,1.5211361131932457e-11,0.04154873152352335,0.9179126357071911,25,20,20
12,796,0.041019174774480666,3.064103068207335e-11,0.05435175496758407,0.9046290702272936,25,20,20
12,797,0.04160829875719387,4.6992395021711995e-11,0.054181447238815024,0.9042102539569978,25,20,20
12,798,0.0678175545793373,1.4806597331961003e-10,0.033669874504248735,0.8985125707683475,25,20,20
12,799,0.06734130125795909,5.102300148354597e-10,0.013864224222427385,0.9187944740093823,25,20,20
12,800,0.08074840188988203,5.400610845393006e-10,0.0007822852408123334,0.9184693123292432,25,20,20
12,801,0.07469907924693807,2.989509111567499e-10,0.012483854877345426,0.9128170655767643,25,20,20
12,802,0.0747520991386701,2.820801947495312e-10,0.006341551287508852,0.9189063492917395,25,20,20
12,803,0.039628983404394316,4.4752089572760695e-05,0.04722026683728256,0.9131059976687501,25,20,20
12,804,0.07569423443934925,2.6410396496019275e-08,0.012626400279119838,0.9116793388711336,25,20,20
12,805,0.015403036686835821,1.7915266929054856e-06,0.07224753806685116,0.9123476337196194,25,20,20
12,806,0.059629168250706306,8.887609203603876e-09,0.02851862881550087,0.9118521940461829,25,20,20
12,807,0.04829098871005343,8.648132559947099e-09,0.03357231131793569,0.9181366913238778,25,20,20
12,808,0.05321221215741764,8.838274277859843e-09,0.027514233142064973,0.9192735458622416,25,20,20
12,809,0.0626095099521719,6.418135157584341e-07,0.019294180342994162,0.9180956678913161,25,20,20
12,810,0.0816006020222913,8.705241426324452e-09,0.0017898431302130133,0.9166095461422543,25,20,20
12,811,0.06726127955577493,8.442243113262845e-09,0.02430625818984693,0.9084324538121342,25,20,20
12,812,0.06748184306369023,1.7218987148137668e-10,0.01272734744571994,0.9197908093183997,25,20,20
12,813,0.04342418048192196,1.7162840892044049e-09,0.04431573698535392,0.9122600808164387,25,20,20
12,814,0.04068836816645402,8.250098345174927e-10,0.0409765970116725,0.9183350339968626,25,20,20
12,815,0.03860542775587335,1.4889272665530063e-07,0.04349550914350744,0.9178989142078919,25,20,20
12,816,0.061311532309734094,1.481308905468141e-07,0.02677612290733137,0.911912196652043,25,20,20
12,817,0.04063084318656116,1.6935167511936955e-07,0.04118424430995464,0.918184743151808,25,20,20
12,818,0.046226112754650946,0.00010236671532593147,0.041219532291850026,0.9124519882381723,25,20,20
12,819,0.04055831106654779,2.7832308186771964e-07,0.05259469014782564,0.9068467204625443,25,20,20
12,820,0.002286804589422446,8.910898013807643e-10,0.09636060226763207,0.9013525922518549,25,20,20
12,821,0.041143172549450144,2.0459389210789337e-08,0.0763186313993269,0.8825381755918319,25,20,20
12,822,0.04263358432651304,6.767568713659881e-08,0.07992224325132657,0.8774441047464734,25,20,20
12,823,0.042204543963668885,6.632372492747205e-08,0.07960649004881405,0.8781888996637912,25,20,20
12,824,0.04253322295365161,1.7302997682942536e-09,0.08038892897747202,0.8770778463385773,25,20,20
12,825,0.03497288275761778,6.3032362388663685e-09,0.09728647492958027,0.8677406360095652,25,20,20
12,826,0.04693269567619247,4.635674883990308e-09,0.07484601469153057,0.8782212849966008,25,20,20
12,827,0.07594555033591043,0.000811361356433478,0.04481994936126763,0.8784231389463878,25,20,20
12,828,0.07596550138200955,0.0008113613541122876,0.055233428300658825,0.8679897089632198,25,20,20
12,829,0.08236096581029435,0.0007175781508542865,0.038614413646398414,0.8783070423924522,25,20,20
12,830,0.0543690758319838,8.64955540667493e-05,0.0740598593964479,0.8714845692175004,25,20,20
12,831,0.05434372884004269,8.649559506928831e-05,0.07443820397275852,0.8711315715921295,25,20,20
12,832,0.06863163529511765,8.64904157472197e-05,0.06062462721419091,0.870657247074944,25,20,20
12,833,0.0751529622768984,1.7906320973910172e-09,0.04718061513835412,0.8776664207941138,25,20,20
12,834,0.08158472267701398,2.727436503353686e-08,0.04005330876289622,0.878361941285724,25,20,20
12,835,0.08124983130540475,4.2017083688662186e-10,0.037544947278022135,0.8812052209964015,25,20,20
12,836,0.06972133027808552,4.395668201496586e-09,0.04840673581004701,0.881871929516198,25,20,20
12,837,0.027942304420431222,0.03995435898442234,0.05549363869519846,0.8766096978999472,25,20,20
12,838,0.06425514770081618,0.03821119140826263,0.03842649044229359,0.8591071704486274,25,20,20
12,839,0.07865890391338516,0.038255712336005866,0.005484319500150313,0.8776010642504585,25,20,20
12,840,0.0777614094655243,0.03993444569907855,0.011145038697108943,0.8711591061382881,25,20,20
12,841,0.0764456431142059,0.038254217572475595,0.02485866926981636,0.8604414700435008,25,20,20
12,842,0.07730073145928185,0.03994544113745374,0.00905221004288315,0.8737016173603803,25,20,20
12,843,0.07822994282116955,0.014688072982258328,0.030705380667306204,0.8763766035292648,25,20,20
12,844,0.0765285794222576,0.03995506712744957,0.00487903218355511,0.8786373212667361,25,20,20
12,845,0.07632547740749124,0.03995506740690137,0.017098092888218706,0.8666213622973881,25,20,20
12,846,0.06797688208627246,0.039974762533952664,0.013123002372127318,0.878925353007647,25,20,20
12,847,0.07689039749121912,0.021173596644043544,0.02387471605292428,0.8780612898118112,25,20,20
12,848,0.07539975743802692,0.02117359599262725,0.043948489151979936,0.8594781574173647,25,20,20
12,849,0.03741006981625153,0.03825967393105748,0.04649396446738676,0.8778362917853043,25,20,20
12,850,0.003577751042253925,0.03825955763691143,0.10972006454430643,0.8484426267765294,25,20,20
12,851,0.0038145562726068253,0.038259557669214836,0.120258923598147,0.8376669624600318,25,20,20
12,852,0.024692342038154035,0.0393544405083432,0.09820652910809884,0.8377466883454029,25,20,20
12,853,0.05369898640038356,0.036900409730777704,0.07231159681332909,0.8370890070555085,25,20,20
12,854,0.027805036422161002,0.0399480708928929,0.09972829759412846,0.8325185950908169,25,20,20
12,855,0.08421152343844299,0.03994823505144143,0.051449570280853674,0.8243906712292619,25,20,20
12,856,0.07766077278278584,0.03994823968753153,0.057536945081665014,0.8248540424480184,25,20,20
12,857,0.10853466688981085,0.038717965408812956,0.014786620931886789,0.8379607467694881,25,20,20
12,858,0.11654293602796809,0.038717968285180746,0.04064337186231936,0.8040957238245313,25,20,20
12,859,0.120083034098462,0.039970802556910955,0.035972343666662396,0.8039738196779634,25,20,20
12,860,0.12090653005083443,0.03997130137129751,0.03253236484714147,0.8065898037307255,25,20,20
12,861,0.08424975856345807,0.03997130208040325,0.07382668959805336,0.8019522497580849,25,20,20
12,862,0.0308403058233234,0.03999128393222014,0.09297588196662009,0.8361925282778369,25,20,20
12,863,0.09206240786592555,0.03999008254445798,0.05014203338121567,0.8178054762083999,25,20,20
12,864,0.10532978666635077,0.039944898291652285,0.022007321852169234,0.832717993189827,25,20,20
12,865,0.07491394171700515,0.03996439481678179,0.10428152716174384,0.7808401363044708,25,20,20
12,866,0.07009444439510866,0.03950320346994962,0.08754947764603256,0.8028528744889075,25,20,20
12,867,0.030255126819454144,0.039917592953025716,0.13389944108688107,0.7959278391406395,25,20,20
12,868,0.04301042548750206,0.03991758547410236,0.12517584682387617,0.7918961422145198,25,20,20
12,869,0.04433265397638018,0.039917663147349784,0.13979120196107617,0.7759584809151989,25,20,20
12,870,0.04178406887278333,0.03996287276733163,0.12751691980665167,0.790736138553236,25,20,20
12,871,0.05419540985584601,0.03996285652533055,0.10930883656304896,0.7965328970557769,25,20,20
12,872,0.0594179786087208,0.040370923781098925,0.10370353919534903,0.796507558414833,25,20,20
12,873,0.052431079862740884,0.03907337610393742,0.09545181548660675,0.8130437285467143,25,20,20
12,874,0.04108867643453602,0.038693886347612866,0.09520908539514589,0.8250083518227048,25,20,20
12,875,0.04114872785055256,0.03869234313019206,0.08184607437159709,0.8383128546476588,25,20,20
12,876,0.003183130762117975,0.03996282328876879,0.1302237219356855,0.8266303240134322,25,20,20
12,877,0.002021649220173438,0.06058395524109732,0.11094962746879293,0.826444768069939,25,20,20
12,878,0.04120836910686312,0.07987797296108831,0.051894085740637405,0.82701957219141,25,20,20
12,879,0.029268685029787807,0.07987006817496277,0.10284428769928972,0.7880169590959614,25,20,20
12,880,0.004888906648423553,0.0798703039536349,0.11704746054582622,0.7981933288521161,25,20,20
12,881,0.04029650395725552,0.06445523330802654,0.0718265767526129,0.8234216859821045,25,20,20
12,882,0.023100581264011755,0.07870522013324967,0.0505382820948031,0.8476559165079364,25,20,20
12,883,0.02760964611257918,0.07820901732317835,0.06752151169742664,0.8266598248668175,25,20,20
12,884,0.044254871454490745,0.07648796467033823,0.04884770821980691,0.8304094556553632,25,20,20
12,885,0.04363964983158473,0.07648796390985706,0.04170369922733458,0.8381686870312233,25,20,20
12,886,0.0804575455381145,0.07818996715734998,0.059317151987238755,0.7820353353172956,25,20,20
12,887,0.047751094941842556,0.07818778278541605,0.11065164014418365,0.7634094821285591,25,20,20
12,888,0.02503713606866542,0.07759601591523642,0.13822615639395994,0.759140691622138,25,20,20
12,889,0.05957668627493396,0.0775684224983234,0.10598817821137993,0.7568667130153618,25,20,20
12,890,0.09770389288376201,0.07759906762183905,0.07847276930870456,0.7462242701856943,25,20,20
12,891,0.12165464516198085,0.012342033328169258,0.15970857849172476,0.7062947430181279,25,20,20
12,892,0.15498613878448914,0.011211935275384732,0.11485219406467394,0.7189497318754526,25,20,20
12,893,0.1136166762083457,0.039970723419762405,0.1085156535509139,0.7378969468209795,25,20,20
12,894,0.11661793580818962,0.03823087858552198,0.09825977008923795,0.7468914155170513,25,20,20
12,895,0.11744262424145123,0.03993980264152114,0.13612456537778625,0.7064930077392423,25,20,20
12,896,0.15388531589229487,0.03994061615085569,0.10163060442715129,0.7045434635297001,25,20,20
12,897,0.11616096302618287,0.039512935377125406,0.12653356094089024,0.7177925406558028,25,20,20
12,898,0.09899560709396224,0.03951427502232069,0.1430121720234211,0.7184779458602958,25,20,20
12,899,0.10031555029112099,0.04074967915048441,0.15432618909212714,0.7046085814662669,25,20,20
12,900,0.0973084811317469,0.04075594702104972,0.1470956279687713,0.7148399438784319,25,20,20
12,901,0.1228296905193838,0.04075558846702396,0.12107624850827783,0.7153384725053157,25,20,20
12,902,0.05772808199233666,0.0381990166588428,0.16744964287563968,0.736623258473182,25,20,20
12,903,0.06364935589044746,0.02451553170205003,0.15343277743158074,0.7584023349759231,25,20,20
12,904,0.06333098900342239,0.0141385324052575,0.24023508577414823,0.6822953928171703,25,20,20
12,905,0.04816168091400865,0.021235266912879854,0.1951184751837951,0.7354845769893166,25,20,20
12,906,0.05136394627383041,0.0002863402686252799,0.20009479555875473,0.7482549178987918,25,20,20
12,907,0.04865053078179537,0.0002863408149622346,0.23796506935800807,0.7130980590452347,25,20,20
12,908,0.08553351070080105,0.0002724659885496384,0.16142306852599347,0.7527709547846564,25,20,20
12,909,0.05364192346658041,0.0002451497638601664,0.18660944932977575,0.7595034774397795,25,20,20
12,910,0.0381322469912204,0.00024496192443321837,0.20334448473955472,0.7582783063447904,25,20,20
12,911,0.12051317020988989,1.4662068777408564e-06,0.12000775210307475,0.7594776114801596,25,20,20
12,912,0.15328332540318537,1.463842855289926e-06,0.12451677513508445,0.7221984356188754,25,20,20
12,913,0.10562525436294712,1.5040501713715744e-06,0.174928059290246,0.7194451822966377,25,20,20
12,914,0.13308075424796467,5.710496379790423e-08,0.14779372370824512,0.7191254649388267,25,20,20
12,915,0.14038725476531816,1.9871674741111038e-07,0.14071027580707313,0.7189022707108623,25,20,20
12,916,0.1564903861825773,3.531418865639552e-07,0.09138761128414563,0.7521216493913908,25,20,20
12,917,0.18352756213308105,0.0010780333273285629,0.06304074830590133,0.7523536562336886,25,20,20
12,918,0.1739870783553425,0.0010782117099038006,0.06657475050604102,0.7583599594287118,25,20,20
12,919,0.12252367631185493,6.433284414147209e-08,0.08755987007693287,0.7899163892783703,25,20,20
12,920,0.138522490459943,3.297207259278784e-08,0.06289581724598996,0.7985816593219943,25,20,20
12,921,0.14626410930198772,2.756613811472068e-07,0.05481786202435786,0.7989177530122724,25,20,20
12,922,0.15067574650277943,7.371823207891425e-06,0.05102472086660678,0.7982921608074052,25,20,20
12,923,0.15933217531925079,1.1875167218635e-05,0.04866765546446793,0.791988294049062,25,20,20
12,924,0.10505470610112544,1.6853411413606484e-07,0.10266638395758447,0.7922787414071776,25,20,20
12,925,0.14817658570036302,2.5162871663046628e-08,0.052873688747631806,0.7989497003891322,25,20,20
12,926,0.14820976505715713,2.7433621648158903e-08,0.05361514149395769,0.7981750660152634,25,20,20
12,927,0.15387931404766989,2.4477632580111628e-08,0.047880825465426755,0.7982398360092698,25,20,20
12,928,0.12220744862257432,2.4539152784012592e-08,0.0800214420695483,0.7977710847687233,25,20,20
12,929,0.10460014136610268,2.581820942409539e-08,0.09673126306496287,0.7986685697507252,25,20,20
12,930,0.12085007333082977,9.930555297873554e-09,0.08059299655791556,0.7985569201807031,25,20,20
12,931,0.17738322154799185,9.573983591140826e-07,0.024553438986199137,0.7980623820674504,25,20,20
12,932,0.12313363624888478,2.5805660743827317e-10,0.07908982720357298,0.7977765362894864,25,20,20
12,933,0.15628632678370516,4.986453100761945e-09,0.04537171649794438,0.7983419517318978,25,20,20
12,934,0.16755371898511526,4.277784973649556e-09,0.0737463894484529,0.7586998872886466,25,20,20
12,935,0.18424437794318796,2.06588418396843e-08,0.05698288102223097,0.7587727203757387,25,20,20
12,936,0.21554050463941227,2.066593221544178e-08,0.025046833633846872,0.7594126410608086,25,20,20
12,937,0.16961481842224188,2.624765351143467e-06,0.07160567561074573,0.758776881201661,25,20,20
12,938,0.1282301124084147,0.03873568538300643,0.07540205394186676,0.7576321482667118,25,20,20
12,939,0.11466681810261331,0.0399445325583077,0.08753714771081117,0.7578515016282682,25,20,20
12,940,0.1229896409616448,0.039535340634306484,0.07968433613597681,0.7577906822680711,25,20,20
12,941,0.12290337187088837,0.039946145368731714,0.07884289668769037,0.7583075860726888,25,20,20
12,942,0.11581658194129676,0.03994531346760545,0.08656654462197434,0.757671559969123,25,20,20
12,943,0.11953051026023033,0.03991643449676627,0.08284318580988849,0.7577098694331138,25,20,20
12,944,0.12881049883287202,0.0212539760219667,0.0919216878498466,0.7580138372953157,25,20,20
12,945,0.12332270339739827,0.039917794957212586,0.08368129317073535,0.7530782084746532,25,20,20
12,946,0.11795700137880136,0.03991744201270805,0.08775488078686366,0.7543706758216285,25,20,20
12,947,0.10768006504531324,0.03991743955384125,0.0985331445860475,0.753869350814799,25,20,20
12,948,0.10416994804917629,0.03821714402414501,0.09982097656598522,0.7577919313606956,25,20,20
12,949,0.13811347525013748,0.03994051051096326,0.06957417826118752,0.7523718359777114,25,20,20
12,950,0.158569883322747,0.03993888716474057,0.03708352992933076,0.7644076995831806,25,20,20
12,951,0.121097144308371,0.03993888657388675,0.06620566318047326,0.7727583059372688,25,20,20
12,952,0.05660481487804618,0.039968263215560726,0.1599564945741773,0.7434704273322207,25,20,20
12,953,0.10401186875132934,0.03996306735935418,0.05763186901158557,0.7983931948777305,25,20,20
12,954,0.14382504715898986,0.014166204888595666,0.08419790149891146,0.7578108464535042,25,20,20
12,955,0.10779888746181727,0.03997060215614818,0.1262161086046976,0.7260144017773397,25,20,20
12,956,0.08998781556625757,0.039954526375697345,0.112049634801234,0.7580080232568115,25,20,20
12,957,0.16975474806169974,0.01416344952592835,0.0637417325272818,0.7523400698850891,25,20,20
12,958,0.18884552022760875,0.014164625974018151,0.040156316040306644,0.7568335377580656,25,20,20
12,959,0.12003165564679019,0.014167358640312022,0.10708650640546714,0.7587144793074327,25,20,20
12,960,0.15991926855994626,0.01416462784159811,0.06735956626368665,0.7585565373347686,25,20,20
12,961,0.14899250372282283,0.01418859339782851,0.07811396798003356,0.7587049348993142,25,20,20
12,962,0.13795876083752914,0.011171423187837657,0.09346555638473926,0.7574042595898942,25,20,20
12,963,0.1649638340777014,0.00038237127586249794,0.07583846233594689,0.7588153323104895,25,20,20
12,964,0.11883936595519018,0.0003823732795099503,0.12993646108643347,0.7508417996788651,25,20,20
12,965,0.13391775024367397,3.0186411895714656e-08,0.10976271400268295,0.7563195055672322,25,20,20
12,966,0.11671271821747871,1.0779093987685197e-08,0.12469703010670283,0.758590240896725,25,20,20
12,967,0.1279025594341633,1.474019138246464e-07,0.11341078008493705,0.7586865130789856,25,20,20
12,968,0.13521509970078227,1.9966410023605554e-05,0.10561604354100643,0.7591488903481882,25,20,20
12,969,0.14887140132947316,2.0161646811168166e-05,0.09209952585458887,0.7590089111691269,25,20,20
12,970,0.1721198890325349,0.0008676841667499773,0.08932991751668239,0.7376825092840328,25,20,20
12,971,0.19443881422056422,0.0005155722721219725,0.047394426512139834,0.7576511869951738,25,20,20
12,972,0.13721002418526976,7.678783954059949e-07,0.12499802969707416,0.7377911782392625,25,20,20
12,973,0.13697405962098708,7.534789288430306e-07,0.12527559081003609,0.73774959609005,25,20,20
12,974,0.15886373689792965,0.011224503515990789,0.0721634300795054,0.757748329506574,25,20,20
12,975,0.15804931937269898,0.011224499825895795,0.0720602170667774,0.7586659637346274,25,20,20
12,976,0.09903642558892288,0.011224528271633817,0.1316163279124146,0.7581227182270298,25,20,20
12,977,0.11545483589188789,0.04000341371876209,0.11661857046130725,0.7279231799280439,25,20,20
12,978,0.12184655815396804,0.039940732569254525,0.11959006278569284,0.7186226464910852,25,20,20
12,979,0.16249580585800966,0.03995314993919848,0.12013675050708322,0.6774142936957085,25,20,20
12,980,0.19991316203938875,0.03995322137873985,0.1068746391410574,0.6532589774408134,25,20,20
12,981,0.17400819482893615,0.04080073272322152,0.14651811196193892,0.6386729604859055,25,20,20
12,982,0.22069258176661222,0.03995358979442859,0.11600772789667659,0.6233461005422817,25,20,20
12,983,0.1962083258377646,0.03994538463307675,0.14693515032637053,0.6169111392027883,25,20,20
12,984,0.2319365576221164,0.039943948671295776,0.08629018544585515,0.6418293082607331,25,20,20
12,985,0.176087066845012,0.03873134117748077,0.16513743490017815,0.620044157077332,25,20,20
12,986,0.16933110324780806,0.03997596597372168,0.14176329114258512,0.6489296396358868,25,20,20
12,987,0.20397410972932828,0.0409654675761665,0.09817223867199808,0.656888184022508,25,20,20
12,988,0.2303506895724615,0.03992360768388587,0.06756307654703295,0.6621626261966204,25,20,20
12,989,0.2032060803378247,0.03875022966235395,0.08489578562702368,0.6731479043727973,25,20,20
12,990,0.1798255903756581,0.0008041682564807141,0.1402610865160644,0.6791091548518002,25,20,20
12,991,0.21276860872752404,0.012393590280781661,0.1355722161649872,0.6392655848267116,25,20,20
12,992,0.13493269656365434,0.03981015944987797,0.19110586051033254,0.6341512834761353,25,20,20
12,993,0.16614276077890694,0.06324065423034718,0.1516863880691235,0.618930196921626,25,20,20
12,994,0.14743592983643528,0.06279762022703157,0.15649578809751583,0.6332706618390196,25,20,20
12,995,0.12145049217404741,0.06280398191275821,0.19656342323818837,0.6191821026750062,25,20,20
12,996,0.1169982870431499,0.05242893167403058,0.2156380093325739,0.6149347719502467,25,20,20
12,997,0.11593081956771009,0.07693175758437419,0.1741008812379215,0.6330365416099939,25,20,20
12,998,0.12083102453986067,0.07866202643963079,0.15211586954116807,0.6483910794793404,25,20,20
12,999,0.12495347250910648,0.051155274016956485,0.15181849405803532,0.6720727594159022,25,20,20
12,1000,0.15989116346947563,0.052358572450996406,0.0983431914839571,0.6894070725955737,25,20,20
12,1001,0.09459508573267153,0.0782478917549179,0.13431445234750125,0.6928425701649091,25,20,20
12,1002,0.07141645892399602,0.07816452556415769,0.18034411925766772,0.6700748962541756,25,20,20
12,1003,0.0645698317098007,0.07986683010128713,0.18664528916251416,0.6689180490263981,25,20,20
12,1004,0.07802156544829235,0.0799052396978277,0.161401424713299,0.6806717701405816,25,20,20
12,1005,0.17181205467073007,0.05410337563132983,0.11652369351070867,0.6575608761872346,25,20,20
12,1006,0.2274863850684316,0.01752544843724461,0.09880357501133158,0.6561845914829927,25,20,20
12,1007,0.2793788159633292,0.038259556385341204,0.0527332892307238,0.6296283384206066,25,20,20
12,1008,0.25236006465176497,0.040594846311103154,0.07835266592131747,0.628692423115814,25,20,20
12,1009,0.2507505418672446,0.040565160697583084,0.07949074601563741,0.6291935514195346,25,20,20
12,1010,0.23687839626848212,0.04000595338686355,0.0795381084087738,0.6435775419358818,25,20,20
12,1011,0.21942889118369643,0.039365391793701,0.10172456126607303,0.639481155756531,25,20,20
12,1012,0.19683911364321566,0.038733994170071485,0.12887772239436665,0.6355491697923478,25,20,20
12,1013,0.2023191722187308,0.03873385202220585,0.1079655327869136,0.6509814429721493,25,20,20
12,1014,0.18100789597015826,0.03980194949383346,0.14021246256564504,0.6389776919703675,25,20,20
12,1015,0.1931384842493293,0.0398062877723828,0.12830026352689491,0.6387549644513965,25,20,20
12,1016,0.2044046340943713,0.04177157654915781,0.1286328065352123,0.6251909828212606,25,20,20
12,1017,0.24188860421771094,0.039932348552639364,0.09032879053713964,0.6278502566925113,25,20,20
12,1018,0.21967543375551465,0.024547018383965318,0.11634840905583686,0.6394291388046891,25,20,20
12,1019,0.20993568786017505,0.039178099446146086,0.11792409546822862,0.6329621172254524,25,20,20
12,1020,0.23742628305602367,0.03999487553421853,0.09576807039368593,0.6268107710160743,25,20,20
12,1021,0.2379628326424988,0.03997562238183205,0.08031049715912586,0.6417510478165431,25,20,20
12,1022,0.1604962876155999,0.040048051134929256,0.1555235277109128,0.6439321335385598,25,20,20
12,1023,0.11668703933986191,0.040082363827077666,0.12225058278526317,0.7209800140477988,25,20,20
12,1024,0.17959954986913065,0.03997593136442967,0.05607547497098629,0.7243490437954531,25,20,20
12,1025,0.14433849582988104,0.03997575071121013,0.0950658386261684,0.7206199148327425,25,20,20
12,1026,0.16287201892563122,0.039975715477310346,0.12677710984971596,0.6703751557473424,25,20,20
12,1027,0.11414614329089638,0.03997921777999527,0.16499004423651709,0.6808845946925919,25,20,20
12,1028,0.11126412197414036,3.0340835867620183e-05,0.2144858554861743,0.6742196817038163,25,20,20
12,1029,0.11840385150308361,7.431590697457675e-05,0.20266224811707492,0.6788595844728654,25,20,20
12,1030,0.14251650569408753,2.819277516667574e-07,0.1770820071871703,0.6804012051909909,25,20,20
12,1031,0.1382810763678546,3.6949347684379954e-08,0.1810507680540024,0.6806681186287987,25,20,20
12,1032,0.1090504835212395,2.9111612848667603e-06,0.20378769279879638,0.6871589125186784,25,20,20
12,1033,0.10656371353657472,3.0659438584669564e-06,0.20973333898314273,0.6836998815364254,25,20,20
12,1034,0.11993992338632274,3.0935212404743796e-06,0.2192803370897791,0.6607766460026607,25,20,20
12,1035,0.2101289556227376,3.19941498734372e-06,0.1244418111703105,0.6654260337919652,25,20,20
12,1036,0.19206145202441047,4.1764593311781485e-06,0.12930243783509832,0.6786319336811601,25,20,20
12,1037,0.16776833899883595,0.01359031920159509,0.13906674752953754,0.6795745942700328,25,20,20
12,1038,0.16626188779073875,0.01358727050386762,0.1408504589337711,0.6793003827716266,25,20,20
12,1039,0.1298336132795257,0.013587370147575323,0.17280466781806628,0.6837743487548329,25,20,20
12,1040,0.1104859542634039,0.013588950016287106,0.20906145264633108,0.6668636430739798,25,20,20
12,1041,0.10903273256746683,0.039963570589306344,0.18119147729350613,0.6698122195497228,25,20,20
12,1042,0.16006161600518037,0.03998201836588741,0.1713433057477376,0.6286130598811972,25,20,20
12,1043,0.20047157251154643,0.040102548254560805,0.1315003632813017,0.6279255159525929,25,20,20
12,1044,0.19409425780687126,0.0402669290319111,0.13112001781788987,0.6345187953433328,25,20,20
12,1045,0.1162374671380218,0.0406466032051793,0.19995430267097664,0.6431616269858215,25,20,20
12,1046,0.14093545938935148,0.039802999427057825,0.09909907466629062,0.7201624665173039,25,20,20
12,1047,0.17919002745819604,0.03934735482815756,0.059958245406139914,0.7215043723075063,25,20,20
12,1048,0.18515023092226585,0.038259387809343105,0.07437326443684635,0.7022171168315445,25,20,20
12,1049,0.2050354854127616,0.03826093142837831,0.1008814767448796,0.6558221064139821,25,20,20
12,1050,0.21226108021053594,0.03995578149849573,0.11221968590580535,0.635563452385164,25,20,20
12,1051,0.23090002063645126,0.03995561906536367,0.08914583784400121,0.6399985224541856,25,20,20
12,1052,0.18079778005395952,0.040735563291592086,0.15027717261494103,0.6281894840395091,25,20,20
12,1053,0.19938380941749284,0.01021406830185235,0.16253902343821333,0.6278630988424418,25,20,20
12,1054,0.26692526601822175,0.03995409326866806,0.05510602541314072,0.6380146152999696,25,20,20
12,1055,0.2131311346011004,0.039954303779433646,0.11740587244674301,0.6295086891727252,25,20,20
12,1056,0.217113023216184,0.040032215026431325,0.11172896113082985,0.6311258006265562,25,20,20
12,1057,0.2135119439196492,0.03995409290858753,0.10721576309438668,0.6393182000773792,25,20,20
12,1058,0.23974172664651788,0.03995433815098641,0.08111129688525917,0.6391926383172377,25,20,20
12,1059,0.200587298801096,0.039976445636718025,0.12002508390888059,0.6394111716533075,25,20,20
12,1060,0.15483181595294787,4.1545612150723737e-07,0.20624083488456507,0.6389269337063624,25,20,20
12,1061,0.16179248870490764,2.0208205335245687e-05,0.20719125044104195,0.6309960526487157,25,20,20
12,1062,0.10271423044809107,0.0010535969313109662,0.2653004114133444,0.6309317612072561,25,20,20
12,1063,0.15836884307318028,0.0005662070122356398,0.20825034358184114,0.6328146063327444,25,20,20
12,1064,0.05031435041849517,0.0005764499222646624,0.2841917144673294,0.6649174851919117,25,20,20
12,1065,0.04589495201553755,0.03946359063192138,0.2316567322925949,0.682984725059946,25,20,20
12,1066,0.04292670114293533,0.04053601519101352,0.23810659772170267,0.6784306859443475,25,20,20
12,1067,0.04875340219989163,0.04030528453396354,0.22460404917906332,0.6863372640870863,25,20,20
12,1068,0.14423592659147536,0.04033816583165004,0.13743351219245195,0.6779923953844244,25,20,20
12,1069,0.12637066214550763,0.051935907123196394,0.14309504420663288,0.6785983865246662,25,20,20
12,1070,0.12603462262003462,0.08005640681699805,0.13519376141573528,0.6587152091472332,25,20,20
12,1071,0.085884821588885,0.0762056965833604,0.17064916719665213,0.6672603146311046,25,20,20
12,1072,0.10487512122681122,0.07605073466120078,0.15427721991126755,0.6647969242007212,25,20,20
12,1073,0.11376170244756534,0.07823549795276367,0.12990301007359345,0.6780997895260792,25,20,20
12,1074,0.1282672803125348,0.07990711573287114,0.10985726953629976,0.6819683344182974,25,20,20
12,1075,0.13250889709520713,0.07867776940271437,0.1098950141869196,0.6789183193151601,25,20,20
12,1076,0.14732254337659528,0.054396923986146,0.14047222720223657,0.6578083054350252,25,20,20
12,1077,0.1762262458814332,0.05362411005521662,0.092450307820564,0.6776993362427877,25,20,20
12,1078,0.17170032726035017,0.07991249566542076,0.06984962153886666,0.6785375555353629,25,20,20
12,1079,0.17094692278624213,0.0640407958572808,0.08653670186398515,0.6784755794924935,25,20,20
12,1080,0.1904108268528869,0.07824116631407729,0.05238359270889501,0.6789644141241413,25,20,20
12,1081,0.16545545789686655,0.07866790147486656,0.07734743685151409,0.6785292037767551,25,20,20
12,1082,0.1408575762151758,0.07868026623841455,0.10268788188325777,0.6777742756631538,25,20,20
12,1083,0.10956533866240445,0.0782081952039573,0.13410592336675062,0.6781205427668884,25,20,20
12,1084,0.07921093699440342,0.07994937047712028,0.2089133551143028,0.6319263374141761,25,20,20
12,1085,0.08006533104262967,0.07943984048793051,0.19350194830797485,0.6469928801614667,25,20,20
12,1086,0.09993430410882347,0.03952339181320574,0.2212959654812355,0.6392463385967357,25,20,20
12,1087,0.19326392126345612,0.022081514703658454,0.1436474218060532,0.6410071422268341,25,20,20
12,1088,0.19785257285229796,0.03825912874834522,0.125124743878186,0.6387635545211735,25,20,20
12,1089,0.1676669646177858,0.03997255029941948,0.15467522027012312,0.6376852648126726,25,20,20
12,1090,0.2107385825459132,0.041356416598074534,0.11044959296520558,0.6374554078908086,25,20,20
12,1091,0.19185685489971224,1.2103826194468e-05,0.17124114104606264,0.6368899002280313,25,20,20
12,1092,0.23932091829392868,4.5446676277785786e-07,0.08202820874287584,0.6786504184964349,25,20,20
12,1093,0.25347340432764487,1.0088204321912814e-05,0.09025017709556957,0.6562663303724642,25,20,20
12,1094,0.20204795322280628,0.0003531196673825915,0.1404458247419525,0.6571531023678632,25,20,20
12,1095,0.21605254072702576,0.00035415005898295943,0.10489821634695519,0.6786950928670368,25,20,20
12,1096,0.17430913356764513,0.00037060710733346727,0.17009463937909977,0.6552256199459231,25,20,20
12,1097,0.16175479186866273,1.5826420083096337e-05,0.18831791162718478,0.6499114700840707,25,20,20
12,1098,0.15357401226371645,6.025818515086244e-05,0.20757804481216183,0.6387876847389717,25,20,20
12,1099,0.13820709129134381,6.006257553508117e-05,0.19759789438182157,0.6641349517513002,25,20,20
12,1100,0.11893639558401978,5.9717653046644055e-05,0.20545898484912645,0.6755449019138117,25,20,20
12,1101,0.08295257681921711,2.7628360078657857e-06,0.25155772696274725,0.6654869333820305,25,20,20
12,1102,0.13904365693288423,0.0005127032539421007,0.18149262942818342,0.6789510103849942,25,20,20
12,1103,0.1304250331931448,1.6565154161493266e-06,0.19190161091863808,0.677671699372803,25,20,20
12,1104,0.13300208876630967,3.6472539404467176e-07,0.1950372930371671,0.6719602534711305,25,20,20
12,1105,0.21628267210277183,9.496464817445735e-08,0.1048443371234853,0.6788728958090954,25,20,20
12,1106,0.21430547720847226,2.1492790535244315e-05,0.10494533053545331,0.6807276994655409,25,20,20
12,1107,0.1993916438045531,6.638181256519984e-07,0.12672352043901783,0.673884171938306,25,20,20
12,1108,0.2221544671520349,7.428048747391675e-07,0.09878916830856616,0.6790556217345248,25,20,20
12,1109,0.2090417490373826,6.376343414534273e-07,0.11223949425540398,0.6787181190728723,25,20,20
12,1110,0.21324024418397827,7.570957897026454e-07,0.10814618780107584,0.6786128109191565,25,20,20
12,1111,0.18740026843685853,3.953842144723762e-05,0.1391381761611437,0.6734220169805529,25,20,20
12,1112,0.18930604050080782,0.00037936885547436647,0.09662971308111627,0.7136848775626022,25,20,20
12,1113,0.10753591271793113,2.7375627348070852e-05,0.17358409308254136,0.7188526185721801,25,20,20
12,1114,0.1550086013031081,2.464155541608252e-05,0.12693010660939022,0.7180366505320879,25,20,20
12,1115,0.15913720953661434,8.420591585565321e-07,0.12274855868987958,0.7181133897143497,25,20,20
12,1116,0.20120506227158338,6.872920427074415e-09,0.08008282383710609,0.7187121070183909,25,20,20
12,1117,0.2076490060121227,6.237483842889178e-09,0.07385341884994424,0.7184975689004492,25,20,20
12,1118,0.21969297955683523,7.87133432615878e-09,0.06820943509782032,0.7120975774740095,25,20,20
12,1119,0.2310570015052613,1.4084094653780419e-08,0.05007529099702034,0.7188676934136238,25,20,20
12,1120,0.23150230157674762,0.0012629037439111004,0.04895594408427151,0.7182788505950706,25,20,20
12,1121,0.1999286035869147,0.0012769452079642413,0.0817852409901948,0.7170092102149277,25,20,20
12,1122,0.19965132520912757,0.0012631667073838074,0.11870059242111701,0.6803849156623721,25,20,20
12,1123,0.1596787325792528,0.013087457062103503,0.14756835291576287,0.6796654574428826,25,20,20
12,1124,0.1466759949707743,0.014182256069661106,0.15664015773271428,0.6825015912268521,25,20,20
12,1125,0.12206070088107468,0.04009243271595165,0.14647380446022892,0.6913730619427477,25,20,20
12,1126,0.11664492560985323,0.040009935274689504,0.16439608936780098,0.6789490497476544,25,20,20
12,1127,0.12150514350597913,0.039978712635177466,0.1425498476315497,0.6959662962272959,25,20,20
12,1128,0.11454024666685486,0.03936325037452299,0.15551719046461504,0.690579312494008,25,20,20
12,1129,0.11539320302046485,0.03936124766087234,0.12643801735084617,0.7188075319678164,25,20,20
12,1130,0.1388053527935655,0.03936123890241576,0.10292864812960469,0.7189047601744147,25,20,20
12,1131,0.1715462731715612,0.039951614521868246,0.06904088507965332,0.7194612272269176,25,20,20
12,1132,0.17451373202522372,0.04027801907564725,0.10629069665089494,0.678917552248234,25,20,20
12,1133,0.19843206013800027,0.038725926188741225,0.09751671536291877,0.6653252983103438,25,20,20
12,1134,0.22350934817998097,0.03996383630203749,0.05660275105330425,0.6799240644646778,25,20,20
12,1135,0.18316576739365817,0.03996379504468699,0.10150367500332697,0.6753667625583291,25,20,20
12,1136,0.1969352496494861,0.03994582331110807,0.08876101163525821,0.6743579154041491,25,20,20
12,1137,0.22386552592576908,0.00038091703440452706,0.1021802624022033,0.673573294637626,25,20,20
12,1138,0.26622371599832656,0.00038080032135355367,0.054661678545147654,0.678733805135172,25,20,20
12,1139,0.24801080586699295,3.2791514838504964e-08,0.0737391622497014,0.678249999091791,25,20,20
12,1140,0.2389033475348177,1.9252714001955322e-07,0.08161719016792242,0.6794792697701216,25,20,20
12,1141,0.2787006017124962,1.2461513642540747e-07,0.04345603957969342,0.677843234092674,25,20,20
12,1142,0.2524984270171457,8.099797771537006e-09,0.07604335864730642,0.6714582062357501,25,20,20
12,1143,0.271962110084188,1.7966338851814963e-08,0.0702790364508042,0.6577588354986681,25,20,20
12,1144,0.26000833779533133,2.5068563401342152e-05,0.08281326688510698,0.6571533267561598,25,20,20
12,1145,0.22144873888329156,1.9614210988875926e-05,0.10734773203803147,0.6711839148676887,25,20,20
12,1146,0.17081792390494666,1.593520186966884e-07,0.17500115306136013,0.6541807636816764,25,20,20
12,1147,0.2150198906393082,6.64127181836942e-07,0.1322912750843059,0.6526881701492065,25,20,20
12,1148,0.15698273551257372,1.0861937806551503e-06,0.19844753409264537,0.6445686442010001,25,20,20
12,1149,0.16349576859417472,1.3397852320513457e-05,0.15406818784249926,0.6824226457110066,25,20,20
12,1150,0.19312452341970704,1.0001938184320209e-06,0.11366441238040104,0.693210064006074,25,20,20
12,1151,0.2136366131548514,1.4892437844085717e-06,0.068439383455923,0.7179225141454405,25,20,20
12,1152,0.2124934660593251,9.83777474290715e-07,0.07376111857040656,0.7137444315927938,25,20,20
12,1153,0.1760746377867642,7.908721541397275e-08,0.11264771888346883,0.7112775642425545,25,20,20
12,1154,0.14848357942917098,0.0010578802554180762,0.15471688241898443,0.6957416578964302,25,20,20
12,1155,0.19527384825469063,0.00014605901102617014,0.10915386110282478,0.6954262316314606,25,20,20
12,1156,0.2363059284888941,1.503331845160046e-08,0.09025644973074354,0.6734376067470449,25,20,20
12,1157,0.22107234025666103,1.393079359758663e-05,0.1015901337379488,0.6773235952117954,25,20,20
12,1158,0.2226143154813746,1.7785468799732418e-07,0.07158002866904482,0.7058054779948932,25,20,20
12,1159,0.14946578359183016,2.978354759305941e-05,0.13225740962849625,0.7182470232320837,25,20,20
12,1160,0.1838545850799147,2.9778346481370076e-05,0.10761518999781915,0.708500446575785,25,20,20
12,1161,0.19678316292637085,3.760666027973079e-08,0.08369382526488137,0.7195229742020879,25,20,20
12,1162,0.1850935958683169,2.121818041909433e-07,0.09412319519741034,0.7207829967524694,25,20,20
12,1163,0.17468186183999737,6.583791842409451e-08,0.10619566203914152,0.7191224102829423,25,20,20
12,1164,0.14729561828672236,5.475834487255426e-07,0.10022746329694955,0.7524763708328815,25,20,20
12,1165,0.144680972676214,3.0312433268389077e-07,0.10754422736965355,0.7477744968298005,25,20,20
12,1166,0.13863298417688052,3.757642017351987e-07,0.10892661473756995,0.7524400253213472,25,20,20
12,1167,0.10023644733065738,6.895395214631838e-07,0.14704230773359409,0.7527205553962294,25,20,20
12,1168,0.09953337213640401,0.03996403905214241,0.10183251632351169,0.7586700724879427,25,20,20
12,1169,0.10492977362054458,8.752304577493482e-06,0.13906915721514482,0.7559923168597361,25,20,20
12,1170,0.12323781345528673,1.0377274663239961e-05,0.1601401036004237,0.7166117056696283,25,20,20
12,1171,0.07594615292443457,2.0065932972000418e-06,0.20734836172857998,0.7167034787536873,25,20,20
12,1172,0.05496432094412491,2.7134720481306148e-06,0.18155260863932024,0.7634803569445087,25,20,20
12,1173,0.07632893757831721,1.1703531345159896e-05,0.17455918313444393,0.749100175755898,25,20,20
12,1174,0.09267847479297743,4.755254632479571e-06,0.14949384259402587,0.7578229273583691,25,20,20
12,1175,0.1540284865522312,0.021168039217487493,0.061015065282946306,0.763788408947335,25,20,20
12,1176,0.15480578323123415,0.014140875931355294,0.03739702773475804,0.7936563131026523,25,20,20
12,1177,0.1171148447091285,0.024544675560231762,0.05967208156055351,0.798668398170086,25,20,20
12,1178,0.11759021099730592,0.03991554208679737,0.050269077337499184,0.7922251695783976,25,20,20
12,1179,0.0805361925338204,0.039977546048107084,0.08700806777601264,0.7924781936420615,25,20,20
12,1180,0.040966907184487804,0.0002726469169711786,0.1692947174893112,0.7894657284092328,25,20,20
12,1181,0.05633761936408934,0.00010245018062685658,0.1531248143816394,0.7904351160736467,25,20,20
12,1182,0.11957524348737275,6.233721538693008e-05,0.08238280817117889,0.7979796111260619,25,20,20
12,1183,0.14903935682213898,8.594715072268067e-06,0.052647303600655594,0.7983047448621329,25,20,20
12,1184,0.1388944577679107,0.03873931750142057,0.032134789563085936,0.7902314351675819,25,20,20
12,1185,0.0832440838730758,0.038740003454352266,0.08019354690997163,0.7978223657626008,25,20,20
12,1186,0.06271789071523638,0.03873931648613424,0.09948511225029366,0.799057680548336,25,20,20
12,1187,0.050911804149714454,0.03917078945791326,0.13910566453530385,0.770811741857069,25,20,20
12,1188,0.08001064325581027,0.03873932716904795,0.11041765149131896,0.7708323780838248,25,20,20
12,1189,0.080466907002365,0.03993881757605453,0.0813408905515339,0.7982533848700488,25,20,20
12,1190,0.0649761507696754,0.039953247292038266,0.13278316580020663,0.7622874361380804,25,20,20
12,1191,0.1665546671966332,0.03823784382953497,0.03663260345606739,0.7585748855177641,25,20,20
12,1192,0.14988139354617386,0.039381578597799394,0.051783185714136024,0.7589538421418905,25,20,20
12,1193,0.15797014035027396,0.03951877652722823,0.043963170115567406,0.7585479130069291,25,20,20
12,1194,0.1347533139460994,0.03951877272770696,0.07367392044479518,0.7520539928813983,25,20,20
12,1195,0.12047299425751304,0.03994882604072426,0.08754352175082919,0.7520346579509339,25,20,20
12,1196,0.13631767093935554,0.03994862555095859,0.07602670601385147,0.7477069974958346,25,20,20
12,1197,0.1660114966295253,0.039946169054724055,0.05936477488006075,0.7346775594356909,25,20,20
12,1198,0.17470346055575262,0.03993180757840442,0.04562838535517738,0.7397363465106657,25,20,20
12,1199,0.17415605872526835,0.03993181339166906,0.03371486978984948,0.752197258093213,25,20,20
12,1200,0.1560868166803391,0.03993182799317809,0.047278186952135544,0.7567031683743466,25,20,20
12,1201,0.08215962167079821,0.03997633773663607,0.12009425164627097,0.757769788946295,25,20,20
12,1202,0.11732425180756817,0.03997626569804411,0.08463070341292422,0.7580687790814639,25,20,20
12,1203,0.18095716338623752,0.03992809682850032,0.020146997920720933,0.7589677418645422,25,20,20
12,1204,0.14983150921458052,0.03949818470977253,0.061701144611518884,0.7489691614641272,25,20,20
12,1205,0.08291071894235946,0.03956798397464417,0.12351739142271351,0.7540039056602862,25,20,20
12,1206,0.09687832634805904,0.03949761606939234,0.12132803501153894,0.7422960225710103,25,20,20
12,1207,0.11848248607903523,0.03995486517783998,0.10261999107860564,0.738942657664519,25,20,20
12,1208,0.14570142213166007,0.03995483821764019,0.0716053424369083,0.7427383972137919,25,20,20
12,1209,0.15622343473486555,0.039955778264359164,0.045324332042030034,0.7584964549587443,25,20,20
12,1210,0.10809454025261983,0.039937021909534826,0.09357168129772829,0.7583967565401183,25,20,20
12,1211,0.1677859168455642,0.039937038600099936,0.07168870192826118,0.720588342626074,25,20,20
12,1212,0.1898134979211729,0.03991145005160313,0.08567727921061875,0.6845977728166058,25,20,20
12,1213,0.1996479325012487,0.039949737290509844,0.07876249654699506,0.6816398336612464,25,20,20
12,1214,0.18397162034867795,0.03995508784445689,0.1085453730670871,0.6675279187397806,25,20,20
12,1215,0.1844332700858747,0.039490620885985234,0.1446721960814684,0.6314039129466756,25,20,20
12,1216,0.18855514740004814,0.03948285391572434,0.1794333479498307,0.5925286507343965,25,20,20
12,1217,0.2277999154019012,0.048262049565530415,0.12034523841887614,0.6035927966136939,25,20,20
12,1218,0.099986852414974,0.06262443662080044,0.23456548214524972,0.6028232288189763,25,20,20
12,1219,0.11718396854581144,0.06675849790742455,0.19891966573647998,0.6171378678102828,25,20,20
12,1220,0.11800240758633233,0.02789149254892706,0.21859145003086664,0.6355146498338713,25,20,20
12,1221,0.14434604679596627,0.01430414544928944,0.2033633282295636,0.6379864795251813,25,20,20
12,1222,0.12115611824681415,0.014306760172406525,0.19803009538196936,0.666507026198811,25,20,20
12,1223,0.16030723178394016,0.01430415727949335,0.14588538353559982,0.6795032274009675,25,20,20
12,1224,0.16252346812642568,0.0164110969560598,0.14195415287900212,0.6791112820385118,25,20,20
12,1225,0.1940812608041413,0.043020863333187435,0.095776833413755,0.6671210424489162,25,20,20
12,1226,0.1834245625039449,0.039948658194948666,0.15253583037019744,0.6240909489309121,25,20,20
12,1227,0.22176416092487872,0.03996630953618665,0.13228983722878696,0.6059796923101503,25,20,20
12,1228,0.23270259535248453,0.03995922775195695,0.1289042697103068,0.5984339071852528,25,20,20
12,1229,0.22273998257961497,0.03995922144525269,0.13849768862564324,0.5988031073494895,25,20,20
12,1230,0.22640594669128755,0.038433629870458695,0.14797230104720477,0.587188122391048,25,20,20
12,1231,0.15131466554184658,0.04081425811717761,0.16095419861060542,0.6469168777303735,25,20,20
12,1232,0.1102352383596121,0.04080999237517014,0.1765568480487163,0.6723979212165035,25,20,20
12,1233,0.10852738242195052,0.040042655268572,0.18098515841041413,0.6704448038990638,25,20,20
12,1234,0.0662125900070838,0.03997159300516607,0.23261332824203634,0.6612024887457152,25,20,20
12,1235,0.08201170449322234,0.03906846803093658,0.1860035042885647,0.6929163231872778,25,20,20
12,1236,0.15941551388778286,0.039068775475894796,0.11281854703791931,0.6886971635984043,25,20,20
12,1237,0.13609318661056513,0.03908697447017526,0.09619302018559284,0.7286268187336653,25,20,20
12,1238,0.1582382653470278,0.03988608574875637,0.11290479873307895,0.6889708501711361,25,20,20
12,1239,0.1410666676613479,0.039995226200961416,0.11920149929361085,0.6997366068440789,25,20,20
12,1240,0.15764192965953502,0.03997705459920327,0.08388768628611247,0.7184933294551513,25,20,20
12,1241,0.1368516344579056,0.03998444587620081,0.10400749562552919,0.7191564240403641,25,20,20
12,1242,0.19183648500086428,0.011233541254157785,0.07741211751938609,0.7195178562255912,25,20,20
12,1243,0.21014518093014978,0.011233698351075756,0.060713633115143086,0.7179074876036311,25,20,20
12,1244,0.18841744403750296,0.014161566208291947,0.09486245653326325,0.7025585332209429,25,20,20
12,1245,0.21564198175244378,0.03991711850817112,0.025448045809545374,0.7189928539298407,25,20,20
12,1246,0.2397084995157739,3.736112859937666e-07,0.04120533918064206,0.719085787692298,25,20,20
12,1247,0.1701932630779097,0.0005153360510618813,0.15740419964660038,0.67188720122443,25,20,20
12,1248,0.15258794298537823,6.815724123076456e-06,0.2236423972287714,0.6237628440617247,25,20,20
12,1249,0.1470270935368494,0.0010711349946720774,0.2166334098465274,0.6352683616219518,25,20,20
12,1250,0.16049889392542113,0.0007171438193721286,0.2044153864499244,0.6343685758052842,25,20,20
12,1251,0.13870065212819813,0.0007129682559984543,0.22693440450750432,0.6336519751082976,25,20,20
12,1252,0.23475312646605268,0.0007132061077001835,0.13896484553264285,0.6255688218936041,25,20,20
12,1253,0.16956297980138327,0.0007129709002114875,0.19081037966065217,0.6389136696377541,25,20,20
12,1254,0.28028671318459614,0.0007200848846053494,0.0806120864674656,0.6383811154633315,25,20,20
12,1255,0.24443169385501942,8.229394095569694e-06,0.07771902012760558,0.6778410566232792,25,20,20
12,1256,0.19101639948913476,7.216339544689799e-06,0.10443938814034368,0.7045369960309757,25,20,20
12,1257,0.23847457746156953,3.933587865066223e-09,0.05075235376031803,0.7107730648445236,25,20,20
12,1258,0.1752411459365949,6.646344243258401e-08,0.07407676459840949,0.7506820230015527,25,20,20
12,1259,0.16266909237718216,3.812223228148971e-07,0.07835945852683518,0.7589710678736589,25,20,20
12,1260,0.16284273028722623,3.810136322408254e-07,0.07848502389349217,0.7586718648056489,25,20,20
12,1261,0.14882781586830454,7.374841397390471e-08,0.09528780406746311,0.7558843063158193,25,20,20
12,1262,0.14191242834404735,1.3959802737033937e-07,0.11016378550151275,0.747923646556412,25,20,20
12,1263,0.14751745774886885,1.403920848785291e-07,0.09424286157144643,0.7582395402876,25,20,20
12,1264,0.14698057407263462,3.3907172235316496e-05,0.09358597084025361,0.7593995479148766,25,20,20
12,1265,0.1673031335665329,1.4253992873720014e-05,0.07348116532195732,0.7592014471186359,25,20,20
12,1266,0.1938280863648666,1.0845333651299194e-07,0.04681271430813948,0.7593590908736576,25,20,20
12,1267,0.14714510854196336,1.0927898337242272e-07,0.09504911801794283,0.7578056641611116,25,20,20
12,1268,0.10412737111463649,0.0037915110307289025,0.1337840580778565,0.7582970597767793,25,20,20
12,1269,0.08613151680388106,4.5830745045340154e-05,0.15507342988976072,0.7587492225613144,25,20,20
12,1270,0.1014770177692086,0.004197765105846528,0.13698818384136255,0.7573370332835835,25,20,20
12,1271,0.15936597473606434,1.241932175282218e-06,0.08907773411744799,0.751555049214314,25,20,20
12,1272,0.15212831783672362,1.240731988073277e-06,0.10289323346333744,0.7449772079679521,25,20,20
12,1273,0.1844614503599411,0.00012056307495143231,0.02593888520475975,0.7894791013603478,25,20,20
12,1274,0.14929128252555063,0.0007594398229995926,0.07126881786823365,0.7786804597832158,25,20,20
12,1275,0.14867478803417467,1.9610924739838984e-05,0.050715099409635006,0.8005905016314496,25,20,20
12,1276,0.1198654800107127,1.0613679243722943e-05,0.0819884219407598,0.7981354843692836,25,20,20
12,1277,0.12015323715041643,1.0125240566817605e-05,0.0816119225859436,0.7982247150230749,25,20,20
12,1278,0.11114118236060812,7.375996992870864e-06,0.1049957063901973,0.783855735252205,25,20,20
12,1279,0.11114380199065317,8.119126577571562e-07,0.09001863719910794,0.7988367488975837,25,20,20
12,1280,0.09123345989562927,0.01622777295031735,0.09404222447122815,0.7984965426828284,25,20,20
12,1281,0.0496906565904608,0.07989319187759197,0.07188772362753242,0.7985284279044162,25,20,20
12,1282,0.08900590002574538,0.07992518432607694,0.04048579937226071,0.7905831162759159,25,20,20
12,1283,0.11858866080058544,0.07744839112237459,0.010335962982021725,0.7936269850950183,25,20,20
12,1284,0.11278345786561302,0.05982095554701373,0.0335349646862541,0.7938606219011188,25,20,20
12,1285,0.05189709091823755,0.0598211198784046,0.08920490679478156,0.799076882408578,25,20,20
12,1286,0.07064279883188727,0.07818878052456736,0.06358218910431752,0.7875862315392265,25,20,20
12,1287,0.07079328678942974,0.07868573155012976,0.057556809492244086,0.7929641721681954,25,20,20
12,1288,0.10306546365570514,0.07868233544988656,0.019198148831452874,0.7990540520629547,25,20,20
12,1289,0.12050729846618845,0.07697563324492442,0.0031131217482009204,0.7994039465406853,25,20,20
12,1290,0.10511634312305683,0.07994168062102695,0.016001297534522882,0.7989406787213922,25,20,20
12,1291,0.10508662676800194,0.0786781467743107,0.017188119532168922,0.7990471069255178,25,20,20
12,1292,0.12021544252184344,0.04109337652954394,0.04012846712341437,0.7985627138251966,25,20,20
12,1293,0.12205964983346253,0.039923635659773915,0.040098826183968816,0.7979178883227948,25,20,20
12,1294,0.08161107547345667,0.039329982571542826,0.07972516799429422,0.7993337739607058,25,20,20
12,1295,0.07699324743568503,0.03996108803127516,0.08449137872053467,0.7985542858125058,25,20,20
12,1296,0.07628642634699052,0.03994653612708518,0.12120622224700868,0.7625608152789171,25,20,20
12,1297,0.10132476654721584,0.039948939883393444,0.08413725130817422,0.7745890422612186,25,20,20
12,1298,0.08476748911813611,0.0399765230572367,0.08976311441314236,0.7854928734114857,25,20,20
12,1299,0.08507879020536148,0.039917120903432045,0.08961065840074069,0.7853934304904661,25,20,20
12,1300,0.0862889732785463,0.039917125609970246,0.09846521544851235,0.7753286856629699,25,20,20
12,1301,0.11968861817850013,0.03994556088786687,0.0644559359229256,0.7759098850107048,25,20,20
12,1302,0.05836534706303524,0.014104224508612588,0.15441862898529882,0.7731117994430554,25,20,20
12,1303,0.11120464535846147,0.01410415650378962,0.08152041133504423,0.7931707868027038,25,20,20
12,1304,0.09839763164104054,0.011233612408458856,0.10883092446660908,0.7815378314838907,25,20,20
12,1305,0.06878086986785427,2.5838500748125656e-07,0.1749586984298061,0.756260173317334,25,20,20
12,1306,0.10045613456522756,0.014677535306241309,0.12645266403459715,0.7584136660939366,25,20,20
12,1307,0.13826268166236283,0.03995598402936458,0.07730590224787394,0.7444754320603971,25,20,20
12,1308,0.1025116466705673,0.039961722440502695,0.11274382195172011,0.7447828089372112,25,20,20
12,1309,0.11709652676347425,0.0399554402005341,0.09998846395613187,0.7429595690798595,25,20,20
12,1310,0.1512937223356546,0.03995418609034649,0.06396767815701104,0.7447844134169869,25,20,20
12,1311,0.11652767007257296,0.039954155225655145,0.08888969443866479,0.7546284802631075,25,20,20
12,1312,0.14952956838937292,6.029049727198934e-07,0.09654254062398905,0.7539272880816671,25,20,20
12,1313,0.17921188755246384,4.7275131933022454e-07,0.06212344909518612,0.7586641906010314,25,20,20
12,1314,0.1841198475392551,4.2202496219303655e-07,0.05840315085079248,0.7574765795849904,25,20,20
12,1315,0.1862350654863322,1.1431657079391826e-07,0.056674420143650484,0.7570904000534473,25,20,20
12,1316,0.1956334097352434,7.109553142078583e-06,0.04650817608012834,0.7578513046314853,25,20,20
12,1317,0.23083165819430485,1.1917291913220889e-07,0.010221949318493106,0.7589462733142825,25,20,20
12,1318,0.1888456233133227,1.6667093333202412e-08,0.05228494940998126,0.7588694106096018,25,20,20
12,1319,0.1865252329290602,2.460608953416517e-08,0.05227848341999827,0.7611962590448507,25,20,20
12,1320,0.1850428951825692,1.3377045204375376e-08,0.017991583666208448,0.7969655077741763,25,20,20
12,1321,0.1553845315846528,6.716138260639531e-10,0.04632740505249986,0.7982880626912318,25,20,20
12,1322,0.16079945626392353,3.89667293791928e-09,0.04137923833746198,0.7978213015019405,25,20,20
12,1323,0.14955133925794073,9.287741868379574e-09,0.05825295141413463,0.7921957000401822,25,20,20
12,1324,0.14908587647217295,2.3387978038216718e-07,0.09856488795489154,0.7523490016931563,25,20,20
12,1325,0.1498919484246154,0.00011216393089233239,0.09097326442503499,0.7590226232194575,25,20,20
12,1326,0.16230339947044925,1.6617221543422528e-09,0.08838238073345762,0.7493142181343709,25,20,20
12,1327,0.12055508660035384,4.1976315312064166e-09,0.08153198705033045,0.797912922151685,25,20,20
12,1328,0.1672296364231472,2.2781406101624102e-08,0.03498631067914678,0.7977840301162995,25,20,20
12,1329,0.16627880854957178,2.880855260878487e-08,0.035139665888386004,0.7985814967534894,25,20,20
12,1330,0.1457070799880664,5.758612692713291e-09,0.05575607039843091,0.7985368438548902,25,20,20
12,1331,0.14660271300485056,5.8594670646823654e-09,0.05565133837636454,0.7977459427593172,25,20,20
12,1332,0.11019633937087336,3.884509817642462e-09,0.09250479773972678,0.7972988590048936,25,20,20
12,1333,0.11267352944801332,6.581631393987339e-09,0.08815385141423882,0.7991726125561165,25,20,20
12,1334,0.11108830021504167,2.439510710543812e-06,0.0897601784501428,0.7991490818241048,25,20,20
12,1335,0.10537464812531022,3.0768278463282873e-09,0.09562826910142111,0.7989970796964421,25,20,20
12,1336,0.1946571571500498,6.629502734958592e-10,0.0072502973309229056,0.7980925448560767,25,20,20
12,1337,0.14504419169586685,1.9903392662596055e-07,0.06085597357648703,0.7940996356937186,25,20,20
12,1338,0.18231111482751847,2.3294845111232154e-10,0.018746574554193658,0.7989423103853394,25,20,20
12,1339,0.19927980370674628,1.3272894671206328e-08,0.02405197371741138,0.7766682093029474,25,20,20
12,1340,0.18180358918442388,8.484059908362438e-09,0.041446218982588344,0.776750183348927,25,20,20
12,1341,0.1896604107107696,1.6697298206910612e-09,0.024322662085319538,0.7860169255341803,25,20,20
12,1342,0.17171759460461622,6.29705758728388e-07,0.04192685586019073,0.7863549198294346,25,20,20
12,1343,0.1328420139436257,3.522789818986285e-07,0.0522416199222091,0.814916013855183,25,20,20
12,1344,0.14654801195774736,3.523204948416126e-07,0.014653827952719458,0.838797807769038,25,20,20
12,1345,0.15629127332767484,3.494543482478545e-08,0.005596732468865881,0.838111959258025,25,20,20
12,1346,0.08674399502448883,1.4908273305159367e-06,0.08077089894977542,0.832483615198406,25,20,20
12,1347,0.08234072131868855,4.8921221305759544e-08,0.08093191940913742,0.8367273103509527,25,20,20
12,1348,0.10365232200110709,2.0170435011947912e-07,0.09535670274564739,0.8009907735488963,25,20,20
12,1349,0.12014351740449772,2.3731915404651776e-05,0.07774526245481693,0.8020874882252802,25,20,20
12,1350,0.14749053465605702,1.5580926527995455e-07,0.0530975477035952,0.7994117618310829,25,20,20
12,1351,0.13298548049448042,1.314159967820709e-07,0.06713427658065736,0.7998801115088652,25,20,20
12,1352,0.11736126361969418,3.5317142989425543e-07,0.0952707939284567,0.7873675892804205,25,20,20
12,1353,0.11804884158248816,1.9899418643010893e-05,0.08911640243325318,0.7928148565656146,25,20,20
12,1354,0.13173369578048544,1.994475339074905e-05,0.06610452350631561,0.802141835959808,25,20,20
12,1355,0.11728481579209941,1.0083886440617213e-05,0.08102374082623022,0.8016813594952299,25,20,20
12,1356,0.1538179905558842,7.091077032936654e-09,0.047805090553735816,0.7983769117993026,25,20,20
12,1357,0.11827786639747041,0.0133905549056224,0.08378737777395003,0.7845442009229562,25,20,20
12,1358,0.11820393256404024,0.0395356356979753,0.042916216909898795,0.7993442148280855,25,20,20
12,1359,0.1431149503867854,0.037439722983993326,0.021044203940718823,0.7984011226885026,25,20,20
12,1360,0.12407933006275107,0.03744090707835794,0.03991813376455968,0.7985616290943309,25,20,20
12,1361,0.1599321671404595,0.03743941870284989,0.004386344130557478,0.7982420700261319,25,20,20
12,1362,0.1594605936456709,0.01123031130980913,0.03503097331600877,0.7942781217285102,25,20,20
12,1363,0.16111222358811353,0.039923609036211255,0.0070039161246144115,0.7919602512510605,25,20,20
12,1364,0.16012343643491161,0.039923609961818984,0.005788216332195795,0.7941647372710744,25,20,20
12,1365,0.14377452700898302,0.039970408916807525,0.018359728180779637,0.7978953358934302,25,20,20
12,1366,0.12343689046720735,0.0399704091085266,0.04874683352155608,0.7878458669027099,25,20,20
12,1367,0.12347403423611969,0.0399704090955754,0.037196223386114426,0.7993593332821896,25,20,20
12,1368,0.11065678803250484,0.039990636642787986,0.05813646794329106,0.791216107381415,25,20,20
12,1369,0.0754791358599944,0.03993793265284618,0.12864610366989815,0.7559368278172626,25,20,20
12,1370,0.058063499345081426,0.039954015170582016,0.14411012478953988,0.7578723606948,25,20,20
12,1371,0.06415938569089798,0.038253938404239345,0.1419641005263939,0.7556225753784712,25,20,20
12,1372,0.11087509506428468,0.038253341223135305,0.0882870982639782,0.762584465448601,25,20,20
12,1373,0.14999842443759742,0.038253344454535744,0.04822329588370125,0.7635249352241656,25,20,20
12,1374,0.1582021088619072,0.03950978507958984,0.05692069324778969,0.7453674128107133,25,20,20
12,1375,0.17511571489919064,0.03950345979397818,0.026490291293343408,0.7588905340134879,25,20,20
12,1376,0.16859850738262083,0.03991211777261213,0.037774439265212574,0.7537149355795542,25,20,20
12,1377,0.12816229885401045,0.03820803854202945,0.07480431486547798,0.7588253477384819,25,20,20
12,1378,0.19408990941251678,0.010686189920066879,0.03616894695982513,0.7590549537075901,25,20,20
12,1379,0.1868481620867971,0.03914495689808688,0.01645305704595802,0.7575538239691569,25,20,20
12,1380,0.1529788346861228,0.02097677990614512,0.06864348961215873,0.7574008957955722,25,20,20
12,1381,0.15417878363687984,0.02097690053026595,0.06767711000299262,0.7571672058298609,25,20,20
12,1382,0.08733285469331076,0.0393536082008253,0.1222835841902878,0.7510299529155775,25,20,20
12,1383,0.08492204170695711,0.039353481296754825,0.16757829306878663,0.708146183927502,25,20,20
12,1384,0.08906402790361198,0.03935349115000095,0.17237220862323724,0.6992102723231508,25,20,20
12,1385,0.1204463615584978,0.0112429398264096,0.16360123502597151,0.7047094635891229,25,20,20
12,1386,0.09927462238571247,0.011241465398643841,0.17000989243257475,0.7194740197830707,25,20,20
12,1387,0.13826481989544057,0.01124521326184653,0.13850275676647117,0.7119872100762444,25,20,20
12,1388,0.1635234623482428,0.011244945955706121,0.10632086863013208,0.7189107230659184,25,20,20
12,1389,0.1494481119397673,0.011308434054077603,0.12531257928550357,0.7139308747206526,25,20,20
12,1390,0.1477082501664862,0.03912228576368944,0.09419001632436126,0.7189794477454639,25,20,20
12,1391,0.15687553674491858,0.038253913686823446,0.08598849627194216,0.7188820532963163,25,20,20
12,1392,0.14616837478955028,0.039971252744560565,0.09462584788097547,0.7192345245849154,25,20,20
12,1393,0.16981814239824608,0.03997073691315131,0.07112748252280755,0.7190836381657956,25,20,20
12,1394,0.13140683805618406,0.04047882579745091,0.1089972101847481,0.7191171259616173,25,20,20
12,1395,0.09923426834267662,0.039970883308192505,0.14206133712725225,0.7187335112218831,25,20,20
12,1396,0.13443918399273921,0.03826000064161231,0.1087134140490337,0.7185874013166165,25,20,20
12,1397,0.1740186635518755,0.038259938656349884,0.07042334652693137,0.7172980512648435,25,20,20
12,1398,0.1931161551702354,0.04038064154978588,0.06049289311799818,0.7060103101619812,25,20,20
12,1399,0.15958013500300447,0.04023478157494178,0.08675401492409385,0.7134310684979595,25,20,20
12,1400,0.15260129508279283,0.03826020528555087,0.10915403896948982,0.6999844606621667,25,20,20
12,1401,0.15042034608022903,0.00110460456692294,0.15703328933016844,0.6914417600226811,25,20,20
12,1402,0.12308830918756607,8.422630101169204e-05,0.1642211270075357,0.7126063375038888,25,20,20
12,1403,0.09138688471228751,8.426420073372498e-05,0.1998577505177427,0.708671100569235,25,20,20
12,1404,0.08741420499892559,5.995610896269727e-08,0.20337572767338513,0.7092100073715814,25,20,20
12,1405,0.12011581326372234,0.010671284474331464,0.1591222722997238,0.7100906299622222,25,20,20
12,1406,0.12591652423063593,0.03872661433852672,0.1258451036692872,0.7095117577615533,25,20,20
12,1407,0.15823090405839807,0.03830202306502035,0.0991147156946329,0.7043523571819504,25,20,20
12,1408,0.14805175740396703,0.03825974873944237,0.1252426562269399,0.6884458376296516,25,20,20
12,1409,0.14969206969894555,0.03994912467078316,0.10441382307709808,0.705944982553173,25,20,20
12,1410,0.15339252498976927,0.04079482775955544,0.10857836790184827,0.6972342793488266,25,20,20
12,1411,0.15450928795490085,0.03995095675709911,0.19016934332179303,0.6153704119662089,25,20,20
12,1412,0.16087613370518802,0.039970010199496475,0.16099935887687508,0.6381544972184395,25,20,20
12,1413,0.13405946464882246,0.021001145198549884,0.21317399984868732,0.6317653903039389,25,20,20
12,1414,0.12618099724091725,0.03819465996817109,0.20949417808973192,0.6261301647011809,25,20,20
12,1415,0.12214200983140365,0.038194959333065326,0.21136062206858597,0.6283024087669478,25,20,20
12,1416,0.1217024205126266,0.04053215670549144,0.2044025705283624,0.6333628522535196,25,20,20
12,1417,0.15518619732242456,0.03994548605082527,0.16167157493367557,0.6431967416930765,25,20,20
12,1418,0.17346973898571963,0.011233764013267174,0.17756489814717585,0.6377315988538386,25,20,20
12,1419,0.1792843101199425,0.012060646253663916,0.16956641758476035,0.6390886260416331,25,20,20
12,1420,0.12143484991511189,0.04057799085457672,0.19950248101621468,0.6384846782140987,25,20,20
12,1421,0.13865753194810207,0.03994135615649586,0.18294697825665057,0.6384541336387536,25,20,20
12,1422,0.14744880502604682,0.03994266949846778,0.17401622863817032,0.6385922968373164,25,20,20
12,1423,0.16734128872098164,0.03826371364865369,0.16575471755656118,0.6286402800738046,25,20,20
12,1424,0.20178561363912823,0.03829053197975621,0.16169618606977426,0.5982276683113426,25,20,20
12,1425,0.21988226350992857,0.021190511544240117,0.15929792582930177,0.5996292991165295,25,20,20
12,1426,0.18787723170902876,0.04059933609587756,0.17180815960467397,0.599715272590421,25,20,20
12,1427,0.17906740039190847,0.039972196417222466,0.18201064370612915,0.5989497594847412,25,20,20
12,1428,0.20572454025901388,0.03737645477845519,0.1577138391943096,0.5991851657682221,25,20,20
12,1429,0.23019028736721087,0.014161798378723056,0.15714754143548265,0.5985003728185855,25,20,20
12,1430,0.26099019755646213,0.03994611016390567,0.10001105794927008,0.5990526343303632,25,20,20
12,1431,0.19405348317466217,0.03995570775686438,0.17449666477931858,0.5914941442891556,25,20,20
12,1432,0.16053760720623889,0.03997443684723297,0.20762350363077547,0.5918644523157522,25,20,20
12,1433,0.14494924073743942,0.04004144167010132,0.24768309988104584,0.5673262177114132,25,20,20
12,1434,0.19246516459964222,0.04108774554739053,0.2072601974268492,0.5591868924261165,25,20,20
12,1435,0.17944768698426686,0.039373855194684546,0.25827785103277073,0.5229006067882785,25,20,20
12,1436,0.1863301301310961,0.03827070601191838,0.2199541936913538,0.5554449701656311,25,20,20
12,1437,0.19907660918388262,0.03984309706804365,0.243911311907111,0.5171689818409617,25,20,20
12,1438,0.19983653016932115,0.03997673824208101,0.19851455598530524,0.5616721756032915,25,20,20
12,1439,0.23800945079243652,0.039915936827677044,0.15970756693411242,0.5623670454457751,25,20,20
12,1440,0.21906139002631014,0.040738612196928134,0.19581043279639895,0.5443895649803641,25,20,20
12,1441,0.1842075798610018,0.016560140184122326,0.23993372325241846,0.5592985567024588,25,20,20
12,1442,0.22709211395647702,0.016557356704189074,0.19546775667155233,0.5608827726677813,25,20,20
12,1443,0.1707732442102978,0.03994003139878443,0.22831714888379576,0.5609695755071243,25,20,20
12,1444,0.23062265597745385,0.03997372918688811,0.170513303398901,0.5588903114367586,25,20,20
12,1445,0.16915904004602808,0.040009258070914294,0.231850278555948,0.5589814233271134,25,20,20
12,1446,0.22335313536568846,0.03695900119661517,0.19828697000828957,0.5414008934294067,25,20,20
12,1447,0.286482667185921,0.03996497710021419,0.12514629928974869,0.5484060564241174,25,20,20
12,1448,0.2508761131616409,0.03809445089688783,0.16322516614032082,0.5478042698011524,25,20,20
12,1449,0.25529610020674603,0.03826191962181906,0.16331855413907373,0.5431234260323634,25,20,20
12,1450,0.24784714366760816,0.038737364465406494,0.1987947392861631,0.5146207525808244,25,20,20
12,1451,0.3014476800515691,0.03873484777722161,0.15478168582536753,0.5050357863458443,25,20,20
12,1452,0.32002719044001443,0.039986305099367014,0.12538653985519982,0.5145999646054197,25,20,20
12,1453,0.3045484803835739,0.039985829675049704,0.10148122290482614,0.5539844670365498,25,20,20
12,1454,0.3168372591742413,0.039946184640606314,0.08953883340217089,0.5536777227829829,25,20,20
12,1455,0.32758641778139747,0.04045479653070165,0.1038868142460829,0.5280719714418192,25,20,20
12,1456,0.36676681513228404,0.0404571062206943,0.08758823364327299,0.5051878450037495,25,20,20
12,1457,0.29277087659021644,0.010216673443675349,0.16670109905815966,0.5303113509079487,25,20,20
12,1458,0.26315064963629603,0.010217004292475372,0.2062436076653159,0.5203887384059127,25,20,20
12,1459,0.22097529284406123,0.01022380701258069,0.2472530665065417,0.5215478336368188,25,20,20
12,1460,0.27667738978318274,0.03829569033017534,0.16191925427334813,0.5231076656132958,25,20,20
12,1461,0.23792882096265153,0.03875868876166324,0.20341178390624282,0.5199007063694439,25,20,20
12,1462,0.2004647048944274,0.038759316805854815,0.2380369016017163,0.5227390766980021,25,20,20
12,1463,0.25156505087350584,0.03995598306168067,0.19233168533178738,0.5161472807330273,25,20,20
12,1464,0.3146930214352254,0.039955595207396076,0.12606953405935703,0.5192818492980219,25,20,20
12,1465,0.3754238165953798,0.03952969574116929,0.06602453043925242,0.5190219572241979,25,20,20
12,1466,0.3619493908705395,0.039939448454009874,0.07850894035720106,0.5196022203182488,25,20,20
12,1467,0.32932956756948256,0.03993272062608353,0.11138551625124907,0.5193521955531897,25,20,20
12,1468,0.30943279759896536,0.039932634238694864,0.14244420920228726,0.5081903589600537,25,20,20
12,1469,0.33565327715069854,0.03993340283266289,0.11681346490314151,0.5075998551134989,25,20,20
12,1470,0.2952559975746699,0.03994161476774009,0.10707291742766416,0.5577294702299261,25,20,20
12,1471,0.25389883964877397,0.04169011259180535,0.18296857243599873,0.5214424753234205,25,20,20
12,1472,0.3105174691576589,0.03994972171156674,0.1680308979584089,0.48150191117236607,25,20,20
12,1473,0.2384765163226717,0.04001736631482686,0.23958818046569236,0.4819179368968085,25,20,20
12,1474,0.15675477894163678,0.040040393123720014,0.3216683204767989,0.4815365074578448,25,20,20
12,1475,0.12758054925837764,0.03917509956214134,0.3529845843202768,0.48025976685920235,25,20,20
12,1476,0.22345799928855964,0.03912741065146402,0.2172838592370978,0.5201307308228816,25,20,20
12,1477,0.17376345694377224,0.0769131685837893,0.26933494767048816,0.47998842680195225,25,20,20
12,1478,0.22370344146591034,0.07869959021331653,0.21801519201442549,0.4795817763063494,25,20,20
12,1479,0.2194458641165557,0.05411518107433447,0.24668607750870158,0.47975287730040755,25,20,20
12,1480,0.2466274974219634,0.07743213286822573,0.19737511436747796,0.47856525534233363,25,20,20
12,1481,0.28292802882756396,0.07863893120162894,0.15949625768923037,0.47893678228157777,25,20,20
12,1482,0.30868178466922275,0.07866940409131064,0.1339911198527896,0.478657691386679,25,20,20
12,1483,0.33953437746041293,0.07806585753791143,0.10307124490291505,0.4793285200987639,25,20,20
12,1484,0.2818672369477616,0.07989113929912238,0.15915559733016815,0.47908602642295145,25,20,20
12,1485,0.25938192123704196,0.07993153800818795,0.16295982654811772,0.4977267142066536,25,20,20
12,1486,0.2767161592080248,0.079925306296306,0.09331519544889057,0.5500433390467786,25,20,20
12,1487,0.2798831392708287,0.07945568668897511,0.08154109238372459,0.5591200816564723,25,20,20
12,1488,0.18485820181814563,0.07952219007790565,0.19023539197516595,0.5453842161287841,25,20,20
12,1489,0.2214452551703279,0.035435579601249434,0.1837469021004836,0.5593722631279391,25,20,20
12,1490,0.2521304361670339,0.032449447554002094,0.17609121849350032,0.5393288977854657,25,20,20
12,1491,0.21705288394553007,0.07940143445641662,0.1256437098682867,0.5779019717297689,25,20,20
12,1492,0.15782285108624802,0.07952188068754076,0.1767387419951514,0.585916526231061,25,20,20
12,1493,0.21756710547833116,0.07990746409083019,0.11691075498689793,0.5856146754439425,25,20,20
12,1494,0.22352635645323968,0.05408062280326484,0.13454357898059624,0.5878494417628998,25,20,20
12,1495,0.20606579019369897,0.079917658204266,0.1261396221780963,0.5878769294239392,25,20,20
12,1496,0.24437907171113538,0.0798936131178562,0.08793147731675516,0.5877958378542537,25,20,20
12,1497,0.19916750305783296,0.0798935099363916,0.12163135468651219,0.5993076323192633,25,20,20
12,1498,0.20515778587064143,0.07989934948082103,0.12629974932789978,0.5886431153206385,25,20,20
12,1499,0.1575403500408783,0.07992540656940168,0.16301830028881825,0.599515943100904,25,20,20
12,1500,0.136864145615071,0.0799271435939034,0.1832473100071738,0.5999614007838531,25,20,20
12,1501,0.20373390923971282,0.07930574950385427,0.12493356111940432,0.5920267801370293,25,20,20
12,1502,0.16284622957888611,0.07841567581038424,0.16056206502968506,0.598176029581047,25,20,20
12,1503,0.1547829482286514,0.061608511163277965,0.18231308782784314,0.6012954527802288,25,20,20
12,1504,0.06045150871595551,0.03210352664905199,0.30544771599296233,0.6019972486420289,25,20,20
12,1505,0.08763484446690631,0.051275182397594016,0.2588464643016829,0.6022435088338142,25,20,20
12,1506,0.20746785992458214,0.012412336279649485,0.19184736921432904,0.588272434581441,25,20,20
12,1507,0.26858758541400457,0.011232889296528792,0.1322688128333912,0.5879107124560772,25,20,20
12,1508,0.19616259304134082,0.038462851550933055,0.1664312559167407,0.598943299490985,25,20,20
12,1509,0.19628760992841365,0.03896134019738191,0.17852911651106537,0.5862219333631432,25,20,20
12,1510,0.17841985186192935,0.0581018924789265,0.18952614492010422,0.5739521107390416,25,20,20
12,1511,0.18423907357817793,0.0578410354541202,0.19058641863268394,0.5673334723350171,25,20,20
12,1512,0.26383936707416344,0.0798664596440588,0.08248041001826904,0.5738137632635089,25,20,20
12,1513,0.25403736615348627,0.07866734330267641,0.08279995276887558,0.5844953377749615,25,20,20
12,1514,0.23460095739953885,0.05994520399216898,0.11264266801895444,0.5928111705893389,25,20,20
12,1515,0.1751070624840806,0.06018209538610482,0.1659785741046105,0.5987322680252061,25,20,20
12,1516,0.24596999824762716,0.07866264012893094,0.0763940426480614,0.5989733189753802,25,20,20
12,1517,0.22745210217055464,0.07991708802429115,0.09368520956492396,0.5989456002402317,25,20,20
12,1518,0.23336824957285862,0.06452605969984272,0.10335074043573536,0.5987549502915638,25,20,20
12,1519,0.2355200224050781,0.06484786800634891,0.1409334071393822,0.5586987024491932,25,20,20
12,1520,0.12786273436970405,0.03944590594162876,0.2737850530914082,0.5589063065972559,25,20,20
12,1521,0.13529188827995264,0.03998428335201193,0.26160847497347106,0.563115353394563,25,20,20
12,1522,0.1292756578935353,0.03874814695754497,0.3122440285512682,0.5197321665976506,25,20,20
12,1523,0.1142525028126669,0.03997335214091722,0.3262963312474492,0.5194778137989671,25,20,20
12,1524,0.11839193152219997,0.040832786707470134,0.33476443568884756,0.5060108460814807,25,20,20
12,1525,0.1303956078090135,0.04091881307194157,0.3231896189794965,0.5054959601395449,25,20,20
12,1526,0.2040183294148469,0.01521574233013977,0.20664785629616392,0.5741180719588482,25,20,20
12,1527,0.2024760388624513,0.039941683904224166,0.17271722688680927,0.5848650503465165,25,20,20
12,1528,0.14154579259768216,0.039970606885895696,0.18840912822260086,0.6300744722938225,25,20,20
12,1529,0.123895262056633,0.03992531716330458,0.1965128305411511,0.6396665902389126,25,20,20
12,1530,0.19776254576388255,0.03992527333074887,0.1233763187853401,0.6389358621200292,25,20,20
12,1531,0.20520845802662532,0.039946149279592495,0.11595022378934626,0.6388951689044364,25,20,20
12,1532,0.21352896227419182,0.001085736035659054,0.14595691232226987,0.6394283893678788,25,20,20
12,1533,0.22122527776218187,8.373045995380765e-07,0.1540306531199056,0.6247432318133149,25,20,20
12,1534,0.2049383840814481,0.03873850005440531,0.12161637803338139,0.6347067378307659,25,20,20
12,1535,0.25676195251174233,0.024248204223576795,0.0868216999598142,0.632168143304866,25,20,20
12,1536,0.2597322850594602,0.011233389187157423,0.08976230542501713,0.6392720203283657,25,20,20
12,1537,0.30337019717016506,0.03997059820912665,0.0170395192282314,0.6396196853924773,25,20,20
12,1538,0.3041208735042696,0.03994910416749184,0.02188940137262771,0.6340406209556106,25,20,20
12,1539,0.24860972184174546,0.03994936060354042,0.0765598917968782,0.6348810257578363,25,20,20
12,1540,0.2695141976523183,0.039938396388651,0.09576331683866104,0.59478408912037,25,20,20
12,1541,0.2120925960675962,0.00038192148093310835,0.20931139232772722,0.5782140901237437,25,20,20
12,1542,0.20312677343735375,0.0208992982529265,0.19255772247815184,0.5834162058315671,25,20,20
12,1543,0.18368578352846135,0.020905375976303583,0.2152920233012366,0.580116817194,25,20,20
12,1544,0.1574866466545273,0.038381378274333626,0.21742874654883626,0.5867032285223017,25,20,20
12,1545,0.13791295755716876,0.04000726455936002,0.22292418176325016,0.5991555961202225,25,20,20
12,1546,0.18893044293945732,0.0011124158249720003,0.2106235485165088,0.5993335927190604,25,20,20
12,1547,0.2587291228570859,3.3295156959981553e-07,0.14386690519000628,0.5974036390013405,25,20,20
12,1548,0.31042818221009816,8.761689185352578e-08,0.09244269122286981,0.5971290389501412,25,20,20
12,1549,0.26154651402564855,1.5520393781239794e-06,0.14038862858236492,0.5980633053526109,25,20,20
12,1550,0.23821584438238108,3.2805865940135936e-07,0.16308240349047223,0.5987014240684888,25,20,20
12,1551,0.2507746925253986,2.1659750805094373e-06,0.15099146772174982,0.5982316737777722,25,20,20
12,1552,0.21051384262579062,2.4857965144695263e-06,0.19052918672072752,0.5989544848569669,25,20,20
12,1553,0.21398847791299846,7.743883458923072e-05,0.19275989947847694,0.5931741837739344,25,20,20
12,1554,0.23161823308540502,0.00011766236801978434,0.17298674475411555,0.5952773597924609,25,20,20
12,1555,0.2093810458828798,1.2425818438818545e-05,0.19131346540592006,0.5992930628927623,25,20,20
12,1556,0.1742394549125094,1.2578889090333008e-05,0.22476533570824736,0.6009826304901549,25,20,20
12,1557,0.2067889394381222,0.0007516670678729785,0.15986754159432917,0.6325918518996771,25,20,20
12,1558,0.18745911116908975,3.678977297594182e-07,0.17925835208733468,0.6332821688458433,25,20,20
12,1559,0.1920664807659922,3.4756720201259575e-05,0.1797954843525367,0.6281032781612704,25,20,20
12,1560,0.15465605957377415,0.0007013518845115939,0.21600124511624613,0.6286413434254701,25,20,20
12,1561,0.2143483727574188,0.0007001409859732926,0.1468846946236703,0.6380667916329421,25,20,20
12,1562,0.24531338728838442,8.002573408300898e-09,0.11608257349842739,0.6386040312106163,25,20,20
12,1563,0.2549610357098654,1.4483835623220616e-05,0.10544642513629125,0.6395780553182194,25,20,20
12,1564,0.2554964366305797,2.586207882494032e-07,0.1090036179345308,0.635499686814101,25,20,20
12,1565,0.26467533939450927,9.257967172810327e-06,0.1373694214465335,0.597945981191787,25,20,20
12,1566,0.23183992392509117,3.802633665752197e-07,0.1739154884611799,0.5942442073503625,25,20,20
12,1567,0.25042334450917375,1.5441863397119235e-07,0.15532559385892183,0.5942509072132722,25,20,20
12,1568,0.2217433994412693,1.6577021982458838e-08,0.14450211906176225,0.6337544649199456,25,20,20
12,1569,0.1637038223212211,3.7208680538312803e-07,0.19407080405401797,0.6422250015379543,25,20,20
12,1570,0.230314916789748,3.70938884801856e-07,0.1275848305172234,0.6420998817541442,25,20,20
12,1571,0.2107149227326236,1.9480909145074412e-05,0.15112158864083036,0.638144007717401,25,20,20
12,1572,0.149935351000976,7.994933337244875e-07,0.2076283764849685,0.642435473020724,25,20,20
12,1573,0.20964961313978545,0.02198899511829773,0.13547546266166133,0.6328859290802576,25,20,20
12,1574,0.23378423583883023,0.02198900842278173,0.10486720278268004,0.63935955295571,25,20,20
12,1575,0.23512185112149042,8.357857217258385e-07,0.11931121767330126,0.6455660954194855,25,20,20
12,1576,0.24448476914278486,4.474150142830934e-07,0.10973411991262712,0.6457806635295735,25,20,20
12,1577,0.22705541646441163,6.955196338494737e-08,0.17297993540444076,0.5999645785791846,25,20,20
12,1578,0.20631153557500959,5.960568454009962e-08,0.1210512545904919,0.6726371502288129,25,20,20
12,1579,0.19602443422899912,6.548911194630102e-08,0.0853896575684513,0.7185858427134383,25,20,20
12,1580,0.1694854206609007,0.0004944149582021617,0.11160373616259137,0.7184164282183064,25,20,20
12,1581,0.169327047256826,0.000494409507180763,0.11100313383511011,0.7191754094008839,25,20,20
12,1582,0.14748575847155185,0.0004944016146474973,0.13263814080596195,0.7193816991078389,25,20,20
12,1583,0.1682526250902962,0.03825282014834509,0.07442372089922068,0.7190708338621374,25,20,20
12,1584,0.16350444757624014,0.04303081252874881,0.07433870091072128,0.71912603898429,25,20,20
12,1585,0.16274273258872188,0.03994109835599447,0.0777559677155201,0.7195602013397638,25,20,20
12,1586,0.17980937847956693,0.03994185141898244,0.07177659826477668,0.7084721718366734,25,20,20
12,1587,0.13788339863943339,0.03997653469125108,0.10294337002112389,0.7191966966481952,25,20,20
12,1588,0.18830715862460054,0.03993790384425763,0.01809313217384265,0.7536618053572992,25,20,20
12,1589,0.20067053312336403,0.03993789445881763,0.0011910109573653712,0.7582005614604523,25,20,20
12,1590,0.15462628333277592,0.03821507519131742,0.09045189261322102,0.7167067488626874,25,20,20
12,1591,0.12216290929441442,0.039790595924183,0.1225302648713772,0.7155162299100275,25,20,20
12,1592,0.10671969359279446,0.038253905794983944,0.140545277566802,0.7144811230454201,25,20,20
12,1593,0.12227866342874437,0.038234447476259925,0.12420947626470788,0.7152774128302878,25,20,20
12,1594,0.07948241746845969,0.038975889778908326,0.127629973552019,0.7539117192006148,25,20,20
12,1595,0.08250870947475925,0.038710604354147374,0.08796073628380906,0.7908199498872848,25,20,20
12,1596,0.059261607362615126,0.03872508455344234,0.11237221907537263,0.7896410890085693,25,20,20
12,1597,0.12850948643593882,0.03994865217938347,0.03446208508329877,0.7970797763013789,25,20,20
12,1598,0.08565483325286241,0.03994864957473306,0.08005915912361622,0.7943373580487877,25,20,20
12,1599,0.14527600888127867,0.03936547698249827,0.021734936364349554,0.7936235777718736,25,20,20
12,1600,0.14174951329250324,0.039959109402415226,0.03388295474805828,0.7844084225570225,25,20,20
12,1601,0.1420493471266331,0.03997304404273401,0.033177602446304806,0.7848000063843281,25,20,20
12,1602,0.10625291379600067,0.00038153907602562397,0.10832265682935184,0.7850428902986217,25,20,20
12,1603,0.09776809626685092,6.639816294712774e-07,0.15123180947885584,0.7509994302726665,25,20,20
12,1604,0.12040262381569136,6.332456117890154e-07,0.11571614014662696,0.7638806027920695,25,20,20
12,1605,0.1565431507341725,6.972949948381712e-07,0.08448224735999449,0.758973904610838,25,20,20
12,1606,0.1282923696338728,0.0005083523479901999,0.11246256879329392,0.7587367092248429,25,20,20
12,1607,0.11796128191429517,0.00014770269048866098,0.12330413134521981,0.7585868840499971,25,20,20
12,1608,0.11499041519000604,6.83947846215275e-07,0.12720007209484047,0.7578088287673084,25,20,20
12,1609,0.12928729375028924,1.609589605810815e-06,0.11322784131148342,0.7574832553486205,25,20,20
12,1610,0.11362371602635456,2.2205360622413456e-07,0.12960212241823557,0.7567739395018068,25,20,20
12,1611,0.07367686276410967,7.400834104094266e-08,0.17505560585460084,0.7512674573729502,25,20,20
12,1612,0.10794134801373566,3.022981421199168e-08,0.13916103164411048,0.7528975901123435,25,20,20
12,1613,0.11408807604484596,1.5738603397340664e-09,0.126343488821594,0.7595684335597032,25,20,20
12,1614,0.11260212127716968,6.890413132431866e-09,0.1337296324338966,0.7536682393985216,25,20,20
12,1615,0.12420260742596095,0.03995455872023227,0.08215888591766453,0.7536839479361426,25,20,20
12,1616,0.11013424638373255,0.039885738966913636,0.09175019161121387,0.7582298230381403,25,20,20
12,1617,0.11130774081893634,0.03872561562753294,0.05940981317364634,0.7905568303798843,25,20,20
12,1618,0.12256690649313949,0.03994907467176139,0.04477716657825323,0.7927068522568441,25,20,20
12,1619,0.07411178696920617,0.039970466146249016,0.05367302576324699,0.8322447211212967,25,20,20
12,1620,0.03227395710362742,0.039963312197936904,0.09031454788175118,0.8374481828166861,25,20,20
12,1621,0.022180409217115407,0.039963311948356554,0.09983712897380005,0.8380191498607288,25,20,20
12,1622,0.048076098994615624,0.038741518202156634,0.07623586889127743,0.8369465139119492,25,20,20
12,1623,0.058556042230271055,0.03874176924756571,0.06478375991185761,0.8379184286103056,25,20,20
12,1624,0.08277778755090565,0.03874451936878527,0.04190861403491519,0.8365690790453942,25,20,20
12,1625,0.04547323801854136,0.038836640237845756,0.08154877572552617,0.8341413460180886,25,20,20
12,1626,0.030781244192853725,0.07545674692537432,0.055145613496722284,0.8386163953850495,25,20,20
12,1627,0.03731044761528314,0.07743432914605178,0.04648844996520518,0.8387667732734592,25,20,20
12,1628,0.04130330107036328,0.07650692006682734,0.053751253058321236,0.8284385258044883,25,20,20
12,1629,0.010794732873624773,0.07820300428598329,0.0836862945324936,0.8273159683078979,25,20,20
12,1630,0.04033653338541244,0.05571079703145993,0.06590073976732666,0.8380519298158002,25,20,20
12,1631,0.039795111660491926,0.05568005701356337,0.06660811797234306,0.837916713353599,25,20,20
12,1632,0.03481447088846313,0.07924331018349248,0.046837789298933556,0.8391044296291106,25,20,20
12,1633,0.038665326195274796,0.050599424168888525,0.08588026217420892,0.8248549874616283,25,20,20
12,1634,0.038489840286829405,0.05412793344087405,0.0685719849475113,0.8388102413247838,25,20,20
12,1635,0.052210131611492405,0.052898936759598794,0.0560038170459351,0.8388871145829713,25,20,20
12,1636,0.039939942195747986,0.05410468653881609,0.06684427312334125,0.8391110981420944,25,20,20
12,1637,0.040419767151641486,0.07866477487614427,0.042029436753383796,0.8388860212188294,25,20,20
12,1638,0.03308024546237876,0.039795280176585866,0.10429996330891886,0.8228245110521173,25,20,20
12,1639,0.07212816821417446,0.04996775442478734,0.09144670390500773,0.7864573734560316,25,20,20
12,1640,0.07389213127136605,0.05000087093461923,0.07924150746924208,0.7968654903247723,25,20,20
12,1641,0.07274492339562574,0.021241067473336525,0.11270675101378912,0.7933072581172486,25,20,20
12,1642,0.080478662438501,0.04823787926575021,0.08378167153850001,0.7875017867572506,25,20,20
12,1643,0.12194627274607857,0.07817658479425346,0.008073526366019363,0.7918036160936482,25,20,20
12,1644,0.07698387280936571,0.06252636974485523,0.02221333171572145,0.838276425730056,25,20,20
12,1645,0.05952628872387377,0.040297942280098226,0.07429191213556564,0.8258838568604611,25,20,20
12,1646,0.037253283844157915,0.038736432151639494,0.09745161972003544,0.8265586642841679,25,20,20
12,1647,0.06044322041264847,0.038736975039274535,0.062295199025660074,0.8385246055224167,25,20,20
12,1648,0.08024343396758461,0.03873507775749871,0.04241371230814786,0.8386077759667688,25,20,20
12,1649,0.07962187015118821,0.03873507780769767,0.04264512088191477,0.8389979311591995,25,20,20
12,1650,0.0827280546701172,0.03995600325816041,0.04006100516409092,0.8372549369076306,25,20,20
12,1651,0.08160217241668768,0.0002723527099543638,0.08154110845442009,0.8365843664189392,25,20,20
12,1652,0.11794143957646464,2.1587920133770813e-07,0.04542826264686546,0.836630081897468,25,20,20
12,1653,0.08239764953421594,0.0007608918777257361,0.08581198405992486,0.8310294745281358,25,20,20
12,1654,0.08229606391226246,0.0007608923122453393,0.08388477076473418,0.833058273010758,25,20,20
12,1655,0.08090557631397717,0.0007740999004744583,0.08510746669278252,0.8332128570927657,25,20,20
12,1656,0.08026017398530094,6.095813833491116e-07,0.08193668042049733,0.8378025360128192,25,20,20
12,1657,0.0758592461098723,9.799200406925396e-07,0.0856367549640842,0.838503019006004,25,20,20
12,1658,0.08283666072951344,9.794321766306465e-07,0.08461693682320354,0.8325454230151058,25,20,20
12,1659,0.04708842484969783,0.019154930983264908,0.10081020795748667,0.8329464362095534,25,20,20
12,1660,0.041738321476803876,0.01992915024052692,0.10647460311476062,0.8318579251679107,25,20,20
12,1661,0.04169782466347906,0.019929150234860492,0.11208090327712755,0.826292121824533,25,20,20
12,1662,0.04063731480289908,0.039982496936226374,0.086811909495379,0.8325682787654968,25,20,20
12,1663,0.041737251589404716,0.03998249891026143,0.0805487616327879,0.8377314878675456,25,20,20
12,1664,0.042435362123860745,0.039970988081026844,0.08417498582213839,0.8334186639729765,25,20,20
12,1665,0.014742695237480447,0.04812721451078941,0.09777575518750423,0.8393543350642281,25,20,20
12,1666,0.03705136012815633,0.04989870938559986,0.07439601033607529,0.8386539201501679,25,20,20
12,1667,0.03957873129402037,0.026929944619529862,0.09437790648256814,0.8391134176038818,25,20,20
12,1668,0.07405927018113528,0.07818162102006979,0.04662761193763736,0.8011314968611566,25,20,20
12,1669,0.05366185312961355,0.07696607281135165,0.1214847551277707,0.7478873189312661,25,20,20
12,1670,0.0536270833277825,0.07870547491684364,0.12105659928895333,0.7466108424664211,25,20,20
12,1671,0.04369718102831492,0.07871611192038178,0.1191739746747532,0.7584127323765502,25,20,20
12,1672,0.0017857047118699238,0.03866165661173271,0.16953945286411376,0.7900131858122873,25,20,20
12,1673,0.0014538126332649124,0.03994311993656572,0.17007282903249865,0.7885302383976746,25,20,20
12,1674,0.0013858911152949144,0.039509629410871855,0.1668476313137411,0.7922568481600966,25,20,20
12,1675,0.032646345416662455,0.03873973105270294,0.12776955659556227,0.8008443669350735,25,20,20
12,1676,0.04254723305228687,0.039933659434558684,0.1178082821298424,0.7997108253833121,25,20,20
12,1677,0.043208134171298394,0.039940066744050984,0.11763255575044712,0.799219243334203,25,20,20
12,1678,0.07319411356788148,0.03994540177665729,0.08788602733029333,0.7989744573251661,25,20,20
12,1679,0.07100048962565951,0.03873566949562433,0.0969431732184326,0.7933206676602849,25,20,20
12,1680,0.08085404163283655,0.03866522481505822,0.08750677463509712,0.7929739589170072,25,20,20
12,1681,0.08062118044579042,0.03994608914358075,0.13203659483804966,0.7473961355725778,25,20,20
12,1682,0.05707534663562231,0.017967996290673784,0.16669844365524153,0.7582582134184649,25,20,20
12,1683,0.05743402949300803,0.03995562432155937,0.14998329401931193,0.7526270521661206,25,20,20
12,1684,0.10497450030678916,0.014165802336110063,0.17255876455589456,0.7083009328012072,25,20,20
12,1685,0.1479338412407432,0.014165791083969455,0.11601759679478502,0.7218827708805017,25,20,20
12,1686,0.18195612986279774,0.038270807819344006,0.06701412495540957,0.712758937362449,25,20,20
12,1687,0.16634961970180695,0.038259197071486784,0.07653417224570332,0.7188570109810034,25,20,20
12,1688,0.21856999556162682,0.038259190085156776,0.030641590869550234,0.7125292234836661,25,20,20
12,1689,0.18699303159582953,0.03827919351338437,0.05548508460645721,0.7192426902843282,25,20,20
12,1690,0.23530170553550897,0.03826039775177433,0.019206933947519482,0.7072309627651967,25,20,20
12,1691,0.19260728080012324,0.03825916104934369,0.051034581411657766,0.7180989767388755,25,20,20
12,1692,0.1904539891717901,0.038259264885240354,0.09265297028484501,0.6786337756581271,25,20,20
12,1693,0.12956375071446308,0.0420995834134866,0.14975123299935947,0.6785854328726921,25,20,20
12,1694,0.18941135441949888,0.03873506841320619,0.09400763726907842,0.6778459398982182,25,20,20
12,1695,0.18267972453482603,0.039948616937371735,0.1358868900707931,0.6414847684570101,25,20,20
12,1696,0.17515801628533897,0.03994856225292082,0.14341386200761985,0.6414795594541212,25,20,20
12,1697,0.15934597468931697,0.03827138290195275,0.1253051029068416,0.6770775395018878,25,20,20
12,1698,0.18774736797075614,0.038258645595588024,0.10886043185047406,0.665133554583182,25,20,20
12,1699,0.22748218155871264,0.0382586401407949,0.08945964086486474,0.6447995374356271,25,20,20
12,1700,0.25309490001296536,0.03800156260618476,0.04386414676871793,0.6650393906121324,25,20,20
12,1701,0.22647742123823325,0.03800159040232518,0.03846684740983765,0.6970541409496036,25,20,20
12,1702,0.19195037717084276,0.03800164676095071,0.07451229492454954,0.6955356811436565,25,20,20
12,1703,0.17692124912924165,0.039924916620408646,0.06475954540872851,0.7183942888416213,25,20,20
12,1704,0.15113115656560416,0.04076140410968935,0.12726258426441056,0.6808448550603,25,20,20
12,1705,0.16141546772559986,0.0786609004800675,0.0807575921149865,0.6791660396793497,25,20,20
12,1706,0.19932317361127436,0.07865266864903446,0.043816107470101444,0.6782080502695887,25,20,20
12,1707,0.18079436938011584,0.0798642950404544,0.07121864786936442,0.6681226877100644,25,20,20
12,1708,0.14378625857889044,0.07987157533668647,0.06353630301050248,0.712805863073919,25,20,20
12,1709,0.13819912358139763,0.07824197069750424,0.06511916602142291,0.7184397396996753,25,20,20
12,1710,0.13942734628884043,0.07988567900783419,0.050321515655382544,0.7303654590479428,25,20,20
12,1711,0.13974375758759225,0.05270227347871507,0.077997543850695,0.7295564250829989,25,20,20
12,1712,0.09932361403224671,0.09798692896111648,0.06733636922864002,0.7353530877779966,25,20,20
12,1713,0.09944290900716178,0.09351790611662172,0.12188240230748644,0.6851567825687296,25,20,20
12,1714,0.08114709671582895,0.11932221908679155,0.09249319535214204,0.7070374888452378,25,20,20
12,1715,0.08206742227069067,0.0794204512040217,0.13309142170343552,0.7054207048218594,25,20,20
12,1716,0.081823703964269,0.07942027872561025,0.09716420263658435,0.7415918146735381,25,20,20
12,1717,0.07788248647408075,0.07889077292451054,0.09331509640825708,0.7499116441931509,25,20,20
12,1718,0.09959404164468111,0.05412024234674472,0.09177421233332321,0.7545115036752524,25,20,20
12,1719,0.07426327313317664,0.07932462520413827,0.0923050287993523,0.754107072863334,25,20,20
12,1720,0.09537506718749578,0.07994573104356881,0.0655240067642255,0.75915519500471,25,20,20
12,1721,0.08019617654228174,0.07809192838778256,0.10437880273827715,0.7373330923316616,25,20,20
12,1722,0.10201519382320401,0.07982241288004309,0.0763062891555096,0.7418561041412418,25,20,20
12,1723,0.03718641263604321,0.07982243077386583,0.12403886386995376,0.7589522927201413,25,20,20
12,1724,0.08066946636545329,0.07822289144200671,0.08713763152088282,0.753970010671659,25,20,20
12,1725,0.11092836907434955,0.07819198696544033,0.051680053820710704,0.7591995901395004,25,20,20
12,1726,0.10547445440863562,0.0390290868732693,0.09715468732891454,0.7583417713891815,25,20,20
12,1727,0.10172768025854223,0.07820173987624682,0.08243023492581057,0.7376403449394001,25,20,20
12,1728,0.12031544994269908,0.03902563918737336,0.042403161574352,0.7982557492955746,25,20,20
12,1729,0.12004728082176191,0.03824696788762007,0.04774037881039908,0.7939653724802171,25,20,20
12,1730,0.09400360516989417,0.040687439867056634,0.07275233553661913,0.7925566194264286,25,20,20
12,1731,0.042009331477523004,0.04068743938664653,0.12431136890828431,0.7929918602275476,25,20,20
12,1732,0.03810573289689771,0.039970924183798086,0.13394166496640364,0.7879816779529024,25,20,20
12,1733,0.041160611629280225,0.03997066708521199,0.11999902285290853,0.798869698432599,25,20,20
12,1734,0.026188270108352847,0.039924857536452835,0.1504415217992733,0.783445350555925,25,20,20
12,1735,0.12149624436658829,0.0399545720081289,0.045882052887513056,0.7926671307377694,25,20,20
12,1736,0.12105108862814876,0.03953012018318903,0.0463066206837961,0.7931121705048652,25,20,20
12,1737,0.11450791016616459,0.0006023499060612897,0.1250181690946354,0.7598715708331402,25,20,20
12,1738,0.05939040834216857,0.014166470463692092,0.16760226540805348,0.7588408557860886,25,20,20
12,1739,0.05456989583855359,0.014084376617524139,0.18338638571485585,0.7479593418290689,25,20,20
12,1740,0.1198845134054733,0.039945734536495026,0.09209597752645815,0.748073774531575,25,20,20
12,1741,0.15890178869871796,0.03994536721176111,0.06473421814573356,0.736418625943788,25,20,20
12,1742,0.15939758623681355,0.03994544023087568,0.049675595813006096,0.750981377719305,25,20,20
12,1743,0.145797339089915,0.03994554834270092,0.10469558194807106,0.7095615306193146,25,20,20
12,1744,0.14517993761423084,0.024339072085735353,0.10733904657844585,0.7231419437215874,25,20,20
12,1745,0.16078633674697682,0.000787488220352626,0.11993290239684275,0.7184932726358291,25,20,20
12,1746,0.1371588971167594,2.4400177795948093e-05,0.14439979199167796,0.7184169107137685,25,20,20
12,1747,0.14640305740609405,0.0004150206579966183,0.1412046823817962,0.7119772395541162,25,20,20
12,1748,0.13516307270169237,1.25414109026079e-05,0.14690847903490475,0.7179159068525013,25,20,20
12,1749,0.13360544718826653,6.054822244871669e-07,0.1476545067079099,0.7187394406216018,25,20,20
12,1750,0.15812198808353664,1.4686991471481562e-06,0.14351466986042336,0.698361873356896,25,20,20
12,1751,0.11637588556985207,1.4740495171065158e-06,0.18028243925440463,0.7033402011262239,25,20,20
12,1752,0.15695507251366797,3.610427576589718e-06,0.13084657300668015,0.712194744052075,25,20,20
12,1753,0.17472881640271737,2.0098754988672637e-08,0.10689385541558737,0.7183773080829421,25,20,20
12,1754,0.12355995300594483,3.7329599265983756e-07,0.17959780968258554,0.6968418640154789,25,20,20
12,1755,0.14279803158074475,8.902088984399941e-05,0.13194112336911004,0.7251718241603022,25,20,20
12,1756,0.15127904542727183,1.3100927270687451e-06,0.08781019325982702,0.7609094512201735,25,20,20
12,1757,0.1298950764985042,1.3157205237968204e-06,0.1111980791547426,0.7589055286262295,25,20,20
12,1758,0.14213110508591678,1.563180578174668e-06,0.10557957338487504,0.7522877583486295,25,20,20
12,1759,0.16006365384124094,1.5450965247290377e-07,0.09299434576755525,0.7469418458815515,25,20,20
12,1760,0.14606389855935054,1.2249326148978728e-07,0.10307439081254827,0.7508615881348437,25,20,20
12,1761,0.18343391760679498,4.489938519588552e-05,0.0659416179692018,0.7505795650388065,25,20,20
12,1762,0.10530748509233118,1.8300809845005117e-06,0.14865531918452757,0.7460353656421588,25,20,20
12,1763,0.11427443066728524,2.0174911496692628e-07,0.14510182973593952,0.740623537847663,25,20,20
12,1764,0.16035820157568026,2.0690786230724622e-08,0.09468257978521465,0.7449591979483202,25,20,20
12,1765,0.18888798386346242,2.3227826423144558e-05,0.05222947670870556,0.7588593116014092,25,20,20
12,1766,0.15638965233130384,2.3778214512566274e-05,0.06898305705589641,0.7746035123982865,25,20,20
12,1767,0.10150553067560968,1.192106909529437e-09,0.128084381621464,0.7704100865108202,25,20,20
12,1768,0.07764008951722338,0.0149928701381351,0.11011437207035407,0.7972526682742886,25,20,20
12,1769,0.05880570430153183,0.014992880273526209,0.1279838538466468,0.7982175615782949,25,20,20
12,1770,0.07936730913768467,0.039939791409628826,0.0837582238236614,0.7969346756290263,25,20,20
12,1771,0.07945097010460529,0.03823484977037175,0.08581850331877497,0.7964956768062476,25,20,20
12,1772,0.07831883754083005,0.039922870927104205,0.11878203970589968,0.7629762518261655,25,20,20
12,1773,0.042935774622889375,0.039923020689986474,0.16792881656534803,0.7492123881217778,25,20,20
12,1774,0.07181557622532071,0.03992312109367695,0.12729129379608572,0.7609700088849166,25,20,20
12,1775,0.09999199878228782,0.039923126677032156,0.09868947438266325,0.7613954001580158,25,20,20
12,1776,0.12127726915148715,0.0005325612360940345,0.12098249300637415,0.7572076766060458,25,20,20
12,1777,0.11987901016513659,0.0009772126783707993,0.128452777643844,0.7506909995126497,25,20,20
12,1778,0.15652930199727816,0.03950619890514434,0.08888009173174494,0.715084407365833,25,20,20
12,1779,0.14471226635639284,0.03952619406140225,0.13416521288840863,0.6815963266938013,25,20,20
12,1780,0.14916228177247728,0.040766257762266285,0.13193678035830578,0.6781346801069538,25,20,20
12,1781,0.16155418078241202,0.04075335936288213,0.11835518691928007,0.6793372729354271,25,20,20
12,1782,0.1270915573796393,0.039990413905500566,0.15394213369196488,0.6789758950228983,25,20,20
12,1783,0.12192603753292407,0.060629768673979755,0.13823459046956077,0.6792096033235382,25,20,20
12,1784,0.09163226455555856,0.07992178998334817,0.10999215973661619,0.7184537857244772,25,20,20
12,1785,0.13134999173503606,0.03242516161463964,0.11674030537807693,0.7194845412722473,25,20,20
12,1786,0.14863722983187458,0.07850998179392568,0.05234763480199403,0.7205051535722055,25,20,20
12,1787,0.15942760298773043,0.07994702110580455,0.03673443994149117,0.7238909359649738,25,20,20
12,1788,0.08169259847461321,0.0786947367123265,0.12799339841618193,0.7116192663968823,25,20,20
12,1789,0.057277181054349056,0.07743960814158533,0.1483208401596726,0.7169623706443968,25,20,20
12,1790,0.11259562381987942,0.0774487068994737,0.10227584345003032,0.7076798258306181,25,20,20
12,1791,0.074870031762033,0.11567623680773811,0.09883073733201005,0.7106229940982179,25,20,20
12,1792,0.07279461075197355,0.11571462380055691,0.028148069184802706,0.7833426962626673,25,20,20
12,1793,0.07246945670180428,0.11694013144094034,0.012995955539844228,0.797594456317412,25,20,20
12,1794,0.06266609475273201,0.11775238795651818,0.060039717286500656,0.7595418000042493,25,20,20
12,1795,0.04814219259438951,0.07702453768968409,0.18772868133307166,0.6871045883828552,25,20,20
12,1796,0.08755785429512043,0.07702573077276152,0.19110809404290244,0.6443083208892155,25,20,20
12,1797,0.1030534586837902,0.07840434095091715,0.13925074341467336,0.6792914569506207,25,20,20
12,1798,0.09554691986050459,0.07918044941806635,0.19666828924875163,0.6286043414726793,25,20,20
12,1799,0.15446258019166956,0.07861832514255875,0.12784265823542246,0.6390764364303508,25,20,20
12,1800,0.18940969433905347,0.07937094536152726,0.10318533733982106,0.6280340229595985,25,20,20
12,1801,0.21884485969076603,0.07937100700274813,0.06373151946091717,0.6380526138455683,25,20,20
12,1802,0.20820847461191724,0.04069135403830281,0.07758976763958605,0.6735104037101921,25,20,20
12,1803,0.22289746509259076,0.03900973208378284,0.06391591561212788,0.6741768872114976,25,20,20
12,1804,0.18807531148466364,0.03991958178785294,0.10943272811312647,0.662572378614357,25,20,20
12,1805,0.21039471937679843,0.03995520254547331,0.07031561024496731,0.6793344678327606,25,20,20
12,1806,0.1968449299863183,0.03823193550163932,0.08547217309241438,0.6794509614196272,25,20,20
12,1807,0.20893323358427593,0.03990829088023152,0.07300099374326728,0.6781574817922257,25,20,20
12,1808,0.1958715465226685,0.03990836852008007,0.10865849140123986,0.6555615935560145,25,20,20
12,1809,0.20246901838527,0.03823457879533871,0.13373767981767076,0.6255587230017227,25,20,20
12,1810,0.2304914775224455,0.04164509453650389,0.08866158766436291,0.639201840276689,25,20,20
12,1811,0.2248397409902024,0.03997055999156108,0.09487834219133041,0.6403113568269069,25,20,20
12,1812,0.2401838153267456,0.039970581356558586,0.08069072873317154,0.6391548745835245,25,20,20
12,1813,0.20262449011801084,0.039955681879926444,0.13109645340346263,0.6263233745985992,25,20,20
12,1814,0.2628150888119107,0.03955486944384065,0.05846016009399331,0.6391698816502549,25,20,20
12,1815,0.24675813438863936,0.03955472011875365,0.08884867015425357,0.6248384753383555,25,20,20
12,1816,0.23583096198868028,0.036881258665399236,0.08921922021212701,0.6380685591337978,25,20,20
12,1817,0.20637187196302062,0.036880738583968176,0.11855267417178439,0.6381947152812262,25,20,20
12,1818,0.2247146062283477,0.03872628065184792,0.09860368820599018,0.6379554249138151,25,20,20
12,1819,0.22402405529906094,0.03949675499383736,0.09743577367554074,0.6390434160315613,25,20,20
12,1820,0.21977236276227027,0.03825945034691173,0.10298575763206057,0.6389824292587593,25,20,20
12,1821,0.27713712347432984,0.0010854624810361713,0.10047280577819812,0.6213046082664389,25,20,20
12,1822,0.2629976872944456,1.3193514543260165e-06,0.11696601353008304,0.6200349798240196,25,20,20
12,1823,0.2635301350993761,1.7546007900180724e-05,0.0980674574555783,0.6383848614371479,25,20,20
12,1824,0.23931337533438982,1.7125669674648606e-05,0.12428094326409492,0.6363885557318417,25,20,20
12,1825,0.20980933409009006,0.0001337699663164777,0.15390330958631307,0.6361535863572816,25,20,20
12,1826,0.23567339197856532,1.8008807558671995e-06,0.12860101230380339,0.6357237948368762,25,20,20
12,1827,0.22795792201305545,1.3608651414453291e-07,0.13414664539017834,0.637895296510251,25,20,20
12,1828,0.2341400485487877,1.0598838702533485e-05,0.14124222332297254,0.6246071292895407,25,20,20
12,1829,0.2627666003449078,2.0316660133082637e-05,0.11271220805830852,0.6245008749366506,25,20,20
12,1830,0.2456993463853021,2.0976501285147002e-05,0.1370851513154806,0.6171945257979329,25,20,20
12,1831,0.24657015886046732,1.7276184347173864e-05,0.11426704337837588,0.6391455215768111,25,20,20
12,1832,0.25385904664728876,1.7456511272476047e-05,0.10696374241573128,0.6391597544257087,25,20,20
12,1833,0.19032882625038186,1.1219688992871892e-06,0.17164242182113157,0.6380276299595892,25,20,20
12,1834,0.24533599497964576,1.1517385991276302e-05,0.12220191612456624,0.6324505715097986,25,20,20
12,1835,0.20982347613194324,0.023964514676301483,0.14198671175411348,0.6242252974376423,25,20,20
12,1836,0.1982730563519871,0.02395380691641198,0.15402262206031328,0.6237505146712875,25,20,20
12,1837,0.18887747896077997,0.0010867078277206161,0.17082366940842994,0.6392121438030707,25,20,20
12,1838,0.2161895191100438,2.0041877500802625e-05,0.14498064291320842,0.6388097960992489,25,20,20
12,1839,0.197891594219257,0.0010970171348716187,0.17510640447065332,0.6259049841752208,25,20,20
12,1840,0.17593554989173604,0.001087502462348171,0.18164392748094735,0.6413330201649695,25,20,20
12,1841,0.17087485340824643,7.845122103899406e-07,0.18818681096220014,0.6409375511173431,25,20,20
12,1842,0.1567099667562996,2.120427630066763e-06,0.20629634601096217,0.6369915668051095,25,20,20
12,1843,0.20314275926933853,0.016545787316382933,0.14455210130335508,0.6357593521109254,25,20,20
12,1844,0.19176373755877207,0.041554992093916464,0.12815613987232782,0.6385251304749857,25,20,20
12,1845,0.19515178610272635,0.03969578254482554,0.1235310318939423,0.6416213994585063,25,20,20
12,1846,0.1774850905574007,0.04031443088788209,0.14442302762003417,0.6377774509346864,25,20,20
12,1847,0.1981168437218209,0.038260995828671616,0.13945425226858751,0.624167908180922,25,20,20
12,1848,0.2490554309201873,0.03997130407216924,0.0725585443549808,0.6384147206526619,25,20,20
12,1849,0.2160348304556414,0.03992782825341976,0.10800023353581116,0.6360371077551269,25,20,20
12,1850,0.1930758439621437,3.1421639473520383e-06,0.16832613547344605,0.6385948784004628,25,20,20
12,1851,0.22272528238578448,3.149827954816937e-06,0.138084451057347,0.6391871167289137,25,20,20
12,1852,0.2198180396692815,6.773486980717288e-07,0.14066674710171856,0.6395145358803034,25,20,20
12,1853,0.18894019655764221,7.293149867952673e-06,0.16971839780371453,0.6413341124887773,25,20,20
12,1854,0.24292252904522887,4.8604934517414804e-08,0.11621324640789017,0.6408641759419473,25,20,20
12,1855,0.19411992537654205,0.000776498879353245,0.16392144967176395,0.6411821260723436,25,20,20
12,1856,0.22717824010062934,1.982645989241715e-06,0.13252136617770932,0.6402984110756749,25,20,20
12,1857,0.23909933567170477,2.56161559092467e-07,0.12164457591659528,0.6392558322501423,25,20,20
12,1858,0.2400616422276169,0.0005140569697254502,0.12472621973408861,0.6346980810685708,25,20,20
12,1859,0.2405734912535192,2.5737083867525737e-07,0.1274080755040861,0.6320181758715581,25,20,20
12,1860,0.22156295380647492,9.512248305366628e-08,0.14060445544973152,0.6378324956213124,25,20,20
12,1861,0.24093668435550025,6.896198357525698e-09,0.13089258201531243,0.6281707267329905,25,20,20
12,1862,0.23257338591277926,1.4682930677657639e-08,0.09328502807792936,0.6741415713263603,25,20,20
12,1863,0.2237217636421759,4.90544155446786e-05,0.09751815802478647,0.6787110239174953,25,20,20
12,1864,0.22418673747775827,4.9092505988209756e-05,0.06775609839101321,0.7080080716252405,25,20,20
12,1865,0.193949814359408,5.055060897066583e-05,0.08685277330619144,0.7191468617254305,25,20,20
12,1866,0.18954985396515958,4.923796102818386e-05,0.09122711078146532,0.7191737972923462,25,20,20
12,1867,0.16916984485983033,4.56322395153965e-05,0.12101087856399909,0.7097736443366586,25,20,20
12,1868,0.20378919296645936,1.347948990578846e-06,0.07762749592693943,0.7185819631576092,25,20,20
12,1869,0.19910398056934808,2.570226418048747e-06,0.08201733894796771,0.7188761102562664,25,20,20
12,1870,0.22391169637900732,2.9156547738498146e-07,0.05735749585058882,0.718730516204926,25,20,20
12,1871,0.2262335569244718,7.190152839200923e-07,0.09015128908328293,0.6836144349769653,25,20,20
12,1872,0.18919630824380626,7.927066838562461e-07,0.09219683133937945,0.7186060677101316,25,20,20
12,1873,0.17673596988727674,2.696672293309687e-07,0.1111972198632526,0.7120665405822442,25,20,20
12,1874,0.1647426601023077,4.952463507777929e-07,0.17676164849373519,0.6584951961576081,25,20,20
12,1875,0.1953206555415888,6.442526274122211e-07,0.13936111793428835,0.6653175822714946,25,20,20
12,1876,0.18301279826456857,3.142466867658787e-07,0.09787020796653711,0.7191166795222109,25,20,20
12,1877,0.16778657462231966,8.48901495936288e-08,0.11356641617753085,0.7186469243100007,25,20,20
12,1878,0.23127152697483544,2.1051328235045963e-07,0.05078176961864891,0.717946492893233,25,20,20
12,1879,0.24547649360206933,1.8126504001698813e-07,0.03616576886020698,0.7183575562726832,25,20,20
12,1880,0.178498826250129,1.8955248107510477e-07,0.10267563269946116,0.7188253514979318,25,20,20
12,1881,0.15006638701355107,1.516738989691417e-07,0.12816996894860336,0.7217634923639487,25,20,20
12,1882,0.12342621183568574,9.814361048681186e-06,0.12455611576025427,0.7520078580430127,25,20,20
12,1883,0.06351433287224979,9.912562506480991e-06,0.18436916646030532,0.7521065881049372,25,20,20
12,1884,0.09005547426789125,4.5542946505824783e-10,0.1633555603804396,0.7465889648962417,25,20,20
12,1885,0.0796004766809209,1.344546560461858e-06,0.18542274932350505,0.7349754294490143,25,20,20
12,1886,0.07989007979419668,8.376761424364492e-07,0.12296632054884597,0.797142761980817,25,20,20
12,1887,0.10564187866294877,1.628862841577347e-08,0.09852845259760735,0.7958296524508177,25,20,20
12,1888,0.049901817885418275,1.1972146981290559e-05,0.15201429699503285,0.7980719129725686,25,20,20
12,1889,0.11958781285204094,0.024538989306567643,0.05950521515162282,0.7963679826897689,25,20,20
12,1890,0.11239001370114657,0.039974093799368254,0.05300722732722963,0.7946286651722564,25,20,20
12,1891,0.11355747656607093,0.001097933266794998,0.09676310016611893,0.7885814900010163,25,20,20
12,1892,0.11398266044568872,9.643220329302822e-09,0.08688432961787196,0.7991330002932192,25,20,20
12,1893,0.12406222230509027,6.239891736487329e-06,0.07682659707989087,0.7991049407232823,25,20,20
12,1894,0.1305068899684404,7.767618003429319e-06,0.029884407666095996,0.8396009347474592,25,20,20
12,1895,0.1303656418148133,7.768250022478653e-06,0.047560537543352516,0.822066052391811,25,20,20
12,1896,0.1516596401124498,5.049392679689685e-09,0.022765137462034016,0.8255752173761232,25,20,20
12,1897,0.12417023902306275,1.406677317366261e-09,0.03748768650611283,0.8383420730641471,25,20,20
12,1898,0.10638351399081401,0.003312064163145501,0.06326816854138634,0.8270362533046531,25,20,20
12,1899,0.15234630666325744,2.980783807626265e-08,0.05417369588536792,0.7934799676435358,25,20,20
12,1900,0.15193060990495993,1.1323977600552662e-06,0.04949168315470946,0.7985765745425695,25,20,20
12,1901,0.10252993000609648,3.166332341253219e-06,0.09917670059197689,0.7982902030695856,25,20,20
12,1902,0.1002637404792891,0.000795228253739753,0.11163309954137159,0.7873079317256007,25,20,20
12,1903,0.14053573839098127,0.0007955792090360504,0.06138180277747968,0.7972868796225014,25,20,20
12,1904,0.14910905223593032,0.000795209454602127,0.05212260879023844,0.7979731295192286,25,20,20
12,1905,0.1210839523226947,2.2793220410195196e-07,0.08077206194662918,0.7981437577984741,25,20,20
12,1906,0.12056238620723667,8.832136663993346e-09,0.08144856389295142,0.7979890410676767,25,20,20
12,1907,0.09287788492829473,9.558501464163451e-08,0.0764073181859939,0.8307147013006965,25,20,20
12,1908,0.09267561134966566,9.807058384671382e-08,0.0756853632855409,0.8316389272942089,25,20,20
12,1909,0.08273589437017775,5.9616454390660895e-09,0.1287319211264,0.788532178541778,25,20,20
12,1910,0.06118823759230854,2.391355974437065e-09,0.13623656338869916,0.8025751966276365,25,20,20
12,1911,0.05848499936745274,1.0327122427368184e-08,0.17918261019484075,0.7623323801105849,25,20,20
12,1912,0.06994282806363525,1.7030761506637383e-06,0.1486217464956066,0.7814337223646092,25,20,20
12,1913,0.11077057565667418,1.703313351664769e-06,0.11564248929491973,0.7735852317350544,25,20,20
12,1914,0.054155873446487285,8.288241878616243e-05,0.1546579012683798,0.7911033428663496,25,20,20
12,1915,0.06987777900294563,7.926779811979282e-11,0.091794308334858,0.8383279125829294,25,20,20
12,1916,0.06987976653291224,1.9904570028769352e-05,0.10494639863172556,0.8251539302653353,25,20,20
12,1917,0.16241850021952856,3.4859889208226203e-07,0.0523689289352828,0.7852122222462959,25,20,20
12,1918,0.195481019696042,2.3919121985022727e-08,0.006598316671753626,0.7979206397130824,25,20,20
12,1919,0.20046060445228345,4.6817096905484076e-08,0.046596250902262,0.752943097828357,25,20,20
12,1920,0.16056743053698427,1.457159591811773e-05,0.09184042050360831,0.7475775773634906,25,20,20
12,1921,0.16661552280339945,1.3571988947130168e-08,0.07422679641564754,0.7591576672089623,25,20,20
12,1922,0.15917634435821756,2.526169075136969e-07,0.08141077356811137,0.7594126294567662,25,20,20
12,1923,0.1981239950592283,0.00034630874908132684,0.04692931538404228,0.754600380807647,25,20,20
12,1924,0.13404682696636386,0.00034653355814000074,0.11690473789968908,0.748701901575808,25,20,20
12,1925,0.12666332892474355,2.6979335812008016e-08,0.15855986678831388,0.7147767773076099,25,20,20
12,1926,0.11054189304382687,1.3198565250541075e-05,0.17509403980844992,0.7143508685824729,25,20,20
12,1927,0.09175192101869438,1.3206234789915852e-05,0.18928642814009394,0.7189484446064215,25,20,20
12,1928,0.19214921058655393,1.3181762120584555e-05,0.0893700829420951,0.7184675247092303,25,20,20
12,1929,0.209289692096492,1.834599253362353e-07,0.08454912200112483,0.7061610024424577,25,20,20
12,1930,0.22142131545125854,6.654003599991332e-08,0.08081239243447909,0.6977662255742257,25,20,20
12,1931,0.2643408688567623,4.699223751522346e-08,0.032586924914959986,0.7030721592360405,25,20,20
12,1932,0.22947220057188017,4.587289166780156e-08,0.0671108492278887,0.7034169043273383,25,20,20
12,1933,0.27499866985371935,3.6201326221787666e-06,0.007058991617293913,0.7179387183963637,25,20,20
12,1934,0.24777552768567332,4.7701199261260384e-06,0.032909032191949274,0.7193106700024517,25,20,20
12,1935,0.19485660532256216,3.7473623102108847e-06,0.08577788796433257,0.719361759350798,25,20,20
12,1936,0.19266232821669363,1.0976223826290494e-05,0.09467324281943305,0.7126534527400473,25,20,20
12,1937,0.19606257207325622,3.1436494794480375e-06,0.08569059764994838,0.7182436866273154,25,20,20
12,1938,0.16815151346713,0.00021305018935335225,0.11709123023490571,0.7145442061086112,25,20,20
12,1939,0.17235940923290616,0.00021021555214967218,0.09350987537870883,0.7339204998362351,25,20,20
12,1940,0.13979249664006022,3.443184643171134e-07,0.15894416914381054,0.7012629898976681,25,20,20
12,1941,0.15874842206005435,7.478521037181334e-08,0.11872946357018459,0.7225220395845507,25,20,20
12,1942,0.16400422140922227,3.583675082060198e-08,0.12667299617558267,0.7093227465784459,25,20,20
12,1943,0.120591865105854,9.193709049530385e-10,0.16933585558958206,0.7100722783851944,25,20,20
12,1944,0.1378362777057618,4.0684481065225903e-07,0.15538520814464502,0.7067781073047867,25,20,20
12,1945,0.15952246327867234,1.4120060940349143e-06,0.12197577222096777,0.7185003524942664,25,20,20
12,1946,0.14591994113006013,2.00776022438095e-05,0.13454356287371902,0.7195164183939765,25,20,20
12,1947,0.2025468450458119,4.210709807880074e-05,0.05271512822038551,0.7446959196357235,25,20,20
12,1948,0.18737871930753644,1.8663582681135344e-05,0.07279954772992286,0.739803069379859,25,20,20
12,1949,0.185491467927254,6.401952351313214e-08,0.07431583365015638,0.7401926344030653,25,20,20
12,1950,0.19833823566224207,9.749139255163674e-07,0.06589525535256319,0.7357655340712691,25,20,20
12,1951,0.1869789293010439,9.7792735339516e-07,0.05457134475022479,0.7584487480213756,25,20,20
12,1952,0.18940635043249204,9.744023008409915e-07,0.05245875691055365,0.7581339182546536,25,20,20
12,1953,0.15819371527753928,4.4493952814369534e-05,0.0433206290953887,0.7984411616742573,25,20,20
12,1954,0.1545676144400989,4.449622753572137e-05,0.04850338111928844,0.7968845082130761,25,20,20
12,1955,0.1412150521334172,4.530434727659456e-05,0.06422130923931502,0.7945183342799905,25,20,20
12,1956,0.1411977260377477,4.530434323549836e-05,0.06026088179432786,0.7984960878246876,25,20,20
12,1957,0.14756224480846927,4.3230145474003083e-07,0.0539910773664168,0.7984462455236584,25,20,20
12,1958,0.1362621694012279,1.8265948971057174e-05,0.0655914305805363,0.7981281340692631,25,20,20
12,1959,0.07666515451077642,5.327474688804504e-07,0.12474850576473197,0.7985858069770252,25,20,20
12,1960,0.06997821659685895,3.711863893590889e-08,0.13235586090345403,0.7976658853810491,25,20,20
12,1961,0.11679080948295324,8.22379389006937e-08,0.12074309029097297,0.7624660179881363,25,20,20
12,1962,0.14390810191766937,1.652326172190411e-08,0.11200061939674529,0.7440912621623241,25,20,20
12,1963,0.10714024572905095,0.0002563781139529556,0.1829820100768276,0.70962136608017,25,20,20
12,1964,0.08934234994512623,1.8251428115544907e-06,0.148268078190295,0.7623877467217669,25,20,20
12,1965,0.10199804166796231,7.870441168582395e-08,0.1485365294898478,0.7494653501377809,25,20,20
12,1966,0.1341090005649158,2.800430965702565e-07,0.09275650642367228,0.7731342129683147,25,20,20
12,1967,0.13246206039611969,0.0008024649727608012,0.10946951071502563,0.7572659639160956,25,20,20
12,1968,0.13351884099034725,0.0008022843801438754,0.11853668094963524,0.7471421936798731,25,20,20
12,1969,0.131653707644352,1.7443817683972482e-06,0.15266031093116902,0.715684237042712,25,20,20
12,1970,0.08748221458615232,0.024546007847132283,0.17662109453848823,0.7113506830282283,25,20,20
12,1971,0.12344895101213055,0.02455386046286902,0.10599913179284456,0.7459980567321568,25,20,20
12,1972,0.15138809914264514,0.01123172876224924,0.05721032711013365,0.7801698449849723,25,20,20
12,1973,0.11645150108878471,0.011231644275693902,0.08869291278537492,0.783623941850148,25,20,20
12,1974,0.11814322480998744,0.011231634931962997,0.07458789091456967,0.7960372493434792,25,20,20
12,1975,0.14801970681239388,0.038726024820021986,0.015857123427316433,0.7973971449402678,25,20,20
12,1976,0.1496206190645155,0.039939471937993305,0.018464609435871512,0.7919752995616188,25,20,20
12,1977,0.0939261943569705,0.039971958512079804,0.06688910457167772,0.7992127425592712,25,20,20
12,1978,0.08584902011181311,0.0007955797902110695,0.11444820703752422,0.7989071930604524,25,20,20
12,1979,0.08418945533905794,3.376442238769889e-07,0.11840013744794613,0.7974100695687747,25,20,20
12,1980,0.0805291763161418,0.0005829702746696561,0.131852176021764,0.7870356773874279,25,20,20
12,1981,0.0854842376581416,0.0005829367427180325,0.11525468939021677,0.7986781362089235,25,20,20
12,1982,0.08318543609321649,0.0004167159914283381,0.1270965276519164,0.7893013202634402,25,20,20
12,1983,0.08642542466116954,2.8168020760588186e-06,0.12656637472198223,0.7870053838147762,25,20,20
12,1984,0.08077341254559015,3.060170642856011e-07,0.13033543690239527,0.7888908445349524,25,20,20
12,1985,0.11161804561111068,3.5017895982166045e-05,0.0916861843322471,0.7966607521606606,25,20,20
12,1986,0.11529016352149395,3.526029687672174e-05,0.1282390077035727,0.7564355684780569,25,20,20
12,1987,0.1265588954452252,2.1519934803461856e-08,0.1093144402794525,0.7641266427553879,25,20,20
12,1988,0.11843888615993141,1.9174936016723484e-07,0.12012265894882797,0.7614382631418829,25,20,20
12,1989,0.07992466431086183,2.0176704023234918e-07,0.1366563356327699,0.7834187982893281,25,20,20
12,1990,0.14352071188972448,1.3996890546216517e-06,0.07248967196361351,0.7839882164576079,25,20,20
12,1991,0.15955359658158344,1.5037252958501276e-09,0.04135257098106031,0.7990938309336311,25,20,20
12,1992,0.16574086992528328,8.371870971923479e-09,0.042830296028998543,0.7914288256738469,25,20,20
12,1993,0.1551014314189637,1.673650394469876e-07,0.04166379743119549,0.8032346037848,25,20,20
12,1994,0.1745285023323705,2.5764964855038445e-08,0.053333468979461285,0.7721380029232023,25,20,20
12,1995,0.1764952879190897,4.016270905207906e-09,0.0678521031480064,0.7556526049166323,25,20,20
12,1996,0.12039191012411331,9.641270900087001e-07,0.17256530672050124,0.7070418190282968,25,20,20
12,1997,0.14301790409020193,8.970308471393457e-06,0.09799620962402855,0.7589769159773,25,20,20
12,1998,0.14300194168264332,8.970245150452132e-06,0.09812831175158296,0.7588607763206234,25,20,20
12,1999,0.15292856852675912,2.1155152850764745e-08,0.04869780394644037,0.7983736063716474,25,20,20
12,2000,0.10387161406678125,3.211785830550945e-08,0.09746297533805386,0.7986653784773071,25,20,20
12,2001,0.1024961017510288,1.0558571449021092e-06,0.09862448471070147,0.7988783576811258,25,20,20
12,2002,0.08235923573042273,1.045897573016625e-06,0.12309360148433042,0.7945461168876752,25,20,20
12,2003,0.09862064186987161,1.8791768981926392e-06,0.10718081477734524,0.7941966641758856,25,20,20
12,2004,0.09505346966053235,9.110589039833101e-07,0.10656213566868156,0.798383483611881,25,20,20
12,2005,0.07239815429013421,0.0010876056405576587,0.12818868304786366,0.798325557021444,25,20,20
12,2006,0.08980322994515792,0.0010862414130366172,0.17129761626693438,0.7378129123748727,25,20,20
12,2007,0.07699334021457839,0.0010870972952646669,0.17704365041520093,0.744875912074957,25,20,20
12,2008,0.119150526712887,4.535506905312772e-07,0.1354506912555377,0.7453983284808878,25,20,20
12,2009,0.13487544419058087,5.759653958439176e-08,0.10704809060892442,0.7580764076039541,25,20,20
12,2010,0.1493588794806401,5.848059946963272e-08,0.09259704397265424,0.7580440180661079,25,20,20
12,2011,0.0981995878093064,5.079446537741164e-06,0.14258612121435596,0.7592092115298024,25,20,20
12,2012,0.07620218553182835,2.881795539666958e-06,0.1654325464762437,0.758362386196388,25,20,20
12,2013,0.15878441036384033,6.944687789533093e-08,0.0986093845520364,0.7426061356372468,25,20,20
12,2014,0.08122552255279908,4.037644674329687e-07,0.1769250342706945,0.7418490394120374,25,20,20
12,2015,0.1233947035481184,1.0201149493736094e-06,0.14626858387038028,0.7303356924665529,25,20,20
12,2016,0.09193869565053778,0.011008939103551236,0.1676088611488478,0.7294435040970648,25,20,20
12,2017,0.09602292345462839,1.1096553218605366e-05,0.17060001243504858,0.7333659675571063,25,20,20
12,2018,0.05008319154872937,9.622675141542938e-06,0.1916394759106825,0.7582677098654471,25,20,20
12,2019,0.05374442396440828,0.021228940493884237,0.2122770669777387,0.7127495685639694,25,20,20
12,2020,0.05764170009545431,0.021302307578887052,0.2017707150880372,0.7192852772376205,25,20,20
12,2021,0.06658355031029262,0.039938762269638106,0.16906354293180606,0.7244141444882622,25,20,20
12,2022,0.07180415259833885,0.039331380547757616,0.17142685049897952,0.7174376163549232,25,20,20
12,2023,0.0452062689412937,0.038209823852000266,0.21252100879167637,0.7040628984150291,25,20,20
12,2024,0.07246616307544901,0.039531045368092446,0.18426818900318473,0.7037346025532766,25,20,20
12,2025,0.07627315091099321,0.03875760183179299,0.1274549341099894,0.7575143131472276,25,20,20
12,2026,0.08396821334089856,0.038721163936164336,0.11929228823966151,0.7580183344832758,25,20,20
12,2027,0.07303551147536205,0.014166733603091017,0.16547489187273826,0.7473228630488105,25,20,20
12,2028,0.08130341625019823,0.014153850157369124,0.14724064654931454,0.757302087043119,25,20,20
12,2029,0.11201604576629952,0.038720748223816555,0.08916898421892373,0.7600942217909622,25,20,20
12,2030,0.11982435833556337,0.0387414651200628,0.08921036169940232,0.7522238148449718,25,20,20
12,2031,0.19186357631009637,0.03997076785504452,0.05601321966122245,0.712152436173636,25,20,20
12,2032,0.23888519147565743,0.03993547396271556,0.013223769347488224,0.7079555652141384,25,20,20
12,2033,0.2189850275083282,0.039539969556568556,0.03941961361623193,0.7020553893188706,25,20,20
12,2034,0.17657197889770967,0.03961997978097625,0.08226166497742428,0.7015463763438887,25,20,20
12,2035,0.13436079349193691,0.039619966339649634,0.11762724034264985,0.7083919998257662,25,20,20
12,2036,0.14022064670248965,0.040019587500108963,0.09954599522758166,0.7202137705698185,25,20,20
12,2037,0.15975676542534434,0.03995168437331012,0.08114064384366726,0.7191509063576786,25,20,20
12,2038,0.16187602163876705,0.03994026192322817,0.08016860597199635,0.718015110466008,25,20,20
12,2039,0.2034230010040257,0.0399568441082326,0.03781243449518435,0.7188077203925574,25,20,20
12,2040,0.2155594161440984,0.03993960977623451,0.041596456466243215,0.702904517613424,25,20,20
12,2041,0.18878640594705345,0.03937423230142423,0.06891498716754361,0.7029243745839778,25,20,20
12,2042,0.12485185452443379,0.011251945643095172,0.14506808763845222,0.7188281121940213,25,20,20
12,2043,0.13107702044203637,0.039952685227925076,0.11070272821001033,0.7182675661200281,25,20,20
12,2044,0.13062044635180456,0.00041718692779646704,0.1706610911374951,0.698301275582906,25,20,20
12,2045,0.15261572450792854,0.0007795169407389848,0.14839245758936387,0.69821230096197,25,20,20
12,2046,0.16625646349226403,8.989768916718616e-06,0.12510930329349887,0.7086252434453225,25,20,20
12,2047,0.15254169616624313,8.978477836108594e-07,0.10966039652764518,0.7377970094583287,25,20,20
12,2048,0.13064103277145495,1.8459101235173556e-06,0.1501677614206299,0.7191893598977921,25,20,20
12,2049,0.12300244284198016,3.2569143484936955e-07,0.11776652975301477,0.7592307017135722,25,20,20
12,2050,0.11875805363822754,1.8067809865276606e-08,0.08830233114121892,0.792939597152744,25,20,20
12,2051,0.15465031875355678,3.6171115198026993e-07,0.04629497367911199,0.7990543458561779,25,20,20
12,2052,0.11632569148226583,6.193192056971012e-07,0.08506606145893723,0.7986076277395908,25,20,20
12,2053,0.1059305754443149,2.5036351878358274e-07,0.09932310307111161,0.7947460711210543,25,20,20
12,2054,0.08205217706693842,4.439726966415326e-05,0.12305409734552693,0.7948493283178725,25,20,20
12,2055,0.10585504321757157,1.2513699820210631e-09,0.09558192634347731,0.7985630291875815,25,20,20
12,2056,0.08881588673414242,7.242953919787988e-07,0.11746107227262241,0.7937223166978409,25,20,20
12,2057,0.09468920800782649,7.238850184932503e-07,0.10705989911704547,0.7982501689901074,25,20,20
12,2058,0.040525409196695346,1.6090077743226336e-07,0.16122717900618164,0.7982472508963475,25,20,20
12,2059,0.05332178583606106,2.2325022348687673e-05,0.14828186656133596,0.798374022580254,25,20,20
12,2060,0.07499696154563879,2.4701304176068262e-06,0.14282272908904786,0.7821778392348968,25,20,20
12,2061,0.07938031753265434,2.40517701490943e-06,0.1223123992766908,0.7983048780136417,25,20,20
12,2062,0.07983883174407147,2.4049235617564155e-06,0.1318436269760799,0.7883151363562877,25,20,20
12,2063,0.0786939588637963,3.110768458376193e-08,0.13401930357360323,0.7872867064549189,25,20,20
12,2064,0.07951162647136811,5.554968659064092e-07,0.12456162338834671,0.7959261946434195,25,20,20
12,2065,0.08831904415953339,5.55436187916002e-07,0.1273960348899594,0.7842843655143215,25,20,20
12,2066,0.12662391486095761,6.113888833736876e-07,0.0729845154441634,0.8003909583059952,25,20,20
12,2067,0.0771842852904867,1.369601465729565e-08,0.09277364252934339,0.8300420584841568,25,20,20
12,2068,0.06603421386225505,2.117450657881535e-07,0.13897668142617112,0.7949888929665073,25,20,20
12,2069,0.06679965891435352,1.1053434003110725e-07,0.16382536810143303,0.7693748624498764,25,20,20
12,2070,0.08164802217476225,1.0087724932869732e-07,0.12021766969270546,0.7981342072552873,25,20,20
12,2071,0.12062309727683186,9.486396940079017e-08,0.08043170209993221,0.7989451057592657,25,20,20
12,2072,0.08735879576026948,1.4177626172921212e-08,0.13435006009991818,0.7782911299621876,25,20,20
12,2073,0.14092070362206902,8.693261027260015e-08,0.05972347609994519,0.7993557333453744,25,20,20
12,2074,0.16010800738638534,8.456895226722451e-08,0.041452208057427865,0.7984396999872341,25,20,20
12,2075,0.18847392254624817,1.1281560605588882e-05,0.01726063070130422,0.7942541651918417,25,20,20
12,2076,0.1877559596845071,1.9004679628302125e-07,0.03242708808493258,0.7798167621837632,25,20,20
12,2077,0.18045044407116184,3.8646293912772166e-07,0.022281366832773757,0.7972678026331248,25,20,20
12,2078,0.163985712594259,3.1618300134050497e-07,0.07762392430744475,0.7583900469152945,25,20,20
12,2079,0.1551116993186303,4.09639706833245e-07,0.08561825108401802,0.7592696399576461,25,20,20
12,2080,0.14154453758507032,7.004590063200644e-06,0.11422242703161592,0.7442260307932522,25,20,20
12,2081,0.10439287064180411,0.0003967783517574195,0.1378088166910447,0.7574015343153946,25,20,20
12,2082,0.11491963663682701,0.00039539573288839406,0.1408459430199716,0.7438390246103131,25,20,20
12,2083,0.13466013470764657,0.0003953941647644828,0.14036138192708852,0.7245830892005024,25,20,20
12,2084,0.20810039726581897,5.598676378359033e-09,0.07421161348694187,0.717687983648561,25,20,20
12,2085,0.17716259641298393,3.782919792520211e-07,0.10407840719436423,0.7187586181006741,25,20,20
12,2086,0.1980645094533251,0.0010042892441466998,0.08304900086971909,0.7178822004328097,25,20,20
12,2087,0.1740667918657884,0.0010053685002990218,0.10662674791624589,0.7183010917176673,25,20,20
12,2088,0.18943048592426398,0.0010065208212689384,0.09136149353827097,0.7182014997161963,25,20,20
12,2089,0.17323387276861424,2.918910846478719e-07,0.1220819308107071,0.7046839045295968,25,20,20
12,2090,0.19922283322522052,2.7666344647735877e-08,0.096167962875261,0.7046091762331743,25,20,20
12,2091,0.17895048255611024,3.1018587276930835e-05,0.11976527225535354,0.7012532266012628,25,20,20
12,2092,0.15824293948420537,1.9802118729919726e-05,0.1369492802616312,0.7047879781354369,25,20,20
12,2093,0.1428224979310587,1.9513311985847985e-05,0.14030081813082587,0.7168571706261301,25,20,20
12,2094,0.1777710522716522,1.8205559665124124e-08,0.1234815285304601,0.6987474009923278,25,20,20
12,2095,0.15219167278744222,1.094557660151491e-06,0.1490069737858651,0.6988002588690349,25,20,20
12,2096,0.15877800870863823,3.921308922751448e-08,0.14995675809862968,0.6912651939796448,25,20,20
12,2097,0.14599347518242134,4.193964485451969e-07,0.13715487450326205,0.7168512309178681,25,20,20
12,2098,0.18987981894325018,1.9956926139167828e-05,0.09108597879223494,0.7190142453383781,25,20,20
12,2099,0.19644969672164958,7.972370976392584e-05,0.08480101921340333,0.7186695603551821,25,20,20
12,2100,0.14335918595238917,7.986914173537209e-05,0.10029709404687664,0.7562638508589994,25,20,20
12,2101,0.1621668132401698,0.010749616632004173,0.06799279197025863,0.7590907781575672,25,20,20
12,2102,0.1607002373680206,0.0395398330059944,0.05185737909028212,0.7479025505357031,25,20,20
12,2103,0.15882800474413641,0.03990169185441564,0.04194897167731443,0.7593213317241337,25,20,20
12,2104,0.11928115288440963,0.03808214126085434,0.08417268335589624,0.7584640224988403,25,20,20
12,2105,0.15474648440092884,0.038082159412693294,0.049453724465588704,0.7577176317207885,25,20,20
12,2106,0.15411494653572783,0.03949729456913669,0.04816860940109766,0.7582191494940372,25,20,20
12,2107,0.1170916034981613,0.03994494034925149,0.08351169829976084,0.7594517578528281,25,20,20
12,2108,0.09505977287552021,0.014169409489692747,0.13092961134959588,0.7598412062851914,25,20,20
12,2109,0.056495193832816336,0.014169447212724475,0.18416198094217723,0.7451733780122831,25,20,20
12,2110,0.08398647423082403,0.05407800427289788,0.10323677898283867,0.7586987425134388,25,20,20
12,2111,0.09781579732825235,0.09400962862700415,0.054132809719796525,0.7540417643249461,25,20,20
12,2112,0.09821524426953156,0.09357199975016067,0.06072003206551425,0.747492723914794,25,20,20
12,2113,0.04260950174743976,0.11567470647248179,0.08361188261668552,0.7581039091633945,25,20,20
12,2114,0.002532078437980892,0.1173659988844914,0.0822347743684273,0.7978671483091,25,20,20
12,2115,0.0023452957780621215,0.11801692389628021,0.1071697539878468,0.7724680263378114,25,20,20
12,2116,0.02085536019241745,0.118340977003131,0.1019874851199126,0.7588161776845395,25,20,20
12,2117,0.020831545544362666,0.11595019849550538,0.10674644458276275,0.7564718113773695,25,20,20
12,2118,0.08951139040734668,0.11729132372916011,0.040759557438940684,0.7524377284245507,25,20,20
12,2119,0.08865532461023708,0.11861773359616486,0.0379030066874567,0.7548239351061404,25,20,20
12,2120,0.09034942744729597,0.09602007693055806,0.09062198101726505,0.7230085146048835,25,20,20
12,2121,0.08048355056372034,0.07989892659280139,0.11684171438686056,0.72277580845662,25,20,20
12,2122,0.11265061030496187,0.07993169948867995,0.08447926487004728,0.7229384253363118,25,20,20
12,2123,0.08507022159208982,0.07987096076287266,0.11245831704099603,0.7226005006040439,25,20,20
12,2124,0.08771163622344796,0.07895971533240574,0.11458113551081678,0.7187475129333312,25,20,20
12,2125,0.024277211454710016,0.07817392653953727,0.17883935326792588,0.7187095087378259,25,20,20
12,2126,0.04407297150554149,0.07869205695703084,0.1582125796264846,0.7190223919109434,25,20,20
12,2127,0.08120566890054887,0.051266977006221674,0.14851469888601307,0.719012655207219,25,20,20
12,2128,0.11724084600072643,0.07995206713369689,0.08427313158492832,0.7185339552806486,25,20,20
12,2129,0.07460544567155826,0.0799449377834088,0.127126452471788,0.7183231640732459,25,20,20
12,2130,0.08315974187980822,0.07997773655313602,0.13130153680530132,0.7055609847617559,25,20,20
12,2131,0.1173068739564766,0.07948112547339208,0.08394817300122798,0.719263827568904,25,20,20
12,2132,0.11172194478895546,0.07823279567063693,0.10501155967972643,0.7050336998606835,25,20,20
12,2133,0.04607968967926898,0.07997583099578609,0.1692901382137747,0.7046543411111706,25,20,20
12,2134,0.06928344214433386,0.04071658916605757,0.14516916134385122,0.744830807345761,25,20,20
12,2135,0.09989888343174336,0.0278269199475084,0.15345868697102427,0.7188155096497275,25,20,20
12,2136,0.0916231154773771,0.02782825390598152,0.16194552960197797,0.7186031010146633,25,20,20
12,2137,0.10345821512552238,0.039155433762589766,0.13927418126321256,0.7181121698486785,25,20,20
12,2138,0.12372598528596392,0.039155433834534424,0.12889978323512596,0.7082187976443772,25,20,20
12,2139,0.1003498360262615,0.03995996109426772,0.18702069285966388,0.6726695100198041,25,20,20
12,2140,0.1436512395361227,0.040841041609152084,0.1437598362917642,0.6717478825629608,25,20,20
12,2141,0.1236325691206182,0.04085672888086132,0.1680710400226382,0.6674396619758819,25,20,20
12,2142,0.0996032886848103,0.03993423050076317,0.1860220220588738,0.674440458755554,25,20,20
12,2143,0.09713211438171031,0.0899481139081801,0.1527002726194181,0.6602194990906943,25,20,20
12,2144,0.11848678762327113,0.09168514754472508,0.13057313232697443,0.6592549325050282,25,20,20
12,2145,0.11736647215762792,0.09281395525603947,0.08994670629813234,0.6998728662881999,25,20,20
12,2146,0.11763032803591679,0.09283818325019252,0.07017113338159431,0.7193603553322947,25,20,20
12,2147,0.11782812077776052,0.0993880037242309,0.06927448745567948,0.7135093880423291,25,20,20
12,2148,0.06988996258372546,0.09817032772670058,0.11880699810457901,0.7131327115849977,25,20,20
12,2149,0.10962612044574493,0.11865080041962733,0.09907777573418539,0.6726453034004447,25,20,20
12,2150,0.11023532898042943,0.1210010402266036,0.08993387907426512,0.678829751718703,25,20,20
12,2151,0.11080956313184057,0.11650987831871666,0.09378559393315797,0.6788949646162845,25,20,20
12,2152,0.12230348732234166,0.11770611225847555,0.08198499571948875,0.6780054046996941,25,20,20
12,2153,0.15371183330920923,0.11941387692224768,0.06074683469167417,0.6661274550768692,25,20,20
12,2154,0.1187375409340082,0.1146331015945255,0.10599141095297321,0.660637946518494,25,20,20
12,2155,0.12012231004852048,0.11552400529197276,0.08599010830384067,0.6783635763556662,25,20,20
12,2156,0.14005775520384517,0.11693283418298941,0.07827276105481547,0.6647366495583482,25,20,20
12,2157,0.1601021386177166,0.09986023797983119,0.062232681445615834,0.6778049419568357,25,20,20
12,2158,0.123841456764265,0.1003107183618721,0.062429015084350795,0.713418809789512,25,20,20
12,2159,0.15242277228591614,0.09029769885039735,0.038887070347979655,0.7183924585157071,25,20,20
12,2160,0.09904508326378947,0.09163537070612528,0.09117423975252016,0.7181453062775667,25,20,20
12,2161,0.1182488353268903,0.06706777704562351,0.10757565153926953,0.7071077360882175,25,20,20
12,2162,0.11828766065843876,0.11986735467035238,0.06288881084349555,0.6989561738277139,25,20,20
12,2163,0.08091038889918575,0.11815000101847176,0.09565579438183162,0.7052838157005127,25,20,20
12,2164,0.007018723595534059,0.1164805260646472,0.17196488296351148,0.7045358673763105,25,20,20
12,2165,0.05317061633637769,0.11694729535430444,0.1367905108322105,0.6930915774771083,25,20,20
12,2166,0.08505325331064409,0.11571427307794328,0.08161831245223487,0.7176141611591776,25,20,20
12,2167,0.11212540649459146,0.11571366214822071,0.0906640911925634,0.6814968401646244,25,20,20
12,2168,0.07815032013145787,0.11694341627084044,0.1268778270446193,0.6780284365530852,25,20,20
12,2169,0.09403294263741727,0.11721167501767522,0.11992470725357492,0.668830675091333,25,20,20
12,2170,0.12093111017297936,0.11939883331419882,0.08664596147294149,0.673024095039883,25,20,20
12,2171,0.1573956416207258,0.08066572565712292,0.09357496904947263,0.6683636636726809,25,20,20
12,2172,0.14864396623947826,0.0615380411858876,0.11087737232946784,0.6789406202451674,25,20,20
12,2173,0.1589278572847314,0.06100601511710133,0.11234916618177125,0.6677169614163964,25,20,20
12,2174,0.1580727302510831,0.07935778875565112,0.1036975084741173,0.6588719725191485,25,20,20
12,2175,0.11941561624940783,0.05416424838864566,0.16750592761088484,0.6589142077510634,25,20,20
12,2176,0.11045385130579971,0.0785711756695592,0.13293821107400566,0.6780367619506378,25,20,20
12,2177,0.11955982958852736,0.07973527086134363,0.1229132741589866,0.6777916253911453,25,20,20
12,2178,0.0842759096462018,0.0794814269978468,0.16319382437372554,0.6730488389822267,25,20,20
12,2179,0.06868569791970691,0.014163938728556787,0.2380007679236715,0.6791495954280624,25,20,20
12,2180,0.09417657603723181,0.014164479352039471,0.18336584411177806,0.7082931004989487,25,20,20
12,2181,0.09808780439050907,0.015249722995734509,0.17255224924402263,0.7141102233697316,25,20,20
12,2182,0.06783350367569202,0.04776635720024637,0.16491713855627077,0.7194830005677924,25,20,20
12,2183,0.12188015851896436,0.0021641463304203313,0.15691266261199038,0.7190430325386256,25,20,20
12,2184,0.15693403921330776,0.0010921556723186556,0.12562995730174273,0.71634384781263,25,20,20
12,2185,0.19001532904052287,1.0517690317938632e-08,0.054027066090116115,0.7559575943516711,25,20,20
12,2186,0.16576186690982972,2.5426547101879106e-08,0.07664990500619791,0.7575882026574241,25,20,20
12,2187,0.16595827960720502,1.4532792591378535e-08,0.09145658874842359,0.7425851171115787,25,20,20
12,2188,0.15177382745961887,9.973106977854514e-09,0.09144160665451531,0.7567845559127585,25,20,20
12,2189,0.1614228410101879,5.091211694051214e-08,0.11318857852970306,0.7253885295479917,25,20,20
12,2190,0.18955167354630606,1.4047365807980547e-06,0.09106225163158771,0.7193846700855286,25,20,20
12,2191,0.21559902856629828,7.80784613516306e-07,0.06567294408224568,0.7187272465668434,25,20,20
12,2192,0.17490973199664495,1.4880639959037493e-07,0.11955479705211791,0.7055353221448377,25,20,20
12,2193,0.23036474631282797,6.446954822138922e-08,0.08549342678346104,0.6841417624341614,25,20,20
12,2194,0.2382824700982071,4.446871013886288e-06,0.06365553735350521,0.6980575456772722,25,20,20
12,2195,0.23655001229319708,7.679284453333899e-08,0.06520445154918747,0.6982454593647697,25,20,20
12,2196,0.18496492877514445,2.9240655961110577e-06,0.09668388760385396,0.7183482595554084,25,20,20
12,2197,0.12534075794263191,0.011607784023099713,0.10471906606063049,0.7583323919736398,25,20,20
12,2198,0.12153000857402926,0.03910690279218995,0.05311773540328026,0.7862453532305003,25,20,20
12,2199,0.11796677887904888,0.039945321057539195,0.05603944392809678,0.7860484561353148,25,20,20
12,2200,0.10956231298607529,0.0399353131152427,0.059870726775051154,0.7906316471236309,25,20,20
12,2201,0.10710595937506584,0.0399353255371005,0.061959575911471464,0.790999139176362,25,20,20
12,2202,0.12436256908803958,0.039935311157797124,0.03732305166860202,0.7983790680855624,25,20,20
12,2203,0.12023487427730678,0.03825998179969467,0.042808552182750155,0.7986965917402478,25,20,20
12,2204,0.06055736682320132,0.03997099005097385,0.10203251192787464,0.79743913119795,25,20,20
12,2205,0.034498206552973476,0.03961817479569037,0.12724120772803316,0.7986424109233045,25,20,20
12,2206,0.05446825214808552,0.04004166391529394,0.14651290533129907,0.7589771786053234,25,20,20
12,2207,0.11583040769110863,0.04032810919080715,0.08572749406764707,0.7581139890504381,25,20,20
12,2208,0.08425087561599592,0.0385269697395699,0.13246948131578462,0.7447526733286517,25,20,20
12,2209,0.08435412053907922,0.051026314290967704,0.11955371008388217,0.745065855086071,25,20,20
12,2210,0.06417384194138154,0.07865657296306497,0.09563123044634121,0.7615383546492118,25,20,20
12,2211,0.06839697911080331,0.07864779086152997,0.05143690139462484,0.8015183286330406,25,20,20
12,2212,0.07854791411878854,0.054074740321041447,0.09183239586275825,0.7755449496974144,25,20,20
12,2213,0.04775215284829998,0.07992338076728914,0.09231569570294651,0.7800087706814652,25,20,20
12,2214,0.035672303274004315,0.0799233815051766,0.08611182863465473,0.7982924865861649,25,20,20
12,2215,0.06766049531780519,0.07575503047206165,0.057750432413405293,0.7988340417967268,25,20,20
12,2216,0.07071331983615836,0.057919276616971514,0.07273169898395888,0.7986357045629106,25,20,20
12,2217,0.07145722412642266,0.05784135897258541,0.0734897796937919,0.7972116372071989,25,20,20
12,2218,0.06565023435402029,0.07991570931629698,0.057264706665361736,0.7971693496643197,25,20,20
12,2219,0.07778503594355078,0.051203191753552445,0.0733099541442778,0.7977018181586182,25,20,20
12,2220,0.06465247141960435,0.07989992860260892,0.05642098776617756,0.7990266122116089,25,20,20
12,2221,0.06879872851652945,0.05945641709738874,0.07320020064314874,0.7985446537429312,25,20,20
12,2222,0.06862386192212858,0.07870400177482323,0.05434843931060775,0.7983236969924395,25,20,20
12,2223,0.06071606454164203,0.07990388232819243,0.10544544473496999,0.7539346083951977,25,20,20
12,2224,0.08071957249977178,0.07990374491547986,0.08103705293344365,0.7583396296513075,25,20,20
12,2225,0.11235608624548403,0.039948998595874724,0.08917158726109863,0.7585233278975436,25,20,20
12,2226,0.14501663063620177,0.03995597830588248,0.060928733130586644,0.7540986579273276,25,20,20
12,2227,0.08572107721372792,0.03994881897721764,0.11956645463295042,0.7547636491761044,25,20,20
12,2228,0.08524580894919916,0.03997739745239643,0.11558583714022558,0.7591909564581779,25,20,20
12,2229,0.10854237694149342,0.0399800115029936,0.09212431832881661,0.7593532932266984,25,20,20
12,2230,0.13180100248160165,0.03998629242414057,0.06956694676641056,0.7586457583278459,25,20,20
12,2231,0.0653033377048491,0.0399885567220602,0.1358804646398618,0.7588276409332306,25,20,20
12,2232,0.06492786225839936,0.03995272773982382,0.13675363501852444,0.7583657749832529,25,20,20
12,2233,0.11498210742126327,0.03999721686275223,0.09025269587757868,0.7547679798384085,25,20,20
12,2234,0.0791023501540275,0.03997633477251976,0.12394708583939078,0.7569742292340638,25,20,20
12,2235,0.06925389934864727,0.039986205645245854,0.1321408258657719,0.758619069140336,25,20,20
12,2236,0.08171172276715831,0.03994548418901833,0.13763730653220088,0.7407054865116222,25,20,20
12,2237,0.07606071046450116,0.039945481759702986,0.13958752671279692,0.7444062810629992,25,20,20
12,2238,0.07760163871571497,0.03990233723433243,0.12565659114415037,0.7568394329058027,25,20,20
12,2239,0.10919576480520538,0.07578489824023175,0.05825007211747115,0.7567692648370913,25,20,20
12,2240,0.08729230496519573,0.07578497855961079,0.11611606127608154,0.7208066551991129,25,20,20
12,2241,0.0990375614698004,0.07587292174074188,0.13529925314730595,0.689790263642154,25,20,20
12,2242,0.10141301088659695,0.0758730733275689,0.1435065556813815,0.6792073601044554,25,20,20
12,2243,0.12001609527963071,0.02122542486595066,0.1361756243794707,0.72258285547495,25,20,20
12,2244,0.15981359020836985,0.021225654504722368,0.09987593037495918,0.7190848249119506,25,20,20
12,2245,0.14999288991215945,0.021225444039600822,0.037166805890268245,0.7916148601579698,25,20,20
12,2246,0.13925348249960354,0.03991770228508467,0.035243546282886,0.7855852689324258,25,20,20
12,2247,0.08249897985445503,0.03994488617770405,0.045828212453656515,0.8317279215141831,25,20,20
12,2248,0.08128154361129455,0.03997100302559581,0.04006752856477215,0.8386799247983374,25,20,20
12,2249,0.080818407778545,0.03995993212660973,0.0481288057977098,0.8310928542971361,25,20,20
12,2250,0.08328472104845322,0.03994547425584657,0.05070322157182759,0.8260665831238725,25,20,20
12,2251,0.08306358153982614,0.0399454742229583,0.03890377802136113,0.8380871662158529,25,20,20
12,2252,0.07193695781606958,0.01791079507265201,0.07117921628426316,0.838973030827015,25,20,20
12,2253,0.07187440756961108,0.017910795086936812,0.08308155696075477,0.8271332403826972,25,20,20
12,2254,0.0777575372187827,0.0395039419888085,0.04598088841456678,0.836757632377841,25,20,20
12,2255,0.08152623114595228,0.039503893409602794,0.054677166481938405,0.8242927089625063,25,20,20
12,2256,0.08251311956457874,0.039510336493996816,0.03923866991957201,0.8387378740218507,25,20,20
12,2257,0.0523658401523192,0.04001236457690166,0.0991176574804133,0.8085041377903666,25,20,20
12,2258,0.07802281740821028,0.011212035799094354,0.11343807661057624,0.7973270701821211,25,20,20
12,2259,0.12087739825894729,1.1101781288780643e-05,0.09158794727843453,0.7875235526813298,25,20,20
12,2260,0.15388263406843794,4.807022575765262e-08,0.04679354564334326,0.7993237722179919,25,20,20
12,2261,0.11984152521295974,5.2226470720296514e-08,0.043608278675153385,0.8365501438854145,25,20,20
12,2262,0.145419398385424,8.287266450187687e-09,0.050516452799521765,0.8040641405277867,25,20,20
12,2263,0.15776262631279103,3.822585702124956e-09,0.03817319748346398,0.8040641723811587,25,20,20
12,2264,0.1498914081887428,1.1543532373446912e-08,0.0464685205362825,0.8036400597314423,25,20,20
12,2265,0.11083085057744865,0.0001249425003901095,0.0895767324370306,0.7994674744851308,25,20,20
12,2266,0.13318580784554712,0.00012495617990393302,0.06813328612373738,0.7985559498508116,25,20,20
12,2267,0.14352512690933622,1.532901427146121e-08,0.06357016532912471,0.7929046924325236,25,20,20
12,2268,0.1573957360202491,8.224167143471523e-09,0.04357899083435275,0.7990252649212315,25,20,20
12,2269,0.11823587096606342,6.619329746572203e-08,0.08257110193917792,0.7991929609014631,25,20,20
12,2270,0.08121542091209447,3.477456352907964e-06,0.11922015417104896,0.7995609474605077,25,20,20
12,2271,0.06411696769838426,3.1585751246380188e-06,0.1365849790498511,0.7992948946766424,25,20,20
12,2272,0.11466725091455,1.6711881373508134e-08,0.08624251030874311,0.7990902220648262,25,20,20
12,2273,0.05880980542292586,4.641448514284464e-07,0.15647350548918199,0.7847162249430417,25,20,20
12,2274,0.0882947213541168,1.750663463022837e-09,0.11309079575718028,0.798614481138042,25,20,20
12,2275,0.13370162359529847,2.619772252480603e-06,0.06785212929326111,0.7984436273391864,25,20,20
12,2276,0.14973352905099888,4.4654637181584685e-09,0.05204535190623211,0.7982211145773038,25,20,20
12,2277,0.17927467225570579,1.873674420535921e-05,0.022695943734689798,0.7980106472653984,25,20,20
12,2278,0.15898792194631908,1.4996060590805275e-06,0.042784988800995676,0.7982255896466255,25,20,20
12,2279,0.145159540333597,1.482923858918673e-06,0.06710058284952883,0.7877383938930148,25,20,20
12,2280,0.17192290465985172,1.4649987944852777e-06,0.07409811205766484,0.7539775182836876,25,20,20
12,2281,0.12165304986890467,3.75402060894642e-06,0.08566842194199055,0.7926747741684949,25,20,20
12,2282,0.1402190168497425,1.6754382578426517e-06,0.06581392907014127,0.793965378641858,25,20,20
12,2283,0.14014522205583413,2.3859410443819802e-06,0.0919436681041735,0.7679087238989493,25,20,20
12,2284,0.130565186699667,2.045185725667233e-05,0.13781390282078304,0.7316004586222935,25,20,20
12,2285,0.16848153109317499,3.427069656739418e-07,0.11498217811296127,0.7165359480868984,25,20,20
12,2286,0.12831765222972394,6.462508033001884e-08,0.15913995034775064,0.712542332797446,25,20,20
12,2287,0.14281031710084846,2.7160968993325033e-05,0.17875605400297406,0.6784064679271862,25,20,20
12,2288,0.18327876760679676,1.8273548891274757e-05,0.14092660365921028,0.6757763551851065,25,20,20
12,2289,0.1928973910892044,1.382044615531362e-05,0.11039686049958394,0.6966919279650567,25,20,20
12,2290,0.1804658954682297,0.0013574423272179747,0.15903122489693997,0.6591454373076148,25,20,20
12,2291,0.18751309134492988,0.0024408588496616394,0.14202698996065094,0.6680190598447578,25,20,20
12,2292,0.19961924680830154,0.0010856654631186396,0.11746279882367361,0.6818322889049064,25,20,20
12,2293,0.16700776711430226,0.0011005744150194318,0.1559212010243457,0.6759704574463333,25,20,20
12,2294,0.20900681007795988,0.03998274630259008,0.07249047653258221,0.6785199670868671,25,20,20
12,2295,0.2091044351504523,0.03824857383107774,0.07387854221523797,0.6787684488032315,25,20,20
12,2296,0.23276616453408386,0.039951558563366275,0.061777045414333695,0.6655052314882157,25,20,20
12,2297,0.2050210273853672,0.03991006234813937,0.07618150324975491,0.678887407016738,25,20,20
12,2298,0.22103470010966741,0.038507188203975674,0.06198543615480626,0.6784726755315509,25,20,20
12,2299,0.22527677987681527,0.03850850093703375,0.07232085080051959,0.6638938683856317,25,20,20
12,2300,0.21613793529387718,0.03850774353476451,0.06673147653939082,0.6786228446319669,25,20,20
12,2301,0.22554168571935712,0.040001300783842224,0.05725283892030303,0.6772041745764974,25,20,20
12,2302,0.2216704557290954,0.00041085107584515416,0.09895806382126078,0.6789606293738011,25,20,20
12,2303,0.19749271766084778,8.746973987862809e-06,0.12542845558462398,0.6770700797805411,25,20,20
12,2304,0.1504336607661156,1.1612871804696208e-06,0.17143523108262365,0.678129946864081,25,20,20
12,2305,0.12826742802156,1.162332524711118e-06,0.19290335009337992,0.6788280595525359,25,20,20
12,2306,0.14142418875935875,8.96805796324249e-08,0.18033482370580833,0.6782408978542575,25,20,20
12,2307,0.08152614523995426,1.3267905911062816e-07,0.24149950519072175,0.6769742168902682,25,20,20
12,2308,0.1019935180952015,1.4668154309338832e-07,0.23786214668719452,0.660144188536063,25,20,20
12,2309,0.15009897059571192,0.00127057299515567,0.19483415909633814,0.6537962973127958,25,20,20
12,2310,0.1599077964429766,3.133641105788217e-05,0.17511233424925565,0.664948532896712,25,20,20
12,2311,0.19724784031547885,4.151208605697569e-07,0.1485281653566013,0.6542235792070603,25,20,20
12,2312,0.22301714930718888,1.6237062417239858e-05,0.10848301412935013,0.6684835995010441,25,20,20
12,2313,0.18795084150128116,0.0003770982136302385,0.13260564153871,0.6790664187463821,25,20,20
12,2314,0.19832032773876473,3.4273039715862274e-05,0.12789171974900002,0.6737536794725224,25,20,20
12,2315,0.19955493070055666,2.016777966561276e-05,0.13028542714125013,0.670139474378528,25,20,20
12,2316,0.2023216754322406,0.0005579784842424945,0.11769417636754799,0.6794261697159683,25,20,20
12,2317,0.23309082881673895,1.4604260028281384e-05,0.09417068439854569,0.6727238825246872,25,20,20
12,2318,0.21651758831518408,1.5968430081766577e-05,0.11038212592372734,0.6730843173310067,25,20,20
12,2319,0.18616078524735186,1.4948182369456416e-05,0.19709874650318032,0.6167255200670995,25,20,20
12,2320,0.21556496862587315,4.024014260410125e-06,0.17086634891825914,0.6135646584416093,25,20,20
12,2321,0.15431267091509274,3.71652146785464e-06,0.2059634985259628,0.6397201140374752,25,20,20
12,2322,0.19614982486753543,3.582291991832415e-06,0.17590991879063295,0.6279366740498418,25,20,20
12,2323,0.22654349083271375,3.657065539408288e-07,0.0938601306043513,0.6795960128563817,25,20,20
12,2324,0.23542208921579066,3.656758466965037e-07,0.09929833215837122,0.6652792129499911,25,20,20
12,2325,0.23441223974134093,4.1853081769593776e-07,0.09490133727049073,0.6706860044573508,25,20,20
12,2326,0.2415080144199948,2.9376353686603885e-07,0.07900077446167245,0.6794909173547957,25,20,20
12,2327,0.20572746412355503,2.944079382816925e-07,0.15544230752460156,0.638829933943908,25,20,20
12,2328,0.2324687140159916,7.25706041504324e-08,0.12856469772891166,0.6389665156844933,25,20,20
12,2329,0.2356990094383885,5.584096345713572e-08,0.08583554238057114,0.678465392340077,25,20,20
12,2330,0.27530207864632056,6.423156768568586e-08,0.046671766212305926,0.6780260909098061,25,20,20
12,2331,0.25136531718625477,4.73436235457899e-08,0.0704534067658274,0.6781812287042938,25,20,20
12,2332,0.25434976099925,1.353642752916904e-06,0.11326190768177036,0.6323869776762265,25,20,20
12,2333,0.3256495540769372,5.199291251443973e-08,0.035817891059673326,0.6385325028704774,25,20,20
12,2334,0.3407952054102746,1.5239650017523157e-08,0.020402122845142492,0.638802656504933,25,20,20
12,2335,0.34100483649945706,1.2184613828808336e-08,0.025026762212099003,0.6339683891038304,25,20,20
12,2336,0.24375811967319766,5.953364903239799e-06,0.12568824276301171,0.6305476841988888,25,20,20
12,2337,0.22540173523936827,5.8886871757953485e-06,0.14099641743010025,0.633595958643357,25,20,20
12,2338,0.20097546895928262,1.107492381086662e-07,0.19565767421114277,0.603366746080339,25,20,20
12,2339,0.20465587041387626,1.3615950044545648e-06,0.15705801287629428,0.6382847551148256,25,20,20
12,2340,0.16648862212163423,1.8258975352624608e-06,0.19339942398858403,0.6401101279922468,25,20,20
12,2341,0.1714146701701299,7.259176645994287e-07,0.18896110171784783,0.6396235021943582,25,20,20
12,2342,0.20691444684058669,5.76915169184791e-05,0.1539973803659785,0.6390304812765164,25,20,20
12,2343,0.20473099939510064,0.008568653878849945,0.14783096936700366,0.6388693773590464,25,20,20
12,2344,0.20059701288474271,0.03979310707768693,0.12020374550470977,0.6394061345328604,25,20,20
12,2345,0.21162361979560734,0.03964570900169689,0.1092843365295224,0.6394463346731736,25,20,20
12,2346,0.20438194631524367,0.038727449886791096,0.11772581645230101,0.6391647873456642,25,20,20
12,2347,0.18149404831553997,0.039961683161576396,0.1508189082981977,0.6277253602246885,25,20,20
12,2348,0.1595409771114718,0.036903314045514085,0.15763417958760323,0.645921529255413,25,20,20
12,2349,0.16680490227637587,0.036929659763419546,0.15684825209117667,0.6394171858690287,25,20,20
12,2350,0.19839427804221452,0.03995705037866258,0.12261033179160626,0.6390383397875179,25,20,20
12,2351,0.2525158810864334,0.039936652453343956,0.11154760164732805,0.5959998648128946,25,20,20
12,2352,0.25430240472070587,2.444348736036049e-05,0.11251059302028256,0.6331625587716557,25,20,20
12,2353,0.23676499888143418,2.3992490562122254e-07,0.12874397461657133,0.6344907865770905,25,20,20
12,2354,0.18310500371893226,5.603845702005575e-07,0.16795110479524095,0.6489433311012582,25,20,20
12,2355,0.26278369223356607,5.560102656735712e-07,0.10590262153544983,0.6313131302207187,25,20,20
12,2356,0.2828123282891973,5.309708681574256e-07,0.09708731247116802,0.6200998282687703,25,20,20
12,2357,0.30597804994615174,0.0005047649463478629,0.09866651507176076,0.594850670035742,25,20,20
12,2358,0.21426360780568454,1.7382683485253038e-05,0.22575396551881524,0.5599650439920151,25,20,20
12,2359,0.19169637110316853,1.0144149600494305e-05,0.2533377744136109,0.554955710333622,25,20,20
12,2360,0.21346119852082487,4.798808221252111e-07,0.228503385233451,0.5580349363649019,25,20,20
12,2361,0.20873749768668648,7.175368515098447e-05,0.2879819082849017,0.5032088403432593,25,20,20
12,2362,0.2609559868453395,3.995383205302825e-05,0.21950751256540602,0.5194965467572012,25,20,20
12,2363,0.23561684268444197,1.0454492292930576e-05,0.24092380051918802,0.5234489023040755,25,20,20
12,2364,0.20845404572342136,2.3454246991463143e-06,0.2585395370874203,0.5330040717644597,25,20,20
12,2365,0.2980460131680643,1.2591218801374664e-06,0.16922140210566586,0.5327313256043904,25,20,20
12,2366,0.3398876157409837,4.939931760578918e-07,0.14099994089232307,0.5191119493735198,25,20,20
12,2367,0.24301590330112044,1.0137923062304819e-06,0.23762659085842336,0.5193564920481486,25,20,20
12,2368,0.2158652127258736,0.011918075992596273,0.24699240865717317,0.5252243026243577,25,20,20
12,2369,0.257475342260223,0.038733855302137264,0.18564174412378656,0.5181490583138539,25,20,20
12,2370,0.2801718223437993,0.03996312789906522,0.1606154579118983,0.5192495918452392,25,20,20
12,2371,0.29556470580523864,0.039195096106940185,0.1464748915035059,0.518765306584316,25,20,20
12,2372,0.2719017352889727,0.03912144358420295,0.17034336675832226,0.5186334543685033,25,20,20
12,2373,0.24531013918992464,0.039121461600144694,0.2079870990726738,0.5075813001372552,25,20,20
12,2374,0.27829858191968804,0.039127903511800344,0.16794862072914732,0.5146248938393639,25,20,20
12,2375,0.2942932859974021,0.03914289473741087,0.1457435643172736,0.5208202549479151,25,20,20
12,2376,0.34851070007048207,0.03992578729938155,0.09087099049390636,0.5206925221362305,25,20,20
12,2377,0.3475564123699352,0.03993438725419982,0.09425162365509818,0.5182575767207684,25,20,20
12,2378,0.3310256097700529,0.03998947534118768,0.11678744612922591,0.5121974687595334,25,20,20
12,2379,0.19544982802082392,0.011217268362509757,0.2743266802003649,0.5190062234162999,25,20,20
12,2380,0.23555800904456775,0.039955149888752865,0.20526472559114642,0.5192221154755344,25,20,20
12,2381,0.2562175071824811,0.04095885852771959,0.18156058239480224,0.5212630518949976,25,20,20
12,2382,0.26574300016324914,0.039907742764929546,0.1816208671835721,0.5127283898882521,25,20,20
12,2383,0.32841437003158164,0.03870180962151349,0.11678189284130522,0.5161019275056011,25,20,20
12,2384,0.26512393976372084,0.03994293249445101,0.13559204747781287,0.5593410802640179,25,20,20
12,2385,0.3115127309779276,0.03996151413236878,0.12579712067244292,0.5227286342172629,25,20,20
12,2386,0.2729604040845183,0.03828743399178121,0.10084690914967379,0.5879052527740274,25,20,20
12,2387,0.3203149015046944,0.03992127185339274,0.036774597195496,0.6029892294464163,25,20,20
12,2388,0.3123092370294391,0.03997269799614691,0.04827578341410592,0.5994422815603087,25,20,20
12,2389,0.3050527890165562,0.03994023637063378,0.08963144483972346,0.5653755297730861,25,20,20
12,2390,0.2796892783277528,0.05200001344504191,0.06920235700639646,0.5991083512208083,25,20,20
12,2391,0.28084604228530974,0.05201065597149619,0.10789859238735122,0.5592447093558452,25,20,20
12,2392,0.2720217826732515,0.03996325171693484,0.13895200459466178,0.5490629610151523,25,20,20
12,2393,0.26511541260322175,0.03995107669098405,0.16072583177993088,0.5342076789258657,25,20,20
12,2394,0.2699805885051333,0.03994909672538097,0.145082956216164,0.5449873585533226,25,20,20
12,2395,0.2148026987673221,0.03998901002906079,0.1824738387602679,0.5627344524433492,25,20,20
12,2396,0.17276048643247408,0.06367589715768635,0.2089748461207675,0.5545887702890725,25,20,20
12,2397,0.21975767370037969,0.06367590159539477,0.16239690709479654,0.5541695176094295,25,20,20
12,2398,0.23912486193004517,0.0641298716391046,0.14273618615152847,0.5540090802793229,25,20,20
12,2399,0.2792822296320564,0.07991386561472003,0.08650263119386926,0.5543012735593563,25,20,20
12,2400,0.29085641797969236,0.07933786720050089,0.07072451281289988,0.5590812020069081,25,20,20
12,2401,0.2901525480378262,0.07934638686613044,0.07152644912334773,0.5589746159726966,25,20,20
12,2402,0.27879647527952817,0.07989670255351936,0.09373995544823051,0.5475668667187246,25,20,20
12,2403,0.18465432608150756,0.05417207956652535,0.217492229750084,0.5436813646018855,25,20,20
12,2404,0.18706811903611206,0.05416881053746047,0.19629056647567145,0.5624725039507588,25,20,20
12,2405,0.20721594381350475,0.0652831868717242,0.1671954135864261,0.5603054557283478,25,20,20
12,2406,0.1961082310525927,0.06527738850256068,0.17965676448526025,0.5589576159595899,25,20,20
12,2407,0.1341591112310764,0.09407280172267321,0.21304504770091254,0.5587230393453383,25,20,20
12,2408,0.08997839345306462,0.07950859726089086,0.2711271925949724,0.5593858166910732,25,20,20
12,2409,0.17702010015552497,0.07871529291414524,0.18395455478732356,0.560310052143009,25,20,20
12,2410,0.16185752970194833,0.07951224636628217,0.19478600441360505,0.5638442195181657,25,20,20
12,2411,0.21585549115281136,0.07950493789095396,0.14560933730598546,0.5590302336502525,25,20,20
12,2412,0.20014562827222052,0.03980204736067677,0.20114877906849554,0.5589035452986064,25,20,20
12,2413,0.184716541687661,0.042190577272265946,0.2150294068488765,0.5580634741911975,25,20,20
12,2414,0.23957861586799756,0.040460738412548346,0.1622275599256546,0.5577330857937999,25,20,20
12,2415,0.22252916968997077,0.03885291382431968,0.18588016143786137,0.5527377550478486,25,20,20
12,2416,0.20377353845601776,0.004194421590241792,0.20404125865601505,0.5879907812977239,25,20,20
12,2417,0.2611324499076662,3.970891531357701e-05,0.17961106329415805,0.5592167778828624,25,20,20
12,2418,0.35284466388830127,1.6253970727467708e-07,0.08756421643554921,0.5595909571364432,25,20,20
12,2419,0.327016605471559,1.7243121564967163e-07,0.11415421928927133,0.5588290028079552,25,20,20
12,2420,0.3229289898492996,2.485790198818043e-05,0.1306939903428864,0.546352161905825,25,20,20
12,2421,0.2643972125711363,1.3657891304085982e-05,0.19941964697550454,0.536169482562058,25,20,20
12,2422,0.23281016167505217,0.014467596312549487,0.1976955512926151,0.5550266907197846,25,20,20
12,2423,0.27203211709233255,0.016344392898019304,0.1278161604616264,0.5838073295480224,25,20,20
12,2424,0.2784821693356761,0.014165568563229853,0.11254090940774343,0.5948113526933517,25,20,20
12,2425,0.21010827511319644,0.038234825744494244,0.15257994134286407,0.5990769577994475,25,20,20
12,2426,0.2275920692159296,0.03823478397094495,0.1347488365605258,0.5994243102526,25,20,20
12,2427,0.2703703382795176,0.038234932101892265,0.09214820249262422,0.5992465271259655,25,20,20
12,2428,0.2620933651162435,0.03823486772909193,0.10043563374360882,0.5992361334110562,25,20,20
12,2429,0.2285911126276694,0.03823557291367399,0.12753542164135806,0.6056378928172993,25,20,20
12,2430,0.226439472469912,0.038235512162719074,0.1299411135989952,0.6053839017683742,25,20,20
12,2431,0.26686280647558713,0.03823479495438014,0.0957025609189691,0.599199837651064,25,20,20
12,2432,0.26241067751937125,0.03827759036954674,0.1003549154403785,0.5989568166707032,25,20,20
12,2433,0.22234527158182543,0.03823502641203299,0.14353952814242674,0.5958801738637152,25,20,20
12,2434,0.2459096024061103,0.039502417020712506,0.11731232593145353,0.5972756546417226,25,20,20
12,2435,0.2614683487560002,0.039508690885861786,0.0995399491672673,0.599483011190874,25,20,20
12,2436,0.2691147866602428,0.03998269900796528,0.09213953073304848,0.5987629835987448,25,20,20
12,2437,0.20982981264227654,0.03870253774690754,0.15735957491846092,0.5941080746923566,25,20,20
12,2438,0.24309622320172258,0.03949246670414394,0.1186627808630634,0.5987485292310711,25,20,20
12,2439,0.26726926272747586,0.03870081781884943,0.09478893356168816,0.59924098589199,25,20,20
12,2440,0.2472021553316262,0.03997201829010957,0.11628118435958601,0.5965446420186796,25,20,20
12,2441,0.20543224778040625,0.039961943686247926,0.1617917079252137,0.5928141006081332,25,20,20
12,2442,0.19290591746617278,0.039978239191481114,0.17415014739199006,0.5929656959503606,25,20,20
12,2443,0.1323323887854827,0.0399721805087537,0.23301335736841636,0.5946820733373488,25,20,20
12,2444,0.21757574305109337,0.039970605806900886,0.1874711703861466,0.5549824807558585,25,20,20
12,2445,0.23387241445937115,0.03997057437529164,0.17811663569640426,0.5480403754689344,25,20,20
12,2446,0.2321367478534033,0.03997094000342217,0.12354824673960833,0.6043440654035693,25,20,20
12,2447,0.15799070348588584,0.041053436216594914,0.20130065581755122,0.5996552044799672,25,20,20
12,2448,0.1835106656523677,0.07992732922695253,0.13736262266984597,0.5991993824508358,25,20,20
12,2449,0.20197288298856664,0.07821058644566146,0.12081860677630346,0.5989979237894721,25,20,20
12,2450,0.20362150705311696,0.07986706322929506,0.11785932360532068,0.5986521061122697,25,20,20
12,2451,0.24112981871951075,0.07868021350696744,0.08144286849350774,0.5987470992800151,25,20,20
12,2452,0.22978847477543898,0.05936901546770538,0.11127246861119083,0.599570041145665,25,20,20
12,2453,0.18046837593085513,0.0777950106065709,0.14248294718051613,0.5992536662820599,25,20,20
12,2454,0.19850983652882717,0.07800070446106741,0.12410526199013885,0.5993841970199698,25,20,20
12,2455,0.20810529449391107,0.07988693695980234,0.11376844585510057,0.5982393226911867,25,20,20
12,2456,0.2199833724266586,0.08071363969375574,0.13621242516121929,0.563090562718369,25,20,20
12,2457,0.20326044824830114,0.05659667951927132,0.1860786790987481,0.5540641931336795,25,20,20
12,2458,0.22348514760054422,0.05402222806859444,0.1628182386343702,0.5596743856964922,25,20,20
12,2459,0.21059110718890428,0.05400034249549474,0.17683599526659063,0.5585725550490112,25,20,20
12,2460,0.17431355789156863,0.05399997719086046,0.21336780704604635,0.5583186578715263,25,20,20
12,2461,0.13123713827441136,0.08999426495238519,0.2213707874277678,0.5573978093454377,25,20,20
12,2462,0.127958635474382,0.0910838980283166,0.2179935122576743,0.5629639542396281,25,20,20
12,2463,0.12168158547258628,0.15608808784957312,0.1626993543283526,0.5595309723494892,25,20,20
12,2464,0.17437915586440858,0.1298766694965777,0.17208723414516314,0.5236569404938546,25,20,20
12,2465,0.21883935896284956,0.13111768570310806,0.09734313832723339,0.5526998170068115,25,20,20
12,2466,0.20668604637530164,0.15691203413200822,0.08368269828188729,0.5527192212108034,25,20,20
12,2467,0.18742902349871202,0.15751144916385676,0.10290644902562131,0.5521530783118104,25,20,20
12,2468,0.1893681176327927,0.15706123622402354,0.08631517683342704,0.567255469309758,25,20,20
12,2469,0.120818843422084,0.1561361314692497,0.1258896617988359,0.5971553633098314,25,20,20
12,2470,0.1691950735508896,0.1571995741265001,0.08310500142064672,0.5905003509019631,25,20,20
12,2471,0.2344836568941004,0.1572044566970748,0.009377501670936128,0.5989343847378884,25,20,20
12,2472,0.23712713903989133,0.15690066929283392,0.007027473037976367,0.5989447186292981,25,20,20
12,2473,0.23438438388688387,0.10524070779526078,0.060949491484812775,0.5994254168330427,25,20,20
12,2474,0.23622678078542414,0.15688728592889684,0.008577759371732899,0.5983081739139459,25,20,20
12,2475,0.2373346170434762,0.15809540965747618,0.011515254330204974,0.5930547189688425,25,20,20
12,2476,0.23589551439209827,0.1598414309315744,0.010105994793774265,0.5941570598825524,25,20,20
12,2477,0.19539937724870365,0.15987261029681935,0.04590347737839555,0.5988245350760817,25,20,20
12,2478,0.23066849933324687,0.1306760984306223,0.05063663252781041,0.5880187697083203,25,20,20
12,2479,0.2080007082229093,0.09068169064144169,0.08203159547137406,0.6192860056642757,25,20,20
12,2480,0.13713272352485956,0.11726887605836372,0.12557148600400003,0.6200269144127786,25,20,20
12,2481,0.14930658074306205,0.158624277306107,0.07254697279600966,0.6195221691548219,25,20,20
12,2482,0.11297370833828238,0.15466837857534863,0.10080844667352283,0.6315494664128487,25,20,20
12,2483,0.0800279135192416,0.13386953979100388,0.14386985245069306,0.6422326942390639,25,20,20
12,2484,0.04053721934516142,0.11938554609576198,0.17634487262977594,0.6637323619292986,25,20,20
12,2485,0.07660157449400698,0.10318237761496532,0.1594636591492765,0.6607523887417547,25,20,20
12,2486,0.07358133162512613,0.11982848213211181,0.1283156197460811,0.6782745664966846,25,20,20
12,2487,0.07089548918008629,0.11858553585104424,0.14231727156218074,0.6682017034066905,25,20,20
12,2488,0.12269943143852499,0.11949023719288458,0.07826394013985029,0.6795463912287406,25,20,20
12,2489,0.12316666873644364,0.09070072255361979,0.10716855503269807,0.6789640536772394,25,20,20
12,2490,0.1642076118935053,0.06200534497170438,0.09479160752784295,0.678995435606947,25,20,20
12,2491,0.13350312477793552,0.09051236517032737,0.09696563519598259,0.6790188748557539,25,20,20
12,2492,0.10963152191717183,0.11969194262642122,0.051898388276541654,0.7187781471798642,25,20,20
12,2493,0.10679734844435082,0.12418074094303186,0.051408224408553534,0.7176136862040619,25,20,20
12,2494,0.12061913516930069,0.11832164131312119,0.048998057184750275,0.7120611663328278,25,20,20
12,2495,0.04629390184923727,0.0788333048062661,0.17622717308664207,0.6986456202578555,25,20,20
12,2496,0.07867813880488686,0.11642875483121787,0.11225482732723016,0.6926382790366666,25,20,20
12,2497,0.11688118253685273,0.10000229519118914,0.08511871838742328,0.6979978038845353,25,20,20
12,2498,0.08285388867786934,0.09998599969909021,0.0991449768572526,0.7180151347657887,25,20,20
12,2499,0.06577036764825096,0.07693205237118685,0.16439901984960406,0.6928985601309623,25,20,20
12,2500,0.08157617002483761,0.07883385817604156,0.15305146900101746,0.6865385027981045,25,20,20
12,2501,0.09062062104608883,0.07764603284544008,0.12358093218454583,0.7081524139239269,25,20,20
12,2502,0.11755561643475447,0.0781982386920318,0.08582845090471844,0.7184176939684969,25,20,20
12,2503,0.07635572335720327,0.07989402466568409,0.12459368709441493,0.719156564882704,25,20,20
12,2504,0.048074011048064025,0.05750058025066538,0.17793185525113167,0.7164935534501379,25,20,20
12,2505,0.07433976375163832,0.05365663726218555,0.16438524668033389,0.7076183523058429,25,20,20
12,2506,0.1520700424499971,0.054048780390871486,0.09989547049856749,0.693985706660565,25,20,20
12,2507,0.18115356872081542,0.05406259868827625,0.06072834901905397,0.7040554835718552,25,20,20
12,2508,0.1997210887208469,0.07868750856135867,0.05707880573895662,0.6645125969788386,25,20,20
12,2509,0.16515983644742246,0.054084664843736564,0.10257893859509207,0.6781765601137495,25,20,20
12,2510,0.16502734816265233,0.07864626710802418,0.08851460874447804,0.6678117759848468,25,20,20
12,2511,0.16041716844359755,0.11861963666497718,0.01603557195638489,0.7049276229350394,25,20,20
12,2512,0.1463144624326176,0.08092204281311859,0.0540092128203334,0.7187542819339308,25,20,20
12,2513,0.14697540816930274,0.04995113147447614,0.08889940187486739,0.7141740584813534,25,20,20
12,2514,0.10220668829744545,0.04995747572781403,0.12872187637949176,0.7191139595952518,25,20,20
12,2515,0.14347522618215608,0.04995077598334662,0.08810924519610679,0.7184647526383914,25,20,20
12,2516,0.1087109543233578,0.04996854484392533,0.16301783461472794,0.6783026662179936,25,20,20
12,2517,0.1278065906880089,0.0798996907575581,0.11252698564895697,0.6797667329054766,25,20,20
12,2518,0.11925934194643613,0.07989819354787504,0.12176939995236696,0.6790730645533237,25,20,20
12,2519,0.08832739251621566,0.07826671200860186,0.15903136865753278,0.6743745268176514,25,20,20
12,2520,0.12891033753900766,0.05775382111186517,0.13422242197570372,0.6791134193734263,25,20,20
12,2521,0.1251070794501224,0.06193548658398157,0.13400095053088934,0.6789564834350099,25,20,20
12,2522,0.1574146988093118,0.0799320972653199,0.08357940027813983,0.6790738036472304,25,20,20
12,2523,0.15443190941614265,0.07993348303560426,0.08670636480489737,0.6789282427433565,25,20,20
12,2524,0.13579644630504534,0.039970328019951366,0.1448863439688888,0.6793468817061172,25,20,20
12,2525,0.18799118021811057,0.039945999543955564,0.13337464594409348,0.6386881742938418,25,20,20
12,2526,0.19605689622397468,0.03996722573451681,0.12148571015381637,0.642490167887695,25,20,20
12,2527,0.20708998152764505,0.03995501056765645,0.11532980968368348,0.6376251982210168,25,20,20
12,2528,0.15756650679000467,0.039963169751310555,0.1316342978042819,0.6708360256544046,25,20,20
12,2529,0.2284697346389263,0.03994610528619031,0.01345994075725057,0.7181242193176323,25,20,20
12,2530,0.16377881711244996,0.039974750163336244,0.07779580710723498,0.7184506256169796,25,20,20
12,2531,0.2035688016859622,0.03873340852016233,0.0408571620876157,0.7168406277062611,25,20,20
12,2532,0.18806995085169992,0.03997090853165828,0.09269696138690602,0.6792621792297371,25,20,20
12,2533,0.1851344923514221,0.03997312882525162,0.06276960628259658,0.7121227725407289,25,20,20
12,2534,0.1975519597606411,0.03825780317586432,0.04618596329611538,0.7180042737673786,25,20,20
12,2535,0.20027947215103428,0.03825778642852544,0.05442174275689335,0.7070409986635465,25,20,20
12,2536,0.16290364550269637,0.039943642026151215,0.09441784132140006,0.7027348711497544,25,20,20
12,2537,0.11664913994022921,0.0399436604826452,0.12338017344340418,0.7200270261337215,25,20,20
12,2538,0.1907300096895121,0.03935380371885694,0.05146663256423807,0.7184495540273924,25,20,20
12,2539,0.17755059016216973,0.02454804505291968,0.0787038973672337,0.7191974674176767,25,20,20
12,2540,0.17618351815840963,0.038746920817197286,0.06586904550762342,0.7192005155167683,25,20,20
12,2541,0.17759339131822277,0.02459578430948404,0.07905628658371396,0.7187545377885791,25,20,20
12,2542,0.2014228432820823,0.039920165711999654,0.0688803765915136,0.6897766144144035,25,20,20
12,2543,0.1974704575452563,0.03992015286470527,0.07576619518034171,0.6868431944096959,25,20,20
12,2544,0.23509733157223855,0.039919700607134165,0.08691042804459809,0.6380725397760308,25,20,20
12,2545,0.21706904826692752,0.0007782752808233299,0.1798674421680811,0.6022852342841701,25,20,20
12,2546,0.2708226347146291,1.4764537358082494e-05,0.13024203012113422,0.5989205706268786,25,20,20
12,2547,0.2522444133099642,1.478639361488746e-05,0.14905459721561168,0.5986862030808107,25,20,20
12,2548,0.27532121641289914,0.038759263074617675,0.10391253510565703,0.5820069854068283,25,20,20
12,2549,0.2538351604704081,0.03875922425594509,0.10930714639341717,0.5980984688802309,25,20,20
12,2550,0.22291397337571092,0.021231454167786643,0.15734184178645402,0.5985127306700495,25,20,20
12,2551,0.21612000985004046,0.021241114237607522,0.14254898344778108,0.6200898924645745,25,20,20
12,2552,0.2139743681579526,0.03993832952201306,0.10690180344753247,0.6391854988725036,25,20,20
12,2553,0.11402422087254065,0.03874514772026663,0.2091388271794158,0.6380918042277741,25,20,20
12,2554,0.15607399492179255,0.0010918192046943664,0.20662357770532455,0.6362106081681883,25,20,20
12,2555,0.09956701962195053,0.001095740657325762,0.257968353463796,0.6413688862569273,25,20,20
12,2556,0.1407489021770234,0.0010864054884093595,0.17824915622980658,0.6799155361047624,25,20,20
12,2557,0.18938301965759538,5.542453106526481e-07,0.13108061617761613,0.6795358099194796,25,20,20
12,2558,0.2150110306649695,1.3939054521868095e-06,0.11723476055966296,0.6677528148699152,25,20,20
12,2559,0.16424026751970527,7.150491421450308e-05,0.1508405887083149,0.6848476388577658,25,20,20
12,2560,0.19263138214249412,1.9426917484564122e-05,0.1281944442016002,0.6791547467384249,25,20,20
12,2561,0.16175240199213164,5.9545183636437386e-08,0.16030174800907035,0.6779457904536165,25,20,20
12,2562,0.1864777793617671,5.0305190837558064e-08,0.13464042199790963,0.6788817483351332,25,20,20
12,2563,0.210003928310779,6.405890593873096e-06,0.11090880177681653,0.6790808640218107,25,20,20
12,2564,0.22597709761226134,6.942644843890485e-06,0.09509977877029469,0.6789161809726033,25,20,20
12,2565,0.1446681849449657,2.503868344413245e-07,0.18764375351533988,0.6676878111528601,25,20,20
12,2566,0.15052131746939937,4.134015154204199e-05,0.18611590293694202,0.6633214394421177,25,20,20
12,2567,0.16987578273016485,0.0021218750738918653,0.1646229081348492,0.6633794340610949,25,20,20
12,2568,0.15964887208851306,2.8840749286074883e-07,0.17074840262536126,0.6696024368786346,25,20,20
12,2569,0.14574064753395444,1.2365781614531355e-06,0.18141869175113828,0.6728394241367478,25,20,20
12,2570,0.15189173756335067,3.0516839751826617e-06,0.16902126327331884,0.6790839474793551,25,20,20
12,2571,0.1521390420757914,2.642446344600189e-06,0.17339487448430796,0.6744634409935573,25,20,20
12,2572,0.19192242339302457,4.953761912037736e-07,0.12772784303400928,0.6803492381967748,25,20,20
12,2573,0.2406600401792511,1.4253190226309907e-05,0.07863698688049305,0.6806887197500288,25,20,20
12,2574,0.2122454103368232,1.3927115804780181e-05,0.10492993699841754,0.6828107255489556,25,20,20
12,2575,0.24135984851937728,5.266409455111992e-07,0.07784751068510593,0.6807921141545714,25,20,20
12,2576,0.2657174292410232,3.0650307890464886e-07,0.05605209135682901,0.6782301728990692,25,20,20
12,2577,0.2761418586806554,0.014684249499337644,0.03120059547681878,0.6779732963431886,25,20,20
12,2578,0.23698869712538176,0.014684968157484084,0.10975120180395714,0.6385751329131787,25,20,20
12,2579,0.15565505306340502,0.014670350498137797,0.19263923378810077,0.6370353626503558,25,20,20
12,2580,0.2368231223922695,0.07759723584548509,0.08335723037496338,0.6022224113872842,25,20,20
12,2581,0.16581339985648874,0.07759969420662559,0.15751055523015917,0.5990763507067276,25,20,20
12,2582,0.14485198327152193,0.06442618544657278,0.1917481302535068,0.5989737010284021,25,20,20
12,2583,0.19157848936627764,0.06446435806525364,0.1450977510574786,0.5988594015109916,25,20,20
12,2584,0.13467539836497022,0.040730186492834566,0.23055097851472092,0.5940434366274729,25,20,20
12,2585,0.16790718405528618,0.0399407040611867,0.21999403028274678,0.5721580816007801,25,20,20
12,2586,0.18044337022170398,0.03994274375727379,0.21808842716488896,0.5615254588561298,25,20,20
12,2587,0.1813988701494395,0.03998014154471576,0.21643309251139192,0.5621878957944504,25,20,20
12,2588,0.1704566236741377,0.038256877929387825,0.22944857667341587,0.5618379217230576,25,20,20
12,2589,0.1910824202977168,0.0382476639929145,0.21133663190845312,0.5593332838009163,25,20,20
12,2590,0.1921430851551746,0.03992385247697041,0.208664985801677,0.5592680765661786,25,20,20
12,2591,0.2617635646932662,0.03998466667515389,0.13955055402969793,0.5587012146018833,25,20,20
12,2592,0.2775736556472207,0.04075446671343629,0.12128035778025836,0.5603915198590871,25,20,20
12,2593,0.3051782064813121,0.011247788192169903,0.12383804831391947,0.5597359570126016,25,20,20
12,2594,0.26018799106478147,0.011248007340072969,0.16884227429330148,0.5597217273018439,25,20,20
12,2595,0.2337441971566275,0.039943462996224366,0.16667579211367126,0.559636547733479,25,20,20
12,2596,0.2428176966865463,1.5650441462215583e-05,0.21099658245237485,0.5461700704196193,25,20,20
12,2597,0.2281265526500772,1.3358976125202408e-05,0.21349984716639966,0.5583602412074,25,20,20
12,2598,0.24407545605025413,1.3606871771055873e-05,0.1957432304462076,0.5601677066317676,25,20,20
12,2599,0.18971493326487934,8.198071795228814e-05,0.2646874677070924,0.5455156183100742,25,20,20
12,2600,0.2853554221654746,2.4775697018327793e-07,0.1552617087698211,0.5593826213077346,25,20,20
12,2601,0.2717620932946012,2.759443368681304e-07,0.16482541082530205,0.5634122199357607,25,20,20
12,2602,0.20926556787078232,3.334662325361484e-07,0.22032511784760217,0.5704089808153843,25,20,20
12,2603,0.20422134372586132,0.00024513009336995373,0.22526652413988818,0.5702670020408797,25,20,20
12,2604,0.20965109107801905,2.851768603725444e-06,0.24468644409527218,0.5456596130581045,25,20,20
12,2605,0.2135044736140634,1.4097480866922387e-06,0.2412769078384875,0.5452172087993603,25,20,20
12,2606,0.17865130814089494,1.8575594324289458e-07,0.26236916069989985,0.5589793454032623,25,20,20
12,2607,0.22899498758440465,0.005506698801615833,0.24650785019669658,0.518990463417285,25,20,20
12,2608,0.2727494167444124,1.6526312554413436e-05,0.21547971648696773,0.5117543404560659,25,20,20
12,2609,0.28877695926722213,1.5471202397221163e-05,0.23511978804936068,0.4760877814810206,25,20,20
12,2610,0.30874351588011345,0.0003744366858698537,0.2085007459473654,0.48238130148665187,25,20,20
12,2611,0.32502358008561233,0.0004164092462334223,0.19294593677826072,0.4816140738898917,25,20,20
12,2612,0.3237932701658311,0.00041606499554304634,0.1941781255814998,0.48161253925712655,25,20,20
12,2613,0.4100968595217989,1.1045386677020886e-06,0.1086712372992641,0.4812307986402697,25,20,20
12,2614,0.35687255587544536,3.698020753032964e-07,0.1641127580057693,0.47901431631670943,25,20,20
12,2615,0.33977107236948134,4.139251055961998e-06,0.18069729953886607,0.4795274888405969,25,20,20
12,2616,0.341776141872953,3.7231635315819955e-05,0.17866336151574339,0.4795232649759897,25,20,20
12,2617,0.3004169696355366,0.0014409946764634494,0.21987715450004652,0.4782648811879545,25,20,20
12,2618,0.17058357948990374,0.00038261993062682826,0.3508447340032718,0.47818906657619875,25,20,20
12,2619,0.2484850334338868,0.009947854240993478,0.26253485476758587,0.4790322575575348,25,20,20
12,2620,0.2290870618727215,0.009945554904903627,0.2815533027997117,0.47941408042266276,25,20,20
12,2621,0.22368901012919679,0.054110107782580005,0.2944194010435515,0.4277814810446706,25,20,20
12,2622,0.18566154472158786,0.07871581798170378,0.2933802024590373,0.4422424348376691,25,20,20
12,2623,0.17514147849833994,0.049978523232653754,0.3389403605213366,0.435939637747671,25,20,20
12,2624,0.1932938374674023,0.0786780754931849,0.20846844831959718,0.5195596387198148,25,20,20
12,2625,0.23498522740070601,0.07993512957867809,0.16543396534642946,0.519645677674187,25,20,20
12,2626,0.21986004615984434,0.06187920891893908,0.18356703622100184,0.534693708700213,25,20,20
12,2627,0.2024581035169209,0.0767206435507959,0.16174246378698723,0.5590787891452969,25,20,20
12,2628,0.1770858891278399,0.0772475262336574,0.1867639318628364,0.5589026527756673,25,20,20
12,2629,0.22492898129378436,0.07739350392366356,0.1385803090048101,0.5590972057777441,25,20,20
12,2630,0.21977352383743193,0.03778003135759057,0.1832474761728334,0.5591989686321446,25,20,20
12,2631,0.23936201223969547,0.037649455347760284,0.16404763498311506,0.5589408974294279,25,20,20
12,2632,0.2336647029743493,0.040274200515488696,0.16687753084344362,0.5591835656667189,25,20,20
12,2633,0.2276590389923042,0.06199219275560609,0.14992649919071926,0.5604222690613715,25,20,20
12,2634,0.1529172627065293,0.061988480624311434,0.22645545605288242,0.5586388006162786,25,20,20
12,2635,0.11466962452337288,0.08002898023963934,0.24253320068375842,0.5627681945532294,25,20,20
12,2636,0.1234364329598424,0.07991027307065689,0.23818655483079723,0.5584667391387024,25,20,20
12,2637,0.1374578221396647,0.07867855901906312,0.2244155475819476,0.5594480712593213,25,20,20
12,2638,0.10387834415154729,0.07869082477416406,0.26351104431699324,0.5539197867572953,25,20,20
12,2639,0.12948561727483382,0.054094385139064914,0.29365554761450585,0.5227644499715942,25,20,20
12,2640,0.11922067069519927,0.05408957531881496,0.2640381536262495,0.5626516003597365,25,20,20
12,2641,0.12280751053534543,0.07867971286136205,0.23635631586194383,0.5621564607413494,25,20,20
12,2642,0.21695724251121934,0.07995228741944041,0.1086116943030177,0.5944787757663225,25,20,20
12,2643,0.256155091028152,0.052677879835481244,0.10605547202139809,0.5851115571149689,25,20,20
12,2644,0.27850278063212053,0.06328089944853396,0.07232864668131811,0.5858876732380274,25,20,20
12,2645,0.2679663277086039,0.07651822495127955,0.08119168781366298,0.5743237595264543,25,20,20
12,2646,0.2736425598707323,0.07823630651226163,0.05403099923482101,0.5940901343821856,25,20,20
12,2647,0.23150630241248135,0.07995096202184727,0.09507071401389444,0.593472021551777,25,20,20
12,2648,0.21639259441891276,0.0776689854056555,0.15119893390037148,0.5547394862750616,25,20,20
12,2649,0.2048153914393822,0.0789829814038899,0.12224791645071269,0.5939537107060171,25,20,20
12,2650,0.24028602300774154,0.05236096857897876,0.11591770716156505,0.5914353012517155,25,20,20
12,2651,0.23973761211864464,0.027185268634866713,0.13664507182717528,0.5964320474193144,25,20,20
12,2652,0.15698396219064714,0.04179875255771728,0.1859164894926565,0.6153007957589824,25,20,20
12,2653,0.12124783582888096,0.04182826473374988,0.24025735198505874,0.5966665474523104,25,20,20
12,2654,0.16687242076467734,0.02111240906900683,0.1777030868622972,0.6343120833040219,25,20,20
12,2655,0.1682457397664324,0.0517910898978337,0.18807099692421306,0.5918921734115231,25,20,20
12,2656,0.1873085692815365,0.07986027631986159,0.16954794770472836,0.5632832066938733,25,20,20
12,2657,0.22625989564352156,0.07868031015057599,0.13394534741391134,0.5611144467919933,25,20,20
12,2658,0.21516413306500634,0.07880076854648413,0.11499243789315904,0.5910426604953534,25,20,20
12,2659,0.22611028621660462,0.07831118117962213,0.11129929748116502,0.5842792351226099,25,20,20
12,2660,0.22289332291114014,0.07828502429168167,0.09970825567155293,0.5991133971256272,25,20,20
12,2661,0.21836891237274927,0.0782485946730053,0.1088391396519427,0.5945433533023038,25,20,20
12,2662,0.19041159070081043,0.07832790402241553,0.132735629533008,0.5985248757437701,25,20,20
12,2663,0.20506757370547704,0.06520124362851885,0.18490769225549136,0.5448234904105124,25,20,20
12,2664,0.2339128738061906,0.11946783416882756,0.08767969295736705,0.5589395990676158,25,20,20
12,2665,0.24323527761639174,0.07820703060561626,0.11966565444749533,0.5588920373304975,25,20,20
12,2666,0.21603741349709665,0.07822706905250289,0.15304599456787382,0.5526895228825294,25,20,20
12,2667,0.3161818903675543,0.07747592275004565,0.048592756284800635,0.5577494305975997,25,20,20
12,2668,0.26866270471735176,0.07746486801367117,0.10157338718398651,0.5522990400849911,25,20,20
12,2669,0.31763594860161315,0.07685644815611595,0.048367705117025775,0.5571398981252448,25,20,20
12,2670,0.309415780808224,0.061201169363468574,0.08245225037330288,0.5469307994550039,25,20,20
12,2671,0.2648641180553823,0.07822934059138983,0.09970507964665605,0.557201461706573,25,20,20
12,2672,0.22856792637245438,0.07983941260171978,0.14300404612759013,0.5485886148982373,25,20,20
12,2673,0.20505262947463698,0.05117989921338358,0.18515273756044945,0.5586147337515306,25,20,20
12,2674,0.240848869551784,0.05337605486568214,0.14663682900884667,0.5591382465736876,25,20,20
12,2675,0.1782675271350885,0.053375802755735856,0.20873478107695476,0.5596218890322208,25,20,20
12,2676,0.1667545846370148,0.07846052333830388,0.19571286391417506,0.559072028110506,25,20,20
12,2677,0.20575870005161112,0.07970075051019716,0.1548043737674458,0.5597361756707514,25,20,20
12,2678,0.24779781479748852,0.07870392773567893,0.11375963954511276,0.5597386179217225,25,20,20
12,2679,0.2373754832775637,0.07950658633702587,0.12361531385567591,0.5595026165297384,25,20,20
12,2680,0.2571201958124086,0.06120251196453716,0.12246862501226342,0.5592086672107935,25,20,20
12,2681,0.26485663230724854,0.06120235416228897,0.0825665599409695,0.5913744535894937,25,20,20
12,2682,0.26850632725878776,0.07988474303944684,0.06082446443089744,0.5907844652708689,25,20,20
12,2683,0.28380668721260055,0.07931802828613167,0.045602488635822086,0.5912727958654461,25,20,20
12,2684,0.23958667170731046,0.0793221123768712,0.0816519741473384,0.599439241768483,25,20,20
12,2685,0.2591504400455461,0.07777941728665752,0.06410326014824631,0.5989668825195505,25,20,20
12,2686,0.2887107712200325,0.05400435881293923,0.10448418205000937,0.5528006879170251,25,20,20
12,2687,0.2710085825295935,0.051172331804095916,0.1357045349370174,0.5421145507292979,25,20,20
12,2688,0.2577367077974591,0.07912200500409643,0.15090837821231146,0.5122329089861354,25,20,20
12,2689,0.17310862326690116,0.07932405399464597,0.2283466128997078,0.5192207098387428,25,20,20
12,2690,0.16690826135666192,0.077349744198396,0.20263393211762148,0.5531080623273211,25,20,20
12,2691,0.19269542452841112,0.07817266343388778,0.14509734663930457,0.5840345653983982,25,20,20
12,2692,0.1759667548264017,0.053976268261847184,0.21897249603635,0.5510844808753995,25,20,20
12,2693,0.15825698354327355,0.08563904981087028,0.16222699482323816,0.5938769718226188,25,20,20
12,2694,0.1257600391553051,0.08444286252776768,0.19671190439259548,0.5930851939243303,25,20,20
12,2695,0.16421066308112614,0.08427877332704109,0.15790489594561552,0.5936056676462185,25,20,20
12,2696,0.20389317089408326,0.08375867071884556,0.1243433700685169,0.588004788318555,25,20,20
12,2697,0.18618186412368393,0.0771257521396694,0.1432781845605559,0.5934141991760945,25,20,20
12,2698,0.20559857445318527,0.03907647183501268,0.1559372102802954,0.5993877434315084,25,20,20
12,2699,0.1953954501257894,0.03998681375999278,0.17225991426821508,0.5923578218460043,25,20,20
12,2700,0.2357910957876919,0.0612175135202663,0.08357125769473185,0.6194201329973117,25,20,20
12,2701,0.21152600320137308,0.0795071416619729,0.06107805850380212,0.6478887966328516,25,20,20
12,2702,0.2144988941283727,0.0777972421476637,0.05360325623790599,0.6541006074860569,25,20,20
12,2703,0.2084908939320561,0.09419592350316684,0.03589390598983137,0.6614192765749451,25,20,20
12,2704,0.12063154995200677,0.07880759123516862,0.10155686284489658,0.6990039959679301,25,20,20
12,2705,0.15089855164665672,0.11812823478982457,0.03848700054874547,0.6924862130147724,25,20,20
12,2706,0.1564127522867755,0.11854556042127111,0.007233335762633295,0.7178083515293189,25,20,20
12,2707,0.14109100295488816,0.11819156018305009,0.027620181970579884,0.7130972548914809,25,20,20
12,2708,0.15753791683454116,0.11979597265252752,0.010459182973915007,0.7122069275390153,25,20,20
12,2709,0.14072198179182263,0.05433151544071477,0.08609666057596482,0.7188498421915003,25,20,20
12,2710,0.11031577408967587,0.015127181514865995,0.15744069781782527,0.7171163465776346,25,20,20
12,2711,0.14441125990027318,0.014152117195792503,0.12424461425255907,0.7171920086513778,25,20,20
12,2712,0.15252723881533517,0.014120245800476307,0.11469301367329582,0.7186595017108943,25,20,20
12,2713,0.15377373522507026,0.014175658191566444,0.11355602703679836,0.7184945795465694,25,20,20
12,2714,0.15798817738495335,0.03878726302956605,0.08522086255893889,0.7180036970265422,25,20,20
12,2715,0.14615802880743026,0.03829846106654716,0.10210633491049145,0.7134371752155327,25,20,20
12,2716,0.12640050139041223,0.03829992704796638,0.12141068335986853,0.7138888882017542,25,20,20
12,2717,0.16651597293608084,0.011231661262091644,0.11539570493618234,0.7068566608656462,25,20,20
12,2718,0.15374105719890468,0.0006114978439542065,0.15030110527229146,0.6953463396848523,25,20,20
12,2719,0.19731249699961462,6.451022227884838e-08,0.09411953581753783,0.7085679026726258,25,20,20
12,2720,0.1913389372780334,8.420078879177653e-09,0.10200009226879685,0.7066609620330898,25,20,20
12,2721,0.17976224948201425,5.049603175637979e-09,0.153657636517718,0.6665801089506651,25,20,20
12,2722,0.15596771071695342,0.0028451113810547234,0.16420069010928295,0.6769864877927081,25,20,20
12,2723,0.11148105966842366,2.32857821655039e-08,0.24323782569298838,0.6452810913528072,25,20,20
12,2724,0.09043363527778013,1.1922851469710806e-06,0.25468662600611597,0.654878546430958,25,20,20
12,2725,0.146869366146325,1.3729016689170576e-05,0.21131309685782135,0.6418038079791636,25,20,20
12,2726,0.2311439886268821,0.0006000435766280156,0.12615287440760548,0.6421030933888862,25,20,20
12,2727,0.20458124752676088,0.0006000957444205709,0.14764571045917413,0.647172946269647,25,20,20
12,2728,0.24324976074727112,0.000588503784766543,0.10904704408539473,0.647114691382568,25,20,20
12,2729,0.24464661074704425,0.0006008281379945704,0.11063075660340567,0.6441218045115558,25,20,20
12,2730,0.25574728778760986,0.0005983335051453113,0.06699034798089863,0.6766640307263464,25,20,20
12,2731,0.19408416990114893,1.4120112250274243e-05,0.13304050597488115,0.6728612040117216,25,20,20
12,2732,0.1908644076701185,1.3885185742171903e-05,0.14538407444220738,0.6637376327019333,25,20,20
12,2733,0.13541967835908242,5.181945740853826e-05,0.19855685459546726,0.665971647588042,25,20,20
12,2734,0.14401507959805634,0.00014944974544982693,0.17154778690199093,0.6842876837545013,25,20,20
12,2735,0.09956985482221473,2.4093616457336447e-06,0.22173524828372557,0.678692487532412,25,20,20
12,2736,0.13744983209964834,8.04425098459131e-07,0.18290729469834513,0.6796420687769058,25,20,20
12,2737,0.19662267679769785,3.8410312702842936e-07,0.12614858828730807,0.6772283508118693,25,20,20
12,2738,0.231554704086845,2.8694201703067438e-06,0.08913306764890651,0.6793093588440794,25,20,20
12,2739,0.22295597692909755,3.132353132416682e-06,0.09669762763272226,0.6803432630850508,25,20,20
12,2740,0.23343461269317448,1.858503200470452e-09,0.08754104721158391,0.6790243382367395,25,20,20
12,2741,0.19311145828714946,1.6506163624060828e-05,0.1281156748031341,0.6787563607460931,25,20,20
12,2742,0.20192799602991532,3.896510421592072e-08,0.09647968613904163,0.7015922788659403,25,20,20
12,2743,0.19218948246512002,1.2625406474985932e-06,0.0891120829863154,0.7186971720079164,25,20,20
12,2744,0.19112273608816868,1.621493331800283e-08,0.09552101284539899,0.7133562348515009,25,20,20
12,2745,0.1327475203711393,2.7954884516282857e-06,0.1489307862037051,0.7183188979367092,25,20,20
12,2746,0.15282433949089577,4.454964955300136e-07,0.12833326614889834,0.7188419488637118,25,20,20
12,2747,0.18032151318115452,1.2391161561162604e-06,0.09476082253207113,0.7249164251706207,25,20,20
12,2748,0.1830382164122771,2.590023418871863e-06,0.10853169178876237,0.7084275017755429,25,20,20
12,2749,0.14497751581120508,5.566404403333611e-06,0.1540037127094345,0.701013205074959,25,20,20
12,2750,0.13577103567702026,1.977094340344262e-06,0.20205728697897685,0.6621697002496628,25,20,20
12,2751,0.15921763533309977,7.478741248719275e-05,0.1901530480820253,0.6505545291723892,25,20,20
12,2752,0.21705679279829987,0.000572224172862934,0.13233710229224022,0.6500338807365987,25,20,20
12,2753,0.23013313419614562,1.9942380324494557e-05,0.1096197270463994,0.6602271963771343,25,20,20
12,2754,0.20458422843157278,1.2761078966570428e-06,0.16456611104363553,0.6308483844168921,25,20,20
12,2755,0.175221729698812,1.2754741535031154e-06,0.18720341884112973,0.6375735759859038,25,20,20
12,2756,0.1587569607582575,0.0005677966785971798,0.19729730420291272,0.6433779383602319,25,20,20
12,2757,0.16622413013940288,1.8958101149456236e-05,0.2013020158232038,0.6324548959362424,25,20,20
12,2758,0.23084242463976573,8.923838436136555e-08,0.13430312985638526,0.6348543562654663,25,20,20
12,2759,0.3417539541931637,3.0757440983936036e-07,0.019339676012479306,0.6389060622199467,25,20,20
12,2760,0.34671846308179677,2.1608513187076433e-08,0.01859514694877188,0.6346863683609173,25,20,20
12,2761,0.33065321852725615,1.6519987413107058e-05,0.035036582269510015,0.6342936792158206,25,20,20
12,2762,0.31111983329846327,1.0904241255452404e-08,0.0549806306229885,0.633899525174306,25,20,20
12,2763,0.2689946157702187,1.4489719296775565e-08,0.09697266463263095,0.6340327051074329,25,20,20
12,2764,0.2942351270987819,0.03996264141102789,0.0272231292869315,0.6385791022032585,25,20,20
12,2765,0.23576267521984218,0.039962737202698904,0.0859063764588536,0.6383682111186063,25,20,20
12,2766,0.2585114085849302,0.03996277639725152,0.07587771419671285,0.6256481008211044,25,20,20
12,2767,0.190402073745949,0.04005341383091051,0.13903382016135823,0.6305106922617837,25,20,20
12,2768,0.22569680254435145,0.039963185527995305,0.10514202989268971,0.6291979820349647,25,20,20
12,2769,0.21541247577970105,0.03997186371134529,0.12183433785180227,0.6227813226571542,25,20,20
12,2770,0.21052663915852812,0.03954309079698172,0.13943129901351092,0.6104989710309817,25,20,20
12,2771,0.20270778234611325,0.03995654362179758,0.13251066047117527,0.624825013560915,25,20,20
12,2772,0.2208102057267436,0.03871065523139096,0.10148706466121273,0.6389920743806541,25,20,20
12,2773,0.24583730768698595,0.0387028637358908,0.08142581654743176,0.6340340120296917,25,20,20
12,2774,0.24527729191250408,0.03760911828547731,0.08396016445509012,0.6331534253469309,25,20,20
12,2775,0.2358903361953126,0.03760976188611733,0.08795846908511207,0.6385414328334595,25,20,20
12,2776,0.2441751439236755,0.03760923182079961,0.07906722969489033,0.6391483945606337,25,20,20
12,2777,0.17996603770978356,0.0399395216175499,0.14742701282156445,0.6326674278511034,25,20,20
12,2778,0.20833197952767143,0.03992368883283183,0.13737049088416936,0.6143738407553286,25,20,20
12,2779,0.2369531484043817,0.0399679188708892,0.10229193146635746,0.6207870012583713,25,20,20
12,2780,0.2666947437161548,0.03996687023081623,0.06935816051971973,0.6239802255333092,25,20,20
12,2781,0.2512825328099715,0.039493575455641944,0.07653387287654163,0.632690018857844,25,20,20
12,2782,0.23043268797995803,0.03949512604097344,0.12229046754135879,0.6077817184377116,25,20,20
12,2783,0.28034159702000533,0.03828247659492107,0.09766839698344504,0.5837075294016298,25,20,20
12,2784,0.2864050983836238,0.03995839839302912,0.0897362718363407,0.5839002313870055,25,20,20
12,2785,0.2983416151732677,0.023178843814138525,0.06008976577152837,0.6183897752410656,25,20,20
12,2786,0.2236663277367621,0.023178677696656977,0.11882272143740075,0.634332273129182,25,20,20
12,2787,0.23199937086768338,0.040711741445420044,0.09284583842592173,0.6344430492609753,25,20,20
12,2788,0.2469203283724088,0.040695511978053364,0.07382158358989598,0.6385625760596411,25,20,20
12,2789,0.27243887875934225,0.022000846267137605,0.06858886791762216,0.636971407055898,25,20,20
12,2790,0.2592290979899692,0.022002976548835432,0.08595022096610579,0.6328177044950904,25,20,20
12,2791,0.22850780338712415,0.02124371193330886,0.15194897951894526,0.5982995051606228,25,20,20
12,2792,0.24137299833962586,0.03997662284316754,0.12430553997596508,0.5943448388412432,25,20,20
12,2793,0.24581312790225676,0.039956124720637524,0.09225049080271683,0.6219802565743893,25,20,20
12,2794,0.23733900666750768,0.03997358301203501,0.08312973813989005,0.6395576721805671,25,20,20
12,2795,0.14591903376235593,0.03906218304880706,0.13616274482226073,0.6788560383665779,25,20,20
12,2796,0.14064403922748744,0.039811756354726585,0.14049201688637092,0.6790521875314193,25,20,20
12,2797,0.16154696493052664,0.03989823224594298,0.11988299564126231,0.678671807182271,25,20,20
12,2798,0.17188622564683445,0.04552760877419307,0.10469015786771153,0.6778960077112615,25,20,20
12,2799,0.20544880105795305,0.04388013848638151,0.07200236740149489,0.6786686930541707,25,20,20
12,2800,0.1994494237102457,0.0399501824818723,0.08806344616848859,0.6725369476393943,25,20,20
12,2801,0.1527095603958394,0.020999646208681163,0.1942109635435922,0.6320798298518896,25,20,20
12,2802,0.1547112057904586,0.02177815901149315,0.22494225118831462,0.5985683840097363,25,20,20
12,2803,0.1325563677166339,0.02182767905952478,0.25804600588786203,0.5875699473359819,25,20,20
12,2804,0.0986645593192077,0.0011015739421558846,0.2864398155859363,0.6137940511526966,25,20,20
12,2805,0.12208014501693266,0.0007930490635458125,0.26365801860460925,0.6134687873149103,25,20,20
12,2806,0.13460864799645691,0.0007895769342504662,0.29361479884329017,0.5709869762259999,25,20,20
12,2807,0.15099483133428734,0.0007935735356373046,0.2959483487847246,0.5522632463453483,25,20,20
12,2808,0.1539015289709565,4.6418676035641355e-05,0.28654196378320235,0.5595100885698041,25,20,20
12,2809,0.17712569061770345,2.163148354552058e-05,0.23600367690710397,0.586849000991647,25,20,20
12,2810,0.2466192339354186,2.2500252195273625e-05,0.16679669158734178,0.5865615742250461,25,20,20
12,2811,0.2023242286997367,9.013705907410542e-06,0.20074090668175157,0.5969258509126043,25,20,20
12,2812,0.26928673260330166,7.293986967201958e-06,0.13716376729514224,0.5935422061145892,25,20,20
12,2813,0.267035586869055,6.822854616609803e-08,0.10444233120652081,0.6285220136958799,25,20,20
12,2814,0.2527050751535065,3.7996130158524254e-08,0.10724636326353984,0.6400485235868264,25,20,20
12,2815,0.2592351058353146,1.8415846803812647e-05,0.10184588322366164,0.6389005950942227,25,20,20
12,2816,0.2620568887632782,1.841670331423074e-05,0.11282123233901124,0.6251034621943985,25,20,20
12,2817,0.29285305849562415,1.7310209177559128e-09,0.06762914152952847,0.639517798243827,25,20,20
12,2818,0.2940286766990024,4.8382176791112675e-09,0.06740300564508295,0.6385683128176972,25,20,20
12,2819,0.2811569582209724,2.47063662506605e-08,0.08091702385714639,0.6379259932155171,25,20,20
12,2820,0.3046776885090654,2.405740954179487e-08,0.056147546414312514,0.6391747410192129,25,20,20
12,2821,0.26832408512867334,4.4127654582016886e-05,0.05128261050881404,0.6803491767079309,25,20,20
12,2822,0.2727706743751841,1.2766534935311556e-07,0.048121811437244595,0.6791073865222217,25,20,20
12,2823,0.19831911309991562,2.7715352015060847e-05,0.1254339216101787,0.676219249937894,25,20,20
12,2824,0.207125458658386,0.01443274930078013,0.10658468074478318,0.671857111296053,25,20,20
12,2825,0.15899877079384495,0.015211974132546236,0.14688109722741824,0.6789081578461921,25,20,20
12,2826,0.17879055436104693,0.011208323416169109,0.14146215710559606,0.6685389651171895,25,20,20
12,2827,0.18746324115355922,0.037396045274414966,0.09674170229662302,0.6783990112754036,25,20,20
12,2828,0.1573497267994764,0.011233399598973813,0.1529689242432355,0.678447949358316,25,20,20
12,2829,0.12192763954191632,0.011234461795740591,0.18845446916869515,0.6783834294936487,25,20,20
12,2830,0.16129958717881984,0.011244833135246636,0.16625277524800186,0.6612028044379343,25,20,20
12,2831,0.17408451536678807,0.0003820852911829698,0.15733656169602622,0.6681968376460073,25,20,20
12,2832,0.19511562808916616,0.00039252009813152357,0.12571806779242883,0.6787737840202749,25,20,20
12,2833,0.24525518792881468,1.0435758591154891e-05,0.0746474932667678,0.6800868830458261,25,20,20
12,2834,0.23012687859094685,5.945350409450008e-07,0.0908253607788769,0.6790471660951356,25,20,20
12,2835,0.22597966680535722,6.073710648951663e-07,0.10032481758847654,0.6736949082351055,25,20,20
12,2836,0.25718015360178353,7.308301998845416e-08,0.07325120464261609,0.66956856867258,25,20,20
12,2837,0.26601478624776315,4.640518505945386e-08,0.055064707320779886,0.6789204600262723,25,20,20
12,2838,0.2739763414425049,0.003374852458369978,0.04359034787784614,0.6790584582212789,25,20,20
12,2839,0.27438268491614365,0.0033737906889514933,0.04314486878625107,0.6790986556086535,25,20,20
12,2840,0.19795983820141635,0.0033756886560307774,0.1565746624954912,0.6420898106470635,25,20,20
12,2841,0.19782791961203927,1.119771888000846e-06,0.16508677986831574,0.6370841807477591,25,20,20
12,2842,0.14337087288288608,2.3793917227533588e-05,0.21910967843581133,0.6374956547640752,25,20,20
12,2843,0.1798164493520024,2.385783836163255e-05,0.17839416721741425,0.6417655255922214,25,20,20
12,2844,0.20061974118359743,2.3663148298340252e-05,0.12119086610829517,0.6781657295598102,25,20,20
12,2845,0.2320395228524485,1.956667550127372e-05,0.08908762594308986,0.678853284528961,25,20,20
12,2846,0.16285463737365852,1.9797247018613057e-05,0.1561155072207102,0.6810100581586168,25,20,20
12,2847,0.17387178277519777,0.0032040529437730504,0.1796857744414985,0.6432383898395293,25,20,20
12,2848,0.17599374096870973,1.75699351855091e-05,0.1935059451870204,0.6304827439090843,25,20,20
12,2849,0.12384329128187624,8.224016119314055e-06,0.19764016392745243,0.6785083207745539,25,20,20
12,2850,0.09035494522235339,8.481270066231703e-07,0.23047705134053106,0.679167155310113,25,20,20
12,2851,0.12783880071721174,0.0003336353296411663,0.1935378804022476,0.6782896835509,25,20,20
12,2852,0.1575290264504203,0.0003321407556277648,0.1629483306868097,0.6791905021071414,25,20,20
12,2853,0.2339867259706234,8.053624564734868e-08,0.08697478873990763,0.6790384047532239,25,20,20
12,2854,0.204918031099717,0.0006439731867642704,0.11952316971214394,0.6749148260013769,25,20,20
12,2855,0.20454241380930796,0.0006431747338386472,0.10552369062324037,0.6892907208336131,25,20,20
12,2856,0.23682571525012272,1.6648828928247017e-05,0.12340085757212856,0.6397567783488213,25,20,20
12,2857,0.2386849007936106,8.015630458026585e-06,0.09532238556455955,0.6659846980113726,25,20,20
12,2858,0.15442898231976918,7.451948529056278e-06,0.13372864391852107,0.7118349218131819,25,20,20
12,2859,0.19184293366285485,7.954233333731775e-06,0.10026283363573515,0.7078862784680764,25,20,20
12,2860,0.2405735373623944,1.5716493961165092e-05,0.04766473993242304,0.7117460062112214,25,20,20
12,2861,0.16586484406037505,2.009436021452963e-05,0.12740347487263481,0.706711586706777,25,20,20
12,2862,0.21197898248149913,1.961549307191713e-05,0.08975056310288428,0.698250838922545,25,20,20
12,2863,0.2327322372715445,7.192369527364954e-08,0.06559917277782518,0.7016685180269329,25,20,20
12,2864,0.16065299869412308,1.416964970593264e-06,0.1419461704150678,0.6973994139258398,25,20,20
12,2865,0.13227721350905858,3.4051336772392935e-06,0.12174619198468402,0.7459731893725811,25,20,20
12,2866,0.1297935076606189,3.403035650972505e-06,0.11163343991064448,0.7585696493930856,25,20,20
12,2867,0.12887369572579174,1.2076157837122804e-06,0.1184237028595352,0.752701393798887,25,20,20
12,2868,0.14439432857437526,4.461993488701396e-06,0.09708811207743735,0.7585130973546993,25,20,20
12,2869,0.13389182298484148,7.846890654352347e-08,0.10738749523333312,0.7587206033129202,25,20,20
12,2870,0.12961678192756806,1.2296275475327442e-07,0.11042126534595517,0.7599618297637225,25,20,20
12,2871,0.14935337769234397,3.169970227163047e-07,0.09109513819791185,0.7595511671127213,25,20,20
12,2872,0.1990140110826499,5.057499922828884e-07,0.04221290412087267,0.758772579046485,25,20,20
12,2873,0.1687374074883946,8.229306106306397e-09,0.06939114189386662,0.7618714423884327,25,20,20
12,2874,0.19345854832231296,3.7024957534497124e-08,0.04935373645070082,0.7571876782020288,25,20,20
12,2875,0.193830916766921,1.450048120731057e-05,0.04772904976074571,0.7584255329911259,25,20,20
12,2876,0.17800210832575253,2.7080318114391705e-07,0.08962638739281628,0.7323712334782506,25,20,20
12,2877,0.17400282950604204,1.4405262430120271e-05,0.12214240144583083,0.7038403637856984,25,20,20
12,2878,0.22031548054686267,5.792938331843626e-07,0.07522354217152213,0.7044603979877816,25,20,20
12,2879,0.23555700438236432,4.741382653722421e-06,0.04625839691236386,0.7181798573226181,25,20,20
12,2880,0.19976199479900272,3.7160250153453606e-09,0.08158533847601841,0.7186526630089554,25,20,20
12,2881,0.17003699161929753,4.631909601063246e-06,0.11186818051067704,0.7180901959604252,25,20,20
12,2882,0.20456807483734313,1.3622927262130797e-05,0.11767077949341365,0.6777475227419828,25,20,20
12,2883,0.19285605220404925,3.0414676328564334e-05,0.13476995347799517,0.672343579641629,25,20,20
12,2884,0.23132373379875074,0.00040421969336063343,0.12921136517689566,0.6390606813309946,25,20,20
12,2885,0.20406862070746498,0.024168700541341136,0.1448336793572854,0.6269289993939117,25,20,20
12,2886,0.20827698054330848,0.02416708789958512,0.1342688906452706,0.6332870409118351,25,20,20
12,2887,0.13299966684644537,0.03873403741412544,0.1954895014427181,0.6327767942967143,25,20,20
12,2888,0.09431859829351785,0.03873334794520669,0.23883657249935145,0.6281114812619233,25,20,20
12,2889,0.1582998131456883,0.03870866620708626,0.1704703082993112,0.6325212123479149,25,20,20
12,2890,0.10830022023445109,0.03870870454199933,0.21459287825726442,0.6383981969662851,25,20,20
12,2891,0.10667027661459157,0.03870868477835852,0.16659438203440838,0.6880266565726443,25,20,20
12,2892,0.1297827344793226,0.03870895727691238,0.11215488441425235,0.7193534238295137,25,20,20
12,2893,0.13060447220438665,0.0387288965002324,0.11172622613171242,0.7189404051636684,25,20,20
12,2894,0.11094170053191008,0.03872284610657708,0.1459615597107221,0.7043738936507927,25,20,20
12,2895,0.2062831727580428,0.03870868452735862,0.03913004786045018,0.7158780948541487,25,20,20
12,2896,0.16586688910733355,0.03870871216840881,0.07725024477761898,0.718174153946638,25,20,20
12,2897,0.11495510420077147,0.01416476303387252,0.15881939966697145,0.712060733098387,25,20,20
12,2898,0.15142185953978302,0.01416475236973471,0.1174784587075883,0.7169349293828948,25,20,20
12,2899,0.13978723045853395,0.014164790875184585,0.1296676332532417,0.7163803454130402,25,20,20
12,2900,0.12033933685217515,0.03827825519450097,0.16237463583872397,0.6790077721146023,25,20,20
12,2901,0.08693084533107942,0.03826304792346376,0.19691444110281198,0.6778916656426429,25,20,20
12,2902,0.12534950931583633,0.039953462989445424,0.16454899193949127,0.6701480357552273,25,20,20
12,2903,0.13915703272172272,0.040148257888701924,0.15051477619248926,0.6701799331970872,25,20,20
12,2904,0.13942215584867598,0.04014825721006507,0.15268072002983285,0.6677488669114265,25,20,20
12,2905,0.16003552928263962,0.02142045180520577,0.13976335628429962,0.678780662627858,25,20,20
12,2906,0.14527563379175126,0.001087020743217977,0.18785495273284944,0.665782392732182,25,20,20
12,2907,0.16103451361582835,0.0011612580760823406,0.20584238212692743,0.6319618461811625,25,20,20
12,2908,0.18457875548992983,7.601504551827744e-05,0.1539813903019952,0.6613638391625589,25,20,20
12,2909,0.1798106446100478,8.323762823841775e-09,0.1741904421740302,0.645998904892159,25,20,20
12,2910,0.22190934855320762,8.598050398910629e-07,0.15027989094752983,0.6278099006942235,25,20,20
12,2911,0.13830448993607955,1.5977727124906594e-06,0.18243635864034666,0.6792575536508643,25,20,20
12,2912,0.200914720167902,3.5599556997587887e-07,0.12261804355763069,0.6764668802788982,25,20,20
12,2913,0.24093796106507515,3.5474289862278515e-07,0.0490773230653085,0.7099843611267178,25,20,20
12,2914,0.21801378925292134,3.5538953801057756e-07,0.09715418514947888,0.6848316702080629,25,20,20
12,2915,0.17598925298839024,4.928982509671067e-07,0.12274565085885204,0.7012646032545077,25,20,20
12,2916,0.15475118682773312,7.494859136663167e-06,0.1320868944989544,0.7131544238141783,25,20,20
12,2917,0.18008654817815528,7.0564231733192315e-06,0.1004122473542246,0.719494148044449,25,20,20
12,2918,0.12112067366520611,7.064458666148345e-06,0.15184958305700702,0.7270226788191225,25,20,20
12,2919,0.16802745845930178,7.82291410123723e-06,0.15284073515578916,0.679123983470808,25,20,20
12,2920,0.21127247160618254,6.585806668143904e-06,0.1146478757469182,0.6740730668402338,25,20,20
12,2921,0.22369102430581672,9.57576251411645e-07,0.09917030557518974,0.6771377125427432,25,20,20
12,2922,0.27204778849727496,1.0476389906755864e-08,0.04864578147642759,0.6793064195499069,25,20,20
12,2923,0.28504261790559227,8.114580930030596e-06,0.0357070753424364,0.6792421921710412,25,20,20
12,2924,0.2711716138821108,3.538398931390536e-09,0.04946565765560871,0.6793627249238804,25,20,20
12,2925,0.2542677647442107,3.383500121552845e-08,0.08104149472228298,0.664690706698504,25,20,20
12,2926,0.2763365760226844,1.2338647674919244e-08,0.08077130766468983,0.6428921039739783,25,20,20
12,2927,0.2011003814704537,3.103579792871302e-07,0.16007565106471888,0.6388236571068497,25,20,20
12,2928,0.28258053864113714,6.10526632659047e-07,0.07864390874075226,0.6387749420914778,25,20,20
12,2929,0.22227540810548363,0.0006844982434360156,0.1424871830413571,0.6345529106097254,25,20,20
12,2930,0.21481236954572377,1.9719489927187973e-05,0.18388219973133066,0.6012857112330212,25,20,20
12,2931,0.15832717434509583,3.015368985604745e-07,0.22751435945610196,0.6141581646619039,25,20,20
12,2932,0.18915411593596115,1.2088594716962163e-05,0.16489469904958337,0.6459390964197383,25,20,20
12,2933,0.2339144772913694,1.2224950859296589e-05,0.13186789105201618,0.6342054067057543,25,20,20
12,2934,0.22237377287563412,1.2163600116870006e-05,0.14264003428617866,0.6349740292380699,25,20,20
12,2935,0.2919992655037228,2.9095441513734226e-08,0.0731026447437813,0.6348980606570549,25,20,20
12,2936,0.31940614593938854,0.024359752259742164,0.0759347535967769,0.5802993482040918,25,20,20
12,2937,0.2767328763456312,0.0798792483828454,0.05851848546749043,0.5848693898040332,25,20,20
12,2938,0.23296104427190098,0.03949132291683706,0.1398432695275058,0.5877043632837617,25,20,20
12,2939,0.23990608424115956,0.03873601747658297,0.1281320914494361,0.5932258068328253,25,20,20
12,2940,0.23140784318003998,0.04072753510812717,0.1239075469677961,0.603957074744039,25,20,20
12,2941,0.25985067360311914,0.04073401328196544,0.10134745836015714,0.598067854754759,25,20,20
12,2942,0.29066350924768797,0.03874073743835764,0.0693040869772038,0.6012916663367506,25,20,20
12,2943,0.2935252240402205,0.03827447228728367,0.07793833579953435,0.5902619678729613,25,20,20
12,2944,0.30503108173671056,0.03826137789689079,0.057986279223861646,0.5987212611425365,25,20,20
12,2945,0.3000813339651626,0.039929602296472536,0.06725737278473896,0.5927316909536247,25,20,20
12,2946,0.2561096967862077,0.03935268057467428,0.10553704084915864,0.5990005817899606,25,20,20
12,2947,0.2322808536095759,0.04052633014554836,0.13916429509567071,0.5880285211492078,25,20,20
12,2948,0.2299734012871821,0.04049155257429224,0.13128671521266083,0.5982483309258643,25,20,20
12,2949,0.2089411109109129,0.04073144147177041,0.1510666998414628,0.5992607477758541,25,20,20
12,2950,0.20057673678754992,0.04078626741553216,0.14603991955837137,0.6125970762385483,25,20,20
12,2951,0.24001903082280904,0.03996586302582027,0.12062209850731347,0.5993930076440575,25,20,20
12,2952,0.1942929319110337,0.0010766429316706745,0.2227400163900684,0.5818904087672275,25,20,20
12,2953,0.19594516862700068,0.0010819083177568587,0.2084482175242983,0.5945247055309467,25,20,20
12,2954,0.13785446973501028,0.0006002664369514507,0.22854296091030796,0.633002302917731,25,20,20
12,2955,0.1774866453922815,2.3042444552290296e-06,0.19139707561259872,0.6311139747506652,25,20,20
12,2956,0.17233555401279108,5.583565079256097e-06,0.1896936578935189,0.6379652045286105,25,20,20
12,2957,0.1171913626327579,1.733291930337387e-06,0.2632953340752138,0.6195115700000963,25,20,20
12,2958,0.11692867124304737,0.001578629907491028,0.23949573255101572,0.641996966298445,25,20,20
12,2959,0.11731798036113834,1.3277776982284228e-07,0.23806764503949004,0.6446142418216002,25,20,20
12,2960,0.18995958999679366,6.601768710737727e-07,0.20695225153082664,0.6030874982955098,25,20,20
12,2961,0.19599201035841787,1.1433894831617926e-06,0.1649682542556729,0.6390385919964279,25,20,20
12,2962,0.1596177397707769,6.438038319082436e-08,0.2071697401542731,0.633212455694566,25,20,20
12,2963,0.17451972568327398,1.2772663267147307e-06,0.1912155963669505,0.6342634006834479,25,20,20
12,2964,0.19389266111390238,1.1855555851244893e-06,0.17230922336936125,0.6337969299611514,25,20,20
12,2965,0.19916638260920486,1.1553756974049542e-06,0.14465569630332475,0.6561767657117753,25,20,20
12,2966,0.20424156299115254,1.8837494214894137e-09,0.13054010651930106,0.6652183286057984,25,20,20
12,2967,0.16449720694546624,1.6853642595293336e-06,0.17520986060363483,0.6602912470866393,25,20,20
12,2968,0.2027465397010933,3.6349256375882803e-07,0.1711785522915058,0.6260745445148391,25,20,20
12,2969,0.18538168480391642,0.0009687100218664607,0.1750198838561866,0.6386297213180319,25,20,20
12,2970,0.19767864414328298,6.197806111176057e-07,0.16276800232988303,0.6395527337462232,25,20,20
12,2971,0.16314109978507088,0.02273508483220264,0.1766462664813057,0.6374775489014214,25,20,20
12,2972,0.20110385876446368,0.03953560449093277,0.11830999387895501,0.6410505428656493,25,20,20
12,2973,0.2322388498620879,0.039535264921705754,0.09328196249932166,0.634943922716886,25,20,20
12,2974,0.23154187625058673,0.038732981981300554,0.08789650977462017,0.6418286319934937,25,20,20
12,2975,0.12737764053759823,0.0399493457165431,0.19650477044338202,0.6361682433024796,25,20,20
12,2976,0.11806941129215938,0.03998979596789756,0.2112392162132731,0.6307015765266741,25,20,20
12,2977,0.1166246492729372,0.039954996450423864,0.2020620234167701,0.6413583308598706,25,20,20
12,2978,0.1362300343888011,2.089434473278921e-06,0.22478303074391381,0.6389848454328103,25,20,20
12,2979,0.13931697538614643,0.02317549329692148,0.19861324812848496,0.6388942831884448,25,20,20
12,2980,0.15014273153947505,0.023175462866141517,0.1938016521460491,0.6328801534483323,25,20,20
12,2981,0.15488693025034075,0.0399773205885853,0.20755155103291156,0.5975841981281607,25,20,20
12,2982,0.12695587169046665,0.03997672703803334,0.2332191311941218,0.5998482700773787,25,20,20
12,2983,0.15582074880065683,0.03997651948579142,0.19982470436296265,0.6043780273505882,25,20,20
12,2984,0.15936278505351914,0.03996024001746592,0.19663524044400454,0.6040417344850103,25,20,20
12,2985,0.12872707786888507,0.03997095388343442,0.2322942587206957,0.5990077095269842,25,20,20
12,2986,0.23448312795419343,0.03997106460541345,0.1272592307857964,0.5982865766545978,25,20,20
12,2987,0.23785431218978068,0.039970594418803705,0.13726534632635198,0.5849097470650656,25,20,20
12,2988,0.20145223865736292,0.04037235504602081,0.13912878249524513,0.6190466238013715,25,20,20
12,2989,0.1728710071098648,0.03997993633015627,0.12213628770086858,0.665012768859111,25,20,20
12,2990,0.13805103566435148,0.07696185920745419,0.11183441348270687,0.6731526916454871,25,20,20
12,2991,0.10063213758542672,0.05310866436073173,0.17673533975958006,0.6695238582942619,25,20,20
12,2992,0.1582720789128424,0.014189555929153375,0.15427410178241754,0.6732642633755874,25,20,20
12,2993,0.13540990837316955,0.014189728582049681,0.18226053482786952,0.6681398282169133,25,20,20
12,2994,0.2403015870079405,0.03999769034275114,0.04155167238032324,0.6781490502689844,25,20,20
12,2995,0.22676251913559178,0.03994884885856851,0.058912569601629314,0.6743760624042094,25,20,20
12,2996,0.1897605527749797,0.03994885068642331,0.09975063135237829,0.6705399651862207,25,20,20
12,2997,0.20109316688793996,0.038717273115653005,0.08257866165334393,0.6776108983430634,25,20,20
12,2998,0.23891015968949375,0.038732780063283644,0.04498488686766098,0.6773721733795622,25,20,20
12,2999,0.2690277967619668,0.03873283901246601,0.015336878559623618,0.6769024856659446,25,20,20
12,3000,0.24746813919154537,0.038248133439584484,0.04262878723180058,0.6716549401370702,25,20,20
12,3001,0.23984468198245085,0.03823817380195297,0.05062021442670098,0.6712969297888952,25,20,20
12,3002,0.23057615183551264,0.03993290434799654,0.058152158059722125,0.6713387857567688,25,20,20
12,3003,0.18784591575650672,0.04027199956075047,0.09275561665334692,0.6791264680293985,25,20,20
12,3004,0.1915522199067192,0.037171969472026126,0.0895325070787006,0.6817433035425554,25,20,20
12,3005,0.2104175603151804,0.011229682350180417,0.09931959031016861,0.6790331670244705,25,20,20
12,3006,0.1784400695519392,0.03995284780638414,0.10294456552706971,0.6786625171146083,25,20,20
12,3007,0.13970495447639478,0.039961345840977575,0.1529687678927093,0.66736493178992,25,20,20
12,3008,0.15006394989724714,0.04035070021648509,0.147137529413806,0.6624478204724624,25,20,20
12,3009,0.15848930637340797,0.039115082544937625,0.16392287294145114,0.6384727381402038,25,20,20
12,3010,0.18793127775060964,0.03911524309951119,0.14748128028272872,0.6254721988671504,25,20,20
12,3011,0.1898277877602521,0.04006198638352533,0.10518550724347835,0.6649247186127443,25,20,20
12,3012,0.1408131331021543,0.040061739244351705,0.17110048578816486,0.648024641865329,25,20,20
12,3013,0.17642742135250716,0.039979080517574116,0.11975273543822337,0.6638407626916957,25,20,20
12,3014,0.1365440709668353,0.03997677340356819,0.15947351613949987,0.6640056394900978,25,20,20
12,3015,0.19029928798671633,0.03994635632687333,0.10234565505710275,0.6674087006293093,25,20,20
12,3016,0.24935229729051944,0.03999537836600106,0.03234535414066055,0.6783069702028187,25,20,20
12,3017,0.24501979129006782,0.03999612167147454,0.04057948116189158,0.6744046058765663,25,20,20
12,3018,0.27428453849395223,0.03998137418309425,0.013218853511458666,0.6725152338114952,25,20,20
12,3019,0.26815824079615763,0.037772850127951035,0.015770580754695836,0.678298328321196,25,20,20
12,3020,0.2503041080773276,0.03992258622399534,0.03804006111109927,0.6717332445875769,25,20,20
12,3021,0.20158256390938045,0.03995329061772049,0.115571745816825,0.6428923996560768,25,20,20
12,3022,0.1746514100910872,0.03936828389036829,0.14346823636439354,0.642512069654153,25,20,20
12,3023,0.20264231299943092,0.0393685583714532,0.11528507882484655,0.6427040498042709,25,20,20
12,3024,0.24490963164256574,0.03825973306310396,0.11600506544300723,0.6008255698513248,25,20,20
12,3025,0.2248779909803102,0.03826633854980574,0.13809323237860904,0.5987624380912776,25,20,20
12,3026,0.2106532329136856,0.03826625097477853,0.18381523744357378,0.5672652786679631,25,20,20
12,3027,0.2175189112813518,0.03994606250809408,0.14319669062142604,0.5993383355891297,25,20,20
12,3028,0.27266886715137967,0.039947899329470765,0.06683371340491098,0.6205495201142393,25,20,20
12,3029,0.18317856072925534,0.03994592623758842,0.14220363791471002,0.6346718751184485,25,20,20
12,3030,0.20515726733956022,0.03994566257617845,0.1199872894878661,0.6349097805963965,25,20,20
12,3031,0.27052623083995786,0.0399461837149991,0.050945347686117984,0.638582237758925,25,20,20
12,3032,0.32050092890502363,0.03991979454202607,0.03195143317206674,0.6076278433808837,25,20,20
12,3033,0.18186764578014572,0.03995211202590181,0.16198292952136598,0.6161973126725883,25,20,20
12,3034,0.15684242012179095,0.038735811811682994,0.18996167889016063,0.6144600891763651,25,20,20
12,3035,0.13713506667902953,0.038766911460947504,0.18504642684999698,0.639051595010028,25,20,20
12,3036,0.1898906752933353,0.040045800930995766,0.13080782206964234,0.6392557017060276,25,20,20
12,3037,0.24866729204568747,0.03993968189725477,0.10700315497615305,0.6043898710809061,25,20,20
12,3038,0.24422124104325582,0.021225453406143523,0.1399784628197565,0.594574842730846,25,20,20
12,3039,0.2304521196697195,0.02122217679141263,0.14949158984867852,0.59883411369019,25,20,20
12,3040,0.23412789192848127,0.04557500107109203,0.12124786175931378,0.5990492452411147,25,20,20
12,3041,0.25895395110547437,0.06028079635272184,0.08152344349310836,0.5992418090486951,25,20,20
12,3042,0.2900195578977087,0.05917735602700191,0.05026825334854107,0.6005348327267481,25,20,20
12,3043,0.2933722015288398,0.060851856751437235,0.04451073184794016,0.601265209871783,25,20,20
12,3044,0.23575048081315714,0.0644640703883581,0.10241873865888974,0.5973667101395969,25,20,20
12,3045,0.2420765376012974,0.06276932053719757,0.07243591926667647,0.622718222594828,25,20,20
12,3046,0.1906572007635202,0.06276912500367056,0.048542473235157965,0.6980312009976515,25,20,20
12,3047,0.14166919085005902,0.06282290069579723,0.08706830294604995,0.7084396055080924,25,20,20
12,3048,0.09617257119037607,0.06282374876591088,0.11654826430039118,0.7244554157433233,25,20,20
12,3049,0.14439236443862474,0.07987712175669648,0.0203460654458658,0.7553844483588127,25,20,20
12,3050,0.11261094097967903,0.07987712844422902,0.05352997573943172,0.7539819548366605,25,20,20
12,3051,0.1365344437338956,0.07987839135562386,0.02519984466651688,0.7583873202439634,25,20,20
12,3052,0.12026342626814196,0.07823346677366932,0.049160072780696736,0.7523430341774915,25,20,20
12,3053,0.1175784994199881,0.07940622841672274,0.044474339503285984,0.758540932660003,25,20,20
12,3054,0.1198561344658661,0.038255203864473855,0.12775652242862012,0.7141321392410417,25,20,20
12,3055,0.15520683844985841,0.038254846828961755,0.09475643543371247,0.7117818792874681,25,20,20
12,3056,0.15583350684059882,0.011232202135703768,0.13391477145909023,0.6990195195646076,25,20,20
12,3057,0.12039408075033464,0.0399578548128433,0.1314984532619033,0.7081496111749199,25,20,20
12,3058,0.08024814762994487,0.040419069583836384,0.13105911112752616,0.7482736716586935,25,20,20
12,3059,0.0802900790919748,0.039957435032391124,0.12075838058036549,0.7589941052952719,25,20,20
12,3060,0.10456540033496164,0.040525429301333904,0.09376844125456961,0.7611407291091339,25,20,20
12,3061,0.08343946330674017,0.06446244880844032,0.12979083740356132,0.7223072504812582,25,20,20
12,3062,0.08962143198623465,0.07869793936652607,0.1449107361131578,0.6867698925340828,25,20,20
12,3063,0.10877664230287357,0.0644812305801557,0.15553346838817655,0.6712086587287961,25,20,20
12,3064,0.15005251948961992,0.05360389265576461,0.123753903249426,0.6725896846051898,25,20,20
12,3065,0.14049157773847676,0.053673616311792925,0.13957187311415156,0.666262932835579,25,20,20
12,3066,0.19456434633109418,0.05367207712818099,0.08897676402474787,0.6627868125159773,25,20,20
12,3067,0.23856109043079218,0.05367205856496137,0.059053290428340954,0.6487135605759061,25,20,20
12,3068,0.2206093742124407,0.07818943952352346,0.022928117475087505,0.6782730687889493,25,20,20
12,3069,0.21831803750853254,0.07931282719299439,0.02947027765020754,0.6728988576482664,25,20,20
12,3070,0.17850868437511264,0.07769409435145672,0.07873049722047447,0.6650667240529564,25,20,20
12,3071,0.19706171741745038,0.07895059006174883,0.05957788003461381,0.6644098124861874,25,20,20
12,3072,0.13079693918393748,0.07936879173757524,0.11947062585196525,0.6703636432265231,25,20,20
12,3073,0.15867900678011504,0.06108104474228081,0.10134708170886865,0.6788928667687376,25,20,20
12,3074,0.19493541740194803,0.04946437290799837,0.07987304241350918,0.6757271672765442,25,20,20
12,3075,0.1615711251724502,0.03935059715126089,0.12083167922767718,0.6782465984486135,25,20,20
12,3076,0.12452858030997589,0.0399959915703366,0.15714523674633973,0.6783301913733488,25,20,20
12,3077,0.13734054812544202,0.03994955603765052,0.15903008707692357,0.6636798087599852,25,20,20
12,3078,0.1350306283772449,0.0399501757578619,0.1611921211266462,0.6638270747382471,25,20,20
12,3079,0.16353538151723523,0.0399385928885594,0.1181123745876133,0.6784136510065931,25,20,20
12,3080,0.11989412621912905,0.03997026711083511,0.1624094662663537,0.6777261404036834,25,20,20
12,3081,0.0788753644629192,0.078219663459307,0.1639814536460076,0.678923518431767,25,20,20
12,3082,0.07864113598835315,0.07991613049081273,0.2040003957439528,0.6374423377768831,25,20,20
12,3083,0.04527498205450903,0.0794807164633258,0.2368009114509487,0.6384433900312216,25,20,20
12,3084,0.08173764144373173,0.10139532005159178,0.1762999207620533,0.6405671177426195,25,20,20
12,3085,0.08115894235940396,0.15981087077233438,0.1203803727649002,0.6386498141033642,25,20,20
12,3086,0.039737607880809815,0.15919208882493813,0.1617009278798281,0.6393693754144277,25,20,20
12,3087,0.05671435525865656,0.1185291900117127,0.1796290193386662,0.6451274353909653,25,20,20
12,3088,0.06344620206267321,0.1167416334333111,0.17472162926371695,0.6450905352402997,25,20,20
12,3089,0.06448298522408309,0.10332229885523855,0.1806677913907224,0.6515269245299562,25,20,20
12,3090,0.056300391485769055,0.08455192723648215,0.23288641915637298,0.6262612621213752,25,20,20
12,3091,0.12025753376861367,0.08982884089537231,0.1524719161964682,0.637441709139546,25,20,20
12,3092,0.13835090394711932,0.08986193414866803,0.13397594620728503,0.637811215696929,25,20,20
12,3093,0.14237320860848077,0.09094249637535873,0.1393221052892371,0.6273621897269237,25,20,20
12,3094,0.1486792376623295,0.09093249550024686,0.1317727734784798,0.6286154933589445,25,20,20
12,3095,0.0762861196346188,0.11998152940951874,0.12447441530049883,0.6792579356553623,25,20,20
12,3096,0.10596326619545843,0.11746789701781529,0.09800152032818227,0.6785673164585448,25,20,20
12,3097,0.1074756532530401,0.11810825823344384,0.13742251405295908,0.6369935744605576,25,20,20
12,3098,0.1048725117668036,0.1163888150252272,0.14400964717936926,0.6347290260286017,25,20,20
12,3099,0.13931884386908444,0.11814551584456602,0.1457561261972803,0.5967795140890705,25,20,20
12,3100,0.1472043834778211,0.1175931220986743,0.09518946196944542,0.6400130324540608,25,20,20
12,3101,0.14450002127522574,0.0922652566486657,0.12672611815181983,0.6365086039242895,25,20,20
12,3102,0.06860158069906898,0.11691101491782988,0.1437331307399439,0.67075427364316,25,20,20
12,3103,0.1002334477846558,0.08018175583779748,0.14040739523718415,0.6791774011403645,25,20,20
12,3104,0.10059439356152529,0.0795531582485852,0.14143485744165102,0.6784175907482394,25,20,20
12,3105,0.135508935173548,0.0783870614108923,0.1339814603882902,0.6521225430272704,25,20,20
12,3106,0.12631316408513077,0.0786575254112223,0.11737775771808298,0.6776515527855662,25,20,20
12,3107,0.1250714395172952,0.05106341704821886,0.22569914410353292,0.598165999330952,25,20,20
12,3108,0.116077868924444,0.0541020544448157,0.2270117626031727,0.6028083140275698,25,20,20
12,3109,0.16024319015465696,0.07821804871742612,0.16286667635795488,0.5986720847699624,25,20,20
12,3110,0.19073039596113944,0.07779448138489042,0.13292547898124452,0.5985496436727257,25,20,20
12,3111,0.1639030740530692,0.07892687356189465,0.19461560556593835,0.5625544468191002,25,20,20
12,3112,0.18842151999848342,0.05422692709801554,0.20413484803447968,0.5532167048690204,25,20,20
12,3113,0.22484797831378608,0.05412891408507722,0.1390852770311078,0.5819378305700293,25,20,20
12,3114,0.2165642740160144,0.05474749867222777,0.12933491984670886,0.5993533074650493,25,20,20
12,3115,0.24072527421638742,0.05470747264118964,0.10560157475012888,0.5989656783922954,25,20,20
12,3116,0.23033468963119103,0.040043517147999926,0.13926532759510696,0.5903564656257038,25,20,20
12,3117,0.25851965758712386,0.040043549134043725,0.10707392944803903,0.5943628638307938,25,20,20
12,3118,0.2573612933490368,0.04007443400169249,0.1091148702458565,0.5934494024034139,25,20,20
12,3119,0.22902868466261214,0.03935416994990984,0.13136761498406527,0.6002495304034136,25,20,20
12,3120,0.19822623778315898,0.03935430087047839,0.13189429774328848,0.6305251636030758,25,20,20
12,3121,0.23710094810812538,0.03946099133227699,0.09164813867257292,0.6317899218870258,25,20,20
12,3122,0.27029692592631227,0.040671230195725376,0.051072302696996905,0.6379595411809658,25,20,20
12,3123,0.21701066988233753,0.04064373620181574,0.11427416074574116,0.6280714331701052,25,20,20
12,3124,0.16065433035124216,0.039952466741570436,0.16015758939570748,0.6392356135114814,25,20,20
12,3125,0.16425636746311598,0.03503868489329167,0.16153489764669277,0.6391700499969015,25,20,20
12,3126,0.16054647885666234,0.039972710903434176,0.12012756324060372,0.6793532469992997,25,20,20
12,3127,0.2065965166173211,0.03997097016316197,0.07426619534396835,0.6791663178755482,25,20,20
12,3128,0.16743214475685228,0.0399190594972403,0.1139050440282623,0.6787437517176451,25,20,20
12,3129,0.1912075589249892,0.03994994193539084,0.10364987515300574,0.6651926239866149,25,20,20
12,3130,0.18459983251968837,0.03999663675660909,0.1011486166296024,0.6742549140941025,25,20,20
12,3131,0.17990076600286678,0.04109656720494383,0.11255658886492168,0.6664460779272682,25,20,20
12,3132,0.14978403934979367,0.03997470144511521,0.10950603608615768,0.7007352231189341,25,20,20
12,3133,0.1578797683689018,0.04001187489681719,0.08795125768006881,0.714157099054214,25,20,20
12,3134,0.14869452348131654,0.039972682840352575,0.12956738451053926,0.681765409167797,25,20,20
12,3135,0.158967736641636,0.03997564296979458,0.12196607030334246,0.679090550085231,25,20,20
12,3136,0.11495726795188438,0.04074713408426324,0.12645702215741594,0.7178385758064403,25,20,20
12,3137,0.11457016901612185,0.0387416505934173,0.13371329749792069,0.7129748828925416,25,20,20
12,3138,0.1552451570267771,0.02446865051376705,0.11239700584131983,0.7078891866181387,25,20,20
12,3139,0.14609605423283883,0.03997169381539657,0.10072121987108225,0.713211032080685,25,20,20
12,3140,0.12111234427798408,0.04062630711559309,0.11960349420678827,0.7186578543996356,25,20,20
12,3141,0.11501356177344042,0.040320586523147905,0.12189037607158415,0.722775475631828,25,20,20
12,3142,0.11792074036763217,0.021235950812369987,0.14319566297596695,0.7176476458440324,25,20,20
12,3143,0.1447300274584468,0.021247006832041834,0.11402256537070754,0.720000400338805,25,20,20
12,3144,0.15536088195403808,0.038995835013040665,0.10024088748851717,0.7054023955444046,25,20,20
12,3145,0.1602428364982961,0.04017346996882953,0.08736978382309168,0.7122139097097842,25,20,20
12,3146,0.15989996423428135,0.011422067268600589,0.11003311601022193,0.7186448524868979,25,20,20
12,3147,0.15520675222096325,0.04022442632569678,0.08667700698846074,0.7178918144648802,25,20,20
12,3148,0.15911758379130286,0.011212371475775564,0.11157016848560314,0.7180998762473176,25,20,20
12,3149,0.16151056476006648,0.0399767252893824,0.08553355202092133,0.7129791579296314,25,20,20
12,3150,0.11920589294500211,0.03997674984018389,0.1284197635899715,0.7123975936248433,25,20,20
12,3151,0.16746534986099149,0.03997674657246796,0.07503550111380847,0.7175224024527327,25,20,20
12,3152,0.1118216158969022,0.03993985044212357,0.13008220697509454,0.718156326685881,25,20,20
12,3153,0.11769527853631458,0.03994002620737796,0.12680781715198436,0.7155568781043243,25,20,20
12,3154,0.1837250086406927,0.02113972885840476,0.0867427216544941,0.7083925408464086,25,20,20
12,3155,0.1948003363994674,0.02113944927470746,0.06624029386548677,0.7178199204603386,25,20,20
12,3156,0.14930084403535518,0.0393537416529935,0.09455312813850103,0.716792286173152,25,20,20
12,3157,0.0887008164617869,0.03934604156967291,0.15385065145129767,0.7181024905172447,25,20,20
12,3158,0.09078739063729273,0.038719683683255346,0.15159470686123677,0.7188982188182186,25,20,20
12,3159,0.10851739991947049,0.014168398978412888,0.15791439837558705,0.7193998027265309,25,20,20
12,3160,0.13683378478711167,0.014169877311722727,0.12965740934472353,0.7193389285564429,25,20,20
12,3161,0.16449082539391746,0.039989861201095815,0.07897528675341627,0.7165440266515699,25,20,20
12,3162,0.2144638273488086,0.03998830772403436,0.0335872936078849,0.7119605713192729,25,20,20
12,3163,0.21435958248084874,0.03676481261033256,0.03693273118965928,0.7119428737191598,25,20,20
12,3164,0.23126922561734609,0.0367647928343669,0.01483696295027076,0.7171290185980156,25,20,20
12,3165,0.19899061427236767,0.03952886729085811,0.04343422682450126,0.7180462916122715,25,20,20
12,3166,0.1624709265973412,0.03998855697809363,0.08938125921456155,0.7081592572100042,25,20,20
12,3167,0.16156022707725026,0.038999523697452146,0.09154575900568941,0.7078944902196105,25,20,20
12,3168,0.14243576326257543,0.03999690498802224,0.09839780971757552,0.7191695220318292,25,20,20
12,3169,0.19528225172717179,0.038726532098410066,0.06070062594711438,0.7052905902273043,25,20,20
12,3170,0.1545559259058384,0.03995641070839142,0.10611501390984707,0.6993726494759236,25,20,20
12,3171,0.1519583840476571,0.03994555614758357,0.10281642779266255,0.7052796320120972,25,20,20
12,3172,0.16280504996930592,0.03994418535621118,0.07783929456045303,0.7194114701140297,25,20,20
12,3173,0.19305414281597372,0.039939775650693565,0.062249728627159134,0.7047563529061737,25,20,20
12,3174,0.18242450530764814,0.039970890179362756,0.05941417702745779,0.7181904274855309,25,20,20
12,3175,0.16141115056987815,0.03997114107438149,0.11644405467012849,0.682173653685614,25,20,20
12,3176,0.14239774385339443,0.0010820754924149671,0.18625188728166844,0.6702682933725211,25,20,20
12,3177,0.15457703315454274,0.018732547063687946,0.13805498683078604,0.6886354329509856,25,20,20
12,3178,0.10404579804466053,0.039307545133788105,0.17127201845857687,0.6853746383629741,25,20,20
12,3179,0.07657284026871468,0.03831372584203136,0.20049887697263918,0.6846145569166162,25,20,20
12,3180,0.08533351158992454,0.04005988993006686,0.1638787536444806,0.7107278448355286,25,20,20
12,3181,0.029041874897330483,0.03953601560198734,0.20685048563448435,0.7245716238661983,25,20,20
12,3182,0.055994879085047806,0.039574807834260955,0.19048723640481927,0.7139430766758744,25,20,20
12,3183,0.08066072191891255,0.0387170818007971,0.1673384976279727,0.7132836986523194,25,20,20
12,3184,0.0796228354591614,0.03871627698099333,0.15923537891122092,0.7224255086486244,25,20,20
12,3185,0.08202042020208511,0.039940101011933335,0.13847981646773525,0.7395596623182479,25,20,20
12,3186,0.08647249707144042,0.039940099951070035,0.11426959795777301,0.7593178050197169,25,20,20
12,3187,0.11869317754868314,0.039946098084646185,0.08268898857796864,0.7586717357887025,25,20,20
12,3188,0.12125103063084681,0.03994610181599328,0.07987727486522866,0.758925592687931,25,20,20
12,3189,0.08986744962428825,0.03870255799484727,0.11297934586762429,0.7584506465132408,25,20,20
12,3190,0.12223161453453345,0.0399400861953195,0.07876371505901286,0.7590645842111344,25,20,20
12,3191,0.10995907887364906,0.020851583419285894,0.07025028757944125,0.7989390501276229,25,20,20
12,3192,0.08936988702298887,0.02118398463336181,0.09125299794961467,0.798193130394035,25,20,20
12,3193,0.07821699416730275,0.039970414270690535,0.094646017196421,0.7871665743655873,25,20,20
12,3194,0.0438727333220107,0.039954334815602746,0.13972743328664466,0.7764454985757435,25,20,20
12,3195,0.0423941027288811,0.039899791314827515,0.12205185859598468,0.7956542473603085,25,20,20
12,3196,0.08085334832971482,0.03990007515243938,0.12642822407828136,0.752818352439566,25,20,20
12,3197,0.11366207162326182,0.039899689718808105,0.08362996156446886,0.7628082770934622,25,20,20
12,3198,0.139140834496639,0.039966219480176465,0.11581896778915256,0.7050739782340325,25,20,20
12,3199,0.1619111601705268,0.038253709137350794,0.08311915630139546,0.7167159743907261,25,20,20
12,3200,0.16875440411650466,0.03994950440665112,0.07330745071051666,0.7179886407663278,25,20,20
12,3201,0.22713631457991545,0.03992393838419215,0.02891983005641609,0.7040199169794756,25,20,20
12,3202,0.1929152474644454,0.039923273595174315,0.05279880696796647,0.7143626719724127,25,20,20
12,3203,0.19560132345096226,0.03992328311247384,0.05062759184437407,0.7138478015921897,25,20,20
12,3204,0.12224894686223874,0.040303034046878565,0.11905757115387663,0.7183904479370079,25,20,20
12,3205,0.13794767547848832,0.04031284801344626,0.11594368749508693,0.7057957890129795,25,20,20
12,3206,0.12399523765286224,0.014184574016269897,0.14915373952314345,0.7126664488077256,25,20,20
12,3207,0.12986980026385614,4.373908849602069e-06,0.1511938296385348,0.7189319961887604,25,20,20
12,3208,0.16076439018228367,1.835655865495644e-07,0.12754183779023182,0.7116935884618992,25,20,20
12,3209,0.13674877930846818,2.0040544804756204e-05,0.14557557000767388,0.7176556101390552,25,20,20
12,3210,0.12499600279462798,3.502816746870564e-07,0.1581368593960932,0.7168667875276046,25,20,20
12,3211,0.11956903344886802,1.9645064825888282e-05,0.16856177603192968,0.7118495454543782,25,20,20
12,3212,0.1603369481271684,1.1290018866519876e-08,0.12441474671759262,0.7152482938652202,25,20,20
12,3213,0.19342042683349892,1.659151934166651e-08,0.08284446929810267,0.7237350872768812,25,20,20
12,3214,0.1549453422662224,2.5846994168633145e-05,0.11996735676908149,0.7250614539705313,25,20,20
12,3215,0.16783793691536988,2.5507024384493846e-05,0.10801546146187427,0.7241210945983719,25,20,20
12,3216,0.11246922466011063,2.4221109469552615e-05,0.06271604604641051,0.8247905081840092,25,20,20
12,3217,0.07735187681834778,2.4197415509788037e-05,0.08344455686940125,0.8391793688967413,25,20,20
12,3218,0.04102363883820828,2.86787229066556e-06,0.12008243536496715,0.8388910579245353,25,20,20
12,3219,0.06039602827478471,6.212698708889922e-05,0.10025617227955762,0.8392856724585682,25,20,20
12,3220,0.05608901043148369,1.7564511045793204e-07,0.10517186760411656,0.838738946319291,25,20,20
12,3221,0.04630496280257478,1.4027195653238843e-06,0.12055557321144018,0.8331380612664221,25,20,20
12,3222,0.045896062181241835,1.3664610030252361e-06,0.11499336107057648,0.8391092102871787,25,20,20
12,3223,0.07923339997592366,3.4436866638993065e-06,0.09825161712974871,0.8225115392076627,25,20,20
12,3224,0.08506583167399207,3.916390217369653e-09,0.09401721518047426,0.8209169492291427,25,20,20
12,3225,0.07055049380910203,7.162576731995308e-06,0.09699181277090768,0.8324505308432593,25,20,20
12,3226,0.08098824192746189,8.52321183822403e-09,0.047708934434382365,0.8713028151149435,25,20,20
12,3227,0.07422762308217447,1.2433210629627796e-09,0.03283881492482068,0.8929335607496824,25,20,20
12,3228,0.0749490433738245,1.8337733756963798e-09,0.012726412826843447,0.9123245419655567,25,20,20
12,3229,0.04910206895698424,7.216717423661572e-09,0.0374911248893075,0.9134067989369892,25,20,20
12,3230,0.048205590504114604,7.203993104906938e-09,0.04443491536542802,0.9073594869264636,25,20,20
12,3231,0.04911421463388232,7.19970026369198e-09,0.03946249070622652,0.9114232874601903,25,20,20
12,3232,0.008553276166764379,7.150950629989457e-09,0.07906308475777425,0.912383631924509,25,20,20
12,3233,0.06787411782227433,1.973137715543947e-08,0.013882719436898307,0.9182431430094496,25,20,20
12,3234,0.06872525094091067,1.9780000870908433e-08,0.013114601806727305,0.918160127472361,25,20,20
12,3235,0.07549439524232858,1.9764505839918777e-08,0.00750808273574528,0.9169975022574194,25,20,20
12,3236,0.08199315808054385,8.486379694719057e-10,0.015337302611982311,0.9026695384588358,25,20,20
12,3237,0.07055974418225641,5.098158879615914e-08,0.026323651428440443,0.9031165534077138,25,20,20
12,3238,0.06869402825918676,5.030405819460882e-08,0.03734347039991999,0.8939624510368351,25,20,20
12,3239,0.05617586904467399,5.4909912996102175e-08,0.03998687666843465,0.9038371993769775,25,20,20
12,3240,0.06114402598206845,9.650688780004238e-07,0.035508787897007454,0.9033462210520453,25,20,20
12,3241,0.022967010357672627,2.1501917037610086e-08,0.0784120759608006,0.898620892179609,25,20,20
12,3242,0.021648958191135263,4.8154566659498566e-08,0.06643897379829287,0.9119120198560033,25,20,20
12,3243,0.04019731391686114,2.594353316302627e-08,0.04132934859342949,0.918473311546175,25,20,20
12,3244,0.08042568048239204,1.6311751511544747e-10,0.0014718594061770896,0.9181024599483127,25,20,20
12,3245,0.08025515959082086,8.690988746728207e-10,0.023163410887814914,0.8965814286522648,25,20,20
12,3246,0.040989863650151497,2.0036951077460627e-10,0.06509666763985664,0.8939134685096194,25,20,20
12,3247,0.043707139602047265,6.252684847002727e-08,0.0441848411962949,0.9121079566748075,25,20,20
12,3248,0.02060597359488065,1.0727374989886954e-07,0.056488124665868236,0.9229057944655006,25,20,20
12,3249,0.04447087192031273,6.268799245207686e-08,0.03834544242761866,0.9171836229640752,25,20,20
12,3250,0.04129300243932375,1.5283684483070143e-09,0.04496815361279937,0.9137388424195076,25,20,20
12,3251,0.03975453320684232,1.2107275071371162e-08,0.045992538313480026,0.9142529163724015,25,20,20
12,3252,0.04158351756903676,1.2153169686175859e-08,0.039112003576786805,0.9193044667010055,25,20,20
12,3253,0.004634698882654261,5.28820692492325e-10,0.07817821557123918,0.9171870850172849,25,20,20
12,3254,0.004392768381434999,1.5064591130030416e-06,0.07770317424224552,0.9179025509172054,25,20,20
12,3255,0.005903085535233086,2.485616177101561e-07,0.07619139806255956,0.9179052678405876,25,20,20
12,3256,0.006911194462616086,2.485805550243752e-07,0.07596167733077169,0.9171268796260557,25,20,20
12,3257,0.0007010742055483352,2.490153646841291e-07,0.08967064708992697,0.9096280296891597,25,20,20
12,3258,0.03960105079541517,2.583915704881607e-07,0.04136857328162748,0.9190301175313852,25,20,20
12,3259,0.04122540096707513,1.6996294842979495e-10,0.0401682977604178,0.9186063011025425,25,20,20
12,3260,0.04074804924958837,4.565449184075821e-08,0.04437538143007238,0.9148765236658459,25,20,20
12,3261,0.04066448590333293,2.518841011853921e-07,0.06509433398134071,0.8942409282312253,25,20,20
12,3262,0.022849576495349334,1.1784889738854373e-08,0.14124606310579094,0.8359043486139744,25,20,20
12,3263,0.041081567337492145,6.99825021034021e-11,0.09907962534043561,0.859838807252092,25,20,20
12,3264,0.10146243038817811,7.257971446601134e-09,0.06055304832704265,0.8379845140268075,25,20,20
12,3265,0.10438153784172216,2.055395105075492e-07,0.0640731289356326,0.8315451276831337,25,20,20
12,3266,0.09033743732929647,1.1358113925938358e-09,0.07810478042544906,0.8315577811094426,25,20,20
12,3267,0.11794364118512587,2.3782317480947165e-09,0.05057909642478573,0.8314772600118557,25,20,20
12,3268,0.11729445730792476,3.376533495596051e-09,0.044629370507385156,0.8380761688081556,25,20,20
12,3269,0.1555788049266754,6.75162866060536e-09,0.0050732660752813375,0.8393479222464141,25,20,20
12,3270,0.15196692556993605,1.384959609047375e-08,0.009516013552016268,0.838517047028451,25,20,20
12,3271,0.1572435901955839,2.2519337798511892e-08,0.003852093557767618,0.83890429372731,25,20,20
12,3272,0.1329328251666021,2.1575359949229544e-05,0.03748480982239231,0.8295607896510553,25,20,20
12,3273,0.09829965291939208,2.163168149102156e-05,0.11545729136466029,0.7862214240344554,25,20,20
12,3274,0.08551030425445144,2.150290681998805e-06,0.13466525298774956,0.7798222924671198,25,20,20
12,3275,0.06878786322509535,2.105182894888511e-06,0.14730417452064548,0.7839058570713646,25,20,20
12,3276,0.11668028763471815,6.957734520832846e-08,0.09113820386547639,0.7921814389224597,25,20,20
12,3277,0.11107745644429347,5.2023925710762964e-08,0.10206279251660463,0.7868596990151786,25,20,20
12,3278,0.19650860167844694,2.950586742931831e-09,0.026049469365541908,0.7774419260054234,25,20,20
12,3279,0.15459399851438932,1.0944943582876961e-05,0.06916403512910682,0.7762310214129202,25,20,20
12,3280,0.10882901850106194,1.1521534190126165e-05,0.10293910805368593,0.788220351911062,25,20,20
12,3281,0.1421971580431508,5.140282243258253e-07,0.06942582650949411,0.7883765014191313,25,20,20
12,3282,0.137665994133176,5.088235297381909e-07,0.06355892480585502,0.7987745722374391,25,20,20
12,3283,0.11658668522195066,1.4394622215581284e-05,0.12612417914495366,0.757274741010884,25,20,20
12,3284,0.11932800669538965,0.0008078343623537118,0.11658649084160436,0.7632776681006537,25,20,20
12,3285,0.07065305758937779,0.0008226932707850669,0.1706257667612896,0.7578984823785493,25,20,20
12,3286,0.08359145141521653,0.0010551148070748243,0.15662077352066034,0.7587326602570508,25,20,20
12,3287,0.042962969676274644,0.001062165879943646,0.19650430179438483,0.7594705626493986,25,20,20
12,3288,0.023357422360322896,4.368522018246195e-05,0.21868318470056056,0.7579157077189335,25,20,20
12,3289,0.030792927176175516,0.0008504116525636776,0.18001696971577888,0.7883396914554838,25,20,20
12,3290,0.10281278271314324,3.0168695960941842e-06,0.09862637905738593,0.7985578213598754,25,20,20
12,3291,0.15020081046654948,5.167406717776527e-07,0.05078436101750803,0.7990143117752706,25,20,20
12,3292,0.14979474652116548,9.006731407140485e-07,0.06239025777792965,0.7878140950277632,25,20,20
12,3293,0.1440032706349572,8.444702854958656e-07,0.0631237377171527,0.7928721471776042,25,20,20
12,3294,0.12918268151474302,2.0057760788573356e-05,0.07344436979596823,0.7973528909284987,25,20,20
12,3295,0.11206278293591261,0.02459418765167509,0.08568243257851042,0.7776605968339007,25,20,20
12,3296,0.14468807030130484,0.024594603703316523,0.03705413259800535,0.7936631933973725,25,20,20
12,3297,0.052302411499777504,0.024594197477067453,0.12986809922854617,0.79323529179461,25,20,20
12,3298,0.06349799033393111,0.03995959018257322,0.09788154993854606,0.7986608695449497,25,20,20
12,3299,0.10537742206857548,0.03873452229652569,0.05748263129621221,0.7984054243386854,25,20,20
12,3300,0.12326703531865063,0.03873422397246949,0.04034305711363799,0.7976556835952422,25,20,20
12,3301,0.05649681620546481,0.03954198631725201,0.09111134539497683,0.8128498520823085,25,20,20
12,3302,0.060391030765695346,0.03997633254689274,0.10110272952800685,0.7985299071594051,25,20,20
12,3303,0.04836936024418899,0.03997614818053366,0.11300749461910951,0.7986469969561679,25,20,20
12,3304,0.11402789083407833,0.03997665703159772,0.047365867571222145,0.7986295845631014,25,20,20
12,3305,0.13159975133576662,0.039976628498750326,0.02989474041779699,0.798528879747686,25,20,20
12,3306,0.10233766030051614,0.03935407381324077,0.06026545775994499,0.7980428081262977,25,20,20
12,3307,0.08141470930881653,0.03997603143801941,0.08068054486463314,0.7979287143885307,25,20,20
12,3308,0.12302480007351894,0.03997078585525103,0.03934861075086598,0.7976558033203633,25,20,20
12,3309,0.09356420340564857,0.039121493712616244,0.08011275011925666,0.7872015527624775,25,20,20
12,3310,0.11646088961124222,0.03912199554678911,0.05046431615453753,0.7939527986874306,25,20,20
12,3311,0.11554417752567302,0.03825935911161065,0.048793944878249625,0.7974025184844666,25,20,20
12,3312,0.09885912247554003,0.010130052284523954,0.09901183745030175,0.7919989877896357,25,20,20
12,3313,0.10005783365108888,0.024573514575817402,0.07949974853977297,0.7958689032333193,25,20,20
12,3314,0.10032044547733986,0.024573514554326978,0.07786367799562025,0.7972423619727119,25,20,20
12,3315,0.1122393021899763,0.03997811911224583,0.05403262076029576,0.7937499579374816,25,20,20
12,3316,0.10732570357317844,0.040045315783328046,0.0908796556649591,0.7617493249785366,25,20,20
12,3317,0.06635339795841044,0.038254584828010404,0.10329428081483266,0.7920977363987494,25,20,20
12,3318,0.06852648475217941,0.048653910016583916,0.16028870696040978,0.7225308982708265,25,20,20
12,3319,0.05686744079720845,0.07989284204849363,0.11079400569496334,0.7524457114593345,25,20,20
12,3320,0.09780218271458187,0.05066609321013594,0.09248956369062186,0.7590421603846654,25,20,20
12,3321,0.05952634224544282,0.051129224992493706,0.1409585249551869,0.7483859078068789,25,20,20
12,3322,0.08264773711638228,0.07991669729615614,0.08535903640453452,0.7520765291829282,25,20,20
12,3323,0.07970808361711063,0.07948746234635191,0.08775758113962029,0.7530468728969165,25,20,20
12,3324,0.08014945524739053,0.07871033968694906,0.0838998487958449,0.7572403562698163,25,20,20
12,3325,0.08086813632247897,0.07776874692067591,0.08267372350562775,0.7586893932512179,25,20,20
12,3326,0.07034218127962562,0.07814373378311829,0.11007333863796034,0.7414407462993,25,20,20
12,3327,0.11762469999620677,0.07687086260440784,0.05790943296598438,0.7475950044334003,25,20,20
12,3328,0.11930289385874777,0.07867428536082445,0.07549834315463336,0.7265244776257943,25,20,20
12,3329,0.10167431286193471,0.051115034183162385,0.13762686646300173,0.7095837864919037,25,20,20
12,3330,0.08167518092228182,0.050648319980542436,0.1305754627080191,0.7371010363891579,25,20,20
12,3331,0.08078585196049996,0.06377616184111548,0.09206905577824509,0.7633689304201389,25,20,20
12,3332,0.05682199793997179,0.06448790744844787,0.1152272804238417,0.7634628141877391,25,20,20
12,3333,0.06590451810746047,0.05414447249037382,0.12116219528301794,0.7587888141191509,25,20,20
12,3334,0.0719567595211126,0.054144472588625404,0.1357031481640677,0.7381956197261953,25,20,20
12,3335,0.07898172488333308,0.07823464561754054,0.08333814211860727,0.7594454873805203,25,20,20
12,3336,0.07900193396307649,0.07890029769471645,0.08241419538107302,0.759683572961134,25,20,20
12,3337,0.11282550713727856,0.050565943129068466,0.07778106519075835,0.7588274845428932,25,20,20
12,3338,0.05964231508776277,0.0793134748908538,0.11965657691490446,0.7413876331064807,25,20,20
12,3339,0.07575737256831579,0.054114112793790865,0.12900879895760117,0.7411197156802939,25,20,20
12,3340,0.06342945887563599,0.07991995060262724,0.10442058175057511,0.7522300087711656,25,20,20
12,3341,0.03739133296185516,1.4737145775159689e-05,0.17080846722831391,0.7917854626640536,25,20,20
12,3342,0.06640648630682665,1.2825015556093753e-05,0.1410606492563619,0.7925200394212563,25,20,20
12,3343,0.06626136017169532,5.9219738685349e-07,0.13947467360610524,0.7942633740248133,25,20,20
12,3344,0.06659063168330275,0.0007866409841487562,0.13408034980341976,0.7985423775291283,25,20,20
12,3345,0.0711210469063119,0.0007863268421166593,0.12878599478262504,0.7993066314689469,25,20,20
12,3346,0.052100827261868085,4.7156975505676406e-07,0.16293691126565968,0.7849617899027179,25,20,20
12,3347,0.05517764497402228,0.00032923309128218316,0.20579042697253452,0.7387026949621663,25,20,20
12,3348,0.05410142457228066,1.9824379720483205e-05,0.18768853895208776,0.758190212095913,25,20,20
12,3349,0.05833511979563859,2.4061576279905952e-05,0.18716552447800744,0.7544752941500742,25,20,20
12,3350,0.08648932058497014,1.853436960474006e-05,0.15881716600844828,0.7546749790369768,25,20,20
12,3351,0.1047259537062582,1.6917160193555308e-05,0.15271731494345828,0.7425398141900922,25,20,20
12,3352,0.11017142566687692,1.35202492846132e-06,0.1384034978310945,0.751423724477102,25,20,20
12,3353,0.1162271582966352,3.642842193759968e-07,0.12272712512095203,0.7610453522981931,25,20,20
12,3354,0.1208815253646382,1.1693432327890199e-08,0.1197937553082324,0.7593247076336985,25,20,20
12,3355,0.1582493085118351,0.00011649891954140459,0.08225607880179328,0.7593781137668327,25,20,20
12,3356,0.14778730060784098,7.506538279503632e-06,0.09295940317044893,0.7592457896834314,25,20,20
12,3357,0.045247130891107344,9.14181365232972e-06,0.19615848742980124,0.7585852398654418,25,20,20
12,3358,0.08304958262971768,5.965235489748155e-09,0.1580840931171736,0.7588663182878739,25,20,20
12,3359,0.07790454200027604,3.7798743883183156e-08,0.16333667551589198,0.7587587446850906,25,20,20
12,3360,0.06734468932229913,1.5982945239122853e-06,0.17499844111750412,0.7576552712656732,25,20,20
12,3361,0.0853818425783799,4.456958509367918e-08,0.15648531650456265,0.7581327963474732,25,20,20
12,3362,0.08039696697823179,2.5433519560021694e-07,0.16790315841652245,0.7516996202700515,25,20,20
12,3363,0.052009620998141326,2.4796725121023495e-07,0.20201924554019693,0.7459708854944123,25,20,20
12,3364,0.09166840934304607,2.492496138712768e-07,0.157414185512939,0.7509171558944017,25,20,20
12,3365,0.14080854336036613,1.6331690138091493e-09,0.10699681640164956,0.752194638604817,25,20,20
12,3366,0.126773343589901,3.272742509151712e-06,0.12475794206805285,0.7484654415995377,25,20,20
12,3367,0.12384290608552272,3.2709282739033313e-06,0.13914070644612989,0.7370131165400751,25,20,20
12,3368,0.16248243667519677,3.8293953949098624e-08,0.08654281787610812,0.7509747071547425,25,20,20
12,3369,0.22866575704156797,3.2137589455198574e-08,0.01840487245160032,0.7529293383692425,25,20,20
12,3370,0.2077822144323268,2.1536973736778615e-07,0.02957469194518529,0.76264287825275,25,20,20
12,3371,0.21483744220410428,2.200473760058124e-08,0.026974291691147165,0.7581882441000104,25,20,20
12,3372,0.19675131576005989,2.448877278535331e-08,0.08056377745040144,0.7226848823007664,25,20,20
12,3373,0.19721634117907835,0.03777927656438502,0.05346821860599123,0.7115361636505448,25,20,20
12,3374,0.20032944983840495,0.03777928354627411,0.06788831012794075,0.6940029564873804,25,20,20
12,3375,0.2271242834531137,0.010216869867160118,0.08272224340833956,0.6799366032713873,25,20,20
12,3376,0.22849762125703754,0.03825998409816723,0.021864897751986644,0.7113774968928085,25,20,20
12,3377,0.2011622600277078,0.03995464847988432,0.05201736561147829,0.706865725880929,25,20,20
12,3378,0.23650588757375043,0.03995481912345185,0.004353058956022725,0.7191862343467744,25,20,20
12,3379,0.16027341150313099,0.03995750082124204,0.09154347138803817,0.7082256162875908,25,20,20
12,3380,0.13974692402383856,0.038728853606199244,0.10258569387764188,0.7189385284923209,25,20,20
12,3381,0.11803894135851546,0.011216674449430085,0.15140425868796498,0.7193401255040925,25,20,20
12,3382,0.11545199779497399,0.03873189873657105,0.1412239766317124,0.7045921268367432,25,20,20
12,3383,0.148911890707433,0.03992416876351513,0.09247060586732589,0.7186933346617264,25,20,20
12,3384,0.19828174152413022,0.039970831510360405,0.04320106064961862,0.7185463663158903,25,20,20
12,3385,0.17377976295271658,0.039946344915588544,0.06754550987962446,0.718728382252071,25,20,20
12,3386,0.1322326426269452,0.03979436250603887,0.14620151159809067,0.6817714832689243,25,20,20
12,3387,0.08251085781917661,0.038242269059880825,0.12970718850119092,0.7495396846197531,25,20,20
12,3388,0.12268408022425603,0.014102863985259602,0.11290016707144605,0.7503128887190381,25,20,20
12,3389,0.07361926587971211,0.014104263863948696,0.16324319857058284,0.7490332716857584,25,20,20
12,3390,0.12142966729727052,0.01410084848374587,0.10584275085553722,0.7586267333634481,25,20,20
12,3391,0.12140821193844172,0.01416759307917907,0.10612865354627793,0.7582955414361033,25,20,20
12,3392,0.14176783539376328,0.03878880709119859,0.06153849638756868,0.757904861127469,25,20,20
12,3393,0.18857481191735753,0.03850355275846819,0.027276369804443618,0.7456452655197294,25,20,20
12,3394,0.18882528417330033,0.014166566904169786,0.0395522732385462,0.7574558756839836,25,20,20
12,3395,0.14092000939893531,0.014167730656765756,0.08646008931926938,0.758452170625029,25,20,20
12,3396,0.1890937191649825,0.03994576673387969,0.0591947854338333,0.7117657286673031,25,20,20
12,3397,0.1472089033168606,0.0007787345341863854,0.1340872899680814,0.717925072180875,25,20,20
12,3398,0.1736479957848312,0.0007787266417876676,0.08646601167146964,0.7391072659019119,25,20,20
12,3399,0.11995196194277931,1.4711175336731864e-05,0.1329821397106058,0.74705118717128,25,20,20
12,3400,0.1467890710226082,1.3367129585254306e-08,0.10487608305677551,0.7483348325534861,25,20,20
12,3401,0.17108761331833874,3.0070482669602394e-07,0.11723523517781437,0.7116768507990219,25,20,20
12,3402,0.17752631147318515,3.466314463064744e-05,0.10390681605949428,0.7185322093226912,25,20,20
12,3403,0.14973248261920336,3.467349553329818e-05,0.1311360195479053,0.7190968243373588,25,20,20
12,3404,0.14067664951118217,3.625516319885034e-07,0.1393905188194916,0.7199324691176965,25,20,20
12,3405,0.17541469552392505,1.5686361838980882e-05,0.1053160721519977,0.7192535459622411,25,20,20
12,3406,0.16306979190052698,1.4115048376505814e-05,0.11799007880264757,0.7189260142484502,25,20,20
12,3407,0.08697905645283836,8.560576905205749e-05,0.20487609942826177,0.7080592383498479,25,20,20
12,3408,0.06798354294475913,0.00027806723379896517,0.2182148905071303,0.7135234993143125,25,20,20
12,3409,0.08546140198498843,0.00028829143059793034,0.18891488361724296,0.7253354229671729,25,20,20
12,3410,0.11772873561863781,0.000811879761724371,0.1743783442201617,0.7070810403994764,25,20,20
12,3411,0.1511960271606896,0.0007977149576781728,0.130092752515897,0.7179135053657376,25,20,20
12,3412,0.1886540709488329,2.3723168345365974e-05,0.0673106810814084,0.7440115248014136,25,20,20
12,3413,0.179042956713101,6.312912269843321e-08,0.07618734684241477,0.7447696333153612,25,20,20
12,3414,0.17956949502030123,3.252851955418726e-08,0.06674934207175393,0.7536811303794255,25,20,20
12,3415,0.11114394493235055,5.168733480443523e-05,0.14323512822901296,0.7455692395038342,25,20,20
12,3416,0.1552758201074081,2.076933842740229e-07,0.08676532379946252,0.7579586483997448,25,20,20
12,3417,0.10349070286271118,7.549627401881511e-06,0.10883922090302223,0.7876625266068658,25,20,20
12,3418,0.1209952578780131,7.659501568097555e-09,0.08558891695170201,0.7934158175107846,25,20,20
12,3419,0.046485113397022035,7.225539495260615e-07,0.15648327160577957,0.7970308924432488,25,20,20
12,3420,0.030423042924996438,2.6698185617618367e-05,0.17173797391795065,0.7978122849714367,25,20,20
12,3421,0.04814152672783985,4.930370502149776e-07,0.15421642052078552,0.797641559714325,25,20,20
12,3422,0.08222512562815133,7.386014642353195e-09,0.12318702865106068,0.7945878383347726,25,20,20
12,3423,0.07906791901662824,1.8292789898655773e-08,0.14602158203269355,0.7749104806578897,25,20,20
12,3424,0.1188757759967553,1.909267903759517e-08,0.1307140609017045,0.7504101440088617,25,20,20
12,3425,0.11084861512868668,1.4709270590465466e-08,0.13208430720125938,0.7570670629607847,25,20,20
12,3426,0.06701476009801355,1.05475627494845e-06,0.17600194332277766,0.7569822418229353,25,20,20
12,3427,0.09766594267094683,4.102468690964669e-05,0.14680595772524208,0.7554870749169049,25,20,20
12,3428,0.09957033258507839,2.201348137874108e-07,0.1402098040336655,0.760219643246444,25,20,20
12,3429,0.09965258934366959,2.2299271924637034e-07,0.14048163163106797,0.7598655560325437,25,20,20
12,3430,0.13795657369140385,6.786679201759345e-06,0.10209131985867297,0.7599453197707219,25,20,20
12,3431,0.13749223066214303,0.0008747725455579182,0.13894032973123197,0.7226926670610675,25,20,20
12,3432,0.12472376080755591,2.278134626343562e-07,0.15645985184027122,0.718816159538711,25,20,20
12,3433,0.09105972167846918,5.7437914399057035e-06,0.20372010227589613,0.7052144322541929,25,20,20
12,3434,0.08006099972288654,2.385920131392228e-06,0.21483592990113626,0.705100684455848,25,20,20
12,3435,0.1301912294524636,1.8084403079486935e-06,0.15073235375224847,0.7190746083549827,25,20,20
12,3436,0.12079094743171101,3.860244749980783e-08,0.1619501522429888,0.7172588617228541,25,20,20
12,3437,0.1005546205470737,1.6915509290552867e-07,0.19168101974022553,0.7077641905576094,25,20,20
12,3438,0.17934130229718112,3.850558529607012e-06,0.11276546741498615,0.7078893797293039,25,20,20
12,3439,0.17914619733250298,4.161657047205582e-06,0.15326704287110515,0.6675825981393446,25,20,20
12,3440,0.1494104028483971,4.5693191609838427e-07,0.18296491444629281,0.6676242257733953,25,20,20
12,3441,0.1470580640077462,6.742336303872615e-05,0.18534027955740764,0.6675342330718099,25,20,20
12,3442,0.2065099542527025,2.4217805681188024e-07,0.12971474800816038,0.6637750555610792,25,20,20
12,3443,0.1924801208199299,4.253335390291547e-07,0.08935987766952126,0.7181595761770084,25,20,20
12,3444,0.15585730870068273,5.847247197196305e-07,0.1258095391728507,0.7183325674017474,25,20,20
12,3445,0.21365870905596604,2.328018099059656e-07,0.06818688997134316,0.7181541681708811,25,20,20
12,3446,0.22826587187636277,7.767713183239662e-07,0.05767171252864987,0.714061638823669,25,20,20
12,3447,0.23209999936605538,3.0059654585269525e-07,0.05364646548948783,0.7142532345479105,25,20,20
12,3448,0.19653224620034493,2.3677974750224103e-05,0.0889753985356006,0.7144686772893079,25,20,20
12,3449,0.15175495632875713,8.115386489962374e-07,0.12990850731607773,0.718335724816518,25,20,20
12,3450,0.1601870315454507,3.7318907362195834e-07,0.11941581770893686,0.720396777556542,25,20,20
12,3451,0.16398788431752873,4.02551611364616e-08,0.1283428488135767,0.707669226613735,25,20,20
12,3452,0.141547971866603,5.845060268080244e-06,0.15597463416603596,0.7024715489070938,25,20,20
12,3453,0.09941254223685517,6.531157955595596e-06,0.21271997393122116,0.6878609526739713,25,20,20
12,3454,0.09627035060276593,7.137794382420885e-06,0.2191429027693127,0.684579608833539,25,20,20
12,3455,0.08157634983850973,7.0344365188424645e-06,0.21394753285940246,0.7044690828655689,25,20,20
12,3456,0.1768066359823326,0.039962945295875525,0.05277430213609411,0.730456116585697,25,20,20
12,3457,0.13804241271700385,0.039975392741027634,0.06352755255528786,0.7584546419866791,25,20,20
12,3458,0.08237096017469087,0.01416359090527654,0.1433743259170806,0.7600911230029564,25,20,20
12,3459,0.08196780402010517,0.039955277948593014,0.11828019481483514,0.7597967232164686,25,20,20
12,3460,0.07615956102739069,0.039955270111832614,0.12599553854682624,0.7578896303139522,25,20,20
12,3461,0.12212607857640613,0.038234179945912786,0.07985859577283468,0.7597811457048455,25,20,20
12,3462,0.10902914574838406,0.03935114519882498,0.09579321058150939,0.7558264984712815,25,20,20
12,3463,0.1471830755314106,0.03823290682538897,0.09707900833345116,0.7175050093097499,25,20,20
12,3464,0.10802713880479306,0.012879498205443873,0.16165084167742513,0.7174425213123385,25,20,20
12,3465,0.0741507531292425,0.012864752501833492,0.1757867260179338,0.7371977683509922,25,20,20
12,3466,0.08352736834853208,0.02454547815308203,0.16861348344068702,0.7233136700576998,25,20,20
12,3467,0.054521550090570275,0.03994738479875559,0.16788773589527406,0.7376433292154008,25,20,20
12,3468,0.109495216359033,0.0244950050904993,0.12097744657450478,0.745032331975963,25,20,20
12,3469,0.1104155208657282,0.0399143399111972,0.09279033420145255,0.7568798050216244,25,20,20
12,3470,0.08793404318742785,0.038253826432776035,0.1226793601471988,0.751132770232599,25,20,20
12,3471,0.08734852764426577,0.03990649146765408,0.12030499872078904,0.7524399821672918,25,20,20
12,3472,0.08156742073743642,0.03990646677287079,0.12051845114008831,0.7580076613496045,25,20,20
12,3473,0.15582187463365113,0.03687453027886914,0.0640625133673551,0.7432410817201246,25,20,20
12,3474,0.15876774947625216,0.036874531346982,0.07447168241303422,0.729886036763732,25,20,20
12,3475,0.14567252392758773,0.03949509153324508,0.10655483842655138,0.7082775461126171,25,20,20
12,3476,0.15651044189854887,0.03993475227054563,0.09933431144731605,0.7042204943835906,25,20,20
12,3477,0.1544768497211066,0.03993478187617327,0.1020898452985813,0.7034985231041411,25,20,20
12,3478,0.1510456684296831,0.03994639923748411,0.10507787138773582,0.7039300609450969,25,20,20
12,3479,0.19552296940778763,0.039946047576964454,0.0455566828261917,0.718974300189055,25,20,20
12,3480,0.20139787043915391,0.039946056987471085,0.040146402913992886,0.7185096696593818,25,20,20
12,3481,0.19419121068812145,0.03978514880317162,0.04714122533778249,0.7188824151709247,25,20,20
12,3482,0.19375398281924472,0.03994860495501078,0.05246314135105825,0.7138342708746861,25,20,20
12,3483,0.19528897968467543,0.039948603466035404,0.05085465552872057,0.7139077613205678,25,20,20
12,3484,0.1941753661005782,0.03994858110696756,0.05210400000535561,0.7137720527870985,25,20,20
12,3485,0.19301004295378693,0.039954813350899655,0.052719280793001054,0.7143158629023121,25,20,20
12,3486,0.18003584199998537,0.03994859076940997,0.0776396077597032,0.7023759594709005,25,20,20
12,3487,0.17381842755557272,0.03994858687241037,0.08193827571958721,0.7042947098524293,25,20,20
12,3488,0.15111958088998467,0.05899382434856216,0.07083826253992767,0.7190483322215259,25,20,20
12,3489,0.14182120963924924,0.07986199325903523,0.0566374380423131,0.721679359059402,25,20,20
12,3490,0.1501706409436667,0.07795952440860208,0.04971572772742606,0.7221541069203048,25,20,20
12,3491,0.05313833148400191,0.03875886033112456,0.19572755596484576,0.7123752522200263,25,20,20
12,3492,0.11297491455976295,0.039985169273304554,0.1396406933753069,0.707399222791627,25,20,20
12,3493,0.06763492317122201,0.039985993886077605,0.1732396035750975,0.7191394793676037,25,20,20
12,3494,0.06437405120448797,0.0019002456356128838,0.21447038087010964,0.71925532228979,25,20,20
12,3495,0.1180721016206618,2.1561770859838363e-05,0.1626745599515895,0.7192317766568919,25,20,20
12,3496,0.17631423709029345,2.114348226537147e-05,0.10911356075111805,0.7145510586763233,25,20,20
12,3497,0.19066899853032168,7.920243360015587e-09,0.0902608273419465,0.7190701662074886,25,20,20
12,3498,0.19436185105767564,1.9290231123411427e-08,0.10517581897829693,0.7004623106737969,25,20,20
12,3499,0.26370832210602063,7.088007287637247e-07,0.058489723476405076,0.6778012456168453,25,20,20
12,3500,0.18992662923517106,1.5925612971048772e-06,0.1369688245923091,0.6731029536112252,25,20,20
12,3501,0.11167356291147598,8.723375619320695e-08,0.2445429283841196,0.6437834214706492,25,20,20
12,3502,0.1603863083858405,0.03997207189999178,0.16069604259644138,0.6389455771177257,25,20,20
12,3503,0.16909804589061472,0.03997552093033783,0.14710330179035244,0.6438231313886992,25,20,20
12,3504,0.22870688249177495,0.03997497707515824,0.09858388377985162,0.6327342566532168,25,20,20
12,3505,0.22547645128778415,0.039975068760678314,0.09530297162378538,0.6392455083277533,25,20,20
12,3506,0.17530980430002063,0.039996491918463974,0.14547853583035442,0.6392151679511643,25,20,20
12,3507,0.18704008728414975,0.03871546787677453,0.135427312333458,0.6388171325056187,25,20,20
12,3508,0.17017854305208657,0.05491422598070242,0.1360967478013786,0.6388104831658333,25,20,20
12,3509,0.11390856300818308,0.05490351626538806,0.15206863111129665,0.6791192896151333,25,20,20
12,3510,0.12764275591514246,0.07803320362498944,0.12195289006414547,0.6723711503957241,25,20,20
12,3511,0.21209872273159117,0.03845866951048364,0.12060988771732284,0.6288327200406038,25,20,20
12,3512,0.24432890444295333,0.04033663703705909,0.08921443842871218,0.626120020091276,25,20,20
12,3513,0.23851500420238583,0.04034006197873717,0.08395436856855092,0.637190565250327,25,20,20
12,3514,0.1822424450089567,0.04032724852637858,0.12628644704497424,0.6511438594196933,25,20,20
12,3515,0.1733217977682997,0.04032998935880561,0.11871628465689636,0.6676319282159983,25,20,20
12,3516,0.23276585340583972,0.039984341793808185,0.09906804707897907,0.6281817577213749,25,20,20
12,3517,0.1930330636775572,0.039223277282723415,0.12930682185207995,0.6384368371876403,25,20,20
12,3518,0.16516961789906717,0.039944815032554766,0.16703328153401314,0.6278522855343664,25,20,20
12,3519,0.17708516597039284,0.03994414325693292,0.14388112096140382,0.6390895698112711,25,20,20
12,3520,0.13307555120830186,0.039927667635934964,0.1862134552727813,0.6407833258829828,25,20,20
12,3521,0.15028719076894073,0.03876610323216034,0.16774361627006487,0.6432030897288336,25,20,20
12,3522,0.15163950888580952,0.012364468681877175,0.1962030152434112,0.6397930071889043,25,20,20
12,3523,0.14446025796716921,0.04108760619595236,0.18878814490459905,0.6256639909322771,25,20,20
12,3524,0.15113037482993397,0.04107565083854719,0.16850491837074666,0.6392890559607722,25,20,20
12,3525,0.15059025671950066,0.040020438355395205,0.12631118008567466,0.6830781248394328,25,20,20
12,3526,0.160203339965943,0.03870511055435748,0.11724517360289446,0.6838463758768043,25,20,20
12,3527,0.15965963035869937,0.03906675736573916,0.09203740516505796,0.7092362071105043,25,20,20
12,3528,0.1995715750104897,0.03870506128943722,0.040068352640644476,0.7216550110594285,25,20,20
12,3529,0.19484839325067646,0.038696586783762664,0.04744005305924317,0.7190149669063177,25,20,20
12,3530,0.18864991116815122,0.038241956758345144,0.05380088088571657,0.7193072511877865,25,20,20
12,3531,0.15024421907355123,0.040059811863911755,0.09117051248550696,0.7185254565770307,25,20,20
12,3532,0.15351734153376262,0.03994742890599227,0.08987988186476537,0.716655347695479,25,20,20
12,3533,0.15364182488640557,0.038722768019567026,0.08858968732339603,0.7190457197706341,25,20,20
12,3534,0.15887088876213237,0.03872169858622621,0.06880651173573157,0.7336009009159083,25,20,20
12,3535,0.19865024617448962,0.03996012263136337,0.03875990898833869,0.7226297222058087,25,20,20
12,3536,0.22227975072803433,0.039960323390520365,0.029741567776835665,0.7080183581046103,25,20,20
12,3537,0.20861339314830293,0.00018350102136952977,0.07304638304605601,0.7181567227842719,25,20,20
12,3538,0.20516204198977991,0.00016673672485869464,0.07558252666692229,0.7190886946184395,25,20,20
12,3539,0.2710410921430332,2.9675598393662235e-06,0.009838814637878807,0.7191171256592489,25,20,20
12,3540,0.23911573687594806,6.917900690541065e-05,0.046327846050031214,0.7144872380671151,25,20,20
12,3541,0.26717053239623556,2.751779066023241e-06,0.013429712625727555,0.7193970031989717,25,20,20
12,3542,0.1988669999584375,2.605383542000458e-06,0.09586612253515668,0.7052642721228658,25,20,20
12,3543,0.18851525925790938,6.035957113939582e-05,0.1064930849315201,0.7049312962394315,25,20,20
12,3544,0.21287991473351678,5.779838773414516e-05,0.08883914205903025,0.6982231448197186,25,20,20
12,3545,0.2400387883765896,1.321198997471219e-09,0.04851546276572247,0.7114457475364884,25,20,20
12,3546,0.1584711378379758,3.5354276116079336e-08,0.12932444403866147,0.7122043827690904,25,20,20
12,3547,0.18707792735052903,6.269616049889172e-08,0.10009681586105534,0.7128251940922558,25,20,20
12,3548,0.21313029766490602,4.6262817821248416e-07,0.07871374565472981,0.708155494052185,25,20,20
12,3549,0.24359417381972676,1.5140060582158958e-06,0.054965798408687094,0.7014385137655268,25,20,20
12,3550,0.2633741540128569,1.2413135153713846e-05,0.11027525968532234,0.6263381731666707,25,20,20
12,3551,0.17539098302505335,1.2650298600567631e-05,0.19142070807403433,0.6331756586023102,25,20,20
12,3552,0.1731241691843123,2.704075175595631e-07,0.17507400261679895,0.6518015577913738,25,20,20
12,3553,0.15949846385740224,2.888084635336052e-07,0.1775151009393826,0.6629861463947551,25,20,20
12,3554,0.13293499263594533,1.9551031911386537e-07,0.20627505827049056,0.660789753583246,25,20,20
12,3555,0.10262683708853139,4.35719973537974e-05,0.18516434259206455,0.7121652483220516,25,20,20
12,3556,0.1102759349345515,4.3118935089301966e-05,0.18716500203679268,0.7025159440935671,25,20,20
12,3557,0.19806283594489757,4.5844100406522015e-05,0.08577982243325115,0.7161114975214447,25,20,20
12,3558,0.158218468152736,4.4325465146734775e-05,0.12250823481642316,0.7192289715656947,25,20,20
12,3559,0.18437762245805117,6.837590732113238e-08,0.09703792859314882,0.7185843805728938,25,20,20
12,3560,0.19648358525712886,0.0008031129106231381,0.09454983315294159,0.7081634686793076,25,20,20
12,3561,0.1545033801428214,0.0008029748732459962,0.12547230866883688,0.7192213363150952,25,20,20
12,3562,0.17639510013123863,0.0008029161352157576,0.10363593525870037,0.7191660484748449,25,20,20
12,3563,0.23285770510335393,3.6656741223659945e-08,0.021704144454459784,0.7454381137854447,25,20,20
12,3564,0.1984076623865187,0.00039667763361366355,0.05095897922806403,0.7502366807518028,25,20,20
12,3565,0.18790510838166255,1.2984373231793871e-05,0.053289326168576026,0.7587925810765286,25,20,20
12,3566,0.23051794011941681,2.7743928937465685e-06,0.012110960800093202,0.7573683246875954,25,20,20
12,3567,0.1999014417123621,1.4338308866327295e-05,0.04238367107901068,0.7577005488997599,25,20,20
12,3568,0.20129331945495266,0.00023907235396183015,0.039798159822063785,0.7586694483690214,25,20,20
12,3569,0.21909156536084054,2.830572644912865e-07,0.05820355833551287,0.7227045932463821,25,20,20
12,3570,0.23240739923179585,1.715899681580427e-09,0.010180828471108348,0.7574117705811958,25,20,20
12,3571,0.20823529925581682,6.383202153617398e-07,0.04530418087643502,0.7464598815475334,25,20,20
12,3572,0.23252536845614183,2.1203297823108075e-08,0.008863524278312282,0.7586110860622491,25,20,20
12,3573,0.20971978626449844,5.831969832886412e-07,0.03150231971272202,0.7587773108257962,25,20,20
12,3574,0.1918225872456094,2.112381345752722e-07,0.06317445973452455,0.74500274178173,25,20,20
12,3575,0.1868144882934206,3.4871061327513024e-06,0.0540300221637763,0.7591520024366702,25,20,20
12,3576,0.18596045553745733,4.060324405719833e-09,0.09222661930833514,0.7218129210938845,25,20,20
12,3577,0.19290986687854386,7.507407754878284e-07,0.1275115698047147,0.6795778125759666,25,20,20
12,3578,0.12434956644724095,5.252638484629554e-07,0.20986189992183543,0.6657880083670726,25,20,20
12,3579,0.17587523911812583,2.101285780945276e-05,0.16210643528215982,0.6619973127419052,25,20,20
12,3580,0.12441995921581711,7.530145801859607e-06,0.20972521895442167,0.6658472916839624,25,20,20
12,3581,0.147003475346823,8.337620085976422e-06,0.18927182249340507,0.6637163645396873,25,20,20
12,3582,0.23035041749007557,8.202904949505475e-06,0.10331555898831336,0.6663258206166626,25,20,20
12,3583,0.18492515815402882,8.076786216644191e-06,0.100833632874409,0.7142331321853455,25,20,20
12,3584,0.12632607312632158,0.0011219040152441106,0.15899813721818423,0.713553885640252,25,20,20
12,3585,0.14687304284275834,0.00014110961644421893,0.13523673265642272,0.7177491148843765,25,20,20
12,3586,0.14490935705599686,0.0001212417860366909,0.13598826848527965,0.7189811326726867,25,20,20
12,3587,0.16774020328475042,1.9333253222279462e-06,0.11774129710379969,0.7145165662861287,25,20,20
12,3588,0.16935269858639374,1.1796826550035944e-06,0.12164411825732163,0.7090020034736315,25,20,20
12,3589,0.1481605879023416,1.6617150567475e-06,0.13312169272659524,0.7187160576560079,25,20,20
12,3590,0.17567210468784544,8.041865832672736e-09,0.1168243483113328,0.707503538958957,25,20,20
12,3591,0.1396617779918917,2.299033689884161e-05,0.1434656656064042,0.7168495660648027,25,20,20
12,3592,0.15459273710616384,2.1919366768897003e-06,0.126249984359759,0.719155086597402,25,20,20
12,3593,0.1241324419848468,1.8947515346037176e-05,0.15698611938048007,0.7188624911193273,25,20,20
12,3594,0.13383293204932795,1.2145383597762483e-05,0.14755658672290742,0.7185983358441707,25,20,20
12,3595,0.14885646415513268,5.746138236378689e-08,0.13221483694053018,0.7189286414429585,25,20,20
12,3596,0.12354883124427618,0.0005049929626690141,0.11833382520084226,0.7576123505922113,25,20,20
12,3597,0.15493290987698155,1.9997225387356225e-09,0.0864306907342191,0.7586363973890771,25,20,20
12,3598,0.16988841778541988,1.4195361653406911e-09,0.07178287547840204,0.7583287053166408,25,20,20
12,3599,0.1803306390193835,6.14215510189709e-05,0.061198707339861526,0.7584092320897351,25,20,20
12,3600,0.1513401863135188,0.0007204902177468279,0.08871034155798316,0.7592289819107507,25,20,20
12,3601,0.19863762897754178,3.013914073105039e-07,0.049166661085169414,0.7521954085458811,25,20,20
12,3602,0.2009257155111531,2.229428631324368e-07,0.04502064502195898,0.754053416524024,25,20,20
12,3603,0.21968702707163615,1.8480818234310702e-07,0.02149371865673642,0.7588190694634442,25,20,20
12,3604,0.23541543051426322,2.4443395093047375e-07,0.046782459280277994,0.7178018657715064,25,20,20
12,3605,0.19645957022028251,1.9692863956702486e-07,0.0814102183549117,0.7221300144961657,25,20,20
12,3606,0.20104357829776823,1.2935782782800328e-09,0.040560455697204977,0.7583959647114478,25,20,20
12,3607,0.20020661562451444,2.115570660678983e-09,0.0553628715177197,0.7444305107421941,25,20,20
12,3608,0.21719384660932875,3.711299460378396e-08,0.024411564907829877,0.758394551369846,25,20,20
12,3609,0.16851720964718808,5.649240093882858e-08,0.07270136948636612,0.7587813643740435,25,20,20
12,3610,0.14368838936917477,4.112438204428839e-08,0.09737062607481928,0.7589409434316248,25,20,20
12,3611,0.1623223631291678,4.6118009591777394e-08,0.09166110913973217,0.7460164816130894,25,20,20
12,3612,0.13353170784030785,5.819289952683003e-09,0.10779321460966801,0.7586750717307372,25,20,20
12,3613,0.1535832516298467,2.0239634171321698e-08,0.08870923937910138,0.7577074887514175,25,20,20
12,3614,0.16767543366915713,1.5270999424585356e-07,0.07119921997475444,0.7611251936460937,25,20,20
12,3615,0.1984468114292299,4.0467889247368425e-08,0.04017036446282145,0.761382783640058,25,20,20
12,3616,0.173127629775914,8.663803029031823e-07,0.06447260356128587,0.7623989002824971,25,20,20
12,3617,0.1736830003591806,8.606379613197337e-07,0.0677811105725342,0.7585350284303242,25,20,20
12,3618,0.121550678095134,5.294505345553731e-08,0.11955571605244315,0.7588935529073703,25,20,20
12,3619,0.16094336311861393,3.43475302838408e-07,0.11842012222200393,0.7206361711840801,25,20,20
12,3620,0.16908917882279575,0.0006911772730754979,0.10814587765175694,0.7220737662523711,25,20,20
12,3621,0.1075207888127194,0.000685170861966836,0.16982445324507278,0.72196958708024,25,20,20
12,3622,0.12703616123718933,0.0007653118850848639,0.15334356580505148,0.7188549610726767,25,20,20
12,3623,0.1805314991398709,0.0007655690181030389,0.1399085658972599,0.6787943659447668,25,20,20
12,3624,0.2248586290633362,0.0012640740302776623,0.09669222079548838,0.6771850761108973,25,20,20
12,3625,0.22355294922145805,0.0004992908259812199,0.09681829540411688,0.6791294645484441,25,20,20
12,3626,0.22042440462651464,0.000499972196248525,0.1080983588171125,0.6709772643601244,25,20,20
12,3627,0.18137101481009665,2.915153766292391e-07,0.12851757821030987,0.6901111154642172,25,20,20
12,3628,0.22517193398342353,3.563762555703969e-08,0.09495897392517913,0.6798690564537714,25,20,20
12,3629,0.2771776494144005,2.8628956060018823e-09,0.0576509408078315,0.6651714069148715,25,20,20
12,3630,0.2673188792424286,1.5031916353996478e-07,0.060689819294920316,0.6719911511434868,25,20,20
12,3631,0.31085551919048166,3.23705193026314e-07,0.016490102407696598,0.6726540546966285,25,20,20
12,3632,0.24510123307094567,3.9591516412384976e-07,0.08666481751734102,0.6682335534965496,25,20,20
12,3633,0.19422007550323958,1.2211320629378786e-05,0.13719444775669767,0.668573265419436,25,20,20
12,3634,0.19118707024561835,4.572486347968495e-07,0.12953544901861025,0.6792770234871398,25,20,20
12,3635,0.21718550932437833,1.0680572438012965e-08,0.10339629768414221,0.6794181823109104,25,20,20
12,3636,0.21710098114061924,2.468374980338914e-07,0.10922527918521759,0.673673492836666,25,20,20
12,3637,0.1970749931201721,1.5030444985255871e-05,0.1343602089408421,0.668549767494002,25,20,20
12,3638,0.18153265149026163,1.505139792991159e-05,0.14451796571346173,0.6739343313983467,25,20,20
12,3639,0.14269053138532098,9.923338699704786e-07,0.19582201021859064,0.6614864660622216,25,20,20
12,3640,0.20952711998470072,2.2236810241739634e-07,0.11134585427601813,0.67912680337118,25,20,20
12,3641,0.22937227987869144,0.000801628492949273,0.09068767941803735,0.6791384122103225,25,20,20
12,3642,0.20835719888359278,2.570431452314588e-07,0.1138255132631192,0.6778170308101443,25,20,20
12,3643,0.1594605394665016,1.4610532066549963e-05,0.17638657760055923,0.6641382724008758,25,20,20
12,3644,0.24137512931469157,1.5205524468984068e-05,0.10098705548863218,0.6576226096722101,25,20,20
12,3645,0.24130821073294814,1.2107040143732881e-06,0.07952403860085858,0.679166539962179,25,20,20
12,3646,0.23618872458208773,3.3719044375791355e-08,0.09158349805355775,0.6722277436453119,25,20,20
12,3647,0.22021625623721083,8.995537734977274e-09,0.10036100810597036,0.6794227266612828,25,20,20
12,3648,0.16871987999564042,0.0008739486547067682,0.1491767466055886,0.6812294247440667,25,20,20
12,3649,0.1286352073833009,2.059288776310903e-07,0.19014383572698482,0.6812207509608353,25,20,20
12,3650,0.08506276583140292,4.548617731246997e-06,0.2383267331471346,0.6766059524037331,25,20,20
12,3651,0.08278820966672763,4.546384937230211e-06,0.22028447988993238,0.6969227640584047,25,20,20
12,3652,0.14345998421688796,2.110350939422122e-09,0.13797296377399004,0.7185670498987733,25,20,20
12,3653,0.1509421865290249,1.6592802001115057e-07,0.13066274622690668,0.7183949013160479,25,20,20
12,3654,0.19742533094318518,1.7210328983864825e-07,0.08381397757082854,0.7187605193826967,25,20,20
12,3655,0.21768209249015744,1.9810376378837102e-07,0.06980514057975194,0.7125125688263266,25,20,20
12,3656,0.2103404620451939,1.7248477570109455e-07,0.10772616047045801,0.681933204999574,25,20,20
12,3657,0.17175339817613516,9.454374321856039e-09,0.15307905460483878,0.6751675377646523,25,20,20
12,3658,0.20854223647615322,3.756732968624837e-05,0.10873310917949855,0.6826870870146611,25,20,20
12,3659,0.1485623675699639,0.0006028715560045024,0.1794416991346452,0.671393061739387,25,20,20
12,3660,0.19336226938459217,0.008081282767646147,0.13002089637493516,0.668535551472828,25,20,20
12,3661,0.2711006410822445,1.4646216275815268e-08,0.06504371337085191,0.663855630900687,25,20,20
12,3662,0.22565300075647152,0.00010122633366461838,0.0787466227510852,0.6954991501587786,25,20,20
12,3663,0.1413651452856824,0.019003040771230908,0.1356425541846442,0.703989259758444,25,20,20
12,3664,0.21326289854421776,0.0190029895229693,0.04898187001887459,0.7187522419139382,25,20,20
12,3665,0.20224645195817434,0.019003282819032154,0.056620826313689324,0.722129438909105,25,20,20
12,3666,0.19615703641743526,0.040009142456335293,0.06998832421464822,0.6938454969115806,25,20,20
12,3667,0.21516252489166854,0.0399702966340749,0.026294129722438494,0.7185730487518179,25,20,20
12,3668,0.2024201163283451,0.0399704585520205,0.040434149398143486,0.717175275721491,25,20,20
12,3669,0.1994886311784791,0.039913578699974424,0.04900808372031761,0.711589706401229,25,20,20
12,3670,0.1392775478672407,0.03934591125975803,0.11018069729940101,0.7111958435736043,25,20,20
12,3671,0.19504559409984232,0.03997712500721713,0.047095908217731616,0.7178813726752086,25,20,20
12,3672,0.19262683691258176,0.03997708315841393,0.0790862247374936,0.688309855191511,25,20,20
12,3673,0.2327907082966912,0.039977083074601134,0.05548873843103012,0.6717434701976776,25,20,20
12,3674,0.23108639560762387,0.03997708323226834,0.0670616538126461,0.6618748673474617,25,20,20
12,3675,0.1674043688768056,0.03997708421538697,0.08699087859851136,0.7056276683092986,25,20,20
12,3676,0.14860708052025953,0.00045901781327335175,0.14076781557921617,0.7101660860872516,25,20,20
12,3677,0.16952820052159612,2.7440824363221513e-05,0.12100075495080403,0.7094436037032366,25,20,20
12,3678,0.12907864787281753,6.349373578737677e-08,0.15223206180196486,0.7186892268314837,25,20,20
12,3679,0.18959884409418812,0.008539075720443972,0.08289007515987602,0.7189720050254931,25,20,20
12,3680,0.18321134656455076,0.00010344310521878001,0.10385540761415177,0.7128298027160792,25,20,20
12,3681,0.18145585555351343,0.00010344316466791019,0.1053092898977095,0.7131314113841088,25,20,20
12,3682,0.18077424251238183,0.00010416555874295153,0.1066747930318302,0.7124467988970453,25,20,20
12,3683,0.16590234580117982,1.8151724894565177e-07,0.11615830465771573,0.7179391680238578,25,20,20
12,3684,0.15440179045857247,1.3996984852596904e-06,0.12699372539214873,0.7186030844507969,25,20,20
12,3685,0.0653798616917936,4.874213889459293e-09,0.15547106207115255,0.779149071362843,25,20,20
12,3686,0.1252135230955532,9.535664434185307e-06,0.08727374769387657,0.7875031935461364,25,20,20
12,3687,0.12300396153057241,9.536842796985724e-06,0.08474685543308354,0.7922396461935469,25,20,20
12,3688,0.09409771515704836,2.1228453608037332e-08,0.07393304822127908,0.8319692153932187,25,20,20
12,3689,0.0951122763532752,6.677757279629194e-08,0.06800611885132563,0.8368815380178249,25,20,20
12,3690,0.09388337343182034,2.2520500470989672e-08,0.0882965534152838,0.8178200506323948,25,20,20
12,3691,0.15283273079966833,8.739669563902663e-09,0.016635728944045497,0.8305315315166166,25,20,20
12,3692,0.15867471863198923,3.7028850326214497e-09,0.002439870012043786,0.838885407653081,25,20,20
12,3693,0.11591187324153795,2.491677003173176e-07,0.05087362633221766,0.833214251258545,25,20,20
12,3694,0.10797108557397964,3.860048889787045e-07,0.09672156194301765,0.7953069664781119,25,20,20
12,3695,0.08073646641769792,0.00040346092173725273,0.11643954560897285,0.8024205270515921,25,20,20
12,3696,0.06531125252969681,7.336307220739619e-06,0.13851707515416722,0.7961643360089152,25,20,20
12,3697,0.09432728188179604,7.345398112104906e-06,0.10768501112760771,0.7979803615924836,25,20,20
12,3698,0.09137646614263133,1.4650366431107283e-05,0.12393944029473221,0.7846694431962075,25,20,20
12,3699,0.0952096999102046,1.82493724025964e-05,0.11387859157027044,0.7908934591471237,25,20,20
12,3700,0.08137121684522652,3.380757193131503e-07,0.12839013009910366,0.7902383149799498,25,20,20
12,3701,0.07495086762248086,3.654884481596135e-08,0.12745517015607724,0.7975939256725959,25,20,20
12,3702,0.10906632497949424,9.674298806249745e-09,0.0660998097305674,0.8248338556156384,25,20,20
12,3703,0.11165439999365603,1.777503134427235e-08,0.049902155976739776,0.8384434262545727,25,20,20
12,3704,0.08214191079932859,0.00029067499067931326,0.08533661500753618,0.8322307992024579,25,20,20
12,3705,0.08232953168187636,1.081077603789512e-05,0.08525529003222015,0.8324043675098663,25,20,20
12,3706,0.08931384975356677,1.341009097690187e-09,0.094213896122445,0.8164722527829779,25,20,20
12,3707,0.11174047319995697,2.856349910810326e-07,0.05368539811658895,0.8345738430484628,25,20,20
12,3708,0.07513384212449678,9.458306148012821e-11,0.08628155743866137,0.8385846003422591,25,20,20
12,3709,0.07679720024913383,1.576287673206016e-10,0.09075964295434932,0.8324431566388875,25,20,20
12,3710,0.10570773642402247,7.290234385647051e-09,0.05572989615327414,0.8385623601324681,25,20,20
12,3711,0.11221171184723497,7.781562915340104e-09,0.08505738769730692,0.8027308926738951,25,20,20
12,3712,0.14492908166666027,2.5939289267279076e-07,0.06701134961395733,0.7880593093264882,25,20,20
12,3713,0.1338355221606977,1.4000504277559294e-05,0.07846332547957408,0.7876871518554498,25,20,20
12,3714,0.09046548121438443,2.5745067327180293e-06,0.10767432667248736,0.8018576176063941,25,20,20
12,3715,0.13463590049189778,2.930873842428407e-06,0.1067362249203801,0.7586249437138797,25,20,20
12,3716,0.1605875911749804,2.958059813102665e-06,0.08038712846686248,0.7590223222983425,25,20,20
12,3717,0.12207370170641353,2.997896569036968e-05,0.11838973929373738,0.7595065800341605,25,20,20
12,3718,0.12321538951135276,9.778696319696312e-05,0.17196704202812063,0.7047197814973303,25,20,20
12,3719,0.11003076487820557,0.03820632238601579,0.18316115499807903,0.6686017577376979,25,20,20
12,3720,0.18698846565402782,0.03996344141907415,0.10339175299357897,0.6696563399333192,25,20,20
12,3721,0.21983171320282055,0.0399633228303486,0.061910824958758236,0.6782941390080732,25,20,20
12,3722,0.2518101278291382,0.039963324190046945,0.029502248278454803,0.6787242997023606,25,20,20
12,3723,0.18822800036669435,0.03996344286131582,0.1280319502190256,0.6437766065529676,25,20,20
12,3724,0.1301600505109833,0.039964645129499286,0.11069113012683804,0.7191841742326838,25,20,20
12,3725,0.16345973759071242,0.04001372322918423,0.07713543230347158,0.7193911068766318,25,20,20
12,3726,0.15426111974857043,0.022960135877157888,0.11537926380314588,0.7073994805711274,25,20,20
12,3727,0.11551150674407419,0.0230443127097709,0.1764945853250276,0.6849495952211261,25,20,20
12,3728,0.0921754383750553,0.03996346220618851,0.2076803034554906,0.6601807959632648,25,20,20
12,3729,0.12923757225723145,0.0399636457342155,0.15600249115382397,0.6747962908547294,25,20,20
12,3730,0.14283979695366245,0.039945694417534344,0.10257599864086572,0.7146385099879373,25,20,20
12,3731,0.1515586096059799,0.03993290509139067,0.08973785449691973,0.7187706308057108,25,20,20
12,3732,0.1702278474583792,0.04006932677621206,0.11681943218144941,0.6728833935839613,25,20,20
12,3733,0.1993204799314983,0.040074893475425075,0.12419949817699327,0.6364051284160833,25,20,20
12,3734,0.1622065074348591,0.050363977548536054,0.1140245449894219,0.6734049700271849,25,20,20
12,3735,0.15644763886178226,0.0782079587523278,0.0874865139180601,0.6778578884678302,25,20,20
12,3736,0.16031816000385468,0.07821094569304402,0.1040604616460283,0.6574104326570737,25,20,20
12,3737,0.1264548309303993,0.07864755635349285,0.11691693336877212,0.6779806793473372,25,20,20
12,3738,0.1282559296331116,0.07466316302953735,0.11925676078882175,0.6778241465485317,25,20,20
12,3739,0.15893666187541805,0.0917777273334917,0.07831209074195393,0.6709735200491361,25,20,20
12,3740,0.12208941530402044,0.11873007964249631,0.09405989316675015,0.6651206118867343,25,20,20
12,3741,0.12232594142074218,0.11772609535042765,0.08783276105244629,0.6721152021763842,25,20,20
12,3742,0.09281370260023497,0.09327826042627409,0.13446797690823645,0.6794400600652561,25,20,20
12,3743,0.06732084255924668,0.06626301512616335,0.18706259307215592,0.6793535492424312,25,20,20
12,3744,0.040815853953138734,0.1031929661044563,0.17642137005443007,0.6795698098879757,25,20,20
12,3745,0.07857740486726289,0.06196671805442395,0.1803832868379299,0.6790725902403852,25,20,20
12,3746,0.07922885488654317,0.05321681774076176,0.19983448318507924,0.6677198441876171,25,20,20
12,3747,0.08945660798224271,0.07986047804750385,0.1510272232058305,0.6796556907644231,25,20,20
12,3748,0.08089472855991339,0.07931023974004592,0.15895667777115283,0.6808383539288906,25,20,20
12,3749,0.08195542929940675,0.05411889915925843,0.18468211058759926,0.6792435609537363,25,20,20
12,3750,0.11443064495466591,0.040889250213499935,0.16532219622142122,0.679357908610416,25,20,20
12,3751,0.11901163384675865,0.024532034996937742,0.1371646731205893,0.719291658035715,25,20,20
12,3752,0.17749729682350027,0.03824569991595048,0.06523519229421905,0.7190218109663301,25,20,20
12,3753,0.19879294901797612,0.0382255547784711,0.04435258801823463,0.7186289081853174,25,20,20
12,3754,0.19901373746796414,0.03997629476596026,0.04271360248779801,0.7182963652782771,25,20,20
12,3755,0.20146473591274006,0.039931999237300106,0.039758570398718655,0.7188446944512421,25,20,20
12,3756,0.2077399193275686,0.0399318331031956,0.03421593401365953,0.7181123135555769,25,20,20
12,3757,0.21841481282900696,0.039933822747013986,0.022268082871017492,0.719383281552962,25,20,20
12,3758,0.19257678242071347,0.0002740170707461674,0.13954370455482376,0.6676054959537181,25,20,20
12,3759,0.20192516776816472,8.304394047596549e-07,0.139935665966909,0.6581383358255234,25,20,20
12,3760,0.180587609289415,3.540692195988062e-05,0.19126868878749595,0.6281082950011321,25,20,20
12,3761,0.14744666230863385,0.0005693344691041643,0.1808749821238421,0.6711090210984203,25,20,20
12,3762,0.14197920443729486,0.0005688797099976121,0.18622037310391107,0.6712315427487959,25,20,20
12,3763,0.20098099010463122,6.92523348228796e-07,0.13037731538023928,0.6686410019917808,25,20,20
12,3764,0.2022635380662032,1.3648412712017677e-05,0.11449396765082064,0.6832288458702669,25,20,20
12,3765,0.20814237090859172,6.686921424383044e-07,0.11794539435108199,0.6739115660481859,25,20,20
12,3766,0.19977669366544437,3.41609911593605e-07,0.08502851147230191,0.7151944532523429,25,20,20
12,3767,0.2328764776105415,3.4320481008363977e-07,0.05282596920935213,0.7142972099752966,25,20,20
12,3768,0.1536928705293318,3.592021852522442e-07,0.1325381852963213,0.7137685849721633,25,20,20
12,3769,0.15518517945756455,0.03997127510153879,0.09084630492403294,0.7139972405168642,25,20,20
12,3770,0.16499049185759407,0.039962535687967045,0.07591870721386272,0.7191282652405759,25,20,20
12,3771,0.13880620142238795,0.0373655211344887,0.08440081352891028,0.7394274639142112,25,20,20
12,3772,0.14003549296865678,0.03736552023044065,0.07126302443115025,0.7513359623697512,25,20,20
12,3773,0.07871204861314932,0.03818012985154205,0.13115789470033204,0.7519499268349773,25,20,20
12,3774,0.09576226205968527,2.1772152892633858e-07,0.1518503079133982,0.75238721230539,25,20,20
12,3775,0.06717626963879705,0.04035459247932294,0.11282796640482488,0.779641171477057,25,20,20
12,3776,0.08221080910937129,0.040303473685177324,0.09769722770597249,0.7797884894994794,25,20,20
12,3777,0.07877814090832536,0.039162331498686864,0.08402448175555172,0.798035045837435,25,20,20
12,3778,0.11699505458298294,0.03900620371317226,0.049780996082096365,0.7942177456217483,25,20,20
12,3779,0.12247070021463256,0.03950096308110141,0.04972408351494154,0.7883042531893245,25,20,20
12,3780,0.04329905989572638,0.040675120263849625,0.12296636542428681,0.7930594544161385,25,20,20
12,3781,0.043281245733260566,0.0398226581196961,0.12292093749680348,0.7939751586502404,25,20,20
12,3782,0.005256704936353281,0.03994338353788129,0.1591007397797676,0.7956991717459991,25,20,20
12,3783,0.10448090575045064,0.03994326206490561,0.06141543102831786,0.7941604011563251,25,20,20
12,3784,0.10563834911352028,0.039082393249300934,0.06618579459337241,0.7890934630438063,25,20,20
12,3785,0.15106412039153086,0.011233153894502277,0.05551748932665631,0.7821852363873113,25,20,20
12,3786,0.15622471253890474,0.039537847368455836,0.01001027429179845,0.7942271658008413,25,20,20
12,3787,0.1257849498802813,0.03873405025230214,0.03697561100695353,0.7985053888604626,25,20,20
12,3788,0.10974422636809131,0.014167813754889957,0.07761425862741836,0.7984737012495999,25,20,20
12,3789,0.09925511566838566,0.014168043862701927,0.08285636995356739,0.8037204705153468,25,20,20
12,3790,0.07097419230622601,0.03994034650239017,0.08471234896474775,0.8043731122266358,25,20,20
12,3791,0.09014372666895598,0.03994015347499511,0.07123178435055366,0.7986843355054937,25,20,20
12,3792,0.07344771842911242,0.039940168734836676,0.058342277090745076,0.8282698357453048,25,20,20
12,3793,0.06853989354324032,0.03992733722511709,0.0648854248568027,0.826647344374839,25,20,20
12,3794,0.0812024799988574,0.03992730125531693,0.045980927724563914,0.8328892910212595,25,20,20
12,3795,0.10497711897478446,0.039927301496680674,0.06226465580184426,0.7928309237266907,25,20,20
12,3796,0.06587925288335555,0.040698504465426194,0.14028493035061407,0.753137312300608,25,20,20
12,3797,0.10889721280304351,0.04072628206427961,0.0920949185591548,0.7582815865735242,25,20,20
12,3798,0.12321001868467307,0.041081139104903484,0.09192800963581238,0.7437808325746138,25,20,20
12,3799,0.08213704585490675,0.013725733472328186,0.19699175430487947,0.707145466367887,25,20,20
12,3800,0.09372096028396344,0.013725767615983913,0.1739778118082499,0.7185754602918035,25,20,20
12,3801,0.15541220919948928,0.0322995181809967,0.09372136746687869,0.7185669051526377,25,20,20
12,3802,0.12102817710116126,0.03229943887594795,0.1278851959386288,0.718787188084264,25,20,20
12,3803,0.1273254667840424,0.07867508412976827,0.07577343721742212,0.7182260118687661,25,20,20
12,3804,0.10104058767137683,0.07865669497569205,0.10190000775677864,0.7184027095961532,25,20,20
12,3805,0.1399088980406536,0.049966608674824366,0.09639415368680736,0.7137303395977167,25,20,20
12,3806,0.1610177126677364,0.0786979955575052,0.04175266635195421,0.718531625422804,25,20,20
12,3807,0.18802431099769734,0.08023953192447421,0.029666398076073585,0.7020697590017542,25,20,20
12,3808,0.15299371820764662,0.07901240039277693,0.05520270586742838,0.712791175532148,25,20,20
12,3809,0.1711852161784084,0.050051056463433066,0.06603849011631562,0.7127252372418427,25,20,20
12,3810,0.17686536042648318,0.07993106407429092,0.024158546445354687,0.719045029053871,25,20,20
12,3811,0.19938677332948676,0.03953062306149455,0.042221571499281234,0.7188610321097374,25,20,20
12,3812,0.18883656480782895,0.057739471717409445,0.0341943103220374,0.7192296531527244,25,20,20
12,3813,0.19720080481086014,0.024767681698305778,0.05884757251118836,0.7191839409796451,25,20,20
12,3814,0.18099245380731602,0.0002848010510723903,0.10007535021007277,0.71864739493154,25,20,20
12,3815,0.10773641595550856,7.4964654267530266e-06,0.1731660258738428,0.7190900617052215,25,20,20
12,3816,0.11912173512174519,7.144036576167746e-06,0.126790524142337,0.7540805966993419,25,20,20
12,3817,0.11993250782030053,0.00023271896055010837,0.1256318857728353,0.7542028874463174,25,20,20
12,3818,0.12042674615383904,1.990683535982378e-05,0.17096156469191762,0.708591782318884,25,20,20
12,3819,0.11500105867036887,5.618652978810704e-09,0.17796490287552869,0.7070340328354514,25,20,20
12,3820,0.11120243214766326,1.1505264047734902e-05,0.13654289682401513,0.7522431657642781,25,20,20
12,3821,0.10902113502468519,1.1063849181978042e-05,0.136651287779987,0.7543165133461487,25,20,20
12,3822,0.1605011693494767,2.9438811416890565e-05,0.08911050983444689,0.7503588820046615,25,20,20
12,3823,0.22360762259274164,1.8840334072145267e-10,0.018115542337822702,0.7582768348810327,25,20,20
12,3824,0.1797471535771771,2.5787668266386903e-06,0.06149805763845509,0.7587522100175416,25,20,20
12,3825,0.17592052854722556,7.63632359714784e-05,0.07189001323695261,0.7521130949798498,25,20,20
12,3826,0.16322998256187504,7.604080931879886e-05,0.10106329289754294,0.735630683731264,25,20,20
12,3827,0.16367487093307978,7.608632592789014e-05,0.1129802352445609,0.7232688074964305,25,20,20
12,3828,0.08981794377291054,3.7612763685077564e-07,0.15424183589645213,0.755939844203003,25,20,20
12,3829,0.12311196557226795,4.561273616344528e-07,0.0788817982500844,0.7980057800502862,25,20,20
12,3830,0.11802173774594923,0.024497370888428738,0.05942219819947676,0.7980586931661445,25,20,20
12,3831,0.14361898323733105,0.02449732851681116,0.041307755666809144,0.7905759325790481,25,20,20
12,3832,0.14335627101300413,0.02449735202122847,0.03534157235036503,0.7968048046154026,25,20,20
12,3833,0.13950786296781936,0.02453021710851436,0.03766283733037346,0.7982990825932913,25,20,20
12,3834,0.1398677721724558,0.024497341395725725,0.04753693424701126,0.788097952184807,25,20,20
12,3835,0.12025393656908084,0.024497326004771166,0.05658308968815264,0.7986656477379951,25,20,20
12,3836,0.11450333576274935,0.024497454296875092,0.06241893792221975,0.7985802720181566,25,20,20
12,3837,0.11423255802689736,0.0399388354386658,0.04780422057833424,0.7980243859561031,25,20,20
12,3838,0.09768534302225311,0.039938314698748575,0.08490658477765446,0.7774697575013433,25,20,20
12,3839,0.11783623744116425,0.03993831087720305,0.052178699743747614,0.7900467519378848,25,20,20
12,3840,0.11447110962813457,0.039938309910404104,0.055794783232037154,0.7897957972294236,25,20,20
12,3841,0.07977534030746852,0.039953476710821965,0.08800472396397854,0.7922664590177325,25,20,20
12,3842,0.07401513149062638,0.03996207204358882,0.09348408147994909,0.7925387149858362,25,20,20
12,3843,0.07379136413343701,0.03937702528844771,0.08783995158321906,0.7989916589948975,25,20,20
12,3844,0.0781877681684146,0.038209879143905674,0.0887050865177431,0.7948972661699372,25,20,20
12,3845,0.1131998369269887,0.00010570863012957527,0.10956902588062317,0.7771254285622626,25,20,20
12,3846,0.17503393007282564,1.687249436489859e-06,0.020929413678410128,0.8040349689993274,25,20,20
12,3847,0.12117126469739596,2.5454999936414804e-06,0.08684485865101121,0.7919813311516013,25,20,20
12,3848,0.1656343714878158,0.009097881380646676,0.025887669140575952,0.799380077990961,25,20,20
12,3849,0.12938420972821568,0.03993230188337194,0.032044408405267046,0.7986390799831447,25,20,20
12,3850,0.12580803719309064,0.03993337496485052,0.04970905026329942,0.7845495375787586,25,20,20
12,3851,0.091948653399505,0.0010875007837136956,0.10782825855590586,0.7991355872608752,25,20,20
12,3852,0.12586517765933417,2.0112732138295784e-06,0.07580616743341197,0.7983266436340398,25,20,20
12,3853,0.1538361169068384,1.0767863406214158e-06,0.04737952737835933,0.7987832789284613,25,20,20
12,3854,0.18824708343684068,6.772745005990554e-09,0.010671490161592126,0.8010814196288214,25,20,20
12,3855,0.18850539799842053,6.7783913882349144e-09,0.020360591414366594,0.7911340038088209,25,20,20
12,3856,0.1496660120229884,6.348034371961632e-09,0.05398515184354293,0.7963488297854349,25,20,20
12,3857,0.12411468363813224,2.9183505126939723e-10,0.07696081791808904,0.7989244981519428,25,20,20
12,3858,0.14762609185443806,2.065921829778809e-07,0.0895501293031439,0.7628235722502358,25,20,20
12,3859,0.14311250425016042,1.0294520973651714e-05,0.09867979815456368,0.7581974030743025,25,20,20
12,3860,0.15326313099130226,0.0002724000745943901,0.09805808194538622,0.7484063869887204,25,20,20
12,3861,0.1591644330624436,0.0002722439466399877,0.09978180491489898,0.7407815180760194,25,20,20
12,3862,0.13010453021771015,1.4992536600357689e-05,0.147114245201555,0.7227662320441371,25,20,20
12,3863,0.13247207502780534,1.4993624029358628e-05,0.16867337196626933,0.6988395593818946,25,20,20
12,3864,0.1282973745005664,2.2744912678317103e-06,0.17079955039576883,0.700900800612395,25,20,20
12,3865,0.1755125541049739,0.001579223132459085,0.1170432738465725,0.705864948915996,25,20,20
12,3866,0.19569306415778567,0.0015792095240621893,0.1299186367518706,0.6728090895662835,25,20,20
12,3867,0.23984836248535707,2.7358234395246803e-08,0.08697413848159757,0.6731774716748127,25,20,20
12,3868,0.23830087817356468,2.0359886300747501e-07,0.08089850259500868,0.6808004156325651,25,20,20
12,3869,0.19331335949725859,3.223662475384795e-06,0.14184227730229218,0.6648411395379766,25,20,20
12,3870,0.14359564566270258,3.9982471610290884e-05,0.17710667253806506,0.6792576993276227,25,20,20
12,3871,0.21028158495833751,1.558734739293955e-05,0.10817281791564415,0.681530009778627,25,20,20
12,3872,0.2065975130812396,3.3488997966203784e-05,0.12540526171083508,0.667963736209961,25,20,20
12,3873,0.2307771154959391,1.9736327413104663e-05,0.09023003042446573,0.6789731177521824,25,20,20
12,3874,0.18339580180343276,1.9736599807973318e-05,0.1415794725573202,0.6750049890394411,25,20,20
12,3875,0.21446755042093674,1.9497120982497542e-05,0.11704609302839816,0.6684668594296822,25,20,20
12,3876,0.18983344984330167,1.991558564089021e-05,0.13129773920299587,0.6788488953680623,25,20,20
12,3877,0.082774435899791,1.949410941560421e-05,0.1985025469229726,0.7187035230678237,25,20,20
12,3878,0.08244282067515775,1.8890267334382683e-06,0.20492874012021475,0.7126265501778941,25,20,20
12,3879,0.062290665313104066,1.6512285704707312e-06,0.23023293088740346,0.7074747525709205,25,20,20
12,3880,0.07159079246646978,0.0006909409624903836,0.20823620259794232,0.7194820639730968,25,20,20
12,3881,0.12712979411216824,0.0004103445502147515,0.1591435349676977,0.7133163263699204,25,20,20
12,3882,0.13679356183942099,0.039976831625091976,0.10356889920439037,0.7196607073310979,25,20,20
12,3883,0.11767911315587552,0.039971545594012545,0.12286229110050406,0.7194870501496082,25,20,20
12,3884,0.12510393342584286,0.03993888796407255,0.11537537991230269,0.7195817986977809,25,20,20
12,3885,0.07974010262187001,0.03993922989342604,0.19464537274037508,0.685675294744329,25,20,20
12,3886,0.1487768527670381,0.039356886769475505,0.17617930825690023,0.6356869522065858,25,20,20
12,3887,0.20168491449865475,0.03935976599781631,0.12513635621703745,0.6338189632864963,25,20,20
12,3888,0.16737662311927665,0.03871036637047021,0.15946868638107645,0.6344443241291797,25,20,20
12,3889,0.17238091966097932,0.06116889190356607,0.1274822932444379,0.6389678951910174,25,20,20
12,3890,0.18129378412386074,0.061168884077437945,0.11797944192190273,0.6395578898768,25,20,20
12,3891,0.18213883030242742,0.045670534126176256,0.13268150016227445,0.6395091354091227,25,20,20
12,3892,0.18838589795614208,0.03874505297638288,0.13371154964817233,0.6391574994193062,25,20,20
12,3893,0.15933778390169953,0.03874511904330937,0.16252901299273737,0.6393880840622539,25,20,20
12,3894,0.15263280198924337,0.04002152286111877,0.17325951546677953,0.6340861596828595,25,20,20
12,3895,0.1782702866984274,0.039452574494757295,0.14131121086436824,0.6409659279424482,25,20,20
12,3896,0.19740530540228327,0.02130383154256635,0.1084422486185192,0.6728486144366315,25,20,20
12,3897,0.2208970625878747,0.021231887401026134,0.07863784584064576,0.6792332041704527,25,20,20
12,3898,0.23556969216423196,0.021998955299373357,0.07255817174901993,0.6698731807873748,25,20,20
12,3899,0.22758769799530923,0.021998894197517528,0.06739945945481488,0.6830139483523574,25,20,20
12,3900,0.20295196744159835,0.04321960873998584,0.07428053170096029,0.6795478921174559,25,20,20
12,3901,0.16175166152410692,0.03968930751376996,0.12598244062351416,0.6725765903386103,25,20,20
12,3902,0.16293246423924596,0.05766415214466903,0.10016189565085133,0.6792414879652352,25,20,20
12,3903,0.18083201623195705,0.01807117683080155,0.12272202738335018,0.6783747795538934,25,20,20
12,3904,0.2043573859909016,0.017683735184913608,0.09882168052719548,0.6791371982969884,25,20,20
12,3905,0.20715977499367874,0.014167690118538441,0.10426759720023882,0.6744049376875446,25,20,20
12,3906,0.22246071764905095,0.03994031274734324,0.05842081152600706,0.6791781580775997,25,20,20
12,3907,0.17845198084645605,0.03994090083871544,0.1419577699432977,0.6396493483715333,25,20,20
12,3908,0.15438564767397525,0.03995445916114089,0.1330112398872188,0.6726486532776673,25,20,20
12,3909,0.1797172666124507,0.038260098757503906,0.10389287896385549,0.67812975566619,25,20,20
12,3910,0.22474650468075422,0.039905904965706694,0.057231864117924476,0.6781157262356146,25,20,20
12,3911,0.18646186633300219,0.039905899716422354,0.0960251429539972,0.6776070909965789,25,20,20
12,3912,0.23612663492229505,0.039535549611263626,0.007624367482290343,0.716713447984151,25,20,20
12,3913,0.20946520018491835,0.039963500488220643,0.03391361471200273,0.7166576846148581,25,20,20
12,3914,0.18131483220465433,0.03982036454487292,0.05687638725904421,0.7219884159914279,25,20,20
12,3915,0.1644011635866157,0.0387295176196057,0.05679321952943108,0.7400760992643458,25,20,20
12,3916,0.19898507361614876,0.03822758161602474,0.0229699101696924,0.7398174345981338,25,20,20
12,3917,0.17047147306861,0.0382437738803216,0.07233885867755524,0.7189458943735119,25,20,20
12,3918,0.19217708602478722,0.03873374889188528,0.0873738428235028,0.6817153222598259,25,20,20
12,3919,0.18445480920750057,0.039966618473876336,0.09814374570877764,0.6774348266098466,25,20,20
12,3920,0.15398786275093954,0.03825946347832125,0.10240504627875698,0.7053476274919845,25,20,20
12,3921,0.2042645466534778,0.038237876162600666,0.05733998118643855,0.7001575959974825,25,20,20
12,3922,0.19711241116859884,0.012761768004859215,0.07808917799946084,0.7120366428270812,25,20,20
12,3923,0.2174044658933359,0.038242614753873194,0.027783856526604,0.7165690628261864,25,20,20
12,3924,0.22547901833207223,0.03824260523010019,0.018062925319183454,0.7182154511186434,25,20,20
12,3925,0.2237143386434005,0.03824174917413574,0.026406174962576533,0.7116377372198868,25,20,20
12,3926,0.183555814447794,0.038251853757098914,0.06619619449688033,0.7119961372982266,25,20,20
12,3927,0.15763721391063582,0.03825228476345503,0.09161926596278551,0.712491235363126,25,20,20
12,3928,0.1351881267276628,0.03824106126147869,0.14113344812899345,0.6854373638818682,25,20,20
12,3929,0.0808831595803141,0.03935960223451203,0.16709444517037017,0.7126627930148031,25,20,20
12,3930,0.07713087005886626,0.03936061827352666,0.16501282293198158,0.7184956887356264,25,20,20
12,3931,0.15904827169521207,0.039359358776134196,0.08292562973548874,0.7186667397931649,25,20,20
12,3932,0.1931850136314184,0.039358249352271196,0.06291488851898475,0.704541848497325,25,20,20
12,3933,0.2140434731604876,0.03994564733559895,0.041063017319237394,0.7049478621846755,25,20,20
12,3934,0.22364547248648908,0.03870309476776466,0.02372352870865802,0.7139279040370878,25,20,20
12,3935,0.18646714699874983,0.039902543222517746,0.05528087331773466,0.7183494364609984,25,20,20
12,3936,0.23539555493652806,0.03990250071473423,0.006507519470858667,0.718194424877879,25,20,20
12,3937,0.19291315822098365,0.03873907104319874,0.09891264538114067,0.6694351253546802,25,20,20
12,3938,0.18082920367740243,0.038700913571193866,0.11290560220164642,0.6675642805497586,25,20,20
12,3939,0.20931547383398222,0.0399455339236364,0.05687736659922762,0.6938616256431527,25,20,20
12,3940,0.23047096472042167,0.039943777539723675,0.060092685807006954,0.6694925719328475,25,20,20
12,3941,0.19318093354439023,0.024709216917310303,0.11340889337561888,0.668700956162681,25,20,20
12,3942,0.20590515729157718,0.03873934060859816,0.07659433822993238,0.6787611638698934,25,20,20
12,3943,0.15542615776414087,0.03934920418936494,0.12650837726756856,0.6787162607789294,25,20,20
12,3944,0.15973970389075323,0.03994549508679415,0.12646233024660677,0.673852470775848,25,20,20
12,3945,0.1769781009699331,0.03994583888658464,0.06869927355379297,0.7143767865896887,25,20,20
12,3946,0.17424053220469898,0.039945633079745066,0.07817572722895921,0.7076381074865968,25,20,20
12,3947,0.11590570528520233,0.0399496459347808,0.12957249529562337,0.7145721534843961,25,20,20
12,3948,0.10222788714481684,0.0533282820050652,0.1252344244023691,0.7192094064477499,25,20,20
12,3949,0.06358314678394543,0.04964686886412685,0.20282503806968563,0.6839449462822406,25,20,20
12,3950,0.08159212657606965,0.0394845661248017,0.16483287339128694,0.7140904339078428,25,20,20
12,3951,0.1421140490143208,0.03948614541301477,0.09940408499977817,0.7189957205728859,25,20,20
12,3952,0.182379188349508,0.03869685900854792,0.06015935913947116,0.7187645935024733,25,20,20
12,3953,0.1697037035126802,0.03869578676644428,0.07298251822416357,0.7186179914967119,25,20,20
12,3954,0.16004955629577083,0.0399711423137663,0.0788422539012385,0.721137047489224,25,20,20
12,3955,0.13735243839386496,0.03997666032780736,0.14116641235986382,0.6815044889184679,25,20,20
12,3956,0.12868694579649287,0.03997714327112644,0.15465064491971656,0.6766852660126663,25,20,20
12,3957,0.17324288676843336,2.7754231505283396e-07,0.14864512265311086,0.6781117130361407,25,20,20
12,3958,0.2238878451704729,4.5262436108269215e-07,0.10012816229334598,0.6759835399118214,25,20,20
12,3959,0.14200602934053236,0.0011141372435558231,0.17775872173088772,0.679121111685021,25,20,20
12,3960,0.13965897122427248,0.00113810716586145,0.20491342451032588,0.6542894970995415,25,20,20
12,3961,0.1851957492416444,0.0011381019309406066,0.18402292990560917,0.629643218921806,25,20,20
12,3962,0.1824084554734161,5.0193220034651915e-05,0.17953018136984059,0.6380111699367105,25,20,20
12,3963,0.17264937283829618,2.7547170368859593e-05,0.1879765597717325,0.6393465202196041,25,20,20
12,3964,0.16643344456146636,0.0009534593377193279,0.23453158064793192,0.5980815154528824,25,20,20
12,3965,0.1784571360214558,1.667360874209515e-05,0.18651575553953323,0.63501043483027,25,20,20
12,3966,0.1370554904904926,3.2432070316743046e-05,0.22813564248984997,0.6347764349493351,25,20,20
12,3967,0.2041358015768748,0.000789305706582951,0.1564918966441136,0.6385829960724311,25,20,20
12,3968,0.24272612269652377,0.0007888988686427603,0.11870843562164858,0.6377765428131855,25,20,20
12,3969,0.1555014847307437,0.0007760877876658028,0.18502109570718134,0.6587013317744106,25,20,20
12,3970,0.15189439674152042,0.0007807029997505753,0.2031524602804701,0.6441724399782605,25,20,20
12,3971,0.2350171036275188,0.0003813951062092115,0.12311922056829054,0.6414822806979814,25,20,20
12,3972,0.2035197732734363,0.0003814037119469745,0.1603589689364062,0.6357398540782103,25,20,20
12,3973,0.19378423925705784,1.285261349901824e-05,0.2080436648115503,0.5981592433178908,25,20,20
12,3974,0.2006725516979114,1.0892513750888205e-07,0.1693941804552618,0.6299331589216906,25,20,20
12,3975,0.1912539708391918,2.304832487701206e-07,0.1837359187261117,0.6250098799514467,25,20,20
12,3976,0.1378709689970645,0.03832577062156979,0.1770675764055867,0.64673568397578,25,20,20
12,3977,0.11455013352436706,0.03826719535993995,0.17287255717725614,0.6743101139384403,25,20,20
12,3978,0.15964693658292567,0.001072733233848366,0.1661209777463882,0.6731593524368393,25,20,20
12,3979,0.09642142831234699,0.0010745172208554029,0.2296165353479708,0.6728875191188264,25,20,20
12,3980,0.09461047854263649,2.0148583279659053e-05,0.2266743463096067,0.6786950265644732,25,20,20
12,3981,0.1311919833231999,7.155794186977843e-06,0.190874046355995,0.677926814526617,25,20,20
12,3982,0.1621966855696497,7.526226460345243e-06,0.15996615279443555,0.6778296354094551,25,20,20
12,3983,0.166840609932959,0.03871929744808456,0.1306494021740362,0.6637906904449211,25,20,20
12,3984,0.16744032689965593,0.0002883117084813942,0.19338515341546658,0.6388862079763986,25,20,20
12,3985,0.16218455080009825,0.0007856389240955517,0.19482303142976368,0.6422067788460427,25,20,20
12,3986,0.16366849594227711,0.0010987568200538538,0.2016137320788693,0.6336190151587984,25,20,20
12,3987,0.16482141734537387,0.00019650056746527904,0.23687250344534647,0.5981095786418148,25,20,20
12,3988,0.16569140447727193,0.0011806328108659608,0.24905907644221684,0.5840688862696443,25,20,20
12,3989,0.12354254159955273,4.2463136313212233e-05,0.24424702913391796,0.6321679661302175,25,20,20
12,3990,0.12307841330144609,3.5423227631865e-08,0.2377652661189549,0.6391562851563704,25,20,20
12,3991,0.16855632391593608,1.3711024882521353e-06,0.19226070292338038,0.6391816020581933,25,20,20
12,3992,0.2704758207041316,6.877645923606181e-08,0.13010324608588328,0.5994208644335299,25,20,20
12,3993,0.2359419516761743,5.709290603245619e-07,0.12493787507644569,0.6391196023183227,25,20,20
12,3994,0.22113160236222168,7.492130579174973e-07,0.13995392979915658,0.638913718625565,25,20,20
12,3995,0.24418436951817063,6.161096333562181e-07,0.11772651245584577,0.6380885019163499,25,20,20
12,3996,0.246817192405635,8.127751511953929e-07,0.1155595488151606,0.637622446004053,25,20,20
12,3997,0.26867535205575327,1.5121338391983869e-05,0.09321007521179542,0.6380994513940608,25,20,20
12,3998,0.2095569214664496,1.2270562285198438e-07,0.15223615963776632,0.6382067961901633,25,20,20
12,3999,0.23586744943346313,0.00023243215046940609,0.1291622396477906,0.6347378787682788,25,20,20
12,4000,0.2219438288777495,0.00023203979494179066,0.16420511028545662,0.613619021041855,25,20,20
12,4001,0.22950517747197652,0.0011100104525508415,0.1306401068586956,0.6387447052167794,25,20,20
12,4002,0.2390802418777513,2.3392587596876406e-06,0.12186658644449093,0.6390508324189995,25,20,20
12,4003,0.24319369934747054,6.401423099491017e-06,0.11786318342414852,0.6389367158052807,25,20,20
12,4004,0.2541161896748122,0.0002947016402835452,0.11294439702792197,0.6326447116569843,25,20,20
12,4005,0.2149930139903768,0.00937237150819428,0.148079379737756,0.6275552347636747,25,20,20
12,4006,0.26046756936353355,0.009372401538268372,0.10242578406173942,0.6277342450364594,25,20,20
12,4007,0.21555546809321807,0.009392268640676094,0.1824674368898847,0.5925848263762228,25,20,20
12,4008,0.24776038754033852,0.022439701387324942,0.17051382703122667,0.5592860840411141,25,20,20
12,4009,0.21483982831166487,0.04932362774487414,0.1905111192303113,0.5453254247131476,25,20,20
12,4010,0.2650255490397846,0.07987136388415314,0.11054878562245594,0.5445543014536071,25,20,20
12,4011,0.26839733539654315,0.07990074415616853,0.05276966208074223,0.5989322583665465,25,20,20
12,4012,0.26049578943891594,0.07931832480073533,0.0613020516222372,0.5988838341381125,25,20,20
12,4013,0.22257845042005733,0.07817957556070432,0.10076622611700876,0.5984757479022305,25,20,20
12,4014,0.1916635001837139,0.07818428842395034,0.13780280682222298,0.5923494045701141,25,20,20
12,4015,0.15985924350557243,0.03450343579768252,0.20993374057510927,0.5957035801216353,25,20,20
12,4016,0.16163266401491683,0.049966939410691504,0.19435013147672875,0.5940502650976638,25,20,20
12,4017,0.1835500865521367,0.07821908384013819,0.14501512895280874,0.593215700654916,25,20,20
12,4018,0.16366390486710766,0.07762207674331034,0.15920898508932427,0.5995050333002622,25,20,20
12,4019,0.11274784571645335,0.0780810631274408,0.21007497843798428,0.5990961127181194,25,20,20
12,4020,0.133850561972837,0.07808596090644851,0.1636326090527577,0.6244308680679563,25,20,20
12,4021,0.19463751376301613,0.040326480442390435,0.14121166717414635,0.6238243386204474,25,20,20
12,4022,0.21145787220628418,0.03994207080347652,0.11101461217879471,0.6375854448114442,25,20,20
12,4023,0.20715531443023008,0.039943167428767565,0.13139943492579936,0.6215020832152036,25,20,20
12,4024,0.17239305502804425,0.039963944605197976,0.18176070306014552,0.6058822973066138,25,20,20
12,4025,0.17181399729755525,0.03995481650777086,0.14935387590409857,0.6388773102905771,25,20,20
12,4026,0.1576376598203196,0.03836268742270017,0.1647806720763703,0.6392189806806111,25,20,20
12,4027,0.19656952729060287,0.03822813576516694,0.13990482671251503,0.6252975102317181,25,20,20
12,4028,0.18283108653844368,0.038252121164025,0.1368681156633273,0.6420486766342056,25,20,20
12,4029,0.18641319387145228,0.038226978660740527,0.1330645327324247,0.6422952947353862,25,20,20
12,4030,0.2328057729960029,0.03995066817962569,0.09561437130882823,0.6316291875155438,25,20,20
12,4031,0.1530748086095442,0.03995065499903133,0.16828617625581965,0.6386883601356033,25,20,20
12,4032,0.15630569564217847,0.014186979516836309,0.19087303825278723,0.6386342865881982,25,20,20
12,4033,0.15361201874383354,0.014163934272820493,0.19272075834929026,0.6395032886340585,25,20,20
12,4034,0.18113920498613806,0.014939723710333109,0.1648499621948534,0.6390711091086768,25,20,20
12,4035,0.23415982850003636,0.04075271034340045,0.08712004468952463,0.6379674164670391,25,20,20
12,4036,0.14156096664190213,0.04075382429863809,0.17656402830663023,0.6411211807528293,25,20,20
12,4037,0.2271379157913509,0.04062741146646094,0.09794079111104663,0.6342938816311416,25,20,20
12,4038,0.21838384374298503,0.03992425012086401,0.11366117666002651,0.6280307294761237,25,20,20
12,4039,0.18060886499294054,0.03996301334051622,0.14580312705553494,0.6336249946110096,25,20,20
12,4040,0.1840919922526273,0.024132310239786167,0.15256833952599444,0.6392073579815917,25,20,20
12,4041,0.12828995115391317,0.024132567319125723,0.2084347046906956,0.639142776836266,25,20,20
12,4042,0.1536317404098599,0.024132560942336834,0.18358905187537375,0.6386466467724303,25,20,20
12,4043,0.19353029321537377,0.039927729462451225,0.08744638910732018,0.6790955882148539,25,20,20
12,4044,0.22559719972881848,0.03992790094503547,0.055600270150583234,0.678874629175562,25,20,20
12,4045,0.2169242104939711,0.03827187907229175,0.0657009211087498,0.679102989324986,25,20,20
12,4046,0.23535866823623963,0.07680276831492634,0.00874380911137127,0.6790947543374621,25,20,20
12,4047,0.24026013377175,0.07848838856977981,0.0021537000384633537,0.6790977776200066,25,20,20
12,4048,0.23460293468747398,0.07985432508262305,0.015784517799378953,0.6697582224305237,25,20,20
12,4049,0.1732482440193345,0.07991987922918597,0.07398163716598023,0.6728502395854997,25,20,20
12,4050,0.15194771920870756,0.07748092820254732,0.09043030577648146,0.6801410468122646,25,20,20
12,4051,0.23978018918125416,0.049852633481005666,0.03173018745903365,0.678636989878706,25,20,20
12,4052,0.23941184428885226,0.049852680731426756,0.031467232068110515,0.6792682429116101,25,20,20
12,4053,0.2374085525947515,0.051104068841057976,0.04669791354283151,0.6647894650213593,25,20,20
12,4054,0.20005638749114657,0.0798853959906605,0.04126028467442007,0.6787979318437732,25,20,20
12,4055,0.19087894778229958,0.0399295160412179,0.09061104106716289,0.67858049510932,25,20,20
12,4056,0.18538093394520921,0.039928347402446655,0.09555533728171238,0.6791353813706336,25,20,20
12,4057,0.14973167324456393,0.03991425093845911,0.1053803628968315,0.7049737129201464,25,20,20
12,4058,0.16134426967987917,0.03991460132695872,0.08662336157909678,0.7121177674140675,25,20,20
12,4059,0.13357507038843056,0.038227073566290785,0.15956080611839185,0.6686370499268881,25,20,20
12,4060,0.15099564819524275,0.0399777673702512,0.13584311502936253,0.6731834694051454,25,20,20
12,4061,0.10548651853129236,0.05193030559806308,0.16854367363921724,0.6740395022314288,25,20,20
12,4062,0.20072014054172693,0.04998484711749184,0.0768166977244876,0.6724783146162939,25,20,20
12,4063,0.155023838097197,0.04998562809729192,0.1155132217699623,0.6794773120355496,25,20,20
12,4064,0.15481087794178083,0.06443127345330035,0.10138375660192167,0.6793740920029973,25,20,20
12,4065,0.1616820349049237,0.0407098034071361,0.12928907124129918,0.6683190904466426,25,20,20
12,4066,0.15444741186345579,0.039963315616973166,0.12656250413756498,0.6790267683820076,25,20,20
12,4067,0.2047228239532008,0.039963373334446564,0.09161338052042893,0.6637004221919273,25,20,20
12,4068,0.18869400064683223,0.039819419998080446,0.10941502699838063,0.66207155235671,25,20,20
12,4069,0.20292612298481888,0.04034139787541226,0.10680622862410251,0.6499262505156683,25,20,20
12,4070,0.25731269645535615,0.038337440038242826,0.048017391333394055,0.6563324721730076,25,20,20
12,4071,0.2195045963592022,0.02120536230272656,0.09288069128854365,0.66640935004953,25,20,20
12,4072,0.1928129158344011,0.03993215610811525,0.09275117026860187,0.6745037577888824,25,20,20
12,4073,0.19526507678412888,0.03993215030471917,0.0865363091446027,0.6782664637665499,25,20,20
12,4074,0.19979338245370426,0.03993141586214559,0.08190515234493852,0.6783700493392133,25,20,20
12,4075,0.16460038516418,0.03997067118460797,0.12250692598043843,0.6729220176707734,25,20,20
12,4076,0.14366346105967367,0.0389420914029133,0.14338908773356926,0.6740053598038466,25,20,20
12,4077,0.16315081135066578,0.03951806869331238,0.12094650840445403,0.6763846115515669,25,20,20
12,4078,0.153958579769008,0.03873092091440415,0.12930764761389527,0.6780028517026926,25,20,20
12,4079,0.11984715687671384,0.011217186843593583,0.1902630742339336,0.6786725820457628,25,20,20
12,4080,0.1305495492126571,0.02120390919600385,0.17755500690717532,0.6706915346841674,25,20,20
12,4081,0.1298745061962023,0.021204037411799277,0.1693599123946347,0.6795615439973642,25,20,20
12,4082,0.13542422748082725,0.0399718130321356,0.15833484530785882,0.6662691141791806,25,20,20
12,4083,0.135281468683434,0.03953633409158,0.13797597160768604,0.6872062256173004,25,20,20
12,4084,0.17108517919993319,0.039944739389468756,0.1011198784461273,0.687850202964471,25,20,20
12,4085,0.16451786331091425,0.039946729781620116,0.12995045866542218,0.6655849482420438,25,20,20
12,4086,0.15069749804242255,0.03994319172282183,0.13460717295049107,0.6747521372842665,25,20,20
12,4087,0.1606793872187356,0.03824180871588814,0.16962711489696672,0.6314516891684109,25,20,20
12,4088,0.16073724156117308,0.0382404067651094,0.16180105689375415,0.6392212947799666,25,20,20
12,4089,0.11333307640326586,0.038242161812792025,0.18932527937265056,0.6590994824112919,25,20,20
12,4090,0.08999415324139998,0.0008759666295137093,0.19471280078489228,0.7144170793441941,25,20,20
12,4091,0.07621797119239976,0.00030777706230340003,0.202753049028471,0.7207212027168272,25,20,20
12,4092,0.08022346398793997,0.021465960619599503,0.17921618630010813,0.7190943890923542,25,20,20
12,4093,0.15734607466055237,0.0382289893039611,0.0868738483404799,0.7175510876950071,25,20,20
12,4094,0.15081149727185766,0.04044580603537206,0.0897766045094845,0.7189660921832841,25,20,20
12,4095,0.13661171695538551,0.04081290636345538,0.11458352751155011,0.7079918491696106,25,20,20
12,4096,0.12435802343203438,0.04023063562807549,0.12739679794052822,0.7080145429993635,25,20,20
12,4097,0.0762292074280008,0.04023090303904127,0.16423569956186856,0.719304189971088,25,20,20
12,4098,0.0920015909739083,0.040230899371024975,0.1483469424244759,0.7194205672305904,25,20,20
12,4099,0.13007265852900496,0.03935653780033777,0.12511730044207633,0.7054535032285847,25,20,20
12,4100,0.19501516911094743,0.03997053515329096,0.053178252955385454,0.7118360427803758,25,20,20
12,4101,0.22385078791616478,0.0399705443510968,0.031151769841942026,0.7050268978907961,25,20,20
12,4102,0.2246823642809564,0.039948988454164246,0.016143364302218,0.7192252829626612,25,20,20
12,4103,0.23184350887950264,0.03997238336845867,0.04875340477310026,0.6794307029789378,25,20,20
12,4104,0.21769321983120563,0.039972384444806934,0.06389076490302993,0.6784436308209568,25,20,20
12,4105,0.2311914716278061,0.03826313403157204,0.052930429648319836,0.677614964692302,25,20,20
12,4106,0.19294675983379847,0.03999442660800743,0.08849807928050009,0.6785607342776943,25,20,20
12,4107,0.16090886971388318,0.03993623724766743,0.1203297735451053,0.6788251194933452,25,20,20
12,4108,0.16020567838097968,0.039983626510639095,0.1203690316358616,0.6794416634725201,25,20,20
12,4109,0.16268666357032616,0.03998340433860852,0.11766698092875907,0.6796629511623052,25,20,20
12,4110,0.16406006020163028,0.001102152735253861,0.15604733867040121,0.6787904483927188,25,20,20
12,4111,0.17940047511232307,0.0001099943092301025,0.14219165851016466,0.6782978720682838,25,20,20
12,4112,0.13459695400651062,2.068864697133819e-05,0.187704803519083,0.6776775538274378,25,20,20
12,4113,0.12830751895625672,0.010239981724807619,0.18294129676202533,0.6785112025569116,25,20,20
12,4114,0.14923811985217514,0.010222274853734128,0.16104086563944708,0.679498739654644,25,20,20
12,4115,0.21774809216762603,0.039954877197294646,0.06375660610872746,0.6785404245263519,25,20,20
12,4116,0.19524494867095105,0.0010713768325263204,0.1348454348184365,0.6688382396780886,25,20,20
12,4117,0.2034643190926516,1.118785809842682e-06,0.1235334143890963,0.6730011477324439,25,20,20
12,4118,0.2190875486468041,6.757613249336773e-07,0.12163746606592901,0.6592743095259413,25,20,20
12,4119,0.1772631443324554,2.6753582788928907e-07,0.132472005453512,0.6902645826782066,25,20,20
12,4120,0.22020830354992768,5.343625523993706e-07,0.06149458325257916,0.7182965788349407,25,20,20
12,4121,0.19743803334732526,1.0326872121976674e-05,0.0856290650066442,0.7169225747739081,25,20,20
12,4122,0.19214538605311357,7.5302451090681035e-06,0.08930986192924413,0.7185372217725334,25,20,20
12,4123,0.13150357579525276,1.4866361943149949e-05,0.14957514638122252,0.7189064114615844,25,20,20
12,4124,0.0608806566871693,0.00040121313238004446,0.2236151302619926,0.7151029999184573,25,20,20
12,4125,0.1436862248451748,1.6745941387566736e-05,0.14918640758887558,0.7071106216245666,25,20,20
12,4126,0.16839052860474438,2.8762506867862447e-07,0.11197425689657385,0.7196349268736167,25,20,20
12,4127,0.14950370873276045,3.1773541374707556e-07,0.12974221394931604,0.7207537595825125,25,20,20
12,4128,0.14141466622745907,7.964612877574084e-07,0.13963750024946903,0.7189470370617884,25,20,20
12,4129,0.16529720257436448,2.987769895695031e-07,0.12711974607946788,0.7075827525691786,25,20,20
12,4130,0.16147385448137988,0.00010397889797676333,0.14544797137658783,0.6929741952440586,25,20,20
12,4131,0.16513471028408347,0.00010398126699367937,0.12807503426574254,0.70668627418318,25,20,20
12,4132,0.13892880643325195,1.8713323739609688e-06,0.1540036609853197,0.7070656612490551,25,20,20
12,4133,0.18673324751580694,3.979546234388863e-06,0.0945572971852559,0.7187054757527038,25,20,20
12,4134,0.17560701617639393,1.7830047713374678e-07,0.08362678266294249,0.7407660228601882,25,20,20
12,4135,0.10295118914170477,2.174805670608663e-07,0.1496447640073238,0.7474038293704061,25,20,20
12,4136,0.12825379426534123,3.660981094780458e-08,0.14191702489705338,0.7298291442277954,25,20,20
12,4137,0.12882268157469112,4.1573000861233797e-08,0.11905892928144413,0.7521183475708638,25,20,20
12,4138,0.14967619356828765,1.782487516708503e-08,0.09739182124677855,0.7529319673600576,25,20,20
12,4139,0.14417512906672614,4.526453001864233e-08,0.09215700618818295,0.7636678194805601,25,20,20
12,4140,0.15765245086664417,8.42889057338527e-05,0.07837195027783253,0.7638913099497893,25,20,20
12,4141,0.1186880640856904,8.455968723825582e-05,0.12228881743368562,0.7589385587933869,25,20,20
12,4142,0.12449276961428625,1.4218523329215031e-09,0.11727151629653834,0.7582357126673243,25,20,20
12,4143,0.11528894275680132,2.8767002295814573e-08,0.12582504452445917,0.7588859839517369,25,20,20
12,4144,0.06654285648449851,2.9509333395042012e-08,0.143969384783193,0.7894877292229792,25,20,20
12,4145,0.0716773542661021,3.3777371034144014e-05,0.1292285906405326,0.7990602777223325,25,20,20
12,4146,0.0929974765066996,6.843573749936856e-05,0.10926750762813464,0.7976665801276688,25,20,20
12,4147,0.047267068513749,0.00042726672846870787,0.15942509389107157,0.7928805708667142,25,20,20
12,4148,0.05300578244028345,8.013628227085958e-05,0.189505347438082,0.7574087338393677,25,20,20
12,4149,0.11589352128332507,1.9691833485330052e-05,0.12680435316620192,0.7572824337169921,25,20,20
12,4150,0.11587531897107402,1.9940542957301073e-05,0.1749485740013086,0.7091561664846615,25,20,20
12,4151,0.09868754411025656,2.0429992031655953e-05,0.1885722156617415,0.7127198102359732,25,20,20
12,4152,0.11856573608964265,1.956350283357178e-05,0.12844749233322175,0.7529672080743037,25,20,20
12,4153,0.0814570030187905,9.745090602016511e-05,0.16623872468407225,0.7522068213911197,25,20,20
12,4154,0.09479901303400938,3.860917782199383e-05,0.11578435113034322,0.7893780266578271,25,20,20
12,4155,0.11542557528065993,1.754798844654057e-07,0.11066910208863252,0.7739051471508245,25,20,20
12,4156,0.13074649862537746,7.080778439767015e-09,0.08418934731743288,0.7850641469764102,25,20,20
12,4157,0.13691229412986108,6.814895895767084e-05,0.10393202460912247,0.7590875323020592,25,20,20
12,4158,0.17929436636043888,2.403083072503384e-08,0.06823957312047212,0.7524660364882589,25,20,20
12,4159,0.19069212577135464,5.229578085147207e-08,0.09062894328570913,0.718678878647155,25,20,20
12,4160,0.17449213798801952,3.862738713184956e-08,0.10648732644703676,0.7190204969375573,25,20,20
12,4161,0.22180957246682834,6.479329864109002e-09,0.06645116193985776,0.7117392591139837,25,20,20
12,4162,0.19693412204168226,5.612124808803717e-07,0.06347852068134832,0.7395867960644893,25,20,20
12,4163,0.22655668202190063,1.114188269490803e-06,0.06938280957974347,0.7040593942100876,25,20,20
12,4164,0.15867690361173378,1.2255914842831927e-06,0.12341550054536864,0.7179063702514129,25,20,20
12,4165,0.14313689200196444,5.091406859746683e-05,0.09209322484987387,0.7647189690795659,25,20,20
12,4166,0.15958931066719192,2.549475859876933e-05,0.11691788270761957,0.7234673118665917,25,20,20
12,4167,0.13181116718725286,5.627057356836986e-05,0.15152057837954336,0.7166119838596391,25,20,20
12,4168,0.07639206460397638,5.028841839695101e-05,0.2468244628854372,0.6767331840921894,25,20,20
12,4169,0.07684282708596657,5.0298616081693025e-05,0.27989737349170235,0.643209500806249,25,20,20
12,4170,0.12191848502936285,6.39872523059203e-07,0.23816946778023482,0.6399114073178775,25,20,20
12,4171,0.13348771167016962,0.0010828488294746905,0.22548729103099074,0.639942148469365,25,20,20
12,4172,0.13408121787220273,0.0002726360746066063,0.22556027415525318,0.6400858718979375,25,20,20
12,4173,0.12962014855400178,0.00027222879954591646,0.230186237457438,0.6399213851890151,25,20,20
12,4174,0.11588400443716429,1.5013695148502194e-07,0.24183822930309237,0.6422776161227916,25,20,20
12,4175,0.18184091576402306,6.284713996425872e-05,0.18359496892150723,0.6345012681745081,25,20,20
12,4176,0.1942374572359183,0.039425967900303616,0.12902764677075165,0.6373089280930312,25,20,20
12,4177,0.17281144453970376,0.03998621296834744,0.1502527825531526,0.6369495599387969,25,20,20
12,4178,0.17565156915732255,0.03737070467369669,0.14895281816058972,0.6380249080083937,25,20,20
12,4179,0.2066443190196815,0.037370683193593095,0.13863039316383666,0.6173546046228917,25,20,20
12,4180,0.26624068577111215,0.03736043557878888,0.058309559953723715,0.6380893186963754,25,20,20
12,4181,0.2554262062078607,0.020094892843318984,0.08570195945033907,0.6387769414984826,25,20,20
12,4182,0.22750810599237428,0.020102060566035,0.11587250669879784,0.6365173267427948,25,20,20
12,4183,0.24637870017285254,0.03996217352996179,0.07675720513396789,0.6369019211632182,25,20,20
12,4184,0.17165553145675294,0.03873420235300195,0.1523294853068643,0.6372807808833825,25,20,20
12,4185,0.17597239294536846,0.021107239412540203,0.16821474235924921,0.6347056252828429,25,20,20
12,4186,0.24113795245416253,0.03950677550960671,0.06830552236172131,0.6510497496745096,25,20,20
12,4187,0.1949832946934126,0.0211017580756412,0.08349874851378651,0.7004161987171608,25,20,20
12,4188,0.19867470902347958,0.03825983244652668,0.0440607360349328,0.7190047224950608,25,20,20
12,4189,0.16385690540578196,0.03826108808399475,0.07904062043972833,0.718841386070495,25,20,20
12,4190,0.16558176719511933,0.039910837398483716,0.07566691128716936,0.7188404841192275,25,20,20
12,4191,0.2003848237225683,0.038246708277174024,0.007653858315466978,0.7537146096847898,25,20,20
12,4192,0.20019804932981508,0.03872590197556513,0.006497174803132595,0.7545788738914863,25,20,20
12,4193,0.19252987165108845,0.022981238057849494,0.03071318447043788,0.753775705820624,25,20,20
12,4194,0.1921958947511642,0.022981639579376708,0.033529695900579935,0.7512927697688784,25,20,20
12,4195,0.1917033232254466,0.03871057115010921,0.011210619825976978,0.7583754857984677,25,20,20
12,4196,0.15203159289641466,0.038710539804260244,0.020954103692199993,0.7883037636071252,25,20,20
12,4197,0.11513698753540355,0.038252239588249505,0.047565099111257544,0.7990456737650891,25,20,20
12,4198,0.12107012217199045,0.03825201537916019,0.04172170723605736,0.798956155212791,25,20,20
12,4199,0.06870003723989355,0.011209701707409427,0.15830149829117704,0.7617887627615239,25,20,20
12,4200,0.08091893864054744,0.011209670253480526,0.1491790835135023,0.7586923075924704,25,20,20
12,4201,0.11539161630257086,0.0399484035326283,0.08892045726909444,0.7557395228957067,25,20,20
12,4202,0.1221146251728363,0.038452005630770246,0.08341260794503093,0.7560207612513626,25,20,20
12,4203,0.11967640252340607,0.011231545638690093,0.11642527022150118,0.7526667816164034,25,20,20
12,4204,0.12038270609136172,0.01123154554264125,0.11830457247018497,0.7500811758958121,25,20,20
12,4205,0.12032853936907918,0.03873317390683512,0.09632649656009212,0.7446117901639931,25,20,20
12,4206,0.16344183313644364,0.03873317984432877,0.05267252101546165,0.7451524660037656,25,20,20
12,4207,0.14825283931778532,0.03873388122604811,0.10864594175986836,0.7043673376963006,25,20,20
12,4208,0.15643032183331132,0.03873351470530633,0.12200958044983895,0.6828265830115471,25,20,20
12,4209,0.1527910917249306,0.03994524190404233,0.12565555112693289,0.6816081152440967,25,20,20
12,4210,0.11993293904467571,0.03994664487817966,0.16565181165023934,0.674468604426905,25,20,20
12,4211,0.16001469011516498,0.036510735444092515,0.1307085579528778,0.672766016487867,25,20,20
12,4212,0.19302114740425136,0.03649670329658121,0.058588237750786656,0.7118939115483817,25,20,20
12,4213,0.12341855883093233,0.03677819699103925,0.09179176705287295,0.7480114771251566,25,20,20
12,4214,0.08850334653732307,0.03994214156497742,0.08410815540053436,0.7874463564971653,25,20,20
12,4215,0.09701723484579201,0.0399443677058286,0.06391237550906291,0.7991260219393165,25,20,20
12,4216,0.09974286652581565,0.03936703661167154,0.06296134139446696,0.7979287554680446,25,20,20
12,4217,0.08207794721267783,0.039367133960545864,0.0806191562924022,0.7979357625343749,25,20,20
12,4218,0.04890559293893161,0.03872883073879882,0.11933152510776195,0.7930340512145098,25,20,20
12,4219,0.06691599017408517,0.03995993228266214,0.09527264152320282,0.7978514360200504,25,20,20
12,4220,0.08062273231788965,0.02122910739529888,0.11716354485822449,0.780984615428589,25,20,20
12,4221,0.06552533671557198,0.03993064919299148,0.10773713167173626,0.7868068824197028,25,20,20
12,4222,0.09126891116229904,0.03993064886499719,0.07518036463585814,0.7936200753368451,25,20,20
12,4223,0.08051686470706258,0.024180062908309832,0.09585351370294262,0.7994495586816868,25,20,20
12,4224,0.05036420900639874,0.03870474307210321,0.11244150541086634,0.7984895425106329,25,20,20
12,4225,0.03531781427230621,0.03870469599523438,0.1459513022674255,0.7800261874650342,25,20,20
12,4226,0.11473514479404628,0.03992519285913177,0.046565426599469134,0.7987742357473521,25,20,20
12,4227,0.13213046911509863,0.03871764897808263,0.03671636097313856,0.7924355209336806,25,20,20
12,4228,0.14596087329530882,0.03997096519746244,0.030985961819021544,0.7830821996882065,25,20,20
12,4229,0.15269576934485918,0.039976749368787076,0.01776489057548355,0.7895625907108692,25,20,20
12,4230,0.09627299081736802,0.0400187828990653,0.10640050508581414,0.7573077211977547,25,20,20
12,4231,0.09584120630627858,0.03906645244908122,0.1381359086234504,0.726956432621192,25,20,20
12,4232,0.11950234981349413,0.03998960209280785,0.08689921152075182,0.7536088365729475,25,20,20
12,4233,0.07748954313264608,0.03996899419807908,0.13339644186608773,0.7491450208031886,25,20,20
12,4234,0.09163665087958435,0.04036997531433058,0.10989610440133803,0.7580972694047478,25,20,20
12,4235,0.07555722040369617,0.03992645625953237,0.0939070643527497,0.7906092589840243,25,20,20
12,4236,0.08613148844576349,0.039926210202718276,0.09005682203207342,0.7838854793194459,25,20,20
12,4237,0.10805513738052412,0.03954097130386263,0.05426926951264089,0.7981346218029718,25,20,20
12,4238,0.11856389501222755,0.03954136491795171,0.049697525312529287,0.7921972147572914,25,20,20
12,4239,0.11863470386212548,0.03994054076942771,0.048952371918375315,0.7924723834500718,25,20,20
12,4240,0.08848986915852208,0.03994026519857939,0.07856852513451529,0.7930013405083837,25,20,20
12,4241,0.11954344886317848,0.03994017269978883,0.05425531180207603,0.7862610666349567,25,20,20
12,4242,0.12245470295775329,0.039940134519991476,0.041405916750402526,0.7961992457718513,25,20,20
12,4243,0.07148616546856877,0.039965026838686885,0.08854470801039825,0.8000040996823479,25,20,20
12,4244,0.08254483989312865,0.039957626399173024,0.0827840508711332,0.7947134828365696,25,20,20
12,4245,0.04181324587591196,0.079105121177779,0.0930163678321647,0.7860652651141479,25,20,20
12,4246,0.04205719230593418,0.05985094270792875,0.09407688963546543,0.8040149753506722,25,20,20
12,4247,0.04257284540589541,0.04260374896156413,0.15070610039991078,0.7641173052326322,25,20,20
12,4248,0.012388813418477657,0.03865940028897606,0.19000379987292754,0.7589479864196194,25,20,20
12,4249,0.042811754981276116,0.03821083888854434,0.155218170149408,0.7637592359807716,25,20,20
12,4250,0.04859930670556634,3.593415185595622e-05,0.19221969557333465,0.7591450635692462,25,20,20
12,4251,0.04894318349846937,2.2075956198579783e-05,0.18830888177289196,0.7627258587724411,25,20,20
12,4252,0.07913222227403272,5.809448927969212e-08,0.16171452110533543,0.7591531985261409,25,20,20
12,4253,0.08253615157348416,3.623766399879668e-08,0.15378221718695884,0.763681595001895,25,20,20
12,4254,0.11131098118443326,1.1758724485354464e-06,0.1251327499409948,0.7635550930021243,25,20,20
12,4255,0.104301198697951,8.332093359030448e-08,0.1051422692868043,0.7905564486943135,25,20,20
12,4256,0.13734435150425275,2.768521835832134e-07,0.056348136638016216,0.8063072350055477,25,20,20
12,4257,0.18932397899382017,2.7359656414414404e-07,0.01194428348685352,0.7987314639227623,25,20,20
12,4258,0.1949061819095039,1.2064615791966436e-08,0.02817946537642222,0.7769143406494575,25,20,20
12,4259,0.1517784910053477,1.6066633912409843e-06,0.060507611607103336,0.787712290724156,25,20,20
12,4260,0.15324204586220616,3.646017048416887e-08,0.04813703635074347,0.7986208813268787,25,20,20
12,4261,0.1479687364007777,3.98117848514867e-08,0.05351621408588882,0.7985150097015477,25,20,20
12,4262,0.15875560341955874,5.503653194344528e-08,0.0472940603114119,0.7939502812324961,25,20,20
12,4263,0.13555126035928866,1.0267860240778781e-07,0.06518859171836276,0.799260045243745,25,20,20
12,4264,0.1858697524891296,3.627268676137977e-08,0.032402435164168346,0.7817277760740149,25,20,20
12,4265,0.15606026757565084,2.6817803275866384e-05,0.047932236410666844,0.7959806782104062,25,20,20
12,4266,0.19249226047799295,2.2209692991496757e-07,0.048898131307221614,0.7586093861178543,25,20,20
12,4267,0.12514133588977827,2.262830474034402e-07,0.12259569266389665,0.7522627451632781,25,20,20
12,4268,0.15441073230003885,1.5351404539481874e-07,0.08301555174971766,0.7625735624361977,25,20,20
12,4269,0.16430640331629767,1.641104170379484e-08,0.07676564531053186,0.7589279349621282,25,20,20
12,4270,0.17315426958423405,5.97270105490941e-09,0.07379077746294521,0.7530549469801185,25,20,20
12,4271,0.19138531181942967,1.0475181103745886e-06,0.04927057106551268,0.7593430695969466,25,20,20
12,4272,0.1699398522456029,1.4836395588799934e-05,0.08638394829073846,0.7436613630680722,25,20,20
12,4273,0.13154264204272764,1.4835255550334338e-05,0.1400357210652791,0.7284068016364442,25,20,20
12,4274,0.16141854858066765,6.448692184328314e-07,0.08653941712077935,0.7520413894293366,25,20,20
12,4275,0.11906808935009003,2.537726015244769e-05,0.15162958163271664,0.729276951757042,25,20,20
12,4276,0.11933661011923957,1.3864686049888612e-05,0.1233190764165115,0.7573304487782009,25,20,20
12,4277,0.16168250222283775,1.3481035633373127e-05,0.08545079770489808,0.7528532190366312,25,20,20
12,4278,0.15086462259498867,2.8730529059451604e-05,0.07795901863689221,0.7711476282390589,25,20,20
12,4279,0.11765065738482085,1.0228666297974757e-08,0.0954420995428121,0.7869072328437015,25,20,20
12,4280,0.1078593115190704,1.8777822526424727e-08,0.08522993799122838,0.8069107317118777,25,20,20
12,4281,0.12359142601321257,5.264426939369758e-07,0.08818181761628004,0.7882262299278117,25,20,20
12,4282,0.12058717834152664,5.3283155686394765e-09,0.13232698856264175,0.7470858277675195,25,20,20
12,4283,0.09201649123387921,1.5399533835939328e-06,0.14968937425863632,0.7582925945541032,25,20,20
12,4284,0.09328892816798678,2.3594818356689375e-08,0.14455853773251948,0.762152510504675,25,20,20
12,4285,0.12330642950579059,2.326327781716664e-08,0.12089692156583844,0.7557966256650941,25,20,20
12,4286,0.10913852239415192,4.3996948378435613e-07,0.13201705465399552,0.758843982982371,25,20,20
12,4287,0.16160417950428976,4.5027682758928476e-05,0.10760220774757885,0.7307485850653727,25,20,20
12,4288,0.18854226845920585,6.349284150547355e-08,0.07983403137152942,0.7316236366764229,25,20,20
12,4289,0.19518756064685633,2.070434618348816e-06,0.08573044849017114,0.7190799204283587,25,20,20
12,4290,0.22551759367344254,1.9492445835065232e-05,0.058098629024018446,0.7163642848567027,25,20,20
12,4291,0.2333775584079741,1.3954305355642263e-05,0.04907908712624959,0.7175294001604189,25,20,20
12,4292,0.20641822984115635,1.4438208155472768e-07,0.03642050003668171,0.7571611257400808,25,20,20
12,4293,0.1872751618888834,1.948194778508167e-08,0.10791696847346603,0.704807850155707,25,20,20
12,4294,0.1874250385549193,2.1699293122594748e-06,0.1072769949463415,0.7052957965694283,25,20,20
12,4295,0.17756989960227196,1.2110029148311944e-05,0.1560121555221296,0.6664058348464528,25,20,20
12,4296,0.1992075042043987,6.9808257200228625e-06,0.11854711326911894,0.6822384017007636,25,20,20
12,4297,0.1984325241072707,7.031147896378133e-06,0.1268062028958354,0.6747542418489999,25,20,20
12,4298,0.2384866473300992,2.919148913520151e-07,0.09481980997556833,0.6666932507794443,25,20,20
12,4299,0.23626647331260783,3.0098792007859436e-07,0.08787160247415152,0.6758616232253241,25,20,20
12,4300,0.23116931930921475,2.8435383096867673e-05,0.08956870974465872,0.6792335355630301,25,20,20
12,4301,0.23033779885659725,1.846402283587684e-08,0.12672421495860917,0.642937967720771,25,20,20
12,4302,0.30877682797652983,1.2223705755375241e-05,0.06896121332699764,0.6222497349907171,25,20,20
12,4303,0.2780268645532121,3.466435012439544e-08,0.08856795605835074,0.633405144724086,25,20,20
12,4304,0.23561223222175165,5.218644818492295e-08,0.12058687113839837,0.6438008444534036,25,20,20
12,4305,0.21029388440758245,7.094475758890251e-08,0.12551072153221018,0.6641953231154503,25,20,20
12,4306,0.21861113542262284,3.531592311565444e-07,0.10762489774992408,0.6737636136682218,25,20,20
12,4307,0.228103391102247,3.88446306386722e-08,0.09244010641383882,0.6794564636392844,25,20,20
12,4308,0.21049351972761643,1.1570046834082424e-08,0.12456917275495026,0.6649372959473868,25,20,20
12,4309,0.23989471329473472,4.4029419323033625e-08,0.09933168336206485,0.6607735593137817,25,20,20
12,4310,0.21764637889525923,3.877893361599349e-08,0.10554384149334917,0.6768097408324585,25,20,20
12,4311,0.23451421258271893,1.8913279964697326e-09,0.08642789057424025,0.6790578949517142,25,20,20
12,4312,0.23415018027366902,1.803914511912553e-10,0.10304593471376818,0.6628038848321718,25,20,20
12,4313,0.23640334030945745,8.856912717732071e-06,0.11079574091506268,0.6527920618627647,25,20,20
12,4314,0.1860053656990229,2.5604165584535167e-07,0.1717487753483873,0.6422456029109346,25,20,20
12,4315,0.2267671359255955,1.597311069525081e-07,0.13435783645637037,0.6388748678869293,25,20,20
12,4316,0.19478688735450958,1.265245433757715e-06,0.20256237653741757,0.6026494708626376,25,20,20
12,4317,0.1998384024662338,0.0003261491086980504,0.19590907186542908,0.6039263765596392,25,20,20
12,4318,0.2737415495420508,0.00034344095836703924,0.12530604665398998,0.6006089628455943,25,20,20
12,4319,0.25090435113781034,0.0011167419082810126,0.14714750703418364,0.6008313999197267,25,20,20
12,4320,0.2180199468501933,0.0007342119080017349,0.2002514040018892,0.580994437239914,25,20,20
12,4321,0.18075480638787064,3.0281815228408885e-05,0.21679115543757785,0.6024237563593237,25,20,20
12,4322,0.19672470352606347,4.402308753578243e-05,0.20030411695793632,0.6029271564284647,25,20,20
12,4323,0.2245472136665723,1.4594516517132646e-06,0.16228890926285122,0.6131624176189244,25,20,20
12,4324,0.1849924115149425,0.0010928113214505656,0.13962169454037107,0.6742930826232376,25,20,20
12,4325,0.1968163075302204,0.0013060250255192817,0.12773120440852423,0.674146463035737,25,20,20
12,4326,0.22013475217805645,1.4143558335466533e-05,0.10076060266494417,0.6790905015986656,25,20,20
12,4327,0.16049531785396337,1.4984252033022386e-05,0.16604848194326371,0.6734412159507391,25,20,20
12,4328,0.15253574820473476,1.539741185878987e-05,0.17630290435793008,0.6711459500254757,25,20,20
12,4329,0.15478439629998403,9.747993966906515e-07,0.17417430028049108,0.6710403286201292,25,20,20
12,4330,0.15259406115909255,0.03990956531753643,0.08859852406668008,0.7188978494566929,25,20,20
12,4331,0.15737054240749704,0.03990991094741043,0.09990586317894491,0.7028136834661504,25,20,20
12,4332,0.16129913440372692,0.03992196289709553,0.05189665655556739,0.7468822461436099,25,20,20
12,4333,0.1761398648450454,0.0399171433444601,0.052315343051078544,0.7316276487594158,25,20,20
12,4334,0.13908131167300636,0.03991714461108267,0.07891142622810755,0.7420901174878033,25,20,20
12,4335,0.09440613461647528,2.0216169753424612e-07,0.14763692548131982,0.7579567377405104,25,20,20
12,4336,0.11212068989387763,0.003328984823118886,0.1310892394190256,0.7534610858639817,25,20,20
12,4337,0.13081401196285886,0.0033343023477283183,0.11313409287433497,0.7527175928150772,25,20,20
12,4338,0.14354117616661527,1.9819103199660873e-07,0.09871615454245275,0.7577424710999014,25,20,20
12,4339,0.14021924599572808,3.654529805691808e-07,0.08606212770855678,0.773718260842735,25,20,20
12,4340,0.15073174712845186,3.7340687082485835e-08,0.08619006071325322,0.7630781548176114,25,20,20
12,4341,0.15379376740119474,5.257523718786e-07,0.09473772034255243,0.7514679865038869,25,20,20
12,4342,0.1831142760414773,6.111880922875464e-07,0.05819291689930765,0.758692195871123,25,20,20
12,4343,0.15654032864411765,2.4213034699488278e-05,0.08403767554099748,0.7593977827801855,25,20,20
12,4344,0.12647957502128346,1.2962785635075832e-08,0.11474125827393226,0.7587791537420023,25,20,20
12,4345,0.11775256292222386,1.6078347901798497e-06,0.12309827584026233,0.7591475534027261,25,20,20
12,4346,0.1314101479243948,3.674689304442576e-06,0.10905350294043618,0.7595326744458675,25,20,20
12,4347,0.1255008936352026,3.7098610389191385e-06,0.1124247204840956,0.7620706760196638,25,20,20
12,4348,0.10651083475810968,3.4629647642257375e-06,0.11399448273242825,0.779491219544697,25,20,20
12,4349,0.16411784971297103,1.229434643105724e-06,0.06086707923357132,0.7750138416188128,25,20,20
12,4350,0.1803460539952946,0.0001722586391552394,0.031301651353295774,0.7881800360122533,25,20,20
12,4351,0.11640159982170431,4.6241957337520465e-07,0.0891706029986306,0.7944273347600931,25,20,20
12,4352,0.11823934817838291,7.845754899470688e-08,0.13714781464171324,0.7446127587223558,25,20,20
12,4353,0.1172277818931935,1.6462035844827826e-06,0.14334336724117328,0.739427204662051,25,20,20
12,4354,0.1345453521444227,0.0005545254521786944,0.12494625008441095,0.7399538723189899,25,20,20
12,4355,0.14829768559251538,1.2577897003259236e-06,0.09831805256858699,0.7533830040491969,25,20,20
12,4356,0.14114148203576793,1.8364923695549302e-07,0.10033124732191348,0.7585270869930835,25,20,20
12,4357,0.17989209370152812,6.578551548189236e-06,0.06196399173682542,0.7581373360100985,25,20,20
12,4358,0.14680328020368408,5.603327218147741e-08,0.0939118187341675,0.7592848450288757,25,20,20
12,4359,0.14727341305936403,5.611918368605093e-08,0.09374612364458866,0.7589804071768639,25,20,20
12,4360,0.13165648957741957,0.03997469684369898,0.0687200572162171,0.7596487563626643,25,20,20
12,4361,0.15241507304389265,0.04002416897415919,0.0496035288045338,0.7579572291774141,25,20,20
12,4362,0.12399652858023363,0.03998524355324353,0.07679717503459807,0.7592210528319243,25,20,20
12,4363,0.13855696500293807,0.06437123503304959,0.03782198899296348,0.759249810971048,25,20,20
12,4364,0.15690370386050503,0.03998963686832866,0.04038804911000142,0.7627186101611642,25,20,20
12,4365,0.10783242184927966,0.021232256717495557,0.07535844820403872,0.7955768732291859,25,20,20
12,4366,0.10748922100082653,0.03994002994697401,0.049500492334384597,0.8030702567178147,25,20,20
12,4367,0.07957889425159058,0.03952919638789501,0.09309898360966307,0.7877929257508535,25,20,20
12,4368,0.11386770812371584,0.03872610424428462,0.059889108475699795,0.7875170791562993,25,20,20
12,4369,0.09770808481937342,0.038839549674457664,0.07502674428828823,0.7884256212178785,25,20,20
12,4370,0.06939296743974115,0.03873233775475253,0.10840000095805534,0.7834746938474528,25,20,20
12,4371,0.08482721300024529,0.00038179937197473367,0.14336699297373748,0.7714239946540458,25,20,20
12,4372,0.11120044492964726,0.0003820291483122537,0.09550004349992157,0.7929174824221188,25,20,20
12,4373,0.15382777686510343,7.884663807329183e-07,0.048800223260731516,0.7973712114077839,25,20,20
12,4374,0.15196623313109386,7.779961833679281e-07,0.05397419856058172,0.7940587903121404,25,20,20
12,4375,0.1300743680868396,3.5746232858211643e-06,0.07835390425009595,0.7915681530397779,25,20,20
12,4376,0.1259665463978403,3.661450505724404e-06,0.11877323866646282,0.7552565534851929,25,20,20
12,4377,0.09049862860978727,3.5792827769204817e-06,0.1663616917110966,0.743136100396339,25,20,20
12,4378,0.13404528549290978,1.97153616350146e-07,0.1295158572658099,0.7364386600876648,25,20,20
12,4379,0.08336522626882982,1.3093466566015482e-07,0.16834490335392516,0.7482897394425809,25,20,20
12,4380,0.08328871062115382,9.052464358155008e-07,0.21482997528514772,0.701880408847266,25,20,20
12,4381,0.15402233855719027,1.2548978578301763e-05,0.12562457641728464,0.720340536046948,25,20,20
12,4382,0.14050342138401495,8.026229103111386e-09,0.10822895179633661,0.7512676187934229,25,20,20
12,4383,0.09277955993025494,3.8933178807550243e-07,0.14627059960210712,0.7609494511358509,25,20,20
12,4384,0.11886559945338504,3.4825974240301665e-05,0.12092150824996835,0.7601780663224083,25,20,20
12,4385,0.11287003653403614,2.5483844542696844e-05,0.12664405252855804,0.7604604270928642,25,20,20
12,4386,0.106653299606074,3.969751390057604e-05,0.1326553629631449,0.7606516399168837,25,20,20
12,4387,0.042498775908943874,2.795340538609891e-05,0.1960129903151259,0.761460280370547,25,20,20
12,4388,0.04683239573087891,2.127194196358269e-05,0.19200221134427328,0.7611441209828839,25,20,20
12,4389,0.045846859057010934,0.012278025330321749,0.17634224661063347,0.7655328690020342,25,20,20
12,4390,0.04489561204658332,0.012278268177247533,0.1841626426376289,0.7586634771385425,25,20,20
12,4391,0.05648900601421465,0.0008535182314444,0.17934432473535597,0.7633131510189834,25,20,20
12,4392,0.07930940501334086,2.682046889270714e-08,0.15798434995323507,0.7627062182129598,25,20,20
12,4393,0.11805629840470999,2.7618827391634337e-08,0.11850342584226733,0.7634402481341954,25,20,20
12,4394,0.12119984667091241,1.5589480245112228e-05,0.1197386435353412,0.7590459203135022,25,20,20
12,4395,0.13315131710550196,0.00743497023806457,0.10531015613636713,0.7541035565200679,25,20,20
12,4396,0.12320407509520102,0.007435458138482755,0.11570354813188263,0.7536569186344332,25,20,20
12,4397,0.13519242887659677,0.007434986410208871,0.10390467156389052,0.7534679131493034,25,20,20
12,4398,0.14802227191658854,0.013015830560745558,0.09459029054538512,0.744371606977281,25,20,20
12,4399,0.08403385017322298,0.013015583658126635,0.16546669704322692,0.7374838691254243,25,20,20
12,4400,0.09968300081577838,0.013024905218300332,0.12965503276532725,0.7576370612005942,25,20,20
12,4401,0.08185526662643876,0.013015991154142776,0.16233766178294606,0.7427910804364742,25,20,20
12,4402,0.08118073709280096,0.013017514967013366,0.19379214631311042,0.712009601627077,25,20,20
12,4403,0.10455271075013646,0.013501228611197,0.1645537871439119,0.7173922734947554,25,20,20
12,4404,0.06502746658045926,0.021194375512734908,0.18856267352179476,0.7252154843850092,25,20,20
12,4405,0.1073496498550489,0.023965719277324125,0.1337252998056692,0.7349593310619599,25,20,20
12,4406,0.07366590902072918,0.037375835931264347,0.13045583555676235,0.7585024194912442,25,20,20
12,4407,0.1190900529997144,0.037374303931786416,0.08420066153526033,0.7593349815332402,25,20,20
12,4408,0.0806399922459583,0.03822153142704486,0.12193360948500437,0.7592048668419928,25,20,20
12,4409,0.11603739017374978,0.03835079170171501,0.1024495253636195,0.7431622927609197,25,20,20
12,4410,0.11177091322862841,0.03885042843769902,0.1020290302135103,0.7473496281201624,25,20,20
12,4411,0.14879781430882066,0.03994204825729357,0.05324261766238302,0.758017519771503,25,20,20
12,4412,0.11114407660773035,0.03994979057269292,0.09093830997207634,0.7579678228475002,25,20,20
12,4413,0.1482830806770701,0.014161281329410904,0.1147386081884164,0.7228170298051013,25,20,20
12,4414,0.17118582117545272,0.03992349847985392,0.07084056452924485,0.7180501158154474,25,20,20
12,4415,0.17215215258854424,0.011233682904002713,0.07731786983939838,0.7392962946680557,25,20,20
12,4416,0.18948166140157977,0.039940686554126165,0.04753688642354167,0.7230407656207517,25,20,20
12,4417,0.12138767088965016,0.07540138017198013,0.08485769775288161,0.7183532511854891,25,20,20
12,4418,0.10068563848231175,0.07947798500959644,0.10238306751073482,0.7174533089973575,25,20,20
12,4419,0.06578740153862278,0.07993735753443981,0.1439966149175281,0.7102786260094109,25,20,20
12,4420,0.09084436657697063,0.07993737323485245,0.11661741166284394,0.7126008485253327,25,20,20
12,4421,0.09283941999148779,0.07777424424424502,0.11082676729793749,0.7185595684663301,25,20,20
12,4422,0.0657549035232345,0.07777288810288711,0.10382836305713024,0.7526438453167489,25,20,20
12,4423,0.08247113786057762,0.07869741198462256,0.08109790200031233,0.7577335481544886,25,20,20
12,4424,0.12315571271933522,0.07818720788880977,0.07051556748662283,0.7281415119052312,25,20,20
12,4425,0.14054405692944516,0.07991518311589343,0.045896933343787624,0.7336438266108729,25,20,20
12,4426,0.16465493095828448,0.07991509099338037,0.03634479872590774,0.7190851793224278,25,20,20
12,4427,0.15456011672488693,0.07869885373310559,0.0529237214606868,0.7138173080813192,25,20,20
12,4428,0.1664443924095263,0.07809227478528301,0.08720984245180607,0.6682534903533848,25,20,20
12,4429,0.17069052755519473,0.0781390356939323,0.1251405004379828,0.6260299363128905,25,20,20
12,4430,0.17748162731686437,0.07812886389988541,0.10535360023273077,0.6390359085505223,25,20,20
12,4431,0.19605554556253124,0.04172565839322,0.11951816904699868,0.6427006269972507,25,20,20
12,4432,0.16011212252512436,0.04063834564635435,0.16783982642808515,0.6314097054004355,25,20,20
12,4433,0.1545452956443658,0.04063750871986629,0.18342785038344395,0.621389345252326,25,20,20
12,4434,0.16175820571384147,7.393876081972865e-05,0.1955009268347543,0.6426669286905842,25,20,20
12,4435,0.1356594381675274,9.293790512696437e-05,0.1853371388810486,0.6789104850462968,25,20,20
12,4436,0.1890959309820471,2.681380409380931e-06,0.13125588709807523,0.6796455005394693,25,20,20
12,4437,0.19881145240230697,2.9706815297890586e-06,0.14181950943626795,0.6593660674799005,25,20,20
12,4438,0.2073058841519582,3.448659828074731e-05,0.1129331801773305,0.6797264490724335,25,20,20
12,4439,0.2506352737449185,2.8982385308885633e-07,0.08145601462304802,0.6679084218081806,25,20,20
12,4440,0.14014460461565276,0.00011365903402886488,0.1815825040711325,0.6781592322791856,25,20,20
12,4441,0.135954248439185,9.284081187748943e-07,0.18539643114453028,0.6786483920081682,25,20,20
12,4442,0.14615811152041353,4.2974166759025776e-05,0.16480815682375494,0.6889907574890727,25,20,20
12,4443,0.1312118457243253,6.896117550600316e-05,0.21571749954381886,0.6530016935563494,25,20,20
12,4444,0.1739679880982963,4.1601976140861376e-05,0.18327373305085487,0.6427166768747088,25,20,20
12,4445,0.17563592422334973,0.008141462143059315,0.21709526120121414,0.5991273524323786,25,20,20
12,4446,0.1752095746977943,0.03826161303857624,0.15789576922757878,0.6286330430360507,25,20,20
12,4447,0.19802583366529813,0.03873571331511824,0.141652721165023,0.6215857318545622,25,20,20
12,4448,0.26173470212489236,0.038733190903887244,0.07874936478818279,0.6207827421830376,25,20,20
12,4449,0.25471249301683097,0.03853402950729861,0.08815623717640905,0.6185972402994622,25,20,20
12,4450,0.2156301356903883,0.038534025419497964,0.07369590373766767,0.6721399351524464,25,20,20
12,4451,0.2355861727753926,0.03996348347364184,0.045412741020638275,0.6790376027303273,25,20,20
12,4452,0.22782271498442255,0.0006995443104361792,0.09980091529292988,0.6716768254122113,25,20,20
12,4453,0.23755641327621213,0.000675730230930325,0.12808814328120632,0.6336797132116516,25,20,20
12,4454,0.1907322077562531,4.83916760535577e-06,0.2070687252186673,0.6021942278574766,25,20,20
12,4455,0.18181867995928427,4.214187264191353e-07,0.21242549941131478,0.6057553992106784,25,20,20
12,4456,0.31482416353874765,2.634436907991366e-07,0.09994575662520747,0.5852298163923547,25,20,20
12,4457,0.2614369576648396,2.0933501993133294e-06,0.13899167890981576,0.5995692700751477,25,20,20
12,4458,0.2350404149256087,3.06818281031742e-06,0.1662868886261753,0.5986696282654055,25,20,20
12,4459,0.2359211546895261,2.4832399728363052e-06,0.17075268122261622,0.5933236808478841,25,20,20
12,4460,0.23742505072533213,1.5350849266098314e-06,0.16284468674959207,0.5997287274401497,25,20,20
12,4461,0.3075602764029724,2.6545954231610515e-07,0.1375135252154806,0.5549259329220046,25,20,20
12,4462,0.24866909951182106,0.00023509330531884865,0.2023646545484034,0.5487311526344598,25,20,20
12,4463,0.263371422112956,5.978682513884145e-05,0.18657613878167667,0.5499926522802302,25,20,20
12,4464,0.15556974046399305,0.0006609049545313857,0.2882507504959724,0.5555186040855,25,20,20
12,4465,0.24731496790202964,0.0006832596089234087,0.1893698318080372,0.5626319406810067,25,20,20
12,4466,0.33919255231622764,0.012567303562489631,0.09587476747185836,0.5523653766494264,25,20,20
12,4467,0.36634548681572965,1.4439275771634837e-05,0.08138701018938439,0.5522530637191142,25,20,20
12,4468,0.3246377281366606,0.0008182768789715297,0.12150223697071784,0.5530417580136517,25,20,20
12,4469,0.2513572177005604,0.0011283718388632351,0.16925287795983593,0.578261532500741,25,20,20
12,4470,0.22578913488799315,3.1338495565481925e-07,0.18645962833001936,0.5877509233970296,25,20,20
12,4471,0.19676945676171087,4.452229241074338e-06,0.2162366152349273,0.5869894757741217,25,20,20
12,4472,0.2920540637468307,3.038600839793175e-06,0.12066898720417903,0.5872739104481511,25,20,20
12,4473,0.26002966315667025,4.5609410497176054e-08,0.15275758239835127,0.5872127088355693,25,20,20
12,4474,0.28995953434720345,0.01002926364362047,0.11244374296304038,0.5875674590461357,25,20,20
12,4475,0.30363817266471105,0.010029263283701923,0.08767589350046892,0.5986566705511179,25,20,20
12,4476,0.27902554990440215,0.039971613464406794,0.08227679627927423,0.5987260403519177,25,20,20
12,4477,0.24809259463917932,0.039971574462871015,0.11304570499844249,0.5988901258995066,25,20,20
12,4478,0.23018593293242035,0.0387334389302745,0.1382089218125066,0.5928717063248008,25,20,20
12,4479,0.24702726936512664,0.038733468618349226,0.08177573066458896,0.632463531351936,25,20,20
12,4480,0.2526685357799605,0.014178369481656468,0.10012447343927283,0.6330286212991129,25,20,20
12,4481,0.23974708743012713,0.03997054137064186,0.08180097268169705,0.638481398517535,25,20,20
12,4482,0.22561277206288813,0.03992013399566277,0.1303155763879581,0.6041515175534947,25,20,20
12,4483,0.16847158708739765,0.03832142787852882,0.19402203829193912,0.5991849467421351,25,20,20
12,4484,0.2419651291865947,0.021228809822350453,0.14258384488105744,0.5942222161099988,25,20,20
12,4485,0.22838517610613635,0.03997059457215198,0.13292889401552366,0.5987153353061886,25,20,20
12,4486,0.2533168864565768,0.03995575189370983,0.10734403868341856,0.5993833229662947,25,20,20
12,4487,0.20780953981986272,0.03994929867585393,0.1532343024160401,0.5990068590882454,25,20,20
12,4488,0.23123626781342543,0.0002817393989212379,0.208072111663624,0.5604098811240287,25,20,20
12,4489,0.18046404773217173,2.2134594032845956e-05,0.2606524048296482,0.5588614128441466,25,20,20
12,4490,0.1973369542321316,0.0006836986388252679,0.24253405227445793,0.5594452948545845,25,20,20
12,4491,0.18211119066603504,0.00037576603471781275,0.2579274875418875,0.5595855557573596,25,20,20
12,4492,0.18991509975495305,0.0007125214920403521,0.24807942987284282,0.5612929488801622,25,20,20
12,4493,0.18344575129795465,3.8592566660760286e-05,0.25616558452262017,0.560350071612763,25,20,20
12,4494,0.2513857167465224,0.03982386654742217,0.14846130239650804,0.5603291143095486,25,20,20
12,4495,0.19386102323080062,0.0399633278099921,0.2139004944634324,0.5522751544957728,25,20,20
12,4496,0.2153762448900864,0.039948736822489596,0.17735759183092678,0.5673174264565,25,20,20
12,4497,0.1820841192627779,0.04071634397712253,0.23703731841332418,0.5401622183467757,25,20,20
12,4498,0.1697339893501568,0.04058623272383369,0.18765948981481234,0.6020202881111985,25,20,20
12,4499,0.17708133751955024,0.0010242663237797493,0.2192294946167668,0.6026649015399036,25,20,20
12,4500,0.22984082168135028,0.0003804027156077959,0.19054325506200664,0.5792355205410369,25,20,20
12,4501,0.17822065218923724,1.5019026725147846e-08,0.18486758801611525,0.6369117447756218,25,20,20
12,4502,0.10459334530193645,1.5472105765065948e-08,0.22546692993106757,0.669939709294891,25,20,20
12,4503,0.08644572312591549,5.106449863439892e-07,0.2889005112199511,0.6246532550091455,25,20,20
12,4504,0.17075589787146114,4.950951759693615e-06,0.214213666726302,0.6150254844504776,25,20,20
12,4505,0.16744993802171357,0.00013330817730453063,0.156920239729005,0.6754965140719795,25,20,20
12,4506,0.16213536221287395,1.4613291247544665e-06,0.20387470171034117,0.6339884747476608,25,20,20
12,4507,0.20729149492602644,1.320121652733309e-06,0.15962169646229626,0.6330854884900252,25,20,20
12,4508,0.16792402829427755,4.0411073463171654e-07,0.1939004056237825,0.6381751619712099,25,20,20
12,4509,0.1995470208787593,1.1204234527022465e-06,0.1720717286573338,0.6283801300404548,25,20,20
12,4510,0.16749484901948405,5.7798563479343016e-08,0.20412078771659378,0.628384305465358,25,20,20
12,4511,0.20666287930215854,3.975429877005537e-08,0.15416301633697205,0.6391740646065719,25,20,20
12,4512,0.16130223073896688,3.5079669707181754e-09,0.19928714613543327,0.63941061961763,25,20,20
12,4513,0.1858458377466497,3.489923047721009e-05,0.1749566052255465,0.6391626577973271,25,20,20
12,4514,0.19476527366536356,3.836395624468352e-05,0.16395798113341886,0.6412383812449728,25,20,20
12,4515,0.26797801935007654,1.8942959289428756e-06,0.1139226355188997,0.6180974508350929,25,20,20
12,4516,0.25574919618687925,1.444495001451959e-06,0.10586313769269515,0.6383862216254239,25,20,20
12,4517,0.19905470950169932,1.4379218044456845e-06,0.12286276257684176,0.6780810899996564,25,20,20
12,4518,0.1949136360251579,4.029590077270605e-07,0.1274646264340412,0.6776213345817937,25,20,20
12,4519,0.22882435321251762,4.026197922613441e-07,0.09388956382397952,0.67728568034371,25,20,20
12,4520,0.21466364533600435,6.657711540565894e-05,0.11814511573981439,0.6671246618087752,25,20,20
12,4521,0.25790780262137375,1.0957156417429612e-08,0.07802818893785778,0.6640639974836121,25,20,20
12,4522,0.23069466723423415,1.002469238116399e-08,0.14154355747741573,0.6277617652636611,25,20,20
12,4523,0.20615855921216017,3.5332108870500454e-06,0.15985216950332096,0.6339857380736359,25,20,20
12,4524,0.21040645529193244,3.771456449881052e-06,0.11990662491655212,0.6696831483350658,25,20,20
12,4525,0.23598179502728403,3.6148558342235947e-06,0.12025794141359895,0.6437566487032818,25,20,20
12,4526,0.2844257219269041,3.531459723392124e-06,0.11206107068915198,0.6035096759242214,25,20,20
12,4527,0.26450332976292723,2.0396507715655284e-07,0.1273454040569657,0.6081510622150307,25,20,20
12,4528,0.2690945584784622,5.4250722021510995e-08,0.09317780714131153,0.6377275801295038,25,20,20
12,4529,0.31507686947921826,2.2689880783913414e-07,0.04743625820790986,0.6374866454140641,25,20,20
12,4530,0.27614474298310865,9.190519649190397e-08,0.08518373521805828,0.6386714298936387,25,20,20
12,4531,0.24907866735041537,2.8848802029562987e-08,0.11138801498291645,0.6395332888178666,25,20,20
12,4532,0.25268771628003345,1.4318799155170868e-06,0.1157515215245371,0.6315593303155174,25,20,20
12,4533,0.3135902760292387,2.0155982669150616e-06,0.05423425728749629,0.6321734510849975,25,20,20
12,4534,0.34531477159998525,7.390097587606868e-07,0.022376468237173795,0.6323080211530813,25,20,20
12,4535,0.351808815397486,7.518707474118828e-07,0.016543423318841833,0.6316470094129245,25,20,20
12,4536,0.2995613506565232,3.190170408850757e-05,0.06886349926538932,0.6315432483739983,25,20,20
12,4537,0.20559456586030336,0.0007796556451646504,0.12250843292086744,0.6711173455736669,25,20,20
12,4538,0.16952385233501044,0.0007789860054941835,0.16037093401669242,0.6693262276428021,25,20,20
12,4539,0.20252659546379884,1.4647842032915564e-05,0.12304177991343133,0.6744169767807378,25,20,20
12,4540,0.17248985883616222,1.464836400081536e-05,0.15214459113535603,0.6753509016644804,25,20,20
12,4541,0.20419752180037543,1.5010497118775886e-05,0.11736602630757402,0.6784214413949319,25,20,20
12,4542,0.1441850772344645,1.546282491548717e-05,0.24599637870443125,0.609803081236186,25,20,20
12,4543,0.1348284285635977,0.038719497203803126,0.21586807085012008,0.6105840033824763,25,20,20
12,4544,0.14281806927520715,0.024666541858413337,0.22813662104356827,0.6043787678228101,25,20,20
12,4545,0.15693213471874012,0.03873950611231099,0.2054521292747562,0.5988762298941901,25,20,20
12,4546,0.1601280239142485,0.03872538683389615,0.20204217053831616,0.5991044187135407,25,20,20
12,4547,0.09745360750871995,0.05182737710019606,0.2672375493028471,0.5834814660882327,25,20,20
12,4548,0.13719867829137686,0.07988817339800847,0.18388980389265505,0.5990233444179616,25,20,20
12,4549,0.1576501240866138,0.0383630914331917,0.2044452691936891,0.599541515286506,25,20,20
12,4550,0.14596898512053122,0.040726713953150584,0.2257039379517769,0.5876003629745434,25,20,20
12,4551,0.0988096021114421,0.04072923520868512,0.2794190129789051,0.5810421497009685,25,20,20
12,4552,0.12083586999603947,0.03934271022797018,0.2686963419404227,0.5711250778355642,25,20,20
12,4553,0.18051463264557932,0.04071346254862718,0.18755858526844463,0.5912133195373496,25,20,20
12,4554,0.16458117097897837,0.04002026762217418,0.20978388014131447,0.5856146812575347,25,20,20
12,4555,0.20551157534679004,0.03995333606606494,0.12405635701489151,0.630478731572255,25,20,20
12,4556,0.23185538038240214,0.014140491365370494,0.12593222615439945,0.6280719020978307,25,20,20
12,4557,0.1997048829416397,0.039923755378524446,0.1351430842431576,0.6252282774366783,25,20,20
12,4558,0.22693466345658433,0.039915974299812806,0.11407489090551019,0.6190744713380935,25,20,20
12,4559,0.23118139618092862,0.03873315348935224,0.1112095431761932,0.6188759071535267,25,20,20
12,4560,0.14561687924229547,0.03998271975054782,0.18145226895076338,0.6329481320563949,25,20,20
12,4561,0.14611634074851818,0.039982644396747195,0.15253036821364577,0.6613706466410906,25,20,20
12,4562,0.11820334525627164,4.837324339405912e-07,0.1882836053560502,0.6935125656552463,25,20,20
12,4563,0.12200282624834538,0.014040737486837344,0.16013904887718622,0.7038173873876328,25,20,20
12,4564,0.10740401471469216,0.014040799076225479,0.1630424149697769,0.7155127712393066,25,20,20
12,4565,0.09792591665007676,0.07870568208983801,0.10731572085813289,0.7160526804019521,25,20,20
12,4566,0.11661319114963925,0.07868433931343194,0.1156443643133945,0.6890581052235342,25,20,20
12,4567,0.09633543059977584,0.0786843483169854,0.11739797453864727,0.7075822465445906,25,20,20
12,4568,0.08962398291194493,0.07989418357403431,0.15906400435518095,0.6714178291588417,25,20,20
12,4569,0.08657251762222064,0.0799297920814413,0.15544247062622008,0.6780552196701202,25,20,20
12,4570,0.0488090785857616,0.07821342728541986,0.1535878790309839,0.7193896150978367,25,20,20
12,4571,0.07006642806951299,0.0782147729809838,0.1342450457165674,0.7174737532329353,25,20,20
12,4572,0.0702589910857059,0.07815115985033709,0.1408053209777257,0.7107845280862325,25,20,20
12,4573,0.11984992173985436,0.07811358573049385,0.10459261237247502,0.6974438801571781,25,20,20
12,4574,0.09640174070595134,0.05234548212570835,0.14015316679801695,0.7110996103703263,25,20,20
12,4575,0.07796960830446403,0.052347055286584926,0.15104467785104955,0.7186386585579053,25,20,20
12,4576,0.07027361088126999,0.08032199545799587,0.1301900535178437,0.7192143401428953,25,20,20
12,4577,0.04991328119384811,0.07992554747644344,0.1578666615926037,0.7122945097371062,25,20,20
12,4578,0.11697091634329572,0.0751387086834035,0.08898549899230096,0.7189048759809998,25,20,20
12,4579,0.1769842010753997,0.07560555810693863,0.0287753804161803,0.7186348604014812,25,20,20
12,4580,0.19053845566347125,0.07561287915940923,0.015114146568916971,0.7187345186082026,25,20,20
12,4581,0.1995574541651267,0.07941376689566135,0.009449812453045343,0.711578966486167,25,20,20
12,4582,0.1598832084044207,0.03995127060587063,0.09988763624720312,0.7002778847425111,25,20,20
12,4583,0.18646783685953827,0.03995130780974726,0.06108230050077709,0.7124985548299372,25,20,20
12,4584,0.19926517336474323,0.03994410633207565,0.04892086751861588,0.7118698527845652,25,20,20
12,4585,0.1483381644739927,0.039942138406735155,0.0865024264579957,0.7252172706612783,25,20,20
12,4586,0.11811167175968688,2.6447819112845165e-05,0.16236899651117792,0.7194928839100204,25,20,20
12,4587,0.11759138737680454,2.557991737613732e-06,0.16376849511900893,0.7186375595124501,25,20,20
12,4588,0.11892221235912653,6.105241991575208e-07,0.1761877943479345,0.7048893827687415,25,20,20
12,4589,0.1454655587607972,7.847746236644971e-08,0.15621550645168286,0.6983188563100611,25,20,20
12,4590,0.18556681835244615,8.340837898235609e-07,0.10981072281867055,0.7046216247450938,25,20,20
12,4591,0.13613861927660975,1.1976513213167144e-06,0.1538667590543497,0.7099934240177223,25,20,20
12,4592,0.1140596916709213,3.9693939210730136e-07,0.16787874229937638,0.718061169090314,25,20,20
12,4593,0.09302613270306295,3.4533086972439466e-05,0.17956751306902333,0.7273718211409408,25,20,20
12,4594,0.08081034629721592,5.889850639244994e-05,0.19735688137664614,0.7217738738197472,25,20,20
12,4595,0.11993267197003174,0.03827944578586006,0.1180681107457218,0.7237197714983884,25,20,20
12,4596,0.18930861624139628,0.03827720847147698,0.09582673701008901,0.676587438277038,25,20,20
12,4597,0.19207832046751286,0.03913644066708911,0.09406460356647024,0.6747206352989278,25,20,20
12,4598,0.13889942438302127,0.039944901012825745,0.12959121086482875,0.6915644637393252,25,20,20
12,4599,0.10477816631449245,0.03994514998366002,0.1358796850465527,0.7193969986552973,25,20,20
12,4600,0.11037979241606234,0.0439734359545053,0.12650809557438722,0.7191386760550449,25,20,20
12,4601,0.11439031823448081,0.043973430138844256,0.12267184819325816,0.7189644034334158,25,20,20
12,4602,0.15962013435409772,0.00027231213324649823,0.12151171348007926,0.7185958400325769,25,20,20
12,4603,0.15304799458107343,5.773990087398852e-08,0.12433466906132161,0.7226172786177066,25,20,20
12,4604,0.15778423931450808,8.984384606783329e-08,0.12186469666765587,0.7203509741739913,25,20,20
12,4605,0.15237999056917395,5.396588283822564e-08,0.10413316068833091,0.7434867947766136,25,20,20
12,4606,0.157057670276203,0.039938882654958215,0.09249459739549963,0.7105088496733403,25,20,20
12,4607,0.08842542598910601,0.05024872110794289,0.15373514027630458,0.7075907126266501,25,20,20
12,4608,0.09694640065466612,0.05024864920132679,0.13375718169683534,0.7190477684471743,25,20,20
12,4609,0.1273683133920022,0.040336698365846024,0.11828570068208784,0.7140092875600652,25,20,20
12,4610,0.11854921059342896,0.0007707005887622381,0.1680088193907776,0.7126712694270325,25,20,20
12,4611,0.11615179472697827,0.0005080322830659958,0.16765724978564375,0.7156829232043133,25,20,20
12,4612,0.09271284116542981,0.0004011108770036695,0.18801830937055208,0.7188677385870166,25,20,20
12,4613,0.11704127137823388,0.0005788843286242564,0.1631187229926234,0.7192611213005179,25,20,20
12,4614,0.09721564552495193,7.225142786312558e-07,0.19307118692149278,0.7097124450392783,25,20,20
12,4615,0.08614435616916424,3.6828044849486705e-10,0.2594402757714604,0.6544153676910938,25,20,20
12,4616,0.08711370174507736,0.001082085504791606,0.2574387631847398,0.6543654495653902,25,20,20
12,4617,0.17376435573567683,2.4349427631510158e-08,0.15736956643423494,0.6688660534806621,25,20,20
12,4618,0.2349841876252771,6.768572583207025e-07,0.09681723241705839,0.668197903100406,25,20,20
12,4619,0.23725394514630258,3.319511565239115e-05,0.0942320405350283,0.6684808192030167,25,20,20
12,4620,0.2514139883703741,8.312801803828934e-08,0.11693303590335377,0.6316528925982564,25,20,20
12,4621,0.20301765149792078,1.0537499154875309e-06,0.2021462913818478,0.5948350033703158,25,20,20
12,4622,0.24688616191061308,0.0004212511832820627,0.164815951095435,0.5878766358106698,25,20,20
12,4623,0.13072202759061283,0.00042051700530138035,0.2507144655645037,0.6181429898395806,25,20,20
12,4624,0.2262515519114225,3.547516820790914e-06,0.16111167614743466,0.6126332244243232,25,20,20
12,4625,0.19877918066589173,9.435641549632673e-07,0.1747957100922212,0.6264241656777313,25,20,20
12,4626,0.19947124856842485,6.490442090847307e-05,0.19278787912315454,0.6076759678875122,25,20,20
12,4627,0.3004206474648093,1.4333051079379846e-05,0.09676895015790246,0.6027960693262099,25,20,20
12,4628,0.2728043905988582,1.5411875351594003e-07,0.13299159833081997,0.5942038569515709,25,20,20
12,4629,0.22200596649191276,5.96834101421943e-06,0.1723068964201261,0.6056811687469473,25,20,20
12,4630,0.27264345405018614,6.332147730404065e-06,0.12104138789518659,0.6063088259068975,25,20,20
12,4631,0.2993494873977889,7.52085658850093e-08,0.10138160417205372,0.5992688332215926,25,20,20
12,4632,0.2678028310504315,2.095017096826837e-06,0.10659418988310115,0.62560088404937,25,20,20
12,4633,0.28643305270109104,1.2881732913056252e-06,0.07487058791988864,0.6386950712057291,25,20,20
12,4634,0.2689644007015971,1.033167615096682e-06,0.1232713539894386,0.6077632121413498,25,20,20
12,4635,0.3082481428627173,5.339806324205818e-05,0.10586746127628771,0.5858309977977539,25,20,20
12,4636,0.306516004537419,1.2699349077085922e-06,0.07108011517127792,0.6224026103563961,25,20,20
12,4637,0.24858353397325936,2.3865607451321085e-07,0.11254802397198149,0.6388682033986849,25,20,20
12,4638,0.2389380289843141,1.2688681105465466e-07,0.12175824515095225,0.6393035989779242,25,20,20
12,4639,0.25551870597993015,1.5972809356317016e-07,0.10480750252705642,0.6396736317649208,25,20,20
12,4640,0.22688969971607836,6.593960175653005e-08,0.14214366610721338,0.6309665682371094,25,20,20
12,4641,0.1857978196334131,8.979623996340888e-07,0.1750246051031138,0.6391766773010755,25,20,20
12,4642,0.12905488639894472,5.404702717297493e-07,0.23205888371397976,0.638885689416802,25,20,20
12,4643,0.21369602950291203,4.6995451093794344e-05,0.15272930285315428,0.6335276721928412,25,20,20
12,4644,0.28390900011746356,0.00011698895198891825,0.0768052787350107,0.6391687321955372,25,20,20
12,4645,0.2983296448812347,3.682358525269549e-05,0.06238773055758,0.6392458009759331,25,20,20
12,4646,0.19281718242044874,1.6814273626947887e-07,0.18197286702958318,0.6252097824072268,25,20,20
12,4647,0.21298017443668774,0.010634402517032696,0.13761091729343491,0.6387745057528478,25,20,20
12,4648,0.2162823197814109,0.010856841117137037,0.14767829881160552,0.6251825402898468,25,20,20
12,4649,0.14099801850455515,0.01064162216317236,0.20267434132143797,0.6456860180108369,25,20,20
12,4650,0.19971273889944932,0.03933211227305504,0.12177553232481182,0.6391796165026846,25,20,20
12,4651,0.19969888109978742,0.039932669946254724,0.12130057452403148,0.6390678744299272,25,20,20
12,4652,0.24563059570901163,0.039946340457749224,0.08736966289684167,0.6270534009363977,25,20,20
12,4653,0.20253643200073576,0.03994607364424938,0.157965846515853,0.5995516478391648,25,20,20
12,4654,0.18378824428386636,0.039954846593129735,0.1912405224245769,0.5850163866984279,25,20,20
12,4655,0.1362883595094063,0.015031108382140635,0.2487374413246825,0.5999430907837692,25,20,20
12,4656,0.20606936644502316,0.038259597956259356,0.16117452501355867,0.5944965105851616,25,20,20
12,4657,0.2158641407910697,0.038280196147241694,0.13418391964163187,0.6116717434200579,25,20,20
12,4658,0.1484730922706942,0.0385012120978871,0.17873901003023018,0.6342866856011895,25,20,20
12,4659,0.166810451917761,0.03936749919109524,0.16394718889089366,0.6298748600002512,25,20,20
12,4660,0.16018296109213292,0.03994015987354283,0.16765834439665933,0.6322185346376658,25,20,20
12,4661,0.17617325625153601,0.038259622552282255,0.146439083989782,0.6391280372064013,25,20,20
12,4662,0.18167417674388606,0.038259594875036655,0.140759098254205,0.6393071301268729,25,20,20
12,4663,0.19527913717481218,0.03825929922803483,0.12683016299750097,0.6396314005996522,25,20,20
12,4664,0.14256269025437576,0.039971508192870195,0.17792922324526989,0.6395365783074856,25,20,20
12,4665,0.09114175070200636,0.040481421660098826,0.23497989125259028,0.6333969363853044,25,20,20
12,4666,0.09865591445714492,0.038237595235109285,0.22968129346307609,0.6334251968446707,25,20,20
12,4667,0.08007788246574257,0.03823492117888971,0.2428069341979847,0.6388802621573859,25,20,20
12,4668,0.11963190497405403,0.0007932143191932773,0.2404228129704382,0.6391520677363141,25,20,20
12,4669,0.18499800655828544,1.432913240001233e-05,0.17548427277374884,0.6395033915355697,25,20,20
12,4670,0.21999685610725858,3.629905647807846e-05,0.14098035029898434,0.6389864945372818,25,20,20
12,4671,0.18262572642541225,1.8627816144819847e-05,0.1783228013708776,0.6390328443875651,25,20,20
12,4672,0.20209622313183748,1.428208992958538e-05,0.16324897393652565,0.6346405208417084,25,20,20
12,4673,0.18238303660539665,7.136685999474115e-05,0.20094426719050953,0.6166013293440987,25,20,20
12,4674,0.18056503904985066,1.5882484993186224e-08,0.20213007867274282,0.6173048663949207,25,20,20
12,4675,0.20937455861384963,3.6612837395679374e-08,0.1767442502003788,0.6138811545729332,25,20,20
12,4676,0.24193425631919765,1.4180257132363665e-05,0.12011255454485838,0.6379390088788142,25,20,20
12,4677,0.21787953999867182,1.5019479649711704e-05,0.2178447471617671,0.5642606933599111,25,20,20
12,4678,0.20405955901928013,7.236282024620631e-07,0.2298687543106346,0.5660709630418832,25,20,20
12,4679,0.2683301611084802,1.888401062939894e-06,0.16656952003468103,0.5650984304557786,25,20,20
12,4680,0.2940981667457842,7.965878785051835e-07,0.14594942354309187,0.5599516131232485,25,20,20
12,4681,0.275465241025906,3.2410664755894404e-05,0.12977753404560274,0.5947248142637358,25,20,20
12,4682,0.21469797895197984,4.107125939052968e-05,0.15723155398544966,0.628029395803182,25,20,20
12,4683,0.18540034703620023,4.1293765485366384e-05,0.19181715254062076,0.622741206657693,25,20,20
12,4684,0.1865158007680987,4.426091147293112e-05,0.1521556936033096,0.6612842447171201,25,20,20
12,4685,0.1870314385737079,8.597819345448464e-07,0.14664678422121752,0.6663209174231413,25,20,20
12,4686,0.15617246683356034,2.9082358621595585e-05,0.22573128904536666,0.6180671617624512,25,20,20
12,4687,0.1854270558584588,8.577001283329257e-08,0.18418936176916292,0.6303834966023651,25,20,20
12,4688,0.21210054339008697,8.390791159087722e-08,0.15009191957894738,0.6378074531230569,25,20,20
12,4689,0.1898521129967909,1.3910329819236573e-07,0.17160209754054304,0.6385456503593686,25,20,20
12,4690,0.1488507361317214,4.318239315166913e-08,0.2189113558554469,0.6322378648304382,25,20,20
12,4691,0.13561492391797436,1.4470516561707964e-06,0.22622375322593385,0.6381598758044372,25,20,20
12,4692,0.15191597028003764,1.9713225747743457e-06,0.22058879142969562,0.6274932669676919,25,20,20
12,4693,0.1937228641765106,4.480426354467867e-08,0.1444158756494934,0.6618612153697336,25,20,20
12,4694,0.2048063400920804,1.3825469419055272e-06,0.12785235913451098,0.6673399182264678,25,20,20
12,4695,0.30297191475286556,6.143109325611473e-08,0.04265065476107607,0.6543773690549657,25,20,20
12,4696,0.2419297471257494,1.1763963342119358e-07,0.07613265262704266,0.681937482607574,25,20,20
12,4697,0.22722968197423232,8.323003775631416e-05,0.09599622611153019,0.6766908618764815,25,20,20
12,4698,0.22435603102182441,2.7351759633511566e-07,0.09893793188257932,0.6767057635780008,25,20,20
12,4699,0.23493949688667584,3.621859692556038e-08,0.10224667147505707,0.6628137954196709,25,20,20
12,4700,0.2277712127627789,3.156438220523062e-08,0.10895552494662188,0.6632732307262188,25,20,20
12,4701,0.22142200278124036,1.1679798107116812e-06,0.11896888198331408,0.6596079472556365,25,20,20
12,4702,0.2611781365622736,2.738188397470335e-06,0.06005301208259067,0.6787661131667391,25,20,20
12,4703,0.2606725462511236,0.0005337568903885575,0.05714451438458546,0.6816491824739017,25,20,20
12,4704,0.27233229617754445,0.021432301593545283,0.037781419930398324,0.6684539822985116,25,20,20
12,4705,0.2732665373184012,0.011231535051334784,0.07013758180301947,0.645364345827244,25,20,20
12,4706,0.27003593210327725,0.03994562611665195,0.022009644738813776,0.6680087970412574,25,20,20
12,4707,0.2548933866084439,0.038243047810471185,0.027036736484340292,0.6798268290967441,25,20,20
12,4708,0.21515985981935934,0.014140402130149617,0.09088580773635963,0.6798139303141337,25,20,20
12,4709,0.19317652277569086,0.014140393362593864,0.113499138082609,0.6791839457791062,25,20,20
12,4710,0.18180815756895174,0.0141403538900898,0.12543270176095012,0.6786187867800103,25,20,20
12,4711,0.12133160467177033,0.054117485827671404,0.1852339923276844,0.6393169171728741,25,20,20
12,4712,0.12666654943283082,0.07910743911351137,0.15517527989137406,0.639050731562285,25,20,20
12,4713,0.12063574643765321,0.08285293816363982,0.1575941921960433,0.6389171232026666,25,20,20
12,4714,0.04503752647897033,0.09985673755136737,0.21568823349256583,0.6394175024770974,25,20,20
12,4715,0.04107294816407134,0.11811412700567167,0.19712899623158964,0.643683928598668,25,20,20
12,4716,0.08045869912745818,0.11811128379946416,0.12242836060631446,0.6790016564667652,25,20,20
12,4717,0.12092301389897063,0.09942945285440401,0.10109465098048341,0.6785528822661436,25,20,20
12,4718,0.11973567076970944,0.0994254754480527,0.10155725830954579,0.6792815954726943,25,20,20
12,4719,0.12150180008630602,0.07235785590230312,0.12679667540000156,0.6793436686113924,25,20,20
12,4720,0.10350852685495272,0.09987512499529393,0.11792506846411006,0.6786912796856456,25,20,20
12,4721,0.06916709649786915,0.09456414419532523,0.17144329967054975,0.6648254596362555,25,20,20
12,4722,0.03544382802390688,0.12022138180580924,0.1797845468919618,0.6645502432783226,25,20,20
12,4723,0.0015814017780351446,0.11814877432513489,0.21484840514814646,0.6654214187486861,25,20,20
12,4724,0.009805820472456431,0.11869847451199378,0.192748913364463,0.6787467916510913,25,20,20
12,4725,0.008936443307893706,0.08990775996756073,0.22187950619058167,0.6792762905339649,25,20,20
12,4726,0.0014501806037832397,0.11861060904847226,0.21436450020713632,0.665574710140606,25,20,20
12,4727,0.03736952290701017,0.14314395814087277,0.1540451044090469,0.6654414145430708,25,20,20
12,4728,0.05710954666841246,0.15857687737280102,0.10507526290380151,0.6792383130549858,25,20,20
12,4729,0.07846054043579037,0.14170718774513633,0.10101235462544374,0.6788199171936294,25,20,20
12,4730,0.06086323416475392,0.14203487014722765,0.1285778314180642,0.6685240642699557,25,20,20
12,4731,0.06934604355651391,0.158351235375647,0.14499959276874871,0.6273031282990919,25,20,20
12,4732,0.0796723954718021,0.11955741908197114,0.16877409919215636,0.6319960862540683,25,20,20
12,4733,0.048312475323988996,0.08199200121145428,0.2787007028466319,0.5909948206179255,25,20,20
12,4734,0.08172230355105427,0.08029367063674876,0.20440454940154967,0.6335794764106442,25,20,20
12,4735,0.047717019416294706,0.07909040850722761,0.21799256133396216,0.655200010742516,25,20,20
12,4736,0.08130298838671608,0.10318163927861815,0.1365436267324395,0.6789717456022268,25,20,20
12,4737,0.06106001826475763,0.10280142372572439,0.1553845541163167,0.6807540038932021,25,20,20
12,4738,0.042973169987248816,0.11661875046052834,0.16202200537601066,0.6783860741762133,25,20,20
12,4739,0.058181314767841705,0.11818627232073864,0.15047979349292512,0.6731526194184957,25,20,20
12,4740,0.05720017087349733,0.11712456764096477,0.1469361047492865,0.6787391567362505,25,20,20
12,4741,0.09816569529487389,0.09930640473642895,0.1245749198632902,0.6779529801054075,25,20,20
12,4742,0.11147691092980642,0.11604866796746878,0.09876330463529501,0.6737111164674284,25,20,20
12,4743,0.12747358026842392,0.11731127147096927,0.08085185289719324,0.674363295363414,25,20,20
12,4744,0.11139967868960275,0.11859224736989647,0.09132580698903212,0.6786822669514695,25,20,20
12,4745,0.12058931491170631,0.0719633664511043,0.08790897510397028,0.7195383435332191,25,20,20
12,4746,0.14030498118569118,0.10053342371504773,0.04083644887877695,0.7183251462204846,25,20,20
12,4747,0.14969616844973302,0.11749536511789463,0.02553321977142651,0.7072752466609452,25,20,20
12,4748,0.1369291169443491,0.11818515843056858,0.028201754126543938,0.7166839704985389,25,20,20
12,4749,0.15510545858771912,0.0390215950167443,0.08768979265599194,0.718183153739544,25,20,20
12,4750,0.13738204779992425,0.039522691166021265,0.10401857488863049,0.7190766861454237,25,20,20
12,4751,0.15775999267296298,0.039017563294646646,0.12082808855578815,0.6823943554766022,25,20,20
12,4752,0.15715472015857934,0.03824977447389332,0.11953484909785994,0.6850606562696673,25,20,20
12,4753,0.16448391675394805,0.0382344952691843,0.09066519889563354,0.7066163890812339,25,20,20
12,4754,0.15115581186814186,0.024356981543112846,0.12446894137050082,0.700018265218245,25,20,20
12,4755,0.1566101774849211,0.02435426010513454,0.14458039566076628,0.6744551667491795,25,20,20
12,4756,0.16055930815235184,0.03991323666058818,0.1074436342229072,0.6920838209641517,25,20,20
12,4757,0.16786785488835865,0.0399592845623895,0.09535760458721669,0.6968152559620344,25,20,20
12,4758,0.1806560570440893,0.039958389514655114,0.05487890999406386,0.7245066434471922,25,20,20
12,4759,0.19175792437101524,0.04002359106986683,0.04991669757971786,0.7183017869793993,25,20,20
12,4760,0.2221978684542049,0.0399584380732368,0.01934837524341131,0.718495318229146,25,20,20
12,4761,0.2384129608824354,0.039335287462432846,0.003909766893222561,0.7183419847619095,25,20,20
12,4762,0.22343084839453195,0.039966365127856694,0.01817095512753549,0.7184318313500755,25,20,20
12,4763,0.19273332581304564,0.039947724579425276,0.06294300968004472,0.704375939927482,25,20,20
12,4764,0.19246446548165416,0.03824041455393056,0.05008550003625568,0.7192096199281592,25,20,20
12,4765,0.21506547734442857,0.038232266477836375,0.0418848383558006,0.7048174178219346,25,20,20
12,4766,0.15407852808262776,0.03823837670534676,0.08908730001715841,0.7185957951948676,25,20,20
12,4767,0.1493936602553652,0.03823243610857606,0.09326456097848408,0.7191093426575758,25,20,20
12,4768,0.15230061929141311,1.4379880051199282e-05,0.08956926456337846,0.7581157362651587,25,20,20
12,4769,0.15099578603016336,7.473662903004467e-06,0.09024357457986695,0.7587531657270687,25,20,20
12,4770,0.12153594267772183,2.5935473426890207e-07,0.11988579607764754,0.7585780018898991,25,20,20
12,4771,0.10843501139453723,4.0667235539853233e-07,0.13234105948205582,0.759223522451058,25,20,20
12,4772,0.12554844960118,0.0004702623655370486,0.12489356989174333,0.7490877181415416,25,20,20
12,4773,0.1607039682872747,1.4561157422576117e-08,0.09027401121852012,0.7490220059330475,25,20,20
12,4774,0.19463741597192752,6.0083772680834415e-09,0.05309799217099778,0.752264585848697,25,20,20
12,4775,0.19415928566632895,1.3237896926291116e-09,0.07120186248416066,0.7346388505257206,25,20,20
12,4776,0.20093419418338396,1.0718391340079764e-09,0.06384820311490319,0.7352176016298734,25,20,20
12,4777,0.2228297118670417,6.560113824335937e-07,0.018703094174497902,0.7584665379470773,25,20,20
12,4778,0.16451846774384965,6.96750417434691e-06,0.08197857823444991,0.7534959865175266,25,20,20
12,4779,0.15917114992374412,7.136789145679165e-06,0.08345414484274605,0.7573675684443653,25,20,20
12,4780,0.17005241811844976,0.0001226933432583269,0.12782764443990727,0.7019972440983877,25,20,20
12,4781,0.15289631072862914,6.071632190487503e-05,0.1289319641300173,0.7181110088194508,25,20,20
12,4782,0.1819170543574842,3.3973553814135034e-06,0.09870210658133324,0.7193774417058016,25,20,20
12,4783,0.1894207723261746,1.0035928786623186e-06,0.09227169834221216,0.7183065257387375,25,20,20
12,4784,0.22114550568420457,7.141304122771507e-07,0.07138238974875089,0.7074713904366317,25,20,20
12,4785,0.20624697137881398,2.576152828858155e-07,0.04608676651148774,0.7476660044944156,25,20,20
12,4786,0.16530262250403907,2.1256161028092063e-08,0.04753537761583128,0.7871619786239684,25,20,20
12,4787,0.16441703754182357,5.898040691234718e-07,0.084229401868405,0.7513529707857043,25,20,20
12,4788,0.1601379983393431,1.3360637229047612e-09,0.0882146290166078,0.7516473713079853,25,20,20
12,4789,0.11911569636990783,1.8537911714022177e-08,0.12944682815836844,0.7514374569338118,25,20,20
12,4790,0.14150125718081757,3.270420660290609e-07,0.1543093211016454,0.7041890946754725,25,20,20
12,4791,0.0892633340935853,3.627090066076143e-07,0.20724157684488703,0.7034947263525213,25,20,20
12,4792,0.09007917345077569,2.0284496093745117e-08,0.18017417960828802,0.7297466266564407,25,20,20
12,4793,0.11921161939068779,1.7163803032109313e-06,0.15329513411100043,0.7274915301180083,25,20,20
12,4794,0.10260658595580152,1.6806013335341913e-05,0.1794372426717455,0.7179393653591197,25,20,20
12,4795,0.0823636524414961,1.6243451048909956e-06,0.19965831576393878,0.7179764074494627,25,20,20
12,4796,0.08531328602618883,2.8404060193252863e-05,0.2316798463733789,0.6829784635402402,25,20,20
12,4797,0.12467508550205542,2.1573154458631872e-06,0.19666768641007235,0.6786550707724294,25,20,20
12,4798,0.0835891095412523,2.221495068771062e-06,0.23272132377325025,0.6836873451904288,25,20,20
12,4799,0.11171880238981334,3.582806214362875e-07,0.2089851249713529,0.6792957143582103,25,20,20
12,4800,0.11342075056238582,0.039977093721442244,0.1674285816662669,0.679173574049905,25,20,20
12,4801,0.15545212790096477,0.03823925177791069,0.0873302341672563,0.7189783861538668,25,20,20
12,4802,0.11811103975665319,0.014215949833311536,0.14849528225805284,0.7191777281519854,25,20,20
12,4803,0.15446716680883704,0.014166335199757804,0.08389538114690717,0.747471116844499,25,20,20
12,4804,0.19339655772622194,0.03936418530704802,0.008890347233511309,0.7583489097332189,25,20,20
12,4805,0.19986350244245948,0.03936418263024784,0.0023266457390548516,0.7584456691882374,25,20,20
12,4806,0.1725199281072803,0.03936419840093082,0.03443814798744502,0.753677725504343,25,20,20
12,4807,0.1452561404217494,0.039946104836282983,0.056546470644781854,0.758251284097184,25,20,20
12,4808,0.11812812008928367,0.03994887596521624,0.0833733376676485,0.7585496662778541,25,20,20
12,4809,0.12220419202033447,0.03998264296914969,0.0842388622181316,0.7535743027923861,25,20,20
12,4810,0.14695891997679333,0.039970190183303445,0.05566910059717706,0.7574017892427265,25,20,20
12,4811,0.11014846146621751,0.039917484546709216,0.09239475023870984,0.7575393037483649,25,20,20
12,4812,0.14996441173940941,0.010575915261243496,0.07998216824951822,0.7594775047498284,25,20,20
12,4813,0.09118383574933828,0.04000463627004713,0.14338005344194069,0.7254314745386751,25,20,20
12,4814,0.09873773666180691,0.039975855129209675,0.1353640584831465,0.7259223497258364,25,20,20
12,4815,0.1389987965297261,0.039978898946313055,0.10223910383973622,0.7187832006842274,25,20,20
12,4816,0.08419474693877055,0.03998869193425992,0.1574207053276005,0.718395855799369,25,20,20
12,4817,0.11656335461466209,0.03954981349854512,0.1610986349424605,0.6827881969443346,25,20,20
12,4818,0.11526004997538354,0.03953929259737715,0.1804686827948178,0.6647319746324213,25,20,20
12,4819,0.1838009122171197,0.014690612612249972,0.1269283853171125,0.6745800898535205,25,20,20
12,4820,0.13896772844951472,0.015191392208960286,0.1662242588243207,0.6796166205172064,25,20,20
12,4821,0.19855043055511754,0.014668168624100086,0.1081756938156258,0.6786057070051568,25,20,20
12,4822,0.12132744855656286,0.03877848912438738,0.1719646097686164,0.6679294525504338,25,20,20
12,4823,0.12137517204604871,0.039223462172524176,0.16072947637937499,0.6786718894020525,25,20,20
12,4824,0.12468797895587276,0.038323119345834246,0.15546885401868984,0.681520047679606,25,20,20
12,4825,0.09643431494980614,0.03826159901515937,0.1834975110912505,0.6818065749437858,25,20,20
12,4826,0.0798847008610172,0.03826279825431587,0.18146789990859044,0.7003846009760777,25,20,20
12,4827,0.10952175224001442,0.038261158323249805,0.13735355073822414,0.7148635386985107,25,20,20
12,4828,0.1298100814119186,0.038259968247892476,0.13394026338601522,0.697989686954174,25,20,20
12,4829,0.13161018348519452,0.03825984652050771,0.12706014019155157,0.7030698298027461,25,20,20
12,4830,0.160895241264395,0.03991609445145005,0.08793265773633385,0.7112560065478197,25,20,20
12,4831,0.1341484175531022,0.040653243815898306,0.08911558100361212,0.7360827576273868,25,20,20
12,4832,0.14789738052334397,0.03996071071191132,0.05747747252753185,0.7546644362372136,25,20,20
12,4833,0.14484172907326787,0.03873498455236354,0.031485842738424516,0.784937443635944,25,20,20
12,4834,0.14668577151829265,2.2586021649490437e-06,0.02529496641416554,0.8280170034653754,25,20,20
12,4835,0.1493495370398798,2.4452164357360807e-08,0.018149339644325423,0.8325010988636294,25,20,20
12,4836,0.14839274408608424,8.279105747374174e-09,0.015448815028662728,0.8361584326061454,25,20,20
12,4837,0.1510651437766616,9.452211932958248e-09,0.010116382429146944,0.8388184643419792,25,20,20
12,4838,0.15146272178780984,6.0381282535560846e-09,0.041545163547109805,0.8069921086269525,25,20,20
12,4839,0.1453840836451,1.2708175758276446e-08,0.016622264603085173,0.8379936390436398,25,20,20
12,4840,0.1522794431379537,2.5282462629898475e-07,0.008517310562488488,0.8392029934749307,25,20,20
12,4841,0.1542837707957823,6.755058911545334e-09,0.012998280252181056,0.8327179421969781,25,20,20
12,4842,0.14271768746981617,5.668468884262788e-08,0.036064094688995976,0.8212181611564984,25,20,20
12,4843,0.11322151349092993,0.022302778566257186,0.046865887864490155,0.8176098200783223,25,20,20
12,4844,0.06942811863324247,0.000663337119898886,0.09035573894230046,0.8395528053045599,25,20,20
12,4845,0.07099347476039468,2.7123800111864993e-07,0.09608298553707563,0.8329232684645295,25,20,20
12,4846,0.10646923939976517,2.5428272694954565e-07,0.05981775016513021,0.8337127561523779,25,20,20
12,4847,0.10964375386442071,2.540800245406759e-07,0.053097880331398166,0.8372581117241563,25,20,20
12,4848,0.03263107651688596,1.2000318789084237e-05,0.11317427589464721,0.854182647269679,25,20,20
12,4849,0.03266213260368333,2.573256099872325e-05,0.11283269538110041,0.8544794394542187,25,20,20
12,4850,0.040007025783232876,1.3732997909416045e-05,0.07913951075899824,0.8808397304598582,25,20,20
12,4851,0.02391053090800193,1.37438926283481e-05,0.09580421313092943,0.8802715120684387,25,20,20
12,4852,0.04112328719605575,1.3795890838865187e-05,0.07984745359039735,0.879015463322707,25,20,20
12,4853,0.04129296566375527,1.374360243763082e-05,0.1019742100364695,0.8567190806973367,25,20,20
12,4854,0.04007486386316412,0.012117144826265518,0.06893558865468907,0.8788724026558805,25,20,20
12,4855,0.04060041468558653,0.012137709117866198,0.08519523797798781,0.8620666382185591,25,20,20
12,4856,0.03972269937865297,0.0008018441771878662,0.08602351976365821,0.8734519366805017,25,20,20
12,4857,0.07149535251218939,0.0007610463985312539,0.049739906567808995,0.8780036945214706,25,20,20
12,4858,0.08089456893240636,0.0007610323977885842,0.04057279013482486,0.8777716085349794,25,20,20
12,4859,0.08059152553137157,0.0007610708915122826,0.05599558341368563,0.8626518201634298,25,20,20
12,4860,0.07516272129375572,0.0007610310448244219,0.046135655454250496,0.8779405922071686,25,20,20
12,4861,0.0374647543252209,7.453181791235175e-06,0.08350609104554722,0.8790217014474416,25,20,20
12,4862,0.03513135522087326,7.494079847180997e-06,0.09037434730622751,0.874486803393052,25,20,20
12,4863,0.05101685766863743,6.194529534815428e-06,0.08894837951878597,0.8600285682830421,25,20,20
12,4864,0.06026584688237767,7.919378833862108e-05,0.07462990016177037,0.865025059167513,25,20,20
12,4865,0.06025839501079015,7.919377621360603e-05,0.06092295279087378,0.8787394584221221,25,20,20
12,4866,0.016134176484636456,5.930541551481127e-07,0.10472984767998567,0.8791353827812257,25,20,20
12,4867,0.0375300238790062,5.94844106807469e-07,0.08393015418102394,0.8785392270958619,25,20,20
12,4868,0.03817735153541857,5.94864490867802e-07,0.08417724622029413,0.877644807379796,25,20,20
12,4869,0.03464385516214248,0.0001464370964207249,0.16245412306853246,0.8027555846729062,25,20,20
12,4870,0.06614313129682962,3.128574477208074e-08,0.13113757733564957,0.802719260081778,25,20,20
12,4871,0.08026428974292868,7.194082210470305e-08,0.1281789237545605,0.7915567145616872,25,20,20
12,4872,0.06555944071713574,8.613968542660006e-06,0.1612057683655641,0.7732261769487576,25,20,20
12,4873,0.07375145731746287,1.6880115076863877e-06,0.14734624520637166,0.7789006094646576,25,20,20
12,4874,0.07679992546893932,3.025150908740057e-06,0.12447301708759109,0.7987240322925665,25,20,20
12,4875,0.07680169312599376,2.4540318911794315e-06,0.05788680066935362,0.8653090521727604,25,20,20
12,4876,0.06669335004248683,5.992592737129421e-06,0.11745102128312312,0.8158496360816534,25,20,20
12,4877,0.11490975632224217,3.549848175100211e-07,0.09904679601651466,0.7860430926764262,25,20,20
12,4878,0.07910620510574569,4.971087436825448e-06,0.14839082701105524,0.7724979967957628,25,20,20
12,4879,0.08051654257317335,0.0007425173711036481,0.13394459154580246,0.7847963485099205,25,20,20
12,4880,0.07230701653369104,1.8252609519256875e-05,0.16492352179202427,0.762751209064768,25,20,20
12,4881,0.08872061522791302,5.220841616450259e-06,0.1484964164143993,0.7627777475160705,25,20,20
12,4882,0.07009611371083928,1.374051395647856e-05,0.17052943844929316,0.7593607073259108,25,20,20
12,4883,0.07413740218880906,2.148971657943747e-05,0.16730279206260956,0.7585383160319995,25,20,20
12,4884,0.06246464750744467,3.030134985017854e-05,0.1926830302098396,0.7448220209328653,25,20,20
12,4885,0.045302013441019494,2.7691832527878453e-05,0.2099186795450154,0.74475161518144,25,20,20
12,4886,0.04039877733648303,1.986470888005596e-05,0.1859614457031572,0.7736199122514812,25,20,20
12,4887,0.05981917696326115,1.959819381352809e-05,0.16028985522395153,0.779871369618975,25,20,20
12,4888,0.0500145520780031,2.997597568708129e-05,0.1825718509856494,0.7673836209606599,25,20,20
12,4889,0.07354482130561758,1.5674903451079477e-05,0.15991001369770433,0.7665294900932306,25,20,20
12,4890,0.1277235914658628,5.446801266407581e-08,0.07854054484090131,0.7937358092252234,25,20,20
12,4891,0.14544571870901563,1.0950011842452093e-05,0.08060255286771258,0.7739407784114296,25,20,20
12,4892,0.1538247216149399,6.228086604200916e-08,0.05345464597496126,0.792720570129233,25,20,20
12,4893,0.1887822880321054,9.803036400665447e-09,0.013749725983723681,0.7974679761811345,25,20,20
12,4894,0.14908660956809577,2.2930780711804924e-06,0.057327672481191305,0.7935834248726414,25,20,20
12,4895,0.15155828305109417,1.451618392765585e-06,0.05065870354396597,0.7977815617865462,25,20,20
12,4896,0.15376305598168336,3.2325633237863268e-06,0.04855870221393723,0.7976750092410544,25,20,20
12,4897,0.1558356462574695,7.585753012008216e-07,0.04585109156919245,0.7983125035980357,25,20,20
12,4898,0.1590526655994036,1.9375144751535923e-07,0.05721383622036802,0.7837333044287808,25,20,20
12,4899,0.15944739513555,3.428129130717199e-09,0.03901606483061852,0.8015365366057016,25,20,20
12,4900,0.14006266223192598,8.198827178211962e-09,0.061178290118786005,0.7987590394504602,25,20,20
12,4901,0.13327338548295845,4.8651649507613524e-05,0.10566750111349756,0.7610104617540362,25,20,20
12,4902,0.1618963587196019,3.3436393068283824e-08,0.11386721658938992,0.7242363912546171,25,20,20
12,4903,0.1718662515890879,1.97444024297944e-08,0.10789707786232204,0.7202366508041884,25,20,20
12,4904,0.14750475835708657,5.310353727738691e-07,0.1761821679340293,0.6763125426735115,25,20,20
12,4905,0.1620325012368413,0.0011904801122188103,0.21316885021193932,0.6236081684389984,25,20,20
12,4906,0.16821985705124093,0.010780128801376253,0.14116720131453828,0.6798328128328456,25,20,20
12,4907,0.20784543782107598,0.03825965993764011,0.07441605005364108,0.6794788521876427,25,20,20
12,4908,0.22441625142681632,0.04068023477462541,0.0665540525698596,0.668349461228698,25,20,20
12,4909,0.1828310642702669,0.039962866780734706,0.10442337393394917,0.6727826950150515,25,20,20
12,4910,0.12545859871363665,0.00027585858208474453,0.20808532729367601,0.6661802154106021,25,20,20
12,4911,0.1276419342710505,4.997411961615023e-06,0.21431838397656214,0.6580346843404284,25,20,20
12,4912,0.13052756158554385,3.7959259516104636e-06,0.1920266971974289,0.6774419452910762,25,20,20
12,4913,0.17078357604649036,2.5401858251876976e-07,0.15020081719614192,0.6790153527387851,25,20,20
12,4914,0.17520124163626108,0.0006404387111839021,0.16016335842334345,0.6639949612292132,25,20,20
12,4915,0.11626215861577055,2.8849148932931067e-06,0.21962124651709708,0.6641137099522418,25,20,20
12,4916,0.20674433425229702,1.6634566154277602e-06,0.1588210438593916,0.6344329584316974,25,20,20
12,4917,0.2163771592690508,1.4251012615936885e-06,0.14838221328453957,0.6352392023451494,25,20,20
12,4918,0.21509681959173363,2.2530885505859117e-07,0.14642063095879648,0.6384823241406181,25,20,20
12,4919,0.2522968461740518,1.508736362046167e-08,0.11927115676184663,0.6284319819767414,25,20,20
12,4920,0.2865415004214944,2.498005241699414e-08,0.11248691729169208,0.6009715573067639,25,20,20
12,4921,0.29195022960681466,4.4727151332404533e-08,0.11092720813231847,0.5971225175337163,25,20,20
12,4922,0.2991741128629707,8.932414268168912e-08,0.10202826175693801,0.5987975360559507,25,20,20
12,4923,0.29874790751947794,1.197041298623304e-06,0.10835032860407447,0.5929005668351508,25,20,20
12,4924,0.2779725121181806,3.252056682420379e-07,0.08335701943494504,0.638670143241208,25,20,20
12,4925,0.22284582880693685,5.9843737223359685e-09,0.13759199751705795,0.6395621676916337,25,20,20
12,4926,0.19950916933060436,0.00024253477938921596,0.1650690864060703,0.6351792094839369,25,20,20
12,4927,0.21673777270899575,0.00024251022886008933,0.14355870827138284,0.6394610087907658,25,20,20
12,4928,0.27672952004429097,3.9962755665279744e-08,0.0837609714873105,0.6395094685056457,25,20,20
12,4929,0.2639427770033016,1.19376504480438e-09,0.09652547032441068,0.6395317514785235,25,20,20
12,4930,0.27495502961092927,8.649963364059154e-10,0.08598012731904911,0.6390648422050261,25,20,20
12,4931,0.2301279548044604,4.954982218768323e-07,0.13747469949524097,0.6323968502020777,25,20,20
12,4932,0.23142542785693387,5.088373452940623e-08,0.14146522653571109,0.6271092947236209,25,20,20
12,4933,0.2708927167544423,3.6762255229259434e-08,0.09473418862965854,0.6343730578536441,25,20,20
12,4934,0.26848446860071545,3.880648882727342e-06,0.09307634478993371,0.6384353059604705,25,20,20
12,4935,0.2558435462433905,3.895250776535387e-06,0.1119295497102528,0.6322230087955829,25,20,20
12,4936,0.251485947437649,4.8882108917506e-07,0.1535061189601769,0.5950074447810856,25,20,20
12,4937,0.26582609203213575,1.54202795569069e-07,0.13171271403640541,0.6024610397286633,25,20,20
12,4938,0.2264783813048161,2.3322393389550482e-07,0.1841613696150066,0.5893600158562401,25,20,20
12,4939,0.28298021984085503,1.3626281951472054e-06,0.10081950226702464,0.6161989152639251,25,20,20
12,4940,0.20547006411259353,7.1494787541995505e-06,0.1762989072913771,0.6182238791172773,25,20,20
12,4941,0.19779802207774025,3.8432891572354265e-06,0.16343240626863628,0.6387657283644694,25,20,20
12,4942,0.2369315112648627,4.609517958276581e-08,0.12468059405812619,0.6383878485818344,25,20,20
12,4943,0.23561791354953557,9.473258650004239e-08,0.12811030652329564,0.6362716851945841,25,20,20
12,4944,0.23530004626007417,1.9485431755845155e-06,0.1001130083539205,0.6645849968428312,25,20,20
12,4945,0.2005859038648655,5.382743525265741e-08,0.12054757945680844,0.6788664628508915,25,20,20
12,4946,0.18009353450347723,1.7979314468684547e-05,0.18102702100598683,0.6388614651760652,25,20,20
12,4947,0.18690418654022,5.7138810725885155e-06,0.17439618829419523,0.6386939112845126,25,20,20
12,4948,0.21867458665653355,3.7572557909723417e-06,0.14301478144531557,0.6383068746423614,25,20,20
12,4949,0.25322477863063786,1.8658134813250507e-06,0.10800170165154713,0.6387716539043353,25,20,20
12,4950,0.2205747060477215,2.6941576229998976e-07,0.1546320990818724,0.6247929254546476,25,20,20
12,4951,0.25585378894172206,2.6975874110650543e-07,0.15945213866129962,0.5846938026382389,25,20,20
12,4952,0.2760807629028327,1.2179589599551414e-06,0.12543870152362982,0.5984793176145807,25,20,20
12,4953,0.2949947888153874,1.3680062028432123e-06,0.10621657351791822,0.5987872696604931,25,20,20
12,4954,0.2905601894099133,3.2086131244444596e-06,0.10927327112832633,0.6001633308486382,25,20,20
12,4955,0.2367517727805748,3.4607332902339315e-06,0.12151876718996846,0.6417259992961659,25,20,20
12,4956,0.23723027347986939,2.9802121981255706e-07,0.12364568009151142,0.6391237484074006,25,20,20
12,4957,0.2421425556861273,3.097747721901535e-08,0.11905270432777536,0.6388047090086226,25,20,20
12,4958,0.27549869475443023,3.3267244419048717e-07,0.09945538684332147,0.625045585729809,25,20,20
12,4959,0.23753078081181533,1.5637271336058624e-06,0.13712680891727932,0.6253408465437746,25,20,20
12,4960,0.20252561007329292,3.3536515265204534e-07,0.16575550711330225,0.6317185474482517,25,20,20
12,4961,0.21122767597234676,9.435159687796378e-06,0.1688010458632354,0.6199618430047308,25,20,20
12,4962,0.2435869230394281,8.86151488234688e-06,0.12261255146876165,0.6337916639769293,25,20,20
12,4963,0.17495164050177178,7.490108307995287e-07,0.18946334538078136,0.6355842651066139,25,20,20
12,4964,0.20011768836430388,5.031774090411127e-07,0.1766912510636704,0.6231905573946167,25,20,20
12,4965,0.19401925198815703,1.9692201796655724e-06,0.21289666521443326,0.5930821135772295,25,20,20
12,4966,0.1596582194217706,1.9353114507182655e-06,0.2420139054390555,0.5983259398277228,25,20,20
12,4967,0.19398187442707052,0.0004070628830743618,0.2071957935029514,0.5984152691869068,25,20,20
12,4968,0.17307741321094994,0.0003863023367545051,0.19535248458377455,0.6311837998685222,25,20,20
12,4969,0.18323462802662607,0.0217385589383809,0.1563742333803181,0.6386525796546747,25,20,20
12,4970,0.20413082365857238,0.039909567949324425,0.11759567838864021,0.6383639300034626,25,20,20
12,4971,0.2812872884040795,0.03953563253055841,0.0459330180402947,0.6332440610250673,25,20,20
12,4972,0.2598514133571462,0.03997856742918787,0.07601378104453758,0.6241562381691288,25,20,20
12,4973,0.2347679077735986,0.04815978770873977,0.08376556619928541,0.6333067383183772,25,20,20
12,4974,0.21218329570162864,0.06448981464924605,0.08547409183160867,0.6378527978175176,25,20,20
12,4975,0.22411271057978766,0.07994304831597698,0.07157551813876195,0.6243687229654735,25,20,20
12,4976,0.26268907009694487,0.07823978247522345,0.026594255435198236,0.6324768919926337,25,20,20
12,4977,0.23821133503388667,0.07868585407384836,0.04439979847573389,0.6387030124165293,25,20,20
12,4978,0.24068042493014105,0.04246054127929526,0.08277243127225364,0.6340866025183103,25,20,20
12,4979,0.19383530709453736,0.07817781595825984,0.07400322240827417,0.653983654538928,25,20,20
12,4980,0.13470170322037137,0.07827535486899814,0.12795909910923783,0.6590638428013968,25,20,20
12,4981,0.13694945393810914,0.07828606046554132,0.12322066755029694,0.6615438180460544,25,20,20
12,4982,0.17436722618319428,0.07696753583779488,0.07045522717481728,0.6782100108041924,25,20,20
12,4983,0.143461613440274,0.07819518049113544,0.10080531124034156,0.67753789482825,25,20,20
12,4984,0.1469947586874123,0.07647058397999268,0.09775777007170948,0.6787768872608857,25,20,20
12,4985,0.07726268109237615,0.07651608491260226,0.16716087218710507,0.6790603618079168,25,20,20
12,4986,0.09727998237924904,0.04178181975166766,0.18236007330220208,0.6785781245668813,25,20,20
12,4987,0.09979074130987374,0.03826902650068939,0.19383780452809046,0.6681024276613473,25,20,20
12,4988,0.12981532559100908,0.014156486800565256,0.21302978754235735,0.6429984000660687,25,20,20
12,4989,0.15438631442034778,0.03997802665438289,0.18033138968380466,0.6253042692414664,25,20,20
12,4990,0.17080102034433545,0.021115003778883586,0.169521421761812,0.6385625541149699,25,20,20
12,4991,0.15709706563129375,0.021116593096353088,0.18276169521206442,0.639024646060289,25,20,20
12,4992,0.19108949690003144,0.05620799644017193,0.11357937169305138,0.6391231349667457,25,20,20
12,4993,0.23133256148164094,0.08073829666454319,0.05147284109375855,0.6364563007600573,25,20,20
12,4994,0.2334498264624799,0.07986054145425911,0.04814864622005297,0.6385409858632084,25,20,20
12,4995,0.20647699361690885,0.07640382329679433,0.08264084055325638,0.6344783425330409,25,20,20
12,4996,0.1657451497537958,0.03756347528535043,0.16480487739776373,0.6318864975630912,25,20,20
12,4997,0.154040436773737,0.01522955991578792,0.1925863597188367,0.6381436435916399,25,20,20
12,4998,0.16192206503584747,0.010428662957125039,0.14878408777572194,0.6788651842313077,25,20,20
12,4999,0.1206495554788026,0.0010905818845562873,0.19951817668842708,0.6787416859482147,25,20,20
12,5000,0.12199604381679718,0.0011334084024691297,0.1985639525701244,0.6783065952106087,25,20,20
12,5001,0.15413624631434766,0.0014828191701658348,0.16495749564060488,0.6794234388748838,25,20,20
12,5002,0.14993575372378423,3.6294953308114825e-07,0.1962510005149187,0.653812882811765,25,20,20
12,5003,0.1644664789176648,4.16947193402894e-07,0.19661653308652233,0.6389165710486194,25,20,20
12,5004,0.23736369679009603,0.0009047616459452267,0.11924316583977636,0.6424883757241833,25,20,20
12,5005,0.24548548476794274,1.4947558755293066e-07,0.07157760643078658,0.6829367593256829,25,20,20
12,5006,0.21485887883083749,1.0557206349028852e-08,0.10618085506528602,0.6789602555466727,25,20,20
12,5007,0.24203328246166614,2.6513932580356093e-07,0.07917580210802448,0.6787906502909838,25,20,20
12,5008,0.17144426308344957,2.3343857311711147e-06,0.1502451459227092,0.6783082566081133,25,20,20
12,5009,0.17540339987569795,2.047588812580048e-06,0.14529564035523473,0.6792989121802573,25,20,20
12,5010,0.23430116997204542,7.082420049884088e-07,0.08688208465406921,0.6788160371318809,25,20,20
12,5011,0.24544382580549887,1.5482620073058544e-05,0.07551782944917627,0.6790228621252516,25,20,20
12,5012,0.1476469813572287,5.823782092164887e-05,0.1731544140560631,0.6791403667657865,25,20,20
12,5013,0.12029744113724503,4.6032065422713724e-05,0.21436131465360073,0.6652952121437317,25,20,20
12,5014,0.1857875449152814,6.0114976688578843e-05,0.17791046190690862,0.6362418782011223,25,20,20
12,5015,0.1829943380228492,1.6779077211717766e-05,0.18121196689537988,0.6357769160045574,25,20,20
12,5016,0.18197029373783408,1.5106197793429183e-05,0.14624239457391178,0.6717722054904617,25,20,20
12,5017,0.15218566244241816,0.00012904003796858666,0.1265304752711941,0.7211548222484216,25,20,20
12,5018,0.1578277066238934,0.00013760553295579333,0.14410551211452888,0.6979291757286221,25,20,20
12,5019,0.12355688488329294,4.0639760437066673e-07,0.16812803356474518,0.7083146751543552,25,20,20
12,5020,0.1862949255574569,1.4442407266560078e-05,0.09473540120758456,0.7189552308276943,25,20,20
12,5021,0.1956719057446989,3.292709346861587e-05,0.09028824958836522,0.7140069175734705,25,20,20
12,5022,0.2064713897812426,5.563222753244962e-06,0.09925296477587596,0.6942700822201302,25,20,20
12,5023,0.21286803634758578,0.0002649656674157592,0.12792282836648286,0.6589441696185164,25,20,20
12,5024,0.18951819926391653,2.5444016712785795e-07,0.14085226034320844,0.6696292859527094,25,20,20
12,5025,0.1691326198509622,0.00011611622283430568,0.1473114831614591,0.683439780764745,25,20,20
12,5026,0.1541503608287158,3.496226276468124e-07,0.12697122971122904,0.7188780598374308,25,20,20
12,5027,0.10355620128714445,0.00017756030564567717,0.17694087545472473,0.7193253629524868,25,20,20
12,5028,0.12017415150508792,0.00018360518766221158,0.12872903128933796,0.7509132120179111,25,20,20
12,5029,0.17314300082921494,2.2926818335561607e-08,0.0697743675609225,0.7570826086830437,25,20,20
12,5030,0.07983196775458547,0.0399365212113214,0.12882142472837477,0.7514100863057217,25,20,20
12,5031,0.044988638022235496,0.03995722410554305,0.16319303778755623,0.7518611000846662,25,20,20
12,5032,0.04385163478777341,0.03994600660952861,0.17073056925135727,0.7454717893513417,25,20,20
12,5033,0.07793605826368194,0.0010782658517714651,0.15511651323419626,0.7658691626503533,25,20,20
12,5034,0.07593175177782156,0.0008502733284164885,0.19231524174298645,0.7309027331507754,25,20,20
12,5035,0.1013264514310627,1.1703512296569698e-06,0.14504908735411326,0.7536232908635992,25,20,20
12,5036,0.1177353339086104,4.654388427400619e-05,0.12412842314110115,0.7580896990660168,25,20,20
12,5037,0.10607790239475318,7.188098918123566e-07,0.13538003823254366,0.758541340562813,25,20,20
12,5038,0.10698503699378838,1.3986939997150245e-05,0.14157150049686737,0.751429475569347,25,20,20
12,5039,0.1030847810915002,1.4070623484486618e-05,0.18483342460806282,0.7120677236769554,25,20,20
12,5040,0.11740914665187635,1.6237565693560883e-05,0.16309636410264525,0.7194782516797883,25,20,20
12,5041,0.12021144659487368,1.6398642910021933e-05,0.15393822090797774,0.72583393385424,25,20,20
12,5042,0.12276099515598082,1.5928433421620677e-05,0.17251280853280235,0.7047102678777982,25,20,20
12,5043,0.085259485563209,1.592687837816822e-05,0.1943997150816578,0.7203248724767559,25,20,20
12,5044,0.1174144126534169,1.5860723481714412e-05,0.17455472295114632,0.7080150036719572,25,20,20
12,5045,0.11897135107635697,1.5868228291091097e-05,0.1670400592941608,0.7139727214011903,25,20,20
12,5046,0.18959008093412544,1.5871821351183106e-05,0.10740377131685383,0.7029902759276707,25,20,20
12,5047,0.14776131257367814,1.622804153338249e-05,0.14981550265623236,0.7024069567285547,25,20,20
12,5048,0.1562111192996388,2.5350985170885324e-06,0.14090976594975926,0.7028765796520863,25,20,20
12,5049,0.1248598652189848,7.002962196644744e-05,0.19959862035594342,0.6754714848031039,25,20,20
12,5050,0.14917710850960753,1.416665818709044e-05,0.18884404326283974,0.6619646815693657,25,20,20
12,5051,0.15035062879593675,1.519649541770745e-05,0.17638918382588106,0.6732449908827642,25,20,20
12,5052,0.16558602758426832,1.6163258989257118e-05,0.17337825371414453,0.6610195554425995,25,20,20
12,5053,0.14041155801746366,1.5980247970129516e-05,0.18718011777884172,0.6723923439557262,25,20,20
12,5054,0.14479672122772197,1.416920048387562e-05,0.17609707406647096,0.6790920355053229,25,20,20
12,5055,0.12425616504584333,4.4861705452636394e-05,0.2089212879671421,0.6667776852815572,25,20,20
12,5056,0.15533351466810766,4.461428209394942e-05,0.17970023628121928,0.6649216347685797,25,20,20
12,5057,0.13481718782732358,4.467097020907572e-05,0.17932316511071333,0.6858149760917542,25,20,20
12,5058,0.18028210762423863,4.072588694593272e-08,0.12346887721173708,0.6962489744381373,25,20,20
12,5059,0.15476387431244953,3.239322325304051e-08,0.13815951558538087,0.7070765777089514,25,20,20
12,5060,0.1403952863363751,7.334568137023211e-08,0.15716426770634886,0.7024403726115979,25,20,20
12,5061,0.19425113346011202,0.000564261561998305,0.13586683173006503,0.6693177732478276,25,20,20
12,5062,0.200962345178122,1.446065624588871e-05,0.12451068529489236,0.6745125088707432,25,20,20
12,5063,0.15720299162681564,3.802921195205266e-07,0.16849950789945844,0.6742971201816066,25,20,20
12,5064,0.15305520021750518,1.112989338202424e-07,0.17135447341554294,0.6755902150680169,25,20,20
12,5065,0.18008211492723117,6.049019873419885e-07,0.16745461387380334,0.6524626662969818,25,20,20
12,5066,0.19873317601506563,9.691170696649106e-08,0.13401939062476517,0.667247336448463,25,20,20
12,5067,0.14175446121581434,1.9432064089281587e-05,0.19105792818780146,0.667168178532295,25,20,20
12,5068,0.1699676760357662,1.5772012870234965e-05,0.16217413386338958,0.6678424180879767,25,20,20
12,5069,0.1794796195916755,6.76584067861019e-08,0.1472978513126146,0.6732224614373047,25,20,20
12,5070,0.16281483274734157,4.378595877089573e-08,0.17211024534981686,0.6650748781168833,25,20,20
12,5071,0.21903478846903593,4.423465777401381e-06,0.11661876570324665,0.6643420223619391,25,20,20
12,5072,0.2505974609631409,2.6859448211874782e-05,0.0760698827341338,0.6733057968545131,25,20,20
12,5073,0.21621212070051105,2.9189538891975695e-05,0.10922761183604328,0.6745310779245561,25,20,20
12,5074,0.20375173700600288,2.8243947666924535e-05,0.1370736540024235,0.6591463650439097,25,20,20
12,5075,0.2460249940183244,2.0642670865541592e-05,0.09053131260115416,0.6634230507096562,25,20,20
12,5076,0.260064176436493,6.110462887427623e-06,0.06704731179864729,0.6728824013019712,25,20,20
12,5077,0.2716984807650191,2.3190818511181707e-09,0.054529220586001986,0.6737722963298967,25,20,20
12,5078,0.28832199780703066,7.84034377997832e-09,0.03241159740554254,0.6792663969470822,25,20,20
12,5079,0.2069834290490867,6.662504251809322e-07,0.11394538756164348,0.6790705171388471,25,20,20
12,5080,0.21826834887667743,9.938564550014377e-07,0.10744333099839536,0.6742873262684749,25,20,20
12,5081,0.2323087106679017,4.301007442055639e-06,0.08910714861270842,0.6785798397119485,25,20,20
12,5082,0.22913900528531456,1.9980171958459264e-07,0.09835079046512321,0.6725100044478449,25,20,20
12,5083,0.26993162163796663,4.1541835096840436e-08,0.04769610580937468,0.6823722310108228,25,20,20
12,5084,0.2741312741537639,1.1462906190731889e-07,0.08327610511114791,0.642592506106029,25,20,20
12,5085,0.21300423268700638,4.0244781894982207e-07,0.1455999676204856,0.6413953972446926,25,20,20
12,5086,0.2050716821446267,7.056301377108857e-07,0.15353866049362838,0.6413889517316091,25,20,20
12,5087,0.24134098335380036,0.0008115337618605183,0.13077306471088776,0.6270744181734533,25,20,20
12,5088,0.14294603062526515,0.0008114643269913147,0.22919841349890832,0.6270440915488336,25,20,20
12,5089,0.17794268730318932,7.334222381836248e-08,0.19209572348815634,0.6299615158664311,25,20,20
12,5090,0.20166581285911658,1.4094307539885976e-05,0.15990192291058208,0.6384181699227658,25,20,20
12,5091,0.1994025455942776,1.406703918658939e-05,0.11910559304388364,0.6814777943226528,25,20,20
12,5092,0.20232506116837143,1.4834027934006715e-05,0.11834609890738154,0.6793140058963132,25,20,20
12,5093,0.16342732908859506,7.649796248722829e-05,0.16295731540603736,0.6735388575428813,25,20,20
12,5094,0.18070620280919422,7.606386066589635e-05,0.154756632997872,0.66446110033227,25,20,20
12,5095,0.17870834920836054,5.246465684721295e-06,0.15612456904480307,0.6651618352811528,25,20,20
12,5096,0.16033653758330157,1.8205002131504915e-06,0.16515767184324542,0.6745039700732438,25,20,20
12,5097,0.19398116911989116,6.386064423746058e-06,0.1297713433731319,0.6762411014425552,25,20,20
12,5098,0.15400230673197274,6.364159412099495e-06,0.1516411291260168,0.6943501999825981,25,20,20
12,5099,0.15916198896716927,1.4222389683781915e-05,0.17365640412956193,0.6671673845135859,25,20,20
12,5100,0.18626193205785063,3.6797617351309103e-07,0.1526145394135798,0.6611231605523977,25,20,20
12,5101,0.17637645307699518,3.518643807547845e-08,0.14865740611559158,0.6749661056209759,25,20,20
12,5102,0.17176556490351624,1.5706729233805914e-06,0.13145181118630453,0.6967810532372556,25,20,20
12,5103,0.14709738162126507,2.88510911508442e-07,0.1343263839613337,0.7185759459064927,25,20,20
12,5104,0.1599432707418886,2.8664625416996564e-07,0.12096445674934125,0.7190919858625172,25,20,20
12,5105,0.10803517335096867,2.8678300793769727e-07,0.1359690486924461,0.7559954911735811,25,20,20
12,5106,0.12100206723704982,3.8528401716568254e-07,0.1177706474913327,0.7612268999876021,25,20,20
12,5107,0.13700791485226912,0.0004017867490930435,0.10000843456060948,0.7625818638380276,25,20,20
12,5108,0.11564128473986317,3.73451430243796e-06,0.12732070143241153,0.7570342793134253,25,20,20
12,5109,0.0994533944468935,7.942185395835689e-09,0.13921909187070977,0.7613275057402131,25,20,20
12,5110,0.08927266802220914,0.0007999066014481985,0.16296840880843308,0.7469590165679075,25,20,20
12,5111,0.08899781320132581,0.0007999067526523683,0.1708841142407328,0.7393181658052894,25,20,20
12,5112,0.08219300521557595,3.757496804317767e-05,0.17253464718495123,0.7452347726314323,25,20,20
12,5113,0.13524279648208543,3.747412312083421e-05,0.1054857058995998,0.7592340234951926,25,20,20
12,5114,0.15941302361677218,3.3068478719977907e-07,0.08153290965816172,0.7590537360402854,25,20,20
12,5115,0.1593178253672081,6.762013714619021e-06,0.08202497222460887,0.7586504403944704,25,20,20
12,5116,0.1612159960292243,6.678659418858446e-06,0.07992655960610057,0.758850765705255,25,20,20
12,5117,0.16183923334939693,6.67845606571497e-06,0.08026688990917887,0.7578871982853583,25,20,20
12,5118,0.15156672344895336,8.034322368261084e-07,0.08975569207787626,0.7586767810409337,25,20,20
12,5119,0.15951225688048717,1.3566211845862302e-09,0.08289689125682594,0.7575908505060674,25,20,20
12,5120,0.15805150361965511,3.2934496004195687e-08,0.08394997626009941,0.7579984871857497,25,20,20
12,5121,0.11819955277311667,7.650302909928152e-07,0.12519523802173999,0.7566044441748538,25,20,20
12,5122,0.08150266817493165,0.024660979886695213,0.1305994923294674,0.7632368596089059,25,20,20
12,5123,0.07041594711929432,0.03824344098395407,0.13047278000783005,0.7608678318889228,25,20,20
12,5124,0.007493969394752235,0.028677963120875085,0.21696646005006812,0.7468616074343051,25,20,20
12,5125,0.03357768710012185,0.054487105994771065,0.15533495767244893,0.7566002492326602,25,20,20
12,5126,0.07231670658971834,0.01559986315173182,0.15529252716498443,0.7567909030935671,25,20,20
12,5127,0.11937834186641423,0.0399544994406387,0.07728620294727956,0.7633809557456678,25,20,20
12,5128,0.12134854644127387,0.03997650603427574,0.0803489066249857,0.7583260408994643,25,20,20
12,5129,0.160232504596424,0.0007788532499172403,0.08065192567997671,0.7583367164736826,25,20,20
12,5130,0.14047238292179454,1.9485436726970736e-05,0.10073348722550154,0.7587746444159785,25,20,20
12,5131,0.18713388684520207,3.062511143683156e-08,0.06542149999028618,0.7474445825394003,25,20,20
12,5132,0.1903023606350361,1.557643594971939e-08,0.06684594496957318,0.7428516788189549,25,20,20
12,5133,0.1995694214134849,2.877084216977902e-10,0.04233360820987949,0.7580969700889265,25,20,20
12,5134,0.20178446442711537,2.2203205143560236e-08,0.04101051311319601,0.7572050002564832,25,20,20
12,5135,0.12547416901205966,0.000760280168162944,0.11560850778697,0.7581570430328077,25,20,20
12,5136,0.10494973151464078,0.0009305910776076792,0.13513167787728583,0.7589879995304684,25,20,20
12,5137,0.08705200832821892,0.0007748398782374054,0.1536210164196209,0.7585521353739224,25,20,20
12,5138,0.07539089904297996,7.852860643731726e-07,0.1304703831000572,0.7941379325709002,25,20,20
12,5139,0.06087421629696449,2.9918483049737075e-05,0.1398198172776994,0.7992760479422877,25,20,20
12,5140,0.09060207640853904,8.046752756822432e-07,0.11023031083122295,0.7991668080849612,25,20,20
12,5141,0.0551128389159451,7.578145930521054e-08,0.1445376523777591,0.8003494329248384,25,20,20
12,5142,0.06598245707024826,2.3855233950379645e-07,0.136313425888482,0.7977038784889313,25,20,20
12,5143,0.12710808869125761,7.120101908510299e-07,0.08953306506899619,0.7833581342295559,25,20,20
12,5144,0.07335182202466715,2.1443327019181968e-05,0.13972812633124468,0.7868986083170725,25,20,20
12,5145,0.07360441594298778,1.9993958637077353e-05,0.12498941394383001,0.8013861761545448,25,20,20
12,5146,0.07345967115180628,0.0005111319747226879,0.1496619283192234,0.7763672685542496,25,20,20
12,5147,0.08477275002755691,0.0006357777044336019,0.1557223165803116,0.7588691556876972,25,20,20
12,5148,0.10617253888777434,0.0005115932834064065,0.14121477866977528,0.7521010891590446,25,20,20
12,5149,0.1323687425483633,0.0005106920145259203,0.12707448663134063,0.7400460788057691,25,20,20
12,5150,0.1478981570573633,7.525998561401402e-09,0.1158307429149776,0.7362710925016621,25,20,20
12,5151,0.185896545913352,4.895155624274297e-08,0.06901247119212989,0.7450909339429603,25,20,20
12,5152,0.13629433109209077,1.2299026849040042e-06,0.13765646454474906,0.7260479744604791,25,20,20
12,5153,0.11919015578789023,2.0256181562482473e-05,0.14534180231506505,0.7354477857154833,25,20,20
12,5154,0.15752303113248334,2.0256536615248802e-05,0.0877000357177987,0.7547566766131031,25,20,20
12,5155,0.17201423411382544,0.010575003080300672,0.07308282367910457,0.7443279391267703,25,20,20
12,5156,0.1279191068218329,0.039371756182722796,0.07998423321362551,0.752724903781818,25,20,20
12,5157,0.12989997101301307,0.03994108367119109,0.10779160681622876,0.7223673384995678,25,20,20
12,5158,0.12416739553551688,0.039976579181924966,0.11766939007833771,0.7181866352042214,25,20,20
12,5159,0.12092118630311316,0.03995077462457804,0.1202582055748494,0.7188698334974596,25,20,20
12,5160,0.14263360560551402,0.03995076794237064,0.098375980298607,0.7190396461535075,25,20,20
12,5161,0.1979785745370772,0.039950767971988314,0.04362580565417854,0.7184448518367552,25,20,20
12,5162,0.19721372583580915,0.03995880296229413,0.092927542658103,0.6698999285437955,25,20,20
12,5163,0.20061712449123562,0.039955068799203235,0.10556359457288048,0.6538642121366821,25,20,20
12,5164,0.16114374507523657,0.039964737211483845,0.11774347322299765,0.6811480444902817,25,20,20
12,5165,0.1434519995583743,0.01112885203252751,0.16640571086667325,0.6790134375424247,25,20,20
12,5166,0.15387839440591555,0.03995515312875541,0.12714752101372997,0.6790189314516002,25,20,20
12,5167,0.14143839116283854,0.014166282074779686,0.15304722204154367,0.6913481047208413,25,20,20
12,5168,0.10507336590492443,0.03891242411990158,0.14414701777268207,0.7118671922024942,25,20,20
12,5169,0.1364247496494021,0.03994357195939204,0.12285506853448934,0.7007766098567171,25,20,20
12,5170,0.14408091016614208,0.039943659905804486,0.11666177779406169,0.699313652133993,25,20,20
12,5171,0.11923600328162698,0.03994705383806303,0.13200795841223603,0.7088089844680752,25,20,20
12,5172,0.15751040785177892,0.03995374931012039,0.0948678254864836,0.7076680173516201,25,20,20
12,5173,0.15657667865803543,0.03994749516773686,0.09086657903550703,0.7126092471387223,25,20,20
12,5174,0.14629269161578964,0.03994632632154082,0.14063714968240135,0.6731238323802704,25,20,20
12,5175,0.13131867212601264,0.0399486763273135,0.15559777867577965,0.6731348728708961,25,20,20
12,5176,0.16672323159541658,0.03994868412524172,0.115187582987267,0.6781405012920746,25,20,20
12,5177,0.143088080826546,0.039939418553590074,0.13928689587623683,0.6776856047436302,25,20,20
12,5178,0.22937377358264802,0.03994589600529028,0.06327843482184675,0.6674018955902145,25,20,20
12,5179,0.2607646436095363,0.03994587729659115,0.020895964023032777,0.6783935150708389,25,20,20
12,5180,0.23326640835488402,0.03998485432459771,0.05402041131740421,0.6727283260031136,25,20,20
12,5181,0.27376359667464295,0.011233561245645667,0.036482359809072655,0.6785204822706383,25,20,20
12,5182,0.2784711301228429,0.01122697239097806,0.031120842480915595,0.6791810550052635,25,20,20
12,5183,0.22015031938502497,0.01122701612790631,0.08983257841389362,0.6787900860731765,25,20,20
12,5184,0.24743840450375287,0.03996238462141597,0.03407905603765187,0.6785201548371791,25,20,20
12,5185,0.26125638590320205,0.039962709492606587,0.020179173844304708,0.6786017307598863,25,20,20
12,5186,0.24598957248099498,0.03994551115632595,0.03522421479666948,0.6788407015660097,25,20,20
12,5187,0.20264724036624857,0.03994547901682937,0.0796934297407308,0.6777138508761912,25,20,20
12,5188,0.1481183966199524,0.010437044432633658,0.1619904610229298,0.679454097924488,25,20,20
12,5189,0.1331012441903023,0.011234096767310792,0.1829323829508445,0.6727322760915462,25,20,20
12,5190,0.12887527688993247,0.03805823126639475,0.16539093740678795,0.6676755544368844,25,20,20
12,5191,0.17965615579267777,0.03995527297175475,0.13818121019273322,0.642207361042835,25,20,20
12,5192,0.13590041516451756,0.04048925764264445,0.22032099748229952,0.603289329710538,25,20,20
12,5193,0.08295066590499489,0.04039776672676269,0.29456049126111095,0.5820910761071315,25,20,20
12,5194,0.07756229087269768,0.04039826602283277,0.3211227880934437,0.5609166550110269,25,20,20
12,5195,0.0933262505814883,0.03991655887958804,0.27441811865769844,0.5923390718812253,25,20,20
12,5196,0.15190791694343062,0.03994681838514519,0.2094656568349328,0.5986796078364939,25,20,20
12,5197,0.22082732309832054,3.379196552394572e-05,0.1800294914968952,0.5991093934392598,25,20,20
12,5198,0.22159096273417045,1.9772420420301596e-05,0.18803527144640564,0.5903539933990052,25,20,20
12,5199,0.2402124766076527,1.537432283283024e-05,0.16010921708106238,0.5996629319884537,25,20,20
12,5200,0.16244717958111266,5.693963722048114e-06,0.23933529979876386,0.5982118266564033,25,20,20
12,5201,0.22603518640983952,1.6422171876083403e-05,0.17195166563108816,0.6019967257871973,25,20,20
12,5202,0.23007905091865158,4.897352990055477e-07,0.17045216553983078,0.5994682938062187,25,20,20
12,5203,0.17838387275836518,0.0006595703083576397,0.22844624355563847,0.5925103133776378,25,20,20
12,5204,0.1024677840153406,0.001074835386210718,0.30244819677586454,0.5940091838225822,25,20,20
12,5205,0.10426544424639717,0.012969769816233316,0.28334856013590115,0.5994162258014679,25,20,20
12,5206,0.14817965617897236,0.03824795402611795,0.2480167043755413,0.5655556854193667,25,20,20
12,5207,0.19700101938166284,0.03994496939177014,0.17624213466292357,0.5868118765636428,25,20,20
12,5208,0.23554059934579707,0.06447265487614348,0.10026655814779001,0.5997201876302695,25,20,20
12,5209,0.23940523868095195,0.06451667972546267,0.11682378541752796,0.579254296176057,25,20,20
12,5210,0.27963658789551366,0.041061228957579105,0.09394789077500419,0.5853542923719045,25,20,20
12,5211,0.2735835684966865,0.025106477595239002,0.10234171312752963,0.5989682407805467,25,20,20
12,5212,0.2629839615951204,0.03853069820894728,0.09914994852416177,0.5993353916717723,25,20,20
12,5213,0.288974338189591,0.03994496647185289,0.0719933684811495,0.5990873268574066,25,20,20
12,5214,0.22922997198234685,0.04018685375167111,0.10508872714686532,0.6254944471191181,25,20,20
12,5215,0.2224938598697799,0.052131400765971316,0.1400706603868624,0.5853040789773859,25,20,20
12,5216,0.22403261913090844,0.08016228987980607,0.09797621590069483,0.59782887508859,25,20,20
12,5217,0.19954884339252657,0.07988992202959616,0.12277403686040551,0.5977871977174729,25,20,20
12,5218,0.2272156019297528,0.07864945928403795,0.10102727023605325,0.5931076685501575,25,20,20
12,5219,0.19755048453195884,0.07867311249247975,0.12483422836731652,0.5989421746082436,25,20,20
12,5220,0.2124908855407713,0.07866399355628273,0.16108745296878063,0.5477576679341657,25,20,20
12,5221,0.2047994177561051,0.0782203163719928,0.12773104920316192,0.5892492166687411,25,20,20
12,5222,0.2010053487737449,0.07996195392279018,0.122247236019548,0.5967854612839176,25,20,20
12,5223,0.20037367617359514,0.05621067045778002,0.18523924895793495,0.5581764044106919,25,20,20
12,5224,0.16331294961660117,0.05656575967718608,0.22074556987079091,0.5593757208354204,25,20,20
12,5225,0.1514295526183691,0.02379226819131665,0.25592884286353657,0.5688493363267787,25,20,20
12,5226,0.19551676478922617,0.052735139997420626,0.1950678716116488,0.5566802236017068,25,20,20
12,5227,0.223703781944731,0.07985313119284188,0.13719358962088546,0.5592494972415442,25,20,20
12,5228,0.191945588406805,0.07864248690630733,0.16984640418015418,0.5595655205067345,25,20,20
12,5229,0.1385699727816321,0.07863274736807958,0.23469424971979258,0.5481030301304967,25,20,20
12,5230,0.07471692208560779,0.07988233823149189,0.2868222500837679,0.5585784895991308,25,20,20
12,5231,0.06249999029825473,0.079882104798981,0.3121415856762222,0.5454763192265436,25,20,20
12,5232,0.14109270783385677,0.07999442849913212,0.23356155259109967,0.5453513110759133,25,20,20
12,5233,0.1449971021057601,0.07944122897127301,0.21618274835077242,0.5593789205721923,25,20,20
12,5234,0.14024552968678253,0.07824042205607942,0.22211952539861204,0.5593945228585269,25,20,20
12,5235,0.1499791081679368,0.061971319735871694,0.2285659584427747,0.559483613653414,25,20,20
12,5236,0.19115381391017722,0.061176874547046095,0.18867958136978377,0.558989730172994,25,20,20
12,5237,0.20693838273750045,0.06444515158694672,0.18712660830885824,0.5414898573666952,25,20,20
12,5238,0.23297250999112365,0.05117055711555898,0.16600340698088595,0.5498535259124301,25,20,20
12,5239,0.22981574909509386,0.02246828828452894,0.20498389521976684,0.5427320674006129,25,20,20
12,5240,0.17909472198489365,0.022476702235373004,0.23890709790139414,0.5595214778783416,25,20,20
12,5241,0.17134318652139335,0.06528049693520338,0.20357600938291817,0.5598003071604865,25,20,20
12,5242,0.12370135916947474,0.051205777351582576,0.2076900142591003,0.6174028492198446,25,20,20
12,5243,0.16692271062895805,0.07971239987148157,0.13572957363435204,0.6176353158652099,25,20,20
12,5244,0.1613234419679131,0.07879947924155938,0.09787669911054171,0.6620003796799894,25,20,20
12,5245,0.1563338594806614,0.07871907042398257,0.09108173121730781,0.6738653388780507,25,20,20
12,5246,0.12279675396066912,0.07986439766554992,0.12909006223608252,0.668248786137701,25,20,20
12,5247,0.08013929014449354,0.07986994611596988,0.16612045927584806,0.6738703044636878,25,20,20
12,5248,0.07947071141558115,0.06445884482109746,0.1430985701524931,0.7129718736108291,25,20,20
12,5249,0.12121074323854869,0.024511300093729385,0.1348137217760941,0.7194642348916308,25,20,20
12,5250,0.1134910509187711,0.03996935199784209,0.12868988899651265,0.7178497080868756,25,20,20
12,5251,0.09584046394472644,0.07867515423036536,0.11260186365496246,0.7128825181699474,25,20,20
12,5252,0.08071039385381988,0.05286582537604855,0.15162785261334089,0.7147959281567915,25,20,20
12,5253,0.1009236718431508,0.02537773510579554,0.1544435026725694,0.7192550903784856,25,20,20
12,5254,0.10745221099468263,0.025377751079593582,0.14837722897422914,0.7187928089514949,25,20,20
12,5255,0.11577218780423007,0.07812766514505415,0.09176823228910924,0.7143319147616092,25,20,20
12,5256,0.13097981128123556,0.07865209983833692,0.07332865879747956,0.7170394300829477,25,20,20
12,5257,0.14664072077434973,0.07867447598453632,0.09444888044700857,0.680235922794105,25,20,20
12,5258,0.1621872972650648,0.07700662644898068,0.09255115359758712,0.668254922688367,25,20,20
12,5259,0.10480833201365039,0.07824668163057429,0.15494541737637213,0.6619995689794055,25,20,20
12,5260,0.14826724076307482,0.07868807586476832,0.1418288111342203,0.6312158722379384,25,20,20
12,5261,0.1586866928800082,0.07993095889124699,0.12507009328758367,0.6363122549411628,25,20,20
12,5262,0.15994449000289074,0.051208186363849245,0.1525556663893056,0.6362916572439553,25,20,20
12,5263,0.11345188596412427,0.0780548295138158,0.16119854421624066,0.647294740305822,25,20,20
12,5264,0.10780682597769747,0.07806722175791118,0.1753307939505404,0.6387951583138509,25,20,20
12,5265,0.1650516000209202,0.06268723657905412,0.13306882354236954,0.6391923398576594,25,20,20
12,5266,0.15214230132938333,0.06267382307524755,0.10665478167568804,0.6785290939196824,25,20,20
12,5267,0.17134927625030158,0.0782039239106584,0.07199417158847228,0.6784526282505676,25,20,20
12,5268,0.1712019656837452,0.078773095377116,0.07142427985760211,0.6786006590815364,25,20,20
12,5269,0.13846641357921774,0.054120587028550736,0.12851612359704093,0.6788968757951922,25,20,20
12,5270,0.1660004690888734,0.05350898333368641,0.10688637480927991,0.6736041727681613,25,20,20
12,5271,0.1334644021743318,0.05410490374048346,0.1454133057911819,0.6670173882940023,25,20,20
12,5272,0.1135322793078579,0.05412758369904598,0.15285195891858291,0.679488178074518,25,20,20
12,5273,0.12878841774109773,0.07921028589689663,0.07841362289984433,0.7135876734621605,25,20,20
12,5274,0.10778956389329103,0.059481529403650014,0.11381541846979074,0.7189134882332704,25,20,20
12,5275,0.11075797233345318,0.07817555125605512,0.09827333421304124,0.7127931421974507,25,20,20
12,5276,0.10786698279433299,0.039961276519090164,0.1329277720566249,0.7192439686299543,25,20,20
12,5277,0.11391633068935413,0.0399489250546789,0.14072700836394245,0.7054077358920278,25,20,20
12,5278,0.14406738509560005,0.038739750172659876,0.11179653177185284,0.7053963329598905,25,20,20
12,5279,0.14916132750319708,0.03873730465954546,0.10720848964464018,0.7048928781926197,25,20,20
12,5280,0.14694654221186332,0.039946281986276214,0.05886812905573255,0.7542390467461279,25,20,20
12,5281,0.1454047595823357,0.04033413388621814,0.05656040849913094,0.7577006980323149,25,20,20
12,5282,0.14485873225545437,0.03947617523125882,0.05667571564383746,0.7589893768694493,25,20,20
12,5283,0.12479509013028305,0.039341509620372826,0.08793264003733924,0.7479307602120068,25,20,20
12,5284,0.11780135569094086,0.04001132441866414,0.1252676610314508,0.7169196588589462,25,20,20
12,5285,0.09415927023729256,0.03996168184500666,0.14773212763163193,0.7181469202860714,25,20,20
12,5286,0.09020991356766346,0.03995634563889498,0.15661722163262307,0.7132165191608215,25,20,20
12,5287,0.07091517657066981,0.03994751794947328,0.13015218030486214,0.758985125174996,25,20,20
12,5288,0.1341715206342885,0.039541227828730374,0.0675183385684738,0.7587689129685081,25,20,20
12,5289,0.13418469244127015,0.03870130343653334,0.07259262315185787,0.754521380970338,25,20,20
12,5290,0.1428633100395921,0.039963925519599264,0.1023452937276085,0.7148274707132026,25,20,20
12,5291,0.11888503335788249,0.04340125633673446,0.15943221895617005,0.6782814913492159,25,20,20
12,5292,0.06316802809426031,0.07994051882221034,0.15673653941200147,0.7001549136715299,25,20,20
12,5293,0.08935625929183773,0.07994050654672083,0.10855111890580109,0.7221521152556407,25,20,20
12,5294,0.08163364811641272,0.0386424560380848,0.15689962859457723,0.7228242672509283,25,20,20
12,5295,0.10997591324496492,0.03825993781896339,0.1149980695138329,0.7367660794222382,25,20,20
12,5296,0.11804688970099438,0.03994661661893176,0.08039205685029752,0.7616144368297765,25,20,20
12,5297,0.11800679025370753,0.039940026943368616,0.0804214139808391,0.7616317688220847,25,20,20
12,5298,0.15406986560388225,0.014173621885452266,0.09459139900177199,0.7371651135088926,25,20,20
12,5299,0.15329496214426536,0.01414365496633787,0.10060849548651633,0.7319528874028797,25,20,20
12,5300,0.15032538582725724,0.01414373738127259,0.13235298625769074,0.7031778905337811,25,20,20
12,5301,0.14407480462908526,0.014141077571402632,0.12018948320480005,0.7215946345947143,25,20,20
12,5302,0.1507318411769649,0.03873951505867992,0.10699560562319294,0.7035330381411632,25,20,20
12,5303,0.12633349251587414,0.038739578192290645,0.13042057785430183,0.7045063514375366,25,20,20
12,5304,0.09576604660922573,0.03873945374822535,0.1595552895646969,0.7059392100778554,25,20,20
12,5305,0.10599410264394582,0.010375608945413846,0.1895011247775633,0.6941291636330772,25,20,20
12,5306,0.1368308846642161,1.2834426874395409e-06,0.12639639292993543,0.7367714389631602,25,20,20
12,5307,0.12166871055576062,1.2863921290125107e-06,0.14428252690597065,0.7340474761461404,25,20,20
12,5308,0.1620847044141894,0.03937676439299946,0.106647115033081,0.6918914161597312,25,20,20
12,5309,0.1562113036299936,0.03937552954322501,0.09352137165224951,0.7108917951745327,25,20,20
12,5310,0.1749024777118497,0.03825979576094925,0.08028211184986848,0.7065556146773307,25,20,20
12,5311,0.21534653194441514,0.014161477854343425,0.06425493023722285,0.7062370599640185,25,20,20
12,5312,0.14726870815208964,0.014165501832328486,0.13619748099466358,0.7023683090209185,25,20,20
12,5313,0.18892201953662638,0.040268492489547295,0.05804054999314435,0.7127689379806823,25,20,20
12,5314,0.15215130515914418,0.04026241004101931,0.08874016677789141,0.718846118021948,25,20,20
12,5315,0.13500314846922346,0.03911911291238973,0.10625606368594133,0.7196216749324448,25,20,20
12,5316,0.1413574279085064,0.000775033251059644,0.13879448004380776,0.7190730587966265,25,20,20
12,5317,0.12637276214008228,2.9819981777711444e-07,0.16751234107699886,0.7061145985831021,25,20,20
12,5318,0.1263236198450659,3.0041007690017964e-07,0.19828864830327753,0.6753874314415812,25,20,20
12,5319,0.13997379097342919,1.9366669742401126e-05,0.1844137569858697,0.6755930853709592,25,20,20
12,5320,0.1294052807948159,1.936671095212746e-05,0.18092432258109437,0.6896510299131378,25,20,20
12,5321,0.15545595210506738,1.9260088702220633e-05,0.12180368447540121,0.7227211033308291,25,20,20
12,5322,0.1476902850910411,1.9593213863914805e-05,0.12937948700455598,0.7229106346905394,25,20,20
12,5323,0.17091103882044303,3.8978525688536916e-05,0.12367273516380635,0.705377247490063,25,20,20
12,5324,0.17845634945972674,2.2375222054428998e-05,0.10243644242154257,0.719084832896677,25,20,20
12,5325,0.18749481236318324,0.00039108590438694077,0.09322136578414573,0.7188927359482864,25,20,20
12,5326,0.17064117618800798,0.00038301953031753057,0.10996000865722305,0.7190157956244518,25,20,20
12,5327,0.17326661338412971,1.4062210510224277e-05,0.12263187512257337,0.7040874492827904,25,20,20
12,5328,0.13436273675595697,0.02567058035204074,0.12111324175262801,0.7188534411393763,25,20,20
12,5329,0.15669347975713538,0.039952354131077374,0.0842970614888584,0.7190571046229316,25,20,20
12,5330,0.14334147160901642,0.03932425075303478,0.09829880578471883,0.7190354718532319,25,20,20
12,5331,0.14254115395776998,0.024537306480004357,0.11430842115749199,0.7186131184047345,25,20,20
12,5332,0.1434327262761401,0.024556934142695747,0.12083512436849564,0.7111752152126715,25,20,20
12,5333,0.15904835598782197,0.04080864784179568,0.08390250457016553,0.7162404916002177,25,20,20
12,5334,0.13418313648341199,0.039972820149602496,0.08811201412615749,0.7377320292408314,25,20,20
12,5335,0.10084632073114376,0.040783973620348496,0.10116130882049358,0.7572083968280151,25,20,20
12,5336,0.11672248291090054,0.03998620249919588,0.08650644584773223,0.7567848687421709,25,20,20
12,5337,0.079632727208081,0.039972881531882394,0.12246172392923806,0.7579326673307982,25,20,20
12,5338,0.12416995863522294,0.039975396225490394,0.1168660751841639,0.7189885699551227,25,20,20
12,5339,0.11039907140413029,0.03997895502243824,0.14405692216833774,0.7055650514050972,25,20,20
12,5340,0.13864071180429785,0.03990145255556509,0.1422027757525583,0.6792550598875803,25,20,20
12,5341,0.16604468218683263,0.04186590438499068,0.11416822988134324,0.6779211835468351,25,20,20
12,5342,0.12235447727301235,0.04018861667156719,0.19545791783037822,0.6419989882250451,25,20,20
12,5343,0.13938570724737015,0.04065640556050539,0.17690747875342794,0.6430504084386987,25,20,20
12,5344,0.15688758537045597,0.01608834440585386,0.14920808078202624,0.6778159894416643,25,20,20
12,5345,0.1561808511953934,0.014184465743843551,0.15467450107210137,0.6749601819886628,25,20,20
12,5346,0.1568305561494261,0.014181784334656413,0.14978385482693488,0.6792038046889846,25,20,20
12,5347,0.14293893472328084,0.014193074413318236,0.16257844665168192,0.6802895442117207,25,20,20
12,5348,0.13606877185003743,0.014852125878669409,0.1688346699119202,0.6802444323593739,25,20,20
12,5349,0.0994644952366201,0.04061813580643612,0.19310737496122074,0.6668099939957212,25,20,20
12,5350,0.11618853858654105,0.039939607966827,0.1665766467567018,0.6772952066899276,25,20,20
12,5351,0.15587931942186514,0.039974129951668484,0.12624562671431383,0.6779009239121546,25,20,20
12,5352,0.12545186463183655,4.6200130652102734e-07,0.19548477309067322,0.6790629002761847,25,20,20
12,5353,0.09026313559495705,0.03993960218669981,0.19028916285868852,0.679508099359655,25,20,20
12,5354,0.16620872805766618,0.03994732569099317,0.14998099518340846,0.6438629510679328,25,20,20
12,5355,0.19335702019457415,0.050859986150633134,0.16493297635651005,0.5908500172982832,25,20,20
12,5356,0.1999496559115685,0.07867016170018828,0.08663094725708652,0.6347492351311569,25,20,20
12,5357,0.18589266679282632,0.050444351522112886,0.12857148791810902,0.6350914937669534,25,20,20
12,5358,0.2207890429186812,0.07873448389716638,0.09834711050387691,0.6021293626802763,25,20,20
12,5359,0.1546673423413498,0.07821731680312487,0.16811325286962517,0.5990020879858965,25,20,20
12,5360,0.1306219083646166,0.07890725442668045,0.1960893859821001,0.5943814512266044,25,20,20
12,5361,0.23579524214528735,0.04947174227034866,0.12961284450192312,0.5851201710824435,25,20,20
12,5362,0.21326019917155212,0.049453025305863034,0.15088145728895969,0.586405318233627,25,20,20
12,5363,0.22125440639422816,0.04945279556939981,0.13154939139767108,0.5977434066387012,25,20,20
12,5364,0.22317471471821307,0.07821435508396744,0.11432945917942633,0.5842814710183936,25,20,20
12,5365,0.17375888608142043,0.07816740719283186,0.17716813396769834,0.5709055727580509,25,20,20
12,5366,0.16744871920780102,0.06476465730009977,0.1686361670372266,0.5991504564548739,25,20,20
12,5367,0.16702110602583528,0.05143287679289549,0.18291194739785488,0.598634069783416,25,20,20
12,5368,0.2061973835840057,0.0417562455900828,0.1927596394717819,0.5592867313541325,25,20,20
12,5369,0.2302327973166899,0.040652578103924,0.1795094933534402,0.5496051312259446,25,20,20
12,5370,0.19729033542374175,0.038683284890214414,0.20550737368585573,0.5585190060001878,25,20,20
12,5371,0.21438167196715865,0.03997034175171833,0.15886244081900325,0.5867855454621229,25,20,20
12,5372,0.1900936859751806,0.040536051465286195,0.17021578281005156,0.5991544797494841,25,20,20
12,5373,0.1994450306697348,0.04065679718834339,0.16070216249047387,0.599196009651448,25,20,20
12,5374,0.20313940734163372,0.041091323332921405,0.15632348233198834,0.5994457869934594,25,20,20
12,5375,0.24117450918000125,0.04050229794239897,0.1193546332289724,0.5989685596486285,25,20,20
12,5376,0.19801434751245733,0.052446429274862434,0.15188992531327153,0.5976492978994098,25,20,20
12,5377,0.12030186609206783,0.06974462148262277,0.21995399018884193,0.5899995222364683,25,20,20
12,5378,0.1939300831701582,0.11865076263527323,0.09142713030345728,0.5959920238911135,25,20,20
12,5379,0.20027404070758853,0.11988763327713771,0.09357952152010314,0.5862588044951706,25,20,20
12,5380,0.18734930416885578,0.11808765733989776,0.09544085048324207,0.5991221880080047,25,20,20
12,5381,0.08670609158988425,0.10438791131651022,0.2210314569917907,0.5878745401018122,25,20,20
12,5382,0.09055569266536485,0.07835162204486411,0.24236560493962436,0.5887270803501455,25,20,20
12,5383,0.15685461152765223,0.09114637377600729,0.183272128367752,0.5687268863285915,25,20,20
12,5384,0.22213157662026897,0.1044509227205889,0.11924450327006283,0.5541729973890811,25,20,20
12,5385,0.18913579752706813,0.11988069832940958,0.16509366574842826,0.5258898383950952,25,20,20
12,5386,0.23969341820394494,0.11930252818062394,0.11977415486010422,0.5212298987553273,25,20,20
12,5387,0.23723446263437262,0.07759873651994602,0.1702903438068825,0.5148764570387994,25,20,20
12,5388,0.1764968368752149,0.07995910276913853,0.2291598533420691,0.5143842070135797,25,20,20
12,5389,0.1986088446822384,0.12086049570966029,0.16182871253994102,0.5187019470681608,25,20,20
12,5390,0.16383066456293197,0.11755924763543517,0.19915566036564847,0.5194544274359861,25,20,20
12,5391,0.13869834820543067,0.11883522166921255,0.22469714975657823,0.5177692803687779,25,20,20
12,5392,0.14991003106384684,0.11976977671136224,0.17169614103331401,0.5586240511914747,25,20,20
12,5393,0.17010213902506796,0.11817076526232617,0.19201190839040816,0.5197151873221967,25,20,20
12,5394,0.18918451841124978,0.1198671749860689,0.1715365537974305,0.5194117528052493,25,20,20
12,5395,0.23491230195004548,0.11751783918974834,0.1260803820379914,0.5214894768222172,25,20,20
12,5396,0.14863847316018883,0.1182106988848049,0.21272237604773317,0.5204284519072714,25,20,20
12,5397,0.1496500564456237,0.09307517588103828,0.23354444313587178,0.5237303245374678,25,20,20
12,5398,0.14382693999723814,0.07894516981532666,0.25415716407946287,0.5230707261079729,25,20,20
12,5399,0.14388506694162398,0.0787165343694024,0.2545682941469281,0.5228301045420483,25,20,20
12,5400,0.19543443501947025,0.07823425704958571,0.2126142081082485,0.5137170998226952,25,20,20
12,5401,0.21953203100239263,0.07538006902390121,0.1783931307148474,0.52669476925886,25,20,20
12,5402,0.21234688365541884,0.0774833196974308,0.19786514099486985,0.5123046556522811,25,20,20
12,5403,0.20092918875860405,0.054106797153031315,0.22614721186178424,0.5188168022265812,25,20,20
12,5404,0.22711070345901596,0.07820780059460522,0.1978520977990087,0.49682939814737187,25,20,20
12,5405,0.22873895212294762,0.07820591133103896,0.19971108273181518,0.49334405381420027,25,20,20
12,5406,0.20517754831978127,0.07818360717672243,0.19909554726574816,0.5175432972377496,25,20,20
12,5407,0.23949700705476062,0.07818404456944684,0.1736100230098007,0.5087089253659923,25,20,20
12,5408,0.28280922336266306,0.07989462111987378,0.11824004304743725,0.5190561124700248,25,20,20
12,5409,0.28038927846542483,0.07870515747369448,0.13275561133602007,0.5081499527248616,25,20,20
12,5410,0.2597717941319501,0.07835211219594584,0.19917132177937616,0.46270477189272874,25,20,20
12,5411,0.16130861297092092,0.07951609688156583,0.2796012331316498,0.479574057015865,25,20,20
12,5412,0.16597740701095845,0.0795042302173935,0.276927799573705,0.4775905631979422,25,20,20
12,5413,0.17768121975817458,0.07845939632311147,0.26514194986949163,0.4787174340492227,25,20,20
12,5414,0.23019839828256955,0.07973589035492544,0.21093142659341738,0.4791342847690884,25,20,20
12,5415,0.2627134554005141,0.09752029674265676,0.1997904014218995,0.43997584643493254,25,20,20
12,5416,0.26562218236290314,0.10157808478556345,0.2045050416457547,0.428294691205781,25,20,20
12,5417,0.2707416638489839,0.11689289821451554,0.17940792424553784,0.43295751369096264,25,20,20
12,5418,0.23483983530287733,0.07818069733102453,0.24481326709678508,0.44216620026931097,25,20,20
12,5419,0.21487918917546459,0.0782007196727123,0.24248212148000003,0.464437969671825,25,20,20
12,5420,0.25327431955257035,0.078234001662897,0.20149174425478894,0.46699993452974553,25,20,20
12,5421,0.27669256843375756,0.07898691371740703,0.19682012573832505,0.4475003921105119,25,20,20
12,5422,0.30559036724564637,0.0786716490424769,0.1564627231109121,0.459275260600966,25,20,20
12,5423,0.2445923741708156,0.07802505691931616,0.20782148719502963,0.4695610817148388,25,20,20
12,5424,0.2621273137012851,0.07802491724853783,0.17399049654537793,0.48585727250479854,25,20,20
12,5425,0.29881648627630947,0.08095142356181947,0.15461418721339926,0.4656179029484713,25,20,20
12,5426,0.19359318679984966,0.08096719132794629,0.2660775859715936,0.4593620359006114,25,20,20
12,5427,0.22239490436988146,0.026285451030314985,0.28816812031997985,0.46315152427982476,25,20,20
12,5428,0.24155565596738826,0.035543704179666895,0.26026923978124306,0.46263140007170184,25,20,20
12,5429,0.16776168444778855,0.05196615968860181,0.2617373961772867,0.5185347596863228,25,20,20
12,5430,0.21777489898805874,0.07705122935714835,0.18582128908594275,0.519352582568849,25,20,20
12,5431,0.21421724343599136,0.07721891246849687,0.1411879901696658,0.5673758539258471,25,20,20
12,5432,0.18714455861882492,0.07991022599898494,0.17406906273123404,0.5588761526509572,25,20,20
12,5433,0.18187285833877628,0.05407605898048111,0.20989784096244335,0.5541532417182989,25,20,20
12,5434,0.15394455305154198,0.07817875883485828,0.20964416229179417,0.5582325258218028,25,20,20
12,5435,0.1275534339355397,0.07841474518198449,0.28483954266978984,0.5091922782126836,25,20,20
12,5436,0.15169539980389682,0.07876968972646567,0.2811230096185509,0.4884119008510826,25,20,20
12,5437,0.12691894318833527,0.04199669723320838,0.30756945516863277,0.5235149044098212,25,20,20
12,5438,0.17678300287478924,0.03995541010789867,0.22439849877848744,0.5588630882388251,25,20,20
12,5439,0.24209104139671594,0.021097315626034233,0.1864723461210244,0.5503392968562244,25,20,20
12,5440,0.25025464950959825,0.019393329090088715,0.1717433540289044,0.5586086673714086,25,20,20
12,5441,0.17271864308946655,0.019489883910280496,0.21169029583051682,0.5961011771697372,25,20,20
12,5442,0.16292305390715656,0.019416511020407083,0.2211416855620159,0.5965187495104217,25,20,20
12,5443,0.2135022901222552,0.011257453542370075,0.19009637363016338,0.5851438827052112,25,20,20
12,5444,0.2829506027085806,0.0399492362446059,0.0776132850963813,0.5994868759504335,25,20,20
12,5445,0.23060354967852598,0.03995941236175072,0.13607359708374508,0.5933634408759813,25,20,20
12,5446,0.2300424510692441,0.039972196811932134,0.13043867295487535,0.5995466791639479,25,20,20
12,5447,0.24246357640662775,0.039949847346769186,0.11900797957193782,0.5985785966746664,25,20,20
12,5448,0.25613224172022225,0.03953503806494072,0.10624095416591917,0.5980917660489182,25,20,20
12,5449,0.26174188423904904,0.03953354970810671,0.09953350221803997,0.5991910638348058,25,20,20
12,5450,0.30090661395520746,0.03953378545401538,0.05974764970068347,0.5998119508900932,25,20,20
12,5451,0.2572237774892987,0.03994867253726544,0.1034979742769736,0.5993295756964655,25,20,20
12,5452,0.3123821995573964,0.039368637068070894,0.05447580704952849,0.5937733563250039,25,20,20
12,5453,0.3064228864355737,0.03996882228958826,0.05480320601560742,0.5988050852592308,25,20,20
12,5454,0.23507638420477622,0.0399284358900195,0.12610114529327726,0.5988940346119277,25,20,20
12,5455,0.2744918825896029,0.03992943330155895,0.08843911770211277,0.597139566406725,25,20,20
12,5456,0.31373694508902256,0.03726870694677755,0.05116141184700538,0.5978329361171946,25,20,20
12,5457,0.251759352047948,0.012217845276868599,0.13784378553392673,0.598179017141259,25,20,20
12,5458,0.2694155666376283,0.01219600320375086,0.11930743482262343,0.599080995335998,25,20,20
12,5459,0.23102682765016624,4.3114392043859706e-07,0.17045145641847756,0.5985212847874353,25,20,20
12,5460,0.2303104503557111,1.824200848217452e-07,0.17076196523551418,0.5989274019886894,25,20,20
12,5461,0.2597272260244285,9.706689242286288e-07,0.14727795097140037,0.59299385233525,25,20,20
12,5462,0.2689095938835346,1.1231070916000641e-05,0.14273200510153555,0.5883471699440141,25,20,20
12,5463,0.23331830804112072,1.2355127554622036e-05,0.16741712650549942,0.5992522103258261,25,20,20
12,5464,0.20945987989231468,1.108048174758506e-05,0.19104632586885828,0.5994827137570768,25,20,20
12,5465,0.191685354138904,2.2573111272255223e-06,0.16865534688315875,0.6396570416668088,25,20,20
12,5466,0.26589697347077484,2.030632020323639e-06,0.09428630103352992,0.639814694863675,25,20,20
12,5467,0.2817266510076497,2.109594000465363e-06,0.0849568947003988,0.6333143446979511,25,20,20
12,5468,0.27116173271319066,7.976332889621797e-05,0.0936834361229848,0.6350750678349297,25,20,20
12,5469,0.20307873048862074,1.0357988437425549e-06,0.16266006408367262,0.6342601696288646,25,20,20
12,5470,0.30447182133204614,2.3676732098461015e-06,0.05732337560821479,0.6382024353865301,25,20,20
12,5471,0.29685984931871945,7.445246986899659e-07,0.064615325813304,0.6385240803432773,25,20,20
12,5472,0.24982734665816048,7.349085334834112e-07,0.11101600074939619,0.6391559176839113,25,20,20
12,5473,0.2621736934606372,3.833903379768079e-08,0.09875803066704579,0.639068237533284,25,20,20
12,5474,0.2816342148321962,3.5778933607058797e-06,0.08078098748457392,0.6375812197898697,25,20,20
12,5475,0.2370924716731321,5.187745870766602e-08,0.12365029268361089,0.6392571837657981,25,20,20
12,5476,0.23218729445544156,1.447716119392954e-07,0.12887457672278205,0.6389379840501647,25,20,20
12,5477,0.2752508203618117,7.598077901815847e-05,0.08533592067043591,0.6393372781887344,25,20,20
12,5478,0.28699694290711325,8.989875879120791e-05,0.07439673972121649,0.6385164186128784,25,20,20
12,5479,0.2148776961826948,7.648367027374327e-05,0.14670204323379749,0.6383437769132364,25,20,20
12,5480,0.22200899186189268,7.590455133151896e-05,0.13892270582900745,0.6389923977577687,25,20,20
12,5481,0.13611820104316147,0.00034243695585848573,0.22467620507218158,0.6388631569287989,25,20,20
12,5482,0.21515069266676323,0.0003435514537761401,0.16386190295179304,0.6206438529276695,25,20,20
12,5483,0.16792841083292046,2.076447840387961e-05,0.20186334420313753,0.6301874804855414,25,20,20
12,5484,0.2439973067971223,8.098888191590508e-06,0.11336500751591766,0.642629586798769,25,20,20
12,5485,0.24874595818938033,8.318453087937995e-06,0.12832013082392663,0.6229255925336065,25,20,20
12,5486,0.28018737652451614,9.73761752419878e-06,0.0961465571433631,0.623656328714597,25,20,20
12,5487,0.24076971945217557,7.237877630753862e-06,0.13427445063949114,0.6249485920307045,25,20,20
12,5488,0.2082367762356528,6.504721411268481e-06,0.12656414821300552,0.6651925708299296,25,20,20
12,5489,0.21477008422598792,6.508583858138205e-06,0.16567039394975755,0.6195530132403964,25,20,20
12,5490,0.20921440403765698,0.020314201371674386,0.13630619679954042,0.6341651977911279,25,20,20
12,5491,0.24225336437140818,0.020314188331540497,0.1045853441755689,0.6328471031214817,25,20,20
12,5492,0.23121234007763572,0.03994342795142321,0.10896876190774427,0.6198754700631995,25,20,20
12,5493,0.21678035264681556,0.03994327936543696,0.11465270116304711,0.6286236668247018,25,20,20
12,5494,0.18017450760322007,0.0399502876471144,0.1463073007842196,0.6335679039654464,25,20,20
12,5495,0.18956409079049355,0.038627618300936695,0.14952963183587104,0.6222786590727003,25,20,20
12,5496,0.16386140716578323,0.038627619419371956,0.16302007158744458,0.6344909018274018,25,20,20
12,5497,0.17669928789126488,0.04035238589250728,0.14952860128479484,0.6334197249314335,25,20,20
12,5498,0.10239700761254067,0.039951628140891565,0.21940891782516583,0.638242446421402,25,20,20
12,5499,0.10421655806434314,0.038257234627144074,0.180984587491104,0.6765416198174126,25,20,20
12,5500,0.16240388223057206,0.03954139685997298,0.12126283806426702,0.6767918828451874,25,20,20
12,5501,0.09361829004895704,0.01416399445483852,0.1863256845696928,0.7058920309265139,25,20,20
12,5502,0.09512018303410667,0.014163814283100422,0.18685212723326938,0.7038638754495234,25,20,20
12,5503,0.12259235452202581,0.03823260351713062,0.1188205024220742,0.7203545395387703,25,20,20
12,5504,0.15095118235288255,0.03950473383166953,0.09026189100819079,0.7192821928072572,25,20,20
12,5505,0.1470821701997,0.03950469011754621,0.09616670857087803,0.7172464311118754,25,20,20
12,5506,0.1601133028098835,0.03950589953422299,0.08199085346689276,0.7183899441890013,25,20,20
12,5507,0.15902380767904195,0.03950590121731085,0.082093832209115,0.7193764588945315,25,20,20
12,5508,0.13380388510664207,0.03993364285436166,0.10138500835566898,0.7248774636833265,25,20,20
12,5509,0.16498618903013998,2.874960751092599e-05,0.11115581677509859,0.7238292445872517,25,20,20
12,5510,0.15987344324781436,2.875146839159513e-05,0.11649096481473613,0.7236068404690589,25,20,20
12,5511,0.18607456799471633,2.8390472937452714e-05,0.09563670461123712,0.7182603369211096,25,20,20
12,5512,0.1527606905847987,0.00041638720720652765,0.1261249791409015,0.7206979430670957,25,20,20
12,5513,0.16355893966396248,0.03823564083844746,0.08851356794360095,0.7096918515539893,25,20,20
12,5514,0.19430236519885036,0.03823545024261693,0.09762982298946604,0.6698323615690694,25,20,20
12,5515,0.19949380788796556,0.011233356482366846,0.11064580903969234,0.6786270265899766,25,20,20
12,5516,0.21942910737323415,0.01123333152534585,0.09009248212581479,0.6792450789756075,25,20,20
12,5517,0.1731528233759107,0.010634309022444208,0.13586982836343023,0.6803430392382169,25,20,20
12,5518,0.17410309958414039,0.010234684317424993,0.15102626659321147,0.6646359495052265,25,20,20
12,5519,0.1373721152942261,0.03997088256578343,0.14337475090164076,0.6792822512383511,25,20,20
12,5520,0.16666171523628137,0.039970112999419556,0.11772466479087339,0.6756435069734249,25,20,20
12,5521,0.14266206802840015,0.039998535761355584,0.13627757996870948,0.6810618162415369,25,20,20
12,5522,0.15976217900699824,0.039978931239570976,0.05010219152664445,0.7501566982267858,25,20,20
12,5523,0.19290975411434025,0.039912713507282184,0.018365222121586405,0.7488123102567905,25,20,20
12,5524,0.19254792254299458,0.03991272227795698,0.026104479674639545,0.741434875504408,25,20,20
12,5525,0.15136020456571922,0.039954522180123284,0.07098018256131634,0.7377050906928403,25,20,20
12,5526,0.14410146972924565,0.038739177080806916,0.05867802448830307,0.7584813287016446,25,20,20
12,5527,0.15509814125184732,0.038739345040048646,0.04709482071912114,0.7590676929889826,25,20,20
12,5528,0.16583167305461008,0.04260838906056682,0.03347894209887393,0.75808099578595,25,20,20
12,5529,0.16528795268421687,0.04258721834338825,0.041921384100240974,0.7502034448721541,25,20,20
12,5530,0.1478580495556247,0.03994540573177574,0.056828135502929034,0.7553684092096711,25,20,20
12,5531,0.07430493345038039,0.039969126649441966,0.132149167156297,0.7535767727438849,25,20,20
12,5532,0.15063694250099757,0.014165536526398997,0.07617409419280975,0.759023426779793,25,20,20
12,5533,0.14811506148381784,5.937226912568176e-10,0.09329373108495329,0.7585912068375064,25,20,20
12,5534,0.13358196356262497,3.460987753989159e-09,0.06726506156050328,0.7991529714158837,25,20,20
12,5535,0.15909229774820585,3.3680613599250955e-07,0.04166279245016721,0.7992445729954913,25,20,20
12,5536,0.12063281776200627,2.29644720085256e-06,0.08074244834972333,0.7986224374410702,25,20,20
12,5537,0.08653039609261326,2.3392746978491474e-06,0.12876337817637368,0.7847038864563181,25,20,20
12,5538,0.08924556102607033,7.653766348413264e-06,0.12535367260127528,0.785393112606307,25,20,20
12,5539,0.11278280670019011,2.36665886619126e-06,0.13714428993485536,0.7500705367060871,25,20,20
12,5540,0.13731329058686945,1.0451102582958648e-08,0.09222148129871298,0.7704652176633133,25,20,20
12,5541,0.1268872983427093,5.3983329043852765e-08,0.08875756387106978,0.7843550838028926,25,20,20
12,5542,0.12178028715279346,8.250214717474708e-08,0.08158995496406017,0.7966296753809992,25,20,20
12,5543,0.09550710076305466,8.776732550233344e-08,0.15732037716598654,0.7471724343036341,25,20,20
12,5544,0.1499149858977377,5.301415975115108e-08,0.1024368282372569,0.7476481328508465,25,20,20
12,5545,0.1875975682113288,1.0782257345141874e-08,0.049714901996778825,0.762687519009633,25,20,20
12,5546,0.12585244305804488,2.6829318422107302e-08,0.1101369742624783,0.7640105558501625,25,20,20
12,5547,0.18158939348229405,8.150910965493785e-09,0.061001738826705745,0.7574088595400891,25,20,20
12,5548,0.18427378287537585,3.5604225220593448e-09,0.05204685860053142,0.7636793549636706,25,20,20
12,5549,0.17272069433587348,4.588905147745647e-09,0.06310280122280482,0.7641764998524166,25,20,20
12,5550,0.14052814487293896,0.0007686022862824642,0.10044297439264466,0.7582602784481375,25,20,20
12,5551,0.16032836064162198,0.000768569693289661,0.08536591095322688,0.7535371587118614,25,20,20
12,5552,0.1111622834949109,3.494120821567873e-05,0.13214339533967942,0.7566593799571948,25,20,20
12,5553,0.06831469578255162,3.4873653585057043e-05,0.17339056424552823,0.7582598663183343,25,20,20
12,5554,0.11650055660360036,1.7319008972276082e-06,0.12719159390298856,0.7563061175925165,25,20,20
12,5555,0.11386757480894337,7.431525112263078e-08,0.1290145885317614,0.7571177623440448,25,20,20
12,5556,0.14801661988887438,1.4451341185466507e-06,0.09429466448904461,0.7576872704879629,25,20,20
12,5557,0.15652276839393528,4.31839177987431e-08,0.08663572012090333,0.7568414683012443,25,20,20
12,5558,0.19547561948339942,1.1276112582891533e-08,0.04668980841282809,0.7578345608276597,25,20,20
12,5559,0.195741048869629,1.12800101490895e-08,0.04697736815504641,0.757281571695314,25,20,20
12,5560,0.19423488602950045,1.8514971444918863e-08,0.04817584684542982,0.7575892486100975,25,20,20
12,5561,0.2025535461403508,1.1255295058939902e-06,0.07508524992852547,0.7223600784016169,25,20,20
12,5562,0.20122529375391338,1.1252714867788436e-06,0.07702486180301195,0.721748719171588,25,20,20
12,5563,0.20131139148304197,2.0048757769302204e-08,0.07523449478512537,0.7234540936830753,25,20,20
12,5564,0.1736973575629079,4.2275927875854124e-08,0.1078279895462663,0.7184746106149003,25,20,20
12,5565,0.1613160860226598,2.338161328525157e-08,0.1194969217167606,0.7191869688789707,25,20,20
12,5566,0.14474406118209734,3.183150787841201e-08,0.1490296535396022,0.7062262534467953,25,20,20
12,5567,0.15296297337584078,2.5330910905176845e-06,0.1283995586712804,0.7186349348617896,25,20,20
12,5568,0.10737581113295644,3.4833695623524816e-05,0.14518979959586698,0.7473995555755539,25,20,20
12,5569,0.1466789350319675,2.515829667113084e-06,0.09431006480079868,0.7590084843375651,25,20,20
12,5570,0.16268536315577325,2.5164815818910426e-06,0.07860695729064063,0.7587051630720036,25,20,20
12,5571,0.14977803551139943,1.1866396683174653e-05,0.0920340826752404,0.7581760154166765,25,20,20
12,5572,0.15961807994253166,1.9709904546355502e-05,0.08748634047996096,0.7528758696729608,25,20,20
12,5573,0.16141535658205433,1.7422321696720387e-07,0.08624938270024606,0.7523350864944824,25,20,20
12,5574,0.15923300434120255,5.799553884004916e-08,0.08706086841175922,0.7537060692514992,25,20,20
12,5575,0.11745896703525595,5.071576835279474e-08,0.1295971964238393,0.7529437858251359,25,20,20
12,5576,0.10933225678743241,4.876979830516539e-08,0.13223272227295713,0.7584349721698144,25,20,20
12,5577,0.11810105549366995,1.6487742326464165e-07,0.12476095408878252,0.7571378255401242,25,20,20
12,5578,0.13543229002100762,8.076820555051559e-07,0.11989717524094258,0.7446697270559962,25,20,20
12,5579,0.17527792316015012,0.0008300636698268349,0.06776509501356236,0.7561269181564598,25,20,20
12,5580,0.16199555260077392,5.934297289958509e-08,0.08601242510814337,0.751991962948108,25,20,20
12,5581,0.1450769207696004,5.464008873481895e-08,0.13307969931114283,0.7218433252791691,25,20,20
12,5582,0.2518776361901783,8.947279162886254e-06,0.030176291890745017,0.7179371246399141,25,20,20
12,5583,0.1996892570104578,9.059449915409413e-06,0.08774651560223001,0.7125551679373957,25,20,20
12,5584,0.18012632162235057,9.095790620264295e-06,0.08403769820381957,0.7358268843832088,25,20,20
12,5585,0.13837486005991553,6.714248748073714e-06,0.12565507633796888,0.7359633493533703,25,20,20
12,5586,0.21195902087346624,0.0004018292768037805,0.062238657252302064,0.7254004925974269,25,20,20
12,5587,0.21916839702479823,3.330983792931549e-07,0.034726096837641406,0.7461051730391813,25,20,20
12,5588,0.17998212244879205,1.4086579161246921e-06,0.06554485256434427,0.7544716163289474,25,20,20
12,5589,0.13351939851391534,8.034219701195163e-09,0.11240192499317567,0.75407866845869,25,20,20
12,5590,0.09549770058450106,7.87951276427698e-09,0.15076950698006478,0.7537327845559253,25,20,20
12,5591,0.11290832610561234,9.613169983813157e-09,0.13524348707558412,0.7518481772056336,25,20,20
12,5592,0.1375748175210885,5.846971404757045e-08,0.11153051776706192,0.7508946062421366,25,20,20
12,5593,0.13501465303612864,1.3287398666065337e-09,0.107035724860635,0.7579496207744982,25,20,20
12,5594,0.1384102855805061,3.398033890900794e-08,0.10164319615461144,0.7599464842845456,25,20,20
12,5595,0.16143005044197856,2.9145135917018532e-08,0.08021016313184796,0.758359757281038,25,20,20
12,5596,0.15211753920357382,3.3943641203299313e-07,0.0952282556471192,0.7526538657128958,25,20,20
12,5597,0.167412990219107,3.387007243680716e-07,0.07967250049011593,0.7529141705900528,25,20,20
12,5598,0.10966994915201868,2.2371531284097745e-08,0.10207761742298108,0.7882524110534677,25,20,20
12,5599,0.1418264710116141,1.7932357573424036e-05,0.05880820278398736,0.799347393846827,25,20,20
12,5600,0.09944735960004016,1.4447114749458492e-08,0.13836539470115425,0.7621872312516906,25,20,20
12,5601,0.13852160539381853,2.3698390151359178e-09,0.10071470019660232,0.7607636920397401,25,20,20
12,5602,0.12981049083353285,9.319886895283385e-09,0.11998163710580226,0.7502078627407788,25,20,20
12,5603,0.14068692036665315,8.817439902486616e-09,0.10360566786390762,0.7557074029519997,25,20,20
12,5604,0.18348996045141874,8.443055181713145e-09,0.09360982372448992,0.7229002073810353,25,20,20
12,5605,0.2007558553091174,2.900266128284137e-09,0.07772743813002016,0.7215167036605955,25,20,20
12,5606,0.1861366462093782,6.836696262297552e-07,0.0666254886172683,0.7472371815037253,25,20,20
12,5607,0.18433981214017908,8.975923210959873e-07,0.05636999496206884,0.7592892953054293,25,20,20
12,5608,0.18526252608523813,8.978407132845015e-07,0.05661514173147264,0.758121434342575,25,20,20
12,5609,0.15701680109077099,3.275078133503042e-07,0.09100170033393916,0.75198117106748,25,20,20
12,5610,0.1610536511620722,1.2839276824169534e-06,0.1096508815915223,0.7292941833187241,25,20,20
12,5611,0.1603758298293507,1.2177157055810999e-06,0.0953051803088185,0.7443177721461249,25,20,20
12,5612,0.15831065503048197,1.5455497883074656e-05,0.09755517838812212,0.7441187110835153,25,20,20
12,5613,0.14594780154347675,1.3970748208439253e-05,0.11314379486809661,0.7408944328402197,25,20,20
12,5614,0.12835663856122703,0.013009682322355826,0.11163267120760584,0.7470010079088126,25,20,20
12,5615,0.09451310101950121,0.039934443144482794,0.12633912281591952,0.739213333020097,25,20,20
12,5616,0.09558706673076829,0.03994905959556782,0.11778957016333236,0.7466743035103304,25,20,20
12,5617,0.13508530426951382,0.03994906203418944,0.07775768913748861,0.747207944558808,25,20,20
12,5618,0.12088596595809667,0.039940058439192634,0.08463099326298205,0.7545429823397288,25,20,20
12,5619,0.15718414692366764,0.024608147501399936,0.06401101185770158,0.7541966937172317,25,20,20
12,5620,0.15752106450934683,0.038142922997707135,0.056165689412498755,0.7481703230804474,25,20,20
12,5621,0.1075865235715531,0.038170389620532985,0.107601707377147,0.7466413794307662,25,20,20
12,5622,0.1646715344227416,0.03873891340973367,0.04356107834262466,0.7530284738248993,25,20,20
12,5623,0.12621085431262946,0.038738935257441424,0.08204784444036406,0.7530023659895635,25,20,20
12,5624,0.12008167763981495,0.011232009941620458,0.16763908146243942,0.701047230956128,25,20,20
12,5625,0.11641457353955299,0.02459148049146725,0.14743699782316838,0.7115569481458134,25,20,20
12,5626,0.1196790511518061,0.021218727814999113,0.14264535171890821,0.7164568693142874,25,20,20
12,5627,0.08978414073466723,0.021218754276871154,0.1883477255707195,0.7006493794177417,25,20,20
12,5628,0.09274906988586881,0.03826010851677461,0.15573337121064898,0.7132574503867093,25,20,20
12,5629,0.11118954550612256,0.03997019910246422,0.1345100949717929,0.7143301604196249,25,20,20
12,5630,0.06926871763518778,0.03997073088247645,0.1776425358613526,0.7131180156209822,25,20,20
12,5631,0.04338292950875835,0.03997045279809401,0.2441399603054593,0.6725066573876889,25,20,20
12,5632,0.042248675305358675,0.03878904396237246,0.20465266324597764,0.7143096174862933,25,20,20
12,5633,0.04702663707840526,0.038770204049894307,0.192986305096986,0.7212168537747183,25,20,20
12,5634,0.15642534185121196,0.014164126072666445,0.135330608212524,0.6940799238636026,25,20,20
12,5635,0.1325216258734694,0.03994834773813353,0.12012924784662954,0.7074007785417694,25,20,20
12,5636,0.15955704548676974,0.03825486339183833,0.09443900863576939,0.7077490824856227,25,20,20
12,5637,0.17127316885523644,0.039942531760126423,0.07014434377953024,0.7186399556051061,25,20,20
12,5638,0.19325629374825087,0.014175904453629285,0.1131018899269786,0.6794659118711418,25,20,20
12,5639,0.22392442245728006,0.014260839409502566,0.09249371729586574,0.6693210208373521,25,20,20
12,5640,0.18974286191269163,0.011232850982240241,0.12457920114329095,0.67444508596178,25,20,20
12,5641,0.15226298490194545,0.03994791971375831,0.16878916445753586,0.6389999309267607,25,20,20
12,5642,0.1821882566904471,0.039947623189431014,0.13919739106197504,0.6386667290581489,25,20,20
12,5643,0.2021993870762403,0.039946614795420186,0.11182684877388857,0.6460271493544512,25,20,20
12,5644,0.17577111297797354,0.039932214769107514,0.14503049131571694,0.6392661809372047,25,20,20
12,5645,0.19769130563687212,0.03993225368602389,0.1230719327157808,0.6393045079613262,25,20,20
12,5646,0.15964383937426502,0.04034407293428153,0.15775059063165064,0.6422614970598032,25,20,20
12,5647,0.14331186156894915,0.039948789948955336,0.13780558229095338,0.6789337661911443,25,20,20
12,5648,0.11597524725431746,0.0004556007098170682,0.20440412666777744,0.6791650253680902,25,20,20
12,5649,0.12811833396366196,0.0009664950844204297,0.1849871364862001,0.6859280344657199,25,20,20
12,5650,0.13635212205246255,0.0009033294948817797,0.18664999463311246,0.6760945538195453,25,20,20
12,5651,0.09919092690299695,2.2615923561193454e-07,0.22260305197668212,0.6782057949610837,25,20,20
12,5652,0.09903635715003188,1.3956692371606233e-05,0.2181932380239886,0.6827564481336057,25,20,20
12,5653,0.08975249560194502,1.1512252273146346e-06,0.19774780006763742,0.7124985531051926,25,20,20
12,5654,0.08310924140400062,3.340657390460629e-07,0.20420544521648354,0.7126849793137804,25,20,20
12,5655,0.056852665168964596,3.3226450069698064e-07,0.20713905524533288,0.7360079473212019,25,20,20
12,5656,0.11370622302415967,0.0008058528794153562,0.1466986679406044,0.7387892561558208,25,20,20
12,5657,0.11271498492595398,3.5262717172393117e-07,0.13940648985574158,0.7478781725911335,25,20,20
12,5658,0.08135981950866697,4.053114043060914e-06,0.1940563657917005,0.7245797615855917,25,20,20
12,5659,0.12272133256503143,2.556519520404622e-06,0.13047587406160643,0.7468002368538431,25,20,20
12,5660,0.1586697426271254,1.524312348039548e-08,0.08476630438137521,0.7565639377483784,25,20,20
12,5661,0.2106402779671147,1.0792059246583299e-08,0.03259561470300626,0.7567640965378188,25,20,20
12,5662,0.20103761366032594,1.748678985529631e-07,0.04493154624675508,0.7540306652250192,25,20,20
12,5663,0.21522070289186257,1.2308430945772663e-07,0.030717471491272557,0.7540617025325548,25,20,20
12,5664,0.19857769777912754,1.6330043688255035e-06,0.005997754864869167,0.7954229143516345,25,20,20
12,5665,0.19487580057428222,4.6115642645040126e-08,0.009028045662008445,0.7960961076480665,25,20,20
12,5666,0.19539499435823063,4.7326636053787274e-08,0.013861362487947776,0.7907435958271853,25,20,20
12,5667,0.1689728417090985,1.8364076983181884e-07,0.03411476174583453,0.7969122129042963,25,20,20
12,5668,0.16781083824673465,2.0034129109642901e-07,0.04698814660546569,0.785200814806508,25,20,20
12,5669,0.15929639867947815,1.8059883667649514e-08,0.054705586935079056,0.785997996325559,25,20,20
12,5670,0.17812690891925048,5.303732999100453e-05,0.03438503087169421,0.7874350228790636,25,20,20
12,5671,0.13931018543445364,5.229858225160292e-07,0.0955458759394343,0.7651434156402912,25,20,20
12,5672,0.1293690939439566,4.496296980286824e-08,0.13021129154620725,0.7404195695468689,25,20,20
12,5673,0.12892646739028663,1.2077744206886728e-05,0.11297563902507796,0.7580858158404291,25,20,20
12,5674,0.12824067101729017,1.2130289782578058e-05,0.11783218012467005,0.7539150185682578,25,20,20
12,5675,0.10994917584187683,1.223902915901207e-05,0.1451956549554857,0.7448429301734797,25,20,20
12,5676,0.10798246888894372,5.260385475645491e-07,0.15440497513488796,0.7376120299376221,25,20,20
12,5677,0.12092819422730662,1.6830793600360835e-06,0.1187352216732343,0.7603349010200989,25,20,20
12,5678,0.12092087309808301,1.3305205403906177e-10,0.12061516938652252,0.7584639573823437,25,20,20
12,5679,0.12393318449849751,2.093121044958609e-07,0.11706798688411511,0.7589986193052848,25,20,20
12,5680,0.12146207612496586,1.7846641980112556e-06,0.11527434423257771,0.7632617949782601,25,20,20
12,5681,0.10687086769833778,1.7574279791642783e-06,0.14317041966087357,0.7499569552128104,25,20,20
12,5682,0.10059113709504626,1.8017262504433796e-06,0.1441273183634998,0.7552797428152028,25,20,20
12,5683,0.1041843666207159,2.62826404371225e-05,0.1016045854140718,0.7941847653247744,25,20,20
12,5684,0.094387854536597,0.0001383657437735846,0.1121065679975488,0.793367211722084,25,20,20
12,5685,0.11709351056993662,1.168466474255646e-05,0.0889452602305322,0.793949544534792,25,20,20
12,5686,0.16098430231494187,3.730078116134129e-09,0.05203022587601213,0.7869854680789679,25,20,20
12,5687,0.09791845772446166,0.00037980926067896425,0.10198492900015196,0.7997168040147115,25,20,20
12,5688,0.08685477025325392,7.489901266638013e-07,0.11143877484586684,0.8017057059107527,25,20,20
12,5689,0.08918509153275027,1.3531411641492625e-06,0.11863603715896186,0.7921775181671267,25,20,20
12,5690,0.11505357086465856,1.5144926641949583e-05,0.09229073535390774,0.7926405488547948,25,20,20
12,5691,0.04270826266146889,8.090203101311874e-07,0.14565717500381664,0.8116337533144082,25,20,20
12,5692,0.07804940057904329,1.7661133807095225e-05,0.12328504666074748,0.7986478916264065,25,20,20
12,5693,0.1223006823477798,1.765997847478849e-05,0.07870475957470015,0.7989768980990449,25,20,20
12,5694,0.16352473055219655,0.017907849097959984,0.021292174553829542,0.7972752457960135,25,20,20
12,5695,0.12306788966151984,0.0002716755276522358,0.08453501818502557,0.7921254166258016,25,20,20
12,5696,0.11612915379477855,2.601314454208731e-07,0.08482866134170167,0.7990419247320745,25,20,20
12,5697,0.11875429745310197,4.667036073940388e-09,0.08687057749437593,0.7943751203854872,25,20,20
12,5698,0.14722278413923748,4.6568843386175525e-09,0.054228800290493935,0.7985484109133846,25,20,20
12,5699,0.10375828337708148,1.8601930542749765e-07,0.10772737676289312,0.7885141538407221,25,20,20
12,5700,0.0931698006550535,2.8880352549264693e-06,0.1322958564257641,0.7745314548839292,25,20,20
12,5701,0.11239741831304301,1.9457132193319e-06,0.08980639954700236,0.797794236426735,25,20,20
12,5702,0.14047115322159986,5.570294578182762e-09,0.06149329898036186,0.7980355422277431,25,20,20
12,5703,0.08122603097120237,6.673702246817691e-07,0.12589476029556157,0.7928785413630146,25,20,20
12,5704,0.07906518508905909,7.775373070917544e-07,0.12721877501493642,0.793715262358697,25,20,20
12,5705,0.09996668414111244,1.775731908091211e-07,0.10186202234312829,0.7981711159425678,25,20,20
12,5706,0.10613312748906857,1.5024125301244968e-07,0.10463422634994542,0.7892324959197383,25,20,20
12,5707,0.09100806732909049,1.1774646961373623e-07,0.11323770993564837,0.7957541049887922,25,20,20
12,5708,0.06806955979745007,1.0502771724406629e-06,0.14228323178378724,0.789646158141593,25,20,20
12,5709,0.04000687086996177,5.374119016910764e-05,0.164065520852484,0.7958738670873834,25,20,20
12,5710,0.07643321580669368,5.279806678296509e-05,0.11732306851177267,0.8061909176147526,25,20,20
12,5711,0.09490132850992378,5.260755911950104e-05,0.10620308712336525,0.7988429768075911,25,20,20
12,5712,0.12091901205046185,3.397906231864142e-08,0.08547682173285347,0.7936041322376213,25,20,20
12,5713,0.12280238357276486,8.258376513664413e-06,0.1298516081280819,0.7473377499226409,25,20,20
12,5714,0.12009795314759499,8.259330853628543e-06,0.12118693537707587,0.7587068521444751,25,20,20
12,5715,0.11206108666448428,0.0005301242442564206,0.135157190324784,0.7522515987664765,25,20,20
12,5716,0.09401074449938009,0.024552262137313673,0.12259044238123751,0.7588465509820691,25,20,20
12,5717,0.11438857818831968,0.03873313455138003,0.08792495155669153,0.758953335703609,25,20,20
12,5718,0.154405213535318,0.038733130418081886,0.059170753110484926,0.747690902936115,25,20,20
12,5719,0.19752373880945517,0.014166266356186756,0.040221144384592705,0.7480888504497644,25,20,20
12,5720,0.15840452822346537,0.03997655165287082,0.04253497364869661,0.7590839464749677,25,20,20
12,5721,0.16001158622992795,0.012256573373875363,0.07313914647133116,0.7545926939248645,25,20,20
12,5722,0.18897156883557403,0.012256528709347654,0.0448453670413398,0.7539265354137386,25,20,20
12,5723,0.19889776939819978,0.038320588341327566,0.004543151197721986,0.7582384910627504,25,20,20
12,5724,0.16543299587082544,0.03996332075539051,0.04256884523120709,0.752034838142576,25,20,20
12,5725,0.16321038057808007,0.03996447341741516,0.04402060539886118,0.7528045406056434,25,20,20
12,5726,0.16229943176994863,0.0399463685708433,0.04546765946197273,0.7522865401972352,25,20,20
12,5727,0.19113734313543168,0.039947849186108636,0.013286647668714988,0.7556281600097446,25,20,20
12,5728,0.19001717194406584,0.03991073365727635,0.013631858682056897,0.7564402357166009,25,20,20
12,5729,0.1701114297652147,0.014168588416805033,0.06484746523948412,0.7508725165784952,25,20,20
12,5730,0.18790158603853996,0.011214266802160028,0.04204195207937544,0.758842195079924,25,20,20
12,5731,0.17737518828015464,0.011102942534563811,0.0525548139243135,0.758967055260968,25,20,20
12,5732,0.17596234652585518,0.03991861895773068,0.025545669319598355,0.7585733651968164,25,20,20
12,5733,0.12322779946793043,0.03954075805618748,0.08443918076176864,0.7527922617141156,25,20,20
12,5734,0.10420989109330209,0.039932154635732506,0.10385627289361145,0.7520016813773549,25,20,20
12,5735,0.11306624105529015,0.03994276275866052,0.08979050382899317,0.7572004923570584,25,20,20
12,5736,0.11992211549567326,0.024437971652678237,0.0980178009073168,0.7576221119443345,25,20,20
12,5737,0.10943794454088303,0.014140792632065169,0.11827540352901819,0.7581458592980345,25,20,20
12,5738,0.1122648501928133,0.039940645772979094,0.09333895075310687,0.7544555532811009,25,20,20
12,5739,0.10357148205043823,0.03995497281335204,0.1069620808135267,0.7495114643226819,25,20,20
12,5740,0.08200344403616121,0.03995494387455812,0.1210695141908319,0.7569720978984498,25,20,20
12,5741,0.08232152284611956,0.039338857777385654,0.11733773880238156,0.7610018805741126,25,20,20
12,5742,0.08363330238060258,0.03873915609638657,0.1163779228234944,0.7612496186995201,25,20,20
12,5743,0.07578416437776883,0.03997472238861,0.1328397970787961,0.7514013161548266,25,20,20
12,5744,0.03653008924640332,0.05037936449970437,0.15135309386584525,0.7617374523880477,25,20,20
12,5745,0.03585026750297443,0.021530236913570637,0.17994481290782766,0.7626746826756293,25,20,20
12,5746,0.040646508087176646,0.07932026113132057,0.1311592605202773,0.7488739702612263,25,20,20
12,5747,0.04818015639119819,0.07990075237179568,0.04709960635957845,0.8248194848774268,25,20,20
12,5748,0.048071550929538596,0.07816743635885942,0.04933002961914446,0.8244309830924565,25,20,20
12,5749,0.04035146209599742,0.08118557150490288,0.05453918466308906,0.8239237817360096,25,20,20
12,5750,0.04002988022765337,0.08114340942383791,0.051102541542812616,0.8277241688056958,25,20,20
12,5751,0.05791119340987582,0.07988655886856505,0.03842069505299593,0.8237815526685616,25,20,20
12,5752,0.05800839424254815,0.07817028890584937,0.06102040515838007,0.8028009116932222,25,20,20
12,5753,0.05023612730464774,0.07990392917099567,0.04584649034645079,0.8240134531779054,25,20,20
12,5754,0.040597484687533214,0.07754349704258083,0.07415964234520483,0.8076993759246801,25,20,20
12,5755,0.04036586226455296,0.07929030225277893,0.06105482888535439,0.8192890065973135,25,20,20
12,5756,0.0421765401685855,0.07814255307698816,0.04971831488325454,0.8299625918711704,25,20,20
12,5757,0.042594114583404404,0.05265560540167037,0.0670081271275153,0.8377421528874087,25,20,20
12,5758,0.04117485791396344,0.05446323221308482,0.06627737500294083,0.83808453487001,25,20,20
12,5759,0.039032776141491525,0.029153724754315057,0.09392921106941333,0.837884288034779,25,20,20
12,5760,0.03906479746003935,0.020646452252402196,0.10817921667081987,0.8321095336167407,25,20,20
12,5761,0.028139290255632464,0.03993965668179058,0.07010099673576252,0.8618200563268131,25,20,20
12,5762,0.04243068287679267,0.03823910098795325,0.04399924518859592,0.875330970946657,25,20,20
12,5763,0.040509021744392755,0.03998990354704901,0.04216318311385164,0.877337891594706,25,20,20
12,5764,0.040521474650375505,0.039959444148704774,0.04579145606338003,0.873727625137539,25,20,20
12,5765,0.04038414644123952,0.0399906204000452,0.04555803599362835,0.8740671971650866,25,20,20
12,5766,0.04062942688204007,0.03827274437763683,0.0904398019787209,0.8306580267616052,25,20,20
12,5767,0.05745764253310167,0.04001538029739399,0.07867727430659699,0.8238497028629058,25,20,20
12,5768,0.07950913741720655,0.039336364548874674,0.06719965890864732,0.8139548391252702,25,20,20
12,5769,0.07732347953885448,0.03932824366863302,0.08539638449313065,0.7979518922993849,25,20,20
12,5770,0.04214960316905889,0.051183912986924866,0.10811447813536247,0.798552005708659,25,20,20
12,5771,0.042193924569613184,0.03911476911640406,0.12067228625439942,0.7980190200595864,25,20,20
12,5772,0.08012961214359249,0.03911448490669461,0.0825641830836335,0.7981917198660793,25,20,20
12,5773,0.0804109292576732,0.03873356438655343,0.11873850991752781,0.7621169964382459,25,20,20
12,5774,0.08087847886514224,0.038707925809536144,0.11824945841487412,0.7621641369104504,25,20,20
12,5775,0.0802701461541109,0.03994053796739348,0.132023144393689,0.7477661714848068,25,20,20
12,5776,0.10470065837495302,0.03994015019170651,0.09618165456289535,0.7591775368704448,25,20,20
12,5777,0.08749108394742372,0.03994014766787307,0.11091857418254915,0.7616501942021575,25,20,20
12,5778,0.07897580620636908,0.039945342385602524,0.13444656314460038,0.7466322882634294,25,20,20
12,5779,0.12237553189267122,0.03827707615361986,0.09192542997508618,0.7474219619786233,25,20,20
12,5780,0.08205850901908711,0.03827593938714433,0.13119005942591638,0.7484754921678527,25,20,20
12,5781,0.08317339005785863,0.03997750844718889,0.12944171706389962,0.7474073844310557,25,20,20
12,5782,0.061855657495036444,0.039949491562741295,0.15363090409952768,0.7445639468426997,25,20,20
12,5783,0.09083785547292625,0.039949696758490714,0.10996211212120496,0.7592503356473783,25,20,20
12,5784,0.10480815966382603,0.039983291518621254,0.10974770006582046,0.7454608487517359,25,20,20
12,5785,0.10604828616531678,0.03996035170665117,0.10961043320389396,0.7443809289241414,25,20,20
12,5786,0.13148571819835767,0.03828066772814753,0.08441761922636701,0.7458159948471286,25,20,20
12,5787,0.1355542693204597,0.038690711685813534,0.0811507188199865,0.7446043001737405,25,20,20
12,5788,0.14828584622519397,0.03826042705833117,0.0745887634344507,0.7388649632820239,25,20,20
12,5789,0.14848765002141492,0.03826047119194966,0.10136100773088516,0.7118908710557516,25,20,20
12,5790,0.11934166244576788,0.05024079413232581,0.10709881051291292,0.7233187329089954,25,20,20
12,5791,0.11938400815982136,0.03995939695376974,0.15642894840455804,0.6842276464818537,25,20,20
12,5792,0.1103174698062698,0.03995547645173631,0.16994030386345416,0.6797867498785389,25,20,20
12,5793,0.19125671235601277,0.03995408852307616,0.09442161862317514,0.6743675804977383,25,20,20
12,5794,0.22746033125237664,0.010563202574662674,0.08789824470785729,0.6740782214651039,25,20,20
12,5795,0.2746934638530546,5.3731186874210925e-08,0.05134575588443563,0.6739607265313227,25,20,20
12,5796,0.2953484909356108,4.270066553584983e-06,0.033298771216805884,0.6713484677810301,25,20,20
12,5797,0.2853820120636865,3.1061553399504624e-07,0.040809563737077524,0.6738081135837024,25,20,20
12,5798,0.252581179761884,1.1394544283141276e-06,0.06908421362160137,0.6783334671620865,25,20,20
12,5799,0.2293083937816219,0.00025685854738886134,0.09789831314137958,0.672536434529608,25,20,20
12,5800,0.20415297834847923,0.038733426623843915,0.08464134565428527,0.6724722493733917,25,20,20
12,5801,0.10662172068628756,0.04009908902145172,0.1596617362488834,0.6936174540433778,25,20,20
12,5802,0.16993620868166684,0.04034452873920073,0.08059413704317901,0.709125125535953,25,20,20
12,5803,0.17504939958415158,0.011504822192587187,0.09966385263112962,0.7137819255921327,25,20,20
12,5804,0.174357968028168,0.04030804052838745,0.06641335445808841,0.7189206369853559,25,20,20
12,5805,0.16893003653634606,0.0386046319890304,0.07426569768835996,0.7181996337862638,25,20,20
12,5806,0.16291606765480246,0.0007507717994662765,0.12354562083532818,0.7127875397104052,25,20,20
12,5807,0.1066263270366397,0.00037101606864457353,0.1741738680075942,0.7188287888871235,25,20,20
12,5808,0.13005871707956163,2.419366394784631e-05,0.15161001068004298,0.7183070785764484,25,20,20
12,5809,0.13637498016108351,1.6077177413623054e-05,0.18331532749379742,0.6802936151677081,25,20,20
12,5810,0.11505828433218157,0.0008865796108481755,0.18378254579076678,0.700272590266204,25,20,20
12,5811,0.0956041438385067,0.0009716700137491187,0.16834535752336688,0.7350788286243782,25,20,20
12,5812,0.13902524949617634,0.0008870207858669045,0.10088250980026398,0.7592052199176932,25,20,20
12,5813,0.11378697910133746,0.00013428724678075338,0.12666880261967584,0.7594099310322078,25,20,20
12,5814,0.13507490066451253,0.00013475091491034797,0.11819285675261644,0.7465974916679606,25,20,20
12,5815,0.15331209492490955,0.00014317872906689666,0.09364935379687847,0.7528953725491452,25,20,20
12,5816,0.15803437089891995,1.0467441372836523e-05,0.09079226430426486,0.7511628973554423,25,20,20
12,5817,0.1696560745198512,1.888476843373472e-06,0.07985569561939815,0.7504863413839066,25,20,20
12,5818,0.16050996579984608,1.8085198241929023e-06,0.08068463890060765,0.7588035867797218,25,20,20
12,5819,0.18891749962649576,1.3763794771881985e-06,0.07496132009934697,0.73611980389468,25,20,20
12,5820,0.19254078816100953,1.872716148268527e-06,0.07159694571574167,0.7358603934070999,25,20,20
12,5821,0.1961530195067145,1.8098640823649168e-06,0.04750225574107783,0.7563429148881249,25,20,20
12,5822,0.20802977211376095,8.487636855613941e-07,0.034363385902341864,0.757605993220211,25,20,20
12,5823,0.156476830216067,1.1035029299959592e-06,0.09653845852707633,0.7469836077539262,25,20,20
12,5824,0.19466593929673692,3.664414922132264e-07,0.07202902797934066,0.7333046662824304,25,20,20
12,5825,0.08212146616206323,3.193863359930829e-07,0.13797861309056572,0.7798996013610372,25,20,20
12,5826,0.06970681350006072,2.1523092480517297e-07,0.1340865784863515,0.7962063927826638,25,20,20
12,5827,0.04415468414618466,4.524198148073146e-08,0.15904105225049964,0.7968042183613333,25,20,20
12,5828,0.08107632837837349,7.20182400923058e-07,0.1132362744908015,0.8056866769484232,25,20,20
12,5829,0.1085630880345409,1.9749176365511025e-05,0.09735684958538689,0.7940603132037088,25,20,20
12,5830,0.09659882825111954,6.776334280046549e-07,0.10883014113457407,0.7945703529808802,25,20,20
12,5831,0.10882681154443855,6.7817457447225e-07,0.10786384852214531,0.7833086617588423,25,20,20
12,5832,0.05280643361249786,0.014167419844640348,0.14500064418966996,0.7880255023531946,25,20,20
12,5833,0.10965342948400343,0.014169184750112447,0.11218866157556212,0.763988724190324,25,20,20
12,5834,0.1002630818867596,0.014184142935297694,0.1465309045691907,0.7390218706087528,25,20,20
12,5835,0.10045045506200106,0.03954998161792602,0.12135379954164704,0.7386457637784253,25,20,20
12,5836,0.130969263053614,0.03997623920515372,0.09051544335597285,0.7385390543852598,25,20,20
12,5837,0.13120286514948587,0.03992596239280905,0.0824844348053303,0.7463867376523752,25,20,20
12,5838,0.1602426488506393,0.0399259659867093,0.0532648666252339,0.7465665185374176,25,20,20
12,5839,0.11613001431914145,0.03994551524609491,0.0915034802142797,0.7524209902204854,25,20,20
12,5840,0.11822616298924332,0.03994550739159795,0.09740712883532915,0.7444212007838305,25,20,20
12,5841,0.08782883076688006,0.03997651908877265,0.17506123743594496,0.6971334127084059,25,20,20
12,5842,0.11240101070885912,0.021232057659536112,0.15993037036676985,0.706436561264837,25,20,20
12,5843,0.14949432741465077,0.03819091711448359,0.10422879592890533,0.7080859595419646,25,20,20
12,5844,0.15742194716407404,0.039927273989406896,0.09480261136874717,0.7078481674777745,25,20,20
12,5845,0.15763040160374095,0.039943690338781285,0.08403601941513006,0.7183898886423481,25,20,20
12,5846,0.1615883996762921,0.011233793556671012,0.10943563074578243,0.7177421760212546,25,20,20
12,5847,0.1586707093373171,0.011225621917759806,0.1126756352741213,0.7174280334708013,25,20,20
12,5848,0.15305942465703257,0.020125619077245572,0.10884505574942434,0.7179699005163,25,20,20
12,5849,0.13807096171462066,0.02024776148834815,0.13888170339506034,0.7027995734019727,25,20,20
12,5850,0.13852225408649427,0.040447477609365505,0.10443459370750045,0.7165956745966406,25,20,20
12,5851,0.09922082599773814,0.04044752563255203,0.14284162199688674,0.7174900263728228,25,20,20
12,5852,0.13357107501337012,0.03827943522047863,0.120040332491408,0.7081091572747453,25,20,20
12,5853,0.14697709015176508,0.03828348032381322,0.10472400470345894,0.7100154248209632,25,20,20
12,5854,0.16180741129032966,0.039968907637141206,0.08803038721744341,0.7101932938550866,25,20,20
12,5855,0.12360345484071339,0.02061734719533288,0.13806643000690977,0.7177127679570471,25,20,20
12,5856,0.1251557494056937,0.020631173280776856,0.13575519241337047,0.7184578849001599,25,20,20
12,5857,0.13361606025491185,0.02119798500295727,0.10847991393799258,0.7367060408041429,25,20,20
12,5858,0.14555609051732143,0.021197990506787535,0.12650094172878965,0.7067449772471014,25,20,20
12,5859,0.1601523691719548,0.021197753731377854,0.10175851758843973,0.7168913595082287,25,20,20
12,5860,0.16029651099665632,0.03997648983855139,0.08120751120401992,0.7185194879607739,25,20,20
12,5861,0.16528288197169858,0.03825978205269873,0.07745806044071753,0.7189992755348845,25,20,20
12,5862,0.14177761891607762,0.03991196436449893,0.09909880920544475,0.7192116075139795,25,20,20
12,5863,0.19634098848226017,0.03991196574385064,0.0444798924255101,0.7192671533483783,25,20,20
12,5864,0.19797524785483606,0.03996612532284334,0.04352341439164667,0.7185352124306738,25,20,20
12,5865,0.16465920729608807,0.0007918928773814765,0.13130554441479414,0.7032433554117397,25,20,20
12,5866,0.1431809329176064,1.4688480277222498e-05,0.16087169052331735,0.6959326880787983,25,20,20
12,5867,0.09369529540180874,2.809798334870373e-05,0.18051338281685717,0.725763223797987,25,20,20
12,5868,0.13073333687224417,8.088272765904046e-07,0.11471200879106126,0.7545538455094177,25,20,20
12,5869,0.11545394132096069,4.8762769061825975e-06,0.13590006594053847,0.748641116461597,25,20,20
12,5870,0.12270115366713127,1.6885795480062842e-08,0.15745253404308848,0.719846295403986,25,20,20
12,5871,0.11730178005607696,1.3957385364391361e-08,0.1646507577671817,0.7180474482193583,25,20,20
12,5872,0.12258647604858451,5.677869591094182e-06,0.1610368815591846,0.7163709645226413,25,20,20
12,5873,0.11512614782244772,2.49872065089068e-07,0.16170812046818958,0.7231654818372988,25,20,20
12,5874,0.1117657484833632,5.20007483039343e-07,0.15395306667057565,0.7342806648385788,25,20,20
12,5875,0.1275905419658457,2.561981474112335e-07,0.11370357336223554,0.7587056284737712,25,20,20
12,5876,0.16852200943709955,7.155868199769556e-09,0.08496753751132934,0.746510445895704,25,20,20
12,5877,0.1581671614499612,2.431013417782357e-08,0.09036323543093601,0.7514695788089694,25,20,20
12,5878,0.17824005488851352,2.10635227173278e-07,0.09923758317889846,0.7225221512973609,25,20,20
12,5879,0.16899261891526685,1.6586756488635646e-06,0.10828793450664483,0.7227177879024431,25,20,20
12,5880,0.16196505504510658,3.175673596159548e-08,0.11946219040436784,0.718572722793791,25,20,20
12,5881,0.1421726164669655,9.670268142784468e-05,0.16012705032262314,0.6976036305289823,25,20,20
12,5882,0.13400864778074772,9.670287815831284e-05,0.15844789481739135,0.7074467545237024,25,20,20
12,5883,0.1582209441092376,1.3101095628376698e-05,0.14679475391018137,0.6949712008849543,25,20,20
12,5884,0.17850083311459222,3.5580571229525314e-08,0.20030134072196948,0.6211977905828674,25,20,20
12,5885,0.2033961916188031,2.5648015266818825e-06,0.16291865479334094,0.6336825887863298,25,20,20
12,5886,0.18559507225668864,1.3942098652954983e-05,0.17119114361100332,0.6431998420336552,25,20,20
12,5887,0.22808018738883756,1.5186866104953198e-08,0.1440998770836792,0.6278199203406205,25,20,20
12,5888,0.2377383077914214,0.000405336829604545,0.12229469537256298,0.6395616600064131,25,20,20
12,5889,0.24024801481143,0.0004051720774446696,0.16035882298762533,0.5989879901235008,25,20,20
12,5890,0.24561265291632922,0.00043979394012187483,0.15447518171904345,0.5994723714245079,25,20,20
12,5891,0.24477447450431933,6.666634739741162e-06,0.15689805730917356,0.5983208015517714,25,20,20
12,5892,0.25099770781804254,3.3630279304907356e-05,0.14992731912264484,0.5990413427800098,25,20,20
12,5893,0.28334737421108597,4.8271356272242576e-05,0.11788904277084425,0.5987153116617994,25,20,20
12,5894,0.14449096548372597,0.00010427646194587694,0.2564017727089207,0.5990029853454074,25,20,20
12,5895,0.10918029321520416,4.52359711247546e-06,0.29200390651899755,0.598811276668685,25,20,20
12,5896,0.2062361013971817,6.043091008181459e-08,0.19090818395839354,0.6028556542135147,25,20,20
12,5897,0.23678515479867657,1.4029942210647853e-08,0.160179712040668,0.6030351191307135,25,20,20
12,5898,0.234247577751357,8.107979742532677e-08,0.1632015591739346,0.6025507819949116,25,20,20
12,5899,0.22218295388676457,2.2913104319350605e-05,0.18639441585874914,0.5913997171501663,25,20,20
12,5900,0.22567528107089616,8.960417071563565e-06,0.1894461864314109,0.5848695720806225,25,20,20
12,5901,0.24612815169151325,0.00014139206216191277,0.1523859842399894,0.6013444720063384,25,20,20
12,5902,0.23482675407704678,7.656421081784805e-06,0.1658416673582135,0.5993239221436558,25,20,20
12,5903,0.29978490673486946,6.840292278814853e-06,0.10056916081771566,0.5996390921551367,25,20,20
12,5904,0.23187360973161394,4.838867079743122e-07,0.16845767212551951,0.5996682342561591,25,20,20
12,5905,0.23303733580681293,6.631570903023984e-05,0.16778348164181142,0.5991128668423481,25,20,20
12,5906,0.2928082006438703,6.631710658606057e-05,0.10766013984701464,0.5994653424025307,25,20,20
12,5907,0.2117402026261712,3.3791606991266256e-08,0.20320597576112653,0.5850537878210936,25,20,20
12,5908,0.25324388926083347,6.127631312565427e-07,0.14762501505468248,0.599130482921355,25,20,20
12,5909,0.17485370654087068,3.8267417229782845e-08,0.22635992606813293,0.5987863291235772,25,20,20
12,5910,0.233818162682211,1.976494604721764e-06,0.13555098789915776,0.630628872924029,25,20,20
12,5911,0.19848758215524068,2.204132079752805e-05,0.13126715192361604,0.6702232246003464,25,20,20
12,5912,0.15491693591061956,0.0011339651962177764,0.17166384762303455,0.6722852512701287,25,20,20
12,5913,0.17401408585166606,8.052252572887164e-06,0.14469330599798588,0.6812845558977761,25,20,20
12,5914,0.11828358172172711,0.00012121134079655856,0.2391803532380636,0.6424148536994138,25,20,20
12,5915,0.1505498634887323,3.196519463494551e-06,0.17175782182522678,0.677689118166581,25,20,20
12,5916,0.20871117903696604,2.33679100078854e-06,0.11293099440330169,0.6783554897687317,25,20,20
12,5917,0.20320172750483687,5.206876079845794e-06,0.11640791986786042,0.6803851457512248,25,20,20
12,5918,0.22685233161147958,2.2605914435754255e-07,0.053905805471141675,0.7192416368582351,25,20,20
12,5919,0.15215508204380346,1.8939696074936414e-07,0.14530924210019555,0.7025354864590423,25,20,20
12,5920,0.1239131344960656,1.1563995578847823e-07,0.17119669850502534,0.7048900513589531,25,20,20
12,5921,0.14077392179867082,1.3996543862479336e-06,0.17755816122517293,0.6816665173217704,25,20,20
12,5922,0.13913503657163703,5.59164612573486e-07,0.18256845582485964,0.6782959484388944,25,20,20
12,5923,0.12741817869467417,4.0277116834829497e-07,0.19344345930699608,0.6791379592271619,25,20,20
12,5924,0.12069040565361044,0.039093900138356535,0.198866579922203,0.6413491142858304,25,20,20
12,5925,0.13736919027966304,0.039093704188842164,0.18208414121183952,0.6414529643196574,25,20,20
12,5926,0.20564068206051256,0.039093681677679244,0.11993069386650948,0.635334942395299,25,20,20
12,5927,0.23213130461843703,0.039084593588901345,0.10427163820159338,0.6245124635910693,25,20,20
12,5928,0.1646388045900114,0.03825024527598392,0.17302890969377763,0.6240820404402267,25,20,20
12,5929,0.14727506377352084,0.03825042975707122,0.203584248611014,0.6108902578583932,25,20,20
12,5930,0.21225118259247303,0.038814222777350305,0.12590160064697065,0.6230329939832093,25,20,20
12,5931,0.18779201702274292,0.039580883249821876,0.13410947845881116,0.6385176212686245,25,20,20
12,5932,0.19195151632260982,0.038254607427843965,0.16585290245763573,0.6039409737919117,25,20,20
12,5933,0.24038246857798973,0.03870233269616007,0.1175972198021869,0.6033179789236648,25,20,20
12,5934,0.23645010467477476,0.03868914705871132,0.12129219607561373,0.6035685521909016,25,20,20
12,5935,0.23422280037710524,0.038702255424134434,0.1343190049599193,0.5927559392388416,25,20,20
12,5936,0.18524673079330256,0.04398027773478534,0.14633478032615735,0.6244382111457564,25,20,20
12,5937,0.23210146151021788,0.039940927794731476,0.09733838505801434,0.6306192256370382,25,20,20
12,5938,0.19582288114473928,0.03996524424356427,0.15037547006793736,0.6138364045437601,25,20,20
12,5939,0.1864164454200489,0.03996291281467102,0.1476435695385796,0.6259770722267045,25,20,20
12,5940,0.21561368790085114,0.039963394080661414,0.1297155383571732,0.6147073796613152,25,20,20
12,5941,0.2620874133615891,0.03996712757436848,0.07142698240587807,0.6265184766581646,25,20,20
12,5942,0.26691991278869087,0.03997543649594362,0.06706535605307941,0.6260392946622867,25,20,20
12,5943,0.2696168961628236,0.014127566256840904,0.0904894079813979,0.625766129598938,25,20,20
12,5944,0.24768770154760214,0.03993944805569234,0.08665321882442788,0.6257196315722778,25,20,20
12,5945,0.24481373419329505,0.03993955108709141,0.08366344257315227,0.6315832721464635,25,20,20
12,5946,0.22517052727097508,0.0003074548123665969,0.1610152099167539,0.6135068079999029,25,20,20
12,5947,0.1967969836508282,0.00027470051325055546,0.2044055870392854,0.5985227287966368,25,20,20
12,5948,0.2776785711223154,2.4663156839964862e-06,0.12300874607555098,0.5993102164864496,25,20,20
12,5949,0.3125268655764048,1.8322775256309859e-06,0.0881299945175443,0.5993413076285268,25,20,20
12,5950,0.2906575311049781,1.657903692154216e-06,0.1183969909171888,0.5909438200741424,25,20,20
12,5951,0.31303936474708655,1.9508689726360487e-08,0.11320906976566382,0.5737515459785618,25,20,20
12,5952,0.27024026546884944,2.9856554341799047e-07,0.13514191273895462,0.5946175232266542,25,20,20
12,5953,0.23184499480455806,0.0034038930953041095,0.17224529323545254,0.5925058188646851,25,20,20
12,5954,0.22649582540789223,0.00011090563573694979,0.1449519455595542,0.6284413233968184,25,20,20
12,5955,0.22486178900527765,2.650124116603916e-07,0.10145454280967585,0.6736834031726368,25,20,20
12,5956,0.23506174538094157,2.4276979695848374e-07,0.09079215738837457,0.674145854460891,25,20,20
12,5957,0.2134402760408949,1.8806348556594733e-07,0.11054864009188964,0.6760108958037313,25,20,20
12,5958,0.2412403473669826,7.391212307481487e-07,0.082376509374517,0.676382404137269,25,20,20
12,5959,0.24601173945346877,3.8994521899614207e-07,0.07774506986073414,0.6762428007405775,25,20,20
12,5960,0.24267567911618682,6.638215861891049e-05,0.12575332674433778,0.6315046119808576,25,20,20
12,5961,0.23872747174540476,2.6358538210241377e-07,0.12232774555846322,0.6389445191107522,25,20,20
12,5962,0.22422671299935173,9.715812346775989e-09,0.13553616658177134,0.6402371107030648,25,20,20
12,5963,0.21993196696844464,1.7907522948510134e-06,0.14125739468650883,0.6388088475927538,25,20,20
12,5964,0.15825362820914854,4.758251976530904e-08,0.1720697150756553,0.6696766091326782,25,20,20
12,5965,0.16712780264955335,7.221153977499224e-07,0.15584494189471657,0.6770265333403325,25,20,20
12,5966,0.16909282548834778,1.5760653606812431e-06,0.15501320241569816,0.6758923960305956,25,20,20
12,5967,0.20999467856058449,2.6659637647558475e-07,0.10940664873040426,0.6805984061126351,25,20,20
12,5968,0.20083887496559594,5.054778727205421e-05,0.12137400655854443,0.6777365706885887,25,20,20
12,5969,0.1907056487888669,8.367577536568175e-05,0.13126344759958597,0.6779472278361816,25,20,20
12,5970,0.20165979543552937,8.736307698562624e-05,0.11964284495241584,0.6786099965350695,25,20,20
12,5971,0.10291415917036818,0.00032440590412340597,0.2225959086124002,0.6741655263131078,25,20,20
12,5972,0.1446730117090968,1.4463545224963338e-05,0.1762596209205462,0.6790529038251342,25,20,20
12,5973,0.14930530406639883,5.5528014349298425e-08,0.15006454765822874,0.7006300927473608,25,20,20
12,5974,0.14055387684968948,7.83705538877398e-07,0.15415016406232435,0.7052951753824483,25,20,20
12,5975,0.11792055876838826,7.609171623281931e-07,0.21409132501725925,0.6679873552971887,25,20,20
12,5976,0.12206470964905475,2.5008948345112353e-09,0.20385257652580605,0.6740827113242451,25,20,20
12,5977,0.08735233023201865,1.3225374292480078e-05,0.2401024788387778,0.6725319655549099,25,20,20
12,5978,0.1168890195167882,1.289173040211925e-05,0.20448702034812377,0.6786110684046881,25,20,20
12,5979,0.12805408225167367,1.2060573661869067e-05,0.22944763401354826,0.6424862231611174,25,20,20
12,5980,0.17216470216430443,2.652038184387612e-05,0.16305765858862756,0.6647511188652259,25,20,20
12,5981,0.13687379266351482,7.147983529197869e-06,0.19573333148888278,0.6673857278640716,25,20,20
12,5982,0.12442023757337789,2.0161902895617225e-05,0.19359077832232846,0.6819688222013967,25,20,20
12,5983,0.12134815459541,1.30190891903375e-05,0.15837716306182653,0.7202616632535742,25,20,20
12,5984,0.1256996310112638,1.2992127835455316e-05,0.16167821788745138,0.7126091589734506,25,20,20
12,5985,0.12422450003569255,1.2990464829749062e-05,0.15662372976227962,0.7191387797371976,25,20,20
12,5986,0.10652638252887593,0.02188993744751569,0.15267645169519228,0.7189072283284166,25,20,20
12,5987,0.06532296816909938,0.03994433186982413,0.18787920802832134,0.7068534919327583,25,20,20
12,5988,0.07504526272056297,0.039944131680668835,0.11781233967338679,0.7671982659253813,25,20,20
12,5989,0.06903344326108972,0.014138585258934959,0.14373870574172304,0.7730892657382538,25,20,20
12,5990,0.04103602328343083,0.014138481744105156,0.1975677842715057,0.7472577107009606,25,20,20
12,5991,0.008587093202925642,0.03862028173285073,0.19379625840571066,0.7589963666585163,25,20,20
12,5992,0.0013064999827323831,0.039960130417798057,0.1950942601091622,0.7636391094903102,25,20,20
12,5993,0.008194216244273904,0.039960091628451135,0.15399502973402723,0.7978506623932499,25,20,20
12,5994,0.042260107768602256,0.040064883609794794,0.1190963392828554,0.7985786693387469,25,20,20
12,5995,0.059105781316097665,0.021258189430902585,0.12019843711086044,0.7994375921421404,25,20,20
12,5996,0.08255185160244713,0.03951016103899032,0.08555173129608173,0.7923862560624824,25,20,20
12,5997,0.09647082585133906,0.03994987718497496,0.07876446127647471,0.7848148356872114,25,20,20
12,5998,0.07905781112579016,0.03995013307249368,0.09445974194551836,0.7865323138561995,25,20,20
12,5999,0.09530881948452911,0.039967177177383253,0.07654327986257126,0.7881807234755155,25,20,20
12,6000,0.1171731740774473,0.03936439542380852,0.05118998286173939,0.7922724476370052,25,20,20
12,6001,0.11975115817857249,0.03934554349799274,0.0423095844771336,0.7985937138463004,25,20,20
12,6002,0.1135474633996101,0.03934536591300527,0.04919355761947232,0.7979136130679116,25,20,20
12,6003,0.09708823426715955,0.03934476669939544,0.060955383187003005,0.8026116158464401,25,20,20
12,6004,0.10286670413238451,0.03997732760469683,0.06231329257750445,0.7948426756854124,25,20,20
12,6005,0.10367410737167353,0.014165048974801163,0.0990766911282037,0.7830841525253208,25,20,20
12,6006,0.1028354750322861,0.0141650482033807,0.08778624944528288,0.7952132273190494,25,20,20
12,6007,0.10368394247034772,0.014165382310330482,0.09192237718889221,0.7902282980304289,25,20,20
12,6008,0.10332320261922173,0.014668919550935472,0.10238508034259128,0.7796227974872507,25,20,20
12,6009,0.11491644670215566,0.0141646461677007,0.07221710055584368,0.7987018065742998,25,20,20
12,6010,0.08130005054025283,0.014183740614489498,0.10559282012762546,0.7989233887176317,25,20,20
12,6011,0.07417356883963361,0.014204617841584142,0.14464064984126143,0.7669811634775193,25,20,20
12,6012,0.04828495827996174,0.014180145256065728,0.14359515405799822,0.7939397424059724,25,20,20
12,6013,0.0482615947461798,0.038256294672323686,0.15509512432327366,0.7583869862582248,25,20,20
12,6014,0.052954917922893016,0.038256317676573455,0.14494353369733012,0.7638452307032054,25,20,20
12,6015,0.0802111200683351,0.040226070466866,0.11885129700479348,0.7607115124600061,25,20,20
12,6016,0.08022217654742336,0.03993040091871903,0.12046636394454628,0.7593810585893109,25,20,20
12,6017,0.09459022704800199,0.03873475626441021,0.10816081406047204,0.7585142026271174,25,20,20
12,6018,0.14417810636912412,0.03873411292401039,0.05797629138326073,0.7591114893236043,25,20,20
12,6019,0.12913062429695527,0.03873411029798941,0.07022611699430875,0.7619091484107463,25,20,20
12,6020,0.06706952911164273,0.03936255529315817,0.10595369758896869,0.787614218006231,25,20,20
12,6021,0.030312159760468086,0.038257647990894,0.06443116098258751,0.8669990312660479,25,20,20
12,6022,0.02518617619531458,0.039948581135049295,0.07224346005106087,0.8626217826185748,25,20,20
12,6023,0.02538704292849419,0.0010810890239245513,0.09954888143867842,0.8739829866089041,25,20,20
12,6024,0.05848125504943148,1.4897291106766383e-06,0.07747730234183806,0.8640399528796187,25,20,20
12,6025,0.08009291848590089,6.939182500263669e-07,0.05575285145682906,0.8641535361390197,25,20,20
12,6026,0.08087295995697577,3.7508643995670453e-11,0.054903316449719596,0.8642237235557946,25,20,20
12,6027,0.07856887853141527,6.585312523054877e-11,0.04284225236515373,0.8785888690375766,25,20,20
12,6028,0.08244168495181761,6.68988870452467e-10,0.045350869969732706,0.872207444409459,25,20,20
12,6029,0.04737531508017511,2.287432509570834e-08,0.09362522144928677,0.8589994405962156,25,20,20
12,6030,0.0800258889967424,3.1681935629217996e-08,0.04276113923432259,0.877212940086998,25,20,20
12,6031,0.1012117647656693,5.172727882119242e-09,0.05716821103982335,0.8416200190217777,25,20,20
12,6032,0.10143624883489037,9.099409216931721e-09,0.05758795782411417,0.8409757842415871,25,20,20
12,6033,0.06973550741658639,1.8431174362811782e-07,0.08897039660184383,0.8412939116698258,25,20,20
12,6034,0.06423789760245721,1.0158900800150751e-05,0.09864515467189414,0.8371067888248518,25,20,20
12,6035,0.06387007099494446,1.0155277556458716e-05,0.09823651562276753,0.8378832581047321,25,20,20
12,6036,0.04613996745253427,0.0007830190187343989,0.096823444093871,0.8562535694348626,25,20,20
12,6037,0.04523701340341853,0.0007830185067947955,0.07199698952864714,0.8819829785611387,25,20,20
12,6038,0.04746262855643553,1.9611435909064615e-05,0.12310437304022073,0.8294133869674342,25,20,20
12,6039,0.005019756892141546,2.017872168004776e-05,0.16366950484008502,0.8312905595460898,25,20,20
12,6040,0.06482848105586034,9.846739361468885e-05,0.14257059531954097,0.7925024562309854,25,20,20
12,6041,0.07809118818852095,5.551586574748954e-06,0.12317105420594932,0.7987322060189582,25,20,20
12,6042,0.08144327758069325,5.609610527929164e-06,0.13307993278096766,0.7854711800278108,25,20,20
12,6043,0.12222480625648702,2.3677596502050896e-08,0.07907105772328324,0.7987041123426326,25,20,20
12,6044,0.143932697722516,4.105465123954128e-09,0.08893807465474196,0.7671292235172777,25,20,20
12,6045,0.1294225149992956,6.358881081426108e-08,0.09311539967659632,0.7774620217352972,25,20,20
12,6046,0.1196502765252098,2.6221574551937127e-07,0.12771299928051405,0.7526364619785337,25,20,20
12,6047,0.13421826018376287,9.899881244301345e-09,0.11271410777875449,0.7530676221376029,25,20,20
12,6048,0.17350802826748926,1.0150847403740023e-08,0.07278346946476147,0.7537084921169023,25,20,20
12,6049,0.14518455358688265,4.576754503305935e-09,0.10292887485645927,0.7518865669799031,25,20,20
12,6050,0.1686877002018611,6.109346630425905e-05,0.0839647541715153,0.7472864521603192,25,20,20
12,6051,0.16877181526955737,6.0740184507957806e-05,0.07254535326180736,0.7586220912841273,25,20,20
12,6052,0.15609950357378927,1.0903950991110523e-05,0.0911769173851252,0.7527126750900954,25,20,20
12,6053,0.12663757420278787,2.721773350578382e-08,0.18713578628307104,0.6862266122964091,25,20,20
12,6054,0.14929443316489466,4.953998843651794e-08,0.14262204185394645,0.7080834754411747,25,20,20
12,6055,0.12492506157439134,1.2268919182350309e-06,0.16364486119883917,0.7114288503348511,25,20,20
12,6056,0.18035617199361031,1.1493812006006403e-06,0.107454441166746,0.7121882374584443,25,20,20
12,6057,0.15269141418422363,0.0004022337948996771,0.16309972978275,0.6838066222381297,25,20,20
12,6058,0.17187277137988904,7.644215438503983e-06,0.14878880137661227,0.6793307830280634,25,20,20
12,6059,0.17045968339988987,5.628093014784125e-07,0.14771390637293563,0.6818258474178769,25,20,20
12,6060,0.18835313412329652,0.00040773689954667756,0.14580041934707377,0.665438709630088,25,20,20
12,6061,0.16940919632707266,0.00040755581692592793,0.15883372874841906,0.6713495191075842,25,20,20
12,6062,0.18524604408589307,1.4229996762565912e-05,0.1707816350502985,0.6439580908670464,25,20,20
12,6063,0.18308540116535926,1.2626800573396896e-05,0.1431969711657954,0.6737050008682737,25,20,20
12,6064,0.2062195947808588,2.5819727426503488e-05,0.11552252050604286,0.6782320649856708,25,20,20
12,6065,0.16758256081637754,1.6381819221250503e-05,0.14361678067874958,0.6887842766856539,25,20,20
12,6066,0.19335547468842548,1.4138182648689709e-05,0.10446418197944578,0.7021662051494801,25,20,20
12,6067,0.16214608494780944,0.0002038265508895058,0.11830315133704639,0.7193469371642556,25,20,20
12,6068,0.1533795405996818,1.4133688600444191e-05,0.1281832674629291,0.7184230582487902,25,20,20
12,6069,0.15371668949796985,1.4165536968692803e-05,0.1342940714835327,0.7119750734815286,25,20,20
12,6070,0.14950312479114863,5.196299567225182e-05,0.12038263940993021,0.7300622728032516,25,20,20
12,6071,0.1235407960776747,0.0011226255816186234,0.171683805138613,0.7036527732020944,25,20,20
12,6072,0.13370467066789204,0.00048377024304010617,0.1613926570323815,0.7044189020566891,25,20,20
12,6073,0.195453971414507,6.594746871833343e-05,0.08538333656385323,0.7190967445529214,25,20,20
12,6074,0.1951575046294305,6.672951753645695e-05,0.08637975067022068,0.7183960151828112,25,20,20
12,6075,0.2326962742721986,1.7466266220002341e-07,0.06421244225686258,0.7030911088082757,25,20,20
12,6076,0.17642283187647834,6.848842681691123e-08,0.11987692502462723,0.7037001746104703,25,20,20
12,6077,0.18644145273833432,1.2977702234341685e-06,0.10499308330345199,0.708564166187991,25,20,20
12,6078,0.1811106466266455,8.778710152571988e-07,0.10732003004647041,0.7115684454558707,25,20,20
12,6079,0.23734909570737248,6.934494148912147e-09,0.04458310121908728,0.7180677961390465,25,20,20
12,6080,0.16264761952866935,3.3576753232260557e-06,0.12291002553069381,0.7144389972653161,25,20,20
12,6081,0.1787194670943485,0.00012653089273267044,0.10387432446009685,0.717279677552824,25,20,20
12,6082,0.19937327710939645,0.00012323833029570378,0.09871698700172801,0.7017864975585786,25,20,20
12,6083,0.19085803498238552,0.00012437691913470735,0.10858210677469789,0.7004354813237832,25,20,20
12,6084,0.19971826923567576,0.00012317484281387174,0.08130116254662786,0.7188573933748816,25,20,20
12,6085,0.09974319144946592,0.0001231788231138653,0.18147570978550237,0.71865791994192,25,20,20
12,6086,0.09479965748139324,6.492188681370607e-07,0.17405972150462073,0.7311399717951171,25,20,20
12,6087,0.08024093791757299,0.010154079359580926,0.15098715267722357,0.7586178300456241,25,20,20
12,6088,0.08556618586525667,0.04000031964732335,0.11644415529909333,0.7579893391883281,25,20,20
12,6089,0.14702611819786546,0.040000642660191765,0.05513541368702581,0.7578378254549168,25,20,20
12,6090,0.16157568029502958,0.039973634805348296,0.0397388270737712,0.7587118578258506,25,20,20
12,6091,0.16102936400895504,0.03996933315571576,0.044919860900171284,0.7540814419351578,25,20,20
12,6092,0.15219951899605327,0.03996945388793898,0.04960559064016863,0.7582254364758384,25,20,20
12,6093,0.1485370096175562,0.04003395265966951,0.052515743487233146,0.7589132942355409,25,20,20
12,6094,0.13364280019214253,0.04638100694255558,0.09582203030262272,0.7241541625626797,25,20,20
12,6095,0.15627579777295142,0.03872546414369625,0.0903154687062637,0.7146832693770907,25,20,20
12,6096,0.1569036250762531,0.039941054809218626,0.0880482909093644,0.7151070292051669,25,20,20
12,6097,0.13113218902731907,0.0141634936280217,0.13048571275431023,0.7242186045903517,25,20,20
12,6098,0.12806548438292237,0.014167069965759553,0.13417909680292822,0.72358834884839,25,20,20
12,6099,0.15651612752527444,0.03997190965670088,0.07989416462757568,0.7236177981904497,25,20,20
12,6100,0.15971611152447468,0.03823915961063143,0.08264944243228152,0.7193952864326127,25,20,20
12,6101,0.0823873847275787,0.019695838426864894,0.17814672258405062,0.7197700542615106,25,20,20
12,6102,0.07067120631165447,0.01971391062343716,0.1911797011417467,0.7184351819231654,25,20,20
12,6103,0.0950941913881531,0.01971383397442785,0.16751047985985842,0.7176814947775623,25,20,20
12,6104,0.09212982493005502,0.03912917907183153,0.15401463308834618,0.7147263629097683,25,20,20
12,6105,0.13151169391471054,0.011229708881298855,0.14334733758187843,0.7139112596221124,25,20,20
12,6106,0.14730070668403872,0.038734432178068705,0.10422604296564804,0.7097388181722435,25,20,20
12,6107,0.1487237272938102,0.03995046095652468,0.10197685483775343,0.7093489569119115,25,20,20
12,6108,0.1535467730813879,0.03994009895322566,0.11358159508222966,0.6929315328831593,25,20,20
12,6109,0.1724041980826531,0.03994526833876632,0.08747276729385557,0.700177766284727,25,20,20
12,6110,0.15037927286139227,0.03996473496149266,0.10493018913214482,0.7047258030449712,25,20,20
12,6111,0.1421144146186393,0.0410311549521826,0.11608645508503289,0.7007679753441477,25,20,20
12,6112,0.1613218705823567,0.03937754977740979,0.09791307216410566,0.70138750747613,25,20,20
12,6113,0.13381956178129653,0.002356842079351661,0.18205881410701366,0.6817647820323387,25,20,20
12,6114,0.18459404600245408,0.002356848569780587,0.14585542415002167,0.6671936812777449,25,20,20
12,6115,0.16965722136204467,1.3418661712102094e-05,0.15737511035772936,0.6729542496185148,25,20,20
12,6116,0.11860598137104629,1.3475576630200839e-05,0.21912735230330715,0.6622531907490193,25,20,20
12,6117,0.13716793320371581,1.8192424562901918e-07,0.14435281918130038,0.7184790656907394,25,20,20
12,6118,0.180081684311774,4.651352351848326e-07,0.13644278832385795,0.6834750622291338,25,20,20
12,6119,0.1627184948743759,2.743912675096879e-07,0.15976097138716924,0.6775202593471898,25,20,20
12,6120,0.17528357032746716,1.9722696158972708e-05,0.15180988010577937,0.6728868268705935,25,20,20
12,6121,0.16303396028003023,0.00034335395219963627,0.16342309912860437,0.6731995866391693,25,20,20
12,6122,0.14909080329115101,0.0007795053129344215,0.16014416569585294,0.6899855257000637,25,20,20
12,6123,0.20002214115409822,0.00011408360196110496,0.12070667426668791,0.6791571009772541,25,20,20
12,6124,0.18257597206841333,0.00013355799434075147,0.13802183914552013,0.6792686307917277,25,20,20
12,6125,0.14006109317277815,1.0318608092686743e-05,0.1914031487163544,0.6685254395027768,25,20,20
12,6126,0.21131355251238748,7.044656818859551e-06,0.1094737185925633,0.679205684238231,25,20,20
12,6127,0.22260018941845686,5.361766323845445e-07,0.09819590032050186,0.679203374084413,25,20,20
12,6128,0.26596504768297985,0.0011269769475441551,0.05497475692342462,0.6779332184460517,25,20,20
12,6129,0.20749869410237717,8.47722708962257e-05,0.13041740932354512,0.6619991243031841,25,20,20
12,6130,0.20012984427151545,1.6903985616077762e-07,0.13340351211810295,0.6664664745705257,25,20,20
12,6131,0.16060978108211185,1.5509052429363905e-09,0.1767917201837101,0.6625984971832749,25,20,20
12,6132,0.20062411662418664,5.576822032408298e-06,0.12691496437265404,0.6724553421811287,25,20,20
12,6133,0.19199170311969557,2.326080579886158e-07,0.13509325989402743,0.672914804378221,25,20,20
12,6134,0.10676523328498774,3.0991782338928883e-07,0.2142067827634668,0.6790276740337217,25,20,20
12,6135,0.09515000268898659,1.3955571083093608e-05,0.3007636019832541,0.6040724397566745,25,20,20
12,6136,0.12206958967602445,0.0009458570676125279,0.23571111472086095,0.6412734385355027,25,20,20
12,6137,0.17636431841689318,1.0419531451845303e-05,0.14642476473751448,0.6772004973141407,25,20,20
12,6138,0.1721874587063429,1.0432294282211698e-05,0.16662676322286596,0.6611753457765066,25,20,20
12,6139,0.1183444130629559,5.0956000684098493e-08,0.21683198594179476,0.66482355003925,25,20,20
12,6140,0.19970478183952825,2.026099426691566e-06,0.13522364085644273,0.6650695512046042,25,20,20
12,6141,0.22803179764272696,1.4469421094373394e-05,0.06012657452595336,0.7118271584102236,25,20,20
12,6142,0.21660707944198088,3.267133689210096e-05,0.0647504747687849,0.718609774452341,25,20,20
12,6143,0.21153871561119986,3.3103912610140254e-05,0.07155224063670013,0.7168759398394888,25,20,20
12,6144,0.21708439452068426,6.147023968817685e-05,0.07807285068738405,0.7047812845522423,25,20,20
12,6145,0.23675877255332092,9.185029625503673e-09,0.044518084359175515,0.7187231339024724,25,20,20
12,6146,0.14403720836175038,0.0005085893144682562,0.15484698984932677,0.7006072124744565,25,20,20
12,6147,0.15275419768609813,0.0005082798320451245,0.12749177588182192,0.7192457466000348,25,20,20
12,6148,0.1434406079544289,1.8724485610435892e-07,0.10412001206906785,0.7524391927316482,25,20,20
12,6149,0.14371788201838254,1.8646401505853794e-07,0.13855332666669745,0.7177286048509055,25,20,20
12,6150,0.13278635689448703,2.617721466744037e-07,0.11154723345687431,0.7556661478764913,25,20,20
12,6151,0.16008817457810529,3.464535212889941e-08,0.13336365558863392,0.7065481351879107,25,20,20
12,6152,0.12868627180536174,4.1449207193093293e-07,0.16471503905211468,0.7065982746504538,25,20,20
12,6153,0.1784316913908883,8.55755516552522e-07,0.10398729157668564,0.7175801612769095,25,20,20
12,6154,0.24717013119580675,7.519848799708204e-07,0.045940728136036474,0.7068883886832766,25,20,20
12,6155,0.24705078780860965,7.567420176531226e-07,0.03542025208382278,0.7175282033655493,25,20,20
12,6156,0.15738987299312135,0.0010115664938759746,0.12419221813861536,0.7174063423743904,25,20,20
12,6157,0.13515656956637792,0.00014227503422228796,0.14564270063329554,0.7190584547661054,25,20,20
12,6158,0.12239245847911175,0.00017217120555799523,0.15919653694820352,0.7182388333671261,25,20,20
12,6159,0.13864119075796658,2.6988959494325653e-05,0.14389645616191737,0.7174353641206238,25,20,20
12,6160,0.1374269826042414,2.204285611477696e-08,0.1492286627446492,0.7133443326082545,25,20,20
12,6161,0.18486641047932525,1.9681278544531638e-05,0.09702335034764298,0.7180905578944882,25,20,20
12,6162,0.190414998745327,1.968179350064999e-05,0.09201951230046031,0.7175458071607131,25,20,20
12,6163,0.19885384102139306,3.5295712713680166e-07,0.08215524695654883,0.7189905590649324,25,20,20
12,6164,0.16015507648131053,3.450235315977509e-07,0.12606291799157912,0.7137816605035789,25,20,20
12,6165,0.19259383447254194,1.0252843097035948e-06,0.12843982989772207,0.6789653103454308,25,20,20
12,6166,0.1976379559152204,6.259187469181934e-07,0.12349337530942701,0.6788680428566066,25,20,20
12,6167,0.14836090581566228,0.0005011671836590422,0.172282772379328,0.678855154621353,25,20,20
12,6168,0.17332216503038353,0.0005000849196735368,0.18685347353088755,0.6393242765190571,25,20,20
12,6169,0.11706253919137521,0.014173368696425874,0.2326481848522623,0.6361159072599344,25,20,20
12,6170,0.09902315893098669,0.03994286417049367,0.22951845008770344,0.6315155268108159,25,20,20
12,6171,0.1760173526651998,0.03994712277350771,0.1447604809255722,0.6392750436357216,25,20,20
12,6172,0.14910025393473952,0.03825557857933466,0.17311945517813981,0.6395247123077842,25,20,20
12,6173,0.16533094277229385,1.4582193789474958e-06,0.19584595624582668,0.6388216427625004,25,20,20
12,6174,0.19496293213585353,0.001201562102071563,0.1658141448684501,0.6380213608936264,25,20,20
12,6175,0.21471084740461788,0.0012015490663184023,0.14572500972609728,0.6383625938029681,25,20,20
12,6176,0.2276060305887104,0.0012016882646406358,0.1361054730133766,0.6350868081332728,25,20,20
12,6177,0.20811246354720153,2.6172694132566824e-08,0.15263354412464383,0.6392539661554634,25,20,20
12,6178,0.2764135618132517,7.731757738673431e-07,0.0735095670628561,0.6500760979481194,25,20,20
12,6179,0.2722935702350169,3.568443596870819e-05,0.08800117459565367,0.6396695707333604,25,20,20
12,6180,0.2681270614715918,1.4038864331857914e-06,0.10702371468607681,0.6248478199559001,25,20,20
12,6181,0.2531240507914397,1.5217106148256872e-06,0.13236133632033928,0.6145130911776081,25,20,20
12,6182,0.2775583899940254,0.005709883079734294,0.08859874706141328,0.6281329798648273,25,20,20
12,6183,0.29447693779189915,1.1007501626703982e-07,0.06641600471187199,0.6391069474212128,25,20,20
12,6184,0.27561420733077646,9.684028528014968e-08,0.08591459734444858,0.6384710984844911,25,20,20
12,6185,0.1720360197567369,4.311646919658612e-06,0.18922450250969092,0.6387351660866534,25,20,20
12,6186,0.1987508356104069,3.109440699887934e-06,0.16259387414541288,0.6386521808034789,25,20,20
12,6187,0.19815402931139134,3.954999247958165e-06,0.1634356596102395,0.6384063560791201,25,20,20
12,6188,0.213740754418405,1.6787015074880396e-06,0.14769776764040868,0.63855979923968,25,20,20
12,6189,0.23221867904746393,0.0007500402846558618,0.12694380414160947,0.640087476526273,25,20,20
12,6190,0.24691595161535973,0.0007499905518721248,0.11325110430200669,0.6390829535307614,25,20,20
12,6191,0.2529144196247106,1.628139505722776e-05,0.1612020471398659,0.5858672518403689,25,20,20
12,6192,0.28317790380253843,3.444850534096264e-05,0.11759495271459555,0.5991926949775255,25,20,20
12,6193,0.203313850677071,9.387245409881173e-05,0.19744284013758612,0.5991494367312464,25,20,20
12,6194,0.23173396280559502,1.7362083963245658e-06,0.16593199458103366,0.6023323064049779,25,20,20
12,6195,0.23966839117982267,4.376937142382354e-06,0.1669876948731329,0.5933395370099024,25,20,20
12,6196,0.21424994059798153,0.02523773384677378,0.17784148716651182,0.582670838388732,25,20,20
12,6197,0.209338140632061,0.04026453596330718,0.15030863827291202,0.6000886851317201,25,20,20
12,6198,0.24764770854494597,0.038717413586147484,0.07785920188979686,0.6357756759791097,25,20,20
12,6199,0.25631691235739784,0.03996698945485836,0.06886653698655627,0.6348495612011871,25,20,20
12,6200,0.23996441161384713,0.039967798733366824,0.0831712466704839,0.6368965429823044,25,20,20
12,6201,0.24602488254364474,0.039967864412881124,0.11113923648110074,0.6028680165623753,25,20,20
12,6202,0.20459620740044826,0.04023985998134966,0.19994982080428464,0.555214111813916,25,20,20
12,6203,0.22255332053433452,0.03995343225043237,0.17404341450107413,0.563449832714161,25,20,20
12,6204,0.25420976662548217,0.039950065118129735,0.14426588855598335,0.5615742797004061,25,20,20
12,6205,0.25284225150992107,0.01416734366007701,0.21079470740721104,0.5221956974227899,25,20,20
12,6206,0.2743222853973916,0.014157644988854277,0.1524479946358681,0.5590720749778914,25,20,20
12,6207,0.2525298096740302,0.03874448865894392,0.186740313259984,0.5219853884070436,25,20,20
12,6208,0.14736207811049162,0.039345000202565684,0.2960585564265964,0.5172343652603435,25,20,20
12,6209,0.14571474434797582,0.03997695665885898,0.2940133138595147,0.5202949851336477,25,20,20
12,6210,0.14061962083469512,0.014166497234284346,0.35519728836895936,0.4900165935620607,25,20,20
12,6211,0.16401706010618888,0.03936395712657155,0.27771643944448515,0.5189025433227559,25,20,20
12,6212,0.25457325069834125,0.03996629920756886,0.1873194782819089,0.5181409718121821,25,20,20
12,6213,0.24933851722204103,0.022379211853275193,0.2019529672721271,0.5263293036525587,25,20,20
12,6214,0.26509004644492085,0.0622082502577747,0.1540421060075707,0.5186595972897341,25,20,20
12,6215,0.23145736104574127,0.0614950975927371,0.1875125429405459,0.5195349984209757,25,20,20
12,6216,0.2062378903643698,0.07944758032344308,0.172871396859687,0.5414431324524994,25,20,20
12,6217,0.20389080012482647,0.07989367560087123,0.1566483532240204,0.5595671710502824,25,20,20
12,6218,0.22514704331186774,0.07691840085562662,0.10859860175266343,0.5893359540798433,25,20,20
12,6219,0.20709720785712502,0.07993337513118312,0.12327163243840916,0.5896977845732821,25,20,20
12,6220,0.24189473088993574,0.08057631655473045,0.08271176229651747,0.5948171902588157,25,20,20
12,6221,0.19758278265173093,0.07991623653391752,0.12506072608669272,0.5974402547276615,25,20,20
12,6222,0.19584673058235577,0.07988190792766127,0.1294077817693031,0.5948635797206812,25,20,20
12,6223,0.22042821479626426,0.05120932864843596,0.1642422194568503,0.564120237098451,25,20,20
12,6224,0.2213425621448558,0.06057937861131148,0.16275472553257614,0.55532333371126,25,20,20
12,6225,0.26697755455099814,0.07821320534181966,0.09252926984434616,0.5622799702628364,25,20,20
12,6226,0.24234369515904441,0.07820169394980149,0.11985714303209977,0.5595974678590568,25,20,20
12,6227,0.2729058862940235,0.07777395668121043,0.09437973767251526,0.5549404193522512,25,20,20
12,6228,0.3167985679848192,0.07947577524388816,0.03940129939039552,0.5643243573808975,25,20,20
12,6229,0.31412127910703697,0.07868681143739986,0.08471793305025978,0.5224739764053051,25,20,20
12,6230,0.31774917684885934,0.041374741756777585,0.12758158020158633,0.5132945011927785,25,20,20
12,6231,0.24999391011378116,0.01272411644145439,0.2189688726282274,0.5183131008165386,25,20,20
12,6232,0.26349273101912435,0.012547456816683521,0.19896256444636318,0.5249972477178304,25,20,20
12,6233,0.2632777078407244,0.011278832716771395,0.1656322970004223,0.5598111624420814,25,20,20
12,6234,0.2843151054927947,0.03995227568543886,0.11647937970722558,0.5592532391145411,25,20,20
12,6235,0.3130596380704523,0.03995152781125231,0.09201019542883819,0.5549786386894601,25,20,20
12,6236,0.28064280406852293,0.038258330445381836,0.1337726287215482,0.5473262367645507,25,20,20
12,6237,0.241903035288751,0.038498783480499316,0.16079347342446826,0.5588047078062833,25,20,20
12,6238,0.3119948331331159,0.03997070737646564,0.1035375066050056,0.5444969528854134,25,20,20
12,6239,0.2819735700175615,0.039970846716527855,0.11863363101659807,0.5594219522493136,25,20,20
12,6240,0.2574269779585396,0.039955927918044004,0.14297971237492976,0.5596373817484889,25,20,20
12,6241,0.2633880788932436,0.03993323198366993,0.13711321696260514,0.5595654721604819,25,20,20
12,6242,0.22088568149337018,0.03997710665612372,0.14659534732710996,0.5925418645233992,25,20,20
12,6243,0.29980651868261143,0.03993243125992971,0.13611034827370816,0.5241507017837523,25,20,20
12,6244,0.28479705654431375,0.040311004194511356,0.23665941350667286,0.4382325257545016,25,20,20
12,6245,0.26830889809863856,0.04030156129301219,0.2086099858707694,0.48277955473757955,25,20,20
12,6246,0.22550796472915138,0.07990799823684984,0.21477893792535854,0.4798050991086408,25,20,20
12,6247,0.2195262568296581,0.07991986454639331,0.22109834115645402,0.4794555374674951,25,20,20
12,6248,0.19236191695922475,0.07991061035077637,0.24805321869456842,0.47967425399542923,25,20,20
12,6249,0.1524651266595679,0.07826604370379145,0.290460036234077,0.47880879340256427,25,20,20
12,6250,0.18111634193428572,0.051854250852904224,0.2878127334647144,0.47921667374809973,25,20,20
12,6251,0.20988816431099294,0.050672173144619484,0.22650112943218617,0.5129385331122035,25,20,20
12,6252,0.18773905312559658,0.07941569403852262,0.17324801850893093,0.5595972343269521,25,20,20
12,6253,0.2471081934553624,0.07924745141959308,0.11430418338207696,0.5593401717429676,25,20,20
12,6254,0.3046580552981774,0.07986268749170036,0.0564679166554936,0.5590113405546286,25,20,20
12,6255,0.3139315622468921,0.051077792317124476,0.07481979132349761,0.5601708541124858,25,20,20
12,6256,0.2439664219864206,0.05107744718037005,0.147242151143039,0.5577139796901717,25,20,20
12,6257,0.23316708025237914,0.07995843613782816,0.12800719821427278,0.5588672853955218,25,20,20
12,6258,0.25503048249762056,0.07950446661972696,0.1061561760178189,0.5593088748648334,25,20,20
12,6259,0.2738084673915058,0.039950443312086234,0.13191953587926838,0.55432155341714,25,20,20
12,6260,0.21531971622465287,0.03992341744231991,0.1857753546593905,0.5589815116736369,25,20,20
12,6261,0.16670022430505668,0.038355389675867047,0.236575593738223,0.5583687922808516,25,20,20
12,6262,0.13603485474038046,0.04011954027742878,0.2647771253989349,0.5590684795832561,25,20,20
12,6263,0.1378681916762676,0.039980953753961386,0.2289130118887672,0.5932378426810062,25,20,20
12,6264,0.19679609930866687,0.0075438670615650795,0.20274212505342334,0.5929179085763431,25,20,20
12,6265,0.2226263107144993,1.454751921980936e-05,0.18919082935798925,0.5881683124082899,25,20,20
12,6266,0.22137301848833274,1.4259042856269886e-05,0.17969551720730265,0.5989172052615113,25,20,20
12,6267,0.24199317755360286,1.4487435180515219e-05,0.15804771556906488,0.5999446194421526,25,20,20
12,6268,0.2508633448007604,3.740006954281764e-05,0.14955896218568646,0.5995402929440128,25,20,20
12,6269,0.2148039553553568,2.3647055296707696e-05,0.18584748191624084,0.5993249156731064,25,20,20
12,6270,0.18117725333973134,4.666848824280994e-06,0.2196250015761118,0.5991930782353319,25,20,20
12,6271,0.18321686081235533,6.613826296357643e-05,0.169852224012607,0.6468647769120736,25,20,20
12,6272,0.20230199224120976,1.0515290075602565e-06,0.15163314143040066,0.6460638147993834,25,20,20
12,6273,0.2298117818084923,4.636491966686199e-08,0.13082206842364374,0.639366103402945,25,20,20
12,6274,0.3077584485111993,2.2232835548780074e-07,0.053932773883872895,0.6383085552765728,25,20,20
12,6275,0.266852065005767,0.00036904673222576243,0.09458566115714385,0.638193227104864,25,20,20
12,6276,0.2541192849530543,9.536193140946709e-06,0.10747473574053695,0.6383964431132686,25,20,20
12,6277,0.2044487166123106,1.4444077895511506e-08,0.1714209465470637,0.624130322396551,25,20,20
12,6278,0.24286400470692093,1.7862071636165726e-06,0.13282176548907534,0.6243124435968411,25,20,20
12,6279,0.26875610742420847,1.8914868984913584e-05,0.09311491333679804,0.6381100643700094,25,20,20
12,6280,0.23855075076561313,1.3231416649530416e-05,0.12228584328238062,0.6391501745353574,25,20,20
12,6281,0.27621103697232363,1.2248816537495703e-05,0.09870711037059557,0.6250696038405427,25,20,20
12,6282,0.22914003063228755,1.0965398762337991e-08,0.15011446226658873,0.620745496135725,25,20,20
12,6283,0.24436289677084452,0.00034148486060068525,0.12305260973903392,0.632243008629522,25,20,20
12,6284,0.22013452261231975,2.9174787226346654e-07,0.1414247480694214,0.6384404375703868,25,20,20
12,6285,0.2548666417404385,1.5972404875834e-07,0.12701773295072902,0.6181154655847848,25,20,20
12,6286,0.21633317154185489,9.253025354824119e-08,0.16625217522461838,0.6174145607032749,25,20,20
12,6287,0.20481848159902374,4.2638056024952193e-08,0.17816764125204013,0.6170138345108804,25,20,20
12,6288,0.21258321405541064,7.138485746680251e-07,0.14870987049818432,0.638706201597833,25,20,20
12,6289,0.2319755426892024,1.3341241591096528e-06,0.14321932847573313,0.6248037947109097,25,20,20
12,6290,0.1524021844957765,0.013041176756164279,0.19547165921697462,0.6390849795310853,25,20,20
12,6291,0.13456285054548278,0.013009561291011605,0.17412613384671696,0.6783014543167875,25,20,20
12,6292,0.13900329284296806,0.03994893253424708,0.14214018065997983,0.6789075939628048,25,20,20
12,6293,0.17694809987747942,0.002118943111901071,0.1588841674657794,0.662048789544841,25,20,20
12,6294,0.23307249402715452,0.00012809463150214982,0.08895535463108852,0.6778440567102547,25,20,20
12,6295,0.23405564219120298,1.3130849689381127e-08,0.087661185429704,0.6782831592482468,25,20,20
12,6296,0.22884431154698756,2.5937077687641468e-08,0.0995942256319948,0.6715614368839422,25,20,20
12,6297,0.236571055237055,0.03994567111004438,0.058807084601972176,0.6646761890509281,25,20,20
12,6298,0.2277180364906986,0.0394686130454875,0.06767010428512962,0.6651432461786854,25,20,20
12,6299,0.22420441483795506,0.03872652261343313,0.06451555404236925,0.6725535085062411,25,20,20
12,6300,0.21908024475611942,0.039944130849291166,0.062034857952204946,0.678940766442384,25,20,20
12,6301,0.21542656450202854,0.03994444015906782,0.06573023590246452,0.67889875943644,25,20,20
12,6302,0.25360198014999247,1.5081142726364053e-05,0.06746831918881879,0.6789146195184627,25,20,20
12,6303,0.22217873275427677,0.0004732639732453675,0.09858529514547676,0.6787627081270026,25,20,20
12,6304,0.16689582017110943,3.5768852907141253e-07,0.15888051104758144,0.6742233110927818,25,20,20
12,6305,0.1063123497276686,1.0653298003831796e-07,0.22869601993400734,0.6649915238053432,25,20,20
12,6306,0.1969855495492544,5.00205844075174e-08,0.14885834920706567,0.6541560512230966,25,20,20
12,6307,0.23813667356397997,1.5307867924643748e-09,0.0853920174470638,0.6764713074581694,25,20,20
12,6308,0.22439785850177507,3.991611881983427e-08,0.09869910996064654,0.6769029916214611,25,20,20
12,6309,0.1923353693946989,6.177889917719711e-09,0.12989806916395547,0.6777665552634572,25,20,20
12,6310,0.23770746611232682,1.607262473463496e-07,0.08443380742327436,0.6778585657381542,25,20,20
12,6311,0.2671265513098781,7.062361576086892e-07,0.05834990739418606,0.6745228350597775,25,20,20
12,6312,0.20980015868326124,9.314399129485496e-07,0.11443166997352966,0.6757672399032977,25,20,20
12,6313,0.15911107034862665,3.497996272382125e-07,0.16633707750228463,0.6745515023494615,25,20,20
12,6314,0.19371636240557255,3.513146217522647e-07,0.13042240198354718,0.6758608842962616,25,20,20
12,6315,0.2304027038877419,3.0134848056120033e-07,0.0904044810510937,0.679192513712685,25,20,20
12,6316,0.22013641222316152,1.3566310017370596e-08,0.0615453021894769,0.7183182720210527,25,20,20
12,6317,0.13506519166797462,8.250516067667182e-06,0.1464051243659641,0.7185214334499972,25,20,20
12,6318,0.17822467657159818,6.473950041960866e-08,0.09984156645188692,0.721933692237015,25,20,20
12,6319,0.20536492535272707,1.5515520157622013e-06,0.07230941434383467,0.722324108751422,25,20,20
12,6320,0.20459749538384264,1.1101160014162078e-07,0.09079172502181856,0.7046106685827386,25,20,20
12,6321,0.2253577237475706,3.8019114573596426e-08,0.0721536879775189,0.7024885502557939,25,20,20
12,6322,0.23476279234707825,2.9485217321983434e-08,0.062322481901644196,0.7029146962660591,25,20,20
12,6323,0.15574051970034156,9.763944942019922e-07,0.1408669661805162,0.7033915377246514,25,20,20
12,6324,0.20415799585196726,0.0004032794702845033,0.0767979774980241,0.7186407471797248,25,20,20
12,6325,0.13762553618194842,0.0004035196072102355,0.14390189799250278,0.7180690462183389,25,20,20
12,6326,0.12333552182105652,1.4774248444113795e-06,0.16433777455461324,0.7123252261994879,25,20,20
12,6327,0.15582099501712224,1.1479215375598401e-05,0.13220747934692814,0.7119600464205762,25,20,20
12,6328,0.1935923829678394,1.447124175840937e-06,0.0933718203966218,0.7130343495113634,25,20,20
12,6329,0.19593559969732582,8.920495215944067e-09,0.041729908321173265,0.7623344830610044,25,20,20
12,6330,0.199652347485598,9.372958368146645e-09,0.03680212280856394,0.7635455203328786,25,20,20
12,6331,0.22397624981876801,4.47369161441934e-08,0.023964011914691934,0.7520596935296239,25,20,20
12,6332,0.18568640179069112,0.00022522188539602492,0.06215958042346924,0.7519287959004431,25,20,20
12,6333,0.16878370571972068,2.5111064622105377e-05,0.07988563079371407,0.7513055524219415,25,20,20
12,6334,0.14458861706079346,1.4194985283992091e-05,0.11114985323133236,0.7442473347225916,25,20,20
12,6335,0.11345864252930112,0.039924690602654606,0.10165782008823823,0.7449588467798083,25,20,20
12,6336,0.12985354418731976,0.03993128955679223,0.08522914721794293,0.7449860190379457,25,20,20
12,6337,0.10565102086087488,0.03992308004445677,0.1751348917897105,0.6792910073049605,25,20,20
12,6338,0.07162188552181979,0.03873295156181613,0.1964765035130685,0.6931686594032962,25,20,20
12,6339,0.08820455148558606,0.039045082430351395,0.16922634670401218,0.703524019380052,25,20,20
12,6340,0.03747173239122034,0.042200628324361354,0.24026122984703993,0.6800664094373745,25,20,20
12,6341,0.10087192060068911,0.04310146803841093,0.19274195081753034,0.6632846605433701,25,20,20
12,6342,0.10210904546236527,0.04434442607475329,0.17717700599473118,0.6763695224681527,25,20,20
12,6343,0.2055491553021118,0.04341921990551037,0.07338681885757903,0.677644805934798,25,20,20
12,6344,0.2088002516218272,0.03997701504269527,0.0731874959509518,0.6780352373845249,25,20,20
12,6345,0.18926767448836262,0.03995492823859951,0.13935563194851094,0.63142176532453,25,20,20
12,6346,0.2017393951637728,0.03997195340494445,0.10425823935751324,0.6540304120737704,25,20,20
12,6347,0.19636391140439236,0.03934315193704724,0.11049070536287321,0.6538022312956886,25,20,20
12,6348,0.17343319334814558,0.03934321578974483,0.1064751406058872,0.680748450256223,25,20,20
12,6349,0.13714286123007985,0.03982947487974608,0.13547066555567866,0.6875569983344978,25,20,20
12,6350,0.12520262753493724,0.03992301600270706,0.15441024512700344,0.6804641113353544,25,20,20
12,6351,0.15424187416270863,0.038531627356397785,0.1267205713660951,0.6805059271147972,25,20,20
12,6352,0.18415898758886867,0.011239117718991817,0.1231712524009915,0.681430642291148,25,20,20
12,6353,0.18199720408518555,0.014168374672688158,0.15800244065314925,0.6458319805889816,25,20,20
12,6354,0.16879393408966112,0.03997742695037001,0.14471575270335627,0.6465128862566132,25,20,20
12,6355,0.15821017839866253,0.03997728583375799,0.15540903691428173,0.6464034988532997,25,20,20
12,6356,0.18253069148023374,0.018239289224968216,0.15982574324521295,0.6394042760495879,25,20,20
12,6357,0.20049830252843595,0.01823900612883591,0.10336106395777328,0.677901627384958,25,20,20
12,6358,0.2246889655216746,0.0182390399760764,0.12838262961669755,0.6286893648855522,25,20,20
12,6359,0.23916590688465328,0.018259297351864757,0.11960586388797599,0.622968931875508,25,20,20
12,6360,0.1981152230453806,0.018239358856827554,0.1802191011333024,0.6034263169644898,25,20,20
12,6361,0.16210440629728975,0.037654888151835694,0.20119624165172467,0.5990444638991513,25,20,20
12,6362,0.19903441027511412,0.03998902519042082,0.17609749555858592,0.5848790689758794,25,20,20
12,6363,0.16060510430536884,0.0399912000509626,0.20056167536098019,0.5988420202826891,25,20,20
12,6364,0.17779071952858122,0.03999322190326263,0.16938003896978135,0.6128360195983763,25,20,20
12,6365,0.1563701178928938,0.039989096480254324,0.18519410414338036,0.6184466814834749,25,20,20
12,6366,0.17366185898574682,0.0004468079364128738,0.18655532500446814,0.6393360080733741,25,20,20
12,6367,0.20285054249698584,6.54276034484107e-05,0.118728640336529,0.6783553895630383,25,20,20
12,6368,0.2366566759014319,2.3833747095099153e-07,0.09867117589862506,0.664671909862474,25,20,20
12,6369,0.222172760025102,3.199073457751831e-08,0.09916678735142767,0.6786604206327366,25,20,20
12,6370,0.15672713216931075,8.880403056503075e-07,0.16520097206535742,0.6780710077250259,25,20,20
12,6371,0.09870532562274442,0.0009444243703334715,0.22895170535101195,0.67139854465591,25,20,20
12,6372,0.16655775324711297,4.480514855238622e-07,0.17362142502784444,0.6598203736735584,25,20,20
12,6373,0.204437214590897,4.7601070705454565e-07,0.1380871104533138,0.6574751989450828,25,20,20
12,6374,0.22665936930661887,2.8890334452600953e-07,0.09895125867318216,0.6743890831168554,25,20,20
12,6375,0.19950890695732962,2.7320330530040665e-07,0.11633675127786818,0.684154068561498,25,20,20
12,6376,0.19978808266319967,3.710980665884338e-08,0.12803457746798336,0.6721773027590103,25,20,20
12,6377,0.2044495904773073,4.664371610807042e-09,0.12258375106248502,0.6729666537958373,25,20,20
12,6378,0.15373846742844532,0.0003641489756547649,0.17293638968520975,0.6729609939106903,25,20,20
12,6379,0.17770969172765255,0.0003644916422952609,0.14834925314058767,0.6735765634894654,25,20,20
12,6380,0.15021787712884363,0.00036600123868795625,0.18123454183627571,0.6681815797961949,25,20,20
12,6381,0.14775149401123,3.681209120616891e-09,0.17541824888805935,0.6768302534195026,25,20,20
12,6382,0.12077715876440553,1.8048300303955972e-06,0.1695166749086442,0.7097043614969191,25,20,20
12,6383,0.13472696861985858,2.800744001831322e-08,0.15207416939133878,0.7131988339813661,25,20,20
12,6384,0.17151162857210814,7.871571911780788e-05,0.11865195970671422,0.7097576960020614,25,20,20
12,6385,0.1607796492615852,9.413157149671665e-05,0.13078980646615232,0.708336412700767,25,20,20
12,6386,0.1596130090295936,3.571016861332016e-08,0.10409919746708331,0.736287757793156,25,20,20
12,6387,0.11093019875244295,3.4962929007710145e-08,0.13043195840525543,0.7586378078793724,25,20,20
12,6388,0.12371511148210171,1.7265086929724017e-07,0.11773843317373169,0.7585462826932969,25,20,20
12,6389,0.15910729910903676,1.6447401172523753e-07,0.07900598885922093,0.7618865475577309,25,20,20
12,6390,0.17307032732749278,1.6512316794087008e-07,0.06822799665160333,0.7587015108977362,25,20,20
12,6391,0.20063415467144138,1.449379454611436e-06,0.04089194677155367,0.7584724491775503,25,20,20
12,6392,0.20376499520169167,1.3434640234693276e-06,0.05210461937286012,0.7441290419614256,25,20,20
12,6393,0.20122004470236138,1.7449766256430929e-09,0.05524688780084058,0.7435330657518214,25,20,20
12,6394,0.20275704571961584,9.456255805589942e-06,0.04584340893443735,0.7513900890901415,25,20,20
12,6395,0.09367283605514862,0.0008694069339535636,0.15373808255852306,0.7517196744523773,25,20,20
12,6396,0.1468490122803391,0.0016029479936207737,0.09277065169734469,0.758777388028697,25,20,20
12,6397,0.1648808444869274,0.0011033724952120333,0.07993620485365831,0.7540795781642022,25,20,20
12,6398,0.15493130520193868,4.508036519399279e-06,0.10949619460162102,0.7355679921599214,25,20,20
12,6399,0.0872040454461867,0.0036603355462360015,0.169518719871174,0.7396168991364042,25,20,20
12,6400,0.15306819981267178,1.4324604213761105e-05,0.12773736603198757,0.7191801095511299,25,20,20
12,6401,0.0940561901162475,4.9268659188958474e-05,0.2015829204832309,0.7043116207413308,25,20,20
12,6402,0.1011854126481466,2.9323072438823063e-06,0.19356306114091676,0.7052485939036938,25,20,20
12,6403,0.1288909721313333,2.904731292655645e-06,0.15189987823579718,0.719206244901579,25,20,20
12,6404,0.1644964515176359,2.9130146398811626e-06,0.11659279028533165,0.7189078451823921,25,20,20
12,6405,0.18318169894874622,1.5223796009965492e-06,0.09806618181355738,0.7187505968580963,25,20,20
12,6406,0.20049889708808535,4.8286948768184726e-08,0.08083045018763968,0.7186706044373249,25,20,20
12,6407,0.22448160818485838,3.6814757514852327e-07,0.09314581074958381,0.6823722129179831,25,20,20
12,6408,0.20099829170156241,1.4638059342486902e-09,0.11614299631657478,0.6828587105180565,25,20,20
12,6409,0.1884380450692281,1.5731388869251497e-07,0.13107538152213105,0.6804864160947531,25,20,20
12,6410,0.22566124374611485,6.456813791986608e-07,0.1017988305911125,0.6725392799813947,25,20,20
12,6411,0.18868760345590074,1.2068833862642238e-07,0.13189716293139733,0.6794151129243657,25,20,20
12,6412,0.20562103257514086,6.6509214215637485e-06,0.07539887636276564,0.7189734401406702,25,20,20
12,6413,0.19687960040084695,1.8357647687820301e-06,0.05157678139307993,0.7515417824413031,25,20,20
12,6414,0.1663746421853387,1.778131110303166e-09,0.0587312536752779,0.7748941023612521,25,20,20
12,6415,0.13378622423496678,1.249506734923598e-06,0.07227214393003745,0.7939403823282615,25,20,20
12,6416,0.13461200425011605,1.3808218651809281e-06,0.06210701918364837,0.8032795957443705,25,20,20
12,6417,0.1626175352884494,9.015843017977666e-07,0.06932413688618466,0.7680574262410631,25,20,20
12,6418,0.052468342149064755,1.7125714318245802e-06,0.19965667900331233,0.7478732662761896,25,20,20
12,6419,0.11490205254100806,4.051105960758343e-05,0.1901260705835852,0.6949313658158007,25,20,20
12,6420,0.1258970727879431,3.9763193366818134e-05,0.15850280054684515,0.7155603634718455,25,20,20
12,6421,0.11002050296660207,8.007349587641287e-05,0.173004205892266,0.7168952176452588,25,20,20
12,6422,0.17340974201576198,1.732909368246852e-08,0.1103042556901434,0.7162859849650018,25,20,20
12,6423,0.1159541078417214,1.299338604428128e-05,0.2019244246898328,0.6821084740823974,25,20,20
12,6424,0.08628056978480127,0.000870105695765346,0.23921539388589147,0.673633930633541,25,20,20
12,6425,0.0433849037146838,0.010549493686953983,0.27305742103326014,0.6730081815650995,25,20,20
12,6426,0.048388270434537806,0.03996452518069854,0.268716555585641,0.6429306487991201,25,20,20
12,6427,0.07052684825675018,0.07820795157430355,0.22252650784684236,0.6287386923221056,25,20,20
12,6428,0.052802018308782464,0.039343489442832884,0.2830238496324669,0.6248306426159161,25,20,20
12,6429,0.042253839584567646,0.03825862919707668,0.2858445365665685,0.6336429946517863,25,20,20
12,6430,0.05355770345608889,0.038799442864641855,0.2845817471537878,0.6230611065254816,25,20,20
12,6431,0.12812114810260872,0.04000900126403506,0.16316393442023025,0.6687059162131287,25,20,20
12,6432,0.15318621238055588,0.038720215429084125,0.14356488508001516,0.664528687110346,25,20,20
12,6433,0.19028337696122907,0.03872021439551758,0.10626984384329902,0.6647265647999552,25,20,20
12,6434,0.13652413083236092,0.03997696608157139,0.18198831933721876,0.6415105837488505,25,20,20
12,6435,0.16398984938266944,0.03997747451875148,0.13286701153061053,0.6631656645679709,25,20,20
12,6436,0.16569403879635827,0.05975871314268633,0.13352753143056995,0.6410197166303861,25,20,20
12,6437,0.20160524857726686,0.059768930639976965,0.09657548176965233,0.6420503390131046,25,20,20
12,6438,0.18254134926821375,0.07925452568180472,0.10221566899798919,0.6359884560519946,25,20,20
12,6439,0.21374500962237009,0.07982714782293214,0.06580708250198644,0.6406207600527108,25,20,20
12,6440,0.1945156002117112,0.06371707502617474,0.10010084270506159,0.641666482057054,25,20,20
12,6441,0.22665745434534615,0.07703353273403174,0.08117525367497863,0.6151337592456444,25,20,20
12,6442,0.23309492965487258,0.059520853839801546,0.06830885114354886,0.639075365361777,25,20,20
12,6443,0.2516457572343152,0.0382548848430725,0.0711486575901051,0.6389507003325064,25,20,20
12,6444,0.2539557137765939,0.03997799839798479,0.07774108262555751,0.6283252051998631,25,20,20
12,6445,0.26871182128883875,0.03997739585781507,0.06406429029697155,0.6272464925563753,25,20,20
12,6446,0.22873107154793287,0.08312043803809857,0.04918738356322584,0.6389611068507428,25,20,20
12,6447,0.20268374595572336,0.08313894926295634,0.08502675867952053,0.6291505461018014,25,20,20
12,6448,0.11414401494272505,0.0573674584374744,0.18969630551543212,0.638792221104371,25,20,20
12,6449,0.2003116350170294,0.07989421620477866,0.09208635930171423,0.6277077894764802,25,20,20
12,6450,0.20046394740076182,0.07988887865712367,0.09150869567080422,0.6281384782713123,25,20,20
12,6451,0.22007919915713697,0.07976082267976231,0.07659758625854508,0.6235623919045549,25,20,20
12,6452,0.19614353442550617,0.09099301960788424,0.09168519234668983,0.6211782536199202,25,20,20
12,6453,0.13189406107699317,0.11692594187581686,0.12715433148596703,0.624025665561224,25,20,20
12,6454,0.09793226458013395,0.11337475384498134,0.1510148126294734,0.6376781689454122,25,20,20
12,6455,0.13271648584077408,0.11797084137253872,0.11798913315695765,0.6313235396297293,25,20,20
12,6456,0.1570758100704125,0.1167071896929982,0.08772018218559112,0.6384968180510002,25,20,20
12,6457,0.06585906722220157,0.11725543042001568,0.17759881174701495,0.6392866906107658,25,20,20
12,6458,0.1095968798039459,0.11644908194273841,0.13507226716293666,0.6388817710903796,25,20,20
12,6459,0.1261448540723078,0.11817621610595273,0.11632551860337496,0.6393534112183645,25,20,20
12,6460,0.11446260464308178,0.11817580547308641,0.1284769113314116,0.6388846785524245,25,20,20
12,6461,0.04683014778039746,0.11649650130757058,0.1638005629154946,0.6728727879965372,25,20,20
12,6462,0.04210441739353819,0.10071157082592765,0.1748787184410759,0.6823052933394588,25,20,20
12,6463,0.045131273206052216,0.1198964278587108,0.18340722014429742,0.6515650787909414,25,20,20
12,6464,0.08317642303122802,0.11987155669378166,0.15898501312824886,0.6379670071467445,25,20,20
12,6465,0.08525332061699163,0.11817865913448095,0.16803584881440892,0.6285321714341213,25,20,20
12,6466,0.14369256320919258,0.0994204960817592,0.14083079190635814,0.6160561488026933,25,20,20
12,6467,0.11861758777285855,0.11981992283298429,0.1103029482255529,0.6512595411686058,25,20,20
12,6468,0.12259289913651045,0.1190358426619317,0.11340854384540093,0.6449627143561569,25,20,20
12,6469,0.07258567192938781,0.1284265595555653,0.15623619260959715,0.6427515759054537,25,20,20
12,6470,0.06509598941318809,0.1310850080686294,0.16429254214514732,0.6395264603730341,25,20,20
12,6471,0.0873813549957811,0.11652496244377533,0.11808812097988415,0.6780055615805611,25,20,20
12,6472,0.10452138771677319,0.11464974715804685,0.13454876881621178,0.6462800963089699,25,20,20
12,6473,0.12942120461121595,0.11894883593067282,0.11403087118482066,0.6375990882732916,25,20,20
12,6474,0.13368437590370755,0.08927717778615632,0.1532188425480153,0.6238196037621226,25,20,20
12,6475,0.14300280371271812,0.11695494442323,0.1015061965015486,0.6385360553625028,25,20,20
12,6476,0.14241426655617084,0.08774521126052261,0.12729552252449078,0.6425449996588162,25,20,20
12,6477,0.16017101107767825,0.08530312071168795,0.11248866385768355,0.6420372043529512,25,20,20
12,6478,0.12598359030417622,0.07205028805721503,0.20857540644169922,0.5933907151969099,25,20,20
12,6479,0.08243314159210277,0.06910156132794659,0.2751240563132922,0.5733412407666578,25,20,20
12,6480,0.10490563197201676,0.049970943399853224,0.24702271902902267,0.5981007055991084,25,20,20
12,6481,0.12144512723754351,0.07699446673429716,0.23888248818024344,0.5626779178479204,25,20,20
12,6482,0.12493041687251533,0.07870183782652164,0.23441267853489556,0.5619550667660684,25,20,20
12,6483,0.19919378325000048,0.07869467561678552,0.15962135918788442,0.5624901819453302,25,20,20
12,6484,0.2208847194715043,0.06444211128545345,0.1562378686127836,0.5584353006302606,25,20,20
12,6485,0.20402338420889288,0.10441167972496337,0.13142651601414995,0.5601384200519954,25,20,20
12,6486,0.24525226058216543,0.10318376032788437,0.09689845128783435,0.5546655278021161,25,20,20
12,6487,0.21647367507558293,0.12768476006283508,0.10173908125175712,0.5541024836098252,25,20,20
12,6488,0.20530860938895976,0.13995328303117818,0.10013504880361367,0.5546030587762507,25,20,20
12,6489,0.20229984352762592,0.11725601917898787,0.12119434541341724,0.5592497918799694,25,20,20
12,6490,0.2051238648126251,0.11795809827437463,0.1305274117034292,0.5463906252095722,25,20,20
12,6491,0.23322373510222177,0.11852257078093972,0.09672645637893292,0.5515272377379061,25,20,20
12,6492,0.27022925753695626,0.11837242427298776,0.05389812426523223,0.5575001939248244,25,20,20
12,6493,0.2252897254766449,0.11837250065479299,0.08517228213776684,0.571165491730796,25,20,20
12,6494,0.17476607802768077,0.11977960854782027,0.08325806945829273,0.6221962439662072,25,20,20
12,6495,0.18646171506395245,0.11805908804304856,0.07411843160688872,0.6213607652861102,25,20,20
12,6496,0.20131164836184656,0.10066569786346831,0.072626194735094,0.6253964590395907,25,20,20
12,6497,0.20664868693436714,0.11686606907830942,0.05793842923619102,0.6185468147511336,25,20,20
12,6498,0.20673797012168454,0.11686244861279926,0.07315797190039164,0.6032416093651252,25,20,20
12,6499,0.19893654462571633,0.08139517229627721,0.1553233402299542,0.5643449428480551,25,20,20
12,6500,0.14513809844438882,0.1592156857562525,0.13129320865857144,0.5643530071407895,25,20,20
12,6501,0.12619441643843252,0.140725097761491,0.1700772377372448,0.5630032480628332,25,20,20
12,6502,0.12383162504192013,0.15980263003881345,0.15279555776532694,0.5635701871539415,25,20,20
12,6503,0.1487828193510716,0.12061923505371246,0.16792610360907864,0.5626718419861383,25,20,20
12,6504,0.16030004526329691,0.09407766873684881,0.15459830423095552,0.5910239817689006,25,20,20
12,6505,0.12100566908750963,0.1192238415570625,0.16061174887953428,0.5991587404758938,25,20,20
12,6506,0.1288506093821378,0.1185975611214276,0.15222101388041046,0.6003308156160262,25,20,20
12,6507,0.14545513734323284,0.11865736979984318,0.136327381324569,0.5995601115323568,25,20,20
12,6508,0.15904530377839424,0.11862605650833057,0.12332567931469526,0.5990029603985801,25,20,20
12,6509,0.1342100373482639,0.11872214139271066,0.14986857218818492,0.5971992490708437,25,20,20
12,6510,0.17617370613601696,0.11701905755366429,0.12007916906413411,0.5867280672461858,25,20,20
12,6511,0.2002681159201912,0.11765187452041338,0.08452542416146237,0.5975545853979356,25,20,20
12,6512,0.1803331606447731,0.11987258277788314,0.13683468726319908,0.5629595693141473,25,20,20
12,6513,0.14585010192756215,0.1203252363271437,0.17533500924026552,0.5584896525050298,25,20,20
12,6514,0.11770508559422613,0.10112242193859398,0.22198010335926835,0.5591923891079097,25,20,20
12,6515,0.18706488705736946,0.11983256040795366,0.1385386219051908,0.5545639306294876,25,20,20
12,6516,0.18664748746419055,0.09112039991095822,0.12475288646221473,0.5974792261626372,25,20,20
12,6517,0.15732849927117395,0.08990838221094341,0.15401586989575222,0.598747248622132,25,20,20
12,6518,0.1490007129283146,0.11869332740430219,0.14830078597155472,0.5840051736958298,25,20,20
12,6519,0.14518517765484154,0.11987478899697691,0.1497172572426984,0.5852227761054828,25,20,20
12,6520,0.13128664765756892,0.054143784051129115,0.2296315123508288,0.5849380559404755,25,20,20
12,6521,0.09084537454959857,0.07892675677230603,0.22812691525966863,0.6021009534184274,25,20,20
12,6522,0.1143603707360838,0.07825203776354972,0.21951329012102858,0.5878743013793373,25,20,20
12,6523,0.16222120002906665,0.06115843294335581,0.1838058279448232,0.5928145390827547,25,20,20
12,6524,0.1466066337462206,0.06072509879534179,0.19467303917972123,0.5979952282787203,25,20,20
12,6525,0.1494613997281784,0.07951583669506203,0.14198247926901503,0.6290402843077469,25,20,20
12,6526,0.20107818358234295,0.07870824717063836,0.08181429717250685,0.6383992720745126,25,20,20
12,6527,0.14958464134837673,0.07870347164414832,0.14619986339625254,0.6255120236112246,25,20,20
12,6528,0.14263272841256355,0.07948680906152691,0.17429896939778303,0.6035814931281269,25,20,20
12,6529,0.17673138730089685,0.0794592721519839,0.15437888667596217,0.5894304538711573,25,20,20
12,6530,0.2072744609412322,0.051641482790348706,0.14189032468641502,0.599193731582005,25,20,20
12,6531,0.21171689402985014,0.011395874033673637,0.17734283926512004,0.5995443926713594,25,20,20
12,6532,0.19349433190382567,0.0005246549154892414,0.20661971651574923,0.5993612966649391,25,20,20
12,6533,0.24739178132176626,0.0008075196296983343,0.15239107315202496,0.5994096258965108,25,20,20
12,6534,0.24528466557140455,0.0008061520664763812,0.15580806303804617,0.5981011193240734,25,20,20
12,6535,0.16809865286608075,0.0008209378027458046,0.23149530706848487,0.599585102262689,25,20,20
12,6536,0.1871995058860946,0.0004111261442516223,0.22220176635840244,0.5901876016112517,25,20,20
12,6537,0.20104878591845157,4.635792994089389e-07,0.17797820165649786,0.620972548845755,25,20,20
12,6538,0.19211661844262015,0.00010021931846152788,0.1386242835517814,0.6691588786871402,25,20,20
12,6539,0.16123108809757816,0.00011592833504740465,0.164688055648338,0.6739649279190348,25,20,20
12,6540,0.202454526987904,1.614532249754803e-05,0.1187951968989889,0.6787341307906101,25,20,20
12,6541,0.18060135623572585,1.7235385186884603e-05,0.1401853024914094,0.6791961058876788,25,20,20
12,6542,0.1839916571518951,1.5612829067528594e-05,0.139759652655052,0.6762330773639872,25,20,20
12,6543,0.16198244294462988,1.4421738886814086e-06,0.17989089063513464,0.6581252242463497,25,20,20
12,6544,0.14655819767710127,1.7892823311763594e-06,0.18936072454187658,0.6640792884986909,25,20,20
12,6545,0.10325002202970786,2.828257884481655e-06,0.2185481791383496,0.6781989705740579,25,20,20
12,6546,0.12077088838131379,2.2175498697769633e-06,0.2375615530776082,0.6416653409912096,25,20,20
12,6547,0.14325995923630805,0.00958938783658618,0.20519656400766276,0.641954088919445,25,20,20
12,6548,0.18002372988662046,6.175985496611471e-06,0.1929351426176526,0.6270349515102303,25,20,20
12,6549,0.12778666396377789,7.389398577872121e-07,0.2508340738244231,0.6213785232719404,25,20,20
12,6550,0.08960303063582123,7.317331503264776e-09,0.2760022342912994,0.634394727755545,25,20,20
12,6551,0.1521406073544912,1.31023518206991e-08,0.20876021785136953,0.6390991616917852,25,20,20
12,6552,0.11820218691166647,4.07024241924683e-07,0.21553796419028928,0.6662594418738021,25,20,20
12,6553,0.16259056923437673,0.00038945738640154944,0.15639125759186961,0.6806287157873525,25,20,20
12,6554,0.15610664242253575,0.00038944941789764877,0.162780160072373,0.6807237480871955,25,20,20
12,6555,0.15679599047893736,2.0884202634119403e-05,0.1639799367639413,0.6792031885544877,25,20,20
12,6556,0.13713784522279368,0.009926221261567978,0.1341770304454324,0.7187589030702093,25,20,20
12,6557,0.15541614927707456,0.009997506079287762,0.15577993987157296,0.6788064047720668,25,20,20
12,6558,0.14766117766148734,0.03880495250657265,0.13509280650410294,0.6784410633278375,25,20,20
12,6559,0.15069196301910234,0.04004248555366814,0.13598073217260065,0.6732848192546302,25,20,20
12,6560,0.16675570854986507,0.0400434620218376,0.11408390273395361,0.6791169266943433,25,20,20
12,6561,0.19508603947407052,0.03997186075197498,0.09195839619906618,0.6729837035748889,25,20,20
12,6562,0.22065008052293383,0.039971782096349155,0.060158419052843796,0.6792197183278722,25,20,20
12,6563,0.2241571335500047,0.03994956144058482,0.056490790420116024,0.6794025145892948,25,20,20
12,6564,0.21698593467364483,0.03871061116037052,0.07217085019210158,0.6721326039738834,25,20,20
12,6565,0.19703229631313324,0.03869909593100362,0.11121376512404657,0.6530548426318163,25,20,20
12,6566,0.22846676660835752,0.03869953668581947,0.06290046805604599,0.6699332286497766,25,20,20
12,6567,0.2525154645723014,0.001112208726276098,0.06815728828060987,0.6782150384208123,25,20,20
12,6568,0.28208740417887823,8.64101382351093e-06,0.0802980386547003,0.6376059161525982,25,20,20
12,6569,0.245348522003585,8.641212054062099e-06,0.12472309872429294,0.6299197380600687,25,20,20
12,6570,0.14006824071265936,4.797180602129367e-05,0.19826441587214866,0.6616193716091725,25,20,20
12,6571,0.1092877583784653,1.053294298790987e-05,0.2259188750070006,0.6647828336715422,25,20,20
12,6572,0.09762565908783007,1.0814058193801207e-05,0.22343351186052157,0.6789300149934527,25,20,20
12,6573,0.13382556479117247,3.279778088108758e-07,0.19418057477432082,0.6719935324567,25,20,20
12,6574,0.11757970980717866,3.4507272975315705e-05,0.20286022717919497,0.6795255557406495,25,20,20
12,6575,0.1306484873855808,2.79712318364616e-07,0.19587402610633708,0.6734772067957627,25,20,20
12,6576,0.15312262686339856,1.9834414483080287e-05,0.1687347849711102,0.6781227537510087,25,20,20
12,6577,0.18972825938345228,0.000148979107629978,0.13163061926424105,0.6784921422446766,25,20,20
12,6578,0.18996905723088578,0.00012959453368248505,0.1377662661264385,0.6721350821089958,25,20,20
12,6579,0.1873412622987761,2.5388340111779523e-06,0.14801836504493748,0.664637833822276,25,20,20
12,6580,0.1378454256555883,0.012820603710924985,0.17671633211604396,0.6726176385174456,25,20,20
12,6581,0.17622315760111068,0.012835544696528116,0.13248041711679265,0.6784608805855724,25,20,20
12,6582,0.19686453449164862,1.503127323262292e-05,0.12403270865191564,0.679087725583204,25,20,20
12,6583,0.15520796105593812,1.1309640716108806e-05,0.16829888487154934,0.6764818444317975,25,20,20
12,6584,0.1553292389023718,7.020869168051783e-06,0.1794607146545048,0.6652030255739535,25,20,20
12,6585,0.19087807307079274,0.00012410166131892415,0.13685688014641875,0.6721409451214726,25,20,20
12,6586,0.1903071673732101,1.4170349220953774e-06,0.13120334273840117,0.6784880728534668,25,20,20
12,6587,0.17231078157577792,8.594974069877638e-07,0.16109292846287498,0.6665954304639401,25,20,20
12,6588,0.20068675895135676,3.5193205394124396e-08,0.12321293115416067,0.6761002747012772,25,20,20
12,6589,0.2858122193365514,0.00017272181005574178,0.03837296414022638,0.6756420947131665,25,20,20
12,6590,0.2381603442924497,0.0001732812757841482,0.1275909608045604,0.6340754136272083,25,20,20
12,6591,0.27366348428690584,4.2160971245764506e-07,0.04708564654838878,0.6792504475549932,25,20,20
12,6592,0.24873757529560706,3.541488337393804e-05,0.07299574677713959,0.6782312630438792,25,20,20
12,6593,0.1941003098076775,3.572675683560892e-05,0.12795802074886384,0.6779059426866234,25,20,20
12,6594,0.13258874483006036,2.983926415866371e-05,0.16131868562336588,0.7060627302824141,25,20,20
12,6595,0.19881435004162445,2.5524977653089653e-07,0.08875242373573348,0.7124329709728637,25,20,20
12,6596,0.1565473769804531,0.017670493229468013,0.11386961531645906,0.7119125144736214,25,20,20
12,6597,0.12148510812878303,0.017670751372212152,0.1481267610869922,0.7127173794120142,25,20,20
12,6598,0.05692659235238182,0.03936768903350393,0.17751519452884718,0.7261905240852683,25,20,20
12,6599,0.09301442456199355,1.393819960651087e-05,0.15677969662694455,0.7501919406114576,25,20,20
12,6600,0.08124467140500098,0.0399711435326105,0.12239408786609156,0.7563900971963007,25,20,20
12,6601,0.06913867880137606,0.03871927779197519,0.14270260229092696,0.749439441115724,25,20,20
12,6602,0.0828853973734713,0.07902637229043093,0.09223336238164703,0.7458548679544543,25,20,20
12,6603,0.04383599773796076,0.06067436654866358,0.14738408707854722,0.7481055486348308,25,20,20
12,6604,0.04718983432710283,0.05585102337290454,0.13813994304625787,0.7588191992537358,25,20,20
12,6605,0.09637527343249636,0.05585099847526134,0.09011702300165705,0.7576567050905865,25,20,20
12,6606,0.09628018921462894,0.055851002069755996,0.1010929191613508,0.7467758895542648,25,20,20
12,6607,0.08640524886188594,0.05590478200999624,0.14062278751062277,0.7170671816174966,25,20,20
12,6608,0.07685909442012545,0.07840189510583394,0.1296480910631625,0.7150909194108815,25,20,20
12,6609,0.036483215737259427,0.11190967863997095,0.10126308107692339,0.750344024545847,25,20,20
12,6610,0.03687655778883459,0.1136280309813356,0.09229327428163055,0.757202136948201,25,20,20
12,6611,0.04167886316104445,0.11941297550257644,0.08882584267309321,0.7500823186632861,25,20,20
12,6612,0.041937254757356886,0.09290585838908642,0.11008329830012446,0.7550735885534349,25,20,20
12,6613,0.04196514038663339,0.06462077504185443,0.14414746006027687,0.7492666245112367,25,20,20
12,6614,0.04239813980940151,0.08864892684341841,0.1232749471438056,0.7456779862033759,25,20,20
12,6615,0.04735293267696774,0.08987567030646801,0.10012305194308853,0.762648345073476,25,20,20
12,6616,0.043364408452907004,0.08987640283640637,0.06895691315408226,0.7978022755566042,25,20,20
12,6617,0.04228503175534816,0.09235759604095603,0.06642300685748621,0.7989343653462092,25,20,20
12,6618,0.00416532190935859,0.09190309296625258,0.10873607733735746,0.7951955077870333,25,20,20
12,6619,0.0012355812387755123,0.052198625761852774,0.17379104149404598,0.7727747515053294,25,20,20
12,6620,0.05328421505538085,0.08100179878164047,0.11486773144137348,0.7508462547216049,25,20,20
12,6621,0.05313940095021746,0.08099230089957982,0.10852253406697106,0.7573457640832324,25,20,20
12,6622,0.03291878734551119,0.08096094837031426,0.1678763208393245,0.7182439434448499,25,20,20
12,6623,0.01785922990394464,0.07988561305099222,0.1853613255138273,0.716893831531235,25,20,20
12,6624,0.05526329757376561,0.03975386363195409,0.2214538720730762,0.6835289667212028,25,20,20
12,6625,0.07505640249217069,0.039350591514882176,0.24213359787972194,0.6434594081132278,25,20,20
12,6626,0.13120614505583414,0.03935022217430776,0.18944114479147595,0.6400024879783848,25,20,20
12,6627,0.08316931636582303,0.040143049126587664,0.23799477829700486,0.6386928562105834,25,20,20
12,6628,0.0832074077089457,0.03679447079621313,0.248008667820681,0.6319894536741608,25,20,20
12,6629,0.1563045525642287,0.03678879200269632,0.17894208165284883,0.6279645737802256,25,20,20
12,6630,0.1601202710649885,0.040756182066597944,0.1608923633966369,0.6382311834717769,25,20,20
12,6631,0.19908842861130732,0.04034181701963861,0.12772315045605434,0.6328466039130004,25,20,20
12,6632,0.2240726372727892,0.03942377613473708,0.1167751775916845,0.6197284090007897,25,20,20
12,6633,0.19177456206528223,0.0006761313065590133,0.17427271041624262,0.633276596211919,25,20,20
12,6634,0.15185219189384674,0.00028995177525289616,0.2435305034996079,0.6043273528312918,25,20,20
12,6635,0.16383501686834365,2.8318339965301684e-05,0.23798370630751825,0.5981529584841738,25,20,20
12,6636,0.1630120181819721,0.0005931088844706723,0.23902717232848833,0.597367700605067,25,20,20
12,6637,0.16669804519898193,0.0014795562092242566,0.2356426180700682,0.5961797805217276,25,20,20
12,6638,0.18268235728618937,0.0011337046741884348,0.2195276969559882,0.596656241083632,25,20,20
12,6639,0.1931332816929012,0.0005835035247031773,0.2077371277202606,0.5985460870621356,25,20,20
12,6640,0.22315508669566117,2.085484852834088e-05,0.18371705157592394,0.593107006879887,25,20,20
12,6641,0.25795031743005753,1.962434197661287e-05,0.15047438512796982,0.5915556730999973,25,20,20
12,6642,0.21832393660738936,3.972079075363426e-05,0.19019554968008673,0.5914407929217703,25,20,20
12,6643,0.1804134859764929,2.0138139200553806e-05,0.21979617282595248,0.5997702030583512,25,20,20
12,6644,0.1587300559951582,1.594412275802178e-05,0.23075228553497573,0.6105017143471076,25,20,20
12,6645,0.16058299956781408,1.987247990199182e-05,0.19777474004268447,0.6416223879095999,25,20,20
12,6646,0.23253842632583235,2.0079111096196826e-05,0.09332254076098682,0.6741189538020851,25,20,20
12,6647,0.17969378966822494,1.9831582783286246e-05,0.19692989001997405,0.6233564887290196,25,20,20
12,6648,0.24088960477794089,1.9612892618619825e-05,0.10790162196514565,0.6511891603642991,25,20,20
12,6649,0.2020524354279398,4.002962124299689e-08,0.11903495169722028,0.6789125728452204,25,20,20
12,6650,0.192077966257986,0.0001123468528666985,0.12905497117505793,0.6787547157140915,25,20,20
12,6651,0.23362855301746524,4.87475478774967e-08,0.10741482928620971,0.6589565689487792,25,20,20
12,6652,0.22680352595556363,8.246430243562275e-07,0.13014479140712515,0.6430508579942886,25,20,20
12,6653,0.1916479327632241,1.4963463454841698e-06,0.18146381055358432,0.6268867603368491,25,20,20
12,6654,0.2233102614250634,1.4966514480973682e-06,0.1018655681522529,0.6748226737712367,25,20,20
12,6655,0.22830890324038972,0.0020163575112825656,0.09481995660428334,0.6748547826440471,25,20,20
12,6656,0.20303686493560064,1.463417032522813e-06,0.1282219117387827,0.6687397599085863,25,20,20
12,6657,0.0914810688125886,0.0004814969011693286,0.23315765754540088,0.6748797767408421,25,20,20
12,6658,0.15239889015552494,0.00048166529477718675,0.182568279884793,0.6645511646649043,25,20,20
12,6659,0.17018788143553717,0.0003989144804740162,0.19842834456845118,0.6309848595155395,25,20,20
12,6660,0.1941115535476487,0.00039891296417107205,0.17264132632647727,0.6328482071617033,25,20,20
12,6661,0.12521623239006452,0.03998426075168607,0.2017933045293231,0.6330062023289301,25,20,20
12,6662,0.15620050396240923,0.03827325341157218,0.18360849971916393,0.621917742906856,25,20,20
12,6663,0.10084415370472351,0.0010929297854557988,0.26131093882662243,0.636751977683199,25,20,20
12,6664,0.1249671060245422,1.9827232267632053e-05,0.1964808221197084,0.6785322446234825,25,20,20
12,6665,0.08698983107923079,1.8310254364231578e-05,0.2656763575785671,0.6473155010878364,25,20,20
12,6666,0.15451881961619113,1.2507174033104108e-05,0.19787526044543266,0.647593412764343,25,20,20
12,6667,0.09674166045256927,1.1972402719023246e-05,0.27515610010558095,0.628090267039129,25,20,20
12,6668,0.1665274526387013,7.63208847806342e-06,0.271718317948128,0.5617465973246923,25,20,20
12,6669,0.15157142378073812,8.76651569990018e-07,0.28674892625742593,0.5616787733102646,25,20,20
12,6670,0.13972637276808159,9.019316132917717e-07,0.25752575566729063,0.6027469696330163,25,20,20
12,6671,0.12195462777889576,2.997046615538236e-07,0.29063223015897427,0.5874128423574645,25,20,20
12,6672,0.10536181159985399,0.00012711188755493372,0.3356799712695212,0.5588311052430681,25,20,20
12,6673,0.13715256484815394,8.204382108062828e-05,0.3136228654575896,0.5491425258731762,25,20,20
12,6674,0.148474638117505,0.0002714654425118386,0.29703973057864624,0.5542141658613362,25,20,20
12,6675,0.13683610372056912,0.00027154710260771987,0.26969546270617145,0.5931968864706492,25,20,20
12,6676,0.12585746630140923,0.0002693364819531295,0.29442815328855476,0.579445043928083,25,20,20
12,6677,0.1394034001180833,0.0002828461419734999,0.2767874612419633,0.5835262924979814,25,20,20
12,6678,0.08098428824311396,0.004404059799699937,0.2897061990631988,0.6249054528939881,25,20,20
12,6679,0.11697136735063837,0.00026957070369765593,0.25738773955917915,0.6253713223864855,25,20,20
12,6680,0.2280473439562099,0.0002706179490053029,0.13335810271132562,0.6383239353834599,25,20,20
12,6681,0.2616817394440423,1.6676732195300958e-06,0.13983549354465738,0.5984810993380848,25,20,20
12,6682,0.3108154683583629,1.494906811590387e-05,0.09492690285798432,0.5942426797155393,25,20,20
12,6683,0.25507509267753353,2.355784035201157e-05,0.14594968523191135,0.5989516642502051,25,20,20
12,6684,0.3054111050295781,9.303908288351387e-06,0.1013519498821849,0.5932276411799485,25,20,20
12,6685,0.2638138987584039,8.809314403954988e-06,0.13739470609843527,0.598782585828758,25,20,20
12,6686,0.20970452735445844,0.00033780408343021253,0.2023019686727965,0.5876556998893169,25,20,20
12,6687,0.19004446579075782,9.83766112017765e-05,0.24592394445449586,0.5639332131435444,25,20,20
12,6688,0.2258936605228869,6.29504463322172e-07,0.2150266948145207,0.5590790151581292,25,20,20
12,6689,0.2000229003063535,4.1438110776698487e-07,0.24035371266642547,0.559622972646114,25,20,20
12,6690,0.23173981274523434,2.169701340020104e-05,0.21486474095035799,0.5533737492910078,25,20,20
12,6691,0.22137343788905767,2.0446176830365594e-06,0.2138498379907662,0.5647746795024949,25,20,20
12,6692,0.22089686029580957,1.8382561392378617e-06,0.19435307734903526,0.584748224099018,25,20,20
12,6693,0.2198030296618806,1.0885127154863626e-06,0.17589501305082783,0.604300868774577,25,20,20
12,6694,0.2103191941997512,0.018559804655531018,0.16641396575068204,0.6047070353940388,25,20,20
12,6695,0.25191760659249374,0.04062653459447676,0.13296985448438697,0.5744860043286447,25,20,20
12,6696,0.24747188173035217,0.03942908818705922,0.1390725190485185,0.5740265110340707,25,20,20
12,6697,0.31085489744012573,0.038724955037873314,0.06204376152806391,0.5883763859939365,25,20,20
12,6698,0.31477651783782684,0.0387246148888768,0.047059850873876076,0.5994390163994207,25,20,20
12,6699,0.27552810367361535,0.03996150148466502,0.07226021507951598,0.6122501797622035,25,20,20
12,6700,0.18716579893092145,0.03826080618861111,0.17210119500443646,0.6024721998760317,25,20,20
12,6701,0.21904863311535192,0.03871657997567889,0.1448278712629725,0.5974069156459986,25,20,20
12,6702,0.23505197970262803,0.040711448393207054,0.12594207541320668,0.5982944964909617,25,20,20
12,6703,0.2687854969032518,0.03993286913634221,0.09241015596059138,0.5988714779998152,25,20,20
12,6704,0.25190290865778914,0.03998591820671468,0.10716533580760204,0.6009458373278954,25,20,20
12,6705,0.2536675236741446,0.07697906779172445,0.08096619747270871,0.5883872110614222,25,20,20
12,6706,0.2684854364197745,0.0769723039955592,0.06021682478616231,0.5943254347985032,25,20,20
12,6707,0.2269793766901691,0.05190314456064273,0.13288717581022824,0.5882303029389621,25,20,20
12,6708,0.19797226956069267,0.07869121964492293,0.13137491639196944,0.5919615944024149,25,20,20
12,6709,0.18097337862008867,0.07855964941791814,0.1481256179425953,0.5923413540193969,25,20,20
12,6710,0.19670221930868567,0.05108611862837646,0.15440240648503525,0.5978092555779015,25,20,20
12,6711,0.09340003132496064,0.07876466436629888,0.19918845547405226,0.6286468488346897,25,20,20
12,6712,0.068747649743781,0.07989073807489158,0.178911211146229,0.6724504010350992,25,20,20
12,6713,0.11964599163535893,0.07989059725704234,0.12131732118248863,0.6791460899251142,25,20,20
12,6714,0.11457710269219824,0.07989526996910189,0.1410383819718222,0.6644892453668784,25,20,20
12,6715,0.10501905433968943,0.07989610395463552,0.13650571017737298,0.6785791315283042,25,20,20
12,6716,0.13533044241180603,0.10131198779937228,0.08906619192654812,0.6742913778622741,25,20,20
12,6717,0.16024101309946875,0.09406659453913997,0.07160202884081145,0.6740903635205794,25,20,20
12,6718,0.19907992120655138,0.04032055458737622,0.08642054202686733,0.6741789821792062,25,20,20
12,6719,0.15279164468228115,0.03995945616199493,0.1328238041214306,0.6744250950342969,25,20,20
12,6720,0.17831304083620433,0.039941231995727536,0.10205935360378199,0.6796863735642862,25,20,20
12,6721,0.20092527183470374,0.039959968159470456,0.07971608409014128,0.6793986759156835,25,20,20
12,6722,0.1670580684119707,0.02102925126938522,0.13267728846606133,0.6792353918525835,25,20,20
12,6723,0.1444864796832839,0.03996005144067479,0.1778332934292499,0.6377201754467905,25,20,20
12,6724,0.14322430263664904,0.03997975308450665,0.18314190612947992,0.6336540381493658,25,20,20
12,6725,0.13689973783857387,0.03994609572815319,0.20495218406521068,0.6182019823680645,25,20,20
12,6726,0.16178705072912133,0.03994602826058885,0.13242439908813064,0.665842521922163,25,20,20
12,6727,0.14944389493668844,0.038675191193328684,0.1335302176302211,0.6783506962397632,25,20,20
12,6728,0.11407413184688783,0.03875158784165517,0.1682907149936103,0.6788835653178491,25,20,20
12,6729,0.10991635566502124,0.038675483584961506,0.17243312652706544,0.6789750342229529,25,20,20
12,6730,0.1163836033368286,0.038776476372194196,0.1771254948112038,0.667714425479771,25,20,20
12,6731,0.13770806646492292,0.039985047698783256,0.1546102485042882,0.6676966373320071,25,20,20
12,6732,0.19346561852112487,0.039984820030310224,0.08725934583243668,0.6792902156161295,25,20,20
12,6733,0.19612802618455288,0.03996999040852733,0.08482463618630684,0.6790773472206127,25,20,20
12,6734,0.19828229289570787,0.01416555396332352,0.1084475601382223,0.6791045930027496,25,20,20
12,6735,0.18279510825388115,0.03873383278971779,0.11126361896323747,0.6672074399931653,25,20,20
12,6736,0.17385580241158075,0.03997083725127095,0.11300332533133473,0.6731700350058135,25,20,20
12,6737,0.1866358595565212,0.039963107107669614,0.09862829104678567,0.6747727422890235,25,20,20
12,6738,0.17389743190410467,0.024540401394291204,0.13017223123667818,0.67138993546493,25,20,20
12,6739,0.18175463931976135,0.01413625550027565,0.1302547015584716,0.6738544036214958,25,20,20
12,6740,0.17997933701297433,0.04034415413777945,0.11361733229475539,0.6660591765544916,25,20,20
12,6741,0.13979559391587945,0.04033989349947487,0.1652550620360351,0.6546094505486115,25,20,20
12,6742,0.18389698578098276,0.040340202157971135,0.10908887962332142,0.6666739324377237,25,20,20
12,6743,0.12106481168335785,0.04029616318432776,0.17161077349270765,0.6670282516396103,25,20,20
12,6744,0.14969911847818365,0.05114630026171199,0.12049154283630249,0.678663038423805,25,20,20
12,6745,0.14134792905617094,0.0511723492512424,0.12866478941251627,0.6788149322800717,25,20,20
12,6746,0.15716594777197446,0.07993196548881158,0.07989459343090037,0.6830074933083129,25,20,20
12,6747,0.16749490558181804,0.07894183169619985,0.07535722381598893,0.6782060389059924,25,20,20
12,6748,0.15550295781165993,0.07865195759466148,0.060162213558876854,0.7056828710348009,25,20,20
12,6749,0.1756017125937479,0.0774436593330077,0.028232221586147875,0.7187224064870967,25,20,20
12,6750,0.11951181885800928,0.07650573563012161,0.08511846941076849,0.7188639761011004,25,20,20
12,6751,0.19998827783124887,0.05117884660907533,0.029328235395449,0.7195046401642264,25,20,20
12,6752,0.16031181363892458,0.07989330650363946,0.04119567464499803,0.7185992052124375,25,20,20
12,6753,0.09168338059735627,0.07699806359415612,0.11277683944635294,0.7185417163621374,25,20,20
12,6754,0.08235681478277897,0.11818005048556644,0.08006668291253832,0.7193964518191176,25,20,20
12,6755,0.12103312583790025,0.09114140461994999,0.06903378420762402,0.7187916853345248,25,20,20
12,6756,0.12452889705127625,0.08991618426395794,0.06805947195698946,0.7174954467277748,25,20,20
12,6757,0.1210608959653474,0.11982749184278367,0.04116010342407963,0.7179515087677885,25,20,20
12,6758,0.1377465363423197,0.11971585507805077,0.06582770167161979,0.6767099069080096,25,20,20
12,6759,0.09949591026377376,0.06101009058917076,0.15900511471468942,0.6804888844323663,25,20,20
12,6760,0.08362546241556573,0.07994761722924976,0.15485818811171775,0.6815687322434684,25,20,20
12,6761,0.1218100228053797,0.0740004229391063,0.12327982565729181,0.6809097285982227,25,20,20
12,6762,0.12385033691090974,0.07274301308096595,0.1282432352792848,0.6751634147288418,25,20,20
12,6763,0.09686036993148867,0.07927915547720384,0.14293233878768757,0.680928135803621,25,20,20
12,6764,0.10238000817855085,0.07933926612673543,0.13939344058033698,0.6788872851143776,25,20,20
12,6765,0.08645464631092378,0.07752260300856142,0.11704389718921325,0.7189788534913029,25,20,20
12,6766,0.08139562699326607,0.05236041466585072,0.14759455200820012,0.7186494063326861,25,20,20
12,6767,0.12155725327330494,0.0798608906454517,0.0910770399117011,0.7075048161695433,25,20,20
12,6768,0.12901641688518764,0.08995258460798931,0.07274364008669465,0.7082873584201294,25,20,20
12,6769,0.12980565097395902,0.08995298812044376,0.07324708621123452,0.7069942746943632,25,20,20
12,6770,0.12030052477568454,0.07984566833782315,0.08098322402961307,0.7188705828568785,25,20,20
12,6771,0.10979166534801141,0.07908743888278125,0.10286542179270752,0.7082554739764997,25,20,20
12,6772,0.10286298690632403,0.07994495664967416,0.13117665705341047,0.686015399390591,25,20,20
12,6773,0.1217844740943624,0.07989062717104502,0.11894834536082848,0.6793765533737647,25,20,20
12,6774,0.17813659812895724,0.07818608233497075,0.06995419018728903,0.6737231293487831,25,20,20
12,6775,0.1614111998798504,0.08422136713642804,0.0768547202552952,0.6775127127284273,25,20,20
12,6776,0.15247811136959127,0.08424533368887097,0.08416175360362725,0.6791148013379115,25,20,20
12,6777,0.1619253456349127,0.039367664096508846,0.12033334030116222,0.6783736499674171,25,20,20
12,6778,0.15331648640738782,2.8923322995917095e-05,0.16805020844698448,0.678604381822632,25,20,20
12,6779,0.21006863493821715,2.8312841637225715e-05,0.11090666859820969,0.6789963836219362,25,20,20
12,6780,0.19082630453991054,1.4670821024920022e-05,0.12967166286215412,0.6794873617769106,25,20,20
12,6781,0.17828092828105346,3.563722116337116e-05,0.18222483111688434,0.6394586033809025,25,20,20
12,6782,0.2238590993113766,3.4541513317572706e-05,0.13863901302630924,0.637467346148999,25,20,20
12,6783,0.20733390452834505,3.880784572422671e-07,0.153225539510667,0.6394401678825323,25,20,20
12,6784,0.19046497556665665,0.00012901155721499428,0.15773848285714653,0.6516675300189836,25,20,20
12,6785,0.24344748250293702,0.00012815445185181232,0.11746942071711773,0.6389549423280936,25,20,20
12,6786,0.22275143359152805,0.0001281904150419639,0.13798036127301755,0.6391400147204136,25,20,20
12,6787,0.21797565410447142,5.08611391653823e-07,0.14494321778882557,0.6370806194953113,25,20,20
12,6788,0.18631541917412775,2.3612931354815493e-08,0.17618011256568333,0.6375044446472596,25,20,20
12,6789,0.2248682772731344,6.750324102976705e-08,0.09707548105796034,0.6780561741656653,25,20,20
12,6790,0.17656673863308484,1.0594366192128845e-06,0.18512327659814737,0.6383089253321461,25,20,20
12,6791,0.1838243443207636,0.0001301072798553743,0.1375028922659173,0.6785426561334651,25,20,20
12,6792,0.17805416597800364,0.0006141009776727,0.13901273851285786,0.6823189945314674,25,20,20
12,6793,0.1955942698177101,8.4606485744197e-08,0.1469112469194722,0.6574943986563336,25,20,20
12,6794,0.1963983492882433,4.6884254932290095e-08,0.13035752789697186,0.6732440759305307,25,20,20
12,6795,0.21244178284434145,4.3635790249624514e-09,0.11008558514110887,0.6774726276509707,25,20,20
12,6796,0.18850455958984177,2.278370835736459e-09,0.13359573997868063,0.6778996981531062,25,20,20
12,6797,0.1892859980951885,1.1934776248720843e-05,0.12583445647645178,0.6848676106521129,25,20,20
12,6798,0.24562475493465852,3.3295664923374804e-08,0.07561705471117834,0.6787581570584978,25,20,20
12,6799,0.26544384775699187,6.990077978130527e-10,0.05603956161880443,0.6785165899251955,25,20,20
12,6800,0.25086702696549623,1.9853737847074503e-05,0.07030576826611994,0.6788073510305361,25,20,20
12,6801,0.2469545380190362,1.3483257150764401e-05,0.09192987369418834,0.661102105029627,25,20,20
12,6802,0.24419106054530854,1.3389499318099791e-05,0.09502846443289703,0.660767085522477,25,20,20
12,6803,0.1771561868945823,1.3590361670967531e-05,0.1584651337859297,0.6643650889578191,25,20,20
12,6804,0.22704799053128139,1.3360795927363852e-05,0.10990320602253059,0.6630354426502614,25,20,20
12,6805,0.20958004882580153,1.3556523167660864e-05,0.11664583897319426,0.6737605556778398,25,20,20
12,6806,0.1719266533232523,0.015021395358349184,0.13865888624779435,0.6743930650706048,25,20,20
12,6807,0.17800562408805692,0.06004261786474267,0.08711948842208417,0.6748322696251168,25,20,20
12,6808,0.14170563611926093,0.07865037138839213,0.12467377736096816,0.6549702151313795,25,20,20
12,6809,0.08662415773017595,0.05992192043457321,0.19161597358098736,0.6618379482542626,25,20,20
12,6810,0.08362776115011382,0.11810779222091405,0.11906019363441006,0.6792042529945629,25,20,20
12,6811,0.07650662384698373,0.11821029431791276,0.1261601701339903,0.6791229117011168,25,20,20
12,6812,0.08073077536247818,0.14198539695710954,0.09803634851747293,0.6792474791629395,25,20,20
12,6813,0.08208090404462108,0.1249380339887529,0.11549536709874825,0.6774856948678787,25,20,20
12,6814,0.11343190679035145,0.15915001613136917,0.0489038220104701,0.6785142550678098,25,20,20
12,6815,0.08158067439269795,0.1598185672695771,0.08598917425894326,0.6726115840787814,25,20,20
12,6816,0.08477980700693433,0.15876645665706104,0.0785332410391797,0.6779204952968246,25,20,20
12,6817,0.04538646229872717,0.15876713878088172,0.1530313056124592,0.642815093307933,25,20,20
12,6818,0.08136128007240634,0.11529756017913549,0.16039170130019242,0.6429494584482691,25,20,20
12,6819,0.08130307353457784,0.1393122788584405,0.13319944507107048,0.6461852025359123,25,20,20
12,6820,0.08128839482115985,0.1181146732544442,0.1543681565729298,0.646228775351466,25,20,20
12,6821,0.04422676355835433,0.11984339557662588,0.19639315912792601,0.6395366817370965,25,20,20
12,6822,0.05037120873804977,0.11863997900716415,0.19195685223604578,0.6390319600187397,25,20,20
12,6823,0.08551128251220307,0.11869650215830417,0.15878073176893137,0.6370114835605646,25,20,20
12,6824,0.017402793315292573,0.09929451908508775,0.20235881929248692,0.6809438683071367,25,20,20
12,6825,0.05114167543632311,0.10084152448349583,0.2049207210778766,0.6430960790023056,25,20,20
12,6826,0.04078041511828598,0.09925343794766414,0.18275959791406343,0.6772065490199847,25,20,20
12,6827,0.0408462965082051,0.09924076245850147,0.197773380591895,0.6621395604413997,25,20,20
12,6828,0.08190125927516678,0.06578225523357158,0.1800408465483943,0.6722756389428696,25,20,20
12,6829,0.04815408567579319,0.06577989778778924,0.2081803300307211,0.6778856865056991,25,20,20
12,6830,0.05292857894491685,0.041076793218131694,0.2284983816336145,0.6774962462033396,25,20,20
12,6831,0.05588623139965875,0.040014838441346484,0.23496821142720756,0.6691307187317864,25,20,20
12,6832,0.09063839620491679,0.07937666705868289,0.15521533111159627,0.6747696056248077,25,20,20
12,6833,0.09739689567941921,0.07819636192550515,0.14602068147163788,0.6783860609234388,25,20,20
12,6834,0.08283562886721545,0.07825742246812224,0.1947314655986694,0.6441754830659905,25,20,20
12,6835,0.07030348856333553,0.06453517622658633,0.20941282751397483,0.6557485076961056,25,20,20
12,6836,0.09898560998066323,0.024860461352756335,0.2037104444352633,0.6724434842313154,25,20,20
12,6837,0.12279458391940752,0.02485037456596622,0.174596369071592,0.6777586724430361,25,20,20
12,6838,0.14906490620212579,0.014439268079934169,0.17225788366186856,0.6642379420560721,25,20,20
12,6839,0.16083363159652225,0.0008123390141539011,0.17342543096427146,0.6649285984250528,25,20,20
12,6840,0.1593238661437953,1.5210188633589365e-08,0.17075100767832221,0.6699251109676975,25,20,20
12,6841,0.13156028500987207,4.3619308861863606e-05,0.19807123856942643,0.6703248571118394,25,20,20
12,6842,0.09687895553613027,3.431268831756337e-05,0.22438148617417966,0.6787052456013736,25,20,20
12,6843,0.07861227305401287,3.4794282362490485e-05,0.2579145499933503,0.6634383826702763,25,20,20
12,6844,0.07304564468310498,2.05632344262649e-05,0.30028960942571653,0.6266441826567529,25,20,20
12,6845,0.16686356882718645,6.962641244372562e-07,0.155527385574393,0.677608349334297,25,20,20
12,6846,0.16675007797523683,3.437227119983497e-07,0.1608521199405656,0.6723974583614851,25,20,20
12,6847,0.1562036280004943,3.511911547243112e-07,0.16659849940069196,0.6771975214076592,25,20,20
12,6848,0.16593166706548382,1.232224674474904e-07,0.15897647661345368,0.6750917330985964,25,20,20
12,6849,0.07498904057778905,1.997961412916614e-06,0.2528300714149523,0.6721788900458445,25,20,20
12,6850,0.11023567451347838,2.1936262004143366e-06,0.2233407965250627,0.6664213353352578,25,20,20
12,6851,0.12385276013669679,1.5105699351114895e-06,0.22797258420309824,0.648173145090273,25,20,20
12,6852,0.18071521808641758,1.5110288958332584e-06,0.17527857165133778,0.6440046992333504,25,20,20
12,6853,0.2098853816141782,1.2337833683620569e-08,0.11227324237374235,0.6778413636742462,25,20,20
12,6854,0.2250585800216773,1.6256922839404183e-07,0.05583670558577689,0.719104551823317,25,20,20
12,6855,0.19361418711850184,1.340531413462974e-08,0.08862430104125679,0.7177614984349272,25,20,20
12,6856,0.18678760541487083,1.1382357261440607e-08,0.09487525719426504,0.7183371260085056,25,20,20
12,6857,0.16211103888950157,9.734067356433284e-09,0.12013004866289304,0.7177589027135415,25,20,20
12,6858,0.15458754646678113,2.239329130627268e-08,0.16210244692736434,0.6833099842125608,25,20,20
12,6859,0.12186268696112798,7.752526062084797e-07,0.194858876165957,0.6832776616203106,25,20,20
12,6860,0.19683749164594008,2.0870367675670134e-08,0.09604867919531042,0.7071138082883813,25,20,20
12,6861,0.15371905090918958,0.0005183632365816468,0.13941361974237426,0.706348966111859,25,20,20
12,6862,0.18860293498350228,1.442307619671923e-05,0.14003419724928537,0.6713484446910178,25,20,20
12,6863,0.22311909902235336,1.4434026844605495e-05,0.054101566528480916,0.7227649004223209,25,20,20
12,6864,0.1812063934556422,0.0008390328055080301,0.09996458670955252,0.7179899870293012,25,20,20
12,6865,0.12212110887785871,1.1875652630261923e-08,0.15902548991215038,0.7188533893343414,25,20,20
12,6866,0.11925833042982631,2.2923660512574676e-06,0.187645892835163,0.6930934843689598,25,20,20
12,6867,0.10997106559468808,6.032277098808367e-05,0.2189080451492295,0.6710605664850943,25,20,20
12,6868,0.10667761432294828,7.914021309345332e-05,0.21504810980940248,0.6781951356545559,25,20,20
12,6869,0.11131030983447236,0.0017336788195285396,0.2221020987153657,0.6648539126306352,25,20,20
12,6870,0.09793367040252761,0.0006285255180025503,0.14810446146646705,0.7533333426130049,25,20,20
12,6871,0.09221347856190011,0.0006285433325502487,0.1595384464203752,0.7476195316851745,25,20,20
12,6872,0.07741747257328128,1.6889741445598672e-06,0.16365644987894692,0.7589243885736268,25,20,20
12,6873,0.078796281301064,2.9994418561447026e-08,0.16145203923318605,0.7597516494713318,25,20,20
12,6874,0.04953609097725982,1.7913824804856514e-07,0.18966986793112983,0.7607938619533614,25,20,20
12,6875,0.0727101998299226,1.4239869516305537e-05,0.1683286045061642,0.7589469557943993,25,20,20
12,6876,0.12371119327040889,1.4211796724953496e-05,0.11710918454194515,0.7591654103909227,25,20,20
12,6877,0.11994492680536278,1.421226528811961e-05,0.13634843872844857,0.7436924222009023,25,20,20
12,6878,0.11427938293160031,7.158322465279377e-07,0.12634227547576724,0.7593776257603863,25,20,20
12,6879,0.13814848937169455,2.9106268600509212e-06,0.10291113954750303,0.758937460453945,25,20,20
12,6880,0.09150431027140538,4.164838426240495e-06,0.18591554412915237,0.7225759807610181,25,20,20
12,6881,0.027160840648904176,1.265297198793844e-05,0.2493922110849514,0.7234342952941547,25,20,20
12,6882,0.0709357058032223,7.605980171566374e-05,0.2165477198419655,0.7124405145530953,25,20,20
12,6883,0.07008433689235917,2.402241846570334e-05,0.2119649217983308,0.7179267188908431,25,20,20
12,6884,0.07117445964166148,1.536659855428429e-06,0.20240478772938433,0.7264192159691012,25,20,20
12,6885,0.12056957224766865,1.6874690916339963e-06,0.16851170758900924,0.7109170326942288,25,20,20
12,6886,0.0847534311081662,4.814689522502281e-08,0.18925459235317366,0.7259919283917672,25,20,20
12,6887,0.131397057272504,7.876599666276578e-08,0.1856307531903786,0.6829721107711212,25,20,20
12,6888,0.09468963395529188,1.4479723741869576e-05,0.2621262354458632,0.6431696508750998,25,20,20
12,6889,0.12327334331466876,0.0005650436444303003,0.24846237065284874,0.6276992423880497,25,20,20
12,6890,0.11286977150423173,2.1844209828384773e-05,0.2630912260961152,0.6240171581898224,25,20,20
12,6891,0.1897351110141335,2.0249793428717342e-05,0.17105592779168993,0.6391887114007476,25,20,20
12,6892,0.24425555403407148,6.714773117255266e-06,0.11671981991559392,0.6390179112772209,25,20,20
12,6893,0.25625004966520076,3.832981166687267e-07,0.12018286815043645,0.6235666988862494,25,20,20
12,6894,0.2341911732024177,8.971430775426114e-07,0.13117951138756007,0.6346284182669467,25,20,20
12,6895,0.2764498622798702,2.310717924606371e-06,0.08914988948543184,0.6343979375167739,25,20,20
12,6896,0.24734672493179896,2.9938022201242424e-06,0.11864626962523747,0.6340040116407462,25,20,20
12,6897,0.1861463763964391,3.152480393327808e-06,0.19283281781908734,0.6210176533040799,25,20,20
12,6898,0.12495410619035782,7.277467937911092e-05,0.24712905023912946,0.627844068891133,25,20,20
12,6899,0.15582569934671586,4.597540407979324e-05,0.2173012637493592,0.6268270614998456,25,20,20
12,6900,0.1266139464075401,4.5712188311570126e-05,0.24656278098777532,0.6267775604163726,25,20,20
12,6901,0.15776644396682454,4.7506757263667214e-05,0.20397540141574855,0.6382106478601649,25,20,20
12,6902,0.17597601990286516,4.5996632584640375e-05,0.13950018746391982,0.6844777960006327,25,20,20
12,6903,0.22662292953340546,4.627382377675353e-05,0.08875318631174317,0.684577610331074,25,20,20
12,6904,0.27906365589604537,9.540102673540334e-06,0.053184871286247354,0.6677419327150339,25,20,20
12,6905,0.21125323075302951,5.8697473128964606e-08,0.115828119772518,0.6729185907769819,25,20,20
12,6906,0.20760667960129045,1.0058483060478998e-07,0.11343749467896286,0.6789557251349162,25,20,20
12,6907,0.16141394148097934,6.985316671593188e-08,0.15478999694380735,0.6837959917220482,25,20,20
12,6908,0.19057451210550044,2.6833559965760357e-08,0.16320477760935648,0.6462206834515863,25,20,20
12,6909,0.0818589726037924,4.967646983639919e-05,0.2790330635527522,0.6390582873736144,25,20,20
12,6910,0.17355287221500892,4.5314249311283254e-05,0.18671468094097413,0.6396871325947062,25,20,20
12,6911,0.2502157998620904,1.4158418052011385e-06,0.11027545092692735,0.6395073333691782,25,20,20
12,6912,0.2574470087434142,8.949996561609954e-07,0.1030365658856534,0.6395155303712781,25,20,20
12,6913,0.3102943047359873,1.0482506311274512e-07,0.04916239245420135,0.6405431979847472,25,20,20
12,6914,0.2614785986746863,1.2567029839825083e-06,0.09716668232841341,0.641353462293918,25,20,20
12,6915,0.23230247673060325,9.10559623323941e-05,0.10328467541586378,0.6643217918912007,25,20,20
12,6916,0.2169777267955758,0.02849495471234377,0.10623399434619728,0.6482933241458854,25,20,20
12,6917,0.17880584931781524,0.00047176328370496955,0.15818018406164006,0.6625422033368438,25,20,20
12,6918,0.1951984492477857,1.8210734912173756e-07,0.12580965703763256,0.6789917116072353,25,20,20
12,6919,0.2620633781511267,1.6294263431275752e-06,0.058085817194815946,0.6798491752277145,25,20,20
12,6920,0.26927083059446255,2.198154796446201e-06,0.056332659510943676,0.6743943117397972,25,20,20
12,6921,0.2791979201593788,2.8424360954630486e-08,0.047460326214124965,0.6733417252021358,25,20,20
12,6922,0.2362898699660128,1.6601380821570682e-07,0.10025301577288843,0.66345694824729,25,20,20
12,6923,0.2678324984379569,2.0586821842818446e-09,0.053274285146581446,0.6788932143567793,25,20,20
12,6924,0.27059508741388166,2.1658392508771967e-09,0.05156775314127358,0.6778371572790052,25,20,20
12,6925,0.23440794720312808,8.854042853625696e-10,0.08606924551444813,0.6795228063970213,25,20,20
12,6926,0.21322345595669998,1.5823028034240047e-05,0.10646307204547314,0.6802976489697972,25,20,20
12,6927,0.1209970925715898,7.934877822375424e-07,0.23650265606104293,0.6424994578795855,25,20,20
12,6928,0.16303561389175023,1.2727945520803411e-06,0.198310942621094,0.6386521706926022,25,20,20
12,6929,0.2226575363775045,1.5613007714335868e-07,0.13912313289799697,0.6382191745944241,25,20,20
12,6930,0.16679264926779944,3.3609565324237806e-07,0.1951871817014833,0.6380198329350651,25,20,20
12,6931,0.133753324510699,2.475616532363256e-05,0.2278064833331605,0.6384154359908171,25,20,20
12,6932,0.12993486847240113,0.00040896876272360704,0.19119741074366395,0.6784587520212098,25,20,20
12,6933,0.17351813378645317,0.00044141021023667436,0.14683159108454125,0.6792088649187695,25,20,20
12,6934,0.20250645398774164,0.00040897514450631485,0.11903770137630103,0.6780468694914497,25,20,20
12,6935,0.18450545914749272,1.1574003740192737e-05,0.14294579712390781,0.6725371697248625,25,20,20
12,6936,0.1839951952580245,7.789782041125312e-06,0.15112980823053054,0.6648672067294086,25,20,20
12,6937,0.1780201714314011,7.806333948794193e-06,0.1521853379846993,0.6697866842499532,25,20,20
12,6938,0.19609393453563237,6.102234874772549e-08,0.13114775919474017,0.6727582452472807,25,20,20
12,6939,0.23501883428887282,5.272957571695299e-09,0.08597833486808751,0.6790028255700815,25,20,20
12,6940,0.23394439850002044,0.01122702596711384,0.08365051036323358,0.6711780651696314,25,20,20
12,6941,0.23092604110370105,0.03992575915216289,0.05110251015140792,0.6780456895927276,25,20,20
12,6942,0.22323066004391645,0.013664107478705332,0.08498653128258922,0.6781187011947918,25,20,20
12,6943,0.24064628957539452,0.013796183223122165,0.06745352206894929,0.6781040051325339,25,20,20
12,6944,0.21498970025454686,0.03997418345747553,0.05555843851385558,0.6894776777741223,25,20,20
12,6945,0.1267728716124968,0.040642969782656226,0.10979003667542175,0.7227941219294277,25,20,20
12,6946,0.11616412902342912,0.039939621726407755,0.11814422105259242,0.7257520281975716,25,20,20
12,6947,0.12861018829051987,0.039932972994313344,0.11735000589709857,0.7141068328180681,25,20,20
12,6948,0.19084899970155342,0.03870360257189407,0.047498743409199164,0.7229486543173519,25,20,20
12,6949,0.19172344229529223,0.038703535436747365,0.050814479875707495,0.7187585423922527,25,20,20
12,6950,0.1562544907411077,0.014162992307726482,0.11557758093520781,0.7140049360159627,25,20,20
12,6951,0.16972058704366472,0.014163034936460874,0.09707416988201346,0.7190422081378628,25,20,20
12,6952,0.18143772713582976,0.03828042381666075,0.07568959609134425,0.7045922529561669,25,20,20
12,6953,0.12021555383213349,0.03825964782253181,0.11941666347118945,0.7221081348741459,25,20,20
12,6954,0.11953707961239374,0.03995533087842745,0.11773912585280007,0.7227684636563787,25,20,20
12,6955,0.15097539004538177,0.039986593431220484,0.08874501859338131,0.7202929979300171,25,20,20
12,6956,0.080035284341596,0.03931957962235864,0.16480644542514924,0.7158386906108983,25,20,20
12,6957,0.08434640390257109,0.038818970592688906,0.1544044694208691,0.7224301560838723,25,20,20
12,6958,0.03443795689828633,0.07755219296413583,0.16584644403814866,0.7221634060994306,25,20,20
12,6959,0.08049046153342122,0.07877386610577174,0.11889813980761609,0.7218375325531922,25,20,20
12,6960,0.10066809972717898,0.07823277775609135,0.10190900983765504,0.7191901126790746,25,20,20
12,6961,0.08049050696397869,0.03981551559823807,0.16922073548935676,0.7104732419484308,25,20,20
12,6962,0.06919469410720537,0.03995461870131623,0.18575293876967236,0.7050977484218075,25,20,20
12,6963,0.07259082254031356,0.039985537090538835,0.18160478505466274,0.7058188553144875,25,20,20
12,6964,0.11357468933539043,0.03997647921601263,0.14168103706706783,0.7047677943815336,25,20,20
12,6965,0.11928398455188281,0.039976479015022055,0.12419035602220535,0.7165491804108913,25,20,20
12,6966,0.19397139124667442,0.04008595451321531,0.06368455964735141,0.7022580945927589,25,20,20
12,6967,0.16137857317217663,0.0399705399129978,0.08081769503804698,0.7178331918767779,25,20,20
12,6968,0.18294572412294915,0.03993804496423512,0.05895242675478864,0.7181638041580259,25,20,20
12,6969,0.12618842375899958,0.04362943728163599,0.10589074508887525,0.724291393870491,25,20,20
12,6970,0.16388840555093012,0.03987111061042603,0.07180963814034859,0.724430845698295,25,20,20
12,6971,0.20407698113496806,0.0399180685497543,0.08422588851303764,0.67177906180224,25,20,20
12,6972,0.19781705201337973,0.04069269227719361,0.08335394549098146,0.6781363102184467,25,20,20
12,6973,0.25500780929927336,0.03997616491973058,0.026120698601763886,0.6788953271792318,25,20,20
12,6974,0.26111966367145284,0.03934618215276798,0.05780644068880548,0.641727713486974,25,20,20
12,6975,0.26698584491242916,0.038821982232761384,0.0905481281735998,0.6036440446812137,25,20,20
12,6976,0.25551578564352456,0.03873984201119842,0.07320801441173135,0.6325363579335463,25,20,20
12,6977,0.2764497161831805,0.03873940130247524,0.0505211927054005,0.6342896898089447,25,20,20
12,6978,0.2501107479241426,0.03822916186406535,0.07437743619058775,0.6372826540212041,25,20,20
12,6979,0.25423580181974087,0.03822904964479565,0.06894736509655193,0.6385877834389104,25,20,20
12,6980,0.2778644101223321,0.03822912153820603,0.0761627582042908,0.6077437101351709,25,20,20
12,6981,0.23898721317431373,2.6238346483949064e-05,0.19972280097151934,0.5612637475076796,25,20,20
12,6982,0.2847329658845173,2.6508649568691534e-05,0.12393937774861247,0.591301147717303,25,20,20
12,6983,0.2583803676329042,1.7945222332969613e-05,0.1506916236114337,0.5909100635333318,25,20,20
12,6984,0.25819339696456267,7.975474052231252e-05,0.16949995863766618,0.5722268896572504,25,20,20
12,6985,0.221192350540138,2.904839845337786e-05,0.1478749426597011,0.6309036584017087,25,20,20
12,6986,0.23431603297700637,0.0003683469563794036,0.12683964146830753,0.6384759785983081,25,20,20
12,6987,0.2505482716095343,3.192353367566475e-07,0.11615119257790794,0.6333002165772212,25,20,20
12,6988,0.2620586114909773,8.198207014152895e-05,0.09214812502407621,0.6457112814148076,25,20,20
12,6989,0.19126865135916973,3.852654789615918e-05,0.15172144443107166,0.6569713776618659,25,20,20
12,6990,0.21597672184914685,3.743871045773308e-05,0.1232172782205982,0.6607685612197995,25,20,20
12,6991,0.22120673394509285,0.011252944065227128,0.1106933965152643,0.6568469254744168,25,20,20
12,6992,0.23643425050149108,0.03873378386594631,0.059613568692673403,0.6652183969398889,25,20,20
12,6993,0.13839684767873933,0.039971373566528696,0.13920726157252888,0.6824245171822052,25,20,20
12,6994,0.16189977191902238,0.039974931004033376,0.11825204871277424,0.6798732483641712,25,20,20
12,6995,0.19024486186858688,0.03989203538436008,0.0887886728947533,0.6810744298523009,25,20,20
12,6996,0.1773708494177934,0.03989200928414523,0.10865996345207582,0.6740771778459854,25,20,20
12,6997,0.1280381395732015,0.03874633425405585,0.1734047254484386,0.659810800724306,25,20,20
12,6998,0.16762288174737228,0.03826565449954643,0.11582154344666419,0.678289920306417,25,20,20
12,6999,0.18865962220937843,0.03825105723578332,0.09420158265226013,0.6788877379025782,25,20,20
12,7000,0.19488679029618805,0.03981016652808871,0.07809829718418741,0.6872047459915359,25,20,20
12,7001,0.24229921907685326,0.03996017220931886,0.060365260143847535,0.6573753485699805,25,20,20
12,7002,0.2424765850343037,0.039915623492344544,0.04745135642719656,0.670156435046156,25,20,20
12,7003,0.2648055409617782,0.03991338029706064,0.035957049212755644,0.6593240295284062,25,20,20
12,7004,0.23665727968393935,0.03991368593117124,0.057077691942815756,0.6663513424420731,25,20,20
12,7005,0.19815974794934285,0.03992307990691814,0.08312766492722233,0.6787895072165168,25,20,20
12,7006,0.2002685318787103,0.040005768228297434,0.07425764392785526,0.6854680559651369,25,20,20
12,7007,0.24611428850000977,0.03998337431735954,0.0410349303876938,0.6728674067949375,25,20,20
12,7008,0.2696393680018179,0.03995573132033727,0.028564127447590057,0.6618407732302543,25,20,20
12,7009,0.25938748027753433,0.03996414693996249,0.03313143402222451,0.6675169387602782,25,20,20
12,7010,0.17619631753795267,0.03995624039596599,0.15351149568308559,0.630335946383,25,20,20
12,7011,0.2175265615686158,0.03997192156263658,0.10496729014339559,0.6375342267253528,25,20,20
12,7012,0.22059525722750578,0.03997053250639128,0.10491775602510095,0.6345164542410061,25,20,20
12,7013,0.19883391933855318,0.039970634700589217,0.1217768934342403,0.6394185525266198,25,20,20
12,7014,0.17511666008783366,0.03997065294181554,0.14665434926064413,0.6382583377097109,25,20,20
12,7015,0.20584044056366466,0.03997220037518256,0.12015190926103216,0.6340354498001218,25,20,20
12,7016,0.19288440979807941,0.03997089747887841,0.10316481034827368,0.6639798823747687,25,20,20
12,7017,0.18429449253271876,0.03995496517416321,0.09932926959866624,0.6764212726944536,25,20,20
12,7018,0.19505075559979232,0.03995456169233477,0.11118431311878518,0.6538103695890896,25,20,20
12,7019,0.2153697734807024,0.024024795481267805,0.09529164874961665,0.6653137822884128,25,20,20
12,7020,0.21974499003447814,0.0399379863882607,0.07339806234487117,0.6669189612323889,25,20,20
12,7021,0.19911028051823412,0.03873477394727415,0.08290597451086314,0.6792489710236288,25,20,20
12,7022,0.23416056548987696,0.039972860015841875,0.05433250147761916,0.6715340730166617,25,20,20
12,7023,0.2222876919864923,0.03997193241378404,0.07333144971109512,0.6644089258886275,25,20,20
12,7024,0.2237637671320093,0.03997113884993128,0.05790063508532825,0.6783644589327307,25,20,20
12,7025,0.23580233523608793,0.0399707102475798,0.04250653360484578,0.6817204209114864,25,20,20
12,7026,0.2183383425319035,0.039970713775540866,0.05765282011940249,0.6840381235731539,25,20,20
12,7027,0.18198477188488701,0.03997066617465175,0.09968103660204677,0.6783635253384158,25,20,20
12,7028,0.20063651652773476,0.039507712433605804,0.08177702482133134,0.6780787462173304,25,20,20
12,7029,0.1938400247084698,0.038707749621180634,0.08851093175992548,0.6789412939104248,25,20,20
12,7030,0.15674338839842775,0.03825345703004789,0.09221770025518432,0.7127854543163394,25,20,20
12,7031,0.1634676804859889,0.039955014128669024,0.07789976947095152,0.7186775359143905,25,20,20
12,7032,0.19328585062257683,0.03995502579886887,0.04817309611026666,0.7185860274682885,25,20,20
12,7033,0.18945610490133294,0.039954392197919415,0.10271435240527352,0.6678751504954756,25,20,20
12,7034,0.19399136291769917,0.038210004372724184,0.05547547494431201,0.7123231577652642,25,20,20
12,7035,0.17494118494247893,0.039329096630217004,0.09909412300572351,0.6866355954215826,25,20,20
12,7036,0.13385672277476351,0.03998509446516334,0.16714712381055896,0.6590110589495154,25,20,20
12,7037,0.15786319439113466,0.03827423574810239,0.13385915513292246,0.6700034147278404,25,20,20
12,7038,0.2129301842950404,0.0007947147546500023,0.11235665591439081,0.6739184450359186,25,20,20
12,7039,0.1437987570670303,0.0007735030322367967,0.21171578298436805,0.6437119569163626,25,20,20
12,7040,0.1695102744922056,0.021247176337931318,0.16834790426006485,0.6408946449097961,25,20,20
12,7041,0.13116298262973214,0.04241804065701058,0.18504319375560654,0.6413757829576491,25,20,20
12,7042,0.2152659041291,0.05948871362992843,0.09199851727167899,0.6332468649692921,25,20,20
12,7043,0.22845575151788403,0.0782368522560031,0.05477701476724251,0.638530381458871,25,20,20
12,7044,0.2248976609212904,0.07699288219433008,0.05903239262409442,0.6390770642602852,25,20,20
12,7045,0.11599787721439143,0.04972197637921596,0.19507595414078177,0.6392041922656129,25,20,20
12,7046,0.15553753571657922,0.051303293959239576,0.20008303725225768,0.5930761330719246,25,20,20
12,7047,0.18759051021498827,0.051421244958619654,0.13576943582014658,0.6252188090062473,25,20,20
12,7048,0.21324989899085253,0.05116377897705975,0.11013868447957777,0.6254476375525102,25,20,20
12,7049,0.1948003834164985,0.0799013734006074,0.09042620407739926,0.6348720391054946,25,20,20
12,7050,0.19265188416407736,0.04102141909377357,0.13325321618849972,0.6330734805536514,25,20,20
12,7051,0.18179982815416423,0.03997477703970577,0.1452947221651988,0.6329306726409353,25,20,20
12,7052,0.19397205615851137,0.039984666311386384,0.14542537448510395,0.6206179030449991,25,20,20
12,7053,0.20028016343264057,0.039963456161451395,0.12502020841025654,0.6347361719956514,25,20,20
12,7054,0.0914563767507446,0.03996467045049023,0.24799656293836672,0.6205823898604012,25,20,20
12,7055,0.0840354640473763,0.03997929840213707,0.2515505992825962,0.624434638267892,25,20,20
12,7056,0.04529172090534418,0.011234452148636855,0.2872598345978677,0.6562139923481518,25,20,20
12,7057,0.10775145485560035,0.04034725697731115,0.1810920555070638,0.6708092326600271,25,20,20
12,7058,0.11694294338154734,0.039941657825575606,0.164351362804044,0.6787640359888332,25,20,20
12,7059,0.21456484058114791,0.04003494809420842,0.06367151093598795,0.6817287003886564,25,20,20
12,7060,0.2170221186060878,0.038704052661677535,0.09828652996034574,0.6459872987718893,25,20,20
12,7061,0.17512810503024212,0.03870993927388936,0.1400535535937298,0.6461084021021404,25,20,20
12,7062,0.2022733415806432,0.03933717184269464,0.08376014783441996,0.6746293387422431,25,20,20
12,7063,0.16044489978740148,0.0007866808346124697,0.15740854808855234,0.6813598712894355,25,20,20
12,7064,0.17424914889860976,2.7262789860378474e-06,0.12225533706591905,0.7034927877564883,25,20,20
12,7065,0.1323918391906852,3.896762947133743e-06,0.1497453306149009,0.717858933431468,25,20,20
12,7066,0.1298582577985481,2.2333011625821895e-06,0.14969582399575676,0.7204436849045337,25,20,20
12,7067,0.19208334359350465,9.428824988883012e-07,0.09462710445102868,0.7132886090729665,25,20,20
12,7068,0.12278621253966455,2.2516736836260597e-06,0.15043846105419628,0.7267730747324584,25,20,20
12,7069,0.1371271220326626,1.886662479073523e-06,0.135716657986445,0.7271543333184144,25,20,20
12,7070,0.11519767051422518,9.794855727851268e-07,0.17007626138809928,0.7147250886121053,25,20,20
12,7071,0.09966522818404329,0.0004989639832749447,0.1728171755454559,0.7270186322872273,25,20,20
12,7072,0.09025639438527952,0.000498960414817233,0.1932483392994158,0.7159963059004875,25,20,20
12,7073,0.11983542793850659,0.0004983668403580267,0.13665118759870126,0.7430150176224329,25,20,20
12,7074,0.10644788977726086,2.232869579105291e-06,0.1022420132653265,0.7913078640878356,25,20,20
12,7075,0.1295531612793423,2.2322518218897766e-06,0.07857461076798923,0.7918699957008457,25,20,20
12,7076,0.15862920786819304,2.240246074757125e-06,0.054155216409929284,0.7872133354758023,25,20,20
12,7077,0.17384075740884808,1.8747166022193612e-08,0.04501920278951383,0.7811400210544719,25,20,20
12,7078,0.19925445361455252,1.447114524486378e-08,0.00780817278672003,0.7929373591275822,25,20,20
12,7079,0.17337881554627999,1.8302283135653742e-05,0.044814355401394994,0.7817885267691892,25,20,20
12,7080,0.17346673591087555,1.8302286665192027e-05,0.03519650991814836,0.7913184518843095,25,20,20
12,7081,0.15023183995360997,2.003329882679992e-05,0.09324780864727288,0.7565003181002927,25,20,20
12,7082,0.13535862511061628,1.313872277351051e-06,0.10560136334236671,0.7590386976747401,25,20,20
12,7083,0.13810415665936163,5.291032744881484e-08,0.13461626578004895,0.7272795246502634,25,20,20
12,7084,0.12935354972289295,7.8512344753561e-08,0.15253413143002414,0.7181122403347378,25,20,20
12,7085,0.12938721654167076,1.6476708528747893e-05,0.1520508556972345,0.718545451052567,25,20,20
12,7086,0.10540946705888574,1.323306165968547e-05,0.17558928773376856,0.718988012145687,25,20,20
12,7087,0.12126724627161707,0.0005618871228124006,0.1586338083276302,0.7195370582779431,25,20,20
12,7088,0.14484032620008747,5.853456648533038e-07,0.15807265880656382,0.6970864296476864,25,20,20
12,7089,0.1479586582724162,5.909640938178327e-07,0.1440373433132706,0.7080034074502208,25,20,20
12,7090,0.19451872756915756,0.012031011917039612,0.10281084840120984,0.6906394121125949,25,20,20
12,7091,0.20074178496309053,0.012030582815294738,0.13105963476484747,0.6561679974567697,25,20,20
12,7092,0.23989853206286135,0.012030405283913225,0.08105543772722452,0.6670156249260013,25,20,20
12,7093,0.19448926230581826,0.012029694433094137,0.12138918802274017,0.6720918552383501,25,20,20
12,7094,0.194502621808542,0.038726390506717376,0.11092504104142246,0.6558459466433172,25,20,20
12,7095,0.2254707775322748,0.038207033493058686,0.06942138375054632,0.6669008052241203,25,20,20
12,7096,0.2674445196237098,0.038207094437164205,0.05550426823682833,0.6388441177022978,25,20,20
12,7097,0.2041787200263511,0.03878906753996132,0.12366502817912682,0.6333671842545651,25,20,20
12,7098,0.2283933819713584,0.039103796306690926,0.09436423433019064,0.6381385873917611,25,20,20
12,7099,0.25699470291693166,0.039990131496185966,0.12104873623315683,0.5819664293537293,25,20,20
12,7100,0.23824170223873722,0.03835235424047544,0.1381350112676853,0.5852709322531069,25,20,20
12,7101,0.25539353697947126,0.038339336421690656,0.12731949776048876,0.5789476288383509,25,20,20
12,7102,0.17487177674633592,0.040231841795576644,0.1877468928238155,0.5971494886342736,25,20,20
12,7103,0.219750233841492,0.040217297041917115,0.1473704533099167,0.5926620158066764,25,20,20
12,7104,0.21196126579391936,0.03990601104634476,0.14975148024995846,0.5983812429097799,25,20,20
12,7105,0.23499697169035905,0.0006010616573338053,0.2126391696207549,0.5517627970315518,25,20,20
12,7106,0.25048338879950827,0.0005773564439886402,0.18547042307619951,0.5634688316803051,25,20,20
12,7107,0.13323558236573213,0.000120558022859908,0.29864905196545705,0.5679948076459503,25,20,20
12,7108,0.1873121235270363,6.0854505823704235e-05,0.28630828732754066,0.5263187346395994,25,20,20
12,7109,0.21491927895002014,6.735293504695739e-06,0.27724034197626435,0.5078336437802125,25,20,20
12,7110,0.20114450847286391,1.441907773999903e-06,0.23835438263440192,0.5604996669849588,25,20,20
12,7111,0.10709433740670642,0.04064566018855634,0.286960114769079,0.5652998876356593,25,20,20
12,7112,0.10997197203192777,0.040346432178687594,0.2629090535226444,0.5867725422667414,25,20,20
12,7113,0.138993023296685,0.04034636206799011,0.2228202547520241,0.5978403598832986,25,20,20
12,7114,0.18123419599811452,0.04034980343630444,0.1797676487577774,0.5986483518078045,25,20,20
12,7115,0.18522335422561778,0.038666505173975685,0.17704062692436853,0.5990695136760402,25,20,20
12,7116,0.2507606616864142,0.03998734406105343,0.11031997817661426,0.5989320160759193,25,20,20
12,7117,0.27709631058234957,0.0387456149100214,0.08126829162702483,0.602889782880606,25,20,20
12,7118,0.3191209645278717,0.039976611684545735,0.003582179107733959,0.637320244679849,25,20,20
12,7119,0.2352983541444854,0.04000478336156312,0.09390945897374386,0.630787403520209,25,20,20
12,7120,0.22325713144784207,0.039945461985924406,0.058103680969868926,0.6786937255963648,25,20,20
12,7121,0.18514424048572473,0.041019808710927225,0.09960055224007265,0.6742353985632756,25,20,20
12,7122,0.1661958646733168,0.04101118123669709,0.1320806373783304,0.6607123167116555,25,20,20
12,7123,0.12779680060628207,2.5930677448393005e-06,0.19285576480082864,0.6793448415251487,25,20,20
12,7124,0.12018362291637073,2.1786824818018046e-06,0.21335173511158223,0.6664624632895654,25,20,20
12,7125,0.12038871068925801,6.380892741062575e-07,0.2114168655814191,0.6681937856400495,25,20,20
12,7126,0.15063366586088386,1.1230539070288578e-05,0.14922111432966723,0.7001339892703785,25,20,20
12,7127,0.147943354988711,2.9352533412193865e-08,0.14260717303346332,0.7094494426252926,25,20,20
12,7128,0.21530015230860916,3.5544552204968956e-09,0.07080183253521168,0.7138980116017227,25,20,20
12,7129,0.20624723171742165,3.604615010409495e-08,0.07524643604734256,0.7185062961890857,25,20,20
12,7130,0.11557572091387566,8.859718128028882e-07,0.13377730779196964,0.7506460853223463,25,20,20
12,7131,0.13963564715644008,3.614676615009854e-05,0.13526675199750776,0.7250614540799044,25,20,20
12,7132,0.12746519254820565,2.3337777580914275e-06,0.1259141936515385,0.7466182800225013,25,20,20
12,7133,0.12323919280877746,1.7476294196470116e-05,0.13938252886690145,0.7373608020301259,25,20,20
12,7134,0.1639841850915601,6.718631468728256e-06,0.09273540235421024,0.7432736939227612,25,20,20
12,7135,0.12381022286239504,6.825311569406157e-06,0.12619439108299066,0.7499885607430464,25,20,20
12,7136,0.1618262640359454,0.0007594363059743625,0.13204650612840385,0.7053677935296779,25,20,20
12,7137,0.15028131849167695,1.4170596735512586e-05,0.115880474503942,0.7338240364076455,25,20,20
12,7138,0.19232526584001028,1.4248150621753713e-05,0.057512634375551104,0.7501478516338155,25,20,20
12,7139,0.1871756316087484,1.374782206130987e-05,0.054880577203599235,0.7579300433655906,25,20,20
12,7140,0.11581756746331279,1.4596899926739318e-05,0.13039351786704467,0.7537743177697203,25,20,20
12,7141,0.08603308758695945,1.5910574371763027e-05,0.15561201007518644,0.7583389917634843,25,20,20
12,7142,0.08597957190453907,1.375749127083939e-05,0.1951342210468669,0.718872449557325,25,20,20
12,7143,0.07044953690499403,4.2900069017621706e-08,0.21223895835729528,0.7173114618376446,25,20,20
12,7144,0.08666037136379372,7.126202814198455e-07,0.2054129804163142,0.7079259355996093,25,20,20
12,7145,0.06129747336414554,1.8359588747323273e-06,0.21309733062348857,0.7256033600534896,25,20,20
12,7146,0.05770591963566674,2.17001268021607e-05,0.20408181758470317,0.7381905626528262,25,20,20
12,7147,0.03984489549355421,6.724850196048973e-07,0.17691552847836509,0.7832389035430615,25,20,20
12,7148,0.07382689774026495,6.811943385978301e-07,0.1374894013625357,0.7886830197028604,25,20,20
12,7149,0.04675801040412059,9.5461340315784e-06,0.16367611991643213,0.7895563235454177,25,20,20
12,7150,0.11911568486282242,6.8884602655811175e-06,0.09471229929437895,0.7861651273825322,25,20,20
12,7151,0.08650118050377509,1.7496003048480699e-07,0.13163656325423287,0.7818620812819619,25,20,20
12,7152,0.09118850650589855,0.0003500099466728186,0.10750496411873046,0.8009565194287002,25,20,20
12,7153,0.09048072076246559,1.6883907270197144e-06,0.11671754355486348,0.792800047291946,25,20,20
12,7154,0.10974626186650611,1.6390007906685856e-06,0.09183508291783485,0.7984170162148678,25,20,20
12,7155,0.11338778776360656,9.798661187938682e-08,0.09163195395586009,0.7949801602939236,25,20,20
12,7156,0.11383292733927595,9.697216235216695e-08,0.09531415860166384,0.7908528170868978,25,20,20
12,7157,0.12181106859549434,5.408187328866137e-08,0.08747912264358597,0.7907097546790455,25,20,20
12,7158,0.12183999485077676,5.339991395779374e-08,0.07953530680646287,0.7986246449428454,25,20,20
12,7159,0.15859405894654402,5.091131816073953e-08,0.04299100536917606,0.7984148847729616,25,20,20
12,7160,0.15594196433938717,2.5056051072239876e-08,0.045593215012366704,0.7984647955921943,25,20,20
12,7161,0.11692674504230849,1.0906407674110373e-08,0.08534941223329788,0.7977238318179868,25,20,20
12,7162,0.1551041802549055,1.393064146580341e-05,0.06071549256791985,0.7841663965357085,25,20,20
12,7163,0.1161640869483894,7.380598034301463e-10,0.09140226558010289,0.7924336467334492,25,20,20
12,7164,0.10067263306606324,4.7889446437250097e-08,0.10092480548666924,0.7984025135578229,25,20,20
12,7165,0.11689832406284165,1.1177148795013512e-07,0.07577428630073064,0.8073272778649389,25,20,20
12,7166,0.1098710838765041,4.952701288227032e-10,0.09296827822859553,0.79716063739963,25,20,20
12,7167,0.09776957080830502,6.615370823393469e-09,0.08450036106104288,0.8177300615152823,25,20,20
12,7168,0.11869899994906526,1.1334836111164894e-05,0.06502847682461727,0.8162611883902057,25,20,20
12,7169,0.0753097125459782,6.209512330867525e-06,0.08134695156178387,0.8433371263799078,25,20,20
12,7170,0.047364605636638545,5.8534629430907425e-06,0.09525480449945876,0.857374736400959,25,20,20
12,7171,0.04091741702735018,1.439970851853198e-05,0.10090256377672505,0.8581656194874051,25,20,20
12,7172,0.04276877717311466,5.5031328134412115e-08,0.09952220995284115,0.8577089578427143,25,20,20
12,7173,0.07546363556351607,6.824958035342335e-08,0.07452135857094894,0.8500149376159536,25,20,20
12,7174,0.0809522262608312,4.942928442022134e-09,0.04738654144282568,0.871661227353415,25,20,20
12,7175,0.08143926311872864,2.8795436777921558e-08,0.021963811337082705,0.896596896748752,25,20,20
12,7176,0.08111267932639325,2.847213171424256e-08,0.03255715133393227,0.8863301408675422,25,20,20
12,7177,0.08027269937423145,9.129851875300185e-11,0.007125046179631963,0.9126022543548378,25,20,20
12,7178,0.04292708640325938,6.531986666327259e-07,0.04500455765392601,0.912067702744147,25,20,20
12,7179,0.07244545111365118,7.354235633843554e-09,0.00969872150386885,0.9178558200282435,25,20,20
12,7180,0.042636275760342006,6.618581709666593e-09,0.06548391249070092,0.8918798051303743,25,20,20
12,7181,0.041950642381113255,6.422579058478378e-09,0.0601075563956746,0.8979417948006325,25,20,20
12,7182,0.06631718660664497,1.792951594954253e-07,0.022469334655474946,0.9112132994427197,25,20,20
12,7183,0.056896606672384706,6.530922180533571e-09,0.06620202932923341,0.8769013574674583,25,20,20
12,7184,0.0683707138477314,8.268994131715639e-09,0.05533619981906545,0.8762930780642076,25,20,20
12,7185,0.04612351618008059,2.9581010516049576e-05,0.08353538705772792,0.8703115157516759,25,20,20
12,7186,0.0506861958372602,2.9708864274195354e-05,0.07837647375308877,0.8709076215453772,25,20,20
12,7187,0.07967692956566497,3.006587081956894e-08,0.05217619493043598,0.8681468454380257,25,20,20
12,7188,0.04204216834281404,1.5970941436337718e-06,0.07884959725899168,0.8791066373040493,25,20,20
12,7189,0.030652888415760023,1.6043225375089638e-06,0.09013326932887121,0.8792122379328308,25,20,20
12,7190,0.0795722019109203,1.1793617548818118e-05,0.04240332563241809,0.8780126788391118,25,20,20
12,7191,0.0795294582674735,1.4136122199899688e-05,0.04267301502150273,0.8777833905888227,25,20,20
12,7192,0.09493245638001756,2.44849915260799e-08,0.026460981986296973,0.8786065371486932,25,20,20
12,7193,0.09148337283654043,1.7308795570189884e-08,0.029692737587990604,0.878823872266672,25,20,20
12,7194,0.11387915284062167,4.3386689656575684e-10,0.021319009111579627,0.8648018376139309,25,20,20
12,7195,0.11946523697554845,4.1018396180903716e-10,0.0017572234494368344,0.8787775391648301,25,20,20
12,7196,0.11473683371902414,6.843780224778413e-10,0.007734274276162747,0.8775288913204342,25,20,20
12,7197,0.09676954331980664,1.8981609202077253e-05,0.020415728648845905,0.8827957464221438,25,20,20
12,7198,0.11972377919843208,5.390813459713619e-10,0.0021081891996177814,0.8781680310628674,25,20,20
12,7199,0.12016024358338609,1.1866558746058282e-07,0.0015058430045274218,0.8783337947464988,25,20,20
12,7200,0.12057448061282075,3.884801341194659e-10,0.001445418152650433,0.8779801008460475,25,20,20
12,7201,0.08368549363488949,7.405506874465818e-09,0.028994027622483456,0.8873204713371193,25,20,20
12,7202,0.07958171049263278,1.0172089433232693e-09,0.03652966107152535,0.883888627418632,25,20,20
12,7203,0.03500004320090578,9.678662215993688e-09,0.049060902849145105,0.9159390442712859,25,20,20
12,7204,0.024859662732384193,2.645095377038193e-09,0.06747770790855377,0.9076626267139648,25,20,20
12,7205,0.03972100348120556,7.873093004614873e-08,0.04094044786501628,0.919338469922847,25,20,20
12,7206,0.04083817716247972,2.7003202948584306e-06,0.051816436417762304,0.9073426860994609,25,20,20
12,7207,0.04060156927700242,2.6995523322011558e-06,0.05264323514682372,0.9067524960238396,25,20,20
12,7208,0.04050177289276168,3.49944135739829e-07,0.045342168207364496,0.9141557089557365,25,20,20
12,7209,0.04063950093536291,3.499979400241994e-07,0.05183301566878346,0.9075271333979122,25,20,20
12,7210,0.02431188428836525,5.221184784192116e-07,0.06254554204153308,0.913142051551622,25,20,20
12,7211,0.024325156284410995,5.221188057629443e-07,0.07611663318199638,0.8995576884147861,25,20,20
12,7212,0.024939490071455784,1.6621458283831093e-08,0.07122344600073671,0.9038370473063487,25,20,20
12,7213,0.026635357152137586,1.6738013379933947e-08,0.124305096496422,0.8490595296134275,25,20,20
12,7214,0.020927076622148176,1.7776130973870169e-06,0.11626959973513533,0.8628015460296194,25,20,20
12,7215,0.033623856795167655,3.0130757396643505e-08,0.08828991670162475,0.8780861963724494,25,20,20
12,7216,0.03271321274940665,3.01205342329847e-08,0.09438762235227464,0.8728991347777837,25,20,20
12,7217,0.046245939921174595,2.8708524726654676e-08,0.07484941326954447,0.878904618100756,25,20,20
12,7218,0.04650913673255697,5.440295088021401e-08,0.07591968943698442,0.8775711194275059,25,20,20
12,7219,0.04560284194524788,6.029739527541054e-08,0.07165890458769524,0.8827381931696608,25,20,20
12,7220,0.04167515480841341,4.302499358942819e-09,0.08166439882349245,0.8766604420655973,25,20,20
12,7221,0.06545774528420208,0.03870136418875808,0.017511350625817924,0.8783295399012215,25,20,20
12,7222,0.06570849965427822,0.03870136417548601,0.01774571759702164,0.8778444185732147,25,20,20
12,7223,0.07604337503444436,0.03648620385797843,0.008545428344944107,0.8789249927626319,25,20,20
12,7224,0.057788888341922855,0.03994789646085535,0.0349405935410477,0.8673226216561738,25,20,20
12,7225,0.07459100228350278,0.039947690340905596,0.01239287765584645,0.8730684297197452,25,20,20
12,7226,0.07586659671088952,0.039963547644421026,0.011825770487219816,0.8723440851574686,25,20,20
12,7227,0.08038960798146455,0.039861384255841695,0.021628000711170513,0.8581210070515229,25,20,20
12,7228,0.04102087311459667,0.03997340540213361,0.04555441567399471,0.8734513058092749,25,20,20
12,7229,0.04114793073660631,0.03993876782235112,0.06203323310197104,0.8568800683390707,25,20,20
12,7230,0.06300917817016537,0.03986054477635482,0.05760286736028682,0.839527409693194,25,20,20
12,7231,0.12080273520694128,0.0398604650137513,0.0010336848974313501,0.8383031148818749,25,20,20
12,7232,0.0797374989259717,1.9715720832434964e-05,0.10272462536085376,0.8175181599923459,25,20,20
12,7233,0.08043705825520554,2.02677434063445e-05,0.09096666170495774,0.8285760122964311,25,20,20
12,7234,0.07168050553102236,4.1554487924549024e-08,0.09040462864259334,0.8379148242718962,25,20,20
12,7235,0.1221187550942095,1.5392300532622755e-09,0.040375592512857994,0.8375056508537013,25,20,20
12,7236,0.14940705107901514,1.4914867469085234e-08,0.016556312704773556,0.8340366213013435,25,20,20
12,7237,0.12382373256456551,1.2104423564509682e-08,0.04217811550355439,0.8339981398274561,25,20,20
12,7238,0.11961510745584861,4.816134120424345e-09,0.07601785480752611,0.8043670329204913,25,20,20
12,7239,0.1271613990843102,7.129026942912397e-09,0.05667745545398632,0.8161611383326753,25,20,20
12,7240,0.11777500841068957,2.4640037020872585e-08,0.04918559378429301,0.8330393731649792,25,20,20
12,7241,0.11883622975267728,9.941876014892019e-08,0.04273754374678489,0.838426127081776,25,20,20
12,7242,0.11990970190274217,4.1301543303328043e-07,0.04163741424177561,0.8384524708400484,25,20,20
12,7243,0.13257155308123333,0.0018274795725877991,0.0326233991536865,0.8329775681924914,25,20,20
12,7244,0.13459722881428465,0.0018272043560972658,0.027068896640366415,0.8365066701892501,25,20,20
12,7245,0.13252918616619655,0.0018274269876103557,0.06443182145334099,0.8012115653928508,25,20,20
12,7246,0.14347132439372273,7.632282667873962e-08,0.02520471889696845,0.8313238803864814,25,20,20
12,7247,0.15806240550552283,3.7687769149779387e-10,0.040166265586828544,0.8017713285307702,25,20,20
12,7248,0.16153205662944584,2.745854876325199e-10,0.037272389650169394,0.8011955534458001,25,20,20
12,7249,0.12875987256301508,0.0005901659522823091,0.06387968623060908,0.8067702752540942,25,20,20
12,7250,0.13432358514299675,0.0005901693474320581,0.058816151555793075,0.8062700939537777,25,20,20
12,7251,0.12151345322077041,0.0005901870202225982,0.06733980280412574,0.8105565569548808,25,20,20
12,7252,0.12486204591294364,0.0005901686671161996,0.07851388419983314,0.7960339012201065,25,20,20
12,7253,0.11471285729271169,0.000591321906454636,0.09772380633750714,0.7869720144633257,25,20,20
12,7254,0.11103510577583427,9.401783265794809e-08,0.09103424518710776,0.7979305550192284,25,20,20
12,7255,0.11133477045531807,2.4272698012426974e-08,0.08957055477361164,0.7990946504983727,25,20,20
12,7256,0.08939175763308894,1.3410542778768564e-05,0.15419259884774172,0.7564022329763938,25,20,20
12,7257,0.056409483617624996,1.542895770754423e-05,0.19380363388569,0.7497714535389781,25,20,20
12,7258,0.050006084809371354,1.542882345532682e-05,0.19127374369260405,0.7587047426745696,25,20,20
12,7259,0.03158989271751729,0.0005276010185146746,0.2484626603439693,0.7194198459199995,25,20,20
12,7260,0.0765384799867923,0.03827364844059052,0.17051049353511466,0.7146773780375042,25,20,20
12,7261,0.11169549323631835,0.038260393864260334,0.17412946394085804,0.6759146489585649,25,20,20
12,7262,0.1805742883399924,0.0518091496140151,0.09210080170717269,0.675515760338821,25,20,20
12,7263,0.19423314166712724,0.07993122245922195,0.05732243096290266,0.6685132049107484,25,20,20
12,7264,0.1303181530870329,0.0799245602911453,0.1205292762241972,0.6692280103976246,25,20,20
12,7265,0.08049499877026893,0.078645251292607,0.1720574310140007,0.6688023189231269,25,20,20
12,7266,0.08075606180836946,0.07994580478612244,0.169575459482316,0.6697226739231946,25,20,20
12,7267,0.09538606054238158,0.07817300391404629,0.1565903663398158,0.6698505692037577,25,20,20
12,7268,0.10842219232094638,0.0799363658471109,0.13731117854884245,0.6743302632831003,25,20,20
12,7269,0.11926115448098783,0.07989442592698687,0.12596082445791607,0.6748835951341101,25,20,20
12,7270,0.0998283713870034,0.08031737881084154,0.15562368417628597,0.6642305656258723,25,20,20
12,7271,0.13397520928979684,0.08034056005208562,0.10701013013601857,0.6786741005220998,25,20,20
12,7272,0.0980710656160721,0.07991816879377023,0.10706777991218484,0.7149429856779768,25,20,20
12,7273,0.143025471252257,0.07991796623104393,0.06556645104110687,0.711490111475592,25,20,20
12,7274,0.11416116597392005,0.07989910270916305,0.08721289842875846,0.7187268328881616,25,20,20
12,7275,0.08157395646384957,0.07933989323323078,0.12039230790772282,0.7186938423951992,25,20,20
12,7276,0.1548806188133992,0.07871736984523543,0.04755769907564114,0.718844312265724,25,20,20
12,7277,0.07238110735483398,0.04005660619057969,0.17378953016942614,0.7137727562851558,25,20,20
12,7278,0.08778538844355674,0.0400566070686072,0.1700343304405914,0.7021236740472437,25,20,20
12,7279,0.086649109642693,0.03997808599033962,0.1550258308965562,0.7183469734704125,25,20,20
12,7280,0.08607957561895349,0.038258849582505146,0.16134079112877742,0.7143207836697637,25,20,20
12,7281,0.08116802223580409,0.03994576000664721,0.16613318926581433,0.7127530284917338,25,20,20
12,7282,0.16509744176743257,0.03856053554112741,0.07698165376349411,0.7193603689279462,25,20,20
12,7283,0.1302720816579852,0.03856173462982459,0.10732574769803672,0.7238404360141552,25,20,20
12,7284,0.13148867472545187,0.03998335449926477,0.10974635512646909,0.7187816156488148,25,20,20
12,7285,0.14090988234120172,0.03998335407948004,0.10037780962475279,0.7187289539545668,25,20,20
12,7286,0.14990154152990623,0.03997660247754397,0.09582546516058815,0.7142963908319621,25,20,20
12,7287,0.15870257418604877,0.014159588294349221,0.10830988607557536,0.718827951444029,25,20,20
12,7288,0.17657690146266897,0.039954162381672466,0.0652870115745855,0.718181924581073,25,20,20
12,7289,0.16076525723495158,0.03995418392001781,0.08526840318473886,0.7140121556602971,25,20,20
12,7290,0.11290775852487339,0.03996270758810768,0.14168275700702623,0.7054467768799941,25,20,20
12,7291,0.0820226485163189,0.03995771244435211,0.1585530305790559,0.7194666084602743,25,20,20
12,7292,0.07920685383454158,0.00033487414311653564,0.20521268347497704,0.7152455885473679,25,20,20
12,7293,0.09764654743852563,0.0003348446629655139,0.1838301203770733,0.718188487521436,25,20,20
12,7294,0.12945168418136752,0.0003347486904597916,0.18995397023884894,0.6802595968893265,25,20,20
12,7295,0.15366766779984836,0.0003424288034328584,0.166150880644233,0.6798390227524869,25,20,20
12,7296,0.15181290461936384,0.00034220389027263894,0.1692374862458851,0.6786074052444805,25,20,20
12,7297,0.20252240678318775,1.706809459594239e-05,0.1184812709771505,0.6789792541450665,25,20,20
12,7298,0.19703957979158213,0.03874713076324282,0.13599289714460297,0.628220392300572,25,20,20
12,7299,0.19120615633874252,0.03878204718945161,0.1380148551800227,0.6319969412917862,25,20,20
12,7300,0.12005040268485807,0.04104528709736753,0.19745547611727904,0.641448834100492,25,20,20
12,7301,0.12946982458706496,0.039994058970208156,0.15722349575446604,0.6733126206882626,25,20,20
12,7302,0.0922439440028408,0.03999400803745186,0.20261827079453013,0.665143777165178,25,20,20
12,7303,0.0769156309967705,0.04006601293964691,0.20438574794382205,0.6786326081197572,25,20,20
12,7304,0.06078136698693106,0.011366983867951352,0.24938437071526443,0.6784672784298529,25,20,20
12,7305,0.04690987119016144,0.04106985093874291,0.23366569484484945,0.6783545830262436,25,20,20
12,7306,0.041297381862720216,0.03828638655718421,0.2406127474380922,0.6798034841420028,25,20,20
12,7307,0.05471050710703348,0.0612109176042782,0.20359882795793977,0.6804797473307491,25,20,20
12,7308,0.05753649637627194,0.07996783726084913,0.18919274903321104,0.6733029173296693,25,20,20
12,7309,0.05635525275861844,0.07420336331848165,0.1909807279222513,0.6784606560006476,25,20,20
12,7310,0.06318161013201352,0.07997199097907917,0.17757094915412264,0.6792754497347857,25,20,20
12,7311,0.06243063802575573,0.0787241573150365,0.1808613695158684,0.6779838351433388,25,20,20
12,7312,0.09449523541620693,0.08066974177320879,0.14706633725110413,0.6777686855594831,25,20,20
12,7313,0.07598542707152885,0.07964965983356151,0.16656899423576882,0.677795918859141,25,20,20
12,7314,0.10614477420946987,0.08083273446976252,0.12472856839957261,0.6882939229211956,25,20,20
12,7315,0.08593334805848887,0.08024373448533612,0.16985257651963376,0.6639703409365444,25,20,20
12,7316,0.12447825065143016,0.0704811667868343,0.15137447631984452,0.6536661062418909,25,20,20
12,7317,0.0670757979976921,0.10250219862368405,0.1655702317073365,0.6648517716712903,25,20,20
12,7318,0.12168204896593997,0.1175755645231818,0.08238917966493921,0.6783532068459412,25,20,20
12,7319,0.13908261822074613,0.07739821767740207,0.11911313657432254,0.66440602752753,25,20,20
12,7320,0.12261848596775352,0.0773966583686208,0.14082601556967228,0.6591588400939536,25,20,20
12,7321,0.1317149350619122,0.07822912535785398,0.13130124239648644,0.6587546971837501,25,20,20
12,7322,0.1520462202599044,0.0780901933083533,0.09171802121684579,0.6781455652148981,25,20,20
12,7323,0.12388166196408978,0.06191910373289664,0.13462694570197037,0.6795722886010455,25,20,20
12,7324,0.19118514465695624,0.07979493967148517,0.04972410398194118,0.6792958116896171,25,20,20
12,7325,0.19605675933599614,0.0790755558460629,0.0507067546253147,0.674160930192626,25,20,20
12,7326,0.1993313159294438,0.07733892926209926,0.05865131269243612,0.6646784421160209,25,20,20
12,7327,0.18906376264322744,0.076961416994732,0.03865263137307025,0.6953221889889697,25,20,20
12,7328,0.16087150141207876,0.06273275851072174,0.06693573402887175,0.7094600060483284,25,20,20
12,7329,0.1525257020587859,0.06444521862956915,0.07033423179428848,0.7126948475173565,25,20,20
12,7330,0.14191365108329299,0.06383402762089568,0.10987982504613827,0.6843724962496733,25,20,20
12,7331,0.1488995032654025,0.0786607372855842,0.10385276449215163,0.6685869949568626,25,20,20
12,7332,0.11169401591781172,0.09387766531351723,0.12610407636111054,0.6683242424075615,25,20,20
12,7333,0.15202960914407837,0.09389934200321878,0.0923251605036993,0.6617458883490046,25,20,20
12,7334,0.1517267775466014,0.11930348051130116,0.06883615674779041,0.6601335851943075,25,20,20
12,7335,0.13582325467628825,0.11758688058490901,0.12027983533735329,0.6263100294014498,25,20,20
12,7336,0.14402897961294317,0.11908052707300788,0.10440847968574127,0.6324820136283067,25,20,20
12,7337,0.16271223316605943,0.09195829632613049,0.11273536513537573,0.6325941053724352,25,20,20
12,7338,0.15975146975683444,0.09129549953503271,0.11102085316477074,0.6379321775433637,25,20,20
12,7339,0.1604121148754613,0.11811661818555393,0.08349315245233908,0.6379781144866499,25,20,20
12,7340,0.16415625079758944,0.11883063729646803,0.0784727992606065,0.6385403126453361,25,20,20
12,7341,0.12381607700525005,0.11986911098756506,0.11752241061323643,0.6387924013939503,25,20,20
12,7342,0.09077732542546897,0.11985699429452583,0.15096882573381457,0.6383968545461943,25,20,20
12,7343,0.15214752113571514,0.11927954822138362,0.09019496710821168,0.6383779635346917,25,20,20
12,7344,0.14124231606164014,0.11927943757994283,0.10137640968057075,0.6381018366778494,25,20,20
12,7345,0.1209093292228726,0.08068169055870174,0.1733331194333806,0.6250758607850452,25,20,20
12,7346,0.1539252858302306,0.08068152924740682,0.14108229737146405,0.6243108875508988,25,20,20
12,7347,0.17591137470204873,0.08022942514758544,0.10550518093235134,0.6383540192180162,25,20,20
12,7348,0.1220604290920265,0.07987801807242588,0.16396688206614193,0.6340946707694036,25,20,20
12,7349,0.1109978555207969,0.07990049745427732,0.1746891778820917,0.6344124691428333,25,20,20
12,7350,0.12352227096865512,0.06324511584832654,0.17875941286767622,0.6344732003153426,25,20,20
12,7351,0.11941402460537595,0.06276846707818406,0.1831316371264034,0.6346858711900393,25,20,20
12,7352,0.07677304700958526,0.07818053683683786,0.20642533634550628,0.6386210798080716,25,20,20
12,7353,0.09479554087125956,0.07817721563439899,0.18726953036998187,0.639757713124362,25,20,20
12,7354,0.11746025701917553,0.07682617256766572,0.16630566220256782,0.6394079082105916,25,20,20
12,7355,0.12917421531350645,0.021903707376724237,0.20978869371162184,0.6391333835981453,25,20,20
12,7356,0.139337837230348,0.021350948193037515,0.19947971309639814,0.6398315014802178,25,20,20
12,7357,0.14769843886779488,0.03994789293447999,0.1731007844626017,0.6392528837351231,25,20,20
12,7358,0.16472590009733143,0.03826791314859821,0.1575011457615616,0.6395050409925122,25,20,20
12,7359,0.16474800975044532,0.03826630078706569,0.1578045564593065,0.6391811330031847,25,20,20
12,7360,0.1376499755379265,0.039340241057870186,0.1834969982898849,0.6395127851143199,25,20,20
12,7361,0.1427273375068373,0.04000299778472646,0.1719268909738946,0.645342773734546,25,20,20
12,7362,0.1609496851877738,0.03826019596885364,0.20215729463020743,0.5986328242131648,25,20,20
12,7363,0.13184437279619732,0.03826078178919514,0.2372237249185654,0.592671120496045,25,20,20
12,7364,0.15493287556853771,0.0393375595407946,0.21289620196790804,0.5928333629227596,25,20,20
12,7365,0.16663813420729967,0.03932863016206367,0.19497786536523448,0.5990553702654035,25,20,20
12,7366,0.16460821321391694,0.04021352394166705,0.21450219809568896,0.5806760647487272,25,20,20
12,7367,0.19510158863540714,0.03994006827261134,0.17611890535032246,0.5888394377416595,25,20,20
12,7368,0.23461980263658633,0.03994023166301715,0.12336048305417177,0.6020794826462276,25,20,20
12,7369,0.27026127879715206,0.03994881814468448,0.10259299933673217,0.5871969037214311,25,20,20
12,7370,0.20825018864135367,0.03995025338055862,0.15464327295074207,0.5971562850273474,25,20,20
12,7371,0.2372200455768368,0.03994019646344501,0.09901719159461139,0.6238225663651078,25,20,20
12,7372,0.27647503564645176,0.03994011930936858,0.05159769295359014,0.6319871520905899,25,20,20
12,7373,0.22211403187787332,0.03994408572360575,0.09960188376451339,0.6383399986340086,25,20,20
12,7374,0.1963885346167416,0.04043082934193881,0.12515198766813468,0.638028648373188,25,20,20
12,7375,0.1460464491767885,0.04043206896156974,0.17590987492562507,0.6376116069360168,25,20,20
12,7376,0.15979079261586737,0.039977677803444196,0.1623510960333011,0.637880433547388,25,20,20
12,7377,0.1176163194080192,0.03994025951136218,0.20389965090526935,0.6385437701753495,25,20,20
12,7378,0.08888660841028488,0.0399542682385298,0.26737657976602713,0.603782543585161,25,20,20
12,7379,0.06432997766452846,0.03995496268980145,0.26755270288221916,0.62816235676345,25,20,20
12,7380,0.07005369692308734,0.03650219709962205,0.285982517813786,0.6074615881635039,25,20,20
12,7381,0.0979860209518216,0.03992355228209208,0.2749226329829716,0.5871677937831149,25,20,20
12,7382,0.1509098511244541,0.014199041546924912,0.24816864992160348,0.586722457407019,25,20,20
12,7383,0.10851623749987369,0.040000914183477676,0.2494874588312858,0.6019953894853622,25,20,20
12,7384,0.10551296058235071,0.039317505206600836,0.2897609870809208,0.5654085471301261,25,20,20
12,7385,0.1277034497798219,0.04033633024875951,0.2682640601223953,0.5636961598490235,25,20,20
12,7386,0.16292018523608648,0.039970696626666614,0.24090397721554255,0.5562051409217061,25,20,20
12,7387,0.09836947322966624,0.03995701015848502,0.262842829025169,0.598830687586679,25,20,20
12,7388,0.1156181717052993,0.03825977179407746,0.2484266540587876,0.5976954024418363,25,20,20
12,7389,0.11328549445636804,0.056235845435339736,0.24728573096851036,0.5831929291397813,25,20,20
12,7390,0.11021736187973648,0.05793131377598807,0.23491227674751716,0.5969390475967583,25,20,20
12,7391,0.1458019561561769,0.03998265283509885,0.21547509069218765,0.5987403003165369,25,20,20
12,7392,0.16996140900921822,0.039405458187282534,0.19090795739628003,0.5997251754072213,25,20,20
12,7393,0.19151746263754738,0.04002272147106498,0.16746474830769326,0.6009950675836958,25,20,20
12,7394,0.19654868894807634,0.03984378783963111,0.16498035968791566,0.598627163524378,25,20,20
12,7395,0.21594810183277718,0.03850261197894953,0.14648564160967825,0.5990636445785958,25,20,20
12,7396,0.2313346934683346,0.038715503665343313,0.1307973133558931,0.5991524895104338,25,20,20
12,7397,0.2731084989448312,0.03849915182624872,0.08692362428762106,0.6014687249413013,25,20,20
12,7398,0.27883404605797013,0.038485480513580694,0.09815961014143001,0.5845208632870209,25,20,20
12,7399,0.2786060481183305,0.038485505724710906,0.0837098960568535,0.5991985501001063,25,20,20
12,7400,0.23868598859005022,0.038489206013324256,0.11640435930113466,0.6064204460954931,25,20,20
12,7401,0.2519661768683565,0.038571562908869275,0.10983382408742362,0.5996284361353562,25,20,20
12,7402,0.24442043948321643,0.04006216006018148,0.11673092909408522,0.5987864713625202,25,20,20
12,7403,0.23883880626430046,0.039963024475199185,0.12672194498997763,0.5944762242705236,25,20,20
12,7404,0.27207604829584464,0.038259628351574974,0.10403271160378866,0.5856316117487925,25,20,20
12,7405,0.2699639671425445,0.03825941308330857,0.10667070441101588,0.5851059153631321,25,20,20
12,7406,0.27436328016369005,0.03998533307273214,0.0997354313892429,0.5859159553743367,25,20,20
12,7407,0.2655497265894931,0.039985478449218875,0.09611949703314648,0.5983452979281436,25,20,20
12,7408,0.2839826036305576,0.06135638293905354,0.05566562659372708,0.5989953868366623,25,20,20
12,7409,0.3062295320465703,0.06135641260027934,0.03341570680980849,0.5989983485433417,25,20,20
12,7410,0.23093028010680822,0.06133550119640026,0.10719361057728699,0.6005406081195094,25,20,20
12,7411,0.15388850163724407,0.06135737023467736,0.18636625713808935,0.5983878709899882,25,20,20
12,7412,0.23847293839701905,0.04257705307577215,0.11951532194066367,0.599434686586545,25,20,20
12,7413,0.1942209426389778,0.06108533184806134,0.14449692404350864,0.6001968014694549,25,20,20
12,7414,0.12237089562563726,0.05175393233699514,0.2323058761218767,0.5935692959154916,25,20,20
12,7415,0.11386742349193779,0.07821464292152255,0.209130966286232,0.5987869673003086,25,20,20
12,7416,0.1750179052043353,0.07993394899578989,0.10597799348901253,0.639070152310862,25,20,20
12,7417,0.18418703367299688,0.07993149694524296,0.09535296824246035,0.640528501139301,25,20,20
12,7418,0.1925622899768021,0.07932882451427076,0.08931864315851913,0.6387902423504072,25,20,20
12,7419,0.19668491699285082,0.05410881138934898,0.10971120315782087,0.6394950684599809,25,20,20
12,7420,0.19420110757305423,0.05450077519938175,0.11217094631794942,0.6391271709096155,25,20,20
12,7421,0.20041855233010236,0.04078069772575759,0.12398842259848986,0.6348123273456536,25,20,20
12,7422,0.13347274007746038,0.01179735120035147,0.22589464646810195,0.6288352622540865,25,20,20
12,7423,0.13001383717760365,0.0393072246063531,0.21622780050730836,0.6144511377087365,25,20,20
12,7424,0.1876811918395722,0.0387332026764394,0.13514337670457702,0.6384422287794131,25,20,20
12,7425,0.15699374048779652,0.03873358888507767,0.17113595917915572,0.6331367114479682,25,20,20
12,7426,0.22375960621523672,0.03997309392181226,0.10320155362588185,0.6330657462370681,25,20,20
12,7427,0.19887252917918183,7.169738825647297e-05,0.16256950988114383,0.638486263551419,25,20,20
12,7428,0.18838980894106508,6.935035214588891e-05,0.17251917929779165,0.639021661408997,25,20,20
12,7429,0.2700827672799561,8.45468750800192e-05,0.0903285945696926,0.6395040912752729,25,20,20
12,7430,0.26853261287105956,8.67931750954529e-05,0.09214385069840947,0.6392367432554358,25,20,20
12,7431,0.1607107189075937,2.5266936303864544e-05,0.19155869590260333,0.6477053182534978,25,20,20
12,7432,0.16041171469944138,2.249971493364989e-05,0.1926954673220796,0.6468703182635455,25,20,20
12,7433,0.1978971007419312,2.0662589091969236e-05,0.16238001043314423,0.6397022262358335,25,20,20
12,7434,0.18087380278256904,1.207806415374928e-05,0.19457183493344093,0.6245422842198388,25,20,20
12,7435,0.20721218688305457,1.3554626749428947e-06,0.18073165633085037,0.6120548013234217,25,20,20
12,7436,0.12953330818366846,1.9027097843595864e-06,0.24540224383666095,0.6250625452698886,25,20,20
12,7437,0.13816446379344044,3.576124628651981e-08,0.23990762829348647,0.6219278721518255,25,20,20
12,7438,0.20283391533502484,2.2337096071148168e-08,0.17206911076597042,0.6250969515619089,25,20,20
12,7439,0.17076388029264072,3.5107555928485104e-08,0.22962461186299646,0.5996114727368098,25,20,20
12,7440,0.17176748328002836,1.1899132088421903e-06,0.19850369783101027,0.6297276289757522,25,20,20
12,7441,0.21127931424809943,0.000410882707901191,0.1462744530992404,0.6420353499447593,25,20,20
12,7442,0.22549605100794398,0.0004108610695860843,0.13494354183013935,0.6391495460923317,25,20,20
12,7443,0.16828515776580663,0.00041119012638610224,0.19385419615062827,0.6374494559571823,25,20,20
12,7444,0.20309766665337553,0.00047965963977827876,0.15298305196251358,0.6434396217443333,25,20,20
12,7445,0.20051103332758632,0.00041121356986329003,0.15456976962702074,0.6445079834755311,25,20,20
12,7446,0.2126021707063238,0.0004108791852191707,0.1484464380378444,0.6385405120706158,25,20,20
12,7447,0.2069824755134975,2.8173833253449176e-08,0.15997563037449516,0.6330418659381778,25,20,20
12,7448,0.280704570045198,7.459997429896151e-08,0.08042846079775287,0.6388668945570747,25,20,20
12,7449,0.29017905100938474,5.8189671726914535e-08,0.08812127024072396,0.621699620560219,25,20,20
12,7450,0.3076827370997958,2.3803521203059005e-08,0.06452129417370984,0.627795944922973,25,20,20
12,7451,0.2919353313341549,1.2538481454977822e-07,0.07108610259731168,0.6369784406837193,25,20,20
12,7452,0.18753884714028124,4.938244595556502e-06,0.1752065966245765,0.6372496179905451,25,20,20
12,7453,0.16542720234103972,0.0010216094990530358,0.20551218045173836,0.6280390077081693,25,20,20
12,7454,0.17917334993046985,0.001037370587402579,0.1928072980446577,0.62698198143747,25,20,20
12,7455,0.20556587813017682,2.049148972913928e-05,0.17788546812363557,0.6165281622564602,25,20,20
12,7456,0.23908153354318673,5.44157261010236e-07,0.13276845855365577,0.6281494637458971,25,20,20
12,7457,0.28981263482622355,1.5799544858324324e-05,0.07096750691339185,0.6392040587155254,25,20,20
12,7458,0.3075632495300724,1.619422453125567e-05,0.0536255436334076,0.6387950126119886,25,20,20
12,7459,0.24007650681176596,7.924007624423688e-05,0.12069879662543034,0.6391454564865623,25,20,20
12,7460,0.234328404195029,7.923022450421495e-05,0.12729307291205721,0.6382992926684113,25,20,20
12,7461,0.24371433919914984,7.991307115379742e-05,0.12877781897314228,0.6274279287565555,25,20,20
12,7462,0.18798219142936992,8.488383831235152e-05,0.15513885598912303,0.6567940687431976,25,20,20
12,7463,0.21954503034650816,8.488875456462447e-05,0.10676069519494634,0.6736093857039804,25,20,20
12,7464,0.21735486850801736,5.6499488388215375e-06,0.0810157422662509,0.7016237392768943,25,20,20
12,7465,0.21428096584424824,7.943961567156059e-06,0.08843972074818493,0.6972713694460004,25,20,20
12,7466,0.2147769527803506,5.678970604812949e-06,0.10090691381377064,0.6843104544352738,25,20,20
12,7467,0.19524766049312403,2.4766293991417037e-07,0.0771736759436931,0.7275784159002423,25,20,20
12,7468,0.19437971715172797,1.9964209790002194e-07,0.05578849247797954,0.749831590728195,25,20,20
12,7469,0.13954732636894052,2.6676126582622105e-07,0.06677841527095252,0.7936739915988403,25,20,20
12,7470,0.13894890243507343,2.2896431843058396e-07,0.07303261712340597,0.788018251477201,25,20,20
12,7471,0.18804767696632677,3.7104316964468427e-07,0.03175238894610874,0.7801995630443946,25,20,20
12,7472,0.1614901708480155,0.002399728197007395,0.08958479048779491,0.7465253104671841,25,20,20
12,7473,0.19238834851050174,9.900022243873605e-07,0.04897665912479249,0.7586340023624817,25,20,20
12,7474,0.170159933108547,1.2783664742383795e-07,0.07097845613339303,0.7588614829214114,25,20,20
12,7475,0.18992747286044576,1.2872437212568016e-07,0.033322352618450776,0.7767500457967317,25,20,20
12,7476,0.11565590674960627,0.02450029169154929,0.09698829220609706,0.762855509352748,25,20,20
12,7477,0.11145227249207058,0.03997673211561954,0.0545320743475652,0.7940389210447435,25,20,20
12,7478,0.11042134650425417,0.03997670406327838,0.0507514691259284,0.7988504803065386,25,20,20
12,7479,0.12042265614142725,0.039976697154606285,0.040988615895515335,0.798612030808451,25,20,20
12,7480,0.08486454301898323,0.03997669868125806,0.07687054569738397,0.7982882126023738,25,20,20
12,7481,0.07726113051845263,0.03997671796413472,0.08409034177896067,0.7986718097384515,25,20,20
12,7482,0.10097092802566422,0.039964465408099996,0.064726891544252,0.7943377150219839,25,20,20
12,7483,0.10444120263147606,0.03994898996004117,0.0523650748873924,0.8032447325210894,25,20,20
12,7484,0.08571196503755438,0.03993295420232689,0.07084182339953471,0.8035132573605837,25,20,20
12,7485,0.08152392169827076,0.03994384096008451,0.09588337739773564,0.7826488599439084,25,20,20
12,7486,0.04730202926898776,0.039946883537933894,0.11407296340293818,0.7986781237901392,25,20,20
12,7487,0.07884722184515422,0.03995674664887173,0.08179379503099357,0.7994022364749799,25,20,20
12,7488,0.08170114103535156,0.0399486277332372,0.1144244275982145,0.7639258036331973,25,20,20
12,7489,0.09500972315059135,0.03994941379189727,0.1391395642065157,0.7259012988509997,25,20,20
12,7490,0.11005348019856426,0.0399709582007428,0.12714020146744992,0.7228353601332479,25,20,20
12,7491,0.14544275451526284,0.039938239664190384,0.10403715127332472,0.7105818545472234,25,20,20
12,7492,0.15556791042849938,0.03994880813668225,0.06821335924215366,0.7362699221926644,25,20,20
12,7493,0.11687572598491572,0.038259443620938735,0.07123057357894307,0.7736342568152036,25,20,20
12,7494,0.10777725460568571,0.03995285502676679,0.13022024850358865,0.7220496418639606,25,20,20
12,7495,0.10745121728777679,0.038274569099985056,0.13558226553119476,0.7186919480810435,25,20,20
12,7496,0.10845333515844047,0.03825950454499263,0.1400726242494695,0.7132145360470976,25,20,20
12,7497,0.1656510430798591,0.03825974513410912,0.07744063617143912,0.7186485756145916,25,20,20
12,7498,0.08258759140714984,0.036887156311903604,0.17597361197165357,0.7045516403092924,25,20,20
12,7499,0.13770901157564266,0.03997112623130156,0.10301802854961424,0.7193018336434436,25,20,20
12,7500,0.19104370775253635,0.021232909733962402,0.07517405499799736,0.7125493275155034,25,20,20
12,7501,0.18984289643172356,0.039970209804071316,0.057293386684192066,0.7128935070800122,25,20,20
12,7502,0.20031921569444516,0.03997016336099497,0.042858894651928915,0.7168517262926305,25,20,20
12,7503,0.1634344978120722,0.038724776770756496,0.0761082754952967,0.7217324499218749,25,20,20
12,7504,0.16945895573841058,0.03995232291795198,0.07161272322973003,0.7189759981139077,25,20,20
12,7505,0.20482674762613529,0.03996579740381352,0.03619209118273642,0.7190153637873159,25,20,20
12,7506,0.20771407880900675,0.03994921948477882,0.03295612851685563,0.71938057318936,25,20,20
12,7507,0.16833037625551278,0.03994922078345045,0.09722834050480078,0.694492062456236,25,20,20
12,7508,0.1445321810496638,0.040301182970313404,0.136617947995117,0.6785486879849099,25,20,20
12,7509,0.13034572517921114,0.039949305382631084,0.15059046687287797,0.6791145025652818,25,20,20
12,7510,0.08156873398332584,0.039921486331150724,0.1708423821714492,0.7076673975140751,25,20,20
12,7511,0.12211807658231842,5.0969686868926014e-05,0.1752482247238099,0.7025827290070014,25,20,20
12,7512,0.10714231978433032,1.377161742571188e-05,0.19041377775666757,0.7024301308415771,25,20,20
12,7513,0.12141809626646882,2.683886748030735e-06,0.1675657784408397,0.7110134414059444,25,20,20
12,7514,0.1205985267188538,4.4268761319843237e-07,0.16844128176430512,0.7109597488292297,25,20,20
12,7515,0.11398471888440381,4.6710004108270476e-07,0.1676120152945048,0.7184027987210487,25,20,20
12,7516,0.15943400637371086,4.7454686825325236e-07,0.12597640441979752,0.714589114659623,25,20,20
12,7517,0.11994895552958505,7.640783709489856e-07,0.2085791847872887,0.6714710956047542,25,20,20
12,7518,0.1714392748481082,2.837374688963979e-05,0.14987485630792677,0.6786574950970777,25,20,20
12,7519,0.16195147684954989,0.00015533103246070975,0.1601867931984089,0.677706398919583,25,20,20
12,7520,0.15659042052338545,1.701326711064105e-05,0.17868742537308652,0.6647051408364189,25,20,20
12,7521,0.18926074139809693,1.3501020392302067e-06,0.14599910958539775,0.6647387989144679,25,20,20
12,7522,0.1998708945594257,3.618132361164977e-07,0.12851683880320178,0.6716119048241371,25,20,20
12,7523,0.15560468224477114,0.0008526761646287001,0.16915065942693386,0.6743919821636668,25,20,20
12,7524,0.15276646025864699,0.0008526816173890711,0.17252152136919044,0.6738593367547723,25,20,20
12,7525,0.09832993602864139,0.00023949156532747642,0.22736758341399327,0.6740629889920392,25,20,20
12,7526,0.11527715140662073,8.888859144859979e-07,0.20643040094315704,0.6782915587643097,25,20,20
12,7527,0.12732254622461117,2.2973697396224674e-05,0.19913628935978311,0.6735181907182117,25,20,20
12,7528,0.12042628722547973,1.9589151995895327e-05,0.2003593894667156,0.6791947341558103,25,20,20
12,7529,0.10192863016283743,4.238777523231573e-07,0.21944789939838835,0.6786230465610218,25,20,20
12,7530,0.0823708567184295,8.575653699300926e-07,0.23886277597638395,0.6787655097398161,25,20,20
12,7531,0.15158248061823687,7.15003817942548e-07,0.17558037471582044,0.6728364296621259,25,20,20
12,7532,0.08791331164059148,0.0010877019046358011,0.23242867149612986,0.678570314958642,25,20,20
12,7533,0.13110501572790473,0.038740107320493065,0.15125380922355217,0.6789010677280533,25,20,20
12,7534,0.15977274521240045,0.03874043351818539,0.12273395364224021,0.6787528676271762,25,20,20
12,7535,0.1499068056937582,0.04001096285089692,0.13202889093687162,0.6780533405184757,25,20,20
12,7536,0.14886254569737442,0.011602966821033648,0.15839032463516076,0.6811441628464349,25,20,20
12,7537,0.15001410133895282,0.07573417569479754,0.09609716189170513,0.678154561074546,25,20,20
12,7538,0.11147819446901361,0.0577543575919529,0.15827096039186925,0.6724964875471671,25,20,20
12,7539,0.08463372937544436,0.10008075601107624,0.13677063984443275,0.6785148747690489,25,20,20
12,7540,0.0854053631516098,0.11704924249970772,0.12372250041552059,0.673822893933163,25,20,20
12,7541,0.11046093025263833,0.07883729084956415,0.13643617792645077,0.6742656009713507,25,20,20
12,7542,0.10989675869144229,0.04019058929971596,0.18483892944268263,0.665073722566162,25,20,20
12,7543,0.11620946273556548,0.039936992057138895,0.16543493397360262,0.6784186112336933,25,20,20
12,7544,0.11761655618409927,0.06298526452643677,0.14041733160643585,0.6789808476830295,25,20,20
12,7545,0.11690003072973124,0.07988398201995005,0.0845500568009111,0.7186659304494085,25,20,20
12,7546,0.10919207005627447,0.07820293158757004,0.09394949450302745,0.7186555038531307,25,20,20
12,7547,0.07716146348240646,0.07990653240285729,0.12688019179377824,0.7160518123209607,25,20,20
12,7548,0.07313860784085285,0.07816434887681506,0.11375455412106833,0.7349424891612647,25,20,20
12,7549,0.08212674482614384,0.07992230059049006,0.09327065675630093,0.7446802978270658,25,20,20
12,7550,0.05497697523632612,0.07995382813564564,0.11232948414915339,0.7527397124788777,25,20,20
12,7551,0.08534823392115647,0.07819789362118965,0.09554656264740408,0.7409073098102507,25,20,20
12,7552,0.05173710421729437,0.07992808683452358,0.10992952816153785,0.7584052807866439,25,20,20
12,7553,0.07074645425363364,0.0793219385978732,0.1191907990121668,0.7307408081363278,25,20,20
12,7554,0.09507273259088146,0.07932836702968495,0.08049804614645475,0.7451008542329783,25,20,20
12,7555,0.09567762702735053,0.07867826662723881,0.08522497296187875,0.7404191333835319,25,20,20
12,7556,0.06895903137404959,0.0798945589415615,0.08826510739546388,0.7628813022889273,25,20,20
12,7557,0.09197661610228619,0.07989468413315558,0.08011745860999786,0.7480112411545641,25,20,20
12,7558,0.09286696432340923,0.07989466680016126,0.06889454425033198,0.7583438246260963,25,20,20
12,7559,0.08606659165517931,0.07989435569030684,0.07501217308287983,0.7590268795716333,25,20,20
12,7560,0.10096843265304929,0.07991466103648975,0.060983467572484865,0.7581334387379749,25,20,20
12,7561,0.11507120859277321,0.0799146467302312,0.059045274812883936,0.7459688698641094,25,20,20
12,7562,0.10422008032766591,0.07991352712806811,0.05772537255085978,0.7581410199934067,25,20,20
12,7563,0.1062663290322178,0.07994722455624742,0.05549899270231704,0.7582874537092179,25,20,20
12,7564,0.13942897991887138,0.07919496165304227,0.02333834008831791,0.7580377183397685,25,20,20
12,7565,0.1453486105246996,0.05399439178697043,0.04285482818187925,0.757802169506451,25,20,20
12,7566,0.1370045373794702,0.0788049425005842,0.043143014494031705,0.7410475056259134,25,20,20
12,7567,0.15462912443800877,0.07932193334163333,0.013690791799124158,0.7523581504212331,25,20,20
12,7568,0.10356616762326354,0.0782293500497535,0.0656407871948303,0.7525636951321536,25,20,20
12,7569,0.10647594121404673,0.07819848329641874,0.056614758574838865,0.7587108169146954,25,20,20
12,7570,0.07000276189861576,0.07991345483316342,0.09178192677647448,0.758301856491747,25,20,20
12,7571,0.07177783683775138,0.04005170358947924,0.12922690307782264,0.7589435564949494,25,20,20
12,7572,0.11760775320484607,0.03871846835545712,0.08449036172137064,0.7591834167183307,25,20,20
12,7573,0.10190908409285415,0.038237476740429266,0.10674378396366713,0.7531096552030512,25,20,20
12,7574,0.12078416712556349,0.03823749419336932,0.08855435132394723,0.7524239873571211,25,20,20
12,7575,0.12219496014548188,0.03993325427743644,0.09202388569587926,0.7458478998812034,25,20,20
12,7576,0.09824283365197763,0.039504235476089306,0.1888965542951958,0.6733563765767352,25,20,20
12,7577,0.13717577732863911,0.0395042374352635,0.15099421641069444,0.6723257688254043,25,20,20
12,7578,0.1729957963726113,0.03997106624279463,0.10829317558657334,0.6787399617980205,25,20,20
12,7579,0.1566224306049996,0.03877342651992855,0.08636288350354401,0.7182412593715286,25,20,20
12,7580,0.138374487450976,0.03874368718074954,0.10383552444231137,0.7190463009259633,25,20,20
12,7581,0.08719118988084407,0.021238320752524166,0.1784440901038361,0.7131263992627973,25,20,20
12,7582,0.08545244739204272,0.021238311811532164,0.17706929163398372,0.716239949162443,25,20,20
12,7583,0.1022896260173528,0.021238366749236452,0.15748714791516774,0.7189848593182433,25,20,20
12,7584,0.11904746639940834,0.03872510822982934,0.12842311442905005,0.7138043109417137,25,20,20
12,7585,0.1281483798323012,0.03997116014895464,0.11733428406435248,0.7145461759543941,25,20,20
12,7586,0.16493674307247244,0.011138596614558556,0.1632214165861232,0.6607032437268487,25,20,20
12,7587,0.1666898659006301,0.011138358431098455,0.16274488755297295,0.6594268881152995,25,20,20
12,7588,0.1965842493451004,0.037784676484943366,0.10039336710025798,0.6652377070697014,25,20,20
12,7589,0.20577712611471222,0.03778467427834865,0.07608671411192656,0.6803514854950115,25,20,20
12,7590,0.20278583917489815,0.03994921345185303,0.0752219030665186,0.6820430443067289,25,20,20
12,7591,0.19839756232966782,0.03997051288699157,0.08377546427859915,0.6778564605047432,25,20,20
12,7592,0.16181374519252645,0.03997050796989023,0.12017423967094354,0.6780415071666397,25,20,20
12,7593,0.16144550682903946,0.039970502352698806,0.1256619688600392,0.672922021958223,25,20,20
12,7594,0.08468357454369498,0.03834450158923949,0.19847528067649733,0.678496643190565,25,20,20
12,7595,0.1549171353372469,0.03822997000079176,0.12699884747259937,0.6798540471893646,25,20,20
12,7596,0.14428695541904518,0.03822983061471197,0.14445041743864898,0.6730327965275933,25,20,20
12,7597,0.1605052275027189,0.03685660627828806,0.1238102005665386,0.6788279656524538,25,20,20
12,7598,0.19869942661167075,0.0368565468453191,0.09176334337801505,0.6726806831649962,25,20,20
12,7599,0.23075715423010507,0.038730600547622715,0.09564522685504871,0.6348670183672238,25,20,20
12,7600,0.27726397771428635,0.03873081037964579,0.0417200958756104,0.642285116030458,25,20,20
12,7601,0.26147060490960217,0.03873048082924957,0.0651488377362267,0.634650076524921,25,20,20
12,7602,0.23574397945646777,0.038733111272580195,0.08711761827751908,0.6384052909934349,25,20,20
12,7603,0.21040505228019682,0.03873165580357739,0.11425970598731461,0.6366035859289122,25,20,20
12,7604,0.21127428498592468,0.03873055054120428,0.0725236941566189,0.6774714703162523,25,20,20
12,7605,0.18492145405027816,0.03990945417246149,0.10950204561388231,0.6656670461633767,25,20,20
12,7606,0.19366353629450306,0.014098982590997082,0.1360415592842566,0.6561959218302431,25,20,20
12,7607,0.22867918194664807,0.014099372657557006,0.11963357534080153,0.6375878700549947,25,20,20
12,7608,0.22284250506702563,1.5883199871304393e-06,0.1343723582010652,0.6427835484119236,25,20,20
12,7609,0.2302684509197884,7.777273432309145e-06,0.09774174365726934,0.6719820281495117,25,20,20
12,7610,0.16993849459858162,2.603016246130279e-07,0.1173292351823542,0.7127320099174415,25,20,20
12,7611,0.21134258646191204,2.0128773979751593e-06,0.07104487771494383,0.7176105229457461,25,20,20
12,7612,0.19656819114643653,1.1842827498201412e-08,0.0982797866549515,0.7051520103557847,25,20,20
12,7613,0.11225748227340043,2.102827587956453e-07,0.16827723987831014,0.7194650675655321,25,20,20
12,7614,0.17626022422421478,0.0004414085329788494,0.10368455883017598,0.7196138084126298,25,20,20
12,7615,0.12457224166536038,0.0008866027463003825,0.15533834935926358,0.7192028062290768,25,20,20
12,7616,0.16023343984397012,0.000887144502428828,0.12811306858327248,0.7107663470703294,25,20,20
12,7617,0.13116564550139742,9.050712125303314e-06,0.15070468771798295,0.7181206160684982,25,20,20
12,7618,0.16450144833451108,1.1116056163715236e-08,0.1303421538023851,0.7051563867470482,25,20,20
12,7619,0.125396514023962,1.4022794227657839e-05,0.16485641039537355,0.7097330527864386,25,20,20
12,7620,0.16025994391243514,5.883296714906773e-05,0.1243917500562179,0.7152894730641985,25,20,20
12,7621,0.18644396511565417,1.7234983364164103e-05,0.09852726939523274,0.7150115305057494,25,20,20
12,7622,0.15882895660496169,4.174954461860179e-06,0.1285072046015183,0.7126596638390591,25,20,20
12,7623,0.17492699404685097,1.9562620226204536e-06,0.15484060986573275,0.6702304398253949,25,20,20
12,7624,0.20853210743405867,4.4173583737911746e-05,0.11485654490985209,0.6765671740723507,25,20,20
12,7625,0.165626684077967,1.9703457572565074e-08,0.1513196294019549,0.683053666816621,25,20,20
12,7626,0.2110114915654995,0.0005333024472465096,0.1156614448311266,0.6727937611561272,25,20,20
12,7627,0.2197865226049681,2.671550552357348e-07,0.1011901177596441,0.6790230924803337,25,20,20
12,7628,0.2344852263808581,0.00040346776975107426,0.10474458640457457,0.6603667194448168,25,20,20
12,7629,0.24661830262007908,1.988294920475605e-08,0.08563100860106623,0.667750668895907,25,20,20
12,7630,0.23895635405517826,1.378498013867306e-07,0.09303967222707805,0.6680038358679445,25,20,20
12,7631,0.20834027818870568,1.3530335354036762e-06,0.1264064824045103,0.665251886373252,25,20,20
12,7632,0.24196035251985673,0.00027046539451023335,0.07900396315165321,0.6787652189339788,25,20,20
12,7633,0.2795088246769985,0.0002704184430885037,0.07666932791389512,0.6435514289660179,25,20,20
12,7634,0.27685918898720024,0.040248612864455524,0.04384498936710916,0.6390472087812351,25,20,20
12,7635,0.2707814422743347,0.03898591718480321,0.0627587805360936,0.6274738600047685,25,20,20
12,7636,0.2709695752541099,0.039941603921822784,0.05154871309758509,0.6375401077264824,25,20,20
12,7637,0.27093485264239,0.039940366911032636,0.08621713493555369,0.6029076455110244,25,20,20
12,7638,0.25507699030958053,0.039954783848840075,0.06768723138105984,0.6372809944605204,25,20,20
12,7639,0.30430501130446325,0.03994896483448251,0.01872802694376034,0.6370179969172933,25,20,20
12,7640,0.2996935354655275,0.03996838064906355,0.052731572971928695,0.6076065109134795,25,20,20
12,7641,0.2818902557930351,0.03874071956305164,0.10673837604966888,0.5726306485942456,25,20,20
12,7642,0.20790997207837245,0.03874018769712164,0.19527510486451694,0.5580747353599909,25,20,20
12,7643,0.2307191909758815,0.03875864050185709,0.1748731026034816,0.5556490659187822,25,20,20
12,7644,0.1953943226129917,0.04000769102206521,0.21045633991555784,0.5541416464493821,25,20,20
12,7645,0.20475451855130117,0.039964536805819156,0.19637005041928507,0.5589108942235932,25,20,20
12,7646,0.2698861524256911,0.03996288379008801,0.10928961428783644,0.5808613494963869,25,20,20
12,7647,0.26141430074912164,0.03932647422280927,0.11149233285229908,0.587766892175771,25,20,20
12,7648,0.2452513349916687,0.03995535870838896,0.11548639902313135,0.5993069072768119,25,20,20
12,7649,0.261116390949693,0.039973569068123355,0.12439675143938717,0.5745132885427969,25,20,20
12,7650,0.22148789828248736,0.03997405541307631,0.15308032018789844,0.5854577261165411,25,20,20
12,7651,0.22977745300429114,0.03997126270529258,0.151105309992944,0.5791459742974729,25,20,20
12,7652,0.288213124307134,0.03873850899810214,0.08719599170448707,0.5858523749902759,25,20,20
12,7653,0.30142465068530927,0.0387386412113324,0.07439363459384221,0.5854430735095157,25,20,20
12,7654,0.2714618011001015,0.03996061744135738,0.08925931439471105,0.5993182670638317,25,20,20
12,7655,0.24942712536593156,0.03994121212275925,0.11128220009831744,0.5993494624129937,25,20,20
12,7656,0.2445096461057968,0.0399773453646947,0.11662940991733504,0.5988835986121747,25,20,20
12,7657,0.28254058401008775,0.03995146574087879,0.08411997029306334,0.5933879799559699,25,20,20
12,7658,0.3448014239894778,0.04020394660981243,0.027916170107499774,0.5870784592932102,25,20,20
12,7659,0.34807510301140104,0.03994032181029048,0.02485865059380754,0.5871259245845016,25,20,20
12,7660,0.3470910790236359,0.039941126445034336,0.026969715720435623,0.5859980788108947,25,20,20
12,7661,0.29769661408387266,0.03994006488740842,0.06370307308572126,0.5986602479429977,25,20,20
12,7662,0.3179057439640582,0.039940161529555714,0.04287656046039194,0.5992775340459936,25,20,20
12,7663,0.2372916488836477,0.03994006013620416,0.12544225738853804,0.5973260335916126,25,20,20
12,7664,0.16076486614474927,0.039941949940566865,0.20196560950222164,0.5973275744124625,25,20,20
12,7665,0.19715715118645533,0.04001852568859135,0.18764276153243195,0.5751815615925215,25,20,20
12,7666,0.24929720081583054,0.03992467771201973,0.14701824642965233,0.5637598750424977,25,20,20
12,7667,0.2905081900394818,0.040011090065429473,0.130645306743177,0.5388354131519122,25,20,20
12,7668,0.3156608268119477,0.040011103558940136,0.09710983636880549,0.5472182332603072,25,20,20
12,7669,0.34118069553300695,0.03992107457941427,0.07164455519878893,0.5472536746887898,25,20,20
12,7670,0.28195311793772665,0.04063596823808042,0.08764686738334439,0.5897640464408486,25,20,20
12,7671,0.35851116473062644,0.038721598874158734,0.008317513318074257,0.5944497230771407,25,20,20
12,7672,0.32230077419970177,0.03874713288485875,0.047881509955989304,0.5910705829594499,25,20,20
12,7673,0.32299609117161276,0.03993941558076925,0.04439792640768101,0.5926665668399373,25,20,20
12,7674,0.28140466014737736,0.01416120224351289,0.1053922305796245,0.5990419070294848,25,20,20
12,7675,0.2583180951278924,0.039956067133304705,0.10328367957379404,0.5984421581650091,25,20,20
12,7676,0.2767862898358013,0.039540342874007275,0.084974941640841,0.5986984256493527,25,20,20
12,7677,0.2816810728407313,0.03993978499935826,0.0800535246674367,0.5983256174924744,25,20,20
12,7678,0.3122818480782447,0.039939770283584745,0.06379034543838108,0.5839880361997898,25,20,20
12,7679,0.2357378982464666,0.037364310992886215,0.1423663464736598,0.5845314442869894,25,20,20
12,7680,0.29893866505775,0.014162711552908405,0.10127188912843796,0.5856267342609054,25,20,20
12,7681,0.29242025466975896,0.03989979300517648,0.06838057905046067,0.5992993732746047,25,20,20
12,7682,0.28485865479923034,0.03990532595717937,0.07715380133294332,0.5980822179106464,25,20,20
12,7683,0.2888045367831316,0.03873024764576013,0.07360998660253551,0.598855228968572,25,20,20
12,7684,0.24668538491826755,0.03997062716597839,0.11418004582490517,0.5991639420908517,25,20,20
12,7685,0.24274565617392566,0.039110912581745996,0.12210642159289505,0.5960370096514354,25,20,20
12,7686,0.16503515787006223,0.03996913258537331,0.19627768157444694,0.5987180279701202,25,20,20
12,7687,0.18560098567644004,0.03998392683983661,0.17290121781739676,0.6015138696663267,25,20,20
12,7688,0.22393977752342561,0.07941180045434472,0.0988214229008056,0.5978269991214252,25,20,20
12,7689,0.23298760248884473,0.051276617532207504,0.11593870031323095,0.5997970796657188,25,20,20
12,7690,0.21647991627247481,0.05115944817304367,0.1327769512754723,0.5995836842790121,25,20,20
12,7691,0.23756351963285602,0.07818740894840452,0.0854402973489634,0.5988087740697771,25,20,20
12,7692,0.20158413962080513,0.07824132351137605,0.13551716268097377,0.5846573741868479,25,20,20
12,7693,0.1478659469600504,0.07935874705719233,0.1563907329392192,0.6163845730435407,25,20,20
12,7694,0.1417406762396871,0.02257411184618366,0.203835043840437,0.6318501680736933,25,20,20
12,7695,0.12702990754794713,0.08006567104010046,0.1538842769342746,0.6390201444776787,25,20,20
12,7696,0.14654286726038315,0.08005657730199355,0.1489507606740354,0.6244497947635899,25,20,20
12,7697,0.19718816034110787,0.07771336053788135,0.10155627520802843,0.6235422039129821,25,20,20
12,7698,0.26274633230460287,0.07768256455919911,0.07460943217108061,0.5849616709651172,25,20,20
12,7699,0.1868437135629747,0.07801283100606426,0.1720914356844508,0.5630520197465116,25,20,20
12,7700,0.2053429373665648,0.07821079425040184,0.14963310965026064,0.5668131587327729,25,20,20
12,7701,0.1913312599000517,0.0627743080470509,0.1800937914586707,0.5658006405942282,25,20,20
12,7702,0.2830973453085174,0.079876048333989,0.07792519549875468,0.5591014108587392,25,20,20
12,7703,0.24657430103897174,0.061178148081526836,0.13300785176462446,0.5592396991148778,25,20,20
12,7704,0.2717971485434785,0.06300704274595281,0.0662548447301778,0.5989409639803904,25,20,20
12,7705,0.2389698765315546,0.04650221131233773,0.11668650572089964,0.5978414064352091,25,20,20
12,7706,0.1972470589554359,0.046501994119583105,0.1641291009077846,0.5921218460171984,25,20,20
12,7707,0.2161367477581286,0.07990399669294412,0.1116324399019459,0.5923268156469816,25,20,20
12,7708,0.18014785547688955,0.0798791818969507,0.14724598177863582,0.5927269808475243,25,20,20
12,7709,0.15321579122583107,0.07929090592263938,0.17443485590217475,0.5930584469493554,25,20,20
12,7710,0.16501593273927495,0.07995453943507128,0.16229511400261412,0.5927344138230424,25,20,20
12,7711,0.22844731411946093,0.07989447563799876,0.09923993154547357,0.5924182786970664,25,20,20
12,7712,0.16498357839031438,0.07992709398971928,0.19335302259267045,0.5617363050272979,25,20,20
12,7713,0.1892276976781835,0.07994240259461928,0.16843038878302286,0.5623995109441747,25,20,20
12,7714,0.19946619826391934,0.07930749481135276,0.18945336932758028,0.5317729375971483,25,20,20
12,7715,0.14925113710168894,0.07930763984960247,0.21172340212217214,0.5597178209265373,25,20,20
12,7716,0.1981221513020661,0.051184514205680945,0.19063956176957472,0.5600537727226816,25,20,20
12,7717,0.23323595430998428,0.061168508992798055,0.14407527801688721,0.5615202586803335,25,20,20
12,7718,0.18208049299773144,0.05577794571174241,0.1617552796484345,0.600386281642092,25,20,20
12,7719,0.1650338012683773,0.07948677482727227,0.15542773377602873,0.6000516901283206,25,20,20
12,7720,0.13068497058408896,0.07989083685615384,0.18921452683137502,0.6002096657283822,25,20,20
12,7721,0.21303783572700533,0.04061295291231492,0.1475538319860293,0.5987953793746503,25,20,20
12,7722,0.1998932521233473,0.04061239686876984,0.15746684729281474,0.6020275037150683,25,20,20
12,7723,0.12822475225301375,0.039821755295254314,0.19471458009015663,0.6372389123615787,25,20,20
12,7724,0.15207112996530114,0.03827382624723845,0.18160693218707913,0.6280481116003827,25,20,20
12,7725,0.19104816421264842,0.03998527017015218,0.15493260710865422,0.6140339585085456,25,20,20
12,7726,0.1987854120106304,0.03998420884289483,0.12219994670902373,0.6390304324374501,25,20,20
12,7727,0.235124923513656,0.011215555673374391,0.12817170246552265,0.625487818347449,25,20,20
12,7728,0.23023780540608554,0.026514819292995356,0.10309174283494155,0.6401556324659775,25,20,20
12,7729,0.18488541566802172,0.07698807288622495,0.09930727897364534,0.638819232472109,25,20,20
12,7730,0.1607388278123622,0.07874627075272592,0.13542344877029971,0.625091452664615,25,20,20
12,7731,0.14976176377922942,0.07694548181163136,0.13444430980553354,0.6388484446036083,25,20,20
12,7732,0.24185370754991373,0.07804694368654824,0.04124579023596679,0.638853558527572,25,20,20
12,7733,0.2618218788646223,0.07683337440091056,0.025362201702283208,0.6359825450321847,25,20,20
12,7734,0.26460061664303786,0.07683336114406457,0.019833473360090007,0.638732548852807,25,20,20
12,7735,0.19978314651976273,0.04809613466712769,0.11261564931156474,0.6395050695015467,25,20,20
12,7736,0.1632556535768394,0.04822790927273126,0.14996060766536431,0.6385558294850662,25,20,20
12,7737,0.22119029638498208,0.06448914585410899,0.096012221444874,0.6183083363160369,25,20,20
12,7738,0.22842244294217043,0.07637282070825091,0.07319888330094025,0.6220058530486393,25,20,20
12,7739,0.20695971096340024,0.0777592429523005,0.07692877488182027,0.638352271202479,25,20,20
12,7740,0.21468284876213584,0.07945974234754344,0.06697672207178837,0.6388806868185324,25,20,20
12,7741,0.1945520706332796,0.09034260374076739,0.07090228179195718,0.6442030438339947,25,20,20
12,7742,0.23114586404283763,0.07875081776766484,0.05253216617325443,0.6375711520162421,25,20,20
12,7743,0.182528600325492,0.07988153360759567,0.05975758743700666,0.6778322786299049,25,20,20
12,7744,0.19110786392528684,0.03998058462138742,0.10232431591391647,0.6665872355394109,25,20,20
12,7745,0.116644911534511,0.03998082352292768,0.1641586586119705,0.6792156063305903,25,20,20
12,7746,0.15754435848058576,0.039947207361894915,0.12824988705868126,0.6742585470988398,25,20,20
12,7747,0.1501199745140895,0.03997298899818949,0.13114768628179244,0.6787593502059317,25,20,20
12,7748,0.14977705752337675,0.03996331267555219,0.16896025264292422,0.6412993771581499,25,20,20
12,7749,0.1640762417808454,0.04004069207338933,0.12361416708414734,0.6722688990616185,25,20,20
12,7750,0.15091425636349656,0.03996513349907822,0.13125461309710765,0.6778659970403189,25,20,20
12,7751,0.19546093717445667,0.03996333799180452,0.08696040257072696,0.677615322263013,25,20,20
12,7752,0.23921001773529882,0.03996453090774162,0.048190169254943856,0.6726352821020157,25,20,20
12,7753,0.26681645168686247,0.0010856484841505628,0.07047776215540495,0.6616201376735815,25,20,20
12,7754,0.2632125227861134,3.731419485447334e-06,0.0580853458733731,0.6786983999210275,25,20,20
12,7755,0.26190729705360627,6.320587143227413e-07,0.05913624820528235,0.6789558226823957,25,20,20
12,7756,0.24061623706847496,5.383820420873987e-06,0.0821687980135429,0.6772095810975608,25,20,20
12,7757,0.18533972254608336,6.429144054307533e-07,0.10302346203682962,0.7116361725026803,25,20,20
12,7758,0.14057231499573544,9.17659625976832e-08,0.182464411795279,0.6769631814430227,25,20,20
12,7759,0.18111267520023247,1.0983765748670969e-07,0.10429039978856752,0.7145968151735431,25,20,20
12,7760,0.18268050839047645,1.7321994846748403e-07,0.09910256297663045,0.7182167554129475,25,20,20
12,7761,0.22747095905567274,4.170666034580684e-08,0.05303726856861586,0.7194917306690501,25,20,20
12,7762,0.22501819015873267,4.276136423640696e-08,0.09284088185692026,0.6821408852229836,25,20,20
12,7763,0.14664226040716294,9.753755570002365e-07,0.16618506740108674,0.6871716968161939,25,20,20
12,7764,0.1903297567289739,2.2012879487132864e-08,0.1305128050509471,0.6791574162072009,25,20,20
12,7765,0.2290253227102516,4.216199951438136e-07,0.08743907604826127,0.6835351796214928,25,20,20
12,7766,0.2120440895476227,1.0553923800026465e-05,0.13059287719421145,0.6573524793343684,25,20,20
12,7767,0.2203592792916757,4.634840667298812e-07,0.11325313964974652,0.6663871175745125,25,20,20
12,7768,0.23253115810145583,4.823114228120348e-07,0.08997147785744769,0.6774968817296739,25,20,20
12,7769,0.22720622724596914,3.571395938721353e-07,0.13215493324631095,0.6406384823681265,25,20,20
12,7770,0.15173892170652692,3.489481081070486e-07,0.16712183679421538,0.681138892551151,25,20,20
12,7771,0.1472018654391903,0.0004899023367140495,0.16959940740232476,0.6827088248217712,25,20,20
12,7772,0.13950926235146366,0.000490906055772995,0.18045172697747044,0.6795481046152948,25,20,20
12,7773,0.12230546223300276,2.9952366712993197e-05,0.2033411833409634,0.6743234020593227,25,20,20
12,7774,0.14593479639029108,7.716906581290129e-07,0.17526103063163714,0.6788034012874165,25,20,20
12,7775,0.19977197387169077,0.03768803657741734,0.08939710546531728,0.6731428840855795,25,20,20
12,7776,0.2025715264048907,0.017963060595721017,0.10065648882691142,0.6788089241724776,25,20,20
12,7777,0.20511067797824054,0.01796821563426432,0.109236031750093,0.667685074637403,25,20,20
12,7778,0.18627911701106672,0.038277654296340294,0.045387586567865484,0.7300556421247276,25,20,20
12,7779,0.16746900719835284,0.03995463049047352,0.05185328033316917,0.7407230819780048,25,20,20
12,7780,0.15013089412392247,0.03995467432051085,0.05795363547454011,0.7519607960810264,25,20,20
12,7781,0.12896542701023608,0.07008012991235359,0.04896218264040238,0.7519922604370082,25,20,20
12,7782,0.10727709234152569,0.07131976000430246,0.08534807501653363,0.7360550726376396,25,20,20
12,7783,0.06375269296587337,0.07834131664520834,0.11191526441218956,0.7459907259767291,25,20,20
12,7784,0.06671246038770783,0.04001550130971609,0.14110916883897356,0.752162869463604,25,20,20
12,7785,0.07136455147373452,0.04205079263578928,0.12775599460379602,0.7588286612866803,25,20,20
12,7786,0.07800749426055135,0.03997849119011611,0.1234679952782446,0.758546019271087,25,20,20
12,7787,0.11512249824096984,0.0399248072231498,0.09288506707804207,0.7520676274578386,25,20,20
12,7788,0.1470090983601512,0.03940735692185598,0.06605752216773415,0.747526022550259,25,20,20
12,7789,0.15149685212745362,0.038297601801013985,0.05604095829556541,0.7541645877759655,25,20,20
12,7790,0.19486617475748066,0.03829761535405294,0.007862298734206274,0.7589739111542595,25,20,20
12,7791,0.13998605705658917,0.03873398360378073,0.062275608794959775,0.7590043505446709,25,20,20
12,7792,0.12044452084254104,0.03873433252380411,0.08276838290892732,0.7580527637247289,25,20,20
12,7793,0.10529078989607074,0.038756878973713826,0.09836342846392901,0.7575889026662849,25,20,20
12,7794,0.13298254926552533,0.038759090530921525,0.0689438959890125,0.7593144642145411,25,20,20
12,7795,0.08127546395679505,0.04050828315188285,0.11876064534313159,0.7594556075481923,25,20,20
12,7796,0.09817740762943775,0.0399531406415396,0.10308334776965696,0.7587861039593652,25,20,20
12,7797,0.12076167618041568,0.03994601457324566,0.08109126396354523,0.758201045282795,25,20,20
12,7798,0.11080875780143379,0.03994962750607656,0.09122247403953285,0.7580191406529562,25,20,20
12,7799,0.10836566894885666,0.03997313870910404,0.09430489422275684,0.7573562981192822,25,20,20
12,7800,0.10829987620620124,0.039961955669671895,0.13090417503334245,0.7208339930907863,25,20,20
12,7801,0.12522548477922196,0.0007943262503649632,0.15982046923667595,0.7141597197337402,25,20,20
12,7802,0.06992899786090981,9.160715297597278e-05,0.22192780369740878,0.7080515912887059,25,20,20
12,7803,0.08049024314821328,3.003583791047997e-08,0.19944851060362098,0.7200612162123277,25,20,20
12,7804,0.0778047979632294,3.176094408912597e-08,0.21902394315323487,0.7031712271225905,25,20,20
12,7805,0.08259904175416001,4.471387509308974e-05,0.18395760955814924,0.7333986348125973,25,20,20
12,7806,0.08038331493813322,5.8641814965830826e-05,0.18588177529623162,0.7336762679506702,25,20,20
12,7807,0.08027836910631132,4.500552725329087e-05,0.19515973885338855,0.724516886513048,25,20,20
12,7808,0.097557270234367,1.0582707266765644e-06,0.13903159521631603,0.7634100762785931,25,20,20
12,7809,0.13564846751872778,7.314641313941783e-07,0.10521803786130658,0.7591327631558359,25,20,20
12,7810,0.13635366663875542,5.934118939969163e-08,0.10951964827376863,0.7541266257462879,25,20,20
12,7811,0.17507797660220117,5.975561466096832e-10,0.08192095113537683,0.7430010716648653,25,20,20
12,7812,0.17141815683612951,3.5739618151516283e-09,0.07151985367273406,0.7570619859171747,25,20,20
12,7813,0.15695708120099758,8.01155707342219e-09,0.04458967397944392,0.7984532368080021,25,20,20
12,7814,0.11960908283377782,7.71300427720584e-06,0.08145738425228961,0.7989258199096573,25,20,20
12,7815,0.08330990942457753,2.0161712416990136e-05,0.1178192927344735,0.7988506361285327,25,20,20
12,7816,0.10720287036999965,2.0182527821868113e-05,0.09376496761278187,0.7990119794893974,25,20,20
12,7817,0.11807550291741181,3.9760970578589285e-08,0.08481740400361576,0.7971070533180015,25,20,20
12,7818,0.10158061499784382,3.256329676992235e-05,0.09995674279131082,0.7984300789140787,25,20,20
12,7819,0.08596184583740035,0.0005217059606271273,0.1173717915574825,0.7961446566444923,25,20,20
12,7820,0.08087672345283448,3.1124300514970465e-06,0.1211419894040392,0.7979781747130775,25,20,20
12,7821,0.11413615359831797,2.3655233092124883e-07,0.08464581706044293,0.8012177927889116,25,20,20
12,7822,0.14464339521991976,2.5678576733984914e-08,0.058729489375525794,0.7966270897259783,25,20,20
12,7823,0.14356118798839237,1.7658663706478513e-07,0.057069350642995655,0.7993692847819748,25,20,20
12,7824,0.13918217493600302,1.3481003115329038e-06,0.06153980419821928,0.7992766727654658,25,20,20
12,7825,0.11419418047953092,1.3242139497242446e-06,0.1070767192875891,0.7787277760189294,25,20,20
12,7826,0.07749200307500134,1.3466865867327284e-06,0.09520224068874093,0.8273044095496697,25,20,20
12,7827,0.0741053904036306,7.090092489955789e-07,0.08684912918416171,0.8390447714029581,25,20,20
12,7828,0.10654716151244782,1.4583006682618718e-07,0.07115008852821275,0.8223026041292729,25,20,20
12,7829,0.10252980665906115,1.4766263458433194e-08,0.07639183834974438,0.8210783402249312,25,20,20
12,7830,0.11276683764152028,4.0974681265795445e-09,0.06888564728132157,0.8183475109796894,25,20,20
12,7831,0.11464694359115563,1.1172603891874942e-08,0.04674068745885909,0.8386123577773813,25,20,20
12,7832,0.10020908887477359,3.267393665199357e-09,0.08016639043190596,0.8196245174259268,25,20,20
12,7833,0.12365442520616692,8.523522385063184e-10,0.05205171435485276,0.8242938595866276,25,20,20
12,7834,0.08937287294666288,2.116603532041125e-08,0.08681217050669661,0.8238149353806046,25,20,20
12,7835,0.11782862307612002,8.253034759634182e-08,0.05023083131867806,0.8319404630748543,25,20,20
12,7836,0.08027624302133457,6.660954201660027e-07,0.08611271886384238,0.8336103720194028,25,20,20
12,7837,0.06737472353180723,2.182729984161032e-06,0.09468592634393921,0.8379371673942689,25,20,20
12,7838,0.07746558374295218,1.9830142892691244e-06,0.09579373096427737,0.8267387022784805,25,20,20
12,7839,0.07502185151837283,1.4901397189968392e-06,0.0872139439216019,0.8377627144203053,25,20,20
12,7840,0.05974213591698781,9.570441764908785e-07,0.10120787319322089,0.8390490338456169,25,20,20
12,7841,0.04921809800708767,0.0003086802183542143,0.15785826912118064,0.7926149526533811,25,20,20
12,7842,0.04568342921827247,5.579661337857632e-07,0.16070839992903455,0.7936076128865577,25,20,20
12,7843,0.12051581764472306,2.506825664959387e-07,0.08175954704676623,0.797724384625945,25,20,20
12,7844,0.08768229937249887,1.0566698490251676e-09,0.0778378725010894,0.8344798270697414,25,20,20
12,7845,0.07723817603924765,5.647542066989112e-07,0.08498906514711704,0.8377721940594314,25,20,20
12,7846,0.1051742414237788,2.833019020592521e-07,0.0751583961926276,0.8196670790816922,25,20,20
12,7847,0.11265182983119548,1.7208811714475137e-06,0.11743497606174605,0.769911473225887,25,20,20
12,7848,0.11610381017810088,1.663198120513837e-06,0.09625493750625125,0.7876395891175266,25,20,20
12,7849,0.0948541744241335,6.889288958010294e-09,0.1238860527718041,0.7812597659147752,25,20,20
12,7850,0.1320004512591083,1.0800555707340354e-08,0.08094894622007867,0.7870505917202564,25,20,20
12,7851,0.14258011435965728,9.221509990295193e-08,0.059333988497414544,0.7980858049278275,25,20,20
12,7852,0.11709255106284872,2.0734990504825084e-06,0.1106196844380365,0.7722856910000683,25,20,20
12,7853,0.06751688427769847,3.666288088163442e-06,0.17324489565092144,0.7592345537832925,25,20,20
12,7854,0.1177439629121413,1.4526855666355905e-09,0.12852500800064862,0.7537310276345253,25,20,20
12,7855,0.11887712342813267,6.958650402779306e-05,0.12767132414407426,0.753381965923768,25,20,20
12,7856,0.09204087215626591,6.958829559332552e-05,0.15322982832478532,0.7546597112233567,25,20,20
12,7857,0.08391695287593977,6.975599119936538e-05,0.1749608775301106,0.7410524136027502,25,20,20
12,7858,0.080126435383422,2.170667222415284e-07,0.17330775948755534,0.7465655880623007,25,20,20
12,7859,0.10084816224885892,5.0768748882776826e-08,0.14556629481702463,0.7535854921653683,25,20,20
12,7860,0.1109731319568387,4.437153926823899e-09,0.12925190042912346,0.7597749631768874,25,20,20
12,7861,0.09141575459903467,6.59215951441583e-09,0.15613368384412504,0.7524505549646818,25,20,20
12,7862,0.11138325679907163,5.716274401371569e-09,0.13543509536775433,0.7531816421169003,25,20,20
12,7863,0.09300919881994353,0.02459452262735333,0.09756471764401342,0.7848315609086884,25,20,20
12,7864,0.045182341499494134,0.03954110017998504,0.1428442647784447,0.7724322935420783,25,20,20
12,7865,0.0995404923421745,0.022067768395378242,0.053554281820539236,0.824837457441907,25,20,20
12,7866,0.07918166383521764,0.02206777678846008,0.08515069104805745,0.8135998683282653,25,20,20
12,7867,0.0975989316724774,0.022078288005498742,0.04261541977627324,0.83770736054575,25,20,20
12,7868,0.1255761223863635,0.03994402975983877,0.03616799793390168,0.7983118499198965,25,20,20
12,7869,0.12213845611880003,0.039976790679928015,0.03946689197395346,0.7984178612273177,25,20,20
12,7870,0.1199003383690268,0.03820813166923374,0.04316989889309169,0.798721631068647,25,20,20
12,7871,0.1147047211569316,0.03873346707208448,0.11341569316237013,0.7331461186086128,25,20,20
12,7872,0.12393920242338075,0.03995092600427899,0.09180628591304597,0.7443035856592931,25,20,20
12,7873,0.1229249867792565,0.03995091593780435,0.09293888335480734,0.7441852139281305,25,20,20
12,7874,0.10631075241883295,0.021176350988846217,0.12830678869408038,0.7442061078982425,25,20,20
12,7875,0.1015855224895783,0.021176378051259413,0.16948834914137603,0.7077497503177868,25,20,20
12,7876,0.1273735677953228,0.03993933307480554,0.17158563074464342,0.6611014683852303,25,20,20
12,7877,0.12376579031387648,0.039339339959219746,0.12501789751353665,0.7118769722133684,25,20,20
12,7878,0.12354575293759033,0.014165690326356053,0.15023667383305922,0.7120518829029981,25,20,20
12,7879,0.16662434546568736,0.039976384618165904,0.07534997812754045,0.7180492917886072,25,20,20
12,7880,0.1253938344312776,0.040049327727192906,0.11270735601300849,0.7218494818285217,25,20,20
12,7881,0.14692600490236005,0.038739210027173884,0.09976004624254342,0.7145747388279224,25,20,20
12,7882,0.1600408838538233,0.039361418892161965,0.07185932728407927,0.7287383699699366,25,20,20
12,7883,0.1616012621875076,0.038739341437180816,0.06953935102993246,0.7301200453453783,25,20,20
12,7884,0.14721030890373935,0.038735042264602365,0.06660531045999551,0.747449338371662,25,20,20
12,7885,0.07561515824097084,0.0008699208428294727,0.17578375326396117,0.7477311676522375,25,20,20
12,7886,0.1216820126367301,4.8132088041232094e-08,0.15458343461798787,0.7237345046131981,25,20,20
12,7887,0.202097970595469,0.0003311947244509138,0.08485863131341037,0.712712203366672,25,20,20
12,7888,0.19995570333332122,5.918265129300436e-07,0.089985158852078,0.710058545988089,25,20,20
12,7889,0.19880207257078705,3.539281363259344e-07,0.09739865269654442,0.7037989208045332,25,20,20
12,7890,0.19896876687590187,3.503124226476476e-07,0.08681893069672139,0.7142119521149553,25,20,20
12,7891,0.08662284871919336,0.0006518376052805458,0.19486783424259113,0.7178574794329375,25,20,20
12,7892,0.14125815118267535,3.3717489470554646e-06,0.14134632768744834,0.717392149380932,25,20,20
12,7893,0.15549508428382283,1.410172096244093e-05,0.12394137354302336,0.7205494404521947,25,20,20
12,7894,0.19274655212615946,0.0007020977029886645,0.08667849195394338,0.7198728582169095,25,20,20
12,7895,0.17281991416213832,5.030382218087573e-07,0.1467739997727239,0.6804055830269168,25,20,20
12,7896,0.11731317828555525,5.175135991603142e-07,0.20220276314107022,0.6804835410597754,25,20,20
12,7897,0.16409463120961817,1.8213692449272102e-07,0.11800928648829552,0.7178959001651635,25,20,20
12,7898,0.21477465090405315,4.098511566110825e-08,0.06618973545155468,0.7190355726592768,25,20,20
12,7899,0.20544243041112056,5.736673269906139e-08,0.0752432214997869,0.7193142907223599,25,20,20
12,7900,0.23621652175663563,4.59859172369123e-07,0.04575061006909966,0.7180324083150922,25,20,20
12,7901,0.23305681930790578,1.1635714147302127e-08,0.04875907893767944,0.7181840901186998,25,20,20
12,7902,0.23120962098187928,1.1869016233899302e-06,0.023552113666222146,0.7452370784502755,25,20,20
12,7903,0.2267136229384602,2.4816327249256065e-08,0.10389817744047448,0.6693881748047391,25,20,20
12,7904,0.19088598499750772,1.15147464742813e-08,0.12637415926216308,0.6827398442255855,25,20,20
12,7905,0.18883498789141936,0.0009193874441625977,0.1674061540634134,0.6428394706010045,25,20,20
12,7906,0.15459763989361217,0.05109825012372256,0.16800556450682452,0.6262985454758424,25,20,20
12,7907,0.15897430668567433,0.051157922551888016,0.1619132437930794,0.6279545269693606,25,20,20
12,7908,0.15488151081852763,0.07994356454840341,0.13754425273892143,0.6276306718941488,25,20,20
12,7909,0.17741713131419495,0.07974466792084925,0.10338155316357811,0.6394566476013789,25,20,20
12,7910,0.22670422662012027,0.07917418088552258,0.054564367729463076,0.6395572247648935,25,20,20
12,7911,0.22221931938268435,0.078168064388381,0.060883855026576186,0.6387287612023591,25,20,20
12,7912,0.22164390714608231,0.07861029945833423,0.06079398658249808,0.6389518068130864,25,20,20
12,7913,0.157987350952696,0.07911240846237728,0.12522665939765676,0.6376735811872709,25,20,20
12,7914,0.18865604985484158,0.0646089048080774,0.11914420680805542,0.6275908385290275,25,20,20
12,7915,0.1761205465097551,0.07946173472514825,0.1054195562689853,0.6389981624961139,25,20,20
12,7916,0.18940318268856132,0.03963080455757429,0.1273042230647576,0.6436617896891093,25,20,20
12,7917,0.17865266503826963,0.014281130334629528,0.12853977173078168,0.6785264328963204,25,20,20
12,7918,0.17683011010240549,0.03957262568683396,0.10480658001454282,0.6787906841962189,25,20,20
12,7919,0.22912421040848674,0.03953499022857229,0.05903463607390116,0.6723061632890402,25,20,20
12,7920,0.1839047925499802,0.04032629024709962,0.1369200759141889,0.6388488412887318,25,20,20
12,7921,0.18830264836695307,0.061406051523353294,0.11842988245460996,0.6318614176550834,25,20,20
12,7922,0.1431204075977959,0.08026492943517344,0.145067301956035,0.6315473610109947,25,20,20
12,7923,0.13605797844443757,0.09361617941278734,0.17115565267569238,0.5991701894670851,25,20,20
12,7924,0.14221156355765882,0.08097412182561095,0.1437310207043971,0.633083293912334,25,20,20
12,7925,0.14377414910227757,0.09716108797563285,0.12428367018757394,0.63478109273452,25,20,20
12,7926,0.16082253306839106,0.09716597939159423,0.1293122835518675,0.61269920398815,25,20,20
12,7927,0.14516704718244777,0.09675779634768604,0.14359977679493707,0.6144753796749299,25,20,20
12,7928,0.046236741862471904,0.0959978024901762,0.24595498467796023,0.6118104709693932,25,20,20
12,7929,0.04103069338716093,0.05666308496861338,0.2940257256501544,0.6082804959940717,25,20,20
12,7930,0.11647344158221681,0.0793224219391113,0.20562104369840997,0.5985830927802624,25,20,20
12,7931,0.11739808833364364,0.08008203816886962,0.20287560588149436,0.5996442676159941,25,20,20
12,7932,0.13895421693964324,0.07964883366054144,0.21928366290796028,0.5621132864918549,25,20,20
12,7933,0.17629218164021598,0.08009052350174858,0.1885346081868091,0.555082686671227,25,20,20
12,7934,0.18394516705187203,0.08065012897127698,0.19629247565606417,0.5391122283207901,25,20,20
12,7935,0.1877040546626926,0.07805643712983479,0.16939286017644356,0.5648466480310276,25,20,20
12,7936,0.1943430778828417,0.08101954278699224,0.1474294564660429,0.5772079228641245,25,20,20
12,7937,0.16717266912567838,0.05413658517130159,0.19233963955919464,0.5863511061438265,25,20,20
12,7938,0.14548098072321555,0.0541110550875992,0.19468828688412101,0.6057196773050668,25,20,20
12,7939,0.1579714105204386,0.06687812464701964,0.163266154930582,0.6118843099019619,25,20,20
12,7940,0.1473165310547827,0.11609092534264427,0.12470809831818222,0.6118844452843909,25,20,20
12,7941,0.12102279634862459,0.11856080026495436,0.1518302010809972,0.608586202305426,25,20,20
12,7942,0.08441651029413226,0.13455014316087816,0.15624004152864443,0.6247933050163502,25,20,20
12,7943,0.0978410316259421,0.10627486730848995,0.1823957054105842,0.6134883956549864,25,20,20
12,7944,0.09943250686060778,0.0864003490082163,0.20751745896637053,0.6066496851648063,25,20,20
12,7945,0.10351234065327919,0.08720548929209287,0.2035022013385479,0.6057799687160829,25,20,20
12,7946,0.10566700452574387,0.09337309507657798,0.19527071197597112,0.6056891884217108,25,20,20
12,7947,0.12110015129178513,0.0952046838101726,0.16129198529222605,0.6224031796058184,25,20,20
12,7948,0.1298843063503253,0.11986282448013696,0.1241368058577027,0.6261160633118387,25,20,20
12,7949,0.12806306947495044,0.11936550420269798,0.14951180880597265,0.6030596175163798,25,20,20
12,7950,0.15224197383970753,0.09146517760551257,0.13259989441391423,0.623692954140867,25,20,20
12,7951,0.17286884200908037,0.09265857833900562,0.1015675350623368,0.6329050445895775,25,20,20
12,7952,0.15209153577608386,0.0635304377484211,0.1499987164586494,0.6343793100168453,25,20,20
12,7953,0.13116182845956603,0.10449784946642636,0.1277275775211313,0.6366127445528766,25,20,20
12,7954,0.12104240986737974,0.10325134027085933,0.14090821093760952,0.6347980389241544,25,20,20
12,7955,0.09147576021545253,0.11838060710042883,0.151024975755961,0.6391186569281609,25,20,20
12,7956,0.1311217103528821,0.11922953703586478,0.12257487211315028,0.6270738804981036,25,20,20
12,7957,0.13752164817628756,0.11948637100004003,0.110080489041369,0.6329114917823035,25,20,20
12,7958,0.19665803561933795,0.11693137974038077,0.04778430923024732,0.6386262754100334,25,20,20
12,7959,0.19536901934264922,0.11740569358184531,0.048681773774210256,0.6385435133012951,25,20,20
12,7960,0.11018760112853976,0.11740833850351001,0.1431082792155191,0.6292957811524349,25,20,20
12,7961,0.12723125017887765,0.11731841686930475,0.1173738699879695,0.6380764629638496,25,20,20
12,7962,0.10178562369964209,0.11682381346702021,0.17936039771377515,0.6020301651195649,25,20,20
12,7963,0.13333016888554625,0.08930852442648086,0.18445025983386676,0.5929110468541089,25,20,20
12,7964,0.11049258119550424,0.1174948253985459,0.16484900153169588,0.6071635918742525,25,20,20
12,7965,0.05833230733960483,0.11985031806084408,0.20555904112125947,0.6162583334782898,25,20,20
12,7966,0.1102734658706636,0.1323990301975714,0.15434548690227304,0.602982017029492,25,20,20
12,7967,0.12947747289825096,0.11861566266078752,0.16377620790907763,0.5881306565318856,25,20,20
12,7968,0.12884219254145304,0.116966362007198,0.16882922661323685,0.5853622188381151,25,20,20
12,7969,0.12682097546535742,0.11633173685168151,0.1851163630388376,0.5717309246441225,25,20,20
12,7970,0.11244585819428916,0.15806503133224858,0.1302361986154578,0.599252911858006,25,20,20
12,7971,0.11127594678636704,0.09101940960574063,0.19907353794832883,0.5986311056595697,25,20,20
12,7972,0.12166354760201056,0.0798914499181554,0.21143746524435425,0.5870075372354796,25,20,20
12,7973,0.12045852055060273,0.07704456953625556,0.2156215778987257,0.5868753320144167,25,20,20
12,7974,0.16030049521705492,0.0770501780734694,0.17503397863957837,0.5876153480698991,25,20,20
12,7975,0.2010354568851085,0.07926958406060339,0.13181263622818887,0.5878823228260999,25,20,20
12,7976,0.17761019931772257,0.07926976113571733,0.14522062307682906,0.5978994164697337,25,20,20
12,7977,0.2045099047941252,0.11736044763118743,0.08661180256945199,0.591517845005236,25,20,20
12,7978,0.25046639049110486,0.10197706343000998,0.05623517180243971,0.5913213742764458,25,20,20
12,7979,0.2018995841681332,0.11736674204034371,0.04949933940196395,0.6312343343895594,25,20,20
12,7980,0.19046763267733913,0.11808327424614658,0.05250446190773844,0.6389446311687768,25,20,20
12,7981,0.21463583328693103,0.09932916064782005,0.0609565567278989,0.6250784493373502,25,20,20
12,7982,0.22977544370371297,0.0978144056162114,0.032904531061700965,0.639505619618375,25,20,20
12,7983,0.16220091153330743,0.11981376814540415,0.07855748868527568,0.639427831636012,25,20,20
12,7984,0.19540430402777745,0.0936493454488404,0.08570731013822311,0.6252390403851609,25,20,20
12,7985,0.1657077870165372,0.09011953135789127,0.11972100574956256,0.6244516758760104,25,20,20
12,7986,0.11669728528351148,0.11985314745574517,0.12487231621351133,0.6385772510472348,25,20,20
12,7987,0.12554354200589748,0.11579957242252412,0.11968833282459453,0.6389685527469847,25,20,20
12,7988,0.1462736003257199,0.11981517874442456,0.10731524722687123,0.626595973702986,25,20,20
12,7989,0.1602265503588757,0.11988620701179074,0.08022908817475932,0.639658154454575,25,20,20
12,7990,0.12106400310142501,0.11805521040380659,0.1260436715515563,0.6348371149432137,25,20,20
12,7991,0.07183231615315747,0.11989033854425057,0.1709811733810252,0.6372961719215681,25,20,20
12,7992,0.11362182607272096,0.11942954585819165,0.1381292062475296,0.6288194218215586,25,20,20
12,7993,0.1130927460409896,0.1048352948540531,0.1585730353980812,0.6234989237068784,25,20,20
12,7994,0.10841339816229406,0.11210380088152563,0.16394618884332318,0.6155366121128587,25,20,20
12,7995,0.09195170544378092,0.10611952547564638,0.1701356373245469,0.6317931317560275,25,20,20
12,7996,0.10148053534595808,0.15809502526484606,0.1106667687195861,0.6297576706696111,25,20,20
12,7997,0.06521763670270614,0.15893315859701562,0.10626117073811871,0.6695880339621608,25,20,20
12,7998,0.0809119986649286,0.15869811140071546,0.07629928989916043,0.6840906000351946,25,20,20
12,7999,0.041577366478365796,0.13273797465918993,0.14161308859801,0.6840715702644361,25,20,20
12,8000,0.06106966547867839,0.1315308913378047,0.08825164422799105,0.7191477989555274,25,20,20
12,8001,0.06546204415072257,0.11641827566652381,0.10530337015799322,0.7128163100247619,25,20,20
12,8002,0.06573495687114762,0.11867887268297199,0.10252960412509937,0.7130565663207815,25,20,20
12,8003,0.07435378177816925,0.11691716140077929,0.07498879355379809,0.7337402632672526,25,20,20
12,8004,0.07424282300210168,0.0939996491029606,0.10402619451247773,0.7277313333824601,25,20,20
12,8005,0.09896928149355745,0.10084388913754612,0.08817125311967362,0.7120155762492216,25,20,20
12,8006,0.09907240196133077,0.11980935641668516,0.062412593059979565,0.7187056485620037,25,20,20
12,8007,0.08726383306067353,0.11808115060468653,0.07592357486715731,0.7187314414674826,25,20,20
12,8008,0.07300069817205322,0.0977774670597318,0.11045310728688928,0.718768727481327,25,20,20
12,8009,0.08574167306870929,0.09777921241799682,0.13476252310974057,0.6817165914035535,25,20,20
12,8010,0.12193909210793079,0.07817351226461962,0.12791560314057562,0.6719717924868754,25,20,20
12,8011,0.11093612672364209,0.039923245050300024,0.16776778303765158,0.6813728451884049,25,20,20
12,8012,0.14933267862999874,0.03994510981413679,0.1351192791412834,0.6756029324145818,25,20,20
12,8013,0.1813774417774248,0.0399450617143062,0.06489476631324828,0.7137827301950194,25,20,20
12,8014,0.1758541144112544,0.03995497773389669,0.07569362628768879,0.7084972815671595,25,20,20
12,8015,0.16032364278765596,0.0021715601137724384,0.13116835710886277,0.7063364399897119,25,20,20
12,8016,0.16284592658059338,0.0010859278480356042,0.1293278568409605,0.7067402887304103,25,20,20
12,8017,0.15345222898284777,7.711018236293358e-07,0.12980491160183893,0.7167420883134932,25,20,20
12,8018,0.12016371525923007,0.0001800596842276449,0.16216847750717941,0.717487747549361,25,20,20
12,8019,0.12995603736624978,1.0601739411786152e-05,0.15167678699520656,0.7183565738991337,25,20,20
12,8020,0.16527107607061528,0.0007067243924298628,0.11534144486549494,0.7186807546714605,25,20,20
12,8021,0.14997702810197172,0.0007067294459462846,0.1341994239834864,0.7151168184685965,25,20,20
12,8022,0.07975444687111426,0.0008107178910049642,0.21224429581112494,0.7071905394267567,25,20,20
12,8023,0.11678597693887358,3.05146090128724e-05,0.18639618487760948,0.6967873235745027,25,20,20
12,8024,0.10914984407076686,0.013413535754508002,0.17582533384808754,0.7016112863266382,25,20,20
12,8025,0.0834860303367085,0.011215213499266583,0.19778302786281773,0.7075157283012047,25,20,20
12,8026,0.1146544394749765,0.0112151470329648,0.17247113475449932,0.7016592787375601,25,20,20
12,8027,0.18241139842295875,0.024624681671538952,0.07998393705917667,0.7129799828463245,25,20,20
12,8028,0.14100206069693763,0.03936716886636853,0.10012145618895038,0.7195093142477469,25,20,20
12,8029,0.18077944838642776,0.03873500716959844,0.06122064183821105,0.719264902605763,25,20,20
12,8030,0.1713061631068772,0.0003816989151496879,0.11010559343566335,0.7182065445423116,25,20,20
12,8031,0.15397155618646713,0.00038172193629082836,0.13176066986604748,0.7138860520111983,25,20,20
12,8032,0.18966309389402836,2.857283833534448e-07,0.09169922149213296,0.718637398885457,25,20,20
12,8033,0.1595525799107115,0.0004949149299347289,0.16171562491324465,0.6782368802461094,25,20,20
12,8034,0.15018910054687018,0.00011052582261419813,0.18506055000599747,0.6646398236245155,25,20,20
12,8035,0.14366555994719193,1.0270528906523049e-05,0.1891023090394551,0.6672218604844451,25,20,20
12,8036,0.14202511118823108,8.195599213644373e-05,0.18132435745052067,0.6765685753691131,25,20,20
12,8037,0.18461636949362248,1.7920712495715345e-07,0.15906203264100338,0.6563214186582513,25,20,20
12,8038,0.17846141679675323,0.0004100336772540873,0.1284112777999692,0.6927172717260258,25,20,20
12,8039,0.22566228486993326,9.880505793077706e-08,0.10650648991124045,0.6678311264137693,25,20,20
12,8040,0.13916215582379302,2.485832410552764e-07,0.23142008622014007,0.6294175093728296,25,20,20
12,8041,0.1745044500337597,1.4926231651633306e-07,0.18507938710715893,0.6404160135967661,25,20,20
12,8042,0.23332516618170385,1.618309346230856e-06,0.132931055914724,0.6337421595942294,25,20,20
12,8043,0.2373726149560281,1.7984624886234488e-06,0.12407935447372558,0.6385462321077594,25,20,20
12,8044,0.2265603480912964,7.030427352719456e-05,0.13438419747742109,0.6389851501577577,25,20,20
12,8045,0.1252243870856668,0.0005597706866374125,0.2525808044871357,0.6216350377405573,25,20,20
12,8046,0.1488208290997919,0.0005599836690613573,0.22104517089428932,0.6295740163368575,25,20,20
12,8047,0.13514867408498618,0.000750350012295569,0.22717845322507152,0.6369225226776486,25,20,20
12,8048,0.20259236614116768,0.0005648595896665591,0.1668915032558051,0.6299512710133612,25,20,20
12,8049,0.1767643385330837,0.001988870448792939,0.19396985965716312,0.627276931360961,25,20,20
12,8050,0.1862900982460509,0.0008845056530370617,0.1843236001686457,0.6285017959322663,25,20,20
12,8051,0.17678225095427874,0.03875755600484789,0.15393170990651311,0.630528483134363,25,20,20
12,8052,0.19574441110404897,0.03993293792804811,0.13439598763107663,0.6299266633368265,25,20,20
12,8053,0.19804218854012587,0.039910604952875225,0.12860882264496956,0.633438383862031,25,20,20
12,8054,0.1936647405127124,0.039948617162696175,0.13422232997496292,0.6321643123496292,25,20,20
12,8055,0.19649284833506728,0.03994859097166826,0.13002310936227665,0.6335354513309877,25,20,20
12,8056,0.1946435599804098,0.03994925488848393,0.13141145163119594,0.6339957334999128,25,20,20
12,8057,0.23297543504210044,0.017846599323687755,0.11060251101690177,0.6385754546173101,25,20,20
12,8058,0.16140667081836443,0.03936678922956288,0.15994909810950636,0.6392774418425666,25,20,20
12,8059,0.13235514772425763,0.03832053361742602,0.19045828380010096,0.6388660348582196,25,20,20
12,8060,0.20945773254812422,0.03994855478751033,0.14703807782197512,0.6035556348423952,25,20,20
12,8061,0.13757169111931059,0.041964596474629426,0.2162062676877095,0.60425744471835,25,20,20
12,8062,0.16406618304599416,0.041964573241858594,0.2316233009482281,0.5623459427639191,25,20,20
12,8063,0.20139786505514404,0.07988843409091254,0.1470759194234971,0.5716377814304469,25,20,20
12,8064,0.20352809532261854,0.057450741265230525,0.14087010836161157,0.5981510550505411,25,20,20
12,8065,0.14646690927688208,0.07942654848960827,0.17655614643835246,0.5975503957951572,25,20,20
12,8066,0.21636146274357584,0.0789790075026015,0.09581354392765232,0.6088459858261706,25,20,20
12,8067,0.2198403671399804,0.07942462434013167,0.0916723080167713,0.6090627005031181,25,20,20
12,8068,0.223554944789742,0.07948002565765712,0.10396319728287491,0.5930018322697257,25,20,20
12,8069,0.23255231628189177,0.07817214665661947,0.05008169851303619,0.6391938385484528,25,20,20
12,8070,0.2276905113668824,0.051181159449020394,0.06863794589273024,0.6524903832913671,25,20,20
12,8071,0.24119431423603246,0.051181148675453675,0.06844547460540656,0.6391790624831075,25,20,20
12,8072,0.22749905354317077,0.0798974648944189,0.054833522389091297,0.6377699591733186,25,20,20
12,8073,0.18785142319633633,0.08027479023442037,0.10758314649055853,0.6242906400786876,25,20,20
12,8074,0.19129438170647567,0.050033827984813116,0.11755446033751216,0.641117329971201,25,20,20
12,8075,0.13527083772714252,0.07371539287964708,0.11943872902990041,0.6715750403633133,25,20,20
12,8076,0.13683701722818045,0.07371539715190917,0.095874942972854,0.6935726426470558,25,20,20
12,8077,0.08442531042950717,0.11984581422782224,0.1171888113985455,0.678540063944128,25,20,20
12,8078,0.11944947044565389,0.11816152616964581,0.0847587641928121,0.6776302391918887,25,20,20
12,8079,0.134201086353856,0.11700438557422835,0.07074726031826888,0.6780472677536477,25,20,20
12,8080,0.17036158888711017,0.09235715498960197,0.07063572159848365,0.6666455345248058,25,20,20
12,8081,0.13050162433505125,0.09822445277672247,0.10486855751922301,0.6664053653690037,25,20,20
12,8082,0.13343813579499217,0.10106203528014308,0.09239783432718957,0.6731019945976753,25,20,20
12,8083,0.06374814075579936,0.09987933506198395,0.1573753794221919,0.6789971447600283,25,20,20
12,8084,0.12905651843106886,0.11988446592210775,0.07793291440662903,0.6731261012401946,25,20,20
12,8085,0.14444437001828853,0.09112050415974593,0.09154327730298027,0.6728918485189859,25,20,20
12,8086,0.17253372686883828,0.1172819298015637,0.0678078487038437,0.6423764946257532,25,20,20
12,8087,0.12385391158275467,0.11600567687685873,0.1384296008202127,0.621710810720177,25,20,20
12,8088,0.09431034196132498,0.10264354608085108,0.16851917458852983,0.6345269373692942,25,20,20
12,8089,0.12115839965641616,0.10277113062371537,0.15196506305748178,0.6241054066623885,25,20,20
12,8090,0.09880809510296534,0.09236727303021543,0.18541108516198193,0.6234135467048401,25,20,20
12,8091,0.1322488629720942,0.09237985094722986,0.14622557648435353,0.6291457095963265,25,20,20
12,8092,0.1576621101030713,0.11860313837692373,0.09024499015242002,0.6334897613675864,25,20,20
12,8093,0.1738800163753586,0.11861979121787539,0.06983787860717788,0.6376623137995887,25,20,20
12,8094,0.22887791529755386,0.11689165310276996,0.016886697963705028,0.6373437336359715,25,20,20
12,8095,0.21400654308626538,0.0786568738584101,0.06970163650116544,0.6376349465541584,25,20,20
12,8096,0.19049221269315353,0.052874288111576434,0.11797415696976352,0.6386593422255078,25,20,20
12,8097,0.16654090437162264,0.038989940773906745,0.12435238065318728,0.6701167742012853,25,20,20
12,8098,0.1717109841498469,0.03716861944675633,0.12677791077667258,0.6643424856267253,25,20,20
12,8099,0.20295771990415498,0.010745422510973983,0.11737405774548573,0.668922799839386,25,20,20
12,8100,0.1957607250333971,0.03997048797213987,0.1293298755744888,0.6349389114199749,25,20,20
12,8101,0.20092158816137867,0.03869137535878192,0.12151993019286587,0.6388671062869736,25,20,20
12,8102,0.19676844518579983,0.03875180983073484,0.1622230416668329,0.6022567033166347,25,20,20
12,8103,0.17025650651654226,0.057953490744682146,0.13927330603243462,0.6325166967063425,25,20,20
12,8104,0.16007580087006182,0.05793180648789274,0.15744646891439085,0.6245459237276545,25,20,20
12,8105,0.15525694691863548,0.056779054020648714,0.14697442358223697,0.6409895754784796,25,20,20
12,8106,0.15403064994628202,0.056196962089145756,0.15315995560575982,0.6366124323588156,25,20,20
12,8107,0.15681252915891866,0.05790043439960648,0.14561234071157061,0.6396746957299062,25,20,20
12,8108,0.1130648177301338,0.05790408981078377,0.18649041225812052,0.642540680200963,25,20,20
12,8109,0.12224138886970831,0.053131259342164984,0.2204019703567566,0.60422538143137,25,20,20
12,8110,0.12045222059284816,0.07990383558541186,0.2341653096002158,0.5654786342215251,25,20,20
12,8111,0.14747920959400065,0.07894879870935644,0.20547292657663488,0.5680990651200077,25,20,20
12,8112,0.18525237782738974,0.07991757294660663,0.1313523961704448,0.6034776530555599,25,20,20
12,8113,0.20036046062346366,0.07822902349918698,0.12275949820334574,0.5986510176740032,25,20,20
12,8114,0.15302680223178924,0.07992331208440358,0.13551071679657495,0.631539168887236,25,20,20
12,8115,0.16246398124784567,0.038774117241694966,0.1679353655893108,0.6308265359211521,25,20,20
12,8116,0.1531626605330421,0.03941122405636139,0.17597124858727786,0.6314548668233225,25,20,20
12,8117,0.17733756940007708,0.07696878327666126,0.11306212062519788,0.6326315266980654,25,20,20
12,8118,0.16558504136829622,0.07696786858435772,0.07818575954078893,0.6792613305065572,25,20,20
12,8119,0.14089633909553664,0.08039976326634828,0.09676290873143295,0.6819409889066824,25,20,20
12,8120,0.11263040496853102,0.08069291228472458,0.1283604307581615,0.678316251988585,25,20,20
12,8121,0.12149019989256915,0.07987695354262205,0.12484145260687705,0.6737913939579342,25,20,20
12,8122,0.13707738280422524,0.05872217866595095,0.1264197033294569,0.6777807352003683,25,20,20
12,8123,0.14983006576430893,0.07166182336197142,0.11889593557011124,0.6596121753036099,25,20,20
12,8124,0.12674043501562646,0.08967324735974108,0.13001928635810497,0.6535670312665299,25,20,20
12,8125,0.14667362185431448,0.11775910133828725,0.07450686470279355,0.6610604121046046,25,20,20
12,8126,0.10615289820693023,0.09222368066842156,0.12291192204704596,0.6787114990776051,25,20,20
12,8127,0.12030387551022381,0.1167861296711772,0.09044130940277445,0.672468685415827,25,20,20
12,8128,0.11520644431688228,0.11946901496847132,0.09329986304982152,0.6720246776648251,25,20,20
12,8129,0.11292503523243883,0.09145198339473286,0.11635066130207869,0.6792723200707546,25,20,20
12,8130,0.13145839146331348,0.08071950049384301,0.1435867185135293,0.644235389529319,25,20,20
12,8131,0.14124559062400108,0.07872642205450489,0.14111886637692536,0.6389091209445723,25,20,20
12,8132,0.18511894710734386,0.06113708421257674,0.12171637878032972,0.6320275898997534,25,20,20
12,8133,0.15437470974333867,0.07831698809601582,0.13716433664269043,0.6301439655179576,25,20,20
12,8134,0.11650917980838474,0.07870532749238324,0.1661202162137975,0.6386652764854328,25,20,20
12,8135,0.1527663366294301,0.07861338272374668,0.13606105011009664,0.6325592305367319,25,20,20
12,8136,0.12201821459223021,0.07694520693383364,0.16285770964834845,0.6381788688255866,25,20,20
12,8137,0.18432525619598703,0.07696368526366418,0.10024901624400379,0.6384620422963462,25,20,20
12,8138,0.12869446846627502,0.07868033812264862,0.15953462941310972,0.6330905639979683,25,20,20
12,8139,0.2014923599549188,0.07694713145336485,0.10904219629327509,0.6125183122984457,25,20,20
12,8140,0.1121062227106933,0.05413447321382388,0.21528599450160193,0.61847330957388,25,20,20
12,8141,0.14921106646904778,0.028332451152673813,0.18337841793374982,0.6390780644445299,25,20,20
12,8142,0.1458073715713663,0.061282092986764916,0.15379883146895137,0.6391117039729198,25,20,20
12,8143,0.10014936154518027,0.06113796034791432,0.19989383706189248,0.638818841045008,25,20,20
12,8144,0.19743830478203145,0.07850006651774417,0.08957206762706138,0.6344895610731638,25,20,20
12,8145,0.15738502976158983,0.04284725557991455,0.16086086888190493,0.6389068457765894,25,20,20
12,8146,0.2022728402066888,0.04284887018100093,0.15602925299469556,0.5988490366176157,25,20,20
12,8147,0.23766071636208644,0.07930668708629787,0.08372202209459637,0.5993105744570209,25,20,20
12,8148,0.2642514271989905,0.07930497360972,0.06306208844487907,0.5933815107464111,25,20,20
12,8149,0.23328096196074824,0.040363297105420665,0.13855604658302442,0.58779969435081,25,20,20
12,8150,0.22298356380414577,0.04003830160823225,0.14264798294636216,0.5943301516412608,25,20,20
12,8151,0.2390450017054242,0.039949275066004514,0.12739821244178956,0.5936075107867846,25,20,20
12,8152,0.1851161869383179,0.03994884860389001,0.17481510334369868,0.6001198611140933,25,20,20
12,8153,0.17454912605688025,0.03994888197052932,0.183001740511585,0.6025002514610066,25,20,20
12,8154,0.2722878714014261,0.04106015862556847,0.08792317969049566,0.5987287902825095,25,20,20
12,8155,0.24541054895536585,0.03859908333326386,0.11868399588506345,0.5973063718263076,25,20,20
12,8156,0.19986901308812277,0.03861044019092353,0.1637617426930563,0.5977588040278994,25,20,20
12,8157,0.15286506702493288,0.03936166318229404,0.2464580065554834,0.5613152632372889,25,20,20
12,8158,0.1874745536586847,0.03685365428213202,0.21547122608933833,0.5602005659698435,25,20,20
12,8159,0.19791865182839444,0.039933107287846915,0.20079184654062293,0.5613563943431361,25,20,20
12,8160,0.1514575290932705,0.03787410103351316,0.25226617611994073,0.5584021937532733,25,20,20
12,8161,0.20004732680992052,0.014135606299895956,0.22866242944852255,0.5571546374416593,25,20,20
12,8162,0.1683163411420515,0.039952912248207476,0.23291190430975456,0.5588188422999868,25,20,20
12,8163,0.20716992423853697,0.039948409217375136,0.19375157323184788,0.5591300933122401,25,20,20
12,8164,0.22197191223210794,0.0612864067946131,0.1648596922653666,0.5518819887079124,25,20,20
12,8165,0.18185210604525462,0.0612843200382771,0.19788300201591244,0.5589805719005576,25,20,20
12,8166,0.19427381674500555,0.061320492887967946,0.18487273155260062,0.5595329588144276,25,20,20
12,8167,0.17945976982248474,0.05106753422715748,0.21089343979911135,0.5585792561512455,25,20,20
12,8168,0.21634538162933262,0.07995194240068178,0.1710640711251295,0.5326386048448594,25,20,20
12,8169,0.1830047843369506,0.05411704074360303,0.23026342759730437,0.5326147473221403,25,20,20
12,8170,0.13644199439834898,0.07869769369135908,0.2654473349388617,0.5194129769714303,25,20,20
12,8171,0.08075527467039229,0.07822284406725137,0.29930578462405305,0.5417160966382978,25,20,20
12,8172,0.10686508602506783,0.07770913696427506,0.27013539530329417,0.5452903817073633,25,20,20
12,8173,0.13637667526957414,0.0405599978009743,0.26654670367668754,0.5565166232527664,25,20,20
12,8174,0.14968331330824683,0.08094838554278307,0.21131942009661675,0.5580488810523558,25,20,20
12,8175,0.13427278415908403,0.07821398265378479,0.22691554645778175,0.5605976867293498,25,20,20
12,8176,0.17445897364425048,0.07819369852358914,0.17377386939728495,0.573573458434878,25,20,20
12,8177,0.16602825774283508,0.0620739986422901,0.2138874274825028,0.5580103161323752,25,20,20
12,8178,0.18975257733030115,0.060851747534738224,0.18989191511485046,0.5595037600201099,25,20,20
12,8179,0.2242204696558387,0.06206702994684513,0.15490903223689895,0.5588034681604187,25,20,20
12,8180,0.25421963967016276,0.07909531442314836,0.10829121417855722,0.558393831728132,25,20,20
12,8181,0.27035327873078485,0.05059427877174654,0.13115308164706274,0.547899360850408,25,20,20
12,8182,0.22829647641702772,0.07997625741748028,0.18124748908850447,0.5104797770769905,25,20,20
12,8183,0.2365599155884404,0.07986595386990043,0.21847391680919756,0.4651002137324596,25,20,20
12,8184,0.3094018739760627,0.07992003511101457,0.13190483327013358,0.47877325764279177,25,20,20
12,8185,0.26859449717901396,0.07993067698348946,0.1723351008021539,0.47913972503534297,25,20,20
12,8186,0.23424399019162012,0.024779029481216415,0.277506331450144,0.46347064887702066,25,20,20
12,8187,0.28473781301877327,0.0247655133331741,0.2112329733430871,0.4792637003049661,25,20,20
12,8188,0.36486241880938985,0.039980064967377923,0.11605525755785248,0.4791022586653817,25,20,20
12,8189,0.3757501188459093,0.03891866851895705,0.08906444626281627,0.49626676637231776,25,20,20
12,8190,0.37812533161356254,0.03937515621249386,0.10487828208664902,0.4776212300872961,25,20,20
12,8191,0.3317863356128525,0.03936593015043475,0.14712841112493963,0.4817193231117735,25,20,20
12,8192,0.30810080277462587,0.03936240901977365,0.17048281432532988,0.48205397388026905,25,20,20
12,8193,0.24801899642689115,0.0393588636368825,0.1608884703835861,0.5517336695526427,25,20,20
12,8194,0.2597811886513676,0.05033580629857413,0.13020559141566537,0.559677413634394,25,20,20
12,8195,0.24061109024928393,0.050335730823824906,0.15009097752438216,0.5589622014025089,25,20,20
12,8196,0.31057260278056753,0.05413781351384694,0.07554934673398878,0.5597402369715967,25,20,20
12,8197,0.2768888111648476,0.05420655038634157,0.10950674847846792,0.5593978899703443,25,20,20
12,8198,0.28769319476526145,0.07875087442720526,0.08798093072059694,0.545575000086937,25,20,20
12,8199,0.2874614604893358,0.07958611277719549,0.09594131246538252,0.5370111142680863,25,20,20
12,8200,0.2449338015992849,0.07871634642056305,0.13142247179424899,0.5449273801859056,25,20,20
12,8201,0.18979378996204999,0.039977866245392166,0.2394292917668831,0.5307990520256753,25,20,20
12,8202,0.15504871516347582,0.03998432469179796,0.2594927141801378,0.5454742459645895,25,20,20
12,8203,0.18679373033626404,0.011148319169749503,0.24364096949882902,0.5584169809951568,25,20,20
12,8204,0.16736986281126578,0.043518111648073184,0.2369674688670538,0.5521445566736071,25,20,20
12,8205,0.18482241942428043,0.04423552225453719,0.22264579169078302,0.5482962666304003,25,20,20
12,8206,0.2218734867306528,0.039879823805325045,0.18375133347704295,0.5544953559869793,25,20,20
12,8207,0.30061734710739685,0.03996139594868508,0.13515986301453956,0.5242613939293803,25,20,20
12,8208,0.3003413840045839,0.03996222372737686,0.14643746061671414,0.5132589316513267,25,20,20
12,8209,0.26884785798719435,0.03996086153220523,0.17338135177231007,0.51780992870829,25,20,20
12,8210,0.25660352164106054,0.03872366431563673,0.19914759036354002,0.5055252236797645,25,20,20
12,8211,0.2755664311555016,0.060639356003537113,0.11436567023083605,0.5494285426101293,25,20,20
12,8212,0.2753837639031969,0.0788637606303441,0.09638201386503958,0.549370461601421,25,20,20
12,8213,0.20691047447177371,0.07886935426096314,0.15456207200121994,0.559658099266044,25,20,20
12,8214,0.23386515432181137,0.0807151815077607,0.12636918418372206,0.559050479986706,25,20,20
12,8215,0.21119114624084456,0.08073225217151009,0.14875306932957655,0.5593235322580705,25,20,20
12,8216,0.22960249794107845,0.07995563296419032,0.16785932024646363,0.5225825488482674,25,20,20
12,8217,0.15301679707496782,0.059354008080442666,0.26521331661566977,0.5224158782289164,25,20,20
12,8218,0.17561588068244574,0.07864494885932882,0.23954959178507754,0.5061895786731478,25,20,20
12,8219,0.1791749374357522,0.09425556607772209,0.2183767864073178,0.5081927100792093,25,20,20
12,8220,0.16888852096532567,0.11683730350919493,0.2060311180142922,0.5082430575111876,25,20,20
12,8221,0.22087128489304209,0.11639264323843862,0.14393136448262425,0.5188047073858972,25,20,20
12,8222,0.21146605527454387,0.11815579437116025,0.15115051712064276,0.519227633233657,25,20,20
12,8223,0.13427822966222297,0.08129261936879704,0.2253842389743424,0.5590449119946392,25,20,20
12,8224,0.1452438556230126,0.07754844550630975,0.247944894704589,0.5292628041660884,25,20,20
12,8225,0.23663097789742593,0.0781938042342593,0.15605265012111919,0.5291225677471977,25,20,20
12,8226,0.2787593331248878,0.07736404892174908,0.12468991957115541,0.5191866983822103,25,20,20
12,8227,0.20780329746162743,0.07733133520135102,0.1962824242945654,0.5185829430424549,25,20,20
12,8228,0.24538721270403266,0.07856445774896634,0.15699705226415833,0.5190512772828444,25,20,20
12,8229,0.2661372319546491,0.0787260440247382,0.1428899698578707,0.5122467541627423,25,20,20
12,8230,0.22245198821615011,0.052898730242793034,0.20683729240607757,0.5178119891349768,25,20,20
12,8231,0.2293774186118133,0.07991801337198097,0.17127926942312055,0.5194252985930853,25,20,20
12,8232,0.2118995946601763,0.07990359011620293,0.18894789376350984,0.5192489214601099,25,20,20
12,8233,0.28281442827275843,0.07991711950665761,0.11738935387385424,0.5198790983467295,25,20,20
12,8234,0.24305461715533042,0.0798769449153492,0.15884411291043388,0.5182243250188864,25,20,20
12,8235,0.3138855904807748,0.07945737055913704,0.08745599726133495,0.5192010416987523,25,20,20
12,8236,0.24714555081194572,0.07988958959432138,0.15440864000438748,0.5185562195893462,25,20,20
12,8237,0.26992145761272734,0.07987779494957717,0.13097213905620356,0.5192286083814922,25,20,20
12,8238,0.2545062959629012,0.07986243183830177,0.1462287104198615,0.5194025617789375,25,20,20
12,8239,0.2372176153821604,0.07989530193311538,0.1631173340402195,0.5197697486445072,25,20,20
12,8240,0.24922150717628505,0.0798933825371285,0.15787892452321864,0.5130061857633712,25,20,20
12,8241,0.25552069604913064,0.07989340309064782,0.15204458704631085,0.5125413138139142,25,20,20
12,8242,0.25161818441738243,0.07868674992007794,0.14673860346740816,0.522956462195134,25,20,20
12,8243,0.2560219725899006,0.07754543654735178,0.13500302214661875,0.5314295687161301,25,20,20
12,8244,0.2080821670629027,0.07826460286563247,0.19341291840934002,0.5202403116621251,25,20,20
12,8245,0.31657854907709937,0.07824043653468783,0.08634371739483425,0.5188372969933788,25,20,20
12,8246,0.2812461789781206,0.0799348853793151,0.12058910068077129,0.5182298349617944,25,20,20
12,8247,0.24427197090039413,0.07993972202582018,0.17150226187049605,0.5042860452032903,25,20,20
12,8248,0.2515810062696989,0.07991615162842276,0.16052037414645207,0.507982467955426,25,20,20
12,8249,0.31553103223117474,0.07819880046081976,0.08753422352063275,0.5187359437873728,25,20,20
12,8250,0.29118594258196934,0.0781515669998787,0.11432976373613903,0.5163327266820108,25,20,20
12,8251,0.26477654273603607,0.09923743647797723,0.11749105989766807,0.5184949608883178,25,20,20
12,8252,0.20182123084553083,0.11593969275855097,0.1629089277583118,0.5193301486376043,25,20,20
12,8253,0.18864853950535718,0.1198028511273285,0.19034456411887252,0.5012040452484399,25,20,20
12,8254,0.17397637318416936,0.07945600332008787,0.22746011670130697,0.5191075067944356,25,20,20
12,8255,0.13888243594998484,0.08070452979820385,0.26094856485938245,0.5194644693924283,25,20,20
12,8256,0.1887254236228987,0.06545417028898946,0.23303266357132635,0.5127877425167855,25,20,20
12,8257,0.22734916682283773,0.07990202425665831,0.13341858668178888,0.5593302222387141,25,20,20
12,8258,0.23053959228553736,0.07783673703175892,0.14624523097012163,0.5453784397125844,25,20,20
12,8259,0.22091356713973576,0.07989429605888321,0.1815969302364541,0.5175952065649291,25,20,20
12,8260,0.21512276153925858,0.07990046958703419,0.18310914410627924,0.5218676247674289,25,20,20
12,8261,0.2124010368581432,0.04574513663053845,0.22361140423319703,0.5182424222781217,25,20,20
12,8262,0.2550480630890848,0.04666095196143427,0.2148111645928706,0.48347982035661047,25,20,20
12,8263,0.30468811920137706,0.02214497169265416,0.18965696971770252,0.4835099393882673,25,20,20
12,8264,0.2791799046336328,0.0408545894633849,0.19576704499229844,0.4841984609106835,25,20,20
12,8265,0.1666609721172743,0.0254593389225501,0.3285428729741141,0.4793368159860598,25,20,20
12,8266,0.2021185357362176,0.024546229722385262,0.2594358368613371,0.5138993976800603,25,20,20
12,8267,0.30693334379020876,0.024544117028422196,0.15065482623721302,0.5178677129441589,25,20,20
12,8268,0.33047194189956014,0.02454393273868507,0.1273913235410151,0.5175928018207417,25,20,20
12,8269,0.3619458016658942,0.02572160457884803,0.12858359797665064,0.4837489957786067,25,20,20
12,8270,0.3764209861640835,0.025721650988198976,0.09130694575087739,0.50655041709684,25,20,20
12,8271,0.39899753643546676,0.024543860862469867,0.06948664014104176,0.5069719625610204,25,20,20
12,8272,0.41012246196650887,0.021109340767190402,0.06126863394869045,0.5074995633176098,25,20,20
12,8273,0.37041053751841574,0.021109418405228574,0.08931435493173319,0.5191656891446231,25,20,20
12,8274,0.31609094251121234,0.03928450727211084,0.1263962894031156,0.5182282608135638,25,20,20
12,8275,0.31788928067987254,0.03975482240081062,0.14089360072527538,0.5014622961940445,25,20,20
12,8276,0.25358542808230394,0.03848534423452921,0.22575647328176981,0.48217275440139845,25,20,20
12,8277,0.2772155335068837,0.038287781898243535,0.20540384051603783,0.4790928440788371,25,20,20
12,8278,0.27530801473280875,0.04000982013324915,0.21282408547604345,0.4718580796578981,25,20,20
12,8279,0.30185856695371144,0.0394171506668586,0.2220499871509839,0.4366742952284452,25,20,20
12,8280,0.2439449718631833,0.0387742087358788,0.27545090645268516,0.44182991294825263,25,20,20
12,8281,0.1985051634953679,0.03994005836762987,0.3192176828532797,0.4423370952837202,25,20,20
12,8282,0.25212463814928165,0.038744037708633265,0.2298248415364892,0.47930648260559766,25,20,20
12,8283,0.274873403022693,0.039949094873294885,0.2100029783143195,0.4751745237896924,25,20,20
12,8284,0.3149024931705235,0.039949829374442955,0.16349759310859066,0.4816500843464436,25,20,20
12,8285,0.3606563016902652,0.0003560255389074552,0.1608859599872311,0.47810171278359737,25,20,20
12,8286,0.313559356657367,0.0010015097893163458,0.20902527523515985,0.4764138583181568,25,20,20
12,8287,0.2823641223400363,0.004941156703125583,0.23533409293727536,0.47736062801956225,25,20,20
12,8288,0.2712759217997941,0.004951230302362686,0.24981062375192944,0.47396222414591505,25,20,20
12,8289,0.30094043380684493,0.014497529860715445,0.2037452157097574,0.4808168206226808,25,20,20
12,8290,0.3138780395143431,0.014487373750478325,0.1532367229744419,0.5183978637607386,25,20,20
12,8291,0.30695291625179505,0.039586730063964154,0.14148415667384973,0.5119761970103931,25,20,20
12,8292,0.310354399913416,0.03953231921501249,0.12571735374933762,0.5243959271222368,25,20,20
12,8293,0.354770245587528,0.017954189907164707,0.10185369650410692,0.5254218680012035,25,20,20
12,8294,0.3785188463798834,0.03998061689521409,0.062119174742213824,0.5193813619826888,25,20,20
12,8295,0.3752314661385195,0.03936414432127106,0.06637222009981593,0.5190321694403935,25,20,20
12,8296,0.3468490606753889,0.03997724047448008,0.09451208087849265,0.518661617971639,25,20,20
12,8297,0.2509517010826285,0.039991112438272594,0.189979342000466,0.5190778444786323,25,20,20
12,8298,0.24679733026284886,0.03995333927432212,0.19403095500326895,0.5192183754595603,25,20,20
12,8299,0.2463464649870269,0.0399394047317328,0.2344951347930132,0.479218995488228,25,20,20
12,8300,0.25138405444316936,0.038733337896125805,0.1933217745928699,0.5165608330678357,25,20,20
12,8301,0.2342437738529221,0.040294276038150764,0.20163736341025099,0.5238245866986767,25,20,20
12,8302,0.24209629331861804,0.0399817874625805,0.22893830773121102,0.4889836114875916,25,20,20
12,8303,0.29197297685640666,0.05382359159920513,0.169919513800514,0.4842839177438779,25,20,20
12,8304,0.3279887506104565,0.05496400430580255,0.1324450823875086,0.4846021626962318,25,20,20
12,8305,0.30811580396466487,0.054098406251729944,0.15810128503658835,0.479684504747018,25,20,20
12,8306,0.2895156256138054,0.05410406413575461,0.17387482881873978,0.48250548143169886,25,20,20
12,8307,0.20430999440375758,0.053866104262798774,0.25922399540062246,0.48259990593282104,25,20,20
12,8308,0.2358518240920273,0.015296528648998471,0.2641048063319783,0.4847468409269949,25,20,20
12,8309,0.2515718384019057,0.015363707254531535,0.2207701174182672,0.5122943369252964,25,20,20
12,8310,0.18993055905457976,0.039518569725224634,0.25802645066524404,0.51252442055495,25,20,20
12,8311,0.15973601700751933,0.0393656699532329,0.25600511126216907,0.5448932017770753,25,20,20
12,8312,0.20011384276949126,0.039345767659114725,0.2349878895979511,0.5255524999734397,25,20,20
12,8313,0.16194346542993482,0.03937700672715952,0.23590815683864874,0.5627713710042586,25,20,20
12,8314,0.12066448671564978,0.039367538307330634,0.24237959916318086,0.5975883758138373,25,20,20
12,8315,0.11909492882050092,0.014164366857135098,0.2685258254717504,0.5982148788506125,25,20,20
12,8316,0.12630058126612942,0.014178800606508305,0.2654340915947165,0.5940865265326465,25,20,20
12,8317,0.1920202303589066,0.06142308314141951,0.1533090868896017,0.5932475996100736,25,20,20
12,8318,0.22757284947775475,0.0018075311296560576,0.17146912238310205,0.5991504970094877,25,20,20
12,8319,0.30534655858390836,5.602742704364645e-06,0.09508345454520813,0.5995643841281815,25,20,20
12,8320,0.3073573109531475,7.691710032154582e-07,0.09308092941384687,0.5995609904620052,25,20,20
12,8321,0.2793506873052653,1.096637590602458e-06,0.12609166978288516,0.59455654627426,25,20,20
12,8322,0.3065225886653983,7.958566634713032e-07,0.094981075259886,0.5984955402180533,25,20,20
12,8323,0.28149984903695424,6.792493386287608e-07,0.11940983122685019,0.5990896404868589,25,20,20
12,8324,0.27648549357325264,8.857059668709547e-08,0.13527723703534567,0.5882371808208058,25,20,20
12,8325,0.24645090234829525,6.816924371585994e-05,0.16040698719067478,0.5930739412173142,25,20,20
12,8326,0.2252935674532912,6.857222530556378e-05,0.20352521075179617,0.5711126495696089,25,20,20
12,8327,0.19443068854918363,1.2259413338496772e-05,0.22030063301821104,0.585256419019266,25,20,20
12,8328,0.2114625059157908,1.7228585029527052e-05,0.18983173213158722,0.5986885333675938,25,20,20
12,8329,0.22364541904644875,0.009778634075003444,0.1961919901327552,0.5703839567457937,25,20,20
12,8330,0.21953617366117378,0.0010722387335676193,0.1419499716053428,0.6374416159999173,25,20,20
12,8331,0.28972411088432365,0.0010731079768729731,0.07108419484241164,0.6381185862963915,25,20,20
12,8332,0.2685490830357461,9.36909657114458e-06,0.08834826009320432,0.6430932877744792,25,20,20
12,8333,0.2433759871804066,2.1208264514468412e-06,0.1054755027972266,0.6511463891959157,25,20,20
12,8334,0.2443644495590823,4.1472180196726834e-07,0.153032485165872,0.6026026505532456,25,20,20
12,8335,0.28846290570338745,1.7665699348399144e-07,0.11266704025060621,0.5988698773890161,25,20,20
12,8336,0.2044764916862131,2.0883870037409057e-05,0.17670574731774605,0.6187968771260034,25,20,20
12,8337,0.22753794420153217,8.587632575831923e-05,0.13345970777915533,0.6389164716935568,25,20,20
12,8338,0.19032743325627458,2.6690424874341995e-07,0.13541461772840843,0.6742576821110707,25,20,20
12,8339,0.19305561093430004,0.010443463080664774,0.1583030950785886,0.638197830906447,25,20,20
12,8340,0.16345063059285994,0.010466404414037631,0.22531538191964753,0.6007675830734537,25,20,20
12,8341,0.1373758903213299,0.039958481606579166,0.22033110253461174,0.6023345255374799,25,20,20
12,8342,0.16061039792875406,0.03995929567683034,0.19739777338271927,0.6020325330116975,25,20,20
12,8343,0.18648802224438413,0.0399486382922289,0.14254584060120704,0.6310174988621803,25,20,20
12,8344,0.13345668410738637,0.03996830499061049,0.16864726330797353,0.6579277475940296,25,20,20
12,8345,0.16861320262409282,0.03995079763537128,0.12255460801803243,0.6688813917225035,25,20,20
12,8346,0.16422944863427907,0.03997714738575787,0.08852892622374013,0.7072644777562238,25,20,20
12,8347,0.12695093452739267,0.03995021540419894,0.12490395095549481,0.708194899112915,25,20,20
12,8348,0.18042451464237208,0.03650259007286526,0.06418389709756915,0.7188889981871938,25,20,20
12,8349,0.20063262109793648,0.03826130216854304,0.04191539550234673,0.7191906812311726,25,20,20
12,8350,0.186728479448986,0.03824002289362338,0.060618430534710666,0.7144130671226792,25,20,20
12,8351,0.189855154469782,0.039971114736675084,0.06197775974363433,0.7081959710499092,25,20,20
12,8352,0.1538156251875335,0.03997111445223882,0.09263561044538743,0.7135776499148421,25,20,20
12,8353,0.16168880982501715,0.03993877757839171,0.0938041597626362,0.7045682528339546,25,20,20
12,8354,0.1610195796136057,0.039918658541349926,0.1366592239476433,0.6624025378974027,25,20,20
12,8355,0.20107131207539358,0.03991860170640746,0.05862141968317523,0.7003886665350233,25,20,20
12,8356,0.23252056770132273,0.03991860112566844,0.044711349356947636,0.6828494818160606,25,20,20
12,8357,0.23001561521086372,0.039309500286268076,0.054239593639587705,0.6764352908632817,25,20,20
12,8358,0.180860609065845,0.045081964670539904,0.0984633076708829,0.6755941185927363,25,20,20
12,8359,0.2281986456825139,0.04508270281000901,0.06517158027614434,0.6615470712313332,25,20,20
12,8360,0.21156695025660024,0.04508196234020681,0.06324623045705718,0.6801048569461355,25,20,20
12,8361,0.2241194404621126,0.03996015335429033,0.05701711561041685,0.6789032905731796,25,20,20
12,8362,0.2177889215097647,0.021111026513461265,0.08280409068630977,0.6782959612904635,25,20,20
12,8363,0.2217020308041379,0.03936734378699917,0.06161177958635339,0.6773188458225087,25,20,20
12,8364,0.26287842323375604,0.0399754716586395,0.0180595011775227,0.679086603930082,25,20,20
12,8365,0.2614483998747692,0.040281395539625814,0.019452000649970203,0.6788182039356347,25,20,20
12,8366,0.26330789204184246,0.03995240740097676,0.01742504829101906,0.6793146522661618,25,20,20
12,8367,0.28056453173928864,0.03995239551269394,0.03499628214442541,0.6444867906035923,25,20,20
12,8368,0.24355464352664033,0.03994441783732715,0.09706610957850371,0.6194348290575278,25,20,20
12,8369,0.20299629274333889,0.03994413909023493,0.1322442998179302,0.6248152683484964,25,20,20
12,8370,0.17864999415949434,0.050100517770437517,0.10747201987484857,0.6637774681952198,25,20,20
12,8371,0.23262393630284348,0.05010051744146976,0.0398590358854594,0.6774165103702274,25,20,20
12,8372,0.2059788453316136,0.04285459091562102,0.07328863524038425,0.6778779285123817,25,20,20
12,8373,0.1961403196245984,0.039976826755781375,0.04541320020449644,0.7184696534151239,25,20,20
12,8374,0.18799826138616182,0.0404186906438672,0.052578248553315686,0.7190047994166556,25,20,20
12,8375,0.1808590100125867,0.04041870154152674,0.060055386027306555,0.7186669024185798,25,20,20
12,8376,0.20431690986769235,0.03951724277747415,0.03730266124536253,0.7188631861094712,25,20,20
12,8377,0.21060198644298883,0.03998219414098331,0.031044240856107786,0.7183715785599201,25,20,20
12,8378,0.1658224470786461,0.04334687258393019,0.07855296281798683,0.712277717519437,25,20,20
12,8379,0.10206594705106278,0.04276934138679626,0.20177022834018185,0.653394483221959,25,20,20
12,8380,0.14845712993898416,0.04166784469450941,0.17206557538281259,0.6378094499836942,25,20,20
12,8381,0.1549451710567998,0.038253302491043355,0.18116149908792967,0.6256400273642267,25,20,20
12,8382,0.2213914604158722,0.03825358002115126,0.15385141202720798,0.5865035475357719,25,20,20
12,8383,0.234844841439248,0.039338448945085744,0.13436760436527986,0.5914491052503884,25,20,20
12,8384,0.17515946298323226,0.03933868621699197,0.1554685488737697,0.6300333019260066,25,20,20
12,8385,0.1836855193963326,0.03826136560120768,0.14447955892979883,0.6335735560726623,25,20,20
12,8386,0.15989128638287958,0.03828049255586518,0.17480016225598835,0.6270280588052686,25,20,20
12,8387,0.1578639987409335,0.07818449757022862,0.1373068548605008,0.6266446488283391,25,20,20
12,8388,0.1679167390668954,0.09762410948411387,0.09623227641629453,0.6382268750326952,25,20,20
12,8389,0.14053068944036154,0.1177351181338501,0.14255621801239057,0.5991779744134011,25,20,20
12,8390,0.2090723945983608,0.11983391635012258,0.07327101947412956,0.597822669577387,25,20,20
12,8391,0.20039699460655533,0.09404783312326177,0.10703478221625229,0.598520390053933,25,20,20
12,8392,0.19648516661448603,0.09159407599025282,0.1122504007035897,0.5996703566916713,25,20,20
12,8393,0.20452652082850956,0.11858763755421757,0.07731247049216228,0.5995733711251106,25,20,20
12,8394,0.21414692024822035,0.1198575471923702,0.07772455384176005,0.5882709787176491,25,20,20
12,8395,0.23076468887632656,0.11752857945151743,0.05288322923351687,0.5988235024386389,25,20,20
12,8396,0.19591453351613997,0.11696422930353988,0.08839513619493693,0.5987261009853833,25,20,20
12,8397,0.13064842742304847,0.11862317777304504,0.1519515467871824,0.5987768480167245,25,20,20
12,8398,0.08950704282087296,0.1198599460326057,0.18661444299997818,0.6040185681465431,25,20,20
12,8399,0.1506032749135651,0.12027317244517331,0.16545396172604573,0.5636695909152193,25,20,20
12,8400,0.15302614902930933,0.09177072908491216,0.21090709728819676,0.5442960245975828,25,20,20
12,8401,0.13711193163605942,0.13220850947774537,0.1773080187213046,0.5533715401648936,25,20,20
12,8402,0.1560731542215922,0.11672894235575841,0.1634113261283984,0.563786577294253,25,20,20
12,8403,0.19829503459832742,0.1585485100248749,0.07926955556878416,0.5638868998080133,25,20,20
12,8404,0.18382236135977345,0.1571970652766163,0.10585064448021277,0.5531299288833994,25,20,20
12,8405,0.15377718225926873,0.15852442878493594,0.08569389928874913,0.6020044896670477,25,20,20
12,8406,0.12015567733329588,0.15669309638785897,0.07919153289897583,0.6439596933798697,25,20,20
12,8407,0.07050315085012804,0.12940325315223739,0.12193724766029689,0.6781563483373415,25,20,20
12,8408,0.06751942310584505,0.14178586503660268,0.14418084841554005,0.6465138634420129,25,20,20
12,8409,0.10699330662223223,0.158649402927973,0.07349149768667237,0.6608657927631222,25,20,20
12,8410,0.14161049333096162,0.15980837698681657,0.03352300159180446,0.665058128090417,25,20,20
12,8411,0.15988610084835686,0.15983274782694554,0.0012715889309013243,0.6790095623937958,25,20,20
12,8412,0.15594403468977366,0.15917017496244612,0.02115502878085696,0.6637307615669228,25,20,20
12,8413,0.1565121279974236,0.1591815560952031,0.007170378750294039,0.6771359371570788,25,20,20
12,8414,0.11569960858667974,0.14182919672723618,0.031663756233816495,0.710807438452268,25,20,20
12,8415,0.11564395044680081,0.11543678572629895,0.05122104811252498,0.7176982157143749,25,20,20
12,8416,0.12004559929623516,0.11499535931724436,0.051237580254512735,0.7137214611320075,25,20,20
12,8417,0.1200591750300865,0.15973672437963277,0.006207071336997436,0.7139970292532832,25,20,20
12,8418,0.12003399580280734,0.15686121249845933,0.004458850832488847,0.7186459408662444,25,20,20
12,8419,0.11528399867798665,0.11668711504678404,0.04954841056780565,0.7184804757074238,25,20,20
12,8420,0.11617132217249102,0.1001533789329448,0.06514619229522638,0.7185291065993369,25,20,20
12,8421,0.09711949702741282,0.09904985569516667,0.0807648237252082,0.7230658235522125,25,20,20
12,8422,0.09942630589613395,0.08201923465549871,0.09450037251660312,0.7240540869317662,25,20,20
12,8423,0.1330071622667394,0.07541086615802937,0.06678029523320687,0.724801676342024,25,20,20
12,8424,0.1333769314520838,0.03715857301322503,0.11119686998672382,0.7182676255479705,25,20,20
12,8425,0.13899658126728365,0.037158043859402363,0.09939852539304363,0.7244468494802713,25,20,20
12,8426,0.14810923551437752,0.03716195244964799,0.10000189789386488,0.714726914142112,25,20,20
12,8427,0.13901571094162002,0.040292943189439455,0.10520435832226038,0.7154869875466799,25,20,20
12,8428,0.15415474808392685,0.0399461185378179,0.13367516140433244,0.6722239719739257,25,20,20
12,8429,0.1224056953594056,0.03994621112597646,0.13203464620351302,0.7056134473111058,25,20,20
12,8430,0.14690625447894196,0.04072924515397948,0.10965583728047115,0.7027086630866067,25,20,20
12,8431,0.18368862517306236,0.04072971138000895,0.07433631753601806,0.7012453459109105,25,20,20
12,8432,0.18087816119578107,0.03994961571315931,0.06679811928517707,0.7123741038058824,25,20,20
12,8433,0.15772506914965922,0.039951228225891235,0.08789916326978967,0.7144245393546613,25,20,20
12,8434,0.19941449367429043,0.03873864819460184,0.047674844336494056,0.7141720137946139,25,20,20
12,8435,0.18254152789899522,0.03984080115250554,0.06402960268449064,0.7135880682640083,25,20,20
12,8436,0.21675827786003857,0.04104809318115923,0.023592475854909024,0.7186011531038932,25,20,20
12,8437,0.16662018471227957,0.042282255355128424,0.07783363550375409,0.7132639244288377,25,20,20
12,8438,0.11821234912229837,0.03732597661142741,0.09170106260162944,0.7527606116646476,25,20,20
12,8439,0.13400076069926256,0.03732572149505037,0.07043676854321594,0.758236749262471,25,20,20
12,8440,0.12729503450544466,0.03997111327421318,0.0873733173182467,0.7453605349020966,25,20,20
12,8441,0.12295257416487626,0.039955557304171836,0.07848369036849531,0.7586081781624562,25,20,20
12,8442,0.0808306550520716,0.03996404663176272,0.09252821885429627,0.7866770794618694,25,20,20
12,8443,0.08045221303299879,0.03808532376073229,0.09053939834436248,0.7909230648619056,25,20,20
12,8444,0.12203756487407577,0.038248258506947734,0.06365706645139252,0.7760571101675832,25,20,20
12,8445,0.11021819543614705,0.038248211355192845,0.06320637725793983,0.7883272159507193,25,20,20
12,8446,0.08565241939883358,0.03824825819303597,0.08481107356078808,0.7912882488473447,25,20,20
12,8447,0.07219635371668605,0.061138126583466325,0.06782160233506412,0.7988439173647826,25,20,20
12,8448,0.04421976298523471,0.07989961814441668,0.15453248077853773,0.7213481380918132,25,20,20
12,8449,0.04829923545247457,0.07989958798429114,0.15330789641516293,0.7184932801480727,25,20,20
12,8450,0.07717614917910515,0.07932990122733724,0.12406227589229644,0.7194316737012645,25,20,20
12,8451,0.015616164459683493,0.09124292470387957,0.17405661607098463,0.7190842947654522,25,20,20
12,8452,0.010611822726796817,0.11934085718700813,0.1720625430725477,0.697984777013647,25,20,20
12,8453,0.004849686053668501,0.08073268674757492,0.19622250767209265,0.7181951195266634,25,20,20
12,8454,0.041171259707302094,0.07990443296481525,0.16131458456463726,0.7176097227632462,25,20,20
12,8455,0.07471995152224926,0.08034613705797833,0.12666780390592527,0.718266107513849,25,20,20
12,8456,0.06597949897416963,0.08033559047928847,0.17489466267026293,0.6787902478762792,25,20,20
12,8457,0.0836102955463588,0.07998499644067641,0.16872762758128101,0.6676770804316888,25,20,20
12,8458,0.11943765108108866,0.07989136895939869,0.12218540053294376,0.6784855794265708,25,20,20
12,8459,0.1598639397865919,0.07986025141447411,0.08221912026902505,0.6780566885299095,25,20,20
12,8460,0.1655141105553426,0.05143208630225989,0.10389178950449196,0.6791620136379098,25,20,20
12,8461,0.1447496581945598,0.0801979656687474,0.09614765030371705,0.6789047258329758,25,20,20
12,8462,0.11201696729787197,0.04049187349330273,0.1679704577091473,0.6795207014996809,25,20,20
12,8463,0.1317742016264463,0.03983734087611028,0.18985957646203327,0.6385288810354094,25,20,20
12,8464,0.15032822173272367,0.04001321329561334,0.21435462503803013,0.5953039399336318,25,20,20
12,8465,0.15115139487673265,0.03880659081424917,0.20937976395406271,0.600662250354955,25,20,20
12,8466,0.11994898976786589,0.03880657066992486,0.25803000371990403,0.5832144358423057,25,20,20
12,8467,0.10965493152136492,0.03873633837876753,0.26492834943173965,0.5866803806681272,25,20,20
12,8468,0.1311885070324545,0.0399861055413444,0.21909072279364025,0.6097346646325639,25,20,20
12,8469,0.07649489649007603,0.03958321287484941,0.2451369826068956,0.6387849080281777,25,20,20
12,8470,0.10218922798346085,0.039939603569676116,0.2184295849162181,0.6394415835306442,25,20,20
12,8471,0.16724162999240544,0.04067024132736164,0.1527099821870117,0.6393781464932226,25,20,20
12,8472,0.1283268343777407,0.0007790691513270228,0.19816746119139472,0.6727266352795347,25,20,20
12,8473,0.15576156124213586,8.015938189590451e-05,0.17268702723299614,0.6714712521429723,25,20,20
12,8474,0.1679602101037342,2.1486573810438046e-05,0.14899105099653137,0.6830272523259278,25,20,20
12,8475,0.16712353096894556,2.068453930356158e-05,0.14945893162558777,0.6833968528661662,25,20,20
12,8476,0.18543172272116554,1.7331429362022282e-07,0.1349318854775747,0.6796362184869682,25,20,20
12,8477,0.17947528528606266,0.0009344823488720226,0.15385523543424898,0.6657349969308176,25,20,20
12,8478,0.16043767553556876,1.270831278454878e-09,0.16722993383714113,0.6723323893564576,25,20,20
12,8479,0.17278226302807181,2.2807031461645827e-09,0.15559832029990944,0.6716194143913186,25,20,20
12,8480,0.20114371419984464,0.0027620962710319706,0.117407451651214,0.6786867378779112,25,20,20
12,8481,0.2461364632893276,0.0027598414735026185,0.07348292389017828,0.6776207713469918,25,20,20
12,8482,0.1761465773566184,1.9884871821271458e-07,0.146753316668811,0.6770999071258533,25,20,20
12,8483,0.17425935762432104,7.337057899132117e-06,0.14762984063903548,0.6781034646787445,25,20,20
12,8484,0.24125510597543248,2.2496012112852475e-06,0.08585794419278305,0.6728847002305713,25,20,20
12,8485,0.243646160447844,0.0003509832109734807,0.08918504298933502,0.6668178133518495,25,20,20
12,8486,0.23996495007566293,1.8930056700204546e-05,0.08557158407149183,0.6744445357961482,25,20,20
12,8487,0.1964476650734753,1.8104217862688544e-05,0.12467835272299045,0.6788558779856743,25,20,20
12,8488,0.18899442989226536,1.7396955059644472e-05,0.13325343132224515,0.677734741830431,25,20,20
12,8489,0.18930957491589256,1.667389025499965e-05,0.13185637127982944,0.6788173799140274,25,20,20
12,8490,0.22673870580987093,1.4125587525250182e-05,0.09544960686903643,0.6777975617335694,25,20,20
12,8491,0.20617458000465508,1.2499687203464821e-06,0.12563547815835943,0.6681886918682658,25,20,20
12,8492,0.18604147436930635,7.330987978435312e-07,0.14071873334415325,0.6732390591877432,25,20,20
12,8493,0.1676486023258355,2.428812685724503e-05,0.15476063274307844,0.6775664768042293,25,20,20
12,8494,0.16874960661533753,2.4609166374581475e-05,0.15248736486119058,0.6787384193570978,25,20,20
12,8495,0.11725432798032293,1.872101383709224e-05,0.21671646377670284,0.6660104872291351,25,20,20
12,8496,0.06188926937403452,1.8786330947003278e-05,0.2557055335312443,0.6823864107637736,25,20,20
12,8497,0.04920716333273048,0.000834072794469641,0.24316096425392586,0.7067977996188756,25,20,20
12,8498,0.042914583823037436,0.0008340689655156466,0.23804124858105877,0.7182100986303891,25,20,20
12,8499,0.10201021140459267,0.02532366931768031,0.16743671337309607,0.7052294059046309,25,20,20
12,8500,0.07603138164934092,0.025329818648427108,0.19298832692848417,0.7056504727737483,25,20,20
12,8501,0.11228441854174251,0.02454545092152363,0.15687836913607633,0.7062917614006607,25,20,20
12,8502,0.1345775000404145,0.024533998447071683,0.13214275412650525,0.7087457473860101,25,20,20
12,8503,0.16966044488587198,0.02453439139800386,0.053861815539757794,0.7519433481763658,25,20,20
12,8504,0.17766159356424802,0.00027220233531950896,0.07576371049255279,0.746302493607879,25,20,20
12,8505,0.17612555143545275,0.0002875033498435007,0.06947239733509768,0.7541145478796046,25,20,20
12,8506,0.14561237608629635,6.080487660510857e-07,0.09594435485644948,0.7584426610084871,25,20,20
12,8507,0.1399652102747252,8.146404994797039e-07,0.10098658085971941,0.759047394225056,25,20,20
12,8508,0.14042765068122418,1.1877434811269196e-05,0.10014026794635605,0.75942020393761,25,20,20
12,8509,0.1343804870468163,1.1798723834715722e-05,0.10732162290481793,0.7582860913245314,25,20,20
12,8510,0.12248366331694989,1.222275771309159e-07,0.15978231348254224,0.7177339009729322,25,20,20
12,8511,0.11027881939731252,1.4908900661616079e-05,0.17195270317451855,0.7177535685275057,25,20,20
12,8512,0.11023564188748242,2.776076943423974e-05,0.17502282180841372,0.7147137755346681,25,20,20
12,8513,0.15305113419967173,3.4219391557804434e-08,0.1537186284096996,0.6932302031712376,25,20,20
12,8514,0.16608793296443525,3.9427738790696584e-08,0.12155628996258727,0.712355737645237,25,20,20
12,8515,0.1138244564821032,0.0003173211624803172,0.18422327065949434,0.701634951695925,25,20,20
12,8516,0.15892841594801443,0.0003462738588578178,0.12802664406674047,0.7126986661263901,25,20,20
12,8517,0.17216237220054825,1.4614646657459216e-05,0.11498404684063913,0.7128389663121578,25,20,20
12,8518,0.187480851818809,1.4604559106806784e-05,0.09300314706710987,0.7195013965549757,25,20,20
12,8519,0.19055390161719707,2.7144201186766993e-05,0.09105757965874225,0.7183613745228754,25,20,20
12,8520,0.14990817437619688,1.3932728583716587e-05,0.1367110835820253,0.7133668093131961,25,20,20
12,8521,0.13335982282927308,1.3979854459230897e-05,0.17382132429168948,0.6928048730245783,25,20,20
12,8522,0.11455959870799722,2.777719207933476e-06,0.13480739028857944,0.7506302332842157,25,20,20
12,8523,0.15541599189060878,4.814366953728294e-08,0.10802832632517967,0.736555633640543,25,20,20
12,8524,0.14565206881053805,6.828494687595241e-07,0.11213597292565904,0.7422112754143363,25,20,20
12,8525,0.12277730282966827,5.682777173618867e-08,0.16085416698987381,0.7163684733526865,25,20,20
12,8526,0.08828029732943518,7.33438207616516e-07,0.19840440277011395,0.7133145664622433,25,20,20
12,8527,0.08499337116594234,6.7610623991841e-06,0.20281282230098946,0.7121870454706714,25,20,20
12,8528,0.1435869338306794,3.0739206211822862e-06,0.14829524644631734,0.7081147458023841,25,20,20
12,8529,0.13906753521409287,3.0454627056100882e-06,0.15277276750163865,0.7081566518215628,25,20,20
12,8530,0.14549294698910795,0.0009236673613859321,0.12986192758335677,0.723721458066151,25,20,20
12,8531,0.15565465041335907,3.4097229318443814e-05,0.09444218260796652,0.7498690697493561,25,20,20
12,8532,0.12076407245880877,3.564869456795652e-07,0.12517012124318858,0.7540654498110579,25,20,20
12,8533,0.10880422127200023,3.847916811493538e-07,0.13250862005129846,0.7586867738850228,25,20,20
12,8534,0.09936500108506323,3.494232337473843e-09,0.1525337421820679,0.7481012532386413,25,20,20
12,8535,0.14468675737880166,1.6398351961429446e-06,0.06926730320886508,0.7860442995771354,25,20,20
12,8536,0.13913779528736592,9.130680303319321e-08,0.0633810810643161,0.7974810323415149,25,20,20
12,8537,0.13589174000404602,8.35780321168066e-08,0.06515528191987344,0.7989528944980476,25,20,20
12,8538,0.19702485184751964,2.834634972563318e-08,0.015256307342656684,0.7877188124634739,25,20,20
12,8539,0.19700379283685282,8.453377506033664e-08,0.040782326115128116,0.7622137965142437,25,20,20
12,8540,0.1415731422042425,8.663663911163689e-08,0.09879922851088542,0.7596275426482338,25,20,20
12,8541,0.14753007500722906,5.187680308304122e-07,0.09393429235719808,0.7585351138675429,25,20,20
12,8542,0.14165229527948286,1.2852730901013685e-06,0.09992073323137653,0.7584256862160508,25,20,20
12,8543,0.15548801018060157,7.504003530428768e-07,0.08554726952537971,0.7589639698936657,25,20,20
12,8544,0.16393661576337124,6.386920604089226e-07,0.09740200635598657,0.7386607391885828,25,20,20
12,8545,0.12207740015922813,6.8229302383866e-07,0.13328137947669105,0.744640538071058,25,20,20
12,8546,0.12270138102885535,6.254322393138104e-07,0.1637607948440811,0.7135371986948255,25,20,20
12,8547,0.1395707668115735,9.013445325569013e-07,0.1517176795683347,0.7087106522755592,25,20,20
12,8548,0.11052111225584309,5.0201211419256934e-06,0.17863328206674176,0.7108405855562756,25,20,20
12,8549,0.11844455360989929,0.000513880230546323,0.16195736626538998,0.7190841998941682,25,20,20
12,8550,0.11931221651033748,1.3368688533693132e-05,0.12145484268204779,0.7592195721190821,25,20,20
12,8551,0.12272497244356073,1.329464924543663e-05,0.129767688444669,0.7474940444625247,25,20,20
12,8552,0.15996718644540564,3.614399044268502e-08,0.08150610403103936,0.7585266733795645,25,20,20
12,8553,0.13856533517213504,5.750161144742833e-06,0.13832897295480515,0.7230999417119139,25,20,20
12,8554,0.16132551358916974,8.792256110169335e-06,0.0937709783317603,0.7448947158229609,25,20,20
12,8555,0.1598049910908726,3.3417639748450775e-06,0.08630440124144646,0.7538872659037065,25,20,20
12,8556,0.15333147997605143,3.0574799332188923e-06,0.09492069635466213,0.751744766189353,25,20,20
12,8557,0.12748624618525997,4.158757282412363e-06,0.11400171537330511,0.7585078796841532,25,20,20
12,8558,0.1074015408424737,2.918681252300611e-06,0.13487013856384236,0.7577254019124314,25,20,20
12,8559,0.12624262488317228,2.9778137477463433e-06,0.12701610780542297,0.7467382894976582,25,20,20
12,8560,0.1500860425854895,1.9785705639503724e-09,0.10212803169245432,0.7477859237434881,25,20,20
12,8561,0.17410153512495044,4.0808165405301707e-07,0.06719326898355264,0.7587047878098422,25,20,20
12,8562,0.1444213446665412,4.0813133825799467e-07,0.10170975016161404,0.7538684970405071,25,20,20
12,8563,0.1321295568357555,1.0706465264106785e-05,0.1183240210000545,0.7495357156989274,25,20,20
12,8564,0.16031589824313108,1.558824887114423e-05,0.11613955443874495,0.7235289590692521,25,20,20
12,8565,0.14881735341594823,1.5612046941487233e-05,0.10766964929914344,0.7434973852379678,25,20,20
12,8566,0.13870008361940167,8.794682974927565e-06,0.11788733305824531,0.7434037886393777,25,20,20
12,8567,0.12058315484708297,9.479357868497599e-06,0.16897968423276638,0.7104276815622848,25,20,20
12,8568,0.10812549690124705,9.414704224260539e-06,0.17587035121605565,0.7159947371784723,25,20,20
12,8569,0.14180751999824134,8.939410648532301e-06,0.11351327298518411,0.7446702676059257,25,20,20
12,8570,0.16081862477456668,8.924542312807323e-06,0.08101213865569883,0.7581603120274223,25,20,20
12,8571,0.13896283801883577,7.223285699268402e-07,0.10630362058003896,0.7547328190725558,25,20,20
12,8572,0.15030480359557108,7.155059919946417e-07,0.09440556549286411,0.7552889154055733,25,20,20
12,8573,0.16534205689296133,7.387789494964896e-07,0.07994635193916054,0.7547108523889285,25,20,20
12,8574,0.1535039803122587,1.030966395788536e-06,0.09271110870739462,0.7537838800139509,25,20,20
12,8575,0.09036416227549707,2.101349780224838e-05,0.1535936535970648,0.7560211706296416,25,20,20
12,8576,0.15165811499612988,6.762000199369869e-06,0.08951381091779821,0.7588213120858773,25,20,20
12,8577,0.151130030930675,6.255738423566927e-06,0.10180804675102388,0.7470556665798785,25,20,20
12,8578,0.18988572535411258,7.044070651869714e-07,0.06861792468451614,0.7414956455543055,25,20,20
12,8579,0.16029025412010134,1.68758400949387e-05,0.07637024384809149,0.7633226261917126,25,20,20
12,8580,0.13655617934320605,6.494410982910709e-06,0.09951420805525406,0.7639231181905566,25,20,20
12,8581,0.116106157494689,1.3721831028746632e-08,0.08552200781342575,0.7983718209700545,25,20,20
12,8582,0.119035232365697,0.00036135047414032664,0.08137651456661026,0.7992269025935533,25,20,20
12,8583,0.13058097348420067,0.0003707583776115638,0.07043200569020353,0.7986162624479843,25,20,20
12,8584,0.11101176418542094,9.45572415798218e-06,0.09050019317429553,0.7984785869161283,25,20,20
12,8585,0.0758530825112956,1.5544105268022183e-05,0.12474154713899503,0.7993898262444428,25,20,20
12,8586,0.03165100345355854,1.0231765535372373e-07,0.16995934958388476,0.7983895446448998,25,20,20
12,8587,0.08115286898944002,5.231499169623525e-05,0.1267283473394329,0.7920664686794325,25,20,20
12,8588,0.0821369232857966,1.4850920281172053e-05,0.11931961735552689,0.7985286084383965,25,20,20
12,8589,0.06074508591332387,0.00023159038994508035,0.14053843756385295,0.7984848861328802,25,20,20
12,8590,0.08315516691353933,3.3234293806076126e-07,0.1230739658600014,0.7937705348835226,25,20,20
12,8591,0.121623910244387,3.311903779727111e-07,0.08554087548361329,0.7928348830816212,25,20,20
12,8592,0.09941103256764877,2.6455201951389096e-07,0.10746973484096432,0.7931189680393698,25,20,20
12,8593,0.08369826540088839,2.2312728550564115e-07,0.12040318172252479,0.7958983297493039,25,20,20
12,8594,0.08359832913508178,3.1401187703044297e-05,0.11560575698517778,0.8007645126920379,25,20,20
12,8595,0.08169662772290104,1.5627632503272941e-06,0.10245249027658251,0.8158493192372661,25,20,20
12,8596,0.08587693313751193,1.5581008605506988e-06,0.10690048695533495,0.8072210218062911,25,20,20
12,8597,0.0893467752442946,4.128622268255933e-08,0.10052557341883282,0.8101276100506515,25,20,20
12,8598,0.12529512020462677,8.546791160940318e-11,0.050268805575869165,0.8244360741340353,25,20,20
12,8599,0.11039084410525904,2.4305565586631788e-06,0.05084324741193291,0.838763477926249,25,20,20
12,8600,0.07088465703478568,2.478111770597839e-06,0.09060471162490699,0.8385081532285387,25,20,20
12,8601,0.07015446048902835,2.4260313493640783e-06,0.10274184962084049,0.8271012638587802,25,20,20
12,8602,0.06894704201177429,3.20915401556171e-06,0.06470641911433757,0.8663433297198726,25,20,20
12,8603,0.08895631946013914,8.01410026259293e-07,0.05149982292987395,0.8595430561999606,25,20,20
12,8604,0.10501817553243566,2.563298085089697e-10,0.023282219076839788,0.8716996051343936,25,20,20
12,8605,0.11087413836908143,4.708796639309284e-10,0.017643247194574302,0.8714826139654639,25,20,20
12,8606,0.07839564538871721,8.378916928411142e-10,0.06131599747510226,0.8602883562982876,25,20,20
12,8607,0.1238824089663753,1.0872068049785303e-09,0.010041415668060175,0.8660761742783575,25,20,20
12,8608,0.08286599597386475,8.158050254985821e-09,0.08247919637657838,0.8346547994915093,25,20,20
12,8609,0.11977376995537202,1.8078529801444701e-06,0.04077142507200603,0.8394529971196402,25,20,20
12,8610,0.10254116277717742,1.8389058910966106e-06,0.08999395061819199,0.8074630476987394,25,20,20
12,8611,0.12966530922250052,4.348445138268015e-06,0.09900676499122373,0.7713235773411377,25,20,20
12,8612,0.09339760049518157,2.603306459129444e-06,0.12867824287512586,0.7779215533232349,25,20,20
12,8613,0.1361571614631273,4.970942791893105e-08,0.11952999778217999,0.7443127910452665,25,20,20
12,8614,0.09643277634560483,5.381070599242107e-09,0.16012127268991563,0.7434459455834124,25,20,20
12,8615,0.1091632602221551,5.370514207283547e-09,0.1387745732209833,0.7520621611863505,25,20,20
12,8616,0.11953532460355962,1.5532691702946252e-08,0.13408904346070225,0.7463756164030461,25,20,20
12,8617,0.20081344386052272,2.1868554326331802e-07,0.09298640773050737,0.7061999297234248,25,20,20
12,8618,0.203888367434068,0.0011258707885320946,0.08197822478164278,0.7130075369957564,25,20,20
12,8619,0.20307636396288425,8.859423272831697e-07,0.07859563139087772,0.7183271187039106,25,20,20
12,8620,0.20401798852377268,0.0005633535703367862,0.07686990253254845,0.7185487553733415,25,20,20
12,8621,0.2271527595955636,4.4014758723389324e-07,0.054512347197332715,0.7183344530595162,25,20,20
12,8622,0.19254007874035717,5.475417760738971e-07,0.08872681832802363,0.718732555389844,25,20,20
12,8623,0.1980706514438258,1.003262956751372e-06,0.08333915133641259,0.7185891939568078,25,20,20
12,8624,0.15677026287300427,2.646696209305435e-07,0.13897821509823927,0.7042512573591378,25,20,20
12,8625,0.11364813645211413,2.457802192408666e-08,0.16744932146972605,0.718902517500135,25,20,20
12,8626,0.10415145700114635,4.053072823067842e-07,0.1713855403678303,0.7244625973237419,25,20,20
12,8627,0.16708664745896556,4.0707241400567377e-07,0.11005457819465157,0.7228583672739687,25,20,20
12,8628,0.15054538495206718,4.179109581608591e-07,0.1366105237216714,0.7128436734153044,25,20,20
12,8629,0.07031392781519147,2.7299955526103813e-07,0.21795591227402042,0.7117298869112351,25,20,20
12,8630,0.12332973669498401,2.377448671002782e-06,0.13424425941752965,0.7424236264388159,25,20,20
12,8631,0.14601439615763853,1.7198652333255105e-09,0.11566702113186325,0.738318580990633,25,20,20
12,8632,0.16025509218595585,1.2561307878904377e-09,0.09158508332783728,0.7481598232300793,25,20,20
12,8633,0.1984986498435444,1.0039657084079466e-05,0.0873031928616982,0.7141881176376736,25,20,20
12,8634,0.16948507204753688,1.5853140764659974e-06,0.17071699091763495,0.6597963517207542,25,20,20
12,8635,0.16837498108248344,5.939556008576675e-08,0.1615526938081175,0.6700722657138407,25,20,20
12,8636,0.15518586209101964,1.2156490119569582e-06,0.1621177809131246,0.6826951413468468,25,20,20
12,8637,0.13407717651816298,3.5797292999593526e-07,0.18783327947092926,0.6780891860379805,25,20,20
12,8638,0.12357542436923322,3.5401200850789166e-07,0.19230425081232508,0.6841199708064353,25,20,20
12,8639,0.16432840654258396,4.0214752331672375e-05,0.14657999281979062,0.6890513858852961,25,20,20
12,8640,0.1392063360102199,0.00029058579594127843,0.18098844511222928,0.6795146330816111,25,20,20
12,8641,0.13505734691297377,0.013892715716651452,0.17827426199443436,0.6727756753759428,25,20,20
12,8642,0.11531700784971786,0.0402436725000053,0.16609150504272852,0.6783478146075526,25,20,20
12,8643,0.13047916948967922,0.03995285123493539,0.15177587881112067,0.6777921004642654,25,20,20
12,8644,0.1512567402433156,0.03995286189599403,0.13090564742865243,0.67788475043204,25,20,20
12,8645,0.22604509223548652,0.03994199429240174,0.05599802558210409,0.678014887890008,25,20,20
12,8646,0.21235696185335462,0.00027419759860812466,0.1099623852778981,0.6774064552701425,25,20,20
12,8647,0.2219589377200603,1.946741339621131e-07,0.1016366335192174,0.676404234086591,25,20,20
12,8648,0.22531905944282682,1.096032863700647e-06,0.0916625040281763,0.6830173404961354,25,20,20
12,8649,0.2359877344469356,1.089601208186469e-06,0.045630414721473354,0.7183807612303841,25,20,20
12,8650,0.20279374870887013,6.925079026202863e-05,0.09211011274017153,0.7050268877606974,25,20,20
12,8651,0.16800560151488908,1.7171744863986154e-07,0.126451865053413,0.7055423617142513,25,20,20
12,8652,0.16986504459887602,1.6639015397763232e-07,0.11206644850068023,0.71806834051029,25,20,20
12,8653,0.20459771157571527,2.583490519713622e-07,0.07801335097390326,0.7173886791013289,25,20,20
12,8654,0.20095158979554031,1.8410891114780095e-08,0.07960163042946658,0.7194467613641012,25,20,20
12,8655,0.19760153838530897,9.09760202226072e-07,0.08361315532728021,0.71878439652721,25,20,20
12,8656,0.2227422495135344,1.4257388014208799e-08,0.05910419061265654,0.7181535456164204,25,20,20
12,8657,0.24040671711929032,3.83386485185383e-05,0.041181913734473434,0.7183730304977175,25,20,20
12,8658,0.21286481092120266,4.2231657118439865e-05,0.08917751868589839,0.6979154387357809,25,20,20
12,8659,0.1858140974600056,1.9682634857886434e-06,0.1019362019509587,0.7122477323255506,25,20,20
12,8660,0.225767007015502,1.6880069876055955e-09,0.05592356429772314,0.7183094269987665,25,20,20
12,8661,0.23637485654778118,6.910437238495102e-09,0.044708478915117034,0.7189166576266642,25,20,20
12,8662,0.2514319279816699,2.5702089030800093e-08,0.029413734151755976,0.719154312164485,25,20,20
12,8663,0.2529766077196413,1.6194249241126357e-08,0.04201180169076427,0.7050115743953452,25,20,20
12,8664,0.2507111019793402,5.1982997314672725e-08,0.030293326713269925,0.7189955193243918,25,20,20
12,8665,0.18977595084543386,1.5380600547085797e-05,0.09137921856532953,0.7188294499886918,25,20,20
12,8666,0.2739373392742973,5.335838118711737e-08,0.013973044816558975,0.7120895625507626,25,20,20
12,8667,0.20571809029062474,4.5232065120195076e-08,0.08611323085353416,0.7081686336237794,25,20,20
12,8668,0.21165233636645314,8.885702684156154e-06,0.08186460500509471,0.7064741729257681,25,20,20
12,8669,0.23774515294531098,5.945703320597512e-08,0.048915677857739336,0.7133391097399162,25,20,20
12,8670,0.1777856139594671,8.090542356985142e-05,0.06814051491502778,0.7539929657019357,25,20,20
12,8671,0.12897176458675275,4.948753012541063e-08,0.11310821166514413,0.7579199742605754,25,20,20
12,8672,0.1294022882178572,3.5146041041971805e-08,0.12713150442116702,0.7434661722149362,25,20,20
12,8673,0.08505174490194145,7.184983371292847e-09,0.1316085877966299,0.7833396601164475,25,20,20
12,8674,0.08559069270862642,9.420179748036393e-08,0.08153046888392067,0.8328787442056546,25,20,20
12,8675,0.0433683451861791,8.65155021401673e-05,0.12211039053880626,0.8344347487728762,25,20,20
12,8676,0.14559391821119305,3.418844841280721e-07,0.020652269249387945,0.8337534706549348,25,20,20
12,8677,0.15845441096805005,5.668285909359291e-08,0.04586481179638148,0.7956807205527077,25,20,20
12,8678,0.1599633193612893,6.011904681542582e-09,0.0730715868408088,0.766965087785996,25,20,20
12,8679,0.07050745784424364,6.926173972208404e-05,0.16355801942584425,0.7658652609901877,25,20,20
12,8680,0.11455993308924456,4.51563905312417e-08,0.1260682667852448,0.7593717549691223,25,20,20
12,8681,0.09798745909700246,1.337619239327449e-07,0.1420698992857698,0.7599425078553048,25,20,20
12,8682,0.1720037887626553,1.4109876316736143e-07,0.06828285723032486,0.7597132129082559,25,20,20
12,8683,0.12423484108422667,1.0174776342704718e-05,0.11930196360122654,0.7564530205382047,25,20,20
12,8684,0.14543172321121633,3.5682113537552806e-07,0.13812786360219037,0.7164400563654596,25,20,20
12,8685,0.16006255172505435,2.0169023322775815e-05,0.12193301324370216,0.7179842660079214,25,20,20
12,8686,0.11281602938629914,2.6343830105739364e-05,0.16798673083662327,0.719170895946972,25,20,20
12,8687,0.09037669941148879,0.0033122850166739186,0.19215386502974166,0.7141571505420974,25,20,20
12,8688,0.08725980472104061,5.618773801336744e-05,0.19797712133404788,0.7147068862069003,25,20,20
12,8689,0.1701246238986252,2.0332554558462093e-05,0.11044728424119457,0.7194077593056213,25,20,20
12,8690,0.1084301794875441,2.1495659943876344e-05,0.17270699008239754,0.718841334770116,25,20,20
12,8691,0.11141820769058951,0.020934686806741164,0.15332383274785535,0.7143232727548171,25,20,20
12,8692,0.14524666444774953,0.040021211344125264,0.11509623843614197,0.6996358857719845,25,20,20
12,8693,0.11590321919925767,0.03994002647743045,0.13872451086687085,0.7054322434564423,25,20,20
12,8694,0.13542611818006958,0.03994040507105979,0.12415983494147884,0.7004736418073969,25,20,20
12,8695,0.09802543407169853,0.0399400185998426,0.15687492588791146,0.7051596214405517,25,20,20
12,8696,0.1382980238846092,0.03990158602883729,0.12535748922309897,0.6964429008634567,25,20,20
12,8697,0.05318318825057098,0.03823509916793319,0.22219292538302957,0.6863887871984636,25,20,20
12,8698,0.12050084557898398,0.03823432465515319,0.17302810927668294,0.6682367204891803,25,20,20
12,8699,0.11425205127854393,0.03823449090112207,0.18243369676194782,0.665079761058386,25,20,20
12,8700,0.07219558217285951,0.0382531040405448,0.22263432378048417,0.6669169900061105,25,20,20
12,8701,0.10040981909708259,0.03825299115339841,0.19304247182698375,0.6682947179225373,25,20,20
12,8702,0.10767064716692448,0.03873008036278989,0.18717931896029127,0.6664199535099954,25,20,20
12,8703,0.09233231111198802,0.03876857055183853,0.18549816561330146,0.6834009527228717,25,20,20
12,8704,0.15930401734851046,0.039534675086236704,0.12871184840738972,0.6724494591578641,25,20,20
12,8705,0.152150352107847,0.03953505337063626,0.12992513663276362,0.6783894578887552,25,20,20
12,8706,0.12556629474631537,0.03953491482056462,0.12130655990395744,0.7135922305291629,25,20,20
12,8707,0.1569046810844302,0.014165611112098474,0.11748454221914222,0.7114451655843298,25,20,20
12,8708,0.1607208730821776,0.014162619798381277,0.11392697459709106,0.7111895325223517,25,20,20
12,8709,0.17991019620121412,0.03994724849377476,0.062051747942985534,0.718090807362026,25,20,20
12,8710,0.21346126089523274,0.039954909565058004,0.07402899169252451,0.6725548378471836,25,20,20
12,8711,0.09507871759129842,0.04035531012635108,0.15162467219472053,0.712941300087633,25,20,20
12,8712,0.12677283548062626,0.03990459997648921,0.12851952857066956,0.704803035972216,25,20,20
12,8713,0.1344146390478178,0.040338520299199196,0.10600995408989133,0.7192368865630909,25,20,20
12,8714,0.08305941472235741,0.03989840280519741,0.15773551227227747,0.7193066702001724,25,20,20
12,8715,0.11990098577994988,0.03989664878121434,0.12141186276361111,0.7187905026752262,25,20,20
12,8716,0.1554747409034816,0.03989662312942208,0.08424159339560006,0.7203870425715002,25,20,20
12,8717,0.15482733891238135,0.039930532155863736,0.08458371727642083,0.720658411655335,25,20,20
12,8718,0.1649952745879056,0.03861934631181114,0.0837786577497546,0.7126067213505303,25,20,20
12,8719,0.17943402222746538,1.3906560838319498e-05,0.11939947240676661,0.7011525988049309,25,20,20
12,8720,0.17455181262682257,1.4849525592434128e-05,0.1824223819608428,0.6430109558867442,25,20,20
12,8721,0.22330014694446054,0.00021498180806722465,0.10988131585331136,0.666603555394164,25,20,20
12,8722,0.2289489915114641,0.0002150818192066699,0.10335156221488567,0.6674843644544441,25,20,20
12,8723,0.23789616684935397,0.00021492850065214463,0.08405828142207444,0.6778306232279189,25,20,20
12,8724,0.2044123897058706,0.00039815737109723666,0.12637442457430453,0.6688150283487292,25,20,20
12,8725,0.1926980230876517,7.946264896859637e-08,0.1377108056032464,0.6695910918464543,25,20,20
12,8726,0.23636295446441935,4.634498648866111e-06,0.08087751705611565,0.6827548939808156,25,20,20
12,8727,0.24581254087975196,4.620959129804751e-06,0.05609111805699097,0.6980917201041266,25,20,20
12,8728,0.2637505469891543,4.618690016766312e-06,0.03965473720062317,0.6965900971202054,25,20,20
12,8729,0.26238045631403983,3.469639211420631e-07,0.020220502264440783,0.717398694457598,25,20,20
12,8730,0.2430547404154726,8.635286161144576e-06,0.037808275333743764,0.7191283489646214,25,20,20
12,8731,0.20062238384220368,5.264369815106856e-07,0.04099089602704767,0.7583861936937665,25,20,20
12,8732,0.18821026471470503,4.394350739394211e-06,0.08904276851180475,0.722742572422751,25,20,20
12,8733,0.1662367602586825,4.807290768029303e-06,0.15612264930519149,0.6776357831453594,25,20,20
12,8734,0.14901476819874207,4.465544992278535e-06,0.1726770965407961,0.6783036697154725,25,20,20
12,8735,0.1709637442702762,3.9339290075188115e-06,0.14775364366869612,0.6812786781320247,25,20,20
12,8736,0.19430684266817305,8.892708395503566e-07,0.12739053743787945,0.6783017306231116,25,20,20
12,8737,0.22414523240787954,1.480706949575746e-05,0.09265535518851827,0.6831846053341079,25,20,20
12,8738,0.23259398306946366,1.4258152461657121e-05,0.05791667842854526,0.7094750803495308,25,20,20
12,8739,0.19689715965111262,2.5613131345592115e-06,0.08389312866059542,0.7192071503751585,25,20,20
12,8740,0.2306996622235355,2.3158546964050466e-06,0.06095576021854503,0.7083422617032223,25,20,20
12,8741,0.22369806118516838,2.6028598511759523e-07,0.06822065291648528,0.7080810256123601,25,20,20
12,8742,0.22424040463497977,2.1431849844834704e-07,0.05681507487826946,0.7189443061682514,25,20,20
12,8743,0.16287583761048247,2.440928992163086e-07,0.12862205747840574,0.7085018608182133,25,20,20
12,8744,0.15064984923616337,1.3992943293243841e-06,0.13609440840346487,0.7132543430660452,25,20,20
12,8745,0.20496761717248163,1.263237774299196e-07,0.07631159998954573,0.7187206565141951,25,20,20
12,8746,0.1757130940592383,1.1204916159186616e-09,0.09621921308711294,0.7280676917331569,25,20,20
12,8747,0.18753572205514135,1.1891998646003233e-05,0.09120771290843985,0.7212446730377726,25,20,20
12,8748,0.1701704852809652,1.6697007868925258e-05,0.1084921265266074,0.7213206911845594,25,20,20
12,8749,0.22308527824058996,1.2594981805499693e-08,0.09263506050191023,0.6842796486625198,25,20,20
12,8750,0.17649225633820761,1.2234164353742543e-06,0.1422443954955536,0.6812621247498053,25,20,20
12,8751,0.17378863231044067,1.9596543105175555e-06,0.15918447125699403,0.667024936778256,25,20,20
12,8752,0.15531791310597406,2.9518325697315025e-06,0.1669425594058691,0.6777365756555875,25,20,20
12,8753,0.14068940013316097,1.8463581970322259e-06,0.19264677112713177,0.6666619823815104,25,20,20
12,8754,0.19679028500911833,1.2775824947566483e-06,0.12421384752831807,0.6789945898800681,25,20,20
12,8755,0.19572253454389013,6.571773235571433e-08,0.1187647316138501,0.6855126681245285,25,20,20
12,8756,0.2135002202536426,8.101322056823301e-05,0.11241370928289987,0.6740050572428905,25,20,20
12,8757,0.19721174601027996,8.155551054761803e-05,0.14583908628588818,0.656867612193286,25,20,20
12,8758,0.22867769712940192,3.242831731919057e-08,0.1525669141583221,0.6187553562839615,25,20,20
12,8759,0.2117957867337734,1.2044214894563987e-06,0.15598790887565114,0.6322150999690868,25,20,20
12,8760,0.20853380580669065,3.679704112227991e-08,0.14857500368458848,0.6428911537116819,25,20,20
12,8761,0.25485397072427873,5.72082557539576e-08,0.06367767936123932,0.6814682927062257,25,20,20
12,8762,0.27503048095150895,1.887383178156289e-08,0.06062926797831329,0.664340232196345,25,20,20
12,8763,0.25778882730480246,2.504935962664029e-05,0.06408285542168767,0.6781032679138821,25,20,20
12,8764,0.2288669071749947,4.769289508684305e-08,0.09271507835701015,0.6784179667751015,25,20,20
12,8765,0.29195738242293245,8.556067596712719e-08,0.04582587059998921,0.662216661416402,25,20,20
12,8766,0.2851375344948161,1.075988079253236e-05,0.03537974531381255,0.6794719603105783,25,20,20
12,8767,0.2727298174598347,1.0879618794980034e-05,0.048182491421988105,0.6790768114993821,25,20,20
12,8768,0.24621749126440381,1.1421177774138968e-05,0.07035716510394645,0.6834139224538753,25,20,20
12,8769,0.22039376955853635,2.1263843404847795e-08,0.11208586736139463,0.6675203418162264,25,20,20
12,8770,0.14113827079431682,4.509749005204624e-06,0.18018453903246193,0.6786726804242176,25,20,20
12,8771,0.13864110229373178,5.005404365650028e-06,0.1829361605977071,0.678417731704197,25,20,20
12,8772,0.17103486973897009,7.50672960204458e-05,0.1416534273265536,0.6872366356384575,25,20,20
12,8773,0.1385299409626712,3.4836221083040994e-06,0.17417330397821076,0.6872932714370127,25,20,20
12,8774,0.2182012648990141,6.778302264982469e-07,0.09479092740598002,0.6870071298647842,25,20,20
12,8775,0.15659473550611433,2.1919201263088326e-05,0.1561367236562191,0.6872466216364073,25,20,20
12,8776,0.14747257072274342,2.185237276317652e-05,0.17359989488166627,0.678905682022828,25,20,20
12,8777,0.15986853333204146,2.393865852040705e-05,0.15691484096769878,0.6831926870417404,25,20,20
12,8778,0.2536089614993767,0.0002996068723273701,0.0783170993708403,0.6677743322574565,25,20,20
12,8779,0.1898538597781009,7.973531976533431e-07,0.09102573949951853,0.7191196033691835,25,20,20
12,8780,0.18778260095438687,1.542707908624502e-06,0.101229239497775,0.7109866168399301,25,20,20
12,8781,0.21675492014590905,1.4732577387651074e-06,0.10425117960037282,0.6789924269959804,25,20,20
12,8782,0.18782473799990093,1.808390025575376e-06,0.12088180058460928,0.6912916530254661,25,20,20
12,8783,0.18954722033035548,1.813928532641589e-06,0.11981293061053284,0.6906380351305802,25,20,20
12,8784,0.16323490342635277,1.670573436117937e-06,0.11898273429335252,0.71778069170686,25,20,20
12,8785,0.19040715298537705,1.918898090734187e-08,0.09103253939631012,0.7185602884293327,25,20,20
12,8786,0.16375310877075389,1.2160279850753922e-07,0.11402126272241667,0.7222255069040315,25,20,20
12,8787,0.22212958570775643,2.391490496286469e-05,0.05916364834373895,0.718682851043542,25,20,20
12,8788,0.18238256302687192,2.3923579766310567e-05,0.09828162503522264,0.71931188835814,25,20,20
12,8789,0.19837720437253178,1.5479886596765973e-07,0.08897312928584956,0.7126495115427548,25,20,20
12,8790,0.18439244916152162,2.3444365527927443e-05,0.09719232996779245,0.7183917765051592,25,20,20
12,8791,0.19678212574350123,4.127859079149511e-05,0.08369983859140129,0.7194767570743048,25,20,20
12,8792,0.17795578503063347,1.1077254364315103e-06,0.11687191471618778,0.7051711925277426,25,20,20
12,8793,0.19141423752229828,5.283793933408091e-09,0.10392523932426803,0.704660517869641,25,20,20
12,8794,0.134922192045038,3.490488778814795e-07,0.16348385461683052,0.701593604289255,25,20,20
12,8795,0.11166554791760178,5.97973525375927e-08,0.13640268514256196,0.7519317071424877,25,20,20
12,8796,0.16148400987077097,4.6897268048577074e-08,0.08609499209331045,0.7524209511386504,25,20,20
12,8797,0.1248220319001123,1.5164075518550814e-07,0.12462728248176914,0.7505505339773638,25,20,20
12,8798,0.15494220305612047,1.8083126880622677e-05,0.10923216325256929,0.7358075505644304,25,20,20
12,8799,0.21725485167122766,2.0608889816701404e-09,0.03819786630844872,0.7445472799594343,25,20,20
12,8800,0.2088067673955379,8.241639569383295e-08,0.03768695615523609,0.7535061940328305,25,20,20
12,8801,0.1935039932311716,9.038446813254725e-09,0.05234747588828355,0.7541485218420982,25,20,20
12,8802,0.18788087372467957,8.6508640015226e-06,0.06180839454946992,0.7503020808618481,25,20,20
12,8803,0.1731895545913094,2.51689321466487e-05,0.07158085759296359,0.75520441888358,25,20,20
12,8804,0.16195746146702214,4.422345408518293e-07,0.0786678694077727,0.7593742268906639,25,20,20
12,8805,0.13701253282040776,3.1626987684921526e-07,0.10370254510689005,0.7592846058028261,25,20,20
12,8806,0.11294628727880492,0.0009094589059746568,0.12774409575298862,0.7584001580622319,25,20,20
12,8807,0.11779486277749031,8.176449918030221e-07,0.13908448281571212,0.7431198367618067,25,20,20
12,8808,0.1101228135175502,2.027865074508469e-05,0.1312655242656142,0.7585913835660907,25,20,20
12,8809,0.13301223602376927,2.0231120496311344e-05,0.1229735379712244,0.7439939948845109,25,20,20
12,8810,0.13236623404981515,6.873087342651622e-07,0.12848050439482658,0.7391525742466274,25,20,20
12,8811,0.16640757450099516,0.00031231863051462945,0.07423857441739853,0.7590415324510922,25,20,20
12,8812,0.16727706088101943,0.0003123192213060507,0.10223585929465945,0.7301747606030149,25,20,20
12,8813,0.15159947466824547,2.026026615392342e-05,0.08928591742324972,0.759094347642352,25,20,20
12,8814,0.1371998564811805,3.845855672005304e-07,0.10348197519584473,0.7593177837374074,25,20,20
12,8815,0.14282193468576268,1.4205913981895693e-06,0.09798346669174864,0.7591931780310898,25,20,20
12,8816,0.18930284207139633,7.027006166796333e-08,0.05616390401278291,0.7545331836457592,25,20,20
12,8817,0.18774278383018117,2.2927254175548215e-07,0.05356361069980805,0.7586933761974686,25,20,20
12,8818,0.19928086194477693,0.0021411291660682658,0.040401883621785345,0.7581761252673692,25,20,20
12,8819,0.20983286965859235,3.555073102430057e-07,0.02869038316178352,0.7614763916723128,25,20,20
12,8820,0.21301593059261065,4.078015086080103e-07,0.06259166645772857,0.7243919951481511,25,20,20
12,8821,0.18728975531416744,2.0560742240642445e-07,0.12408101489690543,0.6886290241815035,25,20,20
12,8822,0.19024413076463045,4.544407772605245e-07,0.12608237149301815,0.6836730433015739,25,20,20
12,8823,0.17834110746040466,1.6179129747575507e-06,0.10738524786419132,0.7142720267624297,25,20,20
12,8824,0.14755681054965955,1.3368855926133646e-06,0.13842450212325855,0.7140173504414895,25,20,20
12,8825,0.1973161999518659,1.4983377697825913e-06,0.08884037552539838,0.7138419261849666,25,20,20
12,8826,0.24654459993957828,4.3408823925486047e-07,0.04187236235038551,0.7115826036217962,25,20,20
12,8827,0.23939733449804848,6.814618098128217e-07,0.04925354927994028,0.7113484347602005,25,20,20
12,8828,0.27957693634968606,2.0124467507717837e-08,0.007683805984162535,0.7127392375416832,25,20,20
12,8829,0.27878675866637176,3.037195054246602e-09,0.0031352693059593147,0.7180779689904729,25,20,20
12,8830,0.19284100708293306,3.0303911328306046e-08,0.08865280264322273,0.7185061599699349,25,20,20
12,8831,0.22397323558053198,1.9494283519768133e-07,0.06400293374421913,0.7120236357324123,25,20,20
12,8832,0.2155344202267355,1.645579408385852e-06,0.0766614981857795,0.7078024360080757,25,20,20
12,8833,0.2215195478358827,1.6016734074638186e-06,0.07706256346406862,0.7014162870266412,25,20,20
12,8834,0.17141662564800528,1.0963981394270701e-05,0.1354541988024092,0.6931182115681941,25,20,20
12,8835,0.1512839225859222,7.607832714477638e-07,0.1770802049164268,0.6716351117143798,25,20,20
12,8836,0.17241045833693128,6.43135190298536e-08,0.12739157618040076,0.7001979011691527,25,20,20
12,8837,0.21437372340139307,9.532593201201771e-07,0.07375935674758308,0.7118659665917036,25,20,20
12,8838,0.20322959518559436,1.4968747910704344e-07,0.12513801578482198,0.6716322393421045,25,20,20
12,8839,0.20568365192906307,6.947006509019307e-07,0.07541968186707451,0.7188959715032118,25,20,20
12,8840,0.2255482994337247,3.6144909083892345e-08,0.05570114151337749,0.7187505229079874,25,20,20
12,8841,0.20855844214496158,4.8170120263013947e-08,0.07269483692869569,0.7187466727562221,25,20,20
12,8842,0.14236736824188712,5.143820711089748e-07,0.17351201449406312,0.6841201028819807,25,20,20
12,8843,0.0825850151133551,2.6745200438223833e-07,0.24927270003745075,0.6681420173971867,25,20,20
12,8844,0.1372439581453377,4.3897596817704594e-08,0.1844088100235814,0.6783471879334845,25,20,20
12,8845,0.12181992156770483,2.4946732795648974e-07,0.17304808114379788,0.7051317478211702,25,20,20
12,8846,0.145022375476635,2.023528100449607e-07,0.14930018213096433,0.7056772400395923,25,20,20
12,8847,0.11050224106464052,3.386862867981007e-08,0.18649142480277106,0.7030063002639595,25,20,20
12,8848,0.10239161412979979,0.00043990660065726606,0.17794426327926136,0.7192242159902807,25,20,20
12,8849,0.11175208205148957,0.00043965174543409693,0.16890257357657543,0.7189056926265011,25,20,20
12,8850,0.1765472612765824,0.00047409536945889437,0.10404091799620574,0.7189377253577542,25,20,20
12,8851,0.18041622668374316,0.0004741233908805915,0.10019792515369519,0.7189117247716815,25,20,20
12,8852,0.161353163654333,2.8880393984664086e-06,0.07960998623808885,0.7590339620681799,25,20,20
12,8853,0.19187264432946263,1.1003477288711678e-09,0.048823561409463874,0.7593037931607245,25,20,20
12,8854,0.1916652639212751,2.7970650460791627e-07,0.045857895132116806,0.7624765612401027,25,20,20
12,8855,0.18401425476630867,6.471532109895465e-09,0.06873015744807315,0.7472555813140863,25,20,20
12,8856,0.18885671652967875,2.879941829890065e-08,0.06360989650387303,0.7475333581670296,25,20,20
12,8857,0.17535012037608685,2.5980190740836332e-05,0.06994499332710752,0.7546789061060655,25,20,20
12,8858,0.15756325724296638,9.670004258494213e-07,0.09890220650053055,0.7435335692560784,25,20,20
12,8859,0.15009784357036987,4.182098904811893e-07,0.09152119074879933,0.7583805474709405,25,20,20
12,8860,0.1611287247791086,0.005873228685794652,0.0825086128523158,0.7504894336827804,25,20,20
12,8861,0.16068680022819934,0.005873232440367582,0.07465986279950164,0.7587801045319318,25,20,20
12,8862,0.18388279048142447,2.156019694431988e-07,0.11466498939589333,0.7014520045207172,25,20,20
12,8863,0.18925784815778462,6.863122088919965e-09,0.12944068380817428,0.6813014611709208,25,20,20
12,8864,0.2192575351870266,1.0146673300273034e-08,0.11524521000163541,0.6654972446646669,25,20,20
12,8865,0.25294913653905987,5.44997856723231e-08,0.08130225952099154,0.6657485494401628,25,20,20
12,8866,0.26976052025241254,1.3299478189045666e-08,0.0556263431720585,0.6746131232760513,25,20,20
12,8867,0.23381253410282318,7.951955257677886e-09,0.08714149045858291,0.6790459674866389,25,20,20
12,8868,0.19471037623202636,7.169438589903154e-06,0.12241502517907688,0.6828674291503087,25,20,20
12,8869,0.22890059846952862,3.7928902587704265e-07,0.0920930214273241,0.6790060008141229,25,20,20
12,8870,0.19627315440726323,6.668690962637544e-07,0.12471070780848077,0.6790154709151609,25,20,20
12,8871,0.15840663619064363,1.8501653416846948e-07,0.1619229380002141,0.6796702407926101,25,20,20
12,8872,0.14229675693959815,9.726496824207636e-07,0.17897023099846493,0.6787320394122558,25,20,20
12,8873,0.163683733061644,6.17191418210669e-07,0.1579127647316788,0.6784028850152621,25,20,20
12,8874,0.17883626577081738,2.392062318176056e-07,0.1426966511349125,0.6784668438880392,25,20,20
12,8875,0.13947200446256067,2.8155262037307207e-07,0.21492881420126875,0.6455988997835531,25,20,20
12,8876,0.0968276956970364,2.6965288803876837e-06,0.25072689084818767,0.6524427169258964,25,20,20
12,8877,0.15231340755250444,1.569810105007538e-06,0.19385137988035706,0.6538336427570328,25,20,20
12,8878,0.13877646548202996,2.774627183420278e-05,0.2227337056274423,0.6384620826186926,25,20,20
12,8879,0.1389315338624813,2.755980594918617e-05,0.22217147546425012,0.63886943086732,25,20,20
12,8880,0.1228313103251737,2.760179457278499e-05,0.2625273886088831,0.6146136992713687,25,20,20
12,8881,0.08970409742871491,1.90380853536054e-07,0.32024207033511537,0.5900536418553157,25,20,20
12,8882,0.08236723655302841,0.01334579692150544,0.3034654467303774,0.6008215197950878,25,20,20
12,8883,0.08518551085505449,0.000391585149193313,0.3244431614576638,0.5899797425380892,25,20,20
12,8884,0.1777037485000356,0.0003914753386119494,0.23408810492738877,0.5878166712339664,25,20,20
12,8885,0.16828035613064596,0.0003813426865380725,0.2317621966745223,0.599576104508291,25,20,20
12,8886,0.20734106085918433,7.068444092186268e-05,0.19344197909842417,0.5991462756014719,25,20,20
12,8887,0.18391904528904035,0.014824992235789192,0.16744721537808535,0.6338087470970837,25,20,20
12,8888,0.16089044888459475,0.03996006226470813,0.14232966337277944,0.6568198254779202,25,20,20
12,8889,0.10325429782937873,0.03925236825665676,0.17907099291337403,0.6784223410005922,25,20,20
12,8890,0.187989321218,0.04049926506302222,0.09441132863919581,0.677100085079784,25,20,20
12,8891,0.19297933898815903,0.01417321903958312,0.11475228280771381,0.6780951591645451,25,20,20
12,8892,0.19358128336821673,0.03992591591524425,0.0895494561951942,0.6769433445213443,25,20,20
12,8893,0.2023767703254876,0.0399188891133959,0.08608627209908247,0.6716180684620343,25,20,20
12,8894,0.20490567200147278,0.039918878565195735,0.08839243552897955,0.6667830139043522,25,20,20
12,8895,0.22597697891904694,0.03996237729061504,0.09604357106751506,0.6380170727228246,25,20,20
12,8896,0.25071858677882963,0.03994191331389771,0.07043918995354673,0.6389003099537262,25,20,20
12,8897,0.21982246857590312,0.039942011381723416,0.10192498519842327,0.6383105348439513,25,20,20
12,8898,0.2557553603537704,0.038229621743026465,0.06684822262796901,0.6391667952752347,25,20,20
12,8899,0.25671351314943225,0.03991793097533304,0.06487879282796596,0.6384897630472682,25,20,20
12,8900,0.20454635122283832,0.039949213989230056,0.12504423852264673,0.6304601962652847,25,20,20
12,8901,0.20123653574282804,0.0399491950923419,0.11966291194417655,0.6391513572206532,25,20,20
12,8902,0.2202027487676076,0.036963650943929935,0.10479510373848626,0.6380384965499754,25,20,20
12,8903,0.20120390214387712,0.03650173434653284,0.13005320923357083,0.6322411542760193,25,20,20
12,8904,0.21935443560199214,0.036501754947935436,0.11598737476697232,0.6281564346830998,25,20,20
12,8905,0.2007919747695174,0.03650176688470593,0.13498923850023478,0.6277170198455428,25,20,20
12,8906,0.2205480193885918,0.036501725592001086,0.1026572526854303,0.6402930023339782,25,20,20
12,8907,0.16624955538512626,0.036516085726656,0.2324463621889687,0.5647879966992485,25,20,20
12,8908,0.16504702488469733,0.03997004692752418,0.1965240876518456,0.5984588405359367,25,20,20
12,8909,0.11692266878839513,0.03998647155348615,0.2583987223918578,0.5846921372662623,25,20,20
12,8910,0.16409779824084356,0.03908913450979636,0.1584430500224693,0.6383700172268922,25,20,20
12,8911,0.21119665964255346,0.03831241512554706,0.12127579841261582,0.6292151268192857,25,20,20
12,8912,0.2244067404021434,0.04006353044785503,0.09671043138862463,0.6388192977613785,25,20,20
12,8913,0.17927421710100153,0.05160336919675072,0.09276061602112563,0.6763617976811233,25,20,20
12,8914,0.09401475189267558,0.04078139722132144,0.18656833979755397,0.67863551108845,25,20,20
12,8915,0.018000052766838116,0.039984255358154114,0.2550726559306919,0.6869430359443167,25,20,20
12,8916,0.059251590551083186,0.04029060366910797,0.2216362976628628,0.678821508116946,25,20,20
12,8917,0.09386767872272733,0.07814663957085348,0.18430641118651622,0.643679270519905,25,20,20
12,8918,0.16249446972099096,0.0781753361743559,0.16063697919696107,0.5986932149076944,25,20,20
12,8919,0.1580564230503976,0.051211089405881045,0.1922564632869323,0.5984760242567926,25,20,20
12,8920,0.12140090688132775,0.05111454722843247,0.22922750938002426,0.5982570365102141,25,20,20
12,8921,0.14654881166965028,0.040752632474918116,0.2130703884808705,0.5996281673745615,25,20,20
12,8922,0.12045539658319021,0.039976721931736466,0.2399423411828718,0.599625540302203,25,20,20
12,8923,0.15692116930685956,0.039969866460580705,0.20408635385008292,0.5990226103824776,25,20,20
12,8924,0.154629796505667,0.03997090256703255,0.2042999663545242,0.6010993345727778,25,20,20
12,8925,0.17443927224049438,0.039970710714669885,0.14195165295749876,0.6436383640873379,25,20,20
12,8926,0.15362387872655062,0.0382692055712196,0.17540809328208795,0.6326988224201422,25,20,20
12,8927,0.1385572828806442,0.03827050367357325,0.22681753231183205,0.5963546811339551,25,20,20
12,8928,0.16268267183572213,0.011246862408788185,0.23280430458822562,0.593266161167267,25,20,20
12,8929,0.21827289903988084,0.040001425327726325,0.14283799849568898,0.5988876771367048,25,20,20
12,8930,0.18800641227886988,0.03902708979900632,0.17407257441685986,0.5988939235052668,25,20,20
12,8931,0.18417211019363627,0.038785788734113966,0.18062411541799936,0.5964179856542505,25,20,20
12,8932,0.20337479992183588,0.03877305001806211,0.15686299437907356,0.6009891556810296,25,20,20
12,8933,0.17262112079344788,0.03936377476429933,0.2190260547492833,0.56898904969297,25,20,20
12,8934,0.15275826015286642,0.039356750306084584,0.2608563608819656,0.5470286286590803,25,20,20
12,8935,0.16025455886321308,0.03939399425763646,0.13788324610415267,0.6624682007749974,25,20,20
12,8936,0.13517874875754088,0.039368027504584756,0.1515860208547968,0.673867202883078,25,20,20
12,8937,0.15091134059252068,0.03996081156266132,0.15503496962801994,0.6540928782168008,25,20,20
12,8938,0.13201323831010445,0.04016799385497596,0.16694654034105588,0.660872227493866,25,20,20
12,8939,0.17984552216047045,0.023397416648641055,0.12059772804518447,0.6761593331457064,25,20,20
12,8940,0.16436256978269237,0.04011550844115753,0.12230092237307229,0.6732209994030772,25,20,20
12,8941,0.18661104971153883,0.0399401479851098,0.10022880234750663,0.6732199999558456,25,20,20
12,8942,0.1871745827710728,0.040011700712387716,0.10436763772662389,0.6684460787899158,25,20,20
12,8943,0.15082111085925148,0.040073407466827776,0.17240308807779983,0.6367023935961202,25,20,20
12,8944,0.1643598531592081,0.03993265313584591,0.12759645583049256,0.6681110378744555,25,20,20
12,8945,0.10019393433669958,0.039932662630840506,0.19649427857736843,0.6633791244550901,25,20,20
12,8946,0.15620532761316594,0.06448982214508887,0.1158852127217247,0.6634196375200203,25,20,20
12,8947,0.1578577540285081,0.06327817071492664,0.10436776061502025,0.674496314641546,25,20,20
12,8948,0.11330033311751884,0.039933191674740784,0.1673592275091912,0.6794072476985445,25,20,20
12,8949,0.08242240812599892,0.024812802512360857,0.1788432752210766,0.7139215141405612,25,20,20
12,8950,0.1057903381122334,0.0248120906415612,0.15078612874143177,0.7186114425047749,25,20,20
12,8951,0.10902659702920633,0.024812417675317226,0.1516508837772884,0.7145101015181886,25,20,20
12,8952,0.16424732409977172,0.038732651506462115,0.044607924567630165,0.7524120998261355,25,20,20
12,8953,0.10572658586156627,0.02451751884736445,0.11724138417869645,0.7525145111123746,25,20,20
12,8954,0.08750972974627662,0.0387522071217717,0.16158390548963744,0.7121541576423147,25,20,20
12,8955,0.12346894693100383,0.038750827497638515,0.14144969242917982,0.6963305331421785,25,20,20
12,8956,0.15695802474652598,0.03951318359325054,0.08545432972818656,0.7180744619320376,25,20,20
12,8957,0.08925765778001442,0.03951307627050895,0.15264197616962458,0.7185872897798522,25,20,20
12,8958,0.09177343423237817,0.03951317931838947,0.15688630982290314,0.711827076626328,25,20,20
12,8959,0.05509845778725968,0.03951321169204297,0.1996946785590791,0.7056936519616186,25,20,20
12,8960,0.06054457050465492,0.03991873843258395,0.19521821061513736,0.7043184804476235,25,20,20
12,8961,0.15547839265713573,0.03991776080560264,0.100115525037319,0.7044883214999433,25,20,20
12,8962,0.1672840439610105,0.03997156274714185,0.07340966303085353,0.7193347302609944,25,20,20
12,8963,0.13017344974119913,0.03997428809011745,0.10707430688677361,0.7227779552819114,25,20,20
12,8964,0.11407153013529987,0.039974472356546366,0.08360019357416336,0.7623538039339911,25,20,20
12,8965,0.1317354836967816,0.03873044723475501,0.07120158924367832,0.7583324798247858,25,20,20
12,8966,0.15987066214615892,0.03873004948731174,0.04219651773706973,0.7592027706294597,25,20,20
12,8967,0.13746386339401834,0.024650340414157538,0.07895677494435444,0.7589290212474705,25,20,20
12,8968,0.10075057266881203,0.024654010550135795,0.1159241552754364,0.7586712615056161,25,20,20
12,8969,0.09175677243793463,0.024650399754151862,0.09702715884274488,0.7865656689651679,25,20,20
12,8970,0.14471420668681362,0.03996358460435694,0.022151105669575767,0.7931711030392549,25,20,20
12,8971,0.1233289965858149,0.024544618962944627,0.08144166707170947,0.7706847173795331,25,20,20
12,8972,0.11985321021991847,0.03996030717725471,0.05269749460296886,0.7874889879998573,25,20,20
12,8973,0.04339725746007389,0.03871510680476587,0.13868027574335096,0.7792073599918085,25,20,20
12,8974,0.04397489000560536,0.03871510795640414,0.11533028226186669,0.8019797197761227,25,20,20
12,8975,0.041825313544947285,0.03941053230712413,0.08976404410421739,0.8290001100437115,25,20,20
12,8976,0.04125485390213898,0.039406756781910086,0.05415114028631732,0.8651872490296324,25,20,20
12,8977,0.026974011811107822,0.038755277141572446,0.06556172850992756,0.8687089825373914,25,20,20
12,8978,0.0478130800471476,0.03997519038466509,0.03533361142866894,0.8768781181395174,25,20,20
12,8979,0.06802111747673785,0.03997524197597082,0.04875931794561424,0.8432443226016767,25,20,20
12,8980,0.06717031133760938,0.03997524696329454,0.04777873547306321,0.8450757062260323,25,20,20
12,8981,0.0677337701824913,0.03998234988777251,0.05481609246821941,0.8374677874615161,25,20,20
12,8982,0.06440932697165735,0.0387297559808188,0.05920182871020084,0.8376590883373227,25,20,20
12,8983,0.0665750403180708,0.03991294871359782,0.055918269935425896,0.837593741032905,25,20,20
12,8984,0.0855578058610141,0.038706606704307533,0.06433198935911326,0.811403598075566,25,20,20
12,8985,0.05176354165264156,0.039965574063083646,0.07064703845939474,0.8376238458248804,25,20,20
12,8986,0.052148488592042117,0.039946975263951544,0.11550774698948407,0.7923967891545226,25,20,20
12,8987,0.01435327061288463,0.014136304703483964,0.17876211198101108,0.7927483127026222,25,20,20
12,8988,0.014662863556299333,0.014135916251021275,0.17936254365112347,0.791838676541555,25,20,20
12,8989,0.004546725528729729,0.014151381853919684,0.18930773801374173,0.7919941546036078,25,20,20
12,8990,0.004880208442487415,0.014151377919786464,0.19343919730005626,0.7875292163376693,25,20,20
12,8991,0.06853242884801487,0.01415146030672815,0.11806418131721264,0.7992519295280449,25,20,20
12,8992,0.0723583168003957,0.011250458060982682,0.11697218127853841,0.7994190438600829,25,20,20
12,8993,0.04569864509131676,0.03824412008357696,0.1312679136279543,0.7847893211971548,25,20,20
12,8994,0.05669171183401749,0.03998662866311579,0.10418210266419177,0.7991395568386761,25,20,20
12,8995,0.052852284999411,0.04000156344519527,0.1083260723816176,0.7988200791737818,25,20,20
12,8996,0.09467733745538448,0.01120374711426587,0.10704226360898261,0.7870766518213699,25,20,20
12,8997,0.03442828831146319,0.03872238070359678,0.13080040285183747,0.7960489281331056,25,20,20
12,8998,0.0359666364156781,0.03872782249808678,0.12590802906724774,0.7993975120189886,25,20,20
12,8999,0.02359675392291222,0.03991475314254378,0.13727440078009034,0.799214092154455,25,20,20
12,9000,0.03565825743161358,0.039979698394622315,0.12991073992607705,0.7944513042476935,25,20,20
12,9001,0.002035358228757661,0.039976464809256124,0.1642495811111891,0.7937385958507948,25,20,20
12,9002,0.04098161638279714,0.039977132608979914,0.12013583055134106,0.798905420456886,25,20,20
12,9003,0.04163028822836794,0.03947860635214489,0.12160814897463947,0.7972829564448509,25,20,20
12,9004,0.04108921282498814,0.03938041971691111,0.12155972926391537,0.7979706381941868,25,20,20
12,9005,0.08104239086399065,0.05465597713607113,0.06635568113502445,0.7979459508649129,25,20,20
12,9006,0.08132349770136452,0.05467209327143308,0.06742368860677003,0.7965807204204322,25,20,20
12,9007,0.1204301796164555,0.05413879912655019,0.0404415020812529,0.784989519175742,25,20,20
12,9008,0.08573521481094479,0.054139160709766675,0.06356968178185446,0.796555942697434,25,20,20
12,9009,0.07196350251245412,0.07990205309481282,0.06575638044409095,0.7823780639486428,25,20,20
12,9010,0.08484512069158341,0.07941632885187358,0.05378555261223881,0.7819529978443039,25,20,20
12,9011,0.11915437921310992,0.014180549212650377,0.06935617375840203,0.7973088978158361,25,20,20
12,9012,0.11920348174746623,0.014180524801214097,0.07370313984038679,0.7929128536109316,25,20,20
12,9013,0.11848373856360016,0.03995597974665252,0.04411901326254144,0.7974412684272049,25,20,20
12,9014,0.11929536390058569,0.03873847095871079,0.04442593218657599,0.7975402329541267,25,20,20
12,9015,0.0672013339567918,0.038152378450781885,0.09673966817428456,0.7979066194181427,25,20,20
12,9016,0.08247196450726758,0.03991749524463859,0.08571128621617702,0.7918992540319172,25,20,20
12,9017,0.07870158596600156,0.010707427490957098,0.11345972533229326,0.7971312612107505,25,20,20
12,9018,0.12989012025127544,0.03995600848623948,0.03203034698112556,0.7981235242813582,25,20,20
12,9019,0.13958922581612637,0.03992271102990878,0.06138669902241268,0.75910136413155,25,20,20
12,9020,0.12127379391199716,0.03992272964815888,0.08095829872166421,0.7578451777181812,25,20,20
12,9021,0.09491690795971044,0.05415506501067229,0.09315847125369738,0.7577695557759219,25,20,20
12,9022,0.13209868125940077,0.05420859463536536,0.05484786951044926,0.7588448545947836,25,20,20
12,9023,0.13197735876225514,0.05420859462395537,0.05554151968635277,0.7582725269274359,25,20,20
12,9024,0.15758799344424956,0.07819785728702801,0.022328739367245914,0.741885409901475,25,20,20
12,9025,0.15804419629343797,0.03997717110015768,0.05816358999785869,0.7438150426085463,25,20,20
12,9026,0.12271369767268617,0.03994189008236201,0.09030983521038863,0.7470345770345637,25,20,20
12,9027,0.12077910901371258,0.03871234523906442,0.09279439790876581,0.7477141478384571,25,20,20
12,9028,0.08304914736250542,0.039949561350486,0.1153367523712083,0.7616645389158012,25,20,20
12,9029,0.10625991083358674,0.03996162729392361,0.07489480610901458,0.7788836557634728,25,20,20
12,9030,0.10113581180205142,0.0399765859674231,0.09690841768496596,0.761979184545561,25,20,20
12,9031,0.1066743496599662,0.013440043417340907,0.1523643478175164,0.7275212591051797,25,20,20
12,9032,0.12629602578424515,0.03994733346760284,0.09491559245451693,0.7388410482936371,25,20,20
12,9033,0.09668225618988645,0.03953898898164526,0.11180409631440952,0.751974658514059,25,20,20
12,9034,0.12370642587311292,0.038702283113739584,0.07812270547673536,0.7594685855364112,25,20,20
12,9035,0.15432749679995852,0.03825796622344288,0.0624643231051574,0.7449502138714397,25,20,20
12,9036,0.14830940543851057,0.038733763387167004,0.0676263939730572,0.7453304372012652,25,20,20
12,9037,0.14853896138692765,0.03873385668675587,0.11779635778596834,0.6949308241403489,25,20,20
12,9038,0.195222782921928,0.03900596947344756,0.08505938441104025,0.680711863193587,25,20,20
12,9039,0.2008546816032607,0.04072565553115338,0.0796287157964645,0.6787909470691206,25,20,20
12,9040,0.20026059262583984,0.0407425626068142,0.07994952824539334,0.679047316521952,25,20,20
12,9041,0.20176411698838695,0.04074282811148536,0.08984607708177438,0.6676469778183544,25,20,20
12,9042,0.1981540514883475,0.03997096849998894,0.09428657905591419,0.6675884009557513,25,20,20
12,9043,0.22040286947872256,0.011216672721804332,0.08987894046236175,0.6785015173371137,25,20,20
12,9044,0.23708747933532914,0.03950929610313367,0.0446308273555221,0.6787723972060165,25,20,20
12,9045,0.1809701198234539,0.038693512313701994,0.10051236428770972,0.6798240035751354,25,20,20
12,9046,0.16518509347506133,0.03988994695684997,0.15051483078735342,0.6444101287807362,25,20,20
12,9047,0.16653862699187028,0.039889911251763326,0.15977338369695837,0.6337980780594092,25,20,20
12,9048,0.1383883633762317,0.038707384419446385,0.18892821132391638,0.6339760408804074,25,20,20
12,9049,0.16117014872039875,0.039929511654077134,0.17091436969761983,0.627985969927905,25,20,20
12,9050,0.13652463427914133,0.03825024661849971,0.18597094240065348,0.6392541767017051,25,20,20
12,9051,0.13471653505600517,0.03825026184277412,0.1862270503365867,0.6408061527646345,25,20,20
12,9052,0.21265099888675287,0.039954605000155824,0.10828368492068856,0.6391107111924028,25,20,20
12,9053,0.21851004602802832,0.03871056193545509,0.10775637445739887,0.635023017579119,25,20,20
12,9054,0.24414373121391816,0.03871097843059288,0.08266285381648275,0.6344824365390065,25,20,20
12,9055,0.2475011113070827,0.03871022864148178,0.07465226933073053,0.6391363907207043,25,20,20
12,9056,0.2287027289778835,0.038710460601262556,0.09406043133455717,0.6385263790862998,25,20,20
12,9057,0.2356715618568213,0.039938613421348725,0.09204566055803377,0.6323441641638006,25,20,20
12,9058,0.27610052397676477,0.03997052026208903,0.04467242530725613,0.6392565304538897,25,20,20
12,9059,0.2700927751479723,0.039970322273765374,0.061667126842908565,0.6282697757353536,25,20,20
12,9060,0.21445586278347303,0.03997118749140428,0.12193527483989114,0.6236376748852328,25,20,20
12,9061,0.22854634685350533,0.03997117880217784,0.09190989118710308,0.6395725831572141,25,20,20
12,9062,0.22454277276409154,0.039950356399128265,0.09588918710253891,0.6396176837342427,25,20,20
12,9063,0.26111188040461053,0.039949646251838195,0.07033246447788324,0.628606008865669,25,20,20
12,9064,0.2414220046193078,0.012668672404530226,0.10728709839371389,0.6386222245824494,25,20,20
12,9065,0.22425453390642575,0.03994903876953663,0.13398802474751645,0.6018084025765225,25,20,20
12,9066,0.23179860646188766,0.039940634809537176,0.1260697666103548,0.6021909921182232,25,20,20
12,9067,0.2008251633294819,0.03993977132879788,0.15544451401295167,0.6037905513287725,25,20,20
12,9068,0.19731609083158905,0.03994065123016018,0.1642245881237723,0.5985186698144767,25,20,20
12,9069,0.189499546129429,0.03992731686495937,0.1716173936769728,0.59895574332864,25,20,20
12,9070,0.18251838277446283,0.03993002015037626,0.17834475907855304,0.5992068379966095,25,20,20
12,9071,0.197914764224408,0.039927860367217766,0.1645832431776625,0.5975741322307133,25,20,20
12,9072,0.199596456277249,0.040348839783047714,0.1723704243279482,0.5876842796117583,25,20,20
12,9073,0.25895626207809497,0.039096058326351796,0.10788958667201251,0.594058092923543,25,20,20
12,9074,0.25604059418310765,0.038737654841346614,0.12050374665097381,0.5847180043245757,25,20,20
12,9075,0.26068794511836096,0.03875362925430447,0.11545756798635473,0.5851008576409819,25,20,20
12,9076,0.2643099828399319,0.03872688839991042,0.01824680523511632,0.678716323525042,25,20,20
12,9077,0.2354693608335006,0.03825450743335967,0.048314789895221484,0.6779613418379187,25,20,20
12,9078,0.2021397234261017,0.03935716750355213,0.07944880206739219,0.6790543070029535,25,20,20
12,9079,0.19782541276728807,0.03935729070699557,0.09108856775269623,0.6717287287730197,25,20,20
12,9080,0.26143789615913354,0.03936686353252455,0.02707260824205518,0.6721226320662868,25,20,20
12,9081,0.17934316873457198,0.03936240014267463,0.10738200114114235,0.6739124299816139,25,20,20
12,9082,0.1407931516410975,0.039355997575403,0.16133784191815598,0.6585130088653431,25,20,20
12,9083,0.13940276064824325,0.039948663519386286,0.15506906799905307,0.6655795078333172,25,20,20
12,9084,0.19317049387425642,0.03935697278840792,0.11465578879700405,0.6528167445403316,25,20,20
12,9085,0.2741097565868041,0.03996254600472995,0.05882171652838753,0.6271059808800774,25,20,20
12,9086,0.23519525896552998,0.039931642636585135,0.09643707431065725,0.6284360240872302,25,20,20
12,9087,0.21645469724719796,0.03950514459388021,0.11089272187045542,0.6331474362884681,25,20,20
12,9088,0.20831523903817517,0.03994930000142144,0.1127721916463869,0.6389632693140178,25,20,20
12,9089,0.2531134357202122,0.03997110799102776,0.07073865188995201,0.6361768043988075,25,20,20
12,9090,0.25309845127039016,0.03997156951661595,0.06932856114403183,0.6376014180689618,25,20,20
12,9091,0.2778229376483192,0.039976130777089225,0.043408078839034976,0.6387928527355569,25,20,20
12,9092,0.2895176229836647,0.03997614624408534,0.046281816383917346,0.6242244143883319,25,20,20
12,9093,0.2699581412579525,0.03873476502805169,0.0819096559652663,0.6093974377487311,25,20,20
12,9094,0.3077268629844545,0.03997855309609874,0.06352837531367694,0.5887662086057696,25,20,20
12,9095,0.30436395157949225,0.021232540912996783,0.07648438722491044,0.5979191202826011,25,20,20
12,9096,0.25991180411587483,0.02123142389358967,0.11953502341413523,0.5993217485764011,25,20,20
12,9097,0.30640918129753325,0.019173956500945277,0.09564477668461338,0.5787720855169095,25,20,20
12,9098,0.31866500628492567,0.01917369784443563,0.06774136948256448,0.5944199263880748,25,20,20
12,9099,0.31183412735996185,0.039941734922544214,0.056272229704059366,0.5919519080134346,25,20,20
12,9100,0.2786629625883307,0.039971322097363975,0.13139404137222022,0.5499716739420869,25,20,20
12,9101,0.27200805927113053,0.038241483554103846,0.13540557064024028,0.5543448865345306,25,20,20
12,9102,0.2921046568098734,0.038241488869644485,0.0708008815274956,0.5988529727929863,25,20,20
12,9103,0.34733068723370353,0.03823631358586022,0.01522927112380893,0.5992037280566276,25,20,20
12,9104,0.313281282458621,0.03825867373669509,0.047329165466504175,0.60113087833818,25,20,20
12,9105,0.2830042013545364,0.03825868373648306,0.09099989827006884,0.5877372166389123,25,20,20
12,9106,0.2807766579386187,0.03825898935293735,0.0909875120115961,0.5899768406968477,25,20,20
12,9107,0.24478312170369476,0.03994580028860072,0.11559779462180739,0.5996732833858974,25,20,20
12,9108,0.21308587726016928,0.0007847093263959534,0.15237181018390583,0.6337576032295323,25,20,20
12,9109,0.16929498425692371,2.5688909623496374e-05,0.2113117751454693,0.6193675516879861,25,20,20
12,9110,0.1921899912103546,2.843345311833686e-05,0.18395151198834142,0.6238300633481861,25,20,20
12,9111,0.20777724728339222,2.9239508899694763e-05,0.1719405288682219,0.620252984339488,25,20,20
12,9112,0.17812371713047484,2.927784407389973e-05,0.16534932785294845,0.6564976771725023,25,20,20
12,9113,0.10479574235981709,2.5433360898128935e-07,0.21580703703574627,0.6793969662708251,25,20,20
12,9114,0.2434949737664346,9.265365100888681e-05,0.052981604366178894,0.7034307682163774,25,20,20
12,9115,0.1954546257949598,1.1453631011247674e-07,0.08564255570682686,0.7189027039619017,25,20,20
12,9116,0.21010690301023838,5.418501650564052e-08,0.07082033855309239,0.7190727042516523,25,20,20
12,9117,0.19160177384971075,1.625037063291476e-06,0.09538591107225941,0.7130106900409671,25,20,20
12,9118,0.12497491769174157,1.617946695891711e-06,0.16261502721365176,0.7124084371479137,25,20,20
12,9119,0.1500736749590592,1.8206357529490376e-05,0.17124147022552322,0.6786666484578875,25,20,20
12,9120,0.21491646061922443,1.7584573014183956e-07,0.11093924082715682,0.6741441227078903,25,20,20
12,9121,0.17397834086970007,1.7475820256693714e-08,0.11200268348143252,0.714018958173048,25,20,20
12,9122,0.18293333703970568,7.360973369811294e-09,0.05835717536307799,0.7587094802362425,25,20,20
12,9123,0.09409627957626483,1.4996811335739617e-06,0.1482898853325913,0.7576123354100115,25,20,20
12,9124,0.10990354371324253,1.1271936378265127e-07,0.17132458613155777,0.7187717574358351,25,20,20
12,9125,0.17845920230733625,7.845890528598145e-08,0.10321359386112572,0.7183271253726333,25,20,20
12,9126,0.16480381256104185,4.1414946942669085e-07,0.11641780042257978,0.7187779728669086,25,20,20
12,9127,0.15955521597018651,4.79689664062926e-07,0.12840532724188286,0.7120389770982679,25,20,20
12,9128,0.16992483636711764,9.049143007900665e-06,0.11133072629855668,0.7187353881913193,25,20,20
12,9129,0.16413705263040054,8.195164946830829e-05,0.15490770190977632,0.6808732938103566,25,20,20
12,9130,0.14634804382462263,8.189672176039085e-05,0.17195621592014923,0.681613843533468,25,20,20
12,9131,0.16418230600183978,0.00010109693546644486,0.19179039006942594,0.6439262069932703,25,20,20
12,9132,0.15032800307402927,4.1759840380659935e-08,0.20628584628781269,0.643386108878318,25,20,20
12,9133,0.21112042020871716,8.005428581830745e-05,0.10896304468955124,0.6798364808159149,25,20,20
12,9134,0.20461996277708205,0.017228378058253092,0.09689871701551626,0.68125294214915,25,20,20
12,9135,0.21180886056510229,0.0172185179033854,0.13113999661684364,0.6398326249146712,25,20,20
12,9136,0.18834928870562237,0.017218617341583434,0.1166849666212864,0.6777471273315109,25,20,20
12,9137,0.2271481109278842,0.0172185054955258,0.08464721802976834,0.6709861655468208,25,20,20
12,9138,0.2259294212780935,0.017218671979455025,0.09852367238340881,0.6583282343590423,25,20,20
12,9139,0.20198834180281083,0.03994086481057469,0.09764925345068921,0.6604215399359262,25,20,20
12,9140,0.2099913366297831,0.04033599666563486,0.0903902368936687,0.6592824298109143,25,20,20
12,9141,0.20248642501438355,0.04035367538581762,0.09125778115177002,0.6659021184480309,25,20,20
12,9142,0.1852935800414093,0.04033650708619287,0.10819952514162517,0.6661703877307744,25,20,20
12,9143,0.2680323292412653,0.011120145563426205,0.05035748494829859,0.6704900402470098,25,20,20
12,9144,0.2234890012565634,0.011120362218114957,0.09407466203784237,0.6713159744874805,25,20,20
12,9145,0.20163040503235702,0.04053557860212654,0.08999003245705946,0.6678439839084568,25,20,20
12,9146,0.1994018338597125,0.039976427143691276,0.08939766183212727,0.6712240771644713,25,20,20
12,9147,0.17623426924878166,0.03997641046215447,0.1046484056194137,0.6791409146696509,25,20,20
12,9148,0.19900128034300138,0.03991773336047586,0.0826842208772081,0.6783967654193173,25,20,20
12,9149,0.21240728627110753,0.03991779583276491,0.06906761025725841,0.6786073076388693,25,20,20
12,9150,0.19710932930423838,0.04524341444156201,0.07946100443085456,0.678186251823346,25,20,20
12,9151,0.15891236094964867,0.04467902646226957,0.12835339868220821,0.668055213905875,25,20,20
12,9152,0.1426379650861654,0.03972326556374059,0.12773861807443068,0.6899001512756674,25,20,20
12,9153,0.1363516512323793,0.0003283678411609892,0.1966116833086875,0.6667082976177742,25,20,20
12,9154,0.08005773694953816,0.0003016715775479308,0.2529332116141916,0.6667073798587226,25,20,20
12,9155,0.11022004332175778,2.7731270275156906e-05,0.22155898675208885,0.6681932386558799,25,20,20
12,9156,0.12246541743345515,5.214974646875992e-07,0.16608193296919446,0.7114521280998863,25,20,20
12,9157,0.12350940622523555,8.357346772904193e-06,0.20027973876673638,0.6762024976612565,25,20,20
12,9158,0.13247869870704165,5.944268220190197e-09,0.191207675489674,0.6763136198590157,25,20,20
12,9159,0.19062847984098297,2.5834740238342924e-07,0.1357043637275893,0.6736668980840252,25,20,20
12,9160,0.16370313686594568,9.303184523658568e-09,0.15861669858151212,0.6776801552493599,25,20,20
12,9161,0.2781110726568308,8.615555186813629e-09,0.04310267389956689,0.6787862448280471,25,20,20
12,9162,0.2752898786073491,3.389409841295945e-08,0.04565667174830483,0.6790534157502474,25,20,20
12,9163,0.18507782904768838,3.7583756564099848e-06,0.135516760456652,0.6794016521200064,25,20,20
12,9164,0.19248111336220053,1.2277966593911755e-06,0.13588377786185862,0.6716338809792832,25,20,20
12,9165,0.24956679843873275,1.1496827794942008e-06,0.07167459375251437,0.6787574581259732,25,20,20
12,9166,0.25869669171059345,1.137705908871712e-06,0.07300071066730336,0.668301459916194,25,20,20
12,9167,0.20480764724752942,3.476333213510641e-06,0.07917366614690051,0.716015210272357,25,20,20
12,9168,0.19842852008159453,2.49653949049832e-07,0.08937488402857106,0.7121963462358871,25,20,20
12,9169,0.11968090296385762,5.144166217721711e-07,0.16159076835000263,0.7187278142695182,25,20,20
12,9170,0.18711499618206787,5.02831710422669e-07,0.09959162005094493,0.7132928809352778,25,20,20
12,9171,0.21224507447887261,6.349679132450519e-09,0.07743790352017704,0.7103170156512707,25,20,20
12,9172,0.19846487981371191,1.3682651619343655e-07,0.09312604361871119,0.7084089397410633,25,20,20
12,9173,0.1544825057722354,2.6503033244444895e-06,0.1484386359816088,0.6970762079428322,25,20,20
12,9174,0.11863997756000838,1.2466819799232883e-05,0.22122524717378275,0.6601223084464113,25,20,20
12,9175,0.08328962216864227,1.7457211495120408e-07,0.20405420269679006,0.7126560005624522,25,20,20
12,9176,0.1020165253137614,6.9735405239692996e-06,0.1798259762888087,0.7181505248569087,25,20,20
12,9177,0.16988578745985852,1.414114587164309e-07,0.08813612581279491,0.7419779453158878,25,20,20
12,9178,0.10914442405437344,1.3299234181779519e-06,0.1326013267169055,0.7582529193053046,25,20,20
12,9179,0.09717913037317791,3.22555164647353e-05,0.179503104720866,0.7232855093894923,25,20,20
12,9180,0.11551967849092774,3.0417717847612658e-05,0.16387610837669592,0.7205737954145274,25,20,20
12,9181,0.11381487194947074,2.570910603960801e-07,0.12755088042688675,0.7586339905325825,25,20,20
12,9182,0.11303193849418401,1.4032680047057328e-06,0.12422201395861626,0.762744644279195,25,20,20
12,9183,0.14115483572890425,4.554811659757029e-09,0.1114874523260572,0.7473577073902291,25,20,20
12,9184,0.13586363569141546,1.0672901006748674e-05,0.1222810085792827,0.7418446828282963,25,20,20
12,9185,0.11671228640728534,2.659541488982256e-06,0.12391172926670543,0.7593733247845251,25,20,20
12,9186,0.08685117770028651,1.4661696669622111e-05,0.15455627880478823,0.7585778817982595,25,20,20
12,9187,0.13118747482036144,8.086860534986628e-07,0.1260369263198156,0.7427747901737716,25,20,20
12,9188,0.12958478066057175,8.161428735483269e-07,0.13757952436178672,0.7328348788347671,25,20,20
12,9189,0.13012334758886468,1.3785810394880927e-06,0.12004783469920731,0.7498274391308898,25,20,20
12,9190,0.17248468773437334,2.062962902553546e-08,0.08281415357615646,0.7447011380598408,25,20,20
12,9191,0.18921853837578545,1.8278571551354815e-08,0.05216974099737784,0.7586117023482651,25,20,20
12,9192,0.18109094924367036,2.1994863883118985e-08,0.06058530876401637,0.7583237199974482,25,20,20
12,9193,0.17870266249953612,1.252480373722012e-07,0.06229913668435454,0.7589980755680709,25,20,20
12,9194,0.17863432870710796,1.1352665313612937e-07,0.07309312194913016,0.7482724358171091,25,20,20
12,9195,0.14991774516917886,1.98467617395032e-08,0.14317904689964372,0.7069031880844205,25,20,20
12,9196,0.15697995649597676,2.491218062426881e-09,0.13120369958175332,0.7118163414310565,25,20,20
12,9197,0.19634493607981363,4.590263948232081e-08,0.09640007267902295,0.7072549453385257,25,20,20
12,9198,0.2106299683999513,1.9249246332728615e-08,0.08882170905885067,0.7005483032919522,25,20,20
12,9199,0.13992285048211117,0.001775911916479825,0.15460142018969886,0.7036998174117116,25,20,20
12,9200,0.1398250410899472,0.0017761636487955415,0.11066745257747806,0.7477313426837793,25,20,20
12,9201,0.11068762059723408,3.2874200456776745e-05,0.13113728531326976,0.7581422198890412,25,20,20
12,9202,0.06575686085950885,2.138605930322812e-05,0.1391466984935805,0.7950750545876063,25,20,20
12,9203,0.09006039162184873,0.0004049542449150644,0.11334522894497852,0.7961894251882594,25,20,20
12,9204,0.07453597049791563,8.53075218681495e-06,0.12777566302032042,0.7976798357295769,25,20,20
12,9205,0.12509208450681347,7.246150043188505e-06,0.08247823171081978,0.7924224376323226,25,20,20
12,9206,0.09945005532155551,7.210445818570731e-06,0.10300122046450795,0.7975415137681172,25,20,20
12,9207,0.13612206013032252,7.2392225301551555e-06,0.06579668013691366,0.7980740205102335,25,20,20
12,9208,0.12170577121766016,2.566276198165907e-07,0.08165219948561252,0.7966417726691106,25,20,20
12,9209,0.12099539850545141,0.014466151253667974,0.06850690851245188,0.7960315417284279,25,20,20
12,9210,0.11765471474178209,0.014134510986111784,0.06801777635085618,0.8001929979212495,25,20,20
12,9211,0.11287999717112258,0.039939410691948535,0.04854137087307823,0.7986392212638509,25,20,20
12,9212,0.11555382884902611,0.038234476838062664,0.047877953627828214,0.7983337406850829,25,20,20
12,9213,0.07805844510162742,0.039941678087392164,0.09133927332580098,0.7906606034851816,25,20,20
12,9214,0.07660546297304044,0.04005255092082431,0.09051304703212441,0.7928289390740123,25,20,20
12,9215,0.07256688011175524,0.03997126177425921,0.10685240706541442,0.7806094510485719,25,20,20
12,9216,0.11556896425610588,0.03993985949322747,0.06507419856860079,0.779416977682066,25,20,20
12,9217,0.11912141668299014,0.03993986885260442,0.0500737839145682,0.7908649305498368,25,20,20
12,9218,0.08786194136247351,0.024456656343009198,0.1031514388959358,0.784529963398582,25,20,20
12,9219,0.05357729603700505,0.03811669496636707,0.11129273790865257,0.7970132710879747,25,20,20
12,9220,0.04870418293018324,0.03873326812018917,0.11599089112116337,0.7965716578284673,25,20,20
12,9221,0.013195982295130217,0.0400096506533719,0.15806116341969145,0.7887332036318093,25,20,20
12,9222,0.014201658301077,0.039940393009823834,0.16345437697826687,0.7824035717108327,25,20,20
12,9223,0.06068674104047931,0.03994040355555207,0.11750754169716357,0.781865313706804,25,20,20
12,9224,0.09274282136189914,0.03821529797778888,0.08109827819547417,0.7879436024648391,25,20,20
12,9225,0.07599395037665327,0.052136437630668955,0.08793193372686547,0.7839376782658148,25,20,20
12,9226,0.08015034855495093,0.07691583836438841,0.05837620518696242,0.7845576078936968,25,20,20
12,9227,0.0865191304657164,0.0769613743184761,0.03729874139141296,0.7992207538243943,25,20,20
12,9228,0.08789645471947258,0.04947393165506811,0.08388951935739888,0.7787400942680595,25,20,20
12,9229,0.07654817567385315,0.04947394680078805,0.09504958130377388,0.7789282962215844,25,20,20
12,9230,0.07043871066617977,0.07944707859552148,0.0583881254780727,0.7917260852602245,25,20,20
12,9231,0.06928715496203168,0.07992233604556431,0.05638205359360919,0.7944084553987935,25,20,20
12,9232,0.06890085470184795,0.07867249964875533,0.05817687074675107,0.7942497749026459,25,20,20
12,9233,0.08068030928401786,0.049943231117822506,0.07024294520856653,0.7991335143895926,25,20,20
12,9234,0.08052637715971396,0.07817843893503752,0.04248847698912999,0.7988067069161179,25,20,20
12,9235,0.12031188304408713,0.0497506600763083,0.030981057245063365,0.7989563996345409,25,20,20
12,9236,0.11903974132023444,0.07864921131735703,0.0035628831309154067,0.7987481642314924,25,20,20
12,9237,0.12010815891252585,0.07991802289601477,0.033267794211216936,0.7667060239802423,25,20,20
12,9238,0.09485131872487132,0.039976546461055175,0.06605425722659969,0.7991178775874737,25,20,20
12,9239,0.09259181516243421,0.03997654700938644,0.0728721448263,0.7945594930018788,25,20,20
12,9240,0.09081943682834569,0.014166897610736745,0.09651395764047926,0.7984997079204399,25,20,20
12,9241,0.11017845530880369,0.039958855572542175,0.06226880951193243,0.7875938796067216,25,20,20
12,9242,0.1071760364757472,0.03993911188955734,0.06248784586926698,0.7903970057654276,25,20,20
12,9243,0.1135701992051913,0.03993909032977699,0.04940157922018658,0.7970891312448447,25,20,20
12,9244,0.11479481321058596,0.03821477789778918,0.059315542889806706,0.7876748660018181,25,20,20
12,9245,0.1398329798352465,0.03821477783586942,0.04975173058638224,0.772200511742501,25,20,20
12,9246,0.1344890314219278,0.0382147747145345,0.029078704843382236,0.7982174890201548,25,20,20
12,9247,0.15891353601284006,0.03872581112048247,0.04046576709011495,0.7618948857765631,25,20,20
12,9248,0.13609917785261771,0.03872586839272307,0.026259312022903738,0.7989156417317546,25,20,20
12,9249,0.09296798734094104,0.03872613309588782,0.08020541454428416,0.788100465018886,25,20,20
12,9250,0.0943028390829,0.039977201043162436,0.06566434367661905,0.8000556161973178,25,20,20
12,9251,0.09301248693315556,0.03997692653846851,0.06850460521745809,0.798505981310917,25,20,20
12,9252,0.0570593097361592,0.03997818529785846,0.12974206056199836,0.7732204444039842,25,20,20
12,9253,0.08746865545858272,0.039976933257581254,0.06656647906664782,0.8059879322171868,25,20,20
12,9254,0.12563781965499687,0.03997063178995551,0.0684730288049548,0.765918519750092,25,20,20
12,9255,0.11613125611424287,0.03997099137528066,0.0840826418303353,0.759815110680143,25,20,20
12,9256,0.11954832013719092,0.0399709436732098,0.046571223638453646,0.7939095125511453,25,20,20
12,9257,0.0891131999235675,0.039970610162125934,0.07699549539322563,0.7939206945210812,25,20,20
12,9258,0.1050747486635101,0.03998331736193629,0.05619529411233366,0.7987466398622205,25,20,20
12,9259,0.12033322069094167,0.03953999390402743,0.09172841300879812,0.7483983723962366,25,20,20
12,9260,0.08118558933956814,0.03954027340442324,0.13142823634556255,0.7478459009104461,25,20,20
12,9261,0.08064402482357268,0.038258441442347975,0.18010886026137396,0.7009886734727055,25,20,20
12,9262,0.11355667386644877,0.03951604721557658,0.14911031389993112,0.697816965018046,25,20,20
12,9263,0.15362085498263572,0.038715040336913954,0.10969928858281465,0.6979648160976387,25,20,20
12,9264,0.15391675396691978,0.038715047331405274,0.08887469828999776,0.7184935004116771,25,20,20
12,9265,0.1476655000793525,0.03997603198558347,0.10490609391028924,0.7074523740247749,25,20,20
12,9266,0.1945472936330644,0.039970607028284255,0.04700248536609999,0.7184796139725508,25,20,20
12,9267,0.14588119492005305,0.039977173071766556,0.09487004932397912,0.7192715826842033,25,20,20
12,9268,0.10485587942648929,0.03823668473867609,0.17360901757858543,0.6832984182562513,25,20,20
12,9269,0.15111760335588187,0.011236643482673113,0.16232263570640584,0.6753231174550406,25,20,20
12,9270,0.16135488189438674,0.039941559410549894,0.12676846404980716,0.6719350946452561,25,20,20
12,9271,0.09632358432450666,0.03938534382332247,0.22513234051534428,0.6391587313368275,25,20,20
12,9272,0.13084964404720412,0.03825948641344793,0.15441408466060236,0.6764767848787452,25,20,20
12,9273,0.17307713864289642,0.03826105566842747,0.11516119184723848,0.6735006138414397,25,20,20
12,9274,0.18407661709858789,0.03825979025041443,0.10455335025443248,0.673110242396565,25,20,20
12,9275,0.16468450699319878,0.039502819840180683,0.11606514088007457,0.6797475322865472,25,20,20
12,9276,0.14066884297876858,0.042599311482987776,0.13700550939120254,0.6797263361470427,25,20,20
12,9277,0.19351545430544628,0.04182246407414508,0.046413336067508845,0.7182487455528996,25,20,20
12,9278,0.15532804155168667,0.041822466180979775,0.08357850284697063,0.7192709894203614,25,20,20
12,9279,0.14664444744457475,0.043060317067077476,0.09096890540809306,0.7193263300802544,25,20,20
12,9280,0.14058515929427853,0.04139056820149773,0.10353809203070803,0.7144861804735162,25,20,20
12,9281,0.14126341924019825,0.03878466364786867,0.112569074689088,0.7073828424228462,25,20,20
12,9282,0.18270791106189732,0.03871744612543975,0.06623168113302728,0.7123429616796357,25,20,20
12,9283,0.14106201646079614,0.011118440807161432,0.1281489963107561,0.7196705464212886,25,20,20
12,9284,0.17018179889659021,0.03995493492138737,0.06696407374743903,0.7228991924345841,25,20,20
12,9285,0.13210656584610908,0.039954939236725995,0.10406946650299971,0.7238690284141667,25,20,20
12,9286,0.12250506539685985,0.03994198096538836,0.1181876166077925,0.7193653370299589,25,20,20
12,9287,0.09497381847774684,0.039950931429957384,0.13480556506420935,0.7302696850280861,25,20,20
12,9288,0.12309524408047302,0.039965262677290454,0.11816783118405207,0.7187716620581855,25,20,20
12,9289,0.08393188576470054,0.0399887057781749,0.15752468624992202,0.7185547222072038,25,20,20
12,9290,0.10498989011650522,0.01417788495953543,0.16279607263796145,0.7180361522859995,25,20,20
12,9291,0.1281850730267667,0.014174970646161847,0.1793199281954978,0.6783200281315739,25,20,20
12,9292,0.09425581673416199,0.01124375892363037,0.2156832571941539,0.6788171671480536,25,20,20
12,9293,0.12487978135051084,0.011243785779417705,0.1851308167154934,0.6787456161545781,25,20,20
12,9294,0.12426800568476533,0.07870470293352518,0.09186220915335878,0.7051650822283528,25,20,20
12,9295,0.12382507283420152,0.07821424510107643,0.09384600229348253,0.7041146797712401,25,20,20
12,9296,0.09058486219494019,0.07992813006496224,0.11089118927092256,0.7185958184691751,25,20,20
12,9297,0.10789673998022337,0.0781852097624138,0.13451576624858735,0.6794022840087754,25,20,20
12,9298,0.10504391445098524,0.06448333276320789,0.1653934247353055,0.6650793280505052,25,20,20
12,9299,0.1518561372983068,0.07990869197297318,0.11807818598707766,0.6501569847416444,25,20,20
12,9300,0.14350129614069798,0.07988395211474232,0.09844470770710544,0.6781700440374568,25,20,20
12,9301,0.1440485118586718,0.050309864601745344,0.1265142064833948,0.6791274170561894,25,20,20
12,9302,0.12861812378539547,0.05067525493087123,0.1765874300363366,0.6441191912473994,25,20,20
12,9303,0.15229197428116592,0.07643708375963232,0.1434387624822039,0.6278321794770008,25,20,20
12,9304,0.13857969208906332,0.07644215169691859,0.12453273951692259,0.660445416697096,25,20,20
12,9305,0.14968795799756165,0.0764290746200968,0.09229094105962853,0.6815920263227163,25,20,20
12,9306,0.13468067867833233,0.07995002664017811,0.10657364123458497,0.6787956534469073,25,20,20
12,9307,0.15056035223421155,0.0402211695880767,0.1619891069963897,0.6472293711813211,25,20,20
12,9308,0.1015304309874713,0.04025103312934534,0.21081958857149266,0.647398947311692,25,20,20
12,9309,0.10326828102193421,0.0402162896847255,0.2142625480129862,0.6422528812803557,25,20,20
12,9310,0.14640148715884793,0.022509711924756117,0.19019452931726719,0.6408942715991303,25,20,20
12,9311,0.18305848098525096,0.03992790381887979,0.13778447411383735,0.6392291410820333,25,20,20
12,9312,0.1869691176239189,0.039925678440733164,0.1336941408327968,0.6394110631025525,25,20,20
12,9313,0.16914585267268356,0.039549545720612714,0.11275270254241745,0.6785518990642871,25,20,20
12,9314,0.24716663771582234,0.03994992460335571,0.0338829129212733,0.6790005247595491,25,20,20
12,9315,0.1989017045456903,0.039949513061690214,0.08795525045303747,0.6731935319395853,25,20,20
12,9316,0.2039120294893217,0.0004037616736868202,0.12710912166325955,0.6685750871737336,25,20,20
12,9317,0.1264145271683212,0.020731695754612825,0.18385247514487027,0.6690013019321962,25,20,20
12,9318,0.13932701566761024,0.0393667707340818,0.13606284143118497,0.6852433721671267,25,20,20
12,9319,0.1900634001466171,0.039938299147866244,0.09297597351587847,0.6770223271896394,25,20,20
12,9320,0.16954810725565422,0.037582764920243754,0.11068238597444298,0.6821867418496589,25,20,20
12,9321,0.1246227296050511,0.03758535369654911,0.1675901001721395,0.6702018165262595,25,20,20
12,9322,0.08310808021451996,0.039335175323975805,0.20731066645029161,0.6702460780112127,25,20,20
12,9323,0.10400024081904503,0.03826469224460826,0.186962997520743,0.6707720694156069,25,20,20
12,9324,0.1836005705786671,0.03826013509335732,0.13344388597943616,0.6446954083485431,25,20,20
12,9325,0.12750473439439672,0.04056445227905445,0.17212913240333286,0.6598016809232137,25,20,20
12,9326,0.14870578900635617,0.03997700965504478,0.13740583688244817,0.6739113644561544,25,20,20
12,9327,0.14715177551711695,0.03995512916655749,0.10034742304127496,0.7125456722750507,25,20,20
12,9328,0.14649186672468947,0.03997231179724252,0.09443884670244178,0.7190969747756286,25,20,20
12,9329,0.14053535376489465,0.023143787185941064,0.11821481426439076,0.7181060447847737,25,20,20
12,9330,0.19352765111366968,0.023143179649409186,0.06529758147008041,0.7180315877668386,25,20,20
12,9331,0.19373749842780053,0.0530413828520377,0.03874376991500734,0.7144773488051545,25,20,20
12,9332,0.15395793764591167,0.049498263775740174,0.07806249352804075,0.7184813050503059,25,20,20
12,9333,0.08141767405961527,0.05117299604783693,0.14905850196489026,0.7183508279276629,25,20,20
12,9334,0.07387545250798437,0.07825421921583554,0.14010916333591802,0.7077611649402671,25,20,20
12,9335,0.12139730810437448,0.07646567346155854,0.09517279425159945,0.7069642241824688,25,20,20
12,9336,0.10420022520890022,0.07943041421288681,0.09768908322255487,0.7186802773556596,25,20,20
12,9337,0.06666669086891243,0.07869846653451767,0.13624692166088562,0.7183879209356862,25,20,20
12,9338,0.08452135003583104,0.07867925064871413,0.11774785833200671,0.7190515409834485,25,20,20
12,9339,0.09091466244428008,0.07804493906418782,0.11179553888321347,0.71924485960832,25,20,20
12,9340,0.12051481495478096,0.06445847361030005,0.09645769567904136,0.7185690157558782,25,20,20
12,9341,0.11086546441948339,0.063185271652147,0.11834600697886634,0.7076032569495038,25,20,20
12,9342,0.11102128587952041,0.05279138084390431,0.14689591896608734,0.6892914143104896,25,20,20
12,9343,0.18680461581604607,0.049793771212181745,0.06150882053026519,0.7018927924415078,25,20,20
12,9344,0.16062319996427987,0.07863778336494323,0.043262105690927456,0.7174769109798491,25,20,20
12,9345,0.1526514899945267,0.07979264539415092,0.0482196300510098,0.7193362345603127,25,20,20
12,9346,0.12190800454867512,0.0797922018145732,0.08682033684833551,0.711479456788419,25,20,20
12,9347,0.14812319232701973,0.07979181651281571,0.05698009385206628,0.7151048973080971,25,20,20
12,9348,0.1645557156923332,0.07930903012947593,0.04244329901649462,0.7136919551616967,25,20,20
12,9349,0.16453643553759723,0.07932451400182788,0.053770499214790574,0.7023685512457837,25,20,20
12,9350,0.09424361629086668,0.07932119421746921,0.08345570455520461,0.7429794849364592,25,20,20
12,9351,0.03912886591296535,0.04344197646133743,0.16897015852122152,0.7484589991044771,25,20,20
12,9352,0.056422816813234425,0.043441964882489525,0.19146963266910608,0.7086655856351708,25,20,20
12,9353,0.1208607637106831,0.0401559367265126,0.12129169351823878,0.7176916060445683,25,20,20
12,9354,0.11523810239807383,0.03826043411594586,0.12829804519562432,0.7182034182903593,25,20,20
12,9355,0.12129503267574859,0.021049462497008235,0.15054160926096402,0.7071138955662825,25,20,20
12,9356,0.08599143887326795,0.03825056482370248,0.15702990164209887,0.7187280946609339,25,20,20
12,9357,0.08419930657519185,0.03823545146232874,0.1588402874090326,0.7187249545534481,25,20,20
12,9358,0.10407885213941884,0.039952300850472855,0.1323702574868017,0.7235985895233064,25,20,20
12,9359,0.14130404530982513,0.03996515162746605,0.13546755625137175,0.6832632468113363,25,20,20
12,9360,0.17749596262447423,0.03994904298338722,0.10355375621810549,0.6790012381740357,25,20,20
12,9361,0.1997145085341992,0.03996723840292965,0.08732342578097071,0.6729948272819017,25,20,20
12,9362,0.1720363609114747,0.03827677790014232,0.11007695224311792,0.6796099089452657,25,20,20
12,9363,0.10661053950514895,0.03890361466087192,0.18174770920752115,0.6727381366264591,25,20,20
12,9364,0.10792634243979282,0.039966491124497995,0.18096942227333657,0.6711377441623734,25,20,20
12,9365,0.07840252316273055,0.03823887981848486,0.21221315571116534,0.6711454413076177,25,20,20
12,9366,0.09789926073526323,0.03841364722781592,0.1993775260437202,0.6643095659932007,25,20,20
12,9367,0.08732693776592587,0.039344040967499126,0.1939123687600358,0.6794166525065419,25,20,20
12,9368,0.11669399125765623,0.03934397566582895,0.1647582710365232,0.6792037620399934,25,20,20
12,9369,0.12394734523522734,0.03937204692539995,0.1568961474187077,0.6797844604206651,25,20,20
12,9370,0.12792323109731962,0.03975553941324343,0.18945020854411432,0.6428710209453249,25,20,20
12,9371,0.11605777239407844,0.053477344482633506,0.2045634104236717,0.6259014726996176,25,20,20
12,9372,0.09827241892326272,0.07932152966721598,0.18393489291036663,0.6384711584991554,25,20,20
12,9373,0.11998209410704491,0.07932143635335276,0.17387880740740527,0.6268176621321971,25,20,20
12,9374,0.12009703133332492,0.07934437655229043,0.17337035717431606,0.6271882349400704,25,20,20
12,9375,0.12995309083395573,0.07935754282539124,0.16372933389254474,0.626960032448113,25,20,20
12,9376,0.15852017650352296,0.07934705637627862,0.1214998689583652,0.640632898161835,25,20,20
12,9377,0.12218602702744474,0.08003019181962523,0.12817861008527612,0.6696051710676578,25,20,20
12,9378,0.16215711209037237,0.08061605848711481,0.09360972961203143,0.6636170998104819,25,20,20
12,9379,0.15981161040704803,0.04069616645582331,0.09966731753322029,0.699824905603909,25,20,20
12,9380,0.15909770967817935,0.022002725068120853,0.10040748803290868,0.718492077220792,25,20,20
12,9381,0.10291028959512674,0.022003079645557387,0.15609771039279405,0.7189889203665222,25,20,20
12,9382,0.10509269465775642,0.021224537824674924,0.15980873237151053,0.7138740351460571,25,20,20
12,9383,0.032815351412298716,0.03994408159629024,0.21344690881105888,0.7137936581803507,25,20,20
12,9384,0.01257577347739094,0.03826767120785796,0.24465581982386037,0.7045007354908887,25,20,20
12,9385,0.05429616834609776,0.039971660908582014,0.20104841084906588,0.704683759896252,25,20,20
12,9386,0.07328661434468525,0.03995335123539424,0.22169695574375445,0.6650630786761629,25,20,20
12,9387,0.0827909985041749,0.03827633787511838,0.19528572055044185,0.6836469430702676,25,20,20
12,9388,0.14234644125092882,0.03992660376369977,0.140286831767881,0.6774401232174935,25,20,20
12,9389,0.1543011954556213,0.0007769851231264359,0.13243914211636082,0.7124826773048915,25,20,20
12,9390,0.11426200363577467,4.931299874418369e-07,0.16715238307006774,0.7185851201641715,25,20,20
12,9391,0.09944505913229662,1.996532989608643e-05,0.18188973162593466,0.718645243911875,25,20,20
12,9392,0.046380694553640654,3.955588075413715e-07,0.23966808895823047,0.7139508209293232,25,20,20
12,9393,0.06486846750370653,9.496250991516884e-05,0.21580015372719286,0.7192364162591868,25,20,20
12,9394,0.06178485587162667,5.5303017989150075e-05,0.22997305835191678,0.7081867827584698,25,20,20
12,9395,0.12475627524613332,5.4266499191415626e-05,0.12669863104669893,0.7484908272079756,25,20,20
12,9396,0.1641145683259858,5.424762063044061e-05,0.11527124561487113,0.7205599384385128,25,20,20
12,9397,0.1579360950513259,1.5168032634660006e-06,0.12016330359255624,0.7218990845528543,25,20,20
12,9398,0.1946564979095525,1.5820495601358866e-06,0.10459323340483512,0.7007486866360532,25,20,20
12,9399,0.2041703305627124,0.000245027669827175,0.08731997996991443,0.7082646617975464,25,20,20
12,9400,0.21981909457158175,1.770385022752e-06,0.06150957357428051,0.7186695614691149,25,20,20
12,9401,0.2201414815039115,1.7723593748433024e-06,0.07786126062323956,0.701995485513474,25,20,20
12,9402,0.20414175487072087,2.815519768566723e-07,0.04817301606613184,0.7476849475111702,25,20,20
12,9403,0.22360731622860397,2.1160893233803117e-07,0.027744779590366492,0.7486476925720967,25,20,20
12,9404,0.1746891022009342,4.0264960160015145e-09,0.07544475259374481,0.749866141178826,25,20,20
12,9405,0.1679192792393337,2.114131816312564e-08,0.1033847131529995,0.7286959864663493,25,20,20
12,9406,0.1900970273728505,8.633228169844441e-07,0.07689200915431706,0.7330101001500146,25,20,20
12,9407,0.189039150027959,1.922851603219263e-06,0.09627950299083383,0.7146794241296047,25,20,20
12,9408,0.14903969391936925,2.383155442128932e-07,0.13097400701127493,0.719986060753814,25,20,20
12,9409,0.10916144054995158,1.2347807285225417e-05,0.14255993803035122,0.7482662736124113,25,20,20
12,9410,0.11280993050182968,1.2237731451512706e-05,0.16097486801409816,0.7262029637526212,25,20,20
12,9411,0.11208981850577376,1.2237683261973711e-05,0.1292559742618707,0.7586419695490936,25,20,20
12,9412,0.11621775606982424,4.3671065944405954e-08,0.20164364141278995,0.6821385588463152,25,20,20
12,9413,0.12062188520686776,7.548447013112944e-08,0.20297320477257144,0.6764048345360893,25,20,20
12,9414,0.14843897976047107,1.038242716619281e-06,0.16865831959859,0.6829016623982249,25,20,20
12,9415,0.11199922642024675,1.0392738530770904e-06,0.21041009933103502,0.6775896349748648,25,20,20
12,9416,0.13271733870538216,1.0900602722707778e-06,0.18800755079008127,0.6792740204442648,25,20,20
12,9417,0.10473698986189367,0.0008080085003559397,0.21494620254205124,0.679508799095699,25,20,20
12,9418,0.19129858248135048,9.920266638590981e-07,0.1291581993940148,0.6795422260979735,25,20,20
12,9419,0.15372971247924178,5.719395686913308e-08,0.16773143889704337,0.6785387914297566,25,20,20
12,9420,0.19604902809761185,3.849425996476683e-08,0.12561140825559172,0.6783395251525376,25,20,20
12,9421,0.2450295694309884,1.9582584565470375e-08,0.08353564027874719,0.6714347707076814,25,20,20
12,9422,0.23928892711582792,3.793948399178555e-08,0.08763157043026489,0.6730794645144255,25,20,20
12,9423,0.21891229321624533,6.613683956274059e-07,0.11979335104675848,0.6612936943686013,25,20,20
12,9424,0.26382159514584197,5.8497272483074594e-08,0.09494696395824187,0.6412313823986436,25,20,20
12,9425,0.27072050069339965,2.411631592677519e-05,0.09169767176935811,0.6375577112213169,25,20,20
12,9426,0.19511630890789144,2.3332746255504568e-05,0.16653298759715343,0.6383273707487029,25,20,20
12,9427,0.17141935145838982,2.3877453615208623e-05,0.18998806931866205,0.6385687017693321,25,20,20
12,9428,0.1875028153033581,5.97782014275556e-07,0.21098326852568502,0.6015133183889425,25,20,20
12,9429,0.16902061527447756,4.019597868097959e-07,0.20867238242274525,0.6223066003429915,25,20,20
12,9430,0.21811499491659794,9.664406387825642e-07,0.13899846898102955,0.6428855696617353,25,20,20
12,9431,0.2367087592758102,8.174538972006322e-07,0.12922875650970586,0.6340616667605888,25,20,20
12,9432,0.2344214905419626,1.953148080706397e-05,0.13775158391387776,0.627807394063354,25,20,20
12,9433,0.2338506322844725,7.016531231320206e-07,0.1363182254645288,0.6298304405978759,25,20,20
12,9434,0.18683178131826936,2.3193914227990054e-05,0.17895831386251954,0.634186710904985,25,20,20
12,9435,0.27150188503889505,7.850055938705171e-09,0.0942372304280006,0.6342608766830494,25,20,20
12,9436,0.2691185144414812,0.000636246540927598,0.08843677151243487,0.6418084675051573,25,20,20
12,9437,0.2618619614067602,3.7918869644203545e-07,0.10017272769914012,0.6379649317054054,25,20,20
12,9438,0.29921139794511,8.865077978150375e-07,0.06181131319003663,0.638976402357055,25,20,20
12,9439,0.29245014567364597,6.142922397710699e-07,0.0641962480942913,0.6433529919398236,25,20,20
12,9440,0.27873918425222355,5.981566125419358e-07,0.09281685218349044,0.6284433654076739,25,20,20
12,9441,0.2714468455347569,5.160247789312404e-06,0.04977654162484534,0.6787714525926084,25,20,20
12,9442,0.22267270241350803,3.7852361742581963e-07,0.11585625756175415,0.6614706615011227,25,20,20
12,9443,0.2104223834872917,8.442483161449441e-05,0.10851136316634478,0.6809818285147494,25,20,20
12,9444,0.18254865124590353,8.899347326292869e-05,0.13886778118855592,0.6784945740922782,25,20,20
12,9445,0.15121308054464055,0.00013174010964467,0.1893561790453471,0.6592990003003707,25,20,20
12,9446,0.20303879308142958,7.4396124592466456e-09,0.12962909944343143,0.6673321000355272,25,20,20
12,9447,0.27333687981791494,9.716078127318344e-10,0.049049976457884635,0.6776131427525935,25,20,20
12,9448,0.23298713360179274,2.852590471032864e-07,0.08861072303059261,0.6784018581085673,25,20,20
12,9449,0.21860101840748594,1.5453596274396538e-06,0.10709398072836321,0.6743034555045252,25,20,20
12,9450,0.20242509436811285,5.896476297867234e-07,0.1285175586121931,0.6690567573720648,25,20,20
12,9451,0.19300082347550782,1.7178154971350714e-05,0.13264552225757154,0.6743364761119511,25,20,20
12,9452,0.228307701364217,1.2827829839753769e-06,0.09978035521722978,0.6719106606355694,25,20,20
12,9453,0.18568655227467157,5.299398073543582e-07,0.13600526229940516,0.6783076554861185,25,20,20
12,9454,0.1849165277959077,1.910959413340848e-07,0.13844292151389204,0.6766403595942598,25,20,20
12,9455,0.21604398196379276,1.2120226085758472e-05,0.12827430145380417,0.6556695963563179,25,20,20
12,9456,0.21324694755766807,4.429072357095631e-06,0.12608008286171862,0.6606685405082591,25,20,20
12,9457,0.21758022184458004,3.304141048217845e-06,0.12724556554742716,0.6551709084669463,25,20,20
12,9458,0.2081075961474787,7.19009658730159e-07,0.1367729944624293,0.6551186903804357,25,20,20
12,9459,0.21687151990031261,5.497925815395953e-07,0.11561974262689839,0.6675081876802078,25,20,20
12,9460,0.2246731014447462,9.524280397992232e-06,0.0754047449533341,0.6999126293215219,25,20,20
12,9461,0.1755700796501805,8.621098503840229e-05,0.12382712677404888,0.7005165825907332,25,20,20
12,9462,0.17148098131331463,9.89731586251319e-06,0.11640105201109224,0.7121080693597319,25,20,20
12,9463,0.16044878192555093,1.910895317352587e-05,0.12837436317520315,0.7111577459460744,25,20,20
12,9464,0.13862870456762552,0.0009650474199310717,0.14371678228561277,0.7166894657268308,25,20,20
12,9465,0.1570211408606334,0.0014237324386588992,0.12481125874156083,0.7167438679591488,25,20,20
12,9466,0.1476069001502749,0.0004588930964849544,0.1357699038082839,0.7161643029449585,25,20,20
12,9467,0.10879417137302111,1.6708439089666645e-06,0.21707228226080033,0.6741318755222712,25,20,20
12,9468,0.11878718060952068,3.8858688210049626e-06,0.2109130995342069,0.6702958339874552,25,20,20
12,9469,0.11095123291186391,0.0005688388217179459,0.20991999860242141,0.6785599296639997,25,20,20
12,9470,0.10837658638860287,0.034354352606995715,0.15441973129577374,0.7028493297086333,25,20,20
12,9471,0.12565572568660568,0.034354308175105076,0.13162412974946525,0.7083658363888254,25,20,20
12,9472,0.1301197040143149,0.03997078499785049,0.11902284720741482,0.7108866637804195,25,20,20
12,9473,0.07472223560346736,0.03998733377074527,0.1663394000067232,0.7189510306190648,25,20,20
12,9474,0.10824534391839206,0.039970912169639744,0.1434435399420169,0.7083402039699522,25,20,20
12,9475,0.14996137197929563,0.03997088894370838,0.0916990174052218,0.7183687216717748,25,20,20
12,9476,0.1456794536450357,0.03995983292094825,0.09544789329844282,0.7189128201355728,25,20,20
12,9477,0.07560250502762053,0.03826445016724551,0.1724549892779838,0.7136780555271539,25,20,20
12,9478,0.11988310708604162,0.03996942152907546,0.1284482874429508,0.7116991839419343,25,20,20
12,9479,0.10828447398594437,0.03996594067466408,0.14227078196034118,0.7094788033790538,25,20,20
12,9480,0.14764187731989217,0.039360340093896135,0.09871804093214634,0.714279741654067,25,20,20
12,9481,0.10254024643631927,0.039945280737641815,0.1798468799820509,0.6776675928439886,25,20,20
12,9482,0.055783585001011445,0.03994533053996297,0.24396903641496995,0.6603020480440575,25,20,20
12,9483,0.16272222847139506,0.03997562278578111,0.13354685971991914,0.6637552890229041,25,20,20
12,9484,0.17956649038001005,0.03948760733095628,0.08819323524560878,0.6927526670434238,25,20,20
12,9485,0.14663491973332,0.038753621751139986,0.13518979874265624,0.6794216597728848,25,20,20
12,9486,0.1558256350993026,0.04006701919141773,0.1252258207813708,0.6788815249279087,25,20,20
12,9487,0.18821542200584676,0.04006616259958947,0.09253778996905739,0.6791806254255056,25,20,20
12,9488,0.18594746004569448,0.039968864935410124,0.09536055135514818,0.6787231236637491,25,20,20
12,9489,0.22178382842637706,0.03995594120856798,0.059673974161405144,0.6785862562036489,25,20,20
12,9490,0.21398116029568484,0.038209884436089185,0.06997030725622906,0.6778386480119967,25,20,20
12,9491,0.16241708153118417,0.03829349389218606,0.12100194003749973,0.6782874845391328,25,20,20
12,9492,0.16090165794566538,4.463526979912933e-05,0.16518155617577804,0.6738721506087579,25,20,20
12,9493,0.1728071322667738,1.1689728957134267e-07,0.17792278242141332,0.6492699684145238,25,20,20
12,9494,0.2205181104907487,1.0976701453326296e-05,0.1195900159248624,0.6598808968829352,25,20,20
12,9495,0.14295574903120503,1.9445449017313112e-05,0.1864470151974589,0.6705777903223167,25,20,20
12,9496,0.11993849326827592,3.747156181775754e-05,0.201168807247242,0.6788552279226614,25,20,20
12,9497,0.13333552815270142,3.50346008058465e-05,0.1874747266336301,0.6791547106128648,25,20,20
12,9498,0.12707269183145775,4.902328763774476e-05,0.20015656379329638,0.6727217210876079,25,20,20
12,9499,0.13162870952632766,1.868442253982946e-05,0.18961311675444342,0.6787394892966907,25,20,20
12,9500,0.18423905658787187,4.675314924389568e-06,0.13683367845201022,0.6789225896451941,25,20,20
12,9501,0.14285728679297166,3.773511591080621e-07,0.1779809043814091,0.6791614314744626,25,20,20
12,9502,0.19896797467500474,3.519324731544202e-07,0.12247846835056306,0.6785532050419595,25,20,20
12,9503,0.22984320004180103,7.392259137888592e-08,0.06654503603072785,0.703611690004879,25,20,20
12,9504,0.2052244172208907,3.567160859670235e-07,0.09183229605594576,0.7029429300070781,25,20,20
12,9505,0.19621376562504436,2.5234753802749398e-08,0.08826870464038564,0.7155175044998165,25,20,20
12,9506,0.19920589064322644,2.353703558207316e-08,0.08316652632769314,0.7176275594920462,25,20,20
12,9507,0.19881575288878775,9.353779299267461e-06,0.09544248282970008,0.7057324105022142,25,20,20
12,9508,0.2078694597031836,3.934875142717613e-07,0.052318452544292446,0.7398116942650091,25,20,20
12,9509,0.20783893777627682,3.617874148637546e-07,0.03458690474506073,0.7575737956912475,25,20,20
12,9510,0.1710807054275263,8.331685254497025e-07,0.06981166384274973,0.7591067975611975,25,20,20
12,9511,0.19143775396141927,2.052661170016232e-06,0.05001687581462174,0.7585433175627895,25,20,20
12,9512,0.1958358546270476,8.344573297372735e-07,0.04953724494220411,0.7546260659734183,25,20,20
12,9513,0.22652391060158128,1.0196713286481419e-07,0.02036502570574058,0.7531109617255446,25,20,20
12,9514,0.23108168085768935,1.037466649226575e-07,0.017707202036379738,0.7512110133592665,25,20,20
12,9515,0.13860208935205476,2.2160571864637883e-05,0.10900435108607319,0.7523713989900099,25,20,20
12,9516,0.16016084095710262,4.653964785725019e-09,0.10534335230086228,0.7344958020880732,25,20,20
12,9517,0.1587098853107441,2.6804688862982036e-07,0.08186488400300371,0.7594249626393642,25,20,20
12,9518,0.1996801174867072,3.816818444028888e-09,0.04114383898089212,0.7591760397155822,25,20,20
12,9519,0.19236811028302506,8.42125026959175e-07,0.048416875661594645,0.7592141719303536,25,20,20
12,9520,0.16918199525747113,4.13687547277796e-09,0.0721089234366457,0.7587090771690076,25,20,20
12,9521,0.16075878630343862,1.6808199121049025e-05,0.08053188674109091,0.758692518756351,25,20,20
12,9522,0.15161153900213148,1.878428675809424e-05,0.10048477342872321,0.7478849032823877,25,20,20
12,9523,0.16795142063518204,2.2297609841533114e-06,0.0838636960288427,0.7481826535749923,25,20,20
12,9524,0.16068998404594914,2.002394929889911e-06,0.08821679189456283,0.7510912216645597,25,20,20
12,9525,0.14075391992882488,3.1036280669000786e-06,0.1006343749937657,0.7586086014493438,25,20,20
12,9526,0.1589416882145672,4.89811361312163e-07,0.084192404988941,0.7568654169851314,25,20,20
12,9527,0.17869167823739573,5.531701161161908e-07,0.06672311256634084,0.7545846560261478,25,20,20
12,9528,0.17221323440323114,5.398014115219831e-07,0.06981956546406017,0.757966660331297,25,20,20
12,9529,0.19407542431968888,1.7673962552790208e-05,0.04694828632486197,0.7589586153928962,25,20,20
12,9530,0.16031937226402096,2.454054789266591e-08,0.12338374039976101,0.7162968627956734,25,20,20
12,9531,0.20059369149577577,2.0693023346528974e-08,0.04752898133750213,0.7518773064736979,25,20,20
12,9532,0.21670775996290487,0.0005655098976839926,0.03067956458486655,0.7520471655545442,25,20,20
12,9533,0.22825079881234595,1.515774897104058e-08,0.019197545373917813,0.7525516406559869,25,20,20
12,9534,0.21440023950263168,4.2412830636378576e-08,0.026254313415522486,0.759345404669014,25,20,20
12,9535,0.22819708196805785,2.1260668809899087e-08,0.04023278031224958,0.7315701164590231,25,20,20
12,9536,0.2263648375566313,1.188790979254299e-06,0.05158205819650112,0.7220519154558872,25,20,20
12,9537,0.23770110435915792,8.252831418027837e-07,0.054601813950554814,0.7076962564071448,25,20,20
12,9538,0.266100763244172,4.106903591888492e-06,0.02657773180510665,0.7073173980471291,25,20,20
12,9539,0.26410922923117786,4.127436280364399e-06,0.017380370771531435,0.7185062725610103,25,20,20
12,9540,0.1769485398997907,6.950081621396036e-05,0.12609384912522323,0.6968881101587745,25,20,20
12,9541,0.12045356527961705,0.0003651133835460433,0.17555792978999082,0.7036233915468466,25,20,20
12,9542,0.08203956514112024,2.5391083489586445e-06,0.21556152998703992,0.7023963657634934,25,20,20
12,9543,0.12857209358632257,1.4234954710040858e-07,0.16797939080558982,0.7034483732585425,25,20,20
12,9544,0.13530872608208339,7.441027437316681e-08,0.14540533121535165,0.719285868292291,25,20,20
12,9545,0.14690405034038184,4.232913793272837e-08,0.1343910248906084,0.718704882439875,25,20,20
12,9546,0.1694317535275686,1.0699743930893677e-05,0.11216674996277835,0.7183907967657248,25,20,20
12,9547,0.1716127399083865,1.476345701340494e-08,0.11577696852421626,0.712610276803941,25,20,20
12,9548,0.13688366161432405,9.49172090072602e-06,0.19004051259966656,0.6730663340651133,25,20,20
12,9549,0.16996559439643,2.1325174804072255e-09,0.146332110104256,0.6837022933668001,25,20,20
12,9550,0.195278452880002,8.033975278581248e-09,0.11344718244277788,0.6912743566432447,25,20,20
12,9551,0.18803140122621673,2.9756719351533066e-08,0.07516645345680362,0.7368021155602594,25,20,20
12,9552,0.1782886012768374,2.204836912970885e-08,0.05838613995521103,0.7633252367195815,25,20,20
12,9553,0.15530847173582343,2.009069758310232e-08,0.09537884342580125,0.7493126647476778,25,20,20
12,9554,0.16761511026873768,2.9713185748183532e-05,0.07352831562125933,0.7588268609242541,25,20,20
12,9555,0.157065953621205,1.0210899268812033e-05,0.08436793945518517,0.7585558960243426,25,20,20
12,9556,0.08672204711011633,0.000196938990235047,0.15069503353570207,0.7623859803639494,25,20,20
12,9557,0.08528962113414222,0.0001969389382024077,0.1522398275848328,0.7622736123428229,25,20,20
12,9558,0.041796495633127984,0.00019695963486222268,0.1996106388419077,0.7583959058901041,25,20,20
12,9559,0.06638141068096491,9.000475849634507e-05,0.17061442865514054,0.7629141559054012,25,20,20
12,9560,0.08040405528271112,9.012649379132563e-05,0.15678350016276973,0.7627223180607302,25,20,20
12,9561,0.06978719621163071,8.993482170766664e-05,0.18124441851821527,0.7488784504484459,25,20,20
12,9562,0.10405496151142765,1.2642705746000858e-05,0.14055104183957312,0.7553813539432546,25,20,20
12,9563,0.1225888612836095,5.145723125557191e-08,0.07828019019396612,0.7991308970651919,25,20,20
12,9564,0.12004701679140047,1.321071387812221e-05,0.08148789775603776,0.7984518747386856,25,20,20
12,9565,0.16160600771227873,3.2405878924843673e-07,0.0791985114200806,0.7591951568088505,25,20,20
12,9566,0.16163560589510984,1.3647675212164423e-05,0.0741423791986819,0.7642083672309954,25,20,20
12,9567,0.15130170429689704,9.407071222570777e-07,0.09421247856405673,0.7544848764319263,25,20,20
12,9568,0.11363468466639008,6.376130964607654e-07,0.1339741009655304,0.7523905767549843,25,20,20
12,9569,0.12010369193572705,7.040250961656444e-07,0.13193755733427212,0.7479580467049064,25,20,20
12,9570,0.17285498189912812,9.88611515846806e-07,0.09090554890443661,0.7362384805849207,25,20,20
12,9571,0.15669212625722817,1.522907892532403e-06,0.09073109104695519,0.7525752597879262,25,20,20
12,9572,0.133871071227672,1.6340452246621916e-05,0.10528686578453027,0.7608257225355547,25,20,20
12,9573,0.15253956408413205,3.7785851711632737e-07,0.0998737571718158,0.7475863008855353,25,20,20
12,9574,0.1602621373363829,0.000566750123804708,0.09149798872682782,0.7476731238129856,25,20,20
12,9575,0.1658202753053773,0.0005667785561673967,0.11350857066146508,0.7201043754769908,25,20,20
12,9576,0.15977182414209645,3.5998720569185104e-08,0.10730924197517354,0.7329188978840108,25,20,20
12,9577,0.14214987581984703,2.7382430733741812e-08,0.11577969443145399,0.7420704023662696,25,20,20
12,9578,0.1829525164584662,6.759697548468735e-08,0.06778606554038358,0.7492613504041741,25,20,20
12,9579,0.17924515206403602,8.155879092791638e-07,0.07877813378481349,0.7419758985632392,25,20,20
12,9580,0.16574074850133605,1.0203473385328945e-05,0.08570818102904795,0.7485408669962321,25,20,20
12,9581,0.19326933214627792,1.453973189740288e-07,0.08174692580365915,0.7249835966527445,25,20,20
12,9582,0.16264850127221792,0.00037788325519468117,0.1189451302524615,0.7180284852201275,25,20,20
12,9583,0.17798448238575376,2.8794358126458595e-05,0.10417439012258278,0.7178123331335362,25,20,20
12,9584,0.1812609130627991,2.5559113922819427e-05,0.09963134298371971,0.7190821848395591,25,20,20
12,9585,0.19298986693266382,3.825617111556663e-05,0.07991570861585444,0.7270561682803642,25,20,20
12,9586,0.19900005205784957,1.4580926214389285e-06,0.05043249968562749,0.7505659901639011,25,20,20
12,9587,0.13580713670426048,7.345219939083273e-06,0.1050017276432489,0.7591837904325535,25,20,20
12,9588,0.15595025455603798,0.0002584238201059047,0.08532312851151644,0.7584681931123437,25,20,20
12,9589,0.15390426518823766,8.369420195671007e-09,0.08860559751582722,0.7574901289265182,25,20,20
12,9590,0.16063511822091928,8.11440508230587e-07,0.15443962183460722,0.6849244485039679,25,20,20
12,9591,0.23749584981832506,2.045847422360889e-06,0.09079622278796995,0.6717058815462831,25,20,20
12,9592,0.23414008259693664,1.0733203395715821e-07,0.08420313644101196,0.6816566736300174,25,20,20
12,9593,0.21542148232097072,7.397660128648615e-07,0.14479758068349569,0.6397801972295233,25,20,20
12,9594,0.2830777661221695,9.53373724422716e-05,0.0840417729493991,0.6327851235559901,25,20,20
12,9595,0.25249763522339996,0.00011340019470027819,0.11325655872510985,0.6341324058567921,25,20,20
12,9596,0.2613164479729502,9.520057880400883e-05,0.10550992772235254,0.633078423725894,25,20,20
12,9597,0.23200600809465213,2.083457669937292e-06,0.13413886365074096,0.6338530447969384,25,20,20
12,9598,0.16181944278949295,2.7793029679885397e-05,0.1989421960850337,0.6392105680957945,25,20,20
12,9599,0.1400584379323252,0.0245355916764258,0.19686897590355376,0.6385369944876979,25,20,20
12,9600,0.20020138814209637,0.024545957063476762,0.13702648480034674,0.6382261699940819,25,20,20
12,9601,0.19797390063011006,0.04037750678628464,0.12142903720688009,0.6402195553767275,25,20,20
12,9602,0.23239414517004145,0.0429623008450248,0.08687334991164411,0.6377702040732919,25,20,20
12,9603,0.23559191087592044,0.01121106557100822,0.11495955708451558,0.6382374664685563,25,20,20
12,9604,0.23514762175512655,0.011210209887308597,0.11638790292996011,0.6372542654276065,25,20,20
12,9605,0.2004994972785672,0.03949530851865226,0.12106564288537439,0.638939551317407,25,20,20
12,9606,0.16688947681683042,0.01416631260679661,0.17958886389818957,0.6393553466781841,25,20,20
12,9607,0.1863665924868226,0.014166294466679363,0.16059055958407437,0.6388765534624263,25,20,20
12,9608,0.18163651054495972,0.011205051044322956,0.21079149082023904,0.5963669475904788,25,20,20
12,9609,0.150876972001172,0.0387127631850094,0.24404434289194735,0.566365921921869,25,20,20
12,9610,0.16667439757107652,0.038780265872509975,0.19513288395743278,0.599412452598979,25,20,20
12,9611,0.26773963780938376,0.04003107811974491,0.09273619162306032,0.5994930924478125,25,20,20
12,9612,0.318794894595824,0.039964264626890504,0.04244776131886426,0.5987930794584218,25,20,20
12,9613,0.29102605753111804,0.038254922294596934,0.05457668264671249,0.6161423375275732,25,20,20
12,9614,0.24026382320170764,3.876251867173234e-06,0.16382595582881884,0.5959063447176067,25,20,20
12,9615,0.15631876207804166,1.090090857661618e-05,0.22954425074630674,0.6141260862670734,25,20,20
12,9616,0.23778699134235196,1.5517873440787818e-06,0.12474729487906334,0.6374641619912407,25,20,20
12,9617,0.23523903229950963,1.422214241930364e-08,0.10787732251527105,0.6568836309630768,25,20,20
12,9618,0.2173235422632145,1.9153963385297482e-08,0.12840963179207088,0.6542668067907522,25,20,20
12,9619,0.19474713362713897,1.6018245283601077e-08,0.13622784694077686,0.6690250034138431,25,20,20
12,9620,0.19600881955649174,4.487531313316443e-06,0.11752555961121952,0.6864611333009778,25,20,20
12,9621,0.20499164090743652,1.120469951955349e-05,0.08620373609261685,0.7087934183004285,25,20,20
12,9622,0.27311878850910637,3.703838223841068e-08,0.02677930160554845,0.7001018728469631,25,20,20
12,9623,0.2624505429374928,5.721772492895326e-08,0.0479109802705552,0.6896384195742268,25,20,20
12,9624,0.1944264615330978,7.608104765059702e-08,0.10150572319378547,0.7040677391920699,25,20,20
12,9625,0.14996313613280446,8.516285127394673e-05,0.11176926555631513,0.7381824354596063,25,20,20
12,9626,0.1635464992463038,0.0034141644501767647,0.09529142287998671,0.7377479134235336,25,20,20
12,9627,0.1399904888135399,1.9009201585543153e-05,0.15242874016109356,0.7075617618237828,25,20,20
12,9628,0.17460168016073474,0.00040325475550050387,0.11491349389483296,0.7100815711889348,25,20,20
12,9629,0.16062955092227793,0.0004030698676016983,0.13138751316226768,0.7075798660478538,25,20,20
12,9630,0.14623806586122629,0.00040306688618666793,0.14579638313041074,0.7075624841221766,25,20,20
12,9631,0.1830895205609556,0.020882470305645905,0.0768821712247863,0.7191458379086119,25,20,20
12,9632,0.16335945613141262,0.03992499977743636,0.09131680556723466,0.7053987385239201,25,20,20
12,9633,0.12198252333878955,0.03934779430699232,0.11945707245777658,0.7192126098964454,25,20,20
12,9634,0.09955528802387162,0.03871915401849839,0.1488935282602431,0.7128320296973881,25,20,20
12,9635,0.08200763579177515,0.03979708569268327,0.1596325318174245,0.7185627466981166,25,20,20
12,9636,0.08890551976745042,0.038235268087338466,0.1549444476003542,0.7179147645448605,25,20,20
12,9637,0.08674374417100941,0.03825403157206465,0.19409093643281905,0.6809112878241104,25,20,20
12,9638,0.08131972776050025,0.03853958458457505,0.20424897605838058,0.6758917115965482,25,20,20
12,9639,0.08981132750148077,0.03875110011325818,0.19849130876922516,0.6729462636160355,25,20,20
12,9640,0.05288489927723273,0.038751093698935896,0.2358241796279383,0.672539827395894,25,20,20
12,9641,0.08739622716541225,0.038716198134859006,0.19201430759191587,0.6818732671078136,25,20,20
12,9642,0.10511656809272565,0.0399797147222425,0.1754355254609503,0.6794681917240823,25,20,20
12,9643,0.12276259193612094,0.03997784050086413,0.1579258781638493,0.679333689399168,25,20,20
12,9644,0.11748980889964188,0.039990382699261195,0.1629023976555415,0.6796174107455534,25,20,20
12,9645,0.1638306867376399,0.03995500014761606,0.0771026092077765,0.7191117039069672,25,20,20
12,9646,0.18312251769052101,0.03719663298996275,0.060271738211473774,0.7194091111080421,25,20,20
12,9647,0.1917614314809697,0.011181704893596949,0.07973807253576842,0.7173187910896638,25,20,20
12,9648,0.14822566814425348,0.021325860465971302,0.11169049985450055,0.7187579715352755,25,20,20
12,9649,0.1901610397883145,0.03996340838600145,0.05050883852152313,0.7193667133041615,25,20,20
12,9650,0.21547703279867256,0.0017970349393488507,0.0637278802079023,0.7189980520540766,25,20,20
12,9651,0.15159135558241885,1.0665713531476414e-05,0.13994144945083492,0.7084565292532177,25,20,20
12,9652,0.1173556339303165,2.6806279512112035e-08,0.1636922524549859,0.7189520868084196,25,20,20
12,9653,0.10416425379627592,4.9382099767949584e-08,0.18201653035577706,0.7138191664658496,25,20,20
12,9654,0.08240877960831265,2.5744530216753785e-07,0.20044242034809348,0.7171485425982935,25,20,20
12,9655,0.08073020765412185,1.5778146190767416e-07,0.19657648452397777,0.7226931500404405,25,20,20
12,9656,0.1240501579471521,1.988838192387067e-06,0.14190527625734217,0.7340425769573158,25,20,20
12,9657,0.1468701050892904,0.039970536312023165,0.05443364118772843,0.7587257174109581,25,20,20
12,9658,0.12299118349140364,0.039963206216735665,0.08131305631527837,0.7557325539765827,25,20,20
12,9659,0.17952404833115002,0.03825422907681737,0.035989203545972515,0.7462325190460602,25,20,20
12,9660,0.18860582666143486,0.03825423119656622,0.02194940958144331,0.7511905325605546,25,20,20
12,9661,0.1514629308383822,0.03994561688481487,0.09566245042312838,0.7129290018536742,25,20,20
12,9662,0.14398179011923512,0.03994604662650112,0.10269732409726978,0.7133748391569966,25,20,20
12,9663,0.15806034853199427,0.03995095145660629,0.1003747116188634,0.7016139883925371,25,20,20
12,9664,0.12613133313869282,0.03997772969801721,0.11439775396023463,0.7194931832030537,25,20,20
12,9665,0.11837507504108158,0.039968742517456926,0.12320890648164895,0.7184472759598133,25,20,20
12,9666,0.08356570751990537,0.03997480606721283,0.15607496778618926,0.7203845186266955,25,20,20
12,9667,0.11653513631314638,0.03991297952268356,0.11918636184892062,0.7243655223152511,25,20,20
12,9668,0.15685490306051875,0.039912717468927626,0.09326057023280715,0.7099718092377468,25,20,20
12,9669,0.11186316017007276,0.03997038803632444,0.12012430345189382,0.7280421483417109,25,20,20
12,9670,0.04220848784993898,0.011230656127439238,0.16253590840539153,0.78402494761723,25,20,20
12,9671,0.10944825133104746,0.0399184513907461,0.057330457601923304,0.7933028396762822,25,20,20
12,9672,0.09571866335401966,0.03991858542895624,0.08394224772595402,0.7804205034910696,25,20,20
12,9673,0.09233174811253476,0.03991861297234342,0.06818519900133052,0.7995644399137913,25,20,20
12,9674,0.09980408561886492,0.039919149857782256,0.05995782441006247,0.8003189401132903,25,20,20
12,9675,0.0885340347601178,0.039919152039909166,0.08490151160690328,0.7866453015930692,25,20,20
12,9676,0.06848562838990722,0.05539233667203289,0.10492179651717146,0.7712002384208896,25,20,20
12,9677,0.09680471382105163,0.0382540218993775,0.14230116917807198,0.7226400951015034,25,20,20
12,9678,0.11213278189090717,0.036894751215383485,0.13266486138432002,0.718307605509391,25,20,20
12,9679,0.11756324229861015,8.664687240376264e-06,0.24887383528337392,0.6335542577307757,25,20,20
12,9680,0.11930159408230612,1.8368500697501808e-06,0.23968722545204207,0.641009343615583,25,20,20
12,9681,0.09191129036806238,7.27744303590125e-06,0.23773504675680937,0.6703463854320918,25,20,20
12,9682,0.12701785821137324,7.209451950263397e-06,0.19111395396689446,0.6818609783697828,25,20,20
12,9683,0.13920557143102985,4.953522010714426e-06,0.21769732710925782,0.6430921479377056,25,20,20
12,9684,0.12021285247267119,2.741556336024316e-07,0.20129221620082965,0.6784946571708649,25,20,20
12,9685,0.18347395785417564,7.133247379895564e-07,0.13808331532722593,0.6784420134938627,25,20,20
12,9686,0.21514524207136787,0.00011721976615289794,0.10718026871092777,0.6775572694515535,25,20,20
12,9687,0.2038829532018673,2.643275305125341e-07,0.08251376646102906,0.7136030160095744,25,20,20
12,9688,0.15490733249118446,2.697995344235789e-08,0.14208765439980253,0.7030049861290603,25,20,20
12,9689,0.18199446605876574,2.6728888619875726e-08,0.10446234281771533,0.71354316439463,25,20,20
12,9690,0.23927574996608533,5.223698540755635e-08,0.05198852772349406,0.7087356700734354,25,20,20
12,9691,0.20526840337724714,7.399434624310237e-05,0.12544225002983567,0.6692153522466766,25,20,20
12,9692,0.1948467197889021,0.0011818819358866643,0.12502414023322644,0.6789472580419874,25,20,20
12,9693,0.21917320351591726,7.431466294470242e-05,0.1028936832601721,0.6778587985609645,25,20,20
12,9694,0.21866446692312505,7.397710575497337e-05,0.10214308048375025,0.6791184754873689,25,20,20
12,9695,0.18203686838369215,7.4332221936343e-05,0.14488358590749179,0.673005213486882,25,20,20
12,9696,0.14168716116039473,8.776261805128839e-05,0.1794117398896019,0.6788133363319541,25,20,20
12,9697,0.16564121331383933,3.389548117506956e-05,0.15563233853666317,0.6786925526683224,25,20,20
12,9698,0.15885738616128975,3.267973994636136e-05,0.17743704246241754,0.6636728916363472,25,20,20
12,9699,0.1822665241730641,2.7845377367985315e-05,0.13864503852701576,0.6790605919225524,25,20,20
12,9700,0.20051979226500039,1.4428490179192864e-05,0.12129760781473255,0.6781681714300882,25,20,20
12,9701,0.20888421806459984,1.8977093811180814e-06,0.12644813378142555,0.6646657504445954,25,20,20
12,9702,0.15880612531993443,3.1298925231507147e-06,0.17604685578196894,0.6651438890055733,25,20,20
12,9703,0.13948045405290346,8.073137924686016e-06,0.2168746052955681,0.643636867513606,25,20,20
12,9704,0.10876674451857225,2.361182265509509e-05,0.25207025066095207,0.6391393929978232,25,20,20
12,9705,0.19919070135028985,9.36944173081297e-06,0.16611132344001786,0.634688605767964,25,20,20
12,9706,0.18476781325124972,2.0558343473784058e-05,0.17604147097397174,0.6391701574313065,25,20,20
12,9707,0.19148695512513658,3.650953759785897e-05,0.16953358606417532,0.6389429492730914,25,20,20
12,9708,0.1835178902436862,0.0003338007521499067,0.17751112467332106,0.6386371843308454,25,20,20
12,9709,0.15947340158814913,0.0008537791317636388,0.16047896902649306,0.6791938502535949,25,20,20
12,9710,0.20304248717892115,0.0008539339016312288,0.11710123199582391,0.6790023469236235,25,20,20
12,9711,0.1622405796778081,0.0011261970307663424,0.1720779166352169,0.6645553066562074,25,20,20
12,9712,0.16322128280013012,0.0400978947749973,0.11885005526508252,0.6778307671597905,25,20,20
12,9713,0.16237516047035291,0.03997646111007608,0.13027779435122228,0.6673705840683511,25,20,20
12,9714,0.1573256034031118,0.0399472001652815,0.07346431908592127,0.7292628773456852,25,20,20
12,9715,0.1603257242576846,0.03824020532703676,0.0866069688610834,0.7148271015541955,25,20,20
12,9716,0.19004721174865766,0.038240182557900536,0.05232687699052177,0.7193857287029196,25,20,20
12,9717,0.1608067432337345,0.03825770077915712,0.08769589321692013,0.7132396627701891,25,20,20
12,9718,0.14353608558309902,0.03825769033945939,0.09948622538839315,0.7187199986890502,25,20,20
12,9719,0.16724611214895838,0.038258899597874554,0.08271065383188465,0.7117843344212836,25,20,20
12,9720,0.13490249984091174,0.001085177729332521,0.14537363197640296,0.7186386904533557,25,20,20
12,9721,0.18187060777830655,0.001085168840045772,0.09799575751010986,0.7190484658715403,25,20,20
12,9722,0.15928420293714413,4.47578931898053e-08,0.12748374113493804,0.7132320111700272,25,20,20
12,9723,0.15602409153391478,1.1272807221210525e-07,0.12157292968417709,0.7224028660538376,25,20,20
12,9724,0.15879253897234422,4.674950693791134e-08,0.12265275624076236,0.7185546580373885,25,20,20
12,9725,0.21317643815500634,1.1275034845645617e-05,0.06770365622642249,0.7191086305837239,25,20,20
12,9726,0.209329765784483,1.0687029392347883e-05,0.08392153718987627,0.7067380099962486,25,20,20
12,9727,0.16293289290161295,1.8969037215704982e-05,0.11824046785786303,0.7188076702033105,25,20,20
12,9728,0.13748445690351097,8.885841300579934e-05,0.15932312351026717,0.7031035611732187,25,20,20
12,9729,0.15400148798502764,8.92476870706236e-05,0.1364060958228853,0.7095031685050176,25,20,20
12,9730,0.19764907309613933,7.028399693616935e-05,0.09324956701801311,0.709031075888912,25,20,20
12,9731,0.111630646639158,2.2771454040461927e-07,0.09447925248182713,0.7938898731644751,25,20,20
12,9732,0.1262421888816638,1.3664637144162024e-08,0.07956197944378474,0.7941958180099137,25,20,20
12,9733,0.15695477596426374,6.308137516729425e-08,0.058238134011413874,0.7848070269429455,25,20,20
12,9734,0.13804774115185342,1.633902516380959e-05,0.11432303293017443,0.7476128868928096,25,20,20
12,9735,0.11850433822578252,3.2634924044950084e-10,0.0895145465588428,0.7919811148890267,25,20,20
12,9736,0.13081398564467508,5.252214209113977e-06,0.070995383806391,0.798185378334724,25,20,20
12,9737,0.09240606180134275,1.2692708770149906e-05,0.12446091647699258,0.7831203290128964,25,20,20
12,9738,0.11139201746218695,7.902513686170095e-07,0.08965010783109477,0.7989570844553485,25,20,20
12,9739,0.11436721738136146,4.940400283631561e-08,0.09811518884865081,0.7875175443659856,25,20,20
12,9740,0.1598723757083472,2.5275704699719074e-07,0.05864651807461836,0.7814808534599871,25,20,20
12,9741,0.1892443843929055,2.9695409282514486e-08,0.026667019823707016,0.7840885660879772,25,20,20
12,9742,0.16082905127268074,2.972163356393433e-08,0.041550568858401984,0.7976203501472835,25,20,20
12,9743,0.15895444488968297,7.101484127356924e-09,0.04252681228367793,0.7985187357251552,25,20,20
12,9744,0.15987109699753416,5.770220556110767e-09,0.04248353349150538,0.7976453637407395,25,20,20
12,9745,0.1565639568576169,2.800413953440764e-06,0.05116145516420855,0.7922717875642199,25,20,20
12,9746,0.14470166159782774,4.9114535789225665e-06,0.06306969248159368,0.7922237344669993,25,20,20
12,9747,0.15989526469009424,1.489953636279783e-08,0.041882147625395945,0.7982225727849723,25,20,20
12,9748,0.17318756474839794,3.8661105839722385e-09,0.028363812347437057,0.798448619038054,25,20,20
12,9749,0.18440106421889146,0.0005888506966476117,0.016440003944078324,0.7985700811403827,25,20,20
12,9750,0.12842108925720588,4.0025034861714873e-07,0.07334486825330921,0.7982336422391353,25,20,20
12,9751,0.1121974722582379,9.592399893473362e-06,0.0887998383092068,0.7989930970326629,25,20,20
12,9752,0.13855766509148476,4.207939263554253e-08,0.06342960230939676,0.7980126905197245,25,20,20
12,9753,0.14229736189253467,2.5063500183915054e-08,0.07722924998651987,0.7804733630574446,25,20,20
12,9754,0.16920138574888477,0.00013846187241707672,0.06888341210509585,0.7617767402736019,25,20,20
12,9755,0.20048217900535514,1.4749325291628518e-08,0.03692711876483461,0.7625906874804845,25,20,20
12,9756,0.19892950600367576,5.3816784043726907e-08,0.05784871311099691,0.7432217270685423,25,20,20
12,9757,0.20192783957804966,9.741236053905147e-07,0.08926097398846357,0.708810212309882,25,20,20
12,9758,0.2212260653162477,5.406774742817761e-07,0.06765384588903756,0.7111195481172398,25,20,20
12,9759,0.17596404709974064,6.398738177266372e-06,0.11319690697721445,0.71083264718487,25,20,20
12,9760,0.1613029888940413,1.4089489385588577e-05,0.12826356912205772,0.7104193524945169,25,20,20
12,9761,0.1233559519698329,5.706079988152378e-05,0.08521765887695736,0.7913693283533287,25,20,20
12,9762,0.15745520378252598,1.6709438213037215e-08,0.049289919097048426,0.7932548604109863,25,20,20
12,9763,0.15425238347156192,3.92514486137771e-08,0.06321495593086449,0.7825326213461242,25,20,20
12,9764,0.16049094904389238,1.259025261936602e-09,0.06194316867669003,0.7775658810203915,25,20,20
12,9765,0.15684453906195958,1.6300486893691206e-09,0.051347921229485075,0.7918075380785063,25,20,20
12,9766,0.11685491004095606,8.443289079219939e-09,0.09025139319409765,0.792893688321657,25,20,20
12,9767,0.11388493252332484,8.498162063196956e-09,0.08753206254820638,0.7985829964303075,25,20,20
12,9768,0.1332132903381941,7.544214574739277e-09,0.07271837450184312,0.7940683276157462,25,20,20
12,9769,0.14349530960820556,4.835510125300109e-07,0.05868548124131613,0.7978187255994648,25,20,20
12,9770,0.14281844476450062,6.964202002159753e-06,0.06003223327827997,0.7971423577552177,25,20,20
12,9771,0.12213487469717732,4.996275978376029e-08,0.07572691092333035,0.802138164416732,25,20,20
12,9772,0.11562944722631915,1.543802053063113e-08,0.09191960736659768,0.792450929969064,25,20,20
12,9773,0.07334556091127802,9.56300685353655e-07,0.12720664891417496,0.7994468338738636,25,20,20
12,9774,0.15382437296586876,2.1806678118592004e-07,0.04677435925635389,0.7994010497109945,25,20,20
12,9775,0.11857504022703505,2.419270111947962e-07,0.09364609627923245,0.7877786215667214,25,20,20
12,9776,0.15914293695594775,2.1601301741370166e-07,0.04227575440177471,0.7985810926292594,25,20,20
12,9777,0.16855844916256152,2.1625728402040783e-07,0.039879686657077994,0.7915616479230766,25,20,20
12,9778,0.14788281485902272,2.800402635863078e-07,0.05305977853120706,0.7990571265695056,25,20,20
12,9779,0.20166572707523617,0.02832448585971352,0.01628086612047408,0.753728920944576,25,20,20
12,9780,0.11391483787903843,0.0391384816717327,0.08813021479856431,0.7588164656506666,25,20,20
12,9781,0.10786580272753717,0.039514828467171144,0.09325854420798663,0.7593608245973056,25,20,20
12,9782,0.07123214955521648,0.04060370331970584,0.13024867231502918,0.7579154748100507,25,20,20
12,9783,0.09834673651169443,0.03873289972573617,0.13908563380953842,0.7238347299530352,25,20,20
12,9784,0.07728187942419425,0.03997673913622892,0.15762534843054532,0.7251160330090339,25,20,20
12,9785,0.08972897657873173,0.03935999631731225,0.1503838137532932,0.7205272133506644,25,20,20
12,9786,0.07879200934014492,0.038768028151562196,0.16541850703605246,0.7170214554722439,25,20,20
12,9787,0.11909738505365812,0.038714383856198416,0.12412117154171193,0.7180670595484304,25,20,20
12,9788,0.11637042189270262,0.0387191264641008,0.1414883524436229,0.7034220991995785,25,20,20
12,9789,0.09053453826055854,0.04067694337673212,0.161239838404877,0.7075486799578324,25,20,20
12,9790,0.11678975836906398,0.0399411812322563,0.09629962339117436,0.7469694370075051,25,20,20
12,9791,0.15682855843548954,0.0390187862859688,0.046192440686121265,0.7579602145924201,25,20,20
12,9792,0.1242739676347586,0.03822814121870542,0.07857162653225239,0.7589262646142828,25,20,20
12,9793,0.05862748302452191,0.038235118765679164,0.11067493339356133,0.7924624648162388,25,20,20
12,9794,0.06833054461432328,0.03822795285252078,0.09441187559555737,0.7990296269375993,25,20,20
12,9795,0.08147014742472525,0.03993990990137422,0.07927730890727894,0.7993126337666204,25,20,20
12,9796,0.08090608858590226,0.03995399622661436,0.07974696517055668,0.7993929500169265,25,20,20
12,9797,0.08255473072528481,0.03875323805463353,0.08141559940533248,0.797276431814749,25,20,20
12,9798,0.043507559908601244,0.03877176275617767,0.1644509188071319,0.7532697585280914,25,20,20
12,9799,0.04443565449174443,0.03825393668642196,0.15788163944399158,0.7594287693778448,25,20,20
12,9800,0.1376976082567648,0.0003815954413424863,0.10340069497432883,0.7585201013275654,25,20,20
12,9801,0.1474872837112423,0.0004651903769939923,0.10119766706934147,0.7508498588424243,25,20,20
12,9802,0.15888891109140812,2.638994359724041e-07,0.079321227286139,0.7617895977230167,25,20,20
12,9803,0.15880725402883586,8.146300344699714e-07,0.07706420892866378,0.7641277224124653,25,20,20
12,9804,0.15931026921305336,8.14900716754595e-07,0.09237208503729537,0.7483168308489359,25,20,20
12,9805,0.15922513464268792,7.704503759074148e-06,0.08212490930359198,0.7586422515499645,25,20,20
12,9806,0.12720387746750453,1.9165562204667793e-05,0.10935449274127482,0.7634224642290167,25,20,20
12,9807,0.08047104084661737,1.4061369978266772e-08,0.16986032801683307,0.7496686170751816,25,20,20
12,9808,0.09954218513252563,3.2025173716405785e-08,0.15620991274846538,0.7442478700938396,25,20,20
12,9809,0.1268965062941761,3.950500267995411e-05,0.12750667493714413,0.7455573137660021,25,20,20
12,9810,0.11457764165796151,3.260152620710043e-05,0.14805923249603908,0.7373305243197967,25,20,20
12,9811,0.11190095138765871,3.260056569619513e-05,0.14958640971717432,0.7384800383294718,25,20,20
12,9812,0.11233604895831528,9.784986526830571e-09,0.1074675864876695,0.7801963547690285,25,20,20
12,9813,0.15303703898531126,3.88900414967337e-07,0.0476971607032713,0.7992654114110025,25,20,20
12,9814,0.18457427565471074,7.114151191603281e-09,0.03439618202714706,0.7810295352039901,25,20,20
12,9815,0.15849386940091564,8.779577031895146e-08,0.04285165259337687,0.7986543902099354,25,20,20
12,9816,0.1583006007290256,8.235173092755785e-08,0.04318936979187559,0.7985099471273679,25,20,20
12,9817,0.15980515052609393,1.4547323710394822e-08,0.08161723344276817,0.7585776014838133,25,20,20
12,9818,0.16918171995941875,5.398080721303622e-07,0.07248672902203511,0.7583310112104743,25,20,20
12,9819,0.18434490906714202,1.5001639595834757e-08,0.06370240834753177,0.7519526675836873,25,20,20
12,9820,0.16425557055967235,1.3520429387076176e-08,0.0837190767053752,0.7520253392145224,25,20,20
12,9821,0.17665861328391178,8.167201421469644e-06,0.06901922944901534,0.7543139900656515,25,20,20
12,9822,0.17603899490637365,8.144331496732908e-06,0.07950473259112352,0.7444481281710067,25,20,20
12,9823,0.18094094247348688,8.15168899804056e-06,0.0648689301800959,0.7541819756574191,25,20,20
12,9824,0.2054477865371534,2.1505515103860023e-05,0.03631352128815096,0.7582171866595915,25,20,20
12,9825,0.18022236006951434,2.1563938729400714e-05,0.06127946420789589,0.7584766117838605,25,20,20
12,9826,0.18335935394805655,7.63965691458413e-08,0.06862318568686765,0.7480173839685068,25,20,20
12,9827,0.15179358639512786,8.115180721281675e-06,0.08992369721889566,0.7582746012052549,25,20,20
12,9828,0.17613003466149937,2.708040743644217e-05,0.07886698465256652,0.7449759002784969,25,20,20
12,9829,0.17196513784852022,8.109746063397403e-06,0.06950128758983905,0.7585254648155771,25,20,20
12,9830,0.15494326936140992,8.120841871913795e-06,0.086170821977829,0.7588777878188893,25,20,20
12,9831,0.11033537169890761,9.81833330475722e-06,0.1656054654370918,0.7240493445306971,25,20,20
12,9832,0.23113102117645515,8.12418585879879e-06,0.03742569667861744,0.7314351579590678,25,20,20
12,9833,0.2320650335964681,2.048136342946474e-08,0.07396833119520373,0.6939666147269647,25,20,20
12,9834,0.22812823489726208,2.054280549493389e-06,0.09198514722892043,0.6798845635932702,25,20,20
12,9835,0.21201408107657246,2.0342059165399832e-07,0.11542469343107835,0.6725610220717598,25,20,20
12,9836,0.23356529257261138,2.0750730705060345e-07,0.08637592818623792,0.6800585717338445,25,20,20
12,9837,0.2737083489502412,2.1346213662996937e-07,0.04650334603053789,0.6797880915570848,25,20,20
12,9838,0.2234354580114335,2.7687741134720146e-07,0.10819893198037683,0.6683653331307792,25,20,20
12,9839,0.21020446128164635,4.1339436634862944e-08,0.12200173552947768,0.6677937618494437,25,20,20
12,9840,0.1686705365779873,1.468682034623574e-07,0.11710283778619736,0.7142264787676129,25,20,20
12,9841,0.2275458838323437,1.1478297679187845e-07,0.05718447026765973,0.7152695311170207,25,20,20
12,9842,0.2016392399289485,6.811686001856323e-08,0.08013538637417839,0.7182253055800145,25,20,20
12,9843,0.11518111169182203,1.2393276248216703e-07,0.16531297387121502,0.7195057905042019,25,20,20
12,9844,0.23099261240226382,1.1000996103967222e-06,0.042438754620969445,0.7265675328771556,25,20,20
12,9845,0.2133525479844635,2.650819687631661e-09,0.06231183423325284,0.7243356151314636,25,20,20
12,9846,0.2215068369818163,3.491337808566487e-05,0.0433710145169212,0.7350872351231765,25,20,20
12,9847,0.23242276006148352,1.6500435897595568e-06,0.020311682412425935,0.7472639074825009,25,20,20
12,9848,0.1958282930471354,1.1220859463885349e-08,0.012843416268507263,0.7913282794634966,25,20,20
12,9849,0.200653550934471,5.854860299525313e-09,0.015168837063575817,0.7841776061470924,25,20,20
12,9850,0.1926029838812578,1.0922304418168385e-07,0.015136701246029408,0.7922602056496677,25,20,20
12,9851,0.1832473255921673,3.8351650981903493e-07,0.06117944969991247,0.7555728411914102,25,20,20
12,9852,0.14198590854387827,8.104149983554302e-09,0.09589573747483712,0.7621183458771341,25,20,20
12,9853,0.13657126254701218,0.00037621745152473414,0.1359457141012378,0.7271068059002261,25,20,20
12,9854,0.13604706310468145,1.874252738362614e-07,0.1393473331471005,0.7246054163229438,25,20,20
12,9855,0.1428798303083676,1.6367215260148202e-07,0.17876286795757718,0.6783571380619038,25,20,20
12,9856,0.10318794375526288,1.5680610366338076e-07,0.2175623932054749,0.6792495062331576,25,20,20
12,9857,0.07208472172218812,1.3101088486412894e-06,0.258702713877461,0.6692112542915019,25,20,20
12,9858,0.06741231535623327,0.003553689722368429,0.2540577348378124,0.6749762600835858,25,20,20
12,9859,0.12845447102830287,0.003553412744492679,0.18777379327646396,0.6802183229507416,25,20,20
12,9860,0.14220095759259263,1.1410552205663285e-06,0.16615831232777176,0.6916395890244155,25,20,20
12,9861,0.20355880559822953,2.786998297800381e-06,0.12279557750830578,0.6736428298951691,25,20,20
12,9862,0.25504882563666526,0.01469063071397999,0.04591788219231927,0.6843426614570357,25,20,20
12,9863,0.2533406782796034,0.014691295900670833,0.04754974660907249,0.6844182792106536,25,20,20
12,9864,0.21978313665683127,0.014690619031605026,0.08639227922759422,0.6791339650839692,25,20,20
12,9865,0.19792340201936834,0.014690672105502347,0.10837953144437483,0.6790063944307562,25,20,20
12,9866,0.1850921973375552,0.01469999614334238,0.12133796957293365,0.6788698369461729,25,20,20
12,9867,0.18542087229717463,0.014696032957117742,0.12125649390949965,0.6786266008362095,25,20,20
12,9868,0.19749544190452606,4.1087457322438174e-05,0.12367181830913727,0.6787916523290172,25,20,20
12,9869,0.16749587634896193,4.214725001999954e-05,0.15343851446417883,0.6790234619368434,25,20,20
12,9870,0.20287991732874402,4.079382508660884e-05,0.1182950206568078,0.6787842681893628,25,20,20
12,9871,0.19967210086671078,2.7691266159087306e-07,0.11715797490890262,0.6831696473117269,25,20,20
12,9872,0.13228355418460985,1.0129953223030174e-06,0.15494271490635717,0.7127727179137138,25,20,20
12,9873,0.08092638187618587,1.6038725166933427e-05,0.20045006725450382,0.7186075121441452,25,20,20
12,9874,0.14018681759458423,1.637617213702083e-05,0.15170657603196255,0.7080902302013176,25,20,20
12,9875,0.12081762770543036,2.0503294290195223e-05,0.17057358633046873,0.7085882826698097,25,20,20
12,9876,0.12472952517137006,0.003278484920293996,0.1533211484454479,0.7186708414628907,25,20,20
12,9877,0.16418659651050851,3.8644496296623696e-07,0.1464287583570848,0.6893842586874435,25,20,20
12,9878,0.16119218159604262,0.00013120253292141215,0.12027065623159831,0.7184059596394361,25,20,20
12,9879,0.07831851947348739,2.5574390124791643e-06,0.22844394293376383,0.693234980153739,25,20,20
12,9880,0.0956747500486726,2.798577998985288e-06,0.18586069279959505,0.7184617585737285,25,20,20
12,9881,0.11694272836967512,9.568134920035424e-06,0.16443335876321682,0.7186143447321893,25,20,20
12,9882,0.19133550080316555,3.645500535679845e-05,0.05493492508436987,0.7536931191071077,25,20,20
12,9883,0.16412190647508773,6.965049578798029e-08,0.07731589833139624,0.7585621255430207,25,20,20
12,9884,0.16564767752346066,7.873222800853712e-09,0.11572260236762455,0.7186297122356932,25,20,20
12,9885,0.18400255383647807,0.0007741080836700486,0.1100680297381507,0.7051553083417023,25,20,20
12,9886,0.1667722737348732,0.0007741486054957266,0.127674365834893,0.7047792118247378,25,20,20
12,9887,0.13187867159893413,8.696183382988041e-07,0.14874378295585922,0.7193766758268703,25,20,20
12,9888,0.15486067493429184,1.0489317220263884e-06,0.1317679648621781,0.7133703112718085,25,20,20
12,9889,0.17979787412261194,0.00055683556914133,0.10156330873808236,0.7180819815701647,25,20,20
12,9890,0.198997557913758,0.0005569638895697228,0.12139900849057467,0.6790464697060992,25,20,20
12,9891,0.19867327816153568,3.266487199484743e-05,0.13645723217127353,0.6648368247951999,25,20,20
12,9892,0.19691553458277042,1.2951763668428612e-06,0.15182706344750493,0.6512561067933582,25,20,20
12,9893,0.1646817163634474,5.562228296744228e-08,0.1699762658480388,0.665341962166234,25,20,20
12,9894,0.18827696426450907,2.672904408960703e-07,0.13288313953218436,0.6788396289128683,25,20,20
12,9895,0.21452342655487786,4.737590770065788e-07,0.10768296747494294,0.6777931322111018,25,20,20
12,9896,0.1474824636512505,1.8048508687996327e-06,0.1722760434398052,0.6802396880580736,25,20,20
12,9897,0.15182286433119999,4.0076256704158105e-07,0.17378270939951015,0.6743940255067216,25,20,20
12,9898,0.20791720489240312,1.40182588635307e-07,0.11804671735774953,0.674035937567259,25,20,20
12,9899,0.2330903469689916,9.951605304183428e-08,0.10703526886806394,0.6598742846468916,25,20,20
12,9900,0.2069181190983158,8.135991051484987e-07,0.1293596683953166,0.6637213989072631,25,20,20
12,9901,0.2287790581615506,1.1910499549867458e-07,0.0885166793037187,0.6827041434297354,25,20,20
12,9902,0.24633668700847267,1.0118085633509459e-07,0.08116415789081069,0.6724990539198608,25,20,20
12,9903,0.2254942668194905,9.779356560126622e-07,0.1128995335597749,0.6616052216850815,25,20,20
12,9904,0.19007557800221583,1.8685804534708892e-07,0.1375590827229926,0.6723651524167477,25,20,20
12,9905,0.2362958726636848,4.54985757453122e-07,0.09096055957503925,0.6727431127755189,25,20,20
12,9906,0.2277490011425385,2.8283021804382236e-07,0.09977671895339071,0.672473997073856,25,20,20
12,9907,0.23859071149583636,5.187119467787568e-07,0.08706830342947428,0.674340466362743,25,20,20
12,9908,0.23188978223194226,2.2066710553637833e-09,0.09407967261555943,0.6740305429458274,25,20,20
12,9909,0.20678901088926097,1.5221648118356463e-07,0.11952913389539985,0.6736817029988597,25,20,20
12,9910,0.2105686009648341,8.788594763388436e-07,0.1190792250590071,0.6703512951166843,25,20,20
12,9911,0.1690046916603839,1.2285108376942576e-06,0.1595155006557334,0.6714785791730474,25,20,20
12,9912,0.1864353829273024,1.916036828823243e-06,0.153079374598086,0.6604833264377838,25,20,20
12,9913,0.24465031454344388,3.699219048376086e-07,0.08834134820873475,0.6670079673259168,25,20,20
12,9914,0.22007617266233223,3.566841287187638e-07,0.10805056421848531,0.6718729064350536,25,20,20
12,9915,0.23218959961034769,2.9045645300082116e-07,0.09602262667248179,0.671787483260717,25,20,20
12,9916,0.18866801390637453,2.315089933831131e-08,0.1290476216015675,0.6822843413411614,25,20,20
12,9917,0.1455798623496536,3.770404967040266e-05,0.172510031182328,0.6818724024183479,25,20,20
12,9918,0.18463331469952443,1.7025758037829132e-06,0.14560282565877367,0.6697621570659003,25,20,20
12,9919,0.1681191498195071,1.1052804431448808e-05,0.16594394879777816,0.665925848578287,25,20,20
12,9920,0.1817123432762623,0.0006811606654292969,0.14937637975967397,0.6682301162986368,25,20,20
12,9921,0.2084871804795464,0.0005647221023519955,0.11156744810168501,0.6793806493164192,25,20,20
12,9922,0.2274545292432369,7.015112039703971e-07,0.1129704285555816,0.6595743406899772,25,20,20
12,9923,0.24584282903468574,7.174683630210537e-07,0.08093971731642104,0.6732167361805307,25,20,20
12,9924,0.22410893268728457,2.4974124357453306e-08,0.09909646664034946,0.6767945756982473,25,20,20
12,9925,0.1784541241931876,3.7435500912035026e-06,0.1008246579501399,0.7207174743065811,25,20,20
12,9926,0.23212396713849529,1.491215550102971e-08,0.05307904746020371,0.7147969704891445,25,20,20
12,9927,0.19567063935451182,0.00040478561415096127,0.0914296908677372,0.7124948841636031,25,20,20
12,9928,0.2444562429243774,7.667651013027856e-05,0.07652614631823779,0.6789409342472555,25,20,20
12,9929,0.17251797351449652,8.731733010344671e-05,0.14450624518784919,0.6828884639675528,25,20,20
12,9930,0.17742695040398299,8.383776184822883e-05,0.11499906907937005,0.707490142754799,25,20,20
12,9931,0.17306706592558588,0.0010872121926804499,0.11958375225428326,0.7062619696274514,25,20,20
12,9932,0.11823641784823787,1.883347038246072e-06,0.14653430698906805,0.735227391815657,25,20,20
12,9933,0.14751168770401568,3.4785655589209006e-07,0.15888434312695865,0.6936036213124737,25,20,20
12,9934,0.1591276910145226,2.5309417927054695e-07,0.12088559301106735,0.7199864628802328,25,20,20
12,9935,0.168357207776216,5.04057267343963e-05,0.12730626345698026,0.704286123040071,25,20,20
12,9936,0.1367469642428181,5.0478074180113766e-05,0.14279944250393084,0.7204031151790712,25,20,20
12,9937,0.19301046937765862,8.56812261961569e-09,0.10144772276686326,0.7055417992873582,25,20,20
12,9938,0.16563973462127798,1.781938013079976e-05,0.14056536463654606,0.6937770813620481,25,20,20
12,9939,0.1062702862107353,0.024440495660860907,0.18140327853915392,0.6878859395892476,25,20,20
12,9940,0.09176391933488341,0.038733630841379846,0.19095624629035376,0.6785462035333842,25,20,20
12,9941,0.08286869560304531,0.03930826886064109,0.1976873750467947,0.680135660489519,25,20,20
12,9942,0.09106458077420862,0.039946130610976,0.15601602867766795,0.7129732599371503,25,20,20
12,9943,0.09765780156546701,0.03994595596428036,0.11210968951193338,0.7502865529583208,25,20,20
12,9944,0.06295371171662906,0.03872544792464142,0.13627247766867165,0.7620483626900615,25,20,20
12,9945,0.099375214410826,0.039932890258595366,0.11717856373821336,0.7435133315923668,25,20,20
12,9946,0.15767866907145744,0.0382594484961884,0.06190180630732019,0.7421600761250339,25,20,20
12,9947,0.15826751903004063,0.03826056753698125,0.05031847337832002,0.7531534400546578,25,20,20
12,9948,0.16076945297220122,0.02475832614869621,0.05618513063416293,0.7582870902449389,25,20,20
12,9949,0.1556170076549482,0.04271166466444244,0.042808304217783165,0.7588630234628263,25,20,20
12,9950,0.16445243299211712,0.03935752159748191,0.04799984180675107,0.7481902036036502,25,20,20
12,9951,0.14951713867695782,0.03934752903539928,0.06509385011204843,0.7460414821755925,25,20,20
12,9952,0.1548862563257955,0.039347529328406676,0.05804006826425326,0.7477261460815438,25,20,20
12,9953,0.15259770957300078,0.039949174564570505,0.06284463668362676,0.7446084791788019,25,20,20
12,9954,0.15263419965372216,0.03994010354353429,0.06285454407047347,0.7445711527322697,25,20,20
12,9955,0.142997673431828,0.03994204855948093,0.0732672057634081,0.743793072245282,25,20,20
12,9956,0.12057673670194574,0.021262114670095172,0.059264299235798026,0.7988968493921614,25,20,20
12,9957,0.14821480195441322,0.01413612181279538,0.043346833293153954,0.7943022429396374,25,20,20
12,9958,0.12574821917818346,0.03873319214147648,0.03669032973735935,0.79882825894298,25,20,20
12,9959,0.1313419285690477,0.021202153170761483,0.06346939413242883,0.7839865241277617,25,20,20
12,9960,0.12055599108081322,0.039344153298984295,0.07988230483640976,0.7602175507837905,25,20,20
12,9961,0.12091585782694303,0.03934415344024395,0.08411684673365802,0.7556231419991581,25,20,20
12,9962,0.11043603876119758,0.03934430561819062,0.09631824559185237,0.7539014100287619,25,20,20
12,9963,0.10872169155452753,0.06496965642563247,0.043266190671730334,0.7830424613481094,25,20,20
12,9964,0.10440844795594435,0.079277007105515,0.018920225453708996,0.7973943194848306,25,20,20
12,9965,0.11507178776955784,0.07929368341872098,0.012641344634547209,0.792993184177173,25,20,20
12,9966,0.11414953241962296,0.07930598241367966,0.010936394868537225,0.7956080902981603,25,20,20
12,9967,0.07718780370012425,0.06387688910704288,0.06165114692529189,0.7972841602675406,25,20,20
12,9968,0.08226684922848831,0.0793098745617069,0.06002484612436374,0.778398430085441,25,20,20
12,9969,0.04464138911491764,0.07930200403946125,0.10491486571963132,0.771141741125991,25,20,20
12,9970,0.04721208409211448,0.0798994756612757,0.08755497419419918,0.7853334660524118,25,20,20
12,9971,0.0432754615536001,0.07992349668083688,0.08891923877066954,0.7878818029948925,25,20,20
12,9972,0.08036883070386144,0.07994730834989565,0.053092289524571956,0.7865915714216699,25,20,20
12,9973,0.12122107106057496,0.07991867214652143,0.012934843759634546,0.7859254130332691,25,20,20
12,9974,0.12027759536908894,0.07995392462210567,0.001401266357989918,0.798367213650814,25,20,20
12,9975,0.12044213220884253,0.07742418895289277,0.008577829068337796,0.7935558497699265,25,20,20
12,9976,0.08170566449317378,0.07606491565204762,0.08824856710988677,0.7539808527448936,25,20,20
12,9977,0.05505578599270411,0.07904493705885594,0.09693528674379831,0.7689639902046423,25,20,20
12,9978,0.06869462056788693,0.07985571012070239,0.09697456155047289,0.7544751077609422,25,20,20
12,9979,0.042586526247518554,0.0777022018638173,0.13212730086166494,0.7475839710270007,25,20,20
12,9980,0.048443127533714055,0.04079744983961137,0.15463801549147466,0.7561214071352039,25,20,20
12,9981,0.06755948179496046,0.07801275414687786,0.09799635525428434,0.7564314088038786,25,20,20
12,9982,0.0976976660746584,0.07991122931124084,0.06334056162489488,0.7590505429892052,25,20,20
12,9983,0.09902747996175307,0.11988354647017975,0.023496144993380902,0.7575928285746858,25,20,20
12,9984,0.12211893375739696,0.07750448193351517,0.04897186310136748,0.7514047212077197,25,20,20
12,9985,0.12034005588711925,0.07763278583534892,0.042768128842298817,0.7592590294352317,25,20,20
12,9986,0.12119642113809938,0.07905375331391948,0.04505999023916568,0.7546898353088161,25,20,20
12,9987,0.12083021055155059,0.07903468601226502,0.040949794638682945,0.7591853087975007,25,20,20
12,9988,0.11719939018652285,0.05598391928883971,0.06832548943077497,0.7584912010938624,25,20,20
12,9989,0.11706417521414877,0.05598391847530402,0.06797775573332371,0.7589741505772234,25,20,20
12,9990,0.08617896743738072,0.07993950640397357,0.07488020195711437,0.7590013242015315,25,20,20
12,9991,0.12162724598535378,0.07869642995323355,0.04092457597459973,0.7587517480868117,25,20,20
12,9992,0.10450938556111829,0.07869622516103754,0.06513975639575584,0.7516546328820879,25,20,20
12,9993,0.11656434788821768,0.0799074919071622,0.04967781627026854,0.753850343934351,25,20,20
12,9994,0.08302432484056756,0.07827312591062667,0.08613920675389464,0.7525633424949107,25,20,20
12,9995,0.07486471295820979,0.07823753081365067,0.0887144373954751,0.7581833188326642,25,20,20
12,9996,0.14505484951274064,0.0769919058712066,0.020077113168644866,0.7578761314474076,25,20,20
12,9997,0.14472175442990173,0.05162806844152441,0.045479039766934744,0.7581711373616387,25,20,20
12,9998,0.15299855814239552,0.05162817693375214,0.036805735040698465,0.7585675298831539,25,20,20
12,9999,0.15958989939616838,0.03881918391064318,0.04696776979415038,0.7546231468990386,25,20,20
12,10000,0.15638206336654928,0.04053193720169139,0.04378822918177243,0.7592977702499876,25,20,20
