run,generation,degenerate,holistic,other,compositional,popsize,turnover_rounds,group_rounds
13,0,0.5016404711065308,0.009794110461347675,0.47488545733445553,0.013679961097663956,10,20,20
13,1,0.11903775073738913,0.03183328965307551,0.846294207793983,0.0028347518155544954,10,20,20
13,2,0.10068287396122902,0.02700965464139791,0.8594316675245214,0.012875803872849678,10,20,20
13,3,0.053767482137392575,9.436715528447046e-05,0.9460516459520637,8.650475525925563e-05,10,20,20
13,4,0.05315418091309587,0.10008658284460656,0.7449013280817736,0.10185790816052342,10,20,20
13,5,1.7176065677818086e-07,0.10006355685061659,0.7892983475721246,0.11063792381660473,10,20,20
13,6,1.793172043066278e-07,0.10087006169616938,0.5967566415590148,0.3023731174276131,10,20,20
13,7,0.0035666959574653227,0.10080638557583492,0.5967547079035028,0.2988722105631991,10,20,20
13,8,6.221993592176772e-06,0.10076568777371372,0.6003821391522616,0.298845951080433,10,20,20
13,9,1.855970556278125e-07,0.10081703823023598,0.5991422025180201,0.30004057365468945,10,20,20
13,10,1.053879802242554e-06,0.10116577261684019,0.5656539862436152,0.3331791872597425,10,20,20
13,11,1.3792878963847467e-06,0.10181388271925233,0.4995314294921406,0.398653308500711,10,20,20
13,12,3.0069466254816494e-05,0.10904547403644611,0.48890781703492453,0.4020166394623742,10,20,20
13,13,7.121550932157904e-06,0.09661539127998776,0.5025646310991662,0.4008128560699126,10,20,20
13,14,1.382728289835971e-06,0.10065218331157352,0.5004258186774889,0.39892061528264594,10,20,20
13,15,1.3824810754604104e-06,0.10075571827163385,0.4000503955749152,0.4991925036723755,10,20,20
13,16,5.590243884031392e-09,0.10002199681945297,0.3932085523590606,0.5067694452312422,10,20,20
13,17,6.05237783054703e-07,0.09996958521574303,0.3989779731833185,0.5010518363631556,10,20,20
13,18,1.523897594541737e-08,0.10000848341758864,0.39808797535669477,0.5019035259867408,10,20,20
13,19,1.5239891580138078e-08,0.10036701042674392,0.4015348768771442,0.49809809745621936,10,20,20
13,20,1.5239964884122417e-08,0.09909541670194034,0.40237694740856256,0.4985276206495313,10,20,20
13,21,7.545584533179519e-07,0.2993857628125851,0.20061875060163606,0.49999473202732514,10,20,20
13,22,7.547466584487684e-07,0.30020734385901143,0.19974323660476573,0.500048664789564,10,20,20
13,23,1.9698106012230966e-10,0.299082334187357,0.10575054427343529,0.5951671213422263,10,20,20
13,24,1.9857768246252333e-10,0.2998982358308863,0.1009932335175143,0.5991085304530215,10,20,20
13,25,5.1946172956503024e-17,0.2999925237603008,0.1000427825166551,0.5999646937230441,10,20,20
13,26,7.495203687075108e-09,0.2996081574484887,0.10042682172312682,0.5999650133331803,10,20,20
13,27,0.09866994176116,0.29741485619297026,0.04138576026914796,0.5625294417767217,10,20,20
13,28,0.09866994176115136,0.29770553047689763,0.0074570634101347125,0.5961674643518162,10,20,20
13,29,6.245450593518074e-08,0.33008231272100985,0.07002796028229884,0.5998896645421852,10,20,20
13,30,3.715304544610899e-06,0.29714689365324487,0.10288368514103723,0.5999657059011732,10,20,20
13,31,1.6769785521046334e-11,0.29770287670632706,0.10243669980100185,0.5998604234759009,10,20,20
13,32,8.649125107203336e-15,0.29788091391317983,0.10640332240294033,0.5957157636838709,10,20,20
13,33,5.241202289422264e-13,0.2976528655558718,0.1086546088375954,0.5936925256060086,10,20,20
13,34,1.233111143983854e-08,0.22598832936606805,0.27399321134938276,0.5000184469534376,10,20,20
13,35,1.6331652675258282e-11,0.27373162770182147,0.2284236471226298,0.4978447251592171,10,20,20
13,36,1.5961377952989482e-10,0.3000240568832786,0.19856558276964492,0.5014103601874627,10,20,20
13,37,5.801680338611756e-09,0.3946218891696593,0.1054873018514848,0.4998908031771753,10,20,20
13,38,6.334587905300968e-13,0.3994975688760648,0.10056999402276953,0.4999324371005323,10,20,20
13,39,1.2825489143011152e-13,0.31028460962946675,0.2269009710085496,0.46281441936185497,10,20,20
13,40,4.2875186594394773e-10,0.3097248445130189,0.19031136606437785,0.4999637889938513,10,20,20
13,41,6.04594662772459e-09,0.21047435137966727,0.2895332512753355,0.49999239129904965,10,20,20
13,42,2.2207316259603012e-07,0.22951639482791011,0.2714230428055032,0.4990603402934233,10,20,20
13,43,0.0001529348040188965,0.2128495249131511,0.2880513465005127,0.4989461937823165,10,20,20
13,44,0.00013715489424770535,0.21289330160469108,0.2869763885238569,0.49999315497720376,10,20,20
13,45,5.694866898098432e-07,0.21281275230820212,0.2517449461173788,0.5354417320877294,10,20,20
13,46,7.129074401363969e-10,0.2089321325302027,0.2335778058044223,0.5574900609524671,10,20,20
13,47,6.830144132821495e-12,0.16071860020625764,0.21814569040305973,0.621135709383852,10,20,20
13,48,0.00028403452936263094,0.17707529519796772,0.2015336405237426,0.6211070297489262,10,20,20
13,49,1.962898277206287e-14,0.16830367974209864,0.1327234778793598,0.6989728423785215,10,20,20
13,50,2.637213829511622e-14,0.2879755941156234,0.026460812152962365,0.6855635937313876,10,20,20
13,51,3.256223400514202e-14,0.2886947766955302,0.02573290398937188,0.6855723193150652,10,20,20
13,52,1.0086960455882756e-16,0.29999333742992795,6.0767634813885286e-05,0.6999458949352582,10,20,20
13,53,1.1268985629769804e-16,0.29905673432208535,0.0009733923550538951,0.6999698733228605,10,20,20
13,54,4.57164277839418e-12,0.2673047393187513,0.03468331067032311,0.698011950006354,10,20,20
13,55,9.8912557962767e-12,0.26810519932302873,0.03202018715697892,0.699874613510101,10,20,20
13,56,3.722603113498679e-10,0.26821362286780404,0.034651266849951526,0.6971351099099838,10,20,20
13,57,3.6841025036245845e-10,0.2999983718312396,0.09299405505627133,0.6070075727440787,10,20,20
13,58,3.684103042113304e-10,0.2858636431459462,0.10713999708043735,0.6069963594052059,10,20,20
13,59,1.038579549598204e-05,0.299732326125526,0.10213922863198396,0.5981180594469939,10,20,20
13,60,2.7729372793859703e-07,0.20206965919516082,0.19981341167549702,0.5981166518356138,10,20,20
13,61,1.731432926682241e-05,0.2981707080429691,0.10183904888708792,0.5999729287406758,10,20,20
13,62,8.771825827452259e-08,0.2558136952434939,0.14829974391638898,0.5958864731218586,10,20,20
13,63,1.4913652972238809e-09,0.3486867241461541,0.05675595794826316,0.5945573164142174,10,20,20
13,64,3.0891341724800603e-14,0.39577722167983587,0.004322949376660035,0.599899828943473,10,20,20
13,65,5.296965245379122e-10,0.37140559887731095,0.030095116249784438,0.5984992843432079,10,20,20
13,66,8.393322419659982e-17,0.3999729160227468,0.0011191102765112256,0.5989079737007418,10,20,20
13,67,5.488764378127969e-16,0.3991037981640778,0.001054772915767575,0.599841428920154,10,20,20
13,68,7.752702689858596e-15,0.3996899439143605,0.00040781160159037095,0.5999022444840413,10,20,20
13,69,3.7854389747966003e-16,0.3732475064377703,0.0329219859123453,0.593830507649884,10,20,20
13,70,4.826192529946173e-13,0.39350242625406384,0.023817207811865207,0.5826803659335884,10,20,20
13,71,3.9256201690402336e-11,0.396370947710068,0.005356166484193787,0.5982728857664821,10,20,20
13,72,2.1620624760121145e-11,0.35646547178908977,0.04667855012580126,0.5968559780634882,10,20,20
13,73,5.60731805210829e-13,0.3865220482255149,0.013544279890576915,0.5999336718833476,10,20,20
13,74,3.7681662942351655e-14,0.398668101728204,0.0019459592773018587,0.5993859389944565,10,20,20
13,75,3.8674010404972096e-13,0.3986510398246166,0.04866649768681675,0.5526824624881799,10,20,20
13,76,3.8251232990414946e-13,0.39861232345558406,0.09470278903958683,0.5066848875044465,10,20,20
13,77,6.651491982124198e-10,0.39780983800352276,0.1754001466592222,0.4267900146721056,10,20,20
13,78,1.5519161554118657e-08,0.3972066265846946,0.10273258661948836,0.500060771276655,10,20,20
13,79,1.5519161752778446e-08,0.39719926329677163,0.10282284834657895,0.4999778728374876,10,20,20
13,80,1.551916137961981e-08,0.39851371327526447,0.1014721053684795,0.5000141658370946,10,20,20
13,81,2.2879289545334976e-12,0.49174323839576745,0.00825832872116333,0.4999984328807813,10,20,20
13,82,0.0002497877980804497,0.4235081047387975,0.07433850861021807,0.5019035988529035,10,20,20
13,83,5.847483944618319e-16,0.40283404224287134,0.09867023549898342,0.49849572225814437,10,20,20
13,84,7.030241760536904e-09,0.36550139223892875,0.13452274764128863,0.49997585308954073,10,20,20
13,85,1.51039455947538e-10,0.3999711293297555,0.1342046945863722,0.4658241759328329,10,20,20
13,86,0.00013737911547342314,0.39998300593614655,0.1016729250937471,0.49820668985463284,10,20,20
13,87,0.0001373791154733589,0.3528822485119708,0.14706371173853444,0.49991666063402107,10,20,20
13,88,0.00013737911548987838,0.39849335999536384,0.10139546200978541,0.49997379887936066,10,20,20
13,89,0.004739141744230887,0.3984552463691618,0.09703385598188065,0.49977175590472667,10,20,20
13,90,2.4939899409397402e-05,0.3984744012421826,0.1377733116844274,0.4637273471739797,10,20,20
13,91,2.4939899349760577e-05,0.39974284886462597,0.11505524435968058,0.4851769668763434,10,20,20
13,92,1.4395269787539074e-13,0.39895265288945964,0.16161684783136632,0.4394304992790296,10,20,20
13,93,4.9050143179028986e-12,0.3975957792298702,0.16294160767375357,0.439462613091471,10,20,20
13,94,3.3654384420892634e-15,0.3983727870038906,0.10299234266473631,0.4986348703313698,10,20,20
13,95,1.1777902076407397e-13,0.39886345628374886,0.17624007991998594,0.42489646379614754,10,20,20
13,96,1.1779400246616244e-13,0.38865509252294955,0.11274742936837341,0.49859747810855926,10,20,20
13,97,8.466775111572048e-15,0.3987932716633655,0.10147778428689438,0.4997289440497316,10,20,20
13,98,8.534892162629989e-15,0.39932440859578605,0.10172078924332557,0.49895480216087995,10,20,20
13,99,3.228479464555725e-07,0.35470205013351447,0.18495156170769042,0.46034606531084876,10,20,20
13,100,5.5379330524364017e-14,0.39917199839791173,0.17971749553235625,0.42111050606967615,10,20,20
13,101,1.3213863243363606e-12,0.34843305784540357,0.19080460541174762,0.46076233674152717,10,20,20
13,102,6.737322445962079e-13,0.3991563095450386,0.10089695584244392,0.49994673461184347,10,20,20
13,103,1.0797091459729509e-10,0.3995456293165528,0.10057193225118077,0.49988243832429535,10,20,20
13,104,3.605198711093584e-15,0.3929931923166609,0.10856401708633404,0.4984427905970013,10,20,20
13,105,7.21189329310256e-10,0.39996252000537647,0.10065647165950295,0.49938100761393056,10,20,20
13,106,7.766259770198922e-12,0.30225189390412877,0.19807785555064272,0.4996702505374621,10,20,20
13,107,7.68741662318605e-13,0.399801162313357,0.1017132278799289,0.4984856098059452,10,20,20
13,108,1.6340761176009642e-10,0.37905679424806865,0.12375312908704625,0.49719007650147756,10,20,20
13,109,0.00011389452930025764,0.3778099789167566,0.15086555932993,0.47121056722401305,10,20,20
13,110,0.00011389452932469575,0.3774731435628269,0.1223258116794195,0.5000871502284288,10,20,20
13,111,0.07388795070910098,0.3994009160355141,0.02672620044784086,0.4999849328075439,10,20,20
13,112,0.07388795070909973,0.3991855746587866,0.02701035783869209,0.4999161167934213,10,20,20
13,113,0.017164882135577694,0.3954074467968248,0.16133142169230566,0.42609624937529145,10,20,20
13,114,0.017164882135869773,0.3000505221946515,0.2569608089447071,0.4258237867247714,10,20,20
13,115,6.152995050334384e-11,0.2997295207344993,0.20106147683950834,0.49920900236446225,10,20,20
13,116,2.1522227748467277e-07,0.3002060726166157,0.23899917298527762,0.46079453917582897,10,20,20
13,117,6.147092674917924e-11,0.20400582799102635,0.24400467237801315,0.5519894995694891,10,20,20
13,118,5.6254955963262435e-09,0.19993916169158407,0.1534849496401987,0.6465758830427217,10,20,20
13,119,6.06345248009165e-09,0.19960356679781666,0.15283334221689782,0.6475630849218329,10,20,20
13,120,1.6951635210792404e-11,0.2551678007403065,0.10672975642834956,0.638102442814392,10,20,20
13,121,1.3012589626759015e-15,0.21562678779324393,0.17834493599826678,0.6060282762084878,10,20,20
13,122,1.6724985724197567e-12,0.19697379039678659,0.19706309654302512,0.6059631130585157,10,20,20
13,123,1.6785896005578336e-12,0.1969737903277012,0.10315285885502898,0.6998733508155912,10,20,20
13,124,4.4241095665947376e-10,0.17908622014359957,0.14746559108631996,0.6734481883276697,10,20,20
13,125,2.9718838623748495e-11,0.13686025902262283,0.1829761391596582,0.6801636017880003,10,20,20
13,126,9.40062710350708e-13,0.19366823899962987,0.11131865497990603,0.6950131060195237,10,20,20
13,127,1.1251378167651126e-12,0.19344696223794125,0.10927075303857751,0.6972822847223559,10,20,20
13,128,3.0943100640091175e-14,0.21537287477637568,0.1272465620005503,0.6573805632230428,10,20,20
13,129,4.23165824959949e-12,0.20230865919724206,0.1952838229555189,0.6024075178430076,10,20,20
13,130,1.1879208559303086e-07,0.20031919998076733,0.159796412616846,0.6398842686103011,10,20,20
13,131,8.268514199234642e-08,0.1999939913762953,0.16052558472683204,0.6394803412117306,10,20,20
13,132,8.268513748902135e-08,0.184737735703155,0.17547299710454184,0.6397891845071657,10,20,20
13,133,0.0036772028959937758,0.19994227833772757,0.0964479295321412,0.6999325892341371,10,20,20
13,134,9.933408382372006e-10,0.1999996692980089,0.19962804989037636,0.6003722798182739,10,20,20
13,135,1.0207702307446908e-09,0.19999710453986136,0.20113451223165146,0.5988683822077169,10,20,20
13,136,5.27671041360878e-05,0.19998903428412276,0.2000505880590658,0.5999076105526743,10,20,20
13,137,0.001861438470647727,0.19999634867605273,0.19757599717008512,0.6005662156832141,10,20,20
13,138,0.002460723752450792,0.19999246801761777,0.2363143671056132,0.5612324411243186,10,20,20
13,139,1.4938153040263065e-07,0.10129445946163022,0.3940200136980405,0.5046853774587983,10,20,20
13,140,7.334557143547324e-05,0.09999998132120966,0.29026240886185894,0.6096642642454955,10,20,20
13,141,3.978028580054795e-06,0.09999621129054526,0.30133579875589567,0.5986640119249788,10,20,20
13,142,0.0015357685999880914,0.10109766446607357,0.2977310854340732,0.5996354814998638,10,20,20
13,143,1.7466122630399703e-13,0.0999666258336592,0.1865196836805943,0.7135136904855721,10,20,20
13,144,2.8933604942492742e-05,0.1000023086143905,0.2001135373321541,0.6998552204485128,10,20,20
13,145,1.2122820536673457e-08,0.10004308937349318,0.1896304940482876,0.7103264044553986,10,20,20
13,146,2.1460828090095675e-11,0.10004257463088735,0.19894257118198325,0.7010148541656683,10,20,20
13,147,2.1460868409435795e-11,0.09951755801461801,0.19453735571458838,0.7059450862493326,10,20,20
13,148,1.5489281725869462e-12,0.09959324101580562,0.20055184148257318,0.6998549175000724,10,20,20
13,149,1.1355519260577063e-07,0.11265535238254158,0.1885051476397837,0.6988393864224822,10,20,20
13,150,1.1355367320212426e-07,0.1126414712840998,0.18854647023632948,0.6988119449258976,10,20,20
13,151,0.0006871473652480901,0.09999629074310747,0.204547658487571,0.6947689034040733,10,20,20
13,152,1.1370282932453817e-07,0.10000952341368849,0.2207135624248024,0.6792768004586794,10,20,20
13,153,1.1358110344809781e-07,0.09993496573844977,0.20285379211938626,0.6972111285610603,10,20,20
13,154,4.315266906038829e-06,0.09961303691423913,0.20024065592903867,0.7001419918898153,10,20,20
13,155,4.4359598006923235e-07,0.09943829742567648,0.2008060020363065,0.6997552569420363,10,20,20
13,156,4.4359366205847107e-07,0.08958418842776628,0.15483836784820243,0.7555770001303692,10,20,20
13,157,1.2507338593397058e-13,0.08958465718499048,0.1144612844847958,0.7959540583300881,10,20,20
13,158,0.00013619700342941873,0.09608414206265435,0.10782417570826905,0.7959554852256467,10,20,20
13,159,0.00013619700343038815,0.09608414217116132,0.1093230249407102,0.7944566358846975,10,20,20
13,160,0.0001361970034298524,0.09369447864170637,0.13612515874758238,0.770044165607281,10,20,20
13,161,0.03512093462258908,0.09369445033744803,0.09730228650918976,0.773882328530773,10,20,20
13,162,5.669813757533962e-10,0.09988574294692362,0.131904476042327,0.7682097804437682,10,20,20
13,163,8.361982633537478e-14,0.09995281134813079,0.1017136508820466,0.798333537769739,10,20,20
13,164,8.833992998582482e-10,0.09976227416525132,0.10158801994214035,0.7986497050092091,10,20,20
13,165,2.7998536166507217e-16,0.09995045651036087,0.10149896285887261,0.7985505806307659,10,20,20
13,166,0.09977244121051197,0.0999504565047961,0.005782734906330246,0.7944943673783617,10,20,20
13,167,0.0006155743912305386,0.10006309960843396,0.10112117579270263,0.7982001502076331,10,20,20
13,168,9.980923001039285e-11,0.0935943000086001,0.2026449775032552,0.7037607223883355,10,20,20
13,169,0.0020820118392325857,0.09995991746860036,0.29154787522498204,0.6064101954671851,10,20,20
13,170,0.0020820117394539346,0.09999350344963867,0.19547702478461113,0.7024474600262962,10,20,20
13,171,1.669259760632902e-10,0.10000257439685176,0.1995572497412654,0.7004401756949569,10,20,20
13,172,1.6379348789427865e-10,0.09929704284958141,0.2037580303489467,0.696944926637678,10,20,20
13,173,1.4757659190916654e-10,0.09910630655712074,0.20259476005564384,0.6982989332396585,10,20,20
13,174,0.0020212994304611817,0.10000441693603648,0.19889675113018618,0.6990775325033162,10,20,20
13,175,0.002021299430608736,0.09995703129383168,0.1947570869679834,0.7032645823075759,10,20,20
13,176,2.511392977087773e-05,0.09995271362299163,0.19670998893239114,0.7033121835148461,10,20,20
13,177,8.030276640656503e-11,0.09999026091833414,0.19851674062998786,0.7014929983713752,10,20,20
13,178,2.231547831078928e-05,0.09966407782639687,0.1261637076747452,0.7741498990205468,10,20,20
13,179,3.261540148478377e-05,0.0997755869435983,0.12616755625064188,0.7740242414042747,10,20,20
13,180,6.8477982915888574e-15,0.19210549440280839,0.03251434377549166,0.775380161821693,10,20,20
13,181,4.6794787233222926e-14,0.19210549447594458,0.009745355841473636,0.7981491496825349,10,20,20
13,182,7.358066217836124e-15,0.1921054943257602,0.007968902717699705,0.7999256029565328,10,20,20
13,183,4.721606267526852e-15,0.18941700664701916,0.010607539076042451,0.7999754542769336,10,20,20
13,184,2.641368551755415e-13,0.11981931415436327,0.08031913741150828,0.7998615484338641,10,20,20
13,185,2.7425495168513532e-14,0.19361795132544438,0.006629545062334705,0.7997525036121935,10,20,20
13,186,3.651384890025479e-18,0.19997851208392592,8.584426859994245e-05,0.7999356436474742,10,20,20
13,187,2.8100991398669532e-14,0.19957767622799222,0.0013814303557666287,0.799040893416213,10,20,20
13,188,1.7336540930034408e-14,0.1995932369435876,0.0031261037487944838,0.7972806593076005,10,20,20
13,189,1.7339923785966915e-14,0.19879825879762753,0.006265338374222054,0.794936402828133,10,20,20
13,190,8.075191134739179e-12,0.09940282740921526,0.020854835510959437,0.8797423370717503,10,20,20
13,191,2.3413502368311513e-15,0.08521731275361924,0.05777270274330047,0.8570099845030781,10,20,20
13,192,1.5040685341799308e-15,0.08521731276099967,0.01594705921488075,0.8988356280241178,10,20,20
13,193,1.0309113934830222e-15,0.08521731264913904,0.015821705159861456,0.8989609821909985,10,20,20
13,194,1.1541666287687645e-10,0.09999993588083073,0.06702277785657948,0.8329772861471728,10,20,20
13,195,1.1541739981956641e-10,0.09925713867605665,0.07045889965845217,0.8302839615500733,10,20,20
13,196,7.647904093246772e-16,0.09925713867521876,0.0021883337782448034,0.8985545275465355,10,20,20
13,197,1.6279251667497e-17,0.09925713867363975,0.000758833201467883,0.8999840281248922,10,20,20
13,198,1.9189057569168354e-11,0.0992571386743313,0.0010470225678526595,0.8996958387386268,10,20,20
13,199,1.9189543341270036e-11,0.09999842332433069,0.0017970207299434055,0.8982045559265363,10,20,20
13,200,4.43364818597605e-11,0.09999842332975548,0.00244692156999942,0.8975546550559086,10,20,20
13,201,2.513994228586045e-11,0.0999725622866328,0.00012261691423744333,0.8999048207739897,10,20,20
13,202,2.0732757211978963e-15,0.09997256279831637,0.00595370514651814,0.8940737320551634,10,20,20
13,203,1.9911208842420797e-14,0.09999988315810854,0.003934665698009883,0.8960654511438619,10,20,20
13,204,1.772476324777379e-14,0.09933228634848032,0.0023623102070527975,0.8983054034444491,10,20,20
13,205,1.8398941108181573e-16,0.0999803019437609,0.001548086323602156,0.898471611732637,10,20,20
13,206,1.4084671096298217e-16,0.0999803019442933,0.0013877944189644793,0.8986319036367421,10,20,20
13,207,1.578273221693474e-16,0.09999984843923954,0.006090674754263146,0.893909476806497,10,20,20
13,208,5.891335485295253e-12,0.09998101135486484,0.00030813629319117444,0.8997108523460527,10,20,20
13,209,2.9007865905770533e-14,0.09999595977100842,0.00018301885861233587,0.8998210213703501,10,20,20
13,210,2.9103882417866764e-14,0.0999959597711555,0.00015396009053675243,0.8998500801382784,10,20,20
13,211,9.72367123235165e-16,0.09881300496709415,0.001289747732338038,0.8998972473005666,10,20,20
13,212,2.2151586778785975e-12,0.09881300497006434,0.0013000946075919111,0.8998869004201285,10,20,20
13,213,2.2436321351401343e-12,0.09999597973448349,0.0002092834390438765,0.899794736824229,10,20,20
13,214,1.0352117368137976e-09,0.09999933841465283,0.0008691575152378929,0.8991315030348975,10,20,20
13,215,1.0352436989107491e-09,0.0998751640508731,0.0010974433891250373,0.8990273915247581,10,20,20
13,216,8.157956703408818e-16,0.09987516408877131,0.00044736115241450204,0.8996774747588134,10,20,20
13,217,5.935747182873745e-14,0.061763656814799915,0.03843584626396621,0.8998004969211746,10,20,20
13,218,6.205275195935926e-14,0.06176365681131296,0.038304720677809004,0.899931622510816,10,20,20
13,219,2.07853443721211e-12,0.0800484070413314,0.021697584605525518,0.8982540083510646,10,20,20
13,220,1.0306498432194153e-11,0.09757680607737808,0.038312431482080425,0.8641107624302349,10,20,20
13,221,5.721476558488914e-13,0.0975768060731381,0.06709221234886864,0.8353309815774208,10,20,20
13,222,9.323321944748313e-14,0.09206562635101041,0.0566135865619409,0.851320787086955,10,20,20
13,223,1.0434704456790933e-13,0.09206562646917985,0.026307856920982964,0.8816265166097328,10,20,20
13,224,1.0273718707432035e-13,0.0920656264689488,0.02626400139715963,0.8816703721337887,10,20,20
13,225,1.3667651739136366e-13,0.0920656263518287,0.00810945845653918,0.8998249151914957,10,20,20
13,226,4.029937999925513e-14,0.09989021092611136,0.004558567464760864,0.8955512216090875,10,20,20
13,227,4.028927908771033e-14,0.09999990315327072,9.496326517818654e-05,0.8999051335815109,10,20,20
13,228,2.2588312483676313e-17,0.09999990324576191,0.001013747867303362,0.8989863488869346,10,20,20
13,229,3.204488628060013e-17,0.09999877673980549,0.0010294443308063784,0.8989717789293881,10,20,20
13,230,6.957192211451687e-17,0.0999987801420196,0.04860215244538012,0.8513990674126003,10,20,20
13,231,4.654094162937088e-17,0.09959414538971392,0.050269672722361436,0.8501361818879245,10,20,20
13,232,1.6667172340996227e-18,0.09999989914381543,0.04774417939019802,0.8522559214659866,10,20,20
13,233,9.667668354464842e-17,0.09999796877009165,0.06516409965372358,0.8348379315761848,10,20,20
13,234,6.017860697599243e-09,0.0999980414835955,0.07308867660038004,0.8269132758981635,10,20,20
13,235,1.2232101547595942e-13,0.09995875877583962,0.03291097014294595,0.867130271081092,10,20,20
13,236,3.0815633531693474e-15,0.09988551948696765,0.03260909149485013,0.867505389018179,10,20,20
13,237,6.937948201086588e-14,0.004329702695093139,0.12717853081546687,0.8684917664893703,10,20,20
13,238,3.768458958232698e-10,2.191368687692753e-08,0.1004688195152595,0.8995311581942074,10,20,20
13,239,1.860472207514986e-11,0.00011853264243522203,0.10056622834028854,0.8993152389986714,10,20,20
13,240,3.7756767652463206e-08,1.974860657819656e-09,0.10033753534631448,0.8996624249220571,10,20,20
13,241,3.7756680951176875e-08,3.065012757126914e-10,0.09902342164795491,0.9009765402888628,10,20,20
13,242,1.424079318328851e-12,0.0007467968451761507,0.1010227932751421,0.8982304098782576,10,20,20
13,243,6.261440629046274e-10,3.190715906370607e-05,0.13710100340898315,0.8628670888058089,10,20,20
13,244,4.305250772892131e-10,6.36888533033739e-09,0.009932570755584222,0.9900674224450056,10,20,20
13,245,2.25263033396774e-13,1.8073850770793818e-11,0.0052237287794467254,0.9947762712022541,10,20,20
13,246,2.3530607697784003e-13,8.373790924891072e-11,0.00017754488892151414,0.9998224550271052,10,20,20
13,247,9.259343019052031e-14,9.864563275333672e-13,0.00398363931116288,0.9960163606877581,10,20,20
13,248,2.1001585032823644e-13,8.362618955641837e-09,0.02390960218232453,0.9760903894548466,10,20,20
13,249,2.890826142387863e-16,1.2905723764607924e-09,0.007152184916027195,0.9928478137934003,10,20,20
13,250,1.2580727474176105e-16,1.3843638147819398e-09,0.003856710822238876,0.9961432877933973,10,20,20
13,251,6.745354710727672e-16,1.3040204497341695e-09,0.0028411196361147447,0.997158879059864,10,20,20
13,252,5.045538887066183e-13,1.2920262933986363e-09,0.004502246547099903,0.9954977521603693,10,20,20
13,253,6.906201224780105e-16,2.9624395511317485e-12,0.028372456221574992,0.971627543775462,10,20,20
13,254,1.822580745749981e-13,2.481246266299811e-10,0.004265753540212179,0.9957342462114811,10,20,20
13,255,2.294048998613441e-14,4.437304354074433e-11,0.05863078386992031,0.9413692160856838,10,20,20
13,256,2.707565857315003e-15,3.4498562273869304e-11,0.04569363234210161,0.9543063676233974,10,20,20
13,257,8.45116014599412e-16,5.5593810113791244e-11,0.0007927124753387752,0.9992072874690667,10,20,20
13,258,2.1929174149666255e-16,2.212904176195862e-09,0.03458831724457494,0.9654116805425206,10,20,20
13,259,5.591816693661492e-17,3.338129194242448e-12,8.607117870000184e-05,0.9999139288179617,10,20,20
13,260,2.5190255860205024e-13,5.603386156173119e-12,0.0007714378581797531,0.9992285621359649,10,20,20
13,261,1.646790814245138e-12,3.606578640564075e-10,0.0018033264285909495,0.9981966732091043,10,20,20
13,262,6.305961515343906e-13,4.420143472284344e-09,0.03809578911663389,0.9619042064625919,10,20,20
13,263,1.0824644035774407e-15,3.1794247809799755e-12,0.0011177975074250534,0.9988822024893944,10,20,20
13,264,6.57944051061725e-14,1.8294323853001984e-10,0.020040612043274418,0.9799593877737165,10,20,20
13,265,6.777354424024432e-14,1.2234024950012211e-09,0.020732935599775102,0.9792670631767546,10,20,20
13,266,6.682372423628522e-14,2.811662711112165e-09,0.019228240993707294,0.9807717561945634,10,20,20
13,267,1.0872602020690772e-15,2.3420349398527402e-06,0.06621476959589653,0.9337828883691625,10,20,20
13,268,7.363411822027859e-15,1.5251103711096582e-11,0.008265933478376236,0.991734066506365,10,20,20
13,269,4.318289494422806e-15,6.40901057123999e-06,0.09026310372715621,0.9097304872622682,10,20,20
13,270,1.1776350662987866e-15,1.0120807306109254e-09,0.01757289410154392,0.9824271048863743,10,20,20
13,271,9.139371420564426e-16,2.173498356189698e-09,0.04518403943011133,0.9548159583963892,10,20,20
13,272,1.1794402852862545e-17,3.845898954882336e-11,0.0013016562342470105,0.998698343727294,10,20,20
13,273,9.65087951068377e-14,1.340188914000128e-10,0.0019196140559987768,0.9980803858098858,10,20,20
13,274,3.820467085999677e-15,9.835594870810315e-11,0.04762124298840783,0.9523787569132323,10,20,20
13,275,2.5101132042245833e-14,9.872573497619535e-11,0.007037667767573296,0.9929623321336758,10,20,20
13,276,8.111034459316848e-15,1.1846922868722155e-10,0.006404849244836107,0.9935951506366865,10,20,20
13,277,7.473114081809268e-15,1.3276515739493964e-09,0.0017741929818357212,0.9982258056905053,10,20,20
13,278,3.4051133224758494e-15,1.2999027145023266e-09,0.004806886868069884,0.9951931118320239,10,20,20
13,279,3.3107248854228742e-15,1.4316613150234568e-10,0.006715840721086734,0.9932841591357437,10,20,20
13,280,4.629523111289064e-15,3.3333050498394334e-10,0.007533745239159095,0.9924662544275055,10,20,20
13,281,3.0711307682126826e-14,6.716841615803333e-10,0.026800751999528083,0.9731992473287571,10,20,20
13,282,2.8706139014182355e-14,3.866844010695896e-10,0.0269477725018559,0.9730522271114308,10,20,20
13,283,1.222730863743386e-13,3.375640529938091e-10,0.02542763494013417,0.9745723647221792,10,20,20
13,284,1.2527315269260497e-15,1.0355328256928009e-08,0.041241720343534606,0.958758269301136,10,20,20
13,285,1.5121893706111194e-11,6.410371887251632e-09,0.010446759854240987,0.989553233720265,10,20,20
13,286,2.948446835069832e-11,6.406685065687957e-09,0.053149992932999025,0.9468500006308315,10,20,20
13,287,1.4030250748413493e-17,6.510939455991679e-13,0.0015705239118547227,0.998429476087494,10,20,20
13,288,8.745641763712295e-15,2.5758999022668553e-10,0.020130429800874795,0.9798695699415264,10,20,20
13,289,9.450670587561987e-15,2.583363738643255e-10,0.02121616821500478,0.9787838315266495,10,20,20
13,290,8.660905357527595e-14,1.0566539964831203e-10,0.07531473108956763,0.9246852688046804,10,20,20
13,291,1.9293974275093042e-14,6.823336680063197e-06,0.11322028748315069,0.8867728891801498,10,20,20
13,292,6.145412190698275e-09,4.02328343980273e-10,0.12171370419570635,0.8782862892565528,10,20,20
13,293,6.145279715681209e-09,1.4692431377074852e-07,0.09531497493810123,0.9046848719923052,10,20,20
13,294,6.145278466435372e-09,1.469527471741757e-07,0.09623574635435093,0.9037641005476234,10,20,20
13,295,6.834291825953029e-11,1.8304611903647408e-09,0.10188343463831687,0.8981165634628789,10,20,20
13,296,8.682855680877861e-13,6.89699607629484e-06,0.10246868379612048,0.8975244192069347,10,20,20
13,297,8.361708831291855e-13,0.00016033644436578952,0.10154374281089562,0.8982959207439019,10,20,20
13,298,1.87701929427018e-13,5.5967845387251606e-09,0.10110965023168102,0.8988903441713468,10,20,20
13,299,1.9509611557499213e-13,3.170376843429885e-09,0.12127385930696129,0.8787261375224669,10,20,20
13,300,2.2159261479843316e-11,1.7473268925984547e-12,0.10028272882873826,0.8997172711473553,10,20,20
13,301,2.2192469122069654e-11,4.098823051880039e-12,0.10066557363171436,0.8993344263419945,10,20,20
13,302,0.0964317543621738,3.723158805512452e-12,0.005122531856797195,0.8984457137773058,10,20,20
13,303,0.09643175729043299,1.3341716663944545e-10,0.003760090587668715,0.899808151988481,10,20,20
13,304,1.1981862953078966e-05,0.0006129058296982796,0.09958399473295512,0.8997911175743936,10,20,20
13,305,6.58595843658744e-10,0.0004489831591057143,0.13342757896203278,0.8661234372202659,10,20,20
13,306,1.214979999270398e-14,5.069285812073461e-06,0.07533798604338507,0.9246569446707905,10,20,20
13,307,1.8040652398727716e-13,0.00013298979297405005,0.07659542151799101,0.9232715886888542,10,20,20
13,308,5.237832406316881e-16,5.06868376572481e-06,0.11205721877299346,0.8879377125432402,10,20,20
13,309,2.0905326992299517e-18,2.037047771821003e-12,0.07185066135429083,0.928149338643672,10,20,20
13,310,5.681043133492837e-12,2.4569827133492433e-12,0.07209829205981254,0.9279017079320493,10,20,20
13,311,6.767679052461724e-12,4.1198997287991593e-13,5.383487775312322e-05,0.9999461651150672,10,20,20
13,312,5.67992508132426e-12,4.1352955669125486e-07,0.0048142575957574735,0.9951853288690058,10,20,20
13,313,5.758093786419655e-12,5.81684611012143e-11,0.00012809972581786497,0.9998719002102554,10,20,20
13,314,5.679912882761499e-12,5.582094276393177e-11,0.10739123233271057,0.8926087676057882,10,20,20
13,315,3.4265845007481914e-11,0.038758899407150695,0.06840540265701057,0.8928356979015728,10,20,20
13,316,5.791439870490464e-12,0.03875889944359999,0.06854518176614052,0.8926959187844679,10,20,20
13,317,6.15614424206892e-12,6.163920385893319e-10,0.007208610440636834,0.992791388936815,10,20,20
13,318,1.8303642561634825e-14,6.159295550871229e-14,0.00017342570089391477,0.9998265742990261,10,20,20
13,319,1.0745486094380968e-12,2.8432820576031017e-09,0.0005597968252744961,0.9994402003303687,10,20,20
13,320,1.3617014858923767e-12,4.397653391017978e-11,0.003346673875604328,0.9966533260790573,10,20,20
13,321,1.8238733541713538e-12,2.936162287013898e-11,0.002855783153079521,0.997144216815735,10,20,20
13,322,1.7157639161868165e-12,3.319235256237478e-10,0.10093005378659095,0.8990699458797694,10,20,20
13,323,5.367367687798749e-13,8.011471774953896e-11,0.13749049403996583,0.8625095058793824,10,20,20
13,324,1.7796767358634632e-08,2.610880322660005e-11,0.13577814913764946,0.8642218330394742,10,20,20
13,325,1.8200293664842716e-13,0.00016947448510903278,0.1389267085393381,0.8609038169753708,10,20,20
13,326,2.734617103982962e-14,8.756753889121512e-08,0.09655602943582754,0.903443882996606,10,20,20
13,327,2.582222329837262e-14,8.754482043962902e-08,0.10163854293613919,0.8983613695190144,10,20,20
13,328,2.611594597059748e-14,8.408778614515783e-08,0.10515258726920282,0.8948473286429843,10,20,20
13,329,1.4023863448282527e-11,8.40862503731624e-08,0.10160397180424116,0.8983959440954845,10,20,20
13,330,1.4823163051736047e-11,0.0002764908967919175,0.09994533929965245,0.8997781697887326,10,20,20
13,331,1.4011694407043027e-11,2.1783134221658546e-07,0.10126929995346864,0.8987304822011772,10,20,20
13,332,1.4000028273556639e-11,2.2302169478664686e-07,0.12235756122877865,0.8776422157355265,10,20,20
13,333,2.7123082519212853e-15,2.1768123775337865e-07,0.1002263167449344,0.8997734655738249,10,20,20
13,334,1.6369342990453795e-15,2.1770084856025676e-07,0.17001161464051245,0.829988167658637,10,20,20
13,335,2.1505175355795275e-08,1.0489229218124086e-06,0.09997715425322776,0.9000217753186748,10,20,20
13,336,1.593089679643473e-09,1.1694884654530616e-07,0.10188049964925902,0.8981193818088045,10,20,20
13,337,1.5930891055475602e-09,8.065345374564971e-10,0.10181646143800309,0.898183536162373,10,20,20
13,338,1.607871824515413e-09,3.005396580837125e-10,0.10831622185833578,0.8916837762332526,10,20,20
13,339,1.5930885245739268e-09,2.9492640826201135e-10,0.10001154120245696,0.8999884569095281,10,20,20
13,340,1.5930887754104379e-09,2.9493505250397435e-10,0.10272489460990922,0.897275103502067,10,20,20
13,341,0.09752191933798046,3.347749537857652e-08,0.00521288538663736,0.8972651617978868,10,20,20
13,342,0.09752191934538323,4.365045696295875e-08,0.06133063204981785,0.8411474049543417,10,20,20
13,343,0.09752191935093099,3.3535639289796154e-08,0.05866233408411309,0.8438157130293161,10,20,20
13,344,0.09752191934271476,3.6149123801056235e-08,0.04551710536660133,0.85696093914156,10,20,20
13,345,0.06667958053538683,2.7049639552794677e-05,0.07075744460351961,0.8625359252215409,10,20,20
13,346,0.004418396604226755,0.00010029105753772292,0.09533702827018298,0.9001442840680525,10,20,20
13,347,0.011978456681006822,1.0644573542282042e-08,0.0881368509265714,0.8998846817478482,10,20,20
13,348,1.287065817241825e-05,1.0860985616229209e-07,0.10399856918486387,0.8959884515471073,10,20,20
13,349,1.2870657879934994e-05,1.0861837212552388e-07,0.14292442901170335,0.8570625917120441,10,20,20
13,350,4.2034623923382096e-10,0.0006550409863368465,0.1047737268887525,0.8945712317045643,10,20,20
13,351,9.339762588087748e-12,2.1727042578976362e-09,0.10206312096124177,0.8979368768567143,10,20,20
13,352,6.936699229090356e-14,1.1211474786469581e-05,0.1014280012094011,0.8985607873157427,10,20,20
13,353,6.515264579334599e-15,6.530573959769702e-06,0.06486569856571224,0.9351277708603213,10,20,20
13,354,1.3378661746062112e-17,8.42362756203022e-13,0.0019683952637754402,0.9980316047353822,10,20,20
13,355,4.00203692116424e-15,1.02766387137051e-10,0.0047558780633872606,0.9952441218338424,10,20,20
13,356,3.02018913645203e-15,1.2535760593647325e-10,0.0413628697353607,0.9586371301392784,10,20,20
13,357,2.575997281019882e-16,2.45111916816253e-11,0.03968989829873549,0.9603101016767528,10,20,20
13,358,8.934104910218706e-12,1.0687065551598927e-11,0.0012571048326529373,0.9987428951477257,10,20,20
13,359,1.0396565301547541e-13,1.75843572353553e-11,0.0024612193137431423,0.9975387806685685,10,20,20
13,360,3.1269669645827637e-15,2.7812849779320578e-08,0.009187662946163539,0.9908123092409837,10,20,20
13,361,9.553912124382315e-16,9.136557521180074e-13,0.004492236517542074,0.9955077634815434,10,20,20
13,362,1.2582306654313172e-15,5.259900721630656e-12,0.005730829098606246,0.9942691708961325,10,20,20
13,363,1.2946036863709378e-15,3.9242076498281405e-12,0.004483392063682084,0.9955166079323924,10,20,20
13,364,1.273440404259884e-15,3.2748661246724946e-12,0.004430110786535685,0.9955698892101882,10,20,20
13,365,1.506523318272439e-14,5.111914166814886e-12,0.0987689346246999,0.9012310653701731,10,20,20
13,366,8.7659157415749e-10,5.795392841864683e-10,0.10267816866074206,0.8973218298831265,10,20,20
13,367,2.1629447366588914e-06,2.8254810555695e-06,0.1008136348525374,0.8991813767216703,10,20,20
13,368,5.358802119480894e-15,8.340166069284028e-11,0.14001948544996923,0.8599805144666235,10,20,20
13,369,1.316867238880047e-16,0.0012064815735084355,0.10238721386255685,0.8964063045639342,10,20,20
13,370,1.8201308930067193e-10,8.426030393546954e-08,0.10211967543525532,0.8978802401224272,10,20,20
13,371,1.8201312580646438e-10,8.426083977285252e-08,0.10196736764311749,0.8980325479140296,10,20,20
13,372,0.0030077701322447194,1.9916232240450724e-10,0.09810585655889925,0.8988863731096934,10,20,20
13,373,9.082215312957726e-12,7.2836306514841195e-06,0.10168208677807841,0.898310629582188,10,20,20
13,374,8.316624983642817e-15,0.000541555260248352,0.09954282525888968,0.8999156194808536,10,20,20
13,375,6.272783579259358e-17,3.276690956923244e-10,0.0015786245959425894,0.9984213750763884,10,20,20
13,376,5.023396584300304e-15,3.2765272818293815e-10,0.0014983124862678412,0.9985016871860743,10,20,20
13,377,5.374211490337846e-15,4.8087397313070196e-11,0.006710878732548992,0.9932891212193582,10,20,20
13,378,9.561213339540287e-13,9.176788566136547e-08,0.04403171708120303,0.9559681911499552,10,20,20
13,379,9.56540211036431e-13,2.1241798900200902e-11,0.0001665909169329142,0.9998334090608687,10,20,20
13,380,2.0963243635580245e-13,8.742438345155064e-09,0.0005269298021704511,0.9994730614551814,10,20,20
13,381,2.82514510407852e-13,9.227469939350044e-09,0.0023855217494191173,0.9976144690228284,10,20,20
13,382,2.1079439411398188e-13,9.236361000226403e-09,0.0006080013284546754,0.9993919894349732,10,20,20
13,383,2.476871840051484e-12,4.864946802681602e-10,0.012840556977648312,0.9871594425333802,10,20,20
13,384,8.897775810270244e-12,4.949964062416298e-10,0.03311045356004786,0.9668895459360579,10,20,20
13,385,2.6470291965934802e-18,2.55203089359849e-12,0.0017465494155367953,0.9982534505819112,10,20,20
13,386,3.417021623852272e-16,5.946132111296968e-12,0.00254218815804283,0.9974578118360109,10,20,20
13,387,2.1471754540856504e-17,2.101900323903948e-12,0.0012705299352254995,0.9987294700626725,10,20,20
13,388,3.0406371561953903e-15,3.709565955597928e-12,0.032544148986690793,0.9674558510095966,10,20,20
13,389,3.2357096710486355e-15,5.740908958980719e-13,0.00013112743563443026,0.9998688725637882,10,20,20
13,390,9.218027717323965e-15,1.333001664815343e-12,7.049459177321102e-05,0.9999295054068845,10,20,20
13,391,3.8709806347069336e-14,4.7534140105583596e-08,0.033198657340876826,0.9668012951249443,10,20,20
13,392,2.2165142298471987e-15,4.7477477038276835e-08,0.08889704385389736,0.9111029086686233,10,20,20
13,393,5.3740782973124455e-17,4.763651905656542e-08,0.03409699019173221,0.9659029621717485,10,20,20
13,394,3.3463517569011682e-12,4.7476042691988934e-08,0.13311379528894288,0.8668861572316677,10,20,20
13,395,3.346561833926005e-12,5.5786237784371945e-08,0.13445389278850106,0.8655460514219143,10,20,20
13,396,3.6749708619434295e-13,5.5848250477663424e-08,0.13079537471938724,0.8692045694319944,10,20,20
13,397,9.28079404856671e-13,3.19304156565424e-07,0.11860188851281642,0.8813977921820987,10,20,20
13,398,7.594934464338013e-15,5.577724506957299e-08,0.067411715028442,0.9325882291943055,10,20,20
13,399,7.52798313598377e-15,6.066989500853829e-12,0.0023902836378790525,0.9976097163560464,10,20,20
13,400,7.537460537036887e-15,8.13576655619154e-13,0.00972759104080612,0.9902724089583728,10,20,20
13,401,8.13928851827983e-15,7.952319959448366e-11,0.003584021945540501,0.9964159779749279,10,20,20
13,402,2.945926583201942e-17,7.191844623332384e-14,0.0018716111335941288,0.9981283888663339,10,20,20
13,403,2.704046433122499e-18,5.5743170130265126e-14,4.984013739942308e-06,0.9999950159862043,10,20,20
13,404,1.0010133713105303e-15,9.869077676773891e-12,0.05928813799174274,0.9407118619983874,10,20,20
13,405,1.2757439041821924e-18,2.3711891594474948e-12,0.009102578211354505,0.9908974217862745,10,20,20
13,406,4.06058237411266e-18,5.983556030749559e-14,0.0054217261242689475,0.9945782738756712,10,20,20
13,407,5.6642957233641e-15,1.3257057822815334e-12,0.029575087859781822,0.9704249121388864,10,20,20
13,408,6.744103277854712e-18,1.433396370150752e-13,0.004343362483520361,0.995656637516336,10,20,20
13,409,1.5021091559316256e-11,3.248900125546875e-10,0.05757817605863996,0.9424218236014485,10,20,20
13,410,1.5018936139667246e-11,2.0704946212986267e-12,0.00476285142225851,0.9952371485606519,10,20,20
13,411,1.2610784543362014e-15,1.7643270230507601e-12,0.15673397913857523,0.8432660208596591,10,20,20
13,412,6.937474497506684e-13,9.913360177714239e-11,0.16418309830079908,0.8358169015993735,10,20,20
13,413,9.246346525828978e-10,0.00011888188459100429,0.12359536332901741,0.8762857538617567,10,20,20
13,414,5.101606639207986e-16,0.0954178040712552,0.03586087663295849,0.8687213192957856,10,20,20
13,415,1.2629966587826057e-17,0.09541780399411239,0.0046800000374255316,0.8999021959684621,10,20,20
13,416,2.6248619455021425e-17,0.09541780407022829,0.004723791024541132,0.8998584049052305,10,20,20
13,417,2.0184482891809748e-17,0.09999446663874095,0.04003608852952385,0.8599694448317351,10,20,20
13,418,4.909435170635553e-14,0.09999287958457796,0.06857140670645923,0.8314357137089138,10,20,20
13,419,1.0880409538746363e-15,0.09999287557057232,4.093910087163081e-05,0.8999661853285549,10,20,20
13,420,1.0036309122150162e-15,0.0999981945724784,1.1859875775362553e-05,0.899989945551745,10,20,20
13,421,1.8808278602689153e-14,0.0836179252341715,0.016972083814810086,0.8994099909509995,10,20,20
13,422,1.3469157730512033e-16,0.09982771245186987,0.0055930092383213,0.8945792783098085,10,20,20
13,423,4.065203686770041e-18,0.09141645543314236,0.010261281087524391,0.8983222634793331,10,20,20
13,424,1.6542044651488859e-12,0.09141645555979147,0.010331203571688156,0.898252340866866,10,20,20
13,425,7.106695918533658e-17,0.10002496288902929,0.07542518397029785,0.824549853140673,10,20,20
13,426,4.4058846410203416e-15,0.1000248901811029,0.007174839888466898,0.8928002699304258,10,20,20
13,427,1.4748764951132097e-16,0.0999978966803026,0.004273219180673562,0.8957288841390236,10,20,20
13,428,2.200853277455452e-14,0.09999997944918042,0.03947167491025773,0.8605283456405397,10,20,20
13,429,1.423592953098664e-17,0.09999946580507194,5.748489226755504e-05,0.8999430493026604,10,20,20
13,430,6.459934807069123e-16,0.09999639439005295,0.049952665965755524,0.850050939644191,10,20,20
13,431,3.3960306941073897e-11,0.09999890602851848,0.006650904523713555,0.8933501894138077,10,20,20
13,432,5.92006468057303e-16,0.09982698265045384,0.0003021538905754025,0.8998708634589703,10,20,20
13,433,1.0929633148885455e-16,0.0998269827590396,0.001176254866562598,0.8989967623743975,10,20,20
13,434,5.743609887866101e-12,0.09984383840305647,0.0019430980852957291,0.8982130635059041,10,20,20
13,435,1.0651844001683899e-16,0.09984383946144613,0.09793047105057658,0.8022256894879772,10,20,20
13,436,1.1315266811461675e-13,0.09999081455639293,0.0997872281488803,0.8002219572946137,10,20,20
13,437,1.67141397017944e-12,0.10005081342897956,0.10385103586160294,0.7960981507077458,10,20,20
13,438,3.484018754205804e-10,0.1164455469627598,0.08597111993829983,0.7975833327505384,10,20,20
13,439,1.9127742977787894e-14,0.19998727318652076,0.0013853649818336398,0.7986273618316264,10,20,20
13,440,2.3840469466936485e-14,0.1996663711872117,0.0004546497297320283,0.7998789790830323,10,20,20
13,441,9.707052975241999e-15,0.19698239040390444,0.0030404153402337378,0.799977194255852,10,20,20
13,442,2.3863191179643514e-13,0.19931251202083505,0.000806762026093794,0.7998807259528324,10,20,20
13,443,7.717830600273799e-13,0.19945914187808997,0.006755971020076822,0.7937848871010613,10,20,20
13,444,1.0398749642458398e-13,0.1999529720316045,0.0012256966869116685,0.7988213312813798,10,20,20
13,445,2.363055564150014e-13,0.19666620846250749,0.0047526845952507715,0.7985811069420053,10,20,20
13,446,2.98142583425016e-15,0.19667313358139926,0.11930551276405846,0.684021353654539,10,20,20
13,447,2.891347415128363e-15,0.19854981782136777,0.06148503170844445,0.7399651504701849,10,20,20
13,448,9.06101211758745e-12,0.1025461172389543,0.0998419511073638,0.7976119316446209,10,20,20
13,449,9.060991044966658e-12,0.10040865941532909,0.10097454847451959,0.7986167921010902,10,20,20
13,450,1.8539179767647865e-12,0.15748766523449853,0.042677286118509364,0.7998350486451381,10,20,20
13,451,5.660906108983941e-16,0.19959476993827605,0.0015566214658515785,0.7988486085958717,10,20,20
13,452,3.3101265796724182e-15,0.1996113801902023,0.0005614283054612769,0.7998271915043331,10,20,20
13,453,6.707228394425046e-16,0.1999786212635445,0.00017617266733302222,0.7998452060691216,10,20,20
13,454,4.2680818457971656e-16,0.1999999460349883,0.004448546507002623,0.7955515074580086,10,20,20
13,455,3.1432503151488792e-15,0.10557763259420336,0.14989852851491683,0.7445238388908766,10,20,20
13,456,7.98200172647049e-15,0.10557749222121118,0.1455380985255512,0.7488844092532296,10,20,20
13,457,2.595531748465822e-10,0.09998035800558239,0.11214276974398771,0.7878768719908763,10,20,20
13,458,5.233128259068473e-10,0.09999729623317763,0.10931116824707925,0.79069153499643,10,20,20
13,459,7.203296182215158e-10,0.09999730700745449,0.10384091180091566,0.7961617804713003,10,20,20
13,460,1.9875787686806834e-10,0.10000075585281236,0.10104958355178655,0.7989496603966433,10,20,20
13,461,1.9700765462951069e-10,0.19999776404062544,0.005190306639845148,0.7948119291225219,10,20,20
13,462,1.9695736405930227e-10,0.11141221949075583,0.09415484108800329,0.7944329392242835,10,20,20
13,463,4.497315715382445e-16,0.10964096782581685,0.0906461543031619,0.7997128778710205,10,20,20
13,464,4.802958305899432e-15,0.09799885760421416,0.09301395628447437,0.8089871861113066,10,20,20
13,465,3.571895299615044e-13,0.03498203182280057,0.20829975371191262,0.7567182144649295,10,20,20
13,466,3.3949229572872963e-06,0.00034690526695146256,0.2416780953609125,0.7579716044491788,10,20,20
13,467,3.3948846126364686e-06,0.00034687020905900876,0.1489327954316702,0.8507169394746581,10,20,20
13,468,2.4204461971455246e-11,0.0001001055966962497,0.10527800955913239,0.8946218848199669,10,20,20
13,469,7.518177257818201e-11,6.386717776486581e-12,0.10072495338800738,0.8992750465304242,10,20,20
13,470,2.47832368700842e-10,1.263107520186367e-12,0.001185182974453567,0.9988148167764509,10,20,20
13,471,6.624317437061531e-15,3.523866928631817e-13,7.767406877012783e-05,0.9999223259308708,10,20,20
13,472,3.5386537576082614e-14,4.3616974512733195e-10,0.001555685186647449,0.9984443143771475,10,20,20
13,473,2.943611536122442e-14,4.363481812050677e-10,0.007828122279791416,0.9921718772838309,10,20,20
13,474,2.5845158188157313e-16,2.1407750257735337e-10,0.00360790212126261,0.9963920976646593,10,20,20
13,475,1.2855937176408404e-13,1.234600660318468e-12,0.03737757189320484,0.962622428105432,10,20,20
13,476,1.3513702856431088e-13,1.0274616862384948e-10,0.03486003159027172,0.9651399683068471,10,20,20
13,477,1.3398739329658883e-13,7.305121174559586e-11,0.03559580747374896,0.9644041924530657,10,20,20
13,478,7.55296122346185e-15,5.0486404150065094e-11,0.022899615758977317,0.9771003841905286,10,20,20
13,479,5.706714616657995e-15,1.0928235137760966e-10,0.002278539737624363,0.9977214601530873,10,20,20
13,480,5.561243836730645e-16,2.0152830482974485e-08,0.003451623622177697,0.9965483562249912,10,20,20
13,481,1.0781859399081925e-13,3.4729041616856855e-08,0.00676666297739892,0.9932333022934514,10,20,20
13,482,1.0822826140690082e-13,1.6675973781363976e-08,0.0058747451391192645,0.9941252381847987,10,20,20
13,483,2.0247807791964864e-11,0.0018868632052984505,0.14178015258855828,0.8563329841858955,10,20,20
13,484,6.228018553322369e-07,0.00011562347517674198,0.15077775022972542,0.8491060034932426,10,20,20
13,485,2.5418243791509838e-09,6.752626327420145e-05,0.10000986169987203,0.8999226094950293,10,20,20
13,486,2.5418243849307524e-09,6.752626175709964e-05,0.10177805656139391,0.8981544146350245,10,20,20
13,487,3.81850435514692e-15,0.022123249441390897,0.1077808855777032,0.8700958649809017,10,20,20
13,488,4.2353588585705515e-13,0.02212324920503963,0.08076929735230096,0.8971074534422359,10,20,20
13,489,5.819158477252854e-13,1.392704052810788e-06,0.10102577525462056,0.8989728320407446,10,20,20
13,490,5.733977746685727e-13,1.392728497873313e-06,0.10222914697445533,0.8977694602964732,10,20,20
13,491,9.015718516680902e-13,1.4020945555992952e-06,0.1042967522632102,0.8957018456413326,10,20,20
13,492,1.142702775554407e-12,0.0008613459608556391,0.10489819738555509,0.8942404566524464,10,20,20
13,493,3.1673328217559045e-13,3.163590675264078e-05,0.10159854654865437,0.8983698175442763,10,20,20
13,494,1.0496652920651714e-11,5.413129699100732e-05,0.10500683088733975,0.8949390378051729,10,20,20
13,495,1.0514364872242774e-11,5.413249648038073e-05,0.10356407341036926,0.896381794082636,10,20,20
13,496,0.09653402789586998,1.3668593639125643e-09,0.02657441120293706,0.8768915595343337,10,20,20
13,497,1.1424434241528265e-13,1.7444336093590965e-06,0.12827867247712701,0.8717195830891493,10,20,20
13,498,2.306111913645812e-14,0.0023650891588991993,0.12459454893164265,0.8730403619094348,10,20,20
13,499,3.155552328141937e-08,2.89264335525534e-08,0.1563148876068574,0.8436850519111856,10,20,20
13,500,3.155552321936562e-08,2.8661976240280885e-08,0.14760137905816112,0.8523985607243396,10,20,20
13,501,3.0934157315635785e-10,0.09967348848974682,0.000568499958814364,0.8997580112420971,10,20,20
13,502,1.6356030827077332e-13,0.09999996972712304,0.0032394434282603615,0.8967605868444529,10,20,20
13,503,4.1876556969923984e-13,0.09999996969165684,0.03480891728897255,0.8651911130189518,10,20,20
13,504,3.111854011635946e-17,0.0999999696762725,0.0348067227180896,0.8651933076056377,10,20,20
13,505,5.744446950293437e-14,0.09946697837389977,0.051904239471182355,0.84862878215486,10,20,20
13,506,5.829327354519788e-13,0.09970059132502886,0.04991558880577462,0.8503838198686134,10,20,20
13,507,4.014160907991752e-16,0.09580217151097506,0.004879350618869529,0.8993184778701551,10,20,20
13,508,3.578897233928574e-13,0.08837155597666438,0.01195397799754379,0.899674466025434,10,20,20
13,509,3.573564158586288e-13,0.0883715558609142,0.011712202531135571,0.899916241607593,10,20,20
13,510,3.6087147339858964e-13,0.08837155586122415,0.011771666299521696,0.8998567778388932,10,20,20
13,511,7.130211647877304e-17,0.09991210844318175,0.0033312659330172814,0.8967566256238009,10,20,20
13,512,1.0811076973287417e-16,0.01627263306997994,0.08861353388481955,0.8951138330452004,10,20,20
13,513,2.1415286139151627e-13,7.18904442394041e-06,0.10429473727973551,0.8956980736756263,10,20,20
13,514,8.140638415262e-13,9.461843497363977e-05,0.10383551113547895,0.8960698704287333,10,20,20
13,515,2.640229566199492e-07,7.085660560178492e-07,0.10249946778002099,0.8974995596309663,10,20,20
13,516,9.789414321165081e-15,9.053235438164662e-08,0.06605431947492134,0.9339455899927144,10,20,20
13,517,2.4278779097161348e-14,5.3108798433787e-11,0.0006919744543925873,0.9993080254924745,10,20,20
13,518,4.765516005771256e-16,5.488458217107735e-08,0.0028183016726819636,0.9971816434427355,10,20,20
13,519,2.931435128171339e-10,5.4084450304446324e-12,0.024517511843535327,0.9754824878579127,10,20,20
13,520,3.663806054873984e-12,1.28617114312947e-11,0.06195335650909365,0.9380466434743807,10,20,20
13,521,3.663873012738825e-12,9.476722111557535e-11,0.0012443341239881287,0.998755665777581,10,20,20
13,522,2.151870041352539e-16,9.469182825488893e-11,0.07216815362477408,0.9278318462805342,10,20,20
13,523,2.611846343450081e-13,1.0447850257941498e-09,0.004794275384897831,0.9952057235700558,10,20,20
13,524,2.644868103073044e-13,1.0849483374581918e-09,0.010801268850841242,0.9891987300639459,10,20,20
13,525,1.1385338444562466e-14,3.144815702823184e-13,7.980360978978561e-05,0.9999201963898843,10,20,20
13,526,1.2722270433864434e-14,4.498214777715098e-13,0.001958850619448932,0.9980411493800883,10,20,20
13,527,1.9739844826472688e-14,1.1306430112051316e-12,0.0009547888648917674,0.9990452111339578,10,20,20
13,528,2.442606580416073e-14,6.627673773763106e-11,0.0035169921582170493,0.9964830077754815,10,20,20
13,529,3.2225924530350442e-15,1.1716808219865772e-12,0.047479806005989694,0.9525201939928352,10,20,20
13,530,1.2262057582065708e-12,2.112281744585255e-12,0.0011367791683873439,0.9988632208282742,10,20,20
13,531,3.168860321330509e-16,3.090052069389252e-14,0.001254289376614052,0.9987457106233547,10,20,20
13,532,3.2024514616992294e-16,1.6561778265575323e-11,0.002032384907830785,0.9979676150756072,10,20,20
13,533,2.7040643501948943e-13,1.169772136683061e-10,0.0022913826265442707,0.997708617256208,10,20,20
13,534,8.760529258159261e-16,1.0378813764232363e-10,0.0014527740597645679,0.9985472258364462,10,20,20
13,535,1.6310271837027564e-13,1.0652495762618379e-10,0.0030949094935623263,0.9969050903997496,10,20,20
13,536,5.6040528575041154e-14,3.834217992392728e-10,0.00515655301616232,0.9948434466003597,10,20,20
13,537,3.022817681536981e-17,1.980153642027305e-12,0.0033737199768564064,0.9966262800211634,10,20,20
13,538,6.081485447185598e-17,7.188410906267676e-14,0.001682239064604699,0.9983177609353232,10,20,20
13,539,9.793577574397794e-10,1.4869021227260664e-07,0.05958061443336159,0.9404192358970682,10,20,20
13,540,6.022339757235253e-17,1.8100962771322409e-09,0.0041160520343439975,0.9958839461555595,10,20,20
13,541,2.321164107585495e-17,9.880513294646633e-13,0.00010972885655821481,0.9998902711424537,10,20,20
13,542,3.04701586130961e-13,3.702030762835969e-12,0.00024841461297958774,0.9997515853830137,10,20,20
13,543,3.046080635064932e-13,2.4444664368467292e-12,0.00011140451772083263,0.99988859547953,10,20,20
13,544,3.071297875753765e-12,1.5152050422026206e-10,0.0700344829134936,0.9299655169319149,10,20,20
13,545,1.7001461195247416e-16,7.336941478533362e-11,0.004143284503667797,0.9958567154229627,10,20,20
13,546,1.2362321545959921e-13,9.260994965714736e-11,0.008350289924828065,0.9916497099824383,10,20,20
13,547,1.2388969837939303e-13,1.3616340923009252e-12,0.0001517675733734439,0.9998482324251409,10,20,20
13,548,1.3047187268511132e-18,1.3728349364864594e-10,0.00030431840456054255,0.999695681458156,10,20,20
13,549,3.962792643730615e-13,2.1307875256180003e-12,0.0013753183329898136,0.9986246816644833,10,20,20
13,550,3.2150968676981137e-17,5.090452558471827e-12,0.05681728250322543,0.9431827174916843,10,20,20
13,551,6.840183314459251e-12,2.0218125459563077e-10,0.017780653330618772,0.9822193464603599,10,20,20
13,552,4.6771188493807574e-17,1.597456493193532e-10,0.0019680666313240235,0.9980319332089304,10,20,20
13,553,1.4023772073560767e-09,2.4302709902957992e-08,0.10091456982875684,0.899085404466156,10,20,20
13,554,1.4023782194866565e-09,8.887120006464769e-08,0.13936361983445927,0.8606362898919624,10,20,20
13,555,1.4023798749706328e-09,2.419308447536183e-08,0.10021403577023333,0.8997859386343023,10,20,20
13,556,5.560180855752086e-15,3.686897528325627e-11,0.040616583455016154,0.9593834165081093,10,20,20
13,557,3.295604276221204e-15,4.369213650019505e-12,0.0017892692989108713,0.9982107306967167,10,20,20
13,558,3.876399505602564e-15,1.6869179879989842e-11,0.0037816532472349914,0.9962183467358919,10,20,20
13,559,2.4044115587735493e-14,2.22828056052287e-06,0.036686167776880226,0.9633116039425349,10,20,20
13,560,2.3990565687907122e-14,2.352792260450255e-11,0.002283086041443025,0.997716913935005,10,20,20
13,561,2.769942969067705e-13,1.23981666368911e-09,0.034346359011206515,0.9656536397486999,10,20,20
13,562,2.6105466330400153e-16,1.8131376016070434e-12,0.003505366822685669,0.996494633175501,10,20,20
13,563,6.262244494694117e-16,1.3390002671692679e-11,0.0042387880104082796,0.9957612119762009,10,20,20
13,564,1.0945410419726579e-14,3.7134743409153404e-13,0.10252908747998757,0.8974709125196298,10,20,20
13,565,2.1816294524078068e-10,3.1656650071410083e-10,0.09846721248118458,0.901532786984086,10,20,20
13,566,1.1289941574794042e-13,3.3962213378910224e-12,0.10319127017851695,0.8968087298179738,10,20,20
13,567,8.161478548701644e-14,1.2640207983016657e-10,0.10073856928049849,0.8992614305930173,10,20,20
13,568,1.0258877730056754e-13,3.101222256232702e-07,0.15955504793862912,0.8404446419390424,10,20,20
13,569,1.0513187002621431e-10,2.4436125788781808e-08,0.10147456176025496,0.8985254136984875,10,20,20
13,570,1.0513293926293847e-10,2.455342806441223e-08,0.10851826162093348,0.8914817137205061,10,20,20
13,571,6.224095798897068e-13,2.0632741552940817e-10,0.12486861087763165,0.8751313889154184,10,20,20
13,572,0.09834555781666102,1.5787499963286225e-07,0.056213733779224916,0.8454405505291144,10,20,20
13,573,5.5983786015571826e-05,3.825025506948047e-08,0.1380348951974314,0.8619090827662976,10,20,20
13,574,5.598378601555544e-05,9.125693468561252e-09,0.10210182714736069,0.8978421799409301,10,20,20
13,575,5.5983786015550847e-05,9.299826522976305e-09,0.1473338672977545,0.8526101396164034,10,20,20
13,576,0.04311985494669401,4.263294838615824e-08,0.05873006671268653,0.8981500357076708,10,20,20
13,577,0.09881039916655959,1.3831809019199435e-10,0.00123472075991767,0.8999548799352043,10,20,20
13,578,0.09881039916655959,1.400520161527584e-10,0.004505864503960379,0.896683736189428,10,20,20
13,579,0.09881039916665542,1.3922827110866755e-10,0.002273143376974142,0.8989164573171422,10,20,20
13,580,0.09881039916656056,2.1732151287473757e-09,0.005575068259182249,0.895614530401042,10,20,20
13,581,4.722668150176402e-12,1.968408057632083e-06,0.10673754719890041,0.8932604843883191,10,20,20
13,582,1.910512995731568e-08,1.914235568930725e-06,0.1324373362710282,0.8675607303882729,10,20,20
13,583,1.9101875474683257e-08,1.9721365416560283e-06,0.1049775800218123,0.8950204287397705,10,20,20
13,584,4.8301849671674e-18,1.4481191403850595e-07,0.10233811714663961,0.8976617380414462,10,20,20
13,585,4.066857864288919e-14,1.4481163257302293e-07,0.18876326092053403,0.8112365942677927,10,20,20
13,586,0.002831749101641314,2.423759480125217e-07,0.19746407483845413,0.7997039336839562,10,20,20
13,587,0.00283193409382042,1.590567243731828e-05,0.20122172601670055,0.7959304342170412,10,20,20
13,588,1.8518530083047714e-07,0.009991635454384081,0.19397085771970607,0.796037321640609,10,20,20
13,589,1.914776215399217e-07,0.00997842440688999,0.19486800144962385,0.7951533826658644,10,20,20
13,590,5.6720696365765195e-15,0.02624890697978932,0.17396944442934267,0.7997816485908622,10,20,20
13,591,5.675076919846854e-15,0.02624890697853203,0.17514116597743193,0.7986099270440306,10,20,20
13,592,4.046039765516345e-13,0.01644326474092799,0.18484665081176493,0.7987100844469022,10,20,20
13,593,4.6224540531598094e-08,0.00014694811153451837,0.19992905251681165,0.7999239531471132,10,20,20
13,594,2.0829013738842352e-14,1.847809167287918e-05,0.2000128270538693,0.7999686948544366,10,20,20
13,595,1.4463660846217887e-06,0.00023640460756984096,0.293643874101913,0.706118274924432,10,20,20
13,596,2.6009865727330928e-06,0.03967325655350444,0.14441725850438283,0.8159068839555397,10,20,20
13,597,2.733294657507462e-13,0.010710436381569903,0.08934964513690094,0.8999399184812555,10,20,20
13,598,4.1654612163342695e-10,5.602948649208715e-09,0.10339283546500962,0.8966071585154956,10,20,20
13,599,5.011866456091307e-16,3.1602149446055906e-09,0.10007359694221143,0.899926399897573,10,20,20
13,600,2.1055041974679822e-12,4.791352493993961e-06,0.1000452437033967,0.8999499649420037,10,20,20
13,601,2.10422735419216e-12,4.791352504943059e-06,0.10005900998701404,0.8999361986583768,10,20,20
13,602,2.1041651802863154e-12,4.791352541763013e-06,0.10268135244356372,0.8973138562017903,10,20,20
13,603,5.267028829586028e-12,0.06835211600843474,0.0344622531623376,0.8971856308239607,10,20,20
13,604,1.155702490739986e-16,0.09999770899187618,0.0027616807594026726,0.8972406102487209,10,20,20
13,605,9.057570119432601e-15,0.09999770900510088,0.0041673003513561235,0.8958349906435339,10,20,20
13,606,5.983449700147608e-16,0.09999771108032146,0.0029253832567291615,0.8970769056629487,10,20,20
13,607,2.90733322691547e-15,0.09999770899660612,0.001767157226066373,0.8982351337773246,10,20,20
13,608,4.906640753293279e-16,0.09999992381693272,9.376599492315128e-05,0.8999063101881436,10,20,20
13,609,2.6573290562498146e-16,0.0958750726810624,0.004161080403698684,0.8999638469152387,10,20,20
13,610,6.925795816833498e-14,0.09987995640856853,0.04812259720020688,0.8519974463911553,10,20,20
13,611,7.838453135574016e-14,0.09987978767562343,0.0025806206671606514,0.8975395916571374,10,20,20
13,612,9.183008775188683e-15,0.09987978857275795,0.06896234858395095,0.8311578628432817,10,20,20
13,613,9.270186255841793e-15,0.09998712505321562,0.0015157300680894853,0.8984971448786855,10,20,20
13,614,1.801905752253646e-16,0.0999982713305188,0.0041303740279279,0.8958713546415529,10,20,20
13,615,2.5603680617626325e-16,0.09926460697918185,0.0016096724321459411,0.899125720588672,10,20,20
13,616,2.664158300252271e-16,1.6117418894338652e-07,0.10088145394246795,0.899118384883343,10,20,20
13,617,7.815081676185613e-06,1.9148429232644866e-12,0.10424995285445157,0.8957422320619578,10,20,20
13,618,3.3340070655117306e-06,0.00015429124730410648,0.17417414682749535,0.8256682279181348,10,20,20
13,619,4.9801095002931196e-12,0.0007636690842030911,0.17890418186575946,0.8203321490450568,10,20,20
13,620,4.97765813623377e-12,0.09999647302481982,0.028620635777155012,0.8713828911930473,10,20,20
13,621,6.040727495117631e-12,0.0999773448987485,0.028813508536703107,0.8712091465585076,10,20,20
13,622,1.3311827622577465e-12,0.09999902960276232,0.03216550049930859,0.8678354698965979,10,20,20
13,623,1.8069279013742467e-13,0.09999902959744617,0.007851941716386915,0.8921490286859861,10,20,20
13,624,1.8051239513403263e-13,0.09999902959508176,0.0265471832074665,0.8734537871972711,10,20,20
13,625,2.2249749092355296e-13,0.003356868545634644,0.0995770511847676,0.8970660802693752,10,20,20
13,626,7.4278840880455e-13,1.2684878029664724e-06,0.10118668379153092,0.8988120477199233,10,20,20
13,627,9.625487786597666e-13,0.09999975484921284,0.015288326232642627,0.884711918917182,10,20,20
13,628,9.641474253920164e-13,0.09993004431892737,0.014108448629391679,0.885961507050717,10,20,20
13,629,6.399497947196797e-15,0.09995040099635208,0.002291725417531333,0.8977578735861103,10,20,20
13,630,9.948829126466451e-15,0.09992856313392656,0.00024209517907340991,0.8998293416869902,10,20,20
13,631,2.6754535149978376e-16,0.09996596342364375,0.013144170874574979,0.8868898657017812,10,20,20
13,632,2.3016589202009325e-15,0.09996596552578817,0.003198303195005591,0.896835731279204,10,20,20
13,633,3.251667400582638e-14,0.09997048566825259,0.0004884983942796875,0.8995410159374352,10,20,20
13,634,5.1971097729927775e-17,0.0999882872854938,0.00010625328024513874,0.899905459434261,10,20,20
13,635,4.746181970116622e-11,0.035504281271656626,0.10642146126176207,0.8580742574191195,10,20,20
13,636,8.123341888380989e-10,0.09999995819597664,0.13560915502709434,0.7643908859645945,10,20,20
13,637,6.18749209402146e-10,0.10000034562599454,0.13816491493384003,0.7618347388214155,10,20,20
13,638,6.216252131742642e-10,0.06794570689023896,0.1702240259249525,0.7618302665631832,10,20,20
13,639,4.0129144917566055e-11,0.0996830725155303,0.13591251082415692,0.7644044166201833,10,20,20
13,640,1.8762095915261172e-11,0.09968409161287642,0.13592891682265987,0.7643869915457016,10,20,20
13,641,1.0734674207787607e-10,0.09968310345584477,0.10106179191283107,0.7992551045239773,10,20,20
13,642,1.2670769089146777e-13,0.10011710447615892,0.1438020303743311,0.7560808651493831,10,20,20
13,643,9.941408829733787e-16,0.09930802511656797,0.1008257822260727,0.799866192657358,10,20,20
13,644,1.0638983157888998e-12,0.1980187120437388,0.04563037244044284,0.7563509155147545,10,20,20
13,645,1.0637894661710113e-12,0.19805430711255262,0.051968831461893086,0.7499768614244903,10,20,20
13,646,1.0634716112812245e-12,0.16921816569786657,0.07738799994999176,0.753393834351078,10,20,20
13,647,7.577900552122254e-17,0.18444199980445136,0.018729882357083002,0.7968281178384653,10,20,20
13,648,1.8851809837284833e-19,0.1997100008095387,0.005171127683452864,0.7951188715070084,10,20,20
13,649,2.701668353219049e-14,0.1996484838526084,0.0016467784499541733,0.7987047376974105,10,20,20
13,650,4.773109758762667e-15,0.19780944138689677,0.004991604753305063,0.7971989538597933,10,20,20
13,651,4.414203212791474e-15,0.19999959126425482,0.04256754568447468,0.757432863051266,10,20,20
13,652,8.349355212673586e-12,0.19991786316662194,0.08790436707273756,0.712177769752291,10,20,20
13,653,8.351065285575069e-12,0.19994159054379654,0.04687676380550544,0.7531816456423467,10,20,20
13,654,5.6133555938392955e-15,0.10262476691263848,0.0988832643490283,0.7984919687383275,10,20,20
13,655,5.118823742679794e-17,0.10270493276141075,0.09730213983204236,0.7999929274065468,10,20,20
13,656,9.3505898811546e-11,0.10266963156842765,0.15999053161797924,0.7373398367200871,10,20,20
13,657,2.8021087993702967e-08,0.0005518381062313856,0.2632242568857673,0.7362238769869134,10,20,20
13,658,2.4900922231262076e-05,6.462987710257375e-07,0.260329572283049,0.7396448804959487,10,20,20
13,659,5.786485850272699e-10,5.8202804065968815e-06,0.1837919621648468,0.8162022169760977,10,20,20
13,660,5.777172352834962e-10,2.5615948538683174e-10,0.029962837503860147,0.970037161662263,10,20,20
13,661,2.122457768474917e-15,1.9375142415612527e-10,0.007040060098951013,0.9929599397072953,10,20,20
13,662,8.072364161224559e-15,7.893505520242207e-12,0.0018396811131707797,0.9981603188789275,10,20,20
13,663,1.0637981328341962e-13,4.177364342614021e-11,0.001157324827435836,0.9988426751306841,10,20,20
13,664,8.874816165796969e-14,3.793142600410624e-12,0.016537982398700326,0.9834620175974177,10,20,20
13,665,5.145622778610308e-14,4.790572263194989e-11,0.012084063404480509,0.9879159365475625,10,20,20
13,666,7.4816958717479e-15,5.4224612304059384e-08,0.07985586072326889,0.9201440850521113,10,20,20
13,667,4.259981667907995e-17,5.4176032496532214e-08,0.06798215841707281,0.9320177874068947,10,20,20
13,668,1.7131894713719353e-16,5.4176812293064594e-08,0.06779742618012749,0.93220251964306,10,20,20
13,669,4.115345272408101e-15,4.099885635836993e-07,0.009190507670221136,0.9908090823412111,10,20,20
13,670,8.25017422562945e-12,4.2951357577896833e-07,0.060607300183282496,0.9393922702948915,10,20,20
13,671,5.654421429416879e-15,6.503803046918009e-11,0.09648070522779309,0.9035192947071634,10,20,20
13,672,5.150485603308148e-13,1.0710376290877418e-10,0.09559454804308443,0.9044054518492969,10,20,20
13,673,4.217994541690369e-15,8.600625694796027e-08,0.10234429749278709,0.8976556165009517,10,20,20
13,674,3.623633597504431e-12,1.0429516291442225e-07,0.19677210230076844,0.8032277934004446,10,20,20
13,675,2.3815842575424268e-08,3.2724169023325995e-10,0.15146654465143866,0.848533431205477,10,20,20
13,676,2.3813474123548178e-08,1.006101147714451e-11,0.10086506726564101,0.8991349089108237,10,20,20
13,677,2.381345561726698e-08,3.8538626674866326e-11,0.1008486274990884,0.8991513486489173,10,20,20
13,678,8.262598494528965e-16,3.144227716664227e-06,0.10010669060919083,0.8998901651630916,10,20,20
13,679,4.129449309261164e-15,0.09814161684255308,0.003417841436426828,0.8984405417210161,10,20,20
13,680,5.508956570188224e-15,0.07595707781745506,0.02570443855593308,0.8983384836266064,10,20,20
13,681,8.401184296447076e-13,0.09998537049005797,5.002479613104345e-05,0.8999646047129708,10,20,20
13,682,9.216129840420033e-14,0.09990511723993879,0.09933487759263776,0.8007600051673315,10,20,20
13,683,1.7285427210362276e-14,0.09999987940262697,0.10016698126881562,0.7998331393285403,10,20,20
13,684,8.388863299495245e-12,0.0999941459024494,0.10399042083145782,0.7960154332577037,10,20,20
13,685,8.8473864482407e-12,0.09666636687678823,0.10732402161480244,0.7960096114995618,10,20,20
13,686,1.49727934177945e-13,0.09666636798371109,0.007415534451581671,0.8959180975645576,10,20,20
13,687,3.5269639957580184e-14,0.09983474873817695,0.003497946577299438,0.8966673046844882,10,20,20
13,688,4.301720157785707e-16,0.09978654858571259,0.002883991764520648,0.8973294596497663,10,20,20
13,689,1.8534567390563983e-15,0.09890932140729501,0.0036740084281527132,0.8974166701645505,10,20,20
13,690,5.0861464244498885e-14,0.09997952205508857,0.09665126832979336,0.803369209615067,10,20,20
13,691,7.874127032474204e-17,0.09999943687301346,0.09708971342513996,0.8029108497018462,10,20,20
13,692,2.803718288423154e-06,0.09999943318673782,0.10111225679377531,0.7988855063011985,10,20,20
13,693,0.09484945913861902,0.09832233854064108,0.007004237274944104,0.7998239650457957,10,20,20
13,694,1.15249802067631e-05,0.09832250741412842,0.10263403463107065,0.7990319329745937,10,20,20
13,695,1.152498025070914e-05,0.0999917340529687,0.10006285258832548,0.7999338883784549,10,20,20
13,696,1.152498029922766e-05,0.09999954630688654,0.10039121758702899,0.7995977111257851,10,20,20
13,697,1.1524993511937626e-05,0.08390587674094523,0.11812829583137677,0.7979543024341658,10,20,20
13,698,1.1524993171296318e-05,0.09890944303505877,0.10118858896164859,0.7998904430101212,10,20,20
13,699,3.7224291450255065e-12,0.09990005058460491,0.10002029631751808,0.8000796530941543,10,20,20
13,700,9.643947355272579e-17,0.09990005032378758,0.00015444541822948855,0.8999455042579827,10,20,20
13,701,2.5218276567902143e-14,0.002160529490032866,0.09795451676959076,0.899884953740351,10,20,20
13,702,2.5257367134262642e-14,0.002160530335952882,0.16212975327990045,0.8357097163841212,10,20,20
13,703,5.56247064913768e-15,0.00013487615248871472,0.10162008429912887,0.8982450395483766,10,20,20
13,704,8.570788049425121e-05,7.280664167173538e-05,0.1007036734688203,0.8991378120090138,10,20,20
13,705,1.3869124672403075e-13,0.09533152705588344,0.05799798626510779,0.8466704866788701,10,20,20
13,706,3.4898516760351823e-13,0.09999982414852775,0.001300294968992233,0.8986998808821312,10,20,20
13,707,3.505193759320459e-13,0.09995514225424462,0.0002139505304865796,0.8998309072149183,10,20,20
13,708,1.2224260545601186e-19,0.09960261918579438,0.004841468587009938,0.8955559122271959,10,20,20
13,709,6.137507374347654e-17,0.0996026193849337,0.004235111833951141,0.896162268781115,10,20,20
13,710,1.7515938402904318e-11,0.09960262009662608,0.10116370457925397,0.7992336753066039,10,20,20
13,711,1.7594255308265193e-11,0.09960262009701541,0.10187546039580542,0.798521919489585,10,20,20
13,712,1.7601847566275012e-11,0.09905680642394858,0.10248054411482277,0.7984626494436267,10,20,20
13,713,1.7629514495742465e-11,0.06966844850925011,0.13106145368736247,0.799270097785758,10,20,20
13,714,1.7821907078613008e-11,0.09999127467876988,0.09987661504706696,0.8001321102563412,10,20,20
13,715,1.170005961207122e-08,0.09999219934640997,0.12862675572104249,0.771381033232488,10,20,20
13,716,9.806260514616002e-11,0.10033580578027619,0.09970780610593845,0.7999563880157228,10,20,20
13,717,1.9426303425101304e-08,0.11031991626433343,0.1633010746664775,0.726378989642885,10,20,20
13,718,1.94263022034596e-08,0.11031991624150986,0.1265978704350285,0.7630821938971593,10,20,20
13,719,9.847902151395076e-09,0.12154951362605289,0.10902239091539764,0.769428085610647,10,20,20
13,720,7.755452496343183e-12,0.10079576308677984,0.13090810426949379,0.7682961326359709,10,20,20
13,721,6.727144349558184e-16,0.10028030589548506,0.10005759243995709,0.7996621016645566,10,20,20
13,722,1.3565589393492372e-12,0.09915954924309806,0.13759570290217715,0.7632447478533679,10,20,20
13,723,1.735545247935186e-12,0.09915958610268019,0.10093920131267049,0.7999012125829138,10,20,20
13,724,4.102824341712518e-13,0.09995300056829978,0.10025489059973217,0.7997921088315578,10,20,20
13,725,4.5647488033941376e-14,0.11053803408919875,0.09044543905215367,0.7990165268586018,10,20,20
13,726,1.9319449353358504e-13,0.1012526742277764,0.10147149837619698,0.7972758273958332,10,20,20
13,727,1.9328149540780587e-13,0.10124815798449427,0.16674062477675128,0.7320112172385616,10,20,20
13,728,1.9061277397319062e-13,0.10124815710152764,0.10118944481221341,0.7975623980860684,10,20,20
13,729,5.879856749282717e-07,0.10009256942140825,0.10250960145923767,0.7973972411336788,10,20,20
13,730,7.33775756336734e-12,0.005334726092310125,0.19582912400845626,0.7988361498918957,10,20,20
13,731,4.477007968931905e-15,0.001212787237935224,0.1998274690434449,0.7989597437186154,10,20,20
13,732,2.8227128314363412e-11,0.0012003340111510388,0.1991523421628891,0.7996473237977325,10,20,20
13,733,8.065797294224933e-11,7.477378818259102e-10,0.2000426405257057,0.7999573586458981,10,20,20
13,734,2.2552365585248249e-13,4.5129692426081255e-07,0.19824224083017516,0.8017573078726746,10,20,20
13,735,2.9390674127120755e-06,4.497437533235724e-07,0.27199996588239606,0.7279966453064379,10,20,20
13,736,1.6572045784889887e-12,3.094950464956199e-09,0.19148511700773369,0.8085148798956586,10,20,20
13,737,1.346064079219546e-15,2.8307408993856943e-09,0.0701511635985671,0.9298488335706907,10,20,20
13,738,4.620605055658959e-11,1.3649224083447297e-10,0.000102738891049264,0.9998972609262523,10,20,20
13,739,9.975724684277386e-14,3.3152977153150355e-12,0.03790503487891235,0.9620949651176725,10,20,20
13,740,9.58637267223435e-14,6.737866085381296e-13,8.812544924396344e-05,0.9999118745499862,10,20,20
13,741,6.867476660676509e-17,2.1348053090656744e-13,0.0007235123798452628,0.9992764876199411,10,20,20
13,742,2.7663022502167374e-17,4.1923891027519355e-13,0.0707077935394261,0.9292922064601544,10,20,20
13,743,2.7760241979176177e-14,2.889808561952358e-07,0.006789346229377759,0.9932103647897381,10,20,20
13,744,6.924066506380776e-15,2.4992216270291977e-12,0.003672920791231979,0.996327079206262,10,20,20
13,745,2.8343088339479486e-15,1.254236517254097e-12,0.0035745571247024557,0.9964254428740407,10,20,20
13,746,1.2036636766437007e-14,1.6120414148859613e-10,0.004474405279500481,0.9955255945592831,10,20,20
13,747,4.0333555179182775e-14,2.5055201910889506e-12,0.0015605521982115247,0.9984394477992428,10,20,20
13,748,2.2545299156380352e-10,1.1792563598523125e-12,0.004656321261066216,0.9953436785123018,10,20,20
13,749,6.934985163199056e-10,2.6589280343588153e-10,0.007170941461273827,0.9928290575793348,10,20,20
13,750,4.680832567301378e-10,2.819489040546028e-10,0.007730920072286851,0.9922690791776809,10,20,20
13,751,1.1501910691027898e-16,8.974410131082891e-11,0.004101481459264257,0.9958985184509915,10,20,20
13,752,1.830031958873763e-17,8.930671394673744e-11,0.001960026973346581,0.9980399729373467,10,20,20
13,753,4.163887215205704e-15,8.464876732747283e-10,0.09624782979284316,0.9037521693606652,10,20,20
13,754,4.2962695148370744e-16,8.90383986094181e-10,0.09672055910653941,0.9032794400030759,10,20,20
13,755,2.731205948677334e-11,0.00011264600685173373,0.10015216415642278,0.899735189809413,10,20,20
13,756,1.2706283385317966e-09,0.00011264613050095936,0.10034063871734338,0.8995467138815275,10,20,20
13,757,1.079029174152435e-09,0.004516488892901568,0.0988693654521422,0.8966141445759268,10,20,20
13,758,3.690973733041711e-08,2.635369655063565e-05,0.101678688832389,0.8982949205613231,10,20,20
13,759,3.064311979447382e-05,2.39134101779919e-06,0.1046347678087172,0.89533219773047,10,20,20
13,760,3.064311980240298e-05,2.3901351825449083e-06,0.09974893696044844,0.9002180297845666,10,20,20
13,761,0.003333579646134583,1.217908118798521e-07,0.09671341912330031,0.8999528794397531,10,20,20
13,762,3.377979081760739e-07,4.2099234571863473e-10,0.10473650709267131,0.895263154688428,10,20,20
13,763,0.005045287465155187,1.4518186333099551e-06,0.09507714635233804,0.8998761143638735,10,20,20
13,764,2.1841395206931793e-12,0.0005528206258874676,0.099287548278449,0.9001596310934794,10,20,20
13,765,2.345069651980654e-13,0.0005528238626977849,0.09728414139469557,0.9021630347423724,10,20,20
13,766,3.764373619253588e-11,5.1700936355010585e-09,0.029452442935633337,0.9705475518566292,10,20,20
13,767,1.8881469845253897e-14,2.6830367337886994e-09,0.006911985815669286,0.9930880115012751,10,20,20
13,768,5.514465079000448e-18,1.499163629977148e-10,0.001872888858289139,0.9981271109917944,10,20,20
13,769,1.8527230153418703e-17,4.2104388933731127e-07,0.006633119788783561,0.9933664591673269,10,20,20
13,770,6.500299618067019e-14,1.952089289792644e-10,0.0020326941298924065,0.9979673056748336,10,20,20
13,771,9.216578803931147e-10,3.9459196015869783e-10,0.0035442110888518007,0.9964557875948984,10,20,20
13,772,9.216515364196948e-10,2.654307102434448e-10,0.0049397754629202945,0.9950602233499974,10,20,20
13,773,9.216496041453187e-10,2.027799273444036e-10,0.002027629557251578,0.9979723693183189,10,20,20
13,774,9.216493681653327e-10,3.2799965001547936e-09,0.005543621637423646,0.9944563741609305,10,20,20
13,775,1.1271249523690734e-16,2.7066846306298185e-12,0.003748649484470251,0.9962513505128229,10,20,20
13,776,4.265402638297221e-17,7.453882740905958e-12,0.005591200219130179,0.9944087997734158,10,20,20
13,777,4.541624079240445e-17,8.585596955363474e-11,0.0020711856031680412,0.9979288143109761,10,20,20
13,778,6.700350167241417e-17,8.276294678383319e-08,0.0049629784213898135,0.9950369388156635,10,20,20
13,779,9.059247064984576e-14,8.475137288257957e-08,0.04337933915634024,0.9566205760921964,10,20,20
13,780,2.778027623800691e-14,1.3221561663572875e-09,0.0043572308624089656,0.9956427678154072,10,20,20
13,781,1.1724362377128433e-14,4.832405913133703e-12,0.09834606292497912,0.9016539370701766,10,20,20
13,782,4.513611805780308e-11,0.00027537826846391316,0.20250496179633054,0.7972196598900688,10,20,20
13,783,6.617458065348597e-11,3.3374073494333926e-07,0.19993863156640468,0.8000610346266857,10,20,20
13,784,1.614240859569031e-10,3.338243925770463e-07,0.2000774452091309,0.7999222208050523,10,20,20
13,785,1.6141651813019695e-10,3.338563703929355e-07,0.2001057425793073,0.7998939234029059,10,20,20
13,786,3.058115832120205e-11,0.0001439369467112147,0.20139979933856827,0.7984562636841395,10,20,20
13,787,2.5035790797587013e-09,0.032209965378074946,0.1693913625841454,0.7983986695342005,10,20,20
13,788,2.4808974175300834e-09,0.03233419021715053,0.16784746738784928,0.799818339914103,10,20,20
13,789,7.287431733231112e-11,0.01793131664437221,0.18215606869283366,0.7999126145899198,10,20,20
13,790,8.848226780495639e-11,0.01766382824668401,0.18247340045408217,0.7998627712107518,10,20,20
13,791,8.848317553133462e-11,0.017663828254918607,0.18456539900327648,0.797770772653322,10,20,20
13,792,3.137324404655253e-13,0.0012745560256944768,0.19884233921267572,0.7998831047613156,10,20,20
13,793,3.259580260018588e-10,1.28346541441031e-08,0.20014858301213218,0.799851403827255,10,20,20
13,794,2.9264036515398573e-10,1.7057270393954443e-06,0.20009901848288184,0.7998992754974372,10,20,20
13,795,5.831665185011163e-09,1.2462387842978267e-09,0.20011768463135846,0.7998823082907369,10,20,20
13,796,1.7326841090077693e-12,0.0008786881282391021,0.20005673467967125,0.799064577190356,10,20,20
13,797,3.828004980518163e-13,0.0008497599705080374,0.09976218964040004,0.899388050388709,10,20,20
13,798,1.5573727554789213e-11,3.1817369973745967e-06,0.12141519294892593,0.8785816252985024,10,20,20
13,799,8.144003172372973e-12,0.09997281994633277,0.06602620140443992,0.8340009786410834,10,20,20
13,800,4.654138112346459e-13,0.0999728222583289,0.09050707518541411,0.8095201025557917,10,20,20
13,801,5.3002475627454736e-14,0.09999666807401457,0.040715066643607314,0.859288265282325,10,20,20
13,802,1.1340555039332862e-14,0.09889072309971758,0.0019718449066665434,0.8991374319936043,10,20,20
13,803,5.09832037744956e-17,0.0988908086748237,0.005765281942081321,0.8953439093830949,10,20,20
13,804,1.240917792238012e-13,0.09944262637495611,0.0008847029076173892,0.8996726707173023,10,20,20
13,805,2.90792670312033e-14,0.09999951776664956,0.0001407481333606464,0.8998597340999608,10,20,20
13,806,6.059921938169079e-13,0.09999030396140547,0.003115696721660211,0.8968939993163282,10,20,20
13,807,5.488266909540437e-13,0.09999983291217432,0.0006897339388731697,0.8993104331484038,10,20,20
13,808,5.431300761184201e-13,0.09999461119568182,0.0001140718716206131,0.8998913169321545,10,20,20
13,809,5.274015058140085e-09,7.861081363047278e-05,0.10012713769502646,0.8997942462173277,10,20,20
13,810,2.4155993667966618e-11,0.011543204514497894,0.1066836598694642,0.8817731355918816,10,20,20
13,811,0.00013053033893654735,4.4040270909370186e-10,0.11879137273477483,0.8810780964858855,10,20,20
13,812,0.0001305303383416279,3.287770251622972e-10,0.15751065472918943,0.8423588146036914,10,20,20
13,813,0.00013053033835793213,3.48485303221885e-10,0.1962897371771808,0.8035797321359752,10,20,20
13,814,0.0001305303383626043,3.4764579346648223e-10,0.1588526760908767,0.8410167932231143,10,20,20
13,815,0.0001305303381699699,3.290816742563101e-10,0.10224164223759909,0.897627827095149,10,20,20
13,816,2.1667476596046402e-13,0.036591838202475184,0.06429236391044921,0.8991157978868589,10,20,20
13,817,2.803679386206901e-10,0.0009631054176053736,0.09926272087715077,0.8997741734248758,10,20,20
13,818,2.4048174654774326e-08,3.998233104330559e-05,0.10016888003764465,0.8997911135831373,10,20,20
13,819,1.334431320000157e-11,0.0010761798965315263,0.10307124164706172,0.8958525784430625,10,20,20
13,820,8.112417698357583e-05,6.597354396759728e-05,0.10277141342423175,0.8970814888548171,10,20,20
13,821,3.5431860569272625e-09,0.00022479088425577737,0.09988040697404663,0.8998947985985115,10,20,20
13,822,2.3713887791119693e-13,1.9931043159767633e-05,0.10003185024350274,0.8999482187130999,10,20,20
13,823,5.183966270515314e-16,0.002301159693717524,0.168651022135397,0.8290478181708847,10,20,20
13,824,7.075093449057409e-09,3.892293650268324e-06,0.17424984761179912,0.8257462530194569,10,20,20
13,825,1.0932202755425265e-15,0.02256000649536625,0.08092127049427333,0.8965187230103593,10,20,20
13,826,1.1903548739279294e-15,0.022560006603395487,0.08091429925666911,0.8965256941399342,10,20,20
13,827,1.0665019824548202e-14,0.022560006608232756,0.0817486041227917,0.8956913892689649,10,20,20
13,828,9.906721444492594e-07,0.003144707825128463,0.10008893862110164,0.8967653628816257,10,20,20
13,829,9.906719324081785e-07,0.0031447078243733865,0.100392947192706,0.8964613543109878,10,20,20
13,830,7.0585806427026425e-15,0.0949064896774188,0.005246426661743121,0.8998470836608312,10,20,20
13,831,1.7272522162244573e-15,0.09896322069138014,0.004732639201469822,0.8963041401071482,10,20,20
13,832,2.6811971390634257e-15,0.09896322071147319,0.005717795214236177,0.895318984074288,10,20,20
13,833,3.005512755882009e-14,0.09817537654768152,0.0019234066938128703,0.8999012167584756,10,20,20
13,834,8.825322783833537e-12,0.0981753765466496,0.002364884223104238,0.899459739221421,10,20,20
13,835,3.4476552582803515e-13,0.09999983003876038,0.005965518208379043,0.8940346517525157,10,20,20
13,836,2.1938185912266192e-16,0.0999925182241799,0.00029231175591314985,0.8997151700199065,10,20,20
13,837,2.374752057542029e-16,0.08086408607692902,0.020355223614791022,0.8987806903082796,10,20,20
13,838,1.1044338395300103e-14,0.08086408602279785,0.024151602288594493,0.8949843116885965,10,20,20
13,839,2.14315341606083e-18,0.0808640860138234,0.01925079830127844,0.8998851156848982,10,20,20
13,840,5.415515339955377e-11,0.09998605474830957,0.03007254162332774,0.8699414035742075,10,20,20
13,841,5.606881282518568e-12,0.04519817793635137,0.057885923606484146,0.8969158984515575,10,20,20
13,842,5.992371349872067e-12,0.04519816865082975,0.054924486435403444,0.8998773449077742,10,20,20
13,843,3.2985512943709695e-15,0.09975345165092148,0.09704680823530674,0.8031997401137682,10,20,20
13,844,3.5191152536851988e-15,0.0733392775572549,0.12191781405053423,0.8047429083922074,10,20,20
13,845,2.940896912670773e-16,0.09999902924494798,0.0010503359441829947,0.8989506348108686,10,20,20
13,846,1.8360274029522402e-12,0.09999810377496406,0.0006510550277183901,0.8993508411954814,10,20,20
13,847,3.661933913122022e-16,0.09999810377463825,0.00012867070830155784,0.8998732255170598,10,20,20
13,848,9.584439558370577e-16,0.09999810380630283,0.000131518331180738,0.8998703778625157,10,20,20
13,849,8.422110206318699e-16,0.09998934814669408,0.00011136667290798274,0.8998992851803973,10,20,20
13,850,3.244810966186531e-15,0.0999958373272323,0.0033263526251339722,0.8966778100476306,10,20,20
13,851,1.5912403503820009e-15,0.09999583732532541,0.006075297961744159,0.8939288647129289,10,20,20
13,852,1.421170949626687e-14,0.09999330882093484,0.004822848501593292,0.8951838426774575,10,20,20
13,853,2.2401472141689978e-15,0.0999849604525007,0.0001292869203002378,0.8998857526271967,10,20,20
13,854,2.3149200486692155e-15,0.09998496031966725,0.0446277555358328,0.8553872841444976,10,20,20
13,855,2.3132032744044487e-16,0.09881992760008693,0.031192161885964687,0.8699879105139481,10,20,20
13,856,1.8420152560930276e-08,0.09845247034367077,0.03151609785294549,0.8700314133832311,10,20,20
13,857,1.0029706477045334e-16,0.09943082665678855,0.03049322786816026,0.8700759454750508,10,20,20
13,858,1.5037853576693633e-13,0.09804395054628,0.0045994010801377145,0.8973566483734319,10,20,20
13,859,2.9641915531957714e-14,0.09992798154247923,0.08941680065908095,0.8106552177984101,10,20,20
13,860,7.346233896689396e-15,0.09992798166556315,0.10338113493710743,0.7966908833973219,10,20,20
13,861,1.8326318719945656e-13,0.09998174711463297,0.1861784138510976,0.7138398390340859,10,20,20
13,862,8.836700092055903e-11,0.09550344030994515,0.151993237931327,0.7525033216703606,10,20,20
13,863,8.841210512231778e-11,0.08874106869167527,0.13494006425872174,0.7763188669611908,10,20,20
13,864,8.837120531659873e-11,0.09997768722798836,0.12305794356330384,0.7769643691203366,10,20,20
13,865,2.0074719165068076e-13,0.09997049529207161,0.10007315546946893,0.7999563492382586,10,20,20
13,866,5.1985648985119344e-12,0.11121684634943126,0.09037354285727159,0.7984096107880988,10,20,20
13,867,0.0002102626775434983,0.10001147867265547,0.10519167872193307,0.7945865799278676,10,20,20
13,868,0.019758841998927947,0.10000436230029959,0.05827455278540984,0.8219622429153626,10,20,20
13,869,2.1585606454721543e-16,0.018499976493346802,0.08337595831519343,0.8981240651914597,10,20,20
13,870,1.5364956378188085e-12,4.979718622468848e-07,0.10298093784708322,0.8970185641795176,10,20,20
13,871,4.522622294957861e-16,2.6493585075533162e-05,0.10035092809316437,0.8996225783217595,10,20,20
13,872,1.1025183013443954e-15,2.6493584451169256e-05,0.10037411256977413,0.8995993938457734,10,20,20
13,873,9.573867660872607e-08,5.883761914400404e-10,0.1044449464553348,0.8955549572176122,10,20,20
13,874,6.455595920516497e-06,6.811226877884936e-10,0.10711379175747146,0.892879751965485,10,20,20
13,875,5.3924240190660126e-09,1.2235317988627448e-05,0.10325634400011477,0.8967314152894721,10,20,20
13,876,4.597036825420138e-10,2.2739648715969866e-06,0.17531391353012885,0.8246838120452958,10,20,20
13,877,5.2062677586666655e-06,1.9526929793698713e-06,0.23973531467896017,0.7602575263603017,10,20,20
13,878,0.0008914941895515483,1.5612211042268485e-09,0.23810273763553816,0.761005766613689,10,20,20
13,879,0.0008914941952369547,1.669959196267103e-12,0.09968997232214206,0.899418533480951,10,20,20
13,880,0.0008914941971462705,1.1730399731204469e-11,0.09921836084339088,0.8998901449477325,10,20,20
13,881,1.5659889076503308e-13,2.3940419579216435e-08,0.16187602879200708,0.8381239472674169,10,20,20
13,882,4.707543229664739e-10,2.381538179502301e-08,0.15559486758639762,0.8444051081274664,10,20,20
13,883,0.003975041893200601,3.4192437571187486e-08,0.15161251120152902,0.8444124127128327,10,20,20
13,884,0.0039750414226039235,3.419323657335551e-08,0.15164905273891338,0.8443758716452461,10,20,20
13,885,8.762725213917732e-07,1.0314594102407188e-05,0.10025331550356616,0.8997354936298102,10,20,20
13,886,8.762725214100573e-07,1.0314593227025798e-05,0.10218603118156411,0.8978027779526874,10,20,20
13,887,6.172143821918306e-09,7.263909828220261e-05,0.1583422440682179,0.8415851106613562,10,20,20
13,888,2.477383869468195e-10,5.712770319801127e-10,0.10116089217600918,0.8988391070049753,10,20,20
13,889,3.0977178887884606e-05,2.1086032079142682e-11,0.09554657371143162,0.9044224490885941,10,20,20
13,890,3.09771784778071e-05,1.5340190170443336e-09,0.1668737529475277,0.8330952683399756,10,20,20
13,891,3.097718256237152e-05,4.697652548860275e-10,0.09420367765180411,0.9057653446958682,10,20,20
13,892,2.3739509728613644e-10,7.860439337610126e-07,0.024374420179764968,0.9756247935389061,10,20,20
13,893,6.259714376706079e-16,1.811529808426977e-12,0.00021367762727267297,0.9997863223709149,10,20,20
13,894,1.364523417178671e-13,1.994459959245481e-11,0.004188958972757169,0.9958110410071616,10,20,20
13,895,2.0690833207221882e-17,2.8595269119931835e-13,0.09688792727684067,0.9031120727228732,10,20,20
13,896,1.8776362915904534e-11,3.2288095319906366e-06,0.14749001183372162,0.85250675933797,10,20,20
13,897,9.181761893861086e-14,3.2287560991308585e-06,0.10166879401126286,0.898327977232546,10,20,20
13,898,1.6474023997194361e-12,2.8872241887710005e-06,0.09998038811168802,0.9000167246624755,10,20,20
13,899,1.6405029281728332e-12,2.888019457072599e-06,0.1006877410886631,0.8993093708902393,10,20,20
13,900,1.6651359929231876e-12,2.887226905362828e-06,0.10184980395210508,0.8981473088193244,10,20,20
13,901,1.6431580993329343e-12,2.88723231847023e-06,0.10098566931954914,0.8990114434464893,10,20,20
13,902,2.4676981722272143e-13,0.00021169899956145627,0.10077202288971661,0.899016278110475,10,20,20
13,903,2.4686250857660587e-13,0.00021169973731456133,0.10336854249667712,0.8964197577657611,10,20,20
13,904,2.54932593800004e-13,0.00021169900012632777,0.10077211038860814,0.8990161906110107,10,20,20
13,905,2.4831988622330325e-13,0.00021169899928994844,0.10077002302269578,0.899018277977766,10,20,20
13,906,1.8868086685247665e-07,0.016581680290640388,0.08709728938661807,0.8963208416418746,10,20,20
13,907,1.886808687578187e-07,0.016581682460360056,0.1282035662774875,0.8552145625812836,10,20,20
13,908,1.8868086876911914e-07,0.01658181895275462,0.17262927320925395,0.8107887191571226,10,20,20
13,909,1.8868086544081787e-07,0.016581681341027853,0.08581524098848382,0.8976028889896227,10,20,20
13,910,7.353612801891145e-10,3.2600577261613523e-06,0.10233851190744189,0.8976582272994706,10,20,20
13,911,7.353612381456809e-10,3.2590034747138554e-06,0.10163137855209103,0.8983653617090731,10,20,20
13,912,2.352633689619644e-13,8.242168660121246e-06,0.15950316523101388,0.8404885926000905,10,20,20
13,913,4.63698613112895e-06,0.0008066603546397431,0.09923007551244264,0.8999586271467864,10,20,20
13,914,4.636986131132557e-06,0.0008066603566250603,0.0993321973426204,0.8998565053146234,10,20,20
13,915,5.747106131246054e-12,0.01288704942280896,0.08931623763338845,0.8977967129380554,10,20,20
13,916,1.8285857744162577e-11,1.2597370088645585e-06,0.10130214937178823,0.898696590872917,10,20,20
13,917,8.960336586741244e-12,3.850219084016598e-08,0.1476644874654449,0.8523354740234037,10,20,20
13,918,3.74355364780892e-05,2.1241786901386865e-10,0.10316560001941728,0.8967969642316864,10,20,20
13,919,3.7435536478148414e-05,2.1620423610475046e-10,0.09819115871374236,0.9017714055335752,10,20,20
13,920,0.05847365975354176,2.8070563234536163e-05,0.041682764544243515,0.89981550513898,10,20,20
13,921,2.666335220097733e-07,1.2018308190097834e-05,0.10057149025972667,0.8994162247985613,10,20,20
13,922,1.2993906514856708e-11,1.921344719842977e-06,0.14893300829726291,0.8510650703450231,10,20,20
13,923,6.525915124286257e-13,1.4119179811446079e-05,0.10233676827353629,0.8976491125459993,10,20,20
13,924,7.557415480337397e-16,1.411917768249281e-05,0.10134787917344554,0.8986380016488713,10,20,20
13,925,6.100218965510991e-14,0.00012581084751376275,0.16311630329871887,0.836757885853706,10,20,20
13,926,4.093564700539007e-06,2.1174491861370915e-08,0.10190454343049293,0.8980913418303148,10,20,20
13,927,0.030911778637762566,2.1840054676575385e-12,0.06914076620855861,0.8999474551514949,10,20,20
13,928,1.1729086766258478e-06,3.949880877304153e-08,0.10103088882800973,0.8989678987645044,10,20,20
13,929,2.890310718684545e-13,1.9990565370202366e-05,0.10012547497738274,0.8998545344569576,10,20,20
13,930,0.011021473803353738,1.3523782824015295e-07,0.11843217780533824,0.8705462131534798,10,20,20
13,931,3.974576175879996e-15,5.519408646826979e-11,0.1294734753011013,0.8705265246437006,10,20,20
13,932,4.345862782015703e-14,8.362936832580045e-06,0.1322550187094508,0.8677366183536728,10,20,20
13,933,1.1129187802966502e-11,5.6240874957912726e-11,0.1010929338406404,0.8989070660919893,10,20,20
13,934,1.2053419765565806e-14,6.674516694780569e-05,0.10144527613232965,0.8984879787007106,10,20,20
13,935,3.0650117004862483e-07,8.023003112576973e-08,0.19654304178967635,0.8034565714791226,10,20,20
13,936,7.528203823051965e-12,3.0569115998586675e-06,0.2003942657901545,0.7996026772907171,10,20,20
13,937,1.1098548233566742e-11,5.291031584812722e-05,0.20105362850315361,0.7988934611698992,10,20,20
13,938,1.416417536185929e-13,0.09652573523000535,0.037556156958335384,0.8659181078115173,10,20,20
13,939,4.325429954400898e-13,0.09652568835963678,0.009060374307610752,0.89441393733232,10,20,20
13,940,4.3216904587553855e-13,0.09993711882058617,0.0016535726672804233,0.8984093085117012,10,20,20
13,941,2.6140280564719055e-17,0.0998542145632759,0.022438276735628815,0.8777075087010952,10,20,20
13,942,1.3320490925112063e-05,0.10006896338245877,0.09473896177893579,0.80517875434768,10,20,20
13,943,1.3320491416847811e-05,0.0953425680536453,0.10190576418343347,0.8027383472715048,10,20,20
13,944,1.332049103178976e-05,0.10007039602469181,0.0942548270093387,0.8056614564749376,10,20,20
13,945,3.8225476440732495e-09,0.0031680004022441887,0.19655294868851508,0.8002790470866928,10,20,20
13,946,2.3141942194346428e-09,2.3613415795989167e-05,0.19973779791457863,0.8002385863554309,10,20,20
13,947,2.3141173763375447e-09,2.3613416084549416e-05,0.1997386706225392,0.8002377136472589,10,20,20
13,948,2.134928269964705e-07,0.007995917998667345,0.2895764239216504,0.7024274445868552,10,20,20
13,949,5.910018357764812e-10,3.0076276699818388e-06,0.2975286292743504,0.7024683625069768,10,20,20
13,950,0.009741969767896,7.726348909390585e-05,0.2901918789820416,0.6999888877609681,10,20,20
13,951,5.176380816780562e-08,2.454767825713885e-05,0.3000195609956646,0.6999558395622691,10,20,20
13,952,5.1764300254295896e-08,0.07691407130300768,0.3813129519836536,0.5417729249490378,10,20,20
13,953,3.142314007382756e-07,0.17702117634253592,0.2980121592579926,0.5249663501680708,10,20,20
13,954,3.143359897417883e-07,0.17703125755549015,0.21831455721716275,0.6046538708913574,10,20,20
13,955,3.1433539971861934e-07,0.2002649187483906,0.1962090566757086,0.6035257102405011,10,20,20
13,956,8.478536761796169e-05,0.14648784979108778,0.2547470168802277,0.5986803479610666,10,20,20
13,957,8.477992064976375e-05,0.20061230435836888,0.19940231212633847,0.599900603594643,10,20,20
13,958,3.2233883977426815e-05,0.19931025717937748,0.2989268925701615,0.501730616366483,10,20,20
13,959,3.242153576788304e-05,0.19931021182883096,0.3128149477718128,0.4878424188635878,10,20,20
13,960,0.099369212909557,0.19965226242010448,0.10104225529033076,0.5999362693800079,10,20,20
13,961,8.410689171869163e-05,0.005743485780858506,0.39413777244181525,0.6000346348856067,10,20,20
13,962,0.00265045247827209,0.0010285796477396544,0.461633603189307,0.534687364684679,10,20,20
13,963,5.1878634570350165e-05,1.7315078090163218e-05,0.45730381649930124,0.5426269897880373,10,20,20
13,964,0.00034735164223377167,0.00010925310504205858,0.4677112933825576,0.5318321018701653,10,20,20
13,965,0.0002954787086587965,9.0275020948146e-06,0.5302144443004373,0.46948104948880787,10,20,20
13,966,0.0002954787084143757,0.1339893996286027,0.26575169041114727,0.5999634312518355,10,20,20
13,967,1.709948097320549e-10,0.0030314186893322347,0.39841341481127557,0.5985551663283967,10,20,20
13,968,0.008121147008369625,0.00026436124458050424,0.39262233034937377,0.5989921613976781,10,20,20
13,969,0.012398567956624109,0.003777306679532525,0.3854629957984621,0.5983611295653819,10,20,20
13,970,0.004336227704081101,6.436824903231833e-05,0.39580769651976555,0.5997917075271207,10,20,20
13,971,0.009769949676219773,5.026763760620004e-09,0.3903307937801096,0.5998992515169068,10,20,20
13,972,0.00978227415061355,9.094595485396627e-09,0.29365663378244233,0.6965610829723484,10,20,20
13,973,7.099483576250523e-05,5.294781968112578e-05,0.25859351247905277,0.7412825448655027,10,20,20
13,974,5.425274050214087e-07,6.100624963596481e-05,0.20152473413574562,0.7984137170872133,10,20,20
13,975,8.179502725021431e-07,0.0014080117751663125,0.19677166945617813,0.8018195008183827,10,20,20
13,976,0.00045697444032035035,5.658077835604537e-06,0.17428570276687644,0.8252516647149672,10,20,20
13,977,8.817078466644225e-05,8.256981893026413e-05,0.1034807049365752,0.8963485544598282,10,20,20
13,978,4.5868710352864506e-11,0.000898799653668691,0.10521351225625446,0.8938876880442083,10,20,20
13,979,4.3503817973503426e-11,9.540113919371897e-07,0.11883736273273837,0.881161683212366,10,20,20
13,980,4.3521036393457136e-11,9.540122812248922e-07,0.15628506355641986,0.8437139823877777,10,20,20
13,981,4.350304772988656e-11,9.540257558891614e-07,0.13694679878921878,0.8630522471415223,10,20,20
13,982,2.1312425976324306e-12,0.06578859609027359,0.0711180355526588,0.8630933683549366,10,20,20
13,983,4.586991379222381e-16,0.09998201432103228,0.041173567704832846,0.8588444179741345,10,20,20
13,984,1.1323478916672603e-12,0.09995995360031844,0.0030765999632864126,0.896963446435263,10,20,20
13,985,7.646246379709176e-16,0.09995995360126282,0.0025515645545228197,0.8974884818442137,10,20,20
13,986,7.709680158585385e-12,0.09797602191891827,0.028998820161625465,0.8730251579117464,10,20,20
13,987,8.316153354604067e-17,0.09999999589870441,0.005093984907346433,0.894906019193949,10,20,20
13,988,1.6316579126065915e-12,0.09097844703638575,0.06379721215863449,0.8452243408033484,10,20,20
13,989,8.706480347182273e-14,0.09627057832794547,0.10525002386676285,0.798479397805204,10,20,20
13,990,1.5849077819482488e-13,0.09993673221034009,0.05051142937825838,0.8495518384112429,10,20,20
13,991,4.464732136483662e-17,0.09999411426427143,0.0007642961991065701,0.8992415895366219,10,20,20
13,992,1.647804384568774e-17,0.0010437351855837834,0.10013563430522346,0.8988206305091927,10,20,20
13,993,5.501952563481679e-19,0.0010437351855720027,0.09898774061938569,0.8999685241950421,10,20,20
13,994,2.55874451730901e-12,1.255598196758949e-06,0.10429199021860605,0.8957067541806388,10,20,20
13,995,7.422245382856524e-09,4.504848047766334e-06,0.10008168056148681,0.8999138071682203,10,20,20
13,996,7.4222455251794844e-09,4.505697947715562e-06,0.10452655217113678,0.8954689347086704,10,20,20
13,997,0.0003066680653824055,7.712319194513695e-07,0.10408115361752013,0.8956114070851783,10,20,20
13,998,3.3023137575535593e-12,4.381406053377944e-07,0.10231393740167569,0.8976856244544166,10,20,20
13,999,1.0638102980483471e-13,9.723100416921394e-06,0.1009691057634817,0.8990211711359949,10,20,20
13,1000,2.0163108004659394e-13,9.723100034421113e-06,0.10004099809436431,0.8999492788053995,10,20,20
13,1001,1.0522408248890162e-13,9.72310226980973e-06,0.10423851897688015,0.8957517579207448,10,20,20
13,1002,1.0983665396046873e-13,9.723151501759825e-06,0.10016681658461275,0.8998234602637755,10,20,20
13,1003,2.2858489498760303e-10,3.529296396911353e-05,0.1682199126952851,0.8317447941121608,10,20,20
13,1004,2.2884629551197913e-10,3.5219257026990155e-05,0.10469401644674003,0.8952707640673866,10,20,20
13,1005,4.478544747693406e-13,3.2053080818486514e-07,0.1064780864946352,0.8935215929741085,10,20,20
13,1006,1.1283021332440046e-09,0.021516654150760577,0.08413951570493101,0.894343829016006,10,20,20
13,1007,1.1291708821155354e-09,0.021516654423197553,0.08516518799273164,0.8933181564548995,10,20,20
13,1008,1.1283048117995706e-09,0.02151737630222281,0.08657803059199667,0.8919045919774755,10,20,20
13,1009,2.2311999138030807e-15,7.665777321165104e-09,0.10005663355658696,0.8999433587776335,10,20,20
13,1010,6.038536011475634e-14,7.242981235841368e-09,0.10043844473552832,0.89956154802143,10,20,20
13,1011,2.555072211515855e-15,7.243200041727586e-09,0.10022307231381648,0.8997769204429809,10,20,20
13,1012,3.9731700948209894e-13,7.246075019632722e-09,0.1001350535149877,0.89986493923854,10,20,20
13,1013,3.9558476141561725e-13,0.0911780469530261,0.008883054720426633,0.8999388983261516,10,20,20
13,1014,4.079604226100454e-15,0.09117804706700985,0.00901892427084104,0.8998030286621448,10,20,20
13,1015,3.216140709102779e-15,0.09999958154844049,0.04900535199365966,0.8509950664578966,10,20,20
13,1016,3.332574521349292e-15,0.09999958154946778,0.047065678452841334,0.8529347399976877,10,20,20
13,1017,3.4600193199097e-15,0.09985068888438751,0.0002475498683173041,0.8999017612472919,10,20,20
13,1018,1.5314758898168014e-15,0.0999987531935047,6.578134313475271e-05,0.899935465463359,10,20,20
13,1019,8.26077695360663e-12,0.09999486816616401,0.0044064222076019045,0.8955987096179735,10,20,20
13,1020,3.1678526930613445e-12,0.0006909647251440007,0.10361470496045577,0.8956943303112324,10,20,20
13,1021,1.1519659724058149e-11,0.0006909464650993952,0.0990896606877835,0.9002193928355977,10,20,20
13,1022,1.033265970720491e-09,0.0033004993558581283,0.08972685690824171,0.9069726427026341,10,20,20
13,1023,6.676203540308103e-13,1.572924433459417e-10,0.00024500401031671726,0.9997549958317229,10,20,20
13,1024,1.2786662276141212e-11,4.427785212816029e-09,0.041112256821844495,0.9588877387375835,10,20,20
13,1025,7.58824444513695e-16,1.9207204310938607e-12,0.001038446860974527,0.998961553137104,10,20,20
13,1026,2.156179174359132e-10,2.873869874205353e-11,0.003687677030191603,0.9963123227254517,10,20,20
13,1027,1.473928401564115e-13,2.6660314475107905e-11,0.066629402968015,0.9333705970051771,10,20,20
13,1028,8.989745227989644e-20,8.302337601794868e-11,0.003989130581965326,0.9960108693350109,10,20,20
13,1029,2.8016327020418674e-17,5.2861024767594e-13,2.22380192374231e-05,0.9999777619802339,10,20,20
13,1030,9.272691344455851e-17,4.902367068800358e-13,3.0251468860170346e-05,0.9999697485306493,10,20,20
13,1031,9.374352121604901e-17,6.400554172656877e-13,9.572465489064201e-05,0.9999042753444691,10,20,20
13,1032,5.774482916112472e-16,4.9322882730901346e-11,0.05668108900721115,0.9433189109434654,10,20,20
13,1033,4.997175848257129e-16,3.621268437057729e-10,0.0007769597202232786,0.9992230399176494,10,20,20
13,1034,4.587857429296403e-16,4.835790902898395e-11,0.00022599738489362587,0.9997740025667481,10,20,20
13,1035,4.53026918862158e-16,4.527826342019089e-11,0.00010745087155463603,0.9998925490831667,10,20,20
13,1036,1.3425799931939542e-10,1.3913578592107896e-10,0.0018245768578402624,0.9981754228687661,10,20,20
13,1037,7.125713301608309e-14,8.313371423314664e-10,0.06553305495750052,0.9344669442110911,10,20,20
13,1038,2.7315594288653402e-15,8.30001536254592e-10,0.0655454422650148,0.9344545569049808,10,20,20
13,1039,2.7484339141847312e-15,9.100738293725358e-10,0.0690842200689952,0.9309157790209281,10,20,20
13,1040,1.733418562503309e-16,3.7290403298505746e-09,0.006345835126612904,0.9936541611443467,10,20,20
13,1041,1.2861118647270065e-17,1.1761014845683777e-10,0.0012292540245679767,0.9987707458578216,10,20,20
13,1042,3.553473864859258e-17,1.1759770652242054e-10,0.0021881772830742883,0.9978118225993278,10,20,20
13,1043,6.912783113078439e-16,3.53948404723422e-11,0.00027740546746341324,0.999722594497141,10,20,20
13,1044,3.5441997023792825e-15,1.8020288738948318e-08,0.005359258372301988,0.9946407236074059,10,20,20
13,1045,6.29723426269016e-16,1.2852830286889728e-12,0.0002257843812585828,0.9997742156174553,10,20,20
13,1046,9.990936182830852e-16,7.519819146654613e-08,0.066196762115497,0.9338031626863105,10,20,20
13,1047,5.610573936883659e-15,4.534962782803584e-13,0.00020219578705503522,0.9997978042124858,10,20,20
13,1048,6.289354174323787e-15,1.7532335922361623e-10,0.04577936970966444,0.9542206301150058,10,20,20
13,1049,5.393944261260021e-15,7.178163562462169e-11,0.03342165124674176,0.9665783486814711,10,20,20
13,1050,2.5797062231376637e-16,1.7125175617187944e-11,0.032653540227371866,0.9673464597555027,10,20,20
13,1051,1.8884344936603176e-16,1.888687836726734e-11,0.002431337423364392,0.9975686625577488,10,20,20
13,1052,4.5257930429386165e-15,1.7302569580655365e-11,0.049845866017707637,0.9501541339649853,10,20,20
13,1053,4.883741739243028e-15,1.6881020774559183e-11,0.04940653180034828,0.9505934681827657,10,20,20
13,1054,3.0418667891320884e-16,1.6009568786683133e-12,0.09984306725263711,0.9001569327457615,10,20,20
13,1055,9.328375809739768e-15,4.036692530844642e-11,0.06314023713600667,0.936859762823617,10,20,20
13,1056,1.219594702107645e-11,0.0013121943350492976,0.04427246060152634,0.9544153450512283,10,20,20
13,1057,8.446962976783905e-15,5.503364139188883e-11,0.00016948106773995275,0.9998305188772181,10,20,20
13,1058,7.486822107128096e-15,8.709757819417426e-13,2.6429633099016683e-05,0.9999735703660224,10,20,20
13,1059,3.6412221133415187e-16,7.0432914973530634e-09,0.005220671378172613,0.9947793215785351,10,20,20
13,1060,4.706865270209641e-15,5.262538856981032e-08,0.1358773986065161,0.8641225487680906,10,20,20
13,1061,4.934912751063258e-11,6.601480318292751e-05,0.14196823260464614,0.8579657525428214,10,20,20
13,1062,3.571164087776402e-05,0.0001184920040552053,0.15231411258894328,0.8475316837661234,10,20,20
13,1063,3.571164087776827e-05,0.00011849189811991533,0.09986247982482306,0.899983316636179,10,20,20
13,1064,3.571164087777603e-05,0.00011849191162489028,0.09992411836823238,0.8999216780792649,10,20,20
13,1065,8.17290212319557e-09,2.7241332098818406e-08,0.11362668958322138,0.8863732750025444,10,20,20
13,1066,1.2193181750584802e-13,6.044508928665308e-08,0.09469470035383724,0.9053052392009514,10,20,20
13,1067,2.2409567619126132e-12,6.308333406586799e-08,0.14714689981612689,0.852853037098298,10,20,20
13,1068,1.2458689418914551e-13,6.306002445165197e-08,0.09778857214390865,0.9022113647959424,10,20,20
13,1069,0.00012943272657312273,3.835353880280945e-09,0.10333565842270284,0.8965349050153699,10,20,20
13,1070,0.0002798128167477211,3.4521372834312973e-05,0.10129079473625188,0.898394871074166,10,20,20
13,1071,3.1639530819523033e-13,1.5203745262397517e-11,0.10020055424869805,0.8997994457357816,10,20,20
13,1072,3.1760551127213937e-13,1.5207104601046555e-11,0.10009963363185495,0.8999003663526202,10,20,20
13,1073,3.333887013827759e-13,0.02630901094992145,0.2146559303454179,0.7590350587043273,10,20,20
13,1074,1.8516457655814685e-11,0.09204049692375756,0.14971978030068403,0.7582397227570421,10,20,20
13,1075,1.8185029773976727e-11,0.09999235888809871,0.10248232997003034,0.7975253111236855,10,20,20
13,1076,1.0435631881283628e-13,0.09999235817018284,0.09911314916295098,0.8008944926667617,10,20,20
13,1077,1.6460713137374363e-13,0.0999923884317381,0.16235983285815087,0.7376477787099464,10,20,20
13,1078,1.6276589179439794e-13,0.09999235820771286,0.100080593841173,0.7999270479509514,10,20,20
13,1079,3.314345396171557e-13,0.10054822190700088,0.10183830602210213,0.7976134720705652,10,20,20
13,1080,1.4215239237176465e-07,0.10000846968392196,0.09903408676536517,0.8009573013983203,10,20,20
13,1081,1.421524205128551e-07,0.09998642140084574,0.1637243492918084,0.7362890871549254,10,20,20
13,1082,0.0009767338246160274,0.09998592607093829,0.10189751176531925,0.7971398283391268,10,20,20
13,1083,0.0009767338246152795,0.09999983182169937,0.1007771239756033,0.7982463103780821,10,20,20
13,1084,0.00025116676588837446,0.07675226986128583,0.09540129972624006,0.8275952636465856,10,20,20
13,1085,4.937074488737126e-13,0.09973370350312924,0.002070590983144109,0.8981957055132328,10,20,20
13,1086,4.677584486255142e-16,0.09993374375519648,0.003932143123660914,0.8961341131211421,10,20,20
13,1087,2.7067110170069876e-18,0.09968755461752779,0.004828832779705251,0.8954836126027669,10,20,20
13,1088,8.264300398090694e-14,0.03948535333768648,0.06359079833917478,0.896923848323056,10,20,20
13,1089,8.07771828122147e-14,0.03948527220639465,0.06471082456517539,0.8958039032283491,10,20,20
13,1090,4.6052814116505385e-11,2.140751987503947e-09,0.10273712719904157,0.8972628706141533,10,20,20
13,1091,1.458080801681573e-08,1.3960224640894767e-07,0.1463658403650097,0.853634005451936,10,20,20
13,1092,2.8039432176102173e-12,4.7927429234638354e-08,0.1960342063468908,0.8039657457228759,10,20,20
13,1093,0.00013001943186544945,3.1602788251259505e-05,0.1999555761891614,0.799882801590722,10,20,20
13,1094,0.0001300602878090532,6.1517615372556945e-06,0.19995718733168089,0.7999066006189727,10,20,20
13,1095,0.00013006028780905966,6.1527623077587174e-06,0.23745658647088214,0.7624072004790008,10,20,20
13,1096,6.338937661893169e-06,5.597924318500014e-06,0.20004415535641834,0.7999439077816011,10,20,20
13,1097,7.792372031943857e-06,6.165932298379833e-06,0.25875989767715957,0.74122614401851,10,20,20
13,1098,0.0006408330307002483,7.853876567215317e-05,0.19928263568269566,0.7999979925209317,10,20,20
13,1099,2.1926507862207304e-08,2.491646872726118e-06,0.19449159724285664,0.8055058891837626,10,20,20
13,1100,2.192646545260124e-08,2.4916029034959285e-06,0.15435136387260479,0.8456461225980265,10,20,20
13,1101,1.9073327409589689e-06,0.04433926499701234,0.11007927871232845,0.8455795489579181,10,20,20
13,1102,3.4643455677554647e-15,0.0999998181478906,0.0003074966377101682,0.8996926852143956,10,20,20
13,1103,1.002010817050872e-15,0.09969019287293865,0.03088095037570319,0.8694288567513573,10,20,20
13,1104,1.2072764021015853e-16,0.09999994820022937,0.00012113185529396388,0.8998789199444767,10,20,20
13,1105,7.516601380191081e-14,0.09534917231629716,0.00810787715095177,0.8965429505326761,10,20,20
13,1106,1.4909602208640433e-15,0.09534917231628195,0.007103215657486023,0.8975476120262306,10,20,20
13,1107,1.5557733774318384e-14,0.09534917225928266,0.007647246713688658,0.8970035810270133,10,20,20
13,1108,8.104852415483645e-16,0.0953491722594006,0.006992822346835392,0.8976580053937628,10,20,20
13,1109,1.63812339099718e-14,0.09953387179436313,0.0005197755303760409,0.8999463526752445,10,20,20
13,1110,8.400731817894978e-14,0.09967118586204825,0.0016217270106568642,0.8987070871272109,10,20,20
13,1111,8.361269429017248e-14,0.09999922831788743,0.0012645016079279113,0.898736270074101,10,20,20
13,1112,6.726152222334101e-15,0.09998526209667295,0.0011696824389811219,0.8988450554643392,10,20,20
13,1113,4.347010230061937e-15,0.09963943544743184,0.0004922357094377326,0.8998683288431261,10,20,20
13,1114,6.09588346583041e-13,0.0998938967018226,0.0010618567159104094,0.8990442465816576,10,20,20
13,1115,1.949680100565519e-11,0.0999996284468133,0.0013666232114353583,0.8986337483222544,10,20,20
13,1116,2.171340382641989e-15,0.09998720183462767,0.0007965393417323675,0.8992162588236379,10,20,20
13,1117,1.6583672150257698e-13,0.09998722040209894,0.1581577694776417,0.7418550101200936,10,20,20
13,1118,3.636685750981068e-13,0.10020100501216064,0.18429523958617747,0.7155037554012978,10,20,20
13,1119,2.426255397144918e-10,0.09994968024039598,0.10017946743333964,0.799870852083639,10,20,20
13,1120,1.7093673989749068e-13,0.043847891181225125,0.20455623491880615,0.7515958738997972,10,20,20
13,1121,3.3142361859015654e-15,0.10000988704263987,0.10191175784669279,0.7980783551106638,10,20,20
13,1122,2.7879359427263054e-13,0.10013881659184005,0.1078304518211702,0.792030731586711,10,20,20
13,1123,4.402402720307162e-15,0.1993630633526034,0.0007225014786771359,0.7999144351687149,10,20,20
13,1124,2.128234794627977e-13,0.19965436941782286,0.00042080354172560185,0.7999248270402386,10,20,20
13,1125,3.475572041748282e-13,0.19949417201571845,0.0009905211113901153,0.7995153068725437,10,20,20
13,1126,0.0005350189294466035,5.0853191054480676e-05,0.19949348288954744,0.7999206449899511,10,20,20
13,1127,0.018040713297544746,0.0007308399798857835,0.18102696748704264,0.8002014792355266,10,20,20
13,1128,2.4315653687944537e-06,0.00017752507515286526,0.20102460525914712,0.7987954381003309,10,20,20
13,1129,7.042066669907311e-08,1.2733171584926556e-10,0.20021320415040705,0.7997867253015934,10,20,20
13,1130,2.7744614853261408e-05,0.004780478914707456,0.19521371346586477,0.7999780630045745,10,20,20
13,1131,0.003401195014017563,0.004780575828449554,0.19195309302664504,0.7998651361308873,10,20,20
13,1132,0.003401195014013382,0.004783759656151863,0.19519669307645088,0.7966183522533836,10,20,20
13,1133,0.06669288416450812,4.8160724435937206e-06,0.13786530427306676,0.7954369954899817,10,20,20
13,1134,0.06669288429409806,0.006652800317255768,0.15458874512721804,0.7720655702614284,10,20,20
13,1135,0.06669288429409251,0.006652800316434183,0.1400450581866986,0.7866092572027749,10,20,20
13,1136,0.09141086274269809,0.006652406818203815,0.11788901141623116,0.7840477190228672,10,20,20
13,1137,0.001460305627058931,5.383647692416421e-06,0.19984347410139722,0.7986908366238518,10,20,20
13,1138,0.00023330484738395685,0.015428217241575056,0.18593136357075782,0.7984071143402833,10,20,20
13,1139,1.3624025743211498e-08,0.01542817514675655,0.18695879863867762,0.7976130125905396,10,20,20
13,1140,1.3624048465337156e-08,0.01542817514884722,0.212152728867746,0.7724190823593575,10,20,20
13,1141,6.072202683650706e-06,0.00011414924354513085,0.22772020555016562,0.7721595730036054,10,20,20
13,1142,1.6231875689425704e-06,9.112145896863066e-06,0.22717772293346367,0.7728115417330702,10,20,20
13,1143,1.6231876696664068e-06,9.112171295318316e-06,0.2027932815965367,0.7971959830444986,10,20,20
13,1144,1.6231875459143505e-06,0.03378020269423992,0.1663121890168563,0.7999059851013576,10,20,20
13,1145,5.536086526401958e-09,0.0017655914746872764,0.20258506130491005,0.7956493416843159,10,20,20
13,1146,5.096359682017962e-09,0.0017803351530840626,0.19825898689123583,0.7999606728593202,10,20,20
13,1147,2.0416991089084027e-05,3.7338344686334265e-05,0.2000137707572387,0.7999284739069857,10,20,20
13,1148,3.320991407099024e-06,3.733647320231705e-05,0.20005287268389046,0.7999064698514997,10,20,20
13,1149,3.320903740331031e-06,1.6393144048518848e-05,0.20009410619609444,0.7998861797561168,10,20,20
13,1150,3.227165531162024e-13,0.001408911811715921,0.20085282396127577,0.7977382642266851,10,20,20
13,1151,0.014259966101506727,7.821058559568356e-07,0.26010927344389656,0.7256299783487407,10,20,20
13,1152,0.01425996606574324,7.822603632305698e-07,0.19004596639683907,0.7956932852770545,10,20,20
13,1153,0.014259966468199057,1.4464419457115416e-05,0.24205476280096155,0.743670806311382,10,20,20
13,1154,0.014259966065708632,1.4464447189799272e-05,0.2396633818373116,0.7460621876497899,10,20,20
13,1155,0.014259966066706636,7.818531207620628e-07,0.18875499259231893,0.7969842594878535,10,20,20
13,1156,1.5704315236515515e-08,9.145692729044717e-05,0.198390359786639,0.8015181675817553,10,20,20
13,1157,1.2911170174395407e-08,0.0002681308729754944,0.1949157175035118,0.8048161387123418,10,20,20
13,1158,5.527245581487662e-13,1.921993211652683e-06,0.2001378015659936,0.7998602764402414,10,20,20
13,1159,2.688355261372999e-05,0.02176845489823636,0.15202696778504865,0.8261776937641008,10,20,20
13,1160,2.68835525926407e-05,2.6404346844329353e-05,0.11704550963005937,0.8829012024705032,10,20,20
13,1161,0.004479446587538566,8.471980774469195e-09,0.16238545790745806,0.8331350870330224,10,20,20
13,1162,4.6053160373878905e-05,7.704219481040708e-07,0.10002606328621748,0.8999271131314608,10,20,20
13,1163,4.6053160306309935e-05,7.696663646800512e-07,0.10407841660132407,0.8958747605720049,10,20,20
13,1164,1.1881155332642663e-14,0.09938341959165307,0.02813907220611416,0.8724775082022209,10,20,20
13,1165,1.1019735433023165e-09,0.09948773316384585,0.1190541257996506,0.7814581399345302,10,20,20
13,1166,1.101989618783647e-09,0.09998834788831268,0.09110509053672323,0.8089065604729747,10,20,20
13,1167,1.1019733767340292e-09,0.0999883478882987,0.09712310250688735,0.8028885485028404,10,20,20
13,1168,1.7892153323263565e-14,0.09956005253507903,0.10665378911577776,0.793786158349125,10,20,20
13,1169,6.959982200871632e-08,0.09956340172338811,0.1015473573450734,0.7988891713317164,10,20,20
13,1170,3.059236714280053e-05,0.10002313025667713,0.1004462449707868,0.7995000324053934,10,20,20
13,1171,1.4452292240723684e-05,0.07829852181453603,0.12364562911624684,0.7980413967769764,10,20,20
13,1172,1.256534212135314e-06,0.07830551808078598,0.1911191882957048,0.7305740370892974,10,20,20
13,1173,3.9599219542193484e-13,0.09999304988516654,0.10161574396044541,0.7983912061539918,10,20,20
13,1174,0.0030835314299521963,0.09999307338760104,0.10064979578459003,0.7962735993978567,10,20,20
13,1175,2.4523273909258966e-07,0.0998161276050396,0.14366779180362801,0.7565158353585932,10,20,20
13,1176,3.811422631490593e-12,0.11848737448615418,0.08160882844105159,0.7999037970689828,10,20,20
13,1177,4.136766699708613e-12,0.1282841785151632,0.07265869450415766,0.7990571269765425,10,20,20
13,1178,3.255785134287831e-13,0.10004012354773392,0.10563086709064091,0.7943290093612994,10,20,20
13,1179,7.403159741200464e-12,0.0999999555459708,0.10550587758477162,0.7944941668618544,10,20,20
13,1180,1.8705417155224575e-11,0.10000063003843988,0.10366737817665843,0.796331991766196,10,20,20
13,1181,7.278443787750355e-14,0.1153770810138963,0.15614806107959378,0.7284748579064368,10,20,20
13,1182,1.089521146522926e-06,0.020598385660829766,0.1795071107987998,0.7998934140192242,10,20,20
13,1183,4.260907030136814e-08,0.030788386407823935,0.20379711207795292,0.7654144589051524,10,20,20
13,1184,3.9408013430290625e-05,6.301452160239085e-05,0.29617750526917697,0.70372007219579,10,20,20
13,1185,3.9402618661332605e-05,6.292773377451324e-05,0.25627548445203213,0.7436221851955318,10,20,20
13,1186,2.6968362949265945e-05,6.224187554032174e-05,0.2011426427636204,0.79876814699789,10,20,20
13,1187,0.0017978691768723333,0.0005293604057803012,0.20028927648666092,0.7973834939306859,10,20,20
13,1188,0.0017978839681133015,0.000946196101130975,0.20187136462723623,0.7953845553035186,10,20,20
13,1189,0.0017983775383178628,0.0005293540571541601,0.19931236013093626,0.7983599082735908,10,20,20
13,1190,0.001257819408089432,9.992656733204792e-06,0.20036788514053455,0.7983643027946417,10,20,20
13,1191,0.0012560179063827825,1.7292319353233707e-05,0.19974297862919096,0.7989837111450717,10,20,20
13,1192,1.1618294078711841e-07,0.005658794574761425,0.19532413624816955,0.799016952994128,10,20,20
13,1193,7.344712012581962e-09,0.005659560431129023,0.19549238909483108,0.7988480431293279,10,20,20
13,1194,1.168039573574172e-10,8.088927454371679e-06,0.2019279224711799,0.7980639884845611,10,20,20
13,1195,2.383507547727748e-15,1.005603839395033e-07,0.2063072880176501,0.7936926114219631,10,20,20
13,1196,0.006578230466655485,7.44491699250342e-05,0.19945828030477708,0.7938890400586422,10,20,20
13,1197,4.223101852018119e-11,9.258532534197558e-09,0.2010864710819739,0.7989135196172626,10,20,20
13,1198,5.365097123004751e-11,9.037242004994615e-06,0.23264275773147686,0.7673482049728669,10,20,20
13,1199,4.399231182918854e-11,6.314973131090703e-07,0.23307272983647156,0.7669266386222228,10,20,20
13,1200,5.055264286144791e-06,0.002631212822918161,0.2464037854250872,0.7509599464877084,10,20,20
13,1201,5.055253528972438e-06,0.0026312094434436674,0.19852271752552095,0.7988410177775063,10,20,20
13,1202,4.485013318700082e-09,2.1779913408614466e-09,0.2018050063549003,0.7981949869820943,10,20,20
13,1203,1.319664419176788e-06,3.302928063277869e-08,0.20608097600448394,0.7939176713018161,10,20,20
13,1204,0.09984722674972313,0.004555142605218976,0.1005407121367625,0.7950569185082956,10,20,20
13,1205,0.09984722674972371,0.0045551426479502185,0.12724332531205995,0.7683543052902662,10,20,20
13,1206,0.01082175473102209,2.402509592848724e-06,0.19037533084522293,0.7988005119141621,10,20,20
13,1207,0.00017196456210047533,0.006057702008219567,0.19134580317686237,0.8024245302528179,10,20,20
13,1208,5.8551388758131524e-05,5.077789572982251e-06,0.19462504166131184,0.8053113291603567,10,20,20
13,1209,2.9692367749409733e-08,3.063613902104976e-10,0.20259589682262935,0.7974040731786414,10,20,20
13,1210,4.118919343440762e-07,3.177249135401639e-05,0.20279529694792484,0.7971725186687864,10,20,20
13,1211,4.1272607159916724e-07,3.177249604734439e-05,0.20002819165167826,0.799939623126203,10,20,20
13,1212,1.442287900465953e-08,4.884707046693466e-07,0.20286629437443526,0.797133202731981,10,20,20
13,1213,0.04059586258445392,1.70746929154028e-07,0.16489079863898998,0.7945131680296271,10,20,20
13,1214,1.4505975525763041e-08,8.3185657706886e-06,0.346944155044974,0.6530475118832795,10,20,20
13,1215,1.1448667226370413e-10,0.015981285519165812,0.33345193453588284,0.6505667798304638,10,20,20
13,1216,2.251536497587675e-10,0.015981283490252695,0.2681812251872857,0.7158374910973077,10,20,20
13,1217,2.535325672267469e-05,1.66040065024868e-07,0.2114983804542923,0.7884761002489193,10,20,20
13,1218,2.5353256739444713e-05,1.6605065696998264e-07,0.18474206818105127,0.8152324125115522,10,20,20
13,1219,2.514314081131232e-07,1.3291021025347687e-07,0.23662027971495186,0.7633793359434295,10,20,20
13,1220,2.5143240313863484e-07,2.743618045865785e-07,0.20952501421839012,0.7904744599874018,10,20,20
13,1221,5.474457235325281e-12,4.199202087136124e-07,0.20612845263608787,0.7938711274382282,10,20,20
13,1222,1.2793845583642193e-12,4.197884701286e-07,0.20151302745781927,0.7984865527524307,10,20,20
13,1223,0.0002467971384528001,3.2065529671213157e-07,0.1997448314305696,0.8000080507756804,10,20,20
13,1224,0.07651091899592039,7.487247028830598e-06,0.1239161095017443,0.7995654842553058,10,20,20
13,1225,0.00021728874130002014,0.000850973194376555,0.2031218741835917,0.7958098638807312,10,20,20
13,1226,1.6868385583896692e-08,0.00040685443427346794,0.18792588596446078,0.8116672427328797,10,20,20
13,1227,2.3776127433275582e-05,0.0004085598979425506,0.1859884134936379,0.8135792504809863,10,20,20
13,1228,5.33708803798589e-11,0.0004068619027993088,0.09658956068383744,0.9030035773599924,10,20,20
13,1229,0.00014465545338260705,1.0282179988621024e-08,0.14762167252711858,0.8522336617373188,10,20,20
13,1230,8.65620549333723e-06,2.731666060897971e-05,0.10094635974900897,0.8990176673848888,10,20,20
13,1231,3.79465119170843e-07,1.242118816199469e-07,0.0969846341631315,0.9030148621598677,10,20,20
13,1232,4.429341247493929e-10,0.0005797230051354705,0.11975499975553625,0.8796652767963942,10,20,20
13,1233,3.449566186461209e-09,2.094936202191724e-06,0.10282971501972682,0.8971681865945046,10,20,20
13,1234,6.003000026623519e-12,0.012842731713231692,0.08728148553345819,0.899875782747307,10,20,20
13,1235,6.0030237506485025e-12,0.012842731710063532,0.08734265326979607,0.8998146150141373,10,20,20
13,1236,0.004258855625239926,5.101588020292213e-10,0.08864635886866043,0.9070947849959407,10,20,20
13,1237,7.316979882395502e-07,0.045612537433557046,0.0765543727146375,0.8778323581538174,10,20,20
13,1238,7.316964425152653e-07,0.045612536249974585,0.05823662451503727,0.8961501075385454,10,20,20
13,1239,2.1993713169735614e-15,0.09999990719291349,0.03203867618779429,0.8679614166192898,10,20,20
13,1240,3.251352605062818e-16,0.09999988898370635,0.0011310509124005652,0.8988690601038927,10,20,20
13,1241,6.686973578946149e-16,0.0997337643227957,0.0014852238385605686,0.8987810118386432,10,20,20
13,1242,6.264449016294474e-16,0.09973376432280523,0.002245327787006906,0.8980209078901872,10,20,20
13,1243,4.696730989959337e-15,0.0010097874091571642,0.09905917236691185,0.8999310402239262,10,20,20
13,1244,1.2874561577988538e-15,3.232025115066176e-08,0.09280800531017752,0.9071919623695701,10,20,20
13,1245,9.543445111967752e-16,3.174125174038034e-08,0.13976912218281665,0.8602308460759309,10,20,20
13,1246,2.5979571950110197e-14,3.1643542281781546e-08,0.13013795532634478,0.8698620130300869,10,20,20
13,1247,1.6557692252168577e-12,6.195191833512796e-10,0.10257805067377897,0.8974219487050462,10,20,20
13,1248,1.6411932940957363e-12,5.170661561716178e-10,0.1399597511534295,0.8600402483278632,10,20,20
13,1249,1.0699823855693611e-11,6.998354876389081e-09,0.10378548453461925,0.8962145084563261,10,20,20
13,1250,1.0702099044746834e-11,6.9321804587477246e-09,0.0022625736860577843,0.9977374193710598,10,20,20
13,1251,1.0346830618620034e-11,4.950693338071136e-11,0.0038752386703465405,0.9961247612697995,10,20,20
13,1252,8.15010800009808e-14,7.810148158682136e-13,0.03931384967323458,0.9606861503259028,10,20,20
13,1253,1.9840048263305878e-14,6.760299694633853e-11,0.07151017572164822,0.9284898242107287,10,20,20
13,1254,4.340954263502762e-15,1.528129146887546e-10,0.0436907895996118,0.9563092102475709,10,20,20
13,1255,3.821787101170112e-15,6.865582495302816e-12,0.004258692454702116,0.9957413075384285,10,20,20
13,1256,7.687284982967714e-16,7.047159424791457e-12,0.004334765752239293,0.9956652342407128,10,20,20
13,1257,1.6734330572488487e-17,2.95702931538147e-13,0.0008771921710068506,0.9991228078286974,10,20,20
13,1258,1.0434115273292382e-11,5.101525275183625e-13,0.001178250113897792,0.9988217498751577,10,20,20
13,1259,5.440126095129605e-17,2.706462224726108e-12,6.569329714101317e-05,0.9999343067001524,10,20,20
13,1260,2.362756045294829e-13,1.4982255482481216e-06,0.05025958246510084,0.9497389193091145,10,20,20
13,1261,2.3627614727516026e-13,1.4982256326913203e-06,0.052598725365055374,0.9473997764090754,10,20,20
13,1262,8.399543767789631e-14,6.829461748730798e-11,0.0016115217983661354,0.9983884781332553,10,20,20
13,1263,8.645365840431678e-16,8.554603552267203e-11,0.008052713338284709,0.9919472865761684,10,20,20
13,1264,3.1298875926205025e-15,9.008469507786511e-11,0.00457645104878382,0.9954235488611284,10,20,20
13,1265,1.22852660483011e-15,8.684368003100741e-11,0.0021274336364760795,0.9978725662766788,10,20,20
13,1266,2.3486055682318987e-16,3.339150308321951e-10,0.0052978606173000875,0.9947021390487845,10,20,20
13,1267,2.064983822379978e-14,4.782050424630232e-10,0.038087642397130125,0.9619123571246442,10,20,20
13,1268,7.417654802967738e-14,6.067003912252392e-11,0.007659319521467334,0.9923406804177886,10,20,20
13,1269,1.170786456519939e-13,6.089900034520937e-11,0.006589520995739626,0.9934104789432444,10,20,20
13,1270,4.7772633782798207e-14,1.9613749819949533e-10,0.00446790431999297,0.9955320954838218,10,20,20
13,1271,4.770177017843528e-14,1.5444823333598495e-10,0.0992710082594503,0.9007289915860535,10,20,20
13,1272,4.800587272189805e-15,1.5338460426734476e-10,0.09985576454054759,0.9001442353060629,10,20,20
13,1273,2.6460924212601872e-14,1.75396344161627e-10,0.09968797922222898,0.9003120206023482,10,20,20
13,1274,5.145359603018115e-12,8.634411148249369e-09,0.16914527151264938,0.830854719847794,10,20,20
13,1275,1.6069144368115408e-12,1.9096430638987544e-07,0.2008105958532659,0.7991892131808209,10,20,20
13,1276,2.576557945755589e-11,0.049955371996034156,0.15168295935936943,0.7983616686188308,10,20,20
13,1277,3.728371824129157e-12,0.049955407302753774,0.14869779196216154,0.8013468007313561,10,20,20
13,1278,8.62399207886814e-12,0.0499553706842006,0.15046771089191097,0.7995769184152643,10,20,20
13,1279,3.7145341783120864e-12,0.04995537071992558,0.15497060176141617,0.7950740275149437,10,20,20
13,1280,5.404521924458155e-12,0.04996388232292532,0.1181273310556891,0.8319087866159809,10,20,20
13,1281,3.713972417378093e-12,0.04995537068055003,0.05330602212276655,0.8967386071929694,10,20,20
13,1282,4.534196250392507e-09,0.04996041024689497,0.150085478596166,0.7999541066227427,10,20,20
13,1283,4.53052331336756e-09,0.08456539741412653,0.1168689578016728,0.7985656402536774,10,20,20
13,1284,9.279772231359747e-14,6.971560207507993e-06,0.20142818212938768,0.7985648463103114,10,20,20
13,1285,1.1307469000076333e-09,0.0006629185652035897,0.19799036176128743,0.8013467185427616,10,20,20
13,1286,5.902846590718733e-05,0.0006613213126343136,0.19791093086022216,0.8013687193612362,10,20,20
13,1287,1.2101078454699409e-05,0.00014731382733510187,0.18365006620411925,0.8161905188900906,10,20,20
13,1288,0.0012471122992948603,6.200814621544479e-06,0.1981406037727434,0.80060608311334,10,20,20
13,1289,1.548117715129984e-06,3.997893910147202e-07,0.2001933203947704,0.7998047316981227,10,20,20
13,1290,0.001982559712963386,0.00030828906837950047,0.2155292968751407,0.7821798543435156,10,20,20
13,1291,0.0021860045334295666,0.0014339716388227393,0.21278583392285752,0.7835941899048895,10,20,20
13,1292,2.539638240121812e-07,1.7180438357090418e-05,0.20394807880033214,0.7960344867974867,10,20,20
13,1293,6.926105971981599e-07,2.1821459482850216e-06,0.23273252282211584,0.7672646024213388,10,20,20
13,1294,1.4465507153622086e-05,2.6357318347839854e-06,0.23515175833290586,0.7648311404281052,10,20,20
13,1295,1.3985817662109826e-05,6.156706962281964e-07,0.20287897015839823,0.7971064283532427,10,20,20
13,1296,8.3965554671756e-13,1.882896162872009e-05,0.2011611338534245,0.7988200371841064,10,20,20
13,1297,2.9807559754624145e-14,1.9971229790545336e-06,0.26235786030118236,0.7376401425758082,10,20,20
13,1298,2.428146199242949e-15,0.024924467182308195,0.23630901692925899,0.7387665158884302,10,20,20
13,1299,0.0018267689404909866,0.0007795591797837302,0.2593933796644694,0.7380002922152559,10,20,20
13,1300,0.0018267642906739142,0.09810662271644838,0.10484022819032748,0.79522638480255,10,20,20
13,1301,1.6249300333725005e-05,0.09810662318122107,0.10200822572344763,0.7998689017949973,10,20,20
13,1302,6.483091962954101e-11,0.17477139105760883,0.029924446699960017,0.7953041621776002,10,20,20
13,1303,3.534954925137337e-15,0.1996216909643725,0.0035022842272814983,0.7968760248083424,10,20,20
13,1304,1.4210361766477476e-15,0.19962172288756372,0.003195497569553448,0.7971827795428813,10,20,20
13,1305,2.9910184964919167e-10,0.19718993068648244,0.0039388962013420705,0.7988711728130735,10,20,20
13,1306,2.9589658307379757e-10,0.19994172911225627,0.00014309697803362541,0.7999151736138134,10,20,20
13,1307,2.0781281737813697e-18,0.19999425456254777,0.006790481764075246,0.7932152636733769,10,20,20
13,1308,2.439247443998947e-09,0.19995304400623584,0.007088955644662219,0.7929579979098544,10,20,20
13,1309,2.4429648223193185e-09,0.19999972409732394,0.007113426458129922,0.7928868470015813,10,20,20
13,1310,7.551357980918365e-17,0.1999957363879769,0.0002289765419513444,0.7997752870700715,10,20,20
13,1311,6.914498108943659e-16,0.12071715009587491,0.08058018318569149,0.798702666718433,10,20,20
13,1312,2.4177593682396427e-12,0.09885114847552198,0.09795254407897791,0.8031963074430823,10,20,20
13,1313,2.4189924582787897e-12,0.09975418968798477,0.09698766796244943,0.8032581423471468,10,20,20
13,1314,2.976883249722086e-12,0.09997253648026848,0.13492870592433734,0.7650987575924171,10,20,20
13,1315,4.298477582518674e-13,0.09997242423838296,0.1350597501994755,0.7649678255617112,10,20,20
13,1316,1.5962141039645932e-05,0.09958339250026034,0.10281094700149458,0.7975896983572052,10,20,20
13,1317,1.5962141037233935e-05,0.09118326834317608,0.11121118019912238,0.797589589316664,10,20,20
13,1318,0.0847357094624831,0.09845227825472193,0.08196068473732007,0.7348513275454744,10,20,20
13,1319,0.09800279619194995,0.09973720482305758,0.011391970479351131,0.7908680285056413,10,20,20
13,1320,0.0980027961904356,0.09999974719599602,0.048548380992528416,0.7534490756210398,10,20,20
13,1321,0.09800279619036566,0.09999974719142483,0.04430538053573973,0.7576920760824695,10,20,20
13,1322,0.024622128271308476,0.10001451710048012,0.16496976886622908,0.7103935857619822,10,20,20
13,1323,2.8456178926234413e-06,0.09999998197409525,0.18925762272323443,0.710739549684777,10,20,20
13,1324,5.129434241004154e-07,0.10000195833844132,0.10773833041291365,0.792259198305221,10,20,20
13,1325,1.6153167345959372e-06,0.10000014549925215,0.10766140910381694,0.7923368300801963,10,20,20
13,1326,1.615309797064043e-06,0.033212603436048,0.16781198182579854,0.7989737994283563,10,20,20
13,1327,6.925110619304681e-13,0.03356098956805429,0.16671004291845426,0.7997289675127985,10,20,20
13,1328,6.349267988555215e-13,0.10004725814143955,0.10004185334790199,0.7999108885100237,10,20,20
13,1329,1.844746752273787e-15,0.0999997480597805,0.10001312329214367,0.7999871286480738,10,20,20
13,1330,2.7169251849038223e-06,0.10024367715012902,0.10056170648416393,0.7991918994405218,10,20,20
13,1331,2.716925415227616e-06,0.1002436772062775,0.15200312325939908,0.7477504826089081,10,20,20
13,1332,2.7169251861125413e-06,0.1001854596171476,0.0998894809448526,0.7999223425128138,10,20,20
13,1333,1.7349353637973735e-14,0.09994136874632234,0.16101437660313328,0.7390442546505267,10,20,20
13,1334,1.2114818421326678e-14,0.11070330942269813,0.09006121389597857,0.7992354766813111,10,20,20
13,1335,8.980491997654016e-05,0.05475447672221747,0.14519393550315246,0.7999617828546534,10,20,20
13,1336,4.311050473230279e-12,0.05475475459141651,0.14315089478950135,0.8020943506147711,10,20,20
13,1337,4.075651898532331e-15,0.05475446340836686,0.14521920080884337,0.8000263357827858,10,20,20
13,1338,1.4494707773865434e-14,0.061485910102876316,0.14323817660056,0.7952759132965492,10,20,20
13,1339,1.692772198942956e-09,0.05716937254053704,0.14757169618878402,0.7952589295779069,10,20,20
13,1340,1.6930064495666916e-09,0.10240757399980502,0.09922459589177164,0.7983678284154171,10,20,20
13,1341,1.002302796359096e-06,0.10000916015914045,0.10004727231640935,0.7999425652216539,10,20,20
13,1342,3.0922284625714003e-06,0.09998653045892172,0.10003639478456258,0.799973982528053,10,20,20
13,1343,7.1844929533970695e-09,0.09998811265307936,0.10142407202235118,0.798587808140077,10,20,20
13,1344,7.0702360774766185e-12,0.0999838906291192,0.10061305693459213,0.7994030524292184,10,20,20
13,1345,7.119121998548313e-12,0.09998389049407191,0.09948505104919,0.8005310584496186,10,20,20
13,1346,6.319422779995756e-09,0.10028615764274078,0.1007814777215218,0.7989323583163148,10,20,20
13,1347,1.5618446465382707e-14,0.0999845953315758,0.1008988724371819,0.7991165322312269,10,20,20
13,1348,2.232625587415109e-08,0.09994473315756053,0.10412222831882331,0.7959330161973603,10,20,20
13,1349,2.4034274951929283e-07,0.14678113041862811,0.05422802488152475,0.7989906043570971,10,20,20
13,1350,3.479049994870312e-15,0.19997139239681194,0.0011158328104282835,0.7989127747927561,10,20,20
13,1351,5.743984874842189e-16,0.19995766061337014,8.357784129232702e-05,0.799958761545337,10,20,20
13,1352,1.2793734676621697e-16,0.19934241798568825,0.0705146577256244,0.7301429242886871,10,20,20
13,1353,1.969270683080555e-16,0.1993424179512935,0.0014652941940304044,0.799192287854676,10,20,20
13,1354,7.494899216905955e-14,0.19976050364371511,0.03359863332807854,0.7666408630281312,10,20,20
13,1355,1.8961614310118673e-14,0.1000548482079171,0.1296391642713977,0.7703059875206657,10,20,20
13,1356,1.485988997670944e-11,0.10578340868631504,0.09552811112512781,0.798688480173697,10,20,20
13,1357,6.359577309422878e-15,0.09999945872729366,0.0013296584288274367,0.8986708828438725,10,20,20
13,1358,3.857584831387846e-17,0.09999343106609512,0.033769493444842424,0.8662370754890623,10,20,20
13,1359,5.126682654749069e-13,0.039160674922155865,0.06681974913932096,0.8940195759380108,10,20,20
13,1360,1.9303683118971133e-13,0.09528586434334771,0.07223516385673803,0.8324789717997214,10,20,20
13,1361,9.809295185796635e-12,0.09999968700632264,0.003970827994072252,0.8960294849897957,10,20,20
13,1362,1.6740820222499045e-13,0.09999968700186951,0.002978978725113749,0.897021334272849,10,20,20
13,1363,1.2707659971038454e-11,0.099999871747207,0.0030595875134374504,0.8969405407266476,10,20,20
13,1364,1.2704292739120698e-11,0.09999987175364733,0.0016706936894823657,0.898329434544166,10,20,20
13,1365,3.8068314273759515e-08,0.0984159443554764,0.1542218478099106,0.7473621697662984,10,20,20
13,1366,3.8055617263452546e-08,0.09841588335091536,0.25068412269409046,0.6508999558993767,10,20,20
13,1367,6.709121375573629e-08,0.09841736497979078,0.25735129623709263,0.644231271691903,10,20,20
13,1368,3.076719832310864e-11,0.11580958049575873,0.19212158716704086,0.6920688323064328,10,20,20
13,1369,2.5292080662887235e-12,0.19991995055735257,0.1029122451137845,0.6971678043263337,10,20,20
13,1370,0.00013370839499012312,0.1999982423537301,0.10322685293888079,0.6966411963123991,10,20,20
13,1371,1.5302509137519362e-14,0.1999870001193386,0.18606122740511064,0.6139517724755355,10,20,20
13,1372,8.360180981162878e-10,0.19990991316795298,0.20016330534561266,0.5999267806504162,10,20,20
13,1373,3.698316440524668e-07,0.19742280484412206,0.20281013942799903,0.5997666858962345,10,20,20
13,1374,5.333188561400101e-10,0.19996962405622837,0.19635069650586295,0.6036796789045894,10,20,20
13,1375,3.5738180564270764e-06,0.10027370990792964,0.29511172931999063,0.6046109869540236,10,20,20
13,1376,4.393091022345035e-06,0.10028006362520363,0.3043724633596472,0.5953430799241265,10,20,20
13,1377,3.6059439965211523e-06,0.09945795869225793,0.3005091109362853,0.6000293244274595,10,20,20
13,1378,4.037426756503639e-06,0.09999052064437461,0.30017517322482445,0.5998302687040445,10,20,20
13,1379,0.08165841692004448,0.10003593145702412,0.28366695451547336,0.534638697107457,10,20,20
13,1380,3.0921427076856496e-05,0.11072657181443779,0.28929901687092086,0.5999434898875636,10,20,20
13,1381,4.550305750922383e-07,0.09791692864057798,0.25288746825647423,0.649195148072372,10,20,20
13,1382,0.0004472532982517461,0.0970651798499507,0.20500475108068641,0.6974828157711108,10,20,20
13,1383,0.0004270221230891961,0.11365428879817463,0.18863878771563086,0.6972799013631047,10,20,20
13,1384,0.00042702212154967093,0.11654163929221557,0.284450427036024,0.5985809115502094,10,20,20
13,1385,0.021381740667498296,0.11654164287068118,0.2622364328147768,0.5998401836470433,10,20,20
13,1386,0.02138174067353533,0.10004633877014053,0.27871262629324856,0.5998592942630752,10,20,20
13,1387,0.02138174110307231,0.09995069718788055,0.28141214513109825,0.5972554165779488,10,20,20
13,1388,4.709563772211299e-05,0.09962929748826428,0.29634797742605523,0.6039756294479579,10,20,20
13,1389,6.521206624563805e-06,0.10001332479854415,0.3737177060772868,0.5262624479175448,10,20,20
13,1390,0.00013480304333346406,0.1000060648992898,0.4009028663679873,0.49895626568938856,10,20,20
13,1391,0.003548821223646461,0.10045113660978919,0.3029021402100005,0.5930979019565636,10,20,20
13,1392,0.0011723416581004872,0.099861640270241,0.3064036339452135,0.5925623841264442,10,20,20
13,1393,6.947470421453194e-05,0.10000186987839506,0.3062873282954114,0.5936413271219788,10,20,20
13,1394,1.203770964585904e-07,0.1000283562646288,0.3013891954465301,0.5985823279117435,10,20,20
13,1395,9.413631698883511e-07,0.10400210042961895,0.3592067019322108,0.5367902562749992,10,20,20
13,1396,4.260338809875611e-07,0.09998416892666495,0.36576220023202793,0.534253204807426,10,20,20
13,1397,3.0787484441323458e-06,0.10083909146895902,0.29915587224694773,0.6000019575356483,10,20,20
13,1398,0.0008338276021417415,0.08794042518791995,0.3104202277602816,0.6008055194496562,10,20,20
13,1399,6.471500189687414e-05,0.10088423641893729,0.2991186747357225,0.5999323738434421,10,20,20
13,1400,6.459724885979133e-05,0.10088423639823749,0.3001209325388593,0.5989302338140428,10,20,20
13,1401,6.460161933872374e-05,0.10020641356445381,0.30405070225175607,0.5956782825644512,10,20,20
13,1402,6.055408802139448e-08,0.09966015178899808,0.26275619545301054,0.6375835922039034,10,20,20
13,1403,3.4054897358494983e-07,0.09971122670052872,0.2625319309567125,0.637756501793785,10,20,20
13,1404,2.1085992393788443e-06,0.09999007151324614,0.26476361743658877,0.6352442024509257,10,20,20
13,1405,2.0478629322584786e-06,0.09964908354187121,0.20171453611818074,0.6986343324770159,10,20,20
13,1406,2.082962200131348e-06,0.09965012952653748,0.20106177926864494,0.6992860082426169,10,20,20
13,1407,1.201963847775468e-06,1.591257645046073e-05,0.3000529541817369,0.6999299312779642,10,20,20
13,1408,1.3763530008603452e-06,0.00021154360585246622,0.30089084172486047,0.6988962383162854,10,20,20
13,1409,1.2007871432960725e-07,0.00010483748497599067,0.3033982163502872,0.6964968260860223,10,20,20
13,1410,0.0010793020304317173,0.0020105840969845273,0.298085079928213,0.6988250339443709,10,20,20
13,1411,2.2592409287009662e-07,0.0012245807577768682,0.3262861575482655,0.6724890357698646,10,20,20
13,1412,1.4644309248194612e-06,0.0003276397449556616,0.2962811400125995,0.7033897558115201,10,20,20
13,1413,1.4639380244754438e-06,0.10032221958327785,0.19508934518664628,0.7045869712920515,10,20,20
13,1414,2.160084629053423e-08,0.1005317042635416,0.19746661143856692,0.7020016626970447,10,20,20
13,1415,1.392073622772042e-10,0.0022534826161793083,0.2977126764483206,0.7000338407962918,10,20,20
13,1416,6.1395727982921e-10,0.0015447664778241437,0.2919769663197658,0.7064782665884518,10,20,20
13,1417,2.033851064414197e-09,0.0015448380136600017,0.19846255188229062,0.7999926080701981,10,20,20
13,1418,2.0337758332062135e-09,2.854127543560705e-07,0.20005844753021362,0.7999412650232559,10,20,20
13,1419,9.550532536002353e-10,2.459421999616092e-07,0.20279602110001277,0.7972037320027339,10,20,20
13,1420,9.550528524909183e-10,2.4592545610978004e-07,0.2064467974612323,0.7935529556582588,10,20,20
13,1421,2.4399554288643073e-14,2.138696452128848e-07,0.10255754055464558,0.8974422455756847,10,20,20
13,1422,2.09476254400248e-08,0.00015747654887887354,0.10870768972876317,0.8911348127747324,10,20,20
13,1423,2.0854055182882114e-10,2.5420716167213347e-09,0.13040365747745028,0.8695963397719373,10,20,20
13,1424,5.1290945332777324e-17,1.125513359109937e-10,0.004644847501374101,0.9953551523860742,10,20,20
13,1425,1.7669131324106826e-16,4.273759075903883e-09,0.0017661819634886289,0.9982338137627517,10,20,20
13,1426,1.1352800857416523e-13,2.2195057405980537e-10,0.006670498779398927,0.9933295009985367,10,20,20
13,1427,1.9651741081035998e-13,1.1503812592140669e-10,0.002084803737040564,0.9979151961477248,10,20,20
13,1428,1.2920829350649218e-13,1.0577620465011949e-09,0.004141065553347664,0.9958589333887611,10,20,20
13,1429,1.572691739157674e-14,1.404186991858955e-11,0.09382259262941334,0.9061774073565289,10,20,20
13,1430,1.5696757080491507e-14,5.4329919837466274e-11,0.09484243515663597,0.9051575647890182,10,20,20
13,1431,1.4993676146213698e-14,1.4046984786011326e-11,0.09436746746077437,0.9056325325251633,10,20,20
13,1432,2.6186682557310524e-05,1.1555902532098051e-10,0.10246424223843112,0.897509570963452,10,20,20
13,1433,2.3997882387005934e-06,6.986125500553219e-09,0.052610180392582216,0.9473874128330534,10,20,20
13,1434,2.3997883379297764e-06,7.939699344759457e-11,0.046334861039047846,0.9536627390932171,10,20,20
13,1435,1.3013449000247508e-15,1.822920535805492e-10,0.052995850169260485,0.9470041496484459,10,20,20
13,1436,1.6804932503691664e-15,3.79554399796351e-13,0.0017637863134696004,0.9982362136861489,10,20,20
13,1437,6.019940715183557e-16,1.0916358663390739e-13,0.0035705116938587814,0.9964294883060315,10,20,20
13,1438,3.236952858593471e-17,4.0099596069468226e-10,0.003448009808676934,0.9965519897903272,10,20,20
13,1439,1.0747186827372036e-17,2.672194082418666e-12,0.0005534720475584786,0.9994465279497694,10,20,20
13,1440,3.486438947361119e-16,3.18923816452174e-13,5.314993997359882e-05,0.9999468500597072,10,20,20
13,1441,8.980525635547466e-18,2.4408246794117995e-13,7.59455438280858e-05,0.9999240544559275,10,20,20
13,1442,7.914739257314047e-18,2.509157615973981e-13,0.0033538235917599745,0.9966461764079891,10,20,20
13,1443,8.665506124950092e-18,3.9105161425842725e-11,0.0024897589931020822,0.9975102409677927,10,20,20
13,1444,1.3203392777636266e-16,4.532871342390917e-11,0.00012316378972676982,0.9998768361649443,10,20,20
13,1445,3.8159403039871065e-17,3.468673674519389e-07,0.00172031369623882,0.9982793394363938,10,20,20
13,1446,1.0000824023805637e-16,4.7232210659411274e-12,0.0037903212101626574,0.996209678785114,10,20,20
13,1447,5.235397818589969e-15,1.168134531985072e-09,0.007298416757493381,0.992701582074367,10,20,20
13,1448,3.4704495921004027e-16,2.6824128126398932e-11,0.05617861885977308,0.9438213811134026,10,20,20
13,1449,9.208902272314314e-19,1.4427278704399727e-11,0.008131240197009167,0.9918687597885638,10,20,20
13,1450,7.592241493157513e-13,2.4705027581266256e-08,0.03216105273222471,0.9678389225619884,10,20,20
13,1451,7.593155198951095e-13,2.473602296431231e-08,0.02767038203377604,0.9723295932294416,10,20,20
13,1452,1.2564255454870031e-12,2.4713800291515572e-08,0.028418973528666812,0.9715810017562763,10,20,20
13,1453,1.0996659962970054e-12,2.4717575712354477e-08,0.028476109977696284,0.9715238653036279,10,20,20
13,1454,7.637790458823322e-13,2.6254177155164754e-08,0.03079203972886352,0.9692079340161953,10,20,20
13,1455,1.0879022364514663e-12,2.6069528358695146e-08,0.031557957731438914,0.9684420161979446,10,20,20
13,1456,7.603390015474666e-13,2.469030393448585e-08,0.027497402278178772,0.9725025730307568,10,20,20
13,1457,5.4586172430374836e-17,2.7556928724188664e-14,0.0016560909283634816,0.998343909071609,10,20,20
13,1458,3.341180692125471e-17,8.285578925046967e-11,4.208074496729593e-05,0.9999579191721768,10,20,20
13,1459,2.6545755839626066e-18,8.504776199932083e-11,0.0017193878755179953,0.9982806120394342,10,20,20
13,1460,1.7462768556642102e-12,3.5414902530963986e-12,0.0017301632667558616,0.9982698367279564,10,20,20
13,1461,3.8303223316527e-16,2.3856552988953163e-12,0.0016912885164766661,0.9983087114811374,10,20,20
13,1462,3.735365415877184e-15,1.934941638906836e-11,0.0002281302792232598,0.9997718697014235,10,20,20
13,1463,7.136568486626099e-10,6.148638109105194e-11,0.01377423015472633,0.9862257690701307,10,20,20
13,1464,5.088349935722474e-15,2.310998867923919e-11,0.0010565719042600953,0.9989434280726253,10,20,20
13,1465,3.0242429172944196e-15,7.240955941318855e-09,0.003370890368388532,0.9966291023906525,10,20,20
13,1466,3.163536565170316e-14,1.204122764840909e-10,0.0011526738157688762,0.9988473260637871,10,20,20
13,1467,1.0145123485016851e-16,6.677356714139777e-11,0.0416365741987527,0.9583634257344734,10,20,20
13,1468,1.2994216989128764e-12,8.713201051191367e-12,0.002395452064821891,0.9976045479251654,10,20,20
13,1469,8.197889312448509e-17,2.3209163747413387e-11,0.001364934488165232,0.9986350654886256,10,20,20
13,1470,5.137142176887419e-15,1.6050974225095359e-10,0.0018819571080757654,0.9981180427314094,10,20,20
13,1471,7.651534898044647e-12,9.293243589368088e-09,0.002632027041103816,0.9973679636580008,10,20,20
13,1472,2.8047926550726304e-13,1.2593095939179218e-07,0.004025136188599525,0.9959747378801606,10,20,20
13,1473,1.3557026211188832e-12,8.348206899085854e-14,0.0037818033772602476,0.9962181966213006,10,20,20
13,1474,2.7625900609141252e-14,9.440683303918414e-13,0.0014241808013533137,0.998575819197675,10,20,20
13,1475,2.8038955173000748e-14,3.408649651287566e-12,0.00462122294063204,0.9953787770559313,10,20,20
13,1476,2.16451134440342e-14,2.5776179085174603e-12,5.855424692472892e-05,0.9999414457504759,10,20,20
13,1477,6.812392528189309e-18,2.552497616472298e-12,0.02968944635807359,0.9703105536393739,10,20,20
13,1478,3.4560047404656113e-13,1.7345714151147262e-09,0.012676004606603623,0.9873239936584793,10,20,20
13,1479,1.790014887379969e-15,8.944036872226886e-10,0.004910313799901214,0.9950896853056932,10,20,20
13,1480,4.6276240057458724e-14,8.958571326592604e-10,0.00564978404594514,0.9943502150581514,10,20,20
13,1481,1.7404928203207975e-15,1.1922533645484046e-12,0.0010746455606922087,0.9989253544381139,10,20,20
13,1482,7.971330645311946e-14,7.426311508339726e-11,0.04982318710906312,0.950176812816594,10,20,20
13,1483,1.8447392593251732e-17,2.473031977081958e-09,0.003501279566707612,0.9964987179602602,10,20,20
13,1484,3.600656875781249e-14,4.383624550457855e-09,0.003640169653601863,0.9963598259627375,10,20,20
13,1485,1.8511787474802178e-14,2.557923359801183e-09,0.004713343669180965,0.9952866537728771,10,20,20
13,1486,5.288125089085072e-14,5.372932111192922e-06,0.07974474405031444,0.9202498830175214,10,20,20
13,1487,2.6843399718321537e-09,2.5113293733396364e-09,0.10437601953157156,0.8956239752727585,10,20,20
13,1488,0.00012433115756671533,5.076908065255899e-08,0.1494920045877086,0.8503836134856438,10,20,20
13,1489,3.0552251666936244e-10,0.0012305623537831483,0.14786575897282858,0.8509036783678656,10,20,20
13,1490,3.0572166701622527e-10,0.0012305622688673977,0.10265086376192281,0.8961185736634881,10,20,20
13,1491,4.4136272133919304e-10,0.00044528876790309887,0.09972794223686185,0.8998267685538721,10,20,20
13,1492,4.413626649116072e-10,0.0004452892649223655,0.12812357454517623,0.8714311357485386,10,20,20
13,1493,2.3440832558432537e-09,0.00011503863707691111,0.09564941084067806,0.9042355481781617,10,20,20
13,1494,2.344082109068313e-09,0.00011503814254284635,0.06927512163273189,0.9306098378806432,10,20,20
13,1495,2.3440858711822863e-09,0.00011503813864827884,0.07063596647800231,0.9292489930392633,10,20,20
13,1496,1.261701131969713e-15,6.183672963899791e-11,0.06488388708027971,0.9351161128578823,10,20,20
13,1497,1.328832488417035e-15,1.9789800271297694e-10,0.06964977880915466,0.9303502209929461,10,20,20
13,1498,1.4228740073300723e-16,2.60943215467199e-07,0.05679772562410954,0.9432020134326746,10,20,20
13,1499,7.775252083747684e-14,8.085913297910619e-09,0.05065697238478423,0.9493430195292246,10,20,20
13,1500,5.694865325061072e-17,3.7996427878781575e-13,0.00016673605698354393,0.9998332639426364,10,20,20
13,1501,2.979889821731782e-18,5.137354799908084e-09,0.004379364227493317,0.9956206306351518,10,20,20
13,1502,1.1258747325174093e-19,3.599400598055254e-09,0.0030665104838391087,0.9969334859167602,10,20,20
13,1503,6.550852478794495e-14,2.968409666535389e-09,0.09714373391410533,0.9028562631174198,10,20,20
13,1504,8.801667826141658e-11,4.27138389721283e-12,0.05950222091740942,0.9404977789903025,10,20,20
13,1505,8.80152316400951e-11,3.711692267431746e-12,0.05945013109946382,0.9405498688088091,10,20,20
13,1506,2.1920879287230236e-15,2.6039367044188635e-12,0.0007414747327525745,0.9992585252646409,10,20,20
13,1507,2.2850206977421202e-17,3.241807376688907e-13,8.424318563311683e-05,0.9999157568140428,10,20,20
13,1508,1.0968800599381882e-16,7.993735378118892e-11,0.0001302297190059869,0.9998697702010565,10,20,20
13,1509,4.807325314847411e-17,8.025147913821538e-11,0.08474798823421341,0.9152520116855347,10,20,20
13,1510,1.549042510075442e-15,2.3809737171750312e-11,0.03833344517868444,0.9616665547975043,10,20,20
13,1511,1.540946715618679e-14,1.8314100598185954e-09,0.001366763638144653,0.99863323453043,10,20,20
13,1512,6.510211423697648e-16,2.494873751012379e-09,0.041399222406753235,0.9586007750983722,10,20,20
13,1513,3.5502708551397067e-15,3.165894167408374e-07,0.003881941319421207,0.9961177420911584,10,20,20
13,1514,9.53618236083856e-16,1.1615371410926221e-08,0.021787731292501035,0.9782122570921263,10,20,20
13,1515,4.9871207252757945e-11,1.4557837465970035e-07,0.036176702983938144,0.9638231513878163,10,20,20
13,1516,4.9871257146345686e-11,1.454844918444343e-07,0.0376543387355739,0.9623455157300633,10,20,20
13,1517,1.5204860052636722e-17,9.180024755699451e-14,0.0025385871276090034,0.9974614128722994,10,20,20
13,1518,9.919914649956593e-18,3.3535575461613002e-09,0.001560374356671674,0.9984396222897708,10,20,20
13,1519,4.0363079916860184e-12,1.1245574885524532e-10,0.0022334026825313654,0.9977665972009765,10,20,20
13,1520,1.6899379978568966e-15,4.0157273620327055e-12,0.0013817108885518493,0.9986182891074311,10,20,20
13,1521,1.999547541319539e-16,2.9681520117165384e-12,0.00013457054533983997,0.999865429451692,10,20,20
13,1522,8.37765954353775e-17,1.1411418378314012e-11,0.06726249858080972,0.9327375014077786,10,20,20
13,1523,1.1172431153923208e-13,2.0829216041276762e-11,0.0034678602832985623,0.9965321396957606,10,20,20
13,1524,2.3731095598984056e-14,2.2523924815542743e-08,0.05605876944141287,0.9439412080346387,10,20,20
13,1525,2.0391776295987216e-15,2.2514974846226468e-08,0.055917820500904256,0.9440821569841187,10,20,20
13,1526,1.0935441128026832e-17,2.9401260273550332e-08,0.0603702138451858,0.9396297567535541,10,20,20
13,1527,7.729614471299791e-18,5.018182269530684e-13,0.027567811830996353,0.9724321881685019,10,20,20
13,1528,3.1936719427141857e-15,5.942654498448204e-13,0.030153143011901907,0.9698468569875007,10,20,20
13,1529,1.004026329207045e-12,3.021132522273752e-13,0.008348248772288232,0.9916517512264054,10,20,20
13,1530,1.174576165041824e-17,1.1408142437953561e-10,0.0061462930797163634,0.9938537068062022,10,20,20
13,1531,1.2251029363606018e-17,4.437613322350626e-11,0.0030576027491170236,0.9969423972065069,10,20,20
13,1532,1.0960066627530064e-17,4.686403864853469e-11,0.0030334346493295214,0.9969665653038066,10,20,20
13,1533,9.339317725221654e-17,1.015890542487894e-12,5.7717278571826444e-05,0.9999422827204121,10,20,20
13,1534,7.67443825178744e-17,9.900775749592833e-14,0.0007544745730959986,0.999245525426805,10,20,20
13,1535,1.3891701513547972e-12,1.125815527692676e-10,0.0010553732338214473,0.9989446266522078,10,20,20
13,1536,7.42688957359918e-15,7.60285573441959e-12,0.0006061919615756716,0.9993938080308139,10,20,20
13,1537,2.7256034159021414e-16,5.6605051954009416e-11,0.002785193903370967,0.9972148060400239,10,20,20
13,1538,3.7598696345398387e-16,6.758571698513896e-11,0.0032308942477121488,0.9967691056847018,10,20,20
13,1539,2.0264080503628054e-14,1.7895842382347253e-13,0.05455475132363428,0.9454452486761665,10,20,20
13,1540,1.1702347167933836e-15,1.193821742487624e-13,0.03409056280701173,0.9659094371928679,10,20,20
13,1541,2.4709830272570748e-12,5.327574135317421e-11,0.0010110702676014022,0.9989889296766522,10,20,20
13,1542,1.723913086611494e-16,1.1101573682590238e-10,0.006794347424154667,0.9932056524648294,10,20,20
13,1543,5.665533801056337e-12,4.651437834440016e-11,0.002956446913060465,0.9970435530347596,10,20,20
13,1544,1.9292769702808173e-13,1.2458931624068133e-10,0.004934672484680781,0.9950653273905369,10,20,20
13,1545,1.0187621119699289e-18,5.3640116814749506e-14,4.961226179366641e-05,0.9999503877381525,10,20,20
13,1546,4.826241957550132e-15,1.7500048248388967e-08,0.004825287729245994,0.9951746947707008,10,20,20
13,1547,4.344070713636361e-17,1.7672704225508516e-13,0.00012429427601481482,0.9998757057238084,10,20,20
13,1548,6.451500807275658e-14,4.133809352265762e-11,0.00019789249340912554,0.999802107465188,10,20,20
13,1549,1.5583886754599576e-16,5.674074956930688e-13,0.042286926441835834,0.9577130735575965,10,20,20
13,1550,4.301288096946853e-16,1.3632793952997184e-10,0.04929116128993408,0.9507088385737372,10,20,20
13,1551,2.0310696117507125e-15,5.8041373759811025e-12,0.0964613581947599,0.9035386417994337,10,20,20
13,1552,5.827357443717984e-16,6.6910484509507675e-12,0.09654505670013909,0.9034549432931694,10,20,20
13,1553,2.7836618373033108e-09,8.317656765952049e-10,0.1381854267912307,0.8618145695933419,10,20,20
13,1554,1.3959985441498694e-12,4.6454032278517414e-08,0.09980752737042295,0.9001924261741486,10,20,20
13,1555,1.0201082180527548e-07,5.804812970963365e-06,0.10586701379365857,0.8941270793825484,10,20,20
13,1556,5.671653178760186e-10,1.30869881523147e-06,0.10128432581024209,0.8987143649237771,10,20,20
13,1557,7.810466522434556e-16,5.2194661973879985e-06,0.10001382679695354,0.8999809537368482,10,20,20
13,1558,0.005135936794044872,9.814595873013612e-05,0.09475047309467385,0.9000154441525512,10,20,20
13,1559,2.020736688800867e-05,0.003724574648461538,0.09800691729977118,0.8982483006848792,10,20,20
13,1560,8.434549566029374e-16,0.00044410835377492404,0.10142163788620037,0.8981342537600238,10,20,20
13,1561,2.6537149613276303e-11,0.00044410830856559514,0.18999922842286918,0.8095566632420279,10,20,20
13,1562,2.870649300304151e-14,0.0003615264527416026,0.2710221795882575,0.7286162939589723,10,20,20
13,1563,1.329801353782755e-06,0.0027384297160973664,0.32578497454787686,0.6714752659346714,10,20,20
13,1564,6.17815632529854e-10,1.4724045719833674e-05,0.19810255937613924,0.8018827159603253,10,20,20
13,1565,6.22127852380924e-10,6.362217345086317e-07,0.19852457859438316,0.8014747845617544,10,20,20
13,1566,8.807352293434369e-05,8.790903186217873e-06,0.11764949203001632,0.882253643543863,10,20,20
13,1567,8.807352293358068e-05,8.790911331349236e-06,0.11977975073803968,0.8801233848276953,10,20,20
13,1568,6.21586977908689e-10,5.791795535261569e-07,0.10481798211067592,0.8951814380881833,10,20,20
13,1569,6.178783817165581e-10,5.792213184158709e-07,0.09865191026146115,0.9013475098993418,10,20,20
13,1570,6.194749303068751e-10,6.994219158031321e-07,0.1290618234916488,0.8709374764669603,10,20,20
13,1571,7.93076034887559e-05,4.217812533566105e-05,0.05940092606732182,0.9404775882038535,10,20,20
13,1572,1.4964729610517672e-15,2.214083679636184e-12,9.039889506496786e-05,0.9999096011027195,10,20,20
13,1573,3.063910951715596e-13,2.915165870896496e-12,0.0008787210031976474,0.9991212789935806,10,20,20
13,1574,2.1670773876921053e-16,1.978246330417658e-12,0.0024814596214099752,0.9975185403766114,10,20,20
13,1575,3.2531551702561455e-16,1.3513521142920285e-12,0.0001609956109474653,0.9998390043877006,10,20,20
13,1576,8.414391116116169e-16,3.206129580871125e-14,7.256024219762575e-05,0.9999274397577695,10,20,20
13,1577,1.9916081124369736e-16,1.0387525388846646e-11,0.004712891385669683,0.9952871086039426,10,20,20
13,1578,4.5456854783823564e-13,7.4203197134954705e-09,0.024570573672358875,0.9754294189068669,10,20,20
13,1579,4.4918865443231853e-13,1.9865907960425004e-10,0.02475235047385523,0.9752476493270364,10,20,20
13,1580,2.1118681033371066e-14,4.555503956370262e-11,0.0004881779480275512,0.9995118220063963,10,20,20
13,1581,6.858771600119432e-09,2.5260995495104782e-08,0.09112279537272756,0.9088771725075053,10,20,20
13,1582,3.716656034431969e-16,4.727213005477242e-12,0.0033061556909077224,0.9966938443043647,10,20,20
13,1583,7.350748678933164e-16,1.9616326680230082e-09,0.003009089334833889,0.9969909087035328,10,20,20
13,1584,7.31043501777386e-16,1.95740534332336e-09,0.0026499539704243134,0.9973500440721695,10,20,20
13,1585,1.1378322506560467e-13,8.029488795645616e-08,0.0037811056334008724,0.9962188140715972,10,20,20
13,1586,9.431624986114574e-14,2.7753893455459093e-11,0.0020852624255853222,0.9979147375465665,10,20,20
13,1587,9.454297250032608e-14,1.3340168973388953e-11,0.0025503541826073254,0.997449645803958,10,20,20
13,1588,3.3115937601823844e-16,1.2068963012592735e-11,0.0006376324231184684,0.9993623675648122,10,20,20
13,1589,2.671625298402285e-15,1.3854153910610078e-12,0.0004729620177009148,0.999527037980911,10,20,20
13,1590,2.0438178018774587e-15,8.246628671396404e-11,0.0004160927787946256,0.9995839071387369,10,20,20
13,1591,1.3751094328082111e-09,1.811866747597984e-06,0.06422719413662614,0.9357709926215169,10,20,20
13,1592,7.772336274116855e-14,1.8118329317225834e-06,0.06624441422339736,0.9337537739435933,10,20,20
13,1593,1.7013869585586908e-13,1.9442653964285576e-06,0.06720407253791146,0.9327939831965221,10,20,20
13,1594,1.3607799639968724e-13,1.811792264842577e-06,0.06333315872426962,0.9366650294833294,10,20,20
13,1595,1.3610674727202794e-13,1.8117670441583275e-06,0.0638871050405634,0.9361110831922563,10,20,20
13,1596,3.83756920414689e-13,7.155924535148346e-09,0.1736389806690571,0.8263610121746343,10,20,20
13,1597,2.858227405121854e-16,1.56876399214394e-05,0.17037262083509636,0.8296116915249818,10,20,20
13,1598,3.1075996331025284e-10,1.8975567128874495e-06,0.17925905230762523,0.8207390498249021,10,20,20
13,1599,2.112510800752038e-06,1.7834373264551299e-06,0.10746889912245061,0.8925272049294218,10,20,20
13,1600,4.3766880858698125e-08,1.891905075525109e-06,0.10681121310120505,0.8931868512268382,10,20,20
13,1601,4.3766878389322136e-08,1.8933824382667264e-06,0.10670403753014708,0.8932940253205361,10,20,20
13,1602,4.3766878386755176e-08,1.8911422728954163e-06,0.23430914914188242,0.7656889159489658,10,20,20
13,1603,4.376693395892373e-08,1.1537064489192098e-07,0.22976016661591223,0.7702396742465087,10,20,20
13,1604,4.376883875921941e-08,1.819130168026341e-07,0.1963761096549106,0.8036236646632334,10,20,20
13,1605,1.7635551901775034e-05,1.3208441546808044e-06,0.1999330335272202,0.8000480100767231,10,20,20
13,1606,2.183456852902343e-13,0.00021513192533924107,0.20979976223135782,0.7899851058430845,10,20,20
13,1607,4.894127642744945e-12,0.0035946273561382283,0.19789703696964833,0.7985083356693189,10,20,20
13,1608,4.890798486438743e-12,0.00017460389961747183,0.20133766940347853,0.7984877266920127,10,20,20
13,1609,4.8950318622472295e-15,1.225965472349958e-05,0.10562216291401891,0.8943655774312524,10,20,20
13,1610,6.324161391575663e-12,0.09999232945683065,0.002582645020243996,0.8974250255166012,10,20,20
13,1611,6.797311694858145e-15,0.09999823626073191,0.0031271731912484078,0.896874590548013,10,20,20
13,1612,2.5250611387726794e-15,0.0999938070893403,0.00013376743465595066,0.8998724254760011,10,20,20
13,1613,6.4953652109417695e-15,0.09750391123684082,0.005387184168706146,0.8971089045944465,10,20,20
13,1614,2.5440393897354386e-13,0.09750391128201022,0.004726640688268239,0.8977694480294671,10,20,20
13,1615,2.4851549081936026e-11,0.09750391112441538,0.006176093901293858,0.8963199949494391,10,20,20
13,1616,1.6811241531744296e-15,0.09869242275696428,0.001408683108605049,0.8998988941344288,10,20,20
13,1617,9.16542547457349e-16,0.09999694659893817,0.0001830274512544586,0.8998200259498065,10,20,20
13,1618,3.0473429034794636e-12,0.09999694671662604,0.002684872601569334,0.8973181806787573,10,20,20
13,1619,3.535034623159582e-17,0.09985063863371506,0.0002712980587733014,0.8998780633075116,10,20,20
13,1620,2.430190806862843e-15,0.09998952091368585,0.00014227170677169024,0.8998682073795401,10,20,20
13,1621,4.742902588281418e-15,0.09999025178968145,0.00013757474259988472,0.8998721734677139,10,20,20
13,1622,2.201312669538694e-09,0.0998113949398049,0.0026939060900051316,0.8974946967688773,10,20,20
13,1623,2.201310233946262e-09,0.09883885841922306,0.002573517971566525,0.8985876214079,10,20,20
13,1624,1.0937624794975415e-16,0.09907747677557396,0.005312327166878515,0.8956101960575473,10,20,20
13,1625,1.4339569397172896e-16,0.09907747679811714,0.004920873380944734,0.8960016498209381,10,20,20
13,1626,1.4710149112487308e-15,0.05858332384994726,0.042525140042102075,0.8988915361079493,10,20,20
13,1627,6.894096241667583e-16,0.05858332392343979,0.04693855879061866,0.8944781172859407,10,20,20
13,1628,1.2667692145162228e-16,0.09998929195854343,0.00012659415157961418,0.8998841138898765,10,20,20
13,1629,1.1597125653518754e-17,0.09996325391300957,0.050071294422015834,0.8499654516649745,10,20,20
13,1630,8.79479653038026e-18,0.09996325392562296,9.857612446706907e-05,0.89993816994991,10,20,20
13,1631,1.4509830239064922e-11,0.09996325393087221,0.0005193745245945354,0.8995173715300234,10,20,20
13,1632,9.442725189293752e-17,0.09974464940312713,0.0003232410239994867,0.8999321095728735,10,20,20
13,1633,9.311143816237163e-14,0.09978557779507088,0.02988582878144384,0.8703285934233923,10,20,20
13,1634,8.862937682182192e-14,0.03553068928639282,0.10003656206234116,0.8644327486511774,10,20,20
13,1635,3.055986939586392e-10,6.346887074302766e-10,0.042043539630904195,0.9579564594288085,10,20,20
13,1636,2.351792215284818e-07,1.9534341102600778e-05,0.10117786635641998,0.8988023641232559,10,20,20
13,1637,2.3517906197213667e-07,1.9534018274034236e-05,0.10247341596055123,0.8975068148421128,10,20,20
13,1638,2.351790628043296e-07,1.9534019011007164e-05,0.1019470438420514,0.8980331869598747,10,20,20
13,1639,2.3517907974129548e-07,1.9534292148646786e-05,0.1535076250182028,0.8464726055105682,10,20,20
13,1640,6.113303338101676e-08,1.0220043480089313e-06,0.10298569223141854,0.8970132246312004,10,20,20
13,1641,9.61950345951905e-15,1.46348912809703e-08,0.09598209269379343,0.9040178926713057,10,20,20
13,1642,4.0670071163624417e-14,1.4630256564995545e-08,0.09303745825917101,0.9069625271105318,10,20,20
13,1643,0.0006185401303836482,4.459799528680581e-09,0.1052205860141268,0.89416086939569,10,20,20
13,1644,0.0006185401303561899,4.444030793988784e-09,0.10032886103767427,0.8990525943879388,10,20,20
13,1645,0.000618540130356189,4.457031641669256e-09,0.10133296728059644,0.8980484881320155,10,20,20
13,1646,6.056452717168554e-08,2.046987910512961e-09,0.20171454291051827,0.7982853944779656,10,20,20
13,1647,8.596175668962613e-10,4.886836441294029e-10,0.19734133296918002,0.8026586656825186,10,20,20
13,1648,3.3253586662760336e-14,0.00010624291385832486,0.19382954225531793,0.80606421483079,10,20,20
13,1649,7.653300234175329e-15,0.09973726907447632,0.10096685146623954,0.7992958794592765,10,20,20
13,1650,5.2218152994964314e-05,0.09974243898950619,0.10356226846300343,0.7966430743944952,10,20,20
13,1651,5.221815299498259e-05,0.09974243665660505,0.10025686008069445,0.7999484851097055,10,20,20
13,1652,5.2218153028561753e-05,0.0997424367322611,0.19419227951732726,0.7060130655973831,10,20,20
13,1653,6.182632789231467e-05,0.10055317519047406,0.16918155024687384,0.7302034482347596,10,20,20
13,1654,4.812560047933997e-09,0.09960257881229431,0.10054733927163864,0.7998500771035069,10,20,20
13,1655,2.7812941306998708e-05,0.09862477251401044,0.10126856473936505,0.8000788498053172,10,20,20
13,1656,0.00027760098721523596,0.09862478384702554,0.10760143882822075,0.7934961763375383,10,20,20
13,1657,2.6890185741597944e-13,0.09959747676692335,0.007793201975978599,0.8926093212568291,10,20,20
13,1658,6.409167292389718e-14,0.012658391006021192,0.09207395297421338,0.895267656019701,10,20,20
13,1659,6.067805178355663e-14,0.012658391005959354,0.09195195900484601,0.895389649989134,10,20,20
13,1660,6.171594506623301e-14,0.012658391006615834,0.09201233024899769,0.8953292787443248,10,20,20
13,1661,1.0863322673921585e-10,0.0001028152190115677,0.09999465510794288,0.8999025295644121,10,20,20
13,1662,1.0865055707808816e-10,0.00010281684176271179,0.10394937757656186,0.8959478054730248,10,20,20
13,1663,7.777916031467432e-11,1.2322222002448849e-05,0.10396298969386279,0.8960246880063556,10,20,20
13,1664,6.857993079371423e-10,1.2322262734950471e-05,0.10376426855238385,0.8962234084990814,10,20,20
13,1665,7.77632236755719e-11,1.232221588467964e-05,0.10497862565352052,0.8950090520528311,10,20,20
13,1666,7.776204933197697e-11,1.2322214013684228e-05,0.10510269702350554,0.8948849806847186,10,20,20
13,1667,1.2663405412052027e-06,2.5743170780253855e-05,0.10425710415931815,0.8957158863293602,10,20,20
13,1668,0.005344819296283259,1.697531564442703e-09,0.1952232707323489,0.7994319082738363,10,20,20
13,1669,0.005344819296283966,5.198560743535794e-09,0.19615225420392085,0.7985029213012347,10,20,20
13,1670,4.7345557276460705e-06,1.6344198236988263e-09,0.10611062942957447,0.893884634380278,10,20,20
13,1671,5.848217967833856e-12,1.2121979776582255e-05,0.10476236527303376,0.8952255127413409,10,20,20
13,1672,7.779286512103841e-10,0.00013199171232065762,0.10413749305446865,0.895730514455282,10,20,20
13,1673,7.3663530173572135e-09,4.899231913394271e-06,0.1915277289929521,0.8084673644087811,10,20,20
13,1674,5.596010013299715e-11,1.3644537632470243e-05,0.20009994699246342,0.7998864084139438,10,20,20
13,1675,4.549100501273043e-11,5.199954428865075e-06,0.20372884080233172,0.7962659591977481,10,20,20
13,1676,8.29142178625024e-12,0.0005609665880055889,0.10831697704357501,0.891122056360128,10,20,20
13,1677,1.2202187175478104e-11,2.0343762337496308e-08,0.10043213994073907,0.8995678397032959,10,20,20
13,1678,1.216447189107488e-11,2.0218833457415838e-08,0.10007489252791786,0.8999250872410844,10,20,20
13,1679,1.2166269121631081e-11,2.021983818419693e-08,0.10617048883393214,0.8938294909340636,10,20,20
13,1680,0.09654518979520091,1.4172566634174086e-07,0.09768067173504709,0.8057739967440856,10,20,20
13,1681,2.4028866844846126e-08,3.3497976560990136e-10,0.1947743952702991,0.8052255803658538,10,20,20
13,1682,2.402886711134298e-08,3.3748907707355367e-10,0.19479081996093967,0.805209155672704,10,20,20
13,1683,9.961315319940484e-07,2.45060830590693e-05,0.28903416347387545,0.7109403343115333,10,20,20
13,1684,1.908591495149088e-06,7.68750159886938e-07,0.2675488280766717,0.7324484945816734,10,20,20
13,1685,0.00551600765849289,6.354477057384723e-07,0.25949613567290086,0.7349872212208999,10,20,20
13,1686,0.01058894118296286,2.5849914305924865e-09,0.19188198074576354,0.7975290754862819,10,20,20
13,1687,1.2740899008823161e-06,1.7562049064249765e-10,0.2462304059560322,0.753768319778446,10,20,20
13,1688,1.241985536764263e-06,3.409198274924748e-08,0.20393091958797913,0.7960678043345004,10,20,20
13,1689,6.546742749830112e-06,6.81660227348697e-08,0.20692972556434158,0.7930636595268862,10,20,20
13,1690,0.028335737856342375,1.1742084979346544e-05,0.233832452555564,0.7378200675031144,10,20,20
13,1691,3.6881377094085057e-10,0.09999963533035258,0.03884090425622919,0.8611594600446043,10,20,20
13,1692,5.2605604044636485e-12,0.09999963520040468,0.03359208973892229,0.8664082750554123,10,20,20
13,1693,5.430816791308841e-12,0.09999969611455035,0.0009785726386886454,0.8990217312413302,10,20,20
13,1694,6.234303417193134e-16,0.09984095660911066,0.004124306815951584,0.8960347365749373,10,20,20
13,1695,2.6747249270722216e-14,0.0999996695053508,0.0685639293758944,0.8314364011187279,10,20,20
13,1696,3.3189900826805394e-12,0.09999966943375553,0.004911238337933534,0.8950890922249919,10,20,20
13,1697,1.2216818982344952e-15,0.09999966948847364,0.007313003456729053,0.8926873270547959,10,20,20
13,1698,3.65592867193695e-13,0.09995741772794697,0.005065688244305288,0.8949768940273822,10,20,20
13,1699,1.885313844889706e-16,0.09995741772704766,0.004935986465761601,0.8951065958071907,10,20,20
13,1700,2.2079902405105702e-16,0.09995741772680683,0.00017487019320824672,0.8998677120799847,10,20,20
13,1701,9.489860073509763e-14,0.09999898975653375,0.0010713739435386465,0.8989296362998328,10,20,20
13,1702,1.4197650064118404e-15,0.0653727266465066,0.03574123794948788,0.898886035404004,10,20,20
13,1703,1.4294172634453346e-15,0.06537272664351187,0.03649936699285573,0.8981279063636309,10,20,20
13,1704,1.5112501997658326e-15,0.06537272673046547,0.03809999448346338,0.8965272787860696,10,20,20
13,1705,1.7884211301318733e-15,0.0999986490046698,0.034457586844840925,0.8655437641504873,10,20,20
13,1706,1.245172401973491e-15,0.0999986490068688,0.0003063206441376202,0.8996950303489925,10,20,20
13,1707,1.2894116442646608e-15,0.09802150051447676,0.0055489304378087455,0.8964295690477133,10,20,20
13,1708,9.341490475040958e-14,0.09999829534270843,0.04487059973995426,0.8551311049172436,10,20,20
13,1709,4.142127870844597e-15,0.09999332017089355,0.08746818278223895,0.8125384970468634,10,20,20
13,1710,2.746154092585551e-15,0.0999933200181234,0.037046007986444696,0.862960671995429,10,20,20
13,1711,1.0485133230815567e-15,0.09990197780852378,0.0393001763074838,0.8607978458839913,10,20,20
13,1712,9.665116881329954e-18,0.09990197684815086,0.00356593997423977,0.8965320831776094,10,20,20
13,1713,8.792805022078663e-18,0.09999590938153988,0.001299787252198789,0.8987043033662612,10,20,20
13,1714,9.92130098061989e-16,0.09999590961173742,0.007400148443190273,0.8926039419450712,10,20,20
13,1715,2.9022920340025004e-11,0.09999590954211271,0.003129347687704954,0.8968747427411594,10,20,20
13,1716,3.719672197141703e-15,0.09993474462318373,0.003927524927258372,0.896137730449554,10,20,20
13,1717,3.434813906985485e-10,0.09999595085961657,0.003784437047831659,0.8962196117490702,10,20,20
13,1718,2.2037130253717662e-12,0.09999811006860043,0.001945702156883077,0.8980561877723128,10,20,20
13,1719,2.059583335201532e-16,0.09999436681869271,0.0006369854143898124,0.8993686477669174,10,20,20
13,1720,6.1839039355251655e-15,0.0999943704494213,0.0028469300416966254,0.8971586995088758,10,20,20
13,1721,1.431417131171966e-16,0.09999437043351504,0.00016403024951180205,0.899841599316973,10,20,20
13,1722,1.519699153937773e-11,0.09999436671500263,9.174569519867652e-05,0.8999138875746018,10,20,20
13,1723,2.8166406615210036e-13,0.09946552652005018,0.0019810790810758845,0.8985533943985923,10,20,20
13,1724,4.355971747831355e-15,0.09999566441729005,0.069126682225125,0.8308776533575803,10,20,20
13,1725,6.779875583709258e-17,0.09999566348908645,5.2912580181866665e-05,0.8999514239307315,10,20,20
13,1726,2.4560898249901867e-12,0.09999566482377828,0.16966377305422908,0.7303405621195364,10,20,20
13,1727,2.4675753926619427e-12,0.09866764580090198,0.10423311608668369,0.7970992381099465,10,20,20
13,1728,8.835768444069979e-10,0.09987253570605743,0.10015174977297074,0.7999757136373947,10,20,20
13,1729,8.841236517460879e-10,0.09987253570859234,0.12999358012483989,0.7701338832824441,10,20,20
13,1730,8.836361700402295e-10,0.0782726927932143,0.1515932291925265,0.770134077130623,10,20,20
13,1731,3.746710821960569e-12,0.0782709155857414,0.12195503218212171,0.7997740522283897,10,20,20
13,1732,0.0002763339676513946,0.044804502552434296,0.15560160856270938,0.7993175549172049,10,20,20
13,1733,0.00027633237676211024,0.09927696955346871,0.10061117132601294,0.7998355267437562,10,20,20
13,1734,1.2412049171817557e-06,0.002314989898033637,0.2013698857106883,0.7963138831863609,10,20,20
13,1735,1.2412047120758993e-06,1.524917349342916e-06,0.20005033873176373,0.7999468951461751,10,20,20
13,1736,7.668326807862872e-08,1.3678407150522012e-06,0.20033591231709297,0.7996626431589233,10,20,20
13,1737,2.0180924888090776e-10,0.0007529121035335715,0.19930128146885567,0.7999458062258012,10,20,20
13,1738,2.7890840595830003e-07,9.258669538901782e-09,0.2712299633676153,0.7287697484653091,10,20,20
13,1739,2.7871209794980787e-07,0.00011046010737112708,0.20019478295285253,0.7996944782276783,10,20,20
13,1740,0.0004812573155584314,5.926180668376405e-08,0.19414698049019552,0.8053717029324396,10,20,20
13,1741,0.011650576693663374,1.3411607316991231e-05,0.1869192667892883,0.8014167449097309,10,20,20
13,1742,8.23586391001455e-05,3.6473338269197104e-06,0.16826698841219426,0.8316470056148786,10,20,20
13,1743,2.8091825428158e-07,2.586396800580869e-09,0.16832158305110057,0.8316781334442485,10,20,20
13,1744,2.8091809329726814e-07,3.0665559234871104e-09,0.16773522112591946,0.8322644948894317,10,20,20
13,1745,3.681186292494698e-09,2.5376941498400128e-09,0.16851852313515528,0.8314814706459643,10,20,20
13,1746,6.204971542335867e-11,2.9025048258946715e-12,0.10012309098829955,0.8998769089467483,10,20,20
13,1747,6.355511181938749e-09,6.068042313917109e-11,0.10266179644533427,0.8973381971384742,10,20,20
13,1748,1.6041621132651555e-07,5.752602412277581e-09,0.10112907504093682,0.8988707587902491,10,20,20
13,1749,5.874836858608231e-11,7.502386281754068e-07,0.10217501009883008,0.897824239603793,10,20,20
13,1750,0.004289287322380487,5.685099203526916e-09,0.10049306984286026,0.8952176371496596,10,20,20
13,1751,0.004289287322380151,5.5318103982019876e-09,0.09784160371709233,0.8978691034287168,10,20,20
13,1752,0.004289287320726646,2.502756547080294e-10,0.09834572260262886,0.8973649898263686,10,20,20
13,1753,4.3536205812587645e-13,9.724821198137999e-05,0.10397897509228471,0.8959237766952983,10,20,20
13,1754,6.537695722926099e-16,4.4005587875164885e-08,0.10467336728563692,0.8953265887087742,10,20,20
13,1755,7.851077370040582e-09,1.5124619984011915e-08,0.10159544513742973,0.8984045318868725,10,20,20
13,1756,2.4822068678157467e-13,1.0144858957861108e-09,0.09992504928795803,0.9000749496973075,10,20,20
13,1757,2.4850590537432353e-13,1.0155617729088104e-09,0.19213151098025444,0.8078684880039351,10,20,20
13,1758,1.405507484800983e-10,1.0018273479698327e-06,0.1998736421913676,0.800125355840734,10,20,20
13,1759,3.994103526767931e-09,1.3661950589034447e-05,0.20159566015007271,0.7983906739052344,10,20,20
13,1760,0.007527961540032121,0.002023227299633427,0.18786439773587021,0.8025844134244637,10,20,20
13,1761,3.985172910797986e-09,1.2660582644215644e-05,0.20083285553410596,0.7991544798980763,10,20,20
13,1762,3.982710587683799e-09,0.07066057942908674,0.129861713197586,0.7994777033906164,10,20,20
13,1763,3.2654072177045256e-14,0.0928477993017822,0.1797868990766985,0.7273653016214869,10,20,20
13,1764,1.4075027212354398e-12,0.09998627466852962,0.17230670024091865,0.727707025089144,10,20,20
13,1765,1.4603036111734446e-12,0.09970702701235423,0.14529945302808742,0.754993519958098,10,20,20
13,1766,1.3466212458057286e-09,0.0991227920320107,0.09565129740699733,0.8052259092143709,10,20,20
13,1767,5.264748672990706e-07,0.09912375964734571,0.09469381911722449,0.8061818947605623,10,20,20
13,1768,2.399465080995285e-13,0.09967576544297015,0.17619585266800877,0.7241283818887808,10,20,20
13,1769,0.040394523970756886,0.0996757186448549,0.06482393244161708,0.7951058249427708,10,20,20
13,1770,2.4848821893483967e-06,0.09967571417136323,0.10044686876971129,0.7998749321767357,10,20,20
13,1771,3.968570228520461e-05,0.09982832502006983,0.1005762904841239,0.799555698793521,10,20,20
13,1772,3.448700125227815e-11,0.09944771103562174,0.0009978200359586648,0.8995544688939324,10,20,20
13,1773,3.4547039577071636e-11,0.056359875204578656,0.044043040450608674,0.8995970843102656,10,20,20
13,1774,6.155618471319887e-14,0.056359875108507686,0.10758506195606532,0.8360550629353657,10,20,20
13,1775,1.8802880700597655e-11,0.04082127636926156,0.12311868858378934,0.8360600350281461,10,20,20
13,1776,5.1547674475755615e-12,0.09990409383088414,0.09111643975203987,0.8089794664119212,10,20,20
13,1777,1.8681633688244582e-13,0.09990409371291986,0.03698197238034705,0.8631139339065461,10,20,20
13,1778,7.503631154627723e-14,0.09990409305989582,0.004901949494901159,0.8951939574451279,10,20,20
13,1779,2.984004817389601e-10,0.0996062315349869,0.0038189611314216076,0.8965748070351909,10,20,20
13,1780,2.984039717741986e-10,0.09960623161278677,0.005120373350385022,0.895273394738424,10,20,20
13,1781,3.0420938229463e-10,0.09960623126523191,0.0020482418227790373,0.8983455266077796,10,20,20
13,1782,2.983241055053388e-10,0.09960623126346325,0.05056840546542013,0.8498253629727925,10,20,20
13,1783,2.98319544029034e-10,0.0996062312717132,0.004572401436968989,0.8958213669929984,10,20,20
13,1784,2.983253983172258e-10,0.09960624281394656,0.0033646903821815946,0.8970290665055464,10,20,20
13,1785,2.983200455725104e-10,0.09960623143804306,0.02131001284383229,0.8790837554198045,10,20,20
13,1786,7.617249226731608e-17,0.09955796975209207,0.03648348538817033,0.8639585448597377,10,20,20
13,1787,9.599799802389509e-09,0.06690187192881683,0.06755415207906272,0.8655439663923203,10,20,20
13,1788,2.3361268321654597e-08,0.09974646466059135,0.13356411011451377,0.7666894018636261,10,20,20
13,1789,2.836359763987329e-14,0.09994445252840539,0.12964839681989376,0.7704071506516723,10,20,20
13,1790,1.4428948935828743e-06,0.0997632793500354,0.10035201603254891,0.7998832617225216,10,20,20
13,1791,7.835138686106295e-14,0.10029905876918829,0.14016714213034515,0.7595337991003881,10,20,20
13,1792,5.246460149329942e-12,0.0999095433142583,0.10372607398137353,0.7963643826991216,10,20,20
13,1793,5.298616899036747e-12,0.0999095433173475,0.10151486124503868,0.7985755954323152,10,20,20
13,1794,5.238536209544924e-12,0.0997004626072315,0.10039230986245998,0.79990722752507,10,20,20
13,1795,5.238528315606344e-12,0.09970046864848206,0.10190149490348337,0.7983980364427958,10,20,20
13,1796,5.238499338790889e-12,0.08472070985931042,0.11712175987526532,0.7981575302601858,10,20,20
13,1797,8.869920829653701e-10,0.1000005876771409,0.10652275017232413,0.7934766612635428,10,20,20
13,1798,8.874210079177297e-10,0.0998802434441152,0.1079418694558344,0.7921778862126294,10,20,20
13,1799,2.0457102939207134e-07,7.110951832751757e-06,0.20851369310719048,0.7914789913699467,10,20,20
13,1800,6.886174687049213e-07,0.012803519650118767,0.19055666563148146,0.796639126100931,10,20,20
13,1801,6.886174684321963e-07,0.012803519657781547,0.1890741176387075,0.7981216740860424,10,20,20
13,1802,1.9108666010157577e-09,1.7562182617237923e-05,0.20306011404312088,0.7969223218633957,10,20,20
13,1803,6.924122758748528e-06,1.56539333171002e-05,0.20003748641923497,0.7999399355246894,10,20,20
13,1804,1.8581781382787315e-09,0.0007314229398129779,0.2040540417953176,0.7952145334066917,10,20,20
13,1805,1.8580981583226174e-09,2.3386717285227016e-05,0.2000702437519065,0.7999063676727103,10,20,20
13,1806,2.0744220378797966e-15,2.3949265967430372e-05,0.2000611681145255,0.799914882619505,10,20,20
13,1807,4.45610358699042e-12,1.2496707319076995e-06,0.2000576783685863,0.7999410719562257,10,20,20
13,1808,1.8585833615159808e-10,0.0002297953793108781,0.10187097396655886,0.897899230468272,10,20,20
13,1809,3.359926475670664e-10,0.04206460176127167,0.06291739732657757,0.8950180005761581,10,20,20
13,1810,4.848457570086873e-13,0.09999708081556513,0.09356626501135755,0.8064366541725926,10,20,20
13,1811,3.9504961408327774e-09,0.09976781128962878,0.10460692638435329,0.7956252583755217,10,20,20
13,1812,3.950496246309978e-09,0.09976781128961634,0.10391634494598505,0.7963158398139022,10,20,20
13,1813,3.95049342828995e-09,0.09987347950187737,0.10021227634868227,0.7999142401989467,10,20,20
13,1814,1.540826130977906e-10,0.09987172180887491,0.10403197151775642,0.7960963065192859,10,20,20
13,1815,2.611176876830659e-07,0.09998992551105491,0.09997273828281834,0.8000370750884389,10,20,20
13,1816,1.2219740845633606e-10,0.10548891105808851,0.09527673511525102,0.799234353704463,10,20,20
13,1817,1.4858673631011506e-15,0.10002139946360764,0.10052132424611351,0.7994572762902773,10,20,20
13,1818,1.8510354278897052e-11,0.10015300395349488,0.10314869119120185,0.7966983048367926,10,20,20
13,1819,3.6264386645250414e-10,0.005632249402584295,0.22135134545426208,0.7730164047805097,10,20,20
13,1820,2.933317447079917e-05,0.00547704120686783,0.2620975993721787,0.7323960262464826,10,20,20
13,1821,5.9298111248693974e-08,2.649366041585021e-08,0.19648398785201165,0.803515926356216,10,20,20
13,1822,0.013944272957604639,2.6344626017838205e-07,0.13315318436160978,0.852902279234525,10,20,20
13,1823,2.0672257053271676e-08,0.00019954940577029124,0.14409785940652273,0.8557025705154497,10,20,20
13,1824,2.067224314178842e-08,0.00019954056868377672,0.0991152391507878,0.9006851996082853,10,20,20
13,1825,8.127025439927683e-10,4.406750363966114e-09,0.03591545167598092,0.964084543104566,10,20,20
13,1826,1.6534912192889202e-13,5.669520618693907e-13,0.0008540885102308662,0.9991459114890369,10,20,20
13,1827,5.951905054165567e-13,1.4311937635289884e-10,0.005803177095666244,0.994196822760619,10,20,20
13,1828,1.6714334438023841e-13,2.3247349341260013e-12,0.0008034207857187603,0.9991965792117894,10,20,20
13,1829,1.6661958859199013e-13,1.8173268539650536e-13,0.0008155332645130665,0.9991844667351385,10,20,20
13,1830,5.033249575359619e-13,1.4365723545845908e-11,0.0008697975770656275,0.9991302024080653,10,20,20
13,1831,1.0159698740544895e-16,6.346581703721098e-13,8.180283764706658e-05,0.9999181971617184,10,20,20
13,1832,5.232312399996969e-11,2.5924675163762357e-12,0.0001585621400504502,0.9998414378050338,10,20,20
13,1833,2.2481264090059572e-14,2.2374153454707565e-12,0.00019456606978887153,0.9998054339279513,10,20,20
13,1834,6.420771282521728e-16,5.145845000737904e-12,0.021214700540292473,0.9787852994545609,10,20,20
13,1835,7.51245273741217e-15,1.5011497379141746e-11,0.05166871581442112,0.9483312841705598,10,20,20
13,1836,7.911550982687262e-15,8.081699109539381e-12,0.03064230098786037,0.9693576990040503,10,20,20
13,1837,1.6544610343096947e-11,6.768152583802239e-11,0.01623554621663447,0.9837644536991397,10,20,20
13,1838,3.7568888996611475e-13,8.322912958435576e-13,0.013823286764123265,0.9861767132346688,10,20,20
13,1839,3.755788175155057e-13,5.7351852759532306e-11,0.016751677834119343,0.9832483221081532,10,20,20
13,1840,3.776545565811235e-13,2.3086389428755166e-09,0.08639149595788662,0.9136085017330968,10,20,20
13,1841,5.971702420290819e-15,6.204116013464239e-14,3.78409338494199e-05,0.9999621590660828,10,20,20
13,1842,2.6379551548065344e-14,4.278609064449718e-10,0.05483884000332023,0.9451611595687923,10,20,20
13,1843,2.2353975770751226e-14,3.8909682712888623e-11,0.0015967547080943851,0.9984032452529735,10,20,20
13,1844,1.2819633661635448e-12,1.0569574343600545e-10,0.09632684011501437,0.9036731597780078,10,20,20
13,1845,2.371419770989995e-14,7.097074116745808e-11,0.058459054045737736,0.9415409458832678,10,20,20
13,1846,1.7084215696952257e-15,6.843104835596787e-11,0.061813197231109195,0.9381868027004581,10,20,20
13,1847,3.425068522912214e-16,1.1518694676787682e-09,0.045091649946897946,0.9549083489012323,10,20,20
13,1848,5.807106744854248e-12,1.1993109633363416e-09,0.006624629687515338,0.9933753691073667,10,20,20
13,1849,2.2843763436233724e-15,2.8184552680645405e-14,2.3432361297451323e-05,0.9999765676386719,10,20,20
13,1850,8.780557488781844e-13,8.488616997746917e-11,0.0013200583641107676,0.9986799415501251,10,20,20
13,1851,1.913878345057318e-15,1.374801886006632e-11,0.002203491092998632,0.9977965088932514,10,20,20
13,1852,6.145168751104102e-14,1.6683357043649323e-09,0.04729906304286681,0.9527009352887361,10,20,20
13,1853,6.384890247008217e-14,1.4498494346213113e-09,0.002973282120617846,0.9970267164294688,10,20,20
13,1854,1.9469321840844463e-14,1.7525761846108426e-09,0.02694405988579058,0.9730559383616137,10,20,20
13,1855,1.698482065643243e-14,3.344135982317475e-10,0.02814749000148034,0.9718525096640891,10,20,20
13,1856,1.6868187100084518e-14,3.1794053373755824e-10,0.029320585374839902,0.9706794143072027,10,20,20
13,1857,6.407815282917865e-18,1.967818668043949e-12,0.004428068967185133,0.9955719310308471,10,20,20
13,1858,7.840132742945729e-16,7.248272560414631e-10,0.06770545973874623,0.9322945395364256,10,20,20
13,1859,4.680158828649787e-15,1.7645822370664063e-11,0.00480282492774734,0.9951971750546018,10,20,20
13,1860,8.680949597889065e-14,4.723806106911807e-09,0.10275216702774506,0.8972478282483616,10,20,20
13,1861,5.3937752320889e-09,3.2212901909745105e-09,0.11533731077208753,0.8846626806128471,10,20,20
13,1862,1.5751138081029747e-14,5.571991202497471e-11,0.15207573655893397,0.8479242633853303,10,20,20
13,1863,1.418144333706573e-05,0.011519939651794257,0.1397023012852691,0.8487635776195995,10,20,20
13,1864,0.0023629921831822857,6.288258388037484e-06,0.11643960277369866,0.8811911167847306,10,20,20
13,1865,0.002362992183182078,6.2883596037740245e-06,0.09900742068279436,0.8986232987744195,10,20,20
13,1866,1.5807590852135558e-07,4.9352478478714703e-08,0.10014421366088269,0.89985557891073,10,20,20
13,1867,1.5807590991352141e-07,4.935142422120818e-08,0.10012978987608653,0.8998700026965792,10,20,20
13,1868,1.5807565327748548e-07,4.934917002678031e-08,0.10617770043208619,0.8938220921430904,10,20,20
13,1869,1.4584972684026473e-10,0.018831900099585394,0.12843666528470546,0.8527314344698593,10,20,20
13,1870,2.5652083730456455e-11,1.7285503447838283e-05,0.10268678541483207,0.8972959290560686,10,20,20
13,1871,6.859051655634597e-12,4.771143123657256e-07,0.10276683782872345,0.8972326850501048,10,20,20
13,1872,6.554220233182936e-09,3.737806730500717e-05,0.10004427217180381,0.8999183432066709,10,20,20
13,1873,1.5063682743236565e-07,3.47393460411433e-07,0.022624854235795987,0.9773746477339161,10,20,20
13,1874,5.324772510529287e-16,3.584674452223291e-10,0.0024356045758073546,0.9975643950657245,10,20,20
13,1875,4.2263501719602e-16,1.5202671266666855e-11,0.0024131416800345145,0.9975868583047625,10,20,20
13,1876,5.487251300871397e-11,7.154169451962408e-11,0.022261360268953895,0.9777386396046317,10,20,20
13,1877,2.6204223208264746e-17,2.8429158917353633e-12,0.0001560061195821926,0.9998439938775749,10,20,20
13,1878,8.331437828694101e-08,3.512572013542268e-12,5.898806983464873e-05,0.9999409286122747,10,20,20
13,1879,8.331437826951354e-08,3.5309539975863184e-12,0.0025005404091058762,0.9974993762729849,10,20,20
13,1880,8.331502904561627e-08,2.6426194347554854e-12,0.0975869690323712,0.902412947649957,10,20,20
13,1881,5.26214738543759e-12,3.5480961608241838e-12,0.14564177051293997,0.8543582294782498,10,20,20
13,1882,6.334870390215341e-14,0.025020669152777945,0.12378568309845439,0.8511936477487041,10,20,20
13,1883,2.2197370952431854e-11,0.004154045868542846,0.10869245627140325,0.8871534978378565,10,20,20
13,1884,1.881653276339674e-07,2.30164640062825e-07,0.10137032996005939,0.8986292517099725,10,20,20
13,1885,1.8816532776383887e-07,2.2879494439668992e-07,0.10984653591144929,0.8901530471282781,10,20,20
13,1886,1.881653391216023e-07,2.2879616263417413e-07,0.10507392224333827,0.8949256607951599,10,20,20
13,1887,3.446087213908663e-12,2.214631733960155e-05,0.10257393328500711,0.8974039203942071,10,20,20
13,1888,1.4520941847470593e-14,2.103551626134257e-07,0.10015655407108788,0.8998432355737345,10,20,20
13,1889,2.513660441308212e-07,1.9197302340761417e-06,0.1506357999250505,0.849362028978671,10,20,20
13,1890,2.5194028406275767e-07,1.6977935120294154e-06,0.15489950717572165,0.845098543090482,10,20,20
13,1891,1.7601874558121412e-13,7.979300202009449e-07,0.10073549049726507,0.8992637115725384,10,20,20
13,1892,1.7429450258995072e-10,0.0001939023656079553,0.10280147436874087,0.897004623091356,10,20,20
13,1893,1.7429362726802066e-10,0.00019390234427443337,0.10166603598040194,0.8981400615010301,10,20,20
13,1894,6.840097094790912e-10,0.0007795756601909218,0.10122061538055564,0.8979998082752438,10,20,20
13,1895,6.822229035595839e-10,0.000779576231251411,0.10037220670595821,0.8988482163805674,10,20,20
13,1896,2.1242908351039547e-12,2.1485781496146176e-06,0.10123276764073215,0.8987650837789939,10,20,20
13,1897,4.164176368067238e-13,2.154347243489228e-06,0.10675367025766898,0.8932441753946712,10,20,20
13,1898,4.1750941618470236e-13,2.154350952574485e-06,0.10780372741361874,0.8921941182350113,10,20,20
13,1899,2.643488711318808e-13,9.69352804201918e-05,0.10020483856909687,0.8996982261502187,10,20,20
13,1900,0.0008844434949339677,2.949079699007147e-05,0.10226866026724073,0.8968174054408354,10,20,20
13,1901,1.3396945698220555e-05,2.580955467372755e-06,0.10263199680207769,0.897352025296757,10,20,20
13,1902,1.6456567665333176e-06,9.239321275781682e-07,0.12131755526933766,0.8786798751417685,10,20,20
13,1903,1.6456567628783145e-06,9.239347761076181e-07,0.12187851139948931,0.8781189190089721,10,20,20
13,1904,1.8099659103699347e-12,0.01880235697854548,0.10260522108885635,0.8785924219307886,10,20,20
13,1905,2.060517155215829e-13,0.01880235713640283,0.18073738070966916,0.8004602621537222,10,20,20
13,1906,4.252066467429504e-13,0.00041036992397108064,0.19675847178002592,0.8028311582955778,10,20,20
13,1907,7.049290436523484e-13,0.00041037209947478143,0.20255598976736938,0.7970336381324508,10,20,20
13,1908,3.851404763446287e-09,6.021697456581997e-05,0.20052251202783955,0.7994172671461898,10,20,20
13,1909,3.097510611699432e-09,1.7078019299778793e-06,0.20633575885529817,0.7936625302452615,10,20,20
13,1910,3.1060929388243545e-09,0.011739641219225022,0.19216838338189576,0.796091972292786,10,20,20
13,1911,3.097399980409807e-09,1.7078534664337365e-06,0.20436144347757387,0.7956368455715593,10,20,20
13,1912,7.286302907587121e-09,3.430940129088392e-06,0.2002160020136326,0.7997805597599352,10,20,20
13,1913,2.0014065584478516e-11,0.002432570478895898,0.19935869508501666,0.7982087344160733,10,20,20
13,1914,0.004424766031386156,5.197581197817384e-05,0.15499667593742641,0.8405265822192088,10,20,20
13,1915,0.00013794365319972748,3.988565241157362e-05,0.15928545021093954,0.8405367204834487,10,20,20
13,1916,0.00013794257337227262,4.8881799902384584e-08,0.10166580580038949,0.898196202744438,10,20,20
13,1917,0.00013794257337235716,4.887925020043995e-08,0.09996949373636113,0.8998925148110161,10,20,20
13,1918,1.2554408519646058e-07,4.0442856295286953e-11,0.10010884684317156,0.8998910275723002,10,20,20
13,1919,1.2554269796241537e-07,3.9200194292058837e-11,0.10000998011529612,0.8999898943028055,10,20,20
13,1920,1.2958461973077052e-08,1.3529120997532568e-07,0.08810887253467584,0.911890979215652,10,20,20
13,1921,1.6432235035049102e-13,4.843790854870652e-12,0.000638105907157909,0.999361894087834,10,20,20
13,1922,2.897743058303127e-14,1.5484242426725827e-13,0.0022703330571346085,0.9977296669426815,10,20,20
13,1923,2.0667509330688947e-15,1.9929676651547865e-13,0.0010565506386641492,0.9989434493611349,10,20,20
13,1924,3.803430104088616e-14,1.322709708292341e-13,0.0009733890547692474,0.9990266109450603,10,20,20
13,1925,1.778726325666848e-15,1.8380373019106503e-11,0.0029359628975484386,0.9970640370840693,10,20,20
13,1926,1.8217349347228404e-15,2.0782679902897566e-11,0.003894888925444322,0.996105111053771,10,20,20
13,1927,4.141505324510437e-17,9.946016927982182e-10,0.0024030528277786283,0.9975969461776197,10,20,20
13,1928,9.712113392945106e-14,9.95813963110196e-10,0.0030066301231004584,0.9969933688809883,10,20,20
13,1929,1.7082034403097637e-16,8.240466734987503e-11,0.0015001335857304028,0.9984998663318647,10,20,20
13,1930,3.3729152659647055e-15,1.794078034789085e-10,0.10158242309124957,0.8984175767293389,10,20,20
13,1931,3.370985382664874e-15,3.405542704295608e-07,0.10476429551898254,0.8952353639267434,10,20,20
13,1932,3.368912649357266e-15,3.405430250448436e-07,0.10324894375257536,0.8967507157043965,10,20,20
13,1933,9.367026456350106e-11,0.0001785910651498425,0.10002247635524752,0.8997989324859323,10,20,20
13,1934,8.891279057177901e-12,4.216095879226255e-06,0.10110865686654251,0.898887127028687,10,20,20
13,1935,6.965713956620197e-14,0.011215913520472695,0.0888245090977707,0.8999595773816866,10,20,20
13,1936,6.814319394007604e-14,0.011215914050597403,0.0926042573750335,0.8961798285743008,10,20,20
13,1937,6.859841648904593e-11,6.577918351927724e-05,0.1049561214494658,0.894978099298416,10,20,20
13,1938,8.19120464017329e-15,3.5247450832659824e-13,0.0009175307105722061,0.9990824692890671,10,20,20
13,1939,4.390983665557773e-15,6.074418339126547e-12,0.000702247461759937,0.9992977525321614,10,20,20
13,1940,1.1428350310044037e-12,1.3747364256310605e-07,0.10507718632767755,0.8949226761975371,10,20,20
13,1941,6.04970438990053e-10,3.047828732247844e-05,0.17882393873945165,0.8211455823682556,10,20,20
13,1942,1.1032942236012092e-12,2.9109190458407966e-06,0.16993510020568586,0.8300619888741652,10,20,20
13,1943,1.0828899833349338e-12,4.445166318225743e-07,0.10111855840595038,0.8988809970763348,10,20,20
13,1944,1.2539724974409393e-14,9.678140227916507e-07,0.18142840551772055,0.818570626668244,10,20,20
13,1945,3.627152365056249e-09,7.727937932481257e-07,0.12614133669908242,0.8738578868799713,10,20,20
13,1946,3.6271695076499465e-09,1.12187165312568e-07,0.10426770263861944,0.8957321815470456,10,20,20
13,1947,2.045397759478926e-15,4.8153185348862416e-05,0.10009959478469006,0.899852252029959,10,20,20
13,1948,5.570475706398738e-12,1.1223657423349408e-10,0.10013137762306039,0.8998686222591324,10,20,20
13,1949,5.570770946450986e-12,1.1209990625993739e-10,0.10005428248842871,0.8999457173939005,10,20,20
13,1950,7.842445369642454e-07,5.704569883229996e-09,0.09912564416244225,0.9008735658884509,10,20,20
13,1951,0.014920372504562948,5.2814431923131944e-05,0.08607610209533174,0.8989507109681822,10,20,20
13,1952,1.9423548724600274e-06,0.0011535926070975811,0.09908728619917027,0.8997571788388598,10,20,20
13,1953,1.4618516832497817e-15,3.248958574058023e-06,0.15014467667310294,0.8498520743683209,10,20,20
13,1954,1.552314680249719e-05,5.5881515228893205e-06,0.10299639942235816,0.8969824892793159,10,20,20
13,1955,1.5523146804392007e-05,5.5881332773759795e-06,0.1001033065178731,0.8998755822020451,10,20,20
13,1956,1.1978258753006474e-09,1.8484735450028227e-09,0.04289363769328834,0.9571063592604121,10,20,20
13,1957,3.788804742070267e-14,1.5404447714290713e-13,0.029555677540737117,0.9704443224590709,10,20,20
13,1958,1.3011001430660285e-11,1.4711635793847471e-12,0.004285962032591156,0.9957140379529268,10,20,20
13,1959,3.2241634861211535e-14,3.723851933458402e-09,0.03985731390409435,0.9601426823720216,10,20,20
13,1960,1.945349904322438e-14,3.7693649843112634e-09,0.03621346399863938,0.9637865322319762,10,20,20
13,1961,1.9456803368246217e-14,3.790644887026532e-09,0.037570390259481806,0.9624296059498538,10,20,20
13,1962,1.3532151513259873e-18,1.2655590528970058e-10,0.006860781240079118,0.9931392186333647,10,20,20
13,1963,1.3733775018577492e-15,1.2638387609315793e-10,0.00067331405438283,0.9993266858192319,10,20,20
13,1964,2.3125260657482285e-10,1.975189887972778e-10,0.0009603572681823472,0.9990396423030459,10,20,20
13,1965,4.3083377034000413e-16,1.4794442084698826e-11,0.0011310298400600907,0.9988689701451449,10,20,20
13,1966,1.0059173521595909e-16,6.864496221487971e-12,0.005395354572708357,0.9946046454204268,10,20,20
13,1967,2.1679620330760363e-15,3.299118300799493e-12,0.004985110099159657,0.9950148898975388,10,20,20
13,1968,3.94223600971937e-12,7.453406010041641e-11,0.0035803096357044095,0.9964196902858191,10,20,20
13,1969,3.942302388026155e-12,4.8084269863154096e-11,0.0005550022696993072,0.999444997678274,10,20,20
13,1970,3.940882179777091e-12,3.7239421860746814e-11,0.0004214935787125733,0.999578506380107,10,20,20
13,1971,4.100205425407955e-09,1.183210882232729e-11,0.004098318524949609,0.9959016773630127,10,20,20
13,1972,4.10012391719705e-09,8.698023920865647e-10,0.002554714630403933,0.9974452803996694,10,20,20
13,1973,4.100130358306895e-09,4.25090207490386e-08,0.00889420688696175,0.9911057465038869,10,20,20
13,1974,4.100140620862082e-09,3.9782899879135176e-08,0.0050092454676323285,0.9949907106493269,10,20,20
13,1975,2.0510659274447376e-14,9.370019132191109e-10,0.00445273168853124,0.9955472673744461,10,20,20
13,1976,5.0337711719399776e-17,1.480286253204483e-12,0.005047426766700233,0.9949525732318196,10,20,20
13,1977,1.924782784393678e-17,2.235672392205887e-14,0.002579497122960512,0.997420502877017,10,20,20
13,1978,8.104060714148018e-15,1.782166841177063e-10,0.0019210694919374125,0.9980789303298379,10,20,20
13,1979,9.77057039857939e-15,2.2303331684822323e-09,0.0006817661399789057,0.999318231629678,10,20,20
13,1980,1.6893882661300134e-15,2.1213292581914095e-09,0.0002013715421027431,0.9997986263365662,10,20,20
13,1981,5.267584501199515e-13,4.4045936163760356e-08,0.0007719058653378943,0.9992280500881991,10,20,20
13,1982,2.363354678245073e-12,1.8944828171505192e-10,0.004065875500923237,0.9959341243072652,10,20,20
13,1983,2.3635023110543277e-12,1.9030420534231946e-10,0.03393352246772049,0.9660664773396122,10,20,20
13,1984,5.981421679063532e-14,2.0779507694574333e-10,0.0013497618479577232,0.9986502379441875,10,20,20
13,1985,2.8484605917655006e-14,1.1880344479909705e-10,0.00012548130115676954,0.9998745185800113,10,20,20
13,1986,1.8891959243933193e-13,1.216155373617068e-10,0.00014629774409763392,0.999853702134098,10,20,20
13,1987,1.249011137341239e-15,1.5140801867669287e-11,0.0010235703329657259,0.998976429651892,10,20,20
13,1988,2.3687770143915484e-15,9.515683368059679e-11,0.0010921021620950316,0.9989078977427457,10,20,20
13,1989,1.2819664858167322e-15,1.0058722268073113e-10,0.005090784344975593,0.994909215554436,10,20,20
13,1990,1.784607352272312e-14,8.743551135100405e-11,0.043362516621020884,0.9566374832915259,10,20,20
13,1991,2.751637742600071e-17,8.674930268707578e-11,0.00536187318597323,0.9946381267272775,10,20,20
13,1992,5.234637108372416e-14,1.7253241713188884e-09,0.04291151263442098,0.9570884856402027,10,20,20
13,1993,5.3226108329769056e-14,1.8402067813865658e-09,0.056703854362731655,0.9432961437970082,10,20,20
13,1994,1.5207764576807669e-12,5.17999309478363e-08,0.1028707124422273,0.8971292357563205,10,20,20
13,1995,5.331517777217006e-10,0.0026684219077494657,0.06727214361014935,0.9300594339489494,10,20,20
13,1996,1.890399304946832e-13,2.050819226069487e-08,0.025768101926931387,0.9742318775646874,10,20,20
13,1997,1.340358091834426e-13,2.0391389074814392e-08,0.0032755464157178346,0.9967244331927592,10,20,20
13,1998,1.196372991336268e-13,3.20414646150609e-07,0.008430833547380875,0.9915688460378533,10,20,20
13,1999,6.325917089937269e-14,3.204776706199201e-07,0.007759280345383238,0.992240399176883,10,20,20
13,2000,1.4314998023347999e-12,1.8177067180934318e-07,0.14453165182437477,0.8554681664035219,10,20,20
13,2001,2.981826301832426e-13,2.984919778349795e-06,0.10171481833745435,0.8982821967424691,10,20,20
13,2002,2.6551578583698156e-14,2.9850218456958284e-06,0.14067463772439986,0.8593223772537277,10,20,20
13,2003,4.362862746559633e-12,2.7612397101717666e-09,0.10525161006809966,0.8947483871662975,10,20,20
13,2004,2.80592166808523e-13,2.3569490982927256e-09,0.10001435201726747,0.8999856456255027,10,20,20
13,2005,4.008580494373856e-14,2.8109910769309865e-11,0.1000894629765848,0.899910536995265,10,20,20
13,2006,1.102654239344385e-13,2.5354711955257303e-08,0.10210286167750653,0.8978971129676712,10,20,20
13,2007,2.555924335686422e-11,2.7958983705350977e-12,0.14401006018016618,0.8559899397914785,10,20,20
13,2008,4.7187333925220473e-17,2.3538789543187458e-12,0.042481793311925836,0.9575182066857202,10,20,20
13,2009,3.8412198715535254e-16,1.5056029829133653e-11,0.0642896847164348,0.9357103152685087,10,20,20
13,2010,1.4739551014402316e-16,1.491803693946487e-11,0.06426002375276837,0.9357399762323135,10,20,20
13,2011,4.765048545720086e-15,2.1997109110322442e-09,0.2032585500801543,0.7967414477201301,10,20,20
13,2012,1.8590146522078538e-17,9.203921016575841e-09,0.10007989731060699,0.899920093485472,10,20,20
13,2013,2.7455975804215713e-14,0.0008111531266345784,0.09706292920884271,0.9021259176644953,10,20,20
13,2014,1.820163414914999e-17,0.0014529890635956158,0.09864049771213063,0.8999065132242736,10,20,20
13,2015,5.441786299456956e-13,1.376122542951969e-09,0.002897175734655354,0.9971028228886778,10,20,20
13,2016,1.7958955009579255e-15,1.4326494888034311e-09,0.0029833167252868104,0.9970166818420619,10,20,20
13,2017,9.696080901960449e-16,2.99636729730509e-11,0.0001938763477294596,0.9998061236223059,10,20,20
13,2018,9.826451886183338e-16,2.9971441778346104e-11,0.07680239922140095,0.9231976007486263,10,20,20
13,2019,1.5591247205312636e-15,3.3534598627555473e-10,0.030474408463285547,0.9695255912013667,10,20,20
13,2020,1.0189707347921893e-16,9.93262079746097e-10,0.00036941299626727674,0.9996305860104705,10,20,20
13,2021,4.889928351307453e-16,7.313950682987938e-11,0.0020071300846108238,0.9979928698422492,10,20,20
13,2022,1.9810712570288085e-14,3.8108079627971485e-12,0.0015008830244046464,0.9984991169717647,10,20,20
13,2023,9.946852552565975e-14,1.0874656359946015e-11,0.001485593342690403,0.9985144066463354,10,20,20
13,2024,2.5258114409394766e-15,4.29083644784764e-13,0.07732456832364605,0.9226754316759223,10,20,20
13,2025,5.373662520367107e-05,2.594266825557503e-07,0.09745775310177676,0.9024882508463369,10,20,20
13,2026,5.373662520518585e-05,2.5951148612868597e-07,0.1477093178951396,0.8522366859681686,10,20,20
13,2027,1.8063895980521868e-07,2.0718398192603436e-05,0.15369157438559014,0.8462875265772576,10,20,20
13,2028,8.86875436460079e-07,1.5345616465404656e-07,0.10789124115867092,0.8921077185097281,10,20,20
13,2029,7.062371248098684e-07,1.5333120885077723e-07,0.1358580579114848,0.8641410825201816,10,20,20
13,2030,7.062367911569308e-07,1.5706292251295004e-07,0.1010500358213627,0.8989491008789237,10,20,20
13,2031,3.736089243845556e-12,0.0006805162967604778,0.09942265416764112,0.8998968295318621,10,20,20
13,2032,2.3698749856203017e-14,2.2146834993648303e-06,0.10088189836567787,0.8991158869507991,10,20,20
13,2033,2.009366801416214e-13,0.0012099844359413862,0.10524291514889059,0.8935471004149667,10,20,20
13,2034,1.5452271623819047e-15,0.0009728875243224941,0.10635946404889826,0.8926676484267775,10,20,20
13,2035,1.4226254878228206e-10,4.464768585419089e-09,0.1280804254458254,0.8719195699471436,10,20,20
13,2036,1.4700230798726392e-10,0.0004445076206391419,0.12632387617662583,0.8732316160557329,10,20,20
13,2037,5.28949694828126e-11,2.660654355943175e-07,0.16188128303414104,0.8381184508475286,10,20,20
13,2038,6.913378325785168e-07,1.292906799045696e-09,0.1019781360072131,0.8980211713620477,10,20,20
13,2039,2.3898366515380106e-07,8.853672624004618e-06,0.1609117716330402,0.8390791357106704,10,20,20
13,2040,6.78684948963548e-07,5.701361364381761e-09,0.10188947222593762,0.898109843387752,10,20,20
13,2041,0.004163611872339089,9.98409967895598e-06,0.10215567420977618,0.8936707298182055,10,20,20
13,2042,1.9434321651082424e-05,8.563218098462909e-11,0.107623389457188,0.8923571761355287,10,20,20
13,2043,1.8810967672627372e-05,7.586519394356877e-09,0.10354458901600179,0.8964365924298056,10,20,20
13,2044,1.8810967669366075e-05,7.586662517121493e-09,0.10352947623349093,0.8964517052121765,10,20,20
13,2045,1.8810967669653992e-05,7.587277783020394e-09,0.10013347828736216,0.8998477031576899,10,20,20
13,2046,5.0240308040724586e-11,0.0001380869099709199,0.09760022240724736,0.9022616906325416,10,20,20
13,2047,2.2904102552726801e-10,3.650049716925842e-08,0.10015781492893175,0.8998421483415294,10,20,20
13,2048,2.2904410238405005e-10,3.8154814504809045e-08,0.10523635128651213,0.8947636103296291,10,20,20
13,2049,7.614962160932432e-16,0.0002470248320499005,0.09993268943367042,0.8998202857342787,10,20,20
13,2050,4.13045789446498e-11,2.2512777975033408e-05,0.2838263595860767,0.7161511275946435,10,20,20
13,2051,1.8826676122249706e-13,2.2339437485149463e-05,0.20238639228656935,0.7975912682757571,10,20,20
13,2052,1.0384511013866295e-12,8.716680353641755e-05,0.20018416868816766,0.7997286645072577,10,20,20
13,2053,2.4661863348542627e-05,5.333732652951212e-05,0.2414050249883613,0.7585169758217603,10,20,20
13,2054,3.5695665483627662e-09,2.9276597894317226e-07,0.13498096992722908,0.8650187337372252,10,20,20
13,2055,3.444327720866341e-10,5.093803753145958e-07,0.1858841507159134,0.814115339559278,10,20,20
13,2056,2.8397437353883017e-10,4.407076480786513e-07,0.1056859077905492,0.8943136512178281,10,20,20
13,2057,2.8137736050000456e-10,4.4067078499858554e-07,0.1056085612471173,0.8943909978007204,10,20,20
13,2058,4.2970904352315484e-05,1.2382718671430703e-09,0.060884376749668304,0.9390726511077077,10,20,20
13,2059,3.552190829666774e-13,8.23366861286879e-06,0.10012069404255183,0.8998710722884798,10,20,20
13,2060,4.1417185651256914e-11,1.634934493133454e-05,0.10660335952152604,0.8933802910921255,10,20,20
13,2061,4.14126593310215e-11,2.374843395888861e-06,0.1019890907076072,0.8980085344075841,10,20,20
13,2062,2.098401459519088e-15,0.0007440762144555403,0.10126874263033822,0.8979871811552037,10,20,20
13,2063,6.3538488580940765e-15,0.0007440888108232844,0.10580799834199221,0.8934479128471778,10,20,20
13,2064,0.0010860852554749974,9.27900765053976e-13,0.09894786461621895,0.8999660501273778,10,20,20
13,2065,1.9646172725854176e-05,1.054729985563952e-05,0.1000025234487226,0.899967283078696,10,20,20
13,2066,1.964617303883635e-05,1.0547481668074552e-05,0.20197049851533055,0.7979993078299623,10,20,20
13,2067,6.840953122339253e-09,0.00030759117899139556,0.19855024784912728,0.801142154130928,10,20,20
13,2068,7.81716886723789e-12,0.0002500033959147735,0.1970199993390878,0.8027299972571802,10,20,20
13,2069,6.653418575139973e-07,0.0017882896468217687,0.19927958081811012,0.7989314641932108,10,20,20
13,2070,1.074150634247537e-09,0.00014042247373921378,0.19994215287274247,0.7999174235793679,10,20,20
13,2071,2.2819580524378388e-11,3.519366272675652e-05,0.22018843087609982,0.7797763754383528,10,20,20
13,2072,2.5449957832564535e-11,0.00011887371599030024,0.20285782422386292,0.797023302034696,10,20,20
13,2073,2.5449313787468422e-11,0.0001188734633053563,0.24196209777935782,0.7579190287318871,10,20,20
13,2074,2.5511920435513644e-11,0.00011887372433240861,0.20005055030657268,0.7998305759435826,10,20,20
13,2075,1.2685029958902326e-05,8.728807737712022e-06,0.20009805454112634,0.799880531621177,10,20,20
13,2076,2.6901352126552976e-08,7.890414800911708e-06,0.2004932794553694,0.7994988032284774,10,20,20
13,2077,0.0020888755213574785,1.518244953477264e-08,0.19427956576602412,0.8036315435301686,10,20,20
13,2078,1.1796234107737096e-09,3.748380464443401e-07,0.1980182294836216,0.801981394498708,10,20,20
13,2079,1.872995737295754e-05,3.5722290769592225e-07,0.19844254657274357,0.8015383662469757,10,20,20
13,2080,1.8729939205895558e-05,4.4001997200694645e-08,0.20354157256018715,0.7964396534986096,10,20,20
13,2081,1.8729939205895514e-05,4.4000438538106496e-08,0.2036333216108639,0.7963479044494917,10,20,20
13,2082,1.0348504396800717e-08,1.8527154856974304e-05,0.20018826659958586,0.7997931958970523,10,20,20
13,2083,5.0654919495618436e-08,2.057792871648449e-06,0.22257637436618088,0.7774215171860279,10,20,20
13,2084,2.676356010438412e-13,4.849984803190969e-09,0.10621381059675664,0.8937861845529909,10,20,20
13,2085,5.692713874910814e-10,5.4385834365710566e-08,0.10071504657303557,0.899284898471859,10,20,20
13,2086,5.692725207655635e-10,5.438579122974397e-08,0.10069748021511823,0.8993024648298181,10,20,20
13,2087,5.788319117730051e-07,2.614787903953853e-06,0.0731986868381027,0.9267981195420816,10,20,20
13,2088,3.740035281628484e-05,0.012447902672220724,0.08762030121054631,0.8998943957644169,10,20,20
13,2089,1.8094422997653382e-13,7.136190349083559e-08,0.10020557233787823,0.8997943563000375,10,20,20
13,2090,2.061442659662442e-11,7.13885048639519e-08,0.19587724004788393,0.8041226885429967,10,20,20
13,2091,7.478253133167476e-15,4.401770852355513e-11,0.09778971538517048,0.9022102845708044,10,20,20
13,2092,6.593745750690246e-14,8.062655041642067e-08,0.10225028632831401,0.8977496330450695,10,20,20
13,2093,1.9708458981112125e-14,9.42809968207e-11,0.0039001010641561058,0.9960998988415432,10,20,20
13,2094,7.70121165264153e-15,1.7038377955007667e-11,0.0021716755941463446,0.9978283243888075,10,20,20
13,2095,2.3952158432271963e-16,3.330307422277593e-13,0.002698680826180364,0.9973013191734864,10,20,20
13,2096,2.956145739725511e-16,2.088408291792049e-09,0.0038528229176738385,0.9961471749939175,10,20,20
13,2097,2.872373604441981e-16,9.885207852794958e-13,0.0021045012949601326,0.9978954987040509,10,20,20
13,2098,8.083578410657027e-16,4.738940315504179e-09,0.00223675719297338,0.9977632380680854,10,20,20
13,2099,1.1812527389281456e-16,4.737856027868996e-09,0.058361814515303936,0.9416381807468399,10,20,20
13,2100,6.892567620001664e-14,3.661471193299532e-12,0.0033590129388591317,0.9966409870574104,10,20,20
13,2101,2.0011030274148114e-13,6.839462524033556e-10,0.04490609315587381,0.9550939061599799,10,20,20
13,2102,1.4780430860019655e-15,3.019777472488429e-14,3.29327807608686e-05,0.9999670672192075,10,20,20
13,2103,4.260147943157088e-14,1.5519959970938594e-12,7.743108290838294e-05,0.999922568915497,10,20,20
13,2104,1.1861629130040704e-13,3.469359535505434e-09,0.03182166391378508,0.9681783326167366,10,20,20
13,2105,2.9953938698445606e-10,6.564984125284564e-13,0.007645438548589026,0.992354561151215,10,20,20
13,2106,1.975836967413141e-14,1.259466063365307e-10,0.00260674891577637,0.9973932509582571,10,20,20
13,2107,2.1421114365336917e-16,1.259358463332002e-10,0.0049973425289347555,0.9950026573451289,10,20,20
13,2108,2.937248181999808e-15,1.5889683315797176e-08,0.0037305308469384136,0.9962694532633753,10,20,20
13,2109,5.1372799569055646e-17,1.295577691680981e-10,0.029860641432830116,0.9701393584376119,10,20,20
13,2110,1.7128385511659363e-07,1.3082347062304634e-10,0.03158763614905822,0.968412192436263,10,20,20
13,2111,4.57760790556987e-17,2.0919757410740854e-09,0.046903712100725706,0.9530962858072984,10,20,20
13,2112,6.021104588366223e-18,4.090341383443712e-09,0.18513778786717366,0.814862208042485,10,20,20
13,2113,3.1073523392282774e-12,4.706523047513859e-07,0.19272506983810506,0.8072744595064831,10,20,20
13,2114,3.1383168454603315e-12,4.6658824207261383e-07,0.14573592199201593,0.8542636114166037,10,20,20
13,2115,1.927575778651474e-13,1.415110326122762e-09,0.12206220267597352,0.8779377959087233,10,20,20
13,2116,3.548827337032683e-05,1.2112949634220878e-09,0.10014819905319998,0.8998163114621344,10,20,20
13,2117,0.023852155825962736,6.824615893093838e-06,0.07630877590247775,0.8998322436556659,10,20,20
13,2118,2.9548722512394106e-11,0.0009032361161509734,0.10287555143863843,0.8962212124156617,10,20,20
13,2119,4.9244573717371836e-11,4.6456789921992285e-08,0.008962284229365644,0.9910376692645999,10,20,20
13,2120,4.925003295967499e-11,1.2472140481924492e-09,0.002815735312996938,0.9971842633905391,10,20,20
13,2121,1.4710676417917716e-13,6.244973136393692e-11,0.09669172872881208,0.9033082712085909,10,20,20
13,2122,1.0388624771712656e-13,1.5302853957515675e-11,0.09643868392196717,0.903561316062626,10,20,20
13,2123,1.3036595688885071e-11,1.4547721786905717e-06,0.19811153746852114,0.8018870077462636,10,20,20
13,2124,3.29079962666814e-13,0.0013317827143528734,0.19598992601266646,0.8026782912726518,10,20,20
13,2125,1.3349512774005116e-10,0.04631684306355983,0.15641176805331206,0.7972713887496329,10,20,20
13,2126,7.410630860609525e-11,8.265808672704037e-09,0.24219719632979225,0.7578027953302926,10,20,20
13,2127,7.410617435433359e-11,5.987353403971341e-09,0.19774441634466405,0.8022555775938768,10,20,20
13,2128,8.05116178194774e-07,4.8559534650792145e-09,0.19927863269343998,0.8007205573344283,10,20,20
13,2129,1.994140911662465e-05,9.831855864460464e-06,0.1285125518364847,0.8714576748985342,10,20,20
13,2130,1.9941407505917144e-05,9.831213489279868e-06,0.09998630192732769,0.899983925451677,10,20,20
13,2131,0.001316815210729199,4.6381039805000514e-10,0.09877696337816887,0.8999062209472914,10,20,20
13,2132,0.0013168152108027644,1.9690377708989497e-08,0.10076375901708283,0.897919406081737,10,20,20
13,2133,0.001316815210724203,4.664877953582581e-10,0.09872708708493175,0.8999560972378562,10,20,20
13,2134,3.568582989941091e-10,9.523538099897223e-06,0.11779009793400588,0.8822003781710359,10,20,20
13,2135,5.262389470781789e-07,1.2106143499481093e-07,0.18358720916348706,0.8164121435361306,10,20,20
13,2136,0.08998844746631643,1.677692050776233e-09,0.015255492851317356,0.8947560580046738,10,20,20
13,2137,0.015217904089668024,0.0010106566787060887,0.08968612675992721,0.8940853124716985,10,20,20
13,2138,0.015217904090038658,0.0010106566761441669,0.08617341542107454,0.8975980238127429,10,20,20
13,2139,0.0025068149951319183,1.0190503712729105e-10,0.09962230675059752,0.8978708781523658,10,20,20
13,2140,5.848373898405268e-11,1.5087695821761846e-10,0.10314156032860342,0.8968584394620361,10,20,20
13,2141,5.878332645903185e-11,1.0286577331518126e-09,0.10487281710940628,0.8951271818031523,10,20,20
13,2142,2.0994233058212446e-08,1.5301118760888406e-09,0.17742241617073104,0.8225775613049239,10,20,20
13,2143,2.093873046548282e-12,1.6445200214677486e-09,0.10720702297247717,0.8927929753809091,10,20,20
13,2144,1.5591869765041712e-09,1.534716970038278e-08,0.13313799855649253,0.8668619845371506,10,20,20
13,2145,1.559460011988146e-09,1.4015349387046863e-08,0.10255398128808793,0.8974460031371028,10,20,20
13,2146,1.846625539861756e-11,9.72693843856234e-10,0.004122701282224189,0.9958772977266157,10,20,20
13,2147,2.2752061972818963e-16,2.224026719554738e-11,0.025092935940895372,0.9749070640368641,10,20,20
13,2148,1.8323129405697574e-16,2.5487568324544267e-11,0.00021368923637260338,0.9997863107381395,10,20,20
13,2149,7.509044984336031e-14,5.509603078727166e-06,0.061338717714301536,0.9386557726825446,10,20,20
13,2150,1.5950994289796935e-15,3.6973059949851146e-11,0.0002990841260687432,0.9997009158369565,10,20,20
13,2151,7.674675580135759e-12,7.329439432058018e-08,0.0052847506245096995,0.9947151760734215,10,20,20
13,2152,8.115572600470304e-17,3.404191207381529e-10,0.024717559263867723,0.9752824403957131,10,20,20
13,2153,1.170697696575649e-11,2.150014238303698e-07,0.11066718970700506,0.8893325952798639,10,20,20
13,2154,2.0636871325707428e-13,1.6031834102961636e-07,0.02829151623134695,0.9717083234501056,10,20,20
13,2155,5.230417289215513e-15,3.4886172736621196e-09,0.00021377284767073844,0.9997862236637065,10,20,20
13,2156,2.373083797967579e-16,3.4882702915052804e-09,0.0004117163672824541,0.999588280144447,10,20,20
13,2157,4.947652174772703e-14,1.5961608981453302e-09,0.0038007442301054564,0.996199254173684,10,20,20
13,2158,7.22427516506641e-17,1.2109916696586185e-12,0.0001705196560378868,0.9998294803427511,10,20,20
13,2159,7.296324703189155e-17,7.448778782589856e-12,0.0001830363350432704,0.9998169636575078,10,20,20
13,2160,6.36271462262686e-17,4.978526282207172e-12,0.0027628752961331255,0.9972371246988884,10,20,20
13,2161,2.337473323749512e-16,2.3502937911779294e-13,0.00025855231877655745,0.9997414476809883,10,20,20
13,2162,3.4168569339899135e-13,7.42831509221312e-13,0.00018714614147175772,0.9998128538574438,10,20,20
13,2163,9.578811619538223e-09,4.40351765600597e-06,0.0985763478149211,0.9014192390886112,10,20,20
13,2164,3.713172614627599e-15,4.953234125559004e-11,0.05937840491123688,0.9406215950392272,10,20,20
13,2165,7.86327842639283e-15,6.19534751691122e-09,0.06412452188077127,0.9358754719238733,10,20,20
13,2166,4.02937216661571e-16,2.975215036951504e-11,0.09073745491018904,0.9092625450600584,10,20,20
13,2167,1.82916935741755e-17,2.5338949469953053e-11,0.03647060568570639,0.9635293942889545,10,20,20
13,2168,2.4766137344138635e-14,3.000824720545646e-08,0.060831686146796723,0.9391682838449311,10,20,20
13,2169,2.4765220170705603e-14,2.948756154186737e-08,0.0594217762221671,0.9405781942902465,10,20,20
13,2170,8.400457263022202e-15,1.1426848554747578e-11,0.05817217560979611,0.9418278243787684,10,20,20
13,2171,8.78622849626748e-15,1.227108974994001e-11,0.002122269817532962,0.9978777301701871,10,20,20
13,2172,1.742495913387265e-12,3.180743622582102e-08,0.061144255480401664,0.9388557127104198,10,20,20
13,2173,2.5709062657073775e-11,3.195782238736562e-08,0.0626350967251552,0.9373648712913132,10,20,20
13,2174,2.458090022465235e-10,1.269768184452547e-09,0.052797190094770796,0.947202808389652,10,20,20
13,2175,1.1931288378502027e-18,4.836375686473687e-11,0.0035875063218685733,0.9964124936297676,10,20,20
13,2176,4.4844888093961625e-14,9.902087995271073e-11,0.0029373808623136045,0.9970626190386207,10,20,20
13,2177,2.1432724829462294e-14,1.3016349616860286e-12,0.043519085417213554,0.9564809145814632,10,20,20
13,2178,4.020504770145276e-12,3.493099105780251e-10,0.04468249468055499,0.9553175049661145,10,20,20
13,2179,4.22853753990881e-12,4.863242013032232e-10,0.019783786342667156,0.9802162131667801,10,20,20
13,2180,4.2284889368899915e-12,4.666721364749601e-10,0.0206908496551193,0.9793091498739802,10,20,20
13,2181,4.231139156856122e-12,4.741754134973204e-10,0.020210155718016282,0.9797898438035773,10,20,20
13,2182,2.2950462396298953e-13,1.1920276163291833e-10,0.02321221677526924,0.9767877831052985,10,20,20
13,2183,2.1572873928523018e-13,1.1860907690635188e-10,0.02027663198837893,0.9797233678927965,10,20,20
13,2184,2.1744020015810867e-13,1.1818791926866348e-10,0.10759816274099414,0.8924018371406005,10,20,20
13,2185,2.5343087373982513e-13,1.2118730235915857e-10,0.1075900754451538,0.8924099244334055,10,20,20
13,2186,1.5128477098217594e-17,2.2190699080489925e-12,0.054339744514372124,0.9456602554834086,10,20,20
13,2187,2.7949137953032216e-15,1.405604649199723e-13,0.05532422336699787,0.9446757766328586,10,20,20
13,2188,5.321984230572516e-15,1.879944774029651e-09,0.016249922304718663,0.9837500758153312,10,20,20
13,2189,5.784983715837e-14,5.707136601870327e-09,0.005259543736266539,0.9947404505565391,10,20,20
13,2190,1.8395414701816938e-17,7.595459210980421e-09,0.005632190938969134,0.9943678014655719,10,20,20
13,2191,9.732532169651127e-18,3.5369833460880763e-12,0.00028837339150841377,0.9997116266049545,10,20,20
13,2192,1.259332467715342e-14,3.204478514704626e-11,0.06384674791956917,0.9361532520483733,10,20,20
13,2193,2.1752768497011232e-14,1.0113533776629521e-10,0.051462299294844985,0.9485377006039977,10,20,20
13,2194,2.133098506242904e-14,8.253814232197926e-11,0.05072719558163162,0.949272804335809,10,20,20
13,2195,9.268280864607788e-16,3.3878458926126523e-10,0.002408247669161001,0.9975917519920534,10,20,20
13,2196,3.058282007857719e-17,3.0284975741726115e-10,0.0016248376569298294,0.9983751620402203,10,20,20
13,2197,7.88126160683583e-14,3.028376001110831e-10,0.04339781342231069,0.9566021862747727,10,20,20
13,2198,5.563597845330753e-12,1.2782387885918586e-08,0.045310682907060224,0.9546893043049884,10,20,20
13,2199,5.468999977785568e-12,1.2547703936845729e-08,0.007059099032807793,0.9929408884140193,10,20,20
13,2200,4.823830461240746e-14,3.450929713959795e-12,0.006040209318513273,0.9939597906779876,10,20,20
13,2201,4.648411476356242e-14,5.34525729543463e-11,0.00022659631267635036,0.9997734036338246,10,20,20
13,2202,9.317553626407033e-17,1.838727201732634e-11,0.016948997654900974,0.9830510023267115,10,20,20
13,2203,2.684245609350181e-16,6.293712001636178e-11,0.016994064764378605,0.9830059351726839,10,20,20
13,2204,6.700853098368492e-15,7.989678331698744e-11,0.002868054951870421,0.9971319449682261,10,20,20
13,2205,7.724231980359245e-16,5.935365091728902e-12,0.10151089261756134,0.8984891073765026,10,20,20
13,2206,8.738136284053367e-11,1.8101010157833533e-08,0.030455719768265194,0.9695442620433432,10,20,20
13,2207,3.318844429039134e-15,2.8419560615000864e-11,0.002292222216828544,0.9977077777547485,10,20,20
13,2208,2.1864239112016756e-15,4.932800322598256e-12,0.002287733891672296,0.9977122661033926,10,20,20
13,2209,3.337021882636665e-12,6.68769942907208e-12,0.0037071777181130194,0.9962928222718622,10,20,20
13,2210,2.3693254902195804e-15,2.1840705807521346e-10,0.04898186046745554,0.9510181393141351,10,20,20
13,2211,7.209889185055673e-15,1.8443942951548038e-10,0.001280066134313105,0.9987199336812402,10,20,20
13,2212,8.91001156315644e-16,3.1707322496510867e-09,0.03891313610101726,0.9610868607282497,10,20,20
13,2213,7.535119203752261e-15,3.83671453645814e-07,0.17949896859478004,0.8205006477337589,10,20,20
13,2214,3.075862533551932e-08,5.609619484974904e-07,0.1009906430164488,0.899008765262977,10,20,20
13,2215,3.075862485901986e-08,5.657825100149834e-07,0.10664492221696584,0.8933544812418989,10,20,20
13,2216,1.3579121080883697e-14,1.1703818155819676e-07,0.10555394595529446,0.8944459370065104,10,20,20
13,2217,1.3579797455053859e-14,1.1703848510075735e-07,0.1423120756750512,0.8576878072864499,10,20,20
13,2218,1.8135869036279283e-13,2.5147060406673138e-05,0.19815423916321578,0.8018206137761966,10,20,20
13,2219,2.9914605636672833e-09,5.974014996281342e-06,0.10214355751460998,0.8978504654789331,10,20,20
13,2220,2.7964519033736033e-06,4.5068597169474224e-06,0.12273714932804289,0.8772555473603367,10,20,20
13,2221,7.0176036215228985e-09,1.402166099595403e-09,0.19050480986380008,0.8094951817164301,10,20,20
13,2222,6.415090197580266e-08,7.136086140898022e-05,0.09947320877568135,0.9004553662120077,10,20,20
13,2223,6.41509671775234e-08,7.136074048771884e-05,0.09944402439785058,0.9004845507106944,10,20,20
13,2224,6.415103084470271e-08,7.13607303118161e-05,0.09942476850733989,0.9005038066113171,10,20,20
13,2225,6.669775625679127e-05,3.4695788098578157e-09,0.10005779911507981,0.8998754996590842,10,20,20
13,2226,6.669775625633138e-05,3.467337659744759e-09,0.1023497237977747,0.8975835749786313,10,20,20
13,2227,1.6949074890444205e-08,2.9663586136234593e-08,0.1965841084797695,0.8034158449075692,10,20,20
13,2228,1.6854555882710152e-08,7.242641685944493e-08,0.15769417061809635,0.8423057401009306,10,20,20
13,2229,1.685430250688159e-08,5.300335301638924e-09,0.10417459848640478,0.8958253793589573,10,20,20
13,2230,1.6854310289630723e-08,5.298229556646588e-09,0.1015307058550327,0.8984692719924274,10,20,20
13,2231,3.8194988569072627e-13,3.3103348865284886e-07,0.10166988057877469,0.8983297883873546,10,20,20
13,2232,0.0007782805675944058,5.204008946418216e-07,0.10089603511332487,0.8983251639181858,10,20,20
13,2233,2.5839378920636038e-11,7.491529816853356e-10,0.10142299056532797,0.8985770086596798,10,20,20
13,2234,9.143100475438786e-12,2.6270523588282957e-06,0.10022573014241092,0.8997716427960875,10,20,20
13,2235,3.801441592739882e-08,3.9012248975860713e-07,0.09680146589935551,0.9031981059637385,10,20,20
13,2236,3.801441593460755e-08,3.9012343767358583e-07,0.0967361071521082,0.903263464710038,10,20,20
13,2237,3.801441594071788e-08,3.9006402954560636e-07,0.09976432460684577,0.9002352473147088,10,20,20
13,2238,1.9978873237373692e-15,7.96444495947093e-09,0.10304749888395892,0.896952493151594,10,20,20
13,2239,2.0106730537774027e-15,8.022383500518562e-09,0.102688320116083,0.8973116718615316,10,20,20
13,2240,3.369935234392384e-14,0.00022053919000589203,0.10246276564338486,0.8973166951665753,10,20,20
13,2241,1.1189007377907928e-11,0.00022053925037520528,0.19991906673351525,0.7998603940049204,10,20,20
13,2242,4.344891836080466e-09,2.0491005512343588e-10,0.20360306402929873,0.7963969314208994,10,20,20
13,2243,4.344893573309872e-09,2.1446312665662087e-10,0.21885664996224113,0.7811433454784021,10,20,20
13,2244,4.342705192885568e-09,1.7727930364273376e-07,0.21866264070071817,0.7813371776772732,10,20,20
13,2245,4.333737181360828e-09,2.149448556364336e-07,0.2458338266772453,0.7541659540441619,10,20,20
13,2246,2.768643026312506e-11,0.0006062381776092774,0.24249360192849903,0.7569001598662053,10,20,20
13,2247,8.34701412789049e-13,3.5803094173395105e-05,0.3414642622864486,0.6584999346185438,10,20,20
13,2248,8.293283590584982e-13,3.595599648012944e-05,0.29887366636299817,0.701090377639693,10,20,20
13,2249,0.0972700481838156,0.02029415965789449,0.18272494136318418,0.6997108507951056,10,20,20
13,2250,3.069416853237139e-09,0.0007761838186573886,0.2992937745187619,0.6999300385931632,10,20,20
13,2251,2.9524874291696458e-05,1.606502022280427e-05,0.30752608743594184,0.6924283226695438,10,20,20
13,2252,8.535591812136958e-07,0.0001899455610720321,0.23499548261079856,0.7648137182689477,10,20,20
13,2253,1.6934551360749644e-06,2.448997383005677e-06,0.20442799601092485,0.7955678615365555,10,20,20
13,2254,3.0248804979592846e-05,2.0803140825186233e-06,0.20152613983254924,0.7984415310483888,10,20,20
13,2255,1.4415566178809231e-08,4.246887986081309e-06,0.20555683881904613,0.7944388998774012,10,20,20
13,2256,3.4221527413594023e-09,2.07569128913136e-06,0.14437968757387493,0.8556182333126833,10,20,20
13,2257,2.453169903323172e-15,1.012342872933116e-07,0.1434336521412511,0.8565662466244591,10,20,20
13,2258,1.6529276142560243e-15,6.993930434413621e-06,0.16729109966609412,0.8327019064034694,10,20,20
13,2259,3.264312465667208e-14,0.08719537942402251,0.2785692623519216,0.6342353582240225,10,20,20
13,2260,3.5384554161629235e-06,0.09033829814645945,0.14225727161465931,0.767400891783465,10,20,20
13,2261,3.5601983430218355e-06,0.10298136446353875,0.14554295883379612,0.751472116504322,10,20,20
13,2262,6.262730721197254e-07,0.09997025321948193,0.10035273061260737,0.7996763898948384,10,20,20
13,2263,6.262730719541977e-07,0.01931083443170826,0.22176529783153306,0.7589232414636861,10,20,20
13,2264,4.324072341061646e-12,0.09993161097081502,0.14571101696566255,0.7543573720591981,10,20,20
13,2265,2.418815653951775e-08,0.09785232476540327,0.134748507419029,0.7673991436274112,10,20,20
13,2266,7.320783186154215e-13,0.09785135407343835,0.0060708087052088805,0.8960778372206205,10,20,20
13,2267,8.300630607341328e-17,0.09999976982971233,0.0016210139157152015,0.8983792162545722,10,20,20
13,2268,3.742018155168463e-15,0.0999997698330799,0.0004013221861908815,0.8995989079807254,10,20,20
13,2269,1.5399377604031418e-13,0.09998256211449759,8.863874505683672e-05,0.8999287991402914,10,20,20
13,2270,1.5659676303648482e-13,0.09998256212175652,0.0023053205773873975,0.8977121173006994,10,20,20
13,2271,1.2951616958287198e-10,0.09998256211796779,0.0005887692962699895,0.8994286684562459,10,20,20
13,2272,1.5383144541887272e-13,0.0999825621126367,0.0012365542697768558,0.8987808836174326,10,20,20
13,2273,4.671098835145252e-16,0.09996632120794667,0.0002257402558179926,0.8998079385362349,10,20,20
13,2274,3.4155885358831205e-15,0.09851822177041294,0.007011544764994404,0.8944702334645893,10,20,20
13,2275,9.119806161871385e-14,0.09998872929123294,0.0021614057038272603,0.8978498650048486,10,20,20
13,2276,7.73938251897056e-10,0.09998871677562672,0.0016019134914814098,0.8984093689589537,10,20,20
13,2277,1.8799845104587388e-13,0.09875080821526486,0.0028650208001696647,0.8983841709843776,10,20,20
13,2278,1.8798861071665153e-13,0.09875080821563172,0.007693430969997582,0.893555760814183,10,20,20
13,2279,5.670456075882215e-16,0.09998345306563924,0.004644347501424944,0.8953721994329353,10,20,20
13,2280,7.461355604397958e-14,0.09989646692627843,0.00480576815157718,0.8952977649220697,10,20,20
13,2281,6.761003840563904e-12,0.09989646692561197,0.0038944112656443715,0.8962091218019829,10,20,20
13,2282,6.8724615103623295e-12,0.09929229744391134,0.0022890928990304173,0.898418609650186,10,20,20
13,2283,7.346031474467142e-12,0.09999837446006857,0.09438458129306125,0.8056170442395241,10,20,20
13,2284,3.234210331376109e-14,0.10093597554506398,0.09927931060426942,0.7997847138506342,10,20,20
13,2285,1.547210583254639e-11,0.10000027439567875,0.101386079235428,0.798613646353421,10,20,20
13,2286,1.5538075615074772e-08,0.09972894717049287,0.13386019850345857,0.7664108387879729,10,20,20
13,2287,1.553807563960247e-08,0.09972894740398347,0.19004446007759862,0.7102265769803422,10,20,20
13,2288,3.285544613293735e-12,0.1003837890449307,0.17106181475950402,0.7285543961922796,10,20,20
13,2289,4.160721783826166e-09,0.08333088713126395,0.16660423660283558,0.7500648721051788,10,20,20
13,2290,3.6910427266647176e-07,0.09999671059597266,0.13654256720193086,0.763460353097824,10,20,20
13,2291,1.0240111159783942e-11,0.0987278780552838,0.135043614072951,0.766228507861525,10,20,20
13,2292,1.7673276777620043e-15,0.0999935059919646,0.13798291890469563,0.7620235751033377,10,20,20
13,2293,2.9642224822542094e-10,0.0986009044804341,0.09835899060699617,0.8030401046161474,10,20,20
13,2294,1.2702837268576742e-12,0.09860090456912476,0.0014810243418696813,0.899918071087735,10,20,20
13,2295,4.3698379955019544e-13,0.09996627825425519,0.00016008612611800394,0.8998736356191899,10,20,20
13,2296,1.2588366211233528e-16,0.09999411113536362,0.00014181634830661533,0.8998640725163295,10,20,20
13,2297,1.2705567794988322e-15,0.09998781491945631,0.0002104163300094403,0.8998017687505329,10,20,20
13,2298,2.056096035319258e-14,0.10020187630459117,0.04102637142192392,0.8587717522734643,10,20,20
13,2299,2.8406391954303397e-14,0.10021766784297177,0.04253901742365725,0.8572433147333427,10,20,20
13,2300,2.054309909788738e-14,0.10021136891734413,0.043600277487729766,0.8561883535949055,10,20,20
13,2301,5.361563858405811e-14,0.10021551938755906,0.060744507404626225,0.8390399732077611,10,20,20
13,2302,3.6647807619788315e-14,0.09999780021584144,0.01908207626172184,0.8809201235224,10,20,20
13,2303,9.40053062266539e-17,0.09999723741962412,5.300759446742329e-05,0.8999497549859085,10,20,20
13,2304,4.778899169319539e-09,0.09999723744108498,0.0017204754014851838,0.8982822823785306,10,20,20
13,2305,1.3345797600501283e-16,0.0999892600690266,0.04068565427187677,0.8593250856590965,10,20,20
13,2306,6.583825631244521e-10,0.09998926005764987,0.09118211489922064,0.808828624384747,10,20,20
13,2307,8.756495570870928e-15,0.1925798544182665,0.010030734726790523,0.7973894108549342,10,20,20
13,2308,4.5021954341580925e-13,0.15538301120058823,0.0446881854863947,0.7999288033125665,10,20,20
13,2309,1.043855699428302e-15,0.15656857038517896,0.044585792415338575,0.7988456371994814,10,20,20
13,2310,1.015807284745916e-17,0.19999137230482078,7.914374330355657e-05,0.7999294839518758,10,20,20
13,2311,4.1779353803115826e-17,0.10115115158771024,0.0989453026664408,0.7999035457458491,10,20,20
13,2312,1.8458952602395322e-10,0.061189304954023804,0.13888837372729704,0.7999223211340897,10,20,20
13,2313,1.2937236502782427e-08,0.06561639137985296,0.13632273255562358,0.7980608631272867,10,20,20
13,2314,5.3415217273512924e-09,0.06067120720452117,0.1425051841660136,0.7968236032879431,10,20,20
13,2315,5.341629173471e-09,0.08778138752663625,0.11809593346857465,0.7941226736631599,10,20,20
13,2316,5.341503482127095e-09,0.08778138277572907,0.11469176650987152,0.797526845372896,10,20,20
13,2317,4.790732308010351e-13,0.10045553420263602,0.10032090752352585,0.7992235582733588,10,20,20
13,2318,1.1991272960374781e-17,0.09997659553516446,0.0025284498041371123,0.8974949546606983,10,20,20
13,2319,4.011886034599665e-12,7.145309505747354e-05,0.19988177995713072,0.8000467669437997,10,20,20
13,2320,2.722500826974923e-12,0.0007298029578812494,0.20081316011051978,0.7984570369288762,10,20,20
13,2321,1.2873306096574777e-12,0.10348009508090028,0.13972350626613053,0.7567963986516819,10,20,20
13,2322,7.025377799355051e-10,0.11277826518478043,0.08813194566368834,0.7990897884489934,10,20,20
13,2323,2.9279474817918177e-12,0.10016712269030456,0.10265434310187767,0.7971785342048896,10,20,20
13,2324,1.494668562870069e-06,0.10585688356504383,0.14762569755501295,0.7465159242113796,10,20,20
13,2325,1.4946685614756107e-06,0.1087377103016208,0.0980424559207658,0.7932183391090522,10,20,20
13,2326,1.4954087386453509e-06,0.10873594444599673,0.09549908593086219,0.7957634742144025,10,20,20
13,2327,0.001838459105051227,0.10000374015644838,0.09826879534425019,0.7998890053942499,10,20,20
13,2328,1.64423463673865e-08,0.09905248007099117,0.16284898571572864,0.7380985177709333,10,20,20
13,2329,1.638454126531689e-08,0.004700136176329029,0.19536906151796068,0.7999307859211684,10,20,20
13,2330,7.985456934674356e-09,1.3794180400759739e-05,0.19994828397951492,0.8000379138546272,10,20,20
13,2331,3.921689837687796e-15,9.170124253984904e-06,0.19980630990349432,0.8001845199722476,10,20,20
13,2332,2.384028668190616e-13,0.00038961316357971306,0.1606848989003076,0.8389254879358742,10,20,20
13,2333,1.2288220773294093e-13,1.261352148677886e-06,0.18256395219708516,0.8174347864506428,10,20,20
13,2334,2.5518968620254406e-06,7.709866150219819e-09,0.1843073537723058,0.8156900866209655,10,20,20
13,2335,5.112458755982529e-06,7.574861896971769e-09,0.18400705374126708,0.8159878262251151,10,20,20
13,2336,2.404138100313527e-06,5.1018111060192775e-08,0.21027649628755546,0.7897210485562327,10,20,20
13,2337,7.617010161677267e-13,2.2855303424981403e-08,0.22640980573385217,0.7735901714100824,10,20,20
13,2338,6.730481895815625e-11,0.0008592312780984522,0.17243148990165616,0.8267092787529409,10,20,20
13,2339,6.79355038391455e-11,0.0008592312733209052,0.14699550663576982,0.8521452620229738,10,20,20
13,2340,6.730358351772684e-11,0.0008592312123575819,0.09982106516511702,0.8993197035552216,10,20,20
13,2341,1.3683581115292967e-16,6.92922132779342e-09,0.16970607167370264,0.8302939213970756,10,20,20
13,2342,6.870348959564822e-12,0.00018836587397389677,0.0963304399182111,0.9034811942009447,10,20,20
13,2343,3.886072446480085e-10,1.8104074502164652e-06,0.1007133798268477,0.8992848093770945,10,20,20
13,2344,5.624120112691338e-08,4.066708752818504e-05,0.10360733429284749,0.8963519423784232,10,20,20
13,2345,2.2960479225074326e-06,6.328236041228569e-11,0.171377958456529,0.8286197454322657,10,20,20
13,2346,4.197245054707674e-15,4.923107794791339e-12,0.09080222268466145,0.9091977773104108,10,20,20
13,2347,3.951719469603547e-15,3.1684797270688454e-12,0.06895943411232211,0.9310405658845052,10,20,20
13,2348,3.6126448228409918e-12,4.234079131460487e-09,0.003785852748637828,0.9962141430136706,10,20,20
13,2349,3.61138703808529e-12,4.236661815413774e-09,0.05684302298332479,0.943156972776402,10,20,20
13,2350,1.379410649849921e-10,4.253023706742433e-09,0.001217700330323722,0.9987822952787114,10,20,20
13,2351,1.8908749000988355e-13,1.1870527786122123e-09,0.10056100387458196,0.8994389949381763,10,20,20
13,2352,2.19040776166179e-12,3.316562220864458e-12,0.10050403450937997,0.8994959654851131,10,20,20
13,2353,2.1884807607097764e-12,3.291513682264646e-12,0.10048504118493959,0.8995149588095807,10,20,20
13,2354,3.9970307771942494e-10,3.4904417407150295e-06,0.10065754244199838,0.8993389667165574,10,20,20
13,2355,2.7699406518417042e-17,2.207891417654594e-05,0.10057605172822023,0.8994018693576026,10,20,20
13,2356,2.894532055982018e-09,3.5910050267399403e-06,0.10525075867403218,0.8947456474264085,10,20,20
13,2357,1.1463905638113522e-11,1.314051314147512e-06,0.10068432696461511,0.8993143589726064,10,20,20
13,2358,4.9648137721758516e-15,0.0006792385040883238,0.09940775352114214,0.8999130079747644,10,20,20
13,2359,3.840843545796074e-14,0.0006792385619344153,0.10083211287293803,0.8984886485650889,10,20,20
13,2360,1.1215091036536662e-15,0.000679238504176436,0.09951467634154734,0.899806085154275,10,20,20
13,2361,1.83434800631489e-15,0.0006792385042106815,0.09947891344637656,0.8998418480494108,10,20,20
13,2362,4.44422286159146e-12,0.01621557307626908,0.0839801334666216,0.8998042934526651,10,20,20
13,2363,0.003130893149550582,3.7537097076065994e-12,0.09771130013980323,0.8991578067068924,10,20,20
13,2364,1.818495899100391e-05,0.00015882382046714176,0.2013713864046037,0.7984516048159372,10,20,20
13,2365,1.8184958020324767e-05,0.0005192837447456804,0.14587286667276222,0.8535896646244717,10,20,20
13,2366,1.8184958241293518e-05,0.00015882499359758795,0.10425250132670372,0.8955704887214571,10,20,20
13,2367,9.371106107305674e-05,6.529644147499936e-06,0.1180085278583805,0.8818912314363985,10,20,20
13,2368,7.609294566539286e-07,0.0014325017810348192,0.09933180755426411,0.8992349297352444,10,20,20
13,2369,7.609294902092096e-07,0.001432501782090225,0.09954315592126625,0.8990235813671534,10,20,20
13,2370,7.60930992733146e-07,0.0014325021256516664,0.19994628402021206,0.7986204529231434,10,20,20
13,2371,9.878909070789483e-09,3.256717963181528e-09,0.1335047706130624,0.8664952162513101,10,20,20
13,2372,1.554273638125649e-12,0.00198890448219589,0.10226007700376114,0.8957510185124884,10,20,20
13,2373,1.41001712035987e-15,3.4640544778925296e-07,0.1539490059339433,0.8460506476606076,10,20,20
13,2374,6.992629586353116e-13,4.1730505312494175e-06,0.15492736794819972,0.8450684590005698,10,20,20
13,2375,6.99010582541889e-13,4.172742577286661e-06,0.13582595943404835,0.8641698678226752,10,20,20
13,2376,6.990140218485743e-13,4.1727480144299495e-06,0.10009656137934195,0.8998992658719442,10,20,20
13,2377,5.089994673721221e-10,4.687507119951009e-05,0.10048203387131087,0.89947109054849,10,20,20
13,2378,2.345585779532826e-09,2.3478579146088583e-06,0.1515846306545094,0.8484130191419899,10,20,20
13,2379,1.36025398858097e-09,1.020212096103066e-06,0.10398679547580321,0.8960121829518467,10,20,20
13,2380,4.2496446406386545e-07,0.003659931736252728,0.09719994652909239,0.8991396967701906,10,20,20
13,2381,3.4947710595481737e-13,2.726707757328756e-06,0.17877536859621748,0.8212219046956758,10,20,20
13,2382,6.14522146366309e-10,3.6816808174458005e-07,0.30231736367503725,0.6976822675423588,10,20,20
13,2383,6.14522299311266e-10,3.66560366137574e-07,0.23222754488203895,0.7677720879430724,10,20,20
13,2384,2.8001950697782706e-12,2.0089127260398018e-07,0.09674636561795168,0.9032534334879756,10,20,20
13,2385,4.012271082311476e-10,2.0052987987530264e-07,0.198244278398312,0.8017555206705808,10,20,20
13,2386,8.103323881635167e-09,3.13839373535643e-07,0.19163564772563213,0.8083640303316709,10,20,20
13,2387,8.103327416895252e-09,1.2325506021788986e-07,0.2264683230511011,0.7735315455905105,10,20,20
13,2388,8.112135033582765e-09,3.358722493017011e-06,0.19300695037504206,0.8069896827903298,10,20,20
13,2389,9.313786991393403e-17,8.961097392386449e-06,0.10533123255018514,0.8946598063524224,10,20,20
13,2390,3.6757149279671604e-09,9.335909703887113e-07,0.10017584288371802,0.8998232198495962,10,20,20
13,2391,3.43203636540287e-14,1.894829967571894e-09,0.10010856746070122,0.8998914306444343,10,20,20
13,2392,1.323767415992127e-14,4.028011013318273e-06,0.10021809821286587,0.8997778737761075,10,20,20
13,2393,5.227691796482748e-15,4.022050837239874e-06,0.10184359598036526,0.8981523819687922,10,20,20
13,2394,9.186824667193958e-11,0.00025881194212560964,0.10153890680516273,0.8982022811608432,10,20,20
13,2395,9.309281444206e-11,3.0831436653996015e-07,0.10417285412493468,0.8958268374676062,10,20,20
13,2396,1.355105028072844e-12,3.0831292920086436e-07,0.1006393159414353,0.8993603757442804,10,20,20
13,2397,3.195488260083448e-11,0.001031801074570377,0.10406695049445827,0.8949012483990163,10,20,20
13,2398,3.2720121599777666e-11,0.0010318010786052715,0.12566485103349484,0.8733033478551798,10,20,20
13,2399,7.856441879706897e-05,0.0002897383706229431,0.12479730372037942,0.8748343934902003,10,20,20
13,2400,7.856500669915581e-05,0.0002897408621837866,0.1239238931956401,0.875707800935477,10,20,20
13,2401,7.856441880368824e-05,0.00028973567176821517,0.12284263021786475,0.8767890696915632,10,20,20
13,2402,7.856441880369337e-05,0.0002897388205077956,0.12091646411745934,0.8787152326432291,10,20,20
13,2403,1.2157119920717078e-05,3.367451528161975e-05,0.12345758448658936,0.8764965838782081,10,20,20
13,2404,1.2157119920748378e-05,3.367451419001478e-05,0.12347059423217668,0.8764835741337127,10,20,20
13,2405,1.6335619569550567e-09,5.393151322830982e-11,0.10008180120135954,0.8999181971111471,10,20,20
13,2406,1.6335619051764056e-09,1.5867256923532512e-11,0.10001847055465382,0.899981527795917,10,20,20
13,2407,4.826018317181281e-09,1.2373952716520598e-10,0.11858149279057326,0.8814185022596689,10,20,20
13,2408,1.633591115962542e-09,1.6701585445949917e-11,0.10179363773734515,0.898206360612362,10,20,20
13,2409,1.6339963156173104e-09,1.653124711950736e-11,0.10053611253198416,0.899463885817488,10,20,20
13,2410,2.3157293065750366e-11,6.949519781131442e-14,0.10024525376011903,0.8997547462166541,10,20,20
13,2411,8.031726865915367e-09,8.025700836910122e-11,0.04519660695828705,0.954803384929729,10,20,20
13,2412,3.163904189682308e-14,1.239670347517931e-10,0.1102390991081478,0.8897609007678534,10,20,20
13,2413,4.986896631757831e-16,1.7039528540619541e-09,0.05585506866387,0.9441449296321766,10,20,20
13,2414,3.7623238841001526e-16,3.319459255594305e-13,0.00010972044714931473,0.9998902795525183,10,20,20
13,2415,1.7877597564465684e-16,1.2407863634093828e-12,7.5926405242053e-05,0.9999240735935169,10,20,20
13,2416,7.601556711616849e-16,2.2274095373030457e-09,0.008620271733416025,0.9913797260391737,10,20,20
13,2417,6.264885883078961e-15,4.400685562039046e-09,0.009293313003467401,0.9907066825958409,10,20,20
13,2418,3.178890959566545e-08,3.977231169702878e-09,0.03367338564950374,0.9663265785843557,10,20,20
13,2419,1.4331786411092372e-10,4.564391998157008e-12,0.001089286605773544,0.9989107132463442,10,20,20
13,2420,7.090690412250194e-10,1.5122219600506027e-10,0.0006091203307434296,0.9993908788089654,10,20,20
13,2421,8.423580103752653e-15,1.3743496145939084e-15,0.001969571459259513,0.9980304285407307,10,20,20
13,2422,9.758640250555182e-15,1.4240254012609152e-10,0.002138981065500078,0.9978610187920877,10,20,20
13,2423,1.391546071658236e-15,1.4292203228189979e-10,0.0002289006508955244,0.9997710992061808,10,20,20
13,2424,1.47023239129855e-15,1.454513744863613e-10,0.0028829933654803486,0.997117006489067,10,20,20
13,2425,2.506024028439661e-15,1.4527081918112892e-10,0.001403765468930129,0.9985962343857965,10,20,20
13,2426,1.3531333114787335e-15,1.4234047064792178e-10,0.002691176779022051,0.9973088230786361,10,20,20
13,2427,2.3059839061931175e-15,9.781936935916071e-08,0.042289125817589215,0.9577107763630389,10,20,20
13,2428,2.663877542049941e-15,1.51048678840285e-10,0.003971884404480113,0.9960281154444685,10,20,20
13,2429,1.7788144680651943e-12,4.7971222710050996e-11,0.031346952088601644,0.9686530478616481,10,20,20
13,2430,1.5177509225901785e-16,9.458314333588841e-10,0.004927249721811967,0.9950727493323563,10,20,20
13,2431,2.3745409951285592e-14,3.319230291270674e-12,0.0499247325572791,0.9500752674393776,10,20,20
13,2432,5.966529589830232e-17,5.16665142050802e-09,0.05471654323422681,0.9452834515991215,10,20,20
13,2433,6.32658346283736e-13,4.468669135891608e-09,0.03564085058337517,0.9643591449473231,10,20,20
13,2434,6.327164824112609e-13,4.42812660954005e-09,0.032125936795139455,0.9678740587761012,10,20,20
13,2435,6.326333284285157e-13,4.389817218166264e-09,0.031227314028327034,0.968772681581223,10,20,20
13,2436,1.0066563739145238e-13,7.010701511994537e-12,0.002600863426850059,0.9973991365660387,10,20,20
13,2437,1.8003822698961327e-13,6.967761082715741e-13,0.007524315285223992,0.9924756847138992,10,20,20
13,2438,5.214736413134018e-13,1.529090095069516e-12,0.02407234471303365,0.9759276552849154,10,20,20
13,2439,8.673402337505851e-16,7.836990570317087e-11,0.05135036572416,0.948649634197469,10,20,20
13,2440,8.83710305820861e-16,1.3273154346677643e-13,0.001051248885082712,0.9989487511147835,10,20,20
13,2441,3.0305761370891777e-15,8.398106531718536e-13,0.001093360015585028,0.998906639983572,10,20,20
13,2442,4.4311146586487756e-16,8.749816003814937e-13,0.0013012880050533072,0.9986987119940712,10,20,20
13,2443,6.287638801090041e-10,3.5754572401162484e-10,0.05254127517556058,0.9474587238381297,10,20,20
13,2444,1.2059964639177616e-09,3.1110953054771163e-09,0.0035591653474235222,0.9964408303354848,10,20,20
13,2445,6.6197443626869176e-15,1.7287445053551545e-11,0.00894093800185144,0.9910590619808545,10,20,20
13,2446,2.7734051175743965e-13,2.4948802454776084e-09,0.002632015225022528,0.9973679822798198,10,20,20
13,2447,2.006626022320335e-12,1.1165879281706024e-10,0.07796807967755517,0.9220319202087792,10,20,20
13,2448,6.318175668003227e-17,3.118001544783604e-11,0.07296665704150207,0.9270333429273176,10,20,20
13,2449,1.9025964989146425e-14,3.882871108218682e-13,0.000752727970905864,0.9992472720286868,10,20,20
13,2450,1.0274824571827686e-08,1.0084199407776077e-12,0.01820766349389983,0.981792326230267,10,20,20
13,2451,1.734648199623869e-13,1.803594040733413e-10,0.0017290519550444167,0.9982709478644225,10,20,20
13,2452,1.734692802848694e-13,1.8458984722317522e-10,0.0077765061519029675,0.9922234936633337,10,20,20
13,2453,5.9237082189023315e-16,1.0837025975354172e-07,0.006784667069317971,0.9932152245604218,10,20,20
13,2454,7.04171411761973e-16,1.0836990766144501e-07,0.0043308897145341385,0.9956690019155576,10,20,20
13,2455,3.681515401552034e-12,8.217758998457968e-13,0.0015703811886964615,0.9984296188068005,10,20,20
13,2456,7.114361158044824e-09,4.915292364056603e-12,0.022719855285904735,0.9772801375948188,10,20,20
13,2457,3.1943993658307147e-13,3.637334040270225e-12,0.020232111130177217,0.9797678888658659,10,20,20
13,2458,7.793135375647242e-13,7.843485390894562e-11,0.09034387352814796,0.9096561263926377,10,20,20
13,2459,2.5557735705151114e-11,1.1797868980402362e-10,0.0997524060697149,0.9002475937867483,10,20,20
13,2460,4.347248722957974e-08,2.3337820846003798e-08,0.14341092829321295,0.8565890048964789,10,20,20
13,2461,7.752620306413395e-06,2.074724854156077e-06,0.23211484427525253,0.767875328379586,10,20,20
13,2462,0.001004940874278714,5.607303557206097e-08,0.15465358073925273,0.8443414223134326,10,20,20
13,2463,0.09995864606637113,8.194633528834094e-11,0.000957444463376681,0.8990839093883057,10,20,20
13,2464,0.0003073418603223172,1.0817858651286317e-05,0.10011523069152191,0.899566609589504,10,20,20
13,2465,0.01434207908537033,7.311062725061051e-08,0.08867844694143898,0.8969794008625633,10,20,20
13,2466,0.014342079085370463,7.30961165146773e-08,0.08805249827633747,0.8976053495421754,10,20,20
13,2467,3.390972411724095e-13,0.001134235598944669,0.0990209475211947,0.8998448168795218,10,20,20
13,2468,3.3341705090313383e-13,0.00113423557487307,0.09896623126307391,0.8998995331617199,10,20,20
13,2469,3.408789657021785e-13,0.0011342370953669426,0.1052739454233029,0.8935918174809891,10,20,20
13,2470,8.150924473126648e-13,6.436831515752326e-08,0.10733615122383577,0.8926637844070336,10,20,20
13,2471,2.0585322927182673e-14,6.519276403477685e-08,0.13901201673781524,0.8609879180694,10,20,20
13,2472,3.33364141258647e-07,1.6147744099347867e-09,0.09321602364480033,0.9067836413762841,10,20,20
13,2473,3.0837897106715764e-10,2.528302911685781e-05,0.15540082575438402,0.84457389090812,10,20,20
13,2474,4.299852805601405e-17,8.272789047862934e-08,0.10317032123373086,0.8968295960383779,10,20,20
13,2475,1.4776675450908213e-10,5.5110129918606634e-05,0.10555559333504452,0.8943892963872697,10,20,20
13,2476,1.2796585355331376e-07,4.976015722039093e-12,0.1001996906715967,0.8998001813575739,10,20,20
13,2477,1.2796585210340733e-07,8.248153986326128e-13,0.10016689907193199,0.8998329729613912,10,20,20
13,2478,3.950924807583993e-15,4.9100744640281295e-06,0.10297359950723062,0.8970214904183009,10,20,20
13,2479,1.0389093590192848e-14,1.2850462626605992e-05,0.10198584211457214,0.8980013074227907,10,20,20
13,2480,8.236235196531671e-15,1.2853253889505404e-05,0.22371604623870858,0.7762711005073933,10,20,20
13,2481,2.1872395019180342e-14,0.09399501432836299,0.10918677119454998,0.7968182144770651,10,20,20
13,2482,1.3790459041661751e-14,0.09994525045665895,0.10285922364305904,0.7971955259002681,10,20,20
13,2483,2.9686722838489525e-09,0.10026839770523219,0.09971502694723874,0.8000165723788568,10,20,20
13,2484,2.9686585290634986e-09,0.10032095511668433,0.09968861439997949,0.7999904275146777,10,20,20
13,2485,7.913990219544612e-14,0.10001321626870922,0.10705509844035803,0.7929316852908531,10,20,20
13,2486,1.4652439258868214e-12,0.09999732697380352,0.1024713308230794,0.7975313422016516,10,20,20
13,2487,8.617882190196061e-05,0.09980853954833611,0.1037620437397458,0.7963432378900162,10,20,20
13,2488,1.5620521344878443e-15,0.10029360684529565,0.17381937003225006,0.7258870231224527,10,20,20
13,2489,3.3778895920867926e-07,0.0996434824516089,0.1414755239981233,0.7588806557613086,10,20,20
13,2490,3.377889576230643e-07,0.0973396280437454,0.14653302464268603,0.756127009524611,10,20,20
13,2491,6.18905779215948e-13,0.1713864998887796,0.02971818962958863,0.7988953104810128,10,20,20
13,2492,9.559105365402425e-15,0.1995307395124102,0.004028320057694247,0.796440940429886,10,20,20
13,2493,2.4347936664294932e-14,0.19478854906082693,0.006608052265795368,0.7986033986733532,10,20,20
13,2494,2.4350167189228802e-14,0.194788549063392,0.007951896674668533,0.797259554261915,10,20,20
13,2495,6.179757080382149e-17,0.1988840704905785,0.002637571109803333,0.7984783583996181,10,20,20
13,2496,3.1202616213251215e-15,0.19907036833726865,0.0011839503839054203,0.7997456812788226,10,20,20
13,2497,3.994547708345556e-15,0.19998278256414861,0.027116138692643704,0.7729010787432035,10,20,20
13,2498,3.4072295360957302e-15,0.19998359685735892,0.027111228947293547,0.7729051741953439,10,20,20
13,2499,2.0434928753273528e-18,0.19973356504669862,0.00031853667392559476,0.7999478982793758,10,20,20
13,2500,2.706539295517116e-15,0.10167914193017125,0.13023529859457858,0.7680855594752473,10,20,20
13,2501,0.00010857091482692877,0.09997758287434376,0.13035207154684406,0.7695617746639851,10,20,20
13,2502,8.604826669762382e-08,0.09995194020498428,0.13047132393476318,0.7695766498119854,10,20,20
13,2503,8.604826772379266e-08,0.09958234049984377,0.10042962528524665,0.7999879481666418,10,20,20
13,2504,8.60510572833694e-08,0.07633940649454565,0.12452772160927303,0.799132785845124,10,20,20
13,2505,8.605107226745387e-08,0.09903521028416039,0.10459245447061494,0.7963722491941523,10,20,20
13,2506,3.2193801496083355e-07,0.09908569689775953,0.10092408707667674,0.7999898940875483,10,20,20
13,2507,6.903820684980612e-10,0.06189798814277438,0.1629426737675535,0.7751593373992898,10,20,20
13,2508,6.902875233123199e-10,0.10095354308071283,0.10103637844845872,0.7980100777805406,10,20,20
13,2509,1.9942102731263135e-12,0.10083861672305446,0.10184495434741767,0.7973164289275335,10,20,20
13,2510,1.5994250985586856e-12,0.19475783479324124,0.007789891544420319,0.7974522736607391,10,20,20
13,2511,1.6683006220488512e-12,0.19996245465677673,0.016078077253460183,0.7839594680880949,10,20,20
13,2512,1.6833591833297755e-14,0.19863843553178212,0.0013871333761226925,0.7999744310920783,10,20,20
13,2513,1.669758926879096e-14,0.19889914782440704,0.005233746451984862,0.7958671057235913,10,20,20
13,2514,9.77232309431537e-17,0.19952375261536112,0.001940229407069097,0.7985360179775698,10,20,20
13,2515,4.342039590812287e-16,0.19902938634648465,0.06724746191666639,0.7337231517368485,10,20,20
13,2516,5.9914559016969405e-15,0.18307141458434764,0.060851440571628966,0.7560771448440173,10,20,20
13,2517,9.45302074075748e-14,0.18348790325752454,0.05286913415595627,0.7636429625864247,10,20,20
13,2518,1.6474102658161856e-11,0.19943957407258156,0.035750601350626396,0.764809824560318,10,20,20
13,2519,1.6403109871918325e-11,0.1998611853064905,0.0003089457066878139,0.7998298689704185,10,20,20
13,2520,4.112598307075819e-15,0.10056859063574894,0.19456757829417387,0.704863831070073,10,20,20
13,2521,1.423557960489678e-16,0.10052569174469059,0.19470910371204828,0.7047652045432611,10,20,20
13,2522,3.934627972296877e-11,0.10005830732575675,0.19869123998249955,0.7012504526523968,10,20,20
13,2523,4.090347539145054e-15,0.10031569143941448,0.20174478750128544,0.6979395210592955,10,20,20
13,2524,1.2611725087658804e-13,0.1000160699708927,0.10118851719910413,0.7987954128298768,10,20,20
13,2525,1.2618239581404973e-13,0.09920307172197496,0.10379403508022951,0.7970028931976694,10,20,20
13,2526,1.7397199667199552e-09,0.10013435724206558,0.09989052660485634,0.7999751144133581,10,20,20
13,2527,8.584256461372867e-08,0.09999935780108747,0.10343697347011924,0.7965635828862283,10,20,20
13,2528,8.584351305161093e-08,0.09937987526030678,0.10074683805055713,0.799873200845623,10,20,20
13,2529,8.584256702119765e-08,0.09992392946507461,0.1989949257767948,0.7010810589155633,10,20,20
13,2530,8.584256682710718e-08,0.092798085778162,0.2061427224563177,0.7010591059229534,10,20,20
13,2531,8.584550163279997e-08,0.09994618004571025,0.19900656130025124,0.7010471728085368,10,20,20
13,2532,3.1559405849654294e-09,0.0998850142935088,0.19876159650384287,0.7013533860467076,10,20,20
13,2533,6.614611962985833e-07,0.18291569914696856,0.1203912495624246,0.6966923898294105,10,20,20
13,2534,3.549523045888738e-08,0.18598908125358757,0.11416126871419963,0.6998496145369821,10,20,20
13,2535,3.5538760342339716e-08,0.1854534671476747,0.12047849660070276,0.6940680007128621,10,20,20
13,2536,1.2761756864197462e-06,0.19936653895912868,0.10580773742802277,0.6948244474371622,10,20,20
13,2537,4.523934554891901e-07,0.19925733754513525,0.14573312029422816,0.6550090897671812,10,20,20
13,2538,9.774406498993924e-13,0.10540135371901418,0.24082348128497713,0.6537751649950307,10,20,20
13,2539,0.05343598406850456,0.09993189521615356,0.14746543653008756,0.6991666841852543,10,20,20
13,2540,0.011603005052558745,0.09988138977419561,0.24012373196668899,0.6483918732065563,10,20,20
13,2541,0.011603005052558315,0.1000099835399717,0.2439263093295158,0.6444607020779536,10,20,20
13,2542,4.885216014043422e-07,0.09811567583644012,0.20500094190014231,0.6968828937418158,10,20,20
13,2543,3.516337518854821e-07,0.10269645050452718,0.19954735306576837,0.6977558447959522,10,20,20
13,2544,1.1045204986282839e-09,0.10463040874226315,0.1953713338576287,0.6999982562955869,10,20,20
13,2545,6.020827769765386e-12,0.1466586010541106,0.2541316366496476,0.599209762290221,10,20,20
13,2546,6.020858895621405e-12,0.14665860100243383,0.2476946346057165,0.605646764385829,10,20,20
13,2547,7.467871675053924e-05,0.11600913770201629,0.348703392366314,0.5352127912149187,10,20,20
13,2548,4.640360845599971e-10,0.09730020315049005,0.30279109821700595,0.5999086981684676,10,20,20
13,2549,3.412375721463229e-08,0.09135994821124531,0.30885442684360787,0.5997855908213892,10,20,20
13,2550,0.00011426291094896279,0.12492543924921004,0.27515660271733244,0.5998036951225086,10,20,20
13,2551,0.006447605339458619,0.12487047081221206,0.2688742409183103,0.599807682930019,10,20,20
13,2552,0.006447605339458447,0.12487047207181601,0.3072721439302853,0.5614097786584396,10,20,20
13,2553,1.0473643563941679e-07,0.10703925681596937,0.32629491554866996,0.5666657228989243,10,20,20
13,2554,9.225406808232187e-06,0.11820433066941734,0.3190320215977026,0.5627544223260716,10,20,20
13,2555,9.23869206982085e-06,0.09993872977105948,0.279364291288328,0.620687740248542,10,20,20
13,2556,3.281260362475373e-06,0.09993933817534367,0.15577626902599745,0.7442811115382961,10,20,20
13,2557,3.269277721881934e-06,0.09993929356877572,0.11730493372900963,0.7827525034244927,10,20,20
13,2558,3.751434784331816e-11,0.09993866387456869,0.0005575321148247093,0.8995038039730922,10,20,20
13,2559,2.4608142035334368e-12,0.09777267059763332,0.0024785393612743655,0.8997487900386314,10,20,20
13,2560,3.2974600874642902e-18,0.09999990714993859,0.008475294068576944,0.8915247987814844,10,20,20
13,2561,1.537210683498573e-14,0.09995439427658126,0.00023163276088889335,0.8998139729625146,10,20,20
13,2562,4.989979236402431e-10,0.046117618519537384,0.1362672199699191,0.8176151610115452,10,20,20
13,2563,4.427040276342883e-15,0.09995910581665446,0.04270414246880661,0.8573367517145345,10,20,20
13,2564,1.1820498705828012e-13,0.09995910580235193,0.04135914011145221,0.8586817540860775,10,20,20
13,2565,6.791504282947333e-16,0.09995910579107233,0.04136583699228444,0.8586750572166425,10,20,20
13,2566,1.809251243729806e-15,0.09999262093820804,0.03820074936840654,0.8618066296933836,10,20,20
13,2567,1.0482300551396827e-15,0.09999262093717298,0.036659335468592215,0.8633480435942339,10,20,20
13,2568,4.640387290608415e-15,0.09999262093406465,0.036475553791905625,0.8635318252740252,10,20,20
13,2569,3.5198993773756268e-12,0.09999233563048368,0.09149505735104829,0.8085126070149482,10,20,20
13,2570,1.3474827371247962e-05,0.0999932384721223,0.10172207875303044,0.7982712079474761,10,20,20
13,2571,1.1242014915049779e-07,0.09983146604646956,0.003413232415163362,0.896755189118218,10,20,20
13,2572,2.2877753062295778e-14,0.09983143440251271,0.00020636610407188065,0.8999621994933926,10,20,20
13,2573,2.2897462055072492e-14,0.09983143819753199,0.0015672222677658477,0.8986013395346791,10,20,20
13,2574,2.941201015840101e-14,0.09888795764039332,0.03833369427108192,0.8627783480884952,10,20,20
13,2575,3.2450702597774134e-14,0.06571722170578595,0.036913020131057794,0.8973697581631239,10,20,20
13,2576,1.0321864835222672e-14,0.06571721792025312,0.08296552837066254,0.8513172537090741,10,20,20
13,2577,2.2141502873475974e-15,0.0998505793087742,0.04775712164973099,0.8523922990414927,10,20,20
13,2578,2.5528439652035943e-15,0.09999907304857478,0.004604316561599556,0.895396610389823,10,20,20
13,2579,2.903226476099723e-12,0.05349934346259146,0.049006255860389064,0.8974944006741161,10,20,20
13,2580,2.9033008189036805e-12,0.05349934344597953,0.04657960420774273,0.8999210523433744,10,20,20
13,2581,4.9773404378722785e-14,0.09997666541498687,0.05157765127976603,0.8484456833051974,10,20,20
13,2582,1.502336735567402e-14,0.09954325481765494,0.004605075226750686,0.8958516699555794,10,20,20
13,2583,3.245839862511583e-16,0.09954325474351268,0.00304649657298398,0.8974102486835029,10,20,20
13,2584,1.3926775375711393e-11,0.09796632738830101,0.07450852924922313,0.827525143348549,10,20,20
13,2585,5.11670123853276e-13,0.09838681941324483,0.0018479673824379212,0.8997652132038055,10,20,20
13,2586,5.051061688607556e-13,0.09838681933915056,0.0017844283621089366,0.8998287522982356,10,20,20
13,2587,5.044189819468962e-18,0.09949185354957467,0.0035078785925504513,0.8970002678578746,10,20,20
13,2588,2.996561189602671e-14,0.09923841372915523,0.018386151682166,0.8823754345886486,10,20,20
13,2589,3.1255572737859576e-15,0.0997227249809977,0.0004433066486320492,0.8998339683703671,10,20,20
13,2590,3.7462199517349226e-18,0.09804163638864814,0.007019181113618961,0.8949391824977327,10,20,20
13,2591,4.0609985157740475e-15,0.09804163638848452,0.002104059031594774,0.8998543045799166,10,20,20
13,2592,5.752373122837779e-12,0.09804163932331146,0.095551063462913,0.8064072972080231,10,20,20
13,2593,1.1016198438196071e-16,0.09804163641122461,0.006382837994895021,0.8955755255938802,10,20,20
13,2594,2.0343348512783537e-10,0.08471960914223561,0.056730407979309526,0.8585499826750216,10,20,20
13,2595,7.102782086164579e-17,0.09995372444613834,0.07506743635207368,0.8249788392017878,10,20,20
13,2596,1.8630758087071542e-17,0.09999811132761327,2.546349085399829e-05,0.8999764251815326,10,20,20
13,2597,1.4597614315632683e-15,0.0998962421892895,0.00015643321445529807,0.8999473245962537,10,20,20
13,2598,9.337250059530673e-15,0.0998962421896856,0.06235172405006416,0.8377520337602409,10,20,20
13,2599,1.8507272976395058e-16,0.09989624217920676,0.0014818982705409737,0.8986218595502521,10,20,20
13,2600,5.154039105639482e-15,0.09989624226366471,0.0002325687356379964,0.8998711890006922,10,20,20
13,2601,4.69310862737698e-15,0.09989624218394443,0.0009290759122892062,0.8991746819037616,10,20,20
13,2602,5.3012860642010304e-14,0.09999755101890992,8.242922212807699e-05,0.899920019758909,10,20,20
13,2603,4.115535372483791e-14,0.0999975510198515,0.005122874017255887,0.8948795749628516,10,20,20
13,2604,1.2688304625043174e-13,0.09999985647159178,0.06761269659460697,0.8323874469336742,10,20,20
13,2605,4.003799506002194e-13,0.09902578809230099,0.014775198897986267,0.8861990130093123,10,20,20
13,2606,2.7724744734190418e-17,0.09999902589792478,0.00012571762989803463,0.8998752564721771,10,20,20
13,2607,3.531146176888938e-15,0.09996070610232873,0.0001325946878921562,0.8999066992097754,10,20,20
13,2608,5.40940278766882e-16,0.09996071422738521,0.00666095972349656,0.8933783260491175,10,20,20
13,2609,4.2517889097702594e-14,0.0999607138949177,0.05732915624996636,0.8427101298550731,10,20,20
13,2610,9.174152177799991e-14,0.09996070622132204,0.05039162865215657,0.8496476651264293,10,20,20
13,2611,6.846339315513416e-14,0.09999994114153651,0.00012527332026894092,0.899874785538126,10,20,20
13,2612,2.582105711496523e-05,0.08279876434691096,0.019060558832564002,0.8981148557634102,10,20,20
13,2613,9.386467012319197e-14,0.09775746946691632,0.0037770700768294104,0.8984654604561605,10,20,20
13,2614,9.675271986463153e-14,0.09775746959051992,0.004101933069404133,0.8981405973399793,10,20,20
13,2615,2.3654881769546864e-12,0.09775746965019266,0.0035079328693763388,0.8987345974780656,10,20,20
13,2616,2.654396072007874e-10,0.09993054566158081,0.0022344605420452244,0.8978349935309344,10,20,20
13,2617,3.3862719771018423e-12,0.09993054566920358,0.003839383372638202,0.8962300709547719,10,20,20
13,2618,1.1865862592220028e-14,0.09993054560533436,0.0014529276663894403,0.8986165267282642,10,20,20
13,2619,6.951435070746384e-16,0.09999937209031841,0.00010906023763229541,0.8998915676720485,10,20,20
13,2620,1.1749730350903063e-15,0.0999900762644193,0.0031020729131759784,0.8969078508224033,10,20,20
13,2621,6.392962464136884e-16,0.09999612702375993,0.0031269388400086617,0.8968769341362307,10,20,20
13,2622,1.3532868089808626e-15,0.09999612702958537,0.005994590460750346,0.8940092825096629,10,20,20
13,2623,2.0023647431623863e-17,0.09998876394155312,0.057440894915573346,0.8425703411428733,10,20,20
13,2624,4.043976301898503e-14,0.09990350049224397,0.05777596066986801,0.8423205388378475,10,20,20
13,2625,2.1547035926949504e-13,0.09999828270569497,0.0004033221449539049,0.8995983951491358,10,20,20
13,2626,2.1553863260951779e-13,0.09999828270601772,0.006523144275824755,0.8934785730179419,10,20,20
13,2627,2.392298453735214e-15,0.09997395773153944,0.09996542611020524,0.8000606161582529,10,20,20
13,2628,2.104280219588423e-15,0.0999953238202985,0.09628310131223619,0.8037215748674633,10,20,20
13,2629,2.2176193871737678e-12,0.09999838095100452,0.1644926583815542,0.7355089606652231,10,20,20
13,2630,0.053781323222829094,0.09552587959692332,0.0508966923180403,0.799796104862207,10,20,20
13,2631,0.05378132322283167,0.09993996558232068,0.0503022340211705,0.7959764771736768,10,20,20
13,2632,0.0002915747790750875,0.09994335235503668,0.10405990608716764,0.7957051667787204,10,20,20
13,2633,1.4812716111912392e-12,0.09785656769239123,0.09984231673529412,0.8023011155708335,10,20,20
13,2634,5.42513714257423e-10,0.09993332445383135,0.1044483787040618,0.7956182962995932,10,20,20
13,2635,6.958106856357944e-10,0.09993332445081249,0.10352552820912038,0.7965411466442565,10,20,20
13,2636,7.207420991291094e-14,0.09860037586893992,0.052538353218973176,0.8488612709120146,10,20,20
13,2637,4.534022229039161e-12,0.09860037589589858,0.06389845944458307,0.8375011646549844,10,20,20
13,2638,4.604640206645342e-14,0.09996031103520109,0.002855314198862677,0.89718437476589,10,20,20
13,2639,8.842710281697908e-15,0.09996087618238117,0.0003822364140652262,0.8996568874035447,10,20,20
13,2640,1.0276128444638777e-15,0.09996087632602571,0.008303703503044749,0.8917354201709285,10,20,20
13,2641,3.764509991182284e-15,0.09970837511055212,0.04601737470708853,0.8542742501823557,10,20,20
13,2642,6.819895998349185e-16,0.06310625214065868,0.04218861721146831,0.8947051306478722,10,20,20
13,2643,8.701369068962375e-18,0.06310625214174417,0.04098882735670491,0.8959049205015509,10,20,20
13,2644,1.006665551811739e-17,0.09302802172041266,0.008892430800190625,0.8980795474793967,10,20,20
13,2645,3.8401474165234153e-16,0.08371088055121725,0.017998033978247823,0.8982910854705344,10,20,20
13,2646,6.710104728890163e-12,0.004601200185600503,0.0972075275000517,0.8981912723076375,10,20,20
13,2647,6.386120363553017e-12,0.00460119317360211,0.09748195643236891,0.8979168503876427,10,20,20
13,2648,1.8837441790265316e-12,2.0594910449171093e-07,0.007110108959480889,0.992889685089531,10,20,20
13,2649,2.3052158423597387e-16,2.0616059476550004e-07,0.005703251444561004,0.994296542394844,10,20,20
13,2650,2.638977567104178e-16,9.523642286032818e-11,0.001439823742380719,0.9985601761623826,10,20,20
13,2651,5.026517773144896e-13,3.344846286072983e-11,0.008089737068542989,0.9919102628975061,10,20,20
13,2652,1.1540737003929537e-08,2.448629187719106e-11,0.08673668135935839,0.9132633070754184,10,20,20
13,2653,1.1540737237582056e-08,1.3283370751055672e-12,0.17500420611603193,0.8249957823419027,10,20,20
13,2654,2.8878260125534716e-09,1.052047268861323e-12,0.2008588369088003,0.7991411602023217,10,20,20
13,2655,2.848752554941402e-09,3.315272911764868e-10,0.20109599569925937,0.7989040011204608,10,20,20
13,2656,3.9119702603047714e-10,1.7778194550850607e-07,0.12598737964618734,0.8740124421806703,10,20,20
13,2657,3.9120187480315535e-10,1.7778092153348006e-07,0.1281947402105518,0.8718050816173252,10,20,20
13,2658,1.0343229001752332e-06,1.781444730460113e-07,0.12651331119346626,0.8734854763391608,10,20,20
13,2659,2.223357979657173e-11,1.8577641389259712e-07,0.10307841131638751,0.8969214028849655,10,20,20
13,2660,1.0050630353136885e-10,3.5577244688554434e-10,0.10160594420390572,0.8983940553398153,10,20,20
13,2661,1.4822195436511472e-09,6.69696183632562e-09,0.10516019802552841,0.8948397937952901,10,20,20
13,2662,1.9774778511148789e-13,6.693344792887993e-09,0.10393749564973145,0.896062497656726,10,20,20
13,2663,2.0272695895939654e-09,2.8150592853826606e-06,0.09536571665754653,0.9046314662558984,10,20,20
13,2664,1.0485301895701625e-10,1.022825852030662e-06,0.10272183988603914,0.8972771371832551,10,20,20
13,2665,7.740415488711529e-17,4.71137210483371e-11,0.005181714029025444,0.9948182859238607,10,20,20
13,2666,5.903683471504389e-15,1.938345808450307e-10,0.05243780285262199,0.9475621969535375,10,20,20
13,2667,1.2095648395860668e-14,1.4898829914082515e-09,0.002612209432037879,0.997387789078067,10,20,20
13,2668,1.5278122604781216e-15,2.3396464563505212e-12,0.0034455762195606796,0.9965544237780982,10,20,20
13,2669,2.6186407203365398e-17,1.0554910361294057e-12,0.0029757983853422572,0.9970242016136023,10,20,20
13,2670,9.143614374740505e-17,2.4255307572908425e-13,0.003047869423236282,0.9969521305765211,10,20,20
13,2671,2.5834878535851625e-16,1.984035665076743e-12,0.05940332709771538,0.9405966729003001,10,20,20
13,2672,1.0802224058783035e-16,1.888041993875693e-11,0.056304392979600285,0.9436956070015192,10,20,20
13,2673,3.4274376005105234e-10,5.904574890350143e-13,0.09596293295601431,0.9040370667006513,10,20,20
13,2674,4.950768962791639e-13,5.854692183482202e-11,0.09445955360368614,0.9055404463372716,10,20,20
13,2675,3.716633563471722e-13,1.5737680243346165e-10,0.19169419047968284,0.8083058093625686,10,20,20
13,2676,3.652493876335542e-13,9.624298976066444e-10,0.22370801935927392,0.7762919796779311,10,20,20
13,2677,1.6269644815696587e-11,1.1467183332163452e-08,0.10448636255114832,0.8955136259653985,10,20,20
13,2678,2.0442475915813293e-11,1.0425471724101375e-10,0.1047707234718572,0.8952292764034459,10,20,20
13,2679,1.5983879715131043e-11,2.0497410747834193e-05,0.1037296534799353,0.8962498490933332,10,20,20
13,2680,2.623747549841989e-13,2.04975509293756e-05,0.10222345554073502,0.8977560469080732,10,20,20
13,2681,2.624634288370953e-13,2.0497547985018382e-05,0.10143907658053544,0.8985404258712171,10,20,20
13,2682,1.3379411246180375e-11,0.02140733028914921,0.07859696377661905,0.8999957059208527,10,20,20
13,2683,0.000322811883480709,1.2057068099128959e-06,0.09968579691790781,0.8999901854918017,10,20,20
13,2684,1.417580930996992e-07,8.495798353067057e-07,0.10018681093197254,0.8998121977300991,10,20,20
13,2685,0.060243577837803444,5.744655489517655e-07,0.1413739924325516,0.7983818552640961,10,20,20
13,2686,0.0005600889176327732,9.959957607516623e-06,0.19962972039526672,0.799800230729493,10,20,20
13,2687,2.9207288858984262e-08,7.189354177134617e-10,0.03422325996910807,0.9657767101046675,10,20,20
13,2688,6.51663763028181e-16,1.912460978204145e-13,0.00015107358790353726,0.9998489264119046,10,20,20
13,2689,1.5347042066842022e-16,1.3359672770625904e-13,0.000540113484091477,0.9994598865157748,10,20,20
13,2690,1.5439639320759726e-13,6.111020018099278e-15,3.7130479415625774e-05,0.9999628695204237,10,20,20
13,2691,1.8345652717057461e-09,1.3597790367555568e-05,0.10004229443402043,0.8999441059410463,10,20,20
13,2692,1.709683330984315e-12,4.22421962047282e-06,0.10013516809057063,0.8998606076880993,10,20,20
13,2693,3.101190614112951e-08,6.874263020144821e-08,0.10022568632818099,0.8997742139172829,10,20,20
13,2694,6.097013623558595e-07,3.838590207830627e-08,0.10000657751031425,0.8999927744024214,10,20,20
13,2695,8.937808376630561e-14,1.763350854675983e-11,0.10004953227128788,0.8999504677109884,10,20,20
13,2696,1.066662892525432e-14,1.3201840356035758e-08,0.09816179001055717,0.9018381967875918,10,20,20
13,2697,1.0668209478508577e-14,1.3246349356626006e-08,0.09817699650431119,0.9018229902493291,10,20,20
13,2698,5.122855080457998e-15,6.449023548065705e-08,0.039964902772248415,0.9600350327375111,10,20,20
13,2699,1.0766481971755989e-15,6.311488267081054e-08,0.04090184993538216,0.9590980869497342,10,20,20
13,2700,1.3372406834738879e-12,8.260015572922355e-11,0.005639081579133372,0.9943609183369293,10,20,20
13,2701,8.79202845956953e-16,4.8598076416407974e-11,0.0030350782979805804,0.9969649216534207,10,20,20
13,2702,2.0104836488915822e-08,8.637821289295096e-11,0.0030923377548077577,0.9969076420539776,10,20,20
13,2703,2.0104823210375317e-08,3.2204112981490885e-10,0.0011025829398281588,0.9988973966333076,10,20,20
13,2704,1.2473859481192609e-10,1.189294954200866e-10,0.00028335202107235876,0.9997166477352598,10,20,20
13,2705,3.526622314844033e-10,5.984714789095609e-11,0.001148793350037415,0.9988512062374533,10,20,20
13,2706,1.2310511774138148e-10,5.928898694999631e-11,0.002425708911653673,0.997574290905952,10,20,20
13,2707,1.2279598099869425e-10,9.615128172028477e-11,0.002818979875390045,0.9971810199056629,10,20,20
13,2708,2.960416245946844e-15,2.1579604077383178e-11,0.005133833045650444,0.994866166932767,10,20,20
13,2709,6.545022289559857e-10,1.0289284481461055e-11,0.0005882830429907378,0.9994117162922178,10,20,20
13,2710,6.538465441175851e-10,3.187301575156867e-12,0.0020309634498307553,0.9979690358931353,10,20,20
13,2711,2.2037081219521154e-14,1.4145194265778452e-12,0.0005491919185354147,0.9994508080800278,10,20,20
13,2712,2.2033168144396495e-14,1.4027841526875013e-12,0.0005241514641951713,0.9994758485343802,10,20,20
13,2713,1.5275122969679519e-06,1.0259341995525885e-08,0.02873835963343469,0.9712601025949266,10,20,20
13,2714,4.4399772143374895e-13,2.282204415062912e-12,0.003577652718847435,0.9964223472784264,10,20,20
13,2715,4.6300360993036586e-14,2.152187443436541e-12,0.003335686525279693,0.9966643134725219,10,20,20
13,2716,4.1071606801350074e-17,1.7486422404779232e-13,4.0480590721596894e-05,0.9999595194091034,10,20,20
13,2717,4.8994679285756726e-18,4.823832910020309e-14,1.441875446205577e-05,0.9999855812454894,10,20,20
13,2718,1.3280827253968595e-15,5.471549016631354e-09,0.004380515183634779,0.9956194793448148,10,20,20
13,2719,2.2956706784459127e-13,2.5301882665013486e-10,0.001286460750186969,0.9987135389965646,10,20,20
13,2720,2.309029809525956e-13,1.4646850146575091e-10,0.0018030057288359348,0.9981969941244648,10,20,20
13,2721,3.732097892672397e-12,2.2028577280568592e-10,0.0018234032232092487,0.9981765965527728,10,20,20
13,2722,3.298446881482874e-12,1.4626824614910203e-11,0.01686874133764252,0.9831312586444323,10,20,20
13,2723,3.2862553686470157e-12,2.3840524801222103e-09,0.0002320689900447542,0.9997679286226164,10,20,20
13,2724,3.95659645121438e-18,6.313299047581673e-12,0.001801659392411285,0.9981983406012755,10,20,20
13,2725,9.64082195362017e-16,6.574956166537761e-11,0.014916519565975086,0.9850834803682746,10,20,20
13,2726,2.793603787874958e-13,4.165873650867407e-09,0.016647135827968763,0.9833528600058783,10,20,20
13,2727,2.10246167081259e-13,6.69139248021138e-11,0.01734872578839703,0.982651274144479,10,20,20
13,2728,1.3414172097244952e-11,4.674113056067872e-11,0.004905819713833781,0.9950941802260111,10,20,20
13,2729,4.768141337633713e-18,4.27326053348867e-11,0.003166073660046737,0.9968339262972205,10,20,20
13,2730,1.6839937796121783e-17,2.9719889050273604e-09,0.006760176676023628,0.9932398203519874,10,20,20
13,2731,1.7761401255054585e-16,5.642088428983487e-11,0.006952046705357445,0.9930479532382213,10,20,20
13,2732,1.5166113474628572e-17,2.684590024392767e-10,0.00026089512119350903,0.9997391046103473,10,20,20
13,2733,4.318647478347899e-17,4.569020102695025e-12,0.0018115780452103761,0.9981884219502206,10,20,20
13,2734,6.256196402135564e-16,5.4913244741496186e-12,0.002734743280575787,0.9972652567139322,10,20,20
13,2735,2.1169997031977455e-14,2.60107366930267e-10,0.019747367725527654,0.9802526320143438,10,20,20
13,2736,2.1125572349296858e-14,2.954277206319616e-10,0.02085114696665353,0.9791488527378978,10,20,20
13,2737,5.86104772278305e-14,9.172142889279276e-11,0.00047647886085081637,0.9995235210473693,10,20,20
13,2738,9.518495871260018e-18,1.8806060134375256e-09,0.0002040573124154624,0.9997959408069784,10,20,20
13,2739,3.978413329113948e-12,6.5058822290007316e-09,0.04231000931222044,0.9576899841779187,10,20,20
13,2740,7.845884410108752e-10,1.174803936685071e-12,0.0017596900261131812,0.9982403091881235,10,20,20
13,2741,7.611673275226115e-10,5.977826030532138e-09,0.03485734997733138,0.9651426432836752,10,20,20
13,2742,7.611672433160531e-10,1.252232045640906e-11,0.059593864344325176,0.9404061348819852,10,20,20
13,2743,7.611673216702514e-10,1.5670428199781479e-12,0.002816910942446473,0.9971830882948189,10,20,20
13,2744,2.1043189371479478e-10,0.0014430363502571434,0.17295305583969742,0.8256039075996133,10,20,20
13,2745,4.46349680292627e-14,0.08984043309767162,0.05849988469578944,0.8516596822064944,10,20,20
13,2746,4.46965154019549e-14,0.08984043300850345,0.05917832312698003,0.8509812438644719,10,20,20
13,2747,2.1891712447722233e-09,0.09646858031164367,0.004935168096276427,0.8985962494029087,10,20,20
13,2748,3.4439360658657934e-16,0.09997666555895292,0.006144224912005488,0.8938791095290413,10,20,20
13,2749,3.976224074548687e-14,0.06840070319613063,0.08212957732116258,0.8494697194826667,10,20,20
13,2750,3.218597658437658e-14,0.09685539141203729,0.09231667023691909,0.8108279383510114,10,20,20
13,2751,3.4242860641323586e-14,0.09999842656305556,0.05117623436337759,0.8488253390735325,10,20,20
13,2752,1.387181539818524e-12,0.10000044722776953,0.06478936032417779,0.8352101924466654,10,20,20
13,2753,1.3768943868989922e-12,0.07965418433032742,0.020415911315329053,0.8999299043529666,10,20,20
13,2754,1.3962029407194923e-12,0.07965418438585234,0.02166248353762148,0.89868333207513,10,20,20
13,2755,7.825706584973768e-12,0.07965418443005375,0.021963306821121308,0.898382508740999,10,20,20
13,2756,2.7660144235655816e-15,0.09994790985505397,0.04889694300308133,0.8511551471418617,10,20,20
13,2757,2.0234287773087556e-14,0.09990433338144655,0.00011775002142269375,0.8999779165971104,10,20,20
13,2758,3.5337838850568475e-12,0.051539712299127946,0.048898207622866646,0.8995620800744716,10,20,20
13,2759,4.437005210487283e-11,0.09737614935608944,0.0471995951487782,0.8554242554507624,10,20,20
13,2760,1.0050463656218355e-15,0.09997654846538082,0.04260617327774197,0.8574172782568763,10,20,20
13,2761,1.1357468986850263e-14,0.09999988519291124,0.0015825142315627292,0.8984176005755149,10,20,20
13,2762,1.1523675928687039e-14,0.09999988522505979,0.03020070929623776,0.8697994054786908,10,20,20
13,2763,1.9851421145868307e-13,0.09969484083655386,0.030333249154754244,0.8699719100084934,10,20,20
13,2764,7.819643943463262e-14,0.09993053489120592,0.03242621476608211,0.8676432503426339,10,20,20
13,2765,5.407102241578413e-13,0.099930534880977,0.03270677980418606,0.8673626853142963,10,20,20
13,2766,5.40679963014984e-13,0.09999952704620547,0.08346500925676777,0.8165354636964862,10,20,20
13,2767,8.173384262667243e-13,0.03388574479185748,0.1210373052463313,0.8450769499609937,10,20,20
13,2768,5.407234838486273e-13,0.03388574059790139,0.06904027273706856,0.8970739866644895,10,20,20
13,2769,6.948282406216489e-15,0.0999912768252478,0.002478416014768639,0.8975303071599766,10,20,20
13,2770,2.581694277790256e-12,0.09999127682677164,0.003260646994819197,0.8967480761758274,10,20,20
13,2771,2.1527788289855724e-12,0.09998957841668125,0.0062984262839401286,0.8937119952972259,10,20,20
13,2772,1.9139937721246583e-14,0.09993447010038584,0.021133923773113718,0.8789316061264811,10,20,20
13,2773,4.275584384696629e-15,0.09999737876864791,0.016879543733528936,0.8831230774978188,10,20,20
13,2774,1.802723337385657e-16,0.0999827612700897,0.0001843640681420796,0.8998328746617681,10,20,20
13,2775,2.0467135188314362e-16,0.09998276134588821,0.005859246858477061,0.8941579917956343,10,20,20
13,2776,1.529439730795397e-13,0.09755344609237436,0.006409449216718557,0.8960371046907541,10,20,20
13,2777,6.081706581957657e-17,0.09755344602489067,0.007846503155128907,0.8946000508199804,10,20,20
13,2778,1.6325732831910794e-17,0.09999992501943225,0.037161008652741426,0.8628390663278264,10,20,20
13,2779,1.3809532039864319e-12,0.09999988631451481,0.005809379276734349,0.89419073440737,10,20,20
13,2780,1.1430593471247751e-14,0.09999917122325508,0.0032437504858369914,0.8967570782908967,10,20,20
13,2781,9.82003188778607e-15,0.09999917110057033,0.00387649596765667,0.8961243329317632,10,20,20
13,2782,3.8475361863802345e-15,0.09936330633357213,0.0007160086311792637,0.8999206850352447,10,20,20
13,2783,3.79131434880015e-15,0.09936330633585708,0.004106284773737093,0.896530408890402,10,20,20
13,2784,5.907684555397049e-17,0.0999998945543322,0.0308237483462143,0.8691763570994533,10,20,20
13,2785,1.0643192675468006e-16,0.07279702259223422,0.057941132591768585,0.8692618448159971,10,20,20
13,2786,5.677841633739496e-17,0.09863933215932413,0.032193250341161106,0.8691674174995146,10,20,20
13,2787,8.102748895914855e-17,0.0999769340698434,0.03355950291386795,0.8664635630162886,10,20,20
13,2788,3.8134717235105226e-13,0.09999989885952212,0.030708000300441546,0.8692921008396549,10,20,20
13,2789,1.829739835789819e-18,0.07959899816086853,0.02057029421679221,0.8998307076223393,10,20,20
13,2790,2.5501919189621337e-15,0.09673707516995958,0.0033938347376186,0.8998690900924192,10,20,20
13,2791,3.530644997356464e-16,0.03690863486777063,0.10755008450384358,0.8555412806283854,10,20,20
13,2792,5.251259476622667e-12,1.8058826773292998e-07,0.14458915550231916,0.8554106639041616,10,20,20
13,2793,3.4199967649208187e-09,5.6203398669503284e-05,0.14446151706339125,0.8554822761179421,10,20,20
13,2794,5.42392805772188e-10,9.416874819517414e-06,0.1425727240454991,0.857417858537288,10,20,20
13,2795,5.424100758531609e-10,9.417004762109697e-06,0.16919855512969262,0.8307920273231346,10,20,20
13,2796,1.0932216819996466e-13,2.218768609809554e-07,0.10276698958408974,0.89723278853894,10,20,20
13,2797,1.0932374680361064e-13,2.218763165013511e-07,0.10557000775306899,0.8944297703705049,10,20,20
13,2798,2.2913905583217855e-13,2.3799013755339698e-07,0.1021032794104801,0.8978964825991529,10,20,20
13,2799,2.8485616029234365e-14,1.8926713731898003e-09,0.1007202001773092,0.8992797979299908,10,20,20
13,2800,1.559430899620108e-11,0.03645059571370789,0.06360764071309083,0.8999417635576071,10,20,20
13,2801,1.5613827307263496e-11,0.03645059628221701,0.06576458893858288,0.8977848147635866,10,20,20
13,2802,1.5594585757748227e-11,0.03645059572444147,0.09087573703957805,0.8726736672203858,10,20,20
13,2803,2.1849029131913545e-11,0.03645059572655597,0.09111236004220033,0.8724370442093944,10,20,20
13,2804,2.3174963005714593e-10,0.03647624681124852,0.16386453638989357,0.7996592165671077,10,20,20
13,2805,2.0992560704487713e-10,0.00017788174747750848,0.20290191786131934,0.7969202001812772,10,20,20
13,2806,0.004889785748560955,0.0002137932478387372,0.21317285164055672,0.7817235693630432,10,20,20
13,2807,0.060509997239378235,6.747744281434894e-05,0.15760157422971818,0.781820951088089,10,20,20
13,2808,0.10095321409804284,6.176858250911874e-05,0.09980175548431888,0.799183261835129,10,20,20
13,2809,0.09667185610854834,0.0006748675650331169,0.10713502576590668,0.7955182505605113,10,20,20
13,2810,0.09644201388632956,2.060916868760845e-07,0.10588389513508194,0.7976738848869015,10,20,20
13,2811,0.09606342837389728,1.8565410930506856e-06,0.1481878226904791,0.7557468923945305,10,20,20
13,2812,2.7913161317124327e-06,0.001020391604094199,0.22316724455736753,0.7758095725224058,10,20,20
13,2813,2.7913156959828917e-06,2.866930103547565e-07,0.2000671718879643,0.7999297501033288,10,20,20
13,2814,0.0001759107749029424,7.067359323569708e-10,0.20222911500814428,0.7975949735102167,10,20,20
13,2815,9.674643100784711e-05,0.009738218462416137,0.19021719508976978,0.7999478400168057,10,20,20
13,2816,9.674564198398516e-05,0.0006933026999522071,0.2673118078501464,0.7318981438079166,10,20,20
13,2817,1.436387684982731e-07,1.188938831398973e-06,0.26813361241458644,0.7318650550078134,10,20,20
13,2818,1.6957107517558038e-10,3.551567565602518e-08,0.3086429413785549,0.6913570229361978,10,20,20
13,2819,0.00016905200182363846,0.00041237829376867977,0.20395040699474945,0.7954681627096576,10,20,20
13,2820,2.5708667683722586e-11,0.019695289752576388,0.24601860026529038,0.7342861099564241,10,20,20
13,2821,2.6364912004779277e-11,5.678103519401669e-06,0.20166840689121845,0.7983259149788969,10,20,20
13,2822,6.941318117311792e-11,0.00811550114909793,0.19203501117182087,0.7998494876096676,10,20,20
13,2823,2.789770909613104e-07,0.00012840814175363308,0.20388116424267042,0.7959901486384853,10,20,20
13,2824,2.7898281521167694e-07,0.0037904081890702017,0.19661187607520011,0.7995974367529147,10,20,20
13,2825,2.789797812712876e-07,0.00011070393511377136,0.20217521805892696,0.7977137990261776,10,20,20
13,2826,6.346782541188383e-06,0.002243380685030879,0.12677535865490702,0.8709749138775209,10,20,20
13,2827,6.8169656636676976e-15,2.7578701719656277e-07,0.10010702273455338,0.8998927014784226,10,20,20
13,2828,4.879555801021182e-12,2.757874498269251e-07,0.1008785523194408,0.8991211718882297,10,20,20
13,2829,4.717350505607809e-06,3.6118749393322173e-06,0.10460093819156409,0.8953907325829908,10,20,20
13,2830,8.637878375965194e-15,0.001056498355270524,0.09947994067227539,0.8994635609724456,10,20,20
13,2831,5.834069097976581e-07,1.1750214379474047e-07,0.14178298382252014,0.8582163152684263,10,20,20
13,2832,2.0909629258869582e-10,0.011438797698116204,0.09162019469066093,0.8969410074021266,10,20,20
13,2833,2.2389806580676665e-15,5.072861133253647e-09,0.10002737431074497,0.8999726206163917,10,20,20
13,2834,2.2377668180745103e-15,5.077927626602025e-09,0.10189963033588616,0.898100364586184,10,20,20
13,2835,8.853533402793896e-13,6.679108079582547e-07,0.1020072117666037,0.897992120321703,10,20,20
13,2836,2.8178975116387334e-12,3.5237679416649655e-07,0.1304060118663171,0.8695936357540706,10,20,20
13,2837,4.269470528557404e-14,2.459112322932663e-09,0.10036301064911815,0.8996369868917267,10,20,20
13,2838,1.5509299040053467e-15,6.968622605059081e-09,0.007994048964288706,0.9920059440670874,10,20,20
13,2839,3.310526239494537e-14,1.0568938243227857e-08,0.007571650977079789,0.9924283384539487,10,20,20
13,2840,4.7022878057375915e-14,6.504590801999858e-09,0.0013000334510093223,0.9986999600443529,10,20,20
13,2841,2.984188131002836e-14,1.0226422561262813e-11,0.01573107551402315,0.9842689244757208,10,20,20
13,2842,1.8663464118891766e-15,1.3463529429107821e-12,0.0157032180089397,0.984296781989712,10,20,20
13,2843,1.852927320873986e-15,6.350078842629771e-14,5.816869355100401e-05,0.9999418313063838,10,20,20
13,2844,2.3703045274552065e-18,1.5158539382166953e-10,0.0018225780847267669,0.9981774217636877,10,20,20
13,2845,1.4118086202531295e-17,1.0193629497188768e-12,0.00015358662125048415,0.9998464133777301,10,20,20
13,2846,1.1233156856096798e-14,9.529172124116292e-11,0.001333016778635876,0.9986669831260612,10,20,20
13,2847,1.818949272506285e-15,7.757837319831267e-09,0.004850682123116638,0.9951493101190441,10,20,20
13,2848,1.1256175127301171e-14,7.764106963074353e-09,0.006683402497716109,0.9933165897381656,10,20,20
13,2849,1.1255160340853404e-14,2.5968538425266417e-12,0.051756157999781026,0.9482438419976109,10,20,20
13,2850,1.1305506572976837e-14,2.554347382012878e-10,0.0001344573130595293,0.9998655424314944,10,20,20
13,2851,2.710252377857761e-14,1.1507270733966119e-11,0.0024029757316128887,0.9975970242568527,10,20,20
13,2852,5.64638366420631e-15,1.1380757576284223e-10,0.00014446094164513877,0.9998555389445418,10,20,20
13,2853,7.689651331985184e-17,1.3907832589489792e-12,0.0003550492809220842,0.999644950717687,10,20,20
13,2854,5.276298842100271e-16,2.9803612357890516e-12,0.0012399967308956415,0.9987600032661235,10,20,20
13,2855,3.302951794787773e-13,3.510495919530304e-09,0.10122593049830324,0.8987740659908698,10,20,20
13,2856,5.8993647052800775e-12,8.173188320604754e-13,0.09951729914406074,0.9004827008492224,10,20,20
13,2857,6.890263587074032e-10,1.4290350843071336e-10,0.10117004179900324,0.8988299573690665,10,20,20
13,2858,1.339989211566879e-07,3.1048709148706964e-06,0.16623003096719222,0.8337667301629713,10,20,20
13,2859,3.353289622013514e-14,1.1945740825251598e-11,0.09317389625254005,0.9068261037354803,10,20,20
13,2860,3.3527180641932217e-14,2.0874359548190244e-11,0.1554232630516184,0.8445767369274739,10,20,20
13,2861,1.3734588627549548e-14,8.947301695914594e-12,0.0630956726117427,0.9369043273792963,10,20,20
13,2862,4.799435530611724e-19,9.50469410186049e-12,0.062260196716679726,0.9377398032738155,10,20,20
13,2863,4.223699104567679e-15,1.589679025068134e-08,0.10760979759404828,0.8923901865091572,10,20,20
13,2864,1.7444650494675127e-14,1.74032362263719e-10,0.0018070969963693828,0.9981929028295806,10,20,20
13,2865,1.1757761551751967e-11,4.0570173031905854e-11,0.1010936691563283,0.8989063307913436,10,20,20
13,2866,2.130642515057725e-08,1.927938102988117e-07,0.19403784574144162,0.8059619401583225,10,20,20
13,2867,1.3478357490757663e-07,1.9080720240795933e-06,0.20019081066745045,0.7998071464769497,10,20,20
13,2868,0.0004972560997480687,7.4751828219701825e-06,0.2913737635189694,0.7081215051984613,10,20,20
13,2869,1.3016580867008776e-09,6.709829954603641e-06,0.2999232031800995,0.7000700856882877,10,20,20
13,2870,1.3293926054317622e-09,0.006887958665271593,0.28786037830751743,0.7052516616978184,10,20,20
13,2871,2.77367470440301e-11,0.10678213358865582,0.18721422369644022,0.706003642687167,10,20,20
13,2872,2.2116673118638115e-09,0.06627119883154561,0.16335850817214398,0.770370290784643,10,20,20
13,2873,1.6615668286849801e-06,0.06626986876182603,0.13584466846209456,0.7978838012092504,10,20,20
13,2874,1.6615730604521803e-06,0.09999961963537897,0.10115118787724178,0.7988475309143189,10,20,20
13,2875,1.6615730611454283e-06,0.09963571146658963,0.10155131491198466,0.7988113120483646,10,20,20
13,2876,1.6615800552723508e-06,0.09998373048442251,0.12005991702581913,0.7799546909097032,10,20,20
13,2877,1.6625124049916459e-06,0.09992237599329876,0.19171129618180133,0.7083646653124946,10,20,20
13,2878,1.6625131978354556e-06,0.09999739466864176,0.19176036942870187,0.7082405733894584,10,20,20
13,2879,1.7400685765315654e-07,0.09999737469389156,0.1921145016168066,0.707887949682444,10,20,20
13,2880,9.456665152681182e-10,0.0999914324890473,0.09323828496620311,0.8067702815990829,10,20,20
13,2881,2.4663004823231596e-09,0.09999267921091395,0.15129008906375305,0.7487172292590322,10,20,20
13,2882,7.371532171871088e-06,0.08682599554238299,0.16850671767820852,0.7446599152472365,10,20,20
13,2883,7.371481182112789e-06,0.12352083376450254,0.13030276291507728,0.7461690318392381,10,20,20
13,2884,6.815831676850141e-15,0.09814161325157277,0.1248362101591908,0.7770221765892297,10,20,20
13,2885,1.6524219804335975e-11,0.09980853495560402,0.10031855824686178,0.7998729067810099,10,20,20
13,2886,1.5996750886278836e-11,0.10000060186711728,0.10012028265011844,0.7998791154667674,10,20,20
13,2887,7.497664932207176e-15,0.11819243679698477,0.08728894709364757,0.79451861610936,10,20,20
13,2888,7.470632856324063e-15,0.11819655600277632,0.0851758987139849,0.7966275452832315,10,20,20
13,2889,3.754050900143175e-14,0.11819655600973315,0.0826357007161344,0.799167743274095,10,20,20
13,2890,7.58917524376418e-15,0.048869247216699774,0.18228311342877362,0.7688476393545187,10,20,20
13,2891,1.034466118752428e-07,0.01835632932088549,0.18182951058635471,0.7998140566461471,10,20,20
13,2892,1.0344659982816045e-07,0.018356329319301395,0.18181929420844983,0.7998242730256483,10,20,20
13,2893,3.3348830152965794e-10,0.14472214965312594,0.06436245885580374,0.7909153911575817,10,20,20
13,2894,3.3515235964412115e-10,0.1428101444194603,0.06227294199319024,0.7949169132521969,10,20,20
13,2895,3.345994798557045e-10,0.14473368163210715,0.05668912851342828,0.7985771895198651,10,20,20
13,2896,2.7003290252008113e-15,0.19971663698943937,0.0058664063878659635,0.794416956622692,10,20,20
13,2897,2.1142826901782426e-14,0.19987876483466474,0.0010079002342630278,0.799113334931051,10,20,20
13,2898,9.755431428163761e-14,0.1998991750695109,0.00025661248763190163,0.7998442124427596,10,20,20
13,2899,1.2134727401567217e-15,0.1998509486146034,0.0004016542491868722,0.7997473971362086,10,20,20
13,2900,2.6910955553123487e-14,0.10396133546381674,0.09631219898671187,0.7997264655494443,10,20,20
13,2901,2.932736671095086e-14,0.10257569052016006,0.10164208135627517,0.7957822281235352,10,20,20
13,2902,2.4400603484148814e-15,0.09857108733049921,0.038805361170303455,0.8626235514991947,10,20,20
13,2903,6.982774392838395e-16,0.0998209090720709,0.06361190520020846,0.8365671857277197,10,20,20
13,2904,3.788121490232512e-17,0.09982090902921083,0.03764649324367047,0.8625325977271187,10,20,20
13,2905,2.915272426524124e-12,0.0999980668334482,0.0023268573313529814,0.8976750758322837,10,20,20
13,2906,5.460980778481418e-16,0.09999806682571412,0.0012764289354737694,0.8987255042388117,10,20,20
13,2907,1.4903848691508676e-15,0.08240021111274112,0.018283484334905748,0.8993163045523517,10,20,20
13,2908,1.1754215151721361e-14,0.09999904318914368,0.0006966860144542005,0.8993042707963903,10,20,20
13,2909,4.5478515075177865e-16,0.09999973232751595,0.0009022329493545526,0.899098034723129,10,20,20
13,2910,3.9314417967533764e-16,0.09982180447470294,0.001070961437019837,0.8991072340882769,10,20,20
13,2911,5.254390960262503e-15,0.09999891695000497,0.0013805171789614747,0.8986205658710285,10,20,20
13,2912,1.4286298474007873e-12,0.05456278113441593,0.12120609402376521,0.82423112484039,10,20,20
13,2913,1.0759350050799717e-14,0.05421142017209616,0.050242281375426946,0.895546298452466,10,20,20
13,2914,1.6937468948576208e-12,0.09975702353365593,0.004713006347190953,0.8955299701174594,10,20,20
13,2915,3.4998366684093605e-13,0.09998606150145657,0.003088797758542754,0.8969251407396506,10,20,20
13,2916,2.1505160712461144e-13,0.09998606077229835,0.004254226339904985,0.8957597128875818,10,20,20
13,2917,4.054678138496725e-13,0.09996798699317935,0.023925326515340278,0.876106686491075,10,20,20
13,2918,1.911918844412407e-13,0.0999679831145417,0.06440641726373506,0.8356255996215317,10,20,20
13,2919,7.0327077889184065e-15,0.0999679828659711,0.006439079952326415,0.8935929371816954,10,20,20
13,2920,6.79839684549854e-15,0.09999212420967712,0.0064246165840891965,0.8935832592062269,10,20,20
13,2921,2.0811995068006793e-17,0.09999212421003015,0.0026416837919114432,0.8973661919980584,10,20,20
13,2922,2.2330085590910214e-15,0.10000156099026818,0.06639871110398773,0.8335997279057414,10,20,20
13,2923,6.770549810878947e-17,0.09999828515489073,0.0016611608849439862,0.898340553960165,10,20,20
13,2924,6.235889671341498e-17,0.09945879998181881,0.000579788948040147,0.899961411070141,10,20,20
13,2925,5.573021324142316e-13,0.09945879998205333,0.001221756164652982,0.8993194438527363,10,20,20
13,2926,1.6268547250646066e-17,0.099458799964047,0.0005691460255040807,0.8999720540104486,10,20,20
13,2927,1.0298098805978247e-18,0.09998211759614097,7.067675058457243e-05,0.8999472056532744,10,20,20
13,2928,2.6648966722551895e-12,0.09997966618839335,0.0031538776586969206,0.8968664561502446,10,20,20
13,2929,7.47365476964538e-17,0.09670960344994312,0.003882419002537976,0.8994079775475188,10,20,20
13,2930,3.815953250164212e-16,0.09999980061248162,0.0031476578933985443,0.8968525414941195,10,20,20
13,2931,3.386581210809286e-16,0.0999785254649456,0.009674822494225419,0.8903466520408287,10,20,20
13,2932,1.6211913068700646e-18,0.09999809532452957,0.006091939147231207,0.8939099655282392,10,20,20
13,2933,0.0007071951358024736,2.2185427183944647e-10,0.0956464223291755,0.9036463823131677,10,20,20
13,2934,0.0007071951358024814,2.2237007144393287e-10,0.09558527984997182,0.903707524791856,10,20,20
13,2935,0.0007071951358040429,2.2224313757275712e-10,0.12699988956185512,0.8722929150800975,10,20,20
13,2936,0.0007071951358166709,2.3152104463390748e-10,0.09718362016096696,0.9021091844716951,10,20,20
13,2937,0.0007071951388773732,2.5744968264472125e-10,0.09368548213958941,0.9056073224640835,10,20,20
13,2938,1.5015104441782508e-10,4.457986661734936e-11,0.11010536914398435,0.8898946306612844,10,20,20
13,2939,1.0808267526057867e-15,1.0913534853746113e-10,0.15431176531679722,0.8456882345740663,10,20,20
13,2940,3.46610958401336e-15,4.3659253156836885e-11,0.10443835691106254,0.8955616430452746,10,20,20
13,2941,7.299359522757287e-14,4.3488471153687815e-12,0.00012549529217183029,0.9998745047034061,10,20,20
13,2942,2.1936685751593077e-14,5.4374356204601495e-09,0.002397067614654243,0.9976029269478881,10,20,20
13,2943,2.3266082401662297e-14,5.531626132178759e-10,0.03438371189700605,0.9656162875498078,10,20,20
13,2944,7.455242488879904e-14,5.687941353555288e-08,0.06804344651243843,0.9319564966080736,10,20,20
13,2945,3.0607006700097224e-12,8.408091308108761e-12,0.03390146680217838,0.9660985331863529,10,20,20
13,2946,2.665920499254798e-06,1.7638674972676233e-07,0.0493834216992566,0.9506137359934943,10,20,20
13,2947,2.665920100515195e-06,1.7639553727194594e-07,0.05126989225975692,0.9487272654246052,10,20,20
13,2948,2.0896310874197206e-15,2.2856961339429215e-11,0.004442695867635044,0.9955573041095056,10,20,20
13,2949,5.632066448720152e-16,5.238619111438949e-12,0.006539649965562585,0.9934603500291983,10,20,20
13,2950,4.956615440453557e-17,9.225467198085394e-14,0.002918235481280694,0.9970817645186271,10,20,20
13,2951,6.74481811878134e-17,1.197583782804543e-12,0.000133420088111938,0.9998665799106904,10,20,20
13,2952,6.913865280116345e-17,2.638810153392531e-12,0.0050806694826784505,0.9949193305146826,10,20,20
13,2953,1.461512045182926e-13,2.1597943027814057e-09,0.07452722513286104,0.9254727727071984,10,20,20
13,2954,1.4084408114817057e-13,2.1576020796327006e-09,0.11301256665231726,0.8869874311899398,10,20,20
13,2955,1.5349323866790737e-07,1.5908046823444316e-12,0.05857577247143355,0.941424074033737,10,20,20
13,2956,1.5349328406868684e-07,1.3248979448710995e-12,0.059615278726722676,0.9403845677786682,10,20,20
13,2957,4.553532675530396e-14,1.0280270429762583e-12,0.06665097602444045,0.9333490239744859,10,20,20
13,2958,5.790300015622177e-14,4.4587008012436253e-13,0.021069173318214892,0.9789308266812815,10,20,20
13,2959,1.2493925343316892e-13,8.980435951873303e-08,0.04780869457020524,0.9521912156253103,10,20,20
13,2960,9.052615932353288e-17,8.529217374664493e-12,0.04424880904333532,0.9557511909481354,10,20,20
13,2961,8.817748192858993e-16,1.6975540095085817e-13,0.0037814011220177815,0.9962185988778115,10,20,20
13,2962,1.3815548656220666e-15,3.9086210151270915e-09,0.007363282328269728,0.9926367137631079,10,20,20
13,2963,2.6041232713098878e-14,3.812264781280467e-09,0.004450160492342317,0.9955498356953669,10,20,20
13,2964,3.1341360170528474e-11,5.728453662816656e-09,0.15229977664130395,0.8477002175989009,10,20,20
13,2965,3.131629504896213e-11,2.0639741667442308e-09,0.10362689627351444,0.8963731016311953,10,20,20
13,2966,2.946147852981645e-14,6.246545464957241e-10,0.10025619352418605,0.8997438058511303,10,20,20
13,2967,2.769663731730823e-07,2.5761309099856312e-05,0.10167106013154345,0.8983029015929833,10,20,20
13,2968,5.964797090407226e-06,1.6097580474862416e-06,0.09724785339036349,0.9027445720544985,10,20,20
13,2969,1.341833987480582e-15,2.0949300740968152e-07,0.10156194689713902,0.898437843609852,10,20,20
13,2970,6.062163904063281e-15,1.6224299972055735e-09,0.10103036397806757,0.8989696343994966,10,20,20
13,2971,3.3198916472220083e-17,8.011975479468778e-08,0.0894545704717906,0.9105453494084547,10,20,20
13,2972,1.7770929541780645e-14,9.756803689679926e-08,0.09695512784496883,0.9030447745869763,10,20,20
13,2973,7.702842156021422e-16,7.860144435557748e-08,0.044615940793087366,0.9553839806054676,10,20,20
13,2974,2.1121421502268576e-16,4.4575581043948483e-13,0.05220510601602657,0.9477948939835275,10,20,20
13,2975,2.2318285855976612e-15,1.3907746435012904e-11,0.0008627849017331509,0.9991372150843567,10,20,20
13,2976,1.0062672479025294e-13,8.649510107376474e-10,0.0011557571255809797,0.9988442420093671,10,20,20
13,2977,6.407137876728927e-14,5.7458305408624596e-12,0.0024648791889930926,0.9975351208051968,10,20,20
13,2978,3.540499830719137e-12,1.5695793992601384e-12,0.022661460130982858,0.977338539863907,10,20,20
13,2979,7.630467210324764e-16,7.398092644016745e-13,0.0002007808138047462,0.9997992191854547,10,20,20
13,2980,2.8108664488929335e-19,7.3475880752093e-13,0.0001909262890699145,0.9998090737101956,10,20,20
13,2981,2.251857770909734e-08,3.3366294373412817e-09,0.0018548784346585124,0.9981450957101344,10,20,20
13,2982,6.416784441880891e-14,6.249364877863346e-12,0.0010914982958988516,0.9989085016977878,10,20,20
13,2983,3.08448632849385e-14,6.4627435040172366e-12,0.0011017865853013087,0.9988982134082051,10,20,20
13,2984,4.294241793722951e-11,1.416270818659036e-10,0.002417108469810297,0.99758289134562,10,20,20
13,2985,5.004602325556367e-12,2.655494171750123e-10,0.003984157410955543,0.9960158423184904,10,20,20
13,2986,4.305679332643755e-14,1.6582744341339943e-09,0.027242160715020232,0.9727578376266625,10,20,20
13,2987,7.097058542656893e-15,4.2865446217151296e-13,6.749622763366138e-05,0.9999325037719305,10,20,20
13,2988,6.989950163182645e-15,8.49631278826122e-13,0.007735039136223576,0.9922649608629197,10,20,20
13,2989,1.4961731147996328e-16,2.4359727935001522e-12,0.004679553742112692,0.995320446255451,10,20,20
13,2990,4.029904927037909e-14,2.821100488569387e-10,0.12504779652308512,0.8749522031947647,10,20,20
13,2991,1.691547595500802e-16,4.4129089614075764e-10,0.1065990056150645,0.8934009939436445,10,20,20
13,2992,1.3626070940945055e-13,5.787625304727228e-10,0.1533105699936316,0.8466894294274695,10,20,20
13,2993,2.7858278989666546e-13,4.056095522602341e-11,0.10395006031398935,0.8960499396451711,10,20,20
13,2994,4.0469088349097374e-17,1.0373009182183701e-10,0.0033392755338046256,0.9966607243624654,10,20,20
13,2995,3.327189688499342e-14,1.0451572794579049e-10,0.0032842154457122567,0.9967157844497387,10,20,20
13,2996,2.319484717908658e-15,1.0472154152677671e-11,0.0018600652949021881,0.9981399346946234,10,20,20
13,2997,4.4515247664223e-15,1.36394287276728e-07,0.12434883084963906,0.875651032756069,10,20,20
13,2998,4.454521662496088e-15,1.3301891717761164e-07,0.0778473503105764,0.9221525166705022,10,20,20
13,2999,2.9177819363996303e-16,3.1781119355952774e-11,0.07298433340146422,0.9270156665667546,10,20,20
13,3000,3.022749472348534e-16,5.440255674719107e-11,7.044822012001922e-05,0.999929551725477,10,20,20
13,3001,1.2527916548171713e-15,5.537676914675404e-11,0.002467655609684702,0.9975323443349371,10,20,20
13,3002,1.0390690402418733e-15,3.612582324665767e-13,0.034854564280990756,0.965145435718647,10,20,20
13,3003,8.444006139505094e-15,5.343116000789696e-10,0.03387274568156848,0.9661272537841116,10,20,20
13,3004,1.7578475956542087e-15,5.467517333790396e-10,0.03680200290392417,0.9631979965493223,10,20,20
13,3005,1.7805345327881844e-14,5.518086973172611e-10,0.03389710972286788,0.9661028897253056,10,20,20
13,3006,1.77957283697261e-14,1.700391945612871e-11,0.00015286747020229333,0.999847132512776,10,20,20
13,3007,1.5249418156006617e-15,1.5395696445484326e-10,0.02532296893850549,0.9746770309075362,10,20,20
13,3008,1.7855617212959025e-18,1.9653185551750615e-10,0.04512686165580191,0.9548731381476664,10,20,20
13,3009,8.991945895910875e-17,3.8321013686154955e-12,0.0003457541467102138,0.9996542458494574,10,20,20
13,3010,6.312732087794194e-13,1.2280451017988248e-11,0.1002173007958127,0.8997826991912756,10,20,20
13,3011,2.2079349116359152e-13,3.3109538789626925e-08,0.10106457691496766,0.8989353899752727,10,20,20
13,3012,0.03182510407287607,4.883703627621569e-09,0.06975908126282256,0.8984158097805974,10,20,20
13,3013,0.0318251040736525,4.886451457116925e-09,0.06939422562506484,0.8987806654148309,10,20,20
13,3014,1.0993691788026699e-10,0.08613932363787205,0.017671712652390426,0.8961889635998006,10,20,20
13,3015,1.7553166994903693e-13,0.09999989964766075,0.00187493956202883,0.8981251607901349,10,20,20
13,3016,3.54453908891117e-13,0.09864108069019167,0.001495559960794693,0.8998633593486591,10,20,20
13,3017,3.4836822488135824e-13,0.09865105981965258,0.10042284966971685,0.8009260905102821,10,20,20
13,3018,2.2095080213375262e-07,0.09864185178391263,0.10138370525671822,0.7999742220085672,10,20,20
13,3019,2.2095079806399923e-07,0.0986418517985749,0.10153649206507546,0.7998214351855519,10,20,20
13,3020,0.010637890784540898,0.09999901818351077,0.0916168431123783,0.7977462479195699,10,20,20
13,3021,1.1770993063754158e-08,0.10007175391729961,0.102436016542425,0.7974922177692825,10,20,20
13,3022,2.1224452867967974e-09,0.10000559168670276,0.10010422345149657,0.7998901827393551,10,20,20
13,3023,1.1695364013631907e-09,0.00223247318525586,0.1978814823355412,0.7998860433096662,10,20,20
13,3024,2.4267676267663187e-13,9.790132837184712e-07,0.20114666412902663,0.7988523568574462,10,20,20
13,3025,4.341416749692651e-13,1.6021229247152273e-07,0.20004622286942375,0.7999536169178494,10,20,20
13,3026,3.7817810707287465e-13,1.6021368042113998e-07,0.20368043118054832,0.796319408605393,10,20,20
13,3027,0.0005267986395557574,9.437777487911039e-06,0.2021833980837553,0.7972803654992009,10,20,20
13,3028,0.0005268002936937021,2.346081278014972e-08,0.22962440997527778,0.7698487662702158,10,20,20
13,3029,0.0005272815138487417,2.1785229841605783e-06,0.2616723843241779,0.7377981556389888,10,20,20
13,3030,0.0036205718266767834,2.1884432840100043e-06,0.2589982259711584,0.7373790137588806,10,20,20
13,3031,0.0015626116711153792,6.584587948994287e-07,0.20084625328130742,0.7975904765887818,10,20,20
13,3032,0.0015342949918875502,0.0003600938973583388,0.2009890293914877,0.7971165817192662,10,20,20
13,3033,2.5583753246322423e-09,0.0006458904430582667,0.25346388276184384,0.7458902242367227,10,20,20
13,3034,3.324271695688481e-12,0.0003985675003511346,0.20597852376834616,0.7936229087279785,10,20,20
13,3035,7.037649265403962e-11,0.03128539782899599,0.17507015304370357,0.7936444490569237,10,20,20
13,3036,1.0712483088460041e-07,0.01784634142941097,0.18611007119161574,0.7960434802541426,10,20,20
13,3037,1.4103405360598513e-06,1.522313313815502e-06,0.20407990983817278,0.7959171575079769,10,20,20
13,3038,1.2102317892013156e-08,6.294559717629339e-05,0.19743188899923297,0.802505153301273,10,20,20
13,3039,1.681382732850035e-08,0.07877235980718736,0.12195708154791743,0.7992705418310679,10,20,20
13,3040,1.6845018161402908e-08,7.548771703835418e-08,0.20007132209658982,0.7999285855706748,10,20,20
13,3041,1.8665382366706086e-05,0.00015083147352800666,0.21477028460459535,0.7850602185395095,10,20,20
13,3042,1.8665867741031934e-05,0.0001687077651285043,0.3236709858071468,0.6761416405599835,10,20,20
13,3043,0.00018692248396512601,4.0155344929486474e-05,0.20104250182318947,0.7987304203479152,10,20,20
13,3044,4.414358560574066e-06,0.0009007216974607005,0.25825900383779204,0.7408358601061857,10,20,20
13,3045,8.521344601434819e-10,0.000863207611762894,0.2041077161198476,0.7950290754162546,10,20,20
13,3046,0.0036995907015980405,0.0008636471937742317,0.19662734423298983,0.7988094178716382,10,20,20
13,3047,2.7559592277984765e-10,0.0008775483654794795,0.2461793020861776,0.7529431492727466,10,20,20
13,3048,1.8787014825355667e-07,5.3530582854081875e-06,0.20072311831830705,0.7992713407532592,10,20,20
13,3049,4.525634139089239e-11,3.9363876652622477e-07,0.2000580948877301,0.7999415114282468,10,20,20
13,3050,0.07719236733709285,4.265998541597433e-08,0.12325425494561384,0.7995533350573079,10,20,20
13,3051,0.09966639595962631,7.949398908583844e-09,0.10050709184104803,0.7998265042499266,10,20,20
13,3052,2.4270022615508605e-06,9.377703569708635e-11,0.24594949905580732,0.754048073848154,10,20,20
13,3053,4.0858037461027994e-05,0.00033859604962376667,0.20145782314241276,0.7981627227705023,10,20,20
13,3054,4.085802687288161e-05,0.00035603377092611056,0.2098808710646498,0.7897222371375511,10,20,20
13,3055,0.00022184576519228202,0.006512616652582122,0.193900523853091,0.7993650137291344,10,20,20
13,3056,7.102816244690833e-05,0.00015672225871428733,0.2729761467447929,0.726796102834045,10,20,20
13,3057,5.47220547704631e-13,7.67914631494243e-06,0.20598159167752667,0.7940107291756104,10,20,20
13,3058,1.1634878051142842e-11,8.917748691658367e-06,0.201168343886274,0.798822738353399,10,20,20
13,3059,1.1574627955058366e-11,8.919041717646418e-06,0.23962716982060855,0.7603639111260985,10,20,20
13,3060,3.2961108969670805e-11,1.7219405849968277e-07,0.29762781932872306,0.7023720084442566,10,20,20
13,3061,3.762111167585094e-12,7.930328134091813e-07,0.30450994798791453,0.6954892589755093,10,20,20
13,3062,1.5873204288455092e-10,8.07839472382659e-05,0.30075649853568864,0.6991627173583401,10,20,20
13,3063,8.352301962663602e-08,8.552530173352837e-05,0.3021430649505747,0.6977713262246715,10,20,20
13,3064,5.997020690303048e-12,8.492580357752098e-05,0.30036199765117466,0.6995530765392501,10,20,20
13,3065,1.0959942360945072e-09,8.752683684312912e-05,0.30003982661169476,0.6998726454554677,10,20,20
13,3066,5.0819495954986925e-09,1.2554524474604288e-06,0.26070467322638213,0.7392940662392198,10,20,20
13,3067,1.4111717021464578e-10,0.00025961432598018764,0.1961349636803903,0.8036054218525122,10,20,20
13,3068,7.753775017200177e-16,0.0002559671233354811,0.12927098283363675,0.8704730500430273,10,20,20
13,3069,2.231504910038363e-12,0.026253974001422632,0.10039340519557191,0.8733526208007738,10,20,20
13,3070,1.9141411039687134e-14,0.09319936892655857,0.010231316645599984,0.8965693144278223,10,20,20
13,3071,1.887354493604068e-14,0.09319936136992649,0.008520651852220965,0.8982799867778335,10,20,20
13,3072,1.1638729907032725e-13,0.09319936137223342,0.00941383578398274,0.8973868028436675,10,20,20
13,3073,7.912408613736144e-15,0.09999997575945645,0.001071082797477701,0.898928941443058,10,20,20
13,3074,9.321199335105149e-14,0.06551231783910028,0.035990471442678765,0.8984972107181276,10,20,20
13,3075,9.341748342701578e-14,0.06551231792006076,0.0382443073703835,0.8962433747094624,10,20,20
13,3076,8.015704309464276e-13,0.09949055715503259,0.004889641009116345,0.8956198018350495,10,20,20
13,3077,8.015259829671346e-13,0.09999823042452488,0.004321180716623593,0.8956805888580501,10,20,20
13,3078,8.709315041628364e-13,0.0999979413200179,0.002375857487451476,0.8976262011916599,10,20,20
13,3079,4.809218891624201e-14,0.09999794131885822,0.0010530502091036249,0.8989490084719899,10,20,20
13,3080,2.543529498998543e-13,0.09985935151599473,0.03104415233123921,0.8690964961525116,10,20,20
13,3081,1.4471482858389504e-18,0.09999661225610587,0.0012115846968314655,0.8987918030470627,10,20,20
13,3082,4.188671102951217e-15,0.09898477927955104,0.002187198482360205,0.8988280222380846,10,20,20
13,3083,4.186358458417721e-15,0.09898477926900362,0.001127994333524554,0.8998872263974675,10,20,20
13,3084,8.086601821234111e-14,0.09919670155580175,0.12950385452479155,0.7712994439193256,10,20,20
13,3085,2.004106879318392e-13,0.09919670155469332,0.10082198128423785,0.7999813171608683,10,20,20
13,3086,8.129297274903122e-11,0.09899636636547818,0.09879185815537767,0.8022117753978508,10,20,20
13,3087,4.487996778154515e-16,0.09999754777382228,0.10005687906927407,0.7999455731569034,10,20,20
13,3088,2.1159958024120073e-07,0.09923090432744527,0.10083685127599247,0.799932032796982,10,20,20
13,3089,2.916774257657339e-11,0.05408137434516238,0.18033934248967692,0.7655792831359927,10,20,20
13,3090,0.002451605742442269,0.054081543062313296,0.11365450714892174,0.8298123440463228,10,20,20
13,3091,7.961505635862515e-15,0.09883932932353952,0.005971219065450642,0.8951894516110018,10,20,20
13,3092,4.416313256285422e-16,0.0951681282103201,0.0048719387829842115,0.8999599330066952,10,20,20
13,3093,1.7506645486607614e-15,0.09997399461564332,0.045088277336900816,0.8549377280474542,10,20,20
13,3094,1.0918411275210776e-14,0.09997399461747168,0.007617581537858402,0.8924084238446591,10,20,20
13,3095,4.202187849230969e-16,0.09992954704138123,0.005220739251297633,0.8948497137073206,10,20,20
13,3096,5.250832109465007e-15,0.09992954708666582,0.004087769840318396,0.8959826830730104,10,20,20
13,3097,8.155474933753252e-14,0.012074804908114946,0.11318698571785886,0.8747382093739446,10,20,20
13,3098,3.168270379458436e-14,0.012074804751384663,0.11651296644413425,0.8714122288044495,10,20,20
13,3099,1.0243484514577169e-12,0.07896040448631861,0.02190725201204007,0.8991323435006169,10,20,20
13,3100,3.368503109188119e-13,0.09997971576415568,0.003288122488957005,0.8967321617465502,10,20,20
13,3101,5.189465402958468e-10,0.0003017046238671655,0.10291673177211927,0.8967815630850667,10,20,20
13,3102,6.188158502631565e-10,6.053341237992656e-08,0.10005905743677149,0.8999408814109999,10,20,20
13,3103,6.188191427135204e-10,6.324409757420378e-08,0.14801978256309434,0.8519801535739889,10,20,20
13,3104,6.188233706326171e-10,1.9217845467712155e-07,0.105587498052702,0.8944123091500199,10,20,20
13,3105,5.509069245469897e-09,1.4005168837576058e-05,0.14112794503288723,0.8588580442892052,10,20,20
13,3106,3.265376558217433e-08,7.02986435903985e-05,0.16935078131448558,0.8305788873881579,10,20,20
13,3107,3.26701451351424e-08,7.029818946631205e-05,0.16739559195678638,0.8325340771836022,10,20,20
13,3108,7.486966352511833e-09,0.00029646377244003117,0.1636023067930717,0.8361012219475222,10,20,20
13,3109,7.470579107025555e-09,0.00029646373499225934,0.10173477548286092,0.8979687533115677,10,20,20
13,3110,2.8819780760104265e-07,0.0001296772716302057,0.10187610864605534,0.897993925884507,10,20,20
13,3111,2.8819780761067845e-07,0.00012967726041484282,0.1005606330809321,0.8993094014608454,10,20,20
13,3112,2.881978076000713e-07,0.00012967729860930693,0.10314630834076526,0.8967237261628181,10,20,20
13,3113,2.926892529875586e-10,1.808773902090583e-07,0.10010722010061883,0.8998925987293014,10,20,20
13,3114,3.57015359122362e-14,0.04547422749916636,0.05733143589640929,0.8971943366043884,10,20,20
13,3115,3.559301438224199e-13,0.0011115185255830503,0.10168772762768227,0.8972007538463789,10,20,20
13,3116,4.855029528125139e-09,2.2219490965918178e-06,0.10751314754013289,0.8924846256557408,10,20,20
13,3117,4.86383165941935e-09,2.2235673499371583e-06,0.17548620003331872,0.8245115715354997,10,20,20
13,3118,2.410605990406984e-07,2.2282826953031907e-06,0.1387825091899016,0.8612150214668042,10,20,20
13,3119,2.410605811579889e-07,2.2282813790177392e-06,0.13347572420840775,0.8665218064496321,10,20,20
13,3120,5.771553721839141e-16,2.2720846832754506e-05,0.13265067673999884,0.867326602413168,10,20,20
13,3121,2.100415209585613e-13,2.2720882790186186e-05,0.19262395894064108,0.8073533201763586,10,20,20
13,3122,1.406850664797359e-12,0.012177748164794302,0.21389198064956627,0.773930271184233,10,20,20
13,3123,1.4068286041771946e-12,0.01217774823583138,0.1878629694154425,0.7999592823473195,10,20,20
13,3124,3.090299965944346e-11,0.02740417124413762,0.17193624357617504,0.8006595851487841,10,20,20
13,3125,5.862761917135338e-14,0.0005481119228597476,0.19957636979854737,0.799875518278534,10,20,20
13,3126,7.199242268893366e-12,2.888130377315339e-09,0.2001973773165541,0.7998026197881165,10,20,20
13,3127,3.5145061066477504e-13,0.00020152495481731087,0.19995946840777948,0.7998390066370515,10,20,20
13,3128,3.7248125071888096e-06,0.00020152886896147954,0.19986428085907673,0.7999304654594546,10,20,20
13,3129,3.7519297823401145e-06,0.0011415354062198283,0.2367276618505904,0.7621270508134079,10,20,20
13,3130,0.007387603856233124,3.8917649600722e-06,0.19407306302108407,0.7985354413577228,10,20,20
13,3131,1.8918162850463736e-07,0.006899621833121166,0.219498533626406,0.7736016553588436,10,20,20
13,3132,1.8931896315335405e-07,0.006898102916125458,0.19839697098198356,0.7947047367829281,10,20,20
13,3133,3.165205702878178e-12,3.9081447891039295e-09,0.11351428373482549,0.8864857123538645,10,20,20
13,3134,2.1419753590464252e-07,1.079679257787052e-06,0.15235841017525348,0.8476402959479528,10,20,20
13,3135,2.276598043002684e-10,3.6012437381100085e-09,0.15120687613360415,0.8487931200374922,10,20,20
13,3136,3.8355250403773135e-06,0.00014680257160729437,0.11483081790214737,0.8850185440012048,10,20,20
13,3137,1.218694720823712e-07,4.2813176584784486e-06,0.10024772211425306,0.8997478746986166,10,20,20
13,3138,6.001448401986934e-12,2.591936783580058e-05,0.12064630672963642,0.8793277738965264,10,20,20
13,3139,2.546052379855154e-07,7.797512390523599e-05,0.09998734593589718,0.8999344243349597,10,20,20
13,3140,6.55444510768044e-07,0.0009357177152368598,0.14640908613814474,0.8526545407021073,10,20,20
13,3141,6.552839100748198e-07,0.00093571976231833,0.14549605384093972,0.8535675711128319,10,20,20
13,3142,8.36036764500307e-09,0.0011674349017223953,0.20909730959873435,0.7897352471391758,10,20,20
13,3143,1.0645566781816475e-11,6.66794673552052e-05,0.17591028856707755,0.8240230319549215,10,20,20
13,3144,6.258932528742703e-13,0.00010141268949337527,0.10009053250413817,0.8998080548057426,10,20,20
13,3145,2.102304491268696e-09,0.0023864153332142733,0.12575438479418252,0.8718591977702987,10,20,20
13,3146,1.4640819562104593e-11,5.397577151311766e-06,0.12316966197233362,0.8768249404358741,10,20,20
13,3147,3.5074330715116296e-10,3.5438538547590823e-06,0.10364204698617656,0.8963544088092255,10,20,20
13,3148,2.1993123595779072e-11,5.801018712650383e-10,0.10227728013578827,0.897722719262117,10,20,20
13,3149,2.277828297706935e-13,0.023332513722282715,0.08251847063866043,0.8941490156388289,10,20,20
13,3150,2.421858576823636e-11,3.5462038924823164e-06,0.10144415310918989,0.898552300662699,10,20,20
13,3151,9.42797169244951e-14,3.983025985901848e-09,0.10263106244991457,0.897368933566965,10,20,20
13,3152,4.649510531271568e-14,0.00024158783277227345,0.19493105458873308,0.8048273575784481,10,20,20
13,3153,1.9953508834324628e-11,2.786665115169814e-07,0.10794896240144332,0.8920507589120914,10,20,20
13,3154,8.979198236562345e-10,0.00014477142417130382,0.19858007515068737,0.8012751525272217,10,20,20
13,3155,1.128214198319495e-09,2.8033064068454266e-06,0.19985497799966812,0.8001422175657105,10,20,20
13,3156,1.1281705513139586e-09,2.7983451582192694e-06,0.1987062392189587,0.8012909613077124,10,20,20
13,3157,2.8562454350559587e-08,2.0631685985476105e-05,0.17174856615265138,0.8282307735989086,10,20,20
13,3158,2.856245338136776e-08,2.0630478842449233e-05,0.13398380219008468,0.8659955387686192,10,20,20
13,3159,1.3205444304348578e-11,2.0630988011431923e-05,0.1020846613449701,0.8978947076538129,10,20,20
13,3160,2.364470148958922e-10,1.3276440924019363e-05,0.10102636575121851,0.8989603575714101,10,20,20
13,3161,1.9560310940113386e-13,8.667193431063252e-06,0.10211687322274507,0.8978744595836277,10,20,20
13,3162,4.6411897744879875e-15,0.04038654825104694,0.061733166048556574,0.8978802857003918,10,20,20
13,3163,2.2996182853016145e-12,0.04038654568572572,0.06130545446042658,0.8983079998515479,10,20,20
13,3164,1.448987314778987e-11,0.0011662565668044144,0.10067292518574263,0.8981608182329632,10,20,20
13,3165,3.9303019947722894e-09,6.375323847388677e-05,0.10175105447356106,0.8981851883576631,10,20,20
13,3166,2.2035895622958512e-11,5.0755852308778334e-05,0.10582692512654165,0.8941223189991139,10,20,20
13,3167,9.328397943441889e-13,5.0645719654656024e-05,0.10206678443483305,0.8978825698445793,10,20,20
13,3168,9.45967518031828e-13,5.064824014402987e-05,0.14659482681084424,0.8533545249480656,10,20,20
13,3169,1.898723524674258e-14,8.681834489737489e-11,0.0015542178814331538,0.9984457820317296,10,20,20
13,3170,5.14539181102955e-13,6.009912450640651e-10,0.002272323447328522,0.9977276759511657,10,20,20
13,3171,2.706329222672257e-14,5.442410894764561e-10,0.06504132739251756,0.9349586720632141,10,20,20
13,3172,1.4977983699315039e-15,1.5923953089225063e-09,0.0751595527135934,0.9248404456940094,10,20,20
13,3173,2.0089179916915656e-17,1.5929984883302063e-09,0.0736844603595548,0.9263155380474464,10,20,20
13,3174,2.198706030450657e-15,7.071835732748844e-09,0.05025607833794578,0.9497439145902161,10,20,20
13,3175,1.7969495989477183e-18,1.104372098930191e-10,0.004431162201328722,0.9955688376882341,10,20,20
13,3176,5.013059865458888e-15,1.115183335791824e-10,0.004478997244045254,0.9955210026444314,10,20,20
13,3177,6.051952601878485e-15,1.0222603485121842e-09,0.00934137461904428,0.9906586243586896,10,20,20
13,3178,2.471425730429786e-16,3.5406351527083585e-13,0.008704537485243765,0.9912954625144019,10,20,20
13,3179,3.1700347289255964e-14,5.465087333136196e-10,0.0009049610595521455,0.9990950383939076,10,20,20
13,3180,4.167065984570249e-16,1.3209409907605638e-06,0.028797788674513474,0.9712008903844953,10,20,20
13,3181,1.7327736577182486e-14,4.4843457790471915e-10,0.09333803135813808,0.9066619681934099,10,20,20
13,3182,1.0484850942792808e-16,1.0721945186797673e-12,0.09522715110259009,0.9047728488963374,10,20,20
13,3183,1.9335479504631158e-15,1.1075510770044556e-12,0.09696947057779665,0.9030305294210936,10,20,20
13,3184,1.8559936557071876e-08,1.0380476739204875e-07,0.1087928601318564,0.8912070175034398,10,20,20
13,3185,1.3871544891345163e-13,7.115512563375917e-09,0.10839063707745047,0.8916093558068982,10,20,20
13,3186,2.494992760472447e-09,7.516661025224383e-09,0.10533109821890332,0.8946688917694429,10,20,20
13,3187,2.4949950511097346e-09,7.513613776841346e-09,0.10461357933117957,0.8953864106602113,10,20,20
13,3188,2.0259429088320715e-15,8.420790828171698e-09,0.10336302254265503,0.8966369690365521,10,20,20
13,3189,9.553842278157883e-10,8.467465795441897e-05,0.09989674865883161,0.9000185757278295,10,20,20
13,3190,1.0647708325150141e-14,4.735026714163743e-12,0.04401859137812006,0.9559814086171343,10,20,20
13,3191,8.686648262546192e-15,2.4101126917739925e-09,0.1423368205815655,0.8576631770083127,10,20,20
13,3192,1.7027935360847487e-09,1.2447951288482003e-09,0.14423532221570068,0.8557646748367105,10,20,20
13,3193,3.653476748108661e-12,7.158849415917748e-11,0.14456132055437507,0.8554386793703831,10,20,20
13,3194,2.0103596260642196e-07,1.0210107452750612e-10,0.10008260701914004,0.8999171918427962,10,20,20
13,3195,2.1777064211166815e-09,6.291448446109885e-09,0.22490392514497076,0.7750960663858735,10,20,20
13,3196,3.185474461637468e-10,3.0105390235398293e-09,0.23603238711189034,0.7639676095590227,10,20,20
13,3197,6.571645670391954e-10,3.1877125889804937e-07,0.176777306802216,0.8232223737693605,10,20,20
13,3198,1.2822882076984144e-05,0.008337772611736047,0.09567245641840544,0.8959769480877814,10,20,20
13,3199,1.2822882127479756e-05,0.008337772765897429,0.09537166248887599,0.8962777418630992,10,20,20
13,3200,1.2822882078733863e-05,0.008337772619054256,0.09599731574232293,0.8956520887565438,10,20,20
13,3201,1.2822882192407176e-05,0.008337773271066561,0.09402884541803082,0.89762055842871,10,20,20
13,3202,7.870644729356535e-09,0.0034002515853709544,0.15738717448148992,0.8392125660624942,10,20,20
13,3203,2.3208109964158003e-08,0.0034002537236098576,0.22185278329782596,0.7747469397704538,10,20,20
13,3204,8.437537491330913e-10,8.386191173789941e-09,0.1006066713966656,0.8993933193733893,10,20,20
13,3205,8.089052754014568e-06,8.079187265831706e-09,0.10139559679709295,0.8985963060709656,10,20,20
13,3206,8.08887183515007e-06,1.1718540771180078e-09,0.10143125069727513,0.8985606592590354,10,20,20
13,3207,0.09840667790704546,1.0322179006012782e-10,0.001646171182512348,0.8999471508072203,10,20,20
13,3208,0.09840667790711258,1.0238269426532357e-10,0.0017272145331259324,0.8998661074573786,10,20,20
13,3209,0.09840667706347975,1.0214877451791149e-10,0.06978401548901927,0.831809307345352,10,20,20
13,3210,0.09840667706341119,1.0219382800482837e-10,0.03547638597847526,0.8661169368559201,10,20,20
13,3211,0.0023702709291395733,0.0003626853527075772,0.09979583091106108,0.897471212807092,10,20,20
13,3212,0.0023702709277656393,0.0003626853513456656,0.0991099574483593,0.8981570862725293,10,20,20
13,3213,0.002370270927765542,0.00036268535634799534,0.10188243478772138,0.895384608928165,10,20,20
13,3214,0.0023702709277655352,0.000362685353345998,0.10022321903410414,0.8970438246847843,10,20,20
13,3215,1.3412792733996622e-06,0.00019547330222005277,0.10003411610968663,0.8997690693088197,10,20,20
13,3216,1.3412791234191877e-06,0.0001954733808976674,0.10112187242103265,0.8986813129189463,10,20,20
13,3217,8.398617810252465e-17,8.448635825998768e-06,0.10245814359835874,0.897533407765815,10,20,20
13,3218,1.587680659315904e-15,7.971538426722528e-06,0.1001841856781075,0.8998078427834642,10,20,20
13,3219,9.628821993909964e-15,7.971420681228219e-06,0.10506324307223062,0.8949287855070784,10,20,20
13,3220,7.747791829047629e-14,1.7652049862534558e-07,0.10014243889286797,0.8998573845865557,10,20,20
13,3221,5.623646116641273e-14,2.747417942244652e-07,0.10482544793240285,0.8951742773257463,10,20,20
13,3222,1.8681410821692053e-11,2.467303189718622e-06,0.10158431411450233,0.8984132185636259,10,20,20
13,3223,1.8678498281560534e-11,2.4672893822255724e-06,0.13260836309872134,0.8673891695932179,10,20,20
13,3224,3.466996242328096e-14,0.0004994851787290186,0.10192961466649578,0.8975709001547403,10,20,20
13,3225,4.840756860291559e-08,2.7693528938509266e-06,0.1390172202452584,0.8609799619942786,10,20,20
13,3226,5.072538922947931e-07,2.0577466493018607e-08,0.138451073486219,0.8615483986824216,10,20,20
13,3227,5.07254168865025e-07,2.0520064160584895e-08,0.10004547072927261,0.8999540014964941,10,20,20
13,3228,1.9658367904341695e-11,4.383023101625344e-08,0.095913591595121,0.9040863645549896,10,20,20
13,3229,1.256070044044397e-12,3.731591974473921e-09,0.00023225331429253606,0.9997677429528593,10,20,20
13,3230,1.5077333508368037e-16,1.4552971337097249e-09,0.005117036545260545,0.9948829619994422,10,20,20
13,3231,2.2306764267804875e-15,1.8756836065629726e-12,0.00208472295103164,0.9979152770470903,10,20,20
13,3232,7.007254156600501e-16,4.669642760805839e-12,0.10358947229852158,0.8964105276968077,10,20,20
13,3233,1.3069319931565577e-09,1.44425102952458e-08,0.00474519966170141,0.9952547845888562,10,20,20
13,3234,7.431012534758008e-12,1.9504946559262024e-08,0.003185645216633905,0.9968143352709884,10,20,20
13,3235,3.368180615300011e-16,2.516900322986343e-11,0.05766082353452762,0.9423391764403031,10,20,20
13,3236,3.731453280918169e-16,5.02059918813999e-10,0.059442946014173395,0.9405570534837662,10,20,20
13,3237,1.0662531236141319e-16,1.9037379720963042e-10,0.05721666467732846,0.9427833351322976,10,20,20
13,3238,4.7145476140692024e-09,1.886003996792277e-10,0.058794659449467615,0.9412053356473843,10,20,20
13,3239,8.139106136108788e-14,1.9208282458003723e-12,0.06269382285420172,0.937306177143796,10,20,20
13,3240,2.660023728686865e-14,1.2868286394710538e-11,0.06322972931219242,0.9367702706749126,10,20,20
13,3241,2.65802593075352e-14,1.3070949068727432e-11,0.12339217411979944,0.8766078258671033,10,20,20
13,3242,6.613969441505236e-14,3.6961438523016747e-10,0.00024670677383690023,0.9997532928564823,10,20,20
13,3243,1.4903310640423084e-15,1.5031922351688174e-13,0.005079556454201193,0.9949204435456471,10,20,20
13,3244,5.338957166213967e-15,1.747420221415083e-11,0.0008842672379051116,0.9991157327446155,10,20,20
13,3245,1.1727896215058826e-18,2.226484786334445e-13,0.0001148812600155323,0.9998851187397617,10,20,20
13,3246,3.739750951843316e-16,2.4310851968131328e-12,0.0022774960102110455,0.9977225039873575,10,20,20
13,3247,1.1536690118999276e-14,2.9499009820686113e-12,0.0015571123347542482,0.9984428876622845,10,20,20
13,3248,2.6346277155223506e-15,9.381432607095544e-11,0.00160782998741581,0.9983921699187673,10,20,20
13,3249,6.177787225282627e-15,3.213875153483732e-09,0.030285935905204904,0.9697140608809137,10,20,20
13,3250,6.3277746366309556e-15,6.001318359015626e-10,0.052852498453169014,0.9471475009466926,10,20,20
13,3251,2.739271134165267e-16,1.356804753678026e-10,0.0002480257170580948,0.999751974147261,10,20,20
13,3252,4.077845828064138e-18,2.338688724183598e-12,0.00012213490642575342,0.9998778650912354,10,20,20
13,3253,1.4144123892439411e-15,1.6394926993825376e-12,0.002159232406143265,0.9978407675922156,10,20,20
13,3254,1.1210411079321727e-14,8.767648066005779e-12,0.029603138397742663,0.9703968615934786,10,20,20
13,3255,1.8675866778454446e-10,9.569533007443586e-09,0.08665378652350793,0.9133462037202005,10,20,20
13,3256,1.8676513899353014e-10,9.488292457037673e-09,0.04859110591683977,0.9514088844081027,10,20,20
13,3257,4.913409864129056e-15,1.127116901369509e-08,0.04766439320899633,0.9523355955198298,10,20,20
13,3258,3.192881107601448e-15,1.4289425597648754e-08,0.04906837373082842,0.9509316119797427,10,20,20
13,3259,4.479474624022137e-14,5.821280846512146e-12,0.002041361118954157,0.9979586388751798,10,20,20
13,3260,1.0745267045617793e-14,5.726285426646283e-13,0.0001632784475297564,0.9998367215518869,10,20,20
13,3261,9.319658689155076e-12,1.5356357841575738e-07,0.008706622069487593,0.9912932243576142,10,20,20
13,3262,6.775186239261452e-19,1.5480325905355488e-09,0.0001407234134707278,0.9998592750384967,10,20,20
13,3263,6.329183410410554e-14,1.299291016188523e-09,0.039685453203049975,0.9603145454975957,10,20,20
13,3264,1.1849011115055917e-15,5.002261930078219e-09,0.04454143754509694,0.9554585574526397,10,20,20
13,3265,2.378661138587833e-14,5.1697510566567105e-09,0.04693351876294469,0.9530664760672807,10,20,20
13,3266,2.3312489627290552e-14,1.9133892282031127e-11,0.0013691664207695936,0.9986308335600734,10,20,20
13,3267,9.98449786571597e-16,6.821409132468051e-13,0.004223916815704979,0.995776083183612,10,20,20
13,3268,6.728261048626644e-12,1.29656154383399e-10,0.001179661755207723,0.998820338108408,10,20,20
13,3269,6.715015286906714e-12,1.3819016521795734e-09,0.0016041344794467036,0.9983958641319365,10,20,20
13,3270,9.548935921662544e-16,4.774643365719806e-13,0.004401278444406928,0.9955987215551145,10,20,20
13,3271,2.0977001868052132e-15,8.081975090128218e-09,0.009323946548988767,0.9906760453690341,10,20,20
13,3272,1.1627992824676252e-15,2.5010779297828178e-12,0.00023727680815374507,0.9997627231893439,10,20,20
13,3273,1.4006588354749834e-15,2.8227726221586843e-12,0.00013157335817992537,0.999868426638996,10,20,20
13,3274,1.9124520848659033e-15,4.1740747231413156e-12,0.002036590519078564,0.9979634094767453,10,20,20
13,3275,8.744519899650897e-16,9.354873889846666e-11,0.0005977094989039268,0.9994022904075465,10,20,20
13,3276,4.0209169476517844e-17,2.1328488795175743e-09,0.004342301110536291,0.9956576967566146,10,20,20
13,3277,1.1529190749936708e-14,3.6098848778833443e-09,0.005891697376498262,0.9941082990136051,10,20,20
13,3278,9.492988457253403e-15,1.5725713214891064e-09,0.0013760466837255407,0.9986239517436937,10,20,20
13,3279,2.7133151430150854e-11,1.556117381358466e-09,0.0006909757800646293,0.999309022636685,10,20,20
13,3280,2.7134450665676772e-11,3.1525123143215935e-12,0.0006557864267231185,0.99934421354299,10,20,20
13,3281,2.7134292037294223e-11,2.401756614803816e-12,0.00020418353451624082,0.9997958164359477,10,20,20
13,3282,3.0263698770155366e-11,3.0383832688193534e-09,0.0016729389740181833,0.998327057957335,10,20,20
13,3283,2.7290343973000927e-11,2.990270110260391e-09,0.0013016660927202708,0.9986983308897195,10,20,20
13,3284,2.713304213857672e-11,6.361084865382806e-12,0.0031585169324212883,0.9968414830340848,10,20,20
13,3285,4.197274612784477e-13,4.730544696172428e-09,0.022668631198334194,0.9773313640707013,10,20,20
13,3286,7.641887274199416e-16,1.9128331846637833e-09,0.006744329143860145,0.9932556689433059,10,20,20
13,3287,1.2900979957897621e-15,9.496461028231923e-15,0.0006964362260936657,0.9993035637738956,10,20,20
13,3288,3.843488419214989e-14,8.613751781504934e-12,0.04049320970233555,0.9595067902890122,10,20,20
13,3289,7.09368073904871e-16,1.2178703950311873e-11,0.0009229962621211379,0.9990770037256995,10,20,20
13,3290,1.351179650627413e-11,1.3526397319348607e-12,0.0029281063130443116,0.997071893672091,10,20,20
13,3291,2.117232018629968e-15,1.5732094572629366e-12,0.0015214573761723675,0.9984785426222524,10,20,20
13,3292,9.190613950492905e-15,2.7120006367056864e-10,0.007103098846917633,0.9928969008818733,10,20,20
13,3293,1.0239523939749082e-14,2.2598427837256947e-10,0.004002830624097897,0.9959971691499077,10,20,20
13,3294,1.751048262738516e-10,1.3554102439097142e-10,0.0011019786438210982,0.9988980210455329,10,20,20
13,3295,2.0341870572309986e-15,2.8270334916266548e-11,0.038962091645807176,0.9610379083259202,10,20,20
13,3296,2.2591973927881955e-15,1.250740064347345e-13,0.00046625417393125095,0.9995337458259416,10,20,20
13,3297,1.7909207546401613e-15,1.9496552817180732e-13,0.0014057947550664264,0.9985942052447369,10,20,20
13,3298,2.257904834234394e-15,1.1551473312846247e-12,0.0012951478740445767,0.998704852124798,10,20,20
13,3299,3.3617693239711216e-16,3.1878916271394992e-12,0.0011196164863365647,0.9988803835104753,10,20,20
13,3300,2.9700004052181925e-16,6.753921053910445e-14,0.0011031908203550703,0.9988968091795771,10,20,20
13,3301,5.050268504671982e-17,1.014627959418465e-10,0.02231899425887423,0.9776810056396628,10,20,20
13,3302,3.134802112992829e-13,9.404787557147336e-11,0.001770444900177724,0.9982295550054611,10,20,20
13,3303,1.3865271920100245e-16,9.511041077481245e-11,0.0019173836642675038,0.998082616240622,10,20,20
13,3304,1.224867702654164e-15,5.0880908740214315e-09,0.050982528372993184,0.9490174665389146,10,20,20
13,3305,6.356223492067458e-15,4.295842601125366e-10,0.007632077116132678,0.9923679224542766,10,20,20
13,3306,2.064268001133552e-14,1.5432635584855493e-07,0.006427412786154276,0.9935724328874691,10,20,20
13,3307,1.6614714693930687e-16,2.600422881699178e-11,0.0019333390473455809,0.99806666092665,10,20,20
13,3308,1.7543674862911354e-16,6.9719190556008525e-09,0.007451994606407141,0.9925479984216736,10,20,20
13,3309,1.3824838241657792e-14,6.834962758141178e-09,0.05906931255255996,0.9409306806124633,10,20,20
13,3310,1.191186081869096e-14,3.1511336610398616e-12,0.02572115647426714,0.9742788435225698,10,20,20
13,3311,7.950519895456215e-15,8.896904187408904e-13,0.0016651928606343125,0.9983348071384681,10,20,20
13,3312,8.666184646089944e-16,7.740125017012502e-11,0.051698977068979766,0.9483010228536182,10,20,20
13,3313,1.151782140396631e-13,6.3518496175110065e-12,0.0007616536385893137,0.9992383463549437,10,20,20
13,3314,7.703742776347217e-18,4.209400312020638e-14,0.0007300984658345582,0.9992699015341234,10,20,20
13,3315,7.707451654660717e-17,9.06441026751438e-13,0.0022546489616481896,0.9977453510374452,10,20,20
13,3316,1.6689428692383453e-13,5.803190293842855e-09,0.04792447864171299,0.9520755155549295,10,20,20
13,3317,2.996846381770545e-13,1.7135736691859977e-11,0.0026403039448911116,0.9973596960376735,10,20,20
13,3318,3.922582816477963e-12,2.713393858746932e-10,0.025995151613957997,0.9740048481107803,10,20,20
13,3319,8.63801649151749e-17,4.5533533113124405e-12,0.005080573121356581,0.99491942687409,10,20,20
13,3320,2.8134921278250313e-14,2.3374214285387105e-09,0.005062584454697082,0.9949374132078532,10,20,20
13,3321,5.173414923386769e-17,1.7735061949669877e-11,0.00014207456918798956,0.9998579254130769,10,20,20
13,3322,6.756301288441736e-15,2.8341815452827766e-06,0.0024663195407983473,0.9975308462776494,10,20,20
13,3323,7.488150033604743e-15,2.8372981118226625e-06,0.005844537873157276,0.9941526248287234,10,20,20
13,3324,1.8649746085664994e-09,2.835218643481569e-06,0.005047638226875058,0.9949495246895067,10,20,20
13,3325,1.8649679900509816e-09,1.0477279631059562e-09,0.0028059669676413156,0.9971940301196629,10,20,20
13,3326,1.15969498526384e-15,1.0460289381162173e-09,0.002749570557770479,0.9972504283961996,10,20,20
13,3327,2.2836138109591306e-16,2.2194517732607756e-12,0.0011749783541035459,0.9988250216436769,10,20,20
13,3328,8.432694503325896e-16,3.1011833428503103e-12,0.0018421959827210148,0.998157804014177,10,20,20
13,3329,3.759745266052434e-16,5.5415564194558256e-11,0.028464871411524324,0.97153512853306,10,20,20
13,3330,2.151664990035337e-15,1.0030901842999657e-09,0.03127258582975766,0.9687274131671499,10,20,20
13,3331,7.052969163792558e-14,1.1627634757633079e-09,0.0487812472422738,0.9512187515948922,10,20,20
13,3332,7.054630145511511e-14,1.1545195805898758e-09,0.04816893183648045,0.9518310670089294,10,20,20
13,3333,1.3843145957906095e-13,1.5751215913123752e-10,0.045311690553333214,0.9546883092890163,10,20,20
13,3334,6.986922985996771e-14,2.410339802428568e-10,0.04531609770209645,0.9546839020567998,10,20,20
13,3335,6.897042812228581e-17,9.269418340365608e-11,0.0032899857792094292,0.9967100141280965,10,20,20
13,3336,2.3451949586431068e-17,8.989508479265802e-11,0.001593371701706829,0.9984066282083978,10,20,20
13,3337,6.6067414323865254e-15,6.713171790789323e-14,0.00013786766638126485,0.9998621323335449,10,20,20
13,3338,5.718824147015646e-13,6.115823899146238e-11,0.0183188547698275,0.9816811451684423,10,20,20
13,3339,6.515723535580455e-11,2.51247334112202e-10,0.02330250380024161,0.9766974958833539,10,20,20
13,3340,5.745273773375606e-11,2.742812625194486e-11,0.003518104378580617,0.9964818955365384,10,20,20
13,3341,5.929982474142783e-11,4.646088187479974e-09,0.02104604279778908,0.9789539524968225,10,20,20
13,3342,1.5943274041416062e-15,3.6440589171547496e-10,0.0018563951655830447,0.9981436044700095,10,20,20
13,3343,1.7647619702899183e-12,7.096335009646842e-10,0.03311196832546538,0.9668880309631366,10,20,20
13,3344,7.23665291111912e-09,2.0108404901968847e-09,0.07879576038468084,0.9212042303678256,10,20,20
13,3345,3.210755458238162e-11,4.963772529615427e-09,0.08285409746662335,0.9171458975374964,10,20,20
13,3346,6.917197167502035e-12,4.949012615700326e-07,0.10375900564547569,0.8962404994463455,10,20,20
13,3347,3.611166270572636e-08,4.372095111067539e-05,0.1277147687820549,0.8722414741551716,10,20,20
13,3348,6.566257633255281e-07,2.1544558514864047e-10,0.04173037006725837,0.9582689730915327,10,20,20
13,3349,6.566256426996502e-07,8.810528052542215e-12,0.0034124886674837935,0.9965868546980632,10,20,20
13,3350,5.631575694979241e-10,5.1048647928462754e-11,0.0011221307606523417,0.9988778686251415,10,20,20
13,3351,3.987590372542108e-16,1.6634093390387636e-12,0.00010048793550648471,0.9998995120628299,10,20,20
13,3352,1.453592141723725e-15,1.7823523009152631e-12,0.0031131108133316465,0.9968868891848844,10,20,20
13,3353,6.9980362300432875e-15,5.3573368657845776e-12,0.007534986287730232,0.9924650137069053,10,20,20
13,3354,6.294745814965246e-16,1.5828293025333733e-11,0.0020351360941374577,0.9979648638900335,10,20,20
13,3355,6.031126697087219e-16,1.0096021920837059e-10,0.0073330604908333095,0.9926669394082058,10,20,20
13,3356,4.3300104728920896e-14,3.985806578872461e-09,0.017385644021318432,0.9826143519928315,10,20,20
13,3357,1.976934133531067e-15,2.7964579356363286e-12,0.00031872037090190596,0.9996812796262995,10,20,20
13,3358,3.2152839741348943e-16,1.6487021582767846e-12,0.0003051152131841171,0.9996948847851665,10,20,20
13,3359,2.480800925883841e-14,4.099803167924876e-09,0.0030889156658788696,0.9969110802342932,10,20,20
13,3360,1.0179025279318829e-13,1.4062078429921937e-10,0.005020526635773745,0.9949794732235034,10,20,20
13,3361,1.2460124374963052e-13,5.301335204626277e-09,0.02290081545725343,0.9770991792412866,10,20,20
13,3362,2.0350178234035447e-16,1.6572603612668996e-12,2.4626106173914656e-05,0.9999753738921686,10,20,20
13,3363,2.566503327201969e-11,1.0973585063462182e-10,0.0001073684896277526,0.9998926313749712,10,20,20
13,3364,1.5614355416849726e-14,6.304055529434175e-10,0.0008730639552517565,0.9991269354143271,10,20,20
13,3365,1.0341049056409147e-13,3.0544097500623e-10,0.0012942676831751976,0.9987057320112804,10,20,20
13,3366,1.6980811638749624e-14,4.863669244616623e-12,0.00010374490902654424,0.9998962550860929,10,20,20
13,3367,4.8158465501375434e-17,3.676730787591837e-12,0.0006538144525038323,0.9993461855438192,10,20,20
13,3368,1.194051642622305e-16,5.850016832352073e-11,0.046611108154334294,0.9533888917871651,10,20,20
13,3369,8.856283811927947e-18,5.3730636940012504e-11,0.04605710295311087,0.9539428969931587,10,20,20
13,3370,1.0708168940362277e-14,4.3863961291330275e-13,0.00015760911479788692,0.9998423908847528,10,20,20
13,3371,3.7196860798016733e-14,1.6204357897892148e-09,0.05882134279555108,0.941178655583976,10,20,20
13,3372,2.104763248629931e-11,1.6173377861971664e-09,0.15869325109364493,0.8413067472679694,10,20,20
13,3373,0.04461345650039329,4.416768836301798e-06,0.16795550994445768,0.7874266167863129,10,20,20
13,3374,0.04461345648669819,4.399982341802235e-06,0.11427138102155274,0.8411107625094069,10,20,20
13,3375,0.04461345648669817,4.399982588206219e-06,0.11926643146071274,0.8361157120700005,10,20,20
13,3376,1.2361975835834613e-09,0.0016473447928005431,0.15094042483858705,0.8474122291324144,10,20,20
13,3377,6.550295828862738e-08,1.0149282057489012e-07,0.10013203447641919,0.8998677985278016,10,20,20
13,3378,0.056834788838568996,1.4783468180019798e-10,0.04404583167719229,0.8991193793364038,10,20,20
13,3379,0.0014789216497496308,3.6896746318016895e-05,0.17333530589428828,0.8251488757096441,10,20,20
13,3380,0.0014789216497580928,3.689667127414367e-05,0.10091162589286548,0.8975725557861024,10,20,20
13,3381,1.8449287768510397e-09,7.98767585849548e-08,0.10006038655300128,0.8999395317253109,10,20,20
13,3382,4.634773707078932e-09,7.74708124743753e-12,0.10011046156005161,0.899889533797427,10,20,20
13,3383,1.4152878175507597e-10,2.116308074568002e-07,0.16219024621030392,0.8378095420173596,10,20,20
13,3384,0.0807816717191277,5.673932106367788e-07,0.023209721254163426,0.8960080396334981,10,20,20
13,3385,0.08078167171904413,5.627570801306648e-07,0.019340375376635955,0.8998773901472399,10,20,20
13,3386,1.5389487405214547e-07,0.0017189062053863252,0.1599924187982235,0.8382885211015159,10,20,20
13,3387,1.6304800920128552e-07,0.013408530024604935,0.25767916032580357,0.7289121466015815,10,20,20
13,3388,1.0945947325540001e-11,0.008299623375457768,0.25429877836316916,0.7374015982504274,10,20,20
13,3389,8.623059074640892e-10,0.0027532571625216865,0.19866974020377862,0.7985770017713937,10,20,20
13,3390,8.466105533830311e-10,0.0027532571620982474,0.19820232542704885,0.7990444165642423,10,20,20
13,3391,8.363404823297732e-10,0.002750056109408367,0.09801378823809277,0.8992361548161586,10,20,20
13,3392,5.1291707367953174e-05,2.1506442148982424e-08,0.10062432119361568,0.8993243655925742,10,20,20
13,3393,5.129170629506797e-05,2.107230711409354e-08,0.10003294298021195,0.8999157442411863,10,20,20
13,3394,2.2440898354793336e-11,1.2762044323078532e-07,0.1004526386486515,0.8995472337084642,10,20,20
13,3395,2.2441943767011077e-11,1.2761712637175657e-07,0.10046134820314576,0.8995385241572859,10,20,20
13,3396,8.280717905126552e-12,8.939731057838957e-06,0.10011778338715167,0.8998732768735097,10,20,20
13,3397,8.58010325482619e-13,1.5637642348907405e-08,0.19285947705994685,0.8071405073015526,10,20,20
13,3398,2.0734245980040887e-07,1.0000549432626353e-07,0.20285587777714248,0.7971438148749032,10,20,20
13,3399,2.073036879474961e-07,9.973544098574611e-05,0.20156951228372413,0.7983305449716018,10,20,20
13,3400,8.212267472151636e-06,0.018577548026477913,0.18433663254879712,0.7970776071572524,10,20,20
13,3401,8.212481723859088e-06,0.03579588000538211,0.16529873476896956,0.7988971727439244,10,20,20
13,3402,8.212481254245494e-06,0.03579588003332645,0.16428399596830429,0.7999119115171149,10,20,20
13,3403,2.1638416879057452e-10,0.01723894664758288,0.18289852894631659,0.7998625241897162,10,20,20
13,3404,1.6546388295236469e-09,0.01726886706402183,0.18331768670125778,0.7994134445800812,10,20,20
13,3405,0.09791757862431935,0.017238786279871673,0.0849891203997809,0.7998545146960279,10,20,20
13,3406,1.668416537896617e-08,0.0035032681871351294,0.19665275591939138,0.7998439592093076,10,20,20
13,3407,4.88499629440658e-09,0.08765730703664079,0.11414219071618807,0.7982004973621747,10,20,20
13,3408,0.0009213809009049892,0.08765799306105747,0.11324733743594784,0.7981732886020894,10,20,20
13,3409,6.190031550408671e-12,0.10001982337953601,0.10338129373020961,0.7965988828840644,10,20,20
13,3410,9.751104043361732e-14,0.09996266572035582,0.10550652030480565,0.7945308139747411,10,20,20
13,3411,1.4695349484459527e-12,0.19989222066076265,0.013311350662881454,0.7867964286748863,10,20,20
13,3412,9.70334088838703e-16,0.19932483597675568,0.013930189272222896,0.7867449747510205,10,20,20
13,3413,5.114816695979362e-12,0.1870635830880289,0.0403968242027796,0.7725395927040766,10,20,20
13,3414,2.8204057760590198e-14,0.19999580106934317,0.0063373001475947625,0.793666898783034,10,20,20
13,3415,2.698173081396173e-16,0.1998603009724079,0.0015208715931058628,0.7986188274344859,10,20,20
13,3416,1.7509883561640772e-17,0.19932985200987582,0.0008198598673861971,0.7998502881227377,10,20,20
13,3417,3.955612972550504e-17,0.19911510869980203,0.0009603214675732739,0.7999245698326247,10,20,20
13,3418,4.666767645283859e-11,0.1991151135435365,0.0018592687113138814,0.7990256176984818,10,20,20
13,3419,4.6667637430900035e-11,0.19984023554295413,0.0023696486404600177,0.7977901157699181,10,20,20
13,3420,4.608799668951954e-14,0.09997510807195188,0.10181533919995911,0.7982095527280427,10,20,20
13,3421,8.848507350979571e-13,0.09996412718815956,0.10008286630337648,0.7999530065075785,10,20,20
13,3422,6.861422574839207e-11,0.10037347565096685,0.10079485591261224,0.7988316683678066,10,20,20
13,3423,6.857405502488216e-11,0.09735306602383605,0.14483987864671727,0.7578070552608726,10,20,20
13,3424,2.3499774157554536e-05,0.10000130927700315,0.10027408761788303,0.7997011033309563,10,20,20
13,3425,7.106045324424848e-10,0.09999899778492378,0.10165214991265772,0.7983488515918132,10,20,20
13,3426,1.7309023397314446e-08,0.09997635785174218,0.14188839377389076,0.7581352310653434,10,20,20
13,3427,4.870098514642514e-11,0.11225222822089012,0.1291421359057855,0.7586056358246231,10,20,20
13,3428,4.870139199327215e-11,0.11110208227206271,0.13049631153117586,0.7584016061480598,10,20,20
13,3429,9.450826727106816e-15,0.1121953517920061,0.0913009795278326,0.7965036686801518,10,20,20
13,3430,9.934205505837459e-13,0.1840305067209744,0.019517523535883194,0.7964519697421488,10,20,20
13,3431,2.6726076713587317e-12,0.10060161955889912,0.14410633231117556,0.7552920481272526,10,20,20
13,3432,1.2556005742160766e-10,0.025309399744928573,0.17654188461742493,0.7981487155120867,10,20,20
13,3433,7.51221685097752e-10,0.0011468787360252252,0.21070636305841214,0.78814675745434,10,20,20
13,3434,3.5707660129987935e-08,0.0011265135386071038,0.20251561908551013,0.7963578316682224,10,20,20
13,3435,3.242719004010946e-10,0.0006586377724418296,0.19992512218894878,0.7994162397143375,10,20,20
13,3436,1.3293305891929602e-07,0.005853345656555017,0.19951234676577406,0.7946341746446115,10,20,20
13,3437,2.7632601102786644e-09,9.990253896603068e-05,0.204761666139368,0.7951384285584049,10,20,20
13,3438,9.275512045964296e-06,1.0943053563048096e-08,0.2046357881056448,0.7953549254392546,10,20,20
13,3439,9.27551223916161e-06,4.13149403960186e-06,0.2032849552146813,0.7967016377790394,10,20,20
13,3440,9.275512238735842e-06,4.225081820482233e-06,0.24359157624219882,0.7563949231637418,10,20,20
13,3441,9.275611564167594e-06,0.02802461486565285,0.17349878309765002,0.798467326425133,10,20,20
13,3442,0.003456001482808592,0.028032413870831645,0.16933887483506896,0.7991727098112906,10,20,20
13,3443,1.23715995769516e-06,1.4729037810727012e-08,0.20014968798539412,0.7998490601256103,10,20,20
13,3444,1.299071266382261e-13,0.12250431028136462,0.07765753956591517,0.7998381501525901,10,20,20
13,3445,2.2303012662806838e-05,0.09313240449535606,0.11096466015250994,0.7958806323394714,10,20,20
13,3446,5.347997363205388e-07,0.09993747641897653,0.1506406153659619,0.7494213734153249,10,20,20
13,3447,0.09342634735750383,0.09983898449017391,0.007346276260136157,0.799388391892186,10,20,20
13,3448,0.0934263473575034,0.0998389843691013,0.006916925373576051,0.7998177428998193,10,20,20
13,3449,0.09342635353647788,0.09983898439424468,0.06278561089217634,0.7439490511771012,10,20,20
13,3450,0.09342634735789208,0.0998389843688224,0.00825581040234345,0.7984788578709422,10,20,20
13,3451,0.09342634735761934,0.09983898461085935,0.010646376085602899,0.7960882919459185,10,20,20
13,3452,0.005023544593115801,0.10030876046831447,0.09775967847505804,0.7969080164635116,10,20,20
13,3453,1.0304635232645636e-07,0.10101576748727928,0.0936720286093661,0.8053121008570022,10,20,20
13,3454,3.2850297070783776e-08,0.0967973235772912,0.10385229813842474,0.7993503454339865,10,20,20
13,3455,7.237276144744275e-09,0.09679731408393413,0.1033643143117123,0.7998383643670769,10,20,20
13,3456,1.7341851398797536e-11,0.09972850480142702,0.10058383073070094,0.7996876644505297,10,20,20
13,3457,1.499962185407512e-09,0.10003720206641294,0.1468148035690621,0.7531479928645626,10,20,20
13,3458,1.483541322028826e-09,0.09997956034601828,0.14956311691197427,0.7504573212584662,10,20,20
13,3459,1.1649551112621733e-11,0.09994145377005828,0.10028772299833077,0.799770823219961,10,20,20
13,3460,2.666046484452208e-11,0.09999574185581608,0.20018861796028736,0.6998156401572364,10,20,20
13,3461,7.60903990483335e-11,0.09935671404295415,0.200776132847722,0.6998671530332334,10,20,20
13,3462,6.129844611912652e-11,0.09971541853446267,0.20083813765236794,0.6994464437518702,10,20,20
13,3463,6.526659766082725e-09,0.04512996342743873,0.25051176328879254,0.7043582667571081,10,20,20
13,3464,3.2398716466577333e-06,0.004307532042010646,0.3362061872539751,0.6594830408323668,10,20,20
13,3465,1.5529336335927025e-05,0.0042825793183619626,0.3377303953949472,0.6579714959503539,10,20,20
13,3466,0.0015122061446218677,7.893037268445703e-05,0.29893393910579946,0.6994749243768937,10,20,20
13,3467,4.4980513374839655e-09,1.1232537329243294e-06,0.30795695869876877,0.6920419135494476,10,20,20
13,3468,4.496701288170758e-09,2.6977515362029315e-06,0.3001095947148766,0.6998877030368857,10,20,20
13,3469,5.2800538253027206e-08,0.014257565307865006,0.2878941592197906,0.697848222671806,10,20,20
13,3470,9.853735149664053e-07,0.0029197050937253693,0.3424368725870099,0.6546424369457494,10,20,20
13,3471,0.09721110760822893,0.00015265404657650422,0.24638015047542675,0.6562560878697675,10,20,20
13,3472,0.09721076432180957,1.1493997364571368e-06,0.20449389474599755,0.698294191532455,10,20,20
13,3473,0.005621741788953425,0.09945014652909875,0.1977123103124213,0.6972158013695262,10,20,20
13,3474,8.861638035405628e-07,0.09945014521745633,0.2023580451918332,0.698190923426907,10,20,20
13,3475,0.09733763694992068,0.09945014778669978,0.1039164790750158,0.6992957361883637,10,20,20
13,3476,0.0891614983555603,9.708497849333305e-06,0.21090514272387706,0.6999236504227133,10,20,20
13,3477,0.03237585547736725,0.0005852226555375869,0.26710758629520104,0.6999313355718939,10,20,20
13,3478,0.00011582561016805522,6.882116439722684e-06,0.2999558751485506,0.6999214171248416,10,20,20
13,3479,6.104598929081512e-05,0.008933656495919488,0.2919034797254444,0.6991018177893453,10,20,20
13,3480,2.9476097839701226e-05,0.00836519106744237,0.2949770248714077,0.6966283079633099,10,20,20
13,3481,2.9466644309697384e-05,0.025582617075201465,0.3696511173394036,0.6047367989410849,10,20,20
13,3482,3.0057853485318796e-08,0.0615174647853199,0.34522727362458067,0.5932552315322454,10,20,20
13,3483,2.654730863556903e-08,0.06158588746648671,0.3369305238883117,0.6014835620978927,10,20,20
13,3484,8.308189679646504e-06,0.06158582242455589,0.33888514482798693,0.5995207245577772,10,20,20
13,3485,1.2716304325088196e-05,0.10000086538781112,0.29998806105195674,0.5999983572559062,10,20,20
13,3486,1.771992942247886e-08,0.0999942211071947,0.37201892860176183,0.527986832571113,10,20,20
13,3487,2.3671162840137367e-06,0.09976659984006361,0.3003248645225549,0.5999061685210964,10,20,20
13,3488,1.0609238032498236e-05,0.09977955340446602,0.30025885818714443,0.5999509791703564,10,20,20
13,3489,3.3023380917144873e-09,0.16016768670967574,0.20546828260943428,0.6343640273785508,10,20,20
13,3490,2.990335960433848e-12,0.1996227839394536,0.10034166551112438,0.7000355505464313,10,20,20
13,3491,3.152830424705174e-12,0.1621405602381695,0.14103046269923708,0.6968289770594405,10,20,20
13,3492,3.1527060394797566e-12,0.1929993738242622,0.10686925981403797,0.7001313663585468,10,20,20
13,3493,2.764580407692885e-12,0.1926246942627327,0.10723936825278131,0.7001359374817211,10,20,20
13,3494,3.046514724093326e-12,0.17716683188045584,0.12586929814148293,0.6969638699750147,10,20,20
13,3495,3.1290706922345517e-12,0.192638388692194,0.10813078253673751,0.6992308287679392,10,20,20
13,3496,2.798995316771809e-13,0.19347051274554297,0.10668081247808622,0.6998486747760907,10,20,20
13,3497,1.6033746309864483e-13,0.19998264073813338,0.0014564315792517477,0.7985609276824546,10,20,20
13,3498,1.9055215553044892e-16,0.19998264071665256,8.586039733160106e-05,0.7999314988860158,10,20,20
13,3499,1.450417365527521e-16,0.1999826407192659,0.03281645673644855,0.7672009025442852,10,20,20
13,3500,7.890790485047848e-18,0.19997478372990746,0.031524394287366864,0.7685008219827257,10,20,20
13,3501,8.932674963776648e-16,0.19999817736674852,0.06674337226648933,0.7332584503667612,10,20,20
13,3502,1.3808378185806758e-18,0.19951903397362383,0.0004951677501106199,0.7999857982762656,10,20,20
13,3503,1.7815334490631492e-14,0.19951308623143915,0.0005323104253438075,0.799954603343199,10,20,20
13,3504,1.7812769668374404e-14,0.19998917163909125,0.0045923594261094245,0.7954184689347814,10,20,20
13,3505,1.7811900607694054e-14,0.11991078264224093,0.08018082915446355,0.7999083882032775,10,20,20
13,3506,4.065408914197384e-12,0.09955470164765505,0.11902727350558688,0.7814180248426924,10,20,20
13,3507,1.6074537000200682e-13,0.09955470164687523,0.11615725082280885,0.7842880475301552,10,20,20
13,3508,8.222979317565576e-14,0.0999092475686375,0.1033707512940426,0.7967200011372375,10,20,20
13,3509,1.3366425328994678e-15,0.09997185396754796,0.10335831675686354,0.7966698292755869,10,20,20
13,3510,1.0296897051402013e-15,0.10002736239838697,0.10031467548370206,0.7996579621179102,10,20,20
13,3511,4.993175207081248e-13,0.006633709949173723,0.19449234625009815,0.7988739438002292,10,20,20
13,3512,4.3791227879735834e-13,0.0066337098673811285,0.1942853392310863,0.7990809509010949,10,20,20
13,3513,4.705463689698149e-13,0.07722650145509682,0.12339163686196934,0.7993818616824637,10,20,20
13,3514,4.699816623573462e-13,0.1000624661515738,0.10609729769063052,0.7938402361573261,10,20,20
13,3515,1.242453191013042e-08,0.09995005959597572,0.1041465265900039,0.795903401389488,10,20,20
13,3516,1.2424503914901752e-08,0.0995884369412825,0.10054727377110736,0.7998642768631063,10,20,20
13,3517,1.242450399812316e-08,0.09999980670529396,0.10001999323666236,0.7999801876335397,10,20,20
13,3518,1.9846014481877344e-10,0.10002073763752387,0.1000434165820406,0.7999358455819747,10,20,20
13,3519,5.72424071003698e-11,0.1003035741007778,0.10016618692601238,0.7995302389159674,10,20,20
13,3520,8.963487902655054e-14,0.09941800106637803,0.11755649270554051,0.7830255062279918,10,20,20
13,3521,1.3674505340526158e-12,0.006498674196545424,0.21143417685292415,0.7820671489491624,10,20,20
13,3522,3.310333549222488e-08,9.71001569872388e-06,0.20045457238694434,0.799535684494021,10,20,20
13,3523,4.022377837924357e-06,0.055823052889818724,0.1470691554798994,0.797103769252444,10,20,20
13,3524,1.047972279418915e-09,0.09326462984048872,0.10688025916915149,0.7998551099423875,10,20,20
13,3525,2.9041327989320867e-09,0.04631460840606498,0.1809501701396099,0.7727352185501923,10,20,20
13,3526,3.0096703706388157e-09,0.046314608197459875,0.20239301656405262,0.7512923722288164,10,20,20
13,3527,2.906452187241852e-07,0.09953625679229769,0.10049645091229764,0.7999670016501861,10,20,20
13,3528,0.004297589765264303,0.09998951980611769,0.09574434939003854,0.7999685410385793,10,20,20
13,3529,1.1517987470069823e-05,0.1045474631383326,0.09279533557107893,0.8026456833031185,10,20,20
13,3530,6.816321326314329e-09,0.10003156412041285,0.10391225960338879,0.796056169459877,10,20,20
13,3531,6.816358912111272e-09,0.1000382823345904,0.1221667059104605,0.7777950049385903,10,20,20
13,3532,2.5806744381488816e-14,0.10084352220848866,0.12030253067675611,0.7788539471147293,10,20,20
13,3533,3.4808221327259097e-10,0.10083586325090169,0.10406235863409881,0.7951017777669173,10,20,20
13,3534,3.4843731228014094e-10,0.10076505764063096,0.09934077475851744,0.7998941672524144,10,20,20
13,3535,1.79710349251752e-09,0.19762371257981964,0.0024171669772008733,0.7999591186458761,10,20,20
13,3536,5.110514580234444e-16,0.1996136761174439,0.00040409063754831884,0.7999822332450072,10,20,20
13,3537,1.0664626696090704e-14,0.1998910651390328,0.002992291683857823,0.7971166431770988,10,20,20
13,3538,1.0994647073572133e-14,0.19989106381215901,0.002856681145337106,0.797252255042493,10,20,20
13,3539,1.7714109347971584e-14,0.19992424674790674,0.00018978484697190098,0.7998859684051037,10,20,20
13,3540,7.4650907511595e-15,0.11872144280772126,0.08133587739780845,0.799942679794463,10,20,20
13,3541,3.489796175243732e-08,0.0999912550876009,0.17466587515867965,0.7253428348557578,10,20,20
13,3542,3.4897961990491003e-08,0.08939336757267345,0.112829786958427,0.7977768105709376,10,20,20
13,3543,4.625307319983441e-08,0.08939300835935185,0.11125746944656496,0.7993494759410099,10,20,20
13,3544,4.6253160764911696e-08,0.05984989458893862,0.14011700642954225,0.8000330527283583,10,20,20
13,3545,4.62531358113722e-08,0.059849894592635414,0.14010215381165733,0.8000479053425714,10,20,20
13,3546,4.625306308713501e-08,0.09998941782165338,0.1389326922639863,0.761077843661297,10,20,20
13,3547,1.6750907782192666e-15,0.0999894381200269,0.10003828741318307,0.7999722744667881,10,20,20
13,3548,4.706075494515594e-15,0.10114069851284521,0.17064596943413707,0.728213332053013,10,20,20
13,3549,0.00019575340872814896,0.09996853730950819,0.17151731355894467,0.7283183957228189,10,20,20
13,3550,3.602913955762803e-05,0.09987490450168637,0.19861166603876054,0.7014774003199956,10,20,20
13,3551,1.5646708809360224e-09,0.09999971279067883,0.20151451660966485,0.6984857690349855,10,20,20
13,3552,0.09960371960545843,0.09999995269933895,0.10159615135717381,0.6988001763380287,10,20,20
13,3553,0.09960438603497186,0.09999126989525,0.0990299897233369,0.7013743543464408,10,20,20
13,3554,0.0041645915796173225,0.1000022322097236,0.19455992229625527,0.7012732539144035,10,20,20
13,3555,6.66687595408177e-07,0.09731426302815295,0.27004846302672375,0.6326366072575276,10,20,20
13,3556,0.012615358773447438,0.10019464920107216,0.22429659571011912,0.6628933963153607,10,20,20
13,3557,1.3993839039789158e-06,0.09684809858054891,0.20441272191663348,0.6987377801189127,10,20,20
13,3558,1.3993839040531697e-06,0.09684809858521878,0.20342399063494332,0.6997265113959339,10,20,20
13,3559,0.00011332818252928046,0.09685101851608388,0.2031358941392465,0.6998997591621401,10,20,20
13,3560,0.00011473668560104816,0.03666086638107868,0.25842064272215604,0.7048037542111636,10,20,20
13,3561,0.09916196227723977,0.03665807830268704,0.15945898644090545,0.7047209729791672,10,20,20
13,3562,0.09916055337320133,0.09976397689691438,0.10126631432097552,0.6998091554089085,10,20,20
13,3563,0.09916059585743285,0.0984700501767766,0.11980191246088942,0.682567441504901,10,20,20
13,3564,0.09924031042929166,0.09847005793936671,0.02451792621679285,0.7777717054145488,10,20,20
13,3565,0.0992402680182104,0.09847005793918281,0.002425827864229253,0.7998638461783776,10,20,20
13,3566,0.09924026801820895,0.0999971092228504,0.005215446655667387,0.7955471761032733,10,20,20
13,3567,0.0007871473407854675,0.09959527246372313,0.09962249975702996,0.7999950804384615,10,20,20
13,3568,3.528644615265839e-10,0.09920976469548956,0.10079643732687893,0.7999937976247671,10,20,20
13,3569,1.3371348239100427e-10,0.09920977123167601,0.10080611200694696,0.7999841166276636,10,20,20
13,3570,3.572520732632496e-13,0.1991254847768859,0.0020216338727373747,0.7988528813500195,10,20,20
13,3571,2.274386490246655e-11,0.19664328882717216,0.0054570711243941234,0.7978996400256898,10,20,20
13,3572,2.273454506228557e-11,0.19678321917855907,0.007349493437398579,0.7958672873613077,10,20,20
13,3573,5.21932614902725e-09,0.19977210054669478,0.006682948293955983,0.7935449459400232,10,20,20
13,3574,5.2211497943053006e-09,0.10381324789711092,0.16849644599922411,0.7276903008825152,10,20,20
13,3575,8.993812341146684e-08,0.1083541983888195,0.163967410573565,0.7276783010994923,10,20,20
13,3576,5.803134430340604e-07,0.09912604294852188,0.21380936970870282,0.6870640070293327,10,20,20
13,3577,5.803129326006805e-07,0.09997934471077666,0.10427734836917446,0.7957427266071161,10,20,20
13,3578,5.803129326103244e-07,0.09997921878394597,0.13930002622592308,0.7607201746771983,10,20,20
13,3579,0.0015442101708163598,0.0999584457843132,0.10364066054182834,0.7948566835030421,10,20,20
13,3580,6.338219527455444e-07,0.09990573562252208,0.10147117297101257,0.7986224575845124,10,20,20
13,3581,6.335389096441198e-07,0.10022271723383777,0.10057819092075178,0.7991984583065007,10,20,20
13,3582,6.335548339972053e-07,0.00022440450348033223,0.20206803614983704,0.7977069257918485,10,20,20
13,3583,7.046817930203109e-07,8.133790813831305e-09,0.20321616241809304,0.796783124766323,10,20,20
13,3584,6.244098930290701e-08,8.446509970688959e-06,0.20006431633561017,0.7999271747134296,10,20,20
13,3585,4.040475015648077e-09,0.0015889896080397928,0.19852343469847328,0.7998875716530114,10,20,20
13,3586,4.040404123988485e-09,0.00010706784787078494,0.20001552699383188,0.7998774011178927,10,20,20
13,3587,4.040407756334344e-09,9.331575936587995e-05,0.2000300096135693,0.7998766705866572,10,20,20
13,3588,4.04040579407955e-09,8.601899790259496e-05,0.2000077723849461,0.7999062045767455,10,20,20
13,3589,4.040410759961584e-09,8.601884405309421e-05,0.2007776073753913,0.799136369740145,10,20,20
13,3590,1.7618761688027516e-11,1.0863427661230261e-07,0.200159026810744,0.7998408645373603,10,20,20
13,3591,3.920611198127393e-08,5.2299417440365264e-08,0.20347330144146697,0.7965266070530037,10,20,20
13,3592,3.920621083833133e-08,1.524968715682416e-09,0.20008435359270912,0.7999156056761108,10,20,20
13,3593,3.9527168275234775e-08,1.2292219847332974e-07,0.29775566267236986,0.7022441748782633,10,20,20
13,3594,3.946144764996583e-08,3.204850898363091e-06,0.20072937449607092,0.7992673811915824,10,20,20
13,3595,6.129190245259409e-09,6.714184157554734e-06,0.20004606449627144,0.7999472151903804,10,20,20
13,3596,7.777678575470609e-12,0.0013651097030744665,0.20017658283422293,0.7984583074549249,10,20,20
13,3597,7.402986032313477e-08,0.0022501796950324775,0.1992138907399565,0.7985358555351506,10,20,20
13,3598,4.8888089782598764e-11,1.2605806965035782e-05,0.3001228612236285,0.6998645329205179,10,20,20
13,3599,2.2198251597226587e-05,9.29669203836162e-06,0.3021062442964214,0.6978622607599425,10,20,20
13,3600,6.21453713243894e-10,0.00025060768089999884,0.30148937607547543,0.6982600156221702,10,20,20
13,3601,1.7529569471260786e-08,0.0008416645274684058,0.27329296413696,0.7258653538060021,10,20,20
13,3602,0.00011363075901517231,0.0002505722228096692,0.20335062050975697,0.796285176508418,10,20,20
13,3603,0.00011363075901818685,0.00025057223186082043,0.19978975610999644,0.7998460408991248,10,20,20
13,3604,4.776123108939964e-07,0.0006069516256939904,0.1996615469978975,0.7997310237640972,10,20,20
13,3605,2.1380456118247166e-14,2.0484029130345645e-06,0.26847299522781964,0.7315249563692456,10,20,20
13,3606,2.3420320078676284e-14,2.6527178386363917e-05,0.26681176202727325,0.7331617107943165,10,20,20
13,3607,2.333665811933359e-14,2.652717875193756e-05,0.26673946477552557,0.7332340080456987,10,20,20
13,3608,5.843248830913121e-13,5.1800392789110386e-05,0.1999665509774463,0.7999816486291802,10,20,20
13,3609,8.063249746243272e-11,0.00015370096953347309,0.2011286436613783,0.7987176552884547,10,20,20
13,3610,6.309526016193255e-13,0.0011797506322498098,0.19893942278828597,0.7998808265788333,10,20,20
13,3611,1.2159085565330627e-13,0.01646570058463908,0.1847355154352259,0.7987987839800134,10,20,20
13,3612,4.087250261594553e-05,0.015286169231001309,0.18873693195369218,0.7959360263126898,10,20,20
13,3613,4.091758650928444e-05,5.376668100626552e-06,0.20002216078609245,0.7999315449592974,10,20,20
13,3614,4.0917587428710446e-05,5.376670188780254e-06,0.20068981751817766,0.7992638882242047,10,20,20
13,3615,9.747995084886453e-07,7.16482144301328e-08,0.14949613108240017,0.8505028224698765,10,20,20
13,3616,5.4607844571115245e-08,6.952263275864586e-05,0.10004948094547102,0.8998809418139254,10,20,20
13,3617,0.0024547082665621147,1.1568831493634885e-09,0.17657100791797123,0.8209742826585831,10,20,20
13,3618,1.5187217790578214e-05,1.0107860754787824e-09,0.1757614795446248,0.8242233322267983,10,20,20
13,3619,1.518721779049014e-05,2.6451688842135637e-12,0.10017501247145026,0.8998098003081141,10,20,20
13,3620,1.5187219916961288e-05,2.3808271625715717e-07,0.1489249294784693,0.8510596452188974,10,20,20
13,3621,9.60119729308204e-09,0.00011764419687113619,0.1337123971494018,0.8661699490525299,10,20,20
13,3622,1.802106036497422e-13,9.74741445489836e-06,0.136196762305473,0.8637934902798918,10,20,20
13,3623,8.265826825499207e-11,5.694927022093929e-07,0.12465230303144045,0.875347127393199,10,20,20
13,3624,2.3400154525004332e-11,5.688386920990545e-05,0.10335388837628645,0.8965892277311032,10,20,20
13,3625,0.08973347653355279,3.1764539459493036e-08,0.07273566892024076,0.8375308227816667,10,20,20
13,3626,2.2887824972877984e-05,0.0077957234844034055,0.09847215819106143,0.8937092304995622,10,20,20
13,3627,2.2887824970869798e-05,0.007795723488593693,0.09867152877033718,0.8935098599160982,10,20,20
13,3628,2.2887824979948877e-05,0.007795723366804531,0.09409363537386856,0.898087753434347,10,20,20
13,3629,1.6215216905657016e-13,1.903793231301692e-05,0.09936191024333596,0.9006190518241889,10,20,20
13,3630,1.0603944610011736e-09,3.377897633273353e-07,0.14517229266347859,0.854827368486364,10,20,20
13,3631,6.733314964817576e-16,0.02097771966812168,0.08053320733916663,0.8984890729927111,10,20,20
13,3632,9.252551977806039e-11,0.02097790658751151,0.08586835976922279,0.8931537335507403,10,20,20
13,3633,0.0980327706259322,4.6208572138819067e-07,0.05161718813612344,0.850349579152223,10,20,20
13,3634,0.0004863144791029569,0.021917500494635943,0.16717426242215375,0.810421922604107,10,20,20
13,3635,1.0607570424242566e-12,5.7244411683112355e-06,0.11046911207430779,0.8895251634834629,10,20,20
13,3636,1.0607447217970731e-12,5.7244384356700195e-06,0.10453885671242513,0.8954554188480783,10,20,20
13,3637,4.4139467146313705e-12,5.724480183248332e-06,0.10042251643596298,0.8995717590794398,10,20,20
13,3638,1.9081601573946282e-12,8.27355965185313e-12,0.03057292552378745,0.9694270744660308,10,20,20
13,3639,1.9198946802998347e-12,3.155044986336305e-09,0.030267454199633243,0.9697325426434016,10,20,20
13,3640,6.2070267731927645e-12,3.163560356145802e-09,0.003708199611831478,0.9962917972184012,10,20,20
13,3641,6.545637501787889e-14,1.3557375000565738e-12,0.0009058794054581596,0.9990941205931205,10,20,20
13,3642,6.557703830980649e-14,1.6021243183231137e-12,0.000896221776982734,0.9991037782213494,10,20,20
13,3643,2.595281007856219e-12,2.6286807816990484e-10,0.0010441459404682536,0.9989558537940685,10,20,20
13,3644,6.792304668821685e-14,2.2143438609351634e-11,0.006509175356255488,0.9934908246215329,10,20,20
13,3645,6.794705915198975e-14,1.3203491774986108e-09,0.007215114496197164,0.9927848841833853,10,20,20
13,3646,2.3384358357401686e-15,7.968995810681165e-12,0.004319165093059655,0.995680834898969,10,20,20
13,3647,5.153311393336364e-16,1.230244916992859e-09,0.09666466031977256,0.9033353384499818,10,20,20
13,3648,1.4980834001819837e-16,3.230191898645096e-07,0.10297920948467902,0.8970204674961308,10,20,20
13,3649,1.5740814100916614e-13,3.230155210141634e-07,0.10148690615647031,0.8985127708278513,10,20,20
13,3650,1.213308300397229e-10,5.553798701875924e-06,0.1920335819273651,0.8079608641526017,10,20,20
13,3651,1.214555433043582e-10,5.5537979614786505e-06,0.2610414570187619,0.7389529890618209,10,20,20
13,3652,1.7194118999373625e-09,0.00010791028991602195,0.1931916584141322,0.8067004295765399,10,20,20
13,3653,1.231556331110689e-05,1.1404101805130832e-06,0.18999265834421844,0.8099938856822897,10,20,20
13,3654,2.8202603920815387e-07,0.008109832343001716,0.19285016487917134,0.7990397207517872,10,20,20
13,3655,1.7397095621299638e-07,0.0009723654321015954,0.19982568684078367,0.7992017737561583,10,20,20
13,3656,3.908079469828535e-11,6.348057567530931e-07,0.2963614489006291,0.7036379162545328,10,20,20
13,3657,0.002457918723955936,7.527609008153064e-06,0.19800725223225837,0.7995273014347776,10,20,20
13,3658,0.002457919044520184,0.00041066671882917735,0.2012664811074512,0.7958649331292,10,20,20
13,3659,7.565131616507657e-06,0.000408613311167175,0.2656546247965545,0.7339291967606616,10,20,20
13,3660,7.56480533441299e-06,1.0522155096153016e-05,0.26450783956612844,0.7354740734734413,10,20,20
13,3661,0.0011366156937851275,0.09113522367483338,0.20777061167183017,0.6999575489595515,10,20,20
13,3662,0.001130109323188586,0.09960416717110702,0.19866899922245215,0.7005967242832523,10,20,20
13,3663,4.973527579909659e-08,0.00023673381936197037,0.29623696853692405,0.7035262479084374,10,20,20
13,3664,6.276876691173903e-08,0.00023576345427494047,0.3019630116687354,0.6978011621082219,10,20,20
13,3665,3.014755002581865e-08,6.762498587076282e-08,0.3024930859932662,0.6975068162341976,10,20,20
13,3666,1.5210488023054428e-09,0.09995933432920515,0.20183006734375802,0.6982105968059878,10,20,20
13,3667,7.298096530849179e-05,0.10000010151341535,0.2977262250444551,0.6022006924768208,10,20,20
13,3668,0.0003916556933306153,0.09591640495047202,0.3954281050939396,0.5082638342622573,10,20,20
13,3669,1.0447455208853798e-09,0.09999817691074615,0.34457045338708286,0.5554313686574252,10,20,20
13,3670,9.482298598946632e-10,0.18335134213083937,0.2618178611559836,0.5548307957649464,10,20,20
13,3671,9.432900238911331e-10,0.10244098327930669,0.29502495463848305,0.6025340611389195,10,20,20
13,3672,2.811081566162511e-05,0.10244668458671094,0.3659032700517627,0.531621934545864,10,20,20
13,3673,3.4658035130656625e-11,0.10659329082554878,0.28691704515436267,0.6064896639854298,10,20,20
13,3674,1.0828941967181624e-08,0.10723503405371723,0.2886988557262167,0.6040660993911231,10,20,20
13,3675,1.0002565002369806e-09,0.1177907593001816,0.22994606632522566,0.6522631733743359,10,20,20
13,3676,0.001851442177023874,0.12396672670954445,0.17819520945013906,0.6959866216632924,10,20,20
13,3677,1.821877551440464e-07,0.12399691230639436,0.2422532708482638,0.6337496346575862,10,20,20
13,3678,8.997564742879293e-05,0.09997877005990082,0.20405058579270502,0.6958806684999648,10,20,20
13,3679,2.097515921525488e-08,0.09999679223288542,0.20005061552488085,0.699952571267074,10,20,20
13,3680,0.019925820502280717,0.0007384411154802322,0.17935760973087672,0.7999781286513622,10,20,20
13,3681,1.976104851925901e-06,0.0007450465522736157,0.19978742525472049,0.799465552088154,10,20,20
13,3682,9.95987932210581e-09,0.0007400183808234256,0.1993769650797286,0.7998830065795687,10,20,20
13,3683,3.705808537093471e-10,0.09473981839465627,0.10878565867793714,0.7964745225568255,10,20,20
13,3684,0.0007045835292992666,0.10003055547050506,0.1013970023556251,0.7978678586445704,10,20,20
13,3685,4.2310714098902474e-08,0.08606949943109765,0.11405037984262426,0.7998800784155637,10,20,20
13,3686,3.9733695802762247e-10,0.08606949937507048,0.017677600761554797,0.8962528994660379,10,20,20
13,3687,3.9733594596753116e-10,0.08606949937454803,0.020999758852270563,0.8929307413758455,10,20,20
13,3688,3.4826979706327396e-14,0.08606950515968001,0.018247854228943046,0.895682640611342,10,20,20
13,3689,2.5057897353983228e-15,0.09999972402668099,0.0978136608681884,0.8021866151051281,10,20,20
13,3690,5.4961820527085335e-12,0.09981322376676573,0.10037598184050747,0.7998107943872304,10,20,20
13,3691,3.973596622719257e-11,0.10080754105348529,0.09929465436346481,0.7998978045433136,10,20,20
13,3692,2.5055086051636805e-12,0.10009095781712096,0.10004913998330775,0.7998599021970656,10,20,20
13,3693,8.175057273890688e-13,0.09997545721748817,0.12418368332760557,0.7758408594540885,10,20,20
13,3694,5.748435015971021e-14,0.0999954869895395,0.10149084596560683,0.7985136670447963,10,20,20
13,3695,2.279436193218885e-11,0.0990339190655368,0.10141408622342918,0.7995519946882395,10,20,20
13,3696,2.2793246535806464e-11,0.0999969088697831,0.10041055947861485,0.7995925316288091,10,20,20
13,3697,2.279450992277183e-11,0.09993674866482928,0.1050603717128767,0.7950028795994996,10,20,20
13,3698,2.1762790555511325e-11,0.0999579201788325,0.10408932905980912,0.7959527507395956,10,20,20
13,3699,8.41743742885323e-12,0.07575287339657528,0.12252819478177376,0.8017189318132335,10,20,20
13,3700,1.466320282954556e-14,0.0757605047623078,0.12617161432742982,0.7980678809102476,10,20,20
13,3701,1.389553247769505e-14,0.07576050482262839,0.13066776991207837,0.7935717252652792,10,20,20
13,3702,1.0761144947517792e-07,0.0999265599752048,0.10513649117167967,0.7949368412416657,10,20,20
13,3703,1.0761143518956511e-07,0.09370196578022341,0.10763817117933776,0.7986597554290037,10,20,20
13,3704,1.1159275577270977e-10,0.09554227516499197,0.10584901513255647,0.7986087095908588,10,20,20
13,3705,1.1820737440889023e-10,0.09554227556925045,0.10451156901604505,0.799946155296497,10,20,20
13,3706,6.7134399934135846e-12,0.09985676204086895,0.10029817134152275,0.7998450666108948,10,20,20
13,3707,1.380517500636763e-05,0.055458004203234504,0.14062550264789248,0.8039026879738669,10,20,20
13,3708,6.723629637968029e-09,0.0550703594783364,0.18068117215334892,0.7642484616446851,10,20,20
13,3709,2.8160912463645996e-07,0.051530113926546016,0.15111098683114196,0.7973586176331875,10,20,20
13,3710,7.8171686148965e-07,0.09948126881955416,0.10485235438597744,0.7956655950776067,10,20,20
13,3711,7.817168604086708e-07,0.09396407579743107,0.10861788683417403,0.7974172556515345,10,20,20
13,3712,7.817169757222443e-07,0.09396403149550393,0.1103813049477812,0.7956538818397393,10,20,20
13,3713,8.334092698436409e-09,0.10047217651776455,0.0996739005286566,0.7998539146194862,10,20,20
13,3714,6.32039854646428e-11,0.026488736999149044,0.17416411837520857,0.7993471445624382,10,20,20
13,3715,1.2168733581160117e-10,0.026999386313448136,0.17604789184091,0.7969527217239547,10,20,20
13,3716,6.75530042506545e-14,0.02668083296596066,0.17592753212051446,0.7973916349134575,10,20,20
13,3717,3.9578531074605494e-13,0.00019397678583096505,0.2021712626336052,0.7976347605801676,10,20,20
13,3718,2.5268703379909852e-11,2.550442496795654e-06,0.19907237595174776,0.8009250735804866,10,20,20
13,3719,4.096952691591705e-09,0.000300931479915333,0.20024433205113135,0.7994547323720008,10,20,20
13,3720,4.17911241820213e-09,0.09877798394858697,0.10463968055665511,0.7965823313156454,10,20,20
13,3721,1.8081217164108503e-12,0.10001183532118933,0.10462042106689803,0.7953677436101045,10,20,20
13,3722,1.8081433715274462e-12,0.09844552725858552,0.10592915204716954,0.7956253206924367,10,20,20
13,3723,1.8094914042025862e-12,0.0008214440435951927,0.19926821490017632,0.7999103410544192,10,20,20
13,3724,1.8091504405962554e-12,0.0008214455991126747,0.2501479847996137,0.7490305695994647,10,20,20
13,3725,4.74123651616594e-10,0.001527162229528085,0.2247253832980903,0.7737474539982576,10,20,20
13,3726,5.018607185116525e-12,0.00894971295545029,0.2159505692293838,0.7750997178101472,10,20,20
13,3727,2.9021351516981346e-09,0.0015278836625059733,0.19967350921562527,0.7987986042197338,10,20,20
13,3728,2.2348863009908514e-10,0.0015271600035811665,0.20110643896199595,0.7973664008109342,10,20,20
13,3729,3.5004061919196494e-05,4.950986288672982e-07,0.2003979397463999,0.7995665610930514,10,20,20
13,3730,0.002305309138877827,0.0004688244547742729,0.262106664524303,0.7351192018820456,10,20,20
13,3731,0.005622448338188328,0.00044907453156271294,0.2588619212491866,0.7350665558810625,10,20,20
13,3732,7.45961645923193e-05,3.4265818570810725e-10,0.20146623035471412,0.7984591731380355,10,20,20
13,3733,0.06288896539635,5.657366229421987e-07,0.1381276695937739,0.798982799273253,10,20,20
13,3734,0.013776729732412613,0.03863825136318849,0.23815812930081912,0.7094268896035791,10,20,20
13,3735,2.842842645729186e-07,0.03866411393153254,0.22015148840596818,0.7411841133782345,10,20,20
13,3736,4.071268743393304e-08,2.7693378209600096e-05,0.21034297473285773,0.789629291176245,10,20,20
13,3737,1.220424531811924e-07,0.03197789517722628,0.15762786280723487,0.8103941199730855,10,20,20
13,3738,1.2073686693641054e-07,0.03197789466368598,0.12966883372048563,0.8383531508789615,10,20,20
13,3739,1.8958602021098754e-13,0.0012195170453650557,0.1065657550673742,0.8922147278870709,10,20,20
13,3740,6.545371876996294e-08,0.0001509100969385209,0.1073956145728363,0.8924534098765061,10,20,20
13,3741,0.08081094416931206,3.332558011535468e-09,0.02602642189842936,0.8931626305997005,10,20,20
13,3742,0.09932354648844229,1.9008447374760365e-09,0.004279032382332656,0.8963974192283806,10,20,20
13,3743,0.09582617912718001,1.640838632132442e-09,0.006443557255249264,0.8977302619767322,10,20,20
13,3744,2.7465716089390068e-05,9.202717588578985e-08,0.1035491518179826,0.8964232904387522,10,20,20
13,3745,2.7465716064563684e-05,9.206082226891672e-08,0.16441612794222235,0.8355563142808906,10,20,20
13,3746,2.7465716063518276e-05,9.042664899909316e-08,0.1631210215675926,0.8368514222896948,10,20,20
13,3747,2.74657161253351e-05,9.05326093242164e-08,0.12367046622139258,0.8763019775298728,10,20,20
13,3748,0.04111303419654392,9.077177873449169e-05,0.08248106154853407,0.8763151324761875,10,20,20
13,3749,0.07383341329370322,2.0850269787041427e-05,0.04792504766811025,0.8782206887683994,10,20,20
13,3750,0.0738334132936426,2.0850312010928492e-05,0.026420404212733235,0.8997253321816133,10,20,20
13,3751,0.07383341329366086,2.0850261886578804e-05,0.027046433490431298,0.8990993029540215,10,20,20
13,3752,2.954882535195722e-07,0.0005125891022377488,0.10520736774569624,0.8942797476638121,10,20,20
13,3753,9.319321536296596e-05,5.34105529143304e-06,0.1428238750416079,0.857077590687737,10,20,20
13,3754,1.3108513550634344e-11,8.402850793077161e-05,0.10042454366168148,0.899491427817279,10,20,20
13,3755,5.1106920554502253e-14,1.0816740961318873e-09,0.19780072992278683,0.8021992689954878,10,20,20
13,3756,3.359716894949778e-14,1.000508954934346e-09,0.19786036879937938,0.8021396302000781,10,20,20
13,3757,6.778346587670413e-08,0.08827146483528978,0.11031817960900983,0.8014102877722344,10,20,20
13,3758,1.5711534606672214e-13,0.09953676228002088,0.09312326432217798,0.8073399733976441,10,20,20
13,3759,0.0961657613313947,0.09837752235759965,0.007155355789486574,0.798301360521519,10,20,20
13,3760,1.313747463706996e-12,0.0980663267443452,0.10360408821316232,0.7983295850411783,10,20,20
13,3761,4.272830724547782e-12,0.1973652838093652,0.025708863263831115,0.7769258529225308,10,20,20
13,3762,2.0434493863913952e-14,0.19918000182754564,0.023901617405897583,0.7769183807665364,10,20,20
13,3763,5.403363958597003e-12,0.1999925228764756,0.02477836261748641,0.7752291145006346,10,20,20
13,3764,5.409188846820249e-12,0.19911654616612354,0.05652478863839666,0.7443586651900707,10,20,20
13,3765,1.6099106930934926e-10,0.1990214082333743,0.10104809174355929,0.699930499862075,10,20,20
13,3766,1.843756834568705e-10,0.19774581845248512,0.10601931042903642,0.6962348709341029,10,20,20
13,3767,1.6098264158472867e-10,0.19424253610993242,0.10579026907043057,0.6999671946586543,10,20,20
13,3768,1.6099808333176886e-10,0.19982164057951596,0.10022522141482411,0.6999531378446617,10,20,20
13,3769,1.6239599605807528e-10,0.1972509198994062,0.10455041030087897,0.6981986696373188,10,20,20
13,3770,7.653842598057627e-12,0.1982396491554123,0.10357115317959072,0.6981891976573431,10,20,20
13,3771,1.0125222233886114e-06,0.21424141865128427,0.09251161141354339,0.693245957412949,10,20,20
13,3772,3.344707120590351e-10,0.19999963722202493,0.10177987755100597,0.6982204848924982,10,20,20
13,3773,3.344799609751969e-10,0.14439787981880117,0.1564182758617622,0.6991838439849566,10,20,20
13,3774,7.148548284031351e-09,0.14440966362014654,0.16046444800392534,0.6951258812273796,10,20,20
13,3775,0.00023738619986328322,0.14440995053436678,0.15734763359559217,0.6980050296701775,10,20,20
13,3776,1.7232211876306627e-05,0.19921438301244318,0.10393016568202718,0.6968382190936532,10,20,20
13,3777,0.0018612333736288257,0.1999864590647408,0.10210608635518678,0.6960462212064433,10,20,20
13,3778,1.972967624482121e-06,0.1287390789660857,0.1752461122701697,0.69601283579612,10,20,20
13,3779,0.0001242788922090563,0.15764125576839327,0.14329800643634188,0.6989364589030556,10,20,20
13,3780,1.9729675667478376e-06,0.19809589125789165,0.10211366504970201,0.6997884707248396,10,20,20
13,3781,1.9729675879213083e-06,0.19998449284352085,0.10122897714179355,0.6987845570470977,10,20,20
13,3782,7.954684577944382e-08,0.1635046678381695,0.13711453978087224,0.6993807128341125,10,20,20
13,3783,1.7662643072385322e-05,0.23625180080013286,0.06388196559637511,0.6998485709604196,10,20,20
13,3784,5.849372810668315e-17,0.2999681916903315,0.0006549687770445379,0.6993768395326239,10,20,20
13,3785,1.81466928575787e-15,0.29937937455332836,0.0033236646222590824,0.6972969608244108,10,20,20
13,3786,8.276307988056689e-12,0.20488269200213427,0.0984693678709124,0.6966479401186768,10,20,20
13,3787,1.1958433042267044e-11,0.19746860069350197,0.10488754195092684,0.6976438573436127,10,20,20
13,3788,0.00034833141352662875,0.1996956841790249,0.1546473381531571,0.6453086462542916,10,20,20
13,3789,1.1882835912114163e-13,0.19998947223093064,0.10011184397730924,0.699898683791641,10,20,20
13,3790,9.233877929343197e-08,0.18897335798116294,0.13252550014905343,0.6785010495310042,10,20,20
13,3791,4.135613857035851e-17,0.18860911569105687,0.11148808571718216,0.6999027985917604,10,20,20
13,3792,5.671795854581038e-13,0.19998235099150308,0.1001408226484786,0.6998768263594508,10,20,20
13,3793,7.913803452577401e-13,0.1964903188798733,0.05037345337997533,0.75313622773936,10,20,20
13,3794,2.742933578341316e-14,0.19924969335702136,0.0019333548794747378,0.7988169517634767,10,20,20
13,3795,6.480557066385494e-13,0.19997227765677053,0.001834103156923543,0.7981936191856578,10,20,20
13,3796,8.802140603337868e-17,0.19997227768615486,0.003150184255344233,0.7968775380585008,10,20,20
13,3797,4.768076616308474e-12,0.1999457097581039,0.004849923658879327,0.7952043665782487,10,20,20
13,3798,4.755465532089492e-12,0.19874130483177757,0.004725850044697149,0.7965328451187698,10,20,20
13,3799,4.7555627368363955e-12,0.1999985794970852,0.0037414878954212297,0.7962599326027381,10,20,20
13,3800,1.3609745635436183e-17,0.19999868230676496,0.031181041822526522,0.7688202758707086,10,20,20
13,3801,8.162000549708866e-14,0.10028069293899437,0.23075449689406394,0.6689648101668598,10,20,20
13,3802,2.6976738540629545e-07,0.10024412540054117,0.22873895294466556,0.6710166518874076,10,20,20
13,3803,2.698167639066808e-07,0.1000042707524137,0.1993232940450061,0.7006721653858159,10,20,20
13,3804,8.592802951650163e-08,0.09837949314336893,0.19900106386174027,0.7026193570668609,10,20,20
13,3805,1.5549792161403638e-07,0.10002053847497072,0.19733410441719956,0.702645201609908,10,20,20
13,3806,1.905138342467941e-11,0.10802299140664491,0.2573439142368359,0.6346330943374683,10,20,20
13,3807,1.9051308843327873e-11,0.10802299139667063,0.19947908359719974,0.6924979249870786,10,20,20
13,3808,1.9053760877183387e-11,0.10802299144631278,0.292808623480394,0.5991683850542389,10,20,20
13,3809,4.779251385988915e-07,0.09999617006442993,0.29691100637704615,0.6030923456333854,10,20,20
13,3810,6.184799655955328e-11,0.10007680497278493,0.29773820372252335,0.6021849912428421,10,20,20
13,3811,2.1772696930768417e-09,0.10047226843114812,0.30133980975343666,0.5981879196381449,10,20,20
13,3812,2.7958406378938258e-09,0.1753117529739768,0.12813520847306753,0.6965530357571149,10,20,20
13,3813,2.2288587584439638e-11,0.19999804406555133,0.10170585008264248,0.6982961058295174,10,20,20
13,3814,3.0765545094894374e-11,0.19999785411021626,0.24270986502888708,0.557292280830131,10,20,20
13,3815,2.886995056860223e-11,0.19999785413762478,0.11131306900991936,0.6886890768235858,10,20,20
13,3816,4.879367137228537e-11,0.19999770590107663,0.11136933042847497,0.6886329636216544,10,20,20
13,3817,7.21417883174903e-11,0.19991876209893675,0.10018780615158873,0.6998934316773326,10,20,20
13,3818,4.191256742184726e-09,0.19862162144829304,0.03942043060467087,0.7619579437557795,10,20,20
13,3819,2.1124696844666244e-10,0.1989482797479997,0.0011726236897247363,0.7998790963510287,10,20,20
13,3820,5.865894697638911e-10,0.1988311244476871,0.0026461524870565597,0.7985227224786667,10,20,20
13,3821,4.3704743761518276e-13,0.19988130293798437,0.0031774695601812625,0.7969412275013972,10,20,20
13,3822,4.3582116648522717e-13,0.199904502474387,0.0002449284903807191,0.7998505690347965,10,20,20
13,3823,4.4546403151238575e-18,0.19996159883478704,0.00011448230251988529,0.7999239188626929,10,20,20
13,3824,1.8796057226628087e-12,0.1997705523226995,0.0007453767324312236,0.7994840709429896,10,20,20
13,3825,1.2943476694880936e-11,0.1985272799411077,0.026384708870405456,0.7750880111755434,10,20,20
13,3826,3.8065756618543647e-16,0.19972665403317538,0.00035725939014937945,0.7999160865766749,10,20,20
13,3827,1.473186426584958e-12,0.14339912869977264,0.05843215281537175,0.7981687184833821,10,20,20
13,3828,2.7935733895909503e-16,0.1992125417760517,0.007418818436901892,0.7933686397870461,10,20,20
13,3829,3.809867007249766e-14,0.19921253373331,0.0008982099485368343,0.799889256318115,10,20,20
13,3830,3.811058451092721e-14,0.19923045379480855,0.000799231246561859,0.7999703149585914,10,20,20
13,3831,2.8581369474502166e-14,0.19999535518310638,0.032016862158192036,0.767987782658673,10,20,20
13,3832,1.3803237313014359e-13,0.1971989562960685,0.0044994221611407295,0.7983016215426526,10,20,20
13,3833,1.3800715974841947e-13,0.19719895616090755,0.04440967754529758,0.7583913662936568,10,20,20
13,3834,4.4514205032776126e-13,0.19719895618000774,0.10527508589900696,0.6975259579205397,10,20,20
13,3835,4.873264990269737e-13,0.19985473620428124,0.09836381007926252,0.7017814537159689,10,20,20
13,3836,3.0751074793434406e-13,0.19732479977385048,0.1019177848280745,0.7007574153977674,10,20,20
13,3837,0.00028701904647601033,0.19882562768624704,0.10519637984581964,0.6956909734214575,10,20,20
13,3838,6.498566719114195e-09,0.19999660957997908,0.11343799504219751,0.6865653888792564,10,20,20
13,3839,1.0666955623772614e-06,0.1999870321061272,0.10351613760106129,0.6964957635972491,10,20,20
13,3840,1.427203739362714e-06,0.10002015620554543,0.19792453847699545,0.7020538781137196,10,20,20
13,3841,1.4272037390144006e-06,0.10002834432932059,0.19639563058037146,0.7035745978865687,10,20,20
13,3842,2.8888019758527224e-05,0.10074328161839836,0.24298473715669394,0.6562430932051491,10,20,20
13,3843,0.0018399555236785169,0.09985402808454395,0.2031753049204617,0.6951307114713156,10,20,20
13,3844,4.398106025312428e-06,0.09999805094498468,0.14804031446806343,0.7519572364809266,10,20,20
13,3845,2.738962148109879e-09,0.10084766938560222,0.10110508082334731,0.7980472470520882,10,20,20
13,3846,2.7389623629306066e-09,0.10084766938564452,0.10299822169446562,0.7961541061809274,10,20,20
13,3847,0.05663453848742835,0.10001073661035395,0.03458051904248839,0.8087742058597295,10,20,20
13,3848,0.056634538487442876,0.10001073658769126,0.032763099043426766,0.8105916258814393,10,20,20
13,3849,0.008401385888894972,0.09999989083097521,0.09324878153623198,0.7983499417438982,10,20,20
13,3850,4.3791983819204637e-08,0.09999788480255516,0.10154675956798347,0.7984553118374779,10,20,20
13,3851,1.2077040443376843e-09,0.0999978456324029,0.10061430297978209,0.7993878501801108,10,20,20
13,3852,4.2941902500523935e-06,0.09999777305037774,0.13305342560912453,0.7669445071502476,10,20,20
13,3853,4.537242625681034e-15,0.10112572289747954,0.10070953685032609,0.7981647402521896,10,20,20
13,3854,3.6232570223402114e-11,0.05695830106593058,0.1455699236671598,0.7974717752306768,10,20,20
13,3855,3.6227792617650534e-11,0.05695830106572604,0.14310115082696226,0.7999405480710838,10,20,20
13,3856,1.718312325280881e-14,0.10092588559142543,0.10160251260723352,0.7974716018013237,10,20,20
13,3857,9.091820317102318e-14,0.09981191958735239,0.09791592614936159,0.8022721542631949,10,20,20
13,3858,1.274601389888306e-09,0.09979914532032724,0.13104766351508731,0.7691531898899837,10,20,20
13,3859,4.852638463973641e-13,0.09998715440056763,0.13116621553472382,0.7688466300642233,10,20,20
13,3860,3.2922031007370777e-13,0.09961604215249593,0.10077897019156046,0.7996049876556146,10,20,20
13,3861,4.126808503584563e-12,0.09994061609175882,0.1510407406911059,0.7490186432130083,10,20,20
13,3862,2.171150861704126e-14,0.09994069029496123,0.10390948100385684,0.79614982870116,10,20,20
13,3863,1.6352834584587503e-14,0.07555928266014644,0.1256838403667801,0.7987568769730568,10,20,20
13,3864,2.0031906501520238e-11,0.08290511330706586,0.11715119392077541,0.7999436927521266,10,20,20
13,3865,6.35749203399845e-13,0.10008648107343873,0.1000057452785436,0.7999077736473816,10,20,20
13,3866,6.127113694700407e-13,0.10015413007710997,0.10424930284047826,0.7955965670817987,10,20,20
13,3867,5.551809783605614e-16,0.09999785722249863,0.10500490101908475,0.794997241758416,10,20,20
13,3868,2.4100338551790003e-13,0.16098272331501667,0.041312511562443435,0.7977047651222989,10,20,20
13,3869,6.760718326621086e-12,0.19842460027389192,0.0058719734262980125,0.7957034262930495,10,20,20
13,3870,6.764279964219742e-12,0.1993647118950519,0.0013313696568432237,0.7993039184413406,10,20,20
13,3871,2.4353240942865646e-14,0.19998103421239027,0.0015938011365749095,0.7984251646510104,10,20,20
13,3872,4.600816498839186e-16,0.1995809776371515,0.005849459427191547,0.7945695629356566,10,20,20
13,3873,7.288915087210367e-14,0.1938649540464661,0.006334513209234431,0.7998005327442265,10,20,20
13,3874,9.136156883406337e-16,0.19386495404062276,0.0063752148347661335,0.79975983112461,10,20,20
13,3875,1.3392334710095274e-16,0.19386494892687042,0.009215471943846077,0.7969195791292832,10,20,20
13,3876,1.5067795648397919e-15,0.19986726206862562,0.05030036802600711,0.7498323699053657,10,20,20
13,3877,6.977297011475855e-10,0.19982639536669608,0.0019958381700143817,0.7981777657655599,10,20,20
13,3878,4.138607556616305e-17,0.19963810832139411,0.0004474068265879698,0.7999144848520177,10,20,20
13,3879,3.719911704223312e-15,0.199522029208291,0.0005382503732051472,0.7999397204185,10,20,20
13,3880,2.542521615657855e-13,0.1994988703303423,0.022706561327420282,0.7777945683419831,10,20,20
13,3881,4.898624624855817e-13,0.19641623408547018,0.024514008702397415,0.7790697572116426,10,20,20
13,3882,1.1581264319835392e-10,0.199791858592482,0.0019399974256777384,0.7982681438660275,10,20,20
13,3883,1.16194912173065e-10,0.1443052859368667,0.05758191921356456,0.7981127947333738,10,20,20
13,3884,5.944184326756571e-13,0.04897254414075074,0.17964489057478078,0.7713825652838739,10,20,20
13,3885,9.705223124082983e-16,0.09999922986861072,0.12728765843393444,0.7727131116974528,10,20,20
13,3886,1.010641767340486e-09,0.10003008358232593,0.10049850878025368,0.7994714066267783,10,20,20
13,3887,7.827645009985567e-07,0.09999687820428121,0.10319125337236745,0.79681108565885,10,20,20
13,3888,1.3213465341225994e-11,0.09998259572018767,0.0005805237395373945,0.8994368805270614,10,20,20
13,3889,4.7411974964973125e-14,0.09929230727549167,0.0008580193911397041,0.8998496733333212,10,20,20
13,3890,4.7859372544950815e-14,0.09998362061953801,0.0001700646405385271,0.8998463147398754,10,20,20
13,3891,1.1411793664485668e-16,0.09999835493821002,9.780593792744707e-05,0.8999038391238624,10,20,20
13,3892,2.95129145271723e-14,0.09981562885076277,0.0003444146156648774,0.8998399565335428,10,20,20
13,3893,1.2201954471754122e-13,0.09981562884957745,0.0021536856380414016,0.8980306855122592,10,20,20
13,3894,2.1065391414600082e-14,0.09981562899810507,0.003105537846536064,0.8970788331553379,10,20,20
13,3895,2.781735816631068e-14,0.0999789070318629,0.007252629305449916,0.8927684636626596,10,20,20
13,3896,1.9741137364843576e-12,0.09997907508751286,0.10389915573943753,0.7961217691710754,10,20,20
13,3897,6.662387278091833e-18,0.09997890709689385,0.004686153735717036,0.8953349391673889,10,20,20
13,3898,3.3041867707739753e-13,0.09999990541758587,0.00482724770117118,0.8951728468809126,10,20,20
13,3899,6.54598189258827e-13,0.09999990523617432,0.000656507954150695,0.8993435868090204,10,20,20
13,3900,6.547791801952774e-13,0.09999990523189121,0.00015600380043722525,0.8998440909670169,10,20,20
13,3901,6.541768800083205e-13,0.09999990523043456,0.0001852782240775839,0.8998148165448339,10,20,20
13,3902,1.6497623352728912e-15,0.09999990523042637,3.618317695448001e-05,0.8999639115926177,10,20,20
13,3903,1.0991794950470826e-14,0.09999964950048146,4.7135918194238295e-05,0.8999532145813133,10,20,20
13,3904,1.2424053568790263e-14,0.09354508130100594,0.00955753136159781,0.8968973873373839,10,20,20
13,3905,1.0991663465217418e-13,0.09998090454472686,0.063696221312551,0.836322874142612,10,20,20
13,3906,1.645099820442068e-13,0.09994811505270063,0.027740753864938926,0.8723111310821958,10,20,20
13,3907,1.074282025957748e-11,0.0999481173962337,0.028499480501771923,0.8715524020912515,10,20,20
13,3908,3.0850524777801046e-17,0.09999893371695309,0.002952084725945637,0.8970489815571012,10,20,20
13,3909,9.10879227558639e-13,0.0545125051880901,0.0477340916773214,0.8977534031336774,10,20,20
13,3910,2.079583891330031e-11,0.09100198477603998,0.12007812406267919,0.7889198911404844,10,20,20
13,3911,5.748203237376887e-06,0.09997261329021903,0.12106888413182773,0.7789527543747156,10,20,20
13,3912,5.748203234810933e-06,0.09997261328601086,0.12374699522569026,0.776274643285064,10,20,20
13,3913,3.799754046992869e-10,0.09999920766428597,0.1160417811372008,0.7839590108185379,10,20,20
13,3914,2.4847492023796237e-06,0.09901851751189741,0.11853690634049432,0.7824420913984058,10,20,20
13,3915,7.455603727084473e-10,0.09910457766406101,0.10521792346440668,0.7956774981259717,10,20,20
13,3916,1.1418677263472582e-10,0.06473810486721088,0.16405923641901904,0.7712026585995834,10,20,20
13,3917,1.1418672114012567e-10,0.06473810471815904,0.13808280075958204,0.7971790944080722,10,20,20
13,3918,2.9822200282208784e-16,0.09999802528884351,0.15012816320365804,0.7498738115074979,10,20,20
13,3919,1.072594042579903e-16,0.09990926173674664,0.15215619128037397,0.7479345469828791,10,20,20
13,3920,2.2925990514970917e-11,0.09990785539016085,0.0962493916450554,0.8038427529418574,10,20,20
13,3921,1.0245991090012214e-10,0.0946335611519056,0.10611287749141951,0.799253561254215,10,20,20
13,3922,4.604970124572832e-13,0.0999546853465173,0.1008769891258825,0.7991683255271397,10,20,20
13,3923,9.104709042693941e-15,0.09998868882228071,0.10073905837530568,0.7992722528024043,10,20,20
13,3924,2.0553743375892996e-13,0.0999886888964526,0.13834180983992284,0.7616695012634193,10,20,20
13,3925,2.032710183919251e-13,0.10004645132837968,0.10072811360784537,0.7992254350635715,10,20,20
13,3926,8.341502809924006e-15,0.10006504277613264,0.10083460901294936,0.7991003482109096,10,20,20
13,3927,1.7290368784075508e-13,0.09990276456910066,0.10320094404518274,0.7968962913855437,10,20,20
13,3928,1.7228561689258094e-13,0.1000402534329086,0.10263157567045211,0.7973281708964669,10,20,20
13,3929,9.27915981983307e-15,0.10004024359179046,0.1440838969218684,0.7558758594863317,10,20,20
13,3930,3.1638271973526175e-14,0.09828571244391739,0.10315836558546088,0.79855592197059,10,20,20
13,3931,1.0454049989121963e-14,0.09999932095928252,0.10006764764910162,0.7999330313916053,10,20,20
13,3932,4.896739969571189e-15,0.09996298606189467,0.10010193613370025,0.7999350778044001,10,20,20
13,3933,2.2298337269780612e-12,0.09996288563444229,0.09827127721812165,0.8017658371452063,10,20,20
13,3934,3.439116653776634e-14,0.09978235085494253,0.10296931901574133,0.7972483301292816,10,20,20
13,3935,2.202231103824799e-11,0.0998608696923524,0.100643856690614,0.7994952735950112,10,20,20
13,3936,2.9209854992572554e-07,0.09985224998933062,0.14835537339278212,0.7517920845193371,10,20,20
13,3937,1.1706755626868084e-14,0.09911681664999587,0.14791737614228234,0.7529658072077099,10,20,20
13,3938,3.2292177004913546e-09,0.0991165741799829,0.1672273949661488,0.7336560276246502,10,20,20
13,3939,3.231808005180529e-09,0.09911657879572774,0.2019661557994231,0.6989172621730406,10,20,20
13,3940,1.2867190779562857e-08,0.09911660032226942,0.1921923065954818,0.7086910802150579,10,20,20
13,3941,1.2877738905745978e-08,0.10000120425352751,0.18865002445053156,0.7113487584182019,10,20,20
13,3942,1.2865975316923188e-08,0.09999985657266647,0.19003662974280433,0.7099635008185536,10,20,20
13,3943,0.00011984477631234907,0.10008214760869254,0.20521357638097726,0.6945844312340171,10,20,20
13,3944,1.348974611741304e-08,0.19254152486051462,0.04757924794017563,0.7598792137095634,10,20,20
13,3945,1.3328221281452074e-08,0.16832601818701304,0.07442070029302089,0.7572532681917448,10,20,20
13,3946,1.8406269450908948e-15,0.1769347659202215,0.023985908749316477,0.7990793253304603,10,20,20
13,3947,1.438065054079955e-14,0.1999278998543605,0.00419763500856564,0.7958744651370595,10,20,20
13,3948,2.139294649854919e-15,0.19992328405691245,0.0005324621542392728,0.7995442537888462,10,20,20
13,3949,1.8064092907527033e-12,0.1999986011852369,0.003506477217341383,0.7964949215956154,10,20,20
13,3950,1.4571822069215143e-13,0.19756965059877488,0.0025163801225250256,0.7999139692785545,10,20,20
13,3951,2.790458051887466e-15,0.19995093241334277,0.00018831593302768646,0.7998607516536269,10,20,20
13,3952,4.1757111103508e-15,0.19995106925449632,0.004256031843517111,0.7957928989019825,10,20,20
13,3953,4.706055251130949e-13,0.1983808641403289,0.004887609493400802,0.7967315263657998,10,20,20
13,3954,8.508014258776282e-13,0.1999757577699043,0.022309076865496776,0.7777151653637481,10,20,20
13,3955,3.502136343821923e-07,0.19980831459371923,0.053208955570181224,0.7469823796224653,10,20,20
13,3956,8.49790768526968e-13,0.1998083144190948,0.022519555329296573,0.7776721302507588,10,20,20
13,3957,8.674285292787255e-10,0.19984582499500628,0.020786355608658734,0.7793678185289064,10,20,20
13,3958,8.664120677507365e-10,0.19994280597844963,0.020230558284411736,0.7798266348707263,10,20,20
13,3959,8.637557521490573e-10,0.19999441131955392,0.02063560637205916,0.7793699814446311,10,20,20
13,3960,8.658233204493659e-10,0.19890867434694692,0.02097992653776652,0.7801113982494632,10,20,20
13,3961,8.658234688173287e-10,0.19831772051671304,0.021558793853079565,0.780123484764384,10,20,20
13,3962,3.724571165776644e-17,0.1989780752324399,0.001058923001171704,0.7999630017663883,10,20,20
13,3963,3.98277403644363e-15,0.19897807609459012,0.0011252682341388641,0.799896655671267,10,20,20
13,3964,8.05128626905495e-13,0.19940350283028355,0.0006588642235106939,0.7999376329454009,10,20,20
13,3965,2.9563556627469144e-15,0.19999434262918564,9.975995500379809e-05,0.7999058974158075,10,20,20
13,3966,3.730014961316314e-12,0.1957185272799893,0.018954448516168884,0.7853270242001116,10,20,20
13,3967,3.7421375327386965e-12,0.19940755999893311,0.0006878856335432099,0.7999045543637816,10,20,20
13,3968,3.1709947421009185e-14,0.19761069132665202,0.03899872905612657,0.7633905796171898,10,20,20
13,3969,8.60336722965727e-16,0.19992368905476054,0.0334153930438444,0.7666609179013941,10,20,20
13,3970,2.4246697625801475e-16,0.19607359166205113,0.004101141586885021,0.7998252667510637,10,20,20
13,3971,1.125533049035162e-15,0.19607359169890634,0.00521819095778256,0.79870821734331,10,20,20
13,3972,1.3969902339860096e-15,0.1960682026977263,0.004099671674031672,0.7998321256282409,10,20,20
13,3973,9.58464389550995e-14,0.19606894069077876,0.010348635222626693,0.7935824240864987,10,20,20
13,3974,9.16666162327191e-14,0.18683483299482323,0.018038033236165502,0.7951271337689196,10,20,20
13,3975,2.8396676448221138e-18,0.18683443080109752,0.013172556685148874,0.7999930125137534,10,20,20
13,3976,2.7996267103470574e-18,0.18683443080104062,0.014989594323261505,0.7981759748756977,10,20,20
13,3977,4.0634217970001583e-16,0.18681069198062789,0.01913749455898473,0.7940518134603868,10,20,20
13,3978,2.2731538892318396e-15,0.1868106919786989,0.04400835505272053,0.769180952968578,10,20,20
13,3979,4.3729059637635745e-08,0.1867997698642831,0.04560022896942661,0.7675999574372305,10,20,20
13,3980,1.4338503834137877e-17,0.1868353182849531,0.016542100402870737,0.7966225813121761,10,20,20
13,3981,1.2994761210131819e-15,0.19996877145270542,0.00221097438265122,0.7978202541646419,10,20,20
13,3982,1.602963273649878e-15,0.19936020830294773,0.0077353024023366496,0.7929044892947138,10,20,20
13,3983,1.2558432789445736e-13,0.19885843638621697,0.0034543393844469914,0.7976872242292105,10,20,20
13,3984,1.2560843312087773e-13,0.1988584363731062,0.002884018756943646,0.7982575448698245,10,20,20
13,3985,1.2563723680862393e-13,0.19885843637108244,0.002837324928373834,0.798304238700418,10,20,20
13,3986,3.9673805283681346e-13,0.19982653569826092,0.07177432369063697,0.7283991406107052,10,20,20
13,3987,1.3494553695098408e-15,0.18906025728531847,0.014141040386257598,0.7967987023284224,10,20,20
13,3988,1.3442868360957173e-15,0.19976874073830123,0.0035360257887218616,0.7966952334729756,10,20,20
13,3989,1.5352557795795847e-15,0.19993287739831708,0.0033486799135308055,0.7967184426881506,10,20,20
13,3990,2.656314496523634e-14,0.1997144726689783,0.003580281027687325,0.7967052463033076,10,20,20
13,3991,2.8798407984621814e-13,0.19878521206923977,0.006112159456900556,0.7951026284735716,10,20,20
13,3992,1.014907352506144e-16,0.19989816552791306,0.03965013263458934,0.7604517018374977,10,20,20
13,3993,6.705240453439256e-16,0.1945246743247233,0.04364828352376269,0.7618270421515133,10,20,20
13,3994,2.7483847781933857e-12,0.19452467432698944,0.008483651738235643,0.7969916739320266,10,20,20
13,3995,2.759439800583688e-12,0.19461246686361472,0.03586840459296251,0.7695191285406633,10,20,20
13,3996,6.726597190995836e-16,0.1946124668547326,0.005645564582671498,0.7997419685625952,10,20,20
13,3997,6.75268758928476e-16,0.19999391452534687,0.0026583872846024145,0.79734769819005,10,20,20
13,3998,6.383200473516164e-16,0.19937897533526994,0.0027958067016496694,0.7978252179630796,10,20,20
13,3999,2.0852261803287292e-09,0.17595875282666654,0.047128535340485826,0.7769127097476215,10,20,20
13,4000,2.0847243060306727e-09,0.17595860795562443,0.06745548183852071,0.7565859081211306,10,20,20
13,4001,4.646633657079949e-12,0.19998663149741674,0.00015787449027297344,0.7998554940076634,10,20,20
13,4002,7.675331998291864e-11,0.1999872274748013,0.12255668491010678,0.6774560875383383,10,20,20
13,4003,5.5279934923096214e-11,0.16409563956952455,0.1354260133989133,0.7004783469762825,10,20,20
13,4004,1.0866173542566472e-11,0.16409563892001294,0.13278304415545744,0.7031213169136634,10,20,20
13,4005,2.4087622310116113e-14,0.1991545910731451,0.099839960717305,0.7010054482095255,10,20,20
13,4006,4.462228223882492e-12,0.16905186139276668,0.1321950857816724,0.6987530528210982,10,20,20
13,4007,5.7493271841125105e-12,0.17350431100801122,0.12720711003733537,0.6992885789489038,10,20,20
13,4008,9.62188268433767e-14,0.1999007045373035,0.10232272882848184,0.6977765666341182,10,20,20
13,4009,8.834723151546287e-14,0.19933356409585665,0.10069809750120948,0.6999683384028452,10,20,20
13,4010,1.84379378231694e-10,0.19956825447357585,0.09986483204069901,0.7005669133013457,10,20,20
13,4011,3.7210647687006887e-13,0.21623723403284756,0.08468884967131456,0.699073916295466,10,20,20
13,4012,3.720072340475322e-13,0.18892579203157192,0.1661224479397913,0.6449517600282648,10,20,20
13,4013,1.2724381126908012e-13,0.2520092689968793,0.10439009244000017,0.6436006385629932,10,20,20
13,4014,5.176469634244743e-15,0.2590847197082305,0.04208035666282376,0.6988349236289405,10,20,20
13,4015,1.129543230314135e-15,0.2999888916717638,0.07413611439807713,0.6258749939301579,10,20,20
13,4016,5.211965583390998e-13,0.2986466335959621,0.002689849880775607,0.6986635165227411,10,20,20
13,4017,7.356271370101017e-11,0.2797193608513721,0.02347207361886084,0.6968085654562044,10,20,20
13,4018,7.29616286123605e-11,0.2999588396287521,0.06712649311824789,0.6329146671800386,10,20,20
13,4019,9.142541038459502e-16,0.2986101454799357,0.0020570518641212293,0.6993328026559421,10,20,20
13,4020,4.3246808374476805e-15,0.2999746911899909,0.00022223793513130984,0.6998030708748734,10,20,20
13,4021,2.0440396470314928e-14,0.24043608738993064,0.06110399350849986,0.698459919101549,10,20,20
13,4022,1.4463649397449722e-12,0.2005572381590202,0.09959545745081541,0.6998473043887179,10,20,20
13,4023,2.2149250267673127e-15,0.1979493893271642,0.10211992028579657,0.6999306903870367,10,20,20
13,4024,4.719431037221367e-13,0.19929777891268677,0.10092451859206523,0.6997777024947758,10,20,20
13,4025,1.4796208399534814e-09,0.19984231544754796,0.10024007573868528,0.699917607334146,10,20,20
13,4026,4.43994518946212e-10,0.20056698146952018,0.09946562035337687,0.6999673977331083,10,20,20
13,4027,4.44419547054823e-10,0.18757094398491062,0.1166442054703056,0.6957848501003642,10,20,20
13,4028,1.0851389568891276e-14,0.18700680848567136,0.1138387827151606,0.6991544087991572,10,20,20
13,4029,5.221043638492413e-14,0.22453147181499372,0.0763103407794077,0.6991581874055461,10,20,20
13,4030,1.4413545198583084e-07,0.2519491621052746,0.07288689533086412,0.675163798428409,10,20,20
13,4031,1.4413545108209865e-07,0.27236888892224687,0.0549833873711479,0.6726475795711541,10,20,20
13,4032,4.165872107765204e-18,0.2928984086992151,0.011004239309217125,0.6960973519915676,10,20,20
13,4033,6.423985972490213e-16,0.2929479872831247,0.011370965227245611,0.6956810474896291,10,20,20
13,4034,1.2931124770308512e-15,0.2929479872816181,0.007178992145773238,0.6998730205726075,10,20,20
13,4035,3.161590669569374e-16,0.23998746206297428,0.0624101779420029,0.6976023599950223,10,20,20
13,4036,7.717742778101555e-10,0.19490196302130497,0.11118382255665113,0.6939142136502692,10,20,20
13,4037,7.718033685790158e-10,0.19492762155880816,0.1063131989469234,0.6987591787224651,10,20,20
13,4038,4.799467677178022e-11,0.191362143384536,0.11346971559872962,0.6951681409687394,10,20,20
13,4039,1.1339471453944866e-10,0.19296257281867538,0.10582072792557498,0.7012166991423546,10,20,20
13,4040,1.748625211900321e-07,0.19990850278369815,0.03296161830609022,0.7671297040476903,10,20,20
13,4041,3.960984352148726e-17,0.19991705699616472,0.00012066367231566117,0.7999622793315193,10,20,20
13,4042,3.113812987292829e-15,0.19998991326530297,0.003849001433218054,0.7961610853014759,10,20,20
13,4043,2.1828396479698337e-13,0.18540832381803884,0.015783128097510677,0.7988085480842323,10,20,20
13,4044,2.4051175937107255e-15,0.19993699413215568,0.0014407062552406074,0.7986222996126013,10,20,20
13,4045,8.554568027759349e-17,0.1999896824754027,0.003680883032243635,0.7963294344923537,10,20,20
13,4046,1.4591857894858285e-15,0.1983942562930161,0.007541616066056382,0.7940641276409262,10,20,20
13,4047,5.217361081819514e-16,0.10637584491224224,0.09650964740066226,0.797114507687095,10,20,20
13,4048,3.9201070374118596e-13,0.09268462944601104,0.11147930333946901,0.795836067214128,10,20,20
13,4049,3.905702509848566e-13,0.10072691134009022,0.10192694034015204,0.7973461483193669,10,20,20
13,4050,1.7557116764351805e-08,0.09997667231061373,0.10223722222710666,0.7977860879051628,10,20,20
13,4051,3.467024226561132e-07,0.09997677947156093,0.13932371914091662,0.7606991546850999,10,20,20
13,4052,3.46702422313692e-07,0.09999995031300997,0.13413146528927972,0.7658682376952878,10,20,20
13,4053,2.6986630813433952e-17,0.10002810651974461,0.10010071056112928,0.799871182919126,10,20,20
13,4054,8.832009331313242e-14,0.0978863985413329,0.10496702584174247,0.7971465756168362,10,20,20
13,4055,1.1965329404754363e-12,0.11004858085231925,0.13461320755403008,0.7553382115924537,10,20,20
13,4056,0.00026558805075277934,0.09999999529195217,0.14292252940359526,0.7568118872536995,10,20,20
13,4057,0.0002655880507527853,0.09993575037120236,0.1008541878523029,0.7989444737257416,10,20,20
13,4058,1.397748873730059e-08,0.08747528009163304,0.11286779573458587,0.799656910196292,10,20,20
13,4059,3.9076653055422723e-10,0.09969711179715282,0.101552473116383,0.7987504146956976,10,20,20
13,4060,0.098701219780226,0.09998478856613667,0.006525872960826286,0.7947881186928111,10,20,20
13,4061,3.3213367674175966e-09,0.09998492524618602,0.10191639759457208,0.7980986738379048,10,20,20
13,4062,4.3532656577377065e-05,0.09902236648593324,0.10283811407509975,0.7980959867823895,10,20,20
13,4063,4.3532791955604085e-05,0.09902247431233269,0.17849863675761576,0.7224353561380956,10,20,20
13,4064,4.352277761220615e-05,0.10001103506959723,0.10350161914532596,0.7964438230074644,10,20,20
13,4065,6.748391450818731e-06,0.0999997588996904,0.0982929724791026,0.8017005202297559,10,20,20
13,4066,9.336761333962583e-12,0.09999594722442826,0.13952398518913928,0.7604800675770957,10,20,20
13,4067,9.33674093286618e-12,0.09930083287452042,0.10087805010366209,0.7998211170124805,10,20,20
13,4068,9.33685350257183e-12,0.0993008330140503,0.10490282273414933,0.7957963442424636,10,20,20
13,4069,1.9319902223988643e-13,0.09999383647746482,0.10192340155651278,0.7980827619658293,10,20,20
13,4070,7.71385036092183e-06,0.09999784732853971,0.15619164534490876,0.7438027934761908,10,20,20
13,4071,7.713850404784376e-06,0.09998110602044662,0.10265431968541003,0.7973568604437389,10,20,20
13,4072,7.713850362872678e-06,0.09999047502816842,0.1365071208737006,0.7634946902477683,10,20,20
13,4073,7.713850668514212e-06,0.09961969533321247,0.10280677742608282,0.7975658133900364,10,20,20
13,4074,8.831631496978216e-10,0.00021552370561140694,0.20221404373153162,0.7975704316796932,10,20,20
13,4075,6.063467126610022e-08,0.00028660778756131757,0.1998026814976172,0.7999106500801502,10,20,20
13,4076,0.00016193312406029945,1.0572389911444273e-06,0.20088795306541626,0.7989490565715313,10,20,20
13,4077,1.0797443982163917e-07,0.0003559917891768577,0.2009153550274684,0.7987285452089149,10,20,20
13,4078,1.671565773702604e-05,0.00034750848452101896,0.20961745429023862,0.7900183215675031,10,20,20
13,4079,0.028063993268397418,0.0004800110615398011,0.1271226250920871,0.8443333705779754,10,20,20
13,4080,0.048811264432994286,7.2153272537057606e-09,0.09545119925480647,0.8557375290968718,10,20,20
13,4081,0.04881126443718375,7.835777579680367e-10,0.1171253571182187,0.8340633776610193,10,20,20
13,4082,0.048811264432989776,7.834042390192081e-10,0.11648089244500978,0.8347078423385957,10,20,20
13,4083,0.04881126443299456,7.263610176109758e-11,0.05133817032406268,0.8998505651703066,10,20,20
13,4084,0.04881126443304732,7.343864825802033e-11,0.05126405888955547,0.8999246766039585,10,20,20
13,4085,1.2818040888656484e-09,7.94515637673319e-06,0.09931255412000346,0.9006794994418161,10,20,20
13,4086,1.2817827869207614e-09,7.945156385053822e-06,0.10056392876948658,0.8994281247923454,10,20,20
13,4087,9.863596901625042e-12,1.709275889386702e-06,0.10088524116464706,0.8991130495496,10,20,20
13,4088,9.899050960903125e-12,1.709281648348022e-06,0.10183024124242038,0.8981680494660325,10,20,20
13,4089,9.464133252221822e-17,3.1619417952757185e-11,0.10087844056620879,0.8991215594021714,10,20,20
13,4090,6.622754257588355e-10,3.499928621750902e-12,0.10246773391943967,0.8975322654147849,10,20,20
13,4091,9.401274644145496e-14,1.8424348583578698e-05,0.10216749518742536,0.8978140804638967,10,20,20
13,4092,3.0050225346079393e-15,0.09921891287049789,0.001860779403081373,0.8989203077264177,10,20,20
13,4093,6.7723739155512585e-15,0.09642994023458068,0.00711197170074705,0.8964580880646654,10,20,20
13,4094,3.0501994557507064e-17,0.09642986221914954,0.0051625686133594745,0.8984075691674909,10,20,20
13,4095,9.46470060864199e-12,0.09999471593408818,0.050878490182347066,0.8491267938741001,10,20,20
13,4096,1.4426043595187647e-15,0.09999471576504018,0.00038949547204019904,0.8996157887629183,10,20,20
13,4097,1.3898466688342733e-11,0.028920621422803112,0.07153689569454252,0.8995424828687562,10,20,20
13,4098,2.43665163734405e-10,5.70259258573896e-12,0.10101452577610301,0.8989854739745293,10,20,20
13,4099,4.567694338987269e-10,1.7971142410555908e-08,0.10168369532153787,0.89831628625055,10,20,20
13,4100,1.7072415962109066e-08,0.0004972183665706043,0.1021970289080536,0.8973057356529595,10,20,20
13,4101,1.70731017912759e-08,0.0004972185102114918,0.10164411597955827,0.8978586484371285,10,20,20
13,4102,0.0372040829573423,1.331277869117183e-07,0.06458948848482894,0.8982062954300419,10,20,20
13,4103,3.2320826529412823e-08,0.0010935797178238085,0.13221077242482127,0.8666956155365284,10,20,20
13,4104,3.2320833776793235e-08,0.0010935797169785608,0.13213686899864624,0.8667695189635412,10,20,20
13,4105,5.519078151124809e-10,3.4069892533100813e-07,0.1332555775839063,0.8667440811652604,10,20,20
13,4106,5.521006100286563e-10,3.415638577424714e-07,0.1357854701006815,0.8642141877833602,10,20,20
13,4107,8.469404546246526e-07,0.0002118099888164447,0.09988066729739034,0.8999066757733385,10,20,20
13,4108,2.6837027749653453e-14,0.0003954455483504262,0.09994900885835996,0.8996555455932626,10,20,20
13,4109,1.2106037942341048e-06,1.643235327976974e-06,0.10266755244575235,0.8973295937151251,10,20,20
13,4110,9.644752145605253e-11,2.90459207841878e-05,0.10477960551000479,0.8951913484727632,10,20,20
13,4111,7.399618366129535e-10,4.1094369958461994e-11,0.03717124292836514,0.9628287562905788,10,20,20
13,4112,2.8101244937935378e-15,3.3314688624025012e-12,0.004967406904020502,0.9950325930926451,10,20,20
13,4113,2.303608749376059e-15,1.5819529755861624e-13,0.00016447272240646755,0.9998355272774331,10,20,20
13,4114,1.4652668553705154e-15,8.096997947932805e-13,0.0034869620683595595,0.9965130379308293,10,20,20
13,4115,4.95921876458868e-18,7.448500481340972e-13,0.0034699957889624197,0.9965300042102928,10,20,20
13,4116,4.88436035456525e-17,2.057749675865682e-11,0.00016161714936045176,0.999838382830062,10,20,20
13,4117,9.457708513265611e-11,4.566852738986702e-05,0.042644454251224886,0.9573098771268083,10,20,20
13,4118,5.573752667366542e-17,6.73134084206271e-13,0.0013360066014578029,0.998663993397869,10,20,20
13,4119,1.0943626375178308e-13,1.965531201501342e-07,0.005420592148018779,0.9945792112987517,10,20,20
13,4120,6.33898918208439e-15,7.289738911401048e-12,0.0001491691831576868,0.9998508308095465,10,20,20
13,4121,6.337583134577652e-15,1.56695633150572e-13,0.00012448958258330807,0.9998755104172539,10,20,20
13,4122,8.522253048015853e-15,1.4423765187078621e-07,0.0053617491866215505,0.9946381065757179,10,20,20
13,4123,6.609334326717951e-15,1.442375364161495e-07,0.005321842656354271,0.9946780131061026,10,20,20
13,4124,4.2071146706860417e-14,7.914044447860736e-09,0.030432845406660042,0.9695671466792533,10,20,20
13,4125,7.901736651910463e-15,8.43031489952363e-09,0.010568542580983793,0.9894314489886933,10,20,20
13,4126,5.77204810920544e-14,3.823490871014063e-12,0.000531973267931637,0.9994680267281872,10,20,20
13,4127,2.4404637165919672e-14,7.734169409423619e-11,0.0005117814032531243,0.9994882185193807,10,20,20
13,4128,2.5714630572233527e-14,6.761769078385747e-11,0.00040636692585217777,0.9995936330065043,10,20,20
13,4129,9.499288466864397e-15,1.5491874817714028e-10,0.00017517329153761015,0.999824826553534,10,20,20
13,4130,2.463940352485641e-15,6.701892030293894e-09,0.0002550367595820995,0.9997449565385234,10,20,20
13,4131,2.4860338132306225e-15,6.6751195539522535e-09,0.005050758862976194,0.9949492344619019,10,20,20
13,4132,7.176949529572709e-17,6.6760330091821245e-09,0.0011059282819621658,0.9988940650420046,10,20,20
13,4133,3.896839301134261e-17,6.675844424725482e-09,0.0011250419558874558,0.9988749513682679,10,20,20
13,4134,6.828256504685016e-15,9.366678749493425e-13,0.0009175149743490153,0.9990824850247074,10,20,20
13,4135,9.45086465658573e-16,3.2516934419881786e-11,0.0020584069719073545,0.9979415929955747,10,20,20
13,4136,7.851639181130817e-16,4.2596799401311736e-08,0.03488954084528712,0.9651104165579127,10,20,20
13,4137,8.956071254599466e-16,4.256931846775919e-08,0.032362299783223344,0.9676376576474572,10,20,20
13,4138,1.3283219553341579e-14,6.541006314141904e-13,0.00012589582184340269,0.9998741041774892,10,20,20
13,4139,3.5058898944078286e-12,8.98066234841636e-09,0.002699521971427064,0.9973004690444046,10,20,20
13,4140,3.4791858287185184e-12,1.5280943981700549e-12,0.002244780495621406,0.9977552194993711,10,20,20
13,4141,4.5246058546870115e-15,3.244336980688755e-11,0.0032494655823143495,0.9967505343852376,10,20,20
13,4142,4.1272183500062173e-14,3.251596480334343e-11,0.003169677220935283,0.9968303227465073,10,20,20
13,4143,3.9827929288673035e-15,8.391732000444729e-10,0.043160927571256,0.9568390715895667,10,20,20
13,4144,6.621755956965469e-15,5.376359511808668e-12,0.05921140386751408,0.940788596127103,10,20,20
13,4145,1.2769513824204058e-13,5.780159125052083e-14,0.0013690321498955062,0.998630967849919,10,20,20
13,4146,3.2131582561053557e-16,1.052839189021647e-12,0.00473089965710363,0.9952691003418431,10,20,20
13,4147,7.098751570687555e-17,3.984796894322504e-13,0.008059160776201743,0.9919408392233999,10,20,20
13,4148,1.186400198048425e-15,9.729443204677349e-14,0.0025212784832300598,0.9974787215166716,10,20,20
13,4149,4.819904356284595e-16,7.110962847217235e-11,0.0001789784425949913,0.9998210214862949,10,20,20
13,4150,1.183390541136159e-16,2.992095038946479e-14,0.0018807612618385373,0.9981192387381315,10,20,20
13,4151,4.552669693830808e-15,2.2861108274337597e-09,0.028170658332334397,0.97182933938155,10,20,20
13,4152,1.668463853163983e-14,1.4722323669119524e-10,0.0039210172908969165,0.9960789825618633,10,20,20
13,4153,8.136994006578557e-14,2.0369693798466147e-07,0.04088221080023124,0.9591175855027494,10,20,20
13,4154,2.176231990801433e-14,2.0369540190948307e-07,0.04036635348087837,0.9596334428236981,10,20,20
13,4155,1.1635131383204466e-14,2.036958596261721e-07,0.0398463683377021,0.9601534279664264,10,20,20
13,4156,6.034025329326191e-12,2.0005873382863056e-12,0.004250861772511094,0.9957491382194542,10,20,20
13,4157,4.1918561454443915e-15,1.3173697400583317e-11,0.0039983570811048886,0.9960016429057174,10,20,20
13,4158,9.8256962253364e-13,6.145658265376461e-12,0.005674900172226673,0.994325099820645,10,20,20
13,4159,7.100914310307376e-12,6.139129594853102e-12,0.006219717693689836,0.9937802822930701,10,20,20
13,4160,4.320088333148077e-17,7.340722324666973e-14,0.003788985590232525,0.996211014409694,10,20,20
13,4161,9.445583321383576e-16,5.983370994720893e-13,0.004211905859325469,0.9957880941400752,10,20,20
13,4162,2.2561527825102368e-14,6.83322942545886e-12,0.0029113358792117647,0.9970886641139325,10,20,20
13,4163,2.1440174403527478e-14,1.1480747816071866e-13,0.003216029054086143,0.9967839709457775,10,20,20
13,4164,1.4520317366601377e-10,3.560317087091326e-12,0.0002667479139093435,0.9997332519373273,10,20,20
13,4165,1.4520203825612727e-10,3.548713015024612e-11,0.0012866239396044084,0.9987133758797064,10,20,20
13,4166,1.4520017202185338e-10,5.922304836596903e-12,0.002646042964542739,0.9973539568843348,10,20,20
13,4167,1.6895045420053253e-12,1.0493836478002708e-07,0.10294292995221825,0.8970569651077274,10,20,20
13,4168,2.860534942419206e-14,3.8940053305734326e-09,0.10105884490519904,0.898941151200767,10,20,20
13,4169,2.7691215658840977e-11,0.0277848720042562,0.07718430640332549,0.895030821564727,10,20,20
13,4170,5.33892930778666e-10,9.963353174877941e-06,0.10600873257838095,0.8939813035345514,10,20,20
13,4171,1.3593230356223261e-07,2.7777217714019707e-05,0.1442505073447197,0.8557215795052626,10,20,20
13,4172,7.0849458712820795e-06,4.5310321560959204e-09,0.14523005563447086,0.8547628548886251,10,20,20
13,4173,1.2163004712294985e-13,2.0148200374796035e-09,0.03182333387802724,0.9681766641070311,10,20,20
13,4174,1.4386934486469182e-15,1.7416968641565974e-09,0.0014991265341252023,0.9985008717241763,10,20,20
13,4175,3.5521457726341627e-15,1.0983919310868898e-05,0.006427571404896791,0.9935614446757887,10,20,20
13,4176,8.575148913581261e-17,1.09839124026591e-05,0.012927305316551192,0.9870617107710462,10,20,20
13,4177,6.87517945819065e-14,1.0983908687195228e-05,0.010116662568042964,0.9898723535232012,10,20,20
13,4178,2.1648944045040314e-17,1.0983878431025678e-05,0.00822240583350695,0.991766610288062,10,20,20
13,4179,7.153335997826135e-17,1.098387812753632e-05,0.007290448980503163,0.9926985671413693,10,20,20
13,4180,2.340048949176911e-16,1.424067029702202e-11,0.0009829248046495107,0.9990170751811096,10,20,20
13,4181,1.5029069485867478e-15,1.6828482902581168e-10,0.03822534335185785,0.9617746564798557,10,20,20
13,4182,1.3440633159623738e-15,3.7998390963685495e-12,0.03282337411191651,0.9671766258842824,10,20,20
13,4183,1.4439162772665394e-14,1.409389252945137e-10,0.032308093059904286,0.9676919067991422,10,20,20
13,4184,1.9846564600870816e-15,2.0489298093581555e-10,0.000160301428263595,0.9998396983668414,10,20,20
13,4185,9.5199731324009e-13,2.0678474412764235e-10,0.10965464445167299,0.8903453553405903,10,20,20
13,4186,3.2987795289174256e-14,2.0535311245738358e-10,0.1524254285772445,0.8475745712173696,10,20,20
13,4187,2.878661240284166e-15,5.075610570047172e-11,0.0972353454197744,0.9027646545294665,10,20,20
13,4188,5.598256885405161e-17,2.1837954996335303e-11,0.09299540018650812,0.9070045997916539,10,20,20
13,4189,2.660693137713473e-12,1.3701105437744838e-10,0.01597662839714058,0.9840233714631875,10,20,20
13,4190,2.6597064315768356e-12,6.903690211772057e-11,0.016356688618948005,0.9836433113093553,10,20,20
13,4191,1.0700412394371378e-16,3.389086778331874e-12,0.001174977922645707,0.998825022073965,10,20,20
13,4192,7.579083086504388e-17,1.524083220411934e-12,7.902450195365637e-05,0.9999209754965221,10,20,20
13,4193,1.033150723809971e-13,3.4734974603178703e-12,0.03781998831837087,0.9621800116780523,10,20,20
13,4194,8.28318322270862e-15,8.644375100791921e-11,0.03407364845704699,0.9659263514565011,10,20,20
13,4195,2.7941220912027315e-16,2.744675209813281e-08,0.032903469759186274,0.9670965027940612,10,20,20
13,4196,2.5104146053982246e-16,3.2251881018011323e-08,0.0340706963863186,0.9659292713618003,10,20,20
13,4197,1.4809623985302663e-14,1.8055162964101993e-10,0.004656433203868136,0.9953435666155654,10,20,20
13,4198,1.545938522639271e-13,3.032359139316435e-12,0.0011655809571092227,0.9988344190397036,10,20,20
13,4199,1.5460978271346063e-13,3.1247195879595584e-12,0.0012682547005927961,0.9987317452961278,10,20,20
13,4200,1.0970547363496738e-10,4.729594737481831e-10,0.006276751794742119,0.9937232476225928,10,20,20
13,4201,4.5576755834695006e-12,2.0150112020928378e-10,0.039643783239084456,0.9603562165548569,10,20,20
13,4202,6.0971483009445075e-15,1.2539335726730374e-10,0.004622139491282921,0.9953778603833175,10,20,20
13,4203,1.808427170772177e-15,1.2669711719772772e-10,0.06334656968558211,0.936653430187719,10,20,20
13,4204,1.4508034520026512e-15,3.4290461993181298e-12,0.15565989367220626,0.8443401063243631,10,20,20
13,4205,1.5883393971461085e-12,2.030423929500955e-11,0.13189371511957465,0.8681062848585329,10,20,20
13,4206,3.837216957792548e-12,8.95001245125432e-09,0.10434300702290525,0.8956569840232452,10,20,20
13,4207,1.5933264301552828e-12,8.96025962219799e-09,0.10067441263110292,0.8993255784070444,10,20,20
13,4208,3.589069694870717e-15,8.986931202652776e-09,0.10628880642331442,0.8937111845897509,10,20,20
13,4209,6.35335936685354e-12,5.5771809847154396e-11,0.10201847565299955,0.8979815242848753,10,20,20
13,4210,6.444786264504941e-12,3.346769101622633e-07,0.09898882270692112,0.9010108426097239,10,20,20
13,4211,7.005106349299884e-10,0.00039976332345300947,0.10251862488996037,0.8970816110860756,10,20,20
13,4212,2.856594419375538e-11,0.07269432701522818,0.02986465574246507,0.8974410172137409,10,20,20
13,4213,2.2288952412315664e-11,0.07269432701458126,0.0273092969164976,0.8999963760466324,10,20,20
13,4214,2.0941819065392765e-10,0.07269433140798223,0.028654645910559516,0.8986510224720398,10,20,20
13,4215,1.8654683162227014e-10,0.09988093272416818,0.003156088990600597,0.8969629780986843,10,20,20
13,4216,3.896575778850925e-14,0.09999815545520063,0.007512494395626413,0.892489350149134,10,20,20
13,4217,3.029235015469812e-15,0.09783342836150388,0.002255370771793706,0.8999112008666994,10,20,20
13,4218,2.664030312998017e-12,0.04272082495379357,0.060891662808819344,0.8963875122347231,10,20,20
13,4219,2.589695770269733e-15,0.09987020422105264,0.043115494731087806,0.8570143010478569,10,20,20
13,4220,0.03149647355003195,2.215549333695388e-10,0.11229378169200341,0.8562097445364095,10,20,20
13,4221,8.698747089752873e-16,4.3468635426371824e-11,0.04536934213129191,0.9546306578252386,10,20,20
13,4222,1.0186532606841642e-11,1.792587302075151e-13,0.0005872680257583911,0.9994127319638759,10,20,20
13,4223,2.037451228981757e-12,4.3040621549640125e-13,0.019624841307864564,0.9803751586896675,10,20,20
13,4224,2.0374449087041456e-12,4.586294737508851e-09,0.01968634293334397,0.9803136524783241,10,20,20
13,4225,7.275324747291748e-16,7.493444724724433e-09,0.0028380932502917455,0.9971618992562629,10,20,20
13,4226,1.1319228938546655e-13,7.943474320190509e-09,0.004937364590165529,0.9950626274662471,10,20,20
13,4227,2.463960501750867e-16,5.941040587553569e-15,6.21048532722859e-05,0.9999378951467215,10,20,20
13,4228,1.0149156921101238e-17,2.954021656441393e-10,0.09633475617797362,0.9036652435266239,10,20,20
13,4229,3.63148276917975e-15,2.361349327675439e-11,0.005176102564527382,0.9948238974118553,10,20,20
13,4230,8.632169007567932e-14,2.9930434298402343e-12,0.00042860335196074186,0.99957139664496,10,20,20
13,4231,9.171433258252442e-14,2.9954010959078864e-12,0.0004661959580099308,0.9995338040389029,10,20,20
13,4232,8.136022277420483e-14,2.3360853539351423e-11,0.0010966310324759055,0.9989033689440818,10,20,20
13,4233,6.450476849766292e-16,2.0571823523517642e-11,0.0009959001200096356,0.9990040998594178,10,20,20
13,4234,5.951782693393645e-16,4.155697744419536e-11,0.0001694464670410737,0.9998305534914012,10,20,20
13,4235,5.8169835024371316e-15,4.138515236346896e-11,9.099504890014535e-05,0.9999090049097088,10,20,20
13,4236,2.774759104948059e-16,2.356718223000266e-09,0.0021813748894348034,0.9978186227538466,10,20,20
13,4237,1.7261623298590654e-14,1.3092474860017627e-10,0.0015022264972086913,0.9984977733718491,10,20,20
13,4238,1.8049191231424164e-14,6.92210911301871e-10,0.053612119428882166,0.9463878798788887,10,20,20
13,4239,2.2083508061727987e-13,2.94326945601371e-12,0.00011671540392717422,0.9998832845929086,10,20,20
13,4240,3.9923167197102755e-17,3.3482152887976223e-13,0.0010479501893127887,0.9989520498103523,10,20,20
13,4241,7.904525595146797e-13,5.536980301730617e-12,0.002939929364564134,0.9970600706291084,10,20,20
13,4242,8.966371494244007e-13,3.045672536632039e-11,0.008610685638547423,0.9913893143300992,10,20,20
13,4243,1.328243733200928e-15,2.4263457802042137e-12,0.0020932265040824833,0.9979067734934896,10,20,20
13,4244,2.741771274396652e-15,2.4633110293100623e-12,0.02432700102960414,0.9756729989679297,10,20,20
13,4245,1.4017458104789135e-14,4.003682795462353e-09,0.024649082860586338,0.9753509131357168,10,20,20
13,4246,5.4605018075102516e-15,4.394324151476023e-10,0.006511846852044818,0.9934881527085173,10,20,20
13,4247,5.425447887899375e-15,4.0115168256424935e-10,0.0030682110793663823,0.9969317885194764,10,20,20
13,4248,5.7002183331549755e-15,4.014902273887287e-10,0.001729470919683453,0.9982705286788207,10,20,20
13,4249,2.6097056077622618e-17,4.025210607778267e-10,0.0017302024044434407,0.9982697971930354,10,20,20
13,4250,7.602590299496754e-17,1.7340009759625715e-12,0.0003825831414566992,0.999617416856809,10,20,20
13,4251,1.3869288079430998e-14,4.689641336136334e-11,0.0009324305380958136,0.9990675694149939,10,20,20
13,4252,1.5134833873315164e-13,1.3774552200757395e-09,0.0030764549296851875,0.9969235436927081,10,20,20
13,4253,1.4852052884084317e-13,5.3745739432055155e-12,0.0007284756213317052,0.9992715243731449,10,20,20
13,4254,1.485072059395716e-13,6.9361726881311124e-12,0.006989428365586035,0.9930105716273291,10,20,20
13,4255,9.721694346040348e-12,1.6467985892168204e-08,0.002450012725411067,0.9975499707968811,10,20,20
13,4256,1.1166051399448012e-13,1.646791400518012e-08,0.0026756468956294095,0.9973243366363447,10,20,20
13,4257,1.1730165912645405e-13,2.0106591367873397e-14,0.09309768258021399,0.9069023174196482,10,20,20
13,4258,0.09404903454132435,2.1931074778308773e-09,0.010936498041759373,0.8950144652238088,10,20,20
13,4259,3.9079486558466654e-08,1.3395820683291328e-08,0.14013047708442472,0.8598694704402678,10,20,20
13,4260,1.9674638257793247e-10,4.817269483939623e-07,0.10521429279055923,0.894785225285746,10,20,20
13,4261,1.9674485060901993e-10,4.829539705651355e-07,0.09858363919417672,0.9014158776551076,10,20,20
13,4262,1.9674801876910103e-10,4.818802065948587e-07,0.09924993567239895,0.9007495822506462,10,20,20
13,4263,2.0281800601036346e-10,4.818168540367222e-07,0.09857128308174237,0.9014282348985851,10,20,20
13,4264,3.675113166935742e-11,2.4672999021782762e-06,0.10020813832945749,0.8997893943338893,10,20,20
13,4265,2.3302023881861384e-08,0.0964593410432475,0.0036563839916478004,0.8998842516630807,10,20,20
13,4266,6.883952240928235e-12,0.09873752023665924,0.002240373519508767,0.899022106236948,10,20,20
13,4267,6.07547594707927e-12,0.05998319213174982,0.078121103340417,0.8618957045217577,10,20,20
13,4268,1.5453295069844828e-16,0.09998740961139443,0.03545931458652246,0.8645532758020827,10,20,20
13,4269,1.2117304076648364e-17,0.09966271691324087,0.0015707320604273327,0.8987665510263316,10,20,20
13,4270,8.877393290378347e-16,0.09966271523099612,0.02464089015674687,0.8756963946122559,10,20,20
13,4271,5.557488921231105e-12,0.09985291238276879,0.003404024121960098,0.8967430634897136,10,20,20
13,4272,5.558496173068176e-12,0.09999903789125326,0.06689739883213004,0.833103563271058,10,20,20
13,4273,3.015589300770601e-14,0.09999882404835805,0.005686389819836264,0.8943147861317755,10,20,20
13,4274,4.493725298546302e-14,0.0998866727503738,0.004763350519489191,0.8953499767300921,10,20,20
13,4275,1.4955777277274823e-14,0.09990748224147766,0.06825529242254329,0.831837225335964,10,20,20
13,4276,5.021261138512826e-17,0.10002073496584836,0.01263746129151821,0.8873418037426333,10,20,20
13,4277,4.284518643666873e-11,0.05060839380977237,0.08907672919902057,0.8603148769483617,10,20,20
13,4278,4.284298230447876e-11,0.099984853040154,0.10488491127444761,0.7951302356425552,10,20,20
13,4279,4.284292856256015e-11,0.0999930104180504,0.03975560793871277,0.8602513816003938,10,20,20
13,4280,5.857719515942384e-15,0.0999930089845553,0.002979222225228108,0.8970277687902106,10,20,20
13,4281,4.874401793265689e-18,0.09999300923662778,0.0560457503223033,0.8439612404410688,10,20,20
13,4282,1.993421880658598e-14,0.09931262157250906,0.005255794425968045,0.8954315840015029,10,20,20
13,4283,1.9945730455927056e-14,0.09931262157156841,0.005290073791781821,0.8953973046366297,10,20,20
13,4284,2.000319390991016e-14,0.09931262157063389,0.0038611167240745698,0.8968262617052716,10,20,20
13,4285,3.568032663827423e-09,0.062273325294832885,0.03778291767849816,0.8999437534586363,10,20,20
13,4286,9.565783438474034e-16,0.0999968799095625,0.0014627375875958483,0.8985403825028406,10,20,20
13,4287,1.320661978281314e-15,0.09987721792646623,0.050133717745996176,0.8499890643275361,10,20,20
13,4288,5.948331217332929e-16,0.09802490503535262,0.007203583829471116,0.8947715111351755,10,20,20
13,4289,5.328395793928145e-13,0.09999347810641065,0.031727049829028756,0.8682794720640278,10,20,20
13,4290,5.4839908344212306e-14,0.09999978930048264,0.0002623141312428038,0.8997378965682197,10,20,20
13,4291,4.8563458960163146e-17,0.09999978820519725,0.0001366832015930163,0.8998635285932096,10,20,20
13,4292,4.68613976668421e-15,0.09999978827937876,0.03762904519558717,0.8623711665250294,10,20,20
13,4293,6.47527989699643e-16,0.09999978912616736,0.003322017013642055,0.89667819386019,10,20,20
13,4294,8.433413434076217e-16,0.07996135351614894,0.020243182798438366,0.8997954636854117,10,20,20
13,4295,7.946774673734083e-13,0.0799613535363195,0.045880277985484934,0.874158368477401,10,20,20
13,4296,8.122439478381963e-16,0.07996135347400055,0.04666453945975268,0.873374107066246,10,20,20
13,4297,1.02816802953012e-15,0.07996135347156011,0.08623646278567887,0.8338021837427598,10,20,20
13,4298,3.7653686535562946e-14,0.0846616074036035,0.017278998116762024,0.8980593944795968,10,20,20
13,4299,2.1967228443843716e-14,0.09999945331671427,0.0008141070650310025,0.8991864396182325,10,20,20
13,4300,3.2526507422829303e-12,0.09997290852030119,0.01766177001773324,0.882365321458713,10,20,20
13,4301,3.296919552330089e-15,0.09969251946130664,0.0004874974684392217,0.8998199830702507,10,20,20
13,4302,9.962637609521304e-15,0.09969251472656773,0.0020893848374677238,0.8982181004359544,10,20,20
13,4303,1.3324380662402218e-15,0.09969251472587969,0.06194001844938977,0.8383674668247292,10,20,20
13,4304,1.6525446097213128e-15,0.09969251472682626,0.09599245743231571,0.8043150278408561,10,20,20
13,4305,1.3295968135493009e-15,0.09969251472386562,0.05962446083457913,0.840683024441554,10,20,20
13,4306,3.6190554553247805e-15,0.09969251472503911,0.0018045571932812678,0.8985029280816761,10,20,20
13,4307,1.7674772321842089e-10,0.09969264400328134,0.03992552257306929,0.8603818332469014,10,20,20
13,4308,1.285174367913355e-15,0.09969251487199174,0.0025470923611174328,0.8977603927668895,10,20,20
13,4309,1.3052719227017478e-12,0.07041105312436409,0.030142984734784023,0.8994459621395464,10,20,20
13,4310,1.5401813976601926e-12,0.07041105306935222,0.03011221116281067,0.8994767357662969,10,20,20
13,4311,2.9690893894263577e-12,0.07041105306695022,0.07968520250557057,0.8499037444245102,10,20,20
13,4312,1.3419915124389773e-12,0.07041105306623002,0.02973038872554821,0.8998585582068801,10,20,20
13,4313,2.8917423813293493e-10,0.030470205130947736,0.06968967324917319,0.8998401213307046,10,20,20
13,4314,2.891797237189779e-10,0.03047020513086467,0.06962491341267088,0.8999048811672846,10,20,20
13,4315,5.571725948823452e-15,0.09999838221845181,0.0002800947528708856,0.8997215230286717,10,20,20
13,4316,9.77552312993751e-13,0.09731819437422494,0.03403257947683333,0.8686492261479641,10,20,20
13,4317,8.43144503059716e-08,0.09731819304530745,0.005112471783322951,0.8975692508569193,10,20,20
13,4318,1.2268590936834796e-13,0.09997865360548759,0.038479799515806365,0.8615415468785834,10,20,20
13,4319,5.832330071881705e-14,0.09999915639050438,0.018583852189729,0.8814169914197081,10,20,20
13,4320,7.803247279235452e-14,0.09999915630907971,0.01879577963975256,0.8812050640510897,10,20,20
13,4321,8.71527570644042e-14,0.09999750063676106,0.022365815768248334,0.8776366835949034,10,20,20
13,4322,2.5696148629798968e-14,0.0999825819889471,0.05395157455698938,0.8460658434540376,10,20,20
13,4323,9.04033581954771e-15,0.09998258193721443,0.0501301050002785,0.8498873130624981,10,20,20
13,4324,2.3880686852575555e-17,0.099999851493737,0.046496564884777034,0.8535035836214859,10,20,20
13,4325,2.374662447904156e-16,0.09973298422386905,0.0003633489323859706,0.8999036668437448,10,20,20
13,4326,4.559502038052379e-13,0.09765694749917751,0.002577883137780591,0.8997651693625859,10,20,20
13,4327,9.235364610142993e-18,0.09999022719827641,0.004440288376595826,0.8955694844251276,10,20,20
13,4328,1.2041804991709472e-17,0.09999296706134363,0.00016335785480078537,0.8998436750838554,10,20,20
13,4329,3.9600142997273495e-17,0.09639855167566773,0.003682850195778965,0.8999185981285531,10,20,20
13,4330,3.481656869213578e-10,0.09981867810503596,0.03333901998275981,0.8668423015640384,10,20,20
13,4331,4.296856177066413e-16,0.07800446464340036,0.07194850824084242,0.850047027115757,10,20,20
13,4332,3.525934551893483e-15,0.07800446677056687,0.07562789141730591,0.8463676418121236,10,20,20
13,4333,3.456952792839248e-15,0.09998838638300186,0.07193418014565381,0.8280774334713412,10,20,20
13,4334,1.0837521765739643e-13,0.09999646731155488,0.07237738468354588,0.8276261480047913,10,20,20
13,4335,3.2265937373291603e-15,0.09658617008768186,0.029909768377132457,0.8735040615351825,10,20,20
13,4336,2.0454459501294337e-14,0.09658616736813011,0.007304292494370026,0.8961095401374795,10,20,20
13,4337,3.447766352729393e-17,0.09998989305374754,2.5222015750463505e-05,0.8999848849305019,10,20,20
13,4338,5.081021302228843e-17,0.09998625256740282,0.04886795416912306,0.8511457932634741,10,20,20
13,4339,2.2184031215693106e-16,0.09998625454168455,0.041949273701656034,0.8580644717566592,10,20,20
13,4340,1.1899993329486561e-16,0.09999111832437926,0.0002072783940057013,0.8998016032816147,10,20,20
13,4341,2.734993661856202e-17,0.09998907172108287,0.0002324945083378031,0.8997784337705795,10,20,20
13,4342,1.9395672403004222e-16,0.09999167025517015,0.0014176382180277496,0.8985906915268018,10,20,20
13,4343,1.2530696911619972e-17,0.09998457818355565,0.001579913909681548,0.8984355079067626,10,20,20
13,4344,8.117542693703266e-16,0.09987458610929414,0.0010555424161299936,0.8990698714745748,10,20,20
13,4345,2.895439086225156e-13,0.09896150971115361,0.005773196425037493,0.8952652938635193,10,20,20
13,4346,2.833678302154022e-13,0.09896150786225325,0.005854675999161177,0.8951838161383021,10,20,20
13,4347,1.0476297188046468e-15,0.09999228726011447,0.004899883053291921,0.8951078296865924,10,20,20
13,4348,4.39787525358141e-10,0.09998737746872313,0.016958168677692897,0.8830544534137964,10,20,20
13,4349,9.315077546561946e-14,0.0999873774711099,0.025125115718984226,0.8748875068098124,10,20,20
13,4350,2.9341017329772086e-12,0.09998737747160313,0.028374672418104912,0.8716379501073579,10,20,20
13,4351,9.217223527148637e-14,0.09823366918223128,0.025771290747841718,0.8759950400698348,10,20,20
13,4352,8.638650561101715e-15,0.09823367270929284,0.03636609075006565,0.8654002365406328,10,20,20
13,4353,9.285317033114953e-15,0.0981681259646079,0.0022855055427642083,0.8995463684926186,10,20,20
13,4354,4.671303059842394e-17,0.09999221394314481,0.0009127520922433119,0.8990950339646119,10,20,20
13,4355,7.183518654072993e-17,0.09984129098737468,0.001054671046189432,0.8991040379664359,10,20,20
13,4356,8.286272814313596e-15,0.09999996119967106,0.00025007981395711,0.8997499589863637,10,20,20
13,4357,1.7140050797408132e-15,0.09995900577277383,0.004446199968743245,0.8955947942584814,10,20,20
13,4358,1.4798943652739062e-17,0.09999915060336964,0.004502768517076582,0.8954980808795538,10,20,20
13,4359,7.665958223454858e-14,0.023309536933487942,0.11945252201825918,0.8572379410481759,10,20,20
13,4360,1.7898702156310845e-12,0.0020914587279731328,0.13562102545470475,0.8622875158155321,10,20,20
13,4361,1.7928999335467073e-12,0.0020914586758667445,0.10096268727716654,0.8969458540451738,10,20,20
13,4362,1.9775490774329352e-09,7.055637724190755e-13,0.10151947951578777,0.8984805185059571,10,20,20
13,4363,0.0001832029306191597,1.39255727302498e-13,0.1049190217440698,0.8948977753251717,10,20,20
13,4364,0.0008226962406738515,0.001413255570243547,0.134867568666154,0.8628964795229288,10,20,20
13,4365,8.958712353934392e-05,0.0008962147512056052,0.13077338149149256,0.8682408166337627,10,20,20
13,4366,8.958708096147907e-05,0.0008961968514270552,0.09919262779763673,0.8998215882699746,10,20,20
13,4367,8.958708096410372e-05,0.000896196834863393,0.10485032508940265,0.8941638909947699,10,20,20
13,4368,7.207050188664831e-06,2.2210925532518178e-08,0.10585804788576261,0.8941347228531231,10,20,20
13,4369,2.6619674270194085e-09,1.9060327111052083e-08,0.14802738468340942,0.8519725935942957,10,20,20
13,4370,2.661967458783365e-09,1.9110353109349972e-08,0.13618295009052797,0.8638170281371508,10,20,20
13,4371,2.661968377009241e-09,1.5321495335535004e-08,0.1210379443696095,0.8789620376469266,10,20,20
13,4372,5.372824474927108e-06,1.5737881256403547e-08,0.1219739415842532,0.8780206698533902,10,20,20
13,4373,0.0003259451707243904,0.013809617709387573,0.08762974247574076,0.8982346946441471,10,20,20
13,4374,0.00032594517050313674,0.013809617668454668,0.08767444067901385,0.8981899964820282,10,20,20
13,4375,0.0003259451742523919,0.01380961791693491,0.08760608110553794,0.8982583558032747,10,20,20
13,4376,3.014604938052221e-07,0.07559222643857991,0.024568246436475892,0.8998392256644504,10,20,20
13,4377,2.0820364277949887e-14,0.09989029977839622,0.0009646508750321564,0.8991450493465507,10,20,20
13,4378,2.360301102726439e-10,0.0062698124814383836,0.09504346748250538,0.8986867198000261,10,20,20
13,4379,2.2996537653566187e-08,0.00034439564243560043,0.10098837907321492,0.8986672022878117,10,20,20
13,4380,1.9078339998986448e-09,0.003171212899084183,0.12943872496487213,0.8673900602282094,10,20,20
13,4381,2.0368837426022196e-14,1.7997706886533172e-05,0.1033042729752075,0.8966777293178856,10,20,20
13,4382,4.642687108568989e-12,1.7997682240359425e-05,0.10118641615480231,0.8987955861583146,10,20,20
13,4383,4.6867645210984365e-14,1.7997771026235937e-05,0.240998523748792,0.758983478480135,10,20,20
13,4384,5.050078551755803e-13,1.0264178380957557e-07,0.24316863458410407,0.7568312627736069,10,20,20
13,4385,2.9428641983427834e-08,1.1001798140782062e-07,0.23987975665284536,0.7601201039005312,10,20,20
13,4386,2.942852019167856e-08,2.8150115544104952e-08,0.24034670210659978,0.7596532403147644,10,20,20
13,4387,4.048838480451902e-06,2.242127220958648e-08,0.11658653353557302,0.883409395204674,10,20,20
13,4388,2.6561960011209205e-05,4.8184078227641424e-05,0.12109478501358673,0.8788304689481743,10,20,20
13,4389,2.2512994297692626e-05,4.817737789902713e-05,0.10716565836939887,0.8927636512584047,10,20,20
13,4390,2.251299429647111e-05,4.8584927623834585e-05,0.1980036274438369,0.8019252746342431,10,20,20
13,4391,0.00038663237261802794,1.5168244107946662e-05,0.2013146745810872,0.7982835248021865,10,20,20
13,4392,0.0003866323728496567,0.00025811067773458447,0.19937888476539747,0.799976372184019,10,20,20
13,4393,9.495642824531733e-05,0.000426790965969237,0.1995258437638117,0.7999524088419733,10,20,20
13,4394,1.4351221184884499e-05,2.114721337667096e-06,0.22112520513546144,0.7788583289220158,10,20,20
13,4395,2.0180140671823714e-14,8.701225308482275e-06,0.2211713162891547,0.7788199824855166,10,20,20
13,4396,1.0252938412983201e-07,0.002767497342409481,0.19728867656560917,0.7999437235625969,10,20,20
13,4397,1.025316642546055e-07,0.0027674988498572082,0.1982627416773491,0.7989696569411292,10,20,20
13,4398,3.1606581571478004e-09,0.01372940598688192,0.18612821432777032,0.8001423765246894,10,20,20
13,4399,4.0687310209949046e-06,1.896998177445703e-05,0.2727308859539249,0.7272460753332793,10,20,20
13,4400,1.6881118806579331e-06,0.00280075588363551,0.20200692107907595,0.7951906349254081,10,20,20
13,4401,1.688111860337447e-06,0.0028007518282945716,0.19706367247393522,0.8001338875859101,10,20,20
13,4402,0.008104837262441659,2.065738401254832e-05,0.19078408731174723,0.8010904180417986,10,20,20
13,4403,0.0010062654869248274,1.8920530379921407e-05,0.26973384847509246,0.7292409655076025,10,20,20
13,4404,0.0028442460364918698,7.654934178842028e-06,0.31334706177477967,0.6838010372545488,10,20,20
13,4405,1.4732219830938606e-05,0.0006209077019779308,0.2863726013652326,0.7129917587129577,10,20,20
13,4406,1.5969324380183387e-06,9.612509154447414e-06,0.24852534299091222,0.7514634475674948,10,20,20
13,4407,1.8844884953687805e-07,3.331541895720787e-09,0.2034770441237109,0.7965227640958972,10,20,20
13,4408,4.0113891155982036e-05,9.188712021160168e-09,0.20309941299773437,0.796860463922397,10,20,20
13,4409,0.00024072789600248666,7.987542465771935e-06,0.26870170246205405,0.7310495820994776,10,20,20
13,4410,0.00020181689008728947,8.259975286267235e-06,0.29012471090490927,0.7096652122297168,10,20,20
13,4411,0.0012455077839217063,1.5273801875240346e-05,0.2004839350535732,0.7982552833606292,10,20,20
13,4412,0.0012455077836165424,1.527698729845099e-05,0.20057136447113494,0.7981678507579498,10,20,20
13,4413,0.0012455078884069895,1.5273380831087434e-05,0.13666187169833893,0.8620773470324226,10,20,20
13,4414,0.0012455077752398158,1.527333799784048e-05,0.1012556411711236,0.8974835777156385,10,20,20
13,4415,0.0012455077752325516,1.5273584847269387e-05,0.09954523160686839,0.8991939870330514,10,20,20
13,4416,1.053817363524384e-05,1.0864022362162413e-09,0.10005380978491377,0.8999356509550486,10,20,20
13,4417,1.8325410502199602e-14,2.6690598308226097e-10,0.024051796742126243,0.9759482029909494,10,20,20
13,4418,6.556123035376685e-15,3.2558701178403603e-10,0.025234188577614974,0.9747658110967915,10,20,20
13,4419,3.559271978232468e-15,4.522423405915924e-12,0.0002392229673609616,0.9997607770281132,10,20,20
13,4420,1.5678738674865663e-14,6.778160366156187e-10,0.0025387344323794647,0.9974612648897889,10,20,20
13,4421,4.367995914624001e-15,2.788124830993687e-12,0.0002519841264330263,0.9997480158707746,10,20,20
13,4422,1.6971530228929857e-15,3.804907579742199e-12,0.004713826866170121,0.9952861731300235,10,20,20
13,4423,2.598117834831644e-10,4.0487099092223966e-12,0.09684902333232884,0.9031509764038106,10,20,20
13,4424,0.00018557688694194124,4.120661384969223e-06,0.10210738011406292,0.8977029223376103,10,20,20
13,4425,0.00018557668702632219,4.210192036428488e-06,0.17176195135828126,0.8280482617626562,10,20,20
13,4426,1.9650120867150633e-13,3.754763706425518e-05,0.1733525660827722,0.8266098862799666,10,20,20
13,4427,8.226694211891548e-09,1.8777312970545776e-09,0.10294111913612973,0.8970588707594442,10,20,20
13,4428,8.226734533307936e-09,1.913005504243649e-09,0.10598461111965618,0.8940153787406036,10,20,20
13,4429,8.226707435633213e-09,3.334559644747042e-10,0.12975434877935707,0.8702456426604794,10,20,20
13,4430,0.001599640201657617,1.842093301776372e-07,0.1336287939266561,0.8647713816623561,10,20,20
13,4431,8.056855155909398e-10,7.464907353370351e-09,0.07669745101329735,0.9233025407161095,10,20,20
13,4432,1.141158472249746e-16,6.582197787417447e-13,0.029607675765671283,0.9703923242336703,10,20,20
13,4433,5.450346738965459e-18,1.844651134310787e-12,0.0014683630927315974,0.9985316369054237,10,20,20
13,4434,1.1515207915258391e-15,1.8389613135321623e-12,0.041505609586179056,0.9584943904119811,10,20,20
13,4435,3.643435571983911e-16,1.049264626749363e-10,0.041674255019998496,0.9583257448750746,10,20,20
13,4436,8.003843222360923e-15,6.2501227970589335e-12,0.0420742789126569,0.9579257210810852,10,20,20
13,4437,6.765914747755364e-15,1.3330368200120289e-11,0.0027895086207857587,0.9972104913658771,10,20,20
13,4438,6.523552975909525e-15,3.403108437769105e-08,0.0028358439698814505,0.9971641219990277,10,20,20
13,4439,6.550085101926655e-15,3.402914110857567e-08,0.002144053559014055,0.9978559124118384,10,20,20
13,4440,6.565103773870461e-15,2.2168895368038866e-13,0.0026455032421112403,0.9973544967576604,10,20,20
13,4441,1.0385657758416453e-13,8.225475127040649e-14,0.00021212729754004905,0.9997878727022741,10,20,20
13,4442,1.7698662025174486e-15,2.415361330109715e-07,0.082661886531083,0.917337871932782,10,20,20
13,4443,4.386256766951888e-15,3.7267304167383307e-10,0.004832144968665896,0.9951678546586568,10,20,20
13,4444,3.915383499335971e-10,3.892781632885798e-09,0.030790062344284035,0.9692099333713962,10,20,20
13,4445,1.5421038441180727e-17,2.6096164120617723e-12,0.0019556700994250134,0.9980443298979654,10,20,20
13,4446,9.689985300699042e-16,4.377898188492913e-10,0.0009692023921552162,0.999030797170054,10,20,20
13,4447,7.154077775469228e-17,1.2891982035583553e-12,0.0008903439243067351,0.999109656074404,10,20,20
13,4448,1.185672437732928e-12,1.0595831759117645e-12,0.0008676977469337934,0.999132302250821,10,20,20
13,4449,1.7035066151379293e-17,1.6543732477739955e-13,9.149263147503864e-05,0.9999085073683596,10,20,20
13,4450,1.2194175015617848e-14,3.556104118214922e-12,0.003000301552563495,0.996999698443868,10,20,20
13,4451,2.291295632852662e-18,7.261802624094434e-11,0.0001852819918107696,0.999814717935571,10,20,20
13,4452,1.9396740077038708e-17,6.115449880191024e-12,0.006519462452867972,0.9934805375410166,10,20,20
13,4453,6.249130455708858e-10,5.1235307179031735e-11,0.005583693897477071,0.9944163054263747,10,20,20
13,4454,2.1813843745543203e-11,2.8724777261120326e-12,0.0019408516981700992,0.9980591482771434,10,20,20
13,4455,4.780933842222284e-15,4.737769277293583e-10,0.06450209286149552,0.9354979066647229,10,20,20
13,4456,4.190503574721292e-15,5.088287787525371e-10,0.06713178265184762,0.9328682168393193,10,20,20
13,4457,8.851652902208511e-18,1.300172928006352e-10,0.009834422822265348,0.9901655770477173,10,20,20
13,4458,5.110236626045913e-13,7.578864085628255e-07,0.06800610689034142,0.9319931352227387,10,20,20
13,4459,7.07315768185288e-14,7.578855898530056e-07,0.0385207396930865,0.961478502421253,10,20,20
13,4460,9.959300843549226e-16,1.1756515682561311e-09,0.07188423557489922,0.928115763249448,10,20,20
13,4461,1.0189891787667293e-15,3.191147929538313e-11,0.0033526314526096876,0.9966473685154777,10,20,20
13,4462,9.948066046562634e-16,3.0055713670141954e-11,0.002226002484033476,0.9977739974859098,10,20,20
13,4463,2.4730076103393524e-17,2.985639176278423e-11,0.0001260827238338747,0.9998739172463097,10,20,20
13,4464,9.616183930399314e-15,4.896899370455555e-10,0.0031560550373972277,0.9968439444729033,10,20,20
13,4465,4.678971843870239e-13,1.5657836020302852e-12,0.006341460512003881,0.9936585394859623,10,20,20
13,4466,3.293351369080889e-16,4.2925014487122797e-13,0.0012574477237199937,0.9987425522758503,10,20,20
13,4467,1.3177456891310142e-10,3.8533267260638893e-13,0.006314490497721609,0.9936855093701183,10,20,20
13,4468,1.1753077118457189e-14,4.975338196993467e-10,0.0012228871938622448,0.9987771123085922,10,20,20
13,4469,9.078680505256737e-18,6.190105835914079e-10,0.0017572903324011482,0.9982427090485881,10,20,20
13,4470,3.801706105807434e-15,2.994600337936421e-13,0.04771896724726664,0.9522810327524299,10,20,20
13,4471,2.2595826231988398e-13,8.614729720189829e-13,0.0018985320277173207,0.9981014679711953,10,20,20
13,4472,2.2649661459101895e-17,5.011116828437047e-12,0.003246918786200495,0.9967530812087884,10,20,20
13,4473,2.0671822203569722e-17,6.489498517799444e-12,0.004879739708148868,0.9951202602853616,10,20,20
13,4474,3.725445615514828e-15,1.1634625167731675e-09,0.00167153371019402,0.9983284651263397,10,20,20
13,4475,2.035015984719927e-12,5.087460753447835e-09,0.10480171634089716,0.8951982785696069,10,20,20
13,4476,3.721869500582818e-15,7.980392630274648e-05,0.10002551244489395,0.8998946836287993,10,20,20
13,4477,9.671974349567766e-13,0.03183857909566135,0.06828211915901386,0.8998793017443576,10,20,20
13,4478,3.414208076493768e-06,9.47944313545582e-11,0.1038076390733298,0.8961889466237993,10,20,20
13,4479,0.0017374764402915805,0.0011472356316591188,0.09998933690872489,0.8971259510193244,10,20,20
13,4480,1.0437025059910763e-06,7.107942456086546e-09,0.03349940618020384,0.9664995430093477,10,20,20
13,4481,2.3795533887862108e-17,1.3544228509551017e-14,0.0001067881874972516,0.9998932118124891,10,20,20
13,4482,3.667203774100393e-14,8.099351212495456e-11,0.002279523269820393,0.9977204766491493,10,20,20
13,4483,2.654102390194523e-16,4.6475285872626396e-11,0.002650845011025915,0.9973491549424984,10,20,20
13,4484,4.382381868782657e-15,3.4259428533675067e-10,0.05343724100176213,0.9465627586556394,10,20,20
13,4485,1.966477038097656e-16,1.3219531202963468e-13,9.860711219035839e-05,0.9999013928876774,10,20,20
13,4486,4.4827362783290255e-17,6.815031098160479e-14,0.000142696849536068,0.9998573031503956,10,20,20
13,4487,1.2922484666184518e-15,1.2131736897198645e-09,0.0025332460260325505,0.9974667527607923,10,20,20
13,4488,1.1403881492851974e-13,1.2152503285266703e-09,0.003544710040831545,0.9964552887438041,10,20,20
13,4489,8.55157606003481e-16,2.3668393427801764e-10,0.004409048669416184,0.995590951093899,10,20,20
13,4490,2.5787309193960594e-15,9.883516026477081e-11,0.004346889304308046,0.9956531105968542,10,20,20
13,4491,2.339487520238607e-16,3.1929174900029583e-12,0.00014189913178510861,0.9998581008650216,10,20,20
13,4492,1.3814166927761361e-15,1.3434178096353187e-11,0.001629701432187569,0.9983702985543769,10,20,20
13,4493,2.4342643818229063e-15,7.313378018189205e-11,0.026833656015689662,0.973166343911174,10,20,20
13,4494,2.633291539481554e-18,6.94027987785515e-11,0.00246239394330933,0.9975376059872879,10,20,20
13,4495,1.5639094267680083e-16,7.383761122691212e-11,0.00022488075399982742,0.9997751191721622,10,20,20
13,4496,7.628519276875966e-14,1.3766871764373724e-10,0.0014149844581356076,0.9985850154041195,10,20,20
13,4497,9.121054416081096e-11,7.028834835679277e-08,0.041535003193563375,0.9584649264268779,10,20,20
13,4498,1.3244536327230134e-13,6.879915424499831e-10,0.06476536993285886,0.9352346293790171,10,20,20
13,4499,3.7207243260586594e-08,2.9277699064764913e-08,0.10043861883421779,0.8995613146808397,10,20,20
13,4500,1.4179011317243572e-14,5.069190771702998e-06,0.10037791207773031,0.8996170187314837,10,20,20
13,4501,1.8470150130016844e-11,5.069870865119709e-06,0.10596195257488028,0.8940329775357843,10,20,20
13,4502,7.079660964771223e-08,3.708644532161763e-08,0.10363983378977645,0.8963600583271683,10,20,20
13,4503,7.07966062371099e-08,3.753690752084047e-08,0.10132537258678857,0.8986745190796974,10,20,20
13,4504,7.077811341343203e-08,3.7093134787168354e-08,0.10018336373137318,0.8998165283973785,10,20,20
13,4505,7.0778115842928e-08,3.7204524222903915e-08,0.10058335578530453,0.8994165362320554,10,20,20
13,4506,7.078296158866717e-08,3.7086926545634805e-08,0.10007862250732694,0.8999212696227847,10,20,20
13,4507,1.7539945775974e-11,7.055026058600214e-06,0.10233326279013388,0.8976596821662675,10,20,20
13,4508,3.306016488223818e-11,7.001791716198383e-06,0.1008434560450158,0.8991495421302078,10,20,20
13,4509,3.091951849001904e-14,7.001659419747809e-06,0.1019128420705802,0.8980801562699691,10,20,20
13,4510,2.5976088945242587e-12,0.00017119139055060247,0.10520190839218964,0.8946269002146618,10,20,20
13,4511,1.9715918803661847e-07,9.117987965405143e-08,0.11980873849389939,0.8801909731670321,10,20,20
13,4512,3.6168010036798e-07,2.9926721234844524e-10,0.09726961976974188,0.9027300182508906,10,20,20
13,4513,9.155050669201656e-06,1.385043224968713e-07,0.20306286828707992,0.7969278381579278,10,20,20
13,4514,0.003264389580940865,2.1474870857666849e-07,0.19300285850822646,0.8037325371621241,10,20,20
13,4515,0.003264389580990024,2.147404072123195e-07,0.22535739247070902,0.7713780032078927,10,20,20
13,4516,0.0032643895809724025,2.803782487214222e-07,0.27351679988810407,0.7232185301526735,10,20,20
13,4517,0.00017401824564959367,6.56922722220384e-08,0.19965608147432615,0.8001698345877516,10,20,20
13,4518,2.1318578180607254e-09,3.305801560112705e-07,0.19987500578665274,0.8001246615013337,10,20,20
13,4519,4.7366833937287014e-15,0.09998972042569769,0.09832750125531131,0.8016827783189864,10,20,20
13,4520,1.1288036232788685e-16,0.09999942048877994,0.10096996104104317,0.7990306184701766,10,20,20
13,4521,1.1248690402335151e-15,0.09990165680109861,0.10009129708413951,0.8000070461147608,10,20,20
13,4522,1.3625569779348825e-13,0.09996516730101229,0.10333264934760059,0.7967021833512508,10,20,20
13,4523,3.173177287156123e-07,0.0999918154415615,0.16793009702797018,0.7320777702127396,10,20,20
13,4524,2.839142326171991e-17,0.09695466604846029,0.003978700399790736,0.8990666335517489,10,20,20
13,4525,1.211892853712857e-12,0.09896148151478563,0.0031778901206807007,0.8978606283633217,10,20,20
13,4526,1.937554835775608e-14,0.09952940066634561,0.004568387849708155,0.895902211483927,10,20,20
13,4527,3.6088564915669465e-16,0.0990880382331027,0.07704382981082204,0.8238681319560748,10,20,20
13,4528,3.481944006661668e-16,0.09908803616408444,0.0031068871672949566,0.8978050766686202,10,20,20
13,4529,1.8198418307748975e-12,0.09923151668175126,0.037698385957257885,0.863070097359171,10,20,20
13,4530,5.989520159191129e-16,0.09325015004634754,0.08073383438012928,0.8260160155735224,10,20,20
13,4531,2.411744696524725e-16,0.04954332242628979,0.08767389973802325,0.8627827778356867,10,20,20
13,4532,8.2426863787192e-14,0.049543395966442014,0.09014666338690272,0.8603099406465728,10,20,20
13,4533,3.259243609440428e-14,0.09988698628801837,0.1337128050921727,0.7664002086197763,10,20,20
13,4534,3.057550781397857e-15,0.0997815203951744,0.03434339285086906,0.8658750867539535,10,20,20
13,4535,3.0603204381150673e-15,0.09978152042060714,0.03445125321955274,0.8657672263598372,10,20,20
13,4536,7.699676540436174e-18,0.0999086146184767,0.003563389909802655,0.8965279954717207,10,20,20
13,4537,2.318988509930829e-13,0.09999306332731137,0.09762866034829101,0.8023782763241656,10,20,20
13,4538,8.285760463630154e-14,0.09975179480623805,0.10041575774556495,0.7998324474481141,10,20,20
13,4539,4.256105392139796e-11,0.08069672339399277,0.12078688711261118,0.7985163894508347,10,20,20
13,4540,7.104319396077012e-05,0.0890604368913314,0.11098559809706184,0.7998829218176458,10,20,20
13,4541,7.104319454555129e-05,0.10443352438558359,0.09736516098437663,0.7981302714354943,10,20,20
13,4542,1.1022973544576277e-06,0.09572658796086693,0.1074661657402455,0.7968061440015332,10,20,20
13,4543,5.941361545768746e-15,0.09573338926830746,0.1038408591728038,0.8004257515588827,10,20,20
13,4544,1.139532392066647e-14,0.10000670934990778,0.10192923098385229,0.7980640596662283,10,20,20
13,4545,1.1197825048912185e-14,0.09991096019275617,0.20030229265943816,0.6997867471477942,10,20,20
13,4546,8.658534942400773e-15,0.09739595322952467,0.100585386588073,0.8020186601823935,10,20,20
13,4547,7.135227186167974e-10,0.07383623427056303,0.12730889183924293,0.7988548731766714,10,20,20
13,4548,3.802068918883553e-11,0.06813226229971162,0.13605923736469133,0.7958085002975765,10,20,20
13,4549,4.0509887276628576e-14,0.06874422542277969,0.13018950702985185,0.8010662675473277,10,20,20
13,4550,1.5740492765507663e-11,0.09998415916040052,0.10113863387043379,0.7988772069534251,10,20,20
13,4551,0.0027934111331605945,0.09999622161260804,0.09779640383373246,0.7994139634204989,10,20,20
13,4552,0.0011597774163627918,0.09916912520565131,0.10052072238801568,0.7991503749899701,10,20,20
13,4553,1.1424769237653516e-11,0.09999770115530246,0.10089446117583231,0.7991078376574402,10,20,20
13,4554,4.274652930939776e-11,0.09999987501900418,0.10014076288920155,0.7998593620490476,10,20,20
13,4555,7.600125727148015e-05,0.08052527567601764,0.12215363535253239,0.7972450877141785,10,20,20
13,4556,0.08292303790860338,0.09806689001510968,0.026420838319305473,0.7925892337569814,10,20,20
13,4557,0.08292303790860066,0.09999918776492014,0.08443470509685637,0.7326430692296226,10,20,20
13,4558,3.181259643381902e-05,0.10057452733695357,0.07426754470597055,0.825126115360642,10,20,20
13,4559,3.181259642987416e-05,0.10056913455114466,0.06883217857297416,0.8305668742794513,10,20,20
13,4560,7.548357411503158e-16,0.09999824959182983,0.020208950880171807,0.8797927995279975,10,20,20
13,4561,3.3062229261595354e-15,0.07130396997379942,0.030466452126789546,0.8982295778994075,10,20,20
13,4562,2.9531456778030767e-05,0.09993137422065848,0.10191526923114118,0.798123825091422,10,20,20
13,4563,3.217393363392956e-10,0.09972592924089727,0.06590990151855199,0.8343641689188115,10,20,20
13,4564,9.908838114687106e-14,0.0999980630769446,0.1592690494973327,0.7407328874256234,10,20,20
13,4565,1.0178864597345244e-13,0.09998943753681246,0.042648175635337196,0.8573623868277483,10,20,20
13,4566,1.2642729468894946e-13,0.09764931132108921,0.002483078378675338,0.8998676103001089,10,20,20
13,4567,1.8274392836875157e-11,0.09974570806787716,0.005740519890163277,0.8945137720236849,10,20,20
13,4568,4.789018089806143e-16,0.09999406152005938,0.018558671792511285,0.8814472666874286,10,20,20
13,4569,1.460626024221498e-11,0.0999681379851621,0.11385263165376788,0.7861792303464639,10,20,20
13,4570,1.4609269537181055e-11,0.09990660896539642,0.04151385035649159,0.8585795406635024,10,20,20
13,4571,1.1777241204851705e-15,0.09979300083692565,0.0013652796677055693,0.8988417194953676,10,20,20
13,4572,7.526391914101105e-12,0.09979300866519435,0.03382774389844783,0.8663792474288314,10,20,20
13,4573,7.52698074289811e-12,0.09979300472835131,0.07317112476980168,0.82703587049432,10,20,20
13,4574,9.027054740157584e-12,0.09979300481863448,0.06992798217725768,0.8302790129950808,10,20,20
13,4575,1.2887144979293833e-15,0.09997927550216867,0.0004676880293684146,0.8995530364684615,10,20,20
13,4576,8.923680024761676e-16,0.09999125069707115,0.00015329662048727916,0.8998554526824407,10,20,20
13,4577,4.945122146156785e-12,0.06763311439893392,0.03797515331149635,0.8943917322846244,10,20,20
13,4578,2.1640930932878772e-16,0.09969248884881213,0.0036746943244219525,0.8966328168267657,10,20,20
13,4579,4.4294860968632733e-13,0.09969248879701598,0.0016452589703587193,0.8986622522321822,10,20,20
13,4580,8.999247411901442e-14,0.09969248884306584,0.0020720930137986056,0.8982354181430454,10,20,20
13,4581,3.897115105496405e-13,0.09978679844328561,0.00024835318528484827,0.8999648483710398,10,20,20
13,4582,3.1782432594966767e-15,0.09931025098646354,0.00585961957903185,0.8948301294345015,10,20,20
13,4583,7.022028119012767e-13,0.09931025098705834,0.0026376841517827534,0.8980520648604567,10,20,20
13,4584,6.554413076251558e-10,0.09931025098459759,0.09590147788041024,0.8047882704795508,10,20,20
13,4585,4.4745697554389835e-08,0.0993106830569256,0.10375014891074949,0.7969391232866271,10,20,20
13,4586,4.47460953256243e-08,0.09977982694586127,0.10207793214901248,0.7981421961590309,10,20,20
13,4587,4.4745692107280995e-08,0.09691474099319222,0.10321008074731408,0.7998751335138016,10,20,20
13,4588,1.353613702132413e-05,0.09964327433069874,0.10058581245562259,0.7997573770766578,10,20,20
13,4589,1.3536137023191839e-05,0.09943805697257455,0.10243619210695083,0.7981122147834516,10,20,20
13,4590,5.332182079021854e-06,0.15257287328959493,0.04842596298759224,0.7989958315407341,10,20,20
13,4591,2.0576760819893595e-15,0.19998403456546143,0.0009380240374470269,0.7990779413970894,10,20,20
13,4592,3.512986598571109e-11,0.19977270775258688,0.003518929571349231,0.7967083626409341,10,20,20
13,4593,3.512846108506155e-11,0.19986739310267945,0.002373112807723951,0.7977594940544681,10,20,20
13,4594,3.5128441191156674e-11,0.19969699830634752,0.0003248489669028612,0.7999781526916211,10,20,20
13,4595,4.1714815318387683e-13,0.19859526617206033,0.0014670222715227567,0.7999377115559997,10,20,20
13,4596,4.2698351141766716e-13,0.13554821496904648,0.06886796062865039,0.7955838244018759,10,20,20
13,4597,3.30098771660142e-15,0.19989768059982943,0.026287497655851793,0.7738148217443154,10,20,20
13,4598,6.298813180504922e-15,0.19989768115591838,0.06607775747428377,0.7340245613697917,10,20,20
13,4599,2.316421482008327e-12,0.1596787089320102,0.048101815868920934,0.7922194751967524,10,20,20
13,4600,2.308601766841615e-12,0.19983895613973615,0.0037083160569801967,0.796452727800975,10,20,20
13,4601,2.1565430924512168e-11,0.19492149967105507,0.022202875621341923,0.7828756246860376,10,20,20
13,4602,1.925663878543918e-11,0.1999856809098426,0.02032873678488061,0.7796855822860201,10,20,20
13,4603,1.9981021190377227e-11,0.16140552546018855,0.059899828802619626,0.7786946457172107,10,20,20
13,4604,1.435084066533869e-13,0.19877895897045036,0.02242197673528267,0.7787990642941234,10,20,20
13,4605,1.7235433930890773e-15,0.1997711038228072,0.038996123050482126,0.7612327731267089,10,20,20
13,4606,5.989426681104231e-15,0.19977110382275268,0.0013794652317331616,0.7988494309455082,10,20,20
13,4607,3.4412119504153523e-13,0.19996898497350188,0.04873034266314996,0.7513006723630038,10,20,20
13,4608,3.024935986477185e-11,0.1966611132956651,0.006231015503896511,0.7971078711701892,10,20,20
13,4609,8.728829904628179e-13,0.19923488666540232,0.019863361688516122,0.7809017516452089,10,20,20
13,4610,9.81273869877925e-12,0.19566680297223943,0.03616584582898186,0.7681673511889661,10,20,20
13,4611,6.672351464516253e-13,0.19994580974792764,0.0013624851629011807,0.7986917050885038,10,20,20
13,4612,6.739532789189353e-13,0.1999615885774871,6.272960631726137e-05,0.7999756818155215,10,20,20
13,4613,5.770701873520392e-14,0.19987022121142206,0.0022380847246780376,0.797891694063842,10,20,20
13,4614,2.6944682488386533e-15,0.1999035057352258,0.0011384770135261103,0.7989580172512454,10,20,20
13,4615,2.1694412831606677e-16,0.19994094998309603,0.002372077597258473,0.7976869724196451,10,20,20
13,4616,2.917599113995345e-16,0.19994095049746055,0.14201475911986988,0.6580442903826689,10,20,20
13,4617,1.3495545812414661e-12,0.10352303763718913,0.17047959964099543,0.7259973627204657,10,20,20
13,4618,6.3544809595843655e-15,0.18968910511032605,0.04938410124490257,0.7609267936447649,10,20,20
13,4619,6.574401483641946e-15,0.17528644371184177,0.059101246362763614,0.765612309925388,10,20,20
13,4620,7.2544099619624e-15,0.1893631068403892,0.04254344623468125,0.7680934469249223,10,20,20
13,4621,1.786111727824655e-17,0.19998608256203773,0.0020361866428861434,0.7979777307950762,10,20,20
13,4622,4.4123992074690606e-14,0.1999745340205409,0.02635527677985015,0.7736701891995648,10,20,20
13,4623,4.325682233137009e-14,0.1793529520813496,0.10933779829201869,0.7113092496265885,10,20,20
13,4624,1.2637054412792746e-12,0.19570851158802638,0.03486743217330408,0.7694240562374057,10,20,20
13,4625,5.895134170075905e-14,0.19941660495708463,0.0020355740719657373,0.7985478209708904,10,20,20
13,4626,5.649293960787019e-15,0.1870514823763755,0.01448547239243007,0.7984630452311887,10,20,20
13,4627,4.6686803625233384e-12,0.15966443554462154,0.04535542551951449,0.7949801389311952,10,20,20
13,4628,4.684469003458527e-12,0.15993933196319654,0.08874668764145112,0.7513139803906679,10,20,20
13,4629,2.0485988421401953e-14,0.19978675997449408,0.05000562814893479,0.7502076118765506,10,20,20
13,4630,1.7036430158769664e-12,0.19972315701570442,0.006576731899476093,0.7937001110831159,10,20,20
13,4631,1.3471072939941445e-16,0.19965133102753468,0.0032732643531721757,0.7970754046192928,10,20,20
13,4632,1.0835251661915222e-10,0.19812000778573285,0.0019669553597659217,0.7999130367461486,10,20,20
13,4633,6.504986390629043e-18,0.19997683764866828,0.00020584322276600303,0.7998173191285656,10,20,20
13,4634,4.036074127029432e-13,0.19987796094223279,0.0016738188605912262,0.7984482201967721,10,20,20
13,4635,4.0350807566247677e-13,0.19997767869122254,0.0015592626637425742,0.7984630586446314,10,20,20
13,4636,3.332705563116421e-13,0.19998982144409524,0.001233377637526161,0.7987768009180453,10,20,20
13,4637,3.336882374617682e-13,0.1995278311894036,0.0005922739709822922,0.7998798948392805,10,20,20
13,4638,3.2649084276890496e-13,0.19999972287950873,0.00014735457192084677,0.7998529225482439,10,20,20
13,4639,1.7899443521269915e-11,0.1943393872431733,0.007872159993374626,0.7977884527455527,10,20,20
13,4640,3.361872479885216e-13,0.1998912854366749,0.0022846193299926637,0.7978240952329965,10,20,20
13,4641,3.1667483142336743e-12,0.1998912855123476,0.00028259423782612343,0.7998261202466594,10,20,20
13,4642,1.2012480217238709e-18,0.1865241084887183,0.0162043281735232,0.7972715633377583,10,20,20
13,4643,1.0085297328797899e-15,0.18379742996750156,0.0188776363809323,0.7973249336515649,10,20,20
13,4644,4.563663431607877e-16,0.19939110552452072,0.0018852951011185848,0.7987235993743603,10,20,20
13,4645,6.574394366228047e-15,0.19967644158431103,0.0004974202127240341,0.7998261382029584,10,20,20
13,4646,1.7731715555576645e-11,0.16816723318669208,0.03210051319955544,0.7997322535960207,10,20,20
13,4647,1.772103712752439e-11,0.1445435356834106,0.08368562340054073,0.7717708408983277,10,20,20
13,4648,1.7765512166988506e-11,0.14454353116566657,0.05903560907243248,0.7964208597441355,10,20,20
13,4649,9.49807493696733e-14,0.14592856084940187,0.05638770673550438,0.7976837324149986,10,20,20
13,4650,4.3076412207169976e-14,0.14405273714524897,0.05826875033184897,0.7976785125228588,10,20,20
13,4651,2.0710133775564006e-09,0.09809324217136736,0.1024824459333998,0.7994243098242193,10,20,20
13,4652,2.727389635261435e-08,0.09965590785411163,0.1310764692581858,0.7692675956138062,10,20,20
13,4653,1.1931616439481062e-06,0.09996817897134426,0.10081101949314035,0.7992196083738711,10,20,20
13,4654,7.829385765331786e-14,0.09998609101939723,0.10226606739514303,0.7977478415853811,10,20,20
13,4655,7.59841688031601e-14,0.09999800434889673,0.16829133534469085,0.731710660306336,10,20,20
13,4656,2.958228312892833e-10,0.005309358844894239,0.19476246527820745,0.7999281755810754,10,20,20
13,4657,5.07896170730898e-11,1.2324447563522624e-07,0.23595568493849925,0.7640441917662351,10,20,20
13,4658,7.797267172550903e-08,0.0003699003439614212,0.2461980470964215,0.7534319745869451,10,20,20
13,4659,1.905981914575267e-11,7.546909666969932e-05,0.265279095009579,0.7346454358746912,10,20,20
13,4660,5.375150934574189e-14,6.231440784948603e-10,0.2476219253494219,0.7523780740273798,10,20,20
13,4661,5.089201278331277e-09,1.1250276021811206e-07,0.2001887419810667,0.7998111404269717,10,20,20
13,4662,6.178524680496989e-08,8.862992380396182e-06,0.20302324909179617,0.796967826130576,10,20,20
13,4663,6.207617217502932e-08,8.862967738150825e-06,0.20031396629254247,0.7996771086635466,10,20,20
13,4664,7.303394322348643e-10,0.017367107732757462,0.18304532839553325,0.7995875631413697,10,20,20
13,4665,3.3626618813442717e-11,0.0002709115802588496,0.202326326660249,0.797402761725865,10,20,20
13,4666,3.575995735141051e-09,4.30971711651895e-09,0.20002461823625084,0.7999753738780359,10,20,20
13,4667,1.1016999417743491e-06,2.390261152297413e-05,0.20000368844189698,0.7999713072466379,10,20,20
13,4668,0.012492738043943553,8.595774988058086e-06,0.18754298096485422,0.7999556852162135,10,20,20
13,4669,0.012152921800713064,1.310480848509439e-06,0.18911588018032527,0.7987298875381125,10,20,20
13,4670,5.4787887437047714e-11,0.004007510052859161,0.19710984699176926,0.7988826429005835,10,20,20
13,4671,9.223034844357645e-12,9.803028854779141e-07,0.20567808286438827,0.7943209368235029,10,20,20
13,4672,5.390709049349688e-07,0.07886013232040326,0.122729437542205,0.7984098910664866,10,20,20
13,4673,2.97111661378636e-14,0.09997142332081939,0.10636555471696771,0.793663021962183,10,20,20
13,4674,4.539952189471473e-09,0.16649202211518593,0.033640219349836964,0.799867753995025,10,20,20
13,4675,4.539954885297901e-09,0.16502739097504535,0.03764599464791944,0.7973266098370803,10,20,20
13,4676,4.539863868395658e-09,0.1664423693820829,0.038863199922463156,0.79469442615559,10,20,20
13,4677,4.911469352884272e-09,0.16649471138093147,0.03464768334527926,0.7988576003623199,10,20,20
13,4678,4.5398682258947665e-09,0.15969971017474388,0.0578376763722077,0.7824626089131803,10,20,20
13,4679,1.2095515440725718e-13,0.19979863226769176,0.008830393615288982,0.7913709741168983,10,20,20
13,4680,1.9440335636475026e-17,0.1880918978145181,0.01489804199174621,0.7970100601937358,10,20,20
13,4681,5.589814708217459e-16,0.19999722237551437,0.0030849267113473382,0.7969178509131376,10,20,20
13,4682,2.745338167934831e-15,0.19999769860839794,0.000872323396121389,0.7991299779954779,10,20,20
13,4683,9.552671271494519e-17,0.18451600462886394,0.07681899812768826,0.7386649972434478,10,20,20
13,4684,5.3965866042070735e-08,0.1994097584936069,0.0021740529661069376,0.7984161345744203,10,20,20
13,4685,1.087471373883656e-09,0.09669814318238894,0.1044535846066772,0.7988482711234625,10,20,20
13,4686,1.0755227350612477e-09,0.1000002411481338,0.0999669324315028,0.8000328253448405,10,20,20
13,4687,1.075860193074961e-09,0.09990259414167754,0.13340133931404663,0.7666960654684155,10,20,20
13,4688,1.0760369095607804e-09,0.09990259414627407,0.11381510456722863,0.7862823002104603,10,20,20
13,4689,1.4791598056716525e-10,0.09958750308767166,0.10498317211557973,0.7954293246488323,10,20,20
13,4690,4.983684225970196e-10,0.09960255213931098,0.16099242287640045,0.7394050244859199,10,20,20
13,4691,4.986074725841873e-10,0.09960266681490751,0.16247631539162738,0.7379210172948576,10,20,20
13,4692,1.2336890005154519e-11,0.1346117197941808,0.06651162653968282,0.7988766536537995,10,20,20
13,4693,4.270380133116393e-13,0.09765478844900757,0.1665457143573787,0.7357994971931868,10,20,20
13,4694,4.2717828572276946e-13,0.09765467383880946,0.10014874225169065,0.8021965839090728,10,20,20
13,4695,5.631110850010923e-10,0.09999985227683919,0.0985878995104125,0.8014122476496371,10,20,20
13,4696,1.7713124307473434e-08,0.09999990023145634,0.20350458548879408,0.6964954965666251,10,20,20
13,4697,1.204606343105031e-06,0.10000177087728487,0.16679035168273224,0.7332066728336397,10,20,20
13,4698,1.2046063430101654e-06,1.919314135855558e-06,0.10284290121117597,0.8971539748683449,10,20,20
13,4699,9.189941184529475e-07,1.2343857170829969e-09,0.09923430482930853,0.9007647749421872,10,20,20
13,4700,9.189941186930303e-07,2.5329578434097067e-11,0.10158328607700129,0.8984157949035501,10,20,20
13,4701,9.190214185684369e-07,0.019007144808026948,0.08548420396268405,0.8955077322078703,10,20,20
13,4702,2.7402886345214225e-11,0.01900444190448968,0.08109681467484124,0.8998987433932661,10,20,20
13,4703,3.8316747176145197e-13,5.098795955459186e-07,0.10171305642846211,0.8982864336915588,10,20,20
13,4704,5.549747348308444e-14,4.846081458158625e-07,0.017507919705979653,0.982491595685819,10,20,20
13,4705,4.753221174910595e-15,2.4098210526281335e-12,0.0012316789920816655,0.9987683210055038,10,20,20
13,4706,2.1353452356326655e-12,5.815525855292905e-12,0.00011354809828240232,0.9998864518937669,10,20,20
13,4707,1.928864248920988e-11,4.545068973215322e-08,0.08877005810267934,0.9112298964273421,10,20,20
13,4708,2.2453767476299842e-11,1.919115071373034e-09,0.02784842489866928,0.972151573159762,10,20,20
13,4709,4.01670159287149e-12,1.9492967388186584e-08,0.032519464106594446,0.9674805163964214,10,20,20
13,4710,2.6311976696931002e-12,3.9759079334668376e-08,0.05543331465826675,0.9445666455800229,10,20,20
13,4711,2.014348321273982e-12,2.055088161086562e-08,0.024826384873238867,0.9751735945738652,10,20,20
13,4712,5.298607619444237e-14,9.133804601784108e-09,0.004911319069224796,0.9950886717969174,10,20,20
13,4713,9.907347501563863e-17,1.8540028956391726e-09,0.0031704871707335077,0.9968295109752633,10,20,20
13,4714,2.5276928945489686e-16,2.699204109012228e-11,0.00010586257315832314,0.9998941373998493,10,20,20
13,4715,4.491154881802578e-12,4.307630563496183e-12,0.00010386264017349809,0.9998961373510277,10,20,20
13,4716,7.885277722665086e-16,4.333195311182013e-13,0.00010410165266068675,0.9998958983469052,10,20,20
13,4717,1.9993822966247578e-15,1.2299333680765361e-11,0.004008934358927857,0.9959910656287709,10,20,20
13,4718,1.6250067311018442e-13,2.0726193681129895e-10,0.030694993892488552,0.9693050059000872,10,20,20
13,4719,1.6473153515322224e-14,3.148109717596488e-12,0.029874986695053386,0.9701250133017819,10,20,20
13,4720,5.08687595200344e-17,1.996595839253803e-11,0.003236706088057581,0.9967632938919765,10,20,20
13,4721,9.160030362469549e-14,8.923296769313279e-14,0.0004075323595883226,0.9995924676402309,10,20,20
13,4722,6.141257326134101e-17,4.256606292838855e-13,7.615759314634673e-05,0.9999238424064281,10,20,20
13,4723,2.4845717744842482e-17,3.3575122554635707e-11,0.0001288232062685054,0.9998711767601561,10,20,20
13,4724,1.4648103848196916e-17,3.7597908983985615e-11,0.0002237161155675982,0.9997762838468344,10,20,20
13,4725,1.0875363837797267e-13,7.54128113195416e-12,0.013936135631635949,0.9860638643607139,10,20,20
13,4726,1.1117490379449537e-13,9.104687996902464e-12,0.01459991288715842,0.9854000871036259,10,20,20
13,4727,1.1125509657997356e-13,3.572555570852992e-11,0.017578207023236033,0.9824217929409274,10,20,20
13,4728,3.516886997298422e-14,9.98045038035904e-11,0.008593868008445896,0.9914061318917146,10,20,20
13,4729,3.615656669534933e-14,9.021682451413286e-06,0.05661862679573384,0.9433723515217786,10,20,20
13,4730,5.325634633047808e-16,9.953350158751833e-11,0.0017020450757332054,0.9982979548247328,10,20,20
13,4731,1.5219913591261277e-16,3.874583953246215e-11,0.004157063424207174,0.995842936537047,10,20,20
13,4732,7.44145085813759e-15,3.8814128193407065e-11,0.034812462345857144,0.9651875376153214,10,20,20
13,4733,7.357757193535253e-15,6.819111093299881e-13,0.002927116184760823,0.99707288381455,10,20,20
13,4734,1.4971964266842253e-16,8.02161025336418e-11,0.09252174330639808,0.9074782566133857,10,20,20
13,4735,1.4199710122660302e-13,9.455761655500211e-11,0.00016035405075121863,0.9998396458545491,10,20,20
13,4736,1.1005182365406833e-16,1.1992886044883103e-10,0.00031499399868272285,0.9996850058813882,10,20,20
13,4737,3.020991918253118e-16,6.22240923591905e-11,0.0003199401042423572,0.999680059833533,10,20,20
13,4738,1.7245451226387366e-12,1.8579073012249761e-09,0.14146319992709006,0.8585367982132779,10,20,20
13,4739,1.7241401423840197e-12,1.956286133937327e-09,0.14151939035580535,0.8584806076861844,10,20,20
13,4740,1.767654670845018e-12,6.041901921126329e-08,0.14089333350384908,0.8591066060753644,10,20,20
13,4741,4.297374199983247e-14,6.011538283222812e-08,0.09596870667726969,0.9040312332073045,10,20,20
13,4742,2.31626133492873e-10,6.013256078057647e-08,0.09605581670081242,0.9039441229350006,10,20,20
13,4743,1.1941772087188816e-12,6.018992858974799e-08,0.09685265363782544,0.9031472861710517,10,20,20
13,4744,2.4577915797488836e-15,4.3902234378879726e-07,0.09935776472578191,0.9006417962518718,10,20,20
13,4745,7.56126789693e-16,2.503981740685469e-09,0.0008109262111264187,0.999189071284891,10,20,20
13,4746,1.48679121169643e-13,6.134341417023811e-11,0.000180138676380562,0.9998198612621275,10,20,20
13,4747,1.8585188953986062e-16,1.246803498831842e-10,0.0012240325640402226,0.9987759673112793,10,20,20
13,4748,4.628520136468723e-16,1.2024450635994332e-10,0.024216287339230473,0.9757837125405245,10,20,20
13,4749,2.5169706678827936e-17,2.880625338980707e-12,0.1010257548211589,0.8989742451759601,10,20,20
13,4750,2.475795224710012e-13,6.108135720391806e-12,0.13638208047011288,0.8636179195235313,10,20,20
13,4751,1.1271747036065293e-15,1.6422446300053095e-11,0.041186991785446464,0.9588130081981301,10,20,20
13,4752,2.6364369217657346e-12,7.839643112308735e-13,9.159203054139277e-05,0.9999084079660385,10,20,20
13,4753,5.743745350007462e-16,2.233006641215566e-11,0.004193327869239092,0.9958066721084302,10,20,20
13,4754,2.1207341322456634e-14,2.2261899507473842e-11,0.05640063278748954,0.9435993671902274,10,20,20
13,4755,2.9056489772579024e-14,2.191277830758716e-09,0.0393375207735182,0.9606624770351747,10,20,20
13,4756,9.83865930242677e-16,1.481894046155014e-10,0.0029598454315246567,0.997040154420285,10,20,20
13,4757,2.551162314491276e-17,1.4800471134522072e-10,0.00288411644906115,0.9971158834029341,10,20,20
13,4758,3.7159437326569516e-16,1.5068338371308158e-10,0.005768422222272406,0.9942315776270438,10,20,20
13,4759,1.0773276565344265e-15,1.7765231520667573e-10,0.0036008993646573237,0.9963991004576895,10,20,20
13,4760,4.431110216530347e-15,1.2093431303367236e-11,0.0350511468126518,0.9649488531752504,10,20,20
13,4761,6.467993466962518e-15,8.170155781550152e-12,0.004962005016579776,0.9950379949752437,10,20,20
13,4762,2.663465823402488e-15,5.532876495791923e-12,0.005358926323359001,0.9946410736711057,10,20,20
13,4763,1.2658388456785253e-14,4.6045937346712754e-07,0.06198016712365575,0.9380193724169581,10,20,20
13,4764,1.0094554009770127e-09,3.0601706047727525e-08,0.03895740122882366,0.9610425671600149,10,20,20
13,4765,1.0094478292285707e-09,7.394475675481974e-11,0.036657016890408706,0.9633429820261986,10,20,20
13,4766,1.9624275084901427e-16,2.862138467072589e-12,0.008110575656582141,0.9918894243405555,10,20,20
13,4767,5.926796750930623e-13,1.022173137453563e-12,5.613310763137008e-05,0.9999438668907537,10,20,20
13,4768,5.957973795274371e-16,5.168728238024789e-09,0.00374095073418189,0.9962590440970894,10,20,20
13,4769,3.5381905874010524e-12,5.2000013952899565e-09,0.006227166470952119,0.9937728283255082,10,20,20
13,4770,3.5381717880167947e-12,5.216351303151209e-09,0.008964623706849981,0.9910353710732606,10,20,20
13,4771,8.795468804561977e-13,6.0511715218354985e-09,0.0036746843121681404,0.9963253096357809,10,20,20
13,4772,5.018197003005724e-16,1.1293623497187508e-09,0.0015094058408998195,0.9984905930297371,10,20,20
13,4773,3.03127293573497e-12,1.2010222840862944e-09,0.09912463962753543,0.9008753591684109,10,20,20
13,4774,3.032337006627514e-12,1.0288190133898128e-11,0.09956573007281563,0.9004342699138637,10,20,20
13,4775,3.0299106321700305e-12,4.87513558668809e-10,0.0016193731564835422,0.9983806263529729,10,20,20
13,4776,5.71954508321023e-13,8.690900263360341e-11,0.005231450812788937,0.9947685490997301,10,20,20
13,4777,1.7121213989812644e-17,8.662882350609301e-11,0.05058918639005944,0.9494108135233115,10,20,20
13,4778,1.564593297615577e-10,1.6853616539957724e-10,0.09643141633017399,0.9035685833448308,10,20,20
13,4779,1.7128475488149773e-10,6.311471529009194e-09,0.14892121630438762,0.8510787772128561,10,20,20
13,4780,1.712840151163005e-10,6.254839591522897e-09,0.10499166734402318,0.8950083262298534,10,20,20
13,4781,1.5339989984571946e-13,4.40159650345433e-06,0.10149944969486732,0.8984961487084757,10,20,20
13,4782,8.921496310604366e-10,0.002143112149749017,0.06223091960954104,0.9356259673485603,10,20,20
13,4783,8.92398383533007e-10,0.002143112006072976,0.09384419772423748,0.9040126893772908,10,20,20
13,4784,8.921481417746204e-10,0.0021431121694872666,0.060270608903155595,0.9375862780352089,10,20,20
13,4785,8.371928939892163e-10,2.752002551636175e-09,0.0006577595004575874,0.9993422369103468,10,20,20
13,4786,8.459674014140775e-14,1.5872968787358013e-10,0.0002916839548721893,0.9997083158863134,10,20,20
13,4787,1.3192413996275318e-14,5.504309915814255e-11,0.00017137437385259286,0.9998286255710912,10,20,20
13,4788,1.3868246966949113e-13,2.386119801789527e-12,0.00010103323459461676,0.9998989667628806,10,20,20
13,4789,7.472700900310513e-15,2.712610459527039e-12,5.479662449703385e-05,0.9999452033727829,10,20,20
13,4790,3.9833727980465203e-16,1.4496736779814618e-12,0.0011212026939753984,0.9988787973045744,10,20,20
13,4791,5.9447165307157595e-15,4.996562050116581e-14,0.001049031773259503,0.9989509682266844,10,20,20
13,4792,1.0370551649006099e-15,3.385287378851234e-14,0.0033847894075633668,0.9966152105924015,10,20,20
13,4793,1.1411664246035432e-16,1.4635731958185363e-11,0.003476671062498885,0.9965233289228653,10,20,20
13,4794,5.0770974265451284e-18,3.096168983119726e-13,0.00013813079870171133,0.9998618692009889,10,20,20
13,4795,1.5226892039599643e-14,4.383588702402091e-13,0.00011079000075709603,0.9998892099987893,10,20,20
13,4796,4.255384645645997e-14,6.255188788761707e-11,0.003662856066377665,0.9963371438710279,10,20,20
13,4797,3.386962947491243e-11,2.1909225662773954e-12,0.019194398610325507,0.9808056013536139,10,20,20
13,4798,6.558178151698377e-13,7.379031439538177e-11,0.004193315226320406,0.9958066846992335,10,20,20
13,4799,1.5895358071795211e-10,3.874263068852034e-09,0.004276655685276458,0.9957233402815067,10,20,20
13,4800,4.8325717863086e-16,6.082575776437201e-11,0.00890473546817854,0.9910952644709953,10,20,20
13,4801,8.279598082273743e-15,9.799982914289859e-11,0.001446127647288862,0.998553872254703,10,20,20
13,4802,2.422088072501506e-16,3.457800610073645e-12,0.0013792334506025849,0.9986207665459392,10,20,20
13,4803,5.185264364034668e-17,7.666321252419243e-11,0.004570746785200615,0.9954292531381359,10,20,20
13,4804,8.874238162766146e-14,6.320066214885633e-11,0.00444739234357823,0.9955526075931325,10,20,20
13,4805,6.700461194330548e-17,8.587279516254965e-13,0.002281502607004303,0.9977184973921369,10,20,20
13,4806,1.3961691968598445e-13,9.675826395796699e-11,0.008191400659504845,0.9918085992435973,10,20,20
13,4807,8.163355488486224e-16,2.3447799302782718e-12,0.0012909817151051516,0.9987090182825493,10,20,20
13,4808,5.232620078183146e-15,1.3547044195452425e-10,0.0011360142739333967,0.9988639855905909,10,20,20
13,4809,5.2261933525967045e-15,2.6357383023959193e-09,0.001728419642441969,0.9982715777218145,10,20,20
13,4810,5.1162094986452546e-14,1.3724158060947204e-10,0.002528734927386947,0.9974712649353205,10,20,20
13,4811,1.1266500679061862e-10,1.9519569305747806e-10,0.02356762121547351,0.9764323784766656,10,20,20
13,4812,1.1261910736095912e-10,9.39074392328401e-11,0.021916958345722635,0.9780830414477508,10,20,20
13,4813,9.976357123300731e-14,1.8578763529643428e-10,0.004804829546684696,0.9951951702674279,10,20,20
13,4814,4.911021949335614e-17,6.668055287295491e-09,0.008762712776862528,0.9912372805550822,10,20,20
13,4815,4.031027625886787e-16,5.349581341641288e-09,0.0008145972762536888,0.9991853973741647,10,20,20
13,4816,1.3544567172766667e-12,5.931020112589499e-09,0.023384565784613183,0.9766154282830122,10,20,20
13,4817,4.416381667341641e-14,3.0366915648802767e-10,0.0020082749298961215,0.9979917247663905,10,20,20
13,4818,6.488299764040991e-14,4.58464758011344e-10,0.002327018667580224,0.9976729808738902,10,20,20
13,4819,2.413229856069472e-15,9.668007385244576e-10,0.0005776799522737939,0.9994223190809229,10,20,20
13,4820,2.313527559055893e-13,8.410685787070067e-10,0.02078224530156546,0.9792177538571346,10,20,20
13,4821,2.676693358288564e-16,2.9167666886458736e-13,0.0016313828908802292,0.9983686171088278,10,20,20
13,4822,1.2179305291304853e-17,1.0119715753908634e-11,0.00393863743671415,0.996061362553166,10,20,20
13,4823,2.953995991560796e-14,5.489583029249318e-12,0.002905164862449505,0.9970948351320313,10,20,20
13,4824,7.355094084151745e-17,5.598451914041236e-12,0.00262322899561901,0.9973767709987824,10,20,20
13,4825,2.6151704834625677e-14,8.112719158830494e-09,0.0020342678678217426,0.9979657240194328,10,20,20
13,4826,6.423215010713551e-15,2.7460305994295007e-10,0.0025927139915526373,0.9974072857338377,10,20,20
13,4827,6.045585342749478e-15,1.0840117369842693e-11,0.00016289670859170982,0.9998371032805622,10,20,20
13,4828,1.1214484036382729e-12,9.815438059607742e-10,0.05358115875075621,0.9464188402665785,10,20,20
13,4829,9.73760934919676e-15,1.0631360654786949e-09,0.061033105971540914,0.9389668929653128,10,20,20
13,4830,8.457255249132559e-16,7.585101887350197e-09,0.00775548498915752,0.9922445074257398,10,20,20
13,4831,7.453845135004356e-16,9.516915872956375e-10,0.006666307856373459,0.9933336911919343,10,20,20
13,4832,5.428629481297317e-15,1.3177010752742662e-09,0.008026346343425035,0.9919736523388683,10,20,20
13,4833,7.185338080837779e-14,9.790812144204399e-08,0.1065459862593183,0.8934539158324883,10,20,20
13,4834,3.828670335635407e-09,8.270849174928874e-06,0.10806136792882173,0.8919303573933333,10,20,20
13,4835,3.828607483826574e-09,1.6428039696714712e-05,0.1079399229915933,0.8920436451401021,10,20,20
13,4836,1.2706460723134371e-12,2.5303612005546535e-06,0.10112157763926462,0.8988758919982638,10,20,20
13,4837,2.1817966823575324e-11,6.461109232880241e-05,0.1175649891426936,0.8823703997431597,10,20,20
13,4838,3.9774871022666403e-05,0.0005928044530848064,0.10867108806773076,0.8906963326081618,10,20,20
13,4839,0.0002751209310621379,0.00013244627909843627,0.09968698167369389,0.8999054511161452,10,20,20
13,4840,5.330411888676106e-08,3.0082909957047125e-06,0.10327991036025752,0.8967170280446275,10,20,20
13,4841,7.729474809468891e-05,3.2173769597404776e-10,0.10292483133805644,0.896997873592111,10,20,20
13,4842,6.83256281694945e-09,6.055826715851354e-05,0.11763108103553736,0.8823083538647412,10,20,20
13,4843,2.4938325282814275e-14,0.029601037502448947,0.08970409153522774,0.8806948709622983,10,20,20
13,4844,1.0686925828349684e-13,0.10057144353213927,0.10536465243285839,0.7940639040348954,10,20,20
13,4845,9.939342051451455e-14,0.10057144352899502,0.101030363573309,0.7983981928975965,10,20,20
13,4846,2.0255133120770233e-15,0.09591829282191995,0.12859884436719865,0.7754828628108794,10,20,20
13,4847,1.5197342531018884e-15,0.10001921425327547,0.1010575652168868,0.7989232205298361,10,20,20
13,4848,6.661108630525017e-07,0.09937510448993411,0.1016407596798203,0.7989834697193825,10,20,20
13,4849,6.661107583715437e-07,0.09999449242525137,0.10730241453370078,0.7927024269302894,10,20,20
13,4850,4.2361178409237867e-05,0.09751344150477466,0.10344806442893313,0.7989961328878828,10,20,20
13,4851,4.236117840898203e-05,0.09784173878726575,0.10228624405173689,0.7998296559825883,10,20,20
13,4852,4.236117840929173e-05,0.09998117551385143,0.11857945710049625,0.781397006207243,10,20,20
13,4853,4.236117839095886e-05,0.09998117544231551,0.10136964532084436,0.7986068180584492,10,20,20
13,4854,4.2361178414588926e-05,0.1000259044157645,0.101268080019286,0.7986636543865349,10,20,20
13,4855,8.204343298025685e-08,0.08636877323716372,0.03581171244235415,0.8778194322770488,10,20,20
13,4856,1.04659847376827e-10,0.08636877222182807,0.013785585215963129,0.8998456424575488,10,20,20
13,4857,4.696704671458982e-16,0.09971857201141622,0.003346088372944883,0.8969353396156384,10,20,20
13,4858,4.491253451585956e-16,0.09999327708169611,0.0031095044236885763,0.8968972184946148,10,20,20
13,4859,6.856743989802785e-17,0.09999327708169094,0.0031619201774046083,0.8968448027409044,10,20,20
13,4860,2.161679289566221e-13,0.0821354164412967,0.021518609346369948,0.896345974212117,10,20,20
13,4861,1.4259834108995276e-12,0.0999731436117764,0.00018209817792289612,0.8998447582088748,10,20,20
13,4862,1.5998685787848885e-11,0.09997314424781552,0.09630454790358275,0.8037223078326029,10,20,20
13,4863,1.4047052188146157e-12,0.09999183158770705,0.09410276862290048,0.8059053997879877,10,20,20
13,4864,1.0693851040892994e-13,0.09999360893317591,0.018624767695512627,0.8813816233712044,10,20,20
13,4865,1.1129917530327405e-16,0.09995867670817844,0.00019294728564492208,0.8998483760061763,10,20,20
13,4866,8.274452681155515e-14,0.09999881508531559,0.0018099009841431098,0.8981912839304584,10,20,20
13,4867,3.8434840366599284e-13,0.09993980439107573,0.0007147785836090415,0.899345417024931,10,20,20
13,4868,6.568163919898897e-15,0.09999911984957617,0.06631024733400535,0.8336906328164118,10,20,20
13,4869,7.851486499106034e-15,0.09975867590683998,0.0009997795749262333,0.8992415445182258,10,20,20
13,4870,1.8689451753372825e-14,0.0007460565845964687,0.10072288875885904,0.8985310546565255,10,20,20
13,4871,1.8859719962913034e-14,0.0007460596837592177,0.10805205629558412,0.8912018840206374,10,20,20
13,4872,1.2702882568945811e-14,0.0007460596812692345,0.10486143599949234,0.8943925043192257,10,20,20
13,4873,3.073491803506181e-11,6.462666934799816e-06,0.10012522018266401,0.8998683171196664,10,20,20
13,4874,5.677327338745401e-07,9.88450541776736e-06,0.13641947112806746,0.8635700766337809,10,20,20
13,4875,0.002952282246824757,9.328296474889808e-11,0.09717134586260277,0.8998763717972894,10,20,20
13,4876,2.9112540674496594e-15,7.305590757822621e-06,0.10009580920755923,0.8998968852016802,10,20,20
13,4877,2.9895706272005024e-06,9.478645891403324e-06,0.10157886520098128,0.8984086665825004,10,20,20
13,4878,5.181764832858253e-10,1.2658385703050923e-07,0.19359988529163366,0.8063999876063324,10,20,20
13,4879,5.182808626730678e-10,0.0002458235670194307,0.2002054716101386,0.7995487043045608,10,20,20
13,4880,5.18274221034571e-10,0.0002458235668429226,0.20069738957814906,0.799056786336734,10,20,20
13,4881,1.448557978912838e-09,0.00024573093755126736,0.19949546065185214,0.8002588069620387,10,20,20
13,4882,1.2976356804574546e-08,0.0007326764705273889,0.19954865698939847,0.7997186535637175,10,20,20
13,4883,0.0027937123920500754,0.0007326760524327019,0.19865499835348038,0.7978186132020364,10,20,20
13,4884,1.5742437520674437e-06,0.001119182929466361,0.19893759133998185,0.7999416514867995,10,20,20
13,4885,1.5742929665512677e-06,2.9233091829720517e-06,0.20008084752042885,0.7999146548774213,10,20,20
13,4886,1.5789161897445307e-06,3.159678734278815e-06,0.205141848154086,0.79485341325099,10,20,20
13,4887,1.5789161896105301e-06,3.1596790301426136e-06,0.20292515652289497,0.7970701048818853,10,20,20
13,4888,4.681611854144571e-09,1.0508072217651294e-05,0.2017058485623648,0.7982836386838054,10,20,20
13,4889,8.083783920812155e-15,4.7592854560356785e-05,0.20247900347447628,0.797473403670955,10,20,20
13,4890,1.533140657241106e-11,0.0008199555265249273,0.23274429565016233,0.7664357488079812,10,20,20
13,4891,1.8989035368446907e-12,4.7986964703493614e-05,0.20005661006598469,0.7998954029674127,10,20,20
13,4892,2.6099780586206922e-09,5.444910907793155e-07,0.19769078904620027,0.8023086638527307,10,20,20
13,4893,0.026350614250343372,6.498053533702613e-06,0.17553579586150198,0.7981070918346208,10,20,20
13,4894,3.0206455255991006e-10,2.333757087438562e-06,0.20590030261839232,0.7940973633224547,10,20,20
13,4895,0.004352699916304015,4.0056230130668036e-06,0.19287981823742392,0.802763476223259,10,20,20
13,4896,5.025895546308957e-08,2.112433121189977e-06,0.20004972392213824,0.7999481133857846,10,20,20
13,4897,1.1696314945993544e-09,2.8775216672895577e-06,0.19987483710297738,0.8001222842057235,10,20,20
13,4898,3.8265622724609096e-10,2.880047331394211e-06,0.198955303077846,0.8010418164921663,10,20,20
13,4899,6.331110001927504e-05,4.053563030180251e-05,0.20182679190156078,0.7980693613681182,10,20,20
13,4900,3.247009934794718e-07,4.0537588287420414e-05,0.20541518920783983,0.7945439485028793,10,20,20
13,4901,1.7472704291110026e-07,0.01525377299654897,0.19109359239217902,0.7936524598842287,10,20,20
13,4902,5.5106660648523555e-05,6.732612828218897e-05,0.20281093006616774,0.7970666371449011,10,20,20
13,4903,5.510666064985416e-05,6.732619749866266e-05,0.2052617504597855,0.7946158166820655,10,20,20
13,4904,5.510670601833437e-05,6.735401674177763e-05,0.3454586270167642,0.6544189122604747,10,20,20
13,4905,3.8369398657824136e-08,7.059273345579674e-05,0.3396478475651776,0.6602815213319674,10,20,20
13,4906,2.210310098738989e-08,0.05203353088770063,0.28814958389354955,0.6598168631156486,10,20,20
13,4907,7.80101287912957e-05,0.09993592937425717,0.20064707902070428,0.6993389814762474,10,20,20
13,4908,2.1367698067917953e-09,0.12325619296891328,0.17681114271423612,0.6999326621800807,10,20,20
13,4909,0.012863636450819204,0.08385587131248831,0.2033725911706658,0.6999079010660265,10,20,20
13,4910,0.012863636398221186,0.09999582104856111,0.1874158926207238,0.699724649932494,10,20,20
13,4911,0.0017143671731978695,0.0005482776065850639,0.29808783753296886,0.6996495176872474,10,20,20
13,4912,0.03459729255298248,2.38210825840711e-05,0.2827807893557514,0.682598097008682,10,20,20
13,4913,0.07931376913232661,2.641968148142302e-07,0.22408738950138035,0.6965985771694782,10,20,20
13,4914,0.0793137691320482,0.0012837822365248215,0.24056778147155064,0.678834667159877,10,20,20
13,4915,0.07929253667308717,0.0005882897622448148,0.2210294968710854,0.6990896766935817,10,20,20
13,4916,0.034873120486281814,0.000588287464908114,0.2653789026266924,0.6991596894221173,10,20,20
13,4917,1.2882947523039172e-08,0.00017076177149693775,0.29986689393900534,0.6999623314065491,10,20,20
13,4918,0.011345012202776419,1.8637613416203908e-06,0.2887440299892539,0.6999090940466277,10,20,20
13,4919,7.511877871275739e-07,0.010515123701556396,0.28957393562001,0.6999101894906461,10,20,20
13,4920,8.319762217994984e-07,0.05697009049351235,0.26039828390964753,0.6826307936206182,10,20,20
13,4921,8.989669032158541e-05,0.043449906684075924,0.25657330221963787,0.6998868944059643,10,20,20
13,4922,0.04193581003170499,0.09950878808424093,0.15858529303079372,0.6999701088532605,10,20,20
13,4923,0.04193581001727317,0.09999757299102707,0.15809513104894135,0.6999714859427579,10,20,20
13,4924,2.1098114446971122e-08,0.10006617807167757,0.19997486667869607,0.6999589341515116,10,20,20
13,4925,2.1193010103687546e-08,6.950495478267952e-05,0.30196985410182003,0.6979606197503877,10,20,20
13,4926,9.529181666659857e-11,0.000144908103207438,0.3018956926370172,0.6979593991644834,10,20,20
13,4927,9.275947299451762e-07,0.006342628113891113,0.2937886875489603,0.6998677567424187,10,20,20
13,4928,9.508569963958294e-11,2.5324276303261788e-05,0.34491888273112997,0.6550557928974807,10,20,20
13,4929,6.985085546006873e-09,0.017258537503435534,0.2502313405699126,0.7325101149415659,10,20,20
13,4930,4.0265087104155065e-12,0.017258524561312556,0.2272868994720924,0.7554545759625682,10,20,20
13,4931,7.40402433648955e-15,1.4523441908774281e-05,0.20627794683945738,0.7937075297186265,10,20,20
13,4932,7.579254464155728e-12,0.00015947863023983111,0.20130538416980612,0.798535137192375,10,20,20
13,4933,2.7153706965232214e-05,0.00015377628481327398,0.20201458867293312,0.797804481335289,10,20,20
13,4934,1.6392243831764098e-12,0.06245843217194841,0.041859054541478355,0.8956825132849339,10,20,20
13,4935,9.948188322895547e-14,0.09990745129269712,0.002609594123436136,0.8974829545837671,10,20,20
13,4936,1.3470651582445087e-13,0.099058176632609,0.004925452154293379,0.8960163712129627,10,20,20
13,4937,1.921231598460045e-14,0.09999793301712753,0.008355759720579297,0.891646307262274,10,20,20
13,4938,2.045118265133775e-12,0.09999793113824487,0.004339166578919685,0.8956629022807906,10,20,20
13,4939,5.234675782391623e-15,0.09999793109128355,0.0008570940053519256,0.899144974903359,10,20,20
13,4940,3.4081130640820786e-15,0.09999793116363574,0.045199719647369005,0.8548023491889915,10,20,20
13,4941,2.2235771543560894e-15,0.0010748279385718385,0.10079120889793329,0.8981339631634926,10,20,20
13,4942,5.992635631389381e-13,1.6082416518603868e-08,0.10021383111949808,0.8997861527974861,10,20,20
13,4943,6.021010844336525e-13,1.6412156755974502e-08,0.12173604608178012,0.878263937505461,10,20,20
13,4944,5.991748981247791e-13,1.6056527996001605e-08,0.10011213336711253,0.8998878505757603,10,20,20
13,4945,1.2515490880914788e-15,0.09669298398192608,0.003470584356360542,0.8998364316617122,10,20,20
13,4946,1.1758369405342418e-16,0.09669298398595487,0.007795559096644695,0.8955114569174004,10,20,20
13,4947,1.5439592439881037e-13,0.09669298406971129,0.0049602006469340884,0.8983468152832004,10,20,20
13,4948,4.043675303741124e-13,0.09669298398958925,0.0066862515264939845,0.8966207644835125,10,20,20
13,4949,3.420169501116287e-13,0.09669298398447648,0.0060012281585945125,0.8973057878565871,10,20,20
13,4950,1.3358070029023874e-15,0.0451682693961597,0.0550365246407871,0.8997952059630523,10,20,20
13,4951,2.8850462854393056e-11,1.4066699569511503e-06,0.10517682967420416,0.8948217636269881,10,20,20
13,4952,2.951009171436939e-11,1.4171445340538793e-06,0.1580896358293422,0.8419089469966134,10,20,20
13,4953,1.892037813164481e-09,1.0323519019285745e-09,0.10379932301075212,0.8962006740648576,10,20,20
13,4954,1.8919274725920856e-09,9.73584603856918e-10,0.10220393668485164,0.897796060449636,10,20,20
13,4955,1.3689366679247272e-13,0.0002412738508252234,0.10143359942862762,0.8983251267204102,10,20,20
13,4956,2.4020002741866548e-11,0.09851428969295488,0.04674830686407309,0.8547374034189519,10,20,20
13,4957,2.4019871635882534e-11,0.09851428969829032,0.0335746817176988,0.8679110285599909,10,20,20
13,4958,1.5615577881512197e-14,0.085205730953598,0.014864500467496067,0.8999297685788903,10,20,20
13,4959,6.530392331295078e-16,0.07362403992617597,0.027012329242024746,0.8993636308317987,10,20,20
13,4960,2.4167858051669266e-12,0.07362403992679485,0.028875125357294334,0.8975008347134941,10,20,20
13,4961,2.416819937072112e-12,0.09954319062256575,0.030623724163484512,0.869833085211533,10,20,20
13,4962,2.6610814004803526e-16,0.0991592321333,0.032153128886289614,0.8686876389804101,10,20,20
13,4963,7.020720297825227e-15,0.09915923207648117,0.03038843448031574,0.8704523334431962,10,20,20
13,4964,9.531396489805764e-16,0.09915923246558296,0.032443804773159314,0.8683969627612568,10,20,20
13,4965,3.0752080357559237e-15,0.09999992811811938,0.035420327928664216,0.8645797439532135,10,20,20
13,4966,8.778927088216604e-14,0.06530071885798802,0.04394498090142833,0.8907543002404961,10,20,20
13,4967,7.229808147041623e-12,0.06530071666594467,0.039534020213563247,0.895165263113262,10,20,20
13,4968,7.119534025427401e-12,0.0653007166682682,0.03948983352067463,0.8952094498039376,10,20,20
13,4969,9.858233380418472e-16,0.09999452333519024,0.059079451376720785,0.840926025288088,10,20,20
13,4970,6.717103682972091e-15,0.09981613453397532,0.05909907829931935,0.8410847871666984,10,20,20
13,4971,5.156632928211318e-14,0.09813395545956799,0.02332908326185835,0.8785369612785219,10,20,20
13,4972,5.4665006752844694e-15,0.09813395555195496,0.007441723854769551,0.8944243205932698,10,20,20
13,4973,2.3644388886905844e-15,0.09999388340335626,0.005538063149834426,0.894468053446807,10,20,20
13,4974,1.187798306072944e-15,0.09953555116499689,0.0019293397084516612,0.89853510912655,10,20,20
13,4975,6.3430057517442895e-15,0.0995355427069563,0.04843305334747711,0.8520314039455601,10,20,20
13,4976,3.8858458449812525e-15,0.09999562334459378,0.001595087450026895,0.8984092892053754,10,20,20
13,4977,7.465343818834506e-14,0.09999562334094335,0.02471307017424663,0.8752913064847352,10,20,20
13,4978,7.471070752873224e-14,0.09999263491549595,0.024012297765759937,0.8759950673186692,10,20,20
13,4979,1.3763931657985934e-05,2.4940424270096063e-08,0.12396965637958035,0.876016554748337,10,20,20
13,4980,3.605539287958683e-11,0.0002453985035666262,0.12312368432816401,0.8766309171322139,10,20,20
13,4981,9.368490997571688e-11,1.4569157066379014e-08,0.10040635132249776,0.8995936340146603,10,20,20
13,4982,6.243547880307841e-11,1.4568751806736503e-08,0.1004330967868663,0.8995668885819464,10,20,20
13,4983,2.7662187067540854e-13,7.497191478692958e-10,0.102955190293654,0.8970448089563499,10,20,20
13,4984,3.121547436847854e-14,3.462002504794615e-11,0.10450056051234498,0.8954994394530035,10,20,20
13,4985,2.2712830667944988e-15,3.1180427251805456e-09,0.17024196764316152,0.8297580292387936,10,20,20
13,4986,8.803845506521232e-16,2.9859419538524026e-09,0.14677280093688555,0.8532271960771715,10,20,20
13,4987,1.441814500103988e-09,7.04194173386255e-06,0.11792318074190707,0.882069775874544,10,20,20
13,4988,1.4228069014276126e-09,7.04146825211146e-06,0.1008423832859681,0.8991505738229728,10,20,20
13,4989,2.657062575376362e-10,0.00017579196060928912,0.10066272045040063,0.8991614873232836,10,20,20
13,4990,1.4493811911584938e-10,1.108344550781739e-08,0.10161949024854626,0.89838049852307,10,20,20
13,4991,2.4669757035403053e-09,0.0026029198081205076,0.09970740093796873,0.8976896767869349,10,20,20
13,4992,1.0499598899214031e-13,3.4852517736032397e-06,0.19709343213410857,0.8029030826140122,10,20,20
13,4993,2.7313829185390575e-13,3.4858908049646634e-06,0.10141958257585175,0.8985769315330698,10,20,20
13,4994,2.781662430803394e-13,3.485896779650802e-06,0.10221718285287132,0.8977793312500708,10,20,20
13,4995,1.3779891640396362e-11,6.227761842888475e-05,0.10672525491907607,0.8932124674487147,10,20,20
13,4996,7.208269748541392e-12,4.1257440389149946e-07,0.0981592560231518,0.9018403313952355,10,20,20
13,4997,7.208339381388137e-12,4.125855043384339e-07,0.10042210357756023,0.8995774838297267,10,20,20
13,4998,7.606671924083405e-12,4.125998685898271e-07,0.10054091086704678,0.8994586765254777,10,20,20
13,4999,4.90417025807156e-09,1.0264788134904412e-10,0.10317990660521185,0.89682008838797,10,20,20
13,5000,5.360032409913296e-13,4.676837369815919e-10,0.13410060861867318,0.8658993909131066,10,20,20
13,5001,4.211505619860847e-13,1.5347521700368685e-11,0.13590749257657556,0.8640925074076554,10,20,20
13,5002,4.061192288287779e-14,2.0639356608168292e-10,0.15548298559413354,0.8445170141994321,10,20,20
13,5003,2.4790227264645527e-14,2.0215435592592528e-10,0.1571524703327075,0.8428475294651134,10,20,20
13,5004,4.236790535249657e-16,5.497824991826621e-10,0.10191773731888121,0.8980822621313358,10,20,20
13,5005,2.2322206031852743e-14,2.124493525280193e-09,0.10053277459703491,0.899467223278449,10,20,20
13,5006,1.5422923535787353e-09,6.655618897164922e-10,0.10067591793010329,0.8993240798620421,10,20,20
13,5007,3.5418469707294407e-10,1.837264462633128e-09,0.10128899853588905,0.8987109992726612,10,20,20
13,5008,2.630747724292045e-08,3.559400337661541e-07,0.03166219515876657,0.9683374225937221,10,20,20
13,5009,2.2666344194795363e-15,2.6275337990325577e-12,0.0024450226021771053,0.997554977395193,10,20,20
13,5010,6.453453640458436e-15,3.8115354520714797e-11,0.006219083212045825,0.9937809167498323,10,20,20
13,5011,3.873543890609616e-12,7.49048001892267e-12,0.0021955438063869055,0.997804456182249,10,20,20
13,5012,8.120557228147283e-13,6.876316288345723e-10,0.021085418162221536,0.9789145811493347,10,20,20
13,5013,8.092563495972798e-13,6.867855683573003e-10,0.0015697596412258118,0.9984302396711794,10,20,20
13,5014,1.5556448392275604e-16,1.3345353493131006e-10,0.002066750759773134,0.9979332491067734,10,20,20
13,5015,1.2367144041077829e-15,1.854523452742881e-12,0.000538683778543031,0.9994613162196011,10,20,20
13,5016,1.8863837321510354e-15,2.202853068861218e-12,7.098416042646355e-05,0.9999290158373688,10,20,20
13,5017,1.3709547342996193e-13,1.2443991173418606e-12,0.0011779702419696272,0.9988220297566487,10,20,20
13,5018,2.1967582072991155e-15,3.468022403782308e-08,0.0032184023853019674,0.9967815629344718,10,20,20
13,5019,3.7903712173182403e-16,3.4679366494280365e-08,0.007035058394470846,0.9929649069261621,10,20,20
13,5020,2.031021276026275e-10,3.472074086136429e-08,0.031835926285345935,0.968164038790811,10,20,20
13,5021,4.291029664026909e-13,9.732515976652306e-09,0.006602872766477431,0.9933971175005774,10,20,20
13,5022,1.0179325798609355e-12,3.4421080881425144e-12,3.76032186006556e-05,0.9999623967769393,10,20,20
13,5023,6.231144062504509e-12,2.1441805153892617e-12,5.818732870891537e-05,0.9999418126629157,10,20,20
13,5024,7.956030829096242e-10,4.2029735395613686e-11,0.00046141246489895995,0.9995385866974681,10,20,20
13,5025,7.96290121176427e-10,8.16030165744936e-09,0.026466980354256493,0.9735330106891519,10,20,20
13,5026,1.3339703520080442e-16,3.0303025617311897e-12,0.004351047728376254,0.9956489522685932,10,20,20
13,5027,1.088143668262047e-15,1.6074329937784217e-10,0.10058543353908886,0.8994145663001666,10,20,20
13,5028,1.7148548808561694e-14,6.097296492423241e-10,0.10001547830919202,0.8999845210810612,10,20,20
13,5029,1.89215338081235e-20,1.6011119221077944e-10,0.09837624616969928,0.9016237536701894,10,20,20
13,5030,2.0819796655507033e-12,0.004399575486242614,0.06899708235267225,0.9266033421590034,10,20,20
13,5031,9.569913030107302e-16,9.871618093457125e-12,0.002112281406448955,0.9978877185836785,10,20,20
13,5032,5.3226972221335734e-14,1.966619471165119e-05,0.0055862597717674465,0.9943940740334677,10,20,20
13,5033,8.780403542925278e-07,2.4395260479221227e-05,0.10533794307567812,0.8946367836234884,10,20,20
13,5034,8.780403459421119e-07,2.439400712011665e-05,0.10442411349353098,0.8955506144590032,10,20,20
13,5035,8.780403505621596e-07,4.727895138033334e-06,0.10590986708397235,0.8940845269805393,10,20,20
13,5036,6.772067644899315e-11,3.5084758560684537e-10,0.10474650675366493,0.8952534928277668,10,20,20
13,5037,6.77024486843244e-11,4.746269339405181e-10,0.10489242814443293,0.8951075713132373,10,20,20
13,5038,3.5163791642171178e-15,0.0009528841762487022,0.11875406876432226,0.8802930470594255,10,20,20
13,5039,7.280298672207312e-16,0.0009528839896482254,0.09780798872590232,0.9012391272844485,10,20,20
13,5040,2.576346726008407e-13,6.573465055916138e-07,0.09914954354494283,0.9008497991082937,10,20,20
13,5041,3.255303645892854e-13,6.573475008929414e-07,0.09920096401605921,0.9007983786361142,10,20,20
13,5042,4.547882313392985e-06,0.00019251935416519556,0.10091572567314419,0.8988872070903768,10,20,20
13,5043,4.547882346535971e-06,0.00019252039074161819,0.10096140149780983,0.8988415302291017,10,20,20
13,5044,1.1390665457374766e-05,1.1631039471547508e-06,0.10230983476062028,0.8976776114699746,10,20,20
13,5045,0.00048097194612529775,3.944709903414481e-05,0.1013251463838479,0.8981544345709928,10,20,20
13,5046,6.20542698879925e-08,1.270639308168314e-07,0.10240645632987533,0.8975933545519241,10,20,20
13,5047,4.1841951519142764e-14,1.252603592089793e-07,0.04445396345017379,0.9555459112894248,10,20,20
13,5048,1.588315298473029e-13,1.5207296732226066e-10,0.0017852427559392984,0.9982147570918289,10,20,20
13,5049,2.7258349992833826e-14,8.12968133808652e-13,9.099245363037202e-05,0.9999090075455295,10,20,20
13,5050,3.130824889923063e-14,2.1829868544015827e-09,0.09912339321654305,0.9008766046004387,10,20,20
13,5051,5.746066761345842e-14,2.219987796487021e-09,0.14730293790695098,0.8526970598730035,10,20,20
13,5052,3.329939387925337e-14,8.202169990798603e-09,0.14696347701309212,0.8530365147847044,10,20,20
13,5053,6.473688128068538e-14,8.081847374092313e-09,0.0978934669434214,0.902106524974666,10,20,20
13,5054,5.976096617486602e-14,6.848073269339676e-11,0.10185433387400858,0.8981456660574505,10,20,20
13,5055,2.4415205046499157e-14,1.0178967742466616e-10,0.09732268075633912,0.9026773191418466,10,20,20
13,5056,4.366855392472751e-12,6.770859310903355e-11,0.10150770190049299,0.8984922980274312,10,20,20
13,5057,2.687243923685219e-14,1.8610879561803353e-10,0.09737295126115958,0.9026270485527046,10,20,20
13,5058,2.4430469277610572e-14,6.948642593407877e-11,0.09727189019807393,0.9027281097324149,10,20,20
13,5059,2.5389778931438516e-14,7.026052522583154e-11,0.10030530223213899,0.8996946976975748,10,20,20
13,5060,1.1194016327866128e-10,6.321683538742532e-07,0.1017127747330914,0.8982865929866142,10,20,20
13,5061,4.214285664634498e-07,0.0007154672941618472,0.10073707885944849,0.8985470324178231,10,20,20
13,5062,4.214285912252288e-07,0.0007154669230713042,0.09938025905414631,0.8999038525941907,10,20,20
13,5063,1.2336399952784106e-08,0.001975270443446629,0.11264697097931417,0.8853777462408392,10,20,20
13,5064,4.279540244422314e-14,0.001975270441351013,0.0994931882464427,0.8985315413121633,10,20,20
13,5065,4.2499772073453236e-14,0.0019752735743921363,0.10067883996826928,0.8973458864572963,10,20,20
13,5066,4.0090643231062156e-14,0.001975274008940373,0.10048921248233586,0.8975355135086837,10,20,20
13,5067,1.0103934834548981e-14,3.1550510381547514e-06,0.10374735676091665,0.896249488188035,10,20,20
13,5068,3.777286264186869e-08,1.73725906165935e-06,0.10309715757526569,0.8969010673928102,10,20,20
13,5069,3.777336527032865e-08,1.7341350051163998e-06,0.10151274398355559,0.8984854841080743,10,20,20
13,5070,3.777286261865424e-08,1.734130685587513e-06,0.10002657436427895,0.8999716537321726,10,20,20
13,5071,3.777286262235206e-08,1.7342196595503903e-06,0.10535097712296357,0.8946472508845138,10,20,20
13,5072,8.400245031743084e-07,5.6685431259299095e-05,0.10196840804847877,0.8979740664957584,10,20,20
13,5073,8.400244998403935e-07,5.6685520122394885e-05,0.10593966236626096,0.8940028120891167,10,20,20
13,5074,1.5601437087202317e-12,0.015449068389020746,0.11773316796558644,0.8668177636438325,10,20,20
13,5075,1.892132929283974e-15,0.015449050206759449,0.08948674885549104,0.8950642009377475,10,20,20
13,5076,3.0551503831244167e-16,0.015449050185263383,0.08477386177287619,0.89977708804186,10,20,20
13,5077,4.6212984821903916e-11,0.002058199603254489,0.09835017044057945,0.899591629909953,10,20,20
13,5078,4.618116077326803e-11,0.002058199551108238,0.10041277736708314,0.8975290230356272,10,20,20
13,5079,4.61749990779248e-11,0.0020581995520774425,0.10380121091876793,0.8941405894829794,10,20,20
13,5080,0.0005328441700962022,4.515849831436339e-05,0.10124883832686349,0.8981731590047259,10,20,20
13,5081,0.000532844170094629,4.5158621772721475e-05,0.11122448246642606,0.8881975147417064,10,20,20
13,5082,0.000532844170094694,4.515862545606913e-05,0.10523403152484438,0.8941879656796047,10,20,20
13,5083,5.455949602271902e-08,1.2225026165912714e-09,0.10008577755222643,0.8999141666657747,10,20,20
13,5084,5.462822828837239e-08,1.2249679738936605e-09,0.10041967398798575,0.899580270158818,10,20,20
13,5085,1.0504155504181654e-09,3.281221003486059e-10,0.10017789546665797,0.8998221031548038,10,20,20
13,5086,1.376003658623744e-09,7.909407206099715e-10,0.10127139372144026,0.8987286041116154,10,20,20
13,5087,1.0504102590886612e-09,4.681451620867091e-10,0.10015655552106209,0.8998434429603822,10,20,20
13,5088,5.404846373935391e-07,5.049995281501657e-07,0.102484681552938,0.8975142729628962,10,20,20
13,5089,5.404846373923749e-07,5.033534589381697e-07,0.10317673227283455,0.8968222238890691,10,20,20
13,5090,0.00790491667127779,1.1151895430905176e-08,0.09228136867376988,0.8998137035030567,10,20,20
13,5091,0.007904916673770442,1.1139910524511306e-08,0.0948203397815296,0.8972747324047894,10,20,20
13,5092,6.67417420097897e-07,2.5959836144717914e-05,0.10039141284843242,0.8995819598980024,10,20,20
13,5093,6.674151412972956e-07,2.595982957721364e-05,0.10163847869694427,0.8983348940583369,10,20,20
13,5094,6.674148696738398e-07,2.595982537460117e-05,0.10008363898430964,0.899889733775446,10,20,20
13,5095,0.00020928364803236726,2.8303057829087713e-09,0.04771849956324448,0.9520722139584175,10,20,20
13,5096,3.571887478828782e-15,1.4821761811532325e-12,0.0039403033832407786,0.9960596966152734,10,20,20
13,5097,2.0242373025525676e-17,4.198624358195921e-08,0.002234558650888276,0.9977653993628681,10,20,20
13,5098,1.570622506901417e-17,2.1528385386115663e-12,0.00014305561606441767,0.9998569443817829,10,20,20
13,5099,2.771929408037137e-16,8.993648151593748e-12,0.0025732241936929218,0.9974267757973132,10,20,20
13,5100,5.170170522264296e-16,1.6871760814696455e-09,0.07177759662612979,0.9282224016866938,10,20,20
13,5101,5.707293045137193e-12,1.936773675244188e-09,0.07242410474402473,0.9275758933134941,10,20,20
13,5102,1.7295935211440147e-12,1.8481051356029399e-09,0.07750284827497421,0.9224971498751913,10,20,20
13,5103,7.77339073560842e-15,7.097520845283366e-08,0.1531080591959098,0.8468918698288739,10,20,20
13,5104,2.5104743037829118e-14,1.7198521732402745e-09,0.07292786211365779,0.9270721361664649,10,20,20
13,5105,3.6418235609694994e-17,5.377833799359738e-09,0.23097006635630574,0.7690299282658604,10,20,20
13,5106,6.577453250775521e-10,4.3355606655402875e-08,0.16330013083759914,0.836699825149049,10,20,20
13,5107,1.6444426849717242e-10,0.004567502739638678,0.13086613533901462,0.8645663617569024,10,20,20
13,5108,5.777498319552342e-17,1.313303874717352e-10,0.003892670911883272,0.9961073289567862,10,20,20
13,5109,1.7194905467449751e-12,7.826580455685834e-11,0.08648161597832729,0.9135183839416872,10,20,20
13,5110,4.362717301942828e-17,2.432133668564242e-12,8.672620774427832e-05,0.9999132737898234,10,20,20
13,5111,1.4065224353486527e-16,1.592540555348949e-11,0.06436327233674197,0.9356367276473323,10,20,20
13,5112,1.1509574326079979e-14,2.6050248299226056e-12,4.137163042747888e-05,0.9999586283669558,10,20,20
13,5113,5.179590376623397e-12,1.4687696295487706e-12,5.388859510979503e-05,0.9999461113982419,10,20,20
13,5114,8.486709740680056e-16,2.9779793497610916e-12,0.00012482975195563653,0.9998751702450654,10,20,20
13,5115,2.4899428680319934e-17,1.9541505761034334e-11,0.001333744594591927,0.9986662553858665,10,20,20
13,5116,3.780728856409631e-15,1.961150042421527e-09,0.00421315699763772,0.9957868410412084,10,20,20
13,5117,1.4808822811095382e-16,1.946215215821643e-09,0.007285772619845513,0.9927142254339391,10,20,20
13,5118,4.705223227763365e-16,4.7358004148870234e-12,0.003900430953139159,0.9960995690421246,10,20,20
13,5119,4.5232546482560083e-13,3.49957709570363e-11,0.003783422838139705,0.9962165771264122,10,20,20
13,5120,1.7331415413853523e-13,2.056644207166944e-09,0.04560833640849378,0.9543916615346886,10,20,20
13,5121,1.5736332053825492e-08,1.21425243942988e-12,0.004512898972262669,0.9954870852901913,10,20,20
13,5122,1.5451675997446962e-13,1.7498850171398265e-11,0.009078609900208808,0.9909213900821378,10,20,20
13,5123,4.537816787637804e-18,3.027848054337009e-12,0.00015631970221258106,0.9998436802947595,10,20,20
13,5124,2.489148879794934e-15,1.958078568840329e-08,0.00310652434956342,0.9968934560696484,10,20,20
13,5125,1.9130835546041796e-15,3.0830783209003076e-12,0.00027090238181060614,0.9997290976151044,10,20,20
13,5126,1.0833336802259794e-15,3.012964318708713e-10,0.002570230574477238,0.9974297691242253,10,20,20
13,5127,3.4123533912488244e-14,6.442542378006136e-12,0.00016972286613721555,0.9998302771273861,10,20,20
13,5128,1.4786234609970617e-14,9.582481855566518e-11,0.0018303770591628844,0.9981696228449973,10,20,20
13,5129,1.0506678528501365e-15,9.548299093996609e-11,0.001958502833939989,0.9980414970705758,10,20,20
13,5130,8.818020442309789e-13,8.296797642329118e-11,0.0022817437678868523,0.9977182561482631,10,20,20
13,5131,8.448769229319623e-13,8.036321259342394e-09,0.00620111830091873,0.993798873661915,10,20,20
13,5132,1.1928365418414669e-16,3.895713706070614e-13,3.319868047960829e-05,0.9999668013191305,10,20,20
13,5133,6.424415152538211e-16,2.1619507278617705e-09,0.0012190937630458803,0.9987809040750028,10,20,20
13,5134,2.248336801025706e-15,5.569429734068648e-09,0.0032789936519080436,0.9967210007786598,10,20,20
13,5135,1.387300865665541e-16,5.6341143561132885e-09,0.03253433478363231,0.9674656595822532,10,20,20
13,5136,1.7061450263284697e-16,1.4057735354027375e-10,0.0018601746433120393,0.9981398252161104,10,20,20
13,5137,1.712554917248808e-16,1.8433998037902958e-10,0.0020072453593047808,0.9979927544563548,10,20,20
13,5138,7.51600685983143e-16,4.155588752464729e-10,0.0021725514349194533,0.9978274481495208,10,20,20
13,5139,6.007072647056786e-17,4.9133801837194e-10,0.0012056851509556355,0.9987943143577063,10,20,20
13,5140,5.4637830591116275e-15,1.4343105053264847e-09,0.0033289911037589328,0.9966710074619252,10,20,20
13,5141,2.0356923236535435e-15,2.876060377609583e-10,0.0012008111776476938,0.9987991885347443,10,20,20
13,5142,1.1695974521617337e-15,3.5226343113917924e-09,0.0797665804422313,0.9202334160351329,10,20,20
13,5143,1.477332640467234e-13,1.4163453754762802e-09,0.07289796153835582,0.9271020370451508,10,20,20
13,5144,4.587036126631998e-15,6.277542884047071e-13,0.0015816673771431213,0.9984183326222246,10,20,20
13,5145,2.1640690672964063e-12,1.1760331193714985e-10,0.038715388476208194,0.9612846114040245,10,20,20
13,5146,1.9866930461653645e-17,1.5391635757568566e-10,0.09100805219018043,0.9089919476559029,10,20,20
13,5147,8.497985681054478e-18,2.3764231972275106e-12,0.0013873018534096805,0.998612698144214,10,20,20
13,5148,4.239725591759668e-15,2.4160632379062377e-12,0.001671702977325869,0.9983282970202538,10,20,20
13,5149,5.053670485190985e-13,2.1966237320740406e-12,0.0017259676255025418,0.9982740323717954,10,20,20
13,5150,8.511482873247123e-16,4.239342099990381e-12,0.0016196183927495653,0.9983803816030102,10,20,20
13,5151,4.684828077632601e-13,2.6759211616781565e-12,0.0016537188602745833,0.998346281136581,10,20,20
13,5152,4.5070384413005025e-13,1.5169515250337365e-12,0.0014676554503192172,0.9985323445477132,10,20,20
13,5153,7.922788825074255e-15,0.00026328803321515706,0.04498927991999121,0.9547474320467856,10,20,20
13,5154,2.559820080511307e-14,0.0002632881143817473,0.08649793628909419,0.9132387755964986,10,20,20
13,5155,3.1429240226030394e-12,7.725803971021058e-12,0.00162355945276472,0.9983764405363663,10,20,20
13,5156,1.9292199598035593e-16,2.6941190702950353e-13,0.001491591896458487,0.9985084081032719,10,20,20
13,5157,1.1080559629110441e-13,9.74183441791577e-12,0.001861896808717546,0.9981381031814296,10,20,20
13,5158,4.1550112057386533e-13,2.0053617647532913e-10,0.004568812802162954,0.9954311869968855,10,20,20
13,5159,4.158407055544556e-13,2.0014403300277598e-10,0.0016929850801869928,0.9983070147192532,10,20,20
13,5160,1.830140316334685e-15,1.6079451484896553e-12,0.013045514956441791,0.9869544850419485,10,20,20
13,5161,9.314187179465975e-16,8.109114916618086e-11,0.003731113912599236,0.9962688860063089,10,20,20
13,5162,3.2088302499780695e-14,6.40442882784333e-12,0.00357426817310661,0.9964257318204568,10,20,20
13,5163,1.0153025858445403e-13,1.9176391310965773e-09,0.020534254848217647,0.9794657432340417,10,20,20
13,5164,3.08273451142464e-14,1.8447038597168133e-12,0.02365957917146424,0.9763404208266602,10,20,20
13,5165,8.293177817884486e-16,9.350200354152144e-12,0.04403154552776381,0.9559684544628851,10,20,20
13,5166,1.4888095831343126e-11,4.386946033857584e-09,0.07851129749778354,0.9214886981003824,10,20,20
13,5167,1.7941748011404324e-08,8.834116598529336e-12,0.10862031023983962,0.891379671809578,10,20,20
13,5168,1.8084284528729602e-18,8.466585333501943e-13,0.0031258861181143677,0.9968741138810389,10,20,20
13,5169,2.0352542563198548e-13,4.670283372929275e-11,0.00031991578705742557,0.9996800841660362,10,20,20
13,5170,2.0353035693444386e-13,4.587341567165217e-11,0.0002949709200694824,0.9997050290338535,10,20,20
13,5171,5.315495218380499e-16,1.0330599629558031e-11,0.0022560265446420493,0.9977439734450269,10,20,20
13,5172,2.6344885067903415e-13,8.629796189918341e-11,0.0222248195212448,0.9777751803921939,10,20,20
13,5173,2.5239769916242735e-12,1.3845913973763013e-11,0.02734870840972121,0.972651291573909,10,20,20
13,5174,4.71423660925838e-16,1.1239687518002885e-12,0.0032087482463410526,0.9967912517525344,10,20,20
13,5175,3.311769045809896e-15,4.05993761885992e-09,0.004831347003554896,0.9951686489365041,10,20,20
13,5176,4.765784548318249e-15,5.1126072771872925e-12,0.00012869843668811458,0.9998713015581947,10,20,20
13,5177,4.024016669833905e-15,5.153664294875578e-12,0.0009937536462511,0.9990062463485913,10,20,20
13,5178,2.514055585789165e-17,4.1967986264235414e-11,5.0487195530994546e-05,0.9999495127625009,10,20,20
13,5179,1.897846205733123e-15,1.1814516559350767e-10,0.0019706874534721293,0.9980293124283808,10,20,20
13,5180,1.925434878385814e-12,3.1563351681797504e-10,0.0038927892139033666,0.9961072104685377,10,20,20
13,5181,2.654663537057482e-12,3.1748104059290477e-10,0.0027292765387527786,0.9972707231411115,10,20,20
13,5182,1.0099559789227807e-10,8.526922400747756e-11,0.0559476174530412,0.944052382360694,10,20,20
13,5183,1.0570847998839412e-12,9.171010675210382e-12,0.005824718076627354,0.9941752819131444,10,20,20
13,5184,4.1014912933421635e-12,3.1850100668112415e-11,0.038174615230241835,0.9618253847338064,10,20,20
13,5185,4.10190474851236e-12,3.383375082899208e-11,0.04099200108926382,0.9590079988728005,10,20,20
13,5186,4.101386305558028e-12,3.1697636781013895e-11,0.036671724431959346,0.9633282755322414,10,20,20
13,5187,4.101422554416443e-12,3.3485094494379244e-11,0.03790191425772908,0.9620980857046841,10,20,20
13,5188,6.155904907071131e-17,1.8062538383642305e-11,0.00019500784886086357,0.9998049921330765,10,20,20
13,5189,9.862418805454161e-16,2.0761309718302493e-11,0.0020093705587486905,0.9979906294204891,10,20,20
13,5190,3.0188079953698294e-17,5.915690911967433e-11,0.004421207805667203,0.9955787921351759,10,20,20
13,5191,4.472947513687289e-14,5.691734921402488e-11,0.0036125427882300653,0.9963874571548077,10,20,20
13,5192,1.1672478860330813e-13,2.9253725079719377e-10,0.001540206038316651,0.9984597936690293,10,20,20
13,5193,9.008679658251865e-16,7.49460539155483e-09,0.0049061842156395115,0.9950938082897544,10,20,20
13,5194,1.021537851276827e-16,6.63450470999846e-08,0.03993026018505413,0.9600696734698987,10,20,20
13,5195,1.5772806377261743e-15,2.4121957013271222e-09,0.003448448158889782,0.9965515494289129,10,20,20
13,5196,3.639612444019396e-18,2.4387263418894337e-09,0.0063988639901546174,0.9936011335711191,10,20,20
13,5197,8.64004745461266e-13,3.431892517462723e-10,0.02967310382985231,0.9703268958260944,10,20,20
13,5198,2.234670693285244e-11,2.4098890610388333e-10,0.004399605982936072,0.9956003937537282,10,20,20
13,5199,2.235176637846661e-11,2.4115913976658826e-10,0.058987376985520104,0.941012622750969,10,20,20
13,5200,2.1748496639859563e-11,1.2018258824315262e-10,0.005494513644011027,0.9945054862140577,10,20,20
13,5201,7.690290293564763e-15,8.077278943932313e-11,0.0046595131058896925,0.9953404868133298,10,20,20
13,5202,7.261002178227648e-10,3.323163122183153e-07,0.07108576596346398,0.9289139009941237,10,20,20
13,5203,7.261256260646465e-10,3.322708001546923e-07,0.08088910006563786,0.9191105669374364,10,20,20
13,5204,4.8530439046136236e-15,1.3914385388509002e-12,0.017388682725946084,0.9826113172726576,10,20,20
13,5205,4.962566043126799e-15,4.424040636807611e-12,0.017470371550466424,0.9825296284451046,10,20,20
13,5206,1.0751675533435898e-13,4.445351307359298e-12,0.00013712575329483486,0.9998628742421521,10,20,20
13,5207,1.0854199633661347e-13,4.18008826792651e-10,9.215611073262061e-05,0.9999078434711501,10,20,20
13,5208,7.189026552046044e-12,1.1417076863378818e-09,0.0012394033905509328,0.9987605954605524,10,20,20
13,5209,5.297420953744858e-17,2.2559839772410545e-12,0.004596738151756114,0.995403261845988,10,20,20
13,5210,4.652221323017392e-17,2.2544385808314664e-12,0.004533925102669975,0.9954660748950757,10,20,20
13,5211,1.1414870020752386e-14,1.745730584225127e-12,0.0157061380953073,0.9842938619029356,10,20,20
13,5212,1.1147536963863986e-14,7.762560735196137e-13,0.06846813754812503,0.9315318624510874,10,20,20
13,5213,7.283317642458032e-10,4.520551815085767e-09,0.11223357063792323,0.887766424113193,10,20,20
13,5214,1.9261382688354217e-15,3.505137276605315e-13,0.00013157383271504236,0.9998684261669325,10,20,20
13,5215,1.9106606586363293e-15,1.3698458677739708e-11,0.0021904523366281167,0.9978095476496718,10,20,20
13,5216,5.23870703534353e-14,3.320675871998872e-11,0.0021355113919112123,0.9978644885748297,10,20,20
13,5217,9.250642889022732e-14,7.442774980997613e-11,0.008356956057191417,0.9916430438682884,10,20,20
13,5218,3.415944629108265e-17,1.2988163143836118e-12,0.001210781361872619,0.9987892186368285,10,20,20
13,5219,2.3330666265107693e-15,2.8396671284082302e-12,0.00267831751759902,0.9973216824795591,10,20,20
13,5220,1.6099044893842454e-13,6.360810971569056e-11,0.045101449122300886,0.9548985508139302,10,20,20
13,5221,3.090508090011991e-14,2.133846576428309e-09,0.004955883698563685,0.9950441141675588,10,20,20
13,5222,3.0693493328476477e-18,5.11187871014614e-13,0.0044510664250563495,0.9955489335744325,10,20,20
13,5223,1.0467221316933779e-15,7.889218719725863e-13,7.477763545397685e-05,0.9999252223637562,10,20,20
13,5224,5.118104745167048e-17,6.526429181989905e-12,8.948788025815408e-05,0.9999105121132154,10,20,20
13,5225,3.469904875534984e-17,7.506287974965472e-11,0.003032764299286425,0.9969672356256505,10,20,20
13,5226,4.8124895733502794e-17,7.367691473395211e-11,0.001559846572492684,0.9984401533538303,10,20,20
13,5227,2.80670665311009e-17,1.1579143620321524e-10,0.025176608663481516,0.974823391220727,10,20,20
13,5228,7.919132974694821e-16,4.0378043696755875e-13,0.003151220629637301,0.9968487793699582,10,20,20
13,5229,1.0425808522158366e-15,1.503408446389326e-13,0.0013914507403526757,0.9986085492594959,10,20,20
13,5230,9.903066241729383e-14,6.701392588329863e-11,0.020175026043565986,0.9798249738893212,10,20,20
13,5231,5.595346600493456e-13,3.947345804499513e-09,0.0033719295516402466,0.9966280665004543,10,20,20
13,5232,5.599842832995671e-13,3.953973564532709e-09,0.0033004827317419465,0.9966995133137242,10,20,20
13,5233,9.165697390314797e-14,3.945759893073779e-09,0.005804638333918988,0.9941953577202296,10,20,20
13,5234,1.2539509821681872e-15,3.927803658968431e-09,0.004547071866441168,0.9954529242057542,10,20,20
13,5235,4.3412182115557775e-16,2.6558917905830995e-11,0.0035655345158620497,0.9964344654575786,10,20,20
13,5236,9.47192867615665e-12,1.4510047407056452e-12,0.0005133967418299981,0.9994866032472471,10,20,20
13,5237,9.873769264918144e-13,1.415039170288258e-12,0.00012426843463125657,0.9998757315629664,10,20,20
13,5238,9.862359223171905e-13,1.4610746225585226e-10,0.004979212820183512,0.9950207870327228,10,20,20
13,5239,4.497672104126745e-11,6.06271243263664e-12,0.0011016737648354463,0.998898326184125,10,20,20
13,5240,3.253197345336251e-16,4.909996938210177e-09,0.007905698490512144,0.9920942965994903,10,20,20
13,5241,7.240521254591478e-10,1.2175430592564495e-10,0.008097567040320105,0.9919024321138734,10,20,20
13,5242,1.5589771733206384e-16,3.0647339275649185e-12,8.369747600872663e-06,0.9999916302493341,10,20,20
13,5243,7.375320156516784e-16,1.3320085320081806e-12,0.005917044813826852,0.9940829551848405,10,20,20
13,5244,2.408400894244231e-15,2.4537994359746272e-12,0.0019876543193903824,0.9980123456781534,10,20,20
13,5245,1.4913508314543691e-15,1.1589942196742278e-12,0.0011904395075956332,0.9988095604912439,10,20,20
13,5246,2.8888480427752164e-16,5.269570871608703e-13,0.0038569946900632846,0.9961430053094095,10,20,20
13,5247,6.346525679080172e-18,5.889623893615193e-14,0.001003163237446463,0.9989968367624946,10,20,20
13,5248,3.97678161684596e-16,6.2131657587208095e-09,0.006102611413265311,0.9938973823735686,10,20,20
13,5249,2.1002793206929415e-10,8.232964402809226e-09,0.05139969257823407,0.9486002989787738,10,20,20
13,5250,3.8979977402209465e-12,1.5122207841680046e-10,0.048011621140976554,0.9519883787039033,10,20,20
13,5251,3.926004592673856e-12,4.711971731155232e-11,0.01439285021550539,0.9856071497334489,10,20,20
13,5252,3.550045468877193e-14,1.7783434277054995e-10,0.0606993065580694,0.9393006932640608,10,20,20
13,5253,1.916492744858797e-17,4.024128440091253e-12,0.048409904179910763,0.9515900958160651,10,20,20
13,5254,2.6900863233941675e-14,8.789766783730038e-11,0.13217796249457447,0.8678220374175011,10,20,20
13,5255,1.074000187827141e-17,4.181150827388827e-12,0.00021775599159336374,0.9997822440042254,10,20,20
13,5256,1.5621355454550597e-12,1.9478462125724368e-08,0.1048812897420895,0.8951186907778863,10,20,20
13,5257,1.6040174780899033e-12,2.0378302485690294e-05,0.21212190564261965,0.7878577160532905,10,20,20
13,5258,3.837477234866916e-14,9.411791459176986e-08,0.20127800611936775,0.7987218997626789,10,20,20
13,5259,2.2007594349129556e-09,9.686368403347074e-08,0.2073576136991409,0.7926422872364156,10,20,20
13,5260,8.716640614341113e-11,0.00010401509647836365,0.19385405702152453,0.8060419277948302,10,20,20
13,5261,9.212640102627749e-11,0.00010401705741159149,0.20285655491485924,0.7970394279356021,10,20,20
13,5262,9.054036033389177e-14,2.4018290231328966e-07,0.20655251352437248,0.7934472462926345,10,20,20
13,5263,1.1383250638041038e-07,2.1221708935830663e-10,0.10259007788212364,0.897409808073153,10,20,20
13,5264,1.4594028082928795e-13,3.0644704015356744e-09,0.10304921908291025,0.8969507778524732,10,20,20
13,5265,6.089557019247088e-17,8.367903608426042e-09,0.10158693340043434,0.8984130582316621,10,20,20
13,5266,3.840440100087401e-09,5.541339961477254e-10,0.10242124097358225,0.8975787546318437,10,20,20
13,5267,1.5526467915183036e-09,8.244909778465704e-05,0.1018754518667675,0.898042097482801,10,20,20
13,5268,1.2552775400187942e-11,1.2400803229564803e-07,0.10906886296264093,0.8909310130167738,10,20,20
13,5269,1.07196850292913e-09,2.9584287733995235e-12,0.0011845825909096155,0.9988154163341637,10,20,20
13,5270,1.3634408712636094e-15,1.1204948877810088e-08,0.10073130282262972,0.8992686859724198,10,20,20
13,5271,6.111075011045113e-12,5.19427164324411e-10,0.12382022478782266,0.8761797746866392,10,20,20
13,5272,3.3948403633475134e-10,1.2188269031417747e-09,0.13302164524716323,0.8669783531945254,10,20,20
13,5273,1.2381435856195946e-12,0.0034307222611753806,0.16631842153580798,0.8302508562017783,10,20,20
13,5274,5.749161909997306e-13,4.5240430645229445e-05,0.08444766236432108,0.9155070972044586,10,20,20
13,5275,1.3125265827484607e-14,2.9559721800974133e-12,0.0001024678718416877,0.9998975321251893,10,20,20
13,5276,6.159175890224215e-11,3.620099824656496e-11,0.001935953585500037,0.998064046316707,10,20,20
13,5277,6.153438422041237e-11,3.540775417731843e-11,0.0012347306001209391,0.9987652693029367,10,20,20
13,5278,2.655520574343755e-14,6.371468339611479e-07,0.03938816410345898,0.9606111987496803,10,20,20
13,5279,8.22845140076034e-15,7.237528027053539e-11,0.001430735860481135,0.9985692640671354,10,20,20
13,5280,6.400347988229671e-15,1.090185337331946e-11,0.0019437874766512569,0.9980562125124404,10,20,20
13,5281,6.74280300694553e-10,1.0816749562705694e-10,0.12105596191095853,0.8789440373065933,10,20,20
13,5282,6.742613899976486e-10,9.501092974985566e-11,0.0980433649618699,0.9019566342688579,10,20,20
13,5283,6.750555500559889e-10,2.7000034638125527e-09,0.17647914300214368,0.823520853622797,10,20,20
13,5284,6.74343897489719e-10,9.13490233232753e-11,0.10048291270368317,0.8995170865306241,10,20,20
13,5285,1.2546003063984835e-11,3.118700099760909e-09,0.10190172968520614,0.8980982671835477,10,20,20
13,5286,1.5778889226973482e-10,1.0313796808783058e-11,0.09961599295057212,0.900384006881325,10,20,20
13,5287,1.5770537574156413e-10,9.625605899519337e-12,0.09927304767475902,0.9007269521579099,10,20,20
13,5288,0.0005464091933632386,1.9832655888785174e-05,0.17694150512220563,0.8224922530285422,10,20,20
13,5289,0.18411191405466404,1.7098692887318107e-09,0.020366467730035316,0.7955216165054314,10,20,20
13,5290,0.08583875106454407,6.796180825769846e-07,0.039362173614027336,0.874798395703346,10,20,20
13,5291,0.009502538039276934,2.2533472886146143e-07,0.09574836856892585,0.8947488680570682,10,20,20
13,5292,1.8816796375359403e-11,2.9222756413550868e-08,0.13999500941948934,0.8600049613389371,10,20,20
13,5293,0.005456634445025534,0.00037792349331492055,0.1332046081713279,0.860960833890332,10,20,20
13,5294,1.7954201834688903e-12,1.0453516584150139e-09,0.1398997106765099,0.860100288276343,10,20,20
13,5295,2.2596972981300822e-13,1.025486350794564e-09,0.1354326823817188,0.8645673165925688,10,20,20
13,5296,3.7510028696623127e-14,0.0001941163484227987,0.1039605719511986,0.8958453117003409,10,20,20
13,5297,2.3410422969647868e-12,0.00019411634945832744,0.15529118112447513,0.8445147025237253,10,20,20
13,5298,3.260836478419171e-14,0.00019411634982949709,0.10005891182575663,0.8997469718243813,10,20,20
13,5299,3.681800239818537e-06,0.06374554788807463,0.036561600801683324,0.899689169510002,10,20,20
13,5300,3.681800239818812e-06,0.06374554792095652,0.03649589590841813,0.8997548743703856,10,20,20
13,5301,1.3336234752801907e-17,0.0999988170767602,0.004446994897333292,0.8955541880259066,10,20,20
13,5302,1.6529600212265362e-18,0.0997951273968917,0.006591230804278538,0.8936136417988297,10,20,20
13,5303,7.037288758447897e-18,0.09994509650922918,0.0021137535494653603,0.8979411499413056,10,20,20
13,5304,1.449130023391176e-16,0.09999936997473477,0.0024739853062273024,0.8975266447190379,10,20,20
13,5305,1.8651769835132957e-14,0.09999936997256628,0.003356317071918858,0.8966443129554962,10,20,20
13,5306,9.945886653686034e-16,0.09999937180338045,0.006168575995574722,0.8938320522010439,10,20,20
13,5307,2.0882647106940498e-14,0.09999938611494763,0.0074808213173638005,0.8925197925676678,10,20,20
13,5308,1.6665135758748562e-14,0.09886465403629853,0.002448172453787087,0.8986871735098976,10,20,20
13,5309,1.3899235731013295e-13,0.09886464406740872,0.002538302747572348,0.8985970531848798,10,20,20
13,5310,1.9029206020186282e-17,0.09999987119197522,0.04045805810823017,0.8595420706997945,10,20,20
13,5311,3.3392676503898986e-12,0.0997815304769497,0.001308586168505472,0.8989098833512055,10,20,20
13,5312,4.1084546014591215e-13,0.09954328145115802,0.0014325313869535112,0.8990241871614778,10,20,20
13,5313,6.117207339265901e-11,0.0999902674312006,0.00046952864233979017,0.8995402038652877,10,20,20
13,5314,1.0064984112458117e-15,0.09998395226580838,0.04256403815917385,0.8574520095750167,10,20,20
13,5315,6.468431009537241e-12,0.09998395344671905,0.067916337863176,0.8320997086836364,10,20,20
13,5316,1.6616961110975533e-12,0.09999872254228717,0.14530730328283858,0.7546939741732124,10,20,20
13,5317,2.480938934832925e-15,0.09999869152299515,0.00018046493009890016,0.8998208435469033,10,20,20
13,5318,2.8342733126489805e-13,0.06358941556094891,0.037246336168030365,0.8991642482707372,10,20,20
13,5319,4.7293217429355636e-14,0.06358941547735998,0.03718982488236937,0.8992207596402233,10,20,20
13,5320,1.8437004954353746e-16,0.09999404663573995,0.0001139308809928706,0.8998920224832672,10,20,20
13,5321,1.358078799571668e-16,0.09993337402341677,7.939899069657313e-05,0.8999872269858864,10,20,20
13,5322,6.595886739626087e-16,0.09893656658740499,0.0010808205848657029,0.8999826128277286,10,20,20
13,5323,6.189322879271056e-12,0.09893656658738832,0.001068859776957189,0.899994573629465,10,20,20
13,5324,2.7027938934955264e-09,0.09894488744171348,0.008537140714637879,0.8925179691408545,10,20,20
13,5325,1.0589793259554213e-14,0.09999960655622867,0.06695699401858876,0.8330433994251722,10,20,20
13,5326,3.789157800053059e-17,0.09999960626308727,0.0004460309032685105,0.8995543628336442,10,20,20
13,5327,9.235420877323206e-17,0.09997877983770147,0.09892971503566719,0.8010915051266313,10,20,20
13,5328,9.747833291484657e-15,0.0999960330120569,0.10036678860513079,0.7996371783828023,10,20,20
13,5329,9.682597517646966e-15,0.0999960330124237,0.10586042998565814,0.7941435370019084,10,20,20
13,5330,1.4849448959486716e-13,0.10019452861329492,0.09990001769096171,0.7999054536955947,10,20,20
13,5331,1.199399602565665e-12,0.0999999894962496,0.09999974839320397,0.800000262109347,10,20,20
13,5332,3.3590727369950674e-15,0.09999999582997023,0.1016968212182899,0.7983031829517364,10,20,20
13,5333,1.91660582726488e-08,0.10000001195417418,0.09105262736572164,0.8089473415140457,10,20,20
13,5334,3.4281767190857993e-06,0.0977688419090196,0.1252620662786187,0.7769656636356423,10,20,20
13,5335,5.675596418928965e-10,0.10017223659058672,0.10102950640676325,0.7987982564350904,10,20,20
13,5336,3.086895308390299e-14,0.09975666589421543,0.10055717860916928,0.7996861554965843,10,20,20
13,5337,7.504522343003657e-10,0.09995978894423993,0.12222495080142318,0.7778152595038842,10,20,20
13,5338,4.756277723492497e-09,0.09995975978389694,0.10714350767803096,0.7928967277817941,10,20,20
13,5339,5.702713085556155e-09,0.09995979368507145,0.12154549236994105,0.7784947082422741,10,20,20
13,5340,2.0421408517062365e-11,0.0931498663215814,0.13288359517156934,0.7739665384864282,10,20,20
13,5341,2.023130992172036e-11,0.09315109706716597,0.10697308695157304,0.7998758159610295,10,20,20
13,5342,3.097637933130801e-11,0.09315136322162944,0.14981485802158773,0.7570337787258067,10,20,20
13,5343,5.2911257068657325e-11,0.10000196130568129,0.2283402053142054,0.6716578333272016,10,20,20
13,5344,3.273744615394737e-13,0.0999999487279303,0.1420776270764194,0.7579224241953229,10,20,20
13,5345,1.0120631375329672e-08,0.09999996531021944,0.10023335829882556,0.7997666662703236,10,20,20
13,5346,2.6238626347507824e-10,0.17329287725828046,0.02684117459477613,0.799865947884557,10,20,20
13,5347,3.7241289556688765e-13,0.17018017567275634,0.049157191937831475,0.7806626323890397,10,20,20
13,5348,1.584681311392411e-13,0.14560513215955379,0.07510924886879686,0.7792856189714906,10,20,20
13,5349,2.0097721601127564e-14,0.19999656278400071,0.00019104164315549704,0.7998123955728237,10,20,20
13,5350,5.6524863203190835e-15,0.10026152824976173,0.10124972166680875,0.7984887500834239,10,20,20
13,5351,5.561907047986105e-15,0.10026787171039268,0.09986301760598579,0.7998691106836159,10,20,20
13,5352,7.508306890125334e-15,0.10000505314459782,0.10082619148332109,0.7991687553720735,10,20,20
13,5353,4.311472857259085e-16,0.10069679140922554,0.10383951698715435,0.7954636916036195,10,20,20
13,5354,1.7022341002190417e-11,0.10006742184690251,0.10699295902329045,0.792939619112785,10,20,20
13,5355,9.865622369044068e-12,0.10027321263060254,0.1628034974515091,0.7369232899080226,10,20,20
13,5356,7.564624844734844e-15,0.10000869907657958,0.1025523157619754,0.7974389851614371,10,20,20
13,5357,3.767373497133575e-11,0.09999661232221804,0.10479768607860496,0.7952057015615028,10,20,20
13,5358,3.771984994825857e-11,0.0827492606816119,0.12176600015638646,0.7954847391242816,10,20,20
13,5359,3.767399011446472e-11,0.09446636670858238,0.10736045747556741,0.798173175778176,10,20,20
13,5360,4.107976591945589e-16,0.09446704473720541,0.15132488388022697,0.7542080713825674,10,20,20
13,5361,5.5884963645765595e-14,0.10057590534665206,0.10145043158845564,0.7979736630648366,10,20,20
13,5362,1.1708701519070717e-09,0.09608824515076275,0.1048180301220744,0.7990937235562928,10,20,20
13,5363,1.1708412915552464e-09,0.09608824514005493,0.10612696994785056,0.7977847837412533,10,20,20
13,5364,1.1959466616129757e-09,0.09999775558299855,0.19170970722372216,0.7082925359973327,10,20,20
13,5365,2.543828106050927e-06,0.10001943802814714,0.20007884120382596,0.6998991769399203,10,20,20
13,5366,3.7345042275379326e-08,0.0034981438399930113,0.3970290816984425,0.5994727371165214,10,20,20
13,5367,6.976927712979782e-12,0.00023142468986667462,0.4109041252901172,0.588864450013039,10,20,20
13,5368,8.819510728653164e-07,0.00023393628730815648,0.412875688734645,0.586889493026973,10,20,20
13,5369,8.82133279342541e-07,8.041154449300872e-06,0.31483370683120315,0.6851573698810678,10,20,20
13,5370,8.819439671653452e-07,5.0728532688040296e-06,0.28041373797701047,0.7195803072257534,10,20,20
13,5371,8.819768332431668e-07,5.072607981159515e-06,0.3729603050258202,0.6270337403893649,10,20,20
13,5372,6.3316359445024096e-06,7.481909223448952e-09,0.2765094329274007,0.7234842279547448,10,20,20
13,5373,4.1219727406187746e-05,4.788983994316151e-07,0.2797412440729511,0.7202170573012424,10,20,20
13,5374,3.488809146308542e-05,4.792538552056426e-07,0.20039563501875052,0.7995689976359305,10,20,20
13,5375,0.00014249391248677675,1.591650973254296e-07,0.20433168311987143,0.7955256638025443,10,20,20
13,5376,0.00014249391248973483,1.409669851819587e-07,0.19997353480981872,0.7998838303107065,10,20,20
13,5377,1.230873018482135e-06,3.6265958607034214e-07,0.2000423849992415,0.7999560214681544,10,20,20
13,5378,2.490329803284815e-06,3.6264281554556335e-07,0.20128184776109195,0.7987152992662887,10,20,20
13,5379,1.250530483096071e-06,4.5890428785147336e-07,0.20180093149991601,0.7981973590653126,10,20,20
13,5380,0.029585694415491075,0.000709103829875904,0.1730131243128339,0.796692077441799,10,20,20
13,5381,0.02202458044484098,3.747307057992158e-06,0.18053334490169046,0.7974383273464107,10,20,20
13,5382,9.177294885873806e-07,3.434715250421634e-08,0.20250394907406816,0.7974950988492909,10,20,20
13,5383,3.304786041335893e-07,2.1258644586662137e-08,0.20382861621312295,0.7961710320496278,10,20,20
13,5384,5.040304262149572e-07,2.885841005836853e-08,0.2437072386680462,0.7562922284431173,10,20,20
13,5385,1.8067944142302318e-08,0.040657833771059394,0.19946615181450672,0.7598759963464896,10,20,20
13,5386,2.60329908802985e-09,3.216961466235553e-11,0.14141216343898172,0.8585878339255496,10,20,20
13,5387,7.264115313973176e-14,4.454590290758224e-11,0.09921592183494952,0.9007840781204319,10,20,20
13,5388,4.4425367265352615e-13,3.352681260419681e-11,0.13920224981240356,0.8607977501536255,10,20,20
13,5389,2.2741621850097436e-14,0.02493876684861569,0.07540489403829506,0.8996563391130662,10,20,20
13,5390,5.566136339730314e-16,0.024938766853810565,0.17387197120259115,0.8011892619435977,10,20,20
13,5391,1.0117124505048325e-14,0.024938768284366378,0.175232972050971,0.7998282596646528,10,20,20
13,5392,3.3425465597798113e-07,8.840966740484498e-06,0.20185440220717257,0.7981364225714306,10,20,20
13,5393,0.03198022360803773,7.818066056864487e-06,0.16899488781407018,0.7990170705118351,10,20,20
13,5394,1.631164099489324e-09,1.0361092533851646e-06,0.20010718066222907,0.799891781597353,10,20,20
13,5395,1.0892544676804258e-07,0.00019221369893345218,0.20196411430572475,0.7978435630698945,10,20,20
13,5396,1.0892544419121973e-07,0.0001922136980361491,0.1994130716488648,0.8003946057276551,10,20,20
13,5397,2.0069284406775154e-06,1.0203769710653996e-06,0.2030339224850915,0.7969630502094966,10,20,20
13,5398,0.001566695039120418,1.0149454999018847e-06,0.20387141856688476,0.7945608714484949,10,20,20
13,5399,9.541913629788727e-06,1.0151231858317997e-06,0.20944151172870926,0.790547931234475,10,20,20
13,5400,2.133171224337977e-11,0.00021144710804484862,0.2100480040312689,0.7897405488393543,10,20,20
13,5401,1.764299864724423e-11,0.0009041711100811931,0.16794714703343677,0.8311486818388394,10,20,20
13,5402,2.5922694534594162e-12,0.00021139127807889152,0.10399469327671222,0.8957939154426169,10,20,20
13,5403,1.2739499015575661e-14,0.01805689537431334,0.08550497553580065,0.8964381290898734,10,20,20
13,5404,7.52859936575385e-14,5.7323777733119486e-08,0.1000743427923001,0.8999255998838469,10,20,20
13,5405,8.620889776902189e-08,1.9465991649620384e-09,0.10025227174135834,0.8997476401031449,10,20,20
13,5406,6.5379246101951876e-12,1.0728530634858434e-07,0.13160747757160954,0.868392415136546,10,20,20
13,5407,1.0899038923679906e-14,6.882424471868499e-08,0.10032403340301961,0.8996758977727248,10,20,20
13,5408,1.0839567632085169e-14,6.894371517231264e-08,0.1038731947258126,0.8961267363304612,10,20,20
13,5409,4.192356480472164e-18,1.2255624917615934e-10,0.10549751989630918,0.8945024799811346,10,20,20
13,5410,5.861295254050909e-13,1.3376413053518876e-10,0.1298266516159154,0.8701733482497342,10,20,20
13,5411,5.951874338044217e-13,9.322786901065073e-09,0.10511896422416381,0.894881026452454,10,20,20
13,5412,3.567095403049757e-13,9.308968597666256e-09,0.10506526789518036,0.8949347227954947,10,20,20
13,5413,4.838231935981927e-15,0.04290979411115048,0.057991508345667075,0.8990986975431774,10,20,20
13,5414,1.9743078325924618e-07,9.894652457506925e-05,0.1010639815484369,0.8988368744962048,10,20,20
13,5415,2.1272027272507423e-10,1.7355816611837976e-10,0.025406422180095433,0.9745935774336261,10,20,20
13,5416,2.1272765100349475e-10,1.7533940427215351e-10,0.025452983999487762,0.9745470156124452,10,20,20
13,5417,1.8380719484316873e-13,1.63361608453416e-12,0.0010162563295369215,0.9989837436686457,10,20,20
13,5418,1.7359966759596455e-16,3.1968588785233257e-13,7.329758017019143e-05,0.9999267024195101,10,20,20
13,5419,5.736559477600433e-16,4.948258968207779e-14,0.00011299142631593197,0.9998870085736341,10,20,20
13,5420,6.22067950942938e-16,2.4096462381806902e-11,0.0020651353494343314,0.9979348646264684,10,20,20
13,5421,3.9857273974240023e-14,6.47399138810067e-11,0.005517912608035258,0.9944820873271851,10,20,20
13,5422,4.020892560711913e-14,2.177585906993024e-09,0.04426893009504783,0.9557310677273263,10,20,20
13,5423,1.7486335036303654e-12,5.64593342779316e-09,0.043740950819692204,0.9562590435326259,10,20,20
13,5424,2.856574571448092e-16,1.4288076671655972e-10,0.0014861392052373656,0.9985138606518815,10,20,20
13,5425,2.849410408573654e-16,1.4284698029245394e-10,0.00149055761335714,0.9985094422437957,10,20,20
13,5426,3.606658850933819e-15,4.787767083103756e-09,0.0014238930102531148,0.998576102201976,10,20,20
13,5427,9.179373963507977e-15,4.736666080728727e-09,0.0010959805007203383,0.9989040147626043,10,20,20
13,5428,9.219927715942498e-15,4.740633695183392e-09,0.003449102740693765,0.9965508925186631,10,20,20
13,5429,3.9811820061497893e-16,4.122038830384034e-12,0.002424390737141046,0.9975756092587366,10,20,20
13,5430,2.214056467203318e-17,1.4522037448215439e-09,0.001111780258852819,0.9988882182889436,10,20,20
13,5431,1.4593750742664466e-13,2.092450319164749e-11,0.001938716581633923,0.9980612833972957,10,20,20
13,5432,1.4602796177627623e-13,4.0095941400756966e-11,0.0022615714941274434,0.9977384284656304,10,20,20
13,5433,4.10882358292219e-12,1.2555884101333717e-08,0.027987501392160812,0.9720124860478464,10,20,20
13,5434,2.804567263773761e-12,9.416590419328149e-11,0.001583478115019766,0.9984165217880097,10,20,20
13,5435,2.800622653685227e-12,9.730678567496118e-11,0.0016004679897109217,0.9983995319101815,10,20,20
13,5436,1.3989084706493434e-14,2.0386815878398663e-09,0.0009321789152574783,0.9990678190460471,10,20,20
13,5437,2.0213024668751495e-14,3.150454774901916e-10,0.045107419691967396,0.954892579992967,10,20,20
13,5438,2.544298439077244e-15,1.2285308648189214e-10,0.04273902930301721,0.9572609705741272,10,20,20
13,5439,8.988508889072834e-17,1.623392049764904e-10,0.002833476846869339,0.9971665229907913,10,20,20
13,5440,9.116966103951649e-15,1.641529328958023e-10,0.001858482971868271,0.9981415168639696,10,20,20
13,5441,9.117368936538558e-15,1.6415787954669254e-10,0.0056665713841738494,0.9943334284516592,10,20,20
13,5442,1.5324675871857392e-16,3.838201434135212e-11,0.0011454784886053713,0.9988545214730123,10,20,20
13,5443,4.5324577268848706e-14,3.851929670254772e-11,0.00330254037331698,0.9966974595881185,10,20,20
13,5444,9.268436114713913e-17,4.2819126950625015e-11,0.008815222042238202,0.9911847779149425,10,20,20
13,5445,2.7114203815740462e-15,1.6358088134627167e-11,0.0766167274921728,0.9233832724914661,10,20,20
13,5446,1.189697727964397e-13,1.2428458635892643e-09,0.06458885261695393,0.935411146140081,10,20,20
13,5447,2.845680863815028e-13,2.884281474031346e-13,0.032749387599152885,0.9672506124002741,10,20,20
13,5448,3.4163417398900085e-12,1.261575235388831e-07,0.018910694174819966,0.98108917966424,10,20,20
13,5449,3.247548956266342e-12,1.2615652534013384e-07,0.06124642701338343,0.9387534468268436,10,20,20
13,5450,3.242309155633166e-12,1.26004307260643e-07,0.06155609777390014,0.93844377621855,10,20,20
13,5451,6.21871622613289e-11,3.283804823980143e-11,0.021609807997397503,0.978390191907577,10,20,20
13,5452,6.217387388448695e-11,3.1631846795729394e-11,0.002552837355325551,0.9974471625508687,10,20,20
13,5453,6.217847319959145e-11,1.784293196946506e-12,0.0014299877334076976,0.9985700122026296,10,20,20
13,5454,1.835611820511488e-16,4.6684647682765475e-09,0.009121743873761658,0.9908782514577734,10,20,20
13,5455,7.881888279218751e-18,1.196689642364489e-10,0.004799094789643743,0.9952009050906871,10,20,20
13,5456,5.388589588706341e-17,3.9272749797766963e-10,0.003010499755130282,0.996989499852142,10,20,20
13,5457,2.188824165020454e-19,8.279165985245561e-11,0.0002672137599225508,0.9997327861572858,10,20,20
13,5458,2.0558169964054412e-08,1.280979229978842e-10,0.01614619951099739,0.9838537798027346,10,20,20
13,5459,2.055805734707143e-08,1.2705739023961735e-10,0.015107435649477525,0.9848925436654078,10,20,20
13,5460,4.321373960957294e-15,1.323455970044787e-12,0.001130105197079723,0.9988698948015925,10,20,20
13,5461,3.175173801791337e-16,7.512155400228816e-09,0.000576300532736958,0.9994236919551073,10,20,20
13,5462,1.2519037561747066e-15,2.899388305541014e-09,0.0001987574714417972,0.9998012396291684,10,20,20
13,5463,8.513153479797435e-12,5.4713148151880395e-05,0.06736376134419064,0.9325815254991443,10,20,20
13,5464,4.28944320434458e-15,2.9042449239099304e-09,0.0003437282943418489,0.9996562688014088,10,20,20
13,5465,5.8457322143798276e-15,8.496504839582505e-10,0.06562424503135877,0.9343757541189849,10,20,20
13,5466,3.389008685736135e-14,2.6002538968183513e-08,0.06395208563026397,0.9360478883671632,10,20,20
13,5467,1.8351279048821413e-15,1.1266570959725114e-10,0.00012452446360089304,0.9998754754237316,10,20,20
13,5468,3.915696165103637e-15,1.204853015141279e-12,0.0015060084028184365,0.9984939915959729,10,20,20
13,5469,5.897589516931689e-16,1.6880277404688081e-12,0.0006172112637099445,0.9993827887346015,10,20,20
13,5470,2.031892696748404e-16,2.6837887802467896e-12,0.00020386045799603838,0.9997961395393199,10,20,20
13,5471,1.4808020286584773e-15,1.91615319338356e-12,8.443815199893835e-05,0.9999155618460833,10,20,20
13,5472,1.7226292965918276e-16,3.8970084480485953e-13,0.0023666700346494035,0.9976333299649607,10,20,20
13,5473,4.334534496328813e-15,2.5007587502287084e-09,0.0021023039624128376,0.9978976935368239,10,20,20
13,5474,9.237679225976156e-16,3.654374817393064e-14,0.000295380997066058,0.9997046190028964,10,20,20
13,5475,1.5767381800815225e-14,3.518308129713006e-08,0.0021434486019280613,0.9978565162149747,10,20,20
13,5476,3.647058606104152e-12,4.3678976676630325e-10,0.0018577396796244563,0.9981422598799389,10,20,20
13,5477,2.8085116325066578e-14,1.6475009371343972e-12,0.0008132862551115704,0.9991867137432129,10,20,20
13,5478,1.0716788622574753e-08,1.0362526358267905e-07,0.00583711015955053,0.9941627754983973,10,20,20
13,5479,4.576695707433722e-13,1.0362521486793592e-07,0.00782613197952348,0.9921737643948042,10,20,20
13,5480,7.483718264921455e-14,1.0362366002662988e-07,0.0059879534982177855,0.9940119428780474,10,20,20
13,5481,1.2217310907040205e-13,1.215108752800432e-05,0.01364056336437459,0.9863472855479752,10,20,20
13,5482,1.2130127776797625e-13,5.231771791073084e-09,0.0009859144906811943,0.9990140802774258,10,20,20
13,5483,1.5486080613542086e-15,3.0328203088607608e-09,0.0019338777374652357,0.9980661192297127,10,20,20
13,5484,1.5295055810599513e-15,1.6006351122622516e-11,0.002973894627220604,0.9970261053567716,10,20,20
13,5485,4.4586822063368865e-13,1.8296188673973043e-10,0.007239650907399052,0.9927603489091933,10,20,20
13,5486,3.551352403936004e-13,6.965706289626532e-11,0.046007817911550085,0.9539921820184378,10,20,20
13,5487,4.340375581192426e-15,3.471151252263218e-12,0.10897082866621048,0.8910291713303138,10,20,20
13,5488,1.5685795701025595e-14,6.98092584161458e-12,0.06830273502964643,0.931697264963357,10,20,20
13,5489,1.454184883318461e-11,3.166794065605399e-10,0.09348866286562305,0.9065113368031558,10,20,20
13,5490,1.4529357281875858e-11,1.6597704024759744e-11,0.0663744297592311,0.9336255702096417,10,20,20
13,5491,1.276048650847056e-17,8.316767298377125e-13,0.0017117233139657764,0.9982882766852021,10,20,20
13,5492,5.552797675850392e-13,3.0415060029419964e-12,0.005066677240221125,0.9949333227561821,10,20,20
13,5493,2.287038909286562e-15,2.4434117341800246e-11,0.07360818042464351,0.9263918195509202,10,20,20
13,5494,2.9031237792555405e-12,7.963561873196602e-11,0.07111238388270727,0.9288876160347541,10,20,20
13,5495,2.894030300036095e-12,1.0892203040045308e-09,0.007406939439368154,0.9925930594685177,10,20,20
13,5496,1.1393193379152293e-17,6.321053022314915e-13,0.007211791220021356,0.9927882087793467,10,20,20
13,5497,6.115491192743361e-16,3.800500572816575e-13,0.00017576765920564665,0.9998242323404136,10,20,20
13,5498,7.448035266117773e-09,7.732451447858509e-10,0.03481090500119272,0.965189086777527,10,20,20
13,5499,7.475573969884321e-09,6.000216212292428e-11,0.031853847664779736,0.9681461447996442,10,20,20
13,5500,8.575787095023116e-17,2.5393986339526584e-12,0.0002570198309889499,0.9997429801664717,10,20,20
13,5501,8.112979410142412e-11,1.8863719853890928e-06,0.03221455331057764,0.967783560236307,10,20,20
13,5502,1.3010995672357102e-17,1.3484866800734467e-13,0.005614895565322754,0.9943851044345424,10,20,20
13,5503,4.2161913714886385e-18,1.6455851564102782e-12,0.0022879092286939365,0.9977120907696604,10,20,20
13,5504,8.438580423979604e-15,3.0584249001688317e-13,0.003967294467915123,0.9960327055317706,10,20,20
13,5505,8.453194787005951e-15,3.851348809123896e-13,0.003891310456472144,0.9961086895431341,10,20,20
13,5506,5.480692813879439e-17,2.119244495714806e-12,0.003814844429288687,0.9961851555685918,10,20,20
13,5507,5.443058392151023e-12,1.2359030232255424e-12,0.004703555691819034,0.9952964443015018,10,20,20
13,5508,7.280828529914736e-14,2.4000307223980632e-12,0.0005433622995612778,0.9994566376979657,10,20,20
13,5509,1.405258242064312e-14,3.410639772501383e-09,0.0062105788167087705,0.9937894177726372,10,20,20
13,5510,2.147698934255643e-13,8.744672148990907e-11,0.0004538422629486864,0.9995461576493898,10,20,20
13,5511,2.011852501597791e-13,3.739206421296135e-12,0.003512327463160621,0.9964876725328988,10,20,20
13,5512,2.2295846696869093e-13,3.679694378879947e-08,0.02919510129402971,0.9708048619088032,10,20,20
13,5513,8.245706568137902e-13,4.485815263949034e-11,0.02349274411088651,0.9765072558434309,10,20,20
13,5514,5.571585710138444e-16,6.278659170218791e-13,0.0028663086417419917,0.9971336913576296,10,20,20
13,5515,1.0226159949819904e-09,3.767599060445806e-13,0.005276255748664375,0.9947237432283428,10,20,20
13,5516,3.065026539572492e-16,4.071469614865063e-13,0.0021312399145504684,0.9978687600850421,10,20,20
13,5517,1.4076107488271414e-12,9.15729498679445e-12,0.002159700049093458,0.9978402999403416,10,20,20
13,5518,1.4137033031502679e-12,1.3360643536826712e-10,0.0374507527777916,0.9625492470871885,10,20,20
13,5519,5.628751533147723e-15,1.1200861763924456e-10,0.0051916061293801295,0.9948083937586055,10,20,20
13,5520,3.669750678803634e-17,3.047474219835335e-09,0.009393375287598963,0.9906066216649266,10,20,20
13,5521,3.021151512488279e-17,2.5689779799740804e-12,0.005940863771670252,0.9940591362257607,10,20,20
13,5522,1.1735306876944832e-15,4.926510914747971e-13,0.0017622335161619842,0.9982377664833445,10,20,20
13,5523,1.6029463558338345e-15,2.098562335612182e-08,0.00336649788746841,0.9966334811269066,10,20,20
13,5524,1.1693811695348048e-11,3.2436776304255617e-12,0.002000041450998912,0.9979999585340634,10,20,20
13,5525,1.1214059798739887e-15,3.713368861383105e-07,0.004751630464901499,0.9952479981982112,10,20,20
13,5526,3.8918728243411995e-15,6.968577756781245e-07,0.00725023170947673,0.9927490714327438,10,20,20
13,5527,1.4546111312953682e-15,3.7133721210783003e-07,0.00562112528833504,0.9943785033744513,10,20,20
13,5528,5.0931725665065906e-14,5.407067077830896e-10,0.004628670880513746,0.9953713285787286,10,20,20
13,5529,1.6435242970860787e-15,1.2305144586552345e-12,0.00010488951866534813,0.9998951104801023,10,20,20
13,5530,1.6744390793326825e-15,1.7956064790535104e-11,0.06951288752748455,0.9304871124545574,10,20,20
13,5531,4.993259753035331e-18,1.5059322886126653e-12,0.06888398255440953,0.9311160174440845,10,20,20
13,5532,1.9495403693659186e-14,7.286308117824815e-13,0.0009079732736905247,0.9990920267255614,10,20,20
13,5533,1.0117079458785483e-14,6.685525815590879e-12,0.015039289275331543,0.9849607107179728,10,20,20
13,5534,8.974326002329624e-15,7.652937773734054e-12,0.004724753009786626,0.9952752469825514,10,20,20
13,5535,6.679341631319585e-16,5.604130125516541e-12,0.004279357991554241,0.9957206420028408,10,20,20
13,5536,1.6108316632080806e-15,1.1994164764793955e-11,0.0007970862572716827,0.9992029137307327,10,20,20
13,5537,3.393529714264486e-14,2.4181895584027577e-13,0.00018752538479838954,0.9998124746149258,10,20,20
13,5538,3.4488353989082865e-14,1.3788839686022036e-10,0.00039750227440754756,0.9996024975876695,10,20,20
13,5539,1.6837663916559233e-14,2.0037185131085386e-11,0.00114062432027166,0.9988593756596742,10,20,20
13,5540,1.180389588496337e-14,3.784261572608617e-13,0.003749028366931444,0.9962509716326782,10,20,20
13,5541,8.124851619049849e-16,1.7960989869908926e-12,0.058446370847554316,0.9415536291506484,10,20,20
13,5542,7.064991442692943e-16,5.204522472362156e-14,0.0001713251352927661,0.9998286748646544,10,20,20
13,5543,1.9596858525642458e-16,8.418426323424536e-09,0.00031578910997847166,0.999684202471595,10,20,20
13,5544,1.9634311033251996e-15,7.296155630267685e-12,0.0011418706670831532,0.9988581293256187,10,20,20
13,5545,1.9846493886185793e-15,1.1157417085970593e-07,0.0736124055446466,0.9263874828811804,10,20,20
13,5546,6.816100702976845e-15,1.684686546752826e-13,0.04191746180616768,0.9580825381936571,10,20,20
13,5547,1.7457226244332952e-15,4.081858309240288e-13,0.00012016412745953157,0.9998798358721306,10,20,20
13,5548,7.201370941501969e-15,1.3510305832058842e-12,0.0038825166354847845,0.9961174833631569,10,20,20
13,5549,1.4916600521914995e-12,7.524585846136724e-08,0.04226046503178259,0.9577394597208672,10,20,20
13,5550,1.4937196010967064e-12,7.524325320487456e-08,0.04046462107220941,0.9595353036830435,10,20,20
13,5551,1.4973073424958014e-12,7.557666279298663e-08,0.08468847969898864,0.9153114447228511,10,20,20
13,5552,7.82353173620423e-12,1.5084132042834807e-12,0.049882992274437585,0.9501170077162303,10,20,20
13,5553,7.367182301678476e-14,8.348795864753064e-12,0.04403803058762395,0.9559619694039536,10,20,20
13,5554,7.485185056322816e-14,7.893193934701763e-11,0.0009289137637079031,0.9990710861572853,10,20,20
13,5555,7.47334145812516e-14,8.733023907439445e-10,0.10461642189722035,0.8953835772294022,10,20,20
13,5556,1.4897184287073853e-12,7.378520663318125e-09,0.06990012227838122,0.9300998703416086,10,20,20
13,5557,1.4349803864729465e-12,1.1264557985712814e-10,0.0005016681859196499,0.9994983316999999,10,20,20
13,5558,8.274621139982844e-15,2.7144224737963224e-12,0.07185206615421029,0.9281479338430669,10,20,20
13,5559,6.261807889245195e-16,2.6469332168162073e-14,4.2273054486077664e-05,0.9999577269454868,10,20,20
13,5560,2.5197765271644356e-12,1.2194621373036517e-06,0.03832914454579005,0.9616696359895529,10,20,20
13,5561,2.937370448625206e-14,1.1516544069867526e-06,0.10036172022801852,0.8996371281175449,10,20,20
13,5562,0.000975547389999135,1.1518125441062926e-06,0.1341117115358867,0.8649115892615699,10,20,20
13,5563,0.0009755473899724707,3.784432387457626e-10,0.17628477635695555,0.8227396758746286,10,20,20
13,5564,8.714676296465586e-10,2.8211229555670842e-06,0.10592659053319695,0.8940705874723796,10,20,20
13,5565,8.321508399313852e-10,2.82091705222343e-06,0.10006084734144874,0.8999363309093482,10,20,20
13,5566,2.4906116426993445e-12,0.00011232467489227355,0.12090104461980924,0.8789866307028078,10,20,20
13,5567,1.8184271862170469e-12,0.00011232460754197002,0.10222428459986563,0.8976633907907738,10,20,20
13,5568,6.22383496882087e-07,2.0036238913437213e-10,0.20157924499427912,0.7984201324218614,10,20,20
13,5569,1.0532509826209328e-09,3.201130428601746e-10,0.20105448241499216,0.7989455162116438,10,20,20
13,5570,1.258798086895244e-09,4.6716471201980064e-09,0.2043814368710783,0.7956185571984756,10,20,20
13,5571,4.1342063844219365e-12,3.9989180766569156e-07,0.10663147371614964,0.8933681263879087,10,20,20
13,5572,3.8780736160253415e-11,3.971046878659133e-07,0.07935007424298127,0.9206495286135501,10,20,20
13,5573,4.6327318921962385e-17,4.624359717104589e-13,0.0015485951050550773,0.9984514048944824,10,20,20
13,5574,1.3692796346480227e-17,1.279890395692307e-12,0.0016069388877124728,0.9983930611110077,10,20,20
13,5575,7.54433206320308e-14,1.3505428125115535e-12,0.0005768855351197602,0.9994231144634542,10,20,20
13,5576,7.554156221313748e-14,7.374743909533356e-10,0.0013587873831052454,0.9986412118793447,10,20,20
13,5577,8.012291152431143e-14,9.701776885276676e-09,0.12567072538949875,0.8743292649086436,10,20,20
13,5578,8.0132745351101e-14,1.342960746261799e-09,0.07068737643841765,0.9293126222185416,10,20,20
13,5579,8.460970313758239e-14,3.5141459077135538e-09,0.07166137059088418,0.9283386258948854,10,20,20
13,5580,1.492600848668054e-15,4.782833667599523e-11,0.004533690289190472,0.9954663096629798,10,20,20
13,5581,3.22907478854649e-13,3.702378580836214e-13,0.005748982373710363,0.9942510176255965,10,20,20
13,5582,3.227573697095969e-13,2.4115376012997866e-12,0.005219789100077041,0.9947802108971887,10,20,20
13,5583,2.4471287684456198e-09,4.179964890665855e-09,0.03846650167678878,0.9615334916961175,10,20,20
13,5584,8.699082670509637e-17,3.119842618758608e-11,0.0011551067396933247,0.9988448932291083,10,20,20
13,5585,8.60407253259938e-15,3.1692786334775433e-13,5.1985988393664126e-05,0.9999480140112809,10,20,20
13,5586,8.648042761139164e-15,1.5034400289665956e-10,0.026752025719158818,0.9732479741304884,10,20,20
13,5587,1.9853919991132135e-16,2.1130932626979002e-13,3.510337997400033e-05,0.9999648966198146,10,20,20
13,5588,4.004534441572164e-16,3.0652705471157757e-13,0.06059378276579626,0.9394062172338968,10,20,20
13,5589,1.9831072679053054e-13,5.199259954722057e-13,0.01741466909029677,0.9825853309089847,10,20,20
13,5590,9.394291335551263e-14,1.8898029881821065e-12,0.06909460560548211,0.9309053943925341,10,20,20
13,5591,9.858333874893352e-14,9.73739426643072e-13,0.051964597040202135,0.9480354029587253,10,20,20
13,5592,1.0057499522992838e-13,2.849746716716021e-10,0.026932146085911594,0.9730678536290132,10,20,20
13,5593,3.7726467737564435e-14,1.5276884823927904e-10,0.005823001188096267,0.9941769986590971,10,20,20
13,5594,9.337339660230063e-17,3.0271511470622524e-13,0.002829210413045247,0.997170789586652,10,20,20
13,5595,3.018809273350075e-17,4.840535092646284e-14,0.0011192358423036983,0.998880764157648,10,20,20
13,5596,1.4599272505839728e-12,2.4845038477371234e-07,0.022204401537559596,0.9777953500105958,10,20,20
13,5597,3.334270240331731e-13,5.483315504680341e-09,0.019691016703412854,0.9803089778129381,10,20,20
13,5598,4.484140878718273e-16,5.912716662197872e-13,0.005560557018677078,0.9944394429807313,10,20,20
13,5599,7.591651928311349e-14,1.3896121281245992e-12,0.00253700910787208,0.9974629908906621,10,20,20
13,5600,2.865852226729057e-15,5.505499010088476e-12,0.005420411926007511,0.9945795880684842,10,20,20
13,5601,2.3740864235849115e-15,4.1754907879566724e-09,0.0027984346934718765,0.9972015611310351,10,20,20
13,5602,4.674599765323326e-14,3.562987115893295e-12,0.017173804204283005,0.9828261957921072,10,20,20
13,5603,7.675431274594494e-14,1.638975980006542e-12,5.438674654428001e-05,0.9999456132517398,10,20,20
13,5604,3.3235306476406346e-14,2.2527720548244214e-07,0.009206734410299872,0.9907930403124613,10,20,20
13,5605,2.4582204022409266e-11,2.341763092173176e-07,0.04233446984381537,0.957665295955293,10,20,20
13,5606,4.1976709567733365e-12,1.0010237388821962e-08,0.08472726680579049,0.9152727231797746,10,20,20
13,5607,8.101281613836554e-12,1.1945441998894815e-08,0.034055677206293225,0.9659443108401634,10,20,20
13,5608,4.194823816663374e-12,7.759857599887228e-09,0.05877433097444279,0.9412256612615042,10,20,20
13,5609,7.442477967316665e-16,1.592619776223046e-10,0.026601171297462506,0.9733988285432746,10,20,20
13,5610,1.0917389294195716e-15,1.6227761794195207e-10,0.001555765201024184,0.9984442346366971,10,20,20
13,5611,1.618948556567927e-13,2.455506748368826e-12,0.005142544397014651,0.9948574556003678,10,20,20
13,5612,2.986946457092342e-15,8.032862448230328e-12,0.07922686552521976,0.9207731344667444,10,20,20
13,5613,3.827739573966375e-15,1.7545767285258678e-11,0.05849313128591623,0.9415068686965343,10,20,20
13,5614,8.240824669112681e-16,1.3275405356091111e-11,0.005954829598230217,0.9940451703884937,10,20,20
13,5615,3.745187734508201e-15,1.2859441084595918e-11,9.628288215955252e-05,0.9999037171049773,10,20,20
13,5616,2.9922829257437027e-12,1.4149229183410067e-12,0.028424728322476816,0.9715752716731162,10,20,20
13,5617,1.597497072140214e-14,3.421319852731172e-11,0.08108548765541508,0.9189145123103556,10,20,20
13,5618,8.507528418919374e-14,3.3115016863639034e-11,0.044609325513263534,0.9553906744535363,10,20,20
13,5619,1.6443034475978034e-14,5.475929066142577e-13,0.0019413484756960614,0.9980586515237398,10,20,20
13,5620,1.726778084109371e-14,4.309310692141112e-12,0.00011011737282544593,0.9998898826228478,10,20,20
13,5621,2.4028462215127663e-14,3.3334836182667318e-12,0.0001552127136621754,0.9998447872829802,10,20,20
13,5622,3.1814557362845934e-11,2.3281296029048574e-12,0.0009764010199053116,0.999023598945952,10,20,20
13,5623,3.705181853636576e-14,2.2986813037198504e-09,0.0316880890344554,0.9683119086668264,10,20,20
13,5624,2.995741427367141e-11,6.802487799266458e-10,0.053228769224464546,0.9467712300653293,10,20,20
13,5625,1.4415539779043391e-15,4.9497127860505e-13,0.0015958936728504216,0.9984041063266533,10,20,20
13,5626,6.235063682992563e-16,3.3352179193324963e-10,0.0002252777971386496,0.9997747218693389,10,20,20
13,5627,1.951901776591714e-13,2.0347042647856313e-11,0.0009988953997403507,0.9990011045797174,10,20,20
13,5628,3.572309392220845e-13,4.67186702040697e-09,0.0030258176479861783,0.9969741776797896,10,20,20
13,5629,5.930582293502477e-16,2.3080812277497203e-12,0.00021064843679053112,0.9997893515609005,10,20,20
13,5630,7.467015204137682e-17,1.5426105053368923e-12,0.0001317766805946991,0.9998682233178624,10,20,20
13,5631,4.188085335805995e-19,9.938512148454235e-13,0.00606253179375658,0.9939374682052498,10,20,20
13,5632,7.580260198518328e-13,7.110435702622051e-12,9.725618926002588e-05,0.9999027438028716,10,20,20
13,5633,1.2712502199575442e-17,1.1024947822422607e-12,0.00011130942136078738,0.9998886905775365,10,20,20
13,5634,9.42054368244554e-10,5.214195911443543e-13,0.021910910874084002,0.9780890881833402,10,20,20
13,5635,1.1279951820737993e-18,3.70471579356586e-12,0.00014507785565077744,0.9998549221406444,10,20,20
13,5636,3.661411384569736e-12,1.6614646464869718e-10,0.24680390699783797,0.7531960928323536,10,20,20
13,5637,3.661317713598833e-12,1.8449220434036774e-10,0.13744240095554813,0.8625575988562986,10,20,20
13,5638,4.457826510132995e-09,4.546260593715399e-07,0.09892942252304064,0.9010701183930735,10,20,20
13,5639,1.673549815404097e-12,2.574145750034739e-09,0.10117600481170172,0.8988239926124788,10,20,20
13,5640,1.671593188952166e-11,7.01036679596499e-10,0.10021067476162586,0.8997893245206212,10,20,20
13,5641,6.78428746320408e-14,0.0424133488923029,0.05661196673913621,0.9009746843684928,10,20,20
13,5642,1.471581520180645e-11,1.763051586478017e-08,0.15624473073980713,0.8437552516149616,10,20,20
13,5643,4.264091971788194e-14,3.333532504070672e-08,0.09023139673973268,0.9097685699248995,10,20,20
13,5644,9.064006983225999e-17,3.3064046615568124e-08,0.0665238114484655,0.9334761554874875,10,20,20
13,5645,9.336611357750443e-17,3.4519810370858196e-11,0.06559679470569099,0.9344032052597889,10,20,20
13,5646,3.033616578160869e-15,5.043507712262593e-11,0.005997919217049041,0.994002080732513,10,20,20
13,5647,8.88368640089776e-15,4.0443181560161294e-11,0.06926307531430403,0.9307369246452438,10,20,20
13,5648,1.3306515840245317e-16,2.44568046471622e-12,0.0005068628564621994,0.9994931371410921,10,20,20
13,5649,8.540099962640017e-17,9.527764065321911e-14,0.0001980936700917588,0.999801906329813,10,20,20
13,5650,9.43461906153725e-19,9.351642801926908e-13,0.00017173644208490067,0.99982826355698,10,20,20
13,5651,5.714925029844685e-17,1.0641550686166979e-12,0.0011327392944308974,0.9988672607045048,10,20,20
13,5652,5.597075459448997e-17,1.3232423158804657e-12,0.0011500063519713408,0.9988499936467055,10,20,20
13,5653,4.69423199468157e-14,1.54570586038198e-10,0.0011785495088052584,0.9988214503365771,10,20,20
13,5654,4.7145731308473396e-14,1.7025134506876662e-13,0.0010544019685324213,0.99894559803125,10,20,20
13,5655,4.6992829772505016e-14,3.4919595357403734e-14,0.0019502846891080357,0.99804971531081,10,20,20
13,5656,5.499742042422284e-14,3.5549249367400244e-13,0.0019828532923930635,0.9980171467071963,10,20,20
13,5657,8.072817582949445e-15,7.198226576431077e-15,0.00100508566890165,0.9989949143310829,10,20,20
13,5658,5.415340930595614e-14,1.6798401897786937e-12,8.477388977407358e-05,0.9999152261084919,10,20,20
13,5659,2.1102167394804934e-17,7.855283147479345e-11,0.0527654374141215,0.9472345625073254,10,20,20
13,5660,6.052402207262541e-14,7.820628286828298e-11,0.05435668381049026,0.9456433161112431,10,20,20
13,5661,8.906482728006577e-16,1.0832271750140883e-11,0.00016222960219265954,0.9998377703869741,10,20,20
13,5662,1.739290152191738e-15,5.51709763995551e-12,0.0034243499856479163,0.9965756500088332,10,20,20
13,5663,1.5287783807176325e-16,8.293286142375138e-11,0.007832598804462602,0.9921674011126044,10,20,20
13,5664,1.2335069966378556e-15,3.3195464967140766e-12,0.0025706807769645093,0.9974293192197144,10,20,20
13,5665,1.3126799433911423e-12,4.2770345144509755e-12,0.0026502218749370984,0.9973497781194729,10,20,20
13,5666,1.6261207736835884e-13,6.482587715373599e-11,0.03202982168595585,0.9679701782490557,10,20,20
13,5667,1.6294122281363596e-13,4.035280831345254e-11,0.0007200574843093165,0.9992799424751748,10,20,20
13,5668,1.105195899160758e-14,3.26697701878351e-11,0.04025155724394972,0.9597484427233696,10,20,20
13,5669,1.4389596188988908e-16,1.0966741009287073e-09,0.0015609098718693893,0.9984390890314565,10,20,20
13,5670,1.1157954002038207e-15,1.7279214797777503e-10,0.0013643351300693385,0.9986356646971375,10,20,20
13,5671,1.0700739139339114e-15,7.838772846964829e-11,0.0001918972488418066,0.9998081026727694,10,20,20
13,5672,1.1060741601707309e-15,3.6325400254518933e-12,0.002170138265692162,0.9978298617306741,10,20,20
13,5673,1.0411490445487205e-13,7.363234000713358e-12,0.002305085002403607,0.9976949149901289,10,20,20
13,5674,2.9024964172938747e-14,1.1630089867803496e-12,0.03754394770395416,0.9624560522948536,10,20,20
13,5675,4.352476321689382e-13,1.910882842845419e-12,0.00016896375999057606,0.9998310362376632,10,20,20
13,5676,4.690562666659827e-13,1.5194642136072157e-10,0.0012106299138270815,0.9987893699337572,10,20,20
13,5677,1.2744992937119993e-17,4.480812599473187e-14,0.00014900861666807807,0.9998509913832871,10,20,20
13,5678,3.909247017116575e-15,1.7224115782732848e-12,0.000637651667331836,0.9993623483309421,10,20,20
13,5679,3.765809011424705e-15,1.5556676133416602e-07,0.05418245621773984,0.945817388215495,10,20,20
13,5680,4.797291456633817e-17,9.992956404200735e-12,0.002118243537044306,0.9978817564529627,10,20,20
13,5681,7.304566753372823e-15,1.4705623633090773e-11,0.00019095181079988434,0.9998090481744872,10,20,20
13,5682,1.9219125406148276e-16,8.642492822144023e-10,0.0008039988663512242,0.9991960002693994,10,20,20
13,5683,2.2711034476688925e-14,1.0176403287986064e-09,0.1013378109127536,0.8986621880695832,10,20,20
13,5684,2.095564092847859e-08,4.450881599420539e-11,0.02705838143184639,0.9729415975680038,10,20,20
13,5685,3.433647193979483e-14,1.0067492532360191e-10,0.009224337836654266,0.9907756620626362,10,20,20
13,5686,6.183004822053631e-16,2.3103315810632536e-10,0.007421048918865994,0.9925789508501002,10,20,20
13,5687,2.3051126160486816e-08,4.923134452306129e-10,0.10296757281280007,0.8970324036437601,10,20,20
13,5688,1.3631225445653214e-12,1.3290385859068072e-10,0.10308257161765359,0.8969174282480787,10,20,20
13,5689,2.0069735490841405e-12,3.666594219785208e-09,0.0916618789437793,0.9083381173876196,10,20,20
13,5690,2.059320090444552e-12,8.838134761115121e-11,0.09254315209565056,0.9074568478139087,10,20,20
13,5691,0.0011615890420723838,6.603988016324641e-06,0.09899505991057601,0.8998367470593351,10,20,20
13,5692,5.315878443641362e-09,1.4945362641832587e-05,0.10173709384910626,0.8982479554723731,10,20,20
13,5693,5.3158787782325615e-09,1.4939451989902532e-05,0.10127005747494702,0.8987149977571839,10,20,20
13,5694,5.315877340838162e-09,1.493931195565067e-05,0.1014137730878523,0.8985712822843149,10,20,20
13,5695,5.303527616853421e-09,2.492660387433081e-07,0.10333648726850533,0.8966632581619279,10,20,20
13,5696,5.303528465286769e-09,2.492658281600626e-07,0.10489547729118494,0.8951042681394581,10,20,20
13,5697,1.6281630780843613e-08,9.729841759741093e-06,0.1016882991190677,0.8983019547575415,10,20,20
13,5698,0.0013090662244804486,1.1873353430084363e-06,0.1004331797817716,0.8982565666584049,10,20,20
13,5699,0.0013090663279703328,0.00019939544965294769,0.21165397453953375,0.7868375636828426,10,20,20
13,5700,0.0013090662244833963,1.28802671908296e-06,0.13908928727180753,0.85960035847699,10,20,20
13,5701,0.001309066225760506,1.188163483122055e-06,0.09964642663426224,0.8990433189764941,10,20,20
13,5702,0.0013090662257580913,1.1873407969289146e-06,0.10104888309928203,0.8976408633341629,10,20,20
13,5703,3.624326684512034e-14,4.815095213738352e-08,0.10240841985475987,0.8975915319942516,10,20,20
13,5704,2.7003143734459213e-11,4.79683443827129e-08,0.10031970823405416,0.8996802437705981,10,20,20
13,5705,2.7002931934772618e-11,4.795749634672301e-08,0.10248130959200799,0.8975186424234926,10,20,20
13,5706,1.6830051371166064e-09,4.796762507673254e-08,0.18569867248585953,0.8143012778635104,10,20,20
13,5707,1.7201558604937838e-09,1.0599755220319963e-09,0.2825937361072429,0.7174062611126246,10,20,20
13,5708,1.7199253864823257e-09,2.0026244800748283e-11,0.2798869297888198,0.7201130684712278,10,20,20
13,5709,4.1804050285888493e-08,5.426636327694768e-07,0.2859668831991148,0.7140325323332009,10,20,20
13,5710,0.09910070240433669,8.53771579623115e-11,0.18659723113004195,0.7143020663802442,10,20,20
13,5711,0.02969071872105451,3.248446406307606e-05,0.2558927957851787,0.7143840010297032,10,20,20
13,5712,6.973963660734886e-05,0.0003570598039044145,0.3039893585125445,0.6955838420469438,10,20,20
13,5713,0.0012979281895611604,0.09731272150167236,0.19489833295077752,0.7064910173579888,10,20,20
13,5714,8.835756537261212e-11,0.09731631924485941,0.23442957260464806,0.6682541080621347,10,20,20
13,5715,4.96648372590563e-09,0.13064311790720706,0.2025648107152805,0.6667920664110283,10,20,20
13,5716,4.894869676678801e-09,0.06695133960944315,0.23966101796939224,0.6933876375262954,10,20,20
13,5717,1.0360115017345427e-07,0.03362721459339531,0.3653665556482354,0.6010061261572187,10,20,20
13,5718,1.0377984538348853e-07,0.059903164539368815,0.343742043760907,0.5963546879198788,10,20,20
13,5719,1.0699953790900553e-10,0.03553805722572917,0.2997413776875092,0.6647205649797616,10,20,20
13,5720,1.082827577942385e-10,0.001898631935463618,0.36868310472347776,0.6294182632327752,10,20,20
13,5721,0.04116646720141749,0.09533296145418893,0.19421685331231409,0.6692837180320791,10,20,20
13,5722,0.041166467201394455,0.10094750362576033,0.16020949335690948,0.6976765358159356,10,20,20
13,5723,1.6489050616701139e-06,0.11984153212907334,0.277172324391397,0.6029844945744679,10,20,20
13,5724,5.271470670788566e-11,0.10764646275641779,0.28936485171053417,0.6029886854803334,10,20,20
13,5725,6.6271932786712e-11,0.11449820959163706,0.28966974215993324,0.595832048182157,10,20,20
13,5726,1.2403381318236156e-06,0.09053069084843018,0.31173802129328865,0.5977300475201492,10,20,20
13,5727,1.0796066864553636e-11,0.13166493122384476,0.2683360349900431,0.5999990337753157,10,20,20
13,5728,1.0844837254546505e-11,0.10684982037955351,0.2931533721506629,0.5999968074589387,10,20,20
13,5729,9.546310268456333e-06,0.10010668193939913,0.2997383689021178,0.6001454028482145,10,20,20
13,5730,9.546310237861893e-06,0.13540565877795796,0.2632770584397853,0.6013077364720184,10,20,20
13,5731,7.066646085699382e-11,0.10009876439679995,0.30122678555602134,0.5986744499765122,10,20,20
13,5732,1.0602385914553767e-08,0.10104673050116886,0.2990350231007549,0.5999182357956905,10,20,20
13,5733,1.05411075414489e-08,0.1017016233990276,0.19849837835284265,0.6997999877070223,10,20,20
13,5734,5.3445496027323976e-14,0.10167409601619629,0.19839879500131544,0.6999271089824348,10,20,20
13,5735,5.773325872384671e-08,0.09999860119560858,0.20145549959335476,0.6985458414777772,10,20,20
13,5736,5.824082944749823e-08,0.10047683109165344,0.19959900907664105,0.699924101590876,10,20,20
13,5737,5.774288499821907e-08,0.10001064066574579,0.20009201470473875,0.6998972868866301,10,20,20
13,5738,5.773569502454836e-08,0.07688009729042444,0.22318156867447247,0.6999382762994079,10,20,20
13,5739,1.3297036206663418e-08,0.0672814520660291,0.23284180594825274,0.6998767286886814,10,20,20
13,5740,4.169698382558185e-07,0.10202882744245152,0.19538066300008633,0.7025900925876235,10,20,20
13,5741,1.741270010918704e-05,0.10027500278805898,0.21341796399632007,0.6862896205155117,10,20,20
13,5742,1.4858534877216494e-06,0.10046835037678678,0.21330381112835095,0.6862263526413742,10,20,20
13,5743,0.00012814893200162957,0.09999553592476133,0.2024412446257914,0.6974350705174452,10,20,20
13,5744,2.7008461916914732e-06,0.09998215889437595,0.26687166488894454,0.6331434753704878,10,20,20
13,5745,2.7008460358404014e-06,0.08899761778829074,0.279883489321282,0.6311161920443918,10,20,20
13,5746,6.857440291946575e-13,0.0889525728153791,0.1764891640301556,0.7345582631537797,10,20,20
13,5747,4.107884993221432e-14,0.09962783697954423,0.09891618360854684,0.8014559794118676,10,20,20
13,5748,2.4588559042328627e-07,0.09859191338962718,0.10141170843820495,0.7999961322865768,10,20,20
13,5749,6.457324811344459e-10,0.09858939639225232,0.1014179627078671,0.7999926402541477,10,20,20
13,5750,6.408618122869597e-10,0.09999345799293458,0.09995553050847346,0.8000510108577299,10,20,20
13,5751,6.410212149413023e-10,0.09999358013081515,0.10000562172636232,0.8000007975018011,10,20,20
13,5752,2.0975209878193015e-10,0.09995457367013819,0.10079322682445264,0.7992521992956568,10,20,20
13,5753,1.7595730643547404e-08,0.09996202892556447,0.10682351133628092,0.7932144421424241,10,20,20
13,5754,1.4039544676437875e-06,0.09999056764806727,0.10139307352123608,0.7986149548762287,10,20,20
13,5755,1.8440097231733735e-15,0.09988043948574378,0.11722806395472311,0.7828914965595309,10,20,20
13,5756,4.7923790261525114e-08,0.09999822239363906,0.061074035502879834,0.8389276941796908,10,20,20
13,5757,4.792378960872538e-08,0.09983220404757295,0.04109466654145188,0.8590730814871856,10,20,20
13,5758,1.3898810849218715e-16,0.09983220394549326,0.0019694742295147953,0.8981983218249919,10,20,20
13,5759,7.013498245976547e-13,0.09983220395456992,0.007070379867354447,0.8930974161773741,10,20,20
13,5760,6.554660328508601e-16,0.09999058177960132,0.004082918146265727,0.8959265000741323,10,20,20
13,5761,1.1511083133281493e-14,0.09999079445013576,0.07412854897192853,0.825880656577924,10,20,20
13,5762,1.4845435336917992e-13,0.09999079444977928,0.07741739890953779,0.8225918066405347,10,20,20
13,5763,1.6504578800162933e-14,0.09999880313223078,0.0012996793064327518,0.89870151756132,10,20,20
13,5764,2.146824366422935e-16,0.09999880367625276,0.06551485869000072,0.8344863376337462,10,20,20
13,5765,7.629973338218175e-17,0.09763883630685327,0.004277763782084017,0.8980833999110626,10,20,20
13,5766,4.0012900029963635e-15,0.09999997155201587,0.001819763026570303,0.8981802654214098,10,20,20
13,5767,5.792093853682908e-17,0.09984930294688985,0.00740937192989777,0.8927413251232125,10,20,20
13,5768,4.423121507314655e-14,0.09995005785138036,0.008299982841206862,0.8917499593073688,10,20,20
13,5769,8.963254767387836e-13,0.09861116840507012,0.005454604787270568,0.8959342268067632,10,20,20
13,5770,1.557730413891991e-13,0.09999661345953129,0.0029776953478428494,0.8970256911924702,10,20,20
13,5771,6.852546317420959e-18,0.09999992184004709,0.004184670156787101,0.8958154080031658,10,20,20
13,5772,9.827220602624715e-14,0.09992461853923115,0.004731697279412731,0.8953436841812579,10,20,20
13,5773,9.84513741797799e-14,0.09992461857718093,0.07540995065334351,0.824665430769377,10,20,20
13,5774,5.4042207370123296e-12,0.09992464499579676,0.0648260717822985,0.8352492832165005,10,20,20
13,5775,1.44223571314014e-16,0.09999529132416397,0.00026636313730044015,0.8997383455385354,10,20,20
13,5776,3.6923677984008715e-12,0.09999529166554348,0.10685525613877664,0.7931494521919874,10,20,20
13,5777,1.6231707625951264e-14,0.09999529166671543,0.07769066070073953,0.8223140476325289,10,20,20
13,5778,1.7833542687166686e-14,0.09901435871025244,0.07872005339276665,0.8222655878969629,10,20,20
13,5779,1.918912845622053e-15,0.09999187537877009,0.05884867611869482,0.8411594485025331,10,20,20
13,5780,5.720155649267241e-17,0.09999187417272264,0.005511847232322825,0.8944962785949542,10,20,20
13,5781,8.722567358960244e-17,0.09999676505927133,0.0022066412852584103,0.8977965936554699,10,20,20
13,5782,3.600980673951705e-17,0.09999988449019849,0.04924613395544615,0.8507539815543552,10,20,20
13,5783,1.941447413023064e-17,0.09999988437039065,0.04629988973360888,0.8537002258960005,10,20,20
13,5784,4.2425611955936175e-16,0.09966290579248757,0.045137822134677597,0.8551992720728343,10,20,20
13,5785,3.5701792002929187e-14,0.07815077939647279,0.06654926195960645,0.855299958643885,10,20,20
13,5786,2.6010867934521447e-13,0.09946771632875105,0.023489475750712665,0.8770428079202762,10,20,20
13,5787,2.2448303379117307e-14,0.09999396894568843,0.001543715340833448,0.8984623157134554,10,20,20
13,5788,6.577219669144571e-15,0.09999397395502914,0.0016050075134219012,0.8984010185315423,10,20,20
13,5789,3.170992488691074e-10,0.09874137293326651,0.002855470192748376,0.8984031565568857,10,20,20
13,5790,3.170928186916766e-10,0.09874136724045215,0.0018264653170706636,0.8994321671253843,10,20,20
13,5791,3.170929934644109e-10,0.0987413672525543,0.006429720796420011,0.8948289116339325,10,20,20
13,5792,3.777952269405568e-12,0.0999996988953281,0.004404627005573024,0.8955956740953208,10,20,20
13,5793,1.1572776091898446e-15,0.09999969889380857,0.0011522052730748797,0.8988480958331154,10,20,20
13,5794,3.8402800767839625e-15,0.0999386619965495,0.047036285756863555,0.8530250522465828,10,20,20
13,5795,4.645703495924465e-18,0.09999961412884699,0.045956793203998605,0.8540435926671543,10,20,20
13,5796,5.939058693677663e-17,0.09999961412893896,0.048510790239472884,0.8514895956315881,10,20,20
13,5797,7.393753077486355e-17,0.09999961412823294,0.003316770884925346,0.8966836149868417,10,20,20
13,5798,2.2934568217590515e-15,0.09982676386072645,0.0038870305989905833,0.8962862055402805,10,20,20
13,5799,9.411801659644405e-12,0.06964181136151558,0.134806121805007,0.7955520668240652,10,20,20
13,5800,9.412545546403442e-12,0.06964180365065545,0.1310951078142396,0.7992630885256922,10,20,20
13,5801,9.467757121809696e-12,0.06964182668766494,0.22271461568813758,0.7076435576147297,10,20,20
13,5802,1.0447574457243267e-11,0.10000116508316528,0.2603712675156599,0.639627567390727,10,20,20
13,5803,1.8626658279035463e-09,0.1729251525484992,0.19096019200900569,0.6361146535798283,10,20,20
13,5804,1.8602000403889689e-09,0.19819587827204724,0.23347668717443182,0.5683274326933205,10,20,20
13,5805,1.8602005592486175e-09,0.19819587823037305,0.10185954967015334,0.699944570239273,10,20,20
13,5806,1.9185700757671165e-09,0.15021764035129526,0.15560022225359663,0.6941821354765374,10,20,20
13,5807,1.9185849514442223e-09,0.16792813599024797,0.13499622296546268,0.6970756391257045,10,20,20
13,5808,1.918581023377536e-09,0.16818227391859497,0.13200671417195917,0.6998110099908649,10,20,20
13,5809,3.3442539880117754e-15,0.19934915268384884,0.10068632688161694,0.6999645204345308,10,20,20
13,5810,3.392318917359981e-17,0.19942062102808927,0.10329659480120297,0.6972827841707077,10,20,20
13,5811,4.5105223329753454e-08,0.1984027515610804,0.10492902281669929,0.6966681805169965,10,20,20
13,5812,5.385514131474989e-08,0.19620784600580607,0.10520115089328048,0.6985909492457718,10,20,20
13,5813,8.754005062356716e-09,0.1857850621790075,0.1204006310860752,0.6938142979809122,10,20,20
13,5814,8.753990093671587e-09,0.1970948082385025,0.10303209093445423,0.699873092073053,10,20,20
13,5815,1.262459708536164e-08,0.1983454749287835,0.10169989933192189,0.6999546131146969,10,20,20
13,5816,1.2624595956498475e-08,0.1983454749282817,0.10173112537514375,0.6999233870719783,10,20,20
13,5817,1.26336701898121e-08,0.19573224131037686,0.10831437577784293,0.6959533702781094,10,20,20
13,5818,4.972564006185471e-13,0.19983920126698326,0.20594299067283228,0.5942178080596875,10,20,20
13,5819,3.729865451371241e-09,0.20001089330935445,0.20404369045261067,0.5959454125081695,10,20,20
13,5820,2.2627137091400212e-05,0.16254147573827443,0.2375018551764924,0.5999340419481412,10,20,20
13,5821,9.396445946943216e-10,0.16421871432596533,0.17792747809052487,0.6578538066438651,10,20,20
13,5822,3.622273715703751e-14,0.19869405155279324,0.004371507662219108,0.7969344407849517,10,20,20
13,5823,2.780024916670586e-13,0.19999897411159517,0.005299693102629521,0.7947013327854975,10,20,20
13,5824,2.7749434942732132e-12,0.19942811905178823,0.0036441011492709613,0.7969277797961658,10,20,20
13,5825,1.3747024596712537e-16,0.1998930468480426,0.0031394676531291974,0.7969674854988281,10,20,20
13,5826,3.153715714563933e-15,0.19961296463556275,0.0034639443820221605,0.7969230909824121,10,20,20
13,5827,6.90088235819888e-16,0.19899736611698027,0.050131200315966906,0.7508714335670521,10,20,20
13,5828,1.4634869800030346e-14,0.1990043803986104,0.07352333489267977,0.727472284708695,10,20,20
13,5829,2.8128537846982718e-15,0.15207292329825134,0.048544745038279796,0.799382331663466,10,20,20
13,5830,1.6789099577302037e-15,0.1952454033064531,0.005349637653041768,0.7994049590405033,10,20,20
13,5831,3.3285402138793404e-13,0.19900126423033695,0.006823463706550026,0.7941752720627799,10,20,20
13,5832,3.328685421193165e-13,0.19899956086102913,0.006043435978988351,0.7949570031596498,10,20,20
13,5833,2.2631547802539206e-15,0.1999843827163737,0.0017363252469260021,0.7982792920366981,10,20,20
13,5834,2.304247242478359e-13,0.20047094297924412,0.10086106779138013,0.6986679892291452,10,20,20
13,5835,2.304795469432511e-13,0.20047101997443936,0.10299812717796433,0.6965308528473656,10,20,20
13,5836,8.508091599017702e-10,0.19982536819079028,0.14898433283348128,0.6511902981249189,10,20,20
13,5837,3.9655268898860075e-06,0.1571833211597116,0.14312403043986135,0.6996886828735371,10,20,20
13,5838,3.153073040054976e-08,0.15729341364913693,0.14356128579393773,0.6991452690261946,10,20,20
13,5839,1.7820854637960383e-12,0.1571647367378511,0.05052840514881263,0.792306858111554,10,20,20
13,5840,9.313432775320284e-14,0.1988098993015143,0.00426778975131656,0.7969223109470759,10,20,20
13,5841,9.339547948018062e-14,0.19882543991042265,0.08038196662432982,0.7207925934651539,10,20,20
13,5842,6.404184021767341e-15,0.19998601055790194,0.03234262534521542,0.7676713640968761,10,20,20
13,5843,3.9377862388152425e-15,0.1999795329100196,0.05665667939664493,0.7433637876933312,10,20,20
13,5844,4.740074208265301e-17,0.19999539058650548,0.002924367218976822,0.7970802421945178,10,20,20
13,5845,6.871004354619039e-17,0.19432507646043004,0.008613828532742188,0.7970610950068278,10,20,20
13,5846,1.0327680183296847e-10,0.19993589648135818,0.004789957783818727,0.7952741456315464,10,20,20
13,5847,1.032584334039093e-10,0.19966543388358254,0.0035161557256711343,0.7968184102874879,10,20,20
13,5848,1.4806674170498399e-16,0.13471266977662924,0.06740425246152507,0.7978830777618451,10,20,20
13,5849,8.218668100810298e-13,0.13229804318618815,0.06839317842176254,0.7993087783912272,10,20,20
13,5850,7.406118416911228e-15,0.10136819573586027,0.10042533232241369,0.7982064719417185,10,20,20
13,5851,3.491194830034137e-14,0.1384893390118242,0.06273735936245402,0.7987733016256868,10,20,20
13,5852,2.5215364693885625e-10,0.1071762958225222,0.09735923126016163,0.7954644726651623,10,20,20
13,5853,2.52153039261566e-10,0.09429527541044101,0.10573003794892474,0.799974686388481,10,20,20
13,5854,3.7303662696249196e-11,0.10000004739001662,0.102226721717157,0.7977732308555227,10,20,20
13,5855,3.73052703765352e-11,0.09996532834655017,0.10174177062663563,0.798292900989509,10,20,20
13,5856,3.745044426552154e-11,0.09990208216149604,0.1028925614272433,0.7972053563738102,10,20,20
13,5857,3.745098487052335e-11,0.09990207993260017,0.10183567466202001,0.7982622453679289,10,20,20
13,5858,1.714890809595532e-14,0.0999261662117714,0.19976389006428946,0.7003099437239217,10,20,20
13,5859,6.141309514932682e-06,0.10156132524027683,0.20009197863945521,0.6983405548107532,10,20,20
13,5860,2.037532163680577e-11,0.09998627752418306,0.20072100834989987,0.6992927141055414,10,20,20
13,5861,1.9350712462179335e-08,0.09710263265061274,0.2954568800578205,0.6074404679408535,10,20,20
13,5862,1.9350192097652853e-08,0.09994865414056861,0.2999839166260435,0.600067409883195,10,20,20
13,5863,0.00017071417462883974,0.05910979507334718,0.3407376612381861,0.5999818295138367,10,20,20
13,5864,0.00017325397978255216,0.02364233521540057,0.36908101766329293,0.607103393141524,10,20,20
13,5865,4.57600593619718e-08,0.00038057158603385806,0.42468428919226103,0.5749350934616446,10,20,20
13,5866,1.3764088419512738e-10,0.09977574629912986,0.3013469794801529,0.5988772740830761,10,20,20
13,5867,0.027806946329521652,0.18443655966662026,0.18922722432725314,0.5985292696766054,10,20,20
13,5868,1.3256341159796834e-10,0.10886974477242573,0.29239345283585344,0.5987368022591576,10,20,20
13,5869,2.9974711708640665e-10,0.10886619538345513,0.2912380404696561,0.5998957638471414,10,20,20
13,5870,0.04212736348635623,0.11693857793513518,0.24222962218098876,0.5987044363975188,10,20,20
13,5871,2.7588911321806935e-07,0.13901964812971587,0.2610940622485139,0.5998860137326562,10,20,20
13,5872,3.790716135367387e-05,0.09968794325492236,0.3215179145197523,0.578756235063971,10,20,20
13,5873,3.794494246400921e-05,4.0141140369658694e-05,0.4016856094493316,0.5982363044678334,10,20,20
13,5874,0.001740607094919714,1.3645693565628214e-05,0.40174017328262057,0.5965055739288933,10,20,20
13,5875,4.5163124235017315e-05,0.10066998377418515,0.30413521851363245,0.5951496345879467,10,20,20
13,5876,3.6416837740456543e-07,0.11175198637240613,0.28956565048913274,0.5986819989700833,10,20,20
13,5877,4.471147646643388e-05,0.0999960286404509,0.2929363762532557,0.6070228836298261,10,20,20
13,5878,0.07225860233571266,0.02370918584164385,0.3040873813532265,0.5999448304694162,10,20,20
13,5879,8.159882459263913e-05,0.01064846329698313,0.3893244675861229,0.5999454702923013,10,20,20
13,5880,7.597006135846321e-05,0.041698376120099565,0.3582665693777244,0.5999590844408177,10,20,20
13,5881,7.599761712123055e-05,0.0005765539718611064,0.4011158272102574,0.5982316212007602,10,20,20
13,5882,4.53160662355226e-06,5.19552399824557e-05,0.4023301139059268,0.5976133992474666,10,20,20
13,5883,4.6714804327972834e-07,1.2268984653465482e-05,0.4000886858273619,0.5998985780399408,10,20,20
13,5884,3.605962633751373e-07,2.1465054567055955e-08,0.4001376445629097,0.5998619733757724,10,20,20
13,5885,0.0004980740045269272,9.91534230600983e-06,0.39950505596306163,0.599986954690105,10,20,20
13,5886,3.4658511262080136e-06,0.013903901185159773,0.3850839251999324,0.6010087077637815,10,20,20
13,5887,0.0015878316856846372,0.01896228479710884,0.38053009345697136,0.5989197900602347,10,20,20
13,5888,1.336800178957464e-10,2.372952232721514e-06,0.46813651547775353,0.5318611114363327,10,20,20
13,5889,9.361952621693306e-07,0.0006954356622482002,0.3993108513520524,0.5999927767904369,10,20,20
13,5890,0.0034087546863392874,0.0010653452723134818,0.3973237349741229,0.5982021650672243,10,20,20
13,5891,0.0034087616605327463,0.0010662978419174168,0.39962748729352826,0.5958974532040215,10,20,20
13,5892,2.8893804646465173e-09,5.111725422973516e-07,0.3595029565467745,0.640496529391302,10,20,20
13,5893,8.742959967871502e-07,4.928488134931474e-07,0.29524818349733234,0.7047504493578567,10,20,20
13,5894,1.033472018293579e-06,9.442964698127433e-05,0.3363116035178927,0.6635929333631061,10,20,20
13,5895,2.4661462738048417e-09,0.09797686081077184,0.2038769439299418,0.6981461927931396,10,20,20
13,5896,2.0934253684235196e-09,0.10000729157329535,0.1983269832690813,0.7016657230641979,10,20,20
13,5897,2.061985333732952e-09,0.10000098542922202,0.09898634299674762,0.8010126695120452,10,20,20
13,5898,9.504294406483586e-11,0.10023297344180404,0.2683897204314069,0.6313773060317451,10,20,20
13,5899,9.512948923610584e-11,0.09993678455731236,0.19908396297533754,0.7009792523722205,10,20,20
13,5900,8.025925113371232e-16,0.09999030984857085,0.19904475331267485,0.7009649368387529,10,20,20
13,5901,4.849927930806344e-08,0.09999987597855924,0.20123072697106056,0.698769348551101,10,20,20
13,5902,4.129069575312308e-11,0.10000021630282281,0.2014677573868659,0.6985320262690197,10,20,20
13,5903,3.9377857803915364e-11,0.09573731570111986,0.2687455762688339,0.6355171079906683,10,20,20
13,5904,2.5288800420901775e-11,0.09981702965176875,0.26036205994183026,0.6398209103811118,10,20,20
13,5905,1.0964160838044786e-12,0.10699936610377088,0.210155793881259,0.6828448400138732,10,20,20
13,5906,2.3262599563032327e-09,0.09292571660161987,0.229264739060666,0.6778095420114536,10,20,20
13,5907,1.598011104891313e-07,0.10000226970424535,0.22401922870023006,0.6759783417944136,10,20,20
13,5908,1.5980086955850413e-07,0.10001372847040599,0.20528263856640624,0.6947034731623185,10,20,20
13,5909,0.09625954120031216,0.1412924772586384,0.0820380120888527,0.680409969452197,10,20,20
13,5910,0.09625953822738088,0.1369974781133244,0.06687565335195085,0.6998673303073438,10,20,20
13,5911,0.09625953837376618,0.141203519653411,0.06404942582870457,0.6984875161441181,10,20,20
13,5912,0.025734916995732344,0.14120349642926538,0.13684150869625528,0.6962200778787468,10,20,20
13,5913,0.02573328925995753,0.1999055392989642,0.0812655499931906,0.6930956214478876,10,20,20
13,5914,0.000199121949427606,0.20009899618534374,0.19971468639004225,0.5999871954751865,10,20,20
13,5915,0.00013395836165573435,0.19932016774951825,0.20212167421472277,0.5984241996741029,10,20,20
13,5916,0.009497885474808619,0.19955982711906953,0.1946911821948028,0.5962511052113194,10,20,20
13,5917,0.003262808287552503,0.1995654175288693,0.20045664814045536,0.5967151260431228,10,20,20
13,5918,1.3886591767658312e-06,0.180753083375688,0.12253938473613082,0.6967061432290045,10,20,20
13,5919,6.653400468039238e-05,0.14938047283573586,0.15379083753424008,0.6967621556253437,10,20,20
13,5920,4.123783088092485e-09,0.19876951870981555,0.10237501673751177,0.6988554604288895,10,20,20
13,5921,5.888004804808241e-14,0.19999451603253907,0.03877996378078545,0.7612255201866165,10,20,20
13,5922,1.0012321690481053e-13,0.19729690527347063,0.00855550059588849,0.7941475941305407,10,20,20
13,5923,1.0008022680277853e-13,0.1976942884663493,0.07658259431872413,0.7257231172148263,10,20,20
13,5924,8.264191513525827e-15,0.19993547999080546,0.16458295274439755,0.6354815672647883,10,20,20
13,5925,5.268700767714949e-08,0.17554034065544533,0.19211786930075198,0.6323417373567949,10,20,20
13,5926,3.7939110787493956e-05,0.17429998065609287,0.19636553980463747,0.6292965404284817,10,20,20
13,5927,1.3131440421991456e-06,0.20912416083604662,0.10592957479137552,0.6849449512285352,10,20,20
13,5928,1.313143932679376e-06,0.20966433821809022,0.20614355520704195,0.5841907934309349,10,20,20
13,5929,4.978330083017011e-07,0.19783210599972184,0.20873213205821872,0.5934352641090508,10,20,20
13,5930,4.978330086087272e-07,0.19783210596423256,0.2557212373320287,0.5464461588707301,10,20,20
13,5931,2.1207112044683896e-06,0.19783210785104832,0.21025761171493382,0.5919081597228136,10,20,20
13,5932,2.1207933691902636e-06,0.1983805462536627,0.20500278829927185,0.5966145446536958,10,20,20
13,5933,2.1208049207390254e-06,0.19843267572037065,0.15852360384195358,0.643041599632755,10,20,20
13,5934,0.01443591359865197,0.1987873280935405,0.08697805038367534,0.6997987079241323,10,20,20
13,5935,0.014435913598780437,0.19880979942286814,0.08690993983439885,0.6998443471439525,10,20,20
13,5936,4.77280355027999e-05,0.20177437017380345,0.10242833772340595,0.6957495640672875,10,20,20
13,5937,5.133147635347214e-10,0.19897235397324087,0.10259835458894503,0.698429290924499,10,20,20
13,5938,8.476702596242838e-10,0.1999951852359402,0.10014014939861067,0.6998646645177786,10,20,20
13,5939,1.4420395722170367e-11,0.19975521714708355,0.1674931059746439,0.6327516768638521,10,20,20
13,5940,1.9505773504266968e-12,0.19998519281061516,0.14854369715298513,0.6514711100344492,10,20,20
13,5941,1.966430554874667e-12,0.1384530045887999,0.21168077304742802,0.6498662223618056,10,20,20
13,5942,1.0585516618908488e-08,0.19592935900943992,0.1094175245679487,0.6946531058370946,10,20,20
13,5943,4.2736780700359077e-10,0.1952807633203332,0.10559414975244966,0.6991250864998493,10,20,20
13,5944,3.6126265139366973e-08,0.19999967021381615,0.09737036344195651,0.7026299302179619,10,20,20
13,5945,2.9553268894878984e-16,0.1998097537629539,0.10026287489715109,0.6999273713398948,10,20,20
13,5946,2.4918996129703797e-14,0.1953214480203594,0.00474615087646225,0.7999324011031533,10,20,20
13,5947,2.9271219266966925e-12,0.1931766735478331,0.006853918288221436,0.7999694081610181,10,20,20
13,5948,2.9466825950427324e-12,0.19317667361309154,0.0105720867240584,0.7962512396599032,10,20,20
13,5949,4.588483629178134e-13,0.0813525949135255,0.11873415055104053,0.7999132545349751,10,20,20
13,5950,4.592657224365294e-13,0.08135259488703964,0.11985564850310912,0.7987917566093918,10,20,20
13,5951,5.2043586834442584e-11,0.09989585929216714,0.07039945883308439,0.8297046818227048,10,20,20
13,5952,5.204647302138839e-11,1.3907611161131912e-05,0.11914374601652829,0.8808423463202635,10,20,20
13,5953,7.145434930393863e-13,1.390552844610543e-05,0.10292588953681352,0.8970602049340257,10,20,20
13,5954,1.1641516197110757e-13,1.3904089090716171e-05,0.10049369452317147,0.8994924013876215,10,20,20
13,5955,3.275094872398656e-10,0.009316561259313825,0.09069046560334082,0.899992972809836,10,20,20
13,5956,4.391920310262095e-12,0.004748206185655687,0.09535890630552038,0.8998928875044321,10,20,20
13,5957,3.489325752702259e-15,8.667678712445865e-11,0.05678462639334153,0.943215373519978,10,20,20
13,5958,4.0350414337517964e-14,3.078533111040504e-11,0.09527503602208218,0.9047249639470921,10,20,20
13,5959,3.519577924033389e-14,6.068730249926898e-12,0.05739840514064194,0.9426015948532539,10,20,20
13,5960,5.1877243806047335e-15,1.2701110117570038e-13,0.0019093682964546204,0.998090631703413,10,20,20
13,5961,4.1841122709022917e-16,1.2623542354533542e-12,0.0012714819154833108,0.9987285180832538,10,20,20
13,5962,3.5039660087031544e-15,3.197031895409202e-11,0.0017098955550805608,0.9982901044129455,10,20,20
13,5963,3.051320144477546e-15,1.0438143303156085e-12,5.791522504838097e-05,0.9999420847739048,10,20,20
13,5964,3.0903762867472893e-15,4.6546695362424295e-09,0.0013793498099609123,0.9986206455353666,10,20,20
13,5965,2.5194387349188242e-15,1.6645063304318625e-12,0.008453248432609868,0.9915467515657233,10,20,20
13,5966,2.257859258113417e-13,6.137343837044886e-09,0.05398260415720505,0.9460173897052252,10,20,20
13,5967,3.105279194995375e-10,2.5846328891152522e-08,0.09995201728293607,0.9000479565602072,10,20,20
13,5968,5.770202332361366e-14,3.169027855363742e-12,0.002049161420904275,0.9979508385758689,10,20,20
13,5969,1.6960681852973997e-15,2.51752184674392e-12,0.0001224455083246782,0.9998775544891559,10,20,20
13,5970,7.608486581168103e-14,2.4424278999359728e-12,0.01838958098619184,0.9816104190112899,10,20,20
13,5971,7.504913783412475e-14,1.0364947031396955e-12,0.01843082263241494,0.9815691773664735,10,20,20
13,5972,2.887323566036304e-18,3.0477572847662163e-13,0.00013584633190963233,0.9998641536677854,10,20,20
13,5973,2.2069523305385625e-16,3.306210214489221e-13,9.624455531902348e-05,0.9999037554443502,10,20,20
13,5974,2.965580999296041e-16,7.465048571414458e-12,0.0001692106153593321,0.9998307893771752,10,20,20
13,5975,8.816053615830028e-18,1.1515346813399518e-11,0.05071233964436702,0.9492876603441177,10,20,20
13,5976,1.0799070227563265e-16,6.107445444799435e-11,0.0540643176197869,0.9459356823191385,10,20,20
13,5977,1.099883829465724e-13,8.719974391536862e-11,0.039030753041767785,0.9609692468709223,10,20,20
13,5978,6.900456621137204e-10,1.011527967453029e-11,0.0022593050505011095,0.997740694249338,10,20,20
13,5979,6.900520953238026e-10,8.099953412531346e-08,0.009140771276446285,0.9908591470339674,10,20,20
13,5980,7.001999518092916e-15,1.2066496724165193e-13,0.00011274393546780947,0.9998872560644045,10,20,20
13,5981,3.959863609389995e-13,6.705215732560548e-14,0.04583559118931241,0.9541644088102244,10,20,20
13,5982,8.122983322613037e-17,2.8935873973607377e-09,0.006656222133254806,0.9933437749731576,10,20,20
13,5983,2.3860139137241018e-12,2.443294177369597e-10,0.004192371167136199,0.9958076285861482,10,20,20
13,5984,7.511839306436645e-15,1.0757721490140723e-08,0.0054232897360738785,0.9945766995061971,10,20,20
13,5985,7.711428505049091e-15,1.0758423976238142e-08,0.006027019806745796,0.9939729694348227,10,20,20
13,5986,1.2367162553481628e-15,5.816905031731316e-09,0.09780552388133922,0.9021944703017543,10,20,20
13,5987,1.0423912968438323e-15,3.5868269051454736e-12,0.10131924267662554,0.8986807573197865,10,20,20
13,5988,0.00017783216506575398,2.4890310000597804e-05,0.13716233024765828,0.8626349472772752,10,20,20
13,5989,0.00017783216507274063,2.488822004829986e-05,0.09553335441738663,0.9042639251974924,10,20,20
13,5990,6.136272199813139e-12,3.127235155022234e-10,0.10036539522200194,0.899634604459138,10,20,20
13,5991,6.332834515600038e-12,7.526427856819339e-10,0.21571947788279783,0.7842805213582258,10,20,20
13,5992,6.500605777928159e-12,7.612106174503506e-10,0.19308492133140226,0.8069150779008863,10,20,20
13,5993,5.7024374975030917e-08,3.071052049769038e-07,0.2000715822075103,0.7999280536629099,10,20,20
13,5994,5.702453779015874e-08,7.202773207317959e-07,0.20818888813514475,0.7918103345629972,10,20,20
13,5995,1.3056686750708782e-08,2.2996256465646695e-06,0.20351973763354209,0.7964779496841242,10,20,20
13,5996,7.718583802854127e-06,0.0002697694350419997,0.20326112321073914,0.7964613887704155,10,20,20
13,5997,2.8324038591463845e-08,2.1385168337563255e-05,0.20388437841173807,0.7960942080958855,10,20,20
13,5998,0.09933958126128997,3.0763949525114665e-11,0.10421050247240786,0.796449916235538,10,20,20
13,5999,0.09933958126462643,3.9812951842779785e-10,0.10422439503160334,0.7964360233056407,10,20,20
13,6000,0.0014923399329668163,9.890893440128742e-09,0.20003245679475806,0.7984751933813813,10,20,20
13,6001,0.0009788148835543182,1.3592304770235729e-05,0.29363709525624515,0.7053704975554295,10,20,20
13,6002,1.5024706687130236e-07,4.728740877009881e-07,0.3011513428677889,0.6988480340110559,10,20,20
13,6003,1.596893168502244e-08,0.08396101607425158,0.21698661211560172,0.6990523558412144,10,20,20
13,6004,4.67597260838201e-06,0.08396075480086856,0.2003677588608907,0.7156668103656323,10,20,20
13,6005,1.020864439465038e-08,0.08396169812862511,0.21360889057991014,0.7024294010828204,10,20,20
13,6006,2.8338864772643516e-13,0.09829540275697213,0.19923827929972843,0.702466317943016,10,20,20
13,6007,3.0834823080411717e-06,0.08338702618675614,0.2175762779587757,0.6990336123721599,10,20,20
13,6008,2.952092738713607e-15,0.17812798574779792,0.12375271551493909,0.6981192987372595,10,20,20
13,6009,1.5049538792322718e-14,0.1999699592384489,0.10561449432089645,0.6944155464406394,10,20,20
13,6010,4.8866451667686795e-06,0.19921562318819702,0.10336032997143392,0.6974191601952021,10,20,20
13,6011,4.3710934733600784e-11,0.18222159203577848,0.1531646420789998,0.6646137658415108,10,20,20
13,6012,9.021575868740488e-11,0.18274047131834814,0.15445702355651691,0.6628025050349192,10,20,20
13,6013,3.698165829368505e-08,0.19910693747104372,0.10533010098970422,0.6955629245575938,10,20,20
13,6014,6.94718539366806e-11,0.1991582978348824,0.10126486028139299,0.6995768418142531,10,20,20
13,6015,7.230882525680933e-11,0.1876542297265826,0.21304187123583684,0.5993038989652716,10,20,20
13,6016,7.209142409322306e-11,0.1998215237862772,0.20091862980800662,0.5992598463336256,10,20,20
13,6017,3.0558045236270356e-09,0.1915343485497501,0.11132598857206573,0.6971396598223796,10,20,20
13,6018,3.05580342493738e-09,0.19972020964015008,0.10553444103755996,0.6947453462664863,10,20,20
13,6019,3.052963065992962e-09,0.19996996151180188,0.10446297712023334,0.6955670583150017,10,20,20
13,6020,3.0529665510995863e-09,0.19998953278592166,0.10451013866766216,0.6955003254934494,10,20,20
13,6021,1.418304369927722e-08,0.09999773158674513,0.2025068707350996,0.6974953834951114,10,20,20
13,6022,1.4156206778943938e-08,0.10044831065516222,0.2009564516609214,0.6985952235277094,10,20,20
13,6023,3.2837744968527054e-11,0.09999970624190198,0.20628538285122477,0.6937149108740353,10,20,20
13,6024,7.510369659952153e-09,0.09999817957200126,0.20073946193159764,0.6992623509860312,10,20,20
13,6025,6.63632140162221e-11,0.10000459239042647,0.16486099016717587,0.7351344173760346,10,20,20
13,6026,6.81737144521291e-11,0.09995885761705767,0.22724238538163227,0.6727987569331365,10,20,20
13,6027,3.3018377356893625e-06,0.09998156017931753,0.1621529222216705,0.7378622157612761,10,20,20
13,6028,8.538588272883041e-15,0.16786774279201672,0.033269080790913355,0.7988631764170613,10,20,20
13,6029,1.9890309785116275e-13,0.1999381779360438,0.003335701807271079,0.7967261202564863,10,20,20
13,6030,7.731683394742697e-14,0.1991622071563437,0.0020892059283717777,0.7987485869152071,10,20,20
13,6031,9.503662558450025e-14,0.1991622071513193,0.000867893270086415,0.7999698995784993,10,20,20
13,6032,1.22661581151013e-13,0.14538078904425658,0.055748277294644044,0.7988709336609767,10,20,20
13,6033,3.284534697998662e-13,0.11022512218440932,0.0908858051357482,0.7988890726795138,10,20,20
13,6034,4.85694938520904e-09,0.10077208050877233,0.09931033680550892,0.7999175778287692,10,20,20
13,6035,9.837669336941625e-12,0.09997523200680812,0.0008066874314407903,0.8992180805519133,10,20,20
13,6036,5.363678195439932e-15,0.0999752320059567,0.025770764007497487,0.8742540039865403,10,20,20
13,6037,1.2137665253684527e-13,0.09996067527864161,0.003503388477780236,0.8965359362434568,10,20,20
13,6038,3.0346052649705806e-14,0.09998261986084628,0.06708518061045507,0.832932199528668,10,20,20
13,6039,3.854885557108617e-13,0.06794366418064997,0.03681450430059509,0.8952418315183694,10,20,20
13,6040,9.212880952232605e-14,0.09943636890319625,0.08807941821321161,0.8124842128834997,10,20,20
13,6041,9.346758026127315e-14,0.0998430925782515,0.02746822554630664,0.8726886818753483,10,20,20
13,6042,5.559340639333186e-15,0.09984309683365811,0.035261140315412415,0.8648957628509238,10,20,20
13,6043,4.0240555495142614e-15,0.09880576174386277,0.007239155800945969,0.8939550824551871,10,20,20
13,6044,1.3740627634407975e-08,0.09880576179175452,0.006608249689873502,0.8945859747777443,10,20,20
13,6045,1.3740629597044601e-08,0.0002004481124925752,0.1017938561207509,0.8980056820261266,10,20,20
13,6046,3.5962696533486e-14,0.00020044854804570625,0.1292932636099837,0.8705062878419344,10,20,20
13,6047,2.3035529165146253e-13,0.03991566875286217,0.08895866537980632,0.8711256658671008,10,20,20
13,6048,2.311908130161439e-13,0.039915668237682694,0.10544749357454267,0.8546368381875433,10,20,20
13,6049,3.805505181308925e-13,7.116029308958756e-05,0.11816673314221915,0.8817621065643106,10,20,20
13,6050,9.892976155070883e-11,1.3577380372649392e-05,0.1191025140651965,0.8808839084555011,10,20,20
13,6051,4.877253935738629e-11,2.367753546383072e-06,0.11960945569949273,0.8803881764981881,10,20,20
13,6052,3.771689995152593e-12,1.6745193185945593e-06,0.1464628406080932,0.8535354848688161,10,20,20
13,6053,3.7716856273374944e-12,1.6745172944865775e-06,0.10064467130723631,0.8993536541716972,10,20,20
13,6054,3.0053712838221423e-16,3.2886494668190383e-06,0.10244668859417408,0.8975500227563586,10,20,20
13,6055,1.9836766358110245e-14,3.288777391232539e-06,0.11819375746651936,0.8818029537560694,10,20,20
13,6056,2.910260583667313e-16,3.288650330217067e-06,0.10012880677414784,0.8998679045755213,10,20,20
13,6057,8.318907393807886e-10,7.81695875861042e-05,0.10008083264561589,0.899840996934907,10,20,20
13,6058,7.309057595545975e-05,7.16920527501437e-09,0.13069310157207223,0.8692338006827673,10,20,20
13,6059,7.309057595550873e-05,6.238773636233277e-08,0.18785677631460257,0.8120700707217058,10,20,20
13,6060,6.688316282410279e-07,1.8640993154307475e-07,0.14832212702439324,0.8516770177340469,10,20,20
13,6061,2.5541285972588773e-07,0.0004565564467968179,0.12043067437097332,0.8791125137693697,10,20,20
13,6062,1.647077142431881e-05,2.5703478850110715e-07,0.10108180269044509,0.898901469503342,10,20,20
13,6063,3.502382554757124e-09,4.6218158193178326e-08,0.10401721996318528,0.8959827303162738,10,20,20
13,6064,3.502382660116721e-09,4.6225883851892e-08,0.1071977670619207,0.892802183209813,10,20,20
13,6065,1.5163573073986938e-11,0.00037750834837150545,0.1015076490156297,0.8981148426208352,10,20,20
13,6066,2.0481582721762413e-15,1.0973615626891499e-05,0.10188340429752027,0.8981056220868504,10,20,20
13,6067,5.598198352562958e-12,4.703824651104636e-09,0.1052028836420685,0.8947971116485084,10,20,20
13,6068,5.598122496188761e-12,9.605470302368297e-08,0.11122400140418964,0.8887759025355091,10,20,20
13,6069,1.792570081267117e-15,0.0007800815741290427,0.10241373221311405,0.896806186212755,10,20,20
13,6070,5.470716420059145e-16,0.0007799911779030574,0.15033204823297827,0.848887960589118,10,20,20
13,6071,1.09160950293628e-15,0.0007799910221802466,0.09980011337829223,0.8994198955995266,10,20,20
13,6072,2.5039822836952858e-14,1.0930412620124043e-10,0.13451675912608657,0.8654832407645845,10,20,20
13,6073,7.115762928656554e-12,4.5969067493330597e-11,0.09748690528220735,0.9025130946647076,10,20,20
13,6074,2.7606467402112556e-15,4.2465129200951376e-11,0.09693300086006487,0.9030669990974671,10,20,20
13,6075,5.360170891187325e-14,1.7025312993820207e-06,0.10022767442310516,0.8997706230455416,10,20,20
13,6076,1.2554056179676538e-11,1.0603970093824764e-05,0.11495206407255235,0.8850373319447995,10,20,20
13,6077,3.312241774410569e-11,1.7508589994366317e-07,0.11615699690657921,0.883842827974398,10,20,20
13,6078,2.101821822594872e-11,1.4253748277839136e-07,0.10271631022938102,0.8972835472121178,10,20,20
13,6079,6.591723538789416e-11,3.766237158766296e-10,0.1004157692722232,0.8995842302852356,10,20,20
13,6080,6.586498571149084e-11,9.411876595013538e-08,0.16140098965127198,0.838598916164097,10,20,20
13,6081,6.58650801033665e-11,9.400679388426112e-08,0.15914360063686414,0.8408563052904772,10,20,20
13,6082,6.590082707687127e-11,2.586994812366106e-10,0.09708167772499555,0.9029183219504041,10,20,20
13,6083,1.1661558463502529e-06,1.2147721256192888e-08,0.11943589379608877,0.8805629279003437,10,20,20
13,6084,1.1661649089705184e-06,1.2235597182951656e-08,0.17682037318604343,0.8231784484134504,10,20,20
13,6085,1.166155845575076e-06,6.085231902719652e-08,0.12650110708248302,0.8734976659093524,10,20,20
13,6086,1.1761905386688384e-06,1.490388829132446e-06,0.12708411326192467,0.8729132201587074,10,20,20
13,6087,5.379417111211546e-09,0.0005595411699093934,0.10418296016862712,0.8952574932820461,10,20,20
13,6088,1.4147598336301588e-07,1.9171207577580645e-11,0.11799050871282273,0.8820093497920226,10,20,20
13,6089,1.0678947450035794e-14,0.09979502833127737,0.001329775264950511,0.8988751964037615,10,20,20
13,6090,4.653165699234646e-18,0.09999898818405875,0.000252458560599552,0.8997485532553415,10,20,20
13,6091,9.331515226779647e-14,0.09999752723389538,0.002500555878173704,0.8975019168878375,10,20,20
13,6092,4.929750185936999e-16,0.09952215213671903,0.0012831030093132785,0.8991947448539672,10,20,20
13,6093,4.313658993682463e-12,0.09952215237669881,0.0012830351632002368,0.8991948124557873,10,20,20
13,6094,3.4971063972519196e-11,0.09999829185434976,0.05992628526110986,0.840075422849569,10,20,20
13,6095,6.855475859847125e-17,0.09999820671342956,0.00017579648533226942,0.8998259968012379,10,20,20
13,6096,2.7585350080470253e-13,0.07322692638614704,0.11887768682777786,0.8078953867857992,10,20,20
13,6097,5.970211775948081e-13,0.09999449981568528,0.09214685164404138,0.8078586485396763,10,20,20
13,6098,4.316147409170227e-12,0.09802121064005222,0.10311788647887021,0.798860902876761,10,20,20
13,6099,1.8331321826789288e-11,0.09802103736546502,0.10203402145691456,0.7999449411592886,10,20,20
13,6100,1.8537522330500024e-09,0.11829849335500878,0.08648603744246852,0.7952154673487707,10,20,20
13,6101,1.8537456955811242e-09,0.11829849329198525,0.08264831979578371,0.7990531850584853,10,20,20
13,6102,1.7942303004925675e-08,0.07316784219980352,0.2011113134519472,0.7257208264059459,10,20,20
13,6103,1.3028170522280655e-07,0.07316523913707353,0.2003008447169353,0.7265337858642856,10,20,20
13,6104,1.3028171701707699e-07,0.09997505477977534,0.17444849046870564,0.725576324469802,10,20,20
13,6105,1.3028171699946823e-07,0.09997898522309087,0.10014134170909073,0.7998795427861013,10,20,20
13,6106,0.00039949190593393315,0.10000073120089073,0.1516637373187148,0.7479360395744604,10,20,20
13,6107,0.01319492767862098,0.0995734915191284,0.14172481151712074,0.7455067692851298,10,20,20
13,6108,0.013194927646410639,0.056238552948989474,0.1688242810157583,0.7617422383888419,10,20,20
13,6109,1.2754117041512672e-08,0.09998851256807563,0.10014107939190826,0.7998703952858992,10,20,20
13,6110,1.2754142362872276e-08,0.0982248290767141,0.10183692434351384,0.7999382338256295,10,20,20
13,6111,5.336156015680045e-08,0.07395618121860323,0.12611035208934615,0.7999334133304903,10,20,20
13,6112,1.2179865509495714e-10,0.1525068036157712,0.04753012057779848,0.7999630756846317,10,20,20
13,6113,1.2177621626931225e-10,0.17897896134769914,0.02105946191210712,0.7999615766184174,10,20,20
13,6114,2.7779825258522905e-10,0.19755722731857872,0.003556899538876249,0.7988858728647467,10,20,20
13,6115,1.744076994783532e-12,0.1949935887134637,0.005832748781700302,0.7991736625030919,10,20,20
13,6116,4.235728086814348e-16,0.19880051730205628,0.031147388766970773,0.7700520939309725,10,20,20
13,6117,4.1867772293380767e-16,0.1998594922540809,0.028078665683872277,0.7720618420620463,10,20,20
13,6118,7.538442430458832e-14,0.18421144049791063,0.043843339448504784,0.7719452200535094,10,20,20
13,6119,1.9719655355634956e-15,0.19999632635740056,0.00019532288036970148,0.7998083507622278,10,20,20
13,6120,1.6741809888274727e-14,0.19999634840498917,0.033777166116789645,0.7662264854782046,10,20,20
13,6121,2.1745435695644175e-14,0.19999532262165245,0.03187490003259333,0.7681297773457324,10,20,20
13,6122,1.1601675706717039e-10,0.199995322674678,0.031123780112809973,0.7688808970964953,10,20,20
13,6123,2.9816298120258115e-10,0.16505995904134788,0.07445025732974198,0.7604897833307469,10,20,20
13,6124,2.8859288876164014e-10,0.16447659380703755,0.06354956858604453,0.7719738373183249,10,20,20
13,6125,2.8860016792219323e-10,0.16359035589118043,0.12769175390170245,0.7087178899185169,10,20,20
13,6126,3.2668358003056564e-10,0.17248223454858805,0.12760844217681055,0.6999093229479179,10,20,20
13,6127,1.5351929378797544e-13,0.20000542518442618,0.10018763516473014,0.6998069396506902,10,20,20
13,6128,4.2119467840811355e-11,0.20006016790417241,0.12913633929296012,0.6708034927607484,10,20,20
13,6129,1.5492005401566524e-09,0.09981177776320652,0.18201636799350612,0.7181718526940869,10,20,20
13,6130,8.423452547384716e-09,0.09994640383400609,0.15681795335893364,0.7432356343836075,10,20,20
13,6131,2.0343643024300461e-07,0.09994704346931661,0.09689171326733438,0.8031610398269183,10,20,20
13,6132,2.0344215001757187e-07,3.3379582941588264e-05,0.19523410061533925,0.8047323163595692,10,20,20
13,6133,1.9285367096865188e-07,1.4816677168652805e-08,0.14771363582068195,0.8522861565089699,10,20,20
13,6134,9.725357374737412e-09,1.121534506947526e-11,0.10003971558197822,0.8999602746814492,10,20,20
13,6135,0.08167398367942127,1.3389985537608566e-13,0.018375882098200243,0.8999501342222445,10,20,20
13,6136,6.326397420631173e-12,4.9647885891713966e-11,0.10162696689203124,0.8983730330519941,10,20,20
13,6137,3.731472453337715e-10,2.095633922635589e-05,0.10566025949582092,0.8943187837918053,10,20,20
13,6138,3.729611618846862e-10,2.0956237074887344e-05,0.14218868101483445,0.8577903623751298,10,20,20
13,6139,2.9085660254670158e-05,8.211571019135154e-07,0.0995054010929677,0.9004646920896755,10,20,20
13,6140,2.514750289751432e-07,4.822007974804578e-09,0.1484286579639244,0.8515710857390385,10,20,20
13,6141,9.158262168798006e-07,1.6411205198637084e-08,0.10531994546689098,0.8946791222956871,10,20,20
13,6142,9.158266712042131e-07,2.838507410522626e-08,0.15275526796221847,0.8472437878260362,10,20,20
13,6143,9.160865304335795e-07,2.8443920249253292e-08,0.21226144097049088,0.787737614499058,10,20,20
13,6144,9.158262185702783e-07,1.192310135363603e-08,0.12867541323722478,0.8713236590134548,10,20,20
13,6145,2.0889457346854162e-06,8.80569952068283e-10,0.10074624714253555,0.8992516630311591,10,20,20
13,6146,0.004019939712043429,8.173182056350057e-06,0.09556808822744858,0.9004037988784516,10,20,20
13,6147,0.0040199397119712425,8.172964489516701e-06,0.1386470533905131,0.8573248339330259,10,20,20
13,6148,7.770049934782334e-06,0.000775815990834151,0.09924307493719535,0.8999733390220352,10,20,20
13,6149,7.77004994977599e-06,0.0007758160644413861,0.0993041058090947,0.8999123080765139,10,20,20
13,6150,2.403263122519094e-10,5.663005192579171e-09,0.09999932589323235,0.900000668203436,10,20,20
13,6151,2.385619249523784e-10,5.583921428229335e-09,0.09971972742639583,0.9002802667511206,10,20,20
13,6152,1.1306785622580366e-07,9.287340690779325e-09,0.09234700231596159,0.9076528753288416,10,20,20
13,6153,1.1306785628554239e-07,9.286842871211834e-09,0.0894210132764771,0.9105788643688237,10,20,20
13,6154,6.063515519070535e-13,3.3567501995877405e-08,0.100041569713971,0.8999583967179206,10,20,20
13,6155,6.064024126885907e-13,3.3567595613255824e-08,0.10003603053733472,0.8999639358944634,10,20,20
13,6156,1.1069347378067734e-13,2.246983088500633e-05,0.10006412724498093,0.8999134029240233,10,20,20
13,6157,1.0259016915172389e-05,2.9300861580062795e-10,0.13943538429522162,0.8605543563948546,10,20,20
13,6158,4.618854749538944e-05,5.067637700035358e-09,0.15981150919283355,0.8401422971920327,10,20,20
13,6159,6.136422323042642e-07,1.446914856735653e-10,0.19618367612656534,0.8038157100865104,10,20,20
13,6160,6.127412003900741e-07,8.547491533571843e-11,0.20749665418709343,0.7925027329862312,10,20,20
13,6161,9.460052878775535e-08,1.903550772483006e-05,0.1813845672105165,0.8185963026812297,10,20,20
13,6162,5.896788522783433e-14,1.1622062938192551e-07,0.17742581954809383,0.8225740642312175,10,20,20
13,6163,5.896843548488161e-14,1.1622011506272007e-07,0.1055981062063516,0.8944017775734743,10,20,20
13,6164,3.638095497041561e-11,0.016656082893476146,0.08352561587715522,0.8998183011929874,10,20,20
13,6165,1.1984016818224254e-10,5.808932615968867e-05,0.10067958308136564,0.8992623274726343,10,20,20
13,6166,0.011576075416687537,2.9620045495015626e-09,0.08903042300368458,0.8993934986176233,10,20,20
13,6167,0.0020976042696976708,6.852178787766487e-09,0.09848534431412335,0.8994170445640002,10,20,20
13,6168,0.00048585994430654404,3.6129873032253024e-09,0.10080714275583462,0.8987069936868716,10,20,20
13,6169,0.0004858599372009714,3.6933166323423117e-10,0.09976698806801085,0.8997471516254564,10,20,20
13,6170,0.008805014577908065,6.464065017444071e-08,0.09314289724223188,0.8980520235392095,10,20,20
13,6171,0.008805014577911968,6.475027621938457e-08,0.09349517073489294,0.8976997499369187,10,20,20
13,6172,3.869700944514097e-05,1.8021315001870202e-05,0.10086220060648446,0.8990810810690684,10,20,20
13,6173,3.6305258466432603e-06,4.831082659896885e-06,0.10095614321249971,0.8990353951789934,10,20,20
13,6174,5.67101653743631e-09,2.965883884017722e-08,0.10099325269811336,0.899006711972031,10,20,20
13,6175,1.3562112322314337e-10,7.384963049289763e-11,0.10303881950982963,0.8969611802806995,10,20,20
13,6176,5.022241687706573e-13,4.7211189724755005e-11,0.10084119450052546,0.8991588054517609,10,20,20
13,6177,5.0213786296287e-13,7.460091456288481e-12,0.13523906183441123,0.8647609381576264,10,20,20
13,6178,1.241870801863693e-12,4.3721426594949045e-09,0.10011747047152211,0.8998825251550931,10,20,20
13,6179,2.439593756719118e-09,9.547271731095953e-12,0.1000970763074005,0.8999029212434582,10,20,20
13,6180,2.439679452302982e-09,1.0751466835457328e-11,0.10040592914596547,0.8995940684036035,10,20,20
13,6181,1.659651765240501e-05,1.747703613376251e-09,0.10009977308848865,0.8998836286461552,10,20,20
13,6182,2.5165267025910996e-14,1.4819088865416483e-10,0.02545273641406009,0.9745472634377238,10,20,20
13,6183,3.5714599968146024e-15,2.8161772446870325e-12,0.00018001672707910086,0.999819983270101,10,20,20
13,6184,1.5159677014865856e-15,2.644254200979622e-12,0.0016944366763781914,0.9983055633209759,10,20,20
13,6185,1.105732956356881e-14,3.226689542419946e-11,0.09996305542836023,0.9000369445393618,10,20,20
13,6186,1.513920866274217e-08,9.484709239178844e-11,0.10009215253988643,0.8999078322260573,10,20,20
13,6187,3.333159139926609e-08,0.0015365744612919185,0.09950150107304459,0.8989618911340719,10,20,20
13,6188,8.068914594959626e-11,0.0002346325721013474,0.17565599682618416,0.8241093705210252,10,20,20
13,6189,8.06627353241973e-11,0.0002346319791778005,0.17565428705534283,0.8241110808848164,10,20,20
13,6190,8.663895490577689e-13,1.4079629449590216e-08,0.093287326575325,0.906712659344179,10,20,20
13,6191,1.4194365387930121e-05,2.4703650651820878e-11,0.10256043846586398,0.897425367144044,10,20,20
13,6192,1.4194365465357343e-05,2.4740854250793623e-10,0.1001742041662258,0.8998116012209003,10,20,20
13,6193,3.501486029422938e-09,6.413839897618197e-07,0.14792194310960746,0.8520774120049166,10,20,20
13,6194,3.5013997968047922e-09,6.417402739248207e-07,0.10668642875899237,0.893312925999334,10,20,20
13,6195,1.894427504885515e-09,3.2337513046822494e-08,0.10350404028488011,0.896495925483179,10,20,20
13,6196,0.015094784848177126,2.5829975063390608e-08,0.08869845870517504,0.8962067306166726,10,20,20
13,6197,0.01509478407337166,2.50520153766577e-08,0.08585420299254784,0.899050987882065,10,20,20
13,6198,0.015094784073370875,2.5044657563590855e-08,0.08580736688222713,0.8990978239997445,10,20,20
13,6199,0.015094783930559358,2.5063479970394155e-08,0.15521292232848366,0.8296922686774767,10,20,20
13,6200,0.01509478393055751,3.0319817538522776e-08,0.08517436474493653,0.8997308210046882,10,20,20
13,6201,2.3465114212060946e-07,4.450770392969967e-05,0.1001997262397124,0.8997555314052157,10,20,20
13,6202,2.3465104686753947e-07,4.4502453277998864e-05,0.10006463414686295,0.8998906287488122,10,20,20
13,6203,2.3465104689039016e-07,4.450247617038936e-05,0.10003610826018514,0.8999191546125974,10,20,20
13,6204,1.7958349866215995e-05,8.26736556727411e-11,0.10446050954916457,0.8955215320182954,10,20,20
13,6205,0.0074154504856888655,4.7757298375095854e-05,0.0926076247137961,0.89992916750214,10,20,20
13,6206,1.8075815259734722e-08,4.0301969386868485e-06,0.1001781385380971,0.8998178131891488,10,20,20
13,6207,0.059731005353451085,3.2513819037763845e-09,0.08759813659748009,0.8526708547976869,10,20,20
13,6208,0.05973100535345469,1.2997990695523953e-10,0.041311289928881084,0.8989577045876844,10,20,20
13,6209,1.1007055127234212e-05,8.055677611738086e-05,0.15511928504232297,0.844789151126432,10,20,20
13,6210,4.4788122704983955e-09,8.53094321486534e-11,0.17788862310463854,0.8221113723312395,10,20,20
13,6211,1.6529005682230535e-05,3.595540368182547e-11,0.22434796309452937,0.7756355078638328,10,20,20
13,6212,5.183453393210513e-15,8.142632118608883e-12,0.226285815029027,0.7737141849628248,10,20,20
13,6213,3.151618446524245e-13,1.048331738148944e-10,0.20145459296174856,0.7985454069331026,10,20,20
13,6214,1.0500725393054235e-13,1.9996536820717594e-07,0.20101183042462895,0.7989879696098974,10,20,20
13,6215,2.591436481674894e-06,0.00019623023827087613,0.1235002486197683,0.8763009297054793,10,20,20
13,6216,1.7797977404608037e-13,1.160092522931843e-05,0.10460165153229735,0.8953867475422952,10,20,20
13,6217,4.6656647469266905e-12,1.159600514816923e-05,0.10096507511130208,0.899023328878884,10,20,20
13,6218,5.2133821255634366e-14,1.1595986998112882e-05,0.10006458375035447,0.8999238202625952,10,20,20
13,6219,0.00013118480214620589,5.281823424527643e-06,0.10121700022112737,0.8986465331533019,10,20,20
13,6220,0.00013118480214687248,5.379267521185425e-06,0.10404288188256175,0.89582055404777,10,20,20
13,6221,4.827982236296426e-06,1.5159058157149225e-05,0.19856620807588873,0.8014138048837177,10,20,20
13,6222,4.827982341599042e-06,1.515908407914033e-05,0.19595578880330305,0.8040242241302764,10,20,20
13,6223,9.597474705013862e-10,3.736188241132002e-08,0.19529330342992363,0.8047066582484463,10,20,20
13,6224,9.70924545802916e-10,3.736619425261318e-08,0.20000934856208877,0.7999906131007917,10,20,20
13,6225,9.598370536201383e-10,3.73696715750733e-08,0.20014247921161904,0.7998574824588723,10,20,20
13,6226,9.673706108567186e-10,4.3276537019103954e-08,0.2166655994606333,0.7833343562954587,10,20,20
13,6227,9.5973540602804e-10,4.051767078249966e-08,0.11724748154943365,0.88275247697316,10,20,20
13,6228,9.597352745165398e-10,4.0519288319625096e-08,0.10383020748580632,0.8961697510351699,10,20,20
13,6229,5.873362456270541e-08,4.935831724066659e-09,0.10387088027286566,0.8961290560576778,10,20,20
13,6230,5.8733627045438366e-08,2.0746223229783374e-09,0.1038187246607513,0.8961812145309995,10,20,20
13,6231,5.8733647685438766e-08,1.8986652142923986e-09,0.10019118557317253,0.8998087537945146,10,20,20
13,6232,1.3914749070307475e-14,3.742942097627828e-05,0.10023492332861231,0.8997276472503973,10,20,20
13,6233,5.699943395179925e-10,2.0406917636301463e-05,0.10011705402845775,0.8998625384839112,10,20,20
13,6234,6.152520715231405e-15,4.816701693439672e-09,0.16397552032672452,0.8360244748565672,10,20,20
13,6235,3.18988325790624e-14,4.738105936964756e-09,0.10685766224624756,0.8931423330156146,10,20,20
13,6236,1.2205544758239505e-14,0.007358108286097412,0.2096855750293618,0.782956316684528,10,20,20
13,6237,2.4088946492633004e-11,0.014622086926779432,0.24690374543535212,0.7384741676137795,10,20,20
13,6238,3.039584067048898e-09,3.9261894147354135e-05,0.2655394197412432,0.7344213153250252,10,20,20
13,6239,0.09112314693114805,0.0008319264655910717,0.24088572980682832,0.6671591967964321,10,20,20
13,6240,1.3866029644885256e-06,0.003980381047377758,0.3248251597239746,0.6711930726256827,10,20,20
13,6241,1.3880178235290052e-06,0.001832928218804679,0.2985060722814966,0.6996596114818744,10,20,20
13,6242,0.01769714264691353,0.01872952206077603,0.26506494163683775,0.6985083936554721,10,20,20
13,6243,0.01769747380562554,5.2654464623940966e-05,0.34795571722281327,0.6342941545069385,10,20,20
13,6244,0.0004101496464540399,0.051721540058055605,0.24806226276348312,0.6998060475320069,10,20,20
13,6245,0.000786620811825352,0.09987906996166192,0.19957467276830262,0.6997596364582098,10,20,20
13,6246,0.0007866208114442134,0.09953751347165561,0.19969320349264477,0.6999826622242553,10,20,20
13,6247,0.0008616553722774281,0.09999342982024192,0.2012051520883788,0.6979397627191016,10,20,20
13,6248,6.402633841715511e-06,0.10000996597295782,0.2032323565578519,0.696751274835348,10,20,20
13,6249,6.190624143771903e-15,0.10001823159153334,0.20555589116755385,0.6944258772409062,10,20,20
13,6250,1.3997318834514811e-06,0.09999398167872588,0.20832791212382612,0.6916767064655641,10,20,20
13,6251,1.399743034306324e-06,0.12240016131400888,0.17819278836985733,0.6994056505730996,10,20,20
13,6252,1.1509304828471565e-07,0.10000996248195992,0.20111763808382088,0.6988722843411699,10,20,20
13,6253,5.093646487067936e-14,0.09999733978901096,0.2005370961170863,0.6994655640938511,10,20,20
13,6254,3.600961089745009e-14,0.14644975618304124,0.2286463574787167,0.6249038863382056,10,20,20
13,6255,4.3126027971439496e-13,0.09999624784955399,0.1943282106698624,0.7056755414801523,10,20,20
13,6256,4.675537029645744e-13,0.09999624788651777,0.19176533480953223,0.7082384173034826,10,20,20
13,6257,4.673941841155961e-13,0.09999624783920702,0.19062647813617312,0.7093772740241526,10,20,20
13,6258,4.961716131569536e-13,0.10000436686626128,0.1923500351910685,0.7076455979421741,10,20,20
13,6259,4.310354546260958e-13,0.09982780420450875,0.19081883617873013,0.70935335961633,10,20,20
13,6260,6.844722370347421e-12,0.09982693411755719,0.1916369574088562,0.7085361084667412,10,20,20
13,6261,6.844784747757937e-12,0.09982693411590556,0.19148250302779013,0.7086905628494591,10,20,20
13,6262,1.4418936139248425e-13,0.09982653385642862,0.22365343149366143,0.6765200346497655,10,20,20
13,6263,1.004157689032845e-11,0.0998347704301106,0.243816414843753,0.6563488147160942,10,20,20
13,6264,2.9450609524981145e-09,0.10590395275710615,0.26255621191408857,0.6315398323837431,10,20,20
13,6265,3.357445378347482e-09,0.10589226616594054,0.1985013316979621,0.6956063987786519,10,20,20
13,6266,9.939609296808982e-09,0.10581356956046402,0.29866752207344555,0.5955188984264812,10,20,20
13,6267,5.642861462915487e-08,0.09999937442465807,0.304486251637973,0.5955143175087532,10,20,20
13,6268,1.606054042175254e-07,0.10030627435988533,0.3041329607136967,0.595560604321013,10,20,20
13,6269,1.971992426961756e-05,0.10030627428881903,0.3076296263493999,0.5920443794375102,10,20,20
13,6270,3.2941804883261144e-08,0.10986476161638739,0.2948631129252117,0.5952720925165962,10,20,20
13,6271,3.403674428515656e-06,0.10006810881908408,0.3012057949595282,0.5987226925469595,10,20,20
13,6272,2.5350509439316805e-05,0.10006784317480236,0.2931941366495123,0.6067126696662457,10,20,20
13,6273,0.001321770012963655,0.10348218742075246,0.2963257777135292,0.5988702648527539,10,20,20
13,6274,6.263836470644751e-07,0.1039854167844537,0.2975509184604753,0.5984630383714237,10,20,20
13,6275,1.1886674904358592e-09,0.09926929893556555,0.3014656317050331,0.5992650681707334,10,20,20
13,6276,0.01352107838701445,0.101472115533939,0.2858073443486125,0.5991994617304336,10,20,20
13,6277,0.013521077494996753,0.10196472349090827,0.3638205763028658,0.520693622711228,10,20,20
13,6278,1.3618281792429149e-05,0.10150078724045455,0.29853449639143953,0.5999510980863134,10,20,20
13,6279,3.5482310346217175e-07,0.10140935632869111,0.2986187911983071,0.5999714976498977,10,20,20
13,6280,3.548231104224211e-07,0.1015055548491423,0.29855709213034526,0.5999369981974018,10,20,20
13,6281,3.5451164200756225e-07,0.10147884213357339,0.21587522048812485,0.6826455828666596,10,20,20
13,6282,3.542970742115183e-07,0.10004837458677633,0.2012770535707593,0.69867421754539,10,20,20
13,6283,6.9219458788299434e-09,0.055956795310719364,0.23759579446762885,0.7064474032997058,10,20,20
13,6284,6.88707823434487e-09,0.05595547314470754,0.3295306693006753,0.6145138506675388,10,20,20
13,6285,5.987804504681151e-07,0.06870656488661385,0.33117404040638787,0.6001187959265475,10,20,20
13,6286,7.790763070519215e-08,0.10011555989331003,0.3190497061882212,0.5808346560108376,10,20,20
13,6287,7.787983960263284e-08,0.09576373530970037,0.2526637347134308,0.651572452097029,10,20,20
13,6288,5.691890745232209e-07,0.09994682945498648,0.19999539112592557,0.7000572102300137,10,20,20
13,6289,5.694080842083877e-07,0.09986364750044795,0.20137735282499594,0.6987584302664719,10,20,20
13,6290,2.195859661941062e-10,0.09986363328026268,0.1721611428413334,0.727975223658818,10,20,20
13,6291,2.1953628603148698e-10,0.09999893023783184,0.10326675333374649,0.7967343162088854,10,20,20
13,6292,1.1268887673613546e-15,0.09999873564189017,0.10030942591175263,0.7996918384463563,10,20,20
13,6293,8.047995047205988e-15,0.09999873561772178,0.10013666862777042,0.7998645957545001,10,20,20
13,6294,3.978894390913722e-16,0.09999873735543233,0.0001521795785983197,0.8998490830659689,10,20,20
13,6295,8.623042708864383e-14,0.09999636385552829,0.00012865790283797478,0.8998749782415475,10,20,20
13,6296,1.9201874258096623e-13,0.09689172329735574,0.0032828001421625875,0.8998254765602895,10,20,20
13,6297,1.296402661229084e-10,0.0968917234148983,0.03980117320009314,0.8633071032553682,10,20,20
13,6298,9.88307188207528e-17,0.0999756620379393,0.03589401789335326,0.8641303200687075,10,20,20
13,6299,2.8337536255256336e-16,0.09997566203706078,0.00019896607366769273,0.8998253718892713,10,20,20
13,6300,1.4624865904998315e-12,0.09997566203801672,0.00013366782097494988,0.8998906701395457,10,20,20
13,6301,6.883927188827558e-14,0.09998538749221683,0.000135226714668654,0.8998793857930456,10,20,20
13,6302,1.1949746258438475e-10,0.0999808691008422,0.0015517345798249024,0.8984673961998354,10,20,20
13,6303,6.882338203308942e-14,0.0999992937563974,0.0011850643400917848,0.898815641903442,10,20,20
13,6304,4.265084603059482e-16,0.0999992937552696,0.0011151305870333742,0.8988855756576966,10,20,20
13,6305,9.40708350697837e-13,0.09999929657010667,0.007660682732450824,0.8923400206965016,10,20,20
13,6306,8.722029612711257e-13,0.09998707817527315,0.00674045232027162,0.893272469503583,10,20,20
13,6307,1.9187202606837003e-16,0.09998707533009077,5.2124215749572536e-05,0.8999608004541594,10,20,20
13,6308,3.817252325472679e-16,0.09997865849941498,3.2576970772555266e-05,0.899988764529812,10,20,20
13,6309,1.901888118982479e-12,0.09999952890048167,0.0001335551080443919,0.8998669159895722,10,20,20
13,6310,6.597744966243794e-15,0.09628818165538931,0.006863861146140636,0.8968479571984634,10,20,20
13,6311,3.684697484765959e-17,0.09997349197151059,0.004168019726931755,0.8958584883015576,10,20,20
13,6312,5.077693885877949e-16,0.09997349189355942,0.0037660577818425904,0.8962604503245976,10,20,20
13,6313,1.0640985784283559e-14,0.08531819296832285,0.018128006013820624,0.8965538010178458,10,20,20
13,6314,1.520936029335417e-14,0.0002000748204403101,0.10247850789008281,0.8973214172894615,10,20,20
13,6315,3.106578662823455e-16,4.288678599995232e-09,0.100360100580509,0.899639895130812,10,20,20
13,6316,9.586299297382e-17,4.309921045016054e-09,0.10093787212517183,0.8990621235649069,10,20,20
13,6317,4.358721386496924e-08,3.324773587654724e-06,0.2004030501011759,0.7995935815380222,10,20,20
13,6318,3.051516663616468e-09,2.445290679887488e-07,0.1999577247247204,0.8000420276946947,10,20,20
13,6319,1.4172624035796402e-06,7.994361560283955e-08,0.20109600328745275,0.798902499506528,10,20,20
13,6320,1.0963571188150746e-09,5.3651803595227e-07,0.20220800376214537,0.7977914586234611,10,20,20
13,6321,8.680570675768767e-15,5.374260547682101e-06,0.20003910661392302,0.7999555191255203,10,20,20
13,6322,9.472046625576438e-08,5.939951230666834e-06,0.20079291108253927,0.7992010542457632,10,20,20
13,6323,7.38614373120997e-06,0.0002393468498876083,0.20019501085644104,0.7995582561499399,10,20,20
13,6324,2.202956010157658e-09,0.005393549762207328,0.19508246529256726,0.7995239827422692,10,20,20
13,6325,3.6102179728281655e-14,1.882355814157422e-05,0.20250374859657533,0.7974774278452468,10,20,20
13,6326,3.4784454414590595e-11,0.00012682061024119813,0.26893645589136567,0.7309367234636087,10,20,20
13,6327,1.0396385948911753e-09,0.00012437139023943389,0.26738044003666495,0.7324951875334562,10,20,20
13,6328,2.4618484909317797e-06,0.00012282177959885987,0.20292607251891584,0.796948643852994,10,20,20
13,6329,0.0010866179815843514,3.267743766381263e-06,0.2020010744323996,0.796909039842249,10,20,20
13,6330,0.00025300266459683785,0.00914188072587958,0.2769723841815677,0.713632732427955,10,20,20
13,6331,1.1503494897676159e-09,1.0793922907054537e-07,0.285478585192019,0.7145213057184028,10,20,20
13,6332,1.4583837938571248e-09,1.813341636259244e-06,0.23483440439487846,0.7651637808051013,10,20,20
13,6333,1.4582900426975955e-09,2.086714567150365e-06,0.300059907495665,0.6999380043314772,10,20,20
13,6334,6.164738771465665e-12,0.024143631682638694,0.27742532273116477,0.6984310455800314,10,20,20
13,6335,2.9961784474315724e-08,2.167714899754779e-05,0.3243428857012379,0.6756354071879802,10,20,20
13,6336,2.989264817959035e-08,0.00047352768650143313,0.2952635689606685,0.7042628734601809,10,20,20
13,6337,4.7407273317545085e-06,0.00020228868997855396,0.2923107310547714,0.7074822395279179,10,20,20
13,6338,3.558636205908547e-10,0.03986871796555946,0.25914132107654264,0.7009899606020341,10,20,20
13,6339,3.5533879204747387e-10,0.039868718005763824,0.25897889125005513,0.7011523903888418,10,20,20
13,6340,6.582763498466313e-14,0.039886941735253194,0.26257906999798986,0.6975339882666903,10,20,20
13,6341,7.129949457308928e-10,0.039886941756647774,0.26009242118395887,0.7000206363463981,10,20,20
13,6342,8.888417747071093e-07,9.60904671335564e-07,0.3029397818359259,0.6970583684176276,10,20,20
13,6343,8.888417751582777e-07,2.6324174158972783e-05,0.303084675966983,0.6968881110170823,10,20,20
13,6344,1.7252262408677072e-06,2.0110434181973715e-05,0.30255599366093844,0.6974221706786381,10,20,20
13,6345,8.089454802920689e-07,1.9467043446338583e-05,0.3024276819798525,0.6975520420312212,10,20,20
13,6346,7.269005345474303e-06,0.00011000877944025158,0.38588310018677546,0.6139996220284385,10,20,20
13,6347,0.07879420646700916,2.2548675465265013e-06,0.22299495562492783,0.6982085830405161,10,20,20
13,6348,0.0388350279262391,0.0001224549336201474,0.26119988182824144,0.6998426353118994,10,20,20
13,6349,0.038835027926245116,0.00012245501587350525,0.2647629829211561,0.6962795341367258,10,20,20
13,6350,0.0011359898521045532,0.0004711021054805365,0.30054950715514306,0.697843400887272,10,20,20
13,6351,0.0005570749580833983,0.00047077929383117456,0.3081165178857693,0.6908556278623165,10,20,20
13,6352,4.049867923897005e-08,0.00047194946191537167,0.3051842679152264,0.6943437421241793,10,20,20
13,6353,1.7006136273470383e-11,0.100096455463811,0.20101265084315165,0.6988908936760312,10,20,20
13,6354,1.701889742295138e-11,0.09457696611892541,0.2212614423679701,0.6841615914960857,10,20,20
13,6355,1.3335125929420326e-11,0.10056791751848818,0.19962230235277956,0.6998097801153971,10,20,20
13,6356,1.2361361628475352e-12,0.011420500293310612,0.25390552479448425,0.734673974910969,10,20,20
13,6357,4.803355344693468e-12,0.011420504891246559,0.19247219440371235,0.7961073007002378,10,20,20
13,6358,1.9035859824754486e-11,0.03471882207816163,0.16702861449546205,0.7982525634073403,10,20,20
13,6359,7.262084835779863e-07,2.1874439088344993e-05,0.20007678920719524,0.7999006101452328,10,20,20
13,6360,7.262084840167217e-07,2.187443917989197e-05,0.20091386703565867,0.7990635323166776,10,20,20
13,6361,0.0001242058337436885,1.5272081214786028e-05,0.19994228604631342,0.7999182360387282,10,20,20
13,6362,5.3243738740754745e-05,0.00031732863710024503,0.19977320738913928,0.7998562202350192,10,20,20
13,6363,1.994540585722976e-07,0.00031732974085319843,0.19974778089931916,0.7999346899057684,10,20,20
13,6364,0.0070393958358963725,0.003881338497711154,0.18886987697618834,0.8002093886902039,10,20,20
13,6365,0.024034432888253136,2.7961542157818154e-05,0.17599719397139751,0.7999404115981914,10,20,20
13,6366,5.777981467177958e-07,1.593752559163978e-05,0.20138212243944364,0.7986013622368171,10,20,20
13,6367,5.779127104347699e-07,9.052740448753816e-05,0.20101631711041237,0.7988925775723892,10,20,20
13,6368,5.77912698654492e-07,9.052741999876206e-05,0.20560723470874018,0.7943016599585617,10,20,20
13,6369,1.213814251513808e-06,5.238139857607461e-05,0.20868050201025948,0.7912659027769122,10,20,20
13,6370,1.67757580408242e-06,0.000595508880744378,0.20801711245487925,0.7913857010885719,10,20,20
13,6371,2.9293482624678955e-06,5.989169694898235e-10,0.19732794974253504,0.8026691203102855,10,20,20
13,6372,2.8604749241048856e-06,1.2526264343061252e-12,0.09979234746709269,0.9002047920567307,10,20,20
13,6373,0.00022885495838037727,1.2184874583641322e-12,0.10088650632249663,0.8988846387179044,10,20,20
13,6374,0.0002288549584074149,1.3418863441716331e-11,0.09994625996956177,0.8998248850586119,10,20,20
13,6375,0.00022885495840742532,7.022779253206256e-12,0.10003818482385138,0.8997329602107182,10,20,20
13,6376,0.00022885495838074959,6.835666773317684e-11,0.166023694390542,0.8337474505827203,10,20,20
13,6377,0.00022885501227609928,6.909395415481266e-09,0.10438111377406664,0.8953900243042616,10,20,20
13,6378,1.2788037040029994e-06,5.159458234767395e-09,0.10111157727369047,0.8988871387631475,10,20,20
13,6379,3.883372879347656e-16,0.08699106220225394,0.014048495267519006,0.8989604425302267,10,20,20
13,6380,6.696531079089666e-17,0.09998864813927359,0.0027347928273441452,0.8972765590333822,10,20,20
13,6381,5.523429461940048e-09,0.06527477010432321,0.10934548927874843,0.8253797350934986,10,20,20
13,6382,3.647476095151957e-15,0.013570103335749286,0.15565042689324038,0.8307794697710061,10,20,20
13,6383,0.0006388103830470449,3.714959201432847e-08,0.1038216135283632,0.8955395389389975,10,20,20
13,6384,0.002365274184958979,2.0760735580621155e-12,0.09771133512847283,0.8999233906844916,10,20,20
13,6385,2.343286205839393e-06,1.0732969406017461e-07,0.10006259988872994,0.8999349494953697,10,20,20
13,6386,0.07113959027157078,1.3333365408338422e-10,0.03176561177069186,0.8970947978244036,10,20,20
13,6387,0.07113959027129838,4.492085935142659e-12,0.031320822843711335,0.8975395868804978,10,20,20
13,6388,0.09756358358691554,4.8769862754089e-10,0.10027940126142654,0.8021570146639594,10,20,20
13,6389,0.09479673074009486,1.7963882693478095e-06,0.10685183572039152,0.798349637151244,10,20,20
13,6390,2.303249514754043e-06,0.00038515967864560075,0.20024853597575604,0.7993640010960833,10,20,20
13,6391,0.05287910161587485,5.738903229999365e-07,0.04907829708024873,0.8980420274135534,10,20,20
13,6392,0.0886429273781906,3.084982690768173e-10,0.04199131800721262,0.8693657543060983,10,20,20
13,6393,6.851035414241657e-06,0.015099433021104678,0.10216369955467433,0.8827300163888067,10,20,20
13,6394,8.63011983029948e-09,6.121177001803527e-07,0.21594945353186348,0.7840499257203152,10,20,20
13,6395,0.0006423415087565376,0.0005573715916436405,0.26223124807946807,0.7365690388201308,10,20,20
13,6396,0.0006423414955597388,0.0005573696722826701,0.19888161005662014,0.7999186787755372,10,20,20
13,6397,0.0006423413301558601,4.969530983818647e-06,0.199463957247317,0.7998887318915431,10,20,20
13,6398,0.0006424645512918929,9.667969478526111e-07,0.2038398597959204,0.795516708855839,10,20,20
13,6399,2.1486302704221963e-06,0.0006029850494171155,0.20702570156416292,0.7923691647561493,10,20,20
13,6400,3.469328301059467e-09,0.00043124454841639986,0.19972155595173982,0.7998471960305154,10,20,20
13,6401,3.5122656525243825e-09,0.000431243309373254,0.20023842283296758,0.7993303303453931,10,20,20
13,6402,3.4688850271833433e-09,0.00046081284435711396,0.19970739417654795,0.7998317895102098,10,20,20
13,6403,4.3037568434736344e-11,0.09283794829838746,0.10722894134255952,0.7999331103160155,10,20,20
13,6404,9.105342726859776e-11,0.09310628869960694,0.10713752583086156,0.7997561853784784,10,20,20
13,6405,1.5056705665950763e-15,0.10001557356459907,0.10056498514706654,0.7994194412883328,10,20,20
13,6406,1.4930173185489589e-13,0.10001553725608356,0.10007262504336034,0.7999118377004069,10,20,20
13,6407,1.1983684322662406e-07,0.10000105861636839,0.15924288008823323,0.7407559414585551,10,20,20
13,6408,1.639920320762608e-09,0.1001847549461961,0.09996927877759614,0.7998459646362872,10,20,20
13,6409,1.6399715353126782e-09,0.10009898786699534,0.1509300089896344,0.7489710015033981,10,20,20
13,6410,4.2362733599199204e-10,0.10047918881873359,0.10065976960409717,0.7988610411535418,10,20,20
13,6411,1.9000922522603936e-05,0.09990296829270638,0.10186600166230483,0.7982120291224659,10,20,20
13,6412,4.752741368144004e-09,0.09696744500712258,0.10391928178986906,0.7991132684502669,10,20,20
13,6413,4.727466111022075e-09,0.09999213684290972,0.10059865496979728,0.7994092034598269,10,20,20
13,6414,2.2104293211918426e-15,0.1337025353502539,0.16542370282959024,0.7008737618201536,10,20,20
13,6415,9.258334648973125e-11,0.1337027758462909,0.16655501182051566,0.6997422122406097,10,20,20
13,6416,9.056285386813036e-09,0.19868195645287,0.1179108545151644,0.6834071799756796,10,20,20
13,6417,2.7015218870621216e-12,0.20081676129560666,0.11850213860685792,0.6806811000948334,10,20,20
13,6418,2.740640876934979e-12,0.1326873165952622,0.1866210341667906,0.6806916492352061,10,20,20
13,6419,1.0497363744283816e-13,0.1300470737462548,0.16808900902964696,0.7018639172239929,10,20,20
13,6420,4.391784221505479e-08,0.1947587603029771,0.10484108924778981,0.7004001065313907,10,20,20
13,6421,2.519797567652432e-12,0.19997746887023327,0.10296316754932493,0.6970593635779221,10,20,20
13,6422,8.117428047286332e-16,0.29992350700271786,0.001305656995501115,0.6987708360017804,10,20,20
13,6423,2.4721238328480385e-15,0.29995916887371415,6.568302954942351e-05,0.6999751480967339,10,20,20
13,6424,1.6517806440456867e-13,0.20002109017535846,0.10272812746137883,0.6972507823630971,10,20,20
13,6425,1.813152393584101e-13,0.1999756321819909,0.1000625659926397,0.6999618018251879,10,20,20
13,6426,5.665941687559903e-06,0.19978192966501326,0.056215840658853634,0.7439965637344453,10,20,20
13,6427,5.665941697007525e-06,0.19978192966470634,0.09072528825890862,0.7094871161346881,10,20,20
13,6428,6.714691856749326e-16,0.1997813335145279,0.03488118056115478,0.7653374859243167,10,20,20
13,6429,9.91892527972247e-16,0.19978133350003233,0.00032450390533970107,0.7998941625946271,10,20,20
13,6430,1.0541814286951095e-14,0.19996538230097197,0.0015971733411823386,0.7984374443578351,10,20,20
13,6431,9.908051021118593e-14,0.18247803380533534,0.0177046711615362,0.7998172950330293,10,20,20
13,6432,1.0964450124128847e-11,0.09903695650025365,0.11969321181795305,0.7812698316708284,10,20,20
13,6433,1.08580504621721e-11,0.1027376285017646,0.09920670715069543,0.7980556643366818,10,20,20
13,6434,5.665956923078706e-12,0.10261387334778978,0.2337450287175841,0.6636410979289598,10,20,20
13,6435,1.7873399526686314e-05,0.06649829293881775,0.2690880892624674,0.6643957443991884,10,20,20
13,6436,1.7874038801045888e-05,0.06649859458221859,0.2996954183271884,0.6337881130517921,10,20,20
13,6437,6.326627933826915e-05,0.1435947454465837,0.20583325331366523,0.6505087349604126,10,20,20
13,6438,4.539289020334961e-05,0.14510295295553896,0.15214704847385851,0.7027046056803989,10,20,20
13,6439,5.8322466621017016e-08,0.13942133015219446,0.1605437925727067,0.7000348189526321,10,20,20
13,6440,9.469582403194574e-08,0.13942393514965554,0.15482482130967942,0.7057511488448408,10,20,20
13,6441,1.0524481685949648e-07,0.1005164582625561,0.19608802898303734,0.7033954075095898,10,20,20
13,6442,5.2899178407679786e-05,0.10001228219533875,0.20130143687621,0.698633381750043,10,20,20
13,6443,5.2899178764199064e-05,0.10001228213605987,0.20191738462880515,0.6980174340563703,10,20,20
13,6444,4.234718983531722e-09,0.09999810833675896,0.200025134719419,0.6999767527091028,10,20,20
13,6445,1.4960054836822645e-14,0.09999810811010154,0.20357096855709916,0.696430923332784,10,20,20
13,6446,2.443683045921335e-06,0.09999805946647844,0.20200203286245108,0.697997463988024,10,20,20
13,6447,0.00022503745140509877,0.0999980610476486,0.13563710625387482,0.7641397952470715,10,20,20
13,6448,0.00022503745134224212,0.08223560808880641,0.11762636187189546,0.7999129925879558,10,20,20
13,6449,0.00022503745133436098,0.08223561632781991,0.1182590331283205,0.7992803130925253,10,20,20
13,6450,9.42652548495136e-12,0.10541317306605995,0.14011931128030441,0.7544675156442091,10,20,20
13,6451,3.2234231098820786e-12,0.10054427969219641,0.10440562828918312,0.7950500920153969,10,20,20
13,6452,5.929555173531422e-11,0.10008635622970845,0.09994773200692166,0.7999659117040743,10,20,20
13,6453,1.0825187694617834e-10,0.09992221085329475,0.1043091431077785,0.7957686459306748,10,20,20
13,6454,4.668759308560445e-13,0.09996115772631783,0.10451300991276218,0.795525832360453,10,20,20
13,6455,1.4880193214472693e-15,0.1408863611657839,0.06711822027260493,0.7919954185616096,10,20,20
13,6456,2.0391636767834433e-10,0.004101683549404851,0.22042973757816825,0.7754685786685099,10,20,20
13,6457,1.0260691714866976e-13,0.004097759012083889,0.21053071337306664,0.7853715276147468,10,20,20
13,6458,3.2346293591307693e-09,0.004097510343041422,0.200450668173673,0.7954518182486561,10,20,20
13,6459,3.234630094650084e-09,0.00409751034532687,0.19645918556082614,0.7994433008592169,10,20,20
13,6460,2.9734035530645875e-09,1.947194102614331e-06,0.295239423179191,0.7047586266533026,10,20,20
13,6461,8.13001290970698e-10,1.0776015172863011e-06,0.2987224140658463,0.701276507519635,10,20,20
13,6462,8.12999318897737e-10,1.0774596005626478e-06,0.3015528167001011,0.6984461050272976,10,20,20
13,6463,0.0393027699283883,4.6765282514686174e-09,0.28536082229951704,0.6753364030955661,10,20,20
13,6464,5.71243449168721e-07,0.0015447616254762923,0.2963010983692243,0.7021535687618486,10,20,20
13,6465,1.3398131779049406e-09,1.8219611834126806e-06,0.2920547637300125,0.7079434129689901,10,20,20
13,6466,1.5678058470088182e-06,1.821101380585112e-06,0.28508013206318095,0.7149164790295914,10,20,20
13,6467,6.912026181723498e-08,0.07907140786593306,0.2060671748290781,0.7148613481847269,10,20,20
13,6468,5.0494106214173084e-08,0.09684424520371313,0.20172122464792047,0.7014344796542596,10,20,20
13,6469,4.782550383607018e-12,0.0995342235973048,0.21372819930999998,0.6867375770879123,10,20,20
13,6470,2.9244365462250565e-07,0.1000688396733403,0.19972040892272477,0.7002104589602797,10,20,20
13,6471,5.437234266198195e-07,0.09926732040565495,0.1389774773183315,0.7617546585525863,10,20,20
13,6472,5.437179483853048e-07,0.09996391784211837,0.10148016322321891,0.7985553752167139,10,20,20
13,6473,7.614745817321341e-05,0.09997997967792763,0.10169376845792721,0.7982501044059718,10,20,20
13,6474,3.791968530713587e-05,0.09999810372427946,0.10161007324828428,0.798353903342129,10,20,20
13,6475,3.7919685296372574e-05,0.09999303241815763,0.10341832077970006,0.7965507271168457,10,20,20
13,6476,6.645417272005106e-10,0.09485130784468583,0.10555086024837494,0.7995978312423976,10,20,20
13,6477,6.126362348852859e-07,0.10000176044439388,0.08335111024955563,0.8166465166698156,10,20,20
13,6478,6.126364958065138e-07,0.09997506523006518,0.08405262747081263,0.8159716946626261,10,20,20
13,6479,6.126362583485745e-07,0.09965032353014427,0.08374930005904886,0.8165997637745483,10,20,20
13,6480,5.102434199769636e-05,0.10104597965025572,0.16062561010506704,0.7382773859026792,10,20,20
13,6481,5.056184470827645e-05,0.09965597468601425,0.1368802348657478,0.7634132286035296,10,20,20
13,6482,0.0029454420339887987,0.10207507001358977,0.09549964840597959,0.7994798395464414,10,20,20
13,6483,1.4512969789472695e-07,0.09999857638133972,0.09986581114642404,0.8001354673425384,10,20,20
13,6484,2.673610794380548e-06,0.09999768448030265,0.14557263330894654,0.7544270085999563,10,20,20
13,6485,4.242884033410293e-05,0.0998386876301525,0.1456324115283673,0.754486472001146,10,20,20
13,6486,4.2428840335991325e-05,0.09983868763363883,0.1015843753468535,0.7985345081791717,10,20,20
13,6487,2.676398503043459e-13,0.09999099357041843,0.10089240407691921,0.7991166023523947,10,20,20
13,6488,4.048767382932919e-08,0.09979380083279679,0.10302577768387444,0.7971803809956549,10,20,20
13,6489,4.0487673676508436e-08,0.09999709038546017,0.10095091559534412,0.7990519535315221,10,20,20
13,6490,4.048849812885346e-08,0.09999993972286406,0.10500417296218831,0.7949958468264493,10,20,20
13,6491,8.627199337598532e-13,0.10000787534573674,0.10009977288981697,0.7998923517635838,10,20,20
13,6492,1.6919487979543954e-10,0.09999714608557772,0.10018911772456178,0.7998137360206654,10,20,20
13,6493,4.060426900298728e-12,0.10090647827511234,0.12341900973997637,0.7756745119808505,10,20,20
13,6494,2.0985980650989938e-10,0.0999973792359898,0.10261319549549988,0.7973894250586504,10,20,20
13,6495,1.5505767423168584e-16,0.09999737352165475,0.1025732487512447,0.7974293777271002,10,20,20
13,6496,5.142980342352137e-16,0.09999737352280144,0.10340971456298917,0.7965929119142091,10,20,20
13,6497,2.935515810869656e-11,0.10000016533925224,0.10287205833599941,0.7971277762953936,10,20,20
13,6498,6.137802689345158e-12,0.10000016556127345,0.12459671474372853,0.7754031196888603,10,20,20
13,6499,1.4469900296885024e-14,0.10000566751013043,0.10018098113336779,0.7998133513564872,10,20,20
13,6500,1.032845857018324e-12,0.1966208502439605,0.0049494399544163115,0.7984297098005904,10,20,20
13,6501,3.1110778888959124e-13,0.19742049404337192,0.012710001868149998,0.7898695040881669,10,20,20
13,6502,4.463445343566233e-14,0.19999067345361565,0.00013096247843524933,0.7998783640679042,10,20,20
13,6503,1.2652969596615725e-14,0.19998981500728083,0.006236682265542466,0.793773502727164,10,20,20
13,6504,3.595136826260484e-17,0.1756572487915824,0.0299057072431654,0.7944370439652519,10,20,20
13,6505,7.35807480759837e-18,0.17566275087124628,0.03146358649146012,0.7928736626372936,10,20,20
13,6506,1.6645424704755058e-11,0.19862007254354447,0.0061395087312034165,0.7952404187086068,10,20,20
13,6507,3.095600537017733e-13,0.1972337457543641,0.004332985522847428,0.7984332687224788,10,20,20
13,6508,1.5325051027024819e-15,0.11122880545282184,0.09196423791812464,0.796806956629052,10,20,20
13,6509,1.3883215191479742e-05,0.09854004829775696,0.10559972953213295,0.7958463389549184,10,20,20
13,6510,1.1066306275342989e-13,0.09994954279043523,0.10277613244014246,0.7972743247693115,10,20,20
13,6511,4.949893209355324e-14,0.09994954294931496,0.10508155829435886,0.7949688987562766,10,20,20
13,6512,2.4447884309522603e-14,0.19960113797372145,0.0037208179125245698,0.7966780441137294,10,20,20
13,6513,1.5009303023370616e-10,0.19943622693436808,0.05162393855128335,0.7489398343642553,10,20,20
13,6514,2.2472419478250154e-12,0.19888357071909643,0.0015718894669046457,0.7995445398117516,10,20,20
13,6515,1.0927115024153144e-13,0.19637531128431188,0.003770344169491928,0.7998543445460868,10,20,20
13,6516,8.595622380587829e-14,0.19876116548999773,0.0023306614904163338,0.7989081730194999,10,20,20
13,6517,1.3041229493319494e-13,0.19974786645517198,0.005825723190026177,0.7944264103546714,10,20,20
13,6518,4.6140136999712734e-12,0.19862004197546174,0.0032101190380583234,0.798169838981866,10,20,20
13,6519,2.945335765070852e-08,0.10508968004493999,0.09500719003881156,0.7999031004628907,10,20,20
13,6520,3.0105120611524213e-08,0.019006453175119686,0.18274269929936346,0.798250817420396,10,20,20
13,6521,2.9454787268072884e-08,0.033130728876293196,0.1691628561692458,0.7977063854996734,10,20,20
13,6522,5.970350294853748e-12,0.0999935645904727,0.10045060074786752,0.799555834655689,10,20,20
13,6523,1.1342035674191341e-14,0.09999356459947692,0.10191607731378946,0.7980903580867222,10,20,20
13,6524,9.109980395600745e-09,0.09999993078377581,0.01872696076742072,0.881273099338823,10,20,20
13,6525,1.4676966899426005e-17,0.09999292665232751,6.0641301627903173e-05,0.8999464320460444,10,20,20
13,6526,4.490001982053425e-16,0.09999292665184205,0.00013297372075987763,0.8998740996273975,10,20,20
13,6527,2.4156146334653234e-14,0.09999292665564483,0.0021650014052215093,0.8978420719391094,10,20,20
13,6528,2.4405856197983395e-14,0.09999390733983125,7.261571125362544e-05,0.8999334769488906,10,20,20
13,6529,2.807753023995271e-14,0.09999390733910526,0.001259088720057597,0.898747003940809,10,20,20
13,6530,1.8840110082313171e-13,0.09939282835552109,0.004339358881722303,0.8962678127625681,10,20,20
13,6531,1.424647998654914e-16,0.0999964189610067,0.06423124123757998,0.835772339801413,10,20,20
13,6532,7.198718637537372e-15,0.09997393250424141,0.005861599340298231,0.894164468155453,10,20,20
13,6533,1.5030027060348602e-15,0.09997392903317594,0.027032954682533923,0.8729931162842883,10,20,20
13,6534,1.8387320688096923e-15,0.09993351692272288,0.00044432158470400246,0.8996221614925712,10,20,20
13,6535,1.8137157817791884e-15,0.09993351692322348,0.000904073483041862,0.899162409593733,10,20,20
13,6536,2.995172998148736e-16,0.015359057342103005,0.08500339147847442,0.8996375511794221,10,20,20
13,6537,3.1959901519833895e-16,0.015359057345492495,0.0887878991113157,0.8958530435431914,10,20,20
13,6538,3.164205295265498e-10,4.3181778749145887e-07,0.10563015829810414,0.8943694095676877,10,20,20
13,6539,3.164131113532413e-10,4.3104482619397304e-07,0.10326034720987987,0.8967392214288807,10,20,20
13,6540,1.4358306487756067e-07,3.083388971475879e-08,0.10015366846691898,0.8998461571161267,10,20,20
13,6541,1.741735866908564e-07,2.299152330833666e-05,0.1519807548661594,0.8479960794369454,10,20,20
13,6542,1.7417358652544452e-07,2.2991543267950656e-05,0.10356062427272736,0.8964162100104179,10,20,20
13,6543,1.233002989341738e-12,2.3602163413589676e-07,0.10014150810117224,0.8998582558759601,10,20,20
13,6544,1.2332649488427864e-12,2.3600844631737248e-07,0.10206141602676091,0.8979383479635592,10,20,20
13,6545,4.454823106562049e-09,8.48710893109775e-10,0.10645691975822943,0.893543074938236,10,20,20
13,6546,4.736368289124928e-10,6.6549317120511145e-06,0.2282772207306595,0.7717161238639912,10,20,20
13,6547,1.4590359522178996e-08,7.139749357232614e-06,0.1371648985812552,0.8628279470790275,10,20,20
13,6548,4.775816781799559e-10,1.603898391412534e-05,0.200143812458678,0.799840148079826,10,20,20
13,6549,1.6150698183073548e-11,0.10014993735220065,0.10046727924096013,0.7993827833906884,10,20,20
13,6550,2.3594162357648474e-11,0.09661830862491214,0.10402752562714661,0.7993541657243469,10,20,20
13,6551,0.0003934029509326374,0.10002158132243104,0.10000650257413064,0.7995785131525054,10,20,20
13,6552,8.744233931545817e-14,0.09999042931825407,0.017493973035885714,0.8825155976457724,10,20,20
13,6553,2.824871979439073e-10,0.09900125312685956,0.021241922300657225,0.8797568242899958,10,20,20
13,6554,9.729798949928355e-14,0.09900124939671247,0.017032339201535955,0.8839664114016541,10,20,20
13,6555,3.1406695152215215e-14,0.09995582614840959,0.004151380422789799,0.8958927934287692,10,20,20
13,6556,2.6561318599870988e-14,0.09995582613592753,0.004052001384876655,0.8959921724791693,10,20,20
13,6557,2.4088802475103066e-15,0.05578066409788677,0.09204024039092874,0.8521790955111819,10,20,20
13,6558,2.270557763653184e-15,0.0557806620639118,0.04674642200063128,0.8974729159354544,10,20,20
13,6559,1.2784930436749895e-13,0.09999990597950906,0.00013612240812317712,0.89986397161224,10,20,20
13,6560,4.269019954389262e-16,0.0307750375753027,0.09719553620944926,0.8720294262152475,10,20,20
13,6561,3.887795180511922e-08,0.08149566894889661,0.026342967295139956,0.8921613248780117,10,20,20
13,6562,4.872425578682067e-17,0.09995393154088036,0.004805931719908341,0.8952401367392111,10,20,20
13,6563,3.7636157163386443e-16,0.09995393156515099,0.007947952774152183,0.8920981156606965,10,20,20
13,6564,8.651130712443604e-17,0.0999539315080349,0.0007555477859407292,0.8992905207060243,10,20,20
13,6565,1.4324869511370007e-14,0.09910815547405546,0.10888126633700454,0.7920105781889258,10,20,20
13,6566,1.4664909995330115e-13,0.09988024372736168,0.0010910526970903723,0.8990287035754013,10,20,20
13,6567,1.8901363206602805e-17,0.09988024367458707,0.005201770475210721,0.8949179858502021,10,20,20
13,6568,6.400287540978248e-17,0.09999859015498892,0.04814620057953845,0.8518552092654726,10,20,20
13,6569,2.4218267571996823e-17,0.09999396852711542,0.061795320110690166,0.8382107113621939,10,20,20
13,6570,2.7074629311691254e-14,0.09999396852044147,0.0001614608434806832,0.8998445706360506,10,20,20
13,6571,1.2446368716495559e-14,0.09998683710822855,0.0021364018854865855,0.8978767610062726,10,20,20
13,6572,7.274805090103873e-09,0.09812215295703225,0.049382169445643366,0.8524956703225193,10,20,20
13,6573,9.490460978036001e-18,0.09982275868430293,0.05939552783875458,0.8407817134769424,10,20,20
13,6574,7.108637207691167e-16,0.10001048202881808,0.0992869018679491,0.8007026161032321,10,20,20
13,6575,7.77045036262119e-16,0.09965180035648227,0.10421672891606648,0.7961314707274502,10,20,20
13,6576,3.7093706575677727e-06,0.09008222979844163,0.15331554210249326,0.7565985187284078,10,20,20
13,6577,3.297626671270778e-07,0.09008222962814152,0.11215076008898403,0.7977666805202072,10,20,20
13,6578,0.0006882009571176726,0.09008225267528111,0.11397849271729346,0.7952510536503073,10,20,20
13,6579,0.0006882009571351109,0.09008225270747161,0.11154792128790039,0.7976816250474926,10,20,20
13,6580,0.0006882009570746096,0.09988436629903505,0.10165552706022263,0.7977719056836675,10,20,20
13,6581,0.06020606531819824,0.09999982239759395,0.042072215931136955,0.7977218963530708,10,20,20
13,6582,0.060206065318180735,0.09997254291073496,0.03995181890177764,0.7998695728693065,10,20,20
13,6583,0.0602060653204635,0.09839500405854798,0.0660227010354954,0.7753762295854927,10,20,20
13,6584,0.0602060653204642,0.09998733261889017,0.06550536685920792,0.7743012352014372,10,20,20
13,6585,0.08579418444637874,0.06444612022139408,0.05109440358239352,0.7986652917498335,10,20,20
13,6586,0.09997340000441933,0.09999856518476608,0.003430168678197439,0.7965978661326172,10,20,20
13,6587,0.09997340000453456,0.09973260276498755,0.0003231465187175882,0.7999708507117601,10,20,20
13,6588,0.06381043413059564,0.09974165233832127,0.039220572378572,0.7972273411525114,10,20,20
13,6589,0.00010785255030419332,0.09973793294587426,0.10112402877706006,0.7990301857267612,10,20,20
13,6590,0.00010785255030270398,0.0997379320556105,0.19232245129072248,0.707831764103364,10,20,20
13,6591,0.00010785498917053766,0.10540816846866621,0.23365674032937486,0.660827236212788,10,20,20
13,6592,0.0880302503909719,0.09976277356625392,0.11380951525506536,0.6983974607877086,10,20,20
13,6593,2.952307843617068e-08,0.11458875652305986,0.2585055976506054,0.6269056163032563,10,20,20
13,6594,6.675464874837731e-12,0.10002219121448488,0.20354484852068463,0.696432960258155,10,20,20
13,6595,6.291434209051433e-10,0.19631468585645195,0.12370906751432853,0.679976246000076,10,20,20
13,6596,5.1192224094841496e-08,0.19641629683589001,0.12425859352314231,0.6793250584487436,10,20,20
13,6597,5.119223106322187e-08,0.09818571968172843,0.22101473414398626,0.6807994949820537,10,20,20
13,6598,4.532510634425576e-05,0.10262281308050133,0.215598551555061,0.681733310258093,10,20,20
13,6599,4.532445667598589e-05,0.006329866811266039,0.2960081632684869,0.6976166454635713,10,20,20
13,6600,4.9547704435905866e-05,1.912009329873036e-06,0.3317200998499382,0.6682284404362957,10,20,20
13,6601,1.1583197080243408e-08,0.10007945939323085,0.20034959964515214,0.6995709293784188,10,20,20
13,6602,1.158323975615752e-08,0.10008379234166813,0.20598654230304633,0.6939296537720451,10,20,20
13,6603,1.3262278069074821e-10,0.10001086702314337,0.20780705762739457,0.6921820752168383,10,20,20
13,6604,2.9586370650898097e-08,0.09996934062280771,0.20017770811449576,0.6998529216763257,10,20,20
13,6605,1.173408262126299e-12,0.15519441400755926,0.20506625887101632,0.6397393271202507,10,20,20
13,6606,2.6230797840541506e-14,0.17773536933438783,0.1846582215973523,0.6376064090682336,10,20,20
13,6607,1.4767673767636573e-14,0.1838035059871014,0.11738398935518553,0.6988125046576984,10,20,20
13,6608,1.5040097642785676e-14,0.18385175066319587,0.12125568564139033,0.6948925636953989,10,20,20
13,6609,1.5398313794190197e-14,0.18383616820293883,0.1206530549456754,0.6955107768513705,10,20,20
13,6610,1.5103129172393205e-14,0.18383616820709892,0.12079494018875384,0.6953688916041322,10,20,20
13,6611,1.5279186470515724e-15,0.19996500039375043,0.10333650909085501,0.6966984905153926,10,20,20
13,6612,1.5203377931924514e-11,0.14269940788956498,0.15847224063392015,0.6988283514613111,10,20,20
13,6613,1.9727819850808782e-11,0.10327068806768036,0.2224631259787882,0.6742661859338035,10,20,20
13,6614,1.9725166803961757e-11,0.10327068806028865,0.19673553660870532,0.6999937753112805,10,20,20
13,6615,1.6369528796012722e-12,0.0605604624037825,0.28671821023830407,0.6527213273562761,10,20,20
13,6616,2.7947291044626136e-12,0.10013734601831865,0.2513434508115294,0.6485192031673567,10,20,20
13,6617,1.148329879102309e-12,0.09862408150270321,0.20272450594777033,0.6986514125483775,10,20,20
13,6618,5.301427730913101e-16,0.061612637350304776,0.2384619365449522,0.6999254261047421,10,20,20
13,6619,4.924947800534649e-08,0.09989797259541652,0.29126647255986715,0.608835505595238,10,20,20
13,6620,5.927922596735755e-06,0.15448976240427298,0.245546904311625,0.5999574053615055,10,20,20
13,6621,5.925067460288972e-06,0.19576791461021475,0.20432906147155477,0.5998970988507702,10,20,20
13,6622,1.0647739577777828e-13,0.17819417812083688,0.22400433690288707,0.5978014849761696,10,20,20
13,6623,2.3794061017445382e-08,0.16710277293558323,0.2356302096365251,0.5972669936338295,10,20,20
13,6624,2.3855413541803464e-08,0.16704532529055996,0.2689289100200941,0.5640257408339313,10,20,20
13,6625,2.3860759438205028e-08,0.1835241097844301,0.2518803128108137,0.5645955535439966,10,20,20
13,6626,6.956868385472239e-11,0.20068954093931843,0.2014462269187153,0.5978642320723975,10,20,20
13,6627,4.4358080342016784e-07,0.20390310366168637,0.20090659794446153,0.5951898548130483,10,20,20
13,6628,3.3518511276411353e-07,0.1456064364564013,0.26013506919601564,0.5942581591624705,10,20,20
13,6629,3.37985355439596e-07,0.19996645032212176,0.16447874153881054,0.6355544701537121,10,20,20
13,6630,8.14831643132998e-08,0.27156733272409694,0.08962056364644955,0.6388120221462892,10,20,20
13,6631,7.868185472225048e-08,0.2701294802268294,0.03089849501710861,0.6989719460742073,10,20,20
13,6632,8.973927042632175e-11,0.29180233012952417,0.013918453666689345,0.6942792161140471,10,20,20
13,6633,9.055487151921976e-11,0.2982842199001253,0.007524429747923463,0.6941913502613966,10,20,20
13,6634,7.91929512610682e-13,0.29690009227777614,0.03204052909078393,0.6710593786306477,10,20,20
13,6635,7.19088233124711e-12,0.223441799892011,0.07668385648510134,0.6998743436156967,10,20,20
13,6636,1.2850252608432509e-10,0.19642760303960158,0.10858044093754789,0.694991955894348,10,20,20
13,6637,0.003494910674200987,0.19999109801401307,0.09664234829457498,0.699871643017211,10,20,20
13,6638,0.003494910674197758,0.19999109797436226,0.09659293612497624,0.6999210552264638,10,20,20
13,6639,3.417830035030429e-07,0.19999678688781133,0.10001656695416979,0.6999863043750151,10,20,20
13,6640,7.518182941394972e-11,0.1999896943169267,0.10209784273639326,0.6979124628714982,10,20,20
13,6641,5.620514165759492e-11,0.1999809910034495,0.10019809133123203,0.6998209176091136,10,20,20
13,6642,9.141403010696253e-14,0.19995420782693432,0.09829209214357855,0.7017537000293957,10,20,20
13,6643,9.14124926104893e-14,0.19995420782694187,0.09831935544885698,0.7017264367241096,10,20,20
13,6644,8.577404572169937e-11,0.2000809445820452,0.19415239746442292,0.6057666578677581,10,20,20
13,6645,1.4267241727178407e-15,0.2378233810497194,0.15508964174692136,0.6070869772033578,10,20,20
13,6646,4.102968246888348e-09,0.17580068842595437,0.21759779954615205,0.6066015079249253,10,20,20
13,6647,2.0041860578879884e-10,0.17572872898145503,0.12476734418208166,0.6995039266360445,10,20,20
13,6648,1.0015183572697352e-13,0.2000803039114913,0.10240339852369193,0.6975162975647162,10,20,20
13,6649,1.0548056113653694e-13,0.11713353397985674,0.18536204519438013,0.6975044208256576,10,20,20
13,6650,3.6664066770277376e-12,0.09967905943303244,0.20346932041480667,0.6968516201484942,10,20,20
13,6651,3.512009159467905e-10,0.09999012944965815,0.20096292490835638,0.6990469452907845,10,20,20
13,6652,2.1715411708374502e-09,0.10057606180357856,0.11936424783191127,0.7800596881929691,10,20,20
13,6653,3.9118358271966835e-16,0.01298242812203452,0.1908362151859546,0.7961813566920105,10,20,20
13,6654,1.4337951714898684e-09,0.012982121674654238,0.18784094662096196,0.7991769302705886,10,20,20
13,6655,5.5793353332328476e-05,0.012983923455710492,0.19322279928663713,0.7937374839043199,10,20,20
13,6656,3.190625875095159e-07,0.012984757625382043,0.19176388548982204,0.7952510378222084,10,20,20
13,6657,2.0051141717684907e-13,0.00045652293938981057,0.20002874579170332,0.7995147312687063,10,20,20
13,6658,9.62616357688379e-06,3.007275019076275e-07,0.20018060997888862,0.7998094631300326,10,20,20
13,6659,0.0004543621516511317,9.87352662259034e-05,0.19963434601413152,0.7998125565679917,10,20,20
13,6660,1.2232780302770556e-08,4.378160522458435e-06,0.1378847379776569,0.8621108716290407,10,20,20
13,6661,0.0011804222515578158,0.0002371468929179412,0.10054989167463971,0.8980325391808843,10,20,20
13,6662,9.440843498234569e-15,7.291495132186462e-09,0.0006492027505914714,0.9993507899579039,10,20,20
13,6663,2.4970188956472332e-17,1.4676878494625992e-05,0.05106684644560232,0.9489184766759028,10,20,20
13,6664,8.362985108081171e-14,1.4676784733798855e-05,0.05108917860907817,0.9488961446061044,10,20,20
13,6665,2.0008037338121452e-17,3.428145090792687e-11,0.0004531375452980064,0.9995468624204206,10,20,20
13,6666,1.9146971238112463e-10,9.854525788681238e-11,0.016087166135789695,0.9839128335741953,10,20,20
13,6667,3.2554344625267605e-13,2.016700424971191e-10,0.06386173925589717,0.9361382605421072,10,20,20
13,6668,1.974956891939699e-17,1.7482456004103232e-06,0.004748055926077418,0.9952501958283222,10,20,20
13,6669,6.1286329303142e-14,1.7482458705928032e-06,0.008634653320945493,0.9913635984331227,10,20,20
13,6670,5.421889564427517e-14,7.367227062248342e-11,0.008575432553634047,0.9914245673726395,10,20,20
13,6671,1.256895110725571e-16,7.404016565266247e-11,0.007889803865024966,0.9921101960609345,10,20,20
13,6672,1.5580049540233047e-16,1.3709448548505405e-09,0.07272811059272254,0.9272718880363321,10,20,20
13,6673,1.314477776942681e-15,2.149223985899739e-12,0.0018038000025575418,0.9981961999952919,10,20,20
13,6674,2.1163210613257942e-16,5.888561210041585e-11,0.005076990276139143,0.9949230096649749,10,20,20
13,6675,1.8414021252338717e-13,1.23903325405177e-11,0.0013064662616799729,0.9986935337257457,10,20,20
13,6676,2.0200909568770605e-10,8.666115721699742e-09,0.06830132784048863,0.9316986632913864,10,20,20
13,6677,2.0197558563680105e-10,1.861835414887707e-12,0.06665410021499367,0.9333458995811685,10,20,20
13,6678,2.0197482050283037e-10,2.0630638313210033e-12,0.06635420027538735,0.9336457995205748,10,20,20
13,6679,7.138799252054147e-11,1.647759003244704e-10,0.06868236617490743,0.9313176335889285,10,20,20
13,6680,7.161510589797725e-11,4.653241641201603e-12,0.0981958404710326,0.9018041594526988,10,20,20
13,6681,1.5526469542897347e-08,4.4287473410163004e-11,0.1569209176407846,0.8430790667884581,10,20,20
13,6682,7.97444029870933e-06,7.277119705789957e-07,0.05500088953768643,0.944990408310044,10,20,20
13,6683,7.974440299316951e-06,7.277180486691283e-07,0.06047806443891257,0.9395132334027394,10,20,20
13,6684,6.096685472009134e-16,2.438794951940312e-12,0.0038891483329309153,0.9961108516646296,10,20,20
13,6685,1.968651262479558e-13,2.291954913626642e-11,0.040123301792786524,0.959876698184097,10,20,20
13,6686,1.323944858988846e-12,2.455391713798681e-11,0.03633281031395181,0.9636671896601703,10,20,20
13,6687,6.763973041596811e-16,2.6977727420174766e-12,0.00012114012813005002,0.9998788598691716,10,20,20
13,6688,7.298287642644948e-16,2.7583973761663644e-12,0.000137357563925784,0.9998626424333151,10,20,20
13,6689,1.0114455888075209e-15,4.910074539940217e-11,0.043247190509923816,0.9567528094409745,10,20,20
13,6690,1.6842751774092136e-14,9.283401187510809e-10,0.08009184507124188,0.919908154000401,10,20,20
13,6691,8.268785217936486e-14,9.483708517203973e-10,0.07690300948386232,0.9230969895676842,10,20,20
13,6692,8.251909888333011e-14,9.566546155018267e-10,0.03731987187128268,0.96268012717198,10,20,20
13,6693,5.320314105999549e-16,1.5111735091079457e-09,0.005091869362010076,0.9949081291268158,10,20,20
13,6694,3.7609903985390986e-15,5.556519882637007e-08,0.04790410772616813,0.9520958367086294,10,20,20
13,6695,1.9826568120246108e-12,1.5816454830521475e-09,0.09361412627331049,0.9063858721430613,10,20,20
13,6696,3.1982437584714083e-13,2.3975610345362226e-11,0.03818649547381902,0.9618135045018859,10,20,20
13,6697,9.449309164304192e-17,2.550283631270908e-11,0.05918985046315448,0.9408101495113426,10,20,20
13,6698,1.654651510805538e-16,5.110136293121879e-12,0.00011485762274818043,0.9998851423721412,10,20,20
13,6699,4.687665692395818e-14,1.7955017870212083e-10,0.09139240808951576,0.908607591730887,10,20,20
13,6700,6.027305747819139e-14,1.5743905297087664e-10,0.05183357930150175,0.9481664205409988,10,20,20
13,6701,6.691816078030984e-15,7.73630147274997e-11,0.003992125055566716,0.9960078748670635,10,20,20
13,6702,9.804453385589732e-16,7.714013014900215e-11,0.0010595291484835705,0.9989404707743752,10,20,20
13,6703,7.566343559705108e-17,4.3307224916010737e-13,0.0009853979601948267,0.9990146020393722,10,20,20
13,6704,1.1153410686463474e-17,6.1215270966263746e-12,0.0018426465471717596,0.9981573534467068,10,20,20
13,6705,2.866294974017618e-14,1.1051720528391897e-10,0.0001911647692912413,0.9998088351201627,10,20,20
13,6706,1.197781206653726e-15,1.0747001982268458e-13,0.0018085441409726936,0.9981914558589186,10,20,20
13,6707,2.0275568620493028e-15,1.3276385571517592e-13,0.003008275270567843,0.9969917247292972,10,20,20
13,6708,1.6873809623230647e-12,4.201391130518212e-12,0.028947684711266946,0.9710523152828442,10,20,20
13,6709,1.0153206347012446e-14,1.5792421020972692e-12,0.005429524627751318,0.994570475370659,10,20,20
13,6710,1.0393355047802679e-14,8.111445211425351e-11,0.0018201280736100365,0.998179871845265,10,20,20
13,6711,2.851385662495295e-15,2.769662733888793e-10,0.0540436430095421,0.9459563567134885,10,20,20
13,6712,5.829823135071308e-10,2.614672860821836e-10,0.054101435114381216,0.945898564041169,10,20,20
13,6713,5.829869792929933e-10,2.608733618870235e-10,0.050933418686364876,0.9490665804697747,10,20,20
13,6714,3.3644777697283886e-13,4.0789720122439406e-11,0.001178252191068252,0.9988217477678056,10,20,20
13,6715,3.362093763634522e-13,8.549626518774317e-13,0.03796199625433415,0.962038003744475,10,20,20
13,6716,3.3167648489274756e-13,1.6735346744235158e-12,0.07398900791872604,0.926010992079269,10,20,20
13,6717,9.743206113218439e-17,1.4850458367550437e-12,0.07397051137246347,0.9260294886260516,10,20,20
13,6718,2.3822883907296038e-17,3.1201547667572055e-12,0.04799452774977282,0.9520054722471072,10,20,20
13,6719,6.090518690021497e-12,3.992634809202408e-09,0.054713592937423075,0.9452864030638516,10,20,20
13,6720,6.477156125699648e-16,5.199185542339336e-10,0.11767077991936681,0.8823292195607138,10,20,20
13,6721,5.078162524170735e-13,7.47380324617164e-13,0.003553864457213863,0.9964461355415308,10,20,20
13,6722,2.0712122053843417e-15,7.660791244525767e-10,0.004255711772575744,0.9957442874613431,10,20,20
13,6723,5.754969219575614e-17,8.510104862797538e-11,0.002849708407357953,0.9971502915075412,10,20,20
13,6724,1.7884144728116504e-11,6.791113999299486e-10,0.09494701758525768,0.9050529817177468,10,20,20
13,6725,1.229797765680536e-13,6.888561672264315e-08,0.11032412906063369,0.8896758020536264,10,20,20
13,6726,7.141598220259279e-13,6.898284087756363e-08,0.1108319153087672,0.8891680157076779,10,20,20
13,6727,1.2308710024539143e-13,6.899659722022387e-08,0.07369785159685499,0.9263020794064248,10,20,20
13,6728,2.044652753291304e-14,8.664402277268489e-10,0.0016391232712243179,0.998360875862315,10,20,20
13,6729,3.214991557101561e-14,8.761337022542547e-10,0.046750730083915705,0.9532492690399185,10,20,20
13,6730,9.773360819843919e-15,1.9594164423090256e-09,0.0632273897710791,0.9367726082694947,10,20,20
13,6731,4.563802475451903e-08,1.0560681770515688e-12,0.01983272063903582,0.9801672337218834,10,20,20
13,6732,4.563801473711992e-08,1.1863750774909948e-07,0.07945942373468885,0.9205404119897885,10,20,20
13,6733,1.6233168480212193e-17,1.5945371261991372e-12,0.0019442177177387714,0.9980557822806666,10,20,20
13,6734,9.607528064575782e-14,3.820481490034765e-11,0.03590963747219864,0.9640903624895005,10,20,20
13,6735,9.630575195243627e-14,3.835113612031248e-11,0.03579147715267492,0.9642085228088778,10,20,20
13,6736,9.137109848556265e-16,3.066485095512729e-12,0.0001425213225247603,0.9998574786744079,10,20,20
13,6737,7.266762996815414e-16,1.9713831711489066e-12,0.016210837475049887,0.9837891625229778,10,20,20
13,6738,7.502384405657922e-16,1.6804194585011782e-12,0.004819634783655817,0.995180365214663,10,20,20
13,6739,4.109405837836701e-13,6.519008702556311e-14,0.01953519266700309,0.9804648073325206,10,20,20
13,6740,1.608409774694348e-14,4.767328302671652e-12,0.053178764575835424,0.9468212354193808,10,20,20
13,6741,1.7872540218429881e-16,1.848420534699691e-11,0.0035394388722492847,0.9964605611092662,10,20,20
13,6742,7.703701528250073e-17,5.1058730739868694e-11,0.10948666998694309,0.890513329961998,10,20,20
13,6743,6.8857788957850636e-18,5.7354154502378686e-11,0.14650416690264553,0.8534958330400002,10,20,20
13,6744,6.839197102720233e-14,9.708138776623733e-11,0.11382931501129959,0.8861706848915507,10,20,20
13,6745,3.167442554042437e-14,1.313739181252302e-11,0.0011719371945707604,0.9988280627922602,10,20,20
13,6746,1.2599329675748748e-16,1.1324265378215888e-12,0.0036116734870983236,0.9963883265117689,10,20,20
13,6747,2.754293260070348e-16,2.1529067769675465e-11,0.008758822078304685,0.991241177900166,10,20,20
13,6748,5.16930771770751e-14,5.5848413347328904e-12,0.005272548072438278,0.9947274519219252,10,20,20
13,6749,2.5089670238897485e-14,1.098727274639699e-10,0.0003795839920273191,0.9996204158980749,10,20,20
13,6750,1.1034037750060792e-16,9.94909008149022e-11,0.004415798189987278,0.9955842017105214,10,20,20
13,6751,3.425720804226256e-16,1.1214427112634466e-10,0.0063852623961163325,0.993614737491739,10,20,20
13,6752,1.9001347534043655e-13,3.0186456523825955e-10,0.006527296952370895,0.9934727027455746,10,20,20
13,6753,1.116021585509012e-14,1.738044809905035e-09,0.043527251738077796,0.9564727465238662,10,20,20
13,6754,5.892959003976771e-16,1.0234578717760828e-09,0.009482274761461016,0.9905177242150804,10,20,20
13,6755,6.053596004825901e-14,5.479998620060684e-09,0.006412005833215086,0.9935879886867255,10,20,20
13,6756,8.480213319220349e-12,2.125476615389022e-11,0.004056953451981087,0.9959430465182839,10,20,20
13,6757,4.647963440125856e-16,2.030588223085574e-11,0.002326630617084053,0.9976733693626096,10,20,20
13,6758,3.898226735622153e-15,1.4164727498081702e-11,0.09414550535934381,0.9058544946264874,10,20,20
13,6759,1.1856990687479542e-11,2.923418673523182e-09,0.09229020074991655,0.9077097963148079,10,20,20
13,6760,1.186340476645156e-11,8.905415831397351e-06,0.10055584781547325,0.899435246756832,10,20,20
13,6761,3.0957454737580266e-08,1.8291258110101445e-10,0.12425381167990372,0.8757461571797289,10,20,20
13,6762,4.835641128574032e-12,2.3717793622054647e-11,0.12127720909668349,0.8787227908747631,10,20,20
13,6763,5.887216331728057e-11,5.842572328083223e-13,0.12106138492989557,0.8789386150106477,10,20,20
13,6764,1.7069312938341807e-05,1.9068942551988996e-10,0.12119062382328313,0.878792306673089,10,20,20
13,6765,1.7053283490200852e-07,2.8389900085355718e-08,0.11819549937484604,0.8818043017024181,10,20,20
13,6766,1.7053159427883903e-07,2.368166113683459e-08,0.09909284611809205,0.9009069596686524,10,20,20
13,6767,8.762992110730722e-08,5.789543554098868e-11,0.20426090448551387,0.7957390078266696,10,20,20
13,6768,4.0120400207014816e-12,0.006080721212084745,0.20551666182856806,0.7884026169553346,10,20,20
13,6769,3.2385807344875036e-15,7.29187616653375e-06,0.19946944658891452,0.8005232615349154,10,20,20
13,6770,3.356259074698206e-15,4.060825420804002e-11,0.19539850510498413,0.8046014948544041,10,20,20
13,6771,1.040263052394241e-12,3.6874213405423365e-11,0.19720410669262467,0.802795893269461,10,20,20
13,6772,1.49516411247648e-12,6.193034822192172e-06,0.1945174708905585,0.8054763360731239,10,20,20
13,6773,1.6580558538359547e-12,6.193056136485883e-06,0.10284393882897622,0.8971498681132288,10,20,20
13,6774,2.077974726425342e-11,9.639343125987434e-09,0.10190636193064798,0.8980936284092289,10,20,20
13,6775,8.89082441258135e-11,3.353835448826894e-10,0.024044946387747283,0.9759550531879608,10,20,20
13,6776,5.365935633877132e-14,2.2427890100880708e-07,0.11981592008831084,0.8801838556327344,10,20,20
13,6777,8.978708979202281e-16,2.2419491191534231e-07,0.11652178305452984,0.8834779927505574,10,20,20
13,6778,8.401556540676083e-17,2.0522862203687473e-11,0.001066941705600278,0.9989330582738768,10,20,20
13,6779,1.6454235702528384e-15,5.89220030682848e-14,5.57706590680645e-05,0.9999442293408715,10,20,20
13,6780,1.638426796130061e-15,2.997437869671007e-11,0.0031279147585638366,0.9968720852114601,10,20,20
13,6781,5.098595889272303e-16,1.1516235107344804e-10,0.004294164348759538,0.9957058355360774,10,20,20
13,6782,1.0578737827946804e-13,3.592189827631385e-09,0.0002936342830756467,0.9997063621246287,10,20,20
13,6783,1.0744990728830138e-13,3.506569373089865e-09,0.0001592846935499753,0.9998407117997733,10,20,20
13,6784,7.638732017977962e-16,3.5464827927429232e-09,0.001135543520717555,0.9988644529327988,10,20,20
13,6785,1.1310838477335407e-12,9.91028204249545e-11,0.07894372180808272,0.9210562780916831,10,20,20
13,6786,4.740176520090263e-15,4.7371126175509235e-11,0.07771944718769778,0.9222805527649264,10,20,20
13,6787,2.451744290890718e-12,3.515596731542504e-13,0.06000371629454491,0.939996283702652,10,20,20
13,6788,2.943154631481077e-18,3.1072001091257404e-12,0.06008041473044462,0.9399195852664481,10,20,20
13,6789,2.1121110799347843e-16,5.724772138344378e-09,0.08958469284751039,0.9104153014277172,10,20,20
13,6790,6.966304778215151e-14,3.561111219006523e-10,0.06004397821236489,0.9399560214314544,10,20,20
13,6791,1.486333642948853e-13,1.0719965682109594e-13,0.002018558215699766,0.9979814417840442,10,20,20
13,6792,1.3505359097176348e-14,5.403854543303898e-10,0.0006758090172223389,0.9993241904423785,10,20,20
13,6793,1.1896529629799645e-14,8.107155603612104e-10,0.008275537658277566,0.991724461530995,10,20,20
13,6794,3.373002277166045e-14,1.4728745197416032e-10,0.008807333157191288,0.9911926666954874,10,20,20
13,6795,5.358080313673615e-16,5.190577517077379e-11,0.005683464413713466,0.9943165355343802,10,20,20
13,6796,1.2423052704468764e-15,1.8228091090106657e-12,0.0001439138620701216,0.9998560861361059,10,20,20
13,6797,2.644011435893641e-13,1.6497100486220523e-12,0.0016501972534198515,0.9983498027446659,10,20,20
13,6798,2.4554532404021318e-14,7.494320873602566e-11,0.009630864657708618,0.9903691352673236,10,20,20
13,6799,5.660591513210202e-10,6.04380516616105e-12,0.06127060440922479,0.9387293950186721,10,20,20
13,6800,8.47924948344472e-14,2.7787358846047994e-10,0.0030698241813827743,0.9969301755406589,10,20,20
13,6801,3.807450768431102e-16,1.5987554802468031e-10,0.0018178488187343442,0.9981821510213897,10,20,20
13,6802,3.6674537280045566e-16,8.284772240049791e-13,9.995163124423755e-05,0.9999000483679268,10,20,20
13,6803,2.064472734259143e-14,6.901237324440778e-11,0.09400372511922597,0.9059962748117408,10,20,20
13,6804,1.1338913296828907e-15,1.484029022173177e-05,0.12782687179053495,0.8721582879192418,10,20,20
13,6805,0.07973764943478569,1.580904697230493e-08,0.04789563604973989,0.8723666987064276,10,20,20
13,6806,2.964734997271401e-07,2.3089394475031162e-07,0.10091914512151376,0.8990803275110416,10,20,20
13,6807,4.029465539660245e-07,2.985871059985756e-07,0.00373099310256021,0.9962683053637799,10,20,20
13,6808,4.881600876005842e-15,1.094115451147076e-08,0.0009187864060812145,0.9990812026527592,10,20,20
13,6809,7.935715353682866e-14,8.094688217524408e-12,0.000488560876016594,0.9995114391158092,10,20,20
13,6810,2.228348400777524e-16,3.994001629635787e-13,0.0019120654808242158,0.9980879345187761,10,20,20
13,6811,1.5630155173456749e-15,1.0470264831299621e-10,0.0031778781455456947,0.9968221217497499,10,20,20
13,6812,2.1431218335589828e-16,1.0095283728187888e-10,0.003774200388403249,0.9962257995106437,10,20,20
13,6813,1.6783904099493268e-16,1.350220884373469e-10,0.09962247460868398,0.9003775252562939,10,20,20
13,6814,4.768403048864525e-14,1.0341732233874907e-11,0.10028636881165323,0.899713631177957,10,20,20
13,6815,4.843333923414707e-14,5.976106054967858e-11,0.10119440734424609,0.8988055925959445,10,20,20
13,6816,5.275981337439373e-16,7.428498429454885e-14,7.585362356109308e-05,0.9999241463763642,10,20,20
13,6817,4.12765289779694e-17,1.4623020237205692e-13,0.0016734889770169483,0.9983265110228366,10,20,20
13,6818,2.8097190371826936e-16,2.1569283200279902e-12,0.004561131668389408,0.9954388683294534,10,20,20
13,6819,6.879146603660652e-14,1.171201802156613e-13,0.0029001146538652324,0.9970998853459487,10,20,20
13,6820,1.0017856715033247e-09,6.495629347269374e-11,0.003470613007923856,0.9965293859253341,10,20,20
13,6821,6.80725747429555e-14,7.493798535354445e-09,0.004758596480684813,0.9952413960254487,10,20,20
13,6822,9.211394921904369e-14,2.6092241809552788e-11,8.572803134000145e-05,0.9999142719424755,10,20,20
13,6823,5.2942991912301e-16,3.2196568935954494e-15,0.09201723874417776,0.9079827612558183,10,20,20
13,6824,3.016280732377058e-16,2.919120527549286e-11,0.10430534746193185,0.8956946525088763,10,20,20
13,6825,2.9744646771124395e-15,7.630700582160799e-11,0.1407742472496925,0.8592257526739973,10,20,20
13,6826,6.514962586865043e-16,5.1030338468802985e-12,0.0288867101925805,0.9711132898023157,10,20,20
13,6827,1.2462445115794145e-14,7.522230037269467e-10,0.0028286195741083434,0.9971713796736561,10,20,20
13,6828,3.3550779852657044e-16,6.212613739972193e-11,0.00434858526136698,0.9956514146765066,10,20,20
13,6829,4.541891004703068e-16,9.062699475869736e-11,0.0015103383087413304,0.9984896616006311,10,20,20
13,6830,7.079227287839844e-14,2.8643338911583727e-11,0.000830841085924355,0.9991691588853614,10,20,20
13,6831,1.945005091265116e-15,3.3242435043505225e-12,0.004572995830068662,0.9954270041666051,10,20,20
13,6832,1.2290426712354612e-15,4.499825403697588e-12,0.023137117115828502,0.9768628828796706,10,20,20
13,6833,5.691827858456793e-17,5.608414951110434e-12,0.0617780406164893,0.938221959377902,10,20,20
13,6834,2.1298568954861706e-13,2.5796395950165416e-12,0.01424529929986994,0.9857547006973373,10,20,20
13,6835,7.918369860434474e-16,5.654699270704586e-13,0.013081118806679157,0.9869188811927545,10,20,20
13,6836,1.751311917686507e-15,1.5304296558960232e-11,0.01958716461857387,0.9804128353661199,10,20,20
13,6837,1.6983013026060954e-15,1.9156559137582197e-11,0.006590719165160812,0.9934092808156807,10,20,20
13,6838,6.223698366061983e-17,1.0714275395429532e-11,0.006916459084290942,0.9930835409049946,10,20,20
13,6839,3.0551645790168388e-15,1.650536393343382e-11,0.005094472027938445,0.994905527955553,10,20,20
13,6840,2.179901265181797e-11,4.132090465101146e-12,0.0644718441955025,0.9355281557785663,10,20,20
13,6841,7.9060521798471905e-16,2.3672136008036137e-12,0.004743921697015924,0.9952560783006159,10,20,20
13,6842,2.6517061394792242e-17,1.6381570881048176e-10,0.010770837920174501,0.9892291619160097,10,20,20
13,6843,3.9139923354748624e-16,4.6336375564887705e-12,0.0005811568603862439,0.9994188431349796,10,20,20
13,6844,1.1521862698610758e-13,9.38795629013063e-10,0.03655164219974975,0.9634483568613396,10,20,20
13,6845,1.107803422569922e-13,1.5156965579723922e-10,0.006717246551647007,0.9932827532966725,10,20,20
13,6846,1.1070825417574704e-13,3.150084059949008e-11,0.0017685689375210058,0.9982314310308673,10,20,20
13,6847,2.219931260596813e-15,1.3403696823228257e-09,0.0110186441930154,0.988981354466613,10,20,20
13,6848,5.469428723745144e-08,3.742121098209131e-11,0.10456640952950103,0.8954335357387899,10,20,20
13,6849,7.087985886959147e-13,2.623839410306911e-07,0.10465539193737065,0.8953443456779795,10,20,20
13,6850,1.1685548206594108e-12,3.0589921807471283e-09,0.09654117763906947,0.9034588193007697,10,20,20
13,6851,5.246377780058788e-12,2.185869066451147e-09,0.003062270878292946,0.9969377269305916,10,20,20
13,6852,5.020160931199158e-12,6.725053162321954e-11,0.0012433341381031607,0.998756665789626,10,20,20
13,6853,1.642664452838304e-14,1.9780877759141836e-12,0.0005647346898724866,0.9994352653081326,10,20,20
13,6854,1.4394393231947486e-07,8.034736762210797e-11,0.03465869234004675,0.9653411636356735,10,20,20
13,6855,2.5039606189070204e-10,1.5713757654369254e-10,0.0756441763402834,0.9243558232521828,10,20,20
13,6856,2.24529492227101e-12,4.160875299576189e-09,0.11387368070028699,0.8861263151365921,10,20,20
13,6857,2.3730212219459367e-12,2.729248714755666e-12,0.015775313919482208,0.9842246860754156,10,20,20
13,6858,2.421530474453455e-12,2.3776998486005332e-11,0.07600307237258459,0.9239969276012168,10,20,20
13,6859,1.306908552938486e-13,1.1972169667621296e-10,0.09724856397723992,0.9027514359029075,10,20,20
13,6860,1.3280237488956282e-15,5.677686194085918e-11,0.0034914184305922615,0.9965085815126293,10,20,20
13,6861,5.98872283634086e-12,6.809155711394054e-11,0.0035967258755699233,0.9964032740503498,10,20,20
13,6862,5.989672759910379e-12,4.371084869339669e-12,0.0010461071845144034,0.9989538928051248,10,20,20
13,6863,2.997041549604477e-19,6.685352085183341e-14,0.04617286684334117,0.953827133156592,10,20,20
13,6864,8.224693449484245e-11,1.0294270059058175e-05,0.015522731408241711,0.9844669742394524,10,20,20
13,6865,3.15525576097215e-14,2.415312270233921e-13,0.00025532755539800674,0.9997446724443287,10,20,20
13,6866,2.845749414493847e-14,4.74008242015709e-08,0.06662713772871874,0.9333728148704281,10,20,20
13,6867,9.703618244811374e-13,3.674289307223186e-12,0.0012641795227666933,0.9987358204725887,10,20,20
13,6868,4.081498816568173e-13,4.311826064772429e-09,0.004087983186173294,0.9959120125015921,10,20,20
13,6869,5.055822796109851e-15,7.794067405647848e-11,0.001554080015356718,0.9984459199066974,10,20,20
13,6870,2.0847392887938122e-16,8.039653674538303e-11,0.0038792399507233516,0.9961207599688799,10,20,20
13,6871,4.081350795467399e-14,7.938617246703825e-08,0.03912299922615197,0.9608769213876347,10,20,20
13,6872,4.151650193860324e-14,4.952556546718696e-07,0.09238631682552909,0.9076131879187745,10,20,20
13,6873,1.9114800154775754e-12,4.952520014825278e-07,0.04053687033962294,0.9594626344064642,10,20,20
13,6874,1.3428177314450045e-13,5.866999862655072e-11,0.03775343863706381,0.9622465613041319,10,20,20
13,6875,9.215576887028111e-14,1.8405777309653347e-12,0.03791890622774118,0.9620810937703259,10,20,20
13,6876,6.951514803426973e-13,5.877298524135164e-10,0.0005537579909302874,0.9994462414206448,10,20,20
13,6877,5.636552075495622e-13,6.958608973674774e-12,0.0001835910342418892,0.9998164089582359,10,20,20
13,6878,9.252533799516407e-13,4.406979409632128e-12,0.002755485102450355,0.9972445148922174,10,20,20
13,6879,8.208852985235949e-16,9.983985508684845e-12,0.00017188577616495808,0.9998281142138504,10,20,20
13,6880,2.4038090039585887e-14,8.260612496057136e-12,0.0006047994981018955,0.9993952004936137,10,20,20
13,6881,5.008820212417045e-17,7.219469350764415e-11,0.0013809537099994883,0.9986190462178056,10,20,20
13,6882,6.471602007373195e-15,6.760269401129746e-12,0.0004711653425940789,0.9995288346506392,10,20,20
13,6883,4.16522803261439e-15,5.679459994077229e-12,9.858230931608521e-05,0.9999014176850004,10,20,20
13,6884,1.8242463581387578e-17,6.9504904670198515e-12,0.04684594855461086,0.9531540514384387,10,20,20
13,6885,2.2653710502736326e-14,7.447884347114822e-11,0.04645410689576046,0.953545893029738,10,20,20
13,6886,3.0531493328116315e-17,3.990772255376516e-12,0.052369193765107125,0.9476308062309021,10,20,20
13,6887,3.0429760717376447e-15,1.745258814505327e-08,0.026393921923803954,0.973606060623605,10,20,20
13,6888,9.801055961260292e-17,9.727851511991061e-11,0.0018132537269129495,0.9981867461758085,10,20,20
13,6889,1.200643236386018e-17,5.986303666686251e-13,0.04388996369318342,0.9561100363062177,10,20,20
13,6890,2.665891468813758e-18,1.7765217426668048e-12,0.0017445119993682455,0.998255487998855,10,20,20
13,6891,4.120013017430907e-07,1.6878043673000623e-12,0.016442281817355766,0.9835573061796546,10,20,20
13,6892,3.04908366773777e-16,2.9519531182465424e-12,0.0016890350578961026,0.9983109649391515,10,20,20
13,6893,6.656520914583663e-16,6.534168584307923e-12,0.00300933070667902,0.996990669286786,10,20,20
13,6894,1.0587985999392731e-15,2.8943524837961497e-12,0.003867094775587164,0.9961329052215172,10,20,20
13,6895,5.884452544352811e-15,7.281333055765024e-12,0.0015045141217949333,0.9984954858709179,10,20,20
13,6896,3.114435954926192e-13,1.4518832844959922e-10,0.010686638483684919,0.9893133613708154,10,20,20
13,6897,4.138060332015252e-17,5.315412753832608e-12,0.02432283695073239,0.9756771630439521,10,20,20
13,6898,4.401190228825807e-17,4.615072687112905e-09,0.025186723098929425,0.9748132722859977,10,20,20
13,6899,7.485146816257762e-13,3.6028873354463726e-11,0.10599211891721841,0.8940078810460037,10,20,20
13,6900,7.961818490424395e-16,4.3803434495512236e-09,0.15423697302094502,0.8457630225987106,10,20,20
13,6901,2.962189951533352e-14,4.336571064359636e-09,0.11326352777813471,0.8867364678852645,10,20,20
13,6902,3.0535637989924787e-15,2.3693292566957778e-11,0.0030446139298128815,0.9969553860464908,10,20,20
13,6903,5.694243927106208e-16,1.8274607873488292e-11,0.006188005629966637,0.9938119943517583,10,20,20
13,6904,1.978826277452784e-15,8.228410614640092e-12,0.004064593038787827,0.9959354069529818,10,20,20
13,6905,1.9794957321547498e-15,2.0283709506293963e-09,0.003928439226491384,0.9960715587451358,10,20,20
13,6906,3.998955708548682e-15,2.245391251071668e-11,0.04130411723366523,0.958695882743877,10,20,20
13,6907,2.294599862284443e-15,3.713079838246972e-12,0.04131031772846817,0.9586896822678165,10,20,20
13,6908,2.7480409147649437e-15,2.3695077892855073e-12,0.001693404860934273,0.9983065951366937,10,20,20
13,6909,3.815269474259829e-15,1.110612732688809e-09,0.00030811978573513113,0.9996918791036483,10,20,20
13,6910,5.02376669223144e-15,8.407402647127845e-12,0.0008390715727271949,0.9991609284188604,10,20,20
13,6911,4.958560835430643e-15,2.7264144050178064e-12,0.0013387193608624562,0.9986612806364062,10,20,20
13,6912,9.163232935099181e-14,1.2474864621072527e-09,0.006261577168975077,0.9937384215834468,10,20,20
13,6913,8.350187549242902e-17,8.17942919445258e-13,0.00015182628552132417,0.9998481737136607,10,20,20
13,6914,4.741787869930531e-14,3.9288273161285956e-11,0.0170021003251618,0.9829978996355024,10,20,20
13,6915,5.687959421383866e-12,7.696140003415677e-11,0.03626693719311634,0.9637330627242344,10,20,20
13,6916,3.8781126731452655e-15,1.984882567909149e-11,0.0001559775318018956,0.9998440224483456,10,20,20
13,6917,1.4485546505151878e-13,2.0216248379572314e-11,0.021511160508174344,0.9784888394714647,10,20,20
13,6918,5.008837483439664e-17,1.389777727742512e-10,0.0003007569556894089,0.9996992429053329,10,20,20
13,6919,2.9436026548792077e-12,5.433109278834924e-12,0.004808780512572879,0.9951912194790502,10,20,20
13,6920,2.967869518986951e-12,6.441017410467845e-08,0.03857580007480309,0.9614241355120546,10,20,20
13,6921,2.943581047184849e-12,3.0182755589712206e-12,0.00014953536044123324,0.9998504646335968,10,20,20
13,6922,4.531355042049569e-16,1.1198681316385125e-06,0.02553972386878232,0.9744591562630855,10,20,20
13,6923,2.0970275019043114e-14,1.7279998808283358e-11,0.0028727478619008447,0.9971272521207982,10,20,20
13,6924,8.388317488566278e-16,1.0826832182304236e-10,0.0021574005668548598,0.997842599324876,10,20,20
13,6925,3.543764192510214e-16,1.0829871760233156e-10,0.00010038118509878157,0.9998996187066018,10,20,20
13,6926,5.921117363382553e-16,1.317755093108831e-10,0.004731318238209459,0.9952686816300144,10,20,20
13,6927,6.785837791051664e-14,2.4226201740149627e-10,0.004926525497190018,0.9950734742604801,10,20,20
13,6928,6.783543234535767e-14,1.2439055637397074e-10,0.0001625496929469862,0.9998374501825946,10,20,20
13,6929,7.963774072426475e-15,1.3156317258587787e-10,0.002137589886624167,0.9978624099818048,10,20,20
13,6930,2.8305952083956326e-16,4.1195629808724977e-13,0.004130052339104478,0.9958699476604833,10,20,20
13,6931,3.035133620610924e-14,5.126548060382142e-12,0.004699719444734582,0.9953002805501084,10,20,20
13,6932,2.1934259817722658e-13,5.453784062002208e-09,0.005313458830696715,0.9946865357153,10,20,20
13,6933,4.1707395333951536e-13,5.742721192653174e-09,0.009615709477935124,0.9903842847789266,10,20,20
13,6934,4.172688089353521e-13,5.738457214706213e-09,0.006442263814326487,0.9935577304467988,10,20,20
13,6935,1.3849735086165021e-15,1.3475480170613418e-10,0.005179529042535884,0.9948204708227077,10,20,20
13,6936,2.226569746434037e-16,2.8803158637363704e-11,0.00010501555645509771,0.9998949844147413,10,20,20
13,6937,1.3564165932435965e-15,5.72076927883138e-08,0.043833547884910985,0.9561663949073947,10,20,20
13,6938,2.3144425130820047e-16,1.303136644276285e-07,0.04059217104301666,0.9594076986433185,10,20,20
13,6939,3.089115588196457e-13,4.669472276571249e-07,0.0772279814321876,0.9227715516202757,10,20,20
13,6940,4.0132058914142063e-16,3.3470123100336604e-12,0.0014123113105494515,0.998587688686103,10,20,20
13,6941,5.586427108509409e-12,2.8459228165288404e-11,0.000176747955338084,0.9998232520106164,10,20,20
13,6942,5.5957119215477715e-12,3.74047259900741e-11,0.0037636031091867915,0.996236396847813,10,20,20
13,6943,5.586085989694486e-12,2.526229055084364e-09,0.007871782758305686,0.992128214709879,10,20,20
13,6944,1.8599155043107716e-11,2.6579270264594957e-09,0.026986554779700106,0.9730134425437736,10,20,20
13,6945,6.294329919103701e-16,1.3500747822432072e-10,0.011841898247679249,0.9881581016173124,10,20,20
13,6946,4.880095203776631e-16,5.0326112800094416e-12,0.10272988023003715,0.8972701197649297,10,20,20
13,6947,1.1091746108269352e-13,3.1404747742650203e-12,0.1374889919522241,0.8625110080445243,10,20,20
13,6948,3.0971484131960883e-13,7.637432649726734e-08,0.10023282489054788,0.8997670987348156,10,20,20
13,6949,3.351146953971595e-13,4.34922502765352e-09,0.032755579056315993,0.967244416594124,10,20,20
13,6950,3.3078932767577308e-12,1.7579771526994577e-09,0.001769708400785232,0.9982302898379295,10,20,20
13,6951,2.730179296653603e-15,6.638079525819565e-11,0.0039503718485505036,0.9960496280850659,10,20,20
13,6952,2.7320747793140355e-15,1.0891921037424712e-12,0.0034863927883104105,0.9965136072105978,10,20,20
13,6953,3.370958043117642e-17,5.4388926625997194e-11,0.005906070585087813,0.9940939293605231,10,20,20
13,6954,2.3632447358342738e-12,6.811820018033374e-11,0.003765391890526767,0.9962346080389919,10,20,20
13,6955,2.1523547509425942e-12,1.2339760042636682e-11,0.00016380994004389372,0.999836190045464,10,20,20
13,6956,1.3699118897228618e-17,3.007751173059269e-11,0.00013376223215198952,0.9998662377377705,10,20,20
13,6957,7.48566745780197e-12,9.730847905466466e-11,0.00047616149431574644,0.99952383840089,10,20,20
13,6958,2.065183199433427e-15,1.2283890104440485e-12,6.255219922689657e-05,0.9999374477995427,10,20,20
13,6959,7.075797798505709e-12,1.1221267310938696e-10,0.12027237885729145,0.8797276210234202,10,20,20
13,6960,4.375221848980318e-14,7.05759141493668e-11,0.1683043462352731,0.8316956536941073,10,20,20
13,6961,4.112285736075541e-14,6.889822130365916e-11,0.1346452611474951,0.8653547387835656,10,20,20
13,6962,1.6989747479327025e-12,2.7005192629555035e-07,0.10077501441548901,0.8992247155308858,10,20,20
13,6963,3.3486015643717184e-14,2.7004504667697815e-07,0.10077275776534655,0.8992269721895736,10,20,20
13,6964,1.1674548449254654e-15,7.680660702255421e-07,0.1011532078657225,0.8988460240682062,10,20,20
13,6965,1.7370054364754506e-13,0.08499786453053632,0.016742629684761274,0.8982595057845284,10,20,20
13,6966,7.931741529428338e-09,0.09999960314751347,0.02016280564193023,0.8798375832788146,10,20,20
13,6967,1.4890443462649903e-19,0.09999960314669462,0.006887223365347468,0.8931131734879578,10,20,20
13,6968,1.541245610397511e-14,0.06335156175497578,0.04033186308758325,0.8963165751574256,10,20,20
13,6969,3.2603779586671127e-17,0.09999872038641862,0.0949257527741508,0.8050755268394303,10,20,20
13,6970,1.5834391082488121e-12,0.15475570911608466,0.04534834433300311,0.7998959465493287,10,20,20
13,6971,1.6475231330527664e-14,0.18696182973617545,0.013102855886089546,0.7999353143777186,10,20,20
13,6972,9.96431567724985e-15,0.199994191265438,0.09638959228080454,0.7036162164537474,10,20,20
13,6973,1.798455254907479e-15,0.199981625749773,0.09755278274117421,0.7024655915090507,10,20,20
13,6974,4.564825192918727e-13,0.19987693404558649,0.10067704903790389,0.6994460169160532,10,20,20
13,6975,4.990854092552719e-12,0.1145600843859806,0.18985532226895913,0.6955845933400695,10,20,20
13,6976,1.737959020889787e-11,0.10145129530498634,0.2028400333968186,0.6957086712808153,10,20,20
13,6977,1.7379731241239492e-11,0.015523950453887585,0.28878614119426943,0.6956899083344634,10,20,20
13,6978,1.2379002944937479e-09,3.4749290172833125e-05,0.30238000186804326,0.6975852476038826,10,20,20
13,6979,3.8280585068942305e-10,0.010014000604790706,0.3175391759835019,0.6724468230289019,10,20,20
13,6980,4.0350285088886934e-10,0.010010575968926117,0.2899288787185773,0.7000605449089934,10,20,20
13,6981,4.0351804009429164e-10,0.010277405830734533,0.2897965771524057,0.6999260166133412,10,20,20
13,6982,1.919081077539402e-09,0.010010851371843356,0.2932231259770493,0.6967660207320253,10,20,20
13,6983,4.627953595423755e-06,0.010098511228474489,0.2898785069230695,0.7000183538948603,10,20,20
13,6984,2.71127885925297e-08,0.17635251193606816,0.12367425691564374,0.6999732040354991,10,20,20
13,6985,1.2518635524264945e-12,0.1834964829643244,0.11666325883779465,0.6998402581966292,10,20,20
13,6986,1.6085227906251042e-10,0.1835473563131904,0.11648218136587414,0.699970462160083,10,20,20
13,6987,3.360511369617611e-07,0.19999631657411845,0.09985101372359352,0.7001523336511508,10,20,20
13,6988,3.360547773078539e-07,0.19999581997013544,0.13176186422924682,0.6682419797458403,10,20,20
13,6989,4.291094389383584e-08,0.1069713854892278,0.19622898747156198,0.6967995841282655,10,20,20
13,6990,4.330255660042472e-08,0.19998142488551865,0.10044258503192112,0.6995759467800033,10,20,20
13,6991,4.290919396440092e-08,0.19964431939376442,0.10082560684909717,0.6995300308479445,10,20,20
13,6992,3.3653633894586274e-08,0.19785201661824536,0.10112626482840092,0.7010216848997197,10,20,20
13,6993,7.541662664179234e-12,0.2011870436324989,0.09709079337770676,0.7017221629822527,10,20,20
13,6994,1.030127287696575e-09,0.20040540890641384,0.10083254637376966,0.6987620436896893,10,20,20
13,6995,7.646877788413001e-13,0.19936841438421837,0.10181384814963026,0.6988177374653868,10,20,20
13,6996,5.561444626420098e-08,0.19999613687262063,0.10000788881735515,0.6999959186955784,10,20,20
13,6997,5.561445130598002e-08,0.14732500594292752,0.15380137712271644,0.6988735613199046,10,20,20
13,6998,5.5614446269821804e-08,0.18537356957454243,0.152392443078445,0.6622339317325661,10,20,20
13,6999,3.664794571827027e-12,0.19832435737144932,0.13942717906740118,0.6622484635574847,10,20,20
13,7000,5.208545024425029e-10,0.19832287615182037,0.103365783981292,0.6983113393460328,10,20,20
13,7001,1.3435785851697029e-10,0.09880711920508813,0.1440421944649618,0.7571506861955919,10,20,20
13,7002,8.394616195245831e-11,0.09980796807676966,0.10053464700515242,0.7996573848341317,10,20,20
13,7003,6.818635442317417e-10,0.1000007106120244,0.1440613546647298,0.755937934041382,10,20,20
13,7004,8.964241898424216e-17,0.1975362388652864,0.00253866272600534,0.7999250984087081,10,20,20
13,7005,8.234767579784664e-17,0.1977697984328527,0.0024325007277083612,0.799797700839439,10,20,20
13,7006,5.959574792289541e-16,0.1988067504571141,0.04865769178507974,0.7525355577578057,10,20,20
13,7007,4.4081100502838625e-16,0.19954795255108843,0.004032614564724996,0.7964194328841863,10,20,20
13,7008,4.635935062071458e-14,0.014933028351132504,0.18916950144864494,0.795897470200176,10,20,20
13,7009,9.271557778789653e-10,0.015128584651467084,0.18723090437872225,0.7976405100426547,10,20,20
13,7010,8.064025743844608e-09,0.00019616812326220425,0.19987956080529656,0.7999242630074153,10,20,20
13,7011,1.1177366933358564e-05,6.745732478574279e-06,0.20004439745237038,0.7999376794482178,10,20,20
13,7012,0.019711784944480087,7.051863186305495e-07,0.18303397684173434,0.7972535330274668,10,20,20
13,7013,0.016990968095378773,2.895773573305957e-06,0.18568000416831376,0.7973261319627336,10,20,20
13,7014,0.07959787146374023,2.9749790224270297e-07,0.12671884477329567,0.7936829862650617,10,20,20
13,7015,2.0780039800290248e-05,0.01610795248505584,0.23326208893526376,0.7506091785398803,10,20,20
13,7016,1.06356443509182e-14,5.7602034795039065e-09,0.10247564099077636,0.8975243532490097,10,20,20
13,7017,1.1987893793506463e-09,8.107589750523548e-06,0.10005879709694057,0.8999330941145194,10,20,20
13,7018,1.1987895097880416e-09,8.107587559279163e-06,0.09999546035577081,0.8999964308578804,10,20,20
13,7019,4.41124914586997e-08,2.793260285963379e-08,0.10008506882114684,0.8999148591337585,10,20,20
13,7020,4.41124911787746e-08,2.7934972986063803e-08,0.10178786434037172,0.8982120636121639,10,20,20
13,7021,4.4112491212273503e-08,2.7932910196770515e-08,0.10265907319248921,0.8973408547621091,10,20,20
13,7022,1.485807991594157e-08,5.182713646447567e-06,0.1049264050598244,0.8950683973684497,10,20,20
13,7023,2.2001237142283568e-10,9.852323861383043e-05,0.10174596761913542,0.8981555089222384,10,20,20
13,7024,2.202287931136355e-10,9.852315151393869e-05,0.10239539637044177,0.8975060802578151,10,20,20
13,7025,2.9376361360841775e-13,7.4099488006172e-06,0.14421652961226586,0.8557760604386399,10,20,20
13,7026,2.937561296380726e-13,7.191448138470719e-06,0.10210105136185818,0.8978917571897096,10,20,20
13,7027,5.180693281209279e-08,2.077356029686726e-09,0.19274728097580765,0.8072526651399038,10,20,20
13,7028,2.5791627948256925e-06,5.728532166955052e-07,0.3226518505457414,0.677344997438247,10,20,20
13,7029,1.206072408668975e-08,0.011620810973636573,0.31843961281176353,0.669939564153876,10,20,20
13,7030,1.2379691377509387e-07,0.00015524518849675963,0.3363011379289737,0.6635434930856156,10,20,20
13,7031,7.347030886532557e-10,0.004484648129066954,0.29775551361500713,0.6977598375212225,10,20,20
13,7032,1.1192370014509683e-13,0.000128537755961287,0.27904598518359613,0.7208254770603298,10,20,20
13,7033,6.741636529057857e-09,0.0002645608056620331,0.20490712688669083,0.7948283055660099,10,20,20
13,7034,1.792993778700401e-07,0.00027991770455270223,0.3025298033958662,0.6971900996002022,10,20,20
13,7035,6.9182093169272e-09,0.0002648139924916783,0.29980888700915054,0.6999262920801477,10,20,20
13,7036,1.1236883968707992e-07,0.0002645618976193824,0.29982996845961174,0.6999053572739286,10,20,20
13,7037,0.0007648108201709901,0.0002659666669970938,0.19906200386959566,0.799907218643236,10,20,20
13,7038,6.753642481945078e-09,0.0008035718170282801,0.1993700366684078,0.799826384760921,10,20,20
13,7039,6.740709909332646e-09,0.0009583243094327074,0.19914169522742634,0.7998999737224307,10,20,20
13,7040,4.55531398811013e-12,0.10000005694734504,0.16508187358411205,0.7349180694639874,10,20,20
13,7041,4.064147791528602e-07,0.09979507664443521,0.16938133489093193,0.7308231820498533,10,20,20
13,7042,1.4679259457263173e-09,0.09979388141404669,0.0991525444649242,0.801053572653103,10,20,20
13,7043,1.4652059194454103e-09,0.09979388141634142,0.10020327236676449,0.800002844751688,10,20,20
13,7044,7.872836476566596e-16,0.0999536478631139,0.1000675092723361,0.7999788428645495,10,20,20
13,7045,1.1587965554648507e-13,0.09999894366541001,0.06708357099983335,0.8329174853346408,10,20,20
13,7046,1.121344664834688e-13,0.09999894366387165,0.06171122370824873,0.8382898326277675,10,20,20
13,7047,1.0086459678250293e-16,0.0998735200588071,0.0002697575306463782,0.8998567224105466,10,20,20
13,7048,9.706990805716622e-17,0.09245085005992074,0.007618561745748677,0.8999305881943306,10,20,20
13,7049,6.525068893949139e-14,0.09998504145331345,0.1027484563598865,0.7972665021867349,10,20,20
13,7050,5.969491884437034e-14,0.09949645214824912,0.05131548679547025,0.849188061056221,10,20,20
13,7051,2.1477035320123107e-15,0.09759348824181555,0.007977040408036144,0.8944294713501462,10,20,20
13,7052,6.7979240505943356e-15,0.09999802109113544,0.005448243268526547,0.894553735640331,10,20,20
13,7053,2.3850817117684126e-09,0.09999995522746508,0.10830549491321403,0.7916945474742393,10,20,20
13,7054,2.3850816207383852e-09,0.09997325862561565,0.10171674680370316,0.7983099921855998,10,20,20
13,7055,2.385016897614382e-09,0.09913409830649499,0.10337020309896545,0.7974956962095227,10,20,20
13,7056,4.1447866957080314e-14,0.09997832887809008,0.09586355126873983,0.8041581198531287,10,20,20
13,7057,1.7625358288634282e-10,0.0999633804164449,0.0728398016966387,0.8271968177106629,10,20,20
13,7058,1.7621791130704e-10,0.09995353578025613,0.040796404385049875,0.8592500596584761,10,20,20
13,7059,1.7621792702705207e-10,0.09999613453067915,0.03813877574685661,0.8618650895462462,10,20,20
13,7060,1.7623602810946465e-10,0.09998919280659134,0.03600796167904528,0.8640028453381271,10,20,20
13,7061,4.707628548934344e-13,0.09998919223174058,0.0010526515439869895,0.8989581562238016,10,20,20
13,7062,3.4924761816450486e-17,0.09998919211793282,7.034032476525997e-05,0.8999404675573018,10,20,20
13,7063,3.1095699720258462e-15,0.09998919211827452,7.38820675785432e-05,0.8999369258141436,10,20,20
13,7064,8.138710483018285e-18,0.09998919211964877,0.0016106037875427345,0.8984002040928086,10,20,20
13,7065,1.298524709930561e-16,0.09998434665473915,0.0023993449818902066,0.8976163083633706,10,20,20
13,7066,5.633086671763721e-17,0.09999955712671194,0.0005990055220327336,0.8994014373512552,10,20,20
13,7067,2.5962516460323684e-07,1.4561643727560075e-08,0.11536499573318582,0.8846347300800057,10,20,20
13,7068,2.272038451402826e-09,0.005048761411129339,0.09720695582398661,0.8977442804928453,10,20,20
13,7069,3.1741933641408642e-06,7.738083110397693e-07,0.10248596170933237,0.8975100902889922,10,20,20
13,7070,3.174196172988274e-06,7.739862901089268e-07,0.12352625537276471,0.876469796444772,10,20,20
13,7071,3.1741933643817286e-06,7.738010793356611e-07,0.10016792699311539,0.8998281250124409,10,20,20
13,7072,1.090847354499852e-07,5.986269599740573e-09,0.09953586781929603,0.9004640171096987,10,20,20
13,7073,2.3958275858557027e-07,4.887405611944151e-08,0.10412134594473081,0.8958783655984541,10,20,20
13,7074,2.3958248605101203e-07,3.00988232941495e-06,0.16830376624845247,0.8316929842867318,10,20,20
13,7075,0.017296639472956687,6.532059817546449e-07,0.08430315983585493,0.8983995474852066,10,20,20
13,7076,0.08622584330569269,9.672455273184103e-09,0.031867395319122346,0.8819067517027295,10,20,20
13,7077,0.0862258433055988,9.629748414414274e-09,0.01595337231460709,0.8978207747500455,10,20,20
13,7078,0.08622584330559449,9.753597349341578e-09,0.020590784073089126,0.8931833628677189,10,20,20
13,7079,1.42224612228019e-07,2.1471176023895637e-08,0.1060973258767947,0.8939025104274169,10,20,20
13,7080,7.468160435086683e-10,1.420963584403187e-11,0.10134709074365036,0.898652908495324,10,20,20
13,7081,0.00018377603398378424,0.018474039106778563,0.08265757804917413,0.8986846068100635,10,20,20
13,7082,2.7395247642641982e-08,3.827318041901018e-06,0.10631672888314145,0.8936794164035688,10,20,20
13,7083,9.15350994437388e-15,1.835613823790992e-05,0.10501867193738357,0.8949629719243692,10,20,20
13,7084,3.0095479997223613e-15,0.0014584939483648434,0.10352153791590321,0.8950199681357285,10,20,20
13,7085,5.8375166450999274e-15,0.00017480803491207896,0.10520526679574829,0.8946199251693334,10,20,20
13,7086,1.318148782253682e-12,5.3836171497158825e-05,0.10137487910218848,0.8985712847249963,10,20,20
13,7087,1.795575945601426e-11,5.382818389705755e-05,0.1012177660472923,0.8987284057508547,10,20,20
13,7088,1.6653683735224258e-11,4.318514591440963e-06,0.10127588257208113,0.8987197988966733,10,20,20
13,7089,4.2810795218982827e-10,0.07703508697481956,0.024599252097894913,0.8983656604991774,10,20,20
13,7090,3.885803400146488e-15,0.09999373986674229,0.004486183212545134,0.8955200769207086,10,20,20
13,7091,1.1863907332533634e-15,0.09999651596388562,0.006369596162914336,0.8936338878731986,10,20,20
13,7092,1.1506915967917988e-15,0.09998844615020507,0.006578416073239541,0.8934331377765542,10,20,20
13,7093,2.8426687764340485e-15,0.09999993773699044,0.00785905808754091,0.8921410041754658,10,20,20
13,7094,7.631565054223336e-16,0.09995302356340852,0.00017662221328806977,0.8998703542233027,10,20,20
13,7095,1.4387654556680196e-13,0.02210119241929397,0.13529592976369756,0.8426028778168645,10,20,20
13,7096,8.083678394358281e-12,1.17515840860869e-07,0.10026148764783793,0.8997383948282375,10,20,20
13,7097,2.4452582658701103e-11,0.0010841075659644476,0.0992809535039765,0.8996349389056062,10,20,20
13,7098,1.667070887335985e-11,0.0010843114467090373,0.19417602694369512,0.8047396615929244,10,20,20
13,7099,1.0884577808741498e-13,3.0024709657051114e-06,0.10608806369026855,0.893908933838657,10,20,20
13,7100,1.044563421659568e-11,0.03955210633256653,0.1585172254938661,0.8019306681631218,10,20,20
13,7101,1.561848732553788e-07,1.7136218194799702e-06,0.19920445633124667,0.8007936738620602,10,20,20
13,7102,8.608758787487795e-12,0.08801830219529153,0.1121019166764013,0.799879781119698,10,20,20
13,7103,8.681279517514793e-12,0.10549840683091041,0.09720702529680642,0.797294567863602,10,20,20
13,7104,1.8958431596273382e-13,0.11800371646761676,0.0825133547383968,0.7994829287937968,10,20,20
13,7105,2.139927254439126e-13,0.11777342703428258,0.08235263546126248,0.799873937504241,10,20,20
13,7106,4.1246218301175575e-13,0.10015960066896104,0.15232407366042183,0.7475163256702045,10,20,20
13,7107,4.1193066447912006e-13,0.1001596006608008,0.10484567934246547,0.7949947199963215,10,20,20
13,7108,7.148492462124465e-12,0.09652548763281311,0.1331241134982651,0.7703503988617731,10,20,20
13,7109,3.520523375513578e-12,0.09652548762175453,0.08777907631335471,0.81569543606137,10,20,20
13,7110,4.5683046433085415e-15,0.09932547381010079,0.001704627157034884,0.8989698990328596,10,20,20
13,7111,5.436058805933152e-16,0.09998593987363094,0.0035977483049613864,0.896416311821407,10,20,20
13,7112,1.7830391304569856e-14,0.09998949188473549,0.0008052303232304093,0.8992052777920165,10,20,20
13,7113,1.5859276611841413e-15,0.09998946447103244,0.0013271106030042232,0.8986834249259618,10,20,20
13,7114,4.1588900708071625e-15,0.0999894644744381,0.0018521458504750028,0.8981583896750825,10,20,20
13,7115,1.648457498125359e-18,0.09992580626077346,0.10062011062140194,0.7994540831178244,10,20,20
13,7116,6.432391807244993e-06,0.09992798283704267,0.09860747124189397,0.8014581135292559,10,20,20
13,7117,3.297385885138914e-10,0.10048331635097044,0.10153914332524092,0.7979775399940495,10,20,20
13,7118,3.293811759157847e-10,0.10046816481611484,0.10043009112454929,0.7991017437299546,10,20,20
13,7119,3.297510435019613e-10,0.09324406215332996,0.1069171915419489,0.7998387459749698,10,20,20
13,7120,1.4707205612857795e-10,0.09303607458186454,0.11280495623607215,0.794158969034991,10,20,20
13,7121,0.0013985572499339407,0.0927572184057539,0.1068971539506117,0.7989470703937004,10,20,20
13,7122,0.0013985763126473654,0.09998554348540115,0.10189036255090105,0.7967255176510503,10,20,20
13,7123,0.0013985572495661294,0.09998554356401379,0.10255765247183579,0.796058246714584,10,20,20
13,7124,1.9314127456092953e-05,0.09998264393527932,0.10012036900117076,0.7998776729360935,10,20,20
13,7125,1.9314127455390614e-05,0.09999762837351059,0.10014115948646678,0.7998418980125671,10,20,20
13,7126,1.931412783223676e-05,0.09996538565331722,0.10268268887134742,0.7973326113475032,10,20,20
13,7127,4.3144442471976995e-12,0.09995663107660661,0.19776136861453428,0.7022820003045448,10,20,20
13,7128,0.010659010243158941,0.10007234150183417,0.18901684315268835,0.7002518051023185,10,20,20
13,7129,7.98637188629012e-09,0.09615495375168416,0.20757987402029646,0.6962651642416466,10,20,20
13,7130,1.067724551408021e-08,0.09999846517366415,0.20085179436840775,0.6991497297806826,10,20,20
13,7131,1.067723980367425e-08,0.09755525779352996,0.2051119558272528,0.6973327757019772,10,20,20
13,7132,1.0677182282667996e-08,0.09755525763082767,0.2046917741770892,0.6977529575149009,10,20,20
13,7133,2.047311784865262e-06,0.09712996099498458,0.27523485571762135,0.6276331359756091,10,20,20
13,7134,2.0473122563542388e-06,0.10000226112577257,0.27282725148876863,0.6271684400732025,10,20,20
13,7135,0.014147211391060347,0.10015686856314647,0.185724457662832,0.6999714623829608,10,20,20
13,7136,1.2932344855351856e-11,0.09953901194819609,0.2006128600988804,0.699848127939991,10,20,20
13,7137,3.578863628611368e-15,0.10012025310501656,0.2354284596045666,0.6644512872904127,10,20,20
13,7138,3.871763512467548e-15,0.12460282204347839,0.17551346035237575,0.6998837176041421,10,20,20
13,7139,8.316109097691214e-14,0.12142381031347989,0.1786793542667639,0.6998968354196728,10,20,20
13,7140,8.405534647358981e-14,0.12489536616046475,0.1759962044452863,0.6991084293941647,10,20,20
13,7141,9.018850223916121e-12,0.10132036843199943,0.2923372424552808,0.6063423891037005,10,20,20
13,7142,1.6945044185250689e-09,0.10134221938057111,0.17138646219811615,0.7272713167268081,10,20,20
13,7143,1.5937376346311e-07,0.11430538313598212,0.08840275531358731,0.7972917021766669,10,20,20
13,7144,6.510420398287954e-10,0.09989096269770467,0.10020429942528489,0.7999047372259683,10,20,20
13,7145,6.511501996142612e-10,0.09956190948698937,0.10082201136983437,0.7996160784920262,10,20,20
13,7146,6.511498497197904e-10,0.10000240057275436,0.10034045621896037,0.7996571425571355,10,20,20
13,7147,1.6914149880932696e-11,0.08771567155620741,0.11248371211960317,0.7998006163072751,10,20,20
13,7148,1.6931727710400173e-11,0.10000029773604102,0.1643747353204783,0.7356249669265488,10,20,20
13,7149,1.694680000987024e-11,0.014713398966873487,0.20812703379337374,0.7771595672228059,10,20,20
13,7150,2.1948147743837438e-11,4.14403159618286e-06,0.2013912463931876,0.7986046095532683,10,20,20
13,7151,2.5453847428034038e-05,0.0006864986269640096,0.19944887837413222,0.7998391691514758,10,20,20
13,7152,2.8178737287827674e-06,0.00010095258938942468,0.20001155805254472,0.7998846714843367,10,20,20
13,7153,7.911694194881284e-12,0.09871193200015065,0.10188938536612961,0.799398682625808,10,20,20
13,7154,2.28477534968321e-10,0.10182612184140709,0.0993375892894088,0.7988362886407064,10,20,20
13,7155,2.504294121555785e-07,0.09994755356270316,0.10060589939512694,0.7994462966127573,10,20,20
13,7156,2.504271653937877e-07,0.0999475535780989,0.10080864329902998,0.7992435526957056,10,20,20
13,7157,5.5460326647243685e-05,0.09995325340821556,0.20095208316264174,0.6990392031024951,10,20,20
13,7158,4.018036891924257e-08,0.09835877454093248,0.19951441424562055,0.702126771033078,10,20,20
13,7159,1.636708769502268e-07,0.09799042470409183,0.10200836524173129,0.8000010463832998,10,20,20
13,7160,1.636708769502504e-07,0.09799042470409265,0.10208814395932124,0.7999212676657091,10,20,20
13,7161,1.6367039973311752e-07,0.09799043749264148,0.13750506275997648,0.7645043360769824,10,20,20
13,7162,3.226013827090981e-10,0.09981870193538067,0.1344149120786976,0.7657663856633203,10,20,20
13,7163,3.2282722694709445e-10,0.09892885301351259,0.16775600066500151,0.7333151459986587,10,20,20
13,7164,3.225971217385911e-10,0.09999948235269965,0.14794160335702947,0.7520589139676735,10,20,20
13,7165,4.753061222406812e-14,0.09985487565901989,0.041173168237634436,0.858971956103298,10,20,20
13,7166,8.522222062691449e-13,5.040323356642218e-06,0.10014878535163266,0.8998461743241581,10,20,20
13,7167,8.554320973433295e-13,5.040316231183208e-06,0.12541346107307316,0.87458149860984,10,20,20
13,7168,6.99575131250107e-12,0.011900979136914479,0.11681304156438535,0.8712859792917044,10,20,20
13,7169,5.577650511940444e-12,1.8315286646244118e-05,0.1007113985471457,0.8992702861606305,10,20,20
13,7170,1.470774222183028e-11,2.504041903139937e-08,0.1011787026816797,0.8988212722631937,10,20,20
13,7171,1.3732168703717962e-11,2.5052773867354065e-08,0.10025587269660467,0.8997441022368896,10,20,20
13,7172,6.553879542264931e-12,7.093501698721899e-08,0.103677140869219,0.8963227881892101,10,20,20
13,7173,1.263370629810588e-09,6.493438485815547e-06,0.22637039694258113,0.7736231083555616,10,20,20
13,7174,4.4643103269595874e-14,0.0007886274315924332,0.19989393218478574,0.7993174403835767,10,20,20
13,7175,2.370170337093522e-15,2.845246232618334e-05,0.20022096665859684,0.7997505808790736,10,20,20
13,7176,1.2430412887627095e-07,0.00033643105321000605,0.27350338797158924,0.7261600566710721,10,20,20
13,7177,4.6147332609404084e-08,0.00038527507999911836,0.2168865587571962,0.7827281200154721,10,20,20
13,7178,2.5397551781410914e-13,0.0005222195819177957,0.19948055340196447,0.7999972270158635,10,20,20
13,7179,2.1514849922025555e-10,1.6575659171737928e-05,0.2013890333722308,0.7985943907534488,10,20,20
13,7180,1.699072795098378e-10,1.6934876187081798e-06,0.24218539885203957,0.7578129074904344,10,20,20
13,7181,4.661700200994444e-13,0.09968761491859632,0.14164368658154242,0.7586686984993952,10,20,20
13,7182,2.8765925466050482e-12,0.0910146055939906,0.15154599165452393,0.7574394027486089,10,20,20
13,7183,0.0002874007433380192,0.030462445303844565,0.20082311932116234,0.7684270346316553,10,20,20
13,7184,0.00028740076999085915,1.0157291529513634e-06,0.27120780530186117,0.7285037781989947,10,20,20
13,7185,0.05540561822158237,2.892873354442531e-08,0.1847071201300488,0.7598872327196355,10,20,20
13,7186,0.05536570586621505,2.8439301303231847e-08,0.18761369398040767,0.7570205717140763,10,20,20
13,7187,3.0248930844923087e-09,1.1972578183003524e-05,0.22345791443743787,0.7765301099594859,10,20,20
13,7188,1.6201856252731193e-10,1.1974385456580658e-05,0.1761018273392762,0.8238861981132484,10,20,20
13,7189,1.6201861346824163e-10,1.1972593611264825e-05,0.10093291771229955,0.8990551095320706,10,20,20
13,7190,2.7233787950094764e-17,6.412898521138871e-12,0.00024971639476704884,0.99975028359882,10,20,20
13,7191,3.092968829124254e-14,6.02932078640462e-11,0.004685671866812053,0.9953143280728639,10,20,20
13,7192,1.953136460897947e-12,9.996554678516388e-11,0.001883657131773954,0.9981163427663073,10,20,20
13,7193,1.954159979618992e-12,8.829791699043824e-09,0.003597925040864286,0.9964020661273896,10,20,20
13,7194,1.0483040727699494e-17,1.535789757651268e-10,0.0017075616165943767,0.9982924382298265,10,20,20
13,7195,5.2001405402149165e-15,2.835143274663028e-13,0.0008370584802122594,0.9991629415194991,10,20,20
13,7196,5.705272632324075e-16,2.680220831465755e-13,0.00018538487207408683,0.9998146151276573,10,20,20
13,7197,2.4397030254887137e-10,1.1807376412789972e-07,0.06311870349595809,0.9368811781863071,10,20,20
13,7198,2.439703061339035e-10,1.1807382557912138e-07,0.06318925998034843,0.9368106217018555,10,20,20
13,7199,2.439938642014915e-10,1.1817143021017257e-07,0.08843754853226513,0.9115623330523107,10,20,20
13,7200,2.4397101457433804e-10,2.8809221770892785e-07,0.0937782936689921,0.9062214179948193,10,20,20
13,7201,2.439724291683809e-10,1.1811759098325965e-07,0.0675162387239281,0.9324836429145084,10,20,20
13,7202,6.352729144234384e-17,4.9582133475295365e-11,0.004404314927446743,0.9955956850229708,10,20,20
13,7203,8.113032591825425e-16,6.46027882588655e-12,0.0013540491385576245,0.9986459508549812,10,20,20
13,7204,2.9149985229339025e-09,2.1804308201943802e-12,0.016848685796413816,0.983151311286407,10,20,20
13,7205,2.961226785795732e-17,4.1023895367606395e-09,0.001491801599126816,0.9985081942984838,10,20,20
13,7206,2.136378705186076e-12,1.0673732449024478e-12,0.00012693035056842784,0.9998730696462278,10,20,20
13,7207,3.950580420611405e-16,1.3071622874608045e-10,0.0016022636538830927,0.9983977362154004,10,20,20
13,7208,1.125217635254291e-16,9.921672762055671e-13,0.00010206663435502133,0.9998979333646526,10,20,20
13,7209,8.060190927633816e-14,2.854412598905143e-12,0.0006579731145365995,0.9993420268825284,10,20,20
13,7210,7.781213437902841e-14,4.1318093641957793e-08,0.04781245476282038,0.952187503919008,10,20,20
13,7211,1.7477372893837547e-13,2.8490751921959676e-12,0.003408800378662216,0.996591199618314,10,20,20
13,7212,1.095839301870581e-13,2.325515975462366e-09,0.058262226743031234,0.9417377709313431,10,20,20
13,7213,7.56425093627933e-14,7.230894316091488e-11,0.0495787002001859,0.9504212997274294,10,20,20
13,7214,2.481881319326647e-12,1.300938102369042e-10,0.053171732525059655,0.9468282673423642,10,20,20
13,7215,1.7830325766211219e-16,5.6075940409639e-12,0.0042984730741172286,0.9957015269202747,10,20,20
13,7216,7.888463772597134e-14,5.236273741395045e-14,0.0001227319689289902,0.9998772680309399,10,20,20
13,7217,5.783013633076956e-18,1.2283062498642584e-13,0.0007134254806245986,0.9992865745192526,10,20,20
13,7218,1.2854607591941162e-12,7.165461389727587e-12,5.6624229533798054e-05,0.9999433757620151,10,20,20
13,7219,9.26069936429787e-17,8.115346380877683e-14,0.0061849911777821474,0.9938150088221365,10,20,20
13,7220,9.245759406749517e-14,6.701924615896878e-12,0.005247234050734613,0.994752765942471,10,20,20
13,7221,1.4783554972120773e-13,4.584308008194826e-12,0.038750839259087094,0.9612491607361806,10,20,20
13,7222,2.4220795915533553e-15,1.1962360769497759e-12,0.03665655437106781,0.9633434456277336,10,20,20
13,7223,3.891771033799552e-16,1.5531284576452587e-11,0.0025474404858602706,0.9974525594986078,10,20,20
13,7224,1.0313621521261247e-13,5.722513841091036e-12,0.0003871607213398396,0.9996128392728346,10,20,20
13,7225,2.8361437431482716e-16,1.8482513372223067e-12,0.0014769978763115076,0.9985230021218398,10,20,20
13,7226,1.2195619189290359e-11,3.311657808157247e-11,0.05595126486335293,0.9440487350913347,10,20,20
13,7227,1.949379703582349e-16,1.1600228778065658e-13,0.001139308880142429,0.9988606911197413,10,20,20
13,7228,1.8709232372357333e-16,8.296358179424855e-14,0.0006923926392778258,0.9993076073606388,10,20,20
13,7229,7.979096709334753e-14,1.6128702937124724e-10,0.09934999463129487,0.900650005207338,10,20,20
13,7230,6.028607156579582e-13,3.975078888629865e-08,0.10248620642229542,0.8975137538263127,10,20,20
13,7231,1.8674369074095875e-09,3.2597603379631403e-13,0.1577544648616212,0.8422455332706157,10,20,20
13,7232,1.8674425512749127e-09,1.73538607130489e-11,0.10054844109847769,0.8994515570167257,10,20,20
13,7233,1.8674379369933327e-09,1.8055596880251316e-13,0.12190493438801082,0.8780950637443705,10,20,20
13,7234,4.156146661390699e-12,5.488458643615472e-13,0.0958629398530906,0.9041370601422043,10,20,20
13,7235,9.814105738132632e-10,2.246093738323804e-12,0.09958126593131007,0.9004187330850332,10,20,20
13,7236,1.1902671457917706e-14,1.0526308025743494e-10,0.10354834548208706,0.8964516544126383,10,20,20
13,7237,1.9482388658323832e-15,6.1527314926766754e-12,0.005338077901461208,0.9946619220923841,10,20,20
13,7238,5.898548510467616e-16,6.0678054606444e-12,0.00199194568985842,0.9980080543040735,10,20,20
13,7239,3.2543571626869044e-15,4.923208674808525e-11,0.01927221041828761,0.980727789532477,10,20,20
13,7240,2.9958532915556e-15,4.9462053273811774e-11,0.021461195581623786,0.978538804368911,10,20,20
13,7241,2.947459794578037e-15,4.919443666474107e-11,0.019281509782554693,0.980718490168248,10,20,20
13,7242,2.3169854941751564e-13,7.411843318771062e-12,0.09316265630681439,0.9068373436855417,10,20,20
13,7243,3.001743633251865e-13,1.415509048048888e-11,0.06759298841263958,0.9324070115729048,10,20,20
13,7244,2.928671330688193e-13,1.5116960121541914e-11,0.06739764178937027,0.9326023581952196,10,20,20
13,7245,6.793160965127625e-16,9.661423715972173e-14,0.0023585116791710052,0.9976414883207317,10,20,20
13,7246,6.083909669345178e-16,2.7180073738002872e-11,0.00129819582787769,0.9987018041449417,10,20,20
13,7247,7.827097853649006e-15,1.743363656763619e-13,0.0257941901524264,0.9742058098473914,10,20,20
13,7248,7.838851856084944e-17,1.9136828887493358e-11,0.02888011522726383,0.9711198847535991,10,20,20
13,7249,2.4642777894207204e-15,8.453759140417658e-12,0.007154210274226895,0.9928457897173167,10,20,20
13,7250,1.6902687500542643e-15,1.0122864608244022e-13,5.3070987462626646e-05,0.9999469290124343,10,20,20
13,7251,1.489026559442611e-14,1.0092985989689897e-11,0.024933604673580856,0.9750663953163112,10,20,20
13,7252,7.516473153021069e-16,2.5085321165028243e-12,0.001524376639153159,0.9984756233583376,10,20,20
13,7253,2.1277587813500362e-16,3.6385888058067476e-12,0.044942187295598554,0.955057812700763,10,20,20
13,7254,5.316634404769284e-09,6.631685707715268e-10,0.036047715473833904,0.9639522785463631,10,20,20
13,7255,5.316640418466945e-09,6.889734588185055e-09,0.004290174483849399,0.9957098133097757,10,20,20
13,7256,3.528856236493151e-15,5.225443021694866e-09,0.0002432856146111411,0.9997567091599423,10,20,20
13,7257,3.5488239423924306e-15,5.224257277200855e-09,0.005654303520811752,0.9943456912549274,10,20,20
13,7258,2.581857926415211e-16,3.878846305007766e-11,0.004534979987120827,0.9954650199740904,10,20,20
13,7259,3.211104963359126e-15,6.753377372626096e-08,0.009147602289897524,0.9908523301763251,10,20,20
13,7260,1.822713617294635e-10,1.3946127035964581e-08,0.04683992521203291,0.9531600606595685,10,20,20
13,7261,2.2070239284852304e-14,8.206170205874074e-11,0.001152676695065242,0.998847323222851,10,20,20
13,7262,1.2482991653434408e-13,6.047735918205868e-11,9.727284115052553e-05,0.9999027270982472,10,20,20
13,7263,1.1757771880878143e-13,2.5411235745817544e-12,0.00012126785900143356,0.9998787321383398,10,20,20
13,7264,1.1755883978166205e-13,1.532093117610007e-12,5.135402834503032e-05,0.9999486459700051,10,20,20
13,7265,3.4573217462139485e-13,3.2761648169555e-11,5.0993436240417655e-05,0.9999490065306521,10,20,20
13,7266,3.4576482566068986e-13,3.2939591257914244e-11,0.00319628678464575,0.9968037131820691,10,20,20
13,7267,4.9321236225512415e-11,2.1529600246715279e-10,0.00803401297328182,0.9919659867621009,10,20,20
13,7268,1.5693819198672082e-15,2.2936949510845977e-10,0.005206357890340207,0.9947936418802886,10,20,20
13,7269,1.6645498568330897e-15,1.1309768014204093e-09,0.05609409699967536,0.9439059018693463,10,20,20
13,7270,1.4882444841537247e-15,1.1308464897452139e-09,0.05615965584486804,0.943840343024284,10,20,20
13,7271,4.0049761543923497e-14,1.6283252097353082e-12,0.0025117506702942117,0.9974882493280374,10,20,20
13,7272,3.1217171182079093e-10,9.73863399089194e-10,0.004352952810132706,0.9956470459038321,10,20,20
13,7273,1.1090098010900227e-14,7.473309044731868e-11,0.0019517637117690656,0.9980482362134866,10,20,20
13,7274,2.3637690815057697e-15,7.818642465561848e-11,0.0017490399669406378,0.9982509599548705,10,20,20
13,7275,2.3217913743533145e-14,7.451734225618269e-11,0.0026909129689218223,0.9973090869565375,10,20,20
13,7276,8.918598145150244e-16,1.43983268403735e-12,0.00012725081255640115,0.9998727491860027,10,20,20
13,7277,2.6156544441643374e-14,3.218899078262523e-09,0.003922311698716438,0.9960776850823585,10,20,20
13,7278,2.069708354862976e-15,4.463968736032682e-06,0.07082177302746162,0.9291737630038002,10,20,20
13,7279,2.2416559909621927e-15,4.463968735253037e-06,0.09408148511132979,0.9059140509199326,10,20,20
13,7280,1.7411894233331029e-15,4.46397005505139e-06,0.10395810277110493,0.8960374332588383,10,20,20
13,7281,4.506665905776875e-16,7.2458885003438276e-09,0.0017288307394334886,0.9982711620146775,10,20,20
13,7282,1.48189759097643e-11,9.314941324987008e-09,0.003193270862318091,0.9968067198079218,10,20,20
13,7283,1.4744510464637478e-11,2.34586316656497e-07,0.05230305878373844,0.9476967066152004,10,20,20
13,7284,1.4742825044219368e-11,1.927920919004777e-09,0.0005992153804232109,0.9994007826769131,10,20,20
13,7285,1.4743690087910487e-11,1.352030553411131e-12,0.0005096678100040393,0.9994903321739003,10,20,20
13,7286,1.8803425323866302e-11,6.077208784386267e-11,0.001024994695292015,0.9989750052251324,10,20,20
13,7287,1.6554547816564898e-13,9.771912861507373e-10,0.017556939661526303,0.9824430593611166,10,20,20
13,7288,1.0280756068139655e-15,1.9730046340682982e-11,0.014643787794741204,0.9853562121855276,10,20,20
13,7289,1.2895265274113979e-17,2.0119858364375977e-11,0.0021226162847466203,0.9978773836951336,10,20,20
13,7290,3.7626310887216794e-16,4.729268614420031e-09,0.007566015231737519,0.9924339800389934,10,20,20
13,7291,3.4193201778930913e-13,2.396950004488882e-09,0.0038194929448826403,0.9961805046578253,10,20,20
13,7292,4.286801439770156e-13,4.245408763268979e-12,0.0031113694607448204,0.9968886305345812,10,20,20
13,7293,4.286760535326651e-13,7.943235353503458e-11,0.002798168354396772,0.9972018315657423,10,20,20
13,7294,9.101305907417678e-10,9.947408959229425e-10,0.005472724705399988,0.9945272733897286,10,20,20
13,7295,9.097021912210035e-10,1.067842275105311e-09,0.05556820206532721,0.9444317959571285,10,20,20
13,7296,2.2017646066308603e-15,8.220717113333117e-11,0.053364909222212396,0.9466350906955782,10,20,20
13,7297,3.0428241492880974e-16,5.377254276979485e-13,0.028916248122750777,0.9710837518767115,10,20,20
13,7298,6.447940609917548e-14,1.3574663612353113e-12,0.005448821099238821,0.9945511788993393,10,20,20
13,7299,1.209097566574628e-15,3.631164094986825e-13,0.0008694407487883719,0.9991305592508472,10,20,20
13,7300,1.210823552161277e-15,3.874814977170073e-09,0.0016132823211580684,0.9983867138040254,10,20,20
13,7301,1.6657692949211945e-15,8.129518634784e-09,0.16307465333425553,0.8369253385362241,10,20,20
13,7302,4.315658507698858e-15,2.342005853391787e-11,0.10078813700466623,0.899211862971909,10,20,20
13,7303,2.7516099193235423e-09,3.962186222105182e-12,0.1026446320225584,0.8973553652218695,10,20,20
13,7304,2.751645170379298e-09,1.355599737729804e-12,0.09885179825986454,0.9011481989871347,10,20,20
13,7305,2.7518722882886e-09,1.0653884811913415e-10,0.10329763127718639,0.8967023658644024,10,20,20
13,7306,6.026549175945759e-16,5.2966817347307435e-09,0.16598405902625024,0.8340159356770673,10,20,20
13,7307,5.305876586956118e-13,1.9045583359816506e-12,4.8179518695198616e-05,0.9999518204788694,10,20,20
13,7308,6.957827165654983e-17,9.584449566507714e-13,0.0010544645522778653,0.9989455354467636,10,20,20
13,7309,7.173580888842253e-14,6.638608542308862e-12,9.565293361765547e-05,0.9999043470596721,10,20,20
13,7310,3.4071756295894195e-13,1.295337680068791e-12,0.0018158752224857679,0.998184124775878,10,20,20
13,7311,3.911081263872604e-13,2.7553821895147704e-12,0.0021917407749162407,0.9978082592219373,10,20,20
13,7312,3.264214231894197e-13,1.3727568270687081e-12,0.0020916591992628927,0.9979083407990379,10,20,20
13,7313,1.3031318636866703e-13,2.609406068108764e-12,0.046376733567543085,0.9536232664297171,10,20,20
13,7314,4.1779620888718516e-17,3.460011293428084e-12,0.004707438450635307,0.9952925615459046,10,20,20
13,7315,9.518462235861138e-09,2.1143572481118026e-12,0.041378082987959044,0.9586219074914641,10,20,20
13,7316,9.518462240984741e-09,2.2999097703383672e-14,0.04119835214967785,0.9588016383318368,10,20,20
13,7317,9.518462259279404e-09,2.362031381067082e-13,0.04289441106465718,0.9571055794166445,10,20,20
13,7318,7.965541567382122e-12,3.005615277335331e-11,0.004573965989611955,0.9954260339723662,10,20,20
13,7319,1.1752907909976208e-15,6.512266285477309e-12,9.513078787653552e-05,0.99990486920561,10,20,20
13,7320,2.601059273853845e-15,1.3933207452547445e-13,0.04933175920994144,0.9506682407899166,10,20,20
13,7321,1.4699274186797508e-15,7.804038762218902e-08,0.053897473359352466,0.9461024486002584,10,20,20
13,7322,7.713156472027006e-16,7.804153057953178e-08,0.007851056396297688,0.9921488655621709,10,20,20
13,7323,2.238568738590644e-09,1.6574303065265193e-08,0.10156460412746748,0.8984353770596604,10,20,20
13,7324,1.3372440129338009e-11,0.0011417892989586545,0.10187020441626374,0.8969880062714048,10,20,20
13,7325,2.530262068612689e-13,2.889281070499046e-09,0.051444699543582995,0.948555297566883,10,20,20
13,7326,2.228353563735146e-17,1.7041697794967977e-11,0.0031558237299404773,0.996844176253018,10,20,20
13,7327,6.112105417479559e-17,1.4374478450613923e-11,0.0002777460011332868,0.9997222539844923,10,20,20
13,7328,7.627007680210221e-16,7.909264855564884e-11,0.0013464618936593013,0.9986535380272474,10,20,20
13,7329,1.1564685717770564e-16,9.851831106324196e-11,0.005765129446292538,0.994234870455189,10,20,20
13,7330,1.3800656245878946e-16,6.808178574784252e-09,0.0027573262362669978,0.9972426669555541,10,20,20
13,7331,1.9040174044093694e-16,2.5542448898485617e-10,0.0026492834790158093,0.9973507162655595,10,20,20
13,7332,7.898057520244303e-12,6.457577512410057e-11,0.0022324139593230007,0.9977675859682031,10,20,20
13,7333,7.898057590990607e-12,2.1868440049744064e-12,0.004505605053351467,0.9954943949365637,10,20,20
13,7334,7.898231725998145e-12,9.889791260553786e-08,0.19998767515693508,0.8000122259372539,10,20,20
13,7335,7.907075750616279e-12,5.397920126834788e-10,0.15830708300031496,0.8416929164519861,10,20,20
13,7336,3.060786884741933e-11,1.1114921424151591e-11,0.10292828946290482,0.897071710495372,10,20,20
13,7337,5.408024498845465e-10,1.9046008893978652e-12,0.09943866197390001,0.900561337483393,10,20,20
13,7338,5.408745481888364e-10,3.51626402431425e-10,0.09702356716143043,0.9029764319460686,10,20,20
13,7339,4.4961568619769545e-16,4.62428762950878e-09,0.0999996027668176,0.9000003926088944,10,20,20
13,7340,5.938235026650553e-06,9.628409525595019e-08,0.10064292806961453,0.8993510374112633,10,20,20
13,7341,1.66137128846962e-10,7.564524649797179e-09,0.17538550213787452,0.8246144901314633,10,20,20
13,7342,1.6613716108033781e-10,7.609748729729708e-09,0.10139062170911743,0.8986093705149966,10,20,20
13,7343,0.0008821505490454985,2.4511099473172355e-07,0.1011055556430794,0.8980120486968802,10,20,20
13,7344,0.0008821568113941572,2.5885648537069045e-07,0.1512241214240573,0.847893462908063,10,20,20
13,7345,0.0008821506060977252,2.453371715550589e-07,0.10608013809927486,0.8930374659574563,10,20,20
13,7346,5.1676613939650266e-12,3.655263577991514e-05,0.10210927083873522,0.897854176520317,10,20,20
13,7347,1.0486837327786852e-14,0.0004458086449719525,0.09971564589974892,0.8998385454552684,10,20,20
13,7348,2.432221468885504e-17,0.09999497997423376,0.0006660089631533646,0.8993390110626127,10,20,20
13,7349,1.6347676314774357e-17,0.09989181206104868,0.0017775704154733222,0.898330617523478,10,20,20
13,7350,1.6300429182925205e-18,0.09989181206243235,0.0075908527411048185,0.892517335196463,10,20,20
13,7351,1.0462015335658714e-16,0.09989129476995048,0.006466796738892196,0.8936419084911572,10,20,20
13,7352,1.139584496230806e-16,0.0999991482311156,0.0016903590976167515,0.8983104926712675,10,20,20
13,7353,1.022605800439672e-17,0.09999914822956699,0.00015242449781087392,0.8998484272726222,10,20,20
13,7354,1.9597689744095837e-12,0.10000069447600612,0.049861345084152284,0.8501379604378817,10,20,20
13,7355,2.343358158013054e-13,0.09995740373706304,0.029471985661980494,0.8705706106007222,10,20,20
13,7356,2.2958654223643533e-13,0.09995740377681042,0.00013239550360244007,0.8999102007193575,10,20,20
13,7357,8.8941761208566e-16,0.0999574038248565,0.0048772973153700955,0.8951652988597724,10,20,20
13,7358,4.1028052566691453e-16,0.09995846226893648,0.0025229678806473876,0.8975185698504156,10,20,20
13,7359,5.105967692530094e-16,0.09995846216124286,8.016768295514317e-05,0.8999613701558011,10,20,20
13,7360,1.5469402924317791e-15,0.09984424708620289,0.001422574224993318,0.8987331786888021,10,20,20
13,7361,9.941611932619657e-12,0.09995293238215439,0.0034266604754976697,0.8966204071324062,10,20,20
13,7362,1.5385194512065454e-13,0.09995293238179762,0.001242467534109557,0.8988046000839389,10,20,20
13,7363,1.553274715797536e-13,0.09995293238442199,0.00015345369758208483,0.8998936139178404,10,20,20
13,7364,1.5533244996467254e-13,0.09995293266796736,0.00024153704875624996,0.8998055302831209,10,20,20
13,7365,1.805479452268336e-15,0.09989872910657914,0.0023654826763822648,0.8977357882170368,10,20,20
13,7366,5.580726343743628e-15,0.09989872918106822,0.005210763904327126,0.8948905069145988,10,20,20
13,7367,5.463780001397175e-15,0.09989872910653527,0.0004592364710188936,0.8996420344224403,10,20,20
13,7368,2.161586798666688e-12,0.09989872885346061,0.040690299046977914,0.8594109720973998,10,20,20
13,7369,2.196930568097146e-12,0.09989872896513224,0.04225784549629916,0.8578434255363716,10,20,20
13,7370,1.9904909303530637e-15,0.09999925188461678,0.0003143416051933592,0.8996864065101878,10,20,20
13,7371,5.770721526239658e-13,0.09999925188685085,0.023704086890833833,0.8762966612217381,10,20,20
13,7372,5.561858148674694e-13,0.022878427929098756,0.09947000378526219,0.8776515682850828,10,20,20
13,7373,4.741734887662925e-16,0.022878554691686002,0.1957373739737437,0.7813840713345697,10,20,20
13,7374,1.5110184774432063e-09,1.2665995801663515e-07,0.14774676992627533,0.8522531019027481,10,20,20
13,7375,1.5110167845367388e-09,1.2443570217690235e-07,0.10095282484958337,0.8990470492036977,10,20,20
13,7376,1.0346536491662562e-16,0.09999773777154564,0.00013878952151238547,0.8998634727069417,10,20,20
13,7377,4.396922853460348e-18,0.09999965669319896,0.001204956109827657,0.8987953871969733,10,20,20
13,7378,3.9579886432524646e-13,0.0999996567131394,0.0053357899222784815,0.8946645533641864,10,20,20
13,7379,5.964133268928799e-09,0.09704723962785135,0.007965832182803662,0.8949869222252115,10,20,20
13,7380,5.963866829246692e-09,0.0997664108958624,0.0040955680154885505,0.8961380151247823,10,20,20
13,7381,5.963546199958555e-09,0.09976641089808498,0.024887244155926858,0.8753463389824419,10,20,20
13,7382,5.678729736453133e-14,0.09976641089610726,0.14584003829661868,0.7543935508072174,10,20,20
13,7383,1.595357224338666e-05,0.09885362885288898,0.15373828540703677,0.7473921321678306,10,20,20
13,7384,2.6393242922498755e-07,0.13692497366353287,0.0651533865477869,0.7979213758562507,10,20,20
13,7385,1.4582699831660794e-10,0.15973258428736475,0.040964161558051354,0.7993032540087568,10,20,20
13,7386,3.0685504877876945e-15,0.19996701634739736,0.028723763419762616,0.7713092202328369,10,20,20
13,7387,2.661958081410064e-13,0.19922061423889256,0.06447004160546135,0.7363093441553799,10,20,20
13,7388,1.3560888883759235e-15,0.19994880805391274,0.0008212483339407143,0.799229943612145,10,20,20
13,7389,3.557430011610437e-15,0.19994600577657967,0.0755687261379521,0.7244852680854648,10,20,20
13,7390,4.541098030211731e-13,0.1999460038759127,0.00213781888206223,0.7979161772415709,10,20,20
13,7391,4.5265097045205124e-13,0.1979664454613249,0.0020967990167205497,0.7999367555215018,10,20,20
13,7392,1.0012350384071322e-10,0.19602918976139477,0.006957438883693523,0.797013371254788,10,20,20
13,7393,1.3436773897372209e-14,0.19724114915486257,0.005152866785236869,0.797605984059887,10,20,20
13,7394,6.3594532455486644e-15,0.13790472200777262,0.06564728938792729,0.7964479886042934,10,20,20
13,7395,1.8942413285398427e-10,0.004563959849329261,0.195492728736435,0.7999433112248111,10,20,20
13,7396,9.809571893198958e-11,0.0003160447795662489,0.19974961657169882,0.7999343385506388,10,20,20
13,7397,1.956996597015833e-11,0.09947813315158888,0.10246935996275011,0.7980525068660909,10,20,20
13,7398,7.363384837308246e-11,0.10929332574059092,0.1485544156996828,0.7421522584860919,10,20,20
13,7399,1.4923286008176556e-11,0.10000250018844492,0.19814851869664132,0.70184898109999,10,20,20
13,7400,2.104070278377088e-05,0.09833576623336213,0.19982713712884378,0.7018160559350098,10,20,20
13,7401,3.233594472349405e-11,0.10008823219957494,0.20000491465364081,0.6999068531144481,10,20,20
13,7402,0.007912235272523483,2.9925217599658143e-05,0.29206692974295734,0.6999909097669188,10,20,20
13,7403,0.007912235218043994,0.0298521072925716,0.26230447814083124,0.6999311793485525,10,20,20
13,7404,1.9163749215232042e-07,9.15120276574988e-06,0.36348409239953583,0.6365065647602058,10,20,20
13,7405,1.7162150036732874e-07,2.1829579104418018e-05,0.30240552164194234,0.6975724771574527,10,20,20
13,7406,1.2288055048122444e-05,0.0003189038744992901,0.27605553234421054,0.7236132757262421,10,20,20
13,7407,0.09906640635745953,1.0044349418553052e-06,0.149942902148879,0.7509896870587197,10,20,20
13,7408,1.2772798791744435e-06,6.081849914406348e-07,0.34405688557502156,0.6559412289601079,10,20,20
13,7409,3.509463660655141e-07,6.879922944249921e-08,0.30283956512068505,0.6971600151337194,10,20,20
13,7410,3.459329064518711e-07,0.09139574100081978,0.20863960585589636,0.6999643072103774,10,20,20
13,7411,3.5366913592410665e-06,0.09093776407738852,0.16477090663945063,0.7442877925918017,10,20,20
13,7412,3.5366898399178217e-06,0.09985723696063976,0.1015976428333258,0.7985415835161945,10,20,20
13,7413,1.9243210784656978e-15,0.09437469275781649,0.10569988871700575,0.7999254185251761,10,20,20
13,7414,7.606784153966885e-15,0.19265688832396624,0.010001331966460726,0.7973417797095654,10,20,20
13,7415,5.982910593405276e-14,0.19728113913370965,0.008159803452203811,0.7945590574140267,10,20,20
13,7416,6.154768930887849e-14,0.1922642000713455,0.10254148414799394,0.7051943157805989,10,20,20
13,7417,3.6155318103267614e-15,0.1698009190326439,0.12576981652232314,0.7044292644450291,10,20,20
13,7418,3.024106033059413e-08,0.19938996934629702,0.10151639863486214,0.6990936017777805,10,20,20
13,7419,9.933234955439421e-13,0.19876850002688626,0.10470178507353148,0.696529714898589,10,20,20
13,7420,1.0353385161493739e-13,0.19816449617253679,0.10196630259160284,0.6998692012357568,10,20,20
13,7421,1.8638522729159311e-10,0.19997910828118415,0.10008092288103679,0.6999399686513935,10,20,20
13,7422,1.863942358168544e-10,0.19322616397125747,0.10746460186733124,0.6993092339750169,10,20,20
13,7423,1.8639422404807227e-10,0.199007841221499,0.10162081024586203,0.6993713483462447,10,20,20
13,7424,1.863072941674512e-10,0.18168416329039422,0.11827864912416948,0.7000371873991289,10,20,20
13,7425,1.8630749350274592e-10,0.1997477434492322,0.10022439150196874,0.7000278648624916,10,20,20
13,7426,1.0344209301079014e-09,0.18637156936744093,0.11485120268346796,0.69877722691467,10,20,20
13,7427,1.0351429605398271e-09,0.19985796980199338,0.10298732312863468,0.6971547060342288,10,20,20
13,7428,1.034426721655405e-09,0.1987269097920387,0.10653799410201463,0.6947350950715199,10,20,20
13,7429,1.03442061544715e-09,0.19995683610376555,0.10291406294988928,0.6971290999119244,10,20,20
13,7430,1.04968228898445e-05,0.1958448225559363,0.14773716015787824,0.6564075204632955,10,20,20
13,7431,1.8478453253941396e-12,0.13900578300117158,0.20219854734570458,0.6587956696512758,10,20,20
13,7432,2.0859145256492685e-11,0.19406319358334426,0.10773429112913938,0.6982025152666569,10,20,20
13,7433,9.415492627838057e-14,0.19406014973291397,0.1103833764936503,0.6955564737733415,10,20,20
13,7434,3.313940711187624e-14,0.19406111369147078,0.17933789282185422,0.6266009934866419,10,20,20
13,7435,1.785953406652969e-14,0.20053104804000763,0.1005605219583728,0.6989084300016017,10,20,20
13,7436,0.08189160334036352,0.20000074146986485,0.0195485089153307,0.6985591462744407,10,20,20
13,7437,1.0225538316217282e-07,0.10446947305268348,0.19891561570346647,0.6966148089884664,10,20,20
13,7438,4.495432773659542e-06,0.10443739634525293,0.19855833797968256,0.6969997702422904,10,20,20
13,7439,4.4954384643662324e-06,0.10444172050687366,0.19901808679692806,0.6965356972577339,10,20,20
13,7440,4.495433879111316e-06,0.09668068807463279,0.20466062254498288,0.6986541939465046,10,20,20
13,7441,4.948172364384712e-05,0.09981631832928566,0.20653141765401067,0.6936027822930588,10,20,20
13,7442,6.608345329429794e-07,0.10028577388129241,0.19835767234428742,0.7013558929398871,10,20,20
13,7443,6.608552597863667e-07,0.10028577291698837,0.11884709588856437,0.7808664703391872,10,20,20
13,7444,5.784016546007743e-10,0.0998162246728125,0.1178724109788897,0.7823113637698961,10,20,20
13,7445,3.9518115016742255e-05,0.09793487444028232,0.20207617691312496,0.6999494305315757,10,20,20
13,7446,1.2873169206721954e-08,0.09999924808027402,0.20070003362503583,0.6993007054215209,10,20,20
13,7447,5.7436616860812816e-11,0.19323858003827837,0.10901624692313214,0.6977451729811526,10,20,20
13,7448,9.007681165296025e-14,0.19323438424638817,0.14795409992145978,0.6588115158320619,10,20,20
13,7449,2.016665740187496e-06,0.19320145463839727,0.10712012737756618,0.6996764013182957,10,20,20
13,7450,8.674084258684436e-06,0.09999765091291773,0.2905701104720931,0.6094235645307298,10,20,20
13,7451,0.00014734687283380534,0.10005191104009263,0.2992323840132651,0.6005683580738079,10,20,20
13,7452,0.0001386749011444671,0.12357629650117614,0.2762360706234588,0.6000489579742198,10,20,20
13,7453,2.3318890934893423e-13,0.2236136975779235,0.17863534330823155,0.5977509591136115,10,20,20
13,7454,2.3330265689547567e-13,0.2236166792507351,0.17870694473405913,0.5976763760149721,10,20,20
13,7455,2.8430322142801265e-12,0.1847675184486309,0.21657865538465187,0.5986538261638735,10,20,20
13,7456,1.5820063060257668e-07,0.1999757163866755,0.19000696609084305,0.6100171593218506,10,20,20
13,7457,9.239910441797256e-13,0.2000249862715072,0.295410505652776,0.5045645080747924,10,20,20
13,7458,2.159049650671603e-12,0.10054040235974464,0.40071769511043087,0.4987419025276642,10,20,20
13,7459,8.113335140285678e-08,0.10009068875671837,0.4009963252100633,0.49891290489986595,10,20,20
13,7460,1.886393324250607e-09,0.10077611938431834,0.40035815141477027,0.4988657273145171,10,20,20
13,7461,1.931736991170839e-06,0.0997813406907251,0.40136436252048907,0.49885236505179364,10,20,20
13,7462,0.00014043555769955836,0.19978443784078223,0.3001370287663393,0.49993809783517873,10,20,20
13,7463,7.076379722926194e-15,0.19996207665489188,0.2056537854169478,0.5943841379281531,10,20,20
13,7464,2.0761660588715437e-12,0.19999560983992035,0.20077110688111954,0.5992332832768835,10,20,20
13,7465,1.4128056511991913e-09,0.1999954537143068,0.20004478675672846,0.5999597581161586,10,20,20
13,7466,1.412803094407217e-09,0.1999938193014644,0.20502487767472982,0.5949813016110026,10,20,20
13,7467,1.4128031444541168e-09,0.1999938285163553,0.20789221230222318,0.5921139577686183,10,20,20
13,7468,7.675621538773631e-10,0.09792633399288185,0.3045742485448467,0.5974994166947081,10,20,20
13,7469,7.161456727487843e-10,0.09786166089043201,0.30489599844485943,0.597242339948562,10,20,20
13,7470,7.090573561596416e-08,0.09946332446676993,0.30186120746439904,0.5986753971630958,10,20,20
13,7471,3.2671280185602847e-12,0.0994223926345815,0.2989510230496527,0.6016265843124988,10,20,20
13,7472,2.9979594430222345e-06,0.0994225769146874,0.30556018872406876,0.595014236401801,10,20,20
13,7473,5.565231958918195e-06,0.19928014926909549,0.29423707378485486,0.5064772117140908,10,20,20
13,7474,8.539842476277109e-15,0.19928014867032828,0.1969109850016568,0.6038088663280063,10,20,20
13,7475,3.944872986606713e-09,0.20063787192756877,0.1999925651180931,0.5993695590094644,10,20,20
13,7476,1.653164070491048e-11,0.19986387747210774,0.10018731520216977,0.6999488073091906,10,20,20
13,7477,1.5662827022608508e-08,0.19985756627285117,0.10019769646011527,0.699944721604206,10,20,20
13,7478,1.5662824698166933e-08,0.14564441282583365,0.15519751390494524,0.6991580576063962,10,20,20
13,7479,1.805278684048852e-09,0.1998467017944272,0.1043938721798752,0.6957594242204188,10,20,20
13,7480,1.805353468378133e-09,0.13770675628752033,0.162388781266447,0.6999044606406791,10,20,20
13,7481,1.6835693012149583e-08,0.13872691359927855,0.16185011743329902,0.6994229521317292,10,20,20
13,7482,5.563913584335934e-06,0.20071928196867933,0.09947494478421101,0.6998002093335253,10,20,20
13,7483,5.729489860194433e-16,0.19774842438939938,0.14865912122535602,0.6535924543852439,10,20,20
13,7484,7.038486536378087e-12,0.19729446436882955,0.10670421959163538,0.6960013160324967,10,20,20
13,7485,6.961402582482327e-12,0.1972944630485411,0.10276926574535757,0.69993627119914,10,20,20
13,7486,5.589591604166489e-13,0.19988111231580252,0.10288257643592122,0.6972363112477173,10,20,20
13,7487,1.8692572565587955e-10,0.1975064100073136,0.17315956117876136,0.6293340286269988,10,20,20
13,7488,1.8595073721406115e-10,0.1999043184176478,0.10424006522200721,0.6958556161743944,10,20,20
13,7489,1.8588089817950558e-10,0.20004351985573027,0.1678026354980117,0.6321538444603771,10,20,20
13,7490,1.8587942992488159e-10,0.20000635887893864,0.10071209934319506,0.6992815415919869,10,20,20
13,7491,1.8587729984521445e-10,0.20005227072772885,0.1006879849318613,0.6992597441545324,10,20,20
13,7492,0.0006314385902399076,0.1999592939293508,0.06113004332611155,0.7382792241542978,10,20,20
13,7493,0.0006314385903141972,0.19919570597801078,0.10778995061879452,0.6923829048128802,10,20,20
13,7494,1.343184898986332e-14,0.19992120056342605,0.00017431225578467234,0.7999044871807758,10,20,20
13,7495,8.565514719942594e-14,0.19142719760623467,0.00932381431797553,0.799248988075704,10,20,20
13,7496,5.9447805462262285e-16,0.19140858788211354,0.01324695594617179,0.795344456171714,10,20,20
13,7497,3.678678130732627e-14,0.17825852622283314,0.021965180075333053,0.7997762937017969,10,20,20
13,7498,4.244016138214009e-14,0.18680381910531704,0.013226552602762256,0.7999696282918781,10,20,20
13,7499,5.765181218919818e-10,0.14260897410672155,0.10006010359656795,0.757330921720192,10,20,20
13,7500,5.765131835673966e-10,0.06036806167212507,0.18307469829055226,0.7565572394608094,10,20,20
13,7501,2.2567647171910727e-10,0.04266038294176927,0.20029914261956416,0.7570404742129903,10,20,20
13,7502,1.5168362148450604e-11,3.9496821833129046e-05,0.1999856836406947,0.7999748195223038,10,20,20
13,7503,0.001782018431339049,0.0004978777757170072,0.19762373522987803,0.800096368563066,10,20,20
13,7504,0.0017820184330913005,0.0004978777844966836,0.1655884800016106,0.8321316237808014,10,20,20
13,7505,1.9002130970253214e-12,0.00016725700523011888,0.13556561516363613,0.8642671278292333,10,20,20
13,7506,2.6403107372827076e-14,0.00016725699697263535,0.13873211770613625,0.8611006252968645,10,20,20
13,7507,1.506588991543873e-11,8.255063481143742e-09,0.13548402113924524,0.8645159705906252,10,20,20
13,7508,1.4074449956646152e-11,1.0796202875093667e-06,0.10112196507590306,0.8988769552897349,10,20,20
13,7509,5.742015820252745e-12,2.7763705569844924e-09,0.01203746838022422,0.987962528837663,10,20,20
13,7510,8.184291334021992e-15,9.069441233973397e-10,0.0014716489554526915,0.998528350137595,10,20,20
13,7511,8.17618340322344e-15,5.486126615235007e-11,0.00013455034976693798,0.9998654495953637,10,20,20
13,7512,1.9751860449756577e-15,3.091594855046938e-10,0.03575609942788163,0.9642439002629569,10,20,20
13,7513,1.962179015039943e-15,3.047205147541547e-10,0.00701168084655195,0.9929883188487253,10,20,20
13,7514,2.4180185804067064e-16,1.1220482193721443e-08,0.028432713481717088,0.9715672752978003,10,20,20
13,7515,2.6053775946195175e-16,1.1219887365750877e-08,0.02588796924719452,0.9741120195329177,10,20,20
13,7516,2.2766302801995586e-15,1.1245563905290922e-08,0.031085322633996337,0.9689146661204374,10,20,20
13,7517,1.3912538164835523e-15,1.1229261710498854e-08,0.02667273827588783,0.9733272504948488,10,20,20
13,7518,2.811060523932371e-13,1.1434268125139433e-08,0.025039263194656852,0.9749607253707939,10,20,20
13,7519,1.9428263861385993e-12,1.1331808260028727e-08,0.02573677197426954,0.9742632166919792,10,20,20
13,7520,4.004385942460165e-14,3.202196307747342e-08,0.026986299987069657,0.9730136679909271,10,20,20
13,7521,8.400196507046609e-17,2.937210878754376e-10,0.0016605923501383998,0.9983394073561401,10,20,20
13,7522,1.3435615747284867e-15,7.156641219771286e-12,0.004436362620784682,0.9955636373720571,10,20,20
13,7523,2.3581677807104773e-13,2.1978935962491417e-10,0.006108981212182813,0.993891018567792,10,20,20
13,7524,5.219935664403879e-16,7.2718744700728696e-12,0.005038428702161644,0.994961571290566,10,20,20
13,7525,2.0431984642668832e-13,2.1507083132965277e-12,0.0022185901499297625,0.997781409847715,10,20,20
13,7526,1.9438771893450405e-13,2.18034696004928e-12,0.0021907388565820885,0.997809261141043,10,20,20
13,7527,1.91633665746228e-13,7.147110631319397e-12,7.494078393150143e-05,0.9999250592087296,10,20,20
13,7528,2.1557860734788893e-16,4.272845225466202e-14,4.265768445973415e-05,0.9999573423154974,10,20,20
13,7529,1.15071688141068e-16,2.3649890490441987e-12,0.0001271448074802668,0.9998728551901547,10,20,20
13,7530,9.264249860630503e-15,8.664212100833973e-08,0.03227014291429045,0.9677297704435792,10,20,20
13,7531,6.864108934123875e-15,3.4200999508127986e-12,0.001609069173037062,0.9983909308235359,10,20,20
13,7532,1.5371505697713273e-13,6.042354432981253e-09,0.0017290941909471672,0.9982708997665446,10,20,20
13,7533,6.130236573266457e-18,3.5074384508691925e-12,0.0001962271870123147,0.9998037728094802,10,20,20
13,7534,4.535363754725335e-14,5.830458679333842e-12,0.024129385925927966,0.9758706140681964,10,20,20
13,7535,1.4869951962771136e-16,3.647379199396782e-12,0.0016900661686760244,0.9983099338276764,10,20,20
13,7536,1.0902156644462577e-15,9.577923065266461e-15,3.0823179237059973e-06,0.9999969176820658,10,20,20
13,7537,1.0945779121234413e-15,1.900922304905192e-11,0.0023807723442086466,0.9976192276367811,10,20,20
13,7538,1.6979344386356043e-15,3.0690041226002276e-08,0.004536151670208244,0.995463817639749,10,20,20
13,7539,7.889934867807361e-14,1.9732532007568984e-11,0.0026975585636198176,0.9973024414165688,10,20,20
13,7540,5.562004374209947e-13,3.0502330619863313e-06,0.12155188457233405,0.8784450651940476,10,20,20
13,7541,1.8930440538226556e-16,1.6960692795068217e-09,0.0627007422589024,0.9372992560450282,10,20,20
13,7542,9.915486851647096e-13,3.851729023078356e-09,0.1272128320159269,0.8727871641313524,10,20,20
13,7543,4.925808626270835e-06,6.661151759085656e-07,0.1007486705694048,0.8992457375067928,10,20,20
13,7544,4.925808672275176e-06,6.660849905185232e-07,0.1021894299739317,0.8978049781324055,10,20,20
13,7545,2.0614238308852714e-14,3.3177597841229407e-10,0.1048946064645038,0.8951053932036995,10,20,20
13,7546,8.621078453051633e-14,0.09955228679090446,0.03160291164782452,0.8688448015611845,10,20,20
13,7547,1.095355294382929e-12,0.09696821107095502,0.033660062089843415,0.8693717268381059,10,20,20
13,7548,9.613670783264473e-14,0.09999896059607591,0.0012044847608996246,0.8987965546429283,10,20,20
13,7549,1.4633685261504925e-13,0.09999208334812051,0.0015462165028426993,0.8984617001488905,10,20,20
13,7550,1.4632212778531204e-13,0.09999208337583042,0.0017494056489984716,0.8982585109750248,10,20,20
13,7551,1.5070513409625184e-15,0.09964113728023229,0.0022539900227124586,0.8981048726970539,10,20,20
13,7552,4.435413577696803e-19,0.09999967860901077,0.00027467821167172565,0.8997256431793176,10,20,20
13,7553,2.393099140309634e-12,0.09999970964631363,0.03346017369764315,0.8665401166536499,10,20,20
13,7554,1.194163499656494e-15,0.09999208900979419,0.0015522045364326541,0.8984557064537722,10,20,20
13,7555,9.582045569234914e-16,0.09999208900982506,4.870430052934727e-05,0.8999592066896447,10,20,20
13,7556,5.759741718284108e-13,0.09999209521108768,0.002540961183647674,0.8974669436046888,10,20,20
13,7557,2.2384626151972817e-10,0.09999908863937897,0.0026337758466349224,0.8973671352901398,10,20,20
13,7558,2.2384691313864015e-10,0.09997962779371976,0.02769977330608269,0.8723205986763505,10,20,20
13,7559,2.239293356606878e-10,0.09996426914774081,0.05159076003789378,0.8484449705904359,10,20,20
13,7560,2.239279366135997e-10,0.0999642692833593,0.027742087275623457,0.8722936432170894,10,20,20
13,7561,8.794401453922067e-14,0.09939053075383468,0.027723096033624516,0.8728863732124529,10,20,20
13,7562,2.0105417591653726e-14,0.09771195454860046,0.03117988713711196,0.8711081583142674,10,20,20
13,7563,3.180854723290555e-14,0.09992317678461389,0.05721378252914748,0.842863040686207,10,20,20
13,7564,1.7151554722245846e-16,0.0999999473552515,0.08011372265976871,0.8198863299849796,10,20,20
13,7565,1.2353669844195974e-16,0.09999514388806978,0.00025168749705119936,0.8997531686148788,10,20,20
13,7566,9.777421395611911e-18,0.09999514389985246,0.003948824391096077,0.8960560317090513,10,20,20
13,7567,3.3950466161787606e-16,0.01685237735426019,0.08798542789236735,0.8951621947533722,10,20,20
13,7568,3.6459782475562775e-16,0.016852374308755916,0.08569839264007785,0.8974492330511659,10,20,20
13,7569,5.874115910559472e-08,8.113636321758206e-05,0.10247130032384717,0.8974475045717757,10,20,20
13,7570,2.0521087677856164e-09,0.08258043497463563,0.03974113365974073,0.8776784293135146,10,20,20
13,7571,9.745684565426354e-13,0.08258043502827304,0.018646754225683213,0.8987728107450689,10,20,20
13,7572,2.7315136605042744e-13,0.08258043489002784,0.01749316824988597,0.8999263968598132,10,20,20
13,7573,3.5834074705662586e-13,0.09830765441013103,0.001814336173652132,0.8998780094158583,10,20,20
13,7574,5.4451956898462994e-18,0.09984023112074761,0.0037109881729362583,0.8964487807063162,10,20,20
13,7575,7.991640210185662e-15,0.09984023111970612,0.00046850491747736026,0.8996912639628085,10,20,20
13,7576,1.3783211721746416e-14,0.09959464864884714,0.04846718203033263,0.8519381693208065,10,20,20
13,7577,4.696660344647394e-16,0.09959244023308396,0.003973269440103598,0.896434290326812,10,20,20
13,7578,3.7523624117258094e-14,0.09999767909130647,0.02994370030560211,0.870058620603054,10,20,20
13,7579,5.404799413467308e-16,0.0999998313968949,0.029960749635393746,0.8700394189677108,10,20,20
13,7580,9.171525976644191e-12,0.09999983140402355,0.00022095059954474437,0.8997792179872602,10,20,20
13,7581,9.171554167791667e-12,0.09999475654928719,0.0013282270858812762,0.8986770163556599,10,20,20
13,7582,1.842627050027563e-14,0.09999475654519455,0.0006571285867634769,0.8993481148680236,10,20,20
13,7583,1.841260555202144e-14,0.09999475653938672,0.0006354042139315425,0.8993698392466634,10,20,20
13,7584,1.6200416699484456e-17,0.09999475653734424,0.00013916225336749424,0.8998660812092882,10,20,20
13,7585,5.24533981007449e-14,0.08641748094333015,0.01920033378439722,0.89438218527222,10,20,20
13,7586,2.5700559032787098e-14,0.09698969562929993,0.009130561158360893,0.8938797432123134,10,20,20
13,7587,2.864084129066051e-14,0.0992370758750539,0.051088095309348394,0.8496748288155691,10,20,20
13,7588,2.8267331316829577e-14,0.09999768913873486,0.0030690023346882974,0.896933308526549,10,20,20
13,7589,1.7341330597517962e-15,0.07719053597599272,0.025179575783733605,0.897629888240272,10,20,20
13,7590,9.070839562399683e-15,0.09802140404263336,0.0035208943707403344,0.8984577015866171,10,20,20
13,7591,2.10778489999916e-14,0.099931824938086,0.024796577857107947,0.8752715972047849,10,20,20
13,7592,2.5954649274571886e-15,0.09999997078114042,0.02476068261696702,0.8752393466018897,10,20,20
13,7593,2.159354454348274e-15,0.09968788099332905,0.006783215909858716,0.89352890309681,10,20,20
13,7594,1.660656679761529e-17,0.09968787771657957,0.00543121945543206,0.8948809028279883,10,20,20
13,7595,3.6136235675949694e-18,0.09968787771551445,0.0016993426864627156,0.8986127795980228,10,20,20
13,7596,2.493428255816138e-11,0.09989268999269534,0.0015062602232117695,0.8986010497591584,10,20,20
13,7597,2.494023822476137e-11,0.09999940374836322,0.00010369490917615174,0.8998969013175204,10,20,20
13,7598,2.4940146950244198e-11,0.09998014827933169,0.0024975662087250226,0.897522285487003,10,20,20
13,7599,8.340344514159082e-15,0.09998037979765743,0.005470960313786557,0.8945486598885475,10,20,20
13,7600,2.0761705533997446e-12,0.0999604375535367,0.05087891827529428,0.849160644169093,10,20,20
13,7601,3.752306737181277e-13,0.09999967578671917,0.05225162666566389,0.8477486975472417,10,20,20
13,7602,5.5710035529636154e-14,0.09999857922250086,0.05475987524695873,0.8452415455304848,10,20,20
13,7603,3.412093420953786e-11,0.09891319217986705,0.008307631736788314,0.8927791760492239,10,20,20
13,7604,1.2622048752226124e-12,0.09891315239422069,0.04771575779006623,0.8533710898144511,10,20,20
13,7605,8.613846179044919e-13,0.0037114344620033045,0.10323918989860278,0.8930493756385325,10,20,20
13,7606,7.789117884128544e-12,0.00029958121608392424,0.1015259025048233,0.8981745162713034,10,20,20
13,7607,3.0910918288498385e-12,0.0002995811556382924,0.10119583235762646,0.8985045864836441,10,20,20
13,7608,7.603198518380061e-09,0.00023796805968603215,0.10198734397411398,0.897774680363001,10,20,20
13,7609,5.977980545533373e-16,1.182769035150268e-10,0.10347920758055776,0.8965207923011649,10,20,20
13,7610,1.6067904866824653e-11,5.789026531196893e-08,0.14499388133795757,0.8550060607557095,10,20,20
13,7611,1.62418647336654e-11,0.011639020608956583,0.19210994724039512,0.7962510321344063,10,20,20
13,7612,2.587841784101978e-13,0.00013603792155958915,0.1410397748174116,0.8588241872607696,10,20,20
13,7613,6.766226715525725e-12,2.986309791319456e-06,0.10089357521886329,0.899103438464579,10,20,20
13,7614,6.76652605079961e-12,2.9874392691607703e-06,0.2525804263835162,0.7474165861704484,10,20,20
13,7615,1.672004703940457e-09,3.802377885527293e-05,0.14413999302879998,0.8558219815203405,10,20,20
13,7616,3.184009276481358e-10,4.301285561465536e-05,0.14322011474277224,0.8567368720832119,10,20,20
13,7617,2.964490240934163e-10,1.3161851403354349e-06,0.17137390931083638,0.8286247742075741,10,20,20
13,7618,3.5528838433899304e-05,4.3639754899172515e-06,0.17239215187029008,0.8275679553157858,10,20,20
13,7619,7.641400470893712e-10,6.999536504933619e-05,0.04396164969615745,0.9559683541746532,10,20,20
13,7620,1.0024226098136758e-12,1.507409629582296e-10,0.0344869927286036,0.9655130071196532,10,20,20
13,7621,2.392946577092058e-13,1.627543198431884e-10,0.007690469505048281,0.9923095303319581,10,20,20
13,7622,1.6801943161874998e-14,1.2424886425138164e-09,0.04334593004071828,0.9566540687167763,10,20,20
13,7623,2.265566771769967e-12,1.5894985895772628e-09,0.09636914437737817,0.9036308540308576,10,20,20
13,7624,8.760754216349221e-12,2.4135248433244593e-05,0.10012171592737877,0.8998541488154274,10,20,20
13,7625,2.2773984561280455e-09,6.095372840448974e-06,0.1007105235942021,0.8992833787555595,10,20,20
13,7626,2.2773985927804805e-09,6.0953774837344935e-06,0.10277830481303347,0.8972155975320844,10,20,20
13,7627,7.792394368192016e-13,1.0405069074304268e-09,0.10195213594326599,0.8980478630154474,10,20,20
13,7628,7.782177358467565e-13,1.1076365556747372e-09,0.10441991655883495,0.8955800823327504,10,20,20
13,7629,1.6063894158549374e-10,4.5784678389424644e-10,0.10014500582309585,0.8998549935584181,10,20,20
13,7630,1.612177717812623e-10,6.594596773451742e-09,0.10346068246699988,0.8965393107771856,10,20,20
13,7631,1.2721807745607905e-08,1.267202353358174e-09,0.03372372192867705,0.9662762640823128,10,20,20
13,7632,1.6910559284602902e-13,3.979489161176332e-11,0.0012248303582987259,0.9987751696017371,10,20,20
13,7633,3.628732675840183e-14,1.3301789995952654e-10,0.005819842858894394,0.9941801570080514,10,20,20
13,7634,4.567703454986336e-13,1.4374188487486322e-10,0.004984356716321265,0.9950156431394799,10,20,20
13,7635,4.558592885889278e-13,1.4373653872696457e-10,0.007468633153003547,0.9925313667028037,10,20,20
13,7636,3.356036509439858e-14,3.4737358130747464e-11,0.0032808892630376355,0.9967191107021913,10,20,20
13,7637,3.361948812090176e-14,3.497158908359556e-11,0.003213649354863362,0.9967863506101311,10,20,20
13,7638,3.35680532630329e-14,1.321684382676588e-10,0.008188626075709556,0.9918113737920884,10,20,20
13,7639,3.357675116158488e-14,3.354088488453432e-11,0.005624844036377882,0.9943751559300473,10,20,20
13,7640,6.69352674442401e-14,4.31509848227687e-11,0.0032518897970123355,0.9967481101597695,10,20,20
13,7641,2.8054780793572376e-14,1.6058096278298768e-11,0.0001040330938089639,0.999895966890105,10,20,20
13,7642,2.801550321902247e-14,4.367454892470714e-11,0.00016080765006884612,0.9998391923062284,10,20,20
13,7643,2.098749195080465e-17,4.503822803866154e-13,0.0028334285077993952,0.9971665714917503,10,20,20
13,7644,2.2308277564238313e-11,3.5152855706469464e-11,0.002416854534473328,0.9975831454080657,10,20,20
13,7645,1.5014349170515895e-15,1.2806616255469354e-11,0.00013091500286640379,0.9998690849843255,10,20,20
13,7646,4.364774354906695e-12,1.1688357428967384e-09,0.0020616044145773662,0.9979383944122222,10,20,20
13,7647,9.783573299233293e-17,1.5393596415815247e-10,0.0050396118218230136,0.994960388024241,10,20,20
13,7648,5.648680182085575e-16,6.275676408678982e-11,0.0008487216536939511,0.9991512782835485,10,20,20
13,7649,6.159013898584993e-14,7.926061395054446e-08,0.04040663505158311,0.9595932856877413,10,20,20
13,7650,3.263934168808173e-13,1.692516703006203e-12,8.1224489040344e-05,0.9999187755089407,10,20,20
13,7651,5.305433080958527e-17,6.812317317531595e-14,8.317772169308459e-05,0.9999168222782387,10,20,20
13,7652,2.696158995453266e-13,3.3896209973798444e-12,0.0023338185830284637,0.9976661814133125,10,20,20
13,7653,1.2410754323080911e-15,9.13023101863165e-13,0.002336070656311613,0.9976639293427741,10,20,20
13,7654,2.5223432288534493e-14,5.977067568983841e-11,0.04397565672765073,0.9560243432125534,10,20,20
13,7655,1.6102886985126302e-14,1.6653492116552619e-09,0.0960460600620425,0.903953938272592,10,20,20
13,7656,2.60744375522685e-16,1.6138130829274816e-09,0.06248492467240195,0.9375150737137844,10,20,20
13,7657,1.0730589834707467e-16,3.1798723984303695e-11,0.042212299287762586,0.9577877006804384,10,20,20
13,7658,2.3440256520589575e-12,1.241525915707795e-12,0.00013826299525414797,0.9998617370011603,10,20,20
13,7659,6.021575926864876e-17,4.329702382899982e-12,0.000617320106708603,0.9993826798889615,10,20,20
13,7660,3.074801313682987e-14,1.2920110389099695e-11,0.001482918563291548,0.9985170814237575,10,20,20
13,7661,2.0484882269127854e-13,2.5444492362539646e-07,0.06856884879769784,0.9314308967571735,10,20,20
13,7662,3.0608030455662907e-12,5.290378030188969e-10,0.07682607893567983,0.9231739205322216,10,20,20
13,7663,2.2602520325107464e-12,8.038624820187118e-11,0.09998669666129902,0.9000133032560542,10,20,20
13,7664,2.2604582450139936e-12,9.196005837937117e-09,0.10158086358188641,0.8984191272198473,10,20,20
13,7665,2.2700596244949137e-12,7.484024679741251e-11,0.10014903476444496,0.8998509651584445,10,20,20
13,7666,7.71480905756251e-16,2.506672230013592e-07,0.10029088803109303,0.8997088613016828,10,20,20
13,7667,0.0004970677810868575,1.4251072110924006e-08,0.1513256080077071,0.8481773099601335,10,20,20
13,7668,3.6186226454462227e-06,2.5693321426946074e-08,0.029597553933281277,0.9703988017507518,10,20,20
13,7669,3.618622644348626e-06,2.5848750254377992e-08,0.08588777038094578,0.9141085851476587,10,20,20
13,7670,5.741290608591498e-15,2.1860739282622713e-10,0.04385182526758842,0.9561481745137984,10,20,20
13,7671,8.250313107383092e-14,2.316873714851598e-12,0.00357523006898748,0.9964247699286132,10,20,20
13,7672,9.388306330861276e-16,1.2559789461389348e-12,0.004875005279388237,0.9951249947193548,10,20,20
13,7673,5.105722073331603e-18,4.506270108826826e-12,0.005700548858925204,0.9942994511365685,10,20,20
13,7674,9.371279946268565e-14,1.2176030497527078e-08,0.004532898161583488,0.9954670896622924,10,20,20
13,7675,9.417081579055076e-14,1.6462857260045597e-08,0.009062402713577312,0.9909375808234714,10,20,20
13,7676,9.50496122029288e-14,1.2179150173560531e-08,0.10036651182321332,0.8996334759975412,10,20,20
13,7677,1.958444636969932e-15,7.40736402273516e-12,0.04932043241675223,0.9506795675758386,10,20,20
13,7678,5.636107525558768e-17,7.326301391852458e-12,0.04817297611724048,0.9518270238754332,10,20,20
13,7679,9.515314828867381e-13,8.716484960706903e-13,0.04307622341499414,0.9569237765831827,10,20,20
13,7680,1.9488729086349227e-15,2.6939252080175776e-13,0.00028956937634485875,0.9997104306233838,10,20,20
13,7681,9.858279046194848e-15,1.443213687146975e-07,0.045487970279170696,0.954511885399451,10,20,20
13,7682,7.395403479992576e-15,7.351080537658626e-11,0.0001445821761944008,0.9998554177502875,10,20,20
13,7683,1.5606565978783336e-14,3.496765453339313e-12,0.0009955175498276069,0.99900448244666,10,20,20
13,7684,6.907432619058236e-13,6.743306045163374e-12,0.0034987117275393207,0.9965012882650264,10,20,20
13,7685,6.825053064431352e-13,3.756934046453336e-12,0.002642904321784393,0.9973570956737762,10,20,20
13,7686,6.772428861093116e-13,3.249254538473469e-12,0.0008660937356358969,0.9991339062604376,10,20,20
13,7687,1.2922158970937665e-15,6.9867798672252395e-12,2.860361684877589e-05,0.9999713963761634,10,20,20
13,7688,3.0487541606055794e-13,2.0635814094352534e-11,0.004319740009714171,0.9956802599693454,10,20,20
13,7689,1.491449503712863e-13,1.4587824519900531e-10,0.019846707476166535,0.980153292377806,10,20,20
13,7690,1.6346408528345064e-14,4.7408616978410856e-08,0.10645142180194236,0.8935485307894242,10,20,20
13,7691,8.828834249870104e-14,1.8175963540998886e-11,0.015724396896791885,0.9842756030849437,10,20,20
13,7692,3.7328984883321736e-15,2.8084966036874256e-13,0.014982116127662388,0.9850178838720529,10,20,20
13,7693,4.476662695901558e-15,4.176486828476185e-14,0.05173702638186074,0.9482629736180928,10,20,20
13,7694,2.4222909774448345e-15,2.2375710790813927e-14,0.0019864288951125944,0.9980135711048623,10,20,20
13,7695,7.828344582054932e-16,1.2638360678258166e-13,0.0013030198916057717,0.9986969801082669,10,20,20
13,7696,8.523549766499415e-12,2.2959041866928224e-11,0.001412267175954139,0.9985877327925632,10,20,20
13,7697,3.731899825809348e-17,1.2669721384632716e-13,0.0018426521075201826,0.9981573478923529,10,20,20
13,7698,1.2785071993435526e-15,3.045945953465511e-11,0.0019125006742930356,0.9980874992952463,10,20,20
13,7699,7.823470915321006e-14,5.105163563166957e-05,0.026780872751204204,0.9731680756130856,10,20,20
13,7700,7.82353622797147e-14,5.105167057437599e-05,0.026759458569811267,0.973189489759536,10,20,20
13,7701,1.0891636769986657e-13,5.105159264129305e-05,0.02705517690680697,0.9728937715004428,10,20,20
13,7702,2.622563986880248e-13,1.0985575967051814e-11,0.0012807330187454063,0.9987192669700068,10,20,20
13,7703,9.185881172882689e-17,7.112450695788422e-11,0.0037485905294225644,0.9962514093994528,10,20,20
13,7704,3.751631125123908e-08,1.1689334244114778e-09,0.00253692497705574,0.9974630363376997,10,20,20
13,7705,3.752025686148829e-08,1.104038861704781e-09,0.002449871117739078,0.997550090257965,10,20,20
13,7706,3.752025810102409e-08,1.1621602020167496e-09,0.0025971732464275675,0.9974027880711539,10,20,20
13,7707,6.65442574226349e-17,1.3657470230913557e-12,0.00013974882533263598,0.9998602511733015,10,20,20
13,7708,3.8128701821437963e-13,6.533401782764986e-09,0.0018464021188730282,0.9981535913473438,10,20,20
13,7709,3.811853184506769e-13,6.534875529177971e-09,0.0042953098139017,0.9957046836508414,10,20,20
13,7710,1.9026949485589482e-17,5.502594787772892e-11,0.03787214057015763,0.9621278593748164,10,20,20
13,7711,1.232780180113183e-13,2.1750802481999255e-11,0.037928006877245256,0.9620719931008805,10,20,20
13,7712,1.85999433404748e-17,1.775645115149448e-12,0.001119153119298167,0.9988808468789261,10,20,20
13,7713,4.556333127918997e-14,1.4234614018439368e-11,0.06284838012558616,0.9371516198601337,10,20,20
13,7714,1.5035606842579345e-14,4.801552952407588e-12,0.0007805270059797807,0.9992194729892037,10,20,20
13,7715,2.2250876142553994e-14,4.169794158399199e-12,0.0006447734479323206,0.9993552265478755,10,20,20
13,7716,2.6152586284535265e-14,1.1190762109341333e-12,0.09841670993071404,0.9015832900681404,10,20,20
13,7717,3.6808584569361193e-13,4.834633757838074e-08,0.1646745163272973,0.8353254353259969,10,20,20
13,7718,1.5220185329899206e-11,0.00022713305496818836,0.20790434259583992,0.7918685243339714,10,20,20
13,7719,2.6520005951240678e-11,0.00022708574050351937,0.13548338794961812,0.8642895262833582,10,20,20
13,7720,2.627397698811624e-11,8.59256936682359e-10,0.10275699224961557,0.8972430068648531,10,20,20
13,7721,2.780425022805305e-11,1.7138769228609235e-09,0.10357719615922771,0.8964228020990909,10,20,20
13,7722,7.416758070308589e-05,2.4388406525406766e-09,0.16141070798402948,0.8385151219964264,10,20,20
13,7723,0.00012978276004173931,1.5813055263059391e-09,0.22938124625395367,0.7704889694046987,10,20,20
13,7724,5.5615248815864825e-05,2.6656268031994997e-09,0.10451251159911615,0.8954318704864409,10,20,20
13,7725,5.561524915611878e-05,1.9660218674131793e-07,0.1504820757255158,0.8494621124231413,10,20,20
13,7726,5.561525459497007e-05,1.0769364116056177e-09,0.2015193032253216,0.7984250804431462,10,20,20
13,7727,0.037480985739457184,9.040729500842629e-09,0.1663760007719597,0.7961430044478536,10,20,20
13,7728,0.03748098577340101,2.415667445621179e-08,0.2389313260364639,0.7235876640334604,10,20,20
13,7729,0.03748100700716467,0.0006719099167479414,0.16883941107933906,0.7930076719967476,10,20,20
13,7730,0.03748098770662732,0.00028700827477451255,0.19916206862512012,0.7630699353934776,10,20,20
13,7731,0.0002974743811210077,7.83356130158104e-06,0.20034656391381028,0.799348128143767,10,20,20
13,7732,1.722594722336927e-11,1.6275782794356966e-06,0.23748933269989753,0.7625090397045962,10,20,20
13,7733,1.713088919072759e-11,1.6021417555432702e-06,0.10009150145209825,0.8999068963890154,10,20,20
13,7734,1.2190107291483795e-13,1.733105824971597e-07,0.14306384147351034,0.8569359852157851,10,20,20
13,7735,0.002510816989155027,1.1361739945892534e-08,0.13142157751247002,0.8660675941366348,10,20,20
13,7736,0.002510816988731021,3.591318814212567e-09,0.09960557200584345,0.8978836074141066,10,20,20
13,7737,5.303746713909454e-10,0.03608425502501168,0.06679432613889218,0.8971214183057213,10,20,20
13,7738,4.730757633266336e-07,0.002756090216644274,0.09627757016842879,0.9009658665391636,10,20,20
13,7739,1.8748821680208783e-08,3.204954181778908e-05,0.10168990334968542,0.8982780283596746,10,20,20
13,7740,1.5129048183444601e-15,2.214271189387662e-10,0.10103838476857192,0.8989616150099993,10,20,20
13,7741,1.291656659055983e-13,2.2451593900880697e-10,0.10021011260349147,0.8997898871718633,10,20,20
13,7742,2.917976318719408e-14,4.198475875179539e-06,0.10066587934703171,0.8993299221770638,10,20,20
13,7743,1.8862075359421115e-14,0.00026925422011680653,0.05641799641744973,0.9433127493624145,10,20,20
13,7744,4.02644036774906e-14,0.00026925425552450576,0.042346633310173895,0.9573841124342612,10,20,20
13,7745,1.2991852144316695e-07,1.832348267893675e-10,0.0011108022386203296,0.9988890676596232,10,20,20
13,7746,1.3013479361126475e-07,2.0579123581505227e-10,0.0008508289889291275,0.9991490406704859,10,20,20
13,7747,1.301347936211068e-07,2.0591411517794433e-10,0.0021918661775414904,0.9978080034817507,10,20,20
13,7748,2.162723648788465e-10,1.9467389936482875e-10,0.03296961875587561,0.967030380833178,10,20,20
13,7749,4.647961765748576e-14,6.5888591947032454e-06,0.08921908099615304,0.9107743301446053,10,20,20
13,7750,7.288406245565582e-16,1.0831985114480065e-10,0.000742865842438486,0.9992571340492408,10,20,20
13,7751,5.473753046569355e-15,4.3918841343817704e-09,0.0015425609413401477,0.9984574346667703,10,20,20
13,7752,5.346942704960831e-15,9.332201240733252e-14,0.0015249608111682507,0.9984750391887331,10,20,20
13,7753,1.1204137202984581e-15,2.3679844464462055e-09,0.07395352121777232,0.926046476414242,10,20,20
13,7754,1.3000347027595341e-10,3.0945026163264343e-09,0.0008738802391816769,0.999126116536312,10,20,20
13,7755,1.3665597139571856e-15,4.027279495348618e-12,0.0006933492264541124,0.999306650769517,10,20,20
13,7756,2.3061538709548582e-12,6.0285929948183375e-12,0.0014851476030532473,0.9985148523886119,10,20,20
13,7757,2.2406614457449453e-12,3.5318326235996525e-09,0.010640767972324607,0.9893592284936019,10,20,20
13,7758,2.211178624460578e-12,6.273016237698746e-09,0.00812126702406244,0.9918787267007099,10,20,20
13,7759,1.20389193360891e-17,8.331233689528123e-14,0.00010254517525052265,0.9998974548246661,10,20,20
13,7760,2.785551165107698e-14,3.7517440570474556e-11,6.262059884261874e-05,0.9999373793636119,10,20,20
13,7761,6.719001834172571e-14,5.1980551256343486e-14,0.00047375770769291945,0.9995262422921878,10,20,20
13,7762,3.076120484261067e-14,1.6024972970929435e-10,0.05237562654625464,0.9476243732934646,10,20,20
13,7763,4.544756302973001e-14,1.8074687565221692e-08,0.15077440556444413,0.8492255763608224,10,20,20
13,7764,8.899486500182187e-12,9.219600134436228e-07,0.155874402874863,0.8441246751562238,10,20,20
13,7765,0.0005128113152138927,5.669220695357286e-07,0.16958557979529187,0.8299010419674243,10,20,20
13,7766,0.09525081993033,1.4106095553237306e-08,0.008721850205059091,0.8960273157585152,10,20,20
13,7767,0.095250819927262,2.787751960320502e-07,0.010859943955765124,0.8938889573417768,10,20,20
13,7768,3.262688241447214e-06,2.6649385147018083e-07,0.10666367978061495,0.8933327910372919,10,20,20
13,7769,3.2626882413939704e-06,1.6459501807154103e-10,0.10631689136771987,0.8936798457794433,10,20,20
13,7770,3.262688241591433e-06,1.859769826394873e-10,0.134482005950106,0.8655147311756753,10,20,20
13,7771,3.2626882443481037e-06,2.661903499327179e-10,0.10369390981494016,0.8963028272306248,10,20,20
13,7772,9.73441335075364e-10,1.483878081052273e-10,0.10311563486437762,0.896884364013793,10,20,20
13,7773,9.761444326192267e-10,1.7814497764441303e-10,0.19568709196964507,0.8043129068760653,10,20,20
13,7774,1.0960791126122664e-08,2.18802901472663e-05,0.25219925703807977,0.7477788517109814,10,20,20
13,7775,2.664005376179703e-10,9.338754627348729e-07,0.3031596923722214,0.6968393734859155,10,20,20
13,7776,1.1339121963036985e-08,0.08566295152282644,0.216430610834729,0.6979064263033228,10,20,20
13,7777,1.1139377479769402e-07,0.08573501645889396,0.11923682600464376,0.7950280461426875,10,20,20
13,7778,1.1139014522359504e-07,0.08573501645432816,0.11427931454306281,0.7999855576124638,10,20,20
13,7779,0.0012140641988549804,0.08566294762258667,0.11615711106038382,0.7969658771181745,10,20,20
13,7780,1.7711302246811295e-09,0.09999965781447642,0.10488603503855021,0.795114305375843,10,20,20
13,7781,1.7711320638708667e-09,0.09999965781760091,0.12480985574079248,0.7751904846704744,10,20,20
13,7782,3.794697827304418e-09,0.09999858547565983,0.10123316933789236,0.79876824139175,10,20,20
13,7783,1.7711252596945864e-09,0.09999688794500051,0.10321735133525596,0.7967857589486184,10,20,20
13,7784,1.5966373398896866e-10,0.09999726478898653,0.10102429991463673,0.7989784351367131,10,20,20
13,7785,7.731545057776352e-09,0.09986698975772837,0.1011549370881153,0.7989780654226113,10,20,20
13,7786,2.50292214272379e-06,0.07078431099957473,0.1301656149421452,0.7990475711361376,10,20,20
13,7787,2.438681671974749e-12,0.09859547000621478,0.10239209282643429,0.7990124371649123,10,20,20
13,7788,6.4046600230770484e-15,0.1008645956378488,0.10007777856654772,0.7990576257955972,10,20,20
13,7789,5.3665770205891295e-12,0.10264134041859282,0.10109379976250432,0.7962648598135363,10,20,20
13,7790,5.947535688725748e-12,0.10264133117833647,0.09970400237208756,0.7976546664436286,10,20,20
13,7791,6.792303958218797e-13,0.0873806727074661,0.11311111780474101,0.7995082094871139,10,20,20
13,7792,1.3225444074943467e-12,0.08737610232455525,0.11422848040773323,0.7983954172663887,10,20,20
13,7793,1.7983685971601252e-11,0.03819761298331862,0.0881117902835895,0.873690596715108,10,20,20
13,7794,2.354131103485448e-16,0.09998854177595594,0.00018161690627137105,0.8998298413177725,10,20,20
13,7795,1.785278007669067e-11,0.09975101196212346,0.022487275689839333,0.8777617123301843,10,20,20
13,7796,2.2048523792183896e-14,0.09975100385675727,0.00037390601061238306,0.8998750901326081,10,20,20
13,7797,2.5813383184416945e-14,0.09975100377446361,0.008803197261859259,0.8914457989636512,10,20,20
13,7798,6.627951158088576e-14,0.09975100381314847,0.0055740092514985256,0.8946749869352868,10,20,20
13,7799,3.3726224712981196e-12,0.09997529226454586,0.020884673675874228,0.879140034056207,10,20,20
13,7800,1.281551513770729e-15,0.09964233974714223,0.009823806466621655,0.8905338537862348,10,20,20
13,7801,1.2055789533150588e-13,0.09964233976801926,0.04333073803278763,0.8570269221990726,10,20,20
13,7802,1.115893318382628e-09,0.09964233975903558,0.04142216192253349,0.8589354972025376,10,20,20
13,7803,5.038432021245923e-12,0.09999870458014419,0.0970389680686705,0.8029623273461468,10,20,20
13,7804,5.4463955829252397e-11,0.09993295830111809,0.09901732801251628,0.8010497136319016,10,20,20
13,7805,5.231449461638031e-15,0.09993293546028323,0.09657796564856651,0.803489098891145,10,20,20
13,7806,3.2422837127621857e-06,0.09999161354260985,0.10447864775122277,0.795526496422454,10,20,20
13,7807,0.03086378039575332,0.10079019303274135,0.06888092247150675,0.7994651040999986,10,20,20
13,7808,0.030863780395735042,0.07045881923500114,0.10262228527011133,0.7960551150991525,10,20,20
13,7809,0.030863780395721803,0.10063138645185117,0.06497203006525955,0.8035328030871675,10,20,20
13,7810,0.030863780395729824,0.09509419770208423,0.07287802975940957,0.8011639921427764,10,20,20
13,7811,7.916349451151791e-08,0.03334591675411762,0.16945255953207444,0.7972014445503137,10,20,20
13,7812,1.716760784018166e-05,0.03332468826644898,0.17067258398888388,0.7959855601368266,10,20,20
13,7813,3.9809297371828796e-06,9.671885975847992e-05,0.20023060629976697,0.7996686939107368,10,20,20
13,7814,2.2761396627524062e-05,3.077052968764977e-05,0.20088707951187484,0.7990593885618092,10,20,20
13,7815,4.26890962799854e-06,3.078736066468859e-05,0.20107873811945626,0.7988862056102505,10,20,20
13,7816,0.0775560152033897,5.657268483333035e-07,0.12252055977823573,0.7999228592915264,10,20,20
13,7817,0.09999295288843338,1.5484768738706048e-10,0.10339123917971613,0.7966158077770027,10,20,20
13,7818,0.099992968593092,3.3127616801919213e-09,0.1016640363923101,0.7983429917018361,10,20,20
13,7819,0.09936869213164763,0.011332992307574168,0.09191876693646005,0.7973795486243177,10,20,20
13,7820,0.09855018538904459,0.086535927038031,0.02129466772596234,0.7936192198469619,10,20,20
13,7821,0.09855015919114035,0.07882898849001838,0.022774427588776472,0.7998464247300646,10,20,20
13,7822,7.346891442178173e-05,0.09997022493786914,0.10390751128622186,0.7960487948614875,10,20,20
13,7823,7.346891442052612e-05,0.09997022493753557,0.12611945939112118,0.7738368467569228,10,20,20
13,7824,0.0002446349092694801,0.09999705823667211,0.1005555241860419,0.7992027826680165,10,20,20
13,7825,0.0002446349092726782,0.09996822796173194,0.10060084463834273,0.7991862924906528,10,20,20
13,7826,0.00024463490927313,0.0999881954448054,0.10467155798838237,0.7950956116575391,10,20,20
13,7827,1.7197718404231975e-05,0.09998838257597242,0.10491082592507243,0.7950835937805507,10,20,20
13,7828,1.719771842676049e-05,0.0798526123095326,0.1222820276492947,0.7978481623227458,10,20,20
13,7829,3.377165187163507e-07,0.07985238543097799,0.12374134156838508,0.7964059352841183,10,20,20
13,7830,0.0916107733550968,0.09988237297271303,0.012219386443376577,0.7962874672288134,10,20,20
13,7831,0.09161077335636021,0.09988237040502879,0.009105962093058927,0.7994008941455519,10,20,20
13,7832,0.09161077335508937,0.0998823704012046,0.008575365172329746,0.7999314910713762,10,20,20
13,7833,0.010869616606382722,0.09988237048518674,0.0917709003368293,0.7974771125716014,10,20,20
13,7834,0.008013255520535762,0.09988237388335304,0.09110471130506471,0.8009996592910464,10,20,20
13,7835,2.950505876644303e-13,0.0991167892618904,0.10089246754197771,0.7999907431958367,10,20,20
13,7836,2.935040613068123e-13,0.09911678926605183,0.10334281700315015,0.7975403937305042,10,20,20
13,7837,0.0006680140653428193,0.09911679456400793,0.10679302556231733,0.7934221658083314,10,20,20
13,7838,1.6899835304727773e-07,0.09966641341005586,0.17188451217295342,0.7284489054186373,10,20,20
13,7839,1.1591398084664465e-06,0.08972949787481169,0.11032129382835995,0.7999480491570197,10,20,20
13,7840,9.256667488910811e-07,0.09999825248509675,0.10007678436030734,0.7999240374878467,10,20,20
13,7841,0.004442879095203179,0.09999768947192307,0.09561122580536413,0.7999482056275096,10,20,20
13,7842,0.004442879095601393,0.0999976960742224,0.09863124704281498,0.7969281777873612,10,20,20
13,7843,4.5004171275914625e-09,0.0999995588453006,0.13463968042581717,0.7653607562284644,10,20,20
13,7844,5.5724838749583226e-05,0.09996029028099372,0.13421011160629315,0.765773873273963,10,20,20
13,7845,7.093599004826961e-13,0.10014991908646345,0.13023599425003704,0.7696140866627899,10,20,20
13,7846,1.4489815944316054e-08,0.09995918843203622,0.09623714907740345,0.803803648000744,10,20,20
13,7847,1.06054841505633e-08,0.09996075038175843,0.09997602104422784,0.8000632179685294,10,20,20
13,7848,1.0605294050849104e-08,0.10000061633385296,0.10170585601749926,0.7982935170433536,10,20,20
13,7849,1.0605294655396985e-08,0.10000060760049105,0.10440623729756196,0.7955931444966524,10,20,20
13,7850,1.081391302943579e-10,0.09999904397831398,0.00012977176397962437,0.8998711841495673,10,20,20
13,7851,1.0813583609674309e-10,0.09999904395802471,0.0006052846535897153,0.8993956712802499,10,20,20
13,7852,4.1186223340478006e-14,0.09999904402878598,0.006916152873537638,0.8930848030976349,10,20,20
13,7853,3.18269890149197e-10,0.09294245956322397,0.009651587182652266,0.8974059529358538,10,20,20
13,7854,3.181110400316729e-10,0.09294245959252947,0.011627966539169332,0.8954295735501901,10,20,20
13,7855,3.2877020879032745e-10,0.09294245962577105,0.10025980684919947,0.8067977331962594,10,20,20
13,7856,6.299811163584356e-10,0.0929424595655601,0.1083265211171444,0.7987310186873147,10,20,20
13,7857,1.081539378384966e-08,0.09294245960557397,0.1079036078935282,0.7991539216855039,10,20,20
13,7858,2.0442100829457712e-15,0.09294245965891808,0.10528451143444942,0.8017730289066304,10,20,20
13,7859,3.4213396234801894e-15,0.09979223504869081,0.0985588162754791,0.8016489486758264,10,20,20
13,7860,3.3328224434939785e-15,0.1000004136727685,0.10435719981879503,0.7956423865084332,10,20,20
13,7861,1.83823842220364e-11,0.09979904616796105,0.06051430542269305,0.8396866483909633,10,20,20
13,7862,1.9055142536559577e-11,0.09930642308826222,0.1015882785967219,0.7991052982959604,10,20,20
13,7863,1.91391943288721e-11,0.10000303197187335,0.20178118159276184,0.6982157864162252,10,20,20
13,7864,1.8393300154980766e-11,0.09999995135100871,0.09996788904067225,0.8000321595899258,10,20,20
13,7865,5.212669838763887e-17,0.09999644176475138,0.0032560895783551543,0.8967474686568933,10,20,20
13,7866,2.4686850640410415e-16,0.09989437363891575,0.0018757036724004789,0.8982299226886834,10,20,20
13,7867,1.9878897749998136e-13,0.09640051211980014,0.013421163827377357,0.8901783240526238,10,20,20
13,7868,9.349185538505037e-17,0.09999761692551988,0.00016262292930380734,0.8998397601451762,10,20,20
13,7869,1.1739737409703465e-17,0.0999976169233138,8.949988907882688e-05,0.8999128831876073,10,20,20
13,7870,5.376276839507147e-16,0.09997046259694936,0.000813121496585418,0.8992164159064646,10,20,20
13,7871,1.3348691974255651e-15,0.09999991535836697,0.00021762020000091488,0.8997824644416307,10,20,20
13,7872,1.3409614075976343e-15,0.09999384458906087,0.06170093430973835,0.8383052211011993,10,20,20
13,7873,1.3548291751301612e-15,0.09999908251999796,0.02355876665696968,0.8764421508230308,10,20,20
13,7874,2.2524489946526687e-13,0.09940701164869416,0.002322027648196416,0.8982709607028839,10,20,20
13,7875,2.425397506280527e-13,0.0999735388796486,0.0010742593422809704,0.898952201777828,10,20,20
13,7876,2.143169609848847e-12,0.09999711973105115,0.003415809688303642,0.8965870705785021,10,20,20
13,7877,9.37052338545262e-14,0.0999387624725031,0.008049038105549218,0.8920121994218538,10,20,20
13,7878,1.2832723167068125e-14,0.09993876248317962,0.003250803465316576,0.8968104340514911,10,20,20
13,7879,1.2753306627437761e-14,0.09984455562375322,0.00032267052224290024,0.8998327738539913,10,20,20
13,7880,5.440040994541965e-16,0.09984455561577353,0.004120565409629523,0.8960348789745967,10,20,20
13,7881,8.887453133188397e-15,0.09999957312543131,0.03363064538732668,0.8663697814872334,10,20,20
13,7882,1.135121308673004e-15,0.0999995731003519,9.249370275219947e-05,0.8999079331968949,10,20,20
13,7883,1.9376561880591512e-14,0.09999189198911923,0.0012320180418688947,0.8987760899689926,10,20,20
13,7884,1.5520588410465953e-12,0.09695227797406439,0.07580289312503766,0.8272448288993457,10,20,20
13,7885,1.514498255555328e-12,0.09999794984309648,0.07271858463368919,0.8272834655216995,10,20,20
13,7886,2.327350622658166e-16,0.09998167751813092,0.004138921999215276,0.8958794004826535,10,20,20
13,7887,1.684818679038305e-17,0.09998167751846293,0.02206111512705301,0.8779572073544841,10,20,20
13,7888,2.382328692055469e-16,0.09998167764088055,0.02366888037565621,0.8763494419834629,10,20,20
13,7889,2.0079168131170618e-16,0.09998625424026096,0.028884455111828838,0.8711292906479102,10,20,20
13,7890,2.570363418980761e-14,0.09936318453320597,0.032913774055842275,0.867723041410926,10,20,20
13,7891,4.421304384839988e-13,0.09753239289537986,0.0032372624497068285,0.8992303446544712,10,20,20
13,7892,4.32626296708619e-17,0.09916851608701141,0.033634684340753535,0.8671967995722349,10,20,20
13,7893,5.129902333354111e-17,0.09998778431528861,0.03281479079727906,0.8671974248874321,10,20,20
13,7894,1.2437685721486433e-15,0.09998778390269009,0.0006425700201810194,0.8993696460771275,10,20,20
13,7895,1.5018990781470779e-12,0.0998410862092542,0.004347054137208218,0.8958118596520357,10,20,20
13,7896,1.5019293486180054e-12,0.09999679647124966,0.0041010297100767265,0.8959021738171717,10,20,20
13,7897,3.426729760270615e-14,0.09999679640788356,0.006921409915922739,0.8930817936761596,10,20,20
13,7898,1.2079105890585698e-12,0.09999685246045194,0.007440801417151316,0.892562346121189,10,20,20
13,7899,1.3301384596394222e-12,0.09999662108741635,0.0015837787799314485,0.898419600131322,10,20,20
13,7900,2.5991809414433596e-14,0.09999662115273047,0.0005990475582339397,0.8994043312890095,10,20,20
13,7901,2.0749495706637253e-12,0.0999966217452829,0.025032636739587194,0.8749707415130551,10,20,20
13,7902,1.9833016993601334e-18,0.09939023991335927,0.003264093477961797,0.897345666608679,10,20,20
13,7903,2.9916787572382834e-18,0.09990815823429272,0.004137647022640375,0.895954194743067,10,20,20
13,7904,7.326278316120132e-16,0.09990815815188907,0.0020532085708954905,0.8980386332772147,10,20,20
13,7905,1.1920131689869261e-15,0.1000000416856461,0.07579592874122322,0.8242040295731293,10,20,20
13,7906,3.980516947444306e-12,0.09920797201461957,0.07820977242322688,0.8225822555581729,10,20,20
13,7907,8.641667474846787e-11,0.059844618698572404,0.09735673170942903,0.8427986495055817,10,20,20
13,7908,1.2417471364667054e-11,0.09925084255774329,0.004917722438537197,0.8958314349913019,10,20,20
13,7909,1.5747050644163693e-13,0.08283734281033016,0.02193444080799569,0.8952282163815164,10,20,20
13,7910,3.8537518535326655e-09,0.0880053830985276,0.015130867785279015,0.8968637452624415,10,20,20
13,7911,5.48172551616355e-16,0.09980320821542674,0.003985741395060983,0.8962110503895119,10,20,20
13,7912,5.572371135067962e-15,0.09918263336022465,0.007634330228972613,0.8931830364107972,10,20,20
13,7913,1.689233549059764e-14,0.09918263332273078,0.006240085044924222,0.8945772816323281,10,20,20
13,7914,9.230692502025031e-17,0.09999859228724303,0.005479145561575465,0.8945222621511812,10,20,20
13,7915,3.660047762182295e-17,0.09999859228689109,0.0051074104710705105,0.8948939972420382,10,20,20
13,7916,2.88982615302946e-17,0.09992055002997584,0.00015837243795298374,0.8999210775320712,10,20,20
13,7917,2.123535303720984e-16,0.09998766305195783,0.0044831876461433814,0.8955291493018984,10,20,20
13,7918,4.263166985635974e-14,0.09998766007164353,9.697646649661692e-05,0.8999153634618173,10,20,20
13,7919,2.970358448205364e-14,0.09998766007129622,9.863111101102147e-05,0.899913708817663,10,20,20
13,7920,2.0399811656306365e-13,0.09998766030514285,0.00028805968402240145,0.8997242800106309,10,20,20
13,7921,1.4659925043653558e-13,0.09998766027478541,0.09728039422102464,0.8027319455040433,10,20,20
13,7922,5.3140925172359127e-14,0.06256829388879474,0.13809119593319286,0.7993405101779592,10,20,20
13,7923,3.523513074775518e-12,0.19973039878480583,0.0094239473562379,0.7908456538554327,10,20,20
13,7924,9.10472070960588e-13,0.19986941999225377,0.1537577910583526,0.6463727889484832,10,20,20
13,7925,2.1481338237030994e-13,0.19539190794882794,0.104659754607757,0.6999483374432002,10,20,20
13,7926,2.9977484737787026e-15,0.19539190122352765,0.00641105523274897,0.7981970435437205,10,20,20
13,7927,2.9242439211341087e-15,0.1953919012235033,0.006373877947412098,0.7982342208290818,10,20,20
13,7928,1.0421793212625863e-07,0.1923528076219894,0.07364797075419269,0.733999117405886,10,20,20
13,7929,7.969335957546736e-18,0.19235232661128618,0.007778197269822848,0.7998694761188909,10,20,20
13,7930,2.4596840486829847e-15,0.19819856243876333,0.001992392332448902,0.7998090452287853,10,20,20
13,7931,2.468328786183426e-12,0.1999926826378697,0.026514460723676365,0.7734928566359855,10,20,20
13,7932,1.1702404934328355e-11,0.1999926713910015,0.04791950392224459,0.7520878246750514,10,20,20
13,7933,2.2174126699987812e-11,0.1957295805281132,0.04876132638865552,0.7555090930610568,10,20,20
13,7934,1.2282408438180109e-11,0.17078096895853737,0.07375005340944177,0.7554689776197383,10,20,20
13,7935,3.2565110738922553e-09,0.19994308532832605,0.05252637118951636,0.7475305402256465,10,20,20
13,7936,1.2307236351381845e-15,0.19976981216767947,0.0017285120816763217,0.7985016757506431,10,20,20
13,7937,1.3513893512850336e-17,0.19999330888914033,0.032911520256969834,0.7670951708538901,10,20,20
13,7938,1.1030248210708714e-13,0.19395553106957192,0.014741098173002853,0.7913033707573149,10,20,20
13,7939,1.5714576838103683e-16,0.19990253061811872,0.00023283087316870775,0.7998646385087126,10,20,20
13,7940,1.5378926480612552e-13,0.174067511747519,0.060257577193733945,0.7656749110585931,10,20,20
13,7941,1.562896981826653e-13,0.0987864926214044,0.13270493965420438,0.7685085677242348,10,20,20
13,7942,7.683670641485619e-18,0.12470750872992098,0.07697284289339704,0.7983196483766821,10,20,20
13,7943,5.152727828756063e-13,0.09998590030785091,0.10012209124419855,0.7998920084474352,10,20,20
13,7944,3.99170950176417e-08,0.09998608826947457,0.10207576333155559,0.7979381084818751,10,20,20
13,7945,5.4438956787702954e-18,0.09606282706976747,0.004749477133094591,0.899187695797138,10,20,20
13,7946,2.7181111771415926e-13,0.09998635879583054,0.00046762443227279474,0.8995460167716247,10,20,20
13,7947,1.791238129231531e-15,0.09998636002783637,0.0005922773002252498,0.8994213626719365,10,20,20
13,7948,2.448216583354901e-12,0.09998635880619954,0.004966025303546456,0.8950476158878056,10,20,20
13,7949,4.309634803400683e-13,0.09998635882287542,0.00017906790617425587,0.8998345732705193,10,20,20
13,7950,2.324040981730051e-15,0.0863414629169993,0.01529691706143132,0.8983616200215672,10,20,20
13,7951,2.0822439051923085e-12,0.09998791167260031,0.12321934900201818,0.7767927393232992,10,20,20
13,7952,2.1300778219787964e-12,0.09970425568589611,0.05145147421344916,0.8488442700985244,10,20,20
13,7953,4.311043931210893e-14,0.09159083505705654,0.0572076013894959,0.8512015635534045,10,20,20
13,7954,4.491833052708455e-17,0.09998670775747072,0.050427538084696424,0.8495857541578328,10,20,20
13,7955,4.9124624101970796e-14,0.09999727922919618,0.0521260412492742,0.8478766795214806,10,20,20
13,7956,6.639156954834524e-14,0.09969386021523724,0.004139347133005473,0.896166792651691,10,20,20
13,7957,1.6350598666928235e-15,0.09997777926306765,0.0016495079716126668,0.898372712765318,10,20,20
13,7958,5.261993753820067e-16,0.09997776730050988,0.0030554828538878415,0.8969667498456018,10,20,20
13,7959,9.677680436790788e-15,0.09997776728055133,5.4379235097689345e-05,0.8999678534843412,10,20,20
13,7960,1.0395591100513004e-12,0.09999780790934042,0.0004998840232954224,0.8995023080663245,10,20,20
13,7961,6.716341744049258e-15,0.09998551490837035,8.762036079423323e-05,0.8999268647308284,10,20,20
13,7962,7.213950308655355e-15,0.09999404818208116,0.00130120224493838,0.8987047495729732,10,20,20
13,7963,2.1977139587326018e-14,0.09850320654759895,0.04558978680821181,0.8559070066441672,10,20,20
13,7964,1.8850449672094548e-16,0.09999970815742557,0.04255025755342168,0.8574500342891526,10,20,20
13,7965,2.0082563220826932e-13,0.09793255706119196,0.04507593151719296,0.8569915114214142,10,20,20
13,7966,3.329844710503885e-14,0.09999994310748309,0.04204077888266826,0.8579592780098153,10,20,20
13,7967,3.1265754618150664e-16,0.09999331896296851,0.0014518225264484861,0.8985548585105828,10,20,20
13,7968,3.4208389653262088e-16,0.09999952100076413,0.004944989399019998,0.8950554896002154,10,20,20
13,7969,1.0285308401225417e-16,0.02853972677318628,0.07620254767918143,0.8952577255476323,10,20,20
13,7970,8.607449227565358e-12,0.00010303317907768856,0.10483789399376327,0.8950590728185516,10,20,20
13,7971,1.9111376260541336e-12,0.027672090770548864,0.07298573714108564,0.8993421720864545,10,20,20
13,7972,3.3588692948365163e-09,3.8373103798521526e-06,0.10016155175491515,0.8998346075758352,10,20,20
13,7973,3.3588785519226637e-09,3.879733899260023e-06,0.10244613409945313,0.8975499828077688,10,20,20
13,7974,1.9727516347325123e-09,0.0001409994717275046,0.10152438715075343,0.8983346114047672,10,20,20
13,7975,1.9727529923515708e-09,0.0001410013769380964,0.11095621607006079,0.8889027805802477,10,20,20
13,7976,2.048782885122088e-06,0.0006104142652476482,0.09947874057548137,0.8999087963763858,10,20,20
13,7977,3.5068324236955774e-14,6.159377565772039e-06,0.10501435503488712,0.894979485587512,10,20,20
13,7978,1.1609827263563264e-08,5.918898540051714e-07,0.1050249223861354,0.8949744741141835,10,20,20
13,7979,1.1251349360723982e-06,3.428571080154653e-08,0.03239667913129768,0.9676021614480552,10,20,20
13,7980,4.19520077334806e-12,2.1539631567591658e-06,0.21351164356248648,0.7864862024701609,10,20,20
13,7981,4.3490299461403744e-17,2.505421271523888e-09,0.07422843289544942,0.9257715645991293,10,20,20
13,7982,2.287685694199788e-15,2.480737116736624e-09,0.0011216494341157734,0.9988783480851448,10,20,20
13,7983,3.6315549260108046e-17,2.588969186638684e-09,0.00880160415521193,0.9911983932558186,10,20,20
13,7984,4.4599834614585657e-13,4.8653404886431965e-12,0.0034297470808189235,0.9965702529138698,10,20,20
13,7985,1.0267578041341645e-11,3.9329152715245546e-11,0.004474000100777342,0.995525999849626,10,20,20
13,7986,1.0385885761519614e-11,7.860579416038063e-11,0.0005687384759097353,0.9994312614350985,10,20,20
13,7987,1.3762868636175999e-13,4.728608599765006e-12,0.004139748359100998,0.9958602516360328,10,20,20
13,7988,2.084985124130686e-14,4.0563056226111255e-11,0.005670556885000992,0.994329443074415,10,20,20
13,7989,1.1556932817949832e-17,2.1977985169524177e-12,0.004518510081830027,0.9954814899159722,10,20,20
13,7990,3.1547196095705896e-17,4.583041802069212e-12,0.009005168309117292,0.9909948316862996,10,20,20
13,7991,1.2590986965462226e-16,1.0445579785268497e-12,0.012119029910525353,0.9878809700884297,10,20,20
13,7992,8.609810726967731e-14,2.9157951299180094e-12,0.003592953070089818,0.9964070469269082,10,20,20
13,7993,3.0084567859132145e-16,4.062520118290416e-12,0.016769868479349626,0.9832301315165874,10,20,20
13,7994,2.1878920482409706e-16,2.854096190904182e-12,0.00019605638579717606,0.9998039436113485,10,20,20
13,7995,1.084712581223301e-15,2.8714343687659288e-12,0.0013228151918787195,0.9986771848052486,10,20,20
13,7996,1.1524570920404415e-15,4.171306113270578e-12,0.0023632863610748437,0.9976367136347525,10,20,20
13,7997,2.4484163942435757e-13,6.107824933825591e-12,0.05008955643074264,0.9499104435629049,10,20,20
13,7998,2.871060371660417e-10,5.2613660224622494e-12,0.051850145408093615,0.9481498542995391,10,20,20
13,7999,4.346276457113087e-16,2.069942829970705e-12,3.2397809298835366e-05,0.9999676021886309,10,20,20
13,8000,3.79787693103398e-15,1.535228824302738e-08,0.03727188897385912,0.962728095673849,10,20,20
13,8001,8.496045104593245e-10,8.439964105801115e-10,0.03687785257603891,0.9631221457303601,10,20,20
13,8002,3.0263066829573457e-16,8.555760349564498e-13,0.0001200500081119485,0.9998799499910319,10,20,20
13,8003,1.9236957639143717e-16,1.8499302378861287e-12,0.003545887400117901,0.996454112598032,10,20,20
13,8004,1.1732166897133926e-15,2.460581258113342e-12,0.0028225799622546475,0.9971774200352834,10,20,20
13,8005,1.1731910740376526e-15,2.3960847964871606e-12,6.259529848365697e-05,0.9999374046991191,10,20,20
13,8006,1.106418673746536e-11,2.0332453138267853e-12,0.012776234273067085,0.9872237657138354,10,20,20
13,8007,2.802873987521334e-17,8.323312145986424e-12,0.0007366902038133001,0.9992633097878635,10,20,20
13,8008,2.2877924288482484e-06,3.368656264067925e-07,0.15378392278567937,0.8462134525562652,10,20,20
13,8009,2.7009887655837307e-13,2.268296065575325e-12,0.1000651927308501,0.8999348072666115,10,20,20
13,8010,3.1130610181174025e-13,1.9468835034855683e-11,0.10017610081645693,0.8998238991637628,10,20,20
13,8011,2.6396649626824634e-15,7.874423591566914e-11,0.10532219679709873,0.8946778031241547,10,20,20
13,8012,1.4440988076466116e-07,1.5983908838781162e-09,0.13750141578734337,0.862498438204385,10,20,20
13,8013,0.00017325763337592328,7.994463608373207e-08,0.14225095577374075,0.8575757066482472,10,20,20
13,8014,0.00017325763334631914,8.102885439725173e-08,0.22999474537288625,0.7698319159649128,10,20,20
13,8015,0.00017311322401305877,7.933619861005237e-08,0.16777197373732206,0.8320548337024665,10,20,20
13,8016,3.4797697108034254e-05,9.636604416744414e-06,0.13451246061037964,0.8654431050880953,10,20,20
13,8017,3.479769704304332e-05,6.442413564636891e-06,0.10001808444181001,0.899940675447582,10,20,20
13,8018,3.479769704324971e-05,6.442515455525074e-06,0.10157260452978016,0.8983861552577208,10,20,20
13,8019,4.3427984312499475e-15,0.0001371894802216928,0.10136017397317099,0.8985026365466029,10,20,20
13,8020,4.204948021118355e-15,0.00013718939050387445,0.1000017641449572,0.8998610464645349,10,20,20
13,8021,4.24042316005239e-15,0.0001371893896982049,0.09996249343864606,0.8999003171716513,10,20,20
13,8022,1.1575108137369833e-11,1.3045320935581673e-07,0.10010660463922853,0.8998932648959869,10,20,20
13,8023,2.0634846560892842e-07,4.371478528375868e-05,0.10193088951641664,0.8980251893498338,10,20,20
13,8024,2.0634846690632127e-07,4.3714781268467735e-05,0.12778256401782934,0.8721735148524349,10,20,20
13,8025,7.621686132463217e-10,2.0123393181408466e-09,0.12820779611275476,0.8717922011127367,10,20,20
13,8026,7.621720668954928e-10,2.013822018382637e-09,0.1938139490146572,0.8061860482093482,10,20,20
13,8027,7.71846437310912e-10,2.8935283542743627e-09,0.17107989852735106,0.8289200978072742,10,20,20
13,8028,4.766282532427411e-11,0.00043937194355372954,0.17071042892307636,0.8288501990857069,10,20,20
13,8029,9.78055698990392e-12,4.260497528237239e-07,0.17115719925076148,0.8288423746897051,10,20,20
13,8030,6.652005737049882e-14,0.001314824756097032,0.10233453264675665,0.8963506425970801,10,20,20
13,8031,1.418350052994036e-11,5.4829804273390894e-08,0.10194527447322754,0.8980546706827841,10,20,20
13,8032,7.94888268926042e-06,0.05582529683800678,0.04594962428323698,0.8982171299960668,10,20,20
13,8033,1.3670867898756715e-11,0.09997663774077845,0.0021892772312372016,0.8978340850143136,10,20,20
13,8034,3.2130725161762705e-12,0.09925101159957203,0.0008230877567422981,0.8999259006404726,10,20,20
13,8035,3.2132196444883955e-12,0.09999142670135508,0.0007595402422929318,0.8992490330531389,10,20,20
13,8036,3.2132182386710653e-12,0.09999142670199963,0.0013053707700135778,0.8987032025247738,10,20,20
13,8037,2.3743533497538373e-11,0.09472040550087223,0.0065842171345520725,0.8986953773408322,10,20,20
13,8038,2.3743430530788922e-11,0.09472040548970212,0.0058277686889655865,0.8994518257975889,10,20,20
13,8039,1.4700413404867898e-13,0.09916521041692059,0.0036183807834726327,0.8972164087994597,10,20,20
13,8040,7.005174451933572e-18,0.0991652104475068,0.0023393334359566908,0.8984954561165364,10,20,20
13,8041,2.6031075988105725e-14,0.02975635431775544,0.0716303766792349,0.8986132690029836,10,20,20
13,8042,1.3887833754284078e-14,0.029756354317158402,0.07029324211648776,0.8999504035663399,10,20,20
13,8043,1.3588986258752886e-14,0.029756354315993654,0.07717853221339692,0.8930651134705958,10,20,20
13,8044,1.7472725982321648e-14,0.029756354456139257,0.07500198135875583,0.8952416641850874,10,20,20
13,8045,3.8158419886078335e-12,0.02975809228059396,0.10257716047916818,0.8676647472364218,10,20,20
13,8046,1.1554425548239792e-12,8.307380397457982e-06,0.12971083353520838,0.8702808590832385,10,20,20
13,8047,4.289858684262344e-09,0.0005230003147275637,0.099729405308327,0.8997475900870862,10,20,20
13,8048,3.2396661312759896e-12,1.9800311389147328e-09,0.10025906431068483,0.8997409337060441,10,20,20
13,8049,4.310408951893187e-09,8.532445270154943e-10,0.10154922066406136,0.8984507741722851,10,20,20
13,8050,1.274778204977749e-08,1.5771690799014326e-07,0.10013831826362485,0.8998615112716848,10,20,20
13,8051,1.1439447728340063e-08,1.52675677892227e-07,0.10015729698173018,0.8998425389031439,10,20,20
13,8052,3.3327239561227523e-11,0.00499017688863389,0.09514510939268336,0.8998647136853556,10,20,20
13,8053,3.3335110791225636e-11,0.004990176963227725,0.13988030677507707,0.8551295162283603,10,20,20
13,8054,2.037303719276861e-09,9.459793396766242e-08,0.1450648921159005,0.8549350112488618,10,20,20
13,8055,1.9480545364049074e-13,3.0957428462772738e-06,0.10018642960588513,0.8998104746510738,10,20,20
13,8056,2.0717248232286306e-12,7.350730606821054e-07,0.09987321903752253,0.900126045887345,10,20,20
13,8057,6.299373488971007e-17,2.848230083627145e-07,0.1548109568149031,0.8451887583620883,10,20,20
13,8058,6.524779753652136e-11,0.0002962870656873651,0.14759981932440852,0.852103893544656,10,20,20
13,8059,1.4779247670843569e-12,4.471795524570065e-05,0.16151739409491914,0.8384378879483574,10,20,20
13,8060,9.305725902114395e-10,7.53548213807404e-08,0.10465095921715198,0.895348964497454,10,20,20
13,8061,4.880881847562246e-18,1.1453383564603216e-05,0.17009706506135874,0.8298914815550764,10,20,20
13,8062,4.626853622048452e-06,6.744569461583837e-09,0.10007321936627381,0.8999221470355343,10,20,20
13,8063,4.626853538400753e-06,6.739843032351095e-09,0.1007599291801421,0.899235437226476,10,20,20
13,8064,2.91541527645155e-06,7.580901981288658e-10,0.10075572076840589,0.8992413630582273,10,20,20
13,8065,2.9154152767574186e-06,7.588984202749981e-10,0.1003176486137323,0.899679435212092,10,20,20
13,8066,0.004578538607840003,2.65761668191044e-12,0.09550184475956294,0.8999196166299394,10,20,20
13,8067,6.68405136777919e-06,4.415045521821629e-12,0.10047806718342085,0.8995152487607964,10,20,20
13,8068,6.6840513638406674e-06,1.7812691884648867e-12,0.10011879555892926,0.8998745203879256,10,20,20
13,8069,0.032678460247606476,4.2581270726558743e-11,0.09217541519252036,0.8751461245172918,10,20,20
13,8070,0.0003508205924231848,1.7745086541227998e-06,0.1310046843661163,0.8686427205328066,10,20,20
13,8071,0.08171278433623891,4.5219885413954316e-08,0.02056033056189723,0.8977268398819783,10,20,20
13,8072,2.437404607317506e-13,7.502229816679326e-05,0.09820598871770012,0.901718988983889,10,20,20
13,8073,4.3760120708303203e-13,6.981186535950066e-06,0.04654562714684129,0.9534473916661851,10,20,20
13,8074,6.673555301265178e-13,6.981334234220221e-06,0.05098823852180055,0.9490047801432979,10,20,20
13,8075,6.673565591055779e-13,6.981347805073358e-06,0.05447962360329696,0.9455133950482306,10,20,20
13,8076,2.6850737277151562e-14,7.167248368496569e-11,0.00399377120871716,0.9960062287195834,10,20,20
13,8077,2.6796373636629096e-14,2.3890427802022755e-12,0.002782819904071385,0.9972171800935126,10,20,20
13,8078,2.784954140757499e-14,2.2518667587995065e-12,0.0019537460124240827,0.9980462539852961,10,20,20
13,8079,1.0807628100470024e-15,2.0990768614003322e-11,0.00019944898757861184,0.9998005509914295,10,20,20
13,8080,1.3959214767203393e-15,2.5102929350009647e-11,0.0007464838852926415,0.9992535160896032,10,20,20
13,8081,6.014929017223299e-15,4.5180567334293254e-12,0.0006505454909124541,0.9993494545045636,10,20,20
13,8082,2.705155348071776e-16,5.427682909160467e-14,0.0011768640982285793,0.9988231359017169,10,20,20
13,8083,4.409782797945849e-10,3.9401552917669175e-11,0.0010742152907950307,0.9989257842288252,10,20,20
13,8084,1.4422109074427224e-10,2.1620115852833544e-12,0.00010175978771285734,0.999898240065904,10,20,20
13,8085,2.1149071421387528e-14,4.930877810639029e-10,0.058287148088398986,0.941712851418492,10,20,20
13,8086,4.525107087992463e-12,4.933551532248719e-10,0.05906208142938034,0.9409379180727393,10,20,20
13,8087,3.595042855225065e-13,5.016732066750274e-10,0.05979280534905331,0.9402071941489138,10,20,20
13,8088,3.6565747640161235e-13,9.383229423425006e-10,0.003189163746411714,0.9968108353148997,10,20,20
13,8089,1.4304751322884788e-11,1.301501957530685e-11,0.03010316196686678,0.9698968380058132,10,20,20
13,8090,3.333027463513985e-17,3.3562373823860915e-12,0.000155390030573648,0.9998446099660698,10,20,20
13,8091,1.1471945978431462e-18,4.526755221891391e-13,0.0001841864274725501,0.9998158135720745,10,20,20
13,8092,3.031829102158379e-15,3.10764042692051e-09,0.0006990604514967336,0.9993009364408596,10,20,20
13,8093,7.715530385311015e-14,3.2445212783225247e-09,0.0070017842467547135,0.9929982125086465,10,20,20
13,8094,7.767539889726004e-14,2.3906726605354377e-13,0.0020858191107556504,0.9979141808889278,10,20,20
13,8095,6.186683622045295e-08,1.8554650140304199e-09,0.016950919064113956,0.9830490172135848,10,20,20
13,8096,2.4928562986362145e-12,4.3533803290861004e-11,0.004316081020040956,0.9956839189339324,10,20,20
13,8097,2.4049895479929258e-15,2.8690994512612028e-11,0.0050085327700786,0.994991467201228,10,20,20
13,8098,1.9330558874454735e-14,1.2415159680128983e-11,0.004193319493443527,0.995806680494122,10,20,20
13,8099,4.0295262796835647e-16,8.470145772547799e-09,0.04580454487127307,0.9541954466585809,10,20,20
13,8100,2.628329847305652e-16,9.478379520762754e-09,0.004346873554018213,0.9956531169676021,10,20,20
13,8101,2.8741740340945685e-11,0.009245411294819405,0.09331598473216202,0.8974386039442767,10,20,20
13,8102,2.8438137562847777e-12,2.23716692003038e-06,0.1000801150540849,0.8999176477761515,10,20,20
13,8103,2.844140372101967e-12,2.2370998081569928e-06,0.10196363550437934,0.8980341273929685,10,20,20
13,8104,4.1824099092146116e-13,4.065519825384338e-06,0.10383749827829489,0.8961584362014616,10,20,20
13,8105,4.093413932091655e-13,3.2945340379201444e-07,0.10160537741297915,0.8983942931332072,10,20,20
13,8106,1.2349332704947654e-08,5.387591856380899e-11,0.10513092871806784,0.8948690588787237,10,20,20
13,8107,1.2349239292457438e-08,2.849272682498802e-10,0.104153538799274,0.8958464485665594,10,20,20
13,8108,1.3327141057856126e-07,1.546874819163319e-10,0.10020904107238722,0.8997908255015148,10,20,20
13,8109,1.5260027788348058e-09,2.7376303967636655e-08,0.10097465276054292,0.8990253183371502,10,20,20
13,8110,2.7686027745134226e-05,9.935522407548494e-08,0.20714600962693255,0.7928262049900981,10,20,20
13,8111,0.0017470946635324061,1.523230976788442e-10,0.26319488914113287,0.7350580160430115,10,20,20
13,8112,6.310950644593279e-07,0.00013810419413906534,0.2708743817320186,0.7289868829787775,10,20,20
13,8113,2.6569484524739966e-06,0.031923298840289396,0.16813835276987932,0.7999356914413784,10,20,20
13,8114,8.635846514571413e-05,4.7550688126989056e-05,0.14607125853645891,0.8537948323102682,10,20,20
13,8115,5.944247498848632e-08,0.0005352689820678906,0.14574016276499147,0.8537245088104652,10,20,20
13,8116,3.438341573148502e-10,0.0005352652995155012,0.10149842177755515,0.8979663125790953,10,20,20
13,8117,3.438595369640688e-10,0.0005352652169977743,0.0997087275926414,0.8997560068465014,10,20,20
13,8118,2.4521141424144823e-08,4.654961611712303e-12,0.1006356378035955,0.8993643376706082,10,20,20
13,8119,0.0009916674055574285,1.3607054575043153e-08,0.1008969758584389,0.8981113431289488,10,20,20
13,8120,0.000991667405303713,1.3837313167535873e-08,0.16700789208484637,0.8320004266725365,10,20,20
13,8121,0.0009916674053363295,3.3097228148880554e-08,0.10624691067916214,0.8927613888182734,10,20,20
13,8122,0.000991667404612334,1.3513236129086022e-08,0.10326881210058422,0.8957395069815675,10,20,20
13,8123,8.477000348562728e-10,9.397053399272733e-09,0.10238829882487725,0.8976116909303691,10,20,20
13,8124,0.0006000219293293429,5.9196459653080475e-08,0.10448249636609,0.8949174225081208,10,20,20
13,8125,0.0006000219293278125,5.919826874952378e-08,0.10616465141025333,0.8932352674621502,10,20,20
13,8126,5.922412255651774e-06,6.961796681402377e-08,0.09551270736585493,0.9044813006039221,10,20,20
13,8127,5.922412255649559e-06,6.969146149963256e-08,0.09819273824575994,0.9018012696505228,10,20,20
13,8128,5.922704990741917e-06,7.327658734346245e-08,0.09904700848560274,0.9009469955328189,10,20,20
13,8129,6.792125315609947e-09,5.044222647326479e-05,0.10468688643593742,0.895262664545464,10,20,20
13,8130,5.8861194570203364e-05,7.151475390840095e-11,0.10130815957643775,0.8986329791574773,10,20,20
13,8131,2.9255534449391613e-05,3.0628231003468963e-10,0.10122436719796332,0.8987463769613049,10,20,20
13,8132,2.9255534442523243e-05,2.2695583635438802e-10,0.10256872294982937,0.8974020212887723,10,20,20
13,8133,0.002761810737321442,1.7874615059641864e-05,0.05928627273166089,0.9379340419159579,10,20,20
13,8134,1.0088632910999547e-15,9.045437566170798e-13,6.638375491328777e-05,0.9999336162441809,10,20,20
13,8135,8.48901302646828e-15,5.397999593205965e-12,0.0019230741840393644,0.998076925810554,10,20,20
13,8136,7.860042303635302e-15,3.855200570787172e-13,0.0005011775945521712,0.9994988224050545,10,20,20
13,8137,5.768809088985914e-17,1.620138558153482e-07,0.07794106821624361,0.9220587697699003,10,20,20
13,8138,6.5877524555255525e-16,6.345876807889312e-11,0.004213613300652992,0.9957863866358876,10,20,20
13,8139,7.084069737081771e-16,6.346307244383284e-11,0.0030280112767812886,0.9969719886597549,10,20,20
13,8140,5.4156575890721047e-14,3.400749698733959e-10,0.003917333697689427,0.9960826659621814,10,20,20
13,8141,5.3347150161245957e-17,3.537882665464077e-11,0.0014981171130092237,0.9985018828516118,10,20,20
13,8142,3.5895952741648824e-17,1.6901681979827026e-11,0.000922349578068926,0.9990776504050295,10,20,20
13,8143,3.0167996752551515e-17,8.772106579618939e-13,0.0005365308965885578,0.9994634691025344,10,20,20
13,8144,3.472383480274757e-16,7.888397073370623e-08,0.04211243258780211,0.9578874885282268,10,20,20
13,8145,4.189365218443939e-16,6.033777052945942e-12,0.0015182312886741864,0.9984817687052916,10,20,20
13,8146,9.59078742179227e-15,9.889371616434795e-13,0.0014759542401594692,0.998524045758842,10,20,20
13,8147,2.8613337661984357e-14,3.587743711188572e-10,0.003390816651013002,0.996609182990184,10,20,20
13,8148,2.8687977001963e-14,1.9272054214863827e-11,0.004298874632880526,0.9957011253478187,10,20,20
13,8149,5.859004398139269e-18,1.6779259520634902e-10,0.004330592983642973,0.9956694068485646,10,20,20
13,8150,6.805686878411145e-17,2.3268384201690734e-10,0.0002639130147527052,0.9997360867525634,10,20,20
13,8151,9.58603099418104e-18,6.67978412924992e-11,0.005030637000852428,0.9949693629323495,10,20,20
13,8152,7.213024794103472e-16,1.5772933927752845e-10,0.006069256223000227,0.9939307436192696,10,20,20
13,8153,8.744877735953806e-16,8.226326731146638e-11,0.06857289528988808,0.9314271046278477,10,20,20
13,8154,2.6086094336517708e-14,3.6758793988408194e-09,0.0026663964817680496,0.9973335998423263,10,20,20
13,8155,1.2425671212861154e-13,1.1106530250725473e-10,0.004973627214493207,0.9950263726743171,10,20,20
13,8156,1.0141214279453231e-13,6.874512687754644e-11,0.0038148308662944294,0.996185169064859,10,20,20
13,8157,1.0386438430672512e-13,1.8856168545605244e-09,0.05675885355526629,0.943241144559013,10,20,20
13,8158,1.6951257560710523e-13,2.6945555409196274e-09,0.0013912464166185748,0.9986087508886564,10,20,20
13,8159,1.3099739594445897e-14,3.2835568081714123e-12,0.005103907849682515,0.9948960921470208,10,20,20
13,8160,9.356159728840565e-17,7.121788808083131e-13,0.012055399724193845,0.9879446002750937,10,20,20
13,8161,9.354557734080075e-17,3.96393753036714e-11,0.00250074155386374,0.9974992584064966,10,20,20
13,8162,6.854951498282251e-15,4.148790096768938e-11,0.0024253588933960844,0.9975746410651091,10,20,20
13,8163,2.696613272523936e-12,5.213881243742501e-11,0.0033295883586217817,0.9966704115865426,10,20,20
13,8164,1.9373199595555957e-16,5.229564210150156e-11,0.0031859860606349376,0.9968140138870691,10,20,20
13,8165,5.975157663529378e-16,1.1828957629068958e-12,0.04967787207155899,0.9503221279272573,10,20,20
13,8166,3.742844660229472e-09,2.6201459686226625e-10,0.10006856696594571,0.8999314290291947,10,20,20
13,8167,0.007427308991648948,1.0660200538479357e-09,0.09382823053140535,0.8987444594109253,10,20,20
13,8168,1.628186456809983e-05,6.097960441528277e-06,0.10004257289329485,0.8999350472816955,10,20,20
13,8169,2.6289632048648383e-10,1.1848187507436265e-05,0.100057840368495,0.8999303111811013,10,20,20
13,8170,2.6321700274228077e-10,1.1848258242650531e-05,0.13064271773877476,0.8693454337397656,10,20,20
13,8171,1.0924575677969269e-15,9.143967067806041e-09,0.1699227564639698,0.830077234392062,10,20,20
13,8172,1.1243209411706707e-15,9.197436293593296e-09,0.1460533565339239,0.8539466342686388,10,20,20
13,8173,1.3390515447670449e-14,1.6895058350119062e-07,0.15009740472799443,0.8499024263214088,10,20,20
13,8174,2.210577483848272e-15,9.14501540377445e-09,0.10125515670414467,0.8987448341508377,10,20,20
13,8175,3.5572750705471127e-09,0.016492234538494188,0.08354389346171842,0.8999638684425125,10,20,20
13,8176,3.557282451619852e-09,0.0164922346745752,0.08761688926164343,0.8958908725064989,10,20,20
13,8177,5.39120662302115e-13,0.004772670990875934,0.09729387509879957,0.8979334539097852,10,20,20
13,8178,1.5878297703499775e-12,0.0012187666280501631,0.11472223648720974,0.8840589968831519,10,20,20
13,8179,3.560034326438444e-14,0.0005053213336602456,0.11564784991692745,0.8838468287493768,10,20,20
13,8180,3.390822132392404e-14,0.0005053213111821486,0.11546520054665368,0.8840294781421303,10,20,20
13,8181,3.096013098172462e-15,0.0005053213112602889,0.09954337205652622,0.8999513066322103,10,20,20
13,8182,2.2449463393329452e-13,0.0005053283355404131,0.10318395618261347,0.8963107154816218,10,20,20
13,8183,2.569141283838939e-13,0.0003797691084909399,0.12794297953333994,0.8716772513579121,10,20,20
13,8184,5.530428090691634e-13,3.629222722237569e-05,0.18459001413535484,0.8153736936368695,10,20,20
13,8185,5.530648697279858e-13,3.6292250137542004e-05,0.18814531763357886,0.8118183901157305,10,20,20
13,8186,5.531846077418722e-13,3.6292258685180384e-05,0.21998167002955826,0.7799820377112033,10,20,20
13,8187,1.1227426193548449e-11,3.626325404008853e-05,0.1930347487427133,0.806928987992019,10,20,20
13,8188,1.054281295667316e-14,0.00017952896134975862,0.10001593017258723,0.899804540866052,10,20,20
13,8189,7.717059692996703e-15,8.907956060664957e-06,0.10008204773760954,0.899909044306322,10,20,20
13,8190,4.232145434365679e-09,6.375194818058809e-05,0.10294824895481725,0.8969879948648567,10,20,20
13,8191,4.232209220213164e-09,6.375184965841628e-05,0.10042429504293868,0.8995119488751936,10,20,20
13,8192,4.232145432379794e-09,6.375228056126868e-05,0.10076952164428847,0.8991667218430048,10,20,20
13,8193,4.232143454275663e-09,6.37522804858954e-05,0.10081937043655173,0.8991168730508188,10,20,20
13,8194,4.717089914267782e-13,6.831480965074182e-11,0.1001132144033207,0.8998867855278929,10,20,20
13,8195,4.4133108878958257e-13,7.148756874342853e-11,0.10013855086659233,0.8998614490614788,10,20,20
13,8196,4.27359766577608e-12,6.724400605443003e-11,0.1185812485291042,0.8814187513993781,10,20,20
13,8197,4.828910708485835e-13,6.538039326645077e-11,0.10279238726087955,0.8972076126732571,10,20,20
13,8198,1.1575408634348732e-05,2.1065742250901028e-08,0.10807478195461866,0.8919136215710044,10,20,20
13,8199,1.9644923997696475e-13,1.8261332049429826e-05,0.13542253493597917,0.8645592037317746,10,20,20
13,8200,2.5166060366710663e-13,1.8265253304503412e-05,0.13310325160690462,0.8668784831395392,10,20,20
13,8201,7.993835619847024e-14,7.769237046821032e-08,0.13085632728767038,0.8691435950198791,10,20,20
13,8202,2.3990590551122926e-13,7.76911953690427e-08,0.13160534272974206,0.8683945795788228,10,20,20
13,8203,4.782459176562587e-05,0.0001996407534691476,0.1005973053571658,0.8991552292975996,10,20,20
13,8204,4.782459160239957e-05,0.0001996408292753282,0.10441202313059599,0.8953405114485262,10,20,20
13,8205,2.045021460724441e-05,4.257657882002023e-10,0.1091460783571176,0.8908334710025091,10,20,20
13,8206,0.0009473594764121898,2.473588993482097e-07,0.10014385009170704,0.8989085430729811,10,20,20
13,8207,0.0009473594764153673,2.4740665747454715e-07,0.09919573002861716,0.89985666308831,10,20,20
13,8208,0.0009484303968240966,2.4937606541140506e-07,0.10288196293526435,0.896169357291846,10,20,20
13,8209,0.0062263707174711694,3.6063257864098067e-06,0.1600535632037348,0.8337164597530073,10,20,20
13,8210,1.2909443027920575e-15,7.882972168636436e-09,0.16382014671682532,0.8361798454002007,10,20,20
13,8211,7.989350274355946e-13,1.4816518506416109e-05,0.17944861252891692,0.8205365709517773,10,20,20
13,8212,4.7979460783117816e-08,6.952906544891349e-05,0.1798171027998598,0.8201133201552306,10,20,20
13,8213,3.438666884893576e-06,0.070364250584625,0.030546092863145878,0.8990862178853443,10,20,20
13,8214,3.4386668849022586e-06,0.07037212693744241,0.0754764213469302,0.8541480130487425,10,20,20
13,8215,3.438734417211924e-06,0.0703642510963184,0.030549378611232886,0.8990829315580315,10,20,20
13,8216,1.696264359379515e-16,0.09983110807528696,0.00034088498056356124,0.8998280069441495,10,20,20
13,8217,6.963413854846415e-16,0.09997202683691833,0.0010114302063557834,0.8990165429567254,10,20,20
13,8218,8.984315370265828e-11,1.97786370511792e-06,0.1359622037091172,0.8640358183373339,10,20,20
13,8219,7.763483112518925e-14,0.09349580308556948,0.007558347378887356,0.8989458495354656,10,20,20
13,8220,2.594226843253667e-14,0.09349580316055242,0.026946221641549646,0.8795579751978719,10,20,20
13,8221,7.917659927480128e-16,0.09957995908010273,0.0975495464395961,0.8028704944803003,10,20,20
13,8222,1.7000128182960306e-09,0.09994913569644646,0.050689283164929176,0.8493615794386116,10,20,20
13,8223,3.6082629552606454e-15,0.0999849536193732,0.0002888675607535698,0.8997261788198696,10,20,20
13,8224,7.527147990132693e-13,0.0994245600060645,0.000695976692033463,0.8998794633011492,10,20,20
13,8225,7.515619472522151e-13,0.09942456003854724,0.00238902895183956,0.8981864110088615,10,20,20
13,8226,7.510025695999909e-13,0.09942455998383616,0.02032206494999013,0.8802533750654227,10,20,20
13,8227,9.637521945489833e-16,0.09995276549909014,0.02364669184769754,0.8764005426532112,10,20,20
13,8228,8.629903306030972e-16,0.09995276499982761,0.021471416007477786,0.8785758189926938,10,20,20
13,8229,2.024730921363517e-15,0.09957400627368578,0.0004992793634327339,0.8999267143628794,10,20,20
13,8230,5.032778143059294e-12,0.09957400627637421,0.0007829158933973445,0.8996430778251954,10,20,20
13,8231,5.033322359155025e-12,0.09957400628479902,0.0007086306213000326,0.8997173630888675,10,20,20
13,8232,5.033779846602999e-12,1.6844422868781153e-05,0.1017574869967351,0.8982256685753619,10,20,20
13,8233,2.0235643116227974e-18,0.09761618704017805,0.006340701623056945,0.896043111336765,10,20,20
13,8234,4.606275943695706e-16,0.09761618703869122,0.002476365307157748,0.8999074476541506,10,20,20
13,8235,2.478851960665361e-14,0.002213982059622292,0.13036382100302019,0.8674221969373328,10,20,20
13,8236,1.3880597593466626e-12,0.002213535309391331,0.12818214189971974,0.8696043227895007,10,20,20
13,8237,6.831267330043468e-17,8.505250333343772e-07,0.10420628434977477,0.8957928651251915,10,20,20
13,8238,2.1563426052185434e-14,1.3578229612141884e-05,0.109860858876628,0.8901255628937381,10,20,20
13,8239,1.3353881030293144e-08,0.000551099681593964,0.10403935348016749,0.8954095334843579,10,20,20
13,8240,2.706600633752e-12,2.13862661829512e-05,0.10062553105899316,0.8993530826721171,10,20,20
13,8241,2.7073309115104105e-12,2.138626071529753e-05,0.10039886703573633,0.8995797467008411,10,20,20
13,8242,2.706989400723222e-12,2.1386537449051594e-05,0.10492592757939054,0.8950526858804533,10,20,20
13,8243,2.852905635023346e-14,2.8867100683097332e-08,0.1000978339480281,0.8999021371848427,10,20,20
13,8244,2.93497774935319e-14,2.861830502671251e-08,0.1577201130577506,0.8422798583239148,10,20,20
13,8245,1.673773354469154e-07,8.142997780500745e-07,0.10028639201667486,0.899712626306212,10,20,20
13,8246,6.821534612210979e-14,0.10004038612393099,0.09691012995138096,0.8030494839246195,10,20,20
13,8247,9.110343933265018e-08,0.09999908021320032,0.08646990690620235,0.8135309217771576,10,20,20
13,8248,2.4268854597997568e-08,0.09882510070497198,0.12128018840490114,0.779894686621272,10,20,20
13,8249,2.4269577965242628e-08,0.09882510057308046,0.12180947888895961,0.7793653962683817,10,20,20
13,8250,6.9147794717900175e-06,0.09998712826617946,0.19714612330792983,0.7028598336464192,10,20,20
13,8251,3.9605084565553724e-08,0.0012180252066097187,0.2958240903617518,0.7029578448265538,10,20,20
13,8252,3.9605140517153333e-08,0.001218413182937169,0.3196264677829216,0.6791550794290004,10,20,20
13,8253,2.0064555258584134e-05,0.001795057901669445,0.3190917459113282,0.6790931316317431,10,20,20
13,8254,3.483017127788387e-06,0.0012191789088490624,0.30159062470499814,0.6971867133690245,10,20,20
13,8255,3.4830171269422983e-06,0.0012191788758615222,0.2998461478005904,0.6989311903064206,10,20,20
13,8256,3.4785415711137328e-06,1.1847283371469694e-06,0.16961871912236393,0.8303766176077279,10,20,20
13,8257,3.478517266478419e-06,1.1536676330900088e-06,0.10011177366396447,0.8998835941511361,10,20,20
13,8258,0.0019824518347154553,2.6276654572740604e-08,0.09183868556604621,0.906178836322584,10,20,20
13,8259,1.3185581245754044e-12,1.6510107886378052e-11,0.10002079868726903,0.899979201294902,10,20,20
13,8260,3.999485770915631e-14,1.7806912492532754e-07,0.12484800154751663,0.8751518203833184,10,20,20
13,8261,6.57582163042973e-08,1.9063807571557353e-06,0.10036361227440693,0.8996344155866194,10,20,20
13,8262,6.575822012050264e-08,1.9063391340119056e-06,0.10050787989531093,0.8994901480073347,10,20,20
13,8263,2.262576236071079e-16,0.0009270884130111575,0.10154953130506741,0.8975233802819211,10,20,20
13,8264,1.7637947561603973e-11,2.3485688623086037e-05,0.16454440799188208,0.8354321063018567,10,20,20
13,8265,1.7529624175963817e-11,2.3485688540892826e-05,0.10012364276025894,0.8998528715336706,10,20,20
13,8266,1.8558275603778853e-11,2.348611827858271e-05,0.10246858514165003,0.8975079287215127,10,20,20
13,8267,0.017512710789879447,3.492064033205951e-08,0.14861677465104087,0.833870479638439,10,20,20
13,8268,1.0124371743743e-08,1.9287813805060873e-09,0.16514211527622477,0.8348578726706222,10,20,20
13,8269,0.043447031945576024,3.180267977997483e-05,0.058256695262008315,0.8982644701126354,10,20,20
13,8270,0.0011262164028528674,3.24741701064557e-07,0.0991701417536349,0.899703317101811,10,20,20
13,8271,1.3043342512494254e-08,2.7441265857226344e-07,0.10780753729195507,0.892192175252044,10,20,20
13,8272,1.687075556990508e-07,3.381436475668457e-08,0.1029314066066489,0.8970683908714305,10,20,20
13,8273,3.084364477097969e-05,0.00020039799638816024,0.10269355772888569,0.8970752006299556,10,20,20
13,8274,9.888325732175488e-11,3.377582905474213e-11,0.10008963263006858,0.8999103672372722,10,20,20
13,8275,0.004422060999269727,1.0177616513793465e-05,0.09935528577881482,0.8962124756054018,10,20,20
13,8276,8.399760428411912e-06,2.2784680781201495e-11,0.10555500541000776,0.894436594806779,10,20,20
13,8277,5.0741839533527845e-14,6.472082141945756e-11,0.10098645957223477,0.8990135403629935,10,20,20
13,8278,5.360838397524867e-12,7.443312144276853e-10,0.192726757007543,0.8072732422427645,10,20,20
13,8279,3.583526158314916e-05,6.531234197560326e-10,0.19261690153769212,0.8073472625476013,10,20,20
13,8280,1.214045741736582e-06,5.0080226817812e-07,0.20011475624815497,0.799883528903835,10,20,20
13,8281,5.215384285134876e-06,2.5277113608983434e-09,0.15922428566912836,0.8407704964188747,10,20,20
13,8282,0.04145211985807579,7.72107444570994e-09,0.11950633305586986,0.8390415393649795,10,20,20
13,8283,5.421874297165664e-06,3.02423682172823e-08,0.1657040707547598,0.8342904771285745,10,20,20
13,8284,5.984895150315316e-08,3.260468367997621e-13,0.10013058080823393,0.8998693593424878,10,20,20
13,8285,3.2297091193764213e-08,0.00037669194659846337,0.0997725537620932,0.8998507219942169,10,20,20
13,8286,3.229509148728619e-08,0.00037669558450290487,0.10720609402108014,0.8924171780993252,10,20,20
13,8287,2.7582378315275812e-11,1.1580305036178436e-11,0.16872080623173735,0.8312791937290998,10,20,20
13,8288,8.293906265745505e-10,3.910721011813552e-09,0.1709474505727495,0.8290525446871388,10,20,20
13,8289,6.596943000150833e-08,2.457053798237957e-10,0.006545368917035044,0.9934545648678295,10,20,20
13,8290,1.7137259161482822e-13,7.015990269431936e-11,0.00406775743068208,0.9959322424989864,10,20,20
13,8291,1.398475267072631e-14,8.290277885666412e-11,0.0068371238701701404,0.9931628760469129,10,20,20
13,8292,2.7846371482445334e-12,7.740602585114817e-08,0.05964360710030066,0.9403563154908887,10,20,20
13,8293,2.774515256133333e-12,1.3275750791934096e-07,0.0441276283078219,0.9558722389318957,10,20,20
13,8294,1.2715607577325857e-15,1.4548633863917116e-13,0.0072177772732332,0.99278222272662,10,20,20
13,8295,1.7449924049657814e-11,5.6410259180730384e-09,0.02949490465946446,0.9705050896820596,10,20,20
13,8296,1.7449892055331773e-11,3.84488011057772e-09,0.022777037687657688,0.9772229584500126,10,20,20
13,8297,1.856440634345514e-15,3.843331835589886e-09,0.0015443504179601026,0.9984556457387065,10,20,20
13,8298,1.1125072968739244e-15,9.506507799777976e-14,0.09402650191802217,0.9059734980818817,10,20,20
13,8299,3.225312846430662e-14,2.709125793521956e-08,0.09498881736355178,0.9050111555451581,10,20,20
13,8300,1.9709518565371365e-11,3.0958841494407253e-08,0.037730590720179924,0.9622693783012691,10,20,20
13,8301,9.472308024226082e-14,4.3593417725598633e-10,0.0002785715867680558,0.9997214279772031,10,20,20
13,8302,9.415845122119173e-14,3.439907126300486e-09,0.04866026435540156,0.951339732204597,10,20,20
13,8303,9.409768339687994e-14,3.148641433484472e-10,0.0025801583528244345,0.9974198413322171,10,20,20
13,8304,1.7459494590291963e-16,1.089001403440674e-13,0.0024958320794555267,0.9975041679204354,10,20,20
13,8305,5.798777403934217e-15,1.2528667399058052e-11,0.002052924020855562,0.99794707596661,10,20,20
13,8306,6.68817217376303e-17,2.7827747167366394e-11,0.00444187643244451,0.9955581235397277,10,20,20
13,8307,6.037821365268073e-16,2.955664042300681e-11,0.00023570878653335963,0.9997642911839094,10,20,20
13,8308,7.513191948791947e-15,8.637574762690332e-10,0.0008208351140689804,0.999179164022166,10,20,20
13,8309,1.8283036423852368e-15,1.5758251809221852e-09,0.10310834554031349,0.8968916528838593,10,20,20
13,8310,4.069112553963079e-11,1.240377021023041e-09,0.1005645574093464,0.8994354413095854,10,20,20
13,8311,2.0025553137570366e-05,1.547541023552535e-09,0.14174386230187327,0.8582361105974478,10,20,20
13,8312,5.522138921278688e-14,3.206017695623943e-07,0.20106465599985138,0.7989350233983235,10,20,20
13,8313,5.5455086941815745e-17,2.7294341544685156e-05,0.23615884203459622,0.7638138636238591,10,20,20
13,8314,3.175244150179678e-10,2.411668251173061e-12,0.09839032841966326,0.9016096712604005,10,20,20
13,8315,2.029532670313938e-13,1.2838502122440692e-07,0.10004061879296236,0.8999592528218138,10,20,20
13,8316,1.8024556847462722e-09,3.121713842088631e-08,0.10120995906972852,0.8987900079106771,10,20,20
13,8317,2.360888095747123e-09,5.5191213494639004e-08,0.19213523868724325,0.8078647037606548,10,20,20
13,8318,7.341706666516098e-10,2.7886328082107733e-12,0.057882530140911916,0.9421174691221287,10,20,20
13,8319,2.0638146972412294e-16,3.2349888946252574e-12,5.807551877653266e-05,0.9999419244779881,10,20,20
13,8320,3.649361556337759e-11,2.4582182720940515e-10,0.09231480511650719,0.9076851946011774,10,20,20
13,8321,2.072056265189226e-10,0.09166800906777305,0.008522236253780105,0.8998097544712411,10,20,20
13,8322,1.106198499938961e-14,0.09999248253631127,0.00025498257763453163,0.8997525348860431,10,20,20
13,8323,8.859426055059984e-14,0.09999950453767431,0.045217433835970475,0.8547830616262667,10,20,20
13,8324,1.557709882713922e-16,0.09930762232165717,0.0017375294307207176,0.8989548482476218,10,20,20
13,8325,3.343025554148298e-17,0.09930762531673201,0.004684916140020469,0.8960074585432475,10,20,20
13,8326,1.5845708266817247e-14,0.0997946260078856,0.003661531722560241,0.8965438422695383,10,20,20
13,8327,4.165120368152213e-13,0.09995244422798666,0.023304787072119693,0.8767427686994772,10,20,20
13,8328,1.4853256810274138e-15,0.09995243707222222,0.009171009552564462,0.8908765533752119,10,20,20
13,8329,2.7038175301720832e-17,0.09999932779437196,0.005018475234426677,0.8949821969712012,10,20,20
13,8330,1.4648366066527835e-16,0.0005502621052467049,0.1043312755552835,0.8951184623394696,10,20,20
13,8331,1.6428900297636272e-16,0.0005502621065207429,0.09960677528266751,0.8998429626108116,10,20,20
13,8332,3.918770875816937e-13,6.21958683645795e-09,0.1005960747599286,0.8994039190200926,10,20,20
13,8333,3.131208828371328e-09,4.776855039592226e-11,0.1007828309417624,0.89921716587926,10,20,20
13,8334,3.131205552774188e-09,3.842519488024366e-11,0.10002637167518033,0.8999736251551889,10,20,20
13,8335,5.181167970056423e-08,8.229681459673577e-08,0.1234370030113664,0.8765628628801385,10,20,20
13,8336,6.039077486432768e-14,0.0999988997400945,0.0038926650514944663,0.8961084352083507,10,20,20
13,8337,2.556566751164698e-10,0.09999890200502416,0.10483464959865815,0.7951664481406608,10,20,20
13,8338,8.116387287689788e-18,0.09969070052116097,0.0005218358554239904,0.8997874636234151,10,20,20
13,8339,1.675820399916832e-15,0.09999829872184568,8.931034443360093e-05,0.899912390933719,10,20,20
13,8340,5.323718679991749e-16,0.09998336829546287,0.004091828130304112,0.8959248035742325,10,20,20
13,8341,3.11589690189454e-17,0.09998336829502105,6.33454900155649e-05,0.8999532862149632,10,20,20
13,8342,8.466850722119496e-16,0.09999369070503013,0.005278753564548295,0.8947275557304204,10,20,20
13,8343,2.0455486826016622e-11,1.7885980839229134e-05,0.10522651691147453,0.8947555970872306,10,20,20
13,8344,2.4318637223131393e-13,1.8987738965738572e-05,0.10408702945366981,0.8958939828071208,10,20,20
13,8345,2.383808543515215e-13,1.8987761313152497e-05,0.17505361804772562,0.8249273941907227,10,20,20
13,8346,3.2898581736129526e-12,2.1368670554102365e-07,0.10336570483094817,0.8966340814790559,10,20,20
13,8347,1.1218852030619983e-08,1.0090625507239846e-05,0.10685394299808729,0.8931359551575533,10,20,20
13,8348,1.079650933702316e-09,0.0010356487754661877,0.10234387373078366,0.896620476414099,10,20,20
13,8349,1.2655998117693317e-15,0.0008168473851635827,0.10242276370872976,0.8967603889061051,10,20,20
13,8350,2.0251884722501206e-11,0.0011185767225840406,0.10526019778386449,0.8936212254732995,10,20,20
13,8351,3.6317635862097085e-08,0.00023452622109011536,0.10155670266459926,0.8982087347966745,10,20,20
13,8352,1.1239613945086718e-15,2.156295767581147e-05,0.2047486290038031,0.7952298080385192,10,20,20
13,8353,2.2637267191400674e-09,1.2398412374291045e-06,0.19971545795987958,0.8002832999351565,10,20,20
13,8354,8.033019363002612e-16,0.09809892547002583,0.005200607181952784,0.8967004673480204,10,20,20
13,8355,2.1966038127086817e-14,0.09809892564556363,0.04872765933722888,0.8531734150171854,10,20,20
13,8356,3.8173667444822754e-14,0.09983499941708032,0.005610348511357396,0.894554652071524,10,20,20
13,8357,4.247714934285693e-17,0.09999788009985587,0.004823370396557575,0.8951787495035864,10,20,20
13,8358,4.877706300685355e-13,0.0999982203331837,0.005540328646137867,0.8944614510201905,10,20,20
13,8359,1.284838626889715e-16,0.09912382508405168,0.10081553216493253,0.8000606427510153,10,20,20
13,8360,5.6733252259571765e-12,0.0999909967631683,0.10076152012917639,0.7992474831019817,10,20,20
13,8361,5.261474551130608e-08,0.10011359878562893,0.09554301972453441,0.8043433288750912,10,20,20
13,8362,5.2614825313278536e-08,0.10011833447401382,0.15491901000928696,0.7449626029018741,10,20,20
13,8363,1.1992686093890512e-11,0.09999620936864195,0.0001270445169614407,0.899876746102404,10,20,20
13,8364,1.8025896736860555e-14,0.09999620938334582,0.0017587369309853753,0.8982450536856508,10,20,20
13,8365,9.455300874784992e-07,1.1584172304980208e-07,0.10061835573870877,0.8993805828894808,10,20,20
13,8366,2.0426898322660015e-14,0.09822190379113102,0.0056532093556590874,0.8961248868531895,10,20,20
13,8367,1.0369565620120191e-16,0.09822190117930069,0.0019474569185767422,0.8998306419021223,10,20,20
13,8368,1.285590941137407e-11,0.09999920945285679,0.0001650752936778553,0.8998357152406093,10,20,20
13,8369,4.057936680932716e-17,0.09999920947798649,0.04072083837757996,0.8592799521444336,10,20,20
13,8370,1.430688144994106e-15,0.0994339293796702,0.04222313338217839,0.85834293723815,10,20,20
13,8371,1.6227217358973212e-17,0.09998155652988053,0.044336787065868286,0.8556816564042513,10,20,20
13,8372,3.2990093218322336e-12,0.09726742534442587,0.006473208787032417,0.8962593658652427,10,20,20
13,8373,1.0394589613694851e-15,0.09987686870009244,0.003922683612960743,0.8962004476869456,10,20,20
13,8374,1.2293768998829323e-14,0.0999855477358631,0.005765811052139224,0.8942486412119853,10,20,20
13,8375,4.273625811205494e-17,0.09998554764181014,5.11470012041745e-05,0.8999633053569859,10,20,20
13,8376,2.1516116632242255e-17,0.09998554764174195,7.332753080368871e-05,0.8999411248274545,10,20,20
13,8377,2.465614493859591e-15,0.09999994254167438,0.0002688482608521604,0.899731209197471,10,20,20
13,8378,8.629095400832358e-17,0.09999993590281209,0.004936156106042875,0.8950639079911449,10,20,20
13,8379,3.4466966928223743e-15,0.09547261424761797,0.004956699360531115,0.8995706863918473,10,20,20
13,8380,3.417784861077617e-15,0.09547261424955228,0.1357699700072752,0.7687574157431691,10,20,20
13,8381,3.83095006486196e-12,0.09547261727087321,0.101833346987659,0.8026940357376369,10,20,20
13,8382,3.83089767133821e-12,0.09547261727041946,0.10184602649737629,0.8026813562283734,10,20,20
13,8383,2.0033680241828448e-10,0.09547261734438899,0.10604573193505037,0.7984816505202241,10,20,20
13,8384,4.049165142538528e-12,0.09998180942925224,0.099412261547882,0.8006059290188166,10,20,20
13,8385,7.364565425299301e-10,0.09937382499912885,0.10126683465266637,0.7993593396117481,10,20,20
13,8386,1.4307580956180924e-11,0.0993739502923405,0.1353175074159319,0.7653085422774197,10,20,20
13,8387,9.376183969271614e-11,0.07179788896800182,0.18516434357632156,0.7430377673619147,10,20,20
13,8388,3.55775879277136e-11,0.11246053206104659,0.1445200653839128,0.7430194025194629,10,20,20
13,8389,1.4041646781923449e-11,0.10146065985981914,0.15553230089553,0.743007039230609,10,20,20
13,8390,1.7175757423859015e-08,8.448319672809982e-05,0.24022188376983689,0.7596936158576775,10,20,20
13,8391,0.05210094315246242,0.0006779356375824196,0.18184697082681084,0.7653741503831444,10,20,20
13,8392,0.052100943138533286,0.0006779356243842023,0.15092712785694923,0.7962939933801331,10,20,20
13,8393,0.07432778384569073,2.4431677763243357e-07,0.15614785737394962,0.7695241144635814,10,20,20
13,8394,0.07432778385824731,3.3098330227343655e-06,0.12815105409790906,0.7975178522108202,10,20,20
13,8395,0.09397683270941018,7.138585421595739e-08,0.13369428946316914,0.7723288064415662,10,20,20
13,8396,0.0167376783022188,1.0923826225591628e-05,0.2538546325242072,0.7293967653473483,10,20,20
13,8397,0.001021683489165531,1.4440036290943978e-05,0.20132409805375837,0.7976397784207847,10,20,20
13,8398,1.6239716310162388e-05,2.0669986764581713e-06,0.20267155763789463,0.7973101356471185,10,20,20
13,8399,1.3477866410815638e-11,1.9787228727056916e-05,0.1330012945852474,0.8669789181725471,10,20,20
13,8400,1.2908557206346888e-12,7.655512876158514e-08,0.10158540401870753,0.8984145194248724,10,20,20
13,8401,2.9006718833419592e-12,3.1681854944247134e-06,0.038799922902412354,0.9611969089091925,10,20,20
13,8402,2.895238233865159e-12,9.008468092054339e-09,0.006225584065119764,0.9937744069235169,10,20,20
13,8403,2.9021869464150837e-12,5.499040294786312e-09,0.025085369890166347,0.9749146246078911,10,20,20
13,8404,7.019966226554263e-15,1.2252662262403411e-12,0.02080624807746135,0.9791937519213061,10,20,20
13,8405,4.229634277801092e-18,4.531741917320689e-12,0.0001947611140928923,0.9998052388813752,10,20,20
13,8406,8.44310518746513e-18,6.000420822212181e-11,0.003908213255912374,0.9960917866840834,10,20,20
13,8407,3.8204818487942234e-11,3.537043251614343e-09,0.04421590914295705,0.955784087281795,10,20,20
13,8408,1.5950001705916166e-18,1.4805151712008185e-12,0.00011157637224071068,0.9998884236262787,10,20,20
13,8409,6.312729327861141e-16,1.2615671615071552e-13,6.726187685835272e-05,0.9999327381230149,10,20,20
13,8410,6.680474832522818e-16,3.3184851372831853e-12,0.0025068663458176705,0.9974931336508632,10,20,20
13,8411,4.277669147371449e-17,1.206250717799888e-11,0.05013754547779509,0.9498624545101423,10,20,20
13,8412,3.786380307998414e-18,1.5782664298907507e-12,0.05090051984149465,0.949099480156927,10,20,20
13,8413,9.699163335340435e-18,5.051267621238421e-13,0.0009875570890959117,0.9990124429103991,10,20,20
13,8414,4.638654724505547e-10,5.50726648583721e-11,0.00485874037508372,0.9951412591059782,10,20,20
13,8415,4.638662078560993e-10,5.522051842164309e-11,0.0039918371935814875,0.9960081622873318,10,20,20
13,8416,4.6386548691303096e-10,5.510109148670854e-11,0.001188891873294021,0.9988111076077395,10,20,20
13,8417,4.6388361153385203e-10,6.202648075948502e-11,0.001725068759939071,0.9982749307141509,10,20,20
13,8418,4.6388444773103477e-10,5.683566560519641e-11,0.0022126857313139675,0.997787313747966,10,20,20
13,8419,4.638654869465312e-10,1.8810559899584485e-09,0.0039046957011321494,0.9960953019539464,10,20,20
13,8420,5.495304519932212e-14,3.6533023226057135e-11,0.003550908668036952,0.9964490912953752,10,20,20
13,8421,5.510352309688555e-14,1.0764662646179616e-10,0.00877899530017544,0.9912210045921228,10,20,20
13,8422,3.95463657647155e-14,1.0703982198054916e-11,0.0007984388126132168,0.9992015611766434,10,20,20
13,8423,3.1522202668867975e-17,5.380163981449044e-13,0.0016171577222327857,0.9983828422772291,10,20,20
13,8424,1.3372989968928963e-17,3.092926892547634e-12,0.04267813418338177,0.9573218658135252,10,20,20
13,8425,3.336641013760284e-13,1.437086580412263e-09,0.0021077153281886165,0.997892283234391,10,20,20
13,8426,4.61804150118892e-13,3.2909924822919915e-07,0.014071109064573714,0.9859285618357161,10,20,20
13,8427,3.2170887912058624e-13,1.4375347270340536e-09,0.0070139509519765554,0.992986047610167,10,20,20
13,8428,3.292062063973184e-13,1.4372963393469023e-09,0.009460708382126828,0.9905392901802476,10,20,20
13,8429,5.707354146546978e-13,3.3395258234044175e-08,0.1260962933522238,0.8739036732519472,10,20,20
13,8430,2.8527331475466403e-09,1.608470618220351e-06,0.12090256085803382,0.8790958278186147,10,20,20
13,8431,2.852733165443591e-09,1.6084720348968956e-06,0.12102167239414385,0.8789767162810882,10,20,20
13,8432,2.0908117892774675e-15,7.554172924381651e-08,0.12092874463286216,0.8790711798254065,10,20,20
13,8433,6.972760711767815e-10,0.0023157403899859543,0.10155671495500951,0.8961275439577285,10,20,20
13,8434,6.973274058123807e-10,0.002315740399595975,0.09993269756248543,0.8977515613405913,10,20,20
13,8435,1.690811988132948e-09,0.00012691776768173653,0.09581108689069298,0.9040619936508131,10,20,20
13,8436,1.3705958100559943e-06,4.23103668806503e-05,0.09855658857582571,0.9013997304614831,10,20,20
13,8437,0.08378095478996427,4.44232364854856e-07,0.11348158535817773,0.8027370156194926,10,20,20
13,8438,0.09886187052550391,0.09806863632023935,0.007001361841133581,0.796068131313123,10,20,20
13,8439,0.09935637585165843,0.09806806668594854,0.0644097222712297,0.7381658351911631,10,20,20
13,8440,0.0998722823009511,0.09999990065435119,0.06225585254528891,0.7378719644994088,10,20,20
13,8441,0.05484418073904481,0.09886810883699307,0.10840702800739206,0.7378806824165702,10,20,20
13,8442,2.5721961968213715e-05,0.09983759945377371,0.10050707083582129,0.7996296077484365,10,20,20
13,8443,2.5721961967265817e-05,0.10002309644476821,0.10148905506062311,0.7984621265326413,10,20,20
13,8444,0.09999836146595377,0.09977874565437636,0.0009151009213606412,0.7993077919583091,10,20,20
13,8445,0.09999835285082584,0.09999987502684282,0.0001612587081469599,0.7998405134141844,10,20,20
13,8446,0.014079754195024894,0.09959996474817312,0.08867921621216313,0.7976410648446384,10,20,20
13,8447,5.531322063577796e-10,0.09959742536376785,0.1045211298917598,0.79588144419134,10,20,20
13,8448,5.87163500734579e-11,0.09959742232708642,0.19797686214299495,0.702425715471202,10,20,20
13,8449,1.4203430757735403e-07,0.09999986526768152,0.29169610195727225,0.6083038907407382,10,20,20
13,8450,2.3997169207074044e-11,0.08393320588112307,0.30385862876279945,0.6122081653320799,10,20,20
13,8451,1.4911104244483778e-09,0.10000053259423766,0.2953919689798624,0.6046074969347897,10,20,20
13,8452,2.12252039584812e-07,0.09996757047662058,0.22840971489761513,0.6716225023737246,10,20,20
13,8453,4.25418860009706e-06,0.10148726784457625,0.19814451772098005,0.7003639602458434,10,20,20
13,8454,2.7419305053386236e-07,0.12256834912071816,0.09552886404430017,0.781902512641931,10,20,20
13,8455,4.842936715775307e-08,0.09967607220158861,0.10879705875844581,0.7915268206105982,10,20,20
13,8456,4.859778746754486e-11,0.04702013915877873,0.10318375986941061,0.8497961009232128,10,20,20
13,8457,1.0244770392468332e-14,0.0007448166243364163,0.15348231786779198,0.8457728655078613,10,20,20
13,8458,1.5464157432271434e-10,1.989762133146464e-06,0.10390707512336535,0.8960909349598604,10,20,20
13,8459,5.865438923622769e-10,2.906864822960569e-08,0.14850829765113505,0.8514916726936723,10,20,20
13,8460,2.1733411721995635e-14,0.00022968107522695325,0.14741408719043037,0.8523562317343206,10,20,20
13,8461,8.034097632305824e-12,0.00022967822184801625,0.10164494351170719,0.8981253782584109,10,20,20
13,8462,7.351860016839795e-12,0.0001537572991554473,0.12295725625206218,0.8768889864414305,10,20,20
13,8463,1.6973530406945515e-10,0.02619860165633247,0.07395928078306925,0.8998421173908632,10,20,20
13,8464,1.6870524368547303e-14,0.000366445150061168,0.10076680861095069,0.8988667462389713,10,20,20
13,8465,1.6836816300571466e-14,0.0003664451410313321,0.14124966599054825,0.8583838888684034,10,20,20
13,8466,1.680365815375449e-14,0.00036644514561193827,0.14392474358415508,0.855708811270216,10,20,20
13,8467,2.543615777970199e-08,7.9455157790501e-05,0.1441883391113538,0.8557321802946977,10,20,20
13,8468,7.050017458657371e-11,0.007724952991185863,0.1350022050564072,0.8572728418819067,10,20,20
13,8469,2.8980517658546764e-13,0.0003712333721385871,0.11229455583883592,0.8873342107887352,10,20,20
13,8470,3.072187784852501e-07,9.057268525667922e-07,0.09617679217241236,0.9038219948819567,10,20,20
13,8471,5.222568380843817e-13,5.154392788202879e-07,0.1023367262401141,0.8976627583200848,10,20,20
13,8472,5.060734702285846e-13,2.9577089353949442e-12,0.0019242343893273108,0.998075765607209,10,20,20
13,8473,4.923850667508758e-13,9.787846197617092e-11,0.09578448405318628,0.9042155158484428,10,20,20
13,8474,8.447585532456006e-08,5.948062024594568e-07,0.09971776788770746,0.9002815528302346,10,20,20
13,8475,9.312083730768414e-08,5.953132073974558e-07,0.14294878967339603,0.8570505218925593,10,20,20
13,8476,5.068246528241653e-12,3.132097852562618e-12,0.10013325688730505,0.8998667431044944,10,20,20
13,8477,5.052663308867295e-12,2.2982250852690812e-10,0.10120556782587802,0.8987944319392467,10,20,20
13,8478,6.330880933702293e-14,3.0505388283150656e-10,0.09916797851649509,0.9008320211783876,10,20,20
13,8479,6.154428871250459e-14,4.43671560403112e-08,0.16562461307315104,0.834375342559631,10,20,20
13,8480,8.791132095934904e-12,3.3702414343044228e-12,0.10015580883743076,0.8998441911504077,10,20,20
13,8481,3.3761359664149905e-15,2.1840674008201416e-12,0.10154009733553657,0.898459902662276,10,20,20
13,8482,1.4574542191469496e-15,0.02578203771960022,0.07497259069247286,0.8992453715879251,10,20,20
13,8483,4.691723002759132e-15,0.0006640011537109526,0.12412212845867288,0.8752138703876111,10,20,20
13,8484,5.4179096247422734e-14,1.1028290865645693e-05,0.17582636751595582,0.824162604193124,10,20,20
13,8485,5.671206553897005e-14,1.2284204984698953e-05,0.17488430151407225,0.8251034142808866,10,20,20
13,8486,2.1357569082814053e-07,1.109088892028176e-06,0.1723661694507666,0.8276325078846503,10,20,20
13,8487,7.868334754840661e-16,2.7065308941922672e-05,0.1722750814961264,0.8276978531949307,10,20,20
13,8488,1.0914488222115946e-13,3.35956409030605e-09,0.10098000263854343,0.8990199940017835,10,20,20
13,8489,1.755470281531499e-07,0.002904953542023818,0.21751220502148422,0.7795826658894638,10,20,20
13,8490,2.1188359370925905e-12,6.627397078102042e-05,0.19751658280291645,0.8024171432241832,10,20,20
13,8491,2.2346815054113832e-12,7.7306734748647e-05,0.20263433163252934,0.797288361630487,10,20,20
13,8492,3.132781226240871e-08,6.627447167162603e-05,0.20334294333547898,0.796590750865037,10,20,20
13,8493,3.132781245329999e-08,6.627445573262966e-05,0.20131966521990038,0.7986140289965544,10,20,20
13,8494,6.151858209417219e-11,7.91312174089907e-05,0.2010254843631504,0.7988953843579217,10,20,20
13,8495,8.46996678931295e-14,9.241896210125106e-06,0.1999962320153793,0.7999945260883254,10,20,20
13,8496,1.9958439603631578e-13,9.06807164284658e-06,0.20010502002809677,0.7998859119000601,10,20,20
13,8497,8.702562349647984e-12,4.2695323637840554e-07,0.11985405159868837,0.8801455214393725,10,20,20
13,8498,7.789807131963277e-12,0.0024290635445130414,0.09848398281258017,0.8990869536351168,10,20,20
13,8499,9.385802976553956e-12,0.07069775566690942,0.03130241162563935,0.8979998326980653,10,20,20
13,8500,8.473163655347377e-12,0.07069775554282047,0.03026632511900455,0.899035919329702,10,20,20
13,8501,8.472857303755532e-12,0.07069775554224661,0.03034232082471714,0.8989599236245635,10,20,20
13,8502,8.470667562987411e-12,0.07069775553742777,0.02932751153426928,0.8999747329198323,10,20,20
13,8503,1.6333586703479809e-16,0.09996454168712963,0.042902300066236236,0.857133158246634,10,20,20
13,8504,1.324501793746695e-18,0.09996454173809724,0.00012576315449699268,0.8999096951074058,10,20,20
13,8505,2.3995528429661383e-15,0.09996454173808071,0.00024528239553868686,0.8997901758663783,10,20,20
13,8506,1.4002523007196335e-12,0.09993996631100893,0.0018264412473636919,0.8982335924402272,10,20,20
13,8507,3.0117665362931395e-17,0.0999960884907201,0.0011463463684492485,0.8988575651408306,10,20,20
13,8508,7.325093032812842e-16,0.08110557263669985,0.058699670824924374,0.8601947565383753,10,20,20
13,8509,2.8771115069380175e-17,0.09988982568438923,0.000265666307513301,0.8998445080080975,10,20,20
13,8510,1.119773568969666e-17,0.09999004494059129,0.00011491552240762734,0.8998950395370011,10,20,20
13,8511,1.9206124593462405e-18,0.09999941165289687,0.0031828826489054387,0.8968177056981975,10,20,20
13,8512,1.8427805446094368e-13,0.09997593526279612,0.046341930121554596,0.8536821346154652,10,20,20
13,8513,3.8689800259255315e-11,0.09999654522324644,0.043698217126054255,0.8563052376120094,10,20,20
13,8514,1.7984006271809705e-13,0.09997826152903397,0.003981299672009309,0.8960404387987768,10,20,20
13,8515,1.6819736686346595e-13,0.09999730867194015,0.003767721281453871,0.8962349700464376,10,20,20
13,8516,9.546123175350519e-17,0.09999731368204436,0.0016132606821008036,0.8983894256358547,10,20,20
13,8517,5.682131805587304e-15,0.09999730868140884,0.09526340926275209,0.8047392820558331,10,20,20
13,8518,2.665063569109966e-15,0.09999730873699361,0.096233534604704,0.8037691566582996,10,20,20
13,8519,2.6549863644381966e-17,0.09999695967476903,0.09987860954228812,0.8001244307829426,10,20,20
13,8520,2.0899298821297064e-16,0.09999862596387281,0.09809071148691188,0.8019106625492147,10,20,20
13,8521,4.666297846396973e-12,0.09810892670768338,0.09564755591826303,0.8062435173693874,10,20,20
13,8522,1.4509458651655517e-11,0.09974799465134422,0.19784639875453774,0.7024056065796086,10,20,20
13,8523,5.321648928521086e-10,0.09974799461439297,0.19475987717973076,0.7054921276737115,10,20,20
13,8524,6.944258972002418e-08,0.10157751223165831,0.1982423164313381,0.700180101894414,10,20,20
13,8525,2.618058303953513e-08,0.09997771124525737,0.1378464747425962,0.7621757878315634,10,20,20
13,8526,7.740138644832013e-14,0.1000896582359766,0.10598163054098661,0.7939287112229595,10,20,20
13,8527,2.6234648521930982e-08,0.10019039902896468,0.20744719559037636,0.692362379146011,10,20,20
13,8528,2.1374392908434345e-08,0.10019039903177593,0.20158086611069465,0.6982287134831369,10,20,20
13,8529,3.523763453441805e-15,0.10018498177514087,0.19733324752834785,0.7024817706965077,10,20,20
13,8530,7.052394578132816e-07,0.10214915708995256,0.19929100142285974,0.6985591362477298,10,20,20
13,8531,3.2619331355905193e-06,0.03641638312488478,0.26494259226696293,0.6986377626750162,10,20,20
13,8532,3.261932375241762e-06,0.09990746589920857,0.20099858912611107,0.6990906830423049,10,20,20
13,8533,9.665231998248294e-05,0.0974296218707124,0.2025399791736633,0.6999337466356413,10,20,20
13,8534,9.664699928231253e-05,0.10000068121703887,0.23819885196747523,0.6617038198162037,10,20,20
13,8535,9.38428122544155e-11,0.10013170403517699,0.20379599549968536,0.6960723003712952,10,20,20
13,8536,4.3796102108223605e-09,0.09786016732239541,0.20363374582394594,0.6985060824740483,10,20,20
13,8537,4.6357867338929644e-05,0.09788926318651271,0.2067596663919887,0.6953047125541595,10,20,20
13,8538,4.635786975488386e-05,0.0975144626695019,0.12038066346380713,0.7820585159969362,10,20,20
13,8539,1.3002489593037917e-10,0.10002973670011087,0.10256189803288021,0.7974083651369842,10,20,20
13,8540,1.8058094487322858e-12,0.10073972843294263,0.09933897879647466,0.7999212927687767,10,20,20
13,8541,2.009965040648015e-14,0.1383084813513663,0.061771445151592975,0.7999200734970205,10,20,20
13,8542,1.740108989081487e-15,0.1385425103130419,0.15703443653591942,0.7044230531510369,10,20,20
13,8543,6.402078254940161e-14,0.19999783378659347,0.19297143794589847,0.6070307282674439,10,20,20
13,8544,1.1206686479740818e-16,0.19979040547750002,0.10030564423016546,0.6999039502923343,10,20,20
13,8545,2.0951841946561654e-15,0.19977462986691513,0.10033114528577095,0.6998942248473115,10,20,20
13,8546,6.480336360719936e-09,0.10352341790889404,0.1966556515216472,0.6998209240891227,10,20,20
13,8547,1.4664510483521036e-10,0.09879638744312665,0.10547828449675364,0.7957253279134744,10,20,20
13,8548,1.4656885774100248e-10,0.07392171081371643,0.1288728888837785,0.7972054001559362,10,20,20
13,8549,3.167893416102666e-12,0.10599868172362001,0.09527944618279448,0.7987218720904175,10,20,20
13,8550,1.4388198744549848e-14,0.10599868174284026,0.0942281591984245,0.7997731590587207,10,20,20
13,8551,3.963189583934819e-08,0.0001718446303151249,0.20060633888644536,0.7992217768513434,10,20,20
13,8552,8.520607335550588e-09,4.3444728821384765e-08,0.2028275910183764,0.7971723570162871,10,20,20
13,8553,1.4935574858441125e-11,2.663461189160994e-07,0.20746630955193787,0.7925334240870069,10,20,20
13,8554,1.4936870167380635e-11,2.6661689296986256e-07,0.20008231017628925,0.7999174231918807,10,20,20
13,8555,6.525333990632253e-08,2.465950012912417e-11,0.20166593918654377,0.7983339955354565,10,20,20
13,8556,2.3527741005374477e-06,4.463755784750925e-08,0.31005610659823174,0.6899414959901091,10,20,20
13,8557,5.34047244893037e-07,4.441067932875659e-08,0.30288349035742457,0.6971159311846507,10,20,20
13,8558,5.519276954972893e-08,0.0003550630782031207,0.19819444079988982,0.8014504409291374,10,20,20
13,8559,0.00010183762540820222,2.447723468577827e-09,0.2000223272297145,0.799875832697154,10,20,20
13,8560,0.00010183762538636888,2.304893567841741e-09,0.2632670463394017,0.7366311137303183,10,20,20
13,8561,0.00010183762538704213,2.2842439694891126e-09,0.20074431185433034,0.7991538482360384,10,20,20
13,8562,0.00010183778879222229,2.264714921195988e-09,0.13398884371616168,0.8659093162303308,10,20,20
13,8563,0.00010183762538459366,2.234358570314204e-09,0.10180170356592817,0.8980964565743286,10,20,20
13,8564,0.00014124458316817597,8.326505590489544e-12,0.13099686831998036,0.8688618870885249,10,20,20
13,8565,1.659734740546275e-10,4.3831282145278975e-07,0.11967379420237927,0.8803257673188256,10,20,20
13,8566,1.6587044190453938e-10,4.383141571931022e-07,0.10469236005459319,0.895307201465379,10,20,20
13,8567,1.6587173382159066e-10,4.3831584483490527e-07,0.09050869662843662,0.9094908648898465,10,20,20
13,8568,0.04487424029923711,4.808387852325817e-11,0.055989061618210045,0.8991366980344688,10,20,20
13,8569,1.9531708494287743e-09,0.00027308152093130644,0.1000921737135239,0.8996347428123739,10,20,20
13,8570,2.37901906382062e-11,1.8701990261313095e-11,0.10131411617045112,0.8986858837870566,10,20,20
13,8571,1.0835124111161705e-11,0.00018264153455658375,0.10338690263292286,0.8964304558216855,10,20,20
13,8572,8.76890990601177e-14,0.012908085258394212,0.14989301116491976,0.8371989035765978,10,20,20
13,8573,9.008539850716137e-14,0.012908085169141659,0.09154788300450593,0.8955440318262623,10,20,20
13,8574,5.476252624451323e-14,0.012908085103771515,0.08820558191515898,0.8988863329810147,10,20,20
13,8575,1.0843559222318988e-11,0.002625888795382726,0.09754563615204598,0.8998284750417275,10,20,20
13,8576,1.6629955258649964e-12,2.3775389982192888e-12,0.10016880138803556,0.8998311986079237,10,20,20
13,8577,1.6675778037282442e-12,7.05476173920299e-10,0.10242363166668342,0.897576367626173,10,20,20
13,8578,1.5843264570321565e-11,8.5232251561476e-07,0.12556872031185287,0.874430427349788,10,20,20
13,8579,1.1064546634524596e-11,8.521918625992765e-07,0.11665521808780392,0.8833439297092689,10,20,20
13,8580,1.1079457486063232e-11,8.546631388954001e-07,0.12024286044713046,0.8797562848786512,10,20,20
13,8581,1.1059608257170648e-11,8.515548425379922e-07,0.10111548312384626,0.8988836653102517,10,20,20
13,8582,8.075646018886968e-13,5.063151781531707e-06,0.1014040179456887,0.8985909189017219,10,20,20
13,8583,1.0032265213381932e-12,0.005919662929343298,0.09447789997146626,0.899602437098187,10,20,20
13,8584,1.0920265370152479e-10,7.860336661427922e-09,0.09809189603957248,0.9019080959908882,10,20,20
13,8585,6.461932928800549e-05,0.0026767692065074932,0.09759368867645166,0.8996649227877528,10,20,20
13,8586,1.084075031080511e-11,4.031647492250718e-10,0.06488483300231339,0.9351151665836808,10,20,20
13,8587,1.2571716272244946e-14,8.564639230789949e-10,0.0003278360665268844,0.9996721630769964,10,20,20
13,8588,1.4097150297019016e-14,8.486768915806091e-10,0.0015475827677788989,0.99845241638353,10,20,20
13,8589,1.5445168453879966e-15,8.488613637131779e-10,0.0015637488841943076,0.9984362502669427,10,20,20
13,8590,9.173647317516521e-14,3.43240877407762e-13,0.014044798219590388,0.9859552017799744,10,20,20
13,8591,3.931791011642097e-16,1.693117121338563e-15,5.250896125853526e-05,0.9999474910387394,10,20,20
13,8592,4.626076017025281e-15,5.4803632057483e-11,0.001967437764602324,0.9980325621805894,10,20,20
13,8593,6.45930063989665e-14,2.6134531732492516e-09,0.009027430063519004,0.9909725673229632,10,20,20
13,8594,2.5681804550302633e-12,2.642563404512085e-09,0.044034320732317556,0.955965676622551,10,20,20
13,8595,6.276515848888363e-17,1.4606888429276108e-13,0.001594863914180536,0.9984051360856732,10,20,20
13,8596,1.1801968134421356e-16,5.312153788449792e-13,0.0016896693173180867,0.9983103306821504,10,20,20
13,8597,1.5099106905864392e-13,6.370589133329955e-14,0.0008676000568833796,0.9991323999429019,10,20,20
13,8598,2.3635909891678674e-14,6.396824561210125e-13,0.0018585918968477954,0.9981414081024887,10,20,20
13,8599,1.4555490578091602e-12,3.1825940718861e-12,0.020426157199710745,0.9795738427956507,10,20,20
13,8600,8.15186877512014e-16,4.5893854634137356e-12,0.007348257246968692,0.9926517427484409,10,20,20
13,8601,3.4703874701671388e-15,3.500044662574407e-12,0.003413836738689012,0.9965861632578074,10,20,20
13,8602,3.4514581883223826e-15,7.336592653294527e-11,0.00024305841633619576,0.9997569415102943,10,20,20
13,8603,1.9651255787680182e-15,5.346873739182575e-11,0.05485933977178771,0.9451406601747415,10,20,20
13,8604,2.6263400494020634e-17,4.2679673748486895e-11,0.08685631558373218,0.9131436843735882,10,20,20
13,8605,1.4589166010530005e-16,3.933670554333685e-09,0.05324316863462034,0.9467568274317089,10,20,20
13,8606,2.231798089979454e-12,3.910669628537977e-09,0.0020692471329424745,0.997930748954156,10,20,20
13,8607,2.2789531088758e-12,9.303869811699484e-08,0.0046291700203287215,0.9953707369386942,10,20,20
13,8608,4.8953687941152965e-14,1.0113417377680548e-07,0.04975415761943978,0.9502457412463373,10,20,20
13,8609,3.4114541165996394e-15,8.1381422400901e-09,0.04435870979807048,0.9556412820637838,10,20,20
13,8610,3.249271998062962e-15,8.1382327108011e-09,0.04434049161932658,0.9556595002424375,10,20,20
13,8611,8.940174886721846e-17,3.4307561206912616e-11,0.0013683660285925235,0.9986316339370997,10,20,20
13,8612,5.502026404578613e-15,3.5518071886816614e-11,0.001619794484321343,0.9983802054801549,10,20,20
13,8613,3.539460014142137e-13,2.2773084763245224e-10,0.0013484362054976909,0.9986515635664175,10,20,20
13,8614,3.5280881641896375e-13,2.0576722182943204e-10,0.0013646092222633758,0.9986353905716167,10,20,20
13,8615,6.1705214890456405e-15,3.933972984538867e-12,0.00015847517204272272,0.9998415248240171,10,20,20
13,8616,5.452886732935357e-17,3.1336090360330152e-12,0.0002363901257649612,0.9997636098711012,10,20,20
13,8617,1.207008188367983e-15,2.62719600836207e-11,0.005497253700062903,0.9945027462736638,10,20,20
13,8618,1.2899116218542083e-15,2.6266903139333533e-11,0.0031958740554477983,0.996804125918284,10,20,20
13,8619,4.196653899982647e-15,2.953540362469436e-11,0.004721210890402049,0.9952787890800584,10,20,20
13,8620,1.550539546709919e-14,5.737079466332428e-10,0.0038278988650664813,0.9961721005612102,10,20,20
13,8621,1.2229189708403613e-14,5.40244908924739e-08,0.03927371981428678,0.9607262261612102,10,20,20
13,8622,1.2219580742991107e-14,5.63352897864776e-10,0.0023845126893426057,0.9976154867472923,10,20,20
13,8623,5.492391275980755e-14,1.6026608583445074e-09,0.06544705936789516,0.9345529390293892,10,20,20
13,8624,4.615915908622474e-14,1.069329180902847e-09,0.04374180078937937,0.9562581981412454,10,20,20
13,8625,4.3731803181181815e-14,1.0690864346910962e-09,0.04462391082959688,0.9553760881012728,10,20,20
13,8626,4.0893723484456883e-11,1.2084486761270577e-09,0.03960492405267973,0.9603950746979777,10,20,20
13,8627,4.378766265811179e-14,1.11712404159803e-09,0.06762597397024342,0.9323740249125885,10,20,20
13,8628,1.0275400110708405e-11,1.1171110060501723e-09,0.03996628690932032,0.9600337119632931,10,20,20
13,8629,1.023172064190124e-11,4.9779853123418456e-11,0.0018824491137921034,0.9981175508261965,10,20,20
13,8630,9.968689093547121e-13,3.942377744035203e-11,0.009142129880990764,0.9908578700785885,10,20,20
13,8631,1.1106148841035882e-16,8.666329521543462e-12,0.0028335724667389005,0.9971664275245946,10,20,20
13,8632,1.4179488117649917e-14,8.750647556179076e-12,0.002613234176827163,0.9973867658144082,10,20,20
13,8633,4.844659994465158e-17,3.697451517995706e-13,0.002772985577950121,0.9972270144216802,10,20,20
13,8634,6.306488296900272e-17,3.5245329968741123e-09,0.10135608268982169,0.898643913785645,10,20,20
13,8635,1.4105815166211428e-16,2.8550157238909847e-09,0.09743322817034747,0.9025667689746365,10,20,20
13,8636,3.668163719873093e-14,7.708251677060586e-12,0.10016242405204938,0.8998375759402055,10,20,20
13,8637,9.909441948707477e-15,0.0011690551741961402,0.10361881002785107,0.8952121347979428,10,20,20
13,8638,1.0097276574401219e-15,0.001169055171807077,0.10121556543040253,0.8976153793977891,10,20,20
13,8639,4.3834044803603663e-13,1.0685946154539363e-06,0.10241959531031977,0.8975793360946265,10,20,20
13,8640,4.3828484217723597e-13,8.228413945703856e-06,0.10168663775696149,0.8983051338286543,10,20,20
13,8641,1.4948029806592201e-15,6.015368278652394e-05,0.1064867466457345,0.8934530996714777,10,20,20
13,8642,6.0124576221197e-17,6.015357115295463e-05,0.10071369245434467,0.8992261539745025,10,20,20
13,8643,1.076844940721971e-09,0.01496093557136315,0.0871827727977743,0.8978562905540176,10,20,20
13,8644,1.0770047534035008e-09,0.01496093591932506,0.0884405143515754,0.896598548652095,10,20,20
13,8645,3.118631028054202e-06,3.2584538787562916e-06,0.10348744695841745,0.8965061759566758,10,20,20
13,8646,3.1186309268099497e-06,3.2586374991738796e-06,0.1052253433161785,0.8947682794153955,10,20,20
13,8647,7.121723695723711e-12,1.5624788198302587e-09,0.10312435482444231,0.8968756436059568,10,20,20
13,8648,1.4733531498799118e-12,0.02948292830600942,0.07142247744577396,0.899094594246743,10,20,20
13,8649,1.3261284007214833e-14,0.09999827430180926,0.00010441630840703812,0.8998973093897705,10,20,20
13,8650,1.2404533209634223e-13,0.0976157254335232,0.005060359256650817,0.8973239153097019,10,20,20
13,8651,6.329420043179041e-16,0.09999988937990188,0.02927943396124133,0.8707206766588562,10,20,20
13,8652,9.26070654454433e-15,0.0999998899178836,0.004619587866208854,0.8953805222158984,10,20,20
13,8653,2.2962599934002967e-11,0.09999982775629171,0.004685703073990416,0.8953144691467552,10,20,20
13,8654,8.999046928866062e-12,0.09997554409620221,0.0012698116367709533,0.8987546442580276,10,20,20
13,8655,8.976421464917989e-12,0.09999877322852427,0.0005574720418366169,0.8994437547206626,10,20,20
13,8656,3.234027663517394e-14,0.0999987740920028,0.033659388751188,0.8663418371567768,10,20,20
13,8657,8.527064152805282e-14,0.09999885065933314,0.03258973707731224,0.8674114122632692,10,20,20
13,8658,3.0371342408138297e-15,0.09047553830457225,0.012134803876572214,0.8973896578188526,10,20,20
13,8659,8.857296265094398e-15,0.09759098096420275,0.004696719722256116,0.8977122993135321,10,20,20
13,8660,1.0404805888767601e-16,0.099994056090711,0.00289302075766164,0.8971129231516273,10,20,20
13,8661,3.6472018628938095e-15,0.09910761996974751,0.09873327837887272,0.8021591016513764,10,20,20
13,8662,9.611535506498178e-09,0.09993684462004508,0.17039847028300098,0.7296646754854181,10,20,20
13,8663,9.611600287561386e-09,0.030578187398664587,0.23793272197169713,0.7314890810180374,10,20,20
13,8664,9.612637964372782e-09,0.005893433134801067,0.18800723390449306,0.8060993233480677,10,20,20
13,8665,8.65986985938766e-06,1.6456859908526814e-06,0.19417323649483342,0.8058164579493161,10,20,20
13,8666,2.3838715828413213e-12,0.00011446124553733062,0.20151863597518904,0.7983669027768896,10,20,20
13,8667,1.0803676169146078e-12,0.00011446124434088052,0.20005823682542795,0.799827301929151,10,20,20
13,8668,5.858070452260121e-11,0.028184278170120543,0.1752117888765935,0.7966039328947048,10,20,20
13,8669,5.909348109457617e-12,0.07517829219029602,0.1256144509161237,0.7992072568876712,10,20,20
13,8670,5.90932370629361e-12,0.07517829218893854,0.12483041643158413,0.7999912913735683,10,20,20
13,8671,1.2355626945742413e-15,0.10268133149701572,0.09748154321315504,0.7998371252898279,10,20,20
13,8672,7.274936762199787e-12,0.10004013767105928,0.09999897575372271,0.799960886567943,10,20,20
13,8673,2.975502484314534e-09,0.07685060793519817,0.17084073346144465,0.7523086556278548,10,20,20
13,8674,1.382252283023473e-13,0.09977942629471763,0.10561454166571878,0.7946060320394255,10,20,20
13,8675,1.7263952402357338e-13,0.0997133876814091,0.1011252145419742,0.7991613977764441,10,20,20
13,8676,4.611966766312494e-13,0.10011276430191474,0.09995442780736707,0.799932807890257,10,20,20
13,8677,4.2998464183849474e-15,0.09929016537718434,0.10136278974237134,0.7993470448804398,10,20,20
13,8678,5.3882898542642164e-11,0.10000108269744623,0.10202192137681802,0.7979769958718526,10,20,20
13,8679,5.432263542664166e-11,0.09856475171050971,0.10441627105101148,0.797018977184156,10,20,20
13,8680,1.0285353789798395e-16,0.09969879374991157,0.10411580588871408,0.7961854003613742,10,20,20
13,8681,1.536499216423032e-08,0.0999711177328981,0.10378594320042815,0.796242923701681,10,20,20
13,8682,1.536499246216322e-08,0.09989460757307692,0.17826048641987582,0.7218448906420546,10,20,20
13,8683,1.474685440611741e-05,0.09989460851698025,0.10012410451003703,0.7999665401185763,10,20,20
13,8684,1.4746854875494437e-05,0.09642086011180577,0.10362492881525605,0.7999394642180627,10,20,20
13,8685,0.0007378563250429089,0.09999583284917381,0.1925548590879811,0.706711451737802,10,20,20
13,8686,0.0007378562912875508,0.09795324019294202,0.10155511969876851,0.7997537838170019,10,20,20
13,8687,0.0007378562912872605,0.0999576232988395,0.09946201464763665,0.7998425057622367,10,20,20
13,8688,0.000737856291402954,0.09812190898952827,0.10490522145557798,0.7962350132634908,10,20,20
13,8689,1.3098921302378663e-07,0.09812193592016445,0.10206415710788797,0.7998137759827346,10,20,20
13,8690,1.3098924590168364e-07,0.09812193578106944,0.1051054484182485,0.7967724848114359,10,20,20
13,8691,1.3098913696668532e-07,0.028589569735178216,0.17464218339804208,0.7967681158776425,10,20,20
13,8692,0.09854263928433424,0.028591690032265887,0.07466784593880009,0.7981978247445997,10,20,20
13,8693,1.4294251726113735e-05,0.028589648044577497,0.13040088702502195,0.8409951706786745,10,20,20
13,8694,1.4414017457558493e-05,0.097583458312062,0.06202601122728911,0.8403761164431914,10,20,20
13,8695,1.4294251745958e-05,0.09999803388583398,0.058978902889877505,0.8410087689725426,10,20,20
13,8696,1.1062520954107859e-14,0.09999792402658578,0.007217875545411316,0.8927842004279919,10,20,20
13,8697,3.915763007666777e-16,0.09994632279684956,0.0020352376421388504,0.8980184395610109,10,20,20
13,8698,3.7977608616404675e-16,0.0999463227514208,0.006050664883954764,0.894003012364624,10,20,20
13,8699,6.315693773098181e-12,0.09999536418941127,0.06581430445250225,0.8341903313517707,10,20,20
13,8700,1.6024638665412683e-15,0.09999536420970541,0.0026674010880396418,0.8973372347022532,10,20,20
13,8701,1.9596256645946783e-12,0.03607830997097283,0.06785763869554956,0.896064051331518,10,20,20
13,8702,4.672497421185419e-15,0.09997815149137121,0.0032757731989087823,0.896746075309715,10,20,20
13,8703,1.4191184745245006e-16,0.09984281189555153,0.0009887102126641466,0.899168477891784,10,20,20
13,8704,4.959736818915152e-16,0.0995319959180303,0.0036785949384237683,0.8967894091435452,10,20,20
13,8705,3.97455314637896e-16,0.04149088829093472,0.06234865835945419,0.8961604533496107,10,20,20
13,8706,4.79714025645249e-14,0.04149088828287622,0.15287929553723972,0.8056298161798361,10,20,20
13,8707,4.207854295144527e-09,0.09986615764379514,0.10021109293586165,0.7999227452124889,10,20,20
13,8708,4.399042902721005e-06,0.13096726182714252,0.07327426865038977,0.7957540704795651,10,20,20
13,8709,1.6303264493147112e-13,0.1000074641498491,0.11332042750163998,0.7866721083483478,10,20,20
13,8710,5.337884558080249e-13,0.10155721649837723,0.09886401146546421,0.7995787720356244,10,20,20
13,8711,7.684084235300284e-11,0.10155741217281064,0.19930433469400516,0.6991382530563433,10,20,20
13,8712,7.851483689545923e-10,0.09997244889295845,0.19959578433867387,0.7004317659832193,10,20,20
13,8713,0.0006233363852205424,0.0999381281430945,0.20313974490378847,0.6962987905678965,10,20,20
13,8714,0.0006233225780730571,0.09993651181305703,0.1204973311794139,0.7789428344294559,10,20,20
13,8715,4.6613855751471304e-07,0.09981662066225107,0.20050364538817694,0.6996792678110141,10,20,20
13,8716,9.16701963861973e-08,0.09881004099496703,0.2035467879739711,0.6976430793608649,10,20,20
13,8717,4.168765422617616e-09,0.09999991110708653,0.20403249373582874,0.6959675909883192,10,20,20
13,8718,3.764578588214183e-09,0.09999990525742505,0.20192868532607183,0.6980714056519243,10,20,20
13,8719,3.764579082578639e-09,0.09997301616083654,0.2029174390940527,0.6971095409805314,10,20,20
13,8720,8.015518260955563e-05,0.0999802434112647,0.2402085692201566,0.6597310321859686,10,20,20
13,8721,1.1628174154181672e-05,0.10000946481952659,0.24260249344068302,0.657376413565636,10,20,20
13,8722,0.0985468759204112,0.09998013074730772,0.10508995965114214,0.696383033681139,10,20,20
13,8723,0.09854687606448884,0.09299933830395403,0.16118946279985255,0.6472643228317044,10,20,20
13,8724,0.062327297213897036,0.09750591349578766,0.17611485488655854,0.6640519344037564,10,20,20
13,8725,0.09997215730068645,0.09995492732491962,0.10454605438690709,0.6955268609874866,10,20,20
13,8726,0.0999628191200554,0.1000118981110685,0.07999732129502461,0.7200279614738513,10,20,20
13,8727,0.09997572054301762,0.10001189811503916,0.12882298838956802,0.6711893929523748,10,20,20
13,8728,0.07453043713639998,0.09999765945751644,0.12835335799427688,0.6971185454118071,10,20,20
13,8729,0.07453043713640073,0.09997092075216046,0.12606554180511392,0.6994331003063252,10,20,20
13,8730,0.08141531891522147,0.09975652673740751,0.11775675663000582,0.7010713977173649,10,20,20
13,8731,0.03594336556437799,0.10000716220666317,0.1548442201650228,0.7092052520639361,10,20,20
13,8732,1.2386142982174977e-05,0.08538962511246988,0.21638456816633655,0.6982134205782113,10,20,20
13,8733,3.297571390634322e-08,0.004048674688349411,0.2961144067936568,0.6998368855422799,10,20,20
13,8734,3.297572074800944e-08,2.3492556454116214e-09,0.30073519197988563,0.6992647726951378,10,20,20
13,8735,0.09677716727060443,3.1355978891898306e-06,0.2050202422413241,0.6981994548901819,10,20,20
13,8736,0.0962511524617006,1.9560654724756872e-06,0.20044485710389512,0.7033020343689316,10,20,20
13,8737,0.09910968560159679,8.589302129065876e-09,0.23846892593331237,0.6624213798757881,10,20,20
13,8738,0.015735847791373297,4.645895496022208e-06,0.28992519719204196,0.6943343091210878,10,20,20
13,8739,0.017870087156093072,1.0713492832160795e-06,0.282835454437901,0.6992933870567224,10,20,20
13,8740,0.015054251101105287,2.455737519426514e-07,0.2132544737251257,0.7716910296000169,10,20,20
13,8741,0.013354200161115135,5.950872728930833e-08,0.19057536284971346,0.7960703774804442,10,20,20
13,8742,0.013354200163212782,6.506556829816995e-09,0.08908552996394124,0.8975602633662889,10,20,20
13,8743,2.886937617783954e-07,5.7132901912865145e-11,0.10238227859535472,0.8976174326537507,10,20,20
13,8744,2.886909988366382e-07,1.1294357815683099e-10,0.14289821069895717,0.8571015004971002,10,20,20
13,8745,4.393344756831842e-06,1.0948850901763264e-06,0.14518950254824636,0.8548050092219059,10,20,20
13,8746,4.3931307892627286e-06,2.811646743417754e-10,0.10183250846558985,0.8981630981224559,10,20,20
13,8747,4.393109779117063e-06,1.9184963774897185e-09,0.14338036359382642,0.856615241377898,10,20,20
13,8748,4.393109354637233e-06,3.58926133038975e-10,0.10162205699701418,0.8983735495347049,10,20,20
13,8749,0.0011310351206480459,2.443683062613698e-06,0.09888728116206617,0.899979240034223,10,20,20
13,8750,0.0011310351206479808,2.4436826450552774e-06,0.14771103929084553,0.8511554819058608,10,20,20
13,8751,2.4768466007416412e-08,8.579613589019062e-06,0.10074366521520992,0.8992477304027349,10,20,20
13,8752,3.0099757745999247e-07,7.608413836238352e-05,0.09994878344575499,0.8999748314183051,10,20,20
13,8753,0.017546997487640353,2.0378449705075055e-05,0.08380135221695584,0.8986312718456988,10,20,20
13,8754,3.2793057784248276e-11,0.0007942742458605615,0.08421371824722329,0.914992007474123,10,20,20
13,8755,3.277302856910941e-11,0.0007942714947147547,0.08608730086843383,0.9131184276040782,10,20,20
13,8756,3.27728734460183e-11,0.0007942714962433284,0.08302577116043658,0.9161799573105471,10,20,20
13,8757,0.011347919769821392,8.632409110825298e-07,0.11312723590013082,0.8755239810891362,10,20,20
13,8758,6.192562035779973e-07,3.669461873237238e-13,0.10011954923401525,0.899879831509414,10,20,20
13,8759,1.4165717296218743e-14,9.136986465085937e-09,0.10144879840375279,0.8985511924592465,10,20,20
13,8760,2.706460517928142e-10,1.1504745490093237e-07,0.12014664294347477,0.8798532417384239,10,20,20
13,8761,7.819762867818692e-06,9.392062966719262e-10,0.10018920229101802,0.8998029770069078,10,20,20
13,8762,7.819762869132838e-06,9.334512017934218e-10,0.10110881918312387,0.8988833601205556,10,20,20
13,8763,7.81976286842296e-06,7.85148805563818e-10,0.10110845851393557,0.8988837209380472,10,20,20
13,8764,0.00015002544108716007,1.9864088175798842e-11,0.10255979249612512,0.8972901820429238,10,20,20
13,8765,3.31968015022949e-08,1.9382237496254434e-09,0.10541797645656725,0.8945819884084074,10,20,20
13,8766,6.626842914802724e-07,3.516132308753424e-07,0.10362754012038622,0.8963714455820909,10,20,20
13,8767,6.626842921664204e-07,3.5162718357095027e-07,0.20054315713941376,0.79945582854911,10,20,20
13,8768,1.3248636040645912e-05,0.006601478750914785,0.1934705338058636,0.7999147388071807,10,20,20
13,8769,0.0026367948636024465,1.0456770005128833e-07,0.1902600436168644,0.8071030569518328,10,20,20
13,8770,0.09966705562345521,1.5472922443377024e-12,0.10044630818550267,0.7998866361894951,10,20,20
13,8771,0.099667055623229,1.053606259486927e-09,0.22038238152553222,0.6799505617976325,10,20,20
13,8772,0.09966705560302651,1.081919917677252e-09,0.1695168724032213,0.7308160709118321,10,20,20
13,8773,0.03177449328107571,4.744649575056558e-06,0.16840562221656832,0.7998151398527805,10,20,20
13,8774,0.03177022009729409,4.9108794737298976e-08,0.16839339732028485,0.7998363334736263,10,20,20
13,8775,7.257787508019877e-11,3.3459891708515147e-06,0.20148988497465647,0.7985067689635941,10,20,20
13,8776,1.1472030230927846e-08,1.1046090213969078e-07,0.20016869036471627,0.7998311877023514,10,20,20
13,8777,1.148277670939687e-08,2.3196034867016426e-06,0.2304023102367565,0.7695953586769798,10,20,20
13,8778,1.1418895454552394e-08,2.319582372377975e-06,0.2694510996285856,0.730546569370146,10,20,20
13,8779,1.5069759544659127e-07,2.3503661617572025e-06,0.3040430935145338,0.6959544054217088,10,20,20
13,8780,2.870582874739681e-07,0.00012801230972824505,0.19993764677537126,0.799934053856613,10,20,20
13,8781,2.8613595260080754e-07,4.690897486541161e-08,0.19942131111142467,0.8005783558436473,10,20,20
13,8782,0.000730609567849913,4.0779431681223425e-05,0.17037324744218074,0.8288553635582883,10,20,20
13,8783,0.0009621012321729538,4.274942770689736e-05,0.1621708804512886,0.8368242688888314,10,20,20
13,8784,5.767142171576996e-10,2.0138821360245196e-09,0.10020334496509668,0.8997966524443068,10,20,20
13,8785,0.09999834682564222,1.0702913975399447e-09,0.1001168512487183,0.7998848008553483,10,20,20
13,8786,0.09999834682608492,1.8970543098488178e-05,0.10153186995287189,0.7984508126779445,10,20,20
13,8787,0.09785230014950674,1.1961126548513915e-09,0.10687778582518051,0.7952699128292002,10,20,20
13,8788,0.09535629664409491,6.981244674022112e-11,0.006239151124247428,0.8984045521618456,10,20,20
13,8789,0.02087210423185009,2.9520243760782262e-06,0.10305843958198342,0.8760665041617903,10,20,20
13,8790,0.020872104231873273,2.9524694123693425e-06,0.07987955055324916,0.8992453927454653,10,20,20
13,8791,1.6471305341822443e-07,2.978623386677092e-08,0.13302782030699742,0.8669719851937154,10,20,20
13,8792,0.0019248886377531312,2.0227718445698585e-09,0.13652225438786147,0.8615528549516135,10,20,20
13,8793,3.972299604219001e-06,1.405622447981808e-08,0.13341500446694182,0.8665810091772294,10,20,20
13,8794,3.972299366183722e-06,1.4056162864111797e-08,0.10215717020005972,0.8978388434444113,10,20,20
13,8795,1.2032429355533953e-15,0.001543899642056451,0.15113680560555326,0.8473192947523891,10,20,20
13,8796,8.012179121523034e-15,0.0015433522703599098,0.10052380544712591,0.8979328422825062,10,20,20
13,8797,5.917970290514804e-14,0.027073785862788934,0.07411258262599961,0.8988136315111521,10,20,20
13,8798,1.5560998084687958e-13,0.02707378586912873,0.07310069041234979,0.899825523718366,10,20,20
13,8799,4.787500327692001e-10,7.227301023375058e-06,0.10147422107074441,0.8985185511494818,10,20,20
13,8800,3.330275554667728e-13,1.2389327972296042e-07,0.17836706553926707,0.8216328105671197,10,20,20
13,8801,6.300084124156306e-13,1.238922983961546e-07,0.1497785013857922,0.8502213747212795,10,20,20
13,8802,1.8271616401945658e-13,1.2389236760285203e-07,0.13044823487776253,0.869551641229687,10,20,20
13,8803,2.3030809062771212e-14,1.538727526647571e-05,0.10010269797235256,0.8998819147523577,10,20,20
13,8804,2.5075497181838515e-16,1.538730634240406e-05,0.10502625073764753,0.8949583619560098,10,20,20
13,8805,8.141223248829715e-10,1.9845636889206838e-08,0.10019924148634189,0.8998007378538986,10,20,20
13,8806,8.14122247494897e-10,1.981491275706166e-08,0.1002055413894021,0.8997944379815628,10,20,20
13,8807,7.302041833947617e-11,1.1666708127162227e-05,0.10128501905929872,0.8987033141595537,10,20,20
13,8808,7.343662073437164e-11,1.1676449468814667e-05,0.1957189481816995,0.8042693752953951,10,20,20
13,8809,2.3599324677316265e-07,0.09707351670685875,0.10800297059161197,0.7949232767082822,10,20,20
13,8810,1.174993726230938e-10,0.10906376889316952,0.11521765969289129,0.7757185712964396,10,20,20
13,8811,6.282042499035992e-10,0.10054623415390129,0.10175178876641247,0.797701976451482,10,20,20
13,8812,1.150766785506535e-10,0.09999135417095285,0.10095098236803739,0.7990576633459332,10,20,20
13,8813,0.0035553267756904114,0.0858905449624899,0.16599623608424469,0.7445578921775751,10,20,20
13,8814,0.0035553267822460094,0.08589068448625067,0.11620734310357037,0.7943466456279331,10,20,20
13,8815,0.0035553267756949043,0.09999444179259939,0.09664220149134962,0.7998080299403559,10,20,20
13,8816,3.0023403656402106e-09,0.09953691540597032,0.21917285261869016,0.681290228972999,10,20,20
13,8817,2.05386859639761e-05,0.09998400171096784,0.2714477291540782,0.6285477304489896,10,20,20
13,8818,2.053913563325889e-05,0.012191387697115159,0.35916462591778997,0.6286234472494614,10,20,20
13,8819,2.0044894201261217e-05,0.01255635536212574,0.287453228458728,0.6999703712849452,10,20,20
13,8820,1.2119473041101057e-05,0.012191536099241743,0.28944937802759985,0.6983469664001161,10,20,20
13,8821,3.705551296178532e-08,0.012191574508101823,0.28312336997898113,0.7046850184574038,10,20,20
13,8822,3.7060044270835956e-08,0.012200649827265769,0.28895701635018,0.6988422967625099,10,20,20
13,8823,1.9010723229467578e-06,4.6271907530426945e-05,0.2948835438220958,0.7050682831980507,10,20,20
13,8824,0.0003293004112728454,0.00025215212700543043,0.2952491294217484,0.7041694180399729,10,20,20
13,8825,1.6519199570796644e-07,2.8909452444106457e-06,0.300938636552971,0.699058307309789,10,20,20
13,8826,1.6311229759076477e-05,9.921475810132856e-05,0.29302007271917513,0.7068644012929648,10,20,20
13,8827,1.6311233288432775e-05,9.92066536271538e-05,0.3432290202950684,0.6566554618180162,10,20,20
13,8828,2.5994337785924685e-09,0.0010046561557391085,0.3465895681522499,0.652405773092577,10,20,20
13,8829,9.346011922446621e-05,0.021091860351943038,0.2788395726781536,0.6999751068506785,10,20,20
13,8830,9.345991576976547e-05,0.005775675124788824,0.294167780235532,0.6999630847239093,10,20,20
13,8831,0.007658404891644458,0.00019118163273581818,0.29180145449825795,0.7003489589773618,10,20,20
13,8832,0.013081619836829947,0.045417527578008356,0.23803326873646785,0.7034675838486939,10,20,20
13,8833,0.01308161983683186,0.0454175275447785,0.23799643718231364,0.7035044154360761,10,20,20
13,8834,0.005450740533530153,7.951051917923588e-06,0.29319848319010244,0.7013428252244489,10,20,20
13,8835,0.09996357571053882,3.3708668193319866e-10,0.20162391808497837,0.698412505867396,10,20,20
13,8836,0.09996343740206462,0.043154286219571486,0.2613143117296087,0.5955679646487548,10,20,20
13,8837,0.09996343740220452,0.043153937772534644,0.25691595177888493,0.5999666730463752,10,20,20
13,8838,2.943488556855526e-06,0.0003999252965702373,0.39883061767835987,0.600766513536513,10,20,20
13,8839,4.025478652197316e-06,0.001216012329745381,0.3988017079769918,0.5999782542146098,10,20,20
13,8840,0.002316547593365616,0.001474292897620696,0.39676905859736605,0.599440100911647,10,20,20
13,8841,0.004520792863505282,0.0003182706627030064,0.3956175972100344,0.5995433392637567,10,20,20
13,8842,0.0002187509061141137,4.6929394130805755e-05,0.2996670753536902,0.7000672443460648,10,20,20
13,8843,0.0369669539377269,1.5158638456773388e-06,0.2630776555147963,0.6999538746836306,10,20,20
13,8844,4.0821899968358455e-12,0.0006171884366183416,0.3015938086656363,0.6977890028936626,10,20,20
13,8845,4.093083274370552e-12,0.0006171883874144581,0.29806068738459984,0.7013221242238928,10,20,20
13,8846,0.0009595428598981857,0.0006952086005623178,0.22378424911658107,0.7745609994229583,10,20,20
13,8847,6.520918682332132e-08,7.854156181366835e-06,0.2254067229376869,0.7745853576969449,10,20,20
13,8848,8.430920538775531e-09,7.854119393236635e-06,0.20126406244610923,0.7987280750035769,10,20,20
13,8849,8.43091888745542e-09,2.570981373735168e-11,0.19593513356202602,0.804064857981345,10,20,20
13,8850,8.430981506660644e-09,2.7860490191941035e-05,0.19826589365940844,0.8017062374194179,10,20,20
13,8851,8.433901487467088e-09,2.786049056109337e-05,0.20071588655721326,0.7992562445183243,10,20,20
13,8852,1.236852830294425e-06,0.029845423296892236,0.17024929588608237,0.799904043964195,10,20,20
13,8853,5.338817867763115e-06,0.029841099955493444,0.17370342056284466,0.7964501406637938,10,20,20
13,8854,5.351621912498542e-06,1.6532253200788542e-09,0.20617986238922498,0.793814784335637,10,20,20
13,8855,1.8080590130429233e-08,7.267267642106029e-06,0.20777234130520936,0.7922203733465576,10,20,20
13,8856,2.3531519940768787e-08,7.353762907034195e-06,0.19920435199337674,0.8007882707121962,10,20,20
13,8857,0.001979672086447768,6.837677722670825e-09,0.20006456799917077,0.7979557530767035,10,20,20
13,8858,0.00026492608840808106,1.2816796719836527e-07,0.2012992105242827,0.7984357352193412,10,20,20
13,8859,2.6698919910722807e-08,5.7163762535197286e-05,0.20404615988017377,0.7958966496583713,10,20,20
13,8860,4.294360437412167e-05,1.2353072340379882e-08,0.2425429530724985,0.7574140909700546,10,20,20
13,8861,1.231391347115986e-07,7.124911851100419e-08,0.34040582271557623,0.6595939828961698,10,20,20
13,8862,1.2301154826532838e-10,6.133770843575479e-07,0.2999654151910732,0.7000339713088304,10,20,20
13,8863,9.280805668579901e-11,5.165627901102705e-07,0.3040939708102188,0.6959055125341828,10,20,20
13,8864,9.311854417454118e-11,5.152714658536117e-07,0.31561848920028174,0.6843809954351333,10,20,20
13,8865,1.4519202364573648e-05,3.484236645091345e-05,0.3174186211454098,0.6825320172857735,10,20,20
13,8866,4.109410641706783e-08,6.70619138865346e-10,0.20010515763832976,0.7998948005969442,10,20,20
13,8867,2.956817496119015e-07,1.220124049460699e-10,0.20008976612835525,0.7999099380678822,10,20,20
13,8868,2.9568203926327547e-07,8.162850586337803e-11,0.20021756228079854,0.7997821419555333,10,20,20
13,8869,2.956818420724341e-07,1.1387606032219318e-10,0.2017451859092383,0.7982545182950431,10,20,20
13,8870,1.052205758062833e-08,9.058320751601769e-09,0.2028497322524807,0.7971502481671406,10,20,20
13,8871,5.119942435401645e-09,5.8563524632783134e-05,0.20188685798032008,0.7980545733751039,10,20,20
13,8872,3.6083291496788824e-08,2.7035846417985033e-08,0.09621712395050688,0.9037828129303552,10,20,20
13,8873,4.620686308638394e-11,4.853458988749588e-10,0.10504739932460494,0.8949526001438421,10,20,20
13,8874,5.029105071442684e-11,3.5224224504892695e-10,0.10001517818215669,0.8999848214153101,10,20,20
13,8875,2.6969595861113796e-10,4.80669537934814e-06,0.009915230135295763,0.9900799628996287,10,20,20
13,8876,1.2601910330390479e-15,1.1926965083931275e-11,0.004240292558727021,0.9957597074293447,10,20,20
13,8877,1.4084887852385369e-16,1.1805327925283433e-10,0.0020753644249357126,0.9979246354570108,10,20,20
13,8878,1.3831251870204087e-16,1.178662356503402e-10,0.0014718230353697936,0.9985281768467636,10,20,20
13,8879,2.861734409887776e-14,1.1285065612219671e-10,0.002569860454762768,0.9974301394323579,10,20,20
13,8880,1.0294586359048791e-13,1.1802028634033787e-10,0.007888716274072933,0.9921112836078038,10,20,20
13,8881,2.6130790865163225e-13,6.355716314503435e-12,0.001995514832846249,0.9980044851605367,10,20,20
13,8882,7.334625687370823e-16,7.228498541192698e-13,0.000746359754343296,0.9992536402449333,10,20,20
13,8883,9.54898956145711e-18,3.099528838114339e-13,0.0015579916017405102,0.9984420083979499,10,20,20
13,8884,6.240004747691047e-16,2.6886415251822594e-12,0.002503965794282346,0.9974960342030286,10,20,20
13,8885,4.997921187455863e-15,3.770692863084061e-09,0.00227887691742662,0.9977211193118756,10,20,20
13,8886,4.2242180693784725e-15,3.9325056216808024e-13,0.003814849961844638,0.9961851500377579,10,20,20
13,8887,1.5436166459949273e-16,3.627351342171274e-14,0.0034224238021251354,0.9965775761978385,10,20,20
13,8888,8.282761016925169e-16,2.0028937606440776e-12,0.005432098337216717,0.9945679016607795,10,20,20
13,8889,3.5360587395196154e-13,5.050458905661235e-08,0.0033383880691668826,0.9966615614258906,10,20,20
13,8890,3.253078869654748e-12,1.5089631470040277e-08,0.0058357059074237985,0.9941642789996916,10,20,20
13,8891,2.4980898849488603e-16,8.099759163951202e-09,0.0050473518964202135,0.9949526400038204,10,20,20
13,8892,2.1671238595982723e-15,4.374234415267209e-12,0.05543646504424299,0.9445635349513806,10,20,20
13,8893,1.712836243804155e-14,5.917139231968027e-09,0.15332032546986468,0.8466796686129789,10,20,20
13,8894,7.483342987893283e-13,2.7825094599261475e-09,0.0006167515059507274,0.9993832457107915,10,20,20
13,8895,2.066741585850059e-15,3.3167119709090976e-13,0.004752688274565724,0.9952473117251006,10,20,20
13,8896,5.502025354213828e-19,1.5209582017684296e-10,0.00018404080564754605,0.9998159590422565,10,20,20
13,8897,1.5776579661545163e-09,1.5297671073215165e-10,0.000943681365099887,0.9990563169042653,10,20,20
13,8898,4.2411942880158016e-13,2.084841583374521e-13,1.6375423097949727e-05,0.9999836245762694,10,20,20
13,8899,4.2722474943475093e-13,3.125514462204893e-11,0.016439717554637,0.9835602824136807,10,20,20
13,8900,5.444146751499115e-15,6.878675938329237e-13,0.013329508694581235,0.9866704913047254,10,20,20
13,8901,1.0367504718663164e-13,3.773779136700655e-09,0.003793274175712756,0.9962067220504045,10,20,20
13,8902,1.8310335336404156e-17,9.984626459598937e-11,0.0010496055238820013,0.9989503943762716,10,20,20
13,8903,4.025616996183722e-15,1.0213058480252547e-10,0.0008943157861701415,0.9991056841116952,10,20,20
13,8904,3.1785273562416617e-10,5.499133341133413e-09,0.031346324151389854,0.9686536700316237,10,20,20
13,8905,5.1298878261999685e-15,1.4250383673200488e-09,0.0030998721809498185,0.9969001263940067,10,20,20
13,8906,4.2190364467457224e-16,2.584318837527655e-13,6.935662551449584e-05,0.9999306433742265,10,20,20
13,8907,1.0755331694664074e-16,1.8587794025027254e-12,0.0018079355615400812,0.998192064436601,10,20,20
13,8908,1.2363448793258322e-15,2.086985652079353e-13,0.00010625681201796812,0.9998937431877719,10,20,20
13,8909,1.2938532145262083e-15,8.726104656188177e-11,0.003111006602776318,0.9968889933099613,10,20,20
13,8910,6.131787464241737e-14,3.668998183249707e-12,0.0017074850203999895,0.9982925149758696,10,20,20
13,8911,4.366730583852212e-10,2.2187042974191533e-06,0.11577927813397078,0.8842185027250586,10,20,20
13,8912,0.001285340975025784,2.411461222857415e-07,0.10257543037115668,0.8961389875076948,10,20,20
13,8913,0.0012853409788840878,2.4114563906636283e-07,0.09879296918715565,0.8999214486883214,10,20,20
13,8914,0.0012853409750257642,2.411453232168328e-07,0.1969906439528368,0.8017237739268142,10,20,20
13,8915,0.0012853409759896526,2.428267073225005e-07,0.20137713128671925,0.797337284910584,10,20,20
13,8916,0.0012853409751377935,2.4264368668041324e-07,0.19972661386551388,0.7989878025156614,10,20,20
13,8917,6.073949180051437e-09,1.0064612309081287e-07,0.2008463341730033,0.7991535591069241,10,20,20
13,8918,7.637958402272251e-05,1.792262551183753e-08,0.14470002813792426,0.8552235743554274,10,20,20
13,8919,2.944217686949792e-09,1.21984951934571e-07,0.13100932827301148,0.8689905467978191,10,20,20
13,8920,4.19013258074104e-15,1.637794833472727e-07,0.1006360511009066,0.8993637851196057,10,20,20
13,8921,4.546290664594412e-11,0.009254641853874552,0.1592637422553,0.8314816158453624,10,20,20
13,8922,2.8687295023149403e-07,2.846630658949684e-05,0.1711965430240774,0.8287747037963825,10,20,20
13,8923,2.868537821237072e-07,2.846630821567555e-05,0.10065142936560587,0.8993198174723963,10,20,20
13,8924,0.0013935673477280498,4.730815637294229e-09,0.10085347398440477,0.8977529539370513,10,20,20
13,8925,3.047994252708695e-10,5.501421091006969e-09,0.10286012439739771,0.8971398697963812,10,20,20
13,8926,3.2875385667211757e-10,5.469441990301181e-09,0.1021293505766416,0.8978706436251622,10,20,20
13,8927,3.047993895450724e-10,5.471201280568317e-09,0.1036533932363181,0.8963466009876809,10,20,20
13,8928,6.356519948286169e-09,4.385204064724254e-10,0.10010953794665751,0.8998904552583022,10,20,20
13,8929,0.009862650436989308,1.0067993064709815e-10,0.09030960611922899,0.8998277433431019,10,20,20
13,8930,3.53252478969732e-07,5.363212548612922e-09,0.12307720663015043,0.8769224347541575,10,20,20
13,8931,1.2923256429451733e-11,0.0005014736447267483,0.18828497093253155,0.8112135554098181,10,20,20
13,8932,8.749582122955145e-14,5.903335284030797e-08,0.1887859357241477,0.8112140052424117,10,20,20
13,8933,8.739683098504174e-14,5.4049760521335876e-08,0.17240852691124484,0.827591419038907,10,20,20
13,8934,1.855044812770744e-12,7.281660069138756e-08,0.10290905666547909,0.8970908705160652,10,20,20
13,8935,2.0701794384032074e-12,5.514295037422678e-06,0.10366742222901257,0.8963270634738798,10,20,20
13,8936,5.687756933479691e-13,2.78650056269597e-07,0.15355936828543684,0.8464403530639384,10,20,20
13,8937,4.29692688557043e-13,5.054497370615021e-07,0.10410878465445346,0.8958907098953794,10,20,20
13,8938,8.851135355119458e-14,2.4284899607045866e-05,0.10756595446054992,0.8924097606397543,10,20,20
13,8939,3.398406113931778e-13,1.4272660473564473e-09,0.10085172616444567,0.899148272407948,10,20,20
13,8940,2.498310861320459e-13,1.2582523304061088e-09,0.10034785369343317,0.8996521450480648,10,20,20
13,8941,2.5001398744745716e-13,0.04239220565281611,0.15785124708695536,0.7997565472599784,10,20,20
13,8942,3.310945017459825e-13,1.1554396374167883e-09,0.10170518100762449,0.8982948178366048,10,20,20
13,8943,4.214145512920235e-13,5.958339896297254e-09,0.10278718467757368,0.8972128093636647,10,20,20
13,8944,1.8747934023866173e-10,0.0006909094088518042,0.10534582652355155,0.8939632638801174,10,20,20
13,8945,1.2386468032660105e-12,2.249143921383079e-06,0.10521095218785537,0.8947867986669845,10,20,20
13,8946,0.0015578066646890056,0.000235285537725404,0.10177344441692326,0.8964334633806622,10,20,20
13,8947,2.6317192114449357e-13,0.00016593810078147106,0.09993599599238835,0.899898065906567,10,20,20
13,8948,9.013943776345056e-05,1.3008210098095953e-07,0.10088466123145672,0.8990250692486782,10,20,20
13,8949,7.165102065185728e-12,6.667261299554368e-06,0.1543095036440509,0.8456838290874842,10,20,20
13,8950,7.1588402490313186e-12,6.667338779760505e-06,0.10406375475726581,0.8959295778967954,10,20,20
13,8951,2.6615293037980806e-07,2.2884571508678478e-08,0.17884721037876897,0.8211525005837285,10,20,20
13,8952,2.6615293111143415e-07,2.2807898629804117e-08,0.1325174587870715,0.8674822522520982,10,20,20
13,8953,6.86826118614787e-05,8.726982233258603e-07,0.13093854064584945,0.8689919040440653,10,20,20
13,8954,2.3921163170748096e-05,0.009667195276814563,0.17778929671003893,0.8125195868499752,10,20,20
13,8955,0.0002971881163411043,0.00224874227141622,0.10046537667067346,0.8969886929415687,10,20,20
13,8956,1.5711828029202424e-10,0.00020334209211969552,0.10287518907827138,0.8969214686724906,10,20,20
13,8957,1.6912967440736096e-15,3.3773375401456004e-06,0.10470617713428262,0.8952904455281754,10,20,20
13,8958,5.547502297065497e-06,2.240562321584006e-06,0.10217319352188939,0.897819018413492,10,20,20
13,8959,7.909406800619909e-13,3.417255744078028e-05,0.10599969038934012,0.8939661370524281,10,20,20
13,8960,5.651243940697085e-09,0.010063663495029938,0.1860351599644981,0.8039011708892279,10,20,20
13,8961,8.115630724080349e-10,0.008253320630256586,0.19175695300246776,0.7999897255557128,10,20,20
13,8962,0.0004501761449446532,1.3474158451399318e-05,0.2016678608799975,0.7978684888166055,10,20,20
13,8963,0.00010056150029435064,4.908133778250512e-06,0.3000118217094797,0.6998827086564472,10,20,20
13,8964,0.00010283127740472184,0.0015272330503362636,0.3003612922830242,0.6980086433892334,10,20,20
13,8965,4.423409086708181e-08,5.122286671769984e-05,0.30134467974646684,0.6986040531527239,10,20,20
13,8966,0.09174485454901929,6.962524941022972e-06,0.2090230893869774,0.6992250935390619,10,20,20
13,8967,4.1753331265819766e-05,0.003231145509627168,0.2984891241430193,0.6982379770160873,10,20,20
13,8968,2.8059973117316527e-06,0.10280176012948619,0.13245857969208716,0.7647368541811148,10,20,20
13,8969,1.423553822530884e-08,0.10045803185753599,0.1347781302750546,0.7647638236318712,10,20,20
13,8970,1.4235538216430344e-08,0.10045803185664795,0.13473914030291012,0.7648028136049035,10,20,20
13,8971,1.4497444568921678e-05,0.10003964900869329,0.10079561773925545,0.7991502358074823,10,20,20
13,8972,1.4497445018131873e-05,0.09966397019521997,0.10377017309633647,0.7965513592634255,10,20,20
13,8973,1.4497526530549048e-05,0.10004166674955035,0.10232645983469553,0.7976173758892238,10,20,20
13,8974,2.043571187770332e-09,0.09998838822127712,0.1536990252785094,0.7463125844566422,10,20,20
13,8975,2.319407726703714e-08,0.09997036260310252,0.15381201649724072,0.7462175977055795,10,20,20
13,8976,2.319124170069342e-08,0.09796749978676704,0.15110819322046257,0.7509242838015286,10,20,20
13,8977,6.848530734592805e-07,0.09999834462903465,0.24910214286328572,0.6508988276546055,10,20,20
13,8978,6.848795477623326e-07,0.09999834563155087,0.2519265611414822,0.648074408347419,10,20,20
13,8979,2.528764625913656e-05,0.09966807831244502,0.19648010183714232,0.7038265322041534,10,20,20
13,8980,1.5457304985209897e-10,0.10015678971737722,0.16879654967696328,0.7310466604510862,10,20,20
13,8981,1.548623367191148e-10,0.0999836870677599,0.10286636351248923,0.7971499492648885,10,20,20
13,8982,7.081860942572174e-09,0.09998318132621198,0.10272476669262857,0.7972920448992984,10,20,20
13,8983,7.081567662801191e-09,0.09999771251792873,0.10007623520452855,0.799926045195975,10,20,20
13,8984,0.05231412213489548,0.09999795595511368,0.049808356779512494,0.7978795651304785,10,20,20
13,8985,0.05231412213488966,0.09914639175655579,0.04975860064788472,0.7987808854606698,10,20,20
13,8986,0.0923805469928126,0.09914615078997224,0.009962879342309555,0.7985104228749054,10,20,20
13,8987,0.08624827666922374,0.09999392743729028,0.013952460175446473,0.7998053357180394,10,20,20
13,8988,0.00012015793566442099,0.13512001440504523,0.06691196021815432,0.7978478674411358,10,20,20
13,8989,1.8864951990765096e-06,0.09998814436973437,0.10006385161372833,0.799946117521338,10,20,20
13,8990,1.8864951990401296e-06,0.09998882341900421,0.14726226071327295,0.7527470293725238,10,20,20
13,8991,1.8864952527535571e-06,0.09962927617247004,0.10282988838547699,0.7975389489468003,10,20,20
13,8992,4.2051231612300915e-12,0.0996340202746912,0.10167845866759355,0.79868752105351,10,20,20
13,8993,5.6985353917345444e-08,0.0963191971598664,0.14933271199310344,0.7543480338616759,10,20,20
13,8994,5.3947930377782e-06,0.09986686587303692,0.10032219826030306,0.7998055410736221,10,20,20
13,8995,5.39479101321539e-06,0.05315996586383415,0.14688413757292276,0.79995050177223,10,20,20
13,8996,5.379078270119692e-07,0.053431124762658766,0.146595984780914,0.7999723525485998,10,20,20
13,8997,4.668673564537513e-05,0.09999602614004038,0.10100821804801138,0.7989490690763024,10,20,20
13,8998,0.009159971466221661,0.09999602611634573,0.09090599032304011,0.7999380120943925,10,20,20
13,8999,0.008648231806294957,0.1427673694573682,0.0497775310155613,0.7988068677207754,10,20,20
13,9000,2.0721013327848443e-15,0.19999965727556618,0.0009821075576175245,0.7990182351668141,10,20,20
13,9001,1.3855629695918614e-12,0.10006123676110486,0.16567925937563188,0.734259503861877,10,20,20
13,9002,1.2124382279691224e-12,0.1000612342846174,0.10402208272637854,0.7959166829877917,10,20,20
13,9003,0.000218024706168321,0.10002142766716068,0.1006919774707253,0.7990685701559457,10,20,20
13,9004,0.00021153932704003173,0.09999461791895178,0.10294823453970725,0.7968456082143003,10,20,20
13,9005,0.00013797287284896478,0.08271203805784959,0.11772339280400804,0.7994265962652933,10,20,20
13,9006,2.7035990163164476e-07,0.09999999376906751,0.10141444818167597,0.7985852876893546,10,20,20
13,9007,2.703599206224659e-07,0.08748711579936909,0.11629295525064795,0.796219658590062,10,20,20
13,9008,2.703599857367595e-07,0.09988160792246603,0.10422379242897242,0.7958943292885754,10,20,20
13,9009,4.0368732863029083e-10,0.09989062317720745,0.10511739430271036,0.7949919821163949,10,20,20
13,9010,4.0368677935852377e-10,0.09999707523538859,0.10248718611912441,0.7975157382417999,10,20,20
13,9011,1.2765926589535793e-08,0.09999708712511825,0.10095654386254671,0.7990463562464085,10,20,20
13,9012,1.2782616741858608e-08,0.09938615952053079,0.10381755485773236,0.7967962728391199,10,20,20
13,9013,4.204542547877273e-07,0.10329724246532716,0.09898130827668361,0.7977210288037343,10,20,20
13,9014,1.6541807795361442e-10,0.13089482389611434,0.0699738661790607,0.7991313097594067,10,20,20
13,9015,0.0001670704524757378,0.09999657113173611,0.10872391560043282,0.7911124428153554,10,20,20
13,9016,0.0001670702878663059,0.006780812540930286,0.18984261970756874,0.8032094974636348,10,20,20
13,9017,0.015496630313231488,0.00017166699857478875,0.18436120700922093,0.7999704956789729,10,20,20
13,9018,7.363527105471714e-08,0.00017166691745652506,0.19996052736931885,0.7998677320779534,10,20,20
13,9019,2.677115229053533e-08,9.708243514208399e-05,0.20004390995570126,0.7998589808380039,10,20,20
13,9020,0.00021135121171452658,9.862886160892531e-05,0.19571748680117798,0.8039725331254987,10,20,20
13,9021,0.00021135121171579827,9.862885463332818e-05,0.19737589065453304,0.8023141292791175,10,20,20
13,9022,0.00021135063727322645,1.5547904648166326e-06,0.19569820337255808,0.8040888911997037,10,20,20
13,9023,0.00021135063730713305,1.554811458857796e-06,0.20005752032544577,0.7997295742257879,10,20,20
13,9024,0.00299808640829246,8.42830864459729e-09,0.1995098587064687,0.7974920464569302,10,20,20
13,9025,2.5130691217065066e-05,8.704921814240827e-09,0.2003510329503822,0.7996238276534785,10,20,20
13,9026,1.3074246735650072e-06,1.8935624348936487e-05,0.20188342464702308,0.798096332303954,10,20,20
13,9027,1.1817864398071972e-07,4.1411340089821395e-07,0.15142017384937484,0.8485792938585798,10,20,20
13,9028,1.0438287833544751e-10,2.3899694479605644e-10,0.007790804030445661,0.9922091956261745,10,20,20
13,9029,1.0069194945380992e-10,4.190981628651119e-11,0.030606167917666592,0.9693938319397315,10,20,20
13,9030,1.6837326828766032e-16,2.466441719650281e-10,0.10234213767194,0.8976578620814155,10,20,20
13,9031,7.587447847424261e-13,4.2941120448983564e-11,0.09411398052415314,0.905886019432147,10,20,20
13,9032,6.587843902956304e-10,6.391049254327257e-05,0.08896295060945834,0.9109731382392139,10,20,20
13,9033,1.4230123270580855e-12,1.7692030550707282e-08,0.10293935131621965,0.8970606309903267,10,20,20
13,9034,0.0007683527726079634,5.328837343820647e-07,0.09936164597546553,0.8998694683681918,10,20,20
13,9035,0.00021718247875449266,2.265782573471393e-06,0.10015239470780946,0.8996281570308626,10,20,20
13,9036,0.002785315852173437,5.427332917256116e-08,0.06154515338705206,0.9356694764874447,10,20,20
13,9037,2.74654603670898e-05,7.631857914061355e-05,0.0959337935347375,0.9039624224257548,10,20,20
13,9038,4.478281819147836e-09,0.010100865870661674,0.08107142204804912,0.9088277076030075,10,20,20
13,9039,0.0014207627034226414,4.8821397870319955e-05,0.09870363845997226,0.8998267774387345,10,20,20
13,9040,1.589053944799276e-08,8.848502762967411e-07,0.10603427939123271,0.8939648198679511,10,20,20
13,9041,8.335087461531607e-16,2.623053415766708e-05,0.10432608946134703,0.8956476800044946,10,20,20
13,9042,9.087694400983818e-19,2.6230493094688648e-05,0.09821008890052461,0.9017636806063806,10,20,20
13,9043,1.3735209106647454e-15,2.6230573656681844e-05,0.10133680758344774,0.8986369618428942,10,20,20
13,9044,3.383460295354697e-17,2.623229378633434e-05,0.12514151951803734,0.8748322481881763,10,20,20
13,9045,9.634532682378435e-13,1.4140059128007788e-05,0.13891079349000357,0.861075066449905,10,20,20
13,9046,3.809463438939524e-14,1.4052981662208251e-05,0.19434756395300873,0.8056383830652909,10,20,20
13,9047,2.6036121847205957e-12,2.4971935297140387e-05,0.19998058938350874,0.7999944386785902,10,20,20
13,9048,2.6074565000459904e-12,2.4972086414485076e-05,0.20008359386086877,0.7998914340501092,10,20,20
13,9049,2.585102967551246e-12,3.645574797326596e-05,0.2001098495674975,0.7998536946819439,10,20,20
13,9050,8.754685813471576e-12,2.0776123604143257e-05,0.2000598395827277,0.7999193842849139,10,20,20
13,9051,1.1772686123920672e-08,9.864544203592321e-06,0.13844577695706872,0.8615443467260414,10,20,20
13,9052,6.17624472169538e-12,9.857494651131388e-06,0.10193729842513817,0.8980528440740345,10,20,20
13,9053,5.13274332889203e-14,0.0006792019623143111,0.10171778139111728,0.8976030166465169,10,20,20
13,9054,7.000993141367148e-05,1.1790233045637398e-05,0.10242314262422887,0.8974950572113117,10,20,20
13,9055,0.0015490945299743545,0.0028233086722939662,0.19599967019695325,0.7996279266007782,10,20,20
13,9056,0.0015490945302545187,0.002823179092522575,0.09767582598742583,0.897951900389797,10,20,20
13,9057,0.0015490945299758275,0.0028231790980303975,0.09818060236805164,0.8974471240039421,10,20,20
13,9058,0.001549094529975824,0.0028231791614420033,0.09932497282682475,0.8963027534817571,10,20,20
13,9059,0.0015490945299912807,0.0028231793887851025,0.09760511070177169,0.8980226153794513,10,20,20
13,9060,1.8968934425429758e-06,3.781646033984961e-08,0.14928045460341638,0.8507176106866801,10,20,20
13,9061,1.8968934424521933e-06,2.648978158267027e-08,0.1495129886814262,0.8504850879353494,10,20,20
13,9062,1.8973550802802484e-06,2.658354971781868e-08,0.1518810987127967,0.848116977348573,10,20,20
13,9063,1.8968934567254147e-06,2.638183709762706e-08,0.10246777255614987,0.8975303041685564,10,20,20
13,9064,2.1468702609536928e-10,1.1154067179070582e-07,0.10359356120336487,0.8964063270412763,10,20,20
13,9065,4.250176503968381e-05,0.0006600324652169577,0.20222961004367215,0.7970678557260705,10,20,20
13,9066,1.7414872997983272e-11,2.41299279235107e-06,0.16828398879463463,0.8317135981951583,10,20,20
13,9067,2.2397397718073197e-11,2.4510833672873395e-11,0.10189559086965336,0.8981044090834385,10,20,20
13,9068,1.3575324638968729e-08,6.942549280462332e-08,0.10265252282426578,0.8973473941749166,10,20,20
13,9069,1.3143058144907515e-09,3.095691008943461e-07,0.1499660450354673,0.8500336440811264,10,20,20
13,9070,3.0457131040332054e-08,2.2866892875718563e-05,0.15145961448238804,0.848517488167605,10,20,20
13,9071,3.040212310538462e-06,4.256232004997209e-05,0.10624982153236626,0.8937045759352731,10,20,20
13,9072,1.6674068958046083e-11,8.904334832417519e-05,0.10003198020060564,0.8998789764343963,10,20,20
13,9073,4.0784889761236e-09,0.00018700216814251643,0.10413108115985606,0.8956819125935123,10,20,20
13,9074,4.078625623832343e-09,0.00018700179382065825,0.10209886170410476,0.8977141324234491,10,20,20
13,9075,1.385161368672081e-13,2.214194187449617e-05,0.1709400666428549,0.8290377914151321,10,20,20
13,9076,1.0771882598000344e-11,8.236813581090417e-06,0.17240711650556168,0.827584646670085,10,20,20
13,9077,1.0694961799471681e-11,0.03426699386514055,0.06594057440927885,0.8997924317148854,10,20,20
13,9078,8.094337836694754e-16,0.03426699405660315,0.10909544751103521,0.8566375584323609,10,20,20
13,9079,5.4810368184556934e-11,7.2304584148002e-06,0.20025838954056532,0.7997343799462089,10,20,20
13,9080,1.4826354480473575e-08,0.004913241902227935,0.19516978393029685,0.7999169593411204,10,20,20
13,9081,1.1747858165975515e-08,8.822291066631216e-06,0.20434011047620695,0.7956510554848678,10,20,20
13,9082,3.797556939631395e-14,0.0007601293520336276,0.2539430007743091,0.7452968698736193,10,20,20
13,9083,6.721873396163006e-13,0.0007568193884071044,0.20197621962877038,0.7972669609821506,10,20,20
13,9084,1.0452783357287868e-12,0.00016284423419943116,0.20365627585435986,0.7961808799103953,10,20,20
13,9085,1.0895655458717621e-12,0.00016284464536918652,0.2043381513860476,0.7954990039674935,10,20,20
13,9086,4.874019809838995e-15,0.0013584346147313092,0.2258029186447988,0.7728386467404651,10,20,20
13,9087,2.505430649470874e-15,0.0013584346024502491,0.1986525533037488,0.7999890120937979,10,20,20
13,9088,2.5463757096784924e-15,0.001358694185450194,0.2480043819155103,0.750636923899037,10,20,20
13,9089,8.117812314280083e-13,1.1831302072198405e-05,0.2476015797580809,0.7523865889390354,10,20,20
13,9090,9.334372416137923e-13,7.342123908130788e-06,0.3180857360805052,0.6819069217946533,10,20,20
13,9091,1.4238074451877727e-07,2.4498825602064203e-07,0.2020609651788487,0.7979386474521502,10,20,20
13,9092,9.95840873644784e-08,0.001047708943304351,0.20032614776388855,0.7986260437087196,10,20,20
13,9093,1.5229495448455157e-09,9.45187071044543e-06,0.2001321178778941,0.7998584287284456,10,20,20
13,9094,1.6556620902722386e-07,6.072473239892328e-05,0.24295887910671668,0.7569802305946743,10,20,20
13,9095,7.855278981205383e-13,0.0003292275279420399,0.24225075265367857,0.7574200198175929,10,20,20
13,9096,2.723519615529224e-09,0.0013328568605419243,0.2600183889868934,0.7386487514290445,10,20,20
13,9097,3.4135988848549276e-10,0.02997977140308558,0.17311992671379298,0.7969003015417612,10,20,20
13,9098,7.693992665678458e-13,0.05922157764616446,0.1482873140257768,0.7924911083272889,10,20,20
13,9099,1.5401482749305593e-08,0.09999670255659583,0.04010476333337324,0.859898518708548,10,20,20
13,9100,1.540148368592821e-08,0.09999972879848816,0.04087395563394218,0.8591263001660859,10,20,20
13,9101,1.5391747034261232e-12,0.09999972806000763,0.00337870594895767,0.8966215659894955,10,20,20
13,9102,1.5391708321347091e-12,0.09973988690610315,0.0015458192677048458,0.8987142938246528,10,20,20
13,9103,1.5390457035779656e-12,0.09987975427390701,0.007908844949078706,0.8922114007754752,10,20,20
13,9104,1.918109106579769e-17,0.0998797538092405,0.005140431315436629,0.8949798148753226,10,20,20
13,9105,3.0985766551456565e-13,0.09999826599079945,0.007465870584407538,0.8925358634244832,10,20,20
13,9106,1.3510773812021352e-16,0.09815559616857672,0.00829726737440573,0.8935471364570173,10,20,20
13,9107,7.517952327093565e-15,0.09997451503180851,0.0036408169074727452,0.8963846680607113,10,20,20
13,9108,7.518638709064486e-15,0.09997451507425975,0.003338644841631741,0.896686840084101,10,20,20
13,9109,1.3584002517088476e-11,0.09996000889050168,0.0023188179161367202,0.8977211731797773,10,20,20
13,9110,1.220878119000971e-11,0.09997841491074103,0.0015764784496773287,0.8984451066273726,10,20,20
13,9111,7.365487489263741e-14,0.09997841496111282,8.28014560148603e-05,0.8999387835827986,10,20,20
13,9112,6.164543052096874e-14,0.09973830737657356,0.0005320127030803733,0.8997296799202843,10,20,20
13,9113,1.6437385523001285e-16,0.0921711897483963,0.05527429459205947,0.852554515659544,10,20,20
13,9114,3.0436994925370425e-14,0.09997165576128773,0.00019494151857873303,0.899833402720103,10,20,20
13,9115,3.043301324026781e-14,0.09997165503638539,0.001608768460443237,0.8984195765031409,10,20,20
13,9116,6.40990028716084e-11,0.09990299962955196,0.008617529713485457,0.8914794705928637,10,20,20
13,9117,1.2156479603291868e-15,0.08060231245023033,0.03279813624681336,0.8865995513029551,10,20,20
13,9118,2.7959936676806038e-14,0.09591878455693431,0.008043449710829998,0.8960377657322078,10,20,20
13,9119,2.2520217486401038e-13,0.09999994190282399,0.0009212164624196568,0.8990788416345314,10,20,20
13,9120,2.5013935101564728e-14,0.09999994190276987,0.00016332755541646846,0.8998367305417888,10,20,20
13,9121,6.244839786154297e-17,0.09999970074164946,0.004871190686223149,0.8951291085721275,10,20,20
13,9122,3.0515485068188385e-17,0.09999733715458428,0.004854498846020223,0.8951481639993956,10,20,20
13,9123,8.061946903531257e-14,0.09999733936079713,0.01715270299994267,0.8828499576391795,10,20,20
13,9124,5.025331607284576e-14,0.0999973370301283,0.0013428782532303204,0.8986597847165909,10,20,20
13,9125,4.2223268409890745e-15,0.09528481418912978,0.1048142358698485,0.7999009499410169,10,20,20
13,9126,9.531525394494761e-16,0.09528481418746997,0.10588046651404563,0.7988347192984833,10,20,20
13,9127,9.948550265598895e-16,0.09526586210733354,0.10838091397937503,0.7963532239132902,10,20,20
13,9128,3.1649998090483534e-09,0.09526568142773818,0.11103501458044367,0.7936993008268183,10,20,20
13,9129,3.24393282374934e-09,0.09997758582554517,0.1697039188706861,0.7303184920598361,10,20,20
13,9130,4.043149406621282e-08,0.09837618885570368,0.16612002584717767,0.7355037448656242,10,20,20
13,9131,4.042881516447416e-08,0.09989549428271889,0.13213541138843057,0.7679690539000351,10,20,20
13,9132,9.802521921458773e-11,0.1006847148232132,0.13433303869098095,0.7649822463877803,10,20,20
13,9133,8.027684561616537e-08,0.09989556472307959,0.10181770666692855,0.7982866483331457,10,20,20
13,9134,4.74323300240574e-09,0.09999048146571358,0.1001072078217343,0.7999023059693188,10,20,20
13,9135,5.43503122311359e-07,0.0999900944533063,0.12527185829490833,0.7747375037486632,10,20,20
13,9136,8.944720396242747e-07,0.09997936487626287,0.10265054934071809,0.797369191310979,10,20,20
13,9137,8.944720414220789e-07,0.09999872036703512,0.10098762557845216,0.7990127595824714,10,20,20
13,9138,1.38972458240533e-09,0.09999814485857901,0.009067438502079474,0.8909344152496169,10,20,20
13,9139,1.389787627525941e-09,2.674182332921846e-06,0.14650360343616814,0.8534937209917108,10,20,20
13,9140,6.395226064067646e-08,6.015974598514717e-06,0.14533373547800493,0.8546601845951358,10,20,20
13,9141,6.256253586082324e-08,6.015937947978655e-06,0.14223957738359316,0.8577543441159229,10,20,20
13,9142,1.787642647862008e-14,0.00029566055727715677,0.146554272980902,0.8531500664618031,10,20,20
13,9143,5.546220217963902e-08,6.597770184369829e-06,0.1204976374733101,0.879495709294303,10,20,20
13,9144,5.546086933254967e-08,6.597767746217261e-06,0.10880222092401234,0.8911911258473719,10,20,20
13,9145,7.160120814746297e-16,2.946581224404419e-06,0.10482374154300751,0.8951733118757671,10,20,20
13,9146,3.345178523589412e-07,1.0298460354222723e-08,0.09673945582325774,0.9032601993604293,10,20,20
13,9147,1.603366473656412e-09,2.428585298481261e-09,0.10184277129645443,0.8981572246715939,10,20,20
13,9148,1.2160598892149383e-08,1.3819142960680526e-08,0.1764242285921123,0.8235757454281456,10,20,20
13,9149,2.479682270087791e-11,1.2286973314567005e-08,0.1001552065636746,0.8998447811245549,10,20,20
13,9150,2.0791498382369452e-14,1.0644035728294739e-07,0.20089755290791428,0.7991023406517078,10,20,20
13,9151,4.300459693726489e-11,0.0986096253602966,0.02992581045049847,0.8714645641462002,10,20,20
13,9152,5.860487999161639e-15,0.09985994818352356,0.13976315527449681,0.7603768965419737,10,20,20
13,9153,2.640284326522455e-12,0.10006726545500555,0.15140693309094774,0.7485258014514062,10,20,20
13,9154,1.867239673261386e-14,0.09999605126051828,0.14839658551365623,0.751607363225807,10,20,20
13,9155,2.3880147865401558e-08,0.09983317544657996,0.1004206531110207,0.7997461475622512,10,20,20
13,9156,1.1174362630649624e-08,0.09986117551279591,0.10028198435524774,0.7998568289575937,10,20,20
13,9157,1.0442481551082338e-08,0.09942949223756649,0.19336185920507631,0.707208638114875,10,20,20
13,9158,0.056312287654803686,0.0994294839292605,0.17237596178690115,0.6718822666290345,10,20,20
13,9159,0.05631228765439848,0.09950526724821826,0.20928701596103863,0.6348954291363443,10,20,20
13,9160,0.05631296105702904,0.09950526601836603,0.17685560841223807,0.6673261645123663,10,20,20
13,9161,6.639672119216208e-08,0.09596149755574034,0.2358412724227971,0.668197163624741,10,20,20
13,9162,3.7889650550006603e-07,0.09940897652384086,0.230578400477375,0.670012244102278,10,20,20
13,9163,1.5996600125308486e-13,0.08942719638267789,0.2405920028650827,0.6699808007520789,10,20,20
13,9164,1.2119994444029454e-13,0.1004781829110343,0.24149797805062648,0.6580238390382175,10,20,20
13,9165,1.8378006085058194e-14,0.14934361481571667,0.19670383013814538,0.6539525550461194,10,20,20
13,9166,6.365797410445503e-14,0.10084289525670956,0.20020356693440186,0.6989535378088246,10,20,20
13,9167,3.7144658983334335e-11,0.1044098894655218,0.24208431001533431,0.6535058004819986,10,20,20
13,9168,1.6290918652387083e-14,0.09905896532637513,0.2707093176030134,0.6302317170705947,10,20,20
13,9169,6.672281120559928e-10,0.09837304824790354,0.2713016724778635,0.6303252786070044,10,20,20
13,9170,4.981034480590507e-13,0.13924361812371017,0.1608475916239488,0.6999087902518426,10,20,20
13,9171,3.0004609449620303e-12,0.10000144614315176,0.20054155262886303,0.6994570012249846,10,20,20
13,9172,3.893939178194996e-08,0.031142344415427754,0.27520199789549765,0.6936556187496823,10,20,20
13,9173,1.0979036352832775e-08,0.09806826848376532,0.20049949197320566,0.7014322285639922,10,20,20
13,9174,0.00034446151740772887,0.09882638832978118,0.20248495190679255,0.698344198246018,10,20,20
13,9175,1.9519616486452675e-07,0.10075937755103284,0.14424939590499358,0.7549910313478085,10,20,20
13,9176,3.912733772333924e-13,0.09999920839058955,0.10334650870453636,0.7966542829044826,10,20,20
13,9177,3.884897131810635e-13,0.09999982677544522,0.10011802843530607,0.7998821447888602,10,20,20
13,9178,3.071648231254757e-08,0.05225147158529293,0.151535426079843,0.7962130716183815,10,20,20
13,9179,3.07164249640556e-08,0.09999847539206747,0.19490174891426074,0.7050997449772464,10,20,20
13,9180,3.0716424561703875e-08,0.10000225715120929,0.10138238793739555,0.7986153241949702,10,20,20
13,9181,3.371563694195791e-10,0.01839011584148469,0.1816736681967879,0.7999362156245706,10,20,20
13,9182,3.3715649759149586e-10,0.018390115852633428,0.1816769235059637,0.7999329603042462,10,20,20
13,9183,1.9562473682344455e-06,3.524925663215121e-05,0.2010218154103706,0.7989409790856287,10,20,20
13,9184,1.8444426086389918e-06,3.5008123742065496e-06,0.2007230073524892,0.7992716473925269,10,20,20
13,9185,3.2676139789117985e-10,2.789803522324213e-07,0.20071934500451866,0.799280375688367,10,20,20
13,9186,6.242380129444209e-13,1.5532723530539538e-05,0.20068546380072144,0.7992990034751238,10,20,20
13,9187,5.702907252413071e-10,0.09255656491132921,0.10814373240882351,0.7992997021095563,10,20,20
13,9188,7.784341677173319e-11,0.0994438443195546,0.10282325638827321,0.7977328992143287,10,20,20
13,9189,0.0007178834792801206,0.10002164792314358,0.12605990002967743,0.7732005685678984,10,20,20
13,9190,5.518434835454809e-09,0.10026339591951028,0.11353224807019142,0.7862043504918633,10,20,20
13,9191,0.09523284049985686,0.09922030288556158,0.007670248445886997,0.7978766081686944,10,20,20
13,9192,1.5598180897039632e-05,0.0999992162954231,0.10354991512237392,0.7964352704013054,10,20,20
13,9193,5.1189599297907775e-06,0.1000065434212268,0.05910259159290297,0.8408857460259401,10,20,20
13,9194,2.8871084887073763e-17,0.09999646711548034,0.00024620507559336977,0.8997573278089263,10,20,20
13,9195,5.529334840129849e-14,0.09999735004789624,0.0001810351497742693,0.8998216148022742,10,20,20
13,9196,4.869424476527644e-12,0.0999995161494517,0.0007265029338329082,0.899273980911846,10,20,20
13,9197,4.869515360362996e-12,0.099999516150874,0.09995927100726638,0.8000412128369898,10,20,20
13,9198,5.537280790075782e-14,0.09998656586221277,0.09916272268828391,0.8008507114494476,10,20,20
13,9199,9.012338466809702e-14,0.09999991729691307,0.033473265047648595,0.866526817655348,10,20,20
13,9200,1.1610258626756603e-13,0.09999991710850195,0.0332145816460235,0.8667855012453585,10,20,20
13,9201,1.1636340593863013e-13,0.0999999149384497,0.029890601290955925,0.8701094837704778,10,20,20
13,9202,5.228314848869755e-15,0.09452523452172898,0.13645715497441532,0.7690176105038502,10,20,20
13,9203,8.956555950774068e-14,0.10060306203952403,0.13335475969332491,0.7660421782670612,10,20,20
13,9204,9.325158986257268e-11,0.10782841104039453,0.12614799227793558,0.766023596588418,10,20,20
13,9205,2.165884053806208e-13,0.09999966444648076,0.10574932701964615,0.7942510085336566,10,20,20
13,9206,4.769574928292801e-08,0.0999992233857347,0.04048194690304133,0.8595187820154747,10,20,20
13,9207,4.769574928414471e-08,0.0999809123502988,0.0881520096525091,0.8118670303014426,10,20,20
13,9208,8.503006667866949e-14,0.09998091232279632,0.009013135170903533,0.8910059525062151,10,20,20
13,9209,9.778618081619418e-17,0.09959234412207908,0.06246699682681356,0.837940659051107,10,20,20
13,9210,1.504638798450992e-17,0.09959234412150451,0.00046141434074451794,0.8999462415377508,10,20,20
13,9211,5.12536336401511e-07,0.09959234412143073,0.01519420580181767,0.885212937540415,10,20,20
13,9212,7.89181152367392e-12,0.09999973897413963,0.0018563100991486874,0.8981439509188199,10,20,20
13,9213,1.390900978018318e-10,0.0022490294471608865,0.10000759526284404,0.897743375150905,10,20,20
13,9214,1.3909011847380578e-10,0.002249030921834539,0.1006026514977415,0.8971483174413339,10,20,20
13,9215,1.3909015005135352e-10,0.002249031217615895,0.10361239775240647,0.8941385708908877,10,20,20
13,9216,3.7835627787441535e-12,1.0849629705892784e-05,0.10442299622146149,0.895566154145049,10,20,20
13,9217,3.7859520102824164e-12,1.0848156881350594e-05,0.10174489025577733,0.8982442615835554,10,20,20
13,9218,4.541397732523831e-15,0.09995143400017767,0.0582668042612378,0.8417817617385799,10,20,20
13,9219,3.65170787317318e-12,0.09983518885975588,0.002278293906852088,0.8978865172297402,10,20,20
13,9220,3.649372155994374e-12,0.09999934564985144,0.0011580408481983856,0.8988426134983009,10,20,20
13,9221,1.8783936426105674e-15,0.09999935338586316,0.05757386941411406,0.8424267772000213,10,20,20
13,9222,1.8107297992193336e-15,0.09995191819342919,0.054606393796006,0.8454416880105631,10,20,20
13,9223,3.258664328024261e-17,0.09999550445368725,0.005144210741331515,0.8948602848049811,10,20,20
13,9224,7.050881732861127e-17,0.09999143212265171,0.004421814468918559,0.8955867534084296,10,20,20
13,9225,9.374148952247994e-13,0.0999914321297594,0.10385395292013615,0.7961546149491674,10,20,20
13,9226,5.141821110331168e-16,0.09678429299956762,0.10261332947745035,0.8006023775229811,10,20,20
13,9227,2.248867271679136e-15,0.09987759869785413,0.09966846978547277,0.8004539315166708,10,20,20
13,9228,3.7506828072493594e-10,0.10024132857528116,0.10090217020797884,0.7988565008416715,10,20,20
13,9229,3.961848635292703e-13,0.0632788596729382,0.13684755896158846,0.7998735813650769,10,20,20
13,9230,9.443892933009629e-14,0.09958257327104822,0.1025554389648494,0.7978619877640077,10,20,20
13,9231,1.3898142064922376e-14,0.10030524050293074,0.10275042004721249,0.7969443394498426,10,20,20
13,9232,1.2310685551782328e-14,0.10012270990362102,0.10377662267686123,0.7961006674195055,10,20,20
13,9233,2.497586355611586e-13,0.10046882439164337,0.10085919659411535,0.7986719790139915,10,20,20
13,9234,2.1956766685452687e-11,0.09778757959714976,0.1107358906017345,0.7914765297791592,10,20,20
13,9235,1.2610044279898223e-10,0.09779720734369764,0.10730281078400825,0.7948999817461936,10,20,20
13,9236,1.507645301036882e-12,0.09779720742357041,0.13065741280060122,0.7715453797743208,10,20,20
13,9237,1.4214480478375997e-12,0.09997179900437561,0.1272357945446117,0.7727924064495911,10,20,20
13,9238,4.040561490250782e-09,0.09997179900562875,0.11463224408229826,0.7853959528715112,10,20,20
13,9239,3.177544571328335e-07,0.09997380472485243,0.09588210736282493,0.8041437701578655,10,20,20
13,9240,5.520694301522048e-12,4.9359533145807395e-05,0.20040158832133642,0.799549052139996,10,20,20
13,9241,0.09967909360057846,3.839218635037897e-06,0.10231793526651638,0.79799913191427,10,20,20
13,9242,2.823324212939226e-13,5.780524187216813e-06,0.10484555317030197,0.895148666305228,10,20,20
13,9243,5.810924791607847e-13,0.00019277689370013985,0.10186482554046135,0.8979423975652574,10,20,20
13,9244,3.8498105354892626e-16,1.4593310809031851e-06,0.10093408198752167,0.8990644586813972,10,20,20
13,9245,1.6420600375659006e-11,1.4662221274554828e-06,0.1213894478416937,0.8786090859197581,10,20,20
13,9246,8.742852291457637e-12,1.8163731587017482e-07,0.1448931121917767,0.8551067061621644,10,20,20
13,9247,1.3197457491161507e-06,2.702926507727836e-05,0.1453416740680408,0.8546299769211323,10,20,20
13,9248,1.368430812460758e-14,4.672756545432768e-07,0.1422192126995247,0.8577803200248069,10,20,20
13,9249,6.431419930558797e-11,8.856156223768009e-07,0.09984615355037442,0.9001529607696888,10,20,20
13,9250,6.427669732375367e-11,8.856156751316811e-07,0.10207071394054859,0.8979284003794994,10,20,20
13,9251,2.5888757937240483e-11,2.2384252134066257e-06,0.10405804999606316,0.8959397115528347,10,20,20
13,9252,1.96871489549258e-07,2.4198479085881926e-09,0.1358241057393229,0.8641756949693397,10,20,20
13,9253,1.968714925217441e-07,2.419534850637909e-09,0.13367251888291837,0.8663272818260545,10,20,20
13,9254,1.9687143394660942e-07,5.913920324057889e-09,0.14990579794131723,0.8500939992733285,10,20,20
13,9255,7.765484402053187e-08,2.1287411616995443e-09,0.1699147246474843,0.8300851955689307,10,20,20
13,9256,1.7828416460810365e-11,1.030089896575382e-06,0.1463212911520344,0.8536776787402408,10,20,20
13,9257,1.2995253870985328e-08,6.193793764991222e-05,0.1422181353924213,0.8577199136746749,10,20,20
13,9258,1.2995700544817104e-08,6.19379373244686e-05,0.1427152987675784,0.8572227502993967,10,20,20
13,9259,8.849568747034276e-11,1.1767444371392292e-07,0.10016911343857966,0.8998307687984803,10,20,20
13,9260,8.848847981685842e-11,1.1767427797796785e-07,0.10014891606547408,0.8998509661717591,10,20,20
13,9261,1.3014989849820492e-14,1.695293586790893e-05,0.10264042499565398,0.897342622068465,10,20,20
13,9262,1.826785180645499e-14,1.6952918237396516e-05,0.1418277989311925,0.858155248150552,10,20,20
13,9263,2.2761128351420492e-08,5.24704028480788e-07,0.10519728565434741,0.8948021668804955,10,20,20
13,9264,2.2761347772262926e-08,9.256561387036564e-07,0.1429867780380314,0.8570122735444816,10,20,20
13,9265,8.341350161811864e-08,0.006404696693203709,0.13677361283007441,0.8568216070632199,10,20,20
13,9266,7.668175077775747e-05,3.434790148024722e-07,0.10423726252971324,0.8956857122404941,10,20,20
13,9267,7.668175074472403e-05,3.389371526169048e-07,0.10044359943732557,0.899479379874777,10,20,20
13,9268,5.2448174694925506e-15,0.001103880623872683,0.09895940925940015,0.8999367101167218,10,20,20
13,9269,3.7794216684896918e-06,0.0003383907341077486,0.09979643077440864,0.8998613990698148,10,20,20
13,9270,0.0006569187848191113,5.018877894088727e-06,0.09942071121191201,0.8999173511253744,10,20,20
13,9271,0.0006569187848203067,5.01888410743616e-06,0.1015208410944621,0.8978172212366096,10,20,20
13,9272,0.000656918786767513,5.018891672418466e-06,0.09960611208334703,0.8997319502382123,10,20,20
13,9273,0.00011120175203710824,1.5746732726440855e-09,0.10222934342189753,0.8976594532513923,10,20,20
13,9274,0.000111201752037109,9.579923846667865e-10,0.09999768264953637,0.8998911146404343,10,20,20
13,9275,2.2042128568425864e-07,0.0003455986255974015,0.10064576903476988,0.8990084119183465,10,20,20
13,9276,1.9696716012995698e-10,1.849229323066783e-07,0.20193321257022706,0.7980666023098731,10,20,20
13,9277,3.382619644586369e-08,2.1065187204283312e-07,0.2300270188250968,0.7699727366968346,10,20,20
13,9278,4.046302828345788e-09,4.183567244986014e-10,0.20420062072722564,0.7957993748081148,10,20,20
13,9279,4.3431966483613683e-08,4.809287731768531e-06,0.19958602702807124,0.80040912025223,10,20,20
13,9280,5.735564735298815e-06,0.00018506971703351058,0.20000224378346068,0.7998069509347706,10,20,20
13,9281,0.001037366263786016,5.00797913165709e-06,0.20110304868751924,0.7978545770695625,10,20,20
13,9282,0.0010373228323836668,8.346834825415425e-07,0.2002835744087233,0.7986782680754094,10,20,20
13,9283,0.0010373228967842292,2.2443333994223323e-06,0.1990702300542308,0.7998902027155854,10,20,20
13,9284,0.0010373228967842354,2.2442507353368595e-06,0.19907039408644184,0.7998900387660384,10,20,20
13,9285,6.488994981871126e-11,1.7864940804576581e-06,0.20212540134005694,0.7978728121009726,10,20,20
13,9286,0.16010641396341557,7.011179096489794e-08,0.04007578350746646,0.799817732417327,10,20,20
13,9287,0.09463474290312923,3.106419941538956e-11,0.10553552354020646,0.7998297335255999,10,20,20
13,9288,0.09463474290312902,8.441868087788829e-11,0.10905331900624446,0.7963119380062078,10,20,20
13,9289,4.679047431240011e-07,4.873393939627862e-07,0.2164136160685735,0.7835854286872884,10,20,20
13,9290,5.593340360611459e-07,9.530240606442278e-09,0.2021123451971484,0.7978870859385745,10,20,20
13,9291,9.420528015794766e-08,9.624565744338379e-09,0.20017812971912058,0.7998217664510335,10,20,20
13,9292,1.3718533017639846e-06,2.3296101137589735e-09,0.3102611967815857,0.6897374290355022,10,20,20
13,9293,1.5358183142877415e-06,1.5231171368907576e-09,0.3122486290160812,0.687749833642487,10,20,20
13,9294,2.623747364867852e-07,1.1429099734449248e-08,0.23894653722528925,0.7610531889708746,10,20,20
13,9295,0.0002737728566081249,0.003364666245962175,0.18824783742427403,0.8081137234731557,10,20,20
13,9296,4.0035850429293744e-07,0.041039255112788595,0.23343710613088717,0.7255232383978196,10,20,20
13,9297,0.0005041859468207297,0.00015214011138740287,0.19982145749847194,0.7995222164433196,10,20,20
13,9298,0.001579480425427264,9.50096335445108e-06,0.19891837704185114,0.7994926415693667,10,20,20
13,9299,3.1906340212355505e-09,9.24750675570236e-06,0.20154617995609098,0.7984445693465192,10,20,20
13,9300,3.1906402451260592e-09,3.957889510597821e-07,0.201585980796631,0.7984136202237769,10,20,20
13,9301,8.147804139258095e-05,2.654188431634443e-07,0.20160759256284813,0.7983106639769153,10,20,20
13,9302,0.00241651954711207,1.5759668244136437e-05,0.19768295102054745,0.7998847697640963,10,20,20
13,9303,0.03000486165190348,9.395171928892693e-08,0.17002580276719342,0.7999692416291835,10,20,20
13,9304,1.665692382780691e-05,9.395524777218809e-08,0.21678599956583255,0.7831972495550914,10,20,20
13,9305,1.9322059720986727e-05,9.516167332151994e-08,0.20043249558373505,0.7995480871948704,10,20,20
13,9306,2.777370098782321e-06,0.0008708750089775943,0.1991814129789931,0.7999449346419304,10,20,20
13,9307,0.0001490712307103791,0.00010390264289313633,0.21992027539779607,0.7798267507285999,10,20,20
13,9308,5.528994284952338e-06,1.9784846428786664e-06,0.2188945514047326,0.7810979411163392,10,20,20
13,9309,1.239824325280088e-07,1.2640260314995461e-06,0.19841894767186202,0.8015796643196736,10,20,20
13,9310,0.016374927260906995,0.00012829050673895094,0.1836100919333646,0.7998866902989888,10,20,20
13,9311,9.060668819321433e-07,2.3934508634090535e-07,0.2016222492777106,0.7983766053103208,10,20,20
13,9312,1.4468465779128079e-05,0.0001423559062253831,0.19969722509357835,0.8001459505344171,10,20,20
13,9313,5.097915165335772e-05,5.07311377589717e-11,0.20005524255695342,0.7998937782406619,10,20,20
13,9314,4.276096703154584e-05,2.5288044367531116e-05,0.20133712651581762,0.798594824472783,10,20,20
13,9315,8.396340284152983e-10,0.000792443599980394,0.20421855041639364,0.7949890051439914,10,20,20
13,9316,0.004217602298934849,4.6425213399525566e-05,0.250292591934766,0.7454433805528995,10,20,20
13,9317,0.004217592876835793,4.6424156687607037e-05,0.19583723953349805,0.7998987434329787,10,20,20
13,9318,7.724881683302323e-10,0.006852116872681846,0.1941026454753058,0.7990452368795239,10,20,20
13,9319,2.598376795881411e-11,3.6411255193000454e-06,0.20079131252452367,0.7992050463239734,10,20,20
13,9320,2.4528241529888382e-11,1.70606200756952e-08,0.16744063123326347,0.8325593516815877,10,20,20
13,9321,2.4527522049643257e-11,1.7052468853544056e-08,0.1001947407882369,0.8998052421347665,10,20,20
13,9322,2.4527515408018697e-11,1.7052399000804186e-08,0.10009457613270353,0.8999054067903698,10,20,20
13,9323,9.8340839527816e-10,2.791173773274362e-10,0.10202597332094913,0.8979740254165247,10,20,20
13,9324,1.3702308661036829e-17,1.218711610247267e-07,0.10009543314026155,0.8999044449885772,10,20,20
13,9325,1.473203236064585e-11,8.253663538609046e-06,0.09917307989059852,0.9008186664311308,10,20,20
13,9326,1.489203443814915e-11,8.578922329160536e-06,0.10505002060894661,0.8949414004538321,10,20,20
13,9327,3.918733203784462e-13,3.2753451969920484e-07,0.10756214218680289,0.8924375302782854,10,20,20
13,9328,1.6182783652082444e-13,3.251348639179639e-07,0.10905466632246408,0.8909450085425101,10,20,20
13,9329,7.635578854453514e-12,1.0901460418805023e-11,0.0013527948510719677,0.998647205130391,10,20,20
13,9330,1.074748408092578e-16,5.354430392088972e-08,0.0666504885221775,0.9333494579335186,10,20,20
13,9331,1.0755258457072647e-14,1.782235066176406e-08,0.046240661088897225,0.9537593210887414,10,20,20
13,9332,8.325227049470783e-12,4.15651255755661e-06,0.1225226714463977,0.8774731720327196,10,20,20
13,9333,4.9067810086936065e-14,1.7905741621852817e-08,0.047544297787578196,0.9524556843066309,10,20,20
13,9334,1.0557188614146985e-15,8.249903342461218e-10,0.007610800943452125,0.9923891982315564,10,20,20
13,9335,1.3448823588671778e-14,6.238489175525019e-12,0.002164201786245529,0.9978357982075025,10,20,20
13,9336,6.688132310481523e-16,4.435312024245648e-12,0.004440501707838841,0.9955594982877253,10,20,20
13,9337,2.580502538512562e-15,2.6550526636343615e-12,0.0023945077486526196,0.9976054922486897,10,20,20
13,9338,1.7593459531506845e-16,1.4206330160148226e-12,0.004353022196526662,0.9956469778020522,10,20,20
13,9339,3.0221632808420053e-15,2.6023129643059984e-11,0.006505391627939475,0.9934946083460341,10,20,20
13,9340,3.723535253431047e-15,2.5135961250695423e-11,0.0051022618060303435,0.9948977381688298,10,20,20
13,9341,3.87246470359506e-15,4.884121259505407e-13,5.175199960662639e-05,0.9999482479999008,10,20,20
13,9342,2.348246940165901e-10,3.428300709818335e-10,0.00160408412483186,0.9983959152975131,10,20,20
13,9343,2.348263820203746e-10,3.4145369366201873e-10,0.0017073143743785546,0.9982926850493413,10,20,20
13,9344,6.130491135504863e-14,1.3170089365031049e-05,0.10236230385769182,0.8976245260528817,10,20,20
13,9345,1.7556952058618767e-15,2.645248148533367e-05,0.2321447773338902,0.7678287701846226,10,20,20
13,9346,3.996324761589726e-15,0.0012580879801147092,0.18052548852273112,0.8182164234971498,10,20,20
13,9347,6.42876083773208e-15,8.483543809628822e-10,0.21496540976768533,0.7850345893839534,10,20,20
13,9348,3.2824339202635465e-14,1.2830708252934606e-09,0.1665999238720854,0.8334000748448108,10,20,20
13,9349,6.114304686253758e-05,1.545041240066774e-07,0.09837916772995017,0.9015595347190632,10,20,20
13,9350,6.114304686249196e-05,1.5374249316437875e-07,0.0973865983608163,0.9025521048498277,10,20,20
13,9351,7.51936043746143e-15,2.550441357024904e-09,0.10394308880092484,0.8960569086486257,10,20,20
13,9352,4.723192711756154e-13,4.7671218679642125e-08,0.10254968269557876,0.8974502696327301,10,20,20
13,9353,3.4441326673580063e-13,5.765607871855277e-11,0.012367519166524675,0.9876324807754747,10,20,20
13,9354,2.7254096286803407e-18,1.5802848837699178e-10,0.004503812582710562,0.9954961872592609,10,20,20
13,9355,8.763761396009756e-16,4.424896804361245e-13,0.02284133089731022,0.9771586691022464,10,20,20
13,9356,1.6293737086228404e-11,4.5329907174310896e-11,0.017533795921550854,0.9824662040168256,10,20,20
13,9357,1.6292815420090242e-11,4.534622845591101e-11,0.01681334784442796,0.9831866520939331,10,20,20
13,9358,1.629786207044346e-11,3.7312349459960504e-11,0.03861148896020211,0.9613885109861877,10,20,20
13,9359,5.085070262029496e-15,1.0151640603408476e-11,0.024510644292898093,0.9754893556969451,10,20,20
13,9360,7.822643115085458e-16,4.7473839401213246e-11,0.07226974447055783,0.9277302554819673,10,20,20
13,9361,8.348628822282068e-11,3.339250333302907e-07,0.006499800445220435,0.9934998655462597,10,20,20
13,9362,4.874381453519068e-18,6.832558515458295e-07,0.10163015680701888,0.8983691599371294,10,20,20
13,9363,4.459595288595185e-15,3.7591548693149307e-07,0.1000445807988775,0.8999550432856308,10,20,20
13,9364,6.313576441449398e-15,3.759157861070759e-07,0.10057797670016241,0.8994216473840447,10,20,20
13,9365,6.037172339107533e-08,0.011626948612862582,0.1843014797464015,0.8040715112690127,10,20,20
13,9366,8.532357562245256e-05,0.000503542047372911,0.19950124713154146,0.7999098872454626,10,20,20
13,9367,0.0002770751535719464,5.098935483790063e-07,0.2015032270183393,0.7982191879345397,10,20,20
13,9368,0.0002680032325972987,5.109062838470415e-07,0.1987201645490923,0.801011321312026,10,20,20
13,9369,2.672641440430145e-08,3.9969279997645523e-07,0.20076392669684653,0.7992356468839387,10,20,20
13,9370,4.005658230052674e-07,3.597393019865118e-09,0.23539301848331146,0.7646065773534721,10,20,20
13,9371,5.784279037640227e-17,2.3859730052534697e-07,0.18161844582946626,0.8183813155732331,10,20,20
13,9372,1.667475903443485e-17,2.4198697613363914e-07,0.1356865871116984,0.8643131709013254,10,20,20
13,9373,5.054038593575411e-13,6.33324116414893e-09,0.00951019321467005,0.9904898004515834,10,20,20
13,9374,1.557912126208612e-14,8.256214888314395e-09,0.006782051510544151,0.9932179402332253,10,20,20
13,9375,6.79397811954509e-14,2.135653274965443e-09,0.07242956318562102,0.9275704346786577,10,20,20
13,9376,6.377979972943072e-14,5.769070704279336e-13,0.0018388896935408092,0.9981611103058186,10,20,20
13,9377,8.594786358112791e-16,4.1290289565640303e-14,4.7749255978386315e-05,0.9999522507439794,10,20,20
13,9378,1.5451852325384595e-13,1.4514375641014588e-07,0.008656059090482972,0.9913437957656059,10,20,20
13,9379,6.443881175258139e-14,9.273960544103993e-11,0.0031216088671219082,0.996878391040074,10,20,20
13,9380,5.814655601501385e-18,2.0412432172082229e-13,0.0022048755585307596,0.9977951244412651,10,20,20
13,9381,6.132089398127863e-13,7.126451952615493e-13,0.007429615172965902,0.9925703848257083,10,20,20
13,9382,6.739876048708868e-16,1.1207334351513457e-09,0.0036911671392131353,0.9963088317400528,10,20,20
13,9383,1.95466939613317e-13,1.0974717668145966e-11,0.032710038342999695,0.9672899616458299,10,20,20
13,9384,1.1015644496041787e-15,2.7059830185614254e-11,0.0017996272452543993,0.9982003727276847,10,20,20
13,9385,1.0926838574706703e-15,7.162190549705557e-12,0.0016917696537549355,0.9983082303390818,10,20,20
13,9386,9.793414120849949e-12,1.1965000498664296e-07,0.003172049271327436,0.9968278310688741,10,20,20
13,9387,2.0266600285014135e-17,4.8518200770885594e-09,0.00022958380663823502,0.9997704113415418,10,20,20
13,9388,5.414189033557676e-14,3.1614149198513673e-12,0.04672350277594273,0.9532764972208417,10,20,20
13,9389,8.708246415110127e-15,1.0903577653020955e-11,0.029481252145571256,0.9705187478435165,10,20,20
13,9390,1.1567690149262351e-14,2.512416544947846e-08,0.010417097955284078,0.9895828769205389,10,20,20
13,9391,3.63994493484644e-13,2.512912284371811e-08,0.008230657157266903,0.9917693177132462,10,20,20
13,9392,7.740605659382894e-17,2.5130296830895506e-08,0.007692229079653083,0.9923077457900499,10,20,20
13,9393,8.9823747694729e-15,8.38094295256639e-11,0.0015496853931914912,0.9984503145229899,10,20,20
13,9394,9.028175249237969e-15,7.67795927401241e-11,0.0014976473572314252,0.99850235256598,10,20,20
13,9395,1.3958320618779265e-16,3.0448555072532825e-13,0.00011940248269821622,0.9998805975169971,10,20,20
13,9396,1.451732644029685e-14,4.170531767557163e-09,0.003679413406665585,0.9963205824227879,10,20,20
13,9397,1.4519456827055128e-14,6.509585597974565e-09,0.004890503793492348,0.9951094896969075,10,20,20
13,9398,1.8880530742446272e-15,7.906653073500978e-13,0.0011738995241991471,0.9988261004750081,10,20,20
13,9399,2.6395736744612497e-13,9.148261641566736e-13,0.04122998598006149,0.9587700140187596,10,20,20
13,9400,2.227842698488773e-13,7.019547642690599e-13,0.03863844257140743,0.9613615574276679,10,20,20
13,9401,1.740311613585777e-14,1.1519549426721696e-10,0.03791138638879546,0.9620886134959917,10,20,20
13,9402,5.240556743442432e-15,1.9876991198762307e-13,0.0050887731913061935,0.9949112268084901,10,20,20
13,9403,2.0650897077581063e-17,1.1116942616285365e-10,0.00012727678491366524,0.9998727231039168,10,20,20
13,9404,1.654154470967621e-14,2.0548850415353733e-10,0.0032511507684997226,0.9967488490259949,10,20,20
13,9405,1.608731024099893e-14,2.6198277850091785e-07,0.006675940594474928,0.9933237974227305,10,20,20
13,9406,2.087338242897273e-12,1.291641995449915e-10,0.018597627418546488,0.9814023724502018,10,20,20
13,9407,4.062971652965901e-15,1.1072300735856588e-12,0.014279464465944896,0.9857205355329437,10,20,20
13,9408,3.511209864907204e-15,2.5744034596207384e-10,0.10138081342659591,0.89861918631596,10,20,20
13,9409,3.5287340010458688e-15,2.562095403085152e-10,0.21282216148560953,0.7871778382581772,10,20,20
13,9410,1.3117319032432263e-13,1.5582992375337044e-09,0.10171492830903428,0.8982850701325352,10,20,20
13,9411,1.1367829226691098e-11,7.061098801398064e-09,0.1015451744820431,0.8984548184454904,10,20,20
13,9412,1.1370077626194281e-11,8.147806863656866e-09,0.10164785755071011,0.8983521342901127,10,20,20
13,9413,2.554524520270118e-12,8.144453174053361e-09,0.09846993060337363,0.9015300612496185,10,20,20
13,9414,4.994463842833437e-09,1.8406470043634765e-06,0.1026366496993153,0.8973615046592164,10,20,20
13,9415,4.097034665073227e-12,0.0610693156413827,0.040365600960179604,0.8985650833943405,10,20,20
13,9416,2.5316066018871446e-10,0.09963259326275338,0.005737431679152255,0.8946299748049336,10,20,20
13,9417,4.210862865247276e-12,0.09999909657744535,0.00024110887887776345,0.8997597945394661,10,20,20
13,9418,4.687934531307572e-12,0.09999909655141107,0.0026048921105977013,0.8973960113333034,10,20,20
13,9419,2.7443454035736943e-14,0.14638074625059286,0.05484407167691161,0.7987751820724681,10,20,20
13,9420,0.09807100066465142,0.0999922279805615,0.03905728173749034,0.7628794896172969,10,20,20
13,9421,0.09807104512627453,1.8315873095831588e-10,0.1747578198949716,0.7271711347955945,10,20,20
13,9422,0.13763097184414888,2.868083485596226e-07,0.10094250655024932,0.7614262347972531,10,20,20
13,9423,0.04032000463445841,4.6514312425412956e-05,0.19745542498649615,0.7621780560666203,10,20,20
13,9424,0.00019566265602177888,3.574177050097031e-05,0.19985069399836475,0.7999179015751123,10,20,20
13,9425,0.016297525770127712,4.165968918675209e-08,0.17662748792137,0.8070749446488129,10,20,20
13,9426,0.02660879495005094,1.5054133947025301e-05,0.17373973347838964,0.799636417437612,10,20,20
13,9427,4.857553435447314e-07,5.008553837342024e-07,0.1998455193026167,0.8001534940866559,10,20,20
13,9428,4.857549333060289e-07,5.167862258156761e-07,0.19979599007588572,0.8002030073829554,10,20,20
13,9429,2.163553170426648e-08,2.286793405365317e-05,0.13608185091023056,0.863895259520184,10,20,20
13,9430,2.163514917073037e-08,2.2867922305304273e-05,0.13684082443369233,0.8631362860088527,10,20,20
13,9431,1.8151195786099387e-11,9.676615209696705e-06,0.21886858601648118,0.7811217373501573,10,20,20
13,9432,2.1578036205563697e-13,0.09215478075269126,0.056508484198055056,0.8513367350490378,10,20,20
13,9433,2.2518341247515887e-13,0.09215478262910251,0.13200041037890103,0.7758448069917712,10,20,20
13,9434,9.511966134821065e-12,0.005252830113311768,0.09600968102181476,0.8987374888553615,10,20,20
13,9435,3.3566751566674223e-13,1.2299393246326012e-11,0.10013370086931062,0.8998662991180542,10,20,20
13,9436,3.3049466651996874e-10,2.6478732687055205e-05,0.10240209793620161,0.8975714230006165,10,20,20
13,9437,3.362706551604035e-10,2.6531156689228182e-05,0.10428172380280162,0.8956917447042383,10,20,20
13,9438,4.52881342427214e-08,7.673548291234298e-07,0.20340988673522253,0.7965893006218139,10,20,20
13,9439,1.6071418539223393e-11,0.00048480648118024247,0.1991079414351778,0.8004072520675702,10,20,20
13,9440,1.5949909224847975e-11,0.00048480645866924414,0.1966058513009765,0.8029093422244044,10,20,20
13,9441,8.217787001622601e-05,7.748465013089504e-08,0.20032206286989132,0.7995956817754426,10,20,20
13,9442,8.217800017277557e-05,5.5030733439192375e-05,0.2010882757238895,0.7987745155424981,10,20,20
13,9443,5.962721072150995e-06,3.7358958074873895e-05,0.2999698815204678,0.6999867968003853,10,20,20
13,9444,5.962768176033694e-06,0.0003982444647340937,0.30047927976625227,0.6991165130008371,10,20,20
13,9445,0.09863187519401825,1.6197627563399914e-07,0.2030537094237828,0.6983142534059232,10,20,20
13,9446,0.0946304609940711,0.04105819860204512,0.18481419269148774,0.6794971477123954,10,20,20
13,9447,0.09463042964152635,0.002102499316191613,0.20348569318947876,0.6997813778528033,10,20,20
13,9448,2.6887014847704977e-05,0.00015456674495511823,0.29263887747772,0.7071796687624762,10,20,20
13,9449,1.0352707059408482e-07,0.0008556423666975522,0.23770971075594338,0.761434543350288,10,20,20
13,9450,1.0352707063128204e-07,0.0002892418603449504,0.23817493949639804,0.7615357151161867,10,20,20
13,9451,1.7464728510578043e-05,0.07901153593296582,0.22061217934939642,0.7003588199891261,10,20,20
13,9452,0.0004521834761232399,0.1000936800015487,0.298985287118275,0.6004688494040522,10,20,20
13,9453,0.0006123777879103786,0.09997253734672415,0.2959217253493918,0.6034933595159735,10,20,20
13,9454,0.0006123448182978702,0.08282258501350412,0.21637550154598162,0.7001895686222155,10,20,20
13,9455,1.712857112202093e-08,0.1086211763527655,0.19123810398296978,0.7001407025356939,10,20,20
13,9456,1.6971609226043907e-08,0.11117851254003679,0.19287843926163445,0.695943031226719,10,20,20
13,9457,3.3792878738804792e-09,0.19999692156153145,0.0969756981974986,0.7030273768616819,10,20,20
13,9458,1.5430803781712795e-08,0.1999990288054494,0.14548740543876854,0.6545135503249779,10,20,20
13,9459,1.5434572797817906e-08,0.19950724493512026,0.12134182325876992,0.6791509163715369,10,20,20
13,9460,1.621384501270515e-05,0.19898926310150028,0.1219568669675453,0.6790376560859412,10,20,20
13,9461,1.621365425406205e-05,0.19976500290220084,0.10141870408506799,0.6988000793584769,10,20,20
13,9462,1.621365427329849e-05,0.1997925335090331,0.10516241962238579,0.6950288332143076,10,20,20
13,9463,0.00035735367704165877,0.19978770996447412,0.16960428979848968,0.630250646559994,10,20,20
13,9464,0.0003573537159526021,0.19979734384371411,0.1032654760855575,0.6965798263547754,10,20,20
13,9465,1.1382848618338173e-06,0.20006479891514903,0.12582980021764534,0.6741042625823432,10,20,20
13,9466,8.74912282010082e-10,0.1988827684131796,0.12262377509962794,0.6784934556122799,10,20,20
13,9467,2.8502274803768146e-09,0.18769624529060455,0.11572443792684255,0.6965793139323252,10,20,20
13,9468,7.516075304660655e-06,0.29774356080703795,0.008481400623830479,0.6937675224938269,10,20,20
13,9469,6.418314274071559e-15,0.29819314021229404,0.05808174762252122,0.6437251121651782,10,20,20
13,9470,4.741140911788386e-15,0.29836650570966317,0.1489656007394729,0.5526678935508592,10,20,20
13,9471,3.341012744870994e-07,0.2998462057364254,0.1005564773404263,0.5995969828218738,10,20,20
13,9472,3.3410744800281196e-07,0.25971112992307593,0.14112989421860272,0.599158641750873,10,20,20
13,9473,5.393389628718075e-12,0.289691374640432,0.11079968961190756,0.5995089357422669,10,20,20
13,9474,2.983945083342375e-12,0.29699470113029425,0.10349644139576711,0.5995088574709545,10,20,20
13,9475,2.3302251658475023e-10,0.2051100974171224,0.19892357694987012,0.5959663253999845,10,20,20
13,9476,1.601858143560995e-07,0.20019345468517388,0.20379740597108476,0.5960089791579269,10,20,20
13,9477,1.771119647259245e-10,0.15792897160731928,0.28722621089304345,0.5548448173225251,10,20,20
13,9478,2.222124495227945e-08,0.1549507075073995,0.2054026375174574,0.6396466327538974,10,20,20
13,9479,6.1490200201388915e-09,0.1996674459626154,0.15978978460278895,0.6405427632855755,10,20,20
13,9480,2.6349761622566102e-06,0.20004596590793405,0.0995282996079804,0.7004230995079231,10,20,20
13,9481,2.6349761563332233e-06,0.200121861743783,0.09944825460217398,0.7004272486778867,10,20,20
13,9482,1.9182656366813765e-05,0.18808383255096142,0.11200087323816625,0.6998961115545054,10,20,20
13,9483,4.197390835296867e-09,0.1876018971861842,0.14357504845025218,0.6688230501661728,10,20,20
13,9484,0.015061895779210766,0.19989230296037297,0.08857467875272486,0.6964711225076913,10,20,20
13,9485,0.0029874913161244262,0.1981650015934668,0.10088717176841291,0.6979603353219956,10,20,20
13,9486,5.777667913201474e-10,0.20000493544436354,0.10191315629287807,0.6980819076849917,10,20,20
13,9487,9.700957133881175e-08,0.19999480941900308,0.12904516927155837,0.6709599242998672,10,20,20
13,9488,1.937429703966535e-05,0.24146055793562066,0.08459393683296369,0.673926130934376,10,20,20
13,9489,1.9374297052364773e-05,0.24157303678010922,0.08094947151408419,0.6774581174087543,10,20,20
13,9490,1.937305982924082e-05,0.24023859990670865,0.06087104115852053,0.6988709858749417,10,20,20
13,9491,1.346245250525145e-14,0.2991353211151956,0.00485210221558609,0.6960125766692047,10,20,20
13,9492,4.4529890030020796e-15,0.29996818787500384,0.004105644500597056,0.6959261676243945,10,20,20
13,9493,2.9434071196352393e-09,0.10329952761042913,0.1761603593739624,0.7205401100722011,10,20,20
13,9494,0.00011683198556832687,0.005604356153407065,0.27374614365314287,0.7205326682078813,10,20,20
13,9495,1.2815271638262882e-06,0.005204845836603668,0.19487434633166845,0.7999195263045639,10,20,20
13,9496,6.542712264038134e-11,0.005206995411186146,0.19494750021598387,0.7998455043074025,10,20,20
13,9497,1.1441146614470298e-13,3.1398953230596276e-06,0.23955887803632367,0.7604379820682382,10,20,20
13,9498,1.7945060710405182e-12,1.7049843768346946e-05,0.33597804188134806,0.6640049082730883,10,20,20
13,9499,0.0009807379078324624,1.5774404053910483e-05,0.30044034943863024,0.698563138249483,10,20,20
13,9500,0.0009807382007117886,1.8093642863565215e-05,0.30191271465202585,0.6970884535043982,10,20,20
13,9501,1.4625422490840409e-12,0.0015602735455662368,0.3006268379944924,0.6978128884584782,10,20,20
13,9502,7.176203149302052e-14,0.0015445925050221086,0.20545596421337975,0.7929994432815264,10,20,20
13,9503,7.162683473425827e-14,0.0015445999623072532,0.2512114594121316,0.7472439406254895,10,20,20
13,9504,7.158857239571588e-14,0.001544599907209931,0.20501021877012215,0.7934451813225963,10,20,20
13,9505,9.75711608566162e-07,2.987418116662529e-06,0.20002764323140862,0.799968393638866,10,20,20
13,9506,2.6345561701022126e-15,4.514341887507809e-06,0.20008257922256462,0.7999129064355452,10,20,20
13,9507,2.3719474842912904e-15,0.0005426907721807062,0.24990870393439915,0.7495486052934177,10,20,20
13,9508,1.1323869455150806e-07,0.0005412208636494328,0.19952091876237452,0.7999377471352817,10,20,20
13,9509,0.0003583811297027842,4.450552857753994e-05,0.1561575704700628,0.8434395428716568,10,20,20
13,9510,8.79870302160323e-05,9.367813070809615e-05,0.22815310753305704,0.7716652273060186,10,20,20
13,9511,8.798698789277736e-05,5.0847747438465216e-05,0.17521019988457295,0.8246509653800956,10,20,20
13,9512,8.798698789193452e-05,4.3861299126584565e-05,0.17230395080966668,0.8275642009033148,10,20,20
13,9513,2.8470400666104538e-11,1.8118578167777125e-06,0.14257425337382626,0.8574239347398864,10,20,20
13,9514,1.5514447345856982e-08,8.518637315351331e-13,0.10419134178175993,0.8958086427029406,10,20,20
13,9515,2.0232123976949977e-15,2.7033105830058385e-11,0.004051838566913172,0.9959481614060512,10,20,20
13,9516,2.282756891797415e-15,5.74447061313218e-14,0.0004768313493492259,0.999523168650591,10,20,20
13,9517,2.204287682879871e-15,4.2913063863037466e-14,0.00041987817614955734,0.9995801218238054,10,20,20
13,9518,2.617083752287777e-15,5.094777586793251e-11,0.02926596115063057,0.9707340387984191,10,20,20
13,9519,6.10917094924573e-16,8.961059703082518e-13,0.00011821546297980195,0.9998817845361236,10,20,20
13,9520,4.683770168866132e-15,1.968149444824509e-12,0.0008056549357630087,0.999194345062264,10,20,20
13,9521,2.9033123124434697e-15,5.69522626399577e-11,0.018160653845190385,0.9818393460978543,10,20,20
13,9522,3.545813652647267e-14,6.006126205536919e-12,0.0002194926505129817,0.9997805073434455,10,20,20
13,9523,5.465869639219919e-15,3.669634351966277e-11,0.038785697532734,0.9612143024305642,10,20,20
13,9524,1.6053441608219142e-13,4.379475000245061e-11,0.038958828414100234,0.9610411715419446,10,20,20
13,9525,1.860940219794312e-15,6.662748880637099e-13,0.0008578958922036871,0.9991421041071282,10,20,20
13,9526,1.6769512289954913e-15,4.697421281228976e-11,0.0036184291659058974,0.9963815707871181,10,20,20
13,9527,1.599401400896439e-12,1.3611370518055877e-07,0.02918472059328353,0.9708151432914118,10,20,20
13,9528,6.421558444885108e-19,3.4588483407355275e-13,4.7107376492964024e-05,0.999952892623161,10,20,20
13,9529,1.686263651559567e-14,1.0257122587554157e-12,7.048012888111286e-05,0.9999295198700763,10,20,20
13,9530,4.1389937617791857e-16,2.0686030844477445e-11,0.0026795574137747644,0.9973204425655388,10,20,20
13,9531,4.1654995525471455e-16,1.2672200822266203e-11,0.0022668829350364923,0.9977331170522911,10,20,20
13,9532,7.247675419319736e-16,2.1346279029478193e-09,0.007285336946819455,0.992714660918552,10,20,20
13,9533,2.4259290944415438e-15,2.1246935625139625e-09,0.005699861044883807,0.9943001368304202,10,20,20
13,9534,1.7941815953825546e-15,2.2617119042758294e-13,0.0019672156324416308,0.9980327843673302,10,20,20
13,9535,2.417857860539252e-16,7.851622346166117e-14,0.0024384133612380173,0.9975615866386833,10,20,20
13,9536,2.2881350535914816e-15,3.8436960256185566e-11,0.0030436109372336336,0.9969563890243268,10,20,20
13,9537,2.5952660886631967e-15,4.079729369166715e-11,0.009691595413611968,0.9903084045455881,10,20,20
13,9538,9.980237347182212e-16,4.839852357124985e-09,0.00494197482845869,0.9950580203316879,10,20,20
13,9539,5.051610873997142e-16,3.78791443536401e-09,0.003920947961599049,0.996079048250486,10,20,20
13,9540,2.7121867731916623e-11,5.858483138507067e-09,0.00463048454958496,0.9953695095648099,10,20,20
13,9541,5.711266776643753e-18,1.4550212753185053e-12,0.0023683856972105573,0.9976316143013342,10,20,20
13,9542,6.72282663263839e-15,1.4378956780801757e-12,0.003413460238412565,0.9965865397601428,10,20,20
13,9543,6.404414571335933e-15,6.371966595901698e-10,0.053814282257641434,0.9461857171051558,10,20,20
13,9544,2.0342182254520717e-14,2.326088539432996e-09,0.05127085993302262,0.9487291377408684,10,20,20
13,9545,2.030979347436549e-14,2.007143693476584e-10,0.0005850850897391976,0.999414914709526,10,20,20
13,9546,1.594465997492343e-17,1.271640603615137e-11,0.0028357125573997563,0.9971642874298837,10,20,20
13,9547,1.540336528743095e-17,1.4775395802886297e-12,0.0008678228151554595,0.9991321771833668,10,20,20
13,9548,4.097686235273519e-16,2.854020294706562e-10,0.0010193463673154395,0.9989806533472823,10,20,20
13,9549,1.0104066679084205e-17,7.131059077234224e-10,0.00104633538517996,0.998953663901714,10,20,20
13,9550,4.310133229397471e-18,1.0941416673484203e-10,0.0061372672928031065,0.9938627325977825,10,20,20
13,9551,6.7816055231270724e-15,2.20898287284353e-12,0.0016721977765476177,0.9983278022212367,10,20,20
13,9552,2.531273937616668e-15,7.129975125546231e-13,0.0031189481799567594,0.9968810518193278,10,20,20
13,9553,3.0166415640809504e-15,2.1605022621246576e-13,0.053478350833198705,0.9465216491665821,10,20,20
13,9554,5.1952328691383614e-12,4.37009810150629e-10,0.054006414042208004,0.9459935855155868,10,20,20
13,9555,5.198459803586502e-12,4.367548459163263e-10,0.001085510246795231,0.9989144893112515,10,20,20
13,9556,5.667601840459489e-12,4.424208324425863e-10,0.0024637961133848123,0.9975362034385264,10,20,20
13,9557,5.224476926909577e-17,4.4825046877400646e-10,0.00023695896377184258,0.9997630405879777,10,20,20
13,9558,7.03439183937582e-15,6.588539170635209e-11,0.007939083460602233,0.9920609164735051,10,20,20
13,9559,4.66535530742823e-10,3.2558686416422895e-06,0.008341382607025145,0.9916553610577978,10,20,20
13,9560,1.2397859947754206e-12,4.0156409340127163e-11,0.06772140323037787,0.9322785967282259,10,20,20
13,9561,1.2362630310007183e-12,6.961668299784635e-08,0.008371893412599259,0.9916280369694818,10,20,20
13,9562,8.571360371136169e-17,6.950218816955685e-08,0.005472076086291907,0.9945278544115199,10,20,20
13,9563,5.3768770207632005e-15,6.94786940896136e-08,0.003980306296159857,0.9960196242251408,10,20,20
13,9564,7.040267890457914e-17,6.960806229806104e-08,0.007122918103971851,0.9928770122879659,10,20,20
13,9565,5.116317733536027e-14,1.3113196838617763e-10,0.004809843394095561,0.9951901564747212,10,20,20
13,9566,5.115529745558655e-14,1.6763092415867247e-12,0.0007167778078932278,0.9992832221903793,10,20,20
13,9567,3.639538111991566e-14,2.0545698338821044e-12,0.0007640234291226633,0.9992359765687864,10,20,20
13,9568,3.3801902032089427e-12,2.7629312030750916e-09,0.0011354759942883365,0.9988645212394003,10,20,20
13,9569,3.923173587968422e-14,1.3228426110666125e-10,0.0008283665422084485,0.9991716333254681,10,20,20
13,9570,3.418292425978983e-09,1.271605477375815e-10,0.10702212270457197,0.8929778737499745,10,20,20
13,9571,2.2743974379516772e-14,1.3424119324446646e-11,0.1190610209493879,0.8809389790371649,10,20,20
13,9572,1.5595631797378648e-16,9.223154075937123e-14,0.09163315261263022,0.908366847387277,10,20,20
13,9573,4.221243076431175e-16,3.860534239415599e-12,0.09301977846956536,0.9069802215265735,10,20,20
13,9574,2.8245215278381832e-15,6.27652257281049e-08,0.1009956618579588,0.8990042753768124,10,20,20
13,9575,1.7209736905027676e-14,5.447349701588356e-09,0.10022322141344368,0.8997767731391895,10,20,20
13,9576,5.91400667880445e-10,6.261850738572245e-09,0.12867489716221364,0.8713250959845349,10,20,20
13,9577,4.417041310498828e-11,7.345274592493586e-07,0.17060022703621558,0.829399038392155,10,20,20
13,9578,4.4169622786894696e-11,7.303345961813338e-07,0.17618412496768865,0.8238151446535458,10,20,20
13,9579,4.8701645910138375e-12,1.8020973386700903e-06,0.16694798585512285,0.8330502120426679,10,20,20
13,9580,6.962871052531738e-10,8.083692743821257e-08,0.19606632895505577,0.8039335895117297,10,20,20
13,9581,8.878022636358059e-08,5.122287757684873e-11,0.10133180650736986,0.8986681046611809,10,20,20
13,9582,1.363285698113564e-08,1.1294431422574356e-08,0.106761944013366,0.8932380310593452,10,20,20
13,9583,0.06751948123332668,1.2217013567932541e-09,0.03373096060667462,0.8987495569382972,10,20,20
13,9584,1.7363357237549663e-07,1.4750840439520803e-10,0.10016812980849923,0.89983169641042,10,20,20
13,9585,1.7363357799480854e-07,5.225014887107259e-12,0.10046001576118249,0.8995398106000145,10,20,20
13,9586,5.397514688380161e-06,2.862662910732499e-07,0.1132949276401406,0.8866993885788794,10,20,20
13,9587,1.591127698595069e-06,1.0739635250916235e-05,0.16244797015386842,0.837539699083182,10,20,20
13,9588,5.040391967734365e-08,7.744618638631042e-11,0.1654378372807654,0.8345621122378685,10,20,20
13,9589,5.040399464276249e-08,2.137476861375951e-11,0.10930305293665646,0.890696896637974,10,20,20
13,9590,3.561562475301556e-08,1.966659108556494e-11,0.10054737406174026,0.8994525903029679,10,20,20
13,9591,3.5615624746461654e-08,1.6197756900608876e-11,0.10049707632579566,0.8995028880423815,10,20,20
13,9592,3.561562463683757e-08,1.6348361545416462e-12,0.10043311703596433,0.8995668473467762,10,20,20
13,9593,1.5713337844592716e-11,2.0844593143140153e-05,0.1406898071522634,0.8592893482388797,10,20,20
13,9594,7.895604664795547e-14,0.0003364983325913739,0.1400854024085788,0.8595780992587507,10,20,20
13,9595,2.820964958469036e-13,0.00033649820620383473,0.13965277793092198,0.860010723862592,10,20,20
13,9596,4.297074407187768e-16,2.6166651728304524e-06,0.16344540909921101,0.8365519742356156,10,20,20
13,9597,1.9164224726798134e-15,2.616665482719597e-06,0.16350527094037134,0.8364921123941439,10,20,20
13,9598,1.4121705201493982e-13,2.6883896979136027e-06,0.14376841564650303,0.8562288959636579,10,20,20
13,9599,6.376011367828267e-14,2.9221276167668595e-05,0.10463411733467132,0.895336661389097,10,20,20
13,9600,9.060881206759212e-14,6.018287515985676e-07,0.10394876182622328,0.8960506363449339,10,20,20
13,9601,3.9114530440105794e-13,6.029170938645131e-07,0.10440190687956426,0.8955974902029507,10,20,20
13,9602,1.009504048968336e-12,3.4598605425429425e-06,0.17306075635674054,0.8269357837817066,10,20,20
13,9603,0.0001279912094492961,2.2237673802930845e-08,0.10262989425758853,0.897242092295288,10,20,20
13,9604,0.00012799120934830138,2.9602401583041413e-08,0.10190855090156817,0.8979634282866819,10,20,20
13,9605,0.00012799120940030234,2.118238213466075e-08,0.10203112053068422,0.8978408670775334,10,20,20
13,9606,7.484770613849616e-14,9.871938138263715e-10,0.09900025441353306,0.9009997445991982,10,20,20
13,9607,7.874162609929888e-14,5.963588662383086e-06,0.10582498151153466,0.8941690548997242,10,20,20
13,9608,8.589201029369649e-14,5.963736175469175e-06,0.14789502988174313,0.8520990063819953,10,20,20
13,9609,3.426833811287147e-07,1.3573864532484826e-08,0.04659392476046188,0.9534057189822922,10,20,20
13,9610,2.8862712572053647e-16,4.351642876214304e-10,0.0018993198454662816,0.9981006797193691,10,20,20
13,9611,5.956034739090015e-13,9.003225584869216e-12,0.0444085403819585,0.9555914596084427,10,20,20
13,9612,5.870343680922334e-13,1.175014094930727e-07,0.11025584193686881,0.8897440405611347,10,20,20
13,9613,8.650277749757287e-16,1.1745347119356238e-07,0.004533993840959975,0.9954658887055681,10,20,20
13,9614,3.635224314571185e-15,2.5525888531926587e-13,0.005772435874080767,0.9942275641256604,10,20,20
13,9615,3.888345615175938e-15,9.269410678467015e-12,0.053491107073747976,0.9465088929169788,10,20,20
13,9616,9.243942699794831e-16,2.4381441846044728e-12,0.0014755814247682198,0.9985244185727927,10,20,20
13,9617,2.6990459072298063e-13,2.213319440044166e-12,0.00013175162138859408,0.9998682483761282,10,20,20
13,9618,2.2692390383102114e-15,1.590377323451832e-12,0.00018196861505076375,0.9998180313833565,10,20,20
13,9619,2.2670647289163987e-15,1.6238227023557817e-12,0.004552467214767582,0.9954475327836064,10,20,20
13,9620,3.341710109585207e-13,3.6308613863094826e-11,0.04345212068765671,0.9565478792757004,10,20,20
13,9621,6.333291796357153e-14,7.78166541406863e-11,0.00038487131447354416,0.9996151286076467,10,20,20
13,9622,1.921777314854548e-14,2.4903444460073728e-08,0.0034283712403542937,0.996571603856182,10,20,20
13,9623,5.059108999069165e-12,2.508188531192754e-08,0.007249381158402052,0.9927505937546537,10,20,20
13,9624,9.499203682732718e-16,2.3742612698833406e-12,0.006239460259588928,0.9937605397380359,10,20,20
13,9625,8.7753626382734785e-16,4.5325141991235044e-12,0.006779136307133132,0.9932208636883333,10,20,20
13,9626,9.110368188217667e-15,1.439965719807823e-14,0.002526366847359945,0.9974736331526163,10,20,20
13,9627,8.580433457671541e-14,4.0559342372525366e-12,0.0005686059674427998,0.9994313940284154,10,20,20
13,9628,1.678281853807578e-12,6.723756325165872e-11,0.0503041048603596,0.9496958950707246,10,20,20
13,9629,1.6036484891550312e-12,7.121804664341025e-11,0.0013446514192576647,0.9986553485079206,10,20,20
13,9630,2.75969379942856e-12,3.744815068960151e-11,0.0005673904520864914,0.9994326095077058,10,20,20
13,9631,1.1873141065929594e-11,9.674341510184167e-09,0.027154737689934455,0.9728452526238509,10,20,20
13,9632,2.7524796058827156e-12,7.568857882748393e-14,0.00047481848141821677,0.9995251815157538,10,20,20
13,9633,2.7525205914823197e-12,1.5212174824180738e-13,0.04414070711175254,0.9558592928853427,10,20,20
13,9634,9.014526018912414e-17,6.061915247057808e-11,0.048128776107941994,0.9518712238314386,10,20,20
13,9635,2.4749423026812764e-16,6.058417663062622e-11,0.04811936457239272,0.9518806353670227,10,20,20
13,9636,1.6823930370221863e-12,1.5773184266986126e-12,0.0006308930782351881,0.9993691069185049,10,20,20
13,9637,3.655469202032051e-12,9.77402709323561e-09,0.024827028684034812,0.9751729615382825,10,20,20
13,9638,5.764752469601171e-12,9.807080110137297e-09,0.05632858860545625,0.9436714015816989,10,20,20
13,9639,2.18363739589514e-12,7.036191654843039e-11,0.04365108387534748,0.956348916052107,10,20,20
13,9640,1.1508975986636884e-11,1.5247886192432849e-10,0.002299744785303156,0.9977002550507091,10,20,20
13,9641,1.2899341151366542e-17,4.514848470437339e-12,0.0004513097627319501,0.9995486902327532,10,20,20
13,9642,4.399612801567356e-15,1.3571630947382568e-13,0.004194530787237496,0.9958054692126221,10,20,20
13,9643,3.463044780068586e-13,3.1745887719051065e-09,0.07239414921480596,0.9276058476102585,10,20,20
13,9644,1.8524222881512396e-15,3.0383245964962992e-09,0.07156025870045787,0.9284397382612155,10,20,20
13,9645,5.642546389363789e-13,1.3031015415886698e-10,0.001409032094938633,0.9985909677741869,10,20,20
13,9646,4.380670150246504e-13,1.1182264928374422e-10,0.0442256153077589,0.9557743845799802,10,20,20
13,9647,5.741406066200208e-15,7.639615839928699e-13,0.04298350417486814,0.957016495824362,10,20,20
13,9648,5.6136837390376325e-15,1.9753616001651206e-12,0.04895137486146494,0.9510486251365542,10,20,20
13,9649,1.1680243812240763e-15,1.3869380624453413e-11,0.0005668850173437597,0.9994331149687857,10,20,20
13,9650,2.308144471656823e-18,4.72392533854357e-12,0.0015020133929765744,0.9984979866022995,10,20,20
13,9651,2.7435614449179705e-14,4.809853691678324e-12,0.09619974343018409,0.9038002565649788,10,20,20
13,9652,1.9527420347369653e-07,1.56341309928828e-06,0.10161027306845538,0.8983879682442414,10,20,20
13,9653,1.9527423716750595e-07,1.5634750412529074e-06,0.10671054700338689,0.8932876942473346,10,20,20
13,9654,0.004641425399222308,6.099795127201547e-05,0.09939575152982129,0.8959018251196845,10,20,20
13,9655,0.004641425836283063,6.266821466882501e-05,0.13596148231999622,0.8593344236290512,10,20,20
13,9656,0.004641425392819907,6.0998026122763554e-05,0.09934418546045277,0.8959533911206046,10,20,20
13,9657,1.3655607472599017e-10,0.010611708383161875,0.09562206018345984,0.8937662312968223,10,20,20
13,9658,5.7973764529256465e-08,7.77061509957096e-07,0.1023640765315362,0.897635088433189,10,20,20
13,9659,6.6654679760995e-11,2.543732780312143e-08,0.09390068095730053,0.9060992935387171,10,20,20
13,9660,6.665597705074373e-11,2.5450545360095293e-08,0.09505285805571265,0.904947116427086,10,20,20
13,9661,8.459232534255936e-08,8.312544743778473e-07,0.09497267841429487,0.9050264057389054,10,20,20
13,9662,8.459187284448222e-08,8.312530269414005e-07,0.19389635687984652,0.8061027272752535,10,20,20
13,9663,6.099497931772358e-10,3.544923133701064e-09,0.1534059067528264,0.8465940890923,10,20,20
13,9664,0.022929948524733908,4.864030930762668e-06,0.17479160532057333,0.8022735821237618,10,20,20
13,9665,0.022929948524723572,4.8640349361907425e-06,0.1761707658244174,0.8008944216159228,10,20,20
13,9666,0.011767322473704626,4.861475253856906e-06,0.18634035595747106,0.8018874600935701,10,20,20
13,9667,0.00011702475850933146,4.980852273873458e-06,0.19655215760225753,0.8033258367869592,10,20,20
13,9668,0.00011702475849104635,1.194257438404476e-07,0.25130804829505377,0.7485748075207113,10,20,20
13,9669,8.756956907955351e-12,4.842933890749563e-06,0.20101534565072332,0.7989798114066284,10,20,20
13,9670,0.00024255302900190765,4.845705528257591e-06,0.24320410800082942,0.7565484932646398,10,20,20
13,9671,7.572545975115103e-05,4.8429074409087754e-06,0.20031180283000868,0.7996076288027989,10,20,20
13,9672,0.00010198587112287248,4.852728681661302e-06,0.20035746908046592,0.7995356923197294,10,20,20
13,9673,0.009740834335744939,1.595239936556397e-05,0.19039172942974775,0.7998514838351418,10,20,20
13,9674,0.00974083433567411,1.595239220254796e-05,0.2007004567399505,0.7895427565321728,10,20,20
13,9675,0.10926951930325857,1.5942557509595575e-05,0.09079037617879353,0.799924161960438,10,20,20
13,9676,0.09979399745395144,2.3730613494149666e-06,0.1003272060628116,0.7998764234218878,10,20,20
13,9677,0.09923923597236539,3.1371065362695876e-07,0.1015118075163852,0.799248642800596,10,20,20
13,9678,0.09923915872311115,0.00019380610176353418,0.09638767041420597,0.8041793647609191,10,20,20
13,9679,0.03703942258420161,3.0047294997025392e-05,0.16231339497628863,0.8006171351445124,10,20,20
13,9680,0.037039422584201495,3.0047294722711285e-05,0.1597187483330272,0.8032117817880486,10,20,20
13,9681,1.4709982219702136e-05,3.0040099797181773e-05,0.11725379854848787,0.8827014513694953,10,20,20
13,9682,3.714630851414097e-09,0.0005298286396689833,0.08859701829850829,0.9108731493471918,10,20,20
13,9683,1.2596801651998654e-15,1.8437846620139508e-10,0.0005966844638715161,0.9994033153517486,10,20,20
13,9684,1.699805426166812e-14,1.8905820169070754e-11,0.0020054896368089355,0.9979945103442681,10,20,20
13,9685,7.549404677285667e-12,1.0675273866339922e-08,0.026307899290383567,0.9736920900267929,10,20,20
13,9686,1.0402846669588021e-15,1.6216643624963036e-11,0.001066376165935562,0.9989336238178467,10,20,20
13,9687,8.210935553387846e-17,2.6293160772523276e-11,0.0020608922046818296,0.9979391077690252,10,20,20
13,9688,4.647723146944694e-15,4.504429696400093e-08,0.005155923841921156,0.9948440311137775,10,20,20
13,9689,6.245800035994051e-16,2.5651190459450138e-12,0.0013204316584268176,0.9986795683390073,10,20,20
13,9690,1.935035069573171e-10,8.843333903823034e-11,0.0017638207911891547,0.998236178926874,10,20,20
13,9691,1.8801424940509927e-10,3.76308772881657e-12,0.00011424543474729616,0.9998857543734754,10,20,20
13,9692,9.738458650710045e-13,2.428238745568399e-12,0.00015972322878476957,0.999840276767813,10,20,20
13,9693,8.336539339394212e-15,3.5974455076710506e-11,0.00011143895929993995,0.9998885610047171,10,20,20
13,9694,6.328337768999112e-15,1.0208744283589085e-10,0.0015258152568559595,0.9984741846410504,10,20,20
13,9695,6.5440299265436375e-15,4.700135231866051e-11,0.009785565633618848,0.9902144343193733,10,20,20
13,9696,6.149920045953631e-14,4.4785996120718005e-11,0.027763248469720836,0.9722367514854318,10,20,20
13,9697,1.110725096503866e-14,1.1320989630843315e-11,0.06984617804988305,0.9301538219387849,10,20,20
13,9698,1.5098026492767214e-15,1.345021448800011e-12,0.03970936892914035,0.9602906310695131,10,20,20
13,9699,1.175741159433668e-15,5.512482570501746e-11,0.000746299818347068,0.9992537001265269,10,20,20
13,9700,8.349281767647896e-16,2.7694542222942672e-08,0.004510659982697627,0.9954893123227592,10,20,20
13,9701,1.0365221310422755e-15,2.78287860214836e-08,0.002569016487318867,0.9974309556838941,10,20,20
13,9702,1.1606132731849647e-15,2.460368459824293e-08,0.00615114015446026,0.993848835241854,10,20,20
13,9703,1.1548153317889927e-15,1.7892133323600571e-09,0.0052183423409340865,0.9947816558698512,10,20,20
13,9704,1.1068780431985238e-15,1.7884699412172873e-09,0.006268195595752037,0.9937318026157766,10,20,20
13,9705,1.1692232523663106e-13,5.2221726994968063e-11,0.006369219806680178,0.993630780140981,10,20,20
13,9706,1.9122408969125955e-16,1.2459051796395788e-12,0.004236140222302438,0.9957638597764514,10,20,20
13,9707,1.355627709683907e-16,2.2647351844490687e-12,7.246944919799027e-05,0.9999275305485371,10,20,20
13,9708,2.9243423464987856e-16,1.3414233168739407e-13,9.099206129074167e-05,0.9999090079385748,10,20,20
13,9709,2.703574879670499e-12,2.4390142832794472e-12,0.0003986078655573497,0.9996013921292999,10,20,20
13,9710,2.705798599089557e-12,4.102671737839448e-12,0.025937814642497236,0.9740621853506941,10,20,20
13,9711,2.8350870520542882e-12,1.8049455622681065e-07,0.06776206317225898,0.9322377563303496,10,20,20
13,9712,6.173462656618125e-14,1.452209338306067e-12,0.04100028674408384,0.9589997132544023,10,20,20
13,9713,4.268461135891975e-16,9.955721076035572e-13,9.290307495073693e-05,0.9999070969240533,10,20,20
13,9714,1.4091137005618415e-17,2.1827560889020587e-13,0.00011906657251576605,0.9998809334272659,10,20,20
13,9715,1.0469058761639442e-11,9.793939137182022e-10,0.0897075279408426,0.9102924710692939,10,20,20
13,9716,1.0912225232316671e-11,5.476522884004632e-10,0.0339845606210339,0.9660154388204015,10,20,20
13,9717,1.81713970066348e-16,1.0357029164195012e-11,0.0001722995057323096,0.9998277004839105,10,20,20
13,9718,2.0308209733390127e-17,1.1013972808776409e-11,0.00011943288383452619,0.9998805671051516,10,20,20
13,9719,3.9963990278931247e-14,5.6646904574745e-11,0.00014937858052704693,0.9998506213627861,10,20,20
13,9720,6.9547303192036215e-16,1.0503616129779857e-13,3.51320679372651e-05,0.9999648679319568,10,20,20
13,9721,5.206263903971446e-15,1.1192459239733435e-10,0.0010219236410546713,0.9989780762470153,10,20,20
13,9722,7.895860941302258e-16,2.0653828884032934e-08,0.0030858461766655994,0.9969141331695045,10,20,20
13,9723,1.765575023483767e-15,1.640334958192054e-11,0.0024754661355524555,0.9975245338480422,10,20,20
13,9724,5.635765618153101e-17,1.6403052959502725e-11,0.001766623182809447,0.9982333768007875,10,20,20
13,9725,3.244358230155409e-13,4.52323886171693e-09,0.001677060890835954,0.9983229345856006,10,20,20
13,9726,8.235823730363842e-20,3.1170380906307586e-12,0.0037240122210923793,0.9962759877757904,10,20,20
13,9727,6.251594827849631e-16,1.3729245568696707e-11,0.00070051851358505,0.9992994814726849,10,20,20
13,9728,3.4612214236728183e-18,1.4416884059277425e-11,0.001335398249417986,0.9986646017361652,10,20,20
13,9729,2.080380870878082e-17,1.4479054437785463e-11,0.0001950812314203289,0.9998049187541005,10,20,20
13,9730,1.0212029316834047e-15,2.1486599112209633e-12,0.0040217080260853974,0.9959782919717648,10,20,20
13,9731,1.4920206462079006e-13,6.037298641258239e-11,0.020289642824204833,0.9797103571152729,10,20,20
13,9732,2.045330249730117e-15,2.390057773810593e-09,0.0027119820036093515,0.997288015606331,10,20,20
13,9733,1.0940516488169153e-16,2.3787616537978884e-09,0.00016538984244641135,0.999834607778792,10,20,20
13,9734,1.398737235583111e-16,3.061932673677543e-13,0.0001607386835793903,0.9998392613161144,10,20,20
13,9735,1.5620841005419156e-16,1.8855404105571784e-12,0.001151237039112939,0.9988487629590013,10,20,20
13,9736,3.7326523006265386e-15,5.556444336099369e-11,0.0011741484433864492,0.9988258515010452,10,20,20
13,9737,2.1696035684916666e-12,4.820614579743061e-07,0.08325005598323153,0.9167494619531409,10,20,20
13,9738,8.204029335052141e-14,5.830965911404685e-11,0.0016245639950837898,0.9983754359465247,10,20,20
13,9739,5.899546001439821e-15,2.2427019005164317e-12,0.0002622145075179636,0.9997377854902336,10,20,20
13,9740,6.173247537399687e-15,3.505434654546996e-08,0.035120230048850475,0.9648797348967969,10,20,20
13,9741,6.173221487371799e-15,3.5055173913637865e-08,0.03507559761508773,0.9649243673297322,10,20,20
13,9742,5.62211689330314e-12,2.0184071707603064e-12,0.03303553051470086,0.9669644694776587,10,20,20
13,9743,5.621819082824643e-12,1.9999688835828666e-12,0.005047043933596377,0.9949529560587816,10,20,20
13,9744,5.6218288940038734e-12,1.7345181366984118e-12,0.005118021039083958,0.9948819789535597,10,20,20
13,9745,5.298081034612292e-17,3.0264212224019557e-11,0.001638202867616481,0.9983617971021191,10,20,20
13,9746,2.0980150944012375e-16,3.1469375438478366e-12,0.034456635894281926,0.9655433641025709,10,20,20
13,9747,2.0943355863965666e-14,2.4232347482160963e-11,9.46120006656109e-05,0.9999053879750811,10,20,20
13,9748,1.964143196844995e-14,2.5233129764111503e-10,0.002371972637149635,0.9976280271104994,10,20,20
13,9749,1.9486620975321383e-14,5.36522407674285e-09,0.005722274218078497,0.9942777204166775,10,20,20
13,9750,3.029881697302814e-16,1.055119867630912e-08,0.005767392596998041,0.9942325968518029,10,20,20
13,9751,3.1184627315010975e-16,5.719690639820474e-11,0.00010137543902510116,0.9998986245037778,10,20,20
13,9752,6.744649257473677e-16,5.721527559102271e-11,0.001038186161154705,0.9989618137816292,10,20,20
13,9753,5.242486731722503e-16,1.3502766473676043e-10,0.0002208609283003185,0.9997791389366715,10,20,20
13,9754,3.422741481853024e-11,4.433986027063145e-06,0.04835562220514258,0.9516399437746029,10,20,20
13,9755,3.422732139702857e-11,4.433834776435309e-06,0.05260474925625167,0.9473908168747446,10,20,20
13,9756,3.036094127052183e-17,3.087459970641953e-12,0.004609607943346515,0.995390392053566,10,20,20
13,9757,5.780875798259826e-13,4.622345663520234e-12,0.08329227181374485,0.916707728181055,10,20,20
13,9758,9.949345997353512e-12,2.6442067138208833e-09,0.1001564340730469,0.8998435632727967,10,20,20
13,9759,1.511575226260391e-11,3.300388356595391e-08,0.13074693070397023,0.8692530362770302,10,20,20
13,9760,2.8919027756302773e-07,1.6160122290891488e-07,0.13063977512869063,0.8693597740798088,10,20,20
13,9761,2.89175312863419e-07,1.6159019221934314e-07,0.10447021813238751,0.8955293311021075,10,20,20
13,9762,2.891753127484783e-07,1.615987338432469e-07,0.17000796736416113,0.8299915818617922,10,20,20
13,9763,2.8917531323300684e-07,0.0007748662417590643,0.21755101650623931,0.7816738280766883,10,20,20
13,9764,2.8749882305809734e-05,7.600891197649972e-05,0.16364163421377553,0.8362536069919418,10,20,20
13,9765,2.5843495850760908e-12,9.041363657679337e-10,0.06725817112898604,0.9327418279642931,10,20,20
13,9766,2.5141910091952967e-12,1.3417437855090045e-07,0.039847707125545924,0.9601521586975613,10,20,20
13,9767,1.1094396410342201e-15,8.547877487298217e-10,0.0047444153638855555,0.9952555837813255,10,20,20
13,9768,4.684176238306705e-16,3.9901887758402187e-13,0.0033206905953881982,0.9966793094042122,10,20,20
13,9769,1.0756101099017088e-15,3.7556010041541e-13,0.002267352197597934,0.9977326478020256,10,20,20
13,9770,1.065828907795147e-13,2.36455942385411e-10,0.0005302616565012094,0.9994697381069363,10,20,20
13,9771,1.2988327874089862e-13,2.4087937934520334e-10,0.0033107805749879983,0.9966892191840028,10,20,20
13,9772,4.462299865604448e-14,8.266593979203713e-10,0.02450424098848685,0.975495758184809,10,20,20
13,9773,4.429226393607932e-14,6.526310396935473e-10,0.0006391597795838146,0.9993608395677411,10,20,20
13,9774,5.573307713670092e-14,4.523023126459533e-07,0.007340607929555166,0.9926589397680765,10,20,20
13,9775,1.8223763028201924e-14,4.492197109181271e-07,0.004975045712577885,0.9950245050676931,10,20,20
13,9776,1.8248399563354207e-14,7.544798907695875e-13,0.0007262082297232335,0.9992737917695041,10,20,20
13,9777,1.987957934753626e-12,8.54479729595879e-10,0.04321236672266049,0.9567876324208718,10,20,20
13,9778,9.635303725251359e-12,2.4347135105158545e-09,0.048696087982890345,0.951303909572761,10,20,20
13,9779,7.66380396436598e-12,3.6484256371915274e-12,0.005964383596991767,0.9940356163916959,10,20,20
13,9780,3.082628906329079e-16,8.678772498394416e-14,0.0014383817722956555,0.9985616182276174,10,20,20
13,9781,4.468369177594501e-15,1.1161280289541754e-10,0.00532713335530948,0.9946728665330731,10,20,20
13,9782,1.9689185202479457e-16,8.809354485096014e-13,0.0009597983897211579,0.9990402016093978,10,20,20
13,9783,2.554181932134416e-16,5.9143849718354325e-12,0.0018049718911093682,0.9981950281029761,10,20,20
13,9784,1.0755952433745082e-17,2.2825831733793884e-12,0.00017682144762151716,0.999823178550096,10,20,20
13,9785,2.3577177937281462e-17,1.2178454390047547e-12,0.00022689724310477415,0.9997731027556774,10,20,20
13,9786,3.835168531305118e-16,1.4262954830138295e-12,0.00016852701905562282,0.9998314729795179,10,20,20
13,9787,5.175505472708212e-14,2.7929307962648447e-10,0.024773143700099334,0.9752268560205557,10,20,20
13,9788,3.3506957997161936e-14,2.939802609211963e-10,0.12163941614103613,0.8783605835649502,10,20,20
13,9789,1.0627286382410986e-12,3.230678410179417e-08,0.09630158327522584,0.9036983844169274,10,20,20
13,9790,1.0616635517506605e-12,3.229738270237704e-08,0.0930545098432681,0.9069454578582876,10,20,20
13,9791,4.0705319364966876e-15,9.899502777275401e-09,0.10057536098732604,0.899424629113167,10,20,20
13,9792,4.2394302878256385e-15,9.902848254087394e-09,0.10185313551258801,0.8981468545845592,10,20,20
13,9793,6.028492621478359e-15,9.902881811421428e-09,0.1034659829193583,0.8965340071777534,10,20,20
13,9794,4.044582403222612e-14,4.2464225660984474e-08,0.10434873166109201,0.8956512258746414,10,20,20
13,9795,1.1415079227649267e-12,1.87599455835777e-06,0.119538060132597,0.8804600638717026,10,20,20
13,9796,1.1194943434173254e-12,1.8759684087624877e-06,0.10326289666975075,0.8967352273607206,10,20,20
13,9797,2.7938530322257293e-13,3.792972246848412e-09,0.20053457312576956,0.7994654230809782,10,20,20
13,9798,1.8509251669976464e-09,3.451741105061409e-06,0.20502423441507966,0.7949723119928893,10,20,20
13,9799,1.7284081710019633e-10,0.0933649794025078,0.10840641782495135,0.7982286025997,10,20,20
13,9800,0.006525840653015544,0.09365042557146436,0.09791029926520414,0.8019134345103154,10,20,20
13,9801,1.230613691879769e-10,0.09995894826494779,0.08901693990355873,0.8110241117084319,10,20,20
13,9802,1.2026435366585651e-10,0.08379969278162618,0.10708441264070134,0.8091158944574085,10,20,20
13,9803,1.2026145505079166e-10,0.09998554926467935,0.01570082424180188,0.8843136263732573,10,20,20
13,9804,7.892897708996316e-12,0.0999558815137422,0.04808697364224701,0.8519571448361176,10,20,20
13,9805,4.712812155148613e-14,0.09995572953650847,0.000299390348135317,0.899744880115309,10,20,20
13,9806,1.832642336305446e-14,0.09998357770600409,0.0002999920705938321,0.8997164302233835,10,20,20
13,9807,3.3186230587656396e-14,0.09869111590049102,0.0014275012347145614,0.8998813828647613,10,20,20
13,9808,1.8790256320339973e-14,0.09999709524623258,0.001486690470036675,0.8985162142837118,10,20,20
13,9809,1.6161502069454895e-16,0.0999999064303112,0.0044234079841733425,0.8955766855855153,10,20,20
13,9810,6.897340347543253e-13,0.09999990646242693,0.0015699180419292802,0.898430175494954,10,20,20
13,9811,3.403932254292837e-11,0.09999990651519988,0.0035052967498909113,0.8964947967008701,10,20,20
13,9812,1.0031415549976932e-11,0.09995713655198843,0.0025691324895328505,0.8974737309484475,10,20,20
13,9813,7.870530590278722e-15,0.09995713649324141,0.00021506300276383878,0.899827800503987,10,20,20
13,9814,1.3696050825159656e-15,0.09948778184473155,0.0006969497824630196,0.899815268372804,10,20,20
13,9815,6.9896410231384e-17,0.09999514565182581,3.850778428332908e-05,0.8999663465638907,10,20,20
13,9816,6.597676400976493e-12,0.09648792262078838,0.12536524883737554,0.7781468285352382,10,20,20
13,9817,3.380993864472637e-14,0.09999964852819186,0.1612330271519929,0.7387673243197816,10,20,20
13,9818,1.1176176715924238e-05,0.10205749989711421,0.1408496235642258,0.7570817003619441,10,20,20
13,9819,1.1176176690441096e-05,0.10205749989184656,0.1063939666097187,0.7915373573217444,10,20,20
13,9820,9.816191039626812e-10,0.10025156388260315,0.20032908297358903,0.6994193521621888,10,20,20
13,9821,1.3246037523568167e-14,0.10100391827163357,0.1993155821433029,0.6996804995850499,10,20,20
13,9822,4.019716352208886e-12,0.12479805035963842,0.17632739945443357,0.6988745501819082,10,20,20
13,9823,1.0581129767834466e-14,0.12479805035791039,0.17751524879542585,0.6976867008466532,10,20,20
13,9824,2.5207262653980303e-06,0.10333354126121366,0.19895590961616688,0.6977080283963538,10,20,20
13,9825,2.5207262653998315e-06,0.10330461558332507,0.20328992510705796,0.693402938583352,10,20,20
13,9826,1.287452983038421e-08,0.09956081297756439,0.2037972025784424,0.6966419715694634,10,20,20
13,9827,8.362459921539173e-12,0.048102305999791754,0.18199749740871993,0.7699001965831259,10,20,20
13,9828,2.754464303638008e-14,0.1000803882809385,0.12999374822934287,0.7699258634896908,10,20,20
13,9829,2.337936637369488e-10,0.10006657540647698,0.13055512110196324,0.7693783032577655,10,20,20
13,9830,0.0005921577149399416,0.10006661799076655,0.15353249618370685,0.7458087281105865,10,20,20
13,9831,0.0005921577148688679,0.09983655746780298,0.10320612573919671,0.7963651590781314,10,20,20
13,9832,0.0005921583874724687,0.09983655757526055,0.14979863650681172,0.749772647530455,10,20,20
13,9833,0.0005921577148685888,0.0999951511197803,0.0994360248214807,0.7999766663438705,10,20,20
13,9834,0.07443805682661699,0.09999503465025064,0.025751862386226315,0.7998150461369062,10,20,20
13,9835,0.05874974688131544,0.09999503289984932,0.04194153925630503,0.7993136809625299,10,20,20
13,9836,0.05874974688117344,0.09951927295001983,0.04173852697757555,0.799992453191231,10,20,20
13,9837,0.05874974688131438,0.09951927295345984,0.04452054147998438,0.7972104386852413,10,20,20
13,9838,1.5425729725999534e-13,0.09953491255354804,0.1958333680749838,0.7046317193713135,10,20,20
13,9839,1.7314784090088088e-13,0.10001358286766167,0.1935056928277422,0.7064807243044229,10,20,20
13,9840,1.138244171563943e-16,0.0999981584642544,0.25569763555863323,0.644304205977112,10,20,20
13,9841,0.0003687207341672836,0.0903110667698248,0.27058015073443126,0.6387400617615766,10,20,20
13,9842,3.6313005563775986e-06,0.09756939625500213,0.2653810104925462,0.6370459619518949,10,20,20
13,9843,3.531938154619246e-06,0.1996378151459402,0.10219726096094146,0.6981613919549635,10,20,20
13,9844,6.02279451638929e-07,0.1967333803763867,0.10511450447847741,0.6981515128656843,10,20,20
13,9845,2.2570489298514976e-16,0.19720355077791962,0.10799489409927447,0.6948015551228053,10,20,20
13,9846,0.02006392820999336,0.19720354298650383,0.08466582621352432,0.6980667025899787,10,20,20
13,9847,7.028783012916995e-12,0.16849734441013103,0.18978814303757122,0.6417145125452688,10,20,20
13,9848,4.2434821697425647e-10,0.14939591602571725,0.15250690999788277,0.6980971735520516,10,20,20
13,9849,4.756119994111659e-11,0.20700175421816086,0.09369949948765473,0.6992987462466231,10,20,20
13,9850,2.597593406748273e-13,0.23148553529926832,0.06924451978278758,0.6992699449176841,10,20,20
13,9851,5.722772698979711e-14,0.2315372720900321,0.0809266763824846,0.687536051527426,10,20,20
13,9852,3.452429548726179e-14,0.19984789818709442,0.11262066369961736,0.6875314381132538,10,20,20
13,9853,2.545615367562739e-09,0.19970964753493228,0.11721783294333896,0.6830725169761132,10,20,20
13,9854,1.8420629135038018e-06,0.1680985692923347,0.14440201220405383,0.6874975764406976,10,20,20
13,9855,2.437527210978634e-09,0.19998251237579243,0.11240685324014872,0.6876106319465315,10,20,20
13,9856,2.4652770277209654e-09,0.10000329877847089,0.2133009729360837,0.686695725820168,10,20,20
13,9857,3.43194682151213e-09,0.09999357816106624,0.20045869459344684,0.6995477238135405,10,20,20
13,9858,2.437535994086122e-09,0.19995638068436242,0.10045954093619225,0.6995840759419094,10,20,20
13,9859,1.3505495459694977e-14,0.15036518793924503,0.09061524575221794,0.7590195663085235,10,20,20
13,9860,4.23158170529743e-15,0.15036630583806126,0.12126378492989412,0.7283699092320403,10,20,20
13,9861,2.1569635200766692e-09,0.10283685910459361,0.10424609834249185,0.7929170403959513,10,20,20
13,9862,2.156961467595095e-09,0.10283685743598796,0.09725808818784872,0.7999050522192019,10,20,20
13,9863,3.9010968504972484e-12,0.19753118799661365,0.0035648970760820417,0.7989039149234032,10,20,20
13,9864,1.4945021346086767e-16,0.19978211328552417,0.054275247800649684,0.745942638913826,10,20,20
13,9865,2.3796433849317594e-12,0.19865581398125626,0.043355225362513974,0.7579889606538501,10,20,20
13,9866,4.332703325666506e-14,0.19946930510540045,0.04150854258137547,0.7590221523131808,10,20,20
13,9867,6.020214754425673e-10,0.19998150769061582,0.07615493722644548,0.7238635544809171,10,20,20
13,9868,2.3627125447577918e-07,0.1999813938625389,0.1308598651000411,0.669158504766165,10,20,20
13,9869,0.0008097169449429757,0.19988346010555194,0.09936738597011145,0.6999394369793935,10,20,20
13,9870,0.044937028838124365,0.18887758416752604,0.06614502770885688,0.7000403592854925,10,20,20
13,9871,0.044937028838126045,0.19908562202043198,0.05937219172833156,0.6966051574131102,10,20,20
13,9872,0.044937028838557935,0.1852469584817735,0.07193124342246274,0.6978847692572057,10,20,20
13,9873,0.04493702883829248,0.19910894492151948,0.05904156521650526,0.6969124610236827,10,20,20
13,9874,0.09152905712365497,0.14801648747105378,0.06063632142648288,0.6998181339788083,10,20,20
13,9875,0.0915290571236596,0.14810801112636027,0.06523222143708324,0.6951307103128964,10,20,20
13,9876,0.0177653036931075,0.1998731140385275,0.08717627944266904,0.695185302825696,10,20,20
13,9877,0.017765303693106162,0.19991183344981037,0.08308653647110704,0.6992363263859765,10,20,20
13,9878,0.048866109180221655,0.19995351673574935,0.054703259380453936,0.6964771147035751,10,20,20
13,9879,1.6416741709182462e-05,0.19995920475602072,0.10159615510637762,0.6984282233958924,10,20,20
13,9880,1.6509984318497933e-11,0.20013109048059427,0.10281990273126584,0.6970490067716294,10,20,20
13,9881,1.692958216903469e-11,0.2001347169617317,0.10232807944233609,0.6975372035790025,10,20,20
13,9882,7.337960775129093e-09,0.19974074402467817,0.10242892435134851,0.6978303242860125,10,20,20
13,9883,7.337954856011057e-09,0.19847529777672762,0.10149489156861029,0.700029803316707,10,20,20
13,9884,7.416639034514418e-13,0.19941660520474702,0.1055249054636884,0.6950584893308229,10,20,20
13,9885,4.977423928075279e-12,0.19722089955106098,0.19872993183931806,0.6040491686046437,10,20,20
13,9886,0.00039306746861831254,0.19475893033450983,0.14379992103104067,0.6610480811658307,10,20,20
13,9887,4.65214859221903e-07,0.19636982722466076,0.10279008227163226,0.7008396252888476,10,20,20
13,9888,4.652143492668543e-07,0.19708260039616313,0.10185570286074597,0.7010612315287414,10,20,20
13,9889,4.6521434917453714e-07,0.09993994149396772,0.19892891026856313,0.7011306830231196,10,20,20
13,9890,0.0005309904369867798,0.10005648771216347,0.19915065087669132,0.7002618709741583,10,20,20
13,9891,1.5429115772542196e-06,0.09907061464231456,0.19626619260294,0.7046616498431683,10,20,20
13,9892,1.1971258664347003e-10,0.09998098016511725,0.1952972690931029,0.7047217506220675,10,20,20
13,9893,3.820160692567795e-13,0.09514617680574025,0.09896456991361294,0.8058892532802648,10,20,20
13,9894,1.9417860816650717e-13,0.0999847303700576,0.09414023806034619,0.8058750315694019,10,20,20
13,9895,3.6748918376408594e-13,0.09874401939399374,0.09686868199496651,0.804387298610672,10,20,20
13,9896,1.6795330078883215e-09,0.09883234387015502,0.1013006286455315,0.7998670258047802,10,20,20
13,9897,1.6794226366143402e-09,0.09883234386916043,0.10277653090699349,0.7983911235444234,10,20,20
13,9898,1.0118073389555561e-08,0.10010422269018507,0.10030530652390937,0.7995904606678321,10,20,20
13,9899,1.0118067465950366e-08,0.10010592370644547,0.10067610356740742,0.7992179626080798,10,20,20
13,9900,7.152986936735655e-12,0.098717773016115,0.10307330044934293,0.7982089265273888,10,20,20
13,9901,1.6850186299455074e-06,0.09886576889658298,0.10155894337678092,0.7995736027080056,10,20,20
13,9902,2.1374862056707165e-14,0.09907700722437399,0.10301230840706503,0.7979106843685397,10,20,20
13,9903,5.643085067267179e-10,0.09871173700864685,0.10343622552900164,0.7978520368980426,10,20,20
13,9904,1.953433887390816e-14,0.04488026591290935,0.15727388747026966,0.797845846616801,10,20,20
13,9905,5.918810973703478e-09,2.7020692671391003e-08,0.19261232551001312,0.8073876415504829,10,20,20
13,9906,0.00018973729317439239,0.03499650357879387,0.18972293843898658,0.775090820689045,10,20,20
13,9907,0.0048550202823680845,0.03491566586238911,0.16192149835417086,0.7983078155010718,10,20,20
13,9908,0.0013298027837725923,2.8073205717027123e-05,0.2002134632649287,0.7984286607455816,10,20,20
13,9909,0.0013298027648369643,0.09985494112403245,0.10081530674730273,0.7979999493638277,10,20,20
13,9910,2.2688658104492215e-10,0.09999504437188535,0.10168247980657652,0.7983224755946514,10,20,20
13,9911,1.0227418253842753e-10,0.10001261313203313,0.10055024065555214,0.7994371461101405,10,20,20
13,9912,9.769045761953514e-11,0.1000126142101803,0.10104004822886195,0.7989473374632674,10,20,20
13,9913,9.769146161324606e-11,0.04578709030379341,0.15617429352409415,0.7980386160744208,10,20,20
13,9914,9.76916522333151e-11,0.045787092076851645,0.15755120087714775,0.7966617069483088,10,20,20
13,9915,1.9949651179438617e-08,0.045821512374826165,0.1563745350750574,0.797803932600465,10,20,20
13,9916,3.5642683323175772e-09,0.04577425623014743,0.15713512620668804,0.7970906139988959,10,20,20
13,9917,3.5642662593344795e-09,0.045774254652426745,0.15437053123767958,0.7998552105456275,10,20,20
13,9918,3.564265161021222e-09,0.09999953015218228,0.1001051477327922,0.7998953185507602,10,20,20
13,9919,3.5648207799404185e-09,0.0988895826501151,0.10116576660504344,0.7999446471800206,10,20,20
13,9920,1.1478680228969382e-13,0.11067195980016835,0.18994836963073838,0.6993796705689781,10,20,20
13,9921,1.366842433207218e-07,0.12058433732925702,0.21769120673813194,0.6617243192483675,10,20,20
13,9922,3.67680465422736e-06,0.14728068477167025,0.19043788610856974,0.6622777523151053,10,20,20
13,9923,0.003000263350189169,0.0004055617394905438,0.33131620873207845,0.6652779661782422,10,20,20
13,9924,8.608722025500366e-07,0.009017702551051615,0.35275077537265476,0.6382306612040911,10,20,20
13,9925,1.5745039306950495e-07,0.009187822967738967,0.3290755922905949,0.6617364272912736,10,20,20
13,9926,1.5745039174278433e-07,0.009187822967784627,0.32914128930819275,0.6616707302736311,10,20,20
13,9927,6.407968872266343e-05,0.00011079021408853062,0.2998690670660251,0.6999560630311634,10,20,20
13,9928,0.04388589519643746,0.00011079557350711413,0.25760593135963983,0.6983973778704152,10,20,20
13,9929,1.7414455053017745e-05,1.7483821679867296e-05,0.3015803850643769,0.6983847166588898,10,20,20
13,9930,0.0001569766280297105,4.86846523744272e-07,0.35115303959369004,0.6486894969317556,10,20,20
13,9931,7.429366590222894e-07,0.004990753701295614,0.34481747787316225,0.6501910254888826,10,20,20
13,9932,0.05498998100014853,0.0006154389452618442,0.24445649607774816,0.6999380839768409,10,20,20
13,9933,0.012743395755227541,0.007735027307486009,0.2795730719734906,0.6999485049637958,10,20,20
13,9934,0.00361041896589893,0.024647251935348585,0.2746244163595285,0.697117912739224,10,20,20
13,9935,3.1771801889487326e-09,0.04038778693462222,0.36236171592679967,0.5972504939613976,10,20,20
13,9936,8.40751312166342e-09,0.01652277924890475,0.30312460665407714,0.6803526056895052,10,20,20
13,9937,0.00011873223797580708,0.0010399108338013854,0.2988093634015369,0.7000319935266855,10,20,20
13,9938,9.943541847199325e-08,0.003737429810076525,0.3407239755936634,0.6555384951608417,10,20,20
13,9939,2.1153807103923352e-08,0.0037409654073108263,0.2965072459368156,0.6997517675020661,10,20,20
13,9940,3.175670965094935e-06,0.037363522014546575,0.18478333392525342,0.7778499683892349,10,20,20
13,9941,3.17670273206691e-06,0.00013475181733539287,0.38160645194551224,0.6182556195344193,10,20,20
13,9942,7.526090767218986e-10,8.556655036645792e-06,0.37116497414077754,0.6288264684515763,10,20,20
13,9943,7.132705090538189e-10,2.590556893102627e-05,0.3665108395331399,0.6334632541846587,10,20,20
13,9944,2.890111553056291e-09,0.007456952820517794,0.31325460719379755,0.6792884370955724,10,20,20
13,9945,3.569276378812972e-07,0.007456925731977544,0.2925668077020972,0.699975909638287,10,20,20
13,9946,8.166920384805032e-09,1.1566864280724011e-05,0.2831213152678588,0.7168671097009394,10,20,20
13,9947,0.00013583831850819068,0.05886859948438568,0.24375291521784453,0.6972426469792613,10,20,20
13,9948,0.09581959909819836,0.09999338599743343,0.10712625285516009,0.697060762049208,10,20,20
13,9949,0.00029422220914462893,0.09999404650840629,0.2012748930055504,0.6984368382768983,10,20,20
13,9950,0.00029422220914733955,0.09999813079529327,0.19977871184819568,0.6999289351473637,10,20,20
13,9951,0.00010004175795492644,0.10008698332169459,0.2616813401221952,0.6381316347981546,10,20,20
13,9952,8.337925580856388e-12,0.10025290395806108,0.200405645326394,0.6993414507072064,10,20,20
13,9953,4.711601463974862e-07,0.10025267354143426,0.19979334402757037,0.699953511270849,10,20,20
13,9954,4.7115445143837696e-07,0.18180993633220727,0.1182139325002336,0.6999756600131077,10,20,20
13,9955,5.935408849193518e-07,0.18221228420295657,0.11920065264821447,0.6985864696079441,10,20,20
13,9956,4.65852587967573e-06,0.19999046992591996,0.10003364067420803,0.6999712308739922,10,20,20
13,9957,1.2015896495583016e-08,0.09999096392151266,0.2048087040266513,0.6952003200359391,10,20,20
13,9958,5.093338301522052e-06,0.0999954978850755,0.20178069459384124,0.6982187141827821,10,20,20
13,9959,1.147833091366174e-08,0.15085423535631776,0.15221022569365722,0.6969355274716944,10,20,20
13,9960,8.340254746802708e-06,0.19950623630350622,0.19894770417909569,0.6015377192626516,10,20,20
13,9961,2.7596424245060364e-10,0.1530372705711676,0.2831308564806375,0.5638318726722307,10,20,20
13,9962,5.250815118126044e-10,0.08124184171712498,0.31885422067511243,0.5999039370826805,10,20,20
13,9963,2.6163486390745037e-09,0.10000239490493279,0.300783538239251,0.5992140642394663,10,20,20
13,9964,2.6164077637737593e-09,0.09999453938185661,0.3014209457765033,0.5985845122252316,10,20,20
13,9965,1.3448855334621657e-06,0.07810624048426151,0.22422223222343257,0.6976701824067716,10,20,20
13,9966,2.171869394960798e-08,0.10023441564027458,0.20024738283689306,0.699518179804138,10,20,20
13,9967,2.1739680584639804e-08,0.14510336586919476,0.15867953419631875,0.6962170781948056,10,20,20
13,9968,3.588648170797308e-14,0.20001888369984777,0.10015764286698067,0.6998234734331352,10,20,20
13,9969,7.65036894575754e-11,0.19968804283467376,0.10044974026055645,0.6998622168282662,10,20,20
13,9970,7.655271434801212e-11,0.1591225489105283,0.1412930643820711,0.6995843866308478,10,20,20
13,9971,7.750287992592656e-09,0.18935100797753734,0.11302496254123803,0.6976240217309365,10,20,20
13,9972,4.5373165020893214e-08,0.2001662973580045,0.10461623610990063,0.6952174211589298,10,20,20
13,9973,0.0030072496846136514,0.08245078153153272,0.21688960608663868,0.6976523626972149,10,20,20
13,9974,1.4720452583005077e-06,0.039005487203769416,0.2639653958534515,0.6970276448975209,10,20,20
13,9975,2.8201329446915086e-07,0.056811019301880816,0.24175167491692137,0.7014370237679033,10,20,20
13,9976,3.6957400091463583e-16,0.03899850263140842,0.27824279930175,0.6827586980668405,10,20,20
13,9977,8.78979763091697e-10,0.1151347727996566,0.29037086263362705,0.5944943636877361,10,20,20
13,9978,8.79046089871367e-10,0.25077050069155477,0.11217956603309916,0.6370499323962997,10,20,20
13,9979,8.781579299147826e-10,0.25656866275592494,0.06943604990197652,0.6739952864639407,10,20,20
13,9980,5.297823791114827e-14,0.2804115232981126,0.11784005067681733,0.601748426025017,10,20,20
13,9981,2.8154047460396778e-08,0.2804145415798588,0.11960805471535514,0.5999773755507384,10,20,20
13,9982,2.815600641048292e-08,0.2999518097227408,0.19799920661437553,0.5020489555068767,10,20,20
13,9983,3.286072198706877e-16,0.2995245256829653,0.16134284777177135,0.5391326265452632,10,20,20
13,9984,2.424768713237278e-12,0.29911761316147817,0.04382248072861895,0.657059906107478,10,20,20
13,9985,2.407919940506917e-12,0.29934670730360846,0.040073360678116274,0.6605799320158672,10,20,20
13,9986,1.9521828729954284e-11,0.29955915432078556,0.003419754025423711,0.697021091634269,10,20,20
13,9987,1.9528330588327692e-11,0.2942996209886737,0.0066934909820401305,0.6990068880097577,10,20,20
13,9988,1.7472884293342028e-14,0.21576646295184226,0.08502300946038319,0.6992105275877568,10,20,20
13,9989,1.2229828755346643e-09,0.19998655195769854,0.10177290323192283,0.6982405435873956,10,20,20
13,9990,1.2229707931805642e-09,0.19996629765441187,0.19656657099092156,0.6034671301316956,10,20,20
13,9991,5.9204010819770086e-05,0.1286633377746887,0.26313038656281384,0.6081470716516775,10,20,20
13,9992,0.022521491460015506,0.12621464984916136,0.2512615175946336,0.6000023410961896,10,20,20
13,9993,0.0018824108933555809,0.1972143211616979,0.20268096032050037,0.5982223076244455,10,20,20
13,9994,0.0018221873274163886,0.20104490346735618,0.1989114406204317,0.5982214685847952,10,20,20
13,9995,0.00034884064252659085,0.1999374371985231,0.19981857746690176,0.599895144692048,10,20,20
13,9996,5.309596205444089e-12,0.19958707358284505,0.19518086971356674,0.6052320566982786,10,20,20
13,9997,2.616993014811733e-07,0.17897103958024357,0.12173194947922983,0.699296749241225,10,20,20
13,9998,0.001105304012035927,0.1970636212525661,0.10468212585273858,0.6971489488826589,10,20,20
13,9999,2.85327189104506e-12,0.19960549691315121,0.10140030225509493,0.6989942008289003,10,20,20
13,10000,0.09942109325941278,0.1859018350822645,0.015731364965040198,0.6989457066932824,10,20,20
