run,generation,degenerate,holistic,other,compositional,popsize,turnover_rounds,group_rounds
15,0,0.9987713554999793,1.4267839920713722e-08,0.0012266915175253483,1.938714656782331e-06,25,10,0
15,1,0.9987713554999793,1.4267839920713722e-08,0.0012266915175253483,1.938714656782331e-06,25,10,0
15,2,0.9988120812164959,1.3702614812632246e-08,0.001186043860157821,1.8612207327518018e-06,25,10,0
15,3,0.9939427285396221,2.041144072798839e-08,0.006054183118836522,3.0679301024441024e-06,25,10,0
15,4,0.990259022512472,1.3592152761741204e-08,0.00973914276759239,1.8211277846457964e-06,25,10,0
15,5,0.9900239682569602,1.5712159127924825e-08,0.009973578266737233,2.4377641452847213e-06,25,10,0
15,6,0.9892162029400292,2.5269465083661572e-08,0.010706307341034109,7.74644494746915e-05,25,10,0
15,7,0.9829333536018648,2.486457143433587e-08,0.01692276591026628,0.0001438556233009559,25,10,0
15,8,0.9892591255924963,2.4791262343557626e-08,0.01066346224900517,7.738736723925905e-05,25,10,0
15,9,0.9822670311975632,2.1793302042487158e-07,0.014808020120680825,0.002924730748738907,25,10,0
15,10,0.9682243079176537,3.627853608701192e-07,0.028811287754774245,0.0029640415422080672,25,10,0
15,11,0.9679863786921268,6.494521570596992e-07,0.029048982190166415,0.0029639896655466696,25,10,0
15,12,0.9642679722197468,7.656011472092562e-07,0.03276623509535423,0.0029650270837490392,25,10,0
15,13,0.9316309057449679,7.657401572470038e-07,0.06540337529007026,0.00296495322480006,25,10,0
15,14,0.9256253627578965,7.697178251266885e-07,0.07140895008594546,0.002964917438329037,25,10,0
15,15,0.9231568502817196,9.596980990743542e-06,0.0766743087951267,0.00015924394215909122,25,10,0
15,16,0.9304912652708581,9.61658520284935e-06,0.06933990528865888,0.00015921285527629962,25,10,0
15,17,0.9302702258649167,9.616198529028719e-06,0.06956102144403684,0.000159136492514057,25,10,0
15,18,0.9303168618154719,9.615632198769989e-06,0.06951446328378569,0.0001590592685406176,25,10,0
15,19,0.929569365381479,9.642572675993732e-06,0.07026199638117063,0.00015899566467186487,25,10,0
15,20,0.9292193806715122,9.642326715481162e-06,0.07061039556231823,0.00016058143945200934,25,10,0
15,21,0.9327060651391647,9.525703817617025e-06,0.06712352988421645,0.0001608792727993152,25,10,0
15,22,0.9328141093476477,9.523021600223299e-06,0.06701616634828937,0.0001602012824606404,25,10,0
15,23,0.9280849064627499,1.070939169225423e-06,0.07179418739593076,0.00011983520214808765,25,10,0
15,24,0.9287570286132172,1.0510592307407067e-06,0.07112207983255273,0.00011984049499732701,25,10,0
15,25,0.9286170174816906,1.0638965519318173e-06,0.0712637001132735,0.00011821850848203614,25,10,0
15,26,0.9281346159859593,1.3237236159586614e-06,0.07174453775163919,0.00011952253878369278,25,10,0
15,27,0.9279844286745216,1.3236211233455386e-06,0.07189226701707752,0.00012198068727602566,25,10,0
15,28,0.9279348095993961,1.3284401143757426e-06,0.07194058890815062,0.00012327305233789178,25,10,0
15,29,0.9263960802773827,2.440469393549977e-06,0.0734794678989609,0.00012201135426188805,25,10,0
15,30,0.9301178962429496,2.298849125538906e-06,0.06979616740569211,8.363750223160514e-05,25,10,0
15,31,0.9583334199267713,2.3906500304640314e-06,0.04155679423304482,0.00010739519015247607,25,10,0
15,32,0.9627959008623178,2.298141180742148e-06,0.037118167136630145,8.363385987132646e-05,25,10,0
15,33,0.9624533776241097,2.2984068757934013e-06,0.03745932006810836,8.500390090611829e-05,25,10,0
15,34,0.9572630783900803,2.488324936852073e-06,0.04269943450975717,3.4998775224500126e-05,25,10,0
15,35,0.9646380835567069,6.547761447019059e-06,0.03532170067518048,3.3668006665372e-05,25,10,0
15,36,0.961687130915027,6.524504816475304e-06,0.03827268868429048,3.365589586594683e-05,25,10,0
15,37,0.9617279536654679,6.523940228099043e-06,0.03823194342174755,3.357897255636724e-05,25,10,0
15,38,0.9543953146324259,6.762629928802768e-06,0.045500527038213265,9.739569943123324e-05,25,10,0
15,39,0.9483106327812492,6.475510236800023e-06,0.05158547596512011,9.741574339260862e-05,25,10,0
15,40,0.9482103957308732,6.483639019662483e-06,0.05168549732635756,9.762330374834089e-05,25,10,0
15,41,0.9484656088699623,6.470638337938303e-06,0.05142935752020433,9.856297149423992e-05,25,10,0
15,42,0.9481307504408921,6.696892688615983e-06,0.05176289136719573,9.96612992224369e-05,25,10,0
15,43,0.9555017023210408,6.4577581182296325e-06,0.04445607182181374,3.576809902639429e-05,25,10,0
15,44,0.95448350426081,7.5723763967593244e-06,0.04546784935832487,4.1074004467665075e-05,25,10,0
15,45,0.9542788074203165,7.5718129721411006e-06,0.0456726232434481,4.099752326257628e-05,25,10,0
15,46,0.9477755997181773,7.575712457851226e-06,0.05210986486963961,0.00010695969972454068,25,10,0
15,47,0.9477423045155237,7.575635799811619e-06,0.05214457198864988,0.00010554786002567479,25,10,0
15,48,0.9477363725420099,7.57563977662406e-06,0.052150495275972576,0.00010555654224038874,25,10,0
15,49,0.9329986676939143,3.105142118447802e-05,0.06686271411618007,0.00010756676872072035,25,10,0
15,50,0.9395448709592111,3.10469531384096e-05,0.060382553707068264,4.152838058174187e-05,25,10,0
15,51,0.9234950554020631,2.9930011613923097e-05,0.07643353366627426,4.14809200482385e-05,25,10,0
15,52,0.9234753203440249,2.9930133533006558e-05,0.07645326729008733,4.148223235431447e-05,25,10,0
15,53,0.933765274557174,2.9926337879101336e-05,0.06616433085746629,4.04682474802123e-05,25,10,0
15,54,0.9251087131293548,2.544304233354827e-05,0.07270582548506624,0.0021600183432450184,25,10,0
15,55,0.931247684936778,2.544292698168433e-05,0.06656687632674844,0.0021599958094914965,25,10,0
15,56,0.9310997578329308,2.544296272045726e-05,0.06671481798366806,0.0021599812206804375,25,10,0
15,57,0.9305355838283321,2.5450798650298915e-05,0.06727895710427595,0.0021600082687413696,25,10,0
15,58,0.9365122234529464,2.5250864640499813e-05,0.061327567240356116,0.002134958442056647,25,10,0
15,59,0.9365194167966606,2.5250739008233796e-05,0.061320375065136996,0.002134957399193782,25,10,0
15,60,0.9365440153859701,2.5250185984954377e-05,0.06129580413101591,0.002134930297028701,25,10,0
15,61,0.9117904441369221,4.3158001194850665e-05,0.08603347477984073,0.0021329230820412316,25,10,0
15,62,0.9099638582642668,4.317617168281073e-05,0.08785606654059709,0.0021368990234525934,25,10,0
15,63,0.9095383516405015,4.335299233061574e-05,0.08828010609592304,0.0021381892712445953,25,10,0
15,64,0.9095551751318215,4.335286861689781e-05,0.08826328433567739,0.0021381876638839944,25,10,0
15,65,0.9050787862434291,4.335560763846153e-05,0.09273898046189435,0.002138877687037269,25,10,0
15,66,0.888283933225462,4.338859477228644e-05,0.10953072587835137,0.0021419523014133907,25,10,0
15,67,0.8901084405115437,4.325937577478357e-05,0.10968612016900899,0.00016217994367162243,25,10,0
15,68,0.8559347726800428,4.3261563016807476e-05,0.14384860977260927,0.0001733559843297804,25,10,0
15,69,0.8567732867634542,4.214679415385859e-05,0.14301652560562894,0.000168040836761848,25,10,0
15,70,0.8565378919982194,4.214682464818959e-05,0.14325192886196417,0.00016803231516710252,25,10,0
15,71,0.84324488059784,4.197924872761435e-05,0.15654390224270956,0.00016923791072146328,25,10,0
15,72,0.8609859809847645,4.1977683199430766e-05,0.13881392236808568,0.0001581189639492167,25,10,0
15,73,0.8612569263275287,4.1978000177328316e-05,0.13854297906309385,0.0001581166091989898,25,10,0
15,74,0.8604861630348889,4.197865345060851e-05,0.139313648094602,0.00015821021705737212,25,10,0
15,75,0.8620602640439461,4.196107705644511e-05,0.13774283627230102,0.00015493860669538263,25,10,0
15,76,0.8242106753844846,7.208073899595792e-05,0.17556226040680778,0.00015498346971589,25,10,0
15,77,0.8268456388818328,7.206093333973044e-05,0.1729263102838393,0.00015598990099225193,25,10,0
15,78,0.8099889525516163,7.244605264353465e-05,0.18978056081311703,0.00015804058262648284,25,10,0
15,79,0.811089911554528,7.244536494934225e-05,0.18867970262210362,0.00015794045842252972,25,10,0
15,80,0.8111501328240558,7.244537205654417e-05,0.1886194808705517,0.00015794093333933865,25,10,0
15,81,0.8111620803950131,7.244535835753118e-05,0.1886075342199009,0.00015794002673176464,25,10,0
15,82,0.8116537935434036,3.1061774818627864e-05,0.1881572082053639,0.00015793647641702233,25,10,0
15,83,0.8176888734405078,3.105732583215834e-05,0.18212214970948515,0.00015791952417837572,25,10,0
15,84,0.8335532613204686,3.0469680444947474e-05,0.16626143810655417,0.00015483089253570418,25,10,0
15,85,0.8439480517812795,3.045550548742355e-05,0.15571815597035193,0.00030333674287964357,25,10,0
15,86,0.8441408075513956,3.045372636787737e-05,0.15552577734466924,0.00030296137756607105,25,10,0
15,87,0.8443784057950521,3.045847615783817e-05,0.15528845783370301,0.0003026778950859216,25,10,0
15,88,0.842718834589024,9.416425209892374e-06,0.15696910253092416,0.00030264645484121304,25,10,0
15,89,0.8092504974206453,0.0005043266195090396,0.18994179728171925,0.0003033786781315153,25,10,0
15,90,0.8086986354757225,0.0005053893067853113,0.19048747572196897,0.0003084994955282317,25,10,0
15,91,0.8222110421942144,0.0005053890540794064,0.17697813054128775,0.00030543821042225357,25,10,0
15,92,0.8220185874763617,0.0005055904911047929,0.177455928242145,1.9893790392684398e-05,25,10,0
15,93,0.8215908818323935,0.0005055906608899266,0.17787974645182156,2.378105489892099e-05,25,10,0
15,94,0.8157026266360619,0.0005055943664363965,0.1837673034359723,2.4475561531906238e-05,25,10,0
15,95,0.8001243631239798,0.0005202121446504054,0.1993294845526106,2.5940178761241472e-05,25,10,0
15,96,0.8014256058925953,0.0005202176496485214,0.19802797861598267,2.619784177458706e-05,25,10,0
15,97,0.8257985392300173,0.0005306728985930436,0.17359473706234754,7.605080904286504e-05,25,10,0
15,98,0.8288159977951208,0.0005306793324426449,0.17057540220082898,7.792067160790355e-05,25,10,0
15,99,0.8449513140021829,0.0005307180722170732,0.1544399237371866,7.804418841316625e-05,25,10,0
15,100,0.8452517917863388,0.0005297747628353791,0.15413972316632318,7.871028450285188e-05,25,10,0
15,101,0.8241119874032783,0.0005304719204592229,0.17509010761103144,0.00026743306523267443,25,10,0
15,102,0.830082834668968,0.0005158845787639568,0.16913221054697725,0.00026907020529274856,25,10,0
15,103,0.8306866501534579,0.0005158761755998891,0.16852850745419015,0.0002689662167538505,25,10,0
15,104,0.8451557552639433,0.0005054211537293719,0.15411970924293805,0.0002191143393897348,25,10,0
15,105,0.8445795944800686,0.0005054215009939638,0.15469082139804693,0.00022416262089107653,25,10,0
15,106,0.8447238114672184,0.0005054212562507739,0.15454660579575308,0.0002241614807783258,25,10,0
15,107,0.8462754594685488,0.0005053820391985802,0.15299518125864975,0.0002239772336033115,25,10,0
15,108,0.842495851164341,0.0005054131657040263,0.15671607693043585,0.0002826587395191871,25,10,0
15,109,0.8429738554645841,0.0005051532547036171,0.15623963614894312,0.00028135513176898874,25,10,0
15,110,0.842740741779762,0.0005051535224406476,0.15647071283469083,0.00028339186310643775,25,10,0
15,111,0.8427539443481019,0.0005051535282558731,0.15645750980072148,0.0002833923229205891,25,10,0
15,112,0.8422994548104387,0.0005051628696234632,0.15691366649583108,0.0002817158241068035,25,10,0
15,113,0.8393473144782443,0.0005062107578848276,0.15957761609782628,0.000568858666044595,25,10,0
15,114,0.8396376977893591,0.0005062052588833993,0.1592886399151439,0.0005674570366138157,25,10,0
15,115,0.8396539432264116,0.0005061856079075487,0.1592725124788066,0.0005673586868744739,25,10,0
15,116,0.8393403716525425,0.0005061859399439925,0.15958495840435602,0.0005684840031578808,25,10,0
15,117,0.8395774451831659,0.0005061856735381822,0.15934992072695153,0.0005664484163448203,25,10,0
15,118,0.8415605760286345,0.000505962295938167,0.15742742183383135,0.0005060398415962569,25,10,0
15,119,0.8397275355454908,0.0005052790955697608,0.1592321167774851,0.0005350685814544981,25,10,0
15,120,0.8396420576675431,0.000505283965922309,0.1592461513315658,0.0006065070349689719,25,10,0
15,121,0.8694789567345299,0.0004971588938619831,0.1293703953968102,0.0006534889747980723,25,10,0
15,122,0.869678995925039,0.000497158639832084,0.12917148654714153,0.0006523588879877036,25,10,0
15,123,0.8643129706146522,0.0004971560946917067,0.13453871283573884,0.0006511604549171112,25,10,0
15,124,0.864509023328473,0.0004971556272338636,0.13434519611347182,0.0006486249308211255,25,10,0
15,125,0.8364405696037389,0.000498972013270179,0.16193499647889253,0.00112546190409892,25,10,0
15,126,0.8306096083832031,0.0004989719836439116,0.16776595626674573,0.0011254633664080395,25,10,0
15,127,0.830535168459219,0.0004989719819329449,0.16784039635291484,0.0011254632059340133,25,10,0
15,128,0.8360325028756995,0.0004989720871907137,0.16234200070159,0.001126524335520511,25,10,0
15,129,0.8674317963360137,4.080000076806816e-06,0.1311610622175936,0.0014030614463164644,25,10,0
15,130,0.8431505327655685,3.4108473169926537e-06,0.1556306148539521,0.0012154415331630756,25,10,0
15,131,0.8098011586688224,5.282321288543843e-06,0.18897036937840603,0.0012231896314834343,25,10,0
15,132,0.8099022850691565,5.2864580670662995e-06,0.1889456810780365,0.0011467473947401141,25,10,0
15,133,0.8193422600666517,5.260019941210307e-06,0.17950854976978492,0.0011439301436228307,25,10,0
15,134,0.8283758561351441,5.775265274063905e-06,0.17052201362054195,0.0010963549790409964,25,10,0
15,135,0.828104418456162,5.78044927475769e-06,0.17079344240768551,0.0010963586868788996,25,10,0
15,136,0.7924676077063835,7.221303566168356e-06,0.2064219440345663,0.0011032269554835357,25,10,0
15,137,0.7924697984881882,7.221297502737384e-06,0.20641975428724232,0.0011032259270657258,25,10,0
15,138,0.7920324211796995,6.698582618942263e-06,0.20685764109866916,0.0011032391390113953,25,10,0
15,139,0.7920312263503716,6.698585291289416e-06,0.20685883546502953,0.0011032395993061128,25,10,0
15,140,0.790827724618843,6.713238404274639e-06,0.20805843044807976,0.0011071316946713286,25,10,0
15,141,0.7918582140094229,6.715567414179481e-06,0.2070277558394835,0.0011073145836783794,25,10,0
15,142,0.7977702039440466,6.7156126525050056e-06,0.20111576700855413,0.0011073134347453924,25,10,0
15,143,0.7977530068689066,6.714726810614166e-06,0.20113387690246867,0.0011064015018129592,25,10,0
15,144,0.7820061217607709,2.235962425698538e-05,0.21686735919105954,0.0011041594239110043,25,10,0
15,145,0.7985641000571883,5.6464404643514264e-06,0.20032436108230717,0.0011058924200390598,25,10,0
15,146,0.787377212428903,5.644934305926455e-06,0.21151132373859668,0.0011058188981930188,25,10,0
15,147,0.7985444554150731,5.645032271993429e-06,0.20034400317303394,0.0011058963796197906,25,10,0
15,148,0.7654987379696229,5.646917977922589e-06,0.22809623016517974,0.006399384947216895,25,10,0
15,149,0.7885119772174946,5.654864584879432e-06,0.20530068330265167,0.006181684615266347,25,10,0
15,150,0.7895010993020845,5.654888162442038e-06,0.20431166241890317,0.006181583390847494,25,10,0
15,151,0.8270862371208616,5.649727829181303e-06,0.17201577568939186,0.0008923374619173897,25,10,0
15,152,0.8269941328922806,5.6496782279063e-06,0.172107856346667,0.000892361082824853,25,10,0
15,153,0.8161481019513388,5.809857526251856e-06,0.18291123467507542,0.0009348535160566822,25,10,0
15,154,0.7845479894869791,8.194086580533868e-06,0.2145071241336703,0.0009366922927670668,25,10,0
15,155,0.8048587905254183,6.3119971332491e-06,0.19420396964131165,0.000930927836133888,25,10,0
15,156,0.7936463227000192,6.518502499172188e-06,0.20541552134225136,0.0009316374552272192,25,10,0
15,157,0.7934009754248618,6.496228211104792e-06,0.20566086569866335,0.000931662648261035,25,10,0
15,158,0.7940522059048647,6.483297506404359e-06,0.20501066922174707,0.0009306415758793026,25,10,0
15,159,0.7938307832425702,6.483523521877633e-06,0.2052320478177947,0.0009306854161108244,25,10,0
15,160,0.8210407755974242,6.104794009366984e-06,0.1781219572590427,0.0008311623495215098,25,10,0
15,161,0.8209127598781925,6.109551606383317e-06,0.17824996771910587,0.0008311628510930559,25,10,0
15,162,0.8203791580072942,6.105187193531386e-06,0.17878218548569558,0.0008325513198145175,25,10,0
15,163,0.8064702431291232,6.293227519787226e-06,0.19269092931899617,0.0008325343243586195,25,10,0
15,164,0.7820137497425231,1.1906650387669825e-05,0.21562309141696887,0.002351252190118275,25,10,0
15,165,0.768072355087608,1.2196125010185768e-05,0.2295658828421659,0.0023495659452139345,25,10,0
15,166,0.76797358072228,1.2196037345912587e-05,0.2296646814092307,0.0023495418311421175,25,10,0
15,167,0.7681003125582544,1.2193336888855781e-05,0.22953823092140993,0.0023492631834457402,25,10,0
15,168,0.7653744878057154,1.2196681577241516e-05,0.23226407986281303,0.00234923564989339,25,10,0
15,169,0.7414405488021341,1.8505860385316066e-05,0.2561616123870867,0.0023793329503939238,25,10,0
15,170,0.757810219330494,1.8508355545910774e-05,0.23979203120426174,0.0023792411096977173,25,10,0
15,171,0.789839428015962,1.6110153288512956e-05,0.20776840587941556,0.0023760559513334696,25,10,0
15,172,0.7890086626183133,1.6146820823340484e-05,0.20859550237942887,0.0023796881814339903,25,10,0
15,173,0.8015772883660565,1.0541045532288803e-05,0.19605859504110085,0.0023535755473095,25,10,0
15,174,0.7954278627158057,1.0560293874349091e-05,0.20217044803778123,0.00239112895253807,25,10,0
15,175,0.7951814618016739,1.056055669459465e-05,0.20241680285664831,0.0023911747849824235,25,10,0
15,176,0.7910535192345849,1.0564292065754969e-05,0.20654391761602364,0.002391998857325281,25,10,0
15,177,0.7583294098401053,1.0596035277216527e-05,0.23954513688855716,0.0021148572360592567,25,10,0
15,178,0.758355716900123,1.0596034208693774e-05,0.23951882894380597,0.002114858121861185,25,10,0
15,179,0.7663358734693451,1.040707679963501e-05,0.23153660369245574,0.002117115761398931,25,10,0
15,180,0.7382688196134916,1.2248412151599266e-05,0.25959303265983197,0.0021258993145235362,25,10,0
15,181,0.7658844979985848,1.2201057487610953e-05,0.23197677259975047,0.0021265283441762755,25,10,0
15,182,0.7624287971920328,1.23155013791927e-05,0.23543181102307234,0.0021270762835147584,25,10,0
15,183,0.7613014000386898,1.2344332397559246e-05,0.2365554105256258,0.002130845103285847,25,10,0
15,184,0.7748105411791226,1.2334695904944494e-05,0.22304885151896575,0.002128272606005907,25,10,0
15,185,0.7856994663472088,1.163129090755844e-05,0.2121646114734702,0.002124290888412664,25,10,0
15,186,0.7542163750055261,1.1669834247197371e-05,0.24308454266176655,0.0026874124984594284,25,10,0
15,187,0.7637869982145271,1.0219955088087516e-05,0.23352219552749062,0.002680586302893885,25,10,0
15,188,0.7775585306679035,1.0181538206282572e-05,0.22031083024458833,0.002120457549301598,25,10,0
15,189,0.777342601225994,1.0430946004379243e-05,0.22052612783029202,0.002120839997709401,25,10,0
15,190,0.783404329903942,1.0449019057538387e-05,0.2144674175820607,0.002117803494939405,25,10,0
15,191,0.7776222418040841,1.5100776217047828e-05,0.22024619299396878,0.0021164644257297143,25,10,0
15,192,0.7981689482787587,1.5104778316593573e-05,0.19969954988660923,0.0021163970563144786,25,10,0
15,193,0.8043450959550057,1.5085157768887451e-05,0.1935609753636905,0.0020788435235344644,25,10,0
15,194,0.8321464809336961,1.3273510909368e-05,0.16623821008610284,0.0016020354692910994,25,10,0
15,195,0.8435285378489149,1.3063006791851368e-05,0.15485735784879906,0.0016010412954948633,25,10,0
15,196,0.83151235508765,1.3077303706380215e-05,0.16687333175568952,0.0016012358529540402,25,10,0
15,197,0.8328960064414253,1.307637440003532e-05,0.1654946623394525,0.0015962548447217275,25,10,0
15,198,0.8342512432054137,1.3072313483577453e-05,0.16413991109065632,0.0015957733904457664,25,10,0
15,199,0.8433188953377108,1.292959268659632e-05,0.15511473345543916,0.0015534416141641755,25,10,0
15,200,0.8433296256625392,1.2929606420816506e-05,0.15510400362798124,0.0015534411030594924,25,10,0
15,201,0.8467870293804584,1.281515812051643e-05,0.1516472631802741,0.001552892281147789,25,10,0
15,202,0.8470209527206485,1.2811863337552003e-05,0.15141351200162056,0.0015527234143940445,25,10,0
15,203,0.8315790198762372,1.2812633270331575e-05,0.16685254053381735,0.0015556269566743663,25,10,0
15,204,0.8287179760811066,1.2822428068498592e-05,0.16971155939525817,0.0015576420955660656,25,10,0
15,205,0.8402270768479042,1.2809221590768386e-05,0.1582010796277377,0.0015590343027683789,25,10,0
15,206,0.8554247522520491,1.2502251331989219e-05,0.1430064241266194,0.0015563213700005285,25,10,0
15,207,0.8801311260602835,6.889000549754305e-06,0.11982826892353904,3.37160156285377e-05,25,10,0
15,208,0.875356462164263,6.8922022322780135e-06,0.12454871073207259,8.793490143287958e-05,25,10,0
15,209,0.8751781050324887,6.892205162420268e-06,0.12472704237470543,8.796038764431584e-05,25,10,0
15,210,0.8746991050925048,6.892185840670225e-06,0.12520604194893087,8.79607727245039e-05,25,10,0
15,211,0.8721888585309853,6.893154083202328e-06,0.12771598219654845,8.826611838385677e-05,25,10,0
15,212,0.840134893491833,8.306465491819911e-06,0.13777645697003535,0.022080343072640757,25,10,0
15,213,0.8395699479133686,8.322447467430323e-06,0.13833630005144243,0.02208542958772243,25,10,0
15,214,0.8394130288712476,8.322540526358764e-06,0.138493219121547,0.022085429466679712,25,10,0
15,215,0.8307301711871559,8.340058506111793e-06,0.14717350110418714,0.02208798765015157,25,10,0
15,216,0.8357173065653112,8.341352719286857e-06,0.14216561469686556,0.022108737385104642,25,10,0
15,217,0.8354895240830155,8.72778629469574e-06,0.1363658609741913,0.028135887156499097,25,10,0
15,218,0.8400671956587782,8.474659659258162e-06,0.13178967136657327,0.02813465831499017,25,10,0
15,219,0.8398556705696077,8.463929325506423e-06,0.13200623609893405,0.02812962940213345,25,10,0
15,220,0.8387428256747985,3.9784610787451985e-05,0.1330878855530774,0.028129504161337495,25,10,0
15,221,0.8407552477204829,3.9783661825682e-05,0.1310756764354558,0.028129292182236386,25,10,0
15,222,0.8400593952617535,3.9792807730400666e-05,0.13169971579298975,0.028201096137527214,25,10,0
15,223,0.8406145346064899,3.976437898147586e-05,0.13114837342524535,0.028197327589283946,25,10,0
15,224,0.8402386331551277,3.976514978407985e-05,0.1315241921264461,0.028197409568642796,25,10,0
15,225,0.8404813852689085,3.97652399168721e-05,0.13128277633598623,0.028196073155189058,25,10,0
15,226,0.84118127265311,3.975633083302827e-05,0.1306547010943185,0.02812426992173922,25,10,0
15,227,0.8413284930983624,3.9756002637846e-05,0.1305074817112709,0.028124269187729527,25,10,0
15,228,0.8403106838558064,3.975636156026348e-05,0.13151981150418932,0.028129748278444815,25,10,0
15,229,0.863633930515624,3.8325662796369766e-05,0.13013182357442965,0.006195920247150658,25,10,0
15,230,0.8637028194321134,3.853017210855809e-05,0.1300627075703604,0.006195942825418136,25,10,0
15,231,0.8603100506362804,7.195201258443628e-06,0.1334868230574796,0.006195931104982169,25,10,0
15,232,0.8736815587508923,7.441222757811264e-06,0.12011938177818332,0.006191618248167235,25,10,0
15,233,0.8741456547026917,7.441913943921738e-06,0.11965537904003583,0.0061915243433293,25,10,0
15,234,0.87418516867951,7.441102443753931e-06,0.11961611041735594,0.0061912798006910396,25,10,0
15,235,0.8743892054372117,7.440406097567136e-06,0.1194118844649776,0.006191469691713882,25,10,0
15,236,0.8847758352701627,7.442183465298463e-06,0.109083661332618,0.006133061213754645,25,10,0
15,237,0.884208071769312,7.461811750765118e-06,0.10965130955295323,0.006133156865984406,25,10,0
15,238,0.8816623980883557,7.620383396970163e-06,0.1121484888491537,0.006181492679094378,25,10,0
15,239,0.8746304012999826,7.85879528302686e-06,0.11917911749672461,0.006182622408010766,25,10,0
15,240,0.8747496285754335,7.858686961993814e-06,0.11905988163731518,0.006182631100290211,25,10,0
15,241,0.8406703115563557,1.6590430565104907e-05,0.1531297641337219,0.006183333879358302,25,10,0
15,242,0.838015146149653,1.6585252677600073e-05,0.15586244897912246,0.006105819618547994,25,10,0
15,243,0.8361327014169245,1.637825026855863e-05,0.15773110063532675,0.006119819697481124,25,10,0
15,244,0.8361228271002074,1.6378251641847823e-05,0.15774097420779332,0.00611982044035853,25,10,0
15,245,0.8378671063290173,1.6389273641651813e-05,0.1559946944887499,0.006121809908592177,25,10,0
15,246,0.8268049100710979,1.639475231910675e-05,0.1670561387603476,0.006122556416234981,25,10,0
15,247,0.8409931602828409,1.6394573028837443e-05,0.15287059289824065,0.00611985224589055,25,10,0
15,248,0.841819276226858,1.6380977911086244e-05,0.15206051162278128,0.006103831172450448,25,10,0
15,249,0.8380302734437732,1.6379390745771507e-05,0.15584952380839867,0.006103823357083336,25,10,0
15,250,0.8413205526612728,1.637938871358352e-05,0.15255924482935604,0.0061038231206585495,25,10,0
15,251,0.8405233369490936,1.6380466194423074e-05,0.15335635865788727,0.006103923926825575,25,10,0
15,252,0.8441699371617299,1.618248031996715e-05,0.1497619659510255,0.006051914406925591,25,10,0
15,253,0.8438038274595621,1.618979999344153e-05,0.15012647645913102,0.006053506281314596,25,10,0
15,254,0.8429973407405446,1.6189758098130658e-05,0.1509329678684682,0.006053501632890193,25,10,0
15,255,0.8369955145855016,3.0983662894799184e-05,0.1569207431528395,0.0060527585987643975,25,10,0
15,256,0.8355026489974537,3.09920556842612e-05,0.15841333571664606,0.006053023230216276,25,10,0
15,257,0.8311338845265658,3.0602455772231536e-05,0.16298944626662315,0.005846066751037956,25,10,0
15,258,0.830997831467639,3.060239012165611e-05,0.16312553259704005,0.005846033545198715,25,10,0
15,259,0.8300160123136149,3.1822037217239254e-05,0.16410580675150283,0.0058463588976643485,25,10,0
15,260,0.8310642566528017,3.182345577895812e-05,0.1630575441344511,0.005846375756967666,25,10,0
15,261,0.8366548364195168,3.182005146099784e-05,0.1574669842058032,0.005846359323218812,25,10,0
15,262,0.8044399711121213,3.1847312963643684e-05,0.160169883839338,0.03535829773557717,25,10,0
15,263,0.8107454386926563,2.719517745477164e-05,0.15386739922328282,0.03535996690660604,25,10,0
15,264,0.806930018754646,2.616653304715818e-05,0.1576841664523463,0.035359648259960366,25,10,0
15,265,0.8185738600062138,2.6161047483954078e-05,0.14604108079892705,0.03535889814737513,25,10,0
15,266,0.8183347189430592,2.6161141227338057e-05,0.14628019704263318,0.03535892287308014,25,10,0
15,267,0.8513867769861456,1.742466908177785e-05,0.11323760711528853,0.03535819122948445,25,10,0
15,268,0.850929472072403,1.7425431303991186e-05,0.11369493665790233,0.03535816583839103,25,10,0
15,269,0.8674240078745287,1.7425443186342063e-05,0.09720045663550804,0.03535811004677708,25,10,0
15,270,0.8676940085154015,1.740671092439772e-05,0.09693050462102977,0.03535808015264477,25,10,0
15,271,0.8682582049463246,1.7404256591664692e-05,0.09636642378178072,0.03535796701530335,25,10,0
15,272,0.8674678173800011,1.740433901691817e-05,0.09715673680338269,0.035358041477599494,25,10,0
15,273,0.8763290349276107,2.6020883933063343e-06,0.08831057523975139,0.03535778774424463,25,10,0
15,274,0.8763337179330292,2.602177135077734e-06,0.08830589302856483,0.03535778686127119,25,10,0
15,275,0.8778643061593719,2.6016354589996593e-06,0.08677543988225102,0.0353576523229183,25,10,0
15,276,0.878303791740544,2.6066118505266476e-06,0.08634007554121181,0.03535352610639404,25,10,0
15,277,0.8620752049462387,2.6222989060750843e-06,0.10256511477906465,0.03535705797579095,25,10,0
15,278,0.8619676277501311,2.622460762771892e-06,0.1026726677944675,0.03535708199463894,25,10,0
15,279,0.8573058087253412,1.0336233026382196e-05,0.1073258857141016,0.03535796932753122,25,10,0
15,280,0.8648395039250306,1.0333690424776427e-05,0.09979244292652924,0.03535771945801574,25,10,0
15,281,0.8508924470256818,1.0327359591941162e-05,0.09476090655574511,0.0543363190589817,25,10,0
15,282,0.8686289563396348,1.0310905348849969e-05,0.07702814550812284,0.05433258724689396,25,10,0
15,283,0.8735277293453317,1.0130407279044079e-05,0.07212951799504026,0.05433262225234931,25,10,0
15,284,0.8549728807730022,1.0701582178396586e-05,0.09052886600127798,0.054487551643542166,25,10,0
15,285,0.8545576091613547,1.0709631268024748e-05,0.09094459600766784,0.05448708519971007,25,10,0
15,286,0.8544835616969464,1.072847325512964e-05,0.09101861505942749,0.054487094770371544,25,10,0
15,287,0.8542824877615471,1.0758848705792738e-05,0.09137461082216289,0.054332142567584535,25,10,0
15,288,0.8540306057067464,1.0758355112599914e-05,0.07645771041914486,0.06950092551899636,25,10,0
15,289,0.8548565657862032,1.0773957626259317e-05,0.07563159780436282,0.06950106245180822,25,10,0
15,290,0.8548770982495655,1.0773973731760903e-05,0.07588842088525688,0.0692237068914462,25,10,0
15,291,0.853447095719607,1.0527213421149737e-05,0.07731855036375068,0.06922382670322165,25,10,0
15,292,0.8806540308913552,8.699903011315299e-06,0.05012224164429486,0.06921502756133922,25,10,0
15,293,0.8806444356751735,8.70025462167911e-06,0.050131837893008804,0.06921502617719638,25,10,0
15,294,0.8810475302814527,8.694963208316342e-06,0.04973010292750647,0.06921367182783272,25,10,0
15,295,0.8828139225437962,8.463746029030571e-06,0.047965037588276145,0.06921257612189875,25,10,0
15,296,0.8459515621461557,8.469532930010092e-06,0.08482730031784075,0.06921266800307331,25,10,0
15,297,0.8455920497856724,8.732606636428584e-06,0.08518528484485038,0.06921393276284082,25,10,0
15,298,0.8468068133483342,9.009819490498211e-06,0.0839704369933623,0.06921373983881285,25,10,0
15,299,0.8469427443713391,8.999313543262092e-06,0.08383458028984898,0.06921367602526825,25,10,0
15,300,0.8522159876357498,8.992118204155819e-06,0.07856137823905013,0.06921364200699595,25,10,0
15,301,0.8483133926242608,8.994028728528353e-06,0.08246442244612188,0.06921319090088858,25,10,0
15,302,0.8174456199441775,9.991896162353626e-06,0.11306202793979538,0.06948236021986352,25,10,0
15,303,0.7804441737026093,1.2387165265359285e-05,0.1500609770310003,0.06948246210112356,25,10,0
15,304,0.7465740866893122,1.4668852948262207e-05,0.18392845325753449,0.06948279120020415,25,10,0
15,305,0.7548709375708375,6.960161229130731e-06,0.17564017528003087,0.06948192698790198,25,10,0
15,306,0.7738621087759391,6.358520463052518e-06,0.1566496066324941,0.0694819260711026,25,10,0
15,307,0.7599001911949779,2.3283685595043797e-05,0.1705549059481752,0.06952161917125112,25,10,0
15,308,0.7595451731560988,2.3278675697101237e-05,0.17090989280741695,0.06952165536078642,25,10,0
15,309,0.7589397875993369,2.3283472134617566e-05,0.17151341949824608,0.06952350943028163,25,10,0
15,310,0.7493734822516592,2.3419652248709955e-05,0.18107846395133845,0.06952463414475293,25,10,0
15,311,0.7294268290914395,2.315696037676557e-05,0.2010246219912362,0.06952539195694646,25,10,0
15,312,0.7133327621957736,2.3718863093432992e-05,0.21711820036411722,0.0695253185770156,25,10,0
15,313,0.733774896160131,2.371847995868727e-05,0.19667808920329682,0.06952329615661275,25,10,0
15,314,0.7263962933432038,2.3684293462236352e-05,0.2046943896927856,0.06888563267054815,25,10,0
15,315,0.7303543671562005,2.36823724982002e-05,0.20073758106500303,0.06888436940629773,25,10,0
15,316,0.7306230140037868,2.3396806693303324e-05,0.20046929073387712,0.0688842984556421,25,10,0
15,317,0.7352580017452507,2.3021720048125473e-05,0.19278936905772806,0.07192960747697243,25,10,0
15,318,0.7716149640246942,2.302763048935347e-05,0.15643243766306608,0.07192957068174909,25,10,0
15,319,0.7709028576367092,2.303630340808634e-05,0.1571423835419777,0.07193172251790358,25,10,0
15,320,0.755047054644658,2.338593672011322e-05,0.17299700343319396,0.07193255598542798,25,10,0
15,321,0.7708317003561288,2.3036300647626228e-05,0.15721354508591667,0.07193171825730554,25,10,0
15,322,0.7713305744822962,2.3035396854965833e-05,0.15671467633001157,0.07193171379083592,25,10,0
15,323,0.7710799882934083,2.3036453427508286e-05,0.15696516487802087,0.07193181037514203,25,10,0
15,324,0.8079263760891492,2.0642220293485188e-05,0.1201212636803376,0.07193171801021853,25,10,0
15,325,0.8089944683006657,2.0622170013507826e-05,0.11905328707343234,0.07193162245588729,25,10,0
15,326,0.8402133514619888,1.9628627221649086e-05,0.0881031605829719,0.07166385932781617,25,10,0
15,327,0.8352406437660838,1.9632267293644156e-05,0.09307586293863877,0.07166386102798233,25,10,0
15,328,0.835758956496148,1.9632038634794245e-05,0.0925576119128282,0.07166379955238758,25,10,0
15,329,0.8407024141558196,2.7108421714266155e-06,0.08767074877224684,0.07162412622976082,25,10,0
15,330,0.8107058061892211,4.058595177153794e-06,0.11766720380304778,0.07162293141255285,25,10,0
15,331,0.814518791437688,4.04099397952288e-06,0.11385423728400951,0.07162293028432183,25,10,0
15,332,0.8423758598929801,1.1037129637852548e-05,0.08598887695724881,0.07162422602013191,25,10,0
15,333,0.842351856256115,1.103710003345491e-05,0.08573374543552775,0.07190336120832272,25,10,0
15,334,0.8423877913124642,1.1037142987939546e-05,0.08590431503756862,0.07169685650697827,25,10,0
15,335,0.8313209024184722,1.1060149733338796e-05,0.09697302912858613,0.07169500830320748,25,10,0
15,336,0.8313053908405825,1.1060143443954967e-05,0.09698854169453547,0.07169500732143722,25,10,0
15,337,0.796315418406883,1.106058632956777e-05,0.13197827310843904,0.07169524789834679,25,10,0
15,338,0.79610248906187,1.1060148731713246e-05,0.13219120745403173,0.07169524333536494,25,10,0
15,339,0.8050937635414046,1.1061362164498542e-05,0.12319855616252953,0.07169661893389975,25,10,0
15,340,0.8090312212444181,1.1058053742544223e-05,0.11925619326045149,0.07170152744138653,25,10,0
15,341,0.8085900652592127,1.1333989394631766e-05,0.1196957209369836,0.07170287981440747,25,10,0
15,342,0.8423130390954211,9.052073277595852e-06,0.08597398485837507,0.07170392397292509,25,10,0
15,343,0.8427094005417736,9.051021229091805e-06,0.08557770905862978,0.07170383937836623,25,10,0
15,344,0.8715158842382199,9.519570730831884e-06,0.05676949354579649,0.07170510264525247,25,10,0
15,345,0.8715342030951926,9.514481145672784e-06,0.056752589563031884,0.07170369286062962,25,10,0
15,346,0.8714535809091839,9.519236847378466e-06,0.05683321640809793,0.0717036834458706,25,10,0
15,347,0.836591513459551,9.55527636434947e-06,0.0916951423811115,0.07170378888297185,25,10,0
15,348,0.8428075501529184,9.106998583639694e-06,0.08548095886778961,0.0717023839807072,25,10,0
15,349,0.8429512078000846,9.101756091019343e-06,0.08533865643093753,0.07170103401288552,25,10,0
15,350,0.8297837458700432,1.7933460329464765e-05,0.09849582997001533,0.07170249069961111,25,10,0
15,351,0.829816106663625,1.7657759643733415e-05,0.09846398389353234,0.0717022516831982,25,10,0
15,352,0.8173919109881664,1.7809476366226147e-05,0.11084781360524273,0.0717424659302238,25,10,0
15,353,0.8173775888596004,1.7809568740567566e-05,0.11086213462759983,0.07174246694405868,25,10,0
15,354,0.8304363142205041,8.977865064967476e-06,0.09781370101535054,0.07174100689907968,25,10,0
15,355,0.8221898333286104,9.18138551047254e-06,0.10606118303003706,0.07173980225584173,25,10,0
15,356,0.7835351638583316,9.160696097856086e-06,0.14471569398661174,0.07173998145895819,25,10,0
15,357,0.7733347139944857,9.156091934883971e-06,0.15491610893374627,0.0717400209798326,25,10,0
15,358,0.7723545431365718,9.191829749066169e-06,0.15590095697823808,0.07173530805544051,25,10,0
15,359,0.785038219070341,8.987960280319257e-06,0.14626279794366492,0.06868999502571364,25,10,0
15,360,0.7671435385538711,8.988812422013633e-06,0.16415170563013717,0.06869576700357077,25,10,0
15,361,0.7852469464164378,8.987614745388353e-06,0.14605406906008944,0.0686899969087273,25,10,0
15,362,0.785372369581868,8.987609429432495e-06,0.14592864622344845,0.06868999658525388,25,10,0
15,363,0.7853279700053973,8.988616937493385e-06,0.14597304654696427,0.06868999483070068,25,10,0
15,364,0.785246629334423,8.988773942406174e-06,0.1460543775799194,0.06869000431171494,25,10,0
15,365,0.7847376622787864,8.988846033038344e-06,0.14656333927654142,0.06869000959863886,25,10,0
15,366,0.7846643415661041,8.988847440370686e-06,0.14663665986744667,0.06869000971900852,25,10,0
15,367,0.7941066755509685,9.202526960454889e-06,0.137191766228463,0.06869235569360783,25,10,0
15,368,0.795701054126536,9.203438574077068e-06,0.12787267008815703,0.0764170723467326,25,10,0
15,369,0.8307894160863277,9.151882824653023e-06,0.09278457804250624,0.0764168539883411,25,10,0
15,370,0.8124301952678122,9.163108620773065e-06,0.1109740156877894,0.07658662593577788,25,10,0
15,371,0.8076979666965625,9.420285624054959e-06,0.11563601159231579,0.07665660142549814,25,10,0
15,372,0.8078978051394998,9.420218417670826e-06,0.11543617805597511,0.0766565965861079,25,10,0
15,373,0.8062450924958422,9.21531355150254e-06,0.11708834648435194,0.07665734570625453,25,10,0
15,374,0.8048618796874588,9.214684842372863e-06,0.11565618134390865,0.07947272428379049,25,10,0
15,375,0.8163851511323734,9.076796168969017e-06,0.10416923617661833,0.0794365358948395,25,10,0
15,376,0.8280718186831372,9.048636401564009e-06,0.09248259961075948,0.0794365330697015,25,10,0
15,377,0.8259209021703642,9.067865996836915e-06,0.09434584432301049,0.0797241856406286,25,10,0
15,378,0.825470886243329,9.073109519656312e-06,0.09479447861834704,0.0797255620288044,25,10,0
15,379,0.7882380865513852,9.100111456862327e-06,0.13202712712967238,0.07972568620748627,25,10,0
15,380,0.7882597930216716,9.105247670736301e-06,0.1320053906088955,0.07972571112176291,25,10,0
15,381,0.7929823381515853,8.848072717948698e-06,0.1273530777200174,0.0796557360556801,25,10,0
15,382,0.7953255743119595,8.828777184106676e-06,0.12529753736535107,0.07936805954550619,25,10,0
15,383,0.7948607443129997,8.828780459132892e-06,0.12576236708506575,0.0793680598214766,25,10,0
15,384,0.7689950482745764,3.4955140615073186e-07,0.1516137799296689,0.07939082224434824,25,10,0
15,385,0.7806845553756202,6.85854917642559e-07,0.14000013506174203,0.07931462370772067,25,10,0
15,386,0.7873905412295599,3.3840862412159095e-07,0.1333880720298557,0.07922104833196013,25,10,0
15,387,0.7491260679856245,2.449860284591183e-06,0.171651371412866,0.07922011074122531,25,10,0
15,388,0.7511408066146187,2.413786010734544e-06,0.16963686443199816,0.07921991516737306,25,10,0
15,389,0.7444448028072113,2.4140241803610733e-06,0.17633281778452636,0.07921996538408328,25,10,0
15,390,0.744682753439626,2.6928632693185354e-06,0.1760959635442311,0.07921859015287472,25,10,0
15,391,0.7686307519629587,2.765979068675565e-06,0.1504920240673599,0.08087445799061375,25,10,0
15,392,0.7686353363042306,2.7659786306265495e-06,0.1504874239465411,0.0808744737705987,25,10,0
15,393,0.7684246669307115,2.7651397442193512e-06,0.15014934862021337,0.08142321930933168,25,10,0
15,394,0.7683961130150725,2.765096939533463e-06,0.15305132088777818,0.07854980100021064,25,10,0
15,395,0.7687897572061104,2.5588728985321077e-06,0.15262169888093763,0.07858598504005428,25,10,0
15,396,0.7687134472720993,2.559020837574594e-06,0.15269800643779202,0.07858598726927193,25,10,0
15,397,0.7687216369676156,2.558931425242854e-06,0.1526897941901378,0.0785860099108221,25,10,0
15,398,0.7623880277738884,2.555613947452659e-06,0.15902112541725574,0.07858829119490948,25,10,0
15,399,0.7691610476407044,2.5552193680874575e-06,0.15224816549873332,0.07858823164119519,25,10,0
15,400,0.7689086810459226,2.5553101092197556e-06,0.15250052369395126,0.07858823995001794,25,10,0
15,401,0.7816567920702018,2.465149643963568e-06,0.1414077572260438,0.07693298555411138,25,10,0
15,402,0.7816524914733708,2.496081242729358e-06,0.15100879741000656,0.0673362150353806,25,10,0
15,403,0.7810871931981822,2.501030610274725e-06,0.151572495199949,0.06733781057125923,25,10,0
15,404,0.7810520813726156,2.5393170133036043e-06,0.15160723051598882,0.06733814879438303,25,10,0
15,405,0.7794274661818544,6.2561732841164564e-06,0.15323181865140523,0.06733445899345698,25,10,0
15,406,0.7793062450637551,6.256264932207777e-06,0.15335303911069148,0.06733445956062192,25,10,0
15,407,0.7805497003735495,6.227544013798586e-06,0.1521103655923269,0.06733370649011056,25,10,0
15,408,0.7805441417688548,5.943800527406749e-06,0.152116164306447,0.06733375012417182,25,10,0
15,409,0.7764798557395441,1.173306567138913e-05,0.15621224293633565,0.0672961682584499,25,10,0
15,410,0.7499930289065553,8.59336491670159e-06,0.18254444250786858,0.06745393522066052,25,10,0
15,411,0.7499545250129919,8.594838619797045e-06,0.18258276363894985,0.06745411650943951,25,10,0
15,412,0.7485837449147474,8.613589718093774e-06,0.18395343865715272,0.0674542028383825,25,10,0
15,413,0.744908367517625,8.820966198597474e-06,0.18757160759647298,0.06751120391970385,25,10,0
15,414,0.7115391884677676,8.81308457926073e-06,0.2209427393006726,0.06750925914698191,25,10,0
15,415,0.7115192382950465,8.815539828735698e-06,0.22096267635334524,0.06750926981178035,25,10,0
15,416,0.7115156430839745,8.815526224025546e-06,0.22136929265836225,0.0671062487314397,25,10,0
15,417,0.737828084814921,8.814683993822933e-06,0.19508102961934118,0.06708207088174549,25,10,0
15,418,0.6997359280713082,8.859815808361555e-06,0.2331732105924707,0.06708200152041374,25,10,0
15,419,0.6997124313170429,8.859725155662161e-06,0.23319670810307677,0.06708200085472545,25,10,0
15,420,0.7334986944134799,8.859029338378916e-06,0.1994106282711601,0.06708181828602268,25,10,0
15,421,0.7346356218315195,8.84062580899033e-06,0.19827378336066837,0.06708175418200459,25,10,0
15,422,0.7308456423388903,8.849653078480144e-06,0.20206333014419678,0.06708217786383501,25,10,0
15,423,0.7311367000066117,8.849650536744856e-06,0.20177229651846842,0.06708215382438368,25,10,0
15,424,0.7308837908901634,8.848622356885886e-06,0.20202529935723854,0.06708206113024215,25,10,0
15,425,0.7311692550860174,8.848285918666309e-06,0.20173985553642104,0.06708204109164388,25,10,0
15,426,0.7303575077328189,6.760790531097604e-06,0.20255386490135271,0.0670818665752977,25,10,0
15,427,0.7491192812438302,6.168905497940638e-06,0.1839507951739757,0.06692375467669734,25,10,0
15,428,0.7492518426641841,6.163849982172476e-06,0.18381825600683915,0.06692373747899519,25,10,0
15,429,0.7882189433649064,6.1400154912823365e-06,0.14485117528589778,0.0669237413337056,25,10,0
15,430,0.7882709776242386,6.139925916688342e-06,0.144799141817313,0.06692374063253285,25,10,0
15,431,0.7910788883319304,6.118856510246237e-06,0.16059422958681405,0.04832076322474538,25,10,0
15,432,0.7906549882503768,6.124113915933513e-06,0.161018112016652,0.04832077561905589,25,10,0
15,433,0.8020663527020554,6.124287964013903e-06,0.1496040247530792,0.04832349825690154,25,10,0
15,434,0.8335316870189138,6.0856659498903875e-06,0.11813659964206698,0.04832562767306978,25,10,0
15,435,0.8191595325052244,6.5129989837263455e-06,0.1324492733353318,0.04838468116046068,25,10,0
15,436,0.828099003839518,6.5128908834899e-06,0.1235043126655296,0.04839017060406966,25,10,0
15,437,0.8282712293927346,6.512760189988614e-06,0.123334811568688,0.04838744627838814,25,10,0
15,438,0.8287615461067864,6.5075160893859635e-06,0.1228445568892322,0.04838738948789269,25,10,0
15,439,0.8349389755990451,6.499777724823076e-06,0.11666918537894314,0.04838533924428742,25,10,0
15,440,0.8678585649610023,6.598394701511482e-06,0.08374931293460314,0.04838552370969365,25,10,0
15,441,0.8541683997915992,6.598578066710746e-06,0.09743942949451447,0.04838557213582047,25,10,0
15,442,0.854310419910916,6.596928628841321e-06,0.09729759434500496,0.04838538881545095,25,10,0
15,443,0.8481261772871396,6.567121857793432e-06,0.10348106778580672,0.048386187805196386,25,10,0
15,444,0.8520283520353178,6.557844287247443e-06,0.09957934099180131,0.048385749128594294,25,10,0
15,445,0.8519602270268303,6.557975792868528e-06,0.09964737739938556,0.04838583759799192,25,10,0
15,446,0.8472024149864716,6.648271264075682e-06,0.10438704454107839,0.048403892201186294,25,10,0
15,447,0.8472780878776074,6.648268594774097e-06,0.1043113716674639,0.048403892186334424,25,10,0
15,448,0.8746803922154683,6.6420187743875e-06,0.08560378541068635,0.03970918035507101,25,10,0
15,449,0.866617602640045,6.645740323630534e-06,0.09366556991620154,0.039710181703429985,25,10,0
15,450,0.8670644683929483,6.645438216915514e-06,0.0932186111384286,0.03971027503040644,25,10,0
15,451,0.8625121059611826,6.808554006960584e-06,0.09776999859752268,0.03971108688728799,25,10,0
15,452,0.8625184638870812,6.8093260240520245e-06,0.09777971088851842,0.03969501589837646,25,10,0
15,453,0.8622716359702197,6.809421460837508e-06,0.09802652250789551,0.03969503210042404,25,10,0
15,454,0.861902432452947,6.805520966376109e-06,0.09839731985785226,0.0396934421682345,25,10,0
15,455,0.8605853401045941,6.950425836163484e-06,0.09971470251880638,0.03969300695076366,25,10,0
15,456,0.8678286565228919,6.712034501067475e-06,0.09247160351125858,0.039693027931348705,25,10,0
15,457,0.8677408462225483,6.71162896143349e-06,0.0925626716297854,0.03968977051870532,25,10,0
15,458,0.8677590131125876,6.712150182176451e-06,0.09917338741223539,0.033060887324995486,25,10,0
15,459,0.8686813320620747,6.7111109153146235e-06,0.0982510753737818,0.033060881453229024,25,10,0
15,460,0.8693401123689193,6.7112165224843375e-06,0.09759228934510654,0.03306088706945246,25,10,0
15,461,0.8454338869600687,7.144114588702767e-06,0.12149598035684965,0.03306298856849389,25,10,0
15,462,0.8336543079136867,7.33112769710738e-06,0.13327449724515822,0.03306386371345884,25,10,0
15,463,0.8414778617281723,7.148928880292212e-06,0.1254506897596198,0.03306429958332864,25,10,0
15,464,0.8463062421006827,7.060921785076419e-06,0.1206458527304715,0.03304084424706182,25,10,0
15,465,0.8462265863468582,7.060966565362695e-06,0.12072553329101171,0.03304081939556546,25,10,0
15,466,0.8686532354565076,7.638250375207082e-06,0.0983002224175339,0.03303890387558392,25,10,0
15,467,0.8747571149376082,7.629746045634628e-06,0.09219614303039454,0.03303911228595229,25,10,0
15,468,0.8830537187112409,7.202540507145099e-06,0.08395901940971774,0.032980059338534755,25,10,0
15,469,0.8962606646132169,7.203069550991291e-06,0.07075212160707474,0.03298001071015802,25,10,0
15,470,0.8964598971029555,7.203043219219969e-06,0.07055297398450885,0.0329799258693169,25,10,0
15,471,0.9062279334783563,7.199466363488334e-06,0.0607849587945919,0.03297990826068876,25,10,0
15,472,0.8999464850252042,7.21329405771817e-06,0.0668544260991484,0.03319187558158971,25,10,0
15,473,0.8999481251711627,7.213257966758415e-06,0.06685280237943587,0.03319185919143462,25,10,0
15,474,0.8999257994764391,7.211964704239274e-06,0.06023204673123657,0.03983494182762037,25,10,0
15,475,0.9111583246201959,7.223931389502211e-06,0.04921128596685402,0.03962316548156119,25,10,0
15,476,0.9274555403888938,7.2272580889248006e-06,0.03291405084732708,0.03962318150569013,25,10,0
15,477,0.9274633376756747,7.228687528507007e-06,0.03290625108727223,0.03962318254952451,25,10,0
15,478,0.9310468134352674,7.229148676385516e-06,0.029324084385852624,0.03962187303020342,25,10,0
15,479,0.9305216781277454,7.22917699511873e-06,0.029849123021663614,0.039621969673595714,25,10,0
15,480,0.9315136557219035,7.205510335544043e-06,0.028857357794831732,0.03962178097292921,25,10,0
15,481,0.9320077068311874,7.203054222167333e-06,0.02836331974666138,0.03962177036792911,25,10,0
15,482,0.9237737160495815,7.487490973074891e-06,0.036558368910341366,0.039660427549103996,25,10,0
15,483,0.9239842086572331,7.48785097781622e-06,0.03634783613572817,0.03966046735606077,25,10,0
15,484,0.9289561418132596,7.524499235486135e-06,0.03914547135550244,0.031890862332002425,25,10,0
15,485,0.9007129630292711,0.0009552453034201454,0.0663601715409956,0.03197162012631327,25,10,0
15,486,0.8983309705408467,0.0009553306068408517,0.06874166511379938,0.03197203373851331,25,10,0
15,487,0.8978232196963323,0.000955348957657097,0.0692492802062091,0.031972151139801876,25,10,0
15,488,0.9271605045563562,7.626007541086193e-06,0.04094052309392222,0.031891346342180424,25,10,0
15,489,0.9228082755963356,7.593743228179643e-06,0.07329219810848953,0.0038919325519467616,25,10,0
15,490,0.9227179928822734,7.593849323969797e-06,0.07338247363228928,0.0038919396361135235,25,10,0
15,491,0.9222392541651403,7.5998243699174886e-06,0.07386064818997957,0.0038924978205104447,25,10,0
15,492,0.9205748408723251,7.519013688476611e-06,0.07552433730628841,0.003893302807698451,25,10,0
15,493,0.9200839824958855,7.522883001240659e-06,0.07601420010564856,0.003894294515465125,25,10,0
15,494,0.9187218324664961,7.522350890147544e-06,0.07737625800727063,0.0038943871753433466,25,10,0
15,495,0.9222549558424354,7.320026084657302e-06,0.07389896842596187,0.0038387557055182013,25,10,0
15,496,0.9222891250396562,7.319573787064232e-06,0.07386486412478133,0.0038386912617755235,25,10,0
15,497,0.920418887052878,7.33394691265847e-06,0.07573129280653478,0.003842486193674745,25,10,0
15,498,0.9203894799487357,7.334033753272416e-06,0.0757606991663327,0.0038424868511784537,25,10,0
15,499,0.9201698572276648,7.334254903719555e-06,0.07598028212336519,0.0038425263940662546,25,10,0
15,500,0.909090240170256,7.483805331481996e-06,0.0870191305046186,0.0038831455197944438,25,10,0
15,501,0.9009379426428774,7.485702959165655e-06,0.0951714835118644,0.003883088142299425,25,10,0
15,502,0.9091178146787422,7.19793405447944e-06,0.08703052492910729,0.0038444624580963034,25,10,0
15,503,0.8927352422058185,6.199164914153997e-06,0.10340832154920628,0.003850237080060106,25,10,0
15,504,0.9037062840389166,6.0447977438500205e-06,0.09247804291821567,0.003809628245124066,25,10,0
15,505,0.903795661862384,6.049659505334054e-06,0.09238863910846037,0.003809649369650441,25,10,0
15,506,0.8994751385401372,6.050201746212371e-06,0.09666627273590989,0.0038525385222068875,25,10,0
15,507,0.883297921686443,6.056623394166751e-06,0.11265925486442711,0.004036766825734661,25,10,0
15,508,0.8855699953473274,6.040970644670426e-06,0.11039135546644704,0.0040326082155799445,25,10,0
15,509,0.8855931694671682,6.040948974593789e-06,0.11036827633680703,0.004032513247049139,25,10,0
15,510,0.8877081273279555,2.6213765479709274e-07,0.10825529266886064,0.004036317865527933,25,10,0
15,511,0.887763185680448,2.6008204634529324e-07,0.10820023588542296,0.004036318352081639,25,10,0
15,512,0.887757110496281,2.6009045340716116e-07,0.10820631020171169,0.004036319211552879,25,10,0
15,513,0.8877831877353654,2.574161670253407e-07,0.10818075675124758,0.004035798097218987,25,10,0
15,514,0.8878324531415736,2.672823988913096e-07,0.10813283331005938,0.004034446265967287,25,10,0
15,515,0.8869794936325313,2.6800612413493176e-07,0.10898563762833938,0.004034600733004636,25,10,0
15,516,0.88714371030157,2.8816022532715475e-07,0.10882140081578767,0.0040346007224164445,25,10,0
15,517,0.8874043224464079,2.88011372598568e-07,0.1085607329769692,0.0040346565652498905,25,10,0
15,518,0.8778133332996433,2.978067907861969e-07,0.11806291860826351,0.004123450285301982,25,10,0
15,519,0.8778463248951883,2.776523782910742e-07,0.11802994879307585,0.00412344865935724,25,10,0
15,520,0.8871336721839372,2.678617338308421e-07,0.10883149962088073,0.004034560333447749,25,10,0
15,521,0.8966847537190888,2.6436290904778794e-07,0.09928044825901695,0.004034533658984759,25,10,0
15,522,0.896571763794965,4.600630929542639e-07,0.09939280481191608,0.004034971330025691,25,10,0
15,523,0.8968887439372921,2.6497142369209865e-07,0.09907638875930568,0.004034602331978196,25,10,0
15,524,0.8991018857957743,2.5352787316033045e-07,0.09686800660124523,0.004029854075106805,25,10,0
15,525,0.8868266511700916,2.6768460829030483e-07,0.10914322070560883,0.00402986043969097,25,10,0
15,526,0.8869570379399893,2.6753952735665667e-07,0.1090128451183085,0.004029849402174527,25,10,0
15,527,0.9035975861131174,2.550882785262678e-07,0.09255709632867665,0.0038450624699275415,25,10,0
15,528,0.9035391143755755,2.5509978352488155e-07,0.09261556771781491,0.0038450628068261634,25,10,0
15,529,0.8953022136317549,2.546397325329565e-07,0.10080844696428139,0.0038890847642309677,25,10,0
15,530,0.8964224499104472,2.5391283221660764e-07,0.0996883682163178,0.0038889279604025157,25,10,0
15,531,0.8957427745546249,8.217884395311994e-07,0.10021640561253121,0.004039998044403886,25,10,0
15,532,0.9000784914732752,6.588850826945176e-07,0.09588166145832946,0.004039188183312364,25,10,0
15,533,0.9003560280374728,6.539465154635037e-07,0.09560550604381735,0.0040378119721941885,25,10,0
15,534,0.9003272026539192,6.509310211973899e-07,0.09563438303001376,0.004037763385045664,25,10,0
15,535,0.9001289139392061,6.509330777429692e-07,0.09583263927564452,0.004037795852071401,25,10,0
15,536,0.9001665234664189,6.525895444262512e-07,0.09579498203463759,0.004037841909398788,25,10,0
15,537,0.9118926281069146,6.384342664959393e-07,0.08406889466249139,0.0040378387963274755,25,10,0
15,538,0.9117023347626777,6.383460566411769e-07,0.08425916366747034,0.00403786322379528,25,10,0
15,539,0.9196453986209664,6.433045156804171e-07,0.0763601995417587,0.003993758532759,25,10,0
15,540,0.9198309540837974,6.383747655280883e-07,0.07617468204354265,0.003993725497894263,25,10,0
15,541,0.9198816073349131,6.386788194308385e-07,0.07611847969796899,0.003999274288298331,25,10,0
15,542,0.9199444518422846,6.386473803581729e-07,0.07605563703312748,0.003999272477207479,25,10,0
15,543,0.919970235912886,6.384708836174247e-07,0.07602985244091999,0.003999273175310247,25,10,0
15,544,0.8822782567121645,6.390409128705695e-07,0.07740694069354226,0.04031416355338044,25,10,0
15,545,0.9130260445570001,9.199880479864819e-06,0.05042586671999828,0.03653888884252154,25,10,0
15,546,0.906715013174179,9.473885725888821e-06,0.0567334111403272,0.036542101799767815,25,10,0
15,547,0.9065916332363009,9.473971234329466e-06,0.056856798894254705,0.03654209389821001,25,10,0
15,548,0.9199916729397379,9.007833502947436e-06,0.04192202536362839,0.03807729386313056,25,10,0
15,549,0.919981150386415,9.00783121006415e-06,0.04193254468766676,0.038077297094708105,25,10,0
15,550,0.918253860756641,9.03441544077013e-06,0.07997276881748483,0.0017643360104338784,25,10,0
15,551,0.918344257287305,9.034416099558909e-06,0.07988236035603079,0.0017643479405650973,25,10,0
15,552,0.9176365922623271,9.034429342025962e-06,0.08059002428492314,0.0017643490234083464,25,10,0
15,553,0.9179130032352956,9.034125678618639e-06,0.08031367266746148,0.001764289971564969,25,10,0
15,554,0.8844030758685244,9.065755891834601e-06,0.11382361415305985,0.0017642442225235435,25,10,0
15,555,0.8925049486359236,5.005542748192445e-07,0.10574587310361576,0.0017486777061856782,25,10,0
15,556,0.88710766798941,7.049173886498509e-07,0.11114103782660056,0.0017505892666007628,25,10,0
15,557,0.8922360864242386,5.916584476571629e-07,0.10770496986254953,5.8352054764059315e-05,25,10,0
15,558,0.892208859518911,5.956957026013479e-07,0.1077317773143245,5.8767471061769624e-05,25,10,0
15,559,0.8926786614214592,5.762977455925711e-07,0.10726191741131742,5.884486947766917e-05,25,10,0
15,560,0.8939059899950409,5.402908537466567e-07,0.10603449903917457,5.897067493062456e-05,25,10,0
15,561,0.9332775958413337,5.13248255927972e-07,0.06666819322159336,5.369768881673142e-05,25,10,0
15,562,0.9329125059261202,5.138967568548934e-07,0.06703325651327335,5.37236638494914e-05,25,10,0
15,563,0.9329322588856074,5.138959377180207e-07,0.0670135068885357,5.372032991901672e-05,25,10,0
15,564,0.9106700384747968,1.279057709446242e-06,0.08931779679048579,1.088567700808661e-05,25,10,0
15,565,0.9104496660158041,1.2779623806272675e-06,0.08953836577775727,1.0690244058194526e-05,25,10,0
15,566,0.9106367179270652,1.277964397569164e-06,0.08935131451917211,1.0689589365085954e-05,25,10,0
15,567,0.9101744195599637,1.3169521477713993e-06,0.08981340044052297,1.0863047365614824e-05,25,10,0
15,568,0.9101873705255005,1.3236132413686097e-06,0.08979861665275253,1.2689208505749765e-05,25,10,0
15,569,0.9200852970457422,5.582382172728093e-07,0.07971807372358378,0.00019607099245679295,25,10,0
15,570,0.9207341454459733,5.192508756929232e-07,0.07906947094232418,0.00019586436082681804,25,10,0
15,571,0.9206170647859434,5.193335128682474e-07,0.0791865294578926,0.00019588642265113432,25,10,0
15,572,0.9203787354597281,5.193556093113497e-07,0.07942485810923479,0.0001958870754277677,25,10,0
15,573,0.9209684587553582,5.188631150984934e-07,0.07883734358133052,0.00019367880019627399,25,10,0
15,574,0.8821216547376091,5.197049693884577e-07,0.11768414398120919,0.00019368157621253598,25,10,0
15,575,0.8766027104230936,5.197705652551237e-07,0.12320311146564665,0.00019365834069444483,25,10,0
15,576,0.8818684914964529,3.1578349750770394e-07,0.11793729559012073,0.0001938971299288803,25,10,0
15,577,0.8818889484906901,3.0592939715937933e-07,0.11791687338550387,0.00019387219440891354,25,10,0
15,578,0.8429791023539448,3.069354742416242e-07,0.1568267135574675,0.0001938771531138484,25,10,0
15,579,0.8484432956354923,4.730429462424686e-08,0.15131569940587633,0.0002409576543370326,25,10,0
15,580,0.8447215198777033,3.560361095964749e-07,0.1550383260514087,0.00023979803477904978,25,10,0
15,581,0.8502534402694185,3.5596905270736513e-07,0.1495064059645325,0.00023979779699683898,25,10,0
15,582,0.8470837129026794,3.555947636134871e-07,0.14957037661895783,0.0033455548835998918,25,10,0
15,583,0.8472531273246423,3.555486324902373e-07,0.1494009609981093,0.0033455561286166295,25,10,0
15,584,0.841306316030205,3.4542519480714386e-07,0.15539591816059162,0.0032974203840091397,25,10,0
15,585,0.8407091359448163,1.4615006993638182e-06,0.15598666024169142,0.003302742312793733,25,10,0
15,586,0.8412201230666977,1.460849445002242e-06,0.15547570063998511,0.003302715443872968,25,10,0
15,587,0.8416730889623798,3.49201775148099e-07,0.15502909687536376,0.0032974649604820107,25,10,0
15,588,0.8414151429632807,3.5456590485583187e-07,0.15528703450973272,0.0032974679610825526,25,10,0
15,589,0.8741812564303026,2.082975185114203e-06,0.1225190408931077,0.0032976197014046864,25,10,0
15,590,0.8749466220708082,2.0829671333262655e-06,0.12175367691833865,0.0032976180437197826,25,10,0
15,591,0.8826081210818857,1.7699573221424608e-06,0.11409253121699646,0.0032975777437957393,25,10,0
15,592,0.8825365669194138,1.7749244303329081e-06,0.11416408073660982,0.0032975774195461633,25,10,0
15,593,0.876440883978179,1.9766177901095224e-06,0.12023103352665103,0.0033261058773797576,25,10,0
15,594,0.8779721807409941,1.771837839093185e-06,0.11872672800813654,0.00329931941302998,25,10,0
15,595,0.8627793989865087,1.8788836801478488e-06,0.13231776414832783,0.004900957981483482,25,10,0
15,596,0.8631016275729999,1.8788572869639309e-06,0.13199553918398332,0.004900954385729934,25,10,0
15,597,0.8632353153107905,1.878632664122339e-06,0.1318618721076171,0.004900933948928531,25,10,0
15,598,0.8905091110016627,1.8923913368883946e-06,0.10458732585544832,0.004901670751552112,25,10,0
15,599,0.8793208421229847,1.8926782651562013e-06,0.1157755871518314,0.004901678046918521,25,10,0
15,600,0.8793232911329855,1.892790157564734e-06,0.11577312199729811,0.004901694079558681,25,10,0
15,601,0.8793106133940789,1.8961721108446579e-06,0.11578755166645424,0.00489993876735626,25,10,0
15,602,0.8894143937713846,1.8819070677651416e-06,0.10568443726775331,0.004899287053794593,25,10,0
15,603,0.878810972809344,2.0877680128545535e-06,0.11628663963889675,0.004900299783746628,25,10,0
15,604,0.8894907587270485,1.876929052940341e-06,0.1056080774479989,0.004899286895899952,25,10,0
15,605,0.9006834658282561,1.8766424604506931e-06,0.09441537788853575,0.00489927964074819,25,10,0
15,606,0.8991651460793051,1.9132696730540817e-06,0.0959289562019666,0.004903984449055669,25,10,0
15,607,0.8903851213855798,1.9195851941040255e-06,0.10470810839173234,0.004904850637494072,25,10,0
15,608,0.8906440002211298,1.914223161329922e-06,0.10444923763119508,0.004904847924514042,25,10,0
15,609,0.8949171876452604,1.2514508310898472e-05,0.10016354122504609,0.004906756621382788,25,10,0
15,610,0.9062908460980545,1.2510947915914547e-05,0.09189666860336337,0.0017999743506661038,25,10,0
15,611,0.8975395127037972,1.2513934599689627e-05,0.10064656344190227,0.0018014099197010054,25,10,0
15,612,0.8680829585144018,1.392773227991903e-05,0.1085929927082473,0.023310121045070787,25,10,0
15,613,0.8692419673072393,1.3891327741473171e-05,0.10743777815420254,0.02330636321081647,25,10,0
15,614,0.8695747226232936,1.3891529297157152e-05,0.10710596920887783,0.02330541663853135,25,10,0
15,615,0.8691932470200718,1.3891746019311676e-05,0.10748737958693268,0.023305481646975795,25,10,0
15,616,0.8591076038569547,1.2479472068826345e-05,0.10232845761141016,0.03855145905956616,25,10,0
15,617,0.8574522569910981,1.2496562074176706e-05,0.10398380799207947,0.03855143845474811,25,10,0
15,618,0.8427585192763928,1.2999485019082548e-05,0.11854580715489073,0.03868267408369743,25,10,0
15,619,0.842781361730464,1.2999684189704131e-05,0.11852292872480838,0.03868270986053756,25,10,0
15,620,0.8420420609025355,1.3035437911014015e-05,0.11926210405625984,0.03868279960329349,25,10,0
15,621,0.8434572405676465,1.3025759115102927e-05,0.11784700673547892,0.038682726937759385,25,10,0
15,622,0.8439373590558422,1.3025760290327856e-05,0.11736688848230789,0.038682726701559325,25,10,0
15,623,0.8372584224721222,1.3033894671558066e-05,0.12404575978444042,0.03868278384876575,25,10,0
15,624,0.8538775629154596,2.116775557563289e-05,0.10737980943283341,0.03872145989613224,25,10,0
15,625,0.8690859209804165,2.1060728073480677e-05,0.09377317902380307,0.03711983926770765,25,10,0
15,626,0.8693856888036199,2.1053339832946983e-05,0.09347339771961663,0.03711986013693128,25,10,0
15,627,0.8691128260145135,2.1051598179366014e-05,0.09073166636376692,0.04013445602354074,25,10,0
15,628,0.8848933948721853,2.107120727684949e-05,0.07513460992191506,0.039950923998623246,25,10,0
15,629,0.8785372693096031,2.1254777817207378e-05,0.0814415468100396,0.039999929102540854,25,10,0
15,630,0.8670704173849698,2.1261296267327286e-05,0.09290682669446791,0.04000149462429583,25,10,0
15,631,0.8718451593952575,2.1403154308772603e-05,0.08813377194462202,0.03999966550581235,25,10,0
15,632,0.8761313272513752,2.1690586979123717e-05,0.08384908034896224,0.039997901812683784,25,10,0
15,633,0.8749477181809486,2.1733654193897296e-05,0.08165226316793396,0.04337828499692391,25,10,0
15,634,0.8747655326639092,2.1738997507237652e-05,0.08183445360443299,0.04337827473415087,25,10,0
15,635,0.8686221145473838,2.1739071313756525e-05,0.08797674100420375,0.043379405377099126,25,10,0
15,636,0.8687780874707336,2.1733618365889946e-05,0.0878207996169907,0.04337937929391033,25,10,0
15,637,0.8678853969290387,2.1733250867663184e-05,0.0887134221458983,0.043379447674195895,25,10,0
15,638,0.8523901566532627,2.2000140172187404e-05,0.10013105368118821,0.04745678952537714,25,10,0
15,639,0.8656298241278936,2.1993285821387697e-05,0.08689304651394286,0.04745513607234255,25,10,0
15,640,0.865887155500192,2.1983076379667767e-05,0.08663577215691032,0.04745508926651838,25,10,0
15,641,0.8652851735945438,2.226141516386459e-05,0.08723745440123866,0.04745511058905382,25,10,0
15,642,0.8738262367537782,2.225999155941646e-05,0.07869678663561347,0.04745471661904861,25,10,0
15,643,0.8736811515279971,9.958626908111146e-06,0.0788523338333316,0.04745655601176299,25,10,0
15,644,0.8733996700391315,9.963728649900748e-06,0.07913241783227101,0.04745794839994724,25,10,0
15,645,0.8802580748735089,9.959469228642794e-06,0.07227628260933212,0.047455683047930346,25,10,0
15,646,0.8803467166110405,9.974396682716199e-06,0.0721875297374464,0.04745577925483035,25,10,0
15,647,0.8805539602205691,9.969332004003275e-06,0.07198167503469705,0.04745439541272974,25,10,0
15,648,0.8805153932804934,9.969509903473442e-06,0.07201890498363815,0.04745573222596496,25,10,0
15,649,0.9031373130260605,9.481029642074346e-06,0.05682709641524406,0.04002610952905351,25,10,0
15,650,0.8874485378975824,9.973744953492682e-06,0.07251152745987716,0.040029960897586946,25,10,0
15,651,0.8919856387638816,1.005921389094246e-05,0.06797430362523882,0.040029998396988314,25,10,0
15,652,0.8924312414618136,1.0023685026176187e-05,0.06752882454234588,0.040029910310814244,25,10,0
15,653,0.8867171392110115,1.0024693172148184e-05,0.07324338987520412,0.04002944622061197,25,10,0
15,654,0.9013585733377028,9.526513076441237e-06,0.058735839467726085,0.03989606068149451,25,10,0
15,655,0.8705006893969919,9.324222354304652e-06,0.0895937618457192,0.03989622453493455,25,10,0
15,656,0.8705032187241345,9.32421911776169e-06,0.0895912328201482,0.03989622423659963,25,10,0
15,657,0.8704943504621094,9.334594501925926e-06,0.0896037953983862,0.03989251954500242,25,10,0
15,658,0.8916118310435981,1.8371814837609852e-05,0.06847667653788597,0.03989312060367814,25,10,0
15,659,0.8917827474046139,1.8371779963515226e-05,0.068305699103739,0.03989318171168339,25,10,0
15,660,0.8913167605665359,1.8383333151697896e-05,0.06876853190326494,0.03989632419704734,25,10,0
15,661,0.8913645221506886,1.8383302694126396e-05,0.06872077545749279,0.039896319089124554,25,10,0
15,662,0.8913688323840361,1.838330413419226e-05,0.06871646440461741,0.039896319907212645,25,10,0
15,663,0.8916618033977263,1.8383300787432247e-05,0.06842349372157033,0.03989631957991649,25,10,0
15,664,0.9072931001039001,1.0246957206344835e-05,0.05283913818086532,0.039857514758028414,25,10,0
15,665,0.9076698043912689,1.024687098864611e-05,0.05246243383170215,0.0398575149060406,25,10,0
15,666,0.9074158397790003,1.0247049753057394e-05,0.052716326372863366,0.03985758679838337,25,10,0
15,667,0.9078701452468049,9.974086921042866e-06,0.05226095967348463,0.03985892099278978,25,10,0
15,668,0.8683044277097145,1.0029991483654628e-05,0.09182668564801412,0.039858856650789316,25,10,0
15,669,0.8686840197253557,1.0029771025451457e-05,0.09144715901097562,0.03985879149264431,25,10,0
15,670,0.8686513993943535,1.0030893004377681e-05,0.10237893596881005,0.02895963374383265,25,10,0
15,671,0.8696686412868836,1.0002133648638336e-05,0.10136159180384906,0.028959764775619422,25,10,0
15,672,0.8695492668434797,1.0006081975378587e-05,0.10148094375012519,0.028959783324420365,25,10,0
15,673,0.8695664204503752,1.0006067030540427e-05,0.10146381411009438,0.02895975937250054,25,10,0
15,674,0.869747330688421,1.0006169151041419e-05,0.10128291676435675,0.028959746378072016,25,10,0
15,675,0.869624482824903,1.0006171234659472e-05,0.10140574235537957,0.02895976864848366,25,10,0
15,676,0.873969136971996,1.0006687332624764e-05,0.09765333559335025,0.02836752074732204,25,10,0
15,677,0.8610990119400839,1.0127148727786712e-05,0.11049079450962546,0.028400066401563603,25,10,0
15,678,0.8607438326358925,1.0131841879046804e-05,0.11084382133161508,0.028402214190613916,25,10,0
15,679,0.860546371544309,1.0131842018512901e-05,0.1110412819981629,0.02840221461551002,25,10,0
15,680,0.8491536522368769,1.0132010716562175e-05,0.12243396260273513,0.028402253149672055,25,10,0
15,681,0.849298475539184,1.013200785873767e-05,0.12228914086834346,0.0284022515846142,25,10,0
15,682,0.8559521651011711,1.012375901927355e-05,0.11563553233072774,0.028402178809082336,25,10,0
15,683,0.8557907708452537,1.1498989076161971e-05,0.14369927113036637,0.0004984590353036686,25,10,0
15,684,0.8659642021466973,2.373226052528539e-06,0.13353575079618774,0.0004976738310622808,25,10,0
15,685,0.8578671771340093,2.588971786102935e-06,0.14163116066551626,0.0004990732286882548,25,10,0
15,686,0.8623568564033084,2.44006091108056e-06,0.13714165606899517,0.0004990474667849888,25,10,0
15,687,0.8627551208567843,2.6175120265014017e-06,0.13674315774009582,0.000499103891093328,25,10,0
15,688,0.8620920134121498,2.6180718916405265e-06,0.13740613510120267,0.0004992334147558479,25,10,0
15,689,0.8529837393602953,2.979226282576103e-06,0.14651324609962846,0.0005000353137937957,25,10,0
15,690,0.8517462642057586,2.980686772694058e-06,0.1477509947565353,0.0004997603509338156,25,10,0
15,691,0.8517348986807398,2.9807222178907586e-06,0.1477623515689636,0.0004997690280791569,25,10,0
15,692,0.8518167214895627,2.9690946981643855e-06,0.1476836831162505,0.0004966262994891606,25,10,0
15,693,0.8438906806587849,2.9707860997829452e-06,0.15406249110765147,0.002043857447464608,25,10,0
15,694,0.8490627542619212,3.0566064438345628e-06,0.1488680472284403,0.0020661419031952765,25,10,0
15,695,0.8470885188141325,3.0575979133442415e-06,0.15089544330449478,0.0020129802834601986,25,10,0
15,696,0.8464633153287332,3.0774156240882247e-06,0.15151544792334334,0.0020181593323002943,25,10,0
15,697,0.8096095347335083,5.979751170148057e-06,0.18836651761209527,0.002017967903227795,25,10,0
15,698,0.8342978427869849,3.0390691835356475e-06,0.16368115722047677,0.0020179609233555162,25,10,0
15,699,0.8368004248190587,3.032882083366478e-06,0.16120252903899124,0.0019940132598673986,25,10,0
15,700,0.8360160460784711,3.0132115053438657e-06,0.161977369127539,0.002003571582485196,25,10,0
15,701,0.84417309597316,2.7972843165390778e-06,0.1538220057608598,0.0020021009816646096,25,10,0
15,702,0.8219261243243894,3.25073939821911e-06,0.17606767119793199,0.002002953738280987,25,10,0
15,703,0.8219061648987304,3.2507049558596393e-06,0.17608763591619983,0.0020029484801144582,25,10,0
15,704,0.8218426010085986,3.2557856911755117e-06,0.17615119471551682,0.00200294849019413,25,10,0
15,705,0.8040463957828244,3.893855955009143e-06,0.19377184718334312,0.0021778631778788964,25,10,0
15,706,0.8038623952399013,3.908535551686551e-06,0.1939578831066427,0.002175813117905738,25,10,0
15,707,0.818518745407809,3.3640977066749523e-06,0.17930294365642285,0.002174946838062818,25,10,0
15,708,0.8194654634280731,3.2932345378939614e-06,0.17835744879251048,0.002173794544879705,25,10,0
15,709,0.8057017989514083,2.8599656176810067e-06,0.1921236488100552,0.002171692272919926,25,10,0
15,710,0.8055772183786367,2.8602571103598213e-06,0.19224822865394117,0.0021716927103129615,25,10,0
15,711,0.8303868160865955,2.834857779606362e-06,0.16743875307622194,0.0021715959794037713,25,10,0
15,712,0.8305477594227024,2.830064360833085e-06,0.16727781391130794,0.0021715966016294763,25,10,0
15,713,0.8102244469109763,2.8300717675758854e-06,0.18760109090683144,0.0021716321104261233,25,10,0
15,714,0.8102575194735473,2.8300762239924753e-06,0.18756801867407444,0.0021716317761556287,25,10,0
15,715,0.7719887032390963,2.885224807584371e-06,0.22583667096755147,0.0021717405685453685,25,10,0
15,716,0.7686567756822824,2.9891779377625736e-06,0.22916746043907094,0.0021727747007093635,25,10,0
15,717,0.7846996921973538,3.477020907132622e-05,0.21346683941547664,0.0017986981780982198,25,10,0
15,718,0.788534435835625,3.4646897980281144e-05,0.20963334947519627,0.0017975677911982741,25,10,0
15,719,0.7885761430376301,3.465035471290319e-05,0.20959028827936346,0.0017989183282933296,25,10,0
15,720,0.8014327330151112,3.452493639536264e-05,0.19676631388686272,0.0017664281616304677,25,10,0
15,721,0.8020457837922101,3.452445401110648e-05,0.19615334823868763,0.001766343515090545,25,10,0
15,722,0.7972304879122806,3.451472748799201e-05,0.2008956915177132,0.001839305842518092,25,10,0
15,723,0.798970878091254,3.4514478609939273e-05,0.19916483486267098,0.0018297725674648762,25,10,0
15,724,0.7973978507849191,3.489746252929323e-05,0.2006305212601237,0.0019367304924276818,25,10,0
15,725,0.7986620267508173,3.488382414012747e-05,0.19936642252468295,0.001936666900360341,25,10,0
15,726,0.7926191460208344,3.5247119394864414e-05,0.20535974427814435,0.0019858625816273887,25,10,0
15,727,0.7728649227002196,3.5482974453779024e-05,0.2135284033250879,0.013571191000240356,25,10,0
15,728,0.7840852704699961,3.548957510783207e-05,0.2023071385303188,0.013572101424578785,25,10,0
15,729,0.7841141677058109,3.548956879912944e-05,0.2022782430059712,0.013572099719420284,25,10,0
15,730,0.7847116901711657,3.548940514873017e-05,0.2016755825576843,0.01357723786600255,25,10,0
15,731,0.788064946190647,3.5490076656539834e-05,0.19812383452369903,0.013775729208997691,25,10,0
15,732,0.7881203462876927,3.5481814878818056e-05,0.19806840354154592,0.013775768355883164,25,10,0
15,733,0.8018196755202196,3.548166114329241e-05,0.18436635208147625,0.013778490737161309,25,10,0
15,734,0.7961074416894414,3.5477280934680026e-05,0.19007862705561304,0.013778453974011149,25,10,0
15,735,0.7893864099573878,3.58847987113512e-05,0.19687130040806028,0.01370640483584125,25,10,0
15,736,0.8061162597716822,3.588415966518705e-05,0.1803399456366404,0.013507910432012726,25,10,0
15,737,0.7947073088629828,3.589087330730809e-05,0.19175920234665866,0.013497597917051686,25,10,0
15,738,0.8262166974517403,3.583584946078644e-05,0.16024997446674696,0.013497492232052277,25,10,0
15,739,0.8619967653965448,3.509230033191746e-05,0.13605943221066752,0.0019087100924556721,25,10,0
15,740,0.8621184267295979,3.509251563083911e-05,0.1359404445659808,0.0019060361887904018,25,10,0
15,741,0.8621154965647742,3.5092523125975124e-05,0.13594337440506415,0.0019060365070358678,25,10,0
15,742,0.8618503724203049,3.5092522242410045e-05,0.13620847430661023,0.0019060607508426671,25,10,0
15,743,0.839194954053375,3.704734792879741e-05,0.1604089497434558,0.0003590488552417724,25,10,0
15,744,0.845370256474547,3.668408074006331e-05,0.1542832626282449,0.0003097968164689406,25,10,0
15,745,0.8777621546445055,3.66739604331525e-05,0.12189045669747438,0.00031071469758775326,25,10,0
15,746,0.8776723041114031,3.6674703342724524e-05,0.12198030206010671,0.0003107191251480852,25,10,0
15,747,0.8777130892053684,3.6674429272002176e-05,0.12194090734109907,0.0003093290242611035,25,10,0
15,748,0.8952885984149732,3.6038844185399335e-05,0.10454034737255856,0.00013501536828312437,25,10,0
15,749,0.8855989905504608,3.582666922300117e-05,0.11425040451747889,0.0001147782628372408,25,10,0
15,750,0.8845871734856953,3.5827538232200394e-05,0.11525726924708891,0.00011972972898346033,25,10,0
15,751,0.8791257205180514,3.606528376356363e-05,0.12071946601281726,0.00011874818536735074,25,10,0
15,752,0.8792052624420361,3.60605977814629e-05,0.12063995075670468,0.00011872620347723356,25,10,0
15,753,0.8794695484597328,3.606458329881632e-05,0.12037146003344415,0.0001229269235237974,25,10,0
15,754,0.8858644059689001,3.597856424277959e-05,0.11399901304762135,0.0001006024192353591,25,10,0
15,755,0.8797129510340482,3.597856123938787e-05,0.12015046719087082,0.0001006032138413794,25,10,0
15,756,0.8730271154035834,3.6220084418644406e-05,0.1268349103806203,0.00010175413137770455,25,10,0
15,757,0.8712622800662722,3.605261918688944e-05,0.1286866299979965,1.5037316544634265e-05,25,10,0
15,758,0.8713620236918745,3.606159048141028e-05,0.1285856712543709,1.624346327319676e-05,25,10,0
15,759,0.8767247336135875,3.6062284218801693e-05,0.12322295961407453,1.6244488119189747e-05,25,10,0
15,760,0.841708481753205,3.6062809990488495e-05,0.15823910312060696,1.635231619788874e-05,25,10,0
15,761,0.8520263070867911,3.605941204589263e-05,0.14792128242373181,1.6351077431690566e-05,25,10,0
15,762,0.8585637554757518,3.5825173795696954e-05,0.1413841692234048,1.6250127048119707e-05,25,10,0
15,763,0.8640419496214264,3.5829862248395946e-05,0.1359020247350351,2.019578129044307e-05,25,10,0
15,764,0.8641558912901792,3.583103993995503e-05,0.13578868415061132,1.959351926980253e-05,25,10,0
15,765,0.8642379508451171,3.583119497288737e-05,0.13570656401617154,1.9653943738481127e-05,25,10,0
15,766,0.8639386932863377,3.5826504991888914e-05,0.13600573015946946,1.975004920105685e-05,25,10,0
15,767,0.8641456692776386,3.58216984016829e-05,0.13580272854700925,1.578047695056465e-05,25,10,0
15,768,0.8530823913939947,3.582931159526185e-05,0.1468091383257892,7.264096862072251e-05,25,10,0
15,769,0.8625968184654971,3.580388594788577e-05,0.137285439065137,8.193858341771732e-05,25,10,0
15,770,0.8567427437229407,3.6000975052385235e-05,0.14311189825679935,0.00010935704520732774,25,10,0
15,771,0.856861797028172,3.6000975106064125e-05,0.1429928446727215,0.00010935732400004644,25,10,0
15,772,0.847591823398987,4.3858233398940324e-05,0.15226358146277094,0.00010073690484238569,25,10,0
15,773,0.8533971957482411,4.385837408922216e-05,0.1464581912355981,0.00010075464207077521,25,10,0
15,774,0.8508012723623571,4.385767979101658e-05,0.14905909380268,9.577615517090957e-05,25,10,0
15,775,0.8505178963790165,4.3857561854913015e-05,0.14934248506903852,9.576099008914903e-05,25,10,0
15,776,0.847771819917501,4.39462194066205e-05,0.15208701584975046,9.721801334116724e-05,25,10,0
15,777,0.8482262499064803,4.394789521994499e-05,0.15163260789457747,9.719430372149704e-05,25,10,0
15,778,0.8480603993208276,4.394957780185802e-05,0.1517984318152185,9.721928615135422e-05,25,10,0
15,779,0.8481919363489852,4.395128784735944e-05,0.15166666547020513,9.744689296181754e-05,25,10,0
15,780,0.8367617983546337,5.546189981406831e-05,0.1630575647166102,0.00012517502894140328,25,10,0
15,781,0.8672497876283906,5.350536763339161e-05,0.13257175626005283,0.00012495074392261923,25,10,0
15,782,0.8672231245466733,5.3496394580330335e-05,0.1325996581717759,0.00012372088697002538,25,10,0
15,783,0.8723789129309995,5.3492804612135615e-05,0.12744485795823263,0.00012273630615532461,25,10,0
15,784,0.8554678235194473,5.330355919356783e-05,0.14426200579188028,0.00021686712947841132,25,10,0
15,785,0.8554696775650321,5.330356769828167e-05,0.14426015097938796,0.00021686788788125087,25,10,0
15,786,0.8533887238324179,5.3305461608142165e-05,0.1463409275025142,0.00021704320345937824,25,10,0
15,787,0.8372562203805066,5.4038263012110985e-05,0.16247266581341685,0.0002170755430641617,25,10,0
15,788,0.8491762957992687,5.363057608611119e-05,0.15055391510149432,0.00021615852315105225,25,10,0
15,789,0.8515925722301599,5.3822352011522986e-05,0.14813887160858014,0.00021473380924841862,25,10,0
15,790,0.848538550816217,5.488456734789807e-05,0.1511874630000467,0.0002191016163882469,25,10,0
15,791,0.8485380215056977,5.488472337883195e-05,0.1511879807207987,0.00021911305012467993,25,10,0
15,792,0.8486012971228049,5.488474493425111e-05,0.1511247465527826,0.00021907157947846897,25,10,0
15,793,0.8476812455711402,5.508575801794272e-05,0.15199176675056253,0.00027190192027948327,25,10,0
15,794,0.8509602450664778,5.50783438843887e-05,0.14876885298729178,0.0002158236023463161,25,10,0
15,795,0.8863804173467323,5.5077145875118796e-05,0.11334879130257797,0.0002157142048148848,25,10,0
15,796,0.8936314430430368,5.508703790843699e-05,0.1060985138249325,0.00021495609412238475,25,10,0
15,797,0.893724516389519,5.508304843832383e-05,0.10601018344582373,0.00021021711621913258,25,10,0
15,798,0.8934584602419701,5.508237819160691e-05,0.10627631300235287,0.00021014437748562674,25,10,0
15,799,0.8943810943926047,5.488136563447833e-05,0.10540671045441914,0.00015731378734176022,25,10,0
15,800,0.8942411582051374,5.488150426946779e-05,0.10554667896385923,0.00015728132673409472,25,10,0
15,801,0.8916107717516255,5.488308020393531e-05,0.10817720314756114,0.00015714202060971875,25,10,0
15,802,0.8857349126096422,5.4891721341750295e-05,0.11405073351663775,0.00015946215237866554,25,10,0
15,803,0.8861162904276023,5.461142268643243e-05,0.11366961022997106,0.0001594879197406686,25,10,0
15,804,0.885406288170643,5.4637470374691134e-05,0.11437943492312899,0.00015963943585376142,25,10,0
15,805,0.8851092493814844,5.4642169916927794e-05,0.11467585934714836,0.00016024910145066905,25,10,0
15,806,0.8858346616254322,5.462068902360803e-05,0.11394967020987293,0.00016104747567163898,25,10,0
15,807,0.8857155574087539,5.4625681432925366e-05,0.11406869811378191,0.00016111879603172854,25,10,0
15,808,0.8862271939954743,5.462050874570875e-05,0.113557138868693,0.00016104662708737872,25,10,0
15,809,0.8861571464605497,5.462039307312744e-05,0.11362716293634378,0.00016107021003376965,25,10,0
15,810,0.8830194366648841,5.469937622705012e-05,0.11674449099494638,0.00018137296394277771,25,10,0
15,811,0.8937008014742602,4.430816838452013e-05,0.10610115045499185,0.00015373990236338878,25,10,0
15,812,0.8998799057541841,4.4299623501321825e-05,0.09992436507245149,0.00015142954986298895,25,10,0
15,813,0.9046664091075879,4.429615039487708e-05,0.09513790205506162,0.00015139268695589175,25,10,0
15,814,0.8923929887621576,5.274122913229873e-05,0.10736269410531196,0.0001915759033981424,25,10,0
15,815,0.8963660531064948,5.2740751164448466e-05,0.10338959579540895,0.00019161034693171062,25,10,0
15,816,0.8962670454712913,5.2740815644954795e-05,0.10348845353778718,0.00019176017527620915,25,10,0
15,817,0.8961922080299227,5.2736276876840273e-05,0.10356251590560829,0.00019253978759181038,25,10,0
15,818,0.8959843566640103,5.273631691838341e-05,0.10377036124158419,0.00019254577748685706,25,10,0
15,819,0.8958626261158897,5.2741538070351006e-05,0.10389210191797175,0.0001925304280678518,25,10,0
15,820,0.8621743584911299,5.27687708096569e-05,0.13758130984227163,0.00019156289578829377,25,10,0
15,821,0.8688937165612047,5.252741690240976e-05,0.13086329253458326,0.00019046348730899896,25,10,0
15,822,0.8690003662149257,5.252687863140353e-05,0.13075674113429303,0.00019036577214903805,25,10,0
15,823,0.8705940283038445,6.181380166633603e-05,0.12910840867601017,0.00023574921847817663,25,10,0
15,824,0.8705889647200373,6.181386549624813e-05,0.1291134712463175,0.0002357501681481164,25,10,0
15,825,0.8704425822231672,6.181927489635354e-05,0.12925983603499488,0.0002357624669411837,25,10,0
15,826,0.8704073147823912,6.181930962768605e-05,0.12929512629289036,0.00023573961509049153,25,10,0
15,827,0.8699027592363879,6.18243931191331e-05,0.12979835573189094,0.00023706063860188094,25,10,0
15,828,0.8699109731914746,6.182438737824704e-05,0.12979014223002008,0.00023706019112690265,25,10,0
15,829,0.8482412275225175,6.18330614895858e-05,0.15145764306004167,0.00023929635595074984,25,10,0
15,830,0.8781797526222025,6.179141843285747e-05,0.1215191442826526,0.00023931167671128401,25,10,0
15,831,0.8788407895342175,6.067164301637737e-05,0.12085929145715442,0.00023924736561103377,25,10,0
15,832,0.8788611409443683,6.067233564357384e-05,0.12083875011837537,0.00023943660161220817,25,10,0
15,833,0.878977824046151,6.067240239904249e-05,0.12072206547653411,0.0002394380749151753,25,10,0
15,834,0.8789419935450801,6.068054216012484e-05,0.12075676387972747,0.00024056203303194346,25,10,0
15,835,0.8878344264795472,6.011618986276796e-05,0.11184115370801223,0.0002643036225777483,25,10,0
15,836,0.8515497051020526,7.08063228858162e-05,0.1480640997842944,0.0003153887907670188,25,10,0
15,837,0.8513303131452753,7.081036839056107e-05,0.14828230073252407,0.00031657575380969444,25,10,0
15,838,0.8416156549227389,7.123419030066659e-05,0.15795412529850444,0.0003589855884558789,25,10,0
15,839,0.8508996114751701,7.08203107853714e-05,0.14871301915362697,0.00031654906041718895,25,10,0
15,840,0.8500620615131066,7.08215146268488e-05,0.14955074757372214,0.00031636939854416896,25,10,0
15,841,0.8502328512233555,7.08263970991428e-05,0.14937995554323122,0.00031636683631360837,25,10,0
15,842,0.8502283852204926,7.082652314033699e-05,0.149384412478425,0.0003163757779415495,25,10,0
15,843,0.8725026322916052,7.082358294340173e-05,0.12723034211160889,0.00019620201384206018,25,10,0
15,844,0.8731369717895844,7.081862399887045e-05,0.1265973419286382,0.0001948676577782038,25,10,0
15,845,0.872802701531585,7.08192663496175e-05,0.12693141019855644,0.00019506900350876159,25,10,0
15,846,0.8666110039608894,7.105341529806057e-05,0.13305951502717428,0.0002584275966386213,25,10,0
15,847,0.8664733650590626,7.10503135160394e-05,0.1331980861699551,0.0002574984574664879,25,10,0
15,848,0.8470607081297455,7.091877049078492e-05,0.15107460848157145,0.0017937646181926364,25,10,0
15,849,0.8468314156699648,7.093328963995077e-05,0.1513038250899453,0.001793825950450467,25,10,0
15,850,0.8289946058250157,7.095548362274192e-05,0.1689527479220891,0.001981690769273183,25,10,0
15,851,0.8293907119815305,7.095141240575193e-05,0.1685578326561582,0.001980503949906101,25,10,0
15,852,0.8241995602132206,7.929235950287503e-05,0.17376303303470234,0.001958114392574575,25,10,0
15,853,0.8439352903036722,4.613443142877898e-05,0.1540605607604291,0.0019580145044701515,25,10,0
15,854,0.8443595784305806,4.6119779392713125e-05,0.15363636406508083,0.001957937724945954,25,10,0
15,855,0.848497700745284,4.611966422937276e-05,0.14949824561666586,0.00195793397382125,25,10,0
15,856,0.8498398294646988,4.609768579103238e-05,0.1483410620150893,0.0017730108344212229,25,10,0
15,857,0.8431349017139239,4.6101780907310954e-05,0.15504599788626985,0.0017729986188993975,25,10,0
15,858,0.8459300863542729,3.7600342552789844e-05,0.15225965469179242,0.0017726586113822435,25,10,0
15,859,0.8578111321003429,3.807837787371309e-05,0.1403786901707707,0.0017720993510128686,25,10,0
15,860,0.858028212423239,3.80732314685314e-05,0.14016300492808237,0.0017707094172105253,25,10,0
15,861,0.8736920326938282,3.807385362550518e-05,0.12450215636973218,0.0017677370828147977,25,10,0
15,862,0.8947691931040667,3.79926333615684e-05,0.10502263828687423,0.00017017597569740463,25,10,0
15,863,0.8953564139703921,3.798737226819133e-05,0.10443679588126525,0.00016880277607438584,25,10,0
15,864,0.8916702291279056,3.7987328186298505e-05,0.10812298038001948,0.00016880316388883529,25,10,0
15,865,0.891543487698468,3.7997386031617034e-05,0.10824960859628056,0.00016890631921993255,25,10,0
15,866,0.8915477953772738,3.799732146468895e-05,0.10824530197137054,0.00016890532989110858,25,10,0
15,867,0.8923537424618386,2.7762560656005674e-05,0.10749935264705518,0.00011914233045013634,25,10,0
15,868,0.8917781860951696,2.7749359144318775e-05,0.10806901329873093,0.00012505124695500833,25,10,0
15,869,0.9038473639348003,1.9307867461937253e-05,0.09604865986558825,8.466833214955201e-05,25,10,0
15,870,0.9008659149360345,1.9309627041809735e-05,0.09903007387468296,8.470156224073749e-05,25,10,0
15,871,0.9042623168427637,1.9195189239510562e-05,0.09563380610034512,8.468186765161245e-05,25,10,0
15,872,0.9042387754372159,1.919520110251214e-05,0.09565734398494043,8.468537674105153e-05,25,10,0
15,873,0.9044981248344304,1.9190038915599666e-05,0.0953980281767768,8.46569498773291e-05,25,10,0
15,874,0.9030644332868253,1.919046828060504e-05,0.09683162953569413,8.474670919992747e-05,25,10,0
15,875,0.8912703180064763,1.9196669672110263e-05,0.10862304037364501,8.744495020659582e-05,25,10,0
15,876,0.8950776209782224,1.919668602350953e-05,0.10481574596839252,8.743636736178858e-05,25,10,0
15,877,0.8911928111032053,1.920557288363396e-05,0.1087005266915137,8.745663239746652e-05,25,10,0
15,878,0.8910343024073955,1.921072834415654e-05,0.10885898254937551,8.750431488518665e-05,25,10,0
15,879,0.9270152231215563,8.515530908285802e-06,0.07293984194554833,3.641940198730203e-05,25,10,0
15,880,0.9270699787209388,8.51539539981811e-06,0.0728851047620046,3.640112165698737e-05,25,10,0
15,881,0.9267190843419952,9.151380379200158e-06,0.07323548362648762,3.628065113825178e-05,25,10,0
15,882,0.9221284877144618,1.2939509367822537e-06,0.07783157748747743,3.864084712436379e-05,25,10,0
15,883,0.915470247715325,1.6484414473614373e-06,0.08439436071554729,0.00013374312768035202,25,10,0
15,884,0.920002960122738,1.6263757777673525e-06,0.07986393425760369,0.00013147924388057407,25,10,0
15,885,0.9137056654906505,1.8424229003031404e-06,0.08615994034238436,0.00013255174406564472,25,10,0
15,886,0.9203157124708332,1.4878485543753977e-06,0.0796451861827654,3.761349784710622e-05,25,10,0
15,887,0.9199282855021841,1.4877637244988045e-06,0.08003265229850724,3.7574435584297286e-05,25,10,0
15,888,0.9203216816200243,1.4876633449201706e-06,0.0796392584185375,3.757229809355559e-05,25,10,0
15,889,0.924078236010933,1.4791818564985937e-06,0.07588270837588593,3.757643132484727e-05,25,10,0
15,890,0.9156666591640404,2.6359086558604637e-06,0.0842910562466551,3.9648680648452555e-05,25,10,0
15,891,0.9314387089620744,2.6354641459392116e-06,0.06852203916441169,3.6616409368102936e-05,25,10,0
15,892,0.9423060693007759,2.1488076297423284e-06,0.05765684523682976,3.493665476454041e-05,25,10,0
15,893,0.950949845312804,9.883881985431068e-07,0.049016308200732696,3.285809826456471e-05,25,10,0
15,894,0.9584607012232843,9.950966008662633e-07,0.04150167670084737,3.662697926766817e-05,25,10,0
15,895,0.9584044048704109,9.951137129447742e-07,0.041558193284568466,3.640673130796026e-05,25,10,0
15,896,0.9574436639151768,9.954372804633543e-07,0.04251645671380747,3.8883933735525e-05,25,10,0
15,897,0.9587423992984219,9.93550137237003e-07,0.04121773139452025,3.887575692102766e-05,25,10,0
15,898,0.9705259009027535,9.795150689266044e-07,0.029438063961554503,3.50556206236022e-05,25,10,0
15,899,0.9704989477699675,9.795625321606812e-07,0.02946498727804383,3.50853894568531e-05,25,10,0
15,900,0.9704969419469407,9.796536759528285e-07,0.029466993236660945,3.508516272258052e-05,25,10,0
15,901,0.9705413539281065,9.796820715982663e-07,0.029422582568517264,3.508382130478527e-05,25,10,0
15,902,0.9644129564070704,1.2294944405194072e-06,0.03555069108409165,3.512301439754681e-05,25,10,0
15,903,0.9617928076636073,1.2352456586262698e-06,0.03817080102164454,3.515606908951999e-05,25,10,0
15,904,0.9519551539021711,1.4403366212287552e-06,0.04800730096628422,3.610479492322835e-05,25,10,0
15,905,0.951805213015339,1.4453862250770472e-06,0.04815722811472834,3.611348370733798e-05,25,10,0
15,906,0.9433440550233243,1.4455179499007685e-06,0.05661839422199153,3.6105236734692925e-05,25,10,0
15,907,0.9405237307078184,1.440436947930847e-06,0.059437807456944255,3.7021398289797644e-05,25,10,0
15,908,0.9392248843576726,1.4417420231613807e-06,0.06073647382103047,3.720007927383723e-05,25,10,0
15,909,0.9490808819842309,1.2366969546032004e-06,0.050881658709491545,3.622260932301483e-05,25,10,0
15,910,0.9477581424876195,1.2369301394613085e-06,0.0522043211646485,3.62994175924734e-05,25,10,0
15,911,0.9479040528520281,1.226872563786294e-06,0.05205852308007372,3.619719533456338e-05,25,10,0
15,912,0.9493600858283662,1.226143559006421e-06,0.050602592338037426,3.6095690037171445e-05,25,10,0
15,913,0.9505526173252832,1.2261246350558725e-06,0.049415973244464874,3.018330561693084e-05,25,10,0
15,914,0.9483282015567565,1.0555625857778261e-05,0.05163023306606476,3.100975132114467e-05,25,10,0
15,915,0.9410945907962379,1.0480528694839648e-05,0.05888418524732963,1.0743427738253348e-05,25,10,0
15,916,0.94301732881122,1.0462330154841052e-05,0.05696630374903704,5.905109588637869e-06,25,10,0
15,917,0.9428106880121792,1.0467360343228802e-05,0.05717289226499421,5.952362484078278e-06,25,10,0
15,918,0.9533045425324418,1.0463345542201868e-05,0.04667907852094342,5.9156010725955135e-06,25,10,0
15,919,0.9519706448443083,1.5981514477509637e-06,0.048022427115535164,5.3298887088873395e-06,25,10,0
15,920,0.945631185319995,1.676019426118763e-06,0.054340756416145754,2.6382244433553123e-05,25,10,0
15,921,0.9518636014404831,1.5980647980278756e-06,0.04812946317219087,5.337322528146791e-06,25,10,0
15,922,0.9514520126885806,1.6081746930060456e-06,0.048539698871051425,6.680265674802947e-06,25,10,0
15,923,0.9511031254772666,1.608887694211009e-06,0.04888858333780873,6.682297230284269e-06,25,10,0
15,924,0.956729571342144,1.3604033239817063e-06,0.043262333164269806,6.735090262148714e-06,25,10,0
15,925,0.951437396254813,1.560521793030751e-06,0.04855335544114543,7.687782248747676e-06,25,10,0
15,926,0.9514353859548037,1.5604580443405473e-06,0.04855536571517367,7.6878719785047e-06,25,10,0
15,927,0.9514081163145762,1.560490639755116e-06,0.04858122906395877,9.094130825439589e-06,25,10,0
15,928,0.9364487397095013,9.412327810206657e-06,0.0634576896230417,8.415833964727579e-05,25,10,0
15,929,0.948893187039276,8.947813079958263e-06,0.051013947942208156,8.391720543634005e-05,25,10,0
15,930,0.948894710792199,8.947816143227887e-06,0.051012424165824265,8.391722583383026e-05,25,10,0
15,931,0.9489440935449283,8.946481605235518e-06,0.05096313704542508,8.382292804175764e-05,25,10,0
15,932,0.9499229534477338,8.945135386819107e-06,0.0499844566394603,8.364477741918789e-05,25,10,0
15,933,0.9502737636711731,8.308119320920665e-06,0.049634337438529304,8.359077097657023e-05,25,10,0
15,934,0.9554374183279102,8.107998664657682e-06,0.044471836569915234,8.263710350990135e-05,25,10,0
15,935,0.9549314729179386,8.108271767197856e-06,0.04497777966449422,8.263914579981079e-05,25,10,0
15,936,0.9543480031109075,8.1095646579792e-06,0.04556123958853149,8.264773590298545e-05,25,10,0
15,937,0.9366203610918612,8.737911799550625e-06,0.06328807731910797,8.28236772311823e-05,25,10,0
15,938,0.9511291788394736,8.907216559108433e-07,0.04885949907695644,1.0431361913840348e-05,25,10,0
15,939,0.9170231278575582,1.0413146591502349e-06,0.08067607489318629,0.0022997559345966237,25,10,0
15,940,0.9170510564543634,1.0414329184962826e-06,0.08064808185482406,0.002299820257894569,25,10,0
15,941,0.916513244099132,1.041800135897662e-06,0.08118578120314009,0.002299932897592421,25,10,0
15,942,0.9306904987960687,9.006542300749589e-07,0.06157366506666323,0.007734935483037927,25,10,0
15,943,0.9148538973248662,9.008973992654591e-07,0.077410221944769,0.007734979832965464,25,10,0
15,944,0.9134659850583128,1.93468843174079e-06,0.07878740132975687,0.007744678923498461,25,10,0
15,945,0.9074081800091913,2.269089270524739e-06,0.09256893558197282,2.061531956610733e-05,25,10,0
15,946,0.9069856717559002,2.281014958673087e-06,0.09299004278525232,2.200444388966759e-05,25,10,0
15,947,0.9067701390051259,2.6968566985459413e-06,0.09320410715858624,2.3056979590173197e-05,25,10,0
15,948,0.9058178642586455,2.697297300839924e-06,0.09415637752008076,2.306092397376743e-05,25,10,0
15,949,0.9065359410556612,2.692207085118184e-06,0.09344097969747152,2.0387039782991795e-05,25,10,0
15,950,0.8989709632841874,2.6922137951092893e-06,0.10100595633594217,2.0388166076057947e-05,25,10,0
15,951,0.8988061253573261,2.69417105978202e-06,0.10117079364199824,2.038682961664974e-05,25,10,0
15,952,0.8988107089198342,2.6894285254278173e-06,0.1011662613697915,2.0340281849828468e-05,25,10,0
15,953,0.8985393962525196,2.702103681262357e-06,0.10143755765210959,2.0343991690124226e-05,25,10,0
15,954,0.9028635002968006,2.9018168979295302e-06,0.09711017640150085,2.342148480118316e-05,25,10,0
15,955,0.9028497317891153,3.167636662405749e-06,0.09712370563519652,2.3394939026688387e-05,25,10,0
15,956,0.9122254980752189,1.6509329411288307e-05,0.08773461024093121,2.3382354438861152e-05,25,10,0
15,957,0.9126064347458496,1.6509183548267203e-05,0.08735367572002048,2.3380350582054804e-05,25,10,0
15,958,0.9150206096152611,1.6508513844865314e-05,0.08494207165937542,2.081021151904826e-05,25,10,0
15,959,0.9139345742264523,1.6508391860879508e-05,0.08602810713871362,2.0810242973652102e-05,25,10,0
15,960,0.9026594132688759,1.650804784851859e-05,0.09730337985914601,2.0698824130139485e-05,25,10,0
15,961,0.8931794724256179,3.165985022151049e-06,0.10679054141777218,2.68201715881464e-05,25,10,0
15,962,0.894378726672647,3.1649130854172026e-06,0.10559118911006965,2.6919304198272506e-05,25,10,0
15,963,0.9057703404936147,3.164887027446893e-06,0.09419957682716858,2.6917792189788265e-05,25,10,0
15,964,0.8889828028784135,3.5403509022201464e-06,0.11098794837443755,2.570839624707842e-05,25,10,0
15,965,0.8888441368123939,3.5418367550077886e-06,0.11112656178403803,2.5759566813236553e-05,25,10,0
15,966,0.8886240742983835,3.812439276884185e-06,0.11134633742667063,2.577583566918922e-05,25,10,0
15,967,0.8945706789299276,3.5966599621234657e-06,0.10540101431431452,2.4710095795914904e-05,25,10,0
15,968,0.8944896600939299,2.9681840516324597e-06,0.10548278550053478,2.4586221484025695e-05,25,10,0
15,969,0.8852367803459805,2.9759415621480393e-06,0.11473456965724357,2.5674055213894785e-05,25,10,0
15,970,0.8878839033512145,3.1114600165909342e-06,0.1120895512765368,2.3433912232179668e-05,25,10,0
15,971,0.8837556798414572,2.0766380483890855e-06,0.1162285363966915,1.3707123803124776e-05,25,10,0
15,972,0.8840403331926907,2.076445878770693e-06,0.11594399041555961,1.3599945871047901e-05,25,10,0
15,973,0.883602659745736,2.063884828197715e-06,0.11638166839059316,1.3607978842696998e-05,25,10,0
15,974,0.8831583795943194,2.0638447987183616e-06,0.11682595241530816,1.3604145573895878e-05,25,10,0
15,975,0.8995753682859197,2.0636261673611013e-06,0.10041512683324924,7.4412546639405655e-06,25,10,0
15,976,0.8842610634297958,2.4245329772132053e-06,0.11572629981271015,1.0212224517133581e-05,25,10,0
15,977,0.8997013034116412,1.7825350627253732e-06,0.10029086979556048,6.0442577357568735e-06,25,10,0
15,978,0.9154935675599747,1.1312035576789045e-06,0.08448474593619978,2.0555300268281212e-05,25,10,0
15,979,0.9096693701709506,1.1311995751209041e-06,0.09030900752336737,2.0491106107044416e-05,25,10,0
15,980,0.9151999622113596,1.1452791289532447e-06,0.08477470139613072,2.419111338093296e-05,25,10,0
15,981,0.9152158417196694,1.1453027063403592e-06,0.08475872424910996,2.4288728514482466e-05,25,10,0
15,982,0.9215376054087208,1.1420510281651581e-06,0.07843691343971737,2.433910053380636e-05,25,10,0
15,983,0.9159718394278028,1.4632493759656874e-05,0.08400374855207433,9.779526363194193e-06,25,10,0
15,984,0.9391723761365536,1.4306580346777462e-05,0.06054302480235445,0.0002702924807453195,25,10,0
15,985,0.9318064008666981,1.4316267660364518e-05,0.06790894383948431,0.00027033902615722664,25,10,0
15,986,0.9061972311364787,1.4302813756484204e-05,0.09352188152128602,0.0002665845284785694,25,10,0
15,987,0.9068219712090553,1.4302816189326406e-05,0.0928971418691558,0.0002665841055992409,25,10,0
15,988,0.907839313986631,1.430347365581714e-05,0.09187962812952306,0.00026675441018981583,25,10,0
15,989,0.9069310425735179,1.557309259381027e-05,0.09278662638689326,0.0002667579469947367,25,10,0
15,990,0.9071508981163194,1.5571337062955645e-05,0.09256682378890049,0.00026670675771691045,25,10,0
15,991,0.9080156772675287,1.5600222539364635e-05,0.09169730564677453,0.0002714168631574174,25,10,0
15,992,0.9105665831692592,1.558219451693239e-05,0.0894086090946564,9.225541567650452e-06,25,10,0
15,993,0.8725172517442759,0.0018422223210060782,0.1256312813428993,9.244591818581244e-06,25,10,0
15,994,0.8779857696014796,0.0018422183631263528,0.12016275542694713,9.25660844696644e-06,25,10,0
15,995,0.9161706144311842,0.0018409483021315123,0.08197366847986386,1.4768786820317703e-05,25,10,0
15,996,0.9114636151964374,0.001827859279366001,0.08669284750970492,1.5678014491859804e-05,25,10,0
15,997,0.9119235959132657,0.0018278594563194822,0.08623286568211956,1.5678948295494062e-05,25,10,0
15,998,0.9159452160654312,0.001834433474558885,0.08220245419822164,1.7896261788288448e-05,25,10,0
15,999,0.9159487723395694,0.0018344334614363935,0.08219889972892526,1.789447006916088e-05,25,10,0
15,1000,0.9347376644589979,8.366200625040279e-06,0.06523480087730565,1.9168463071385155e-05,25,10,0
15,1001,0.9347488241648899,8.378605387875579e-06,0.06522324099216087,1.9556237561469642e-05,25,10,0
15,1002,0.9341412473138032,8.379902988536362e-06,0.06582554973826386,2.4823044944555553e-05,25,10,0
15,1003,0.9028498738009618,8.371059685916552e-06,0.09711675318935013,2.5001950002565475e-05,25,10,0
15,1004,0.9026430729307008,8.37035152313102e-06,0.09732372733933174,2.482937844481765e-05,25,10,0
15,1005,0.9026009362865546,8.369725515284478e-06,0.09736054257091217,3.0151417018387514e-05,25,10,0
15,1006,0.9000273635640681,8.564768871425438e-06,0.09993297978775191,3.10918793087903e-05,25,10,0
15,1007,0.9074118873910249,1.58953756265212e-06,0.0925571850272404,2.9338044172648923e-05,25,10,0
15,1008,0.9101231268618367,1.7736582755215118e-06,0.08984477341583058,3.032606405778471e-05,25,10,0
15,1009,0.9059439268855246,1.9858060732967817e-06,0.09402847490575697,2.5612402645797832e-05,25,10,0
15,1010,0.9150932443480457,1.978051114862056e-06,0.08488024109482702,2.453650601290619e-05,25,10,0
15,1011,0.901636719913482,2.1558709159554163e-06,0.09833564955767293,2.5474657928953506e-05,25,10,0
15,1012,0.9022092578134323,2.157962577883856e-06,0.09776310277808344,2.5481445906587254e-05,25,10,0
15,1013,0.9210255888384951,1.5855040496314456e-06,0.07894711248384245,2.5713173613515863e-05,25,10,0
15,1014,0.923758013845955,1.5854021491019027e-06,0.07621561232942399,2.4788422472548807e-05,25,10,0
15,1015,0.9128460808842225,1.3782556429029581e-06,0.08710588991983627,4.6650940299376735e-05,25,10,0
15,1016,0.9114792587130842,1.3781625609578515e-06,0.08847274243168561,4.6620692669860594e-05,25,10,0
15,1017,0.9083796190329225,1.564894537004354e-06,0.09157126485098406,4.75512215570252e-05,25,10,0
15,1018,0.8949628732088672,8.71167268997055e-06,0.10494620713448873,8.220798395454586e-05,25,10,0
15,1019,0.887422894580644,8.516653374301226e-06,0.1124872953136497,8.129345233266435e-05,25,10,0
15,1020,0.8871513760772115,8.516667738617464e-06,0.11275881035488552,8.129690016522273e-05,25,10,0
15,1021,0.8861162287117587,9.177485510871746e-06,0.11379305304075102,8.154076198024539e-05,25,10,0
15,1022,0.8997015136539963,2.0287381008130024e-06,0.1002495747001245,4.6882907779132256e-05,25,10,0
15,1023,0.8987322167811037,2.043048108652939e-06,0.1012240525745402,4.168759624804587e-05,25,10,0
15,1024,0.8880778358529444,1.8203892327721606e-06,0.11187868144658038,4.1662311243227414e-05,25,10,0
15,1025,0.8901288168304389,1.8047880303223041e-06,0.10982778755218338,4.159082934822491e-05,25,10,0
15,1026,0.890068964173165,1.8052237868189364e-06,0.10988763571451972,4.159488852921974e-05,25,10,0
15,1027,0.8694327789535957,1.1615297062286163e-06,0.13052466518151903,4.13943351800835e-05,25,10,0
15,1028,0.8668988549459153,1.1619229845928824e-06,0.13306359488589106,3.638824520988616e-05,25,10,0
15,1029,0.861459665384015,4.8135029191963685e-05,0.13823182731696304,0.0002603722698309555,25,10,0
15,1030,0.8777921532877077,4.8116028420245396e-05,0.12189931440315634,0.0002604162807167781,25,10,0
15,1031,0.877766499025924,4.81160435011438e-05,0.1219248390829593,0.0002605458476165538,25,10,0
15,1032,0.8908986290258603,4.794781578950008e-05,0.10879374498568181,0.00025967817266937354,25,10,0
15,1033,0.891136857084786,4.794782236465775e-05,0.10855551728285828,0.0002596778099916753,25,10,0
15,1034,0.8862869719291976,5.687754125023433e-05,0.11339586697999346,0.00026028354955927416,25,10,0
15,1035,0.887362569507665,5.654231285294309e-05,0.11232144235053636,0.0002594458289463843,25,10,0
15,1036,0.8778529540493492,5.6556750570248855e-05,0.12182717829540905,0.0002633109046718458,25,10,0
15,1037,0.8944403164907109,5.659593005757461e-05,0.10523886440445106,0.00026422317478101004,25,10,0
15,1038,0.9060059249180606,5.64008878283063e-05,0.09369631018809678,0.0002413640060147304,25,10,0
15,1039,0.9037442623049536,5.643773216031313e-05,0.09595783752894718,0.0002414624339394761,25,10,0
15,1040,0.9067863889446156,5.638414906211657e-05,0.09291916915542027,0.00023805775090251488,25,10,0
15,1041,0.9062916960300555,5.638475809494599e-05,0.09341386692404093,0.0002380522878091745,25,10,0
15,1042,0.9065433393400177,5.638741365914666e-05,0.09316218408685244,0.0002380891594711608,25,10,0
15,1043,0.8733360503042656,5.635144863945389e-05,0.12599432580114514,0.0006132724459501207,25,10,0
15,1044,0.8732020752810254,5.7295225142942775e-05,0.1259999281092843,0.0007407013845476218,25,10,0
15,1045,0.8733148839953508,5.729522474084293e-05,0.12588711957695659,0.0007407012029522894,25,10,0
15,1046,0.8735584950654753,5.729588966406442e-05,0.1256435009147061,0.0007407081301550973,25,10,0
15,1047,0.8732832575050317,5.729588141968276e-05,0.12591873853916843,0.0007407080743806997,25,10,0
15,1048,0.8795958112361205,7.542403913945807e-05,0.11958808860478147,0.0007406761199584792,25,10,0
15,1049,0.877409191009511,7.546994185837816e-05,0.12177465359271478,0.0007406854559157942,25,10,0
15,1050,0.8669799079994377,8.279781116756634e-05,0.13219682876167474,0.0007404654277199388,25,10,0
15,1051,0.8682203088323323,8.338081195837481e-05,0.13095294985172193,0.0007433605039875847,25,10,0
15,1052,0.8682783782297407,8.336730953495099e-05,0.1308949027962104,0.0007433516645141052,25,10,0
15,1053,0.8450167553775789,8.337576245908336e-05,0.1493378462961813,0.005562022563780785,25,10,0
15,1054,0.8125037224039344,8.345049884265781e-05,0.15388601414476263,0.03352681295246045,25,10,0
15,1055,0.8174471069014103,8.346050725126918e-05,0.14886698317015637,0.033602449421182484,25,10,0
15,1056,0.8101293998167192,8.341724924836303e-05,0.15696952247384469,0.03281766046018823,25,10,0
15,1057,0.8101655836376475,8.341726810250864e-05,0.15693338513519892,0.032817613959051625,25,10,0
15,1058,0.8099874742177545,8.341800198948518e-05,0.15711132217154733,0.032817785608709,25,10,0
15,1059,0.8099122814723081,8.341772727866777e-05,0.1571865984603158,0.03281770234009748,25,10,0
15,1060,0.8097041403238099,8.341799042074671e-05,0.15739471874151373,0.03281772294425585,25,10,0
15,1061,0.7921540486121217,8.40557402983648e-05,0.1749496350171674,0.03281226063041271,25,10,0
15,1062,0.7888892526917975,8.401386335803296e-05,0.17821446294208124,0.032812270502763294,25,10,0
15,1063,0.789615919175044,8.401251459341308e-05,0.17748797227227595,0.032812096038086755,25,10,0
15,1064,0.7920653095225247,8.40237176698593e-05,0.17497844925650138,0.03287221750330395,25,10,0
15,1065,0.795131918520357,8.338758588774665e-05,0.17190944484932552,0.032875249044429816,25,10,0
15,1066,0.7953277991641532,8.338243886978477e-05,0.17171351684007213,0.032875301556905136,25,10,0
15,1067,0.8188222301767538,8.336403408985957e-05,0.15303779842421203,0.02805660736494441,25,10,0
15,1068,0.8244642512827118,3.6571834471963716e-05,0.14760803076868823,0.02789114611412836,25,10,0
15,1069,0.8187298575386628,3.6564369654288215e-05,0.15333731527944405,0.027896262812239576,25,10,0
15,1070,0.8125538863120483,3.560479325253409e-05,0.15964131897338057,0.02776918992131932,25,10,0
15,1071,0.8130241622670866,3.5590959122300044e-05,0.1591714500470394,0.027768796726752285,25,10,0
15,1072,0.8135784277547085,3.541004486817394e-05,0.15867589069500793,0.02771027150541596,25,10,0
15,1073,0.8192179251074279,3.541564983870351e-05,0.1531019848819451,0.02764467436078887,25,10,0
15,1074,0.8180103259800044,3.652721687073319e-05,0.15430828347447714,0.02764486332864794,25,10,0
15,1075,0.8159684262645732,3.652721218998166e-05,0.15633982598799523,0.02765522053524197,25,10,0
15,1076,0.8154558109833105,3.5793885344681656e-05,0.1568473729617725,0.02766102216957246,25,10,0
15,1077,0.7848373071179867,3.5838589584510606e-05,0.18747005613821213,0.02765679815421702,25,10,0
15,1078,0.7857451693986147,3.583855645794776e-05,0.18663643362575197,0.02758255841917583,25,10,0
15,1079,0.7910010194186267,3.583498904537004e-05,0.18138054342495816,0.027582602167370365,25,10,0
15,1080,0.7905303569822386,3.583556541120784e-05,0.18185109355796897,0.027582713894381616,25,10,0
15,1081,0.7911507451775439,3.5833062040725815e-05,0.1812307542106941,0.027582667549721718,25,10,0
15,1082,0.816222922294225,3.583591531377389e-05,0.15647607280144796,0.027265168989013416,25,10,0
15,1083,0.8163434714261004,3.5835859000563095e-05,0.15635557234027236,0.027265120374626896,25,10,0
15,1084,0.8148408209781312,3.584564956634075e-05,0.15772305696048683,0.02740027641181564,25,10,0
15,1085,0.8149131667747143,3.584546543086042e-05,0.15765071364101016,0.027400274118844728,25,10,0
15,1086,0.8077880686062956,3.599477288631946e-05,0.16473779547499348,0.02743814114582505,25,10,0
15,1087,0.8083660184787866,3.488416021004491e-05,0.16416057367708783,0.027438523683915802,25,10,0
15,1088,0.8091632100532462,2.5771252518355938e-05,0.16337411586005268,0.02743690283418368,25,10,0
15,1089,0.8035392451500195,2.5775407159631046e-05,0.1689980629110936,0.027436916531728164,25,10,0
15,1090,0.7989731158664958,1.7803917016222457e-05,0.17357150706548105,0.02743757315100664,25,10,0
15,1091,0.7988939007580496,1.792011411326079e-05,0.17365008893485673,0.027438090192980137,25,10,0
15,1092,0.7988870068210311,1.792021062908359e-05,0.1736569582889101,0.027438114679429484,25,10,0
15,1093,0.8037834417935019,1.7890169660838773e-05,0.1666611322991101,0.029537535737727535,25,10,0
15,1094,0.8354238895843902,1.7860144261063166e-05,0.13502680133434825,0.0295314489370003,25,10,0
15,1095,0.8116346016881532,1.786058682969064e-05,0.1588138734369954,0.029533664288021542,25,10,0
15,1096,0.8125277395887284,1.782452735733497e-05,0.15793030437092256,0.029524131512991512,25,10,0
15,1097,0.8363922395467063,1.7830467836716528e-05,0.16328851618459517,0.0003014138008630135,25,10,0
15,1098,0.8431853627480996,1.0502638236047788e-05,0.15650390828780694,0.00030022632585761694,25,10,0
15,1099,0.8668147401883293,1.050219356087572e-05,0.1328767492003878,0.00029800841772172743,25,10,0
15,1100,0.8708862322498451,1.049411389067177e-05,0.12880528104806244,0.0002979925882014654,25,10,0
15,1101,0.834169533440896,1.0493824291285118e-05,0.16552207326797658,0.0002978994668361765,25,10,0
15,1102,0.8345365576113563,1.0517920969404723e-05,0.16515275918827893,0.0003001652793951608,25,10,0
15,1103,0.8360632742560454,1.0524387884131393e-05,0.16362496686857636,0.000301234487493485,25,10,0
15,1104,0.8251926871021112,1.747175990986554e-05,0.17448707976524566,0.00030276137273286494,25,10,0
15,1105,0.824913293925713,1.7475384465167962e-05,0.17476540245238442,0.0003038282374370638,25,10,0
15,1106,0.8526986329102269,1.747406915168871e-05,0.14698046234675496,0.00030343067386563076,25,10,0
15,1107,0.8496848579307533,1.7470568068404173e-05,0.14999524457851615,0.000302426922661363,25,10,0
15,1108,0.8517785423581411,1.7516837044820863e-05,0.1479025675159209,0.0003013732888924182,25,10,0
15,1109,0.8504339661954554,1.8361717810851722e-05,0.14924230600356259,0.0003053660831707847,25,10,0
15,1110,0.8571724887590736,1.1676731341553415e-05,0.142511951802266,0.0003038827073185573,25,10,0
15,1111,0.8612262774463805,1.1414409024385863e-05,0.13845847149503634,0.00030383664955848055,25,10,0
15,1112,0.8550203095335905,1.1418669115741924e-05,0.14466329619773266,0.0003049755995607021,25,10,0
15,1113,0.852779901045187,1.1414859408412586e-05,0.14683926134838798,0.00036942274701638717,25,10,0
15,1114,0.8528705154341116,1.1404684122018592e-05,0.14675005188215356,0.000368027999612556,25,10,0
15,1115,0.8390898595959534,2.8465571560069807e-05,0.16043472765142744,0.0004469471810599575,25,10,0
15,1116,0.8348531701201978,2.864052354773014e-05,0.16466972144159286,0.00044846791466167504,25,10,0
15,1117,0.835069091506569,2.86407304139499e-05,0.1644551477941146,0.00044711996890273734,25,10,0
15,1118,0.8304022603575136,2.8645109761108694e-05,0.16905534118405238,0.0005137533486735481,25,10,0
15,1119,0.8143656384339313,2.863040442140822e-05,0.185088936892375,0.0005167942692729218,25,10,0
15,1120,0.815335258096364,2.8611466979668182e-05,0.1841201884027143,0.0005159420339426639,25,10,0
15,1121,0.7989160641946468,2.8611998297539846e-05,0.2005393754942026,0.0005159483128541529,25,10,0
15,1122,0.7929760701206618,2.8612078069456424e-05,0.20647936905798278,0.0005159487432872177,25,10,0
15,1123,0.7834611005197947,2.8662902298929662e-05,0.21428843283781973,0.0022218037400881744,25,10,0
15,1124,0.7718334603934852,3.747411487722599e-05,0.22604027700303544,0.0020887884886032428,25,10,0
15,1125,0.7546004609049214,3.748746905428612e-05,0.24327310308540137,0.00208894854062524,25,10,0
15,1126,0.7315592703747937,2.8692343472889703e-05,0.26632512301384,0.002086914267895384,25,10,0
15,1127,0.7008830179383587,6.290555496429522e-05,0.29664050089315014,0.002413575613528372,25,10,0
15,1128,0.7064824691512678,7.11398416951253e-05,0.2887954912604661,0.004650899746570783,25,10,0
15,1129,0.7068666823576418,7.113982088417819e-05,0.2884112806470139,0.0046508971744598305,25,10,0
15,1130,0.7083178452763874,7.029400810883847e-05,0.2869649700013981,0.004646890714105409,25,10,0
15,1131,0.7255496645828784,5.323342251222298e-05,0.269829081461069,0.004568020533540956,25,10,0
15,1132,0.7245940525498804,4.3123961231999135e-05,0.2707954304133052,0.004567393075581413,25,10,0
15,1133,0.7244873280533318,4.312402842312135e-05,0.2709007739917722,0.004568773926472072,25,10,0
15,1134,0.7225134405492575,4.322372062873503e-05,0.2728757403284188,0.004567595401694299,25,10,0
15,1135,0.7174480184891575,4.322384766134752e-05,0.2779411397874166,0.004567617875764101,25,10,0
15,1136,0.7190404271411939,4.3222193983619716e-05,0.2763518160911001,0.004564534573722439,25,10,0
15,1137,0.7358812129998961,4.320159546274644e-05,0.2595112122324245,0.004564373172216615,25,10,0
15,1138,0.7260221797450354,4.320150418377365e-05,0.2693133688943612,0.00462124985641987,25,10,0
15,1139,0.7132167041606956,4.3273916980612174e-05,0.2821173491581409,0.004622672764183042,25,10,0
15,1140,0.7140531582889524,9.063891277253696e-06,0.2816259539732291,0.004311823846541618,25,10,0
15,1141,0.7201444588897072,9.059531278977011e-06,0.27553582194543724,0.004310659633577541,25,10,0
15,1142,0.7200440203136496,9.059286721359124e-06,0.2756363679407275,0.004310552458902442,25,10,0
15,1143,0.7200508681194764,9.064800191370886e-06,0.27569392410181676,0.004246142978515801,25,10,0
15,1144,0.684669388478994,1.0445703397797113e-05,0.31071119872231434,0.00460896709529367,25,10,0
15,1145,0.6987334632912596,1.0219112547508127e-05,0.2983548353230736,0.0029014822731189926,25,10,0
15,1146,0.6980452750410913,1.023918049592638e-05,0.29904300632075725,0.002901479457655229,25,10,0
15,1147,0.7319991028967802,1.1019496885482023e-05,0.265100463842857,0.0028894137634776344,25,10,0
15,1148,0.7293970539572073,1.113461417917321e-05,0.2676364580734157,0.0029553533551980853,25,10,0
15,1149,0.7496032010636487,1.1086968851652417e-05,0.24742751045494438,0.0029582015125552237,25,10,0
15,1150,0.746978808173257,1.1060827067059483e-05,0.25005205499788125,0.002958076001793924,25,10,0
15,1151,0.7465738624862222,1.1274716292092542e-05,0.2504557728284202,0.0029590899690647514,25,10,0
15,1152,0.7407095301016764,1.1522687084492736e-05,0.2563186177240915,0.0029603294871468813,25,10,0
15,1153,0.740920355530904,1.1522666568276382e-05,0.25610779748859086,0.002960324313936229,25,10,0
15,1154,0.7455524775642466,1.152225109568592e-05,0.25154228999553646,0.0028937101891206053,25,10,0
15,1155,0.7455351110328479,1.131281339708969e-05,0.25155995660670927,0.002893619547045165,25,10,0
15,1156,0.7610506433610967,1.1332502810097172e-05,0.236047407286555,0.0028906168495381047,25,10,0
15,1157,0.761143095534798,1.1340977342127592e-05,0.2359562807179264,0.0028892827699334113,25,10,0
15,1158,0.779231208992095,1.1340609967187379e-05,0.21787123818096482,0.0028862122169729314,25,10,0
15,1159,0.7795597499456077,1.1227537035971844e-05,0.21754336934136753,0.00288565317598829,25,10,0
15,1160,0.7686560305288185,1.1249594977459817e-05,0.22844405719703748,0.0028886626791660166,25,10,0
15,1161,0.8037974315201802,9.868700497719983e-06,0.19366681277457645,0.0025258870047459585,25,10,0
15,1162,0.814222558094432,9.865000859539332e-06,0.18329947240634706,0.00246810449836119,25,10,0
15,1163,0.846134157110522,1.6306817816984337e-06,0.15363343186154232,0.00023078034615356353,25,10,0
15,1164,0.8461718685884532,1.6237525127005468e-06,0.15359576635377545,0.00023074130525824153,25,10,0
15,1165,0.8586173016118055,1.625012217295276e-06,0.14115023747775438,0.00023083589822255483,25,10,0
15,1166,0.8601348213980021,1.6053563580579855e-06,0.13963291126609298,0.00023066197954663096,25,10,0
15,1167,0.8707847943645294,1.6029702151312293e-06,0.12903835822190132,0.00017524444335391236,25,10,0
15,1168,0.8871754498540908,1.6025203526481448e-06,0.11264760795998477,0.00017533966557124387,25,10,0
15,1169,0.8873444198596365,1.601841138143453e-06,0.1124777194516223,0.00017625884760251028,25,10,0
15,1170,0.8933407726453928,1.3538665090343993e-06,0.10648285445213392,0.0001750190359638353,25,10,0
15,1171,0.8896221091843924,1.481158191024988e-06,0.11013200211414828,0.00024440754326803476,25,10,0
15,1172,0.9043925710775181,1.3038566596100777e-06,0.09536337713215648,0.00024274793366534244,25,10,0
15,1173,0.9071393111735172,1.088505526498995e-05,0.09261788078050341,0.00023192299071403793,25,10,0
15,1174,0.907555664428554,1.0800264447485092e-05,0.09226754084883887,0.0001659944581594092,25,10,0
15,1175,0.9079828869231156,1.0037109986034132e-05,0.09161808213461504,0.000388993832283064,25,10,0
15,1176,0.9081124164752015,1.0035291275094262e-05,0.09148856375527824,0.0003889844782450799,25,10,0
15,1177,0.907915941808437,1.0035285951224213e-05,0.09168503805727067,0.00038898484834087947,25,10,0
15,1178,0.9020981678141085,1.0035375407612528e-05,0.097502790371351,0.0003890064391327148,25,10,0
15,1179,0.9018229341288696,1.0044059548167152e-05,0.09777671872350516,0.00039030308807688465,25,10,0
15,1180,0.9021226499675079,1.0044054695172134e-05,0.09747700373421492,0.000390302243581773,25,10,0
15,1181,0.9015715956212885,1.0040486258841878e-05,0.09802808090937588,0.0003902829830764924,25,10,0
15,1182,0.887500584918334,1.0047115048579295e-05,0.11038934768591173,0.0021000202807057704,25,10,0
15,1183,0.9035603416966664,1.0025138636313687e-05,0.09433261931081528,0.0020970138538820306,25,10,0
15,1184,0.9047629703060326,1.0006622178452681e-05,0.09335664429153297,0.001870378780255978,25,10,0
15,1185,0.8957695223428722,4.25159813637867e-07,0.10240565838849942,0.0018243941088148443,25,10,0
15,1186,0.9099267592141835,4.1848628178978177e-07,0.08995817657858794,0.00011464572094667645,25,10,0
15,1187,0.9100458564658078,4.1845845674054223e-07,0.08983910429251216,0.00011462078322331771,25,10,0
15,1188,0.9136013204816206,2.922681295194892e-07,0.08635311903334639,4.526821690316539e-05,25,10,0
15,1189,0.9078391348759084,5.936005225591647e-07,0.09208740747496982,7.286404859926937e-05,25,10,0
15,1190,0.9072280770047227,6.369965948647431e-07,0.09269769124002405,7.359475865812214e-05,25,10,0
15,1191,0.9055062596659877,6.357955616653835e-07,0.09441952576114698,7.357877730343832e-05,25,10,0
15,1192,0.905488319591722,6.357708319552177e-07,0.09443746423788746,7.358039955829821e-05,25,10,0
15,1193,0.9057581346495306,6.320681380168721e-07,0.09416949483561553,7.173844671564516e-05,25,10,0
15,1194,0.9115182841005648,3.3074103756211363e-07,0.08843588022819043,4.550493020678713e-05,25,10,0
15,1195,0.9115070639440722,3.31137639849471e-07,0.0884470977473751,4.5507170912355317e-05,25,10,0
15,1196,0.9136489542328902,3.310540645565342e-07,0.08630395463564622,4.6760077398577584e-05,25,10,0
15,1197,0.9132152687975732,3.408330951799226e-07,0.0867384454247317,4.5944944599591315e-05,25,10,0
15,1198,0.9132174472293149,3.4083303671214344e-07,0.08673626699357444,4.594494407347519e-05,25,10,0
15,1199,0.9169618021288845,3.409550531550387e-07,0.0829931541836623,4.470273239956528e-05,25,10,0
15,1200,0.9159086528186969,3.4378233594499906e-07,0.0840410927639519,4.9910635014585025e-05,25,10,0
15,1201,0.8994929092529235,3.554527823655046e-07,0.10045359017878018,5.314511551371044e-05,25,10,0
15,1202,0.898914160365655,3.556673255015337e-07,0.10103103073422989,5.4453232789360964e-05,25,10,0
15,1203,0.8991251693648562,3.558026643710022e-07,0.10081994801475432,5.452681772487079e-05,25,10,0
15,1204,0.8988751999476654,3.558063475068339e-07,0.10106991699989887,5.452724608804963e-05,25,10,0
15,1205,0.8684858130937103,0.001919429471242453,0.1295740857910074,2.0671644040466827e-05,25,10,0
15,1206,0.868085363824552,0.001919386745206161,0.12997521783456553,2.0031595676952888e-05,25,10,0
15,1207,0.8688957721965991,0.001919373501319232,0.12916532690443863,1.952739764365904e-05,25,10,0
15,1208,0.8853124928679215,0.00191936264994791,0.11275141919883534,1.6725283295195692e-05,25,10,0
15,1209,0.8825244918290548,0.001919311125401133,0.11553944615641548,1.6750889128846822e-05,25,10,0
15,1210,0.879245591000738,0.0019193124424533997,0.11881780474660059,1.7291810208326147e-05,25,10,0
15,1211,0.8943418169271149,0.0019193658072514724,0.1037145554023208,2.4261863313069297e-05,25,10,0
15,1212,0.8786366219708407,0.0019193632520718065,0.11942496069787321,1.905407921442037e-05,25,10,0
15,1213,0.8786566800244243,0.0019193431349812237,0.11940490338490997,1.907345568448535e-05,25,10,0
15,1214,0.8792367393358574,0.00191934243677244,0.11882492701635906,1.8991211011099593e-05,25,10,0
15,1215,0.8782949008238351,0.0019193427034980672,0.11976686789403386,1.88885786331569e-05,25,10,0
15,1216,0.8785787499740186,0.0019193432076292719,0.11948301533164622,1.889148670567602e-05,25,10,0
15,1217,0.8714949445810689,0.0019193587987512129,0.12656458083995742,2.111578022302414e-05,25,10,0
15,1218,0.8724739408941864,0.0019193584436753217,0.12558558659557745,2.1114066561447822e-05,25,10,0
15,1219,0.8762757443139697,1.3674097479971047e-07,0.12369587637000574,2.8242575050437493e-05,25,10,0
15,1220,0.8644579590594589,8.654318903276361e-08,0.1355207343726236,2.1220024729711965e-05,25,10,0
15,1221,0.8647351730313217,8.604705682726617e-08,0.1352435251308523,2.1215790770486397e-05,25,10,0
15,1222,0.8647263882579078,8.611254375048789e-08,0.1352536701885363,1.9855441013189233e-05,25,10,0
15,1223,0.8604612930481618,7.32970615632884e-06,0.13947666703063186,5.471021505060422e-05,25,10,0
15,1224,0.8670383006719262,8.27437419953412e-06,0.13289412537448755,5.9299579387174254e-05,25,10,0
15,1225,0.8530875276866834,5.0273208421310224e-05,0.1468027243118288,5.947479306707283e-05,25,10,0
15,1226,0.8528845664779553,5.027314435343811e-05,0.14700566611537533,5.949426231669651e-05,25,10,0
15,1227,0.8523085242362154,5.0297303744375676e-05,0.1475818513543988,5.9327105642064706e-05,25,10,0
15,1228,0.8519187274860646,5.029736417116509e-05,0.14797163086952908,5.934428023569692e-05,25,10,0
15,1229,0.8480074945202621,5.029939699040143e-05,0.15188260684654314,5.95992362048181e-05,25,10,0
15,1230,0.8405614957191451,5.031138983340796e-05,0.15932861063030898,5.958226071337115e-05,25,10,0
15,1231,0.8544090130296894,8.312570813373222e-06,0.14552327595226733,5.9398447230361065e-05,25,10,0
15,1232,0.8424881381228145,8.313048376484422e-06,0.15744414818316896,5.940064564072113e-05,25,10,0
15,1233,0.8366804621772512,8.31734622137454e-06,0.16325181912951434,5.940134701392378e-05,25,10,0
15,1234,0.8543023842990525,8.327691504426074e-06,0.14564264707729543,4.6640932148447786e-05,25,10,0
15,1235,0.85845044047436,1.0840969363470445e-06,0.1415366909399025,1.1784488801857988e-05,25,10,0
15,1236,0.8524568630641645,1.0504911546300898e-05,0.14752027659129244,1.235543299740829e-05,25,10,0
15,1237,0.8320396986330059,1.06415043405091e-05,0.16790148937233218,4.817049032128166e-05,25,10,0
15,1238,0.8348419694025003,1.064021589980194e-05,0.16509926227357843,4.812810802138319e-05,25,10,0
15,1239,0.834125298548611,1.0660673340257327e-05,0.16581052485484438,5.3515923204396684e-05,25,10,0
15,1240,0.8345232565358326,1.0656674905710218e-05,0.16541397508691852,5.211170234305415e-05,25,10,0
15,1241,0.8361279693850442,1.06559764753005e-05,0.1638093563627863,5.201827569392404e-05,25,10,0
15,1242,0.8388245195457688,1.1056079540059112e-05,0.16111289592129638,5.1528453394387374e-05,25,10,0
15,1243,0.838623610804992,1.1055156597441172e-05,0.16131381651844184,5.151751996835022e-05,25,10,0
15,1244,0.8386364073205549,1.1054983746511168e-05,0.1613010190643039,5.151863139432258e-05,25,10,0
15,1245,0.8265213659684686,7.398110861335115e-05,0.17339011031715468,1.4542605763379793e-05,25,10,0
15,1246,0.8261703833591693,7.398181110546809e-05,0.17374109209916408,1.4542730561010113e-05,25,10,0
15,1247,0.8380441957761581,7.396627463862073e-05,0.1618695215968752,1.2316352327935199e-05,25,10,0
15,1248,0.8316236128304311,7.396657761667774e-05,0.1682900251652953,1.2395426657060226e-05,25,10,0
15,1249,0.8278712923100022,8.31760631548225e-05,0.1719894794568961,5.605216994702852e-05,25,10,0
15,1250,0.8443901222763701,8.316402900511425e-05,0.15547066344736585,5.605024725858442e-05,25,10,0
15,1251,0.8450333921433942,8.337505072013173e-05,0.15483036944858491,5.2863357300558096e-05,25,10,0
15,1252,0.845392939883538,8.337900567069082e-05,0.15447079331810504,5.2887792686095464e-05,25,10,0
15,1253,0.8453826781589326,8.33790143538479e-05,0.15448105410047805,5.288872623526774e-05,25,10,0
15,1254,0.8474288408599017,8.337331661475472e-05,0.15238614318217014,0.0001016426413131476,25,10,0
15,1255,0.8479793450932843,8.296796095437672e-05,0.15183611533472266,0.00010157161103824024,25,10,0
15,1256,0.8442560989857051,8.273916647020738e-05,0.15556181282086406,9.934902696062259e-05,25,10,0
15,1257,0.8216659943257615,8.273914367499262e-05,0.17815191405520078,9.935247536328516e-05,25,10,0
15,1258,0.8028688623622847,8.273876215076552e-05,0.19675937322800002,0.0002890256475652946,25,10,0
15,1259,0.8028952325312091,8.273923305603947e-05,0.19673296823638636,0.00028905999934950564,25,10,0
15,1260,0.7990885673775361,8.274332309657488e-05,0.20053961707283477,0.0002890722265335543,25,10,0
15,1261,0.7882765153864901,8.332842770457934e-05,0.21119491581464495,0.0004452403711618694,25,10,0
15,1262,0.7974197045500178,7.41187556054579e-05,0.20210351113346917,0.00040266556090930763,25,10,0
15,1263,0.7976850694953128,7.411866942407672e-05,0.201838145107142,0.00040266672812269027,25,10,0
15,1264,0.7949733214216154,7.413870350223525e-05,0.2045497255553469,0.0004028143195372187,25,10,0
15,1265,0.7788879018090378,7.477885760268436e-05,0.22063447997026514,0.00040283936309452753,25,10,0
15,1266,0.7950482065681751,7.413668665343087e-05,0.20447488542843145,0.000402771316741539,25,10,0
15,1267,0.7989455336547091,7.416741769434963e-05,0.2006260239388543,0.0003542749887433423,25,10,0
15,1268,0.7920790444660436,7.417973382014474e-05,0.20749135207518002,0.0003554237249568118,25,10,0
15,1269,0.7935612998960089,7.417813603145848e-05,0.20600919353214145,0.0003553284358184208,25,10,0
15,1270,0.7977126241347072,7.416976401827891e-05,0.2018578975078384,0.00035530859343679285,25,10,0
15,1271,0.8021425945977931,7.41716259487336e-05,0.1974287517259266,0.00035448205033192427,25,10,0
15,1272,0.8131475998958699,7.358634047513457e-05,0.18658049991252257,0.0001983138511330374,25,10,0
15,1273,0.819296577272524,6.41404320266073e-05,0.18044183395375904,0.00019744834169098654,25,10,0
15,1274,0.8225650211942606,6.315962158316573e-05,0.17717844832130478,0.00019337086285190362,25,10,0
15,1275,0.8511605269530135,6.316343664923629e-05,0.14858192000811102,0.0001943896022267468,25,10,0
15,1276,0.8508793009337835,6.316345721685177e-05,0.14886308981203952,0.00019444579696069827,25,10,0
15,1277,0.8399274845186436,6.316463868072824e-05,0.1598107749203842,0.00019857592229199474,25,10,0
15,1278,0.8394280645270805,6.316462493229967e-05,0.16031009882938219,0.00019867201860449137,25,10,0
15,1279,0.8392520590339727,6.316971107533993e-05,0.16048606740216914,0.00019870385278231216,25,10,0
15,1280,0.8456886427422124,6.316941027259767e-05,0.15404955945140844,0.00019862839610704816,25,10,0
15,1281,0.837818902908277,6.330283949786537e-05,0.161881425823673,0.00023636842855175537,25,10,0
15,1282,0.8495311666128154,6.330257034167466e-05,0.15016914477220575,0.00023638604463713144,25,10,0
15,1283,0.8496937125699081,6.330277461095217e-05,0.15000656638563561,0.00023641826984516042,25,10,0
15,1284,0.8501708670522712,6.330278183089152e-05,0.14952950693223638,0.00023632323366140355,25,10,0
15,1285,0.8338738250023873,6.332543751243688e-05,0.16582349087773354,0.00023935868236630317,25,10,0
15,1286,0.819294386037852,6.386301609892705e-05,0.180401009031022,0.00024074191502605053,25,10,0
15,1287,0.8276557385022891,6.393657895541924e-05,0.17201508020373826,0.00026524471501599626,25,10,0
15,1288,0.8207109466529068,6.415556678729467e-05,0.17893049398270106,0.00029440379760416603,25,10,0
15,1289,0.8313816812945402,6.417470152794977e-05,0.16826381930748613,0.0002903246964448995,25,10,0
15,1290,0.8314840881830947,6.417469307180139e-05,0.16816141383111813,0.0002903232927147526,25,10,0
15,1291,0.833352007608733,6.413753742557106e-05,0.16629378993001165,0.0002900649238293302,25,10,0
15,1292,0.831072323975277,6.416809776140124e-05,0.16856860643181146,0.00029490149515004377,25,10,0
15,1293,0.8626971790237757,2.2659658592284803e-06,0.13700047357050865,0.0003000814398560319,25,10,0
15,1294,0.8625052569723641,2.2660656944280964e-06,0.1371911427227961,0.0003013342391450498,25,10,0
15,1295,0.8626598203879011,2.2559535548672003e-06,0.13703659748028527,0.000301326178258428,25,10,0
15,1296,0.8778582094657117,1.7142571269852102e-06,0.1218412373599336,0.00029883891722765825,25,10,0
15,1297,0.8755322070699438,2.0628327939697937e-06,0.12416683371363638,0.0002988963836258784,25,10,0
15,1298,0.8686360492633531,1.9254670355986206e-06,0.13110194106085327,0.0002600842087580359,25,10,0
15,1299,0.8686503779952698,1.9254706156476866e-06,0.13108761163408675,0.00026008490002791477,25,10,0
15,1300,0.8670928031019788,1.9652417475635668e-06,0.13264504741925187,0.0002601842370217774,25,10,0
15,1301,0.8670839452440758,1.965160702603027e-06,0.13265393742155968,0.00026015217366229303,25,10,0
15,1302,0.8532307014003768,1.965294455952631e-06,0.14650536785426035,0.00026196545090751577,25,10,0
15,1303,0.8525128484487907,2.188018899399687e-06,0.14722089207096078,0.0002640714613497867,25,10,0
15,1304,0.8517281060705613,2.710420442875034e-06,0.14800384985847365,0.00026533365052328116,25,10,0
15,1305,0.8522811519899727,2.710096007269185e-06,0.14745072749887625,0.000265410415144493,25,10,0
15,1306,0.8564754458725389,2.825779078431642e-06,0.1432808999702356,0.00024082837814772044,25,10,0
15,1307,0.8518385995480542,2.9841195013571886e-06,0.14787502855106704,0.000283387781378279,25,10,0
15,1308,0.8570447914142794,2.8258805428985947e-06,0.14271154894786103,0.00024083375731740947,25,10,0
15,1309,0.8520489907260503,1.2525062525226861e-05,0.14765016728956243,0.0002883169218628359,25,10,0
15,1310,0.8657774828066122,1.2524923558772918e-05,0.13392348988381028,0.00028650238601920575,25,10,0
15,1311,0.8657453493520718,1.252482602260783e-05,0.13395562820338872,0.0002864976185172406,25,10,0
15,1312,0.8509346742783517,1.2556529623620454e-05,0.12068365185052678,0.028369117341498287,25,10,0
15,1313,0.8498745749816566,1.257471549534065e-05,0.1217437342041727,0.028369116098675606,25,10,0
15,1314,0.8514635705624588,1.2536512124589846e-05,0.12015496286433726,0.028368930061079798,25,10,0
15,1315,0.8479029288372203,1.255172673170833e-05,0.12371389665567538,0.028370622780373212,25,10,0
15,1316,0.8479313143410326,1.2551698669783005e-05,0.12368551473603842,0.02837061922425989,25,10,0
15,1317,0.8468453091298916,1.2570837986889711e-05,0.12476630782655947,0.028375812205562595,25,10,0
15,1318,0.8468137142320592,1.2570843583801143e-05,0.12479790100827487,0.028375813916082696,25,10,0
15,1319,0.8523881514812867,2.3496205925786926e-06,0.11928239334959848,0.028327105548522732,25,10,0
15,1320,0.8525031673644448,2.349656059492916e-06,0.11916736787198166,0.02832711510751461,25,10,0
15,1321,0.8751536427761549,2.350042192742158e-06,0.09651688758397273,0.028327119597680042,25,10,0
15,1322,0.8756626054507521,2.127168669042773e-06,0.09600901435825601,0.02832625302232325,25,10,0
15,1323,0.8841090348501177,2.1433585111993806e-06,0.08729328682754767,0.028595534963823756,25,10,0
15,1324,0.8862775657513725,2.1123070382025095e-06,0.08512956126686685,0.02859076067472298,25,10,0
15,1325,0.8877402651998009,2.6771677568030773e-06,0.08366260935121593,0.02859444828122693,25,10,0
15,1326,0.8788430759697695,2.64151991061423e-06,0.09255889850068286,0.02859538400963756,25,10,0
15,1327,0.8882645589396206,2.6473475817821085e-06,0.08313375400697164,0.028599039705826366,25,10,0
15,1328,0.8528048473797426,2.6471100640703267e-06,0.11859450163935638,0.028598003870838204,25,10,0
15,1329,0.8716909437077947,2.6474367503848333e-06,0.09989806975092645,0.028408339104529886,25,10,0
15,1330,0.8716767261012306,2.6434077666068826e-06,0.09991231468447345,0.028408315806530596,25,10,0
15,1331,0.8762764854183845,2.6405884509840994e-06,0.095312558446815,0.028408315546350923,25,10,0
15,1332,0.8651262634038858,2.6408959532565993e-06,0.1064587638339975,0.02841233186616523,25,10,0
15,1333,0.8648863167696972,2.64049999555906e-06,0.10669871881711607,0.028412323913193073,25,10,0
15,1334,0.8687236617348784,2.6249793350616305e-06,0.10286435454504046,0.02840935874074769,25,10,0
15,1335,0.8681232546076181,2.625001147804845e-06,0.10346457239202182,0.028409547999213754,25,10,0
15,1336,0.8425057577743277,2.3571573370138217e-06,0.1290823948367617,0.02840949023157465,25,10,0
15,1337,0.8427585043030089,2.3571160350404396e-06,0.12883012368031035,0.028409014900646602,25,10,0
15,1338,0.8429083497858566,2.357107019475404e-06,0.12868030286588156,0.028408990241243274,25,10,0
15,1339,0.84269154492381,2.3572169649684032e-06,0.12889708553098067,0.028409012328245026,25,10,0
15,1340,0.8807082572087481,2.296601814689402e-06,0.09088041419248472,0.028409031996953424,25,10,0
15,1341,0.8718540674140676,2.304158052796555e-06,0.09973082881081523,0.028412799617064742,25,10,0
15,1342,0.8556979858944719,2.3764955318844007e-06,0.11355661788251656,0.030743019727480107,25,10,0
15,1343,0.8559159111916819,2.375762104145304e-06,0.1133387035092639,0.030743009536950475,25,10,0
15,1344,0.8348455138806831,0.0016842450336315331,0.1327322930206281,0.030737948065057825,25,10,0
15,1345,0.8188300699938396,0.0016839355652075658,0.14875157129786795,0.030734423143085797,25,10,0
15,1346,0.8217536708364599,0.0016838692904521024,0.14805985848369796,0.028502601389390897,25,10,0
15,1347,0.8219643819071888,0.001682748960925721,0.14785547767986726,0.028497391452019093,25,10,0
15,1348,0.8219503064768898,0.001682752394532667,0.1478695322429024,0.028497408885675913,25,10,0
15,1349,0.8420829767653327,0.0016827596286034527,0.12773521951434283,0.028499044091721326,25,10,0
15,1350,0.833167670244195,0.001688646865206391,0.13658961086249163,0.02855407202810678,25,10,0
15,1351,0.8155026040013981,0.0016886473343770384,0.15425462383192318,0.028554124832302,25,10,0
15,1352,0.811067528801899,0.0016904128212227665,0.15860655852768746,0.028635499849191105,25,10,0
15,1353,0.8127120604102243,0.0016903921902632984,0.15696206717923883,0.028635480220274002,25,10,0
15,1354,0.8046622608781999,0.0016903947342093975,0.1650104124832542,0.02863693190433618,25,10,0
15,1355,0.806614342408523,0.0016903747206981228,0.16332865401264282,0.02836662885813596,25,10,0
15,1356,0.8035096437278776,0.001690877036177611,0.16636410209622202,0.028435377139722506,25,10,0
15,1357,0.7983503425851527,0.0016908836115133235,0.17152340851998446,0.028435365283349955,25,10,0
15,1358,0.797387979731903,0.0016908835859246077,0.17248577667112902,0.028435360011043763,25,10,0
15,1359,0.7966699494472068,0.0016908835885537823,0.17320390354103954,0.028435263423200338,25,10,0
15,1360,0.7991196280230801,0.0016908769990355483,0.17075329639877768,0.028436198579107206,25,10,0
15,1361,0.8020669436277136,0.0016908769013924687,0.16780692702825475,0.028435252442639752,25,10,0
15,1362,0.8017045715599262,0.0016908771251179324,0.16816693106672037,0.02843762024823605,25,10,0
15,1363,0.8122356323202198,0.0016910429703997463,0.15754670867258824,0.028526616036792476,25,10,0
15,1364,0.8172658063191576,0.0016908700342175562,0.1526075426678223,0.028435780978802807,25,10,0
15,1365,0.8130625360499896,0.0016914245933398026,0.15680902162894259,0.02843701772772833,25,10,0
15,1366,0.821857234386323,0.0016855374406091733,0.14807522298209752,0.02838200519097081,25,10,0
15,1367,0.824381648611296,0.0016853276824949092,0.14557905156217565,0.02835397214403375,25,10,0
15,1368,0.8288886325033603,0.0016853183675895808,0.14107322365406033,0.02835282547499038,25,10,0
15,1369,0.8494610402005646,0.0016862604663604572,0.12060186759077024,0.028250831742305308,25,10,0
15,1370,0.8345333856307217,0.001685307600498534,0.13553026417151484,0.028251042597265248,25,10,0
15,1371,0.8178592703871571,3.4201757670348865e-06,0.15388626179339446,0.028251047643682053,25,10,0
15,1372,0.8180400326181091,3.4198249050432015e-06,0.1537055380375782,0.028251009519408773,25,10,0
15,1373,0.8566461349180671,3.418837625836161e-06,0.11509957331503819,0.02825087292926927,25,10,0
15,1374,0.8206359857323404,3.592814995324134e-05,0.15107711854108113,0.02825096757662631,25,10,0
15,1375,0.8207548248783928,3.5927940219847355e-05,0.15095832762512087,0.02825091955626756,25,10,0
15,1376,0.8202349554683289,3.637267120651073e-05,0.15147767896547848,0.028250992894987254,25,10,0
15,1377,0.836520252277301,3.637476078282878e-05,0.13519273707935137,0.028250635882565864,25,10,0
15,1378,0.8307126320491995,3.645417764328981e-05,0.1409580330973326,0.028292880675825572,25,10,0
15,1379,0.848444051926717,3.598635090932795e-05,0.12322725271192816,0.028292709010446334,25,10,0
15,1380,0.8236754703019826,3.725132038996379e-05,0.14799542142030764,0.028291856957320373,25,10,0
15,1381,0.8162517852242135,3.702195348244966e-05,0.15541937532538175,0.028291817496922,25,10,0
15,1382,0.8162035897189108,3.7311307017862945e-05,0.1554658938068998,0.028293205167171365,25,10,0
15,1383,0.8164582831235405,3.730656987986235e-05,0.15521129320843619,0.028293117098143094,25,10,0
15,1384,0.8180335441766716,3.675812021997859e-05,0.15360721326870755,0.028322484434400427,25,10,0
15,1385,0.8184688630725812,3.674084612804993e-05,0.15317199617183028,0.02832239990945999,25,10,0
15,1386,0.8063809974867272,3.704895837868851e-05,0.1652580781458726,0.02832387540902039,25,10,0
15,1387,0.8062499766836777,3.706005371127037e-05,0.16539041090350776,0.028322552359102325,25,10,0
15,1388,0.8062597267194821,3.7060050079870366e-05,0.16538066010885014,0.028322553121587175,25,10,0
15,1389,0.8061334946393166,3.7060051537545716e-05,0.16550689235191604,0.028322552957229095,25,10,0
15,1390,0.781987216278743,3.802290957909956e-05,0.18964769942638793,0.028327061385289377,25,10,0
15,1391,0.7826017941523272,3.799957630381959e-05,0.18903325327885667,0.028326952992511728,25,10,0
15,1392,0.7782298959015591,3.618053009481282e-05,0.18174849662991016,0.039985426938435674,25,10,0
15,1393,0.7785205568458666,3.618053707967417e-05,0.18145783550342431,0.03998542711362932,25,10,0
15,1394,0.8142856739476647,4.250192635776997e-06,0.14572467773391667,0.03998539812578328,25,10,0
15,1395,0.817431429496324,4.25236037912997e-06,0.1426068925915392,0.0399574255517582,25,10,0
15,1396,0.8177311179944899,4.252441904865552e-06,0.1423072032026277,0.03995742636097767,25,10,0
15,1397,0.7916522815399901,3.996800003258272e-06,0.1683788289621058,0.039964892697901065,25,10,0
15,1398,0.7753004863062359,3.997231757185575e-06,0.18473062320086112,0.039964893261145946,25,10,0
15,1399,0.7753317495058225,3.997224198732568e-06,0.18469936007966556,0.03996489319031363,25,10,0
15,1400,0.7740379802229803,1.9592325183426263e-05,0.1859761421414803,0.03996628531035646,25,10,0
15,1401,0.7806232393555252,1.951299615740855e-05,0.17943320863854503,0.03992403900977252,25,10,0
15,1402,0.7921129812051284,1.9232268614888756e-05,0.16794512352607316,0.03992266300018344,25,10,0
15,1403,0.7907538254145189,1.9247033914366985e-05,0.1693040887867707,0.03992283876479594,25,10,0
15,1404,0.7906889416402895,1.9300340182242952e-05,0.1693689152372138,0.039922842782314366,25,10,0
15,1405,0.7878433865503621,1.9304419209816837e-05,0.17221538734837516,0.03992192168205269,25,10,0
15,1406,0.7861227389164708,1.93043778198274e-05,0.17393601361507977,0.03992194309063,25,10,0
15,1407,0.7892357579330335,1.929512412499597e-05,0.17082309729186815,0.03992184965097345,25,10,0
15,1408,0.7758852847335329,1.9261088391876942e-05,0.1841735192204845,0.03992193495759082,25,10,0
15,1409,0.7768856194175534,3.665988839450048e-06,0.18319016961406095,0.03992054497954621,25,10,0
15,1410,0.7948357774872123,3.665718781151607e-06,0.1652386685113804,0.039921888282626,25,10,0
15,1411,0.8027788872764263,3.450198441551738e-06,0.15729580986494235,0.039921852660189806,25,10,0
15,1412,0.7986824576708238,3.479967305192092e-06,0.16087805154517787,0.0404360108166933,25,10,0
15,1413,0.7986501879548616,3.4717348203497745e-06,0.1609127290331283,0.04043361127718974,25,10,0
15,1414,0.8002970467290386,1.1603597877176944e-05,0.15705386426576406,0.042637485407320125,25,10,0
15,1415,0.7880379970297952,1.1618393746516674e-05,0.16930895377891741,0.042641430797540625,25,10,0
15,1416,0.7834955266591181,1.225055752910283e-05,0.17384867021617684,0.04264355256717521,25,10,0
15,1417,0.7898745902888504,1.3244995931339157e-05,0.1674695042195812,0.042642660495637,25,10,0
15,1418,0.7937430384200722,1.3210309246920234e-05,0.16411527251677727,0.0421284787539038,25,10,0
15,1419,0.7783433483265623,1.318468249875985e-05,0.1795090301093289,0.04213443688161,25,10,0
15,1420,0.778701645451353,1.3184507456450309e-05,0.1791507501651346,0.042134419876055824,25,10,0
15,1421,0.7779276204387563,1.3398496498238567e-05,0.17992252927996016,0.04213645178478506,25,10,0
15,1422,0.7669567186657638,1.3364649818408683e-05,0.1885815890099288,0.04444832767448834,25,10,0
15,1423,0.7682443411284001,1.3349928946598406e-05,0.18729414880094863,0.04444816014170382,25,10,0
15,1424,0.7629499456681471,1.389237467611303e-05,0.19258625576823862,0.044449906188937384,25,10,0
15,1425,0.7644932939782274,1.3891777703634288e-05,0.22320573302399438,0.01228708122007368,25,10,0
15,1426,0.7845579896184687,1.3862420899092222e-05,0.20314873839027733,0.012279409570353714,25,10,0
15,1427,0.783515482258388,1.3880555879166964e-05,0.2041911385323722,0.012279498653359953,25,10,0
15,1428,0.7992944123115818,1.3879089062888914e-05,0.188341993185806,0.012349715413548578,25,10,0
15,1429,0.8325222740329136,1.2628349327590275e-05,0.1548365680796527,0.012628529538105584,25,10,0
15,1430,0.8454179681990294,1.2610310884025198e-05,0.14194088793451026,0.01262853355557597,25,10,0
15,1431,0.8687206611755732,1.1647458563928588e-05,0.11864385288218925,0.012623838483673546,25,10,0
15,1432,0.8635453792096235,1.1237737475878167e-05,0.12373141868623946,0.01271196436666134,25,10,0
15,1433,0.8637105738649415,1.1242788175077073e-05,0.12356626776139462,0.012711915585488853,25,10,0
15,1434,0.8653540212162056,1.0242368867708887e-05,0.12192439832582945,0.012711338089097336,25,10,0
15,1435,0.8667474446057646,1.0224021564235136e-05,0.12080979995641272,0.012432531416258467,25,10,0
15,1436,0.8671045247733583,1.0224000740920626e-05,0.12045272226331154,0.012432528962589222,25,10,0
15,1437,0.8678664540425914,1.044477685211402e-05,0.11969066424336117,0.01243243693719525,25,10,0
15,1438,0.8677511566078066,1.0444891085310584e-05,0.11980595230009065,0.012432446201017088,25,10,0
15,1439,0.873098377285125,9.90247694919627e-06,0.11446102045426854,0.012430699783657056,25,10,0
15,1440,0.8586878278920504,1.0450563034316623e-05,0.12887111354504457,0.012430607999870488,25,10,0
15,1441,0.8582809633462388,1.045051282920978e-05,0.12927798635121715,0.01243059978971476,25,10,0
15,1442,0.85828112040373,1.0450510646075682e-05,0.12927782945175412,0.012430599633869716,25,10,0
15,1443,0.8199280868709115,1.0450928522011281e-05,0.16763109414909919,0.012430368051468051,25,10,0
15,1444,0.8239697286524428,1.0281707692516061e-05,0.16367781222698113,0.012342177412884337,25,10,0
15,1445,0.8166718763347854,1.0475565244312087e-05,0.17087561470462492,0.01244203339534587,25,10,0
15,1446,0.8119060697118978,1.0622158675512323e-05,0.17564124151658952,0.012442066612837588,25,10,0
15,1447,0.7999234523440008,1.9063140251234153e-05,0.1876525860567622,0.012404898458987061,25,10,0
15,1448,0.7998036668200593,1.906656500981021e-05,0.18777232904966087,0.012404937565271081,25,10,0
15,1449,0.800255643176932,1.906679109380728e-05,0.18732054157110364,0.012404748460871862,25,10,0
15,1450,0.8096410035451475,1.0934753414754533e-05,0.18015120256636458,0.010196859135073576,25,10,0
15,1451,0.8090628712532189,1.0992650868465548e-05,0.18072743041758066,0.01019870567833236,25,10,0
15,1452,0.8133777061799508,1.1034025604375196e-05,0.184074846100195,0.002536413694250188,25,10,0
15,1453,0.8186892820060402,1.0808897693248577e-05,0.17876458574838874,0.0025353233478776294,25,10,0
15,1454,0.8200510354468997,1.0808992524307583e-05,0.17740280899728308,0.0025353465632928563,25,10,0
15,1455,0.8290472978751798,1.0333452906901116e-05,0.16847218126398442,0.0024701874079293574,25,10,0
15,1456,0.8100407639188493,9.784840430587331e-06,0.1874675755312861,0.0024818757094339718,25,10,0
15,1457,0.8146748163249451,1.014106544036666e-05,0.18283502170133115,0.0024800209082834744,25,10,0
15,1458,0.8160319028226607,1.014112277315448e-05,0.1814779398725285,0.0024800161820375194,25,10,0
15,1459,0.8158750070537961,1.0146036488686803e-05,0.18163346211315423,0.0024813847965609427,25,10,0
15,1460,0.8069724961044655,0.00032078655314112697,0.19022393871311988,0.0024827786292731142,25,10,0
15,1461,0.800410864254996,0.00032078698461310696,0.19663437850253693,0.0026339702578537755,25,10,0
15,1462,0.8000584113297958,0.000320791935334325,0.19698680291827894,0.0026339938165907285,25,10,0
15,1463,0.8120714176657693,0.00032077750781691597,0.1849777528022232,0.002630052024191154,25,10,0
15,1464,0.8119904929506231,0.00032077750679171955,0.18505867625751063,0.0026300532850750845,25,10,0
15,1465,0.8017725211698358,0.00032078227320835924,0.19521317003075567,0.0026935265262010284,25,10,0
15,1466,0.8354216670323131,0.0003207818866603443,0.16157566739346996,0.0026818836875573283,25,10,0
15,1467,0.8114734941815791,9.616366664356238e-06,0.1554376486600712,0.03307924079168484,25,10,0
15,1468,0.7942443102530936,9.598244439248663e-06,0.17266092655812504,0.03308516494434314,25,10,0
15,1469,0.8327572209401963,9.597772695185481e-06,0.13414802054479769,0.03308516074231099,25,10,0
15,1470,0.8313053864959773,9.598119459350268e-06,0.1353005274298969,0.03338448795466668,25,10,0
15,1471,0.8303220409250851,9.609465349177007e-06,0.13624157865368772,0.03342677095587795,25,10,0
15,1472,0.8162640399459089,9.44927326373377e-06,0.1526135572901722,0.03111295349065522,25,10,0
15,1473,0.8163570044117037,9.449548850480073e-06,0.15251918390537755,0.031114362134068416,25,10,0
15,1474,0.8164380968941773,9.452022709077932e-06,0.15243800549919487,0.031114445583918796,25,10,0
15,1475,0.8163623572646038,9.451903724416648e-06,0.15251513108775339,0.031113059743918477,25,10,0
15,1476,0.815909709132808,9.470418049171707e-06,0.15296779246644393,0.031113027982699076,25,10,0
15,1477,0.8088390700799658,9.761235857537328e-06,0.16003246869424786,0.031118699989929888,25,10,0
15,1478,0.816009306716093,9.572532483593811e-06,0.1529622169630261,0.0310189037883978,25,10,0
15,1479,0.8155970571747454,9.58206822805826e-06,0.15337315911433808,0.031020201642688976,25,10,0
15,1480,0.8152691289735998,9.639030998775755e-06,0.15370074837290673,0.03102048362249518,25,10,0
15,1481,0.8143448579950647,9.634332096430394e-06,0.15462504770385763,0.03102045996898179,25,10,0
15,1482,0.8143202162328507,9.634344473438704e-06,0.15464968897254736,0.031020460450129312,25,10,0
15,1483,0.8143596508524437,9.625817506957046e-06,0.15461035261384987,0.031020370716200247,25,10,0
15,1484,0.8143527093787114,9.625932043420072e-06,0.15461729322710788,0.03102037146213813,25,10,0
15,1485,0.8144837339006934,9.62077842374169e-06,0.15448629927843952,0.031020346042444132,25,10,0
15,1486,0.8205842753151806,4.918897552528077e-05,0.14839049478903057,0.030976040920264274,25,10,0
15,1487,0.8209869736732059,4.918961807075983e-05,0.14828711795585225,0.03067671875287167,25,10,0
15,1488,0.7858715724918188,4.919022996225632e-05,0.18337934352994992,0.030699893748268606,25,10,0
15,1489,0.7596694172365358,0.0011746495567327184,0.20845459128760052,0.03070134191912994,25,10,0
15,1490,0.7596684507981598,0.0011746497869238699,0.20845417813681089,0.03070272127810434,25,10,0
15,1491,0.7476821582342437,0.0011746503086171969,0.2204403282392605,0.030702863217877775,25,10,0
15,1492,0.7470813127561234,0.0011750626204408393,0.22103972968035396,0.030703894943080928,25,10,0
15,1493,0.7421625508941442,0.0011750567923337063,0.22595878044720927,0.030703611866312163,25,10,0
15,1494,0.7476252129320684,0.0011750528775525272,0.22049714722866492,0.030702586961713164,25,10,0
15,1495,0.7576711025907567,0.001175045067539166,0.210154019144831,0.030999833196872575,25,10,0
15,1496,0.7577568862963231,0.0011750452715084177,0.21006952073880755,0.030998547693360554,25,10,0
15,1497,0.7593446256332497,0.0011351748874198777,0.2085253003802008,0.03099489909912923,25,10,0
15,1498,0.7594504606502245,0.0011351747180361846,0.20842084446962336,0.030993520162115446,25,10,0
15,1499,0.7576623512158429,0.0011351767409346304,0.21020337652113896,0.030999095522082527,25,10,0
15,1500,0.7689869720174027,0.00112694989537132,0.19886510435134105,0.031020973735883747,25,10,0
15,1501,0.8048165312228452,0.0011269499264560505,0.16305351021417366,0.031003008636525133,25,10,0
15,1502,0.8032403885823755,0.001127186943352142,0.16462401585322628,0.031008408621046174,25,10,0
15,1503,0.8007539035696044,0.0011271947598027166,0.16710810644381519,0.031010795226777677,25,10,0
15,1504,0.8017811320643553,0.0011271943339685167,0.16623202836174694,0.030859645239929137,25,10,0
15,1505,0.8020508840751507,0.001127194240566269,0.16596227674429365,0.030859644939989366,25,10,0
15,1506,0.8275520781690072,0.001127200332003562,0.14046084672942838,0.030859874769560675,25,10,0
15,1507,0.8376618527411493,0.0011271730045459482,0.16062009970474264,0.0005908745495618432,25,10,0
15,1508,0.8376503941835612,0.0011271732585991766,0.16063155624911377,0.0005908763087255287,25,10,0
15,1509,0.8258845346557702,0.001127913280271571,0.17238971684929674,0.0005978352146617113,25,10,0
15,1510,0.8230564601973804,0.0011279002376877402,0.17551867621404038,0.0002969633508913236,25,10,0
15,1511,0.8272427509368004,0.0011278939769091107,0.17133237576260388,0.0002969793236866578,25,10,0
15,1512,0.8282677290273759,0.001127679460585881,0.17036859786106487,0.00023599365097340494,25,10,0
15,1513,0.8317831989928933,0.0011277693382430306,0.16685491071650996,0.0002341209523536119,25,10,0
15,1514,0.8312536371042065,0.0011277903616883126,0.1673843418937201,0.0002342306403851053,25,10,0
15,1515,0.8310259535481646,0.0011277853409268626,0.16761204195175317,0.00023421915915529214,25,10,0
15,1516,0.796629236011797,0.0011289225386289317,0.20200898260313938,0.00023285884643413547,25,10,0
15,1517,0.7938566145939627,0.001129042416228383,0.20474579489152386,0.0002685480982847129,25,10,0
15,1518,0.793291282821724,0.0011290168949368595,0.20531135472879009,0.00026834555454887207,25,10,0
15,1519,0.7936937294434897,0.0011290168218828754,0.20490891905667843,0.00026833467794883694,25,10,0
15,1520,0.7966312360657399,0.0011296431398456772,0.2019738152532273,0.0002653055411869684,25,10,0
15,1521,0.7964048115430014,0.0011296439147146233,0.20219533654119032,0.0002702080010935674,25,10,0
15,1522,0.7874911241562821,0.0011295244515254015,0.21114483416197083,0.00023451723022162942,25,10,0
15,1523,0.7883990161517034,0.001129523163591985,0.21024196357684868,0.00022949710785581825,25,10,0
15,1524,0.7884648136911582,0.0011295183158642284,0.21017623157410964,0.00022943641886793482,25,10,0
15,1525,0.8126442416067653,4.002426650265334e-06,0.18711923483369394,0.00023252113289096157,25,10,0
15,1526,0.7993577176239285,4.704450082804145e-06,0.20040492953786593,0.0002326483881229916,25,10,0
15,1527,0.7941162852513437,5.014069803633979e-06,0.20564474210597405,0.0002339585728779996,25,10,0
15,1528,0.8056304088602232,5.013546915309147e-06,0.19413076113739425,0.00023381645546695793,25,10,0
15,1529,0.8014586476571651,5.024701225584294e-06,0.1981283852402685,0.00040794240134051687,25,10,0
15,1530,0.8092387127779529,1.6783779236226277e-05,0.19034134037194358,0.0004031630708670186,25,10,0
15,1531,0.8193769301910205,1.604425877422321e-05,0.1802004850523677,0.000406540497836898,25,10,0
15,1532,0.7961665868172214,1.6652929818299557e-05,0.20341498299363958,0.00040177725932048146,25,10,0
15,1533,0.7962333263972645,1.6554508137522898e-05,0.20334883639857246,0.00040128269602561224,25,10,0
15,1534,0.8095868408716532,1.59500549490298e-05,0.18999881095567922,0.00039839811771828505,25,10,0
15,1535,0.8038953983081756,1.5950423706016597e-05,0.1956901918412221,0.0003984594268964314,25,10,0
15,1536,0.8045897085941034,1.553795852250147e-05,0.19499734769076923,0.0003974057566049847,25,10,0
15,1537,0.7860572359959184,1.8717295610492377e-05,0.2135250008674358,0.00039904584103476684,25,10,0
15,1538,0.8099454518408277,1.5227949304988881e-05,0.1896432481838969,0.00039607202597035865,25,10,0
15,1539,0.8191664530022554,2.8224971906895656e-06,0.18043572746855063,0.0003949970320031867,25,10,0
15,1540,0.8185698236322873,2.8222674209292634e-06,0.18120347744965706,0.00022387665063458857,25,10,0
15,1541,0.8199775426118643,2.8204025468347233e-06,0.17979576086276733,0.0002238761228213634,25,10,0
15,1542,0.8089453076227457,9.874309355679207e-06,0.19085055270884638,0.00019426535905213026,25,10,0
15,1543,0.8048772437283841,1.0066711931431298e-05,0.1949176925499197,0.00019499700976417154,25,10,0
15,1544,0.8003704933039819,1.028354581064682e-05,0.1994242309538004,0.00019499219640617353,25,10,0
15,1545,0.8009873619501569,1.02738422140899e-05,0.19880737815869234,0.00019498604893595698,25,10,0
15,1546,0.8113450779829458,1.006914698830317e-05,0.1884499015236668,0.00019495134639842628,25,10,0
15,1547,0.8051494599764336,1.031884207498994e-05,0.1946440876650478,0.00019613351644256417,25,10,0
15,1548,0.8047855693992472,1.0512602716513704e-05,0.19495129715020798,0.0002526208478270491,25,10,0
15,1549,0.7721444794862958,1.0536098366914644e-05,0.2275779227007322,0.0002670617146031794,25,10,0
15,1550,0.7718127003412256,1.0537972425463128e-05,0.22790968918580506,0.00026707250054255866,25,10,0
15,1551,0.7718248732653172,1.0527207435213645e-05,0.2278265972055689,0.00033800232167732937,25,10,0
15,1552,0.7681062466345685,1.0524954619819458e-05,0.23154814280099995,0.0003350856098104024,25,10,0
15,1553,0.7675160320565384,1.052474898238841e-05,0.23213838071567527,0.0003350624788032733,25,10,0
15,1554,0.7671226669043726,1.0529717684731985e-05,0.2325303583392702,0.0003364450386717019,25,10,0
15,1555,0.7664875407532644,1.055593882679146e-05,0.23315929798128138,0.0003426053266266893,25,10,0
15,1556,0.7660617364862529,1.0821325952882119e-05,0.23358353666821002,0.0003439055195835057,25,10,0
15,1557,0.7659212235921804,1.0820332858424249e-05,0.2337292621414992,0.00033869393346149586,25,10,0
15,1558,0.7654281931716834,1.0820416053671702e-05,0.2342222913921058,0.0003386950201564721,25,10,0
15,1559,0.7659449321002443,1.082031986857997e-05,0.23370555355227499,0.00033869402761166144,25,10,0
15,1560,0.7581589151981687,1.0823397596030733e-05,0.241490502549971,0.000339758854263433,25,10,0
15,1561,0.7627140333504157,1.063078914350957e-05,0.23693629225097748,0.0003390436094623957,25,10,0
15,1562,0.7640130092482202,1.0605644671149728e-05,0.23564340257398325,0.00033298253312445756,25,10,0
15,1563,0.7592551429822397,9.904457506890669e-06,0.2403961799186121,0.00033877264164122294,25,10,0
15,1564,0.7646683542700609,9.655246613429847e-06,0.2349843148125542,0.00033767567077109677,25,10,0
15,1565,0.7645010143198016,9.67077197407827e-06,0.2351529266896373,0.00033638821858667634,25,10,0
15,1566,0.7628315592206627,9.78599870062562e-06,0.23689155200378414,0.00026710277685201703,25,10,0
15,1567,0.7591844025523592,9.785286238268773e-06,0.24050395654151824,0.00030185561988371143,25,10,0
15,1568,0.7630478686282622,9.780819620326615e-06,0.23667529494434156,0.0002670556077753299,25,10,0
15,1569,0.7713119646931774,9.77782853983212e-06,0.22841226775950293,0.0002659897187791291,25,10,0
15,1570,0.8070716836874345,9.734221400250974e-06,0.19265855698376008,0.00026002510740481306,25,10,0
15,1571,0.8254384993908087,9.733943580190641e-06,0.17429770039015327,0.0002540662754578925,25,10,0
15,1572,0.8344964370226338,9.710534665805862e-06,0.1652519927432088,0.00024185969949224945,25,10,0
15,1573,0.8053260545265318,9.734948581301226e-06,0.19441579573901457,0.0002484147858722318,25,10,0
15,1574,0.8057563031197178,9.714541009383951e-06,0.19398563963073961,0.0002483427085330771,25,10,0
15,1575,0.8057648586755305,9.71444550903535e-06,0.19397708520672577,0.0002483416722345911,25,10,0
15,1576,0.7973813256881295,1.0216662152200377e-05,0.2023600462909427,0.0002484113587754137,25,10,0
15,1577,0.7970557172994766,1.0226784623780712e-05,0.202685570003909,0.0002484859119905576,25,10,0
15,1578,0.7973421385376657,1.0226306533309849e-05,0.20239923373119648,0.0002484014246044276,25,10,0
15,1579,0.7925045262103795,1.0430892995834329e-05,0.20723657935747297,0.0002484635391515452,25,10,0
15,1580,0.7922553039234919,1.0430971136466225e-05,0.20748574534566783,0.00024851975970375373,25,10,0
15,1581,0.7925216106168427,1.0306605742811331e-05,0.20722018729798125,0.0002478954794332712,25,10,0
15,1582,0.7766430849849911,1.0091841578091195e-05,0.2231554141686903,0.0001914090047416923,25,10,0
15,1583,0.7782230691043813,1.0091341835773472e-05,0.2215857673813037,0.0001810721724800363,25,10,0
15,1584,0.7800076069078236,1.0091407126553841e-05,0.21980232430537888,0.00017997737967117425,25,10,0
15,1585,0.780158026186645,1.0091324656858733e-05,0.2196519295363907,0.00017995295230768452,25,10,0
15,1586,0.7804645577101127,1.0081287215819857e-05,0.21934543795619946,0.00017992304647236493,25,10,0
15,1587,0.7809441264667527,1.0081287413190038e-05,0.21886586919744194,0.0001799230483920048,25,10,0
15,1588,0.7644748623291917,6.96691865896239e-05,0.23530650491604596,0.0001489635681735877,25,10,0
15,1589,0.7627243256406411,6.918087313354722e-05,0.23701385007299092,0.00019264341323539766,25,10,0
15,1590,0.8004794160648251,2.534303863551991e-06,0.19932830836322094,0.00018974126809016392,25,10,0
15,1591,0.788020470901578,2.53398246993153e-06,0.21183102653242863,0.0001459685835233698,25,10,0
15,1592,0.7869737544341294,2.5343666946702202e-06,0.21287765321639412,0.00014605798278174723,25,10,0
15,1593,0.7870178158734876,2.5341321920691665e-06,0.2128336667079065,0.00014598328641369344,25,10,0
15,1594,0.7802658991552113,6.9341715226284005e-06,0.2195605276146993,0.00016663905856734883,25,10,0
15,1595,0.7814944208174414,1.605881776964427e-05,0.21832874400343033,0.00016077636135895408,25,10,0
15,1596,0.7981805252291336,1.6058889213362798e-05,0.20164274418141587,0.00016067170023727429,25,10,0
15,1597,0.798323205799864,1.605883527422629e-05,0.20150010827483264,0.00016062709002914426,25,10,0
15,1598,0.8091010121877297,1.604542068493418e-05,0.190722227782638,0.00016071460894728423,25,10,0
15,1599,0.8012110015059619,1.6061266865968635e-05,0.1984961645482711,0.0002767726789008347,25,10,0
15,1600,0.8078157528492227,1.1649102574466119e-05,0.19191648071360196,0.000256117334600776,25,10,0
15,1601,0.830507051904018,1.164971815206268e-05,0.16922743488523959,0.00025386349259052805,25,10,0
15,1602,0.8380440633255596,1.1649335519195946e-05,0.16168953992123403,0.0002547474176871021,25,10,0
15,1603,0.8383591959688533,1.1649471688073916e-05,0.16137439972531237,0.00025475483414610483,25,10,0
15,1604,0.861178248217938,1.1641463979144988e-05,0.13868512777680025,0.00012498254128214594,25,10,0
15,1605,0.8629223509019339,1.1408261883299783e-05,0.13694667606756228,0.0001195647686201704,25,10,0
15,1606,0.8631246062737087,1.1408086552078367e-05,0.1367444428375834,0.00011954280215541849,25,10,0
15,1607,0.8626852348945042,1.1708621784863096e-05,0.1371828796474783,0.0001201768362321864,25,10,0
15,1608,0.8624218441572401,1.1708943170723499e-05,0.1374462466897429,0.00012020020984580682,25,10,0
15,1609,0.8638007155918672,1.1518082852690566e-05,0.1360663784951873,0.00012138783009241724,25,10,0
15,1610,0.8641019659944249,1.1517972794012565e-05,0.13576512131686777,0.0001213947159128433,25,10,0
15,1611,0.8891748044498496,1.0909601594933461e-05,0.110692939843893,0.00012134610466208988,25,10,0
15,1612,0.8893957156146243,1.0916194499366486e-05,0.1104706527461857,0.00012271544469030633,25,10,0
15,1613,0.8542270731747486,1.093755670462624e-05,0.1456324134134434,0.00012957585510340444,25,10,0
15,1614,0.8542246189590234,1.0937529999559804e-05,0.14563486750645274,0.00012957600452457186,25,10,0
15,1615,0.8445944586494365,1.093085510726203e-05,0.15526320258360424,0.00013140791185224635,25,10,0
15,1616,0.8444713144050499,1.0930855160169894e-05,0.1553863459634993,0.00013140877629083585,25,10,0
15,1617,0.8472609487064584,1.0917324879582216e-05,0.15271171338380546,1.6420584856626774e-05,25,10,0
15,1618,0.8315711972437186,1.079187523116816e-05,0.16576622565096877,0.002651785230081483,25,10,0
15,1619,0.8294597654624932,1.0780118192706605e-05,0.16787890107456094,0.0026505533447529718,25,10,0
15,1620,0.8328653062460767,1.0799368283664842e-05,0.164474218464735,0.0026496759209049,25,10,0
15,1621,0.8330877979496105,1.0799697467599888e-05,0.16425163682794522,0.0026497655249770814,25,10,0
15,1622,0.8330484611734623,1.0804647139387413e-05,0.16429094995470464,0.0026497842246941045,25,10,0
15,1623,0.8329122248920504,1.0805037705673008e-05,0.16442711086952166,0.0026498592007226985,25,10,0
15,1624,0.832921319292208,1.08047007582915e-05,0.16441810810084742,0.002649767906186657,25,10,0
15,1625,0.8075508750023377,1.0834122352016143e-05,0.18978854046870194,0.0026497504066085205,25,10,0
15,1626,0.8124629351834696,1.0830823098273873e-05,0.18487765294027306,0.0026485810531592952,25,10,0
15,1627,0.8120867865281542,1.0831083167933727e-05,0.18517642993471903,0.002725952453959069,25,10,0
15,1628,0.7894024670902278,1.0846335575806432e-05,0.20785797108885615,0.0027287154853408773,25,10,0
15,1629,0.7894086098886298,1.0846178997212762e-05,0.20785183861932915,0.0027287053130446107,25,10,0
15,1630,0.7890964600797824,1.0846261538958096e-05,0.2081639885292096,0.0027287051294694943,25,10,0
15,1631,0.7779633423183269,2.1780491640251362e-05,0.21928522361217329,0.0027296535778598375,25,10,0
15,1632,0.7739233034523104,2.1785297551595185e-05,0.2233252113527461,0.0027296998973923865,25,10,0
15,1633,0.769922060838148,2.178860765654836e-05,0.22732380246179879,0.002732348092397282,25,10,0
15,1634,0.7319092513550705,2.179706794431899e-05,0.2653365641183434,0.002732387458641738,25,10,0
15,1635,0.7189048197765735,2.1796173211952257e-05,0.2783410454731079,0.002732338577106605,25,10,0
15,1636,0.7120020879533345,2.1795855630973056e-05,0.2852438132828584,0.0027323029081758625,25,10,0
15,1637,0.7129461510935691,2.1795092632797114e-05,0.2842997528834217,0.0027323009303760666,25,10,0
15,1638,0.747483521438516,2.065776729593584e-05,0.24976352505005905,0.002732295744128396,25,10,0
15,1639,0.7797008701794361,2.0632641542505848e-05,0.21755303594114014,0.0027254612378805735,25,10,0
15,1640,0.7790317938024088,2.086919846197269e-05,0.21821956853290447,0.002727768466224436,25,10,0
15,1641,0.7868587523917686,2.087350248065796e-05,0.21039261037558052,0.0027277637301697543,25,10,0
15,1642,0.7869088579591323,2.0873614345310807e-05,0.21034243068871436,0.0027278377378078984,25,10,0
15,1643,0.7869359941090976,2.0873729678904763e-05,0.2103152756211433,0.0027278565400799286,25,10,0
15,1644,0.7859379892519314,2.0874808726860274e-05,0.21130840987472002,0.0027327260646218938,25,10,0
15,1645,0.7969656160177135,9.940740061196632e-06,0.20029266608608434,0.002731777156141117,25,10,0
15,1646,0.7998907528614632,1.0164993344586451e-05,0.1973667906540622,0.0027322914911304392,25,10,0
15,1647,0.7970583649141489,1.0266211513363202e-05,0.20019706542826224,0.002734303446075384,25,10,0
15,1648,0.7913227653779404,1.027110171649993e-05,0.20593175541749342,0.0027352081028491886,25,10,0
15,1649,0.8071589797933625,1.025588008720984e-05,0.1900982385537859,0.00273252577276429,25,10,0
15,1650,0.7774868383235006,1.2750203252009844e-05,0.21927103918820953,0.0032293722850374965,25,10,0
15,1651,0.8078274071178381,1.2993476478105827e-05,0.18892654762493527,0.003233051780748364,25,10,0
15,1652,0.8140375496771527,1.2994506879750193e-05,0.18271647647548864,0.0032329793404788977,25,10,0
15,1653,0.8144396826748804,1.27250454287218e-05,0.182315921406319,0.0032316708733722455,25,10,0
15,1654,0.8175506055134307,1.8395405039266378e-05,0.17917575974057157,0.0032552393409581194,25,10,0
15,1655,0.8084088441488632,1.816800454207236e-05,0.18832089157259266,0.0032520962740019738,25,10,0
15,1656,0.8359591421525459,2.1699361641072415e-05,0.16076655356855138,0.003252604917260968,25,10,0
15,1657,0.854224584121297,2.169053787158226e-05,0.14220469616415884,0.0035490291766720416,25,10,0
15,1658,0.8532110202681793,2.1692088167602446e-05,0.1435147396252706,0.003252548018382528,25,10,0
15,1659,0.8562513131465772,2.1691946149558463e-05,0.14047448006495267,0.0032525148423206618,25,10,0
15,1660,0.8565448735055133,2.1691737525598136e-05,0.14018093958139288,0.003252495175568044,25,10,0
15,1661,0.8565427302633627,2.169168150386545e-05,0.14018310828368893,0.0032524697714443906,25,10,0
15,1662,0.8695989091358218,2.1523666964456094e-05,0.12976302634933767,0.0006165408478760819,25,10,0
15,1663,0.8735116512748026,2.1519291559313668e-05,0.12585033163760875,0.0006164977960297025,25,10,0
15,1664,0.8729477455868573,2.1519639987958623e-05,0.12648622436723142,0.0005445104059233159,25,10,0
15,1665,0.8787642700721028,2.15227643902099e-05,0.12066970659613724,0.0005445005673696715,25,10,0
15,1666,0.8852812529704892,2.1523076133748052e-05,0.11415264814033357,0.000544575813043282,25,10,0
15,1667,0.8859717528605853,2.152273357705653e-05,0.11346748625368157,0.0005392381521558254,25,10,0
15,1668,0.8884277031738411,2.1524072237429376e-05,0.11098014869440803,0.0005706240595133404,25,10,0
15,1669,0.885479530825172,2.1526643761744626e-05,0.1139283051751103,0.0005706373559557157,25,10,0
15,1670,0.879202462385667,2.152679850657742e-05,0.1201395554468353,0.0006364553689909266,25,10,0
15,1671,0.884291071588066,2.153017309407272e-05,0.11499905651597718,0.000688341722862671,25,10,0
15,1672,0.8753968481987875,1.5870952060232628e-05,0.12392565718636636,0.0006616236627858787,25,10,0
15,1673,0.8754373248359932,1.5871009011709704e-05,0.12388517317420895,0.0006616309807857363,25,10,0
15,1674,0.875457369658326,1.5871012417675352e-05,0.12386512748287583,0.000661631846380472,25,10,0
15,1675,0.8756463621669459,1.587139531643261e-05,0.1236761378634827,0.0006616285742548037,25,10,0
15,1676,0.8662518984485957,1.5877945018035922e-05,0.13306576620643998,0.0006664573999459596,25,10,0
15,1677,0.8713690911199669,1.58744117493545e-05,0.12800048229110292,0.0006145521771808085,25,10,0
15,1678,0.8583030527237762,1.5873699557389114e-05,0.14106642597702215,0.0006146475996441058,25,10,0
15,1679,0.8585452764477158,1.5873278553055935e-05,0.14082418196101412,0.0006146683127170664,25,10,0
15,1680,0.8648685171420438,3.1925746458145835e-06,0.13451488374777645,0.0006134065355338497,25,10,0
15,1681,0.8694595508651024,3.2086701859993244e-06,0.12992367333296603,0.0006135671317454997,25,10,0
15,1682,0.8693368927636869,3.2086734797864454e-06,0.1300463304277291,0.0006135681351042698,25,10,0
15,1683,0.869826332535532,3.2083137603098275e-06,0.12955693863036838,0.0006135205203392806,25,10,0
15,1684,0.8702083144264178,3.1977512357488876e-06,0.1291751171056644,0.0006133707166821211,25,10,0
15,1685,0.8704587968083927,3.197667167018993e-06,0.12892463455450212,0.000613370969938286,25,10,0
15,1686,0.8713359106388229,2.9605306320327395e-06,0.1280500051544151,0.0006111236761305082,25,10,0
15,1687,0.8710282405351383,2.9605609835121145e-06,0.12835769874379924,0.0006111001600794146,25,10,0
15,1688,0.8711758024047832,2.960646009050782e-06,0.1282100995378095,0.0006111374113987833,25,10,0
15,1689,0.8770300051926917,2.955722421652299e-06,0.12235680551011263,0.0006102335747744689,25,10,0
15,1690,0.8780028341679266,2.945892943461364e-06,0.12138401733209583,0.0006102026070345901,25,10,0
15,1691,0.9015943495474056,4.5153743396311414e-07,0.09829183022852848,0.00011336868663183616,25,10,0
15,1692,0.8894955674647882,4.6551595994437843e-07,0.11038679969547292,0.00011716732377910506,25,10,0
15,1693,0.8982851349485577,3.6264969464566075e-07,0.10159934683400453,0.00011515556774327831,25,10,0
15,1694,0.8982019842634409,3.626586209778586e-07,0.10168248316147607,0.0001151699164622463,25,10,0
15,1695,0.9004021379182042,3.627349335382027e-07,0.09948235138614248,0.00011514796071992225,25,10,0
15,1696,0.8943234466220801,4.5689304261917254e-07,0.10555950436004093,0.00011659212483651767,25,10,0
15,1697,0.8944485051833808,4.567156096003104e-07,0.10543447094008102,0.00011656716092861432,25,10,0
15,1698,0.8862192439131604,4.6269421176736574e-07,0.11366290804994625,0.00011738534268206109,25,10,0
15,1699,0.8854097154080496,4.650859798999448e-07,0.11447224731457534,0.00011757219139567342,25,10,0
15,1700,0.8912427814573305,3.7410779789135136e-07,0.10864026425975547,0.0001165801751165893,25,10,0
15,1701,0.8911272543800652,3.738192521800283e-07,0.1087558091635462,0.00011656263713688696,25,10,0
15,1702,0.8889924507093733,6.257738303294385e-07,0.11089030539392665,0.0001166181228703516,25,10,0
15,1703,0.8886942491369166,6.260828476155362e-07,0.11118846001372193,0.00011666476651444619,25,10,0
15,1704,0.894718404205469,3.7404146478145316e-07,0.10516461275255265,0.00011660900051375902,25,10,0
15,1705,0.8946032421942811,3.740483698522001e-07,0.10527975622755294,0.00011662752979617527,25,10,0
15,1706,0.8765649745748127,3.8540184659122955e-07,0.12315282405883364,0.0002818159645067923,25,10,0
15,1707,0.8902361067097264,3.8545928198068167e-07,0.10948179390296589,0.0002817139280261188,25,10,0
15,1708,0.8841180387568157,3.854644042132818e-07,0.11559986135079488,0.0002817144279859086,25,10,0
15,1709,0.8845338282086895,3.772350415005395e-07,0.11521553489807392,0.00025025965819553737,25,10,0
15,1710,0.8965975028784641,3.6333712622564796e-07,0.10315553622127503,0.00024659756313469267,25,10,0
15,1711,0.8732970451269624,3.7167481241189315e-07,0.12645379643550603,0.0002487867627191008,25,10,0
15,1712,0.8773782244661806,3.649928455191618e-07,0.12054073434996049,0.002080676191013868,25,10,0
15,1713,0.885058019720493,1.1331870415346648e-07,0.11286493329061414,0.0020769336701890236,25,10,0
15,1714,0.8683437227856844,1.5027864514579318e-05,0.1294943137857406,0.002146935564060213,25,10,0
15,1715,0.8678894534640686,1.5024003256771082e-05,0.12994839496551258,0.002147127567161736,25,10,0
15,1716,0.892983957274506,1.4975972353668162e-05,0.10484863775135468,0.0021524290017852447,25,10,0
15,1717,0.8933114937152957,1.4968647004842031e-05,0.10452110831163237,0.0021524293260665474,25,10,0
15,1718,0.8819818920843306,1.4976851707997086e-05,0.11585066399763187,0.002152467066328675,25,10,0
15,1719,0.9046148165974777,1.5998140716793017e-05,0.0932166174779668,0.0021525677838382233,25,10,0
15,1720,0.911199855064752,3.0129725215063338e-05,0.08655009231801537,0.0022199228920177314,25,10,0
15,1721,0.9122778352147367,3.012835217038441e-05,0.08547705724575111,0.002214979187341874,25,10,0
15,1722,0.912311427336402,3.0127945366928137e-05,0.08544346730385101,0.0022149774143800883,25,10,0
15,1723,0.9121206186323023,3.0132759154759833e-05,0.08563427105435667,0.0022149775541862216,25,10,0
15,1724,0.9260612901434753,3.012808083049638e-05,0.07369068260296516,0.00021789917272850036,25,10,0
15,1725,0.926376022880942,3.0127948320040162e-05,0.07337595039052087,0.00021789878021655115,25,10,0
15,1726,0.9344438103700796,3.01220857737773e-05,0.06530793900597744,0.00021812853816875858,25,10,0
15,1727,0.9405988117200494,3.0121937299955036e-05,0.05921875578975188,0.00015231055289815425,25,10,0
15,1728,0.9636571959801914,3.011369171705284e-05,0.03616266007200717,0.00015003025608426707,25,10,0
15,1729,0.9291247289865326,3.0147751245173425e-05,0.07068822275513548,0.00015690050708660217,25,10,0
15,1730,0.9285989372466272,3.0154275894511575e-05,0.07121231651949823,0.000158591957979768,25,10,0
15,1731,0.9267587289450145,0.0003538082969322341,0.07270110117970069,0.00018636157835205406,25,10,0
15,1732,0.9150966631889074,0.00035381120833946465,0.08436312491065287,0.00018640069210013887,25,10,0
15,1733,0.8914804974522883,0.0003552266160817922,0.10797779786108146,0.00018647807054820032,25,10,0
15,1734,0.8916391611664116,0.00035522649185190327,0.10781919806561464,0.0001864142761218991,25,10,0
15,1735,0.9208979114234591,0.0003551967580826536,0.07855759048266991,0.00018930133578828607,25,10,0
15,1736,0.9204892159965258,0.0003551971278632178,0.07896628179670126,0.00018930507890972152,25,10,0
15,1737,0.9257632057779526,0.00035519279984966247,0.07370205449523332,0.00017954692696450322,25,10,0
15,1738,0.8899184287815121,0.000355192475299194,0.10954671012826302,0.0001796686149261631,25,10,0
15,1739,0.9206594419338936,0.0003551925125151261,0.07880586552976047,0.0001795000238309928,25,10,0
15,1740,0.9202726121176815,0.0003551976099203774,0.0791926417547531,0.00017954851764512479,25,10,0
15,1741,0.9258907922119198,0.00035519754463051443,0.0735744615199045,0.0001795487235450614,25,10,0
15,1742,0.9195827572450657,0.00035520120378180445,0.07988132442450539,0.00018071712664747994,25,10,0
15,1743,0.9244743762458287,3.1720833142023607e-05,0.07534088564620527,0.00015301727482423715,25,10,0
15,1744,0.9292358554368547,1.7581040446435355e-05,0.07066093998386826,8.56235388307605e-05,25,10,0
15,1745,0.9315356470346643,1.740871142484796e-05,0.0683613523351508,8.559191876025143e-05,25,10,0
15,1746,0.9264254800819449,1.74037281652212e-05,0.0734715561379255,8.556005196417216e-05,25,10,0
15,1747,0.9315583387452946,1.73950303806048e-05,0.0683394678692635,8.479835506134808e-05,25,10,0
15,1748,0.9340034643208264,1.6355764619416965e-05,0.06590036521372686,7.981470082735826e-05,25,10,0
15,1749,0.932093618615763,1.635666956410709e-05,0.06780998769695233,8.003701772071608e-05,25,10,0
15,1750,0.9260515163254656,1.6671228873052407e-05,0.07385188256275624,7.992988290516043e-05,25,10,0
15,1751,0.9261409240849201,1.666995315015062e-05,0.07376415042080013,7.825554112941068e-05,25,10,0
15,1752,0.9143208924992785,1.6674530537848937e-05,0.0855841570021585,7.827596802488847e-05,25,10,0
15,1753,0.9143818190221233,1.6956072464785442e-05,0.0855229695432274,7.825536218418109e-05,25,10,0
15,1754,0.8800351005660161,1.8065307580113293e-05,0.11986857751519747,7.82566112061142e-05,25,10,0
15,1755,0.8589716280498214,1.8080533700961286e-05,0.14081538324678886,0.00019490816968923333,25,10,0
15,1756,0.8557170665500116,1.6668522893855328e-05,0.14039634006829055,0.0038699248588041613,25,10,0
15,1757,0.842752945886931,0.00043645981521162275,0.15290491120983948,0.0039056830880179567,25,10,0
15,1758,0.8481335504623229,0.00043645972610919343,0.14752430122312277,0.0039056885884451243,25,10,0
15,1759,0.8539917589913105,0.0004364562289162426,0.14178309926708724,0.0037886855126860377,25,10,0
15,1760,0.8281386036450562,0.0004361817745792069,0.16763652026128922,0.003788694319075087,25,10,0
15,1761,0.8208652060570174,0.0004495403780980129,0.17489655570583099,0.0037886978590533065,25,10,0
15,1762,0.8270929389817033,0.00044953543617872865,0.16866885152664066,0.0037886740554772215,25,10,0
15,1763,0.8511659993524264,0.00044956689026983673,0.14459569956033577,0.0037887341969681052,25,10,0
15,1764,0.8507730635581229,0.0004495662828156535,0.1449939940460602,0.0037833761130016763,25,10,0
15,1765,0.8242845251860209,0.00046883537643560347,0.16623746907520914,0.009009170362333733,25,10,0
15,1766,0.8262722096355852,0.0004687966971236013,0.16424990059235217,0.009009093074938355,25,10,0
15,1767,0.8200625358880055,0.0004687968429417834,0.1704595699783162,0.00900909729073596,25,10,0
15,1768,0.8261289869293148,0.0004688014692612009,0.16439308844469075,0.009009123156732845,25,10,0
15,1769,0.8261330598073059,0.0004688014342404378,0.1643890303848903,0.009009108373562856,25,10,0
15,1770,0.8256442249809536,0.0004688016155229029,0.1648755670549138,0.009011406348609302,25,10,0
15,1771,0.8256258195770627,0.00046880165011161247,0.16489397368000255,0.009011405092822554,25,10,0
15,1772,0.7890877654789505,0.0004688512140862269,0.20105678335119775,0.009386599955765624,25,10,0
15,1773,0.7894779408666824,0.00046884594227083597,0.2006666279579334,0.009386585233113847,25,10,0
15,1774,0.7901125713304614,0.0004688435234113728,0.2000321846718351,0.009386400474292648,25,10,0
15,1775,0.7827991796613674,0.00046884740891043177,0.20734360706905686,0.009388365860666228,25,10,0
15,1776,0.778713335861529,0.0004688537598617868,0.21142771751529874,0.009390092863310086,25,10,0
15,1777,0.7786877890731171,0.0004688539399312664,0.21145011416961815,0.009393242817333237,25,10,0
15,1778,0.813042323394153,0.0004677447005180134,0.17709669048929888,0.009393241416029444,25,10,0
15,1779,0.8281951606632887,0.0004677340803310393,0.16194124121430817,0.009395864042071371,25,10,0
15,1780,0.8411202291967718,4.7943342610765785e-05,0.14947168464574723,0.009360142814869485,25,10,0
15,1781,0.8311982761971984,8.165160525795664e-05,0.1593590181627508,0.009361054034792341,25,10,0
15,1782,0.7927027629984715,8.167726749655913e-05,0.19784640890342636,0.009369150830605076,25,10,0
15,1783,0.753839838724917,8.168280074056605e-05,0.2367090889309245,0.009369389543417775,25,10,0
15,1784,0.7898085205958878,8.163821769539439e-05,0.2011156290090301,0.008994212177385788,25,10,0
15,1785,0.7716184562585485,8.164406726449137e-05,0.2192090534853447,0.009090846188841572,25,10,0
15,1786,0.7669196173866637,8.132827572804806e-05,0.2239082282944016,0.009090826043206143,25,10,0
15,1787,0.760174530094125,4.761630378935155e-05,0.23068975326099497,0.009088100341091062,25,10,0
15,1788,0.7607867552237366,4.76113110579929e-05,0.23007755529694995,0.009088078168255591,25,10,0
15,1789,0.7610285958905378,4.7606627181144826e-05,0.22983576618501964,0.009088031297261441,25,10,0
15,1790,0.761100888490551,4.76069783527922e-05,0.22976337731523208,0.009088127215864389,25,10,0
15,1791,0.7597788933646998,4.8346890549455604e-05,0.231083837981316,0.009088921763435481,25,10,0
15,1792,0.7656243019640757,4.834707372225549e-05,0.2252384262669193,0.009088924695283548,25,10,0
15,1793,0.801979842146149,4.831823636922011e-05,0.18889140944883034,0.009080430168651885,25,10,0
15,1794,0.8019291612753651,4.831805741126319e-05,0.188942186741007,0.00908033392621716,25,10,0
15,1795,0.8166047702961214,4.832193793231441e-05,0.17431249924909817,0.009034408516847897,25,10,0
15,1796,0.8173966349016546,4.832057193115243e-05,0.17352646202502828,0.009028582501385754,25,10,0
15,1797,0.8169245355643586,4.8320610689700725e-05,0.17399856090673999,0.00902858291821125,25,10,0
15,1798,0.8170499023462553,4.832060804155762e-05,0.17387319413926,0.009028582906442742,25,10,0
15,1799,0.8184764869511073,4.832060424672228e-05,0.17244660489913255,0.009028587545513073,25,10,0
15,1800,0.844860455856082,2.9054725195000276e-05,0.15130763591177016,0.0038028535069526766,25,10,0
15,1801,0.8554956029216995,2.9065584452511256e-05,0.14052534756920335,0.003949983924644738,25,10,0
15,1802,0.8553630424340501,2.907036014216631e-05,0.1406578578472106,0.003950029358597193,25,10,0
15,1803,0.8355723216594174,2.9118247134142586e-05,0.16045072381687978,0.003947836276568511,25,10,0
15,1804,0.8326854115836185,2.910720247694974e-05,0.16348492868371078,0.0038005525301935666,25,10,0
15,1805,0.8360364501826985,1.4211045128896583e-05,0.16021877908153384,0.0037305596906381223,25,10,0
15,1806,0.8737048288929218,1.4206606531150922e-05,0.12254517090024947,0.0037357936002976756,25,10,0
15,1807,0.8839503997087361,1.4206655578126987e-05,0.11229962794667761,0.003735765689008302,25,10,0
15,1808,0.8837877802247656,1.4211203137557804e-05,0.11246221312799372,0.00373579544410347,25,10,0
15,1809,0.9220783076302591,1.4205289336102785e-05,0.07780098754460653,0.00010649953579862362,25,10,0
15,1810,0.9221956914808996,1.42008970566575e-05,0.07768361605383721,0.00010649156820686763,25,10,0
15,1811,0.9424772405668166,1.4152820577353858e-05,0.05740222070904652,0.00010638590356003218,25,10,0
15,1812,0.9423350516057494,1.4152524625997119e-05,0.05754444690762,0.00010634896200528138,25,10,0
15,1813,0.9361925527008934,1.4147705362563079e-05,0.06368699541333353,0.00010630418041099989,25,10,0
15,1814,0.9358811223244092,1.4161337152006257e-05,0.06399834623050361,0.00010637010793572752,25,10,0
15,1815,0.9197713112012852,1.4194572166361872e-05,0.08010806340167086,0.00010643082487825181,25,10,0
15,1816,0.9044150768106425,1.4803224661979138e-05,0.09546077256607147,0.00010934739862450897,25,10,0
15,1817,0.9099061982855315,1.4796323600072484e-05,0.08997155942947113,0.00010744596139782536,25,10,0
15,1818,0.9129323397545848,1.4799114457308288e-05,0.08699488984391085,5.7971287047682015e-05,25,10,0
15,1819,0.9129084371730787,1.4799268676116476e-05,0.08701784373285179,5.891982539409316e-05,25,10,0
15,1820,0.9098291059220316,1.4808226639436035e-05,0.09009811502186889,5.797082946064601e-05,25,10,0
15,1821,0.9092041383133107,1.4811472518709125e-05,0.09066158134133273,0.00011946887283810183,25,10,0
15,1822,0.9088853932787849,1.4811293754363219e-05,0.09098127530163765,0.000118520125823351,25,10,0
15,1823,0.9120241034610241,1.4802091183597722e-05,0.08788617168771992,7.492276007271379e-05,25,10,0
15,1824,0.9121373497397128,1.4800789904909683e-05,0.08783307490435767,1.4774566024908973e-05,25,10,0
15,1825,0.9122580677124595,1.4799476495807008e-05,0.08771185100308752,1.5281807957423837e-05,25,10,0
15,1826,0.9148500166552438,1.4814386018092217e-05,0.08506434003406899,7.082892466957736e-05,25,10,0
15,1827,0.908751502032639,1.4818924527868302e-05,0.09116164558795078,7.203345488247826e-05,25,10,0
15,1828,0.8934528641996927,1.5461653708616572e-05,0.10628507998440791,0.00024659416219109654,25,10,0
15,1829,0.8829528770303203,1.4722132819133767e-05,0.11678757138197658,0.0002448294548841409,25,10,0
15,1830,0.8831047410948049,1.4722015535713077e-05,0.11663699651149174,0.00024354037816798138,25,10,0
15,1831,0.8691477207381689,1.4732503972254878e-05,0.13059149194808606,0.00024605480977271877,25,10,0
15,1832,0.8689238194760993,1.4885563184983994e-05,0.13081490552044905,0.0002463894402666248,25,10,0
15,1833,0.8689350973738705,1.4885639828612978e-05,0.1308036290453402,0.000246387940960712,25,10,0
15,1834,0.88358990703302,1.4278038412318217e-05,0.11614687481227373,0.0002489401162940743,25,10,0
15,1835,0.9002599571244407,1.4278096793593753e-05,0.09947681022975291,0.0002489545490129075,25,10,0
15,1836,0.9180741226531065,1.3635003909146684e-05,0.0818379409326579,7.430141032666129e-05,25,10,0
15,1837,0.9168756042383055,1.3635013142602211e-05,0.08303635650118495,7.440424736721589e-05,25,10,0
15,1838,0.9180489152400448,1.3633937938041924e-05,0.08186851907280249,6.893174921486706e-05,25,10,0
15,1839,0.9046741724596389,1.3642329316036503e-05,0.09524313831267028,6.90468983746894e-05,25,10,0
15,1840,0.8988018963354187,1.3628664123185743e-05,0.10111547354077252,6.900145968525275e-05,25,10,0
15,1841,0.8994647459810367,1.3628967739163e-05,0.1004527257552005,6.889929602339263e-05,25,10,0
15,1842,0.9078903262863549,1.5470487203044953e-05,0.09202533998622899,6.886324021287995e-05,25,10,0
15,1843,0.9024103351635682,2.0653864208664856e-05,0.0974996789830997,6.933198912352415e-05,25,10,0
15,1844,0.9186474683684797,2.062058757336281e-05,0.08126264977460217,6.926126934502708e-05,25,10,0
15,1845,0.9188708802476004,2.0620443776508124e-05,0.08103926343721678,6.923587140643526e-05,25,10,0
15,1846,0.8945244230808833,1.547351211161111e-05,0.10539100078842459,6.910261857999681e-05,25,10,0
15,1847,0.8936243978944567,1.5527958289720474e-05,0.10628187246218504,7.82016850680378e-05,25,10,0
15,1848,0.8878706348095073,1.5527513388551315e-05,0.11203746421573121,7.637346137246254e-05,25,10,0
15,1849,0.8878611044357275,1.552755737724651e-05,0.11204699188936744,7.637611752732942e-05,25,10,0
15,1850,0.8888395779763126,1.3683459444060295e-05,0.11106890977006183,7.782879418090241e-05,25,10,0
15,1851,0.8884407233270609,1.3953958825272912e-05,0.11146742268628661,7.790002782696808e-05,25,10,0
15,1852,0.8959642723635244,5.991407981230542e-07,0.10395726938389702,7.78591117801782e-05,25,10,0
15,1853,0.8888749710918715,1.421305320223614e-05,0.11103180309630006,7.901275862573026e-05,25,10,0
15,1854,0.8998814913816829,1.4252219498017252e-05,0.10002531801516076,7.893838365764714e-05,25,10,0
15,1855,0.9066286795861294,6.383020909205959e-07,0.09329285008949449,7.783202228518323e-05,25,10,0
15,1856,0.9109562334623575,6.324185946184402e-07,0.08896683539016426,7.629872888366113e-05,25,10,0
15,1857,0.923127339078507,6.377072823382407e-07,0.07679562172669294,7.64014875175504e-05,25,10,0
15,1858,0.9228683463736015,6.40630870537002e-07,0.07705461283354978,7.640016197799828e-05,25,10,0
15,1859,0.9238021143180472,6.165936361019768e-07,0.07612109042926476,7.617865905168114e-05,25,10,0
15,1860,0.9138657941120834,6.167206692277596e-07,0.08600189944890906,0.00013168971833766628,25,10,0
15,1861,0.9172421130679759,6.018110411011592e-07,0.0826811433727063,7.61417482761332e-05,25,10,0
15,1862,0.9173561550069645,6.016370346265428e-07,0.08256710109270521,7.614226329492352e-05,25,10,0
15,1863,0.9046966227186364,1.0140086032017183e-06,0.09522614393333104,7.621933942875795e-05,25,10,0
15,1864,0.9040916757322064,8.612970718762418e-07,0.09583144007598182,7.602289473917903e-05,25,10,0
15,1865,0.9042523662336849,9.785109647864394e-07,0.09567056957428084,7.608568106890477e-05,25,10,0
15,1866,0.904774656165032,9.789202087172549e-07,0.09514827833023444,7.608658452414303e-05,25,10,0
15,1867,0.8924059687891561,1.3877551810576321e-06,0.10752897233232765,6.367112333456104e-05,25,10,0
15,1868,0.886667009287554,1.6255966404580066e-06,0.11326654104756059,6.4824068244901e-05,25,10,0
15,1869,0.8866772027756525,1.6255470534180525e-06,0.11325635038504554,6.482129224867496e-05,25,10,0
15,1870,0.8874184499171938,1.6221812078095848e-06,0.11246237954097033,0.0001175483606281348,25,10,0
15,1871,0.8826764458666078,1.6249195935568102e-06,0.11725827445756305,6.365475623561738e-05,25,10,0
15,1872,0.8832773720555858,1.6249201308432042e-06,0.11665735075686826,6.365226741492726e-05,25,10,0
15,1873,0.8543607634779545,1.650387006791507e-06,0.14557383684765987,6.374928737873272e-05,25,10,0
15,1874,0.8542715459732654,1.5442377099997516e-06,0.14566195964932346,6.495013970121591e-05,25,10,0
15,1875,0.8803740653411655,1.5077158075949916e-06,0.11955979259660655,6.463434642068331e-05,25,10,0
15,1876,0.880676378701967,1.507803616489013e-06,0.11925744669310945,6.466680130712469e-05,25,10,0
15,1877,0.8684806358707492,1.508795432554337e-06,0.1314530551292343,6.480020458356851e-05,25,10,0
15,1878,0.8663164418342624,1.5125685413106153e-06,0.13358606310143123,9.598249576476823e-05,25,10,0
15,1879,0.8665341185470123,1.934127646742436e-06,0.13336656341550485,9.738390983562485e-05,25,10,0
15,1880,0.8684039905693538,1.930267824689845e-06,0.13152791027120533,6.616889161581236e-05,25,10,0
15,1881,0.8674438252874068,1.891869738991477e-06,0.13248793806684417,6.634477600966178e-05,25,10,0
15,1882,0.9024966768789455,1.8664062939206408e-06,0.09743522892149047,6.622779326966393e-05,25,10,0
15,1883,0.9029205203163473,1.85935580513461e-06,0.09701138304878011,6.623727906734925e-05,25,10,0
15,1884,0.8868888671326571,1.8595670170601453e-06,0.11303995801869415,6.931528163167407e-05,25,10,0
15,1885,0.8844095717382363,1.8942559807269552e-06,0.11551924629101801,6.928771476502546e-05,25,10,0
15,1886,0.8841553346304576,1.8944960241870437e-06,0.1157722211000523,7.05497734659958e-05,25,10,0
15,1887,0.8991030494112665,1.912812377064745e-06,0.10082267727686309,7.236049949305285e-05,25,10,0
15,1888,0.8991134893723792,1.9127835875746437e-06,0.10081222985078264,7.23679932504521e-05,25,10,0
15,1889,0.9014533351569908,1.8790561817825914e-06,0.09847250538300786,7.228040381933692e-05,25,10,0
15,1890,0.9023969126329129,1.8777836284220665e-06,0.0975290144761238,7.219510733474463e-05,25,10,0
15,1891,0.8972081365338085,1.8821152883089266e-06,0.10271793938105668,7.204196984691108e-05,25,10,0
15,1892,0.8717153886267235,1.8138416804537107e-05,0.12819655864768367,6.991430878837781e-05,25,10,0
15,1893,0.8801266376388809,1.1744207628934924e-05,0.11979085896753006,7.075918596080358e-05,25,10,0
15,1894,0.8922475355042658,1.1777885185453732e-05,0.10701866895174905,0.0007220176588003233,25,10,0
15,1895,0.8891000680595504,1.1365457778946745e-05,0.11016666198595453,0.0007219044967161547,25,10,0
15,1896,0.8843511255913825,1.1365402378768445e-05,0.11491561554560922,0.0007218934606296873,25,10,0
15,1897,0.8534921201592124,1.139505307536742e-05,0.11727279010808496,0.02922369467962703,25,10,0
15,1898,0.8451340515092628,1.1398657479137514e-05,0.12562973823332324,0.029224811599934633,25,10,0
15,1899,0.8435419499343257,1.1354581183540338e-05,0.12787510637818245,0.02857158910630868,25,10,0
15,1900,0.8425238039364215,1.1358216964859519e-05,0.12889233173131862,0.028572506115295274,25,10,0
15,1901,0.8064057920231775,1.1406686727549328e-05,0.16501004821993737,0.02857275307015735,25,10,0
15,1902,0.8121985435055157,1.1166043643607547e-05,0.15921866264341267,0.028571627807428238,25,10,0
15,1903,0.8429951138323364,8.406732341839254e-07,0.128433190995386,0.02857085449904387,25,10,0
15,1904,0.8183291032945658,2.134903759715307e-06,0.1530917142882916,0.02857704751338321,25,10,0
15,1905,0.8186076167560518,2.125383072722029e-06,0.1528144669740674,0.028575790886808446,25,10,0
15,1906,0.8273465692204439,2.1210185683095453e-06,0.14407663796834794,0.02857467179264022,25,10,0
15,1907,0.7910890113636142,6.0577132033317784e-05,0.1799945144112354,0.0288558970931169,25,10,0
15,1908,0.7948206728587445,6.057702786200601e-05,0.17626287559078638,0.028855874522606947,25,10,0
15,1909,0.794113240450304,6.0594741023845295e-05,0.17696559190721253,0.02886057290145951,25,10,0
15,1910,0.793682028775587,6.0611644798348625e-05,0.17739670573805877,0.028860653841555655,25,10,0
15,1911,0.7933914683332464,6.062138302246332e-05,0.17764999035744014,0.02889791992629104,25,10,0
15,1912,0.8254083638042604,6.06587639542936e-05,0.1456329072507804,0.02889807018100514,25,10,0
15,1913,0.8253296016563203,6.066656296149431e-05,0.14571164923357058,0.028898082547147957,25,10,0
15,1914,0.8255069178724207,6.054276014457426e-05,0.14553448591617493,0.02889805345126033,25,10,0
15,1915,0.7881155976312308,6.055429193764646e-05,0.18292565402946884,0.028898194047362682,25,10,0
15,1916,0.8104752010519514,2.4440911434365076e-06,0.1608579757886055,0.02866437906830003,25,10,0
15,1917,0.790099123885997,2.3026167634662634e-06,0.1810177458586305,0.02888082763860926,25,10,0
15,1918,0.7902207998000327,2.3028790762096118e-06,0.18089611642167802,0.028880780899212942,25,10,0
15,1919,0.7937093275994536,2.2541410678076228e-06,0.1774079341348904,0.028880484124588043,25,10,0
15,1920,0.7900877154327565,4.5113807262987454e-06,0.18102685605886965,0.028880917127647496,25,10,0
15,1921,0.790864668447248,4.517206471047568e-06,0.18024972696907096,0.02888108737720972,25,10,0
15,1922,0.7914004461666357,4.50033131334238e-06,0.1797140471587619,0.028881006343288655,25,10,0
15,1923,0.7827184498120012,4.506687136847905e-06,0.18839604347171804,0.028881000029143192,25,10,0
15,1924,0.7821871885104327,4.507398011868339e-06,0.1889273074735155,0.028880996618039143,25,10,0
15,1925,0.7814521270852807,3.2489985149095707e-06,0.18966983361447906,0.028874790301724,25,10,0
15,1926,0.8020533182313848,3.2436882076818917e-06,0.16928513007959356,0.028658308000813624,25,10,0
15,1927,0.8021823853140109,3.243419104924481e-06,0.16915606412051645,0.028658307146367423,25,10,0
15,1928,0.8028240155565974,3.885341833589234e-06,0.1685186225428621,0.028653476558706144,25,10,0
15,1929,0.8014368757261278,3.885601538139506e-06,0.16990574869091327,0.028653489981420265,25,10,0
15,1930,0.8114486913540212,3.88188052525603e-06,0.15989392559979515,0.02865350116565852,25,10,0
15,1931,0.811017562375463,3.882080868317128e-06,0.16032503456076694,0.028653520982901196,25,10,0
15,1932,0.8151915202158979,3.878454663626204e-06,0.15615252384627795,0.028652077483160333,25,10,0
15,1933,0.8209095010969234,3.861047026581733e-06,0.15043566121502572,0.02865097664102386,25,10,0
15,1934,0.8211859031053649,3.860947649602991e-06,0.15015928325409944,0.028650952692885735,25,10,0
15,1935,0.8106370762584519,4.096168053697356e-06,0.16070674669130708,0.028652080882186577,25,10,0
15,1936,0.8216605895956203,4.2334889187737655e-06,0.14968235947211184,0.02865281744334887,25,10,0
15,1937,0.8381891660774982,4.2380300834262785e-06,0.13315144961550185,0.028655146276916666,25,10,0
15,1938,0.838158577350572,4.237877928312946e-06,0.13318208695869344,0.028655097812806393,25,10,0
15,1939,0.8384888664067955,4.237685292710658e-06,0.13285181860849674,0.028655077299415178,25,10,0
15,1940,0.8396349751061848,4.237695561399546e-06,0.13170572371273231,0.028655063485521545,25,10,0
15,1941,0.8398846966614154,4.2375280367464505e-06,0.1314560417408679,0.028655024069680218,25,10,0
15,1942,0.8492947076245585,4.016480329232504e-06,0.1220435582810317,0.02865771761408077,25,10,0
15,1943,0.8752897106747827,1.2492020484461009e-05,0.09599977007440186,0.028698027230331005,25,10,0
15,1944,0.8747750972089308,1.2503234857995545e-05,0.09651333536443218,0.02869906419177916,25,10,0
15,1945,0.8751448181411458,1.2491987375784286e-05,0.096144663206807,0.02869802666467152,25,10,0
15,1946,0.88895871020235,1.2153067947925852e-05,0.08237851823384655,0.028650618495855883,25,10,0
15,1947,0.8888237738588313,1.2158060846839863e-05,0.08251340087438709,0.028650667205934913,25,10,0
15,1948,0.8887555081901035,1.215891231446822e-05,0.08258165328117492,0.028650679616407056,25,10,0
15,1949,0.8838497281429964,1.216854879125755e-05,0.08748746501725427,0.028650638290958007,25,10,0
15,1950,0.8926482248122479,1.2160331086578638e-05,0.07868897910843678,0.028650635748228556,25,10,0
15,1951,0.8926565460598361,1.2160483247486522e-05,0.07868065754813419,0.028650635908782144,25,10,0
15,1952,0.8929203685282827,1.2160571462125827e-05,0.07841683443948264,0.028650636460772275,25,10,0
15,1953,0.8987189238480152,1.21562987699934e-05,0.07261782702837644,0.02865109282483822,25,10,0
15,1954,0.8984653134120056,1.2156388136419001e-05,0.07287006185839279,0.028652468341465155,25,10,0
15,1955,0.8984620840517813,1.2156384063850481e-05,0.0728733003335524,0.028652459230602282,25,10,0
15,1956,0.8875900716952598,1.2560315953428649e-05,0.08374391174693484,0.02865345624185153,25,10,0
15,1957,0.8876046457815197,1.256022485373075e-05,0.08373073036804364,0.02865206362558254,25,10,0
15,1958,0.8869826265332328,1.2574661625854623e-05,0.08435253268602662,0.028652266119114343,25,10,0
15,1959,0.8868017149869556,1.2574513271767486e-05,0.08453344507823587,0.028652265421536406,25,10,0
15,1960,0.8507488940943252,1.257445494655072e-05,0.12058613831095846,0.02865239313976997,25,10,0
15,1961,0.8505281854769797,1.2579252722493966e-05,0.1208068208343222,0.028652414435975822,25,10,0
15,1962,0.8542379278880746,1.0285107998636671e-05,0.11709987044892578,0.028651916555001312,25,10,0
15,1963,0.853546407317785,1.0466723189408345e-05,0.11774182506209327,0.028701300896932666,25,10,0
15,1964,0.8532845038581747,1.0466803272539576e-05,0.11800373006995533,0.028701299268597942,25,10,0
15,1965,0.8533991479013423,1.0466801922121765e-05,0.11788908600729549,0.028701299289440402,25,10,0
15,1966,0.8525316645747348,1.0453060779007286e-05,0.11875659386042764,0.028701288504058682,25,10,0
15,1967,0.8619721382885926,1.0456872430436963e-05,0.10936970843635999,0.02864769640261715,25,10,0
15,1968,0.8558106105548674,1.007610179998722e-05,0.11553255862855111,0.028646754714781942,25,10,0
15,1969,0.8559046958096203,1.00683870560916e-05,0.11543847070222105,0.028646765101103266,25,10,0
15,1970,0.8560731588821793,1.0066262351660629e-05,0.11527189571494974,0.02864487914051993,25,10,0
15,1971,0.8567312437750819,1.0058509737629121e-05,0.11461660722004405,0.028642090495136895,25,10,0
15,1972,0.8571323574471176,1.0044270784685392e-05,0.11421570902501585,0.028641889257082175,25,10,0
15,1973,0.8550393743955399,9.946346079951454e-06,0.1163358555618628,0.028614823696517425,25,10,0
15,1974,0.8542239905088198,9.965274094187167e-06,0.11715115218188117,0.028614892035205054,25,10,0
15,1975,0.8547359485632954,9.955295654912584e-06,0.1166777329186729,0.028576363222377315,25,10,0
15,1976,0.854723945095912,9.395434286113907e-06,0.11669256690855083,0.028574092561251086,25,10,0
15,1977,0.8509672997498017,9.395515208710442e-06,0.12044918947434415,0.02857411526064541,25,10,0
15,1978,0.8570624284742379,9.571319046052159e-07,0.11340353194786312,0.029533082445994334,25,10,0
15,1979,0.8578154711467068,2.9667519609006297e-07,0.1126512079154991,0.029533024262597785,25,10,0
15,1980,0.8581672421389942,2.9183923925674367e-07,0.11229946416832788,0.029533001853438493,25,10,0
15,1981,0.8728217403319322,2.782582322559401e-07,0.09760808303968899,0.02956989837014633,25,10,0
15,1982,0.8679648359980802,3.562293923875093e-07,0.10246650050515077,0.02956830726737631,25,10,0
15,1983,0.8614800128750807,3.6374639730081514e-07,0.10894921301167938,0.029570410366842503,25,10,0
15,1984,0.8659522549835802,2.9371396120241374e-07,0.10447736164134995,0.02957008966110833,25,10,0
15,1985,0.8971643912456513,2.9376931728263263e-07,0.07326535805910393,0.02956995692592744,25,10,0
15,1986,0.8885794941825652,4.77160336610527e-07,0.08184920346437914,0.029570825192719048,25,10,0
15,1987,0.8889029564532024,4.7535112390376576e-07,0.08152577597292514,0.02957079222274855,25,10,0
15,1988,0.8905489147458971,4.6049896910994026e-07,0.0798836588932491,0.02956696586188448,25,10,0
15,1989,0.9037844291902034,9.450704887183134e-07,0.059146127347207075,0.037068498392100704,25,10,0
15,1990,0.9039131633695017,9.448513480560402e-07,0.05901854878940295,0.03706734298974718,25,10,0
15,1991,0.9060042703401398,9.402978156531147e-07,0.05696303449613684,0.0370317548659078,25,10,0
15,1992,0.9057334117616991,9.599294432546303e-07,0.057233882413575604,0.037031745895281847,25,10,0
15,1993,0.905577673998063,9.64965650807945e-07,0.05738966270726653,0.037031698329019334,25,10,0
15,1994,0.9056246197015494,9.742830319939443e-07,0.057342473266300945,0.037031932749117244,25,10,0
15,1995,0.9059092847374728,9.69171437143874e-07,0.05705915325209673,0.03703059283899286,25,10,0
15,1996,0.905729630028989,9.624512687812546e-07,0.05723876801419884,0.03703063950554296,25,10,0
15,1997,0.8897380956190922,9.72407005132959e-07,0.07322762207737027,0.03703330989653196,25,10,0
15,1998,0.8890563540937387,9.740937680245775e-07,0.07391046406102951,0.0370322077514633,25,10,0
15,1999,0.9103193132582157,1.1487495098741874e-06,0.0778872467436941,0.011792291248580031,25,10,0
15,2000,0.911252326208648,1.1487393096879295e-06,0.07695423437159338,0.011792290680448814,25,10,0
15,2001,0.9107403757684023,1.1423994798433053e-06,0.07746281590416118,0.011795665927956665,25,10,0
15,2002,0.9104129885638792,1.1453793763860251e-06,0.07778939521837054,0.011796470838373721,25,10,0
15,2003,0.9001341487087552,1.126597510789721e-06,0.08806830308203802,0.011796421611696304,25,10,0
15,2004,0.9042082089751909,1.053957757681773e-06,0.08499355753539291,0.010797179531658707,25,10,0
15,2005,0.9040794253941832,1.0540474343530996e-06,0.08512231635353565,0.010797204204846948,25,10,0
15,2006,0.9042372552957783,1.047565071729116e-06,0.08496472883658544,0.010796968302564512,25,10,0
15,2007,0.8983652431260926,1.0476322019776846e-06,0.09083672965929854,0.010796979582406859,25,10,0
15,2008,0.9072803510539199,8.390705844699316e-07,0.08518371220138589,0.0075350976741096745,25,10,0
15,2009,0.9060495050398006,8.300043730996952e-07,0.08641479781790246,0.007534867137923532,25,10,0
15,2010,0.9057670361461561,8.315224763529187e-07,0.08668227136407274,0.007549860967294478,25,10,0
15,2011,0.9115559127411668,8.355276770709821e-07,0.0808924031139914,0.007550848617164724,25,10,0
15,2012,0.9102034041302381,8.746493420247884e-07,0.08223247501517916,0.007563246205240442,25,10,0
15,2013,0.9212832866180618,8.648751090893252e-07,0.07115522159779347,0.007560626909035697,25,10,0
15,2014,0.921129994882343,8.552901158430013e-07,0.0713084923124334,0.007560657515107622,25,10,0
15,2015,0.9264160160977569,8.581916527489682e-07,0.06602347947856621,0.007559646232024094,25,10,0
15,2016,0.9209907898741447,1.331948300025117e-06,0.07144695722590638,0.007560920951648837,25,10,0
15,2017,0.9208332091523456,1.332249692731969e-06,0.07160452694766618,0.007560931650295546,25,10,0
15,2018,0.9216285631450356,1.3136021161474651e-06,0.07080915414653147,0.0075609691063169395,25,10,0
15,2019,0.8939073472487776,1.34804211282399e-06,0.09853243733497433,0.007558867374134539,25,10,0
15,2020,0.8772503666960412,8.657314974329779e-07,0.08456138024376464,0.03818738732869632,25,10,0
15,2021,0.8772186553694895,8.6657880995362e-07,0.08459292414722851,0.038187553904471615,25,10,0
15,2022,0.8810090183424636,8.664986325990368e-07,0.08080258368832532,0.03818753147057821,25,10,0
15,2023,0.8720946545064225,9.720448213277207e-07,0.08968948997375974,0.03821488347499615,25,10,0
15,2024,0.8763858940515362,8.438594501558896e-07,0.08543360407224734,0.03817965801676619,25,10,0
15,2025,0.8631076485732918,6.798698110749363e-06,0.09870574044220351,0.038179812286393486,25,10,0
15,2026,0.8702183370606049,6.798831183388729e-06,0.09159480207783721,0.03818006203037407,25,10,0
15,2027,0.8901659965779578,7.065194300150436e-06,0.10568941793257927,0.004137520295162916,25,10,0
15,2028,0.8988454713169266,6.885786386258089e-06,0.09701097209089304,0.004136670805794626,25,10,0
15,2029,0.8982992608224423,6.890008616717662e-06,0.09749129799162093,0.004202551177320616,25,10,0
15,2030,0.8988505816702645,6.904370752886328e-06,0.09694003245499187,0.004202481503991282,25,10,0
15,2031,0.8989563039315146,6.90424315099309e-06,0.0968324023793439,0.004204389445990669,25,10,0
15,2032,0.8978930881943572,6.890448686219351e-06,0.09789891848652639,0.0042011028704304985,25,10,0
15,2033,0.884589528369502,7.6081482161657555e-06,0.11029782708844665,0.005105036393834858,25,10,0
15,2034,0.8844270489948154,7.587848027572208e-06,0.11046031955996918,0.00510504359718758,25,10,0
15,2035,0.884711657915992,7.5894015282931955e-06,0.11017547408155477,0.005105278600924596,25,10,0
15,2036,0.8847178664962283,7.589303388093678e-06,0.11017117439245667,0.005103369807926745,25,10,0
15,2037,0.8849789078959516,7.589098748678573e-06,0.10991038223813865,0.005103120767160851,25,10,0
15,2038,0.8610363626185052,8.029225912552322e-06,0.13385244635878454,0.0051031617967977035,25,10,0
15,2039,0.8701813144123228,2.7300906482119096e-05,0.128772572901632,0.0010188117795631407,25,10,0
15,2040,0.8706690791916673,2.730085780100578e-05,0.12828492924993984,0.0010186907005919799,25,10,0
15,2041,0.8744170852569408,2.7325719847561605e-05,0.12453353866271735,0.0010220503604946737,25,10,0
15,2042,0.8742826391060867,2.732572673488048e-05,0.1246666036571586,0.0010234315100202905,25,10,0
15,2043,0.8572974383957555,2.685174285347858e-05,0.14152798602623412,0.001147723835157016,25,10,0
15,2044,0.856175513231535,2.6871872683809965e-05,0.1426487636387335,0.0011488512570478455,25,10,0
15,2045,0.8551556424850938,2.6873605154066525e-05,0.14366852923473028,0.0011489546750219023,25,10,0
15,2046,0.843509296585032,2.2345674912258896e-05,0.1562233023064167,0.0002450554336394437,25,10,0
15,2047,0.8443349533504354,2.2340129049453886e-05,0.1554000635426317,0.00024264297788389352,25,10,0
15,2048,0.8464514819450177,2.232377466929091e-05,0.15328688837402502,0.00023930590628862952,25,10,0
15,2049,0.8695709129070462,2.188490811287772e-05,0.13016776684597972,0.0002394353388612676,25,10,0
15,2050,0.8925652631741577,2.1912911275756863e-05,0.10729139314156186,0.00012143077300462236,25,10,0
15,2051,0.8927011427450734,2.1911202956054988e-05,0.10716945937625613,0.00010748667571430758,25,10,0
15,2052,0.8757264753588838,2.1911621513616655e-05,0.123965128663174,0.0002864843564285289,25,10,0
15,2053,0.9099339091631847,2.186966558339066e-05,0.0897577382194849,0.00028648295174704035,25,10,0
15,2054,0.9100074641520436,2.1862525528770913e-05,0.08968420860866169,0.00028646471376579587,25,10,0
15,2055,0.9473582937628023,1.9921312341871213e-05,0.05233363390615291,0.0002881510187028777,25,10,0
15,2056,0.9469358015895799,1.9921406965762696e-05,0.0527561255473173,0.00028815145613713257,25,10,0
15,2057,0.9553621273107167,1.9845856254165536e-05,0.04435356393305733,0.00026446289997170385,25,10,0
15,2058,0.9542253253787201,2.0296995038723855e-05,0.04548566893321946,0.0002687086930218874,25,10,0
15,2059,0.9542299089798497,2.0296992664573265e-05,0.04548108534600535,0.00026870868148039787,25,10,0
15,2060,0.9491058624934909,2.05153498909609e-05,0.050603901428008656,0.0002697207286092387,25,10,0
15,2061,0.9128605829651546,2.0511290061855564e-05,0.08684919930046597,0.0002697064443173998,25,10,0
15,2062,0.8789431230973369,2.0344537644081162e-05,0.12075877247858599,0.00027775988643271925,25,10,0
15,2063,0.8790338937434623,2.0349556475907452e-05,0.12066797329293256,0.00027778340712913074,25,10,0
15,2064,0.8783351434726103,2.0349591386288533e-05,0.12136671334358544,0.00027779359241798563,25,10,0
15,2065,0.873758734850699,2.0520453585330537e-05,0.12594132962903618,0.0002794150666799093,25,10,0
15,2066,0.8793103888508036,2.0287504337256654e-05,0.12039101703532283,0.00027830660953649547,25,10,0
15,2067,0.8804924224332131,2.0340765583996587e-05,0.11919579762109132,0.0002914391801116883,25,10,0
15,2068,0.8849397857241614,2.017016792433783e-05,0.11475020263641458,0.00028984147149989717,25,10,0
15,2069,0.8854187350539564,2.013496817550186e-05,0.11428101916960456,0.00028011080826367737,25,10,0
15,2070,0.8658759398734233,2.1006946589407547e-05,0.13358906856456843,0.0005139846154192245,25,10,0
15,2071,0.8706942598171916,2.100673273128178e-05,0.12877080007562697,0.0005139333744505569,25,10,0
15,2072,0.8702500655485469,2.1017299598009113e-05,0.1291622556900749,0.0005666614617806158,25,10,0
15,2073,0.8703901728789948,2.10086366701149e-05,0.12902221555432702,0.0005666029300086723,25,10,0
15,2074,0.8334785493372846,2.1025321429206137e-05,0.16598281550281538,0.0005176098384719907,25,10,0
15,2075,0.8494258235002665,2.1024932511095594e-05,0.15021452879458727,0.0003386227726358456,25,10,0
15,2076,0.8477583724809419,1.5242114285277974e-06,0.15170696941355455,0.0005331338940754181,25,10,0
15,2077,0.8754623644027782,1.527086595473576e-06,0.1239375400062338,0.0005985685043927587,25,10,0
15,2078,0.8604877953481582,1.538674662601256e-06,0.13890895635962278,0.0006017096175568895,25,10,0
15,2079,0.8600640605047631,1.5703394242882077e-06,0.13933282346015946,0.0006015456956534468,25,10,0
15,2080,0.8498134854070878,1.582835675632076e-06,0.1495823370491467,0.0006025947080902192,25,10,0
15,2081,0.8499635599601448,1.582623083274794e-06,0.1494323117826066,0.0006025456341653392,25,10,0
15,2082,0.8508469622211,1.5488026188164219e-06,0.14855357846342385,0.0005979105128571414,25,10,0
15,2083,0.8518397041199169,1.547370843009253e-06,0.14756085514616316,0.0005978933630767672,25,10,0
15,2084,0.8533318569038054,1.0961256110248414e-06,0.14607342130629872,0.0005936256642846158,25,10,0
15,2085,0.8533111357009889,1.0963048761867546e-06,0.14609413996924517,0.0005936280248894974,25,10,0
15,2086,0.8305677340835972,1.5243163599163445e-06,0.1688371354327671,0.00059360616727485,25,10,0
15,2087,0.8296353288892173,1.5243033791854846e-06,0.169764228524556,0.0005989182828466426,25,10,0
15,2088,0.792374359435142,2.383303132161046e-06,0.19407868791246197,0.013544569349262766,25,10,0
15,2089,0.8259831506050189,2.3915822349045078e-06,0.1604828712371603,0.013531586575585586,25,10,0
15,2090,0.8269849512054264,2.39073397082262e-06,0.15948107482448362,0.013531583236118593,25,10,0
15,2091,0.8278926748515021,2.394307065812878e-06,0.15852126205325476,0.013583668788176784,25,10,0
15,2092,0.8433300199910252,2.3833971920213053e-06,0.14308707882910845,0.013580517782673511,25,10,0
15,2093,0.83831518809055,2.386903637670459e-06,0.14810190046483546,0.013580524540976276,25,10,0
15,2094,0.8339547482936553,2.3474989086928037e-06,0.1526601224978642,0.013382781709571816,25,10,0
15,2095,0.8534846287437436,1.4753472903854425e-06,0.13336501173798054,0.013148884170985474,25,10,0
15,2096,0.8535729820073981,1.4753693280911772e-06,0.13327667192546724,0.01314887069780668,25,10,0
15,2097,0.8539406355541594,2.032833136755744e-06,0.13290853055737606,0.01314880105532772,25,10,0
15,2098,0.8913099618066096,2.005666262575396e-06,0.09554295551120404,0.013145077015923465,25,10,0
15,2099,0.8978007566004319,2.001356302248778e-06,0.08911777396942096,0.013079468073844256,25,10,0
15,2100,0.887787432205319,2.1123840386662594e-06,0.09748213550899994,0.014728319901641808,25,10,0
15,2101,0.8824343854693446,2.2320957368536614e-06,0.10104205771530235,0.016521324719615472,25,10,0
15,2102,0.8829118113447975,2.2313906157006956e-06,0.10056463283342902,0.01652132443115731,25,10,0
15,2103,0.8833589384494269,2.2037734174619e-06,0.10012500691895371,0.016513850858201597,25,10,0
15,2104,0.8837641124919909,2.198655069209755e-06,0.0997198623961429,0.016513826456796582,25,10,0
15,2105,0.8736473492924969,1.1690623865367078e-05,0.10982558205803372,0.01651537802560386,25,10,0
15,2106,0.8741161678567048,1.1696900210269127e-05,0.10935684347810012,0.016515291764984702,25,10,0
15,2107,0.8738536906392542,1.171042303122709e-05,0.10961930423476524,0.01651529470294925,25,10,0
15,2108,0.8470417577169798,1.16253344485291e-05,0.13808011943939322,0.014866497509178121,25,10,0
15,2109,0.8572991331820791,1.1616647849747718e-05,0.12782280269847093,0.01486644747159963,25,10,0
15,2110,0.8587514915360301,1.1622864303905889e-05,0.12609910675221297,0.015137778847452018,25,10,0
15,2111,0.8738888447091486,1.1616435704683365e-05,0.11123314802336624,0.01486639083178002,25,10,0
15,2112,0.8736402354121634,1.1621630231214309e-05,0.11148175149599318,0.014866391461611665,25,10,0
15,2113,0.8740978951812431,1.1617696975132182e-05,0.11108155484495034,0.014808932276830809,25,10,0
15,2114,0.8972992950588565,1.1207785216090463e-05,0.08788054454415156,0.014808952611775028,25,10,0
15,2115,0.8983839388639018,1.1180091002020796e-05,0.08679457714042522,0.014810303904670008,25,10,0
15,2116,0.8982594870498269,1.1175074736916577e-05,0.08684137439309149,0.014887963482343754,25,10,0
15,2117,0.8983276488174613,1.1175052847748007e-05,0.08677318743120371,0.014887988698486548,25,10,0
15,2118,0.90236623111499,1.1171948904196684e-05,0.08273447221519897,0.014888124720905872,25,10,0
15,2119,0.902348622718205,1.1163768033483028e-05,0.08275204247289539,0.014888171040865445,25,10,0
15,2120,0.8987681401288509,1.1395919055633521e-05,0.08633102233775139,0.014889441614341551,25,10,0
15,2121,0.8970905206853638,1.1478327519564147e-05,0.08800771383851655,0.014890287148599492,25,10,0
15,2122,0.8971916365583471,1.1478597261301252e-05,0.08790659649811314,0.01489028834627784,25,10,0
15,2123,0.897109414839982,1.147875333174411e-05,0.08798880891608275,0.014890297490602828,25,10,0
15,2124,0.892602717526789,1.1540128852663715e-05,0.09232750805636865,0.015058234287988984,25,10,0
15,2125,0.8928015349580091,1.1767819194215849e-05,0.09212675687880367,0.01505994034399235,25,10,0
15,2126,0.8597207459489644,1.2471087121902955e-05,0.1251942558462355,0.015072527117678244,25,10,0
15,2127,0.8691733404585006,2.9901196542121617e-06,0.1157516383638492,0.015072031057995972,25,10,0
15,2128,0.8632672849930699,2.984859475272446e-06,0.1216577275479631,0.015072002599491499,25,10,0
15,2129,0.8714762764518817,2.687521063244204e-06,0.11361924048877473,0.01490179553828024,25,10,0
15,2130,0.8549290191936578,2.687613248981155e-06,0.13016649727826443,0.014901795914828722,25,10,0
15,2131,0.8611207726952975,2.687531385470794e-06,0.12397476466786973,0.014901775105447282,25,10,0
15,2132,0.8564162527492915,2.846563168729481e-06,0.1286784170774564,0.014902483610083322,25,10,0
15,2133,0.8579469058225943,2.7475622873906294e-06,0.1271487716412754,0.014901574973843017,25,10,0
15,2134,0.8581402748501352,2.7474037326410618e-06,0.12695544758506025,0.01490153016107178,25,10,0
15,2135,0.8744979575700035,2.7517258208208697e-06,0.11059722176714759,0.014902068937028246,25,10,0
15,2136,0.8669594950413526,8.372485711910684e-06,0.11810380681829265,0.014928325654642813,25,10,0
15,2137,0.8317207961272906,8.435147013494079e-06,0.15341441229232772,0.014856356433368625,25,10,0
15,2138,0.7931471138897954,2.3265554799683257e-05,0.19190260129152237,0.014927019263882004,25,10,0
15,2139,0.7926439881309234,2.3266473111666492e-05,0.19240660910011126,0.014926136295853223,25,10,0
15,2140,0.7927594944933811,2.3266471566215967e-05,0.19229110323187165,0.014926135803180479,25,10,0
15,2141,0.783395196747757,3.2095466146012114e-05,0.2016432580951651,0.014929449690931218,25,10,0
15,2142,0.7767056037932422,3.2103017164829895e-05,0.20833168493873802,0.014930608250854287,25,10,0
15,2143,0.7772730737026045,1.8053617651391785e-05,0.20784518468908675,0.014863687990656847,25,10,0
15,2144,0.7838975714318163,1.2240599984544823e-05,0.20124957868280136,0.014840609285397323,25,10,0
15,2145,0.8218967078078278,1.1459763861589136e-05,0.163254988572893,0.014836843855417316,25,10,0
15,2146,0.8217719984828986,1.1459850486767492e-05,0.163379721627065,0.01483682003954962,25,10,0
15,2147,0.8185509713563419,1.1453169171483729e-05,0.16660181081598108,0.014835764658505373,25,10,0
15,2148,0.8146087792212814,1.171339791212105e-05,0.17054250558526626,0.014837001795540553,25,10,0
15,2149,0.8120034402569565,1.168220601654625e-05,0.17308387991600338,0.014900997621023902,25,10,0
15,2150,0.7760353665148483,2.1608031120477045e-05,0.2089960338994235,0.014946991554608307,25,10,0
15,2151,0.744201523473022,0.0027693725061715773,0.2380780521954835,0.014951051825323693,25,10,0
15,2152,0.7485980785497114,0.0027692194377694373,0.23368154057031,0.01495116144220994,25,10,0
15,2153,0.7181106723270488,0.0027604115510018175,0.26418094134363534,0.014947974778314221,25,10,0
15,2154,0.7505068371218041,1.2643265050641434e-05,0.234536554476532,0.014943965136613634,25,10,0
15,2155,0.7505855060783656,1.264308760723872e-05,0.23445787100942056,0.014943979824606856,25,10,0
15,2156,0.7491848137756705,2.7161639691839205e-06,0.23590848112428475,0.014903988936075948,25,10,0
15,2157,0.7491179049782011,2.714978778909693e-06,0.23597559496531506,0.014903785077705472,25,10,0
15,2158,0.7333358208238525,2.470197032085501e-06,0.2471990555628334,0.019462653416282834,25,10,0
15,2159,0.7667933598916471,2.4490311064629663e-06,0.2137415570069278,0.01946263407031894,25,10,0
15,2160,0.8064383104245906,2.420977928772443e-06,0.17409676759016385,0.019462501007316967,25,10,0
15,2161,0.800302539566733,2.421045589646835e-06,0.18023255291285267,0.019462486474825125,25,10,0
15,2162,0.8012522852882427,2.30394712058318e-06,0.18114190553929965,0.0176035052253374,25,10,0
15,2163,0.8012271511339611,2.3143993964700903e-06,0.18116702713302502,0.017603507333617797,25,10,0
15,2164,0.7954608692039327,2.31461341178258e-06,0.1869321705506814,0.017604645631974822,25,10,0
15,2165,0.7960635473078679,2.4043791644666877e-06,0.18633500086076143,0.017599047452206508,25,10,0
15,2166,0.7960065713661746,2.405266109724785e-06,0.18639189222736618,0.01759913114034987,25,10,0
15,2167,0.7992728047442833,2.579672469307205e-06,0.18312457330533533,0.01760004227791202,25,10,0
15,2168,0.7978861008881847,3.26978688206965e-06,0.1845072108274664,0.017603418497466893,25,10,0
15,2169,0.797916086606596,3.2694903797293684e-06,0.18447723565952878,0.017603408243495707,25,10,0
15,2170,0.7624237712349711,3.269494071466692e-06,0.21996954925528148,0.017603410015676054,25,10,0
15,2171,0.7681904735596669,3.2692753218937548e-06,0.21420396133561076,0.0176022958294014,25,10,0
15,2172,0.7731572466005381,3.262219671930079e-06,0.20923720720677388,0.017602283973016934,25,10,0
15,2173,0.7733486925983487,3.256337013865709e-06,0.20904660970117464,0.017601441363463765,25,10,0
15,2174,0.7733636011764392,3.2568119267537786e-06,0.2090315076538706,0.01760163435776447,25,10,0
15,2175,0.8131279684125855,2.4761673995630754e-06,0.16927172845813732,0.017597826961877706,25,10,0
15,2176,0.795024383895377,3.15607834819984e-06,0.1873746019995564,0.017597858026719166,25,10,0
15,2177,0.8056752069071087,3.715123107730811e-06,0.17664630579847135,0.017674772171313188,25,10,0
15,2178,0.8379976591951552,2.4303845565559886e-06,0.1443327219731569,0.017667188447131374,25,10,0
15,2179,0.8322519834710636,2.4258278291290706e-06,0.1500784025664863,0.017667188134621207,25,10,0
15,2180,0.8511716460537315,1.7459158445737274e-06,0.13115935829368755,0.017667249736736085,25,10,0
15,2181,0.8485251478277712,1.7453027949443534e-06,0.1338059089147364,0.017667197954697317,25,10,0
15,2182,0.8483080117733113,1.7553277534483844e-06,0.13402320334759638,0.01766702955133887,25,10,0
15,2183,0.8509981655494241,1.7509360119977304e-06,0.13140200966037283,0.017598073854191,25,10,0
15,2184,0.8569891481253606,1.7508570122713063e-06,0.12541102853108613,0.017598072486540398,25,10,0
15,2185,0.8627023007321415,1.7487735152235426e-06,0.11964081861899396,0.017655131875348628,25,10,0
15,2186,0.8625714651181974,1.744061750365328e-06,0.1197721313160347,0.017654659504017206,25,10,0
15,2187,0.862960550867748,1.7335575343564161e-06,0.11938308007087256,0.017654635503844787,25,10,0
15,2188,0.8629266597403944,1.735273465709456e-06,0.11941669792763916,0.01765490705850015,25,10,0
15,2189,0.8629790336864681,1.7343866144880403e-06,0.11936440853897907,0.017654823387937647,25,10,0
15,2190,0.8984672022705036,1.73438144817274e-06,0.08387621758934374,0.017654845758704286,25,10,0
15,2191,0.897418899125382,1.7353047985107577e-06,0.0849244506464918,0.0176549149233277,25,10,0
15,2192,0.8904181138704036,1.7438665247521604e-06,0.09192517967390561,0.017654962589166014,25,10,0
15,2193,0.8900225344986231,1.7440352803909805e-06,0.09231963963924018,0.017656081826856428,25,10,0
15,2194,0.8912091931745931,1.743025229172298e-06,0.09113307486123086,0.017655988938946706,25,10,0
15,2195,0.8912096983228065,1.7430044922225785e-06,0.0911326628437043,0.017655895828997115,25,10,0
15,2196,0.9278213464519675,8.940483686333634e-07,0.06746619675210584,0.004711562747558039,25,10,0
15,2197,0.9276185273010367,8.94416336414293e-07,0.0676690378361947,0.0047115404464322126,25,10,0
15,2198,0.9277434302593164,8.942344799820434e-07,0.06754413594589895,0.00471153956030456,25,10,0
15,2199,0.9475027111390346,8.787005806402251e-07,0.0523449873294354,0.00015142283094920798,25,10,0
15,2200,0.938816412942085,1.0936305332417221e-06,0.06108708749319512,9.540593418659314e-05,25,10,0
15,2201,0.9380821741830538,1.1008949965240309e-06,0.06182255477556404,9.417014638550155e-05,25,10,0
15,2202,0.9389053519726661,9.222792880241784e-07,0.06100041614244641,9.33096055994235e-05,25,10,0
15,2203,0.9459037580291727,9.137167547836968e-07,0.054002065858227734,9.326239584481542e-05,25,10,0
15,2204,0.9360804725793826,9.20739798530767e-07,0.06382531017732157,9.329650349702072e-05,25,10,0
15,2205,0.9352876711270107,9.222460039302513e-07,0.06461744208898117,9.396453800408408e-05,25,10,0
15,2206,0.9353404723050395,9.225710061118644e-07,0.06456574670583362,9.285841812076602e-05,25,10,0
15,2207,0.9352870487927482,9.225741572713522e-07,0.0646191701973481,9.285843574653514e-05,25,10,0
15,2208,0.9196056393075906,3.234643062796056e-05,0.08026910725261768,9.290700916364469e-05,25,10,0
15,2209,0.9164095641095201,3.2346435987612154e-05,0.08346518202532877,9.290742916332266e-05,25,10,0
15,2210,0.9159283082750284,3.234643596691353e-05,0.08394643809869065,9.290719031358874e-05,25,10,0
15,2211,0.9122913434279084,3.235360989262584e-05,0.08754857430649458,0.0001277286557036231,25,10,0
15,2212,0.9118760248506723,3.2359966470587845e-05,0.08796384479489426,0.00012777038796206902,25,10,0
15,2213,0.9123586073857848,3.2360036656950054e-05,0.08748126147804731,0.00012777109951039498,25,10,0
15,2214,0.9128013865084253,3.235368132213752e-05,0.0870385317919108,0.00012772801834149824,25,10,0
15,2215,0.9124686006980548,3.23519696412741e-05,0.08737159041778841,0.0001274569145151856,25,10,0
15,2216,0.9064491923510186,3.2355021878815665e-05,0.09338942181086395,0.00012903081623786395,25,10,0
15,2217,0.903595730763478,3.2349821050197026e-05,0.09624423832984019,0.00012768108563130507,25,10,0
15,2218,0.9123923512561334,3.213107443631798e-05,0.08744888088743696,0.0001266367819929534,25,10,0
15,2219,0.9115187562932313,3.214609772889553e-05,0.08831840155615234,0.00013069605288698223,25,10,0
15,2220,0.8981118776002487,3.250725211045686e-05,0.10172461956232469,0.00013099558531570534,25,10,0
15,2221,0.8711903113588889,3.260139343664813e-05,0.12863787811807817,0.0001392091295964394,25,10,0
15,2222,0.8661431189033564,3.260172529895501e-05,0.13368332769736083,0.00014095167398386088,25,10,0
15,2223,0.8594595572912902,3.2606682882605436e-05,0.14036682433646325,0.00014101168936411787,25,10,0
15,2224,0.8725090409402086,3.22578156983907e-05,0.12731683690632267,0.0001418643377702198,25,10,0
15,2225,0.8809310964835513,3.2234022634417964e-05,0.11785096165994703,0.0011857078338674938,25,10,0
15,2226,0.871541441883474,3.241242385659789e-05,0.12460643200997583,0.0038197136826938266,25,10,0
15,2227,0.8715470793881405,3.241242699770803e-05,0.12460081833277632,0.00381968985208606,25,10,0
15,2228,0.8775140315949638,3.241008191438306e-05,0.1186354363500938,0.0038181219730285916,25,10,0
15,2229,0.8780578361802125,3.239779687277061e-05,0.11809279449972111,0.0038169715231940863,25,10,0
15,2230,0.8659096737429044,3.2405716424246885e-05,0.13023858796589483,0.003819332574777018,25,10,0
15,2231,0.8659166214395235,3.2405645873877824e-05,0.1302316396665695,0.003819333248033763,25,10,0
15,2232,0.8437861351570541,3.239141311117763e-05,0.14496063936797848,0.01122083406185708,25,10,0
15,2233,0.8402199670729358,3.23968879614148e-05,0.14852543741105959,0.01122219862804376,25,10,0
15,2234,0.8514955773141805,3.2390541911487e-05,0.13725202169850706,0.01122001044540162,25,10,0
15,2235,0.8612551799762599,3.238619191319382e-05,0.1274924566420711,0.011219977189756362,25,10,0
15,2236,0.8855919107487483,3.176456425058367e-05,0.10323894956501295,0.011137375121988757,25,10,0
15,2237,0.885630157273667,3.176205900787242e-05,0.10320068073988646,0.01113739992743929,25,10,0
15,2238,0.8857499572653948,3.17620575272048e-05,0.1030808807328413,0.011137399944236988,25,10,0
15,2239,0.8884427281039374,3.23600451025846e-05,0.10144011962839898,0.010084792222561258,25,10,0
15,2240,0.8831905125110089,3.265544812146498e-05,0.10669197173357159,0.01008486030729857,25,10,0
15,2241,0.88273629655796,4.185542006453131e-05,0.10977002875722384,0.007451819264752172,25,10,0
15,2242,0.8856893309334578,4.264781678124019e-05,0.10681609192359806,0.0074519293261634655,25,10,0
15,2243,0.8941044496844305,3.326991563406224e-05,0.09841131679264524,0.007450963607290826,25,10,0
15,2244,0.8950695147686498,3.3268339603842796e-05,0.0974464245716315,0.007450792320115409,25,10,0
15,2245,0.8943764906443907,3.3269220275714304e-05,0.09813944417925212,0.007450795956082058,25,10,0
15,2246,0.8857572529116827,4.547134630810083e-05,0.10674542569313415,0.0074518500488755975,25,10,0
15,2247,0.8739863909133699,4.562578683550609e-05,0.11851609326407883,0.007451890035716379,25,10,0
15,2248,0.8745922123659321,4.594887437907807e-05,0.11790821014483166,0.00745362861485771,25,10,0
15,2249,0.8749450155114166,4.594837534675984e-05,0.11755542137702425,0.007453614736213024,25,10,0
15,2250,0.8721333116817482,5.283482239383646e-05,0.11849985594936616,0.009313997546492423,25,10,0
15,2251,0.8834749699259334,5.2684996824827643e-05,0.10715725900839523,0.009315086068846916,25,10,0
15,2252,0.8829062022450533,5.269138236923453e-05,0.10769290698592285,0.009348199386655,25,10,0
15,2253,0.8825019068719975,5.269654324323818e-05,0.10809583866104706,0.009349557923712752,25,10,0
15,2254,0.8839350974069851,5.26958418926299e-05,0.10666273362240014,0.00934947312872263,25,10,0
15,2255,0.8836768975068167,5.269546712773795e-05,0.1069209443082753,0.00934946271778083,25,10,0
15,2256,0.8845105311873555,5.23821943353263e-05,0.10608937999743281,0.009347706620876807,25,10,0
15,2257,0.8849840218336829,5.2375647929111194e-05,0.10564903385394286,0.009314568664445626,25,10,0
15,2258,0.8852776443171415,5.247903322441354e-05,0.1053544808979068,0.00931539575172784,25,10,0
15,2259,0.8840027266521652,5.2923518493086364e-05,0.10662682050950847,0.00931752931983405,25,10,0
15,2260,0.8870473988943055,5.293529580330591e-05,0.10361692062226129,0.00928274518763032,25,10,0
15,2261,0.8874926799094398,5.293068927587628e-05,0.10317277426777173,0.00928161513351314,25,10,0
15,2262,0.8894101907007256,5.291762823368674e-05,0.10125531507100302,0.00928157660003815,25,10,0
15,2263,0.8797577678933421,5.337711533427609e-05,0.1108248708445445,0.009363984146779643,25,10,0
15,2264,0.8652747608342094,5.5306159099043505e-05,0.10389184538291163,0.030778087623780398,25,10,0
15,2265,0.8746042864074862,4.841488658730699e-05,0.09642779900596768,0.02891949969995934,25,10,0
15,2266,0.883764728868922,4.795954567777641e-05,0.08734911533427087,0.028838196251130058,25,10,0
15,2267,0.8842534481510187,4.795548897639338e-05,0.08686150350789164,0.028837092852113885,25,10,0
15,2268,0.8890394248927715,4.796532791376889e-05,0.08207723369054604,0.02883537608876921,25,10,0
15,2269,0.8889078713190183,4.796544589699292e-05,0.08220877733023567,0.028835385904849513,25,10,0
15,2270,0.8887795489234371,4.796566185810167e-05,0.08233707899580646,0.028835406418898847,25,10,0
15,2271,0.8830421950456336,4.796568000367619e-05,0.08807248699732848,0.028837352277034517,25,10,0
15,2272,0.8917250700683845,3.5762843117398557e-05,0.07940287612568443,0.028836290962813937,25,10,0
15,2273,0.892017058501041,3.5752799788300094e-05,0.07911000297490191,0.02883718572426916,25,10,0
15,2274,0.8918552075685511,3.575912256884458e-05,0.07927271833102022,0.028836314977860183,25,10,0
15,2275,0.9022586386948873,4.484405878298178e-06,0.06886097833672614,0.028875898562508558,25,10,0
15,2276,0.9024237224004074,4.474339644909922e-06,0.06869595375424548,0.028875849505702624,25,10,0
15,2277,0.9022802111058746,4.474427461152395e-06,0.06883946540638032,0.028875849060284255,25,10,0
15,2278,0.8998139815620685,2.586054870037958e-06,0.06381295220115098,0.03637048018191082,25,10,0
15,2279,0.8996527776124161,2.596344430543096e-06,0.0639741431444076,0.0363704828987461,25,10,0
15,2280,0.9024102386467137,2.6004162465598604e-06,0.06121563785570319,0.0363715230813369,25,10,0
15,2281,0.9025792385199257,2.6002826426253494e-06,0.06104849339511865,0.03636966780231319,25,10,0
15,2282,0.9023447610436764,2.6196639583709865e-06,0.06128285539602394,0.036369763896341493,25,10,0
15,2283,0.9070921136843272,2.720392616556961e-06,0.05657503341476411,0.03633013250829224,25,10,0
15,2284,0.9061677890393165,2.72039646146065e-06,0.05749935752796819,0.03633013303625403,25,10,0
15,2285,0.9077484777893051,2.6797963007608315e-06,0.05737167496565948,0.034877167448734904,25,10,0
15,2286,0.8733660886470754,2.681083796441478e-06,0.0917410356124737,0.03489019465665465,25,10,0
15,2287,0.8734763080156607,2.6708248376413633e-06,0.09163082728176902,0.03489019387773295,25,10,0
15,2288,0.8732319663498163,2.6660581806748825e-06,0.09187511789138358,0.03489024970061966,25,10,0
15,2289,0.8763678110077244,2.6660288492922474e-06,0.08873928109041287,0.034890241873013525,25,10,0
15,2290,0.8606568019379519,3.2102002441922822e-06,0.10444700448995484,0.03489298337184945,25,10,0
15,2291,0.8602134592357856,3.216476109764793e-06,0.10488979228713789,0.03489353200096699,25,10,0
15,2292,0.858605819269862,3.2164153760277896e-06,0.10184884721028517,0.039542117104477185,25,10,0
15,2293,0.8455497889126725,2.900865316989041e-05,0.11487672242805944,0.03954448000609852,25,10,0
15,2294,0.8302706917519668,2.902036883242313e-05,0.13015563324122378,0.03954465463797685,25,10,0
15,2295,0.8463199944862204,2.92304208673449e-05,0.11410518321267453,0.0395455918802383,25,10,0
15,2296,0.8467712530474821,2.921095765485359e-05,0.11365403732220745,0.03954549867265604,25,10,0
15,2297,0.8456843773971657,2.9212577439981926e-05,0.114733222037029,0.039553187988365816,25,10,0
15,2298,0.8618053498734304,2.854281147231523e-05,0.09861302037083336,0.039553086944264335,25,10,0
15,2299,0.8617309143778457,2.855198707968129e-05,0.0986879880228675,0.03955254561220736,25,10,0
15,2300,0.8622401443408789,2.8536532963260533e-05,0.09817878124018495,0.039552537885973175,25,10,0
15,2301,0.8690892193157519,2.852699135025836e-05,0.0913306756337221,0.03955157805917588,25,10,0
15,2302,0.8688933903034451,2.8521097401397803e-05,0.09139743511563564,0.0396806534835181,25,10,0
15,2303,0.8847192548569306,2.7976806292211526e-05,0.07557486772412518,0.03967790061265193,25,10,0
15,2304,0.8843065584261975,2.7986947129486655e-05,0.0759861543277405,0.0396793002989324,25,10,0
15,2305,0.8470678014527521,2.8000639914070785e-05,0.11322483408700464,0.03967936382032952,25,10,0
15,2306,0.85365198151301,2.7750801397794012e-05,0.1066408879765217,0.0396793797090708,25,10,0
15,2307,0.8531353376576832,2.775096015084631e-05,0.10715740509300214,0.03967950628916406,25,10,0
15,2308,0.853195232742622,2.7747100702476167e-05,0.10709712296402132,0.03967989719265436,25,10,0
15,2309,0.8532594080323039,2.7742259834119793e-05,0.10703313044141467,0.03967971926644735,25,10,0
15,2310,0.8844351626115798,2.7728559926709063e-05,0.07585745623993084,0.039679652588562014,25,10,0
15,2311,0.8981342713223915,1.9276132387022334e-06,0.062186560481761514,0.03967724058260735,25,10,0
15,2312,0.8923131026820635,1.927313328683695e-06,0.0680077299090482,0.03967724009555893,25,10,0
15,2313,0.8955722741787112,1.9219293294817713e-06,0.06474988039105302,0.03967592350090565,25,10,0
15,2314,0.9014207281066379,1.921937129974947e-06,0.058901424782259716,0.03967592517397168,25,10,0
15,2315,0.9015719821672725,1.9119530558844326e-06,0.05875157083441398,0.03967453504525699,25,10,0
15,2316,0.9072904935258134,1.9119785612555178e-06,0.05303308015670506,0.03967451433891983,25,10,0
15,2317,0.8877956780915811,2.05542746393851e-06,0.07042777097215577,0.04177449550879876,25,10,0
15,2318,0.893703465065869,2.0569570905817007e-06,0.0645219216839772,0.04177255629306256,25,10,0
15,2319,0.8939359530623081,2.0568090781219127e-06,0.06429086333643094,0.041771126792182194,25,10,0
15,2320,0.9111131117656888,2.0784819383437234e-06,0.0471205002793237,0.04176430947304906,25,10,0
15,2321,0.9066540379150116,8.614854682918581e-06,0.05157754657097777,0.04175980065932763,25,10,0
15,2322,0.8972809321581839,8.775233930916174e-06,0.06090884223979907,0.04180145036808587,25,10,0
15,2323,0.8847521350990415,9.58642779881275e-06,0.07343729203154249,0.04180098644161693,25,10,0
15,2324,0.8849361652767286,9.57621280324187e-06,0.07325330459391437,0.041800953916553654,25,10,0
15,2325,0.8845467872775093,9.354700747133716e-06,0.07364394546258074,0.04179991255916278,25,10,0
15,2326,0.8520529131306634,9.352794652423687e-06,0.10613782362140309,0.041799910453280346,25,10,0
15,2327,0.8520493723571029,9.35202170842226e-06,0.1056837538348249,0.04225752178636312,25,10,0
15,2328,0.849247665457789,9.39758443840741e-06,0.10848500515655665,0.04225793180121566,25,10,0
15,2329,0.8485513114295196,9.923250475011249e-06,0.10917822163077501,0.042260543689230615,25,10,0
15,2330,0.8540955000176664,9.90054378547131e-06,0.103636633986557,0.04225796545199132,25,10,0
15,2331,0.8725947286988845,9.757436784049464e-06,0.08723750854416418,0.04015800532016758,25,10,0
15,2332,0.8585967352532293,9.757484765656348e-06,0.10123459931352595,0.04015890794847929,25,10,0
15,2333,0.8586065822794389,9.75749030485517e-06,0.10122475214348789,0.040158908086768814,25,10,0
15,2334,0.8539469623840513,9.75969432363536e-06,0.10589214052101056,0.04015113740061442,25,10,0
15,2335,0.8595670788894679,1.0043127354214438e-05,0.10027171502920257,0.04015116295397542,25,10,0
15,2336,0.8587993474371176,1.0084097040187279e-05,0.1010393161654684,0.040151252300374016,25,10,0
15,2337,0.8591824413950501,1.0083549659051001e-05,0.10078534613792307,0.04002212891736798,25,10,0
15,2338,0.8579847382292491,1.0008959029430061e-05,0.10198395019795009,0.04002130261377162,25,10,0
15,2339,0.8519808667500273,2.0394083604383055e-05,0.10792884316450815,0.04006989600186042,25,10,0
15,2340,0.843977490439717,2.039806335580433e-05,0.11587077839245657,0.04013133310447107,25,10,0
15,2341,0.8509768245673857,1.9987327957909792e-05,0.10886996679138035,0.040133221313276464,25,10,0
15,2342,0.8541246387835306,1.9941871855426773e-05,0.10572262347344553,0.04013279587116865,25,10,0
15,2343,0.835791360579999,5.1402984118113634e-05,0.12402428569086986,0.04013295074501293,25,10,0
15,2344,0.8296029427984547,5.1410612839168495e-05,0.13021278791595203,0.04013285867275384,25,10,0
15,2345,0.8321524147076981,5.1406449427944827e-05,0.12772485122637048,0.04007132761650358,25,10,0
15,2346,0.8055340962488706,5.142539671177271e-05,0.1543430896611394,0.040071388693278115,25,10,0
15,2347,0.8054348108854289,5.142550104611208e-05,0.15443995474593206,0.0400738088675929,25,10,0
15,2348,0.8050079602784614,5.144484131611522e-05,0.15486660881352815,0.04007398606669435,25,10,0
15,2349,0.8215724415140212,1.9698197089149526e-05,0.13833351611156267,0.0400743441773268,25,10,0
15,2350,0.822574989144368,1.9679381873690265e-05,0.13733027129354883,0.040075060180209746,25,10,0
15,2351,0.8066444263833822,1.968767663206265e-05,0.15326318675447964,0.04007269918550648,25,10,0
15,2352,0.7987343539585179,3.563789420536139e-05,0.16115594671829497,0.040074061428982,25,10,0
15,2353,0.805600866892507,3.779663227137304e-05,0.15428727572410383,0.04007406075111783,25,10,0
15,2354,0.7943998612734869,3.7957610552216236e-05,0.16548668871016978,0.04007549240579136,25,10,0
15,2355,0.7942748552622231,3.795755047541673e-05,0.16561032083829183,0.04007686634901007,25,10,0
15,2356,0.8001727669178764,5.0928111144099875e-05,0.15963853581757584,0.040137769153403544,25,10,0
15,2357,0.8002040461838711,5.0928125342982234e-05,0.16271933528401955,0.03702569040676669,25,10,0
15,2358,0.7891195712145439,3.558325197657244e-05,0.1738175922322501,0.037027253301229406,25,10,0
15,2359,0.775286215264087,4.9319608606969644e-05,0.18390788312033124,0.04075658200697503,25,10,0
15,2360,0.777247807429016,4.9317700331709e-05,0.1819468536032063,0.040756021267446235,25,10,0
15,2361,0.77661220990514,4.9318454789685496e-05,0.18258244006496097,0.0407560315751092,25,10,0
15,2362,0.7879193399285088,4.915742307341303e-05,0.17127692668968109,0.040754575958736175,25,10,0
15,2363,0.7776016784541973,4.9161208127515045e-05,0.18159357212776514,0.04075558820991033,25,10,0
15,2364,0.7753908617789,4.915148250751823e-05,0.18384531721880173,0.040714669519790234,25,10,0
15,2365,0.8007539834311079,3.541487107832144e-05,0.16222889196172297,0.036981709736090766,25,10,0
15,2366,0.8169732335791143,3.540670903194243e-05,0.14600970951311523,0.03698165019873865,25,10,0
15,2367,0.8170268319388367,3.540657177864932e-05,0.14595186106932695,0.03698590042005779,25,10,0
15,2368,0.8167562338098403,3.540653695094437e-05,0.14622245976936807,0.036985899883840725,25,10,0
15,2369,0.8168586363560902,3.5406613140322666e-05,0.18001602186090387,0.0030899351698649978,25,10,0
15,2370,0.8165194824249633,3.54167505865716e-05,0.18035514088534405,0.0030899599391056047,25,10,0
15,2371,0.8111693643218344,3.541649995275807e-05,0.18570526117915911,0.0030899579990536262,25,10,0
15,2372,0.8116197910493023,3.541626460261052e-05,0.1852548344295737,0.003089958256521199,25,10,0
15,2373,0.8169006795591318,3.501589096509826e-05,0.17997621196975133,0.0030880925801518777,25,10,0
15,2374,0.8434866248074288,3.499694379027269e-05,0.15339034699440915,0.0030880312543719074,25,10,0
15,2375,0.8424013019152116,3.4987328023611436e-05,0.1544759433631465,0.0030877673936184785,25,10,0
15,2376,0.8433870950505126,3.499207021107726e-05,0.1534902129305246,0.0030876999487521083,25,10,0
15,2377,0.8385719828896988,3.51628592505059e-05,0.1583057152761864,0.0030871389748644822,25,10,0
15,2378,0.8404980946398113,3.4192733204568e-05,0.1563853190518734,0.0030823935751107274,25,10,0
15,2379,0.8450383392798843,3.402275891468584e-05,0.1518459786270354,0.0030816593341658535,25,10,0
15,2380,0.8517417669717152,2.3637377025619517e-05,0.14520160113200042,0.003032994519258681,25,10,0
15,2381,0.8599901890670532,1.066670078439869e-05,0.13702795686597433,0.0029711873661880323,25,10,0
15,2382,0.8659443759817688,1.0666714427221649e-05,0.13107370710259722,0.002971250201206937,25,10,0
15,2383,0.8777594242349503,1.0516037178549645e-05,0.11925953972716405,0.00297052000070728,25,10,0
15,2384,0.874327620834037,1.0553706987574633e-05,0.12240236731378971,0.0032594581451857426,25,10,0
15,2385,0.8655148277028047,1.0516301070378029e-05,0.13150406911772383,0.0029705868784005423,25,10,0
15,2386,0.8654056410803215,1.051602390457784e-05,0.13161443093553934,0.0029694119602346456,25,10,0
15,2387,0.8584214161885997,1.0756239589519953e-05,0.1385983951115309,0.0029694324602799168,25,10,0
15,2388,0.8303802491003563,1.0754146005251552e-05,0.1666280468794426,0.002980949874195768,25,10,0
15,2389,0.8681096535217812,1.075256205085169e-05,0.1289110678182994,0.0029685260978686203,25,10,0
15,2390,0.8725755576257929,1.0764021861156933e-05,0.12437679750421894,0.0030368808481270088,25,10,0
15,2391,0.8793880042725525,1.0523940966773477e-05,0.11756458216705329,0.0030368896194277045,25,10,0
15,2392,0.8792486912117127,1.0524024321304615e-05,0.11770387104706506,0.003036913716901245,25,10,0
15,2393,0.8692382866457623,1.184504663123056e-05,0.12771586989418726,0.0030339984134189067,25,10,0
15,2394,0.8710373210024513,1.0757317796467709e-05,0.12591798529787437,0.0030339363818775067,25,10,0
15,2395,0.8713441203871984,1.0757182290812013e-05,0.1256112163623047,0.003033906068205799,25,10,0
15,2396,0.866245870985822,2.1012897990784107e-05,0.1306501175683911,0.0030829985477958837,25,10,0
15,2397,0.872513035455143,1.4438973832946191e-05,0.1243901056052625,0.0030824199657612794,25,10,0
15,2398,0.8722114698257418,1.4439217202987675e-05,0.12469169421012133,0.0030823967469333735,25,10,0
15,2399,0.8619346407535003,0.00019038251697688264,0.13484148080712036,0.0030334959224021835,25,10,0
15,2400,0.8226375623600596,0.0001904440733960773,0.14698237144349144,0.030189622123052522,25,10,0
15,2401,0.8188824055677402,0.0001904441570026625,0.15073752688934616,0.030189623385910774,25,10,0
15,2402,0.8090149853898609,0.0001904465809666815,0.16060492842786459,0.03018963960130706,25,10,0
15,2403,0.8091849987627253,0.00019044590257482334,0.1604325470250668,0.030192008309632704,25,10,0
15,2404,0.8092813601821263,0.0001904456478281093,0.16034044416848903,0.030187750001556036,25,10,0
15,2405,0.8059911425759965,0.00019045630226556109,0.16357849268439062,0.030239908437346804,25,10,0
15,2406,0.8061031669650047,0.0001904561490511853,0.16346647795804928,0.03023989892789429,25,10,0
15,2407,0.8059707831746538,0.0001904561170409845,0.16359886786883082,0.030239892839473873,25,10,0
15,2408,0.8055017658086341,0.0001904561175574093,0.16406788368854439,0.030239894385263633,25,10,0
15,2409,0.8049177847752851,0.00019061206957410442,0.1647028271346204,0.03018877602051981,25,10,0
15,2410,0.8041536738206703,0.00018950150021836167,0.16546804792949932,0.03018877674961147,25,10,0
15,2411,0.7789013710736392,0.00018951923640009291,0.19071339366987214,0.03019571602008869,25,10,0
15,2412,0.7793317922421596,0.0001895188739299375,0.19028297454010104,0.030195714343809518,25,10,0
15,2413,0.7759811633248548,0.00018951850562216443,0.19370117358731231,0.03012814458221087,25,10,0
15,2414,0.7759520953103518,0.00018951850488475543,0.19373033877317897,0.030128047411584816,25,10,0
15,2415,0.7709411095908522,0.00018952922000991954,0.19868637480799695,0.030182986381141048,25,10,0
15,2416,0.7750164452217683,0.00018980828926929666,0.19461153530941264,0.030182211179550122,25,10,0
15,2417,0.7722386202900533,0.00018978449595180458,0.19738381004559227,0.030187785168403366,25,10,0
15,2418,0.7715933881048391,0.00018993067778293166,0.198028199465692,0.030188481751686615,25,10,0
15,2419,0.7975844779057425,0.00019841872557775905,0.17498807071817132,0.027229032650507228,25,10,0
15,2420,0.8013691985237424,0.0001982569132112973,0.17120454941396063,0.027227995149084562,25,10,0
15,2421,0.8135230884015473,0.0001897748923461428,0.15905815392403974,0.027228982782066785,25,10,0
15,2422,0.8134951297764629,0.00018977533346715877,0.159086017474694,0.027229077415375776,25,10,0
15,2423,0.8127896466480088,0.00018978537287343125,0.1597901430958234,0.02723042488329394,25,10,0
15,2424,0.8130066820924242,0.00018949521197967568,0.159573407583046,0.027230415112549755,25,10,0
15,2425,0.8131919257815156,0.00018947580000371368,0.15938824396012227,0.027230354458357874,25,10,0
15,2426,0.8127236974451884,0.00018947146703642847,0.1598552122480731,0.027231618839701547,25,10,0
15,2427,0.8099754976493773,0.00018963930200065746,0.16260318443860547,0.027231678610015707,25,10,0
15,2428,0.8094336370808756,0.0001896402596410949,0.16314004610423422,0.027236676555248134,25,10,0
15,2429,0.8471605471436484,0.00018967809255808463,0.12542562504276986,0.027224149721023085,25,10,0
15,2430,0.8532263759775384,0.0001896866857194536,0.11935980456572988,0.027224132771012134,25,10,0
15,2431,0.8529986851212459,0.00018968708898490036,0.11958739074416169,0.027224237045607263,25,10,0
15,2432,0.852988460694198,0.00018968709591101187,0.1195975783817608,0.027224273828130217,25,10,0
15,2433,0.881945329536025,0.0001877607230781196,0.09064264686547062,0.027224262875426383,25,10,0
15,2434,0.878027537169086,0.0001879919194035695,0.09449488395417717,0.027289586957333332,25,10,0
15,2435,0.8768411037955829,0.0001884609810639254,0.09567863518045158,0.027291800042901788,25,10,0
15,2436,0.8753295229534026,0.00018846405448314733,0.09718963400898571,0.02729237898312867,25,10,0
15,2437,0.8754613490158678,0.00018846416454774054,0.09705780608696297,0.027292380732621593,25,10,0
15,2438,0.8766400190355487,0.0001884596126924596,0.09588007187238051,0.02729144947937853,25,10,0
15,2439,0.8664320061767065,0.00018846663840796758,0.10603568781622773,0.02734383936865832,25,10,0
15,2440,0.848410071325519,0.0001882999506410899,0.12405771639983129,0.02734391232400851,25,10,0
15,2441,0.848066992673844,0.00018853355815356656,0.12440194751857131,0.02734252624943125,25,10,0
15,2442,0.84857480991661,0.00018853196526061276,0.12389422117005122,0.027342436948078346,25,10,0
15,2443,0.8397780578328716,0.00018854276196740574,0.13268798816781183,0.027345411237349106,25,10,0
15,2444,0.8443879118377352,0.00018830152455309872,0.1281449787560431,0.02727880788166872,25,10,0
15,2445,0.8318105394916893,0.00018849939085576535,0.14061720302427733,0.027383758093177814,25,10,0
15,2446,0.8312611475427185,0.00018851792921460877,0.14117150558188968,0.02737882894617724,25,10,0
15,2447,0.8307896354390247,0.0001885179287540548,0.1416430177341457,0.027378828898075577,25,10,0
15,2448,0.8313699127200741,0.00018828415236539798,0.14106402844542923,0.027377774682131418,25,10,0
15,2449,0.8002253176132348,0.00018813791022544212,0.1722025989831111,0.027383945493429266,25,10,0
15,2450,0.8008230893634608,0.00018813746194162214,0.17160608550961556,0.027382687664982353,25,10,0
15,2451,0.8060190245572191,0.0001881269201975313,0.16646509813817306,0.027327750384410498,25,10,0
15,2452,0.8060119828874881,0.00018812692397178498,0.1664722063874223,0.027327683801118257,25,10,0
15,2453,0.812193097590177,0.0001883795175278465,0.1603432255242001,0.02727529736809529,25,10,0
15,2454,0.7905147879221045,0.00021753720575157156,0.1819874866511077,0.02728018822103714,25,10,0
15,2455,0.7741694885502379,0.00021816216983860766,0.19833210743855947,0.027280241841364957,25,10,0
15,2456,0.7796806790623125,0.0002198300502244052,0.1930283021368237,0.02707118875063999,25,10,0
15,2457,0.7784854787746275,0.0002214697281200498,0.1942105492365383,0.027082502260714975,25,10,0
15,2458,0.7618941364288128,0.00022148127944728157,0.21079591848301885,0.027088463808722003,25,10,0
15,2459,0.7631201927478845,0.0002214617402922213,0.20957006848475435,0.02708827702706987,25,10,0
15,2460,0.7642135202089189,0.00022146638953457983,0.20847715950935533,0.027087853892192624,25,10,0
15,2461,0.7996285462004968,0.00022146663656584718,0.17306895277021664,0.027081034392721703,25,10,0
15,2462,0.7991681474736998,0.00022146677498404967,0.17352931275728353,0.027081072994033697,25,10,0
15,2463,0.8035149059479647,0.00022120715257109544,0.169182817926709,0.027081068972756053,25,10,0
15,2464,0.8036571747661071,0.0002212119916027984,0.16904056825696911,0.027081044985321864,25,10,0
15,2465,0.8032533772167579,0.00022121387461651625,0.16944434932044067,0.027081059588186008,25,10,0
15,2466,0.8031255909498981,0.00022121387570825184,0.16957213517059805,0.02708106000379644,25,10,0
15,2467,0.8069765903626646,0.00022120853551526253,0.16572628094348058,0.0270759201583407,25,10,0
15,2468,0.8158390333458669,0.0002211977410257275,0.15686682261179247,0.027072946301315473,25,10,0
15,2469,0.8162084670578458,0.00022119770517653754,0.1564973890893257,0.027072946147652724,25,10,0
15,2470,0.815624755927852,3.5766369496028544e-05,0.15726667208023443,0.027072805622418095,25,10,0
15,2471,0.8456807756022269,3.410773179385443e-05,0.15307970615791705,0.0012054105080627304,25,10,0
15,2472,0.8583546687487575,3.410148786490274e-05,0.14040664956397444,0.0012045801994036043,25,10,0
15,2473,0.8424099276636937,3.4102507971813775e-05,0.15635138445953042,0.0012045853688045997,25,10,0
15,2474,0.8370936228151068,3.423286145865975e-05,0.1616544177070403,0.0012177266163952607,25,10,0
15,2475,0.8352338527938079,3.493270594946709e-05,0.1633245294730645,0.001406685027179245,25,10,0
15,2476,0.8352389447240419,3.493271274046417e-05,0.16331943678328226,0.0014066857799364277,25,10,0
15,2477,0.835523039285545,3.5167993343464786e-05,0.16303515613675093,0.0014066365843614379,25,10,0
15,2478,0.8349621324010772,3.516835922221877e-05,0.1635906006907444,0.0014120985489570338,25,10,0
15,2479,0.8347114184677489,3.527045824762041e-05,0.16384618129034742,0.0014071297836570037,25,10,0
15,2480,0.8358031169599965,3.5530172463069766e-05,0.16275362207200583,0.0014077307955352983,25,10,0
15,2481,0.8326165071348328,6.799501849527195e-05,0.16590776717468525,0.0014077306719871788,25,10,0
15,2482,0.8288182551509646,6.80388006700868e-05,0.16969487641253658,0.0014188296358291965,25,10,0
15,2483,0.8229942761988359,6.80338986282782e-05,0.17551884411826138,0.0014188457842751934,25,10,0
15,2484,0.808659224993289,6.81254049516982e-05,0.18985334210372037,0.001419307498039633,25,10,0
15,2485,0.8453417677627573,3.456387905247367e-05,0.1532043633322967,0.0014193050258945181,25,10,0
15,2486,0.8454017671003722,3.4573759735553964e-05,0.15313929301589502,0.0014243661239982878,25,10,0
15,2487,0.8595309179416567,3.401528771231076e-05,0.13901340302612877,0.0014216637445031034,25,10,0
15,2488,0.860267265675843,3.375207925319381e-05,0.13827860309558182,0.001420379149322821,25,10,0
15,2489,0.8605311419971214,3.374999649579582e-05,0.13801474712365272,0.001420360882731106,25,10,0
15,2490,0.8615984007308838,3.3753328767077805e-05,0.13694611207168017,0.001421733868670008,25,10,0
15,2491,0.8635295902273231,3.30534790589156e-05,0.13520458141305974,0.001232774880559338,25,10,0
15,2492,0.8830100638424679,3.160375872883171e-05,0.1157369699711077,0.0012213624276965318,25,10,0
15,2493,0.8794496381594936,3.197610854855833e-05,0.11930710174090348,0.0012112839910554793,25,10,0
15,2494,0.8791968393803277,3.1976123037515404e-05,0.11955631634039154,0.0012148681562445694,25,10,0
15,2495,0.8768025772360543,3.1994611691619536e-05,0.12194564760903809,0.0012197805432172567,25,10,0
15,2496,0.8467856039212333,3.201967913165205e-05,0.1515844517504628,0.0015979246491735477,25,10,0
15,2497,0.8494679861062099,3.1828727810706296e-05,0.14890229291871407,0.0015978922472666662,25,10,0
15,2498,0.8492032493303283,3.183518228846107e-05,0.14916711764195698,0.0015977978454276706,25,10,0
15,2499,0.8692817261143962,2.781209873124174e-06,0.1291086346654332,0.001606858010298639,25,10,0
15,2500,0.8693675205316049,2.776021760237989e-06,0.1290242247787669,0.0016054786678692267,25,10,0
15,2501,0.8701597421980044,2.7691187107664257e-06,0.12823201199154802,0.0016054766917380917,25,10,0
15,2502,0.8704621863988681,2.769375823355774e-06,0.1279296035710122,0.0016054406542974058,25,10,0
15,2503,0.8584304216433799,3.212878754008127e-06,0.13996081079040387,0.0016055546874630703,25,10,0
15,2504,0.8580196297158722,3.499140920805048e-06,0.14037128376043323,0.0016055873827745802,25,10,0
15,2505,0.8578931705905987,3.499316046131348e-06,0.14049774273960192,0.0016055873537541767,25,10,0
15,2506,0.8635264599932136,3.368881860547169e-06,0.13487783848274823,0.0015923326421782458,25,10,0
15,2507,0.8624420282537124,3.3835889384647577e-06,0.1358804458664112,0.0016741422909385567,25,10,0
15,2508,0.8619855542933864,4.383729533700919e-06,0.13633113158116916,0.0016789303959114205,25,10,0
15,2509,0.8777227993503323,4.382836589358525e-06,0.12059387252906938,0.0016789452840096396,25,10,0
15,2510,0.8800901661860183,4.364365517977542e-06,0.118231435541928,0.001674033906536271,25,10,0
15,2511,0.8803469938871078,4.3693348346650375e-06,0.11797812984091233,0.00167050693714596,25,10,0
15,2512,0.8843640327065208,4.303295655078469e-06,0.11504078714356109,0.0005908768542638095,25,10,0
15,2513,0.8851007170908732,4.199932984953093e-06,0.11431817654099588,0.00057690643514692,25,10,0
15,2514,0.8850429866549067,4.200314301585847e-06,0.11437590298010948,0.0005769100506830342,25,10,0
15,2515,0.886028083015199,4.199953617752993e-06,0.11339081195328082,0.0005769050779031585,25,10,0
15,2516,0.8918224585146095,3.9558195126058e-06,0.10759668039396476,0.0005769052719137201,25,10,0
15,2517,0.891930047318217,3.955851212803927e-06,0.10748909133206908,0.0005769054985016543,25,10,0
15,2518,0.8859403581520634,4.194209280974878e-06,0.1134773863107635,0.0005780613278926895,25,10,0
15,2519,0.8868894505391411,4.184555182998952e-06,0.11261009163827476,0.0004962732674018057,25,10,0
15,2520,0.8929062385496436,3.420632463160543e-06,0.10653583025556802,0.000554510562326052,25,10,0
15,2521,0.8842698892687342,3.435643793333826e-06,0.1150950467984114,0.0006316282890619491,25,10,0
15,2522,0.8945918692465353,3.4320462774934416e-06,0.1048300410618397,0.0005746576453477699,25,10,0
15,2523,0.8951289988324957,3.4120313599054863e-06,0.1042979118392198,0.0005696772969249058,25,10,0
15,2524,0.9115779493006851,2.7476047221879097e-06,0.08784958731182278,0.0005697157827696453,25,10,0
15,2525,0.9120431661653212,2.747605515302039e-06,0.08738437082880812,0.0005697154003550982,25,10,0
15,2526,0.9103393132406601,2.4969408763399345e-06,0.08908353582539076,0.0005746539930727853,25,10,0
15,2527,0.9213327351790476,2.3050777141567706e-06,0.07819395699116381,0.000471002752074218,25,10,0
15,2528,0.9211924805808204,2.3050217440318303e-06,0.07833421219448575,0.0004710022029495626,25,10,0
15,2529,0.921205634851691,2.304866394205859e-06,0.07832106007921923,0.0004710002026953699,25,10,0
15,2530,0.9017476679133475,2.3162114778548756e-06,0.09777611947288585,0.00047389640228896935,25,10,0
15,2531,0.8975791536438891,2.3160939975146025e-06,0.10194460450845497,0.0004739257536586086,25,10,0
15,2532,0.8992152371728592,2.2803999564269335e-06,0.1003135210777189,0.00046896134946549343,25,10,0
15,2533,0.9051139973431402,2.037217079864981e-06,0.09441513534774729,0.0004688300920328683,25,10,0
15,2534,0.9051075373981609,2.0374897680165024e-06,0.09442159365608319,0.0004688314559883993,25,10,0
15,2535,0.90537107154722,2.0324603868221396e-06,0.09415811259609623,0.0004687833962974055,25,10,0
15,2536,0.9032711124831352,2.032187302853343e-06,0.09625949554768301,0.0004673597818792298,25,10,0
15,2537,0.9074079691857448,1.2263729858823436e-05,0.09211442997855869,0.0004653371058379479,25,10,0
15,2538,0.9103767086359695,1.2299033278179984e-05,0.08914568281273123,0.00046530951802124397,25,10,0
15,2539,0.9108594952025983,1.2298688744048667e-05,0.08866379253190675,0.00046441357675118755,25,10,0
15,2540,0.918994527208504,1.2283718645450556e-05,0.08060589261533674,0.0003872964575141035,25,10,0
15,2541,0.9124015339240568,1.2456613293977896e-05,0.08719299058699023,0.0003930188756587874,25,10,0
15,2542,0.9123839208453974,1.2456599094305485e-05,0.08721060431681872,0.0003930182386892233,25,10,0
15,2543,0.9048112730369501,1.2472719044336163e-05,0.09465815001376823,0.0005181042302369627,25,10,0
15,2544,0.9049094211284223,1.2474897718945524e-05,0.09455997566216555,0.00051812831169292,25,10,0
15,2545,0.9050590118784335,1.2472771401451258e-05,0.09441037791289307,0.0005181374372717017,25,10,0
15,2546,0.9038697580467673,1.2472758939065574e-05,0.09559963202311364,0.0005181371711795612,25,10,0
15,2547,0.9035839003224595,1.247784537569924e-05,0.0958842841898002,0.0005193376423641715,25,10,0
15,2548,0.8911042763416523,1.2482937420835697e-05,0.10617299763942338,0.0027102430815028828,25,10,0
15,2549,0.8733196540270254,1.3081639056696098e-05,0.12395125558256564,0.0027160087513524328,25,10,0
15,2550,0.8803196098795641,1.3065922235040006e-05,0.11707621243060858,0.0025911117675920955,25,10,0
15,2551,0.8642699793065788,1.3667846790740453e-05,0.13312513787312785,0.0025912149735029203,25,10,0
15,2552,0.8641840338563953,1.3667929233752226e-05,0.1332111882494556,0.0025911099649155124,25,10,0
15,2553,0.8791391744379728,3.4253252802882e-06,0.11826715492764847,0.0025902453090979327,25,10,0
15,2554,0.8779579478384298,4.4336641326633356e-06,0.11916397833807751,0.002873640159359642,25,10,0
15,2555,0.8796139491069076,4.4276632468288665e-06,0.1175092816603783,0.0028723415694669545,25,10,0
15,2556,0.8787135513189412,4.42769800069968e-06,0.11840977583009028,0.002872245152967461,25,10,0
15,2557,0.8785195789027697,4.453327448384156e-06,0.11860498986878971,0.002870977900992008,25,10,0
15,2558,0.8731779549235139,4.679208621285851e-06,0.12394637380138705,0.0028709920664777384,25,10,0
15,2559,0.8579143904957026,3.577685070822941e-06,0.13921620643849142,0.0028658253807351793,25,10,0
15,2560,0.8232710511346307,3.624651690364618e-06,0.17385523076326728,0.002870093450411974,25,10,0
15,2561,0.8396348393646439,3.6245784556795393e-06,0.15749154016619898,0.00286999589070166,25,10,0
15,2562,0.814686071921735,3.619978334865783e-06,0.1846310871170458,0.0006792209828846465,25,10,0
15,2563,0.8122401736862902,3.66285123576821e-06,0.18707633151143,0.0006798319510444792,25,10,0
15,2564,0.8123902744435741,3.6578662557350826e-06,0.18692631555702197,0.0006797521331484161,25,10,0
15,2565,0.8121422414226538,3.6578401472157825e-06,0.1871743241053925,0.0006797766318068246,25,10,0
15,2566,0.812413928854764,3.6577137661579732e-06,0.1869026374163167,0.0006797760151534757,25,10,0
15,2567,0.8193936045368427,3.242599527488383e-06,0.17992430394442085,0.000678848919209022,25,10,0
15,2568,0.8193862579703919,3.2426382413398413e-06,0.17993163241108795,0.000678866980278883,25,10,0
15,2569,0.8188733125017916,3.2437068748899285e-06,0.1804445755916605,0.0006788681996732092,25,10,0
15,2570,0.8374964331556963,2.627307677728201e-06,0.16182790779541034,0.0006730317412156519,25,10,0
15,2571,0.8005084328948364,2.7022514814041423e-06,0.16642336407785133,0.033065500775831175,25,10,0
15,2572,0.7885920688560586,2.7134782093320195e-06,0.17829532044304577,0.033109897222686424,25,10,0
15,2573,0.788934760905443,2.713192202607234e-06,0.17795263584949253,0.03310989005286198,25,10,0
15,2574,0.7881112890599353,2.7134360525765343e-06,0.1787761039976038,0.03310989350640843,25,10,0
15,2575,0.8234508478964015,2.6881753555625286e-06,0.1438146838780552,0.032731780050187814,25,10,0
15,2576,0.8373567622366821,2.613272401116493e-06,0.162301294527306,0.00033932996361109335,25,10,0
15,2577,0.8335012474429598,2.612424291274226e-06,0.16615682674471427,0.00033931338803477954,25,10,0
15,2578,0.8349104750083679,2.666833547810363e-06,0.16474687752497952,0.00033998063310499934,25,10,0
15,2579,0.8580994029171604,2.671359593817038e-06,0.14155670739664702,0.0003412183265989553,25,10,0
15,2580,0.8584658844672306,2.6713596781600126e-06,0.14119023369234415,0.00034121048074732833,25,10,0
15,2581,0.8579379325287438,2.6908634875368666e-06,0.14171807226112296,0.0003413043466460491,25,10,0
15,2582,0.8585548816444383,2.690458075823072e-06,0.14110130435449753,0.0003411235429886662,25,10,0
15,2583,0.862186946988313,2.6903006532331264e-06,0.13746923949310733,0.00034112321792677475,25,10,0
15,2584,0.8619322353350046,2.7003011281022984e-06,0.13772258282527736,0.0003424815385904594,25,10,0
15,2585,0.8274992187044587,2.7256601510018935e-06,0.17215544965953333,0.0003426059758572561,25,10,0
15,2586,0.8533353921558157,2.878949567384649e-06,0.14629515308425003,0.00036657581036747517,25,10,0
15,2587,0.8261296617070897,2.912462819486857e-06,0.17349235876461006,0.00037506706548096264,25,10,0
15,2588,0.7864695984535891,2.9125662016691916e-06,0.21315242208464877,0.0003750668955605326,25,10,0
15,2589,0.7869684021533158,2.902681639069912e-06,0.21265496427896305,0.0003737308860822474,25,10,0
15,2590,0.7836675499134316,2.9406118132840743e-06,0.21594565731319032,0.0003838521615648863,25,10,0
15,2591,0.7769923052143592,3.123035682168353e-06,0.2214448844480888,0.0015596873018702245,25,10,0
15,2592,0.7684266706250195,3.1232645540568785e-06,0.2273969241007067,0.004173282009719932,25,10,0
15,2593,0.7680770332854842,3.123529768884379e-06,0.22766860187633176,0.004251241308415168,25,10,0
15,2594,0.7514293634094436,3.1236602549015953e-06,0.24431626222664068,0.004251250703660564,25,10,0
15,2595,0.7561191626551473,5.677038828861053e-05,0.22500446162096518,0.01881960533559846,25,10,0
15,2596,0.7548276223996605,5.6769885865078475e-05,0.22629600009784337,0.018819607616631016,25,10,0
15,2597,0.7390782460735137,5.6770084609683816e-05,0.24204544611114465,0.01881953773073122,25,10,0
15,2598,0.7475112424881776,5.6775144853663025e-05,0.23622601462852055,0.016205967738448207,25,10,0
15,2599,0.7432659050964296,5.70351536965578e-05,0.2404686182426535,0.016208441507219572,25,10,0
15,2600,0.7668906993283596,5.703558994256752e-05,0.21685145557513394,0.016200809506563905,25,10,0
15,2601,0.7726191653469734,5.680440942629397e-05,0.21112325917138441,0.01620077107221665,25,10,0
15,2602,0.7730935128632478,5.680340453322997e-05,0.21064879506180767,0.016200888670411768,25,10,0
15,2603,0.7728089927726793,5.6803674424513305e-05,0.21093329038299657,0.016200913169900424,25,10,0
15,2604,0.7890053452441411,5.680690127146911e-05,0.19473638715193287,0.016201460702655292,25,10,0
15,2605,0.7889486179693488,5.680161644509573e-05,0.1947931359184363,0.0162014444957706,25,10,0
15,2606,0.7933086481660641,5.654155628390932e-05,0.19043583892855537,0.01619897134909759,25,10,0
15,2607,0.7615509462641057,0.0005184661158245496,0.2217309295175267,0.016199658102543705,25,10,0
15,2608,0.7484355752309664,0.0005266489627052352,0.23483686507716522,0.016200910729163253,25,10,0
15,2609,0.7647286142828028,0.0005266491100715691,0.2185431692522846,0.016201567354841975,25,10,0
15,2610,0.7650327016636971,0.0005266487275703484,0.21823979431594126,0.016200855292792436,25,10,0
15,2611,0.7404700864390625,0.0005266446894472348,0.24279411101147924,0.016209157860011224,25,10,0
15,2612,0.7401864993875735,0.0005265989440305116,0.24306881431636185,0.016218087352034408,25,10,0
15,2613,0.7577125448057648,0.0005260000652081489,0.22554910416006776,0.016212350968959552,25,10,0
15,2614,0.7582354161144451,0.0005259805647702283,0.22502634592380236,0.016212257396981893,25,10,0
15,2615,0.7742942330330779,0.0005259864234084023,0.20896609303715732,0.01621368750635628,25,10,0
15,2616,0.7746246763358894,0.0005259861555493437,0.20863567463663021,0.01621366287193111,25,10,0
15,2617,0.7742662537695975,0.0005259861632599264,0.20899409491698054,0.016213665150162183,25,10,0
15,2618,0.7742727995491608,0.0005259861617317391,0.20898757934467568,0.016213634944431864,25,10,0
15,2619,0.7739756148503477,0.0005259844734927784,0.20928442224790764,0.016213978428252115,25,10,0
15,2620,0.7740894792767599,0.0005259845366658629,0.20917055039879925,0.016213985787775487,25,10,0
15,2621,0.8084988070381891,0.0005259884682834392,0.17469788340460327,0.016277321088924983,25,10,0
15,2622,0.8348294598511344,0.0004723577583813875,0.16036184286317526,0.004336339527309616,25,10,0
15,2623,0.8378016048929803,0.0004724253948893447,0.15741372268710407,0.004312247025026755,25,10,0
15,2624,0.8446832520674014,0.0004722192382318302,0.1517081302188824,0.0031363984754845526,25,10,0
15,2625,0.8449468521670606,0.00047222845735890703,0.1515224790950867,0.003058440280493929,25,10,0
15,2626,0.8211288705690262,0.0004724605089478052,0.17533967187244084,0.0030589970495852343,25,10,0
15,2627,0.8208280101007235,0.0004724594579069588,0.17564142393981905,0.003058106501550662,25,10,0
15,2628,0.8212651277602351,0.00047241358609756326,0.175203112272895,0.0030593463807726934,25,10,0
15,2629,0.8029830145606215,0.00047242481694054016,0.1933217413011532,0.003222819321284292,25,10,0
15,2630,0.8032026857279658,0.000472419909545633,0.19310212908209062,0.00322276528039747,25,10,0
15,2631,0.8059923310548495,0.00047238200096252306,0.19032264953505265,0.0032126374091349602,25,10,0
15,2632,0.7946672934571336,0.0004726169515990144,0.20164636499517397,0.0032137245960937107,25,10,0
15,2633,0.7949952982904055,0.00047261671902765255,0.20131834022415196,0.003213744766414966,25,10,0
15,2634,0.767271163316404,0.0004725843140283049,0.22826624715314192,0.003990005216426202,25,10,0
15,2635,0.7556018531508346,0.00047261115659009403,0.23994498510927698,0.00398055058329954,25,10,0
15,2636,0.7669979666998776,0.00047237614177554323,0.22855019339190968,0.003979463766437599,25,10,0
15,2637,0.7726705130587916,0.0004726915076568045,0.22287727749296035,0.0039795179405914555,25,10,0
15,2638,0.7728707227927303,0.00047269142392135957,0.22267706730917386,0.003979518474174632,25,10,0
15,2639,0.7696875030900518,0.0004726931815917261,0.22586040968412813,0.0039793940442283,25,10,0
15,2640,0.7697136383510501,0.0004726931620817288,0.22583427449421886,0.003979393992649435,25,10,0
15,2641,0.7779531270893575,0.0004726954603338079,0.22022197427685444,0.0013522031734541104,25,10,0
15,2642,0.7778393434192834,0.00047269545870416707,0.2203357745853731,0.0013521865366392539,25,10,0
15,2643,0.7780518592689719,0.00047272324202843997,0.2201230269604074,0.0013523905285922192,25,10,0
15,2644,0.7600961706601923,0.00047271727350643695,0.23807308439571562,0.0013580276705860029,25,10,0
15,2645,0.7584072289952997,0.00047215854998450724,0.23976201444992973,0.0013585980047868364,25,10,0
15,2646,0.7502181054497278,0.00047216571532498303,0.24798006758748123,0.001329661247466591,25,10,0
15,2647,0.7562475590494593,0.00047215498732648713,0.24211394947946502,0.0011663364837502439,25,10,0
15,2648,0.7541952101047733,0.00047215620897108344,0.24412938414318888,0.0012032495430679589,25,10,0
15,2649,0.7543678480174407,0.00047214673246736465,0.24395671192754761,0.001203293322545551,25,10,0
15,2650,0.7564650086662853,0.00047214377523280596,0.24186008587786298,0.001202761680620079,25,10,0
15,2651,0.7856597213303229,0.0004721615958284139,0.21344240182087265,0.00042571525297655774,25,10,0
15,2652,0.785881294617443,0.00047214255266623596,0.21322084423561846,0.0004257185942728689,25,10,0
15,2653,0.7990629835152859,0.000472310969583507,0.2000447971862387,0.00041990832889190853,25,10,0
15,2654,0.7849339660903848,0.00047288386531195187,0.21417312551561782,0.000420024528686023,25,10,0
15,2655,0.7841306620455656,0.0004729046090591572,0.2149764088094063,0.00042002453596956264,25,10,0
15,2656,0.7840929737822083,0.0004729241857370645,0.21501416757196254,0.0004199344600930667,25,10,0
15,2657,0.8077696794258591,0.00047269284430448725,0.19133824906839006,0.0004193786614468653,25,10,0
15,2658,0.7910845719257452,0.00047689950722775256,0.2079995811326662,0.0004389474343617411,25,10,0
15,2659,0.7960966298621248,0.00019426417969820598,0.20327057803454054,0.00043852792363806054,25,10,0
15,2660,0.7960382231335081,0.00019424359084763333,0.20332899906208765,0.00043853421355823254,25,10,0
15,2661,0.7883716845667954,0.00019441055884770526,0.20850136838601707,0.0029325364883414588,25,10,0
15,2662,0.7723688795179217,0.00019440518463777757,0.22450561140105751,0.0029311038963851783,25,10,0
15,2663,0.7718893056549665,0.00019440568901681786,0.22498136280021247,0.0029349258558062623,25,10,0
15,2664,0.7747794612280391,0.00019336180198379472,0.2223756511608552,0.002651525809124071,25,10,0
15,2665,0.7594974826434928,0.00019389061768103626,0.23765578438224813,0.0026528423565796637,25,10,0
15,2666,0.7598488876644731,0.00019388436987860936,0.2373056960755428,0.002651531890106657,25,10,0
15,2667,0.7552388407991987,0.0001936972330176281,0.24182699578162883,0.0027404661861557627,25,10,0
15,2668,0.762573816803104,0.00019373514820787693,0.23443675629886837,0.002795691749820495,25,10,0
15,2669,0.7567098510181013,0.0001937353205538931,0.24030072233735622,0.0027956913239892034,25,10,0
15,2670,0.7574993967111142,0.00019371459735599854,0.23951082453926914,0.002796064152261191,25,10,0
15,2671,0.7551317151629988,0.00019396182985789996,0.24184676656744863,0.0028275564396952617,25,10,0
15,2672,0.7551598695206638,0.0001939618211145637,0.2418186103317433,0.0028275583264788175,25,10,0
15,2673,0.754761797912824,0.00019398114949138848,0.24221646945694492,0.002827751480739743,25,10,0
15,2674,0.7833215120447918,0.0001897741644714139,0.21367797514309925,0.0028107386476379243,25,10,0
15,2675,0.7862507137688847,0.00018916367366113936,0.21080350834939995,0.0027566142080547367,25,10,0
15,2676,0.7890820414487828,0.00018912061484525867,0.2079728361341359,0.00275600180223644,25,10,0
15,2677,0.7847699485254587,0.00018913811833062095,0.21225418857694234,0.0027867247792687793,25,10,0
15,2678,0.7848608305510159,0.00018913628563791598,0.21216380773145432,0.002786225431892262,25,10,0
15,2679,0.793222330703582,0.00018927170729059594,0.20384909180931468,0.0027393057798131937,25,10,0
15,2680,0.7937227630494529,0.00018927167458285786,0.20334912758911663,0.0027388376868480017,25,10,0
15,2681,0.7882165846911171,0.00018926643780913912,0.20885434628504435,0.0027398025860298158,25,10,0
15,2682,0.7891574151718777,0.00018947597371839081,0.20785709505566546,0.0027960137987391577,25,10,0
15,2683,0.7934994702094609,0.00018945866391125075,0.20354950819929318,0.0027615629273353808,25,10,0
15,2684,0.7969644381909773,0.00018945855400075983,0.2000857567059458,0.002760346549076835,25,10,0
15,2685,0.7612965922050278,0.00018949275439407426,0.23575350475303442,0.0027604102875439743,25,10,0
15,2686,0.7613061278593435,0.00018949362845438797,0.2357438039211712,0.002760574591031208,25,10,0
15,2687,0.7629623957733668,0.00019021681863947947,0.23389145022230387,0.0029559371856906925,25,10,0
15,2688,0.767537299873894,0.00018996653365718375,0.22938522222056756,0.0028875113718823536,25,10,0
15,2689,0.8066925435880806,0.00018994177183292462,0.19022758649263619,0.002889928147450928,25,10,0
15,2690,0.8122471956851903,0.00018941602338571925,0.18461652262722242,0.002946865664202456,25,10,0
15,2691,0.8388573957109845,1.0131937139584418e-05,0.15818580157780862,0.0029466707740682207,25,10,0
15,2692,0.8351218423138193,1.013142803976292e-05,0.1619201649065201,0.0029478613516222972,25,10,0
15,2693,0.8351247957007258,9.40871910482302e-06,0.1621134306826499,0.0027523648975205524,25,10,0
15,2694,0.8358124545388356,9.202021360648159e-06,0.1614779398265482,0.002700403613256676,25,10,0
15,2695,0.8294107218204558,1.5160578492657947e-05,0.16787525168452955,0.002698865916523005,25,10,0
15,2696,0.8304332484192813,1.515899748901444e-05,0.1668529953684489,0.0026985972147817844,25,10,0
15,2697,0.8289525780034532,1.5159008983599031e-05,0.1683336058889733,0.002698657098590982,25,10,0
15,2698,0.8488337791064352,1.5191383928153027e-05,0.14845231746596274,0.002698712043674447,25,10,0
15,2699,0.8466781426798115,1.5247468783369207e-05,0.1506077334118408,0.002698876439565054,25,10,0
15,2700,0.85265350829335,1.5234466565391595e-05,0.14463343969231307,0.0026978175477723443,25,10,0
15,2701,0.8388087187038615,1.5241265797038586e-05,0.1584772867291041,0.0026987533012376675,25,10,0
15,2702,0.8357763309915367,1.5241191794388168e-05,0.16147874856328204,0.0027296792533873637,25,10,0
15,2703,0.8350989316394815,1.5260389498939862e-05,0.1621559367263746,0.002729871244645762,25,10,0
15,2704,0.8348505784085998,1.526414129128163e-05,0.1624086292148256,0.00272552823528401,25,10,0
15,2705,0.8350302824677571,1.5264312857765646e-05,0.16222897000963737,0.0027254832097484806,25,10,0
15,2706,0.8114751255990333,1.5277959660167338e-05,0.18582175172439366,0.0026878447169132137,25,10,0
15,2707,0.8096042040592255,1.5278748633217218e-05,0.18769276648444383,0.0026877507076979927,25,10,0
15,2708,0.8107580711982376,1.52588388852919e-05,0.18653911293164505,0.002687557031232355,25,10,0
15,2709,0.8109222885761486,1.5111135250939185e-05,0.1863743674606504,0.00268823282795062,25,10,0
15,2710,0.8165061030161493,1.5107348879330024e-05,0.18074653447499436,0.00273225515997757,25,10,0
15,2711,0.8224418993229211,1.5107175605759429e-05,0.17481073749926285,0.0027322560022108424,25,10,0
15,2712,0.8353475435159077,6.924567202942014e-06,0.16191461551327485,0.0027309164036155888,25,10,0
15,2713,0.8130420605806852,6.922970796134625e-06,0.18427194970917984,0.002679066739340549,25,10,0
15,2714,0.8134294454644266,6.918467022465008e-06,0.18388698843734336,0.0026766476312089925,25,10,0
15,2715,0.8309352588949378,6.9054137227293915e-06,0.16638114761606324,0.002676688075277561,25,10,0
15,2716,0.8399736097010717,6.907636982242516e-06,0.15743170476985513,0.0025877778920919197,25,10,0
15,2717,0.8560727249742801,6.905676139119976e-06,0.1413389975458981,0.0025813718036829347,25,10,0
15,2718,0.8553078045209012,6.90567231142101e-06,0.14210391836991124,0.0025813714368765,25,10,0
15,2719,0.8549956167174864,6.906581936090933e-06,0.1424158680862476,0.002581608614330115,25,10,0
15,2720,0.8696094787234737,6.304665940671757e-06,0.12780270980188924,0.0025815068086965315,25,10,0
15,2721,0.877004704172366,6.570415746487838e-06,0.12045213236132854,0.002536593050559362,25,10,0
15,2722,0.8658483599158854,6.7548916962442e-06,0.131589506301925,0.0025553788904939044,25,10,0
15,2723,0.8666556864771212,6.735322277460541e-06,0.13078228268478287,0.002555295515818925,25,10,0
15,2724,0.8833691732072506,6.735112413646033e-06,0.11406879673720402,0.002555294943132367,25,10,0
15,2725,0.8831362107486043,6.736186407338254e-06,0.1143017619856073,0.0025552910793818183,25,10,0
15,2726,0.8826002374314379,6.736097885856103e-06,0.11483911733136941,0.002553909139307396,25,10,0
15,2727,0.88350084211908,6.736581808836072e-06,0.11393850717431393,0.002553914124797887,25,10,0
15,2728,0.8824415462931988,7.808918041479202e-06,0.11496552965974749,0.002585115129012815,25,10,0
15,2729,0.8820596389939549,8.023734124801979e-06,0.11534720209602713,0.0025851351758937975,25,10,0
15,2730,0.882989753022067,8.00682237184987e-06,0.11441718727696745,0.00258505287859395,25,10,0
15,2731,0.8975957830096664,7.822352215161241e-06,0.09986105530619781,0.0025353393319208933,25,10,0
15,2732,0.8983534750492673,7.82234572667819e-06,0.09910336497650453,0.002535337628501846,25,10,0
15,2733,0.8981465948808176,7.821821900507017e-06,0.09931040283851965,0.002535180458762569,25,10,0
15,2734,0.8975778758257982,7.831207393026467e-06,0.09980780411133601,0.0026064888554730146,25,10,0
15,2735,0.8980649020887203,7.56266363493864e-06,0.09931837563020025,0.002609159617444928,25,10,0
15,2736,0.9296299424367801,7.537966081343524e-06,0.06776011827644436,0.0026024013206945263,25,10,0
15,2737,0.9296712263929139,7.537445070494587e-06,0.06771884366003511,0.0026023925019809813,25,10,0
15,2738,0.9294240949297121,7.541188490544906e-06,0.06796320471034412,0.002605159171453486,25,10,0
15,2739,0.9300117773343015,6.486813825187981e-06,0.0674078314720069,0.002573904379866687,25,10,0
15,2740,0.9337150104315164,6.48235400646716e-06,0.06370586650912145,0.002572640705356148,25,10,0
15,2741,0.9331479355228565,6.452914469013611e-06,0.06427179786091403,0.0025738137017609275,25,10,0
15,2742,0.9339027036065407,6.6690942998988044e-06,0.06351681310089698,0.002573814198263028,25,10,0
15,2743,0.9338753780458937,6.464667521501424e-06,0.06354430612498425,0.002573851161601069,25,10,0
15,2744,0.8981347342802057,6.514393350595608e-06,0.09927819908880618,0.0025805522376383784,25,10,0
15,2745,0.8980004722410758,6.491793499227816e-06,0.09941248321072466,0.0025805527547013195,25,10,0
15,2746,0.8827765203428668,6.491156299528166e-06,0.11463326596160245,0.0025837225392322236,25,10,0
15,2747,0.8749583795139447,6.481615599803596e-06,0.11912779744157717,0.005907341428879144,25,10,0
15,2748,0.8753438731547987,6.47467084126473e-06,0.11874231188841095,0.005907340285950192,25,10,0
15,2749,0.8752378658762602,6.474567938316523e-06,0.11884831873284084,0.005907340822961729,25,10,0
15,2750,0.8702573482336804,6.477144564154744e-06,0.12382878480308014,0.0059073898186766845,25,10,0
15,2751,0.869949235159187,6.4825625080607335e-06,0.12413683423906152,0.005907448039244511,25,10,0
15,2752,0.8701248902603307,6.482347567065202e-06,0.12396117938168473,0.005907448010418643,25,10,0
15,2753,0.8385429621200459,6.589761828473491e-06,0.15554282010009418,0.005907628018032412,25,10,0
15,2754,0.838779315292223,6.584759888626757e-06,0.1553064281396855,0.005907671808203712,25,10,0
15,2755,0.8464854275348708,6.418232680008014e-06,0.1500944749190457,0.003413679313404261,25,10,0
15,2756,0.8551621067924162,6.4187360496022115e-06,0.14474233288463656,8.914158689830844e-05,25,10,0
15,2757,0.8552229427476419,6.419795724311396e-06,0.14468140556855327,8.923188808098748e-05,25,10,0
15,2758,0.8914552924844606,6.367064665795862e-06,0.10844798070109507,9.035974977902694e-05,25,10,0
15,2759,0.856444738317653,8.229509103897301e-06,0.14344793858110697,9.909359213657085e-05,25,10,0
15,2760,0.8514735939170321,8.422606773231887e-06,0.14841893686634236,9.904660985268249e-05,25,10,0
15,2761,0.851481557562214,8.422268339335857e-06,0.14841133210720853,9.868806223860453e-05,25,10,0
15,2762,0.8515033173602585,8.421981787679664e-06,0.1483909488687798,9.731178917447501e-05,25,10,0
15,2763,0.848292515120526,8.615289797985594e-06,0.15160049614317875,9.837344649804537e-05,25,10,0
15,2764,0.8446954578549868,8.611659599744449e-06,0.15519908525990275,9.684522551140814e-05,25,10,0
15,2765,0.8447456349010745,8.405454209711021e-06,0.15514909097032847,9.686867438810819e-05,25,10,0
15,2766,0.8441312987782696,8.408462746579858e-06,0.1557626067697433,9.768598924154627e-05,25,10,0
15,2767,0.8724854723125586,6.544568975420281e-06,0.12741897323640067,8.900988206576455e-05,25,10,0
15,2768,0.8726029551032604,6.544660880488076e-06,0.1273014899254606,8.901031039904944e-05,25,10,0
15,2769,0.8710360538358981,6.536203711828982e-06,0.12886815541220112,8.925454818959023e-05,25,10,0
15,2770,0.870903893926353,6.536145271280378e-06,0.12900030610875998,8.926381961640106e-05,25,10,0
15,2771,0.8713363739236839,6.52680104740372e-06,0.1286391099772572,1.7989298012231757e-05,25,10,0
15,2772,0.8758541629266009,6.523553937647833e-06,0.12412214190274566,1.7171616716775618e-05,25,10,0
15,2773,0.8879584464812074,6.523261944349715e-06,0.11202011460692592,1.4915649923258735e-05,25,10,0
15,2774,0.8910946005181737,6.332432874110183e-06,0.10888483166323079,1.4235385722325941e-05,25,10,0
15,2775,0.8911352872000146,6.332462112801754e-06,0.10884417845996149,1.4201877911963865e-05,25,10,0
15,2776,0.8911393160031145,6.3323958869099135e-06,0.10884014941793481,1.4202183064619142e-05,25,10,0
15,2777,0.8933421400113485,6.3308726893668755e-06,0.10663759612278394,1.3932993179008204e-05,25,10,0
15,2778,0.8934766966168975,6.330839215331304e-06,0.1065030492702791,1.392327360895051e-05,25,10,0
15,2779,0.8975918031597643,7.364518835391526e-06,0.10239354338280567,7.288938595820382e-06,25,10,0
15,2780,0.8972873657623686,7.364164130723901e-06,0.1026979906139379,7.2794595639595955e-06,25,10,0
15,2781,0.8914537370391138,7.543221677988222e-06,0.108529715993282,9.003745927355862e-06,25,10,0
15,2782,0.8528175115875927,7.5503160077297e-06,0.14065658682832527,0.00651835126807561,25,10,0
15,2783,0.8523653555108429,7.549233065005119e-06,0.1411088428137419,0.006518252442351327,25,10,0
15,2784,0.8527695883280068,7.586236182343108e-06,0.14069467240139183,0.006528153034419756,25,10,0
15,2785,0.8858882650153533,7.828987517679463e-06,0.11016858955909202,0.003935316438037716,25,10,0
15,2786,0.8569707624911311,8.724022542645203e-06,0.13884917634656063,0.0041713371397663155,25,10,0
15,2787,0.861483775546245,8.721442189680536e-06,0.13433621327298698,0.004171289738579103,25,10,0
15,2788,0.8624524402030488,8.684433461787712e-06,0.13337754526085704,0.00416133010263318,25,10,0
15,2789,0.8619952130834753,8.692612990487111e-06,0.1338339193451664,0.004162174958368715,25,10,0
15,2790,0.833104021911891,8.693559403662052e-06,0.16272615845315094,0.0041611260755554345,25,10,0
15,2791,0.8528928960005857,8.600538203661067e-06,0.14293741556851047,0.0041610878927014075,25,10,0
15,2792,0.8519664355381416,8.623820976339887e-06,0.14386173086775558,0.004163209773127837,25,10,0
15,2793,0.852741113953601,8.60869990212851e-06,0.14308702072876933,0.004163256617728869,25,10,0
15,2794,0.8530395559040336,8.608785185794002e-06,0.14278857790763555,0.004163257403146352,25,10,0
15,2795,0.8539885237287334,8.60808911963295e-06,0.1418396135550495,0.004163254627099007,25,10,0
15,2796,0.8531207991800157,8.608110974229083e-06,0.14270733886360396,0.004163253845407414,25,10,0
15,2797,0.8531287065893903,8.608108849849926e-06,0.1426994314619755,0.004163253839785424,25,10,0
15,2798,0.852339563374165,8.62479856589491e-06,0.14348855327797067,0.004163258549299602,25,10,0
15,2799,0.84473004835908,8.919559371670495e-06,0.1510958470691775,0.004165185012372164,25,10,0
15,2800,0.8452703184246443,8.919167156728255e-06,0.1505556591177065,0.004165103290493544,25,10,0
15,2801,0.87801458093343,8.918102542467471e-06,0.11781158811395807,0.004164912850070259,25,10,0
15,2802,0.8789316073329565,8.918746758073e-06,0.11689455385931659,0.004164920060969679,25,10,0
15,2803,0.8771866091167233,8.939216315713989e-06,0.11863942707516507,0.004165024591796721,25,10,0
15,2804,0.8773903115229627,8.93912356040973e-06,0.11843572534694605,0.00416502400653171,25,10,0
15,2805,0.8840282689268594,8.94393430637214e-06,0.11179642849810087,0.004166358640734402,25,10,0
15,2806,0.8835441578133789,8.944351849969427e-06,0.11228049426305399,0.004166403571718192,25,10,0
15,2807,0.8835363434065256,8.944349627774834e-06,0.11228830898874495,0.004166403255102456,25,10,0
15,2808,0.8789632387162883,9.192318246513377e-06,0.11686113386946266,0.004166435096003442,25,10,0
15,2809,0.8786938423707253,9.19232449033393e-06,0.1171305294900061,0.0041664358147791725,25,10,0
15,2810,0.879479492874268,9.175633723452781e-06,0.11634490039352563,0.004166431098483959,25,10,0
15,2811,0.8793578562182638,9.175632042575738e-06,0.11646653732967178,0.004166430820022588,25,10,0
15,2812,0.8848189173793106,8.930133763957638e-06,0.11492233241002463,0.00024982007690171605,25,10,0
15,2813,0.8841477763240208,8.93543824518583e-06,0.1155920855459883,0.0002512026917467762,25,10,0
15,2814,0.8874888208353717,8.75662156821447e-06,0.11225214092615922,0.00025028161690167166,25,10,0
15,2815,0.8876909082717098,8.756528432642074e-06,0.11205005526406396,0.0002502799357948795,25,10,0
15,2816,0.9212695579754764,7.871194033045553e-06,0.07870920351590475,1.3367314586113167e-05,25,10,0
15,2817,0.9271623042848991,7.6228544299342715e-06,0.072816740724787,1.3332135884189384e-05,25,10,0
15,2818,0.9154453448184551,1.9073760309773597e-05,0.08446800667073553,6.757475050002709e-05,25,10,0
15,2819,0.9141152721905571,1.935543654643908e-05,0.08579724887439764,6.812349849923962e-05,25,10,0
15,2820,0.9082600324258858,1.9766231806867995e-05,0.09165228388808039,6.791745422754226e-05,25,10,0
15,2821,0.9162130976210672,1.9463518395109767e-05,0.08370227210272743,6.51667578101149e-05,25,10,0
15,2822,0.9163542684583514,1.9463166202858144e-05,0.08355938867210053,6.687970334507707e-05,25,10,0
15,2823,0.9159878879599335,1.9468346194111973e-05,0.08392445999704277,6.81836968296243e-05,25,10,0
15,2824,0.9227799163775805,1.350960611086149e-05,0.07713955701926857,6.701699703977778e-05,25,10,0
15,2825,0.9229093530039278,1.3499741548445003e-05,0.07701011544453261,6.703180999069716e-05,25,10,0
15,2826,0.92276223937765,1.3504983125661363e-05,0.07715717377533692,6.708186388708202e-05,25,10,0
15,2827,0.9231620855880435,1.3494726534731694e-05,0.07675738908595724,6.703059946457779e-05,25,10,0
15,2828,0.9228846568589926,1.3494907666794791e-05,0.07703481648298337,6.703175035730868e-05,25,10,0
15,2829,0.9204907144606027,1.3474441135150695e-05,0.07942888492515948,6.692617310269331e-05,25,10,0
15,2830,0.9196830272154897,1.348922917932168e-05,0.08023767419710713,6.580935822383573e-05,25,10,0
15,2831,0.9197974489660773,1.3489235456140246e-05,0.08012325158141889,6.581021704758742e-05,25,10,0
15,2832,0.9236361069634174,1.3504836606819575e-05,0.07628458021792273,6.580798205329158e-05,25,10,0
15,2833,0.9350756259381008,1.3490257656676632e-05,0.0648452181142176,6.566569002502188e-05,25,10,0
15,2834,0.9348593410974153,1.3488382120351125e-05,0.06506254408610913,6.462643435501515e-05,25,10,0
15,2835,0.9407654585292665,1.3072838549414882e-05,0.05915797707195222,6.349156023160205e-05,25,10,0
15,2836,0.9341017338656716,1.3077020351131166e-05,0.06582169819015933,6.349092381785298e-05,25,10,0
15,2837,0.923722165921631,1.8333427541125494e-05,0.0761711971997629,8.830345106549951e-05,25,10,0
15,2838,0.904841964695013,1.8365267550000175e-05,0.0950484032277098,9.126680972835857e-05,25,10,0
15,2839,0.9053080527332164,1.83652677709443e-05,0.09458231513147085,9.1266867543098e-05,25,10,0
15,2840,0.9097467302107877,1.836527449299198e-05,0.0901436374274831,9.126708723747075e-05,25,10,0
15,2841,0.8935091316501841,1.8376418582514883e-05,0.10638117140607431,9.132052515996667e-05,25,10,0
15,2842,0.8935266556411712,1.8376418464752272e-05,0.10636364745511154,9.132048525367649e-05,25,10,0
15,2843,0.893425569732427,1.837173880860726e-05,0.10646473959872937,9.131893003593965e-05,25,10,0
15,2844,0.8933067733111026,1.8371962418460184e-05,0.10658352361734781,9.133110913196435e-05,25,10,0
15,2845,0.879368954024131,1.851977052932116e-05,0.11823254582138391,0.002379980383955738,25,10,0
15,2846,0.8775894942949448,1.9519575488404856e-05,0.12000597160129262,0.002385014528274343,25,10,0
15,2847,0.8916446929473308,1.9371839027108588e-05,0.10823956996708167,9.6365246561308e-05,25,10,0
15,2848,0.8912700340889522,1.9371836769378554e-05,0.10861287315204562,9.77209222337991e-05,25,10,0
15,2849,0.9017511911897889,1.4115297844787163e-05,0.0981617807020558,7.291281031140238e-05,25,10,0
15,2850,0.9020363708366129,1.411051874028761e-05,0.09787967715368577,6.984149096177904e-05,25,10,0
15,2851,0.933490980765498,1.3315496479002003e-05,0.06642458967797281,7.111406005007774e-05,25,10,0
15,2852,0.9334723096019273,1.332055659340282e-05,0.06644323036257155,7.11394789076762e-05,25,10,0
15,2853,0.9334727705047128,1.3320549931075986e-05,0.06644279431898598,7.111462637005405e-05,25,10,0
15,2854,0.9497297238908842,1.3311127686232318e-05,0.05018546282446014,7.150215696941448e-05,25,10,0
15,2855,0.9450775194227881,1.3311115363536768e-05,0.05483763938331054,7.153007853814153e-05,25,10,0
15,2856,0.9464357016389521,1.2311403857522766e-05,0.05348279345852441,6.919349866620765e-05,25,10,0
15,2857,0.9464184717190973,1.2307053612897925e-05,0.05350016907631089,6.905215097896285e-05,25,10,0
15,2858,0.9464076944657485,1.2307019259772851e-05,0.0535109325952663,6.906591972533873e-05,25,10,0
15,2859,0.9462949354317187,1.230701841849102e-05,0.05362366969817831,6.908785168461141e-05,25,10,0
15,2860,0.9464930788386299,1.2300730289851096e-05,0.05342663821414824,6.798221693233782e-05,25,10,0
15,2861,0.9479031929446309,1.2286166266258908e-05,0.052016576886154846,6.79440029483342e-05,25,10,0
15,2862,0.9403272870369251,1.2293294236654348e-05,0.05947050551683132,0.0001899141520070629,25,10,0
15,2863,0.9406184941827092,1.2004705980189904e-05,0.05918091813226953,0.00018858297904121774,25,10,0
15,2864,0.9325058145956159,0.0003809836825105255,0.06692405869420086,0.00018914302767286,25,10,0
15,2865,0.9017039732280024,0.0003810196336716378,0.097180278052755,0.0007347290855707061,25,10,0
15,2866,0.8948077634272472,0.0003814942917513194,0.10407489683030689,0.0007358454506945052,25,10,0
15,2867,0.8947342034993264,0.0003815935908723924,0.10414671168206731,0.0007374912277340723,25,10,0
15,2868,0.9014984015950728,0.0003811241623411833,0.09738407256289625,0.0007364016796900354,25,10,0
15,2869,0.901346396992482,0.00038112411993028027,0.09753606443569346,0.0007364144518942858,25,10,0
15,2870,0.8976400989156872,0.00038113298935958597,0.10124235439132054,0.0007364137036327658,25,10,0
15,2871,0.9162805599880051,0.0003811115659398814,0.08260396144841803,0.0007343669976375851,25,10,0
15,2872,0.9165097337783331,0.0003811111607155656,0.08237484586173505,0.0007343091992168554,25,10,0
15,2873,0.9199508592829782,0.00038110739808895524,0.0789336756081873,0.0007343577107459631,25,10,0
15,2874,0.9210220073463882,0.0003808976369376341,0.0778627788225742,0.0007343161941003382,25,10,0
15,2875,0.9212487079343084,0.0003807986303943043,0.077637865138328,0.0007326282969696926,25,10,0
15,2876,0.9215577252213762,0.0003807979248060281,0.07732885058867722,0.0007326262651407021,25,10,0
15,2877,0.9207576035655467,0.00038100499339269406,0.07812758922295929,0.0007338022181015175,25,10,0
15,2878,0.8920112352340541,0.0003810445913596409,0.10653461708190468,0.0010731030926816236,25,10,0
15,2879,0.888953963324661,0.0003808468466685301,0.1095932404154429,0.0010719494132277003,25,10,0
15,2880,0.8889520002750695,0.0003808468424869197,0.10959522624488731,0.0010719266375564566,25,10,0
15,2881,0.8787349457306257,0.0003811591792616624,0.11981197219990354,0.0010719228902086257,25,10,0
15,2882,0.8683169356466656,0.0003817791610965833,0.13035121887213824,0.0009500663200990369,25,10,0
15,2883,0.8720253186857346,0.0003817698372509641,0.12664284301746534,0.0009500684595485009,25,10,0
15,2884,0.8721739246784637,0.0003817698370940242,0.12649426145585166,0.0009500440285901363,25,10,0
15,2885,0.871124242184036,0.0003817873162962313,0.12754427322486878,0.0009496972747988473,25,10,0
15,2886,0.8715681110668589,0.0003817867452105289,0.12710312907378837,0.000946973114141738,25,10,0
15,2887,0.8370545680911667,0.00038375522245023564,0.16161458486558342,0.0009470918207996505,25,10,0
15,2888,0.8427898271180254,1.4809721633267341e-05,0.15607768450201998,0.0011176786583214759,25,10,0
15,2889,0.8392106821164605,1.4767274633966233e-05,0.1597415335137472,0.0010330170951584681,25,10,0
15,2890,0.8390281317783539,1.505378607781558e-05,0.15992379501965545,0.0010330194159131605,25,10,0
15,2891,0.8424975493060061,1.4777950021981167e-05,0.15645517684245042,0.0010324959015221387,25,10,0
15,2892,0.8422905792832247,1.5045714978543204e-05,0.15666064117055256,0.0010337338312446944,25,10,0
15,2893,0.8422905533006463,1.5040736718440036e-05,0.1566606961028183,0.001033709859817495,25,10,0
15,2894,0.8426305989809825,1.5034768288467463e-05,0.15632146938465896,0.0010328968660706607,25,10,0
15,2895,0.83082698377184,2.6631898449058193e-05,0.1681134362488341,0.0010329480808772774,25,10,0
15,2896,0.8311376855261385,2.6631686389496354e-05,0.16780544891799792,0.0010302338694748604,25,10,0
15,2897,0.8338192921703311,2.66491327531631e-05,0.16512365711553037,0.0010304015813858973,25,10,0
15,2898,0.8340807977732508,2.664389895379223e-05,0.16486220569710522,0.0010303526306906547,25,10,0
15,2899,0.8188576211806812,2.6555348455810588e-05,0.18008589926286855,0.001029924207994604,25,10,0
15,2900,0.8537462306384002,2.4581608437047768e-05,0.14519943077977626,0.001029756973386434,25,10,0
15,2901,0.863566094254159,2.426918951445234e-05,0.1353744680277594,0.0010351685285667873,25,10,0
15,2902,0.9021022686910705,2.426796180216428e-05,0.0970929032377205,0.000780560109406256,25,10,0
15,2903,0.9021011890774218,2.426788396033431e-05,0.0970939567817746,0.0007805862568426913,25,10,0
15,2904,0.9016943165194319,2.4268086366560207e-05,0.09750077607092125,0.0007806393232794619,25,10,0
15,2905,0.9013223558919954,2.424956919524712e-05,0.0978728487880731,0.0007805457507355304,25,10,0
15,2906,0.9012982253053248,2.4249569142765002e-05,0.09789697938747263,0.0007805457380590037,25,10,0
15,2907,0.9013124473918414,2.4249725831064266e-05,0.0978827555798673,0.0007805473024595975,25,10,0
15,2908,0.8661658765046455,2.504829097701944e-05,0.13281111936119044,0.0009979558431867815,25,10,0
15,2909,0.8780588617543517,1.3451773896985943e-05,0.12092978323273823,0.0009979032390128697,25,10,0
15,2910,0.8780594969655898,1.3451895949063706e-05,0.12092914857674567,0.0009979025617151195,25,10,0
15,2911,0.8781022945590021,1.345886592200947e-05,0.12088403032456402,0.001000216250511329,25,10,0
15,2912,0.8572308299296211,1.385119274241554e-05,0.1416533017086948,0.001102017168941192,25,10,0
15,2913,0.8510885190391032,1.3855602834413387e-05,0.147794418474525,0.0011032068835363793,25,10,0
15,2914,0.857795022281399,1.4258006502503603e-05,0.1416344542018478,0.0005562655102503603,25,10,0
15,2915,0.8588877818252181,1.4257660529695399e-05,0.1405416950142675,0.0005562654999841919,25,10,0
15,2916,0.8601134398293588,1.4240161062574518e-05,0.13931625475982282,0.0005560652497553683,25,10,0
15,2917,0.8838643620737914,1.3801974185756441e-05,0.115565770536032,0.0005560654159899388,25,10,0
15,2918,0.8843630849358826,1.3802001559654091e-05,0.11507249445224071,0.0005506186103163626,25,10,0
15,2919,0.8841881979134264,1.381076706140592e-05,0.1152459777645838,0.0005520135549276211,25,10,0
15,2920,0.8835548235329569,1.3811960289732114e-05,0.11587929365509922,0.000552070851653434,25,10,0
15,2921,0.8884032683488431,1.3998374280423764e-05,0.11098171894670461,0.000601014330171458,25,10,0
15,2922,0.8883886924771787,1.3994492070426327e-05,0.11099767130894608,0.0005996417218043542,25,10,0
15,2923,0.8730748031130556,1.4016779298514931e-05,0.1263114946428295,0.0005996854648156349,25,10,0
15,2924,0.8905554963946742,1.3388637360346647e-05,0.10883154771490133,0.0005995672530636376,25,10,0
15,2925,0.8912725746242066,1.3389114792507372e-05,0.10811439742218502,0.0005996388388154738,25,10,0
15,2926,0.89123625646756,1.3389154678147994e-05,0.10814931966550004,0.0006010347122615157,25,10,0
15,2927,0.8791648201842583,1.3701912902479075e-05,0.1177809577291076,0.0030405201737311073,25,10,0
15,2928,0.8781992952524145,1.3720896748613308e-05,0.11874636948767955,0.003040614363156744,25,10,0
15,2929,0.8794927016633306,1.3530138961117516e-05,0.11750328630273345,0.002990481894974114,25,10,0
15,2930,0.8716438207036474,1.3536330197145162e-05,0.12535125721806573,0.002991385748089172,25,10,0
15,2931,0.8831792263664127,2.0828280185629715e-06,0.11388064026597218,0.002938050539595814,25,10,0
15,2932,0.8825428619323678,2.0837333413771895e-06,0.1145168873466153,0.0029381669876748155,25,10,0
15,2933,0.8983009405406689,2.061197270190353e-06,0.09875894565732178,0.002938052604738458,25,10,0
15,2934,0.919179999428364,1.6689037233619879e-06,0.0779820796504337,0.0028362520174782125,25,10,0
15,2935,0.9192683584487444,1.6670770679118318e-06,0.07789600288784501,0.0028339715863416643,25,10,0
15,2936,0.953775322448393,1.6703765102257816e-06,0.04360626057124843,0.0026167466038476113,25,10,0
15,2937,0.9600856646746503,1.6640677306836535e-06,0.03729682725109415,0.002615844006524141,25,10,0
15,2938,0.9404191884142044,0.0006380745412729048,0.056325166984201945,0.002617570060319782,25,10,0
15,2939,0.9404282644558072,0.0006380744770160572,0.05631609173731534,0.002617569329860528,25,10,0
15,2940,0.9402996632022839,0.0006380783162453807,0.056445038155468634,0.002617220326001125,25,10,0
15,2941,0.9342194091313472,0.0006387961517187456,0.06252457930900338,0.0026172154079304173,25,10,0
15,2942,0.9337520874400397,0.0006388016360421146,0.06299187118073056,0.0026172397431874143,25,10,0
15,2943,0.9494643528669825,0.0006386224193321545,0.04728061897702866,0.0026164057366567573,25,10,0
15,2944,0.9497316459721508,0.0006386175291578092,0.04701335423157973,0.0026163822671118435,25,10,0
15,2945,0.9521211444153593,0.0006385839970330813,0.04479504928384797,0.0024452223037599082,25,10,0
15,2946,0.9519879138680706,0.0006388704302726356,0.044928017155284265,0.0024451985463728267,25,10,0
15,2947,0.9461372747743169,0.0006393001465506845,0.05077618958730341,0.0024472354918292348,25,10,0
15,2948,0.9437773533999095,0.000639349479615741,0.05312265095883942,0.002460646161635527,25,10,0
15,2949,0.9323574924008655,0.0006393776401333675,0.06454248352054806,0.002460646438453438,25,10,0
15,2950,0.929993284383254,0.000639433584472728,0.06690152718711904,0.002465754845154726,25,10,0
15,2951,0.9298935607140009,0.0006394351855528676,0.06700123917031994,0.0024657649301268623,25,10,0
15,2952,0.9316876512773828,0.0006393792519513362,0.06521230983749349,0.0024606596331729217,25,10,0
15,2953,0.9264352603077546,0.0006393790350731072,0.07046468719250432,0.002460673464668614,25,10,0
15,2954,0.9322399611119689,0.0006390961835607193,0.06466159746672995,0.0024593452377409918,25,10,0
15,2955,0.9324051707664447,0.0006390922419053745,0.06449743886754476,0.002458298124105955,25,10,0
15,2956,0.9325314054958395,0.0006391069640381072,0.0643711349202318,0.00245835261989136,25,10,0
15,2957,0.9324140554540586,0.0006391069696418287,0.06448846192526907,0.0024583756510310733,25,10,0
15,2958,0.9326514565290629,0.0006391068254073515,0.06425103807287376,0.002458398572656354,25,10,0
15,2959,0.9275431771167186,0.0006392550458247063,0.06935933518121357,0.002458232656243663,25,10,0
15,2960,0.9272032862373123,0.0006392550608544453,0.06969920276141388,0.002458255940419762,25,10,0
15,2961,0.9332095254484735,0.0006385366861666847,0.0636937497104963,0.002458188154863961,25,10,0
15,2962,0.933755631696993,0.0006383894765301289,0.0631485010608887,0.002457477765588451,25,10,0
15,2963,0.9338413631700988,0.0006381028671255219,0.06306305582042779,0.0024574781423482377,25,10,0
15,2964,0.9338331918598927,0.0006381028691929486,0.06307122513925179,0.002457480131662618,25,10,0
15,2965,0.9340729724828652,0.0006381030434715524,0.06283144401263327,0.0024574804610299978,25,10,0
15,2966,0.9379753480354607,0.0006380537036240365,0.05894253019113685,0.002444068069778454,25,10,0
15,2967,0.9115245506233355,0.0006380730229937345,0.08529587115078092,0.0025415052028903225,25,10,0
15,2968,0.9115699525395311,0.0006380728378914937,0.08525047160933688,0.002541503013240856,25,10,0
15,2969,0.9057264804857889,0.0006380678282706197,0.09109394128096623,0.0025415104049746496,25,10,0
15,2970,0.882352952812567,0.0006380409774791437,0.11446749040712043,0.002541515802834326,25,10,0
15,2971,0.887569698783012,0.0006377324474484445,0.11169055983137097,0.00010200893816903073,25,10,0
15,2972,0.8878767624802221,0.0006377325084835034,0.11138347123872469,0.00010203377257010582,25,10,0
15,2973,0.8605791842030789,0.0006376332867514796,0.1383760202411582,0.0004071622690106465,25,10,0
15,2974,0.8604562123705751,0.0006376332835957294,0.13849899126550963,0.0004071630803186458,25,10,0
15,2975,0.8603155905578542,0.0006376335364677295,0.13863958874132337,0.0004071871643539373,25,10,0
15,2976,0.8592950460112498,0.0006378613781855212,0.13965880805230252,0.00040828455826132456,25,10,0
15,2977,0.858341566709646,0.0006380328576648061,0.13803672693234237,0.0029836735003460225,25,10,0
15,2978,0.8588220495897276,0.0006380273401150058,0.13755627422812602,0.0029836488420307227,25,10,0
15,2979,0.8843298460861688,0.0006380094225485629,0.11214078468974835,0.002891359801533796,25,10,0
15,2980,0.8846115318569089,0.0006377181502547375,0.11185941497652019,0.0028913350163157527,25,10,0
15,2981,0.8828027373603886,0.0006377193045341182,0.11366248797081123,0.0028970553642657998,25,10,0
15,2982,0.8829514208732928,0.0006377234660250397,0.11351382422451664,0.0028970314361653118,25,10,0
15,2983,0.8665715557153318,0.0006377236574273341,0.1298949826923115,0.002895737934929039,25,10,0
15,2984,0.8566959080073788,8.651222229504964e-06,0.14040161776976304,0.002893823000628285,25,10,0
15,2985,0.8567454700534151,8.651400451162186e-06,0.1403520585756849,0.00289381997044866,25,10,0
15,2986,0.8551490676614657,8.647517039838016e-06,0.14194384478266028,0.002898440038833917,25,10,0
15,2987,0.8494543861727151,8.676311750438857e-06,0.14752965711707328,0.003007280398460988,25,10,0
15,2988,0.8550161477284017,8.680893480463103e-06,0.14196790805643686,0.0030072633216806366,25,10,0
15,2989,0.8622801036153065,8.510750934202399e-06,0.13727817114755808,0.0004332144862009545,25,10,0
15,2990,0.8618568812197381,8.51021787160107e-06,0.13770130405980044,0.00043330450258970474,25,10,0
15,2991,0.8692091348079003,8.481155815494634e-06,0.1304625395847296,0.00031984445155448554,25,10,0
15,2992,0.8750807792928562,8.481024781663423e-06,0.12459091075383995,0.0003198289285218434,25,10,0
15,2993,0.9061449806952564,1.1238231788442614e-06,0.09353398997345971,0.0003199055081043781,25,10,0
15,2994,0.893816564663707,1.8681648481880808e-06,0.10575875255403332,0.0004228146174105565,25,10,0
15,2995,0.8774658836352248,1.888585432741338e-06,0.12210623820619232,0.00042598957314928464,25,10,0
15,2996,0.8758204346877259,1.9072753030482587e-06,0.12375153688600296,0.00042612115096772796,25,10,0
15,2997,0.8578483848326673,3.079562156219622e-06,0.14172230844017725,0.0004262271649987342,25,10,0
15,2998,0.8578126771128797,3.0797753894339453e-06,0.1417579386879731,0.0004263044237574062,25,10,0
15,2999,0.8306697097308838,3.080106957476119e-06,0.16889580687314867,0.00043140328900918135,25,10,0
15,3000,0.8306651151605035,3.0805522211641376e-06,0.16890039647397337,0.00043140781330103776,25,10,0
15,3001,0.8628681746964881,3.0204776462253626e-06,0.13700328186033844,0.00012552296552632936,25,10,0
15,3002,0.8623395831160521,2.817816456094052e-06,0.13753293896686622,0.00012466010062480652,25,10,0
15,3003,0.8785101852130193,2.8173963183184665e-06,0.12136233934276892,0.00012465804789288336,25,10,0
15,3004,0.8753650341498674,9.465539955812214e-06,0.12450085078677754,0.0001246495233993062,25,10,0
15,3005,0.8774464534927253,2.8228285329898284e-06,0.12242594078740023,0.0001247828913414505,25,10,0
15,3006,0.904073059323567,3.159332089724334e-06,0.09579818725552448,0.0001255940888190987,25,10,0
15,3007,0.9056154084860861,3.1582690947744878e-06,0.09426153493599186,0.0001198983088275606,25,10,0
15,3008,0.914377823218877,2.8204345945783965e-06,0.08550027004028125,0.00011908630624736162,25,10,0
15,3009,0.9142899651827027,2.8204048377845785e-06,0.08558820533343459,0.00011900907902514771,25,10,0
15,3010,0.9137739093349617,2.820680524979423e-06,0.0861042225321237,0.00011904745238965251,25,10,0
15,3011,0.8808544162255817,2.835716005965726e-06,0.11901747983425905,0.00012526822415331358,25,10,0
15,3012,0.8807480942268774,2.835626180435725e-06,0.11912382661983179,0.00012524352711041123,25,10,0
15,3013,0.9137004242706694,2.82176236260407e-06,0.08617731383622364,0.00011944013074421772,25,10,0
15,3014,0.910278909198262,2.826364175266059e-06,0.08959882380752726,0.00011944063003539138,25,10,0
15,3015,0.9109376156653096,2.0244950617568003e-06,0.08894110354225969,0.00011925629736903436,25,10,0
15,3016,0.9104413207036423,3.0344056596349685e-06,0.08943623115027392,0.00011941374042436489,25,10,0
15,3017,0.9114873117744637,3.033134679069652e-06,0.0883903414541437,0.00011931363671361059,25,10,0
15,3018,0.8746733346383809,3.0331571430821466e-06,0.12519807552542994,0.00012555667904633173,25,10,0
15,3019,0.87512698067573,3.027734573037963e-06,0.12473937749868709,0.00013061409101014382,25,10,0
15,3020,0.8756506260377722,3.0209614693455003e-06,0.12421751657521511,0.00012883642554353605,25,10,0
15,3021,0.8659384986651503,3.024302630586226e-06,0.13392962052459922,0.00012885650762067035,25,10,0
15,3022,0.8692288266746391,3.020067155205645e-06,0.13063929532198593,0.0001288579362204398,25,10,0
15,3023,0.8778696851118473,4.0623706156495625e-06,0.12199733460605529,0.00012891791148219719,25,10,0
15,3024,0.8725079866199422,4.0662183511295345e-06,0.12730157545174497,0.0001863717099620875,25,10,0
15,3025,0.8379067427370963,4.3422046650418316e-06,0.1619026907777188,0.0001862242805177391,25,10,0
15,3026,0.8036186372744377,4.410335378213907e-06,0.16325118436491792,0.03312576802526392,25,10,0
15,3027,0.8035719375488856,4.41027056516782e-06,0.16329727318656231,0.033126378993984816,25,10,0
15,3028,0.8035458877995423,4.4102466860659965e-06,0.16332393391582592,0.033125768037943745,25,10,0
15,3029,0.8000507772942764,4.410146718383323e-06,0.16681778758925847,0.03312702496974484,25,10,0
15,3030,0.8212861584804346,4.414241000908181e-06,0.1455875004657207,0.03312192681284421,25,10,0
15,3031,0.837557616758513,4.3891057111498885e-06,0.12931926650450346,0.03311872763127287,25,10,0
15,3032,0.8380851138312474,4.369612096917489e-06,0.12879710321456309,0.03311341334209301,25,10,0
15,3033,0.8434442391237238,4.3657696755144344e-06,0.1234954342866592,0.033055960819941936,25,10,0
15,3034,0.8433381839802278,4.367873593417088e-06,0.12360148717368748,0.033055960972492,25,10,0
15,3035,0.843577847421372,4.372486983635265e-06,0.12336065044261085,0.033057129649034005,25,10,0
15,3036,0.8553834835348958,3.6275283043245396e-06,0.11165866580975722,0.03295422312704333,25,10,0
15,3037,0.8533649548754315,3.6678617041866107e-06,0.11367699784731897,0.03295437941554604,25,10,0
15,3038,0.8483663065455614,3.767766532917126e-06,0.11867415065124147,0.03295577503666487,25,10,0
15,3039,0.8485015820768305,2.721990220527675e-06,0.11854001256869245,0.03295568336425711,25,10,0
15,3040,0.8487667640142529,2.7217577482582302e-06,0.11827486839059395,0.032955645837405685,25,10,0
15,3041,0.8188433641751494,4.088882760356e-06,0.1269023456027909,0.05425020133930013,25,10,0
15,3042,0.8192708016732452,4.087837456122032e-06,0.12648005554161457,0.05424505494768485,25,10,0
15,3043,0.8192601396778292,4.085863688003133e-06,0.12649071925760447,0.054245055200878994,25,10,0
15,3044,0.8108119891346258,4.272842338608264e-06,0.13493860412000838,0.05424513390302779,25,10,0
15,3045,0.8036011105962122,4.273090407629481e-06,0.142149482163182,0.05424513415019909,25,10,0
15,3046,0.8039439831371754,4.268173186941545e-06,0.1418077865826634,0.05424396210697517,25,10,0
15,3047,0.8042678211393909,4.2680810295735814e-06,0.1414839495382745,0.05424396124130597,25,10,0
15,3048,0.8035441919263897,4.267728307124864e-06,0.14220757723911587,0.054243963106188196,25,10,0
15,3049,0.7920785301775828,2.084045444358633e-05,0.1536159903804198,0.05428463898755464,25,10,0
15,3050,0.7981045932361107,2.0836025444433752e-05,0.14758992353325626,0.05428464720518902,25,10,0
15,3051,0.7981041737226352,2.083610970053509e-05,0.1475903429838371,0.054284647183827736,25,10,0
15,3052,0.7747071173142198,0.000255377026507411,0.1696086560330862,0.055428849626184516,25,10,0
15,3053,0.7928171131940859,0.0002542049193703269,0.15149993908994935,0.05542874279659481,25,10,0
15,3054,0.7773290704207789,0.00025420490727343136,0.16682370081368944,0.055593023858257026,25,10,0
15,3055,0.777775404633887,0.00025420489465948366,0.16637736828736485,0.05559302218408768,25,10,0
15,3056,0.7707003935998433,0.0002543635115707734,0.17341059943334908,0.05563464345523617,25,10,0
15,3057,0.807510294361909,0.00025436349240119677,0.13660694099959297,0.05562840114609794,25,10,0
15,3058,0.8080693962483526,0.0002543839262483156,0.1360478139802319,0.055628405845168344,25,10,0
15,3059,0.8079958557978156,0.0002543840463978528,0.13612129023900355,0.05562846991678448,25,10,0
15,3060,0.8017497411068568,0.00025438985537061217,0.14236520110356837,0.05563066793420577,25,10,0
15,3061,0.8016154664057246,0.0002543898639295602,0.14249939515557525,0.05563074857477223,25,10,0
15,3062,0.8018781597123932,0.0002543894218139878,0.14223668231293407,0.055630768552860047,25,10,0
15,3063,0.8020073109731123,0.00025438941139151476,0.14210762052489684,0.0556306790906007,25,10,0
15,3064,0.8020030326609212,0.0002543892618269852,0.14211189886057105,0.05563067921668214,25,10,0
15,3065,0.7961780773206872,0.00025439358373148703,0.14793687410747125,0.05563065498811157,25,10,0
15,3066,0.8317800850792763,0.0002531067110240678,0.11233626298678369,0.05563054522291751,25,10,0
15,3067,0.8223281442067413,0.0002531067795111152,0.12178718537968174,0.055631563634067974,25,10,0
15,3068,0.8217810964610729,0.00025310929050263524,0.12233422206191881,0.055631572186507675,25,10,0
15,3069,0.821300680494526,0.0002531051940936391,0.12275276362330968,0.05569345068807266,25,10,0
15,3070,0.8217681378516289,0.0002531056710413879,0.12228511440908443,0.05569364206824705,25,10,0
15,3071,0.8205368338366839,0.0002531054987836907,0.1236806992108466,0.05552936145368799,25,10,0
15,3072,0.8163584676695075,0.00025325691491324406,0.12785820272112158,0.05553007269445938,25,10,0
15,3073,0.8298297854482753,0.00023664420257326325,0.11444432622316102,0.0554892441259919,25,10,0
15,3074,0.8387839378219679,0.00023645686952486182,0.10549044120418,0.055489164104328664,25,10,0
15,3075,0.8545159217099588,0.00023711150386586537,0.08975774345895539,0.05548922332722096,25,10,0
15,3076,0.8540372261296373,0.00023711111895440495,0.09023653610670418,0.05548912664470498,25,10,0
15,3077,0.8530621996321234,0.00023711080886553319,0.09121133807131372,0.055489351487698145,25,10,0
15,3078,0.8499197726153976,0.00023705343663219127,0.11570276310975033,0.03414041083822087,25,10,0
15,3079,0.8493850418744573,0.00023705352266008642,0.11623623483804854,0.03414166976483508,25,10,0
15,3080,0.8807973440216493,0.00023702563104633175,0.0943604388047726,0.02460519154253247,25,10,0
15,3081,0.8809065539645089,0.00023702567936290187,0.09424981603496932,0.02460660432115951,25,10,0
15,3082,0.8803377836003504,0.00024387917995421403,0.09481112487807984,0.024607212341615864,25,10,0
15,3083,0.8802208522928439,0.0002438791820050568,0.09492805606077949,0.0246072124643722,25,10,0
15,3084,0.8808269201604353,0.00024387631239928197,0.09432200138145498,0.02460720214571098,25,10,0
15,3085,0.8763244823118118,0.00024371769855331308,0.09886624074136359,0.02456555924827153,25,10,0
15,3086,0.8676929068651149,0.00024389683778533382,0.10749818021877589,0.024565016078324335,25,10,0
15,3087,0.8778940185555483,0.00024389682484421356,0.09729807390800939,0.024564010711598205,25,10,0
15,3088,0.8723054822103863,0.0002437971879178692,0.10288701919802266,0.024563701403673397,25,10,0
15,3089,0.8795320629617085,0.00024383718958913034,0.09507837459690151,0.025145725251801133,25,10,0
15,3090,0.8868919380784086,0.0002438341609800674,0.08977280978297994,0.023091417977631458,25,10,0
15,3091,0.8870696829628705,0.00024381371266634676,0.08959509351378013,0.02309140981068313,25,10,0
15,3092,0.8953595338863407,0.000243643154212246,0.08127371911132228,0.023123103848124927,25,10,0
15,3093,0.8953586344975064,0.00024364315708203912,0.0812746185939384,0.02312310375147328,25,10,0
15,3094,0.906373966091473,9.115222359951549e-06,0.060512717028200436,0.03310420165796681,25,10,0
15,3095,0.9006395129409759,9.483388631759924e-06,0.06624675620620132,0.03310424746419106,25,10,0
15,3096,0.9012436882737199,1.050135959799625e-05,0.06564141497009027,0.03310439539659178,25,10,0
15,3097,0.9070221780638471,1.0501580944882832e-05,0.05992474948484663,0.0330425708703615,25,10,0
15,3098,0.9075047310908877,9.84695809137294e-06,0.05944281363489337,0.03304260831612782,25,10,0
15,3099,0.9068252735197695,9.840362752613632e-06,0.0598475284539976,0.033317357663480554,25,10,0
15,3100,0.9112846910198208,9.800434787313934e-06,0.05597012569552768,0.03273538284986452,25,10,0
15,3101,0.9070295997345839,9.80025532475378e-06,0.06022440401828516,0.0327361959918063,25,10,0
15,3102,0.8937680237418232,1.5916387036699017e-05,0.07375800845048422,0.03245805142065577,25,10,0
15,3103,0.9000484946849554,1.5916524715436667e-05,0.06747734979368547,0.032458238996643796,25,10,0
15,3104,0.8998014714534438,1.5916616824992743e-05,0.06772437067046841,0.03245824125926294,25,10,0
15,3105,0.8935583858261874,1.4549430398185703e-05,0.055772425185935504,0.05065463955747886,25,10,0
15,3106,0.9076110356505948,8.431354020068236e-06,0.04175506044216359,0.050625472553221945,25,10,0
15,3107,0.8918921024016161,1.5901284997122443e-06,0.05748133003589302,0.05062497743399121,25,10,0
15,3108,0.8627690622022409,1.5906360471105931e-06,0.08660481322478011,0.05062453393693214,25,10,0
15,3109,0.8625674343506934,1.5945587929359453e-06,0.08680538195801157,0.050625589132502376,25,10,0
15,3110,0.8625621927171545,1.5945839897968498e-06,0.08681064882640553,0.05062556387245033,25,10,0
15,3111,0.8625353690637511,1.5945666758009769e-06,0.08666172335432071,0.05080131301525264,25,10,0
15,3112,0.8624427541110274,1.5944841633343184e-06,0.08675444600697448,0.05080120539783487,25,10,0
15,3113,0.868770555508661,1.5885496418547849e-06,0.08042891392199623,0.05079894201970109,25,10,0
15,3114,0.8637154594892583,1.5919536021975296e-06,0.08548310897993769,0.050799839577202056,25,10,0
15,3115,0.863734191529511,1.591602087209937e-06,0.08546438051922546,0.05079983634917639,25,10,0
15,3116,0.863655017375381,1.5916076929377354e-06,0.08554212597909096,0.05080126503783523,25,10,0
15,3117,0.8625333523850206,2.1934848372243335e-06,0.08666307179109006,0.05080138233905198,25,10,0
15,3118,0.867583640947101,2.190085118451716e-06,0.08161368298005327,0.050800485987727156,25,10,0
15,3119,0.8677896521141721,2.2048681748466884e-06,0.0814076769678852,0.050800466049767755,25,10,0
15,3120,0.8677860414900526,2.204868045744821e-06,0.08110335567815805,0.05110839796374354,25,10,0
15,3121,0.8684493992970371,1.168294917384146e-06,0.08044107582943744,0.05110835657860787,25,10,0
15,3122,0.8675230867062609,1.195876575766279e-06,0.08136724009346369,0.051108477323699296,25,10,0
15,3123,0.8670057796595415,2.046803736548345e-06,0.09300688582048065,0.03998528771624113,25,10,0
15,3124,0.8284424014315814,1.444961967530079e-06,0.09203182025709009,0.07952433334936082,25,10,0
15,3125,0.8172436628223652,1.5862062867038154e-06,0.10323039278835534,0.07952435818299299,25,10,0
15,3126,0.8164504696893793,1.5861528675155595e-06,0.1040234916122803,0.07952445254547319,25,10,0
15,3127,0.8164483955834606,1.586125493556517e-06,0.10358956958811799,0.07996044870292794,25,10,0
15,3128,0.8169143706310784,1.5980426833691583e-06,0.10312352245137311,0.07996050887486537,25,10,0
15,3129,0.8219500970404505,1.977000918203292e-06,0.09808746264924156,0.07996046330938988,25,10,0
15,3130,0.827659330282996,1.6090998511501895e-06,0.09237857408223597,0.07996048653491718,25,10,0
15,3131,0.8279014344262212,1.6090142620718397e-06,0.09213647139190527,0.07996048516761162,25,10,0
15,3132,0.8320380609062823,1.4618377694763108e-06,0.08800068274625765,0.07995979450969065,25,10,0
15,3133,0.8317936665338127,1.4616943359628264e-06,0.08824526959515577,0.0799596021766954,25,10,0
15,3134,0.830153632078053,1.4886586835334524e-06,0.08988511288353566,0.07995976637972725,25,10,0
15,3135,0.8301812797183529,1.530074986366854e-06,0.09347919994846501,0.07633799025819553,25,10,0
15,3136,0.8434689899612319,6.669559475243177e-07,0.08019445454337276,0.07633588853944745,25,10,0
15,3137,0.8344502774989561,8.459330021407796e-07,0.08921124293679608,0.07633763363124534,25,10,0
15,3138,0.8629222877318783,8.45233710811456e-07,0.06073965653997828,0.07633721049443223,25,10,0
15,3139,0.8719518452289832,6.660153909669508e-07,0.051712024291439104,0.07633546446418663,25,10,0
15,3140,0.8362515360004616,6.675503771403135e-07,0.08741233265862831,0.07633546379053245,25,10,0
15,3141,0.8360062707061187,6.791140264738143e-07,0.0874832305432754,0.07650981963657923,25,10,0
15,3142,0.8339678690683529,7.152644249065185e-07,0.08951667798062359,0.0765147376865985,25,10,0
15,3143,0.8448369234479081,3.315087151942108e-07,0.07864721218126905,0.07651553286210762,25,10,0
15,3144,0.8468426890640888,3.0454491001485444e-07,0.07664163818690067,0.07651536820410057,25,10,0
15,3145,0.8101702851170781,1.0628453403052632e-06,0.11330990302530221,0.07651874901227854,25,10,0
15,3146,0.8101748128455495,1.4761132058826954e-06,0.1468795120672751,0.04294419897396869,25,10,0
15,3147,0.8099235158948425,1.4799426101913047e-06,0.14713122294717512,0.04294378121537145,25,10,0
15,3148,0.8100697804110567,1.4797033742193707e-06,0.1469850282443026,0.042943711641266064,25,10,0
15,3149,0.8025542102228695,1.6449106053967263e-06,0.1544996390691539,0.042944505797370296,25,10,0
15,3150,0.8030187649874478,1.6456714758161916e-06,0.1540360326499743,0.04294355669110111,25,10,0
15,3151,0.8029638213052311,1.6455463245912454e-06,0.1540909769352931,0.0429435562131501,25,10,0
15,3152,0.8029183054966063,1.914836945279883e-06,0.15413619980017748,0.042943579866269725,25,10,0
15,3153,0.8027746780833875,1.9164708231287722e-06,0.15428045644484845,0.042942949000939645,25,10,0
15,3154,0.800893891784812,7.0700010651897074e-06,0.1561309067347333,0.042968131479388355,25,10,0
15,3155,0.7846078910799754,7.484298558903528e-06,0.17241446852617476,0.0429701560952903,25,10,0
15,3156,0.784194909695029,7.470846335831453e-06,0.17282751827618253,0.042970101182451904,25,10,0
15,3157,0.8106002916141647,7.057738791654942e-06,0.1528238956990553,0.036568754947987225,25,10,0
15,3158,0.7881994528534659,7.056986853737607e-06,0.17522474282163641,0.036568747338043724,25,10,0
15,3159,0.8014886563705761,7.0617251789756246e-06,0.16193554646443709,0.03656873543980708,25,10,0
15,3160,0.7652231275166734,7.111792108322326e-06,0.19820063881486866,0.03656912187634855,25,10,0
15,3161,0.8014162056017904,7.062066797064907e-06,0.1620078992497127,0.03656883308169925,25,10,0
15,3162,0.780135033538807,6.648258109293682e-06,0.18329150781862336,0.03656681038446005,25,10,0
15,3163,0.7803380264072673,6.648424057335541e-06,0.18308851766693074,0.036566807501744236,25,10,0
15,3164,0.7885004296196556,1.2902124912881105e-06,0.1749570411934263,0.03654123897442662,25,10,0
15,3165,0.7937713103607336,1.5757634809441843e-06,0.1696858503318541,0.03654126354393052,25,10,0
15,3166,0.7937162099404499,1.5686420713703746e-06,0.16974046201196846,0.03654175940550932,25,10,0
15,3167,0.7943769648272323,1.5688158338220275e-06,0.1690798010137677,0.03654166534316487,25,10,0
15,3168,0.781196113196483,1.0032534044972312e-05,0.18221064746392635,0.03658320680554524,25,10,0
15,3169,0.8163880439597417,1.0036662235657313e-05,0.1470186887587916,0.036583230619230266,25,10,0
15,3170,0.8178900438582362,1.0036631639083827e-05,0.14551691532035033,0.03658300418977373,25,10,0
15,3171,0.8352024109185067,1.003646437692864e-05,0.1282045496485884,0.03658300296852757,25,10,0
15,3172,0.8344346719129057,9.278331046367885e-06,0.12897659456783847,0.03657945518820872,25,10,0
15,3173,0.8217316685906414,9.286796044438189e-06,0.14168045975526083,0.0365785848580529,25,10,0
15,3174,0.8169651647117047,9.61955216354713e-06,0.14644502727125508,0.03658018846487636,25,10,0
15,3175,0.8169191854159528,9.624255700364185e-06,0.14648972072682848,0.03658146960151783,25,10,0
15,3176,0.8166303072495539,9.623672832730732e-06,0.1467789096882828,0.03658115938932981,25,10,0
15,3177,0.8061931405191415,9.630430378003236e-06,0.15721533138108745,0.03658189766939202,25,10,0
15,3178,0.7998067412204405,9.34908747074564e-06,0.16360203662722939,0.03658187306485831,25,10,0
15,3179,0.7945887794020873,9.352534809946559e-06,0.16876573306503892,0.03663613499806279,25,10,0
15,3180,0.7949227293649841,9.353065028194963e-06,0.16842841581726284,0.03663950175272356,25,10,0
15,3181,0.7948978243483563,9.629700067637973e-06,0.1684542856251597,0.03663826032641496,25,10,0
15,3182,0.7968077046657865,9.593799375928293e-06,0.16654930902790036,0.03663339250693582,25,10,0
15,3183,0.8014532231560514,1.1259292097209517e-06,0.16195379971294854,0.03659185120178916,25,10,0
15,3184,0.7994036546476194,8.446434707906938e-07,0.16400367530885895,0.03659182540004971,25,10,0
15,3185,0.7991542235538511,8.446459731844403e-07,0.16425310468576818,0.0365918271144066,25,10,0
15,3186,0.7991742752074638,8.445631679789753e-07,0.16423310486288353,0.03659177536648402,25,10,0
15,3187,0.8015648917672206,8.695888417073987e-07,0.16184240819621284,0.03659183044772438,25,10,0
15,3188,0.7977689824633183,1.0243343281395257e-06,0.16563735174362687,0.036592641458726184,25,10,0
15,3189,0.7678562700871276,0.00022292135406274698,0.19550197507820563,0.03641883348060579,25,10,0
15,3190,0.7683242660174937,0.00022370898447908236,0.19503329941861317,0.03641872557941585,25,10,0
15,3191,0.7638899491926954,0.00022726169924878618,0.1985488012701101,0.03733398783794742,25,10,0
15,3192,0.7462895847923617,0.00022382925492320043,0.21505070171396828,0.038435884238748094,25,10,0
15,3193,0.7463158853411721,0.00022383896842181235,0.21502572505364018,0.03843455063676737,25,10,0
15,3194,0.7565336364862962,0.0002238387894157836,0.20472956153112712,0.03851296319316282,25,10,0
15,3195,0.7567286910627254,0.00022383862165586393,0.2045348826496226,0.03851258766599753,25,10,0
15,3196,0.7630668627996432,0.00022401197672713077,0.19558676316702292,0.041122362056608186,25,10,0
15,3197,0.7634095804863162,0.00022400664622631176,0.19524051156260458,0.04112590130485455,25,10,0
15,3198,0.7916384235498343,0.0002237211297463286,0.17163902424401342,0.03649883107640594,25,10,0
15,3199,0.8028354137082756,0.00022357988884680238,0.16044219941155569,0.036498806991322005,25,10,0
15,3200,0.837585881851194,0.0002238397837091032,0.12569023893702305,0.0365000394280736,25,10,0
15,3201,0.8357267304546795,0.0002238354165096457,0.12753879590039263,0.03651063822841781,25,10,0
15,3202,0.8260088910271431,0.00022383493296314105,0.137231406643277,0.0365358673966168,25,10,0
15,3203,0.8119581902570957,0.00022384463483250715,0.1512856085353505,0.036532356572721233,25,10,0
15,3204,0.8109545735550688,0.0002252779899494906,0.15228788397202409,0.036532264482957585,25,10,0
15,3205,0.8043014171743116,6.336479915234438e-05,0.15910333305060773,0.0365318849759284,25,10,0
15,3206,0.8042264762264826,6.336569474612551e-05,0.1591782589005085,0.0365318991782627,25,10,0
15,3207,0.8305710057959976,6.393192888456686e-05,0.13270368933778354,0.03666137293733397,25,10,0
15,3208,0.8302744819460064,6.393702735968905e-05,0.13300018300846067,0.03666139801817306,25,10,0
15,3209,0.8306921260036663,6.366760382386919e-05,0.1325828344463366,0.03666137194617302,25,10,0
15,3210,0.7983938424690251,7.215992607917436e-05,0.16487124450856364,0.03666275309633171,25,10,0
15,3211,0.7903701437682399,7.216556908085652e-05,0.1728941977334977,0.03666349292918099,25,10,0
15,3212,0.7877615537878835,7.201081804848389e-05,0.17550262531469815,0.03666381007936885,25,10,0
15,3213,0.8230136363654291,1.206733538531551e-05,0.1403105082443582,0.03666378805482749,25,10,0
15,3214,0.8347097973278256,1.1500758426530549e-05,0.12874436989971344,0.03653433201403442,25,10,0
15,3215,0.843362177325773,1.1500670698320048e-05,0.12009201073967132,0.03653431126385731,25,10,0
15,3216,0.8454205169410226,1.1448750382744967e-05,0.11803396596594855,0.036534068342646074,25,10,0
15,3217,0.8409776100979327,1.1451999285005276e-05,0.1224716616303858,0.03653927627239689,25,10,0
15,3218,0.8346149132996794,1.1166905048318004e-05,0.12883482856721318,0.036539091228059,25,10,0
15,3219,0.8345707516863449,1.144839553801255e-05,0.1288773674907419,0.03654043242737503,25,10,0
15,3220,0.8345663025791323,1.144839558714062e-05,0.1288818165827346,0.03654043244254578,25,10,0
15,3221,0.8185077338356653,4.653716550385779e-05,0.1449129601157592,0.036532768883071415,25,10,0
15,3222,0.8188259659683748,4.624561154387442e-05,0.1445963850717686,0.03653140334831253,25,10,0
15,3223,0.8286749086930939,4.624071645623035e-05,0.13477272408190993,0.03650612650853939,25,10,0
15,3224,0.8128127936626721,4.624073034818239e-05,0.1506347837022507,0.036506181904728374,25,10,0
15,3225,0.7833813085889628,4.8660244002169874e-05,0.1800591596304797,0.036510871536553594,25,10,0
15,3226,0.8077105909615544,4.0167937039818165e-05,0.15573972885621726,0.03650951224518823,25,10,0
15,3227,0.808747914877844,3.8734260249922767e-05,0.15470384353004746,0.03650950733185823,25,10,0
15,3228,0.8185333763367132,3.893170510599076e-05,0.14491633875764148,0.036511353200538804,25,10,0
15,3229,0.8328653601212396,3.8951665381502975e-05,0.13057411410874115,0.03652157410463709,25,10,0
15,3230,0.8326095374269131,3.895673068478974e-05,0.13082855693073428,0.036522948911667054,25,10,0
15,3231,0.8370861090270622,3.9146716586752624e-05,0.12635182988864505,0.03652291436770547,25,10,0
15,3232,0.8369088548398875,3.91476889772782e-05,0.1265289604832065,0.03652303698792822,25,10,0
15,3233,0.8363768607242315,3.914783608455874e-05,0.12706087113334047,0.03652312030634292,25,10,0
15,3234,0.8248904341461548,0.0005607920019298971,0.13802409195555929,0.03652468189635552,25,10,0
15,3235,0.7963670292446815,0.0005607716197504941,0.1665459532760224,0.036526245859545364,25,10,0
15,3236,0.8011189163257285,0.0005607876443632736,0.16184819982870566,0.03647209620120307,25,10,0
15,3237,0.8105669174342168,0.000560870349402685,0.1523997158360394,0.03647249638034129,25,10,0
15,3238,0.7974622679159395,0.0005608884143280835,0.16550241381891087,0.036474429850821596,25,10,0
15,3239,0.7981215635123613,0.0005606908990409483,0.16484519759387825,0.03647254799471972,25,10,0
15,3240,0.804530442472561,0.0005606866238490036,0.15843492997402567,0.03647394092956445,25,10,0
15,3241,0.8050831339185008,0.0005598984024501537,0.15788688641782836,0.03647008126122071,25,10,0
15,3242,0.816445701693974,3.825438060171555e-05,0.14704752360647516,0.03646852031894904,25,10,0
15,3243,0.8161580312812821,3.826027563603805e-05,0.14733514000310685,0.03646856843997493,25,10,0
15,3244,0.8230335935367517,3.826465443668205e-05,0.14046071569933985,0.03646742610947129,25,10,0
15,3245,0.7997566135007979,0.0003983159946546194,0.16337710190353127,0.036467968601015935,25,10,0
15,3246,0.8194069592412713,0.000395896702368014,0.14373141477108453,0.0364657292852758,25,10,0
15,3247,0.8347650295770599,0.0003958969660457477,0.12837361261452027,0.036465460842373065,25,10,0
15,3248,0.8352826193830309,0.00039589694589298256,0.1278560218301332,0.03646546184094215,25,10,0
15,3249,0.8350033587476573,0.0003958969854136679,0.12813528223620504,0.03646546203072323,25,10,0
15,3250,0.8005851866058136,0.00039590030459311443,0.1622114551377315,0.03680745795186167,25,10,0
15,3251,0.7980703787933071,0.00039619376172532976,0.16472548624546113,0.036807941199505805,25,10,0
15,3252,0.7981949553971011,0.000396193933575524,0.16460226965252234,0.03680658101680021,25,10,0
15,3253,0.7816165117439514,0.00039619431152099866,0.18118059984781495,0.03680669409671145,25,10,0
15,3254,0.7806077028578461,0.0003961953524328039,0.1821893121036462,0.03680678968607368,25,10,0
15,3255,0.7649121973399788,3.614042982230844e-05,0.19786867732717361,0.037182984903024185,25,10,0
15,3256,0.7648840651452826,3.609902692633071e-05,0.19428273876838856,0.04079709705940164,25,10,0
15,3257,0.7776164715018697,3.608132513852421e-05,0.18155225760555851,0.04079518956743247,25,10,0
15,3258,0.777067617513579,3.608129310227699e-05,0.18217993920582137,0.040716361987496466,25,10,0
15,3259,0.7774306478697589,3.566592668400164e-05,0.18181931979201338,0.04071436641154287,25,10,0
15,3260,0.8059033146983283,3.566591062922268e-05,0.15334821740177174,0.040712801989270186,25,10,0
15,3261,0.8159208671095628,3.5661751015775525e-05,0.1433365665478703,0.040706904591550484,25,10,0
15,3262,0.8325763882269315,3.5661552335085725e-05,0.12668114012628412,0.04070681009444876,25,10,0
15,3263,0.8710858417990989,3.566319702289131e-05,0.08854844483135672,0.040330050172521566,25,10,0
15,3264,0.8712828115664416,3.566333844551087e-05,0.0883514919972487,0.04033003309786421,25,10,0
15,3265,0.8720503590873119,3.5661963466847187e-05,0.08758415172546974,0.04032982722375133,25,10,0
15,3266,0.8682063968907215,3.5368286336968016e-05,0.09139254013257712,0.04036569469036394,25,10,0
15,3267,0.8632245113459824,3.571922750153486e-05,0.09637238301592531,0.04036738641059046,25,10,0
15,3268,0.8342020063146631,3.575500414879342e-05,0.12487072721714476,0.04089151146404284,25,10,0
15,3269,0.8286814117611615,3.556608459381649e-05,0.13039110477249138,0.040891917381752727,25,10,0
15,3270,0.8289326508641344,3.5565725715358896e-05,0.1301398919770105,0.0408918914331392,25,10,0
15,3271,0.8299363039216794,3.556468383538984e-05,0.12913633616648654,0.04089179522799804,25,10,0
15,3272,0.818938983290111,3.598317276875594e-05,0.1401332023472407,0.040891831189879026,25,10,0
15,3273,0.8189472344187736,3.598395381793042e-05,0.14044430618174356,0.0405724754456642,25,10,0
15,3274,0.8081285305196279,0.00011573584094417057,0.15118640413432843,0.04056932950509898,25,10,0
15,3275,0.8114437870483212,0.00011591598759006786,0.1478708703710944,0.04056942659299342,25,10,0
15,3276,0.8265605881295095,0.00011590492157432321,0.13275450238692202,0.04056900456199303,25,10,0
15,3277,0.8262174981775532,0.00011590496290114375,0.13309760242745983,0.04056899443208467,25,10,0
15,3278,0.8441800822395629,8.081548427599319e-05,0.11517304387469524,0.040566058401465044,25,10,0
15,3279,0.8733966998609746,8.07796117373582e-05,0.08648059573786901,0.040041924789418336,25,10,0
15,3280,0.873542050335875,8.077960173719593e-05,0.08633524583720327,0.04004192422518385,25,10,0
15,3281,0.833714112141671,8.077924158571471e-05,0.12616318211455707,0.04004192650218594,25,10,0
15,3282,0.8392261755939324,8.077577115000422e-05,0.12065113574117385,0.040041912893743474,25,10,0
15,3283,0.8296810682380708,8.077138707556023e-05,0.13019629346505213,0.04004186690980095,25,10,0
15,3284,0.8295034480015437,8.077120718758826e-05,0.13037391268936419,0.04004186810190393,25,10,0
15,3285,0.8290918991308317,8.077158124343583e-05,0.13078536736200844,0.040041961925915984,25,10,0
15,3286,0.8296618349684242,8.077011919768972e-05,0.1302154365296324,0.04004195838274529,25,10,0
15,3287,0.8301873185545006,8.077016140177529e-05,0.1296898588479401,0.040042052436157084,25,10,0
15,3288,0.8303187981026884,8.076980148553366e-05,0.12955845965757265,0.040041972438252964,25,10,0
15,3289,0.8301442903536015,8.076965767776662e-05,0.1297329871636908,0.04004195282502948,25,10,0
15,3290,0.7918409231883823,8.077049739773704e-05,0.1680363533564205,0.0400419529577994,25,10,0
15,3291,0.801981312202879,8.075519812147797e-05,0.1578960473287222,0.04004188527027613,25,10,0
15,3292,0.8415622425387204,8.075523251912317e-05,0.1183151118436339,0.040041890385126254,25,10,0
15,3293,0.8411265221909819,8.079201358027275e-05,0.1187506285391537,0.04004205725628312,25,10,0
15,3294,0.84123616208334,8.079212074488377e-05,0.11864098256424828,0.040042063231665946,25,10,0
15,3295,0.8407362021135921,8.079287898731312e-05,0.11914093980371526,0.04004206520370437,25,10,0
15,3296,0.8403404016179791,8.108198651584784e-05,0.1195364180401398,0.04004209835536445,25,10,0
15,3297,0.8402205543900704,8.108166075054786e-05,0.11965622967251642,0.04004213427666183,25,10,0
15,3298,0.8593937181709866,8.11127436884107e-05,0.10048303391842012,0.04004213516690386,25,10,0
15,3299,0.8593771502734175,8.111276005790654e-05,0.10049959260191052,0.04004214436461309,25,10,0
15,3300,0.860746270134419,8.076655579746922e-05,0.09913250840967637,0.04004045490010633,25,10,0
15,3301,0.861169135301936,8.076066165060368e-05,0.09870969782165182,0.04004040621476108,25,10,0
15,3302,0.8609971283356391,8.07609746884733e-05,0.09888228548618723,0.04003982520348466,25,10,0
15,3303,0.8719818134215984,8.034251877859712e-05,0.08789805409205825,0.040039789967564084,25,10,0
15,3304,0.87946881317159,5.933043190098295e-07,0.0804471138717153,0.04008347965237505,25,10,0
15,3305,0.8453499091371829,5.947549127152501e-07,0.11456557383658023,0.04008392227132338,25,10,0
15,3306,0.8292956212652162,6.072334968708611e-07,0.13061663073513008,0.04008714076615488,25,10,0
15,3307,0.8287818468840511,6.072643568212829e-07,0.1311304053392806,0.040087140512309195,25,10,0
15,3308,0.7958740854118372,3.8544297293315144e-05,0.1638635026999035,0.040223867590964975,25,10,0
15,3309,0.8324320877418091,6.161907194885808e-07,0.12752084751276757,0.04004644855470245,25,10,0
15,3310,0.8322201346955336,6.165320124592549e-07,0.12773048302967085,0.04004876574278152,25,10,0
15,3311,0.8467836470602589,6.425989160888154e-07,0.1131702608132264,0.04004544952759792,25,10,0
15,3312,0.8504398722643302,6.380766790383151e-07,0.10951261745144629,0.0400468722075438,25,10,0
15,3313,0.8509382226870466,6.384087110507058e-07,0.10901426601400294,0.04004687289023879,25,10,0
15,3314,0.8454398115980792,6.412495920008042e-07,0.1145126638356893,0.040046883316638526,25,10,0
15,3315,0.8428705492859261,6.418118903977049e-07,0.11705472327671307,0.04007408562546968,25,10,0
15,3316,0.8428430815216291,6.577144473433778e-07,0.11708202659676643,0.040074234167156456,25,10,0
15,3317,0.8413073536023566,6.515032280551948e-07,0.11862087546957319,0.040071119424841484,25,10,0
15,3318,0.8418127658723155,6.315545917161108e-07,0.11811564917923915,0.040070953393852964,25,10,0
15,3319,0.8393758185324752,3.8631871648906426e-07,0.12041578391076772,0.040208011238039854,25,10,0
15,3320,0.8455092831107308,3.830469650036961e-07,0.11428237053584102,0.04020796330646248,25,10,0
15,3321,0.8407987082732198,3.893941847682304e-07,0.11899121813202837,0.040209684200566274,25,10,0
15,3322,0.8399576871214102,3.900098831983205e-07,0.11983438608549754,0.04020753678320861,25,10,0
15,3323,0.842806299584311,3.8922396819152514e-07,0.11701299122447789,0.040180319967242355,25,10,0
15,3324,0.8765070759266951,6.703063118172585e-07,0.0833123520420207,0.04017990172497227,25,10,0
15,3325,0.8776086709608084,6.693563778037085e-07,0.08221092457961518,0.04017973510319831,25,10,0
15,3326,0.8382417163117671,9.593015122739021e-07,0.12157624774521185,0.040181076641508114,25,10,0
15,3327,0.8383726376874009,9.590864121738822e-07,0.12144675054694312,0.0401796526792432,25,10,0
15,3328,0.8383702237915516,9.64142983397068e-07,0.12144918296534893,0.040179629100115265,25,10,0
15,3329,0.8383636741250391,9.637915679616138e-07,0.12145573145521475,0.04017963062817752,25,10,0
15,3330,0.8358010488831092,9.66845004505531e-07,0.12405472884229565,0.04014325542958885,25,10,0
15,3331,0.8358105842439055,9.668378366187436e-07,0.1240451969269095,0.040143251991346635,25,10,0
15,3332,0.829115750045365,9.751456262991342e-07,0.13074003163278117,0.04014324317622573,25,10,0
15,3333,0.8314410577118406,9.320840410576453e-07,0.12854798112279447,0.040010029081322056,25,10,0
15,3334,0.8315719799441507,9.320468184389273e-07,0.12841705967765535,0.04001002833137389,25,10,0
15,3335,0.8319650797302177,9.239671215811667e-06,0.1280160266209298,0.040009653977635305,25,10,0
15,3336,0.8329876513065577,9.203887897876955e-06,0.12699348476364458,0.040009660041898404,25,10,0
15,3337,0.8336147594332445,9.20393144776733e-06,0.1263664290824139,0.040009607552892366,25,10,0
15,3338,0.8336061924592041,9.203150119771023e-06,0.12641090685464437,0.03997369753603071,25,10,0
15,3339,0.8336280942467744,9.2003243725984e-06,0.12638901132539793,0.03997369410345399,25,10,0
15,3340,0.833726426870475,9.200311943797914e-06,0.12629069351800642,0.03997367929957367,25,10,0
15,3341,0.838343743869808,9.014633997805285e-06,0.12167433421094699,0.03997290728524623,25,10,0
15,3342,0.8384847449164664,9.059179348596507e-06,0.12185395806213416,0.03965223784204977,25,10,0
15,3343,0.8563159918604254,9.02727928845003e-06,0.10402265670532135,0.039652324154964516,25,10,0
15,3344,0.8780899928503885,3.59179919651001e-05,0.08222258589841416,0.03965150325923206,25,10,0
15,3345,0.8782236935267465,3.591292650359828e-05,0.0820888915521995,0.03965150199455028,25,10,0
15,3346,0.8946826597850144,1.438131562952325e-07,0.06565972206386639,0.039657474337963176,25,10,0
15,3347,0.8932584303992976,1.1065598941795588e-06,0.06708070188451906,0.039659761156289136,25,10,0
15,3348,0.8931229116656445,1.0629557602138894e-06,0.07765288128562878,0.029223144092966512,25,10,0
15,3349,0.8918566760150652,1.0621700888436583e-06,0.07892299173642953,0.029219270078416494,25,10,0
15,3350,0.8994708697591962,1.0562318081809867e-06,0.07130879540458297,0.029219278604412716,25,10,0
15,3351,0.9011508131448086,5.582515338947685e-08,0.06963223067293908,0.02921690035709896,25,10,0
15,3352,0.9014626822636379,5.584228388820503e-08,0.06932036233665179,0.029216899557426568,25,10,0
15,3353,0.9023216484850444,5.6398773879217934e-08,0.06846124074370462,0.029217054372477295,25,10,0
15,3354,0.902353226784666,5.6384462760538594e-08,0.06842966515482407,0.029217051676047295,25,10,0
15,3355,0.8989007288482,6.055277591548172e-08,0.07185865003176656,0.029240560567257753,25,10,0
15,3356,0.8990657746731722,5.921125908523147e-08,0.07169974346998882,0.029234422645580026,25,10,0
15,3357,0.8987886869998618,3.496789140884929e-07,0.07197646199993507,0.029234501321289498,25,10,0
15,3358,0.9054087641434566,3.514292170993999e-07,0.06535635711162185,0.029234527315705174,25,10,0
15,3359,0.9325275858300043,6.554834036816849e-07,0.038588711437551,0.02888304724904164,25,10,0
15,3360,0.9243348096284458,9.745688202822944e-07,0.04677817665249426,0.02888603915024027,25,10,0
15,3361,0.9186277229429343,9.739522196043785e-07,0.05248663682913596,0.02888466627571094,25,10,0
15,3362,0.8794632825226525,1.065416082711187e-06,0.09165098252676657,0.028884669534498527,25,10,0
15,3363,0.8799521422079302,1.0654110510942578e-06,0.09116213409296225,0.02888465828805699,25,10,0
15,3364,0.8774618186349062,1.0826036535825768e-06,0.09340770029228838,0.02912939846915206,25,10,0
15,3365,0.8775071219335331,1.0825860355944878e-06,0.09336239743484893,0.02912939804558263,25,10,0
15,3366,0.8770703935328237,1.082680766566001e-06,0.0937991254479153,0.029129398338494747,25,10,0
15,3367,0.8628772781587322,1.226353158618074e-06,0.1079914336442446,0.029130061843863908,25,10,0
15,3368,0.862176176954113,1.1816245052209575e-06,0.10867941947468583,0.029143221946695507,25,10,0
15,3369,0.8625121933563399,1.1816517793685543e-06,0.10833805335378671,0.02914857163809332,25,10,0
15,3370,0.8452531602720509,1.182610212501589e-06,0.12559699479144626,0.029148662326289793,25,10,0
15,3371,0.8459689038416515,1.1918048195401376e-06,0.12488048030823456,0.029149424045293942,25,10,0
15,3372,0.8424857308744287,6.976786146450649e-06,0.12833185424920127,0.029175438090222956,25,10,0
15,3373,0.8271339949487375,9.386778583380725e-06,0.1430082158444213,0.029848402428257138,25,10,0
15,3374,0.8260647271255697,9.432688600487532e-06,0.14407743536610607,0.029848404819723787,25,10,0
15,3375,0.8265167013754988,9.432276303144483e-06,0.143625482345415,0.02984838400278303,25,10,0
15,3376,0.7904613888380134,9.423478933553714e-06,0.1796808251408302,0.029848362542221514,25,10,0
15,3377,0.7953037014235084,9.41700915735458e-06,0.17484025491313834,0.029846626654194797,25,10,0
15,3378,0.7999544267298039,9.411367043368933e-06,0.17021298048982064,0.029823181413331068,25,10,0
15,3379,0.7908221833171138,6.887262663913368e-06,0.18002123926116834,0.02914969015905283,25,10,0
15,3380,0.7899805882513193,1.0387203683253334e-06,0.18086162259754676,0.02915675043076435,25,10,0
15,3381,0.7790131778545853,1.0427818057211962e-06,0.19182800945430656,0.029157769909300888,25,10,0
15,3382,0.7792976519234324,1.0426921587102955e-06,0.1915435349242986,0.029157770460108524,25,10,0
15,3383,0.7726249678757879,1.2898935704858243e-06,0.19821595186992835,0.029157790360712626,25,10,0
15,3384,0.779139226514605,1.3330938656104207e-06,0.19170164548494828,0.029157794906579427,25,10,0
15,3385,0.77939181797439,1.0426536810621894e-06,0.1914494250393456,0.029157714332582206,25,10,0
15,3386,0.7690052421114534,1.0503478468346134e-06,0.20183595670656423,0.02915775083413532,25,10,0
15,3387,0.7801461120744467,1.046285675164051e-06,0.19069611027467923,0.02915673136519733,25,10,0
15,3388,0.7903969832665897,1.0387794813445123e-06,0.18044525895950045,0.029156718994427448,25,10,0
15,3389,0.7904142296903822,1.0388257289308456e-06,0.18042801172226394,0.029156719761623772,25,10,0
15,3390,0.8263709122231537,1.0375707576732863e-06,0.1444713334120924,0.029156716793996073,25,10,0
15,3391,0.831470060315464,9.494697395062659e-07,0.13690150750101718,0.03162748271377911,25,10,0
15,3392,0.8322838481337397,9.501756543742468e-07,0.1360876204909668,0.031627581199639286,25,10,0
15,3393,0.8313452399577769,9.506943844720472e-07,0.1370262166125069,0.03162759273533187,25,10,0
15,3394,0.818331485305848,1.401614361907513e-06,0.1499978007020855,0.031669312377704886,25,10,0
15,3395,0.8183351988657103,1.4016441411704251e-06,0.14999408625056257,0.03166931323958642,25,10,0
15,3396,0.8198852176101539,1.8324396449173984e-06,0.14844157795508872,0.03167137199511278,25,10,0
15,3397,0.8208741023309589,1.7866901231022731e-06,0.14745271516044553,0.03167139581847265,25,10,0
15,3398,0.8208446785379827,1.8149356742249531e-06,0.14748224431922521,0.03167126220711789,25,10,0
15,3399,0.8200702476908849,1.8327920000623355e-06,0.1482618285053369,0.031666091011778266,25,10,0
15,3400,0.8196589922278696,1.828745928046999e-06,0.1486076199068098,0.03173155911939267,25,10,0
15,3401,0.8177515446646849,1.6760134444787858e-06,0.15051519843588582,0.03173158088598491,25,10,0
15,3402,0.8176509100492534,1.6804043053570537e-06,0.15061462243297505,0.031732787113466464,25,10,0
15,3403,0.8153934427589724,1.6808824223597587e-06,0.1528721135143794,0.031732762844226235,25,10,0
15,3404,0.8154029442931894,1.6799280979446708e-06,0.1417568250535475,0.04283855072516546,25,10,0
15,3405,0.8143118360875777,2.6969042510926652e-06,0.14284627968390498,0.0428391873242663,25,10,0
15,3406,0.830934296914079,2.742164219804728e-06,0.12622382227289644,0.04283913864880495,25,10,0
15,3407,0.835010248327679,3.352307911633071e-06,0.12214407841288884,0.04284232095152064,25,10,0
15,3408,0.8274778236910824,3.094903434083172e-06,0.12967773124284523,0.04284135016263812,25,10,0
15,3409,0.8263174364525507,3.095593415393651e-06,0.13083811523176367,0.04284135272226994,25,10,0
15,3410,0.8641427459199862,3.101370817794577e-06,0.09302572087119731,0.04282843183799806,25,10,0
15,3411,0.8586079036377957,3.512267704488412e-06,0.09850581309100782,0.0428827710034911,25,10,0
15,3412,0.8586320159011095,3.540182010644629e-06,0.11378917801403088,0.02757526590284806,25,10,0
15,3413,0.8569493809583529,3.5739426211358257e-06,0.11546793528028959,0.027579109818735223,25,10,0
15,3414,0.8587316654391413,3.4449221430930705e-06,0.11368578477251282,0.02757910486620187,25,10,0
15,3415,0.8577587666766749,3.4459456806220386e-06,0.11465858075372898,0.027579206623914523,25,10,0
15,3416,0.8577253791108849,3.4180311461661636e-06,0.09978749337883269,0.04248370947913537,25,10,0
15,3417,0.8206083684210538,4.17388776072132e-06,0.1369036818178796,0.042483775873305395,25,10,0
15,3418,0.822980490442698,4.157359079062073e-06,0.13477629316287038,0.04223905903535189,25,10,0
15,3419,0.8249368630405358,4.157880803294864e-06,0.13281983945303868,0.04223913962562139,25,10,0
15,3420,0.8219717870930002,3.4906519619293476e-06,0.13578501083416464,0.04223971142087295,25,10,0
15,3421,0.829512484501571,3.323454737793043e-06,0.13075137613674376,0.03973281590694747,25,10,0
15,3422,0.8297120799929075,3.32278975838711e-06,0.13055187838074203,0.039732718836591935,25,10,0
15,3423,0.8232357907182614,3.7887521900299156e-06,0.13702762985389852,0.0397327906756504,25,10,0
15,3424,0.8118511942305663,3.7692089924184617e-06,0.14840510034441792,0.03973993621602367,25,10,0
15,3425,0.8120939408813223,3.7691389326161456e-06,0.14816218161851588,0.039740108361229466,25,10,0
15,3426,0.8121906061780956,3.768530881246251e-06,0.1480655396924771,0.039740085598546304,25,10,0
15,3427,0.812186224623632,3.7693184307508348e-06,0.14797134177194596,0.03983866428599174,25,10,0
15,3428,0.8487140388799805,3.76936230239382e-06,0.11144714765151902,0.03983504410619779,25,10,0
15,3429,0.8561668133234371,3.4571289728601996e-06,0.10399149401121852,0.03983823553637107,25,10,0
15,3430,0.8493153962834349,3.4818487599447884e-06,0.1106073059960602,0.04007381587174479,25,10,0
15,3431,0.8493160208477899,3.4810613238952236e-06,0.11059320843515201,0.040087289655733924,25,10,0
15,3432,0.852700049180908,3.5298151154212303e-06,0.1253749172328959,0.021921503771081152,25,10,0
15,3433,0.8537827034874307,2.512847421555244e-06,0.1242939084390631,0.021920875226085223,25,10,0
15,3434,0.8384434291294097,2.4946045956159954e-06,0.13963338392745045,0.021920692338545322,25,10,0
15,3435,0.8394388148562836,2.4469380128849166e-06,0.13266010740858897,0.027898630797115635,25,10,0
15,3436,0.8374111777766065,2.4472442136761473e-06,0.1346876501865691,0.027898724792611795,25,10,0
15,3437,0.8373014550567385,2.4392869197248825e-06,0.13479741911525348,0.02789868654108932,25,10,0
15,3438,0.8353256303471629,2.441725979664498e-06,0.1367732181779664,0.027898709748891925,25,10,0
15,3439,0.8722833186501704,1.687876741524563e-06,0.09981499187341207,0.027900001599675796,25,10,0
15,3440,0.8678218654346543,1.6907394162376357e-06,0.10427560113380605,0.02790084269212344,25,10,0
15,3441,0.8523275532444918,3.52161910735948e-06,0.11975953220716558,0.02790939292923603,25,10,0
15,3442,0.8672289169640927,1.6915013013733336e-06,0.1048686102443532,0.02790078129025293,25,10,0
15,3443,0.8752534519934346,1.5124141518742031e-06,0.09684539142741827,0.027899644164994897,25,10,0
15,3444,0.875866779389015,1.4781549543711736e-06,0.09623233959746347,0.027899402858566978,25,10,0
15,3445,0.879779344295788,1.5022321284815e-06,0.09232063711857919,0.027898516353504394,25,10,0
15,3446,0.8797094242693179,1.5005614174525985e-06,0.09239187626778221,0.027897198901482602,25,10,0
15,3447,0.8808573601330103,1.5002073037495098e-06,0.09124403166171917,0.027897107997966887,25,10,0
15,3448,0.8809571326488342,1.4904199940382961e-06,0.09114516412169144,0.02789621280948024,25,10,0
15,3449,0.8681639386184864,1.1180549812388702e-05,0.10392785684969452,0.02789702398200709,25,10,0
15,3450,0.8501474876746862,1.5759753953124758e-05,0.12197120706505273,0.027865545506308556,25,10,0
15,3451,0.8505436523205242,1.573278386393442e-05,0.12157393919202354,0.027866675703588858,25,10,0
15,3452,0.8753551647782325,1.074150215458889e-05,0.09679045883351015,0.027843634886102742,25,10,0
15,3453,0.8750428088910488,1.0741769791572258e-05,0.09710283584394781,0.027843613495211618,25,10,0
15,3454,0.8809545826771228,1.027730048981476e-05,0.0911915930426492,0.02784354697973836,25,10,0
15,3455,0.8818372097827425,1.0262198675234133e-05,0.09031296456437334,0.027839563454208852,25,10,0
15,3456,0.8902561239025585,1.0496484551729401e-05,0.08209239285683692,0.027640986756052772,25,10,0
15,3457,0.8921293533561925,1.0620117485224858e-05,0.08021904624399312,0.027640980282329034,25,10,0
15,3458,0.8922464055036363,1.0629239106048052e-05,0.0801000490642133,0.027642916193044167,25,10,0
15,3459,0.8928596651475327,1.0629311803629063e-05,0.07948677688804524,0.02764292865261816,25,10,0
15,3460,0.8928726467307235,1.0633984310059695e-05,0.07947242649575462,0.027644292789211527,25,10,0
15,3461,0.8801419257043057,1.0643279794041176e-05,0.09220423504261378,0.02764319597328642,25,10,0
15,3462,0.8808905343271407,1.0633349811277102e-05,0.09145757029304813,0.027641262029999645,25,10,0
15,3463,0.8933892866691113,1.0182648627363946e-05,0.07899991141631629,0.027600619265945148,25,10,0
15,3464,0.8989678803993243,1.366098926198835e-05,0.07341714377771973,0.027601314833693963,25,10,0
15,3465,0.8819582685564672,1.36707212902793e-05,0.09042676768995987,0.02760129303228312,25,10,0
15,3466,0.882853831364214,1.3670247291611194e-05,0.08953120569503488,0.027601292693459744,25,10,0
15,3467,0.8836020293366176,3.104185693264465e-05,0.08876413249978882,0.027602796306661608,25,10,0
15,3468,0.8830629583373373,3.155027829259728e-05,0.08930256734401774,0.027602924040353007,25,10,0
15,3469,0.8666833020541687,3.1557847635357266e-05,0.10568344529169824,0.02760169480649799,25,10,0
15,3470,0.8307695730967332,3.158414772206816e-05,0.14159018159771164,0.027608661157833208,25,10,0
15,3471,0.8466514882747238,3.158447347249348e-05,0.12570353522029323,0.027613392031510663,25,10,0
15,3472,0.8468482336492374,3.1584403869418656e-05,0.12550680706821324,0.027613374878680333,25,10,0
15,3473,0.86420651139485,1.4201273156797596e-05,0.10816741051183643,0.02761187682015692,25,10,0
15,3474,0.8644371942126527,1.369285335772397e-05,0.10793726744841889,0.027611845485570906,25,10,0
15,3475,0.8581441659586023,1.3687672541538122e-05,0.11423166959158582,0.027610476777270646,25,10,0
15,3476,0.8441595780550954,1.3878570793883972e-05,0.1281643375570013,0.02766220581710973,25,10,0
15,3477,0.8507603721374803,1.3879530877622106e-05,0.1215634655348253,0.02766228279681693,25,10,0
15,3478,0.8508173992836405,1.3753496862794708e-05,0.12150657270052453,0.027662274518972338,25,10,0
15,3479,0.8570719200574017,1.3753097091188827e-05,0.11531752237477329,0.027596804470734163,25,10,0
15,3480,0.8556866942142649,1.4551114297798402e-05,0.1166981486755285,0.027600605995909216,25,10,0
15,3481,0.856285820877974,1.4551382525177131e-05,0.11609899758734944,0.027600630152151976,25,10,0
15,3482,0.8686901668706905,1.45532422814398e-05,0.10369371226543335,0.02760156762159536,25,10,0
15,3483,0.8813237880610754,1.4380907427688742e-05,0.09111199150046552,0.02754983953103223,25,10,0
15,3484,0.8732811863622512,1.437217297922773e-05,0.09915455681294694,0.027549884651822974,25,10,0
15,3485,0.8671588601270893,1.4380121348810692e-05,0.10527694983780575,0.027549809913756475,25,10,0
15,3486,0.8768030051311725,1.4604290079409794e-05,0.09563144751136118,0.027550943067387174,25,10,0
15,3487,0.8771005416856162,1.4604283560299215e-05,0.09533400738192062,0.02755084664890311,25,10,0
15,3488,0.8780967133215418,1.4779470133572657e-05,0.09433952273706626,0.027548984471258527,25,10,0
15,3489,0.8785748074319301,1.4779483797539626e-05,0.0938614045464648,0.027549008537807645,25,10,0
15,3490,0.8786035951718838,1.5066811049558701e-05,0.0938323565647289,0.02754898145233774,25,10,0
15,3491,0.878169202931323,1.5049627302138554e-05,0.09426685131353033,0.027548896127844728,25,10,0
15,3492,0.8878894307726122,1.4765034185249351e-05,0.08458726914647319,0.02750853504673006,25,10,0
15,3493,0.8882660848496924,1.4764289111510751e-05,0.08421076429378659,0.02750838656741015,25,10,0
15,3494,0.8878343458811873,1.4764242746479316e-05,0.08464242421872442,0.027508465657342343,25,10,0
15,3495,0.8880277505847224,1.4560524039541414e-05,0.08445118022998105,0.027506508661257475,25,10,0
15,3496,0.8521103344925407,1.8192202708987164e-05,0.12036392423797987,0.02750754906677144,25,10,0
15,3497,0.849719807498121,1.818075127036636e-05,0.12275501131709905,0.02750700043351066,25,10,0
15,3498,0.8472401341114374,1.818037844089282e-05,0.11709270618190423,0.03564897932821859,25,10,0
15,3499,0.8494119429140621,1.738200240170057e-05,0.11492550170190953,0.03564517338162777,25,10,0
15,3500,0.8845794029352767,1.736821832918162e-05,0.07976171999008556,0.03564150885630946,25,10,0
15,3501,0.8815458896860777,1.7368653378878695e-05,0.08279277040130861,0.03564397125923585,25,10,0
15,3502,0.8754926515578102,1.7617996830923555e-05,0.08884575846200465,0.035643971983355144,25,10,0
15,3503,0.8710910422144051,1.7356551326867282e-05,0.09324735767007658,0.03564424356419192,25,10,0
15,3504,0.8695142762570266,1.7355949543055166e-05,0.09458807939516048,0.035880288398270316,25,10,0
15,3505,0.8354720188417762,1.880950830881081e-05,0.12862872978362017,0.03588044186629515,25,10,0
15,3506,0.8351281417616854,1.880949166560102e-05,0.12897262938030796,0.03588041936634187,25,10,0
15,3507,0.8349012232840023,1.880974823328405e-05,0.12919954687269164,0.03588042009507339,25,10,0
15,3508,0.8348704363769837,1.8814200291724575e-05,0.12923030560456414,0.03588044381816128,25,10,0
15,3509,0.8452047001205476,1.7826902124339764e-05,0.11889504117750317,0.03588243179982562,25,10,0
15,3510,0.8451999833198026,1.7826898905588743e-05,0.1188997585875857,0.0358824311937068,25,10,0
15,3511,0.8805192152812314,1.4195927736046338e-05,0.08358983642601721,0.03587675236501587,25,10,0
15,3512,0.887027332935382,1.3959823207219749e-05,0.07708306410919667,0.03587564313221447,25,10,0
15,3513,0.885299427390958,1.4699855609092163e-05,0.0788100298604819,0.03587584289295118,25,10,0
15,3514,0.8470252914139416,1.4728203086092379e-05,0.1170764093468522,0.035883571036120394,25,10,0
15,3515,0.8470272773115187,1.4728170635022605e-05,0.11707443180865373,0.03588356270919257,25,10,0
15,3516,0.8468538559624992,1.4728675047098229e-05,0.11724784152565404,0.035883573836799715,25,10,0
15,3517,0.8485924564805518,1.3988472631636677e-05,0.1155101870284526,0.03588336801836442,25,10,0
15,3518,0.853269319452809,1.3999528742396621e-05,0.11083321180885021,0.03588346920959875,25,10,0
15,3519,0.8530561814256731,1.3999528633221201e-05,0.11104634972910779,0.035883469316586265,25,10,0
15,3520,0.8525422321358982,1.4019921285753241e-05,0.11156017761726761,0.03588357032554887,25,10,0
15,3521,0.8526992425921488,1.4023874568227894e-05,0.11140314453991335,0.03588358899337004,25,10,0
15,3522,0.857336964635596,1.3997731434975096e-05,0.10676571878278544,0.03588331885018419,25,10,0
15,3523,0.8560851739869629,1.3997744515083754e-05,0.10801750657723728,0.035883321691285254,25,10,0
15,3524,0.8654652033833308,1.3987326875002384e-05,0.09863746013982841,0.035883349149966354,25,10,0
15,3525,0.8650434568119606,1.3987921868220956e-05,0.09905922667908036,0.03588332858709132,25,10,0
15,3526,0.8632741314733268,1.4025910524302764e-05,0.10228845318125762,0.034423389434891774,25,10,0
15,3527,0.8632074481598293,1.402701364337765e-05,0.10217789258784342,0.034600632238684315,25,10,0
15,3528,0.8638979912563061,1.4025946940541812e-05,0.10149117889935966,0.03459680389739406,25,10,0
15,3529,0.8637964654313874,1.4025876905416941e-05,0.10159275986524476,0.03459674882646275,25,10,0
15,3530,0.8278271993950931,1.4046946797126988e-05,0.13755537712422783,0.03460337653388128,25,10,0
15,3531,0.8198684997386952,1.4051529443522303e-05,0.1453948314971344,0.03472261723472598,25,10,0
15,3532,0.8555067467161724,1.403039579012952e-05,0.10969149924333468,0.03478772364470277,25,10,0
15,3533,0.8548821243639737,1.4030382515585587e-05,0.11031612377039318,0.034787721483117665,25,10,0
15,3534,0.8768402168612228,1.400183569891648e-05,0.08836581103891493,0.0347799702641636,25,10,0
15,3535,0.8775897785866026,1.4040185989895334e-05,0.08761609987682238,0.03478008135058519,25,10,0
15,3536,0.8671180101667376,1.404334547376227e-05,0.09808784736891678,0.03478009911887169,25,10,0
15,3537,0.8518953998017561,1.4023878275626723e-05,0.11331057900890278,0.03477999731106519,25,10,0
15,3538,0.8595029743151967,1.4019557362189572e-05,0.10582217961846227,0.0346608265089784,25,10,0
15,3539,0.862199399605798,1.4007495792577054e-05,0.10336508804617864,0.03442150485223081,25,10,0
15,3540,0.8620389790637456,1.4014736767284772e-05,0.10352348006540604,0.03442352613408071,25,10,0
15,3541,0.877071243372854,1.4014881645672643e-05,0.08849113076135795,0.03442361098414249,25,10,0
15,3542,0.8435527132501183,1.3766397174814926e-05,0.12199689553487103,0.03443662481783509,25,10,0
15,3543,0.8432040942519636,1.3766029466918323e-05,0.1223456126345492,0.0344365270840195,25,10,0
15,3544,0.8427282152736698,1.3745998404006149e-05,0.12282151611075688,0.03443652261716865,25,10,0
15,3545,0.866887515890184,1.3279107406780721e-05,0.09866489820292056,0.03443430679948837,25,10,0
15,3546,0.8674254912970046,1.3284247354223518e-05,0.09812691613468934,0.034434308320951366,25,10,0
15,3547,0.8687108533766703,1.3283963029608627e-05,0.09684163949577362,0.03443422316452611,25,10,0
15,3548,0.8583918955416244,1.852414831020957e-05,0.10717790725826559,0.03441167305179941,25,10,0
15,3549,0.8421017859687878,0.00022776935659022654,0.12325782940416836,0.034412615270453605,25,10,0
15,3550,0.842304285052545,0.0002146092377159551,0.12306698785645842,0.034414117853280704,25,10,0
15,3551,0.8819705640720027,0.00021460840316016294,0.08341365387768304,0.03440117364715406,25,10,0
15,3552,0.8843195473303241,0.00021462354230612657,0.08106420970174982,0.03440161942561974,25,10,0
15,3553,0.8842660576350392,0.00021462359330240964,0.08111770749295073,0.034401611278707625,25,10,0
15,3554,0.8754411883625062,0.0002147470246974877,0.08988181967087222,0.034462244941924125,25,10,0
15,3555,0.8756958666666864,0.00021475202075924092,0.08962711286534834,0.03446226844720618,25,10,0
15,3556,0.8747286584197034,0.00021475304321922096,0.0905942382308375,0.03446235030624003,25,10,0
15,3557,0.8760608684072271,0.00021475297679082148,0.08851455329983648,0.03520982531614539,25,10,0
15,3558,0.8760915822070003,0.0002147386938477163,0.08848677909538759,0.03520690000376396,25,10,0
15,3559,0.8765132802405108,0.00021473913193954954,0.0880661720918094,0.03520580853574006,25,10,0
15,3560,0.8753272603097306,0.00021477556990637231,0.08924720821494841,0.03521075590541415,25,10,0
15,3561,0.8850152032265568,0.00021465453005616787,0.07961995970403278,0.035150182539354195,25,10,0
15,3562,0.8848664580481588,0.00021465422073868535,0.07976870046080363,0.03515018727029888,25,10,0
15,3563,0.8851080267829644,0.0002146541375485138,0.07952715569138907,0.03515016338809787,25,10,0
15,3564,0.8861643264279715,0.00021461423760363383,0.07847109649001373,0.035149962844411145,25,10,0
15,3565,0.9022814439261074,5.373828372873837e-06,0.0625629230792194,0.03515025916630004,25,10,0
15,3566,0.9025942098179324,5.383746077581259e-06,0.062250171397942484,0.035150235038047546,25,10,0
15,3567,0.9015064505529977,5.409165641728391e-06,0.06320523146017376,0.03528290882118677,25,10,0
15,3568,0.9011065792674458,5.41049887201184e-06,0.06359960494722598,0.035288405286456215,25,10,0
15,3569,0.9013079883312188,5.40812722937681e-06,0.06339826094776364,0.035288342593788165,25,10,0
15,3570,0.901824623957094,5.40289212539966e-06,0.06288165533073378,0.03528831782004686,25,10,0
15,3571,0.9030838967127572,5.377105405438591e-06,0.06175517899730923,0.03515554718452807,25,10,0
15,3572,0.9036055161775153,5.376415849018153e-06,0.06123365199775867,0.035155455408877156,25,10,0
15,3573,0.8875262174897935,5.369253276788009e-06,0.07731496318996163,0.035153450066968184,25,10,0
15,3574,0.89829380946023,1.2451895950397517e-07,0.0666004515217003,0.035105614499110135,25,10,0
15,3575,0.9010681332674706,1.2802889499039084e-07,0.06382567474821502,0.03510606395541924,25,10,0
15,3576,0.9010793042075832,1.27991800600468e-07,0.06381450495985605,0.03510606284076016,25,10,0
15,3577,0.9017059179309905,8.828396530262643e-08,0.06306890661789495,0.035225087167149144,25,10,0
15,3578,0.899686084593497,8.902603556659954e-08,0.06064322094251803,0.03967060543794942,25,10,0
15,3579,0.8811253392659303,9.636075678878131e-08,0.07908839796000085,0.039786166413311994,25,10,0
15,3580,0.880975050280916,9.63623522567432e-08,0.07923868691734037,0.039786166439391174,25,10,0
15,3581,0.8562479664853442,1.0009791767982939e-07,0.10396558352301792,0.03978634989372047,25,10,0
15,3582,0.8213228599927827,1.2152502389768168e-07,0.13889073673012806,0.03978628175206548,25,10,0
15,3583,0.8218598411004546,1.112769978489401e-07,0.1383537915240076,0.03978625609853989,25,10,0
15,3584,0.8221034913483543,1.161846292989152e-07,0.13811012730441383,0.03978626516260253,25,10,0
15,3585,0.7838141820461915,2.044810766432546e-06,0.14596354149151403,0.07022023165152792,25,10,0
15,3586,0.7847957772241609,2.0444518132695065e-06,0.144982042921157,0.07022013540286828,25,10,0
15,3587,0.7847029050069301,2.044711875148135e-06,0.14507615224916864,0.07021889803202563,25,10,0
15,3588,0.8070031122506353,3.0471335452402567e-06,0.12277264037541637,0.07022120024040271,25,10,0
15,3589,0.8072399663746204,3.0611974849264014e-06,0.12253200350055815,0.070224968927336,25,10,0
15,3590,0.7907632462610951,3.6919805623193335e-06,0.13900517067436796,0.07022789108397406,25,10,0
15,3591,0.7910332967988996,3.692114109340262e-06,0.13873512108772648,0.07022788999926396,25,10,0
15,3592,0.7896539366582251,3.7351631882848543e-06,0.14011443060699297,0.07022789757159296,25,10,0
15,3593,0.7893967786646356,3.7403920497963224e-06,0.14037155877266846,0.0702279221706457,25,10,0
15,3594,0.7876160968365721,3.7728422839665653e-06,0.142152051160133,0.07022807916101058,25,10,0
15,3595,0.8000688944469254,3.153553631804942e-06,0.12970047309241123,0.07022747890703131,25,10,0
15,3596,0.7999249108639617,3.1587493686729858e-06,0.1298444024015201,0.07022752798514918,25,10,0
15,3597,0.8347482962744269,3.1373870998647246e-06,0.09502104039713684,0.07022752594133636,25,10,0
15,3598,0.7970620100401756,3.667354594498429e-06,0.1246567058689378,0.07827761673629173,25,10,0
15,3599,0.7979298895356165,3.6671817451776397e-06,0.12378883918228176,0.07827760410035613,25,10,0
15,3600,0.804648443054295,3.6606717373440654e-06,0.11707302865683257,0.07827486761713463,25,10,0
15,3601,0.8409219847499514,3.178272863055651e-06,0.08883713974836503,0.07023769722882031,25,10,0
15,3602,0.8420290127952904,3.140245152853455e-06,0.08772882017070317,0.07023902678885312,25,10,0
15,3603,0.8420316906487068,3.1404229355058425e-06,0.08772746574327758,0.0702377031850797,25,10,0
15,3604,0.8422795087254318,3.1354080103995693e-06,0.08747961850154422,0.07023773736501336,25,10,0
15,3605,0.8419736380698057,3.218733078780818e-06,0.08778464247837188,0.0702385007187432,25,10,0
15,3606,0.8414874084678865,3.2152140859817843e-06,0.08821700059289794,0.0702923757251294,25,10,0
15,3607,0.840296224281817,3.2167368006344244e-06,0.08940793196599676,0.07029262701538536,25,10,0
15,3608,0.8417408713443666,3.1691638054569514e-06,0.08797622923075998,0.07027973026106758,25,10,0
15,3609,0.8360945362955919,3.4101957480853075e-06,0.09362361805157887,0.07027843545708091,25,10,0
15,3610,0.824772655704515,3.7656070569582282e-06,0.10494393584370396,0.07027964284472414,25,10,0
15,3611,0.8249748799812283,3.76221517290536e-06,0.10474265636964604,0.07027870143395266,25,10,0
15,3612,0.8309536854976639,3.511091481242275e-06,0.09876298415546567,0.07027981925538888,25,10,0
15,3613,0.8310773775859894,3.5108510133809033e-06,0.09863929148710604,0.07027982007589086,25,10,0
15,3614,0.8412972837443821,3.5107892532530407e-06,0.08847327708590721,0.07022592838045731,25,10,0
15,3615,0.8370048479705876,4.883573977116575e-06,0.0927635373903401,0.07022673106509494,25,10,0
15,3616,0.8348161123193099,5.667830752112329e-06,0.09495131529364324,0.07022690455629454,25,10,0
15,3617,0.8348934296363317,5.667752645222473e-06,0.09487515977177868,0.07022574283924392,25,10,0
15,3618,0.834905723716277,5.66746105036253e-06,0.10957995142306391,0.055508657399608606,25,10,0
15,3619,0.8347683654981464,3.702406934989813e-06,0.10018506608677705,0.06504286600814148,25,10,0
15,3620,0.8363288960034623,3.6647230944259055e-06,0.09862475531393133,0.06504268395951186,25,10,0
15,3621,0.8360674816229107,3.6661763438821878e-06,0.098885762864625,0.06504308933612055,25,10,0
15,3622,0.8362080925929897,3.692410282195685e-06,0.09874511444406459,0.06504310055266366,25,10,0
15,3623,0.8284289920506148,4.138071655024913e-06,0.10652374898874609,0.06504312088898404,25,10,0
15,3624,0.806942084594542,4.145103281270925e-06,0.1280108192716058,0.06504295103057064,25,10,0
15,3625,0.8066905667893066,4.143735607773296e-06,0.12826142035383936,0.06504386912124611,25,10,0
15,3626,0.823287540662978,4.135285584872414e-06,0.11166447475332313,0.0650438492981142,25,10,0
15,3627,0.8359184569980705,4.139554525997437e-06,0.099147653318232,0.06492975012917161,25,10,0
15,3628,0.8408780681214684,2.7654811067295947e-06,0.09419022626402496,0.06492894013340017,25,10,0
15,3629,0.8298481900047959,2.7638613186568304e-06,0.1052165414548392,0.06493250467904589,25,10,0
15,3630,0.7949698917076934,4.080848640840459e-06,0.1400934781794907,0.06493254926417444,25,10,0
15,3631,0.7940793151540029,4.099948795181486e-06,0.14098934553121353,0.06492723936598792,25,10,0
15,3632,0.7928273798449171,4.120054172491395e-06,0.14194219351826526,0.06522630658264475,25,10,0
15,3633,0.7917466650406607,3.317454924536213e-06,0.14302520503109448,0.0652248124733199,25,10,0
15,3634,0.7904418548511157,3.0876539304041246e-06,0.14432920387577686,0.06522585361917653,25,10,0
15,3635,0.8254289408468617,1.770574438120552e-06,0.10934347971781283,0.06522580886088708,25,10,0
15,3636,0.8292521339164916,1.771050168039825e-06,0.12142268674926815,0.04932340828407209,25,10,0
15,3637,0.8457749692976496,1.7742695501577893e-06,0.10489981979185675,0.049323436640943207,25,10,0
15,3638,0.8401420763860529,2.0060501690497e-06,0.11053244265601174,0.04932347490776658,25,10,0
15,3639,0.8437371200919626,2.00314053014614e-06,0.10693976421432545,0.04932111255318195,25,10,0
15,3640,0.8433204642506513,2.0027112533530386e-06,0.10735625493677539,0.04932127810131988,25,10,0
15,3641,0.8433127415269133,2.0030475618908353e-06,0.10736395096424556,0.04932130446127937,25,10,0
15,3642,0.8288197131619833,2.5305902424171857e-06,0.1215605494586644,0.04961720678910994,25,10,0
15,3643,0.813079383114018,2.9127935629460914e-06,0.13729912390976554,0.049618580182653284,25,10,0
15,3644,0.8135883158445081,2.9124358905632615e-06,0.13679156456444552,0.04961720715515565,25,10,0
15,3645,0.8137660709440679,3.0207861995133735e-06,0.13661213122255464,0.04961877704717791,25,10,0
15,3646,0.8139405612616657,3.0210310845131356e-06,0.13643757489779065,0.049618842809459156,25,10,0
15,3647,0.809940889771593,3.01209891311571e-06,0.14043656841853808,0.049619529710955804,25,10,0
15,3648,0.8037330345365015,3.0154112115177223e-06,0.14658868550275897,0.04967526454952779,25,10,0
15,3649,0.8182502921508708,3.0538811406655374e-06,0.1320713253207877,0.04967532864720061,25,10,0
15,3650,0.8183074330996568,3.0414798278495573e-06,0.13201743830120155,0.04967208711931338,25,10,0
15,3651,0.8237957410729909,2.703230719617315e-06,0.12653106732233332,0.04967048837395563,25,10,0
15,3652,0.8239056585759527,2.7000860883478935e-06,0.12642115859699307,0.04967048274096526,25,10,0
15,3653,0.8317780989004255,2.493648918132938e-06,0.11854742954279489,0.04967197790786119,25,10,0
15,3654,0.8313933870090776,2.028615796676816e-06,0.11893472051402436,0.04966986386110106,25,10,0
15,3655,0.8275697777886459,2.028140007633287e-06,0.107159745245056,0.06526844882629025,25,10,0
15,3656,0.7917761767619615,2.0274606421104855e-06,0.14294691338120588,0.06527488239618952,25,10,0
15,3657,0.7931960705153989,2.0083413923175634e-06,0.14152712135323664,0.06527479978997135,25,10,0
15,3658,0.8290248076566737,2.0286829056269855e-06,0.10570011737989594,0.06527304628052458,25,10,0
15,3659,0.8262823255170874,2.1606254257472185e-06,0.1084416066199603,0.06527390723752638,25,10,0
15,3660,0.8211089483303563,2.170345477526215e-06,0.11353284568668964,0.06535603563747615,25,10,0
15,3661,0.7861307275830294,4.0236122466728726e-05,0.1484699202769415,0.06535911601756182,25,10,0
15,3662,0.7865851091027087,4.0226695877079874e-05,0.14809764363352157,0.06527702056789202,25,10,0
15,3663,0.7859791064266058,4.024464793773445e-05,0.1487016516405688,0.06527899728488701,25,10,0
15,3664,0.7796593057678013,4.0401037759922245e-05,0.15501698018170162,0.06528331301273636,25,10,0
15,3665,0.7918282912050886,4.004526858775257e-05,0.14284956037559146,0.06528210315073117,25,10,0
15,3666,0.8009177789469093,4.0274671971569914e-05,0.13375771848373832,0.06528422789738005,25,10,0
15,3667,0.8017970474613695,4.027289393239772e-05,0.13288098912193194,0.06528169052276551,25,10,0
15,3668,0.7965098445600765,4.0415207540771114e-05,0.13816802695099772,0.06528171328138423,25,10,0
15,3669,0.8111621937864538,3.988622429767357e-05,0.12381208385903283,0.06498583613021475,25,10,0
15,3670,0.8112958706867067,3.988103455825047e-05,0.1236784607457011,0.06498578753303301,25,10,0
15,3671,0.799417897917139,4.071275298014095e-05,0.13555555996655186,0.06498582936332825,25,10,0
15,3672,0.7992979193007733,4.0711168075001464e-05,0.13567520644155415,0.06498616308959666,25,10,0
15,3673,0.7970106870855521,4.071957409837123e-05,0.1356301125969069,0.0673184807434422,25,10,0
15,3674,0.8133917934892119,3.9887988995364885e-05,0.11924941627549523,0.06731890224629701,25,10,0
15,3675,0.8139944421031742,3.986863397696034e-05,0.11864884462217151,0.06731684464067707,25,10,0
15,3676,0.8020945261882443,4.2081600220882415e-05,0.13059173811650004,0.06727165409503426,25,10,0
15,3677,0.8022014810814584,4.208130671482308e-05,0.13048507821463867,0.0672713593971876,25,10,0
15,3678,0.7825180053150455,4.24616376748661e-05,0.15046723040615675,0.06697230264112275,25,10,0
15,3679,0.8174152106673721,3.629955405516177e-06,0.11560722654781388,0.06697393282940813,25,10,0
15,3680,0.8064336234731223,3.630065680356867e-06,0.12658880264216685,0.06697394381902987,25,10,0
15,3681,0.8023061187805731,3.612803785566814e-06,0.12805169343117742,0.06963857498446313,25,10,0
15,3682,0.802345127640148,3.6123893841318533e-06,0.12801313992212104,0.06963812004834605,25,10,0
15,3683,0.8098105403583367,3.3823109668506586e-06,0.12055013922489424,0.06963593810580145,25,10,0
15,3684,0.7935397758305345,1.0221663702784703e-05,0.1368246336132286,0.06962536889253386,25,10,0
15,3685,0.7988794234737009,1.023585869849767e-05,0.13148495861967657,0.06962538204792422,25,10,0
15,3686,0.798679252771706,1.024095840628989e-05,0.1316851717964473,0.06962533447344056,25,10,0
15,3687,0.7989787980004768,1.022698943425889e-05,0.13138569027845848,0.06962528473163071,25,10,0
15,3688,0.8018933656555142,1.0228036953207846e-05,0.15206786768816957,0.04602853861936426,25,10,0
15,3689,0.7970006376600312,1.0389352657143073e-05,0.1569465690564068,0.04604240393090606,25,10,0
15,3690,0.8033291549954117,1.0232687319922427e-05,0.15062258156957536,0.04603803074769395,25,10,0
15,3691,0.7995248866039322,1.0232713738338867e-05,0.15442682790088302,0.04603805278144715,25,10,0
15,3692,0.8029875409399726,1.0855838865590695e-05,0.15096346177633976,0.04603814144482232,25,10,0
15,3693,0.8324048974803353,1.8059904444408398e-06,0.1215550796157735,0.046038216913446915,25,10,0
15,3694,0.8452442213990388,1.7978694391531215e-06,0.11105190960774891,0.04370207112377344,25,10,0
15,3695,0.8662522283594225,1.397430342807144e-06,0.0900443379483716,0.04370203626186317,25,10,0
15,3696,0.8771910850763109,1.3972322615623123e-06,0.0791055171203148,0.04370200057111264,25,10,0
15,3697,0.8645823445507791,1.4089281345357934e-06,0.09171116284706303,0.04370508367402327,25,10,0
15,3698,0.8528838462886127,1.250034111626536e-06,0.10341046273324803,0.04370444094402803,25,10,0
15,3699,0.851073393809067,1.0932095511668782e-06,0.10523379875103074,0.04369171423035132,25,10,0
15,3700,0.8397914640833952,1.8229480908315653e-05,0.11184357496375981,0.048346731471937375,25,10,0
15,3701,0.8398524799232654,1.8229653788231877e-05,0.11178254716213754,0.04834674326080961,25,10,0
15,3702,0.8358176885048703,1.82343778909486e-05,0.1158172083185611,0.048346868798678215,25,10,0
15,3703,0.8089754329909427,1.8269419346103737e-05,0.14264179803949273,0.048364499550218654,25,10,0
15,3704,0.810907311065968,1.7496522088768248e-05,0.1407080632282957,0.04836712918364757,25,10,0
15,3705,0.8146022611259544,1.748711285781246e-05,0.1370139807404628,0.048366271020724945,25,10,0
15,3706,0.8309940497999853,1.747539934776548e-05,0.120625309322442,0.04836316547822525,25,10,0
15,3707,0.8309829819626132,1.747549793292151e-05,0.12063636675935406,0.04836317578009997,25,10,0
15,3708,0.8546189384513555,1.764689852849616e-05,0.1340159428309199,0.011347471819195874,25,10,0
15,3709,0.854961711976392,1.7620664402652223e-05,0.1336732067519014,0.011347460607303244,25,10,0
15,3710,0.8819963902019089,1.7585621324960335e-05,0.1066561943216513,0.011329829855115069,25,10,0
15,3711,0.8779537877494314,1.759049026987498e-05,0.11069753024295088,0.011331091517348044,25,10,0
15,3712,0.8610110805892058,1.75911721740695e-05,0.12764017916321124,0.011331149075408622,25,10,0
15,3713,0.8774522514976317,1.7579211941646666e-05,0.11119935921807514,0.011330810072351458,25,10,0
15,3714,0.8670473962209277,1.758683961565891e-05,0.11992058529048087,0.013014431648975455,25,10,0
15,3715,0.8601474611501727,1.7390741994440544e-05,0.12682169015706735,0.013013457950765379,25,10,0
15,3716,0.8580849753080406,1.739027143777892e-05,0.1288853963999279,0.01301223802059313,25,10,0
15,3717,0.8940114302583531,1.7389083752318085e-05,0.094292925502042,0.011678255155852111,25,10,0
15,3718,0.8941387198968023,1.7389087924664693e-05,0.09416563556733436,0.011678255447938378,25,10,0
15,3719,0.8931552514052263,1.8490547390007736e-05,0.09514779030499947,0.01167846774238399,25,10,0
15,3720,0.8937990541898853,1.8490201418270752e-05,0.09450937944586642,0.011673076162829803,25,10,0
15,3721,0.8936850782576901,1.849035248252269e-05,0.09462335477790841,0.0116730766119188,25,10,0
15,3722,0.8940697125194732,1.8490057962207636e-05,0.09423873745563385,0.011673059966930443,25,10,0
15,3723,0.8941349865706026,1.8490206325781544e-05,0.0941734230889535,0.011673100134118016,25,10,0
15,3724,0.894137582020206,1.849020281205447e-05,0.09417083572776512,0.011673092049216786,25,10,0
15,3725,0.9000485047190391,1.8485810892892997e-05,0.08825995872317645,0.011673050746891291,25,10,0
15,3726,0.9001764702388789,1.8485668267873828e-05,0.08813203648676383,0.01167300760608935,25,10,0
15,3727,0.8643969534918622,1.8486292781922257e-05,0.12391154902032817,0.01167301119502797,25,10,0
15,3728,0.8794892730686166,1.8552808158858107e-05,0.10881871678912279,0.011673457334101921,25,10,0
15,3729,0.8791947877005721,1.8549076545702002e-05,0.1091132174335012,0.011673445789381018,25,10,0
15,3730,0.8790778789102055,1.854909801637482e-05,0.10923013518867444,0.011673436803103876,25,10,0
15,3731,0.8830854879370513,1.8544684244738984e-05,0.10789236984617456,0.009003597532529536,25,10,0
15,3732,0.8840257034819397,1.8755608436362588e-05,0.10687817815147355,0.009077362758150827,25,10,0
15,3733,0.8839372732868611,1.875560525839787e-05,0.10696656042071448,0.009077410687166087,25,10,0
15,3734,0.881922827598177,1.8990576721811627e-05,0.1089797273059485,0.009078454519152894,25,10,0
15,3735,0.871138909012836,1.9153382545466873e-05,0.11976045175910782,0.009081485845511226,25,10,0
15,3736,0.871970169199773,1.8875273280064456e-05,0.11900371371769479,0.009007241809252685,25,10,0
15,3737,0.8822204298787167,1.8869923063884062e-05,0.1087521025907518,0.009008597607467861,25,10,0
15,3738,0.8854190035426793,1.886914372546131e-05,0.10555352740003082,0.009008599913564503,25,10,0
15,3739,0.8854099110741923,1.886941589944323e-05,0.10556259419524597,0.009008625314662778,25,10,0
15,3740,0.8919049112062409,1.8869169220856198e-05,0.09906869346463049,0.009007526159908165,25,10,0
15,3741,0.8572520505211068,2.0180189112483682e-05,0.1333709451060132,0.009356824183769326,25,10,0
15,3742,0.8576425169857766,2.0175094891331662e-05,0.13298053243142438,0.009356775487909409,25,10,0
15,3743,0.8578196013237716,2.0175146626833663e-05,0.1328034706972926,0.009356752832310723,25,10,0
15,3744,0.8634029695144356,2.0010778759196584e-05,0.12987314175625056,0.0067038779505553415,25,10,0
15,3745,0.8633116001225428,2.0008670982748925e-05,0.12996588634198256,0.006702504864492675,25,10,0
15,3746,0.8628446565041724,2.000866726453555e-05,0.13043282973476464,0.0067025050937992246,25,10,0
15,3747,0.886110682101136,2.0019449814949163e-05,0.10716391932107035,0.006705379127979238,25,10,0
15,3748,0.8863246405456495,2.001930447727485e-05,0.10694996269960781,0.006705377450265953,25,10,0
15,3749,0.8943368385396739,2.213777667706727e-05,0.10061416764399633,0.0050268560396532595,25,10,0
15,3750,0.8880898795136338,2.2253529248680622e-05,0.10686023613883462,0.005027630818283374,25,10,0
15,3751,0.8883447622595108,2.2253520928185183e-05,0.10660535400215439,0.005027630217407026,25,10,0
15,3752,0.8844113385101376,2.2102054865155302e-05,0.11053884244050026,0.005027716994496818,25,10,0
15,3753,0.8836044217888809,2.210475606197668e-05,0.11134573386469823,0.005027739590358868,25,10,0
15,3754,0.8840559174505127,2.2105307499614143e-05,0.11089418608873546,0.005027791153252336,25,10,0
15,3755,0.8840632230965925,2.2105305600490554e-05,0.11088688126029725,0.0050277903375098125,25,10,0
15,3756,0.847641324018644,2.359733875213496e-05,0.14730496475636226,0.0050301138862413695,25,10,0
15,3757,0.8475101883232798,2.3593412669056698e-05,0.14743614227840124,0.005030075985649529,25,10,0
15,3758,0.8414853221400566,2.3597611619857643e-05,0.15346103206624434,0.005030048182078956,25,10,0
15,3759,0.8415450098172356,2.3597943023988807e-05,0.1534013349886338,0.005030057251106342,25,10,0
15,3760,0.8420381497537694,2.2496829085168496e-05,0.1529095068831896,0.005029846533955387,25,10,0
15,3761,0.8419665377357528,2.2497010057138707e-05,0.1529810933919163,0.005029871862273546,25,10,0
15,3762,0.8398520233671082,2.249762557879626e-05,0.15509542071327587,0.005030058294036977,25,10,0
15,3763,0.8397478815992467,2.2497656022770688e-05,0.15519955871630947,0.005030062028421095,25,10,0
15,3764,0.8556094505754076,2.2485630973373372e-05,0.13934111197524976,0.00502695181836948,25,10,0
15,3765,0.8525060200406671,2.265648609452157e-05,0.14239826693804408,0.005073056535194569,25,10,0
15,3766,0.8522347763400953,2.288825187413291e-05,0.14266708861793742,0.005075246790093362,25,10,0
15,3767,0.8521005483944922,2.2888127121151762e-05,0.1428013578263292,0.005075205652057738,25,10,0
15,3768,0.8830498968108794,2.216345762992043e-05,0.11219966536469206,0.004728274366799118,25,10,0
15,3769,0.8830043456355601,2.216355564573578e-05,0.11224517776830764,0.004728313040487097,25,10,0
15,3770,0.8814785348046847,2.2174012772259258e-05,0.11376819141758579,0.004731099764957739,25,10,0
15,3771,0.8811441576382909,2.2585480229344787e-05,0.11410449197052489,0.004728764910955525,25,10,0
15,3772,0.8871799954751681,2.2573211641989008e-05,0.1080701393434621,0.004727291969728262,25,10,0
15,3773,0.888093613113711,2.261197826626932e-05,0.10711535827336738,0.004768416634655661,25,10,0
15,3774,0.8899448785565462,2.261134415206998e-05,0.10526428082156078,0.004768229277741316,25,10,0
15,3775,0.883387816001736,2.245752356758771e-05,0.11185643485576448,0.004733291618931969,25,10,0
15,3776,0.9016998243321684,2.0947395674079816e-05,0.09355307518695698,0.004726153085201006,25,10,0
15,3777,0.9110031349697719,2.0936619523980294e-05,0.08425265500703874,0.0047232734036657545,25,10,0
15,3778,0.9110610086441757,2.0936470119047187e-05,0.08419478365537592,0.004723271230329857,25,10,0
15,3779,0.9230189910631361,2.0935772231629217e-05,0.07224376328393702,0.004716309880695508,25,10,0
15,3780,0.9232541621893915,2.0936432351369625e-05,0.07200861248037477,0.004716288897882559,25,10,0
15,3781,0.9236309237073168,2.0936117216222833e-05,0.07163182821643958,0.004716311959027732,25,10,0
15,3782,0.9237539187620232,2.093611233815775e-05,0.07150883311043861,0.00471631201520037,25,10,0
15,3783,0.9236974165832065,2.093996702287718e-05,0.07156533410483207,0.004716309344938812,25,10,0
15,3784,0.9237567318872756,2.0940147540454994e-05,0.07150604264867065,0.0047162853165135955,25,10,0
15,3785,0.923192420197195,2.0944081811662955e-05,0.07207031430975538,0.004716321411238249,25,10,0
15,3786,0.922467245428708,2.095701456835418e-05,0.07279187908251748,0.00471991847420657,25,10,0
15,3787,0.9229913955883117,2.0961456894082546e-05,0.07226650026317015,0.004721142691624416,25,10,0
15,3788,0.9256553599850642,1.8835274439850824e-05,0.06960977026405207,0.004716034476444325,25,10,0
15,3789,0.8987290207836347,1.951527642444225e-05,0.0963494128950814,0.004902051044859978,25,10,0
15,3790,0.8917404088174804,1.951536035768043e-05,0.10333687475058367,0.004903201071578681,25,10,0
15,3791,0.8949176909201606,1.9344211820127014e-05,0.10020586244146786,0.004857102426552063,25,10,0
15,3792,0.8951672953601383,1.9116126993119943e-05,0.09995863544472802,0.004854953068141262,25,10,0
15,3793,0.8827947574697785,1.854149594133584e-05,0.11233111429633348,0.004855586737946829,25,10,0
15,3794,0.8677768362538977,1.8531043599354385e-05,0.12735184899223936,0.004852783710264123,25,10,0
15,3795,0.8674796264133293,1.8531225273766918e-05,0.1276490561062803,0.004852786255116982,25,10,0
15,3796,0.8732807208396595,1.8291727953219874e-05,0.12184934342703156,0.004851644005356159,25,10,0
15,3797,0.8913074284876178,1.8310305359471134e-05,0.10381763913419649,0.004856622072826482,25,10,0
15,3798,0.9062903501950259,1.833702114464183e-05,0.08844072309181845,0.005250589692012027,25,10,0
15,3799,0.9043248123698528,1.8352445446373075e-05,0.09040213472020463,0.005254700464496971,25,10,0
15,3800,0.9047192909211138,1.8353422348004364e-05,0.0900063126365666,0.005256043019972582,25,10,0
15,3801,0.9047328398158679,1.8348661532111562e-05,0.08999279159347465,0.005256019929126321,25,10,0
15,3802,0.9045671312417088,1.8348823183583213e-05,0.09015852288167168,0.005255997053436316,25,10,0
15,3803,0.9046557333828404,1.834883195947041e-05,0.09006992051786172,0.005255997267338842,25,10,0
15,3804,0.9206898962274959,1.8337415206465564e-05,0.074036160909216,0.0052556054480818615,25,10,0
15,3805,0.9208871868154326,1.8332941830041592e-05,0.07384010311112968,0.005254377131607881,25,10,0
15,3806,0.9149645511348153,1.8328077822860655e-05,0.0797641070478024,0.0052530137395595,25,10,0
15,3807,0.904039936125222,1.8336675242290663e-05,0.08818077478324059,0.0077609524162953305,25,10,0
15,3808,0.9041144008914189,1.833667213642293e-05,0.08810631046093542,0.007760951975509602,25,10,0
15,3809,0.9050882274132108,1.8321667635303266e-05,0.08712982344400787,0.007763627475146228,25,10,0
15,3810,0.9050274681434302,1.8318030243644276e-05,0.08718681152490367,0.007767402301422905,25,10,0
15,3811,0.9048530427894836,1.8317953276608866e-05,0.08736121414823633,0.007767425109003718,25,10,0
15,3812,0.9046022095680984,1.832720450724845e-05,0.08761080633909245,0.007768656888301651,25,10,0
15,3813,0.9055557437983043,1.83272177770225e-05,0.08665727598307107,0.007768653000847454,25,10,0
15,3814,0.905544653819513,1.832725235811535e-05,0.08666834167872536,0.007768677249403344,25,10,0
15,3815,0.9048103999437436,1.8338717774115412e-05,0.08740279465082498,0.007768466687657179,25,10,0
15,3816,0.8991057725756474,1.8527128062572073e-05,0.09350014766233222,0.007375552633957748,25,10,0
15,3817,0.8998554580562143,1.850804136694722e-05,0.09275251732479382,0.007373516577624797,25,10,0
15,3818,0.8774423524094579,3.859716858711319e-05,0.11514421086724802,0.0073748395547061085,25,10,0
15,3819,0.8774394610376267,3.859717206848793e-05,0.11514710197145998,0.007374839818844373,25,10,0
15,3820,0.8700735353104615,3.860261539860417e-05,0.12251604463160373,0.007371817442535623,25,10,0
15,3821,0.8769438797326893,3.860265737403895e-05,0.11564682251762683,0.007370695092309519,25,10,0
15,3822,0.8575411419677272,3.8720626795256724e-05,0.13501839048332356,0.007401746922153566,25,10,0
15,3823,0.857396024834847,3.872062388750849e-05,0.13516350787062983,0.007401746670635237,25,10,0
15,3824,0.8566589293730086,3.872040329386529e-05,0.1359005021939532,0.007401848029744053,25,10,0
15,3825,0.8590205113299401,3.870156695687008e-05,0.13354398694792444,0.007396800155178125,25,10,0
15,3826,0.8667804209433132,3.869591268723984e-05,0.1257848713856961,0.007396011758302809,25,10,0
15,3827,0.9042984642583367,3.801600272322776e-05,0.08845425066103112,0.007209269077908324,25,10,0
15,3828,0.9043147509611699,3.801596425209454e-05,0.08843797928913816,0.007209253785439311,25,10,0
15,3829,0.9047149254270463,3.800671139129796e-05,0.08803904588028594,0.007208021981275733,25,10,0
15,3830,0.8705374201893094,3.800236846748405e-05,0.12221766743990227,0.0072069100023217795,25,10,0
15,3831,0.8710233345300944,3.8002080000007784e-05,0.12173438734721881,0.007204276042687664,25,10,0
15,3832,0.8642775653154857,3.800401981644926e-05,0.12848016057991196,0.007204270084786862,25,10,0
15,3833,0.863289049577314,3.8004049199644654e-05,0.12946866698107598,0.007204279392411412,25,10,0
15,3834,0.8628172747713844,3.8018068665573255e-05,0.1297257669416318,0.0074189402183192695,25,10,0
15,3835,0.8848052389345971,1.7518739488597565e-05,0.10775995342089878,0.007417288905015601,25,10,0
15,3836,0.8848631712542239,1.751877356621074e-05,0.10770201178500098,0.007417298187208657,25,10,0
15,3837,0.87922910018262,1.7526695698624324e-05,0.11333500667995171,0.007418366441729453,25,10,0
15,3838,0.8792209275166326,1.7526702813119234e-05,0.11334317761999238,0.00741836816056202,25,10,0
15,3839,0.8649274473938171,1.7422929389513676e-05,0.1155676274256696,0.019487502251124385,25,10,0
15,3840,0.8708305021895468,1.742789786533799e-05,0.10966456501162235,0.019487504900965895,25,10,0
15,3841,0.8707733293012717,1.742579721388826e-05,0.10972163581743737,0.019487609084077925,25,10,0
15,3842,0.8640388019254942,2.363433607950367e-05,0.11642152867043983,0.019516035067987266,25,10,0
15,3843,0.8638135087451243,2.3634681085934813e-05,0.1166467970429344,0.019516059530856212,25,10,0
15,3844,0.8528157703368603,2.3668005398136976e-05,0.12763217666831916,0.019528384989422765,25,10,0
15,3845,0.8642095239398833,2.3634591165269875e-05,0.11625070870137638,0.01951613276757544,25,10,0
15,3846,0.876395132013405,6.496360138021232e-06,0.10871820154822269,0.014880170078234368,25,10,0
15,3847,0.8707194353013337,6.696392335180581e-06,0.11439364802787161,0.014880220278459816,25,10,0
15,3848,0.870106625861717,6.706533890030529e-06,0.11500508539648485,0.014881582207908296,25,10,0
15,3849,0.8699944653578916,6.706503455222418e-06,0.11511727042769414,0.014881557710958808,25,10,0
15,3850,0.8642083850570795,6.7051817093034184e-06,0.12090265119150267,0.014882258569708429,25,10,0
15,3851,0.8637051397076385,6.7051960167405555e-06,0.12140599118823324,0.014882163908111312,25,10,0
15,3852,0.8646667330844499,6.703743509481295e-06,0.12044449623612703,0.014882066935913539,25,10,0
15,3853,0.8675385050950396,6.965357279646168e-06,0.11757115275322269,0.014883376794457804,25,10,0
15,3854,0.8521162128372884,6.976298556168007e-06,0.1329932243382725,0.014883586525883062,25,10,0
15,3855,0.8521062020478749,6.9764242346035815e-06,0.13300323594414126,0.01488358558374921,25,10,0
15,3856,0.8454401625953656,1.795323702484586e-05,0.13960541184928799,0.014936472318321141,25,10,0
15,3857,0.8510410807709066,1.814240815519473e-05,0.1365097208010142,0.012431056019923423,25,10,0
15,3858,0.8519322260362121,1.8368346286426553e-05,0.1356193667965243,0.01243003882097647,25,10,0
15,3859,0.8461133462601018,1.8368420728749983e-05,0.14143824653116457,0.012430038788003962,25,10,0
15,3860,0.8528488833574519,7.3916142832839025e-06,0.13476657204980827,0.012377152978455772,25,10,0
15,3861,0.8536497989870582,7.391648247245557e-06,0.1339656590885122,0.012377150276181952,25,10,0
15,3862,0.8560856951953391,6.950742299444109e-06,0.13152900488262198,0.012378349179739062,25,10,0
15,3863,0.8336630812483098,6.958589829027069e-06,0.1539496205849066,0.012380339576953734,25,10,0
15,3864,0.837585823983106,6.694908555759834e-06,0.15002847412953252,0.01237900697880507,25,10,0
15,3865,0.837059059006704,6.702392672833311e-06,0.15055520335556735,0.01237903524505556,25,10,0
15,3866,0.8208393742604533,7.34578734639409e-06,0.1667712479184924,0.012382032033707604,25,10,0
15,3867,0.8208101400937136,7.338749472726647e-06,0.1668004595624676,0.01238206159434571,25,10,0
15,3868,0.7955735667950415,7.338967857756003e-06,0.19203371595178695,0.012385378285312849,25,10,0
15,3869,0.7956350233761293,7.338971071640746e-06,0.19197225907928556,0.01238537857351265,25,10,0
15,3870,0.8093224974413014,7.370186696566529e-06,0.17828813261927665,0.012381999752724582,25,10,0
15,3871,0.809845572457835,7.362700058665985e-06,0.17776509376563143,0.012381971076474079,25,10,0
15,3872,0.810916653846052,1.1591902239565647e-06,0.17672819011285373,0.01235399685086956,25,10,0
15,3873,0.8148696646196201,1.159029118474969e-06,0.17277641602470623,0.012352760326554317,25,10,0
15,3874,0.8202230348506582,1.1647541847887896e-06,0.16742404460221075,0.012351755792945406,25,10,0
15,3875,0.843368681335048,1.1680657703309487e-06,0.1442794357421252,0.012350714857055934,25,10,0
15,3876,0.8418614006159469,2.6924095948160694e-06,0.14578276665140127,0.012353140323056894,25,10,0
15,3877,0.8473353667301415,2.6844232360734387e-06,0.1403106605079823,0.012351288338639617,25,10,0
15,3878,0.8447123232134396,1.1282015376577438e-06,0.1429345212358011,0.012352027349221188,25,10,0
15,3879,0.840938539210425,1.132752280405335e-06,0.1467082895266134,0.012352038510680858,25,10,0
15,3880,0.844446218191105,1.271142789917005e-06,0.1432189348403326,0.0123335758257718,25,10,0
15,3881,0.8442377202244313,1.2833427745467594e-06,0.143427343702361,0.01233365273043276,25,10,0
15,3882,0.8456517515216655,1.3596337835433514e-06,0.14199238173965978,0.012354507104890888,25,10,0
15,3883,0.8456869889664388,1.354605969722798e-06,0.14195717260319637,0.012354483824394791,25,10,0
15,3884,0.8454550029261998,1.3554767561272175e-06,0.14218904221321307,0.012354599383830536,25,10,0
15,3885,0.8500239738276337,1.39957875586502e-06,0.13762037918052886,0.012354247413081039,25,10,0
15,3886,0.8474875857365928,1.3989060240113707e-06,0.14015694020185937,0.012354075155523687,25,10,0
15,3887,0.8521469634463267,1.3989982062277779e-06,0.13550072305420532,0.01235091450126134,25,10,0
15,3888,0.8522635034486085,1.3989110970014209e-06,0.13538415878137178,0.01235093885892236,25,10,0
15,3889,0.8166332330858976,1.4496266129254549e-06,0.1710142534983015,0.012351063789187797,25,10,0
15,3890,0.8537688791520067,1.4494163967876238e-06,0.13387866694254902,0.012351004489046958,25,10,0
15,3891,0.8547469531333863,1.4485518654590404e-06,0.13290081459054964,0.012350783724198146,25,10,0
15,3892,0.8547956516410901,1.4488631879084873e-06,0.13285205456645735,0.012350844929264132,25,10,0
15,3893,0.8662307861861771,1.4486588136660845e-06,0.12141687013221843,0.012350895022790822,25,10,0
15,3894,0.8720398067704676,1.4486703328469103e-06,0.11560782476061193,0.01235091979858754,25,10,0
15,3895,0.8659033850794197,7.29119495718165e-06,0.12173759608470684,0.012351727640916127,25,10,0
15,3896,0.8655585904454667,7.302404848483377e-06,0.12207947271997492,0.012354634429709686,25,10,0
15,3897,0.8541086875201926,7.302509991720633e-06,0.13352867206231983,0.012355337907495783,25,10,0
15,3898,0.842713862965825,7.31756884183554e-06,0.14282591181602172,0.014452907649311463,25,10,0
15,3899,0.8312897048340686,7.230293176628414e-06,0.15425233625123405,0.014450728621520909,25,10,0
15,3900,0.833816093877872,7.233116129995896e-06,0.15172427898294802,0.014452394023049724,25,10,0
15,3901,0.8057025427423988,7.091816701339811e-06,0.17983862541173232,0.014451740029167158,25,10,0
15,3902,0.7782960480000356,9.431230459661085e-06,0.2072377484986789,0.014456772270825511,25,10,0
15,3903,0.7783001791120874,9.4312327747687e-06,0.20723364241167058,0.01445674724346724,25,10,0
15,3904,0.7785492506551596,9.233609898660622e-06,0.20698416053775115,0.014457355197190934,25,10,0
15,3905,0.7769501257597305,9.865474968843434e-06,0.20858227396550166,0.01445773479979913,25,10,0
15,3906,0.7779625767045323,9.850857233168998e-06,0.2077913344972549,0.014236237940979583,25,10,0
15,3907,0.8101263678599251,9.837501374256213e-06,0.18742989564522006,0.002433898993480977,25,10,0
15,3908,0.809637191254316,9.837505163600359e-06,0.1879190690117089,0.002433902228811787,25,10,0
15,3909,0.8204086744126659,9.843694414856154e-06,0.1771492837841172,0.0024321981088018464,25,10,0
15,3910,0.8162537345434931,9.824174343091077e-06,0.18130436573998332,0.0024320755421803103,25,10,0
15,3911,0.8271704940608139,9.81397560307758e-06,0.17248389635146769,0.00033579561211508166,25,10,0
15,3912,0.8024089625747263,1.7529253773480133e-05,0.19349172492333688,0.004081783248163174,25,10,0
15,3913,0.7955937844195256,1.7537628855506874e-05,0.20030689510943656,0.004081782842182192,25,10,0
15,3914,0.7793503274576347,1.7562738527519818e-05,0.21655032560823886,0.004081784195598679,25,10,0
15,3915,0.7763679774350349,1.791332185316686e-05,0.21948441710174577,0.004129692141366188,25,10,0
15,3916,0.7768074592301306,1.790103366888704e-05,0.21904502556335764,0.004129614172842465,25,10,0
15,3917,0.777266639663685,1.7896539213384907e-05,0.21858713854611686,0.004128325250984413,25,10,0
15,3918,0.8119295174515336,1.7845835859574554e-05,0.1839242496635273,0.004128387049079205,25,10,0
15,3919,0.8427050839583452,4.288027286050734e-06,0.15690903688117908,0.00038159113318980193,25,10,0
15,3920,0.8430665625860909,4.287290628365998e-06,0.15684529336197467,8.385676130622912e-05,25,10,0
15,3921,0.8431456101083574,4.287939943694193e-06,0.15676617294149606,8.39290102029638e-05,25,10,0
15,3922,0.8550384454166025,4.1338294185659865e-06,0.14487342791999167,8.399283398758806e-05,25,10,0
15,3923,0.8490214920194057,1.5245927611190944e-05,0.15087830425215815,8.495780082501384e-05,25,10,0
15,3924,0.8547108968732605,4.133785709428236e-06,0.14519970053149608,8.526880953412655e-05,25,10,0
15,3925,0.8604372406804908,4.129462551411347e-06,0.13947338176595678,8.524809100156122e-05,25,10,0
15,3926,0.8609756340603046,4.1289652541719444e-06,0.13893506600943653,8.5170965005069e-05,25,10,0
15,3927,0.8609764486771971,4.128956826405797e-06,0.13893424310790575,8.517925807100831e-05,25,10,0
15,3928,0.8608603318466068,4.128957806931173e-06,0.13905036785942707,8.517133615953722e-05,25,10,0
15,3929,0.8605489487225683,4.128958332814431e-06,0.13936165404575362,8.526827334573369e-05,25,10,0
15,3930,0.8238841111106519,4.157436187721717e-06,0.16847755903497397,0.007634172418187048,25,10,0
15,3931,0.8305868993315976,4.14893364850491e-06,0.16177472355982986,0.007634228174924792,25,10,0
15,3932,0.830360392638897,4.148899155493929e-06,0.1620012270751042,0.007634231386843786,25,10,0
15,3933,0.8279433329344766,4.140322652626727e-06,0.16441756983663175,0.007634956906239188,25,10,0
15,3934,0.8220392826606568,4.144618502563269e-06,0.17032157538191917,0.00763499733892146,25,10,0
15,3935,0.8219050973282684,4.144975261780548e-06,0.17045575898366233,0.007634998712807597,25,10,0
15,3936,0.8212627071255711,4.145015284136744e-06,0.17109824592898673,0.007634901930157982,25,10,0
15,3937,0.827358272521561,4.140664436484507e-06,0.16500271742893027,0.007634869385072443,25,10,0
15,3938,0.8282689272785818,4.129532409340856e-06,0.16409509857131152,0.007631844617697584,25,10,0
15,3939,0.8278705560608663,4.139746412575694e-06,0.16449343544649764,0.007631868746223691,25,10,0
15,3940,0.8278766118785897,4.139733134888141e-06,0.16448738316359293,0.0076318652246828355,25,10,0
15,3941,0.8280955077103266,4.139476662637039e-06,0.16426853336248395,0.007631819450526956,25,10,0
15,3942,0.8277271939491938,4.1393568354889175e-06,0.16463686540335548,0.007631801290615437,25,10,0
15,3943,0.8330216890393749,4.137160483031976e-06,0.1593430207748166,0.0076311530253253615,25,10,0
15,3944,0.8323161037613103,4.349444406827112e-06,0.15998707744183216,0.007692469352450437,25,10,0
15,3945,0.8324380438521619,4.349446950317758e-06,0.15986513694128207,0.007692469759605355,25,10,0
15,3946,0.8219145279882935,4.563545103870185e-06,0.17038742746109947,0.0076934810055027435,25,10,0
15,3947,0.823014696170957,3.932452685007358e-06,0.1692882657994868,0.007693105576870647,25,10,0
15,3948,0.8198393460415767,3.939701253919481e-06,0.17243415123080272,0.007722563026366117,25,10,0
15,3949,0.8312940824306919,3.939247623561555e-06,0.1609801432699868,0.007721835051696891,25,10,0
15,3950,0.8403942766175753,3.5886572925914388e-06,0.1519282215969948,0.0076739131281362925,25,10,0
15,3951,0.8768484637598274,3.560532347062864e-06,0.12302296643129132,0.00012500927653368924,25,10,0
15,3952,0.8772217841733384,3.5605125076081987e-06,0.12264964764380414,0.0001250076703495476,25,10,0
15,3953,0.8776964848747216,3.560515729031004e-06,0.12217494633138831,0.00012500827816062235,25,10,0
15,3954,0.8636429251315206,3.5639072038930436e-06,0.1362267468142723,0.00012676414700263028,25,10,0
15,3955,0.8636668518517542,3.5586944655496804e-06,0.13620149011548416,0.00012809933829552824,25,10,0
15,3956,0.8639548074812408,3.559567269324324e-06,0.13591469966773978,0.00012693328374958419,25,10,0
15,3957,0.8643573491566398,3.559543823570741e-06,0.13551216673608293,0.0001269245634533149,25,10,0
15,3958,0.8641426222957742,3.559480334565494e-06,0.13572685169488974,0.00012696652900102937,25,10,0
15,3959,0.8644688886107725,3.578979758239403e-06,0.13540037530295598,0.0001271571065128313,25,10,0
15,3960,0.8639277978489343,3.742643260381151e-06,0.13589702768039902,0.0001714318274058998,25,10,0
15,3961,0.8639804011611696,3.7419037918114957e-06,0.1358445206276283,0.00017133630740972624,25,10,0
15,3962,0.8643911433355455,3.746592797379729e-06,0.13543391516118194,0.0001711949104746787,25,10,0
15,3963,0.8646639362446696,3.582579337152037e-06,0.135205325047398,0.00012715612859462118,25,10,0
15,3964,0.8676411012401002,3.578978017828452e-06,0.13223005852797795,0.0001252612539033706,25,10,0
15,3965,0.8828338121259229,3.554566689859355e-06,0.11703718560224513,0.00012544770514159149,25,10,0
15,3966,0.8837714321190202,3.333954776077638e-06,0.11616116802126643,6.406590493673651e-05,25,10,0
15,3967,0.8836524882580812,3.3624969176086073e-06,0.1162800857110847,6.406353391603081e-05,25,10,0
15,3968,0.8790784190463253,8.2334602391428e-06,0.1208469683122857,6.637918114910494e-05,25,10,0
15,3969,0.9122225651474052,5.889049054975295e-06,0.08771064230769715,6.0903495841980745e-05,25,10,0
15,3970,0.9179401989117699,9.371613186692538e-07,0.08202063646876058,3.8227458150471396e-05,25,10,0
15,3971,0.9179625890724946,9.37161091988572e-07,0.08199824607287585,3.822769353713572e-05,25,10,0
15,3972,0.9171842396551702,9.379511112242736e-07,0.08277664133735238,3.81810563657429e-05,25,10,0
15,3973,0.9171827906586937,9.380427498364707e-07,0.08277809025392205,3.81810446339522e-05,25,10,0
15,3974,0.9183533915818726,9.37873019939608e-07,0.08160753074547236,3.813979963472518e-05,25,10,0
15,3975,0.9069928859394555,9.49110121814918e-07,0.09296637920508227,3.978574533977398e-05,25,10,0
15,3976,0.9060295342295899,9.487738545166052e-07,0.09392991136427019,3.960563228475747e-05,25,10,0
15,3977,0.905994933766786,9.451400865860215e-07,0.09396451564011349,3.960545301331772e-05,25,10,0
15,3978,0.9012346320019876,1.119353170619593e-06,0.09872291625116071,4.133239368070882e-05,25,10,0
15,3979,0.9012347158966595,1.1176477733495824e-06,0.09872280967517078,4.135678039598867e-05,25,10,0
15,3980,0.9009655308538044,1.1177365134344336e-06,0.09899197026176085,4.1381147920992576e-05,25,10,0
15,3981,0.9150319866208931,1.1144350563386226e-06,0.08492727384432762,3.962509972255418e-05,25,10,0
15,3982,0.9264771561107753,1.10244461246273e-06,0.07348376337539975,3.797806921233115e-05,25,10,0
15,3983,0.9261757950417256,1.1024225418629476e-06,0.0737851220914048,3.798044432727455e-05,25,10,0
15,3984,0.9295173523308441,1.0949358853224518e-06,0.07047307863675106,8.474096519239047e-06,25,10,0
15,3985,0.9269369113813377,1.0946844160925353e-06,0.07305321222840505,8.78170584082333e-06,25,10,0
15,3986,0.9266285371326072,1.101309999853335e-06,0.07331332190806367,5.703964932914944e-05,25,10,0
15,3987,0.9269951344526365,1.096309422712318e-06,0.07294804223291469,5.5727005026037404e-05,25,10,0
15,3988,0.9147644761997538,1.1011734560739218e-06,0.08517741705716529,5.7005569624628174e-05,25,10,0
15,3989,0.8972321716553104,1.081752259561751e-06,0.10270993119304508,5.681539938451636e-05,25,10,0
15,3990,0.8947781826920952,1.082080935880145e-06,0.10516391737178735,5.681785518120797e-05,25,10,0
15,3991,0.8950580159729157,1.0818829941231225e-06,0.1048841269519539,5.6775192136299856e-05,25,10,0
15,3992,0.8914391729720674,1.2777434573907084e-06,0.10850188774751196,5.766153696277018e-05,25,10,0
15,3993,0.9029976683362338,1.2884206455108708e-06,0.09688428826256304,0.00011675498055771852,25,10,0
15,3994,0.8863335584103335,2.0257190877642052e-06,0.1135477702941979,0.00011664557638019919,25,10,0
15,3995,0.8905818397012082,2.0286183223069513e-06,0.10929947353509924,0.00011665814536955295,25,10,0
15,3996,0.8911333337148374,2.0239225393295237e-06,0.10874802675544172,0.00011661560718077085,25,10,0
15,3997,0.9093243408454907,1.2855501951968436e-06,0.09055783841226311,0.00011653519205076287,25,10,0
15,3998,0.9107129074290522,1.285575014054736e-06,0.08916980944078629,0.00011599755514719196,25,10,0
15,3999,0.9123564506813259,1.3045814923756584e-06,0.0872517083183165,0.0003905364188649629,25,10,0
15,4000,0.9082045568652611,1.4631276184547617e-06,0.09140056168006244,0.0003934183270576533,25,10,0
15,4001,0.8712983149767416,1.463055212376307e-06,0.12796056235350017,0.0007396596145451652,25,10,0
15,4002,0.8769358714147786,1.6077931364668653e-06,0.122284722774513,0.0007777980175712178,25,10,0
15,4003,0.8852181009999123,1.460037214060142e-06,0.11404079248072767,0.0007396464821453123,25,10,0
15,4004,0.8727446352494733,1.9303832457385965e-06,0.12651077783450349,0.0007426565327766598,25,10,0
15,4005,0.8727606880648515,2.196136019655197e-06,0.12649441761471508,0.0007426981844129568,25,10,0
15,4006,0.8727790657182907,2.1962867283111327e-06,0.12647606290466112,0.000742675090319397,25,10,0
15,4007,0.8662189171757021,2.272029792383764e-06,0.13301624709855267,0.000762563695951923,25,10,0
15,4008,0.8813679890966014,1.6662348596252206e-06,0.11786583575713774,0.0007645089114003928,25,10,0
15,4009,0.88150942517434,1.6661449783379667e-06,0.11772439921215831,0.0007645094685226648,25,10,0
15,4010,0.8817467203317478,1.665909980715367e-06,0.11748707976167527,0.0007645339965954726,25,10,0
15,4011,0.8618779636315591,1.6597197698201892e-06,0.13740405578747938,0.00071632086119121,25,10,0
15,4012,0.8534617479486891,1.6660651753441766e-06,0.14581943057490013,0.0007171554112346943,25,10,0
15,4013,0.8439222715018226,1.047192735307103e-05,0.15534795511386293,0.0007193014569606406,25,10,0
15,4014,0.8446679348622035,1.0456945486448587e-05,0.15466263554953624,0.0006589726427733872,25,10,0
15,4015,0.8437242097853241,1.064118065818795e-05,0.15560497971512874,0.0006601693188885891,25,10,0
15,4016,0.8602718236046932,1.0018628210009736e-05,0.13906384935670577,0.0006543084103904873,25,10,0
15,4017,0.8592424098493397,1.001442469320305e-05,0.14009329621286543,0.0006542795131013207,25,10,0
15,4018,0.8616932594212361,1.0014126738971381e-05,0.13764244901586697,0.0006542774361574234,25,10,0
15,4019,0.8507552782613216,2.7136308726818157e-05,0.14856174724195959,0.0006558381879915789,25,10,0
15,4020,0.8253178621186038,1.247018397949574e-05,0.17400336886603174,0.0006662988313850582,25,10,0
15,4021,0.8163678777339104,1.247584138651836e-05,0.18295101026436933,0.0006686361603336403,25,10,0
15,4022,0.8400881046288983,1.0020275048213962e-05,0.1592451300434961,0.0006567450525567727,25,10,0
15,4023,0.8396036729917122,9.985409038295985e-06,0.15973417075943136,0.0006521708398174729,25,10,0
15,4024,0.8316694753812582,1.666814858687012e-05,0.16766088574745958,0.0006529707226950653,25,10,0
15,4025,0.8316505555906332,1.6668124698671572e-05,0.1676798043175921,0.0006529719670757916,25,10,0
15,4026,0.8313000270450129,1.6667202894118842e-05,0.16803044285823188,0.0006528628938616154,25,10,0
15,4027,0.8296467108193951,1.6577175060042265e-05,0.16964510687707335,0.0006916051284717613,25,10,0
15,4028,0.7979812735654458,1.6381877960991818e-05,0.20130486931359642,0.0006974752429955209,25,10,0
15,4029,0.7978649147996514,1.638175544296801e-05,0.2014212290197375,0.0006974744251670448,25,10,0
15,4030,0.8068296038741261,1.86958492702541e-05,0.19244324752104028,0.000708452755562754,25,10,0
15,4031,0.8167206379238067,1.2010354637335378e-05,0.18256007004428526,0.0007072816772703991,25,10,0
15,4032,0.8365190447372416,1.2021735664981929e-05,0.16276048650253824,0.000708447024554546,25,10,0
15,4033,0.8367288897088039,1.2021613741841836e-05,0.16255064286021068,0.0007084458172428434,25,10,0
15,4034,0.833769434432877,1.2021676216113118e-05,0.16551009782275222,0.0007084460681543997,25,10,0
15,4035,0.8337326808809264,1.202170309350321e-05,0.16554547182494037,0.0007098255910394616,25,10,0
15,4036,0.8328710515301423,1.2022127156483845e-05,0.1664071247156868,0.0007098016270146313,25,10,0
15,4037,0.841374809280349,3.2260681794581807e-06,0.15783818429105345,0.0007837803604182789,25,10,0
15,4038,0.8429242097916491,3.197219335940991e-06,0.15628895045758498,0.0007836425314304354,25,10,0
15,4039,0.8493643533755035,3.1216175667801e-06,0.14986875323066762,0.0007637717762624116,25,10,0
15,4040,0.849325553058528,3.1215744262435945e-06,0.14990893379364686,0.0007623915733991818,25,10,0
15,4041,0.850560421365868,3.1024586671608677e-06,0.14894893361718908,0.0004875425582763359,25,10,0
15,4042,0.851027372355453,3.1025606523125515e-06,0.14848059641158226,0.0004889286723127773,25,10,0
15,4043,0.8570823261620529,3.018388504126799e-06,0.14246619727744977,0.00044845817199277006,25,10,0
15,4044,0.8195118292187697,1.7964220854730188e-05,0.17995309512987512,0.0005171114305008612,25,10,0
15,4045,0.8211880741543283,1.5435832807034997e-05,0.17829137788821203,0.0005051121246529677,25,10,0
15,4046,0.821201694541551,1.5435834339438423e-05,0.17827775748777455,0.0005051121363353309,25,10,0
15,4047,0.8447774374250503,1.5434702347037278e-05,0.15470202978259787,0.0005050980900054889,25,10,0
15,4048,0.8621309185899295,1.5422697704500988e-05,0.13735173307740245,0.0005019256349641083,25,10,0
15,4049,0.8554733502679727,1.545144550908072e-05,0.1440039293113613,0.0005072689751573077,25,10,0
15,4050,0.8555163793548829,1.5451481515509782e-05,0.14396089082343924,0.0005072783401627269,25,10,0
15,4051,0.8614095328109457,1.5570787763042296e-05,0.1380722523637732,0.000502644037518446,25,10,0
15,4052,0.8609386596131074,1.5571141905982374e-05,0.13854312190631207,0.0005026473386746807,25,10,0
15,4053,0.8609820088165648,1.5309705704541962e-05,0.13850007903554448,0.000502602442186129,25,10,0
15,4054,0.8940065457764221,1.5334388023682954e-05,0.10547547049003801,0.0005026493455165108,25,10,0
15,4055,0.8948073070193217,1.5150400633814742e-05,0.10467606545809,0.0005014771219547049,25,10,0
15,4056,0.8948051467651882,1.5150399528176185e-05,0.1046782257156619,0.0005014771196215402,25,10,0
15,4057,0.9017230230137037,1.5186762964806398e-05,0.09810654231013974,0.0001552479131913626,25,10,0
15,4058,0.9017144678263885,1.518676773557453e-05,0.09811509664793475,0.0001552487579407092,25,10,0
15,4059,0.9038497595152625,1.5162002384426754e-05,0.09598667928425389,0.00014839919809889112,25,10,0
15,4060,0.937053016354474,3.713230621286274e-07,0.06282763067923179,0.00011898164323180019,25,10,0
15,4061,0.932475408920919,1.1265623952343463e-05,0.06739340398351365,0.00011992147161516879,25,10,0
15,4062,0.9328902306902107,1.1266366280611995e-05,0.06697857506752446,0.00011992787598428265,25,10,0
15,4063,0.9325613748394127,1.1275829333076935e-05,0.06730611221645058,0.00012123711480375123,25,10,0
15,4064,0.9552982494667571,1.1469861942157542e-05,0.04456864057182905,0.00012164009947215924,25,10,0
15,4065,0.9603886409801516,1.1469805161743154e-05,0.039478249838999065,0.0001216393756878211,25,10,0
15,4066,0.9479143154212254,1.148377149542384e-05,0.05195249681217902,0.00012170399510031976,25,10,0
15,4067,0.9319103038170202,1.2109513890230886e-05,0.06795289411758888,0.00012469255150067944,25,10,0
15,4068,0.9323915312264116,1.2109523782952319e-05,0.06747166477937627,0.0001246944704294819,25,10,0
15,4069,0.9322569382902525,1.2114859954422511e-05,0.06760620547329724,0.00012474137649604185,25,10,0
15,4070,0.9324401416591163,1.2114724340965891e-05,0.0674230014518209,0.00012474216472204634,25,10,0
15,4071,0.93268578390158,1.2109501904822955e-05,0.06717741119686335,0.0001246953996521316,25,10,0
15,4072,0.926637144963322,1.211834204725708e-05,0.07322600831998255,0.000124728374648554,25,10,0
15,4073,0.9265886826142026,1.2121413351302596e-05,0.0732744482508842,0.00012474772156227253,25,10,0
15,4074,0.9267115661871927,1.212129792991945e-05,0.07315153296175932,0.00012477955311818186,25,10,0
15,4075,0.9229291014949045,1.2121445257114525e-05,0.07693274386277012,0.00012603319706878718,25,10,0
15,4076,0.9217261073205976,1.2292734684057594e-06,0.07808396841007581,0.00018869499585866264,25,10,0
15,4077,0.9333180994146795,1.2291437541469963e-06,0.06649210486615617,0.00018856657541042966,25,10,0
15,4078,0.9335912006748631,1.2248100812710047e-06,0.06621900718468753,0.00018856733036818927,25,10,0
15,4079,0.8959679477243746,1.7123051086565712e-06,0.10371125030388338,0.0003190896666336511,25,10,0
15,4080,0.8970986456961226,1.7024118454432812e-06,0.10265669601260712,0.0002429558794250533,25,10,0
15,4081,0.8969450893095002,1.7025053165373776e-06,0.10280884728547729,0.0002443608997059197,25,10,0
15,4082,0.881801579116197,1.703158059744229e-06,0.11794928019308921,0.00024743753265418116,25,10,0
15,4083,0.8890590290677216,1.4727414310120003e-06,0.11069247603092108,0.0002470221599265318,25,10,0
15,4084,0.888277853861993,1.476463737119557e-06,0.11147179558507078,0.0002488740891992112,25,10,0
15,4085,0.8876434853204782,1.4768123186627785e-06,0.1121061136371158,0.0002489242300874029,25,10,0
15,4086,0.8915887782567495,1.5087347005382354e-06,0.10815973600384861,0.0002499770047015712,25,10,0
15,4087,0.8919803094955059,1.4993363658186053e-06,0.10776953143093312,0.00024865973719555084,25,10,0
15,4088,0.8919881704780205,1.4986706485766382e-06,0.10776164904458772,0.0002486818067435556,25,10,0
15,4089,0.8987678725198864,1.494426614243493e-06,0.1010455522836924,0.00018508076980716916,25,10,0
15,4090,0.8986350256527057,1.4945206981507064e-06,0.10117837476823884,0.00018510505835769378,25,10,0
15,4091,0.9035610143889201,9.127677617840488e-06,0.09624821650963833,0.0001816414238239505,25,10,0
15,4092,0.8975410278133314,9.132090515345737e-06,0.10220276949788651,0.00024707059826665936,25,10,0
15,4093,0.9005068411079082,9.12790778177485e-06,0.09930049530733505,0.00018353567697485754,25,10,0
15,4094,0.9041964808025605,9.128643352977901e-06,0.09561187518271462,0.00018251537137173795,25,10,0
15,4095,0.9043528662701081,9.128395825168987e-06,0.09545552424437062,0.00018248108969610576,25,10,0
15,4096,0.9043578427681216,9.12839043889805e-06,0.09545058140079826,0.00018244744064135364,25,10,0
15,4097,0.8910340581476028,9.138076864736243e-06,0.10877403273562647,0.000182771039906182,25,10,0
15,4098,0.8908797753089701,9.138240215984509e-06,0.10892829264708563,0.00018279380372839427,25,10,0
15,4099,0.903927384940777,9.128821563882019e-06,0.09588099150793024,0.00018249472972906315,25,10,0
15,4100,0.9098265343070322,8.872441997418467e-06,0.08998506541412837,0.00017952783684209043,25,10,0
15,4101,0.9166981037071751,1.21042184735809e-06,0.0831198266618737,0.00018085920910380877,25,10,0
15,4102,0.9060445046116441,1.4263749279182924e-06,0.09377319712540891,0.00018087188801928003,25,10,0
15,4103,0.9059282462569003,1.428321130548273e-06,0.0938894451074268,0.0001808803145427015,25,10,0
15,4104,0.9106756422881608,1.2727669843572764e-06,0.08918281813414076,0.0001402668107142883,25,10,0
15,4105,0.9095745672471945,1.305160234407147e-06,0.09028562395965851,0.00013850363291282252,25,10,0
15,4106,0.9093751014176735,1.3087375970921108e-06,0.09048503487511342,0.0001385549696162885,25,10,0
15,4107,0.9124602459343584,1.3086740404776297e-06,0.08739989138300368,0.0001385540085975727,25,10,0
15,4108,0.912471927721096,1.308582581462494e-06,0.08738823355906666,0.00013853013725603303,25,10,0
15,4109,0.9500773289562647,8.262392160533172e-07,0.049913844917051496,7.999887467745922e-06,25,10,0
15,4110,0.9518970060180656,7.901411531052894e-07,0.04809420240863032,8.001432150887607e-06,25,10,0
15,4111,0.9166027381553872,8.137927512639491e-07,0.08338221761515129,1.4230436710780791e-05,25,10,0
15,4112,0.9009236723590539,8.413623365500002e-07,0.09905844135607848,1.7044922531655087e-05,25,10,0
15,4113,0.8974142164181642,8.415312006901914e-07,0.10250303791399604,8.190413663948199e-05,25,10,0
15,4114,0.8897367202579664,8.491375698042914e-07,0.11012193890543168,0.0001404916990324667,25,10,0
15,4115,0.8903290206184998,8.558157277092787e-07,0.10959449879139234,7.562477438042792e-05,25,10,0
15,4116,0.8908117910139456,8.51739055086366e-07,0.10911373426182626,7.362298517344188e-05,25,10,0
15,4117,0.8900061807489262,8.546125316680534e-07,0.10991897170292768,7.399293561467171e-05,25,10,0
15,4118,0.8898824251451037,8.546105282588489e-07,0.11004274283896154,7.397740540680871e-05,25,10,0
15,4119,0.8957649855138107,8.457371335584551e-07,0.104160233237066,7.393551198994335e-05,25,10,0
15,4120,0.8962703021710616,8.504232968317464e-07,0.10365496189744591,7.388550819580071e-05,25,10,0
15,4121,0.8966675587001767,7.023754640474538e-07,0.10325856146482763,7.317745953212846e-05,25,10,0
15,4122,0.8955606877764317,7.150894416286048e-07,0.104316235143218,0.00012236199090895252,25,10,0
15,4123,0.8850848072020797,9.319911885485242e-07,0.11153135246804617,0.0033829083386857127,25,10,0
15,4124,0.8850859114270042,9.270165946882228e-07,0.11153019726674579,0.003382964289655374,25,10,0
15,4125,0.888281719793563,9.199861451344422e-07,0.10833441357558872,0.003382946644703249,25,10,0
15,4126,0.8803738897453377,1.0031700217447026e-05,0.11628226749600074,0.003333811058444081,25,10,0
15,4127,0.8635308561078797,1.004350916018487e-05,0.13312213379565113,0.003336966587309036,25,10,0
15,4128,0.8637724837459886,1.0043646709729934e-05,0.1328818764409975,0.0033355961663040085,25,10,0
15,4129,0.8630494003233874,1.0044342761178282e-05,0.13360486814340844,0.0033356871904427787,25,10,0
15,4130,0.8504510358151124,1.706073927214748e-05,0.14430099006364336,0.005230913381971733,25,10,0
15,4131,0.8669222202004536,1.704918389638997e-05,0.1278329723662055,0.005227758249443964,25,10,0
15,4132,0.8694777457999535,1.724692830414069e-05,0.1252790834630209,0.005225923808720809,25,10,0
15,4133,0.879890551162999,1.7030353468406347e-05,0.1181253905498537,0.001967027933678379,25,10,0
15,4134,0.8768920788612425,1.8572383702639036e-05,0.12111501581964429,0.0019743329354099605,25,10,0
15,4135,0.8721746548571848,1.8655378089924427e-05,0.12459224831855645,0.0032144414461682948,25,10,0
15,4136,0.8621813547956155,1.9000235174036025e-05,0.13578566169915746,0.0020139832700527952,25,10,0
15,4137,0.8596599584072783,1.919811898869115e-05,0.13830693031709523,0.002013913156637691,25,10,0
15,4138,0.8618518798697707,1.2185718565819847e-05,0.1380162160708109,0.00011971834085255092,25,10,0
15,4139,0.8553809531618981,1.2188935564471967e-05,0.14442259728121146,0.00018426062132584676,25,10,0
15,4140,0.8598112239591817,1.218501428429822e-05,0.13999336090297856,0.0001832301235552774,25,10,0
15,4141,0.8437586565916005,1.218471400525186e-05,0.15604360950696214,0.00018554918743215814,25,10,0
15,4142,0.8576044986536487,1.1771591369452927e-05,0.14218085578543488,0.00020287396954672636,25,10,0
15,4143,0.892534330869064,1.175569125860641e-05,0.10725621212133726,0.00019770131833998742,25,10,0
15,4144,0.8953890593310245,1.1878939029506991e-05,0.10217825888911147,0.0024208028408346425,25,10,0
15,4145,0.8955141762142144,1.1878874513588163e-05,0.10205314253520983,0.002420802376062614,25,10,0
15,4146,0.8968436805120126,2.178820493229717e-05,0.10072347105397483,0.002411060229080819,25,10,0
15,4147,0.8801927995702151,2.726863113480603e-05,0.11741527346216907,0.00236465833648053,25,10,0
15,4148,0.8868226485220296,2.726035222936397e-05,0.11084999778864278,0.0023000933370983666,25,10,0
15,4149,0.8929138128448914,2.7260285234986258e-05,0.10475882138503331,0.002300105484840731,25,10,0
15,4150,0.8933812482932187,2.7259086661607203e-05,0.10434829779333557,0.002243194826784451,25,10,0
15,4151,0.8876578920351283,2.725899709721026e-05,0.11007165587560706,0.0022431930921672978,25,10,0
15,4152,0.8849152444880716,2.7262013906127376e-05,0.11281357156457222,0.0022439219334498763,25,10,0
15,4153,0.8847242262215008,2.726209386864363e-05,0.1130045785159975,0.0022439331686328326,25,10,0
15,4154,0.8931914506446599,2.7111034247230152e-05,0.10676057268384057,2.0865637252524567e-05,25,10,0
15,4155,0.8903364209298595,2.691292338430314e-05,0.1096173809708379,1.928517591832519e-05,25,10,0
15,4156,0.8575173443256331,2.740713289059763e-05,0.1424336098688941,2.1638672581104887e-05,25,10,0
15,4157,0.8566029838035806,2.7407698180609484e-05,0.14334780234754685,2.1806150691052753e-05,25,10,0
15,4158,0.8673400622500006,2.7191801346923352e-05,0.1326109752195654,2.1770729086455993e-05,25,10,0
15,4159,0.8640253815157075,2.7188851219083712e-05,0.13576422508831712,0.0001832045447554879,25,10,0
15,4160,0.8451376316459277,2.7203829740446842e-05,0.15465201860171518,0.00018314592261613752,25,10,0
15,4161,0.8622633381959054,2.7203441364028455e-05,0.13752872346473713,0.0001807348979931648,25,10,0
15,4162,0.861258402295993,2.7203356841545547e-05,0.13853368051729814,0.00018071382986708473,25,10,0
15,4163,0.8592213239647816,2.780974313131033e-05,0.14072862336586411,2.2242926222666406e-05,25,10,0
15,4164,0.8974444585669136,2.7320493477810585e-05,0.10250830799317441,1.9912946433860148e-05,25,10,0
15,4165,0.907606215401334,2.6950129454232206e-05,0.09234692825978402,1.990620942721888e-05,25,10,0
15,4166,0.9100825394341107,2.5427288676376036e-05,0.08987928474645711,1.2748530755280087e-05,25,10,0
15,4167,0.9106014558931773,2.5427500156371694e-05,0.08936151584375965,1.1600762906383633e-05,25,10,0
15,4168,0.9247498388919613,2.5399002171219407e-05,0.07521125213189074,1.350997397760479e-05,25,10,0
15,4169,0.9212957651053029,2.5396386217908087e-05,0.07866641006624488,1.2428442235027829e-05,25,10,0
15,4170,0.8898184032471349,2.6509319267537205e-05,0.11013820813650031,1.687929709733596e-05,25,10,0
15,4171,0.8898131434283942,2.6509305747353823e-05,0.11014346795990669,1.6879305951941576e-05,25,10,0
15,4172,0.8818213783146119,2.667281381503873e-05,0.11813350955054175,1.8439321031624665e-05,25,10,0
15,4173,0.8800780445420527,2.667430272342967e-05,0.11987343318683846,2.1847968385678523e-05,25,10,0
15,4174,0.8773929784852137,2.6685910393909923e-05,0.12227197346632261,0.0003083621380697007,25,10,0
15,4175,0.8763122995488577,2.775436343139342e-05,0.12335157896336169,0.0003083671243492295,25,10,0
15,4176,0.8746193878615235,2.7888859152641708e-05,0.12504518112860635,0.0003075421507174723,25,10,0
15,4177,0.8578793255051049,2.8123373297137486e-05,0.13993961853077708,0.00215293259082048,25,10,0
15,4178,0.8649136702164327,2.811953489702724e-05,0.132905337700047,0.002152872548623197,25,10,0
15,4179,0.8631994863562719,2.811962343780641e-05,0.13461905767062154,0.0021533363496684995,25,10,0
15,4180,0.8683096627468704,2.8119614199277067e-05,0.12951077225737,0.0021514453815600363,25,10,0
15,4181,0.8338234639060714,8.996356885433933e-05,0.16364192360887128,0.0024446489162038253,25,10,0
15,4182,0.8337722326857089,8.99634827140867e-05,0.16369313146713932,0.0024446723644384544,25,10,0
15,4183,0.8265673093334268,8.887579402433254e-05,0.17089929768253398,0.0024445171900158934,25,10,0
15,4184,0.8286566309993507,8.885703927703289e-05,0.16909749438023997,0.002157017581133255,25,10,0
15,4185,0.8352385299550502,7.98131091231859e-05,0.16252298174259586,0.0021586751932318434,25,10,0
15,4186,0.8413520617167276,7.981292705662378e-05,0.15640945104117035,0.002158674315045638,25,10,0
15,4187,0.8405696179056226,7.981294855427071e-05,0.15719189134359962,0.002158677802223646,25,10,0
15,4188,0.8382346467546621,7.98681895577197e-05,0.1595217807528696,0.0021637043029107184,25,10,0
15,4189,0.8376670098828947,7.990827402028984e-05,0.1600891480218845,0.002163933821200483,25,10,0
15,4190,0.8372976572895553,7.990828082316608e-05,0.16045852315451548,0.0021639112751067995,25,10,0
15,4191,0.8569982642569335,6.451114726051286e-05,0.14077578042523872,0.002161444170566984,25,10,0
15,4192,0.857069807047557,6.451114504986534e-05,0.14070423878916552,0.0021614430182271536,25,10,0
15,4193,0.857611768126922,6.451115705706354e-05,0.1401622757338889,0.00216144498213152,25,10,0
15,4194,0.8567522355733481,6.53079887600397e-05,0.14102093396429946,0.0021615224735918553,25,10,0
15,4195,0.8567088757359556,6.530726436113791e-05,0.14106452693031937,0.0021612900693635745,25,10,0
15,4196,0.8632010342523168,6.633708351321305e-05,0.1345713564594474,0.0021612722047220246,25,10,0
15,4197,0.8621773544326184,6.633704392470641e-05,0.1355949418282081,0.0021613666952481586,25,10,0
15,4198,0.8626751278227687,6.554040787563005e-05,0.1350974801824477,0.0021618515869072973,25,10,0
15,4199,0.8472577799838303,6.55514014662154e-05,0.15051169134544023,0.0021649772692623834,25,10,0
15,4200,0.8474646665568872,6.555151290420311e-05,0.1503047978351023,0.0021649840951054743,25,10,0
15,4201,0.8379593706055399,6.551056141916429e-05,0.15981521441114202,0.0021599044218982054,25,10,0
15,4202,0.8373210279144452,6.552889641614658e-05,0.16045104318238895,0.0021624000067495854,25,10,0
15,4203,0.8363939046103086,6.552966344577525e-05,0.16137811306552366,0.002162452660722877,25,10,0
15,4204,0.8362588687024902,6.552984496902243e-05,0.16151314822571508,0.002162453226826403,25,10,0
15,4205,0.8358964075036145,6.551175675567148e-05,0.16187795207965586,0.0021601286599751647,25,10,0
15,4206,0.8471208801909187,6.549803300522917e-05,0.15065348328006065,0.0021601384960150947,25,10,0
15,4207,0.8466709023887893,6.545901836892842e-05,0.15110362430342295,0.002160014289418488,25,10,0
15,4208,0.8418834973743065,6.545898523856504e-05,0.15589102970149418,0.0021600139389605423,25,10,0
15,4209,0.846819163610714,6.545884300083999e-05,0.15095536419538888,0.002160013350895849,25,10,0
15,4210,0.8463906511149228,6.545920623670291e-05,0.15130558435522398,0.0022383053236160783,25,10,0
15,4211,0.8465091632187519,6.546718743596614e-05,0.15117688222485032,0.0022484873689612747,25,10,0
15,4212,0.8462677870086823,6.546718958915402e-05,0.15141825828568944,0.002248487516038573,25,10,0
15,4213,0.8456109489193802,6.575342191847332e-05,0.15207471522216653,0.0022485824365343667,25,10,0
15,4214,0.8470644922775362,6.575348696032351e-05,0.15062160991492235,0.0022481443205806676,25,10,0
15,4215,0.8483157059597103,6.575317249885e-05,0.14937057785412688,0.0022479630136636357,25,10,0
15,4216,0.8641023914305548,6.658309871814527e-05,0.13543174128340107,0.00039928418732560416,25,10,0
15,4217,0.8414075997441957,6.592584092650431e-05,0.15812365340221868,0.00040282101265829746,25,10,0
15,4218,0.8096129175764044,6.620436726358777e-05,0.18991177897359016,0.00040909908274231155,25,10,0
15,4219,0.8097253497664647,6.620400298835885e-05,0.1898776391214897,0.0003308071090577426,25,10,0
15,4220,0.8032768074880775,6.649116149712737e-05,0.1962907033090512,0.00036599804137459155,25,10,0
15,4221,0.8037885942089534,6.649115267272065e-05,0.19577891895695892,0.0003659956814154187,25,10,0
15,4222,0.8374795086814983,6.516400681961295e-05,0.1620916413536152,0.0003636859580664134,25,10,0
15,4223,0.8370025676455687,6.516911104035874e-05,0.16235288112033508,0.0005793821230554988,25,10,0
15,4224,0.8082956578209053,6.517071563808814e-05,0.1905324316835655,0.0011067397798913995,25,10,0
15,4225,0.8427567822252915,3.324843410660112e-06,0.15642633695812852,0.0008135559731686251,25,10,0
15,4226,0.8400732047048122,3.3268471527584697e-06,0.15910998814314609,0.0008134803048883686,25,10,0
15,4227,0.8410839865600103,3.2975210347691047e-06,0.15810338620411163,0.0008093297148426522,25,10,0
15,4228,0.8412102438806093,3.2924570377559406e-06,0.1579771178484729,0.0008093458138792749,25,10,0
15,4229,0.8409059003059619,3.302476827767575e-06,0.15828007833925276,0.0008107188779569713,25,10,0
15,4230,0.8416294651822418,3.306417992299405e-06,0.15755653401107875,0.0008106943886866509,25,10,0
15,4231,0.8435902720652018,3.2256351689851613e-06,0.15560756746527907,0.0007989348343498208,25,10,0
15,4232,0.8471619013576904,3.233157995433494e-06,0.15203592150722842,0.0007989439770850883,25,10,0
15,4233,0.8505176256940967,3.2329238626910505e-06,0.14868026421282768,0.0007988771692120739,25,10,0
15,4234,0.8504741365760191,3.232974869700505e-06,0.14872369532811722,0.0007989351209930751,25,10,0
15,4235,0.8601639947225769,2.939181947917502e-06,0.13903372193356678,0.0007993441619075353,25,10,0
15,4236,0.8743878637051921,2.5303986747494853e-06,0.12476045086372901,0.0008491550324038692,25,10,0
15,4237,0.8708883467527815,2.5220471776352494e-06,0.12826000546846777,0.0008491257315727668,25,10,0
15,4238,0.8712137397353729,2.520060875368037e-06,0.12793413969120582,0.0008496005125456269,25,10,0
15,4239,0.8446084261613904,2.8567860335681338e-06,0.1545359667617887,0.0008527502907876176,25,10,0
15,4240,0.8446664670124452,2.8717124850178854e-06,0.15469341720829013,0.0006372440667799315,25,10,0
15,4241,0.8450124482735771,2.864077532151355e-06,0.15434708170491981,0.0006376059439710625,25,10,0
15,4242,0.8721439935980859,2.5346823909036824e-06,0.12721901334512997,0.0006344583743933576,25,10,0
15,4243,0.8718703583661894,2.532890059168448e-06,0.12749314934583345,0.0006339593979179432,25,10,0
15,4244,0.8673757709522718,2.535583955042854e-06,0.13198701211482855,0.0006346813489448219,25,10,0
15,4245,0.8675310391147257,2.53243882718718e-06,0.1318317913127153,0.0006346371337317499,25,10,0
15,4246,0.8673127755096572,2.5325296618718076e-06,0.13204864967830984,0.0006360422823711949,25,10,0
15,4247,0.8673815821681408,2.5325403333952726e-06,0.13198121499782672,0.0006346702936993387,25,10,0
15,4248,0.8668923490668291,2.334590874612808e-06,0.1324707029023779,0.0006346134399187877,25,10,0
15,4249,0.9007414166653983,2.279223426728177e-06,0.0986288713139107,0.0006274327972649847,25,10,0
15,4250,0.8997214241340099,2.2792576142959763e-06,0.09964885937152172,0.0006274372368549958,25,10,0
15,4251,0.8996868489059956,2.2785400603730527e-06,0.0996834356535935,0.0006274369003509123,25,10,0
15,4252,0.899689214640254,2.279220773142571e-06,0.09968098634786118,0.0006275197911120796,25,10,0
15,4253,0.9240659048038147,1.9068013543208315e-06,0.07530818677617605,0.0006240016186552953,25,10,0
15,4254,0.9239354945340569,1.9068854212044319e-06,0.07543862089144969,0.0006239776890725585,25,10,0
15,4255,0.9312438285828432,1.6197297588662607e-06,0.06816632939498486,0.0005882222924131848,25,10,0
15,4256,0.9319735425022404,1.6193947185555107e-06,0.06743652724522212,0.0005883108578190867,25,10,0
15,4257,0.931950321105168,1.620484176514887e-06,0.06746082542270851,0.0005872329879469396,25,10,0
15,4258,0.9319138165274831,1.6126798930105168e-06,0.06749728614729371,0.0005872846453304172,25,10,0
15,4259,0.9320532620623987,1.6124030633111332e-06,0.06735790779088066,0.0005872177436575162,25,10,0
15,4260,0.9320091457210947,2.0377529968753217e-06,0.06739988780855385,0.0005889287173546525,25,10,0
15,4261,0.9272266773823236,1.788340358251814e-06,0.07218393148145426,0.0005876027958642799,25,10,0
15,4262,0.927666036148841,1.7781369872994022e-06,0.0717459568304367,0.0005862288837352555,25,10,0
15,4263,0.9315022539950749,1.574804440196274e-06,0.06796275625695183,0.0005334149435331787,25,10,0
15,4264,0.9257029680599501,1.5790526548898615e-06,0.0737620377517231,0.0005334151356719551,25,10,0
15,4265,0.9299201780413222,1.5766027478597022e-06,0.06954554430488094,0.0005327010510494317,25,10,0
15,4266,0.9305751338245966,1.5762766908145962e-06,0.06889062093409545,0.0005326689646174424,25,10,0
15,4267,0.9343581830558501,1.5743960601128735e-06,0.06510757015093756,0.0005326723971523997,25,10,0
15,4268,0.9597094659445125,1.5727893058051682e-06,0.040283646547886034,5.314718295686076e-06,25,10,0
15,4269,0.9596058169729477,1.5823833647438354e-06,0.04038727757537182,5.323068315687708e-06,25,10,0
15,4270,0.9576087567533935,1.7930302778699232e-06,0.042383643111689843,5.807104638909272e-06,25,10,0
15,4271,0.9610068027692713,1.7926000077153493e-06,0.03898551803997592,5.8865907450331295e-06,25,10,0
15,4272,0.9610583245917459,1.792567593952779e-06,0.03893405464191393,5.828198746158812e-06,25,10,0
15,4273,0.9545711922176807,1.7242047614081345e-06,0.045361273051293526,6.581052626413913e-05,25,10,0
15,4274,0.9544453708707832,1.7242964938423017e-06,0.04548708538270497,6.581945001766635e-05,25,10,0
15,4275,0.9546092975638462,3.848548560088511e-06,0.04532088511581724,6.596877177628999e-05,25,10,0
15,4276,0.954859110045551,3.643132870265741e-06,0.045130231997557925,7.014824020487744e-06,25,10,0
15,4277,0.9713530516172737,3.6314735393028013e-06,0.02863814574542613,5.1711637608565066e-06,25,10,0
15,4278,0.9717547469617256,3.6217047721785723e-06,0.028236515418111487,5.115915390832082e-06,25,10,0
15,4279,0.9715522654008492,3.621696114906673e-06,0.028439190525113192,4.922377922655655e-06,25,10,0
15,4280,0.9728564865114623,1.5147591620830784e-06,0.02713706809184832,4.9306375272580665e-06,25,10,0
15,4281,0.9353695355097598,2.2976872288767666e-06,0.06441771514559423,0.00021045165741708958,25,10,0
15,4282,0.9355164887245055,2.2976286474608635e-06,0.06427213802242931,0.00020907562441779834,25,10,0
15,4283,0.9351315880590478,2.2962386545304687e-06,0.06465701125713968,0.00020910444515807853,25,10,0
15,4284,0.900988649378296,2.297525120254415e-06,0.09879996772113313,0.0002090853754511047,25,10,0
15,4285,0.9012526119395929,2.29749068139556e-06,0.09853600966846521,0.00020908090126095042,25,10,0
15,4286,0.8744838020135652,2.1565427790898332e-06,0.12529635749977724,0.00021768394387815823,25,10,0
15,4287,0.8750108851063062,2.1526321669218598e-06,0.12476933286310342,0.0002176293984233112,25,10,0
15,4288,0.8723056885188094,2.1546978374531677e-06,0.1268966063763581,0.000795550406995323,25,10,0
15,4289,0.8707356464797857,2.155393991974592e-06,0.1284613363142015,0.0008008618120211625,25,10,0
15,4290,0.8699563788770789,2.156913376031638e-06,0.12924041099814387,0.0008010532114016661,25,10,0
15,4291,0.869613103405293,2.1615978874999157e-06,0.12958363398858513,0.0008011010082348973,25,10,0
15,4292,0.8852233691376921,2.2841755674624665e-06,0.11392963573521328,0.0008447109515274609,25,10,0
15,4293,0.8889699164210311,2.284241577303133e-06,0.1101830870888331,0.0008447122485587985,25,10,0
15,4294,0.8508077954445707,2.2857194050490987e-06,0.14834507106841927,0.0008448477676052211,25,10,0
15,4295,0.8502030614721141,2.29151281111707e-06,0.1489498425561995,0.0008448044588758607,25,10,0
15,4296,0.8326960431262975,2.2646065493647195e-06,0.16645134544569617,0.0008503468214581677,25,10,0
15,4297,0.8326939330567557,2.264271374598959e-06,0.1664508178336441,0.0008529848382269076,25,10,0
15,4298,0.8332393041063358,2.244171391285947e-06,0.1659056586790001,0.0008527930432740831,25,10,0
15,4299,0.8332210445298798,2.2441799313776947e-06,0.1659239162627704,0.0008527950274197728,25,10,0
15,4300,0.823533619438477,1.1836907503231732e-06,0.1756125723873989,0.0008526244833725321,25,10,0
15,4301,0.8235360316057091,1.1836885037785843e-06,0.1756101606704485,0.0008526240353384577,25,10,0
15,4302,0.8207164465669434,1.1882499156541811e-06,0.17842851958064976,0.0008538456024913812,25,10,0
15,4303,0.8398820163984945,1.1880567283595698e-06,0.1592686869183016,0.0008481086264756299,25,10,0
15,4304,0.8401261453715243,1.188054538351733e-06,0.15902455824978198,0.0008481083241559542,25,10,0
15,4305,0.8399923108877378,1.1883332567664793e-06,0.15915697892245562,0.0008495218565501709,25,10,0
15,4306,0.8392013719307401,1.1885684637386259e-06,0.15994384381556487,0.0008535956852317951,25,10,0
15,4307,0.8430536620131853,1.1871164939132176e-06,0.1560916854456543,0.0008534654246666338,25,10,0
15,4308,0.8429449871136372,1.1871759278925854e-06,0.15620036068456508,0.0008534650258703166,25,10,0
15,4309,0.8265760459830053,3.430551889860596e-05,0.1723836754370741,0.0010059730610220336,25,10,0
15,4310,0.8605941742046685,3.43055009593399e-05,0.13836555146473295,0.0010059688296396813,25,10,0
15,4311,0.860468148858629,3.4305593010297935e-05,0.13849157624202918,0.0010059693063316244,25,10,0
15,4312,0.8615421362406055,3.430558508434447e-05,0.13741758992895975,0.001005968245350869,25,10,0
15,4313,0.8616903350446852,3.4305166968999056e-05,0.1372721613761253,0.0010031984122206873,25,10,0
15,4314,0.8613020110447762,3.430400812097464e-05,0.1373676807245688,0.0012960042225341997,25,10,0
15,4315,0.8593007868819912,3.4304099187912545e-05,0.13936881878292212,0.001296090235898382,25,10,0
15,4316,0.8595254673264043,3.429880995188921e-05,0.13914420833627797,0.001296025527365313,25,10,0
15,4317,0.863338579431171,3.429422262119114e-05,0.13533232532748282,0.0012948010187246563,25,10,0
15,4318,0.8620842557093945,6.269112345792651e-05,0.13684861199862922,0.0010044411685178494,25,10,0
15,4319,0.8618651274433106,6.269215391646112e-05,0.13705590532732928,0.001016275075443343,25,10,0
15,4320,0.8650838603629134,6.269007590038301e-05,0.13441509552485567,0.0004383540363301193,25,10,0
15,4321,0.8650792522173433,6.269007919838545e-05,0.13441970333703224,0.0004383543664257242,25,10,0
15,4322,0.8644914314790174,6.292520572898013e-05,0.13494514942189234,0.0005004938933610706,25,10,0
15,4323,0.8623677681622027,8.685718512204259e-05,0.1370408501895097,0.0005045244631655083,25,10,0
15,4324,0.8618067275447296,8.685726513404657e-05,0.13760188915507796,0.0005045260350583757,25,10,0
15,4325,0.8615763403097978,8.68673672758721e-05,0.13783221964906234,0.0005045726738639035,25,10,0
15,4326,0.834287120274086,8.721182106246135e-05,0.16502906666648928,0.0005966012383625866,25,10,0
15,4327,0.8338916460917352,8.721774799115014e-05,0.16542397254383723,0.0005971636164367383,25,10,0
15,4328,0.8390156562981654,8.704159332698925e-05,0.1603005241519984,0.0005967779565093153,25,10,0
15,4329,0.8390089689951854,8.704159614256233e-05,0.1603072111288003,0.0005967782798719015,25,10,0
15,4330,0.8310733136197116,8.727967958249313e-05,0.16824258960980124,0.0005968170909050819,25,10,0
15,4331,0.8464768659836261,8.651486893187202e-05,0.14516872284790908,0.008267896299533022,25,10,0
15,4332,0.8465938384902831,8.651484128207586e-05,0.1450517506709857,0.00826789599744908,25,10,0
15,4333,0.8131078676873872,8.651701237175577e-05,0.17790187348898084,0.00890374181126115,25,10,0
15,4334,0.815520956427971,5.8119844688547e-05,0.17551981841399933,0.008901105313342208,25,10,0
15,4335,0.8153708929675476,5.811993146551622e-05,0.17566980151581166,0.00890118558517653,25,10,0
15,4336,0.8269636995474806,5.778741644138001e-05,0.16416930032023974,0.008809212715839001,25,10,0
15,4337,0.8122184894139862,5.780951942302221e-05,0.15298522003284398,0.03473848103374681,25,10,0
15,4338,0.8094614536670706,5.7769989034210814e-05,0.1503166335199571,0.04016414282393794,25,10,0
15,4339,0.8093588114969088,5.777491028989585e-05,0.15041932756061221,0.04016408603218889,25,10,0
15,4340,0.7995066889459893,6.261041458631044e-05,0.16026717571742938,0.040163524921995306,25,10,0
15,4341,0.7960484758145607,6.279766839590754e-05,0.16369904673710883,0.04018967977993559,25,10,0
15,4342,0.7962555694478691,6.279313800690306e-05,0.16349151734108808,0.04019012007303732,25,10,0
15,4343,0.7961111516532222,6.307508985936618e-05,0.16363564414673104,0.040190129110188495,25,10,0
15,4344,0.8090778212239796,6.28827621691687e-05,0.1507223527385673,0.040136943275283804,25,10,0
15,4345,0.8093169390977892,6.288172419169031e-05,0.1504950715751914,0.04012510760282767,25,10,0
15,4346,0.8097232423827468,6.288143154620938e-05,0.15008893501789322,0.04012494116781386,25,10,0
15,4347,0.8151420145862751,6.264450325191832e-05,0.14465719272259478,0.040138148187878364,25,10,0
15,4348,0.8250137984495273,5.780878446271813e-05,0.13479108043087443,0.04013731233513558,25,10,0
15,4349,0.852593581873687,5.805083980352806e-05,0.1072109548588459,0.04013741242766364,25,10,0
15,4350,0.8494464128838604,5.7814558214177274e-05,0.11035747455775119,0.04013829800017455,25,10,0
15,4351,0.8651980888978708,5.780255358813223e-05,0.0946058658341247,0.040138242714416156,25,10,0
15,4352,0.8603099860648586,2.51468450869273e-05,0.09968219325977602,0.03998267383027821,25,10,0
15,4353,0.8623026698937588,2.5147021116095555e-05,0.0977026077198705,0.03996957536525492,25,10,0
15,4354,0.8848172467935007,2.4683693920314805e-05,0.07519074262490806,0.03996732688767071,25,10,0
15,4355,0.8840523548312634,2.468422520860612e-05,0.07595556114285919,0.039967399800668504,25,10,0
15,4356,0.8838031761549666,2.4691449855049795e-05,0.07620471056976638,0.03996742182541158,25,10,0
15,4357,0.883912520324007,2.46913217281182e-05,0.07609538437098465,0.039967403983280005,25,10,0
15,4358,0.887543734506649,2.449395857158045e-05,0.0724905551554108,0.03994121637936819,25,10,0
15,4359,0.8810117981808432,2.444846676064886e-05,0.07902248479756022,0.039941268554835714,25,10,0
15,4360,0.9144915965605452,2.444630458659649e-05,0.0461784975134015,0.03930545962146667,25,10,0
15,4361,0.9044428625651597,2.444058761516669e-05,0.05622570168304457,0.039306995164180555,25,10,0
15,4362,0.9041726395955956,2.443978517611248e-05,0.055754326411815,0.0400485942074132,25,10,0
15,4363,0.9055253874724204,2.4192368092729594e-05,0.05446504688200756,0.03998537327747956,25,10,0
15,4364,0.9117885293174106,2.3960210463733485e-05,0.048202177943899846,0.03998533252822606,25,10,0
15,4365,0.9008464904958876,2.397325375967836e-05,0.05914064067787172,0.03998889557248123,25,10,0
15,4366,0.900845232654288,2.397324435722467e-05,0.05914189938171168,0.03998889471964342,25,10,0
15,4367,0.8999911069781703,2.3974524328952422e-05,0.059991038256032844,0.039993880241468105,25,10,0
15,4368,0.8760289354130919,2.3986774485814433e-05,0.08394991759633251,0.039997160216090656,25,10,0
15,4369,0.8660938449990974,2.4200224798897032e-05,0.09388477053938368,0.03999718423672115,25,10,0
15,4370,0.8664003345693633,2.4200246269616403e-05,0.09357825981305998,0.0399972053713082,25,10,0
15,4371,0.8661266997505623,2.4200314504218674e-05,0.09385597518062687,0.03999312475430782,25,10,0
15,4372,0.8543545084333485,2.4227031138964668e-05,0.10552596214951376,0.0400953023859996,25,10,0
15,4373,0.8642008959533465,2.421982248913557e-05,0.09568055792263122,0.0400943263015345,25,10,0
15,4374,0.8524891263674541,2.424595810463078e-05,0.1073887180538203,0.04009790962062198,25,10,0
15,4375,0.8664960014825297,3.1362319247674583e-07,0.09340978191075974,0.04009390298351881,25,10,0
15,4376,0.8657591749848453,3.224359018766365e-07,0.0941203319465838,0.04012017063266962,25,10,0
15,4377,0.866512902654751,3.219543724440853e-07,0.09336665805638868,0.04012011733448851,25,10,0
15,4378,0.8664919635981337,3.2214717304973e-07,0.0933853827458581,0.04012233150883558,25,10,0
15,4379,0.8723125115309176,3.222895882026663e-07,0.08756484007733499,0.04012232610215952,25,10,0
15,4380,0.8746089906932201,3.2195439546896255e-07,0.08526845852862727,0.04012222882375753,25,10,0
15,4381,0.8579606356859838,3.3298278264137926e-07,0.10191381309295262,0.04012521823828103,25,10,0
15,4382,0.8579675540129332,3.328349527254383e-07,0.10190689140536634,0.040125221746747666,25,10,0
15,4383,0.8234869348625008,5.118954674232428e-05,0.1363323860295537,0.04012948956120346,25,10,0
15,4384,0.8002563586437372,5.117892739864397e-05,0.15956582365028826,0.04012663877857557,25,10,0
15,4385,0.8009056522207638,5.118980446387833e-05,0.15891644881508463,0.04012670915968755,25,10,0
15,4386,0.8294212093782204,5.117153556187108e-05,0.13040771385743496,0.04011990522878243,25,10,0
15,4387,0.8288144295328211,5.117274773934399e-05,0.13100593540971753,0.04012846230972178,25,10,0
15,4388,0.8076648046947545,6.239206917646678e-05,0.15219383381703777,0.04007896941903108,25,10,0
15,4389,0.8038085856608871,6.239197029281e-05,0.15605004101096698,0.04007898135785324,25,10,0
15,4390,0.8102883829052604,6.238510295609174e-05,0.1495676270319104,0.040081604959873146,25,10,0
15,4391,0.8102794371282662,6.238510543661481e-05,0.14957518999787595,0.04008298776842108,25,10,0
15,4392,0.8026603631858213,6.255777880454302e-05,0.1571773322534597,0.040099746781914136,25,10,0
15,4393,0.8125203834939171,6.25316440492131e-05,0.14732092110380365,0.04009616375822978,25,10,0
15,4394,0.8117047357452395,6.25692557116756e-05,0.14813041906496335,0.040102275934085274,25,10,0
15,4395,0.8114906797790536,6.257176234579003e-05,0.14834382137079946,0.04010292708780133,25,10,0
15,4396,0.8199821256174366,6.238939814385305e-05,0.13990056771353604,0.04005491727088373,25,10,0
15,4397,0.8196012194267914,6.238976194850967e-05,0.1402827589297151,0.04005363188154505,25,10,0
15,4398,0.81969001025169,6.238975846653628e-05,0.14019398351919804,0.04005361647064528,25,10,0
15,4399,0.8194475431189057,6.238984188678487e-05,0.14043644026969382,0.04005362676951318,25,10,0
15,4400,0.8193080315722269,6.239748514922211e-05,0.1405765398232127,0.0400530311194107,25,10,0
15,4401,0.8188188836476662,6.23974511906648e-05,0.1410657039103326,0.0400530149908097,25,10,0
15,4402,0.820052018051893,6.239702885864996e-05,0.1398325743009652,0.04005301061828224,25,10,0
15,4403,0.8198027334070023,6.240057739698e-05,0.14008186117183016,0.040053004843769884,25,10,0
15,4404,0.819788288098925,6.239334783791887e-05,0.14009499849385787,0.04005432005937818,25,10,0
15,4405,0.8191783736976319,6.238423842726932e-05,0.1407048055131666,0.04005443655077343,25,10,0
15,4406,0.8150521819080596,6.238864800480345e-05,0.1447633156613156,0.04012211378261914,25,10,0
15,4407,0.8153032722116005,6.238867910735547e-05,0.14451227262766234,0.04012206648162883,25,10,0
15,4408,0.8156034553652721,6.238855209165232e-05,0.14421212126287572,0.040122034819759775,25,10,0
15,4409,0.8150341588118134,6.23885580849728e-05,0.14478141451672302,0.040122038113378,25,10,0
15,4410,0.8254503209205093,6.238834879926177e-05,0.13436735052538235,0.04011994020530841,25,10,0
15,4411,0.8550082532825855,6.238785926002389e-05,0.10480955659026087,0.040119802267892996,25,10,0
15,4412,0.851325450090131,6.238448597120286e-05,0.10849232628434904,0.04011983913954803,25,10,0
15,4413,0.8771421464822461,5.1146494802884024e-05,0.08273731626829757,0.04006939075465285,25,10,0
15,4414,0.9108395171368845,2.945247528023171e-07,0.049024167891587325,0.04013602044677533,25,10,0
15,4415,0.9085182267436775,8.245458477501014e-07,0.05120574621677046,0.04027520249370435,25,10,0
15,4416,0.9085431697249043,8.245733019067213e-07,0.05137804125722905,0.04007796444456484,25,10,0
15,4417,0.8722695950660347,1.5072739790764558e-06,0.08746846055814661,0.040260437101839575,25,10,0
15,4418,0.8669969490098346,1.5088769002314176e-06,0.09267536320120572,0.04032617891205961,25,10,0
15,4419,0.8705650435834322,1.5309893886191386e-06,0.08917758061871474,0.04025584480846451,25,10,0
15,4420,0.8704909606815907,1.536061700226797e-06,0.08925165789007437,0.04025584536663498,25,10,0
15,4421,0.8742920870184423,1.5410007434241196e-06,0.08544917182256183,0.04025720015825266,25,10,0
15,4422,0.8389333457054522,7.813913487779385e-06,0.12077174408652187,0.040287096294537375,25,10,0
15,4423,0.8389121173268539,7.81393566745783e-06,0.12079285634865533,0.040287212388822845,25,10,0
15,4424,0.840690243294318,1.543940074039692e-06,0.11905089984854778,0.040257312917059605,25,10,0
15,4425,0.8406573775337763,1.5426888751214315e-06,0.11908376709008073,0.040257312687267316,25,10,0
15,4426,0.8143716390423559,2.7492227374703565e-05,0.14521889599542753,0.04038197273484163,25,10,0
15,4427,0.8517274900506245,2.6808482211757474e-05,0.10804638984204415,0.04019931162511916,25,10,0
15,4428,0.8572441466536241,2.6806880345827236e-05,0.10259679022047744,0.040132256245552604,25,10,0
15,4429,0.8577325117200155,2.6805913447529708e-05,0.10210857143340098,0.04013211093313635,25,10,0
15,4430,0.8558374262515933,2.680606007864139e-05,0.10400351839616788,0.04013224929216056,25,10,0
15,4431,0.8491437439283083,2.681628257018116e-05,0.11070388159161222,0.040125558197508945,25,10,0
15,4432,0.8342259068940274,2.6854704250329864e-05,0.12561689299598744,0.040130345405734326,25,10,0
15,4433,0.8274243879635121,4.012601365121422e-05,0.13240507465847742,0.04013041136435852,25,10,0
15,4434,0.8280811041352482,4.0121275420792975e-05,0.13181926073096117,0.04005951385836929,25,10,0
15,4435,0.8278921537361267,4.010925505607548e-05,0.131932399654777,0.04013533735403956,25,10,0
15,4436,0.8337222026224308,2.6837966138356103e-05,0.12611558335670628,0.04013537605472422,25,10,0
15,4437,0.8327804080488096,2.6837957409061916e-05,0.12705737647891704,0.04013537751486397,25,10,0
15,4438,0.8325094780515521,2.6838196831747346e-05,0.12732830612332088,0.04013537762829485,25,10,0
15,4439,0.8320320636586228,2.684882255105007e-05,0.127804689542605,0.040136397976220664,25,10,0
15,4440,0.8258472579487527,2.684679803649712e-05,0.13392430351604473,0.04020159173716567,25,10,0
15,4441,0.8253189279271105,2.685668618311345e-05,0.13445264748353206,0.04020156790317398,25,10,0
15,4442,0.8117884793593944,2.7098374576043672e-05,0.14795053583589354,0.0402338864301359,25,10,0
15,4443,0.8115842646333493,2.709839476067826e-05,0.1481561114815803,0.04023252549030944,25,10,0
15,4444,0.8107910690786126,2.727377631254986e-05,0.14894823110548652,0.04023342603958812,25,10,0
15,4445,0.8146448583411171,2.727427451144607e-05,0.1450939796924346,0.04023388769193669,25,10,0
15,4446,0.8206932900492363,2.728139090807474e-05,0.13910963911980243,0.04016978944005316,25,10,0
15,4447,0.8297787612345986,2.708044010778928e-05,0.13004605185682439,0.04014810646846912,25,10,0
15,4448,0.8300397049017937,2.7084532806854775e-05,0.12978734517360635,0.04014586539179309,25,10,0
15,4449,0.8367056825129766,2.7082418591936774e-05,0.12307722014307258,0.04019001492535889,25,10,0
15,4450,0.7983342010153328,5.3977840063909286e-05,0.1612941225816088,0.04031769856299341,25,10,0
15,4451,0.7983763280858825,5.5343671872378407e-05,0.1613199145583204,0.04024841368392357,25,10,0
15,4452,0.7983498800504104,5.534363121898214e-05,0.1611455976091648,0.04044917870920475,25,10,0
15,4453,0.831540776271794,5.53478525353193e-05,0.16786637496405646,0.0005375009116132452,25,10,0
15,4454,0.8305813223148438,5.5928851987784126e-05,0.16882294864081834,0.0005398001923492042,25,10,0
15,4455,0.8233466929923745,5.615989851912189e-05,0.17600074379131228,0.0005964033177931412,25,10,0
15,4456,0.8278095555374618,5.611916052583453e-05,0.17154855724426019,0.0005857680577512235,25,10,0
15,4457,0.8122454897744811,5.6141793893328806e-05,0.1871094543318281,0.0005889140997965092,25,10,0
15,4458,0.8240124973161435,5.6303386759796945e-05,0.17534457400182377,0.0005866252952718585,25,10,0
15,4459,0.8237390674303313,5.630355216628035e-05,0.17561801035944746,0.0005866186580538749,25,10,0
15,4460,0.8236714203355565,5.63035825146313e-05,0.17568565744247822,0.0005866186394498829,25,10,0
15,4461,0.8244371376776717,5.612799138144275e-05,0.1749210170802931,0.0005857172506531612,25,10,0
15,4462,0.8491812562150349,5.608992247378163e-05,0.1501817223987653,0.0005809314637252609,25,10,0
15,4463,0.8536914545028225,5.591007630584132e-05,0.14567254228115512,0.0005800931397160125,25,10,0
15,4464,0.8418650850519747,5.5910269056024684e-05,0.15729711112983955,0.0007818935491295483,25,10,0
15,4465,0.8420135559983113,5.590176113108385e-05,0.15714802507546655,0.0007825171650904406,25,10,0
15,4466,0.843086207920664,5.5427780448643134e-05,0.1560498600225916,0.0008085042762948657,25,10,0
15,4467,0.8499553244023224,5.542096900778155e-05,0.14918028635696431,0.0008089682717048215,25,10,0
15,4468,0.8509416189975633,5.6442841720792756e-05,0.14819401036975496,0.0008079277909599159,25,10,0
15,4469,0.8510884574617812,5.644010870179384e-05,0.14804786958085298,0.0008072328486629569,25,10,0
15,4470,0.8506629071762944,2.9600381005576692e-05,0.1486131321326759,0.0006943603100235021,25,10,0
15,4471,0.8507158660892401,2.9600353660802678e-05,0.14856017318665674,0.0006943603704415615,25,10,0
15,4472,0.8500384290021588,2.9595073306645453e-05,0.14928397579992553,0.0006480001246086897,25,10,0
15,4473,0.8497326428448839,2.9595472040861115e-05,0.14958975962355292,0.0006480020595219014,25,10,0
15,4474,0.8520514959955676,2.9065485552180555e-05,0.1474106095106117,0.0005088290082681528,25,10,0
15,4475,0.8646706222060111,2.9084797417100065e-05,0.13499340150960956,0.00030689148696192375,25,10,0
15,4476,0.8654062447138504,2.7704119163119386e-05,0.13426574366354727,0.0003003075034389891,25,10,0
15,4477,0.8654454079805558,2.770366402977992e-05,0.1342266784410378,0.0003002099143765439,25,10,0
15,4478,0.8647801359359645,4.376533496914742e-05,0.13487456908695,0.0003015296421164363,25,10,0
15,4479,0.8649062098714911,4.3760782254535996e-05,0.13475081205553208,0.00029921729072229683,25,10,0
15,4480,0.8278703597414033,4.377080394560293e-05,0.17178301180563177,0.0003028576490184188,25,10,0
15,4481,0.8289649866931961,4.375103136994559e-05,0.17068840601685106,0.0003028562585820991,25,10,0
15,4482,0.8577821617423992,5.2757375826877286e-05,0.1418767597315045,0.00028832115026911157,25,10,0
15,4483,0.8573746883984057,5.2762537568415e-05,0.14228286573278953,0.00028968333123594834,25,10,0
15,4484,0.857683205866831,5.2762471914797917e-05,0.14197436550234357,0.00028966615891026803,25,10,0
15,4485,0.8677927097706055,4.369984859968641e-05,0.131874706420481,0.0002888839603136436,25,10,0
15,4486,0.8640942023524467,4.369984252896385e-05,0.1355732138620288,0.00028888394299522334,25,10,0
15,4487,0.863859084575843,4.3695464881281685e-05,0.13580826158296544,0.00028895837630982447,25,10,0
15,4488,0.8654797351049044,4.2636002543674814e-05,0.1341937393356765,0.0002838895568750361,25,10,0
15,4489,0.866493853172985,2.6569172237572402e-05,0.13319705541105126,0.0002825222437256087,25,10,0
15,4490,0.9035054129713385,2.655542532734611e-05,0.09618777506987644,0.00028025653345704774,25,10,0
15,4491,0.9033585535941546,2.655568738849883e-05,0.0963345778084075,0.0002803129100488115,25,10,0
15,4492,0.9014623933251587,2.655098891578574e-05,0.09819373367977907,0.00031732200614596794,25,10,0
15,4493,0.9015110052044311,2.655282323603772e-05,0.09814511227054594,0.0003173297017863544,25,10,0
15,4494,0.9089054245094349,2.6317254040996697e-05,0.09080793025077691,0.00026032798574688926,25,10,0
15,4495,0.9080421617509089,2.6338055924077622e-05,0.09167116381714445,0.0002603363760222369,25,10,0
15,4496,0.9070835550457496,2.6339415726308965e-05,0.09262958952543734,0.00026051601308631293,25,10,0
15,4497,0.9044151727519306,2.637799255614649e-05,0.09529756219026508,0.00026088706524767094,25,10,0
15,4498,0.9046791855277094,2.637295790615112e-05,0.0950348756547463,0.00025956585963783434,25,10,0
15,4499,0.9074364840089361,2.6334551183293288e-05,0.09227301699326665,0.00026416444661366516,25,10,0
15,4500,0.9074685517949185,2.6334624380339046e-05,0.09224089913151026,0.0002642144491906029,25,10,0
15,4501,0.9106892543226563,2.6334992807289923e-05,0.0890201012060193,0.00026430947851662954,25,10,0
15,4502,0.9469381914798137,1.8171464521262808e-07,0.05292077056612547,0.00014085623941531317,25,10,0
15,4503,0.9417802717230724,1.7940768283653434e-07,0.05807756409374625,0.00014198477549839464,25,10,0
15,4504,0.9374370744924714,2.464516163153265e-07,0.062420178597656646,0.00014250045825547778,25,10,0
15,4505,0.9306564351413152,2.475880083018207e-07,0.06920064474530897,0.00014267252536735934,25,10,0
15,4506,0.9306572772471656,2.472342655394547e-07,0.06919985221200314,0.00014262330656552558,25,10,0
15,4507,0.932725197389833,2.3910341607568136e-07,0.06713306568199534,0.00014149782475549185,25,10,0
15,4508,0.9393625902059304,2.3488365642059206e-07,0.06056066487328505,7.651003712808267e-05,25,10,0
15,4509,0.9309213917297412,2.393958485280205e-07,0.06900181909364375,7.654978076671738e-05,25,10,0
15,4510,0.8985442295317244,2.7343914630408056e-07,0.07166763419627553,0.02978786283285389,25,10,0
15,4511,0.8984346002241967,2.7333965845617506e-07,0.0717772882484847,0.029787838187660284,25,10,0
15,4512,0.8923114290377134,2.719507069539228e-07,0.07813518919278044,0.029553109818799578,25,10,0
15,4513,0.869484302779492,7.103798788451127e-07,0.10090169440758454,0.02961329243304557,25,10,0
15,4514,0.8356067164532225,6.437570335813553e-07,0.134807746538596,0.02958489325114804,25,10,0
15,4515,0.835274449585576,6.487962936507816e-07,0.13513994829943854,0.029584953318691973,25,10,0
15,4516,0.7997872250673979,2.0902507494147354e-06,0.170625608731844,0.029585075950008,25,10,0
15,4517,0.8254824357852845,1.1139464729705845e-05,0.14492128423331876,0.02958514051666654,25,10,0
15,4518,0.8112112448584275,2.4480445962117735e-05,0.15914659949396667,0.029617675201642782,25,10,0
15,4519,0.7903209406566737,2.4874345284166713e-05,0.18003455448236674,0.029619630515674445,25,10,0
15,4520,0.7530590027589446,2.489178729143075e-05,0.21732812857174022,0.02958797688202224,25,10,0
15,4521,0.7675217387196358,1.1551879167203658e-05,0.2029112620665906,0.02955544733460478,25,10,0
15,4522,0.7712548744471893,1.1504584048353372e-05,0.19917879080583287,0.02955483016292773,25,10,0
15,4523,0.8066213203980921,1.0063130565271768e-05,0.16381390894062364,0.029554707530717844,25,10,0
15,4524,0.825080027251512,1.1812384046236317e-05,0.1454030893738545,0.02950507099058605,25,10,0
15,4525,0.8151113115111903,1.1812168398392668e-05,0.15531319095052334,0.02956368536988665,25,10,0
15,4526,0.8093374950800672,1.1895622693415642e-05,0.1610657177586255,0.029584891538612736,25,10,0
15,4527,0.8358289155921841,1.1894683467082217e-05,0.13457441294235387,0.029584776781993956,25,10,0
15,4528,0.8147718047405962,1.234349130466623e-05,0.15563094611361186,0.02958490565448643,25,10,0
15,4529,0.8112883826066853,1.2421269231610505e-05,0.15790130831691127,0.030797887807171034,25,10,0
15,4530,0.8112854641527006,1.2421275510213839e-05,0.15790422617044422,0.03079788840134421,25,10,0
15,4531,0.8103133143165091,2.3015007825109866e-05,0.1588648488330208,0.030798821842644233,25,10,0
15,4532,0.7921488538774587,5.37123015685942e-05,0.17699854825998654,0.030798885560985506,25,10,0
15,4533,0.8022493464547295,5.372069017635166e-05,0.16695219041204837,0.030744742443045224,25,10,0
15,4534,0.8226717957197871,5.332675671308237e-05,0.14653209024883954,0.03074278727465957,25,10,0
15,4535,0.8265667612905243,5.3322122557260654e-05,0.14263715596960455,0.03074276061731334,25,10,0
15,4536,0.8267444158064202,5.334116516817451e-05,0.1424592221420932,0.03074302088631826,25,10,0
15,4537,0.8269011339775395,5.334521192466096e-05,0.14230250405444567,0.030743016756089953,25,10,0
15,4538,0.7923677110168841,0.00011322263990500397,0.1764905952396918,0.031028471103519126,25,10,0
15,4539,0.7842092604128461,0.00011322285252980037,0.18464807870148825,0.031029438033135837,25,10,0
15,4540,0.7502709423763251,0.00011457012596317482,0.21857967979059875,0.031034807707111946,25,10,0
15,4541,0.7557788089251539,0.00011448886187256274,0.21306766571664004,0.031039036496332842,25,10,0
15,4542,0.7901004591599551,0.00011312766989909682,0.17875399762260685,0.031032415547539213,25,10,0
15,4543,0.7895768237633932,0.00011313266091132229,0.1792749303757196,0.03103511319997616,25,10,0
15,4544,0.7872254016369848,0.00011328222016381131,0.18160940985613286,0.031051906286718847,25,10,0
15,4545,0.7769732038544717,0.00011345558661422196,0.19182935746748472,0.03108398309142952,25,10,0
15,4546,0.7755627665762461,0.00011347509978765151,0.1932395866720561,0.031084171651910065,25,10,0
15,4547,0.7757627452619629,0.00011346741785727752,0.19304386931912668,0.031079918001053076,25,10,0
15,4548,0.8098514277454245,0.00011346448158986095,0.1589551902527657,0.03107991752022008,25,10,0
15,4549,0.8043693195146895,0.00011330311354755753,0.16446638199548033,0.03105099537628144,25,10,0
15,4550,0.8120244143262764,0.00010478359837782532,0.15681690944703822,0.031053892628307232,25,10,0
15,4551,0.8302387139256936,4.493608757854958e-05,0.1389448164654885,0.030771533521239763,25,10,0
15,4552,0.8307842727360202,4.494522859537171e-05,0.16754995735462966,0.0016208246807541086,25,10,0
15,4553,0.830894123508469,4.494517208782973e-05,0.16744009721103473,0.001620834108407731,25,10,0
15,4554,0.8308504819037492,4.494526839118225e-05,0.1674837294107054,0.00162084341715325,25,10,0
15,4555,0.8465467157997708,4.4933385689403326e-05,0.15179064662335856,0.0016177041911814463,25,10,0
15,4556,0.8470876665316182,4.4923500250480996e-05,0.15125238326528812,0.0016150267028434242,25,10,0
15,4557,0.8634611338422732,4.488855176708846e-05,0.13488215204960233,0.001611825556358059,25,10,0
15,4558,0.8633928646599854,4.488854552935777e-05,0.1349504236124444,0.0016118231820413675,25,10,0
15,4559,0.8720465531138349,4.488840010477908e-05,0.12629767612537657,0.0016108823606840936,25,10,0
15,4560,0.8606310546089675,4.510029791225567e-05,0.13771199074860718,0.00161185434451353,25,10,0
15,4561,0.8541018023966364,3.497165659952644e-05,0.14412592744265562,0.0017372985041084425,25,10,0
15,4562,0.858337657386703,3.4892579164598107e-05,0.14110329073091127,0.0005241593032213418,25,10,0
15,4563,0.8696293663099748,3.4885010721094005e-05,0.12981364357082037,0.0005221051084839316,25,10,0
15,4564,0.8703666207827144,3.4844978301858015e-05,0.1290756873337331,0.0005228469052503638,25,10,0
15,4565,0.8703631596723578,3.4844978374599924e-05,0.12907914844405227,0.0005228469052150537,25,10,0
15,4566,0.854460546951055,3.6605762841623385e-05,0.14497994123968247,0.0005229060464208537,25,10,0
15,4567,0.8547356550651268,3.660554461714469e-05,0.14470584582045168,0.000521893569804312,25,10,0
15,4568,0.8479279496742655,3.685855872016841e-05,0.15144683028663403,0.000588361480379971,25,10,0
15,4569,0.8565129785587903,3.68541280521334e-05,0.14286182139189813,0.0005883459212595661,25,10,0
15,4570,0.8415003548881879,3.6861897909978566e-05,0.1578718663392145,0.0005909168746874973,25,10,0
15,4571,0.8376024004590356,3.708873087525548e-05,0.16173920691819288,0.0006213038918957297,25,10,0
15,4572,0.8442762624451015,3.683596245201889e-05,0.15513206470337215,0.0005548368890742393,25,10,0
15,4573,0.8442529611698774,3.683627905256457e-05,0.1551553362705071,0.0005548662805627588,25,10,0
15,4574,0.8718972668841802,3.461370735517637e-05,0.12751334368555148,0.0005547757229129551,25,10,0
15,4575,0.8665179355687723,3.4593900561076767e-05,0.13283289310259364,0.000614577428072808,25,10,0
15,4576,0.8606950421978672,3.4593488192668093e-05,0.13865584182687013,0.0006145224870701613,25,10,0
15,4577,0.8721508878840304,3.438147203712421e-05,0.1272011955992504,0.0006135350446821178,25,10,0
15,4578,0.8672717039765621,3.457023728129073e-05,0.13207847176171802,0.0006152540244385574,25,10,0
15,4579,0.8634403691972564,3.457009477983266e-05,0.13590977611395166,0.0006152845940119864,25,10,0
15,4580,0.8573189389915926,3.457703875684427e-05,0.14203114086970742,0.0006153430999428323,25,10,0
15,4581,0.8574521829281683,3.457679746894516e-05,0.1418978977547494,0.0006153425196131172,25,10,0
15,4582,0.8573265797950284,3.4576967186364705e-05,0.14202347726815506,0.0006153659696298839,25,10,0
15,4583,0.8622756971618766,3.238925463735269e-05,0.1370871381045737,0.000604775478912082,25,10,0
15,4584,0.8624789771219601,3.2389170337522886e-05,0.13688521371914072,0.0006034199885615782,25,10,0
15,4585,0.8630570378407174,3.1833695731018124e-05,0.1363106199187355,0.0006005085448160305,25,10,0
15,4586,0.8569854591319418,3.183776965420163e-05,0.1423217121727722,0.0006609909256316715,25,10,0
15,4587,0.8577557168129347,3.183888430978952e-05,0.14155144484769372,0.0006609994550619378,25,10,0
15,4588,0.8661727209847137,3.183278420855076e-05,0.1331344538635395,0.0006609923675385145,25,10,0
15,4589,0.874084583321266,3.186292228149915e-05,0.1255532585014759,0.0003302952549768458,25,10,0
15,4590,0.8807332538200459,3.1866625400745815e-05,0.11896869266766691,0.00026618688688652534,25,10,0
15,4591,0.8941604411868034,3.189036444441845e-05,0.10554405375848482,0.00026361469026771296,25,10,0
15,4592,0.9233519938362167,3.1856334334051744e-05,0.07635252795926432,0.000263621870185324,25,10,0
15,4593,0.9175875610583637,3.781367800930103e-05,0.08214084251182684,0.0002337827518007521,25,10,0
15,4594,0.9169767134578842,3.781378279626509e-05,0.08267539000942845,0.0003100827498915443,25,10,0
15,4595,0.935178840105539,7.117343544837434e-06,0.06450403917191465,0.00031000337900185984,25,10,0
15,4596,0.9348137698758033,7.1175734819238445e-06,0.06486908834143719,0.00031002420927761504,25,10,0
15,4597,0.9442676937576371,9.335508020923933e-07,0.0554218431049319,0.00030952958662897485,25,10,0
15,4598,0.9467908898175831,7.816312555690912e-07,0.05294108278582733,0.0002672457653337658,25,10,0
15,4599,0.9483873778816136,7.486723312229133e-07,0.05134462637830526,0.00026724706774970106,25,10,0
15,4600,0.913863664984504,7.486996689210778e-07,0.0859446769256666,0.0001909093901606907,25,10,0
15,4601,0.9090181822725598,7.61890472656401e-07,0.09079010246163959,0.0001909533753282145,25,10,0
15,4602,0.9086657349390878,7.732583527963167e-07,0.09113946434380336,0.00019402745875643263,25,10,0
15,4603,0.9077021176930491,8.124360597157218e-07,0.09180116082030546,0.0004959090505857293,25,10,0
15,4604,0.9030866210254764,8.265000097951936e-07,0.09637362930089917,0.0005389231736141706,25,10,0
15,4605,0.904265995791105,8.113294510893323e-07,0.09519833726378399,0.0005348556156594233,25,10,0
15,4606,0.9014732701230197,1.5559523532532623e-06,0.0979867789206884,0.0005383950039381938,25,10,0
15,4607,0.9075392878144269,1.551909645426083e-06,0.091981238802027,0.00047792147390075357,25,10,0
15,4608,0.9125884116120596,2.6947065081000834e-06,0.08693108297551348,0.00047781070591916357,25,10,0
15,4609,0.9170748201024272,2.680736411522456e-06,0.08248770283580109,0.0004347963253605066,25,10,0
15,4610,0.9176975015912748,2.6601036984032294e-06,0.08186523968455565,0.00043459862047136213,25,10,0
15,4611,0.915931215610814,2.2913798093696576e-06,0.08363541536916003,0.00043107764021696747,25,10,0
15,4612,0.9157199664287536,2.291716105712274e-06,0.08384547400782759,0.0004322678473136553,25,10,0
15,4613,0.9163015397668309,1.1480368727691468e-06,0.08326241275359189,0.0004348994427050732,25,10,0
15,4614,0.9067019857851831,1.7704004854216521e-06,0.09285836127616974,0.0004378825381618623,25,10,0
15,4615,0.9063491808303088,1.773707225004345e-06,0.09320866771683377,0.0004403777456326122,25,10,0
15,4616,0.9081352558414427,1.7352422801682673e-06,0.09142179803554314,0.0004412108807341281,25,10,0
15,4617,0.9078007842733541,1.7364371525921356e-06,0.09175617515209916,0.00044130413739425635,25,10,0
15,4618,0.9078026058729958,1.7362536729741094e-06,0.09175437917193253,0.000441278701399301,25,10,0
15,4619,0.9237900365266222,2.748332726285377e-05,0.07573898748630362,0.00044349265981199023,25,10,0
15,4620,0.9244497282023416,2.7482983508704777e-05,0.07508204224738865,0.0004407465667617824,25,10,0
15,4621,0.9190733709377535,2.748933621999131e-05,0.08045845860428949,0.0004406811217378662,25,10,0
15,4622,0.8870104898476572,2.7345106536785097e-05,0.09922540983576134,0.013736755210045162,25,10,0
15,4623,0.8954806886856241,2.672362466078104e-05,0.0907538556547548,0.013738732034961319,25,10,0
15,4624,0.8951974627405204,2.6723124506301405e-05,0.09103708385816953,0.01373873027680473,25,10,0
15,4625,0.8952297587089252,2.672301208284539e-05,0.09100482571230735,0.013738692566685378,25,10,0
15,4626,0.8977100374389134,2.67223230655847e-05,0.08852464109184853,0.01373859914617332,25,10,0
15,4627,0.861937383335311,2.672275848916298e-05,0.12429718467468608,0.013738709231513513,25,10,0
15,4628,0.8608771907964479,2.6742720177432127e-05,0.12535685986032943,0.013739206623045098,25,10,0
15,4629,0.8606796663310093,2.6828189423316037e-05,0.12555387633453935,0.013739629145028045,25,10,0
15,4630,0.860957416413574,2.6827914855177775e-05,0.12527711943141162,0.013738636240159306,25,10,0
15,4631,0.8622942045284803,2.6827302664630333e-05,0.12394528799621772,0.013733680172637491,25,10,0
15,4632,0.8560713377703851,2.6827481499311518e-05,0.1301681141059893,0.013733720642126636,25,10,0
15,4633,0.8534367248525793,2.8756127387832075e-05,0.11571585540125451,0.030818663618778618,25,10,0
15,4634,0.8534432182253568,2.87562194626653e-05,0.11570938532213582,0.030818640233044745,25,10,0
15,4635,0.8531764735291928,2.8756089726784105e-05,0.1159761166585707,0.030818653722510168,25,10,0
15,4636,0.8526466887089534,2.8756394862696875e-05,0.11650580400668438,0.030818750889499768,25,10,0
15,4637,0.8516906565689841,2.875639182302478e-05,0.11746183733154063,0.030818749707652672,25,10,0
15,4638,0.8563040307154847,2.639877019412661e-06,0.10695016939549934,0.036743160011996935,25,10,0
15,4639,0.8569696490850888,1.2559610402412902e-05,0.10622741667996015,0.036790374624549094,25,10,0
15,4640,0.8576010945544319,1.2585429991900199e-05,0.10558920442441902,0.0367971155911577,25,10,0
15,4641,0.853930048359216,1.2590892237621654e-05,0.10926046320197305,0.03679689754657347,25,10,0
15,4642,0.852603209809506,1.259037176412374e-05,0.11058735134859778,0.03679684847013245,25,10,0
15,4643,0.8649736865944244,2.499770825674706e-05,0.10413006636438947,0.030871249332929968,25,10,0
15,4644,0.8759137038267737,2.4990422528837777e-05,0.09318946466752452,0.030871841083173642,25,10,0
15,4645,0.8526758353464424,1.2577480055271225e-05,0.11644056455634173,0.0308710226171609,25,10,0
15,4646,0.8564553881767519,1.2577493298585564e-05,0.11265834630089147,0.03087368802905807,25,10,0
15,4647,0.8632940977071759,1.2114803809929709e-05,0.10594603498244243,0.030747752506571288,25,10,0
15,4648,0.8632910938365483,1.2114964178231065e-05,0.10594902170321091,0.030747769496061787,25,10,0
15,4649,0.8749492345659582,1.2101571333205435e-05,0.09429089605975437,0.030747767802953657,25,10,0
15,4650,0.8749625229699529,1.2101536040556725e-05,0.09427761671800036,0.03074775877600511,25,10,0
15,4651,0.8759912041534362,1.2086709855748132e-05,0.09324942278259268,0.030747286354114268,25,10,0
15,4652,0.8374880897066782,1.2087788499055309e-05,0.13175240135995675,0.030747421144865807,25,10,0
15,4653,0.8373028278800676,1.208779520787891e-05,0.13193766287644648,0.0307474214482777,25,10,0
15,4654,0.8307434773279234,1.2085926423324141e-05,0.13843386035906785,0.030810576386584954,25,10,0
15,4655,0.833595848636035,1.2079865052698245e-05,0.13558135928685366,0.030810712212058274,25,10,0
15,4656,0.8334654204295348,1.2079806060778923e-05,0.13571175589121018,0.030810743873193987,25,10,0
15,4657,0.833243733344998,1.2242452727025062e-05,0.13593321689958324,0.030810807302691572,25,10,0
15,4658,0.8625885304500521,1.2426442371356234e-05,0.10659504976407605,0.03080399334350016,25,10,0
15,4659,0.9005776454565099,1.2425725048873742e-05,0.06860606894714898,0.0308038598712923,25,10,0
15,4660,0.9005711552264769,1.2425677012221546e-05,0.06861256060620241,0.030803858490308565,25,10,0
15,4661,0.90006235814471,1.2426568604671662e-05,0.06912131080268676,0.03080390448399882,25,10,0
15,4662,0.9005639299488202,1.2426309690872499e-05,0.06861973821782687,0.030803905523662266,25,10,0
15,4663,0.902383574116608,1.2426201835927047e-05,0.06680014469222215,0.030803854989334013,25,10,0
15,4664,0.9021406244078828,1.2426295631332593e-05,0.06704573912291213,0.0308012101735738,25,10,0
15,4665,0.9000342548948338,1.2621003899649168e-05,0.06915050071728307,0.030802623383983443,25,10,0
15,4666,0.8998854222286268,1.2621355631130688e-05,0.06929795351452411,0.0308040029012181,25,10,0
15,4667,0.8906093044582726,1.2589631105799093e-05,0.07881974878884587,0.030558357121775778,25,10,0
15,4668,0.8909794018859358,1.2574984204676877e-05,0.07844972270375218,0.030558300426107684,25,10,0
15,4669,0.8917071401466381,1.2412589365930753e-05,0.07772218580497552,0.030558261459020613,25,10,0
15,4670,0.8851449073817023,2.4479316786053146e-05,0.0842714702783272,0.030559143023184333,25,10,0
15,4671,0.8847107001844902,2.449543799034637e-05,0.08470934026378933,0.030555464113729953,25,10,0
15,4672,0.8848358676490258,2.4495341377347104e-05,0.08458417336899388,0.030555463640602777,25,10,0
15,4673,0.8886185825448814,2.430463261411469e-05,0.08079638639130429,0.030560726431200055,25,10,0
15,4674,0.8992733522621819,2.4297184339061808e-05,0.07019778873634554,0.030504561817133666,25,10,0
15,4675,0.9018171581973735,2.412007546397225e-05,0.0676555359966616,0.0305031857305011,25,10,0
15,4676,0.901527427990975,2.4120068907900307e-05,0.06794526651533264,0.030503185424784997,25,10,0
15,4677,0.9013436735331021,2.412304911466349e-05,0.06812862167211171,0.03050358174567188,25,10,0
15,4678,0.9087487798333155,1.2061340394265202e-05,0.06073659302624683,0.03050256580004367,25,10,0
15,4679,0.9089925446575716,1.206638874261801e-05,0.0604928703308689,0.030502518622817117,25,10,0
15,4680,0.9093153012877534,1.206613378303e-05,0.060170135680718856,0.030502496897745077,25,10,0
15,4681,0.9034273487665962,1.2069523201924198e-05,0.0660569148448237,0.030503666865378403,25,10,0
15,4682,0.9332552941242733,1.2068238052292383e-05,0.0362291755650624,0.03050346207261211,25,10,0
15,4683,0.9332714490676236,1.206813286127874e-05,0.03621302351901618,0.030503459280499225,25,10,0
15,4684,0.9383963271874068,1.2538542564918133e-05,0.031149203969894703,0.03044193030013392,25,10,0
15,4685,0.9392225318596039,1.056524416933099e-05,0.06070760501305621,5.9297883171398954e-05,25,10,0
15,4686,0.9383886673736234,1.057928293543211e-05,0.06154133486476778,5.9418478673969405e-05,25,10,0
15,4687,0.9277354103758967,1.0559428220664028e-05,0.07219461835449566,5.941184138726597e-05,25,10,0
15,4688,0.927488068299786,1.0564828023229285e-05,0.07244195151843794,5.9415353753244e-05,25,10,0
15,4689,0.9326722748345213,6.497676537164173e-07,0.06731366210093462,1.341329689096842e-05,25,10,0
15,4690,0.9300968836818041,8.105265795569161e-07,0.06988710824364334,1.5197547973734373e-05,25,10,0
15,4691,0.9302541496190762,8.104869682325146e-07,0.06972987585802431,1.5164035931774787e-05,25,10,0
15,4692,0.9183600032364165,1.194058182562141e-06,0.08162272490723346,1.6077798167844266e-05,25,10,0
15,4693,0.8931316670286771,1.2075844662047334e-06,0.10106767336587394,0.005799452020982201,25,10,0
15,4694,0.9158915919390875,1.2077866265647189e-06,0.07830782729961261,0.00579937297467368,25,10,0
15,4695,0.9397497956752104,1.1956191333010525e-06,0.060217634762642434,3.137394301434934e-05,25,10,0
15,4696,0.9392931142266383,1.1959842742603618e-06,0.06067431256893989,3.137722014777455e-05,25,10,0
15,4697,0.951341074058439,8.071821226774333e-07,0.048627679651294456,3.0439108144106755e-05,25,10,0
15,4698,0.9513502709745643,8.071803372041886e-07,0.04861848401025254,3.0437834846143673e-05,25,10,0
15,4699,0.9645223604912107,8.913247745230022e-07,0.035435346876978586,4.140130703624963e-05,25,10,0
15,4700,0.9587887584156164,8.876458988541706e-07,0.04116933264372689,4.102129475811419e-05,25,10,0
15,4701,0.9550203424320176,1.04521001466145e-06,0.04494738810457728,3.122425339038321e-05,25,10,0
15,4702,0.957175366516758,8.926012382760837e-07,0.042793178858610455,3.0562023393371004e-05,25,10,0
15,4703,0.9511934199940174,8.926738343096223e-07,0.04877401916119508,3.166817095321408e-05,25,10,0
15,4704,0.9511694170953209,8.929413840016496e-07,0.04879799711917868,3.169284411660332e-05,25,10,0
15,4705,0.9438929639541178,6.753970176600177e-06,0.056040592360933165,5.9689714772495664e-05,25,10,0
15,4706,0.9273506742447003,6.279894273212363e-06,0.0725856369070747,5.740895395186978e-05,25,10,0
15,4707,0.9208749230467765,6.271751161204177e-06,0.07906251757142596,5.6287630636561125e-05,25,10,0
15,4708,0.9205260892119119,6.4047963751952396e-06,0.07941043714655738,5.706884515556358e-05,25,10,0
15,4709,0.9203045945260458,7.447966600953352e-06,0.07963132124805301,5.663625930013088e-05,25,10,0
15,4710,0.8961133659235958,7.474577047976407e-06,0.10381529285240182,6.38666469547521e-05,25,10,0
15,4711,0.8852337419630928,1.6319892882026667e-06,0.1147286503367147,3.597571090464768e-05,25,10,0
15,4712,0.8849373500582911,1.9112970069555435e-06,0.11502336919595697,3.736944874550339e-05,25,10,0
15,4713,0.9025380384123209,1.9110757295689242e-06,0.09742259124080946,3.7459271140463185e-05,25,10,0
15,4714,0.8858134382919851,1.9074659973718705e-06,0.11414576346362228,3.889077839581403e-05,25,10,0
15,4715,0.866517939925339,1.918350565486883e-06,0.13324172970024126,0.00023841202385510205,25,10,0
15,4716,0.8563568728333462,1.914092729685608e-06,0.14333515879069178,0.0003060542832332648,25,10,0
15,4717,0.8622237893901763,1.9140116628693666e-06,0.13746934886893256,0.00030494772922918335,25,10,0
15,4718,0.8624515465129258,1.9020785944474132e-06,0.13716456943437277,0.0003819819741078246,25,10,0
15,4719,0.8676310029781342,1.8852417206463508e-06,0.1319863126715907,0.0003807991085552678,25,10,0
15,4720,0.8671243509128095,1.8852449383881913e-06,0.1324916025169193,0.0003821613253339705,25,10,0
15,4721,0.8854095938898112,1.8615255650375663e-06,0.11420644080723528,0.00038210377738961537,25,10,0
15,4722,0.8563684242216474,6.154504401446027e-05,0.1429025142328682,0.0006675165014710332,25,10,0
15,4723,0.8473514918146509,6.998522309946913e-05,0.15186621339258197,0.000712309569668615,25,10,0
15,4724,0.8476694778761007,6.98997571586602e-05,0.15154873458017293,0.0007118877865687663,25,10,0
15,4725,0.846325242127666,7.088862284824274e-05,0.1528925787405545,0.0007112905089319832,25,10,0
15,4726,0.8464507846454303,7.088862234254725e-05,0.1527670367743375,0.0007112899578904058,25,10,0
15,4727,0.8476580425799792,6.97670722876345e-05,0.15156108469887072,0.0007111056488630367,25,10,0
15,4728,0.8475647140984391,6.976681160472814e-05,0.15165443702149298,0.0007110820684638107,25,10,0
15,4729,0.8480941840330865,6.872193026429432e-05,0.15112601998310912,0.000711074053540653,25,10,0
15,4730,0.8575067018307538,6.028137414069565e-05,0.14176679492108563,0.0006662218740204802,25,10,0
15,4731,0.8567550390391567,6.0282093702161674e-05,0.14251834716437708,0.000666331702764574,25,10,0
15,4732,0.8636527882733173,6.02820835263541e-05,0.1356205982274634,0.0006663314156936762,25,10,0
15,4733,0.8742888665997485,6.027540407685675e-05,0.12503852730105608,0.0006123306951193096,25,10,0
15,4734,0.8659745056613011,6.027642185980157e-05,0.133365529798398,0.0005996881184415948,25,10,0
15,4735,0.8655146381173648,6.027639708869954e-05,0.1338254945740241,0.0005995909115229147,25,10,0
15,4736,0.8659962146680852,6.027571286068276e-05,0.13334391999602835,0.000599589623026371,25,10,0
15,4737,0.8659948932262682,6.027575924564708e-05,0.1333452418639695,0.0005995891505171283,25,10,0
15,4738,0.8301364104348156,6.268370790452143e-05,0.16920111099773488,0.0005997948595460322,25,10,0
15,4739,0.8385579688381287,6.267969276374657e-05,0.1607801798152245,0.0005991716538834814,25,10,0
15,4740,0.8706453542434968,6.265311553324164e-05,0.12870004083029044,0.0005919518106802376,25,10,0
15,4741,0.8679937455002915,6.280056869663359e-05,0.1313502300292577,0.0005932239017548042,25,10,0
15,4742,0.8683504057935386,6.280071227010846e-05,0.13099353098583721,0.0005932625083548932,25,10,0
15,4743,0.8635150520489812,6.300499999127118e-05,0.1358281272701685,0.0005938156808602542,25,10,0
15,4744,0.8940874679212168,3.096488490038571e-06,0.10560104816535879,0.0003083874249351788,25,10,0
15,4745,0.8975433924202553,3.0998744872748157e-06,0.10214425360449857,0.000309254100759792,25,10,0
15,4746,0.8966863961092971,3.0974770135323364e-06,0.10300201516572806,0.00030849124796209995,25,10,0
15,4747,0.8964467906501613,2.9517080084413582e-06,0.10324306279846855,0.00030719484336254056,25,10,0
15,4748,0.9191331870507744,2.9467566561406835e-06,0.08055925112382363,0.0003046150687457017,25,10,0
15,4749,0.8865176109766054,2.9475843709177333e-06,0.11316418001280862,0.0003152614262162418,25,10,0
15,4750,0.9122515370143972,2.946785981118086e-06,0.08743970751171283,0.00030580868790983605,25,10,0
15,4751,0.9153619561680009,2.950343004528136e-06,0.08432793326393317,0.0003071602250618528,25,10,0
15,4752,0.9120256913456228,3.039178722417904e-06,0.08766388622482102,0.0003073832508346065,25,10,0
15,4753,0.9098180389109001,3.056566132518295e-06,0.08986722517747038,0.00031167934549774444,25,10,0
15,4754,0.9101026274554175,3.056110685155577e-06,0.08958406537714653,0.0003102510567515295,25,10,0
15,4755,0.9110591094974191,3.0557599917193015e-06,0.08862749865864475,0.00031033608394463556,25,10,0
15,4756,0.9104429187755477,4.141272844881025e-06,0.08924241364827937,0.0003105263033285389,25,10,0
15,4757,0.9054804846718066,4.147982499208664e-06,0.09420491292187164,0.0003104544238228431,25,10,0
15,4758,0.9055509130684247,4.142750380685158e-06,0.09413584004974677,0.0003091041314480977,25,10,0
15,4759,0.9054025830105307,4.4309673306809386e-06,0.09428252508522343,0.00031046093691546923,25,10,0
15,4760,0.8962500548515504,4.686159832438346e-06,0.10336587698739035,0.0003793820012271041,25,10,0
15,4761,0.8959928981842843,4.691706707287642e-06,0.1036225204689016,0.000379889640107104,25,10,0
15,4762,0.929952479762219,2.307461796209837e-06,0.06965804135526094,0.00038717142072457764,25,10,0
15,4763,0.9068340941780677,2.323459760048265e-06,0.09253405098585349,0.0006295313763187136,25,10,0
15,4764,0.9067212876235657,2.3319507137249375e-06,0.09264796843832235,0.0006284119873983054,25,10,0
15,4765,0.9067132634095708,2.332042127162398e-06,0.09265599157058561,0.0006284129777164518,25,10,0
15,4766,0.8966446374704593,2.405959347419185e-06,0.1016390828319615,0.0017138737382320218,25,10,0
15,4767,0.8862233016486911,3.0469623972543022e-06,0.11186161887020747,0.001912032518704653,25,10,0
15,4768,0.8745197424989756,3.4705046142081046e-06,0.12356367487370712,0.0019131121227034954,25,10,0
15,4769,0.8756605636168632,3.4733203842106864e-06,0.12242294056199532,0.0019130225007577086,25,10,0
15,4770,0.8778415356813298,3.4537431118017665e-06,0.12024730346398942,0.001907707111569743,25,10,0
15,4771,0.8660461859361089,3.879941223257021e-06,0.13200371293330052,0.0019462211893679976,25,10,0
15,4772,0.8506408646993624,1.4457577074373188e-05,0.14763992980930682,0.0017047479142567872,25,10,0
15,4773,0.850144919301172,1.4958837043470759e-05,0.1481330070622748,0.0017071147995101166,25,10,0
15,4774,0.84953123619526,1.5001527859855589e-05,0.14813298499001498,0.0023207772868653505,25,10,0
15,4775,0.8497099075720985,1.4996073101464728e-05,0.1479548499531874,0.0023202464016127715,25,10,0
15,4776,0.8498040497936521,1.4707936710187685e-05,0.14786097143376487,0.002320270835873035,25,10,0
15,4777,0.8823911159541317,4.127139006678119e-06,0.11528421470690668,0.0023205421999554403,25,10,0
15,4778,0.893701396275553,3.700962119973255e-06,0.10401287101094064,0.0022820317513866607,25,10,0
15,4779,0.8854542263660835,0.0011762963756441413,0.11108571753514415,0.002283759723128603,25,10,0
15,4780,0.8607220557289585,0.0011755942254440045,0.13601684044599632,0.0020855095996011536,25,10,0
15,4781,0.8608659914014806,0.0011755903852610008,0.1358729330255446,0.002085485187713852,25,10,0
15,4782,0.8577527801572203,0.0011765809679378223,0.1389804987134209,0.0020901401614206567,25,10,0
15,4783,0.8577637143259834,0.001176580910000866,0.13897095513452593,0.0020887496294895082,25,10,0
15,4784,0.858247924878573,0.001176580886069737,0.13848674866206154,0.0020887455732952914,25,10,0
15,4785,0.8628618527824934,0.0011765744349906547,0.13387281934538373,0.002088753437132083,25,10,0
15,4786,0.8661105144455729,0.0011755837025290072,0.130629841878887,0.0020840599730110594,25,10,0
15,4787,0.8672319119360219,0.0011750868446852474,0.12951133837385653,0.002081662845436259,25,10,0
15,4788,0.8673496462971393,0.0011750868082317347,0.12939360329450722,0.0020816636001217887,25,10,0
15,4789,0.859186623937802,0.0011743643799455162,0.13755451651830783,0.002084495163944347,25,10,0
15,4790,0.8595834997111959,0.0011743641123819137,0.13715766546781416,0.0020844707086076115,25,10,0
15,4791,0.8591430916367567,0.0011743740324131283,0.13759797049980993,0.0020845638310198144,25,10,0
15,4792,0.8593913835655945,0.0011743670825870205,0.1374268754558271,0.002007373895990689,25,10,0
15,4793,0.8204779904841196,0.001175936762043402,0.17633842569529345,0.00200764705854285,25,10,0
15,4794,0.8206616218158935,0.0011756571330301428,0.17615517066998546,0.0020075503810903905,25,10,0
15,4795,0.8201731043922484,0.0011756571691606851,0.17664367706179834,0.0020075613767923358,25,10,0
15,4796,0.8200704208539232,3.0667904030080756e-06,0.17792065218058797,0.0020058601750853663,25,10,0
15,4797,0.8215910334934583,3.043093300660767e-06,0.17640754981648457,0.0019983735967563066,25,10,0
15,4798,0.7991230751865591,2.349437487664179e-05,0.1987586679904234,0.002094762448140304,25,10,0
15,4799,0.7981147305464278,2.3494702147510174e-05,0.19976687090132914,0.002094903850095103,25,10,0
15,4800,0.8068426169674318,2.315028115877573e-05,0.19103737925157369,0.0020968534998353707,25,10,0
15,4801,0.8355130473436716,2.312604843306963e-05,0.1623670867730183,0.002096739834876961,25,10,0
15,4802,0.8376110881073501,2.3081984844779592e-05,0.16089820032950083,0.0014676295783042827,25,10,0
15,4803,0.8299643160175991,2.3315964643610324e-05,0.1685436583169011,0.0014687097008560543,25,10,0
15,4804,0.846162756555436,2.2688911106878945e-05,0.1523487012611157,0.001465853272340691,25,10,0
15,4805,0.8461818679107015,2.2669896750547153e-05,0.15233456661880176,0.001460895573745625,25,10,0
15,4806,0.8461924312393423,2.2669803636966163e-05,0.1523240038068072,0.0014608951502132633,25,10,0
15,4807,0.8656359796637624,2.2654204588974363e-05,0.1330802427073781,0.0012611234242700844,25,10,0
15,4808,0.8278397939210137,2.2657351752619396e-05,0.1708764186165009,0.0012611301107323578,25,10,0
15,4809,0.8416532004056986,2.2659707519189128e-05,0.1570610598127753,0.0012630800740064607,25,10,0
15,4810,0.8420668206012804,2.264980627716666e-05,0.15664754197820943,0.0012629876142327093,25,10,0
15,4811,0.8583626787240489,2.43974833483218e-06,0.1404038492610226,0.0012310322665933866,25,10,0
15,4812,0.8647801020954575,2.1934449990212363e-06,0.13405240643368005,0.0011652980258627617,25,10,0
15,4813,0.8644538283353552,2.1985757239856793e-06,0.13437865131021906,0.0011653217787013235,25,10,0
15,4814,0.8740835290806441,2.2029014556120427e-06,0.12474890048979548,0.0011653675281045944,25,10,0
15,4815,0.8739748049100946,2.194792163866891e-06,0.12485759928511404,0.001165401012627329,25,10,0
15,4816,0.8744487473437687,2.1872798733833395e-06,0.12438564753611267,0.001163417840244887,25,10,0
15,4817,0.9120727581553733,2.2046817266140136e-06,0.08676161229374219,0.0011634248691574573,25,10,0
15,4818,0.9122235881444896,2.2047893970130583e-06,0.08661070498833656,0.0011635020777764674,25,10,0
15,4819,0.8938600221384163,2.2530218288129677e-06,0.10439872720543907,0.0017389976343151906,25,10,0
15,4820,0.8944221011679339,2.2530092961395107e-06,0.10383666517345405,0.0017389806493152673,25,10,0
15,4821,0.9001889212204429,2.4696148821061777e-06,0.0980696729002713,0.0017389362644039195,25,10,0
15,4822,0.8977915420418348,6.65835238813616e-06,0.10044264414393106,0.001759155461846236,25,10,0
15,4823,0.8918911561288978,6.667049391233617e-06,0.10634305739269098,0.0017591194290200302,25,10,0
15,4824,0.9018443240128523,6.719646285965128e-06,0.09696406026369613,0.0011848960771657193,25,10,0
15,4825,0.8874044582601089,6.728585897823294e-06,0.11124990492930832,0.001338908224684823,25,10,0
15,4826,0.8843770046039908,6.710381570662021e-06,0.11443140172973976,0.0011848832846985925,25,10,0
15,4827,0.8843507397753804,6.712299635453676e-06,0.11445664409614402,0.0011859038288400724,25,10,0
15,4828,0.8765941537723392,4.684096994540469e-05,0.12216972990249207,0.0011892753552236433,25,10,0
15,4829,0.8749391858373383,4.6934782326664654e-05,0.12382372355001464,0.0011901558303208672,25,10,0
15,4830,0.8754140654297653,4.686446142784045e-05,0.12443343683291712,0.00010563327589014421,25,10,0
15,4831,0.8378486800321272,4.686528374542729e-05,0.16199852115536978,0.00010593352875777243,25,10,0
15,4832,0.8339244514716673,4.6872686747490914e-05,0.16592127030878104,0.00010740553280444124,25,10,0
15,4833,0.8300266518267913,4.6877240121709766e-05,0.1698188603016431,0.00010761063144406283,25,10,0
15,4834,0.831058513382835,4.6876943556176046e-05,0.16878714030852265,0.0001074693650862738,25,10,0
15,4835,0.831551630404814,4.6876910606704234e-05,0.16829403407951843,0.0001074586050610181,25,10,0
15,4836,0.8314516620798154,4.68717961722115e-05,0.16839408667704825,0.00010737944696409069,25,10,0
15,4837,0.8628336522044817,5.849638397833762e-05,0.13693781505579752,0.00017003635574188954,25,10,0
15,4838,0.870611100925836,5.826240365110708e-05,0.12916170520066114,0.00016893146985113064,25,10,0
15,4839,0.8588567904493257,6.954737942313613e-05,0.14090425821206554,0.00016940395918519182,25,10,0
15,4840,0.8486059152842829,6.95473781282806e-05,0.15115513274415154,0.00016940459343647466,25,10,0
15,4841,0.8649248911981742,6.958969576947139e-05,0.13483584692481354,0.00016967218124207004,25,10,0
15,4842,0.8688775620154651,6.958065854208944e-05,0.13088562888009833,0.0001672284458937668,25,10,0
15,4843,0.8802050993037746,6.931330519080913e-05,0.11963155107979521,9.403631123888973e-05,25,10,0
15,4844,0.8775977490333564,6.981651768285269e-05,0.12210373979116501,0.00022869465779516642,25,10,0
15,4845,0.8893176360014816,5.881452520440741e-05,0.11039450875090986,0.00022904072240365593,25,10,0
15,4846,0.8959214291738808,5.880654722212911e-05,0.10379079313704968,0.00022897114184714337,25,10,0
15,4847,0.8952009071027188,5.9016241447824725e-05,0.10450886130416732,0.000231215351665769,25,10,0
15,4848,0.8891716726365825,5.9016320664040716e-05,0.1105380673725851,0.0002312436701681296,25,10,0
15,4849,0.8941770766192124,4.5841424624039195e-05,0.10560856328677141,0.00016851866939198882,25,10,0
15,4850,0.9016135796158277,5.944915452510978e-06,0.09821420251559791,0.000166272953121889,25,10,0
15,4851,0.8974778267642504,5.707809365287006e-06,0.10234933132558784,0.00016713410079647836,25,10,0
15,4852,0.8975990465028016,5.4804678236281225e-06,0.102229432596262,0.00016604043311283108,25,10,0
15,4853,0.8809714407851544,8.546492630072542e-06,0.1188486229848959,0.00017138973731921817,25,10,0
15,4854,0.8805725303506959,8.54637538120411e-06,0.11924753453353999,0.00017138874038255078,25,10,0
15,4855,0.889311105779249,8.552501784919231e-06,0.11046585211700513,0.00021448960196063252,25,10,0
15,4856,0.9226243685959752,8.653878005827988e-06,0.07715219437804861,0.00021478314797022756,25,10,0
15,4857,0.922355261340877,8.654031514548706e-06,0.07742004842651967,0.00021603620108859488,25,10,0
15,4858,0.9226091092428763,8.653482837101024e-06,0.07716620686807167,0.00021603040621476035,25,10,0
15,4859,0.9310252077187013,8.552469260883319e-06,0.06875147018995033,0.00021476962208707517,25,10,0
15,4860,0.9317336853285936,8.342740104978951e-06,0.0680454464933295,0.00021252543797168865,25,10,0
15,4861,0.9240244919553773,8.348280942453336e-06,0.07575465527176646,0.00021250449191346433,25,10,0
15,4862,0.934261800430655,8.348456078436812e-06,0.0655173229913143,0.00021252812195206823,25,10,0
15,4863,0.9294515774440789,8.367203149977727e-06,0.07032735208548241,0.00021270326728881926,25,10,0
15,4864,0.9302423578834892,8.357517380880525e-06,0.06958061868590024,0.0001686659132297967,25,10,0
15,4865,0.9294883177738623,8.075546559683872e-06,0.07033610463064316,0.00016750204893496647,25,10,0
15,4866,0.9288827334251686,8.074933331124608e-06,0.07093651354537421,0.00017267809612624463,25,10,0
15,4867,0.9175564864644309,8.082383603888177e-06,0.08226278092968366,0.00017265022228154484,25,10,0
15,4868,0.9177022055651453,8.082383533844237e-06,0.0821170618408652,0.00017265021045573657,25,10,0
15,4869,0.9309932141015977,5.155798237111663e-06,0.06665598551360524,0.002345644586559629,25,10,0
15,4870,0.9309894003489346,5.155799236420774e-06,0.06665979734394774,0.002345646507881079,25,10,0
15,4871,0.9216495027531529,5.1372236383655795e-06,0.07599971255072104,0.002345647472487521,25,10,0
15,4872,0.9225360422255534,9.690796909090101e-07,0.07513734089311211,0.002325647801643328,25,10,0
15,4873,0.9219322814617955,9.78268277591529e-07,0.07573982734360954,0.0023269129263171133,25,10,0
15,4874,0.8992899079828746,9.82702699828354e-07,0.09838221451320933,0.0023268948012163423,25,10,0
15,4875,0.9013152545224891,4.979927445466925e-07,0.09649182250293303,0.002192424981833413,25,10,0
15,4876,0.901070411326441,5.016905149772932e-07,0.0967365929045783,0.0021924940784659526,25,10,0
15,4877,0.8777581181713283,1.1242588329855562e-06,0.12222498408157373,1.577348826445839e-05,25,10,0
15,4878,0.8715668826339669,1.374106378812362e-06,0.12841477449234578,1.6968767308485495e-05,25,10,0
15,4879,0.8939783102930882,1.3722450336854783e-06,0.10600087685190562,1.9440609972271234e-05,25,10,0
15,4880,0.8955396933237985,1.3192581493506311e-06,0.10443964022762406,1.934719042768866e-05,25,10,0
15,4881,0.8897975405139779,1.3186344418972875e-06,0.11018197009423653,1.917075734344271e-05,25,10,0
15,4882,0.8914446250423324,1.3179083478421716e-06,0.10854023665426092,1.3820395058688882e-05,25,10,0
15,4883,0.8920445866124527,1.3087196734442925e-06,0.10794154939381599,1.255527405776683e-05,25,10,0
15,4884,0.8926991727249606,1.3040494466648054e-06,0.10728944165140726,1.008157418532032e-05,25,10,0
15,4885,0.8959123787770803,2.299953188298765e-06,0.10407506848637867,1.0252783352587606e-05,25,10,0
15,4886,0.8957663244802926,2.195919116407864e-06,0.10422228211284508,9.197487745679872e-06,25,10,0
15,4887,0.8959947347353372,2.1962563906749536e-06,0.1039938133951419,9.255613129713137e-06,25,10,0
15,4888,0.8952423976093975,2.196284133588248e-06,0.1047461508277937,9.255278674644325e-06,25,10,0
15,4889,0.8767497856016679,2.2081530908249755e-06,0.12323989806183976,8.108183401284164e-06,25,10,0
15,4890,0.899958089006852,1.6972544432066312e-06,0.09996882037441573,7.139336428894517e-05,25,10,0
15,4891,0.9223648711106943,1.7084148694124954e-06,0.07756195233721458,7.14681372218773e-05,25,10,0
15,4892,0.8889113888800914,0.000829874180147082,0.11011822440941162,0.00014051253034973876,25,10,0
15,4893,0.8889160386456056,0.0008895732867922779,0.11004896750152621,0.00014542056607576512,25,10,0
15,4894,0.895230583115548,0.0008893238210169964,0.1037358918523668,0.00014420121106780958,25,10,0
15,4895,0.8952282650004575,0.0008893239090828997,0.10373822200406543,0.0001441890863933152,25,10,0
15,4896,0.9288974646307387,6.115880243327091e-05,0.07096621944128934,7.515712553908043e-05,25,10,0
15,4897,0.9352529061607,6.11551170201485e-05,0.06461073604706662,7.52026752135301e-05,25,10,0
15,4898,0.9289257087677472,4.6777178887441375e-07,0.06966186248334377,0.001411960977120631,25,10,0
15,4899,0.9369204628763528,6.137357480330044e-07,0.0616261218979114,0.0014528014899879975,25,10,0
15,4900,0.9366815322925517,6.13824059147719e-07,0.0618650508692495,0.00145280301413992,25,10,0
15,4901,0.9357350889465341,6.145133081889009e-07,0.06281149215896334,0.0014528043811948524,25,10,0
15,4902,0.9350972834949145,6.244878723010365e-07,0.06344920085793387,0.0014528911592798866,25,10,0
15,4903,0.9320222597352966,6.383248713981622e-07,0.06648075909065496,0.0014963428491775136,25,10,0
15,4904,0.9136012155615848,1.240875926544574e-06,0.08490115162552446,0.0014963919369639248,25,10,0
15,4905,0.913615788729656,1.2355674965384568e-06,0.08488663150467302,0.0014963441981743098,25,10,0
15,4906,0.9196333967085784,1.2355198774359374e-06,0.0788690441459128,0.0014963236256315463,25,10,0
15,4907,0.9219143580742707,1.2217056526722444e-06,0.07663143455367276,0.001452985666404088,25,10,0
15,4908,0.9220820999551385,1.2217811524381442e-06,0.07646369335786743,0.0014529849058422515,25,10,0
15,4909,0.9237162713763332,1.2011870121733973e-06,0.07482976193593516,0.0014527655007196222,25,10,0
15,4910,0.9208021498411924,1.2017391563868078e-06,0.07774378235533777,0.0014528660643135364,25,10,0
15,4911,0.9210110468708389,1.1966852412966642e-06,0.07753489290065606,0.0014528635432638879,25,10,0
15,4912,0.9102598764314647,1.1975853652948781e-06,0.08827968223000741,0.0014592437531623548,25,10,0
15,4913,0.9110414764669301,1.1875239569867613e-06,0.08749817942977677,0.0014591565793359098,25,10,0
15,4914,0.9107466443193115,1.1927337739503011e-06,0.0877930027955062,0.0014591601514079816,25,10,0
15,4915,0.9090482103938271,1.1966902029508425e-06,0.08949088494563828,0.0014597079703315085,25,10,0
15,4916,0.9100095667661603,1.1961538133288183e-06,0.08852953034454224,0.0014597067354840188,25,10,0
15,4917,0.9101892756866923,1.1926039322662175e-06,0.08834988574470484,0.0014596459646702487,25,10,0
15,4918,0.9285527543013822,5.91377494392277e-07,0.06998699841941149,0.0014596559017122893,25,10,0
15,4919,0.9243280217827357,5.865776073175654e-07,0.0742117472109506,0.0014596444287065394,25,10,0
15,4920,0.9251128145998604,5.86554911397146e-07,0.07342705801052012,0.0014595408347082262,25,10,0
15,4921,0.9250147028679251,5.637953827644618e-07,0.07352527406759878,0.0014594592690934459,25,10,0
15,4922,0.9290798217961995,4.6303593462880625e-07,0.06946088710969729,0.0014588280581685688,25,10,0
15,4923,0.9293793216093132,4.5808274963979745e-07,0.06916143811265658,0.0014587821952806823,25,10,0
15,4924,0.9241160747616015,4.6573257113223427e-07,0.07442266853667512,0.0014607909691524026,25,10,0
15,4925,0.9245355072560215,4.631307650299143e-07,0.07400205058591115,0.0014619790273023379,25,10,0
15,4926,0.9077007534569514,8.967401390279898e-07,0.09083623872377654,0.0014621110791331001,25,10,0
15,4927,0.9079842843546584,8.914542582395506e-07,0.09055136838443621,0.0014634558066472139,25,10,0
15,4928,0.9179533447375795,8.962877455244296e-07,0.08064794196740697,0.001397817007268116,25,10,0
15,4929,0.9182376456781128,8.949171348329722e-07,0.08036370033065125,0.0013977590741016135,25,10,0
15,4930,0.9181945581247101,8.984879017053653e-07,0.08040678154764054,0.0013977618397480276,25,10,0
15,4931,0.9181250213107163,9.058367806860019e-07,0.08047647222190493,0.0013976006305983096,25,10,0
15,4932,0.9109916701943926,1.05635804961175e-06,0.08551483433640561,0.0034924391111520285,25,10,0
15,4933,0.9127060052607334,1.052368763062509e-06,0.08380105906213732,0.003491883308366316,25,10,0
15,4934,0.9161585700007702,1.0449838148117586e-06,0.08162901818140829,0.0022113668340071413,25,10,0
15,4935,0.9156263253226306,1.0647378293361072e-06,0.08216105790906317,0.0022115520304772512,25,10,0
15,4936,0.9064295127872635,1.0864709158501565e-06,0.09135784609567292,0.0022115546461475163,25,10,0
15,4937,0.9101087416174992,8.26666464217982e-07,0.08768017469661876,0.0022102570194174644,25,10,0
15,4938,0.897529075745362,1.2600642988080244e-06,0.10021855714164657,0.0022511070486927807,25,10,0
15,4939,0.897509254006032,1.2599986633468514e-06,0.10023843653350367,0.002251049461801255,25,10,0
15,4940,0.899909636785379,1.2588997729805433e-06,0.09783815552901026,0.002250948785837587,25,10,0
15,4941,0.8861595458954937,1.259424928513894e-06,0.11158824548137206,0.002250949198205868,25,10,0
15,4942,0.8698445149968265,1.2596452105496393e-06,0.12789716223368833,0.0022570631242745235,25,10,0
15,4943,0.8631914249802773,1.1506126211700655e-05,0.13453996491605247,0.0022571039774584873,25,10,0
15,4944,0.861359666791127,1.1352908385908678e-05,0.13641164923328786,0.0022173310671989867,25,10,0
15,4945,0.8343908539500359,1.2081640262800346e-05,0.15220911915208832,0.013387945257612608,25,10,0
15,4946,0.8349343579862044,1.2081621071050127e-05,0.15166561727266767,0.013387943120056436,25,10,0
15,4947,0.7995009466533232,1.3398848753050953e-05,0.1870975988431515,0.013388055654771398,25,10,0
15,4948,0.7937756288153779,1.3579204225795756e-05,0.192774358779756,0.013436433200639548,25,10,0
15,4949,0.7641947997066408,1.3763739684956918e-05,0.2222953334866936,0.013496103066979157,25,10,0
15,4950,0.78602292415817,1.3322806402748963e-05,0.20046976624919707,0.013493986786228804,25,10,0
15,4951,0.784694778863712,1.3322809747069951e-05,0.2017979201393643,0.01349397818717501,25,10,0
15,4952,0.7888833830636339,1.3322908027940531e-05,0.1976093255149807,0.013493968513356052,25,10,0
15,4953,0.8019689541908634,1.2869743547715352e-05,0.18456526550925884,0.013452910556328896,25,10,0
15,4954,0.8007211328825615,1.2900207559687516e-05,0.18581221798583292,0.013453748924045068,25,10,0
15,4955,0.8277325792231263,1.2170966333728394e-05,0.16996841615045405,0.0022868336600849843,25,10,0
15,4956,0.8278501645677844,1.2171054307292081e-05,0.1698521080280006,0.0022855563499067796,25,10,0
15,4957,0.8212193865673655,1.2182116389463949e-05,0.1764823495562249,0.0022860817600191883,25,10,0
15,4958,0.836959653304302,1.219248435398284e-05,0.16074780097900834,0.0022803532323351773,25,10,0
15,4959,0.8372344841724899,1.2192125452122255e-05,0.1604729937723098,0.002280329929747694,25,10,0
15,4960,0.8452305366962848,1.2186728799536465e-05,0.15247697317572612,0.002280303399189702,25,10,0
15,4961,0.8501344543219349,1.218647137722622e-05,0.14763423918563498,0.00221912002105299,25,10,0
15,4962,0.8501218948018122,1.2182748833121821e-05,0.14764675728590912,0.0022191651634454524,25,10,0
15,4963,0.8488594065102311,1.2950127483415513e-05,0.14891485541054914,0.0022127879517364747,25,10,0
15,4964,0.8489626461587169,1.29504198499097e-05,0.14881166201773735,0.0022127414036960586,25,10,0
15,4965,0.8474261147671216,1.2983229668051732e-05,0.15034807851749085,0.0022128234857196295,25,10,0
15,4966,0.847183119712334,1.2983232578153111e-05,0.1505924187078876,0.0022114783472001807,25,10,0
15,4967,0.8471086440133689,1.29832309278313e-05,0.15066687068112536,0.002211502074577705,25,10,0
15,4968,0.8468589549578931,1.3270239182507013e-05,0.15091624990722527,0.0022115248956989988,25,10,0
15,4969,0.8464015172119294,1.3270237483419669e-05,0.15137368980057797,0.0022115227500090493,25,10,0
15,4970,0.8498584098053763,1.3063970959018592e-05,0.14797075730609735,0.0021577689175673416,25,10,0
15,4971,0.8558054780861606,1.306374148719004e-05,0.14202482668178576,0.0021566314905667144,25,10,0
15,4972,0.8405826978981166,1.306872809464208e-05,0.1572476551342464,0.002156578239541665,25,10,0
15,4973,0.8406975292941286,1.3068733027643075e-05,0.15713278696429567,0.002156615008547485,25,10,0
15,4974,0.8419202383790408,1.2918213422356387e-05,0.1580050463883166,6.179701921959443e-05,25,10,0
15,4975,0.8207110232248559,0.0002424136699900786,0.17896544607800524,8.111702714859075e-05,25,10,0
15,4976,0.8149531122082172,0.00024212646961948087,0.18472366833423629,8.109298792707701e-05,25,10,0
15,4977,0.8151748201428695,0.00024212679952406976,0.18450200204084255,8.105101676383561e-05,25,10,0
15,4978,0.8039673607347793,0.0002425929304057391,0.19570665632387388,8.339001094098363e-05,25,10,0
15,4979,0.8039506391474663,0.00024259293110264954,0.1957233778982228,8.339002320801441e-05,25,10,0
15,4980,0.7990825481464179,0.00025048161902153747,0.2005829491019239,8.402113263665859e-05,25,10,0
15,4981,0.7879074436686898,0.00025057548430946526,0.21040015939139206,0.0014418214556086528,25,10,0
15,4982,0.7945541421232274,0.0002403290915652258,0.20376372422080752,0.0014418045644001664,25,10,0
15,4983,0.794064041073632,0.00024032911052116777,0.20425382507096576,0.001441804744881277,25,10,0
15,4984,0.794551837543067,0.00024032877121409258,0.20376612246801276,0.001441711217706338,25,10,0
15,4985,0.7967514243301848,0.0002403308348541511,0.20156531306582198,0.001442931769139323,25,10,0
15,4986,0.7696849990284691,0.00023247169324567358,0.22830996126643938,0.0017725680118474824,25,10,0
15,4987,0.7708586925729157,0.00023244116725376727,0.22713576030433244,0.0017731059554997159,25,10,0
15,4988,0.7926257635107542,2.93512343189595e-06,0.2056179006901782,0.001753400675636263,25,10,0
15,4989,0.8051948635847885,2.949192374119695e-06,0.1930486462644718,0.0017535409583659758,25,10,0
15,4990,0.8033579508455311,3.064149566973687e-06,0.19488480240908132,0.0017541825958207772,25,10,0
15,4991,0.7905983761433147,3.059169195972808e-06,0.20764447709862238,0.0017540875888683069,25,10,0
15,4992,0.7904519523025552,3.0591419166197135e-06,0.2077909002092349,0.0017540883462944827,25,10,0
15,4993,0.7942163840011414,2.9164945819644314e-06,0.20402730989483026,0.0017533896094477077,25,10,0
15,4994,0.8215390432818238,2.8893801894992483e-06,0.17703493949561422,0.0014231278423727399,25,10,0
15,4995,0.8210224401457868,2.8903578263131206e-06,0.17755127778805121,0.001423391708336075,25,10,0
15,4996,0.8262303238684607,2.124990015234469e-06,0.17234412070034555,0.001423430441179265,25,10,0
15,4997,0.8263573245114263,2.119865697361592e-06,0.17221714974986074,0.0014234058730162539,25,10,0
15,4998,0.8341111560514549,2.3517189760764893e-06,0.16446311528702393,0.0014233769425457702,25,10,0
15,4999,0.8316149235980325,2.346022738848183e-06,0.16696022006088945,0.0014225103183399508,25,10,0
15,5000,0.8314039388283327,2.3457417565927576e-06,0.1671750413711945,0.0014186740587167493,25,10,0
15,5001,0.7928709223354218,3.439768833761922e-06,0.2051229155603409,0.0020027223354052836,25,10,0
15,5002,0.8141252425112542,2.1321117361364126e-06,0.18386711705684664,0.002005508320162692,25,10,0
15,5003,0.8066755749463984,2.1403683538495645e-06,0.1913167541537439,0.0020055305315036455,25,10,0
15,5004,0.8215464989169614,2.141089538553079e-06,0.17643082230459373,0.002020537688905917,25,10,0
15,5005,0.8331755224543723,2.1319216488659832e-06,0.16479943421803786,0.002022911405942019,25,10,0
15,5006,0.867767594349318,2.3414986488687997e-06,0.13015762457316377,0.0020724395788698376,25,10,0
15,5007,0.875154709088883,2.3332356858903973e-06,0.12277054065797968,0.002072417017452137,25,10,0
15,5008,0.8747560773057792,2.333275009132628e-06,0.12316917188119524,0.0020724175380167085,25,10,0
15,5009,0.8751984831001779,2.3331153792748996e-06,0.12272679225489165,0.0020723915295514338,25,10,0
15,5010,0.8756545929852599,2.123683386130564e-06,0.12232633958051536,0.0020169437508387096,25,10,0
15,5011,0.8756034061825172,2.123691942588735e-06,0.12237755081083561,0.002016919314705203,25,10,0
15,5012,0.8815804395750342,1.9433326290357416e-06,0.11644907604371563,0.001968541048621787,25,10,0
15,5013,0.8455507412845625,1.941903366651802e-06,0.1524788925308751,0.001968424281196291,25,10,0
15,5014,0.85050838159289,1.9817726192616854e-06,0.147521205738182,0.0019684308963095,25,10,0
15,5015,0.8436617265954142,2.0830358661005166e-06,0.15431494659421388,0.002021243774506619,25,10,0
15,5016,0.8600420573753954,2.089700540333548e-06,0.1379319064501018,0.0020239464739629735,25,10,0
15,5017,0.8824832852984841,2.0830444021371424e-06,0.11549313403192597,0.002021497625188446,25,10,0
15,5018,0.8761064408925274,2.0955869779255465e-06,0.12178257120472845,0.0021088923157662567,25,10,0
15,5019,0.8761767378513824,2.0955869588714167e-06,0.1217122742487688,0.002108892312889977,25,10,0
15,5020,0.8773168589084065,2.2271313763373424e-06,0.12062483225632571,0.0020560817038916476,25,10,0
15,5021,0.8809089680993243,2.2252218886175384e-06,0.11698945651335073,0.002099350165436317,25,10,0
15,5022,0.8808678618443792,2.225976801757192e-06,0.11702559943150118,0.002104312747317861,25,10,0
15,5023,0.8779193730824062,2.263940475800833e-06,0.11996452747438292,0.002113835502734955,25,10,0
15,5024,0.8858444751395037,2.252893555500368e-06,0.11203995877349682,0.002113313193443757,25,10,0
15,5025,0.8680292312219987,2.2445217732917173e-06,0.12969130910825258,0.002277215147975583,25,10,0
15,5026,0.8613119807441216,2.244517180037682e-06,0.13645301454548756,0.002232760193210644,25,10,0
15,5027,0.8613227757768409,2.2542486671360373e-06,0.1364403880324425,0.0022345819420493806,25,10,0
15,5028,0.8633975058546084,2.17324430186252e-06,0.1357218577009969,0.0008784632000928232,25,10,0
15,5029,0.8815873785778079,2.1564259144790124e-06,0.11769392372895304,0.0007165412673247559,25,10,0
15,5030,0.869788291707792,2.4121792484991548e-05,0.12948524561507405,0.0007023408846491243,25,10,0
15,5031,0.8635849363668697,2.412209671749461e-05,0.13568851203887616,0.0007024294975368933,25,10,0
15,5032,0.8286731598109418,2.482420452739513e-05,0.15999850217576372,0.011303513808766945,25,10,0
15,5033,0.834885737495387,2.482389991518104e-05,0.15378601350726157,0.011303425097436095,25,10,0
15,5034,0.8090501371440864,2.4836405797181113e-05,0.1796232118379109,0.011301814612205538,25,10,0
15,5035,0.8091232844007648,2.483527993168374e-05,0.1795550301206635,0.011296850198640011,25,10,0
15,5036,0.8156417656938908,3.0887028700068663e-06,0.17305807993254324,0.011297065670695246,25,10,0
15,5037,0.8450158577885247,2.380489137887918e-06,0.15428541526503262,0.0006963464573046933,25,10,0
15,5038,0.8450584473855092,2.3795679066888185e-06,0.15424308870095535,0.0006960843456291257,25,10,0
15,5039,0.8453678123118682,2.3768815804264177e-06,0.15393262472154348,0.0006971860850079879,25,10,0
15,5040,0.8567671351299114,2.377934706350377e-06,0.14253316919934517,0.0006973177360371378,25,10,0
15,5041,0.8451082772414316,3.1093405688402523e-06,0.15419121551941206,0.000697397898587431,25,10,0
15,5042,0.8515570798543303,3.1095484726337167e-06,0.14774246529735585,0.0006973452998415111,25,10,0
15,5043,0.8509300902081389,3.124674967982084e-06,0.14836935594733347,0.0006974291695598186,25,10,0
15,5044,0.8506438936915316,3.124504620089292e-06,0.14865669700306874,0.0006962848007797667,25,10,0
15,5045,0.8574203874056981,3.124457493249575e-06,0.14188020402510823,0.0006962841117006002,25,10,0
15,5046,0.8582774275362892,3.087815277034088e-06,0.14103310919227208,0.0006863754561620464,25,10,0
15,5047,0.8573542462459138,2.0080379729473066e-06,0.13037088196775495,0.012272863748358665,25,10,0
15,5048,0.8571075778851093,2.0258098837499406e-06,0.13061521692589342,0.012275179379113927,25,10,0
15,5049,0.8568441920927283,2.0138508473913055e-06,0.10495545427965558,0.038198339776769036,25,10,0
15,5050,0.8566801059043031,2.0140006555840335e-06,0.10512091813630792,0.038196961958733656,25,10,0
15,5051,0.8614344263850939,2.011335080545611e-06,0.10036662970840741,0.03819693257141815,25,10,0
15,5052,0.8675078048773543,1.7698635541208156e-06,0.09429350978167436,0.03819691547741728,25,10,0
15,5053,0.86730103922755,1.7372344787516293e-06,0.09449874622950302,0.03819847730846847,25,10,0
15,5054,0.8778821060639611,1.29133297652783e-06,0.0839152502304136,0.03820135237264902,25,10,0
15,5055,0.8826140978093391,1.2840964682019818e-06,0.07918560794104698,0.03819901015314607,25,10,0
15,5056,0.8919724653568812,5.909556743788778e-07,0.0698215289862241,0.0382054147012206,25,10,0
15,5057,0.8799143707979051,5.911046556203757e-07,0.08187848130831965,0.038206556789119966,25,10,0
15,5058,0.8680423774719692,6.049170477139123e-07,0.09375045892622269,0.03820655868476042,25,10,0
15,5059,0.8540744959636067,7.984894550816744e-07,0.107716363231669,0.038208342315269435,25,10,0
15,5060,0.8544381704687326,7.972581494347368e-07,0.10735259082105399,0.03820844145206425,25,10,0
15,5061,0.8546925755311647,7.97163505852937e-07,0.10709821139372865,0.038208415911601096,25,10,0
15,5062,0.8555184618768277,7.970502982398424e-07,0.10627235648300876,0.03820838458986565,25,10,0
15,5063,0.8555182077899088,7.97056761943802e-07,0.10627260915688459,0.03820838599644476,25,10,0
15,5064,0.826048752667419,3.8060742417426115e-06,0.13582623362557136,0.03812120763276806,25,10,0
15,5065,0.8243141638162637,3.8070115754369567e-06,0.13756032755066783,0.038121701621493836,25,10,0
15,5066,0.8257889135914094,3.7616440540965898e-06,0.13608516602186124,0.03812215874267557,25,10,0
15,5067,0.8098870876709913,3.778812575402822e-06,0.15198500170741697,0.03812413180901682,25,10,0
15,5068,0.8098128553010959,3.7788814219451505e-06,0.15205923855983858,0.038124127257644094,25,10,0
15,5069,0.8157829724756942,1.0102433528782747e-05,0.14439129308052132,0.039815632010256057,25,10,0
15,5070,0.8200146739347711,9.914989525402044e-06,0.14016023832342078,0.039815172752283086,25,10,0
15,5071,0.8197866133934927,9.913469452296432e-06,0.13892929378830168,0.0412741793487536,25,10,0
15,5072,0.8188935785384249,1.0204795487792995e-05,0.13974741906171845,0.04134879760436948,25,10,0
15,5073,0.8188982787547809,1.0204785744008821e-05,0.13974272071980975,0.04134879573966597,25,10,0
15,5074,0.8128984786464944,1.0753214238740948e-05,0.14159352150832483,0.04549724663094266,25,10,0
15,5075,0.8128264188057253,1.0753616035429926e-05,0.14166565748577153,0.045497170092468536,25,10,0
15,5076,0.8137085490502366,1.0753676371534668e-05,0.14078991524946205,0.04549078202393046,25,10,0
15,5077,0.8490845967335052,7.732033213572966e-06,0.10541712946394524,0.04549054176933594,25,10,0
15,5078,0.8486719725249323,7.741598326474763e-06,0.10582747504212031,0.045492810834621034,25,10,0
15,5079,0.8487918799110501,7.741590828869073e-06,0.10570756752464469,0.04549281097347652,25,10,0
15,5080,0.8368921281997059,7.754750792301214e-06,0.11760735556289935,0.04549276148660256,25,10,0
15,5081,0.8361119349188637,7.755131098868135e-06,0.11838744302531598,0.04549286692472178,25,10,0
15,5082,0.8440007288620661,7.808510107038915e-06,0.11050035825334756,0.04549110437447941,25,10,0
15,5083,0.8499411332773107,7.565865752851209e-06,0.10456135425214162,0.045489946604795196,25,10,0
15,5084,0.8508988944827324,7.565792306398838e-06,0.10360359470904673,0.0454899450159151,25,10,0
15,5085,0.8608621850686297,1.2251690290519643e-06,0.09534010282100269,0.043796486941338995,25,10,0
15,5086,0.8669326492976256,9.78217273412651e-07,0.0892699068967311,0.04379646558837007,25,10,0
15,5087,0.866961596250856,9.781862661036141e-07,0.09133900512981982,0.04169842043305841,25,10,0
15,5088,0.8669593374612552,9.794891625193927e-07,0.09134054166087224,0.04169914138871033,25,10,0
15,5089,0.867036146293336,9.848124268251942e-07,0.09126369374014022,0.04169917515409738,25,10,0
15,5090,0.8683988908080467,9.468618122212091e-07,0.0899010802174061,0.04169908211273533,25,10,0
15,5091,0.882495700855272,7.126458884488962e-07,0.07995751695056522,0.037546069548274906,25,10,0
15,5092,0.8756391463478415,9.517609891591543e-07,0.08681378903159473,0.037546112859575,25,10,0
15,5093,0.8696444442815001,6.686833132347729e-07,0.09288225493311121,0.037472632102075694,25,10,0
15,5094,0.8674812399032605,8.562995220969911e-07,0.09504704576109267,0.037470858036125466,25,10,0
15,5095,0.8571289004058852,8.556180593737237e-07,0.10539980783234457,0.03747043614371116,25,10,0
15,5096,0.8591141185653961,8.53764599405082e-07,0.10341332826273568,0.037471699407268806,25,10,0
15,5097,0.8601115913048801,0.0005976924167623835,0.13641913288837856,0.0028715833899792577,25,10,0
15,5098,0.8208129120838372,0.0005976871231947958,0.17571761317779985,0.002871787615168683,25,10,0
15,5099,0.8208087294995423,0.0005976870380402077,0.17572179515468775,0.0028717883077300226,25,10,0
15,5100,0.8233769289478627,0.0005976863517072727,0.17315887003755723,0.002866514662873292,25,10,0
15,5101,0.8244914282726054,0.0005976661300566367,0.17204960420111753,0.00286130139622044,25,10,0
15,5102,0.8231674917477072,0.0005976670779489504,0.17337353648254253,0.002861304691801536,25,10,0
15,5103,0.822945965956185,0.0005976670033790667,0.17359503248456268,0.0028613345558732815,25,10,0
15,5104,0.8229716172558206,0.0005976673456020935,0.17356939883999634,0.002861316558581196,25,10,0
15,5105,0.8224402136920607,0.0005976673575917377,0.1741008001734607,0.0028613187768872727,25,10,0
15,5106,0.8346233734179807,0.0005976671205682382,0.1619177111652228,0.0028612482962286196,25,10,0
15,5107,0.8350134942030888,0.0005976671770488322,0.1615275921135301,0.0028612465063323333,25,10,0
15,5108,0.8347723194780374,0.0005976672669006103,0.161768765844352,0.0028612474107100245,25,10,0
15,5109,0.8359839833044282,0.0005976683770880279,0.16055736618211366,0.002860982136370112,25,10,0
15,5110,0.8009806850450206,0.0005976696152845911,0.19556065856126018,0.0028609867784342336,25,10,0
15,5111,0.7952948803253961,0.0005976739054314211,0.201246458591194,0.0028609871779783354,25,10,0
15,5112,0.7787568773630266,0.0005976741285441952,0.21778445875486913,0.002860989753560669,25,10,0
15,5113,0.7463229438556394,0.0005988486095446687,0.2216825620342923,0.0313956455005245,25,10,0
15,5114,0.7428194082493033,0.0005975124568444988,0.22278060978237751,0.033802469511475544,25,10,0
15,5115,0.7425316859527217,0.0005975223137272102,0.22306699069154365,0.03380380104200835,25,10,0
15,5116,0.7432876271232913,0.0005975222833373644,0.22231115330305623,0.03380369729031604,25,10,0
15,5117,0.7293998202230912,0.0005975224424434141,0.23620073527931587,0.03380192205515006,25,10,0
15,5118,0.7008183282943027,0.0005973088671539212,0.26478236410646877,0.03380199873207586,25,10,0
15,5119,0.7001940566473265,0.0005973470260484983,0.26540641027080725,0.033802186055819285,25,10,0
15,5120,0.7120618295215436,0.0005973328588576479,0.25353326769167955,0.03380756992792026,25,10,0
15,5121,0.7111275000011892,0.0005970267698282267,0.2544015546193305,0.03387391860965285,25,10,0
15,5122,0.7164795180522603,0.0006079473416484741,0.24910422532041662,0.03380830928567572,25,10,0
15,5123,0.7312105358839639,0.0006079482786569303,0.23437302660539583,0.03380848923198413,25,10,0
15,5124,0.7322882167526652,0.0006079586839584242,0.2332943162472757,0.03380950831610139,25,10,0
15,5125,0.7320214447970491,0.0006079587665207991,0.2335610449443237,0.03380955149210722,25,10,0
15,5126,0.7221554472228472,0.0006079707945178263,0.24086775973808286,0.03636882224455221,25,10,0
15,5127,0.7212136994713063,0.0006079707877791738,0.24180950919750896,0.03636882054340578,25,10,0
15,5128,0.7266004866974299,0.0006081886207251283,0.23642040104602077,0.0363709236358243,25,10,0
15,5129,0.725998627323127,0.0006081510607841497,0.23702247994469874,0.03637074167139041,25,10,0
15,5130,0.7254898886918625,0.0006081560511248384,0.237529906265549,0.036372048991463936,25,10,0
15,5131,0.7257935619478917,0.000608146191420901,0.23722757524812926,0.03637071661255833,25,10,0
15,5132,0.7528003509437796,0.001284549866571954,0.2095434742321091,0.0363716249575394,25,10,0
15,5133,0.7623171559237185,0.0012845553970716505,0.20258719956439974,0.03381108911480974,25,10,0
15,5134,0.7617323499466321,0.0012845550634680595,0.2031720011360908,0.033811093853808254,25,10,0
15,5135,0.7506795455347014,0.0012845802484427768,0.21422465728679232,0.033811216930063746,25,10,0
15,5136,0.742362398261949,0.0012947127322634436,0.22253273361974324,0.03381015538604473,25,10,0
15,5137,0.7402834390089056,0.001296833036397248,0.22460936599328932,0.03381036196140833,25,10,0
15,5138,0.7417040299215367,0.0013570154684826865,0.22312356511295448,0.03381538949702651,25,10,0
15,5139,0.7285127736119,0.001357262017192514,0.23627988269097228,0.033850081679935154,25,10,0
15,5140,0.6969803394673,0.0013551662173097204,0.26781424052942315,0.03385025378596851,25,10,0
15,5141,0.7243293801872486,0.0013551283552611457,0.2404644949452483,0.03385099651224238,25,10,0
15,5142,0.7543842220191388,0.0012951576190509276,0.21041794649140041,0.033902673870410016,25,10,0
15,5143,0.7164811939335991,0.001295181688347438,0.24831440685704767,0.03390921752100715,25,10,0
15,5144,0.7177821570138201,0.0012951807426304716,0.2470134475903902,0.03390921465316064,25,10,0
15,5145,0.7252464938210968,0.0012848695800786957,0.23956045187131103,0.03390818472751417,25,10,0
15,5146,0.7320455805110692,0.001285091703195248,0.23273030292313968,0.033939024862596014,25,10,0
15,5147,0.7308188335655711,0.001285055977389074,0.22528649238554574,0.04260961807149417,25,10,0
15,5148,0.7307562561116953,0.0012850567637129327,0.225349065462974,0.04260962166161807,25,10,0
15,5149,0.7701795521279634,0.0012853447196325687,0.18592569502672085,0.042609408125682584,25,10,0
15,5150,0.7661509419870373,0.001315189467446661,0.18992335534728344,0.042610513198233724,25,10,0
15,5151,0.7498515479396537,0.0013151894728074807,0.2062227491187903,0.04261051346875006,25,10,0
15,5152,0.7492224784577914,0.0006452485399246746,0.2075217094336096,0.04261056356867544,25,10,0
15,5153,0.7492231974474984,0.0006452484752783346,0.20752099051775233,0.04261056355947239,25,10,0
15,5154,0.7495011658296882,0.0006452468202084088,0.20724374375185792,0.04260984359824667,25,10,0
15,5155,0.7494662927379871,0.0006452329945484666,0.20727736828239876,0.042611105985066865,25,10,0
15,5156,0.7501476503912461,0.0006452280127614423,0.20659736532527062,0.04260975627072297,25,10,0
15,5157,0.7638286105898693,0.0006449816207103105,0.19295132557614217,0.04257508221327921,25,10,0
15,5158,0.7633554751838425,0.0006450011113222702,0.19342425053425194,0.04257527317058437,25,10,0
15,5159,0.7634341184891003,0.0006450016320253052,0.2054014166516958,0.030519463227179768,25,10,0
15,5160,0.7629890392567134,0.0006449952032757226,0.20584194913399426,0.030524016406017446,25,10,0
15,5161,0.7468234618302545,0.0006450188459991575,0.22200736401949062,0.030524155304257103,25,10,0
15,5162,0.7353875792484663,0.0006450198152026689,0.23344855275737778,0.030518848178954876,25,10,0
15,5163,0.7353852793806728,0.0006450247144421405,0.23345085573765462,0.030518840167232063,25,10,0
15,5164,0.7296972206155705,0.0006455834957439851,0.23913833318256716,0.03051886270612001,25,10,0
15,5165,0.7300101137354305,0.0006453093243085603,0.23882700141178279,0.03051757552847978,25,10,0
15,5166,0.7260464516904367,0.0006453088940384322,0.24278552761213085,0.03052271180339553,25,10,0
15,5167,0.7400746447477186,0.000645303705675422,0.22875738453803213,0.030522667008575644,25,10,0
15,5168,0.7406176267191575,0.000645283433390658,0.22821460139396763,0.03052248845348561,25,10,0
15,5169,0.7376965289381614,0.0006504173706921915,0.23113281385990192,0.030520239831246267,25,10,0
15,5170,0.7303550969562282,0.0006506541015411405,0.23847289098404503,0.03052135795818722,25,10,0
15,5171,0.7475622707681572,0.0006264156983323556,0.22129069737548146,0.030520616158030776,25,10,0
15,5172,0.7483161380448667,0.000626462649303958,0.24772785633892794,0.0033295429669026725,25,10,0
15,5173,0.7493589005799552,0.0010363828176493263,0.2462062469753069,0.003398469627089702,25,10,0
15,5174,0.7450800024909507,0.0010361558149176023,0.2503607159351183,0.0035231257590142995,25,10,0
15,5175,0.7610128523122371,0.001036347873260605,0.23442678142098505,0.0035240183935180223,25,10,0
15,5176,0.7769165153579971,0.001036347327175592,0.21852833576405728,0.003518801550770767,25,10,0
15,5177,0.776893538930916,0.0010363473333093343,0.21855131090138027,0.003518802834394749,25,10,0
15,5178,0.7807867592201992,0.0010361338958310197,0.21471501521993802,0.0034620916640322606,25,10,0
15,5179,0.7877314673666831,0.0010355743591373367,0.20777089510816238,0.0034620631660179195,25,10,0
15,5180,0.7915861475741821,0.0010360299598867894,0.19411779704526455,0.013260025420666354,25,10,0
15,5181,0.7913855583427309,0.0010360390787103114,0.19431714471007644,0.013261257868482179,25,10,0
15,5182,0.7913597191678007,0.0010360390873904413,0.19434298117958484,0.013261260565223823,25,10,0
15,5183,0.7864885201640669,0.0010362209629790036,0.19921231628746405,0.013262942585489634,25,10,0
15,5184,0.7868718938966659,0.0010360052611070158,0.19883019050639447,0.013261910335832208,25,10,0
15,5185,0.7992217649070235,0.0010355270061747097,0.19628153067011322,0.0034611774166882063,25,10,0
15,5186,0.8082688990190432,0.0010290386921146407,0.187241737881984,0.0034603244068579586,25,10,0
15,5187,0.8180764047018542,0.0006191186135522456,0.17791309399206906,0.0033913826925242897,25,10,0
15,5188,0.8180564377640548,0.0006191188167946823,0.1779330285767446,0.0033914148424059303,25,10,0
15,5189,0.8161366589240181,0.000619118836540895,0.17985263833024512,0.0033915839091956754,25,10,0
15,5190,0.8012773777444511,0.0006191214881577154,0.1948376820127823,0.0032658187546089046,25,10,0
15,5191,0.800724603856006,0.0006191215228435348,0.19539045124052476,0.003265823380625738,25,10,0
15,5192,0.8222451482268437,0.0006136144836794143,0.17387588773516127,0.0032653495543158322,25,10,0
15,5193,0.8223719547472172,0.0006136053690374829,0.17374894424689674,0.003265495636848737,25,10,0
15,5194,0.8289588416739749,0.0006136013452616559,0.1671631743588375,0.0032643826219265902,25,10,0
15,5195,0.8430926122951732,0.0006136196704830915,0.152755630384646,0.0035381376496982655,25,10,0
15,5196,0.8094583351564755,0.0006084939985572896,0.18639847438029317,0.003534696464675048,25,10,0
15,5197,0.808883091453762,0.0006085139359515561,0.18697350622791956,0.003534888382367755,25,10,0
15,5198,0.8087712635218435,0.0006085089218884571,0.18708536319184244,0.003534864364426387,25,10,0
15,5199,0.8014603770236814,0.0006083552088456192,0.1943904311188911,0.0035408366485823487,25,10,0
15,5200,0.8393956830014284,1.1516222562356128e-05,0.15990109668798533,0.0006917040880244284,25,10,0
15,5201,0.8388798897574111,1.1520650185991775e-05,0.16041474620244756,0.0006938433899550904,25,10,0
15,5202,0.8430063717641043,1.1273340021000971e-05,0.15631947500400484,0.0006628798918698131,25,10,0
15,5203,0.8429815890372154,1.1273349799160966e-05,0.15634425776384261,0.0006628798491427222,25,10,0
15,5204,0.8432144229667542,1.1273532530236903e-05,0.15611138357879922,0.0006629199219163776,25,10,0
15,5205,0.8431537403262388,1.1273981843847945e-05,0.15617341807801274,0.0006615676139046894,25,10,0
15,5206,0.8437393108859049,1.1296122728508261e-05,0.15558491795120616,0.0006644750401605964,25,10,0
15,5207,0.843241976495518,1.1312737652468521e-05,0.1560812862398253,0.0006654245270045642,25,10,0
15,5208,0.8422870856474255,2.0675261569466256e-05,0.15702518841469285,0.0006670506763124974,25,10,0
15,5209,0.8431439643403226,1.131314568025014e-05,0.15617802371233644,0.0006666988016611055,25,10,0
15,5210,0.8297583706072065,1.1293104574955158e-05,0.16956378177811726,0.0006665545101005418,25,10,0
15,5211,0.8660106969649657,1.1930566575367537e-05,0.13331077393353785,0.0006665985349215221,25,10,0
15,5212,0.8536623031356387,1.1939746055347424e-05,0.14566455428426195,0.0006612028340444505,25,10,0
15,5213,0.865090806293857,1.1912865253305386e-05,0.13424355918981423,0.00065372165107583,25,10,0
15,5214,0.8641686862517415,1.1913195828085492e-05,0.13516556786580616,0.000653832686624821,25,10,0
15,5215,0.8614104874427986,1.191464194511461e-05,0.1376259591763515,0.0009516387389053717,25,10,0
15,5216,0.8997910747808772,1.1867147222063298e-05,0.09961110429010418,0.0005859537817972824,25,10,0
15,5217,0.9130355436857558,1.1857554245651971e-05,0.08636666064250381,0.0005859381174951099,25,10,0
15,5218,0.9130670159458646,1.1857179811406138e-05,0.08633524729058033,0.0005858795837440846,25,10,0
15,5219,0.910704768860766,1.1862713516655567e-05,0.08866872720436988,0.0006146412213481145,25,10,0
15,5220,0.9163800269288624,1.1853355478999525e-05,0.0829943507204271,0.0006137689952322336,25,10,0
15,5221,0.9428284066417858,1.1840936041211503e-05,0.05654597407790715,0.0006137783442664146,25,10,0
15,5222,0.9280532038764636,1.1798204170720603e-05,0.07131522823614095,0.0006197696832252155,25,10,0
15,5223,0.928188724036132,1.1797908155096354e-05,0.07117974166464222,0.0006197363910711374,25,10,0
15,5224,0.9288968945339579,1.1776104337850312e-05,0.07047449499403488,0.0006168343676694463,25,10,0
15,5225,0.94563112068861,1.1774476751168448e-05,0.054038125306841704,0.0003189795277973355,25,10,0
15,5226,0.946005694586142,1.1774293321391821e-05,0.053663553015679384,0.00031897810485737347,25,10,0
15,5227,0.9461334924185962,1.1774283591146574e-05,0.05353575637503608,0.0003189769227766057,25,10,0
15,5228,0.9472381505601577,1.1756329853158102e-05,0.0527048434211074,4.5249688881708e-05,25,10,0
15,5229,0.9472253552095481,1.175633225952071e-05,0.052717636740706154,4.525171748619946e-05,25,10,0
15,5230,0.937015239660292,1.1767021103299446e-05,0.06292984504570971,4.314827289475812e-05,25,10,0
15,5231,0.9309987641505366,1.1767109542505662e-05,0.06894631962351744,4.314911640279276e-05,25,10,0
15,5232,0.9281068235658797,1.1880900248403249e-05,0.07183846367887821,4.2831854993337506e-05,25,10,0
15,5233,0.923128628894904,1.1876322666817049e-05,0.07681569214939611,4.3802633032955053e-05,25,10,0
15,5234,0.9241571784835402,1.1875964728875669e-05,0.07578717066133848,4.377489039224285e-05,25,10,0
15,5235,0.9012968972216232,2.5318051210249065e-05,0.09863518345435829,4.260127280797362e-05,25,10,0
15,5236,0.8883570678232101,2.571177929031766e-05,0.11157274172392069,4.4478673579327335e-05,25,10,0
15,5237,0.8936007522140749,2.5711506715546053e-05,0.10633002956702393,4.350671218610172e-05,25,10,0
15,5238,0.8576437267147681,2.7782780658345323e-05,0.142275163240458,5.3327264116700095e-05,25,10,0
15,5239,0.8681234311684279,2.7767668696034946e-05,0.13179550008442206,5.330107845503053e-05,25,10,0
15,5240,0.8682575058100138,2.776721806140321e-05,0.1316614516891905,5.327528273538884e-05,25,10,0
15,5241,0.8716749988411354,2.7636800418284364e-05,0.12824472457877198,5.263977967542501e-05,25,10,0
15,5242,0.871634817082905,2.7636833823452322e-05,0.12828490172465373,5.264435861891603e-05,25,10,0
15,5243,0.8708920134953752,2.7636842019533092e-05,0.1290277039385708,5.264572403525643e-05,25,10,0
15,5244,0.8942925912462252,3.3929264983251234e-06,0.10561698631408956,8.702951318716047e-05,25,10,0
15,5245,0.8939984511408258,3.3981764600010093e-06,0.10591104499151203,8.7105691202426e-05,25,10,0
15,5246,0.8941673206260807,3.398322050045978e-06,0.1057421850151616,8.709603670781808e-05,25,10,0
15,5247,0.886927378497677,3.4960954009625777e-06,0.11295689054720695,0.00011223485971553082,25,10,0
15,5248,0.8846723126333496,4.398424687708534e-06,0.11520878929732861,0.00011449964463445157,25,10,0
15,5249,0.8875089501814821,4.300787138040907e-06,0.11239737646282257,8.937256855762521e-05,25,10,0
15,5250,0.8796153232515768,1.0664269070686313e-05,0.12024211208366711,0.00013190039568597878,25,10,0
15,5251,0.8856179762703978,1.0664225888948307e-05,0.11423945032619925,0.00013190917751428397,25,10,0
15,5252,0.8833583080031743,1.066942237804797e-05,0.1164578517751118,0.0001731707993360594,25,10,0
15,5253,0.8841190320984732,1.066941773353382e-05,0.11569713007394075,0.00017316840985291308,25,10,0
15,5254,0.87482351371783,9.76718788069682e-06,0.12499581399522591,0.00017090509906393086,25,10,0
15,5255,0.9104630542198469,7.710039945832287e-06,0.08915558372453304,0.0003736520156745822,25,10,0
15,5256,0.9321753886103007,7.72766010602405e-06,0.06744691189332419,0.00036997183626938997,25,10,0
15,5257,0.9316018466926941,2.3651456437988027e-05,0.06800230411311158,0.00037219773775683257,25,10,0
15,5258,0.9357632376556417,2.365140878070374e-05,0.06384092606503641,0.0003721848705415531,25,10,0
15,5259,0.9473138089963458,2.3651309912885357e-05,0.05229035630388405,0.0003721833898577821,25,10,0
15,5260,0.9451027947870356,2.364911191316757e-05,0.054530134731916986,0.00034342136913481256,25,10,0
15,5261,0.9380070605981173,2.364933506427537e-05,0.06162584175347427,0.000343448313344561,25,10,0
15,5262,0.9500952155573724,2.3260057098099023e-05,0.04953994230513261,0.0003415820803975564,25,10,0
15,5263,0.9249629270770651,3.893524974075253e-05,0.07465519614214952,0.0003429415310449614,25,10,0
15,5264,0.9107813921924695,4.5126758718936136e-05,0.08882999788504194,0.0003434831637701753,25,10,0
15,5265,0.910783526724964,4.5126758636582036e-05,0.0888278633637313,0.0003434831526691306,25,10,0
15,5266,0.9068457433378891,4.512691354867507e-05,0.09276559132098157,0.00034353842758136957,25,10,0
15,5267,0.9070772926990854,4.5145238160607564e-05,0.09253410366578897,0.00034345839696556116,25,10,0
15,5268,0.9050544662705464,4.5145291895892435e-05,0.094556936731823,0.0003434517057352532,25,10,0
15,5269,0.9007198260476302,4.512998294528548e-05,0.09889070459903815,0.0003443393703868935,25,10,0
15,5270,0.8952977900885621,4.4487389310388915e-05,0.10431345189686494,0.0003442706252634695,25,10,0
15,5271,0.9023801898158085,4.4487254884526946e-05,0.09723105522914595,0.0003442677001615932,25,10,0
15,5272,0.9162377201629609,3.859476399643927e-05,0.08337993307046024,0.00034375200258296277,25,10,0
15,5273,0.9125155574935966,3.859451283173537e-05,0.08710334726135979,0.0003425007322119712,25,10,0
15,5274,0.9127261174157367,3.235019194689926e-05,0.08602142259887724,0.0012201097934392451,25,10,0
15,5275,0.9124845096775819,3.235939047342802e-05,0.08626297547658701,0.0012201554553577557,25,10,0
15,5276,0.9127263544700529,3.206067859016299e-05,0.08602145414635984,0.001220130704997136,25,10,0
15,5277,0.909956920563667,3.2062717647723615e-05,0.08879056253641517,0.0012204541822699799,25,10,0
15,5278,0.9094871670011737,3.2042326953050634e-05,0.0901786810998073,0.00030210957206563776,25,10,0
15,5279,0.9067055161916551,3.203905113385232e-05,0.09295952003868015,0.00030292471853076,25,10,0
15,5280,0.9119810601951039,3.203531430917008e-05,0.08768495947638176,0.0003019450142049575,25,10,0
15,5281,0.911484256560419,3.213158887422288e-05,0.0881558274833946,0.0003277843673121376,25,10,0
15,5282,0.8888792769578139,0.00022194547893334538,0.10966454548238119,0.0012342320808714862,25,10,0
15,5283,0.8917525152158996,0.00022193993057030443,0.10683276151213925,0.0011927833413907492,25,10,0
15,5284,0.8754599014353839,0.00022195303129117608,0.12312525598409879,0.0011928895492259257,25,10,0
15,5285,0.8913232651053613,0.00022195259968062076,0.10726787509243246,0.001186907202525186,25,10,0
15,5286,0.8907886719966236,3.2146302751383805e-05,0.10889675991803811,0.00028242178258647575,25,10,0
15,5287,0.9057667526740275,3.213321040122924e-05,0.0939187969915649,0.00028231712400612576,25,10,0
15,5288,0.9065052328732954,1.6209273346014464e-05,0.0931985091021406,0.00028004875121758664,25,10,0
15,5289,0.8920283711220073,1.6213981145946435e-05,0.10767533987185426,0.00028007502499213945,25,10,0
15,5290,0.894781977546008,1.6217090589492404e-05,0.1049209130505507,0.00028089231285142807,25,10,0
15,5291,0.8963331904810197,1.6202602448163965e-05,0.10358239689702206,6.821001950969795e-05,25,10,0
15,5292,0.9210072452594104,5.277363153941122e-07,0.07892538141544332,6.684558883084243e-05,25,10,0
15,5293,0.9207424618037736,5.279618893540075e-07,0.07919012489543432,6.688533890238011e-05,25,10,0
15,5294,0.9203925676675219,5.281348862459222e-07,0.07953997431073036,6.69298868612675e-05,25,10,0
15,5295,0.9209450039898884,5.085140886299716e-07,0.07898765292248493,6.683457353778057e-05,25,10,0
15,5296,0.9147638119314006,6.026777407072807e-06,0.08515208359472023,7.807769647205558e-05,25,10,0
15,5297,0.9152406198644308,6.026429947572995e-06,0.08467527464441976,7.807906120169528e-05,25,10,0
15,5298,0.9163729016539846,6.0130266534011e-06,0.083534145032821,8.694028654098166e-05,25,10,0
15,5299,0.8962622423599791,6.265469856017729e-06,0.1035149218996693,0.00021657027049555293,25,10,0
15,5300,0.8916423691520073,6.265975350292819e-06,0.10813552336009805,0.00021584151254514677,25,10,0
15,5301,0.9041824301919936,6.2656547771603244e-06,0.09559552933264591,0.00021577482058351228,25,10,0
15,5302,0.8965817341868371,6.042828256776746e-06,0.1031981387659368,0.0002140842189699183,25,10,0
15,5303,0.8965797136660424,6.042829398212783e-06,0.10320015982643245,0.00021408367812741664,25,10,0
15,5304,0.9125687307563826,6.042022249304877e-06,0.08721125296841781,0.00021397425295015455,25,10,0
15,5305,0.9116239113812634,6.844555447924624e-06,0.08815521010518237,0.00021403395810605478,25,10,0
15,5306,0.9346031446721753,6.837031338058529e-06,0.06517786476386346,0.00021215353262301356,25,10,0
15,5307,0.9415019948464202,6.828762808674757e-06,0.05827906266135456,0.00021211372941642236,25,10,0
15,5308,0.9413063977822687,7.113711756916773e-06,0.058472972796866494,0.00021351570910764208,25,10,0
15,5309,0.9469304438233805,7.117155400322918e-06,0.05284895423273234,0.00021348478848646975,25,10,0
15,5310,0.9469370958668335,7.117040558755896e-06,0.05284227352431725,0.00021351356829014235,25,10,0
15,5311,0.9244990885616367,7.124109235386775e-06,0.06889431413903896,0.006599473190088837,25,10,0
15,5312,0.9243458170217473,7.124203412982089e-06,0.0690475847024729,0.006599474072366586,25,10,0
15,5313,0.923525441752998,7.1422434331802845e-06,0.06987684718401208,0.006590568819556553,25,10,0
15,5314,0.944953310521524,7.1355754566787426e-06,0.05483484985976423,0.00020470404325488004,25,10,0
15,5315,0.9444233837778306,7.1363788045758e-06,0.055364771889972596,0.00020470795339210974,25,10,0
15,5316,0.9354286292982998,7.13806470121488e-06,0.06435566259647867,0.0002085700405201887,25,10,0
15,5317,0.9301828721785006,7.3607299885450255e-06,0.06959942193292329,0.0002103451585874928,25,10,0
15,5318,0.9292981652433892,2.336215633605209e-05,0.07046676451551226,0.00021170808476240273,25,10,0
15,5319,0.9360541080046606,1.7716616872566802e-05,0.06376220066196636,0.00016597471650027642,25,10,0
15,5320,0.9197653136653804,1.771761059360172e-05,0.0800450344134146,0.00017193431061113075,25,10,0
15,5321,0.9189929773427131,1.7727975376949647e-05,0.08073962791525452,0.00024966676665492125,25,10,0
15,5322,0.9281704096177755,1.772608013731941e-05,0.07156613835389349,0.00024572594819337036,25,10,0
15,5323,0.9294791011470891,1.7726070795224446e-05,0.0702574486438914,0.00024572413822430056,25,10,0
15,5324,0.9297026989531675,1.7731206702054907e-05,0.07003381424839403,0.0002457555917365252,25,10,0
15,5325,0.9297143783134095,1.7731384456011623e-05,0.07002211046418885,0.00024577983794568507,25,10,0
15,5326,0.9177674135176457,1.773167514607633e-05,0.0819689194084984,0.00024593539870984766,25,10,0
15,5327,0.9325205161980934,1.772661040871104e-05,0.06721586905168994,0.0002458881398077788,25,10,0
15,5328,0.9273871453497656,1.9541331105425425e-06,0.07236528534758752,0.0002456151695361947,25,10,0
15,5329,0.9278759152686803,1.9533837623212266e-06,0.07187642696308562,0.0002457043844716344,25,10,0
15,5330,0.9482191011291867,1.691653087372368e-06,0.05166176452094212,0.00011744269678366606,25,10,0
15,5331,0.9616211070033731,2.6978025507073584e-06,0.038264382179052564,0.00011181301502346368,25,10,0
15,5332,0.9658023112199041,2.870497407053572e-06,0.034082852660783126,0.00011196562190561073,25,10,0
15,5333,0.9652729965132117,2.8740286898046014e-06,0.03461189445737915,0.00011223500071919043,25,10,0
15,5334,0.9652271069224956,2.877870037269563e-06,0.03465624033994199,0.00011377486752492838,25,10,0
15,5335,0.9642877029497088,2.8784669186754394e-06,0.03559569223925949,0.0001137263441127881,25,10,0
15,5336,0.9643377487487599,2.8785236737179933e-06,0.03554564904431501,0.00011372368325103727,25,10,0
15,5337,0.9639474675928138,2.8833569278434618e-06,0.03593589359481261,0.00011375545544568703,25,10,0
15,5338,0.9540751814176623,2.8870870359961005e-06,0.042569613906255646,0.0033523175890457085,25,10,0
15,5339,0.93720987367861,2.7033518115921887e-06,0.05943518692426978,0.003352236045308712,25,10,0
15,5340,0.9367616940162594,2.986821555568309e-06,0.059883107014735044,0.0033522121474500377,25,10,0
15,5341,0.9427747595199675,2.75805604202156e-06,0.053871359500341665,0.0033511229236487957,25,10,0
15,5342,0.945104844234079,1.755936859555736e-06,0.051542546521901975,0.0033508533071594806,25,10,0
15,5343,0.939585429319417,1.6643634512964386e-06,0.05708787100159449,0.0033250353155371026,25,10,0
15,5344,0.9168263763153309,1.6682449143901472e-06,0.07984692038509608,0.0033250350546582138,25,10,0
15,5345,0.933911901094981,1.0442250677126828e-06,0.0627620715238593,0.0033249831560918813,25,10,0
15,5346,0.934485958163649,1.0409648647191861e-06,0.062188347185631605,0.0033246536858545905,25,10,0
15,5347,0.9344951118944042,1.040956913098466e-06,0.062179194049002934,0.003324653099679842,25,10,0
15,5348,0.9347847267087929,1.0365306630602843e-06,0.06188957447292407,0.0033246622876198727,25,10,0
15,5349,0.9353501599779428,1.031740187802066e-06,0.061324174228012535,0.0033246340538568087,25,10,0
15,5350,0.9357648707031561,6.368712453548488e-07,0.060911715754818234,0.003322776670780231,25,10,0
15,5351,0.9363516153342537,6.339665011798534e-07,0.06040267147951383,0.003245079219731039,25,10,0
15,5352,0.9352687826958168,6.541368172309822e-07,0.06148027878216198,0.0032502843852035483,25,10,0
15,5353,0.9296808554665364,6.53058056242409e-07,0.06706719857820426,0.0032512928972028626,25,10,0
15,5354,0.9242721588951845,3.781532842595148e-07,0.07247619392781664,0.003251269023714163,25,10,0
15,5355,0.924463834381813,9.345894018513343e-08,0.07228615150961665,0.003249920649629877,25,10,0
15,5356,0.9090523122575855,7.324244245587789e-08,0.08770299179039558,0.003244622709575955,25,10,0
15,5357,0.9091326992854163,7.296816899262238e-08,0.08762395837711372,0.003243269369300581,25,10,0
15,5358,0.9095560361166396,8.269348955879804e-08,0.08720063248180131,0.0032432487080691235,25,10,0
15,5359,0.9298978287327148,2.2572253338892925e-07,0.06681894294427444,0.003283002600477102,25,10,0
15,5360,0.9317609866856928,2.2167864883587562e-07,0.0649556011076126,0.0032831905280454386,25,10,0
15,5361,0.9398917006809401,2.800779998451062e-07,0.060063340797623904,4.467844343579252e-05,25,10,0
15,5362,0.9486572389116594,2.799804072258662e-07,0.05129695988944425,4.552121848886161e-05,25,10,0
15,5363,0.9489122653420873,2.8110719440919314e-07,0.051036432776354106,5.102077436385842e-05,25,10,0
15,5364,0.9503668620444669,2.192030035410525e-07,0.04958062969965664,5.228905287274928e-05,25,10,0
15,5365,0.9506533985153629,2.189096331328427e-07,0.04929541262758815,5.096994741550258e-05,25,10,0
15,5366,0.95059834513914,2.2037422410145473e-07,0.04935036400962302,5.1070477012777745e-05,25,10,0
15,5367,0.9506002482480919,2.201901001458194e-07,0.04934846124989354,5.107031191442479e-05,25,10,0
15,5368,0.9515611542133011,2.198184468332812e-07,0.04838760575484838,5.1020213403946156e-05,25,10,0
15,5369,0.9161798473995791,2.453753193834605e-07,0.08376193310691114,5.7974118190723346e-05,25,10,0
15,5370,0.9151697654751711,6.857340883809791e-07,0.08476939787977798,6.01509109625796e-05,25,10,0
15,5371,0.9129903983137839,6.981115390472566e-07,0.08669497145405312,0.0003139321206240161,25,10,0
15,5372,0.9295397600831177,6.981016713878288e-07,0.07014561007252007,0.00031393174269122025,25,10,0
15,5373,0.9257377784960694,9.375370088357689e-07,0.0738806574486322,0.0003806265182894335,25,10,0
15,5374,0.9287255294888577,9.325291310545834e-07,0.07089286114420973,0.0003806768378015949,25,10,0
15,5375,0.9309520050427459,6.881827892961495e-07,0.06873322085231572,0.0003140859221491836,25,10,0
15,5376,0.9239250683777849,1.4138363594237074e-05,0.07572305863204985,0.00033773462657123854,25,10,0
15,5377,0.9277824305375385,1.4138179414742451e-05,0.07186697096542814,0.0003364603176185951,25,10,0
15,5378,0.9251599972254513,1.431448130609879e-05,0.07448861774109898,0.00033707055214391855,25,10,0
15,5379,0.9219236817881318,1.535896257968736e-05,0.07771957141159967,0.0003413878376890675,25,10,0
15,5380,0.9218108107610337,1.5359131319704463e-05,0.07783241999677633,0.00034141011087060794,25,10,0
15,5381,0.9219303909024034,1.5358964523449778e-05,0.077712870902587,0.0003413792304865853,25,10,0
15,5382,0.9247238822746695,1.5365373574717167e-05,0.07491802557512503,0.00034272677663105413,25,10,0
15,5383,0.9246529233501161,1.5368283606094337e-05,0.07498899164301165,0.0003427167232664947,25,10,0
15,5384,0.9300583302478411,1.5378182024628803e-05,0.06958247276879824,0.00034381880133649555,25,10,0
15,5385,0.9368023879161242,1.9281637362132924e-06,0.06287551099063522,0.00032017292950474295,25,10,0
15,5386,0.9223021496007362,1.950352103558362e-06,0.07737277835887676,0.00032312168828370493,25,10,0
15,5387,0.9093995032632126,3.879091882752359e-06,0.09027643455438933,0.00032018309051509925,25,10,0
15,5388,0.9115786026282668,2.8334450480473214e-06,0.08810821793135727,0.0003103459953276329,25,10,0
15,5389,0.9113829199821956,2.8371423032904236e-06,0.08830298727122278,0.00031125560427825284,25,10,0
15,5390,0.9038453449494689,2.6609341516675553e-06,0.09584133027486667,0.0003106638415124596,25,10,0
15,5391,0.9034289660724008,2.6598165934175164e-06,0.09625781169846652,0.00031056241253885763,25,10,0
15,5392,0.8973535441028289,2.235676525027239e-06,0.10233566675350458,0.00030855346714125416,25,10,0
15,5393,0.8975414510026547,2.228218973674423e-06,0.10214780272460482,0.0003085180537665163,25,10,0
15,5394,0.8975355758685274,2.2330116646601457e-06,0.1021537091394088,0.00030848198039906785,25,10,0
15,5395,0.8916778207443957,2.2300304222614827e-06,0.10801025698182148,0.0003096922433602719,25,10,0
15,5396,0.891869012748584,2.7403002355433157e-06,0.10781866504574424,0.00030958190543598,25,10,0
15,5397,0.8519117250841927,3.153378810219218e-06,0.14137683205568868,0.006708289481308364,25,10,0
15,5398,0.8516952957892839,3.148171396964241e-06,0.14159463274196235,0.006706923297356909,25,10,0
15,5399,0.8683960454415925,2.73512064704425e-06,0.13129291976141413,0.00030829967634634194,25,10,0
15,5400,0.8720989043256218,2.7478103372335578e-06,0.12758994335443843,0.00030840450960232347,25,10,0
15,5401,0.8609356703172236,2.7889730343484796e-06,0.13875306597101378,0.00030847473872822306,25,10,0
15,5402,0.8699242331379878,2.805680785705003e-06,0.12975999905216615,0.0003129621290602558,25,10,0
15,5403,0.8698023231400178,2.8054524045481614e-06,0.12988194034709882,0.0003129310604788294,25,10,0
15,5404,0.8727981297068896,2.6698195210683554e-06,0.1268654664681006,0.00033373400548882416,25,10,0
15,5405,0.8730625945271301,2.6597222522037232e-06,0.1266024091851192,0.0003323365654986606,25,10,0
15,5406,0.87235231651611,2.666437479445591e-06,0.1273126536164419,0.0003323634299688828,25,10,0
15,5407,0.8725546293260353,2.949694874984465e-06,0.12711003282498104,0.00033238815410889397,25,10,0
15,5408,0.8688505765721674,5.445347926834154e-06,0.1308113581500251,0.0003326199298810216,25,10,0
15,5409,0.9042021228832868,5.419610878753209e-06,0.09546681610288484,0.00032564140294984086,25,10,0
15,5410,0.9047601137014881,4.897561239537989e-06,0.09490811259364273,0.00032687614362980356,25,10,0
15,5411,0.9030224834300188,4.897871822246601e-06,0.09664565808267411,0.00032696061548500704,25,10,0
15,5412,0.8849323785004829,5.433591734012223e-06,0.11473504745787874,0.00032714044990495754,25,10,0
15,5413,0.8859134950962528,5.433587369798845e-06,0.11375393013331447,0.00032714118306350487,25,10,0
15,5414,0.8861474469245191,5.4336831072715435e-06,0.11351997761748057,0.00032714177489366993,25,10,0
15,5415,0.8705489049062868,5.4145893865264785e-06,0.12936874834823633,7.693215609124036e-05,25,10,0
15,5416,0.8704708926147215,5.414652388596416e-06,0.12944675076529624,7.694196759448557e-05,25,10,0
15,5417,0.8705366475996315,5.363579886587147e-06,0.12938109704302,7.689177746283044e-05,25,10,0
15,5418,0.8691864030914535,5.367340854373146e-06,0.13060982813365832,0.00019840143403458983,25,10,0
15,5419,0.8683177251383638,5.385907701219189e-06,0.13147829375248232,0.00019859520145332852,25,10,0
15,5420,0.8462217428443527,5.367284364732375e-06,0.15357449754871863,0.00019839232256468143,25,10,0
15,5421,0.8460121063063352,5.367483141578003e-06,0.15378413721338607,0.0001983889971377864,25,10,0
15,5422,0.8459088156290714,5.3715935646657885e-06,0.15388590092195778,0.00019991185540660207,25,10,0
15,5423,0.845672557594039,5.368581977227812e-06,0.1541221957555648,0.00019987806841942528,25,10,0
15,5424,0.8667159747117874,5.370000021951477e-06,0.13307865426136634,0.00020000102682522547,25,10,0
15,5425,0.8672819001045301,5.355768396674179e-06,0.13251386695663664,0.00019887717043778368,25,10,0
15,5426,0.885324431654426,5.356084616454158e-06,0.11447620513381156,0.00019400712714668318,25,10,0
15,5427,0.8843766379254894,5.356471738583949e-06,0.11542399986726432,0.0001940057355083935,25,10,0
15,5428,0.8840411802159461,5.361046879416632e-06,0.11575947736227173,0.0001939813749034404,25,10,0
15,5429,0.885501541681487,5.34014638154494e-06,0.11430516253703717,0.00018795563509508694,25,10,0
15,5430,0.8830017018900318,2.4303238150699798e-05,0.11669579624842735,0.0002781986233906589,25,10,0
15,5431,0.8834796729764817,2.4302879802643698e-05,0.11621782526846823,0.0002781988752484603,25,10,0
15,5432,0.8829684533428686,2.430664353667729e-05,0.11667407978089633,0.0003331602326988673,25,10,0
15,5433,0.8955439730806805,2.4265480826438688e-05,0.10409867098000417,0.0003330904584889708,25,10,0
15,5434,0.8903349074194956,2.426553797598751e-05,0.10930771878072544,0.00033310826180300645,25,10,0
15,5435,0.8892999834610995,2.4267607694528918e-05,0.11034262731708047,0.0003331216141255123,25,10,0
15,5436,0.8544304337105878,2.4268945991158995e-05,0.14520522573074263,0.00034007161267935506,25,10,0
15,5437,0.8382709641118663,2.501098427967917e-05,0.16136093987843603,0.0003430850254194417,25,10,0
15,5438,0.8673361659875028,2.3060171285824255e-05,0.132297858031724,0.0003429158094891346,25,10,0
15,5439,0.8380618905809114,2.2821297500058507e-05,0.16157235867054745,0.00034292945104230264,25,10,0
15,5440,0.8627427295353691,4.875579143880388e-06,0.1367329332320788,0.0005194616534092551,25,10,0
15,5441,0.8627362786131969,4.875611825272235e-06,0.13673936055076324,0.0005194852242154453,25,10,0
15,5442,0.8478126640449001,6.524432521582301e-05,0.15159779220988834,0.000524299419996598,25,10,0
15,5443,0.848790776417978,6.52439135031705e-05,0.15061968203982398,0.0005242976286959345,25,10,0
15,5444,0.8483767071305818,6.524534172805809e-05,0.15098507246907447,0.000572975058616412,25,10,0
15,5445,0.8526240056050686,6.524529106499862e-05,0.14673771535021018,0.0005730337536565771,25,10,0
15,5446,0.8524052618759634,6.524556987560796e-05,0.14695640487814254,0.0005730876760186614,25,10,0
15,5447,0.852112327329572,6.528290168521394e-05,0.1472493512451258,0.0005730385236172044,25,10,0
15,5448,0.8382101300442044,6.278727527984572e-05,0.16115427499634474,0.0005728076841713133,25,10,0
15,5449,0.8380770276007274,6.279231348599356e-05,0.1612873377823008,0.0005728423034860196,25,10,0
15,5450,0.8678015382125173,6.279228699214594e-05,0.13156284223961387,0.0005728272608774085,25,10,0
15,5451,0.867034629633727,6.280042537551172e-05,0.13226706675047753,0.0006355031904206601,25,10,0
15,5452,0.8677532279633694,6.280285307306354e-05,0.1316660091145297,0.0005179600690285914,25,10,0
15,5453,0.8706782861358465,6.280273671675704e-05,0.12874194980215406,0.0005169613252835903,25,10,0
15,5454,0.8887649942574911,6.280271074194909e-05,0.11065523893790358,0.0005169640938638925,25,10,0
15,5455,0.889425183727737,6.279623694946039e-05,0.11004375086716292,0.00046826916815115473,25,10,0
15,5456,0.8971047585509617,6.278835171376661e-05,0.10248557104402367,0.0003468820533015217,25,10,0
15,5457,0.9311594209025703,1.8649752098638807e-06,0.06849685085748793,0.0003418632647317893,25,10,0
15,5458,0.9234143374329341,1.8738882390473637e-06,0.0695259516271663,0.0070578370516605395,25,10,0
15,5459,0.9232813895645141,1.874097261831765e-06,0.06965887497392564,0.007057861364298458,25,10,0
15,5460,0.9238562714008516,1.8601229879617066e-06,0.0690849668256789,0.00705690165048163,25,10,0
15,5461,0.9257012080684247,1.8633702766242122e-06,0.06724011829179989,0.007056810269499048,25,10,0
15,5462,0.9257181141186076,1.8581717720835108e-06,0.06722324170255865,0.007056786007062038,25,10,0
15,5463,0.9085587897808961,2.4462239542898363e-06,0.08418397809245022,0.007254785902699967,25,10,0
15,5464,0.9085418378604285,2.4458679558915687e-06,0.08420083700072795,0.007254879270888196,25,10,0
15,5465,0.894300971696217,7.577497514554911e-06,0.09708128670858766,0.008610164097681127,25,10,0
15,5466,0.9108748123897449,6.972248113676317e-06,0.08070605599091081,0.008412159371231069,25,10,0
15,5467,0.9071402922642249,6.9724859146125845e-06,0.0843719898839481,0.008480745365913077,25,10,0
15,5468,0.8899381703344906,6.972572034948308e-06,0.10139647917339185,0.008658377920082838,25,10,0
15,5469,0.8743595244757251,7.006244130004681e-06,0.11697502522645861,0.00865844405368736,25,10,0
15,5470,0.8909561095202776,6.970507964346746e-06,0.10037855539804794,0.008658364573710817,25,10,0
15,5471,0.8858798052020112,6.964123639422309e-06,0.10549878688808312,0.008614443786266994,25,10,0
15,5472,0.9042538354043371,6.969064851403446e-06,0.08713008653094116,0.00860910899987138,25,10,0
15,5473,0.8994441072029393,8.370451423699306e-06,0.09155657926912626,0.008990943076511729,25,10,0
15,5474,0.8948127436023087,8.576590496620856e-06,0.09620334580788102,0.008975333999314694,25,10,0
15,5475,0.9114712605878803,8.591571617210152e-06,0.07971797928839398,0.008802168552109062,25,10,0
15,5476,0.9142833409832813,7.573858238319311e-06,0.07717386022945599,0.008535224929024893,25,10,0
15,5477,0.9074817750970243,7.826483713759535e-06,0.08397521682683527,0.008535181592427433,25,10,0
15,5478,0.888028717689647,8.620758242271383e-06,0.10342750097416407,0.008535160577947865,25,10,0
15,5479,0.8800347614447365,8.605791921408225e-06,0.11142506346926248,0.008531569294080237,25,10,0
15,5480,0.8963240244251774,8.602764684832338e-06,0.09513738820254175,0.008529984607596918,25,10,0
15,5481,0.9036920183506816,8.723395488684371e-06,0.09448520030845804,0.0018140579453728035,25,10,0
15,5482,0.9032016490885081,8.748501321567116e-06,0.09497213091382013,0.0018174714963512437,25,10,0
15,5483,0.9043512607213358,8.72807372328081e-06,0.09382254307481785,0.001817468130124337,25,10,0
15,5484,0.9039823163746354,8.900368070354954e-06,0.09419127826876648,0.0018175049885288794,25,10,0
15,5485,0.9143236432478785,8.688474517638857e-06,0.0838511653489379,0.0018165029286667394,25,10,0
15,5486,0.9143196668262645,8.688533250756603e-06,0.08385237939504715,0.0018192652454384044,25,10,0
15,5487,0.9145253794337271,8.685556153003895e-06,0.08364667644807845,0.001819258562042304,25,10,0
15,5488,0.9147219416308378,8.685556261134423e-06,0.08345018039713885,0.0018191924157632982,25,10,0
15,5489,0.9146936971377028,8.8675667855512e-06,0.08347904008113499,0.0018183952143774537,25,10,0
15,5490,0.923553959071178,8.685549989562745e-06,0.07461897429441582,0.0018183810844170944,25,10,0
15,5491,0.9368378390482962,3.5637979562902094e-06,0.06269545750981984,0.0004631396439277525,25,10,0
15,5492,0.9289781668739979,3.571800525719703e-06,0.07043456227198366,0.0005836990534932968,25,10,0
15,5493,0.9192727884424596,3.740014421689963e-06,0.080117700693306,0.0006057708498134513,25,10,0
15,5494,0.9193949825520591,3.7415406417105853e-06,0.07999508304377179,0.0006061928635281122,25,10,0
15,5495,0.9131538084658394,3.745963108962388e-06,0.0862351112480243,0.0006073343230283741,25,10,0
15,5496,0.9121605307437103,3.746626621162292e-06,0.08722821331785256,0.0006075093118167898,25,10,0
15,5497,0.9192359665707193,3.1899144688377432e-06,0.08010765074838065,0.0006531927664319159,25,10,0
15,5498,0.9183619283734257,3.2171820246356176e-06,0.08098172925538444,0.000653125189165862,25,10,0
15,5499,0.8875932320425431,4.880947163615564e-06,0.08602854019568991,0.0263733468146035,25,10,0
15,5500,0.8875348314379811,4.88063580846854e-06,0.08608835560363744,0.02637193232257387,25,10,0
15,5501,0.8802837524588055,5.062819408002603e-06,0.09329527975706188,0.02641590496472468,25,10,0
15,5502,0.8566594256349184,5.502202720686319e-06,0.11680730702280279,0.026527765139557374,25,10,0
15,5503,0.856617539447428,5.5009402003468586e-06,0.11684816233144421,0.02652879728092675,25,10,0
15,5504,0.8566159463236943,5.329747533424013e-06,0.11684670113890253,0.026532022789869148,25,10,0
15,5505,0.8357764107793163,5.169268902800981e-06,0.13772588062858548,0.02649253932319461,25,10,0
15,5506,0.828506061129611,5.171284910372343e-06,0.14499579800708617,0.026492969578392117,25,10,0
15,5507,0.8471135532599446,5.129605372364034e-06,0.12638375426066525,0.026497562874017534,25,10,0
15,5508,0.847462657186197,5.128570730078231e-06,0.12603791267071596,0.02649430157235675,25,10,0
15,5509,0.8472382373724799,1.3146014591430754e-05,0.15199802989615413,0.0007505867167744221,25,10,0
15,5510,0.8566879127225379,1.2963323976892911e-05,0.14252345320528828,0.0007756707481969078,25,10,0
15,5511,0.8657871235480441,1.2942436019544504e-05,0.13342392631270159,0.0007760077032347657,25,10,0
15,5512,0.8669268687847145,1.2175626955629546e-05,0.13228959035300739,0.0007713652353223341,25,10,0
15,5513,0.8670214313317355,1.2175115578924372e-05,0.132245552655502,0.0007208408971834879,25,10,0
15,5514,0.874293504785555,1.1922485911856433e-05,0.12497376587616384,0.0007208068523694849,25,10,0
15,5515,0.8629204882660929,4.707297606597111e-05,0.13631274339500202,0.0007196953628393065,25,10,0
15,5516,0.8782759486681482,1.1917787885101958e-05,0.12099249283411823,0.0007196407098488334,25,10,0
15,5517,0.8789502929843377,1.1909846950515006e-05,0.1203171876542115,0.0007206095145006574,25,10,0
15,5518,0.8783647534919978,1.1909878801114289e-05,0.12090272160137787,0.0007206150278236806,25,10,0
15,5519,0.8812724128710373,1.1969998946203324e-05,0.11804391623681129,0.0006717008932056334,25,10,0
15,5520,0.8744634457223792,1.2455366900024087e-05,0.12485338936849644,0.0006707095422247636,25,10,0
15,5521,0.8661110047705425,1.232983006999261e-05,0.13315791405720762,0.0007187513421804338,25,10,0
15,5522,0.8659607377780102,1.2330245176470306e-05,0.13330818144519105,0.0007187505316230497,25,10,0
15,5523,0.8659420296240412,1.233097994261721e-05,0.1333268787615464,0.0007187606344705191,25,10,0
15,5524,0.8667948312226482,5.7548147706909345e-06,0.1325255074678755,0.000673906494706547,25,10,0
15,5525,0.8670293390640579,5.829063175319609e-06,0.1322890250992744,0.0006758067734930978,25,10,0
15,5526,0.8676815419084282,5.819027309784621e-06,0.1316369024500185,0.0006757366142442326,25,10,0
15,5527,0.8671007597501809,5.818873039815385e-06,0.1322177470868597,0.0006756742899202962,25,10,0
15,5528,0.8664145048245095,6.101618148762084e-06,0.13290366265908984,0.000675730898252899,25,10,0
15,5529,0.8662632118721859,6.079806319059156e-06,0.13304925855909988,0.0006814497623954201,25,10,0
15,5530,0.8725607548087118,5.833267038660345e-06,0.12675200382185955,0.0006814081023904745,25,10,0
15,5531,0.865921094839592,5.833419879492104e-06,0.13335364144596387,0.0007194302945649339,25,10,0
15,5532,0.8659994259083464,5.833435485925656e-06,0.13327529880504177,0.0007194418511260317,25,10,0
15,5533,0.8658126887480142,5.833766612604918e-06,0.1334620379940649,0.0007194394913086711,25,10,0
15,5534,0.8501877641830472,5.855786073508941e-06,0.1490839285191247,0.0007224515117549504,25,10,0
15,5535,0.8501768706357606,5.855791015621025e-06,0.14909482133347862,0.0007224522397457783,25,10,0
15,5536,0.8500483362220526,5.860501816569035e-06,0.14922335030509085,0.0007224529710405582,25,10,0
15,5537,0.8660367541941365,6.118272700097938e-06,0.1332363353559371,0.0007207921772264463,25,10,0
15,5538,0.8661442286408062,6.123175781632708e-06,0.1331288904047122,0.0007207577787001727,25,10,0
15,5539,0.8670732988983018,6.096453416929406e-06,0.13219978821455225,0.0007208164337291063,25,10,0
15,5540,0.8633167369321005,6.101091478535856e-06,0.13595634846056212,0.0007208135158591881,25,10,0
15,5541,0.8602024143820414,6.100878757563008e-06,0.13907067303252915,0.0007208117066722568,25,10,0
15,5542,0.8601558108003,6.100537840890242e-06,0.1391172747576586,0.0007208139042006322,25,10,0
15,5543,0.8563573799857254,6.095664381152605e-06,0.14291571065623646,0.0007208136936571445,25,10,0
15,5544,0.8544561003705782,6.103983786669027e-06,0.14481693854339142,0.0007208571022438427,25,10,0
15,5545,0.8883397713478207,2.9988458718406667e-06,0.11093663549535437,0.0007205943109536476,25,10,0
15,5546,0.8881788338919021,3.044512846854323e-06,0.1110971015081023,0.000721020087149317,25,10,0
15,5547,0.8543298132646784,3.093884827021016e-06,0.14493303450548894,0.0007340583450054461,25,10,0
15,5548,0.855208722925468,3.0946720219082165e-06,0.14405441230094107,0.0007337701015687948,25,10,0
15,5549,0.8551375789133685,3.0899732142481575e-06,0.14412554362198135,0.0007337874914359264,25,10,0
15,5550,0.8568492045395932,3.091010961690551e-06,0.14241395902548165,0.0007337454239636544,25,10,0
15,5551,0.8567318645559042,3.0910968878548966e-06,0.14253129976945048,0.000733744577757572,25,10,0
15,5552,0.8559672291545045,3.086626581234586e-06,0.14329441058625486,0.0007352736326594689,25,10,0
15,5553,0.8554558034084129,3.092819771503686e-06,0.14380427959273306,0.0007368241790826356,25,10,0
15,5554,0.8452293838895706,3.1121130660123374e-06,0.15386799259946338,0.0008995113978996431,25,10,0
15,5555,0.8796774091058641,3.0626708212121964e-06,0.11943305827308379,0.0008864699502311798,25,10,0
15,5556,0.8701425403091541,1.251558796643308e-05,0.12894225881847743,0.0009026852844018844,25,10,0
15,5557,0.844874946899413,5.125863888331153e-06,0.15422361862698347,0.0008963086097143993,25,10,0
15,5558,0.8446762510200795,5.264285236565553e-06,0.15438341242440998,0.0009350722702732546,25,10,0
15,5559,0.8515225447604179,5.121432067038384e-06,0.14757604582049047,0.0008962879870239611,25,10,0
15,5560,0.8597880940433766,5.127122093172492e-06,0.13935796980576495,0.0008488090287647881,25,10,0
15,5561,0.8237014276463067,5.128674894906653e-06,0.17544450907225895,0.0008489346065398082,25,10,0
15,5562,0.8253962287144063,3.724861125401686e-06,0.17409995059196245,0.0005000958325064213,25,10,0
15,5563,0.8536342959060679,3.7266598580602123e-06,0.14577966124091912,0.0005823161931548892,25,10,0
15,5564,0.8884361072293041,1.663558726896888e-06,0.11098975040780246,0.000572478804166298,25,10,0
15,5565,0.8874000008672834,1.6859246629287235e-06,0.11202592444069834,0.0005723887673551516,25,10,0
15,5566,0.8868181071410257,1.6862201402728832e-06,0.11260776686664747,0.0005724397721863006,25,10,0
15,5567,0.8898654094159272,1.691712119836213e-06,0.10956025465588372,0.0005726442160692119,25,10,0
15,5568,0.8987621318129254,1.6915596332819235e-06,0.10070150626271468,0.0005346703647270926,25,10,0
15,5569,0.8985629919387534,1.7001256160413382e-06,0.10090077775338831,0.0005345301822425172,25,10,0
15,5570,0.9062655912861364,1.692267964476109e-06,0.09331870912713917,0.0004140073187605432,25,10,0
15,5571,0.9066174259111766,1.68328108173895e-06,0.09296557721139374,0.0004153135963483921,25,10,0
15,5572,0.903549808579538,2.0929843032100926e-06,0.09606575696694146,0.0003823414692173982,25,10,0
15,5573,0.9034296540553199,2.044113416683273e-06,0.0961879247371248,0.00038037709413892104,25,10,0
15,5574,0.9033840097198913,2.0437604782020854e-06,0.09623502417370342,0.0003789223459274144,25,10,0
15,5575,0.9020096976356189,2.0777660684067956e-06,0.09760914613123589,0.0003790784670770901,25,10,0
15,5576,0.896276986463517,5.9197485248863544e-06,0.10331899404796419,0.0003980997399937018,25,10,0
15,5577,0.896558299113045,5.63959834076463e-06,0.10303793879191335,0.0003981224967006476,25,10,0
15,5578,0.8921215492092236,5.6091501889531015e-06,0.10740900634657041,0.00046383529401703756,25,10,0
15,5579,0.8912014188369001,5.832913866460926e-06,0.1082674557449419,0.000525292504291531,25,10,0
15,5580,0.8864897757992408,5.814247344282357e-06,0.11293632221165271,0.0005680877417620802,25,10,0
15,5581,0.8808176943027151,5.913305115288973e-06,0.11860922609595637,0.0005671662962130767,25,10,0
15,5582,0.9155420872435757,5.912402297279899e-06,0.08380345309236695,0.000648547261760141,25,10,0
15,5583,0.87910386044889,7.910809983288191e-05,0.12016236171777799,0.0006546697334993661,25,10,0
15,5584,0.87970463156358,7.906833204040247e-05,0.11956163577981808,0.0006546643245613263,25,10,0
15,5585,0.8729773924591587,7.90724594311795e-05,0.12628889922143266,0.0006546358599776647,25,10,0
15,5586,0.8725737086903426,7.902709131593688e-05,0.12669295981793763,0.0006543044004038872,25,10,0
15,5587,0.8786259328621238,7.903304149602076e-05,0.12070655997092355,0.0005884741254566286,25,10,0
15,5588,0.8787166156016117,7.903301448498614e-05,0.12061585199290048,0.0005884993910030374,25,10,0
15,5589,0.87686488363234,7.902812933840998e-05,0.1224690869958422,0.0005870012424796114,25,10,0
15,5590,0.8836046145188304,7.902399856354012e-05,0.11572938066618953,0.0005869808164167434,25,10,0
15,5591,0.889362018510809,7.8818814650393e-05,0.11007643415558857,0.00048272851895225934,25,10,0
15,5592,0.8898281577225735,7.88136724196786e-05,0.10961149826026771,0.0004815303447392693,25,10,0
15,5593,0.8959125381369352,7.840181652232076e-05,0.1035275602170871,0.0004814998294553411,25,10,0
15,5594,0.881931483695271,7.893597251289415e-05,0.11750556989469647,0.0004840104375197132,25,10,0
15,5595,0.881608962182744,7.89359718733173e-05,0.11782808349778146,0.00048401834760125183,25,10,0
15,5596,0.8822919194728277,7.865322898926564e-05,0.11714546541240875,0.00048396188577438855,25,10,0
15,5597,0.9184505976308889,5.467606931562222e-06,0.08106607030297468,0.00047786445920486987,25,10,0
15,5598,0.9180585946432861,5.472129970073794e-06,0.08149692432466749,0.0004390089020766878,25,10,0
15,5599,0.9238352272715492,5.373072583936722e-06,0.07572084578792833,0.0004385538679386615,25,10,0
15,5600,0.9236630368140003,5.373076582331894e-06,0.07589304470593984,0.000438545403477804,25,10,0
15,5601,0.9226807408483745,5.373255237070501e-06,0.07672170021254106,0.0005921856838477546,25,10,0
15,5602,0.9207724610207413,5.382320138633208e-06,0.07862552142258361,0.0005966352365367636,25,10,0
15,5603,0.9203718118950005,5.394488807976086e-06,0.0790250231436809,0.000597770472510838,25,10,0
15,5604,0.9271101132956235,4.907392633879159e-06,0.07228716640585019,0.0005978129058924077,25,10,0
15,5605,0.9211846620516445,4.806914697776205e-06,0.07821305920795187,0.0005974718257059367,25,10,0
15,5606,0.920589486112761,4.799954529064575e-06,0.07886272984036703,0.0005429840923430187,25,10,0
15,5607,0.9076169152208254,4.808559257459247e-06,0.09190261375420646,0.00047566246571079703,25,10,0
15,5608,0.908304330964556,4.8074637941859e-06,0.09121536479676101,0.0004754967748892456,25,10,0
15,5609,0.9016508472411221,4.86485753723598e-06,0.09669297000679725,0.0016513178945436933,25,10,0
15,5610,0.895662757441871,5.0746442517951846e-06,0.10268081428066787,0.0016513536332096207,25,10,0
15,5611,0.901298142330192,1.2377523285232753e-06,0.09706821309221823,0.0016324068252612837,25,10,0
15,5612,0.9155870268917365,8.243622411652767e-07,0.08289467800212273,0.001517470743899662,25,10,0
15,5613,0.9155624170290477,8.292593463872857e-07,0.08291928253410574,0.0015174711775002314,25,10,0
15,5614,0.9021023329915117,4.66774421691672e-07,0.09637539055644377,0.0015218096776228208,25,10,0
15,5615,0.8667238276163041,1.7660191215608401e-06,0.13174628026352467,0.001528126101050028,25,10,0
15,5616,0.8693332145422586,1.768815366504614e-06,0.12913682954967254,0.0015281870927026635,25,10,0
15,5617,0.9029907837303184,1.6973948375094211e-06,0.09548585933832028,0.001521659536524367,25,10,0
15,5618,0.9062181080538387,1.6811809429692846e-06,0.09191370765968297,0.001866503105535749,25,10,0
15,5619,0.9069246951040139,1.6749786268547945e-06,0.09120869437176836,0.0018649355455913064,25,10,0
15,5620,0.9070401521174825,1.67995228949878e-06,0.09109338104633886,0.0018647868838896839,25,10,0
15,5621,0.9393286731817535,3.8697621424681277e-07,0.059157360503675864,0.0015135793383564975,25,10,0
15,5622,0.9460702559851972,3.442953550484089e-07,0.053591467722179556,0.0003379319972679995,25,10,0
15,5623,0.9099117341209384,3.4537825671063413e-07,0.08974282470396305,0.0003450957968421825,25,10,0
15,5624,0.9100604668565366,3.451488642658839e-07,0.08959409709203255,0.00034509090256696533,25,10,0
15,5625,0.9012170089696652,6.033245354364057e-07,0.09840438689717504,0.000378000808624138,25,10,0
15,5626,0.9012238270760783,6.033215045777706e-07,0.09839756964799987,0.0003779999544168529,25,10,0
15,5627,0.9117667807038263,3.2950474122578386e-07,0.08789275582006345,0.00034013397136922275,25,10,0
15,5628,0.9118962697413606,3.2444026414877564e-07,0.08776329683738593,0.0003401089809896111,25,10,0
15,5629,0.9177579591445775,1.1487115806740514e-07,0.08190184372255717,0.0003400822617074069,25,10,0
15,5630,0.9184101026445269,1.0261557754096221e-07,0.08125085655999033,0.00033893817990544807,25,10,0
15,5631,0.9078087848085197,4.2850365117877e-07,0.09184852786784345,0.00034225881998566565,25,10,0
15,5632,0.9243026437196288,4.072092390652401e-07,0.07551780382326743,0.00017914524786458188,25,10,0
15,5633,0.9242514460444241,4.0715443342972224e-07,0.07556896005348375,0.00017918674765844407,25,10,0
15,5634,0.9239221905075674,4.071660414506816e-07,0.07589821567833475,0.00017918664805594215,25,10,0
15,5635,0.9246180834546738,3.7010462702345716e-07,0.07520253724322049,0.0001790091974784949,25,10,0
15,5636,0.9218527160098274,3.610408004972905e-07,0.0779820961439661,0.0001648268054057232,25,10,0
15,5637,0.9214608106601367,3.611825193250737e-07,0.07837389786120835,0.00016493029613521472,25,10,0
15,5638,0.9166842744442694,3.7255255608328017e-07,0.08309867493022569,0.0002166780729484125,25,10,0
15,5639,0.9155417410816494,6.670553924601566e-07,0.08416237718423637,0.0002952146787213302,25,10,0
15,5640,0.900754166033084,4.1263047124800706e-05,0.09871246784514413,0.0004921030746475561,25,10,0
15,5641,0.9007231636837888,4.126370609447883e-05,0.09874335916380274,0.0004922134463144893,25,10,0
15,5642,0.9332140146668394,4.133595874823834e-05,0.06624959549970036,0.000495053874711929,25,10,0
15,5643,0.898595311011037,4.1262351411812056e-05,0.10085383696026043,0.0005095896772909772,25,10,0
15,5644,0.8897103994928846,4.1440321168150895e-05,0.10973865217422643,0.000509508011720805,25,10,0
15,5645,0.9163707115516453,4.1440789964785626e-05,0.08310288048860982,0.00048496716977947796,25,10,0
15,5646,0.9162369640139711,4.144121661516468e-05,0.0832366249370237,0.0004849698323895382,25,10,0
15,5647,0.9060778892650618,5.0351444405200634e-05,0.09338612855430657,0.0004856307362262765,25,10,0
15,5648,0.9192785701198426,9.755456852452558e-06,0.08042293219024713,0.0002887422330573496,25,10,0
15,5649,0.9190067846395319,9.755507791771031e-06,0.08069398605038898,0.00028947380228698473,25,10,0
15,5650,0.9185588828401225,9.861839930416271e-06,0.08111347243731322,0.000317782882633462,25,10,0
15,5651,0.9189162338487978,9.856639027454928e-06,0.08075617357159,0.0003177359405845567,25,10,0
15,5652,0.8928289559501369,2.909593347750781e-05,0.10673183268198735,0.00041011543439838116,25,10,0
15,5653,0.8936783972605385,2.9096493906601673e-05,0.10603601982014953,0.0002564864254055081,25,10,0
15,5654,0.8930964510339467,2.9214057355219964e-05,0.10661779781383571,0.000256537094862486,25,10,0
15,5655,0.8909457585648497,3.0215179898639284e-05,0.10876292593315606,0.0002611003220956739,25,10,0
15,5656,0.8668632029435756,3.0216229620194895e-05,0.132845480447969,0.0002611003788355971,25,10,0
15,5657,0.8667077464505991,3.0211393098548297e-05,0.13300095030428838,0.0002610918520142216,25,10,0
15,5658,0.866830249989403,3.0210721719682956e-05,0.13287845712713842,0.0002610821617391192,25,10,0
15,5659,0.8699750511463279,3.0210690534553e-05,0.12973357606891378,0.0002611620942228495,25,10,0
15,5660,0.8676564018589825,3.025625643731126e-05,0.13205203254036732,0.00026130934421199353,25,10,0
15,5661,0.8460851548798439,2.9695433551259102e-05,0.15351372964890725,0.00037142003769677237,25,10,0
15,5662,0.8462532824403468,2.9695102377171932e-05,0.1533456288515425,0.00037139360573284867,25,10,0
15,5663,0.8465724542810503,2.9588943640480045e-05,0.15305486385735642,0.0003430929179521452,25,10,0
15,5664,0.846017681032462,2.95975238918709e-05,0.1536095683400902,0.00034315310355518267,25,10,0
15,5665,0.8462370333472606,2.9597531885552655e-05,0.15339032525930818,0.00034304386154500403,25,10,0
15,5666,0.8248412054224549,3.0833100105874464e-05,0.17477338905256146,0.0003545724248781832,25,10,0
15,5667,0.8259410216437278,3.0833102804366976e-05,0.17367357250651982,0.00035457274694836145,25,10,0
15,5668,0.7896761803707727,3.083374410342696e-05,0.20993840833959088,0.00035457754553452333,25,10,0
15,5669,0.8075452062082041,3.0393471521859998e-05,0.19218404488436014,0.00024035543591401383,25,10,0
15,5670,0.810110553672333,3.0353783846138583e-05,0.1896188642167793,0.00024022832704141694,25,10,0
15,5671,0.810607916090208,3.0345233966426614e-05,0.18912156253341603,0.0002401761424092846,25,10,0
15,5672,0.8089348100444117,3.1127521999334276e-05,0.1907902230261405,0.00024383940744844579,25,10,0
15,5673,0.7708964374045563,3.328647534561684e-05,0.22882643000554542,0.00024384611455335748,25,10,0
15,5674,0.7817480670531026,2.4372764489903334e-05,0.2179844778449894,0.00024308233741867846,25,10,0
15,5675,0.8163036763596423,2.3140093908300548e-05,0.18344162811705667,0.00023155542939283893,25,10,0
15,5676,0.8541979134641775,2.2357734375469804e-05,0.145551770572475,0.00022795822897179324,25,10,0
15,5677,0.8545361735732713,2.2640642357497628e-05,0.14521328959713173,0.00022789618723908687,25,10,0
15,5678,0.8559630423246166,2.2336035525398938e-05,0.1438648819224249,0.00014973971743259274,25,10,0
15,5679,0.8564026479143775,2.22299658244359e-05,0.1434252169365128,0.00014990518328497236,25,10,0
15,5680,0.816789801611145,0.0002562186511480374,0.18278452735093886,0.0001694523867682188,25,10,0
15,5681,0.8167979617573674,0.0002562186544223257,0.18277636745971024,0.00016945212850025276,25,10,0
15,5682,0.8032922990326413,0.00025621068986665023,0.1962383093944377,0.00021318088305565354,25,10,0
15,5683,0.8097218298299141,0.0002558849219894698,0.1898110783013048,0.0002112069467928539,25,10,0
15,5684,0.8364925542131704,0.0002558904304777236,0.16303952320924325,0.0002120321471089826,25,10,0
15,5685,0.8388120786190434,0.0002558903508153804,0.16072115932581948,0.0002108717043221485,25,10,0
15,5686,0.84786654656294,0.0002558834793314573,0.1516674741247793,0.00021009583294949498,25,10,0
15,5687,0.8461379551678703,0.0002558843445024626,0.15339589815913107,0.0002102623284963727,25,10,0
15,5688,0.8639110649919332,0.0002558781510538875,0.1357183616412507,0.00011469521576244495,25,10,0
15,5689,0.8643712135811635,0.00025587815766603357,0.1352582130815365,0.00011469517963402429,25,10,0
15,5690,0.8643542316195854,0.0002558783129032582,0.13527516105044612,0.00011472901706511814,25,10,0
15,5691,0.8304685586978688,0.0005000759760963875,0.1688965446892702,0.00013482063676507135,25,10,0
15,5692,0.8515661086148189,0.0004980349695126358,0.14780120594323287,0.00013465047243658236,25,10,0
15,5693,0.8520825413180022,0.0004980319326969728,0.1472848600581753,0.00013456669112627855,25,10,0
15,5694,0.833285582715551,0.0004980404720381224,0.15919804050909045,0.007018336303321357,25,10,0
15,5695,0.8317287017094691,0.0004980424862811191,0.16075492199807492,0.007018333806175718,25,10,0
15,5696,0.8526689675870941,0.0004980343721628947,0.1466878922310028,0.00014510580974094156,25,10,0
15,5697,0.852655802275915,0.0004977566781289155,0.14670132607449235,0.00014511497146439933,25,10,0
15,5698,0.853297672734823,0.00026376878017620933,0.14631301563075458,0.000125542854245838,25,10,0
15,5699,0.851798771067054,0.0002636697109838174,0.14780679395928234,0.00013076526267933206,25,10,0
15,5700,0.83997966500403,0.00026367070424408034,0.15962204963941654,0.00013461465230899287,25,10,0
15,5701,0.841715137925938,0.0002636526032223354,0.15789175668546057,0.00012945278537859187,25,10,0
15,5702,0.841519381266235,0.0002636463136235512,0.15808751189765047,0.00012946052249034905,25,10,0
15,5703,0.8414939701957052,0.00026364657463032274,0.15812334073749146,0.00011904249217230876,25,10,0
15,5704,0.8800752295229632,0.00026364631281909694,0.11954208100698649,0.00011904315723093867,25,10,0
15,5705,0.8921263933947199,0.00026364532765885276,0.10749467410936306,0.00011528716825786896,25,10,0
15,5706,0.8955041377404084,0.0002636452235830612,0.10411833122690856,0.0001138858090995486,25,10,0
15,5707,0.8946264325087587,0.00026475363350082396,0.10499473951603297,0.00011407434170704675,25,10,0
15,5708,0.8945191727326991,0.00026475316503246366,0.10510204548788407,0.00011402861438415983,25,10,0
15,5709,0.8838328967217463,0.00026489872911190145,0.11578817542507643,0.00011402912406527117,25,10,0
15,5710,0.883863928908042,0.0002648987315166674,0.11575714219793025,0.00011403016251097454,25,10,0
15,5711,0.8792535947715048,0.0002639555006219109,0.120283984907919,0.00019846481995441684,25,10,0
15,5712,0.8809391390768461,0.00026395482254675244,0.11859858622316512,0.00019831987744204973,25,10,0
15,5713,0.8811202273121297,0.00026395451492244317,0.11841752000354708,0.00019829816940073166,25,10,0
15,5714,0.8811156554881577,0.0002639548505477048,0.11842209193270287,0.00019829772859183173,25,10,0
15,5715,0.8618084784347757,0.00029650947809798273,0.13769429898216912,0.00020071310495676508,25,10,0
15,5716,0.8636423452015347,0.00029650789183165155,0.13586045841408326,0.00020068849255000022,25,10,0
15,5717,0.8969588285004978,5.231056321637425e-05,0.10280800196617354,0.0001808589701127989,25,10,0
15,5718,0.9165465766416038,3.976256407627841e-05,0.08332516539377646,8.849540054451765e-05,25,10,0
15,5719,0.9269272653932584,3.96371040423902e-05,0.072944548778731,8.854872396856929e-05,25,10,0
15,5720,0.9154017428432601,3.9636989290423315e-05,0.08447007412857283,8.854603887749351e-05,25,10,0
15,5721,0.9316262295041818,3.962511670261536e-05,0.06824560099430463,8.854438481168367e-05,25,10,0
15,5722,0.9373747331817803,3.962942472804433e-05,0.0624959995663469,8.963782714549204e-05,25,10,0
15,5723,0.946649279395512,3.9446214007224324e-05,0.05322166722344482,8.96071670366598e-05,25,10,0
15,5724,0.9470620041733855,3.944190956884832e-05,0.05281006001150031,8.84939055460703e-05,25,10,0
15,5725,0.9133040845205629,3.9460761761265806e-05,0.08450723932837306,0.0021492153893024465,25,10,0
15,5726,0.9136584543767803,3.946037765626603e-05,0.0841529808057454,0.0021491044398177003,25,10,0
15,5727,0.9137763470775123,3.948012089255905e-05,0.08403533602956642,0.0021488367720284645,25,10,0
15,5728,0.9138314388031561,3.945999307091926e-05,0.08398026623262016,0.0021488349711524975,25,10,0
15,5729,0.9085744233009853,3.946025717023184e-05,0.0892372659406739,0.0021488505011698876,25,10,0
15,5730,0.9090014324775537,3.9460352525895104e-05,0.08881035199263664,0.0021487551772831725,25,10,0
15,5731,0.8923776395204664,3.9481460372225114e-05,0.10543406007185112,0.002148818947309183,25,10,0
15,5732,0.8854860650827331,3.949047682378836e-05,0.11232433972303692,0.0021501047174053655,25,10,0
15,5733,0.8737838884873679,3.281854383669942e-05,0.11979558032684474,0.0063877126419501565,25,10,0
15,5734,0.8744847637240931,3.281849857848278e-05,0.11909330882043985,0.006389108956887979,25,10,0
15,5735,0.874474754109626,3.281928236772226e-05,0.11910322789328649,0.006389198714719374,25,10,0
15,5736,0.8739065785673836,3.323322648780718e-05,0.11967097683809688,0.006389211368031231,25,10,0
15,5737,0.8743326986654858,3.323745565602341e-05,0.11924480003484757,0.006389263844009931,25,10,0
15,5738,0.8816464474061406,3.3368433768459156e-05,0.11616780372710382,0.0021523804329862456,25,10,0
15,5739,0.9003973013233523,8.137470255502648e-07,0.09745232317847975,0.0021495617511415794,25,10,0
15,5740,0.8982400479046092,0.0004777514302637224,0.09913194164705358,0.002150259018072592,25,10,0
15,5741,0.8945783372035403,0.0004777549872114979,0.10279252701798541,0.0021513807912618916,25,10,0
15,5742,0.8944031828987327,0.00047775498531358934,0.10296765603653196,0.002151406079420936,25,10,0
15,5743,0.8941717227483602,0.00047795327893913837,0.10319886848974066,0.0021514554829590786,25,10,0
15,5744,0.8978463958493101,0.0004779496915134486,0.09952536849097847,0.0021502859681970963,25,10,0
15,5745,0.8679359670529349,0.00047812325945055056,0.1266875265347342,0.004898383152879547,25,10,0
15,5746,0.8299831334623782,0.0004806846671258009,0.16463789118813074,0.004898290682366802,25,10,0
15,5747,0.8306000700838707,0.00048054284489577946,0.15492917852031948,0.013990208550913465,25,10,0
15,5748,0.8488313229028411,0.00048051346690098956,0.1483662024049891,0.0023219612252684007,25,10,0
15,5749,0.8580424672080075,0.00048049853514545534,0.13967315848037262,0.0018038757764740137,25,10,0
15,5750,0.8795915158661138,0.00048057249480138364,0.1196561266271731,0.0002717850119112716,25,10,0
15,5751,0.8708093974694203,0.00048666715244651687,0.12837871924654776,0.00032521613158483317,25,10,0
15,5752,0.8844178225917642,0.0004866578440775281,0.11494315422727588,0.00015236533688191235,25,10,0
15,5753,0.8843571492687746,0.0004866580638456396,0.11500379604284867,0.0001523966245306377,25,10,0
15,5754,0.8722948757551731,0.0004866565714676495,0.127066220893447,0.00015224677991171388,25,10,0
15,5755,0.8729710057456909,0.00048645264096805365,0.12639037863651567,0.00015216297682489244,25,10,0
15,5756,0.8574890686238525,0.00048646413037816837,0.14186918626014436,0.00015528098562395416,25,10,0
15,5757,0.8674018510255712,0.00048649633423157167,0.1319562072343334,0.0001554454058626782,25,10,0
15,5758,0.8677075440368206,0.0004860824461703254,0.1316509415582212,0.00015543195878672225,25,10,0
15,5759,0.8675603461735432,0.0004860875730910564,0.1317981423507446,0.00015542390261994257,25,10,0
15,5760,0.8641120069172545,0.0004860930301779402,0.13524577383792613,0.00015612621464000635,25,10,0
15,5761,0.8781503181455732,9.005261526120849e-06,0.1216859664097173,0.00015471018318232203,25,10,0
15,5762,0.8781488725165049,9.005325423544446e-06,0.12168737070162633,0.00015475145644403994,25,10,0
15,5763,0.9017623361315387,6.470264230952942e-06,0.09807558596820337,0.0001556076360264014,25,10,0
15,5764,0.901374281134662,6.469943556502419e-06,0.0984636222401552,0.00015562668162539593,25,10,0
15,5765,0.9177716278168391,6.469537848919043e-06,0.08206630479082687,0.00015559785448416408,25,10,0
15,5766,0.9345649540395188,6.448296981959366e-06,0.06527309388235053,0.00015550378114870427,25,10,0
15,5767,0.9233844283240201,6.448342832483177e-06,0.07644996994171703,0.00015915339143037082,25,10,0
15,5768,0.9227960418416349,6.45170385297553e-06,0.07703814898343866,0.00015935747107345834,25,10,0
15,5769,0.9163362950244084,6.696545461214592e-06,0.08349652289435143,0.0001604855357783642,25,10,0
15,5770,0.9154120494999445,6.693697395047059e-06,0.0841972837114675,0.0003839730911923002,25,10,0
15,5771,0.9156127439035109,6.689624633713461e-06,0.08399664890310043,0.00038391756875437883,25,10,0
15,5772,0.9156481190111622,6.684435727006706e-06,0.08396129506212958,0.0003839014909806906,25,10,0
15,5773,0.9194308485213569,6.684216893177729e-06,0.08017997761384278,0.0003824896479063674,25,10,0
15,5774,0.9198289624962573,6.683954268803084e-06,0.07978188815695467,0.0003824653925189795,25,10,0
15,5775,0.919991476714989,6.6927253387930385e-06,0.07961946145125631,0.00038236910841579844,25,10,0
15,5776,0.9199787991062063,6.697329904829651e-06,0.07963169328298404,0.0003828102809048922,25,10,0
15,5777,0.931144153115777,6.696945919944426e-06,0.06846989487403561,0.00037925506426757016,25,10,0
15,5778,0.9214304738966962,6.7974016406688294e-06,0.0781825964244682,0.0003801322771951659,25,10,0
15,5779,0.9369370169722631,6.786171159805333e-06,0.06267916071823267,0.00037703613834452873,25,10,0
15,5780,0.9373018695313807,6.786122262729895e-06,0.06231160785691551,0.0003797364894410993,25,10,0
15,5781,0.9372988215751649,6.786128655719436e-06,0.062314654105731615,0.0003797381904478767,25,10,0
15,5782,0.9368264890355136,6.787182253603098e-06,0.06278689094288253,0.00037983283935002067,25,10,0
15,5783,0.9308406655656708,6.786992989364833e-06,0.06877273941871188,0.00037980802262744926,25,10,0
15,5784,0.9309761884972184,6.800604120105773e-06,0.06863765961973625,0.0003793512789247786,25,10,0
15,5785,0.9189421268097868,6.801229929936397e-06,0.08067164813021584,0.00037942383006702384,25,10,0
15,5786,0.9189431910881215,6.8012227477286565e-06,0.08067058545547681,0.0003794222336536216,25,10,0
15,5787,0.9085948645122192,1.796751313191438e-05,0.09100679372048567,0.00038037425416340885,25,10,0
15,5788,0.9084820195954147,1.7967424090382806e-05,0.09111963946379836,0.00038037351669674397,25,10,0
15,5789,0.9079557552767348,1.7968113902648203e-05,0.09164580895643808,0.0003804676529244149,25,10,0
15,5790,0.908038626151736,1.7967996434827535e-05,0.09156566086817033,0.0003777449836586354,25,10,0
15,5791,0.8727206488278704,9.02921292703352e-05,0.1268046490423386,0.00038441000052076194,25,10,0
15,5792,0.8548244653498674,9.030316883331497e-05,0.1447008623378151,0.00038436914348394713,25,10,0
15,5793,0.853443215300925,9.030347917159172e-05,0.14584344620782877,0.0006230350120747903,25,10,0
15,5794,0.8535542930058004,9.028523940223939e-05,0.14573239335168342,0.000623028403114207,25,10,0
15,5795,0.8861576308815959,1.7980328087620105e-05,0.11291908965604729,0.0009052991342694673,25,10,0
15,5796,0.868705356758971,1.7980067894201634e-05,0.13037143874922794,0.0009052244239071898,25,10,0
15,5797,0.8804790165395601,1.1811846095845402e-05,0.11866695013711942,0.0008422214772251731,25,10,0
15,5798,0.8718376201716499,1.1824813040182628e-05,0.1273091017807484,0.0008414532345615596,25,10,0
15,5799,0.8718713512637946,1.1824661137004114e-05,0.12727538927141954,0.000841434803649062,25,10,0
15,5800,0.8778340506753547,1.1945316708649157e-05,0.12139712402398412,0.0007568799839526524,25,10,0
15,5801,0.8778595580821345,1.1925120327519001e-05,0.12137163997077406,0.0007568768267640477,25,10,0
15,5802,0.8780546803236112,1.1925025298193587e-05,0.1211765189867969,0.00075687566429395,25,10,0
15,5803,0.8739922118245034,0.00022731523878877582,0.12498862751334419,0.0007918454233639849,25,10,0
15,5804,0.8738746541115128,0.0002273152393006006,0.1251061846604986,0.0007918459886882854,25,10,0
15,5805,0.8741965645209386,0.00022731508002583827,0.12478427526569975,0.000791845133336264,25,10,0
15,5806,0.8805916017916566,0.00022708615015413363,0.1183877816305757,0.0007935304276137693,25,10,0
15,5807,0.8899082622997322,0.00022710379249133198,0.10906651602088793,0.000798117886888851,25,10,0
15,5808,0.8792663252435691,0.00022716131948414696,0.11970828246280517,0.0007982309741416894,25,10,0
15,5809,0.8791720539395651,0.0002271614521329479,0.11980253552300656,0.0007982490852957826,25,10,0
15,5810,0.8792874630196816,0.0002271614520993306,0.11968714942038736,0.0007982261078322084,25,10,0
15,5811,0.8801609725013158,0.00022821254630900733,0.11905107745121869,0.0005597375011568591,25,10,0
15,5812,0.8980046217647046,1.2796312494231142e-05,0.1014586255099827,0.0005239564128185166,25,10,0
15,5813,0.8803879122548308,1.2821755944932343e-05,0.11907007400013249,0.0005291919890916782,25,10,0
15,5814,0.8643909720766186,1.2833110647776771e-05,0.13506699437821987,0.0005292004345135253,25,10,0
15,5815,0.8643987688551681,1.2833113663485607e-05,0.13505919772554678,0.0005292003056214668,25,10,0
15,5816,0.8648160720434952,1.2822986114225379e-05,0.13464192874428452,0.0005291762261057347,25,10,0
15,5817,0.8587485513248216,1.2822890783023714e-05,0.140709429833988,0.0005291959504072059,25,10,0
15,5818,0.8563974535847393,2.2687419078051883e-06,0.1429889531598046,0.0006113245135481878,25,10,0
15,5819,0.837335307561559,2.618438863195635e-06,0.16195753005981492,0.0007045439397627954,25,10,0
15,5820,0.8431221958166755,2.618480883153783e-06,0.15617063125322078,0.0007045544492210092,25,10,0
15,5821,0.8515123673657261,2.011072938590621e-06,0.14786290530110008,0.0006227162602356683,25,10,0
15,5822,0.851659034142299,1.7305347165517284e-06,0.14771659051816133,0.0006226448048237238,25,10,0
15,5823,0.869737813867294,1.7040311260065674e-06,0.1296431673267518,0.0006173147748287557,25,10,0
15,5824,0.8697723729989534,1.7040054083880358e-06,0.12960860844673788,0.0006173145489009355,25,10,0
15,5825,0.8647516961681581,1.0667265861663229e-05,0.13457201468139454,0.0006656218845861636,25,10,0
15,5826,0.8631099663589873,1.1704348914856494e-05,0.13614956952985308,0.0007287597622452031,25,10,0
15,5827,0.8686631132965938,1.1705061291332445e-05,0.1305964427754691,0.000728738866646421,25,10,0
15,5828,0.8319811232743513,1.1705741187958372e-05,0.1669326296449377,0.0010745413395234907,25,10,0
15,5829,0.8341424960642478,1.183758970196488e-05,0.16477233238179526,0.0010733339642552487,25,10,0
15,5830,0.834617472960198,1.170102327134992e-05,0.1642974083224261,0.001073417694104969,25,10,0
15,5831,0.818510952233629,1.1700516916830705e-05,0.18040387186991855,0.0010734753795367791,25,10,0
15,5832,0.8184410879561228,1.1700513076266706e-05,0.18047373645147136,0.0010734750793306798,25,10,0
15,5833,0.8202485001438505,1.1668061577561181e-05,0.17866652135800468,0.001073310436568358,25,10,0
15,5834,0.8569826728391441,1.1667443372703679e-05,0.14227811341997249,0.0007275462975109911,25,10,0
15,5835,0.8753060090521393,1.1364843643866819e-05,0.12404818131121555,0.0006344447930018732,25,10,0
15,5836,0.8750145176048615,1.1365147425563042e-05,0.12433966367260503,0.0006344535751085412,25,10,0
15,5837,0.8407282379510558,1.2756455282140428e-05,0.15861168873654452,0.0006473168571177898,25,10,0
15,5838,0.8407659225909478,1.275985895899188e-05,0.158574000543286,0.0006473170068074524,25,10,0
15,5839,0.8363698692173516,1.2766528472639333e-05,0.16297004559871003,0.0006473186554667613,25,10,0
15,5840,0.849636342929838,1.2747539635139503e-05,0.14969817477560535,0.0006527347549222076,25,10,0
15,5841,0.8406746142085767,1.2734789234750764e-05,0.1586607336326305,0.0006519173695586857,25,10,0
15,5842,0.8183279538422495,1.2815359482363602e-05,0.18058551167723771,0.0010737191210320842,25,10,0
15,5843,0.787118711873518,1.2890131155757738e-05,0.21178451476885476,0.0010838832264732565,25,10,0
15,5844,0.7842525947065954,1.3003491858972785e-05,0.21465043543312592,0.001083966368421339,25,10,0
15,5845,0.7766839239850651,1.3007850356053943e-05,0.22221908007052846,0.00108398809405181,25,10,0
15,5846,0.7763817272316138,1.3007399283787573e-05,0.22252046456169441,0.001084800807409214,25,10,0
15,5847,0.7762569897190704,1.3007274395809923e-05,0.2226424893632739,0.0010875136432610467,25,10,0
15,5848,0.7744170502935684,1.2912094807866606e-05,0.2229416067315031,0.002628430880121501,25,10,0
15,5849,0.774808492685903,1.2909100071498022e-05,0.222550981243751,0.002627616970275386,25,10,0
15,5850,0.7717261428513935,1.2114206595727843e-05,0.22591980616798849,0.002341936774023448,25,10,0
15,5851,0.7675260515984274,1.4370928704206468e-05,0.2295059582788782,0.002953619193991149,25,10,0
15,5852,0.7606865250649639,1.4379036952207017e-05,0.2363509076987367,0.0029481881993480307,25,10,0
15,5853,0.7952243623855244,1.2982418895118815e-05,0.2018273304400653,0.0029353247555166904,25,10,0
15,5854,0.797136203718761,1.2963884688011757e-05,0.20020444353757813,0.002646388858974026,25,10,0
15,5855,0.7973117697806696,1.2970366872694858e-05,0.20002984422137923,0.002645415631079485,25,10,0
15,5856,0.8008664329752642,1.0725769479623848e-05,0.1970858193841779,0.0020370218710793254,25,10,0
15,5857,0.8014947924605889,1.0725256008547618e-05,0.19645649330082754,0.0020379889825761746,25,10,0
15,5858,0.8060483652452609,1.0726286177160118e-05,0.19190219073918288,0.0020387177293798324,25,10,0
15,5859,0.8067824601425361,1.0679477032912355e-05,0.1911682371212495,0.002038623259182329,25,10,0
15,5860,0.8097385955461113,1.067114098611926e-05,0.18821217161543607,0.002038561697467382,25,10,0
15,5861,0.7708847714870241,1.069963753992541e-05,0.22706596269658422,0.0020385661788515363,25,10,0
15,5862,0.7998402523319246,1.063077432574442e-05,0.1981106991887254,0.002038417705023887,25,10,0
15,5863,0.8037562212602287,1.0635070827316077e-05,0.19419362177667257,0.0020395218922716436,25,10,0
15,5864,0.7878533913538487,2.6182795863422986e-05,0.21008068633885857,0.002039739511427672,25,10,0
15,5865,0.8050406473074062,2.6183379671542747e-05,0.19288852980292748,0.0020446395099928726,25,10,0
15,5866,0.8216484830830766,2.6171668286636825e-05,0.17628076303202186,0.002044582216612884,25,10,0
15,5867,0.788528280301016,2.7106253820167823e-05,0.2091555786729235,0.0022890347722382513,25,10,0
15,5868,0.7889044425027454,2.7099588659644002e-05,0.20878117223340312,0.0022872856751898134,25,10,0
15,5869,0.7889199233771744,2.7099205799867063e-05,0.2087657165638643,0.0022872608531591438,25,10,0
15,5870,0.7964844162842071,2.709484366995032e-05,0.20120124932656056,0.002287239545560023,25,10,0
15,5871,0.8059866892273976,2.709195939638619e-05,0.19170092312808595,0.0022852956851178523,25,10,0
15,5872,0.8036367011331678,2.7111165964880312e-05,0.19405080406648667,0.0022853836343782593,25,10,0
15,5873,0.803541053567756,2.7116267884917126e-05,0.1941464414003252,0.0022853887640315543,25,10,0
15,5874,0.8049059163180889,6.956172646919389e-05,0.19273558179117634,0.0022889401642623088,25,10,0
15,5875,0.8107597641149146,6.955643427873818e-05,0.18842355913543588,0.0007471203153678499,25,10,0
15,5876,0.8080024731303773,6.954883908632135e-05,0.19118030265610958,0.0007476753744237528,25,10,0
15,5877,0.8130690129108186,6.956284950095254e-05,0.1861099973530806,0.0007514268865967281,25,10,0
15,5878,0.8057538601997046,8.003216775558542e-05,0.19336392097159416,0.0008021866609427234,25,10,0
15,5879,0.799482772216123,8.003662070443351e-05,0.19956924801770182,0.0008679431454681223,25,10,0
15,5880,0.8254157847765229,8.02718399105011e-05,0.17397440504431877,0.0005295383392451717,25,10,0
15,5881,0.7981431660196676,7.382328121712707e-05,0.20129428952257847,0.0004887211765363655,25,10,0
15,5882,0.8054698781999864,6.335421828107428e-05,0.19402880262838892,0.0004379649533422623,25,10,0
15,5883,0.7717622243317063,6.33774875445013e-05,0.22773756949534324,0.0004368286854052286,25,10,0
15,5884,0.7722431327853738,6.313478088302383e-05,0.22725805388977574,0.0004356785439670948,25,10,0
15,5885,0.7619833713896043,6.31369685114661e-05,0.23751764384427626,0.000435847797607708,25,10,0
15,5886,0.7620754550688451,6.31487181909649e-05,0.2374287263755878,0.0004326698373753876,25,10,0
15,5887,0.7589604019213421,6.315556855509337e-05,0.24054372365742974,0.0004327188526725138,25,10,0
15,5888,0.737307899995551,7.112631474327538e-05,0.2611043496343167,0.0015166240553884536,25,10,0
15,5889,0.758643554168533,6.796612303383879e-05,0.23977758269149624,0.0015108970169365912,25,10,0
15,5890,0.7586786714364787,6.79710793118624e-05,0.23974343653399688,0.0015099209502123486,25,10,0
15,5891,0.7818626435833247,6.794787245190203e-05,0.21245936663249476,0.005610041911728029,25,10,0
15,5892,0.7839451966386267,6.821892785367753e-05,0.21037660681078235,0.005609977622737529,25,10,0
15,5893,0.7594904859613928,7.711877171642835e-05,0.23248210330256946,0.007950291964320936,25,10,0
15,5894,0.7838131996351833,6.92414954809944e-05,0.20922618187663275,0.006891376992703012,25,10,0
15,5895,0.7852771412693982,6.915832370325736e-05,0.2077634595638522,0.0068902408430462515,25,10,0
15,5896,0.7844021332995597,6.915944399543233e-05,0.20863832306876745,0.0068903841876770235,25,10,0
15,5897,0.7856985115448113,6.9125991193261e-05,0.2073418519825795,0.006890510481415848,25,10,0
15,5898,0.7806442032752351,6.911799547645365e-05,0.21239988384137018,0.006886794887917535,25,10,0
15,5899,0.7801436836747249,6.909449883568753e-05,0.21290044154512905,0.00688678028130977,25,10,0
15,5900,0.7800052235785031,6.910435753942655e-05,0.21303894007795002,0.0068867319860072196,25,10,0
15,5901,0.7873690516806446,6.91086574745386e-05,0.20977414171124978,0.002787697950630807,25,10,0
15,5902,0.7989107539271438,6.872809801232583e-05,0.19823438062489396,0.002786137349950291,25,10,0
15,5903,0.7985350295573123,6.875068685424319e-05,0.1986100698143571,0.0027861499414767394,25,10,0
15,5904,0.8030180458936759,6.875644945872983e-05,0.1941203011523556,0.0027928965045101515,25,10,0
15,5905,0.8054471945660175,6.875210280211206e-05,0.19169116059114016,0.0027928927400405145,25,10,0
15,5906,0.8041304031919709,6.876200709900902e-05,0.19299783773930895,0.0028029970616214967,25,10,0
15,5907,0.8070356369828362,6.876222104622676e-05,0.19009383098377367,0.0028017698123435496,25,10,0
15,5908,0.7915215082295756,6.93056257502647e-05,0.20560585006888515,0.0028033360757893796,25,10,0
15,5909,0.7969058897421598,6.931793500565415e-05,0.20028266522337912,0.0027421270994558134,25,10,0
15,5910,0.7966941745685442,6.91776465408548e-05,0.20049445714327707,0.0027421906416380095,25,10,0
15,5911,0.8047443292791008,7.602006702701298e-05,0.1924530923996593,0.0027265582542130274,25,10,0
15,5912,0.8056448181994239,7.600330260044759e-05,0.19155716810109574,0.0027220103968801194,25,10,0
15,5913,0.8072059994623849,7.596613148918515e-05,0.19000619815030984,0.0027118362558152765,25,10,0
15,5914,0.8074087656862197,7.596548255221678e-05,0.18980835118257722,0.002706917648650053,25,10,0
15,5915,0.807252293694851,8.249408767750184e-05,0.18995649560791805,0.002708716609552859,25,10,0
15,5916,0.8069770317583915,8.249857671114749e-05,0.19023115069216112,0.0027093189727354335,25,10,0
15,5917,0.8059056095105003,8.249778715239611e-05,0.19130263986849844,0.002709252833848248,25,10,0
15,5918,0.8209702628787331,8.192941664844174e-05,0.1762404988785467,0.0027073088260712117,25,10,0
15,5919,0.8320871656146153,8.193587582758176e-05,0.16505682529414237,0.0027740732154141155,25,10,0
15,5920,0.8331042681769208,8.193557289574151e-05,0.1640374254417775,0.002776370808405273,25,10,0
15,5921,0.8329780971649547,8.193577053767881e-05,0.1641625766933014,0.0027773903712053315,25,10,0
15,5922,0.817110612152212,8.193510531013375e-05,0.18003006157448462,0.0027773911679925076,25,10,0
15,5923,0.8337720664328423,3.9468733916825624e-05,0.16330309190005451,0.0028853729331853027,25,10,0
15,5924,0.8345106355433484,3.0583471628391094e-05,0.16490951781605795,0.0005492631689644293,25,10,0
15,5925,0.8337225930356275,3.1694184985884214e-05,0.1656963579696131,0.0005493548097728098,25,10,0
15,5926,0.8269306730292125,3.169838658619839e-05,0.17248824493116618,0.0005493836530348124,25,10,0
15,5927,0.8326871672425404,3.16985479497972e-05,0.1667317092658263,0.0005494249436830812,25,10,0
15,5928,0.8163286660724686,3.172262334231611e-05,0.18309231492450193,0.0005472963796865625,25,10,0
15,5929,0.8201916434563239,6.340715715730266e-05,0.1792018072939491,0.0005431420925691215,25,10,0
15,5930,0.820320165287493,6.340208621550143e-05,0.17907326577917357,0.0005431668471174132,25,10,0
15,5931,0.8197363758620372,6.340183164280793e-05,0.17965157817950392,0.000548644126815651,25,10,0
15,5932,0.8158975367988268,6.340204818717905e-05,0.18348805356005154,0.0005510075929340682,25,10,0
15,5933,0.8320598376675775,6.337832562356941e-05,0.16732592300557964,0.0005508610012190164,25,10,0
15,5934,0.83658624694129,5.622691228880153e-05,0.16287442172379024,0.00048310442263029647,25,10,0
15,5935,0.8370423610582043,5.62266013100022e-05,0.16241809915736752,0.00048331318311755966,25,10,0
15,5936,0.8367793404118509,5.621989599365746e-05,0.1626774340515885,0.00048700564056637196,25,10,0
15,5937,0.826820865838048,5.622258041289547e-05,0.17034475801608934,0.0027781535654492146,25,10,0
15,5938,0.8268533663820229,5.621769377403402e-05,0.17031221525449236,0.0027782006697098112,25,10,0
15,5939,0.8530742331494013,5.621517606624425e-05,0.14638248194058007,0.00048706973395225257,25,10,0
15,5940,0.8540057055353149,5.6212036112500634e-05,0.14545536858801314,0.0004827138405594655,25,10,0
15,5941,0.8556610958546961,5.510201788578878e-05,0.14380114665451388,0.00048265547290413905,25,10,0
15,5942,0.8467940973943374,5.5101936820542866e-05,0.15266820422977284,0.00048259643906910633,25,10,0
15,5943,0.8332104618204196,5.510409067587995e-05,0.16625103870804575,0.00048339538085805903,25,10,0
15,5944,0.833517345458493,5.510383746597512e-05,0.1659441595407434,0.0004833911632969253,25,10,0
15,5945,0.830580587463051,5.510470485957545e-05,0.1684564992856821,0.000907808546406593,25,10,0
15,5946,0.8312158018792247,4.8426011324525526e-05,0.16782985128084393,0.0009059208286061149,25,10,0
15,5947,0.8312690208111545,4.842611720126931e-05,0.1677751869731253,0.0009073660985183526,25,10,0
15,5948,0.8306652449399521,4.8426148183936754e-05,0.16837888371313234,0.0009074451987310131,25,10,0
15,5949,0.8306084855123308,4.8426087323679145e-05,0.16843585362092953,0.0009072347794153174,25,10,0
15,5950,0.8307361763413702,4.8421718995697794e-05,0.16830859612077553,0.0009068058188581581,25,10,0
15,5951,0.8308703444670938,4.84204508103805e-05,0.1681744292310725,0.0009068058510230007,25,10,0
15,5952,0.8408075191572515,4.842049246624175e-05,0.15823728815516466,0.0009067721951174307,25,10,0
15,5953,0.8410011942858903,4.842049125738058e-05,0.15804361387524485,0.0009067713476073366,25,10,0
15,5954,0.8281653213026061,4.8412347551613116e-05,0.17094654389688252,0.0008397224529592526,25,10,0
15,5955,0.8232711171106293,4.841146763489979e-05,0.17584313639093563,0.0008373350307992849,25,10,0
15,5956,0.8031878615766199,1.798494484319533e-05,0.19595687036933573,0.000837283109200157,25,10,0
15,5957,0.8122020104766691,1.7031996933732924e-05,0.18719281021166037,0.0005881473147369858,25,10,0
15,5958,0.7959612037329505,1.7692910445055802e-05,0.20325909368426567,0.0007620096723386905,25,10,0
15,5959,0.7954609957781382,1.7693128178829565e-05,0.20376024840700865,0.0007610626866742038,25,10,0
15,5960,0.7965545467864149,1.7692045833061883e-05,0.20267221447413347,0.0007555466936182847,25,10,0
15,5961,0.7967511404205021,1.7591891138860242e-05,0.20250075915383245,0.0007305085345263404,25,10,0
15,5962,0.796875503799376,1.75918131478292e-05,0.20237783267648252,0.0007290717109933161,25,10,0
15,5963,0.8026139862603803,0.00028487538056550036,0.1963489126243628,0.0007522257346911167,25,10,0
15,5964,0.7984837590690891,0.00028502633879996976,0.20047825639290312,0.0007529581992074068,25,10,0
15,5965,0.7972819444062754,0.000285036019641269,0.20167754301377808,0.0007554765603048884,25,10,0
15,5966,0.7945481628232449,0.0002853988925250491,0.20436084568383403,0.000805592600395834,25,10,0
15,5967,0.8097029801110982,0.0002846808321079463,0.1892067469983208,0.0008055920584728927,25,10,0
15,5968,0.8210385034911658,0.0002842087477380149,0.17804834029566258,0.0006289474654335526,25,10,0
15,5969,0.8212931315595234,0.00028420858443514697,0.17779371328307614,0.0006289465729651321,25,10,0
15,5970,0.8468640894142591,0.00028420924272192205,0.152213003243391,0.0006386980996273403,25,10,0
15,5971,0.8507094781188164,0.00028420893665263467,0.14836857870060355,0.0006377342439268775,25,10,0
15,5972,0.8348458777813365,0.00028420930627663356,0.16423216383197803,0.0006377490804083759,25,10,0
15,5973,0.8216217301813192,0.00028423261070436185,0.1774535414591344,0.0006404957488427832,25,10,0
15,5974,0.8216522754464276,0.0002842511011539899,0.1774325475098541,0.0006309259425650517,25,10,0
15,5975,0.8281773320897627,0.00028424740315849596,0.17090745726795611,0.000630963239123436,25,10,0
15,5976,0.8336639746216942,0.00028405857803757127,0.16542061177669592,0.0006313550235725026,25,10,0
15,5977,0.8534861586001387,0.00028407167376510534,0.14570985653162882,0.0005199131944676044,25,10,0
15,5978,0.8565289908246366,0.00028370839184050647,0.142717574377919,0.0004697264056035165,25,10,0
15,5979,0.8428921148259532,0.0002837181672365451,0.15635198020486196,0.0004721868019490688,25,10,0
15,5980,0.8596653820930094,0.00028371814097714876,0.13957872227066365,0.00047217749534973085,25,10,0
15,5981,0.8577296212270527,0.00028372164658640005,0.14187154385453268,0.00011511327182830026,25,10,0
15,5982,0.8576180643297755,0.00028372169779171435,0.14198446789707087,0.00011374607536199456,25,10,0
15,5983,0.8709808287036904,0.000283727992511411,0.12862250988743248,0.00011293341636563527,25,10,0
15,5984,0.8760936376149745,0.00028398728669967965,0.1235090328339885,0.00011334226433729457,25,10,0
15,5985,0.8740989286155546,0.0002839924216456221,0.1255710372906078,4.6041672191774534e-05,25,10,0
15,5986,0.872994246776535,0.0002839917184635414,0.12667572851673278,4.6032988268476334e-05,25,10,0
15,5987,0.8856253461557073,0.00028398338384634275,0.11404599569331396,4.467476713248688e-05,25,10,0
15,5988,0.9096765712434097,0.00028342891759984573,0.08999532371323837,4.4676125752325406e-05,25,10,0
15,5989,0.9117091358828516,0.00026817213258953804,0.08790234909865528,0.00012034288590339736,25,10,0
15,5990,0.942789489153872,0.00026809728792756375,0.0568313374552936,0.00011107610290688788,25,10,0
15,5991,0.9433330571334654,0.0002680823181428974,0.05628917332412903,0.00010968722426282029,25,10,0
15,5992,0.9435998134279948,0.0002680818152070985,0.056022483656513036,0.00010962110028520455,25,10,0
15,5993,0.9468894540448193,0.0002681562692667468,0.05267223051719269,0.00017015916872143086,25,10,0
15,5994,0.9606688882496494,0.0002681463731520839,0.03889543970129569,0.00016752567590318346,25,10,0
15,5995,0.9416425220241988,0.00026816791394390784,0.051639165068907776,0.0064501449929496215,25,10,0
15,5996,0.9408816034240626,0.00026816888027722833,0.052395121118421484,0.006455106577238924,25,10,0
15,5997,0.9411005033044839,0.0002681504436393506,0.05217632261159431,0.006455023640282597,25,10,0
15,5998,0.9603440643410925,0.0002681289738832612,0.03921630579149922,0.00017150089352538486,25,10,0
15,5999,0.9567638351943237,0.00026786206627085496,0.042797248028118136,0.0001710547112873742,25,10,0
15,6000,0.9578370328834416,0.00026786108920622524,0.04172901504341521,0.00016609098393737063,25,10,0
15,6001,0.9576447561596079,0.00026786105190840465,0.041921290994695576,0.0001660917937882638,25,10,0
15,6002,0.9573730523432075,0.00026786572274728655,0.042193063544915005,0.00016601838913029484,25,10,0
15,6003,0.9584305273704936,0.00026786534755131845,0.04113568461618039,0.0001659226657746999,25,10,0
15,6004,0.9579803366885029,0.0002678740437099218,0.04158584523486471,0.0001659440329223195,25,10,0
15,6005,0.9618550396725604,0.0002678740072939951,0.037711144020169,0.00016594229997655567,25,10,0
15,6006,0.96227306720878,0.00026787371386915423,0.037293006328583594,0.00016605274876713358,25,10,0
15,6007,0.9629700042471248,0.00026788035518811304,0.03659598776992028,0.00016612762776667322,25,10,0
15,6008,0.9627094362766768,0.00026790853154076645,0.036856457160057386,0.00016619803172486907,25,10,0
15,6009,0.9241434755209803,0.001093420645586837,0.07459687189367349,0.00016623193975946404,25,10,0
15,6010,0.945201808838606,0.0002816276491139295,0.05428406606304938,0.00023249744923035433,25,10,0
15,6011,0.9454448945097291,0.00028162746577626023,0.054040965106614325,0.00023251291787979955,25,10,0
15,6012,0.9397372934023166,0.00028182604130070954,0.059695069279742816,0.00028581127663937966,25,10,0
15,6013,0.9323919332495236,0.0002817975895251371,0.06704046634395493,0.00028580281699584976,25,10,0
15,6014,0.9325242061357046,0.00028180042149080305,0.06690819180531879,0.0002858016374855345,25,10,0
15,6015,0.9295171249848664,0.0002819171431618467,0.06988440749317695,0.00031655037879467496,25,10,0
15,6016,0.9346894124446931,0.0002817326274321464,0.0647654902629007,0.00026336466497382647,25,10,0
15,6017,0.9186495189199162,0.0002821910598593847,0.08080061683071497,0.0002676731895095439,25,10,0
15,6018,0.9183087036789511,0.00028220191868903976,0.08114032137239054,0.00026877302996950234,25,10,0
15,6019,0.9157875838903337,0.0002822549068797043,0.08366074533377058,0.0002694158690163771,25,10,0
15,6020,0.8795419927081265,0.00028204488767336094,0.10700410440323825,0.013171858000961737,25,10,0
15,6021,0.8761608711270773,1.4913727578716184e-05,0.11067548744982415,0.013148727695519214,25,10,0
15,6022,0.8581454478636368,1.5540807230981488e-05,0.12853339639725495,0.01330561493187642,25,10,0
15,6023,0.8574568670372364,5.565347561807596e-05,0.1419541364422692,0.000533343044875289,25,10,0
15,6024,0.8368152977215795,5.5600785426395536e-05,0.16259410725612658,0.0005349942368667565,25,10,0
15,6025,0.8322582441769749,6.583109198811842e-05,0.1670914398934896,0.0005844848375464217,25,10,0
15,6026,0.8235428208127656,7.32768603579601e-05,0.17579842517650024,0.0005854771503760081,25,10,0
15,6027,0.8261733334886722,7.26403391267401e-05,0.1733279170257866,0.00042610914641426904,25,10,0
15,6028,0.8284825306912981,7.287072618706066e-05,0.17101853664841968,0.00042606193409517955,25,10,0
15,6029,0.82835987310564,7.287066800117269e-05,0.171142619092601,0.00042463713375728694,25,10,0
15,6030,0.8285319649941921,7.286308393143591e-05,0.170970557208717,0.00042461471315891064,25,10,0
15,6031,0.8278822105176021,7.313589129567176e-05,0.1715449794471944,0.0004996741439074445,25,10,0
15,6032,0.8218891825047973,7.315606811295858e-05,0.17753793325122033,0.0004997281758708618,25,10,0
15,6033,0.822544676177078,7.28793758104353e-05,0.17695782368829105,0.0004246207588213018,25,10,0
15,6034,0.8172648822224684,7.287944132916308e-05,0.1822376177052293,0.00042462063097433963,25,10,0
15,6035,0.8206869790106802,7.276268937994043e-05,0.17884645766851293,0.00039380063142835874,25,10,0
15,6036,0.8580613680802713,3.2642037526380946e-05,0.14170266374764043,0.00020332613456111357,25,10,0
15,6037,0.8797381414354729,3.2642281303434556e-05,0.12002804063115936,0.0002011756520635531,25,10,0
15,6038,0.8768070148295064,3.2913438143432513e-05,0.1229562306509907,0.00020384108135876474,25,10,0
15,6039,0.87782956538662,3.289275598027741e-05,0.12193379621689124,0.00020374564050808333,25,10,0
15,6040,0.865718616272587,3.288695825847652e-05,0.13404474274371933,0.00020375402543508636,25,10,0
15,6041,0.8597471473402228,3.288812123686228e-05,0.14001599512367116,0.00020396941486883446,25,10,0
15,6042,0.8593843422223242,3.292832938545241e-05,0.14037857190369882,0.000204157544591011,25,10,0
15,6043,0.8753295967891436,3.29281144885519e-05,0.12443332116936774,0.00020415392699989335,25,10,0
15,6044,0.8704290689225428,3.291713214906695e-05,0.12933497087723667,0.00020304306807094184,25,10,0
15,6045,0.871174141739273,3.267734879264024e-05,0.1285889064973165,0.00020427441461740224,25,10,0
15,6046,0.8628338915445625,3.240657662851508e-05,0.13693203607707516,0.00020166580173363113,25,10,0
15,6047,0.8620945866505193,3.2407376396527746e-05,0.1376713413533483,0.00020166461973521974,25,10,0
15,6048,0.8624483799050767,3.236717469364422e-05,0.1373177764287981,0.00020147649143099474,25,10,0
15,6049,0.8624956198747603,3.2367398057588014e-05,0.13726937068301,0.00020264204417186468,25,10,0
15,6050,0.8688635413795288,3.2358827718199974e-05,0.13090263943044433,0.00020146036230835857,25,10,0
15,6051,0.8757705392393799,3.664129246906005e-05,0.12406722688165076,0.0001255925865000758,25,10,0
15,6052,0.875470324838778,3.66460986515897e-05,0.12436723562817516,0.00012579343439493917,25,10,0
15,6053,0.8752377980876743,3.6645956810468704e-05,0.12459976994718215,0.00012578600833279376,25,10,0
15,6054,0.882718712717968,3.206812105387376e-05,0.11712457903004037,0.00012464013093761603,25,10,0
15,6055,0.8719382389093098,3.207600999063128e-05,0.1279050547372055,0.00012463034349376845,25,10,0
15,6056,0.8671736009568695,3.207625993497914e-05,0.13266795426164882,0.00012636852154645763,25,10,0
15,6057,0.8666917543370487,3.2076230748949925e-05,0.133076892797592,0.00019927663461015319,25,10,0
15,6058,0.8720248289745927,2.1825378795133652e-05,0.12780372095981762,0.00014962468679451438,25,10,0
15,6059,0.8695786925822178,2.1925961831275634e-05,0.13024886596156096,0.00015051549438970313,25,10,0
15,6060,0.8639114869088602,2.1929407202636972e-05,0.13591605950564628,0.00015052417829095497,25,10,0
15,6061,0.8571335171150976,2.2017859319035667e-05,0.14139517873134755,0.0014492862942358721,25,10,0
15,6062,0.8574529215297066,2.201782947659545e-05,0.1410758877661913,0.0014491728746254511,25,10,0
15,6063,0.8574420650273197,2.2017873833703573e-05,0.14108674366332064,0.001449173435526154,25,10,0
15,6064,0.8634524229669088,2.1997706795925843e-05,0.13507640481012692,0.0014491745161687116,25,10,0
15,6065,0.8680473362736322,2.2002549303539192e-05,0.13048318495508948,0.0014474762219747227,25,10,0
15,6066,0.86822049790183,2.1997489041827626e-05,0.13031005182625266,0.0014474527828753885,25,10,0
15,6067,0.8765317650804321,1.4563395419952869e-05,0.12200718661424385,0.0014464849099039684,25,10,0
15,6068,0.8439034094264337,1.4602957055250527e-05,0.1546353128122091,0.0014466748043016463,25,10,0
15,6069,0.8471019619578254,1.4523249058381164e-05,0.15270480738817593,0.00017870740494010283,25,10,0
15,6070,0.8463194545669899,1.4524582838830759e-05,0.15348231887871155,0.00018370197145957463,25,10,0
15,6071,0.8459222896851696,1.4603988581519555e-05,0.15387830819513773,0.000184798131111268,25,10,0
15,6072,0.8461969709496703,1.4592313694886331e-05,0.15360366375614348,0.0001847729804912683,25,10,0
15,6073,0.8541172880849396,1.443951819889699e-05,0.14568349185857313,0.00018478053828783586,25,10,0
15,6074,0.8563170773992692,1.4584074322185357e-05,0.14348255403573104,0.00018578449067730446,25,10,0
15,6075,0.859890069556279,1.4575338354943486e-05,0.13994036498779283,0.0001549901175730484,25,10,0
15,6076,0.864396024562933,1.4575823936232549e-05,0.13543075952372408,0.00015864008940634294,25,10,0
15,6077,0.8653681168310768,1.4575304256872188e-05,0.13445871564430656,0.00015859222035948583,25,10,0
15,6078,0.8979795792321681,1.45357886899173e-05,0.10184748216611166,0.0001584028130302064,25,10,0
15,6079,0.8802387536016281,1.4536048334249995e-05,0.11540466093569966,0.004342049414337686,25,10,0
15,6080,0.8743353252960833,2.3646422269499515e-05,0.12123602986663175,0.0044049984150154676,25,10,0
15,6081,0.8726522984606219,2.3647738597462565e-05,0.12264212762282167,0.004681926177959327,25,10,0
15,6082,0.8733788168639878,2.3643009484822213e-05,0.12198986327456302,0.004607676851964498,25,10,0
15,6083,0.8721849772915174,2.364580591629135e-05,0.1231829353019127,0.004608441600653458,25,10,0
15,6084,0.8716360137414659,2.3657505199453307e-05,0.12373083591305938,0.004609492840275006,25,10,0
15,6085,0.8894965727900467,2.366397878073123e-05,0.1100522874945663,0.00042747573660602555,25,10,0
15,6086,0.8925019458556486,2.3663854497782293e-05,0.1070469480705492,0.0004274422193043168,25,10,0
15,6087,0.8922254948525691,2.3663896490979485e-05,0.10732338472274605,0.00042745652819388186,25,10,0
15,6088,0.8924562420537063,2.3664085726184722e-05,0.10709263771432732,0.00042745614623992294,25,10,0
15,6089,0.9090721454410671,1.0226547336004653e-05,0.09048132021423928,0.00043630779735764186,25,10,0
15,6090,0.9199465888776107,1.0226145857121669e-05,0.07960693313152427,0.0004362518450079821,25,10,0
15,6091,0.918337310039338,1.0227203425714928e-05,0.08121612021646692,0.00043634254076933886,25,10,0
15,6092,0.9182583123278572,1.0232192383898733e-05,0.08129378583294597,0.0004376696468128918,25,10,0
15,6093,0.9077478603550238,1.0278076806055506e-05,0.09183475474985422,0.0004071068183161931,25,10,0
15,6094,0.9077238394036798,1.0198750793957195e-05,0.09175214835314233,0.0005138134923842763,25,10,0
15,6095,0.9002776421034399,0.00048050943901161894,0.0987962365049063,0.00044561195264244914,25,10,0
15,6096,0.9008289366197595,0.000480497733925012,0.09824600496462069,0.0004445606816951182,25,10,0
15,6097,0.8963255108604752,0.0004805051680598531,0.10274938670508903,0.0004445972663764147,25,10,0
15,6098,0.896583444456533,0.00048050016500162095,0.10249284157964887,0.0004432137988168141,25,10,0
15,6099,0.8863590786092358,0.000480500165496971,0.1127171883560669,0.0004432328692006147,25,10,0
15,6100,0.8862369343456858,0.0004805021301296605,0.11283931372115175,0.0004432498030330708,25,10,0
15,6101,0.8971953726381333,0.0004804939023679435,0.10188097291401585,0.00044316054548333033,25,10,0
15,6102,0.8970561565364286,0.0004802671859187633,0.10202217845047326,0.0004413978271798734,25,10,0
15,6103,0.8980205123659054,0.0004802643875803751,0.1010585885295507,0.00044063471696399167,25,10,0
15,6104,0.8977809019106102,0.0004802693120937191,0.10129817058971083,0.0004406581875856096,25,10,0
15,6105,0.897659484564223,0.00048027414361855524,0.10141955798678548,0.00044068330537360085,25,10,0
15,6106,0.8658667252167684,0.00048031276506053835,0.13321573159054811,0.00043723042762379015,25,10,0
15,6107,0.8655356765749802,0.0004803147883596167,0.13354467157743422,0.0004393370592267219,25,10,0
15,6108,0.8637760324222548,0.0004803686446266915,0.13530400828482872,0.0004395906482910477,25,10,0
15,6109,0.8636409446117805,0.0004803690909068498,0.13543908989752473,0.000439596399788789,25,10,0
15,6110,0.8750656774090017,0.00048004143746379035,0.1240593228684241,0.0003949582851107019,25,10,0
15,6111,0.8879429912868197,9.730069702018717e-06,0.11169060321823107,0.0003566754252479341,25,10,0
15,6112,0.8879343955622526,9.728488449365565e-06,0.11169956849027354,0.00035630745902520103,25,10,0
15,6113,0.8839715772580915,9.734883001765688e-06,0.11566113792238296,0.00035754993652438373,25,10,0
15,6114,0.8865600638793871,9.681248666652078e-06,0.11307295105535536,0.00035730381659177684,25,10,0
15,6115,0.8904780115478378,9.686583751844557e-06,0.10915386175126113,0.00035844011714993316,25,10,0
15,6116,0.8894845504727392,9.687309016861388e-06,0.1101473189986876,0.00035844321955688007,25,10,0
15,6117,0.8988231323833655,9.802673845975594e-06,0.10080863192259923,0.00035843302018970756,25,10,0
15,6118,0.9107374193278537,9.799954953476578e-06,0.088894376889943,0.0003584038272502501,25,10,0
15,6119,0.8829805359396284,9.835714817698429e-06,0.11663944694695524,0.00037018139859943387,25,10,0
15,6120,0.8823535509000767,9.733706271489761e-06,0.11726647689153356,0.00037023850211899954,25,10,0
15,6121,0.8822114334957638,9.73631963475101e-06,0.11740948493148987,0.00036934525311235007,25,10,0
15,6122,0.8824139567285103,9.732190339365935e-06,0.11720815026837388,0.0003681608127772171,25,10,0
15,6123,0.8825860232762114,9.783731335090727e-06,0.1173129522293575,9.124076309634169e-05,25,10,0
15,6124,0.8823488222867022,1.0519516202184556e-06,0.11762305697582212,2.7068785855839864e-05,25,10,0
15,6125,0.8756484233330362,1.1607830366324622e-06,0.1243223915994947,2.8024284433029346e-05,25,10,0
15,6126,0.8760505825639985,1.1607849556298233e-06,0.12392023219481174,2.802445623469315e-05,25,10,0
15,6127,0.8757493135230798,1.1598972544506324e-06,0.12422148823508364,2.8038344582511157e-05,25,10,0
15,6128,0.8699237481165083,1.1230044739734267e-06,0.13004702118862302,2.810769039498818e-05,25,10,0
15,6129,0.8707029775443609,1.1216707093573813e-06,0.12927278772601705,2.3113058912882535e-05,25,10,0
15,6130,0.8702784626727856,1.1652190667588886e-06,0.12969430866480328,2.6063443344176493e-05,25,10,0
15,6131,0.8706426990051852,1.1600583045560236e-06,0.1293314329932771,2.470794323300378e-05,25,10,0
15,6132,0.852517722641027,1.1817746886406156e-06,0.1474534054146936,2.7690169590014497e-05,25,10,0
15,6133,0.844349342952635,1.176643856372781e-06,0.155621810052906,2.7670350601734203e-05,25,10,0
15,6134,0.8573266564228785,1.1551796698054392e-06,0.1426474676253952,2.4720772055695583e-05,25,10,0
15,6135,0.857312163029955,1.153323295690969e-06,0.14266010938545398,2.6574261294621502e-05,25,10,0
15,6136,0.8508622238163912,1.3846789016303292e-06,0.149109816710018,2.6574794688180675e-05,25,10,0
15,6137,0.8518593041493128,1.3839509398668758e-06,0.14811274051983406,2.6571379912508035e-05,25,10,0
15,6138,0.8518522381126036,1.3839529606436362e-06,0.1481198061888021,2.657174563283571e-05,25,10,0
15,6139,0.8516085861376166,1.3923849324295585e-06,0.14836344807066632,2.6573406783787255e-05,25,10,0
15,6140,0.8501105973367116,1.3935121984122269e-06,0.14986136006152598,2.6649089563248767e-05,25,10,0
15,6141,0.8516574190344928,1.3808882809889023e-06,0.14831455439402713,2.6645683198454383e-05,25,10,0
15,6142,0.8522505749059467,1.390924106773455e-06,0.14772270271960392,2.5331450342136018e-05,25,10,0
15,6143,0.8585620742431188,2.3792062609582597e-06,0.14140998183384387,2.556471677582065e-05,25,10,0
15,6144,0.876068449757928,2.1280384451844505e-06,0.12390821456693742,2.120763668905173e-05,25,10,0
15,6145,0.8758664758382646,2.1278953297111175e-06,0.12403122069101871,0.00010017557538647456,25,10,0
15,6146,0.8729003431227527,2.134794574986942e-06,0.1269991830453579,9.833903731400115e-05,25,10,0
15,6147,0.8852924375037108,0.00030293062238100267,0.11287192156701734,0.0015327103068903348,25,10,0
15,6148,0.8733112047959386,0.0003029450518786104,0.12484919347124863,0.001536656680933671,25,10,0
15,6149,0.8569393943705227,0.00030295073200096014,0.13929724814476813,0.0034604067527076398,25,10,0
15,6150,0.8555156946032467,0.0003029695042051222,0.14071639842863434,0.0034649374639132468,25,10,0
15,6151,0.8575494523077394,0.0003019811615246724,0.1386838818477338,0.003464684683001605,25,10,0
15,6152,0.8575542858504619,0.00030198119352968245,0.13867903936588447,0.003464693590123526,25,10,0
15,6153,0.8478914907516074,0.00030273036062836666,0.14834558245214285,0.003460196435621189,25,10,0
15,6154,0.829686977883884,5.974890391349139e-05,0.16822276369629832,0.002030509515904885,25,10,0
15,6155,0.8335643600092669,5.974331307414909e-05,0.16434653340356603,0.002029363274093193,25,10,0
15,6156,0.836725730185398,5.97436769181773e-05,0.16118503694112774,0.0020294891965565317,25,10,0
15,6157,0.838207664125155,5.975086791765107e-05,0.15970321962379658,0.0020293653831301604,25,10,0
15,6158,0.8372108857239456,5.975124252997958e-05,0.16069990140114718,0.0020294616323774024,25,10,0
15,6159,0.8487083655685645,5.898628901746296e-05,0.1492032979025155,0.0020293502399018576,25,10,0
15,6160,0.8829698299559742,5.8937710866755e-05,0.11495483299370973,0.0020163993394486045,25,10,0
15,6161,0.8897825524126226,5.8706076806295126e-05,0.10814238263314856,0.0020163588774220562,25,10,0
15,6162,0.8900195298402137,5.870470512915634e-05,0.10790543231610773,0.0020163331385491703,25,10,0
15,6163,0.8903561342486644,5.87095505583261e-05,0.10764781908284732,0.0019373371179295248,25,10,0
15,6164,0.8819696923837076,5.871756575432955e-05,0.11603331195792195,0.001938278092615834,25,10,0
15,6165,0.901584372312942,1.4871191594931086e-06,0.09647777583708804,0.0019363647308102234,25,10,0
15,6166,0.9028531845695905,1.4432266801120424e-06,0.09521195455813185,0.0019334176455976474,25,10,0
15,6167,0.9031047520914963,1.4347921135843184e-06,0.0949603974977558,0.001933415618634234,25,10,0
15,6168,0.9129653346280143,1.4389380933016576e-06,0.08510358350192035,0.0019296429319720031,25,10,0
15,6169,0.9084859577444051,1.5689136924375523e-05,0.08956866706740935,0.0019296860512611014,25,10,0
15,6170,0.8972422086004361,1.5701753648310355e-05,0.10080889134051149,0.0019331983054042129,25,10,0
15,6171,0.8978196051400062,1.568014284542571e-05,0.10023152700823731,0.0019331877089108496,25,10,0
15,6172,0.8995867955647223,1.5661489489312545e-05,0.0984645299009517,0.0019330130448366259,25,10,0
15,6173,0.9183098051103251,1.503845013843737e-05,0.07974511287414202,0.0019300435653947217,25,10,0
15,6174,0.9197875548765516,1.5036486504368749e-05,0.07826745471217057,0.001929953924773636,25,10,0
15,6175,0.8847847979587685,1.6503262771799977e-05,0.09094816808293053,0.02425053069552906,25,10,0
15,6176,0.8848333513649344,1.650240694449113e-05,0.0908993752045705,0.024250771023550527,25,10,0
15,6177,0.8847495928095414,1.6502346502785915e-05,0.09098174425162667,0.024252160592329215,25,10,0
15,6178,0.8726271037034595,1.6516525062547286e-05,0.10310039778719311,0.0242559819842849,25,10,0
15,6179,0.8624526016236171,1.6709432986672123e-05,0.1132474926356371,0.02428319630775893,25,10,0
15,6180,0.8567967028517203,1.6730756404143365e-05,0.11890693297817244,0.024279633413703604,25,10,0
15,6181,0.8688911539658463,1.6716584881428778e-05,0.1068163172558731,0.02427581219339917,25,10,0
15,6182,0.8691465884930278,1.671613802947427e-05,0.10656089043397436,0.02427580493496817,25,10,0
15,6183,0.8753121169578116,1.6337306106408456e-05,0.10039451859569486,0.024277027140386757,25,10,0
15,6184,0.8706505183751099,1.4870481326314888e-05,0.08780802143667936,0.04152658970688439,25,10,0
15,6185,0.8596793154463532,0.0005427782866351191,0.09820527551788069,0.04157263074913048,25,10,0
15,6186,0.858233281048295,0.0005893498945711459,0.09960197290872984,0.04157539614840366,25,10,0
15,6187,0.8655698453808395,0.0005893339294918838,0.09226550161087914,0.041575319078789315,25,10,0
15,6188,0.8655395171627966,0.0005893342793117089,0.09229583474428792,0.04157531381360373,25,10,0
15,6189,0.8652462668780779,0.0005893343397572056,0.09258906651810009,0.041575332264064756,25,10,0
15,6190,0.8818661051497136,0.0005893284787658966,0.07789298514000825,0.039651581231512384,25,10,0
15,6191,0.8818622030216073,0.0005893284818402089,0.07789688680862636,0.03965158168792615,25,10,0
15,6192,0.8858400063914164,0.0005750785566679174,0.07392600650787369,0.03965890854404226,25,10,0
15,6193,0.8840270130464768,0.0005750769553484887,0.07573897186800342,0.03965893813017134,25,10,0
15,6194,0.8871380884700406,0.0005750699428490011,0.07262793739290659,0.03965890419420404,25,10,0
15,6195,0.8850273953099977,0.0005750706348693152,0.07473855550773364,0.03965897854739969,25,10,0
15,6196,0.8849702583162334,0.0005753486554864582,0.07479536636596464,0.03965902666231608,25,10,0
15,6197,0.891389747777586,0.0005751322845969374,0.06837613003368886,0.03965898990412893,25,10,0
15,6198,0.8911551236117464,0.0005748547354501207,0.06861102252907192,0.039658999123732,25,10,0
15,6199,0.8964579722837343,0.0005282831218979722,0.06335874632268068,0.03965499827168753,25,10,0
15,6200,0.90481785118014,0.0005281737925528269,0.054999981271208205,0.039653993756099154,25,10,0
15,6201,0.9043365554409084,0.0005281738045957387,0.05548127383560877,0.03965399691888724,25,10,0
15,6202,0.9047667804709008,0.0005281660775084429,0.05505105635280724,0.03965399709878363,25,10,0
15,6203,0.9066483050658708,0.0005281671497447949,0.05316950091466386,0.03965402686972068,25,10,0
15,6204,0.9068012059079424,0.0005281652480415205,0.05301685602613089,0.03965377281788526,25,10,0
15,6205,0.9066698366811137,0.0005281765300792946,0.05314699597239754,0.039654990816409656,25,10,0
15,6206,0.9068565095116505,0.0005281768816315744,0.05296022966954568,0.03965508393717223,25,10,0
15,6207,0.9067978836998766,0.0005281763825196995,0.053018840485792064,0.03965509943181174,25,10,0
15,6208,0.9068434406537064,0.0005281763444916238,0.05297328358848827,0.039655099413314014,25,10,0
15,6209,0.9064079882061316,0.0005281795442618245,0.05340777432423244,0.03965605792537427,25,10,0
15,6210,0.8700313393764576,0.0005281800174102378,0.08978441788667986,0.039656062719452136,25,10,0
15,6211,0.8698615762509886,0.0005297640447711609,0.1049929327377285,0.024615726966512024,25,10,0
15,6212,0.8689234363414076,0.0005297828839272526,0.10593096985271165,0.02461581092195378,25,10,0
15,6213,0.8691634931117711,0.0005282004336283016,0.09249046335549449,0.0378178430991065,25,10,0
15,6214,0.8293338627237624,0.0005282019422510674,0.09506949090891834,0.07506844442506883,25,10,0
15,6215,0.817767829611255,0.0005375229350024808,0.1066238495060284,0.07507079794771443,25,10,0
15,6216,0.8278277530511637,0.0005373309790894542,0.09659132499493062,0.07504359097481653,25,10,0
15,6217,0.827783850974004,0.000537331120591704,0.09663521809276814,0.0750435998126364,25,10,0
15,6218,0.8380084308979103,0.0005372964927580716,0.08641071397721029,0.07504355863212166,25,10,0
15,6219,0.848745030638474,9.388932828856964e-06,0.0762480633302282,0.07499751709846955,25,10,0
15,6220,0.8581401042890573,9.38054290541669e-06,0.06685403527934368,0.07499647988869404,25,10,0
15,6221,0.8598803954360987,9.382078818701892e-06,0.06511374809682574,0.07499647438825711,25,10,0
15,6222,0.8576658604202092,9.383654780751203e-06,0.0673282900327063,0.07499646589230405,25,10,0
15,6223,0.8436238240861178,9.822070490319975e-06,0.08136779625324433,0.07499855759014781,25,10,0
15,6224,0.8434740620602811,9.821360577795701e-06,0.0792571714962333,0.07725894508290819,25,10,0
15,6225,0.8350851259366066,1.55333912824918e-05,0.08761254548420944,0.07728679518790149,25,10,0
15,6226,0.8298373743070862,1.5755888548543846e-05,0.09285904669256484,0.07728782311180035,25,10,0
15,6227,0.795923297246328,1.575577690159661e-05,0.12677450891283024,0.07728643806394013,25,10,0
15,6228,0.7962287964279714,1.5742862698537762e-05,0.12646904416641544,0.07728641654291449,25,10,0
15,6229,0.796414351414382,1.5746774156410938e-05,0.12629083463717852,0.07727906717428279,25,10,0
15,6230,0.8017870850886551,1.553430943124971e-05,0.12091939939174903,0.07727798121016384,25,10,0
15,6231,0.8024410658394956,1.5662099555493352e-05,0.12026475484267748,0.07727851721827074,25,10,0
15,6232,0.802406960741861,1.566213987358928e-05,0.12029885408650351,0.07727852303176136,25,10,0
15,6233,0.802102555009876,1.566131818288368e-05,0.1187851932693645,0.07909659040257638,25,10,0
15,6234,0.8383607979010145,1.56608487880149e-05,0.08252695577978124,0.07909658547041577,25,10,0
15,6235,0.8383584844647376,1.5660063865333512e-05,0.08247760052358863,0.0791482549478078,25,10,0
15,6236,0.8387239805990646,1.5513080293768127e-05,0.08211296374619331,0.07914754257444763,25,10,0
15,6237,0.8391472353331548,1.5512596552091715e-05,0.08168976659351435,0.07914748547677827,25,10,0
15,6238,0.8388286577639532,1.5517382939025945e-05,0.0820070886611106,0.07914873619199683,25,10,0
15,6239,0.8385350771526697,1.551771191863532e-05,0.08229535473110035,0.07915405040431103,25,10,0
15,6240,0.8135855846891922,1.5079805305007995e-05,0.10724724367857245,0.07915209182692967,25,10,0
15,6241,0.7852789494214893,5.7587338687597336e-06,0.1355576270268955,0.07915766481774629,25,10,0
15,6242,0.7850064460884861,5.776856476877685e-06,0.13583011421772517,0.07915766283731206,25,10,0
15,6243,0.7732473514110785,6.20577179057489e-06,0.14754848403009288,0.0791979587870379,25,10,0
15,6244,0.7714499940983663,7.231694022614122e-06,0.14934524337926938,0.07919753082834163,25,10,0
15,6245,0.7653445722252727,7.231771577850701e-06,0.15545066475824337,0.07919753124490593,25,10,0
15,6246,0.7654293048979014,7.231777344327185e-06,0.15536593305579674,0.07919753026895768,25,10,0
15,6247,0.7658406088935743,7.227850223051301e-06,0.15495565361907634,0.07919650963712624,25,10,0
15,6248,0.7662100999456669,7.215101791233817e-06,0.15458748928670413,0.0791951956658379,25,10,0
15,6249,0.8001892247788709,7.215090405676656e-06,0.12060836861217908,0.07919519151854454,25,10,0
15,6250,0.794091441781694,7.3153176228083005e-06,0.12667933223153427,0.07922191066914926,25,10,0
15,6251,0.7942438675169764,7.325031304593359e-06,0.12652692118260125,0.07922188626911814,25,10,0
15,6252,0.7942456833336099,7.364192504117565e-06,0.13084158172928836,0.07490537074459791,25,10,0
15,6253,0.7939955349102367,7.364389380536692e-06,0.13109039716119494,0.0749067035391882,25,10,0
15,6254,0.7934146553709323,7.364961276412285e-06,0.1316725585447462,0.07490542112304543,25,10,0
15,6255,0.7937334272258215,7.364974995907439e-06,0.13135378690956256,0.07490542088962013,25,10,0
15,6256,0.7996433999893131,7.364997066604147e-06,0.12544381338752592,0.07490542162609468,25,10,0
15,6257,0.7890153725893306,7.355102906962443e-06,0.1360695448574314,0.07490772745033103,25,10,0
15,6258,0.7890845382063629,7.35509588213255e-06,0.13600035529247875,0.07490775140527607,25,10,0
15,6259,0.7675833303987648,7.346106778686157e-06,0.15750162082952857,0.07490770266492809,25,10,0
15,6260,0.7672774156470576,7.358620883264463e-06,0.15780713281944989,0.07490809291260962,25,10,0
15,6261,0.7876586046750207,8.448846441148556e-06,0.1374195583751188,0.07491338810341937,25,10,0
15,6262,0.751681881162324,8.475953200700313e-06,0.1732535229268434,0.07505611995763199,25,10,0
15,6263,0.762039076341957,8.476247191590706e-06,0.16289863314754924,0.07505381426330264,25,10,0
15,6264,0.7740514955208931,8.037317199929644e-06,0.150926949246196,0.07501351791571104,25,10,0
15,6265,0.7740513808729084,7.997372487871398e-06,0.1784260598350183,0.047514561919585106,25,10,0
15,6266,0.7723166580169953,2.301662879973429e-06,0.18019286748074248,0.04748817283938212,25,10,0
15,6267,0.7721031520016757,2.301827763255943e-06,0.18040631105107738,0.04748823511948369,25,10,0
15,6268,0.7822317582969923,2.285415927934023e-06,0.17027921895982348,0.047486737327256175,25,10,0
15,6269,0.7702660767913936,2.3089794673903856e-06,0.18224476871967837,0.04748684550946036,25,10,0
15,6270,0.7676847968243421,2.763898789614911e-05,0.18494237112944859,0.04734519305831287,25,10,0
15,6271,0.7671928327755101,2.806341433770666e-05,0.18543294075613645,0.04734616305401533,25,10,0
15,6272,0.7673192081979796,2.8063323252643923e-05,0.18530659054225646,0.04734613793651085,25,10,0
15,6273,0.773858803923904,2.8063291228114722e-05,0.17876700820133543,0.04734612458353198,25,10,0
15,6274,0.7739763970159222,2.8063286782516987e-05,0.1786494152681923,0.04734612442910256,25,10,0
15,6275,0.7793941499451644,2.806394864373151e-05,0.17968653496399045,0.040891251142201754,25,10,0
15,6276,0.7418523257679728,0.0006988751942640822,0.21655781481000125,0.04089098422776155,25,10,0
15,6277,0.7415048775388996,0.0006988752858479258,0.21690521475503963,0.04089103242021237,25,10,0
15,6278,0.7700795299376321,0.0007065399353294737,0.19602016773929307,0.033193762387745095,25,10,0
15,6279,0.7694513837280244,0.0007065453622467897,0.1965724766305457,0.03326959427918313,25,10,0
15,6280,0.7947701488934699,3.574976393032064e-05,0.1719219080045712,0.03327219333802902,25,10,0
15,6281,0.7948787358739995,3.573727890406858e-05,0.1718137234482397,0.03327180339885713,25,10,0
15,6282,0.8074066571816012,3.571778075946954e-05,0.15928941508225214,0.0332682099553865,25,10,0
15,6283,0.8078238205902258,3.5717306913491065e-05,0.15887225449311168,0.03326820760974842,25,10,0
15,6284,0.8080990916201388,3.571720917106448e-05,0.15859703178626977,0.03326815938441967,25,10,0
15,6285,0.8029314068882573,3.612736995069236e-05,0.1905193374221136,0.00651312831967823,25,10,0
15,6286,0.8046183542316188,3.502765004264782e-05,0.18883882873429278,0.00650778938404582,25,10,0
15,6287,0.8335213496894016,3.5437496519833034e-05,0.15993551875650824,0.00650769405756978,25,10,0
15,6288,0.8341357236180511,3.543199558872137e-05,0.15939698264468583,0.006431861741673848,25,10,0
15,6289,0.8592929051654211,3.5772811370565186e-05,0.1342006978205568,0.006470624202651198,25,10,0
15,6290,0.85918837555558,3.577302413488474e-05,0.13430438692368699,0.006471464496597822,25,10,0
15,6291,0.8520522671919086,3.6013027971759724e-05,0.14144025455277962,0.0064714652273399845,25,10,0
15,6292,0.8413769213274979,3.601951298168455e-05,0.1521137332156081,0.006473325943912915,25,10,0
15,6293,0.8428136337123688,4.19160465335648e-05,0.1489595031318078,0.008184947109290271,25,10,0
15,6294,0.8506296093330948,4.1814205340953405e-05,0.14117034885536542,0.00815822760619909,25,10,0
15,6295,0.8568092853674026,4.16465597789448e-05,0.13499204452253602,0.008157023550282815,25,10,0
15,6296,0.8504551391265518,4.165469408740335e-05,0.14128164271022559,0.008221563469135634,25,10,0
15,6297,0.8506559688341437,4.125039057932108e-05,0.14108224738592742,0.008220533389349858,25,10,0
15,6298,0.8507036219253351,4.124916781413375e-05,0.14103544260008877,0.008219686306762295,25,10,0
15,6299,0.8505106601426254,4.125393253448527e-05,0.14122830808710352,0.008219777837736973,25,10,0
15,6300,0.8503052548002691,4.125415934823128e-05,0.14143366809415045,0.008219822946232604,25,10,0
15,6301,0.8505187791580263,4.124947159516949e-05,0.14122023139595996,0.008219739974418862,25,10,0
15,6302,0.8258309616536734,4.130142597264121e-05,0.16590325471659528,0.008224482203758961,25,10,0
15,6303,0.8219353578143962,4.113425925892466e-05,0.16984365985659364,0.008179848069751614,25,10,0
15,6304,0.8330638972858574,4.114304039141939e-05,0.15871280464267484,0.008182155031076605,25,10,0
15,6305,0.8221630888945997,4.0124976203689144e-05,0.16961734659617253,0.00817943953302468,25,10,0
15,6306,0.8150977767207256,4.5925844413975915e-05,0.17664934070598673,0.008206956728874592,25,10,0
15,6307,0.8236676346702603,3.961901959214721e-05,0.1697972667963299,0.006495479513818328,25,10,0
15,6308,0.8357385562112032,3.959468203707699e-05,0.15772643662976826,0.006495412476992083,25,10,0
15,6309,0.825926865416941,3.960990566753123e-05,0.16760259757499146,0.006430927102400937,25,10,0
15,6310,0.8260250699904158,3.960990286223663e-05,0.16750439297741,0.006430927129312811,25,10,0
15,6311,0.8261419863066943,3.960970383369336e-05,0.1673874784066814,0.006430925582791303,25,10,0
15,6312,0.8266212709855281,3.9609710920755593e-05,0.1669081937087541,0.006430925594798069,25,10,0
15,6313,0.8067793772286818,7.246606164643526e-05,0.18671713396989414,0.006431022739779059,25,10,0
15,6314,0.822792428876605,7.244275108420635e-05,0.17070416149457657,0.006430966877735106,25,10,0
15,6315,0.8470058856656465,7.24102974411636e-05,0.14649538787647365,0.006426316160438903,25,10,0
15,6316,0.846531489798166,7.241011669317153e-05,0.1469698329925889,0.006426267092552262,25,10,0
15,6317,0.8579375917274793,6.474546606117185e-05,0.13560855911376862,0.006389103692691129,25,10,0
15,6318,0.8561494087570546,6.477485721833005e-05,0.13739662993080223,0.006389186454924993,25,10,0
15,6319,0.8470910720668914,6.476679468563991e-05,0.14645518832616344,0.006388972812259974,25,10,0
15,6320,0.8473496509796121,6.474769966713164e-05,0.14619670063207757,0.006388900688643634,25,10,0
15,6321,0.8473943978925425,6.474800840157402e-05,0.14615213332131508,0.00638872077774124,25,10,0
15,6322,0.8477625121847108,6.474800486632541e-05,0.14578400960748128,0.006388730202942092,25,10,0
15,6323,0.8550469600203101,5.894711100832106e-05,0.1385328863833217,0.006361206485360319,25,10,0
15,6324,0.8551652425165662,5.894720119363154e-05,0.13841461267015537,0.006361197612085196,25,10,0
15,6325,0.8916401227589698,5.857346613719946e-05,0.10800726866757185,0.0002940351073212583,25,10,0
15,6326,0.8861420550635458,5.85763788577845e-05,0.11350426197232232,0.00029510658527428667,25,10,0
15,6327,0.8753825535449331,5.856949586863704e-05,0.12425777262455039,0.00030110433464810107,25,10,0
15,6328,0.9136159054924962,3.326151750800498e-05,0.08605055108238144,0.00030028190761525753,25,10,0
15,6329,0.9099032364489622,3.326165288059083e-05,0.08976319787777025,0.0003003040203879782,25,10,0
15,6330,0.9101900940344229,3.324749299731868e-05,0.08948057216463969,0.0002960863079411492,25,10,0
15,6331,0.9098986908634039,3.3247598038821124e-05,0.08977162363285177,0.00029643790570650565,25,10,0
15,6332,0.9259662760658952,3.325852156435779e-05,0.07371047263602047,0.00028999277652070867,25,10,0
15,6333,0.9258504580485258,3.3258585150493075e-05,0.0738262902710223,0.0002899930953021703,25,10,0
15,6334,0.9121036502222863,3.3269086328307177e-05,0.0875703853973311,0.00029269529405505455,25,10,0
15,6335,0.9106147695857676,3.329340176577439e-05,0.08905487672116752,0.00029706029130018523,25,10,0
15,6336,0.9102578643156555,3.3308077440156874e-05,0.08941049491676582,0.00029833269013958985,25,10,0
15,6337,0.895577701321714,3.328237014020502e-05,0.10437329517640949,1.5721131736857087e-05,25,10,0
15,6338,0.9053319453781254,3.330685178894322e-05,0.09435019440755463,0.00028455336253189556,25,10,0
15,6339,0.9053073281819719,3.33116952590514e-05,0.09437474008575548,0.00028462003701430516,25,10,0
15,6340,0.9053414358851665,3.331132719260982e-05,0.09434063356958959,0.00028461921805222277,25,10,0
15,6341,0.9044963378693838,3.33288838813144e-05,0.09518365778287662,0.00028667546385928005,25,10,0
15,6342,0.8971701586135041,3.334744186322871e-05,0.10250809441679429,0.0002883995278387898,25,10,0
15,6343,0.8963887187981117,3.335702168280705e-05,0.10328820165287603,0.0002897225273300448,25,10,0
15,6344,0.9002986347225912,3.33568563452873e-05,0.0993783082987143,0.0002897001223497639,25,10,0
15,6345,0.8979491575200221,3.346163691594249e-05,0.10172764105093389,0.0002897397921284478,25,10,0
15,6346,0.906365455811772,3.345592535228214e-05,0.09331220013121086,0.000288888131665249,25,10,0
15,6347,0.9011224303939054,3.345420429704103e-05,0.09855684910297816,0.00028726629881994817,25,10,0
15,6348,0.9003702034920409,3.345419774934553e-05,0.0993090758636712,0.00028726644653924134,25,10,0
15,6349,0.9022167041576591,0.00043477218465461873,0.09706179568547396,0.00028672797221292894,25,10,0
15,6350,0.902708125739943,0.00043476766426171347,0.09657166051560533,0.00028544608019068457,25,10,0
15,6351,0.893146251293916,0.00043476631319803826,0.10613168946660306,0.0002872929262836565,25,10,0
15,6352,0.8886801532107501,0.00043476638246334827,0.11052794895552194,0.0003571314512651267,25,10,0
15,6353,0.8956126757803519,0.00044152490897895645,0.10355926127871731,0.0003865380319528152,25,10,0
15,6354,0.8882782440470067,0.0004414758718714027,0.11089394515254564,0.00038633492857670663,25,10,0
15,6355,0.8881119738958902,0.0004414762953793023,0.11105884915840442,0.00038770065032648677,25,10,0
15,6356,0.8739651745538771,0.0004414473464208687,0.1252056488942093,0.000387729205493217,25,10,0
15,6357,0.873848528912047,0.00044144725871637247,0.1253222706923206,0.00038775313691627797,25,10,0
15,6358,0.8773419301573958,0.0004414186777321843,0.12209981860572633,0.00011683255914593993,25,10,0
15,6359,0.8529759492300153,0.0004414351048301314,0.14638057586472994,0.00020203980042497475,25,10,0
15,6360,0.852992013732084,0.0004414157120476265,0.14636452062459374,0.00020204993127442467,25,10,0
15,6361,0.8529286146239037,0.00044141565421186596,0.1464288022074281,0.00020116751445646927,25,10,0
15,6362,0.8555958066986904,0.0004413106861878861,0.1437617572239627,0.00020112539115903696,25,10,0
15,6363,0.8574625679119814,0.0004412747334967616,0.14190004545272614,0.00019611190179587214,25,10,0
15,6364,0.8564278507964113,0.00044127541916143097,0.1429345672665046,0.000196306517922861,25,10,0
15,6365,0.8339185723971054,0.0004414724593742428,0.16255951221631637,0.003080442927205166,25,10,0
15,6366,0.8409748128013927,0.0004412324536133223,0.15550346455456254,0.003080490190431452,25,10,0
15,6367,0.8569996003568174,0.0004412320162718987,0.13947878572628297,0.0030803819006278055,25,10,0
15,6368,0.8572010867717712,0.0004412318604464884,0.13927732532971307,0.0030803560380692424,25,10,0
15,6369,0.8669068211826257,0.00044122859975533497,0.12957251104139406,0.003079439176224968,25,10,0
15,6370,0.8665182960200515,0.00044123146874452154,0.12996009567804037,0.0030803768331639867,25,10,0
15,6371,0.867269873522624,0.00044123148423419624,0.1292085144958719,0.0030803804972703865,25,10,0
15,6372,0.8727439665847847,3.989493413931488e-05,0.12413694329389408,0.0030791951871824252,25,10,0
15,6373,0.8560985316917226,3.9894490824873144e-05,0.14078226575191294,0.003079308065539728,25,10,0
15,6374,0.843222489161507,4.0071359553266124e-05,0.15090108671943475,0.005836352759505256,25,10,0
15,6375,0.8522036585787873,3.429194511507859e-05,0.1419579120927416,0.005804137383356359,25,10,0
15,6376,0.8495191656503701,3.444315088740397e-05,0.14464156921385257,0.005804821984890233,25,10,0
15,6377,0.8688463007677041,1.5871919845419325e-06,0.12534727387556086,0.0058048381647503415,25,10,0
15,6378,0.8686894422728109,1.5921977988112732e-06,0.12550410232269854,0.005804863206691493,25,10,0
15,6379,0.8658634267335485,9.047200557775345e-06,0.1282825510980985,0.005844974967795284,25,10,0
15,6380,0.8653962117407795,9.047195557956164e-06,0.1287497695114361,0.005844971552226385,25,10,0
15,6381,0.8730549589859825,9.047094485573894e-06,0.12109107582542626,0.005844918094105582,25,10,0
15,6382,0.8727904462273313,9.047133063836462e-06,0.12135555605853394,0.0058449505810709065,25,10,0
15,6383,0.8727618086461534,9.04714020457291e-06,0.12138419374749942,0.005844950466142562,25,10,0
15,6384,0.8656950689239826,9.200223766573355e-06,0.1284140947300909,0.00588163612215973,25,10,0
15,6385,0.8671710450190685,9.210519458154439e-06,0.12696109744500203,0.00585864701647099,25,10,0
15,6386,0.8675437948036546,9.204186100187891e-06,0.12658894958799366,0.005858051422251078,25,10,0
15,6387,0.8721078972876082,7.58978968850734e-07,0.12207355071380245,0.0058177930196201795,25,10,0
15,6388,0.8718401853249902,7.363897221320728e-07,0.12234337038676096,0.005815707898526279,25,10,0
15,6389,0.871425318534499,3.4473189559791536e-05,0.12272454377576192,0.005815664500179098,25,10,0
15,6390,0.8770008031301153,3.4461463098358476e-05,0.1171488893470196,0.0058158460597666495,25,10,0
15,6391,0.8770506294175183,3.446139471961072e-05,0.11709908110951478,0.005815828078247078,25,10,0
15,6392,0.8769670879716283,3.446639098872762e-05,0.11718261693372307,0.0058158287036596335,25,10,0
15,6393,0.8773091324520739,3.446505906782904e-05,0.11684075709247584,0.005815645396382225,25,10,0
15,6394,0.8489106607675027,0.00026574684203362146,0.14498857551805325,0.005835016872410459,25,10,0
15,6395,0.8551670330707617,0.00026554778853303795,0.14161654767091375,0.0029508714697915185,25,10,0
15,6396,0.8417235735133771,0.0002663139852213525,0.1550591771950219,0.0029509353063785406,25,10,0
15,6397,0.8130020604362563,0.00026634868216381726,0.18378064090815346,0.0029509499734272243,25,10,0
15,6398,0.8127030828193947,0.00026635246665775993,0.18407861877358303,0.002951945940365297,25,10,0
15,6399,0.8253159085822568,0.00026617966916114394,0.1742232665090597,0.00019464523952251396,25,10,0
15,6400,0.8218726483719376,0.00026620100742612784,0.17766643642895313,0.00019471419168342217,25,10,0
15,6401,0.8126149743176068,0.0002665943746766735,0.18696956969960676,0.0001488616081101555,25,10,0
15,6402,0.809798974068469,0.0002667453880492842,0.18974450110750216,0.00018977943597988438,25,10,0
15,6403,0.810084245674485,0.00026674508783060854,0.18945925431565633,0.00018975492202800797,25,10,0
15,6404,0.8071809023523988,0.00026674611625219754,0.19236233939678563,0.00019001213456286422,25,10,0
15,6405,0.8010545637958448,0.0002670964591960096,0.19848747619216855,0.00019086355279015384,25,10,0
15,6406,0.829775278272363,0.00026706185384801386,0.16976681124148063,0.00019084863230777173,25,10,0
15,6407,0.8414425636460773,0.00026669778635707005,0.15810078898845834,0.00018994957910633845,25,10,0
15,6408,0.8538694085869968,0.0002659326464733869,0.1456745849536565,0.00019007381287247012,25,10,0
15,6409,0.8540898294845735,0.0002659330023273927,0.1454541931755284,0.00019004433756996227,25,10,0
15,6410,0.8165551369612883,0.00026615966027044143,0.17939593011116822,0.003782773267272664,25,10,0
15,6411,0.8391403004550084,0.0002661818817734073,0.15659667341927647,0.003996844243941147,25,10,0
15,6412,0.8165001498140255,0.0002658265730512654,0.17923805618944463,0.003995967423478322,25,10,0
15,6413,0.8093876126641749,0.0002657943120069268,0.18664989559354153,0.0036966974302763645,25,10,0
15,6414,0.8254093114848281,0.00027261593630217753,0.1706202814002755,0.0036977911785933478,25,10,0
15,6415,0.8198979967227134,0.0002726116666131026,0.17613153960435748,0.0036978520063152857,25,10,0
15,6416,0.8196078270768564,0.00027261240077769574,0.17642170937671367,0.003697851145651383,25,10,0
15,6417,0.8198630282300727,0.0002725729228980999,0.1761664790385792,0.0036979198084490126,25,10,0
15,6418,0.8196493021015391,0.0002725698012745151,0.17638117387811647,0.003696954219069325,25,10,0
15,6419,0.7831046581982554,0.000272434833179974,0.19907135036426835,0.01755155660429697,25,10,0
15,6420,0.8037677536872413,4.115833643092302e-05,0.17860814731000096,0.01758294066632611,25,10,0
15,6421,0.8042606053138404,4.115959930904813e-05,0.1781153342545095,0.01758290083234037,25,10,0
15,6422,0.7967889971980988,4.1165714051186604e-05,0.18548174441239806,0.017688092675451593,25,10,0
15,6423,0.7998301607240353,4.1184685467646414e-05,0.18244046671481307,0.017688187875683502,25,10,0
15,6424,0.8090394994946871,4.117801817182733e-05,0.1732820964847387,0.017637226002401484,25,10,0
15,6425,0.8093641549436588,4.117727122127445e-05,0.17295744524253076,0.017637222542588215,25,10,0
15,6426,0.8003454822412998,4.118354697706943e-05,0.18194230028743238,0.017671033924289967,25,10,0
15,6427,0.7918953728889288,4.627065657765904e-05,0.19038634994769157,0.01767200650680318,25,10,0
15,6428,0.7912264566591383,4.6270521681059905e-05,0.1910552679591909,0.017672004859990972,25,10,0
15,6429,0.7910136224185186,4.627052489275325e-05,0.19126672314263835,0.017673383913951474,25,10,0
15,6430,0.7526659444155492,4.627055210582425e-05,0.2296141763824961,0.01767360864985017,25,10,0
15,6431,0.7520336395911457,4.6291161565534864e-05,0.23024636231853182,0.017673706928758363,25,10,0
15,6432,0.7516661734623082,4.7429008755971015e-05,0.2306126837301554,0.017673713798781666,25,10,0
15,6433,0.761539972276851,4.234089386812497e-05,0.2207451173118724,0.01767256951740974,25,10,0
15,6434,0.7704701289692286,4.239111066656502e-05,0.21181467178176444,0.017672808138341642,25,10,0
15,6435,0.7865819742274117,8.654302935323306e-06,0.19573663118253207,0.017672740287122277,25,10,0
15,6436,0.7864652317364268,8.633730897353083e-06,0.19585348914403702,0.01767264538864031,25,10,0
15,6437,0.7811667120440238,8.619609173830233e-06,0.201149478857461,0.01767518948934283,25,10,0
15,6438,0.7808652839418196,8.907227873031455e-06,0.20145056905654316,0.017675239773765204,25,10,0
15,6439,0.7864619278630733,8.90207014768724e-06,0.19585656962247044,0.017672600444309718,25,10,0
15,6440,0.7734041692458069,1.594279336603791e-05,0.20890604196414098,0.017673845996687178,25,10,0
15,6441,0.7650445199264755,1.5801086136377924e-05,0.21730251962360367,0.017637159363784835,25,10,0
15,6442,0.7549200764953373,9.019558150266817e-06,0.22743002079368138,0.017640883152831636,25,10,0
15,6443,0.765884465016798,9.039877345939665e-06,0.2164652828962999,0.017641212209556986,25,10,0
15,6444,0.7660463326465574,9.039875179416914e-06,0.2163047934764083,0.017639834001855773,25,10,0
15,6445,0.7788310572214333,9.413999672376662e-06,0.21292976121611956,0.008229767562775901,25,10,0
15,6446,0.7947767354065587,9.402263672080622e-06,0.1969842062708254,0.008229656058944724,25,10,0
15,6447,0.7949004881722176,9.412585883779977e-06,0.19686033946672976,0.008229759775169706,25,10,0
15,6448,0.795064005025821,9.432675800145608e-06,0.19669679132331036,0.008229770975069476,25,10,0
15,6449,0.7948858045659289,9.701321704605816e-06,0.1968746997266899,0.008229794385677473,25,10,0
15,6450,0.7945057925637181,9.701578484901866e-06,0.19725463973696553,0.008229866120832496,25,10,0
15,6451,0.7911838360966875,3.7355561722102866e-06,0.2004365097057152,0.008375918641426092,25,10,0
15,6452,0.8287853434958039,3.503973325366918e-06,0.1664278972565582,0.004783255274312084,25,10,0
15,6453,0.8295546130986899,3.504465292745353e-06,0.16565868454428873,0.004783197891728423,25,10,0
15,6454,0.8192765758517067,3.4659640969990526e-06,0.1759370296089015,0.004782928575295094,25,10,0
15,6455,0.8132086505069693,3.4717304069149943e-06,0.18200497454251532,0.004782903220108627,25,10,0
15,6456,0.7910920874705464,3.4112192180201476e-06,0.20373484085106683,0.005169660459169771,25,10,0
15,6457,0.7878471293026333,3.265987298509727e-06,0.2069806537459438,0.005168950964125166,25,10,0
15,6458,0.7936367215573678,3.267635288980507e-06,0.20119037660370218,0.005169634203641864,25,10,0
15,6459,0.8197409499441239,2.8774531502144824e-06,0.17957199220785916,0.0006841803948671552,25,10,0
15,6460,0.8183896765774498,2.8576537591631176e-06,0.18092071062927786,0.0006867551395142174,25,10,0
15,6461,0.8185053770019821,2.8575836317913685e-06,0.1808050270005089,0.0006867384138779743,25,10,0
15,6462,0.7902147435144014,4.3385562993665605e-06,0.20870246886801028,0.0010784490612900095,25,10,0
15,6463,0.8173542233909693,2.859192866994328e-06,0.181955938942322,0.0006869784738427108,25,10,0
15,6464,0.8009799418206808,0.0002561343108587143,0.19805559758889885,0.000708326279562318,25,10,0
15,6465,0.8074085345717201,0.0002561162881939351,0.1916257648211959,0.0007095843188909342,25,10,0
15,6466,0.8069906532482376,0.0002561333718076085,0.1920435362094956,0.0007096771704601915,25,10,0
15,6467,0.844433785152518,0.000256146909805024,0.15455253946066314,0.000757528477014743,25,10,0
15,6468,0.8438788771649227,0.00025614696744490263,0.15510751520290475,0.0007574606647282275,25,10,0
15,6469,0.8439990859328372,0.000256147053470082,0.15498730635854133,0.0007574606551517984,25,10,0
15,6470,0.8543433546089122,0.00025614027987584475,0.14474797412331464,0.0006525309878977883,25,10,0
15,6471,0.8535848022026168,0.0002561520704029003,0.14550652445720025,0.0006525212697805474,25,10,0
15,6472,0.8474738412085442,0.0002561145163948042,0.15161642259388095,0.0006536216811804817,25,10,0
15,6473,0.8187759422407747,0.0002561231705843909,0.18019993136880935,0.0007680032198315479,25,10,0
15,6474,0.8352998757268989,2.5834047036700415e-06,0.1639508894164998,0.0007466514518979638,25,10,0
15,6475,0.8344311126336992,2.5665554644809126e-06,0.16481976868502934,0.0007465521258074383,25,10,0
15,6476,0.8302276507443955,1.6906192946661876e-05,0.16900725543506373,0.0007481876275943746,25,10,0
15,6477,0.8302218297768735,1.6906195266517772e-05,0.1690130760320948,0.0007481879957652378,25,10,0
15,6478,0.8311419905700967,1.6905913783713683e-05,0.1680929189969533,0.0007481845191665653,25,10,0
15,6479,0.831015991323811,1.690594092019856e-05,0.1682188936854233,0.0007482090498457005,25,10,0
15,6480,0.8258740141732823,1.6905471997795376e-05,0.17336087684420182,0.0007482035105181124,25,10,0
15,6481,0.8261039714242977,1.6905382395322646e-05,0.17313094414346153,0.0007481790498455121,25,10,0
15,6482,0.8290016712144039,1.7075443550575194e-05,0.17023146020387042,0.0007497931381753756,25,10,0
15,6483,0.8510835071267706,1.7075279927867407e-05,0.14815158735866177,0.0007478302346398042,25,10,0
15,6484,0.851190216714426,1.7071278092588098e-05,0.14804490141373766,0.0007478105937439808,25,10,0
15,6485,0.8574648992197378,1.6831618196889918e-05,0.1417715543433069,0.0007467148187586227,25,10,0
15,6486,0.8561112342508411,2.4964754893144865e-06,0.14314118832485911,0.0007450809488106045,25,10,0
15,6487,0.8521077613687933,2.493675822482354e-06,0.14714411946126352,0.0007456254941208944,25,10,0
15,6488,0.8814767213187211,2.471541663042476e-06,0.11793761760720367,0.0005831895324124063,25,10,0
15,6489,0.8806542172403574,2.472959677396999e-06,0.11876007209692693,0.0005832377030385192,25,10,0
15,6490,0.8797067787728335,2.45306547961368e-06,0.11970731843108506,0.0005834497306019854,25,10,0
15,6491,0.8440214028850127,2.4953348205373824e-06,0.15519622909082986,0.0007798726893370517,25,10,0
15,6492,0.8431945157188244,2.474980613218756e-06,0.15602311726259843,0.0007798920379642951,25,10,0
15,6493,0.8317422928168078,2.4747168908443943e-06,0.1674755078262209,0.0007797246400812874,25,10,0
15,6494,0.8233147119690291,1.1534258579817001e-05,0.17589257896736793,0.0007811748050240855,25,10,0
15,6495,0.8241099575615125,1.1760270249896195e-05,0.17509462875098325,0.000783653417255676,25,10,0
15,6496,0.794781472025446,1.3094172600773851e-05,0.20442155501430673,0.000783878787647152,25,10,0
15,6497,0.795583688882919,1.3092756804189364e-05,0.20361938695599552,0.0007838314042820393,25,10,0
15,6498,0.7966466074260249,1.3093044081939115e-05,0.20255668785106562,0.0007836116788285015,25,10,0
15,6499,0.7965522611542052,1.3205093384809092e-05,0.20265088326462577,0.0007836504877850433,25,10,0
15,6500,0.796548069074236,1.3204727690346986e-05,0.20265560198219437,0.0007831242158802291,25,10,0
15,6501,0.7935343620952495,0.00011931313178297556,0.205759464250249,0.0005868605227195346,25,10,0
15,6502,0.7967593718416801,0.00011025047125810591,0.20254311562626653,0.0005872620607961624,25,10,0
15,6503,0.784785436666321,0.0001104919469038993,0.21448384383370242,0.0006202275530735645,25,10,0
15,6504,0.7743450562073069,0.0001104921421677258,0.22486564445735724,0.0006788071931692211,25,10,0
15,6505,0.7793289549888479,0.00011048995919263369,0.21980732994398744,0.0007532251079730706,25,10,0
15,6506,0.7998784910045452,0.00011101891191857024,0.1996464059659333,0.00036408411760372795,25,10,0
15,6507,0.7993611189904213,0.0001110196225072935,0.20016376264956048,0.00036409873751187176,25,10,0
15,6508,0.8179248618164472,0.00011101933599489768,0.18160292222029395,0.00036119662726470853,25,10,0
15,6509,0.8180450217798827,0.00011129358173286046,0.18148338293889027,0.0003603016994948393,25,10,0
15,6510,0.8270248886873708,0.00011128690692810319,0.17253743014512463,0.00032639426057683195,25,10,0
15,6511,0.8273910126153087,0.00011100574059631864,0.1721716497543612,0.00032633188973405983,25,10,0
15,6512,0.8157059910731576,0.00011103039700135224,0.1838543854758576,0.00032859305398370115,25,10,0
15,6513,0.8153448722049345,0.00011103233866096318,0.1842153401916874,0.00032875526471771104,25,10,0
15,6514,0.816067693321992,0.00011103206886678833,0.18349252093922389,0.0003287536699176915,25,10,0
15,6515,0.8128665834963045,0.00011694898431130649,0.18668673352821552,0.0003297339911692198,25,10,0
15,6516,0.8136443294950118,0.00011672093994557323,0.1859107694941661,0.0003281800708771238,25,10,0
15,6517,0.7797841672174957,0.00013445888030153526,0.21975173040793228,0.00032964349427109363,25,10,0
15,6518,0.7799061497500136,0.00013445858912007166,0.21963091411547278,0.0003284775453940376,25,10,0
15,6519,0.7625683272612579,0.0001344596183661198,0.23688648293373074,0.00041073018664559806,25,10,0
15,6520,0.7425009679613305,0.00013333654512045503,0.25695487011943047,0.00041082537411768217,25,10,0
15,6521,0.7247885946803447,0.00036265432275987554,0.27443695834519527,0.000411792651699239,25,10,0
15,6522,0.7301240715151229,0.0003615866753683013,0.26924977091337937,0.0002645708961287079,25,10,0
15,6523,0.7403527480476348,0.00036158805523868557,0.2590209048541754,0.00026475904295016403,25,10,0
15,6524,0.7442467883334034,0.00036171659714396377,0.2533074325083991,0.002084062561052842,25,10,0
15,6525,0.7440982337747802,0.00036171710753018116,0.25345596097259543,0.00208408814509309,25,10,0
15,6526,0.7383815283165319,0.00036171705303064195,0.2591726462939731,0.0020841083364633536,25,10,0
15,6527,0.7396574392391486,0.0003617218401165803,0.25789750496929037,0.002083333951443424,25,10,0
15,6528,0.7452347356130585,0.0003617270872691492,0.25231997438970627,0.0020835629099650345,25,10,0
15,6529,0.7567241846458278,0.0003622601571593698,0.24086283114892598,0.0020507240480858607,25,10,0
15,6530,0.7711051286070573,0.0003617314111016075,0.22648491625624514,0.002048223725594991,25,10,0
15,6531,0.772925657752845,0.00013231297236681428,0.22472351140384153,0.002218517870945135,25,10,0
15,6532,0.7875116670591095,0.00013230473753250843,0.21030786730463064,0.002048160898725945,25,10,0
15,6533,0.7914659558576658,0.00013230385785448456,0.20635481018947727,0.0020469300950012688,25,10,0
15,6534,0.7915181808070355,0.00013230386350585396,0.2063038015865555,0.002045713742902021,25,10,0
15,6535,0.7785393594327056,0.00013228885407043226,0.2192823532090861,0.0020459985041371208,25,10,0
15,6536,0.7916046587500912,0.00013215987859276814,0.20811873650042137,0.00014444487089374812,25,10,0
15,6537,0.7952722732937465,0.00013216477610509186,0.20445115904558622,0.00014440288456096654,25,10,0
15,6538,0.7920007531237667,0.00013216859703022363,0.20772101119241554,0.0001460670867867383,25,10,0
15,6539,0.7920227789476882,0.00013216836224492302,0.20769797472241902,0.0001470779676470436,25,10,0
15,6540,0.8058471955975655,0.00011445048549053718,0.19373672364648933,0.00030163027045438203,25,10,0
15,6541,0.8110961904407429,0.00011444503504503958,0.1884882107210995,0.00030115380311226714,25,10,0
15,6542,0.8224603127565713,0.00011442109846418896,0.1771263728696594,0.0002988932753047316,25,10,0
15,6543,0.8126091513926845,0.0001460515420030742,0.1869413924263724,0.0003034046389393373,25,10,0
15,6544,0.8456910232408709,0.00014633890237910425,0.1537816077998817,0.0003810300568687466,25,10,0
15,6545,0.8805559460142125,0.00014502061525103538,0.1189182289918076,0.00038080437872903364,25,10,0
15,6546,0.8806603037218222,0.00014502059213564866,0.1188151306474383,0.0003795450386040669,25,10,0
15,6547,0.8804180789221001,0.00014502311073090473,0.11905751518690837,0.0003793827802608086,25,10,0
15,6548,0.8743796200753634,0.0001450238691919682,0.1251055956041588,0.00036976045128626905,25,10,0
15,6549,0.8742695042824535,0.00014502373203902438,0.12521575552507497,0.0003697164604329773,25,10,0
15,6550,0.8611061632123941,0.0001457214583112125,0.1383782856321778,0.00036982969711683476,25,10,0
15,6551,0.8627432662642982,0.00014572304991353395,0.13674212755958942,0.0003688831261983736,25,10,0
15,6552,0.8627145850967807,0.00014572344372010756,0.13677080675889045,0.00036888470060821737,25,10,0
15,6553,0.8630705649780015,0.00014572304756048143,0.13641483663966153,0.0003688753347757249,25,10,0
15,6554,0.8626168936533977,0.00014572264536169641,0.13686833181485047,0.0003690518863896551,25,10,0
15,6555,0.8254895762345145,0.00014576785830617303,0.17399556259358803,0.000369093313590526,25,10,0
15,6556,0.8451579097941034,0.00014574772406830103,0.1544831904776567,0.00021315200417051233,25,10,0
15,6557,0.8397133205336259,0.00014598621351449945,0.1599263818003838,0.00021431145247500344,25,10,0
15,6558,0.8456370821621145,0.0001457431795427433,0.154002648459904,0.00021452619843766077,25,10,0
15,6559,0.8450111104045206,0.00014575079037933082,0.15462859443260257,0.0002145443724964011,25,10,0
15,6560,0.844659215787221,0.0001457458974823614,0.15498040728957668,0.00021463102571904095,25,10,0
15,6561,0.8313133211122828,0.00014587480936845306,0.1683254515545713,0.0002153525237767465,25,10,0
15,6562,0.843226768214144,0.0001458678115956936,0.15641207454998082,0.00021528942427911829,25,10,0
15,6563,0.8678748645070513,3.9717651239814706e-05,0.13186449751866458,0.0002209203230432331,25,10,0
15,6564,0.8697524430834334,3.8940887534337666e-05,0.1299878218766498,0.00022079415238140297,25,10,0
15,6565,0.8474556214266089,3.8840113902774244e-05,0.15227894460439537,0.00022659385509153166,25,10,0
15,6566,0.8474921608564985,3.883939625420977e-05,0.15224240763697539,0.0002265921102705518,25,10,0
15,6567,0.8475086060279186,3.883965861931973e-05,0.15222591705793165,0.00022663725552911056,25,10,0
15,6568,0.8743176104815091,3.880720621676386e-05,0.12541342842187744,0.0002301538903955926,25,10,0
15,6569,0.8724988817625074,0.00010491799084484238,0.1271655136693877,0.00023068657725894694,25,10,0
15,6570,0.8649774875538578,0.00010492625525170496,0.13468575416145356,0.00023183202943567746,25,10,0
15,6571,0.865882697907934,0.0001046391477412778,0.13385884350894972,0.00015381943537377747,25,10,0
15,6572,0.8960482067725773,0.00010459515148139005,0.10369988068372284,0.0001473173922175949,25,10,0
15,6573,0.8840360299027941,0.00010640503891331355,0.11570995534736497,0.0001476097109268974,25,10,0
15,6574,0.8747118140741129,0.00010642572074490928,0.12495449454507813,0.0002272656600630776,25,10,0
15,6575,0.8765656502724343,4.0314993559503267e-05,0.12316730229662204,0.00022673243738320281,25,10,0
15,6576,0.8869692953452935,4.044290305865804e-05,0.11276790991841226,0.00022235183323513142,25,10,0
15,6577,0.887057486106025,4.043792728066145e-05,0.11267970064359988,0.00022237532309389487,25,10,0
15,6578,0.8641165831379379,4.0915656226365786e-05,0.12834575287660197,0.007496748329232262,25,10,0
15,6579,0.8661024487469132,4.092047659663418e-05,0.12629084726561401,0.007565783510874859,25,10,0
15,6580,0.8595855094074554,4.092093445706399e-05,0.13280554003313222,0.0075680296249542815,25,10,0
15,6581,0.8485400638866332,4.092665730372854e-05,0.14384943843539022,0.007569571020671169,25,10,0
15,6582,0.8432706645222523,4.0913383558438604e-05,0.1491225164263187,0.007565905667869348,25,10,0
15,6583,0.8436027290590764,4.092059760167542e-05,0.14870800359112285,0.0076483467521978,25,10,0
15,6584,0.8471137304743033,4.116828682906369e-05,0.14519787767355047,0.007647223565315845,25,10,0
15,6585,0.8459397293386165,4.118190227164499e-05,0.14637078047810198,0.007648308281008819,25,10,0
15,6586,0.8537669979034308,4.11996549885827e-05,0.13861927917129213,0.00757252327028743,25,10,0
15,6587,0.8577988778395619,4.0943701812888285e-05,0.13458767659264897,0.007572501865975391,25,10,0
15,6588,0.8648275957038632,4.0930162359728685e-05,0.1275600696113151,0.007571404522461323,25,10,0
15,6589,0.858756125823905,4.1161784645761994e-05,0.13371372997288344,0.007488982418564819,25,10,0
15,6590,0.8500939813548858,4.116498773645981e-05,0.1423760302382596,0.00748882341911695,25,10,0
15,6591,0.8501253670609138,4.1156000912664655e-05,0.14241365761492847,0.0074198193232439605,25,10,0
15,6592,0.8498355957536021,4.115602209818302e-05,0.1427021276210074,0.007421120603291075,25,10,0
15,6593,0.8536881805193225,4.1156021476766116e-05,0.1388495944582142,0.007421069000985292,25,10,0
15,6594,0.8489985459830887,4.116481915645039e-05,0.14353920253229988,0.007421086665453847,25,10,0
15,6595,0.8578979918398016,4.1171435798822745e-05,0.13463839578445946,0.007422440939938813,25,10,0
15,6596,0.8672087398949643,9.76636380726014e-06,0.12530415713168597,0.0074773366095416795,25,10,0
15,6597,0.8562843726322439,1.6560423498147602e-05,0.13618951010238994,0.007509556841867145,25,10,0
15,6598,0.8565577679017679,1.6560101586503075e-05,0.13591620261672727,0.007509469379917444,25,10,0
15,6599,0.8668375014203826,1.655990300278789e-05,0.1256950494938636,0.007450889182750392,25,10,0
15,6600,0.8735591261754714,1.6551697007955606e-05,0.11889795987957232,0.00752636224794802,25,10,0
15,6601,0.881241796123057,1.3856143832965784e-05,0.1112299723540337,0.007514375379075906,25,10,0
15,6602,0.9033575225817444,1.3378491201467957e-05,0.09638900200807347,0.00024009691898048836,25,10,0
15,6603,0.9031754343220071,1.3378515455564328e-05,0.09657112959637154,0.00024005756616552452,25,10,0
15,6604,0.924143204905074,1.3369237393679215e-05,0.07560345574695208,0.0002399701105807237,25,10,0
15,6605,0.924125252455053,1.3374348797513908e-05,0.07562097166436658,0.000240401531783298,25,10,0
15,6606,0.9240068571673566,1.3369227575258665e-05,0.07574077133225382,0.00023900227281491954,25,10,0
15,6607,0.923251265756372,9.525596531394537e-06,0.07652039588611353,0.00021881276098372173,25,10,0
15,6608,0.9231805022522489,9.525718949592163e-06,0.07659115953046441,0.0002188124983375838,25,10,0
15,6609,0.9272272310947868,9.270760078403962e-06,0.07254469581685269,0.00021880232828257306,25,10,0
15,6610,0.9410037517079236,2.581543585155086e-06,0.05877113429451601,0.00022253245397560822,25,10,0
15,6611,0.9245261592369558,2.603209822463485e-06,0.07524864566884676,0.00022259188437590992,25,10,0
15,6612,0.926193489302767,1.5655402410860052e-06,0.07358735723985996,0.0002175879171327366,25,10,0
15,6613,0.9221003145520084,1.5843603582700352e-06,0.07711353996932718,0.0007845611183071411,25,10,0
15,6614,0.9160506747629279,1.2461576468418241e-05,0.083149550005502,0.0007873136551024133,25,10,0
15,6615,0.9160019466585761,1.2466735143550153e-05,0.083198289448752,0.0007872971575290763,25,10,0
15,6616,0.919644516100648,1.233831792944074e-05,0.07955725739605811,0.0007858881853653908,25,10,0
15,6617,0.919866633788369,1.2337974335578587e-05,0.0793336959407477,0.0007873322965485804,25,10,0
15,6618,0.926728409288144,1.2098004805068654e-05,0.07247218198635273,0.0007873107206987737,25,10,0
15,6619,0.9191095857821477,1.2106152362215688e-05,0.08008805919939299,0.0007902488660976318,25,10,0
15,6620,0.9199314667755172,1.1878176110320616e-05,0.07932565002046696,0.0007310050279062298,25,10,0
15,6621,0.9200685367650355,1.1878250214510688e-05,0.07926631812663124,0.0006532668581194328,25,10,0
15,6622,0.9203925085504298,1.1877925479347194e-05,0.07894234721466069,0.0006532663094308391,25,10,0
15,6623,0.9204306612125707,1.1876696607352801e-05,0.07890436490726295,0.0006530971835595969,25,10,0
15,6624,0.9226994783893185,1.1878666151691828e-05,0.07720233347486731,8.63094696630203e-05,25,10,0
15,6625,0.9215942879595199,1.1894357417640858e-05,0.07830606760868394,8.775007437907415e-05,25,10,0
15,6626,0.9216815163273353,1.189405550951872e-05,0.07821882726193566,8.776235522001103e-05,25,10,0
15,6627,0.9367520046161996,1.1873690157912309e-05,0.06314828426543043,8.783742821261643e-05,25,10,0
15,6628,0.93293502452327,1.186872197500395e-05,0.06696565686002415,8.744989473112343e-05,25,10,0
15,6629,0.9334359564309948,1.1868806092873375e-05,0.06646472559483506,8.744916807789379e-05,25,10,0
15,6630,0.9328499611588253,1.186908282011739e-05,0.0670506252254753,8.754453287985854e-05,25,10,0
15,6631,0.9240478604582836,1.1878382765707946e-05,0.07576051296610009,0.0001797481928512227,25,10,0
15,6632,0.9193522622069193,1.1885143531911288e-05,0.08045386955035032,0.0001819830991989959,25,10,0
15,6633,0.9193487031330174,1.188504513300793e-05,0.08045842579359146,0.0001809860282586493,25,10,0
15,6634,0.9193020873317161,1.1889875418197608e-05,0.08050501386490866,0.00018100892795732732,25,10,0
15,6635,0.9204854342112432,1.1879472517878894e-05,0.0793267867153923,0.00017589960084714057,25,10,0
15,6636,0.8834589830880804,1.313172601185916e-05,0.11602321308050705,0.000504672105401301,25,10,0
15,6637,0.8707482333966694,1.886799159594458e-05,0.12714409092781373,0.002088807683921283,25,10,0
15,6638,0.8649523324268376,1.887995065763459e-05,0.13287753360196633,0.0021512540205384646,25,10,0
15,6639,0.8591616652634185,1.887505590920802e-05,0.13866824386472085,0.002151215815951399,25,10,0
15,6640,0.8590495098864049,1.8875058611984723e-05,0.1387803797010211,0.002151235353961919,25,10,0
15,6641,0.8534124703402196,1.887911871717131e-05,0.1444163219645162,0.002152328576546917,25,10,0
15,6642,0.8667153480585845,1.8180831920188183e-05,0.131114258854553,0.002152212254942338,25,10,0
15,6643,0.8707819032053169,8.32468703587297e-06,0.1270554408471245,0.0021543312605227486,25,10,0
15,6644,0.8709070152903969,8.324511527941255e-06,0.1269303683211605,0.0021542918769146867,25,10,0
15,6645,0.8708885628965701,8.32457435069459e-06,0.12694881566990943,0.002154296859169931,25,10,0
15,6646,0.8762050192922719,8.328134929173604e-06,0.12163232249508685,0.002154330077712323,25,10,0
15,6647,0.8384038242975058,8.354736871560755e-06,0.15922529719473436,0.0023625237708881693,25,10,0
15,6648,0.8372376136346732,8.345532400444066e-06,0.16048502927625546,0.002269011556670884,25,10,0
15,6649,0.8291707220883651,8.355178473800185e-06,0.16841455479868486,0.0024063679344754965,25,10,0
15,6650,0.8238999851349064,8.366594505465006e-06,0.17368527626452643,0.0024063720060614182,25,10,0
15,6651,0.8338318896196049,8.371557248861179e-06,0.16375336689145853,0.002406371931687372,25,10,0
15,6652,0.8336839136500102,8.345131422277179e-06,0.1641095218103709,0.0021982194081959956,25,10,0
15,6653,0.8489555601514421,8.332919567558614e-06,0.14884160701350316,0.0021944999154864973,25,10,0
15,6654,0.8434183880533037,8.34986027231795e-06,0.1543787876654577,0.0021944744209654674,25,10,0
15,6655,0.8526444227007619,2.6139017086395577e-06,0.14667258522426607,0.000680378173262488,25,10,0
15,6656,0.853039833508094,2.6086683961912976e-06,0.14627718082060492,0.0006803770029038943,25,10,0
15,6657,0.8582834579278231,2.5977439955885606e-06,0.14103358955815856,0.0006803547700219916,25,10,0
15,6658,0.8582987687543835,2.597423352145976e-06,0.1410182593255505,0.0006803744967131125,25,10,0
15,6659,0.8413150203287754,2.621363472581187e-06,0.1580019926100269,0.000680365697724649,25,10,0
15,6660,0.8412032281956359,2.621362450783465e-06,0.15811378474955734,0.0006803656923555217,25,10,0
15,6661,0.8422873196153557,2.605767796969519e-06,0.15703113943842303,0.0006789351784239299,25,10,0
15,6662,0.8415505779322833,2.5999537790250296e-06,0.15776273213969902,0.0006840899742383804,25,10,0
15,6663,0.8381065306673109,2.603398929264646e-06,0.16120672945984793,0.0006841364739115699,25,10,0
15,6664,0.8379948918275737,2.6030563907777813e-06,0.16131846288576202,0.0006840422302731708,25,10,0
15,6665,0.8531512954456453,2.5904580626154894e-06,0.14630103232259,0.0005450817737013002,25,10,0
15,6666,0.8542460706260482,2.5725915554351667e-06,0.14521154410155335,0.0005398126808421434,25,10,0
15,6667,0.8558242516535699,2.5551606854805363e-06,0.14363175917082013,0.0005414340149235,25,10,0
15,6668,0.8558190451922805,2.5551221597550624e-06,0.1436369656564633,0.0005414340290957066,25,10,0
15,6669,0.8591997095860358,2.560540061401651e-06,0.1402065676317474,0.0005911622421546851,25,10,0
15,6670,0.84294789138495,2.5686665754670985e-06,0.1564535320755495,0.0005960078729247451,25,10,0
15,6671,0.8425075629760105,2.6007625647925504e-06,0.1568999240083385,0.000589912253085838,25,10,0
15,6672,0.842427532521132,2.603100948746378e-06,0.15698108763573843,0.0005887767421805752,25,10,0
15,6673,0.8443943153127548,1.5820332444667494e-06,0.15502019484656554,0.00058390780743485,25,10,0
15,6674,0.8271596693186511,2.139840147347709e-06,0.17210776667592861,0.0007304241652723481,25,10,0
15,6675,0.8259756546711852,2.1609224786128677e-06,0.17329165447430597,0.0007305299320296149,25,10,0
15,6676,0.8256361760787264,2.152442078423664e-06,0.17363058288573138,0.0007310885934634179,25,10,0
15,6677,0.8267160304430466,2.1314845894650627e-06,0.17254947593618322,0.0007323621361801997,25,10,0
15,6678,0.8574741835439309,8.838053203611903e-07,0.14212129414077485,0.0004036385099737532,25,10,0
15,6679,0.8539752603884678,1.0771463496238503e-06,0.145570694246708,0.0004529682184742895,25,10,0
15,6680,0.8754462113700047,1.0871247366614795e-06,0.12409720315135843,0.0004554983539,25,10,0
15,6681,0.8745879999360882,1.109980654369527e-06,0.12495532446445688,0.00045556561880016834,25,10,0
15,6682,0.8748383193516731,1.1076560627539742e-06,0.12470530932282067,0.0004552636694429926,25,10,0
15,6683,0.8741472030323554,1.1076510741616024e-06,0.12539643101992595,0.0004552582966441411,25,10,0
15,6684,0.8738060759097049,2.1416707693482423e-06,0.12578620442069238,0.00040557799883298427,25,10,0
15,6685,0.8701424554095826,1.965409056614383e-06,0.129449866005603,0.0004057131757572136,25,10,0
15,6686,0.8874681898148306,1.941365101075615e-06,0.11212413305231633,0.0004057357677514495,25,10,0
15,6687,0.8881941436792826,1.9313340558563787e-06,0.11139957335608154,0.0004043516305794697,25,10,0
15,6688,0.8942592049617477,1.914028996470552e-06,0.10533459937291471,0.00040428163634031,25,10,0
15,6689,0.8944840677800212,1.9144527674073546e-06,0.10510967842745948,0.00040433933975109177,25,10,0
15,6690,0.8870549438161673,1.953765315722763e-06,0.11260525399690324,0.00033784842161329427,25,10,0
15,6691,0.8934503624023616,1.947903179716695e-06,0.10627654405017792,0.0002711456442805398,25,10,0
15,6692,0.8934369868189412,1.948027501656467e-06,0.10628991742698421,0.00027114772657281955,25,10,0
15,6693,0.8937740324685648,1.9477958311957015e-06,0.10595294278032345,0.0002710769552805174,25,10,0
15,6694,0.8938062752584781,2.1855933024564253e-06,0.10591816979274514,0.00027336935547430936,25,10,0
15,6695,0.8937424570268895,2.1856113692393685e-06,0.10598185402414537,0.0002735033375961619,25,10,0
15,6696,0.8879380137411321,2.1856139687569376e-06,0.11178629694456899,0.00027350370033056614,25,10,0
15,6697,0.8876084285667172,2.1462385106078326e-06,0.11211956581140584,0.00026985938336682733,25,10,0
15,6698,0.8878832439347868,2.7023919675241007e-06,0.111844190175265,0.0002698634979810293,25,10,0
15,6699,0.88816198498919,2.4651878460537598e-06,0.11156797240271304,0.00026757742025127715,25,10,0
15,6700,0.8830821390111747,2.7124421371219807e-06,0.11662398175397141,0.0002911667927170391,25,10,0
15,6701,0.8840118851890569,1.6730319110377717e-06,0.11569453338106843,0.00029190839796372384,25,10,0
15,6702,0.8892838064927499,1.6763160465148666e-06,0.11042145632329428,0.0002930608679094309,25,10,0
15,6703,0.9005776465705996,1.6768455305224162e-06,0.09912216266488619,0.0002985139189837858,25,10,0
15,6704,0.900850346135673,1.6763781505814353e-06,0.098851720974895,0.0002962565112813973,25,10,0
15,6705,0.8921195386465068,2.2078881968078768e-06,0.10764439748337935,0.00023385598191719988,25,10,0
15,6706,0.9030254629467214,2.203798375144186e-06,0.09673948682536235,0.00023284642954125672,25,10,0
15,6707,0.8909993563838485,2.6597701138384638e-06,0.1087615401532894,0.00023644369274803485,25,10,0
15,6708,0.8537717208187929,2.714151026832486e-06,0.14599431625808618,0.0002312487720938567,25,10,0
15,6709,0.8429979700923111,2.7167209991377883e-06,0.1567680374650172,0.00023127572167210453,25,10,0
15,6710,0.846756309535461,2.716790042769659e-06,0.15301030528292187,0.00023066839157399817,25,10,0
15,6711,0.8119412665645227,2.7406809098503164e-06,0.1775185674802427,0.010537425274323324,25,10,0
15,6712,0.8226807395733541,2.4935879336758598e-06,0.1668015347204986,0.010515232118212363,25,10,0
15,6713,0.8146060870127612,2.761706281822026e-06,0.17492485030674712,0.010466300974208713,25,10,0
15,6714,0.8261180114365396,2.301336949585867e-06,0.1634169941053421,0.010462693121167497,25,10,0
15,6715,0.8192734251777793,1.967293286426505e-06,0.17026089478030465,0.010463712748628626,25,10,0
15,6716,0.8195644759424134,1.9631397522290353e-06,0.1699698877467879,0.010463673171045353,25,10,0
15,6717,0.831003891932045,1.498374616166478e-06,0.1585331190151114,0.010461490678226666,25,10,0
15,6718,0.8310969215297921,1.4983270818869549e-06,0.1584400053638381,0.01046157477928731,25,10,0
15,6719,0.8313232430676436,1.4981926906619737e-06,0.15821507678045527,0.010460181959209806,25,10,0
15,6720,0.8476477636466826,9.590237412193662e-07,0.14203761456567357,0.010313662763901972,25,10,0
15,6721,0.8476504764225153,9.590324475814652e-07,0.14203499725513286,0.010313567289903673,25,10,0
15,6722,0.8642272887292992,9.491900879231627e-07,0.12546078823940307,0.010310973841209343,25,10,0
15,6723,0.8718476944277191,7.27116203372608e-07,0.11784162985833094,0.010309948597746256,25,10,0
15,6724,0.8716035840017318,7.271640711892065e-07,0.11808572975053254,0.010309959083664276,25,10,0
15,6725,0.8704697765193893,8.166763385358342e-07,0.11921955877157726,0.010309848032694711,25,10,0
15,6726,0.8811354831030562,8.140401929985585e-07,0.10855388427560218,0.010309818581148105,25,10,0
15,6727,0.8574472776146516,2.4369611551067063e-05,0.13221654087653056,0.010311811897266765,25,10,0
15,6728,0.8217359786204387,2.445167818062411e-05,0.16792697079089736,0.010312598910482513,25,10,0
15,6729,0.8193366547670231,2.4370284715545206e-05,0.17032715808536866,0.010311816862891725,25,10,0
15,6730,0.8195700640651249,2.463688811691454e-05,0.17009221332835597,0.010313085718401808,25,10,0
15,6731,0.8299799333316377,2.4132839131308007e-05,0.1596680118989054,0.01032792193032569,25,10,0
15,6732,0.8298241229561544,2.4141403176104144e-05,0.15982377195533248,0.010327963685337165,25,10,0
15,6733,0.8296046048969362,2.4141496089959854e-05,0.16004321081906675,0.010328042787907282,25,10,0
15,6734,0.8300559660248658,2.412489767062106e-05,0.15959187147540532,0.010328037602058457,25,10,0
15,6735,0.830155512631919,2.4124961043270973e-05,0.1594923014166952,0.01032806099034262,25,10,0
15,6736,0.8375330740858018,2.4113271825626902e-05,0.15211474849904963,0.010328064143323037,25,10,0
15,6737,0.8161351940478397,2.4119319799764802e-05,0.17351255138809,0.010328135244272247,25,10,0
15,6738,0.8157316188009625,2.4119227165569007e-05,0.17391559259584008,0.010328669376032688,25,10,0
15,6739,0.8154310283043347,2.4124806421198727e-05,0.1742156518350345,0.010329195054210252,25,10,0
15,6740,0.7924555860993365,4.087365504191197e-05,0.19709453259126486,0.010409007654357953,25,10,0
15,6741,0.8123130411996092,4.426685555650885e-05,0.18752138358303963,0.00012130836179574617,25,10,0
15,6742,0.8125262495367818,4.426714376646283e-05,0.18730825252389036,0.00012123079556256028,25,10,0
15,6743,0.8122475834589011,4.426430537736831e-05,0.1875868415087885,0.00012131072693466412,25,10,0
15,6744,0.8122845917766032,4.4264288699054146e-05,0.1875499647602471,0.00012117917445135618,25,10,0
15,6745,0.8124970434737588,4.4264201446378474e-05,0.18733753611430248,0.00012115621049275601,25,10,0
15,6746,0.8366786858867863,2.0708557542932042e-05,0.16318149844494945,0.00011910711072159671,25,10,0
15,6747,0.8366902874806548,1.765202364254572e-05,0.16319113319240633,0.00010092730329668034,25,10,0
15,6748,0.8662158898560612,1.764844483049598e-05,0.1336608187114008,0.00010564298770767634,25,10,0
15,6749,0.8640225142999379,2.78359774255301e-05,0.13579547591958485,0.00015417380305154154,25,10,0
15,6750,0.8643054847210204,2.7827351473172045e-05,0.13551255575851165,0.00015413216899468827,25,10,0
15,6751,0.8624708883172516,2.7823300382333036e-05,0.13734721573395212,0.00015407264841388012,25,10,0
15,6752,0.8576401027909165,2.783322818810526e-05,0.14217708033573204,0.00015498364516314546,25,10,0
15,6753,0.8591807807547248,2.779702454487078e-05,0.14064133763142977,0.00015008458930029187,25,10,0
15,6754,0.8353933225110439,2.7822522984534327e-05,0.16442040717397258,0.00015844779199905497,25,10,0
15,6755,0.8360863226270583,2.75332469199438e-05,0.16372903247287948,0.000157111653142468,25,10,0
15,6756,0.8363358741483984,2.7543510335742914e-05,0.16348083518217874,0.00015574715908730832,25,10,0
15,6757,0.8352556409827281,2.7558691052094884e-05,0.1645609809717023,0.0001558193545172981,25,10,0
15,6758,0.8353254054394093,2.755856484062234e-05,0.16449259740706185,0.00015443858868767124,25,10,0
15,6759,0.8006791121387671,2.7520514691683388e-05,0.19915380509155928,0.0001395622549821213,25,10,0
15,6760,0.8008647068382905,2.7518372489546308e-05,0.19896821516156993,0.00013955962765019344,25,10,0
15,6761,0.800602549035671,2.75269690545691e-05,0.19921691913531805,0.0001530048599566859,25,10,0
15,6762,0.8381748190968782,2.7472100160564396e-05,0.16164491377517515,0.00015279502778650736,25,10,0
15,6763,0.8382322560533931,2.7466604844901846e-05,0.16158797102629469,0.0001523063154676196,25,10,0
15,6764,0.7995117577861203,2.7513888821655808e-05,0.20030830724239268,0.00015242108266591624,25,10,0
15,6765,0.7993364355507822,2.780054601726232e-05,0.20048196700425727,0.0001537968989438291,25,10,0
15,6766,0.7992633393338991,2.7800545525496603e-05,0.20055506310336352,0.0001537970172126901,25,10,0
15,6767,0.7881447582751941,2.7790374991977757e-05,0.21167365489340753,0.00015379645640675518,25,10,0
15,6768,0.7909921670254711,2.7699555365820003e-05,0.2088263602887933,0.00015377313037012933,25,10,0
15,6769,0.7906476068228433,2.7709897606764583e-05,0.20916922948642994,0.0001554537931204365,25,10,0
15,6770,0.7831217608378351,2.7824266569182062e-05,0.2166944071852894,0.000156007710306971,25,10,0
15,6771,0.7850461173779043,2.7824720621866297e-05,0.2147700610595505,0.00015599684192387373,25,10,0
15,6772,0.7491565119484456,2.7825737655355573e-05,0.2506595080491688,0.00015615426473239574,25,10,0
15,6773,0.7490971759376669,2.7825740975031277e-05,0.2507188442745793,0.0001561540467809743,25,10,0
15,6774,0.7490992761017299,2.7825771969746528e-05,0.25071674394620247,0.00015615418010023977,25,10,0
15,6775,0.7247640401342313,2.9086902268034648e-05,0.2747105155530685,0.0004963574104335462,25,10,0
15,6776,0.7256088556888575,2.90765853965685e-05,0.2738673742722419,0.0004946934535059246,25,10,0
15,6777,0.7258521017547594,2.9078264934844725e-05,0.2736241244278962,0.0004946955524113375,25,10,0
15,6778,0.7246034615013933,2.907766170822246e-05,0.2748648312805902,0.0005026295563096768,25,10,0
15,6779,0.7486534584309781,2.9042209260133453e-05,0.2508232383782242,0.0004942609815386965,25,10,0
15,6780,0.7628500925172532,2.9189184801533506e-05,0.2365133559437043,0.0006073623542422967,25,10,0
15,6781,0.7880165861862531,2.7914220762841907e-05,0.21168839734850192,0.00026710224448267593,25,10,0
15,6782,0.7849238329582409,2.7948145494661804e-05,0.21478317483025236,0.00026504406601273367,25,10,0
15,6783,0.7641871027548858,2.8165223485760597e-05,0.23546020141607035,0.0003245306055592874,25,10,0
15,6784,0.7689952204173593,2.8165158284350063e-05,0.23065298927735522,0.00032362514700220736,25,10,0
15,6785,0.7640768255479352,2.8175151843407975e-05,0.23557041506223758,0.00032458423798545697,25,10,0
15,6786,0.7632144123664852,2.8389808655316824e-05,0.23636601636626214,0.00039118145859910253,25,10,0
15,6787,0.7631402158692331,2.8389777422113436e-05,0.2364402132012543,0.00039118115209219024,25,10,0
15,6788,0.7632238444406574,2.8389475083444368e-05,0.23635663335944895,0.0003911327248117881,25,10,0
15,6789,0.7594178878091395,2.838968652891628e-05,0.2401625843815428,0.0003911381227905394,25,10,0
15,6790,0.7641983400748324,2.8384370691386662e-05,0.2353830524521157,0.0003902231023619719,25,10,0
15,6791,0.7640895041747965,2.8387562909208833e-05,0.2354918364539864,0.0003902718083095022,25,10,0
15,6792,0.7990936004470864,2.8386434758971075e-05,0.20044455491884935,0.0004334581993062176,25,10,0
15,6793,0.7988126497155243,2.8386744279343654e-05,0.20072548034762988,0.00043348319256741424,25,10,0
15,6794,0.8124594060938832,2.802682305136375e-05,0.18707987759924977,0.00043268948381715945,25,10,0
15,6795,0.8135918162624494,2.8026542820490402e-05,0.1859475035082463,0.00043265368648535036,25,10,0
15,6796,0.8475690495609275,2.8075845438363063e-05,0.1519569912835939,0.0004458833100412712,25,10,0
15,6797,0.8153082326950251,2.942509441639804e-05,0.18422244219929257,0.000439900011267332,25,10,0
15,6798,0.8150970306934288,2.9424785034099882e-05,0.1844336145121711,0.0004399300093672246,25,10,0
15,6799,0.8153505533544293,2.9424779253140993e-05,0.18418012702740222,0.0004398948389164384,25,10,0
15,6800,0.8149583204709886,2.9424527101015062e-05,0.1845721787144542,0.0004400762874574022,25,10,0
15,6801,0.8371713496076224,5.534110649829167e-05,0.1623288990136033,0.0004444102722771529,25,10,0
15,6802,0.8381818736466687,5.51262604727811e-05,0.1613852015665138,0.00037779852634590977,25,10,0
15,6803,0.8325912184270142,5.4848127241516545e-05,0.16697747577108463,0.00037645767466091336,25,10,0
15,6804,0.8324318897710011,5.4848072796528585e-05,0.16713683487747288,0.00037642727873051353,25,10,0
15,6805,0.820289037498929,5.4848206928454996e-05,0.17927589340614386,0.000380220888000028,25,10,0
15,6806,0.8192728800806129,5.484818593505323e-05,0.18029205436644372,0.00038021736700875197,25,10,0
15,6807,0.8250831282027182,5.483957217967345e-05,0.17448184901912028,0.00038018320598292443,25,10,0
15,6808,0.8238493092650245,5.484072723421526e-05,0.17571565583570434,0.0003801941720380756,25,10,0
15,6809,0.8244469231734942,5.484034924635027e-05,0.17511823594603876,0.000380000531221812,25,10,0
15,6810,0.8242096635450683,5.484902640229759e-05,0.17535546817549486,0.00038001925303561015,25,10,0
15,6811,0.828009364321634,5.484878356107117e-05,0.17155579009271335,0.0003799968020925325,25,10,0
15,6812,0.8280386770421357,5.484410665411354e-05,0.1715265261920544,0.0003799526591563759,25,10,0
15,6813,0.8327377542072303,5.458257587632646e-05,0.16694136803448464,0.0002662951824093902,25,10,0
15,6814,0.8327333689263254,5.4587331822460694e-05,0.16694573922292325,0.00026630451892916193,25,10,0
15,6815,0.8327343937693287,5.4587332606954766e-05,0.16694471606849828,0.0002663028295663272,25,10,0
15,6816,0.8325028879493952,5.4587334744400795e-05,0.1671762209585492,0.0002663037573114459,25,10,0
15,6817,0.8706291811821137,5.4586510019484045e-05,0.12904993622999586,0.00026629607787093134,25,10,0
15,6818,0.8706359823434405,5.4586476455023915e-05,0.12904313699964598,0.00026629418045877974,25,10,0
15,6819,0.8585200268497647,0.00037214247747417993,0.14081467875513662,0.00029315191762472806,25,10,0
15,6820,0.8701903671068613,0.000372159799703244,0.12914802177589907,0.00028945131753677967,25,10,0
15,6821,0.8701933542404894,0.0003721597967501503,0.12914503314527837,0.0002894528174824303,25,10,0
15,6822,0.8701931002897115,0.00037215981015511156,0.1291452609800246,0.00028947892010929477,25,10,0
15,6823,0.8702641566636927,0.0003721603597565864,0.1290741710085803,0.0002895119679706517,25,10,0
15,6824,0.8702634436011266,0.00037215561395803094,0.12907488850127172,0.0002895122836438133,25,10,0
15,6825,0.8632909570336704,0.00037215773863036035,0.13598311640951524,0.00035376881818426797,25,10,0
15,6826,0.8793047913991628,0.00034619471538875103,0.1199996234755898,0.00034939040985866755,25,10,0
15,6827,0.8642048136840321,0.0003461994503540649,0.13505331787971808,0.00039566898589554213,25,10,0
15,6828,0.8654372716390886,0.0003461978206031361,0.13382876188991466,0.00038776865039357936,25,10,0
15,6829,0.8635484510262007,0.00034621639218472994,0.13544505083974864,0.0006602817418657231,25,10,0
15,6830,0.8759852292856575,2.865967171280487e-05,0.12335268989539509,0.0006334211472346454,25,10,0
15,6831,0.8918565878046322,1.1919391126886923e-05,0.10753364953736327,0.0005978432668775359,25,10,0
15,6832,0.8555148981692146,1.3070778915830576e-05,0.14387413750908729,0.0005978935427822455,25,10,0
15,6833,0.863214685942669,1.306491905249734e-05,0.13622062943174373,0.0005516197065347584,25,10,0
15,6834,0.8631880024789028,1.306436086890041e-05,0.13624734802968266,0.0005515851305456478,25,10,0
15,6835,0.8629959069028139,1.3057579646535337e-05,0.13643930097821905,0.0005517345393202931,25,10,0
15,6836,0.8255646872627226,1.3039845738447287e-05,0.17414304569474626,0.00027922719679372097,25,10,0
15,6837,0.8202360781534266,1.3047783742900357e-05,0.17947166254225932,0.00027921152057215544,25,10,0
15,6838,0.819923259769365,1.3047474828318624e-05,0.17978261451876276,0.00028107823704500134,25,10,0
15,6839,0.8146772098076797,1.3057848449217627e-05,0.18502755797830922,0.0002821743655629809,25,10,0
15,6840,0.8218045925900033,1.3048912745610914e-05,0.1779444199316569,0.0002379385655948353,25,10,0
15,6841,0.8458485473245025,1.2793980430218361e-05,0.15397032653419684,0.00016833216087093424,25,10,0
15,6842,0.8462043456750286,1.2789261449843916e-05,0.15361581146925896,0.00016705359426310288,25,10,0
15,6843,0.8365916009897723,1.2788788603586802e-05,0.16306552527139304,0.00033008495023150624,25,10,0
15,6844,0.8544982903676199,1.1389525964870887e-05,0.1451675753332254,0.0003227447731901778,25,10,0
15,6845,0.82552957444258,1.1391031289874552e-05,0.17383394026718907,0.0006250942589428872,25,10,0
15,6846,0.8109075314557762,3.850546016631269e-05,0.18842817432340944,0.0006257887606479122,25,10,0
15,6847,0.8162934450337298,3.849433037388145e-05,0.18304230589999118,0.0006257547359051261,25,10,0
15,6848,0.8492178576393719,3.8492612687132606e-05,0.1504634371263543,0.00028021262158725585,25,10,0
15,6849,0.8490881755158688,3.849782949158487e-05,0.15059311312661236,0.0002802135280280238,25,10,0
15,6850,0.8461302876676166,3.869423086332315e-05,0.15355078617645176,0.00028023192506910913,25,10,0
15,6851,0.8564579236075949,3.870262300022554e-05,0.1432208883404498,0.00028248542895564115,25,10,0
15,6852,0.8555250993276731,3.8703078956891506e-05,0.14415366500675506,0.0002825325866155885,25,10,0
15,6853,0.8552348835749176,3.87031879376114e-05,0.1444438442661264,0.0002825689710190702,25,10,0
15,6854,0.8546450382274619,3.8707773068096904e-05,0.14503355852688632,0.0002826954725842341,25,10,0
15,6855,0.849306319914762,3.8703085636746865e-05,0.15037243393637037,0.0002825430632315008,25,10,0
15,6856,0.857892105140463,3.870866987112218e-05,0.14178665261548154,0.0002825335741851827,25,10,0
15,6857,0.8722647072820159,1.1597560791163124e-05,0.1274414143556567,0.00028228080153691533,25,10,0
15,6858,0.8696933473170152,1.1761658333550361e-05,0.13001409232867564,0.00028079869597609426,25,10,0
15,6859,0.8684001922394775,1.1762023497123432e-05,0.1313071505838012,0.00028089515322470265,25,10,0
15,6860,0.8993862230127335,1.1761164567242058e-05,0.10032112805824762,0.00028088776445200843,25,10,0
15,6861,0.8993034194621076,1.1761290083883765e-05,0.10040251833538885,0.0002823009124200645,25,10,0
15,6862,0.8994956904788391,1.1761150742445225e-05,0.10021031781263515,0.00028223055778402374,25,10,0
15,6863,0.8988610374058174,1.1779018156070709e-05,0.10084495328809191,0.00028223028793514655,25,10,0
15,6864,0.9295058692014202,1.0857762003876354e-05,0.07019999730997409,0.0002832757266020555,25,10,0
15,6865,0.9110815483003033,1.1809998414107081e-05,0.08862312628597056,0.00028351541531244776,25,10,0
15,6866,0.9108619112055136,1.1820209364449275e-05,0.08884271815949871,0.00028355042562335,25,10,0
15,6867,0.9303222569688115,1.0868297768317416e-05,0.06938353800760415,0.0002833367258162459,25,10,0
15,6868,0.9376795599160631,1.0882058998861974e-05,0.06218547158382493,0.00012408644111312582,25,10,0
15,6869,0.9447664179558071,1.088010906380401e-05,0.055162856615467666,5.984531966148318e-05,25,10,0
15,6870,0.9457077201609901,1.0880698120250686e-05,0.054221626949408346,5.977219148137652e-05,25,10,0
15,6871,0.9458034306734784,1.0882073402530502e-05,0.054125913676978235,5.977357614077537e-05,25,10,0
15,6872,0.9539810913849953,6.951765434495161e-07,0.04600562920630545,1.2584232155531304e-05,25,10,0
15,6873,0.9535100158262904,7.069753022530555e-07,0.04647507050667807,1.4206691729440992e-05,25,10,0
15,6874,0.9537415921076806,7.012761155211325e-07,0.04624350693273188,1.4199683472244283e-05,25,10,0
15,6875,0.9460327645654428,1.3334531445873948e-06,0.05395397753193409,1.1924449478778426e-05,25,10,0
15,6876,0.9486614142711874,1.1651538011896036e-06,0.05132630221635599,1.1118358655290543e-05,25,10,0
15,6877,0.9245733622879811,1.1734950561219578e-06,0.07541426927900094,1.119493796279653e-05,25,10,0
15,6878,0.9241176748155797,1.2649693977083493e-06,0.07586927834706937,1.178186795425272e-05,25,10,0
15,6879,0.9234800729934918,1.2712337244618413e-06,0.07645125114957263,6.740462321238732e-05,25,10,0
15,6880,0.9212467459749485,6.258396145086869e-06,0.07873421995445225,1.2775674455330832e-05,25,10,0
15,6881,0.9199248255917588,6.27710153651882e-06,0.08005593566272301,1.2961643982788225e-05,25,10,0
15,6882,0.9202888881889922,6.265241347005873e-06,0.07969353231421229,1.1314255449490234e-05,25,10,0
15,6883,0.9262227466867138,6.260765412980899e-06,0.07375965805518472,1.1334492689115458e-05,25,10,0
15,6884,0.9203107190957914,6.4801107802664805e-06,0.07967138927751397,1.1411515915320755e-05,25,10,0
15,6885,0.9245314296968522,6.480336521166535e-06,0.07544986209117974,1.222787544771264e-05,25,10,0
15,6886,0.891298913612128,6.50558376468841e-06,0.10868185111948259,1.2729684624643653e-05,25,10,0
15,6887,0.9109782587466065,6.5001451937106155e-06,0.08900154851282004,1.3692595379960514e-05,25,10,0
15,6888,0.9168237342501872,6.310116898728668e-06,0.08315622205105652,1.3733581858294311e-05,25,10,0
15,6889,0.916995922328454,6.164229173102102e-06,0.08298432679684317,1.358664553083148e-05,25,10,0
15,6890,0.9033212261300667,6.175417934172401e-06,0.09665898904540321,1.3609406595927672e-05,25,10,0
15,6891,0.90377879748913,6.175554134100908e-06,0.0962032840461066,1.1742910628974801e-05,25,10,0
15,6892,0.9089860238002879,6.165284398452702e-06,0.09099714827017019,1.0662645143359317e-05,25,10,0
15,6893,0.9146684376906309,6.1699547343067866e-06,0.08531470556020584,1.06867944290722e-05,25,10,0
15,6894,0.9142600672818237,6.170369108227715e-06,0.08572308869129,1.067365777816453e-05,25,10,0
15,6895,0.8786073695080328,6.687401377303803e-06,0.1134973794355279,0.007888563655062445,25,10,0
15,6896,0.8779267772101852,6.657918545174079e-06,0.11417814170233977,0.007888423168930039,25,10,0
15,6897,0.8776618559349021,6.657998942001095e-06,0.11444442700164069,0.007887059064515606,25,10,0
15,6898,0.8531739783162826,6.675816561453046e-06,0.13892753269317937,0.007891813173977236,25,10,0
15,6899,0.8269148298022612,0.0002542051389498836,0.1649391619525395,0.007891803106249845,25,10,0
15,6900,0.8212065844195086,0.00025412671832302067,0.1706480516218072,0.007891237240361549,25,10,0
15,6901,0.822409926859811,0.0002541080113030126,0.16944491428887043,0.007891050840015687,25,10,0
15,6902,0.8232364933410043,7.815305756087325e-06,0.1685314330978065,0.00822425825543282,25,10,0
15,6903,0.8241223111719339,7.962704416687774e-06,0.1675835147358391,0.008286211387810624,25,10,0
15,6904,0.8270046752215613,7.771475048882537e-06,0.16470133664298747,0.008286216660402515,25,10,0
15,6905,0.8539783410037969,7.257787673851044e-06,0.1422252659784865,0.003789135230043047,25,10,0
15,6906,0.8543839642439919,7.2575810301297695e-06,0.1418196918740418,0.0037890863009361953,25,10,0
15,6907,0.8585527384443269,7.255174175656609e-06,0.1376519593182033,0.003788047063294603,25,10,0
15,6908,0.8628850646927766,6.592040788098504e-06,0.1333218776744441,0.0037864655919915813,25,10,0
15,6909,0.863180971060633,6.591701943840051e-06,0.13302600734852715,0.0037864298888965475,25,10,0
15,6910,0.8633159275824908,6.5871177278703065e-06,0.13289107947279777,0.003786405826984133,25,10,0
15,6911,0.863745471456888,1.628461401464311e-06,0.13246280873544586,0.003790091346265298,25,10,0
15,6912,0.863768885927074,1.6282786743271242e-06,0.13243944323183932,0.0037900425624125306,25,10,0
15,6913,0.8724905585575148,1.6368577123606504e-06,0.127098535533775,0.0004092690509981688,25,10,0
15,6914,0.8612719493234944,1.7122507632160583e-06,0.13831758300797545,0.00040875541776731387,25,10,0
15,6915,0.8608182912512096,2.2699621829301202e-06,0.13877066079957504,0.00040877798703269525,25,10,0
15,6916,0.8623682848681956,2.2538127792227864e-06,0.13722510052181616,0.00040436079720926983,25,10,0
15,6917,0.8606805600024727,2.27111045970525e-06,0.13890295339936323,0.00041421548770480406,25,10,0
15,6918,0.8606240028079835,2.2711041112783066e-06,0.13895951063687045,0.0004142154510354318,25,10,0
15,6919,0.8601585298014832,2.2666883936149167e-06,0.13942500905124453,0.0004141944588792064,25,10,0
15,6920,0.8601973369725893,2.2667380444320814e-06,0.13938624163208396,0.00041415465728285354,25,10,0
15,6921,0.8597840928016838,2.266881848837644e-06,0.13979946623673453,0.00041417407973347607,25,10,0
15,6922,0.8573307480403646,2.2669878618163182e-06,0.14225133282160785,0.00041565215016603556,25,10,0
15,6923,0.8557777108569375,2.0441772382867745e-06,0.14386747310024325,0.00035277186558128795,25,10,0
15,6924,0.8618813993019582,2.036414690341047e-06,0.13776378848482612,0.00035277579852565044,25,10,0
15,6925,0.8636510554673681,2.0225030658522868e-06,0.13600395154570463,0.00034297048386179314,25,10,0
15,6926,0.8638399668558451,2.0271009544728205e-06,0.1358136788569548,0.0003443271862459954,25,10,0
15,6927,0.8625707834454641,2.027830481365211e-06,0.13708289806215898,0.00034429066189600564,25,10,0
15,6928,0.8614463906899786,2.038188633071056e-06,0.13820720955082771,0.0003443615705611507,25,10,0
15,6929,0.8616841938756516,2.03282491646593e-06,0.1379707722619104,0.0003430010375220619,25,10,0
15,6930,0.8728357371902249,1.9524764584238535e-06,0.12682015713542064,0.00034215319789675214,25,10,0
15,6931,0.8473272956992989,1.9524390165086448e-06,0.15230032472670701,0.0003704271349784508,25,10,0
15,6932,0.8360811222771016,1.977815682234868e-06,0.16338141850595583,0.0005354814012598122,25,10,0
15,6933,0.8363109031614553,1.974088388139414e-06,0.16315169168819474,0.0005354310619612492,25,10,0
15,6934,0.8392854356127691,1.9766101412562606e-06,0.16017775700842074,0.000534830768669636,25,10,0
15,6935,0.8392102970515731,1.9818874720385814e-06,0.16025285578682955,0.0005348652741259441,25,10,0
15,6936,0.8389649361200873,1.9889797740727746e-06,0.16049722971960034,0.0005358451805391956,25,10,0
15,6937,0.8386227017071238,1.989484835681162e-06,0.16083941312714103,0.0005358956809003777,25,10,0
15,6938,0.838412958471103,1.9949181259700642e-06,0.16104912238465832,0.0005359242261131191,25,10,0
15,6939,0.8433433551527202,1.9548594317084105e-06,0.1561191332445292,0.0005355567433195039,25,10,0
15,6940,0.8436616912301363,1.952442607103889e-06,0.15580042410686495,0.0005359322203922437,25,10,0
15,6941,0.8436719062836212,1.952969135096496e-06,0.15578915494696333,0.0005369858002812124,25,10,0
15,6942,0.8421690282612951,1.958281345600791e-06,0.1572934883721102,0.0005355250852498962,25,10,0
15,6943,0.8425386102012112,1.957809047504009e-06,0.15692351166778726,0.0005359203219548981,25,10,0
15,6944,0.8422902075822407,1.9781225041938715e-06,0.1571718012450316,0.0005360130502242015,25,10,0
15,6945,0.8666952709485781,1.9649418477650998e-06,0.13277146214306795,0.0005313019665066839,25,10,0
15,6946,0.8681354882356616,1.9640764419990893e-06,0.13133122559155286,0.0005313220963441396,25,10,0
15,6947,0.8694695231091494,1.9443449969159153e-06,0.12999709660548087,0.0005314359403733843,25,10,0
15,6948,0.8524220142320981,1.9430651304139594e-06,0.14704473017515818,0.0005313125276133133,25,10,0
15,6949,0.8525625569873925,1.9377913250608437e-06,0.14690421804299958,0.0005312871782828461,25,10,0
15,6950,0.8526485770457164,1.9324977913380566e-06,0.1468182284329607,0.0005312620235314354,25,10,0
15,6951,0.8733737299064382,1.93211632069645e-06,0.12609075237055856,0.0005335856066821217,25,10,0
15,6952,0.8733832590607734,1.932020468728402e-06,0.12608122455417065,0.0005335843645868271,25,10,0
15,6953,0.8735551343655458,1.927085293557182e-06,0.12591073866680205,0.0005321998823586184,25,10,0
15,6954,0.8742631462885317,1.3688713284480083e-06,0.12520331019726913,0.0005321746428704504,25,10,0
15,6955,0.8739846616389191,1.3689375081346622e-06,0.12548179858864622,0.0005321708349263592,25,10,0
15,6956,0.901155637318431,1.2653120929068723e-07,0.09864455281232637,0.00019968333803305972,25,10,0
15,6957,0.9084696433435853,1.618945618019278e-05,0.09131692900448656,0.0001972381957479666,25,10,0
15,6958,0.9255472362811527,1.6197889574124498e-05,0.07423912024833951,0.00019744558093351706,25,10,0
15,6959,0.9265517951850428,1.6177561463732753e-05,0.0732346760916317,0.00019735116186155017,25,10,0
15,6960,0.926407933435804,1.6182686904815243e-05,0.07337711535499171,0.00019876852229937104,25,10,0
15,6961,0.9267851752915363,1.6179370265821915e-05,0.07300031826328983,0.00019832707490811613,25,10,0
15,6962,0.9387163665718264,1.6173972111973447e-05,0.061069864459269985,0.000197594996791729,25,10,0
15,6963,0.9225690224939075,1.6815108365035607e-05,0.07721645648509004,0.00019770591263761466,25,10,0
15,6964,0.9001219033406105,1.7275064953431e-05,0.09966320933373667,0.00019761226069989302,25,10,0
15,6965,0.9362786889777454,1.726450266207576e-05,0.06362480440468214,7.924211491114279e-05,25,10,0
15,6966,0.9343801701278025,1.726209773166117e-05,0.06552353431688304,7.903345758325526e-05,25,10,0
15,6967,0.9337653280792781,1.7265609134164636e-05,0.0660893867699235,0.00012801954166466882,25,10,0
15,6968,0.927045853031471,1.7924910864730175e-05,0.07288316013351985,5.306192414486051e-05,25,10,0
15,6969,0.9437053003941819,1.7453588941217924e-05,0.05619119746680749,8.604855006916838e-05,25,10,0
15,6970,0.943564130448184,1.745421664944864e-05,0.0563323555969226,8.605973824374552e-05,25,10,0
15,6971,0.95103955474186,1.6780474027951107e-05,0.04885761511762822,8.604966648367735e-05,25,10,0
15,6972,0.9515683804007427,1.6779524081390667e-05,0.04832881358581176,8.602648936404818e-05,25,10,0
15,6973,0.9501782687510477,1.6780937339517644e-05,0.04943673900534007,0.0003682113062723698,25,10,0
15,6974,0.9502112654463466,1.6781427388205156e-05,0.0494041825360875,0.00036777059017760233,25,10,0
15,6975,0.9500939226884304,1.678172305415783e-05,0.049519789445958286,0.0003695061425570291,25,10,0
15,6976,0.9502712400708628,1.6781244461027993e-05,0.04934245787951791,0.00036952080515810227,25,10,0
15,6977,0.950368628551081,1.6776868459963194e-05,0.049246401481506566,0.0003681930989524422,25,10,0
15,6978,0.9471803528987219,1.677337376089685e-05,0.052482397058462214,0.0003204766690548462,25,10,0
15,6979,0.9455771667767433,1.6777358709636964e-05,0.054086606026330565,0.0003194498382161039,25,10,0
15,6980,0.9455693732204965,1.6777354226495184e-05,0.05409440048904255,0.0003194489362341814,25,10,0
15,6981,0.945090460350151,1.6777348798229817e-05,0.05457331382671294,0.0003194484743374637,25,10,0
15,6982,0.9336290476433342,1.6922887878732445e-05,0.06603388660873727,0.00032014286004974224,25,10,0
15,6983,0.9245264823226629,1.736232617034875e-05,0.07513456597005488,0.0003215893811117278,25,10,0
15,6984,0.9044548152067249,1.7370149981381313e-05,0.09520652689392557,0.00032128774936897954,25,10,0
15,6985,0.8807706399415547,1.7370317169947994e-05,0.1187646974537835,0.000447292287492918,25,10,0
15,6986,0.8820825445394669,1.7369115790752426e-05,0.11773497871858671,0.00016510762615663672,25,10,0
15,6987,0.8748987770925829,1.7988840648244583e-05,0.12504020558747359,4.302847929615629e-05,25,10,0
15,6988,0.8771088396862267,1.7983780894128007e-05,0.12283007215426435,4.3104378615246765e-05,25,10,0
15,6989,0.8827901623205457,1.7986930385622138e-05,0.11714772317797356,4.412757109542062e-05,25,10,0
15,6990,0.8827543495630904,1.7987576999397503e-05,0.11718353224467296,4.413061523735899e-05,25,10,0
15,6991,0.8797613026537214,1.823302340951983e-05,0.12017758132793543,4.288299493360419e-05,25,10,0
15,6992,0.8717492117005925,1.766976527323632e-05,0.12819416478698886,3.895374714549816e-05,25,10,0
15,6993,0.8569807442600712,1.766260136545063e-05,0.14295996452525805,4.162861330564758e-05,25,10,0
15,6994,0.8683983736644634,1.7517086223309093e-05,0.13154317209670027,4.093715261345948e-05,25,10,0
15,6995,0.8753451821947797,1.7508614664082852e-05,0.12462947449376495,7.834696792091468e-06,25,10,0
15,6996,0.8905634230919882,1.7497516235095736e-05,0.10941405890527976,5.020486497568968e-06,25,10,0
15,6997,0.8556865192065792,1.7630630301360576e-05,0.14229344546321487,0.0020024046999057984,25,10,0
15,6998,0.8447856289109315,1.5679335519062383e-06,0.15321044563893835,0.0020023575165789204,25,10,0
15,6999,0.8447526499688662,1.567947722688147e-06,0.15324342112013367,0.002002360963278073,25,10,0
15,7000,0.8088487318008621,1.6444386403543305e-06,0.1891472635027074,0.0020023602577894013,25,10,0
15,7001,0.8200628126409424,1.6440754777746501e-06,0.17793318403642985,0.0020023592471512517,25,10,0
15,7002,0.8189884224500239,1.644802203911334e-06,0.17900746955667823,0.0020024631910952927,25,10,0
15,7003,0.8091804059255666,1.6482345219456355e-06,0.1888154485880331,0.002002497251877821,25,10,0
15,7004,0.8017960565097458,1.650205582725847e-06,0.19615952171526668,0.0020427715694052396,25,10,0
15,7005,0.8014291547583458,2.0906415074583336e-06,0.19652458285641242,0.002044171743734842,25,10,0
15,7006,0.8066016347964644,1.712247415683641e-06,0.19131518706319056,0.002081465892929425,25,10,0
15,7007,0.7671705057418167,1.726684154503639e-06,0.21921689860435647,0.013610868969672073,25,10,0
15,7008,0.7568260283804714,1.739607420851323e-06,0.22956145393248428,0.01361077807962355,25,10,0
15,7009,0.7507455018131373,2.1789248978343046e-06,0.23563732434756304,0.013614994914402077,25,10,0
15,7010,0.7510049853913883,1.7384854318924163e-06,0.23537970966220104,0.013613566460979007,25,10,0
15,7011,0.7415477451343484,1.727992614945508e-06,0.24483705174315587,0.013613475129880356,25,10,0
15,7012,0.7482018383116419,1.482782478362462e-06,0.23818318030420915,0.013613498601670477,25,10,0
15,7013,0.7585066555637993,1.4834558639757855e-06,0.2278782910136232,0.013613569966713536,25,10,0
15,7014,0.759019257882588,1.471477141556943e-06,0.2273667453734913,0.013612525266779167,25,10,0
15,7015,0.7474043286633189,1.474260462720005e-06,0.23893852801552787,0.013655669060691118,25,10,0
15,7016,0.7464435735551163,1.4181360663645236e-06,0.23989921677509404,0.013655791533724823,25,10,0
15,7017,0.7125148726596033,1.4182587697355813e-06,0.2738279229389377,0.013655786142691426,25,10,0
15,7018,0.7156093431865752,1.418287312676521e-06,0.27073345685023464,0.013655781675879546,25,10,0
15,7019,0.715567214380548,1.418084449770863e-06,0.2707772758507453,0.01365409168425866,25,10,0
15,7020,0.7305334736366282,3.393065564371731e-05,0.2577731627292458,0.011659432978484065,25,10,0
15,7021,0.6928501798919423,3.399078836074739e-05,0.295449921404532,0.011665907915167474,25,10,0
15,7022,0.7025969373315852,3.3987274901371765e-05,0.28570319471335437,0.011665880680161602,25,10,0
15,7023,0.7025088042026735,3.398659660176261e-05,0.2857913996233814,0.011665809577346144,25,10,0
15,7024,0.7138844940409684,3.3983878194485404e-05,0.27445886458693525,0.011622657493904044,25,10,0
15,7025,0.7300807566820124,3.392079568902843e-05,0.25826690184790674,0.011618420674393521,25,10,0
15,7026,0.7296271665953432,3.3921186580192786e-05,0.25872038219310634,0.011618530024971983,25,10,0
15,7027,0.7423083172728379,3.391406896190552e-05,0.24603931167992596,0.011618456978276239,25,10,0
15,7028,0.7249060783238369,4.802796012818873e-05,0.2633928330016605,0.011653060714376462,25,10,0
15,7029,0.6987606780494015,7.821039097464349e-05,0.2893663335292041,0.011794778030422568,25,10,0
15,7030,0.7078684819472634,7.777123660000368e-05,0.2802603938249815,0.011793352991157524,25,10,0
15,7031,0.7258947633939222,6.365699252982222e-05,0.26228292457335906,0.011758655040190443,25,10,0
15,7032,0.7461670966991426,6.405461445991372e-05,0.24200836026307473,0.011760488423324372,25,10,0
15,7033,0.7431390303911466,6.40464895862105e-05,0.24503643883934764,0.011760484279921064,25,10,0
15,7034,0.7492548506217136,6.360665681120513e-05,0.23892536491679892,0.011756177804678268,25,10,0
15,7035,0.7495148380570424,6.360640597788912e-05,0.2386654229599032,0.011756132577078367,25,10,0
15,7036,0.7504991430450232,3.467475277197862e-05,0.23785378168693938,0.011612400515266923,25,10,0
15,7037,0.7548121958065033,2.0510639371015437e-06,0.23357597741621863,0.01160977571334239,25,10,0
15,7038,0.7700349117217477,2.3118537602218856e-06,0.2183530824779832,0.011609693946510725,25,10,0
15,7039,0.7703859049735026,2.028696545938334e-06,0.21800233929652485,0.011609727033428408,25,10,0
15,7040,0.7534503780519928,2.633654382601818e-06,0.23493443812105824,0.011612550172567758,25,10,0
15,7041,0.7351986558410283,0.000374131639178879,0.25275126354562916,0.011675948974165334,25,10,0
15,7042,0.747424829118751,0.00037411836173476486,0.24052510616873957,0.011675946350776052,25,10,0
15,7043,0.7474503548756906,0.00037413007332043834,0.24049962955941187,0.011675885491578476,25,10,0
15,7044,0.747389459433466,0.0003741300385673941,0.24056049104796448,0.011675919480003327,25,10,0
15,7045,0.7475074355946131,0.0003741297544935215,0.24044253654020128,0.011675898110693543,25,10,0
15,7046,0.7828514313996792,0.0003740727395068802,0.2050935455907591,0.01168095027005584,25,10,0
15,7047,0.7829029272191813,0.0003740658419170741,0.20504205654860816,0.011680950390294287,25,10,0
15,7048,0.8061408046687838,0.000374065800804297,0.18180417966788956,0.011680949862523205,25,10,0
15,7049,0.8050704869390871,0.00037380334405642574,0.1829121198656716,0.011643589851185514,25,10,0
15,7050,0.8044078384632463,0.0003738171783778745,0.18357101056081673,0.011647333797559825,25,10,0
15,7051,0.8043349381992069,0.00037381245119953943,0.18364261422890554,0.011648635120688167,25,10,0
15,7052,0.8114338292725506,0.00037380995959938683,0.17658403110289952,0.011608329664950344,25,10,0
15,7053,0.8286231579300813,0.00037322333240676347,0.15939794936874008,0.01160566936877146,25,10,0
15,7054,0.8282486273279833,0.0003732246394451548,0.1597724276416134,0.011605720390957747,25,10,0
15,7055,0.8288283200885368,0.0003732048844614784,0.1591978047042574,0.011600670322743938,25,10,0
15,7056,0.8287091742589517,0.00037320979389755116,0.15931697816150023,0.011600637785650176,25,10,0
15,7057,0.8288317129585462,0.0003734464746396358,0.15919421012027934,0.011600630446534352,25,10,0
15,7058,0.82927943388946,0.0003734413358299405,0.15874652043078075,0.011600604343928879,25,10,0
15,7059,0.8290349530979083,0.00037344165159254264,0.15898995608893288,0.011601649161565905,25,10,0
15,7060,0.8091947060487263,0.0004060785933603409,0.17864195868176924,0.01175725667614416,25,10,0
15,7061,0.8093438619963652,0.0004060810950588773,0.17849268338782204,0.01175737352075409,25,10,0
15,7062,0.8094659080964596,0.0004060759232848475,0.17837016610723422,0.01175784987302157,25,10,0
15,7063,0.8203355045388718,0.00040567788838773085,0.16750293861858723,0.011755878954153467,25,10,0
15,7064,0.8203275181843824,0.00040543990441347115,0.1675112279475036,0.011755813963700863,25,10,0
15,7065,0.8205796083185173,0.00040543962988287487,0.16725914064642639,0.011755811405173408,25,10,0
15,7066,0.8148992014608677,0.00040580825910926173,0.17293916203315793,0.011755828246865059,25,10,0
15,7067,0.8540606753730109,0.00040579381682030784,0.1453070123906351,0.0002265184195336667,25,10,0
15,7068,0.8543407914673563,0.0004057937150306156,0.14502689660730153,0.00022651821031166925,25,10,0
15,7069,0.8600190033548261,0.00040542508595668784,0.13934906995654056,0.00022650160267688812,25,10,0
15,7070,0.8656249221943574,0.00040542535570446995,0.13373777167457945,0.00023188077535893023,25,10,0
15,7071,0.8657271632396886,0.0004054358075154338,0.13363550796989815,0.000231892982898028,25,10,0
15,7072,0.8656623788869392,0.00040543606585572274,0.13370027598090864,0.00023190906629663296,25,10,0
15,7073,0.874280977880188,0.00040543596616184204,0.12508167803517298,0.00023190811847731768,25,10,0
15,7074,0.8740763134321875,0.0004054360251201278,0.12528632858291197,0.000231921959780433,25,10,0
15,7075,0.8741305600510054,0.0004054550002398974,0.1252373692235017,0.0002266157252530623,25,10,0
15,7076,0.8391361034025627,0.00040730144933385224,0.16022119587818942,0.00023539926991466534,25,10,0
15,7077,0.8396302062950237,0.0004072820555567486,0.1597271814675658,0.00023533018185382043,25,10,0
15,7078,0.8368456485442785,0.0004072846041001212,0.16251148983108524,0.00023557702053705204,25,10,0
15,7079,0.8337264745733567,0.0004072924393950712,0.1656301237490593,0.00023610923818986602,25,10,0
15,7080,0.8612777193466019,0.00041836694756249455,0.13807545853800055,0.00022845516783532254,25,10,0
15,7081,0.8611564862412712,0.0004183669491929927,0.13819669037998614,0.00022845642954992624,25,10,0
15,7082,0.8613483413101668,0.00041836694244697803,0.13800536058868645,0.0002279311587000987,25,10,0
15,7083,0.8503633414449375,0.0004187397267091072,0.14898815423896516,0.00022976458938810926,25,10,0
15,7084,0.849808547743686,0.0004187397668605885,0.1495429453671015,0.00022976712235192324,25,10,0
15,7085,0.8495087373450199,0.00041873987298878245,0.14984276591986256,0.00022975686212905227,25,10,0
15,7086,0.8494541781998888,0.00041873987348785437,0.14989734865311974,0.00022973327350402057,25,10,0
15,7087,0.8489406543069912,0.0004189644428040374,0.1504084839527893,0.00023189729741590213,25,10,0
15,7088,0.8430634709907339,0.00041896434711887967,0.15628566853630768,0.0002318961258396874,25,10,0
15,7089,0.8419242614267106,0.0004189647096898427,0.15742622149815294,0.0002305523654467642,25,10,0
15,7090,0.8261864361545982,0.00041896531120027354,0.17316399199065977,0.0002306065435436342,25,10,0
15,7091,0.8381181899695802,0.0004189717888549589,0.16123224026496508,0.0002305979766014342,25,10,0
15,7092,0.8488837001425751,0.0004186059485173791,0.1504688894424397,0.0002288044664682612,25,10,0
15,7093,0.8845542122465032,0.00041735378197997787,0.11479977907650846,0.00022865489500889773,25,10,0
15,7094,0.8918749210448759,0.0004044330090534041,0.10749307846632732,0.00022756747974400044,25,10,0
15,7095,0.8917304018751647,0.00040443316057947875,0.10763757675731052,0.00022758820694579042,25,10,0
15,7096,0.888010920139901,0.00040443344296544844,0.11135467042990871,0.00022997598722529624,25,10,0
15,7097,0.8880246961849302,0.0004044332532564732,0.1113409366695516,0.0002299338922621973,25,10,0
15,7098,0.9219440919322417,0.00040443259930745266,0.0774215463691706,0.00022992909928054364,25,10,0
15,7099,0.9217021689639574,0.00040443278317554886,0.07766345341065926,0.00022994484220822942,25,10,0
15,7100,0.9214255514033524,0.0004044328560646658,0.07794111359176384,0.00022890214881963984,25,10,0
15,7101,0.9221552945542557,0.0004041982463073785,0.07721374873192868,0.00022675846750885918,25,10,0
15,7102,0.883766180704596,0.000404198702847607,0.11560273422139193,0.000226886371164127,25,10,0
15,7103,0.8836203672272285,0.0004041988602496162,0.11574850697963253,0.0002269269328890188,25,10,0
15,7104,0.8839069081756419,0.00040419192385520385,0.11546201187575483,0.000226888024747576,25,10,0
15,7105,0.8832301063853785,0.00040419015272449144,0.11613884002184843,0.00022686344004784444,25,10,0
15,7106,0.8840820895152482,0.00040419377955597593,0.11528681573039616,0.0002269009747989654,25,10,0
15,7107,0.8713596436243087,0.00040433185379284866,0.12800846634037757,0.00022755818152036064,25,10,0
15,7108,0.8894727722883714,3.283389571791999e-05,0.11029689188105417,0.00019750193485606,25,10,0
15,7109,0.8894784129377027,3.2833897273425545e-05,0.11029125151028579,0.00019750165473728088,25,10,0
15,7110,0.8961212416286777,3.270572236345061e-05,0.10364922374253557,0.00019682890642266733,25,10,0
15,7111,0.8971132355871727,3.270498405220074e-05,0.10265732649977162,0.00019673292900304683,25,10,0
15,7112,0.8885024635133528,4.5030637631441504e-05,0.111254743243053,0.000197762605961865,25,10,0
15,7113,0.888053629740478,4.50302830657411e-05,0.11170358158843192,0.0001977583880238213,25,10,0
15,7114,0.8811099668730917,5.4498029622086975e-05,0.1185918798112829,0.00024365528600288542,25,10,0
15,7115,0.8814978080649936,5.449797811881371e-05,0.11820401750176895,0.00024367645511834044,25,10,0
15,7116,0.8812913044448902,5.449815454649318e-05,0.11841051981283172,0.00024367758773129422,25,10,0
15,7117,0.8813793870239064,5.449764513679032e-05,0.11832249492830652,0.00024362040265008624,25,10,0
15,7118,0.8821288819409877,5.448442002685269e-05,0.11757658150309755,0.00024005213588778568,25,10,0
15,7119,0.8910255624638669,4.216456596387572e-05,0.10869324185116344,0.00023903111900552016,25,10,0
15,7120,0.8912844052303608,4.216484802242456e-05,0.10843445236402725,0.00023897755758910726,25,10,0
15,7121,0.8912888668057524,4.216911975252754e-05,0.108463238441615,0.00020572563287971177,25,10,0
15,7122,0.9110912830333555,9.532182441377165e-06,0.0888490653143324,5.0119469870381426e-05,25,10,0
15,7123,0.911356489727438,9.522484750300365e-06,0.08858389093622883,5.00968515825983e-05,25,10,0
15,7124,0.9042187775290728,9.885822623513766e-06,0.09562316037452687,0.00014817627377641977,25,10,0
15,7125,0.893803104561497,9.960058254480305e-06,0.10301380991313488,0.0031731254671134783,25,10,0
15,7126,0.8880848437350904,1.0184889417940955e-05,0.10873182635180827,0.003173145023683415,25,10,0
15,7127,0.8808978460373131,1.0462868669737385e-05,0.11588075287857379,0.0032109382154431217,25,10,0
15,7128,0.8839708581540807,1.0455087444878118e-05,0.11280827535224339,0.0032104114062308582,25,10,0
15,7129,0.8861081113595027,1.0186958845048067e-05,0.11070832352197327,0.0031733781596789295,25,10,0
15,7130,0.8801394858336018,1.095368706928722e-05,0.1166759752563188,0.0031735852230101503,25,10,0
15,7131,0.8674659903212835,1.165738474541888e-05,0.12934869093282558,0.0031736613611451814,25,10,0
15,7132,0.8683253542080861,1.1763822029435302e-05,0.1268960652629714,0.0047668167069128565,25,10,0
15,7133,0.8752209956357127,2.293483109755137e-06,0.12005577851472556,0.004720932366451968,25,10,0
15,7134,0.8694910871634508,2.297618074062269e-06,0.12578450464648522,0.004722110571989907,25,10,0
15,7135,0.8712421791780933,2.072868084318875e-06,0.12403362545096418,0.004722122502858208,25,10,0
15,7136,0.8712780508397425,2.0728630701983863e-06,0.12399775501239699,0.004722121284790177,25,10,0
15,7137,0.867530409607716,2.0728854831331397e-06,0.1277454182941807,0.004722099212620173,25,10,0
15,7138,0.8473954246083943,3.008438388314378e-06,0.14763364108005622,0.004967925873162034,25,10,0
15,7139,0.8128117050851504,4.330847489942865e-06,0.18221834373739917,0.0049656203299616305,25,10,0
15,7140,0.8177665900046249,4.331909026209477e-06,0.17688409937692445,0.005344978709425291,25,10,0
15,7141,0.7835242527263585,4.373265375489106e-06,0.21112068293778033,0.0053506910704867626,25,10,0
15,7142,0.7907559178440501,4.005752524076846e-06,0.2039874991301211,0.005252577273306116,25,10,0
15,7143,0.7800777384498718,1.4730341812373768e-05,0.2146540280310602,0.005253503177257603,25,10,0
15,7144,0.760071357124771,1.4739125689508974e-05,0.22739162418844722,0.012522279561094219,25,10,0
15,7145,0.7733263991642433,1.4895592286788115e-05,0.22015101900291298,0.006507686240558963,25,10,0
15,7146,0.7840168730865676,4.170504822436522e-06,0.20947219868799605,0.006506757720615684,25,10,0
15,7147,0.8225777606772786,2.847473007778595e-06,0.1709127552814048,0.006506636568309683,25,10,0
15,7148,0.8195819515229238,2.8510424445291484e-06,0.17390852964301495,0.006506667791617686,25,10,0
15,7149,0.7833322674037855,2.8515119961181514e-06,0.21015115413087268,0.006513726953347525,25,10,0
15,7150,0.7460518354917256,2.851969152822779e-06,0.24705055040877621,0.006894762130347201,25,10,0
15,7151,0.7497073984394292,2.69423942406411e-06,0.24464733178316622,0.005642575537982456,25,10,0
15,7152,0.7527244126748165,2.690662557432065e-06,0.24163035264245597,0.005642544020172173,25,10,0
15,7153,0.7574647669329585,2.6903686222716655e-06,0.2368909656883225,0.005641577010098858,25,10,0
15,7154,0.7575840130852753,2.690373552931526e-06,0.23677171854639376,0.00564157799477984,25,10,0
15,7155,0.7398149809444599,2.6901958564515227e-06,0.25453490628720266,0.0056474225724830514,25,10,0
15,7156,0.736281199384031,2.6902284573156344e-06,0.2580756167900631,0.0056404935974502975,25,10,0
15,7157,0.7363383670356788,1.9276726534001193e-06,0.25801935207614246,0.005640353215526104,25,10,0
15,7158,0.7363751094970911,1.9289528410879525e-06,0.2579826273722745,0.005640334177794166,25,10,0
15,7159,0.7322081210796928,1.522921578806961e-05,0.26213626503428616,0.005640384670233526,25,10,0
15,7160,0.7261949236618499,1.5229396836372818e-05,0.26814827398310753,0.005641572958207078,25,10,0
15,7161,0.7261858415787593,1.5231461067226653e-05,0.2681573535080921,0.00564157345208215,25,10,0
15,7162,0.7099714861130075,1.5252285947963215e-05,0.2843685340820695,0.005644727518975557,25,10,0
15,7163,0.7179349462533859,1.9520345765766822e-06,0.2764184311303002,0.005644670581738034,25,10,0
15,7164,0.7573272580641034,1.9515305260372697e-06,0.23702625678325784,0.005644533622113338,25,10,0
15,7165,0.7572574334109581,1.9515273499362817e-06,0.23709608199469767,0.005644533066995009,25,10,0
15,7166,0.7623812661555514,1.845006626877239e-06,0.23356553058135282,0.004051358256469472,25,10,0
15,7167,0.7694336677660054,1.8377721427224593e-06,0.22651516414476475,0.004049330317087686,25,10,0
15,7168,0.7637576518623176,1.8417522235667892e-06,0.2321911569114068,0.0040493494740526355,25,10,0
15,7169,0.7650452256458826,1.8406671914500706e-06,0.2309030319456232,0.004049901741303194,25,10,0
15,7170,0.7566008377075849,2.0135309032678617e-06,0.23930080176379018,0.004096346997722391,25,10,0
15,7171,0.7570870840383576,2.013549536574091e-06,0.2388145318209823,0.004096370591124286,25,10,0
15,7172,0.7576538280840908,1.2048228297116914e-05,0.23818941948166258,0.004144704205950225,25,10,0
15,7173,0.7572468105999678,1.206362642374069e-05,0.23859508506684293,0.004146040706766401,25,10,0
15,7174,0.7608503806929754,2.0269005508111858e-06,0.23504665655474802,0.004100935851726597,25,10,0
15,7175,0.7770135514559885,2.004300532288022e-06,0.2188865901679207,0.004097854075559345,25,10,0
15,7176,0.7471084464930132,2.3649185502755053e-05,0.2428972620034767,0.009970642318008423,25,10,0
15,7177,0.7672545560113773,2.3671384451611945e-05,0.2229572341092087,0.00976453849496342,25,10,0
15,7178,0.7702507736963409,2.3668771726905207e-05,0.21996137568539428,0.009764181846538244,25,10,0
15,7179,0.7757326120800861,2.36650911416621e-05,0.21447955936400281,0.009764163464769977,25,10,0
15,7180,0.7696522624532812,2.3651541562015892e-05,0.22055999033528018,0.009764095669877047,25,10,0
15,7181,0.7696589369259708,2.3651444999610566e-05,0.2205533175432061,0.009764094085823911,25,10,0
15,7182,0.7693572275328399,2.3651602572087345e-05,0.22085507394781384,0.009764046916774738,25,10,0
15,7183,0.7683727372665995,2.3677675683115162e-05,0.22183942617646665,0.009764158881251084,25,10,0
15,7184,0.7770998120200772,2.3504606207593777e-05,0.21315896439020451,0.009717718983511125,25,10,0
15,7185,0.7762630406620048,2.350328645892547e-05,0.21399566522245916,0.009717790829077281,25,10,0
15,7186,0.7751932741335398,2.3504001351288304e-05,0.2150605094486539,0.009722712416455104,25,10,0
15,7187,0.7745568310569366,2.3517911605913815e-05,0.2156968835425051,0.009722767488952294,25,10,0
15,7188,0.7731447651404945,2.494776670967187e-05,0.21748677228249896,0.009343514810296853,25,10,0
15,7189,0.7721184108763558,2.4951579024760826e-05,0.21851301572926618,0.009343621815354006,25,10,0
15,7190,0.7899996722639883,2.4026380401863594e-05,0.20087850778229868,0.009097793573312188,25,10,0
15,7191,0.7945165213830586,4.7361879779034545e-05,0.19633824747161926,0.009097869265544154,25,10,0
15,7192,0.7957755358868895,4.736286621848311e-05,0.195084151174207,0.00909295007268584,25,10,0
15,7193,0.7588484342786187,8.41643240656551e-05,0.23180085606313267,0.009266545334184563,25,10,0
15,7194,0.7591662396708324,8.415665684141692e-05,0.23148316346154435,0.009266440210783211,25,10,0
15,7195,0.7833055511859974,6.25116893374682e-05,0.2132383252443508,0.003393611880314889,25,10,0
15,7196,0.8009047223211923,6.252061115058055e-05,0.1956390987369657,0.003393658330691997,25,10,0
15,7197,0.7844034377630622,6.252130526556632e-05,0.21213598673355577,0.0033980541981170147,25,10,0
15,7198,0.7567519442330454,6.258820000942083e-05,0.23978741179718732,0.0033980557697596493,25,10,0
15,7199,0.7571532869734969,6.258866528007061e-05,0.23938613994240868,0.0033979844188159803,25,10,0
15,7200,0.7571209503732479,6.302041508401557e-05,0.23941726803079216,0.003398761180877353,25,10,0
15,7201,0.7577150384138593,6.300881927373592e-05,0.23881928123769433,0.0034026715291741927,25,10,0
15,7202,0.7673995800445526,6.294579653212429e-05,0.23215652526864816,0.00038094889026857667,25,10,0
15,7203,0.7981487781139157,6.301898641142757e-05,0.20141120361642195,0.00037699928325191117,25,10,0
15,7204,0.7740605926120729,6.332667299123427e-05,0.22541842037708498,0.0004576603378519392,25,10,0
15,7205,0.7802187472263052,6.332639445335363e-05,0.21926145531547017,0.00045647106377225507,25,10,0
15,7206,0.801570351513986,6.189533641997622e-05,0.1979115165691886,0.0004562365804059779,25,10,0
15,7207,0.8195973496752366,6.189569159601975e-05,0.1798904104788781,0.00045034415428892765,25,10,0
15,7208,0.8335503713195788,6.189533666910526e-05,0.16593739070560035,0.00045034263815115606,25,10,0
15,7209,0.8339998427720982,6.209380670297962e-05,0.16549089484601498,0.0004471685751832367,25,10,0
15,7210,0.8337521895576916,6.20938978668496e-05,0.16573850002230195,0.000447216522139066,25,10,0
15,7211,0.8337199485685513,6.23776549854173e-05,0.16577043379919737,0.00044723997726542607,25,10,0
15,7212,0.8337678854116696,6.237203909430798e-05,0.16572118636800406,0.00044855618123167373,25,10,0
15,7213,0.8069845143906325,7.721722333426367e-05,0.1884571497993605,0.004481118586672886,25,10,0
15,7214,0.8003270938726679,7.701164556216138e-05,0.1951158045609419,0.004480089920828547,25,10,0
15,7215,0.7966288747293059,7.706494125071415e-05,0.198813945817788,0.004480114511655781,25,10,0
15,7216,0.8175522969916468,7.699805134832603e-05,0.17789059192046383,0.004480113036541575,25,10,0
15,7217,0.8167556993243292,7.699928671881121e-05,0.178687089208148,0.004480212180804382,25,10,0
15,7218,0.8109457964404915,7.699899791149371e-05,0.18449695246671538,0.004480252094882013,25,10,0
15,7219,0.8099039653719382,4.2325520227134515e-05,0.18575180928187748,0.0043018998259571305,25,10,0
15,7220,0.809806581471722,4.2042111743821304e-05,0.185848261343771,0.004303115072763191,25,10,0
15,7221,0.8083308372839373,4.204275555871718e-05,0.18732382727521743,0.00430329268528666,25,10,0
15,7222,0.8287813058002473,3.991358090859701e-05,0.16687563832607832,0.00430314229276551,25,10,0
15,7223,0.8160132176862237,3.921641834398547e-05,0.17964446842853524,0.0043030974668973624,25,10,0
15,7224,0.8152332592840927,3.9237232646591415e-05,0.1804218078533399,0.004305695629921469,25,10,0
15,7225,0.789645612480644,1.6325868812819872e-05,0.2060324230125721,0.0043056386379714375,25,10,0
15,7226,0.8109501125712612,1.6325269177402848e-05,0.18473231504340462,0.004301247116157241,25,10,0
15,7227,0.8114317251542578,1.633551404525861e-05,0.18420757154654616,0.004344367785151326,25,10,0
15,7228,0.811566882787904,1.633515370684059e-05,0.18407243884334545,0.004344343215044104,25,10,0
15,7229,0.8127282866927237,1.622135278678128e-05,0.1826075044749731,0.004647987479516967,25,10,0
15,7230,0.8080895170447462,1.659020206496807e-05,0.18724424255246108,0.0046496502007282855,25,10,0
15,7231,0.8074212547699352,1.766521522437129e-05,0.18791132314131168,0.004649756873529139,25,10,0
15,7232,0.8153009776980602,1.7398936441806208e-05,0.18003554921419032,0.0046460741513081535,25,10,0
15,7233,0.8271904584906826,3.60784291434299e-05,0.1680319383097947,0.004741524770378865,25,10,0
15,7234,0.8266692913977093,3.6090122950764595e-05,0.16855019226283668,0.0047444262165023884,25,10,0
15,7235,0.8540974558634096,1.5911813720937945e-05,0.14123777710509494,0.004648855217774316,25,10,0
15,7236,0.8544766401540267,1.5911323461185026e-05,0.14085856566136365,0.004648882861148355,25,10,0
15,7237,0.8633974331246403,1.06107574156191e-06,0.13598354821145653,0.0006179575881609716,25,10,0
15,7238,0.8814533363378303,1.061066410608997e-06,0.11792769809169985,0.0006179045040596725,25,10,0
15,7239,0.870184424641414,1.0691417637110613e-06,0.12919654190291432,0.0006179643139077385,25,10,0
15,7240,0.886625117464139,1.0475878883294726e-06,0.11293079820936763,0.0004430367386047285,25,10,0
15,7241,0.8871604786411332,1.0469464856460823e-06,0.11269040025798835,0.00014807415439240486,25,10,0
15,7242,0.871180147726885,1.711819074359425e-06,0.12867006754502186,0.00014807290901824264,25,10,0
15,7243,0.8729888026764602,1.7114422843628851e-06,0.12687188287370246,0.00013760300755242923,25,10,0
15,7244,0.8957590446506629,1.4278521664688709e-06,0.10418126630392412,5.8261193245437735e-05,25,10,0
15,7245,0.8934487283822503,1.5775816559457868e-06,0.10649141644988173,5.827758621094062e-05,25,10,0
15,7246,0.892140465923082,1.604650324031917e-06,0.10759100575737746,0.0002669236692154796,25,10,0
15,7247,0.8790924237168857,2.3215378241615844e-06,0.12063831417147931,0.0002669405738103023,25,10,0
15,7248,0.8769202014554283,2.3422629362457147e-06,0.12254634159658231,0.0005311146850527774,25,10,0
15,7249,0.8815179262641365,2.3793678998378123e-06,0.11794381311778211,0.0005358812501809955,25,10,0
15,7250,0.8940211708583145,1.6827447139623917e-06,0.10544105426233717,0.0005360921346339918,25,10,0
15,7251,0.8912230831000326,1.4199446600464826e-06,0.10823946124168322,0.0005360357136238307,25,10,0
15,7252,0.8913858852522023,1.4196687106360554e-06,0.10807670816849761,0.0005359869105890349,25,10,0
15,7253,0.8926057329865177,1.4195891737787171e-06,0.10685686476971236,0.0005359826545959039,25,10,0
15,7254,0.8932517559335885,2.178592940074096e-06,0.1064162322189458,0.000329833254525349,25,10,0
15,7255,0.8921124391929474,2.1799916222321334e-06,0.10755537706934203,0.0003300037460881064,25,10,0
15,7256,0.8932401806529932,2.1417782153931866e-06,0.10643281806817562,0.0003248595006154586,25,10,0
15,7257,0.893405716142007,2.339512923646153e-06,0.1062100485508393,0.0003818957942296587,25,10,0
15,7258,0.8859774890765515,9.634173560643106e-06,0.11363092671293369,0.00038195003695429904,25,10,0
15,7259,0.8865877139521703,9.633447646239806e-06,0.11302088732811605,0.00038176527206752525,25,10,0
15,7260,0.9028897621542158,8.967653004141166e-06,0.09671948302371697,0.00038178716906308094,25,10,0
15,7261,0.8868659420721607,1.026897467793245e-05,0.1127387942132991,0.0003849947398623991,25,10,0
15,7262,0.9127529015776813,1.0262426595124755e-05,0.08685187277274029,0.0003849632229836462,25,10,0
15,7263,0.9010405634437135,1.5776150628149682e-05,0.09707568288394164,0.0018679775217168065,25,10,0
15,7264,0.8990589243310493,5.127066815681118e-05,0.0990188122380471,0.0018709927627471581,25,10,0
15,7265,0.8962828611152989,5.112101552909665e-05,0.10179465686855782,0.0018713610006143991,25,10,0
15,7266,0.8905565305642448,5.9660292409131334e-05,0.10773644706294488,0.001647362080401514,25,10,0
15,7267,0.8780124850655824,5.9435144201506e-05,0.12029135636054894,0.0016367234296680785,25,10,0
15,7268,0.8779515423302959,5.9415291692201276e-05,0.12035241652164745,0.0016366258563652977,25,10,0
15,7269,0.8774950978485704,5.942552247011667e-05,0.12075907025860895,0.001686406370351497,25,10,0
15,7270,0.8762276933664027,5.9537110077555994e-05,0.12202921767194763,0.001683551851572904,25,10,0
15,7271,0.8933471785065699,5.953693538793625e-05,0.1049125723926295,0.00168071216541363,25,10,0
15,7272,0.906995937464538,5.952716396661682e-05,0.09131502851432115,0.0016295068571746754,25,10,0
15,7273,0.9021757094312419,5.952574280982227e-05,0.09613520230523806,0.0016295625207112241,25,10,0
15,7274,0.8953572410024706,5.976900848129488e-05,0.10295225376380136,0.001630736225247797,25,10,0
15,7275,0.8959842846741536,5.899267059456415e-05,0.1023297429087595,0.001626979746493439,25,10,0
15,7276,0.8727637359260955,5.899284157335496e-05,0.12555027738775112,0.001626993844581289,25,10,0
15,7277,0.8718720270828005,5.899427454088939e-05,0.12644185968462185,0.0016271189580381088,25,10,0
15,7278,0.8604793960250793,5.351926916536635e-05,0.13861112256901503,0.0008559621367413664,25,10,0
15,7279,0.8612883869130523,5.35183206533605e-05,0.13779945201673388,0.0008586427495615747,25,10,0
15,7280,0.8630369095445279,1.802379792753574e-05,0.13608945108364906,0.0008556155738965812,25,10,0
15,7281,0.8622692714873057,1.857936072050804e-05,0.13685648680961954,0.0008556623423554803,25,10,0
15,7282,0.8624243719519065,1.857887514151647e-05,0.13670419282313925,0.0008528563498139137,25,10,0
15,7283,0.8624287716732124,1.857887472129817e-05,0.1366997696505859,0.0008528798014813626,25,10,0
15,7284,0.8671339489052932,1.85785934500755e-05,0.13199465053376483,0.0008528219674925136,25,10,0
15,7285,0.8675906934497135,1.8586498905856513e-05,0.13153558395753895,0.0008551360938425684,25,10,0
15,7286,0.8300448866349142,1.8586982392066233e-05,0.16908104228713947,0.0008554840955549737,25,10,0
15,7287,0.8369521012548156,1.8343714195905118e-05,0.16217506133887893,0.0008544936921109112,25,10,0
15,7288,0.8449713595766756,9.796963336646284e-06,0.15420142801820136,0.0008174154417877056,25,10,0
15,7289,0.8749162288243092,9.753085690798068e-06,0.12496770341830246,0.00010631467169839347,25,10,0
15,7290,0.8802326699372353,9.398410790370762e-06,0.11965333663405271,0.00010459501792214669,25,10,0
15,7291,0.8811410297758805,9.388453810975346e-06,0.11879472062144526,5.4861148863862306e-05,25,10,0
15,7292,0.8702162352728547,9.410818384408387e-06,0.1297197708280954,5.4583080666460716e-05,25,10,0
15,7293,0.871037831473897,8.855436190936097e-06,0.12889877566775282,5.4537422160252844e-05,25,10,0
15,7294,0.8698989116482054,8.856448341962209e-06,0.13003750941533876,5.4722488114984604e-05,25,10,0
15,7295,0.8699495459335961,8.856178766081553e-06,0.12998692130264713,5.4676584991787775e-05,25,10,0
15,7296,0.8700581439279983,8.838196276846378e-06,0.12987834316866084,5.467470706507459e-05,25,10,0
15,7297,0.8699908420019252,8.838198923330938e-06,0.12994562207195084,5.469772720173702e-05,25,10,0
15,7298,0.8699041082280884,8.82336011299905e-06,0.13003548908793466,5.15793238649907e-05,25,10,0
15,7299,0.8682611651896549,9.875099074387291e-06,0.13167231621367612,5.6643497595806606e-05,25,10,0
15,7300,0.8688741798510908,9.889182945471585e-06,0.13105947010425395,5.646086171094763e-05,25,10,0
15,7301,0.8695073753033258,9.879914345713636e-06,0.13042876259735983,5.3982184969659577e-05,25,10,0
15,7302,0.8696468177487455,9.860049636166236e-06,0.13028946230262478,5.385989899453886e-05,25,10,0
15,7303,0.8702004775756109,9.859002867925249e-06,0.12973580703974297,5.385638177889524e-05,25,10,0
15,7304,0.8702799734337894,9.858995841124174e-06,0.12965633495822326,5.383261214672007e-05,25,10,0
15,7305,0.8700583318114736,9.85966787387071e-06,0.12987591472915783,5.589379149542798e-05,25,10,0
15,7306,0.8703838956076798,9.864456630130847e-06,0.12955245295992815,5.378697576260922e-05,25,10,0
15,7307,0.8810405996187118,8.766074904063875e-06,0.11889903278666893,5.16015197156737e-05,25,10,0
15,7308,0.8861465321013391,8.74377334783159e-06,0.11379308990639206,5.1634218921667545e-05,25,10,0
15,7309,0.8867452118047001,8.73161991269893e-06,0.11319401441766433,5.204215772372548e-05,25,10,0
15,7310,0.9094816061749558,8.73147085061469e-06,0.09045765653640031,5.200581779329746e-05,25,10,0
15,7311,0.8992912917800291,8.549988859926693e-06,0.10064912084260927,5.103738850164853e-05,25,10,0
15,7312,0.8856950570999673,8.726359491769165e-06,0.11419821888237434,9.799765816748302e-05,25,10,0
15,7313,0.8956293365983938,8.558953508763848e-06,0.1043110178623628,5.108658573464163e-05,25,10,0
15,7314,0.8948908783067053,8.548778751573783e-06,0.10504951339711464,5.105951742885274e-05,25,10,0
15,7315,0.8904436104750666,8.544759027017147e-06,0.10944488360534682,0.00010296116056030228,25,10,0
15,7316,0.926325629324047,9.50908753596528e-06,0.07356225442532624,0.00010260716309057882,25,10,0
15,7317,0.9266197815685002,9.50951827090393e-06,0.07326152783250633,0.00010918108072257727,25,10,0
15,7318,0.8899227293317139,1.029378647749138e-05,0.10995027899047372,0.0001166978913361236,25,10,0
15,7319,0.9038262485860317,3.0012064266093284e-06,0.09605350682443307,0.00011724338310987964,25,10,0
15,7320,0.9057683073486636,2.8676679017802342e-06,0.09411163697375163,0.00011718800968393492,25,10,0
15,7321,0.9059664291390084,2.857117001305728e-06,0.09395653313635761,7.418060763384653e-05,25,10,0
15,7322,0.9068205498389565,2.8566721962399907e-06,0.0931091724266669,6.742106218151917e-05,25,10,0
15,7323,0.9068136125301374,2.851211489250365e-06,0.0931161168728078,6.74193855666911e-05,25,10,0
15,7324,0.9068026040016028,2.8515646935429452e-06,0.09312707835212207,6.746608158276988e-05,25,10,0
15,7325,0.9061720965430456,2.8566202406991296e-06,0.09375547936089376,6.956747582097863e-05,25,10,0
15,7326,0.9244395883566208,2.6132401862124673e-06,0.0754956611470783,6.213725611522054e-05,25,10,0
15,7327,0.9217325718904447,2.6190855743223706e-06,0.0782011710661521,6.363795782928344e-05,25,10,0
15,7328,0.9328610440447069,2.6188576769584227e-06,0.06707283929843985,6.349779917664121e-05,25,10,0
15,7329,0.9327811942030754,2.6268867609803013e-06,0.06715257925567364,6.359965449009825e-05,25,10,0
15,7330,0.9276092093328343,2.951222542546782e-06,0.07232369791683263,6.414152779060044e-05,25,10,0
15,7331,0.927522886614074,2.951210869595932e-06,0.07240983301302055,6.432916203564774e-05,25,10,0
15,7332,0.9459231833693981,2.4103052759917483e-06,0.05401016441893997,6.424190638534208e-05,25,10,0
15,7333,0.9452746997159458,2.4289210582334093e-06,0.0546586220083547,6.424935464060604e-05,25,10,0
15,7334,0.9474126694618142,1.4630231500266508e-06,0.05252167168628477,6.419582875050799e-05,25,10,0
15,7335,0.9471893263214203,1.6336586173797687e-06,0.052744807384612284,6.42326353498853e-05,25,10,0
15,7336,0.9476803216772376,1.6336343330622042e-06,0.05225399810221246,6.404658621653938e-05,25,10,0
15,7337,0.9484596223130005,1.6282556101742519e-06,0.05147685164404758,6.189778734153474e-05,25,10,0
15,7338,0.9480900835945899,1.6340431435267199e-06,0.05184720582318285,6.107653908370343e-05,25,10,0
15,7339,0.9288192960555864,3.355421581177663e-05,0.07108331127440688,6.383845419479207e-05,25,10,0
15,7340,0.9290176922353518,3.355456574814643e-05,0.07088491632878076,6.38368701190208e-05,25,10,0
15,7341,0.9288545800611101,3.355425864732902e-05,0.07104812339455964,6.374228568279484e-05,25,10,0
15,7342,0.9244939261989341,3.363418246009725e-05,0.07538770556204424,8.473405656161487e-05,25,10,0
15,7343,0.9234315062042908,3.331014418034236e-05,0.07638538250270421,0.0001498011488248512,25,10,0
15,7344,0.9255100129592511,3.2258964488026705e-05,0.07431303277536559,0.00014469530089578306,25,10,0
15,7345,0.9441120053861308,3.7896319230440425e-07,0.05574557999338862,0.0001420356572882747,25,10,0
15,7346,0.9433937510267022,3.793044947113756e-07,0.05646366910132811,0.00014220056747498997,25,10,0
15,7347,0.9426893904692949,5.222978689218349e-07,0.057129620846740725,0.00018046638609543332,25,10,0
15,7348,0.942677033187064,5.224793676412842e-07,0.057141975921916145,0.0001804684116522537,25,10,0
15,7349,0.909038072909589,5.303313507000594e-07,0.09077889157248348,0.00018250518657787228,25,10,0
15,7350,0.9087793279834596,5.306808602568261e-07,0.09103723223749878,0.00018290909818246724,25,10,0
15,7351,0.9087854668619774,5.306133422385123e-07,0.09103109493306111,0.00018290759162033,25,10,0
15,7352,0.9139878983088559,5.195728490416054e-07,0.08588057852665801,0.00013100359163719153,25,10,0
15,7353,0.9142814298637033,3.816641187258089e-07,0.08562539604551009,9.279242666799441e-05,25,10,0
15,7354,0.9142914938172073,3.7675649160999525e-07,0.08561552986094303,9.259956535805578e-05,25,10,0
15,7355,0.896670285583048,3.7713671072169206e-07,0.10323098558920873,9.835169103321281e-05,25,10,0
15,7356,0.9028930343537932,3.7683556189476804e-07,0.0970738424328996,3.274637774602247e-05,25,10,0
15,7357,0.9062773629621959,1.9197869773654027e-06,0.09368730441890091,3.3412831926820494e-05,25,10,0
15,7358,0.9071387201561941,1.923873297079821e-06,0.09282512379842521,3.4232172084126286e-05,25,10,0
15,7359,0.9066856414717082,1.923519393688443e-06,0.09327820254222903,3.423246666958082e-05,25,10,0
15,7360,0.9010056708718251,2.2761263838072688e-06,0.0989561635437933,3.588945799813462e-05,25,10,0
15,7361,0.9073388741185364,2.281340173068913e-06,0.09262296633320136,3.5878208089569696e-05,25,10,0
15,7362,0.9128284908061396,1.928948715057665e-06,0.08713531901413825,3.426123100757898e-05,25,10,0
15,7363,0.9122160643995947,1.9289677953145985e-06,0.08774764794045135,3.435869215921694e-05,25,10,0
15,7364,0.9128773726999475,1.888799313287574e-06,0.08708648159105538,3.425690968453548e-05,25,10,0
15,7365,0.9120346275055035,1.8899021280631056e-06,0.08792915631195722,3.432628041211044e-05,25,10,0
15,7366,0.9068124614424701,7.225999349189019e-07,0.09315018710652008,3.662885107570762e-05,25,10,0
15,7367,0.9062575464298109,7.265316642455053e-07,0.0937040625138012,3.76645247242953e-05,25,10,0
15,7368,0.9097557117475416,7.177377185117576e-07,0.09019870153586577,4.486897887501941e-05,25,10,0
15,7369,0.9084690975676486,7.19104061588986e-07,0.09145575029470276,7.443303358773863e-05,25,10,0
15,7370,0.9071118654182381,7.204411469005427e-07,0.09281238970897242,7.502443164328452e-05,25,10,0
15,7371,0.9068423442407311,7.2120293286363e-07,0.09307807690596753,7.88576503691645e-05,25,10,0
15,7372,0.9094073023525742,7.210579973995765e-07,0.09051461697573616,7.735961369289564e-05,25,10,0
15,7373,0.9037735081311201,7.171277167367123e-07,0.09614923425684369,7.654048431977242e-05,25,10,0
15,7374,0.9042171496897499,7.121287286387659e-07,0.09570609747587304,7.604070564904851e-05,25,10,0
15,7375,0.9060302341810652,7.114466268675817e-07,0.09392266290037918,4.63914719292942e-05,25,10,0
15,7376,0.9114618521465965,3.278337792903658e-07,0.08849443230166823,4.3387717956302065e-05,25,10,0
15,7377,0.9106584344164882,3.275060346802453e-07,0.08930167703281297,3.9561044664522795e-05,25,10,0
15,7378,0.8989550175483196,4.799357421346938e-07,0.10100422400377494,4.02785121632034e-05,25,10,0
15,7379,0.9167352036954892,4.792226980832871e-07,0.08322988689729413,3.4430184519030976e-05,25,10,0
15,7380,0.8940942383733713,4.783236045431797e-07,0.1058714046737181,3.3878629305777475e-05,25,10,0
15,7381,0.8945506615422535,3.077052332812536e-07,0.10541518946796569,3.384128454722557e-05,25,10,0
15,7382,0.9037474726285502,2.9069163796889635e-07,0.0962183877153927,3.384896441886927e-05,25,10,0
15,7383,0.90923380089806,5.567409789934723e-07,0.09073055172613205,3.509063482870316e-05,25,10,0
15,7384,0.9434616375367536,5.485102142546576e-07,0.05650496360988501,3.2850343147278224e-05,25,10,0
15,7385,0.943884772947518,5.434201645405908e-07,0.05608188853220027,3.279510011746129e-05,25,10,0
15,7386,0.9435778132211213,5.441588087339131e-07,0.056388845818768664,3.279680130158667e-05,25,10,0
15,7387,0.9429385312036913,7.82839363515762e-07,0.05702673899248795,3.394696445738682e-05,25,10,0
15,7388,0.9419911333833215,5.656240706395792e-07,0.057975494089174386,3.280690343375573e-05,25,10,0
15,7389,0.9412479531466944,5.670602570325227e-07,0.05870889129558074,4.258849746821515e-05,25,10,0
15,7390,0.9422013895663445,5.67229256954002e-07,0.057762687087894365,3.535611650448491e-05,25,10,0
15,7391,0.9430713057354437,5.486151101684076e-07,0.05689275644789778,3.538920154865144e-05,25,10,0
15,7392,0.9428346745144945,5.487155250983798e-07,0.057129331622949524,3.544514703108435e-05,25,10,0
15,7393,0.9439197162500759,5.479731749851952e-07,0.056044292695781595,3.544308096773716e-05,25,10,0
15,7394,0.9319353259598404,5.462350736687242e-07,0.06803848290183244,2.5644903253773362e-05,25,10,0
15,7395,0.8954158352472577,5.363510370089033e-06,0.10455234714201256,2.6454100359615042e-05,25,10,0
15,7396,0.8957805328324264,5.363444112340357e-06,0.1041876590272447,2.6444696216338974e-05,25,10,0
15,7397,0.902093277925927,5.209974646449239e-06,0.09787576336322061,2.5748736205723125e-05,25,10,0
15,7398,0.9016768009484605,5.209331919182766e-06,0.09829225252670572,2.5737192914606542e-05,25,10,0
15,7399,0.8899100585792208,5.370291324115325e-06,0.10760857494131842,0.0024759961881367218,25,10,0
15,7400,0.8864577840443508,5.370031742367003e-06,0.11106084792302001,0.00247599800088698,25,10,0
15,7401,0.8864976447654846,5.373471105726896e-06,0.11102054200977189,0.0024764397536377637,25,10,0
15,7402,0.880763918446297,5.377381155049838e-06,0.1166885979429165,0.002542106229631731,25,10,0
15,7403,0.8808366560163,5.374064073267824e-06,0.11661636015074546,0.002541609768881516,25,10,0
15,7404,0.8809116732664102,5.373759566280111e-06,0.11654138511178451,0.002541567862239524,25,10,0
15,7405,0.8512141379222128,6.498636032161483e-06,0.14623512267093103,0.002544240770824721,25,10,0
15,7406,0.8518951584133616,6.499001680998701e-06,0.14555021887654873,0.0025481237084094403,25,10,0
15,7407,0.850123668484407,7.532243709825047e-06,0.1473205879633359,0.002548211308547731,25,10,0
15,7408,0.8175589067152548,7.532266097615124e-06,0.1798851627898362,0.002548398228811822,25,10,0
15,7409,0.8175722787736709,7.532112002421929e-06,0.17987179245677912,0.0025483966575481198,25,10,0
15,7410,0.8183960886151783,6.4935442544128536e-06,0.17904901476475543,0.0025484030758122977,25,10,0
15,7411,0.8183704391777097,6.49371105291418e-06,0.1790746273109261,0.0025484398003116832,25,10,0
15,7412,0.8322281358664793,6.492781572750779e-06,0.16521702339635833,0.0025483479555898584,25,10,0
15,7413,0.8645481369203519,6.6004070363767e-06,0.13289704754739223,0.0025482151252197906,25,10,0
15,7414,0.8647503800796037,6.4929356628104954e-06,0.13269496878625955,0.0025481581984742106,25,10,0
15,7415,0.8283522229176893,6.527071090956475e-06,0.16855847805638088,0.003082771954839158,25,10,0
15,7416,0.8321552816224311,6.527075153088039e-06,0.16475542045975528,0.0030827708426609357,25,10,0
15,7417,0.8322130012189325,6.5269820984171955e-06,0.16469770124067526,0.0030827705582943694,25,10,0
15,7418,0.8318974827738694,6.535253170179493e-06,0.16501090116038614,0.0030850808125747697,25,10,0
15,7419,0.8322901509295487,6.5350065572738424e-06,0.16461882135735226,0.0030844927065422673,25,10,0
15,7420,0.8286364371437217,6.539258594741674e-06,0.16827250871347524,0.0030845148842088698,25,10,0
15,7421,0.8282687374474724,6.548557241168661e-06,0.16864018105247705,0.00308453294280924,25,10,0
15,7422,0.8340715240581099,6.548486179465106e-06,0.16283737242455515,0.0030845550311549147,25,10,0
15,7423,0.8311476926827076,6.552754905539154e-06,0.16576005467216795,0.0030856998902186335,25,10,0
15,7424,0.8314366298081495,6.547906854007762e-06,0.1654711226195724,0.003085699665423842,25,10,0
15,7425,0.8370873790227853,6.547859340851013e-06,0.15982041107955913,0.003085662038314681,25,10,0
15,7426,0.8443721011203604,5.843558698725086e-06,0.15242570724741472,0.0031963480735262458,25,10,0
15,7427,0.8353525799974697,6.10934267870338e-06,0.16144430110177793,0.0031970095580731556,25,10,0
15,7428,0.8439865700486843,5.848823402250118e-06,0.1528112081528353,0.0031963729750782693,25,10,0
15,7429,0.8438164222863578,5.848653146985628e-06,0.15298135579911323,0.003196373261382119,25,10,0
15,7430,0.8590377269483297,5.823104725345385e-06,0.13054065998846603,0.010415789958479004,25,10,0
15,7431,0.8656819119212469,5.814505875880934e-06,0.12389764895478696,0.010414624618090224,25,10,0
15,7432,0.8713896402861978,5.810803289142343e-06,0.11825090810743749,0.010353640803075645,25,10,0
15,7433,0.8718529978880639,5.8024340321399e-06,0.11778986985550816,0.010351329822395918,25,10,0
15,7434,0.8595029576002196,5.923859925396757e-06,0.13010795719266585,0.01038316134718895,25,10,0
15,7435,0.8595322858360419,5.918484704032509e-06,0.13007864138600658,0.010383154293247383,25,10,0
15,7436,0.8814972167401857,5.909617657750646e-06,0.11578979874229589,0.0027070748998606815,25,10,0
15,7437,0.8855725657283408,5.834956022324936e-06,0.11173415943118858,0.002687439884448431,25,10,0
15,7438,0.8978883456442088,5.670096241191769e-06,0.10186983931961878,0.00023614493993115437,25,10,0
15,7439,0.8979576841953232,5.670291577580741e-06,0.10180052082258474,0.0002361246905144718,25,10,0
15,7440,0.8969810088954705,5.6717849618762594e-06,0.1027770960960377,0.00023622322352986468,25,10,0
15,7441,0.9192828113780217,5.251194536750299e-06,0.0805890729874304,0.00012286444001132065,25,10,0
15,7442,0.9187812083112205,5.251053403257337e-06,0.08108974188849725,0.00012379874687916574,25,10,0
15,7443,0.9118772131740854,1.573315006826144e-05,0.08793533146025406,0.0001717222155924406,25,10,0
15,7444,0.9112768896363798,1.5745181471797993e-05,0.0885356672071192,0.0001716979750294237,25,10,0
15,7445,0.9115164546537808,1.5745266231564178e-05,0.08829610209901348,0.000171697980974268,25,10,0
15,7446,0.9119186615184861,1.5743498736968385e-05,0.08789399757770507,0.0001715974050720793,25,10,0
15,7447,0.9064414778228924,1.593036627893894e-05,0.09337012950399673,0.00017246230683229377,25,10,0
15,7448,0.9063055697453796,1.5930325587541555e-05,0.0935060407088765,0.0001724592201567723,25,10,0
15,7449,0.9061681316699506,1.6059358313673735e-05,0.09364271765127366,0.00017309132046237273,25,10,0
15,7450,0.8913092554389737,1.6481753961259386e-05,0.10515779299073515,0.0035164698163307477,25,10,0
15,7451,0.8904762499059232,1.6768355618410495e-05,0.10598782754883733,0.00351915418962169,25,10,0
15,7452,0.891197914184985,1.6481796440454613e-05,0.10526913389847932,0.0035164701200960415,25,10,0
15,7453,0.8802905677102432,1.6634859187787818e-05,0.11618041367087258,0.003512383759697341,25,10,0
15,7454,0.8802147997716847,1.6634860249779573e-05,0.11625618160596378,0.003512383762102678,25,10,0
15,7455,0.878247168530973,1.6635547249514668e-05,0.11794079360426991,0.003795402317508311,25,10,0
15,7456,0.8778291542616485,1.663555079474284e-05,0.11835880752978202,0.0037954026577751987,25,10,0
15,7457,0.8777953870720545,1.663555209710127e-05,0.11839257471973476,0.00379540265611421,25,10,0
15,7458,0.867964052931152,1.66675427114457e-05,0.12822091398417862,0.003798365541958171,25,10,0
15,7459,0.8683446942242949,1.665737123749199e-05,0.12783828330604607,0.00380036509842183,25,10,0
15,7460,0.8677425929958805,1.7309450867359808e-05,0.12843955291089387,0.0038005446423585707,25,10,0
15,7461,0.86849723630869,1.7039054591680786e-05,0.12768648201563645,0.0037992426210819974,25,10,0
15,7462,0.8526070773139057,1.704328649559486e-05,0.1435755850689122,0.003800294330686129,25,10,0
15,7463,0.8531526770981759,1.7048281744325116e-05,0.14303443519661974,0.00379583942345965,25,10,0
15,7464,0.838999682241961,2.8192196505460674e-05,0.1571253354790789,0.003846790082454025,25,10,0
15,7465,0.8444679532666509,2.800014129703581e-05,0.15165814615826467,0.0038459004337871618,25,10,0
15,7466,0.8600287677759368,2.798874608834275e-05,0.13610022412791734,0.0038430193500574796,25,10,0
15,7467,0.8587863225491634,2.7988810218877396e-05,0.1373426548663223,0.0038430337742952204,25,10,0
15,7468,0.8705410360812994,2.7835106857734348e-05,0.1255888269408455,0.003842301870997324,25,10,0
15,7469,0.8700499876047476,2.7835044654201886e-05,0.12607987617620178,0.0038423011743962663,25,10,0
15,7470,0.871204384009196,2.3249036520056253e-05,0.12494959665930105,0.0038227702949827076,25,10,0
15,7471,0.872760005155058,2.32275472119387e-05,0.12339397351681475,0.0038227937809150046,25,10,0
15,7472,0.9072478648770926,1.8411304518433958e-05,0.08890648135092745,0.0038272424674611017,25,10,0
15,7473,0.9081134767263538,1.841028762575109e-05,0.08804602756360323,0.0038220854224168582,25,10,0
15,7474,0.9082250780090101,1.8410153833267713e-05,0.08793442701249782,0.0038220848246583675,25,10,0
15,7475,0.907676861901539,1.8410262197683827e-05,0.08848262288312063,0.0038221049531424233,25,10,0
15,7476,0.8977344325987466,1.8409587704084437e-05,0.09870807142383223,0.0035390863897167917,25,10,0
15,7477,0.897695369131015,1.8409560043561164e-05,0.09882518151435293,0.0034610397945883716,25,10,0
15,7478,0.9040257424236023,1.1846408896061163e-05,0.09253096450696406,0.0034314466605374723,25,10,0
15,7479,0.9040448369370051,1.1846405261096501e-05,0.09251186957567072,0.0034314470820629352,25,10,0
15,7480,0.8947042427943931,1.2189362650955342e-05,0.10181228671844561,0.0034712811245098973,25,10,0
15,7481,0.8957009882298667,1.153726690585732e-05,0.10081637526502582,0.0034710992382012956,25,10,0
15,7482,0.8624481608602214,1.181540292175393e-05,0.13406761078593976,0.0034724129509177354,25,10,0
15,7483,0.8628605427356463,1.2474016916277642e-05,0.1336546557662666,0.00347232748117136,25,10,0
15,7484,0.8629275057111114,1.247391670208206e-05,0.13358771332125488,0.003472307050932209,25,10,0
15,7485,0.8617764330037526,1.3321159318558729e-05,0.13473778751783516,0.003472458319094271,25,10,0
15,7486,0.868579824625463,1.3320852978548058e-05,0.1279366151163826,0.003470239405176418,25,10,0
15,7487,0.8667853304750226,1.3328584423524447e-05,0.12972924085077334,0.0034721000897811006,25,10,0
15,7488,0.8667340175427831,1.3328990785095049e-05,0.12978049984949475,0.0034721536169375123,25,10,0
15,7489,0.8519453485200092,1.33397433495926e-05,0.1445665788293945,0.003474732907247282,25,10,0
15,7490,0.8517748179150977,1.3339748339366764e-05,0.14473710982892818,0.003474732507635517,25,10,0
15,7491,0.8582838431041486,2.858339760002786e-06,0.1382829789199955,0.0034303196360967255,25,10,0
15,7492,0.8569622961471792,2.860108948499504e-06,0.1396042579681105,0.003430585775762738,25,10,0
15,7493,0.8221879061465303,4.167337540761582e-06,0.17437785192581678,0.003430074590113028,25,10,0
15,7494,0.8112348187661016,4.181203826470621e-06,0.18532727104333857,0.003433728986733939,25,10,0
15,7495,0.821062434829299,3.838342386303014e-06,0.17553980595973764,0.003393920868577569,25,10,0
15,7496,0.8372240821401599,4.074480378396641e-06,0.15937792311570567,0.0033939202637565465,25,10,0
15,7497,0.8367219049379392,4.085097597206752e-06,0.15987813839452847,0.003395871569935273,25,10,0
15,7498,0.8718792190304201,2.6490127962822684e-06,0.12472233422192203,0.0033957977348617473,25,10,0
15,7499,0.8723650579140344,2.648944384439285e-06,0.12423660323865439,0.0033956899029269337,25,10,0
15,7500,0.8799742556507466,2.4163589184391753e-06,0.11662765144707392,0.003395676543261325,25,10,0
15,7501,0.8800024938793461,2.416352075993673e-06,0.11659944694687036,0.0033956428217078675,25,10,0
15,7502,0.8775055639729114,2.4362967043316902e-06,0.11909626374403771,0.0033957359863469737,25,10,0
15,7503,0.8781044297249915,2.428928836755471e-06,0.11849932456852193,0.0033938167776501175,25,10,0
15,7504,0.893325531472142,2.006564041621476e-06,0.106620658257709,5.180370610750552e-05,25,10,0
15,7505,0.8856002915021302,2.0092715982374475e-06,0.11434585704011412,5.184218615754327e-05,25,10,0
15,7506,0.8847195606154049,2.566540625319594e-06,0.1152260696224265,5.1803221543339845e-05,25,10,0
15,7507,0.8849661413787773,2.566536084851624e-06,0.11497948875502681,5.180333011110087e-05,25,10,0
15,7508,0.8459405689648095,1.9568590001880407e-06,0.11481753926518806,0.03923993491100231,25,10,0
15,7509,0.8453997146323314,1.957087971272777e-06,0.1153583288820787,0.03923999939761867,25,10,0
15,7510,0.876692080469476,1.695927937425277e-06,0.08406737203710092,0.03923885156548558,25,10,0
15,7511,0.8881847025618506,1.682068934184753e-06,0.07257841621249106,0.03923519915672425,25,10,0
15,7512,0.8961695699821548,1.6862188921299613e-06,0.0645935513126995,0.039235192486253276,25,10,0
15,7513,0.8871738126846374,6.586185183115938e-06,0.07356095902427798,0.03925864210590141,25,10,0
15,7514,0.8870229891155106,6.565197993244061e-06,0.08820836071975194,0.02476208496674424,25,10,0
15,7515,0.8836245173531597,6.583125591874282e-06,0.09160644988907096,0.024762449632177594,25,10,0
15,7516,0.8855791687025308,6.5661468499233774e-06,0.08965198223446785,0.02476228291615169,25,10,0
15,7517,0.8967088580351219,6.536033828066993e-06,0.07852711382445517,0.02475749210659484,25,10,0
15,7518,0.8969903174550311,6.526046278402414e-06,0.07824574420006378,0.024757412298626828,25,10,0
15,7519,0.8617043325960352,7.933958482660804e-06,0.11352984634844887,0.024757887097033703,25,10,0
15,7520,0.8613881731591584,7.934203222192908e-06,0.11384470647249394,0.02475918616512569,25,10,0
15,7521,0.8405740261549047,7.944491513030289e-06,0.13465738216819276,0.02476064718538983,25,10,0
15,7522,0.8407993871350803,7.94136626568752e-06,0.13443203195768857,0.024760639540965957,25,10,0
15,7523,0.8411504476038568,7.384086863013448e-06,0.13408109417933722,0.02476107412994323,25,10,0
15,7524,0.8411761510595008,7.382309227889021e-06,0.13405542370844103,0.02476104292283043,25,10,0
15,7525,0.8269947062090535,7.387097709323223e-06,0.14823440027345666,0.024763506419780697,25,10,0
15,7526,0.8273027220384563,7.392168604460599e-06,0.1479276758978394,0.024762209895099967,25,10,0
15,7527,0.8233913072162108,7.392154145781576e-06,0.15183907438668595,0.0247622262429576,25,10,0
15,7528,0.8218724859978015,6.576921292770887e-06,0.15335871350057892,0.02476222358032752,25,10,0
15,7529,0.8247316767272814,1.6808902769740883e-06,0.15052681978466334,0.024739822597779224,25,10,0
15,7530,0.8369799608562002,1.5695691543743133e-06,0.1383104304151896,0.02470803915945675,25,10,0
15,7531,0.8363588504066946,1.5688435088062904e-06,0.1389303494826371,0.024709231267160375,25,10,0
15,7532,0.8361506872153871,1.5690201680839156e-06,0.1391384761461115,0.024709267618334075,25,10,0
15,7533,0.8164049391544488,2.2866308184369915e-06,0.15888181848701316,0.024710955727720533,25,10,0
15,7534,0.8171497409354772,2.315339095118287e-06,0.1581369089148111,0.024711034810617274,25,10,0
15,7535,0.8168200341706888,2.3351682508902222e-06,0.15846662325572422,0.024711007405336733,25,10,0
15,7536,0.8182571860013615,2.3333231480230455e-06,0.15702972533032494,0.02471075534516612,25,10,0
15,7537,0.8183075208492424,1.7124785778142214e-05,0.15696457132832134,0.02471078303665873,25,10,0
15,7538,0.8535900814839431,1.5716873119617777e-05,0.12168389323844518,0.024710308404492256,25,10,0
15,7539,0.8562578933080212,1.5685230318036188e-05,0.11901621928595117,0.0247102021757099,25,10,0
15,7540,0.8564325531784484,1.568511048291596e-05,0.11884202269046024,0.024709739020608527,25,10,0
15,7541,0.8563710203850511,1.5980661655778116e-05,0.11890322782984891,0.024709771123444444,25,10,0
15,7542,0.8441191147723837,1.5994920405314647e-05,0.13115511677339567,0.024709773533815888,25,10,0
15,7543,0.8444755629707212,1.5966362945713596e-05,0.13079878960863495,0.02470968105769864,25,10,0
15,7544,0.844583184145635,1.5670027604040318e-05,0.1306903675034125,0.024710778323348878,25,10,0
15,7545,0.8285031282556713,1.5823091050672208e-05,0.14672791719925768,0.024753131454020413,25,10,0
15,7546,0.8287186562055175,1.5819200042487406e-05,0.14651239373149388,0.02475313086294616,25,10,0
15,7547,0.8287412799470293,1.5832446666980994e-05,0.13480894912183272,0.03643393848447067,25,10,0
15,7548,0.8440342319792394,1.5821807441388128e-05,0.119518555088288,0.03643139112503112,25,10,0
15,7549,0.8442421651173864,1.0216327406630132e-06,0.11932668630004692,0.03643012694982605,25,10,0
15,7550,0.8444757409020484,1.0063558272893856e-06,0.11909313219063175,0.03643012055149235,25,10,0
15,7551,0.8559272654439343,1.0067456881162677e-06,0.10764139756697746,0.03643033024340008,25,10,0
15,7552,0.8558413121422945,1.0062374751379964e-06,0.10773084582903499,0.036426835791195294,25,10,0
15,7553,0.8557480141554409,1.0064795367719324e-06,0.10782415962251299,0.03642681974250929,25,10,0
15,7554,0.8558673911030096,1.006482306997324e-06,0.10770475894869395,0.03642684346598946,25,10,0
15,7555,0.8500765396509233,1.0032166571043347e-06,0.11349645461057971,0.0364260025218395,25,10,0
15,7556,0.8507974173244339,1.00331257524524e-06,0.11277460588024538,0.03642697348274517,25,10,0
15,7557,0.8666110354977141,8.465869639658288e-07,0.09700462445198645,0.03638349346333608,25,10,0
15,7558,0.8672103835827373,8.48496867237017e-07,0.0964057706974304,0.03638299722296551,25,10,0
15,7559,0.861362167547192,8.486271278783678e-07,0.10220453389396836,0.03643244993171217,25,10,0
15,7560,0.8612519061887433,8.488586750705852e-07,0.1023148194199989,0.036432425532583246,25,10,0
15,7561,0.8611141582682236,8.440489699778166e-07,0.10245253098577783,0.036432466697028904,25,10,0
15,7562,0.8644567517010542,8.68326385242884e-07,0.0991097337432996,0.036432646229261456,25,10,0
15,7563,0.864379927080118,8.730453387142522e-07,0.09918387967080605,0.036435320203737756,25,10,0
15,7564,0.8692057470196677,8.744503121644959e-07,0.09435805342068343,0.036435325109337245,25,10,0
15,7565,0.8692228611935807,8.743495789515745e-07,0.09434096471222171,0.03643529974461898,25,10,0
15,7566,0.8587821305217009,8.503124691472591e-07,0.1047819261700584,0.03643509299577183,25,10,0
15,7567,0.8414913610317681,8.616436442033184e-07,0.12207107590083761,0.036436701423749454,25,10,0
15,7568,0.8412921975363473,8.617387988692147e-07,0.12227019032236733,0.0364367504024858,25,10,0
15,7569,0.839559688203909,8.748793451683154e-07,0.12399514276987059,0.03644429414687424,25,10,0
15,7570,0.8599664622769125,1.7594063547115872e-07,0.10359075435617145,0.03644260742627991,25,10,0
15,7571,0.8597819774142379,2.3626387665606993e-07,0.10377518637249145,0.0364425999493938,25,10,0
15,7572,0.8355835728370231,0.0003412988137670405,0.1259968635685179,0.03807826478069185,25,10,0
15,7573,0.8333473658748237,0.00034131213946087923,0.12803916058870782,0.03827216139700742,25,10,0
15,7574,0.8328317219491842,0.0003413089539984071,0.12845869569092724,0.038368273405889934,25,10,0
15,7575,0.8346497020368416,0.00034127033798531944,0.12664084860205416,0.03836817902311857,25,10,0
15,7576,0.8413107021921803,0.00034126610848054725,0.11998099497145258,0.03836703672788608,25,10,0
15,7577,0.8371519778944126,0.00034125212812835716,0.12408590246965169,0.03842086750780707,25,10,0
15,7578,0.8376389265843182,0.0003412514364668664,0.1235989590346076,0.03842086294460693,25,10,0
15,7579,0.8376275927234401,0.0003412513237478369,0.12365855001532122,0.038372605937490346,25,10,0
15,7580,0.854740989188116,0.0003412431799525405,0.10664423443717523,0.038273533194755655,25,10,0
15,7581,0.8550390644906023,0.0003412385348612489,0.10634613429825364,0.03827356267628251,25,10,0
15,7582,0.8517191398224493,0.0003414717743242205,0.10963867167791093,0.038300716725315084,25,10,0
15,7583,0.8480136010440152,0.00034151629985185096,0.11333239351597442,0.03831248914015805,25,10,0
15,7584,0.8480239912022866,0.00034151617259254175,0.11332202738845477,0.03831246523666567,25,10,0
15,7585,0.8479794784148885,0.0003415213448674114,0.11336653144069953,0.038312468799543774,25,10,0
15,7586,0.8180887214804149,0.0003415217307069976,0.13438045154737815,0.047189305241499294,25,10,0
15,7587,0.8389088276390434,0.0003415114318727308,0.11356181832240582,0.04718784260667756,25,10,0
15,7588,0.8382006013637099,0.00034151144539830837,0.11427004375890976,0.04718784343198197,25,10,0
15,7589,0.8386561472216505,0.00034151127955679353,0.11381451439663279,0.04718782710215946,25,10,0
15,7590,0.8384476890357351,0.00034151132426315123,0.11402299782056692,0.04718780181943429,25,10,0
15,7591,0.8271598419862675,0.0003414773257743987,0.1253226492080991,0.04717603147985877,25,10,0
15,7592,0.8429027894534911,0.0003414734638417457,0.10928471981814786,0.04747101726451935,25,10,0
15,7593,0.8428933122508923,0.0003414328125045396,0.11970161754533097,0.037063637391272775,25,10,0
15,7594,0.8443295811932416,0.00034121230395241063,0.11828935537312608,0.03703985112968018,25,10,0
15,7595,0.8442061340532212,0.0003412198282706666,0.11841278305539467,0.037039863063113965,25,10,0
15,7596,0.8314307330144953,1.5221885211946146e-07,0.13316487485686157,0.035404239909791045,25,10,0
15,7597,0.8187146940526844,1.589293592612057e-07,0.14295900860683305,0.03832613841112353,25,10,0
15,7598,0.829496117734054,1.5551416836519566e-07,0.1321770747116059,0.03832665204017193,25,10,0
15,7599,0.8291826606680499,9.586602976709248e-08,0.13249061843002757,0.038326625035892896,25,10,0
15,7600,0.8291208668141004,9.575684761542403e-08,0.13255242806883993,0.03832660936021223,25,10,0
15,7601,0.8456780231937349,1.1285091416134171e-07,0.1346194750258347,0.01970238892951644,25,10,0
15,7602,0.8470833709243761,1.3140963806478203e-07,0.13327536288232514,0.019641134783660603,25,10,0
15,7603,0.8592351037681826,1.2968986832131127e-07,0.12846446185576563,0.012300304686183572,25,10,0
15,7604,0.8310321906862359,1.167297247508688e-07,0.15667042782597052,0.012297264758068307,25,10,0
15,7605,0.8312021503020057,3.316533583619096e-07,0.15650022489403295,0.012297293150602588,25,10,0
15,7606,0.8312048674072018,3.317552748133116e-07,0.15649748172365333,0.012297319113869488,25,10,0
15,7607,0.8302021183734157,3.494872203956439e-07,0.1574854579665562,0.01231207417280707,25,10,0
15,7608,0.8219154905357025,3.908873753438218e-07,0.13838938703317416,0.03969473154374731,25,10,0
15,7609,0.821779824305028,3.9110229840815254e-07,0.13852505137086518,0.03969473322180767,25,10,0
15,7610,0.8262969793071328,3.758521931180886e-07,0.13400825812437017,0.039694386716303154,25,10,0
15,7611,0.7922984795294643,3.5660185875002445e-07,0.16830451035463267,0.03939665351404339,25,10,0
15,7612,0.7922947746398414,3.566081894666248e-07,0.1683082153446774,0.03939665340729097,25,10,0
15,7613,0.7927935405635346,3.382058538949399e-07,0.1678241354979292,0.03938198573268146,25,10,0
15,7614,0.8257300347774852,3.0284816569796283e-07,0.17109749849670008,0.0031721638776482765,25,10,0
15,7615,0.8238458947577846,3.0283982772359546e-07,0.1729814546629027,0.003172347739485405,25,10,0
15,7616,0.8510825631427105,3.0280213163999754e-07,0.14574511427217143,0.0031720197829859177,25,10,0
15,7617,0.8160020253627874,3.0123264513915816e-07,0.18082607099265668,0.0031716024119111575,25,10,0
15,7618,0.7884897273807057,2.859321742889523e-07,0.1772510268597519,0.034258959827368145,25,10,0
15,7619,0.7877916049069773,2.7958090336479243e-07,0.17799879707460775,0.034209318437511585,25,10,0
15,7620,0.8225673622744593,2.805992231807756e-07,0.14322307507285348,0.03420928205346332,25,10,0
15,7621,0.8223466101961199,2.808734757774004e-07,0.14344376637748218,0.03420934255292144,25,10,0
15,7622,0.8544984647957194,2.811122320116313e-07,0.11073632820075555,0.034764925891292695,25,10,0
15,7623,0.8546532994926858,2.8901472625022545e-07,0.11058147680761467,0.03476493468497311,25,10,0
15,7624,0.8575529508246311,2.890417987201604e-07,0.10768182607554683,0.03476493405802319,25,10,0
15,7625,0.8533839022829524,2.9382260095824845e-07,0.11184985688105498,0.034765947013391515,25,10,0
15,7626,0.831831755051714,4.546128123783344e-06,0.13337807981105768,0.034785619009103874,25,10,0
15,7627,0.8469443250522899,4.535478797693969e-06,0.11826565156841357,0.03478548790049817,25,10,0
15,7628,0.8526691117810568,4.5354241084442514e-06,0.11254206074383691,0.034784292050997055,25,10,0
15,7629,0.8515133456517688,4.535461840358372e-06,0.11117662569026633,0.03730549319612368,25,10,0
15,7630,0.8515140991420905,4.563720261390034e-06,0.11117577282025282,0.03730556431739446,25,10,0
15,7631,0.8519429584305946,4.556208710467643e-06,0.11074893753085313,0.03730354782984108,25,10,0
15,7632,0.8523534822062132,4.555931316509896e-06,0.11033849411322966,0.03730346774923993,25,10,0
15,7633,0.8633920454249722,3.095697006673845e-07,0.09923396759409392,0.037373677411232806,25,10,0
15,7634,0.8636047032415723,9.48810650821155e-08,0.09902155276221446,0.037373649115147616,25,10,0
15,7635,0.8635588382128749,9.42296740191477e-08,0.09271928618937779,0.04372178136807361,25,10,0
15,7636,0.82690096774912,9.46780898726965e-08,0.12937717236206134,0.043721765210728056,25,10,0
15,7637,0.8276109215601695,9.624345062319506e-08,0.12866720551212218,0.04372177668425751,25,10,0
15,7638,0.8215475043657111,9.905843452506048e-08,0.13472904298617402,0.04372335358968,25,10,0
15,7639,0.831620422392033,9.301997546246741e-08,0.1247460134647145,0.04363347112327685,25,10,0
15,7640,0.8692197897135422,9.276742627142837e-08,0.08714671272540102,0.04363340479363097,25,10,0
15,7641,0.8695198723219327,9.791749784392514e-08,0.08703569922013896,0.043444330540430946,25,10,0
15,7642,0.8757430554135632,9.772244295504089e-08,0.08081256660483031,0.0434442802591641,25,10,0
15,7643,0.8752410778780534,9.808546803421186e-08,0.08131455357325945,0.04344427046321928,25,10,0
15,7644,0.8873851742089865,8.527752131704871e-08,0.069170283359482,0.04344445715401027,25,10,0
15,7645,0.89435885941182,7.871974705528317e-08,0.06511994072426767,0.04052112114416549,25,10,0
15,7646,0.8932828619825386,7.982760719309775e-08,0.06619080584543718,0.04052625234441733,25,10,0
15,7647,0.8819435454091701,8.82786647915616e-08,0.0775300167221793,0.04052634958998617,25,10,0
15,7648,0.9112582246781503,9.5777056984536e-08,0.048215309909143585,0.040526369635649526,25,10,0
15,7649,0.8872934066384339,5.2674058203378375e-06,0.07215077634747549,0.040550549608270516,25,10,0
15,7650,0.8715894425253018,5.415966391831739e-06,0.08781143436888518,0.04059370713942181,25,10,0
15,7651,0.8587495075416749,5.438521147357692e-06,0.10120699188662562,0.040038062050552575,25,10,0
15,7652,0.8586287939215712,5.438463008883742e-06,0.1013277068232302,0.04003806079219027,25,10,0
15,7653,0.8586396095533787,5.491813061865783e-06,0.10131700687965615,0.040037891753903994,25,10,0
15,7654,0.8646682021700385,5.487516908105776e-06,0.0952900095041969,0.040036300808857235,25,10,0
15,7655,0.8460992801543267,6.378020330966093e-06,0.11385800374805573,0.040036338077287355,25,10,0
15,7656,0.8294633486530749,6.378454138701529e-06,0.13049393406036683,0.04003633883241992,25,10,0
15,7657,0.8354586945191698,6.374596221915175e-06,0.12449978040422506,0.040035150480383495,25,10,0
15,7658,0.8354490229390621,6.374581536634361e-06,0.12449297529725625,0.04005162718214492,25,10,0
15,7659,0.8240931122311594,6.550975384800542e-06,0.13071024746383167,0.04519008932962388,25,10,0
15,7660,0.8255678452695143,6.534928390840628e-06,0.1292403738659024,0.04518524593619218,25,10,0
15,7661,0.8249580307290469,6.549344633426517e-06,0.1298501207374016,0.045185299188918254,25,10,0
15,7662,0.824481340012719,6.56707382837396e-06,0.1303265844286913,0.0451855084847616,25,10,0
15,7663,0.8214275998304944,6.548619218897631e-06,0.13337949714825764,0.045186354402029325,25,10,0
15,7664,0.8045867171696546,6.549276970379586e-06,0.1502203216860239,0.045186411867351464,25,10,0
15,7665,0.8045960698995891,6.55007993702872e-06,0.1506684753367277,0.04472890468374649,25,10,0
15,7666,0.804607274744482,6.552636402867041e-06,0.15065727143456692,0.04472890118454841,25,10,0
15,7667,0.8286728253692559,5.661893934489305e-06,0.12658709918689356,0.0447344135499164,25,10,0
15,7668,0.8545445726594961,5.374997132929973e-06,0.10589726044813473,0.03955279189523614,25,10,0
15,7669,0.8447821429088268,5.726485111296396e-06,0.1156571936969023,0.03955493690915977,25,10,0
15,7670,0.8447255434323837,5.726666228676863e-06,0.11571245480556373,0.039556275095824135,25,10,0
15,7671,0.8181605439429728,0.0012112449607235226,0.1410718121013043,0.039556398994999506,25,10,0
15,7672,0.827412840234918,0.001210893965789962,0.13181928438197668,0.03955698141731558,25,10,0
15,7673,0.8033386411231187,0.0012210415823547993,0.15585783358989563,0.03958248370463105,25,10,0
15,7674,0.803842354783213,0.0012210415701101858,0.155359670081603,0.039576933565074086,25,10,0
15,7675,0.8108518845507358,0.0012210337370997196,0.1483496852172991,0.03957739649486576,25,10,0
15,7676,0.7917736840112383,0.0012210253391169038,0.1674279887957262,0.03957730185392048,25,10,0
15,7677,0.7704543394731692,0.0012210141949077409,0.18874746117902305,0.0395771851529012,25,10,0
15,7678,0.7735031572587097,0.001221014384655065,0.1856997055299078,0.03957612282672847,25,10,0
15,7679,0.7950458838180842,0.001221015100950041,0.1641569098738888,0.039576191207077914,25,10,0
15,7680,0.7950562314552283,0.001221014916630231,0.16414703736107814,0.03957571626706454,25,10,0
15,7681,0.7955607847326115,0.0012210144241593273,0.16364521171432186,0.03957298912890844,25,10,0
15,7682,0.7953131819851212,0.0012210146006901472,0.1638927898231181,0.03957301359107138,25,10,0
15,7683,0.8117403006554976,0.0012210228446099306,0.1474656079980003,0.039573068501893655,25,10,0
15,7684,0.8128241397236315,0.0012209897908030069,0.14638177782713183,0.03957309265843476,25,10,0
15,7685,0.8105520753865687,0.0012209839286363893,0.14865395292041705,0.0395729877643792,25,10,0
15,7686,0.8050657424702372,0.0012212040761688196,0.1541400342050801,0.039573019248514966,25,10,0
15,7687,0.8089698115292414,0.0012211951471994532,0.15023601802414674,0.03957297529941344,25,10,0
15,7688,0.8055876556339571,0.001221199775934755,0.153582178506591,0.03960896608351819,25,10,0
15,7689,0.8220049471110125,1.5693661311965157e-05,0.13837044455338282,0.03960891467429338,25,10,0
15,7690,0.8109534881301448,1.5697196643409986e-05,0.14942089480200504,0.03960991987120716,25,10,0
15,7691,0.7953368445449149,1.0583055727227427e-05,0.16506661661412422,0.039585955785234134,25,10,0
15,7692,0.7933749458757098,1.0583738249851045e-05,0.16702328205259864,0.03959118833344224,25,10,0
15,7693,0.7985227009384297,1.0580067312543523e-05,0.16187651659518587,0.03959020239907209,25,10,0
15,7694,0.8292976028358539,1.0585140346469773e-05,0.13110158756061133,0.03959022446318798,25,10,0
15,7695,0.8287910242994143,1.0567185494728092e-05,0.13160830288570946,0.03959010562938114,25,10,0
15,7696,0.8283673727260971,1.0586524585044588e-05,0.13203688043948447,0.039585160309832904,25,10,0
15,7697,0.8317903986591207,1.0594427311530644e-05,0.12864735318505985,0.039551653728507455,25,10,0
15,7698,0.8199360130320066,1.0603417188349662e-05,0.14049801299979242,0.03955537055101237,25,10,0
15,7699,0.8143363321623529,1.0590692549946625e-05,0.1460977062630361,0.039555370882060695,25,10,0
15,7700,0.8152290446903617,1.0533444604663499e-05,0.14520505661458155,0.03955536525045185,25,10,0
15,7701,0.8146254068207655,1.0541098605106672e-05,0.1457434640207023,0.039620588059927166,25,10,0
15,7702,0.8146139324892235,1.0541199076630214e-05,0.1457549121303911,0.03962061418130892,25,10,0
15,7703,0.7964469006667738,2.7430238005694637e-05,0.16388867046303027,0.03963699863219083,25,10,0
15,7704,0.8003812229334354,2.741813560119522e-05,0.15995323419596716,0.039638124734996026,25,10,0
15,7705,0.8247257564964375,1.727034567521478e-05,0.13564435099447777,0.039612622163409016,25,10,0
15,7706,0.8305917761274785,1.7280905218740773e-05,0.12977944070535855,0.039611502261943855,25,10,0
15,7707,0.8189335768431689,1.728323040940765e-05,0.1414337512165968,0.03961538870982454,25,10,0
15,7708,0.8189218280498367,1.7283200931908946e-05,0.14140837386466365,0.03965251488456714,25,10,0
15,7709,0.7976293066756784,1.729342569582061e-05,0.16269993032774432,0.039653469570881845,25,10,0
15,7710,0.7690840153955254,6.429119885531188e-05,0.1911981703806858,0.03965352302493343,25,10,0
15,7711,0.807539611471187,6.429070968980427e-05,0.15274274826419373,0.03965334955492857,25,10,0
15,7712,0.8069465679998616,6.430712508436635e-05,0.15333568716403578,0.03965343771101751,25,10,0
15,7713,0.8069509370614378,6.430714406002253e-05,0.15333628342337563,0.039648472371125947,25,10,0
15,7714,0.8065239539023543,6.431123638271229e-05,0.15376321841267568,0.03964851644858678,25,10,0
15,7715,0.8065510453863187,6.431110504407454e-05,0.15373614167709912,0.039648501831537786,25,10,0
15,7716,0.8064995731591277,6.432128835962961e-05,0.1537875878954499,0.039648517657062385,25,10,0
15,7717,0.7690458781421543,6.43299963598077e-05,0.19124123184932804,0.039648560012157046,25,10,0
15,7718,0.7692460565928144,6.432973109595686e-05,0.19104237806065952,0.039647235615429155,25,10,0
15,7719,0.7695169002729307,6.432474975976014e-05,0.19077158757234133,0.03964718740496722,25,10,0
15,7720,0.7694964423247194,6.432475620718464e-05,0.190792043844592,0.039647189074480414,25,10,0
15,7721,0.7695591552006256,6.431505254283104e-05,0.19073123671542558,0.039645293031404905,25,10,0
15,7722,0.7700658682296363,6.42942339828508e-05,0.19022463753836955,0.03964519999801041,25,10,0
15,7723,0.7701228103341022,6.429411555105767e-05,0.19612735781762108,0.033685537732725715,25,10,0
15,7724,0.768675433795484,9.77385216002487e-05,0.1973821835888457,0.03384464409407045,25,10,0
15,7725,0.768710768910163,9.773884448416099e-05,0.19734694375973572,0.03384454848561774,25,10,0
15,7726,0.7682416958321815,9.774395317240593e-05,0.197814646367198,0.03384591384744858,25,10,0
15,7727,0.8042015972359464,9.773275779246579e-05,0.16183706160990127,0.03386360839635952,25,10,0
15,7728,0.8041273900995252,9.773275971260743e-05,0.16191126798521985,0.033863609155542186,25,10,0
15,7729,0.8024034878446493,0.000132876692362944,0.16359997046538563,0.03386366499760199,25,10,0
15,7730,0.8042446916481718,0.00013285938416456695,0.1617588727085071,0.03386357625915639,25,10,0
15,7731,0.806219737688696,0.00013285869731954604,0.1597890607737419,0.0338583428402426,25,10,0
15,7732,0.8148713742047332,0.00013283972920580134,0.15113523859302128,0.03386054747303969,25,10,0
15,7733,0.8257933018203039,0.00013283800992888855,0.14021709660603585,0.033856763563731705,25,10,0
15,7734,0.8381207325804888,0.0001328243146303296,0.12789338017454163,0.033853062930339274,25,10,0
15,7735,0.8399000741711175,9.768007283899326e-05,0.12614915658632442,0.03385308916971912,25,10,0
15,7736,0.829178762819227,9.768796486466487e-05,0.13687043114630823,0.033853118069599876,25,10,0
15,7737,0.8166186980234948,9.8708625068175e-05,0.14933647390690777,0.03394611944452927,25,10,0
15,7738,0.832936232006438,9.871277941509068e-05,0.13301628136971014,0.033948773844436744,25,10,0
15,7739,0.8331038804731687,5.1715935527746215e-05,0.13289570356389052,0.03394870002741222,25,10,0
15,7740,0.829861923875566,5.07070004662026e-05,0.1362314565521318,0.03385591257183524,25,10,0
15,7741,0.8289591689219066,5.065231347546847e-05,0.13713428207406006,0.03385589669055687,25,10,0
15,7742,0.8277671386121136,5.068551216328076e-05,0.13832609062201423,0.03385608525370789,25,10,0
15,7743,0.8032731009376056,5.1499795260662406e-05,0.16281859311010816,0.03385680615702403,25,10,0
15,7744,0.8271692776583915,5.081242259487939e-05,0.13892375629726042,0.03385615362175196,25,10,0
15,7745,0.8280241462536941,5.081177464307079e-05,0.13806890749468065,0.03385613447698111,25,10,0
15,7746,0.8301755544687817,5.077847765207662e-05,0.13591766803780125,0.03385599901576379,25,10,0
15,7747,0.82970902022687,5.077848371622873e-05,0.13637883489964694,0.033861366389765585,25,10,0
15,7748,0.8451501242309541,5.0776377159897683e-05,0.12093704147048792,0.03386205792139698,25,10,0
15,7749,0.8447792610784254,5.078051688653112e-05,0.12130784393834736,0.03386211446633979,25,10,0
15,7750,0.8634049570891562,5.095795218567658e-05,0.10265760333594112,0.03388648162271614,25,10,0
15,7751,0.8623960356828332,5.0779042479717134e-05,0.10369241357274422,0.033860771701942245,25,10,0
15,7752,0.861438788987011,5.079949261377229e-05,0.10465487407459577,0.03385553744577872,25,10,0
15,7753,0.8566452648299725,5.0799675835725165e-05,0.10936743724790678,0.033936498246284294,25,10,0
15,7754,0.8566331735289922,5.07997896030571e-05,0.10338182277220388,0.03993420390920043,25,10,0
15,7755,0.856471219958252,5.079986241466903e-05,0.10354146653434519,0.03993651364498724,25,10,0
15,7756,0.8561110400057835,5.108610562991616e-05,0.10390134504805928,0.03993652884052625,25,10,0
15,7757,0.8599053928499059,5.1077307125809565e-05,0.10010572837644455,0.039937801466522614,25,10,0
15,7758,0.8599991768225068,5.107834182609743e-05,0.10001167079392394,0.0399380740417422,25,10,0
15,7759,0.8599245964470428,5.107738564249983e-05,0.10008652595652119,0.03993780021079249,25,10,0
15,7760,0.8601736280258915,5.1077296465705974e-05,0.0998374948976133,0.03993779978002852,25,10,0
15,7761,0.8612280982389307,5.142651217017807e-05,0.0987987007066177,0.03992177454228083,25,10,0
15,7762,0.8558131733497494,5.129968699319364e-05,0.10421382040648104,0.039921706556775585,25,10,0
15,7763,0.8553197638984067,5.130003296614696e-05,0.10470713491565949,0.03992180115296708,25,10,0
15,7764,0.8475039142229507,5.189453556641831e-05,0.10377358663209779,0.048670604609384466,25,10,0
15,7765,0.8637357008665727,5.147755462712894e-05,0.09623889701223383,0.039973924566565976,25,10,0
15,7766,0.8496335329214624,5.146592690987411e-05,0.11034120048737989,0.03997380066424712,25,10,0
15,7767,0.8434832301889851,5.171392988464561e-05,0.11649121280788326,0.039973843073246605,25,10,0
15,7768,0.8294386574263375,6.235619366667711e-05,0.13052433786628798,0.03997464851370808,25,10,0
15,7769,0.8354494415090541,6.235611112670052e-05,0.12451355381565431,0.039974648564164765,25,10,0
15,7770,0.8454271232095852,5.172327876788265e-05,0.1145098922469242,0.04001126126472193,25,10,0
15,7771,0.8457035968975446,5.1718991637070806e-05,0.11423610959102704,0.040008574519790674,25,10,0
15,7772,0.845969619527526,5.171856699762922e-05,0.11397145481913619,0.04000720708633948,25,10,0
15,7773,0.838879452752855,5.1440849293033235e-05,0.11952773967492096,0.04154136672293052,25,10,0
15,7774,0.8210214375145042,5.1897295486371585e-05,0.13746402491636828,0.04146264027364083,25,10,0
15,7775,0.8435904413264934,5.144070557855463e-05,0.11489705394747038,0.04146106402045685,25,10,0
15,7776,0.850962859261149,5.143184777197437e-05,0.10905886029929704,0.03992684859178135,25,10,0
15,7777,0.8510601110472358,5.144190670138331e-05,0.1089607723812631,0.03992767466479894,25,10,0
15,7778,0.8515356296210502,5.143671097545592e-05,0.10848660898654845,0.03992632468142497,25,10,0
15,7779,0.8576375111182303,5.143329820114803e-05,0.10238679679177867,0.03992425879178936,25,10,0
15,7780,0.8636384207594351,5.118530199404408e-05,0.09638613566532182,0.03992425827324828,25,10,0
15,7781,0.8588728564612699,5.130490844749112e-05,0.1011516141306128,0.0399242244996692,25,10,0
15,7782,0.8641973115426083,5.159083115659769e-05,0.09582448127679621,0.03992661634943845,25,10,0
15,7783,0.8578178035428274,5.161599471007021e-05,0.10219889048238696,0.03993168998007493,25,10,0
15,7784,0.8416795009634686,5.1616548544068474e-05,0.1183347846707567,0.03993409781723058,25,10,0
15,7785,0.8424036057687099,5.1615774280645567e-05,0.11761087352847786,0.039933904928531556,25,10,0
15,7786,0.8427073960356074,5.161921672860613e-05,0.1173094710941893,0.039931513653474686,25,10,0
15,7787,0.8426579835444241,5.161843130887733e-05,0.11696962979519013,0.04032076822907667,25,10,0
15,7788,0.8688244198907475,1.0492715914058175e-06,0.09109451696528106,0.04008001387237992,25,10,0
15,7789,0.872628917249406,8.434120813870197e-07,0.08734256346794321,0.04002767587056948,25,10,0
15,7790,0.8724997750766338,8.48628693810447e-07,0.08747171808143218,0.040027658213240204,25,10,0
15,7791,0.9030105194693866,8.477857326031951e-07,0.056960974842725956,0.04002765790215487,25,10,0
15,7792,0.9072903995054676,8.50116934108759e-07,0.052683390529032925,0.04002535984856531,25,10,0
15,7793,0.9111906583181704,8.499584194051536e-07,0.04878313098932714,0.04002536073408333,25,10,0
15,7794,0.9111962979771866,8.499524822833432e-07,0.04877749249537005,0.040025359574961075,25,10,0
15,7795,0.9109791040336509,5.657801223599676e-07,0.04899364249576934,0.04002668769045745,25,10,0
15,7796,0.8747352365097061,6.056343158405148e-07,0.08493043441244966,0.04033372344352824,25,10,0
15,7797,0.8585515539106376,6.128798884740592e-07,0.10111198115539047,0.04033585205408305,25,10,0
15,7798,0.86304841162163,5.44261847945352e-07,0.09661726087818469,0.04033378323833686,25,10,0
15,7799,0.8666853499911088,1.9432426727588743e-06,0.11169766822359671,0.021615038542621912,25,10,0
15,7800,0.8669136971264794,1.9432452723738712e-06,0.11146932046979238,0.021615039158456088,25,10,0
15,7801,0.8476813194057471,1.9598288066883226e-06,0.1307016182628988,0.021615102502547702,25,10,0
15,7802,0.8138222705108078,7.25282731990769e-05,0.16449013380008345,0.021615067415909173,25,10,0
15,7803,0.8477025821697265,1.9092571582295395e-06,0.13067910945962838,0.021616399113487023,25,10,0
15,7804,0.8794674301677716,5.147328790826868e-07,0.11622826295263869,0.004303792146711131,25,10,0
15,7805,0.8789432217793786,5.105945473692575e-07,0.11675253301590768,0.004303734610166672,25,10,0
15,7806,0.8796416780969233,5.107826170863456e-07,0.11605405862548399,0.004303752494975932,25,10,0
15,7807,0.8799020081101486,5.087893738726391e-07,0.11579392978830189,0.004303553312175905,25,10,0
15,7808,0.8702408251276966,7.959747543230784e-06,0.12540927106146424,0.004341944063296201,25,10,0
15,7809,0.8696093432724119,7.975743189338713e-06,0.12991501679596162,0.0004676641884374247,25,10,0
15,7810,0.8531485636920821,7.976087006502558e-06,0.14637573969722467,0.00046772052368683676,25,10,0
15,7811,0.8529393393048299,7.976283693360795e-06,0.14658405017572843,0.0004686342357483804,25,10,0
15,7812,0.8460273721821194,7.975307252490029e-06,0.15349599712820278,0.0004686553824254508,25,10,0
15,7813,0.8455436209527936,7.977316275818145e-06,0.1539792881791163,0.0004691135518145073,25,10,0
15,7814,0.8750398757356327,7.93795366565541e-06,0.12478895236309194,0.00016323394761000635,25,10,0
15,7815,0.8748310515912501,7.938132259562718e-06,0.12499769737222147,0.0001633129042692332,25,10,0
15,7816,0.8752979438726675,7.92896929738269e-06,0.12453237240141911,0.00016175475661647603,25,10,0
15,7817,0.8751104723903593,7.929284307286716e-06,0.12471866911494546,0.0001629292103881389,25,10,0
15,7818,0.8752502652761268,7.929876708100099e-06,0.1245488074706798,0.00019299737648531632,25,10,0
15,7819,0.8751269507525015,7.929653569059073e-06,0.12467324826439738,0.00019187132953217147,25,10,0
15,7820,0.8750829394038908,7.92991757891574e-06,0.12471725575674687,0.00019187492178336524,25,10,0
15,7821,0.8815980369621266,7.929785905739715e-06,0.11820326577649377,0.00019076747547395003,25,10,0
15,7822,0.8813953520695224,7.936920773035055e-06,0.1184058869922522,0.00019082401745248819,25,10,0
15,7823,0.8812019984023468,7.935453304457253e-06,0.11859911840548383,0.00019094773886507057,25,10,0
15,7824,0.8814352952566539,7.940481785139536e-06,0.11836581528381894,0.00019094897774207296,25,10,0
15,7825,0.8716253503588456,2.023592856956286e-05,0.1281646263951297,0.00018978731745530425,25,10,0
15,7826,0.8664738372569777,2.0211021598027173e-05,0.1333189519265684,0.0001869997948560736,25,10,0
15,7827,0.8708696314476058,2.0201973307581184e-05,0.12896057227483138,0.00014959430425521547,25,10,0
15,7828,0.8657788937461686,2.0195866441702764e-05,0.13405175751574924,0.00014915287164063144,25,10,0
15,7829,0.8766049229025242,2.0195434500033645e-05,0.12322794496450522,0.00014693669847047082,25,10,0
15,7830,0.886587592300051,7.553641040833672e-06,0.11325844320296488,0.00014641085594319987,25,10,0
15,7831,0.8720422475575788,1.1391862092463911e-07,0.12776416894879483,0.00019346957500557314,25,10,0
15,7832,0.8714514064550563,1.0880384002622494e-07,0.12834954504940077,0.00019893969170308893,25,10,0
15,7833,0.8715609149589288,1.0880164635797841e-07,0.12824003693004657,0.00019893930937799143,25,10,0
15,7834,0.8715808559808864,1.0848582374378927e-07,0.1282199769948466,0.00019905853844288935,25,10,0
15,7835,0.871455192855167,1.0849463882552168e-07,0.1283456388423919,0.0001990598078018747,25,10,0
15,7836,0.8683459817296879,2.303110818704411e-07,0.13142240806937225,0.00023137988985776192,25,10,0
15,7837,0.8625534293947318,2.452452502827296e-07,0.1372141697426435,0.00023215561737442453,25,10,0
15,7838,0.8630575148924458,2.4954232859081477e-07,0.13671013072371652,0.00023210484150908424,25,10,0
15,7839,0.8579020313379772,2.2511749594774806e-07,0.14186576379026372,0.0002319797542630653,25,10,0
15,7840,0.860715519540544,2.2518818507701382e-07,0.13889802761774128,0.0003862276535292716,25,10,0
15,7841,0.8601370189688552,2.2587820697928434e-07,0.1394764515597985,0.0003863035931391794,25,10,0
15,7842,0.8742842849043805,2.253909503735796e-07,0.125483492712352,0.00023199699231702905,25,10,0
15,7843,0.8742026220563082,2.2539002446075187e-07,0.12556513144656964,0.00023202110709761393,25,10,0
15,7844,0.8660100979794316,2.4470956073275107e-07,0.13375780494826667,0.00023185236274082664,25,10,0
15,7845,0.8818582119228586,2.3510789385949664e-07,0.11791243809454746,0.0002291148747002162,25,10,0
15,7846,0.8589423291952909,2.49674627639251e-07,0.14062245297051534,0.0004349681595667576,25,10,0
15,7847,0.8591451731328408,2.4956816805262653e-07,0.14041960999873163,0.00043496730025968563,25,10,0
15,7848,0.8571253848480671,5.678600715255857e-07,0.1424382270791814,0.0004358202126797448,25,10,0
15,7849,0.8566882457739281,6.801092080666685e-07,0.1428747484354961,0.000436325681367631,25,10,0
15,7850,0.8567044062008502,6.782210034893385e-07,0.14285858231661655,0.0004363332615295818,25,10,0
15,7851,0.850678340547786,8.425883969018028e-07,0.1488840721216503,0.0004367447421666115,25,10,0
15,7852,0.8490913127880565,8.435434870280558e-07,0.15047183413784568,0.00043600953061051603,25,10,0
15,7853,0.8483256282066459,8.397071441600033e-07,0.1512379500054233,0.00043558208078607114,25,10,0
15,7854,0.8566102054200065,1.0035435723503319e-06,0.14295143380939326,0.0004373572270272735,25,10,0
15,7855,0.8611700112679526,9.841968739497772e-07,0.13846093732246254,0.00036806721271036237,25,10,0
15,7856,0.8537683352261383,6.616590131932377e-07,0.14586378223139523,0.00036722088345271644,25,10,0
15,7857,0.8533489655705523,6.612212896961559e-07,0.14628336950572327,0.0003670037024341207,25,10,0
15,7858,0.8570921779920943,5.341845810593291e-07,0.14257397440853578,0.0003333134147883216,25,10,0
15,7859,0.8576925143992602,5.378894996439432e-07,0.14197909819365237,0.00032784951758700083,25,10,0
15,7860,0.8527964359560241,5.38193761209259e-07,0.14687512706618416,0.00032789878402969265,25,10,0
15,7861,0.8229988699492151,1.946611852193882e-06,0.17666460714612653,0.00033457629280552554,25,10,0
15,7862,0.8347455276463438,1.9435846312397075e-06,0.16491872900468021,0.00033379976434384166,25,10,0
15,7863,0.84809617058393,2.945468140155697e-06,0.15129823771795414,0.0006026462299750664,25,10,0
15,7864,0.842008987179157,2.9454691637479344e-06,0.15738540021766234,0.0006026671340160503,25,10,0
15,7865,0.8461551375611055,2.9680446778932432e-06,0.15323906441631233,0.0006028299779034492,25,10,0
15,7866,0.8493616142670137,1.9668053577497387e-06,0.15030248194148763,0.00033393698614008556,25,10,0
15,7867,0.8481591038189173,2.019269873018298e-06,0.15150489941433226,0.0003339774968765475,25,10,0
15,7868,0.8376971475038789,2.032344127285954e-06,0.16196694175383758,0.0003338783981555509,25,10,0
15,7869,0.8121012574080269,2.0448243793601346e-06,0.18160877036527073,0.006287927402322181,25,10,0
15,7870,0.8022021630318108,2.061198439029975e-06,0.19144986830985758,0.006345907459893196,25,10,0
15,7871,0.8026670758292747,2.0551325740399107e-06,0.1909857914421997,0.0063450775959518506,25,10,0
15,7872,0.8220321124115847,6.586727513698299e-07,0.17162886877155528,0.0063383601441077365,25,10,0
15,7873,0.8322819009170953,6.427151569738711e-07,0.16143497883411012,0.0062824775336365905,25,10,0
15,7874,0.8274953670645567,6.427829104099351e-07,0.16622152953999791,0.006282460612533994,25,10,0
15,7875,0.816019506003199,1.106187841291762e-06,0.17769730001379336,0.006282087795165596,25,10,0
15,7876,0.8190110210324665,1.0941257129595985e-06,0.17470582059039633,0.006282064251423703,25,10,0
15,7877,0.8190560364789117,1.0934809138998316e-06,0.17466081095658045,0.006282059083593362,25,10,0
15,7878,0.8427722529611876,1.082246118540187e-06,0.15103005517013404,0.006196609622559782,25,10,0
15,7879,0.8110018269216177,2.2161315802796387e-06,0.18278849770277716,0.006207459244025258,25,10,0
15,7880,0.8108981653545316,2.21571680383718e-06,0.18289425643084123,0.006205362497823533,25,10,0
15,7881,0.81053399136668,2.768724141672516e-06,0.183257794245299,0.00620544566387973,25,10,0
15,7882,0.8062636938420727,2.6042046881861326e-06,0.1875286514767426,0.006205050476496749,25,10,0
15,7883,0.7763939309086174,4.341015540073864e-06,0.21738897942660038,0.006212748649242476,25,10,0
15,7884,0.7466409872519799,4.4115125382647854e-06,0.24714188933744288,0.006212711898037504,25,10,0
15,7885,0.7461307134187644,4.228899287053423e-06,0.24764904992747042,0.006216007754476822,25,10,0
15,7886,0.7620059477900818,4.215368411952812e-06,0.2377280489101545,0.00026178793135037625,25,10,0
15,7887,0.7502698236825706,4.215515531632972e-06,0.2494640615792272,0.0002618992226684924,25,10,0
15,7888,0.7447968596419127,4.404955338148051e-06,0.25488625893089895,0.0003124764718481909,25,10,0
15,7889,0.7448516959321856,4.404454938112741e-06,0.25483129379260366,0.0003126058202711625,25,10,0
15,7890,0.750011315309377,4.40435663086149e-06,0.2496716916611298,0.00031258867286119643,25,10,0
15,7891,0.7512813412105065,3.3143735586072332e-06,0.24841338192441836,0.0003019624915165362,25,10,0
15,7892,0.7632646739837406,3.3003167090603633e-06,0.23642903438994,0.00030299130961044694,25,10,0
15,7893,0.7628387074251183,3.57693967493856e-06,0.2368547159648242,0.00030299967038290867,25,10,0
15,7894,0.7593206423657659,3.9787231097558486e-06,0.2403712831911841,0.0003040957199399862,25,10,0
15,7895,0.7591711938671726,3.9784579358915594e-06,0.24052073553770226,0.00030409213718969255,25,10,0
15,7896,0.7897425767539396,3.934554100696222e-06,0.20994964453662082,0.00030384415533766645,25,10,0
15,7897,0.7897509652820957,3.934557046921284e-06,0.20994125570836467,0.00030384445249152065,25,10,0
15,7898,0.7902132127101841,3.9347943546030735e-06,0.20947894434059272,0.00030390815486730293,25,10,0
15,7899,0.7836448480082835,3.949454471692827e-06,0.21604559129306045,0.0003056112441833474,25,10,0
15,7900,0.7501135154783803,5.186570585294763e-06,0.24962614533418803,0.0002551526168460903,25,10,0
15,7901,0.7511723878114406,5.148990582497135e-06,0.24856255771359517,0.000259905484381617,25,10,0
15,7902,0.751383662691694,4.867306174771829e-06,0.24835159440257631,0.00025987559955466857,25,10,0
15,7903,0.7527330857009481,4.865795169954286e-06,0.24700722514125747,0.0002548233626243724,25,10,0
15,7904,0.7528216698215313,4.753888470326242e-06,0.24691926415466653,0.00025431213533196046,25,10,0
15,7905,0.7526824425066373,4.753796311427236e-06,0.24705851439933796,0.0002542892977134961,25,10,0
15,7906,0.7546170788136056,4.731218482518301e-06,0.24512408437935773,0.00025410558855469675,25,10,0
15,7907,0.7580902141331392,4.3352175150003224e-06,0.2416524596339807,0.000252991015365533,25,10,0
15,7908,0.7573530632301292,4.334955784348471e-06,0.24238768699653643,0.00025491481755031284,25,10,0
15,7909,0.7957569104048927,2.908312466889719e-06,0.2039853829541349,0.00025479832850499126,25,10,0
15,7910,0.784422017020402,2.898775557999635e-06,0.21532484845412955,0.00025023574991103953,25,10,0
15,7911,0.7811873093744821,3.0821435573745724e-06,0.21851011580157764,0.0002994926803839478,25,10,0
15,7912,0.7618989127842108,3.073382910561052e-06,0.23778861976877674,0.00030939406410254256,25,10,0
15,7913,0.7722381056657294,3.0739046357432806e-06,0.22744937151021258,0.0003094489194228038,25,10,0
15,7914,0.7748022996077689,3.0736699122902236e-06,0.22488524231371695,0.0003093844086022012,25,10,0
15,7915,0.775309414014532,3.0632337487783045e-06,0.22437816417453493,0.00030935857718456954,25,10,0
15,7916,0.7763938737144723,3.0631469507612563e-06,0.22329566299898185,0.0003074001395955198,25,10,0
15,7917,0.7637663226472539,3.2417397892982806e-06,0.2358773903390554,0.0003530452739017705,25,10,0
15,7918,0.7640670995219812,3.2415278312379473e-06,0.23557772242251435,0.0003519365276736603,25,10,0
15,7919,0.7584629478958176,3.2446029588356774e-06,0.24118107783599005,0.0003527296652339837,25,10,0
15,7920,0.7699549552021723,2.77989985119748e-06,0.22968961852702288,0.0003526463709538536,25,10,0
15,7921,0.7693232259158025,2.780636369655492e-06,0.23032124157484402,0.0003527518729841991,25,10,0
15,7922,0.7695258420872413,2.7892547336913395e-06,0.23011860237862944,0.000352766279396136,25,10,0
15,7923,0.7838036387276075,3.623353582064406e-06,0.2110970783194048,0.005095659599406498,25,10,0
15,7924,0.7959200929584328,4.222115193288588e-06,0.1989873855272795,0.005088299399094114,25,10,0
15,7925,0.795980338371905,4.2290001850252465e-06,0.19892712350633426,0.005088309121575373,25,10,0
15,7926,0.8143194976891273,1.655370902028317e-06,0.18534187297247254,0.000336973967498253,25,10,0
15,7927,0.8044826773548305,1.0972430907546033e-06,0.19517938409558913,0.00033684130648934524,25,10,0
15,7928,0.7882679461940718,1.097660987598319e-06,0.21139104285819282,0.0003399132867479352,25,10,0
15,7929,0.7874894145335399,1.0896334220726644e-06,0.21216946603501463,0.0003400297980236114,25,10,0
15,7930,0.7930334872364848,1.0866191415606308e-06,0.20662609399510987,0.00033933214926399035,25,10,0
15,7931,0.8228618117986504,1.0157643660566991e-06,0.17679785210732601,0.00033932032965713356,25,10,0
15,7932,0.8225705550673429,1.0157704483568033e-06,0.17708901344999067,0.0003394157122176364,25,10,0
15,7933,0.8227610315218097,1.0158640100393893e-06,0.17689850388297151,0.00033944873120864084,25,10,0
15,7934,0.8222869710624149,1.030752759820336e-06,0.17737262019800856,0.00033937798681661906,25,10,0
15,7935,0.7992905813123177,1.0301981355704113e-06,0.20036901272684482,0.00033937576270206415,25,10,0
15,7936,0.8089880834700512,1.0303775300252426e-06,0.1906715098697211,0.0003393762826974276,25,10,0
15,7937,0.7970981603613926,1.1860106199207153e-06,0.20027711362148554,0.002623540006502083,25,10,0
15,7938,0.7835507943427263,1.3288252489003266e-06,0.20952636940666206,0.006921507425363215,25,10,0
15,7939,0.783932861296636,1.3343233655491472e-06,0.20914428845760685,0.006921515922392187,25,10,0
15,7940,0.7986031092318039,1.32259652091632e-06,0.19447405090863643,0.00692151726303946,25,10,0
15,7941,0.8013380213624229,1.1394145750648026e-06,0.19178853863228462,0.006872300590718374,25,10,0
15,7942,0.8124280945286144,1.1261359613490195e-06,0.1806953296226104,0.006875449712814603,25,10,0
15,7943,0.8172413240259475,1.1263043637133224e-06,0.17588214649465406,0.0068754031750356374,25,10,0
15,7944,0.8176701096396907,1.7638787582882671e-06,0.17544979787996656,0.006878328601585399,25,10,0
15,7945,0.8205158903722104,1.5897106159709563e-06,0.1713825307503251,0.008099989166849189,25,10,0
15,7946,0.8224767164324582,1.5893642302163064e-06,0.1694216982744576,0.008099995928854518,25,10,0
15,7947,0.8111338400533559,1.5982396031951778e-06,0.18062975932212968,0.008234802384912926,25,10,0
15,7948,0.8422530957267437,1.6022829721328573e-06,0.14951052848841168,0.008234773501873037,25,10,0
15,7949,0.8422952559576448,1.6018862633994486e-06,0.14946519845398457,0.008237943702107944,25,10,0
15,7950,0.8610907753915251,1.0078572337491025e-06,0.13067304191841192,0.008235174832830199,25,10,0
15,7951,0.8610563195174175,1.0194402203477893e-06,0.13071065655845213,0.008232004483911159,25,10,0
15,7952,0.8532813655544951,1.306942150726239e-06,0.138488739121196,0.008228588382159317,25,10,0
15,7953,0.8594140069037877,1.3026391023219312e-06,0.1323561421654853,0.008228548291625604,25,10,0
15,7954,0.858665802187435,1.3210324721593737e-06,0.1330994377050978,0.008233439074995961,25,10,0
15,7955,0.8613770776978421,1.3241438514826077e-06,0.13159635301421374,0.0070252451440936305,25,10,0
15,7956,0.8584786343816433,1.3288574274578433e-06,0.13448416617158065,0.007035870589349687,25,10,0
15,7957,0.8704204732893365,1.173071005415498e-06,0.12482665569564237,0.004751697944016441,25,10,0
15,7958,0.8866405172696187,1.172653226895314e-06,0.1086096841174882,0.004748625959667052,25,10,0
15,7959,0.8798276211164151,1.1741469483806316e-06,0.11542220465584097,0.004749000080796609,25,10,0
15,7960,0.8797478420008145,1.1743254913397192e-06,0.1155019816294258,0.004749002044269476,25,10,0
15,7961,0.8756962421633091,1.1738112326328462e-06,0.11955365724516799,0.0047489267802912054,25,10,0
15,7962,0.8598255229928577,1.815556158679594e-06,0.13542363723103404,0.00474902421995067,25,10,0
15,7963,0.8742857505918252,1.996531415337792e-06,0.12096235911943777,0.004749893757322836,25,10,0
15,7964,0.8640235822105725,2.0090046126660978e-06,0.13122454818220702,0.004749860602608792,25,10,0
15,7965,0.8640073394207763,2.0090123848471907e-06,0.13124078912939424,0.00474986243744559,25,10,0
15,7966,0.8747698303670615,1.99612082189344e-06,0.12047838195237365,0.004749791559743909,25,10,0
15,7967,0.8749055683490579,1.9892357814482575e-06,0.12034266059288973,0.004749781822271657,25,10,0
15,7968,0.8626946699796127,2.164010416617497e-06,0.13255666221057427,0.004746503799397047,25,10,0
15,7969,0.8785231336639319,1.5220827287600234e-06,0.11672893222212563,0.0047464120312143195,25,10,0
15,7970,0.8794070119593451,1.521425378196929e-06,0.11584522523371824,0.004746241381558788,25,10,0
15,7971,0.8794028371309074,1.521425395154165e-06,0.11584940006236857,0.004746241381329227,25,10,0
15,7972,0.8835805242834703,1.5216463778447262e-06,0.11167171740036397,0.004746236669788104,25,10,0
15,7973,0.8834939617258624,1.5267338121049958e-06,0.11175824907664231,0.004746262463683368,25,10,0
15,7974,0.877749114827154,1.1643492287617972e-05,0.11749205135632396,0.00474719032423468,25,10,0
15,7975,0.877629119281277,1.1648632065056653e-05,0.11761202121222461,0.00474721087443371,25,10,0
15,7976,0.877451393035875,1.1651849586606493e-05,0.11778981664307527,0.00474713847146329,25,10,0
15,7977,0.8775166590409542,1.1648191568858161e-05,0.11772451277196298,0.004747179995514249,25,10,0
15,7978,0.8736751734791348,1.165180168936396e-05,0.12157654377932813,0.0047366309398482985,25,10,0
15,7979,0.8732124644401198,1.16584230260899e-05,0.12203828159345079,0.004737595543403812,25,10,0
15,7980,0.8731152429594193,1.165861537456828e-05,0.122135467171938,0.004737631253268582,25,10,0
15,7981,0.8643357384174055,1.1539174589365444e-05,0.1352101423813788,0.0004425800266264872,25,10,0
15,7982,0.8295072793426264,0.00029139450517176173,0.16973527866019136,0.0004660474920119494,25,10,0
15,7983,0.8582423705073535,1.154362678171424e-05,0.14130352126453302,0.00044256460133189124,25,10,0
15,7984,0.8591387867827399,1.0906174367060365e-05,0.14040575488051454,0.00044455216237862966,25,10,0
15,7985,0.8216110222151117,1.0906217860008552e-05,0.1779297209611058,0.0004483506059229997,25,10,0
15,7986,0.8212213844525741,1.0911478579118136e-05,0.17831929170438648,0.0004484123644609964,25,10,0
15,7987,0.8344496816568895,1.0706650376570315e-05,0.16509279139036015,0.00044682030237483053,25,10,0
15,7988,0.8430134579634168,1.0417681279890406e-05,0.15653073885375196,0.0004453855015517258,25,10,0
15,7989,0.8320306186175463,1.0417916728982703e-05,0.16751350951830737,0.00044545394741856136,25,10,0
15,7990,0.8378395050819408,1.0418548512263504e-05,0.1617045982332826,0.00044547813626582324,25,10,0
15,7991,0.8375782129383958,1.0418705214379568e-05,0.16196588878056378,0.0004454795758267929,25,10,0
15,7992,0.8375288994511447,1.0420580038068583e-05,0.1620150931384373,0.00044558683038121603,25,10,0
15,7993,0.8371453483675024,1.0420479009587424e-05,0.16239867920278647,0.00044555195070272903,25,10,0
15,7994,0.8335681266805337,1.0425022723072482e-05,0.1652107575989773,0.0012106906977671895,25,10,0
15,7995,0.8234293918203209,1.0571435099677828e-05,0.17534934379454445,0.001210692950036067,25,10,0
15,7996,0.8286769497518561,4.600719077008013e-07,0.17011277862497054,0.001209811551266737,25,10,0
15,7997,0.8219068640745095,1.4035844052452721e-05,0.17686922810322853,0.0012098719782107166,25,10,0
15,7998,0.8214082467576392,1.4040970214851435e-05,0.17729164666998543,0.00128606560216107,25,10,0
15,7999,0.821440754441141,1.4035993818030732e-05,0.17725916734998973,0.001286042215051855,25,10,0
15,8000,0.8221802796349763,1.4030868638398187e-05,0.17659584119048116,0.0012098483059047754,25,10,0
15,8001,0.8170189239999192,1.4025428278892128e-05,0.18175542886364837,0.0012116217081538868,25,10,0
15,8002,0.8173032035448038,1.4025250751375764e-05,0.18147117424183462,0.0012115969626105133,25,10,0
15,8003,0.7805077464573579,1.4025265027663637e-05,0.21826641929436458,0.001211808983249158,25,10,0
15,8004,0.7872182964010395,1.4026869594111857e-05,0.21155622569152008,0.001211451037845468,25,10,0
15,8005,0.792663583030687,1.4026815146215509e-05,0.2061126990707263,0.001209691083440502,25,10,0
15,8006,0.8014823540835329,1.3852387405648779e-05,0.19729440061358694,0.0012093929154748683,25,10,0
15,8007,0.8013936702705031,1.385228654286544e-05,0.19738308520316963,0.0012093922397848277,25,10,0
15,8008,0.8015376836212222,1.3852134748905441e-05,0.19723913189530357,0.001209332348725852,25,10,0
15,8009,0.8012797688982313,1.3852232414526139e-05,0.19749691393372268,0.0012094649356320273,25,10,0
15,8010,0.8116809887427189,1.385243520720559e-05,0.1870956875348573,0.0012094712872170008,25,10,0
15,8011,0.834225084249507,1.3829096788505771e-05,0.16455459412592638,0.0012064925277784967,25,10,0
15,8012,0.8343352633203256,1.382964812576446e-05,0.1644441951971106,0.0012067118344384856,25,10,0
15,8013,0.8178409527104071,1.3823698490211239e-05,0.1807586693669683,0.0013865542241348408,25,10,0
15,8014,0.8215463357445395,1.381718363946963e-05,0.1778185718983595,0.0006212751734619233,25,10,0
15,8015,0.8214445334016018,1.40103494791065e-05,0.17792012285323908,0.0006213333956804355,25,10,0
15,8016,0.8533662683620545,1.4010017902043842e-05,0.14600216950158076,0.00061755211846286,25,10,0
15,8017,0.8496288769681531,1.4302223364875224e-05,0.14973785400947934,0.0006189667990026209,25,10,0
15,8018,0.8498331649444988,1.4302140159356133e-05,0.14953354294640175,0.0006189899689402549,25,10,0
15,8019,0.855589832620499,1.4322924253301708e-05,0.14377679673872565,0.0006190477165219734,25,10,0
15,8020,0.8501123049825483,1.4317527558881753e-05,0.14925435650358265,0.0006190209863102373,25,10,0
15,8021,0.8865699473368893,1.4603663287049197e-05,0.11279661397715655,0.0006188350226668188,25,10,0
15,8022,0.8925539510128361,1.4603844169515751e-05,0.10681260476769,0.000618840375304145,25,10,0
15,8023,0.892640570561114,1.441083714358676e-05,0.10672621122848441,0.0006188073732577351,25,10,0
15,8024,0.8925811204526432,1.4410934699363379e-05,0.10678562463483891,0.0006188439778183496,25,10,0
15,8025,0.8926077749669358,1.4410941316760083e-05,0.10675895893514058,0.0006188551566065513,25,10,0
15,8026,0.8927285222785316,1.441607059600718e-05,0.10663699727380488,0.0006200643770670328,25,10,0
15,8027,0.8991285892067293,1.4407933273208356e-05,0.10023701232953107,0.0006199905304660914,25,10,0
15,8028,0.882767974857215,1.4414775433300266e-05,0.1165976434350386,0.0006199669323129019,25,10,0
15,8029,0.876038967313186,1.4846789735605395e-05,0.1233242208775083,0.0006219650195699687,25,10,0
15,8030,0.876279356646619,1.4846614706851005e-05,0.12308387842228824,0.0006219183163856463,25,10,0
15,8031,0.877046631524422,1.4845797632656787e-05,0.12231689140865187,0.0006216312692933935,25,10,0
15,8032,0.8725368236090647,1.500602016345717e-05,0.12674261976666515,0.0007055506041064795,25,10,0
15,8033,0.8726044599180841,1.5006108894301477e-05,0.12667499718654407,0.0007055367864774682,25,10,0
15,8034,0.8831218869580488,1.4851603089513356e-05,0.11615769510970227,0.0007055663291592141,25,10,0
15,8035,0.8833434451349607,1.4565541693826409e-05,0.11593642607185513,0.0007055632514900699,25,10,0
15,8036,0.8832218210333557,1.456571886746648e-05,0.11605806889340377,0.0007055443543727564,25,10,0
15,8037,0.8902343895998029,1.4558266795256045e-05,0.10910461880830398,0.0006464333250978982,25,10,0
15,8038,0.8677185635432327,1.5201071664437494e-05,0.13161646669385374,0.0006497686912494776,25,10,0
15,8039,0.8610582324976689,1.5194367071951086e-05,0.13827686082040264,0.0006497123148571946,25,10,0
15,8040,0.8776710286429412,1.5182438918933557e-05,0.12166407876923754,0.0006497101489024897,25,10,0
15,8041,0.9120507155839134,1.5158057870844606e-05,0.08765385098173997,0.00028027537647596143,25,10,0
15,8042,0.8800371954495861,1.74039494370237e-05,0.11974825454933902,0.00019714605163862972,25,10,0
15,8043,0.8961544968396429,1.7403305359154106e-05,0.10381160503619487,1.6494818803269393e-05,25,10,0
15,8044,0.9028121030920758,1.740847484593723e-05,0.09715396865044107,1.6519782637466616e-05,25,10,0
15,8045,0.8670073099009116,1.743964247345647e-05,0.13276159303497007,0.0002136574216444339,25,10,0
15,8046,0.8564382210435076,1.7445830942768853e-05,0.14332799859571552,0.00021633452983341972,25,10,0
15,8047,0.8564910560677537,1.7445945228543497e-05,0.14327655226091407,0.00021494572610318758,25,10,0
15,8048,0.8561564058360723,1.7450920880050272e-05,0.1436099185544971,0.00021622468854989185,25,10,0
15,8049,0.8564824046471574,1.7445967505784123e-05,0.1432852191414032,0.00021493024393300978,25,10,0
15,8050,0.8554450578493886,1.7441797452845723e-05,0.1439262499116105,0.000611250441547503,25,10,0
15,8051,0.8201609045442404,1.8854721740151367e-05,0.17920887857358944,0.0006113621604289673,25,10,0
15,8052,0.8277266944403833,3.6139545007897185e-05,0.17182206515704518,0.0004151008575627043,25,10,0
15,8053,0.827431572305465,3.6139648480992524e-05,0.17211709416101503,0.0004151938850381658,25,10,0
15,8054,0.7882622492876402,4.503841354293225e-05,0.21127756692368693,0.00041514537513008223,25,10,0
15,8055,0.815917170080054,2.7716783599428414e-05,0.1836413186326923,0.0004137945036536194,25,10,0
15,8056,0.8166906865875803,2.7716454234456926e-05,0.1828679368830631,0.0004136600751218167,25,10,0
15,8057,0.8264822164883515,2.7710294002257077e-05,0.17307908564298904,0.0004109875746564634,25,10,0
15,8058,0.8266311883064061,2.7710115181585878e-05,0.17293011477225653,0.0004109868061549963,25,10,0
15,8059,0.8249788063895219,2.7707986581227284e-05,0.17458234235970146,0.000411143264194798,25,10,0
15,8060,0.8252391873372177,2.770323125926852e-05,0.17432194190473324,0.00041116752678889803,25,10,0
15,8061,0.8348627078854794,2.7436647383812827e-05,0.1647033834564721,0.0004064720106638084,25,10,0
15,8062,0.8349895047734848,2.7436525714933398e-05,0.164576587823444,0.0004064708773556121,25,10,0
15,8063,0.8357881573911822,2.7435804992311776e-05,0.164173816581966,1.0590221858607081e-05,25,10,0
15,8064,0.8742981020673622,1.853285147029748e-05,0.12567278403981244,1.05810413542768e-05,25,10,0
15,8065,0.873571132390783,1.8534895678573714e-05,0.12639333207354897,1.7000639988711545e-05,25,10,0
15,8066,0.8733791652298015,1.853488181470396e-05,0.1265839699643632,1.83299240197974e-05,25,10,0
15,8067,0.8733517463909447,1.8534694869628436e-05,0.12661139807815186,1.832083603307661e-05,25,10,0
15,8068,0.8725591258285916,1.8546991263633678e-05,0.12736566166807703,5.666551206669381e-05,25,10,0
15,8069,0.8705231216068131,1.9533094862915138e-05,0.1294024763665783,5.486893174482003e-05,25,10,0
15,8070,0.8554819211393772,5.375782147526199e-05,0.14441115354571077,5.316749343642542e-05,25,10,0
15,8071,0.8653482486664166,5.394687370139563e-05,0.13454874407835088,4.906038153051389e-05,25,10,0
15,8072,0.8816909364334827,5.328366353507378e-05,0.11820676101314048,4.9018889840984254e-05,25,10,0
15,8073,0.881626403674725,5.328365429468401e-05,0.1182712710450379,4.904162594167272e-05,25,10,0
15,8074,0.8866387886915816,5.3094277548188856e-05,0.11325999342333065,4.8123607538855067e-05,25,10,0
15,8075,0.8861819244676145,5.309499574939592e-05,0.11371685686465245,4.812367198294804e-05,25,10,0
15,8076,0.8870088453603,5.309458106359458e-05,0.11288992290339264,4.813715524309918e-05,25,10,0
15,8077,0.8868987094196047,5.30988408722572e-05,0.11300005646362515,4.813527589744339e-05,25,10,0
15,8078,0.8479378074035014,5.3098811433618484e-05,0.1519610061099182,4.8087675146482255e-05,25,10,0
15,8079,0.8365585862642624,5.310804005744294e-05,0.16334023842837833,4.8067267301859574e-05,25,10,0
15,8080,0.832504049305999,5.337067217711312e-05,0.16739451119140344,4.8068830420388616e-05,25,10,0
15,8081,0.8075516320653986,5.3388811091749724e-05,0.1923482547000545,4.6724423456056334e-05,25,10,0
15,8082,0.819164061556135,5.337532343712387e-05,0.18073584068960788,4.672243082096835e-05,25,10,0
15,8083,0.8190655906015113,5.337102101877852e-05,0.18083437842840452,4.66599490664128e-05,25,10,0
15,8084,0.8189265650610955,5.337612297971194e-05,0.18097205228968194,4.8006526243950184e-05,25,10,0
15,8085,0.8257278525659544,5.2938877184252407e-05,0.17417324319511746,4.596536174457656e-05,25,10,0
15,8086,0.8353352016410517,5.088387437180362e-05,0.16456709239403955,4.682209053702028e-05,25,10,0
15,8087,0.8748472676642272,5.088335689471829e-05,0.1250551629274592,4.668605141888176e-05,25,10,0
15,8088,0.8681632048339404,5.0882372469290496e-05,0.13174059281539263,4.531997819787689e-05,25,10,0
15,8089,0.8827502640145497,1.5874579979449894e-05,0.11718963344660954,4.422795886165816e-05,25,10,0
15,8090,0.870774581236625,1.601845060400721e-05,0.12694429953119588,0.002265100781575284,25,10,0
15,8091,0.8707022056176066,1.6018453032519344e-05,0.1270166752457275,0.002265100683633331,25,10,0
15,8092,0.8702056234474697,1.706010016769893e-05,0.12751193039769812,0.00226538605466439,25,10,0
15,8093,0.8704190809909522,1.7060145321990504e-05,0.12729842936432872,0.0022654294993969485,25,10,0
15,8094,0.8685175321950789,1.7060156656329794e-05,0.1291998856870439,0.002265521961220407,25,10,0
15,8095,0.8649979490332279,1.7052792285596147e-05,0.1327195128929536,0.00226548528153226,25,10,0
15,8096,0.8286542063131787,1.7106685547885046e-05,0.16906295352380007,0.002265733477472994,25,10,0
15,8097,0.8310441858620002,1.7102534603128137e-05,0.16667297722064384,0.0022657343827526895,25,10,0
15,8098,0.8662696124587391,1.5689789226984816e-05,0.13144770982429937,0.00226698792773462,25,10,0
15,8099,0.8660875573682894,1.5689205454731236e-05,0.13162710453323884,0.002269648893017107,25,10,0
15,8100,0.8546312952391459,1.570002146834088e-05,0.14306733409635922,0.0022856706430267994,25,10,0
15,8101,0.854146004909111,1.570002243331195e-05,0.1435526244095645,0.0022856706588915278,25,10,0
15,8102,0.8541994448693884,1.5703194499574238e-05,0.14349921310408253,0.0022856388320298317,25,10,0
15,8103,0.8410195077233412,1.570247680199605e-05,0.1566791533158098,0.0022856364840474455,25,10,0
15,8104,0.8418221094518207,1.5690052274156172e-05,0.15591492675065044,0.00224727374525513,25,10,0
15,8105,0.8662115573174815,1.5683934458104837e-05,0.13152285980154935,0.0022498989465114683,25,10,0
15,8106,0.9023877549591542,1.563998180593506e-05,0.09534692797732452,0.00224967708171586,25,10,0
15,8107,0.9292733232771845,1.5289431169173223e-05,0.06846326527689921,0.002248122014747703,25,10,0
15,8108,0.9295174051560743,1.4248783743619545e-05,0.06821502815006594,0.002253317910116624,25,10,0
15,8109,0.9085545961127682,6.741593825809535e-07,0.08919146135898495,0.002253268368865171,25,10,0
15,8110,0.9088963099206175,6.65914440716297e-07,0.08885233548715084,0.0022506886777916594,25,10,0
15,8111,0.9200836784672889,6.619379586375959e-07,0.0776044713540514,0.0023111882407019684,25,10,0
15,8112,0.9205823306467199,6.61007801515992e-07,0.07710591736582349,0.0023110909796560243,25,10,0
15,8113,0.9211792462837617,6.543402225302145e-07,0.07658552920029785,0.0022345701757189433,25,10,0
15,8114,0.9171689011839659,6.607066576270483e-07,0.08059342828019482,0.0022370098291827215,25,10,0
15,8115,0.9206607488729692,6.798661810764023e-07,0.07710155238022863,0.0022370188806218375,25,10,0
15,8116,0.9001881750204863,6.934230355612319e-07,0.0974676472405407,0.0023434843159383244,25,10,0
15,8117,0.9043087888577953,4.307115319907818e-07,0.09334729770241638,0.00234348272825764,25,10,0
15,8118,0.9080651398653008,4.2165039068741976e-07,0.0895909088415739,0.0023435296427360046,25,10,0
15,8119,0.9079423191146389,4.220547108280764e-07,0.08971372780640839,0.0023435310242433316,25,10,0
15,8120,0.9078332365205061,4.220803365196007e-07,0.08982280846989807,0.0023435329292607137,25,10,0
15,8121,0.9083285028526897,4.219656788746471e-07,0.08933024572952332,0.0023408294521092736,25,10,0
15,8122,0.8990769056254461,7.229923820606145e-06,0.09850922659039987,0.0024066378603345238,25,10,0
15,8123,0.8979097505864526,7.230122375389553e-06,0.09967633414498726,0.002406685146185427,25,10,0
15,8124,0.8980431502120318,7.230001598879663e-06,0.09954333656258076,0.0024062832237889036,25,10,0
15,8125,0.8979002022202208,7.230362260504205e-06,0.09968393136289701,0.002408636054622062,25,10,0
15,8126,0.9017650652356447,7.22927864680524e-06,0.09582143590154821,0.0024062695841606378,25,10,0
15,8127,0.9027666820860376,7.228269822204306e-06,0.09482520812383727,0.0024008815203029193,25,10,0
15,8128,0.9024675272406993,7.228083247597749e-06,0.09512436373050841,0.0024008809455449962,25,10,0
15,8129,0.886879471244334,7.2144128408526826e-06,0.11081877143005697,0.0022945429127685583,25,10,0
15,8130,0.8864811625111478,7.2141702445641014e-06,0.11121832639958854,0.0022932969190190854,25,10,0
15,8131,0.885042612277036,7.065550242283928e-06,0.11487671133228186,7.361084044009331e-05,25,10,0
15,8132,0.8671397828147197,7.676826279393435e-06,0.13277899446784294,7.354589115879413e-05,25,10,0
15,8133,0.8674055112900778,7.665703627677226e-06,0.13245626550055586,0.00013055750573948835,25,10,0
15,8134,0.8555079097891571,1.6177472394933973e-05,0.1443446927641969,0.00013121997425224926,25,10,0
15,8135,0.8520445982048319,1.8116389583554992e-05,0.147805856305363,0.00013142910022283992,25,10,0
15,8136,0.8360355978414485,1.8112859157338303e-05,0.16381491128249415,0.00013137801690100235,25,10,0
15,8137,0.8444982941743298,1.1304819442133071e-05,0.1554248302294441,6.557077678475234e-05,25,10,0
15,8138,0.8439097230834064,1.1594927229317005e-05,0.15379511964765485,0.0022835623417102506,25,10,0
15,8139,0.8381350357042782,1.7312833074612142e-05,0.1595655081234989,0.0022821433391492073,25,10,0
15,8140,0.8362986672671873,1.7309034129718867e-05,0.16139722231831438,0.0022868013803691275,25,10,0
15,8141,0.835365459105254,1.7309030820688513e-05,0.16233052635223136,0.0022867055116945613,25,10,0
15,8142,0.8358418523401694,1.7308999686608926e-05,0.16185406773364736,0.0022867709264971976,25,10,0
15,8143,0.8064580121087321,0.00017261356068669999,0.19034731962252763,0.003022054708055109,25,10,0
15,8144,0.8074071663948882,0.0001726132112938878,0.18939816529696085,0.003022055096858929,25,10,0
15,8145,0.8076068635399484,0.00017261302501441739,0.18919848304959744,0.0030220403854417004,25,10,0
15,8146,0.8011683325411508,0.00017284706850605308,0.1956301054686308,0.0030287149217141317,25,10,0
15,8147,0.8068493514186588,0.00016713364075456315,0.18995446196542037,0.0030290529751683315,25,10,0
15,8148,0.8224216723950939,0.00016732391028026925,0.1743801423579135,0.003030861336713742,25,10,0
15,8149,0.8218199635222757,0.00016733681651130572,0.17498155434230764,0.0030311453189065364,25,10,0
15,8150,0.8223050587441079,0.00016732393774088457,0.174496756412548,0.0030308609056044684,25,10,0
15,8151,0.7976464319872663,0.0003722447499508491,0.19894983448293538,0.003031488779848681,25,10,0
15,8152,0.7971747389884745,0.000372264561111351,0.19942141521718323,0.0030315812332320793,25,10,0
15,8153,0.8029044298646568,0.0003720334917054377,0.19375258105260612,0.0029709555910330965,25,10,0
15,8154,0.799297162025008,0.00037203106362209386,0.19736110096837328,0.0029697059429980026,25,10,0
15,8155,0.799669046755654,0.00037020528939023223,0.1969906965843501,0.002970051370606832,25,10,0
15,8156,0.7996012599107917,0.0003701950775032989,0.19706148146292193,0.0029670635487842436,25,10,0
15,8157,0.799575434878783,0.0003701915437984272,0.19708732685879357,0.0029670467186261457,25,10,0
15,8158,0.8000017040665531,0.0003701913375234352,0.19666103387019984,0.002967070725724707,25,10,0
15,8159,0.7980674714611891,0.000370192163345619,0.19859133432272102,0.0029710020527453883,25,10,0
15,8160,0.7980640333803705,0.0003701921639210815,0.19859477225374453,0.002971002201965045,25,10,0
15,8161,0.8257525975728153,0.00037019100575225254,0.17090622063577662,0.0029709907856563583,25,10,0
15,8162,0.8250803283683523,0.0003701995408964263,0.17157862598913667,0.0029708461016152775,25,10,0
15,8163,0.8290433021176582,0.0003701971301157739,0.167615676481985,0.002970824270241621,25,10,0
15,8164,0.8287291130199267,0.00037000643944363045,0.16793186448028702,0.0029690160603431854,25,10,0
15,8165,0.828387752135198,0.0003699966034534067,0.16823893055387792,0.003003320707471171,25,10,0
15,8166,0.8298336723078392,0.00036999573833732197,0.16679309198529804,0.0030032399685260293,25,10,0
15,8167,0.8286360391403126,0.00036999581597193224,0.1679800152052215,0.003013949838494605,25,10,0
15,8168,0.8323858793338875,0.0003697903674739019,0.1642323066997461,0.0030120235988927947,25,10,0
15,8169,0.8457930961020282,0.00036950027366830285,0.15304583217309342,0.0007915714512100117,25,10,0
15,8170,0.8457901170989784,0.00036950036570693775,0.15304881019205202,0.0007915723432625825,25,10,0
15,8171,0.84372095208505,0.0003695228834325366,0.15511784258536426,0.0007916824461532368,25,10,0
15,8172,0.8412388769858836,0.0003695217967327952,0.15754778047670018,0.0008438207406834067,25,10,0
15,8173,0.8408647207993455,0.00036952241025787596,0.15792181443134476,0.0008439423590515855,25,10,0
15,8174,0.8418315118931402,0.0003612520359542482,0.15693140116046506,0.0008758349104407387,25,10,0
15,8175,0.8403611175074889,0.00036123351693809945,0.15839773207826485,0.0008799168973085462,25,10,0
15,8176,0.8404755328647165,0.00036123376538174933,0.15828331727007663,0.0008799160998253366,25,10,0
15,8177,0.840469507695343,0.00036125559294067724,0.1582891791541393,0.0008800575575772275,25,10,0
15,8178,0.8271264246753265,0.0003613700958419058,0.17163005821791066,0.0008821470109214204,25,10,0
15,8179,0.8274939844137021,0.0003613700320004771,0.17129680570166378,0.0008478398526340344,25,10,0
15,8180,0.82449854502002,0.00036148498368193926,0.1742926353913485,0.0008473346049500775,25,10,0
15,8181,0.8378895512552065,0.0003613711187942464,0.16090373390809584,0.0008453437179034201,25,10,0
15,8182,0.8182703536154707,0.000361655698112985,0.1805213173712287,0.0008466733151883159,25,10,0
15,8183,0.8310047788452644,0.00036167554029533337,0.16778156959703444,0.0008519760174062842,25,10,0
15,8184,0.8373140064285773,0.00036144780194145165,0.16147258662865052,0.0008519591408307903,25,10,0
15,8185,0.8384926849553169,0.00036144780065953106,0.1602939147550278,0.0008519524889961087,25,10,0
15,8186,0.8449992687804443,0.00036087938166582295,0.1535768487139475,0.0010630031239427312,25,10,0
15,8187,0.8317833624252441,0.0003608796461637804,0.16679202833950277,0.0010637295890897022,25,10,0
15,8188,0.8317859780068037,0.0003608796461166716,0.16678941276343953,0.0010637295836404311,25,10,0
15,8189,0.826279301922563,0.0003610988056291803,0.17234649274962024,0.0010131065221878044,25,10,0
15,8190,0.8262256122804621,0.00036109887204414075,0.17240015401109332,0.001013134836400571,25,10,0
15,8191,0.8381597559593078,0.0003611559413551502,0.16046659031875865,0.0010124977805785432,25,10,0
15,8192,0.8383592110922332,0.0003611556755410246,0.16026716801602986,0.0010124652161959094,25,10,0
15,8193,0.8743999241377938,0.0003611595821464021,0.12422556201784106,0.001013354262219113,25,10,0
15,8194,0.8757395527097295,0.00036112217567019656,0.12288596690871666,0.0010133582058839664,25,10,0
15,8195,0.8860539886470725,0.00036088225011270966,0.11260113420952507,0.0009839948932900185,25,10,0
15,8196,0.8749879210802969,0.00036088302564990385,0.12366662877488625,0.0009845671191675523,25,10,0
15,8197,0.8421373837258522,0.00036091256982901526,0.1291175524476686,0.02838415125665073,25,10,0
15,8198,0.8414217798343625,0.00036092193882221576,0.12983186920822956,0.028385429018586383,25,10,0
15,8199,0.8352724947680101,0.0003629860366437162,0.13092350894049434,0.0334410102548526,25,10,0
15,8200,0.8597770755730929,0.0001580655906613807,0.10662447855788913,0.03344038027835742,25,10,0
15,8201,0.8597501360143763,0.00015806605441823183,0.10665123485145063,0.03344056307975561,25,10,0
15,8202,0.8597288981996318,0.0001580659921376275,0.10667250089916426,0.033440534909067066,25,10,0
15,8203,0.8538332502804572,3.5172650367537047e-06,0.11325703907004411,0.03290619338446141,25,10,0
15,8204,0.8738787801162167,3.2227384020899907e-06,0.09321325334893865,0.03290474379644192,25,10,0
15,8205,0.8745509041962094,3.212689289826796e-06,0.09254199419113383,0.032903888923366396,25,10,0
15,8206,0.8658214175214354,3.629676301058777e-06,0.10127324600806657,0.0329017067941962,25,10,0
15,8207,0.8668227896748206,3.6094795538567494e-06,0.10027719844333326,0.032896402402291886,25,10,0
15,8208,0.864728407681535,3.6137524420089697e-06,0.1023717537314581,0.03289622483456417,25,10,0
15,8209,0.8745049250723756,3.196043877962194e-06,0.09259757739771474,0.03289430148603121,25,10,0
15,8210,0.8810431126967303,3.1986726406168495e-06,0.08600390123400685,0.0329497873966227,25,10,0
15,8211,0.8795174968176331,3.2031415351918643e-06,0.08758560809857052,0.032893691942261154,25,10,0
15,8212,0.8816957543823469,3.199187200996497e-06,0.08540735595940807,0.032893690471044616,25,10,0
15,8213,0.8816998681636364,3.204510525017721e-06,0.08540320476885943,0.03289372255697963,25,10,0
15,8214,0.884058754905666,3.203566355845342e-06,0.08304827739163179,0.03288976413634693,25,10,0
15,8215,0.8848644045450546,4.024699581919391e-06,0.08224180383625096,0.03288976691911227,25,10,0
15,8216,0.8908444811739735,3.801643080311647e-06,0.07621356932781641,0.03293814785512955,25,10,0
15,8217,0.890638366089447,3.8083676659143066e-06,0.0764195646606854,0.03293826088220145,25,10,0
15,8218,0.8862873898535678,4.0150627177538145e-06,0.08077029476444762,0.03293830031926675,25,10,0
15,8219,0.8826912070394021,3.971687433761025e-06,0.0845746274905867,0.032730193782576605,25,10,0
15,8220,0.8710981691985235,3.985134222425492e-06,0.0961680974833894,0.032729748183863525,25,10,0
15,8221,0.8686661305431413,3.981828870473659e-06,0.09864905866913479,0.032680828958852375,25,10,0
15,8222,0.8664468305108719,3.991538137531497e-06,0.10107036648516232,0.032478811465828164,25,10,0
15,8223,0.8661687406134494,3.992697858548976e-06,0.10134837962690706,0.032478887061784666,25,10,0
15,8224,0.8644911967986516,3.979389374351433e-06,0.10302596583659442,0.032478857975379284,25,10,0
15,8225,0.8647041986053307,3.9724207806844135e-06,0.10281308331008729,0.03247874566380102,25,10,0
15,8226,0.8658926529717665,3.972316482610916e-06,0.10163534039801657,0.0324680343137336,25,10,0
15,8227,0.8666890635818758,3.1512458862236826e-06,0.100839805430619,0.032467979741618296,25,10,0
15,8228,0.8728885670074179,1.056589535332718e-06,0.09911424720328851,0.02799612919975794,25,10,0
15,8229,0.8734588371335517,1.056103080159007e-06,0.098544097970036,0.027996008793332305,25,10,0
15,8230,0.8698714482433237,1.0604703789444226e-06,0.10213016093079284,0.027997330355504495,25,10,0
15,8231,0.8652171463936305,1.410761188382551e-06,0.10674970419864965,0.028031738646531662,25,10,0
15,8232,0.8653546009632498,1.4107229625417796e-06,0.10661227343771167,0.028031714876075822,25,10,0
15,8233,0.865127417003906,1.4137219610676689e-06,0.1068394121338198,0.02803175714031297,25,10,0
15,8234,0.8644387170229703,1.411881402353699e-06,0.10752913040726136,0.02803074068836556,25,10,0
15,8235,0.8652355643293255,1.4168510164637242e-06,0.10673143269648092,0.02803158612317673,25,10,0
15,8236,0.8520047508577727,1.4175597366860838e-06,0.11996190998403504,0.028031921598455186,25,10,0
15,8237,0.8514267713760981,1.6451233005531173e-06,0.12053855729073765,0.02803302620986329,25,10,0
15,8238,0.8419176942774727,1.9145154558622447e-06,0.13004610392443333,0.028034287282637894,25,10,0
15,8239,0.8413087833111937,1.898640189413482e-06,0.13065007037364654,0.02803924767496967,25,10,0
15,8240,0.803824101816576,1.8991160701341906e-06,0.16792970825339715,0.028244290813955585,25,10,0
15,8241,0.799875283514962,1.9038138693507975e-06,0.17187849914887415,0.02824431352229363,25,10,0
15,8242,0.8228437504152366,1.9105304469361902e-06,0.17360680732830033,0.0035475317260149886,25,10,0
15,8243,0.8100117887652456,1.9101153780405147e-06,0.18643879514689318,0.0035475059724825175,25,10,0
15,8244,0.8100081188795908,1.910177322988678e-06,0.1864424401877235,0.0035475307553621705,25,10,0
15,8245,0.8104691113196636,1.9048646864774597e-06,0.18598148443650492,0.0035474993791446796,25,10,0
15,8246,0.8110501778687476,1.917723614262333e-06,0.1854004237481532,0.0035474806594843256,25,10,0
15,8247,0.7952948279402218,1.9177360865254464e-06,0.20115571173410354,0.003547542589588,25,10,0
15,8248,0.8109162016064565,1.917808350307518e-06,0.18553437731632416,0.003547503268868366,25,10,0
15,8249,0.814666219625487,1.6049805530865799e-06,0.1818191585588952,0.0035130168350639974,25,10,0
15,8250,0.814257053639032,1.604917753681474e-06,0.18222834785701095,0.003512993586202609,25,10,0
15,8251,0.8140061967107873,1.6050739843535327e-06,0.18247919474584492,0.003513003469383828,25,10,0
15,8252,0.8192350351201833,1.4034872105146544e-06,0.17725059816353184,0.0035129632290746148,25,10,0
15,8253,0.816857869446238,1.447613610518159e-06,0.17962750045943385,0.0035131824807180636,25,10,0
15,8254,0.8173698010239621,1.4276643875490332e-06,0.17911568238003628,0.003513088931614689,25,10,0
15,8255,0.8146497876753694,1.4332673026642842e-06,0.18512294022233927,0.00022583883498969456,25,10,0
15,8256,0.8030440104484273,1.2200770763182746e-06,0.1967298096295073,0.00022495984498966095,25,10,0
15,8257,0.8098993299053434,1.2119296523728978e-06,0.18987455745437518,0.0002249007106297964,25,10,0
15,8258,0.8088191212793351,1.151209816813462e-05,0.19089781815446355,0.00027154846803398004,25,10,0
15,8259,0.8088257227432183,1.1512091365705082e-05,0.19089121868051084,0.00027154648490574913,25,10,0
15,8260,0.8088955914520634,1.1507066647776003e-05,0.19082133115047228,0.0002715703308173281,25,10,0
15,8261,0.8091423956236027,1.1506914253002944e-05,0.1905745361222367,0.00027156133990847926,25,10,0
15,8262,0.7932806756034897,1.1529734204032013e-05,0.20643612544702938,0.0002716692152772341,25,10,0
15,8263,0.7942694641335218,1.1529174466269882e-05,0.20545213809032195,0.00026686860169009127,25,10,0
15,8264,0.77757508095385,1.152864333214693e-05,0.2221466556770589,0.00026673472575892797,25,10,0
15,8265,0.7882255029180341,1.1528840835256699e-05,0.21149440258940003,0.00026856565173085273,25,10,0
15,8266,0.8026018850251738,1.220690082324015e-06,0.197177465354533,0.0002194289302112382,25,10,0
15,8267,0.8006848969093512,1.2210014125844416e-06,0.19908732160223747,0.00022656048699912616,25,10,0
15,8268,0.7967979937247326,1.2249031975037173e-06,0.20291241113449923,0.0002883702375709958,25,10,0
15,8269,0.7961441595725068,1.4733511648908714e-06,0.2035646282159733,0.00028973886035527156,25,10,0
15,8270,0.8062420128244895,1.4792568151346576e-06,0.19367007875011352,8.642916858185534e-05,25,10,0
15,8271,0.8114080188017703,1.479009695708845e-06,0.18850509908943514,8.54030990992341e-05,25,10,0
15,8272,0.8127623883685223,1.4439148741850841e-06,0.18715080612507698,8.536159152656113e-05,25,10,0
15,8273,0.8141165744050625,1.4577884245277165e-06,0.18558524875100693,0.0002967190555064129,25,10,0
15,8274,0.8179543149279368,1.453284420705177e-06,0.18174753510802436,0.0002966966796188929,25,10,0
15,8275,0.8293782379467578,1.4405429004107311e-06,0.17053493711961903,8.538439072284109e-05,25,10,0
15,8276,0.8445001505787006,1.4323837066231122e-06,0.15541299902156117,8.541801603161973e-05,25,10,0
15,8277,0.8468010271332416,1.3886070236666142e-06,0.1531122510868108,8.533317292401664e-05,25,10,0
15,8278,0.8589900815596414,1.3742332384961207e-06,0.14092343669051025,8.510751660978473e-05,25,10,0
15,8279,0.8571274131359518,1.394015893223611e-06,0.14278093604640457,9.025680175046288e-05,25,10,0
15,8280,0.8568243942756267,1.4036810337647315e-06,0.1430826097620418,9.15922812977964e-05,25,10,0
15,8281,0.8563346320375189,1.4033346521025487e-06,0.14357250508799063,9.145953983846223e-05,25,10,0
15,8282,0.8719513840078182,1.4119881473436771e-06,0.12795876223243074,8.844177160385708e-05,25,10,0
15,8283,0.8720353769236222,1.6950958342856464e-06,0.127798211375991,0.00016471660455276242,25,10,0
15,8284,0.872547645884281,1.4107639584517547e-06,0.12736256890774755,8.837444401315154e-05,25,10,0
15,8285,0.8735016445214607,1.3715769048003631e-06,0.12640585473602248,9.112916561221082e-05,25,10,0
15,8286,0.8729037486188131,1.3924800044121731e-06,0.1270034535792207,9.140532196215536e-05,25,10,0
15,8287,0.8832645291862178,2.443599154897979e-06,0.11636149974542884,0.0003715274691983236,25,10,0
15,8288,0.8810748815714602,2.492183707231979e-06,0.11854654205722931,0.0003760841876031079,25,10,0
15,8289,0.8806843653659697,2.492182943909712e-06,0.11893703520165229,0.00037610724943383127,25,10,0
15,8290,0.8803254103036917,2.4859246991722942e-06,0.119292294782143,0.00037980898946595636,25,10,0
15,8291,0.8810141930699341,2.471893086290358e-06,0.11860366582646703,0.00037966921051247747,25,10,0
15,8292,0.884842834566055,2.4728031422126815e-06,0.11477635400345694,0.00037833862734592476,25,10,0
15,8293,0.8727810178599396,2.4725094832306393e-06,0.12684534966925481,0.00037115996132280356,25,10,0
15,8294,0.8717498614664269,2.4729065965887504e-06,0.1278690509480406,0.0003786146789363551,25,10,0
15,8295,0.847372171228061,3.233649277970251e-06,0.15224714971535044,0.00037744540731028393,25,10,0
15,8296,0.8733135515373351,3.825095342882708e-06,0.12630403832484594,0.00037858504247636614,25,10,0
15,8297,0.8733076197453342,3.81995590717547e-06,0.12630998130547438,0.00037857899328468255,25,10,0
15,8298,0.8733153567161216,3.805679455829921e-06,0.12630623310224517,0.00037460450217765786,25,10,0
15,8299,0.8727046765078252,3.8078410517839156e-06,0.12691681268685512,0.00037470296426805736,25,10,0
15,8300,0.8705620307347278,4.132037489642686e-06,0.12897475560781413,0.00045908161996885833,25,10,0
15,8301,0.867888328910302,4.1153760318291305e-06,0.13165365676639768,0.0004538989472689257,25,10,0
15,8302,0.8691333983644023,3.519756872661797e-06,0.13041125846203544,0.0004518234166899656,25,10,0
15,8303,0.8699112472303092,2.7606657055315895e-06,0.12963765824905416,0.00044833385493064074,25,10,0
15,8304,0.8691017708215175,2.76067154024334e-06,0.1304469468750814,0.00044852163186061907,25,10,0
15,8305,0.8681104184108674,2.7594934509085955e-06,0.13143819695456485,0.0004486251411163711,25,10,0
15,8306,0.8726633770018314,2.757991009984649e-06,0.12688525202246478,0.00044861298469348624,25,10,0
15,8307,0.8646904306449599,3.192640004612653e-06,0.13485575156802146,0.0004506251470135625,25,10,0
15,8308,0.8480783138283157,3.8191263829842e-06,0.15146430718510434,0.00045355986019641526,25,10,0
15,8309,0.8372141880811758,4.127306446660699e-06,0.1616250459970477,0.0011566386153293022,25,10,0
15,8310,0.8376103838647566,4.127247855604885e-06,0.16122886606738146,0.001156622820005709,25,10,0
15,8311,0.8376850425891864,4.131350298106699e-06,0.16115692556344008,0.0011539004970749947,25,10,0
15,8312,0.8400691076969248,4.075709958533676e-06,0.15877831917912968,0.0011484974139865961,25,10,0
15,8313,0.8399025908785727,4.075498962995405e-06,0.15894486099358032,0.0011484726288836346,25,10,0
15,8314,0.8752490574500869,2.7581979623944134e-06,0.1243008438559107,0.0004473404960399191,25,10,0
15,8315,0.8719788770189788,2.7492858752833454e-06,0.12756981268882625,0.00044856100631934846,25,10,0
15,8316,0.88902638841249,2.122804980366905e-06,0.11052586194713072,0.0004456268353985376,25,10,0
15,8317,0.8883553044121842,2.123941594202007e-06,0.11119686616336676,0.0004457054828544928,25,10,0
15,8318,0.8951950490531867,2.1249147154362286e-06,0.10442078201009189,0.0003820440220057739,25,10,0
15,8319,0.8970305050604516,1.8071632903939447e-06,0.10266996217042532,0.0002977256058324706,25,10,0
15,8320,0.8975483532076525,1.8074730817936226e-06,0.10215956586260305,0.00029027345666242355,25,10,0
15,8321,0.8967902521706457,1.8274126991964679e-06,0.10291763920914551,0.0002902812075094754,25,10,0
15,8322,0.9107597513760242,1.8270942296197844e-06,0.08894814215570608,0.00029027937403989644,25,10,0
15,8323,0.9109470652465309,1.8271604687830985e-06,0.08876082902703036,0.00029027856596962695,25,10,0
15,8324,0.9101998720034952,1.8215515624263459e-06,0.08936200343544072,0.0004363030095015624,25,10,0
15,8325,0.9105635811931079,1.8211900139141988e-06,0.08899848179049577,0.0004361158263820995,25,10,0
15,8326,0.9120319525444007,1.8203009951509202e-06,0.08753031256279599,0.0004359145918078584,25,10,0
15,8327,0.8895514721597838,1.818099449185082e-06,0.11001154786428458,0.00043516187648156006,25,10,0
15,8328,0.9142834909216201,1.3832249753538946e-06,0.08528203772950098,0.00043308812390335354,25,10,0
15,8329,0.9159605492846875,3.3172227677591e-07,0.08388648397129053,0.00015263502174470335,25,10,0
15,8330,0.9058107077263355,3.869350400056731e-07,0.09403613891109068,0.00015276642753296027,25,10,0
15,8331,0.9096096804722511,3.8681077228602397e-07,0.09023831414012282,0.00015161857685298135,25,10,0
15,8332,0.8984689567738924,3.872533629306174e-07,0.1013807663870185,0.00014988958572576786,25,10,0
15,8333,0.8979849546434897,3.869050029258647e-07,0.10186477127429736,0.0001498871772095369,25,10,0
15,8334,0.8875523396621824,3.8200769239063535e-07,0.1122398868403451,0.00020739148977931793,25,10,0
15,8335,0.887640102915011,3.8303998168139344e-07,0.11215213056637921,0.00020738347862730107,25,10,0
15,8336,0.8869843356446981,3.834082384349869e-07,0.11280422733129622,0.00021105361576637897,25,10,0
15,8337,0.8869897792631298,3.8346611560627783e-07,0.11279878320273096,0.0002110540680231009,25,10,0
15,8338,0.9114823383686955,3.788194631228258e-07,0.08830549240942723,0.0002117904024142095,25,10,0
15,8339,0.9114866224982631,3.787575896197085e-07,0.08830120892443433,0.00021178981971309684,25,10,0
15,8340,0.9201727300191663,1.0668812590626239e-07,0.07961667573217329,0.00021048756053439806,25,10,0
15,8341,0.9196908782944874,1.0669139373668488e-07,0.08009852439466841,0.0002104906194500702,25,10,0
15,8342,0.9123061848965286,1.1709430040538394e-07,0.08735647692780381,0.00033722108136686975,25,10,0
15,8343,0.908413775435027,4.5839739992634267e-07,0.09120280702169443,0.00038295914587823385,25,10,0
15,8344,0.9084459388879514,4.5835666433373676e-07,0.09117064436107192,0.0003829583943116875,25,10,0
15,8345,0.9093878051447294,4.5798794663474833e-07,0.09022878185750044,0.0003829550098233972,25,10,0
15,8346,0.9100928552562797,4.569288269407331e-07,0.08952379081675221,0.0003828969981407314,25,10,0
15,8347,0.9097325634798357,4.570577926633932e-07,0.0898841043264182,0.0003828751359531423,25,10,0
15,8348,0.9097778303711229,4.5182184791142657e-07,0.08983886770140477,0.0003828501056241125,25,10,0
15,8349,0.9100258152958791,4.884470790615733e-07,0.08959430924833964,0.00037938700870193833,25,10,0
15,8350,0.9096313388066706,4.887396283239321e-07,0.08998874928197105,0.00037942317173006825,25,10,0
15,8351,0.9234619719224075,4.905425037524164e-07,0.0761576364957453,0.00037990103934386316,25,10,0
15,8352,0.8852480821124493,4.904664577118102e-07,0.11437152467610481,0.0003799027449882664,25,10,0
15,8353,0.8795404941770569,4.905653809594426e-07,0.12007913679545515,0.0003798784621072816,25,10,0
15,8354,0.8795059160682253,4.85214462549656e-07,0.12011374503664145,0.00037985368067103336,25,10,0
15,8355,0.8553982359246174,5.152936818334564e-07,0.14435923039511553,0.00024201838658536836,25,10,0
15,8356,0.8554366846060248,5.156101602259951e-07,0.1443207821838582,0.00024201759995675913,25,10,0
15,8357,0.8807802048029688,4.848213253366685e-07,0.11898556173967302,0.00023374863603277084,25,10,0
15,8358,0.872729264758192,8.43321631225871e-07,0.1269874893956977,0.0002824025244788828,25,10,0
15,8359,0.8730925833243995,8.06671493903415e-07,0.1266244195977454,0.0002821904063611624,25,10,0
15,8360,0.8509287583184983,7.973941693592934e-07,0.14878733369317856,0.0002831105941537348,25,10,0
15,8361,0.840127301460914,1.0263593282034555e-05,0.15953340880458078,0.00032902614122368835,25,10,0
15,8362,0.8396701455587445,1.02731803790938e-05,0.15998591621503802,0.0003336650458390544,25,10,0
15,8363,0.8618602652641346,1.0273171021077753e-05,0.13779584174568005,0.00033361981916489315,25,10,0
15,8364,0.8701230242094866,9.914885978015875e-06,0.12958209547720656,0.00028496542732907396,25,10,0
15,8365,0.8555389621271217,1.0199272844555046e-05,0.1441269930363099,0.0003238455637240294,25,10,0
15,8366,0.8933840857545223,1.0199289040549175e-05,0.10628186299679934,0.00032385195963753345,25,10,0
15,8367,0.8929695652046559,1.0199284751976976e-05,0.10669636024557634,0.000323875265015493,25,10,0
15,8368,0.8916559123128774,1.0190675110767102e-05,0.10801448478223227,0.00031941222977931275,25,10,0
15,8369,0.9021822407310163,7.243602981663894e-07,0.09746550181383601,0.0003515330948494588,25,10,0
15,8370,0.8918040251578105,7.281849429109073e-07,0.10784266829101,0.00035257836623626694,25,10,0
15,8371,0.8920474437566444,7.279633751632845e-07,0.1075992526185667,0.000352575661413486,25,10,0
15,8372,0.903702707253711,7.273580023665215e-07,0.09594443040140205,0.0003521349868847349,25,10,0
15,8373,0.9020355175215033,7.357862522599331e-07,0.09761097801571324,0.0003527686765312391,25,10,0
15,8374,0.9021297818504886,7.357785645185562e-07,0.09751669603587475,0.0003527863350720827,25,10,0
15,8375,0.9067534684126192,3.984842131084085e-07,0.09293906530224479,0.00030706780092300257,25,10,0
15,8376,0.9168529395365194,3.9509743480600976e-07,0.08284010390639052,0.00030656145965542365,25,10,0
15,8377,0.9166566816935794,3.9456526444931635e-07,0.0830369024157922,0.00030602132536408053,25,10,0
15,8378,0.9189347964292404,3.9851633178794263e-07,0.08075876141369594,0.00030604364073164204,25,10,0
15,8379,0.9184380133342066,3.9852438439305835e-07,0.08125544904435404,0.00030613909705471987,25,10,0
15,8380,0.9407605043839823,4.0304886164367674e-07,0.058935208970902,0.0003038835962541729,25,10,0
15,8381,0.9412430267815559,4.0338722001629256e-07,0.05845268451288927,0.0003038853183348579,25,10,0
15,8382,0.9400960803914803,4.0376453406076587e-07,0.05959944486576582,0.0003040709782196943,25,10,0
15,8383,0.9292908440834766,7.623184873980372e-07,0.07040255161893867,0.000305841979097102,25,10,0
15,8384,0.9288498598590961,7.63739884066864e-07,0.07084280952595017,0.00030656687506954816,25,10,0
15,8385,0.9293233259632325,7.638350894860838e-07,0.07036934069536832,0.0003065695063095625,25,10,0
15,8386,0.9283952192164897,7.803358654740119e-07,0.07129316286024798,0.00031083758739635785,25,10,0
15,8387,0.9271284492848118,7.820206616673656e-07,0.07255992285329509,0.00031084584123110335,25,10,0
15,8388,0.9264671445356282,8.110539325761691e-07,0.07322122017285614,0.0003108242375825898,25,10,0
15,8389,0.9223868806092201,1.1661706876436375e-05,0.07723904842017493,0.000362409263727779,25,10,0
15,8390,0.9227916870508373,1.1660445765425782e-05,0.07683498501235579,0.0003616674910409663,25,10,0
15,8391,0.9257645983948234,1.1662776997635282e-05,0.07374749982268136,0.0004762390054970922,25,10,0
15,8392,0.9160874882987364,1.200051775250321e-05,0.08333136793653619,0.0005691432469747416,25,10,0
15,8393,0.9170601873824039,1.1971808624522638e-05,0.08235872234184076,0.0005691184671309138,25,10,0
15,8394,0.9170698793123704,1.1971694216575599e-05,0.08234904038503331,0.0005691086083796938,25,10,0
15,8395,0.9175309709403148,1.197136134537379e-05,0.0818879453893204,0.000569112309019499,25,10,0
15,8396,0.8858874583738173,1.1985246062264597e-05,0.1135357385659489,0.0005648178141717379,25,10,0
15,8397,0.8588260421988869,1.423533021699799e-05,0.1405962704029731,0.0005634520679223945,25,10,0
15,8398,0.8589935628368334,1.4235268427774527e-05,0.1405067570292246,0.0004854448655139032,25,10,0
15,8399,0.8578076319862822,0.003360246985064686,0.13834583664923117,0.00048628437942155686,25,10,0
15,8400,0.8587177344839391,0.00336026621134898,0.1374356227881641,0.0004863765165473541,25,10,0
15,8401,0.8673671091320634,0.0033601645296149818,0.12745870318861274,0.001814023149708238,25,10,0
15,8402,0.865372744659914,0.003361265941758864,0.12945196062483869,0.0018140287734877962,25,10,0
15,8403,0.8719287153867268,0.0033612657492172525,0.1229522652798407,0.0017577535842148151,25,10,0
15,8404,0.8717747034317811,0.003361260727430047,0.12321023852142612,0.0016537973193622457,25,10,0
15,8405,0.882404999877702,0.0033623392531642103,0.1125735983632371,0.001659062505896365,25,10,0
15,8406,0.8827093332387601,0.0033623183993485004,0.11226937852241681,0.001658969839474305,25,10,0
15,8407,0.8813040895268126,0.003362331025702661,0.11367453480101941,0.001659044646464902,25,10,0
15,8408,0.8756416112233047,0.0033623391092699574,0.11933695296571196,0.0016590967017128153,25,10,0
15,8409,0.875780597899264,0.0033623340905183847,0.11919794787463828,0.0016591201355791274,25,10,0
15,8410,0.8759036724899475,0.003362334255200321,0.1190762453975564,0.0016577478572956078,25,10,0
15,8411,0.8652783492092329,0.003362337965884056,0.12970171351659557,0.0016575993082871881,25,10,0
15,8412,0.8652948893317892,0.0033623376356567577,0.1296851750016614,0.001657598030892713,25,10,0
15,8413,0.8641310583182924,0.003361222518627321,0.13085488734751277,0.0016528318155675306,25,10,0
15,8414,0.8781677374090893,1.6784307784101893e-05,0.12016350110678826,0.0016519771763382214,25,10,0
15,8415,0.855578654721335,1.6792818093723852e-05,0.14275033462893474,0.0016542178316362938,25,10,0
15,8416,0.8828290618108787,1.420012311465238e-05,0.1154987217108655,0.0016580163551408816,25,10,0
15,8417,0.8472268450729931,1.497656904678071e-05,0.13948633059672041,0.013271847761239994,25,10,0
15,8418,0.8545536853400448,1.4964361650520977e-05,0.13228623648000876,0.01314511381829613,25,10,0
15,8419,0.8654052580379552,1.4948747169581615e-05,0.12143687783138125,0.013142915383494005,25,10,0
15,8420,0.8650123503713654,1.4948766372236027e-05,0.121829781872401,0.013142918989861717,25,10,0
15,8421,0.8651902030174231,1.4943600930608984e-05,0.12165193427509058,0.013142919106556001,25,10,0
15,8422,0.9007573597393277,1.4171083420904062e-05,0.09764174462425125,0.0015867245530000683,25,10,0
15,8423,0.9018870365269318,1.4162892012060957e-05,0.09651097149167194,0.0015878290893841004,25,10,0
15,8424,0.900774113777919,1.4386959005850508e-05,0.09756567966472698,0.0016458195983477244,25,10,0
15,8425,0.9014868901117494,1.4387114504768038e-05,0.09685278628872637,0.001645936485019076,25,10,0
15,8426,0.9005034202867434,1.4406632051427476e-05,0.0978310259416195,0.001651147139585115,25,10,0
15,8427,0.9008130868194705,1.4406264377235813e-05,0.09752136197992035,0.0016511449362310083,25,10,0
15,8428,0.9172116252224459,1.3007066235101675e-05,0.0810570669891085,0.0017183007222096108,25,10,0
15,8429,0.9134318520632506,1.3159050772836118e-05,0.08490391663206127,0.0016510722539146137,25,10,0
15,8430,0.9153639380749259,1.3139529796815765e-05,0.0829770629018668,0.0016458594934098136,25,10,0
15,8431,0.9154207197005226,1.313945801277487e-05,0.0829202817061866,0.0016458591352772522,25,10,0
15,8432,0.9156774056030101,1.3139185012918403e-05,0.08266562198643701,0.0016438332255393482,25,10,0
15,8433,0.9094537261506255,4.850387161485414e-05,0.08891175761657627,0.0015860123611827481,25,10,0
15,8434,0.9078945211746037,4.8527035726797414e-05,0.09014879945551592,0.001908152334153035,25,10,0
15,8435,0.911509338635226,4.8527386749955105e-05,0.08653415474873198,0.0019079792292917255,25,10,0
15,8436,0.9169948863093947,4.834467161023724e-05,0.082415413925948,0.0005413550930468389,25,10,0
15,8437,0.9229413795287992,3.748921207966556e-05,0.07653199357836604,0.0004891376807553654,25,10,0
15,8438,0.9234580646920592,3.748920413586086e-05,0.0760153092851486,0.000489136818656681,25,10,0
15,8439,0.9232942287785548,3.748911267991383e-05,0.07617915443483908,0.0004891276739264702,25,10,0
15,8440,0.9327717281118098,3.716608134551232e-05,0.06679489705474372,0.0003962087521013961,25,10,0
15,8441,0.932884586061964,3.716599679505753e-05,0.06668199950018149,0.00039624844105987697,25,10,0
15,8442,0.9327547567693221,3.716600141983127e-05,0.06681182878985982,0.00039624843939876323,25,10,0
15,8443,0.9324958365327387,3.716608189698097e-05,0.0670707488142646,0.0003962485711000429,25,10,0
15,8444,0.9411276861632162,3.7913924978622736e-05,0.058238778721849196,0.0005956211899564832,25,10,0
15,8445,0.9159694395652568,2.3261259076830526e-06,0.08343270753669467,0.0005955267721413513,25,10,0
15,8446,0.9293511205965552,1.570159085658236e-06,0.07025328860779315,0.0003940206365663223,25,10,0
15,8447,0.9073273884718926,1.5781272727532895e-06,0.09215189382471797,0.0005191395761170206,25,10,0
15,8448,0.8905890053311356,1.5895679259910245e-06,0.10888723492590932,0.0005221701750301096,25,10,0
15,8449,0.8727611869305818,1.6406824413182396e-06,0.12671325363775154,0.0005239187492257499,25,10,0
15,8450,0.8538987065109318,2.2198674231343223e-06,0.14541526026863102,0.0006838133530145678,25,10,0
15,8451,0.8764631736514683,2.211585609526897e-06,0.12297603195170645,0.0005585828112162898,25,10,0
15,8452,0.8767360243270477,2.2114909623129375e-06,0.12270318309784839,0.0005585810841421959,25,10,0
15,8453,0.8912713959280891,2.1614187987923637e-06,0.10816939959225584,0.000557043060857573,25,10,0
15,8454,0.8745871997833728,2.475470170949337e-06,0.12485321813743455,0.0005571066090224623,25,10,0
15,8455,0.9071429126334027,2.474426309360507e-06,0.09229760583522488,0.0005570071050638603,25,10,0
15,8456,0.904303349846863,2.4758846940613485e-06,0.0951363222817119,0.0005578519867316077,25,10,0
15,8457,0.9045472053710855,2.477649917453257e-06,0.09489246403024403,0.0005578529487535265,25,10,0
15,8458,0.9039588631475223,2.477954472524743e-06,0.09547535791381366,0.0005633009841917709,25,10,0
15,8459,0.9228703102265373,1.8983904370235401e-06,0.07672438849353563,0.0004034028894900284,25,10,0
15,8460,0.900675658640307,1.8879284297580594e-06,0.09892207617633612,0.00040037725492758305,25,10,0
15,8461,0.8883057716220252,2.06326331677651e-06,0.11129068226298722,0.00040148285167145546,25,10,0
15,8462,0.8986512703826122,2.077479404615472e-06,0.10094039869619838,0.0004062534417852865,25,10,0
15,8463,0.9006005372233858,2.287697636025412e-06,0.09899041425767115,0.00040676082130755917,25,10,0
15,8464,0.9062825119530378,2.2796263391287804e-06,0.09330849835798066,0.0004067100626424358,25,10,0
15,8465,0.9059966360546512,2.2818154722714102e-06,0.09354670577367759,0.00045437635619896685,25,10,0
15,8466,0.9017992957481995,9.018273920644933e-06,0.09771014933392964,0.0004815366439505996,25,10,0
15,8467,0.9022775258630434,7.917501168325051e-06,0.0972298118466577,0.0004847447891307384,25,10,0
15,8468,0.8677710009174703,7.942633175036742e-06,0.13174175458106643,0.00047930186828913743,25,10,0
15,8469,0.8671685891288715,8.123359707514981e-06,0.1322961183591879,0.0005271691522341787,25,10,0
15,8470,0.8674346269252265,8.119095038585754e-06,0.13203131209869928,0.0005259418810363031,25,10,0
15,8471,0.8616899397551734,3.101869497963678e-05,0.13775122184562785,0.00052781970421975,25,10,0
15,8472,0.8614140617216591,3.101878659160575e-05,0.13802709977540328,0.0005278197163468703,25,10,0
15,8473,0.8616893768006568,3.101873305719803e-05,0.13775175952925572,0.0005278449370311524,25,10,0
15,8474,0.8393561207169447,3.8319810096373965e-05,0.16004347964559648,0.0005620798273616772,25,10,0
15,8475,0.8406220563258762,3.829729907335633e-05,0.1590997099196475,0.0002399364554025328,25,10,0
15,8476,0.834620339344832,3.8418898839213485e-05,0.1651589180828044,0.0001823236735234178,25,10,0
15,8477,0.8328959223541471,3.8401962459745196e-05,0.16688334847578176,0.00018232720761012658,25,10,0
15,8478,0.8362005982540436,3.839921503015687e-05,0.1636265361642652,0.00013446636666014655,25,10,0
15,8479,0.8371262745254284,3.827408677291374e-05,0.16269994195509774,0.00013550943269980512,25,10,0
15,8480,0.8371384102720549,3.827407975532141e-05,0.1626878458552653,0.0001354697929236749,25,10,0
15,8481,0.8322385563179373,3.8503191271509746e-05,0.1675861090616583,0.0001368314291318751,25,10,0
15,8482,0.836552598492363,3.176673659863986e-05,0.16330596316983104,0.0001096716012063922,25,10,0
15,8483,0.8367531710235295,3.176633365435216e-05,0.1631053787773189,0.0001096838654961433,25,10,0
15,8484,0.8367943671506913,3.1551796373510834e-05,0.16306551454047508,0.00010856651245907248,25,10,0
15,8485,0.8369248449489461,3.155145277203803e-05,0.16293508553979305,0.0001085180584876901,25,10,0
15,8486,0.8360457844074887,3.155205807214229e-05,0.1638140545783945,0.00010860895604366206,25,10,0
15,8487,0.8363083829867933,3.1558904189207345e-05,0.16356207190319164,9.798620582438582e-05,25,10,0
15,8488,0.8348579637068552,3.1559495480016954e-05,0.16500738123371061,0.00010309556395276863,25,10,0
15,8489,0.829934901190217,3.155954999788059e-05,0.16993042520629012,0.00010311405349367253,25,10,0
15,8490,0.8285042116421402,3.157449458592897e-05,0.1711271400812505,0.00033707378202234544,25,10,0
15,8491,0.828393456776907,3.1574548644052945e-05,0.17123789764094974,0.00033707103349805376,25,10,0
15,8492,0.8384849044456683,9.496395092806846e-06,0.16116747241562476,0.0003381267436129945,25,10,0
15,8493,0.8604258537301045,2.1935655925446546e-06,0.13926806070507078,0.0003038919992317265,25,10,0
15,8494,0.8989979980426616,2.192680486937709e-06,0.10069456727451957,0.0003052420023315167,25,10,0
15,8495,0.9112041316544237,2.0176187376036694e-06,0.08848831364164869,0.00030553708518990373,25,10,0
15,8496,0.8938831777953569,2.040718545476304e-06,0.10580604299956402,0.0003087384865330838,25,10,0
15,8497,0.8927438307446518,2.0414287842805173e-06,0.1069418218689759,0.000312305957587119,25,10,0
15,8498,0.8946564962592869,2.0515332834033447e-06,0.1050290533385392,0.0003123988688896668,25,10,0
15,8499,0.8943816769162293,2.056525304505664e-06,0.10530211232207753,0.0003141542363879256,25,10,0
15,8500,0.8955818222120506,2.0560587796999603e-06,0.10410553340167666,0.00031058832749213805,25,10,0
15,8501,0.9292881941274236,2.0313798959584933e-06,0.07017758472066342,0.0005321897720170145,25,10,0
15,8502,0.918292397555863,2.2080390532318375e-06,0.08117638980271492,0.0005290046023691538,25,10,0
15,8503,0.9287051292816115,1.2192927350478516e-06,0.07076627965362642,0.0005273717720270248,25,10,0
15,8504,0.929876980130034,1.2240626690357597e-06,0.06959948332758781,0.0005223124797092427,25,10,0
15,8505,0.9301306146462991,1.2032569161335762e-06,0.06934599766415782,0.0005221844326269708,25,10,0
15,8506,0.924197580272122,1.2033223454652526e-06,0.07521355996910435,0.0005876564364284437,25,10,0
15,8507,0.9160554867382351,1.194470355773801e-06,0.08335375201392316,0.0005895667774860516,25,10,0
15,8508,0.9093194604193044,1.3405097651974644e-06,0.08895462524527478,0.0017245738256553816,25,10,0
15,8509,0.891255850926313,1.3425675967867348e-06,0.10701471318765822,0.0017280933184317426,25,10,0
15,8510,0.8915672184442982,1.3303649691335713e-06,0.10670346012081947,0.0017279910699127604,25,10,0
15,8511,0.8922022401558181,1.3354002052276115e-06,0.10613406285571916,0.0016623615882573465,25,10,0
15,8512,0.8906104758392055,1.3363669264522511e-06,0.10772100879630848,0.0016671789975592028,25,10,0
15,8513,0.8903979139224094,2.394460516523118e-06,0.10793218593295223,0.0016675056841217778,25,10,0
15,8514,0.8901341758780368,2.394613576178575e-06,0.10819587694713853,0.001667552561248825,25,10,0
15,8515,0.8904971027370103,2.386371513379879e-06,0.10783297362368707,0.0016675372677889759,25,10,0
15,8516,0.8904053451528275,2.3912707475107886e-06,0.10792607728897402,0.0016661862874509845,25,10,0
15,8517,0.8955785281044811,2.3912215491460338e-06,0.10275288807985807,0.0016661925941117489,25,10,0
15,8518,0.8956726099259698,2.4005343461048563e-06,0.10287755250414571,0.0014474370355383797,25,10,0
15,8519,0.9036047938331803,2.1660525141301786e-06,0.09494784647034335,0.0014451936439623771,25,10,0
15,8520,0.8905974929505498,2.4211169879702694e-06,0.10609901467864408,0.003301071253817801,25,10,0
15,8521,0.8993299641943415,2.2439321678041647e-06,0.09736675052014855,0.003301041353342227,25,10,0
15,8522,0.8988391900664854,2.244105523295496e-06,0.09785752506167515,0.0033010407663157655,25,10,0
15,8523,0.9007363410094339,2.243146984308387e-06,0.09596519114020916,0.0032962247033725394,25,10,0
15,8524,0.90046887549577,2.2469359019261405e-06,0.09623256204266331,0.0032963155256646344,25,10,0
15,8525,0.9004177326568384,2.246927315494339e-06,0.09628370546155025,0.0032963149542958813,25,10,0
15,8526,0.8790711420031095,1.1795334658587811e-06,0.11763231789641816,0.0032953605670057087,25,10,0
15,8527,0.8807528822980538,1.1626376403140892e-06,0.11595510915240494,0.0032908459119001506,25,10,0
15,8528,0.9037273506857713,1.1539904230738881e-06,0.09298482777337984,0.0032866675504256075,25,10,0
15,8529,0.8737067497937571,1.0789646433606011e-06,0.12246967895614386,0.0038224922854553285,25,10,0
15,8530,0.8691805226313031,1.0752749394371714e-06,0.12699597407693164,0.0038224280168252566,25,10,0
15,8531,0.8999227043986369,1.0039579929122677e-06,0.0967910516201417,0.003285240023228357,25,10,0
15,8532,0.9333405396468373,1.000852569346049e-06,0.06337536193196143,0.0032830975686319176,25,10,0
15,8533,0.9323735235608492,1.0011258518595846e-06,0.06434238753558295,0.003283087777716068,25,10,0
15,8534,0.9132414374401224,1.0202311738633293e-06,0.08347043218812589,0.0032871101405778642,25,10,0
15,8535,0.9185464528695272,1.3993953938418124e-05,0.0799442757446105,0.001495277431924088,25,10,0
15,8536,0.918792628210098,1.398881456565207e-05,0.07969812146227927,0.0014952615130571095,25,10,0
15,8537,0.9186591280226852,1.4040898057991903e-05,0.07983117222257606,0.0014956588566807658,25,10,0
15,8538,0.9261122896337167,1.4036301749680163e-05,0.07237974176335196,0.0014939323011814599,25,10,0
15,8539,0.9349844250170409,1.367864334739598e-05,0.06350802568809902,0.0014938706515125522,25,10,0
15,8540,0.9311541853986709,1.3866320163213118e-05,0.0673372478032313,0.0014947004779342732,25,10,0
15,8541,0.9304800861738691,1.387801685058103e-05,0.06795242102360644,0.001553614785673553,25,10,0
15,8542,0.9140939027385276,1.3837772180402307e-05,0.08433898480945871,0.00155327467983364,25,10,0
15,8543,0.913714396859758,1.3842829604491568e-05,0.08471847063877053,0.0015532896718673537,25,10,0
15,8544,0.9141090115341242,1.3837737992317913e-05,0.08432390956082678,0.0015532411670571833,25,10,0
15,8545,0.9141045933320366,1.3837740652552757e-05,0.08432832692435976,0.0015532420029513783,25,10,0
15,8546,0.9101642640536953,1.3657020452135458e-05,0.08826979336683344,0.001552285559019351,25,10,0
15,8547,0.910903816896013,1.3659748837132027e-05,0.0875312984160673,0.0015512249390827989,25,10,0
15,8548,0.9114701468894373,1.3487007471860473e-05,0.08701257688356508,0.0015037892195258423,25,10,0
15,8549,0.9114604357850692,1.3487085356467969e-05,0.08702228746440797,0.0015037896651664215,25,10,0
15,8550,0.910939675618018,1.3487431744061261e-05,0.08754304560326859,0.0015037913469696307,25,10,0
15,8551,0.9045111279664279,1.3588760976079997e-05,0.09245300449326421,0.0030222787793317517,25,10,0
15,8552,0.9038655929605701,1.387438046476148e-05,0.09309822914317704,0.003022303515787918,25,10,0
15,8553,0.8989002753154135,1.4310169796968844e-05,0.09794642766059485,0.003138986854194299,25,10,0
15,8554,0.8988937297855851,1.431018191529395e-05,0.09795297333352863,0.003138986698970649,25,10,0
15,8555,0.8983629609478132,1.4330884250878155e-05,0.09848352922625063,0.0031391789416848064,25,10,0
15,8556,0.8958852900283268,1.984832306332865e-05,0.10095424550520671,0.0031406161434026116,25,10,0
15,8557,0.8989337569646483,1.970165916317336e-05,0.09897056357359173,0.0020759778025966572,25,10,0
15,8558,0.9039933340605537,1.9715575897569877e-05,0.0939119947055201,0.0020749556580284658,25,10,0
15,8559,0.9034453831229182,1.9703087967471297e-05,0.09445642249887044,0.0020784912902438103,25,10,0
15,8560,0.9040317594106736,1.968404105474458e-05,0.09387023012972301,0.002078326418548499,25,10,0
15,8561,0.8964276461745577,2.0137582697146624e-05,0.10147280480490614,0.002079411437839249,25,10,0
15,8562,0.896167227663077,2.0420405656260357e-05,0.10173294090840242,0.0020794110228646574,25,10,0
15,8563,0.8961681283462718,2.0420353853886206e-05,0.10173201913299947,0.002079432166875354,25,10,0
15,8564,0.8908390648782245,2.042471332358249e-05,0.10699958395290436,0.0021409264555480242,25,10,0
15,8565,0.8908811887228186,2.0432387045371214e-05,0.10695739355670023,0.0021409853334360663,25,10,0
15,8566,0.8693723359957317,2.0432959158129508e-05,0.1284535466080533,0.002153684437057379,25,10,0
15,8567,0.8699281970805195,2.1034919571653133e-05,0.12780421901394468,0.0022465489859648537,25,10,0
15,8568,0.870200748641182,2.102977032939232e-05,0.12753173540824414,0.002246486180245327,25,10,0
15,8569,0.8674664097257263,2.333410704645012e-05,0.13025292886536102,0.002257327301866909,25,10,0
15,8570,0.8909976385098486,2.332209843758206e-05,0.10696844148348024,0.0020105979082340243,25,10,0
15,8571,0.8955020253826036,2.3326036602696168e-05,0.10246407706099778,0.002010571519796381,25,10,0
15,8572,0.8954263579943705,2.334533819940877e-05,0.10253961006870639,0.002010686598724122,25,10,0
15,8573,0.8864404911331141,2.3632417598968402e-05,0.1115251601236677,0.0020107163256198575,25,10,0
15,8574,0.8868576824676238,2.3628375686926424e-05,0.11110797390164598,0.0020107152550439393,25,10,0
15,8575,0.8867663542196369,2.362714205091066e-05,0.11119948974046945,0.0020105288978432513,25,10,0
15,8576,0.8774952966050985,2.3627149657164712e-05,0.12047044060107243,0.0020106356441726854,25,10,0
15,8577,0.8667334915773383,2.334796013258802e-05,0.13117521789965378,0.0020679425628760888,25,10,0
15,8578,0.8661195714126396,2.3367732907336442e-05,0.13178911615389963,0.0020679447005543476,25,10,0
15,8579,0.8605764451272657,2.3364401101192504e-05,0.13733121892160857,0.002068971550025351,25,10,0
15,8580,0.8766605941536889,2.3352954628920173e-05,0.12124713684658905,0.002068916045093809,25,10,0
15,8581,0.8772370321980664,2.3333186931292316e-05,0.12067072024269532,0.0020689143723077673,25,10,0
15,8582,0.8756537632353292,2.357648561225385e-05,0.12219121425907048,0.0021314460199891158,25,10,0
15,8583,0.8859111574582699,2.357312423258083e-05,0.11198979102071792,0.002075478396780463,25,10,0
15,8584,0.8931462410352047,2.3471531398949972e-05,0.10627329821230043,0.0005569892210964615,25,10,0
15,8585,0.9001191470344072,2.3237992569566727e-05,0.09936422309381131,0.0004933918792123329,25,10,0
15,8586,0.9036302940995643,2.3238187342692348e-05,0.09585303943792274,0.0004934282751707074,25,10,0
15,8587,0.9115345878595251,1.000900218506466e-05,0.08802606864858188,0.00042933448970827905,25,10,0
15,8588,0.9117670306938108,9.998859847810474e-06,0.08779363536559545,0.00042933508074646966,25,10,0
15,8589,0.9110044939134967,1.001152885851596e-05,0.08837485753614904,0.0006106370214962984,25,10,0
15,8590,0.9099728346093005,1.0004305557279466e-05,0.08940125268995265,0.0006159083951900354,25,10,0
15,8591,0.9180504532377014,9.996159915378376e-06,0.08132371867551283,0.0006158319268712457,25,10,0
15,8592,0.9166917909874164,9.99654578609544e-06,0.08268237655349318,0.0006158359133054118,25,10,0
15,8593,0.9056976737314989,1.1008385690073736e-05,0.09366436040937154,0.0006269574734405678,25,10,0
15,8594,0.9055073371053121,1.1004320881245232e-05,0.0938536087886886,0.0006280497851189877,25,10,0
15,8595,0.8935056293436402,1.6927769739265748e-05,0.10590893376306855,0.0005685091235527661,25,10,0
15,8596,0.8803890095181874,2.362066249350686e-05,0.11898384857525456,0.0006035212440647879,25,10,0
15,8597,0.8806777135467222,2.3625532877850046e-05,0.11869511540809441,0.0006035455123059552,25,10,0
15,8598,0.877733815534295,2.3625940806172098e-05,0.12163902337470414,0.0006035351501947528,25,10,0
15,8599,0.8909683094846828,1.6932915598116892e-05,0.10844443220986308,0.0005703253898565197,25,10,0
15,8600,0.8911550043171875,1.693291676831275e-05,0.10825957372657957,0.0005684890394649025,25,10,0
15,8601,0.8911736496673184,1.6927982901228838e-05,0.108240957502722,0.0005684648470588665,25,10,0
15,8602,0.9021679401103345,1.5916157285287308e-05,0.09725879758006997,0.0005573461523107278,25,10,0
15,8603,0.9031559906519253,1.6149424039851058e-05,0.09627620461451061,0.0005516553095248829,25,10,0
15,8604,0.9011249641836271,1.0777855566823685e-05,0.09669016779901664,0.002174090161789945,25,10,0
15,8605,0.9090779182518373,1.0317818798056629e-05,0.08885208321299806,0.0020596807163664383,25,10,0
15,8606,0.9087654739236677,1.0317827105057463e-05,0.08916445069733492,0.0020597575518920257,25,10,0
15,8607,0.9105794889119891,1.0337318166684098e-05,0.08734522816176896,0.0020649456080749553,25,10,0
15,8608,0.9108842436810304,1.0338148921966965e-05,0.08710724551104923,0.001998172658998023,25,10,0
15,8609,0.9140514502908013,9.736314671214744e-06,0.08406730421789871,0.0018715091766284015,25,10,0
15,8610,0.9143616554111054,9.736102553840313e-06,0.08379367341926658,0.0018349350670738415,25,10,0
15,8611,0.9140828791829207,9.736698408950418e-06,0.08406889426321315,0.0018384898554568764,25,10,0
15,8612,0.914474868459962,9.73675803103484e-06,0.08367591935358902,0.001839475428418055,25,10,0
15,8613,0.9160106932199841,9.723697138783665e-06,0.0823227729916357,0.0016568100912413592,25,10,0
15,8614,0.9027244073479045,1.488537873017852e-05,0.0955976483114254,0.001663058961940018,25,10,0
15,8615,0.8961825968132666,1.5209178727620309e-05,0.10213790728447876,0.0016642867235273206,25,10,0
15,8616,0.9181528977917779,1.9696550820113515e-05,0.08012973744023041,0.0016976682171716145,25,10,0
15,8617,0.918356879685754,1.968939436414626e-05,0.07992464779727877,0.0016987831226027556,25,10,0
15,8618,0.9136391101610011,2.3784347922201128e-05,0.08464301520531117,0.001694090285765612,25,10,0
15,8619,0.9146260364898384,2.3766950703444713e-05,0.0836561981580746,0.001693998401383693,25,10,0
15,8620,0.9202839410397081,2.3764858692090877e-05,0.07798686659573364,0.0017054275058658633,25,10,0
15,8621,0.9268249710408327,2.344099602998579e-05,0.07144738849954173,0.0017041994635953082,25,10,0
15,8622,0.9264471518182441,2.344125173451904e-05,0.0718251388426724,0.0017042680873486254,25,10,0
15,8623,0.9197676506336834,2.390885820632844e-05,0.07850636495723134,0.0017020755508787308,25,10,0
15,8624,0.9290051322996908,2.3909753248145743e-05,0.06926898876216044,0.001701969184900347,25,10,0
15,8625,0.9290108151738502,2.3909569719575743e-05,0.06926330846587174,0.001701966790558254,25,10,0
15,8626,0.9356739607046751,2.3478400035935443e-05,0.06260040771312286,0.0017021531821658834,25,10,0
15,8627,0.9297351683542039,2.958798130199382e-05,0.06850419875581461,0.0017310449086793626,25,10,0
15,8628,0.9293075157371484,2.958806832543985e-05,0.06893121835663503,0.0017316778378909687,25,10,0
15,8629,0.9313829395119331,2.364944324664405e-05,0.0668628471752136,0.0017305638696065691,25,10,0
15,8630,0.9322116419605334,2.3648665878442024e-05,0.06603833383312771,0.0017263755404602166,25,10,0
15,8631,0.8993114268428439,2.37192896903295e-05,0.09893199869017973,0.001732855177285643,25,10,0
15,8632,0.8734379656606112,2.3719897505714433e-05,0.1188453187760037,0.007692995665878506,25,10,0
15,8633,0.8789136538787321,1.960561327622463e-05,0.11337418916256332,0.0076925513454275864,25,10,0
15,8634,0.8813186777927094,1.7314540681602697e-05,0.11098226515622506,0.007681742510383314,25,10,0
15,8635,0.8783452592233519,1.7489344790307767e-05,0.11395463309425073,0.007682618337606349,25,10,0
15,8636,0.8726305628552072,1.7486290007252047e-05,0.11966622066352203,0.0076857301912629196,25,10,0
15,8637,0.8664779063618835,1.7599462747796196e-05,0.1258172090726528,0.007687285102715376,25,10,0
15,8638,0.8609546644956865,1.754281947654503e-05,0.13113419566307902,0.007893597021757905,25,10,0
15,8639,0.8592260313444038,1.7556999951818413e-05,0.13286307116454493,0.007893340491099427,25,10,0
15,8640,0.8656453304910363,1.144734821529133e-05,0.1264787477263352,0.007864474434413208,25,10,0
15,8641,0.8660116003264497,1.1166789835297124e-05,0.12611277089176198,0.007864461991952896,25,10,0
15,8642,0.8653024659854759,1.1166558170582684e-05,0.12681661430081545,0.007869753155537697,25,10,0
15,8643,0.8730061994118009,1.0712943471498933e-05,0.11911443961634538,0.007868648028382155,25,10,0
15,8644,0.8955075863583042,1.0699175788775431e-05,0.09682585446090713,0.007655860004999714,25,10,0
15,8645,0.8654662690676901,1.068933651419327e-05,0.12687020077776434,0.007652840818031199,25,10,0
15,8646,0.859192752755995,1.0689652572260352e-05,0.1331489925258687,0.0076475650655638185,25,10,0
15,8647,0.8689341150428425,1.0689594982863776e-05,0.12340647309783134,0.007648722264343083,25,10,0
15,8648,0.8765253190551714,1.0405801568803976e-06,0.11586953976710243,0.0076041005975690575,25,10,0
15,8649,0.9058175271110903,1.044391302989871e-06,0.08657743288824067,0.00760399560936625,25,10,0
15,8650,0.8963787910032857,9.167389562948497e-07,0.09601730210508043,0.007602990152677799,25,10,0
15,8651,0.8971670331408476,9.163810303936725e-07,0.09522906604000346,0.00760298443811892,25,10,0
15,8652,0.8848863852517341,1.3928701430413702e-06,0.1075070371396596,0.007605184738463261,25,10,0
15,8653,0.8692833870933265,1.393403159611699e-06,0.12310999657969246,0.007605222923821645,25,10,0
15,8654,0.8689200353595661,1.4020497591064126e-06,0.12347333407335351,0.0076052285173216294,25,10,0
15,8655,0.8744518807188496,1.2554770252892436e-06,0.11956551069665812,0.005981353107467132,25,10,0
15,8656,0.8788455949009278,1.2849576488428605e-06,0.1151729204310802,0.00598019971034318,25,10,0
15,8657,0.8682971391496832,1.284818521924962e-06,0.13166748082408378,3.409520771032709e-05,25,10,0
15,8658,0.8786156887745762,1.2842094324698723e-06,0.12134886400319965,3.41630127908683e-05,25,10,0
15,8659,0.8768356864826771,1.2945323204389115e-06,0.12309665030718721,6.636867781473209e-05,25,10,0
15,8660,0.8922547620484608,1.293741353554297e-06,0.10767768107801365,6.626313217177216e-05,25,10,0
15,8661,0.8920275695470817,1.2937292837168599e-06,0.10790487466992095,6.626205371303785e-05,25,10,0
15,8662,0.8620681701319961,1.3291906243260757e-06,0.10491742247346407,0.033013078203915115,25,10,0
15,8663,0.8560885962946615,1.5746788953081418e-06,0.11089543350629504,0.03301439552014754,25,10,0
15,8664,0.856114264160968,1.5746979763996795e-06,0.11086975371576516,0.033014407425289743,25,10,0
15,8665,0.8924725480326643,1.5742281998027727e-06,0.07452548240568593,0.03300039533345055,25,10,0
15,8666,0.8682121430474024,0.0002588952618263348,0.0985281454131466,0.03300081627762426,25,10,0
15,8667,0.8611095646756992,0.0002588953369320207,0.1055669422840422,0.03306459770332592,25,10,0
15,8668,0.8701638086841367,0.00025888498402472105,0.09654461008192003,0.033032696249918385,25,10,0
15,8669,0.8727258330558735,0.000258858684520679,0.0939834156776117,0.03303189258199491,25,10,0
15,8670,0.8727222603391922,0.0002588565051345733,0.09398701484625134,0.03303186830942253,25,10,0
15,8671,0.8782452224368984,1.5353159494330326e-06,0.08856116972978968,0.033192072517363023,25,10,0
15,8672,0.8776711244136665,1.5352944824072609e-06,0.08913528262725157,0.03319205766460012,25,10,0
15,8673,0.877727506069252,1.5337765369487007e-06,0.08907891200031466,0.03319204815389674,25,10,0
15,8674,0.8770904931400706,1.5531092334397972e-06,0.08971579684474269,0.03319215690595363,25,10,0
15,8675,0.8840139177010995,1.3551407370682537e-06,0.08279464697209553,0.03319008018606828,25,10,0
15,8676,0.8848503373910528,1.33227579064567e-06,0.08195834399179253,0.033189986341364615,25,10,0
15,8677,0.8746188715061163,1.2843080051761778e-06,0.09219008769522236,0.033189756490656724,25,10,0
15,8678,0.8827100591068461,1.357917055963624e-06,0.08409881407070935,0.03318976890538907,25,10,0
15,8679,0.8775050140038584,1.3613188963300317e-06,0.08930424407702303,0.033189380600222765,25,10,0
15,8680,0.8517619613178645,1.3614208830358901e-06,0.11504436122482152,0.03319231603643061,25,10,0
15,8681,0.8518984501731137,1.3608132124224003e-06,0.11490793876608647,0.03319225024758706,25,10,0
15,8682,0.850649264964327,1.5670812603863027e-06,0.11615525913337672,0.03319390882103555,25,10,0
15,8683,0.8562498223946972,1.847236250716469e-06,0.11055546016485314,0.03319287020419863,25,10,0
15,8684,0.8811431578563487,1.8514221850794772e-06,0.08561331759373497,0.03324167312773153,25,10,0
15,8685,0.886501555796515,1.8477545198563327e-06,0.08025588633841158,0.03324071011055375,25,10,0
15,8686,0.8865090863138192,1.8478147209937722e-06,0.0802483560543139,0.03324070981714592,25,10,0
15,8687,0.8876866849647139,1.847243707638879e-06,0.07906497317638603,0.03324649461519261,25,10,0
15,8688,0.8622927279853306,1.3710015172714438e-06,0.10446154169788452,0.033244359315267785,25,10,0
15,8689,0.8584958572460978,1.3755087617691291e-06,0.10825840642357167,0.03324436082156883,25,10,0
15,8690,0.8580024627807536,1.350223406200601e-06,0.10874661812227218,0.03324956887356819,25,10,0
15,8691,0.8577304620276571,1.35032100910143e-06,0.10901861880402902,0.033249568847305004,25,10,0
15,8692,0.8579951826637549,1.3551108194120742e-06,0.10875386139870157,0.03324960082672424,25,10,0
15,8693,0.8572866156721679,1.3618770808266338e-06,0.10945858140467946,0.033253441046072064,25,10,0
15,8694,0.8572786261018883,1.3618853405971775e-06,0.10946656982388292,0.033253442188888746,25,10,0
15,8695,0.8662012462651331,1.3460325076582464e-06,0.1164415940540657,0.017355813648294055,25,10,0
15,8696,0.8626194465873948,1.245461521617578e-06,0.12002338450695009,0.017355923444134193,25,10,0
15,8697,0.8573530530358242,1.2552045385146246e-06,0.12528974861784184,0.01735594314179638,25,10,0
15,8698,0.8574616238059266,1.239713714056523e-06,0.1251850619688191,0.017352074511541114,25,10,0
15,8699,0.8664196434987627,9.484288256047707e-07,0.11622738462200606,0.01735202345040648,25,10,0
15,8700,0.9037514261407179,9.484843149593817e-07,0.07889564366333177,0.017351981711636207,25,10,0
15,8701,0.9020024675205246,9.443992822552148e-07,0.08064456421443268,0.017352023865761294,25,10,0
15,8702,0.9037011938331614,8.828383836047591e-07,0.07894481622931936,0.01735310709913645,25,10,0
15,8703,0.8915620266765231,8.589710873474575e-07,0.06816015423346396,0.040276960118925766,25,10,0
15,8704,0.8915671306558316,8.589576150421104e-07,0.07105052156806499,0.03738148881848879,25,10,0
15,8705,0.89202529266951,8.580023857295819e-07,0.07060384000088776,0.03737000932721681,25,10,0
15,8706,0.8936796950625089,8.284803114018536e-07,0.06894809002612327,0.037371386431056856,25,10,0
15,8707,0.8939045446834858,8.653891032242636e-07,0.06872212365499938,0.037372466272411906,25,10,0
15,8708,0.8951417445664598,8.655470716906558e-07,0.09683467075491974,0.008022719131548907,25,10,0
15,8709,0.8951494224218592,5.860569560087661e-07,0.09682593534958517,0.008024056171599715,25,10,0
15,8710,0.8989701971612157,4.5249042501061634e-07,0.09300524773816785,0.008024102610191578,25,10,0
15,8711,0.899040018446246,4.5248838483916566e-07,0.09293542915078135,0.008024099914587756,25,10,0
15,8712,0.8805196174482575,4.52879793770259e-07,0.11161620419987,0.007863725472079648,25,10,0
15,8713,0.8805900207683754,4.528804230575917e-07,0.11154582490590954,0.00786370144529271,25,10,0
15,8714,0.8962369798935552,4.5610245526730875e-07,0.0959048512428379,0.007857712761152318,25,10,0
15,8715,0.8948772199020606,4.559670389783692e-07,0.09726990380738051,0.00785242032352043,25,10,0
15,8716,0.8949583920524633,4.516934225456956e-07,0.09724047296244623,0.00780068329166848,25,10,0
15,8717,0.8993082795045061,4.4221087643555947e-07,0.09288601495579404,0.007805263328823689,25,10,0
15,8718,0.9026252384462726,4.476533162068609e-07,0.0895689797148945,0.0078053341855167215,25,10,0
15,8719,0.8993244077929025,4.4961887783279377e-07,0.09286875814202421,0.007806384446195386,25,10,0
15,8720,0.8945066396249988,4.616494204956038e-07,0.09768668118455681,0.007806217541023788,25,10,0
15,8721,0.8895063319976362,8.27977847513342e-07,0.1026364167749194,0.00785642324959693,25,10,0
15,8722,0.8897026887558962,8.180998777169162e-07,0.10244010585569104,0.007856387288534881,25,10,0
15,8723,0.8795247514818645,9.422639157395512e-07,0.11258426202603507,0.007890044228184635,25,10,0
15,8724,0.882002545680905,9.230901264113247e-07,0.11010661038709119,0.007889920841877278,25,10,0
15,8725,0.8449196155722192,9.225837562538867e-07,0.14718963350291006,0.007889828341114596,25,10,0
15,8726,0.8349248092397871,1.0105206392542331e-05,0.15719451915453997,0.00787056639927984,25,10,0
15,8727,0.8257561995839737,1.010520194171206e-05,0.16636302319746205,0.007870672016622,25,10,0
15,8728,0.8238819685259332,1.0105011813496911e-05,0.16823143294705517,0.007876493515197598,25,10,0
15,8729,0.7891114489747718,1.2244267388784142e-05,0.20299951988187112,0.00787678687596859,25,10,0
15,8730,0.8277374840539319,1.2244114663464447e-05,0.17210132705140763,0.00014894477999703617,25,10,0
15,8731,0.8115720423258245,1.2708045714628796e-05,0.18821062190435317,0.0002046277241081954,25,10,0
15,8732,0.7965969096574846,1.2353693873166744e-05,0.20318777762759888,0.00020295902104439749,25,10,0
15,8733,0.801043888125125,1.2341574454853602e-05,0.19874193206206556,0.0002018382383551129,25,10,0
15,8734,0.8014396295906056,1.2341569081693018e-05,0.1983461907717928,0.00020183806852022763,25,10,0
15,8735,0.7963453920052259,1.2534785714651921e-05,0.2034382657555847,0.00020380745347547047,25,10,0
15,8736,0.7970912869157832,1.2534773642902752e-05,0.20269237188159825,0.0002038064289765275,25,10,0
15,8737,0.8136491006425284,1.253440965983045e-05,0.1861346100877529,0.0002037548600593371,25,10,0
15,8738,0.816404585526963,1.2537663671079927e-05,0.18338016408115998,0.00020271272820627107,25,10,0
15,8739,0.8159567188027927,1.3368527754985036e-05,0.18382324324767396,0.00020666942177836235,25,10,0
15,8740,0.8151828734790869,1.3363526738880344e-05,0.18459847545323096,0.00020528754094326828,25,10,0
15,8741,0.8150813078683609,1.3371161588806988e-05,0.18469932871977107,0.00020599225027916578,25,10,0
15,8742,0.819316662170889,1.374789515603715e-05,0.18046418023022126,0.00020540970373376127,25,10,0
15,8743,0.8284869572732052,1.374789702632198e-05,0.17129399071374035,0.00020530411602837396,25,10,0
15,8744,0.8290503431854017,1.3742610605930652e-05,0.17073063645896283,0.00020527774502964924,25,10,0
15,8745,0.8394472550842049,1.3618433233531493e-05,0.1603675066214622,0.00017161986109913072,25,10,0
15,8746,0.8345356787039564,1.3800147240465016e-05,0.16523113229346567,0.0002193888553374844,25,10,0
15,8747,0.834914739432528,1.3800249170296538e-05,0.16485216678927736,0.00021929352902448184,25,10,0
15,8748,0.8336851331037219,1.36271850730839e-05,0.16612971595311415,0.00017152375809096032,25,10,0
15,8749,0.8343818111668878,1.3057509625076948e-05,0.16543492239531724,0.00017020892817002059,25,10,0
15,8750,0.8344764624264391,1.305870971769762e-05,0.16534009581526182,0.00017038304858153414,25,10,0
15,8751,0.8343048726496919,1.3058769832733291e-05,0.16551163399990793,0.00017043458056757352,25,10,0
15,8752,0.8238090312404306,1.3062660200584829e-05,0.17594932503484986,0.00022858106451911463,25,10,0
15,8753,0.7923403725745913,7.45462660173727e-05,0.20735107331122962,0.00023400784816293287,25,10,0
15,8754,0.7854462842966455,7.454719065282098e-05,0.21418163601600923,0.00029753249669387856,25,10,0
15,8755,0.7854283064819952,7.454472889541918e-05,0.21419958031487354,0.0002975684742372519,25,10,0
15,8756,0.8031713435933113,7.40805966535815e-05,0.19651729062583886,0.00023728518419680454,25,10,0
15,8757,0.8201971455128505,6.490286142453714e-05,0.17954402461363295,0.00019392701209245664,25,10,0
15,8758,0.820378449810461,6.489799780066934e-05,0.17936386207975008,0.0001927901119886689,25,10,0
15,8759,0.8213141929131372,6.489798624482444e-05,0.1784281202904946,0.00019278881012384588,25,10,0
15,8760,0.810949627940647,6.492396860981105e-05,0.18879211204195678,0.00019333604878691904,25,10,0
15,8761,0.8056013648648969,6.492785607082134e-05,0.19414041507131402,0.00019329220771875332,25,10,0
15,8762,0.8104087042118634,6.457739596543065e-05,0.18938345290875497,0.00014326548341678447,25,10,0
15,8763,0.8163529770189011,6.456902020728987e-05,0.18343916261536478,0.00014329134552716142,25,10,0
15,8764,0.8178222238347677,6.456859783517172e-05,0.18197057419194362,0.00014263337545402052,25,10,0
15,8765,0.854770422905353,6.459198342444792e-05,0.14501703916428313,0.00014794594693963689,25,10,0
15,8766,0.8280310854423112,6.471150780193587e-05,0.16973759288811152,0.0021666101617768357,25,10,0
15,8767,0.8350961999766489,6.4707640114333e-05,0.16273605956301596,0.0021030328202223765,25,10,0
15,8768,0.8734616446005198,6.38762804813653e-05,0.1243753991215154,0.0020990799974833986,25,10,0
15,8769,0.8736982941534188,6.387632677800291e-05,0.12413865383439159,0.002099175685411677,25,10,0
15,8770,0.8681892619517682,6.388957442826209e-05,0.1296489069961955,0.0020979414776081235,25,10,0
15,8771,0.863374544964436,6.388973250103349e-05,0.1344636213073732,0.0020979439956899256,25,10,0
15,8772,0.8632786722271891,6.389273187773599e-05,0.1345595440342707,0.0020978910066625912,25,10,0
15,8773,0.8589893375106606,6.389987183585642e-05,0.13881298070011552,0.0021337819173885757,25,10,0
15,8774,0.8801906525699349,6.376837561347995e-05,0.11956897636829712,0.00017660268615519138,25,10,0
15,8775,0.8748911465739431,6.386376546580566e-05,0.12486795349117145,0.000177036169420024,25,10,0
15,8776,0.8745767785692419,6.386410693596918e-05,0.1251824690253659,0.00017688829845663825,25,10,0
15,8777,0.8850241092348758,6.383801333072698e-05,0.11473561621748721,0.00017643653430665226,25,10,0
15,8778,0.8749276977326866,6.39868794450624e-05,0.12483092493148815,0.00017739045638049826,25,10,0
15,8779,0.8790425679942757,6.398001845549872e-05,0.12075188567214074,0.00014156631512843477,25,10,0
15,8780,0.8911937618213653,3.7058342948624805e-06,0.10850213035826747,0.00030040198607267317,25,10,0
15,8781,0.9000747342686162,3.5924010724610165e-06,0.09962221426112144,0.00029945906919018653,25,10,0
15,8782,0.9010289475375524,3.591188750203926e-06,0.0986681794342695,0.0002992818394285116,25,10,0
15,8783,0.9010658553770438,3.5911741395645304e-06,0.0986312731658455,0.00029928028297174827,25,10,0
15,8784,0.9012571244277495,3.595892002241629e-06,0.09844000245840276,0.000299277221845904,25,10,0
15,8785,0.901259997012557,3.595711513836935e-06,0.09843713075864484,0.00029927651728482724,25,10,0
15,8786,0.8873589941998447,3.5961766957468487e-06,0.11233541923151397,0.0003019903919465328,25,10,0
15,8787,0.887551159102449,3.5472196891859363e-06,0.11214547906861089,0.0002998146092519109,25,10,0
15,8788,0.8657818235467017,4.033297289922079e-06,0.12644116806911104,0.007772975086897437,25,10,0
15,8789,0.8608913908227619,4.033142149006623e-06,0.13132956410810484,0.007775011926984761,25,10,0
15,8790,0.866307325180962,4.164160317818186e-06,0.12593950456759745,0.007749006091123555,25,10,0
15,8791,0.8678724747726504,4.164830523156229e-06,0.12437686504216455,0.007746495354662718,25,10,0
15,8792,0.853132742809982,4.1753369107288785e-06,0.13911650513984686,0.007746576713260646,25,10,0
15,8793,0.8565343872208822,4.0984392137994825e-06,0.13571539376569614,0.007746120574208537,25,10,0
15,8794,0.8583402782411629,4.0633388320227614e-06,0.13390946288680053,0.0077461955332051025,25,10,0
15,8795,0.8706830363565962,4.062199960328119e-06,0.12156690916628865,0.007745992277155774,25,10,0
15,8796,0.8706439135404606,4.059635093764149e-06,0.1216053703845345,0.007746656439912271,25,10,0
15,8797,0.8526114659149695,4.641288936682896e-06,0.1394819424254373,0.007901950370656672,25,10,0
15,8798,0.8527590295330638,4.925463090537957e-06,0.13933811318211206,0.007897931821733673,25,10,0
15,8799,0.8527857808700839,4.920592563336936e-06,0.13931137438467386,0.007897924152679047,25,10,0
15,8800,0.8305930623457796,5.629912133938827e-06,0.16150325762417958,0.007898050117906725,25,10,0
15,8801,0.8303393608461904,5.630085945057577e-06,0.16175557450825562,0.007899434559608794,25,10,0
15,8802,0.8303437653296102,5.630082431539951e-06,0.16175117049844015,0.007899434089517916,25,10,0
15,8803,0.8313495575363941,5.607884528970134e-06,0.1607507175245607,0.007894117054515782,25,10,0
15,8804,0.850192725153355,4.408590069127122e-06,0.1420722165761623,0.007730649680413358,25,10,0
15,8805,0.8674195976926916,3.826947609483597e-06,0.12500113612634725,0.007575439233352359,25,10,0
15,8806,0.8888592828484989,3.3498916555082856e-06,0.11103388420341176,0.0001034830564348101,25,10,0
15,8807,0.8880648608390578,3.3503383389194258e-06,0.11182541062083479,0.00010637820176952091,25,10,0
15,8808,0.9049763636179727,1.8078710878647028e-06,0.0949156470568535,0.00010618145408640222,25,10,0
15,8809,0.9265220426829162,1.0996178108739362e-06,0.07336488110526625,0.00011197659400735711,25,10,0
15,8810,0.9367118506217882,1.0885213878365696e-06,0.06317811453610347,0.00010894632072102604,25,10,0
15,8811,0.9352870759487735,1.1082569164475295e-06,0.06459759727171074,0.00011421852259992342,25,10,0
15,8812,0.9457784451308562,1.1044284622142111e-06,0.054164377540604,5.607290007796179e-05,25,10,0
15,8813,0.9514041753043346,1.0909319388847115e-06,0.04853868338482176,5.6050378905308456e-05,25,10,0
15,8814,0.9513532329859143,1.0908705545848836e-06,0.04858962591786111,5.6050225670575e-05,25,10,0
15,8815,0.9502416611608894,2.1132060156284665e-06,0.04970125944924355,5.49661838519939e-05,25,10,0
15,8816,0.9388955119596263,1.0994240702339044e-06,0.06104854268082989,5.484593547439938e-05,25,10,0
15,8817,0.9215252851444421,1.1208699817984793e-06,0.07825406111859584,0.0002195328669812711,25,10,0
15,8818,0.9334431660996452,1.1037210407646319e-06,0.06633607608881908,0.00021965409049600618,25,10,0
15,8819,0.9290426806584301,1.257954941252133e-06,0.07073569159304896,0.0002203697935804588,25,10,0
15,8820,0.920692770042211,0.0003033706746353423,0.07875826543349972,0.0002455938496548752,25,10,0
15,8821,0.8998743974961297,0.000305574252895336,0.0995744134327354,0.00024561481823953386,25,10,0
15,8822,0.8999709885308661,0.00030557425458694145,0.09947785017975361,0.0002455870347932859,25,10,0
15,8823,0.9005408977274846,0.00030349613858357555,0.0987171620844694,0.00043844404946258005,25,10,0
15,8824,0.9019996547733907,0.00030348086003903084,0.09725840535490121,0.0004384590116690126,25,10,0
15,8825,0.902077493990612,0.0003034808594950731,0.0971805668533574,0.00043845829653543235,25,10,0
15,8826,0.9055922015892919,0.0003033420232978386,0.09366666716927002,0.00043778921814023033,25,10,0
15,8827,0.9104678872467187,0.00030334181531490575,0.08879102109938489,0.0004377498385814354,25,10,0
15,8828,0.9110453823475737,0.0003033383217288916,0.08821354463311025,0.00043773469758715255,25,10,0
15,8829,0.9056023553391209,0.00030341722789352154,0.09366131919124665,0.000432908241738573,25,10,0
15,8830,0.8897541924796399,0.00030341100499347364,0.10950636871725072,0.0004360277981163327,25,10,0
15,8831,0.8893733165492306,0.00030341135881030564,0.10988187021222369,0.0004414018797356874,25,10,0
15,8832,0.8893673943892317,0.0003034157834049076,0.10988773274721486,0.00044145708014872677,25,10,0
15,8833,0.8996723984552228,0.0003034119303314976,0.09958478818467464,0.0004394014297712126,25,10,0
15,8834,0.9054027024220334,0.00030333253164910805,0.09379738652467833,0.0004965785216393893,25,10,0
15,8835,0.905466518419753,0.0003033318745031441,0.0937337557325767,0.00049639397316724,25,10,0
15,8836,0.9055878104410624,0.00030332748439128353,0.09361252212921017,0.000496339945336285,25,10,0
15,8837,0.886802157263713,0.0003033377777511387,0.11240066327144942,0.0004938416870867669,25,10,0
15,8838,0.887771704084801,0.0003033377276335811,0.1114311198040793,0.0004938383834863617,25,10,0
15,8839,0.8963395845189409,1.2255402117618543e-06,0.10319064700053912,0.00046854294030837117,25,10,0
15,8840,0.8952571660081979,1.2279462482618407e-06,0.1042728675966918,0.00046873844886219075,25,10,0
15,8841,0.8949822398092365,1.218928340274729e-06,0.10454838767534147,0.000468153587081804,25,10,0
15,8842,0.8964277679492529,1.1991859420262984e-06,0.10310824809702955,0.0004627847677754923,25,10,0
15,8843,0.8963539994035162,1.1993105270754912e-06,0.10318201605059678,0.00046278523535985325,25,10,0
15,8844,0.8958942581789238,1.199182137234287e-06,0.1036417754287436,0.0004627672101950135,25,10,0
15,8845,0.8957970398747211,1.200899676181757e-06,0.10373829831949027,0.00046346090611198586,25,10,0
15,8846,0.8879426015648109,1.3615792582431405e-06,0.11159325477160281,0.0004627820843277523,25,10,0
15,8847,0.8880887695733426,1.3613825159729264e-06,0.11144797024702882,0.00046189879711235754,25,10,0
15,8848,0.8881140533640324,1.361401561968667e-06,0.11142268964901128,0.0004618955853940961,25,10,0
15,8849,0.9258045742979744,6.39052147157733e-07,0.07392586832064857,0.0002689183292300874,25,10,0
15,8850,0.9251219836832673,6.500791287400394e-07,0.07460708935988458,0.00027027687771973534,25,10,0
15,8851,0.9214085675678807,6.586729531809473e-07,0.07834331893134099,0.00024745482782541665,25,10,0
15,8852,0.9216731314284512,6.477212008292767e-07,0.07808012345234165,0.0002460973980065527,25,10,0
15,8853,0.9225674772995053,7.316287374987333e-07,0.07712194889412292,0.0003098421776343618,25,10,0
15,8854,0.9207845961269331,1.6059607983320886e-06,0.07893475415731849,0.00027904375495049066,25,10,0
15,8855,0.9399516038521846,1.595306356002067e-06,0.05977064869483126,0.000276152146628359,25,10,0
15,8856,0.9254917221791985,1.6040392063960836e-06,0.07405494676069214,0.0004517270209036109,25,10,0
15,8857,0.8953878497788068,1.595612641285162e-06,0.10419389041023676,0.00041666419831517935,25,10,0
15,8858,0.8935764487854524,1.6302263480343744e-06,0.10600175382692231,0.0004201671612771092,25,10,0
15,8859,0.8939318250935677,1.345905539090153e-06,0.10564758603081485,0.0004192429700779954,25,10,0
15,8860,0.8919516185658829,2.523429773484256e-06,0.10731247885325787,0.0007333791510856345,25,10,0
15,8861,0.8914630875802296,2.5231083954719076e-06,0.10780109968349522,0.000733289627879342,25,10,0
15,8862,0.8907222719611424,2.559623234774215e-06,0.10854213254856074,0.0007330358670617418,25,10,0
15,8863,0.892456701443771,2.5260166982206384e-06,0.10681123459779147,0.0007295379417390155,25,10,0
15,8864,0.8924445031437659,2.526020450141377e-06,0.10682343196327909,0.0007295388725047145,25,10,0
15,8865,0.8925722825223974,2.5208288487083136e-06,0.10669706304087224,0.0007281336078814684,25,10,0
15,8866,0.9097376734549395,2.4997401703843562e-06,0.08969633075493802,0.000563496049951651,25,10,0
15,8867,0.9094627692781578,2.7906824260609735e-06,0.0899708960740646,0.0005635439653511014,25,10,0
15,8868,0.9099482033216065,2.790666182341954e-06,0.08948546149266438,0.000563544519546417,25,10,0
15,8869,0.9046179244577359,3.0036777871846465e-06,0.09481449923084118,0.0005645726336356203,25,10,0
15,8870,0.8960407237894669,0.0007306620075309233,0.1026629960419511,0.0005656181610508284,25,10,0
15,8871,0.8793831793921421,0.0007306738177269334,0.11922907474873229,0.0006570720413978752,25,10,0
15,8872,0.8794738289944941,0.0007306872110529609,0.11913477953482618,0.000660704259625923,25,10,0
15,8873,0.8792568588890721,0.0007306907009188869,0.11929988722217276,0.0007125631878355071,25,10,0
15,8874,0.8790856368901185,0.0007306899183538471,0.11947065067198932,0.000713022519537537,25,10,0
15,8875,0.8954050721536081,0.0007306782344012568,0.10332701001976612,0.0005372395922245658,25,10,0
15,8876,0.8964011576705793,0.0007306419080189908,0.10233116102010362,0.0005370394012981248,25,10,0
15,8877,0.8962082946530634,0.0007306401727996769,0.1025243500322179,0.0005367151419192703,25,10,0
15,8878,0.8984143067584385,0.0007296308037845841,0.10032422912260477,0.0005318333151721882,25,10,0
15,8879,0.898340780145844,0.0007296311871433409,0.10039765882375638,0.0005319298432565618,25,10,0
15,8880,0.9052159783349305,0.0007293850776210072,0.09358518220319709,0.00046945438425142474,25,10,0
15,8881,0.9104055734700167,0.0007291720514718577,0.08839685307546555,0.0004684014030459042,25,10,0
15,8882,0.9105159044265279,0.0007291719712971122,0.08828652271071545,0.0004684008914596329,25,10,0
15,8883,0.9107672016071988,0.0007291711994811367,0.08803543414945607,0.00046819304386366297,25,10,0
15,8884,0.9167170638184866,0.0007291714167155635,0.08208554227253803,0.00046822249225997076,25,10,0
15,8885,0.9169695598910559,0.000729171193621848,0.08183430574777822,0.00046696316754422115,25,10,0
15,8886,0.89881349697537,0.0007291856618036756,0.09987979108196705,0.0005775262808589667,25,10,0
15,8887,0.8987145213089814,0.0007291893996045662,0.09997785759097512,0.0005784317004387767,25,10,0
15,8888,0.8644988514843871,0.0007305807959904442,0.1341853918576014,0.0005851758620216975,25,10,0
15,8889,0.8809288578277361,0.0007305728066527642,0.11784684756023397,0.0004937218053776633,25,10,0
15,8890,0.8812024398559547,0.0007305725732028209,0.11757373041838541,0.0004932571524575617,25,10,0
15,8891,0.8810707004700147,0.0007305728543155,0.11770543745097067,0.0004932892246994892,25,10,0
15,8892,0.917087882941106,0.0007293945881314251,0.08200395488895235,0.00017876758181069923,25,10,0
15,8893,0.8972693720528945,0.00072997134269196,0.10181916229938683,0.00018149430502717795,25,10,0
15,8894,0.8908666706606283,0.0007301196103326938,0.10818269048155553,0.0002205192474843888,25,10,0
15,8895,0.9055539527272893,0.0007311766827329258,0.09349237453325145,0.0002224960567272652,25,10,0
15,8896,0.8672414740407768,0.000731177914946122,0.13178046134071647,0.0002468867035622162,25,10,0
15,8897,0.8694069960163818,0.0007301086363626201,0.129621189655874,0.00024170569138308698,25,10,0
15,8898,0.869391639239775,0.0007301048769720764,0.1296365503731022,0.0002417055101521288,25,10,0
15,8899,0.9054552235514131,0.0007301607926382035,0.09317327192066421,0.0006413437352854867,25,10,0
15,8900,0.8907596896485239,0.0007301928452865372,0.10786866823302065,0.0006414492731692313,25,10,0
15,8901,0.9087765205543828,0.0007301784995930338,0.0899623703585937,0.0005309305874302869,25,10,0
15,8902,0.9085250868080371,0.0007301836784264086,0.09021376582827591,0.0005309636852605857,25,10,0
15,8903,0.9082496411041342,0.0007301837527957071,0.09048964732349915,0.0005305278195717116,25,10,0
15,8904,0.9079255047912328,0.0007301936721472937,0.09081384537725669,0.0005304561593643021,25,10,0
15,8905,0.9076846948688904,0.0007301936780070444,0.09105465759873425,0.0005304538543694963,25,10,0
15,8906,0.9076691143601495,0.0007301937741859385,0.09106884285518095,0.0005318490104847584,25,10,0
15,8907,0.9079419204445459,0.0007301937331899219,0.0907960396203349,0.0005318462019301095,25,10,0
15,8908,0.9078761666957231,0.0007301935493548359,0.0908618171089332,0.0005318226459895606,25,10,0
15,8909,0.9077636611375801,0.0007301934487752544,0.0909743489145153,0.0005317964991301651,25,10,0
15,8910,0.9039849582624437,0.0007301990948729074,0.09475307716054307,0.000531765482141355,25,10,0
15,8911,0.8972741909005538,0.0007300568606355784,0.10150302678027173,0.0004927254585402338,25,10,0
15,8912,0.8976094335552566,0.0007300533675153229,0.10121964685731816,0.0004408662199111549,25,10,0
15,8913,0.8941730781963458,0.0007300476534989454,0.10458982719705492,0.0005070469531012467,25,10,0
15,8914,0.888045709509372,0.0007300478125763471,0.11071718070097905,0.0005070619770735134,25,10,0
15,8915,0.8870841364113494,0.0007300484961310176,0.11167856781613819,0.000507247276382273,25,10,0
15,8916,0.8863888220145312,0.0007300387245959204,0.11237391370638428,0.0005072255544894292,25,10,0
15,8917,0.9015646295418663,0.0007300063351169266,0.09719824625973018,0.0005071178632874582,25,10,0
15,8918,0.9019608189151423,0.0007300063484183439,0.09680224430541769,0.0005069304310225025,25,10,0
15,8919,0.8846010602444409,0.000730168926038291,0.11411921384338014,0.0005495569861416956,25,10,0
15,8920,0.8846670431603765,0.0007301691332550842,0.11405311225755665,0.0005496754488128053,25,10,0
15,8921,0.9028511036051734,0.0007287781447966217,0.0958741164273937,0.0005460018226370251,25,10,0
15,8922,0.9014071232366362,0.0007287970304220119,0.09731789733717211,0.00054618239577052,25,10,0
15,8923,0.9127440029640311,0.0007290174806026978,0.08597410235802048,0.0005528771973464262,25,10,0
15,8924,0.9124704579354703,0.0007290259078094671,0.08624766186553934,0.0005528542911815412,25,10,0
15,8925,0.9249931280538911,0.0007290338256668222,0.07372305076095911,0.0005547873594836216,25,10,0
15,8926,0.9244736005561708,0.0007290438160848416,0.07424255349209138,0.0005548021356537016,25,10,0
15,8927,0.9247244284050364,0.0007290437498502538,0.07399172653926044,0.0005548013058536125,25,10,0
15,8928,0.9407528541528312,0.0007290433464672032,0.0579663724286484,0.0005517300720538098,25,10,0
15,8929,0.9409776420225167,0.0007290335904821105,0.05774043698039736,0.0005528874066044874,25,10,0
15,8930,0.9413557919921907,0.0007290203858761181,0.05736588306964598,0.0005493045522878364,25,10,0
15,8931,0.9360770851894322,0.000729020161428955,0.06264460709553722,0.0005492875536019479,25,10,0
15,8932,0.9350644169019995,0.0007290197821874736,0.06365847216750488,0.0005480911483085279,25,10,0
15,8933,0.9348893187886881,0.0007290267321094115,0.06383310882990767,0.0005485456492951061,25,10,0
15,8934,0.9202553100972559,0.0007392390461683812,0.07845519210858547,0.0005502587479904762,25,10,0
15,8935,0.9260576367421598,0.0007388563356325859,0.07270253673542892,0.0005009701867790618,25,10,0
15,8936,0.8992976791672886,0.0007388920399767135,0.06844689370430015,0.03151653508843474,25,10,0
15,8937,0.8651528866085783,0.000738892048481315,0.10259167922123519,0.03151654212170639,25,10,0
15,8938,0.864817848301979,0.0007388926462921327,0.10292050255278927,0.031522756498940666,25,10,0
15,8939,0.8273744167360713,0.0007388930965269643,0.1401635286294892,0.03172316153791331,25,10,0
15,8940,0.8293491881718055,0.0007388742620983032,0.13818894260746475,0.03172299495863226,25,10,0
15,8941,0.8294331257368603,0.0007388657221227732,0.13810509315758676,0.03172291538343111,25,10,0
15,8942,0.8494725290762563,0.0007382895608945498,0.11806889933160819,0.031720282031241845,25,10,0
15,8943,0.8556040143420166,0.0007382894029738739,0.11193742910164739,0.03172026715336289,25,10,0
15,8944,0.8556721868499453,0.0007382823587739023,0.11187109053540575,0.03171844025587581,25,10,0
15,8945,0.8556991846479403,0.0007382823392545684,0.11184409097839426,0.03171844203441156,25,10,0
15,8946,0.8561017127487449,0.0007382826581922604,0.11144154667537197,0.031718457917691234,25,10,0
15,8947,0.8560873620714898,0.000738282764625984,0.11145586278951443,0.03171849237437012,25,10,0
15,8948,0.8557852207784657,0.0007382935477799116,0.11175704554837292,0.031719440125381804,25,10,0
15,8949,0.8562606864078165,0.0007382914502005747,0.11128245105870714,0.031718571083276,25,10,0
15,8950,0.8461542978797388,0.0007383192779849386,0.12138880699383042,0.031718575848446104,25,10,0
15,8951,0.8464015624994707,0.0007383140028403823,0.1211415815437015,0.03171854195398762,25,10,0
15,8952,0.8420437372936456,0.0007437196771846431,0.12546760363157394,0.03174493939759595,25,10,0
15,8953,0.8318521375030629,0.0007442079236636533,0.1355264314938364,0.031877223079437356,25,10,0
15,8954,0.8324436540427055,0.0007441988172333039,0.13493687191169923,0.03187527522836226,25,10,0
15,8955,0.8265047352866235,0.0007442016188367258,0.14087462521945754,0.03187643787508287,25,10,0
15,8956,0.8411375099016989,0.000733989305239409,0.12625377603862745,0.03187472475443472,25,10,0
15,8957,0.85183004968788,0.0007339620321105692,0.11555858766633864,0.0318774006136712,25,10,0
15,8958,0.85180480089863,0.0007339621278590465,0.11558383203654107,0.03187740493697064,25,10,0
15,8959,0.842887794349087,0.000734128385758917,0.1244999174548551,0.031878159810299816,25,10,0
15,8960,0.846419302201458,0.0007289141130652194,0.12095012682324766,0.03190165686222996,25,10,0
15,8961,0.8588788050636166,0.0007289136894289182,0.10869086073124658,0.0317014205157078,25,10,0
15,8962,0.8784759651262654,0.000728881217745547,0.11729998139091358,0.003495172265075603,25,10,0
15,8963,0.8787189983473267,0.0007288812990119374,0.11705697268500774,0.0034951476686537184,25,10,0
15,8964,0.8744809533173362,0.0007289450853295371,0.12126332566826478,0.0035267759290695975,25,10,0
15,8965,0.8729996580795104,0.0007289653124372937,0.12273931217568426,0.003532064432368308,25,10,0
15,8966,0.8732603124773713,0.0007289548663575032,0.12247951610443282,0.0035312165518385837,25,10,0
15,8967,0.8729233272647763,0.0007289532509463668,0.12281644607306147,0.003531273411216301,25,10,0
15,8968,0.8728333698201395,0.0007289537345640535,0.12290890799239311,0.0035287684529038306,25,10,0
15,8969,0.8706854479511538,0.0007290725757532552,0.12505628471923516,0.0035291947538583545,25,10,0
15,8970,0.8692759907366576,0.0007290912639929488,0.12646065103963938,0.0035342669597106273,25,10,0
15,8971,0.8639999061713373,0.0007289384679961926,0.12016525198178162,0.015105903378885545,25,10,0
15,8972,0.8655900384568814,0.0007289383359856057,0.11857515137360813,0.015105871833525391,25,10,0
15,8973,0.8656184144989624,0.0007289379416326963,0.1185467931939936,0.01510585436541182,25,10,0
15,8974,0.8657483929240718,0.0007289378460375882,0.11841683898414862,0.015105830245742786,25,10,0
15,8975,0.8601267679108353,0.0007288277949846817,0.12403809664630713,0.015106307647873745,25,10,0
15,8976,0.8604616397604059,0.0007288244340519903,0.12370328472378717,0.015106251081755754,25,10,0
15,8977,0.8751053909633523,0.0007288211330732637,0.1119350479670916,0.012230739936483883,25,10,0
15,8978,0.8765693590229999,0.0007288009808249453,0.11047631551697808,0.012225524479197952,25,10,0
15,8979,0.8757266974949115,0.000728800901863984,0.11131890556511184,0.012225596038113549,25,10,0
15,8980,0.8780426786663261,1.416515009473254e-06,0.10972956773196973,0.012226337086695712,25,10,0
15,8981,0.8668235984458882,1.3717984878649272e-06,0.12082501320510194,0.012350016550523375,25,10,0
15,8982,0.85166733681008,6.167630951282768e-06,0.13595253827842818,0.012373957280541175,25,10,0
15,8983,0.831959184566656,3.9226155038141925e-05,0.15563389379698025,0.012367695481325587,25,10,0
15,8984,0.8322299926017805,3.9226129280697164e-05,0.15536308520998415,0.012367696058954302,25,10,0
15,8985,0.8318285306689177,3.92407684043748e-05,0.1557645092839643,0.012367719278713364,25,10,0
15,8986,0.8360554776776685,3.8756971515326716e-05,0.15167027407475087,0.012235491276065429,25,10,0
15,8987,0.8397552050207598,3.8754888486205495e-05,0.1595429379076589,0.000663102183095487,25,10,0
15,8988,0.8457435417282352,3.875044665116728e-05,0.1535558046887163,0.0006619031363979576,25,10,0
15,8989,0.8450334245142912,3.8755270396002475e-05,0.15426589132818172,0.0006619288871315167,25,10,0
15,8990,0.8451791908143226,3.8755270310312935e-05,0.15412012643017278,0.000661927485194854,25,10,0
15,8991,0.8462401201609251,3.875474540675344e-05,0.1530591990810892,0.0006619260125791756,25,10,0
15,8992,0.8345821294420054,3.89653206756535e-05,0.16466171035539154,0.0007171948819273787,25,10,0
15,8993,0.8354387933364045,3.877341420191734e-05,0.16385508588734,0.0006673473620537994,25,10,0
15,8994,0.8600698525403341,3.8773494691520416e-05,0.13922417104978035,0.0006672029151945607,25,10,0
15,8995,0.8548802180070056,3.9024823939414605e-05,0.14441244551417964,0.0006683116548758055,25,10,0
15,8996,0.8571767669845061,3.896732878808549e-05,0.14253997225712178,0.0002442934295842649,25,10,0
15,8997,0.8565971337202908,3.896727026540265e-05,0.14311960658757653,0.0002442924218676515,25,10,0
15,8998,0.8682578130125976,3.875663083429778e-05,0.13151440782990098,0.00018902252666737592,25,10,0
15,8999,0.8622263764845937,3.875670637095824e-05,0.1375446893598262,0.00019017744920957316,25,10,0
15,9000,0.8620924645569492,3.87567409549309e-05,0.1376786217791328,0.00019015692296345523,25,10,0
15,9001,0.8620282907784997,3.877107271780947e-05,0.13773913080600722,0.00019380734277566695,25,10,0
15,9002,0.8552210011597456,3.87794697967857e-05,0.14454637266932127,0.00019384670113683388,25,10,0
15,9003,0.8550382041150892,3.878457672898717e-05,0.14472915228907957,0.00019385901910279842,25,10,0
15,9004,0.8547828616522782,3.878431922398522e-05,0.14498455851854034,0.0001937955099580159,25,10,0
15,9005,0.8549611772511273,3.87799891704295e-05,0.14480628674910961,0.0001937560105932452,25,10,0
15,9006,0.8514136160193531,3.878427597421569e-05,0.1483538178916448,0.00019378181302854777,25,10,0
15,9007,0.8255596392505613,3.8772793487299874e-05,0.17420783698060624,0.00019375097534506103,25,10,0
15,9008,0.8296204078505657,3.901953205364234e-05,0.17014731959528465,0.0001932530220955118,25,10,0
15,9009,0.8305074042395159,3.90008567895087e-05,0.16925998620212623,0.00019360870156766375,25,10,0
15,9010,0.836987702450731,3.928051517125758e-05,0.16277800694600306,0.00019501008809398368,25,10,0
15,9011,0.843060611367205,3.92804330947546e-05,0.15670625470737373,0.00019385349232599984,25,10,0
15,9012,0.8424098898900414,3.92811516937978e-05,0.15735697332085197,0.00019385563741215265,25,10,0
15,9013,0.8427366350468387,3.927668791163616e-05,0.15703028735664318,0.0001938009086058221,25,10,0
15,9014,0.8463726197127274,3.9286956244765645e-05,0.15339429000453214,0.00019380332649468834,25,10,0
15,9015,0.8464658403167661,3.929132962095865e-05,0.15330042384187956,0.0001944445117324395,25,10,0
15,9016,0.8806025830484069,3.9296413520234694e-05,0.11916365862448484,0.00019446191358726679,25,10,0
15,9017,0.8764940523912648,3.9561678035561124e-05,0.12324119604940025,0.0002251898812985589,25,10,0
15,9018,0.8771991761953964,3.955676898817994e-05,0.12253607007346683,0.00022519696214762336,25,10,0
15,9019,0.8421059666127618,3.9676599126957435e-05,0.15701962845287448,0.0008347283352362984,25,10,0
15,9020,0.8423328528819504,3.968170514493895e-05,0.1567927353509954,0.0008347300619088395,25,10,0
15,9021,0.8600975379551001,3.9561171263432394e-05,0.13963770079169363,0.00022520008194210195,25,10,0
15,9022,0.8562516773565199,3.956125667542907e-05,0.14348356100790885,0.00022520037889536173,25,10,0
15,9023,0.8560059240110899,3.956117248558251e-05,0.1437293137992971,0.00022520101712725148,25,10,0
15,9024,0.8560355755360224,3.954723324554155e-05,0.14369969540439725,0.00022518182633483852,25,10,0
15,9025,0.8560308511652153,3.9547233925022994e-05,0.14370441960505068,0.0002251819958090462,25,10,0
15,9026,0.855943811202432,3.954232160798309e-05,0.1437905733423775,0.00022607313358274483,25,10,0
15,9027,0.8560069916867815,3.954232682997973e-05,0.14372736880512607,0.00022609718126244502,25,10,0
15,9028,0.8715434063422479,3.952293789293546e-05,0.1283463737151808,7.06970046783801e-05,25,10,0
15,9029,0.8711703873349096,3.95228718360536e-05,0.12871934198993987,7.074780331453832e-05,25,10,0
15,9030,0.8589769190706272,5.000829379120801e-05,0.1409014412356359,7.163139994590802e-05,25,10,0
15,9031,0.8627862845536172,5.000973725862605e-05,0.13709201680734937,7.168890177500598e-05,25,10,0
15,9032,0.8575002285213693,5.000998629340766e-05,0.14237804741485274,7.171407748445293e-05,25,10,0
15,9033,0.8235767983607899,5.178155924491621e-05,0.14938276518034616,0.02698865489961896,25,10,0
15,9034,0.8237159742695523,5.177634563182094e-05,0.14924362065238686,0.026988628732428865,25,10,0
15,9035,0.8238105198839476,5.177592296457596e-05,0.1491490072189964,0.026988696974091356,25,10,0
15,9036,0.823894097177117,5.177583777848733e-05,0.1490662967306102,0.026987830254494125,25,10,0
15,9037,0.8238277551135532,5.1777331504126486e-05,0.14913263152172462,0.02698783603321792,25,10,0
15,9038,0.8425351135938793,4.642014175754794e-05,0.13045640604679531,0.026962060217567613,25,10,0
15,9039,0.8310879138697973,4.616399460772973e-05,0.1419044427657042,0.026961479369890417,25,10,0
15,9040,0.8493687695845183,4.6163979669116295e-05,0.12362359060768421,0.02696147582812831,25,10,0
15,9041,0.8465930752409605,4.616418039468664e-05,0.12639809322725218,0.02696266735139238,25,10,0
15,9042,0.8329999718959918,4.617334516616285e-05,0.13994003354493292,0.027013821213908842,25,10,0
15,9043,0.8361061322191757,4.616895516504886e-05,0.13683503648678907,0.0270126623388699,25,10,0
15,9044,0.8357546153347063,4.618028421824371e-05,0.1371864881597694,0.02701271622130581,25,10,0
15,9045,0.8223991975397985,4.6188960558725184e-05,0.14750521063345393,0.03004940286618908,25,10,0
15,9046,0.8227137343343179,4.6179286167981414e-05,0.14719134972310227,0.030048736656412004,25,10,0
15,9047,0.8035917502192029,7.88231848679067e-05,0.16628068860312775,0.03004873799280206,25,10,0
15,9048,0.8062157923160267,7.88235565724199e-05,0.16365666891772818,0.03004871520967331,25,10,0
15,9049,0.8322397533234671,7.728615984901547e-05,0.1609925147285832,0.0066904457881013036,25,10,0
15,9050,0.8389947581454404,7.707064565808808e-05,0.15779622327942724,0.00313194792947463,25,10,0
15,9051,0.8436268071513382,7.724579077719016e-05,0.1532152479083823,0.0030806991495023976,25,10,0
15,9052,0.8441821092990821,7.724533593840335e-05,0.1526598847535712,0.0030807606114083997,25,10,0
15,9053,0.8097720196087836,7.859738095631461e-05,0.18706867577960007,0.0030807072306605256,25,10,0
15,9054,0.8098994958242725,7.859737924480946e-05,0.18694123176085445,0.003080675035628649,25,10,0
15,9055,0.8038519653036315,7.860484619028925e-05,0.19298867692823912,0.0030807529219398543,25,10,0
15,9056,0.8097773789115981,7.860484402157093e-05,0.1870632636638591,0.0030807525805217743,25,10,0
15,9057,0.7710103123123093,7.860435008144064e-05,0.1878204887511092,0.04109059458650055,25,10,0
15,9058,0.7769618287027292,7.835336745267591e-05,0.18186903847023447,0.041090779459584385,25,10,0
15,9059,0.7710532463773977,7.835760481824106e-05,0.1877764782581791,0.041091917759605634,25,10,0
15,9060,0.779988508524121,7.817524097910245e-05,0.1788414029578602,0.041091913277040336,25,10,0
15,9061,0.7860244787794861,7.816803801242332e-05,0.17280551729074323,0.04109183589175897,25,10,0
15,9062,0.7841802837900466,7.818096147146017e-05,0.17444960222507053,0.04129193302341167,25,10,0
15,9063,0.7840364564529928,7.818104776919932e-05,0.17459340787358962,0.041291954625648455,25,10,0
15,9064,0.7839059476376293,7.818094442558267e-05,0.17472389113465348,0.041291980283291584,25,10,0
15,9065,0.786736962585491,7.817774134606338e-05,0.17189146456327525,0.0412933951098879,25,10,0
15,9066,0.7867710340141175,7.817741697049834e-05,0.17185880019856928,0.041291988370342904,25,10,0
15,9067,0.806266268736961,4.55332186361973e-05,0.15239626339783383,0.04129193464656909,25,10,0
15,9068,0.804272131034929,4.553330231961795e-05,0.15438977713705754,0.041292558525693926,25,10,0
15,9069,0.8168373518305456,4.55218860282615e-05,0.14182338781009998,0.04129373847332605,25,10,0
15,9070,0.815038089718416,4.5544808065029315e-05,0.1436225185886081,0.04129384688491088,25,10,0
15,9071,0.814478402717003,4.554724348258917e-05,0.14418218790840032,0.04129386213111389,25,10,0
15,9072,0.8128390514124171,4.664727756891732e-05,0.145820371156797,0.04129393015321688,25,10,0
15,9073,0.8140299911923319,4.687332388635615e-05,0.144570177789841,0.041352957693940644,25,10,0
15,9074,0.8019358487072482,1.6274515621956665e-05,0.15668323900398848,0.04136463777314193,25,10,0
15,9075,0.8020583570832135,1.627448012762151e-05,0.1565607393413513,0.04136462909530819,25,10,0
15,9076,0.7884771523950345,1.6274128667789592e-05,0.17013934118671104,0.04136723228958701,25,10,0
15,9077,0.7831392130255078,1.6274134687322266e-05,0.17547726206171102,0.04136725077809426,25,10,0
15,9078,0.7835106357018773,1.627387601748151e-05,0.17510591192965438,0.04136717849245108,25,10,0
15,9079,0.7792895848298897,1.6533171343817416e-05,0.1793260492989292,0.041367832699837376,25,10,0
15,9080,0.7930579489806558,1.6523655670146084e-05,0.1655602881656132,0.04136523919806083,25,10,0
15,9081,0.7902682376230237,1.6796889590393065e-05,0.16834787659340397,0.04136708889398182,25,10,0
15,9082,0.7785844895113434,1.6967296533920657e-05,0.18002990440142266,0.041368638790700046,25,10,0
15,9083,0.7832170621067003,1.670202067124953e-05,0.1754337526438655,0.04133248322876264,25,10,0
15,9084,0.7854505202288301,1.5599536701058024e-05,0.1732015774182546,0.041332302816213945,25,10,0
15,9085,0.7849186546127979,1.560061386519997e-05,0.17372835607834536,0.04133738869499112,25,10,0
15,9086,0.7828347329388771,2.5661153773344227e-05,0.1758013234927591,0.04133828241459003,25,10,0
15,9087,0.7842502963785304,2.5423779910175907e-05,0.17437704480583663,0.04134723503572226,25,10,0
15,9088,0.7921487798945396,1.535910637936241e-05,0.16648988169832996,0.041345979300750735,25,10,0
15,9089,0.7916453398426658,1.5359112249995777e-05,0.1669931947269446,0.04134610631813915,25,10,0
15,9090,0.7919678715124568,1.533962790195076e-05,0.16667637949389125,0.04134040936574945,25,10,0
15,9091,0.8043516126628133,1.5368028010103323e-05,0.15732916576558414,0.038303853543592586,25,10,0
15,9092,0.8036867624372742,1.5376814252522256e-05,0.15799393399153364,0.03830392675693964,25,10,0
15,9093,0.7939034643059049,2.47695761469604e-05,0.16776624941494078,0.038305516703006845,25,10,0
15,9094,0.7912066821727716,2.4772303059381263e-05,0.17046171821438605,0.03830682730978232,25,10,0
15,9095,0.8233341090564565,2.2326322272617612e-05,0.13834841524601105,0.03829514937525966,25,10,0
15,9096,0.8085157366604925,2.2319153940607695e-05,0.15317187487035436,0.038290069315212547,25,10,0
15,9097,0.8314464650423301,2.112574336584648e-05,0.13024076973012386,0.03829163948418048,25,10,0
15,9098,0.8249169559847032,2.1119785873134708e-05,0.1367033609260696,0.038358563303354465,25,10,0
15,9099,0.826214620841415,2.1096875373188794e-05,0.1354058270407562,0.03835845524245583,25,10,0
15,9100,0.8205009282652591,2.1089078130062652e-05,0.14118123806104643,0.038296744595564446,25,10,0
15,9101,0.8203089410177091,2.1089080926571784e-05,0.1413732481976168,0.03829672170374764,25,10,0
15,9102,0.8213149172732769,2.1050475568787384e-05,0.1403674991691429,0.03829653308201145,25,10,0
15,9103,0.8053809955695188,2.080561541184157e-05,0.1562984792793721,0.03829971953569746,25,10,0
15,9104,0.805318481494725,2.0810276071684375e-05,0.15636095924915797,0.03829974898004546,25,10,0
15,9105,0.8052134760926883,2.0805242011132005e-05,0.15646601011278252,0.03829970855251806,25,10,0
15,9106,0.8052019960408431,2.0805278317090967e-05,0.15647748163886305,0.038299717041976884,25,10,0
15,9107,0.8162411188851655,2.0639134965739695e-05,0.14537496211293213,0.03836327986693639,25,10,0
15,9108,0.8220932679453864,2.0640085855670225e-05,0.13958794062748478,0.03829815134127306,25,10,0
15,9109,0.8375401907525183,2.0628410096645763e-05,0.12414108566514759,0.038298095172237694,25,10,0
15,9110,0.8385010514977153,2.0402191402637926e-05,0.1232401248061078,0.03823842150477467,25,10,0
15,9111,0.8384374516476107,2.039715280703561e-05,0.1233037228013622,0.038238428398220344,25,10,0
15,9112,0.8765701377333345,2.0384600468702332e-05,0.08537105383978588,0.03803842382641193,25,10,0
15,9113,0.8939099862775046,2.0387903129647896e-05,0.0680303916619373,0.038039234157428936,25,10,0
15,9114,0.8966953367403236,2.0370203978260782e-05,0.06524969402961583,0.03803459902608265,25,10,0
15,9115,0.8907786230847582,2.037056053749242e-05,0.0711656902396736,0.03803531611503113,25,10,0
15,9116,0.8912036424063138,2.0383174458212353e-05,0.07074148101925024,0.03803449339997816,25,10,0
15,9117,0.8816286254808421,2.0593902324595038e-05,0.08031526748211475,0.0380355131347193,25,10,0
15,9118,0.8814407252456481,2.0594115925722187e-05,0.0805031528696249,0.03803552776880208,25,10,0
15,9119,0.8512810947577318,2.0630982701184906e-05,0.11066257511653188,0.03803569914303552,25,10,0
15,9120,0.8562704553588689,2.0657385227657705e-05,0.10567320555485299,0.038035681701050546,25,10,0
15,9121,0.8555542157724403,2.0656278374515262e-05,0.10638941651511942,0.03803571143406567,25,10,0
15,9122,0.8552429198344016,2.0643233335745706e-05,0.10533638878570376,0.0394000481465588,25,10,0
15,9123,0.8572325246275345,2.06550597978547e-05,0.10334801300199047,0.039398807310677075,25,10,0
15,9124,0.8610509272804626,2.065537778352703e-05,0.0995275230960305,0.039400894245723246,25,10,0
15,9125,0.844111702240407,2.066516961433694e-05,0.11647162583319773,0.03939600675678062,25,10,0
15,9126,0.8432568050732564,2.0666858984984493e-05,0.11731406819274091,0.03940845987501728,25,10,0
15,9127,0.8433162391280856,2.0666733873030276e-05,0.11725464804625617,0.03940844609178482,25,10,0
15,9128,0.8419934947499546,2.0685931795744014e-05,0.11857728800897341,0.03940853130927612,25,10,0
15,9129,0.8720066270155002,2.0649324225713597e-05,0.08856436277461718,0.039408360885657315,25,10,0
15,9130,0.8838884956131987,2.0648824418464613e-05,0.07668771208951716,0.03940314347286591,25,10,0
15,9131,0.8850178291021001,2.063738170855887e-05,0.07555837913135595,0.03940315438483565,25,10,0
15,9132,0.8781777107043787,2.1112968575536833e-05,0.08239631558639729,0.039404860740648855,25,10,0
15,9133,0.8422467594650839,2.111153125899579e-05,0.11833965377851992,0.0393924752251376,25,10,0
15,9134,0.851760425670725,2.1103605806124813e-05,0.10882465062397785,0.039393820099491335,25,10,0
15,9135,0.8524407737941185,2.1089076930286795e-05,0.10814428876977412,0.03939384835917755,25,10,0
15,9136,0.8525676360763838,2.108899163286064e-05,0.10801742711699142,0.03939384781499218,25,10,0
15,9137,0.840619747545264,2.1117722566908743e-05,0.11996528251491,0.03939385221725916,25,10,0
15,9138,0.8409010426830256,2.1086092524971054e-05,0.11962836681403889,0.03944950441041086,25,10,0
15,9139,0.8476984847937943,2.091624415942814e-05,0.11276557387383537,0.03951502508821045,25,10,0
15,9140,0.8226615670968386,3.178305786477338e-05,0.134926910144645,0.04237973970065056,25,10,0
15,9141,0.8278221777992217,3.178280878631411e-05,0.12976632488860534,0.04237971450338554,25,10,0
15,9142,0.8217576618215808,3.178737134697812e-05,0.13582887647181446,0.04238167433525679,25,10,0
15,9143,0.8216341777174172,3.1792562070129084e-05,0.1359523149074144,0.04238171481309731,25,10,0
15,9144,0.8273573205173349,2.1311699186146717e-05,0.13023935957310606,0.042382008210371865,25,10,0
15,9145,0.8273044488132436,2.1311125133392983e-05,0.13029555446075697,0.042378685600865246,25,10,0
15,9146,0.8244153684276054,2.1349112526246254e-05,0.13317954885526417,0.042383733604603506,25,10,0
15,9147,0.8342707667830197,1.1956237068245472e-05,0.12333515515911103,0.042382121820800235,25,10,0
15,9148,0.8590749846470922,1.0898137373643759e-06,0.10140656709069158,0.03951735844847823,25,10,0
15,9149,0.8963595758067531,1.0895588634321745e-06,0.06412204293469734,0.039517291699686735,25,10,0
15,9150,0.8966347517836369,1.0892337362335669e-06,0.06384691587123222,0.039517243111395116,25,10,0
15,9151,0.8928394320430897,1.0998573399730405e-06,0.06764299225769092,0.03951647584187985,25,10,0
15,9152,0.8569844084931557,1.1219911687709899e-06,0.10349799797638928,0.0395164715392858,25,10,0
15,9153,0.867192101882985,9.112308490713616e-07,0.09329152779739712,0.03951545908876854,25,10,0
15,9154,0.8290974460211473,7.968854882868482e-05,0.13130090509077033,0.039521960339252836,25,10,0
15,9155,0.8172102087914545,8.043836958875185e-05,0.14318387614036676,0.03952547669858875,25,10,0
15,9156,0.8289719666832613,7.96888757036927e-05,0.13142634444078125,0.039522000000252765,25,10,0
15,9157,0.8288099452147096,7.968887956474466e-05,0.1315070091363779,0.03960335676934701,25,10,0
15,9158,0.8288167068293381,7.969109463629735e-05,0.13150023500426708,0.039603367071757614,25,10,0
15,9159,0.8276476254208799,8.023601016044664e-05,0.13266622735473677,0.03960591121422186,25,10,0
15,9160,0.8275810322753777,8.023522151429994e-05,0.1324762516718844,0.03986248083122254,25,10,0
15,9161,0.834044799823085,8.023070038997714e-05,0.126013656489872,0.039861312986651964,25,10,0
15,9162,0.8341695464702472,8.022869770991276e-05,0.12588886629619073,0.0398613585358511,25,10,0
15,9163,0.831471099272846,8.034265559287796e-05,0.1285866773735363,0.03986188069802404,25,10,0
15,9164,0.8376174995923518,8.008571022577925e-05,0.12243919623998886,0.03986321845743282,25,10,0
15,9165,0.8435659413044131,8.007846380681598e-05,0.11655794863974829,0.039796031592031156,25,10,0
15,9166,0.843651990732797,8.007826143294051e-05,0.11647192418579216,0.0397960068199772,25,10,0
15,9167,0.8374774924393882,8.026853478342609e-05,0.12264623059178957,0.03979600843403812,25,10,0
15,9168,0.8367715051102121,8.026179183079445e-05,0.12340778667408553,0.0397404464238711,25,10,0
15,9169,0.8250440641496393,8.026200771163389e-05,0.13513410038468596,0.03974157345796283,25,10,0
15,9170,0.8250244254893521,8.026198478007552e-05,0.13515374816062953,0.03974156436523792,25,10,0
15,9171,0.8251453226562756,8.026157433371345e-05,0.1350328661953517,0.039741549574038575,25,10,0
15,9172,0.8255580683004007,8.026639866552363e-05,0.13462012721183703,0.03974153808909649,25,10,0
15,9173,0.8163603162537547,8.101201197645267e-05,0.1438221864242495,0.039736485310019345,25,10,0
15,9174,0.8146501103908078,2.23533577568815e-06,0.1456022903740096,0.03974536389940687,25,10,0
15,9175,0.8219584221740219,2.237353169774753e-06,0.13829547255807306,0.039743867914735206,25,10,0
15,9176,0.8228192994579011,2.2368412954839373e-06,0.13745007183650132,0.03972839186430186,25,10,0
15,9177,0.8231099414038016,1.953022957486162e-06,0.1371611149667145,0.03972699060652583,25,10,0
15,9178,0.8259457088038049,1.830294098797909e-06,0.13432065389384257,0.03973180700825327,25,10,0
15,9179,0.8299659201210194,1.8194704443462097e-06,0.13030051082551883,0.03973174958301711,25,10,0
15,9180,0.8689042651174071,1.8190571447615085e-06,0.09136216854090354,0.03973174728454465,25,10,0
15,9181,0.8684762794241742,1.824269883706526e-06,0.09178742984064459,0.039734466465297644,25,10,0
15,9182,0.8685082830621293,1.8242533857858778e-06,0.091755426677973,0.03973446600651191,25,10,0
15,9183,0.8305177117369638,1.8705825494174192e-06,0.12972163398815836,0.03975878369232797,25,10,0
15,9184,0.8132231009297957,1.937558229513598e-06,0.14701582903307936,0.039759132478895204,25,10,0
15,9185,0.8070939981975331,2.2568956548765385e-06,0.15311532259817112,0.03978842230864062,25,10,0
15,9186,0.8059787085945331,2.3074028673065586e-06,0.15423056450994596,0.03978841949265357,25,10,0
15,9187,0.8059719904306885,2.3077159226810173e-06,0.15424260740921208,0.03978309444417688,25,10,0
15,9188,0.8119165414254697,2.3034288288532834e-06,0.14830001961715392,0.03978113552854752,25,10,0
15,9189,0.8117392333563964,2.3064445477890476e-06,0.14847732315502063,0.039781137044035214,25,10,0
15,9190,0.8084053637773272,2.3144072710220284e-06,0.1518100824806265,0.03978223933477532,25,10,0
15,9191,0.8024863495151757,2.9202049816813514e-06,0.15772679177406515,0.03978393850577795,25,10,0
15,9192,0.8073664855979754,2.601591046471026e-06,0.15287616185591724,0.039754750955061355,25,10,0
15,9193,0.8259379231906732,1.9844900570618292e-06,0.13430818727856997,0.03975190504069939,25,10,0
15,9194,0.8271847592460692,1.9765567566716595e-06,0.13306195682030791,0.03975130737686577,25,10,0
15,9195,0.82746752388415,1.9716124499360164e-06,0.13278189179056973,0.03974861271282995,25,10,0
15,9196,0.8255539248816323,1.9721339081543585e-06,0.13469525762763748,0.03974884535682185,25,10,0
15,9197,0.8203531099026939,1.9716485070606757e-06,0.13989390469787974,0.03975101375091942,25,10,0
15,9198,0.820350507120269,1.9712910755061543e-06,0.13989787364843193,0.039749647940223794,25,10,0
15,9199,0.8203480365892498,1.971291239867753e-06,0.13964884598662217,0.04000114613288876,25,10,0
15,9200,0.8135526466418536,1.971706645514081e-06,0.146444195939725,0.040001185711776695,25,10,0
15,9201,0.7791233539209442,1.939388051086382e-06,0.16935137106417272,0.051523335626832596,25,10,0
15,9202,0.7790062007741743,1.93948108242351e-06,0.1694685245181197,0.05152333522662422,25,10,0
15,9203,0.778997493117595,1.939390608037726e-06,0.16947723172827545,0.0515233357635222,25,10,0
15,9204,0.773092366075592,2.3217293044644253e-06,0.1752807687845449,0.05162454341055902,25,10,0
15,9205,0.7732051423181778,2.3289711076694406e-06,0.1751679841579082,0.051624544552806954,25,10,0
15,9206,0.773467478015933,2.3286961580502706e-06,0.17490569844985923,0.05162449483805047,25,10,0
15,9207,0.773593047157942,2.3286028157044703e-06,0.1747801298588638,0.051624494380379124,25,10,0
15,9208,0.7806955033429768,2.476505822400999e-06,0.16767667168473632,0.05162534846646524,25,10,0
15,9209,0.7642476726211594,3.1252232767373446e-06,0.1839537519323457,0.05179545022321832,25,10,0
15,9210,0.7515463014462505,1.0540346632952255e-05,0.19657839078196607,0.05186476742515076,25,10,0
15,9211,0.7514897877840703,1.0541096497007851e-05,0.19663489252512062,0.0518647785943123,25,10,0
15,9212,0.7515002418953702,1.0541093185559766e-05,0.1966244388757033,0.05186477813574093,25,10,0
15,9213,0.7526296831051461,1.239560394499127e-05,0.20724242826451067,0.040115493026397955,25,10,0
15,9214,0.7835145758111735,1.0550140421103882e-05,0.20191782551400245,0.014557048534402942,25,10,0
15,9215,0.7971635943380615,3.134555734240271e-06,0.18834422718824062,0.014489043917963604,25,10,0
15,9216,0.8325711867647378,3.1084327497375724e-06,0.16445891270830348,0.002966792094209107,25,10,0
15,9217,0.8395860782298566,2.725319077271359e-06,0.15754568324554788,0.0028655132055182913,25,10,0
15,9218,0.8394711826193716,2.720114731519945e-06,0.1576578840865757,0.0028682131793213344,25,10,0
15,9219,0.8514099109980977,1.9375773868778364e-06,0.1457196837154842,0.002868467709031817,25,10,0
15,9220,0.8510343906653501,1.9556536914516147e-06,0.1460950595090149,0.002868594171944015,25,10,0
15,9221,0.8515163521422677,1.9558052402976422e-06,0.14561581400526033,0.002865878047232101,25,10,0
15,9222,0.8873223269782303,1.9341385672259686e-06,0.10980982396203647,0.0028659149211660213,25,10,0
15,9223,0.8875217979885217,1.9338712469172896e-06,0.109610352965678,0.0028659151745533355,25,10,0
15,9224,0.8875260968178861,1.9339045442527104e-06,0.10960604751494213,0.0028659217626275115,25,10,0
15,9225,0.8866023302510349,1.7166034810500646e-06,0.11053289582331108,0.0028630573221731085,25,10,0
15,9226,0.8758389970208121,1.904090301023171e-06,0.12124039176307086,0.002918707125816025,25,10,0
15,9227,0.8819285523289858,1.7138156899732428e-06,0.11515102849013102,0.002918705365192735,25,10,0
15,9228,0.8992911932915306,1.1079593032680803e-06,0.09779187299272714,0.002915825756438415,25,10,0
15,9229,0.8984429149809121,1.1239349053082324e-06,0.09858326154474634,0.0029726995394359352,25,10,0
15,9230,0.897172687414575,1.1599179474362282e-06,0.09985239923089947,0.0029737534365776126,25,10,0
15,9231,0.8808712862286684,1.1603670084404884e-06,0.11615380070964586,0.002973752694676917,25,10,0
15,9232,0.8808809283777748,1.1603708699045524e-06,0.11614415807138129,0.0029737531799736068,25,10,0
15,9233,0.8808952550510439,1.4422466351583077e-06,0.11612952619747775,0.0029737765048426516,25,10,0
15,9234,0.8985397812842995,1.4256997157408731e-06,0.09850398136765148,0.002954811648333183,25,10,0
15,9235,0.8986617033194816,1.426027182837731e-06,0.09838204938255962,0.0029548212707758846,25,10,0
15,9236,0.9138668415949405,8.009453512522507e-07,0.08334752137514306,0.0027848360845650283,25,10,0
15,9237,0.9109751249477285,5.648201587020888e-06,0.08621129835254372,0.002807928498140559,25,10,0
15,9238,0.902724775926267,5.650580427457826e-06,0.09446295733222636,0.0028066161610791076,25,10,0
15,9239,0.9045631987978595,5.82146631720844e-06,0.09262306387723684,0.002807915858586627,25,10,0
15,9240,0.9035284752994511,6.740019781973374e-06,0.09365689007586249,0.002807894604904562,25,10,0
15,9241,0.9036430376551908,6.739509742551913e-06,0.0935423649692733,0.0028078578657937054,25,10,0
15,9242,0.9113385295936324,6.7445469906816895e-06,0.08850642111278573,0.00014830474659062895,25,10,0
15,9243,0.8972253639879483,6.767148573128327e-06,0.10261698201268243,0.0001508868507959372,25,10,0
15,9244,0.8977035856498674,6.600551770975638e-06,0.10214052036402016,0.0001492934343412514,25,10,0
15,9245,0.9001128711883994,5.658270156021683e-06,0.09973228031046036,0.00014919023098368444,25,10,0
15,9246,0.8998520440294938,5.658521455078168e-06,0.0999931063188767,0.0001491911301739767,25,10,0
15,9247,0.899573547308819,5.658703496516469e-06,0.10027157865527693,0.00014921533240685867,25,10,0
15,9248,0.8988219334526005,5.677594865504405e-06,0.10102298350010512,0.00014940545242818763,25,10,0
15,9249,0.8953801791579566,6.458272531217535e-05,0.10440082230006288,0.00015441581666813102,25,10,0
15,9250,0.8894485899708526,6.459937158509181e-05,0.1103325712796321,0.0001542393779296871,25,10,0
15,9251,0.8856972551390279,6.484205576847328e-05,0.11408359603141324,0.00015430677379009284,25,10,0
15,9252,0.8765150360254813,6.542788296683258e-05,0.12326520283424179,0.00015433325730958557,25,10,0
15,9253,0.8801021776887639,6.51773078441823e-05,0.11967774328703377,0.0001549017163577069,25,10,0
15,9254,0.8769380400976413,7.36135088839126e-05,0.1228320532138876,0.00015629317958670467,25,10,0
15,9255,0.8771751939366125,7.333192192026713e-05,0.12259410500568435,0.00015736913578242112,25,10,0
15,9256,0.876824143617489,7.333670424862581e-05,0.12286775186422373,0.000234767814038155,25,10,0
15,9257,0.8763429264022733,7.334152434525966e-05,0.12334772729610032,0.00023600477728078693,25,10,0
15,9258,0.862656642432847,1.5096165836020659e-05,0.13709416805608524,0.0002340933452310607,25,10,0
15,9259,0.8632758903296677,1.509109887617888e-05,0.1365534228913769,0.00015559568007836988,25,10,0
15,9260,0.8637662186924139,1.5086243904045968e-05,0.13606434449695815,0.00015435056672346244,25,10,0
15,9261,0.8541675337985056,1.5183359197886536e-05,0.14566202279051746,0.00015526005177831335,25,10,0
15,9262,0.8634799726645452,1.459239585285446e-05,0.1363502266022489,0.0001552083373522582,25,10,0
15,9263,0.8644748046671167,1.4573252996424236e-05,0.13535560399646984,0.00015501808341661472,25,10,0
15,9264,0.8599684022658868,1.4579431643515963e-05,0.1398619700438456,0.00015504825862392555,25,10,0
15,9265,0.8726085523103743,1.4573591725250529e-05,0.12721774738916972,0.0001591267087308198,25,10,0
15,9266,0.8813156441658251,9.726300577071043e-06,0.11853324897241573,0.00014138056118247414,25,10,0
15,9267,0.8803106713607205,9.690932309883978e-06,0.1195344564167791,0.00014518129019080788,25,10,0
15,9268,0.8849473327735954,9.515038761790838e-06,0.11489443533555578,0.00014871685208720919,25,10,0
15,9269,0.8852145094841974,9.500932688600649e-06,0.11462733943564908,0.00014865014746498278,25,10,0
15,9270,0.8496024509170682,9.501291925561357e-06,0.1139997233092013,0.03638832448180502,25,10,0
15,9271,0.8425166161528136,9.69093555566638e-06,0.11825410531190567,0.039219587599725055,25,10,0
15,9272,0.8408444870288854,9.720611897543561e-06,0.1199224537445022,0.03922333861471494,25,10,0
15,9273,0.8400882730202015,9.722165175553578e-06,0.12067864775961476,0.03922335705500818,25,10,0
15,9274,0.8410689542477016,9.942218817712287e-06,0.1197021737074928,0.039218929825987923,25,10,0
15,9275,0.8410721522374573,1.5030135024377897e-06,0.11788164792378827,0.04104469682525186,25,10,0
15,9276,0.8476784492409165,1.3136642588387282e-06,0.1141067954630821,0.03821344163174257,25,10,0
15,9277,0.8469178624734731,1.3129296693246179e-06,0.11486747069355535,0.03821335390330244,25,10,0
15,9278,0.8278097973102065,1.3106182031766867e-06,0.13397400665868164,0.03821488541290832,25,10,0
15,9279,0.8472145923008751,1.3104730863227104e-06,0.11457138184303385,0.038212715383004935,25,10,0
15,9280,0.8584186010264436,1.1115855779811983e-06,0.10342202867598692,0.038158258711991674,25,10,0
15,9281,0.8487970244817115,1.0994207554035966e-06,0.1130432951685954,0.03815858092893764,25,10,0
15,9282,0.8641207519553612,2.172864853640564e-06,0.09771830985881808,0.038158765320966896,25,10,0
15,9283,0.8554232903482922,2.1793867050443343e-06,0.10641452756390962,0.038160002701092585,25,10,0
15,9284,0.8538370329353556,2.2210499702164684e-06,0.10800067257714913,0.03816007343752469,25,10,0
15,9285,0.868480888821653,1.579466159024773e-06,0.09309516768146012,0.03842236403072815,25,10,0
15,9286,0.8684561851003626,1.5990681233045689e-06,0.09311984775858662,0.03842236807292758,25,10,0
15,9287,0.869412117611006,1.5695666360121673e-06,0.09216235943883536,0.03842395338352271,25,10,0
15,9288,0.8701021061478627,4.974209213113307e-07,0.09147333176971889,0.0384240646614972,25,10,0
15,9289,0.8694346231061981,5.166591410031268e-07,0.09214076355463746,0.03842409668002375,25,10,0
15,9290,0.8897102091825653,4.875941591605984e-07,0.07187046365916683,0.03841883956410877,25,10,0
15,9291,0.8775845486939556,4.900624962751833e-07,0.08399542048898648,0.03841954075456157,25,10,0
15,9292,0.8785354701071765,4.902571807064709e-07,0.08304988221814347,0.03841415741749913,25,10,0
15,9293,0.8780234996361068,4.794334573393575e-07,0.08356178907795503,0.03841423185248085,25,10,0
15,9294,0.8781872634825959,4.7269189097825165e-07,0.08339934391172081,0.038412919913792275,25,10,0
15,9295,0.8886798531448968,4.688665878834535e-07,0.07296404960333405,0.0383556283851811,25,10,0
15,9296,0.8909729139593182,4.5032874461489423e-07,0.07093630409924243,0.03809033161269478,25,10,0
15,9297,0.8629239061003241,3.660329729419518e-07,0.09898294011169659,0.03809278775500631,25,10,0
15,9298,0.845184974674835,3.663963493799259e-07,0.11672196564065446,0.03809269328816013,25,10,0
15,9299,0.8541228169281615,3.5831918109763726e-07,0.10778536452630652,0.03809146022635021,25,10,0
15,9300,0.8148196435379782,3.176010422006069e-05,0.14705711256697612,0.03809148379082489,25,10,0
15,9301,0.8128581658412964,3.175904578960567e-05,0.15251979796539605,0.034590277147517466,25,10,0
15,9302,0.7783505638878142,3.301988348898309e-05,0.18702461942280507,0.03459179680589096,25,10,0
15,9303,0.7557733852799576,3.299771598272613e-05,0.20959719726636689,0.03459641973769377,25,10,0
15,9304,0.755740369447653,3.29895973692047e-05,0.20963018982658485,0.03459645112839413,25,10,0
15,9305,0.7500151696647834,3.299115213161756e-05,0.21535679521588563,0.03459504396720046,25,10,0
15,9306,0.7562648284432738,3.299066295530111e-05,0.20911484187863863,0.034587339015133264,25,10,0
15,9307,0.755779307054987,1.7574487753493114e-05,0.20961446628875308,0.03458865216850754,25,10,0
15,9308,0.7558795566085382,1.757439616750435e-05,0.20951424701498972,0.03458862198030528,25,10,0
15,9309,0.755932559608166,1.753285217646987e-05,0.2094613387238458,0.03458856881581185,25,10,0
15,9310,0.7619581605887928,1.7531028186384696e-05,0.20343574832114225,0.0345885600618787,25,10,0
15,9311,0.7561957509983996,1.8216198623421523e-05,0.21102451640295602,0.03276151640002111,25,10,0
15,9312,0.7600782420338177,1.821533576145796e-05,0.20713934052191263,0.032764202108508174,25,10,0
15,9313,0.7610689210587323,1.8214975377353347e-05,0.2061540229393234,0.03275884102656747,25,10,0
15,9314,0.7550727264858331,1.8398722740534398e-05,0.21210002963288477,0.03280884515854221,25,10,0
15,9315,0.7549684823365247,1.8402670401706948e-05,0.21220225253746058,0.032810862455613585,25,10,0
15,9316,0.7715137363373588,1.770225728931058e-05,0.1956578167067665,0.03281074469858581,25,10,0
15,9317,0.7725230998938898,1.772098142626827e-05,0.19464335346130535,0.03281582566337891,25,10,0
15,9318,0.7485820731448746,1.7718536858731724e-05,0.21858508130505963,0.032815127013207004,25,10,0
15,9319,0.7745325742785896,1.77312521600558e-05,0.21397321634572677,0.011476478123523657,25,10,0
15,9320,0.773334473902104,2.112188136720608e-05,0.21521770299145251,0.011426701225076347,25,10,0
15,9321,0.7734059187439364,2.1121887494118868e-05,0.21514625826142467,0.011426701107144893,25,10,0
15,9322,0.7664587836567722,2.111135051532523e-05,0.22203574185591182,0.011484363136800013,25,10,0
15,9323,0.7557788086015086,2.1127808318980742e-05,0.23271562181390798,0.011484441776264181,25,10,0
15,9324,0.7549831640498139,2.112780915217797e-05,0.2335112630417174,0.011484445099316105,25,10,0
15,9325,0.7730617742038346,2.112751209575936e-05,0.21543263015929898,0.011484468124770796,25,10,0
15,9326,0.7723463785164393,2.112756915852738e-05,0.21614741707248453,0.011485076841917425,25,10,0
15,9327,0.7719835845533438,2.1127605009610146e-05,0.21651020959001704,0.011485078251629205,25,10,0
15,9328,0.771332275288506,2.1158282595960463e-05,0.21693565463118764,0.01171091179771038,25,10,0
15,9329,0.7714210757568888,2.1156152689423617e-05,0.21684871597303831,0.011709052117383312,25,10,0
15,9330,0.7845782406393684,2.1152505525251376e-05,0.21509391879826092,0.00030668805684534945,25,10,0
15,9331,0.7848918266382106,2.1147202631535377e-05,0.2147830147134604,0.00030401144569732125,25,10,0
15,9332,0.8176921756301041,2.12530287181264e-05,0.18198223337061425,0.0003043379705637338,25,10,0
15,9333,0.7807830559632275,0.0016223040007981217,0.21751585267844573,7.878735752859118e-05,25,10,0
15,9334,0.780807430497014,0.0016223039092684674,0.2174914787261519,7.878686756561723e-05,25,10,0
15,9335,0.766937450648831,0.0016223085927510842,0.231361447007142,7.879375127607934e-05,25,10,0
15,9336,0.7700168986515362,0.0016222071453375043,0.22828238810230367,7.850610082257369e-05,25,10,0
15,9337,0.7541554338564573,0.0016228615550585711,0.2441430879505598,7.861663792443004e-05,25,10,0
15,9338,0.7420618958889349,0.0016228601070113016,0.2562368813504041,7.836265364943972e-05,25,10,0
15,9339,0.743744839384637,0.0016073702782878605,0.25456840256298935,7.938777408548381e-05,25,10,0
15,9340,0.7452907403274568,0.001607352005014542,0.2530226135649409,7.92941025872828e-05,25,10,0
15,9341,0.7511138659802122,0.0016068405159121698,0.24716061429178926,0.00011867921208606408,25,10,0
15,9342,0.75111280906347,0.0016068405175882036,0.24716167220744711,0.00011867821149493562,25,10,0
15,9343,0.7442438385880051,0.0016174408296549961,0.25397214319758227,0.00016657738475762778,25,10,0
15,9344,0.7389069041600972,0.0016176295822668215,0.25925908199191033,0.0002163842657260206,25,10,0
15,9345,0.7003755670487218,0.0016176527889159662,0.29777569285752675,0.00023108730483484779,25,10,0
15,9346,0.708921517272069,0.0016176376084582325,0.2892248908313891,0.00023595428808345626,25,10,0
15,9347,0.6929699495190585,0.0016176368594529472,0.3049997618446199,0.0004126517768682611,25,10,0
15,9348,0.7024859031918947,0.0016174942579068971,0.2955233867959399,0.0003732157542585705,25,10,0
15,9349,0.6956860681092826,0.0016174942662410194,0.3023232235112909,0.0003732141131858777,25,10,0
15,9350,0.7033250120120533,0.0016068895370692094,0.2947450994799827,0.00032299897089518365,25,10,0
15,9351,0.7105800931262507,0.0016033144754453543,0.2874939160654014,0.0003226763329032259,25,10,0
15,9352,0.7105939956453973,0.0016033138984426416,0.28748001688420505,0.000322673571956094,25,10,0
15,9353,0.7171318926105416,0.0016033138944185662,0.28094212433684973,0.0003226691581911018,25,10,0
15,9354,0.7539073900412522,2.23259765204772e-06,0.24576801335835263,0.00032236400274419637,25,10,0
15,9355,0.7882095378682701,9.711215803760662e-07,0.21147303911075632,0.00031645189939459204,25,10,0
15,9356,0.7879180182278545,9.69311061363907e-07,0.21176471821792028,0.000316294243165105,25,10,0
15,9357,0.7876802282669625,9.7259012614119e-07,0.21200243623141266,0.00031636291149988104,25,10,0
15,9358,0.7606875555112877,1.586637664760323e-05,0.23898056538680265,0.0003160127252625171,25,10,0
15,9359,0.7604086802463799,1.586674168376108e-05,0.23925944163767038,0.0003160113742671497,25,10,0
15,9360,0.7622681235370279,1.5865559690503597e-05,0.23740492179404793,0.0003110891092339952,25,10,0
15,9361,0.7627532358965823,1.586554859246635e-05,0.23691980733682738,0.00031109121799803075,25,10,0
15,9362,0.7702275956528569,1.585724277682675e-05,0.22950821630006377,0.0002483308043028337,25,10,0
15,9363,0.770433205482245,1.5856824391555596e-05,0.22930263518970168,0.0002483025036621714,25,10,0
15,9364,0.8084132626325561,1.536104992249789e-05,0.19132543593782947,0.00024594037969210674,25,10,0
15,9365,0.800269341435566,1.5367844165252773e-05,0.197112791201267,0.002602499519001975,25,10,0
15,9366,0.7975845726221013,1.5363161249592677e-05,0.19979757184130453,0.0026024923753457303,25,10,0
15,9367,0.8347612490350733,1.5350335525323044e-05,0.1626242738724977,0.002599126756904285,25,10,0
15,9368,0.8070410524481711,1.5415873257314412e-05,0.19034428671490544,0.0025992449636665863,25,10,0
15,9369,0.7959296042454401,0.0005126682228177046,0.2009569609764143,0.0026007665553280834,25,10,0
15,9370,0.834403070661356,0.0005126407312473576,0.16249824256720444,0.0025860460401921615,25,10,0
15,9371,0.8616864567929645,0.0004975262705038861,0.13522798260782662,0.0025880343287051416,25,10,0
15,9372,0.8617029506187063,0.0004975263464807177,0.13521147528857383,0.00258804774623915,25,10,0
15,9373,0.8914461655639373,0.0004975334166189448,0.10546825255432278,0.0025880484651208705,25,10,0
15,9374,0.8905392987995735,0.0005092643549284553,0.10636139526824742,0.0025900415772508612,25,10,0
15,9375,0.9008548515257289,0.0005092822093468245,0.09604109124434651,0.0025947750205779613,25,10,0
15,9376,0.8903730747987513,0.0005092889316848185,0.10652096679372745,0.002596669475836822,25,10,0
15,9377,0.8899920181976239,0.000509288943298222,0.10690203596327155,0.002596656895806539,25,10,0
15,9378,0.8869026323263117,0.000509290717173977,0.1099902443813888,0.00259783257512555,25,10,0
15,9379,0.8843654443603316,0.0005093152053946016,0.112527123498216,0.002598116936057933,25,10,0
15,9380,0.8950441144637131,0.0005103383587627756,0.10184914714624113,0.002596400031283364,25,10,0
15,9381,0.8814986853281382,0.0005103384817314405,0.11539456145261347,0.0025964147375169815,25,10,0
15,9382,0.8874940374328076,0.0005103298827177073,0.10940037685252064,0.0025952558319541266,25,10,0
15,9383,0.8869054703094263,0.000510330201657972,0.10998894440394828,0.002595255084967662,25,10,0
15,9384,0.8605342659519735,0.0005106895722463757,0.13626220865357896,0.0026928358222013836,25,10,0
15,9385,0.8596171193917433,0.0005191083711122752,0.13716994224396334,0.002693829993181321,25,10,0
15,9386,0.8592196028512606,0.000519120204739365,0.1375673598822388,0.0026939170617616233,25,10,0
15,9387,0.8594785284240066,0.0005191116172968559,0.13730851609259928,0.0026938438660977708,25,10,0
15,9388,0.8387915737755168,0.0005193749105261664,0.15799514142248786,0.0026939098914704777,25,10,0
15,9389,0.81415708384448,2.2757289998863687e-05,0.18312769836799428,0.0026924604975268203,25,10,0
15,9390,0.8143205033650386,2.275729928283006e-05,0.18296428087697617,0.0026924584587023946,25,10,0
15,9391,0.8136990236757264,2.278097763226054e-05,0.18358564271934694,0.002692552627293765,25,10,0
15,9392,0.8135159536320461,2.2780924809603682e-05,0.18376871849317555,0.002692546949968415,25,10,0
15,9393,0.7779410208301755,2.2780893132533515e-05,0.219344130388263,0.0026920678884282626,25,10,0
15,9394,0.7778979781192575,2.278073281131285e-05,0.21938931774625609,0.0026899234016742944,25,10,0
15,9395,0.778811390238096,1.4362052726235711e-05,0.21848530645217182,0.0026889412570053244,25,10,0
15,9396,0.7932416162426654,1.4089844160369638e-05,0.20413073366354006,0.002613560249633226,25,10,0
15,9397,0.7771421617243428,1.4455738647672024e-05,0.2202345647233141,0.002608817813694296,25,10,0
15,9398,0.7850882096346561,1.444908285995878e-05,0.21464507542457917,0.0002522658579036322,25,10,0
15,9399,0.7851859890951579,1.4449030565643773e-05,0.2145472954966329,0.0002522663776426113,25,10,0
15,9400,0.7862671404814771,1.4425267259200207e-05,0.21346625887919835,0.00025217537206453455,25,10,0
15,9401,0.7862008881031289,1.4425400376186337e-05,0.21353246369300458,0.0002522228034893105,25,10,0
15,9402,0.8071724152591809,1.4161758873560597e-05,0.19256126590060454,0.00025215708134058594,25,10,0
15,9403,0.821084162303994,1.416447753242162e-05,0.17864951724762243,0.00025215597085176476,25,10,0
15,9404,0.8209663206276998,1.4164835648383402e-05,0.17876735066307906,0.0002521638735732831,25,10,0
15,9405,0.8069576513942119,1.429851657653676e-05,0.1908165262911,0.0022115237981110134,25,10,0
15,9406,0.8060584711388876,1.4296377867414013e-05,0.19171553469262254,0.002211697790621968,25,10,0
15,9407,0.8064668904022934,1.4297706446366463e-05,0.19130690010820442,0.0022119117830552222,25,10,0
15,9408,0.8060784537891824,1.4298064436293386e-05,0.19169528634963318,0.0022119617967474607,25,10,0
15,9409,0.798146848344231,1.4465413268614035e-05,0.19962670409996786,0.0022119821425319454,25,10,0
15,9410,0.8223017080009911,1.4400030246893873e-05,0.17540054905913827,0.0022833429096241168,25,10,0
15,9411,0.7941618124107737,1.539210583795133e-05,0.20322997205423865,0.002592823429149035,25,10,0
15,9412,0.7941955069082159,1.5391742973832037e-05,0.20319628586300947,0.002592815485799921,25,10,0
15,9413,0.7948256696457271,1.4368002425678636e-05,0.202567240038508,0.0025927223133384806,25,10,0
15,9414,0.7782697346210534,1.437946914089187e-05,0.21912310942722807,0.0025927764825769135,25,10,0
15,9415,0.7788428100439533,2.6472302158583284e-06,0.21856387372416353,0.002590669001666714,25,10,0
15,9416,0.7824883925085326,2.6473986970524814e-06,0.21498972048087384,0.0025192396118958148,25,10,0
15,9417,0.797830096768006,2.686489011156518e-06,0.19981961411627414,0.0023476026267081674,25,10,0
15,9418,0.7863228800375068,3.446696811473303e-06,0.21132611166138968,0.0023475616042912535,25,10,0
15,9419,0.7830196533348104,3.3257300444417683e-06,0.21658881358936782,0.00038820734577713604,25,10,0
15,9420,0.7820095821007536,3.3637766100624805e-06,0.21759372290579485,0.0003933312168414122,25,10,0
15,9421,0.7812543791850295,3.3634102115456672e-06,0.21834902010790905,0.0003932372968499213,25,10,0
15,9422,0.7814902399753657,3.3681338972489765e-06,0.2181132147295264,0.00039317716121075696,25,10,0
15,9423,0.774681937376172,3.193617550141725e-06,0.22496764757502968,0.00034722143124825086,25,10,0
15,9424,0.7556654630746842,3.1992926884154885e-06,0.21975244070998445,0.02457889692264294,25,10,0
15,9425,0.7519858161833538,2.06246660790684e-06,0.2237365257982152,0.024275595551822137,25,10,0
15,9426,0.7547449169715105,2.037862336297753e-06,0.22097775517496587,0.0242752899911863,25,10,0
15,9427,0.7563880447669179,1.9985857913656993e-06,0.21933984329136266,0.024270113355927058,25,10,0
15,9428,0.7891074280554231,2.1941629265238535e-06,0.1865672322251804,0.02432314555646893,25,10,0
15,9429,0.7892078114136202,2.1924529522818216e-06,0.18646440847351267,0.024325587659914185,25,10,0
15,9430,0.8073520953372813,1.80938205443582e-06,0.16832045011544217,0.024325645165221767,25,10,0
15,9431,0.8023775401473573,1.81206840348741e-06,0.17329420392015785,0.024326443864080994,25,10,0
15,9432,0.8268080305724855,1.3924735043751871e-06,0.1488074711239922,0.024383105830017543,25,10,0
15,9433,0.8436584280199411,1.37979293925926e-06,0.131957095420165,0.02438309676695436,25,10,0
15,9434,0.8273862918396127,1.3784405160965395e-06,0.14822944942251767,0.02438288029735354,25,10,0
15,9435,0.8278792345617236,1.3783950347326562e-06,0.14773650751151446,0.024382879531727207,25,10,0
15,9436,0.817402557106099,1.7233487799915123e-06,0.1581190012166877,0.024476718328433435,25,10,0
15,9437,0.8167114872597842,1.7233783400818853e-06,0.1588099752275869,0.024476814134289097,25,10,0
15,9438,0.8204596071985136,1.967197520449738e-06,0.15502749886221137,0.02451092674175497,25,10,0
15,9439,0.8329526193506043,1.952931010639974e-06,0.14253835256023295,0.024507075158152678,25,10,0
15,9440,0.8326528914032992,1.9532790226310204e-06,0.14283807961151088,0.024507075706167537,25,10,0
15,9441,0.8331937637557865,1.953351341438113e-06,0.14229715759519407,0.024507125297678463,25,10,0
15,9442,0.8367679923803523,1.7577502889493395e-06,0.1387762864240724,0.024453963445286803,25,10,0
15,9443,0.8313342818506646,1.7610151315795407e-06,0.14421035613976355,0.024453600994440536,25,10,0
15,9444,0.831287423884638,1.7608918641024748e-06,0.14425720720438262,0.024453608019115666,25,10,0
15,9445,0.792068219941136,1.7623712446716706e-06,0.18347627695551086,0.024453740732109232,25,10,0
15,9446,0.781889026938559,1.765996333881495e-06,0.19365455154724617,0.024454655517861648,25,10,0
15,9447,0.7696521137632388,2.076645133691081e-05,0.20586934144783442,0.024457778337590042,25,10,0
15,9448,0.7629198756275922,2.100085151719276e-05,0.21260132429355863,0.024457799227332714,25,10,0
15,9449,0.7688661675613515,2.0767150954612894e-05,0.20665528472423894,0.0244577805634553,25,10,0
15,9450,0.7695022413053855,2.0729627530978442e-05,0.20602437315468192,0.024452655912401585,25,10,0
15,9451,0.7750400188572951,2.072166906553587e-05,0.20048737291530386,0.02445188655833531,25,10,0
15,9452,0.8030655683332952,1.7212222057337627e-06,0.17248394393394084,0.024448766510558405,25,10,0
15,9453,0.8314806733239939,1.6984725494794132e-06,0.14407503479779554,0.02444259340566137,25,10,0
15,9454,0.7951193597700894,1.6995409132448256e-06,0.18043634329183944,0.024442597397158004,25,10,0
15,9455,0.8001322949743422,1.6962632270387743e-06,0.17542429819652594,0.024441710565904703,25,10,0
15,9456,0.8006048398488737,1.6954646596376038e-06,0.1749517529041229,0.024441711782343632,25,10,0
15,9457,0.8009066037486524,1.695264920284823e-06,0.17465000771739989,0.02444169326902707,25,10,0
15,9458,0.8393415821744543,1.9097014272599293e-06,0.13621295741456108,0.024443550709557768,25,10,0
15,9459,0.8388432538685616,1.9096643684436475e-06,0.13671128639923075,0.024443550067839416,25,10,0
15,9460,0.8387537435099329,2.1732023142992003e-06,0.13680050820568268,0.024443575082070294,25,10,0
15,9461,0.8599983064216427,2.0844249660541504e-06,0.13647082466654795,0.003528784486843584,25,10,0
15,9462,0.8702756249892566,2.080465100497981e-06,0.12619451267503146,0.0035277818706116555,25,10,0
15,9463,0.8805801260389531,1.4337075264686497e-06,0.11586469266663155,0.003553747586888886,25,10,0
15,9464,0.8804996320355011,1.4286646023176633e-06,0.11594518237965408,0.0035537569202424633,25,10,0
15,9465,0.8810978758309698,1.1652146706774071e-06,0.11534719386839179,0.003553765085967753,25,10,0
15,9466,0.8817396276499025,9.493028472394333e-07,0.1147076509937611,0.003551772053489138,25,10,0
15,9467,0.8679881518964829,9.502852491044688e-07,0.12845324861583357,0.0035576492024346398,25,10,0
15,9468,0.8781190100529579,7.351699085445223e-07,0.11837933685263664,0.003500917924497038,25,10,0
15,9469,0.8587208471221887,7.452258453475072e-07,0.12911964153434988,0.012158766117616144,25,10,0
15,9470,0.8590042281803021,7.451391183307394e-07,0.12883765650025572,0.012157370180323765,25,10,0
15,9471,0.8710073516113137,5.079294500954065e-07,0.11686884862667668,0.012123291832559358,25,10,0
15,9472,0.8720341764741445,5.072274948561558e-07,0.11584221354894168,0.012123102749418645,25,10,0
15,9473,0.8858953003477827,5.062441915872017e-07,0.10198699167820208,0.012117201729823182,25,10,0
15,9474,0.8857825623966328,5.062058844880943e-07,0.10209976417802714,0.012117167219455344,25,10,0
15,9475,0.8753113454113997,5.20825557123627e-07,0.11257096579909875,0.01211716796394433,25,10,0
15,9476,0.8620106834047023,6.421816125255725e-06,0.12586521135138815,0.012117683427784355,25,10,0
15,9477,0.8524937510502731,1.0505121799741207e-05,0.13537685847876407,0.0121188853491628,25,10,0
15,9478,0.8148651456673,1.0505133973912896e-05,0.17231135696070962,0.01281299223801612,25,10,0
15,9479,0.8097255772402957,1.0643079653573655e-05,0.18496784668866564,0.005295932991384644,25,10,0
15,9480,0.845705973920715,1.0652006132951478e-05,0.1489874213964161,0.00529595267673568,25,10,0
15,9481,0.8464228960142617,1.0652032003288692e-05,0.14827040164468375,0.005296050309050723,25,10,0
15,9482,0.8479972635753096,1.0526660886918425e-05,0.1467221948116109,0.005270014952192219,25,10,0
15,9483,0.8467987440763934,2.372119798341639e-05,0.14898507766775582,0.0041924570578669666,25,10,0
15,9484,0.8262905698732159,2.372217014513317e-05,0.16949316453922678,0.004192543417411966,25,10,0
15,9485,0.8264579201671494,2.3722172897174365e-05,0.16932581350207493,0.004192544157878115,25,10,0
15,9486,0.8354073411523213,1.964342492949331e-05,0.16038164578674685,0.004191369636001768,25,10,0
15,9487,0.8346095996639324,1.9662025744130812e-05,0.16117914712475812,0.004191591185564487,25,10,0
15,9488,0.8301421978350304,1.996024380585975e-05,0.16564619422108134,0.004191647700081752,25,10,0
15,9489,0.8287547003956084,2.061908892110446e-05,0.16703307277879292,0.004191607736677037,25,10,0
15,9490,0.8224354970624546,2.0831063061551197e-05,0.17329528208779305,0.004248389786690422,25,10,0
15,9491,0.8285993844327367,2.0619089219607875e-05,0.16718833937078503,0.004191657107258004,25,10,0
15,9492,0.8287017084890109,2.061908231416415e-05,0.16708601663616496,0.004191655792509328,25,10,0
15,9493,0.8227226741551499,2.062758935230224e-05,0.17306502163541324,0.004191676620083907,25,10,0
15,9494,0.8496206174698148,2.0282634143026844e-05,0.14626126179873528,0.004097838097306983,25,10,0
15,9495,0.8536897025787833,2.0646395428754707e-05,0.145530850734671,0.0007588002911171581,25,10,0
15,9496,0.8541593440972575,2.0641719305595482e-05,0.1450612435736137,0.0007587706098232748,25,10,0
15,9497,0.8601494664304065,2.0637048671696043e-05,0.13907112839267566,0.0007587681282462698,25,10,0
15,9498,0.8743795873359359,7.294408773232883e-06,0.12491371839811123,0.0006993998571798284,25,10,0
15,9499,0.8707477039273839,7.294414749643489e-06,0.12854560086182965,0.0006994007960369901,25,10,0
15,9500,0.8704638244873262,7.2944120881456336e-06,0.12882946484914,0.000699416251445764,25,10,0
15,9501,0.8699276673800986,7.318956190112771e-06,0.12936548739615766,0.0006995262675536038,25,10,0
15,9502,0.8809175337049393,7.329464896469612e-06,0.11837515448547659,0.0006999823446874,25,10,0
15,9503,0.8772282700851752,7.340507531570279e-06,0.12195492446764568,0.0008094649396471011,25,10,0
15,9504,0.8776833219778156,7.3228512769313725e-06,0.1214998570585066,0.0008094981124004741,25,10,0
15,9505,0.8813749016465748,7.3118111748520644e-06,0.11791777060871947,0.000700015933530519,25,10,0
15,9506,0.9163431300731798,7.312452728438451e-06,0.08364350757732598,6.049896765652791e-06,25,10,0
15,9507,0.916217720384372,7.288426521135665e-06,0.08376920867025134,5.782518855460629e-06,25,10,0
15,9508,0.916052018697008,7.278866214687771e-06,0.08393483983760731,5.862599170041506e-06,25,10,0
15,9509,0.8945170899893197,7.330706898197413e-06,0.10487134803106311,0.000604231272718805,25,10,0
15,9510,0.8947841832766693,7.330344245355141e-06,0.10460430470599828,0.0006041816730869728,25,10,0
15,9511,0.8945472196441412,7.330342813775188e-06,0.10484126831934173,0.0006041816937030524,25,10,0
15,9512,0.8847857813987283,6.697299287775593e-06,0.11460337845229109,0.0006041428496927148,25,10,0
15,9513,0.8935866409007138,6.670800836723624e-06,0.1055017522716648,0.0009049360267842033,25,10,0
15,9514,0.8936994919551279,6.6708014772759895e-06,0.10538890076368933,0.0009049364797051859,25,10,0
15,9515,0.9053170273481322,6.670961051315647e-06,0.09377520415187839,0.0009010975389378944,25,10,0
15,9516,0.9051734342335627,6.672125243175904e-06,0.09391881453795975,0.000901079103234046,25,10,0
15,9517,0.9024975459978205,1.5988469642930567e-05,0.09688455757146407,0.0006019079610723149,25,10,0
15,9518,0.886918540493212,1.5988523891500392e-05,0.11246053804158329,0.0006049329413131494,25,10,0
15,9519,0.8690659355703271,1.5977408170157083e-05,0.13030941579835983,0.0006086712231429515,25,10,0
15,9520,0.887509413936201,1.6492938223456426e-05,0.1118679705340363,0.0006061225915393435,25,10,0
15,9521,0.8746052793078596,1.6507348383589287e-05,0.12476831148962467,0.00060990185413221,25,10,0
15,9522,0.8758235837509383,1.598449228207394e-05,0.12355180996398937,0.0006086217927901947,25,10,0
15,9523,0.8867791692373982,1.5984498246246014e-05,0.11259625393195055,0.0006085923324046327,25,10,0
15,9524,0.8835419976254957,1.6181324415415335e-05,0.11578972070624237,0.000652100343846569,25,10,0
15,9525,0.8830865241758474,1.581388995939567e-05,0.11624555200031887,0.0006521099338742368,25,10,0
15,9526,0.8808897989842589,1.5813883889656964e-05,0.11844227801164639,0.0006521091202048412,25,10,0
15,9527,0.8634857990011113,1.5835222957918373e-05,0.13584651363623454,0.0006518521396960103,25,10,0
15,9528,0.8686014997017929,1.578360820081862e-05,0.13132923243997638,5.348425003004184e-05,25,10,0
15,9529,0.8682188440289896,1.6046121628179535e-05,0.131711580311628,5.3529537754578506e-05,25,10,0
15,9530,0.8635589922642076,1.5849709748643057e-05,0.1364150152411472,1.0142784897045362e-05,25,10,0
15,9531,0.8786307777409254,1.584998077194013e-05,0.12134624505421307,7.127224089543394e-06,25,10,0
15,9532,0.8560136841651423,1.607504131093833e-05,0.14395835802433393,1.1882769213129627e-05,25,10,0
15,9533,0.8638787986379944,1.0504452768690609e-05,0.1360973278055082,1.3369103729003909e-05,25,10,0
15,9534,0.8802096344577435,1.0504343359057386e-05,0.11976645622014623,1.3404978751593997e-05,25,10,0
15,9535,0.8692936737535578,1.0839009905497432e-05,0.1306788616055496,1.6625630987687858e-05,25,10,0
15,9536,0.8700321838315999,1.0838694910808306e-05,0.12994033719476705,1.66402787229135e-05,25,10,0
15,9537,0.8756588722997779,1.0850634925606966e-05,0.12431360252530807,1.667453998902459e-05,25,10,0
15,9538,0.875598764080719,1.08508216397172e-05,0.12437366125599468,1.6723841647150332e-05,25,10,0
15,9539,0.8970614343759484,1.0365304680584188e-05,0.1029118881576239,1.631216174720372e-05,25,10,0
15,9540,0.8969748905999463,1.0365365887265901e-05,0.10299846568483824,1.6278349328285295e-05,25,10,0
15,9541,0.896778991616388,1.0370499267333565e-05,0.1031943949069294,1.6242977415397602e-05,25,10,0
15,9542,0.8964522428257239,1.0371616569572607e-05,0.10351597692194602,2.1408635760579285e-05,25,10,0
15,9543,0.9164371082495681,1.0370657895205067e-05,0.08353110250575321,2.1418586783400333e-05,25,10,0
15,9544,0.9160955929029317,1.0546196601896235e-05,0.08387236356270142,2.1497337765074767e-05,25,10,0
15,9545,0.9157486885622724,1.0542087990166309e-05,0.08421918335127523,2.1585998462091897e-05,25,10,0
15,9546,0.9190280383587778,1.245947599304858e-06,0.0809506825504488,2.003314317422907e-05,25,10,0
15,9547,0.8842977629470801,1.2460189426253086e-06,0.11535394585167938,0.00034704518229858447,25,10,0
15,9548,0.8828214284007518,1.2669578303660813e-06,0.11683353260689044,0.00034377203452799716,25,10,0
15,9549,0.874324720893997,1.4250065281935477e-06,0.12528387866360755,0.0003899754358673991,25,10,0
15,9550,0.8912057593209736,7.711332907228688e-07,0.10840354907253884,0.0003899204731975172,25,10,0
15,9551,0.8913814848064626,7.713711181778404e-07,0.10822784708046893,0.0003898967419507766,25,10,0
15,9552,0.8606116207714417,9.933845058287632e-07,0.1356754391689861,0.0037119466750664045,25,10,0
15,9553,0.8602413241689103,9.937456395496265e-07,0.13604571165736576,0.00371197042808418,25,10,0
15,9554,0.8704901289601075,8.162025363197567e-07,0.12584337029026404,0.003665684547091779,25,10,0
15,9555,0.8702913373058333,8.162507802319461e-07,0.1260421656767661,0.0036656807666199808,25,10,0
15,9556,0.8707562100833861,6.902298058068877e-07,0.1255774930244826,0.0036656066623252043,25,10,0
15,9557,0.8706688646174529,7.08929699883087e-07,0.12566989274292142,0.0036605337099255746,25,10,0
15,9558,0.8760021521072605,3.7853180196684e-07,0.12033893770398953,0.0036585316569474557,25,10,0
15,9559,0.8820848243620034,3.7814533764705266e-07,0.11425632166275776,0.0036584758299008247,25,10,0
15,9560,0.8767413181072199,3.7726605017998493e-07,0.11953653916807733,0.0037217654586521394,25,10,0
15,9561,0.9044611968571147,1.5550067620651494e-07,0.09513889881992803,0.0003997488222810257,25,10,0
15,9562,0.9036200575689809,1.3646701265307002e-07,0.0959800699743797,0.0003997359896266471,25,10,0
15,9563,0.90295862336104,3.5690343648019875e-07,0.09664122669854741,0.00039979303697583045,25,10,0
15,9564,0.9027316412364214,3.561112071605882e-07,0.0968684142591057,0.0003995883932656793,25,10,0
15,9565,0.9006991916047947,6.131741791919413e-07,0.09889928867725856,0.0004009065437673808,25,10,0
15,9566,0.8993379864344289,6.137108917330324e-07,0.1002604108883961,0.00040098896628316163,25,10,0
15,9567,0.8814647455892313,1.2656028311105285e-06,0.1181299941299841,0.00040399467795303114,25,10,0
15,9568,0.8823781316025449,1.2649240511418978e-06,0.1172166199250132,0.00040398354839046017,25,10,0
15,9569,0.8767548128740293,1.467677631711723e-06,0.12283831861013729,0.0004054008382014753,25,10,0
15,9570,0.8611975477449171,2.0597064541162784e-06,0.1383948631201582,0.0004055294284700911,25,10,0
15,9571,0.8757886585540224,1.52086286800327e-06,0.12380391061784404,0.0004059099652650697,25,10,0
15,9572,0.8767661814458094,1.5198497025016683e-06,0.12282648231711871,0.0004058163873692114,25,10,0
15,9573,0.8825198255900528,1.5156356332611556e-06,0.11713613314761644,0.00034252562669694905,25,10,0
15,9574,0.8461668315516252,1.5159571481003386e-06,0.1534888594782409,0.00034279301298526123,25,10,0
15,9575,0.8631105191776132,8.634152550176846e-07,0.1365488295319123,0.0003397878752189941,25,10,0
15,9576,0.8644536018700484,8.613702124705428e-07,0.13521004096781186,0.00033549579192676386,25,10,0
15,9577,0.8543138781826977,8.531936987050218e-07,0.14529154087216659,0.0003937277514362964,25,10,0
15,9578,0.8553384059674167,8.523371414887385e-07,0.14426572551052003,0.0003950161849211493,25,10,0
15,9579,0.8552182975053756,8.591885855596112e-07,0.14438718843249335,0.00039365487354476485,25,10,0
15,9580,0.8556977074920161,8.593403881094575e-07,0.14390777924981846,0.0003936539177766875,25,10,0
15,9581,0.8673510970123389,8.453284658379204e-07,0.132258180940814,0.0003898767183802142,25,10,0
15,9582,0.8676337609691039,8.504818073485546e-07,0.1319755207804933,0.0003898677685946055,25,10,0
15,9583,0.8688486046086393,7.973328499510053e-07,0.13076122453395023,0.00038937352455982026,25,10,0
15,9584,0.8689600827464264,7.974437628297087e-07,0.130649760417442,0.00038935939236809053,25,10,0
15,9585,0.868468816151596,7.97798592928832e-07,0.13114112132665626,0.00038926472315419354,25,10,0
15,9586,0.8684067636923751,7.929150323557328e-07,0.13119999388493706,0.0003924495076547613,25,10,0
15,9587,0.8717754605744313,1.1426052677170098e-06,0.12782905974066605,0.0003943370796343545,25,10,0
15,9588,0.8717534417197993,1.142141593953508e-06,0.1278513445829083,0.00039407155569812636,25,10,0
15,9589,0.8717219726017649,1.1423641489777528e-06,0.127882765063826,0.0003941199702597776,25,10,0
15,9590,0.8819796289427476,1.1386083741037116e-06,0.11768334551504996,0.0003358869338279175,25,10,0
15,9591,0.8812428282303706,1.159689170391638e-06,0.1184199306714438,0.000336081409014862,25,10,0
15,9592,0.8813899505371907,1.1594112552149182e-06,0.11827599471260494,0.0003328953389488404,25,10,0
15,9593,0.8816909967071315,1.159072192351885e-06,0.11797495051542511,0.0003328937052506473,25,10,0
15,9594,0.8701285502292171,1.1734500522203422e-06,0.12953747566603638,0.0003328006546944648,25,10,0
15,9595,0.8693228824604006,1.1769304547962949e-06,0.13034304048304382,0.00033290012610105913,25,10,0
15,9596,0.8506323132124091,1.200471015963865e-06,0.14902703970907724,0.00033944660749799546,25,10,0
15,9597,0.8807817700412228,1.4184891804564681e-05,0.11886418141888828,0.00033986364808415897,25,10,0
15,9598,0.8868401837902844,1.2006043978526794e-06,0.1128191186282395,0.0003394969770779729,25,10,0
15,9599,0.888766730228726,9.533909303661507e-07,0.11089413818293523,0.0003381781974082915,25,10,0
15,9600,0.8963174852646426,9.092660580519582e-07,0.1033500316128466,0.0003315738564526424,25,10,0
15,9601,0.8953822052529289,9.340754017047896e-07,0.10428523713812758,0.00033162353354145214,25,10,0
15,9602,0.8617997672240996,9.963920191573625e-07,0.10621313997047306,0.03198609641340784,25,10,0
15,9603,0.8676243270210671,7.940164311559094e-07,0.10039017146832464,0.03198470749417683,25,10,0
15,9604,0.8681710868778698,7.935748858388938e-07,0.09984351694137276,0.031984602605871264,25,10,0
15,9605,0.8648137309684951,1.931969932516008e-06,0.13453150321587637,0.0006528338456958738,25,10,0
15,9606,0.8614862570469335,1.8888134471206715e-06,0.1378266703664486,0.0006851837731705106,25,10,0
15,9607,0.8238380698697801,2.6145263801943446e-06,0.1754740254444909,0.0006852901593490093,25,10,0
15,9608,0.8201858494768028,2.6192344528017754e-06,0.17912627312716758,0.0006852581615771313,25,10,0
15,9609,0.8166224200060168,2.8328961914897437e-06,0.18263370916641314,0.0007410379313788192,25,10,0
15,9610,0.8218468117205798,2.9830700303797937e-06,0.17736494357909952,0.0007852616302904432,25,10,0
15,9611,0.8214302497729533,2.9964888858250214e-06,0.17777789299739927,0.0007888607407619074,25,10,0
15,9612,0.8241855550181346,2.846363453400815e-06,0.17506707261258048,0.0007445260058317118,25,10,0
15,9613,0.8246527352227614,2.8466910429184494e-06,0.1745997971819858,0.0007446209042101303,25,10,0
15,9614,0.8626400290966432,2.120653853765724e-06,0.13661336579479716,0.0007444844547056996,25,10,0
15,9615,0.8622199922673148,1.9124480602136615e-06,0.13701453467171032,0.0007635606129145748,25,10,0
15,9616,0.8618622499600945,1.9223703409470747e-06,0.13737092026686779,0.0007649074026966278,25,10,0
15,9617,0.8758450141985691,1.5648932086676707e-06,0.12338841745728807,0.0007650034509342106,25,10,0
15,9618,0.8685271915138211,2.0955068178538136e-06,0.12783038722688006,0.0036403257524806275,25,10,0
15,9619,0.8806083488497605,2.0811138273683074e-06,0.11574924785211628,0.0036403221842958677,25,10,0
15,9620,0.8688195472202015,2.0873492685308236e-06,0.12753495974732376,0.0036434056832060358,25,10,0
15,9621,0.8702434147144291,2.062303935036849e-06,0.12611119050268826,0.0036433324789475184,25,10,0
15,9622,0.870906332003174,2.0479753905585056e-06,0.1254502696951204,0.0036413503263149605,25,10,0
15,9623,0.8708238995510643,2.051712470301999e-06,0.12553268054094918,0.0036413681955160776,25,10,0
15,9624,0.8739365434726838,1.8419877519825244e-06,0.12247600503929724,0.0035856095002665383,25,10,0
15,9625,0.87137365526772,6.425944380765176e-07,0.12536260878669303,0.0032630933511497272,25,10,0
15,9626,0.8701919426149124,6.432377452969514e-07,0.12653903529542787,0.0032683788519154056,25,10,0
15,9627,0.8706118373324836,6.332509438713338e-07,0.1261204986227309,0.0032670307938425878,25,10,0
15,9628,0.9098927956048842,6.369266280150304e-07,0.08683974939824807,0.0032668180702396937,25,10,0
15,9629,0.930774038575358,7.710937280924381e-07,0.0659248326283779,0.003300357702535615,25,10,0
15,9630,0.9295440039567172,1.4238900032645253e-06,0.06715116573701882,0.0033034064162602754,25,10,0
15,9631,0.9203079664630838,7.712897457905278e-07,0.07638893571621952,0.00330232653095068,25,10,0
15,9632,0.9173887646964881,6.382602750602469e-06,0.07930252537697242,0.0033023273237887158,25,10,0
15,9633,0.9172652947510689,6.382689530008459e-06,0.07942599483046697,0.003302327728934037,25,10,0
15,9634,0.9184576932519112,6.381653922070882e-06,0.07823897779549661,0.003296947298669965,25,10,0
15,9635,0.9206626160586286,6.240937841038069e-06,0.07601420490278298,0.003316938100747114,25,10,0
15,9636,0.9214118780901501,6.241056264952193e-06,0.07526494354488385,0.003316937308700823,25,10,0
15,9637,0.9221139151273445,6.2408669272735415e-06,0.07461965727241336,0.0032601867333145558,25,10,0
15,9638,0.9222397702708978,6.240664435930767e-06,0.07449380403518317,0.003260185029483016,25,10,0
15,9639,0.932448654885315,6.251669035059606e-06,0.06428564693518499,0.0032594465104647417,25,10,0
15,9640,0.9355074781542355,6.245494424858856e-06,0.061259182038758624,0.003227094312580942,25,10,0
15,9641,0.9358727660044807,6.232803659589791e-06,0.06089741128090756,0.003223589910952221,25,10,0
15,9642,0.9362706328933118,6.22294183364163e-06,0.060499555286861614,0.003223588877993046,25,10,0
15,9643,0.9336628037010428,6.247621631334669e-06,0.06274726907335354,0.0035836796039723272,25,10,0
15,9644,0.933859274157505,6.244851695441112e-06,0.06255089739892189,0.0035835835918778284,25,10,0
15,9645,0.9335012572382414,6.24493786436012e-06,0.06290766266120429,0.0035848351626903262,25,10,0
15,9646,0.9337489556042717,6.2449772342276856e-06,0.06265996202542196,0.0035848373930722783,25,10,0
15,9647,0.8988119236777452,6.295618558263317e-06,0.0975979302252052,0.0035838504784921,25,10,0
15,9648,0.8624803750686738,6.322054339807126e-06,0.13392932641681057,0.0035839764601757014,25,10,0
15,9649,0.8284607818781518,6.391970204342271e-06,0.16794864413851013,0.0035841820131333364,25,10,0
15,9650,0.8292230978880433,6.391572050252211e-06,0.16718633059500715,0.0035841799448988044,25,10,0
15,9651,0.8067835255968535,6.367020342701982e-06,0.18962605260305382,0.0035840547797495346,25,10,0
15,9652,0.8096025807691872,6.342251361884471e-06,0.18716711369722777,0.0032239632822226062,25,10,0
15,9653,0.8338172212929957,6.295445679691647e-06,0.1629517941944847,0.0032246890668392236,25,10,0
15,9654,0.8302052710450885,6.288548316785758e-06,0.16656503972131667,0.0032234006852775113,25,10,0
15,9655,0.8653819777712191,6.344173381426691e-06,0.13171543476599004,0.002896243289409184,25,10,0
15,9656,0.850116537792737,6.3556071826089114e-06,0.1469808096273896,0.0028962969726903875,25,10,0
15,9657,0.8498509713100387,6.355654018329921e-06,0.14724637654302625,0.002896296492916351,25,10,0
15,9658,0.8449030359016205,6.361021103707697e-06,0.15219236863156715,0.0028982344457081106,25,10,0
15,9659,0.8437322013149362,6.360676288859827e-06,0.1533631146368278,0.0028983233719465946,25,10,0
15,9660,0.8539727061332104,5.8302585395541175e-06,0.1459981806608391,2.3282947410596086e-05,25,10,0
15,9661,0.8535065836021141,5.839396593365371e-06,0.14646425038967795,2.3326611614166634e-05,25,10,0
15,9662,0.854109652843584,5.838418106942073e-06,0.14586127044838,2.3238289928919634e-05,25,10,0
15,9663,0.8535582746593761,6.126111455757214e-06,0.1464109874514293,2.46117777386792e-05,25,10,0
15,9664,0.8536751126958645,6.125967764677821e-06,0.1462944399660721,2.4321370298479227e-05,25,10,0
15,9665,0.8536835431988107,6.125959654769004e-06,0.14628601023937007,2.4320602164351013e-05,25,10,0
15,9666,0.8707792393848105,6.37647091736108e-06,0.12919006416322495,2.4319981046976358e-05,25,10,0
15,9667,0.8707745227266465,6.376472604721991e-06,0.12919478037640483,2.4320424343874615e-05,25,10,0
15,9668,0.8598312348718338,6.469377203227837e-06,0.13877020340649182,0.0013920923444709077,25,10,0
15,9669,0.870576355823221,6.376615689923669e-06,0.1293534067947969,6.386076629154945e-05,25,10,0
15,9670,0.8708251303219657,6.377264890764436e-06,0.1291441676456791,2.432476746392893e-05,25,10,0
15,9671,0.8553964213495316,6.389010392235738e-06,0.1445697943788293,2.7395261246455703e-05,25,10,0
15,9672,0.8472575907232914,6.537403349710256e-06,0.1526332735527313,0.00010259832062749933,25,10,0
15,9673,0.835831324300908,7.1004397950029784e-06,0.16407810361457972,8.347164471676146e-05,25,10,0
15,9674,0.8282134607750794,7.452075608639529e-06,0.17169402881212703,8.505833718619964e-05,25,10,0
15,9675,0.8076634881839198,2.960604252481386e-05,0.19222182118514589,8.508458840998656e-05,25,10,0
15,9676,0.8153950670051422,2.960226822798006e-05,0.18449121054591244,8.412018071799737e-05,25,10,0
15,9677,0.8141351946849434,2.9801181803226145e-05,0.18575088769640424,8.41164368499827e-05,25,10,0
15,9678,0.8113823744264204,2.980926075166185e-05,0.18843678055640686,0.00015103575642240395,25,10,0
15,9679,0.8150752729024417,2.980449894918112e-05,0.18474388887938586,0.00015103371922487924,25,10,0
15,9680,0.8243264561359012,2.9452594705873596e-05,0.1754947229341787,0.00014936833521529732,25,10,0
15,9681,0.8179899832164651,2.917329881153377e-05,0.18183278888310025,0.00014805460162445336,25,10,0
15,9682,0.8322272997970831,2.9394263077591314e-05,0.16753590920932349,0.00020739673051715167,25,10,0
15,9683,0.8175701873726078,2.9349212925388448e-05,0.1820216871458714,0.000378776268597219,25,10,0
15,9684,0.815888581723806,3.0339842636118354e-05,0.18370213494716775,0.00037894348639155086,25,10,0
15,9685,0.8321659429494028,8.185232237793685e-06,0.1674453907033051,0.00038048111505614696,25,10,0
15,9686,0.8454416421902998,7.411113760105119e-06,0.15417046681796837,0.00038047987797132544,25,10,0
15,9687,0.8437045091574423,7.4387229093108395e-06,0.15549194453805415,0.0007961075815938709,25,10,0
15,9688,0.8581646985063633,7.451587738391906e-06,0.14103147113387568,0.0007963787720220478,25,10,0
15,9689,0.8542324322745237,7.446450216583242e-06,0.1450305967647601,0.0007295245104992263,25,10,0
15,9690,0.8544961518557037,7.446471529147853e-06,0.14476687898908763,0.0007295226836792337,25,10,0
15,9691,0.8458628313157205,7.615439082077577e-06,0.15337788978658587,0.0007516634586108007,25,10,0
15,9692,0.8453227125602357,7.623058118871068e-06,0.15391796712947123,0.0007516972521736621,25,10,0
15,9693,0.8628619951552468,7.611730326648742e-06,0.1365501334231894,0.0005802596912372682,25,10,0
15,9694,0.8658000103329894,7.619375450359059e-06,0.13361207962235497,0.0005802906692050006,25,10,0
15,9695,0.8701574777151175,7.616277706051745e-06,0.12925619736462748,0.0005787086425487002,25,10,0
15,9696,0.8540053120070411,7.637436294366268e-06,0.14524232360583172,0.0007447269508323128,25,10,0
15,9697,0.8564479234592723,7.634275518659504e-06,0.14279907678876103,0.0007453654764475405,25,10,0
15,9698,0.8659140751434953,7.6276734451469305e-06,0.1333329004371519,0.000745396745907488,25,10,0
15,9699,0.8719318385808339,7.377194276217365e-06,0.1273153640385364,0.0007454201863533327,25,10,0
15,9700,0.8736072228568195,6.395615146313719e-06,0.12563963711092585,0.0007467444171083331,25,10,0
15,9701,0.8823686316118663,6.226570489463815e-06,0.11690054998390983,0.0007245918337343289,25,10,0
15,9702,0.8908136532034828,6.078152175942247e-06,0.10853088100525266,0.0006493876390885253,25,10,0
15,9703,0.891054986724619,6.078068011941743e-06,0.10828954748224988,0.0006493877251190504,25,10,0
15,9704,0.8682039607740835,6.089543640768179e-06,0.13101980202464242,0.0007701476576332298,25,10,0
15,9705,0.8666609036915753,6.477874162268195e-06,0.13256089160564402,0.0007717268286180664,25,10,0
15,9706,0.8680070815121532,6.089524943193098e-06,0.13121666136040808,0.0007701676024953323,25,10,0
15,9707,0.8985621925225226,6.071246394327398e-06,0.10066167302186933,0.0007700632092136253,25,10,0
15,9708,0.9324340821668814,6.001450889496157e-06,0.0667900386429581,0.0007698777392713109,25,10,0
15,9709,0.932545105653992,6.001454537403832e-06,0.0666790149895999,0.000769877901870959,25,10,0
15,9710,0.9324079300222229,6.004397580682747e-06,0.066815793111101,0.000770272469095654,25,10,0
15,9711,0.9326099019598793,6.004396651102602e-06,0.06661382096955817,0.0007702726739116278,25,10,0
15,9712,0.9326138689562505,6.004368092317637e-06,0.06660985385557491,0.000770272820082354,25,10,0
15,9713,0.9316202965320549,6.021212061867075e-06,0.0676033284033241,0.0007703538525593645,25,10,0
15,9714,0.9083813761002619,6.207731121379372e-06,0.09125766327871535,0.0003547528899025649,25,10,0
15,9715,0.92371639737131,6.723871727157298e-06,0.07608808440635677,0.00018879435060646793,25,10,0
15,9716,0.9314254333192912,6.520968863019241e-06,0.06837622746536441,0.0001918182464818364,25,10,0
15,9717,0.9309753802377443,6.5209787721272044e-06,0.06882630184952085,0.00019179693396299946,25,10,0
15,9718,0.9318302631083281,6.504527872954158e-06,0.0679726364275244,0.00019059593627499357,25,10,0
15,9719,0.9469398714429,7.265679917687942e-06,0.05286158620829071,0.00019127666889184075,25,10,0
15,9720,0.9512651612790513,7.260444921671786e-06,0.04853699973712732,0.00019057853890002967,25,10,0
15,9721,0.9522962351505861,7.248742252878099e-06,0.047506044678595136,0.00019047142856589179,25,10,0
15,9722,0.9209611802818277,2.108943462248967e-05,0.07513491770827253,0.003882812575277113,25,10,0
15,9723,0.9209817165958001,2.108913544293727e-05,0.07511440689218139,0.0038827873765755615,25,10,0
15,9724,0.917250206165079,6.915926954242138e-05,0.08248516695384332,0.00019546761153490903,25,10,0
15,9725,0.9167312004311053,6.916934233047e-05,0.08300410013431808,0.00019553009224586488,25,10,0
15,9726,0.9166715399322861,6.916707714302558e-05,0.08306377116859212,0.00019552182197840406,25,10,0
15,9727,0.9156537019874342,6.916085543990914e-05,0.08407721972394912,0.00019991743317639518,25,10,0
15,9728,0.9210660074454062,6.9152701311456e-05,0.07866494301167833,0.0001998968416037976,25,10,0
15,9729,0.9212652493457107,6.914346627400329e-05,0.0784672038712835,0.00019840331673144908,25,10,0
15,9730,0.9103552495167463,6.914267422503708e-05,0.08937730203370828,0.00019830577532070528,25,10,0
15,9731,0.9103419002401435,6.915249322092969e-05,0.08939063999374573,0.00019830727289009027,25,10,0
15,9732,0.9000892823742193,6.915247742305902e-05,0.09964224431546553,0.00019932083289278432,25,10,0
15,9733,0.9000945608200857,6.915247926647448e-05,0.09963696631650341,0.0001993203841449766,25,10,0
15,9734,0.8909493995037042,6.915233295008138e-05,0.1087825674937022,0.00019888066964396953,25,10,0
15,9735,0.8907476527042401,6.917281105042624e-05,0.10898419608996965,0.00019897839474019538,25,10,0
15,9736,0.8998139735175797,6.917261239979404e-05,0.0999178895170567,0.00019896435296403882,25,10,0
15,9737,0.8989251925451655,6.91717358453936e-05,0.10080667610295933,0.00019895961602993796,25,10,0
15,9738,0.8992672481473056,6.916875229800662e-05,0.10046669858990485,0.00019688451049151018,25,10,0
15,9739,0.9111707596672036,6.916961205182578e-05,0.08856318328523712,0.00019688743550726922,25,10,0
15,9740,0.911032215398523,6.92035513251136e-05,0.08870605740390644,0.00019252364624531567,25,10,0
15,9741,0.9118519034135519,6.866625052585878e-05,0.08788696689427321,0.0001924634416487409,25,10,0
15,9742,0.9103084782708204,6.321502151171378e-05,0.08939228730784317,0.0002360193998248011,25,10,0
15,9743,0.909369767672613,6.322115911792776e-05,0.0903309640743382,0.0002360470939312306,25,10,0
15,9744,0.9430131936139842,1.3609680636930162e-06,0.056754169625790565,0.00023127579216150292,25,10,0
15,9745,0.9439334037009626,1.3462468850130878e-06,0.055833962694858935,0.00023128735729332817,25,10,0
15,9746,0.9330722860681491,1.353818066421424e-06,0.06658183874755347,0.00034452136623087546,25,10,0
15,9747,0.9313006671412489,1.5267144883050254e-06,0.06835300485622268,0.0003448012880401057,25,10,0
15,9748,0.9308623281330617,1.5256046904693589e-06,0.0687912520276203,0.0003448942346275757,25,10,0
15,9749,0.9318166536918846,1.5087901735336872e-06,0.06783702276630885,0.00034481475163287235,25,10,0
15,9750,0.9317992075874164,1.5088519793076956e-06,0.06785446681885009,0.000344816741754049,25,10,0
15,9751,0.9256606716778115,5.524519200872887e-06,0.07398862751020771,0.00034517629277979633,25,10,0
15,9752,0.9255370189664874,5.5296192495444315e-06,0.07411222899326904,0.00034522242099391996,25,10,0
15,9753,0.923988405049013,5.5333561902308105e-06,0.07565986378355978,0.0003461978112368109,25,10,0
15,9754,0.9287722285601796,5.368069408251425e-06,0.07091975512711318,0.0003026482432986089,25,10,0
15,9755,0.9290480720869962,5.364747830173808e-06,0.0706439495825159,0.00030261358265732275,25,10,0
15,9756,0.9139014712153759,5.3560117647692575e-06,0.08579048815544989,0.00030268461740994376,25,10,0
15,9757,0.9116827783854307,5.606843338931596e-06,0.08800984131564964,0.0003017734555814498,25,10,0
15,9758,0.9120275337237628,5.606835022335444e-06,0.08766506495195497,0.00030179448926081137,25,10,0
15,9759,0.9141865298363787,1.1180507329523589e-05,0.08550102743055268,0.0003012622257395476,25,10,0
15,9760,0.9139741556745549,1.1181071671644929e-05,0.08571327519821086,0.0003013880555632049,25,10,0
15,9761,0.9157672974241219,1.0409083003725063e-05,0.08392453939409432,0.0002977540987805409,25,10,0
15,9762,0.9156721740452819,1.0403991188672116e-05,0.08401966842086406,0.00029775354266567644,25,10,0
15,9763,0.9157368001788577,1.0398870955655074e-05,0.08395509416105094,0.00029770678913593706,25,10,0
15,9764,0.9196782171990033,1.0144300268999452e-05,0.08001399620653181,0.0002976422941960965,25,10,0
15,9765,0.9185853254259339,1.0147528123677016e-05,0.08110153186744778,0.0003029951784952029,25,10,0
15,9766,0.9123925259456033,2.0562148282144607e-05,0.08728388629601795,0.00030302561009706174,25,10,0
15,9767,0.9126225062006759,2.0562324260303505e-05,0.08705388136842516,0.00030305010663905275,25,10,0
15,9768,0.9131443383174528,2.0541867914239357e-05,0.08653216796760237,0.00030295184703098933,25,10,0
15,9769,0.9272080987944242,2.0530199971579116e-05,0.07246323927840498,0.0003081317271992716,25,10,0
15,9770,0.92715396854598,2.0530198806125152e-05,0.07251734541040773,0.0003081558448062883,25,10,0
15,9771,0.9380211502974466,2.0522630455263053e-05,0.06176343723914053,0.00019488983295771635,25,10,0
15,9772,0.9374478231654046,2.0531167039013373e-05,0.06233669611334661,0.00019494955420981393,25,10,0
15,9773,0.943602579516002,1.6515466520400886e-05,0.05618631700664123,0.00019458801083634594,25,10,0
15,9774,0.9437000424643758,1.6507782897611994e-05,0.05608890555987563,0.00019454419285112087,25,10,0
15,9775,0.9437747556124678,1.6507219168920947e-05,0.05601431768828594,0.00019441948007740544,25,10,0
15,9776,0.9378456316599251,1.6507369111283296e-05,0.06194342107533318,0.00019443989563041667,25,10,0
15,9777,0.9246072763246133,1.6517356753550168e-05,0.07518169154102204,0.00019451477761073127,25,10,0
15,9778,0.9242654814917632,1.652171944327189e-05,0.07552342172225673,0.0001945750665364569,25,10,0
15,9779,0.9060278999521018,0.0004101668563028864,0.0933338679865567,0.0002280652050383337,25,10,0
15,9780,0.9161790975015639,0.0004101667338493213,0.0831837037353321,0.00022703202925442143,25,10,0
15,9781,0.9163176954879008,0.00041016673280873454,0.08304510706350918,0.00022703071578098315,25,10,0
15,9782,0.918247119894597,0.0004099937069935403,0.08111615503292482,0.00022673136548462171,25,10,0
15,9783,0.9192875414074818,0.00040976118036131727,0.08013536253840042,0.0001673348737565545,25,10,0
15,9784,0.9370070013917858,1.61282144405166e-05,0.06284190259590698,0.0001349677978666472,25,10,0
15,9785,0.9383677890454541,1.6112943816344426e-05,0.061481103218788705,0.00013499479194066096,25,10,0
15,9786,0.9383970123534544,1.611371719555271e-05,0.06145178043645916,0.00013509349289077225,25,10,0
15,9787,0.9381765781087062,1.611380442340416e-05,0.06167221789881708,0.00013509018805313368,25,10,0
15,9788,0.9381968918326047,1.611377223169904e-05,0.061651903921991436,0.00013509047317206399,25,10,0
15,9789,0.9282785178792087,1.6117494131835057e-05,0.07157026554425211,0.0001350990824074968,25,10,0
15,9790,0.9289231121004069,1.6114661651736284e-05,0.07092632241780636,0.00013445082013502114,25,10,0
15,9791,0.928932108747661,1.6114659927807274e-05,0.07091732588352964,0.00013445070888152703,25,10,0
15,9792,0.9287978238309692,1.611466250385424e-05,0.07105153779675744,0.00013452370976947922,25,10,0
15,9793,0.9114452977601946,1.6994381000488886e-05,0.088168196987833,0.00036951087097183,25,10,0
15,9794,0.9116653372622942,1.698998568274511e-05,0.08794822260021902,0.0003694501518039673,25,10,0
15,9795,0.8952738513347538,1.6989977926322328e-05,0.10433980761768925,0.00036935106963097516,25,10,0
15,9796,0.8938791708210967,1.6990673774169543e-05,0.1057294180860518,0.00037442041907764665,25,10,0
15,9797,0.8880333786420437,1.699577987291047e-05,0.11157253739196453,0.00037708818611881326,25,10,0
15,9798,0.8882518491628043,1.6991058639475634e-05,0.11135407055337396,0.00037708922518223597,25,10,0
15,9799,0.8882752327694944,1.699126432556955e-05,0.11133077325843573,0.00037700270774464846,25,10,0
15,9800,0.8901728250052117,1.6933744466020855e-05,0.10943293958255523,0.00037730166776770644,25,10,0
15,9801,0.8964222076039001,6.518942607336483e-06,0.10319403341358713,0.0003772400399063061,25,10,0
15,9802,0.8967350140270064,6.518933999088594e-06,0.10288121860173474,0.00037724843726065596,25,10,0
15,9803,0.896761416499238,6.518748461201242e-06,0.10285486527401823,0.0003771994782834121,25,10,0
15,9804,0.8858139450807989,7.471980652305099e-06,0.1138013758315375,0.0003772071070120639,25,10,0
15,9805,0.9080040364595827,7.465103997872037e-06,0.09166094830504903,0.000327550131371206,25,10,0
15,9806,0.9145538251450007,7.461344337756493e-06,0.08510992761471593,0.00032878589594636425,25,10,0
15,9807,0.9308571734645803,7.4625103068149e-06,0.06880657110770291,0.000328792917410788,25,10,0
15,9808,0.9246793506349245,7.462593336571736e-06,0.07498325014550593,0.0003299366262335946,25,10,0
15,9809,0.9188943118061159,7.4625073513165085e-06,0.08076709800444697,0.0003311276820865555,25,10,0
15,9810,0.9189422428870325,7.462509542265967e-06,0.08071916567389412,0.00033112892953196055,25,10,0
15,9811,0.8810767903798985,7.4623846104543466e-06,0.11858009484425341,0.0003356523912386667,25,10,0
15,9812,0.8711901164069367,7.472372388604001e-06,0.12841566381781028,0.00038674740286545085,25,10,0
15,9813,0.8713427682131774,7.614021023477446e-06,0.12826198957810953,0.000387628187690436,25,10,0
15,9814,0.8674059037215842,1.4921041611557873e-05,0.13219090825201207,0.0003882669847925915,25,10,0
15,9815,0.8679953071813581,1.4920645356619069e-05,0.13160160265557835,0.00038816951770730514,25,10,0
15,9816,0.8741741655857491,1.4920594634789636e-05,0.12542388815527328,0.0003870256643433207,25,10,0
15,9817,0.8673309729467489,1.4924947331721333e-05,0.1322659527536107,0.0003881493523095434,25,10,0
15,9818,0.852370358425285,1.4935986191887644e-05,0.14706204119426017,0.0005526643942633937,25,10,0
15,9819,0.8520815084149028,1.493645731066541e-05,0.14735552978449976,0.0005480253432872853,25,10,0
15,9820,0.8529753922982453,1.4936724700661964e-05,0.14646214315336228,0.0005475278236922811,25,10,0
15,9821,0.8588879148633946,1.4926456899418201e-05,0.14055236281009978,0.0005447958696068878,25,10,0
15,9822,0.8587650649445093,9.351581733949583e-06,0.1406807762707663,0.0005448072029907033,25,10,0
15,9823,0.8684106166228683,9.34193881865613e-06,0.1310863076417059,0.0004937337966082428,25,10,0
15,9824,0.8581382088227498,9.340836396537179e-06,0.1413587816069175,0.0004936687339364588,25,10,0
15,9825,0.8673008830100613,9.786595918955242e-06,0.1321935343206816,0.0004957960733391879,25,10,0
15,9826,0.867549608900725,9.774447388984746e-06,0.13194586955459633,0.0004947470972905421,25,10,0
15,9827,0.858170790323368,8.857832895716487e-06,0.14132146817466248,0.0004988836690741172,25,10,0
15,9828,0.8580976841336917,8.858229392796542e-06,0.14139319556346874,0.0005002620734467061,25,10,0
15,9829,0.8574773191152363,8.869282802498327e-06,0.1420077322103322,0.0005060793916288793,25,10,0
15,9830,0.8574261590397204,8.869660294733055e-06,0.142058864831191,0.0005061064687935053,25,10,0
15,9831,0.8457416007827383,8.882868970309984e-06,0.15374419693469693,0.0005053194135942216,25,10,0
15,9832,0.8615619883542162,8.420353528712998e-06,0.13810510082431582,0.00032449046793866197,25,10,0
15,9833,0.8557812947384944,8.420051276974306e-06,0.14388582137682643,0.00032446383340147987,25,10,0
15,9834,0.8902951926649395,8.373538068827052e-06,0.10937618803583106,0.0003202457611603833,25,10,0
15,9835,0.8898470217740692,8.382142739628392e-06,0.1098243479986672,0.0003202480845238481,25,10,0
15,9836,0.8898374068168191,8.382142877044214e-06,0.10983396295561695,0.0003202480846865555,25,10,0
15,9837,0.8830676448404995,8.382461762227066e-06,0.1166037188233246,0.00032025387441347435,25,10,0
15,9838,0.8946966223611647,8.368467241304184e-06,0.10497852575551865,0.00031648341607513815,25,10,0
15,9839,0.9011877026318768,8.368374011360384e-06,0.09848743339649073,0.00031649559762123497,25,10,0
15,9840,0.9302271779224348,8.379230278622397e-06,0.06945303521480777,0.0003114076324793889,25,10,0
15,9841,0.9269449501717308,8.354981422732296e-06,0.07278943264161394,0.00025726220523326204,25,10,0
15,9842,0.9224616941397179,8.713055056591269e-06,0.0772764712927306,0.0002531215124955044,25,10,0
15,9843,0.9263316007595637,9.032146768245197e-06,0.07340363733215308,0.00025572976151563934,25,10,0
15,9844,0.9347256987783122,1.4276144564161437e-05,0.06517326876574224,8.675631138211953e-05,25,10,0
15,9845,0.9350229717163017,1.4292523026819e-05,0.06487596108736965,8.677467330261632e-05,25,10,0
15,9846,0.8995514464030144,1.4168523611334201e-05,0.10034146229692353,9.29227764506031e-05,25,10,0
15,9847,0.8873284275319704,1.4169274354312285e-05,0.11234961283542563,0.0003077903582496994,25,10,0
15,9848,0.8980744355690827,1.3776167461293842e-05,0.10160403196401227,0.0003077562994438432,25,10,0
15,9849,0.9047372143255267,8.559930473300672e-06,0.0949472628739862,0.0003069628700138839,25,10,0
15,9850,0.9028864251804538,8.199135635017595e-06,0.09673715241199499,0.00036822327191609385,25,10,0
15,9851,0.9027265633812731,8.182613515681106e-06,0.09689711249583546,0.0003681415093757521,25,10,0
15,9852,0.902721271053383,8.182682970727464e-06,0.09690240473182506,0.0003681415318211879,25,10,0
15,9853,0.8893213842481051,8.207621958497796e-06,0.09905247439019832,0.011617933739737957,25,10,0
15,9854,0.8904494950387913,7.762212711996452e-06,0.09792685499842829,0.011615887750068315,25,10,0
15,9855,0.8961523998916738,7.762409038655883e-06,0.09222394856264662,0.011615889136641128,25,10,0
15,9856,0.8968091291376958,7.76670858983448e-06,0.09156488034120275,0.011618223812511685,25,10,0
15,9857,0.8854584930285485,7.769641680118308e-06,0.10287351498171683,0.011660222348054755,25,10,0
15,9858,0.8854063487159283,7.769694668686316e-06,0.10292565576104222,0.011660225828360769,25,10,0
15,9859,0.8885806581558019,7.765531076736898e-06,0.09975276870388265,0.011658807609238726,25,10,0
15,9860,0.8855427991699111,7.772648362117766e-06,0.10279057033107464,0.01165885785065218,25,10,0
15,9861,0.8805846817129641,8.186959540512231e-06,0.10582017873435029,0.013586952593144946,25,10,0
15,9862,0.8806552871925523,8.187189133571876e-06,0.1057495013972484,0.0135870242210655,25,10,0
15,9863,0.8695952748912348,8.211950819686374e-06,0.11680929438406153,0.01358721877388388,25,10,0
15,9864,0.8760512670898802,8.208069224057068e-06,0.11035437366798215,0.013586151172913351,25,10,0
15,9865,0.8736514013660872,8.212795570426696e-06,0.11271955781086175,0.013620828027480427,25,10,0
15,9866,0.8736559870852527,8.21288484483721e-06,0.11271502691828987,0.013620773111612394,25,10,0
15,9867,0.8737551101521421,8.248588763231629e-06,0.11261568893966462,0.013620952319429605,25,10,0
15,9868,0.8742123102950383,8.244349193303778e-06,0.11215964579982513,0.013619799555942851,25,10,0
15,9869,0.8741858763417373,8.246558379911094e-06,0.11218613263971523,0.0136197444601672,25,10,0
15,9870,0.8780765766442781,9.5965139516328e-07,0.10830336714567779,0.013619096558648378,25,10,0
15,9871,0.8818587692126049,9.59652118193196e-07,0.10452242949047529,0.013617841644801064,25,10,0
15,9872,0.8760268590124316,9.597044757344325e-07,0.11035326214815384,0.013618919134937825,25,10,0
15,9873,0.8823492961748353,9.59306105528472e-07,0.10403197383788841,0.013617770681169981,25,10,0
15,9874,0.8823470107905852,9.639541599530542e-07,0.10403427113217671,0.01361775412307707,25,10,0
15,9875,0.8823420945795881,9.378769215854661e-07,0.10403801071359009,0.013618956829899198,25,10,0
15,9876,0.8928877652436517,9.151444757225723e-07,0.0934924623522997,0.013618857259572294,25,10,0
15,9877,0.8925767193024846,9.154405356600343e-07,0.09380341210550976,0.013618953151469102,25,10,0
15,9878,0.8881524254406998,9.154338227340667e-07,0.09818563271630336,0.013661026409173084,25,10,0
15,9879,0.8878524399903703,9.145233367375511e-07,0.09848512951468022,0.013661515971611813,25,10,0
15,9880,0.8878566155929808,9.095431877884107e-07,0.0984809602923206,0.013661514571510039,25,10,0
15,9881,0.8886073733065054,9.087658699492299e-07,0.09773070123574829,0.01366101669187537,25,10,0
15,9882,0.9104503485227893,8.912548952240599e-07,0.07589260472582261,0.013656155496492494,25,10,0
15,9883,0.8934237053170341,8.981259800229998e-07,0.09299029212859691,0.013585104428387841,25,10,0
15,9884,0.887700105371465,1.3094269472737957e-06,0.09871345408647002,0.01358513111511737,25,10,0
15,9885,0.8586487876602308,1.3804780935789125e-06,0.12776438123361863,0.01358545062805645,25,10,0
15,9886,0.8587088278456295,1.3803323056218606e-06,0.12770434539702194,0.01358544642504223,25,10,0
15,9887,0.8711627547829514,1.3793538507266115e-06,0.11546530358665122,0.013370562276546172,25,10,0
15,9888,0.8712880908301425,1.3792353762421232e-06,0.11534134519126024,0.013369184743220835,25,10,0
15,9889,0.8711685922111827,1.38407944485095e-06,0.11546084024714479,0.013369183462227317,25,10,0
15,9890,0.8714599652966184,1.381544960656343e-06,0.11516943370656385,0.013369219451856804,25,10,0
15,9891,0.8741787979813525,1.3748206068599656e-06,0.11245061470756898,0.013369212490471198,25,10,0
15,9892,0.8688494246774339,1.3785260836700338e-06,0.11777996608040374,0.013369230716077566,25,10,0
15,9893,0.8347308227583586,4.5927717596670835e-05,0.15157196721351943,0.013651282310523972,25,10,0
15,9894,0.8400847227929207,4.592398355271826e-05,0.14621807421575223,0.013651279007773312,25,10,0
15,9895,0.8411574721577396,4.5500975453748084e-05,0.14708061269527678,0.011716414171528678,25,10,0
15,9896,0.852242613017393,4.550676100527575e-05,0.13603742542827357,0.011674454793326974,25,10,0
15,9897,0.8418350337323584,4.5496578920398625e-05,0.14644537417430914,0.011674095514411042,25,10,0
15,9898,0.8546669504200726,4.573504248283552e-05,0.14486289433199714,0.00042442020544689496,25,10,0
15,9899,0.8648501049364568,4.57354550897325e-05,0.13467806546744712,0.0004260941410060569,25,10,0
15,9900,0.8659849429988329,0.00030318254579609163,0.1320945994213758,0.0016172750339947786,25,10,0
15,9901,0.8400908214976458,0.0004113548621282211,0.15793880021169243,0.001559023428533349,25,10,0
15,9902,0.8297752616189585,0.00041136993439978473,0.1682502979915518,0.001563070455090662,25,10,0
15,9903,0.829789093700867,0.00041136966072642173,0.16823646873740825,0.0015630679009996972,25,10,0
15,9904,0.8648443932939263,0.0004112943106198647,0.1331816046000273,0.0015627077954262277,25,10,0
15,9905,0.8624599294298365,0.0004112976108858483,0.1355652139465864,0.001563559012690925,25,10,0
15,9906,0.8723414351962127,0.0004112973002492958,0.12568232098515048,0.0015649465183874387,25,10,0
15,9907,0.8728777598153422,0.00041129712627533364,0.12514601136962988,0.001564931688752804,25,10,0
15,9908,0.8571711979581752,0.0004108751944079622,0.14085307553630824,0.0015648513111087407,25,10,0
15,9909,0.8556167752505495,0.000305162243412049,0.14251333250595274,0.001564730000085783,25,10,0
15,9910,0.8555911759952989,0.0003051621025096121,0.14253896775003047,0.0015646941521611014,25,10,0
15,9911,0.8558903190862392,0.0003051618899018508,0.14223982018569525,0.0015646988381634718,25,10,0
15,9912,0.8578090992080467,0.00030517050299582295,0.14032069869423278,0.0015650315947246115,25,10,0
15,9913,0.856872586029514,0.00030516258849627736,0.14125726051828763,0.001564990863702009,25,10,0
15,9914,0.8960135735779722,0.0003051617291791816,0.10211627391425836,0.0015649907785905582,25,10,0
15,9915,0.8960086873558863,0.000305161730252583,0.10212116009382168,0.0015649908200397152,25,10,0
15,9916,0.8960331271704698,0.00030516195272164894,0.10209668470643704,0.0015650261703718073,25,10,0
15,9917,0.9004237190400065,0.0003048401549521204,0.0977089285055471,0.001562512299494208,25,10,0
15,9918,0.884196800076533,0.00030482031182049133,0.11393850886429446,0.0015598707473517878,25,10,0
15,9919,0.884499042731624,0.0003058981688501444,0.11363528412625769,0.0015597749732675283,25,10,0
15,9920,0.8841641766501972,0.0003047821259500467,0.11397126661237415,0.001559774611478031,25,10,0
15,9921,0.8847173702661145,0.00030478173669684037,0.11342072449296811,0.001557123504219816,25,10,0
15,9922,0.8463645123345718,0.00030478170474385855,0.15177336153294646,0.001557344427736763,25,10,0
15,9923,0.8615857969007078,0.000304781977623311,0.1290838495252301,0.00902557159643827,25,10,0
15,9924,0.8527230027363406,0.0003049704813387296,0.13794643163925951,0.009025595143060136,25,10,0
15,9925,0.8170393720622897,0.0003049938344681051,0.1732807732773863,0.009374860825856644,25,10,0
15,9926,0.8173647845424196,0.00030499347200813623,0.17295545678176347,0.009374765203809107,25,10,0
15,9927,0.8179545917282064,0.0003049854161777143,0.17236570521921923,0.009374717636396345,25,10,0
15,9928,0.8179328802004355,0.00030498541298295683,0.17238741703957558,0.009374717347005613,25,10,0
15,9929,0.7825077265705415,0.00030499758711206236,0.19732597510750588,0.01986130073484131,25,10,0
15,9930,0.7818783533008069,0.00033352973836257583,0.20070036633715727,0.01708775062367392,25,10,0
15,9931,0.7465690486811377,0.00033353098471454695,0.19694168165563802,0.05615573867851056,25,10,0
15,9932,0.7277970198423626,0.00034213639633951735,0.21336616589852075,0.05849467786277904,25,10,0
15,9933,0.7271122249902834,0.0003421365139747748,0.22151936965468277,0.05102626884106095,25,10,0
15,9934,0.7276175643769879,0.00034211627242300267,0.22101404701015426,0.05102627234043613,25,10,0
15,9935,0.7339225511616343,0.00034227139861079677,0.21471167130509833,0.051023506134657885,25,10,0
15,9936,0.7318379708043807,0.00034227299493076854,0.21679624224094232,0.05102351395974751,25,10,0
15,9937,0.7318768742916455,0.0003422727668300155,0.2167573778892023,0.051023475052323464,25,10,0
15,9938,0.7293647472414796,0.00034229194130431015,0.21926428507994344,0.05102867573727385,25,10,0
15,9939,0.7406618034068692,0.0003423024043076396,0.20796926308431968,0.05102663110450459,25,10,0
15,9940,0.7425912480797081,0.0003422832789106813,0.20604502773922864,0.0510214409021536,25,10,0
15,9941,0.7407780551407492,0.0003422841644486057,0.20785809828364987,0.05102156241115285,25,10,0
15,9942,0.7423313681398997,0.00034228837696097947,0.20630486998669237,0.051021473496447534,25,10,0
15,9943,0.7190092537341483,0.0006146853591071583,0.22933142315102512,0.05104463775572029,25,10,0
15,9944,0.7281175045518328,0.0006145302246798591,0.2202233549204045,0.05104461030308356,25,10,0
15,9945,0.7273198687971404,0.0006147276180563983,0.22096791234981542,0.05109749123498793,25,10,0
15,9946,0.727149474228589,0.0006147268130023049,0.22059529066434447,0.051640508294064434,25,10,0
15,9947,0.7205963584674119,0.0006147435738702634,0.22714739422457864,0.05164150373413944,25,10,0
15,9948,0.7319582512347987,0.0006064449331694459,0.2157244972249847,0.05171080660704728,25,10,0
15,9949,0.7549055380514886,0.00030445911856723397,0.19439602477522042,0.05039397805472419,25,10,0
15,9950,0.7556048112838931,0.00030419454996715464,0.193697139603573,0.05039385456256686,25,10,0
15,9951,0.7550276881223096,0.00030448253929120475,0.19427259106693623,0.050395238271462944,25,10,0
15,9952,0.7550502131181304,0.0003044824588534272,0.19425006866012656,0.050395235762889665,25,10,0
15,9953,0.7687337250154078,3.2092248055800574e-05,0.18085598603070213,0.05037819670583365,25,10,0
15,9954,0.7681417640942866,3.209244042527792e-05,0.1814479454931965,0.05037819797209136,25,10,0
15,9955,0.7707848293920853,3.207367475349104e-05,0.17880504763553073,0.05037804929763036,25,10,0
15,9956,0.7773589309942613,3.205673423050002e-05,0.17223200623039997,0.050377006041107814,25,10,0
15,9957,0.7773389601747692,3.205674291419624e-05,0.17225197319997118,0.05037700988234504,25,10,0
15,9958,0.7762689030542108,3.2057740614063493e-05,0.17332185552564536,0.05037718367952948,25,10,0
15,9959,0.776255641417169,3.205774964074838e-05,0.173335116408438,0.050377184424751996,25,10,0
15,9960,0.7744705004701964,3.206637477361118e-05,0.17229621856210126,0.05320121459292843,25,10,0
15,9961,0.7746472650051595,3.206685484178471e-05,0.17211939134450513,0.05320127679549327,25,10,0
15,9962,0.7685092402275351,3.207295185211987e-05,0.1782225553753146,0.05323613144529813,25,10,0
15,9963,0.7723962573497525,3.2062727023740356e-05,0.17715958759643155,0.050412092326792016,25,10,0
15,9964,0.7712111475323866,3.2089867953179696e-05,0.1783446603428013,0.05041210225685881,25,10,0
15,9965,0.7712090809379382,3.2089112324933565e-05,0.1782837621550257,0.05047506779471087,25,10,0
15,9966,0.771179235998687,3.189433301726746e-05,0.17836131326033983,0.050427556407955494,25,10,0
15,9967,0.7662473299945853,3.1610395678889505e-05,0.18329486758117827,0.05042619202855719,25,10,0
15,9968,0.7663366404872982,3.162033787237968e-05,0.18320556201482457,0.05042617716000443,25,10,0
15,9969,0.7664635709542148,3.162033778326813e-05,0.18307863155567855,0.05042617715232321,25,10,0
15,9970,0.7763365466155253,3.160846631501981e-05,0.17321182455507103,0.05042002036308837,25,10,0
15,9971,0.7744499394017581,3.161236813639992e-05,0.1750701811057528,0.0504482671243523,25,10,0
15,9972,0.7729300374729757,3.161272315348827e-05,0.17658999084744675,0.050448358956423654,25,10,0
15,9973,0.7729276826208479,3.1613476818320074e-05,0.17675558763099897,0.050285116271334494,25,10,0
15,9974,0.7809078296570116,3.129500713442278e-05,0.17118518322041676,0.0478756921154372,25,10,0
15,9975,0.7823767140728751,3.129120140024979e-05,0.16974315065844725,0.047848844067277414,25,10,0
15,9976,0.7821029514779283,3.129147479516624e-05,0.17001700523063656,0.04784875181663983,25,10,0
15,9977,0.784377115539757,3.1290847085502464e-05,0.16777747374671179,0.04781411986644521,25,10,0
15,9978,0.7722038717264621,5.135215335895947e-05,0.17992631920152974,0.04781845691864889,25,10,0
15,9979,0.7734272611633242,5.191440332395072e-05,0.17870104772723053,0.047819776706121,25,10,0
15,9980,0.7862012369598717,3.187222041341721e-05,0.16595140630332147,0.04781548451639313,25,10,0
15,9981,0.8059757466397053,2.9408903070135447e-05,0.14617956270488455,0.047815281752339615,25,10,0
15,9982,0.8057418492874103,2.9219624332471033e-05,0.14641368040582264,0.04781525068243449,25,10,0
15,9983,0.8055085006756161,2.922217815188523e-05,0.1466463421091767,0.047815935037055474,25,10,0
15,9984,0.7723496483013227,2.922346974722549e-05,0.1480862394807483,0.079534888748182,25,10,0
15,9985,0.8074001631894575,1.6462471907429174e-06,0.12077155737990601,0.07182663318344587,25,10,0
15,9986,0.8074548480623912,1.6360424988633488e-06,0.12071693912666852,0.07182657676844158,25,10,0
15,9987,0.8100405965264653,6.68248458835493e-07,0.11813693781416763,0.07182179741090818,25,10,0
15,9988,0.8112190839568834,6.683846372174671e-07,0.11695843099643088,0.07182181666204887,25,10,0
15,9989,0.8007117201371013,6.465874348895577e-07,0.12746432319527987,0.07182331008018442,25,10,0
15,9990,0.799870077538883,8.277586152147302e-07,0.12825785463483722,0.07187124006766489,25,10,0
15,9991,0.8000804308999361,8.275919369685461e-07,0.12804752083801305,0.07187122067011406,25,10,0
15,9992,0.7933141211874175,8.271158651719182e-07,0.12695332868994924,0.07973172300676847,25,10,0
15,9993,0.7933572707049728,8.269586282490136e-07,0.12691021732093483,0.07973168501546453,25,10,0
15,9994,0.8056354540021958,2.681787827352359e-07,0.11463194738864123,0.07973233043038046,25,10,0
15,9995,0.8055832037408881,2.67376092819644e-07,0.11429061468118806,0.08012591420183118,25,10,0
15,9996,0.8054073500024738,2.6719204148661936e-07,0.11446651724080968,0.08012586556467516,25,10,0
15,9997,0.7969921588009673,2.7117250459534117e-07,0.12303561955376492,0.07997195047276383,25,10,0
15,9998,0.7966167600882927,2.7135566863011874e-07,0.12340964623706858,0.07997332231897103,25,10,0
15,9999,0.8020063143353243,2.6733732056523936e-07,0.11802011488424066,0.07997330344311512,25,10,0
15,10000,0.8022182429722232,2.76722402015607e-07,0.11780872436805508,0.07997275593732031,25,10,0
