run,generation,degenerate,holistic,other,compositional,popsize,turnover_rounds,group_rounds
31,0,0.9860029303731893,1.8924609784139772e-06,0.01393184327289863,6.333389293373571e-05,25,30,20
31,1,0.6584955704907332,1.2213757339574998e-05,0.33881497888038675,0.0026772368715411994,25,30,20
31,2,0.3589325641447849,0.001958506243158235,0.6378251206352059,0.0012838089768487469,25,30,20
31,3,0.21410173035675864,0.00011836397660348675,0.7457090641509097,0.04007084151572854,25,30,20
31,4,0.11815465891471177,0.00201176909471806,0.8397472974910976,0.04008627449946985,25,30,20
31,5,0.055833330133378475,0.012868258303786873,0.8901650834538315,0.04113332810900414,25,30,20
31,6,0.04050554355130261,0.07012591493685616,0.8493462700708038,0.04002227144102947,25,30,20
31,7,0.019654532750852147,0.0801413952890494,0.8600146626074874,0.040189409352607515,25,30,20
31,8,0.028369651686867302,0.08217620891420598,0.8290780485245883,0.060376090874337096,25,30,20
31,9,0.013068893273540504,0.08004214426524024,0.8159434272552032,0.09094553520601596,25,30,20
31,10,0.017158251500594347,0.0805163534943997,0.7893137792078899,0.11301161579711667,25,30,20
31,11,0.004402610524230554,0.13293980453803747,0.7401253989218064,0.12253218601592415,25,30,20
31,12,4.440134400573295e-06,0.1361400773263299,0.743710000050885,0.120145482488385,25,30,20
31,13,3.283286226651486e-05,0.1725564526082168,0.7074021375131865,0.12000857701632907,25,30,20
31,14,0.0002523546567361544,0.18130588811650625,0.6673030934006873,0.15113866382607044,25,30,20
31,15,0.00025091589200237316,0.20159009909779016,0.6440369990344287,0.15412198597577795,25,30,20
31,16,0.00020452169320178847,0.20038167013874156,0.6394067234677846,0.16000708470027183,25,30,20
31,17,0.0017200063219294953,0.2010828708914113,0.63560512129551,0.1615920014911481,25,30,20
31,18,0.0017200062893578064,0.22535841779350904,0.6098611630413555,0.16306041287577744,25,30,20
31,19,0.0035360519236433347,0.2414490042729112,0.5919781689467598,0.16303677485668464,25,30,20
31,20,0.0031618118729904742,0.24008082190431412,0.5936586261115139,0.16309874011117967,25,30,20
31,21,0.00038424010966077937,0.2646206259531592,0.5718745560297549,0.1631205779074233,25,30,20
31,22,0.04047775635257518,0.2798754788737585,0.46081217294588844,0.21883459182777784,25,30,20
31,23,0.04009303084199244,0.279898875002851,0.4177997701736868,0.26220832398147,25,30,20
31,24,0.0079995255588875,0.27976107440516673,0.43224486550633506,0.2799945345296095,25,30,20
31,25,0.004261031484607878,0.2797036177949625,0.4361791550577119,0.27985619566271686,25,30,20
31,26,3.405110877427725e-06,0.28139019782407043,0.43917971546923945,0.2794266815958113,25,30,20
31,27,0.0004444399287963928,0.27377096216893504,0.4457554168356207,0.2800291810666471,25,30,20
31,28,0.0004444395084933822,0.2810363981209474,0.43848980267917254,0.28002935969138554,25,30,20
31,29,0.00014626369235657893,0.28085417118868483,0.43895486311827886,0.2800447020006788,25,30,20
31,30,0.02453070915512567,0.31981260070465817,0.37371359121366104,0.2819430989265541,25,30,20
31,31,0.036450432687867663,0.31999523829361504,0.362113301008357,0.2814410280101601,25,30,20
31,32,0.07362757839512729,0.31999893192905166,0.30153135305984335,0.30484213661597725,25,30,20
31,33,0.07219958046782841,0.34998227077581595,0.25837576480207636,0.31944238395427826,25,30,20
31,34,0.07243560439266657,0.3499779792352494,0.2553981146356997,0.322188301736384,25,30,20
31,35,0.07178541649730748,0.36000101879397617,0.24823083223115575,0.3199827324775607,25,30,20
31,36,0.00016719687827219086,0.3607067853947605,0.3186799619732575,0.3204460557537094,25,30,20
31,37,0.00017370330825982897,0.35857770020220303,0.28120583841026947,0.36004275807926783,25,30,20
31,38,5.962597184388444e-05,0.3590985709004267,0.2808412191614123,0.3600005839663173,25,30,20
31,39,1.6311049797620226e-09,0.35929265504313995,0.2807070597415867,0.36000028358416797,25,30,20
31,40,0.000320775318200613,0.3590737707250466,0.28076649165101325,0.3598389623057392,25,30,20
31,41,3.5216837020048624e-06,0.3598233569059509,0.2803125355179976,0.359860585892349,25,30,20
31,42,2.985073617619883e-12,0.3582866505419576,0.2793168533754598,0.3623964960795973,25,30,20
31,43,1.9462709079182224e-09,0.3593253343507195,0.28068511513501987,0.3599895485679896,25,30,20
31,44,5.543597902128806e-08,0.3593279045847623,0.27827331847956843,0.3623987214996903,25,30,20
31,45,5.543597237286883e-08,0.3593176008889931,0.24063791250625693,0.40004443116877764,25,30,20
31,46,9.887879540501166e-10,0.39975699256837527,0.2002436229057,0.3999993835371366,25,30,20
31,47,6.842182732385799e-08,0.39999594096772545,0.16001199047229714,0.43999200013815,25,30,20
31,48,9.523618893925826e-05,0.40209176515817163,0.1578131246059664,0.43999987404692203,25,30,20
31,49,9.417969979247578e-10,0.3918603492641949,0.16813969198440437,0.439999957809604,25,30,20
31,50,2.098513406689779e-06,0.39987253748532114,0.1601282722182765,0.43999709178299584,25,30,20
31,51,1.1215653147349768e-06,0.391830873830901,0.1681672162115331,0.4400007883922512,25,30,20
31,52,1.5680623113910623e-07,0.4000219174924502,0.12094499754166027,0.4790329281596582,25,30,20
31,53,1.567894593608524e-07,0.3999766321109883,0.12002490255871737,0.4799983085408352,25,30,20
31,54,1.567894593608883e-07,0.3999837108820055,0.12002543000299451,0.4799907023255407,25,30,20
31,55,3.6292474269995344e-05,0.420048439209695,0.09992205192776585,0.4799932163882689,25,30,20
31,56,7.207234048440192e-10,0.44024179282367315,0.07976199300066052,0.4799962134549428,25,30,20
31,57,7.207234048440089e-10,0.44043503281476726,0.07956525579376768,0.47999971067074176,25,30,20
31,58,0.000494232841719608,0.4398001963428368,0.07971586040348683,0.47998971041195676,25,30,20
31,59,0.000494232841719608,0.4013805588248649,0.1160161575552711,0.4821090507781445,25,30,20
31,60,0.000494232841719608,0.4013573074685716,0.11834672630785845,0.4798017333818503,25,30,20
31,61,1.8258509757217399e-09,0.4020176052948984,0.11817993905006798,0.4798024538291826,25,30,20
31,62,6.769591999035468e-10,0.4020256012869322,0.11797652327852955,0.479997874757579,25,30,20
31,63,6.769595190720179e-10,0.4008336532823634,0.11937819746554947,0.47978814857512736,25,30,20
31,64,6.771439964165871e-10,0.3994658957601071,0.0809460583599781,0.5195880452027706,25,30,20
31,65,6.76959408244344e-10,0.39998650018489906,0.08023628834458264,0.5197772107935588,25,30,20
31,66,1.040224537094937e-07,0.39999497649620325,0.07998188792194075,0.5200230315594023,25,30,20
31,67,6.896252385524793e-10,0.39126232455832105,0.0887480227336292,0.5199896520184246,25,30,20
31,68,3.2587445648354374e-11,0.39128479417826384,0.08892449613053771,0.519790709658611,25,30,20
31,69,3.258744629410876e-11,0.3991344278294622,0.08087640975404463,0.5199891623839056,25,30,20
31,70,4.5678834380209544e-10,0.3995805168990647,0.0780610599624292,0.5223584226817175,25,30,20
31,71,4.567883506811761e-10,0.39981500381807256,0.08019890831429216,0.5199860874108468,25,30,20
31,72,2.0992536269151294e-06,0.3598149654134432,0.12018253883775473,0.520000396495175,25,30,20
31,73,2.0992536269076065e-06,0.36062672383536815,0.11951976694436495,0.5198514099666398,25,30,20
31,74,2.0992536273331e-06,0.31880060091601586,0.1613965596454189,0.5198007401849377,25,30,20
31,75,2.404835659095546e-09,0.3195282429231592,0.16044905101407778,0.5200227036579274,25,30,20
31,76,2.4053564427807905e-09,0.3188114536081164,0.161165634471158,0.5200229095153691,25,30,20
31,77,1.0863556248698886e-12,0.319480802048459,0.16051961723384317,0.5199995807166115,25,30,20
31,78,1.0410585254231256e-07,0.3199997340294731,0.12000053506593017,0.5599996267987444,25,30,20
31,79,6.79203272666163e-10,0.31999934219120996,0.12000110633480039,0.5599995507947864,25,30,20
31,80,6.788375991040056e-10,0.31934086402533407,0.12067968252123686,0.5599794527745913,25,30,20
31,81,3.6588233782099686e-13,0.35159125616370773,0.08841908670389648,0.5599896571320299,25,30,20
31,82,8.690075770013046e-20,0.3600440725457237,0.07995628897400574,0.5599996384802703,25,30,20
31,83,1.3161032001835192e-18,0.35937922627977437,0.08948623649272802,0.5511345372274976,25,30,20
31,84,3.723703032849574e-13,0.36005503932246186,0.07994531563774598,0.5599996450394198,25,30,20
31,85,1.8011442946808074e-07,0.35998797995137816,0.08001250499317994,0.5599993349410124,25,30,20
31,86,6.537463207001039e-15,0.35998707295249815,0.11698162213319016,0.523031304914305,25,30,20
31,87,5.511985199316276e-19,0.3999880025001544,0.07712690450687003,0.5228850929929753,25,30,20
31,88,1.5637326020653907e-13,0.39999602216972924,0.07696448754176705,0.5230394902883471,25,30,20
31,89,1.5637326059302616e-13,0.39947191657459136,0.07769357564241818,0.522834507782834,25,30,20
31,90,1.0583305774024143e-07,0.3887788307141499,0.08820539682232809,0.5230156666304643,25,30,20
31,91,2.882033669042252e-11,0.39976290283854893,0.080218991891204,0.5200181052414266,25,30,20
31,92,2.8820336690997164e-11,0.39997439206282404,0.08862722672565111,0.5113983811827044,25,30,20
31,93,0.00033528752990129106,0.3999995875134336,0.07965619695314528,0.5200089280035195,25,30,20
31,94,0.00033528752990129106,0.3999901909438819,0.07996510620170384,0.5197094153245129,25,30,20
31,95,0.00033528752990129106,0.39999978152330884,0.07965624988312549,0.5200086810636644,25,30,20
31,96,0.0003352875299015744,0.39997179910282,0.07970273689641931,0.5199901764708591,25,30,20
31,97,0.03266750836909806,0.3899416555289724,0.057395910839219376,0.51999492526271,25,30,20
31,98,3.0708759392483036e-12,0.3999802165441977,0.08002281172827999,0.5199969717244517,25,30,20
31,99,8.210670802990332e-08,0.39997838922607315,0.08002996130628841,0.5199915673609306,25,30,20
31,100,8.210670789585062e-08,0.3992946789967054,0.04784275441296239,0.5528624844836244,25,30,20
31,101,8.210670782312599e-08,0.39997852564367115,0.04746616286227828,0.5525552293873427,25,30,20
31,102,6.298806843041426e-19,0.3999898731300954,0.040204556570363294,0.5598055702995414,25,30,20
31,103,1.3721180103556018e-16,0.3993276029065885,0.03809210888623823,0.562580288207173,25,30,20
31,104,8.429743399377887e-15,0.39913644003027615,0.0413168545437381,0.5595467054259773,25,30,20
31,105,6.861612935302072e-08,0.3999840278569299,0.04003396619616851,0.5599819373307722,25,30,20
31,106,1.4857723093921886e-14,0.399318285246001,0.04069773079101638,0.5599839839629677,25,30,20
31,107,1.4983832932332264e-07,0.39930191963675754,0.040706373450408784,0.5599915570745043,25,30,20
31,108,1.49838329323323e-07,0.39999179786004185,0.04002678939652303,0.5599812629051057,25,30,20
31,109,8.468922559012367e-13,0.39999196172023443,0.05204555085276095,0.5479624874261576,25,30,20
31,110,0.0004944412810366253,0.3999825957279406,0.03952571174954209,0.5599972512414806,25,30,20
31,111,0.0004944412810366253,0.3999780061844929,0.0395275648986571,0.5599999876358133,25,30,20
31,112,2.7222582059964716e-09,0.39996622736697773,0.040044111755349665,0.5599896581554143,25,30,20
31,113,2.750170660149365e-09,0.39997297553834665,0.04003058058030158,0.5599964411311812,25,30,20
31,114,2.0878197431520578e-09,0.39996922035352667,0.040017252374229546,0.560013525184424,25,30,20
31,115,2.087819743151854e-09,0.39998737896173486,0.039999116348638813,0.5600135026018067,25,30,20
31,116,2.0878197431524192e-09,0.39998768592456413,0.03999867999019517,0.560013631997421,25,30,20
31,117,2.087819743151868e-09,0.39981527277776757,0.040332354551542826,0.55985237058287,25,30,20
31,118,2.0878197431520507e-09,0.3999874830972059,0.03999909866296236,0.5600134161520121,25,30,20
31,119,2.0878197431520565e-09,0.3993281427526818,0.040658747430779414,0.5600131077287192,25,30,20
31,120,0.016816680808404455,0.39865913026094923,0.024532069282909946,0.5599921196477362,25,30,20
31,121,0.016816680808404455,0.39931938663934136,0.0238637564591894,0.5600001760930646,25,30,20
31,122,0.016816680808404455,0.35999656844534816,0.06319567854135943,0.559991072204888,25,30,20
31,123,4.7430492719737965e-11,0.35996741262556303,0.08061363513538174,0.5594189521916246,25,30,20
31,124,4.7440372280355086e-11,0.3592987700085593,0.08070122331961378,0.5600000066243865,25,30,20
31,125,9.086068362832777e-06,0.3599951259715916,0.0946768621875004,0.5453189257725453,25,30,20
31,126,2.8625154279021115e-06,0.35998360445210265,0.09469453734793325,0.5453189956845361,25,30,20
31,127,6.075765458416637e-14,0.3606311847343815,0.05662963795822782,0.5827391773073297,25,30,20
31,128,1.946286003552686e-15,0.3601152663564091,0.03990318288670571,0.5999815507568832,25,30,20
31,129,1.5800801906515895e-06,0.3596363642865758,0.04038360902489956,0.5999784466083339,25,30,20
31,130,5.543161680636977e-08,0.3599994791927214,0.0400042637821453,0.5999962015935164,25,30,20
31,131,9.725090639302014e-10,0.3592329132069998,0.04092152901984632,0.5998455568006448,25,30,20
31,132,0.005745002927227264,0.3599898941282842,0.03427312814543344,0.5999919747990549,25,30,20
31,133,0.0362268670043657,0.35176453453701945,0.012016484182433593,0.5999921142761813,25,30,20
31,134,0.03999994125374812,0.3517556611307839,0.008250522369060532,0.5999938752464076,25,30,20
31,135,0.03712185674688696,0.35175883712818473,0.011125224495148989,0.5999940816297795,25,30,20
31,136,0.00793450723230597,0.35175872043732115,0.04032538311996053,0.5999813892104123,25,30,20
31,137,1.0502790028131015e-14,0.3515777719870188,0.048622834605854724,0.5997993934071161,25,30,20
31,138,1.050279035711854e-14,0.3595578719602646,0.04976308161735589,0.5906790464223689,25,30,20
31,139,1.050279023387291e-14,0.35157751209023774,0.04843297663021877,0.5999895112795329,25,30,20
31,140,1.6768558858562247e-11,0.3517371428754305,0.04827348391655338,0.5999893731912472,25,30,20
31,141,3.4446891079497363e-06,0.3517361294347306,0.04826410152048946,0.5999963243556719,25,30,20
31,142,3.5459784315015674e-20,0.34173677514817385,0.058563132609463935,0.5997000922423621,25,30,20
31,143,5.883702036035818e-19,0.3597670377627594,0.04043729586811347,0.5997956663691272,25,30,20
31,144,1.3975115714166196e-20,0.38420497745609766,0.01615597642262505,0.5996390461212774,25,30,20
31,145,2.8937816103407235e-25,0.3999860665159262,1.408038665647766e-05,0.5999998530974173,25,30,20
31,146,4.854793299675275e-22,0.36253582699190623,0.03747453149473678,0.599989641513357,25,30,20
31,147,3.598848770303504e-18,0.3613394362936188,0.0386611785563187,0.5999993851500625,25,30,20
31,148,1.1688296952852305e-16,0.35174821116737415,0.04825197410144586,0.5999998147311799,25,30,20
31,149,8.598827773160021e-06,0.35174307531767773,0.048248710645459755,0.5999996152090893,25,30,20
31,150,8.59882777316006e-06,0.3510607086197403,0.04913108567172911,0.5997996068807574,25,30,20
31,151,9.55927834907982e-08,0.3599902158316064,0.04020855348705549,0.5998011350885546,25,30,20
31,152,4.825786219494247e-11,0.35999021123761155,0.05855205663868486,0.5814577320754456,25,30,20
31,153,5.235715855439554e-09,0.3599908160722638,0.05809934086140932,0.581909837830611,25,30,20
31,154,5.235715855434266e-09,0.35999102127195415,0.07843226145757753,0.5615767120347523,25,30,20
31,155,2.7496531155636142e-09,0.35998694113283086,0.08045972074163123,0.5595533353758847,25,30,20
31,156,2.749652697656958e-09,0.35945264311818087,0.040994734280508933,0.5995526198516575,25,30,20
31,157,0.00044422596218053015,0.3599921259568591,0.03957077302175268,0.5999928750592075,25,30,20
31,158,2.078109013778673e-06,0.35176717529821055,0.048238675177263234,0.5999920714155124,25,30,20
31,159,2.078109013778673e-06,0.3517674255389898,0.048243898379301736,0.5999865979726945,25,30,20
31,160,5.717288213961931e-13,0.3517632638468213,0.04823681605049468,0.5999999201021122,25,30,20
31,161,1.1514697799913665e-10,0.3499519201652528,0.049962979886090546,0.6000850998335097,25,30,20
31,162,2.78781543673694e-15,0.34979613638428453,0.04927254772684937,0.6009313158888632,25,30,20
31,163,1.653890342802485e-11,0.34997735642654215,0.050026332222637374,0.5999963113342814,25,30,20
31,164,9.213443530244312e-17,0.34996742865627206,0.0500429469335638,0.5999896244101641,25,30,20
31,165,0.03580527348907073,0.34995742516413136,0.01423782946686565,0.5999994718799322,25,30,20
31,166,0.03580527348907073,0.34995806716175226,0.014239434542534578,0.5999972248066426,25,30,20
31,167,0.03734406203009775,0.3590275410535673,0.0036469619795158766,0.5999814349368191,25,30,20
31,168,0.03734406203009775,0.3599700859289729,0.0031401613165694675,0.59954569072436,25,30,20
31,169,0.03734406203009775,0.3599917278164925,0.003108296655724311,0.5995559134976856,25,30,20
31,170,0.03734406203009775,0.3599599272211897,0.0026964305788152797,0.5999995801698975,25,30,20
31,171,0.03734406203009775,0.3599873341715991,0.002669303896102095,0.5999992999022012,25,30,20
31,172,0.0001696335664222523,0.3599751584733155,0.03985575290318673,0.5999994550570755,25,30,20
31,173,0.0001696335664222523,0.3599742291695261,0.03986268257178278,0.5999934546922688,25,30,20
31,174,4.91347349320326e-10,0.35997854248473465,0.04002841217118931,0.5999930448527286,25,30,20
31,175,3.044273952517019e-13,0.3592277417418101,0.04077899937583939,0.5999932588820461,25,30,20
31,176,3.0442739544117627e-13,0.3208039785174692,0.07920276295496334,0.599993258527263,25,30,20
31,177,3.2151232738978254e-13,0.3194794389665412,0.07817219834402309,0.6023483626891141,25,30,20
31,178,3.215123182516437e-13,0.3199905300885146,0.07765367973014231,0.6023557901810217,25,30,20
31,179,0.002850465167447942,0.31999963049351804,0.0747993582826486,0.6023505460563854,25,30,20
31,180,0.0028504651674308573,0.31893610254476445,0.07823538883785526,0.5999780434499493,25,30,20
31,181,0.0028504651683196143,0.32182954558388005,0.07534399162495713,0.5999759976228431,25,30,20
31,182,0.0028504651683196143,0.3213093517273813,0.07644045429020682,0.5993997288140922,25,30,20
31,183,0.002850465167430859,0.31999734363304755,0.07548412718717565,0.6016680640123458,25,30,20
31,184,3.524916762307939e-15,0.320015627580742,0.08082431318417861,0.5991600592350758,25,30,20
31,185,3.745195829911878e-08,0.3199901708859419,0.08017618421909402,0.5998336074430058,25,30,20
31,186,2.1216275880045092e-13,0.3200002488722793,0.08016738254057218,0.5998323685869361,25,30,20
31,187,2.3594960068187566e-13,0.31975532484852304,0.08019457188545609,0.6000501032657849,25,30,20
31,188,2.1216277079708444e-13,0.31977879703055817,0.08079840534477213,0.5994227976244575,25,30,20
31,189,7.442938042478614e-17,0.32253647116577466,0.07746580247675122,0.5999977263574742,25,30,20
31,190,1.5578511017348217e-13,0.32001519942705126,0.07998779572456471,0.5999970048482282,25,30,20
31,191,1.5578511017428858e-13,0.3111145571117072,0.08890347943084546,0.5999819634572916,25,30,20
31,192,6.787286996268119e-17,0.311091536365717,0.08948978318077216,0.5994186804535105,25,30,20
31,193,8.338587608083351e-15,0.3117602750271806,0.08825060247350246,0.5999891224993084,25,30,20
31,194,8.338588089845016e-15,0.31172668159050293,0.08830071011741411,0.5999726082920745,25,30,20
31,195,2.868636232578735e-08,0.32069854546464494,0.07932505394610026,0.5999763719028924,25,30,20
31,196,4.310953940551119e-09,0.3200132788240248,0.07999459523730408,0.5999921216277173,25,30,20
31,197,3.465888700599178e-20,0.3200035890998467,0.07999648868902857,0.5999999222111246,25,30,20
31,198,1.1858405652019671e-12,0.3199786083290589,0.08002157736659062,0.5999998143031646,25,30,20
31,199,3.205627281495552e-14,0.3199522439287371,0.08005066267005052,0.5999970934011802,25,30,20
31,200,2.6006715709329473e-05,0.31175638111077875,0.08822117991227962,0.5999964322612322,25,30,20
31,201,2.996425492268958e-08,0.3199917540439169,0.08000843385360586,0.5999997821382224,25,30,20
31,202,1.3899297453439052e-06,0.31947959475079346,0.08052190406799241,0.5999971112514688,25,30,20
31,203,8.7530880658714e-05,0.3197969980995821,0.08043770697442493,0.5996777640453343,25,30,20
31,204,1.9121141703407e-06,0.3195724738597396,0.08042487512984924,0.600000738896241,25,30,20
31,205,2.012069280999469e-06,0.31975431312935276,0.08039725280065126,0.599846422000715,25,30,20
31,206,1.7374495847850186e-14,0.31998090901763837,0.08001861035442495,0.6000004806279194,25,30,20
31,207,3.5143912372702207e-15,0.3599953590264943,0.04000488166296057,0.5999997593105418,25,30,20
31,208,1.3421057680380029e-11,0.3595335465806382,0.04045665083808872,0.6000098025678521,25,30,20
31,209,2.8500693653079204e-06,0.3599802848425363,0.040020971893750576,0.5999958931943478,25,30,20
31,210,2.8500693653079195e-06,0.3598150931123238,0.04881558409393418,0.5913664727243768,25,30,20
31,211,2.8500693653079195e-06,0.3599795809351533,0.040025133391674246,0.5999924356038072,25,30,20
31,212,0.016813152145428494,0.35947149683028357,0.023718649330235278,0.5999967016940526,25,30,20
31,213,7.592368365188324e-11,0.35999655250505164,0.040521511100519964,0.5994819363185048,25,30,20
31,214,7.592535074525131e-11,0.3515895934362576,0.04892497461050362,0.5994854318773135,25,30,20
31,215,6.079988019314713e-22,0.35975435731052813,0.007960137306354045,0.6322855053831178,25,30,20
31,216,3.4959503770955523e-22,0.3597472564057306,0.009348920264590457,0.630903823329679,25,30,20
31,217,2.2129716193861204e-22,0.35973830353248715,0.00026577649313070214,0.6399959199743823,25,30,20
31,218,1.8396612757843435e-18,0.3225208025008957,0.03748340345894825,0.6399957940401559,25,30,20
31,219,2.975825515306526e-20,0.32261316882479163,0.037395330010734765,0.6399915011644733,25,30,20
31,220,8.212132245981476e-16,0.3200416440569186,0.03997788289059868,0.6399804730524817,25,30,20
31,221,3.223964865822514e-20,0.31999138529121335,0.015615024342205098,0.6643935903665816,25,30,20
31,222,2.0017891408487965e-22,0.3199964287680927,3.950393993866287e-06,0.6799996208379134,25,30,20
31,223,3.7782623345219513e-22,0.3199992529088208,0.008788818119389844,0.6712119289717894,25,30,20
31,224,1.1403017405385798e-20,0.3199833575331931,1.963827985072788e-05,0.6799970041869563,25,30,20
31,225,9.703703359965746e-21,0.319995657903787,8.434683422458685e-06,0.6799959074127906,25,30,20
31,226,1.9886490320756765e-22,0.31909645648726065,0.016517371407527827,0.6643861721052118,25,30,20
31,227,4.62001669604318e-20,0.2797743458460212,0.040225875445188006,0.6799997787087907,25,30,20
31,228,5.315009351948409e-21,0.2792285544443658,0.040779536650517104,0.679991908905117,25,30,20
31,229,7.543913402344557e-16,0.27975805760887384,0.04024250657653257,0.6799994358145928,25,30,20
31,230,7.543913598388383e-16,0.27975148003282735,0.040260153370451836,0.6799883665967199,25,30,20
31,231,1.3327487036284324e-12,0.27981074696906644,0.040189506299619794,0.679999746729981,25,30,20
31,232,7.3027294897739885e-22,0.2799784589054138,0.040170932549147984,0.6798506085454382,25,30,20
31,233,2.1318288090598934e-22,0.26656734837874124,0.053435546046065756,0.6799971055751931,25,30,20
31,234,1.4794068104512343e-16,0.27981864517704447,0.0403388626899942,0.6798424921329611,25,30,20
31,235,1.2495318592264558e-12,0.28240202586837165,0.037761645425127756,0.6798363287052511,25,30,20
31,236,1.2495318588446874e-12,0.28257367720832255,0.03743802539670373,0.6799882973937242,25,30,20
31,237,3.846057017090458e-16,0.282573847116195,0.03743781727675586,0.6799883356070485,25,30,20
31,238,4.180853420475487e-16,0.2800005856730246,0.040167964898234904,0.6798314494287401,25,30,20
31,239,1.1412195262368072e-20,0.2800448114746901,0.03997477190799677,0.6799804166173131,25,30,20
31,240,1.159150349019353e-20,0.2800445982671218,0.04013198485140756,0.6798234168814707,25,30,20
31,241,1.1585040666896143e-20,0.2793727747215829,0.04078455942418885,0.6798426658542283,25,30,20
31,242,1.1582114984558666e-20,0.26287367089837416,0.05729130764966012,0.6798350214519657,25,30,20
31,243,1.9590151065278603e-22,0.280033770754162,0.04012888863144171,0.6798373406143962,25,30,20
31,244,1.8357616334473203e-23,0.2799839593269877,0.04002455731073057,0.6799914833622818,25,30,20
31,245,9.760198388842859e-24,0.27998736044458433,0.040410454676939586,0.6796021848784761,25,30,20
31,246,9.095269340890383e-15,0.280038956600426,0.03997144133754018,0.6799896020620246,25,30,20
31,247,7.930968156943987e-18,0.279984234120394,0.04003656727221769,0.6799791986073883,25,30,20
31,248,1.287660626809851e-19,0.2793279370682296,0.040687762704306484,0.679984300227464,25,30,20
31,249,1.287597162004839e-19,0.24131632620813906,0.07869740487357765,0.6799862689182832,25,30,20
31,250,4.5693425583890884e-18,0.23932283409948021,0.08068802646256978,0.67998913943795,25,30,20
31,251,9.868046410280988e-20,0.23997598588576863,0.07705060541869939,0.6829734086955318,25,30,20
31,252,6.65092818583059e-13,0.23999993502025263,0.07997210550089737,0.680027959478185,25,30,20
31,253,6.650928190648706e-13,0.23999937974239688,0.07997565205627506,0.6800249682006632,25,30,20
31,254,6.716179567568975e-13,0.24003756938620174,0.07993797784524713,0.6800244527678794,25,30,20
31,255,6.652129883131834e-13,0.23999939248996166,0.08720792700775915,0.672792680501614,25,30,20
31,256,6.712414334378177e-13,0.2398096767467308,0.08016542492826165,0.6800248983243361,25,30,20
31,257,6.650928118089034e-13,0.23999022668952513,0.07804569539497756,0.6819640779148323,25,30,20
31,258,6.650947660028335e-13,0.20003416646930153,0.11993805679992428,0.680027776730109,25,30,20
31,259,1.8172543349245622e-09,0.20006827411872238,0.11993216749610043,0.6799995565679228,25,30,20
31,260,1.8581773068176804e-09,0.19997740468459616,0.1200231851907196,0.679999408266507,25,30,20
31,261,1.8581773067835389e-09,0.19999039019754417,0.12002400076232833,0.6799856071819499,25,30,20
31,262,2.9962508606440925e-08,0.19997681751367147,0.11770563021161572,0.682317522312204,25,30,20
31,263,9.561051947764444e-10,0.19997668876549057,0.12782919474469756,0.6721941155337062,25,30,20
31,264,5.449349372314977e-08,0.20000094338064933,0.12724797137466468,0.6727510307511921,25,30,20
31,265,4.792570869616207e-10,0.1999996617979419,0.12721677826182284,0.6727835594609782,25,30,20
31,266,4.792570794356542e-10,0.2399995663127886,0.07998776464744177,0.6800126685605125,25,30,20
31,267,6.432035287844616e-08,0.24003521561560043,0.07992575959547361,0.680038960468573,25,30,20
31,268,6.432053250870703e-08,0.24107456971121455,0.07904616309463862,0.6798792028736144,25,30,20
31,269,3.2308310826497663e-15,0.23933089848139474,0.07843362263706735,0.6822354788815346,25,30,20
31,270,3.2308310642489447e-15,0.23999594894839046,0.07761439271908381,0.6823896583325225,25,30,20
31,271,2.620940362884479e-15,0.23947959549634365,0.07835633925912582,0.6821640652445279,25,30,20
31,272,2.6209401970731362e-15,0.23929532650664379,0.07854436874164197,0.6821603047517115,25,30,20
31,273,4.261296846417921e-10,0.2399969628649813,0.07764680717363673,0.6823562295352522,25,30,20
31,274,3.4157498950335066e-09,0.24000910848424417,0.07994875077509098,0.6800421373249148,25,30,20
31,275,4.717109043230727e-12,0.26621733406858783,0.05378809476422923,0.6799945711624658,25,30,20
31,276,9.591824163524734e-22,0.27999143499651985,0.04738932141691165,0.6726192435865684,25,30,20
31,277,1.8458150317006096e-13,0.2799881288348149,0.0402130691552599,0.6797988020097406,25,30,20
31,278,1.8458150316290947e-13,0.27998812661773037,0.040011631538601676,0.6800002418434833,25,30,20
31,279,1.8458150315610105e-13,0.27998316192587885,0.04058749930840456,0.679429338765532,25,30,20
31,280,1.845815100582625e-13,0.26420021242327,0.05580745985533162,0.6799923277212138,25,30,20
31,281,1.3192811391521982e-19,0.23999134836759659,0.08000888666514969,0.6799997649672538,25,30,20
31,282,6.4159544223101094e-15,0.23999632225482603,0.07997569653704971,0.6800279812081176,25,30,20
31,283,3.536625316517536e-20,0.23999635376130946,0.08001409797429336,0.679989548264397,25,30,20
31,284,2.602315285973526e-21,0.23998742418536026,0.08720210248005492,0.6728104733345848,25,30,20
31,285,6.611471973221941e-08,0.22284351835828736,0.10439032726200147,0.6727660882649914,25,30,20
31,286,6.611471973221618e-08,0.23999961959246796,0.08000299653967448,0.6799973177531379,25,30,20
31,287,7.570559809759676e-11,0.2400004742969505,0.04000222007261555,0.7199973055547282,25,30,20
31,288,7.465011694249608e-18,0.23999033683352855,0.04001043184449378,0.7199992313219775,25,30,20
31,289,5.564479851592366e-16,0.2299679377227893,0.050035126960877335,0.7199969353163326,25,30,20
31,290,5.564394509700296e-16,0.23999039250951335,0.04001516681674416,0.719994440673742,25,30,20
31,291,5.564394380635888e-16,0.23998745736361124,0.04001288308848287,0.7199996595479056,25,30,20
31,292,5.564394351618188e-16,0.23997615403418457,0.047056877932722264,0.7129669680330926,25,30,20
31,293,1.357614498852227e-12,0.23999972979456793,0.04722565098235442,0.7127746192217201,25,30,20
31,294,1.3576144991448979e-12,0.22031052498509335,0.07578221371342309,0.7039072613001258,25,30,20
31,295,4.959509826732299e-18,0.23883160464926909,0.05746727616007342,0.7037011191906575,25,30,20
31,296,4.9595233602845644e-18,0.2400211382735061,0.04701205386366463,0.7129668078628293,25,30,20
31,297,4.959030231892334e-18,0.24002433174392038,0.039996266987671315,0.7199794012684084,25,30,20
31,298,4.959586249562895e-18,0.23935251494413037,0.04065132335691502,0.7199961616989546,25,30,20
31,299,1.289039270019476e-19,0.2394794446871423,0.04073350807755958,0.7197870472352983,25,30,20
31,300,1.2313953986994975e-19,0.2426062408560403,0.037407717218342226,0.7199860419256173,25,30,20
31,301,1.2371588697097184e-19,0.24260258470976498,0.037401523024829096,0.7199958922654058,25,30,20
31,302,1.2316064830304504e-19,0.24261424121670846,0.03738944599026421,0.7199963127930272,25,30,20
31,303,1.2314214469046712e-19,0.24242556716423272,0.03757468577618268,0.7199997470595845,25,30,20
31,304,2.0715813119534604e-11,0.2398848202071629,0.04011901849445156,0.7199961612776697,25,30,20
31,305,8.463919876757358e-13,0.23946462637691174,0.04053860739451965,0.7199967662277222,25,30,20
31,306,1.11044623766631e-14,0.23952382352038037,0.03971998072232872,0.7207561957572799,25,30,20
31,307,8.617501114812302e-13,0.23952375415209787,0.049351558330084096,0.7111246875169563,25,30,20
31,308,5.443993239016806e-06,0.23979095936788905,0.04907891292035711,0.7111246837185148,25,30,20
31,309,2.750706458060854e-09,0.2390975319239627,0.040923123115290554,0.7199793422100401,25,30,20
31,310,7.841859255160522e-08,0.23909787815072242,0.04090785454603269,0.7199941888846523,25,30,20
31,311,2.5733372316404834e-23,0.2397668347981538,0.04023649561035938,0.7199966695914867,25,30,20
31,312,2.750243188736333e-20,0.2399991998071673,0.040031114495175275,0.7199696856976574,25,30,20
31,313,2.74939178482121e-20,0.23981865044423095,0.040211420686387986,0.7199699288693812,25,30,20
31,314,4.638862100157054e-13,0.23997846179125504,0.04004383210145191,0.7199777061068293,25,30,20
31,315,3.196669007448237e-20,0.23998780681575607,0.04023054228064086,0.719781650903603,25,30,20
31,316,3.195674130517976e-20,0.23999978868342045,0.04003113665601304,0.7199690746605666,25,30,20
31,317,7.676576473198055e-20,0.23919807635509344,0.04081806571050603,0.7199838579344005,25,30,20
31,318,4.468676274906578e-20,0.23980285769940785,0.040213094277056785,0.7199840480235354,25,30,20
31,319,3.203959312615268e-20,0.23981852089601202,0.05446590206815825,0.7057155770358295,25,30,20
31,320,3.0650861873865143e-21,0.23999628445303256,0.040004141285478766,0.7199995742614889,25,30,20
31,321,2.762623269684989e-21,0.23999969430071244,0.040004078720064014,0.7199962269792236,25,30,20
31,322,1.2861863931245699e-19,0.24004554726358546,0.03996517046244217,0.7199892822739722,25,30,20
31,323,5.985500130537679e-17,0.2626618229297763,0.017352812948140898,0.7199853641220826,25,30,20
31,324,1.406127060742558e-23,0.2799834087695568,1.9782608988031737e-05,0.7199968086214551,25,30,20
31,325,7.641306400633823e-24,0.2798092415705982,0.0002021604665239956,0.7199885979628778,25,30,20
31,326,2.003533290374144e-22,0.2799812642171804,3.0331733659552914e-05,0.7199884040491602,25,30,20
31,327,6.23615835484802e-25,0.2799997466744221,0.0004088573193596363,0.7195913960062182,25,30,20
31,328,9.704826681518291e-21,0.27951810560236007,0.0005029946477122472,0.7199788997499277,25,30,20
31,329,1.7006575580900424e-22,0.2797630643789368,0.0004078285107112672,0.7198291071103522,25,30,20
31,330,3.5625155828677533e-25,0.2799933914411829,9.702629710607043e-06,0.7199969059291067,25,30,20
31,331,6.247838767425115e-25,0.2799904366538533,1.3244989546216952e-05,0.7199963183566004,25,30,20
31,332,5.693072734200977e-22,0.279981033286979,3.4926653563294986e-05,0.7199840400594577,25,30,20
31,333,1.3666864584789318e-23,0.27998623345201507,2.2033326516423935e-05,0.7199917332214685,25,30,20
31,334,2.804250686518667e-20,0.279809107802589,0.00020194159256753036,0.7199889506048436,25,30,20
31,335,2.763694384004016e-20,0.2798094498417555,0.0008335610165204173,0.7193569891417242,25,30,20
31,336,9.123070013073086e-21,0.2696149037654707,0.010584535792095652,0.7198005604424337,25,30,20
31,337,9.10931467241202e-21,0.2597733595959919,0.02081142285243228,0.7194152175515758,25,30,20
31,338,8.540485496231759e-21,0.23088995743372284,0.049316809436296634,0.7197932331299807,25,30,20
31,339,9.180871040340217e-21,0.22265785701515864,0.057541085467979765,0.7198010575168616,25,30,20
31,340,1.265618915403006e-12,0.1827938761368322,0.09741538523480173,0.7197907386271005,25,30,20
31,341,2.0200669972866167e-18,0.1897516393025892,0.09926770629665624,0.7109806544007546,25,30,20
31,342,8.451552142896515e-12,0.19976602918346942,0.0686360461268973,0.7315979246811815,25,30,20
31,343,3.245505553086803e-20,0.1999956105792139,0.07864585650069247,0.7213585329200936,25,30,20
31,344,4.044068476714692e-15,0.19998462019677724,0.07884089382474632,0.7211744859784723,25,30,20
31,345,5.223789278682328e-22,0.19958405853969122,0.07757877200412851,0.7228371694561803,25,30,20
31,346,0.013002037698464548,0.19999991502604722,0.06700421568893929,0.7199938315865488,25,30,20
31,347,0.013001883623541122,0.19997671514735185,0.06702782563360246,0.7199935755955045,25,30,20
31,348,2.1663945665548667e-11,0.19998055451333951,0.0800201074551058,0.7199993380098907,25,30,20
31,349,0.03810742238647659,0.23976339966891236,0.0023221733748942557,0.7198070045697169,25,30,20
31,350,0.03810742238647659,0.2294567575793776,0.012635179750055164,0.7198006402840907,25,30,20
31,351,4.77940023390545e-07,0.23946760050234636,0.04053211345500718,0.7199998081026229,25,30,20
31,352,4.779400233905448e-07,0.23175605036228167,0.04825172192535367,0.7199917497723414,25,30,20
31,353,4.779400233905452e-07,0.2399757706081003,0.040181061401990265,0.7198426900498862,25,30,20
31,354,4.779400233905452e-07,0.23997607046968564,0.04003181281435336,0.7199916387759374,25,30,20
31,355,6.34141169523863e-10,0.23998365641397373,0.040017007631865414,0.7199993353200198,25,30,20
31,356,0.0006856623319611872,0.23999070635400288,0.03227462996601505,0.7270490013480208,25,30,20
31,357,0.0006856623319611872,0.23998146139037108,0.03228402532346812,0.7270488509541997,25,30,20
31,358,0.033935256454750616,0.23980771315880844,0.006653699958015208,0.7196033304284257,25,30,20
31,359,0.033935256454750574,0.23946742717051706,0.006611645238024005,0.7199856711367083,25,30,20
31,360,0.033935256454750574,0.23980684282923564,0.006460279267494672,0.7197976214485192,25,30,20
31,361,3.2271129121108846e-11,0.23999998065897776,0.04000702973150006,0.719992989577251,25,30,20
31,362,3.223071667199601e-11,0.23999606416358205,0.0400042828220617,0.7199996529821254,25,30,20
31,363,3.2230716661255175e-11,0.239995664214901,0.04058432076926412,0.7194200149836041,25,30,20
31,364,3.223071666172807e-11,0.23980222098580029,0.04077505142594012,0.7194227275560291,25,30,20
31,365,3.017788249690499e-06,0.23997449539240778,0.040593904924717525,0.719428581894625,25,30,20
31,366,3.0177882496904875e-06,0.23999073752405434,0.040006701413884044,0.7199995432738119,25,30,20
31,367,3.017788249690488e-06,0.23999976495623968,0.04016651381243519,0.7198307034430755,25,30,20
31,368,4.150855667737055e-08,0.2399957143990616,0.040002009048698654,0.7200022350436831,25,30,20
31,369,5.499518495308922e-06,0.23999549687735025,0.040194092487861655,0.7198049111162927,25,30,20
31,370,6.370577900374604e-10,0.21978257967069453,0.060225393320260834,0.7199920263719869,25,30,20
31,371,1.4407221209210249e-06,0.22030254716471304,0.05969990726880461,0.7199961048443615,25,30,20
31,372,0.002514634657582471,0.2317756041570415,0.04571035963643272,0.7199994015489434,25,30,20
31,373,0.002514634657582471,0.23154197842458082,0.04651456930649719,0.7194288176113394,25,30,20
31,374,1.453767146882099e-06,0.231539458964806,0.04845986193565904,0.7199992253323879,25,30,20
31,375,2.0231779825916736e-13,0.23999976531463546,0.04000357522915799,0.7199966594560044,25,30,20
31,376,2.043419953017599e-06,0.2399999465950161,0.046364036919241854,0.713633973065789,25,30,20
31,377,6.19147665821554e-22,0.2399884374122521,0.040474724246652306,0.7195368383410954,25,30,20
31,378,1.8160873613409757e-14,0.23999348348464405,0.0406601888696878,0.7193463276456501,25,30,20
31,379,1.8160873443941883e-14,0.23999958074225064,0.040008947084499,0.7199914721732322,25,30,20
31,380,5.083858347091649e-13,0.2410479188586541,0.03910680220401907,0.7198452789368183,25,30,20
31,381,5.083858347091995e-13,0.24104767009295658,0.03910434016660077,0.7198479897399342,25,30,20
31,382,9.978405408374902e-20,0.24000001579490363,0.04000367638326159,0.7199963078218349,25,30,20
31,383,2.095437797998416e-22,0.23999043339944076,0.05562463198612678,0.7043849346144323,25,30,20
31,384,3.4013748237276165e-23,0.23999960556209615,0.04000045335250745,0.7199999410853962,25,30,20
31,385,3.3955685467078994e-23,0.23999984261687227,0.040003765147334135,0.7199963922357935,25,30,20
31,386,1.8714241473412822e-18,0.23947041312845546,0.04052986659447733,0.7199997202770672,25,30,20
31,387,3.260353207624208e-16,0.2393219331987756,0.04068839946258304,0.7199896673386412,25,30,20
31,388,3.420199741527656e-09,0.2399966386083291,0.040021623485782296,0.7199817344856889,25,30,20
31,389,3.4201997415281053e-09,0.23175601514570773,0.04824405573826442,0.719999925695828,25,30,20
31,390,3.4201997420808038e-09,0.23981889830888745,0.04018156870407268,0.7199995295668402,25,30,20
31,391,3.420199741528139e-09,0.2393268566643831,0.040872518815382605,0.7198006211000346,25,30,20
31,392,7.534054170806602e-18,0.2019899179098067,0.08504938412558455,0.712960697964609,25,30,20
31,393,1.914259858185389e-18,0.20199049792841403,0.07800998786707164,0.7199995142045144,25,30,20
31,394,1.8458930549330586e-18,0.20151828703529492,0.0784854116284778,0.7199963013362272,25,30,20
31,395,5.011082714606419e-15,0.19975750683752116,0.08113724652725036,0.7191052466352233,25,30,20
31,396,1.8040179162018917e-13,0.19976630637531329,0.07916026495826531,0.7210734286662411,25,30,20
31,397,6.398660913006665e-15,0.1915010765552146,0.08847104597422925,0.7200278774705499,25,30,20
31,398,6.398660912982119e-15,0.19202135427233658,0.08794044603019102,0.7200381996974662,25,30,20
31,399,1.9078987789568433e-21,0.18030111115232142,0.10015337786212093,0.7195455109855574,25,30,20
31,400,2.9742501952663306e-11,0.20004672829202547,0.08067316903276843,0.7192801026454636,25,30,20
31,401,1.491869524067162e-11,0.19947905014566672,0.07888013266689646,0.7216408171725182,25,30,20
31,402,2.2347109472867816e-10,0.19339959909926957,0.08466362382241707,0.7219367768548424,25,30,20
31,403,2.2345259792411954e-10,0.19998122449484967,0.04756961791417389,0.7524491573675237,25,30,20
31,404,4.109405239986686e-05,0.1999787495227002,0.04752795134252501,0.7524522050823748,25,30,20
31,405,1.2694474439583193e-08,0.19997875318351352,0.040030578636818304,0.7599906554851935,25,30,20
31,406,6.255418010274759e-10,0.1899595821897898,0.05004659714666586,0.7599938200380023,25,30,20
31,407,6.255417640151261e-10,0.19999999216866038,0.04743453701361862,0.752565470192179,25,30,20
31,408,1.7208028718588188e-09,0.19999993377733638,0.04057937665299112,0.7594206878488695,25,30,20
31,409,1.7208028724121702e-09,0.19998794072017617,0.04118220544814388,0.758829852110877,25,30,20
31,410,5.7337036294189435e-11,0.2000240806408388,0.04861429514464827,0.7513616241571758,25,30,20
31,411,5.733703628658105e-11,0.200012317249008,0.03999607818424164,0.7599916045094135,25,30,20
31,412,5.733703628724811e-11,0.19968475952359754,0.04032253077531891,0.7599927096437465,25,30,20
31,413,1.361224314606206e-19,0.19999357771558665,0.04000992990311591,0.7599964923812975,25,30,20
31,414,4.818102098282575e-22,0.1999996283765425,0.040013575067866854,0.7599867965555908,25,30,20
31,415,4.663783657094162e-25,0.19999031220082775,0.04001301982388057,0.7599966679752916,25,30,20
31,416,6.956900008784529e-24,0.19977391813201753,0.04023632421141093,0.7599897576565715,25,30,20
31,417,1.5471958324976882e-18,0.1999996369436539,0.040663247797237755,0.7593371152591084,25,30,20
31,418,3.608391907275258e-25,0.1999998514350992,0.04000380891420793,0.7599963396506928,25,30,20
31,419,1.973495679108825e-18,0.18997706617074908,0.0499893787315104,0.7600335550977404,25,30,20
31,420,2.5422837463394217e-21,0.1999905258365351,0.04058238662790514,0.7594270875355599,25,30,20
31,421,1.2076369537027775e-20,0.19999650581978684,0.040003049807999534,0.7600004443722136,25,30,20
31,422,3.1152560520231928e-24,0.20000028636305306,0.040002950709959365,0.7599967629269875,25,30,20
31,423,2.0563221114143867e-18,0.19999991370190362,0.040007373667225773,0.7599927126308705,25,30,20
31,424,2.993480895147284e-17,0.19011995497834616,0.05034278627485712,0.7595372587467967,25,30,20
31,425,2.044908464253326e-18,0.1999999672388767,0.04000372084953027,0.759996311911593,25,30,20
31,426,8.896271546211603e-25,0.19999946314866165,0.040001524041136785,0.7599990128102015,25,30,20
31,427,1.7501394769928557e-21,0.19999979464998457,0.04000074904722333,0.759999456302792,25,30,20
31,428,1.7500840871829586e-21,0.19999958829606906,0.040000777026462216,0.7599996346774688,25,30,20
31,429,2.503713433397965e-16,0.19998819355937036,0.04036787057375707,0.7596439358668724,25,30,20
31,430,1.6199823901826077e-16,0.19998795505751762,0.04864915805098907,0.7513628868914932,25,30,20
31,431,2.046362542769541e-18,0.199824847938701,0.04017891295804195,0.7599962391032571,25,30,20
31,432,2.0463593860902443e-18,0.19999978294066267,0.04000396310765053,0.759996253951687,25,30,20
31,433,6.699495436245858e-08,0.19999980240424278,0.0400001703649773,0.7599999602358257,25,30,20
31,434,1.1526756156784443e-11,0.1998188122766859,0.0401893786018341,0.7599918091099533,25,30,20
31,435,1.1865449007377217e-11,0.1998184289368578,0.040195439562766236,0.7599861314885108,25,30,20
31,436,3.623553038272665e-08,0.19981863820466209,0.04882525739804965,0.7513560681617577,25,30,20
31,437,3.6235191689876073e-08,0.19998794232195663,0.04910080892515789,0.7509112125176937,25,30,20
31,438,4.1583200056643195e-11,0.19947980691063713,0.04052399869650108,0.7599961943512787,25,30,20
31,439,4.951241955603628e-13,0.19999969501554293,0.04000744433601505,0.7599928606479469,25,30,20
31,440,4.951241955518214e-13,0.19999563400667864,0.040003843918232834,0.7600005220745933,25,30,20
31,441,2.5990390489954825e-21,0.1999997060917631,0.04015552966311852,0.7598447642451183,25,30,20
31,442,1.2876282418661372e-19,0.19999033621355977,0.040176807366175724,0.7598328564202643,25,30,20
31,443,2.2287966149852672e-21,0.19998198167365402,0.0400271054979169,0.7599909128284291,25,30,20
31,444,2.228876570659202e-21,0.20000046555042134,0.04000967608024001,0.7599898583693389,25,30,20
31,445,7.078852827933826e-18,0.19999978560785484,0.039961376877868965,0.7600388375142764,25,30,20
31,446,2.722424853873797e-18,0.1998186038224643,0.0405019314977343,0.7596794646798013,25,30,20
31,447,1.3590658309255746e-12,0.19999947932107914,0.04015493480651002,0.7598455858710516,25,30,20
31,448,1.359065831210039e-12,0.19999956878859684,0.04001375471953416,0.7599866764905101,25,30,20
31,449,2.3380938085423276e-14,0.20004762622754843,0.04099823936163009,0.7589541344107978,25,30,20
31,450,1.285891611172099e-12,0.19999947661653558,0.040319727159650987,0.7596807962225276,25,30,20
31,451,8.268555139218582e-15,0.20004806699731778,0.03995513995611839,0.7599967930465555,25,30,20
31,452,1.3331677630873225e-12,0.20003630745621304,0.04053466652326903,0.7594290260191845,25,30,20
31,453,7.339180496123465e-18,0.19998806822235257,0.04079211672209043,0.759219815055557,25,30,20
31,454,3.989978684527809e-09,0.20186002420526494,0.03915848847501551,0.7589814833297407,25,30,20
31,455,3.845222289006365e-16,0.2025562417007828,0.03745867947571699,0.7599850788234996,25,30,20
31,456,7.345049300696417e-18,0.19997470241298793,0.04004714487536175,0.7599781527116503,25,30,20
31,457,2.278413555539961e-21,0.1999997342778763,0.04000975433244656,0.7599905113896771,25,30,20
31,458,5.520794389570466e-11,0.2019944606063188,0.038005714124948645,0.7599998252135245,25,30,20
31,459,3.722915857001477e-13,0.19963779014704666,0.040370144921018064,0.7599920649315629,25,30,20
31,460,2.009679667953636e-18,0.1998070443972537,0.04019297287278257,0.7599999827299638,25,30,20
31,461,3.5833769104104493e-20,0.19937134329336337,0.04063668162608752,0.7599919750805492,25,30,20
31,462,1.0588671390392341e-20,0.19958160113769696,0.04040236499479913,0.760016033867504,25,30,20
31,463,2.832158899644333e-20,0.19976256363274517,0.040221558202214805,0.76001587816504,25,30,20
31,464,2.832494054563151e-20,0.19997037462076878,0.04003374488967741,0.7599958804895539,25,30,20
31,465,5.898072961196141e-22,0.19997393068754704,0.040212765785414877,0.7598133035270382,25,30,20
31,466,2.4291469987235292e-23,0.1998061962971851,0.040171664277760116,0.7600221394250549,25,30,20
31,467,9.967463748443879e-19,0.1915259352203741,0.048490862708004824,0.7599832020716208,25,30,20
31,468,3.223177978033881e-20,0.20178096945072507,0.038222669872933226,0.7599963606763416,25,30,20
31,469,3.224173552097621e-20,0.1997663496066134,0.04023951892365016,0.7599941314697364,25,30,20
31,470,2.110717972148028e-18,0.19998784901544547,0.04001502510304599,0.7599971258815086,25,30,20
31,471,2.4116402426583487e-21,0.1995736424762087,0.04043984037579214,0.7599865171479991,25,30,20
31,472,3.186103372674074e-16,0.19157500528884433,0.04844648589515042,0.7599785088160051,25,30,20
31,473,3.2368332529340636e-15,0.20000677528565794,0.03999425609464071,0.7599989686196981,25,30,20
31,474,3.722904349983709e-13,0.1993281536650582,0.040879130465595805,0.7597927158689738,25,30,20
31,475,5.588303884626341e-18,0.19999998956964618,0.04021732081068491,0.759782689619669,25,30,20
31,476,3.39116603037903e-20,0.19999992996392243,0.047841472374082664,0.7521585976619944,25,30,20
31,477,3.3914929098321533e-20,0.19998800080785678,0.038805476579935494,0.7612065226122077,25,30,20
31,478,6.611643144294187e-17,0.1999848159211041,0.018116906928742873,0.781898277150153,25,30,20
31,479,2.295246233608838e-22,0.19975866712739992,0.00025718041141003974,0.7999841524611899,25,30,20
31,480,8.70787841952874e-24,0.19998394735474567,3.227166700184541e-05,0.7999837809782524,25,30,20
31,481,1.7225547711905378e-23,0.1999848740684761,2.9659446223270053e-05,0.7999854664853007,25,30,20
31,482,1.958749319699698e-22,0.19999941515081987,1.5001548569382308e-05,0.7999855833006109,25,30,20
31,483,1.9337335014207918e-22,0.19999032243415202,0.0003729496006802195,0.7996367279651677,25,30,20
31,484,1.8186578773822724e-22,0.19999074560819224,0.00016914956584931446,0.7998401048259587,25,30,20
31,485,2.993583812200432e-24,0.19976653358851265,0.0002553867017624953,0.7999780797097248,25,30,20
31,486,1.2200382807610043e-23,0.19932686523593035,0.0008358450816389297,0.7998372896824308,25,30,20
31,487,7.019364816988936e-25,0.19999513450822812,0.0001752094935386978,0.7998296559982334,25,30,20
31,488,9.037356378042785e-24,0.19998358043399705,4.84215230677061e-05,0.7999679980429353,25,30,20
31,489,8.657757451440762e-24,0.1993217785264959,0.0006863855727278817,0.7999918359007765,25,30,20
31,490,2.0484548913355608e-25,0.19932188872723205,0.0006786496781865461,0.7999994615945814,25,30,20
31,491,3.77766276154852e-25,0.19999033080975515,2.5746391712711574e-05,0.799983922798532,25,30,20
31,492,6.202631011685798e-25,0.19947954999872886,0.0005368623530856946,0.7999835876481853,25,30,20
31,493,1.4542270407821435e-23,0.1999785640825539,0.00018416464753601025,0.7998372712699102,25,30,20
31,494,3.0515736215522423e-24,0.19999063970233436,2.2904038104180065e-05,0.7999864562595616,25,30,20
31,495,5.9676896459802565e-24,0.18958476918704342,0.01041621276175133,0.7999990180512051,25,30,20
31,496,5.877038139789946e-24,0.18156826301385492,0.018448931329444505,0.7999828056567005,25,30,20
31,497,1.1869877579956205e-23,0.18957304286071644,0.010451267284940223,0.7999756898543434,25,30,20
31,498,2.880075098685842e-23,0.19998800119916993,1.953840910597298e-05,0.7999924603917243,25,30,20
31,499,5.7172699727833375e-22,0.19998793127615766,0.009277994017602771,0.7907340747062396,25,30,20
31,500,9.976225673349818e-24,0.19997606962063577,3.14526880189154e-05,0.7999924776913454,25,30,20
31,501,2.744837911549037e-20,0.1999760724018521,3.637010230293453e-05,0.7999875574958452,25,30,20
31,502,1.716828439456357e-23,0.19998806383135792,1.5685420595591002e-05,0.7999962507480464,25,30,20
31,503,1.7274419155731425e-17,0.19981588135852216,0.018424340408943016,0.7817597782325347,25,30,20
31,504,1.3591773328560397e-23,0.19911749202078938,0.0013294952862421,0.7995530126929684,25,30,20
31,505,2.745522904431631e-20,0.19999963504962776,1.094816421914665e-05,0.7999894167861531,25,30,20
31,506,1.7663401206298003e-15,0.19999956288514423,0.0006951593135372377,0.7993052778013169,25,30,20
31,507,1.3726029094921515e-23,0.1999953635673794,5.0715478739167946e-06,0.7999995648847468,25,30,20
31,508,2.697050393724182e-23,0.19999581990849843,2.2446300836921436e-05,0.7999817337906647,25,30,20
31,509,1.7543173112991004e-22,0.1803034811097266,0.019708251504976685,0.7999882673852968,25,30,20
31,510,1.6528402253366725e-23,0.18031448326460137,0.019685596840655316,0.7999999198947434,25,30,20
31,511,1.3813271100427532e-23,0.180314275978025,0.01969912655558297,0.7999865974663923,25,30,20
31,512,5.195975615303851e-24,0.1797852727394792,0.02022535456391491,0.799989372696606,25,30,20
31,513,2.693523387194531e-25,0.18030523761820824,0.01969510188300264,0.7999996604987892,25,30,20
31,514,3.223499711648085e-20,0.19999977090084783,6.282808322141977e-07,0.79999960081832,25,30,20
31,515,3.223114165209566e-20,0.19999961248317136,8.169835509095578e-07,0.7999995705332779,25,30,20
31,516,8.516050175840091e-24,0.19999982546674616,5.456446012158191e-07,0.7999996288886527,25,30,20
31,517,5.739723161894911e-22,0.19999981801731906,0.00044476165701239003,0.7995554203256685,25,30,20
31,518,3.3381609194938954e-22,0.19131868874268995,0.009129404805265438,0.7995519064520445,25,30,20
31,519,1.5588793995954879e-18,0.18196060638663716,0.01818874991856839,0.7998506436947947,25,30,20
31,520,1.5587262988339601e-18,0.1999864727227369,0.0001634153752427629,0.7998501119020205,25,30,20
31,521,1.5587291954791622e-18,0.1999862634110258,0.00016343351670897188,0.7998503030722653,25,30,20
31,522,9.71200687871194e-21,0.1899769904588015,0.010033789563906494,0.799989219977292,25,30,20
31,523,2.2493848347487792e-20,0.18997699128427328,0.01726444671628053,0.7927585619994463,25,30,20
31,524,2.0091335665129897e-25,0.19999993431680402,1.0703695484770397e-05,0.7999893619877113,25,30,20
31,525,1.2600462423322222e-25,0.19997853853906808,0.03771004582428927,0.7623114156366424,25,30,20
31,526,2.1188613190868105e-25,0.1999999153935682,0.037678828857095926,0.7623212557493357,25,30,20
31,527,3.3133489324059366e-09,0.19999999324622028,0.055603632847982525,0.7443963705924481,25,30,20
31,528,3.3133489324059362e-09,0.199992410642548,0.040027404994109415,0.7599801810499938,25,30,20
31,529,3.3743567429791325e-24,0.19999245786024794,2.725081472407027e-05,0.7999802913250281,25,30,20
31,530,1.2334736450956275e-23,0.19999964131845438,4.550478257962185e-06,0.7999958082032879,25,30,20
31,531,4.818726329704981e-22,0.19999587390123227,1.081461833915943e-05,0.7999933114804285,25,30,20
31,532,9.63575070939807e-22,0.19946645458676482,0.0005436618850635933,0.7999898835281718,25,30,20
31,533,4.81916756672451e-22,0.19999051256925948,0.0001710382129392081,0.7998384492178012,25,30,20
31,534,4.819691278057553e-22,0.199999913590747,0.00016943539600030054,0.7998306510132528,25,30,20
31,535,5.703834049057445e-25,0.19999044092463206,0.0006215104430152608,0.7993880486323526,25,30,20
31,536,2.7452035503621975e-20,0.199999660607101,2.1164675730333494e-05,0.7999791747171685,25,30,20
31,537,5.723170368533348e-22,0.19999244833440633,4.1442260839753944e-05,0.7999661094047539,25,30,20
31,538,7.10682451850696e-24,0.18997704847796604,0.010058067546351423,0.7999648839756826,25,30,20
31,539,2.0047393787181353e-22,0.1998156249254176,0.00019898549219380751,0.7999853895823886,25,30,20
31,540,2.1030204279994487e-22,0.19999165107342923,0.0005860083614741178,0.7994223405650968,25,30,20
31,541,2.217401055456214e-22,0.19999138736328362,0.0002179723750387224,0.7997906402616777,25,30,20
31,542,3.4536409459188225e-24,0.19981469198798812,0.009249359133221873,0.7909359488787899,25,30,20
31,543,3.407944914903166e-24,0.19930051908912064,0.009565243841990536,0.7911342370688889,25,30,20
31,544,1.8408465669721657e-25,0.19980871826280405,0.0001919888162533282,0.7999992929209427,25,30,20
31,545,1.6072541155457044e-25,0.19997824860410604,3.0214916974281546e-05,0.7999915364789196,25,30,20
31,546,4.817069344781701e-22,0.1999993684117257,1.9109395695216495e-05,0.7999815221925792,25,30,20
31,547,4.799961251322429e-22,0.1999993690987808,0.00018467089718817237,0.7998159600040311,25,30,20
31,548,3.808600681347911e-24,0.1999995733878397,0.00017431764997939683,0.7998261089621811,25,30,20
31,549,3.710908289812028e-24,0.1999905386364764,0.0001718353504914989,0.7998376260130322,25,30,20
31,550,3.910764704906801e-24,0.19999961646469025,0.00016538009826001646,0.7998350034370499,25,30,20
31,551,2.7448552346389397e-20,0.19999970906947376,0.0001993913983939833,0.7998008995321324,25,30,20
31,552,2.7448358319060335e-20,0.19999674379910995,3.7370124470152706e-06,0.7999995191884431,25,30,20
31,553,2.745699884580564e-20,0.19999972561055301,8.283488495612928e-07,0.7999994460405975,25,30,20
31,554,2.803100642487304e-20,0.19999951560541948,3.479268456141937e-06,0.7999970051261245,25,30,20
31,555,2.818773311057402e-20,0.19998609960563624,1.422201006652846e-05,0.7999996783842974,25,30,20
31,556,1.773851600833036e-22,0.1999586107878371,5.2291140960026086e-05,0.799989098071203,25,30,20
31,557,1.806333104402112e-18,0.19931443640784155,0.0006966729399336341,0.7999888906522247,25,30,20
31,558,3.675493664542076e-24,0.19997718269946943,2.5832489720566416e-05,0.7999969848108099,25,30,20
31,559,2.2803724912255426e-20,0.1994581113096659,0.0075805559576773264,0.7929613327326568,25,30,20
31,560,2.280178097358443e-20,0.19923694764138777,0.00782020209713371,0.7929428502614786,25,30,20
31,561,2.280185333083045e-20,0.1997453590908921,0.0073038735195881,0.7929507673895201,25,30,20
31,562,2.2621507314689023e-20,0.1999877004276047,0.007071274281777837,0.7929410252906176,25,30,20
31,563,1.0215862810991978e-23,0.1992984773578218,0.0007258309069986328,0.7999756917351797,25,30,20
31,564,1.2419414805546924e-23,0.19944919684089263,0.0005649213688955968,0.7999858817902117,25,30,20
31,565,2.1496288195560116e-22,0.19999920492584905,0.0001816770588496371,0.7998191180153014,25,30,20
31,566,2.0327331217056027e-22,0.19999935192452334,0.00016535620070836526,0.7998352918747682,25,30,20
31,567,2.162406205461842e-22,0.19964818067903206,0.0010796927256463535,0.7992721265953213,25,30,20
31,568,1.7335948487225588e-22,0.199999600027609,1.3462920104824567e-05,0.7999869370522862,25,30,20
31,569,6.14537373002895e-25,0.19924305215188254,0.000770308853328615,0.7999866389947888,25,30,20
31,570,4.818755828845442e-22,0.19976657799265954,0.0002334383555233702,0.799999983651817,25,30,20
31,571,2.0405623661604005e-23,0.1997572612933668,0.0373085064930839,0.7629342322135494,25,30,20
31,572,5.452697078376787e-19,0.19176771076760338,0.04588197034252969,0.7623503188898669,25,30,20
31,573,5.475157639293853e-19,0.19999980892683275,0.056199092032761515,0.7438010990404058,25,30,20
31,574,8.423126268846443e-15,0.19980655636605107,0.04019416228809347,0.759999281345847,25,30,20
31,575,1.4709977978937377e-15,0.19998756843693574,0.007281060274505548,0.7927313712885572,25,30,20
31,576,8.569513153934958e-24,0.1999873533661445,2.4454233988501982e-05,0.7999881923998668,25,30,20
31,577,1.2053135267575675e-23,0.199763072417232,0.0002565543074307358,0.7999803732753373,25,30,20
31,578,1.1248316980675759e-21,0.199331135684542,0.0016980871233174065,0.7989707771921407,25,30,20
31,579,8.669782434419331e-24,0.19999960552448853,3.167431698037725e-05,0.7999687201585312,25,30,20
31,580,2.177661265808918e-25,0.19999964756659785,2.1258617574704933e-05,0.7999790938158273,25,30,20
31,581,1.0534077169887783e-12,0.16000021618211135,0.04000019762435004,0.7999995861924851,25,30,20
31,582,1.2376269031011409e-21,0.16000060188053866,0.04001699338684379,0.7999824047326173,25,30,20
31,583,6.410577814233038e-15,0.15980406823399945,0.040214231693894896,0.7999817000720989,25,30,20
31,584,3.5415569925494334e-20,0.15924657221514787,0.04843682387224695,0.792316603912605,25,30,20
31,585,3.5765027926711385e-20,0.15924656937397255,0.04111476300192685,0.7996386676241005,25,30,20
31,586,5.682597706466263e-18,0.15924640814218657,0.04153156862585162,0.7992220232319619,25,30,20
31,587,5.682581848751458e-18,0.15999970364495428,0.04057938548553031,0.7994209108695156,25,30,20
31,588,3.466162572961603e-20,0.15999954133451433,0.040008953908721036,0.7999915047567646,25,30,20
31,589,3.5143340174802637e-20,0.15999984129405306,0.04057144486384598,0.7994287138421011,25,30,20
31,590,3.483182370094404e-20,0.15999963735997644,0.040581863727031736,0.7994184989129919,25,30,20
31,591,2.046679695228028e-18,0.159999576953074,0.04000600680002608,0.7999944162468999,25,30,20
31,592,5.723908930954728e-18,0.15998846583107282,0.08725265270624633,0.7527588814626809,25,30,20
31,593,9.814071620457556e-13,0.16202450998949275,0.08522513164411169,0.752750358365414,25,30,20
31,594,7.465517489695255e-12,0.15976657795510782,0.0874928400422557,0.7527405819951711,25,30,20
31,595,7.48366993427799e-12,0.15999976271355856,0.08058937501427582,0.7594108622646819,25,30,20
31,596,7.465522345380248e-12,0.15998150621348908,0.08060751094949396,0.7594109828295512,25,30,20
31,597,3.2045825356585854e-11,0.11929881278441737,0.11831968970111788,0.7623814974824188,25,30,20
31,598,1.01299315836085e-07,0.11929880928316995,0.11831191545139105,0.7623891739661229,25,30,20
31,599,1.0129930929890458e-07,0.11946789103919737,0.08054371372045895,0.7999882939410342,25,30,20
31,600,3.260344308213468e-11,0.11894771577452773,0.08106226368224577,0.7999900205106232,25,30,20
31,601,1.0054537163684071e-09,0.12066774083095931,0.07933641483397373,0.7999958433296132,25,30,20
31,602,1.0054537163684082e-09,0.12170007518095939,0.07846843903905576,0.7998314847745308,25,30,20
31,603,1.3064830526526842e-14,0.11998273120360173,0.08021543824223544,0.7998018305541497,25,30,20
31,604,6.113154111174144e-22,0.1599800435615723,0.03997608433696474,0.8000438721014629,25,30,20
31,605,1.741430279242507e-21,0.15947008756074177,0.04049643376016019,0.8000334786790979,25,30,20
31,606,1.558736961837572e-18,0.15999952694100422,0.040149977240963454,0.7998504958180324,25,30,20
31,607,1.1655194636900759e-09,0.15999975467125685,0.040000591461835454,0.7999996527013883,25,30,20
31,608,0.00011669801827411477,0.16000024711960964,0.03989012752655166,0.7999929273355646,25,30,20
31,609,0.00010387144501048343,0.14284391114214376,0.055869277211047993,0.8011829402017977,25,30,20
31,610,3.6573568487186746e-13,0.14284490601707125,0.05716564186658928,0.7999894521159736,25,30,20
31,611,3.657356848720046e-13,0.1231598169618563,0.07685865019371546,0.7999815328440625,25,30,20
31,612,5.425097629628581e-18,0.12521779174939568,0.11247872573178787,0.7623034825188166,25,30,20
31,613,1.3301947900475786e-16,0.12315828873477759,0.09112807449651457,0.7857136367687079,25,30,20
31,614,6.218637522031754e-22,0.140314544346022,0.05968621274363275,0.7999992429103453,25,30,20
31,615,4.0016171468673854e-19,0.16453248297013048,0.03546788306743802,0.7999996339624316,25,30,20
31,616,1.5566575950230095e-18,0.1999879025719874,0.00021416499596186848,0.7997979324320508,25,30,20
31,617,1.5566605845202487e-18,0.199987696136335,0.0002144110610569363,0.799797892802608,25,30,20
31,618,4.819231806090467e-22,0.19999970780403764,0.00019930321154846057,0.7998009889844139,25,30,20
31,619,3.753414028494411e-25,0.19999991636763503,0.0002068411454376846,0.7997932424869272,25,30,20
31,620,3.2526437931168094e-25,0.199999918663621,0.00040067333495214826,0.799599408001427,25,30,20
31,621,2.963416605934331e-24,0.19999999508253372,0.0006457219123330687,0.7993542830051332,25,30,20
31,622,2.1335780337853497e-22,0.19975934013216928,0.0008253451677157626,0.7994153147001148,25,30,20
31,623,2.0011053990431065e-22,0.19999555818842066,0.0003902589234509131,0.7996141828881284,25,30,20
31,624,6.439746617432247e-19,0.19963560811112913,0.023530125391538398,0.7768342664973324,25,30,20
31,625,1.2025854911050034e-22,0.199999521679601,0.02315825019050718,0.776842228129892,25,30,20
31,626,8.610315598134325e-24,0.19999982908031178,0.00020699555236997216,0.7997931753673183,25,30,20
31,627,3.1702921606881853e-25,0.1999903758269124,0.0007794282717056567,0.7992301959013821,25,30,20
31,628,8.866322338372188e-24,0.19964866515714658,0.0009250132676353536,0.7994263215752179,25,30,20
31,629,9.866681136594526e-21,0.1899771639133696,0.01061192191433278,0.7994109141722977,25,30,20
31,630,2.4640007389333388e-23,0.199999616587404,0.007239589443766967,0.792760793968829,25,30,20
31,631,2.150955569875399e-23,0.19999956382876646,0.007244740958219163,0.7927556952130143,25,30,20
31,632,2.7464146496974785e-20,0.19999053699377636,2.1058678104944684e-05,0.7999884043281189,25,30,20
31,633,3.2070531617650676e-20,0.19941519603764124,0.0005930517644551373,0.7999917521979037,25,30,20
31,634,3.20436705673398e-20,0.19975716358709988,0.0002509581335918207,0.7999918782793085,25,30,20
31,635,2.8022371579634216e-20,0.18030521780399,0.019703125159452113,0.7999916570365581,25,30,20
31,636,5.535871594843622e-19,0.19999051663878398,4.357665196991155e-05,0.7999659067092462,25,30,20
31,637,5.740464847902611e-22,0.19999035536602933,1.7853379230796224e-05,0.7999917912547397,25,30,20
31,638,2.801602780482849e-20,0.1999904696179319,0.00017725792842518396,0.7998322724536429,25,30,20
31,639,1.0440779999724166e-20,0.19999067429434392,0.018126029624646843,0.7818832960810093,25,30,20
31,640,1.028874913982729e-20,0.19932202910176444,0.0007063178638546425,0.799971653034381,25,30,20
31,641,1.0183740294608239e-20,0.19999992004571446,2.891533736610614e-05,0.7999711646169196,25,30,20
31,642,5.536069376938879e-19,0.1999999806236255,0.0004472112298040168,0.7995528081465706,25,30,20
31,643,5.003069032629934e-22,0.19998766849611244,0.00045670563715647885,0.799555625866731,25,30,20
31,644,6.904823245007272e-22,0.1999874595209658,0.00021453991531274777,0.7997980005637214,25,30,20
31,645,1.7218687807862817e-22,0.19947939231596212,0.0009230598847290983,0.7995975477993089,25,30,20
31,646,3.22532723803942e-24,0.1994705011968049,0.0005301086912364184,0.7999993901119588,25,30,20
31,647,1.5599892024634904e-25,0.19947974010412797,0.0007301643688263032,0.7997900955270458,25,30,20
31,648,9.72726164065519e-21,0.19947974215850447,0.0007311664959869151,0.7997890913455086,25,30,20
31,649,8.568847510905935e-24,0.19929853575924755,0.0009150601495223866,0.79978640409123,25,30,20
31,650,1.9996388420626138e-22,0.199475364883598,0.0007267125248302269,0.7997979225915718,25,30,20
31,651,2.0359626701793573e-22,0.1997625172474292,0.00024052844622713627,0.7999969543063437,25,30,20
31,652,4.859868231122465e-22,0.19976327166991759,0.00024274153503277672,0.7999939867950496,25,30,20
31,653,5.530532276693958e-19,0.1997664172774699,0.00024722753282943415,0.7999863551897007,25,30,20
31,654,1.2168653752080214e-23,0.19933113774955077,0.00998078310587088,0.7906880791445785,25,30,20
31,655,4.851231521300402e-22,0.1828435859500048,0.017159655549633637,0.7999967585003618,25,30,20
31,656,4.914719199661116e-22,0.18283455788060698,0.017165870592997016,0.7999995715263962,25,30,20
31,657,1.0214268299286287e-23,0.19980359934356937,0.0003990380151983901,0.7997973626412324,25,30,20
31,658,4.739527392583945e-15,0.1917514011628548,0.00824927610663722,0.7999993227305033,25,30,20
31,659,2.3158386045388773e-25,0.1999967334121607,3.7296652602689552e-06,0.7999995369225791,25,30,20
31,660,1.9417180903266966e-20,0.19999580592799188,1.1598822553072899e-05,0.7999925952494551,25,30,20
31,661,1.0276805768031359e-20,0.199999809020054,1.1037110410539155e-05,0.7999891538695357,25,30,20
31,662,5.659159989207902e-22,0.19999975740270481,4.0068013938625995e-06,0.7999962357959012,25,30,20
31,663,7.446773078988671e-22,0.18997719334977994,0.010596736444676036,0.799426070205544,25,30,20
31,664,3.9483263756115476e-24,0.1999814331715093,1.907757433765816e-05,0.7999994892541531,25,30,20
31,665,6.904493721769959e-25,0.19999067803755102,9.842497384872587e-06,0.7999994794650642,25,30,20
31,666,3.3469799938300385e-24,0.1999999220610479,6.614401103788639e-07,0.7999994164988417,25,30,20
31,667,1.0430305315573203e-23,0.19998762871913806,0.0005868471876529322,0.7994255240932091,25,30,20
31,668,2.157240606962068e-25,0.1999998298367408,0.0005793334960569194,0.7994208366672022,25,30,20
31,669,3.6425095336643036e-23,0.19197785831935082,0.008792124395741206,0.7992300172849081,25,30,20
31,670,2.9764017300270604e-23,0.19997441385717651,0.0007953771232487876,0.7992302090195748,25,30,20
31,671,3.182308769301091e-20,0.19123187613867834,0.009421654173161861,0.7993464696881597,25,30,20
31,672,5.926804661328756e-20,0.19123599379920436,0.00911758707897743,0.7996464191218183,25,30,20
31,673,2.7664758653845225e-20,0.19998663412349213,0.0003670364341461424,0.7996463294423616,25,30,20
31,674,3.716045690871879e-20,0.19999931317448832,0.00015822165456842597,0.7998424651709434,25,30,20
31,675,3.2249972457560794e-20,0.19999611194097627,0.0002027716023157999,0.799801116456708,25,30,20
31,676,3.226176149352414e-20,0.19981549604697957,0.0005378157908968057,0.7996466881621238,25,30,20
31,677,5.081901201990265e-15,0.19981464910765553,0.009231067921752103,0.7909542829705871,25,30,20
31,678,2.6448020555653797e-23,0.19999032086485677,0.00018258887253002343,0.7998270902626132,25,30,20
31,679,4.943704183872228e-22,0.19999003959626868,0.00038467646476324154,0.7996252839389681,25,30,20
31,680,4.881602827752355e-22,0.19998127719421394,0.00018383878929145023,0.7998348840164947,25,30,20
31,681,5.044884541823836e-22,0.19998684434100603,0.00017046574644657752,0.7998426899125475,25,30,20
31,682,1.5650653248676934e-18,0.19999606324156957,1.087482710359475e-05,0.7999930619313269,25,30,20
31,683,1.8052891875092666e-22,0.19999659153400082,0.00016640031929959466,0.7998370081466996,25,30,20
31,684,2.766953018801648e-20,0.19998158055923235,1.898397236939186e-05,0.7999994354683984,25,30,20
31,685,2.747503028264016e-20,0.19999659400375935,0.01581884066628182,0.784184565329959,25,30,20
31,686,2.745699934062768e-20,0.19981876206552898,0.0003831084456746175,0.7997981294887964,25,30,20
31,687,2.744865114232652e-20,0.1998093062237963,0.0001910865046301322,0.7999996072715738,25,30,20
31,688,2.850686419745111e-20,0.19980575289289032,0.0003685138665160815,0.7998257332405937,25,30,20
31,689,5.686886879538873e-22,0.19980575335508216,0.0001949969499043241,0.7999992496950135,25,30,20
31,690,1.242898975249472e-25,0.19998749110900005,2.0730051180443167e-05,0.7999917788398194,25,30,20
31,691,3.3055014831786805e-25,0.1999924809527427,2.7362668676396548e-05,0.799980156378581,25,30,20
31,692,6.538590251087915e-25,0.1999956581356857,1.6189026318754962e-05,0.7999881528379958,25,30,20
31,693,8.037046678855877e-25,0.19999586376165726,7.894607083739239e-06,0.7999962416312592,25,30,20
31,694,1.1332500182817518e-20,0.19976261781139487,0.00024053762760921796,0.799996844560996,25,30,20
31,695,2.7466987303913855e-20,0.1994795970188357,0.0005345737372161378,0.7999858292439482,25,30,20
31,696,2.7632257361967044e-20,0.19933097543954717,0.007917220634701955,0.792751803925751,25,30,20
31,697,3.195159068298731e-20,0.19963637186246458,0.0003719702559459993,0.7999916578815894,25,30,20
31,698,3.243017176064459e-20,0.19963642014228256,0.0003725394354403,0.7999910404222771,25,30,20
31,699,3.243005848744392e-20,0.19963637313356206,0.0009372592801182256,0.7994263675863196,25,30,20
31,700,1.7167973528840125e-23,0.1999955032164705,4.663642720292513e-06,0.7999998331408092,25,30,20
31,701,2.746301138967751e-20,0.19999106254092755,3.186119544072355e-05,0.7999770762636317,25,30,20
31,702,1.7173559416969408e-23,0.1999956681754393,2.0435937568771003e-05,0.7999838958869919,25,30,20
31,703,8.540592822384802e-21,0.18997325247596883,0.010035385980199929,0.7999913615438311,25,30,20
31,704,8.710774075376326e-21,0.1899772067828736,0.010028847212730896,0.7999939460043953,25,30,20
31,705,8.540705180374767e-21,0.18996524050202812,0.010034923426178954,0.7999998360717929,25,30,20
31,706,6.729488431948689e-24,0.19997279467888582,2.7502118370369725e-05,0.799999703202744,25,30,20
31,707,1.8975388122133162e-23,0.19996350191995407,0.0004806830431642471,0.7995558150368817,25,30,20
31,708,1.0219584960720639e-23,0.19997593284601423,4.472144668158991e-05,0.7999793457073042,25,30,20
31,709,1.571163421150349e-25,0.19998374458642793,2.69007181674083e-05,0.7999893546954047,25,30,20
31,710,1.7056018574843248e-22,0.1999997863825429,4.08085100354913e-06,0.7999961327664533,25,30,20
31,711,1.805044292027001e-22,0.1999759290931673,3.156594060339353e-05,0.7999925049662292,25,30,20
31,712,1.9513146341397836e-22,0.19998780118733314,2.1044224439042615e-05,0.7999911545882277,25,30,20
31,713,3.22341311871088e-24,0.19999975891632504,8.435510162946272e-06,0.7999918055735121,25,30,20
31,714,3.351372657605347e-24,0.19999976778475678,8.73024979698827e-07,0.7999993591902635,25,30,20
31,715,3.1629875364986192e-24,0.19996689636059353,3.61523494552567e-05,0.7999969512899513,25,30,20
31,716,3.148573887718873e-24,0.19998790013662465,5.701444479387885e-05,0.7999550854185814,25,30,20
31,717,3.152183071068215e-24,0.1999998265211831,2.1072796088278497e-05,0.7999791006827286,25,30,20
31,718,2.0315288910305464e-22,0.19175617204648782,0.008257778932283043,0.7999860490212295,25,30,20
31,719,2.2174843209303985e-22,0.19980657265451834,0.00019739548069986284,0.799996031864782,25,30,20
31,720,3.226309649660321e-20,0.19975480437816656,0.0002455824727258611,0.7999996131491076,25,30,20
31,721,1.7885719168284484e-22,0.19999979299721127,7.607836112522975e-07,0.7999994462191775,25,30,20
31,722,2.1187014134574945e-22,0.1999879370359763,1.928902939597918e-05,0.7999927739346281,25,30,20
31,723,2.120791018246372e-22,0.19998793160028985,0.0004633069010633016,0.7995487614986468,25,30,20
31,724,4.939035230666879e-22,0.19999069160022898,0.0005867419539643353,0.7994225664458067,25,30,20
31,725,1.5896331652034642e-23,0.19999642835267228,1.5194266146159397e-05,0.7999883773811814,25,30,20
31,726,1.9449880784372472e-22,0.1999964247602394,0.00020627527521362106,0.799797299964547,25,30,20
31,727,2.152193861696997e-22,0.19999031873357784,0.0002153681676248482,0.7997943130987974,25,30,20
31,728,6.882354632118937e-22,0.19999016549689222,0.00021784584908292798,0.7997919886540247,25,30,20
31,729,1.0502872265509796e-21,0.1999903962543479,2.1336214713188178e-05,0.799988267530939,25,30,20
31,730,5.656939423891644e-22,0.19932196136265298,0.0006912539205334192,0.7999867847168136,25,30,20
31,731,5.6570187761526625e-22,0.19999961522208273,0.00019957488848103996,0.7998008098894362,25,30,20
31,732,5.657882355510566e-22,0.19999191470468866,1.861033753961019e-05,0.7999894749577718,25,30,20
31,733,1.2400808461851235e-20,0.19981869807351038,0.00019564353097725206,0.7999856583955125,25,30,20
31,734,1.1353901117580953e-20,0.1998187018840344,0.00018511419207710853,0.7999961839238887,25,30,20
31,735,1.1344122094447915e-20,0.1998189200995917,0.0006253438718867904,0.7995557360285216,25,30,20
31,736,9.97037870436324e-19,0.1828438028795701,0.057139694058473876,0.760016503061956,25,30,20
31,737,9.970464589873326e-19,0.1999997608373077,0.03998613807201345,0.7600141010906788,25,30,20
31,738,8.89729312270925e-17,0.1999958189907925,0.037756521694048105,0.7622476593151591,25,30,20
31,739,1.446338963384139e-16,0.2010532892831674,0.039099268794642913,0.7598474419221894,25,30,20
31,740,3.8219257126563015e-17,0.1999893835656387,0.04001455607818629,0.7599960603561751,25,30,20
31,741,3.82192470286706e-17,0.19999562218888747,0.040180643795157664,0.7598237340159548,25,30,20
31,742,3.821925567519737e-17,0.1997666927351746,0.040250429794921036,0.7599828774699042,25,30,20
31,743,5.51978105245341e-18,0.1999964274838539,0.03998066991170345,0.7600229026044424,25,30,20
31,744,5.5197893763039055e-18,0.19999674608657242,0.0401295253441784,0.7598737285692492,25,30,20
31,745,5.217934595237044e-13,0.19929555220460476,0.04069372288372193,0.7600107249111514,25,30,20
31,746,1.870656686478772e-23,0.19929560523109788,0.04124900435640898,0.759455390412493,25,30,20
31,747,1.9406321341029385e-18,0.19929560852036418,0.04124521175782684,0.7594591797218088,25,30,20
31,748,1.859234821892616e-18,0.19929560852036413,0.03835014477619255,0.7623542467034433,25,30,20
31,749,1.8592729636867426e-18,0.19947250864743496,0.03817688681124827,0.7623506045413166,25,30,20
31,750,7.92949308998765e-14,0.1991462025374723,0.04105929067404086,0.7597945067884075,25,30,20
31,751,4.3202906261435186e-07,0.19980951885504544,0.040402583633090294,0.7597874654828015,25,30,20
31,752,0.00032241674756083887,0.19980972681869338,0.04066938373252839,0.7591984727012172,25,30,20
31,753,0.00032241674756083887,0.1999903515647369,0.03972348179546505,0.7599637498922373,25,30,20
31,754,0.00032241674756083887,0.19975459545241,0.03992367829740881,0.7599993095026205,25,30,20
31,755,5.485781483479365e-12,0.1997640692690306,0.03957760837257842,0.7606583223529051,25,30,20
31,756,5.865139823020765e-06,0.19980662977244584,0.040187374968203675,0.7600001301195275,25,30,20
31,757,5.734793992847391e-12,0.199317756173733,0.040690314564330914,0.7599919292562012,25,30,20
31,758,5.734793992660817e-12,0.19999962078465905,0.04000852763530228,0.759991851574304,25,30,20
31,759,6.741100787889205e-08,0.19999999239387276,0.04057129808203416,0.7594286421130855,25,30,20
31,760,6.741100787889205e-08,0.19998783357218644,0.04058321996470566,0.7594288790521001,25,30,20
31,761,3.157464238681877e-16,0.19999653079508253,0.040006474123806604,0.7599969950811105,25,30,20
31,762,8.92003779592901e-17,0.19999982986596776,0.009443155950724489,0.7905570141833077,25,30,20
31,763,3.5090852307367407e-25,0.1999997541368857,0.00019920243026222425,0.7998010434328521,25,30,20
31,764,2.0109317474529258e-18,0.1599999220389044,0.040004045085350805,0.7999960328757448,25,30,20
31,765,3.2372417124703896e-16,0.16002286354074935,0.03998102686438466,0.7999961095948654,25,30,20
31,766,1.1452465558330252e-16,0.15878723828389757,0.04123240046278766,0.7999803612533146,25,30,20
31,767,5.807440603998735e-19,0.15997883091966936,0.040607864134833395,0.799413304945497,25,30,20
31,768,3.2040489325110035e-16,0.15866331748191523,0.041352537142014596,0.7999841453760699,25,30,20
31,769,1.9044866295272715e-18,0.15933113460995144,0.04067713818745323,0.7999917272025954,25,30,20
31,770,2.037129909139802e-18,0.1599958091032636,0.040012420536126914,0.7999917703606094,25,30,20
31,771,2.009702188855902e-18,0.1599958608945492,0.040216180298808746,0.7997879588066419,25,30,20
31,772,7.935746472649263e-17,0.19011227157884167,0.00988835998866111,0.7999993684324971,25,30,20
31,773,7.935794300938971e-17,0.19011227092979965,0.009888708207343066,0.7999990208628575,25,30,20
31,774,4.897498609075202e-22,0.19198312083580663,0.00822330344794801,0.7997935757162454,25,30,20
31,775,1.8489164457943102e-23,0.19999061866682274,2.0689907575014082e-05,0.7999886914256024,25,30,20
31,776,2.118677477442528e-25,0.19998793952288743,1.2208666800917342e-05,0.7999998518103116,25,30,20
31,777,3.5093987002532964e-24,0.19999069328331165,2.093236755131531e-05,0.799988374349137,25,30,20
31,778,2.67772177270445e-25,0.1999997802862752,1.198865328347288e-05,0.7999882310604411,25,30,20
31,779,2.9962808866911787e-24,0.19999074479507115,2.005122236581475e-05,0.799989203982563,25,30,20
31,780,1.4992654875798687e-23,0.1620499880800697,0.037973910469922816,0.7999761014500073,25,30,20
31,781,3.5282315109811017e-20,0.15948027009907753,0.040543762989584425,0.799975966911338,25,30,20
31,782,9.854767694275706e-20,0.15998851985178653,0.040022076801023224,0.7999894033471903,25,30,20
31,783,4.902004540027157e-22,0.19999978779216243,3.499994108263113e-06,0.7999967122137294,25,30,20
31,784,1.621913306455322e-20,0.18284040806407595,0.017178236020446738,0.7999813559154773,25,30,20
31,785,9.703405997349229e-21,0.19999998633201915,2.1648872867128152e-05,0.7999783647951137,25,30,20
31,786,3.7719667763860145e-20,0.19998481562117354,3.704805884950688e-05,0.7999781363199768,25,30,20
31,787,3.7635203711078e-20,0.19999647591350145,1.9862994826236628e-05,0.7999836610916724,25,30,20
31,788,1.0187368752433356e-20,0.19999633453835902,2.682265941947402e-05,0.7999768428022216,25,30,20
31,789,4.143635274945982e-25,0.19999647813935567,0.018088810470009778,0.7819147113906344,25,30,20
31,790,3.583983938314153e-22,0.18978426244936675,0.010216452705013193,0.7999992848456201,25,30,20
31,791,1.6014462112925434e-22,0.18979592049254823,0.010204478227111423,0.7999996012803404,25,30,20
31,792,5.908982221401492e-26,0.1999879046198976,2.054376893762902e-05,0.7999915516111649,25,30,20
31,793,1.1586279975504247e-23,0.1999907462995737,1.746113444567293e-05,0.7999917925659805,25,30,20
31,794,1.895352124514325e-23,0.19999970264975853,4.245258727347364e-06,0.7999960520915143,25,30,20
31,795,8.452722040305527e-24,0.19999991816273585,4.162699077544967e-06,0.7999959191381866,25,30,20
31,796,2.1275989600614286e-25,0.19999965293385508,1.2158133238662978e-05,0.7999881889329061,25,30,20
31,797,3.039935094940603e-25,0.19999659356913152,0.00016569376796500386,0.7998377126629034,25,30,20
31,798,3.714227778896648e-24,0.19998424676813972,0.00020080927068863232,0.7998149439611717,25,30,20
31,799,7.305766981187e-17,0.19998663535398145,0.007265170473017755,0.7927481941730008,25,30,20
31,800,7.305750824576944e-17,0.19999956864381688,0.0072602312331194845,0.7927402001230637,25,30,20
31,801,2.0022285459245391e-22,0.19999949524034757,1.1408445558346884e-05,0.7999890963140942,25,30,20
31,802,2.0006996197411884e-22,0.19999976119861695,6.222545628811374e-07,0.7999996165468203,25,30,20
31,803,9.669140397039358e-21,0.19999983052826906,0.00020213491260963047,0.7997980345591212,25,30,20
31,804,3.7004790978240256e-20,0.19998150613190332,0.00038515980344125465,0.7996333340646554,25,30,20
31,805,3.720168142093629e-20,0.16251788370614734,0.037872373297289694,0.7996097429965627,25,30,20
31,806,2.567472662882118e-12,0.15999059001393412,0.041350723185320556,0.7986586867981778,25,30,20
31,807,2.567472653227938e-12,0.15999983005608245,0.0405303566396203,0.7994698133017296,25,30,20
31,808,7.74132791820389e-11,0.1600004831031546,0.04002378301178164,0.7999757338076505,25,30,20
31,809,7.741327918203047e-11,0.15976759497866685,0.040245465501835796,0.7999869394420841,25,30,20
31,810,7.741327918307785e-11,0.15976743356215933,0.04023180207602283,0.8000007642844044,25,30,20
31,811,6.640692420662643e-18,0.16253620331070442,0.03803414179509677,0.7994296548941988,25,30,20
31,812,9.76112808708826e-18,0.15998487851477805,0.04001419201001675,0.8000009294752053,25,30,20
31,813,1.1567608973872337e-17,0.15932810454031127,0.04067124462440821,0.8000006508352806,25,30,20
31,814,9.761136574067296e-18,0.15999954005135406,0.040016591040390584,0.7999838689082555,25,30,20
31,815,9.761136508864232e-18,0.15999075105817864,0.040012075571862725,0.7999971733699589,25,30,20
31,816,9.761139357720874e-18,0.15999972980320795,0.040003146333037067,0.7999971238637551,25,30,20
31,817,9.761136419908642e-18,0.15999982888525813,0.04000263681304405,0.7999975343016977,25,30,20
31,818,8.505657164083445e-25,0.15999983030396991,0.04000044768078748,0.7999997220152426,25,30,20
31,819,3.73411064124725e-18,0.15999983186643968,0.040574949291268494,0.7994252188422918,25,30,20
31,820,3.7681100399362654e-13,0.16001323568215672,0.03998713710051416,0.7999996272169522,25,30,20
31,821,2.749315223309033e-09,0.14421778225401438,0.05578880567754814,0.7999934093191221,25,30,20
31,822,2.749315202457804e-09,0.14284379846250383,0.0571630252265992,0.7999931735615817,25,30,20
31,823,2.74931520090104e-09,0.14284380035777397,0.06438766424124451,0.7927685326516664,25,30,20
31,824,1.5501612281098061e-07,0.15933135595220058,0.048098711224819034,0.7925697778068574,25,30,20
31,825,1.5501612281098061e-07,0.1593311524452123,0.047902951642083094,0.7927657408965817,25,30,20
31,826,0.0002498647046115684,0.15931942237408794,0.04043664583728012,0.7999940670840201,25,30,20
31,827,1.6934450239808836e-12,0.15933118775373165,0.04067493277645526,0.7999938794681198,25,30,20
31,828,4.8272646721710995e-11,0.1593191881915067,0.040691370432669675,0.799989441327551,25,30,20
31,829,4.827264672171123e-11,0.1598024933616716,0.04020154560191727,0.7999959609881385,25,30,20
31,830,9.544195951827454e-08,0.15982829350638889,0.04018607403782945,0.7999855370138222,25,30,20
31,831,9.544195951827454e-08,0.15983737442192456,0.04016660661152632,0.7999959235245895,25,30,20
31,832,7.705904815284961e-08,0.15980956839645155,0.04019707989362218,0.799993274650878,25,30,20
31,833,7.705904815281752e-08,0.15999571459955086,0.040007628588238316,0.799996579753163,25,30,20
31,834,7.466002186566785e-18,0.159988719624386,0.04078397769085905,0.7992273026847551,25,30,20
31,835,8.284433853204849e-15,0.15997991579285628,0.04003049504460031,0.7999895891625354,25,30,20
31,836,1.3577349611816051e-12,0.1599769655564214,0.040023223872536165,0.7999998105696846,25,30,20
31,837,1.3577349611785408e-12,0.15999181351979264,0.04002641377544218,0.7999817727034074,25,30,20
31,838,1.3343199308127753e-12,0.1599943954226607,0.04001615322521053,0.7999894513507947,25,30,20
31,839,1.3208371095907187e-12,0.15998415666081947,0.04003640750859232,0.7999794358292672,25,30,20
31,840,1.3208371095709264e-12,0.159990606979805,0.040022745969945143,0.7999866470489291,25,30,20
31,841,1.3625092056979277e-22,0.1599879082099766,0.05811020627251598,0.7819018855175074,25,30,20
31,842,5.410340206379778e-06,0.1599999298070282,0.040007773105757816,0.7999868867470076,25,30,20
31,843,3.982170732969566e-23,0.1599964499067031,0.04000403434386181,0.799999515749435,25,30,20
31,844,4.207482535717695e-16,0.16000034361226745,0.0400172776715955,0.7999823787161364,25,30,20
31,845,4.2074846093969285e-16,0.15976759247133912,0.040242765356097186,0.7999896421725632,25,30,20
31,846,2.2939144839156823e-20,0.15976667832959746,0.04020484452513836,0.8000284771452641,25,30,20
31,847,2.294785386828361e-20,0.15976666973631434,0.04036165451814262,0.799871675745543,25,30,20
31,848,2.4756202552833868e-21,0.15976659692966,0.040731647627352256,0.7995017554429876,25,30,20
31,849,2.4842148350074987e-21,0.15976659715099253,0.04034049216592519,0.7998929106830822,25,30,20
31,850,5.535526983276109e-19,0.16238214594060307,0.0377791542444234,0.7998386998149734,25,30,20
31,851,3.235760890266692e-18,0.15909809016642118,0.04107074680356354,0.799831163030015,25,30,20
31,852,7.457464635334568e-17,0.159098104245769,0.04090859309121525,0.7999933026630156,25,30,20
31,853,6.414551867172806e-19,0.1218676539685304,0.07813946423880443,0.7999928817926651,25,30,20
31,854,4.0365156947838577e-16,0.12004725993517702,0.0799557481746842,0.7999969918901384,25,30,20
31,855,4.036515755055249e-16,0.12004725835514347,0.08026098224865512,0.799691759396201,25,30,20
31,856,6.793642653474957e-18,0.1225769404294488,0.07774802897477291,0.799675030595778,25,30,20
31,857,2.4845478767089373e-11,0.12239632149278407,0.07755544236775526,0.8000482361146151,25,30,20
31,858,2.4845478767769516e-11,0.12216290654019807,0.0777890046605755,0.8000480887743808,25,30,20
31,859,6.792987626820123e-18,0.12239654218888363,0.07761298329673061,0.7999904745143854,25,30,20
31,860,6.654637741918479e-20,0.11984348810840607,0.08061402875542724,0.7995424831361668,25,30,20
31,861,6.598347615754184e-20,0.12002455950076615,0.07998769645712195,0.799987744042112,25,30,20
31,862,1.1661746480357342e-14,0.12000040899279783,0.07997555024963357,0.8000240407575571,25,30,20
31,863,1.1816865505211125e-14,0.12005037655212568,0.07992719171292464,0.8000224317349377,25,30,20
31,864,1.1661874855737e-14,0.12004938858566822,0.08717473426745327,0.7927758771468669,25,30,20
31,865,1.1661875175457887e-14,0.1028933626382265,0.09709930339510552,0.8000073339666562,25,30,20
31,866,1.1661874855185166e-14,0.11002682040300037,0.09052934223873414,0.7994438373582539,25,30,20
31,867,2.5209171244771947e-13,0.12002402708022751,0.04055987619720867,0.839416096722312,25,30,20
31,868,2.5209172947571973e-13,0.08089199147599167,0.07911456885062058,0.8399934396731354,25,30,20
31,869,1.9496550992444444e-19,0.07999964047194169,0.08000682338098754,0.8399935361470707,25,30,20
31,870,4.149724250917037e-09,0.07999224620873707,0.08001656412153842,0.8399911855200003,25,30,20
31,871,3.5783357096703586e-18,0.07999624372778444,0.08002220810109621,0.8399815481711194,25,30,20
31,872,2.162729840800532e-21,0.08000014007845418,0.08001151992705402,0.8399883399944917,25,30,20
31,873,8.429804991229598e-15,0.08000027567562892,0.08000347556037977,0.8399962487639828,25,30,20
31,874,8.86812763259943e-15,0.03998825755024848,0.13809976147867492,0.8219119809710679,25,30,20
31,875,8.542514082060512e-15,0.03998890278358255,0.12001421542562596,0.8399968817907829,25,30,20
31,876,5.321682919803541e-13,0.041036207290002916,0.1189669626482135,0.8399968300612513,25,30,20
31,877,2.392454286695373e-14,0.03998791129252179,0.12002347035175653,0.8399886183556976,25,30,20
31,878,2.392454270010789e-14,0.03998856823698259,0.12003227146707238,0.839979160295921,25,30,20
31,879,3.1040040332367336e-11,0.039999838139419895,0.12001692154629313,0.8399832402832466,25,30,20
31,880,3.104004033235899e-11,0.0399998381394202,0.12001123252773295,0.8399889293018066,25,30,20
31,881,1.5114135613557854e-10,0.04199407245321002,0.11800665135955107,0.8399992760360973,25,30,20
31,882,2.0525429380612104e-06,0.04008694904511658,0.11991438889250607,0.8399966095194396,25,30,20
31,883,1.1221895839576668e-11,0.040086949044458135,0.11991969761963812,0.8399933533246817,25,30,20
31,884,6.736182335341159e-13,0.07198773586305823,0.08801644489556092,0.8399958192407074,25,30,20
31,885,1.0538875525706633e-12,0.07933135088865867,0.04791798907655002,0.8727506600337374,25,30,20
31,886,1.052415276108939e-12,0.07999992122125109,0.040003746765047976,0.8799963320126483,25,30,20
31,887,1.847957030949949e-14,0.0799999214234576,0.04019926670111317,0.8798008118754106,25,30,20
31,888,1.975641788827118e-18,0.08000066328012742,0.04019835479276624,0.8798009819271063,25,30,20
31,889,6.531431080042491e-15,0.0799910528786468,0.04888804433236725,0.8711209027889794,25,30,20
31,890,2.1972641464898496e-15,0.079994963739528,0.040015799032964205,0.8799892372275057,25,30,20
31,891,2.1972538768668023e-15,0.07999512598450427,0.040033408591817254,0.8799714654236763,25,30,20
31,892,6.567394955019605e-10,0.07999971475087934,0.040019093799803035,0.8799811907925783,25,30,20
31,893,6.567394954743574e-10,0.07999654112124109,0.040160912055354714,0.8798425461666646,25,30,20
31,894,7.78648361027798e-12,0.07999684173755285,0.04036719183087519,0.8796359664237855,25,30,20
31,895,7.786483610267903e-12,0.08000023735990233,0.040459788204399244,0.8795399744279122,25,30,20
31,896,7.741145619054173e-13,0.07999998976038951,0.040000551242610316,0.8799994589962261,25,30,20
31,897,3.739760697487514e-11,0.08134991250710989,0.038650722179283434,0.879999365276209,25,30,20
31,898,3.739760697552674e-11,0.08134991617774104,0.03923716646954408,0.879412917315317,25,30,20
31,899,2.7256262199394944e-18,0.07999984946573481,0.040024023048023306,0.8799761274862421,25,30,20
31,900,8.834536063243552e-15,0.08004877804633839,0.040121297662020494,0.8798299242916323,25,30,20
31,901,8.834536051949148e-15,0.08004877804758648,0.04016848481831846,0.8797827371340864,25,30,20
31,902,1.3581624638387871e-12,0.07999247443665779,0.04002132642066874,0.8799861991413154,25,30,20
31,903,7.341018780700799e-18,0.07999978602793656,0.04045481750362453,0.8795453964684385,25,30,20
31,904,7.341754888703126e-18,0.07999955652283587,0.040582357329859285,0.8794180861473044,25,30,20
31,905,2.4299590619512554e-21,0.07981897829795997,0.0407821548793924,0.8793988668226476,25,30,20
31,906,1.4677369216230447e-17,0.07999999731482568,0.04037694199927712,0.879623060685897,25,30,20
31,907,2.381990584367842e-14,0.07999994024883239,0.04020282451071567,0.879797235240428,25,30,20
31,908,4.5562478288701573e-20,0.07999999368246033,0.04015824158947833,0.8798417647280613,25,30,20
31,909,2.5983283667308928e-18,0.07999999604793416,0.040157895468369065,0.8798421084836966,25,30,20
31,910,2.3910529565366774e-09,0.07999999340159353,0.040013121699111684,0.8799868825082416,25,30,20
31,911,2.4874379752688656e-09,0.07998807699431884,0.04001524110342777,0.8799966794148156,25,30,20
31,912,0.0002308320325569156,0.07998808340095862,0.03980770613196905,0.8799733784345153,25,30,20
31,913,0.0002308320325569156,0.07998808340095862,0.0399395082771746,0.87984157628931,25,30,20
31,914,6.568686986626727e-10,0.07999999425721949,0.04015824645520371,0.8798417586307079,25,30,20
31,915,3.260288260233495e-11,0.07981892516267154,0.04018769799221168,0.8799933768125138,25,30,20
31,916,3.2602851075628374e-11,0.07981897752175321,0.0401890050991834,0.8799920173464603,25,30,20
31,917,3.547934796472743e-15,0.07999999627613913,0.040010560005579274,0.8799894437182781,25,30,20
31,918,3.2771498381482586e-11,0.08000000005831706,0.04000310191975331,0.8799968979891581,25,30,20
31,919,2.6338683765892872e-08,0.07999998983806311,0.04044474683043928,0.8795552369928139,25,30,20
31,920,2.0223165551008453e-13,0.07999998930504132,0.040454621287138795,0.8795453894076178,25,30,20
31,921,1.699203129340314e-06,0.07999999116073421,0.04001877654661201,0.8799795330895246,25,30,20
31,922,1.6992031293403137e-06,0.0790981006514586,0.04091098602892455,0.8799892141164876,25,30,20
31,923,1.6992031293403137e-06,0.07933130064411457,0.040669956421915385,0.8799970437308409,25,30,20
31,924,1.6992031293403137e-06,0.07933135376693645,0.04066751518603971,0.8799994318438946,25,30,20
31,925,2.1433112886681482e-06,0.07933119156410261,0.040667010283857684,0.8799996548407509,25,30,20
31,926,6.383042542464099e-22,0.07933136522177153,0.04066905174440937,0.879999583033819,25,30,20
31,927,2.3701112173046725e-21,0.08000000679236029,0.07761382135706596,0.8423861718505737,25,30,20
31,928,6.45535372454324e-10,0.07999994271296056,0.07995511098100164,0.8400449456605026,25,30,20
31,929,1.8585977919146715e-09,0.07999670089837232,0.07995807813767883,0.840045219105351,25,30,20
31,930,2.1226707772372013e-13,0.07999983409519956,0.07995490061791242,0.8400452652866758,25,30,20
31,931,2.122670777319685e-13,0.07999999258262529,0.08016375340496727,0.8398362540121951,25,30,20
31,932,1.6971606626633546e-11,0.07999978335829877,0.08020202660415482,0.8397981900205749,25,30,20
31,933,1.6971606654071576e-11,0.07999075588423193,0.08021375837252144,0.839795485726275,25,30,20
31,934,1.6971606626764657e-11,0.0799919783508006,0.08876316013154822,0.8312448615006796,25,30,20
31,935,1.6971606626631846e-11,0.07999197839686384,0.0800144750176354,0.8399935465685292,25,30,20
31,936,2.2569734282089812e-13,0.07999227159382934,0.08002938889012688,0.839978339515818,25,30,20
31,937,3.772377060205625e-08,0.07999235656074562,0.08017302059078345,0.8398345851247003,25,30,20
31,938,3.772509025942194e-08,0.07999076615480759,0.08015152202176895,0.8398576740983331,25,30,20
31,939,2.2513953752199314e-21,0.07999163354988412,0.08002394871545838,0.8399844177346574,25,30,20
31,940,3.676636785165165e-21,0.07999980459271096,0.078592648283991,0.8414075471232981,25,30,20
31,941,7.341438070549817e-18,0.08000087755042865,0.0799989488875611,0.8400001735620103,25,30,20
31,942,7.362172043036887e-18,0.07999156265298266,0.047388452320459115,0.8726199850265581,25,30,20
31,943,7.339686198501592e-18,0.07999161575364032,0.040015601421008,0.8799927828253518,25,30,20
31,944,2.387850408944762e-13,0.07999978330916431,0.007054981055462699,0.9129452356351342,25,30,20
31,945,2.387850129814299e-13,0.07999983406468492,0.007208311891703736,0.9127918540433726,25,30,20
31,946,1.5095573372488155e-23,0.0799997841445847,8.11603628764425e-06,0.9199920998191276,25,30,20
31,947,3.1896375950515422e-24,0.07999362009842895,1.5518502830887635e-05,0.9199908613987404,25,30,20
31,948,5.978516150756259e-24,0.07999680999699742,0.0004576311221384067,0.9195455588808642,25,30,20
31,949,3.1424279707386393e-24,0.07999983773490489,1.0898645930032505e-05,0.9199892636191652,25,30,20
31,950,1.1256981983587655e-27,0.07999983773490489,1.3336058922615487e-05,0.9199868262061724,25,30,20
31,951,4.815194494929704e-22,0.07999972864493829,1.6392272896390163e-05,0.9199838790821654,25,30,20
31,952,4.931511729320898e-22,0.07999983367407194,6.468959519080992e-06,0.919993697366409,25,30,20
31,953,1.5648904419448127e-18,0.07999059373637679,1.877197584097575e-05,0.9199906342877822,25,30,20
31,954,9.66316805604908e-22,0.07999971481517415,6.431379887419363e-06,0.9199938538049384,25,30,20
31,955,4.817062132471346e-22,0.07999999428601084,6.807593540290666e-06,0.9199931981204489,25,30,20
31,956,1.535505635151774e-25,0.07999978785590783,1.4078654657361507e-05,0.9199861334894348,25,30,20
31,957,1.1548388276339724e-23,0.07933114363408376,0.0007002027920868178,0.9199686535738296,25,30,20
31,958,2.657491768732421e-25,0.07933114363408375,0.0008370331434210742,0.919831823222495,25,30,20
31,959,2.0271474870595457e-25,0.07999978785591222,2.357697764398628e-05,0.9199766351664439,25,30,20
31,960,1.7057322538988895e-22,0.07999561768718323,8.381975553339432e-06,0.9199960003372634,25,30,20
31,961,1.7046667021573223e-22,0.07999582538386397,4.55403583963634e-06,0.9199996205802964,25,30,20
31,962,6.114298909376076e-26,0.07175604201935541,0.008688127832457216,0.9195558301481873,25,30,20
31,963,1.7030716652146128e-22,0.0717560420193554,0.008244417215912476,0.919999540764732,25,30,20
31,964,1.7030896065487308e-22,0.07176775914186061,0.008232749513234563,0.9199994913449048,25,30,20
31,965,1.7026025161879972e-22,0.07999962840732128,0.00036160095193534235,0.9196387706407435,25,30,20
31,966,1.7025721146115205e-22,0.07999976266167193,0.00022118992085324245,0.9197790474174751,25,30,20
31,967,1.0183797010160136e-20,0.0799996755743668,0.00023180259563274275,0.9197685218300005,25,30,20
31,968,1.7921421295816123e-22,0.07999681004605563,3.19886338203838e-05,0.9199712013201241,25,30,20
31,969,5.651545317225031e-22,0.07999075599270927,0.00726155889707145,0.9127476851102192,25,30,20
31,970,1.7078279474530853e-22,0.07999680717887168,1.671234363519935e-05,0.9199864804774931,25,30,20
31,971,2.339410906352591e-25,0.07999999298945529,0.0005871917656051201,0.9194128152449396,25,30,20
31,972,1.906146965257248e-22,0.07999999298943819,0.0009542355266822565,0.9190457714838796,25,30,20
31,973,3.606317367554699e-22,0.07999983493674367,0.0009639401229991367,0.9190362249402572,25,30,20
31,974,2.0001642815006038e-23,0.07999983776510346,0.0001789058521547152,0.9198212563827418,25,30,20
31,975,8.940732966703963e-24,0.0799999962586589,0.00036673352904161856,0.9196332702122996,25,30,20
31,976,3.2856457534675444e-24,0.07999994034015483,2.6093172466989294e-05,0.9199739664873783,25,30,20
31,977,3.5683625909153814e-25,0.07999979060135606,1.3502754244861589e-05,0.9199867066443993,25,30,20
31,978,1.5804675480856886e-25,0.07999983039310946,7.353972965730409e-07,0.9199994342095943,25,30,20
31,979,3.429538467259822e-22,0.07999967552377595,0.00020768838211985156,0.9197926360941041,25,30,20
31,980,3.3982205085768377e-22,0.07999983675385308,0.00020307445866432066,0.9197970887874827,25,30,20
31,981,1.7037514727483459e-22,0.07999976183609338,0.0001651958470641877,0.9198350423168422,25,30,20
31,982,1.116401857930224e-25,0.07998806615369716,0.00018045998070492848,0.919831473865598,25,30,20
31,983,8.455337587150302e-24,0.07999999983416822,0.00016832044719190857,0.9198316797186399,25,30,20
31,984,1.1439732202918548e-23,0.07999999983416822,3.898009534753869e-06,0.919996102156297,25,30,20
31,985,1.010289089610729e-23,0.07999994077661238,8.475207295908533e-06,0.9199915840160918,25,30,20
31,986,1.8745476523513415e-23,0.07999994077661268,0.0001733706546077645,0.9198266885687794,25,30,20
31,987,1.879693776100219e-23,0.07999973432627824,0.0003405072507140368,0.9196597584230077,25,30,20
31,988,4.960131864758093e-22,0.07946789457012544,0.0007307560688606737,0.9198013493610138,25,30,20
31,989,4.945474406506439e-22,0.07998790762930046,0.01827371722810115,0.9017383751425981,25,30,20
31,990,1.9121231895127897e-24,0.07999983362924934,0.01808529601486452,0.9019148703558861,25,30,20
31,991,1.8540081147793047e-24,0.07999999025723696,0.018098996046429262,0.9019010136963338,25,30,20
31,992,4.9761323181835526e-24,0.07999999424268876,0.018253446667241158,0.9017465590900703,25,30,20
31,993,7.870535999763416e-24,0.07999994118342087,0.018261468384738105,0.9017385904318413,25,30,20
31,994,2.745890326622231e-20,0.07999075589088263,0.018105764622373437,0.9019034794867441,25,30,20
31,995,2.7622217833849353e-20,0.07947057717427682,0.0005527153510658742,0.9199767074746573,25,30,20
31,996,5.806882092400938e-19,0.07947057717427712,0.0007268776606071617,0.9198025451651154,25,30,20
31,997,5.532506919835558e-19,0.0794797651974882,0.001272608765769811,0.9192476260367417,25,30,20
31,998,1.7344720111077836e-22,0.07999999986165462,8.172451896966028e-06,0.9199918276864482,25,30,20
31,999,1.7942106408950452e-22,0.07999999986165432,8.494785993536185e-06,0.919991505352352,25,30,20
31,1000,1.7648370794066572e-22,0.07999983772039995,0.00020720320478278647,0.919792959074817,25,30,20
31,1001,1.9753184191655525e-18,0.06283969309455158,0.05751547276905604,0.8796448341363923,25,30,20
31,1002,1.852252207347709e-18,0.0799999962278699,0.03786803045263611,0.882131973319494,25,30,20
31,1003,1.852820538444937e-18,0.07999983396513716,0.0380045948997386,0.8819955711351242,25,30,20
31,1004,1.8524278205940956e-18,0.0799999970531325,0.03780607825770152,0.8821939246891659,25,30,20
31,1005,2.3274338632803436e-14,0.07999999731234779,0.039944158583814476,0.8800558441038143,25,30,20
31,1006,2.327433846865748e-14,0.07999999736214401,0.040144026464995076,0.8798559761728376,25,30,20
31,1007,2.3274338465629198e-14,0.07999999736115557,0.040108856306194436,0.8798911463326266,25,30,20
31,1008,0.03585766606031955,0.07999999825528552,0.0041535113136155315,0.8799888243707792,25,30,20
31,1009,0.03585766606031955,0.07999999818539215,0.0043662787982580754,0.8797760569560302,25,30,20
31,1010,0.03585766606031955,0.07999999541167079,0.004171857418658261,0.8799704811093514,25,30,20
31,1011,0.035857666060404546,0.04049595339610635,0.043683332658231044,0.8799630478852581,25,30,20
31,1012,0.036166748225820375,0.04049598542707845,0.04333792482335569,0.8799993415237458,25,30,20
31,1013,0.03616674822630743,0.039995755236775545,0.04441691826808762,0.8794205782688295,25,30,20
31,1014,0.0001801026018697409,0.04071578234546008,0.07965956770436067,0.8794445473483096,25,30,20
31,1015,5.5452649957895555e-08,0.04071526969944344,0.07929308541306472,0.8799915894348418,25,30,20
31,1016,6.091522224392739e-06,0.03999572209870153,0.0800088860749093,0.8799893003041646,25,30,20
31,1017,4.919849111737429e-10,0.03999588070491768,0.08001457695930667,0.8799895418437906,25,30,20
31,1018,0.03498378918587172,0.039999943966205626,0.0450201324735285,0.8799961343743942,25,30,20
31,1019,0.034983789842516384,0.03999983773712928,0.0450383207999088,0.8799780516204458,25,30,20
31,1020,0.039995327505252046,0.03999979074053602,0.0401724314727443,0.8798324502814678,25,30,20
31,1021,0.03137826527251899,0.03999982003468045,0.0487804142898236,0.8798415004029769,25,30,20
31,1022,2.127569290022026e-07,0.0421615425992636,0.07779419124721544,0.8800440533965918,25,30,20
31,1023,2.3086496730423744e-07,0.04216684689003574,0.07780127232109704,0.8800316499238998,25,30,20
31,1024,3.674643811212013e-08,0.039824285607154966,0.08034040744169248,0.8798352702047141,25,30,20
31,1025,2.9060489289195223e-06,0.03982894301227875,0.08049837675662103,0.8796697741821714,25,30,20
31,1026,1.0576587087690276e-07,0.04000000010094912,0.08001629118740353,0.8799836029457764,25,30,20
31,1027,3.41315630171577e-11,0.04000004774550427,0.08001690013239868,0.8799830520879652,25,30,20
31,1028,0.03204435245877203,0.040000076058998746,0.047855346995731046,0.880100224486498,25,30,20
31,1029,0.03204435243990991,0.06374045942346868,0.024410438757884272,0.8798047493787372,25,30,20
31,1030,0.03727486064323466,0.079999580422303,0.002888072684250335,0.8798374862502121,25,30,20
31,1031,0.03992699800749245,0.07999978959049438,8.367426546267483e-05,0.8799895381365503,25,30,20
31,1032,0.03985543330065639,0.07999999700699811,0.00015005836567284552,0.8799945113266727,25,30,20
31,1033,0.03985543330065639,0.07999999426750047,0.00015011654313449888,0.8799944558887087,25,30,20
31,1034,0.0079405025581782,0.07947981554989282,0.032587969222319865,0.879991712669609,25,30,20
31,1035,0.0079405025581782,0.07947960446742601,0.03258018700223803,0.8799997059721578,25,30,20
31,1036,3.043790956183151e-08,0.06997728554041084,0.06429913570256461,0.8657235483191151,25,30,20
31,1037,3.043790956135234e-08,0.07999999137204035,0.047231233761540016,0.8727687444285103,25,30,20
31,1038,1.6760150274161736e-11,0.07999999133931471,0.04000494758195549,0.8799950610619696,25,30,20
31,1039,1.6760150274173507e-11,0.07999992000002987,0.03999986828692637,0.8800002116962834,25,30,20
31,1040,1.0502508497098602e-14,0.07999992121037618,0.04000814635921513,0.8799919324303983,25,30,20
31,1041,1.0502508482403778e-14,0.07999999342363882,0.04001194411832066,0.8799880624580303,25,30,20
31,1042,1.4975577692823568e-13,0.07981898020312511,0.0401838211108147,0.8799971986859105,25,30,20
31,1043,1.4975578663973277e-13,0.07999680706786409,0.040219855348053,0.8797833375839329,25,30,20
31,1044,8.776358433364228e-07,0.08000531896709903,0.04108603790197238,0.8789077654950854,25,30,20
31,1045,8.776358433358661e-07,0.08000850887462388,0.04043741055968371,0.879553202929849,25,30,20
31,1046,8.776358433358665e-07,0.0800022946171878,0.040458539943153495,0.8795382878038153,25,30,20
31,1047,6.499192385916731e-10,0.07948018040899604,0.04116563878545353,0.879354180155631,25,30,20
31,1048,1.836359562529908e-09,0.04071131333553215,0.07974254028512973,0.8795461445429783,25,30,20
31,1049,1.8367190997660706e-09,0.040036797994862094,0.07997293803273876,0.87999026213568,25,30,20
31,1050,1.8520857121863954e-09,0.04003679799290337,0.08056374112716323,0.879399459027848,25,30,20
31,1051,8.0940047070883e-15,0.06984063159079837,0.050332702153528454,0.8798266662556651,25,30,20
31,1052,3.59519451402741e-20,0.06984062873172035,0.010159663811333904,0.9199997074569456,25,30,20
31,1053,2.746011965611475e-20,0.07999973187019072,8.302699050309766e-07,0.9199994378599041,25,30,20
31,1054,2.0563628276374256e-23,0.07999587769154073,0.00045341284953180134,0.9195507094589276,25,30,20
31,1055,8.609892372611204e-24,0.07999983120465483,0.0004595622453532009,0.9195406065499919,25,30,20
31,1056,8.611564500472715e-24,0.07999983039310649,0.0009047038140189815,0.9190954657928746,25,30,20
31,1057,5.655712260257938e-22,0.07999983667410793,4.114419115431681e-06,0.9199960489067768,25,30,20
31,1058,5.688258621455786e-22,0.07999664578591104,1.1736818309151529e-05,0.9199916173957797,25,30,20
31,1059,3.51386738827996e-24,0.07999673678092481,1.1460135122955965e-05,0.9199918030839523,25,30,20
31,1060,3.352038119953889e-24,0.07999957849423742,1.325275535225801e-06,0.9199990962302275,25,30,20
31,1061,2.7624266665792264e-20,0.06284359965780273,0.01715971974137427,0.919996680600823,25,30,20
31,1062,3.7020600022902843e-17,0.07999638773902104,1.2051952172916045e-05,0.919991560308806,25,30,20
31,1063,1.3055461864866564e-23,0.079990593677935,1.7968392763660413e-05,0.9199914379293013,25,30,20
31,1064,5.4567103639322285e-24,0.07976674112614343,0.007274278235033393,0.9129589806388232,25,30,20
31,1065,5.470666594959865e-24,0.07999994105513021,0.007230590894139311,0.9127694680507303,25,30,20
31,1066,7.07971097694893e-27,0.07999977808122749,0.0001955385564217061,0.9198046833623508,25,30,20
31,1067,1.7030479646924021e-22,0.07999999710106041,1.3967081753663789e-05,0.919986035817186,25,30,20
31,1068,6.001833369443634e-26,0.07999999710020439,1.041297398376221e-05,0.9199895899258118,25,30,20
31,1069,2.746009497155697e-20,0.07999962836011304,0.00020737934234556687,0.9197929922975413,25,30,20
31,1070,4.8378580025068025e-20,0.07933111835738135,0.0006953380792775967,0.919973543563341,25,30,20
31,1071,3.8660202929585004e-20,0.07915026095569173,0.0008586112326204832,0.9199911278116879,25,30,20
31,1072,1.5112403426157143e-25,0.07999999339556094,0.00021433408802355963,0.9197856725164156,25,30,20
31,1073,2.1104282707078635e-25,0.07999992493671414,0.00020167092642939157,0.9197984041368567,25,30,20
31,1074,1.7031698461385416e-22,0.07999992482476334,5.07501808375627e-07,0.9199995676734283,25,30,20
31,1075,8.918870981276807e-17,0.0799997877907131,0.0005713670845806697,0.9194288451247058,25,30,20
31,1076,8.917900834461918e-17,0.07999978696467701,0.016175119701128147,0.9038250933341946,25,30,20
31,1077,4.814646870376489e-22,0.07999978696378415,1.1845231413774624e-05,0.9199883678048021,25,30,20
31,1078,8.606009578300754e-24,0.07999660074966906,1.4711273619771018e-05,0.919988687976711,25,30,20
31,1079,8.830710568648522e-24,0.07947961187023833,0.0005274703478467781,0.9199929177819149,25,30,20
31,1080,3.1485048558921296e-24,0.07999999622595352,1.1306039735001357e-05,0.9199886977343116,25,30,20
31,1081,3.1042705614417765e-24,0.07999588415841202,0.016541780126378035,0.90346233571521,25,30,20
31,1082,1.4909778734064827e-23,0.07999580827277666,0.016191519246970244,0.9038126724802532,25,30,20
31,1083,6.5116663422084176e-24,0.07999567123894531,0.01618935552302853,0.9038149732380262,25,30,20
31,1084,5.682771297750508e-22,0.0799905437829687,0.0005908849003684045,0.9194185713166628,25,30,20
31,1085,5.683320248671951e-22,0.07999054378296871,0.0005870194920938434,0.9194224367249373,25,30,20
31,1086,5.654845257849303e-22,0.07999054378296871,1.6011478320049218e-05,0.919993444738711,25,30,20
31,1087,5.982548543625848e-26,0.07999958140109134,1.1532413071486227e-05,0.9199888861858373,25,30,20
31,1088,2.744849628088121e-20,0.079999924824512,1.4880714922758914e-05,0.9199851944605651,25,30,20
31,1089,6.181884679135096e-24,0.07999992762045981,1.1999856626242036e-05,0.919988072522914,25,30,20
31,1090,5.876587181714306e-26,0.07999999986749556,8.090474095566206e-06,0.9199919096584089,25,30,20
31,1091,8.511247252976456e-24,0.07998786321856564,1.5120756534721324e-05,0.9199970160248995,25,30,20
31,1092,2.76547066170581e-20,0.07998076831082797,3.6168577300933806e-05,0.9199830631118708,25,30,20
31,1093,1.1703595086855252e-23,0.07999075220543084,1.4801874685345817e-05,0.9199944459198838,25,30,20
31,1094,3.976998493778853e-22,0.07999075581180805,0.007243488979472158,0.9127657552087198,25,30,20
31,1095,3.0114390169693466e-25,0.07999999707021291,8.118187296974407e-06,0.9199918847424903,25,30,20
31,1096,2.0846466169379695e-22,0.0799880174550875,2.0654171327289425e-05,0.9199913283735852,25,30,20
31,1097,2.0275252552418053e-25,0.07999999624443391,1.9003868579649022e-05,0.9199809998869866,25,30,20
31,1098,2.7462933038458796e-20,0.07999979058688314,0.00016643661910486582,0.9198337727940121,25,30,20
31,1099,1.717240486457007e-23,0.07999967871587726,0.00016328975194291934,0.9198370315321803,25,30,20
31,1100,1.7045462193679185e-23,0.07999931613878072,0.01824012432974943,0.9017605595314703,25,30,20
31,1101,2.0463152945362546e-25,0.07999999260536864,0.0001632739686578584,0.9198367334259734,25,30,20
31,1102,2.9141267062815902e-27,0.07999999260535129,0.00020813153526628796,0.9197918758593825,25,30,20
31,1103,8.659363366350257e-24,0.07999999416192066,8.670099622370107e-06,0.9199913357384569,25,30,20
31,1104,1.379149855247331e-23,0.07999666641306286,0.00021817615822518612,0.9197851574287119,25,30,20
31,1105,1.083856053694617e-23,0.0799968062213933,0.00021045159389974802,0.9197927421847071,25,30,20
31,1106,2.0380603270273695e-23,0.07999999705386442,0.0002028579024235706,0.919797145043712,25,30,20
31,1107,2.3019604068827837e-23,0.07999999986851347,6.479466351263352e-06,0.9199935206651353,25,30,20
31,1108,1.1883429782670176e-23,0.07999999986851315,0.00015452565921116683,0.9198454744722757,25,30,20
31,1109,1.5243470595591332e-23,0.07999979056379625,3.980088616608212e-07,0.9199998114273421,25,30,20
31,1110,8.87357715462122e-17,0.07999999622845269,0.0002022214384101369,0.9197977823331368,25,30,20
31,1111,6.033080731137722e-24,0.07999979063480461,1.3500098877586035e-05,0.9199867092663178,25,30,20
31,1112,3.351376596727337e-24,0.07999978418281871,1.1189456879359446e-05,0.9199890263603021,25,30,20
31,1113,2.2042304556211695e-25,0.079999784182819,6.549014807476315e-07,0.9199995609157001,25,30,20
31,1114,8.569328021459824e-24,0.07998806693301506,1.578017466071403e-05,0.9199961528923243,25,30,20
31,1115,1.7872245342743952e-22,0.07999992411105096,8.017009566971174e-06,0.9199920588793821,25,30,20
31,1116,8.55852511209752e-24,0.07999992411105096,5.559794420497065e-07,0.919999519909507,25,30,20
31,1117,3.153553284915006e-24,0.07999985189844704,5.738004808625697e-07,0.9199995743010722,25,30,20
31,1118,5.965852382107793e-15,0.07997882329735068,3.836544555882226e-05,0.9199828112570847,25,30,20
31,1119,5.965852385042408e-15,0.07997882329735068,3.8516312199575845e-05,0.919982660390444,25,30,20
31,1120,3.1407739228349185e-24,0.07999999501108655,8.196911482001137e-06,0.9199918080774314,25,30,20
31,1121,1.0425150821792464e-21,0.0798098114163231,0.000953728817252973,0.9192364597664238,25,30,20
31,1122,4.931566957763335e-22,0.07999962846524,0.0012990983820550387,0.9187012731527048,25,30,20
31,1123,2.9953360483993507e-24,0.07999983771956617,0.0072314799950486145,0.9127686822853849,25,30,20
31,1124,3.166233966343576e-24,0.07999978778796696,0.007231661417878913,0.9127685507941544,25,30,20
31,1125,3.317110529955185e-24,0.07999978778796696,0.007239310141798606,0.9127609020702343,25,30,20
31,1126,1.1573033946781047e-20,0.0799958091128619,0.008024400872110087,0.9119797900150282,25,30,20
31,1127,1.1876095681427525e-20,0.07999580911284453,0.00040495538715336067,0.9195992355000024,25,30,20
31,1128,1.187589615247422e-20,0.07999580911284453,8.454333654776004e-06,0.9199957365535008,25,30,20
31,1129,2.2018082470395295e-14,0.07999980460635168,0.03696060743763227,0.8830395879559938,25,30,20
31,1130,1.4491743599984428e-16,0.08004797606613585,0.03989577036931008,0.8800562535645536,25,30,20
31,1131,1.449174360023992e-16,0.0800479760872324,0.039895979377545944,0.8800560445352213,25,30,20
31,1132,8.355734934342164e-14,0.07999978783687822,0.007373982381343086,0.9126262297816953,25,30,20
31,1133,8.355734934331758e-14,0.07999978783687822,0.007377610469109689,0.9126226016939286,25,30,20
31,1134,8.355734934647238e-14,0.07999992767262026,0.007387272388638841,0.9126127999386573,25,30,20
31,1135,1.877177239083139e-22,0.07947982106010999,0.0009804796303689656,0.9195396993095212,25,30,20
31,1136,1.706590359142527e-22,0.07999979054357716,0.00044426681135894354,0.9195559426450639,25,30,20
31,1137,3.508958577277043e-24,0.079976147864611,2.397700743296216e-05,0.9199998751279559,25,30,20
31,1138,1.4942608266512727e-23,0.07997614786461131,3.11221473517297e-05,0.9199927299880369,25,30,20
31,1139,3.617358916835117e-24,0.07997614670432161,4.2142957160213106e-05,0.9199817103385182,25,30,20
31,1140,1.1190773783959175e-25,0.07998807351352455,1.561842601890116e-05,0.9199963080604567,25,30,20
31,1141,3.4049018196285785e-24,0.07999999411417115,0.0005793940780436858,0.9194206118077851,25,30,20
31,1142,6.202061382048525e-26,0.07999999221352862,0.00020036302030932825,0.9197996447661622,25,30,20
31,1143,3.2223732307961504e-20,0.07999053773407992,2.0957665193392728e-05,0.9199885046007266,25,30,20
31,1144,3.5610930181511925e-25,0.07999660070168503,2.194822469853829e-05,0.9199814510736164,25,30,20
31,1145,1.1494213050450575e-23,0.07999999495956521,1.2425985892939592e-05,0.9199875790545419,25,30,20
31,1146,2.580806611312058e-25,0.07999999616206291,4.456793332097008e-06,0.919995547044605,25,30,20
31,1147,3.8206336434566235e-24,0.0799999389775293,4.429539963824562e-06,0.9199956314825068,25,30,20
31,1148,8.671667243617254e-24,0.07999601840333423,7.926178510062e-06,0.9199960554181557,25,30,20
31,1149,3.459227949632819e-25,0.07999987137580783,3.2172550228876395e-06,0.9199969113691693,25,30,20
31,1150,8.763448081696239e-24,0.07999197563483429,1.6724514629264433e-05,0.9199912998505364,25,30,20
31,1151,1.2260364488930458e-21,0.07999979577574057,1.0498064792732916e-06,0.9199991544177801,25,30,20
31,1152,7.4737845844788005e-22,0.07999979577574086,0.00020732009804828064,0.9197928841262107,25,30,20
31,1153,5.6873595599624455e-22,0.07999979577574086,0.00020209658586445794,0.919798107638395,25,30,20
31,1154,2.3178331854331336e-25,0.0799969097100553,0.00020210272802234693,0.9198009875619222,25,30,20
31,1155,4.7007976847305416e-27,0.07999998974587949,0.00019924039982690113,0.9198007698542935,25,30,20
31,1156,8.335878971243178e-24,0.07999998974589698,0.0005714080862358308,0.9194286021678671,25,30,20
31,1157,1.9572944628264015e-22,0.07999999497863204,0.0007863503811712678,0.9192136546401966,25,30,20
31,1158,1.7859696582964427e-22,0.0788111759125552,0.0017784882229416057,0.9194103358645032,25,30,20
31,1159,1.7026763723823444e-22,0.07924656514171305,0.0007718434397372086,0.9199815914185497,25,30,20
31,1160,2.5999401176200955e-21,0.07976659695979749,0.04040977197388582,0.8798236310663167,25,30,20
31,1161,2.4297744537955552e-21,0.07976654620427485,0.040251500578993564,0.8799819532167317,25,30,20
31,1162,7.337443277431912e-18,0.07976653106781545,0.04026136716692363,0.8799721017652609,25,30,20
31,1163,3.0053360978041374e-21,0.07976675636667802,0.04024032769806997,0.8799929159352519,25,30,20
31,1164,4.720647861451308e-13,0.080000769703391,0.04001599451367785,0.8799832357824592,25,30,20
31,1165,4.72064786629707e-13,0.08000084625810062,0.04018009967573633,0.8798190540656913,25,30,20
31,1166,6.24750711463057e-15,0.07999978933513954,0.039295394102074034,0.8807048165627801,25,30,20
31,1167,6.247507103390751e-15,0.07999999577296933,0.039143471636111,0.8808565325909133,25,30,20
31,1168,8.04438329150103e-15,0.07998807055658928,0.03915674413374855,0.8808551853096539,25,30,20
31,1169,3.6114218768357673e-08,0.07998801749676973,0.058541117955524566,0.8614708284334871,25,30,20
31,1170,3.6114218768357673e-08,0.07999999582879427,0.04035348338780956,0.8796464846691774,25,30,20
31,1171,3.611421878716079e-08,0.060302627612900034,0.059896302779801756,0.8798010334930797,25,30,20
31,1172,3.61142187683577e-08,0.07998180028197052,0.040613044099314946,0.8794051195044957,25,30,20
31,1173,3.611421876835832e-08,0.07999992404050836,0.040342201848003204,0.8796578379972698,25,30,20
31,1174,2.2792186179804384e-20,0.07999999602628494,0.007047448884597046,0.9129525550891181,25,30,20
31,1175,2.0531274846329328e-23,0.07976646055572008,0.0003987101458658223,0.9198348292984142,25,30,20
31,1176,3.2934528479155274e-24,0.07999950912639724,8.770671270749485e-06,0.9199917202023319,25,30,20
31,1177,3.028020022200382e-25,0.0799997346670186,1.635601064201743e-05,0.9199839093223394,25,30,20
31,1178,5.633564452976625e-22,0.07981898013208506,0.0002070826328388443,0.9199739372350761,25,30,20
31,1179,3.058644276268581e-25,0.07999962745623501,8.536085364939748e-06,0.9199918364584001,25,30,20
31,1180,5.656135957880767e-22,0.07999983082781141,1.0984070772160602e-05,0.9199891851014164,25,30,20
31,1181,6.686950398097465e-22,0.07999999706619679,8.493772158284708e-06,0.919991509161645,25,30,20
31,1182,6.874188630291378e-22,0.07999976546781983,1.7696439808791248e-05,0.9199825380923715,25,30,20
31,1183,3.246668698263402e-20,0.07981066894350661,0.000196601394142666,0.9199927296623507,25,30,20
31,1184,5.73796552605571e-22,0.07998670715024868,1.7336615393807383e-05,0.9199959562343577,25,30,20
31,1185,1.1494122044917865e-23,0.07999978051242777,7.621968590945632e-07,0.9199994572907131,25,30,20
31,1186,9.927074761411025e-24,0.0799999400883349,1.0819505611402543e-05,0.9199892404060536,25,30,20
31,1187,1.0176722642001297e-23,0.0799999400883349,1.0641326057709629e-05,0.9199894185856072,25,30,20
31,1188,1.8017554595345176e-22,0.07999994171742014,2.7169353419977867e-05,0.9199728889291597,25,30,20
31,1189,1.5677023257436566e-18,0.07999994171743757,0.00024669939942367303,0.9197533588831387,25,30,20
31,1190,9.633604471660952e-22,0.07999992651687349,0.00017649467773380893,0.9198235788053928,25,30,20
31,1191,6.605168217192494e-22,0.07999992651685606,1.3708980335119972e-05,0.9199863645028088,25,30,20
31,1192,2.2030463895348646e-22,0.07976519265720054,0.0002434581886497867,0.9199913491541496,25,30,20
31,1193,4.762610744987459e-22,0.0799958812501627,0.0004666619166557417,0.9195374568331816,25,30,20
31,1194,6.699950378388394e-26,0.0799958812501627,0.0002190126844380376,0.9197851060653993,25,30,20
31,1195,1.1446561791929951e-23,0.07999999605699847,0.0003538594556070554,0.9196461444873947,25,30,20
31,1196,1.582029496349008e-25,0.07999971843714317,3.427201896213876e-06,0.9199968543609609,25,30,20
31,1197,3.91758410284051e-24,0.0799958118815921,1.758170956531898e-05,0.9199866064088426,25,30,20
31,1198,2.668779151407616e-23,0.07998664000916296,0.00018114632106412698,0.9198322136697732,25,30,20
31,1199,6.70274668643482e-24,0.07999567484660058,0.0001870555279586162,0.919817269625441,25,30,20
31,1200,1.5026450997800231e-25,0.07999978785397016,4.05336511505895e-07,0.9199998068095185,25,30,20
31,1201,5.503505459008144e-19,0.07947981990011371,0.007960430445783574,0.9125597496541026,25,30,20
31,1202,2.678002552298253e-25,0.06283045091546938,0.024403823608149456,0.912765725476381,25,30,20
31,1203,1.094002464381015e-18,0.07998664070681835,0.012343823695374739,0.9076695355978068,25,30,20
31,1204,1.0940023568342599e-18,0.07999999871842801,0.012048835843467894,0.9079511654381043,25,30,20
31,1205,1.70251594303051e-22,0.07999999867885885,3.012980189197028e-06,0.919996988340952,25,30,20
31,1206,1.1592182714578929e-23,0.07999999586180964,1.0780072809657167e-05,0.9199892240653805,25,30,20
31,1207,6.63834232955776e-24,0.07981890587645626,0.0001985785584518223,0.9199825155650917,25,30,20
31,1208,1.4487042810162173e-23,0.07999664778587703,2.698842517210062e-05,0.9199763637889508,25,30,20
31,1209,2.744111376085927e-20,0.0799996755729451,1.4615002540351139e-05,0.9199857094245146,25,30,20
31,1210,2.7441491919099126e-20,0.07999999760237068,2.8595904021641678e-05,0.9199714064936075,25,30,20
31,1211,2.8972228107413865e-13,0.0799998526771338,2.378622399286877e-05,0.9199763610985837,25,30,20
31,1212,2.8972228108287913e-13,0.07999988498935456,1.6376987485978676e-05,0.9199837380228695,25,30,20
31,1213,2.897222806904528e-13,0.07999999866645319,1.643737851599242e-05,0.9199835639547413,25,30,20
31,1214,2.8972228051706946e-13,0.07999999866645285,0.0005843701703473944,0.9194156311629103,25,30,20
31,1215,2.897222529172017e-13,0.07999962840099883,3.4100366240849572e-06,0.9199969615620873,25,30,20
31,1216,2.8972225290617144e-13,0.07999962843635064,0.00017138094380085637,0.9198289906195588,25,30,20
31,1217,1.9787116501693091e-22,0.06996813616116292,0.010561658395057565,0.9194702054437794,25,30,20
31,1218,2.2208609541892633e-23,0.06997323935926317,0.010225974478676448,0.9198007861620604,25,30,20
31,1219,7.6525317697067e-24,0.06997323935827487,0.010027115374555428,0.9199996452671699,25,30,20
31,1220,4.459410650739726e-25,0.07976260215021656,0.0006819386288075709,0.9195554592209757,25,30,20
31,1221,4.574808538055308e-25,0.07976260215021656,0.0006847313412635686,0.9195526665085196,25,30,20
31,1222,1.5645459478364755e-18,0.07999958140191483,1.1295189378606394e-05,0.9199891234087063,25,30,20
31,1223,1.819828187237319e-22,0.07999054665073518,0.0002110043585057162,0.9197984489907591,25,30,20
31,1224,3.029768304261991e-22,0.07999983493873378,0.008868346242392355,0.9111318188188742,25,30,20
31,1225,1.7048273449174465e-22,0.07999967552154302,3.648989171398704e-06,0.9199966754892859,25,30,20
31,1226,1.734459213532515e-22,0.07999962842342181,0.00015307063427342306,0.9198473009423047,25,30,20
31,1227,2.1422628427688863e-22,0.07999962475175665,0.0001686886644668168,0.9198316865837767,25,30,20
31,1228,1.0127262067922142e-23,0.07999983039222586,4.4915947733094e-07,0.9199997204482968,25,30,20
31,1229,5.716317662766173e-26,0.0799997869303303,6.497744840197588e-07,0.9199995632951857,25,30,20
31,1230,1.816308260577184e-25,0.079999647049898,8.709688463886624e-06,0.9199916432616382,25,30,20
31,1231,1.0941640018663958e-18,0.07999999864448869,0.012602009112181078,0.9073979922433304,25,30,20
31,1232,2.658704403540375e-18,0.0799999986444887,0.013050700480010833,0.9069493008755006,25,30,20
31,1233,3.3833634370672175e-22,0.0799999970235531,0.0005772048598794179,0.9194227981165676,25,30,20
31,1234,1.7642849699808238e-22,0.07999999057196759,0.0005866547586801194,0.9194133546693526,25,30,20
31,1235,5.5041325524319035e-19,0.07999998981040682,0.0002257950507719348,0.9197742151388213,25,30,20
31,1236,5.503966536461685e-19,0.07999999243601509,0.00020312036073769435,0.9197968872032473,25,30,20
31,1237,2.659119614250907e-25,0.07999999057069107,8.232995812799032e-06,0.9199917764334962,25,30,20
31,1238,8.710152563800178e-24,0.07999999063633002,0.00020712765841723288,0.919792881705253,25,30,20
31,1239,4.915349474209057e-22,0.07999994098471913,3.731508594500704e-06,0.9199963275066863,25,30,20
31,1240,4.815629827217852e-22,0.07999999575723762,0.00015816789810578383,0.9198418363446568,25,30,20
31,1241,9.936620636914254e-24,0.07999673373148979,0.0006434696356082898,0.919359796632902,25,30,20
31,1242,4.817244281056903e-22,0.07999971838733619,0.00045239808345250306,0.9195478835292112,25,30,20
31,1243,4.814635890228748e-22,0.07999983767140488,0.0010366217898883318,0.918963540538707,25,30,20
31,1244,6.404984112716382e-27,0.0799998376713877,0.00045435299239555456,0.9195458093362167,25,30,20
31,1245,1.607823644828572e-25,0.07999999529409603,0.00045691226173536566,0.9195430924441687,25,30,20
31,1246,8.661325068263207e-24,0.0799997869785108,3.1894782218622793e-06,0.9199970235432673,25,30,20
31,1247,8.571138808374133e-24,0.0799997869785108,6.069597747862583e-06,0.9199941434237412,25,30,20
31,1248,8.456723753695804e-24,0.07999999708766352,1.6692171712440144e-05,0.9199833107406242,25,30,20
31,1249,5.653865270973935e-22,0.07999043142696868,1.355836484730122e-05,0.919996010208184,25,30,20
31,1250,5.653890657676012e-22,0.07999043142696868,1.358679050713245e-05,0.9199959817825243,25,30,20
31,1251,1.1017994624225222e-25,0.07999983398338126,0.00044813627361456104,0.9195520297430042,25,30,20
31,1252,1.5585237621653125e-18,0.07999075183710957,0.00016417423888232454,0.9198450739240084,25,30,20
31,1253,1.336279226502841e-23,0.0799867085886752,0.00018354272781946632,0.9198297486835055,25,30,20
31,1254,4.933161681987825e-22,0.07999983240703593,2.6529852350006076e-05,0.9199736377406141,25,30,20
31,1255,4.815275417114889e-22,0.07999983240605996,0.0001749993065641473,0.9198251682873759,25,30,20
31,1256,3.513835226852222e-24,0.07999657432575825,1.7167129896434226e-05,0.9199862585443453,25,30,20
31,1257,8.510953661731883e-24,0.07999991912520152,8.239568001726931e-06,0.9199918413067968,25,30,20
31,1258,8.921782151250878e-24,0.07931935835946624,0.0006915616382008397,0.9199890800023331,25,30,20
31,1259,5.034649844714746e-25,0.07998786416774556,4.104130789080911e-05,0.9199710945243638,25,30,20
31,1260,3.48977873928001e-24,0.07998786416634833,2.0369179882449357e-05,0.919991766653769,25,30,20
31,1261,1.7134813107351855e-22,0.07999069926224181,0.0005918783675010728,0.9194174223702569,25,30,20
31,1262,6.507669125568775e-24,0.0797666885668041,0.007476013408281503,0.9127572980249145,25,30,20
31,1263,6.034139675271064e-24,0.07976674391483737,0.00024157574950537414,0.9199916803356571,25,30,20
31,1264,3.171380727044335e-24,0.042059449190372945,0.04498331342491682,0.9129572373847102,25,30,20
31,1265,5.725234620368089e-17,0.04001902145101515,0.03999521703548894,0.9199857615134959,25,30,20
31,1266,5.725234635284303e-17,0.040019021451015144,0.04000050743571729,0.9199804711132675,25,30,20
31,1267,3.718966860536436e-13,0.039999999930384715,0.04001855272728475,0.9199814473419585,25,30,20
31,1268,3.718966865250904e-13,0.03999983777330769,0.04015519625088301,0.9198449659754371,25,30,20
31,1269,3.7189668604216325e-13,0.039999999889306886,0.04000371313865307,0.9199962869716682,25,30,20
31,1270,3.718966860483383e-13,0.039999999937968635,0.04001003057423528,0.9199899694874242,25,30,20
31,1271,1.1261975265208946e-16,0.04000065688061898,0.04000319431422717,0.9199961488051536,25,30,20
31,1272,9.704590807456833e-21,0.039999790907964086,0.040199206241869095,0.9198010028501667,25,30,20
31,1273,9.090082587350871e-15,0.04000011963064104,0.04019922386007622,0.9198006565092735,25,30,20
31,1274,1.167203105637599e-09,0.03999681769435328,0.04057436691513302,0.9194288142233106,25,30,20
31,1275,1.1672031056375864e-09,0.039999801968215405,0.040000728578167104,0.9199994682864143,25,30,20
31,1276,1.1672031056375947e-09,0.040000008419963734,0.04001448807722669,0.9199855023356065,25,30,20
31,1277,9.704750146785638e-21,0.07999999343027865,1.8512078496717615e-05,0.9199814944912245,25,30,20
31,1278,8.626667293899081e-24,0.07999992284526682,0.0006538146627506331,0.9193462624919825,25,30,20
31,1279,1.6833540157391337e-23,0.07999983411405742,0.0005916803810247631,0.9194084855049176,25,30,20
31,1280,8.809615261557907e-24,0.07999962848895092,0.00022767495257596977,0.9197726965584733,25,30,20
31,1281,1.7880530440069256e-22,0.0799998340918311,7.597431472431661e-07,0.9199994061650216,25,30,20
31,1282,9.704982486606865e-21,0.07999983764331237,1.4374915791387543e-05,0.9199857874408961,25,30,20
31,1283,3.381306044856873e-22,0.07999962848783813,0.0005792899301837,0.9194210815819782,25,30,20
31,1284,4.827170361890236e-27,0.07947961186890685,0.000979149384401684,0.9195412387466915,25,30,20
31,1285,2.9795056091239053e-23,0.07931901367192278,0.0006883310967286667,0.9199926552313487,25,30,20
31,1286,1.07811990018991e-23,0.07998647791260169,0.0089088230913757,0.9111046989960228,25,30,20
31,1287,2.4835243047541004e-24,0.07999551267857812,0.009321421245861206,0.9106830660755607,25,30,20
31,1288,1.3728522191487424e-23,0.0799879075650081,1.2567040589851086e-05,0.9199995253944024,25,30,20
31,1289,4.927434712704766e-22,0.07999983520219595,0.00016488913257733294,0.9198352756652268,25,30,20
31,1290,2.0270185183930617e-22,0.07933128145349846,0.0006690434773139592,0.9199996750691877,25,30,20
31,1291,1.9977910352516786e-22,0.0793220366282305,0.0006961495871384661,0.9199818137846312,25,30,20
31,1292,9.709447501572042e-21,0.0799867706996033,3.069742346660501e-05,0.9199825318769302,25,30,20
31,1293,9.705981338466299e-21,0.07999967310428836,8.002045281159817e-06,0.9199923248504308,25,30,20
31,1294,4.8229126742020595e-22,0.07999983675499701,0.0003537923632359488,0.919646370881767,25,30,20
31,1295,6.602107325109928e-22,0.07999059368757512,0.00017393615279076373,0.9198354701596341,25,30,20
31,1296,1.7916195154619651e-22,0.07998791125251986,0.03779788565305425,0.8822142030944258,25,30,20
31,1297,1.7105403438346783e-22,0.07999983404667535,0.03997364206619113,0.8800265238871335,25,30,20
31,1298,2.0385519808929145e-18,0.07999978176945632,0.040515385698715926,0.8794848325318279,25,30,20
31,1299,2.0107312091148783e-18,0.0799999439326475,0.04040506849133755,0.8795949875760151,25,30,20
31,1300,2.0112123600461263e-18,0.07999075582952568,0.04041416291433933,0.8795950812561354,25,30,20
31,1301,1.053314414718972e-12,0.07999075582950825,0.040208573804973585,0.8798006703644649,25,30,20
31,1302,1.566767451110967e-18,0.07976674388958716,0.040224398070774284,0.8800088580396386,25,30,20
31,1303,1.0136277406264102e-18,0.07999054656616217,0.039997073228273464,0.8800123802055646,25,30,20
31,1304,1.8993366322643443e-18,0.0799998376704932,0.04011216725223392,0.8798879950772728,25,30,20
31,1305,1.8861186725262984e-25,0.07933135475666987,0.019114936422896512,0.9015537088204337,25,30,20
31,1306,1.2020143305819496e-23,0.0799907486052661,0.0006158399236112496,0.9193934114711229,25,30,20
31,1307,1.788909604769814e-22,0.07980973353609648,0.0005593767460661818,0.9196308897178376,25,30,20
31,1308,1.6946902728980124e-22,0.07999983313053201,0.00020705218191240042,0.9197931146875559,25,30,20
31,1309,8.512808695694487e-24,0.07999962657380494,1.1292538337665107e-05,0.9199890808878576,25,30,20
31,1310,3.8587181826155193e-19,0.06376221129344613,0.016243416799464536,0.9199943719070894,25,30,20
31,1311,3.8586831622092845e-19,0.06376257913231652,0.0162430083391181,0.9199944125285654,25,30,20
31,1312,1.5462544078165994e-25,0.07999978702929296,1.4587098324401397e-05,0.9199856258723829,25,30,20
31,1313,1.7326446539833938e-22,0.07999993909106823,0.00015756639432083753,0.9198424945146109,25,30,20
31,1314,1.7279863682131429e-22,0.0799968063134559,0.0001604219026687324,0.9198427717838753,25,30,20
31,1315,3.591421866375576e-24,0.07176491648453495,0.008537594676224823,0.9196974888392403,25,30,20
31,1316,8.249954657805262e-22,0.07999680502934833,0.000465684457956893,0.9195375105126946,25,30,20
31,1317,6.466097046713105e-26,0.07999680502934803,1.1443736377992416e-05,0.9199917512342739,25,30,20
31,1318,5.65525792209061e-22,0.0799967539847688,3.7721363610914147e-06,0.91999947387887,25,30,20
31,1319,8.932888580379586e-27,0.07947982018514682,0.0005205390520576462,0.9199996407627954,25,30,20
31,1320,3.086024082401112e-25,0.07999999794723824,3.3498578312184486e-07,0.9199996670669788,25,30,20
31,1321,8.657668997516488e-24,0.07999983678072814,8.637202351416776e-06,0.9199915260169205,25,30,20
31,1322,1.1644664237575609e-23,0.07999999901320774,0.0004543475875836395,0.9195456533992086,25,30,20
31,1323,4.934166494995226e-22,0.07998807124348012,2.2413946630423297e-05,0.9199895148098896,25,30,20
31,1324,1.788568069801076e-22,0.07999999863693534,8.077224160264595e-06,0.9199919241389043,25,30,20
31,1325,1.7026616786735682e-22,0.07998807217561629,2.0418584581220457e-05,0.9199915092398026,25,30,20
31,1326,1.7871352986629102e-22,0.07999999219220005,4.093305967546847e-06,0.9199959145018323,25,30,20
31,1327,1.5649191131403017e-18,0.07999075098780127,1.3659923577523857e-05,0.9199955890886211,25,30,20
31,1328,1.5645410971498138e-18,0.07999999405472785,2.8490193859361215e-05,0.9199715157514128,25,30,20
31,1329,2.745172794086587e-20,0.07999978602519825,8.567224538620368e-06,0.9199916467502631,25,30,20
31,1330,1.8071231233427065e-22,0.0797665347208763,0.0004428508883046182,0.9197906143908193,25,30,20
31,1331,4.561544691679072e-25,0.0799907559474734,0.007452309298355737,0.9125569347541708,25,30,20
31,1332,4.847671746250974e-22,0.07999680637639517,0.00022267289453370632,0.919780520729071,25,30,20
31,1333,4.8196846532651265e-22,0.07999680632736235,0.00021091977530951795,0.9197922738973281,25,30,20
31,1334,5.537540446395589e-19,0.07999983773489663,2.7407283106765543e-05,0.9199727549819964,25,30,20
31,1335,4.817275039479198e-22,0.07947976513892965,0.0005527418846588334,0.9199674929764116,25,30,20
31,1336,2.315787615961876e-18,0.06978063739956561,0.010228707367519968,0.9199906552329143,25,30,20
31,1337,2.3157873735615278e-18,0.0697806373995653,0.010225260974842417,0.9199941016255921,25,30,20
31,1338,1.1438005993675993e-23,0.07998807351182802,2.0382100545018436e-05,0.919991544387627,25,30,20
31,1339,9.60832998799663e-21,0.07999680631008091,0.00045529668792420144,0.9195478970019948,25,30,20
31,1340,9.60833390406148e-21,0.0799926932278995,0.000451665174544446,0.919555641597556,25,30,20
31,1341,2.8530620635650284e-25,0.079996809016455,1.1370164704955703e-05,0.9199918208188403,25,30,20
31,1342,2.0035277879791174e-22,0.07999668175268758,0.0002025798738185495,0.9198007383734942,25,30,20
31,1343,1.026219707427156e-23,0.0799966476720422,4.14072904989564e-06,0.9199992115989079,25,30,20
31,1344,1.0227449636923916e-23,0.07999967539496448,2.1634825071492925e-05,0.919978689779964,25,30,20
31,1345,1.0080274117769542e-23,0.07999660068660956,4.056003273381468e-06,0.9199993433101173,25,30,20
31,1346,7.683757449785158e-22,0.0799894542435117,1.1145658648809913e-05,0.9199994000978394,25,30,20
31,1347,1.0498567337923563e-21,0.0799896653482033,1.0807676764119966e-05,0.9199995269750327,25,30,20
31,1348,1.0696537051741924e-21,0.0799896653482033,0.00035472372737484605,0.9196556109244217,25,30,20
31,1349,2.2824283193584923e-23,0.07999999430512704,0.0007636001693961084,0.9192364055254767,25,30,20
31,1350,8.507886350055387e-24,0.07999992493711111,0.0005906892193189914,0.9194093858435702,25,30,20
31,1351,3.0531410289879854e-24,0.07999572192421812,0.00037141881827163853,0.9196328592575107,25,30,20
31,1352,8.458956458466084e-24,0.07999962840146527,0.00019261907504797068,0.9198077525234867,25,30,20
31,1353,7.349982785287587e-27,0.07999978532241628,1.438209443867372e-05,0.9199858325831449,25,30,20
31,1354,1.7031738039397546e-22,0.07999566839453028,4.524685106375701e-06,0.9199998069203633,25,30,20
31,1355,1.5436941438994686e-25,0.07999639143547427,6.565612108118505e-06,0.9199970429524178,25,30,20
31,1356,2.598849974483114e-25,0.07999983404275651,6.777847871011501e-06,0.9199933881093725,25,30,20
31,1357,4.376152213526255e-25,0.041994257613742175,0.03846044249118539,0.9195452998950722,25,30,20
31,1358,9.978568371540058e-20,0.03999075590438116,0.040012085851956244,0.9199971582436625,25,30,20
31,1359,4.818054780918636e-22,0.04002816773408536,0.03997471211224269,0.9199971201536716,25,30,20
31,1360,1.0474587934628566e-21,0.040037246752151215,0.04017539342051786,0.919787359827331,25,30,20
31,1361,1.77727757510159e-21,0.03999983793182412,0.04932534041783532,0.9106748216503407,25,30,20
31,1362,9.97855475324864e-20,0.039999837928340574,0.04001618409161587,0.9199839779800437,25,30,20
31,1363,2.4265282099259264e-20,0.07010281791174652,0.009917062529829969,0.9199801195584236,25,30,20
31,1364,3.20920180128388e-24,0.07999999614842622,0.0005817250181762,0.9194182788333979,25,30,20
31,1365,1.6918760085533207e-25,0.07999999614842622,6.866214750898214e-07,0.919999317230099,25,30,20
31,1366,1.2080935714495704e-23,0.07999588129606615,0.007238155299350065,0.9127659634045838,25,30,20
31,1367,3.784909859437365e-22,0.0794798164501485,0.009385583857078989,0.9111345996927726,25,30,20
31,1368,3.750818259414417e-22,0.07999978335658171,0.008866444453397973,0.9111337721900205,25,30,20
31,1369,3.1363064643413343e-24,0.07933135475725941,0.0008674802899662417,0.9198011649527745,25,30,20
31,1370,4.8469851657131425e-22,0.07999992766895554,0.00020595979059497046,0.9197941125404493,25,30,20
31,1371,9.149504053473984e-24,0.0799999239848119,0.0004116072464568089,0.9195884687687312,25,30,20
31,1372,3.033778959762593e-24,0.07999680264141623,0.00041669383197969205,0.919586503526604,25,30,20
31,1373,1.7023118547167406e-22,0.0799968034663414,3.093297564322754e-05,0.9199722635580154,25,30,20
31,1374,3.7870337103413772e-22,0.07999987053184632,0.00023446161029009062,0.9197656678578635,25,30,20
31,1375,8.599315016633787e-24,0.0799999439012895,1.5713995778169218e-05,0.9199843421029326,25,30,20
31,1376,8.653421510749679e-24,0.07999999986881724,5.867034562837524e-06,0.9199941330966201,25,30,20
31,1377,8.506286092981057e-24,0.07999999491480395,5.795303953113343e-06,0.9199942097812429,25,30,20
31,1378,3.7319746301551293e-20,0.07999999982003514,0.0001700788549757315,0.9198299213249891,25,30,20
31,1379,2.7448315840081606e-20,0.07999978690107362,6.197416810890886e-06,0.9199940156821157,25,30,20
31,1380,3.141855563657481e-24,0.07999999340807305,8.387842375685278e-06,0.9199916187495514,25,30,20
31,1381,1.5455336620521298e-25,0.07999999345769748,6.438459848236408e-06,0.9199935680824544,25,30,20
31,1382,3.302634544592425e-24,0.07999967552337196,0.00016438672065856397,0.9198359377559694,25,30,20
31,1383,3.2036917179536155e-24,0.07999998779048538,6.493158060985088e-06,0.9199935190514537,25,30,20
31,1384,3.198765373021462e-24,0.07998806332618229,3.355533209264708e-05,0.9199783813417252,25,30,20
31,1385,1.8964135819120854e-22,0.07176810604099736,0.008252923960708997,0.9199789699982936,25,30,20
31,1386,1.690349966761219e-23,0.07947662834023372,0.000688479705485706,0.9198348919542808,25,30,20
31,1387,8.68653012019607e-24,0.07976355307529903,0.0002393298143220081,0.9199971171103793,25,30,20
31,1388,4.969917513523189e-22,0.07976674289688189,0.0003930732358485996,0.9198401838672696,25,30,20
31,1389,1.3580485416085013e-23,0.07999691417033863,3.2792153056539673e-06,0.9199998066143555,25,30,20
31,1390,2.792295852334939e-20,0.07999978694852394,0.000608879141118144,0.9193913339103578,25,30,20
31,1391,4.848888460357174e-22,0.07999979068176065,0.00015522224791157348,0.9198449870703278,25,30,20
31,1392,2.1013832409144317e-25,0.0799968035136984,7.404275490310832e-06,0.9199957922108113,25,30,20
31,1393,9.702323410154029e-21,0.07999978647502315,0.00021699758645723818,0.9197832159385199,25,30,20
31,1394,1.218941420111046e-25,0.07999999850436966,4.221857590949762e-06,0.9199957796380397,25,30,20
31,1395,3.0526633518220098e-24,0.07933135469397762,0.0006692347086440127,0.9199994105973787,25,30,20
31,1396,6.156606474151673e-26,0.07933135474387386,0.0006688018272527975,0.9199998434288734,25,30,20
31,1397,1.0645174580936866e-21,0.060314693998045794,0.019702879686841156,0.9199824263151128,25,30,20
31,1398,6.602729558518459e-22,0.07999978697915433,2.320181550013882e-05,0.9199770112053457,25,30,20
31,1399,2.7618472976126127e-20,0.07999979058662886,8.746294394902117e-06,0.9199914631189762,25,30,20
31,1400,8.917884749272214e-17,0.07999979058662918,0.0007340106591067346,0.9192661987542639,25,30,20
31,1401,8.917869449243402e-17,0.07999979058761746,0.0002034367846423165,0.9197967726277403,25,30,20
31,1402,8.917885595848918e-17,0.07999994143056091,9.592561778446716e-06,0.9199904660076607,25,30,20
31,1403,8.45550571673495e-24,0.07999075221316346,0.00022134662373242474,0.9197879011631042,25,30,20
31,1404,1.8189121423168238e-25,0.07999588047314558,0.007439546228794787,0.9125645732980598,25,30,20
31,1405,1.0185920364851929e-20,0.07999588411035038,0.00021151727647029825,0.9197925986131793,25,30,20
31,1406,1.0189265796898393e-20,0.07999075222677061,0.0004065950828103721,0.9196026526904191,25,30,20
31,1407,2.7611034796290095e-20,0.07999075305358237,0.00019245041957142005,0.919816796526846,25,30,20
31,1408,1.6976423703298325e-22,0.07999978774104057,0.00016321916967108535,0.9198369930892883,25,30,20
31,1409,9.092882085308259e-24,0.07998801830037562,0.0003199013933080039,0.9196920803063164,25,30,20
31,1410,1.168010215418112e-23,0.07998806693310302,0.0003225851863913605,0.9196893478805055,25,30,20
31,1411,8.506489520239424e-24,0.07999998882811513,8.345372856262018e-06,0.9199916657990286,25,30,20
31,1412,1.1646025717696047e-23,0.07999983126790038,8.646680016503856e-06,0.919991522052083,25,30,20
31,1413,8.661730368000913e-24,0.07999588411045991,2.1792644387486317e-05,0.9199823232451527,25,30,20
31,1414,6.468760505457039e-19,0.07923417107013812,0.0007871314931100858,0.9199786974367519,25,30,20
31,1415,6.371822349397567e-19,0.07923417107012101,0.0015392056193122658,0.919226623310567,25,30,20
31,1416,6.373470751672949e-19,0.07923828684411346,0.0013364527813222145,0.9194252603745645,25,30,20
31,1417,3.188772903076016e-24,0.0799998377204048,0.0005717088245006461,0.9194284534550945,25,30,20
31,1418,1.5364820638756928e-23,0.06605660530572743,0.013944268717169075,0.9199991259771035,25,30,20
31,1419,3.140514004834494e-24,0.0799907558992257,2.0110734074664345e-05,0.9199891333666996,25,30,20
31,1420,3.1409024430727543e-24,0.07998791128407029,1.2774172540934582e-05,0.9199993145433887,25,30,20
31,1421,8.803160039726369e-24,0.07998791128505249,0.0004565311535568928,0.9195555575613905,25,30,20
31,1422,9.70300652429337e-21,0.07999960334204496,0.00045177382665357446,0.9195486228313016,25,30,20
31,1423,9.701334550815924e-21,0.07999983404765193,0.0004659999554819795,0.9195341659968663,25,30,20
31,1424,4.192936803955406e-20,0.07999571910113015,0.0076929944353590855,0.9123112864635107,25,30,20
31,1425,1.7050268997977023e-22,0.079990699894704,0.0004571069647293332,0.9195521931405666,25,30,20
31,1426,6.5188882746394345e-22,0.07998807213431189,2.5986927103124517e-05,0.919985940938585,25,30,20
31,1427,6.52454881765035e-22,0.07999059367108498,0.00021998399080099692,0.919789422338114,25,30,20
31,1428,4.818686020836905e-22,0.07999978697850875,2.4714066006268682e-05,0.9199754989554851,25,30,20
31,1429,6.550683542504141e-22,0.07999999258998411,1.9036594113890732e-05,0.919980970815902,25,30,20
31,1430,1.8558330423676708e-22,0.07999993662206609,1.204595235902142e-05,0.919988017425575,25,30,20
31,1431,8.3948529514236e-24,0.0799999366220658,0.018549357272913757,0.9014507061050203,25,30,20
31,1432,3.672870967953815e-24,0.07998801381044479,0.00045611504600401727,0.9195558711435513,25,30,20
31,1433,3.155678590490999e-24,0.079995671241289,0.0011467749543076964,0.9188575538044035,25,30,20
31,1434,2.744965375358999e-20,0.0799956711768897,0.0010223462173416964,0.9189819826057686,25,30,20
31,1435,2.8011840109415016e-20,0.07999983032095333,0.0010176370727438273,0.918982532606303,25,30,20
31,1436,3.1055647660981232e-24,0.07999999334564381,6.710115062554934e-07,0.9199993356428499,25,30,20
31,1437,9.927665628297972e-24,0.07999983355973996,0.00045411690796498034,0.919546049532295,25,30,20
31,1438,1.5619423046269254e-19,0.07999969329409345,0.040006575861794416,0.8799937308441121,25,30,20
31,1439,1.451201757681879e-16,0.07999969329866545,0.03994420119626562,0.8800561055050687,25,30,20
31,1440,2.379063981963252e-13,0.07999994037679817,0.039983136684631056,0.8800169229383329,25,30,20
31,1441,3.554771338691992e-15,0.07933129877335754,0.01270293626925645,0.9079657649573825,25,30,20
31,1442,3.554781047094016e-15,0.0799999410224287,0.012040895698163865,0.9079591632794037,25,30,20
31,1443,3.5547815186680954e-15,0.07999979058101458,0.012041186337521539,0.9079590230814603,25,30,20
31,1444,3.7627517894965975e-20,0.07975749998706501,0.00046480245288182476,0.9197776975600531,25,30,20
31,1445,3.7638124448188005e-20,0.07976658077697063,0.0004190598822525697,0.9198143593407768,25,30,20
31,1446,8.624321918422912e-22,0.04134276636517589,0.038815351252279785,0.919841882382544,25,30,20
31,1447,7.018971832611202e-22,0.04004745113950356,0.04012638041691706,0.9198261684435792,25,30,20
31,1448,5.320075627710387e-22,0.040047451139503545,0.04012555911067737,0.919826989749819,25,30,20
31,1449,1.2876238311666592e-19,0.039999765573303224,0.0400187604222896,0.9199814740044073,25,30,20
31,1450,1.2876247169712694e-19,0.03999999715308105,0.0401661965562223,0.9198338062906967,25,30,20
31,1451,5.2021503921047575e-23,0.039331355074719056,0.040827104271101484,0.9198415406541794,25,30,20
31,1452,4.183080245612421e-16,0.03999999994806123,0.040017100023125814,0.9199829000288127,25,30,20
31,1453,4.18335378652739e-16,0.03999992773591918,0.0403100293152876,0.9196900429487929,25,30,20
31,1454,7.338742562651608e-18,0.03999994313808813,0.04057413500582857,0.9194259218560832,25,30,20
31,1455,7.338749603674492e-18,0.03997884556921915,0.04002152725076589,0.9199996271800149,25,30,20
31,1456,7.338742920352092e-18,0.0399998061034012,0.04114540083124388,0.9188547930653549,25,30,20
31,1457,4.5578834589690857e-20,0.04000085987386526,0.040574043668386156,0.9194250964577485,25,30,20
31,1458,1.1801003837132809e-12,0.04243403179684023,0.03776538344770824,0.9198005847542713,25,30,20
31,1459,1.719824746011899e-18,0.04000532461000098,0.0077094300086084245,0.9522852453813907,25,30,20
31,1460,1.1644509814293462e-23,0.03999681002719234,3.850421905482649e-06,0.9599993395509021,25,30,20
31,1461,8.65561475006615e-24,0.03999999708884855,1.050174579091607e-05,0.9599895011653606,25,30,20
31,1462,3.297724577852533e-24,0.03999999715213813,1.6551237712655347e-05,0.9599834516101494,25,30,20
31,1463,1.7075563459992334e-22,0.03999999715213813,2.4572991842246038e-05,0.9599754298560196,25,30,20
31,1464,2.6105809401036598e-25,0.03998807351472821,2.3124449455659296e-05,0.959988802035816,25,30,20
31,1465,2.1121240986157244e-25,0.03999999993382866,5.7944405725086e-06,0.9599942056255987,25,30,20
31,1466,3.152157352979958e-17,0.03999999993384609,1.5811533416998046e-05,0.9599841885327369,25,30,20
31,1467,3.15217523729079e-17,0.03999992778468437,1.3144547870110246e-05,0.9599869276674455,25,30,20
31,1468,3.514856289600462e-22,0.03999992778466725,0.0001572968282693659,0.9598427753870634,25,30,20
31,1469,1.9259376199105823e-22,0.03998807346565199,0.0003349447066167989,0.9596769818277311,25,30,20
31,1470,1.464501061446747e-23,0.03999999993357443,0.00016593261643297146,0.9598340674499926,25,30,20
31,1471,5.531505707669934e-19,0.03999979066266335,4.187713583670386e-06,0.959996021623753,25,30,20
31,1472,2.0605387748966776e-25,0.03999999627816095,4.645751174312914e-07,0.9599995391467216,25,30,20
31,1473,6.1775788412437086e-24,0.03999999348221296,1.869402117161399e-05,0.9599813124966152,25,30,20
31,1474,8.767728641429368e-24,0.03999582821254698,4.965590940962549e-06,0.959999206196512,25,30,20
31,1475,9.659007297190721e-24,0.039999787030228745,0.008644109759108858,0.9513561032106622,25,30,20
31,1476,6.028406435680646e-24,0.03999197841719126,0.01809650351397562,0.9419115180688331,25,30,20
31,1477,8.605588487940445e-24,0.03999999627777129,5.136022436008004e-07,0.9599994901199852,25,30,20
31,1478,8.830946214637279e-24,0.03999680999987718,0.0005782799209689151,0.9594249100791541,25,30,20
31,1479,1.5242952435933161e-22,0.03999680999987749,0.008955020012362121,0.9510481699877604,25,30,20
31,1480,3.1428871751289053e-22,0.03999680999987748,0.008955900985154787,0.9510472890149678,25,30,20
31,1481,2.7619626437420175e-20,0.039999996278161185,0.0004587898001912712,0.9595412139216474,25,30,20
31,1482,1.7890455388076895e-22,0.039999996278161185,4.293209867454901e-06,0.9599957105119712,25,30,20
31,1483,3.0264886584797993e-25,0.03999075595062506,0.00020860504385210917,0.9598006390055227,25,30,20
31,1484,3.1644918245499585e-24,0.03999978878793397,6.477479122183783e-07,0.9599995634641537,25,30,20
31,1485,3.1648205343944374e-24,0.03999978878795139,8.737341062255539e-07,0.9599993374779422,25,30,20
31,1486,6.129716379844937e-24,0.03999999710310416,9.299804938698068e-07,0.9599990729164019,25,30,20
31,1487,2.744648386600342e-20,0.03999999710308704,1.527497648394615e-05,0.9599847279204292,25,30,20
31,1488,2.745208918169773e-20,0.03999999868202595,2.1523659575637184e-05,0.9599784776583984,25,30,20
31,1489,5.490002055367386e-20,0.03999999994878765,0.0005843564420650621,0.9594156436091471,25,30,20
31,1490,3.4672827806356894e-22,0.03999999994880421,0.0005835732038862261,0.9594164268473093,25,30,20
31,1491,8.660120491389295e-24,0.03999999895280106,0.000165005234530756,0.9598349958126683,25,30,20
31,1492,1.7026343947203727e-22,0.03999999895280106,0.0007367337296786538,0.9592632673175203,25,30,20
31,1493,4.876803614325412e-22,0.03999999895280106,0.0007472794631051718,0.9592527215840938,25,30,20
31,1494,3.1950875239109904e-24,0.03999999895280106,2.4381814554434004e-05,0.9599756192326447,25,30,20
31,1495,4.875755487734634e-22,0.03998807345117264,2.3003597086124077e-05,0.9599889229517412,25,30,20
31,1496,9.686008492516757e-24,0.03999588316358426,1.830135916586297e-05,0.9599858154772498,25,30,20
31,1497,9.538455929422671e-24,0.03999588316358457,8.268763104262692e-06,0.9599958480733112,25,30,20
31,1498,6.034971359637741e-24,0.03999999873133125,1.1974491764261852e-05,0.9599880267769046,25,30,20
31,1499,1.1503233132819989e-23,0.039999998731330935,1.1906892727127123e-05,0.9599880943759422,25,30,20
31,1500,8.759669173036468e-24,0.03999999866092924,2.6547346290430106e-05,0.9599734539927803,25,30,20
31,1501,3.552215965014848e-25,0.03999999721010912,0.00015832504581526002,0.9598416777440755,25,30,20
31,1502,1.705479999420781e-22,0.03999999711904757,0.00015486021396582354,0.959845142666987,25,30,20
31,1503,1.7036673341428558e-22,0.0399999958860975,4.905111383220267e-07,0.9599995136027643,25,30,20
31,1504,6.665373539473968e-22,0.039988073515265975,0.00020854583541102248,0.959803380649323,25,30,20
31,1505,8.505399148607478e-24,0.03998807351526535,0.0005836307787765749,0.9594282957059582,25,30,20
31,1506,2.9897591010225093e-24,0.03999999626365387,0.0005714077972939402,0.9594285959390522,25,30,20
31,1507,1.8474341487873133e-22,0.039999997089694844,1.4005289302700659e-05,0.9599859976210027,25,30,20
31,1508,4.875832343856295e-22,0.03999999994781238,1.4142244852897153e-05,0.9599858578073348,25,30,20
31,1509,4.9139303890524e-22,0.039999837723436384,0.00015958528353160446,0.959840576993032,25,30,20
31,1510,1.7061072476512555e-22,0.03999983772242591,0.00017110784844645178,0.9598290544291277,25,30,20
31,1511,6.552948911063454e-22,0.03999999586999456,0.0007291815222210947,0.9592708226077843,25,30,20
31,1512,1.7355249798245537e-22,0.03933135475910479,0.0011291430342521562,0.9595395022066431,25,30,20
31,1513,1.0362212886737527e-20,0.039331354759104785,0.0007035461658411092,0.959965099075054,25,30,20
31,1514,1.7037221296754191e-22,0.03933135475910448,0.0006826879439302665,0.9599859572969652,25,30,20
31,1515,2.3976348454923832e-14,0.03933135475910737,0.0406878308007578,0.9199808144401108,25,30,20
31,1516,1.478451823093419e-16,0.0393313547592039,0.040678637887083785,0.919990007353712,25,30,20
31,1517,1.4784540645367855e-16,0.03999999715309435,0.04863613486381199,0.9113638679830934,25,30,20
31,1518,1.3602349704899576e-18,0.03999983791908725,0.039990834588009574,0.920009327492903,25,30,20
31,1519,2.4359622522451952e-21,0.03999983765810819,0.03999942090128942,0.9200007414406022,25,30,20
31,1520,4.057374878671423e-19,0.039999999973861014,0.012059415769537382,0.9479405842566017,25,30,20
31,1521,6.49399930908653e-19,0.03999047684830953,2.0501942030533206e-05,0.9599890212096599,25,30,20
31,1522,6.494167855345325e-19,0.03999047684834438,2.6621206861632073e-05,0.9599829019447941,25,30,20
31,1523,8.85224321756566e-24,0.039999997089722295,6.839413628137788e-06,0.9599931634966496,25,30,20
31,1524,2.5766104785684855e-25,0.039999996326822405,6.932642953901961e-07,0.9599993104088824,25,30,20
31,1525,3.2661062659280025e-24,0.03999999713190218,0.00030261975928428243,0.9596973831088137,25,30,20
31,1526,4.818410298828188e-22,0.0399968099776736,0.00045355465848698743,0.9595496353638395,25,30,20
31,1527,2.3620118584752363e-25,0.0399968099776736,2.9301964306875015e-05,0.9599738880580194,25,30,20
31,1528,1.0190762869910476e-20,0.03947981750976722,0.0007019660790997333,0.9598182164111334,25,30,20
31,1529,2.0306288468860968e-20,0.03999999999799388,0.0003224104419915605,0.9596775895600145,25,30,20
31,1530,4.900257272955177e-22,0.03999999994893988,0.0005743160553035493,0.9594256839957565,25,30,20
31,1531,3.5950531834740035e-25,0.039999999948922456,0.00035344074875117234,0.9596465593023263,25,30,20
31,1532,2.1569939085579168e-25,0.039999997153248465,4.31145681620977e-06,0.9599956913899353,25,30,20
31,1533,3.1415988983389643e-24,0.03999994398164875,1.4135084727191186e-05,0.9599859209336242,25,30,20
31,1534,3.583251181087323e-24,0.039995883227962194,2.5303419106384663e-05,0.9599788133529316,25,30,20
31,1535,2.744863631995311e-20,0.03999999994878704,0.00016578299984269055,0.9598342170513705,25,30,20
31,1536,5.507255962382188e-20,0.03999999994878704,4.069679392967612e-06,0.9599959303718201,25,30,20
31,1537,2.8106097027965793e-20,0.039999999948787356,7.683083260697926e-06,0.9599923169679517,25,30,20
31,1538,9.015883131193015e-24,0.03999999994878764,1.0486951141421108e-05,0.959989513100071,25,30,20
31,1539,4.9056458841395175e-22,0.03999999988563814,2.078079607737353e-05,0.9599792193182844,25,30,20
31,1540,2.74518980840138e-20,0.039999999885638134,6.569049709463501e-06,0.9599934310646526,25,30,20
31,1541,8.64922092812148e-24,0.039999999885637835,0.00045358207051000626,0.9595464180438527,25,30,20
31,1542,8.451814031265813e-24,0.03999979070123991,0.015607581400409328,0.944392627898351,25,30,20
31,1543,1.1551598592270792e-23,0.039999998688008465,0.008879528791945458,0.9511204725200462,25,30,20
31,1544,9.712367780755278e-21,0.0399999986890016,0.008876698933957768,0.9511233023770407,25,30,20
31,1545,8.556704669574945e-24,0.03999999991747846,2.353198550612019e-05,0.9599764680970151,25,30,20
31,1546,8.531990125490995e-24,0.039999999917478046,0.0142880170173064,0.9457119830652158,25,30,20
31,1547,4.845413339156791e-22,0.03999999991747785,4.893781620668506e-07,0.9599995107043603,25,30,20
31,1548,9.59216310621991e-22,0.039999790701245604,0.0007805393912958207,0.9592196699074588,25,30,20
31,1549,6.034367220453432e-24,0.039999790701245604,0.00037752154326263694,0.9596226877554919,25,30,20
31,1550,1.735902992750388e-22,0.03999979070126254,0.0006226987099465837,0.9593775105887907,25,30,20
31,1551,1.8095615757778466e-22,0.03999979070127208,0.01925281325344814,0.9407473960452798,25,30,20
31,1552,9.70379730878297e-21,0.03999979070126285,0.0005964251733287039,0.9594037841254084,25,30,20
31,1553,1.1443993625036065e-23,0.039999790701245604,4.100845332661386e-06,0.9599961084534216,25,30,20
31,1554,2.6877231740073794e-23,0.03999983493986974,1.4240617853849525e-05,0.9599859244422764,25,30,20
31,1555,1.1463713154530318e-23,0.03999983651994555,0.0003963513179850199,0.9596038121620694,25,30,20
31,1556,8.766647825321418e-24,0.03999999624644265,2.7882609691281306e-05,0.959972121143866,25,30,20
31,1557,1.7715259334387107e-25,0.03999983770021946,0.00017531007780240953,0.9598248522219782,25,30,20
31,1558,1.7035592319130158e-22,0.03999983770021944,0.00015819331989848712,0.9598419689798822,25,30,20
31,1559,9.706923374631522e-21,0.0399999998703028,0.0002111175195392984,0.9597888826101577,25,30,20
31,1560,2.109461071669013e-25,0.03999978785628661,2.4552290077242057e-05,0.9599756598536361,25,30,20
31,1561,1.733031564207434e-22,0.039999998994974154,0.00020914154407050548,0.9597908594609555,25,30,20
31,1562,1.706113029406172e-22,0.03999999899497416,0.00020980141455643377,0.9597901995904694,25,30,20
31,1563,1.7046095037095775e-22,0.039999998994974154,0.00022091681099306278,0.9597790841940325,25,30,20
31,1564,4.3068335007038804e-19,0.03999999899574748,0.00889089273289326,0.9511091082713591,25,30,20
31,1565,3.268560964249523e-24,0.039999997082007716,3.184792062411935e-05,0.9599681549973682,25,30,20
31,1566,2.85995740925931e-25,0.039999997081990285,5.523234902002164e-07,0.9599994505945193,25,30,20
31,1567,6.975748679148361e-26,0.03999999768676013,1.047402511963427e-06,0.9599989549107277,25,30,20
31,1568,3.240985690811896e-16,0.04000000941436441,0.040016109241003045,0.9199838813446324,25,30,20
31,1569,2.010954453770226e-18,0.039999996327814764,0.04000079228985293,0.9199992113823324,25,30,20
31,1570,1.7649587113083146e-21,0.04000050637337204,0.04000747270734851,0.9199920209192797,25,30,20
31,1571,3.58625337838332e-24,0.0399998379701999,0.03995627075737654,0.9200438912724235,25,30,20
31,1572,2.118723361375439e-11,0.03999994118571375,0.040423039317299576,0.9195770194757995,25,30,20
31,1573,2.118723361374538e-11,0.03999994382925864,0.04718752294143982,0.9128125332081144,25,30,20
31,1574,3.2421242731967164e-15,0.04000000005095514,0.04002633627764108,0.9199736636714004,25,30,20
31,1575,3.2376179739267705e-18,0.039990756156090136,0.04867054478047396,0.911338699063436,25,30,20
31,1576,1.1468752461936039e-16,0.03999076767735282,0.0400227320697618,0.9199865002528854,25,30,20
31,1577,2.012673065284749e-18,0.03999999992697097,0.040010956661544965,0.919989043411484,25,30,20
31,1578,2.0126818136947982e-18,0.039999994308289356,0.0400085147468574,0.9199914909448532,25,30,20
31,1579,1.0034616316317467e-19,0.03999999451396998,0.04001545094076192,0.9199845545452681,25,30,20
31,1580,1.1983925920356202e-21,0.03999999430834936,0.0399651376398639,0.9200348680517867,25,30,20
31,1581,1.786369369273811e-14,0.03999993545408047,0.04001047757518328,0.9199895869707183,25,30,20
31,1582,1.7863140561593797e-14,0.03999984905482657,0.0400106987620198,0.9199894521831357,25,30,20
31,1583,1.7863140552945966e-14,0.039999849054826266,0.04000932776746611,0.91999082317769,25,30,20
31,1584,1.0473278890482977e-23,0.039999849446177314,0.0400135501979758,0.919986600355847,25,30,20
31,1585,6.736811035963984e-24,0.04000001035021993,0.04017802153430474,0.9198219681154753,25,30,20
31,1586,7.020365398491326e-25,0.040000006039754094,0.04015487244403508,0.9198451215162109,25,30,20
31,1587,5.20534135235491e-10,0.04001639473337813,0.040141229477622054,0.9198423752684657,25,30,20
31,1588,1.1410053571921933e-16,0.0399999971562184,0.04016530956699259,0.9198346932767888,25,30,20
31,1589,1.141005358649252e-16,0.03999075310780429,0.040184511130911996,0.9198247357612837,25,30,20
31,1590,1.8587987807856536e-14,0.040000668415627966,0.04015450950666964,0.9198448220776838,25,30,20
31,1591,6.249402483194172e-21,0.03999979070098715,0.014847977944383133,0.9451522313546298,25,30,20
31,1592,2.0202361299801092e-27,0.03999999987028507,0.0005744699812340568,0.959425530148481,25,30,20
31,1593,9.566082473101288e-21,0.039999837721587155,0.0005789258650449291,0.9594212364133682,25,30,20
31,1594,3.373368010686333e-23,0.039999940360641036,0.0007773359168559747,0.9592227237225031,25,30,20
31,1595,1.1546981913400285e-23,0.039999837722463266,0.0003233167261023837,0.9596768455514344,25,30,20
31,1596,2.036704178686563e-23,0.03947981993233162,0.0005311146091849264,0.9599890654584836,25,30,20
31,1597,1.5104238386456853e-25,0.039996810032589446,1.1616636069329259e-05,0.9599915733313411,25,30,20
31,1598,1.0021617884200002e-23,0.039809812733170385,0.00019092941955649377,0.9599992578472731,25,30,20
31,1599,1.7354387470611087e-22,0.03999999534616276,0.007675806105171094,0.9523241985486662,25,30,20
31,1600,4.792562186359013e-22,0.039999995346163074,0.008135124254658944,0.9518648803991779,25,30,20
31,1601,3.223461093111522e-20,0.03999589393354844,0.00046945646693013804,0.9595346495995214,25,30,20
31,1602,9.704456149817183e-21,0.039999790667414166,1.3733654622973127e-05,0.9599864756779628,25,30,20
31,1603,7.131329140073254e-26,0.03999979066741416,0.00020208271886246692,0.9597981266137233,25,30,20
31,1604,3.193884920455754e-24,0.039999999949176926,8.48638214759448e-06,0.9599915136686755,25,30,20
31,1605,3.550606859887205e-25,0.03999999994917662,6.129902929972131e-06,0.9599938701478932,25,30,20
31,1606,3.595013640285442e-25,0.03999999994917663,8.394697915773182e-06,0.9599916053529073,25,30,20
31,1607,4.506953098464361e-25,0.03999999994917662,0.007038541174552082,0.9529614588762714,25,30,20
31,1608,8.959439563823385e-24,0.03999660078125298,0.007044425305125623,0.9529589739136215,25,30,20
31,1609,4.933859385533846e-22,0.03999979070123877,1.1939270943391472e-05,0.959988270027818,25,30,20
31,1610,6.522069731583964e-22,0.03999999994892714,3.530608871770717e-06,0.9599964694422012,25,30,20
31,1611,3.5258440403189567e-25,0.03999999994892714,3.3748857629632576e-06,0.9599966251653097,25,30,20
31,1612,3.283411833527181e-24,0.03999999994892683,6.651333819970238e-07,0.9599993349176912,25,30,20
31,1613,4.9333949178095365e-22,0.03999999999686411,1.359104431786568e-05,0.959986408958818,25,30,20
31,1614,6.21710171761932e-26,0.039999999996863496,5.233272742101452e-07,0.9599994766758622,25,30,20
31,1615,6.086776955836523e-24,0.0399999999968635,8.076908664778138e-06,0.9599919230944718,25,30,20
31,1616,8.565596781092352e-24,0.039999999933574726,1.6095599290331394e-05,0.9599839044671349,25,30,20
31,1617,2.7451284635696294e-20,0.03999999632775174,0.018105860693858677,0.9418941429783898,25,30,20
31,1618,2.7445964352835914e-20,0.039999996327751745,0.01809349706815148,0.941906506604097,25,30,20
31,1619,6.7753698960850015e-25,0.03999075593339009,1.3313376568492015e-05,0.9599959306900415,25,30,20
31,1620,4.850363872049229e-22,0.03999075593339039,4.029262043006756e-05,0.9599689514461793,25,30,20
31,1621,1.5901264728278146e-25,0.03999999901693176,0.00020867472755017506,0.959791326255518,25,30,20
31,1622,2.735124863459262e-20,0.03999983778764402,0.007689479015707168,0.9523106831966486,25,30,20
31,1623,3.192240030450791e-24,0.039999999949194044,0.0003110416267215738,0.9596889584240842,25,30,20
31,1624,5.657614096733364e-22,0.039999734683596314,0.009019564796431066,0.9509807005199726,25,30,20
31,1625,6.232848734712608e-24,0.039999998903749695,0.00035326968399489926,0.9596467314122554,25,30,20
31,1626,1.7061505854036592e-22,0.03999999501124425,0.00015463099151792292,0.9598453739972378,25,30,20
31,1627,1.7066731605106225e-22,0.03999999501124456,8.14733888389723e-06,0.9599918576498716,25,30,20
31,1628,1.789676766832634e-22,0.039999995011261426,0.0005710790113756699,0.9594289259773628,25,30,20
31,1629,1.7896267548744246e-22,0.03999999501126143,0.0005838838416693218,0.9594161211470695,25,30,20
31,1630,1.8189986218836952e-22,0.03999999501124425,2.6576229475032744e-05,0.9599734287592808,25,30,20
31,1631,1.901293123694832e-22,0.03999075595061792,0.00032777650119605916,0.9596814675481861,25,30,20
31,1632,1.1431897828928826e-23,0.03999999708972473,0.00031866525529193504,0.9596813376549833,25,30,20
31,1633,1.7103520506728277e-23,0.039996806377080245,0.00031489539715338536,0.9596882982257665,25,30,20
31,1634,2.5614755039046692e-23,0.039996806378068184,0.0007198572601669642,0.9592833363617649,25,30,20
31,1635,1.690246599651552e-23,0.03999999708970516,0.0005020610806240341,0.9594979418296713,25,30,20
31,1636,8.659526786851722e-24,0.03999999708970547,0.00021096447672732679,0.9597890384335672,25,30,20
31,1637,1.1926188955269781e-25,0.03933135474534773,0.0008678756419595636,0.9598007696126927,25,30,20
31,1638,4.900602242179234e-22,0.03933135474534744,0.0006744259327001482,0.9599942193219525,25,30,20
31,1639,4.902617436291521e-22,0.03933135474534743,0.0006771089111080045,0.9599915363435446,25,30,20
31,1640,8.638061980182379e-24,0.03933135474534742,0.0008236443036358434,0.9598450009510168,25,30,20
31,1641,4.195682998462421e-25,0.03999999348221275,8.193768971445979e-06,0.959991812748816,25,30,20
31,1642,3.607863016255779e-25,0.03999999997600174,1.6294545899975055e-05,0.9599837054780985,25,30,20
31,1643,3.1406624675287207e-25,0.03999999617111065,9.770388852104035e-07,0.9599990267900043,25,30,20
31,1644,8.656535127605201e-24,0.03999999617111065,1.676247333964277e-05,0.9599832413555496,25,30,20
31,1645,1.0470837493763048e-21,0.039996808732463834,8.937173304686864e-06,0.9599942540942314,25,30,20
31,1646,1.0469356477071278e-21,0.039996808732463834,1.892682301742652e-05,0.9599842644445188,25,30,20
31,1647,5.655305359241029e-22,0.039996808732463834,2.4197114148483287e-05,0.9599789941533875,25,30,20
31,1648,2.136844849176181e-25,0.03999588136504261,1.5553664595762173e-05,0.9599885649703614,25,30,20
31,1649,3.1452905778467394e-24,0.03999999534530915,1.3630923067667971e-05,0.9599863737316232,25,30,20
31,1650,3.79605203460449e-25,0.039996754062677393,7.128646925111243e-06,0.9599961172903975,25,30,20
31,1651,8.62719916507097e-24,0.0399967540626774,1.4868252873483194e-05,0.9599883776844493,25,30,20
31,1652,1.6856941273847462e-23,0.03999999987114593,0.0004512293040835511,0.9595487708247706,25,30,20
31,1653,8.417480913182407e-24,0.039999999871145615,0.0006433184977394399,0.9593566816311152,25,30,20
31,1654,8.452298110856977e-24,0.03999999994892714,0.0006459134237760594,0.959354086627297,25,30,20
31,1655,3.2429952165434095e-24,0.03998807349837005,0.00022506648067178629,0.9597868600209583,25,30,20
31,1656,1.6994884365157004e-22,0.03999999994893981,0.007631215103483531,0.9523687849475767,25,30,20
31,1657,6.514939673540343e-22,0.03999999994893981,0.00016162533356410213,0.959838374717496,25,30,20
31,1658,8.917923006979175e-17,0.039999837785363174,0.0001730405135443371,0.9598271217010925,25,30,20
31,1659,8.917875017851074e-17,0.03999983778534575,0.0001992198247210727,0.9598009423899327,25,30,20
31,1660,1.1663744580363352e-23,0.039999834114947924,0.000779388161407987,0.959220777723644,25,30,20
31,1661,2.3381926333284634e-23,0.039999834115954654,0.00018212415481100877,0.9598180417292344,25,30,20
31,1662,5.018854489710985e-22,0.039996810049336834,0.000172739990323366,0.95983044996034,25,30,20
31,1663,3.1329043997707982e-24,0.03999075227993825,0.00016792095337163585,0.9598413267666903,25,30,20
31,1664,3.329806963915707e-24,0.03947982116917863,0.0008810272635968572,0.9596391515672245,25,30,20
31,1665,3.577715720206506e-25,0.03999999991821743,1.773238368893152e-05,0.9599822676980938,25,30,20
31,1666,3.152729505326044e-17,0.03999999991724142,0.00021263947710859946,0.9597873606056502,25,30,20
31,1667,1.3058245994381748e-23,0.039991816290188026,8.30127770432196e-06,0.9599998824321078,25,30,20
31,1668,3.345261094006034e-24,0.03999680637777542,0.00044756653488271276,0.9595556270873419,25,30,20
31,1669,6.476834295836138e-24,0.039999999948926834,0.00019964848953381084,0.9598003515615394,25,30,20
31,1670,9.707628115270063e-21,0.039999999948926834,0.00019935417320356055,0.9598006458778698,25,30,20
31,1671,9.707518475277724e-21,0.039999996310846456,1.040689712733893e-06,0.959998962999441,25,30,20
31,1672,9.717493030845342e-21,0.039999997080859974,3.275948604125878e-06,0.959996726970536,25,30,20
31,1673,3.716577069398193e-20,0.03999999708085998,9.224232796158442e-07,0.9599990804958606,25,30,20
31,1674,3.7165625985237735e-20,0.03999999708085998,0.00044458800059520015,0.959555414918545,25,30,20
31,1675,2.745122657337662e-20,0.039988073514690956,0.0004673872132741265,0.9595445392720349,25,30,20
31,1676,1.762035817948921e-22,0.03998807351469126,0.0004818706590092382,0.9595300558262992,25,30,20
31,1677,1.7343681105899002e-22,0.0399998377358082,1.881363749043381e-05,0.9599813486267016,25,30,20
31,1678,8.677748211266595e-24,0.0399998377358079,1.8863491602654308e-05,0.9599812987725894,25,30,20
31,1679,3.5268958071086053e-25,0.0399999934822281,1.852301992273274e-05,0.9599814834978493,25,30,20
31,1680,4.519730294889546e-25,0.039999998667787674,8.0841546674638e-06,0.9599919171775448,25,30,20
31,1681,5.052485474160682e-22,0.03999601754624879,1.9432735233845834e-05,0.9599845497185171,25,30,20
31,1682,5.062188608186677e-22,0.0394798211466836,0.0005433868078060628,0.9599767920455102,25,30,20
31,1683,4.849364417021516e-22,0.03999999632807487,1.806914257140977e-05,0.9599819345293537,25,30,20
31,1684,3.435877000515388e-22,0.03999999632805776,0.00022359134683501764,0.9597764123251074,25,30,20
31,1685,1.7323318272251842e-22,0.03999999632805776,0.00020269362381341644,0.959797310048129,25,30,20
31,1686,1.7876153026208038e-22,0.03999999632805745,7.5775028775080385e-06,0.9599924261690649,25,30,20
31,1687,4.817533223771486e-22,0.03999999992641372,3.003810442131631e-07,0.9599996996925421,25,30,20
31,1688,1.7628489685800004e-22,0.039999999926413725,4.722545372336522e-07,0.959999527819049,25,30,20
31,1689,3.1868956635576017e-20,0.039331353817956945,0.0006762421343066372,0.9599924040477364,25,30,20
31,1690,1.1297815542340018e-25,0.039999997153013424,7.632354368920309e-06,0.9599923704926178,25,30,20
31,1691,4.816750597616455e-22,0.03999983778573512,1.5369850988010624e-05,0.9599847923632769,25,30,20
31,1692,1.1737285094502243e-23,0.03999983778573512,0.00015503504790456848,0.9598451271663602,25,30,20
31,1693,5.490329857857204e-20,0.039995884160462916,0.0001796469364538873,0.9598244689030832,25,30,20
31,1694,2.744829487960545e-20,0.03999588416046262,2.2672001262059426e-05,0.9599814438382755,25,30,20
31,1695,3.1485928156088917e-24,0.03999588416046231,1.4770651417451979e-05,0.9599893451881202,25,30,20
31,1696,6.1355765345629424e-24,0.03999992494000593,1.4253696424599406e-05,0.9599858213635695,25,30,20
31,1697,9.659408908540441e-21,0.03999992494000624,0.0001995251852017266,0.9598005498747918,25,30,20
31,1698,1.9360812982659203e-20,0.03999588294322621,0.0002039214990448342,0.9598001955577291,25,30,20
31,1699,9.667654593702472e-21,0.0399999962781615,0.00019931842110516566,0.9598006853007334,25,30,20
31,1700,9.715882588645246e-21,0.0399999962781612,4.007756524027552e-07,0.9599996029461864,25,30,20
31,1701,5.70202214862428e-26,0.03999999627816089,0.0004467495629031054,0.959553254158936,25,30,20
31,1702,1.6012410170642547e-25,0.039999995346169596,0.00015450634093789185,0.9598454983128923,25,30,20
31,1703,3.166435303182703e-25,0.0399958813650783,4.775529269155189e-06,0.9599993431056524,25,30,20
31,1704,4.816039663631619e-22,0.0399999999346851,0.0001546910649220855,0.9598453090003928,25,30,20
31,1705,1.2090075231119327e-19,0.002618110379511231,0.03811565807193057,0.959266231548558,25,30,20
31,1706,2.3385336038238624e-14,4.824864199559352e-05,0.040541412679363606,0.9594103386786174,25,30,20
31,1707,4.834418018742867e-23,3.0659277716143862e-15,0.07702809242870112,0.922971907571296,25,30,20
31,1708,5.621565058046177e-22,2.655564971464405e-10,0.08016893935147236,0.9198310603829709,25,30,20
31,1709,8.248631123511604e-23,2.655564915955137e-10,0.0800073900990939,0.9199926096353497,25,30,20
31,1710,1.8139795476986045e-12,1.5125985426006788e-08,0.07996131224674477,0.9200386726254558,25,30,20
31,1711,2.8293652997985236e-20,1.5375546058142498e-08,0.07996893138331324,0.9200310532411409,25,30,20
31,1712,4.254978368184021e-16,8.775943151576004e-07,0.08068794071074926,0.919311181694935,25,30,20
31,1713,4.2551978748201353e-16,1.2938074643755168e-06,0.08000755269530513,0.9199911534972302,25,30,20
31,1714,7.285380136442843e-11,2.485280957021594e-06,0.08016247910557073,0.9198350355406185,25,30,20
31,1715,1.4105278910187004e-16,0.002536299481960991,0.07762868562558584,0.9198350148924535,25,30,20
31,1716,1.404996386721311e-16,0.0025362994819609747,0.07746334586155261,0.9200003546564866,25,30,20
31,1717,7.453873748411718e-11,1.7071473145536881e-06,0.11988833519134875,0.8801099575867972,25,30,20
31,1718,7.583943395011178e-11,1.655798859738772e-06,0.11990354488184801,0.8800947992434525,25,30,20
31,1719,4.260786281982987e-15,0.03964450110174419,0.08036522664740697,0.8799902722508445,25,30,20
31,1720,1.2635756243746525e-14,0.03999994158474402,0.08002113432934654,0.8799789240858966,25,30,20
31,1721,4.214894893890401e-15,0.04004910197114208,0.08698994232383532,0.8729609557050181,25,30,20
31,1722,1.4090540903096594e-07,0.04004591321636698,0.08534949998005663,0.8746044458981672,25,30,20
31,1723,1.5407524193465828e-07,0.04004904731800023,0.08807467282815017,0.8718761257786077,25,30,20
31,1724,8.615774795035346e-13,0.03999999899761566,0.0881158734672299,0.8718841275342926,25,30,20
31,1725,8.616086442336731e-13,0.03998807345119179,0.04031569850943478,0.9196962280385117,25,30,20
31,1726,0.00684043955320503,0.03998807345189232,0.03316719654505353,0.9200042904498489,25,30,20
31,1727,7.338870633239143e-18,0.03999999457839765,0.04000744782787516,0.9199925575937273,25,30,20
31,1728,8.549796711815653e-22,0.04000000944481905,0.04001757116273084,0.9199824193924501,25,30,20
31,1729,1.3102477851899843e-19,0.039999994573823375,0.04001493525833009,0.9199850701678466,25,30,20
31,1730,1.4071958772713878e-19,0.03999999457382368,0.04002243879258481,0.9199775666335915,25,30,20
31,1731,8.86306078386797e-22,0.04000085681256796,0.040200552304098046,0.9197985908833339,25,30,20
31,1732,1.0582064675692997e-20,0.040000653189193984,0.04001418972690836,0.9199851570838977,25,30,20
31,1733,1.0582123187872019e-20,0.040000653189193984,0.04039559829294267,0.9196037485178634,25,30,20
31,1734,8.776112670480266e-22,0.04000086152123068,0.04001871484686317,0.919980423631906,25,30,20
31,1735,4.2550619079349865e-16,0.039766759385267025,0.04024505805357423,0.9199881825611582,25,30,20
31,1736,4.255275558878932e-16,0.03999980609804174,0.048873478995004944,0.9111267149069527,25,30,20
31,1737,2.2663951086021722e-11,0.03998806984397412,0.04021099520163008,0.9198009349317321,25,30,20
31,1738,2.266395108602187e-11,0.03998806984397412,0.04724324299490293,0.912768687138459,25,30,20
31,1739,0.0046874142230753785,0.03998816036286373,0.03578230228217558,0.9195421231318851,25,30,20
31,1740,0.0046874142230753785,0.039999920906234124,0.03561257854090882,0.9197000863297816,25,30,20
31,1741,4.411119380086335e-11,0.03999999866834633,0.04001099100768448,0.9199890102798579,25,30,20
31,1742,8.241710971046346e-07,0.039818983845644106,0.03965018706067402,0.9205300049225847,25,30,20
31,1743,8.241710971046346e-07,0.039996812620414136,0.03946866028933253,0.9205337029191563,25,30,20
31,1744,5.9284139020169e-06,0.03999984032193611,0.04016270729949803,0.9198315239646638,25,30,20
31,1745,1.0620686616999725e-06,0.039999834066998786,0.04000328556576692,0.9199958182985724,25,30,20
31,1746,1.0620686617015359e-06,0.03999999999967736,0.04001874551797327,0.9199801924136873,25,30,20
31,1747,0.0001133446274765905,0.0399907559904181,0.040363572953998596,0.9195323264281065,25,30,20
31,1748,0.0001133446274765905,0.039999993585072564,0.04034128444036762,0.9195453773470834,25,30,20
31,1749,3.091339484116168e-13,0.0400001950366887,0.04020939153843703,0.9197904134245652,25,30,20
31,1750,6.90992026954467e-14,0.04000719377154342,0.056169998972385136,0.9038228072560023,25,30,20
31,1751,1.9970100026031414e-06,0.03999999506032837,0.04072404398938348,0.9192739639402854,25,30,20
31,1752,2.4502609354097827e-09,0.0400000074730267,0.04058202547856087,0.9194179645981515,25,30,20
31,1753,2.4502609354097827e-09,0.03999984893267659,0.0410155702336443,0.9189845783834181,25,30,20
31,1754,2.450260935419485e-09,0.03999984893267659,0.0405919585222225,0.91940819009484,25,30,20
31,1755,3.4861844035609723e-15,0.039999996262794296,0.04017259263149788,0.9198274111057043,25,30,20
31,1756,9.961457974655569e-15,0.03999999637373842,0.04003043601429539,0.9199695676119561,25,30,20
31,1757,9.850186504712855e-15,0.03999999988533011,0.04015746384473896,0.9198425362699212,25,30,20
31,1758,9.851750778552797e-15,0.039999581404599714,0.04001128130765872,0.9199891372877318,25,30,20
31,1759,7.741206591996377e-13,0.03999979065376511,0.04020953946508518,0.9197906698803756,25,30,20
31,1760,0.03603943418790922,0.03999999632665621,0.00397134563661602,0.9199892238488186,25,30,20
31,1761,1.8577910444179612e-09,0.04000000808356151,0.04044402492599495,0.9195559651326525,25,30,20
31,1762,1.8577910444179612e-09,0.03999993954132554,0.04001817164419951,0.9199818869566839,25,30,20
31,1763,3.244416214810806e-10,0.04000017877769833,0.03930416868628259,0.9206956522115773,25,30,20
31,1764,3.308201254691101e-08,0.04000000195500117,0.03998150646351376,0.9200184584994723,25,30,20
31,1765,1.858294555908302e-14,0.03999999348471213,0.040003431108148996,0.9199965754071203,25,30,20
31,1766,1.8582945565056603e-14,0.03999999348471244,0.04000075160940253,0.9199992549058664,25,30,20
31,1767,1.973513499519733e-18,0.04000001146185081,0.03996437230995466,0.9200356162281946,25,30,20
31,1768,5.687608303940975e-18,0.04000001167997167,0.0401718148797149,0.9198281734403134,25,30,20
31,1769,4.179909417641904e-18,0.03999075595357917,0.04003031936330394,0.9199789246831167,25,30,20
31,1770,1.5785609476047149e-10,0.03976267184087687,0.04040489294555291,0.9198324350557141,25,30,20
31,1771,0.0003867589846796856,0.04002366742806684,0.0397570041207325,0.9198325694665208,25,30,20
31,1772,0.0003867589846796856,0.04002366742806685,0.039765828854287304,0.919823744732966,25,30,20
31,1773,8.284263176494371e-15,0.04000078937736577,0.04040342319340488,0.9195957874292211,25,30,20
31,1774,5.5552120412297e-16,0.04000080281783359,0.040405494731959674,0.9195937024502062,25,30,20
31,1775,6.86442105614588e-18,0.04190798626151562,0.03882454299649925,0.9192674707419851,25,30,20
31,1776,4.515611780813854e-20,0.0393313548129179,0.040997812858974046,0.919670832328108,25,30,20
31,1777,1.271882597201923e-19,0.0393313548084265,0.04107065216777711,0.9195979930237961,25,30,20
31,1778,1.2718521347212657e-19,0.03999681004903544,0.040401931339885684,0.9196012586110787,25,30,20
31,1779,1.2718539262468812e-19,0.039996810049017874,0.04000584857038324,0.919997341380599,25,30,20
31,1780,1.2422426636863425e-19,0.02997738027361033,0.0501373035215277,0.919885316204862,25,30,20
31,1781,7.38466037212754e-18,0.02997738027361031,0.05005048091747446,0.9199721388089153,25,30,20
31,1782,1.5342802735887776e-07,0.029977380282128832,0.050247793866025375,0.9197746724238182,25,30,20
31,1783,1.5342802735887728e-07,0.039999995354702576,0.04000406245864054,0.9199957887586295,25,30,20
31,1784,1.5342802735887728e-07,0.03999075595914296,0.0400156489958394,0.9199934416169901,25,30,20
31,1785,1.5678881871542464e-07,0.039990755950626546,0.0400172095944583,0.9199918776660964,25,30,20
31,1786,2.7992185647517857e-09,0.03999075593084274,0.040013106799915814,0.9199961344700229,25,30,20
31,1787,2.7992185647420875e-09,0.039990755930842455,0.040219282101258115,0.919789959168681,25,30,20
31,1788,2.6088176129081376e-13,0.03999999720937044,0.04018227916481997,0.9198177236255488,25,30,20
31,1789,0.01670559639200906,0.03999999588802346,0.023476034998784926,0.9198183727211826,25,30,20
31,1790,0.016655361722734584,0.039479821169654906,0.024046312823211714,0.9198185042843988,25,30,20
31,1791,3.4240341619262393e-06,0.04000020022026081,0.04702936134479899,0.9129670144007782,25,30,20
31,1792,4.825770536507641e-11,0.039999837786544055,0.04703295703432273,0.9129672051308756,25,30,20
31,1793,0.000649135308784373,0.0422642334788332,0.044132893537189716,0.9129537376751926,25,30,20
31,1794,0.000649135308784373,0.042254993168240974,0.037110326059708744,0.9199855454632658,25,30,20
31,1795,0.000649135308784373,0.04226407494034506,0.03710093879033329,0.9199858509605372,25,30,20
31,1796,3.9690465897620846e-23,0.039999837991530084,0.040010648979543054,0.9199895130289267,25,30,20
31,1797,9.602677934360935e-21,0.039999996597156834,0.04058309004262553,0.9194169133602175,25,30,20
31,1798,7.221752904840007e-18,0.03999995916552915,0.04001871341022608,0.9199813274242448,25,30,20
31,1799,3.228340259629328e-21,0.03999995917044564,0.04000418316826937,0.919995857661285,25,30,20
31,1800,3.542814126065105e-21,0.040000011419290354,0.04000054350956483,0.9199994450711447,25,30,20
31,1801,3.0698146965313127e-21,0.04000001229523776,0.04886496528089132,0.9111350224238709,25,30,20
31,1802,3.9143993167142743e-13,0.04080727726696965,0.0391956431145602,0.9199970796180785,25,30,20
31,1803,5.7664387895389e-06,0.04000000852607395,0.04059598700281791,0.9193982380323185,25,30,20
31,1804,4.454936624732421e-12,0.04045268327377742,0.03999492273427032,0.9195523939874974,25,30,20
31,1805,4.454936624567341e-12,0.040452683273777115,0.03975268159214041,0.9197946351296277,25,30,20
31,1806,2.6770577463392372e-08,0.03999999591597294,0.04031940949503336,0.9196805678184161,25,30,20
31,1807,0.00021220879009038567,0.040000172435933116,0.03978782124835159,0.9199997975256248,25,30,20
31,1808,5.719626119006152e-13,0.0399999447220218,0.04021257582888352,0.9197874794485226,25,30,20
31,1809,1.8682268915313085e-09,0.039999944610276617,0.04001419770020078,0.9199858558212957,25,30,20
31,1810,4.336972619112012e-11,0.0399999440315901,0.04015728025051809,0.919842775674522,25,30,20
31,1811,3.00886516351756e-06,0.039999944032527025,0.04015471305820377,0.9198423340441054,25,30,20
31,1812,3.00886516351756e-06,0.039999997154253925,0.040008179866756956,0.9199888141138258,25,30,20
31,1813,3.0088651635175605e-06,0.039999996327915205,0.04031642347540397,0.919680571331517,25,30,20
31,1814,3.0088651635175605e-06,0.03976674395713036,0.04041349562209534,0.9198167515556106,25,30,20
31,1815,2.968221750323986e-20,0.0397667441617071,0.04058972727268686,0.919643528565606,25,30,20
31,1816,5.081912456537217e-15,0.039766744427254884,0.08021603344501878,0.8800172221277213,25,30,20
31,1817,1.3385621450069676e-11,0.04002403495616382,0.08038684860073646,0.8795891164297142,25,30,20
31,1818,1.3385621518792588e-11,0.040024034754188635,0.07994221333324085,0.8800337518991849,25,30,20
31,1819,1.338562158680967e-11,0.04002387263303941,0.12001804238981176,0.8399580849637632,25,30,20
31,1820,1.3402708222062946e-11,0.04002404562951269,0.11772750500967456,0.8422484493474098,25,30,20
31,1821,1.3402706130848987e-11,0.04002393557401808,0.11638187748967666,0.8435941869229027,25,30,20
31,1822,1.3385621465410295e-11,0.040015459221270734,0.11875684867039205,0.8412276920949515,25,30,20
31,1823,3.0452420103535486e-11,0.040014790957279056,0.13558878532563226,0.8243964236866365,25,30,20
31,1824,1.736085757544246e-11,0.039479831466669564,0.14031697283807548,0.8202031956778939,25,30,20
31,1825,0.03987393014347542,0.03999999655870738,0.08012991731331028,0.839996155984507,25,30,20
31,1826,0.03987393014384741,0.04000066668108129,0.07719407627844634,0.8429313268966249,25,30,20
31,1827,0.03617300847106535,0.039999999213028735,0.08383075336064656,0.8399962389552593,25,30,20
31,1828,0.03610113593806474,0.0400018892585813,0.0839001722368474,0.8399968025665069,25,30,20
31,1829,0.03610113593806474,0.0400508153364195,0.08384828157127235,0.8399997671542434,25,30,20
31,1830,0.03977910146456811,0.03999994555538413,0.06085865766540391,0.8593622953146439,25,30,20
31,1831,0.03999536727938612,0.04004910350022807,0.06059178659579073,0.8593637426245949,25,30,20
31,1832,0.004311626271177159,0.0400000029104826,0.07583770945840375,0.8798506613599366,25,30,20
31,1833,3.246143542960886e-13,0.042344149055323826,0.07525990787353537,0.8823959430708161,25,30,20
31,1834,3.244439404478023e-13,0.04234414686562468,0.0749245153744795,0.8827313377595709,25,30,20
31,1835,1.4969122004372094e-13,0.04000001146521742,0.08001730632493526,0.8799826822096977,25,30,20
31,1836,0.0001762201562666021,0.03999999633185665,0.07983828964540844,0.8799854938664683,25,30,20
31,1837,0.004367168336218885,0.04004931325613173,0.0757548340852029,0.8798286843224465,25,30,20
31,1838,0.004367168413605747,0.04000019180589385,0.07595231192765095,0.8796803278528493,25,30,20
31,1839,0.004367168413605747,0.04000024769378177,0.08341202281797949,0.8722205610746332,25,30,20
31,1840,5.457182134197697e-08,0.04000001499204524,0.08019286125609412,0.8798070691800394,25,30,20
31,1841,5.639106050122634e-08,0.04000086254091181,0.08018006968713962,0.8798190113808881,25,30,20
31,1842,5.639106050122634e-08,0.04000086254091181,0.08016026443627762,0.8798388166317501,25,30,20
31,1843,9.626378360730434e-12,0.040000862377138596,0.08000635652889974,0.879992781084335,25,30,20
31,1844,6.560555696445223e-11,0.04000078980250299,0.08000970045692841,0.8799895096749628,25,30,20
31,1845,6.56055569644551e-11,0.04000070025096464,0.0800099726786111,0.8799893270048189,25,30,20
31,1846,0.00016004960961000535,0.04002788736710779,0.07982905465053855,0.8799830083727436,25,30,20
31,1847,5.543336434111751e-08,0.04000065314086073,0.08001366362923946,0.8799856277965356,25,30,20
31,1848,5.543336434111751e-08,0.04000070027438225,0.0799998065612513,0.8799994377310021,25,30,20
31,1849,1.7067035100810033e-11,0.04000070027438314,0.08000746279311777,0.879991836915432,25,30,20
31,1850,1.7067042389453306e-11,0.04000001145503146,0.08000049427648386,0.8799994942514173,25,30,20
31,1851,5.541916413538173e-08,0.04000084421806307,0.08000188193185834,0.8799972184309145,25,30,20
31,1852,3.1584740288912313e-06,0.04000001172985442,0.08020709447268735,0.8797897353234291,25,30,20
31,1853,9.728159589042113e-10,0.03999999659338797,0.0800210348089903,0.8799789676248057,25,30,20
31,1854,5.54249240412908e-08,0.039988072735523475,0.0800179398832881,0.8799939319562643,25,30,20
31,1855,5.5424924043964184e-08,0.040000685643728835,0.08015783074444104,0.879841428186906,25,30,20
31,1856,1.706694820779701e-11,0.04000068566628779,0.08046437410731848,0.8795349402093265,25,30,20
31,1857,2.992572457770411e-13,0.04000068566627098,0.08045402408804718,0.8795452902453826,25,30,20
31,1858,2.993285028239468e-13,0.03976717535283194,0.08023382717726561,0.8799989974696031,25,30,20
31,1859,1.690806066733455e-06,0.0400166184833565,0.08056341175624569,0.8794182789543311,25,30,20
31,1860,5.543641239697051e-08,0.03999985265471628,0.08887365056952427,0.8711264413393471,25,30,20
31,1861,5.5436407314449244e-08,0.039999852654698555,0.09761883453587233,0.862381257373022,25,30,20
31,1862,2.00118384156229e-08,0.04000020548362397,0.08875068242584716,0.8712490920786903,25,30,20
31,1863,1.7072340764985603e-11,0.04000001479941119,0.08000331119895958,0.8799966739845569,25,30,20
31,1864,5.4552471073352496e-08,0.040000014799511374,0.08000342308513102,0.8799965075628867,25,30,20
31,1865,5.455247092815736e-08,0.039999996331179,0.08079730306847618,0.8792026460478737,25,30,20
31,1866,1.5795877846190958e-06,0.03999999993943145,0.0804462492229138,0.8795521712498701,25,30,20
31,1867,1.5795877846190958e-06,0.039995884214234174,0.09808784599703514,0.8619146902009461,25,30,20
31,1868,5.4635415506601104e-08,0.040000007430119645,0.08000822118363596,0.8799917167508289,25,30,20
31,1869,1.8138215522858032e-14,0.040025484788528666,0.08018149987945707,0.8797930153319962,25,30,20
31,1870,7.366658016130987e-18,0.03999994443078362,0.08038476742679553,0.8796152881424207,25,30,20
31,1871,1.2212520211871776e-12,0.04256276891215696,0.07781843996780399,0.8796187911188177,25,30,20
31,1872,1.9761341336022527e-11,0.042069943012966224,0.07793326964951416,0.8799967873177585,25,30,20
31,1873,1.9769616205201132e-11,0.042023386232019275,0.07799330906934614,0.8799833046788652,25,30,20
31,1874,3.6597688624043283e-13,0.040000654492768836,0.08019774678756816,0.8798015987192972,25,30,20
31,1875,2.2583963478855272e-21,0.04003673334944526,0.08011676890277693,0.8798464977477779,25,30,20
31,1876,6.671373777265084e-18,0.03999995564847539,0.0771627362943049,0.8828373080572197,25,30,20
31,1877,6.671849959523227e-18,0.03999995564847569,0.07701625993943877,0.8829837844120854,25,30,20
31,1878,6.193379173575845e-22,0.03947982924097641,0.04053638728941492,0.9199837834696086,25,30,20
31,1879,3.5288296326848795e-20,0.03947981771554689,0.04053400378149084,0.9199861785029623,25,30,20
31,1880,2.1083184392977928e-18,0.03999999628181165,0.040020788241135793,0.9199792154770526,25,30,20
31,1881,2.108321341547039e-18,0.03999999710677393,0.048386524195432684,0.9116134786977933,25,30,20
31,1882,3.0043110584866055e-24,0.03999984951733075,0.04057455523840347,0.9194255952442658,25,30,20
31,1883,2.9989146494666035e-11,0.04000017188947495,0.040215279570311034,0.919784548510225,25,30,20
31,1884,5.494881363012375e-18,0.040000483798304225,0.04032090384256756,0.9196786123591281,25,30,20
31,1885,5.4948813585822426e-18,0.04000048379830393,0.04018545810463275,0.9198140580970633,25,30,20
31,1886,1.0897062382048053e-21,0.03999141289789793,0.040619544163895405,0.9193890429382064,25,30,20
31,1887,5.998986327358988e-11,0.039999790840735946,0.040021696056837926,0.9199785130424364,25,30,20
31,1888,5.998986327358023e-11,0.03999588441526016,0.04020704479739416,0.9197970707273558,25,30,20
31,1889,5.309662209679009e-22,0.04139080303962568,0.03861561308806742,0.9199935838723069,25,30,20
31,1890,2.020713488165866e-18,0.04139080303968964,0.07883093323085295,0.8797782637294574,25,30,20
31,1891,2.020872838243916e-18,0.042050205206906194,0.07836394892631944,0.8795858458667744,25,30,20
31,1892,1.145505128876562e-16,0.04207849122478806,0.07814618874779694,0.879775320027415,25,30,20
31,1893,6.538584067136787e-15,0.04003808690345265,0.07997518432312907,0.8799867287734117,25,30,20
31,1894,6.8630448874320245e-15,0.04000001085383995,0.0800095667262152,0.879990422419938,25,30,20
31,1895,2.5016399965843e-14,0.03998808237813048,0.0805959466445208,0.8794159709773237,25,30,20
31,1896,3.3377360085233297e-20,0.07998807064499475,0.038188686014438984,0.8818232433405663,25,30,20
31,1897,3.357742124709312e-20,0.07998785766002438,0.038835948997473314,0.8811761933425024,25,30,20
31,1898,3.337750053204369e-20,0.07998807059509551,0.037768965249186465,0.882242964155718,25,30,20
31,1899,3.3381003560566075e-20,0.07997861727322347,0.03762360507268477,0.8823977776540918,25,30,20
31,1900,1.687821107334702e-21,0.08203666794716029,0.045503233069622624,0.872460098983217,25,30,20
31,1901,1.6931870598888646e-21,0.08203666794715998,0.04698313697118132,0.8709801950816588,25,30,20
31,1902,1.6932429066412382e-21,0.08203677057129108,0.04682881217920142,0.8711344172495076,25,30,20
31,1903,1.126110995866623e-16,0.08000065124049105,0.040000176714768215,0.8799991720447404,25,30,20
31,1904,7.929677112346277e-22,0.0799880708564108,0.04001230817780863,0.8799996209657804,25,30,20
31,1905,1.8450879172815385e-22,0.07999999627592459,0.040000526715645995,0.8799994770084295,25,30,20
31,1906,9.980278743221605e-20,0.08003805269467199,0.039972364007692066,0.8799895832976358,25,30,20
31,1907,1.0011096786762571e-19,0.08003805191032352,0.03996740354553487,0.8799945445441417,25,30,20
31,1908,5.6881919157259305e-18,0.08000000798879664,0.04001356559651816,0.879986426414685,25,30,20
31,1909,5.6877187930004165e-18,0.08000000798879604,0.040002970883848715,0.8799970211273552,25,30,20
31,1910,6.497594088088022e-22,0.07999999424834213,0.04000043326163753,0.8799995724900203,25,30,20
31,1911,6.378660492152697e-22,0.08000066323864463,0.04000320248927283,0.8799961342720826,25,30,20
31,1912,1.1110180847965136e-21,0.08000066323864465,0.0400092067746881,0.879990129986667,25,30,20
31,1913,3.640571823839697e-08,0.08000013883191336,0.040577620714885555,0.8794222040474828,25,30,20
31,1914,2.0177355137915834e-13,0.06031449559235338,0.05983983507045911,0.8798456693369856,25,30,20
31,1915,7.315820291954135e-08,0.07999999991814566,0.040206969380168676,0.8797929575434829,25,30,20
31,1916,9.349090773169372e-10,0.07999999714386455,0.04726526823616599,0.8727347336850602,25,30,20
31,1917,3.4545371769276148e-15,0.07999999708793734,0.04001076512920628,0.8799892377828529,25,30,20
31,1918,0.006960462526320792,0.0799999963893064,0.033062648513587464,0.8799768925707854,25,30,20
31,1919,0.006960462526320792,0.07176788965753646,0.041281613406847925,0.879990034409295,25,30,20
31,1920,0.006960462526320792,0.07999999742988098,0.03303993055806524,0.8799996094857331,25,30,20
31,1921,6.5288193465948476e-15,0.08000049948073018,0.04020240992969468,0.8797970905895689,25,30,20
31,1922,3.539955718892055e-20,0.07999999425682565,0.04060938581949719,0.8793906199236773,25,30,20
31,1923,1.1882690255275768e-09,0.07999588407180416,0.04021362850562405,0.8797904862343029,25,30,20
31,1924,1.1472082058094756e-16,0.07999994029323956,0.04019945150752843,0.8798006081992318,25,30,20
31,1925,2.8650879946549045e-21,0.07999999614854764,0.03996976526126547,0.8800302385901867,25,30,20
31,1926,2.24107552358112e-21,0.0799958804731556,0.04000428098718234,0.8799998385396621,25,30,20
31,1927,1.0576372579694477e-16,0.0799880147012905,0.03762525615927653,0.8823867291394327,25,30,20
31,1928,1.05763725743263e-16,0.07999979056968966,0.03796870313832117,0.882031506291989,25,30,20
31,1929,1.0026999904770252e-19,0.07999999617430793,0.04016808730508261,0.8798319165206095,25,30,20
31,1930,3.5752107334114855e-20,0.07999999624054818,0.040017825397301615,0.8799821783621503,25,30,20
31,1931,3.5276135789563344e-20,0.07999983669058384,0.04036596243246605,0.8796342008769503,25,30,20
31,1932,3.5267731326129114e-20,0.07999983669058382,0.0400135512495368,0.8799866120598794,25,30,20
31,1933,3.655380050585345e-13,0.07999983669058498,0.039967262219288126,0.8800329010897614,25,30,20
31,1934,2.021716362108231e-18,0.07999983313214035,0.04000657951354237,0.8799935873543174,25,30,20
31,1935,2.012012000546427e-18,0.07999999420802406,0.048875663643888824,0.8711243421480872,25,30,20
31,1936,1.0533143987968969e-12,0.0799967511699708,0.040210494469110424,0.8797927543598653,25,30,20
31,1937,3.2988645988958084e-16,0.07999741846063707,0.0800028519123921,0.8399997296269703,25,30,20
31,1938,4.767633023362488e-19,0.14880743258592397,0.01177391162468827,0.8394186557893878,25,30,20
31,1939,2.187994054719852e-22,0.1597569624013512,0.000256433754315702,0.8399866038443332,25,30,20
31,1940,9.714930859572735e-21,0.15999017207427624,4.136385808560475e-05,0.839968464067638,25,30,20
31,1941,1.2054107059454442e-20,0.15998633148244662,0.00017883156046902298,0.8398348369570843,25,30,20
31,1942,1.262092044536323e-20,0.15995915654990764,0.0003942937700486366,0.8396465496800435,25,30,20
31,1943,6.236963350086344e-17,0.15995931150154452,0.01207137083967295,0.8279693176587825,25,30,20
31,1944,6.23692553018455e-17,0.15998048200158332,0.012050325403847723,0.8279691925945688,25,30,20
31,1945,6.23583449363176e-17,0.15998966186142863,0.01205942222771516,0.8279509159108562,25,30,20
31,1946,6.235767211684476e-17,0.15997613913136166,0.012062460971217905,0.8279613998974205,25,30,20
31,1947,2.083701007923683e-22,0.15998764970998056,2.8528652097546803e-05,0.8399838216379218,25,30,20
31,1948,4.815171450601912e-22,0.15980699457484746,0.00020916326596588062,0.8399838421591866,25,30,20
31,1949,2.714372895663019e-20,0.1598097277137593,0.0006347502226878116,0.8395555220635531,25,30,20
31,1950,2.792972297327272e-20,0.15999075290830791,2.0093519354517226e-05,0.8399891535723376,25,30,20
31,1951,6.842935639109913e-24,0.15999663751750592,0.008655159849534803,0.8313482026329594,25,30,20
31,1952,6.842900776603882e-24,0.1599965940839876,0.008637355685905887,0.8313660502301068,25,30,20
31,1953,5.176585216715056e-19,0.15187355887708048,0.015368246950662419,0.8327581941722572,25,30,20
31,1954,1.7409970418404564e-22,0.15982460903156134,0.0001760079502052293,0.8399993830182335,25,30,20
31,1955,1.8371518853921976e-22,0.1589230793383184,0.001650957131334913,0.8394259635303467,25,30,20
31,1956,8.80093943180316e-24,0.15999978313421162,6.923191121971164e-06,0.8399932936746666,25,30,20
31,1957,6.146824651520222e-25,0.15999565770056637,1.8288385045230074e-05,0.8399860539143882,25,30,20
31,1958,5.533497423454027e-19,0.1599880145134968,2.6110964886030164e-05,0.8399858745216171,25,30,20
31,1959,1.7059121239481376e-22,0.159999987593328,3.3291146743687373e-06,0.8399966832919978,25,30,20
31,1960,8.633535281989006e-24,0.15999993440674612,4.887034649025601e-07,0.839999576889789,25,30,20
31,1961,1.8178520320554776e-25,0.1599997715116045,1.0580819585456207e-05,0.83998964766881,25,30,20
31,1962,3.2853401216595395e-25,0.15999998675392932,2.963715330990881e-06,0.8399970495307396,25,30,20
31,1963,6.464088417105551e-19,0.15976666829593125,0.0005458717038657691,0.8396874600002029,25,30,20
31,1964,6.459377800238184e-19,0.1597428148108411,0.00027818840626127653,0.8399789967828977,25,30,20
31,1965,4.869259080245716e-22,0.15998663298835075,0.0011370516017325067,0.8388763154099168,25,30,20
31,1966,5.8088293087322955e-22,0.15908462613731347,0.0010727876575095713,0.8398425862051769,25,30,20
31,1967,1.9782822729680882e-22,0.1594751130913305,0.0005256135923256519,0.8399992733163438,25,30,20
31,1968,8.228131844979857e-24,0.14031432358585502,0.019700008721719488,0.8399856676924254,25,30,20
31,1969,3.613587317302621e-24,0.15999962188148167,2.4527117181833072e-05,0.8399758510013364,25,30,20
31,1970,1.8758334566405534e-22,0.15999999055912373,1.2907636800523459e-05,0.8399871018040759,25,30,20
31,1971,3.2908854053708408e-24,0.1599906999114829,0.007815522099831185,0.8321937779886861,25,30,20
31,1972,1.704067249826555e-22,0.15999973368243164,0.007235476992627428,0.832764789324941,25,30,20
31,1973,1.7040732059872886e-22,0.15999659409527356,0.007044464521004158,0.8329589413837223,25,30,20
31,1974,3.00895442078561e-25,0.15999680696122312,1.1530744012061544e-05,0.8399916622947646,25,30,20
31,1975,1.6961662807951014e-22,0.1598189194799928,0.0007981031661080071,0.8393829773538993,25,30,20
31,1976,1.8950378943492807e-22,0.15980683369324047,0.0003689604177003035,0.8398242058890593,25,30,20
31,1977,4.932065349718863e-22,0.142662522010078,0.017359884116605745,0.8399775938733163,25,30,20
31,1978,4.852942538446622e-22,0.15980677669281423,0.00020781403670957935,0.839985409270476,25,30,20
31,1979,1.2011679659060682e-20,0.12001325320114276,0.040001080432015695,0.8399856663668414,25,30,20
31,1980,3.30864355160037e-17,0.12002511113138446,0.039994508572942636,0.8399803802956728,25,30,20
31,1981,6.195950227041166e-22,0.11984409523577975,0.040164278387351544,0.8399916263768687,25,30,20
31,1982,2.793361912451831e-20,0.12001318755750127,0.040914814240773645,0.8390719982017252,25,30,20
31,1983,1.790068413883139e-14,0.11999034300481468,0.04035674994342108,0.8396529070517466,25,30,20
31,1984,2.788576754935343e-20,0.15976507471703283,0.0004275365244118763,0.8398073887585552,25,30,20
31,1985,5.690841011429419e-22,0.15980245100848794,0.00019775451691063486,0.8399997944746016,25,30,20
31,1986,2.745108900388173e-20,0.15998785638213067,1.259235172414021e-05,0.8399995512661453,25,30,20
31,1987,3.22343713311174e-20,0.15999960809690253,5.003786388371146e-06,0.8399953881167093,25,30,20
31,1988,3.225253049198069e-20,0.15976635619693283,0.00025127695230447723,0.8399823668507628,25,30,20
31,1989,3.2439495052543516e-20,0.15999940278821329,6.422348609542344e-06,0.8399941748631774,25,30,20
31,1990,8.609626555936984e-24,0.15976652519179588,0.00024200717457729265,0.8399914676336269,25,30,20
31,1991,2.7885068954270274e-20,0.15953310981586483,0.0006704455971090156,0.8397964445870264,25,30,20
31,1992,5.651559895291623e-22,0.1595333194088065,0.00046700751297365414,0.8399996730782198,25,30,20
31,1993,2.9978806699018438e-24,0.15998807244300056,2.348126316791715e-05,0.8399884462938317,25,30,20
31,1994,3.0853541646310517e-24,0.15998801736168689,0.00022484859046575757,0.8397871340478474,25,30,20
31,1995,1.9984475424347616e-22,0.159331089370008,0.0006690566110266438,0.8399998540189654,25,30,20
31,1996,5.638981388667788e-26,0.15999660055304107,1.4285031710710824e-05,0.8399891144152479,25,30,20
31,1997,2.7446609856215507e-20,0.15999361626866748,0.00017262595231652388,0.8398337577790161,25,30,20
31,1998,2.744682605407216e-20,0.15998786180469593,0.00018882761324938977,0.8398233105820546,25,30,20
31,1999,2.5782069645587706e-25,0.15999978597266265,1.0634732322924382e-05,0.8399895792950144,25,30,20
31,2000,5.846544075725557e-25,0.1598148643944447,0.0001955972507577266,0.8399895383547975,25,30,20
31,2001,8.833920328625971e-24,0.15981897184054814,0.00018138189022501124,0.8399996462692269,25,30,20
31,2002,2.1808986984101765e-22,0.1593277855631285,0.0006830200358948119,0.8399891944009766,25,30,20
31,2003,1.0076547504196059e-23,0.1599966462722847,6.514958946287309e-06,0.8399968387687692,25,30,20
31,2004,1.5645488610485281e-18,0.1593162359443968,0.0006843196916765276,0.8399994443639267,25,30,20
31,2005,1.1802583506767716e-25,0.15999673025059233,0.0001579011320872658,0.8398453686173205,25,30,20
31,2006,1.83703767437779e-18,0.15999679875897557,1.3864937674171007e-05,0.8399893363033503,25,30,20
31,2007,5.063710861899797e-25,0.15999978126880304,0.0002123999675087012,0.8397878187636882,25,30,20
31,2008,1.7070684784418379e-22,0.1599996217260025,0.00021521505984518297,0.8397851632141523,25,30,20
31,2009,1.7870864715578515e-22,0.1599996217260022,1.726654692298046e-05,0.8399831117270748,25,30,20
31,2010,1.7022419855861408e-22,0.15176809565452698,0.008811083281683845,0.8394208210637892,25,30,20
31,2011,3.329204051146098e-24,0.15999983098654477,0.0013408379994617867,0.8386593310139935,25,30,20
31,2012,1.1790530715634627e-25,0.15999999035430426,3.7671940355107395e-06,0.8399962424516602,25,30,20
31,2013,6.682304338862164e-22,0.15999058702946434,0.00021881557489502722,0.8397905973956405,25,30,20
31,2014,1.7841787341867665e-22,0.1599967463372369,0.0002205197978228351,0.8397827338649403,25,30,20
31,2015,1.0355326569538525e-20,0.15976334477761492,0.000642635240491353,0.8395940199818939,25,30,20
31,2016,1.694766573908426e-22,0.15998779568067417,0.0004179317151094381,0.8395942726042164,25,30,20
31,2017,3.482119369230886e-22,0.15998790752118336,0.00022179715848170845,0.8397902953203349,25,30,20
31,2018,1.6963755528517872e-22,0.15998790389709852,0.00022158005874171798,0.8397905160441597,25,30,20
31,2019,1.7562322831349336e-22,0.1599998338824762,0.00906849374272428,0.8309316723747995,25,30,20
31,2020,4.0925982238926974e-25,0.15999978395411074,7.389807865253346e-07,0.8399994770651026,25,30,20
31,2021,3.0583324386704784e-25,0.1599995695083847,4.286190192918319e-06,0.8399961443014221,25,30,20
31,2022,3.168489769062549e-24,0.1599873384538784,1.5625686380690227e-05,0.8399970358597408,25,30,20
31,2023,1.1640271134007476e-23,0.15999048281169925,1.597428238268256e-05,0.8399935429059182,25,30,20
31,2024,1.991361469735029e-22,0.15976668495917534,0.000400688995252442,0.8398326260455724,25,30,20
31,2025,1.0075769609981906e-23,0.15999994166584014,1.8792428435399848e-05,0.8399812659057245,25,30,20
31,2026,1.5612595746417903e-25,0.15999999685493055,6.877314497474664e-06,0.839993125830572,25,30,20
31,2027,3.517670270672259e-24,0.15999998131411242,9.240266279034548e-06,0.8399907784196086,25,30,20
31,2028,1.34858825235041e-23,0.1599955922795347,7.2314362560992055e-06,0.8399971762842091,25,30,20
31,2029,3.4773628692673544e-25,0.15999053956412865,1.0069681699470419e-05,0.8399993907541718,25,30,20
31,2030,9.70467125783857e-21,0.15175886058039217,0.008241264395642604,0.8399998750239652,25,30,20
31,2031,6.755873760639081e-26,0.15999988790747421,8.266392102282805e-06,0.8399918457004236,25,30,20
31,2032,4.815588426625487e-22,0.15999994099878415,3.307585999361345e-06,0.8399967514152167,25,30,20
31,2033,8.452321234299272e-24,0.15999192231290346,1.523395155197651e-05,0.8399928437355445,25,30,20
31,2034,4.81714511101722e-22,0.1593313497042775,0.0006751154276032628,0.8399935348681191,25,30,20
31,2035,4.9170123186943375e-22,0.1594676121355888,0.0005327691115791975,0.839999618752832,25,30,20
31,2036,9.95853311304349e-24,0.15945596803421036,0.0005445990868231836,0.8399994328789664,25,30,20
31,2037,4.524277513022577e-22,0.15128614088400766,0.008720324649983659,0.8399935344660086,25,30,20
31,2038,3.663983630779591e-10,0.1194913583512272,0.04051537847367708,0.8399932628086971,25,30,20
31,2039,3.663983631374963e-10,0.11983030177170954,0.04037180887992653,0.8397978889819655,25,30,20
31,2040,3.6639836307796737e-10,0.12001137676414164,0.03998875792081935,0.8399998649486407,25,30,20
31,2041,5.431053674980885e-10,0.11999962805944893,0.048646495283268865,0.8313538761141767,25,30,20
31,2042,5.43105369040325e-10,0.1199998345106086,0.040574562952503175,0.8394256019937828,25,30,20
31,2043,8.982787467891565e-05,0.11999983572383448,0.040481393323104416,0.839428943078382,25,30,20
31,2044,8.422485563810134e-12,0.11999052048904328,0.04001314447161284,0.8399963350309213,25,30,20
31,2045,5.0194240737319023e-05,0.11999967556925589,0.039958475470249,0.8399916547197576,25,30,20
31,2046,5.0194240737319023e-05,0.1199998717306985,0.03995045569535006,0.839999478333214,25,30,20
31,2047,0.0003222330789633291,0.12001925370721171,0.03965870458006221,0.8399998086337627,25,30,20
31,2048,0.0003222330789633291,0.12001916002295833,0.04688996842924984,0.8327686384688288,25,30,20
31,2049,0.0003222330789633291,0.1200073994231823,0.04853914602000608,0.8311312214778483,25,30,20
31,2050,2.0755134840300757e-06,0.11999064020892998,0.040171394802222954,0.8398358894753634,25,30,20
31,2051,2.075513484030108e-06,0.11998756317679886,0.0400230036874665,0.8399873576222506,25,30,20
31,2052,2.0755134840300752e-06,0.11999983635310947,0.040010660322588286,0.8399874278108183,25,30,20
31,2053,1.756270075735298e-12,0.11999984962850845,0.0400031281995889,0.8399970221701462,25,30,20
31,2054,3.9871389520396916e-23,0.119999835623537,0.040008472551368815,0.839991691825094,25,30,20
31,2055,3.9703590758765184e-23,0.1199997656571171,0.04001855300433653,0.8399816813385462,25,30,20
31,2056,4.105909412400882e-16,0.12004821740336265,0.040160772971098685,0.8397910096255381,25,30,20
31,2057,4.1114358386861254e-16,0.12004821517289897,0.03998017520332659,0.839971609623774,25,30,20
31,2058,7.33150466479776e-18,0.1193322107724093,0.04068290991749241,0.8399848793100982,25,30,20
31,2059,1.0984553904235166e-23,0.12067391501433303,0.03991292913628643,0.8394131558493807,25,30,20
31,2060,3.6689862857522914e-18,0.12000021215776824,0.040578719369998774,0.839421068472233,25,30,20
31,2061,2.0091895102639263e-16,0.11976647233700072,0.03865934288719163,0.8415741847758074,25,30,20
31,2062,7.798239773250064e-27,0.11999999172220295,3.275561122017408e-06,0.8799967327166749,25,30,20
31,2063,1.6418396196079096e-25,0.11999993295898115,2.477788733988746e-05,0.8799752891536791,25,30,20
31,2064,3.1034478137793343e-25,0.11999972492888722,0.00021930037174330456,0.8797809746993696,25,30,20
31,2065,1.0193244756542037e-20,0.1199997836745084,3.189884667036229e-05,0.8799683174788214,25,30,20
31,2066,1.8000662375091216e-22,0.11999999089332601,0.0005847686306074099,0.8794152404760667,25,30,20
31,2067,6.58603717672527e-22,0.11998806080682126,0.00041855995832881674,0.8795933792348498,25,30,20
31,2068,3.1500609649204326e-24,0.11998806607021016,0.0002242417761788664,0.879787692153611,25,30,20
31,2069,1.1497304391264245e-23,0.11999999420500367,2.946083111097875e-06,0.8799970597118854,25,30,20
31,2070,1.6968322806677987e-23,0.11999962185682733,8.940752094998987e-06,0.8799914373910778,25,30,20
31,2071,2.5415787766904658e-23,0.11999978041255767,1.2405825868784796e-06,0.8799989790048554,25,30,20
31,2072,1.0383649785432308e-20,0.11999047152489604,2.646565529193016e-05,0.879983062819812,25,30,20
31,2073,1.723170772688329e-23,0.11999059088819575,1.2559060540597925e-05,0.8799968500512638,25,30,20
31,2074,1.186224472698076e-23,0.11999059088819575,2.2783105034456164e-05,0.8799866260067697,25,30,20
31,2075,5.772746580993789e-22,0.11999075295691519,1.6511838284574638e-05,0.8799927352048003,25,30,20
31,2076,7.738981651871145e-22,0.11932203969039466,0.0006947569559502464,0.8799832033536553,25,30,20
31,2077,3.6682676691813547e-22,0.11933128093110346,0.001261276461901369,0.8794074426069952,25,30,20
31,2078,3.7855358466452154e-22,0.11933127543582253,0.000672429179901561,0.8799962953842759,25,30,20
31,2079,1.8618692438180302e-22,0.11998395481232,0.00017411544356220793,0.879841929744118,25,30,20
31,2080,1.7324351468291479e-22,0.11999068080779349,1.7345375371768873e-05,0.8799919738168349,25,30,20
31,2081,3.164678016533651e-24,0.11998134950899439,1.908023922625771e-05,0.8799995702517792,25,30,20
31,2082,3.879229250093052e-27,0.11999580788104673,4.672890205258446e-06,0.879999519228748,25,30,20
31,2083,5.063610778733535e-15,0.11997875597628031,0.018279050546789858,0.861742193476925,25,30,20
31,2084,2.744298320947005e-20,0.11999067879481298,2.574005804255132e-05,0.8799835811471446,25,30,20
31,2085,7.549954710229414e-27,0.1199906814845316,1.595550473592323e-05,0.8799933630107324,25,30,20
31,2086,1.1621767131813266e-25,0.1199866391748424,0.00021511897359180647,0.879798241851566,25,30,20
31,2087,8.703790977393293e-24,0.11999999881420115,0.00020674031509520667,0.8797932608707039,25,30,20
31,2088,9.704423997372297e-21,0.11999680984628881,2.192875324613877e-05,0.8799812614004651,25,30,20
31,2089,7.355485158748854e-22,0.11999069852875816,3.0078986195429342e-05,0.8799792224850462,25,30,20
31,2090,9.60275036844143e-21,0.11999994258485462,0.001480125669064683,0.8785199317460808,25,30,20
31,2091,3.132373942937377e-23,0.11999977681317484,1.421264146959895e-05,0.8799860105453555,25,30,20
31,2092,2.0559321337827072e-23,0.11999936190564899,8.018153474274234e-06,0.8799926199408769,25,30,20
31,2093,1.1114595369071796e-25,0.1199996271314081,6.75694594286118e-07,0.879999697173998,25,30,20
31,2094,3.710219564327827e-24,0.11999181203372788,8.665204687386672e-06,0.8799995227615847,25,30,20
31,2095,6.601678176394531e-24,0.11999571779380978,4.591176597832699e-06,0.8799996910295923,25,30,20
31,2096,3.322501569100028e-24,0.11947950267919737,0.0005207818107992114,0.8799997155100033,25,30,20
31,2097,4.375948388363509e-25,0.1197506445576741,0.0002524476361655438,0.8799969078061602,25,30,20
31,2098,1.8341850450098508e-22,0.11933112031714259,0.000695697402816655,0.879973182280041,25,30,20
31,2099,9.716612463472222e-21,0.11999999331566434,3.591740230513265e-05,0.8799640892820305,25,30,20
31,2100,9.70369711048194e-21,0.11999979061602285,3.964575878404016e-06,0.8799962448080989,25,30,20
31,2101,8.574354174773555e-24,0.10997738018876514,0.010188512703307982,0.879834107107927,25,30,20
31,2102,2.744817027169565e-20,0.11933135105285732,0.0006804075989615842,0.8799882413481813,25,30,20
31,2103,5.740242106848355e-22,0.11999690967524977,1.0286069728709964e-05,0.8799928042550217,25,30,20
31,2104,1.1403983582400294e-20,0.11999978283362768,0.00020844123207594965,0.8797917759342967,25,30,20
31,2105,1.5759508973084445e-18,0.11999978005146654,1.1700401311653605e-05,0.879988519547222,25,30,20
31,2106,8.606397790004646e-24,0.11998753963601311,3.0071130727595995e-05,0.8799823892332594,25,30,20
31,2107,1.1739104063957206e-23,0.11998790875252659,4.012313465143421e-05,0.8799719681128222,25,30,20
31,2108,3.251772872749706e-20,0.11975733400313826,0.015856727815043783,0.8643859381818179,25,30,20
31,2109,3.139511006873745e-24,0.11999994015391198,2.948568266458842e-06,0.8799971112778215,25,30,20
31,2110,2.0412512404213635e-23,0.1199999410824259,0.0005777233389309486,0.8794223355786431,25,30,20
31,2111,2.76215214111461e-20,0.11999958135115074,0.0007704494239682519,0.879229969224881,25,30,20
31,2112,5.904336446899371e-19,0.11999978576010763,0.0002028273755771106,0.8797973868643152,25,30,20
31,2113,5.633835815007431e-19,0.11999972851487403,4.384274632651538e-06,0.8799958872104934,25,30,20
31,2114,5.531106560115694e-19,0.11958572514054121,0.0007736854187535671,0.8796405894407053,25,30,20
31,2115,1.0894479860841902e-16,0.07981037268367801,0.040350025136908794,0.8798396021794131,25,30,20
31,2116,6.485697727010868e-22,0.07999135208019797,0.04001474910093668,0.8799938988188651,25,30,20
31,2117,3.458736062475465e-20,0.0799913389295541,0.04000932109039132,0.8799993399800546,25,30,20
31,2118,3.507458624613201e-20,0.07999140994029613,0.04719943618343015,0.8728091538762736,25,30,20
31,2119,1.0074756022249082e-19,0.08000000668086397,0.04001084495681662,0.8799891483623192,25,30,20
31,2120,1.0032931837565704e-12,0.08000041747183793,0.040018263473012176,0.8799813190541462,25,30,20
31,2121,1.0032931835862645e-12,0.08000063040109195,0.04002586109054014,0.8799735085073648,25,30,20
31,2122,1.003324550319691e-12,0.08000063186578021,0.040216908127350924,0.8797824600058657,25,30,20
31,2123,3.24104369189361e-16,0.07999999646557336,0.058088609744388606,0.8619113937900377,25,30,20
31,2124,9.992938894742207e-20,0.07999999071905137,0.05590410150492581,0.8640959077760229,25,30,20
31,2125,1.001025388755753e-19,0.07999978224837755,0.05647936288860093,0.8635208548630214,25,30,20
31,2126,3.266216339238674e-15,0.08000011938464074,0.05589792235240038,0.8641019582629554,25,30,20
31,2127,3.266216195734069e-15,0.07977459344235478,0.04066971359260649,0.8795556929650354,25,30,20
31,2128,3.266216199016897e-15,0.07976555862734198,0.040242900405722065,0.8799915409669328,25,30,20
31,2129,3.345402983954541e-24,0.07999075587393686,0.04001600371417403,0.8799932404118893,25,30,20
31,2130,3.3757741271101535e-23,0.08000000002203718,0.04000735792872854,0.8799926420492343,25,30,20
31,2131,1.645879013230813e-13,0.0800000052061779,0.04000620638657379,0.8799937884070839,25,30,20
31,2132,0.003042153126409679,0.08000907740666259,0.03634112563048176,0.8806076438364455,25,30,20
31,2133,0.003042153126409679,0.0800088718439773,0.03634386875515228,0.8806051062744608,25,30,20
31,2134,1.0834874984129643e-20,0.07010363400446636,0.05006133760954286,0.8798350283859905,25,30,20
31,2135,4.721970195098749e-13,0.07010297988748553,0.04990289265642306,0.879994127455619,25,30,20
31,2136,4.721970190254252e-13,0.0701027687278896,0.04989737474753337,0.8799998565241048,25,30,20
31,2137,4.882027742520136e-23,0.08004889093405501,0.04039787990847904,0.879553229157466,25,30,20
31,2138,1.404702117387364e-23,0.08260671180510748,0.03754521769343884,0.8798480705014537,25,30,20
31,2139,1.83707364269316e-22,0.08260655243737038,0.03775221644060825,0.8796412311220213,25,30,20
31,2140,1.8634884954536977e-22,0.08261436318060983,0.03759253869735722,0.8797930981220331,25,30,20
31,2141,1.9978011115500188e-23,0.08261840675637372,0.0373856487416506,0.8799959445019756,25,30,20
31,2142,3.1652300996727905e-14,0.0800481078652042,0.03996596122071512,0.879985930914049,25,30,20
31,2143,7.361295434189847e-18,0.08000073420943216,0.040198479360869885,0.8798007864296977,25,30,20
31,2144,2.298122269723427e-21,0.08000045898016922,0.039999893198902015,0.8799996478209284,25,30,20
31,2145,1.3347609470721393e-12,0.07999999736306336,0.04000133770885295,0.8799986649267489,25,30,20
31,2146,1.334761500230758e-12,0.07999976206279456,0.04000127301386842,0.8799989649220024,25,30,20
31,2147,1.33476094746949e-12,0.07999988824099517,0.04725294270312247,0.872747169054548,25,30,20
31,2148,3.4520919163027004e-21,0.08000001138648266,0.047393943829645784,0.8726060447838715,25,30,20
31,2149,2.0618578079666294e-16,0.07998842665084367,0.040223084217031115,0.8797884891321252,25,30,20
31,2150,2.0618530773544726e-16,0.07998844288120317,0.040666877771968084,0.8793446793468286,25,30,20
31,2151,1.2640153274902098e-19,0.07999070017684072,0.03997903458677585,0.8800302652363835,25,30,20
31,2152,2.3148766893869528e-21,0.07999995896932854,0.04000835409549942,0.8799916869351719,25,30,20
31,2153,4.1804031010684976e-16,0.07999999714999713,0.04887240918711773,0.8711275936628847,25,30,20
31,2154,6.727282417088718e-13,0.08002434002157974,0.05608244659144306,0.8638932133863042,25,30,20
31,2155,6.727282417090192e-13,0.08002412863483928,0.047217761117723855,0.872758110246764,25,30,20
31,2156,7.338763911784978e-18,0.07998806982977688,0.04002085599361305,0.8799910741766103,25,30,20
31,2157,2.245635334265332e-13,0.0799888781735278,0.04002224483720785,0.8799888769890398,25,30,20
31,2158,2.2456356087275932e-13,0.07997674348765269,0.04003492481230952,0.8799883316998133,25,30,20
31,2159,2.245635334234007e-13,0.08000079915598417,0.04000746976120371,0.8799917310825878,25,30,20
31,2160,2.245635334179472e-13,0.08000080436652512,0.04000268414327128,0.879996511489979,25,30,20
31,2161,7.212229770253925e-18,0.07999995252039248,0.04000659512679569,0.8799934523528117,25,30,20
31,2162,7.212217757085115e-18,0.08000000812686517,0.04000134789066467,0.8799986439824701,25,30,20
31,2163,7.047609224193246e-11,0.08004552168317897,0.03996527869984416,0.8799891995465007,25,30,20
31,2164,2.9442171021459286e-20,0.07998807118801148,0.040466808783107995,0.8795451200288809,25,30,20
31,2165,2.506725703067604e-21,0.07999197140681392,0.04001889516813989,0.8799891334250463,25,30,20
31,2166,2.2984500035320397e-21,0.07999978476659665,0.040444391961396625,0.8795558232720068,25,30,20
31,2167,1.3197670807298923e-12,0.07999979563503952,0.040444252703237454,0.879555951660403,25,30,20
31,2168,1.319767080729769e-12,0.07999995564682928,0.0400001185726282,0.8799999257792228,25,30,20
31,2169,1.3678641877227359e-11,0.08002450191776936,0.03998392420122373,0.8799915738673281,25,30,20
31,2170,1.6012752836098925e-18,0.08000041658227616,0.04015980847744672,0.879839774940277,25,30,20
31,2171,4.2968295654723666e-20,0.0800004165822585,0.04001302813896503,0.8799865552787766,25,30,20
31,2172,5.733589427249099e-16,0.07981873179951608,0.04019545299680687,0.8799858152036767,25,30,20
31,2173,5.73358209562375e-16,0.08000001133635916,0.040003922155820895,0.8799960665078196,25,30,20
31,2174,5.733582095630787e-16,0.08000001374820691,0.040000339971809025,0.8799996462799834,25,30,20
31,2175,4.1818794974085157e-16,0.08000066822661361,0.048749517470391426,0.8712498143029948,25,30,20
31,2176,4.1816650272264005e-16,0.08000087385256101,0.04001784325643115,0.8799812828910077,25,30,20
31,2177,4.181665028213129e-16,0.08000087385256072,0.04001747713308074,0.8799816490143584,25,30,20
31,2178,1.2654166313730514e-19,0.07999993981359102,0.040000139362669794,0.8799999208237392,25,30,20
31,2179,3.0583352501242055e-21,0.07999980171284159,0.04000039895727275,0.8799997993298857,25,30,20
31,2180,1.4789158817859058e-16,0.07981890400039635,0.040184007382941214,0.8799970886166624,25,30,20
31,2181,3.297617396497932e-20,0.08243445887689287,0.037579154577461076,0.879986386545646,25,30,20
31,2182,3.298427863232244e-20,0.08243445887689287,0.038148217427492234,0.8794173236956151,25,30,20
31,2183,1.3113972022422074e-12,0.07985711606846768,0.04015463579582227,0.8799882481343984,25,30,20
31,2184,1.3113972024054788e-12,0.07986317115006358,0.0401451326282795,0.8799916962203456,25,30,20
31,2185,2.0335041960629963e-18,0.0800235913465182,0.03998826512125849,0.8799881435322234,25,30,20
31,2186,2.0336829340518134e-18,0.08002359414332201,0.03998869639829525,0.8799877094583829,25,30,20
31,2187,8.615848102120401e-13,0.07999999490426063,0.040011047672306635,0.8799889574225709,25,30,20
31,2188,4.827261248962218e-11,0.07998806972931702,0.04021103673180881,0.8798008934906015,25,30,20
31,2189,4.827261402671559e-11,0.07998806977812553,0.04001530876822879,0.8799966214053729,25,30,20
31,2190,0.00024875789960479485,0.07998807055430433,0.03976601759732234,0.8799971539487683,25,30,20
31,2191,7.338832485340046e-05,0.08024245244261552,0.022954978405933735,0.8967291808265972,25,30,20
31,2192,7.338832485340046e-05,0.0802332085048663,0.0229667106684304,0.8967266925018498,25,30,20
31,2193,7.338832485340046e-05,0.08025431933348706,0.02295057061759607,0.8967217217240634,25,30,20
31,2194,7.338832485340046e-05,0.08025432301899492,0.02294024725268247,0.8967320414034693,25,30,20
31,2195,7.338832485340046e-05,0.04279077036308128,0.060440976390006736,0.8966948649220583,25,30,20
31,2196,3.6075486537176684e-23,0.042536443619586334,0.03747397618831044,0.9199895801921031,25,30,20
31,2197,2.0626679851373584e-22,0.04253637502917812,0.03746675104239628,0.9199968739284258,25,30,20
31,2198,5.261224604701883e-22,0.042524520758913976,0.037489423666586794,0.9199860555744993,25,30,20
31,2199,2.7977856460282795e-20,0.04253637140691029,0.03746768871228391,0.9199959398808059,25,30,20
31,2200,1.7905100670025916e-15,0.03999992411463738,0.009053622848508323,0.9509464530368525,25,30,20
31,2201,9.877118313146916e-21,0.03999992411366505,2.4708350955847955e-05,0.9599753675353792,25,30,20
31,2202,1.9416966209712848e-20,0.03999075595062974,2.0627523956167882e-05,0.9599886165254142,25,30,20
31,2203,9.704796937292654e-21,0.03999999348223285,8.806311489847943e-06,0.9599912002062776,25,30,20
31,2204,9.368296940114634e-23,0.03999999348223254,0.018085490882688432,0.9419145156350791,25,30,20
31,2205,3.1406773746271268e-25,0.03999999348223254,0.0002022754909023014,0.9597977310268649,25,30,20
31,2206,7.117343526296971e-25,0.03999958140453264,0.00019961212390537706,0.9598008064715619,25,30,20
31,2207,2.0532900824688957e-25,0.039999837769612655,0.00020954929398844823,0.959790612936399,25,30,20
31,2208,1.839566611514021e-22,0.03999999588720242,0.0005966343906512066,0.9594033697221462,25,30,20
31,2209,1.4507016347691916e-23,0.03999999895279453,0.0006046534047102372,0.9593953476424955,25,30,20
31,2210,6.789111300083784e-26,0.039999765573257046,0.00017083161177283135,0.9598294028149703,25,30,20
31,2211,1.1765879940163264e-25,0.039999765573257046,1.1153917942242523e-05,0.9599890805088009,25,30,20
31,2212,4.851290036515963e-22,0.0399999439459187,1.397744399950641e-05,0.9599860786100817,25,30,20
31,2213,6.617763133778658e-22,0.03975747070688472,0.00025954250185321255,0.9599829867912623,25,30,20
31,2214,6.872859266396358e-22,0.03976674403764231,0.03729836652696715,0.9229348894353905,25,30,20
31,2215,3.6785644570120707e-25,0.03976674403664916,0.04088518792267706,0.9193480680406735,25,30,20
31,2216,1.3646742276347216e-12,0.03999987182225397,0.05611988861262181,0.9038802395637596,25,30,20
31,2217,1.3646742275012103e-12,0.03999999993847951,0.0470528930236052,0.9129471070365508,25,30,20
31,2218,8.373205889550248e-13,0.03999069995344668,0.04705139345858005,0.9129579065871362,25,30,20
31,2219,2.7030992462482616e-09,0.03999999649149618,0.047046966644438755,0.9129530341609658,25,30,20
31,2220,4.910422142675245e-11,0.03999999534530976,0.04705379164313183,0.9129462129624544,25,30,20
31,2221,0.010516813685678863,0.03999999994657831,0.029483796774639942,0.9199993895931029,25,30,20
31,2222,0.010516813685678863,0.03998807357762649,0.029506005012167904,0.9199891077245269,25,30,20
31,2223,0.010516813685678863,0.03998807357762648,0.029498222259894874,0.9199968904767997,25,30,20
31,2224,8.46889615198024e-13,0.03981898125646885,0.04018551713783675,0.9199955016048473,25,30,20
31,2225,8.874514007939802e-08,0.04001734080652991,0.04000725388576238,0.9199753165625676,25,30,20
31,2226,0.01657016341646064,0.03999994402931655,0.023449798798412535,0.9199800937558104,25,30,20
31,2227,0.01657016341646064,0.039999944029316864,0.023430550254928982,0.9199993422992935,25,30,20
31,2228,8.260102081359634e-10,0.039999944079888834,0.03937459995267255,0.9206254551414286,25,30,20
31,2229,8.260102081359833e-10,0.03999994407988945,0.0393828654501028,0.9206171896439973,25,30,20
31,2230,8.260102081634229e-10,0.03999994407988946,0.03939170683895465,0.9206083482551456,25,30,20
31,2231,8.260102081634146e-10,0.03999999870200952,0.07706475700095186,0.8829352434710281,25,30,20
31,2232,1.4921354451324994e-07,0.04000052019221568,0.0776867781074709,0.8823125524867685,25,30,20
31,2233,2.0756157010422867e-07,0.04225877914791006,0.0754197858894975,0.882321227401022,25,30,20
31,2234,3.9058561649575204e-24,0.039990756176410604,0.07768811523704348,0.8823211285865462,25,30,20
31,2235,3.7636692441468866e-24,0.039990756176410604,0.07768802248886532,0.882321221334724,25,30,20
31,2236,3.2672602797921964e-15,0.039999997374429885,0.07998489956668,0.8800151030588869,25,30,20
31,2237,3.584585265791466e-20,0.03999962875854015,0.08000098388693833,0.8799993873545219,25,30,20
31,2238,2.1622299777799886e-11,0.039999628501089755,0.08001881179885528,0.8799815596784325,25,30,20
31,2239,1.9982255453239982e-19,0.040000296669268805,0.07996321010477511,0.8800364932259561,25,30,20
31,2240,1.4784666981467883e-16,0.040000015600718315,0.08001669326742356,0.8799832911318581,25,30,20
31,2241,4.0314566116730995e-06,0.040000179935207714,0.07999676432667716,0.8799990242815033,25,30,20
31,2242,3.6685234058679494e-05,0.039999950471585666,0.07997383442730523,0.8799895298670504,25,30,20
31,2243,0.003597223984551332,0.040034925193403945,0.0763371771926574,0.8800306736293874,25,30,20
31,2244,7.624209633100478e-05,0.040034925475367196,0.0798482086853281,0.8800406237429736,25,30,20
31,2245,7.259067594795323e-07,0.03999681004899817,0.07776465431627574,0.8822378097279666,25,30,20
31,2246,1.1916202577538415e-09,0.03999076379360661,0.0803708532574365,0.8796383817573366,25,30,20
31,2247,3.943110285208485e-12,0.03999075227826069,0.07765437543390065,0.8823548722838956,25,30,20
31,2248,2.2364647846152294e-10,0.03999075227826049,0.07781300672779595,0.882196240770297,25,30,20
31,2249,4.401443348445477e-09,0.03999161228686638,0.07838318115382026,0.88162520215787,25,30,20
31,2250,5.676217324628519e-15,0.03999076400683644,0.04704361279768283,0.912965623195475,25,30,20
31,2251,5.670556903968551e-15,0.039999997153828265,0.04704184255423141,0.9129581602919344,25,30,20
31,2252,3.528264322441113e-20,0.03999999986342239,0.04000818423824537,0.9199918158983325,25,30,20
31,2253,5.801039225197794e-22,0.03999075370502063,0.04013741604214442,0.9198718302528346,25,30,20
31,2254,1.4911278556627507e-23,0.039999941189298,0.039955937620247683,0.9200441211904544,25,30,20
31,2255,1.1776051090578879e-23,0.039999941189298,0.0399561218781324,0.9200439369325695,25,30,20
31,2256,8.952878794208395e-15,0.04000000004863884,0.03877451319276719,0.921225486758585,25,30,20
31,2257,8.952888506223988e-15,0.04000000004865657,0.038788124592845266,0.9212118753584895,25,30,20
31,2258,3.9019813247295167e-13,0.03999999988812741,0.040312715318467536,0.9196872847930148,25,30,20
31,2259,1.0621975919621987e-13,0.03999999988453752,0.04888949022759485,0.9111105098877614,25,30,20
31,2260,0.004519119481040201,0.04000000003017987,0.04434595514091301,0.9111349253478668,25,30,20
31,2261,5.46603447819703e-08,0.039988073677808954,0.047686960024175634,0.9123249116376708,25,30,20
31,2262,5.374934486993215e-08,0.03999979070208635,0.040454541709982694,0.9195456138385861,25,30,20
31,2263,4.798070418217494e-18,0.03999999715213813,0.04001104841716583,0.9199889544306963,25,30,20
31,2264,3.786731583668301e-18,0.03999999534616015,0.040014688590428796,0.9199853160634113,25,30,20
31,2265,1.1458381917906653e-16,0.03999999534622428,0.040002172630659326,0.9199978320231165,25,30,20
31,2266,3.650713370065567e-13,0.039999999952483815,0.039959099883713795,0.9200409001634374,25,30,20
31,2267,1.859175310708462e-18,0.03998807351558427,0.0376565215109597,0.9223554049734561,25,30,20
31,2268,1.859175110117086e-18,0.03999999715301476,0.03784843126871988,0.9221515715782654,25,30,20
31,2269,1.8591667275198694e-18,0.03998807345087139,0.03767174069847553,0.9223401858506531,25,30,20
31,2270,1.8591751640075506e-18,0.03999979065221217,0.03810403045089752,0.9218961788968904,25,30,20
31,2271,8.429967261965076e-15,0.0399997906557547,0.0804106656575731,0.8795895436866635,25,30,20
31,2272,9.854266589882492e-14,0.06996474520165187,0.05064133243530529,0.879393922362944,25,30,20
31,2273,2.2618216213796654e-21,0.07999999701666821,0.03999817111014401,0.8800018318731878,25,30,20
31,2274,3.4964107853645226e-20,0.079990536753795,0.040451758967948656,0.8795577042782561,25,30,20
31,2275,6.809636860854377e-18,0.07999038440450912,0.03742139898465468,0.8825882166108362,25,30,20
31,2276,1.2157564214716892e-12,0.07999059080833781,0.05313034403313858,0.8668790651573076,25,30,20
31,2277,1.2157563726814224e-12,0.0799999913720042,0.03751396937389696,0.8824860392528829,25,30,20
31,2278,3.0568910726115543e-21,0.07999999137210205,0.04046868877890168,0.8795313198489962,25,30,20
31,2279,1.042479416704024e-23,0.0799967341397303,1.6821070973496418e-05,0.9199864447892963,25,30,20
31,2280,3.1521535590955955e-17,0.07998801384871296,0.00017697543853057959,0.9198350107127565,25,30,20
31,2281,8.454222736271222e-24,0.07999999521459601,7.704011151122527e-07,0.919999234384289,25,30,20
31,2282,6.032479735847574e-25,0.07999999521459601,3.244914685920875e-06,0.9199967598707182,25,30,20
31,2283,1.565005680807435e-18,0.07999045298089018,1.5337596650436403e-05,0.9199942094224594,25,30,20
31,2284,1.5928236299329779e-18,0.07999167424466308,3.276044946355105e-05,0.9199755653058734,25,30,20
31,2285,1.5926534171888852e-18,0.07999167424464565,1.766781179651619e-05,0.9199906579435578,25,30,20
31,2286,2.8013686324776863e-20,0.07999963973050757,0.007036125590728586,0.912964234678764,25,30,20
31,2287,5.654671007851715e-22,0.0799996932914656,9.346625402155663e-07,0.9199993720459942,25,30,20
31,2288,1.710254057945523e-25,0.07999999507487084,1.0696345343507863e-05,0.9199893085797857,25,30,20
31,2289,2.744611775270266e-20,0.07998664011217958,0.00022403509251776876,0.9197893247953027,25,30,20
31,2290,2.0610728749454894e-25,0.07999999527862918,0.00019913541933317376,0.9198008693020376,25,30,20
31,2291,1.0194554907844104e-20,0.07999269420915356,1.8321013874370433e-05,0.919988984776972,25,30,20
31,2292,9.71923747852245e-21,0.07998807066718822,0.00018950257277753049,0.9198224267600342,25,30,20
31,2293,1.542403143348757e-18,0.07176810790380263,0.008957471090465498,0.9192744210057319,25,30,20
31,2294,1.7031175926380918e-22,0.07999999528054774,0.00015464910936577954,0.9198453556100867,25,30,20
31,2295,4.845502812660616e-22,0.07999999626132553,1.4330289939485296e-05,0.9199856734487352,25,30,20
31,2296,2.7861537602935155e-21,0.07999994396977678,0.04040490969521368,0.8795951463350099,25,30,20
31,2297,4.604679046185049e-20,0.07999995903799158,0.04001139873689315,0.8799886422251155,25,30,20
31,2298,4.6040772128789083e-20,0.07999980577208804,0.04000857424851933,0.8799916199793928,25,30,20
31,2299,4.90107470575297e-22,0.11999973178596589,8.772507876391513e-06,0.8799914957061575,25,30,20
31,2300,1.7062466726924008e-22,0.11999961972087844,1.1248489427450192e-05,0.8799891317896943,25,30,20
31,2301,9.83756622183565e-21,0.11999972815149774,0.00016812669596679293,0.8798321451525354,25,30,20
31,2302,6.493893548450768e-19,0.11999054519873352,3.0759449924532514e-05,0.8799786953513419,25,30,20
31,2303,2.0631334806221488e-25,0.11999978042068166,8.661602621731656e-06,0.8799915579766967,25,30,20
31,2304,4.8167500556252665e-22,0.11999978042066424,3.0759317570091403e-06,0.8799971436475786,25,30,20
31,2305,1.8016029888196775e-22,0.11947976382278135,0.0005204938195537344,0.8799997423576652,25,30,20
31,2306,9.798728398615709e-24,0.11947976382278197,0.0005486743510720899,0.8799715618261462,25,30,20
31,2307,9.849034418183103e-24,0.11947976230798851,0.0005242727430742062,0.8799959649489374,25,30,20
31,2308,1.2834294822758493e-23,0.11947976508967878,0.0006787181229407175,0.8798415167873805,25,30,20
31,2309,1.8617041856376334e-23,0.11946788711853522,0.0005436962927152237,0.8799884165887498,25,30,20
31,2310,2.0163252669997863e-23,0.1199999947040013,5.329991098805171e-07,0.8799994722968889,25,30,20
31,2311,3.695845412364409e-24,0.11976666965853669,0.00023356959717624182,0.8799997607442872,25,30,20
31,2312,5.6310585295031405e-22,0.11981876909974751,0.00018156156647154966,0.879999669333781,25,30,20
31,2313,5.658921370451292e-22,0.11981876909974751,0.00038063696026995693,0.8798005939399829,25,30,20
31,2314,5.660939198463996e-22,0.11981856197760958,0.00018994892804597734,0.8799914890943447,25,30,20
31,2315,3.152393956821149e-17,0.11981876783287308,0.00019218255499498803,0.8799890496121321,25,30,20
31,2316,3.152394497180845e-17,0.11981876728402419,0.0007733990533713885,0.8794078336626047,25,30,20
31,2317,1.7895526116934633e-22,0.11999999425543882,0.0007777290200406694,0.8792222767245207,25,30,20
31,2318,1.7890142441023266e-22,0.11998807054650334,0.000591071853022576,0.8794208576004741,25,30,20
31,2319,2.7616620363477485e-20,0.11997882655480202,0.03823280367188382,0.8417883697733138,25,30,20
31,2320,2.268137618393758e-14,0.11976620967639148,0.03864147574837777,0.841592314575208,25,30,20
31,2321,2.2681376022224016e-14,0.11976641531654841,0.03864082890478735,0.8415927557786415,25,30,20
31,2322,9.731349722304234e-18,0.11999962477019191,0.039947473669109154,0.8400529015606989,25,30,20
31,2323,9.731179780987978e-18,0.11999978413738255,0.039957097214145594,0.8400431186484718,25,30,20
31,2324,2.309631367544529e-21,0.11999975977943012,0.040010098765603186,0.8399901414549666,25,30,20
31,2325,2.3067596206070207e-21,0.11999054368761687,0.04001921451623499,0.8399902417961481,25,30,20
31,2326,2.592707606390279e-18,0.11999047430597462,0.04001977625412308,0.8399897494399023,25,30,20
31,2327,4.831160973745972e-25,0.11998756588391686,3.303959720547868e-05,0.8799793945188779,25,30,20
31,2328,5.737479743945913e-22,0.11998472124906408,2.5694451318831643e-05,0.879989584299617,25,30,20
31,2329,5.653584452092564e-22,0.11997598193291797,3.157476677106199e-05,0.879992443300311,25,30,20
31,2330,1.2183730876467742e-18,0.11997597584180347,0.008889048119308253,0.8711349760388881,25,30,20
31,2331,1.217807786468784e-18,0.11999984976450571,0.008875289131417295,0.871124861104077,25,30,20
31,2332,1.2585488876168269e-18,0.1199998526026093,0.04594237391950227,0.8340577734778885,25,30,20
31,2333,4.123434551828633e-20,0.11999985265919064,0.03707833317991573,0.8429218141608935,25,30,20
31,2334,7.336250110191689e-18,0.11999985260259391,0.04097793392684443,0.8390222134705614,25,30,20
31,2335,7.336248653043866e-18,0.10031441444297809,0.05988378511238139,0.8398018004446405,25,30,20
31,2336,4.107645989543229e-16,0.1003112914826592,0.06025879379878552,0.8394299147185549,25,30,20
31,2337,3.859528899365983e-09,0.11998756935061092,0.03713810307420942,0.8428743237156504,25,30,20
31,2338,1.401467814944098e-19,0.11999673037591747,0.04000649889470465,0.8399967707293778,25,30,20
31,2339,2.3398490356858662e-14,0.11999361575398584,0.03995792043273522,0.8400484638132556,25,30,20
31,2340,1.2875830308510432e-19,0.11999999448505154,0.0400054562419424,0.8399945492730061,25,30,20
31,2341,1.2875284700990757e-19,0.11999978798388133,0.04001051353930994,0.8399896984768087,25,30,20
31,2342,3.9433365990423536e-12,0.11999978771840798,0.04016490181518047,0.8398353104624683,25,30,20
31,2343,3.943336599042263e-12,0.11999958120586621,0.04016756909054271,0.8398328496996479,25,30,20
31,2344,2.9876047491730053e-09,0.12000037070186172,0.040156722241865346,0.8398429040686682,25,30,20
31,2345,2.9876047491730053e-09,0.12000036882311173,0.04000268701249638,0.8399969411767871,25,30,20
31,2346,1.0034282743827321e-19,0.1200001761322093,0.0472369210233774,0.8327629028444131,25,30,20
31,2347,1.7564865604541675e-25,0.1599993468119251,0.007232622166339488,0.8327680310217356,25,30,20
31,2348,3.2494631374500355e-25,0.1599995054018094,0.007232471091643206,0.8327680235065474,25,30,20
31,2349,6.254054016756727e-24,0.15176761792490626,0.008232826991590973,0.8399995550835025,25,30,20
31,2350,1.474461489288171e-23,0.15176761792490565,0.00823623975351085,0.8399961423215834,25,30,20
31,2351,1.1676650331858466e-23,0.1594793985868413,0.0005243896750163883,0.8399962117381422,25,30,20
31,2352,5.530622690913419e-19,0.15998389699150345,2.342896327094386e-05,0.8399926740452257,25,30,20
31,2353,5.653561736000947e-22,0.1597667333272848,0.0006856227378356713,0.8395476439348795,25,30,20
31,2354,2.0290813480143315e-22,0.15998806786234468,0.00045887491865625866,0.8395530572189991,25,30,20
31,2355,3.6602371028644006e-24,0.15976253952865743,0.0002467863261887463,0.8399906741451538,25,30,20
31,2356,1.7401599847931827e-22,0.1599880646588124,1.2091809567663712e-05,0.83999984353162,25,30,20
31,2357,5.683772641998967e-22,0.15999051640297268,0.0001676583751463703,0.8398418252218811,25,30,20
31,2358,5.656861039103207e-22,0.1599864016175079,2.1780455463814e-05,0.8399918179270284,25,30,20
31,2359,3.25223024925652e-20,0.15963514841754006,0.000365289374294799,0.8399995622081652,25,30,20
31,2360,7.802666958701402e-22,0.15962172416181825,0.0003787860729255705,0.8399994897652561,25,30,20
31,2361,1.2311841021850987e-23,0.15999595147925955,7.569385480677689e-06,0.8399964791352598,25,30,20
31,2362,9.713007666617184e-21,0.1599904742304891,2.2891230648023316e-05,0.8399866345388628,25,30,20
31,2363,9.713256604059677e-21,0.15981866000307018,0.0002002084653333617,0.8399811315315964,25,30,20
31,2364,9.713054606339144e-21,0.15999988413236696,0.008644611323400503,0.8313555045442326,25,30,20
31,2365,1.2077825885701471e-23,0.15947970819641025,0.009358305869103148,0.8311619859344868,25,30,20
31,2366,2.0368743281058795e-23,0.15947981811629766,0.0005410434784250038,0.8399791384052776,25,30,20
31,2367,5.803234926727852e-22,0.15947657054895803,0.0005551340920298567,0.8399682953590122,25,30,20
31,2368,2.015699729655959e-23,0.15976632254318948,0.0003938266323485623,0.8398398508244617,25,30,20
31,2369,1.1829673518832694e-23,0.15999587422419562,0.00016884146513214353,0.8398352843106722,25,30,20
31,2370,1.8754844905014099e-22,0.15999587422419562,1.3826223909743238e-05,0.8399902995518947,25,30,20
31,2371,6.681951723463322e-22,0.1599995662417441,1.3925748430611688e-05,0.8399865080098253,25,30,20
31,2372,3.6557622966092985e-24,0.15999955208828737,1.0931284160405915e-05,0.8399895166275523,25,30,20
31,2373,3.0487606410205302e-24,0.15999992111658431,6.160021157279847e-07,0.8399994628813,25,30,20
31,2374,5.530446792491641e-19,0.15999983396797565,8.19409190598841e-06,0.8399919719401184,25,30,20
31,2375,5.535301200640741e-19,0.14421149825909907,0.01624068821150833,0.8395478135293927,25,30,20
31,2376,5.535278774423393e-19,0.15999039233898224,0.00046222978282483846,0.8395473778781927,25,30,20
31,2377,9.706172847997007e-22,0.15980957388230757,0.0006426071653260727,0.8395478189523662,25,30,20
31,2378,5.504047330403974e-19,0.15981881317340746,0.00038742311241945175,0.839793763714173,25,30,20
31,2379,3.9562926698268164e-24,0.15981897046110544,0.0006252981358109368,0.8395557314030835,25,30,20
31,2380,1.3777194519777624e-23,0.1597494737731081,0.0002588242739338225,0.839991701952958,25,30,20
31,2381,2.7195999512250623e-23,0.15975749611732387,0.0005425536135185931,0.8396999502691576,25,30,20
31,2382,8.874557604058243e-24,0.15981892323746177,0.00033064551266402843,0.8398504312498741,25,30,20
31,2383,1.0099942049271476e-23,0.1598068923648224,0.0001931265734984582,0.839999981061679,25,30,20
31,2384,1.2487539555997096e-25,0.1598146958374852,0.00020626309986148308,0.8399790410626534,25,30,20
31,2385,2.793318424717743e-20,0.15947158486110619,0.0013111994784735185,0.8392172156604203,25,30,20
31,2386,2.792977963286602e-20,0.15997966855186183,2.123503017365289e-05,0.8399990964179643,25,30,20
31,2387,2.7929618897194604e-20,0.1599837473932696,2.229761277879755e-05,0.8399939549939515,25,30,20
31,2388,8.829396827979641e-24,0.14951838348162932,0.010701407883933539,0.839780208634437,25,30,20
31,2389,1.2157745059517822e-23,0.1599997818182576,0.00021232455680062233,0.8397878936249417,25,30,20
31,2390,1.2158671745012814e-23,0.15999963768433997,0.0002023813303647108,0.8397979809852955,25,30,20
31,2391,6.026426652203036e-24,0.15999978001900542,0.007041450193699066,0.8329587697872955,25,30,20
31,2392,1.7587076751038986e-22,0.15998806031959617,0.009035032587941945,0.8309769070924621,25,30,20
31,2393,1.816886310344144e-22,0.1599875580562297,0.00038391988800806653,0.8396285220557624,25,30,20
31,2394,3.455279773225956e-24,0.15999978027221087,1.466331612712557e-05,0.839985556411662,25,30,20
31,2395,3.641623801398919e-24,0.1599998253064547,1.743642291481944e-05,0.8399827382706306,25,30,20
31,2396,6.521554489363923e-22,0.1593270694611003,0.0006849999999541822,0.8399879305389455,25,30,20
31,2397,2.6706325704364685e-25,0.15932723243586613,0.0006838098333582052,0.8399889577307758,25,30,20
31,2398,1.5645408231523866e-18,0.159995874780287,1.2586592236482597e-05,0.8399915386274767,25,30,20
31,2399,1.2050590441015172e-20,0.15999941220859604,1.791531243414925e-05,0.8399826724789697,25,30,20
31,2400,1.1395537714570664e-20,0.15999945922866307,1.6597404803894388e-05,0.839983943366533,25,30,20
31,2401,1.1398672123772e-20,0.15999961861072567,2.0123661454273404e-05,0.8399802577278201,25,30,20
31,2402,1.1880069523801642e-20,0.1599994662307352,2.1148241962145434e-05,0.8399793855273026,25,30,20
31,2403,3.474510435479831e-24,0.15999967263630568,1.7631195802783476e-05,0.8399826961678916,25,30,20
31,2404,3.158499485173642e-24,0.15933127524789903,0.0015459356189461287,0.8391227891331549,25,30,20
31,2405,9.72045677099778e-21,0.15999659599225682,0.0005912415858968631,0.8394121624218461,25,30,20
31,2406,2.0262848914345468e-22,0.1593311214867697,0.0006929214498246533,0.8399759570634057,25,30,20
31,2407,9.903461307804698e-21,0.15933120117113087,0.0006848966578822337,0.8399839021709871,25,30,20
31,2408,2.734294658654117e-20,0.1599879081944318,0.00017651639991179982,0.8398355754056565,25,30,20
31,2409,1.3339488885963572e-23,0.1599878332644531,2.267234679182491e-05,0.839989494388755,25,30,20
31,2410,1.333549841362193e-23,0.15947051052670913,0.0005434889158518638,0.8399860005574389,25,30,20
31,2411,3.201944141053586e-20,0.15894024542748958,0.0010703581203306666,0.8399893964521798,25,30,20
31,2412,3.18128214402054e-20,0.15947653547321167,0.000537593185857932,0.8399858713409306,25,30,20
31,2413,4.068604038376231e-25,0.15999978539118262,8.481225706517863e-06,0.8399917333831106,25,30,20
31,2414,5.505893828964843e-19,0.15999972200868007,0.00021249041803196998,0.8397877875732882,25,30,20
31,2415,8.567426832636579e-24,0.1599996743884794,1.885863831649525e-05,0.8399814669732042,25,30,20
31,2416,6.424963911473916e-26,0.15999983530747353,1.0590120201839515e-05,0.8399895745723246,25,30,20
31,2417,5.6552195384758295e-22,0.15998446481787962,2.6127663811730812e-05,0.8399894075183088,25,30,20
31,2418,1.0570860849081364e-21,0.15981547182792094,0.00034540387583359726,0.8398391242962455,25,30,20
31,2419,5.018373918510518e-22,0.1599998794114169,0.00032620894951609236,0.8396739116390671,25,30,20
31,2420,4.951627000587243e-22,0.15952907139243555,0.000635133329304509,0.8398357952782599,25,30,20
31,2421,1.1397494564163412e-20,0.1597704822149127,0.0002402513927394486,0.8399892663923478,25,30,20
31,2422,1.1397546932049938e-20,0.15998265672129228,2.537261461168371e-05,0.839991970664096,25,30,20
31,2423,1.2436891891195862e-23,0.15999944901865715,8.082397875679349e-07,0.8399997427415553,25,30,20
31,2424,2.085991933691751e-25,0.15997882939474573,2.1549304613497515e-05,0.8399996213006408,25,30,20
31,2425,3.5012064591691875e-25,0.159526677695494,0.0004736150825263949,0.8399997072219796,25,30,20
31,2426,2.020920783111742e-25,0.1595477731043366,0.0006510525177403321,0.839801174377923,25,30,20
31,2427,3.271853818637889e-20,0.15954442665878565,0.0006598270148159859,0.8397957463263984,25,30,20
31,2428,3.22286090463057e-20,0.15999636522217833,0.00021330825463859488,0.839790326523183,25,30,20
31,2429,8.427594827423485e-15,0.11976754551218388,0.04038728799876666,0.8398451664890407,25,30,20
31,2430,1.2851658633983741e-19,0.12004901148287846,0.03995137652270317,0.8399996119944183,25,30,20
31,2431,1.28525184479353e-19,0.12004892241212098,0.0399516816875666,0.8399993959003126,25,30,20
31,2432,1.3886637560454242e-11,0.12112065688007644,0.03888765072338896,0.8399916923826477,25,30,20
31,2433,1.3886637559762354e-11,0.12117289593504507,0.038830014500126596,0.8399970895509417,25,30,20
31,2434,4.1107950910206237e-16,0.12000084237778612,0.040156202154280514,0.8398429554679331,25,30,20
31,2435,1.7515208064826774e-14,0.12102959584611889,0.03912495455277821,0.8398454496010853,25,30,20
31,2436,1.751520806488584e-14,0.1013442938790293,0.05865583373269522,0.8399998723882581,25,30,20
31,2437,7.558868646085358e-08,0.10031519791533754,0.05872756921680012,0.8409571572791761,25,30,20
31,2438,7.558868646085342e-08,0.12000050179291928,0.039034556969517034,0.840964865648877,25,30,20
31,2439,8.617471632447013e-13,0.11947981251966487,0.04053706521100395,0.8399831222684694,25,30,20
31,2440,8.617471627715725e-13,0.11999973268836536,0.04000372147096112,0.8399965458398116,25,30,20
31,2441,0.01640609897143237,0.11999973475482772,0.02361286984854718,0.8399812964251926,25,30,20
31,2442,4.827287314300108e-11,0.11999985534800608,0.04002110348416214,0.8399790411195588,25,30,20
31,2443,3.2263790345875126e-20,0.11997458377248513,0.04023416149881818,0.8397912547286965,25,30,20
31,2444,3.9670910756027077e-23,0.11998806719700657,0.0400191902552532,0.83999274254774,25,30,20
31,2445,3.977771235462754e-23,0.11999978028615627,0.04001539164069128,0.8399848280731524,25,30,20
31,2446,1.0925717407320932e-21,0.1199954837543742,0.08001514879331963,0.7999893674523062,25,30,20
31,2447,4.614093141814604e-13,0.12003523598855118,0.03991879641726122,0.8400459675937259,25,30,20
31,2448,3.790091185029951e-11,0.11998801626942346,0.039993284841206116,0.8400186988514692,25,30,20
31,2449,8.429759360383252e-15,0.11981898113450981,0.04757592170172071,0.832605097163761,25,30,20
31,2450,2.745542433449273e-20,0.11999567479975383,0.014573865143871925,0.8654304600563744,25,30,20
31,2451,6.732079116876095e-19,0.11976631817942636,0.007565400181101258,0.8726682816394724,25,30,20
31,2452,1.1914937344987472e-18,0.11976225830970941,0.0010109177906730555,0.8792268238996176,25,30,20
31,2453,4.931629514941032e-22,0.1199837483755396,2.01769078630311e-05,0.8799960747165976,25,30,20
31,2454,1.1885887457109892e-23,0.11999572186634382,8.030407469059264e-06,0.879996247726187,25,30,20
31,2455,4.499882134280801e-25,0.11999176468211464,8.811076905367324e-06,0.87999942424098,25,30,20
31,2456,5.321432101781192e-25,0.11998663712865,1.3556357476806957e-05,0.8799998065138732,25,30,20
31,2457,9.704548560908922e-21,0.11999582402931357,4.523339867365664e-06,0.8799996526308191,25,30,20
31,2458,9.874640956245257e-21,0.11998663593390085,1.7211064120414716e-05,0.8799961530019788,25,30,20
31,2459,9.881447376886999e-21,0.11932204931525671,0.0006816810608272231,0.8799962696239162,25,30,20
31,2460,9.717050564568173e-21,0.10217473097550948,0.017833447105157753,0.8799918219193327,25,30,20
31,2461,1.027041934320581e-20,0.11980702129458962,0.00019329577635801985,0.8799996829290524,25,30,20
31,2462,9.707540123121848e-21,0.11999999609760514,1.3138596424956368e-05,0.8799868653059698,25,30,20
31,2463,3.1372197949133e-24,0.1199999998182786,1.0965021596593231e-05,0.8799890351601247,25,30,20
31,2464,8.705332740632906e-24,0.11999983772050316,2.095487985721161e-05,0.8799792073996396,25,30,20
31,2465,1.8778001761714062e-25,0.11932707484189167,0.0006845593973543195,0.879988365760754,25,30,20
31,2466,2.993558800015315e-24,0.11932816357309711,0.0006861471998133484,0.8799856892270895,25,30,20
31,2467,5.967930917540135e-15,0.11999252832069296,0.0005926665657341334,0.8794148051135668,25,30,20
31,2468,3.405853838717177e-22,0.11999962731267452,1.996984633834337e-05,0.8799804028409872,25,30,20
31,2469,1.7032231004304182e-22,0.11999993666705525,0.0005711010466713044,0.8794289622862734,25,30,20
31,2470,4.816062008978863e-22,0.11999971379927776,8.78959847116658e-06,0.8799914966022512,25,30,20
31,2471,1.8413569406901328e-23,0.11998162177138058,0.0005377861452031921,0.8794805920834164,25,30,20
31,2472,2.742682144607002e-23,0.11999042960061676,0.0005160142397467326,0.8794935561596365,25,30,20
31,2473,1.7185617265604483e-23,0.11999973461646157,0.0003027653075767499,0.8796975000759617,25,30,20
31,2474,8.53776242093409e-24,0.11999038443871514,0.0003121681295955804,0.8796974474316893,25,30,20
31,2475,8.602029562514556e-24,0.11999983642961701,8.224119445276254e-07,0.8799993411584385,25,30,20
31,2476,1.2255593068786958e-23,0.11999987033345566,5.620817731982775e-07,0.8799995675847712,25,30,20
31,2477,5.756672595109438e-25,0.11998395659583853,0.0004731454716612685,0.8795428979325002,25,30,20
31,2478,1.5782873536352876e-23,0.11976712155574504,0.0006795481470115349,0.8795533302972436,25,30,20
31,2479,1.7202615010525168e-23,0.11999075477257552,2.803678825247694e-05,0.8799812084391719,25,30,20
31,2480,2.0053911526988002e-22,0.11999971728769637,1.1214228002755386e-05,0.8799890684843008,25,30,20
31,2481,5.802038311982643e-22,0.11981881680670371,0.0006342749753588002,0.8795469082179374,25,30,20
31,2482,1.1412753867172647e-23,0.11999059139860592,0.007696122661929191,0.8723132859394649,25,30,20
31,2483,6.733270852414966e-22,0.11976657683279242,0.0006886468762881339,0.8795447762909195,25,30,20
31,2484,8.307312836009584e-22,0.11999982999985308,2.4684130684102194e-05,0.8799754858694628,25,30,20
31,2485,3.406228936570101e-22,0.11999069983812814,3.138478493863798e-05,0.8799779153769333,25,30,20
31,2486,3.589929348492645e-22,0.11998764593656609,0.00023966051696121778,0.8797726935464726,25,30,20
31,2487,1.8055125154477998e-22,0.11946767545814257,0.0005427314763789084,0.8799895930654786,25,30,20
31,2488,1.632904364979586e-23,0.11946351263655798,0.0005601794290359259,0.879976307934406,25,30,20
31,2489,2.2607281596232225e-13,0.11946824359957574,0.04786140588846939,0.832670350511729,25,30,20
31,2490,5.360584717870544e-23,0.11946783432770902,0.040535288624780064,0.8399968770475108,25,30,20
31,2491,7.32944428066929e-18,0.10289275838152409,0.05710676160624491,0.8400004800122306,25,30,20
31,2492,7.329614276263037e-18,0.10287688132575833,0.0571327595838468,0.8399903590903948,25,30,20
31,2493,2.3385873451180447e-06,0.1200066238596321,0.038921769085323236,0.8410692684676995,25,30,20
31,2494,4.0414763499666075e-16,0.1199807611093188,0.040472741488407696,0.8395464974022728,25,30,20
31,2495,4.041206878521007e-16,0.11998076571389987,0.040037060334682,0.8399821739514178,25,30,20
31,2496,3.5247291880069546e-18,0.11999977807893661,0.03862151927964829,0.841378702641415,25,30,20
31,2497,1.3657287866533237e-16,0.11999956786982065,0.03696116349526964,0.8430392686349097,25,30,20
31,2498,1.3657256718784177e-16,0.1199997336890232,0.03697224619075321,0.8430280201202234,25,30,20
31,2499,1.2897834232289812e-19,0.11999995800408896,0.04001071734321753,0.8399893246526935,25,30,20
31,2500,1.2948130576667752e-19,0.11999670765955217,0.0400027213501345,0.8400005709903132,25,30,20
31,2501,1.1759150115703103e-19,0.11999555614047619,0.037065705190497636,0.8429387386690261,25,30,20
31,2502,9.155450372651575e-15,0.11999571906609365,0.04000483944402022,0.8399994414898769,25,30,20
31,2503,4.544856709154897e-06,0.1199954404431413,0.04019929829642165,0.839800716403728,25,30,20
31,2504,7.839560632100881e-08,0.11999971574133345,0.04001068766297602,0.8399895182000844,25,30,20
31,2505,7.839560632100881e-08,0.1199998555508224,0.04000046183240709,0.8399996042211643,25,30,20
31,2506,8.471500937809006e-13,0.11998794512352991,0.049323842491912274,0.8306882123837105,25,30,20
31,2507,8.47150093783975e-13,0.11998801744873999,0.040016054025649776,0.8399959285247631,25,30,20
31,2508,8.471501132029259e-13,0.11997471362305401,0.04003879263476604,0.8399864937413329,25,30,20
31,2509,8.471500942591716e-13,0.11977446251458183,0.0402259384925304,0.8399995989920407,25,30,20
31,2510,8.471500760302168e-13,0.11999999254089726,0.04001057518751657,0.839989432270739,25,30,20
31,2511,8.471500663375632e-13,0.11999972958755341,0.040215140249489814,0.8397851301621096,25,30,20
31,2512,8.471500665060195e-13,0.11998462010315493,0.040604413133071005,0.839410966762927,25,30,20
31,2513,2.7509925453697604e-09,0.11999659795685023,0.040007396926952286,0.8399960023652048,25,30,20
31,2514,1.657910877177473e-19,0.12004903919483141,0.0399630235004399,0.8399879373047285,25,30,20
31,2515,1.2785300642986216e-11,0.1199887118860406,0.009247503704749657,0.8707637843964245,25,30,20
31,2516,9.706694479082267e-21,0.11999680707278759,6.8978739611060565e-06,0.8799962950532515,25,30,20
31,2517,1.0251894877216447e-20,0.119984721317551,0.008891676476507845,0.8711236022059414,25,30,20
31,2518,4.845284579693352e-22,0.11999993660408599,5.5903338056910605e-06,0.8799944730621082,25,30,20
31,2519,4.816676820894592e-22,0.11999074852203942,9.462389424036018e-06,0.8799997890885366,25,30,20
31,2520,3.498322143095877e-24,0.11999075208233816,1.9890392697211003e-05,0.8799893575249645,25,30,20
31,2521,3.1235968174527245e-24,0.10997737287969583,0.01003320400274783,0.8799894231175566,25,30,20
31,2522,4.818055979610387e-22,0.11999998790245883,3.7629873270796076e-06,0.8799962491102141,25,30,20
31,2523,4.986232603163393e-22,0.1199998704975494,8.25343677315875e-07,0.8799993041587735,25,30,20
31,2524,9.633524097720473e-22,0.11999999575545127,3.669630506978554e-06,0.879996334614042,25,30,20
31,2525,3.1949052725329976e-24,0.11999983000013721,1.8493243570274956e-05,0.8799816767562925,25,30,20
31,2526,3.968121506845461e-24,0.11947981370953252,0.0010912155549317097,0.8794289707355355,25,30,20
31,2527,1.7445952512070632e-23,0.11999976272330733,3.98823346525572e-06,0.8799962490432275,25,30,20
31,2528,8.797486513252567e-24,0.11999983482534163,0.00016851240382495931,0.8798316527708336,25,30,20
31,2529,8.57116222884301e-24,0.11998799993475615,0.00017155888727697684,0.879840441177967,25,30,20
31,2530,3.050765346596351e-24,0.11999567204125071,1.848656600230186e-05,0.8799858413927468,25,30,20
31,2531,1.1786034526501617e-23,0.11999978773848761,1.2184736182877251e-05,0.8799880275253296,25,30,20
31,2532,1.1638876816165925e-23,0.11999979058344737,1.8534045511987563e-05,0.8799816753710407,25,30,20
31,2533,2.1408319619098578e-23,0.11999971547557906,9.102364674325063e-06,0.8799911821597468,25,30,20
31,2534,3.15294712861189e-17,0.11999998967797865,3.531681091692048e-06,0.8799964786409298,25,30,20
31,2535,3.152947128570562e-17,0.11999048935153728,2.3039646940696785e-05,0.8799864710015222,25,30,20
31,2536,3.152947424099993e-17,0.11999957630749306,3.5908598796713905e-06,0.8799968328326273,25,30,20
31,2537,1.736819034057643e-22,0.11999999296657013,5.823092215729694e-06,0.8799941839412142,25,30,20
31,2538,7.370937236623846e-22,0.11947981848830594,0.0007244460164064518,0.8797957354952877,25,30,20
31,2539,1.1950809527646741e-26,0.11999999572665292,7.935148565321e-06,0.8799920691247819,25,30,20
31,2540,2.984108481785019e-25,0.11999994264909226,6.760441552940462e-06,0.879993296909355,25,30,20
31,2541,4.3524506000371206e-24,0.11976241005366076,0.0003985534394283978,0.8798390365069108,25,30,20
31,2542,3.8582468481739606e-24,0.1197664170534587,0.00023761234173006845,0.879995970604811,25,30,20
31,2543,3.163019094840744e-24,0.11976647748619745,0.0002542030118013564,0.8799793195020011,25,30,20
31,2544,1.5743133007778518e-18,0.11909809512427028,0.0009375222021486084,0.879964382673581,25,30,20
31,2545,5.745872740609899e-26,0.11933114266338608,0.0006693309940101369,0.8799995263426037,25,30,20
31,2546,1.8019453817861684e-25,0.11131550457197596,0.008687728946367481,0.8799967664816566,25,30,20
31,2547,3.223164258120178e-20,0.11999663661385515,6.755665331251719e-06,0.8799966077208139,25,30,20
31,2548,1.228680556965009e-23,0.1199967988047696,6.279358844577019e-06,0.8799969218363859,25,30,20
31,2549,6.497539637129501e-24,0.11999587394745408,0.00020336237814677516,0.8798007636743992,25,30,20
31,2550,2.0609468054998048e-22,0.11998735348429351,2.690772273351632e-05,0.8799857387929729,25,30,20
31,2551,3.314829884805455e-24,0.1199968064325072,1.6797914958439493e-05,0.8799863956525341,25,30,20
31,2552,3.209143545078565e-24,0.1199968064325072,1.3966198262298234e-05,0.8799892273692304,25,30,20
31,2553,2.241510327357692e-25,0.11999680643248978,0.0003893312592660622,0.8796138623082441,25,30,20
31,2554,3.47669197221755e-24,0.11947976283509326,0.0009192618675443886,0.8796009752973625,25,30,20
31,2555,3.0032357223609365e-24,0.11999977941004633,0.00038879658161683955,0.8796114240083369,25,30,20
31,2556,1.1529404012702417e-23,0.11998801732352743,0.001123068401462485,0.8788889142750103,25,30,20
31,2557,3.51799136429737e-24,0.11999978538322646,0.00039003377923601157,0.8796101808375374,25,30,20
31,2558,1.0016711509000766e-23,0.11964841048888017,0.0003620778085574019,0.8799895117025625,25,30,20
31,2559,4.847205011497778e-27,0.11999999514777553,6.15958446088226e-07,0.8799993888937786,25,30,20
31,2560,1.705902182171593e-22,0.11999675032557705,0.0009383295323428,0.8790649201420804,25,30,20
31,2561,1.7889080217487606e-22,0.11999994389893978,0.0005844763936625413,0.8794155797073975,25,30,20
31,2562,2.0172717664719597e-25,0.1199999438989401,3.3494607390750504e-06,0.8799967066403208,25,30,20
31,2563,5.615103914054755e-26,0.11999994389954612,0.00020272774074396385,0.87979732835971,25,30,20
31,2564,1.8018250414900602e-22,0.11999674753788099,3.61607940762345e-06,0.8799996363827113,25,30,20
31,2565,4.907999187154908e-27,0.1199905898969506,1.2551026705166569e-05,0.8799968590763443,25,30,20
31,2566,1.8030764847287817e-22,0.11932194480192868,0.000700108619094832,0.8799779465789764,25,30,20
31,2567,2.1638287883872737e-25,0.11999038074344869,1.4045637756029204e-05,0.8799955736187954,25,30,20
31,2568,1.1393290317091245e-20,0.11998249473970597,0.00017251350004924616,0.879844991760245,25,30,20
31,2569,6.925585341005728e-24,0.11999067874507909,0.007248862534692217,0.8727604587202284,25,30,20
31,2570,4.817528218617171e-22,0.1199999905887865,1.9182524362282274e-05,0.8799808268868512,25,30,20
31,2571,1.1335000166505945e-21,0.11999998974186984,0.0005821624378225687,0.8794178478203074,25,30,20
31,2572,4.816947049674571e-22,0.11176810230172389,0.008820916731607256,0.8794109809666689,25,30,20
31,2573,4.819221859879841e-22,0.11176789542771846,0.008431070976421432,0.8798010335958601,25,30,20
31,2574,9.0219497672766e-21,0.10996813029138452,0.010050636168600793,0.8799812335400147,25,30,20
31,2575,4.90201983764795e-22,0.11999074733029257,3.0646945715124875e-05,0.8799786057239923,25,30,20
31,2576,6.558888634950349e-22,0.1198217691066762,0.00018921554341279914,0.8799890153499113,25,30,20
31,2577,7.879703082010439e-25,0.11999962563906856,1.2356472572070045e-05,0.8799880178883595,25,30,20
31,2578,5.002210500943781e-22,0.11981874457080631,0.00038984014028489966,0.8797914152889088,25,30,20
31,2579,3.053244640375105e-24,0.11998770195224182,1.905869309711073e-05,0.8799932393546611,25,30,20
31,2580,3.503295931177249e-24,0.11998770195224182,2.509264360331184e-05,0.8799872054041548,25,30,20
31,2581,7.597601922102597e-25,0.11998770195224182,2.97954452883009e-05,0.8799825026024698,25,30,20
31,2582,9.79800959971648e-24,0.11999978285210851,0.0007500267503321191,0.8792501903975594,25,30,20
31,2583,1.7698127208612665e-22,0.11999054000616562,0.0007612511912462937,0.879248208802588,25,30,20
31,2584,1.8747481376980166e-22,0.11999978411988563,0.00016635828299617402,0.8798338575971181,25,30,20
31,2585,8.719190964513592e-21,0.1097440519564288,0.010272150608161827,0.8799837974354093,25,30,20
31,2586,3.431780357213893e-24,0.11998785763550018,2.8447991866721284e-05,0.879983694372633,25,30,20
31,2587,1.305875365557988e-23,0.11999983026678322,9.803409715092013e-07,0.8799991893922453,25,30,20
31,2588,5.511095109641515e-19,0.10997710599462363,0.010173007381846842,0.8798498866235295,25,30,20
31,2589,5.511017511490795e-19,0.11999944949700765,0.009017732541439307,0.8709828179615532,25,30,20
31,2590,5.52132783826944e-19,0.11999268764072588,0.00036822115699361885,0.8796390912022807,25,30,20
31,2591,1.704644921451316e-22,0.11999582528001206,1.9884646572347937e-05,0.8799842900734156,25,30,20
31,2592,6.457540522864096e-19,0.08229896755497973,0.037709065188473945,0.8799919672565459,25,30,20
31,2593,2.3424329759242232e-14,0.0799967401567238,0.04102338164901185,0.8789798781942411,25,30,20
31,2594,7.338744562562068e-18,0.07999074994116678,0.04058317380738801,0.8794260762514452,25,30,20
31,2595,1.202584109935911e-19,0.043519254928942895,0.07649858236377385,0.879982162707283,25,30,20
31,2596,4.2562553875222675e-16,0.04000172233461429,0.08016669684239089,0.8798315808229944,25,30,20
31,2597,4.2562570030075496e-16,0.03999760943965376,0.08000553244232622,0.8799968581180196,25,30,20
31,2598,4.1293524854535724e-15,0.03999983839691044,0.08713584569571065,0.8728643159073747,25,30,20
31,2599,4.134086915276371e-15,0.04000086074657258,0.08093344493330216,0.8790656943201212,25,30,20
31,2600,7.173352205306644e-18,0.04004745469938891,0.08030946035863806,0.8796430849419729,25,30,20
31,2601,4.6067895035639656e-17,0.04004745440029489,0.08011270452700331,0.8798398410727017,25,30,20
31,2602,7.283854260534159e-18,0.04004745440029598,0.07996264468522513,0.8799899009144788,25,30,20
31,2603,1.3780024033942112e-19,0.07176097663524511,0.048241004523423905,0.8799980188413311,25,30,20
31,2604,1.378003386742469e-19,0.0717609766352454,0.04824867728665087,0.8799903460781038,25,30,20
31,2605,1.4178064047678846e-16,0.08000082700675716,0.03995697472936456,0.8800421982638782,25,30,20
31,2606,1.3554097031390365e-12,0.0799999998844031,0.039953116731432724,0.8800468833828086,25,30,20
31,2607,1.35540970313904e-12,0.07999999621258336,0.039955721280188004,0.8800442825058732,25,30,20
31,2608,2.233273856702945e-25,0.07999999627586982,0.04001076425345092,0.8799892394706794,25,30,20
31,2609,4.804885732224066e-13,0.07999999621259564,0.040236418614337716,0.8797635851725861,25,30,20
31,2610,8.468867629818058e-13,0.07999999347994168,0.04001820381068234,0.879981802708529,25,30,20
31,2611,8.468867629903148e-13,0.07998806980891583,0.04002027768921487,0.8799916525010225,25,30,20
31,2612,0.00019327154668912129,0.07998786776129092,0.0398442927173059,0.879974567974714,25,30,20
31,2613,0.00019327154668912129,0.07999992768747284,0.04001776953656335,0.8797890312292747,25,30,20
31,2614,8.469905126643812e-13,0.0799999228447285,0.04001522699192278,0.8799848501625018,25,30,20
31,2615,8.469905133141341e-13,0.07999999221302528,0.04032576206009905,0.8796742457260285,25,30,20
31,2616,0.00025317007811897206,0.07999999221303283,0.03995845970571521,0.8797883780031327,25,30,20
31,2617,0.0002531700781189721,0.07999680774957545,0.0399603683145199,0.8797896538577856,25,30,20
31,2618,8.687467616313769e-06,0.07999976332337062,0.04000411635859489,0.8799874328504182,25,30,20
31,2619,4.77588969108512e-11,0.0628438263212702,0.09476741337681277,0.8423887602541583,25,30,20
31,2620,4.7758896852381194e-11,0.08000031543745877,0.08000784056778848,0.839991843946994,25,30,20
31,2621,4.183432007110251e-16,0.08000047319747267,0.08000351886068403,0.8399960079418429,25,30,20
31,2622,1.2874999329095434e-19,0.07999999600398443,0.040008627632286714,0.8799913763637293,25,30,20
31,2623,1.2875012118451296e-19,0.0800000001148589,0.040207430944379674,0.8797925689407616,25,30,20
31,2624,8.413126325260668e-15,0.0799999961512154,0.04019922889078119,0.8798007749579949,25,30,20
31,2625,1.2367385525699956e-18,0.07999994393049524,0.038432909931984,0.8815671461375206,25,30,20
31,2626,2.378129326139575e-19,0.07999049092759497,0.03697038128026971,0.8830391277921352,25,30,20
31,2627,4.0325677578687954e-16,0.07997882946957445,0.040164824919588664,0.8798563456108365,25,30,20
31,2628,6.8936721829854195e-22,0.079996809945152,0.040212725696094305,0.8797904643587535,25,30,20
31,2629,5.190715197224955e-22,0.07999999579681563,0.04021691334719309,0.8797830908559914,25,30,20
31,2630,4.0773756013040705e-23,0.08000086103278078,0.0401619413243011,0.8798371976429182,25,30,20
31,2631,4.006217304959042e-16,0.07999999214694549,0.040008578337695805,0.8799914295153584,25,30,20
31,2632,2.2663179384231906e-20,0.07999999597441221,0.01560372683873767,0.9043962771868501,25,30,20
31,2633,2.2663214681155053e-20,0.0800000009123252,0.01560900789981814,0.9043909911878568,25,30,20
31,2634,1.817560021239456e-22,0.07976674036273834,0.0002336356727321654,0.9199996239645296,25,30,20
31,2635,3.2727961670533197e-24,0.07999999345711727,0.03696083897450285,0.8830391675683796,25,30,20
31,2636,4.1743210886539356e-16,0.07999999627470294,0.03994190830610492,0.8800580954191914,25,30,20
31,2637,4.174321171879379e-16,0.07999054380687705,0.04054021906253572,0.8794692371305868,25,30,20
31,2638,4.067718792966423e-09,0.07999054380702737,0.03999021771030923,0.8800192344149442,25,30,20
31,2639,4.067718792966424e-09,0.07976653189308579,0.040202428579508676,0.8800310354596868,25,30,20
31,2640,4.06772058999641e-09,0.07999998891998134,0.054234518217968375,0.8657654887943296,25,30,20
31,2641,4.067718792972681e-09,0.07999999498530413,0.054241373102086425,0.8657586278448908,25,30,20
31,2642,4.067718792972664e-09,0.07999979065031847,0.0543854135714796,0.8656147917104832,25,30,20
31,2643,4.06771879299387e-09,0.07999979065031852,0.04718894061482486,0.8728112646671375,25,30,20
31,2644,3.0771997286846782e-15,0.07999988432497954,0.01600678397506503,0.9039933316999523,25,30,20
31,2645,2.8493370974465915e-20,0.07999673499740279,0.007452119917596573,0.9125511450850005,25,30,20
31,2646,1.5652047674391712e-18,0.0799917124224454,3.242003018798878e-05,0.9199758675473666,25,30,20
31,2647,4.850276252541687e-22,0.0799956160690554,3.409441670396683e-05,0.9199702895142405,25,30,20
31,2648,3.661297589411224e-24,0.07999582808347293,1.8676082040674146e-05,0.9199854958344864,25,30,20
31,2649,1.012478388646571e-23,0.07999983120303433,1.1800440837523614e-05,0.919988368356128,25,30,20
31,2650,6.763889989972298e-26,0.07999978291740283,3.930132726283139e-06,0.9199962869498708,25,30,20
31,2651,4.915321199155877e-22,0.07999054532111236,1.304331283854996e-05,0.919996411366049,25,30,20
31,2652,2.917368129265828e-25,0.07999962475261611,1.0828121187411179e-05,0.9199895471261966,25,30,20
31,2653,8.794090660093418e-24,0.07999962475261613,1.4329068977114788e-05,0.9199860461784068,25,30,20
31,2654,4.085661239681186e-24,0.07999982753274605,1.576723549079585e-05,0.919984405231763,25,30,20
31,2655,3.4643078426810586e-24,0.07999664536636758,0.0005898607761908745,0.9194134938574418,25,30,20
31,2656,3.406579585924364e-22,0.07999075219206919,0.00032213135470365514,0.9196871164532273,25,30,20
31,2657,6.51978797595281e-22,0.07999075454716893,0.0001806414137961635,0.9198286040390351,25,30,20
31,2658,1.788615537278007e-22,0.07998756591382582,2.197704527659518e-05,0.9199904570408977,25,30,20
31,2659,1.7871379557493212e-22,0.07999673685262247,7.475460479531294e-06,0.9199957876868982,25,30,20
31,2660,1.1706537531461543e-23,0.07999067908177743,0.0002199417817361993,0.9197893791364862,25,30,20
31,2661,4.817002871840228e-22,0.07999978774940858,4.181603758325092e-06,0.9199960306468331,25,30,20
31,2662,4.850643677040904e-22,0.07999992398987824,4.07731471169084e-06,0.9199959986954102,25,30,20
31,2663,2.9939128403378325e-24,0.07999994030296798,5.723745411868947e-06,0.9199943359516202,25,30,20
31,2664,1.8023276105285871e-22,0.07999587765647169,8.076104413428934e-06,0.9199960462391149,25,30,20
31,2665,1.8525541088073654e-22,0.07999998850895172,0.007234536323580211,0.9127654751674679,25,30,20
31,2666,3.1527791961822494e-17,0.07999594533127287,0.007238255213441054,0.9127657994552859,25,30,20
31,2667,3.15272990551249e-17,0.07999978418340907,0.00767850096464599,0.9123217148519451,25,30,20
31,2668,3.152749912277101e-17,0.07999978494583021,0.007688438505482837,0.912311776548687,25,30,20
31,2669,3.1527308865478626e-17,0.07976673837481844,0.0002389539087007948,0.9199943077164808,25,30,20
31,2670,3.152731195795531e-17,0.07976674119732224,0.00039064626134897987,0.919842612541329,25,30,20
31,2671,3.152730769558367e-17,0.07999567390937477,0.00017760193567380972,0.9198267241549515,25,30,20
31,2672,1.126470614018101e-25,0.07999978941620445,0.0001628645227381126,0.9198373460610577,25,30,20
31,2673,4.815148965342549e-22,0.07999978941620414,1.7495152317495183e-05,0.9199827154314785,25,30,20
31,2674,8.968761192542386e-27,0.07999983402827054,3.425972306783389e-06,0.9199967399994228,25,30,20
31,2675,3.1470090018665215e-24,0.07999983491675501,1.6468515623068814e-05,0.919983696567622,25,30,20
31,2676,3.0928979314528462e-24,0.07999983769905158,3.0879290401454373e-06,0.9199970743719086,25,30,20
31,2677,1.828869930711364e-18,0.07981881251784836,0.0001814332952501862,0.9199997541869016,25,30,20
31,2678,1.829040142826892e-18,0.07981876178344155,0.00019509941932202912,0.9199861387972365,25,30,20
31,2679,1.8288729754565555e-18,0.07981578475310924,0.00019593106463413446,0.9199882841822565,25,30,20
31,2680,5.656976411686832e-22,0.07999657556186873,0.007242494273261869,0.9127609301648698,25,30,20
31,2681,8.657392887282268e-24,0.07998791126298814,0.007246978891608838,0.912765109845403,25,30,20
31,2682,1.7889043961217477e-22,0.07999983771356103,0.0072384908311692465,0.9127616714552699,25,30,20
31,2683,8.662580001552763e-24,0.07999999625892609,2.3548372783390767e-05,0.9199764553682904,25,30,20
31,2684,4.819071619330823e-22,0.07998806982469482,2.3131791840018847e-05,0.9199887983834651,25,30,20
31,2685,8.508929984745541e-24,0.07999999341553755,0.036964435320849434,0.8830355712636127,25,30,20
31,2686,1.3590511099586847e-12,0.07931944337679049,0.04068107461063582,0.8799994820112147,25,30,20
31,2687,1.359051109950184e-12,0.0793194433767905,0.040684741609900224,0.8799958150119503,25,30,20
31,2688,1.3590511103448378e-12,0.0799880162894902,0.0476910601015011,0.8723209236076497,25,30,20
31,2689,1.3590511103386326e-12,0.07999573426950728,0.04738994585628892,0.8726143198728448,25,30,20
31,2690,1.3590584899640975e-12,0.07999970214759725,0.09436374868861494,0.8256365491624287,25,30,20
31,2691,1.3590608693252661e-12,0.08000053466309912,0.08767464089151664,0.8323248244440251,25,30,20
31,2692,1.3590608689305731e-12,0.07976744174732056,0.08023265414679054,0.8399999041045296,25,30,20
31,2693,1.7430428181729043e-19,0.07999983070754112,0.08000740861389068,0.8399927606785682,25,30,20
31,2694,1.7425044066538627e-19,0.11999983791072254,0.03999977167956803,0.8400003904097093,25,30,20
31,2695,1.2842037166381577e-19,0.1200448909064821,0.03736435946829666,0.8425907496252211,25,30,20
31,2696,1.187123204684379e-19,0.120045106615873,0.036919977686290184,0.8430349156978366,25,30,20
31,2697,1.187124753576123e-19,0.12004209679165413,0.036941483035607015,0.8430164201727388,25,30,20
31,2698,2.336700996432899e-14,0.11999994204578514,0.040010512183244556,0.8399895457709468,25,30,20
31,2699,2.33670099814321e-14,0.11176784362370068,0.048242396416549545,0.8399897599597266,25,30,20
31,2700,2.3471144580001088e-14,0.1199876723507905,0.040013015564021516,0.8399993120851645,25,30,20
31,2701,2.33664570605567e-14,0.11999988578071223,0.040154600804459,0.8398455134148054,25,30,20
31,2702,2.3366458493319045e-14,0.08201439384129276,0.07799369678229003,0.8399919093763937,25,30,20
31,2703,1.034592488235987e-12,0.11998488009602994,0.04001518051040607,0.8399999393925295,25,30,20
31,2704,1.0345924882461037e-12,0.11999356424233774,0.04001941494544761,0.8399870208111802,25,30,20
31,2705,3.5968534761042384e-13,0.11999740824960897,0.040014939453841894,0.8399876522961895,25,30,20
31,2706,1.750792783284723e-21,0.11999999325277509,0.04887397690870854,0.8311260298385165,25,30,20
31,2707,1.7508880253077206e-21,0.11980705108128213,0.040199551546077815,0.8399933973726403,25,30,20
31,2708,2.570649400801816e-13,0.15004093340263955,0.009965632131536412,0.8399934344655671,25,30,20
31,2709,2.5706494023547406e-13,0.14019933240696886,0.019832910501545866,0.8399677570912282,25,30,20
31,2710,2.57064940227397e-13,0.14019645805259534,0.019818261022250316,0.8399852809248972,25,30,20
31,2711,2.004017566136103e-22,0.1599925213296965,1.8264713419072065e-05,0.8399892139568844,25,30,20
31,2712,1.7411077498919352e-22,0.15998446497957458,2.6443113369383685e-05,0.8399890919070561,25,30,20
31,2713,1.1792742712672057e-23,0.1599956719956919,7.961839284736463e-06,0.8399963661650234,25,30,20
31,2714,2.086041180910097e-21,0.1599958113714707,0.036965365018130386,0.8030388236103987,25,30,20
31,2715,2.08903299177488e-21,0.15976674383745884,0.03720207418852305,0.8030311819740179,25,30,20
31,2716,2.7438197357155356e-21,0.15998806393842482,0.03713531158045001,0.802876624481125,25,30,20
31,2717,7.324977243714291e-18,0.15999998748024763,0.040112997205639885,0.7998870153141123,25,30,20
31,2718,3.043570127253436e-18,0.15999570842968772,0.04016688885406858,0.7998374027162436,25,30,20
31,2719,3.0757946252196107e-18,0.1599914757741946,0.040173760767932505,0.7998347634578729,25,30,20
31,2720,2.466980806896207e-07,0.15999575494674836,0.040357495376540584,0.7996465029786303,25,30,20
31,2721,6.789887997748524e-18,0.16256623184493982,0.03739470498646334,0.8000390631685967,25,30,20
31,2722,6.444995776111643e-20,0.15998389601230986,0.03845908589111655,0.8015570180965735,25,30,20
31,2723,1.7565836730347494e-22,0.15981897384553814,0.038819663778361845,0.8013613623761,25,30,20
31,2724,3.168675608986538e-21,0.15999999249219812,0.07717442062944242,0.7628255868783596,25,30,20
31,2725,6.46910594906935e-13,0.1599958789884764,0.078448557340751,0.7615555636701258,25,30,20
31,2726,5.336159002552815e-10,0.15995476672282968,0.08061981082516363,0.7594254219183907,25,30,20
31,2727,5.336159002552687e-10,0.15997586288350768,0.08002437147170345,0.759999765111173,25,30,20
31,2728,5.336393242094881e-10,0.1599758677722287,0.0800233420355268,0.7600007896586053,25,30,20
31,2729,5.543335908049921e-08,0.15997295411782353,0.07896272809069577,0.7610642623581215,25,30,20
31,2730,5.5433359080499354e-08,0.14995670978078623,0.08898695096085049,0.7610562838250045,25,30,20
31,2731,1.676434691500025e-11,0.1599788177273868,0.08004955414192291,0.7599716281139259,25,30,20
31,2732,2.9007334938721806e-13,0.12000016935966537,0.12017008824020853,0.759829742399836,25,30,20
31,2733,1.6791450391094016e-13,0.12004922206745824,0.12011310847568944,0.7598376694566845,25,30,20
31,2734,0.0362506525872115,0.12008253238210902,0.0836697416826631,0.7599970733480162,25,30,20
31,2735,0.005862263477545295,0.12003768791324652,0.11410501495782098,0.759995033651387,25,30,20
31,2736,0.005862263477537817,0.1200480609243798,0.11408970215058548,0.759999973447497,25,30,20
31,2737,0.005862263477537817,0.12003876990573581,0.11425346590676602,0.7598455007099604,25,30,20
31,2738,1.0274146961462373e-07,0.1500043034700637,0.09000403867676728,0.7599915551116996,25,30,20
31,2739,1.0689441391388733e-07,0.1599965359733714,0.08001152543468805,0.7599918316975266,25,30,20
31,2740,1.0274146958735893e-07,0.15999984769318268,0.08046249969447886,0.759537549870869,25,30,20
31,2741,5.276128816396302e-13,0.1593762079095831,0.08064223952482093,0.7599815525650685,25,30,20
31,2742,1.7132378145025687e-19,0.15987093317348824,0.1200977302492137,0.7200313365772982,25,30,20
31,2743,1.1352392755443743e-09,0.159858923120024,0.1182173052639736,0.721923770480763,25,30,20
31,2744,4.801381327624149e-13,0.15986072913700033,0.1201497641788575,0.7199895066836622,25,30,20
31,2745,3.2562896097353033e-10,0.1220305756460126,0.1579583322395458,0.7200110917888125,25,30,20
31,2746,4.012554385034142e-10,0.1200385859138742,0.1599506830480686,0.7200107306368015,25,30,20
31,2747,8.76622115485224e-11,0.12003802519548526,0.15993481198655038,0.720027162730302,25,30,20
31,2748,0.00011915380960422946,0.11999078150124047,0.15983912949492685,0.7200509351942285,25,30,20
31,2749,6.994292148688647e-07,0.12004744917844072,0.15995236777487368,0.7199994836174707,25,30,20
31,2750,6.994292387045319e-07,0.12001891571972885,0.16884579232535693,0.7111345925256757,25,30,20
31,2751,7.951553380627158e-07,0.12000620039861719,0.15999853901877784,0.719994465427267,25,30,20
31,2752,9.573714524273892e-08,0.1200154446565584,0.15695036797439946,0.7230340916318968,25,30,20
31,2753,3.577946652851684e-08,0.12230164165723206,0.15489774628041347,0.722800576282888,25,30,20
31,2754,2.3290709928153818e-07,0.12229261294023396,0.15491470421232512,0.7227924499403413,25,30,20
31,2755,2.7035865502753263e-07,0.12229260843637686,0.1577158323638939,0.7199912888410744,25,30,20
31,2756,2.346727695042494e-07,0.12229281426239033,0.1699441366411433,0.7077628144236973,25,30,20
31,2757,0.038940196139503634,0.12000050374072586,0.13308954791154906,0.7079697522082214,25,30,20
31,2758,0.03893351391806402,0.11976344173712075,0.12130374853925288,0.7199992958055624,25,30,20
31,2759,0.03859239062024515,0.12004826269636414,0.1213625352554598,0.7199968114279309,25,30,20
31,2760,2.3510236877928455e-11,0.16261106508588313,0.11738962559998509,0.7199993092906215,25,30,20
31,2761,2.7983935876804337e-09,0.1608232340632079,0.11937634529516254,0.7198004178432359,25,30,20
31,2762,5.193570602786616e-16,0.1597541713686147,0.12025629501732178,0.7199895336140633,25,30,20
31,2763,8.461607297947653e-13,0.15999059042149477,0.12030887527227499,0.7197005343053842,25,30,20
31,2764,8.783658314590172e-06,0.16003376481243164,0.11995796387381759,0.7199994876554361,25,30,20
31,2765,8.783069923945027e-06,0.16113784068334375,0.12608501047278098,0.712768365773951,25,30,20
31,2766,1.2926950503733618e-09,0.1599813259389002,0.120404889222881,0.7196137835455235,25,30,20
31,2767,5.561736142297624e-06,0.1600000993429453,0.12036865548299891,0.7196256834379133,25,30,20
31,2768,1.5471725137354426e-07,0.16001850804139892,0.1203712222849361,0.7196101149564136,25,30,20
31,2769,0.000301082896938281,0.15999967204591117,0.12003961638564153,0.7196596286715088,25,30,20
31,2770,4.823222335434599e-13,0.15999059097856155,0.039961692019732625,0.8000477170012236,25,30,20
31,2771,1.2356915527032725e-12,0.15999052135563255,0.03701690968124689,0.8029925689618846,25,30,20
31,2772,1.2356915526907253e-12,0.15999961897762222,0.037014310451426995,0.8029860705697152,25,30,20
31,2773,1.2356915526937018e-12,0.15999982466773374,0.037036011102403184,0.8029641642286274,25,30,20
31,2774,3.8098648570233242e-16,0.15998060235443157,0.03704847147186693,0.8029709261737014,25,30,20
31,2775,3.8098649975802554e-16,0.15999245662470313,0.03760336979862382,0.8024041735766727,25,30,20
31,2776,3.809864994136525e-16,0.15999268590026522,0.037014837437583895,0.8029924766621506,25,30,20
31,2777,2.0880051486342577e-22,0.15998785904950324,0.04002057433530417,0.7999915666151927,25,30,20
31,2778,1.1220137219076347e-20,0.12024421223271277,0.07991054809493114,0.7998452396723562,25,30,20
31,2779,1.0248922864107421e-21,0.1598707971277486,0.04033087861053528,0.7997983242617159,25,30,20
31,2780,8.006495820261772e-22,0.1600487642076445,0.040307247339624624,0.7996439884527308,25,30,20
31,2781,1.2788877172721917e-21,0.16003701397034503,0.039968857689234395,0.7999941283404205,25,30,20
31,2782,4.824255172966112e-22,0.1599994633630934,0.040015447206983766,0.7999850894299227,25,30,20
31,2783,7.326389797389711e-18,0.1599996227306051,0.03995883138141905,0.8000415458879757,25,30,20
31,2784,1.4425018859583332e-17,0.15998868400369384,0.04002759189282162,0.7999837241034846,25,30,20
31,2785,1.684594598459388e-14,0.15933098111176164,0.03880053845560495,0.8018684804326165,25,30,20
31,2786,1.687369091964565e-14,0.14929864324681458,0.04839615982440149,0.802305196928767,25,30,20
31,2787,1.684594494394801e-14,0.15998878147524417,0.0376911123613512,0.8023201061633877,25,30,20
31,2788,4.1227447237448797e-16,0.15998487329401367,0.03762465754276989,0.8023904691632161,25,30,20
31,2789,4.1227430592641863e-16,0.1599848740550225,0.03762210046337699,0.8023930254816001,25,30,20
31,2790,7.60524675913285e-18,0.15997571412211187,0.040039092498639135,0.7999851933792489,25,30,20
31,2791,1.0144516114196395e-18,0.1599877461272627,0.039999873022465965,0.8000123808502712,25,30,20
31,2792,2.2548063762118854e-23,0.15999975829975382,0.04050185426657194,0.7994983874336744,25,30,20
31,2793,4.5776679988835695e-20,0.16003800005366425,0.04026578448074963,0.7996962154655861,25,30,20
31,2794,1.0073855780445282e-20,0.15999160215041816,0.0005834033270684723,0.8394249945225134,25,30,20
31,2795,9.877271771782842e-21,0.15999977701015858,0.0010471498958294137,0.838953073094012,25,30,20
31,2796,9.715628852993123e-21,0.15999956955048159,0.0010268132626343883,0.838973617186884,25,30,20
31,2797,5.981425475194274e-17,0.14284342154379873,0.018188460015425546,0.8389681184407758,25,30,20
31,2798,5.980454299459451e-17,0.14284326630048885,0.017160062038859756,0.8399966716606515,25,30,20
31,2799,3.2035676242485725e-24,0.15999977889615322,0.00044452863208138205,0.8395556924717656,25,30,20
31,2800,2.0291636538161666e-22,0.15999993911444454,0.00045785924655658886,0.8395422016389991,25,30,20
31,2801,6.501602389597119e-19,0.15999581060236945,2.0818158166037887e-05,0.8399833712394645,25,30,20
31,2802,4.965447330670038e-22,0.15933118746089514,0.01628556468269767,0.8243832478564069,25,30,20
31,2803,1.4520729097068753e-23,0.1599997876754152,0.015609618078839722,0.8243905942457451,25,30,20
31,2804,8.681997990540236e-24,0.15999680575663658,1.687108185936974e-05,0.8399863231615043,25,30,20
31,2805,8.904283867072321e-24,0.15932815702037137,0.0008841118587954043,0.8397877311208335,25,30,20
31,2806,1.705606708305634e-22,0.15998799351297208,0.00018799312811802388,0.8398240133589101,25,30,20
31,2807,1.1736038625158235e-20,0.15999949894872054,0.00017309973643098872,0.8398274013148486,25,30,20
31,2808,3.8294721197192755e-24,0.15999972765034579,0.00016274430120481222,0.8398375280484494,25,30,20
31,2809,3.809261419612833e-24,0.15999931108386492,0.00016314468902913184,0.8398375442271062,25,30,20
31,2810,1.8645560135461902e-23,0.159802552785361,0.00036279931976648214,0.8398346478948724,25,30,20
31,2811,4.817147917302219e-22,0.1594793428173285,0.0007284903003239219,0.8397921668823475,25,30,20
31,2812,6.898769688180993e-22,0.15999924374154995,0.00021573568121338628,0.8397850205772367,25,30,20
31,2813,4.944742772018916e-22,0.15999977397193524,0.00021516227215259036,0.8397850637559123,25,30,20
31,2814,9.671141904900192e-21,0.14930873081707058,0.010854106592178961,0.8398371625907505,25,30,20
31,2815,2.1505347810548776e-25,0.1593313498308867,0.0006771422705480762,0.8399915078985655,25,30,20
31,2816,1.0331082900501297e-23,0.15998769239445013,3.4508876883242696e-05,0.8399777987286667,25,30,20
31,2817,3.223151250212996e-20,0.15998768804265018,1.6721448867402572e-05,0.8399955905084826,25,30,20
31,2818,9.878056762948537e-21,0.1599880576387302,3.761705611233607e-05,0.8399743253051574,25,30,20
31,2819,6.63573214240058e-22,0.15999982886076983,2.061495642994252e-05,0.8399795561828002,25,30,20
31,2820,8.527196397409297e-24,0.15981897109265056,0.0007595129512947368,0.8394215159560549,25,30,20
31,2821,8.696079155015591e-24,0.15981897110678886,0.0007618882618873321,0.8394191406313241,25,30,20
31,2822,8.798940793584464e-24,0.15999053769288257,0.0005885958588398755,0.8394208664482778,25,30,20
31,2823,1.8712797305643314e-23,0.15997856114324085,2.9563135573567114e-05,0.8399918757211856,25,30,20
31,2824,5.531589099181594e-19,0.15946462490738195,0.0011069136108952835,0.8394284614817227,25,30,20
31,2825,5.531487539214452e-19,0.15999978695702002,0.0005714685347862631,0.8394287445081937,25,30,20
31,2826,2.916758725655756e-25,0.1517586518658173,0.00824934533067718,0.8399920028035054,25,30,20
31,2827,7.362962799647334e-22,0.15999017227457135,2.3833196541088526e-05,0.8399859945288877,25,30,20
31,2828,4.818470677924701e-22,0.15999999403346954,2.173595102619471e-05,0.8399782700155043,25,30,20
31,2829,2.810008304583846e-20,0.15999978314900043,0.007244929389030352,0.8327552874619691,25,30,20
31,2830,2.778883355564844e-20,0.15999053908663224,0.00760166247579417,0.8324077984375735,25,30,20
31,2831,1.9363175738555506e-20,0.1599997818325322,0.012048839038154189,0.8279513791293137,25,30,20
31,2832,3.241134443828422e-20,0.15999968529965852,1.0602844186980351e-05,0.8399897118561543,25,30,20
31,2833,4.410989987467124e-20,0.15998403483184748,2.6183457059825297e-05,0.8399897817110927,25,30,20
31,2834,5.689724635516929e-22,0.15999958547379012,4.599742997560592e-06,0.8399958147832123,25,30,20
31,2835,5.656994580289959e-22,0.15998769701373958,1.9949836838883838e-05,0.8399923531494216,25,30,20
31,2836,2.725288725609375e-20,0.1599965283396299,0.0003205620149818829,0.8396829096453879,25,30,20
31,2837,1.0188105336934765e-23,0.15999652471578746,1.396824068228471e-05,0.83998950704353,25,30,20
31,2838,2.0488236257634932e-23,0.15999636339571865,2.478355666908528e-05,0.8399788530476122,25,30,20
31,2839,2.746537985655779e-20,0.15999946131206333,2.902322083549606e-05,0.8399715154671011,25,30,20
31,2840,2.745698421766251e-20,0.15999986117068493,5.867798079982637e-06,0.8399942710312349,25,30,20
31,2841,2.7451833549722844e-20,0.1599997093603232,1.082751002931777e-06,0.8399992078886737,25,30,20
31,2842,2.764718307212354e-20,0.15977425129313183,0.00024686790840372985,0.8399788807984643,25,30,20
31,2843,2.744817586431727e-20,0.15999978042236448,0.000452128973657373,0.8395480906039782,25,30,20
31,2844,2.7448469793119484e-20,0.15999991990963722,2.8105165408266757e-06,0.839997269573822,25,30,20
31,2845,1.5529305794352614e-23,0.1594756280419799,0.000527469228935072,0.8399969027290851,25,30,20
31,2846,1.965866141347966e-22,0.1593309983111406,0.0006856745093610162,0.8399833271794983,25,30,20
31,2847,3.8317682506095695e-24,0.15980681899555896,0.0001934183228100516,0.8399997626816309,25,30,20
31,2848,3.765506284388291e-24,0.15980698234620525,0.0006995515109680987,0.8394934661428267,25,30,20
31,2849,5.906518818666934e-22,0.1598154160301282,0.00019171629126179683,0.8399928676786103,25,30,20
31,2850,5.716067919435186e-22,0.15999021928291188,0.0004746216819452934,0.8395351590351428,25,30,20
31,2851,3.304638123586351e-25,0.15999058867471067,0.00048187569804498004,0.8395275356272442,25,30,20
31,2852,6.495095725366123e-19,0.15997553514323493,0.007067658295020404,0.8329568065617446,25,30,20
31,2853,3.2012624758930533e-24,0.15999074809842237,1.9992277423008727e-05,0.8399892596241547,25,30,20
31,2854,1.3057169997431019e-23,0.1599879911084468,2.253848104946756e-05,0.8399894704105038,25,30,20
31,2855,1.3680143273241655e-23,0.1594678844702783,0.0005358049727386655,0.8399963105569829,25,30,20
31,2856,1.134021345857096e-21,0.15998778832775337,0.00017412209313256912,0.8398380895791139,25,30,20
31,2857,3.046820745753526e-24,0.1599877883285897,2.6691898427943338e-05,0.8399855197729825,25,30,20
31,2858,1.5645373110945763e-18,0.15999038074343655,2.1295189330267225e-05,0.8399883240672336,25,30,20
31,2859,7.264658707398768e-22,0.15932210649838144,0.0006912609172775164,0.8399866325843408,25,30,20
31,2860,1.7060415511092218e-22,0.15999993893957337,3.829965479268338e-06,0.8399962310949474,25,30,20
31,2861,5.654358254684565e-22,0.15999037978358055,9.73271971262397e-06,0.839999887496707,25,30,20
31,2862,5.822537316916367e-22,0.15999074624093956,0.00016683115867742704,0.839842422600383,25,30,20
31,2863,8.580297806755351e-24,0.15947981244139395,0.0006696706903523256,0.8398505168682538,25,30,20
31,2864,2.0074221958472553e-25,0.15947981092727623,0.0005335443099950533,0.8399866447627287,25,30,20
31,2865,2.0188909487090362e-23,0.1599999884750642,2.5662904973887687e-05,0.839974348619962,25,30,20
31,2866,5.659693048560514e-22,0.15998785671486615,0.0002219633304865953,0.8397901799546473,25,30,20
31,2867,2.1814929168523367e-25,0.15998395765562382,2.969715453472257e-05,0.8399863451898416,25,30,20
31,2868,1.7880987480192578e-22,0.15998806786117686,2.5120297238291895e-05,0.8399868118415849,25,30,20
31,2869,2.0837866472920147e-22,0.15975437377440385,0.00024842485643184343,0.8399972013691643,25,30,20
31,2870,4.0829801601762996e-22,0.15999949328748073,8.849589228336097e-06,0.839991657123291,25,30,20
31,2871,1.7908184326813534e-22,0.15999986506876668,0.01580273356295854,0.8241974013682747,25,30,20
31,2872,1.3261443953375992e-23,0.1599880587192105,0.0001735528025104335,0.8398383884782789,25,30,20
31,2873,1.0189861902551356e-23,0.15999998940839735,0.0004480476666839535,0.8395519629249185,25,30,20
31,2874,1.0248926677585862e-23,0.15998799191433544,0.00045624804672816265,0.8395557600389364,25,30,20
31,2875,8.634809042055462e-24,0.15998799884873308,2.127069030973747e-05,0.8399907304609572,25,30,20
31,2876,2.217193474172158e-25,0.159990474158556,1.2486776958041063e-05,0.8399970390644863,25,30,20
31,2877,8.840580892476124e-24,0.15999580346251638,0.009440128389304976,0.8305640681481787,25,30,20
31,2878,9.67143989987397e-21,0.1599999905879497,0.00016086086509064758,0.8398391485469596,25,30,20
31,2879,2.2815550877569835e-23,0.15947939853389992,0.0011120871258661021,0.8394085143402339,25,30,20
31,2880,1.0468707562476516e-16,0.14230679782749864,0.0182893224563167,0.8394038797161848,25,30,20
31,2881,2.672815837786891e-25,0.1599865656117016,2.6595658478982314e-05,0.8399868387298194,25,30,20
31,2882,1.7053718834973623e-22,0.1599999210867475,0.0002121131368686922,0.8397879657763838,25,30,20
31,2883,1.703854545222312e-22,0.15999982746479754,2.108305979689562e-05,0.8399790894754057,25,30,20
31,2884,3.321494160005335e-24,0.15999982746479724,0.00016587880301996267,0.8398342937321829,25,30,20
31,2885,4.933059976679438e-22,0.1594796551165556,0.0005277955933338775,0.8399925492901106,25,30,20
31,2886,1.1886505453361303e-20,0.15954758562020135,0.0004568630593134454,0.8399955513204853,25,30,20
31,2887,2.103080534849653e-20,0.15954758206289274,0.001156468342491711,0.8392959495946157,25,30,20
31,2888,9.631771450733624e-21,0.1599998311019272,0.00031333148514728516,0.8396868374129256,25,30,20
31,2889,8.651880607287045e-24,0.1599999400419493,1.4374556721201887e-05,0.8399856854013293,25,30,20
31,2890,8.448722158254192e-24,0.15999977787935063,4.0143731213813176e-06,0.8399962077475278,25,30,20
31,2891,1.2104505052502257e-22,0.14403670414045056,0.015963769404333215,0.8399995264552161,25,30,20
31,2892,1.2949294366109623e-22,0.14403670414043312,0.015986837739326066,0.839976458120241,25,30,20
31,2893,2.441402829913947e-25,0.15999967575787588,3.24903008221632e-06,0.8399970752120421,25,30,20
31,2894,6.904152881814721e-26,0.1599997335968554,6.753010055173726e-06,0.8399935133930896,25,30,20
31,2895,5.88429284782805e-26,0.15999994382510127,0.0157613110251498,0.8242387451497489,25,30,20
31,2896,2.8516437520179933e-25,0.15999983630540085,7.447234287368581e-06,0.8399927164603117,25,30,20
31,2897,8.912060768333846e-24,0.15999962463594564,4.2024135928057816e-06,0.8399961729504614,25,30,20
31,2898,2.084909995437147e-22,0.15999985532211994,3.073731388930974e-06,0.8399970709464912,25,30,20
31,2899,6.89856410436742e-22,0.15976639634901424,0.00024391724847558073,0.83998968640251,25,30,20
31,2900,4.93243058320089e-22,0.15998794233570288,3.2622401162486246e-05,0.8399794352631347,25,30,20
31,2901,1.1496102581661709e-23,0.15998786112666824,2.2727762677726178e-05,0.839989411110654,25,30,20
31,2902,1.1643436683975917e-23,0.15998799416290807,2.2464700810376033e-05,0.8399895411362815,25,30,20
31,2903,4.142107763978984e-25,0.15999970023724194,8.058169256865212e-07,0.8399994939458324,25,30,20
31,2904,3.0323791529683017e-25,0.159996807002917,6.224404425654801e-06,0.8399969685926574,25,30,20
31,2905,2.1109723009036965e-25,0.15999680420663376,3.6735321141166295e-06,0.8399995222612522,25,30,20
31,2906,3.3052971880912355e-25,0.15999994099980586,3.6823134922677315e-07,0.8399996907688451,25,30,20
31,2907,4.816914799241871e-22,0.15999675396014898,6.339798759365408e-06,0.8399969062410917,25,30,20
31,2908,1.8073576260862751e-25,0.1598187629986858,0.00019165294888328138,0.8399895840524308,25,30,20
31,2909,4.849136972176871e-22,0.15999659179045533,1.6485255076630752e-05,0.839986922954468,25,30,20
31,2910,2.841534585744719e-20,0.15999037543756076,0.00020559806537218722,0.8398040264970671,25,30,20
31,2911,4.817816538715729e-22,0.15997875517228707,2.1414435792472552e-05,0.8399998303919205,25,30,20
31,2912,1.7399540435985476e-22,0.15999979472537768,0.0001990959969082278,0.839801109277714,25,30,20
31,2913,3.513298486288791e-24,0.159999796607539,5.862259534199047e-07,0.8399996171665076,25,30,20
31,2914,6.47876097402107e-26,0.15999580900054183,7.897819870976654e-06,0.8399962931795872,25,30,20
31,2915,4.81620273560583e-22,0.15998388172408212,0.00017418496241061436,0.8398419333135072,25,30,20
31,2916,1.2167642774353367e-23,0.15999958799124453,8.93087552420953e-07,0.8399995189212032,25,30,20
31,2917,1.8678479058740758e-23,0.15999979360962732,0.00019935728418639636,0.8398008491061861,25,30,20
31,2918,1.8382730036546407e-23,0.1599904482766082,0.0003744333834802899,0.8396351183399117,25,30,20
31,2919,8.763381153530373e-24,0.15999984614371773,0.00020197953207263687,0.8397981743242098,25,30,20
31,2920,1.001772297003087e-23,0.15976645671741244,0.00024661126773296214,0.8399869320148546,25,30,20
31,2921,3.872692172323617e-24,0.15976262270619937,0.0008214217800822897,0.8394159555137186,25,30,20
31,2922,1.407138918260739e-23,0.15976317047335845,0.000435576212233457,0.8398012533144081,25,30,20
31,2923,1.5645579099906243e-18,0.15952139278000843,0.0006748727495264896,0.8398037344704651,25,30,20
31,2924,1.6313141141002123e-23,0.15952135031547593,0.0014135212472916048,0.8390651284372326,25,30,20
31,2925,4.855786449990003e-22,0.1597455724458708,0.0012735635529469544,0.8389808640011824,25,30,20
31,2926,4.81844929870914e-22,0.1599999363020656,0.000572029630686303,0.8394280340672482,25,30,20
31,2927,3.2021224284455352e-24,0.1598187117726384,0.00019707941322779295,0.8399842088141339,25,30,20
31,2928,3.786733123195292e-24,0.15999062312230736,1.754971119551347e-05,0.8399918271664971,25,30,20
31,2929,3.8878430511410384e-24,0.15999067902629777,0.03768843280381804,0.8023208881698842,25,30,20
31,2930,3.614608174814523e-24,0.15174955084140127,0.046086493117865876,0.802163956040733,25,30,20
31,2931,8.490288690884903e-24,0.1599874008257954,0.038719301494772145,0.8012932976794324,25,30,20
31,2932,1.1337599525783215e-20,0.15976673232999672,0.038361273995068175,0.8018719936749352,25,30,20
31,2933,1.1329301358409247e-20,0.15959171287157545,0.040408723656661746,0.7999995634717628,25,30,20
31,2934,1.132919197252447e-20,0.15975748936055012,0.04039708975715083,0.799845420882299,25,30,20
31,2935,1.1257571121920056e-16,0.1600311917124916,0.03999090480482457,0.7999779034826837,25,30,20
31,2936,7.694093272495676e-18,0.15999376980966287,0.04001463813457564,0.7999915920557615,25,30,20
31,2937,7.694571852216308e-18,0.1599937710266849,0.04001726385757833,0.7999889651157368,25,30,20
31,2938,2.3836049621419347e-14,0.15999377629598674,0.04002064682611767,0.799985576877872,25,30,20
31,2939,1.738997653355214e-11,0.1600001896630257,0.04015292644244978,0.7998468838771348,25,30,20
31,2940,3.7842250966926546e-08,0.14284087953869837,0.057471189437653204,0.7996878931813975,25,30,20
31,2941,1.8254090246450525e-14,0.16000059399501385,0.04016393603917932,0.7998354699657885,25,30,20
31,2942,1.825353906212495e-14,0.14997797922491066,0.05003882518389019,0.799983195591181,25,30,20
31,2943,1.8253550450506285e-14,0.1599887245438417,0.04002564624215017,0.79998562921399,25,30,20
31,2944,1.409186183995579e-23,0.1599996246990133,0.040012952291997285,0.7999874230089893,25,30,20
31,2945,1.7131398844104037e-23,0.15998790395427917,0.040030741976189915,0.7999813540695311,25,30,20
31,2946,3.419461508945644e-23,0.15998857262950428,0.04002137431459443,0.7999900530559013,25,30,20
31,2947,3.7044126265106215e-17,0.15975337485849148,0.058638614814131323,0.7816080103273773,25,30,20
31,2948,3.262480858013611e-20,0.1617609442882919,0.05663993542265535,0.7815991202890525,25,30,20
31,2949,5.810918424812113e-22,0.1619941354694405,0.038160278542352766,0.7998455859882067,25,30,20
31,2950,1.860185641985252e-13,0.16001896214944547,0.03999078121915055,0.799990256631218,25,30,20
31,2951,1.8601856409318523e-13,0.16001882505867893,0.04893595802747896,0.7910452169136561,25,30,20
31,2952,3.6391908374436294e-13,0.15976636748459427,0.04039161353170109,0.799842018983341,25,30,20
31,2953,4.492125766676449e-15,0.1900906742611101,0.009913288114632421,0.799996037624253,25,30,20
31,2954,2.019252740514128e-22,0.19975459874835136,0.000817027821724426,0.7994283734299242,25,30,20
31,2955,3.691198523281048e-22,0.19976652665740055,0.0008052711816227111,0.7994282021609765,25,30,20
31,2956,8.577684680571562e-24,0.19999971443348177,0.000571458311414991,0.7994288272551034,25,30,20
31,2957,2.0114956132319408e-23,0.19999950522986165,0.0011662619190103082,0.7988342328511281,25,30,20
31,2958,8.580638401116796e-24,0.19999965287932434,9.935642561739258e-07,0.7999993535564197,25,30,20
31,2959,5.564426744435425e-22,0.1993309534015712,0.0006809103091251372,0.7999881362893037,25,30,20
31,2960,1.1217482621459859e-21,0.19932689726501615,0.0006739952228083856,0.7999991075121755,25,30,20
31,2961,5.859362134511428e-22,0.19997443202723653,3.626372190841876e-05,0.799989304250855,25,30,20
31,2962,2.520178875184743e-25,0.19999027359451965,9.910984389872325e-06,0.7999998154210906,25,30,20
31,2963,1.7052010183669758e-22,0.1803024861766368,0.019705244795665364,0.7999922690276979,25,30,20
31,2964,1.0446120881442544e-20,0.19998487605706344,0.0005893139127518609,0.7994258100301846,25,30,20
31,2965,9.704434716762074e-21,0.19932723516482675,0.000675563229313379,0.79999720160586,25,30,20
31,2966,1.8427695761291763e-23,0.19932702308553543,0.0010589262339214703,0.7996140506805431,25,30,20
31,2967,2.850504781281709e-23,0.19999038038959505,0.0004056813725041265,0.7996039382379007,25,30,20
31,2968,1.8247579321895355e-22,0.1999903696612964,0.00021151280783192447,0.7997981175308717,25,30,20
31,2969,6.585610889413481e-19,0.1607110981436703,0.03993465989662125,0.7993542419597083,25,30,20
31,2970,1.931242316064074e-21,0.15999999173307547,0.04044697383747032,0.7995530344294542,25,30,20
31,2971,1.7889978232869333e-22,0.199999823529357,0.0004548029819249081,0.7995453734887181,25,30,20
31,2972,3.5078891081556425e-22,0.1999995416101528,0.0004631485497187781,0.7995373098401286,25,30,20
31,2973,1.2938338320262028e-25,0.19999938908662881,1.2633915900498277e-05,0.7999879769974706,25,30,20
31,2974,3.1475798328130807e-24,0.19999982989097362,4.057178653520348e-06,0.7999961129303728,25,30,20
31,2975,1.0284495070532819e-23,0.19999998461197638,4.581081203535886e-07,0.7999995572799034,25,30,20
31,2976,1.967946089657604e-23,0.19933134153642662,0.0006691449098057173,0.799999513553768,25,30,20
31,2977,9.714003200427479e-21,0.1997703431157297,0.00025130961684588087,0.7999783472674244,25,30,20
31,2978,9.306455244321653e-22,0.19175474640359513,0.00825369381225318,0.7999915597841517,25,30,20
31,2979,4.491618658245654e-22,0.191767893328,0.008250464232724937,0.799981642439275,25,30,20
31,2980,5.780377369138031e-27,0.19999961976038386,8.537476447031703e-06,0.7999918427631693,25,30,20
31,2981,1.581578171172828e-15,0.18997300362536051,0.010041911445912438,0.7999850849287256,25,30,20
31,2982,1.5815781710243328e-15,0.1817413230374738,0.01856591545709311,0.7996927615054316,25,30,20
31,2983,5.738606863540303e-22,0.19998394633608746,0.0003308456893121991,0.7996852079746003,25,30,20
31,2984,5.655619720712528e-22,0.19999258033758488,0.0001570510946777045,0.7998503685677375,25,30,20
31,2985,1.5645383722312987e-18,0.19999997856498936,0.00014960999354557276,0.7998504114414652,25,30,20
31,2986,8.805075456059204e-24,0.19999066969250193,0.00016477710452779976,0.7998445532029703,25,30,20
31,2987,1.0056003895423974e-20,0.19999652584837654,2.5296423762818797e-05,0.7999781777278606,25,30,20
31,2988,1.8528412215446786e-22,0.19982469800896183,0.0001835647988544509,0.7999917371921836,25,30,20
31,2989,3.0007531590610528e-24,0.19999963998036982,6.476397424755626e-07,0.7999997123798877,25,30,20
31,2990,1.564542608458815e-18,0.19947967275622053,0.0009646131935837207,0.7995557140501957,25,30,20
31,2991,1.8371672192141203e-18,0.1999995680381595,1.090692972906131e-06,0.7999993412688675,25,30,20
31,2992,1.5645406610264814e-18,0.19997875456658384,2.185354299218391e-05,0.7999993918904241,25,30,20
31,2993,1.5645434466656145e-18,0.19998786179308037,0.009032053493422048,0.7909800847134976,25,30,20
31,2994,1.0271202197463712e-20,0.19998748296396232,0.009486028986594987,0.7905264880494427,25,30,20
31,2995,5.742363790066954e-22,0.1999964295691504,7.197204942346536e-06,0.7999963732259074,25,30,20
31,2996,1.0510677278403501e-21,0.19998017330958387,2.0408312789009217e-05,0.7999994183776272,25,30,20
31,2997,3.336218958153576e-20,0.1999843380534521,1.600064773927733e-05,0.7999996612988085,25,30,20
31,2998,3.2800429513132123e-20,0.19931585970802032,0.0008489349260559013,0.7998352053659238,25,30,20
31,2999,5.754560705089826e-22,0.1999783152036905,3.235150042552148e-05,0.7999893332958841,25,30,20
31,3000,5.654863694006552e-22,0.1999875579982791,1.2962895062275531e-05,0.7999994791066584,25,30,20
31,3001,1.7643013541892796e-22,0.19999978076858252,0.0005746737552484698,0.7994255454761691,25,30,20
31,3002,1.8601800748612896e-25,0.19981880503022065,0.0001891297062967399,0.7999920652634828,25,30,20
31,3003,1.8955384152654101e-25,0.19981896565616225,0.00904983003614448,0.7911312043076932,25,30,20
31,3004,3.30082961531697e-25,0.19999998213069667,0.007231714756012274,0.792768303113291,25,30,20
31,3005,4.876492334163533e-22,0.19981889217921026,0.007419560234146784,0.7927615475866429,25,30,20
31,3006,2.105690777711796e-25,0.19999991272731052,2.828329087646703e-07,0.7999998044397807,25,30,20
31,3007,2.744615671987418e-20,0.19999074921649204,1.6607586483794813e-05,0.7999926431970243,25,30,20
31,3008,8.730683507226736e-24,0.1999999896173621,5.623933984699472e-07,0.7999994479892396,25,30,20
31,3009,3.7045494533807737e-17,0.19998776429985626,1.6295324362121142e-05,0.7999959403757816,25,30,20
31,3010,3.701294390339692e-17,0.19998462971912634,1.929057826596698e-05,0.7999960797026076,25,30,20
31,3011,1.7049806879944288e-22,0.18997721195737746,0.010183423525753153,0.7998393645168693,25,30,20
31,3012,2.4090202361545688e-23,0.19999042695878935,0.0001694031776057947,0.7998401698636047,25,30,20
31,3013,1.2310857105809988e-23,0.19999975481793217,0.00019949073803269692,0.7998007544440351,25,30,20
31,3014,3.7771100971430443e-25,0.1801336715296279,0.019866718576997143,0.7999996098933748,25,30,20
31,3015,1.0250163686445024e-23,0.19981480640537788,0.0001892698090565487,0.7999959237855656,25,30,20
31,3016,3.577155893147133e-24,0.19999170342577854,1.2355425861515024e-05,0.7999959411483598,25,30,20
31,3017,1.6653809268503698e-23,0.19999172991341027,1.99895659445555e-05,0.799988280520645,25,30,20
31,3018,3.5910789044484354e-23,0.19997807559481928,0.0002380926688745641,0.7997838317363063,25,30,20
31,3019,1.0564821414164674e-23,0.19999951589487386,0.00020774736527631827,0.7997927367398497,25,30,20
31,3020,6.238481161237013e-25,0.19981865309050564,0.009253379178442947,0.7909279677310513,25,30,20
31,3021,3.1529437037863773e-17,0.1999905390839805,0.00016800211480850563,0.799841458801211,25,30,20
31,3022,3.152943993317532e-17,0.19999054282197634,0.0001851772011270284,0.7998242799768965,25,30,20
31,3023,3.152943680294625e-17,0.19176794540822562,0.008404818522295838,0.7998272360694785,25,30,20
31,3024,3.2440958829570255e-20,0.19923896302472513,0.0009263098510588877,0.7998347271242159,25,30,20
31,3025,3.223183266631448e-20,0.19947245366488603,0.0006821249773203,0.7998454213577938,25,30,20
31,3026,3.2406883563063087e-20,0.19946397894360984,0.0007534824567096843,0.7997825385996804,25,30,20
31,3027,1.186726805218282e-23,0.19976650287606593,0.00025218305331882706,0.7999813140706152,25,30,20
31,3028,3.2626525427249418e-24,0.19999971056129603,1.2161496839322436e-05,0.7999881279418646,25,30,20
31,3029,5.685225292978851e-22,0.19998491083007217,2.6747914505579645e-05,0.7999883412554222,25,30,20
31,3030,5.657053297545292e-22,0.1999926489150207,1.8926897765454674e-05,0.7999884241872137,25,30,20
31,3031,6.585510175333783e-26,0.19974283494694134,0.0002651881176247195,0.7999919769354341,25,30,20
31,3032,8.021229857574785e-24,0.19975481333580997,0.018333138460362223,0.7819120482038278,25,30,20
31,3033,1.343366900001615e-23,0.1999994497762669,1.4328374784029983e-05,0.7999862218489491,25,30,20
31,3034,6.533078620151903e-21,0.1800764651452421,0.028717872150239,0.7912056627045189,25,30,20
31,3035,5.794577124295862e-21,0.18031003189110337,0.019860980692578512,0.7998289874163181,25,30,20
31,3036,2.0104611935951264e-25,0.1999999896035105,1.0168578185271623e-05,0.7999898418183043,25,30,20
31,3037,5.559831274691944e-27,0.1999997876433195,1.0091235033346488e-05,0.799990121121647,25,30,20
31,3038,4.305604066738175e-19,0.19998626760020713,0.008885893858198123,0.7911278385415947,25,30,20
31,3039,1.576837530927148e-25,0.19998345001165838,4.130412810482581e-05,0.7999752458602367,25,30,20
31,3040,1.7360643276546784e-22,0.1999999396130217,1.4009788865739482e-05,0.7999860505981127,25,30,20
31,3041,7.263144548379743e-22,0.19933122170797607,0.0006720960975080677,0.7999966821945158,25,30,20
31,3042,3.0953178344373434e-24,0.1999999207127368,0.00035608706124993264,0.7996439922260133,25,30,20
31,3043,4.977082737575708e-25,0.19999991626679126,0.00020629992790409976,0.7997937838053046,25,30,20
31,3044,5.036428691374515e-25,0.19999999010889588,0.00020892371722224117,0.7997910861738817,25,30,20
31,3045,1.8266984546708777e-22,0.1993311836623114,0.0010804333425863501,0.7995883829951022,25,30,20
31,3046,8.87571034739246e-17,0.19998785654436804,0.0005709522077886259,0.7994411912478434,25,30,20
31,3047,1.9080893302340016e-22,0.19999998749522688,0.0005454213789136506,0.7994545911258595,25,30,20
31,3048,1.2077561159114826e-23,0.19998785633199476,0.008645876671344404,0.7913662669966607,25,30,20
31,3049,1.6907207359950702e-23,0.19999962442475028,0.00020290901431507886,0.7997974665609346,25,30,20
31,3050,1.1662229696338568e-23,0.19999970803830827,1.829933747555028e-05,0.7999819926242162,25,30,20
31,3051,2.745135168143746e-20,0.16199398978331556,0.03800940793266179,0.7999966022840226,25,30,20
31,3052,3.5023222345378553e-25,0.151971660879899,0.04822988816932338,0.7997984509507776,25,30,20
31,3053,8.705672630212708e-24,0.15195973078829314,0.04823937098233015,0.7998008982293766,25,30,20
31,3054,3.152672044729316e-17,0.15195973078831085,0.048044325186202205,0.7999959440254868,25,30,20
31,3055,2.3729469988795193e-21,0.15933134714764313,0.0408457060610029,0.7998229467913539,25,30,20
31,3056,1.5651880702959403e-18,0.15998873549553172,0.040025613350453536,0.7999856511540149,25,30,20
31,3057,8.495594236239518e-22,0.15997675671651457,0.04004219185993343,0.7999810514235521,25,30,20
31,3058,6.499794287208173e-22,0.15980771913869735,0.04019307613909964,0.7999992047222029,25,30,20
31,3059,6.501119755835473e-22,0.1599883668972784,0.040022061018943296,0.7999895720837782,25,30,20
31,3060,2.8097927508347745e-20,0.15999747327322686,0.040002959326858746,0.7999995673999146,25,30,20
31,3061,3.744417713369563e-20,0.16001269201740445,0.041597010916836756,0.7983902970657587,25,30,20
31,3062,3.7555706331034864e-17,0.16071130150893453,0.0400689834731655,0.7992197150179,25,30,20
31,3063,6.455996380316701e-10,0.15999979745653384,0.04019932691454715,0.7998008749833193,25,30,20
31,3064,0.00033853851581691066,0.1599999426509447,0.039667164671870946,0.7999943541613677,25,30,20
31,3065,0.00033853851581691066,0.1599999385493143,0.039674532516248424,0.7999869904186204,25,30,20
31,3066,6.035995615759743e-06,0.15998265720453034,0.04003233936831562,0.7999789674315382,25,30,20
31,3067,0.01298286589848991,0.15998430707819403,0.027050997599832677,0.7999818294234832,25,30,20
31,3068,2.7555021626630167e-05,0.15981893611262984,0.040168597808052715,0.7999849110576909,25,30,20
31,3069,3.524328197669433e-15,0.1599997879181423,0.0400209007294466,0.7999793113524075,25,30,20
31,3070,3.5243281862289555e-15,0.15999994365007159,0.04001080231275478,0.7999892540371702,25,30,20
31,3071,0.0005691806895428002,0.15981957541669647,0.03962436005917714,0.7999868838345836,25,30,20
31,3072,0.0005691806895428002,0.1598194346690197,0.03961162960694861,0.7999997550344888,25,30,20
31,3073,1.003720780261355e-19,0.1594794413506561,0.040523044710205944,0.799997513939138,25,30,20
31,3074,1.0037387336646684e-19,0.14030260880408132,0.07397572109555553,0.785721670100363,25,30,20
31,3075,5.728788718103358e-17,0.15999074838392072,0.05428468628208038,0.7857245653339987,25,30,20
31,3076,5.7287888190802e-17,0.15998735280934492,0.04001579228174069,0.799996854908914,25,30,20
31,3077,1.1869259795802348e-09,0.16003393062083174,0.04042440654805532,0.7995416616441869,25,30,20
31,3078,5.950023974878783e-22,0.12199103496215852,0.07606296447729155,0.8019460005605498,25,30,20
31,3079,1.6070857808833644e-16,0.0820594540268148,0.11854681505463625,0.7993937309185489,25,30,20
31,3080,6.298228657589371e-22,0.08205356538137201,0.11794948641324869,0.7999969482053794,25,30,20
31,3081,1.7758057187102525e-21,0.08205323105372683,0.11797122604559838,0.7999755429006749,25,30,20
31,3082,3.7165318305825095e-13,0.08003803675348987,0.1199726755073283,0.7999892877388103,25,30,20
31,3083,3.716531830681039e-13,0.07936922891302962,0.12063132600486663,0.7999994450817322,25,30,20
31,3084,6.92510714936589e-12,0.08000680562820182,0.11916914849293037,0.8008240458719429,25,30,20
31,3085,1.1509283394855895e-09,0.08000118936807434,0.11916648176215715,0.8008323277188402,25,30,20
31,3086,6.924951229130192e-12,0.07999994362258837,0.11932346898926914,0.8006765873812176,25,30,20
31,3087,6.931498398614278e-12,0.07001080137832756,0.12917570029508643,0.8008134983196544,25,30,20
31,3088,1.8896810503064157e-18,0.11998152345748617,0.07762972177562207,0.802388754766892,25,30,20
31,3089,2.1191125641164032e-08,0.11999700752152849,0.0800034768193247,0.7999994944680212,25,30,20
31,3090,2.114013195806006e-08,0.1200001894856431,0.0800060425690632,0.7999937468051617,25,30,20
31,3091,2.1140132332425252e-08,0.11999289442645467,0.1170641085277884,0.7629429759056245,25,30,20
31,3092,2.1140131958060062e-08,0.11176802970549693,0.12924622108666678,0.7589857280677041,25,30,20
31,3093,2.1140131958062137e-08,0.11999975859325905,0.11797662687176347,0.7620235933948452,25,30,20
31,3094,2.1140131958513145e-08,0.11999982803372955,0.08826010454444329,0.7917400462816951,25,30,20
31,3095,2.114050425028994e-08,0.11999977769160804,0.0872503180737498,0.7927498830941379,25,30,20
31,3096,1.9104917469894627e-10,0.15982260246010468,0.04742389791957177,0.7927534994292742,25,30,20
31,3097,1.9104917469893275e-10,0.160005631864283,0.04724193089618298,0.7927524370484846,25,30,20
31,3098,1.910491742773901e-10,0.15915262569526978,0.04149033899591217,0.7993570351177687,25,30,20
31,3099,1.8552512705363376e-09,0.15915588568064526,0.040857927340502254,0.7999861851236011,25,30,20
31,3100,5.988369565852107e-13,0.15914665514842727,0.041248857257909444,0.7996044875930644,25,30,20
31,3101,5.98836925033147e-13,0.14996812925698536,0.050432798317172275,0.7995990724252436,25,30,20
31,3102,1.580278598353106e-06,0.15999054235808288,0.04001530291141758,0.7999925744519012,25,30,20
31,3103,2.7725087886132726e-08,0.15999054240942215,0.04001701173662398,0.7999924181288658,25,30,20
31,3104,6.387068680301262e-08,0.1599911738621386,0.04001279041547675,0.7999959718516978,25,30,20
31,3105,1.1264616703001185e-16,0.15998740265239209,0.04001247977304855,0.8000001175745591,25,30,20
31,3106,2.2660618676873843e-22,0.15976217959040945,0.040242017386065684,0.7999958030235247,25,30,20
31,3107,3.5474804214293106e-20,0.1597627954752171,0.04024022657165054,0.7999969779531323,25,30,20
31,3108,3.526745585852816e-20,0.15999606527576377,0.040004369419015536,0.7999995653052207,25,30,20
31,3109,6.670995837194186e-19,0.15999330791496008,0.04000953735135023,0.7999971547336897,25,30,20
31,3110,1.765612991824481e-20,0.15999991642872838,0.040018709316697446,0.7999813742545742,25,30,20
31,3111,6.42073385196721e-15,0.1593231252414869,0.04068782138641784,0.7999890533720888,25,30,20
31,3112,2.011128131008592e-18,0.1599996325356803,0.040219353625078336,0.7997810138392416,25,30,20
31,3113,2.0111351690862297e-18,0.15999571966431586,0.04021402239107199,0.7997902579446122,25,30,20
31,3114,2.4199148692393735e-23,0.15981659351986313,0.04018698289204618,0.7999964235880906,25,30,20
31,3115,1.0342777277536161e-23,0.15928690395960415,0.04071638073961024,0.7999967153007855,25,30,20
31,3116,3.697991545341994e-20,0.1599997208277442,0.040001188852307204,0.7999990903199486,25,30,20
31,3117,3.698809727817899e-20,0.15998800462440912,0.04002060652216015,0.799991388853431,25,30,20
31,3118,2.009702699125969e-18,0.1594797639621365,0.04052892668410731,0.7999913093537562,25,30,20
31,3119,2.010770507107434e-18,0.14971386266649062,0.050297194202339704,0.7999889431311697,25,30,20
31,3120,2.0133432985172113e-18,0.15997856164352545,0.040021896693077784,0.7999995416633968,25,30,20
31,3121,6.567833107349326e-22,0.15997860926856475,0.040227416363505665,0.7997939743679295,25,30,20
31,3122,6.470366989711135e-22,0.15998779981806355,0.0402113776995739,0.7998008224823624,25,30,20
31,3123,1.2619012984550332e-23,0.15998965843928872,0.00021831590011691808,0.8397920256605943,25,30,20
31,3124,7.99260094221636e-24,0.15175617494472177,0.008250603688481439,0.8399932213667967,25,30,20
31,3125,1.668162886398344e-23,0.15176491142794435,0.008243358514290353,0.8399917300577653,25,30,20
31,3126,5.768365091439286e-22,0.15174414302144787,0.008259746663141401,0.8399961103154108,25,30,20
31,3127,5.788320402874709e-22,0.1599758119968243,0.00018890228909375793,0.8398352857140817,25,30,20
31,3128,1.1721962371231927e-23,0.1599999959009079,0.0001542884158090887,0.839845715683283,25,30,20
31,3129,1.0501466635087386e-21,0.15931623543947762,0.0010370742526703584,0.8396466903078523,25,30,20
31,3130,2.7448433390119534e-20,0.1596486160836284,0.0007050418427679884,0.8396463420736038,25,30,20
31,3131,9.721700474871545e-21,0.15964866559864183,0.0005532832914748715,0.8397980511098833,25,30,20
31,3132,9.72166177831905e-21,0.15933127225873853,0.0008312157358820567,0.8398375120053794,25,30,20
31,3133,9.713390078033454e-21,0.1599999183044527,8.584741672890803e-06,0.8399914969538744,25,30,20
31,3134,2.9907057436609543e-24,0.15999999336265522,0.0005714676229998922,0.8394285390143449,25,30,20
31,3135,1.8373282005053982e-23,0.1599999418321334,0.009208203578229926,0.8307918545896367,25,30,20
31,3136,3.203669298819405e-24,0.15976652536558217,0.00023687893547529707,0.8399965956989425,25,30,20
31,3137,1.6454784315835151e-25,0.15999967312591984,1.1034728818973793e-05,0.8399892921452612,25,30,20
31,3138,7.357974516985079e-22,0.15997558293018366,4.9094230960498666e-05,0.839975322838856,25,30,20
31,3139,3.491721144240226e-22,0.1599997271208327,1.4185615311578755e-05,0.8399860872638557,25,30,20
31,3140,1.7902040937815805e-22,0.15999069159278886,2.1018650763429734e-05,0.8399882897564478,25,30,20
31,3141,3.441614010939903e-22,0.15999572061055423,0.00023794906952169861,0.8397663303199241,25,30,20
31,3142,4.851057973884949e-22,0.15999587507371651,4.706562943782358e-06,0.83999941836334,25,30,20
31,3143,1.2013573016174516e-23,0.15999268356353352,1.7677699381354845e-05,0.8399896387370852,25,30,20
31,3144,3.6506559014662976e-25,0.15998806643990485,1.244124839335186e-05,0.8399994923117018,25,30,20
31,3145,3.940165432314416e-24,0.15929872756847094,0.0007160879496038779,0.8399851844819253,25,30,20
31,3146,3.617748657677072e-24,0.1594795817250192,0.0005278455437841565,0.8399925727311968,25,30,20
31,3147,1.0507906932705252e-21,0.15895639501249703,0.0010692446291303058,0.8399743603583726,25,30,20
31,3148,5.65830953277274e-22,0.15947354084146192,0.0005485706395095413,0.8399778885190284,25,30,20
31,3149,6.9068342474921e-24,0.1594703352639401,0.0005437999753409915,0.8399858647607189,25,30,20
31,3150,1.1620811688005185e-23,0.15947960607669698,0.0005285121660356724,0.8399918817572675,25,30,20
31,3151,1.2130592410496816e-23,0.15946736416640384,0.0005477059402409064,0.8399849298933553,25,30,20
31,3152,1.7884205803871532e-25,0.15947039296647708,0.0005434869980760993,0.8399861200354466,25,30,20
31,3153,3.1649253085458653e-24,0.15999063741222916,2.5727913612169177e-05,0.8399836346741587,25,30,20
31,3154,3.047702421205978e-24,0.15999074645428352,0.00045861947965654827,0.83955063406606,25,30,20
31,3155,2.7319516538827407e-20,0.15999075014250996,0.00020473098033589848,0.8398045188771543,25,30,20
31,3156,2.7316475756881386e-20,0.15997882558630575,0.00022417614434828428,0.8397969982693462,25,30,20
31,3157,2.731931213929068e-20,0.15999993452873346,0.00034720115538744564,0.8396528643158793,25,30,20
31,3158,3.1770710561235902e-24,0.14997721406877682,0.010177599763623838,0.8398451861675995,25,30,20
31,3159,6.492823990143974e-19,0.15998388180102294,1.6659285887493553e-05,0.8399994589130896,25,30,20
31,3160,6.492909049553759e-19,0.1599837933894772,1.6743049228268423e-05,0.8399994635612945,25,30,20
31,3161,6.492853399495997e-19,0.15998395560172946,2.6606143542948482e-05,0.8399894382547278,25,30,20
31,3162,3.1890827337955067e-24,0.1599965433999003,0.00021250520577354362,0.8397909513943262,25,30,20
31,3163,4.799164523669055e-22,0.15999965225307936,0.00035646110714860203,0.8396438866397721,25,30,20
31,3164,1.6814532490041052e-22,0.1599956151163586,0.0006057089603600587,0.8393986759232814,25,30,20
31,3165,6.967216884698698e-17,0.15999575027559568,0.008754124774079174,0.831250124950325,25,30,20
31,3166,6.967215897939498e-17,0.15999587084648612,0.008757803559221872,0.831246325594292,25,30,20
31,3167,3.376286388195793e-24,0.15998663255335865,2.4029893617748876e-05,0.8399893375530237,25,30,20
31,3168,1.7007969945188204e-23,0.15999053722379608,1.0336188061727252e-05,0.8399991265881422,25,30,20
31,3169,9.703807026344676e-21,0.15999074609368158,2.3430002184369633e-05,0.839985823904134,25,30,20
31,3170,9.712256309194735e-21,0.15997574156459085,3.178944760468082e-05,0.8399924689878044,25,30,20
31,3171,8.774211099692715e-24,0.15997882359459265,2.1643888770729666e-05,0.8399995325166367,25,30,20
31,3172,2.0050371125339904e-23,0.159999924707297,0.0004505745561874821,0.8395495007365155,25,30,20
31,3173,1.6845170586637508e-22,0.1599995747177194,0.00723498955564335,0.8327654357266373,25,30,20
31,3174,3.600634725515377e-22,0.14030248662703293,0.02693716875677223,0.8327603446161949,25,30,20
31,3175,1.0845345338877251e-23,0.14030276652361795,0.028578116350753514,0.8311191171256285,25,30,20
31,3176,4.88986126393631e-22,0.1403026071563391,0.028872291325610644,0.8308251015180501,25,30,20
31,3177,4.859788416727887e-22,0.1517676892189629,0.00854233699022553,0.8396899737908116,25,30,20
31,3178,6.778707565702106e-22,0.15998805997853152,0.0003118521639469124,0.8397000878575217,25,30,20
31,3179,9.307624206032119e-22,0.15175601510714967,0.008244234711589853,0.8399997501812605,25,30,20
31,3180,1.4122581194577821e-21,0.1517649149904337,0.008235599934214258,0.839999485075352,25,30,20
31,3181,2.1208265636012844e-22,0.15998727970782212,2.287299181157833e-05,0.8399898473003663,25,30,20
31,3182,3.7220463307220315e-24,0.15999978174734697,3.7999379244029736e-06,0.8399964183147286,25,30,20
31,3183,3.4201871142835525e-24,0.1599997829826579,7.421084992387538e-06,0.8399927959323495,25,30,20
31,3184,6.949956051467738e-24,0.1593221066624852,0.0012559237861428907,0.8394219695513718,25,30,20
31,3185,4.860517054686588e-22,0.15933134697526413,0.0008747053871846621,0.8397939476375511,25,30,20
31,3186,4.994698519501899e-22,0.15998806712714547,0.00022027783339691496,0.8397916550394575,25,30,20
31,3187,4.830734241196044e-22,0.15999977961699943,0.000203488083683083,0.8397967322993174,25,30,20
31,3188,1.7042486701199063e-22,0.15998769688601663,2.6835871266910503e-05,0.8399854672427166,25,30,20
31,3189,1.7029956236471806e-22,0.15999659767585972,1.7599359237443858e-05,0.839985802964903,25,30,20
31,3190,2.1752661349987255e-25,0.15999074956517798,2.6982862944846552e-05,0.8399822675718772,25,30,20
31,3191,4.821275123290622e-22,0.15999059081530795,0.0005958187866099015,0.8394135903980822,25,30,20
31,3192,4.81935511779074e-22,0.15947944950518447,0.0011131177567842315,0.8394074327380312,25,30,20
31,3193,4.935934951077115e-22,0.15947964926609373,0.0005285562922722062,0.8399917944416342,25,30,20
31,3194,4.816315037641858e-22,0.1599966448275049,0.00021025064263542105,0.8397931045298597,25,30,20
31,3195,2.9973836214702072e-24,0.15999680698423657,3.412761586124956e-06,0.8399997802541772,25,30,20
31,3196,5.9802072770775135e-24,0.15999999688083955,7.283535458294635e-06,0.8399927195837021,25,30,20
31,3197,1.328515554563897e-23,0.1599955927310559,0.0011500295090069545,0.8388543777599372,25,30,20
31,3198,1.8573528846512034e-23,0.1599954394515272,0.0005756052135358837,0.8394289553349371,25,30,20
31,3199,5.908989887268458e-22,0.1599876288053287,2.246804861469298e-05,0.8399899031460568,25,30,20
31,3200,5.069944838201142e-22,0.15999967265935694,0.0004482469964367298,0.8395520803442065,25,30,20
31,3201,8.703341909013462e-24,0.15999983475791013,4.087224906903921e-06,0.839996078017183,25,30,20
31,3202,8.653195952583742e-24,0.15999587662009015,2.0358574335020224e-05,0.8399837648055748,25,30,20
31,3203,2.7606367212143584e-23,0.1593271269693941,0.001823182534527332,0.8388496904960785,25,30,20
31,3204,4.2740697827937106e-23,0.1599956553693172,0.00016838383264391695,0.839835960798039,25,30,20
31,3205,2.9959451325238484e-23,0.15998373945015312,4.917913963561649e-05,0.8399670814102115,25,30,20
31,3206,4.738815366503936e-15,0.15175578266761675,0.00824509881230817,0.8399991185200705,25,30,20
31,3207,1.3350235930537206e-23,0.15932722674501565,0.0006836925883670209,0.8399890806666174,25,30,20
31,3208,1.0248007717416309e-23,0.15999587101550414,0.00016241371070954962,0.8398417152737864,25,30,20
31,3209,1.8018632113216807e-22,0.1599957153198823,0.00017264989175507463,0.8398316347883626,25,30,20
31,3210,3.5057487081118153e-22,0.1599956682558151,2.119883866517939e-05,0.8399831329055196,25,30,20
31,3211,4.915367687994622e-22,0.15998374545827787,2.6614182264155577e-05,0.839989640359458,25,30,20
31,3212,1.0129806241350439e-23,0.15999567189875724,1.4733146114919937e-05,0.839989594955128,25,30,20
31,3213,1.0080378389419553e-23,0.1599786171982406,4.3484906211036135e-05,0.8399778978955484,25,30,20
31,3214,1.6306924136508566e-25,0.15998806691224168,0.00047750203998553223,0.8395344310477728,25,30,20
31,3215,4.03997379577466e-25,0.1599907492203544,1.7686127998082063e-05,0.8399915646516475,25,30,20
31,3216,4.495061469920326e-22,0.15176802600832834,0.008243694483458477,0.8399882795082131,25,30,20
31,3217,5.739642403647429e-22,0.15975734936614025,0.0008172493708779196,0.8394254012629818,25,30,20
31,3218,7.472863480821937e-22,0.15999060307954252,0.0005833541065161824,0.8394260428139413,25,30,20
31,3219,5.768803641692213e-22,0.1599872770440132,1.6041390301002585e-05,0.8399966815656857,25,30,20
31,3220,5.739669491263273e-22,0.1599965744666267,6.29180461540807e-06,0.8399971337287577,25,30,20
31,3221,3.5152701008684714e-25,0.15999670079147893,0.00016042443114994308,0.8398428747773711,25,30,20
31,3222,1.2212370316854814e-21,0.15946787945015525,0.0008980842762411944,0.8396340362736034,25,30,20
31,3223,7.369937536774914e-22,0.1587992343232224,0.001207376745358859,0.8399933889314187,25,30,20
31,3224,7.395217986508473e-22,0.15879004630701146,0.01065148226605251,0.830558471426936,25,30,20
31,3225,2.762710668182238e-20,0.15931926601304236,0.0007018651807034547,0.8399788688062542,25,30,20
31,3226,1.7881258606623372e-22,0.15998774892801648,1.8861950070907923e-05,0.8399933891219127,25,30,20
31,3227,6.619147828788901e-22,0.1598186968148617,0.0003420203072624256,0.8398392828778758,25,30,20
31,3228,3.3071770940811824e-25,0.1599907500128299,0.00016365725585579084,0.8398455927313144,25,30,20
31,3229,2.765132693590691e-20,0.15999051560163616,0.0007427822603709252,0.8392667021379929,25,30,20
31,3230,8.3286988646913e-14,0.15999999314194205,0.007691920978979305,0.8323080858789953,25,30,20
31,3231,1.4542026883496914e-23,0.1599839510891061,2.4377080611484438e-05,0.8399916718302827,25,30,20
31,3232,1.716977750548217e-23,0.15998786129952974,1.2298632862517216e-05,0.8399998400676076,25,30,20
31,3233,6.589535091295583e-19,0.15998450862481273,0.0003750608148110866,0.8396404305603763,25,30,20
31,3234,6.815345120225055e-19,0.1599848228631072,0.00017967151936272997,0.8398355056175301,25,30,20
31,3235,3.223988336487813e-20,0.15933113247352151,0.0006722524392722452,0.839996615087206,25,30,20
31,3236,3.241033831572693e-20,0.15999992990580464,0.00016108709142490324,0.8398389830027704,25,30,20
31,3237,1.7891620376195377e-22,0.1593311831515457,0.0008371120958249307,0.8398317047526295,25,30,20
31,3238,9.886083805047308e-21,0.15999058430939178,0.0013613224529508189,0.8386480932376574,25,30,20
31,3239,1.8204589007841732e-22,0.15980684531810352,0.00019647389760338248,0.8399966807842932,25,30,20
31,3240,1.7342600907729437e-22,0.1599997867646129,1.0959343914663252e-05,0.8399892538914723,25,30,20
31,3241,1.1522341112927327e-19,0.15999978752625568,0.037219253546783036,0.8027809589269609,25,30,20
31,3242,1.6799457399157145e-18,0.15999962727498712,0.03706273833817813,0.8029376343868345,25,30,20
31,3243,1.5642417337742513e-18,0.1599863371088822,0.03698135766811354,0.8030323052230041,25,30,20
31,3244,1.7345590520534028e-22,0.1599955783120792,0.03712631842600154,0.8028781032619193,25,30,20
31,3245,7.648278709929807e-15,0.15999737595262947,0.045652597123935656,0.794350026923427,25,30,20
31,3246,7.648278712618021e-15,0.15976735977961312,0.04588568159734185,0.7943469586230375,25,30,20
31,3247,4.7926909145420825e-19,0.15976658072411293,0.04887393986977091,0.7913594794061162,25,30,20
31,3248,1.1430279584148025e-14,0.15187759760294145,0.046563035581961676,0.8015593668150852,25,30,20
31,3249,1.27490481615436e-09,0.16001403107718762,0.039986049333209366,0.7999999183146982,25,30,20
31,3250,5.669357530696533e-13,0.15982137709159744,0.04018099389201593,0.7999976290158196,25,30,20
31,3251,1.8126558914324462e-09,0.15982465752995526,0.04017912560674177,0.799996215050647,25,30,20
31,3252,1.812655891400274e-09,0.15998783634037464,0.040012660744341406,0.7999995011026282,25,30,20
31,3253,3.742934374108696e-08,0.15999571903276047,0.040012476554109125,0.7999917669837867,25,30,20
31,3254,0.0385396479529898,0.15998395756693715,0.0014802629953417537,0.7999961314847313,25,30,20
31,3255,0.0033147948669740228,0.16039452189744577,0.03628300414281822,0.800007679092762,25,30,20
31,3256,0.0033147948669740228,0.160382650115225,0.03629473097130437,0.8000078240464964,25,30,20
31,3257,4.826318893723573e-11,0.15999999511428512,0.04001172214895103,0.7999882826885008,25,30,20
31,3258,1.0590868178430693e-07,0.15976653328685653,0.04025459331898586,0.7999787674854759,25,30,20
31,3259,2.432738142426537e-25,0.1597514181678778,0.04024804526237346,0.8000005365697489,25,30,20
31,3260,3.592818380726444e-11,0.15976652801497074,0.038710808607349156,0.8015226633417518,25,30,20
31,3261,3.5928183807272977e-11,0.15999053755247566,0.038491928140318626,0.8015175342712777,25,30,20
31,3262,2.22046152670793e-15,0.1599998311308506,0.02285511673672517,0.817145052132422,25,30,20
31,3263,2.2204617383824733e-15,0.15976653198549526,0.023646114550555212,0.8165873534639475,25,30,20
31,3264,2.1216896240599705e-22,0.15976673791837892,0.0008125803044116221,0.8394206817772094,25,30,20
31,3265,3.223724022675863e-20,0.15999340535664502,1.4594480069262637e-05,0.8399920001632856,25,30,20
31,3266,6.920824815255448e-26,0.1599865665042615,3.01210707014865e-05,0.839983312425037,25,30,20
31,3267,1.592773538100267e-25,0.15947568002714693,0.0006821534394752418,0.8398421665333778,25,30,20
31,3268,3.056626789008611e-24,0.15999983111425378,4.083925585119878e-06,0.8399960849601611,25,30,20
31,3269,1.2850488412418746e-25,0.1599878514980581,2.6527757509520614e-05,0.8399856207444323,25,30,20
31,3270,2.1213178037705828e-25,0.15999545661527256,0.00016945055898514718,0.8398350928257423,25,30,20
31,3271,1.6450631266042645e-25,0.15999957231992296,0.00015842057143775022,0.8398420071086392,25,30,20
31,3272,1.7541726364656708e-25,0.15980952496274795,0.00019867367497576044,0.8399918013622762,25,30,20
31,3273,8.316850656805876e-17,0.151758853801564,0.00824495375433175,0.8399961924441043,25,30,20
31,3274,1.5289731880150866e-25,0.1599995748821293,4.058106181993588e-06,0.839996367011689,25,30,20
31,3275,2.1887514333422243e-25,0.1598185560764882,0.00018184008869109384,0.8399996038348209,25,30,20
31,3276,3.012465817901135e-25,0.15999987161202553,8.614627691399248e-06,0.8399915137602834,25,30,20
31,3277,6.128301350583295e-24,0.1599998715775407,1.8908535235890347e-05,0.8399812198872236,25,30,20
31,3278,8.057582768571615e-27,0.15999574759837182,2.5254646625643224e-05,0.8399789977550026,25,30,20
31,3279,3.3950085827929275e-24,0.15999956403641724,0.0007260399141246397,0.8392743960494581,25,30,20
31,3280,1.1493734855662842e-23,0.1599995524564589,0.0001551019303556278,0.8398453456131856,25,30,20
31,3281,3.0055798716149488e-24,0.15999587479905764,0.009442796160808203,0.8305613290401342,25,30,20
31,3282,3.950685119600624e-24,0.1599848765048998,1.818077815269302e-05,0.8399969427169474,25,30,20
31,3283,4.818458612267553e-22,0.1599996205936546,0.00016285739902506327,0.8398375220073203,25,30,20
31,3284,4.412946845457242e-25,0.15999962343220883,0.0001584827256084892,0.8398418938421828,25,30,20
31,3285,2.3295891127269546e-25,0.15998467486171664,1.565682138881647e-05,0.8399996683168947,25,30,20
31,3286,2.828155080463559e-25,0.15998446374047273,1.596704131152847e-05,0.8399995692182156,25,30,20
31,3287,3.620022635733119e-24,0.15981897084979999,0.00018128833576464766,0.8399997408144351,25,30,20
31,3288,4.80190622760171e-22,0.15999991466467745,0.0006064998016268283,0.8393935855336957,25,30,20
31,3289,8.689062792076456e-24,0.15947981088844831,0.0009851495419374847,0.8395350395696143,25,30,20
31,3290,4.966208663550448e-25,0.15947981446165563,0.0007556081252666506,0.8397645774130776,25,30,20
31,3291,2.925703249693836e-25,0.15947981446165505,0.0007299813374911887,0.8397902042008539,25,30,20
31,3292,5.081231348303569e-15,0.1594798182233084,0.0005395826626729374,0.8399805991140137,25,30,20
31,3293,7.358701552719106e-22,0.15999982911639202,4.513233774457602e-06,0.8399956576498336,25,30,20
31,3294,7.357669888603277e-22,0.1599998263360905,6.485066620826098e-07,0.8399995251572474,25,30,20
31,3295,1.707339365052827e-22,0.15022017942906232,0.009788656140093369,0.8399911644308443,25,30,20
31,3296,2.745205611066293e-20,0.15022017942906232,0.009791688537580272,0.8399881320333575,25,30,20
31,3297,2.745716800222608e-20,0.15999074563769117,0.0006137880639404347,0.8393954662983686,25,30,20
31,3298,4.619890066367616e-25,0.15998143480433769,0.0006154995198200315,0.8394030656758423,25,30,20
31,3299,1.7056530536905906e-22,0.1599906020355182,2.6964786941878897e-05,0.8399824331775397,25,30,20
31,3300,1.7026683439852837e-22,0.15947981721620189,0.00053433750615886,0.8399858452776391,25,30,20
31,3301,1.702628317308959e-22,0.14997721230168015,0.010036819828735676,0.8399859678695841,25,30,20
31,3302,1.704279362335021e-22,0.1599905191433143,2.007334453950551e-05,0.8399894075121462,25,30,20
31,3303,1.3365684239214577e-23,0.1597663659082974,0.0003916011349176059,0.839842032956785,25,30,20
31,3304,4.916129636340959e-22,0.15999663841955875,0.000581209842505724,0.8394221517379354,25,30,20
31,3305,6.64110356398443e-26,0.15999262196975503,0.0005921101165508878,0.8394152679136941,25,30,20
31,3306,1.7316677147048495e-25,0.1599965755458391,2.0045851262429533e-05,0.8399833786028984,25,30,20
31,3307,2.3474865630979445e-25,0.159983372253082,3.9330225955675473e-05,0.8399772975209622,25,30,20
31,3308,1.8819730541774532e-25,0.15998748797827234,2.3725778764539523e-05,0.8399887862429631,25,30,20
31,3309,3.477221464004319e-24,0.15997861715857337,5.483192553584913e-05,0.8399665509158909,25,30,20
31,3310,1.5743661544245403e-18,0.12102720511939434,0.039186659104117706,0.839786135776488,25,30,20
31,3311,9.834028699036621e-21,0.12104840131100797,0.03917279515005465,0.8397788035389374,25,30,20
31,3312,6.8555683585138056e-15,0.1199998013841816,0.04017632141920835,0.8398238771966032,25,30,20
31,3313,5.555283316155053e-19,0.1199998379408455,0.04000334709188692,0.8399968149672676,25,30,20
31,3314,2.3796769389921797e-21,0.11999946641923696,0.04001152221918058,0.8399890113615825,25,30,20
31,3315,2.9429516540248423e-16,0.12200623350238411,0.038011932779836055,0.8399818337177795,25,30,20
31,3316,1.3506468127878327e-19,0.11999978039921501,0.04000687160331601,0.839993347997469,25,30,20
31,3317,8.199367478739051e-20,0.11999122306459373,0.040009162734661645,0.8399996142007446,25,30,20
31,3318,3.5266333183318277e-13,0.11997882587581142,0.040465404419238196,0.8395557697045979,25,30,20
31,3319,3.526633320118833e-13,0.11999074868858173,0.040017461116113935,0.8399917901949517,25,30,20
31,3320,1.0058254520710549e-19,0.1199968037050063,0.040003263431735804,0.8399999328632579,25,30,20
31,3321,1.6654315974079774e-18,0.11999680628153035,0.040008619787914014,0.8399945739305559,25,30,20
31,3322,1.0040674373831411e-19,0.11999664781539332,0.040003814652244035,0.8399995375323625,25,30,20
31,3323,4.930809586279561e-05,0.12000822510858107,0.03996365032682289,0.8399788164687333,25,30,20
31,3324,4.930809586279561e-05,0.11977505766476164,0.04017589841305884,0.8399997358263167,25,30,20
31,3325,4.930809586279561e-05,0.12000820327765266,0.03994607432435958,0.8399964143021248,25,30,20
31,3326,9.72277003605594e-10,0.11999967041711929,0.04017579055483767,0.839824538055766,25,30,20
31,3327,1.944014639382289e-09,0.11881341006221582,0.041204893428058005,0.8399816945657115,25,30,20
31,3328,1.944014638752015e-09,0.11999058709403364,0.040208760081936724,0.8398006508800152,25,30,20
31,3329,9.649612660789578e-05,0.11999984208862548,0.0402036363707761,0.8397000254139907,25,30,20
31,3330,3.010630386560714e-06,0.1199996815361645,0.04030002966323114,0.8396972781702177,25,30,20
31,3331,3.010630386560714e-06,0.11923733009161061,0.041059619313876895,0.8397000399641257,25,30,20
31,3332,0.03573361467685773,0.11952810850078771,0.004743355699300306,0.8399949211230543,25,30,20
31,3333,0.03573361467685773,0.11999454724279467,0.004290901885883913,0.8399809361944639,25,30,20
31,3334,0.03573361467685773,0.11999846746373055,0.00428671267985102,0.839981205179561,25,30,20
31,3335,0.037395082409230194,0.11976334099366857,0.0030487026394963685,0.8397928739576049,25,30,20
31,3336,0.03985842157401077,0.11998467052159946,0.0003665677107727491,0.8397903401936171,25,30,20
31,3337,0.03985842157401077,0.11998467052158242,0.00016026071274896075,0.8399966471916579,25,30,20
31,3338,0.005803052148511234,0.11999581205401488,0.03421500977870689,0.8399861260187669,25,30,20
31,3339,0.005803052148511234,0.11999576490402808,0.0342215599961553,0.8399796229513053,25,30,20
31,3340,0.005856994140046026,0.11999958162781363,0.03473127605108608,0.8394121481810543,25,30,20
31,3341,0.005856994140046026,0.11999979185538188,0.034167639220656694,0.8399755747839153,25,30,20
31,3342,3.0064192380257018e-06,0.11999980697962814,0.04000812074217361,0.83998906585896,25,30,20
31,3343,0.004586923937275679,0.12077082718796917,0.03480006000823952,0.8398421888665156,25,30,20
31,3344,1.5785201255459202e-06,0.11999059373539367,0.04016046390249772,0.839847363841983,25,30,20
31,3345,3.1363757657363916e-06,0.11999561878902862,0.04015406388627171,0.8398471809489341,25,30,20
31,3346,3.0459778288368147e-13,0.11998850406308613,0.040582870651541085,0.8394286252850679,25,30,20
31,3347,9.458869222650695e-12,0.119999418094839,0.040010835126535055,0.839989746769167,25,30,20
31,3348,3.0437128417733804e-08,0.11999958027253632,0.04057779472817663,0.8394225945621586,25,30,20
31,3349,8.828180582612095e-05,0.11999999621380303,0.040488006518813686,0.8394237154615571,25,30,20
31,3350,6.353327037144647e-05,0.11999967235910072,0.03994329519356752,0.8399934991769602,25,30,20
31,3351,6.353327037144647e-05,0.11999983727673914,0.03993697816451091,0.8399996512883783,25,30,20
31,3352,8.983829944594939e-05,0.11947960293550965,0.040730848284507404,0.8396997104805369,25,30,20
31,3353,8.98382994460756e-05,0.11946783498382108,0.04061556208633938,0.8398267646303934,25,30,20
31,3354,3.652829332960498e-13,0.11935675078894153,0.040808591971514374,0.8398346572391788,25,30,20
31,3355,5.739612533477816e-18,0.11979740097447164,0.040375095402517484,0.839827503623011,25,30,20
31,3356,1.831306630673335e-13,0.12001873636295163,0.039985260312817565,0.8399960033240474,25,30,20
31,3357,2.0453722955896133e-18,0.12003799097976789,0.03997348902562739,0.8399885199946044,25,30,20
31,3358,2.045542449739444e-18,0.11951788330157473,0.04050041013687594,0.8399817065615492,25,30,20
31,3359,2.0110766363840037e-18,0.12000066263504326,0.04001088260454267,0.839988454760414,25,30,20
31,3360,2.1882129696451465e-16,0.12000699384206616,0.04000116380950349,0.83999184234843,25,30,20
31,3361,3.243079388354764e-20,0.11976662629261661,0.04023628955011271,0.8399970841572706,25,30,20
31,3362,5.995070438813427e-15,0.12199336048256076,0.03800975347132554,0.8399968860461073,25,30,20
31,3363,2.0138409015762702e-23,0.1199996273124499,0.04001071018339761,0.8399896625041524,25,30,20
31,3364,3.2409961042888026e-16,0.11999947808040189,0.040195981242729585,0.8398045406768679,25,30,20
31,3365,3.2409961037113224e-16,0.12000000403706512,0.04001053238789267,0.8399894635750418,25,30,20
31,3366,3.2409960723966466e-16,0.11999999921863154,0.04016467174914827,0.8398353290322198,25,30,20
31,3367,3.240996076645018e-16,0.07984334985972062,0.08033162810222533,0.8398250220380536,25,30,20
31,3368,1.5600020606091789e-09,0.07983800267142788,0.08032194116025965,0.8398400546083105,25,30,20
31,3369,5.686030035076702e-18,0.07158710211571248,0.10422650072369426,0.8241863971605933,25,30,20
31,3370,1.1867330837635282e-09,0.0799999562079141,0.07996690370599349,0.8400331388993592,25,30,20
31,3371,1.0123203961836761e-14,0.08000011585050812,0.07938433328027555,0.840615550869206,25,30,20
31,3372,7.822892490348922e-13,0.07999055811737317,0.08002344214095157,0.8399859997408927,25,30,20
31,3373,4.396897145674988e-09,0.08004874634896073,0.07995521582201864,0.8399960334321236,25,30,20
31,3374,3.833061001271795e-13,0.08001384357616574,0.0799461248978839,0.8400400315255672,25,30,20
31,3375,3.826806049826551e-13,0.11955503390393667,0.04045149040984639,0.8399934756858342,25,30,20
31,3376,2.720407376029113e-09,0.12000052760315832,0.04000680112370552,0.8399926685527288,25,30,20
31,3377,2.720407376028939e-09,0.11999738452011145,0.04000303949590958,0.8399995732635717,25,30,20
31,3378,4.4670615129529545e-06,0.11999670182687326,0.04001400392569198,0.8399848271859218,25,30,20
31,3379,4.467061514663363e-06,0.07933807959018523,0.08065391768984075,0.8400035356584594,25,30,20
31,3380,4.467105583395428e-06,0.07933130728382815,0.08067458842059326,0.8399896371899952,25,30,20
31,3381,2.6468708958298017e-08,0.07933129620877652,0.08066917854173802,0.8399994987807766,25,30,20
31,3382,0.0004943690029561932,0.07999999523191775,0.0796631609317778,0.8398424748333483,25,30,20
31,3383,0.0001950334256500998,0.07999999716022226,0.08001992357161729,0.8397850458425102,25,30,20
31,3384,2.2499450254557945e-10,0.0799999925002951,0.08001141763574142,0.8399885896389692,25,30,20
31,3385,8.431918324316612e-13,0.080017505966274,0.07999450348092654,0.839987990551956,25,30,20
31,3386,2.7036387802840744e-09,0.0799999925002959,0.08002531391640438,0.8399746908796609,25,30,20
31,3387,2.7036387802847262e-09,0.07999999243591158,0.08058940898921599,0.8394105958712337,25,30,20
31,3388,1.5678782998242031e-07,0.07999999490416382,0.0800001394341684,0.8399997088738377,25,30,20
31,3389,2.3654256488961164e-07,0.07999999498978641,0.08019869470002522,0.8398010737676238,25,30,20
31,3390,8.664209399083036e-06,0.07999999186644327,0.0803481140416011,0.8396432298825567,25,30,20
31,3391,0.03987168890966953,0.07999984195298052,0.040349451995889636,0.8397790171414605,25,30,20
31,3392,0.03987168890966953,0.07976654290881426,0.04037016522057536,0.8399916029609409,25,30,20
31,3393,0.052650720919543474,0.07976653610319491,0.02759141480969136,0.8399913281675703,25,30,20
31,3394,0.05113442036015654,0.07976658646453597,0.0291076852091273,0.8399913079661802,25,30,20
31,3395,1.5401362521323555e-07,0.07976658182916957,0.08025202485433795,0.8399812393028674,25,30,20
31,3396,0.0002517770712390061,0.0799999986684738,0.080058565668556,0.839689658591731,25,30,20
31,3397,3.345068644563993e-11,0.07998807219793372,0.08003320468243469,0.839978723086181,25,30,20
31,3398,1.049152414523332e-07,0.079981653233311,0.08023142725132443,0.8397868146001234,25,30,20
31,3399,1.049152414523332e-07,0.07998165323329365,0.0800403567047342,0.8399778851467308,25,30,20
31,3400,1.049143945627587e-07,0.07999602012539025,0.08739606490983809,0.832607810050377,25,30,20
31,3401,4.827287601810584e-11,0.0794798210429925,0.080531029825546,0.8399891490831886,25,30,20
31,3402,4.837496077637724e-11,0.08000001713180208,0.07999819192604105,0.8400017908937819,25,30,20
31,3403,3.318815696468617e-09,0.07999999622067605,0.08015506054330349,0.8398449399172045,25,30,20
31,3404,0.00017134682163432097,0.07947981842063304,0.08050588207147893,0.8398429526862534,25,30,20
31,3405,0.0001713441484331727,0.07929880129797649,0.08053274140010369,0.8399971131534865,25,30,20
31,3406,1.811400193527821e-09,0.07998396399795765,0.08001884776217752,0.8399971864284649,25,30,20
31,3407,1.3412192098621798e-09,0.07998428989843603,0.08001904181627265,0.8399966669440719,25,30,20
31,3408,1.3412192098611359e-09,0.08000003879468952,0.07999988017028623,0.8400000796938053,25,30,20
31,3409,2.707160762257503e-09,0.07999978934482174,0.08000301702181986,0.8399971909261977,25,30,20
31,3410,0.03295946732222607,0.07999963908281463,0.04704723555807721,0.8399936580368822,25,30,20
31,3411,0.039946553416395504,0.0699742053978927,0.0505269433288636,0.8395522978568485,25,30,20
31,3412,0.03579344610079968,0.08003459081286182,0.04461563622406137,0.8395563268622772,25,30,20
31,3413,0.03849998652342908,0.07999076832312738,0.041957497928319515,0.8395517472251242,25,30,20
31,3414,0.01315343324042544,0.0799907583897966,0.06685851700886461,0.8399972913609133,25,30,20
31,3415,0.01315898756677529,0.07999999988453893,0.066851449601308,0.8399895629473775,25,30,20
31,3416,2.0105857953330222e-13,0.08000036015565408,0.08001728330490274,0.8399823565392424,25,30,20
31,3417,2.0105857936006183e-13,0.08000030051684465,0.0800212433272148,0.8399784561557395,25,30,20
31,3418,2.380527252240588e-16,0.07999993933503055,0.08001410934719491,0.8399859513177742,25,30,20
31,3419,5.664691489624675e-13,0.0800004224591088,0.08039527601906535,0.8396043015212592,25,30,20
31,3420,5.973728886261429e-06,0.07976724503042537,0.08022748483361822,0.8399992964070704,25,30,20
31,3421,5.973728886261429e-06,0.08000050097451084,0.08001484096315434,0.8399786843334486,25,30,20
31,3422,5.973728886261529e-06,0.07998808865587598,0.08002927603643128,0.8399766615788066,25,30,20
31,3423,9.202257225519828e-10,0.08104838639565276,0.07896843961916139,0.83998317306496,25,30,20
31,3424,9.202257225519779e-10,0.08104838639566644,0.08760203739057498,0.8313495752935327,25,30,20
31,3425,4.4025012500050014e-11,0.08087311645521261,0.08779102082136214,0.8313358626794002,25,30,20
31,3426,3.277150106393959e-11,0.07982492142714462,0.08897463414978009,0.8312004443903039,25,30,20
31,3427,1.086800731315049e-06,0.07982492137157887,0.04187682314408169,0.8782971686836083,25,30,20
31,3428,1.0868007313207184e-06,0.08003466747133783,0.04167188046342119,0.8782923652645096,25,30,20
31,3429,5.221353420020713e-13,0.08000011856385447,0.0400159852496299,0.8799838961859937,25,30,20
31,3430,5.22135341999582e-13,0.08000011854595242,0.04003990323093467,0.8799599782225908,25,30,20
31,3431,3.509979273092954e-13,0.08000070226433795,0.04002808300785997,0.8799712147274511,25,30,20
31,3432,3.5099792730382673e-13,0.04200691049175674,0.08524514642978186,0.8727479430781103,25,30,20
31,3433,6.837362932668425e-22,0.03999992810424026,0.08739632670742212,0.8726037451883377,25,30,20
31,3434,1.1365611361054058e-09,0.03999993911155657,0.07996832829143936,0.880031731460443,25,30,20
31,3435,3.840726527134683e-13,0.04000000500597845,0.07998738839030771,0.8800126066033299,25,30,20
31,3436,3.840726525600147e-13,0.04000000500597846,0.07999141316836146,0.880008581825276,25,30,20
31,3437,3.840726527219721e-13,0.0400000086134515,0.07998766442492439,0.8800123269612401,25,30,20
31,3438,1.017033316984128e-19,0.04000000888196624,0.08020970995021226,0.8797902811678214,25,30,20
31,3439,1.473556124627081e-15,0.03999999265630785,0.04877212542088518,0.9112278819228053,25,30,20
31,3440,3.2419835177760144e-16,0.0399999986283454,0.040013847756973246,0.919986153614681,25,30,20
31,3441,4.465144299068184e-23,0.039999999871160756,0.03997160781136326,0.9200283923174759,25,30,20
31,3442,4.238632505007557e-10,0.04000008269095811,0.06217673750376082,0.8978231793814179,25,30,20
31,3443,6.412527526043479e-15,0.03999999987030358,0.03997003639833407,0.9200299637313557,25,30,20
31,3444,3.2373584629815224e-16,0.03999999873223525,0.03996283610555267,0.9200371651622116,25,30,20
31,3445,5.808898774414174e-12,0.039999998732172304,0.0007982293595734518,0.9592017719024453,25,30,20
31,3446,5.808898774408858e-12,0.03999999993357472,0.00042283090279029534,0.959577169157826,25,30,20
31,3447,5.8088987744057666e-12,0.03999994396602767,0.00023436202208608234,0.9597656940060771,25,30,20
31,3448,6.142252672518046e-22,0.03999994396606223,0.00887773852080626,0.9511223175131315,25,30,20
31,3449,1.411426538867204e-22,0.03999588229532575,0.008890872792861304,0.951113244911813,25,30,20
31,3450,1.3588706257100467e-22,0.039995882295325746,0.00888838289237835,0.9511157348122959,25,30,20
31,3451,1.7219656291163122e-23,0.03999588229532605,2.3020233728736557e-05,0.9599810974709453,25,30,20
31,3452,4.901792063684951e-22,0.039995882295325746,9.501364632227592e-06,0.9599946163400424,25,30,20
31,3453,9.755307041513013e-22,0.03999680996818725,0.01442913912679096,0.9455740509050219,25,30,20
31,3454,4.815579356025327e-22,0.03999999994878734,1.064252821619958e-05,0.9599893575229962,25,30,20
31,3455,4.900026985829123e-22,0.03999999715159173,7.710630132607246e-07,0.9599992317853949,25,30,20
31,3456,6.6403806709921756e-18,0.002536426507622597,0.03747376319336827,0.9599898102990089,25,30,20
31,3457,6.640378027646912e-18,0.002536426507622597,0.03746660357231275,0.9599969699200648,25,30,20
31,3458,2.300801727467923e-14,4.7455456783677166e-05,0.03995315413618876,0.9599993904070044,25,30,20
31,3459,1.288012959926774e-19,2.7021418742766076e-10,0.04002134522365765,0.9599786545061284,25,30,20
31,3460,2.423034711811782e-14,2.698644880858285e-10,0.04000605449372003,0.9599939452363913,25,30,20
31,3461,8.269855955503317e-15,8.46661016077722e-07,0.039999537705484964,0.959999615633491,25,30,20
31,3462,2.7416627901128503e-21,1.5136712928848587e-08,0.04019966394008094,0.9598003209232062,25,30,20
31,3463,4.092753043855469e-25,0.039996810048683225,0.00020608822121561996,0.959797101730101,25,30,20
31,3464,5.524403210314946e-25,0.039999927784972994,1.0813642541919519e-05,0.959989258572485,25,30,20
31,3465,1.7369224341566245e-22,0.03999992778497299,3.2339455147077365e-06,0.9599968382695121,25,30,20
31,3466,1.0370975800571447e-23,0.03998807344844596,1.2662844565529791e-05,0.9599992637069886,25,30,20
31,3467,9.926300268870168e-24,0.03998807344844595,1.2461701583721032e-05,0.9599994648499703,25,30,20
31,3468,3.0143732675029418e-25,0.03999987181762321,1.0669897201965185e-05,0.9599894582851749,25,30,20
31,3469,4.818727938088515e-22,0.03999680637775826,6.0625498017577105e-06,0.9599971310724398,25,30,20
31,3470,3.367779164857178e-24,0.03999680637775827,9.246270561448411e-06,0.9599939473516804,25,30,20
31,3471,3.192046546919972e-24,0.03999994396713771,1.1402808522783369e-05,0.9599886532243396,25,30,20
31,3472,1.8721816274847764e-22,0.03999075594951476,0.00040185605278297105,0.9596073879977025,25,30,20
31,3473,1.6968812297848781e-23,0.03999075594951445,0.00041173832149781647,0.9595975057289878,25,30,20
31,3474,1.6824083517274314e-23,0.03999075594951445,0.00040661870715291373,0.9596026253433325,25,30,20
31,3475,6.128548802880638e-26,0.03999999895365689,8.320552584754265e-06,0.9599916804937584,25,30,20
31,3476,3.8709720226454837e-23,0.0399999989536575,0.04592242515256228,0.9140775758937804,25,30,20
31,3477,5.17214396434508e-22,0.03999999895365751,0.057961185901863145,0.9020388151444793,25,30,20
31,3478,5.171227807866101e-22,0.03999999348223305,0.04593066213111694,0.9140693443866502,25,30,20
31,3479,5.254702841012955e-22,0.03999999348223305,0.03749834140524004,0.9225016651125267,25,30,20
31,3480,1.5715924501019735e-19,0.03999588320643405,0.04001257568303948,0.9199915411105265,25,30,20
31,3481,2.3799242936015228e-14,0.04004497071336054,0.0399617225451591,0.9199933067414565,25,30,20
31,3482,4.5434770027674146e-20,0.039999837769700924,0.058030327954407504,0.9019698342758917,25,30,20
31,3483,8.430514159863293e-15,0.039999790702189085,0.05809034320691683,0.9019098660908856,25,30,20
31,3484,8.430514159918185e-15,0.03999979070218861,0.040003329831287286,0.9199968794665158,25,30,20
31,3485,7.943458041885429e-15,0.039999790703684174,0.03999187438293975,0.9200083349133682,25,30,20
31,3486,1.2731826730268966e-19,0.039999997465068445,0.04021856185384775,0.9197814406810839,25,30,20
31,3487,7.465760509186995e-18,0.04000001376473378,0.040198141468807236,0.919801844766459,25,30,20
31,3488,7.46576050383177e-18,0.04000001376473377,0.04019839838006991,0.9198015878551964,25,30,20
31,3489,9.929344966105844e-18,0.040000012231253684,0.040150297527147355,0.9198496902415988,25,30,20
31,3490,8.883747285451904e-17,0.04000001219970522,0.040097210286154435,0.9199027775141404,25,30,20
31,3491,8.883521497592746e-17,0.03999999708970489,0.00015847089255180665,0.9598415320177434,25,30,20
31,3492,8.45957363435285e-24,0.039990755949514546,1.584103587378545e-05,0.9599934030146118,25,30,20
31,3493,1.1446517574798694e-23,0.03999999988477729,0.0005764816151008009,0.9594235185001222,25,30,20
31,3494,2.2872838053197534e-23,0.0399999998847776,8.265229156327172e-06,0.9599917348860662,25,30,20
31,3495,4.7935660827382355e-22,0.03999999988477759,0.00040562810072510545,0.9595943720144975,25,30,20
31,3496,4.7951383685833575e-22,0.03981898125641753,0.0003803595492190473,0.9598006591943635,25,30,20
31,3497,2.9848031202397516e-25,0.03999075595060965,9.844750821548237e-06,0.9599993992985689,25,30,20
31,3498,4.0411880654984496e-25,0.039999996309731986,8.357081651001535e-06,0.9599916466086171,25,30,20
31,3499,4.81651875064454e-22,0.03999979070210549,0.0003890450008759906,0.9596111642970186,25,30,20
31,3500,9.703749642952205e-21,0.039999789720224485,0.0003917726161977751,0.959608437663578,25,30,20
31,3501,3.5443677508486183e-25,0.03999978972020737,5.841423757421286e-06,0.9599943688560352,25,30,20
31,3502,2.0007066307778607e-22,0.03999992313204916,5.065527647663907e-07,0.9599995703151862,25,30,20
31,3503,1.5732912856806643e-25,0.03947982116903712,0.007756742077093651,0.9527634367538692,25,30,20
31,3504,2.175197251009676e-25,0.039999999905604114,6.8450546277576995e-06,0.9599931550397681,25,30,20
31,3505,3.303103391497438e-24,0.039999999905604426,1.7316885092129472e-05,0.9599826832093035,25,30,20
31,3506,1.5645495704415367e-18,0.03999978785626477,0.015616949228178596,0.9443832629155564,25,30,20
31,3507,1.5645443555185418e-18,0.039999790701497825,1.3666964268141921e-05,0.9599865423342338,25,30,20
31,3508,1.5038381791936676e-20,0.0399999971526337,0.018108597917873212,0.9418914049294927,25,30,20
31,3509,1.503832854918491e-20,0.0399999958872172,0.018100940147435053,0.9418990639653478,25,30,20
31,3510,1.5041608884573138e-20,0.03999999588722782,0.03370677943037912,0.9262932246823931,25,30,20
31,3511,9.707732569070741e-21,0.03999999588820058,1.994955289576002e-05,0.9599800545589038,25,30,20
31,3512,5.06362971454743e-25,0.0399999974652904,1.872262195898253e-05,0.9599812799127508,25,30,20
31,3513,3.5578100286933083e-25,0.03999969703108632,0.0005715122029314496,0.9594287907659824,25,30,20
31,3514,2.583961460386761e-25,0.0399997907021055,1.4129780525215427e-05,0.9599860795173691,25,30,20
31,3515,1.690269740706838e-23,0.0399997907021055,1.0861966732346803e-05,0.959989347331162,25,30,20
31,3516,8.518653878065953e-24,0.03999979067959232,1.090162263233468e-05,0.9599893076977757,25,30,20
31,3517,2.9976807832485708e-24,0.039993782769977566,1.0305344241377925e-05,0.959995911885781,25,30,20
31,3518,1.1630000719734992e-23,0.03999378276997788,0.00039842777948881456,0.9596077894505335,25,30,20
31,3519,1.580178436867464e-25,0.03999992778458339,1.4150733717536524e-05,0.9599859214816991,25,30,20
31,3520,8.753845989022756e-24,0.0399999439671375,1.4156356550560332e-05,0.9599858996763118,25,30,20
31,3521,8.747605384183087e-24,0.03999994396713749,0.0005710845991535363,0.959428971433709,25,30,20
31,3522,8.898406470513864e-24,0.039999943967137505,0.00057749204451225,0.9594225639883502,25,30,20
31,3523,2.992415078589634e-24,0.03999994396713749,6.405452623428809e-06,0.959993650580239,25,30,20
31,3524,4.930478691192942e-22,0.039999943967137505,0.00016454797167796755,0.9598355080611846,25,30,20
31,3525,1.1548701328788718e-23,0.039999943967137803,0.0008835857580560651,0.9591164702748061,25,30,20
31,3526,3.308959076847678e-27,0.03999994396715492,0.00021989872681480723,0.9597801573060302,25,30,20
31,3527,4.791575781220079e-22,0.03999994396717226,0.00019947082435562577,0.9598005852084722,25,30,20
31,3528,4.976928587002558e-22,0.03999059370456385,0.00035831834452994927,0.959651087950906,25,30,20
31,3529,1.8560217851434522e-23,0.03999059370454682,0.0005946116079721416,0.9594147946874811,25,30,20
31,3530,1.804325496461085e-22,0.03999059370454651,2.822350121101904e-05,0.9599811827942425,25,30,20
31,3531,8.601845070113173e-24,0.03999999992696983,3.9858121837165957e-07,0.9599996014918117,25,30,20
31,3532,2.994613511308345e-24,0.039999997104753875,0.018092721081191688,0.9419072818140545,25,30,20
31,3533,8.960117512463811e-24,0.03999999537885049,0.0006217474149653441,0.9593782572061841,25,30,20
31,3534,1.463121953593648e-23,0.0399999953788505,0.00046260256878927436,0.9595374020523605,25,30,20
31,3535,1.164288728908102e-23,0.03999992776276189,7.87611034229993e-06,0.9599921961268957,25,30,20
31,3536,1.5472025875026898e-18,0.03999992776376866,0.0011716218225481057,0.9588284504136834,25,30,20
31,3537,8.574295723619217e-24,0.03999582825005465,0.00017726872179638407,0.9598269030281492,25,30,20
31,3538,2.0816536654730867e-25,0.03999681004868767,0.00045421710399671405,0.9595489728473158,25,30,20
31,3539,1.7345761013230686e-22,0.022843808979846118,0.055288906649657805,0.9218672843704961,25,30,20
31,3540,3.2375769946104755e-16,0.03999971849051118,0.040444653895421775,0.9195556276140671,25,30,20
31,3541,3.237574879546829e-16,0.03999999995239283,0.040443889976754806,0.9195561100708524,25,30,20
31,3542,3.23767192360496e-16,0.03999999631444817,0.0405983163095089,0.9194016873760428,25,30,20
31,3543,5.6973634841701566e-18,0.03999999994730689,0.04000004681522628,0.9199999532374667,25,30,20
31,3544,5.687840730514615e-18,0.03999999982123399,0.04045174545107793,0.9195482547276881,25,30,20
31,3545,1.186545906789551e-09,0.0399999998212975,0.04055801336414655,0.91944198562801,25,30,20
31,3546,9.0954359085282e-17,0.039999999821235414,0.0405570618091014,0.9194429383696631,25,30,20
31,3547,2.107232013082737e-18,0.0399998377637646,0.03995872234371712,0.9200414398925182,25,30,20
31,3548,2.1072321521384674e-18,0.039999837786822326,0.039956342387786524,0.9200438198253912,25,30,20
31,3549,6.1958855708523285e-22,0.039999837786821694,0.04886479366215421,0.911135368551024,25,30,20
31,3550,1.1096385081776335e-21,0.03999675408908673,0.04001350674788481,0.9199897391630286,25,30,20
31,3551,2.0113891939376532e-18,0.03999582845703745,0.0400124740582394,0.919991697484723,25,30,20
31,3552,2.011082869054187e-18,0.040000000123035624,0.040010038651021304,0.9199899612259432,25,30,20
31,3553,2.0462218248920848e-18,0.03999999992083477,0.04001056381169035,0.9199894362674746,25,30,20
31,3554,6.275261076783493e-22,0.04000066835528944,0.040010054397104075,0.9199892772476065,25,30,20
31,3555,1.9758223624537385e-18,0.04000065682446162,0.08016548238523251,0.8798338607903057,25,30,20
31,3556,6.026078642833491e-18,0.040000656824462716,0.08000865305436002,0.879990690121177,25,30,20
31,3557,1.05300223101031e-12,0.04000044763900698,0.08001543471123972,0.8799841176487001,25,30,20
31,3558,1.9756366235174597e-18,0.04000044763894366,0.08058672875071898,0.879412823610337,25,30,20
31,3559,6.227133713736633e-22,0.039999995348919716,0.04058505640845939,0.9194149482426208,25,30,20
31,3560,9.794982681944398e-20,0.04003432443002163,0.04054045872055968,0.9194252168494185,25,30,20
31,3561,9.794370753068453e-20,0.040037408149899555,0.04011706749583114,0.9198455243542693,25,30,20
31,3562,1.8022748773344926e-13,0.040000319938603965,0.0387654367848323,0.9212342432763837,25,30,20
31,3563,6.084451573322353e-22,0.039999996328057466,0.039964404208365785,0.9200355994635768,25,30,20
31,3564,3.541267389716468e-20,0.040037856883352284,0.04015382993033494,0.9198083131863127,25,30,20
31,3565,6.219301130556093e-22,0.03999999991255847,0.04016747411520904,0.9198325259722325,25,30,20
31,3566,3.405082023225316e-23,0.040000011676581064,0.040162547932111894,0.9198374403913071,25,30,20
31,3567,3.403929568279941e-23,0.040000011675853805,0.05560369013951325,0.9043962981846329,25,30,20
31,3568,3.2049314601039295e-16,0.04000001147371074,0.05560356490691312,0.9043964236193758,25,30,20
31,3569,3.220575829972293e-16,0.03999980222775207,0.040016247719314724,0.9199839500529329,25,30,20
31,3570,2.525018628306212e-22,0.03999962849100092,0.040010886710169044,0.91998948479883,25,30,20
31,3571,6.933317592042627e-23,0.039999996308596734,0.04003873529159534,0.9199612683998079,25,30,20
31,3572,5.269051909062133e-23,0.0399999970933375,0.04000115662407265,0.9199988462825895,25,30,20
31,3573,6.083328141385877e-22,0.04000065688546557,0.04000054609043839,0.9199987970240958,25,30,20
31,3574,2.805848581889201e-20,0.020315354922275996,0.06012945363396348,0.9195551914437604,25,30,20
31,3575,2.748917647285527e-20,0.020314709701953104,0.06691732961365673,0.9127679606843903,25,30,20
31,3576,7.898954456335623e-22,0.03999999716095805,0.04044495753544829,0.9195550453035937,25,30,20
31,3577,2.0120232910309217e-18,0.03999984952149036,0.040891069689556324,0.9191090807889534,25,30,20
31,3578,2.0120231663421438e-18,0.04000001160580571,0.058975454959380474,0.9010245334348138,25,30,20
31,3579,6.4205185247686846e-15,0.0400006572753575,0.04768505773966011,0.912314284984976,25,30,20
31,3580,1.8662234541231532e-13,0.04000026873488208,0.03950755445740312,0.920492176807528,25,30,20
31,3581,3.1667269738355394e-15,0.039331354759120266,0.04666393542700746,0.914004709813869,25,30,20
31,3582,3.166726963931222e-15,0.039999998083875644,0.038764344198949724,0.9212356577171712,25,30,20
31,3583,3.65726653597511e-13,0.040000654769336015,0.039999587842466544,0.9199997573878317,25,30,20
31,3584,3.2666950582499193e-15,0.039999940398159246,0.04015436593625652,0.919845693665581,25,30,20
31,3585,5.291386221138865e-06,0.03999994039326022,0.04014223185978768,0.919852536360731,25,30,20
31,3586,5.291386221138887e-06,0.03999994039325955,0.0494129034285411,0.9105818647919781,25,30,20
31,3587,1.0595691104957647e-16,0.03999995486760543,0.037651223437268545,0.9223488216951258,25,30,20
31,3588,1.0533083493692147e-12,0.03999994403042698,0.04015498118527887,0.9198450747832407,25,30,20
31,3589,3.531303340207603e-20,0.03999999993468889,0.04059770308131106,0.919402296984,25,30,20
31,3590,6.191583641932109e-22,0.039999999912478004,0.04015471869420515,0.9198452813933169,25,30,20
31,3591,6.168195433330936e-20,0.039999999968104376,0.040919584893332424,0.9190804151385632,25,30,20
31,3592,2.6969745844960458e-20,0.039990756006256095,0.0009285816231648685,0.9590806623705788,25,30,20
31,3593,1.574158510712152e-18,0.039993782787284236,0.0011808104709336653,0.9588254067417818,25,30,20
31,3594,2.792975117745036e-20,0.039999997089724675,0.0005890872488913132,0.9594109156613843,25,30,20
31,3595,2.7457191095411353e-20,0.039999999949176634,0.0007909675916141842,0.9592090324592093,25,30,20
31,3596,3.951446390932635e-22,0.03999999710419721,0.007242367417094978,0.952757635478708,25,30,20
31,3597,4.486381223151542e-25,0.03999999627814617,3.818349113522423e-06,0.9599961853727401,25,30,20
31,3598,3.57003790642886e-25,0.03999999997575226,0.0005953392674660344,0.9594046607567818,25,30,20
31,3599,1.7920494327765069e-22,0.03999999997575226,1.5317489258014652e-05,0.9599846825349897,25,30,20
31,3600,3.65079430114249e-25,0.03998807253417735,1.9993138369629085e-05,0.9599919343274531,25,30,20
31,3601,6.359194295711149e-26,0.039988072534190906,0.008877187902413859,0.9511347395633954,25,30,20
31,3602,1.5901423554987583e-18,0.0317681051279687,0.008392067914388915,0.9598398269576424,25,30,20
31,3603,1.5645556583503391e-18,0.039999998937443396,0.0006022154454412005,0.9593977856171156,25,30,20
31,3604,1.8720837783988077e-22,0.039999998936468,0.0004484497760378112,0.9595515512874943,25,30,20
31,3605,1.5647171292720764e-18,0.03999983772205679,0.0005990346445201092,0.9594011276334229,25,30,20
31,3606,3.6297275408164074e-25,0.03998807351558627,1.6188535761680454e-05,0.9599957379486519,25,30,20
31,3607,4.798029862287823e-22,0.03999992778581436,0.0007258397455006979,0.9592742324686848,25,30,20
31,3608,4.797471392353306e-22,0.03999999988565289,0.00015811749842480473,0.9598418826159222,25,30,20
31,3609,5.478169404930816e-19,0.03999999988566985,0.00040232630591303226,0.9595976738084174,25,30,20
31,3610,7.077675505650884e-25,0.04000000309592773,0.0002386697778346898,0.9597613271262375,25,30,20
31,3611,3.9474716292924606e-22,0.03999999988477729,0.007249783909529735,0.952750216205693,25,30,20
31,3612,5.531509282899006e-19,0.03999999988496136,8.703871087926444e-06,0.9599912962439506,25,30,20
31,3613,3.1388849028955883e-24,0.03999999988496136,0.0004621814353040183,0.9595378186797344,25,30,20
31,3614,3.1458314764730772e-24,0.03999999993468918,2.3522432922642782e-05,0.9599764776323881,25,30,20
31,3615,8.563517103395435e-24,0.03999999991831924,0.0006560141254605877,0.9593439859562202,25,30,20
31,3616,5.490484705243584e-20,0.03999999991831893,0.0006586741068738844,0.9593413259748073,25,30,20
31,3617,3.437461899359604e-25,0.03999992776737253,0.0006281265594185265,0.959371945673209,25,30,20
31,3618,9.707681224665885e-21,0.03999999586499585,6.599027026982072e-06,0.9599934051079774,25,30,20
31,3619,9.716020066705825e-21,0.039999995864995544,9.04700233746487e-07,0.9599990994347708,25,30,20
31,3620,1.9994141200179542e-23,0.039999997088848785,0.0008075929646439091,0.9591924099465075,25,30,20
31,3621,2.8438600702502976e-23,0.03999999715300926,0.0006548159030555178,0.9593451869439352,25,30,20
31,3622,1.1644772672761916e-23,0.03999999991724111,0.00021405567999121345,0.959785944402768,25,30,20
31,3623,3.1085958506013783e-24,0.039999999956352464,0.03707784072697813,0.9229221593166692,25,30,20
31,3624,3.0527008840283446e-24,0.0399999971463016,0.037078666755392266,0.9229213360983062,25,30,20
31,3625,4.2508551306649095e-15,0.039999790703312686,0.01618667291313105,0.9438135363835519,25,30,20
31,3626,4.2508551336502565e-15,0.03999979063889826,0.015764431054463516,0.9442357783066341,25,30,20
31,3627,4.250855125297914e-15,0.03999979063889827,0.015609544238514477,0.944390665122583,25,30,20
31,3628,5.531597212168929e-19,0.03999979063768702,1.4111740551245287e-05,0.9599860976217617,25,30,20
31,3629,1.7354232503157817e-22,0.03999999441418949,9.15786439858366e-06,0.9599908477214122,25,30,20
31,3630,4.847444348410917e-22,0.03998807347225187,2.2527479926527e-05,0.9599893990478217,25,30,20
31,3631,6.746319827897382e-22,0.03999999617221448,0.00019959174442381834,0.9598004120833616,25,30,20
31,3632,4.899608097887275e-22,0.03999999713190189,0.00020923150996012316,0.959790771358138,25,30,20
31,3633,4.818023765923911e-22,0.039999996327212003,8.528651484320144e-06,0.9599914750213039,25,30,20
31,3634,1.704058995109243e-22,0.03998806984396516,2.5450554008332044e-05,0.9599864796020264,25,30,20
31,3635,6.644557626490905e-24,0.039999924113073605,2.9259237519043594e-06,0.9599971499631743,25,30,20
31,3636,1.1402759043388248e-20,0.03999567485092333,0.00045210656160251864,0.9595522185874741,25,30,20
31,3637,2.9754868756293422e-24,0.03999999866836337,0.0001646267757468215,0.9598353745558899,25,30,20
31,3638,4.305148376213352e-19,0.04000000117988972,0.009069927490510039,0.9509300713296004,25,30,20
31,3639,8.553458000926288e-24,0.03999999866836343,7.425598818947134e-06,0.9599925757328178,25,30,20
31,3640,1.8738643620595025e-22,0.03999075593270002,5.7457385227069925e-05,0.959951786682073,25,30,20
31,3641,1.7036750860358266e-22,0.03999983778598928,2.9523880070547767e-05,0.9599706383339401,25,30,20
31,3642,6.523630890326868e-22,0.039999837785989575,2.8887408234575955e-05,0.9599712748057759,25,30,20
31,3643,1.7476719152174291e-22,0.03999979060412573,0.0005753438355495396,0.9594248655603248,25,30,20
31,3644,1.7096230577853017e-22,0.039990755950595154,0.0005876063665071517,0.959421637682898,25,30,20
31,3645,6.640759844134844e-24,0.0393311464799754,0.0006788749833522429,0.9599899785366722,25,30,20
31,3646,1.47864878080226e-23,0.039999997040785974,0.00021511451283122418,0.9597848884463828,25,30,20
31,3647,2.975583202741675e-24,0.039999837786723405,0.00019948331275277127,0.959800678900524,25,30,20
31,3648,1.0927808424065255e-25,0.03999983778573512,3.869693876630723e-06,0.9599962925203884,25,30,20
31,3649,4.903090301630213e-22,0.039331354808203815,0.0006803738329249518,0.9599882713588714,25,30,20
31,3650,2.1407794186896887e-23,0.0399907558689942,2.7766865030583823e-05,0.9599814772659754,25,30,20
31,3651,2.696811679786164e-23,0.039990755868993894,9.480194852040175e-06,0.9599997639361539,25,30,20
31,3652,5.03173930915463e-22,0.03999992489007882,0.0004469377540932847,0.9595531373558279,25,30,20
31,3653,1.8528466089462673e-23,0.03999992489007945,1.357309258587719e-05,0.9599865020173346,25,30,20
31,3654,1.7098554028441588e-23,0.0399999999346898,2.4780254662784187e-05,0.9599752198106474,25,30,20
31,3655,1.053730830811805e-23,0.03999999713650884,0.01853787664636478,0.9414621262171265,25,30,20
31,3656,8.452281056555238e-24,0.03999999713652579,0.0004505042414714771,0.9595494986220028,25,30,20
31,3657,8.554520239568815e-24,0.039999837785987404,2.2750666568170174e-05,0.9599774115474444,25,30,20
31,3658,4.7118273052895295e-27,0.039999837785969675,8.015404602548761e-07,0.9599993606735702,25,30,20
31,3659,1.1638383156864802e-23,0.03999983778596969,2.2481084476833014e-05,0.9599776811295534,25,30,20
31,3660,4.18417091789582e-22,0.0399999427646795,0.007396417956310923,0.9526036392790097,25,30,20
31,3661,8.855031368783227e-24,0.03999994403069853,0.00016289186344615217,0.9598371641058554,25,30,20
31,3662,3.1167472786325097e-20,0.03999994403071184,0.00876040983473097,0.9512396461345571,25,30,20
31,3663,8.80105671761551e-24,0.0399997906377018,0.0005766332518614667,0.9594235761104364,25,30,20
31,3664,2.5605015547829993e-23,0.03999979063770241,1.3634612216383283e-05,0.9599865747500813,25,30,20
31,3665,1.7890924481920092e-22,0.03999983778485953,0.00021752007521417234,0.9597826421399263,25,30,20
31,3666,2.0686613254579555e-25,0.03999983778573503,8.112888258420764e-06,0.9599920493260069,25,30,20
31,3667,1.1588701747931366e-23,0.03999983778573503,3.231625091901078e-06,0.9599969305891736,25,30,20
31,3668,5.53149344804886e-19,0.039999837785735036,8.535367108228614e-06,0.9599916268471566,25,30,20
31,3669,1.3126450433390572e-26,0.03999983778573503,1.1078459286198042e-05,0.9599890837549787,25,30,20
31,3670,3.69889450690997e-27,0.03999983772244584,1.0729488493376905e-05,0.9599894327890607,25,30,20
31,3671,2.996826636565124e-24,0.039999999877159055,0.009258954775260298,0.9507410453475806,25,30,20
31,3672,5.974897851983822e-26,0.03999999626366345,0.0002098503708613493,0.9597901533654752,25,30,20
31,3673,4.816671138242148e-22,0.03999979065106408,0.0005920930668757818,0.9594081162820602,25,30,20
31,3674,8.519553371111745e-24,0.03999979065106408,1.648729225114501e-05,0.9599837220566847,25,30,20
31,3675,3.2238701556439376e-20,0.039988071552154184,1.6323538301706777e-05,0.959995604909544,25,30,20
31,3676,2.200077094763473e-22,0.03999993668776048,0.0005741511689289148,0.9594259121433107,25,30,20
31,3677,4.98475626822521e-22,0.039999790700110595,0.0005815172003638966,0.9594186920995256,25,30,20
31,3678,4.904443132271587e-22,0.03999979070011089,0.0005749552872797728,0.9594252540126093,25,30,20
31,3679,5.536314356193983e-19,0.039999790700110595,0.00021325242892478023,0.9597869568709645,25,30,20
31,3680,1.7036559565111664e-22,0.039766744037519175,0.0002472639911270485,0.9599859919713538,25,30,20
31,3681,3.8458122863822145e-24,0.03981897761476869,0.00019440735177149224,0.9599866150334597,25,30,20
31,3682,6.928530414499042e-24,0.03981897761476869,0.00018496764383855676,0.9599960547413927,25,30,20
31,3683,3.3653046808224386e-24,0.039999995345308854,3.7629428047565074e-06,0.9599962417118862,25,30,20
31,3684,3.422201452012544e-24,0.039999995345308854,3.937439419498896e-06,0.9599960672152719,25,30,20
31,3685,3.4607425650460843e-25,0.03999999999877271,0.007400493305512018,0.9525995066957154,25,30,20
31,3686,3.098926703250148e-24,0.03999999708974178,1.4436177326161686e-05,0.9599855667329322,25,30,20
31,3687,5.615439319381669e-26,0.039999999975769376,0.0004652425730980721,0.9595347574511325,25,30,20
31,3688,2.993147393102518e-24,0.039999999934132745,4.0712290649931085e-06,0.9599959288368022,25,30,20
31,3689,1.482753852291184e-23,0.03999999987791879,2.168639499921839e-05,0.9599783137270818,25,30,20
31,3690,1.710547423867914e-23,0.03999680720438759,2.610785071741116e-05,0.959977084944895,25,30,20
31,3691,3.1927514910136777e-24,0.039999999885631306,2.3481671396411507e-05,0.9599765184429723,25,30,20
31,3692,3.5430106699517955e-25,0.039999999885637835,2.0694916939067303e-05,0.9599793051974231,25,30,20
31,3693,5.797014483946437e-26,0.039999999885638134,3.0777273001247124e-05,0.9599692228413608,25,30,20
31,3694,4.1136003081954505e-25,0.03999999988563783,0.0004578715806798842,0.9595421285336824,25,30,20
31,3695,2.2968466260904316e-20,0.03999999873218942,0.007412231577200058,0.9525877696906107,25,30,20
31,3696,6.519503115453787e-22,0.03999999710421686,0.0001718729439957588,0.9598281299517873,25,30,20
31,3697,2.809999715440513e-20,0.03999999710421687,0.007251636098337857,0.9527483667974452,25,30,20
31,3698,7.305798321300761e-17,0.03999999710423144,0.0156227450833346,0.9443772578124339,25,30,20
31,3699,4.093795219734817e-25,0.03999999710421656,0.0005749235953686714,0.9594250793004148,25,30,20
31,3700,2.551878497055898e-25,0.03999983778571555,5.801461017745141e-07,0.9599995820681825,25,30,20
31,3701,2.744602551682511e-20,0.039999837785715565,1.0454209321858812e-05,0.9599897080049626,25,30,20
31,3702,3.1182455318085275e-25,0.03999983778571555,1.4080328850018147e-05,0.9599860818854346,25,30,20
31,3703,5.57675624835341e-25,0.0399937827067143,0.0002156125562164991,0.9597906047370696,25,30,20
31,3704,1.60451199654356e-25,0.039999736597460374,9.399515319057362e-06,0.9599908638872208,25,30,20
31,3705,1.562828874331238e-25,0.039999736597460374,0.00020661168549172628,0.9597936517170481,25,30,20
31,3706,4.874325256989202e-22,0.039999992655874846,0.00021057911888263094,0.9597894282252426,25,30,20
31,3707,3.1462394271383573e-24,0.03999983776376284,0.00019923068514011972,0.9598009315510971,25,30,20
31,3708,1.5599862661614983e-25,0.03999983776376284,0.00019944554485926263,0.9598007166913781,25,30,20
31,3709,8.459503469332426e-24,0.03999983776376284,0.00019930055669916888,0.959800861679538,25,30,20
31,3710,5.9434045813300566e-27,0.039999837763762834,3.2312820625530255e-06,0.9599969309541748,25,30,20
31,3711,6.926513558647329e-24,0.03999999632719279,0.007235091586690153,0.9527649120861175,25,30,20
31,3712,1.0019787789389183e-23,0.0399999963271928,0.0072317501652332,0.9527682535075738,25,30,20
31,3713,1.8412076258286354e-23,0.03999999632766786,0.007231741835059808,0.9527682618372723,25,30,20
31,3714,1.8560377075697925e-23,0.03999999988563813,0.007546929855548147,0.9524530702588138,25,30,20
31,3715,6.92752606959567e-24,0.03999999988563782,0.007758195691966384,0.9522418044223957,25,30,20
31,3716,1.0635529781955115e-23,0.03999197716526423,0.0072606237954690725,0.9527473990392668,25,30,20
31,3717,1.8397271133320856e-22,0.03998801750034781,0.00726633597227494,0.9527456465273769,25,30,20
31,3718,1.5129650971108078e-23,0.03998801750132655,0.0007475235130799551,0.9592644589855936,25,30,20
31,3719,4.936814073939525e-22,0.03998801750130913,0.000583889554351674,0.9594280929443394,25,30,20
31,3720,1.623923435656235e-18,0.03999680713903894,1.4380847720047584e-05,0.9599888120132408,25,30,20
31,3721,5.853796642718596e-19,0.039996807139038935,1.6667841420925853e-05,0.95998652501954,25,30,20
31,3722,1.763635514110871e-22,0.039999997152624145,3.203912852327829e-05,0.9599679637188524,25,30,20
31,3723,1.7352491770367424e-22,0.03999999632805308,0.00046322776977849467,0.9595367759021682,25,30,20
31,3724,1.0185029471608698e-20,0.03999999632904616,0.0010240582872285034,0.9589759453837253,25,30,20
31,3725,1.0187771441579638e-20,0.03999983778672818,9.557577348474515e-06,0.9599906046359237,25,30,20
31,3726,8.809346011125036e-24,0.03999999710421656,2.9121582785401244e-06,0.9599970907375049,25,30,20
31,3727,2.1649241391758844e-25,0.039988073514711085,2.2805511371840336e-05,0.9599891209739171,25,30,20
31,3728,1.20651422537088e-23,0.03998807351471109,0.00721638017972626,0.9527955463055626,25,30,20
31,3729,6.818504718568232e-24,0.03999971848747938,0.0077635534346823755,0.9522367280778383,25,30,20
31,3730,3.1403468568867518e-24,0.03999999629324584,0.0001545145825846294,0.9598454891241697,25,30,20
31,3731,4.7974536665840535e-22,0.039999998618753564,0.00015494618257943453,0.959845055198667,25,30,20
31,3732,6.502983093864992e-22,0.0399997906588003,0.00016455216827735428,0.9598356571729225,25,30,20
31,3733,1.7046352108359304e-22,0.03999999901609008,1.0455547308955456e-05,0.9599895454366013,25,30,20
31,3734,4.893159441867174e-22,0.0399958813644766,0.0004509627079639411,0.9595531559275594,25,30,20
31,3735,1.2649718142806823e-25,0.039999994413073496,0.00019919490510999997,0.9598008106818167,25,30,20
31,3736,6.2743287182795585e-24,0.039999837722445634,0.00016769045873055762,0.959832471818824,25,30,20
31,3737,3.2463806585633413e-24,0.03999197848072563,0.0002124174072638018,0.9597956041120106,25,30,20
31,3738,1.4689841802766984e-23,0.03999999632694331,0.000574030918789747,0.9594259727542671,25,30,20
31,3739,6.038858807129955e-24,0.039999996326943,0.0005713350513143387,0.9594286686217426,25,30,20
31,3740,2.9484764698986932e-24,0.03999978943518552,0.0005712079391140641,0.9594290026257003,25,30,20
31,3741,7.726224150107555e-27,0.03999978943518552,0.00021482293168838395,0.959785387633126,25,30,20
31,3742,8.455417349638351e-24,0.03999999993438254,0.0006505478582148912,0.9593494522074024,25,30,20
31,3743,8.652433290760926e-24,0.03999999993438284,2.6641057238123452e-05,0.9599733590083791,25,30,20
31,3744,8.679258349134528e-24,0.039996809999877286,1.3892268159376711e-05,0.9599892977319634,25,30,20
31,3745,1.3628835908904577e-23,0.039999996278146044,0.01850432206238535,0.9414956816594687,25,30,20
31,3746,1.7022394557818984e-22,0.03999999627816329,0.00036920230063193255,0.9596308014212049,25,30,20
31,3747,9.666909693394975e-27,0.03999197847986584,0.00031741255310020874,0.9596906089670341,25,30,20
31,3748,1.7880442573552793e-22,0.039818981256442634,0.0013541018032404678,0.9588269169403171,25,30,20
31,3749,4.902266703879013e-22,0.03999968161030016,0.0011723698805992118,0.9588279485091006,25,30,20
31,3750,1.1639574758963046e-23,0.03999994035928511,3.8833230189112135e-06,0.9599961763176963,25,30,20
31,3751,1.3372043971284687e-23,0.039999940359285405,0.01852940725287222,0.9414706523878427,25,30,20
31,3752,9.775302887497534e-22,0.03999999588609731,0.0005743244552414526,0.9594256796586612,25,30,20
31,3753,6.576827357354369e-22,0.03999999588709022,0.0005904908237818609,0.959409513289128,25,30,20
31,3754,3.3971940792429104e-24,0.039999995886097615,0.0005771372688219663,0.9594228668450806,25,30,20
31,3755,1.1406965469105225e-23,0.03999999993445224,0.0010252601148051659,0.9589747399507428,25,30,20
31,3756,6.1887704980678876e-24,0.03998807066994629,2.6108410267993418e-05,0.9599858209197856,25,30,20
31,3757,1.6592287397022873e-13,0.03998807066994631,0.04001594382987035,0.9199959855000176,25,30,20
31,3758,1.6592287397008414e-13,0.03999962848852024,0.04887962594823184,0.911120745563082,25,30,20
31,3759,3.1114349161983425e-06,0.03999588335044406,0.049240655755583805,0.9107603494590562,25,30,20
31,3760,1.7733024620400722e-15,0.04000017779831462,0.000888309301280775,0.9591115129004026,25,30,20
31,3761,5.525044453720902e-22,0.039999996278368394,0.008844353371896645,0.951155650349735,25,30,20
31,3762,3.886098053932813e-22,0.0399999970905033,0.008641871210907853,0.9513581316985887,25,30,20
31,3763,3.801654617505701e-22,0.03999983778563832,0.008642049081013185,0.9513581131333487,25,30,20
31,3764,1.5039169998421727e-25,0.039999995345794764,1.8510132631333695e-05,0.9599814945215738,25,30,20
31,3765,1.5303002492178154e-25,0.039999996263653664,8.578141165403724e-06,0.9599914255951806,25,30,20
31,3766,2.9060841599064476e-24,0.039999999933574684,0.007245543291897461,0.952754456774528,25,30,20
31,3767,3.1524205466146074e-17,0.039824983341394865,0.00018903242202406085,0.9599859842365812,25,30,20
31,3768,1.5626638575987355e-25,0.03999992778581406,1.0385449892277108e-06,0.9599990336691968,25,30,20
31,3769,2.593264323775139e-25,0.03999992778581405,5.078086008294313e-07,0.9599995644055853,25,30,20
31,3770,8.802608618939496e-24,0.0399999999500177,0.00020724410447003558,0.9597927559455123,25,30,20
31,3771,4.902925753788908e-22,0.03999999632719279,5.626968979997743e-07,0.9599994409759088,25,30,20
31,3772,2.5223948509266424e-23,0.03998807351445676,0.0006080808404880721,0.9594038456450551,25,30,20
31,3773,2.744930600901626e-20,0.03999979070124551,2.230561095807805e-05,0.9599779036877965,25,30,20
31,3774,3.039634359449869e-24,0.039999790701245215,0.0005822546837252725,0.9594179546150297,25,30,20
31,3775,5.709135381891311e-26,0.03999979070124521,0.0001575053324667788,0.959842703966288,25,30,20
31,3776,3.0679891410626537e-24,0.03999999348222778,0.018286749483972145,0.9417132570338,25,30,20
31,3777,5.3212083206267175e-27,0.03999999348222748,4.2907117891018624e-07,0.9599995774465937,25,30,20
31,3778,1.5370960562504717e-25,0.03999999348222748,5.453131529061087e-07,0.9599994612046197,25,30,20
31,3779,1.0186228556347036e-20,0.0399999934822278,2.169307287569947e-05,0.9599783134448964,25,30,20
31,3780,4.817638448112681e-22,0.039999837785989284,1.4297558527035708e-05,0.9599858646554839,25,30,20
31,3781,9.53601461164154e-22,0.03933135475823255,0.007921795247336575,0.9527468499944312,25,30,20
31,3782,3.9460360682016415e-22,0.03999999866778239,0.007263309337882067,0.9527366919943355,25,30,20
31,3783,2.6758592102424236e-25,0.039999994308268415,0.00018095333711250783,0.9598190523546191,25,30,20
31,3784,1.8068224485406037e-22,0.03999983647001834,1.675785334617265e-05,0.9599834056766356,25,30,20
31,3785,1.8359318120771896e-22,0.03999983647001835,0.0002182423467149134,0.9597819211832669,25,30,20
31,3786,1.801704014605482e-22,0.039999927704235945,0.00022349149287737656,0.9597765808028869,25,30,20
31,3787,1.266404964041395e-23,0.039999927704219125,0.0001576387053130513,0.9598424335904681,25,30,20
31,3788,9.716154703178566e-21,0.0399997907009943,0.00015819892524535005,0.9598420103737605,25,30,20
31,3789,9.18929092748653e-24,0.039999790701983076,0.00035671801177726065,0.9596434912862396,25,30,20
31,3790,1.87200650270376e-22,0.03999979070097626,8.80131165648799e-06,0.9599914079873674,25,30,20
31,3791,1.81796882415788e-22,0.03999979070097595,1.2454553787803902e-05,0.9599877547452362,25,30,20
31,3792,3.341064191665241e-24,0.03999979070097626,7.3267988972135984e-06,0.9599928825001265,25,30,20
31,3793,1.5193348015675058e-25,0.03999979070097626,1.543708049091151e-05,0.959984772218533,25,30,20
31,3794,1.5447878683630119e-25,0.03999979070099105,1.607383767612127e-05,0.9599841354613327,25,30,20
31,3795,1.519720591665571e-25,0.03999979070099105,0.008865529227733905,0.951134680071275,25,30,20
31,3796,4.845546568787771e-22,0.039999999885368044,0.008874104288906913,0.9511258958257252,25,30,20
31,3797,4.818198722857775e-22,0.03999999988535063,1.0987818380981944e-05,0.9599890122962685,25,30,20
31,3798,4.818056009123972e-22,0.03999999988535063,1.0955738847134664e-05,0.9599890443758022,25,30,20
31,3799,9.662446063532022e-22,0.03999999993468887,7.452578932581605e-06,0.9599925474863785,25,30,20
31,3800,2.109921614007653e-15,0.03999160693005376,1.1574649285055206e-05,0.9599968184206592,25,30,20
31,3801,1.7496321002079667e-23,0.03999994403042694,3.135186477959199e-06,0.9599969207830952,25,30,20
31,3802,5.530649342587975e-19,0.03999999626336243,2.8166060461005527e-05,0.9599718376761764,25,30,20
31,3803,5.772199395392831e-19,0.029977378393147847,0.010039983999353368,0.9599826376074989,25,30,20
31,3804,2.416694529596859e-20,0.029977378393147534,0.010041037166895847,0.9599815844399566,25,30,20
31,3805,3.4737297234180075e-24,0.03999978181792377,0.0002149713845246869,0.9597852467975517,25,30,20
31,3806,3.373698181745049e-24,0.03999978181792377,0.00023412081222456117,0.9597660973698519,25,30,20
31,3807,1.7325148473218998e-22,0.039999999997958745,2.0971124333712166e-05,0.9599790288777076,25,30,20
31,3808,1.104827989307474e-25,0.03999999999795874,0.0005810671243771336,0.959418932877664,25,30,20
31,3809,1.1450373375650272e-23,0.0399999277849689,0.000581232947970797,0.9594188392670603,25,30,20
31,3810,1.6957289632468856e-23,0.03981898120714313,0.00018154656722848316,0.9599994722256284,25,30,20
31,3811,3.3474150690441764e-24,0.039995882942832114,8.109195497122437e-06,0.9599960078616708,25,30,20
31,3812,1.0529850794857328e-21,0.0399999375138138,1.2030498547374548e-05,0.9599880319876388,25,30,20
31,3813,5.684484542755621e-22,0.039999937513813796,1.9925718244855254e-05,0.9599801367679415,25,30,20
31,3814,1.1549961322857719e-23,0.03999999265587523,2.21963708983298e-05,0.9599778109732265,25,30,20
31,3815,8.709407658982968e-24,0.03999999715410898,1.2061889985581685e-05,0.9599879409559054,25,30,20
31,3816,1.8478840000109384e-23,0.039999790634967614,1.4131856529280057e-05,0.9599860775085031,25,30,20
31,3817,8.56182127661265e-24,0.0399999990157005,2.3674606298519396e-05,0.9599763263780011,25,30,20
31,3818,1.4928592180687728e-25,0.039999999015700484,1.2794531458835243e-05,0.9599872064528404,25,30,20
31,3819,3.0962603531172553e-24,0.03999994394493129,1.755866379768257e-05,0.9599824973912711,25,30,20
31,3820,3.0483574641192786e-24,0.039999943944930984,1.0605154336494572e-05,0.9599894509007327,25,30,20
31,3821,1.7890992243348827e-22,0.039999996277771295,1.1310453469912406e-05,0.9599886932687588,25,30,20
31,3822,1.7890960524143117e-22,0.03999999715287801,4.0390441655493235e-06,0.9599959638029563,25,30,20
31,3823,4.903077903459885e-22,0.03999983778485978,4.72176663232301e-06,0.959995440448508,25,30,20
31,3824,6.6334373118642485e-22,0.03999983411495782,4.063871614679138e-06,0.9599961020134274,25,30,20
31,3825,4.901985447450645e-22,0.03999983411495812,3.7520853094533727e-06,0.9599964137997326,25,30,20
31,3826,5.018136569917778e-22,0.03999075227826712,1.3018466569305965e-05,0.9599962292551636,25,30,20
31,3827,9.719169085725214e-22,0.03999075227826712,1.990389215890717e-05,0.959989343829574,25,30,20
31,3828,1.7893063220415683e-22,0.0399907522782668,2.007939102307277e-05,0.9599891683307102,25,30,20
31,3829,1.7097415580798602e-23,0.039999790701834,0.00023795301774901813,0.959762256280417,25,30,20
31,3830,1.994394871226192e-23,0.039999999917495276,0.00022000710289660406,0.9597799929796083,25,30,20
31,3831,4.960881272934734e-22,0.03999999991747785,0.0002172064194260065,0.9597827936630964,25,30,20
31,3832,1.1452443101180975e-23,0.03999681004868767,1.6577328957607303e-05,0.9599866126223549,25,30,20
31,3833,4.90060729175899e-22,0.039996810048687687,0.008868802451432232,0.9511343874998799,25,30,20
31,3834,9.691380910676075e-22,0.03999681004870492,0.0004501038498417474,0.9595530861014532,25,30,20
31,3835,6.037214114482765e-24,0.039996810048687687,1.965688817169731e-05,0.9599835330631405,25,30,20
31,3836,6.63317767078622e-20,0.0399926947213096,0.03760954476658492,0.9223977605121054,25,30,20
31,3837,1.0912536183166318e-21,0.04002948415329137,0.039970700005621015,0.9199998158410875,25,30,20
31,3838,2.0736089924026175e-18,0.039999940561467356,0.040002988848488394,0.9199970705900443,25,30,20
31,3839,2.073608997452255e-18,0.039999940561467356,0.040206403402580033,0.9197936560359525,25,30,20
31,3840,1.1520381378507957e-21,0.041039367536703744,0.03896899153978715,0.919991640923509,25,30,20
31,3841,1.7245048450116747e-11,1.5301658304131654e-08,0.08001427558777163,0.9199857090933249,25,30,20
31,3842,1.6764551761499566e-11,0.039999993647608756,0.0405173658826217,0.9194826404530049,25,30,20
31,3843,1.6764551771203138e-11,0.03999999725510542,0.040220569896372294,0.9197794328317578,25,30,20
31,3844,1.6764551761499065e-11,0.039999997255104815,0.04057415042472737,0.9194258523034035,25,30,20
31,3845,2.212213591154345e-05,0.039999998663111186,0.026662416876833704,0.9333154623241434,25,30,20
31,3846,4.085778020895748e-25,0.03999999715287801,1.35503338589012e-05,0.9599864525132632,25,30,20
31,3847,1.362194015654283e-23,0.03999999614051573,0.0005843801565119637,0.9594156237029723,25,30,20
31,3848,4.821490793213992e-22,0.03999075594863896,2.61826099825074e-05,0.9599830614413786,25,30,20
31,3849,6.4086880734302704e-24,0.03999075594863927,1.8195346619021884e-05,0.9599910487047417,25,30,20
31,3850,3.466420767321926e-24,0.039990755948638664,0.018104826562857758,0.9419044174885035,25,30,20
31,3851,1.56505551932251e-18,0.03999999994991568,0.0005966337120067125,0.9594033663380774,25,30,20
31,3852,4.815762906562922e-22,0.03998807346566336,0.0006063967541175327,0.9594055297802193,25,30,20
31,3853,2.1357977324233065e-25,0.03998807346566337,0.0006152579766935462,0.9593966685576432,25,30,20
31,3854,2.0007574157375235e-23,0.039999999918318936,0.00016286912146268307,0.9598371309602185,25,30,20
31,3855,1.9941741004626886e-23,0.039999997751144545,0.00020213858608320606,0.959797863662772,25,30,20
31,3856,4.984505928720211e-22,0.03999680906806402,6.568005166925464e-06,0.9599966229267693,25,30,20
31,3857,8.510418213475305e-24,0.039996809068063716,6.072933585610706e-06,0.9599971179983509,25,30,20
31,3858,4.90108217076254e-22,0.039999790651891826,0.0005747459329792386,0.9594254634151291,25,30,20
31,3859,3.064968260491157e-25,0.039999998683135696,0.000165715130196992,0.9598342861866671,25,30,20
31,3860,1.1639378523166734e-23,0.039999998683135696,2.7225833179164697e-05,0.959972775483685,25,30,20
31,3861,1.1650144861389807e-23,0.039999996171850245,0.00018160232803362587,0.9598184015001161,25,30,20
31,3862,8.713746248828415e-24,0.039999996171850245,0.00017355982293262428,0.9598264440052173,25,30,20
31,3863,2.014770621117597e-23,0.03999992772056913,2.2010214985152586e-05,0.9599780620644459,25,30,20
31,3864,8.673757586495575e-24,0.03999992772056913,1.4240818853328469e-05,0.9599858314605777,25,30,20
31,3865,9.712139691861777e-21,0.039999927720569144,1.4738752074646443e-05,0.9599853335273565,25,30,20
31,3866,2.1463219066268777e-20,0.039587201661655164,0.00044538553248253123,0.9599674128058621,25,30,20
31,3867,1.1759495525078535e-20,0.039587201661654844,0.00043376926900287637,0.9599790290693424,25,30,20
31,3868,4.817075887220106e-22,0.039999787030215284,2.2178985519797348e-05,0.9599780339842652,25,30,20
31,3869,4.847991295419069e-22,0.03999978708661085,0.00016658691998654772,0.9598336259934027,25,30,20
31,3870,1.0053438257131476e-20,0.03999588420925728,0.000589093649346121,0.9594150221413967,25,30,20
31,3871,6.551438563284684e-22,0.03999999992658055,5.024262798838108e-07,0.9599994976471394,25,30,20
31,3872,1.7324484238328354e-22,0.03999999895365719,8.443536992947061e-07,0.9599991566926434,25,30,20
31,3873,3.1398244690168113e-24,0.03999999991831922,1.6348054533300198e-05,0.9599836520271472,25,30,20
31,3874,5.760424111160162e-26,0.03999999588721188,1.6372262250153348e-05,0.959983631850538,25,30,20
31,3875,2.731195596289506e-20,0.03999979070093682,0.00019964099653229698,0.9598005683025309,25,30,20
31,3876,1.6195485036795706e-25,0.03999979070093651,0.0376794058517669,0.9223208034472965,25,30,20
31,3877,8.678689467892459e-24,0.03947981925082582,0.03820195015727192,0.9223182305919023,25,30,20
31,3878,6.299440927471425e-22,0.039991424217242784,0.04000899982974717,0.9199995759530103,25,30,20
31,3879,3.704665179420025e-08,0.039990756170692164,0.040591981532802295,0.9194172252498538,25,30,20
31,3880,9.50541741229262e-09,0.03999075594953187,0.04000968338334175,0.9199995511617088,25,30,20
31,3881,9.505417412292629e-09,0.039999996327685625,0.04019921334814871,0.9198007808187484,25,30,20
31,3882,9.50541741229262e-09,0.03999999632768532,0.04000383213192027,0.9199961620349769,25,30,20
31,3883,9.505417412292629e-09,0.039331354808788396,0.04087566158304137,0.9197929741027526,25,30,20
31,3884,6.356797638388823e-10,0.0393313548087886,0.04127867972473792,0.9193899648307936,25,30,20
31,3885,3.590864574376888e-08,0.022843808959032482,0.057316792498020026,0.9198393626343018,25,30,20
31,3886,3.590864574376888e-08,0.03999999583751921,0.0405775633124948,0.9194224049413405,25,30,20
31,3887,6.06060359286586e-17,0.039999839700626254,0.04058590712388806,0.9194142531754858,25,30,20
31,3888,1.9569499993288135e-13,0.03999588415958183,0.040009971493101634,0.9199941443471209,25,30,20
31,3889,1.956949999413314e-13,0.03999588415959926,0.04000831906529455,0.9199957967749106,25,30,20
31,3890,1.956949999496584e-13,0.03981898120714346,0.040181504525147724,0.9199995142675133,25,30,20
31,3891,3.43481264827045e-15,0.02997738027488396,0.05002835701448717,0.9199942627106256,25,30,20
31,3892,1.0409598682507592e-06,0.0299775604492336,0.050021564744726105,0.9199998338461717,25,30,20
31,3893,1.2736367996395273e-08,0.039999997089516494,0.04000043545186374,0.9199995547222514,25,30,20
31,3894,1.2736367996395473e-08,0.03998806984433059,0.040015807971319185,0.9199961094479824,25,30,20
31,3895,2.2346339486920346e-10,0.039988072469129436,0.04002369110054431,0.9199882362068627,25,30,20
31,3896,2.2346339486750575e-10,0.03999999648399582,0.040021176239751405,0.9199788270527891,25,30,20
31,3897,2.2346339485780592e-10,0.039999996484013055,0.04044766152557118,0.9195523417669524,25,30,20
31,3898,2.2346339485828457e-10,0.03999999648399581,0.04000022280843173,0.9199997804841092,25,30,20
31,3899,2.0294838253217182e-06,0.03999983774030901,0.0400045380843605,0.9199935946915051,25,30,20
31,3900,0.013152837357264935,0.03999999893149688,0.04458101274575875,0.9022661509654794,25,30,20
31,3901,1.4549077258299095e-06,0.04000000342556045,0.04723025555941075,0.9127682861073032,25,30,20
31,3902,3.4297617379865718e-15,0.039999998931483365,0.040154407070782286,0.9198455939977309,25,30,20
31,3903,0.00011919028511652813,0.03999999871003264,0.04029878479357306,0.9195820262112777,25,30,20
31,3904,3.259375559869061e-11,0.03999994396605143,0.0404194381794338,0.9195806178219209,25,30,20
31,3905,2.513929719718092e-09,0.03976674401937862,0.049514075352874866,0.910719178113817,25,30,20
31,3906,2.9929331445376187e-06,0.03999999821906858,0.0404537156211494,0.9195432932266375,25,30,20
31,3907,1.858061408132466e-09,0.039999834116516336,0.04000325602527254,0.9199969080001498,25,30,20
31,3908,2.6661830297197395e-05,0.040004453941331376,0.039975488503107816,0.9199933957252634,25,30,20
31,3909,6.892213892343002e-10,0.03999197880055076,0.04021007426915839,0.9197979462410695,25,30,20
31,3910,3.7806044096444916e-16,0.042532654099250534,0.03766682149814872,0.9198005244026004,25,30,20
31,3911,4.0958987627430484e-16,0.04253265409925084,0.03766907207698242,0.9197982738237661,25,30,20
31,3912,3.152948440330963e-17,0.03999999735906294,0.0400363011414936,0.9199637014994433,25,30,20
31,3913,3.152948991608711e-17,0.039999838057059284,0.04000885606933138,0.9199913058736093,25,30,20
31,3914,4.805019513465038e-13,0.03999988806298484,0.04001639911875143,0.9199837128177834,25,30,20
31,3915,4.805019508652607e-13,0.039999999933650866,0.07765227957651191,0.8823477204893567,25,30,20
31,3916,5.96318111524136e-10,0.04001806586981686,0.07889948014049519,0.8810824533933699,25,30,20
31,3917,0.00017621945694925773,0.0397684637027231,0.08006356670907928,0.8799917501312483,25,30,20
31,3918,3.3640597210914967e-11,0.04000043421968789,0.08002930484388482,0.8799702609027868,25,30,20
31,3919,3.364059721092075e-11,0.04000020263993024,0.08002080920338535,0.8799789881230435,25,30,20
31,3920,0.00041217536766886083,0.03933135532363323,0.08026668153809835,0.8799897877705996,25,30,20
31,3921,0.00041217536766885833,0.0400491181847412,0.0795551073739424,0.879983599073647,25,30,20
31,3922,1.7520750517863645e-09,0.039999853294167914,0.08000844928095359,0.8799916956728032,25,30,20
31,3923,1.752079265995765e-09,0.039990763581685594,0.08001749278227888,0.8799917418839562,25,30,20
31,3924,3.247135727513744e-09,0.039999838083978306,0.08019936491235423,0.8798007937565319,25,30,20
31,3925,3.247135727486299e-09,0.03999999653264277,0.0802072330264283,0.8797927671937932,25,30,20
31,3926,1.752075054250946e-09,0.039991409537276285,0.08078500601912372,0.879223582691525,25,30,20
31,3927,1.7520750516573946e-09,0.039991394415264045,0.08022099344655671,0.8797876103861039,25,30,20
31,3928,3.2045225360204107e-11,0.03999139430804119,0.08001269179947315,0.8799959138604404,25,30,20
31,3929,3.204522535999698e-11,0.03999056180158667,0.08002014260949723,0.8799892955568709,25,30,20
31,3930,3.204522535996138e-11,0.040000011463495425,0.08020435997494232,0.879795628529517,25,30,20
31,3931,0.00011066972112636566,0.040000133171009804,0.07988455214879832,0.8800046449590654,25,30,20
31,3932,1.058962439917834e-07,0.04000000753145592,0.0800100202719296,0.8799898663003703,25,30,20
31,3933,3.0339935905637245e-06,0.06284379944093604,0.057548788429202656,0.8796043781362708,25,30,20
31,3934,7.720474127601808e-05,0.06284380332279918,0.05752951300840975,0.8795494789275152,25,30,20
31,3935,2.021897826171271e-13,0.062175161433824275,0.058433624414042755,0.8793912141519309,25,30,20
31,3936,2.0218978292818618e-13,0.06217516143382427,0.05844125694682392,0.8793835816191495,25,30,20
31,3937,5.2746103871807825e-08,0.07933135698511581,0.040895996801206216,0.879772593467574,25,30,20
31,3938,2.1167635533817277e-06,0.07933135375544792,0.040703227195987034,0.8799633022850114,25,30,20
31,3939,2.116763553381727e-06,0.07933135375544838,0.0410607553298594,0.8796057741511386,25,30,20
31,3940,2.5946379422092087e-18,0.07999999609875333,0.041121906545196964,0.8788780973560497,25,30,20
31,3941,2.5950736416537975e-18,0.08000086040559994,0.04054948521718751,0.8794496543772127,25,30,20
31,3942,2.595546587856277e-18,0.08000080673391123,0.04054282282677101,0.8794563704393177,25,30,20
31,3943,2.5945833666596162e-18,0.07975568025728591,0.04081563438731751,0.8794286853553969,25,30,20
31,3944,1.3666455986445779e-12,0.07998787808159816,0.04122615551747126,0.8787859663995637,25,30,20
31,3945,1.5675766197330856e-07,0.07998806985529665,0.04147437131144376,0.8785374020755974,25,30,20
31,3946,8.932272223920306e-06,0.07999176636518786,0.04103593464170107,0.878963366720887,25,30,20
31,3947,6.909688378493088e-23,0.07976674412325177,0.04125127828806788,0.8789819775886801,25,30,20
31,3948,7.201504614532897e-18,0.08004825416555197,0.03997322145104892,0.8799785243833989,25,30,20
31,3949,3.8873052712760476e-24,0.07999060880962565,0.04017492132122565,0.8798344698691486,25,30,20
31,3950,1.051046575127695e-21,0.0799997958442216,0.040176306708749596,0.8798238974470288,25,30,20
31,3951,4.8305951373073665e-22,0.07976675418531473,0.040565992926987836,0.8796672528876974,25,30,20
31,3952,1.0058989125274832e-17,0.07999999516704363,0.0415280282320995,0.8784719766008569,25,30,20
31,3953,1.4170617460245312e-16,0.08004706018870035,0.040127260158850195,0.8798256796524494,25,30,20
31,3954,1.4170617271546184e-16,0.0800351386930294,0.040366710668654424,0.8795981506383161,25,30,20
31,3955,1.417060038596253e-16,0.08003513869301244,0.03996522242285078,0.8799996388841366,25,30,20
31,3956,2.0615916028826093e-14,0.0824498911302957,0.03755426570844986,0.8799958431612336,25,30,20
31,3957,4.5331022475902523e-13,0.07980788300380244,0.040640044402679855,0.8795520725930644,25,30,20
31,3958,4.5331034452095945e-13,0.04238504282576321,0.07542144659665236,0.882193510577131,25,30,20
31,3959,1.358190632093742e-12,0.042385091117161086,0.0749776943939357,0.8826372144875451,25,30,20
31,3960,1.112136434439042e-19,0.04238421772450548,0.07497981807690059,0.8826359641985938,25,30,20
31,3961,7.141267902569772e-15,0.03947982477050518,0.07980884263192843,0.8807113325975591,25,30,20
31,3962,7.14864918290534e-15,0.04000001499305037,0.07927841432004298,0.8807215706868994,25,30,20
31,3963,7.148649350417662e-15,0.04000001874456688,0.07928238633646967,0.8807175949189563,25,30,20
31,3964,8.74475365942938e-05,0.040000014335141436,0.08050497721490962,0.8794075609133543,25,30,20
31,3965,8.744753659470456e-05,0.03999999920898628,0.07993105063977649,0.8799815026146426,25,30,20
31,3966,8.744753659429373e-05,0.040000012551740245,0.07991821080333125,0.8799943291083343,25,30,20
31,3967,8.74475365942864e-05,0.039996808783795655,0.07718844574421659,0.8827272979353933,25,30,20
31,3968,2.3744025604345238e-07,0.039996808782386095,0.07741397810343503,0.8825889756739228,25,30,20
31,3969,2.1185011892929853e-18,0.03999680878238182,0.040459247859205745,0.9195439433584122,25,30,20
31,3970,2.108305784800631e-18,0.039996808782381515,0.04000620057850183,0.9199969906391168,25,30,20
31,3971,2.118009024057182e-18,0.0399999934822318,0.0400219400241068,0.9199780664936615,25,30,20
31,3972,2.1180149493058918e-18,0.03999999708974319,0.04103921839691335,0.9189607845133435,25,30,20
31,3973,2.108790308240329e-18,0.039999997153032284,0.04016128617178014,0.9198387166751876,25,30,20
31,3974,3.581584285411139e-20,0.039999997046396646,0.04001509860698817,0.9199849043466151,25,30,20
31,3975,3.5983090769518086e-20,0.03999999632721201,0.04021685130817322,0.9197831523646148,25,30,20
31,3976,3.5801610670363273e-20,0.039999996383017676,0.0405914852765555,0.9194085183404269,25,30,20
31,3977,3.531996116976873e-20,0.039999996327212003,0.040017780799391105,0.9199822228733968,25,30,20
31,3978,1.7786229152165808e-21,0.03999075595062469,0.04002975806614185,0.9199794859832333,25,30,20
31,3979,4.561789449359362e-12,0.03999660070513053,0.008766732341691478,0.9512366669486163,25,30,20
31,3980,4.561789449353842e-12,0.03999660070513083,0.008757207814096448,0.9512461914762109,25,30,20
31,3981,4.845127163884154e-22,0.03999660070511691,9.807331685282004e-06,0.9599935919631978,25,30,20
31,3982,4.9017382069158575e-22,0.039996600705116916,1.4168702171892125e-05,0.9599892305927112,25,30,20
31,3983,4.815878286846296e-22,0.03999660070511691,0.00016321039662197618,0.9598401888982612,25,30,20
31,3984,6.986685478995556e-26,0.039996600705116916,8.949267216885424e-06,0.9599944500276663,25,30,20
31,3985,2.7345542401322724e-20,0.039996600781248025,0.00017104556008615143,0.9598323536586656,25,30,20
31,3986,4.8172319678103845e-22,0.03999660078124771,3.860946881035111e-06,0.9599995382718711,25,30,20
31,3987,9.661362802079667e-22,0.039988073514456796,1.2650525410936696e-05,0.9599992759601322,25,30,20
31,3988,1.734872856216215e-22,0.039999996327197855,0.00016787586182686064,0.9598321278109754,25,30,20
31,3989,4.84844211626509e-22,0.039999996327197244,0.00016582807078184506,0.959834175602021,25,30,20
31,3990,1.1441127795643984e-23,0.039999995887211884,0.0001723662600631418,0.959827637852725,25,30,20
31,3991,6.550130152377205e-22,0.03999999703979742,0.0001545452164950082,0.9598454577437074,25,30,20
31,3992,1.1995772308784562e-20,0.03981897997822839,0.00033902783228470393,0.9598419921894871,25,30,20
31,3993,1.1525714495587495e-20,0.03981897997822839,0.0009161506646091385,0.9592648693571626,25,30,20
31,3994,8.509002850790474e-24,0.039999943967137304,0.00016244859256502994,0.9598376074402977,25,30,20
31,3995,8.851236744601948e-17,0.03998807066815238,0.00031973445591974647,0.9596921948759278,25,30,20
31,3996,3.7023085136572728e-22,0.03998807066813509,2.0007560462567547e-05,0.9599919217714025,25,30,20
31,3997,3.4918668452812366e-22,0.03999978181883355,8.71435101589365e-06,0.9599915038301506,25,30,20
31,3998,1.7048773523784463e-22,0.03999978181883324,6.127532425376879e-06,0.9599940906487413,25,30,20
31,3999,9.029903696754641e-24,0.03999978181883354,0.00015288426864506948,0.9598473339125213,25,30,20
31,4000,8.79939913039804e-24,0.03998807345117214,0.00017228114672783882,0.9598396454021001,25,30,20
31,4001,2.5633219399121853e-25,0.03998807345117213,0.0001668229566648713,0.959845103592163,25,30,20
31,4002,5.654586281114392e-22,0.03999588411052724,0.0005805319117546384,0.9594235839777181,25,30,20
31,4003,3.3645145648471875e-24,0.03999999468440834,3.2988898277813167e-06,0.9599967064257637,25,30,20
31,4004,3.1390216104230185e-24,0.03999999993413305,9.924288313373435e-07,0.9599990076370356,25,30,20
31,4005,3.2898626987045206e-24,0.039999996262793734,1.8968835058535475e-05,0.9599810349021477,25,30,20
31,4006,2.0633974186578345e-25,0.039999993482232404,8.646694857478605e-07,0.9599991418482818,25,30,20
31,4007,1.5643390288333948e-18,0.03999999348226737,0.00044954124541586127,0.9595504652723169,25,30,20
31,4008,1.564515687256981e-18,0.03999999626466837,0.00044977728853069353,0.9595502264468009,25,30,20
31,4009,2.7618449911964293e-20,0.03999075595062475,2.339146216885041e-05,0.9599858525872064,25,30,20
31,4010,5.533201020716102e-19,0.03999075595062476,0.00021811604654414074,0.9597911280028311,25,30,20
31,4011,3.0500064426960322e-24,0.03999999715287801,1.4480823285713112e-05,0.9599855220238364,25,30,20
31,4012,1.1646445777198771e-23,0.03999999715287801,1.1020892450784957e-05,0.9599889819546712,25,30,20
31,4013,7.336880092396e-18,3.026360700820178e-08,0.040003218463185004,0.9599967512732082,25,30,20
31,4014,7.339939940397099e-18,5.319341193502179e-10,0.04000834440190639,0.9599916550661596,25,30,20
31,4015,2.2588398244556148e-21,4.741212134134427e-12,0.04001067535528586,0.9599893246399729,25,30,20
31,4016,7.33874008606586e-18,4.740574068474889e-12,0.0400033568911456,0.9599966431041138,25,30,20
31,4017,1.5798356269918156e-13,9.944713524644596e-09,0.04000946878282359,0.959990521272305,25,30,20
31,4018,2.653534808800719e-11,1.4216693514069893e-08,0.04000573435800689,0.9599942513987644,25,30,20
31,4019,3.9084641618498705e-16,0.0026180794243619164,0.03740919417401784,0.9599727264016199,25,30,20
31,4020,3.9084657781699474e-16,0.0026180794243799493,0.03740511879305928,0.9599768017825603,25,30,20
31,4021,1.4530032143019238e-16,1.5132064659687676e-08,0.040015207569561964,0.9599847772983731,25,30,20
31,4022,1.453003211328543e-16,1.513206435400867e-08,0.04001199644299554,0.9599879884249404,25,30,20
31,4023,1.4530033262014778e-16,1.5132046932489073e-08,0.040017258549609636,0.9599827263183437,25,30,20
31,4024,1.4530033237446065e-16,1.513204693239498e-08,0.04001667040808479,0.9599833144598682,25,30,20
31,4025,2.2957979983899464e-21,4.740593061415908e-12,0.040003196381483086,0.9599968036137764,25,30,20
31,4026,2.272785090377368e-21,4.740598611141348e-12,0.04001005125008806,0.9599899487451715,25,30,20
31,4027,4.109697868131608e-16,1.513195847628832e-08,0.04073879870022224,0.9592611861678191,25,30,20
31,4028,4.1096996000837327e-16,1.5131959081968175e-08,0.040739368942723495,0.959260615925317,25,30,20
31,4029,4.413533257761694e-13,0.002574774673122843,0.037431923227570205,0.9599933020988657,25,30,20
31,4030,1.5668024335145492e-18,8.627645592047292e-07,0.040583584691522706,0.9594155525439183,25,30,20
31,4031,2.264777574639652e-21,8.627645595140794e-07,0.0402145605171481,0.9597845767182922,25,30,20
31,4032,1.3590567183199402e-12,4.731969948967204e-12,0.077077749568006,0.9229222504259027,25,30,20
31,4033,1.3594750533296083e-12,4.740566025606338e-12,0.08001098970555975,0.9199890102883401,25,30,20
31,4034,3.5592471632559907e-16,0.0023842168668550797,0.07499283332588201,0.9226229498072627,25,30,20
31,4035,8.488621879738018e-15,0.002384216871350693,0.09059357001726065,0.9070222131113802,25,30,20
31,4036,8.285355825497234e-15,8.476162410783848e-07,0.09607410546452892,0.9039250469192219,25,30,20
31,4037,1.4850405430657184e-17,3.0268512272089874e-08,0.0956240809942193,0.9043758887372684,25,30,20
31,4038,1.485024376747108e-17,3.026851227418354e-08,0.0800181817104001,0.9199817880210875,25,30,20
31,4039,7.511329113881308e-18,1.834316229865786e-08,0.047230878368157425,0.9527691032886804,25,30,20
31,4040,8.132720430277171e-15,2.5628428746747944e-10,0.047548088746408215,0.9524519109972995,25,30,20
31,4041,8.132720433374798e-15,2.562842930029758e-10,0.046977754236370586,0.9530222455073369,25,30,20
31,4042,2.200476407674049e-11,2.661078206321412e-12,0.04703641875481572,0.9529635812205183,25,30,20
31,4043,2.200476407721612e-11,2.6785139534934526e-12,0.047607760296935704,0.9523922396783807,25,30,20
31,4044,1.8259111438537349e-09,2.034831750800033e-05,0.04702376806695824,0.9529558817896222,25,30,20
31,4045,1.8259111438535558e-09,2.0348317490568174e-05,0.0470153772522605,0.9529642726043377,25,30,20
31,4046,5.719221396832674e-13,8.056796929650832e-16,0.054436751160209226,0.9455632488392182,25,30,20
31,4047,5.71982533580254e-13,3.58041869209462e-14,0.054449180885046536,0.9455508191143457,25,30,20
31,4048,3.259306572463514e-11,1.9943129372125797e-12,0.040008113674502736,0.9599918862909099,25,30,20
31,4049,3.50003347861198e-08,1.0451178633425115e-10,0.040157649248837426,0.9598423156463163,25,30,20
31,4050,1.335688919026848e-08,4.5527734486629643e-08,0.030549396303294958,0.9694505448120815,25,30,20
31,4051,2.019117731876503e-13,1.8984287130765736e-12,0.04000376754126336,0.9599962324566365,25,30,20
31,4052,2.0191177318774107e-13,1.8984341477496083e-12,0.048867857971147954,0.9511321420267521,25,30,20
31,4053,2.0972581521070927e-11,1.3312571988117405e-05,0.03998987433177075,0.9599968130752684,25,30,20
31,4054,2.09725815485137e-11,1.3312571988122767e-05,0.040003184976242154,0.9599835024307971,25,30,20
31,4055,2.0972581521059427e-11,1.3312571988117307e-05,0.03998688993330119,0.959999797473738,25,30,20
31,4056,1.7607913906456691e-16,1.2073645489508556e-15,0.040000601209102024,0.9599993987908964,25,30,20
31,4057,7.735233005181078e-13,2.062097089193571e-12,0.04000396171040979,0.9599960382867547,25,30,20
31,4058,6.7190004316272365e-22,4.115016715696306e-10,0.04001175107676809,0.9599882485117304,25,30,20
31,4059,6.29967543577596e-15,3.6751156296748196e-05,0.039988813862258395,0.9599744349814385,25,30,20
31,4060,6.584414551759895e-22,6.68679898160549e-07,0.04902930316289033,0.9509700281572112,25,30,20
31,4061,9.978599053476042e-20,8.214820606482235e-12,0.0401647570410736,0.9598352429507115,25,30,20
31,4062,3.2419955131566074e-16,2.0680491280404545e-10,0.04001122132706964,0.9599887784661252,25,30,20
31,4063,1.2005944384080439e-20,0.03955150524334113,0.0004517949240290833,0.9599966998326298,25,30,20
31,4064,3.404369230674154e-22,0.03999979070099104,0.0001552371740457692,0.9598449721249631,25,30,20
31,4065,1.705122457708601e-22,0.03999999534579477,1.1423981837605207e-05,0.9599885806723676,25,30,20
31,4066,3.544377483770764e-25,0.039999790701715915,5.773886219612206e-07,0.9599996319096621,25,30,20
31,4067,8.747557939787638e-24,0.03999979070171593,0.00739740741762095,0.952602801880663,25,30,20
31,4068,1.6205887922151957e-25,0.03999999895254153,8.385940372086335e-06,0.9599916151070864,25,30,20
31,4069,2.0396080834585782e-25,0.03999999626465239,0.00038889735164530876,0.9596111063837022,25,30,20
31,4070,9.714281517983846e-21,0.03999979070179916,1.3815744043819788e-05,0.9599863935541567,25,30,20
31,4071,3.734948952824207e-20,0.03999999992787104,0.03777288564224393,0.9222271144298848,25,30,20
31,4072,6.217515772843866e-22,0.039999999927810934,0.040009939245994997,0.9199900608261938,25,30,20
31,4073,3.238708297798918e-16,0.03999994396685497,0.039963751022759335,0.9200363050103852,25,30,20
31,4074,1.8481433309642914e-14,0.03981898120025051,0.040183783965297,0.9199972348344337,25,30,20
31,4075,5.687779099896686e-18,0.039999996277771295,0.040006421369745214,0.9199935823524834,25,30,20
31,4076,3.7071775964190595e-10,0.03999999627778873,0.0399934543870623,0.9200065489644311,25,30,20
31,4077,3.7071775963285267e-10,0.039999996277771614,0.04049256985948953,0.919507433492021,25,30,20
31,4078,5.544989416470077e-08,0.0399999962777722,0.04019925721132127,0.9198006910610124,25,30,20
31,4079,5.5449894164710476e-08,0.039995884208382716,0.040004600375803584,0.9199994599659196,25,30,20
31,4080,5.5449894164710476e-08,0.03999588420838302,0.04002281484885767,0.9199812454928652,25,30,20
31,4081,5.544989416471047e-08,0.03999588420838302,0.0410270937842487,0.9189769665574741,25,30,20
31,4082,5.544989416470094e-08,0.03999588420839989,0.0411558985529476,0.9188481617887584,25,30,20
31,4083,5.544989416470077e-08,0.03999999715188468,0.04057079746173582,0.9194291499364853,25,30,20
31,4084,5.544989416470094e-08,0.03999999632633759,0.04000398249291677,0.9199959657308513,25,30,20
31,4085,5.5449894165253914e-08,0.0399996284891981,0.040010944431581714,0.9199893716293261,25,30,20
31,4086,9.89030124112886e-10,0.03999962865453043,0.0400110078934042,0.919989362463035,25,30,20
31,4087,5.252944097994731e-15,0.03999962848919724,0.04000321111511176,0.9199971603956858,25,30,20
31,4088,1.7356651547115417e-11,0.039999790865499485,0.040016813200901336,0.9199833959162426,25,30,20
31,4089,3.0626429123120824e-06,0.03999680637780928,0.040024547973898955,0.9199755830053795,25,30,20
31,4090,3.0626429123120727e-06,0.039999996277082464,0.05809220507802157,0.9019047360019836,25,30,20
31,4091,0.00017061763587414324,0.04000000606640986,0.047223319047456226,0.9126060572502597,25,30,20
31,4092,0.00017061763587414324,0.040000006066392195,0.0470608772965287,0.912768499001205,25,30,20
31,4093,1.1640288942482447e-09,0.03999999991072174,0.04000732940089691,0.9199926695243523,25,30,20
31,4094,3.742444955921174e-08,0.03999999991255982,0.040014264245493474,0.9199856984174972,25,30,20
31,4095,3.7424449559184595e-08,0.039999997091306805,0.04002343236270636,0.919976533121537,25,30,20
31,4096,6.568465288742371e-10,0.039999997089364456,0.04045572110512772,0.9195442811486612,25,30,20
31,4097,6.573330844536188e-10,0.03999999708936387,0.04015729855734576,0.9198427036959571,25,30,20
31,4098,8.335532847556667e-05,0.0399999971539825,0.04007388552783314,0.9198427619897085,25,30,20
31,4099,0.007875472257162503,0.039999997153006825,0.03228945101549449,0.919835079574336,25,30,20
31,4100,3.742853167260653e-08,0.03999999631193957,0.04001820499758958,0.9199817612619392,25,30,20
31,4101,3.7428531672606705e-08,0.03976674122255242,0.04023711475463455,0.9199961065942813,25,30,20
31,4102,3.742853167260653e-08,0.039999997091295224,0.040000222549356985,0.9199997429308162,25,30,20
31,4103,2.0075085738083654e-13,0.039999997089335666,0.040353375495632615,0.9196466274148309,25,30,20
31,4104,2.0075085691021876e-13,0.039999997089335354,0.04057884911220526,0.9194211537982585,25,30,20
31,4105,1.8263744885009183e-09,0.03999999708936857,0.0400030442896673,0.9199969567945898,25,30,20
31,4106,0.009643090854525652,0.040000175750415916,0.04528940451806687,0.9050673288769918,25,30,20
31,4107,0.009643090854525652,0.040000175728568295,0.029874567593279513,0.9204821658236265,25,30,20
31,4108,8.110063498496885e-05,0.04000023902690963,0.03992155972143134,0.9199971006166741,25,30,20
31,4109,8.110063498496885e-05,0.04000016968055409,0.03992190214240548,0.9199968275420554,25,30,20
31,4110,8.110063498496885e-05,0.020314940810988048,0.05981327768092843,0.9197906808730982,25,30,20
31,4111,7.879967450442627e-13,0.03948019086204006,0.04053412324905626,0.9199856858881157,25,30,20
31,4112,3.290592467058448e-24,0.03999979070124529,8.707132712334482e-06,0.9599915021660427,25,30,20
31,4113,3.5497148439597563e-25,0.03999979070124529,5.888257023193759e-07,0.9599996204730524,25,30,20
31,4114,2.746107075842073e-20,0.03964867307063111,0.0003521092102888343,0.9599992177190804,25,30,20
31,4115,1.3029977583222117e-23,0.0396486730706311,0.0007476947610817489,0.9596036321682875,25,30,20
31,4116,6.179926550869148e-24,0.03999999993552995,0.0003961714175893191,0.9596038286468808,25,30,20
31,4117,9.70693531507204e-21,0.03999999993554736,3.6029213172340233e-06,0.9599963971431354,25,30,20
31,4118,9.709724186865131e-21,0.039999999948554674,6.058576853362969e-06,0.9599939414745919,25,30,20
31,4119,2.0613998286629948e-22,0.03999680511106706,0.0005817563783177651,0.9594214385106151,25,30,20
31,4120,5.983632335033574e-24,0.03999999715410865,1.065568775785668e-05,0.9599893471581334,25,30,20
31,4121,2.0710845685922344e-25,0.03999999715410866,1.3542199931668248e-05,0.9599864606459597,25,30,20
31,4122,3.302983479137755e-25,0.03999983773580821,1.4286524616661084e-05,0.9599858757395751,25,30,20
31,4123,9.802501873155386e-21,0.039999837735808216,0.0003093048548213248,0.9596908574093703,25,30,20
31,4124,9.631930165071405e-21,0.039999943966281634,0.00030255339775577363,0.9596975026359625,25,30,20
31,4125,1.864582110906747e-22,0.039999996326943295,0.00022015296039369956,0.9597798507126631,25,30,20
31,4126,1.9642372532157105e-22,0.03998488299676451,0.00023488094605481568,0.9597802360571808,25,30,20
31,4127,1.7958405375265184e-22,0.0399848829967642,0.00021738682161270853,0.9597977301816232,25,30,20
31,4128,6.165862179936846e-26,0.03999999588609728,3.7687853886320066e-06,0.9599962353285139,25,30,20
31,4129,2.9915362300943758e-24,0.03999999588609728,0.00020543896838629127,0.9597945651455163,25,30,20
31,4130,3.0431316780874324e-24,0.03999999588609729,0.0002154632898391501,0.9597845408240633,25,30,20
31,4131,9.634419098121452e-22,0.0399999958860976,8.502157210386364e-06,0.959991501956692,25,30,20
31,4132,4.8473695365821875e-22,0.039999993482218985,3.03310427877332e-06,0.9599969734135023,25,30,20
31,4133,1.0186218996792598e-20,0.03999999632905047,1.6515747800308754e-05,0.959983487923149,25,30,20
31,4134,1.5741164478522476e-18,0.039999997152488725,2.1069227925823646e-05,0.9599789336195853,25,30,20
31,4135,1.1648931365883159e-23,0.03999999621374174,7.272789017350844e-06,0.9599927309972413,25,30,20
31,4136,1.4134693203089564e-23,0.03998807349748202,0.016313896544041508,0.9436980299584766,25,30,20
31,4137,1.1839782230907737e-23,0.039988073497481784,0.025335027644566722,0.9346768988579518,25,30,20
31,4138,1.1912525328819754e-23,0.03998807349748208,0.007246273875672163,0.9527656526268459,25,30,20
31,4139,1.509321278393652e-23,0.03998807349748183,2.799263933145846e-05,0.9599839338631867,25,30,20
31,4140,1.7356166166210044e-22,0.039999996255934624,8.075379743387374e-07,0.9599991962060912,25,30,20
31,4141,4.907235571235014e-22,0.039479820159279144,0.0005287182136559563,0.959991461627065,25,30,20
31,4142,4.824709389087681e-22,0.039479820159279144,0.0009764572599410108,0.9595437225807799,25,30,20
31,4143,3.5686726486249407e-25,0.039999790637701704,0.00046579019073598104,0.9595344191715625,25,30,20
31,4144,6.48439662924876e-27,0.039999790637701704,1.0732797051845191e-05,0.9599894765652466,25,30,20
31,4145,2.744842978171202e-20,0.039999790637701725,1.7745506187542088e-05,0.9599824638561106,25,30,20
31,4146,2.0260715807392623e-25,0.03999999991708826,8.291033099674295e-06,0.9599917090498121,25,30,20
31,4147,2.585849977686105e-25,0.03999999715380235,8.389127472071114e-06,0.9599916137187254,25,30,20
31,4148,2.7457236253398846e-20,0.03999999993357473,0.00037007582067845145,0.9596299242457469,25,30,20
31,4149,2.0869377385884403e-22,0.03999054662616829,0.0001682152369651301,0.9598412381368664,25,30,20
31,4150,2.0893586329120704e-22,0.03999054662616829,0.0006407422671404894,0.959368711106691,25,30,20
31,4151,6.0081752058767985e-25,0.039999997152994224,1.1045241648031285e-05,0.9599889576053577,25,30,20
31,4152,9.903433562219262e-21,0.039774465608281996,0.00037502970807998254,0.959850504683638,25,30,20
31,4153,9.903138755122992e-21,0.03977446560828231,0.00024645940029035325,0.9599790749914271,25,30,20
31,4154,3.112278898856232e-20,0.02657678534324106,0.01363608178613471,0.9597871328706242,25,30,20
31,4155,9.719197853915681e-21,0.03999992493999091,1.9587065082409372e-05,0.9599804879949265,25,30,20
31,4156,3.28786119443542e-24,0.039999999884523345,2.7836602444555643e-05,0.959972163513032,25,30,20
31,4157,3.551603714158496e-25,0.03999075594950789,1.3004789267071053e-05,0.9599962392612251,25,30,20
31,4158,3.192324414763559e-24,0.03999075594950789,1.3276678328365491e-05,0.959995967372164,25,30,20
31,4159,1.5650178918417465e-18,0.039999997152155436,0.0005711830650446964,0.9594288197828,25,30,20
31,4160,6.522956326691351e-22,0.03999979070099104,0.0005815379055020799,0.959418671393507,25,30,20
31,4161,1.789068713284183e-22,0.03999979070099135,3.0969072305015516e-06,0.9599971123917783,25,30,20
31,4162,8.964361891090461e-24,0.039996808783038455,9.264943524217311e-06,0.9599939262734374,25,30,20
31,4163,2.0089572016643937e-23,0.03999983778598929,5.92260250337347e-06,0.9599942396115074,25,30,20
31,4164,2.2930785280975394e-23,0.03999588419313699,7.394687578373733e-06,0.9599967211192846,25,30,20
31,4165,2.9932546302299564e-24,0.03976674403669265,0.00023739414641858297,0.9599958618168887,25,30,20
31,4166,5.713363577890989e-26,0.03976674403667523,0.0004393862240174218,0.9597938697393072,25,30,20
31,4167,8.50354354012188e-24,0.03999979070123845,0.00020322389934679757,0.9597969853994147,25,30,20
31,4168,5.98840574886713e-26,0.039999993482212975,0.00045481750997302555,0.959545189007814,25,30,20
31,4169,2.258550395620585e-21,0.03999075227894894,0.039954446140162636,0.9200548015808885,25,30,20
31,4170,8.449295919124161e-15,0.03998791131475414,0.039967856670997406,0.9200442320142399,25,30,20
31,4171,2.723389929864681e-18,0.03998791131475472,0.04017833381163181,0.9198337548736132,25,30,20
31,4172,4.5128171371593146e-11,0.03999983772244576,0.040165127444240944,0.919835034788185,25,30,20
31,4173,2.7035426097884024e-09,0.04000000000546855,0.04000724214230193,0.919992755148687,25,30,20
31,4174,2.70354260978857e-09,0.040000000005468245,0.04001200954560612,0.9199879877453832,25,30,20
31,4175,2.7035426097884024e-09,0.03999999633666248,0.04000740624248339,0.9199925947173118,25,30,20
31,4176,4.1119361064348756e-09,0.03999588413309546,0.040165864389495896,0.9198382473654725,25,30,20
31,4177,1.332043861714083e-22,0.03999075588621032,0.0087591577686475,0.9512500863451422,25,30,20
31,4178,4.5880332457715746e-27,0.03999983778598244,5.341103335710319e-07,0.959999628103684,25,30,20
31,4179,2.0640170065278382e-25,0.039999997131512276,7.596393438333201e-06,0.9599924064750495,25,30,20
31,4180,5.0572217469479455e-15,0.039999995879131986,0.00020502457252223087,0.9597949795483409,25,30,20
31,4181,5.057221750586609e-15,0.0399998365118504,0.0002155284555812954,0.9597846350325632,25,30,20
31,4182,1.780554783322368e-22,0.03999999715299897,0.0002066972627148599,0.9597933055842864,25,30,20
31,4183,3.287965233736531e-24,0.0399999971530164,5.793860653263969e-06,0.9599942089863306,25,30,20
31,4184,2.148233311477207e-23,0.03964867223125354,0.00035463774635918364,0.9599966900223873,25,30,20
31,4185,9.714462024110007e-21,0.03964867223123581,0.0003648620316521226,0.9599864657371124,25,30,20
31,4186,1.0243741327105112e-23,0.039648672231235825,0.0005544407568002424,0.959796887011964,25,30,20
31,4187,1.009296781090028e-23,0.039648672231235825,0.0005586367195517177,0.9597926910492126,25,30,20
31,4188,9.991557254618274e-24,0.03964867223123581,0.0003555294449402888,0.959995798323824,25,30,20
31,4189,1.0059426016178636e-23,0.03964867223125354,0.037416364726180554,0.922934963042566,25,30,20
31,4190,2.509371105949682e-07,0.04004902897497746,0.039961672972547026,0.9199890471153648,25,30,20
31,4191,2.5037479988524124e-18,0.039527112641850326,0.04048412415853358,0.919988763199616,25,30,20
31,4192,8.848065192582044e-15,0.03947967228696945,0.04052057919725836,0.9199997485157632,25,30,20
31,4193,8.848065192432859e-15,0.03999589836422828,0.04000416946500842,0.9199999321707543,25,30,20
31,4194,8.848065192425202e-15,0.04000001144710624,0.04725161870281862,0.9127483698500665,25,30,20
31,4195,3.3861454784197616e-13,0.039809643477093176,0.007722659317127505,0.9524676972054409,25,30,20
31,4196,1.032521041566017e-20,0.039999837785735654,0.007581032549790513,0.9524191296644736,25,30,20
31,4197,1.0628864004352383e-20,0.03999983778573534,0.00015522611560799158,0.9598449360986566,25,30,20
31,4198,1.210898004007192e-23,0.039987911314728966,0.00046167901385221863,0.9595504096714187,25,30,20
31,4199,9.666977302760088e-21,0.03999983411494618,0.00015761444248888417,0.959842551442565,25,30,20
31,4200,9.840225779032418e-21,0.039999999835726295,0.0006087560667814329,0.9593912440974922,25,30,20
31,4201,6.45632296638305e-20,0.03998806984396552,0.00017694209790105418,0.9598349880581335,25,30,20
31,4202,9.67018330504745e-21,0.03999992680307002,0.00016813900150666094,0.9598319341954236,25,30,20
31,4203,1.014882185780952e-20,0.039999999912478025,0.0003297576040447289,0.9596702424834777,25,30,20
31,4204,9.670013821957334e-21,0.0399999998856284,0.000634487287233964,0.9593655128271381,25,30,20
31,4205,8.455439319381179e-24,0.039999999885628086,0.0007982893317670412,0.959201710782605,25,30,20
31,4206,1.1439680261963135e-23,0.03999999988562808,8.134305684700135e-06,0.9599918658086876,25,30,20
31,4207,8.609631987574247e-24,0.039999997089717604,1.6505076917534854e-05,0.9599834978333651,25,30,20
31,4208,8.457151875704e-24,0.0399999970897176,6.409160651450322e-07,0.9599993619942172,25,30,20
31,4209,1.1025441543522724e-25,0.03999999710382728,0.0006066370967882775,0.9593933657993844,25,30,20
31,4210,9.704925801556834e-21,0.03999999997575196,0.0004631742213236306,0.9595368258029245,25,30,20
31,4211,1.155322358213448e-23,0.03999983778572858,6.519909037190768e-06,0.9599936423052342,25,30,20
31,4212,2.0539830190800711e-25,0.03999983778572828,1.689201545714178e-05,0.9599832701988147,25,30,20
31,4213,1.7906419554281705e-22,0.0399907559497683,2.8281695816650804e-05,0.9599809623544152,25,30,20
31,4214,1.7041688485769257e-22,0.0399907559497683,0.0002313249681823155,0.9597779190820495,25,30,20
31,4215,1.0847072138730584e-25,0.03999999993552993,1.716649946016501e-05,0.9599828335650099,25,30,20
31,4216,4.847925756782293e-22,0.03999999713078742,0.00019932531275453498,0.9598006775564579,25,30,20
31,4217,3.1017751791745754e-24,0.039999997130787425,1.0642361776727471e-05,0.9599893605074358,25,30,20
31,4218,1.1616275621631769e-23,0.039999789719351385,2.1496667486418062e-05,0.9599787136131623,25,30,20
31,4219,1.1803087882366342e-23,0.03999978878820493,1.929644159257141e-05,0.9599809147702026,25,30,20
31,4220,1.7037807496948133e-22,0.039999997114691176,0.00022887746004215826,0.9597711254252665,25,30,20
31,4221,1.5583059728539307e-18,0.03999999344964551,0.0002003254416118958,0.9597996811087426,25,30,20
31,4222,6.32012281466601e-26,0.03999979068489497,2.7403646886718984e-05,0.9599728056682184,25,30,20
31,4223,4.82023375016602e-22,0.039999996262787996,0.00889689519369922,0.9511031085435131,25,30,20
31,4224,2.7929976889644896e-20,0.039818978383247404,0.0002022946632697911,0.9599787269534827,25,30,20
31,4225,3.763779360060809e-20,0.03981897838326483,0.00019829575285084536,0.9599827258638846,25,30,20
31,4226,9.71321605431911e-21,0.039479657150705595,0.0005411976447574515,0.9599791452045371,25,30,20
31,4227,1.7021648304734323e-22,0.0399999963065373,3.467103448761695e-05,0.959965332658975,25,30,20
31,4228,4.846605846314358e-22,0.039999837747412566,1.588559447348095e-05,0.9599842766581138,25,30,20
31,4229,4.816375474762838e-22,0.039999837747412566,1.8871247254462147e-05,0.9599812910053331,25,30,20
31,4230,4.902435952679248e-22,0.03999983774742991,0.00016045269162694783,0.9598397095609431,25,30,20
31,4231,1.7876127458010126e-22,0.0399999999489442,0.00015460528851466172,0.9598453947625408,25,30,20
31,4232,8.618750975304705e-24,0.039999999934684796,5.848628964476125e-07,0.9599994152024186,25,30,20
31,4233,8.5080587787182e-24,0.0399999999346851,0.000199235091237552,0.9598007649740772,25,30,20
31,4234,2.735085113696889e-20,0.03999999713289155,0.00015512874271052845,0.9598448741243978,25,30,20
31,4235,9.007608917940223e-24,0.03999999896814934,4.87833366889081e-07,0.9599995131984838,25,30,20
31,4236,5.331152775550452e-25,0.03999994302707668,2.0936679162996334e-05,0.9599791202937604,25,30,20
31,4237,1.722463820237485e-23,0.03999994302705956,2.700136136773641e-05,0.9599730556115726,25,30,20
31,4238,4.983756580961771e-22,0.039999998669640914,2.3609862351173993e-05,0.9599763914680081,25,30,20
31,4239,4.898768454435689e-22,0.03999999994853723,2.31849717737107e-05,0.9599768150796892,25,30,20
31,4240,3.040471984619146e-24,0.03999999993429928,1.0602061410937197e-05,0.95998939800429,25,30,20
31,4241,3.7568719966174786e-27,0.03999999993429928,1.1092655463915054e-05,0.9599889074102369,25,30,20
31,4242,1.0335726229246213e-16,0.03947965710642902,0.0005311237057588611,0.9599892191878121,25,30,20
31,4243,2.1415750519443475e-23,0.03999602121654994,1.4583163259462335e-05,0.9599893956201907,25,30,20
31,4244,8.459878174161427e-24,0.039999992656176875,9.318473283655299e-07,0.9599990754964948,25,30,20
31,4245,1.1586960906823272e-23,0.03999999265617687,9.074206811605309e-07,0.959999099923142,25,30,20
31,4246,1.7218079257462902e-23,0.03999999265617717,0.00030036729666546715,0.9596996400471575,25,30,20
31,4247,8.766141186866008e-24,0.039995884209496915,1.262667259630005e-05,0.9599914891179071,25,30,20
31,4248,8.77100215840045e-24,0.039999925870558985,8.26797180068402e-06,0.9599918061576406,25,30,20
31,4249,2.9923237778569855e-24,0.039999997153248465,8.0039206844503e-06,0.9599919989260672,25,30,20
31,4250,3.2983708424657617e-24,0.03999979065217534,1.1008128027351648e-05,0.9599892012197974,25,30,20
31,4251,5.069170429743986e-25,0.03999979065217473,3.446356660429949e-06,0.959996762991165,25,30,20
31,4252,4.821470435562696e-22,0.03999978970300149,8.444542923062116e-06,0.9599917657540754,25,30,20
31,4253,4.817496902069318e-22,0.039999789703001484,5.972392073062585e-06,0.9599942379049254,25,30,20
31,4254,1.564820628717125e-18,0.03999999901570048,1.0896528446910458e-05,0.9599891044558526,25,30,20
31,4255,4.931127731732933e-22,0.039999999934684484,1.864868882484148e-05,0.9599813513764908,25,30,20
31,4256,1.8575186351920853e-23,0.039988072533321324,2.930775656717166e-05,0.9599826197101116,25,30,20
31,4257,2.1356039849684742e-23,0.03998807253333875,2.499840627936782e-05,0.9599869290603817,25,30,20
31,4258,4.1038773252344895e-22,0.039988072533321324,0.0072563230439936675,0.952755604422685,25,30,20
31,4259,3.196701398905578e-24,0.03933135475910444,0.0012513806563100522,0.9594172645845856,25,30,20
31,4260,8.655899450041535e-24,0.03933135475910474,0.0006973264025067615,0.9599713188383885,25,30,20
31,4261,4.971402838660846e-22,0.03933135475910475,0.0008489552543156148,0.9598196899865793,25,30,20
31,4262,9.102412324994626e-24,0.039999999051320095,2.2057843496357667e-05,0.9599779431051836,25,30,20
31,4263,4.928672806576284e-22,0.039331351938688586,0.0008423038769226086,0.9598263441843887,25,30,20
31,4264,4.816620817268735e-22,0.03999979070208689,2.0177071010361145e-05,0.9599800322269029,25,30,20
31,4265,8.749663274104248e-24,0.03999999988565258,2.8320375048698243e-06,0.959997168076843,25,30,20
31,4266,8.753139206410865e-24,0.03999999873107676,0.0004468048468162083,0.9595531964221071,25,30,20
31,4267,1.1386912595004116e-25,0.039999997104197084,0.0001710102270779015,0.9598289926687251,25,30,20
31,4268,1.5645487868967938e-18,0.03999999710421483,8.202283997273777e-07,0.9599991826673855,25,30,20
31,4269,1.9941263661087805e-23,0.03999999710419771,1.090088595063145e-05,0.9599891020098518,25,30,20
31,4270,8.452345550817226e-24,0.0399967378457855,3.8926265631474e-06,0.9599993695276514,25,30,20
31,4271,9.723068943140128e-21,0.03999987181692125,0.00014988631185920085,0.9598502418712198,25,30,20
31,4272,1.0619160861836928e-23,0.03999075310419089,0.00015880651131152762,0.9598504403844974,25,30,20
31,4273,3.1456851663609103e-24,0.039999790702105506,1.0993958731949916e-06,0.9599991099020215,25,30,20
31,4274,9.701989420764027e-21,0.0399999962777716,2.4251316097243512e-05,0.9599757524061312,25,30,20
31,4275,5.452323880929111e-26,0.03999999715287831,2.211415359050345e-05,0.9599778886935312,25,30,20
31,4276,1.1740609538468077e-23,0.03999999715287801,5.797829399171157e-07,0.9599994230641821,25,30,20
31,4277,1.7194849682440793e-23,0.039999997152878004,5.203623985999959e-07,0.9599994824847233,25,30,20
31,4278,8.504237405230583e-24,0.039999997152878004,1.1109186695791678e-05,0.9599888936604262,25,30,20
31,4279,2.3463956507398847e-24,0.03999999715365716,0.008637329739780231,0.9513626731065626,25,30,20
31,4280,2.747166056166588e-20,0.03999999715287832,1.4177561818386447e-05,0.9599858252853033,25,30,20
31,4281,2.746321105578785e-20,0.03999999715287831,1.3615308245841267e-05,0.9599863875388758,25,30,20
31,4282,9.801380463116452e-27,0.039999996278160956,8.13838961370475e-06,0.9599918653322255,25,30,20
31,4283,5.778034529474378e-26,0.039999996278160956,7.078930725561582e-08,0.9599999329325318,25,30,20
31,4284,2.99725490817592e-24,0.03998807351431072,3.358725183922509e-05,0.9599783392338501,25,30,20
31,4285,4.817066774896978e-22,0.03998807351431073,0.007062455357529283,0.9529494711281602,25,30,20
31,4286,2.114856451699447e-25,0.039999996327193095,0.0005766173050643622,0.9594233863677428,25,30,20
31,4287,3.185805716715792e-24,0.03999999632721046,0.0003167855485450203,0.9596832181242447,25,30,20
31,4288,3.143284949630976e-24,0.03999999632719279,3.447503025171979e-07,0.9599996589225046,25,30,20
31,4289,9.732528239719563e-21,0.03998807253449793,3.154397565164358e-05,0.9599803834898506,25,30,20
31,4290,1.0191903536154576e-20,0.03998807253352217,0.00023382858303725183,0.9597780988834407,25,30,20
31,4291,9.713046470216885e-21,0.03998807253350484,3.4085992634152016e-05,0.9599778414738609,25,30,20
31,4292,1.0175168156926165e-23,0.03998807253350485,1.5674297943476375e-05,0.959996253168552,25,30,20
31,4293,1.7054337377494144e-22,0.039999994307898294,3.8146356861447015e-06,0.9599961910564158,25,30,20
31,4294,1.7060104605754213e-22,0.03999992773593666,1.169121451280865e-06,0.959998903142612,25,30,20
31,4295,8.651968172598624e-24,0.03998807351445641,1.792668510887027e-05,0.9599939998004349,25,30,20
31,4296,3.5185508700378585e-25,0.03999999348223245,7.055374349013455e-06,0.9599929511434188,25,30,20
31,4297,8.50095717509285e-24,0.039999996327212003,1.1048705862364847e-05,0.9599889549669257,25,30,20
31,4298,2.744111026199902e-20,0.03999999632820527,0.00021366204990008023,0.9597863416218944,25,30,20
31,4299,2.0532715131733903e-25,0.03999588420949277,2.211866547591378e-05,0.9599819971250311,25,30,20
31,4300,3.136321524290343e-25,0.039995884209492474,1.5396687743707937e-05,0.9599887191027637,25,30,20
31,4301,3.3014539377844556e-24,0.0399999962770483,0.00047260656548200793,0.9595273971574697,25,30,20
31,4302,1.809285299174293e-22,0.039999996277031255,0.015775988135112544,0.9442240155878564,25,30,20
31,4303,1.7340164806074776e-22,0.03999999993382867,0.0001606437021680755,0.9598393563640033,25,30,20
31,4304,2.435866931761344e-24,0.03999979063769699,0.009074849593630661,0.9509253597686724,25,30,20
31,4305,8.555955987126121e-24,0.03999999348164351,0.00019958963026242785,0.9598004168880943,25,30,20
31,4306,9.70418237170665e-21,0.03999999348166094,0.0002132341368186954,0.9597867723815205,25,30,20
31,4307,3.1516281911445648e-24,0.039999993481643514,0.00035591481250885136,0.9596440917058477,25,30,20
31,4308,8.464643405009551e-24,0.0399999934826318,0.0005524229083767443,0.9594475836089916,25,30,20
31,4309,3.086407484535012e-19,0.03947981750339582,0.018429020316344597,0.9420911621802596,25,30,20
31,4310,1.7685340586579325e-25,0.039479817471852065,0.0007163207705526523,0.9598038617575952,25,30,20
31,4311,4.818753163418418e-22,0.03999978181883354,1.867270656125883e-05,0.959981545474605,25,30,20
31,4312,4.987671528373232e-22,0.03999978181883354,1.0899394488067377e-05,0.9599893187866784,25,30,20
31,4313,9.782857053721446e-22,0.0399999963269436,0.00016487058401807857,0.9598351330890386,25,30,20
31,4314,4.81696355335792e-22,0.039999790702083905,1.3594906646263749e-05,0.9599866143912701,25,30,20
31,4315,7.4624079379524e-27,0.039999790702083905,1.341517278369315e-05,0.9599867941251324,25,30,20
31,4316,1.2870285055367565e-23,0.03981898118600538,0.0001874331169109633,0.9599935856970836,25,30,20
31,4317,6.652521350112027e-26,0.03999999986342658,1.0651005478326384e-05,0.9599893491310949,25,30,20
31,4318,2.1140278285915966e-25,0.039999999863426894,0.0004650066275536283,0.9595349935090195,25,30,20
31,4319,1.7040824778702037e-22,0.03999999986342719,0.0004571339613392037,0.9595428661752337,25,30,20
31,4320,2.1495460757686994e-25,0.039999999868085445,0.04044414551055353,0.9195558546213611,25,30,20
31,4321,2.298587249931353e-21,0.03999999986808542,0.04045127210958522,0.9195487280223295,25,30,20
31,4322,1.2487343706623886e-20,0.039988073519104994,0.04045644139473443,0.9195554850861606,25,30,20
31,4323,2.0911837709772882e-16,0.03998850483485477,0.04090986502931457,0.9191016301358303,25,30,20
31,4324,2.0911903183164222e-16,0.04000042847254704,0.04074055286550712,0.9192590186619455,25,30,20
31,4325,3.7800048374770845e-16,0.03999999998074804,0.03776973172679674,0.9222302682924547,25,30,20
31,4326,1.5451382551213762e-11,0.07186928252121114,0.008707499997331577,0.9194232174660061,25,30,20
31,4327,1.5451382551202382e-11,0.07186928252121082,0.008711297376613721,0.919419420086724,25,30,20
31,4328,1.5451382551402117e-11,0.07186024934740912,0.008300781473485834,0.9198389691636535,25,30,20
31,4329,1.545138255140215e-11,0.07186024934740881,0.008143810598627448,0.9199959400385125,25,30,20
31,4330,1.5451403840456995e-11,0.07186024934742022,0.03128114379232223,0.896858606844806,25,30,20
31,4331,1.5451403840257124e-11,0.07186943863214099,0.03127245514531278,0.8968581062070946,25,30,20
31,4332,1.545138255119416e-11,0.0718694386321299,0.01700884395665705,0.9111217173957616,25,30,20
31,4333,1.1930952848759184e-20,0.041813261676702955,0.054296005399815606,0.9038907329234814,25,30,20
31,4334,1.1458590510752002e-16,0.04000066381577749,0.04724357324464551,0.9127557629395766,25,30,20
31,4335,3.0922818290296295e-16,0.04205944077953116,0.03858336437854049,0.919357194841928,25,30,20
31,4336,3.0922799603147943e-16,0.04205944819750321,0.03815782905234008,0.9197827227501566,25,30,20
31,4337,6.708903613932552e-19,0.04000022281382787,0.04000269313872498,0.9199970840474472,25,30,20
31,4338,6.712322092859925e-19,0.03999097878174331,0.0403988064083494,0.9196102148099073,25,30,20
31,4339,1.4351253094159098e-21,0.039990755886235185,0.040354567779554346,0.9196546763342106,25,30,20
31,4340,1.2663998213141805e-21,0.03999983773693914,0.04054027955184367,0.9194598827112174,25,30,20
31,4341,2.0109209517665548e-18,0.03999983773693884,0.04000303153693121,0.9199971307261302,25,30,20
31,4342,2.0383622068884367e-18,0.03999999632721578,0.04001053238490484,0.9199894712878794,25,30,20
31,4343,1.704539771861403e-22,0.07999978785479246,5.118132195787988e-07,0.9199997003319881,25,30,20
31,4344,1.705173568274224e-22,0.0799905936930319,2.0401846269615494e-05,0.9199890044606985,25,30,20
31,4345,6.903743720903032e-24,0.07999964988061395,0.03768230200861833,0.8823180481107675,25,30,20
31,4346,1.7352595816311518e-22,0.07999075227659079,0.037691981724022,0.882317265999387,25,30,20
31,4347,8.886283008297726e-17,0.07999075151613776,0.0001720168277107769,0.9198372316561515,25,30,20
31,4348,8.883538514105543e-17,0.07999075151627358,0.0001954121269530932,0.9198138363567732,25,30,20
31,4349,9.721556361225194e-21,0.07933119253102414,0.0008312577247559052,0.9198375497442197,25,30,20
31,4350,8.606401179644674e-24,0.0799999255358111,1.0507683082576383e-05,0.9199895667811062,25,30,20
31,4351,4.7836296952553e-25,0.07977446839839857,0.000390260913120387,0.9198352706884811,25,30,20
31,4352,1.0471791285977615e-21,0.07977019048778713,0.0002436524966144217,0.9199861570155984,25,30,20
31,4353,4.771353246645701e-22,0.07977446482682633,0.0006251767774514401,0.9196003583957223,25,30,20
31,4354,5.505696367760749e-19,0.07999999624440138,0.00019901845813039083,0.9198009852974685,25,30,20
31,4355,5.508892845406556e-19,0.07999075586894155,0.00022777777646831626,0.9197814663545901,25,30,20
31,4356,5.506078033319508e-19,0.07999061228421732,0.00022386914413795062,0.9197855185716448,25,30,20
31,4357,1.8444823428403618e-23,0.07947567037238618,0.0005356469256740058,0.9199886827019397,25,30,20
31,4358,1.8551167617962878e-23,0.07947567037238616,0.0005250481364456393,0.9199992814911682,25,30,20
31,4359,1.5236762249291323e-22,0.0794756758426923,0.00777530421427579,0.9127490199430318,25,30,20
31,4360,3.1407929058649266e-24,0.07999999890132856,2.5296953094053627e-05,0.9199747041455776,25,30,20
31,4361,1.818346787098127e-22,0.07999999626125741,1.773646665442301e-05,0.9199822672720882,25,30,20
31,4362,2.761866850576318e-20,0.07999999626127482,0.0005935244922839191,0.9194064792464413,25,30,20
31,4363,2.761852138423145e-20,0.06421765971523154,0.01579684348531354,0.919985496799455,25,30,20
31,4364,2.78300788025371e-20,0.07999964859612753,1.3944401679599134e-05,0.9199864070021927,25,30,20
31,4365,8.964522957655043e-24,0.07999992725706746,1.8758407983085086e-05,0.9199813143349492,25,30,20
31,4366,8.866091125781574e-24,0.07999992725706746,0.00044712190262034476,0.9195529508403121,25,30,20
31,4367,1.7816930038540032e-22,0.07999992725708484,0.0006088837211016855,0.9193911890218134,25,30,20
31,4368,4.819186616511667e-22,0.07999992725706777,2.8715547149275366e-05,0.9199713571957829,25,30,20
31,4369,6.548991978228024e-22,0.07999983406300111,0.00016922524142567557,0.9198309406955733,25,30,20
31,4370,6.54950091078958e-22,0.07999999710106591,0.00017710535054738102,0.9198228975483871,25,30,20
31,4371,4.844952056781732e-22,0.0799999971010656,0.0001628867728894235,0.9198371161260451,25,30,20
31,4372,4.902914251430087e-22,0.07999992771853803,0.008764105137997297,0.9112359671434647,25,30,20
31,4373,8.708641494914857e-24,0.0799999970665823,1.4166100399672823e-05,0.919985836833018,25,30,20
31,4374,6.411684665065499e-26,0.07999999580054545,1.3450585961163907e-07,0.9199998696935949,25,30,20
31,4375,3.5777189226067315e-25,0.07999999738360924,6.877954761990696e-07,0.9199993148209145,25,30,20
31,4376,1.5645446454524186e-18,0.07999999738360958,3.666045652054999e-06,0.9199963365707383,25,30,20
31,4377,1.565293835080595e-18,0.07976673985102672,0.0003963301163986572,0.9198369300325747,25,30,20
31,4378,4.968065191392807e-22,0.07931809493259898,0.0008378306477107079,0.9198440744196903,25,30,20
31,4379,2.59249588071212e-25,0.0799907558823405,2.6916150663065284e-05,0.9199823279669964,25,30,20
31,4380,1.6954586873098697e-22,0.07999976552077712,0.00020899231725241305,0.9197912421619705,25,30,20
31,4381,1.1593224934801323e-20,0.0799997581789744,0.03788833628879826,0.8821119055322274,25,30,20
31,4382,4.678801836649327e-23,0.07999982953910574,0.03770951425146634,0.8822906562094279,25,30,20
31,4383,2.2833612094855606e-22,0.07999982953912294,0.038262415016875675,0.8817377554440016,25,30,20
31,4384,9.750944499367435e-19,0.07999979052237216,0.039788191279450456,0.8802120181981772,25,30,20
31,4385,9.166295893846058e-22,0.10997709863848573,0.01060244728572281,0.8794204540757916,25,30,20
31,4386,2.744833475182047e-20,0.11999075178552175,0.0001689305580250202,0.8798403176564534,25,30,20
31,4387,2.6169857877375242e-25,0.11999976261054143,0.00014976498646217064,0.8798504724029965,25,30,20
31,4388,9.70167717496941e-21,0.11999959946671318,3.007886459848362e-05,0.8799703216686885,25,30,20
31,4389,1.8321325930784132e-20,0.10999627299736937,0.010047177329326933,0.8799565496733038,25,30,20
31,4390,2.0029158726254623e-22,0.1195855565063183,0.00043173757243389707,0.8799827059212477,25,30,20
31,4391,2.6073366903773336e-25,0.11947960686518659,0.0005343223190639326,0.8799860708157494,25,30,20
31,4392,1.7027360289985047e-22,0.11998807234990785,2.5860600716383768e-05,0.8799860670493759,25,30,20
31,4393,1.5697815845717008e-25,0.11998806970982694,2.9616012280166127e-05,0.879982314277893,25,30,20
31,4394,3.77396532875087e-24,0.11981883307065272,0.0001913559212526453,0.8799898110080947,25,30,20
31,4395,1.1702547366311638e-23,0.11980973708512989,0.00022050512183320156,0.8799697577930371,25,30,20
31,4396,1.8582821768622326e-23,0.1198097370631594,0.037160771264220724,0.8430294916726198,25,30,20
31,4397,6.455344802012773e-10,0.11999049062902394,0.04001757864442259,0.839991930081019,25,30,20
31,4398,6.455344802012804e-10,0.1199999906314388,0.04001980620625284,0.8399802025167741,25,30,20
31,4399,0.036322876293893996,0.1199968061246763,0.0036912926089127467,0.8399890249725172,25,30,20
31,4400,0.03980266583983017,0.11999967630832475,0.00020051299054712788,0.839997144861298,25,30,20
31,4401,0.03980266583983017,0.1199999225002035,0.00021866273285098595,0.8399787489271153,25,30,20
31,4402,0.03980266583983017,0.1199999950082779,0.00020030911693685684,0.8399970300349553,25,30,20
31,4403,0.03980266583983017,0.11999160455930301,0.00041102604630274613,0.8397947035545644,25,30,20
31,4404,0.03980266583983017,0.11998379679375727,0.00021758688429885653,0.8399959504821137,25,30,20
31,4405,0.00010032504156119126,0.1199929774647435,0.040069193882830555,0.8398375036108646,25,30,20
31,4406,5.2795887352263465e-08,0.11999254157597473,0.04016446567455893,0.8398429399535788,25,30,20
31,4407,5.279588735226347e-08,0.11998807869783701,0.040223535376208375,0.8397883331300673,25,30,20
31,4408,5.280733461037067e-08,0.0800000054499037,0.08001006777931671,0.839989873963445,25,30,20
31,4409,1.8388554538026709e-09,0.08000043426337575,0.08046191580820634,0.8395376480895625,25,30,20
31,4410,2.1343505871973683e-06,0.08000043426450903,0.08001956955118442,0.8399778618337195,25,30,20
31,4411,2.1343505871973683e-06,0.08000063791222552,0.08763533576850965,0.8323618919686778,25,30,20
31,4412,6.56848554673217e-10,0.08000048221744693,0.0806487967941584,0.8393507203315461,25,30,20
31,4413,6.568485546732052e-10,0.08000043504439854,0.08000357368552487,0.8399959906132283,25,30,20
31,4414,6.568486653461377e-10,0.06997787495115712,0.0900284832151499,0.8399936411768445,25,30,20
31,4415,2.0986699311975588e-06,0.06997788665825484,0.09018231345921066,0.8398377012126033,25,30,20
31,4416,0.03933604377545297,0.07933136872735816,0.04169987624234526,0.8396327112548437,25,30,20
31,4417,0.03933604377545297,0.041867876330639896,0.07972573046885997,0.839070349425047,25,30,20
31,4418,0.039336043775888736,0.0397673995508951,0.0779205598930453,0.8429759967801705,25,30,20
31,4419,0.039336043776812026,0.03933142964234916,0.08133060231886544,0.8400019242619732,25,30,20
31,4420,0.03933604377545591,0.040035129875510646,0.08062689571037103,0.8400019306386622,25,30,20
31,4421,0.039336043775452974,0.03999991240283914,0.08066894047628402,0.8399951033454235,25,30,20
31,4422,3.976249598208775e-13,0.03999988387049315,0.12001394218583218,0.8399861739432768,25,30,20
31,4423,3.976249491077134e-13,0.04004912329682455,0.13199491818922535,0.8279559585135526,25,30,20
31,4424,1.3787943885039551e-14,0.039999787557354755,0.13203455183379534,0.827965660608836,25,30,20
31,4425,5.736968495179075e-06,0.04000064648899438,0.1199941086381884,0.8399995079043221,25,30,20
31,4426,5.73696850171243e-06,0.04000064648947825,0.1342860570855951,0.8257075594564249,25,30,20
31,4427,5.736968503500827e-06,0.040000697254751146,0.12020988509427513,0.8397836806824706,25,30,20
31,4428,6.771679217858125e-15,0.04000069709119597,0.12000341542033922,0.839995887488458,25,30,20
31,4429,2.9270837954711757e-11,0.040019425509398354,0.11999926768657554,0.8399813067747552,25,30,20
31,4430,0.0026192417317414114,0.04000665549806963,0.1170560329761752,0.8403180697940138,25,30,20
31,4431,4.176563738063529e-09,0.040007546161537136,0.12019466873489318,0.8397977809270061,25,30,20
31,4432,9.800648708489359e-08,0.041075674477030456,0.11818652383498486,0.8407377036814974,25,30,20
31,4433,0.0001179241572701073,0.040000340289174735,0.11988484179188504,0.8399968937616699,25,30,20
31,4434,2.271508572973599e-05,0.04000034180463707,0.12017153168991282,0.8398054114197202,25,30,20
31,4435,0.008169631981884336,0.039992067560242685,0.11183858919752886,0.8399997112603438,25,30,20
31,4436,0.008169563421117423,0.04000044785184933,0.1118335527518125,0.8399964359752208,25,30,20
31,4437,0.008169563441883618,0.039999790903985186,0.11198267915455723,0.839847966499574,25,30,20
31,4438,0.008169563421117422,0.04000061721067114,0.10948277770807585,0.8423470416601355,25,30,20
31,4439,9.106066722940332e-08,0.03999999917679898,0.12078022180627032,0.8392196879562637,25,30,20
31,4440,0.025602554395508542,0.04000446744284151,0.09498006669560204,0.8394129114660481,25,30,20
31,4441,0.037235999313927674,0.03999654121900122,0.08279818665460603,0.839969272812465,25,30,20
31,4442,0.00016832804388270073,0.039999924944454694,0.12034075767543642,0.8394909893362261,25,30,20
31,4443,0.00019717098083089793,0.03976674463443016,0.12015392372582849,0.8398821606589105,25,30,20
31,4444,0.00011746555658712294,0.039996657479839014,0.08045926879350654,0.879426608170067,25,30,20
31,4445,2.1406277145537395e-09,0.03999630922880844,0.08001828152379732,0.8799854071067663,25,30,20
31,4446,4.805014576709634e-13,0.04000001523769395,0.08019944525470095,0.8798005395071246,25,30,20
31,4447,3.8701539973412014e-11,0.040000862169218596,0.08000329643121701,0.8799958413608628,25,30,20
31,4448,8.845242704990536e-15,0.04000156519966546,0.07999890488494955,0.879999529915376,25,30,20
31,4449,1.8379778802049774e-18,0.039999886241707694,0.08000318257198799,0.8799969311863042,25,30,20
31,4450,1.2485842019346102e-19,0.04000083272533378,0.08057303759391819,0.879426129680748,25,30,20
31,4451,7.468103086208627e-18,0.07999976541301973,0.040728376223513246,0.8792718583634671,25,30,20
31,4452,2.5946023658122617e-18,0.0799907848417357,0.040019045543528274,0.879990169614736,25,30,20
31,4453,3.533748857360303e-21,0.07976739749858612,0.040242261021096425,0.8799903414803174,25,30,20
31,4454,3.0437604181089973e-21,0.07998877401178828,0.040014417385312404,0.8799968086028991,25,30,20
31,4455,7.334036110282288e-18,0.079987926379467,0.05561885071722839,0.8643932229033046,25,30,20
31,4456,7.338716392395066e-18,0.06284380891125148,0.07276594067129287,0.8643902504174557,25,30,20
31,4457,1.3133535580761477e-12,0.06284465703490856,0.05715876152825097,0.879996581435527,25,30,20
31,4458,1.3133535585578663e-12,0.08000084431097845,0.04020370046803205,0.8797954552196763,25,30,20
31,4459,2.640071479949744e-12,0.0800000104346427,0.04000556310670746,0.8799944264560098,25,30,20
31,4460,1.7896343475302802e-22,0.08000001046348448,0.040010273989161405,0.879989715547354,25,30,20
31,4461,2.469574651016666e-07,0.07176896564227064,0.04842133948760131,0.8798094479126628,25,30,20
31,4462,2.328744430008148e-21,0.07176813449813657,0.04840432237742775,0.8798275431244356,25,30,20
31,4463,2.398280211335366e-14,0.07999768752692549,0.040167580341795316,0.8798347321312554,25,30,20
31,4464,2.7234081990223218e-18,0.0400367969563371,0.08048162937176269,0.8794815736719002,25,30,20
31,4465,7.418603375781797e-11,0.04000001076720263,0.08060575902795489,0.8793942301306559,25,30,20
31,4466,2.356758897192638e-21,0.0399998971643664,0.08017978942655452,0.879820313409079,25,30,20
31,4467,7.467643985825983e-18,0.03999964022894696,0.08000366807573946,0.8799966916953135,25,30,20
31,4468,5.09553607481525e-15,0.039331354821042594,0.1190734316853263,0.8415952134936259,25,30,20
31,4469,1.7084483230237114e-16,0.04000000589629202,0.11767804002267095,0.8423219540810369,25,30,20
31,4470,4.872222970903424e-13,0.04003676257364356,0.11764102270833102,0.8423222147175384,25,30,20
31,4471,5.110410027439633e-12,0.04000069526880149,0.12000128122012,0.839998023505968,25,30,20
31,4472,4.637923361973544e-12,0.0400006943396036,0.11999344884500926,0.8400058568107489,25,30,20
31,4473,4.636451842641619e-12,0.08003806541558843,0.07995556400079436,0.8400063705789804,25,30,20
31,4474,3.721765435968763e-13,0.08000066813888605,0.08000347296704635,0.8399958588936951,25,30,20
31,4475,3.7217712428230363e-13,0.08000066815495002,0.08057076676187727,0.8394285650828007,25,30,20
31,4476,3.772590156124178e-13,0.08000050598294564,0.08001393744586945,0.8399855565708078,25,30,20
31,4477,1.744953271609329e-18,0.07999992782736413,0.08002104983533079,0.8399790223373053,25,30,20
31,4478,6.535334220435954e-15,0.07999076524840064,0.08003441952581099,0.839974815225782,25,30,20
31,4479,2.047942919560451e-18,0.07999075624790236,0.08002003223187729,0.8399892115202201,25,30,20
31,4480,2.022994753441209e-18,0.07999075328755119,0.08041134609952313,0.8395979006129255,25,30,20
31,4481,1.0409668100869704e-18,0.07999999942682282,0.08015527696222863,0.8398447236109486,25,30,20
31,4482,1.0443122303594537e-11,0.08000000233060892,0.0800001631014844,0.8399998345574636,25,30,20
31,4483,1.0443126981982533e-11,0.0800005584272433,0.0799990659120135,0.8400003756503003,25,30,20
31,4484,1.0443123308796767e-11,0.07999990169283791,0.08000267804119816,0.8399974202555208,25,30,20
31,4485,1.0443121397995088e-11,0.07999989017109244,0.08001358415806617,0.8399865256603982,25,30,20
31,4486,1.3507518184047068e-19,0.07999989027210594,0.0804498649666523,0.8395502447612418,25,30,20
31,4487,4.760417413423899e-15,0.08000965823879447,0.08059533246020134,0.8393950093009994,25,30,20
31,4488,8.439986749261838e-15,0.08044254781641545,0.07957586870312622,0.8399815834804498,25,30,20
31,4489,0.002781083179588585,0.08000981665563454,0.07722093055104158,0.8399881696137352,25,30,20
31,4490,2.8108127571022017e-08,0.08001086925438297,0.07704061419109537,0.8429484884463944,25,30,20
31,4491,1.0632968348037016e-07,0.07999992762742365,0.07703927224271291,0.8429606938001801,25,30,20
31,4492,0.007950894360074411,0.08004904524411889,0.07198307600768597,0.8400169843881207,25,30,20
31,4493,0.007950894360074411,0.07986809885449433,0.07236587195743113,0.8398151348280001,25,30,20
31,4494,0.007950894360074411,0.07999983773638426,0.0720212548710254,0.8400280130325157,25,30,20
31,4495,0.007950894360074411,0.07999983494242162,0.07217580123218438,0.8398734694653194,25,30,20
31,4496,0.007950894360074411,0.0799999252348417,0.07218866994189863,0.8398605104631852,25,30,20
31,4497,2.9418819683216286e-13,0.07999978658732682,0.08016698634408514,0.839833227068294,25,30,20
31,4498,1.8185615475153967e-14,0.07999978679096893,0.07996896838644596,0.8400312448225669,25,30,20
31,4499,1.8259514719515748e-14,0.08000000451355074,0.07854592552645247,0.8414540699599784,25,30,20
31,4500,1.8558696988020115e-14,0.07999661438163744,0.08006262337877637,0.8399407622395679,25,30,20
31,4501,3.731690528256066e-16,0.07999603465270783,0.048974753424743944,0.8710292119225481,25,30,20
31,4502,8.350708357739231e-20,0.05979452001401363,0.05914493815117517,0.8810605418348113,25,30,20
31,4503,8.351690820039601e-20,0.06031432733528136,0.05923062241121182,0.8804550502535068,25,30,20
31,4504,2.5945292198902307e-18,0.060314327335281394,0.06091157272648047,0.8787740999382382,25,30,20
31,4505,7.514838463705715e-24,0.07999999505773259,0.04097027871618576,0.8790297262260816,25,30,20
31,4506,1.1620317792579696e-11,0.07999999503544425,0.012055634311929155,0.9079443706410063,25,30,20
31,4507,1.1620317792576763e-11,0.07999983775970639,0.012823294692190835,0.9071768675364825,25,30,20
31,4508,1.1620317792576565e-11,0.07999075231631543,0.012066578544684528,0.9079426691273796,25,30,20
31,4509,1.1428224315132648e-23,0.0797667439855862,0.00042589916144376085,0.9198073568529699,25,30,20
31,4510,4.845243124775695e-22,0.07999999703834276,0.00019323235914237748,0.9198067706025148,25,30,20
31,4511,6.511019373335407e-22,0.07999978411961566,0.00020340397580531606,0.9197968119045791,25,30,20
31,4512,2.79557930390904e-20,0.07999999897592662,0.00041581881257962304,0.9195841822114936,25,30,20
31,4513,5.082201205067093e-15,0.07999999891963235,0.00020701306969592807,0.9197929880106668,25,30,20
31,4514,5.08220120496823e-15,0.07999999999593489,0.00020709079425518636,0.9197929092098049,25,30,20
31,4515,3.0142642878344064e-25,0.07998806852752034,3.0221236603255086e-05,0.9199817102358763,25,30,20
31,4516,3.086034112740573e-25,0.041867802141341066,0.03814279525445692,0.919989402604202,25,30,20
31,4517,8.652817699604356e-25,0.03933135480842024,0.040611147904249446,0.9200574972873301,25,30,20
31,4518,1.0305576946599325e-24,0.03933135480845122,0.04969295087683971,0.9109756943147092,25,30,20
31,4519,1.5286909918544049e-21,0.040000000130726826,0.04921752886400137,0.9107824710052717,25,30,20
31,4520,2.4861304885939237e-06,0.04000000262103037,0.040196786944031976,0.9198007243044486,25,30,20
31,4521,2.4861304885939237e-06,0.04000000262104779,0.04021708577962712,0.9197804254688363,25,30,20
31,4522,2.4861304885939334e-06,0.04000000262103069,0.07996900066805358,0.8800285105804267,25,30,20
31,4523,2.486130488595488e-06,0.03999985213549379,0.08001293975523735,0.8799847219787799,25,30,20
31,4524,1.3123470438122842e-12,0.039995898714366485,0.07761496079809758,0.8823891404862233,25,30,20
31,4525,1.1462311685202789e-16,0.04004825522131721,0.07995241129920352,0.879999333479479,25,30,20
31,4526,1.1458662665952414e-16,0.040001365857836285,0.08000240330959686,0.8799962308325666,25,30,20
31,4527,1.0501629747830907e-16,0.04198939821132195,0.07801073084764823,0.8799998709410299,25,30,20
31,4528,7.60753438384961e-11,0.04198870911306764,0.07801052842661235,0.8800007623842447,25,30,20
31,4529,7.607524093403678e-11,0.039999864375902486,0.08000542690326977,0.8799947086447526,25,30,20
31,4530,5.727505885872302e-17,0.040019745902228065,0.0799902251609969,0.8799900289367748,25,30,20
31,4531,5.728306792527777e-17,0.04001888347100293,0.04746141876874357,0.9125196977602534,25,30,20
31,4532,8.32620215100098e-21,0.0400188810143871,0.0470329789185648,0.9129481400670479,25,30,20
31,4533,4.2583180380294656e-19,0.06421368420654795,0.01578968124328707,0.9199966345501649,25,30,20
31,4534,3.9361217917270368e-19,0.06421771568362498,0.015800919530727514,0.9199813647856476,25,30,20
31,4535,2.0876474667315786e-22,0.07947961029844068,0.0005344530668640635,0.9199859366346953,25,30,20
31,4536,8.609571290351245e-24,0.07999993751289854,1.397114240166291e-05,0.9199860913447,25,30,20
31,4537,5.531491644998959e-19,0.07999999701644034,6.526821442849159e-07,0.9199993503014154,25,30,20
31,4538,5.135985615746297e-25,0.0663957666200535,0.013608459593617214,0.9199957737863295,25,30,20
31,4539,5.4022346351509465e-18,0.041879136147508635,0.04699903315873624,0.9111218306937553,25,30,20
31,4540,5.3923979828038855e-18,0.042060154810216764,0.03795025716091121,0.919989588028872,25,30,20
31,4541,2.0195682696782336e-18,0.03999999630859461,0.04001943406505037,0.9199805696263552,25,30,20
31,4542,2.0093827886374224e-18,0.039988073517443226,0.04002211050516173,0.9199898159773952,25,30,20
31,4543,2.0093828943600675e-18,0.03998807351744323,0.04002233871987465,0.9199895877626822,25,30,20
31,4544,2.0093912486043343e-18,0.039988073517442935,0.04045909242453995,0.9195528340580169,25,30,20
31,4545,2.009385876967988e-18,0.039988073517443226,0.04003295917716679,0.91997896730539,25,30,20
31,4546,2.0093855499475984e-18,0.039999787859882896,0.0776926092615145,0.8823076028786025,25,30,20
31,4547,5.859571011734284e-10,0.03999978786166575,0.0792161449449764,0.8807840666074007,25,30,20
31,4548,1.137296754956541e-09,0.040035837613834654,0.08036685137561016,0.8795973098732586,25,30,20
31,4549,3.159786227451656e-17,0.04003741183122518,0.08038547504004638,0.8795771131287282,25,30,20
31,4550,9.294839803823835e-12,0.04003394851741803,0.0811383228633127,0.8788277286099744,25,30,20
31,4551,1.2095716960745925e-07,0.04001319574254237,0.0801447395301419,0.879841943770146,25,30,20
31,4552,6.959587077095839e-08,0.04001324283314214,0.08014131367569607,0.8798453738952909,25,30,20
31,4553,5.920284634557814e-05,0.04000019107025917,0.07995067730736918,0.8799899287760258,25,30,20
31,4554,9.899308037258673e-10,0.039999927851675894,0.0800070914464853,0.8799929797119078,25,30,20
31,4555,4.193779941659283e-06,0.04000244344736717,0.07999610000277729,0.8799972627699136,25,30,20
31,4556,4.2295008973073214e-06,0.040011144650032957,0.0799877369422898,0.8799968889067799,25,30,20
31,4557,1.0722824065536385e-09,0.04051080051999076,0.0795001651721505,0.8799890332355763,25,30,20
31,4558,0.00012027945358711389,0.040000003401389005,0.08027942191839589,0.8796002952266276,25,30,20
31,4559,1.8239007648733445e-09,0.03999992773786272,0.07995618419612231,0.8800438862421143,25,30,20
31,4560,0.005654464452067185,0.03999993311194665,0.07431017224373175,0.8800354301922546,25,30,20
31,4561,5.637274437895469e-11,0.03999992792933287,0.07761519206837411,0.8823848799459202,25,30,20
31,4562,6.522455489290194e-10,0.0399999497745564,0.08002031048002496,0.8799797390931726,25,30,20
31,4563,1.2872821953014791e-14,0.039999949777544216,0.08001969732153796,0.8799803529009048,25,30,20
31,4564,8.587810260700312e-08,0.03999077264097042,0.04804342033852953,0.9119657211423974,25,30,20
31,4565,1.7852872041328916e-14,0.03999589549773515,0.04061668589192098,0.9193874186103261,25,30,20
31,4566,6.741742330223821e-18,0.04260418359336633,0.03813277598573887,0.9192630404208948,25,30,20
31,4567,6.741916104254606e-18,0.042592257141651955,0.03742646064215777,0.9199812822161904,25,30,20
31,4568,6.741742724623103e-18,0.042603974386715864,0.03739657957147565,0.9199994460418085,25,30,20
31,4569,2.0952124029540926e-21,0.039999997157300855,0.036968638387265614,0.9230313644554334,25,30,20
31,4570,2.0896989311304496e-21,0.039999999938991046,0.036970681653727036,0.9230293184072818,25,30,20
31,4571,2.4715892209681706e-21,0.03999973473890644,0.04002729458582799,0.9199729706752656,25,30,20
31,4572,7.339113894123154e-18,0.03999978725080735,0.04002065824342881,0.9199795545057637,25,30,20
31,4573,7.338741050620248e-18,0.03999978785625107,0.04001214196772093,0.9199880701760277,25,30,20
31,4574,4.207713598710086e-16,0.03999999266083572,0.04001456126613309,0.9199854460730308,25,30,20
31,4575,4.2077135981447114e-16,0.03933135481412736,0.040888784054779616,0.9197798611310926,25,30,20
31,4576,4.207708816589763e-16,0.03999994036394865,0.04000849929785272,0.9199915603381983,25,30,20
31,4577,3.576668927782847e-21,0.03999995785220722,0.0399506338305688,0.9200494083172238,25,30,20
31,4578,3.585214869414798e-21,0.03999995785220723,0.039950491163001395,0.9200495509847915,25,30,20
31,4579,4.18306793208378e-16,0.03999976583773106,0.04000062938529157,0.919999604776977,25,30,20
31,4580,9.160790592898047e-13,0.0418893025567311,0.03589254224362287,0.9222181551987297,25,30,20
31,4581,5.039865029519103e-27,0.039479821167919156,0.0005281256195401806,0.9599920532125408,25,30,20
31,4582,5.969717993943611e-26,0.039999999877918795,5.627484184801051e-06,0.9599943726378961,25,30,20
31,4583,5.884051458472192e-26,0.03999999628473474,3.114826519427082e-05,0.9599688554500709,25,30,20
31,4584,1.7716979752455867e-25,0.03999999627228744,2.303776147144153e-05,0.959976965966241,25,30,20
31,4585,5.693019308699266e-25,0.039999996272270015,1.722350777838774e-05,0.9599827802199518,25,30,20
31,4586,5.0066572301912e-25,0.03999680998541628,1.679648918805606e-05,0.9599863935253957,25,30,20
31,4587,8.749594207830247e-24,0.03999680998640935,1.7885127145672313e-05,0.9599853048864451,25,30,20
31,4588,8.746804821710738e-24,0.039996809985416285,0.00015792185211444806,0.9598452681624692,25,30,20
31,4589,2.0478813033419444e-23,0.039996809985416285,0.00030684790467451614,0.9596963421099092,25,30,20
31,4590,2.3112449485127416e-25,0.03999075592839969,9.76729531467235e-06,0.9599994767762858,25,30,20
31,4591,9.666667054987136e-21,0.03999075592839971,0.00020216412461919085,0.9598070799469812,25,30,20
31,4592,3.7104730813743594e-20,0.03999075592840031,0.0002252351942601101,0.9597840088773395,25,30,20
31,4593,1.1674739251734848e-23,0.03999075592840001,1.9241498520140635e-05,0.9599900025730796,25,30,20
31,4594,1.1620704283399083e-23,0.0399907559284,9.760414984744215e-06,0.9599994836566152,25,30,20
31,4595,3.511134717478827e-24,0.039999924113073605,7.965098699025938e-06,0.9599921107882275,25,30,20
31,4596,8.507842331016556e-24,0.0399999999344347,0.00015734259300043262,0.9598426574725651,25,30,20
31,4597,1.67830579240351e-25,0.039999999934434705,1.3368633891212564e-05,0.9599866314316741,25,30,20
31,4598,1.703062815817479e-22,0.039999998682833764,6.049139540996961e-07,0.9599993964032123,25,30,20
31,4599,6.408908931018556e-27,0.03999999993382866,1.1712835110421502e-05,0.9599882872310608,25,30,20
31,4600,2.0318904377940625e-25,0.03999999993382897,0.000571346539769942,0.9594286535264012,25,30,20
31,4601,3.28412771709698e-24,0.039999997105177106,0.00796377509285644,0.9520362278019664,25,30,20
31,4602,6.133963662057855e-24,0.0399999971051768,2.040225626256778e-05,0.9599796006385607,25,30,20
31,4603,1.0598129479570837e-23,0.03999979070223151,0.01810020497192998,0.9419000043258388,25,30,20
31,4604,5.696145838014038e-26,0.03999999627777159,3.1011480956750636e-06,0.959996902574133,25,30,20
31,4605,6.153035422681292e-26,0.039999996278160886,0.0001989318705874587,0.9598010718512517,25,30,20
31,4606,3.1411006434707793e-24,0.039999996326958144,0.0002154899060761759,0.9597845137669658,25,30,20
31,4607,3.1012921232369e-25,0.039999996326910064,0.00020274865721219698,0.9597972550158776,25,30,20
31,4608,9.132967612908172e-24,0.039479821146652855,0.0006809738836323369,0.959839204969715,25,30,20
31,4609,4.48886396222434e-25,0.03999999993359184,0.00017398647269024393,0.959826013593718,25,30,20
31,4610,1.8182672124025773e-22,0.03999983651992598,4.1697593995268326e-06,0.9599959937206745,25,30,20
31,4611,2.7618652646769187e-20,0.03933135475912189,0.007903889491514464,0.9527647557493637,25,30,20
31,4612,2.7932709977960695e-20,0.039331354759121896,0.0006691672765261705,0.959999477964352,25,30,20
31,4613,1.112471255141947e-25,0.030102980898357043,0.009897774446015858,0.959999244655627,25,30,20
31,4614,8.471725264728972e-24,0.039999999897101526,0.00015513462344124166,0.9598448654794572,25,30,20
31,4615,3.0441512629661902e-24,0.03999999708859453,4.300558324401305e-06,0.9599957023530812,25,30,20
31,4616,6.652468593549074e-26,0.03999999715299867,3.755862185576524e-06,0.9599962469848158,25,30,20
31,4617,5.531227589045354e-19,0.03999992494001067,0.0005771060038097245,0.9594229690561797,25,30,20
31,4618,3.0474909772477042e-24,0.03999999627740091,0.0005710037335006044,0.9594289999890985,25,30,20
31,4619,5.979198170543329e-24,0.03933135480834391,0.0006797529062962475,0.9599888922853598,25,30,20
31,4620,3.152669480798146e-17,0.03999999901610811,2.2463990484606018e-05,0.9599775369934072,25,30,20
31,4621,1.2539190906306672e-23,0.03999983648078025,2.2266370736067974e-05,0.9599778971484838,25,30,20
31,4622,9.304757201551996e-24,0.039999996326910356,0.008657985468718914,0.9513420182043707,25,30,20
31,4623,8.555028515025925e-24,0.03999999632691005,3.957396710283113e-06,0.9599960462763797,25,30,20
31,4624,2.792982814002326e-20,0.039999996326910356,3.68375878931458e-06,0.9599963199143003,25,30,20
31,4625,4.817005454566576e-22,0.039999927784973306,9.003632008051118e-06,0.9599910685830187,25,30,20
31,4626,4.815490262272565e-22,0.03999979070099136,0.00016651032786277984,0.9598336989711459,25,30,20
31,4627,2.7929605201829907e-20,0.03999075594986511,0.00017904182186628107,0.9598302022282688,25,30,20
31,4628,2.7451344183697844e-20,0.039999837786460206,0.0001653607691624311,0.9598348014443774,25,30,20
31,4629,6.131716133800595e-24,0.039999837786460206,4.025828277858445e-06,0.9599961363852618,25,30,20
31,4630,6.034518159414801e-24,0.0398189812564294,0.00018840890309358057,0.959992609840477,25,30,20
31,4631,3.05058969020242e-24,0.031768108888919816,0.008242086235130274,0.9599898048759498,25,30,20
31,4632,1.847303521758178e-22,0.03999983778596999,0.0005752543709793632,0.9594249078430505,25,30,20
31,4633,3.4180040203359554e-23,0.03999983680493353,0.0007512724718184183,0.959248890723248,25,30,20
31,4634,1.7006759984456e-23,0.03999999894594255,0.000747621913549476,0.9592523791405081,25,30,20
31,4635,4.090012268205536e-25,0.039999999934689175,0.0003081314331087744,0.9596918686322021,25,30,20
31,4636,6.242269192585154e-24,0.03999971848778093,9.123589346393743e-07,0.9599993691532847,25,30,20
31,4637,7.060124613929702e-15,0.04234736882159299,0.0357707688075959,0.9218818623708042,25,30,20
31,4638,5.1066945585468894e-12,0.06979117316555578,0.010217230186373967,0.9199915966429636,25,30,20
31,4639,5.07126776538214e-22,0.07999943937399157,2.303343010346716e-05,0.9199775271959048,25,30,20
31,4640,9.898988937963704e-22,0.07999988187777704,0.00048590412350195866,0.9195142139987211,25,30,20
31,4641,1.461578145249138e-21,0.07999999988167564,0.00041242488174675715,0.9195875752365776,25,30,20
31,4642,4.986185223409094e-22,0.0799999998816585,0.007635709438740416,0.9123642906796011,25,30,20
31,4643,9.717748175922407e-22,0.07981897993957507,0.0005779239527249333,0.9196030961077003,25,30,20
31,4644,1.7032036856845387e-22,0.07981897841014103,0.00018136321187268292,0.9199996583779864,25,30,20
31,4645,5.4742296568530965e-25,0.041342767639918926,0.0386573029559605,0.9199999294041206,25,30,20
31,4646,7.336521778475918e-18,0.03999999741919379,0.04015460169375293,0.9198454008870534,25,30,20
31,4647,2.745255490155383e-20,0.03999681025203305,0.04031000401402873,0.9196931857339382,25,30,20
31,4648,4.269174468361998e-23,0.039999999232675755,0.040007077230369024,0.9199929235369553,25,30,20
31,4649,1.4789029382602225e-16,0.039767606751415656,0.040238773404337555,0.9199936198442468,25,30,20
31,4650,1.3400320795676798e-19,0.03981419947795695,0.04019218311071717,0.9199936174113259,25,30,20
31,4651,4.998523485695532e-16,0.0400008402984797,0.040007485343458986,0.9199916743580606,25,30,20
31,4652,1.685620434802139e-13,0.039999995392303554,0.04780787264434782,0.9121921319631798,25,30,20
31,4653,2.3717045117990867e-08,0.039999996336304494,0.04001085713647026,0.91998912281018,25,30,20
31,4654,7.259070139144115e-07,0.039999996310842584,0.04020664768665263,0.9197926300954906,25,30,20
31,4655,1.2767278634036979e-08,0.03999976557254337,0.04000865066204687,0.9199915709981312,25,30,20
31,4656,1.2736931889651122e-08,0.039999765573531035,0.04019963953841189,0.9198005821511253,25,30,20
31,4657,2.626058263018941e-13,0.039999999972884344,0.040016936105132024,0.919983063921721,25,30,20
31,4658,1.5096720360028334e-11,0.039999924939616564,0.04001736596586428,0.9199827090794226,25,30,20
31,4659,0.03722935208221856,0.03999999710793799,0.0031669396113878996,0.9196037111984556,25,30,20
31,4660,0.03720552109891276,0.04000000946095854,0.0028080614581800713,0.9199864079819489,25,30,20
31,4661,5.288038818637321e-06,0.04051677839314967,0.03967977409226634,0.9197981594757654,25,30,20
31,4662,5.288038818637329e-06,0.04051677839316703,0.04671243453586925,0.9127654990321452,25,30,20
31,4663,1.5678749594264794e-07,0.03999999632660517,0.047252836587270114,0.9127470102986288,25,30,20
31,4664,7.34431323077315e-18,0.03999999633126152,0.04724371041617413,0.9127562932525644,25,30,20
31,4665,7.33637142620109e-18,0.0399999999393461,0.040009631368894405,0.9199903686917595,25,30,20
31,4666,4.825770289478333e-11,0.039999999934688904,0.04000327853472641,0.919996721482327,25,30,20
31,4667,5.4102464848002225e-06,0.039999998683198215,0.0399979143987191,0.9199966766715978,25,30,20
31,4668,4.825442203528158e-11,0.03999978785912829,0.04016886130624399,0.919831350786373,25,30,20
31,4669,4.825442203494168e-11,0.039999999937537625,0.040014575323911804,0.9199854246902962,25,30,20
31,4670,4.8254422035103543e-11,0.03999999506402447,0.040000830741979874,0.9199991741457412,25,30,20
31,4671,5.0647424008531664e-11,0.040023861814107733,0.039979502203520874,0.919996635931724,25,30,20
31,4672,3.1067136040320695e-21,0.03999999504840737,0.040003943637709254,0.9199960613138836,25,30,20
31,4673,8.918180481809008e-17,0.03999999504840708,0.0401991844150088,0.9198008205365841,25,30,20
31,4674,3.0268457365088805e-20,0.03999999867224398,0.04016440519072849,0.9198355961370277,25,30,20
31,4675,2.931355707438755e-21,0.039999834945071554,0.04017143498060686,0.9198287300743216,25,30,20
31,4676,2.931333284992866e-21,0.03999999626811546,0.04017214726885729,0.919827856463027,25,30,20
31,4677,3.412878992407554e-21,0.03999999993803693,0.04001711840342245,0.9199828816585408,25,30,20
31,4678,4.804839835358571e-13,0.039995812014214115,0.04000470684496932,0.9199994811403358,25,30,20
31,4679,2.6038243412929832e-20,0.07187727664267655,0.009059982836879284,0.9190627405204442,25,30,20
31,4680,1.7329169649373004e-22,0.06997738017501977,0.010761162329807167,0.9192614574951731,25,30,20
31,4681,2.997303916719922e-24,0.07999999856604846,0.0005847066335489464,0.9194152948004026,25,30,20
31,4682,1.35320860933419e-16,0.07964545115205211,0.0010835504936843202,0.9192709983542638,25,30,20
31,4683,6.731153721155721e-27,0.07999999866277098,7.831258710850498e-07,0.9199992182113581,25,30,20
31,4684,2.343393513524585e-25,0.07999680901686462,0.0001684359834854869,0.9198347549996501,25,30,20
31,4685,5.974657688465331e-24,0.07999999532666306,2.421993807039953e-05,0.9199757847352665,25,30,20
31,4686,2.97142400506277e-28,0.07999983776623304,1.4476441094047653e-05,0.9199856857926728,25,30,20
31,4687,1.5644140802336402e-18,0.0793311925455143,0.0010498504325793154,0.9196189570219064,25,30,20
31,4688,3.430073500678175e-22,0.040711313381928974,0.03965875489306648,0.9196299317250042,25,30,20
31,4689,7.968472705839009e-14,0.0399999998691929,0.04889601771414247,0.911103982416585,25,30,20
31,4690,6.263052576670684e-20,0.03999075593340958,0.04016753832780781,0.9198417057387824,25,30,20
31,4691,4.807939929061991e-22,0.04000065696785116,0.040154021201787626,0.919845321830361,25,30,20
31,4692,1.1175550066354052e-21,0.03999992489370142,0.040160274875029135,0.9198398002312698,25,30,20
31,4693,2.2840239648187308e-20,0.04000059360793153,0.047626123307986074,0.9123732830840824,25,30,20
31,4694,2.2492452108177885e-20,0.03999979068372165,0.007489041032673708,0.9525111682836049,25,30,20
31,4695,2.2674382859052755e-20,0.03999979068372196,0.016365086736537044,0.9436351225797408,25,30,20
31,4696,1.2229012081634267e-23,0.03999999632665619,0.00888530941808167,0.951114694255262,25,30,20
31,4697,3.7832225095839713e-22,0.03981898125531855,0.009075906179934666,0.951105112564747,25,30,20
31,4698,5.258521774511446e-25,0.039818981256297944,0.0003916415866563881,0.9597893771570457,25,30,20
31,4699,3.115191578455328e-25,0.03999588421136685,0.0006506433532802234,0.9593534724353531,25,30,20
31,4700,1.660820616569572e-26,0.039995884210356644,4.358701087535633e-06,0.9599997570885557,25,30,20
31,4701,8.65506117055228e-24,0.039995884210356644,1.2410161182159264e-05,0.9599917056284609,25,30,20
31,4702,8.689045347229941e-24,0.03982497977402473,0.00018310742554227476,0.9599919128004331,25,30,20
31,4703,1.720392273172846e-24,0.03982497977402475,0.0371466418107857,0.9230283784151894,25,30,20
31,4704,1.3062403613483835e-17,0.039331354808616006,0.08066847521590534,0.8800001699754789,25,30,20
31,4705,5.898678242208028e-15,0.0397665918957881,0.08020196234298008,0.8800314457612263,25,30,20
31,4706,3.761060283595349e-20,0.04003807686798247,0.07994174613837783,0.8800201769936397,25,30,20
31,4707,3.5977687686501977e-13,0.040000644085220485,0.08040163890378026,0.8795977170106394,25,30,20
31,4708,2.1109887154244587e-18,0.04206027894471605,0.0872621254049505,0.8706775956503334,25,30,20
31,4709,5.619249933497455e-18,0.042056534564147985,0.08677876809510489,0.8711646973407469,25,30,20
31,4710,5.617033118158161e-18,0.0400339513137589,0.07992246644390855,0.8800435822423323,25,30,20
31,4711,5.6383523928990566e-11,0.040033256618069266,0.08054828637821468,0.8794184569473324,25,30,20
31,4712,5.266618735618987e-13,0.03999589002550827,0.08016125248544588,0.8798428574885188,25,30,20
31,4713,5.266619010070135e-13,0.04000000581285791,0.08000292756134268,0.8799970666252728,25,30,20
31,4714,2.9517143626492914e-13,0.039999953267618335,0.08044680361467771,0.8795532431174089,25,30,20
31,4715,2.952543887107792e-13,0.03999995326406991,0.08000304933009356,0.8799969974055412,25,30,20
31,4716,3.1594738108234114e-06,0.03999994398163023,0.0800106143616198,0.8799862821829391,25,30,20
31,4717,1.8924204094405294e-11,0.039995884210465564,0.07817607122873162,0.8818280445418785,25,30,20
31,4718,0.004491684470090292,0.03999588435642082,0.07357307329407631,0.8819393578794125,25,30,20
31,4719,1.7361978349367202e-11,0.03999999710713638,0.08045443477481266,0.879545568100689,25,30,20
31,4720,1.736197834935871e-11,0.03999999715701109,0.08001196129992444,0.8799880415257024,25,30,20
31,4721,7.041604654694322e-05,0.039999997348160676,0.03993799969575041,0.9199915869095417,25,30,20
31,4722,3.407613636364428e-09,0.040000008842403574,0.040341670877830964,0.919658316872152,25,30,20
31,4723,5.531223734841431e-16,0.04000001165521657,0.04038538416193457,0.9196146041828481,25,30,20
31,4724,5.530947603484919e-16,0.04000001165521625,0.04057016694367964,0.9194298214011034,25,30,20
31,4725,3.585623433234123e-20,0.0399999999313898,0.04030257220986286,0.9196974278587473,25,30,20
31,4726,2.2599631738160146e-23,0.02284380918565717,0.057506336571584084,0.9196498542427587,25,30,20
31,4727,6.628318594707507e-22,0.0398189814629716,0.04035160362261348,0.919829414914415,25,30,20
31,4728,1.919778800142501e-21,0.04000066815697626,0.04001041713587702,0.9199889147071465,25,30,20
31,4729,2.231212114743121e-21,0.040000661752695406,0.04000274042397382,0.9199965978233307,25,30,20
31,4730,2.2310844918977337e-21,0.04000066536106279,0.040002296609112385,0.9199970380298249,25,30,20
31,4731,1.9514390320575402e-23,0.04000001172539397,0.07705911678138311,0.8829408714932228,25,30,20
31,4732,1.2462329237717244e-23,0.03999984853246292,0.0800216457604904,0.8799785057070466,25,30,20
31,4733,2.734757892461297e-20,0.04000001173042949,0.08016477036727407,0.8798352179022965,25,30,20
31,4734,1.808587588451016e-22,0.07998808418172415,0.04002224980731383,0.8799896660109622,25,30,20
31,4735,1.771498950207291e-21,0.07998807247114194,0.040015025966660255,0.879996901562198,25,30,20
31,4736,1.767598542450967e-21,0.0799999970173169,0.04002641051793538,0.8799735924647477,25,30,20
31,4737,1.7646128390392507e-21,0.07999999708832081,0.04002204476545107,0.8799779581462281,25,30,20
31,4738,1.975611392086502e-18,0.08000049185628591,0.040446591693685675,0.8795529164500284,25,30,20
31,4739,1.975591774020929e-18,0.07998856821768296,0.04001113789144903,0.8800002938908682,25,30,20
31,4740,5.014513365192031e-20,0.07999621151196706,0.040210916861913394,0.8797928716261194,25,30,20
31,4741,7.385314895273252e-14,0.08000726462391032,0.03969406560546967,0.8802986697705459,25,30,20
31,4742,7.21853282421878e-14,0.07998807341443498,0.04021704385153269,0.8797948827339601,25,30,20
31,4743,2.370902663856539e-08,0.07998488027333225,0.04022036216261642,0.8797947338550247,25,30,20
31,4744,2.3709026638582016e-08,0.07977441717129324,0.04023294399931456,0.8799926151203655,25,30,20
31,4745,2.3709026638554004e-08,0.08000000037855286,0.040003803116851006,0.8799961727955693,25,30,20
31,4746,3.6399088635334084e-08,0.07999999358139949,0.040007995099079444,0.8799919749204325,25,30,20
31,4747,8.783561677319491e-07,0.07999999358141306,0.04886462720077402,0.8711345008616452,25,30,20
31,4748,3.639908863533408e-08,0.07999998717686438,0.03999981880569951,0.8800001576183476,25,30,20
31,4749,3.6399088635884576e-08,0.07999587785620449,0.04019980809822799,0.8798042776464788,25,30,20
31,4750,5.531648514749246e-19,0.07999588284357881,0.00761416147461904,0.9123899556818018,25,30,20
31,4751,2.7211401473715596e-23,0.07999967551203638,0.007236333921358426,0.9127639905666051,25,30,20
31,4752,1.9572059803060602e-22,0.07999978173565216,0.00022241851005696647,0.919777799754291,25,30,20
31,4753,2.9935702393898877e-24,0.0799880725149992,2.2820772206591956e-05,0.9199891067127942,25,30,20
31,4754,2.744646609522708e-20,0.07947981744686831,0.0005362623651580686,0.9199839201879736,25,30,20
31,4755,4.3358850860215415e-09,0.07947981744694829,0.040519634357111124,0.8800005438600554,25,30,20
31,4756,1.4722943134559842e-15,0.07998806979454054,0.007246203838652983,0.9127657263668051,25,30,20
31,4757,8.504402576272358e-24,0.07999075222839616,1.4865447875433552e-05,0.9199943823237284,25,30,20
31,4758,1.581351258701568e-23,0.07999555968824491,7.362501658641157e-06,0.9199970778100963,25,30,20
31,4759,6.702148479659008e-24,0.07999962840146484,3.6494231697615722e-06,0.9199967221753655,25,30,20
31,4760,3.560895715326813e-24,0.07999958035706406,1.3991786437274622e-05,0.9199864278564988,25,30,20
31,4761,3.615925767852739e-24,0.0799995813392064,1.3642765910689183e-05,0.919986775894883,25,30,20
31,4762,2.7450032301404126e-20,0.07999950551846678,3.5535409175888124e-06,0.9199969409406158,25,30,20
31,4763,5.595366055155245e-25,0.07999664778494865,0.00015825354484803932,0.9198450986702034,25,30,20
31,4764,3.182288131918374e-25,0.07999664778494896,0.00016835899137794487,0.9198349932236729,25,30,20
31,4765,3.3549618497561716e-24,0.07999680999732327,0.000584712366393005,0.9194184776362839,25,30,20
31,4766,4.931954765261402e-22,0.079988073414574,0.0005934717459299201,0.9194184548394962,25,30,20
31,4767,1.2420451293964549e-23,0.07999588131261492,1.7638384982085378e-05,0.9199864803024029,25,30,20
31,4768,8.666353037946579e-24,0.07999983773491202,1.8721722219895558e-05,0.9199814405428681,25,30,20
31,4769,8.563661606885182e-24,0.07999983773479366,0.00015483652349146425,0.9198453257417146,25,30,20
31,4770,2.5995900744811356e-25,0.06997738014329888,0.010025534920030492,0.9199970849366704,25,30,20
31,4771,4.590233850985981e-25,0.0799999961802713,2.852334988788191e-06,0.9199971514847401,25,30,20
31,4772,3.348380355520808e-24,0.07999999984947863,4.439402356330779e-07,0.9199995562102857,25,30,20
31,4773,3.422804962886377e-24,0.07999979058602477,5.890572786410305e-07,0.9199996203566967,25,30,20
31,4774,3.2751117345056282e-24,0.07999962837432277,3.7232564307182544e-06,0.9199966483692466,25,30,20
31,4775,1.8370342687722196e-18,0.07999643565732685,1.191199558752179e-05,0.9199916523470858,25,30,20
31,4776,1.837037680426924e-18,0.07999247845685879,1.4267732258933786e-05,0.9199932538108824,25,30,20
31,4777,1.21202718287443e-22,0.0642177841816161,0.01636307284347893,0.9194191429749047,25,30,20
31,4778,1.2439245572656754e-22,0.06421778492759353,0.01579511003116122,0.9199871050412455,25,30,20
31,4779,1.3425604629802442e-22,0.06420847398698527,0.016245876303312225,0.9195456497097024,25,30,20
31,4780,4.817450276803446e-22,0.07999999160946393,0.00044708868044679694,0.9195529197100895,25,30,20
31,4781,1.705115024073839e-22,0.0799999961425702,0.0004473197324338574,0.919552684124996,25,30,20
31,4782,5.655424299827253e-22,0.0799905907942148,2.0819237577211835e-05,0.919988589968208,25,30,20
31,4783,1.564542441104537e-18,0.07999999697533618,8.704784496105615e-06,0.9199912982401678,25,30,20
31,4784,2.74485737912673e-20,0.07999983389463852,0.00020312643857755736,0.919797039666784,25,30,20
31,4785,2.069417600451278e-25,0.07999075303995941,1.948472180916247e-05,0.9199897622382316,25,30,20
31,4786,2.744950568586184e-20,0.0799907558841997,2.7323866357227107e-05,0.9199819202494433,25,30,20
31,4787,1.1446445029371369e-23,0.07999075588419939,2.5667084236336378e-05,0.9199835770315645,25,30,20
31,4788,5.082858457044096e-15,0.07909809783583832,0.0009128809027089778,0.9199890212614479,25,30,20
31,4789,5.082858627395413e-15,0.07933129597208359,0.0006745793097406331,0.9199941247181708,25,30,20
31,4790,9.884841190474944e-21,0.07933135107228352,0.0006909303168133105,0.9199777186109033,25,30,20
31,4791,1.7906680088535594e-22,0.07998806977750371,0.0006022291751288337,0.9194097010473676,25,30,20
31,4792,4.880633462188549e-25,0.0799880697775037,2.8977157292444925e-05,0.919982953065204,25,30,20
31,4793,4.902871635482232e-22,0.07998807066806243,0.0005861342442772555,0.9194257950876603,25,30,20
31,4794,1.7100276877881234e-23,0.07999999430724093,0.0005775405652332185,0.9194224651275258,25,30,20
31,4795,8.602477174939632e-24,0.07999075310106367,0.00021442774980720092,0.9197948191491294,25,30,20
31,4796,1.4475875452948192e-23,0.07999075310106367,2.022607741191636e-05,0.9199890208215245,25,30,20
31,4797,9.71289072999274e-21,0.06031464579135148,0.01970430827425184,0.9199810459343968,25,30,20
31,4798,9.712774425945932e-21,0.07999999063511053,5.9377489103487155e-06,0.9199940716159793,25,30,20
31,4799,8.919893294107467e-21,0.06927909976698979,0.010736721267740397,0.9199841789652701,25,30,20
31,4800,8.354598498654152e-21,0.06928712133402852,0.010721084071757396,0.9199917945942141,25,30,20
31,4801,8.366336118879367e-21,0.06928712412970253,0.010930114892314427,0.9197827609779832,25,30,20
31,4802,2.7502392605461506e-20,0.07999966244270286,0.00039353734823215574,0.9196068002090649,25,30,20
31,4803,2.748289998334539e-20,0.07999680349330544,0.0008424267152180151,0.9191607697914768,25,30,20
31,4804,4.899739782161718e-22,0.07999664653130342,0.0004022070609563554,0.9196011464077403,25,30,20
31,4805,1.2974840140504337e-23,0.07999988427116014,1.3519564959567658e-05,0.9199865961638803,25,30,20
31,4806,5.976613082725725e-24,0.07999999335309094,1.1015834408407625e-05,0.9199889908125004,25,30,20
31,4807,6.270670035351827e-24,0.0799999909483683,0.00044704094814009893,0.9195529681034915,25,30,20
31,4808,1.2378886566480767e-25,0.07933129516912668,0.0006770842842725216,0.9199916205466007,25,30,20
31,4809,1.704147377173666e-22,0.07933135475753819,0.0006797077275556963,0.9199889375149062,25,30,20
31,4810,1.7272400900906047e-17,0.07933128254453309,0.026004240106762957,0.8946644773487038,25,30,20
31,4811,5.530126276570458e-19,0.07933130064151658,0.0012638677504946704,0.9194048316079889,25,30,20
31,4812,5.530098359875731e-19,0.07933135194547442,0.0006898359322381926,0.9199788121222872,25,30,20
31,4813,8.407989749832471e-24,0.0799999942247455,0.0004444119281101621,0.919555593847144,25,30,20
31,4814,8.600577608756988e-24,0.0799880706497184,1.2698168904378955e-05,0.9199992311813772,25,30,20
31,4815,6.634517034779055e-24,0.07999998974127745,0.00019299753259590294,0.9198070127261266,25,30,20
31,4816,5.734219594360804e-26,0.0799999922144194,4.2751360376192873e-07,0.919999580271977,25,30,20
31,4817,8.50645640182047e-24,0.07999999221441942,1.842963207319087e-05,0.9199815781535076,25,30,20
31,4818,2.0085475653247762e-23,0.07999999221441942,1.087491631099883e-05,0.9199891328692695,25,30,20
31,4819,6.38187471395036e-24,0.07999999625392827,0.00020436048199302798,0.9197956432640789,25,30,20
31,4820,3.445697913277412e-24,0.07999999625392827,0.00021571932093702038,0.9197842844251347,25,30,20
31,4821,3.441773021956523e-24,0.07947982103871434,0.0005391220237268478,0.9199810569375586,25,30,20
31,4822,4.0769789415947156e-25,0.07947976393133172,0.0006953247411687226,0.9198249113274996,25,30,20
31,4823,8.424222191693109e-24,0.0794796589532864,0.0006775103846851018,0.9198428306620283,25,30,20
31,4824,6.235292980956324e-17,0.07999958138524935,0.012040906104629118,0.9079595125101215,25,30,20
31,4825,6.235293816925503e-17,0.07999958138524935,0.01220526452312532,0.9077951540916256,25,30,20
31,4826,3.436345168765188e-24,0.07933114547281392,0.0008495863799081635,0.919819268147278,25,30,20
31,4827,8.723256114649814e-24,0.0799999438439462,0.00017329749887950465,0.9198267586571744,25,30,20
31,4828,1.1408802403364395e-23,0.07998786421681593,0.00017458348088517054,0.919837552302299,25,30,20
31,4829,1.8188862149345918e-23,0.06997717090393601,0.017059157943621096,0.9129636711524428,25,30,20
31,4830,1.1181968973283078e-23,0.0699773765290233,0.010036596905620745,0.9199860265653562,25,30,20
31,4831,2.977688538991606e-24,0.06997738012841076,0.010594156790760484,0.9194284630808289,25,30,20
31,4832,2.8372266008625265e-24,0.06997717085402427,0.010185616024404834,0.919837213121571,25,30,20
31,4833,1.1795776210381893e-23,0.07933114546052247,0.0006697546635458341,0.9199990998759315,25,30,20
31,4834,9.110116814377153e-24,0.07999075129677,1.2444811646578255e-05,0.9199968038915833,25,30,20
31,4835,2.7457295452029216e-20,0.07999075304031927,9.765516186869905e-06,0.9199994814434939,25,30,20
31,4836,1.802247773335032e-22,0.079999989590039,7.548216984963021e-07,0.9199992555882628,25,30,20
31,4837,4.818228043973999e-22,0.07999983186522924,9.516031141146006e-06,0.9199906521036297,25,30,20
31,4838,4.817532093789489e-22,0.07999075588333644,2.0710970646824808e-05,0.9199885331460169,25,30,20
31,4839,1.1956256851458795e-23,0.07999994029348403,0.03804733594728124,0.8819527237592345,25,30,20
31,4840,3.700584064987542e-20,0.07915033602060471,0.0568298228904162,0.8640198410889791,25,30,20
31,4841,3.7002268618319677e-20,0.07933135191813848,0.04066805271236379,0.8800005953694978,25,30,20
31,4842,3.45770824194857e-24,0.07933119257191383,0.000669311521121203,0.9199994959069652,25,30,20
31,4843,9.666469029484233e-22,0.07933119257191383,0.0006694673379674747,0.9199993400901186,25,30,20
31,4844,5.531060243793904e-19,0.07999983493872995,1.1264748707825051e-05,0.9199889003125624,25,30,20
31,4845,6.5604581906307435e-22,0.07999985272323569,0.00020612155811133831,0.919794025718653,25,30,20
31,4846,4.824472252809878e-22,0.07999978776872901,0.00020337106172404074,0.9197968411695467,25,30,20
31,4847,3.680792707406914e-17,0.07976661349961839,0.00039733608512487224,0.9198360504152566,25,30,20
31,4848,3.6807918525332315e-17,0.07976655753243828,0.0002443384763646228,0.919989103991197,25,30,20
31,4849,3.1996441465951108e-24,0.07999059373669501,1.3416169832280358e-05,0.9199959900934728,25,30,20
31,4850,3.311781127628891e-23,0.07999341120966803,1.0441304755044046e-05,0.9199961474855769,25,30,20
31,4851,1.1614904075832801e-23,0.07999983768597713,0.01810188805119137,0.9018982742628313,25,30,20
31,4852,8.597567110998785e-24,0.07999075586696489,1.2861939547306595e-05,0.919996382193488,25,30,20
31,4853,1.221748306052045e-23,0.07999957768153318,1.0734695899532914e-06,0.9199993488488769,25,30,20
31,4854,5.533235878223722e-19,0.0799995776815332,1.1429321835678674e-05,0.9199889929966312,25,30,20
31,4855,1.7690332591415252e-22,0.07999978418305823,1.4200833356132417e-05,0.9199860149835857,25,30,20
31,4856,2.777014927158893e-20,0.06997319061534232,0.010056869173618217,0.9199699402110394,25,30,20
31,4857,1.6232594515284023e-22,0.06997319061633062,0.010433944707677091,0.9195928646759923,25,30,20
31,4858,1.500894058662713e-22,0.06997737569528693,0.01002927076386289,0.9199933535408503,25,30,20
31,4859,9.712247487453733e-21,0.07999983760809855,3.3722033429937485e-06,0.9199967901885584,25,30,20
31,4860,9.703843972238444e-21,0.07999983765601508,3.1479988053548365e-06,0.9199970143451796,25,30,20
31,4861,3.716337288805634e-20,0.07998807351231434,0.0005861614341096156,0.9194257650535761,25,30,20
31,4862,1.1641260805163672e-23,0.07999979063567024,3.3063566359167354e-06,0.919996903007694,25,30,20
31,4863,5.541322680935322e-26,0.07999999708768316,0.00030015517688181153,0.9196998477354351,25,30,20
31,4864,4.0233296814981936e-25,0.07999999708767341,0.00031024550388517627,0.9196897574084416,25,30,20
31,4865,4.137169834532557e-20,0.07941175937618337,0.0014318513648733846,0.9191563892589432,25,30,20
31,4866,1.0092499516028045e-20,0.07999979053671784,0.0003994455048386103,0.9196007639584434,25,30,20
31,4867,8.756499853554722e-24,0.07999978693033521,9.765892460298107e-07,0.9199992364804188,25,30,20
31,4868,3.277748904255965e-25,0.07998786323490499,1.2476991279300525e-05,0.9199996597738159,25,30,20
31,4869,8.77012967843517e-24,0.07998786323490499,1.91688424451618e-05,0.91999296792265,25,30,20
31,4870,4.903195375181445e-22,0.07998786323490499,1.2463329062462374e-05,0.9199996734360325,25,30,20
31,4871,9.747092150759505e-22,0.07998786323490499,1.807609270573825e-05,0.9199940606723895,25,30,20
31,4872,6.90098278652033e-22,0.07999950815810712,4.72815062290361e-06,0.9199957636912701,25,30,20
31,4873,2.9964012105936533e-24,0.0799999240620165,8.146986943554734e-06,0.9199919289510399,25,30,20
31,4874,2.7312052646893234e-20,0.07999680632713742,0.00023582665681299057,0.9197673670160494,25,30,20
31,4875,2.7311801660263857e-20,0.07999992493687458,0.00021390826247873396,0.9197861668006467,25,30,20
31,4876,4.845920349317489e-22,0.07999985272471799,1.5332553703559262e-05,0.9199848147215782,25,30,20
31,4877,6.269494356544813e-26,0.07999971564122875,4.3378578518816005e-06,0.9199959465009193,25,30,20
31,4878,3.3419878915305614e-24,0.07999958140245583,1.0954185004737869e-05,0.9199894644125396,25,30,20
31,4879,5.04253173468523e-25,0.07999958140245583,1.1117001619253665e-05,0.9199893015959251,25,30,20
31,4880,1.6416480824808889e-25,0.07998786421568241,0.00018473499467298732,0.9198274007896449,25,30,20
31,4881,1.0335739972264037e-16,0.079479502509897,0.0005313967990310267,0.919989100691072,25,30,20
31,4882,3.540977690329645e-24,0.07999979069921878,1.0674092037809045e-05,0.9199895352087435,25,30,20
31,4883,2.745142636978249e-20,0.07999999042643173,4.5290873356503906e-07,0.9199995566648347,25,30,20
31,4884,2.745131121087369e-20,0.0799958764463845,4.754191685529488e-06,0.9199993693619298,25,30,20
31,4885,2.2066587157970215e-18,0.07999557472372724,0.01829964503005152,0.9017047802462211,25,30,20
31,4886,1.7025187226385306e-22,0.07999999347936025,1.4182908342916274e-05,0.9199858236122967,25,30,20
31,4887,5.648892098109524e-22,0.0798189782329617,0.016378908288232373,0.9038021134788059,25,30,20
31,4888,9.704507860376689e-21,0.07999999697534257,4.2730257872290313e-07,0.9199995757220789,25,30,20
31,4889,3.1457141916477717e-24,0.0799999960433661,0.00019916153513412855,0.9198008424214998,25,30,20
31,4890,3.196767663121054e-24,0.07998488349986,1.5307335062513438e-05,0.9199998091650775,25,30,20
31,4891,2.7467436214387673e-20,0.07947248471682024,0.0005313182291113891,0.9199961970540683,25,30,20
31,4892,1.1493995115200953e-23,0.07999978697908262,2.7018101037897224e-05,0.9199731949198796,25,30,20
31,4893,3.1450742189443007e-24,0.07999979059969899,0.0002144699249718695,0.919785739475329,25,30,20
31,4894,2.237805678391262e-20,0.07999962437620332,0.00741466633322547,0.9125857092905711,25,30,20
31,4895,3.1959613170187433e-24,0.07999962437620302,1.4529058635883981e-05,0.919985846565161,25,30,20
31,4896,5.044704377776835e-25,0.07999999579943023,8.268643029576524e-06,0.91999173555754,25,30,20
31,4897,1.7015734909809735e-23,0.07999983757637487,0.00015499730749250103,0.9198451651161325,25,30,20
31,4898,2.0767219379764825e-22,0.07981890935517766,0.0001816921100802158,0.9199993985347422,25,30,20
31,4899,1.6952489955390445e-23,0.07999979055492033,6.776142299285898e-07,0.9199995318308497,25,30,20
31,4900,2.0022029980067436e-22,0.07999983390446752,1.098833799518785e-06,0.9199990672617331,25,30,20
31,4901,9.796918955386593e-21,0.07999983119624086,0.0004690695482399904,0.9195310992555191,25,30,20
31,4902,1.5740179220758009e-18,0.07999999057800815,0.0006871100137727268,0.9193128994082191,25,30,20
31,4903,9.767003055355156e-21,0.07999588135495964,0.007882608905109239,0.9121215097399312,25,30,20
31,4904,2.993130958128131e-24,0.07999588129897454,4.896577703486883e-06,0.9199992221233221,25,30,20
31,4905,3.519493721021594e-24,0.07998395767489294,2.6843879825100203e-05,0.919989198445282,25,30,20
31,4906,3.371238349237425e-24,0.07998395767489296,3.6487315144654e-05,0.9199795550099624,25,30,20
31,4907,2.9906778104599072e-24,0.07999999619646031,1.0541268926233199e-05,0.9199894625346136,25,30,20
31,4908,4.815551397703568e-22,0.07999983406413066,0.007234350340368073,0.9127658155955012,25,30,20
31,4909,2.0963182216942014e-25,0.07999983651816127,0.0072369151799978075,0.9127632483018411,25,30,20
31,4910,2.993122887311609e-24,0.0799999976858289,2.17264559631238e-05,0.919978275858208,25,30,20
31,4911,9.191269553312518e-24,0.07997882732004266,4.535417412175254e-05,0.9199758185058355,25,30,20
31,4912,3.1937353996973828e-24,0.07999999992406838,2.9346614011695613e-06,0.9199970654145304,25,30,20
31,4913,2.0011291764426496e-23,0.07999075225495161,0.007357737735231787,0.9126515100098165,25,30,20
31,4914,1.6040517418827231e-25,0.07999588413647178,0.007195942847330139,0.9128081730161983,25,30,20
31,4915,1.0088591213526287e-23,0.0799999440053133,0.03768919516824337,0.8823108608264433,25,30,20
31,4916,2.8971415921539613e-11,0.07999994966610637,0.03997884745464476,0.8800212028502774,25,30,20
31,4917,1.4082418913956675e-07,0.07999665411752681,0.040011457567478856,0.8799917474908051,25,30,20
31,4918,2.203787728346538e-06,0.08000000219211836,0.04001943792182443,0.8799783560983286,25,30,20
31,4919,5.543294051409168e-08,0.07998785527297371,0.04003750496324028,0.8799745843308454,25,30,20
31,4920,5.543294051409165e-08,0.0797547614914886,0.04025946604434414,0.879985717031227,25,30,20
31,4921,2.9531923893391826e-13,0.07999999253063454,0.040003373022497984,0.8799966344465722,25,30,20
31,4922,1.7207446093800466e-06,0.0800000063604669,0.04000218407590194,0.8799960888190216,25,30,20
31,4923,4.827646939580536e-10,0.08000000551248668,0.04059129249318518,0.8794087015115634,25,30,20
31,4924,4.82764693958051e-10,0.08000000265455372,0.04002077619461982,0.8799792206680617,25,30,20
31,4925,2.915907159611719e-06,0.07976674024053469,0.04909824285460756,0.8711321009976981,25,30,20
31,4926,2.9159071596117184e-06,0.07999962469306271,0.03999788173274771,0.87999957766703,25,30,20
31,4927,9.218608961684807e-17,0.0799999970386512,0.04001160259113882,0.8799884003702099,25,30,20
31,4928,2.751918383792432e-08,0.07999999728504387,0.040008103326084336,0.879991871869688,25,30,20
31,4929,1.6529876105713507e-11,0.07998842955590887,0.040023239778736945,0.8799883306488242,25,30,20
31,4930,1.6824472666279058e-11,0.07997866722651774,0.04002148470827796,0.8799998480483799,25,30,20
31,4931,1.6824472666275675e-11,0.07999967544339742,0.04000047918010632,0.8799998453596719,25,30,20
31,4932,1.7066779641669e-11,0.07999983398541745,0.04000050078727739,0.8799996652102383,25,30,20
31,4933,8.417412538052661e-12,0.07999588047402745,0.04001054697987818,0.8799935725376771,25,30,20
31,4934,8.417412538049626e-12,0.07999999988195934,0.040020208219800145,0.8799797918898231,25,30,20
31,4935,9.720169388797319e-10,0.07999992675271991,0.04000972562378254,0.8799903466514806,25,30,20
31,4936,9.720169389073535e-10,0.07999994030758678,0.0400098538141842,0.879990204906212,25,30,20
31,4937,1.1645734870142367e-09,0.08199051017444343,0.038012626549863905,0.8799968621111192,25,30,20
31,4938,6.533270758802451e-15,0.08000045803378023,0.04031196801354561,0.8796875739526676,25,30,20
31,4939,4.229335236809483e-10,0.08001305761726032,0.04030270200156088,0.8796842399582452,25,30,20
31,4940,4.229335236809349e-10,0.080013057567331,0.040152130379966164,0.8798348116297693,25,30,20
31,4941,4.229335236811132e-10,0.08001305756815859,0.04018995579374691,0.8797969862151608,25,30,20
31,4942,3.735679687511292e-08,0.07999992776520085,0.04000446651322366,0.8799955683647788,25,30,20
31,4943,3.735679687511291e-08,0.07999999715070612,0.04000043047126331,0.8799995350212336,25,30,20
31,4944,1.930142382225448e-06,0.07999121418834276,0.040010695270059494,0.8799961603992156,25,30,20
31,4945,1.7218629739935927e-09,0.07949899753490168,0.04774224712077247,0.8727587536224626,25,30,20
31,4946,1.1527173324071453e-11,0.07947965892097364,0.047757951276804586,0.8727623897906944,25,30,20
31,4947,1.152717329187946e-11,0.07998806617063847,0.040583068820031286,0.879428864997803,25,30,20
31,4948,2.13464935761653e-06,0.060314698725734826,0.05968720211531335,0.8799959645095942,25,30,20
31,4949,3.624460364295627e-08,0.07999999241866386,0.04020645775700992,0.8797935135797224,25,30,20
31,4950,3.624460364295626e-08,0.07999992481027869,0.04075631799700664,0.8792437209481111,25,30,20
31,4951,4.6191502912415236e-15,0.07999992481027847,0.040013772253724905,0.8799863029359919,25,30,20
31,4952,2.750706411717399e-09,0.07999680711643127,0.04000665233473983,0.8799965377981225,25,30,20
31,4953,4.906994799175635e-11,0.0798189239418629,0.04018419541064632,0.879996880598421,25,30,20
31,4954,8.466291637326938e-13,0.0799996247660109,0.04001680796165306,0.8799835672714894,25,30,20
31,4955,8.774830647724036e-06,0.07998774542752851,0.04000395046370766,0.8799995292781162,25,30,20
31,4956,1.5678830174275808e-07,0.07998791124921108,0.04003074088105528,0.879981191081432,25,30,20
31,4957,4.1119620441192365e-09,0.08000000011070765,0.04000097867019786,0.8799990171071324,25,30,20
31,4958,0.00012127321138784455,0.07999999624721488,0.039889673451191855,0.8799890570902054,25,30,20
31,4959,0.00012127321138784455,0.07999999975764864,0.039879681794506405,0.8799990452364574,25,30,20
31,4960,1.754618617047095e-09,0.0800000031482765,0.040008298066218,0.8799916970308869,25,30,20
31,4961,1.7546186170475769e-09,0.07999649163660467,0.04001833811318853,0.8799851684955882,25,30,20
31,4962,1.2220593869789454e-06,0.07999648564486153,0.04016589810592966,0.8798363941898217,25,30,20
31,4963,1.0056252068391394e-18,0.07999101440510739,0.040019895007619,0.8799890905872736,25,30,20
31,4964,2.0462082544816553e-18,0.07999075595121616,0.04023923681059902,0.8797700072381848,25,30,20
31,4965,2.7323296996098905e-20,0.07997614133922885,0.00023469592112774219,0.9197891627396433,25,30,20
31,4966,1.7871657763043749e-22,0.07999075297593905,0.00017466729560455804,0.9198345797284564,25,30,20
31,4967,1.8179651478165212e-22,0.07999588315545593,0.00016926463239011616,0.919834852212154,25,30,20
31,4968,1.1554825174108565e-23,0.07999999896528406,0.009022860318730315,0.910977140715986,25,30,20
31,4969,1.5396709900442886e-23,0.07982477289921826,0.009198443967599028,0.9109767831331825,25,30,20
31,4970,3.8972054542430355e-24,0.07982497852656519,0.0006194524338234102,0.9195555690396113,25,30,20
31,4971,9.710527344680777e-21,0.07981573530272223,0.0006420591367654,0.9195422055605122,25,30,20
31,4972,1.0188402429065702e-20,0.06284359788926919,0.01760782909861444,0.9195485730121162,25,30,20
31,4973,1.2456608647731544e-23,0.07999978649021357,2.1364044951758506e-05,0.9199788494648348,25,30,20
31,4974,3.8105847049058765e-24,0.07999054528784752,2.0421078730504348e-05,0.9199890336334222,25,30,20
31,4975,3.057160532588701e-25,0.07999075303947789,2.294821362613988e-05,0.919986298746896,25,30,20
31,4976,1.1794091139351073e-23,0.0799907530394779,1.900847975427701e-05,0.9199902384807679,25,30,20
31,4977,8.903733987152487e-24,0.0799907512968307,2.747611631483334e-05,0.9199817725868545,25,30,20
31,4978,3.0376161252406465e-25,0.07999992204419372,6.672853382764388e-06,0.9199934051024238,25,30,20
31,4979,5.716575512223703e-22,0.07981897749544607,0.00019729423000554584,0.9199837282745483,25,30,20
31,4980,5.647532146612084e-22,0.07933103110454293,0.0008926242519127181,0.9197763446435445,25,30,20
31,4981,4.141075624671595e-25,0.07999999770943558,8.172522039019278e-06,0.9199918297685256,25,30,20
31,4982,9.703796147738113e-21,0.07999999770943589,3.7514124111325132e-06,0.9199962508781531,25,30,20
31,4983,9.703638935814717e-21,0.07999999341307328,3.833950229930986e-06,0.9199961726366968,25,30,20
31,4984,9.703690289402365e-21,0.07999972860823432,3.772446269784732e-06,0.9199964989454957,25,30,20
31,4985,6.1396799726362105e-27,0.07999999627611523,2.5751739326430563e-07,0.9199997462064912,25,30,20
31,4986,5.953696413419088e-26,0.07999999627449936,3.875916473028903e-06,0.9199961278090276,25,30,20
31,4987,6.517930228091679e-22,0.07999999703702593,1.1926469418563003e-05,0.9199880764935557,25,30,20
31,4988,4.7189133288098935e-25,0.07976673813145681,0.000828223591786175,0.919405038276757,25,30,20
31,4989,5.668954055704439e-24,0.0799936158833006,0.007238050916594712,0.9127683332001049,25,30,20
31,4990,9.151666882251148e-24,0.07964861814415147,0.007590839056039396,0.9127605427998094,25,30,20
31,4991,4.307428330331441e-19,0.07964861814416864,0.025592297927550064,0.8947590839282813,25,30,20
31,4992,1.8491838479996783e-22,0.07964867580660177,0.016975035239400013,0.903376288953998,25,30,20
31,4993,9.884041248870267e-21,0.07964867224815704,0.016969694517010463,0.9033816332348324,25,30,20
31,4994,2.1650953556052882e-25,0.07964867224813987,0.015955063558041584,0.9043962641938186,25,30,20
31,4995,3.1030135419263192e-24,0.07998806979370814,1.631691840224818e-05,0.9199956132878896,25,30,20
31,4996,3.1053062014696923e-24,0.07999999341690164,6.508514303876748e-07,0.9199993557316679,25,30,20
31,4997,3.0465452890329597e-24,0.07999999702441331,0.00015456435181750782,0.9198454386237692,25,30,20
31,4998,3.045580124763235e-24,0.07999999702441331,2.6047160869334884e-07,0.919999742503978,25,30,20
31,4999,4.8185152699802045e-22,0.0799999970244133,4.0783088394953465e-06,0.9199959246667472,25,30,20
31,5000,3.5516543682359733e-25,0.07999999703865157,1.662066473460648e-05,0.9199833822966138,25,30,20
