run,generation,degenerate,holistic,other,compositional,popsize,turnover_rounds,group_rounds
35,0,0.9987713554999793,1.4267839920713722e-08,0.0012266915175253483,1.938714656782331e-06,25,10,20
35,1,0.8152298063613899,1.866045067682221e-05,0.1752325597730689,0.009518973414862275,25,10,20
35,2,0.7895977354740027,8.55907742741177e-06,0.2006424589210125,0.009751246527557598,25,10,20
35,3,0.6556283596515251,0.00010225242749605461,0.33141162535792246,0.012857762563055734,25,10,20
35,4,0.585255304233253,8.507001764416728e-06,0.4043769881855831,0.010359200579401413,25,10,20
35,5,0.7068066764338985,2.610395504253566e-06,0.2807410705832138,0.01244964258738371,25,10,20
35,6,0.6042667070903652,5.6556498530044935e-06,0.388831737756845,0.0068958995029375515,25,10,20
35,7,0.5636364360212641,3.5424411419646064e-05,0.4022299193833643,0.034098220183952324,25,10,20
35,8,0.5730781214021652,0.0009130490308605116,0.27455562107252723,0.15145320849444613,25,10,20
35,9,0.5846287728281169,0.0003250663699213273,0.2918583140779645,0.12318784672399667,25,10,20
35,10,0.44964100528207124,0.00032528782598632974,0.2395075746633308,0.3105261322286128,25,10,20
35,11,0.483214988419343,0.0003216571362929598,0.16475662704927618,0.351706727395089,25,10,20
35,12,0.4845075890644514,0.0003213057350314359,0.12337652356917599,0.3917945816313413,25,10,20
35,13,0.4031917770566903,0.0003225271010109202,0.1575524660373129,0.4389332298049859,25,10,20
35,14,0.4199916455607399,0.00032260881218528625,0.19313339130673865,0.3865523543203373,25,10,20
35,15,0.5062109491095572,0.0003221621685001905,0.1140343322870458,0.37943255643489665,25,10,20
35,16,0.3915124742348268,0.00032230290784152223,0.13854362762175532,0.4696215952355759,25,10,20
35,17,0.4160078986983639,0.00032227443119780435,0.1539041255317951,0.4297657013386431,25,10,20
35,18,0.4616747915278339,0.0003221317121497733,0.22872302066681233,0.3092800560932017,25,10,20
35,19,0.42337835171919685,0.0003353891082371082,0.22712369200176355,0.34916256717080074,25,10,20
35,20,0.3958850303683342,0.0003340474820284335,0.14264429417980098,0.46113662796983657,25,10,20
35,21,0.3812777688748292,0.0003221253241429454,0.15728855664694114,0.461111549154086,25,10,20
35,22,0.3981253493472118,0.0003221103464467998,0.10049787959183115,0.5010546607145092,25,10,20
35,23,0.3979203674906796,0.0003221105227401114,0.10071254211919944,0.5010449798673808,25,10,20
35,24,0.3922608848323204,0.00032236519639082826,0.14764275631279547,0.4597739936584929,25,10,20
35,25,0.3059804996385838,0.0003245310877554821,0.1462198025149133,0.5474751667587472,25,10,20
35,26,0.28378940033002864,0.0003242867770347459,0.14260151871382273,0.5732847941791135,25,10,20
35,27,0.30818347219696424,0.00032527286109848374,0.19135085030957896,0.5001404046323563,25,10,20
35,28,0.3560068474074915,0.0003231892348948658,0.18351343380262114,0.46015652955499114,25,10,20
35,29,0.34770431341365104,0.0003222045769559971,0.16018632144538938,0.49178716056400495,25,10,20
35,30,0.41036261929706236,0.0003604222555410025,0.2138417035989083,0.3754352548484896,25,10,20
35,31,0.4001604041581214,0.00035921216343322174,0.2259667166664752,0.3735136670119704,25,10,20
35,32,0.4169846174228809,0.0003223819255385134,0.17034913195041176,0.4123438687011685,25,10,20
35,33,0.3293345214969242,0.00032234405860418695,0.1389866083328189,0.531356526111652,25,10,20
35,34,0.35226794368608205,0.0003222604825624541,0.11394716315428993,0.533462632677066,25,10,20
35,35,0.315120730379726,0.0003224007521552366,0.14547040942544603,0.5390864594426724,25,10,20
35,36,0.3992060091671239,0.00032080984116172407,0.14034102618738767,0.4601321548043261,25,10,20
35,37,0.3970420989942392,0.0003206591883450471,0.10494105196036649,0.49769618985704844,25,10,20
35,38,0.4581240250443584,0.0003206612797735859,0.09952284062037353,0.442032473055494,25,10,20
35,39,0.39596228509237336,0.0003206225135320117,0.08974047975352976,0.5139766126405645,25,10,20
35,40,0.4976840866786925,0.00032071337298504463,0.10163914481849336,0.40035605512982775,25,10,20
35,41,0.4679737159203043,0.000321209040601933,0.13315809194376527,0.3985469830953276,25,10,20
35,42,0.5241722008248764,0.00032046534400143994,0.06992099615862646,0.4055863376724953,25,10,20
35,43,0.48496850283935616,0.00032045138240557327,0.0695420956475428,0.44516895013069485,25,10,20
35,44,0.4859686682711687,0.00032063866742300807,0.06847973169536224,0.4452309613660458,25,10,20
35,45,0.42654262287654204,0.0003206150605109586,0.07315696296606689,0.4999797990968799,25,10,20
35,46,0.5213575362557485,0.0003209186339243781,0.09545242754605766,0.38286911756426995,25,10,20
35,47,0.5434060614646357,0.0003210088327692747,0.11337024158545286,0.3429026881171424,25,10,20
35,48,0.56110507856828,0.000320546200103497,0.13383763605751914,0.3047367391740974,25,10,20
35,49,0.5872809237800061,1.749599114935419e-05,0.1357796384420894,0.2769219417867558,25,10,20
35,50,0.5471307818260817,3.6530099922780686e-07,0.13597470953799948,0.31689414333491944,25,10,20
35,51,0.560235046824373,7.774402864272593e-07,0.15452375600517057,0.28524041973016945,25,10,20
35,52,0.5554950908649325,7.807398061126455e-07,0.15926252920854014,0.2852415991867202,25,10,20
35,53,0.5688221115606545,1.031348845144492e-06,0.14749795601642343,0.28367890107407545,25,10,20
35,54,0.5867368721786375,9.654219226042593e-07,0.13042785945483681,0.28283430294460166,25,10,20
35,55,0.5281458136232827,9.493619261898544e-07,0.1477313135044594,0.3241219235103309,25,10,20
35,56,0.5661953570346202,1.0779423626627404e-06,0.11509587933027259,0.31870768569274327,25,10,20
35,57,0.49571543301860194,1.1122410724370961e-06,0.1453916814749885,0.358891773265336,25,10,20
35,58,0.529273433832862,9.348356270987267e-07,0.11187400484766664,0.3588516264838433,25,10,20
35,59,0.5670967235087979,9.21125381942485e-07,0.09877359202163515,0.3341287633441855,25,10,20
35,60,0.5667866509104958,9.334254026936274e-07,0.09889372852758654,0.3343186871365155,25,10,20
35,61,0.5136336150884494,9.329148947544612e-07,0.0997683593159611,0.3865970926806957,25,10,20
35,62,0.5863450528508748,9.310919519306097e-07,0.0667305593804239,0.34692345667674973,25,10,20
35,63,0.6164355879118547,9.542528816883125e-07,0.06874102451702804,0.3148224333182359,25,10,20
35,64,0.6183346078462985,9.477938722709824e-07,0.08432542130314748,0.29733902305668186,25,10,20
35,65,0.633319003176826,1.013756759116825e-06,0.09122305360505928,0.2754569294613557,25,10,20
35,66,0.6326344403424362,9.593677284329843e-07,0.09190363346376834,0.275460966826067,25,10,20
35,67,0.6536035458806739,8.295504022134275e-07,0.0709420934740794,0.2754535310948447,25,10,20
35,68,0.6116689660160588,8.196511054704481e-07,0.0729326963452056,0.3153975179876305,25,10,20
35,69,0.6116593202184832,8.196656543586114e-07,0.07325090355900947,0.3150889565568533,25,10,20
35,70,0.6115410396123676,8.361580047977648e-07,0.07336908522733582,0.31508903900229207,25,10,20
35,71,0.5767929463610464,7.015589297295192e-07,0.06826842022758449,0.3549379318524395,25,10,20
35,72,0.5800532627787842,6.938056728870936e-07,0.06500806482177074,0.35493797859377246,25,10,20
35,73,0.5789943055735352,6.939642249610173e-07,0.06606694928692596,0.35493805117531424,25,10,20
35,74,0.5789969060827908,6.939923696945637e-07,0.06599475310903051,0.3550076468158092,25,10,20
35,75,0.5786053863838946,6.974560979713978e-07,0.06638634165175032,0.35500757450825715,25,10,20
35,76,0.5786521794359111,6.986405146456771e-07,0.06653290543189176,0.3548142164916826,25,10,20
35,77,0.5786506686234629,6.994118035319299e-07,0.06645542336545124,0.35489320859928236,25,10,20
35,78,0.5786129340937365,6.982112947839765e-07,0.06649062301209435,0.35489574468287466,25,10,20
35,79,0.5750115792566715,9.54568285976637e-07,0.07009294978029186,0.35489451639475084,25,10,20
35,80,0.5750559489897761,9.545421260786773e-07,0.06972785905385459,0.35521523741424343,25,10,20
35,81,0.5743606246081191,1.1346540193463504e-06,0.07042739961363768,0.355210841124224,25,10,20
35,82,0.5736362484762588,1.097304270974181e-06,0.06525634888262606,0.361106305336844,25,10,20
35,83,0.5732183347885808,1.1103994163654083e-06,0.06567418986007291,0.36110636495193005,25,10,20
35,84,0.6013620838783783,6.874970216519978e-07,0.0440856436057623,0.35455158501883793,25,10,20
35,85,0.6017704694261901,6.7699259267226e-07,0.04367731831973238,0.3545515352614853,25,10,20
35,86,0.6022069291801561,6.770072750898809e-07,0.043240830570887685,0.3545515632416813,25,10,20
35,87,0.594983267871819,9.255027599370242e-07,0.05046422130498995,0.3545515853204315,25,10,20
35,88,0.5949483445825954,9.25519952746158e-07,0.05046635695326955,0.35458437294418266,25,10,20
35,89,0.5566651269084001,1.5419071006749386e-05,0.08870093936646177,0.35461851465413036,25,10,20
35,90,0.5565117106886633,1.5419268177014513e-05,0.08885435456348459,0.35461851547967416,25,10,20
35,91,0.5562309590870695,1.569044023156079e-05,0.08913483508243879,0.35461851539025907,25,10,20
35,92,0.5562438542029047,1.5721855918684087e-05,0.10181682707074473,0.34192359687043156,25,10,20
35,93,0.5564540125504791,1.571719629403528e-05,0.10160658500206812,0.3419236852511582,25,10,20
35,94,0.5604067436463275,1.5601058913674803e-05,0.09765397062495833,0.34192368466979994,25,10,20
35,95,0.5604862148653322,1.5570769184226758e-05,0.09670673764843479,0.34279147671704796,25,10,20
35,96,0.5604875897132577,1.556998232688288e-05,0.09669264333513977,0.3428041969692751,25,10,20
35,97,0.5610567468413548,1.5299001263622765e-05,0.09612372923500968,0.3428042249223715,25,10,20
35,98,0.5695032540975011,1.544803220350615e-05,0.0876476611670983,0.3428336367031967,25,10,20
35,99,0.5694929206043481,1.5448039537934377e-05,0.10234263460761088,0.32814899674850245,25,10,20
35,100,0.5693488942331908,1.559726963043504e-05,0.10248586596601425,0.32814964253116374,25,10,20
35,101,0.5699461070879617,1.5591807306165982e-05,0.10189120688199144,0.3281470942227399,25,10,20
35,102,0.5700024558041731,1.5591407351060385e-05,0.10180517024291838,0.3281767825455567,25,10,20
35,103,0.569898820725111,1.559062284948697e-05,0.10174292859712164,0.32834266005491713,25,10,20
35,104,0.5697731362580201,1.5631025778739135e-05,0.10484582202947823,0.32536541068672215,25,10,20
35,105,0.5658718688012155,1.5454148468880427e-05,0.10868175536237523,0.32543092168793936,25,10,20
35,106,0.5657272708240906,1.545416378855601e-05,0.10882632556324673,0.32543094944887324,25,10,20
35,107,0.5657855513964788,1.577130856298007e-05,0.10876387753400037,0.325434799760957,25,10,20
35,108,0.56565627679027,1.5771779633681285e-05,0.10889246779513025,0.3254354836349652,25,10,20
35,109,0.5661320562923983,1.5771751555063404e-05,0.10841671760768498,0.3254354543483607,25,10,20
35,110,0.5659084010637426,1.5772022846624495e-05,0.10864030863343162,0.3254355182799782,25,10,20
35,111,0.568999606235671,1.5623230821077562e-05,0.10557925153816697,0.3254055189953403,25,10,20
35,112,0.5624204660815881,1.5863465616925953e-05,0.11209271889139762,0.32547095156139627,25,10,20
35,113,0.5516753804799805,1.586783052291131e-05,0.12278060673573231,0.32552814495376337,25,10,20
35,114,0.5456821336959026,1.5867647076180018e-05,0.12877155193221085,0.3255304467248096,25,10,20
35,115,0.5522695946320646,1.562742314974846e-05,0.12224976252670457,0.32546501541808026,25,10,20
35,116,0.5520719588917108,1.5630637510898043e-05,0.12244663966746307,0.3254657708033144,25,10,20
35,117,0.5568954646556509,2.4569815500375797e-05,0.11761279105124647,0.3254671744776013,25,10,20
35,118,0.5613643006539949,2.4604119182168614e-05,0.11314619395484429,0.32546490127197764,25,10,20
35,119,0.5615414912234735,2.4604899733467052e-05,0.0982956542392214,0.34013824963757044,25,10,20
35,120,0.561532085723421,2.460489577235539e-05,0.09829428305121772,0.340149026329588,25,10,20
35,121,0.5562851804341049,2.460669607713671e-05,0.10354191087953206,0.34014830199028473,25,10,20
35,122,0.5569269412128144,2.412711466917985e-05,0.10290527219933905,0.34014365947317643,25,10,20
35,123,0.5572065423972414,2.4125621510619703e-05,0.10073370672206876,0.34203562525917824,25,10,20
35,124,0.5744744273977578,2.4223880482794742e-05,0.12148767315485687,0.3040136755669023,25,10,20
35,125,0.5652179564395599,2.4241352523609337e-05,0.13080423056116494,0.3039535716467512,25,10,20
35,126,0.5664486017353609,2.420696069744446e-05,0.12957371133686635,0.30395347996707495,25,10,20
35,127,0.567948658756107,2.4487645744790228e-05,0.12812206123371248,0.30390479236443524,25,10,20
35,128,0.5682290596305697,2.448739343707692e-05,0.12784177313500636,0.30390467984098646,25,10,20
35,129,0.5678004665854036,2.4488161621797095e-05,0.12781855342848591,0.3043564918244882,25,10,20
35,130,0.567614655834085,2.4567271486094426e-05,0.12798310678582422,0.3043776701086042,25,10,20
35,131,0.5717567250969201,2.4279923772261846e-05,0.12384267424494197,0.3043763207343654,25,10,20
35,132,0.5717537095044506,2.4279910371985007e-05,0.12383439023394752,0.3043876203512293,25,10,20
35,133,0.5716282150859413,2.4279926914894542e-05,0.12378682334771517,0.3045606816394285,25,10,20
35,134,0.5718617289857179,2.420094683593919e-05,0.12357455546252931,0.3045395146049168,25,10,20
35,135,0.5791877845139239,2.3952455681963558e-05,0.11624876759681577,0.3045394954335783,25,10,20
35,136,0.5812550607676934,2.3981801994153575e-05,0.12897094176468557,0.2897500156656265,25,10,20
35,137,0.5812619125165559,2.394061594927639e-05,0.12539609135905702,0.2933180555084373,25,10,20
35,138,0.5910285336701034,2.3936434365346526e-05,0.1156865719962739,0.2932609578992567,25,10,20
35,139,0.5911379077012714,2.393798830125527e-05,0.11616883621966799,0.29266931809075875,25,10,20
35,140,0.5907595585854962,2.4156071726964527e-05,0.11654648531432814,0.2926698000284481,25,10,20
35,141,0.590768273080426,2.415607133236109e-05,0.1165464303416657,0.29266114050657527,25,10,20
35,142,0.5851118327502922,2.415588820748967e-05,0.12220065617943429,0.29266335518206504,25,10,20
35,143,0.6237099022801779,9.482397741060031e-06,0.08359001479765313,0.29269060052442675,25,10,20
35,144,0.6237837726141431,9.482254013196948e-06,0.08351615712665166,0.2926905880051909,25,10,20
35,145,0.623885770188521,9.482664685268587e-06,0.08347661220290296,0.29262813494388956,25,10,20
35,146,0.6239502178398016,9.497595291202465e-06,0.11018493222793202,0.2658553523369738,25,10,20
35,147,0.6240939305095866,9.497585812555941e-06,0.11004122252033159,0.2658553493842679,25,10,20
35,148,0.6239865711332557,9.496600940190442e-06,0.12064667028887391,0.25535726197692926,25,10,20
35,149,0.6238823177223948,9.496656411157673e-06,0.12075099691312415,0.25535718870806895,25,10,20
35,150,0.6234304564314376,9.50046965472959e-06,0.12114233025584512,0.25541771284306164,25,10,20
35,151,0.6290232621049665,9.495440457363312e-06,0.11554961229018809,0.25541763016438734,25,10,20
35,152,0.6280896313806484,9.360133499172212e-06,0.11648196148606994,0.25541904699978224,25,10,20
35,153,0.627923251963377,9.36014803401234e-06,0.11665368838573055,0.2554136995028583,25,10,20
35,154,0.6274398754004502,9.360177671622171e-06,0.11713705184252989,0.2554137125793481,25,10,20
35,155,0.6274310097702608,9.360178424047652e-06,0.1171372272760046,0.25542240277531014,25,10,20
35,156,0.6285294184624778,9.35510819085755e-06,0.11603925669181069,0.25542196973752035,25,10,20
35,157,0.6284721561526149,9.35535344668961e-06,0.11609651767278338,0.25542197082115464,25,10,20
35,158,0.6239353294413523,9.547767378645611e-06,0.12063123471154519,0.25542388807972377,25,10,20
35,159,0.6102373994474641,9.792517701838335e-06,0.13251906306302036,0.2572337449718141,25,10,20
35,160,0.606900818204193,9.796590866735951e-06,0.13585567279349153,0.25723371241144916,25,10,20
35,161,0.6021360092997755,9.797101270826241e-06,0.14062038129630344,0.25723381230265063,25,10,20
35,162,0.6021226867332929,9.796817068458725e-06,0.14063473930022052,0.2572327771494186,25,10,20
35,163,0.6023538641628615,9.7968970500784e-06,0.14040210446517423,0.25723423447491467,25,10,20
35,164,0.602368685011947,9.796083108767205e-06,0.14296661428757368,0.25465490461737084,25,10,20
35,165,0.6068316547883092,9.791629330724176e-06,0.1385037130586685,0.2546548405236914,25,10,20
35,166,0.6063746494133518,9.799772501822256e-06,0.13896058885642337,0.2546549619577229,25,10,20
35,167,0.6064224337185725,9.800579235533838e-06,0.13938426381371244,0.25418350188847944,25,10,20
35,168,0.606426880423452,9.80057917650153e-06,0.13937981712453967,0.25418350187283156,25,10,20
35,169,0.618132027857108,9.781329332789076e-06,0.12768051906216096,0.25417767175139827,25,10,20
35,170,0.6181209955017032,9.780760354208403e-06,0.1165928379077732,0.26527638583016927,25,10,20
35,171,0.6138163223271401,9.787016493578833e-06,0.1208974315949769,0.265276459061389,25,10,20
35,172,0.6334188763791235,9.698678432939257e-06,0.1028016519035295,0.26376977303891375,25,10,20
35,173,0.6333441786357736,9.690563856595748e-06,0.10287647518047009,0.2637696556198994,25,10,20
35,174,0.6333363022682311,9.690564286744784e-06,0.10257251705966387,0.26408149010781784,25,10,20
35,175,0.633332115938184,9.690573828205251e-06,0.10257670250855563,0.2640814909794319,25,10,20
35,176,0.6232167782984545,9.69572747694898e-06,0.1126913541671416,0.26408217180692667,25,10,20
35,177,0.6221772365936509,9.705078636170977e-06,0.11372833822938741,0.2640847200983252,25,10,20
35,178,0.6222144535801021,9.705862002084969e-06,0.11420125223955128,0.2635745883183441,25,10,20
35,179,0.6364951229936078,9.683611519380268e-06,0.11311838648657627,0.2503768069082962,25,10,20
35,180,0.6415961363624777,9.470379048602128e-06,0.10801950839696986,0.25037488486150344,25,10,20
35,181,0.636728658820565,9.477154959019875e-06,0.11288696387510568,0.25037490014936997,25,10,20
35,182,0.623577456638958,1.0121045737731014e-05,0.12603751218387294,0.25037491013143076,25,10,20
35,183,0.6235628166279026,1.0120275722823265e-05,0.1255708092455652,0.2508562538508089,25,10,20
35,184,0.663200637239336,1.010534188087528e-05,0.0991137041352573,0.2376755532835257,25,10,20
35,185,0.6675957524153985,1.010484440816267e-05,0.09471868833936949,0.2376754544008238,25,10,20
35,186,0.6675918732102274,1.0105618824278435e-05,0.09486155753687729,0.237536463634071,25,10,20
35,187,0.6809274607799394,9.919744695297677e-06,0.0833357236312275,0.23572689584413722,25,10,20
35,188,0.6809222334966373,9.918949992448297e-06,0.09801254398310584,0.22105530357026484,25,10,20
35,189,0.6808173261206092,9.865427661431102e-06,0.09811637061875783,0.2210564378329719,25,10,20
35,190,0.6842506901946592,9.890189036378338e-06,0.13135393104444895,0.1843854885718555,25,10,20
35,191,0.6715921112614041,9.891001930827464e-06,0.1440718845246123,0.18432611321205297,25,10,20
35,192,0.6660330524620898,1.0121811973786707e-05,0.1496310921308535,0.18432573359508317,25,10,20
35,193,0.6657503030023778,1.0122151190115939e-05,0.14991383924256962,0.18432573560386248,25,10,20
35,194,0.6707232737963627,1.1827028751913628e-06,0.14495131429853533,0.1843242292022271,25,10,20
35,195,0.671170162937404,1.1770075387116374e-06,0.14450583279746826,0.18432282725758942,25,10,20
35,196,0.6768257689762092,1.1769309026217287e-06,0.13885242739424672,0.18432062669864183,25,10,20
35,197,0.6426205283398732,1.1769490044084135e-06,0.17305768490000747,0.1843206098111143,25,10,20
35,198,0.6367890679379282,0.0001922469812198164,0.17868248592653796,0.18433619915431343,25,10,20
35,199,0.6327791690415209,0.0001922469914604058,0.18269238573103302,0.184336198235985,25,10,20
35,200,0.6327988586595437,0.00019224724415650558,0.20961905050720936,0.15738984358909117,25,10,20
35,201,0.6333857849816309,0.00019236135808238877,0.20903086649559716,0.15739098716468994,25,10,20
35,202,0.6335635224348853,0.00019236151961155907,0.20885313009524661,0.15739098595025663,25,10,20
35,203,0.6250917237136212,0.00019682610056510235,0.21731967464210356,0.1573917755437113,25,10,20
35,204,0.6255686385325305,0.00019682628310729207,0.2416196372544675,0.13261489792989506,25,10,20
35,205,0.645867822035282,0.00019682627408372253,0.22133190555274815,0.13260344613788688,25,10,20
35,206,0.6508558058851218,0.00019661190600094957,0.2163444515357154,0.13260313067316248,25,10,20
35,207,0.6896646630497589,0.0001966125211926975,0.19053464110457596,0.1196040833244729,25,10,20
35,208,0.6986111883986313,0.00019661287260218927,0.18175017233555357,0.11944202639321294,25,10,20
35,209,0.7071717772083622,0.00019215324457877217,0.17319346558305124,0.11944260396400766,25,10,20
35,210,0.7071110957088849,0.00019215880235964113,0.17325549830695341,0.11944124718180199,25,10,20
35,211,0.7187122996084676,0.0001921548909241335,0.1616553959720842,0.11944014952852396,25,10,20
35,212,0.7174723382549303,0.00019217334514221162,0.1628941237454516,0.11944136465447575,25,10,20
35,213,0.7173346572825855,0.00019195531026004907,0.1630297545005658,0.11944363290658881,25,10,20
35,214,0.7170458440745938,0.0001919577319611776,0.16331797381349542,0.1194442243799497,25,10,20
35,215,0.7170550595677199,0.00019198486721217736,0.17826683493890944,0.10448612062615896,25,10,20
35,216,0.7160752479718682,0.0001919855547544671,0.17924652548757997,0.10448624098579817,25,10,20
35,217,0.7184165380528963,0.00019196677954580165,0.17691172059018656,0.10447977457737202,25,10,20
35,218,0.6795824806735777,0.00019195034408822962,0.20259869614891868,0.11762687283341552,25,10,20
35,219,0.6758954456214361,0.0001919505144471141,0.20628571687217645,0.11762688699194065,25,10,20
35,220,0.6764244976670022,0.00019195000362957286,0.20576010211754758,0.11762345021182095,25,10,20
35,221,0.6813690797206101,0.0001919428492878578,0.2008155949042134,0.11762338252588904,25,10,20
35,222,0.7043901641370758,0.00019193608428937835,0.17792383274917825,0.11749406702945688,25,10,20
35,223,0.7094139637671429,0.0001919718539820357,0.1809770789071883,0.10941698547168693,25,10,20
35,224,0.7041960074419267,0.00019216868558384528,0.18619481686027292,0.1094170070122167,25,10,20
35,225,0.7352025060156601,0.00019227156683079998,0.15367217307768213,0.11093304933982742,25,10,20
35,226,0.7385194789000079,0.00019215465701597902,0.15035647481351064,0.11093189162946597,25,10,20
35,227,0.7335075424090438,0.0001921193996960318,0.15420031655334926,0.11210002163791134,25,10,20
35,228,0.7371990290278552,0.00019211923057030816,0.15050884475554605,0.11210000698602912,25,10,20
35,229,0.7220132540607969,0.0001921400348325162,0.16569445001812938,0.11210015588624142,25,10,20
35,230,0.7142098496718283,0.00019215082619025936,0.17349779616257568,0.11210020333940542,25,10,20
35,231,0.7122010341735033,0.00019218417766749533,0.17525435347054333,0.11235242817828581,25,10,20
35,232,0.7123356991464571,0.00019218415390799106,0.17511969152275436,0.1123524251768805,25,10,20
35,233,0.7123165356716717,0.00019218413052173643,0.17516983509160522,0.11232144510620166,25,10,20
35,234,0.7173947158343097,0.00019198748043240598,0.1700918496361613,0.11232144704909713,25,10,20
35,235,0.7464512828232897,0.00019195953296211613,0.16570743336927957,0.08764932427446993,25,10,20
35,236,0.748453020001181,0.0001919261936730932,0.16395795272883973,0.08739710107630723,25,10,20
35,237,0.7843478171746995,0.00019193503386104102,0.14121090726942132,0.07424934052201826,25,10,20
35,238,0.7841101852029491,0.00019192546242653287,0.14144805103784763,0.07424983829677675,25,10,20
35,239,0.783644224093091,0.00019192512139005316,0.1419089095206451,0.07425494126487402,25,10,20
35,240,0.801204328317757,0.00019127499938662474,0.12434953606839849,0.07425486061445774,25,10,20
35,241,0.7927022262248046,0.00019127465560838302,0.13285213751127325,0.07425436160831352,25,10,20
35,242,0.800004124518324,0.00019127917902150182,0.1254969142695453,0.07430768203310904,25,10,20
35,243,0.7995483142510857,0.00019127861708408803,0.12595272793608817,0.07430767919574194,25,10,20
35,244,0.7994957337992901,0.0001912784468617766,0.12600533113446574,0.07430765661938231,25,10,20
35,245,0.7993184506605411,0.00019128271274061086,0.1261818927879072,0.07430837383881107,25,10,20
35,246,0.795404774048157,0.00019128275703727898,0.1300939927070999,0.07430995048770563,25,10,20
35,247,0.8101009241745869,0.0001912625100285793,0.1153967239256501,0.07431108938973399,25,10,20
35,248,0.8101086731311864,0.00019126106050304796,0.11538900383735369,0.07431106197095672,25,10,20
35,249,0.8107018788724454,0.00019225773027644558,0.11479983178197235,0.07430603161530569,25,10,20
35,250,0.8271937515760037,0.00019298109861526396,0.09830722274452139,0.07430604458085979,25,10,20
35,251,0.8307828408772693,0.00019297656995795567,0.09477247929197075,0.07425170326080205,25,10,20
35,252,0.8391204376546143,0.0002089676282884995,0.08641751344192565,0.07425308127517184,25,10,20
35,253,0.832143733489252,0.0002092028139928381,0.0933939610778341,0.07425310261892117,25,10,20
35,254,0.8324495008292142,0.00020920271360687557,0.09308809841890615,0.07425319803827302,25,10,20
35,255,0.8623546140514635,0.00020920173673455027,0.0927713299891203,0.04466485422268162,25,10,20
35,256,0.861915677159656,0.00020920347863149396,0.09318721977403888,0.044687899587673614,25,10,20
35,257,0.8619935015590873,0.00020923453985506366,0.1054022841279565,0.03239497977310115,25,10,20
35,258,0.8508384616069848,0.00020850060293922163,0.11634950460367305,0.03260353318640264,25,10,20
35,259,0.864095933865372,0.0002149068020236664,0.12849409503603085,0.007195064296573299,25,10,20
35,260,0.831378228336274,0.0006755416076808497,0.160753772128147,0.00719245792789839,25,10,20
35,261,0.8288543460993086,0.0006745463451718643,0.16302394353912747,0.007447164016391988,25,10,20
35,262,0.8271091060686855,0.0006745627507835892,0.16476966243641858,0.007446668744111928,25,10,20
35,263,0.8279098995400526,0.0006745623830885958,0.16396887532591436,0.007446662750944443,25,10,20
35,264,0.8278024671667196,0.0006745625643692658,0.1640762826373354,0.007446687631575827,25,10,20
35,265,0.8315313546526197,0.0006745625585261809,0.16034741518070836,0.007446667608145323,25,10,20
35,266,0.8293206909699804,0.0006745627524517329,0.16255955565965086,0.007445190617916606,25,10,20
35,267,0.8313404155679757,0.0006745439192355387,0.16053994437744443,0.007445096135343947,25,10,20
35,268,0.8314614714783799,0.00067454371937457,0.16041891611564726,0.007445068686597873,25,10,20
35,269,0.8280655286242777,0.0006745433826135531,0.1640235314771505,0.007236396515958348,25,10,20
35,270,0.8279235289891852,0.0006745433855883952,0.16416555465577698,0.007236372969449506,25,10,20
35,271,0.8268898053420134,0.0006747736961115104,0.16519695322087255,0.007238467741002591,25,10,20
35,272,0.8301475540518439,0.0006745474518013872,0.16193704275667653,0.007240855739678102,25,10,20
35,273,0.8296472596050518,0.000674809063386027,0.16243650107305288,0.007241430258509132,25,10,20
35,274,0.8277676391023158,0.0006748115993707839,0.16431549318980201,0.007242056108511479,25,10,20
35,275,0.83137698512071,0.00067480249991012,0.16070856433315975,0.0072396480462199,25,10,20
35,276,0.8339911191854845,0.0006748010212690477,0.1583493062234692,0.0069847735697770716,25,10,20
35,277,0.8356934185147107,0.0006748005720401709,0.1566472894810419,0.006984491432207302,25,10,20
35,278,0.8258527248603077,0.0006922237870955667,0.1664691729619027,0.006985878390694141,25,10,20
35,279,0.8263451674326716,0.0006922252452786681,0.16597672872828842,0.0069858785937612685,25,10,20
35,280,0.8156868552994494,0.000692225203749974,0.17657699104825256,0.007043928448548042,25,10,20
35,281,0.8156195201062246,0.0006922251972888195,0.1766443262497337,0.007043928446752732,25,10,20
35,282,0.8167115477363807,0.0006922498647592289,0.17554812336751704,0.007048079031343231,25,10,20
35,283,0.805437458427728,0.0006922240963172926,0.18682699785932858,0.007043319616626656,25,10,20
35,284,0.8052007983151936,0.0006922275448100346,0.18706366037968994,0.0070433137603067705,25,10,20
35,285,0.8212673203147977,0.0006922274824531199,0.17099713663038282,0.007043315572366631,25,10,20
35,286,0.8230379625197906,0.0006922469752570037,0.1692209787429194,0.0070488117620332936,25,10,20
35,287,0.7982138506388959,0.0006931729495256752,0.1940453501013517,0.007047626310226742,25,10,20
35,288,0.81444872326072,0.0005020979663073677,0.17801778430627485,0.0070313944666978824,25,10,20
35,289,0.8118199902699412,0.0005021003878518226,0.18064647598066969,0.0070314333615374746,25,10,20
35,290,0.8381364060181704,0.0004956623768179243,0.15608601249065962,0.005281919114352148,25,10,20
35,291,0.8381289223602149,0.0004956620418563885,0.15609349658999283,0.005281919007935928,25,10,20
35,292,0.8388741741110236,0.0004956617702713185,0.15534826965625212,0.005281894462453145,25,10,20
35,293,0.8525901579152021,0.0005308829299131429,0.14160250845855127,0.005276450696333648,25,10,20
35,294,0.8490442489417492,0.0005308874090646102,0.14514843071780498,0.005276432931381247,25,10,20
35,295,0.8622812184755793,0.0005308783440060629,0.13191143256388715,0.005276470616527728,25,10,20
35,296,0.8651423008144703,0.0005308794736910533,0.12905035786740165,0.005276461844436851,25,10,20
35,297,0.8920382239925057,7.047590133640102e-05,0.10261486120629583,0.0052764388998619745,25,10,20
35,298,0.901886878172214,7.047696087216381e-05,0.09605464171236833,0.0019880031545451682,25,10,20
35,299,0.8923154086113919,7.05909084531598e-05,0.10562562529099996,0.0019883751891545003,25,10,20
35,300,0.9023534473542725,7.024878880564356e-05,0.09558224992932718,0.001994053927594337,25,10,20
35,301,0.9030744211319136,5.425722551732126e-05,0.09487858222521607,0.001992739417352592,25,10,20
35,302,0.8908904834446159,5.4263878572867675e-05,0.10706161172152606,0.0019936409552851046,25,10,20
35,303,0.8888608301937108,5.428333850149774e-05,0.10908604163480601,0.0019988448329813775,25,10,20
35,304,0.8892175017634909,5.404203494690391e-05,0.10872956696934669,0.0019988892322149944,25,10,20
35,305,0.8896630670940313,5.404028032584046e-05,0.10830705085412014,0.001975841771522452,25,10,20
35,306,0.8999504567204509,5.404039179005931e-05,0.09807766634031062,0.0019178365474481326,25,10,20
35,307,0.8999402854391292,5.404111416849772e-05,0.09808771709878654,0.0019179563479156786,25,10,20
35,308,0.899915378038265,5.436486650952681e-05,0.09808394998205096,0.001946307113174388,25,10,20
35,309,0.8993234623785412,5.437492368891846e-05,0.09867590313670112,0.0019462595610686823,25,10,20
35,310,0.8966858411427576,5.437484466443312e-05,0.10131343001825117,0.0019463539943264522,25,10,20
35,311,0.8966899534310315,5.4374857208262446e-05,0.10130931705931923,0.0019463546524408517,25,10,20
35,312,0.8624842767261539,5.424724421862529e-05,0.13740046931077063,6.1006718856915e-05,25,10,20
35,313,0.8624790418939097,5.424671075391166e-05,0.137405746526383,6.096486895345003e-05,25,10,20
35,314,0.8518249448582924,5.4444319955063504e-05,0.14806099152658192,5.961929517082532e-05,25,10,20
35,315,0.8517813152439356,5.444432842561867e-05,0.14810460893344948,5.963149418955721e-05,25,10,20
35,316,0.8554863016928236,5.443989529651611e-05,0.1443996288886459,5.9629523234038725e-05,25,10,20
35,317,0.8460591938488488,6.310575767395075e-05,0.15381728814602952,6.041224744794797e-05,25,10,20
35,318,0.8465676714843866,6.310559966712313e-05,0.15330885482698414,6.036808896231863e-05,25,10,20
35,319,0.8465692017919443,6.310568549791238e-05,0.15330588450993038,6.180801262769387e-05,25,10,20
35,320,0.8347383618736278,8.479819805981366e-05,0.16511127059203626,6.556933627650611e-05,25,10,20
35,321,0.8126331589200536,8.479610918212597e-05,0.1872239712363179,5.807373444589116e-05,25,10,20
35,322,0.8382387128018307,8.360444968133421e-05,0.16161971158903096,5.797115945648454e-05,25,10,20
35,323,0.8382207007426122,8.360277445898562e-05,0.16163725989786004,5.843658506810366e-05,25,10,20
35,324,0.8777187552858107,8.360290290825802e-05,0.12215335074390081,4.429106737984952e-05,25,10,20
35,325,0.8872573870364927,7.494218567089165e-05,0.1126241613611285,4.350941670730489e-05,25,10,20
35,326,0.885801958428564,7.495558338349988e-05,0.11407938506610982,4.370092194216778e-05,25,10,20
35,327,0.8823660616360585,7.49556573856581e-05,0.11751590029635134,4.308241020406995e-05,25,10,20
35,328,0.8827516026762063,7.596622551233478e-05,0.11712955811465625,4.2872983624576936e-05,25,10,20
35,329,0.889568858110759,7.596621075469254e-05,0.11031236806881911,4.2807609666756016e-05,25,10,20
35,330,0.9076870281892313,4.0724167797891425e-05,0.09222946979368546,4.277784928524111e-05,25,10,20
35,331,0.8990401641998744,4.087395300702064e-05,0.10087402152662125,4.4940320497199404e-05,25,10,20
35,332,0.8988358344619551,4.087396302659649e-05,0.10107834913601293,4.4942439005108244e-05,25,10,20
35,333,0.8688605722412364,4.086557211213305e-05,0.13105374594468758,4.4816241964415896e-05,25,10,20
35,334,0.8656686320663498,4.552304284426286e-05,0.13421883399953954,6.701089126681442e-05,25,10,20
35,335,0.8770249560381339,2.383096096532418e-05,0.12288785130055416,6.336170034727817e-05,25,10,20
35,336,0.8613611866825853,3.229999603480673e-05,0.13850379359848822,0.00010271972289222705,25,10,20
35,337,0.8951534809230519,3.2304483042024214e-05,0.10471149543512158,0.00010271915878479528,25,10,20
35,338,0.8784533985982876,3.2927220174520094e-05,0.121239115961242,0.000274558220296279,25,10,20
35,339,0.8781478208676918,3.293513154148519e-05,0.1215446328512124,0.0002746111495545537,25,10,20
35,340,0.8814414138375372,2.8277415324111186e-05,0.11827791159635848,0.000252397150780406,25,10,20
35,341,0.8755792502758126,3.308104448690448e-05,0.12411173905227706,0.0002759296274234942,25,10,20
35,342,0.8770996948508857,3.306248808886806e-05,0.12259150764294749,0.0002757350180781867,25,10,20
35,343,0.8403868719166399,3.306284724883971e-05,0.15929224115525437,0.0002878240808566305,25,10,20
35,344,0.8405465319564783,3.307339711771665e-05,0.15913123517603928,0.00028915947036451355,25,10,20
35,345,0.8253863938857434,3.3073268316460454e-05,0.17429130770249812,0.0002892251434416853,25,10,20
35,346,0.824021815750912,3.308962582423502e-05,0.17565570356329718,0.0002893910599659929,25,10,20
35,347,0.8214334025748853,3.319950348327356e-05,0.17824310642512617,0.00029029149650540014,25,10,20
35,348,0.847496163806897,3.319949248423713e-05,0.15218032684554306,0.00029030985507612816,25,10,20
35,349,0.8476835528754509,3.319154858786387e-05,0.15199300326060977,0.0002902523153519518,25,10,20
35,350,0.8497495180617791,3.318900463269586e-05,0.14992766735944968,0.00028962557413875944,25,10,20
35,351,0.8567973796525203,3.305678914513413e-05,0.14287760126033539,0.00029196229799938146,25,10,20
35,352,0.8568709295436253,3.305155274001127e-05,0.14280405661298257,0.0002919622906521282,25,10,20
35,353,0.8691026226787936,3.27251795674534e-05,0.13060191776478353,0.00026273437685509377,25,10,20
35,354,0.8680039218244583,3.272544719013811e-05,0.13152042946051906,0.0004429232678322156,25,10,20
35,355,0.8782067612759025,3.252759027844837e-05,0.12131781867874691,0.000442892455071691,25,10,20
35,356,0.8732173168036012,3.252752691632992e-05,0.1263072398338473,0.0004429158356347903,25,10,20
35,357,0.8899630419909204,3.1908848141034624e-05,0.1097339160329468,0.00027113312799115674,25,10,20
35,358,0.8970758118555119,3.221047034598607e-05,0.1026209081300664,0.00027106954407506964,25,10,20
35,359,0.897649008076487,3.222335288758854e-05,0.10204756633788743,0.00027120223273728345,25,10,20
35,360,0.8973823685118358,3.222442379856075e-05,0.10231399300235454,0.00027141406201035647,25,10,20
35,361,0.898525874712083,3.2220136168025985e-05,0.1013507033938308,9.120175791778654e-05,25,10,20
35,362,0.893105619964202,3.239057690188883e-05,0.10671997419030328,0.0001420152685923264,25,10,20
35,363,0.892977440879624,3.2390568882610446e-05,0.10684815336424025,0.00014201518725264105,25,10,20
35,364,0.8989118171296892,2.7587011419386377e-05,0.10094207557002557,0.00011852028886568919,25,10,20
35,365,0.8931210688371043,2.774842874314726e-05,0.10671482223473112,0.0001363604994209959,25,10,20
35,366,0.886950216769459,2.775279535330004e-05,0.11288564872941186,0.00013638170577528767,25,10,20
35,367,0.8948865928190284,2.745114604298369e-05,0.10494939152185269,0.00013656451307524805,25,10,20
35,368,0.9088841274779624,1.9146823536086848e-05,0.09099843176086563,9.829393763568404e-05,25,10,20
35,369,0.9114555793929604,1.903815868926916e-05,0.08842806519868514,9.731724966532721e-05,25,10,20
35,370,0.9143950088996591,1.9033976919366273e-05,0.08548873718266488,9.72199407567599e-05,25,10,20
35,371,0.9081268767115402,1.903415300260854e-05,0.09175571536278809,9.837377266891773e-05,25,10,20
35,372,0.8972082278896413,1.903731534354045e-05,0.10267400907636093,9.872571865397399e-05,25,10,20
35,373,0.8989120457042218,1.901965561784269e-05,0.10097473104169134,9.420359846872814e-05,25,10,20
35,374,0.8905787723237492,1.8857610058594732e-05,0.10930840909571246,9.396097047937284e-05,25,10,20
35,375,0.8686249079229714,1.8605763419702833e-05,0.131265607573741,9.087873986773531e-05,25,10,20
35,376,0.8684619568666924,1.8605993584691806e-05,0.13142657617281056,9.286096691217263e-05,25,10,20
35,377,0.8623203242892381,1.860599741841498e-05,0.1375669846854944,9.4085027848599e-05,25,10,20
35,378,0.8674876739139353,1.8694612812059507e-05,0.13245039456446386,4.323690878867363e-05,25,10,20
35,379,0.8674841184343088,1.8684086423306235e-05,0.1324553011718857,4.18963073818607e-05,25,10,20
35,380,0.9037557361306072,1.868398461609158e-05,0.09619571684473208,2.9863040044856362e-05,25,10,20
35,381,0.9087651669078851,1.8683863764386545e-05,0.09118631238142093,2.983684692974473e-05,25,10,20
35,382,0.9140898262554517,1.8699000034587477e-05,0.08585896601931989,3.250872519404775e-05,25,10,20
35,383,0.9163756341600119,2.1837397196954666e-05,0.08273705961149586,0.0008654688312953694,25,10,20
35,384,0.9162198969701207,2.1842314793004135e-05,0.08289141245185874,0.0008668482632277432,25,10,20
35,385,0.9324574672789417,4.42397054780225e-06,0.06667269642756132,0.0008654123229493031,25,10,20
35,386,0.9325460790273103,4.4189788986092605e-06,0.06658414005550276,0.0008653619382884529,25,10,20
35,387,0.9326060852714102,4.417591553062686e-06,0.06652413482570702,0.0008653623113296595,25,10,20
35,388,0.9270022317500975,4.4175870934444004e-06,0.0721294258598016,0.0008639248030071471,25,10,20
35,389,0.9268556166621381,4.417596559520414e-06,0.07227604006024231,0.0008639256810596047,25,10,20
35,390,0.9260638619758558,4.417409509047112e-06,0.07306977255779377,0.0008619480568409607,25,10,20
35,391,0.9261270774574819,4.397921816504032e-06,0.07300926656587624,0.0008592580548248406,25,10,20
35,392,0.9264351183224606,4.3967349690280765e-06,0.07270149102223462,0.00085899392033544,25,10,20
35,393,0.9272488330835092,4.123461505306172e-06,0.07188809600138328,0.0008589474536017349,25,10,20
35,394,0.9277023107893695,4.122612987312466e-06,0.0713766001959045,0.0009169664017383986,25,10,20
35,395,0.9339723400527741,4.122446189721008e-06,0.06510772324300937,0.0009158142580263405,25,10,20
35,396,0.9337861449921259,4.124920218524904e-06,0.06529392904209205,0.0009158010455634278,25,10,20
35,397,0.9332510418817465,4.268305753555206e-06,0.06582815299155095,0.0009165368209488267,25,10,20
35,398,0.9340272716314094,4.268287826005335e-06,0.06505192292588284,0.0009165371548816121,25,10,20
35,399,0.934036577134833,4.268287244863326e-06,0.06504262085505202,0.0009165337228697161,25,10,20
35,400,0.9337809480184829,4.2684099238037015e-06,0.06529819360906247,0.0009165899625304978,25,10,20
35,401,0.9400485909504626,4.2684145647168994e-06,0.059031699964996756,0.0009154406699754668,25,10,20
35,402,0.947516537210003,1.131663262213992e-06,0.052400616351141745,8.171477559274642e-05,25,10,20
35,403,0.9420294628138849,1.1404522482719447e-06,0.0579458745488153,2.3522185051135486e-05,25,10,20
35,404,0.9419003479588853,1.1359605621565197e-06,0.05807631516526292,2.2200915289230317e-05,25,10,20
35,405,0.9320290607655259,1.136489141783135e-06,0.06794558728601419,2.4215459317640764e-05,25,10,20
35,406,0.9254487664985089,1.1365744812475836e-06,0.07452588010921705,2.421681779290602e-05,25,10,20
35,407,0.9221022352228482,1.1370847591969415e-06,0.07787240076459874,2.4226927793931687e-05,25,10,20
35,408,0.9181593788823296,1.8282499300267048e-06,0.08182720696972452,1.1585898015655998e-05,25,10,20
35,409,0.9175059177097435,1.8466178169242365e-06,0.08248047221777187,1.176345466753478e-05,25,10,20
35,410,0.9108049963494333,1.8508716829960257e-06,0.08918134475863038,1.1808020253089356e-05,25,10,20
35,411,0.8719282224156355,1.8785978726330667e-06,0.12805796305665987,1.1935929831685538e-05,25,10,20
35,412,0.875156838745187,1.8785764806468142e-06,0.12482932218501204,1.1960493320767858e-05,25,10,20
35,413,0.8749934575605313,1.8886977074528732e-06,0.12499187896958502,1.2774772176169577e-05,25,10,20
35,414,0.8757354148623384,1.8597953704850927e-06,0.12425024091598226,1.2484426308759936e-05,25,10,20
35,415,0.8822490342751133,1.855885880028952e-06,0.11773663713920085,1.2472699805988186e-05,25,10,20
35,416,0.8621025637081249,1.5414721057374973e-05,0.13780418861918176,7.78329516359177e-05,25,10,20
35,417,0.8275452527543922,1.54147035273686e-05,0.17236126880049887,7.806374158086272e-05,25,10,20
35,418,0.8273474974048932,1.541506145790927e-05,0.17255920948174872,7.787805189956768e-05,25,10,20
35,419,0.8333035037097574,1.5406250732677033e-05,0.16660321246176596,7.787757774321633e-05,25,10,20
35,420,0.832785002595695,1.540663548280551e-05,0.16712161551337978,7.797525544188356e-05,25,10,20
35,421,0.8324303145157002,1.6187682950288776e-05,0.16747543178149,7.806601985901861e-05,25,10,20
35,422,0.7994313739405176,1.618751037380326e-05,0.20047426008979283,7.817845931447625e-05,25,10,20
35,423,0.8002277876843413,1.5406313239396286e-05,0.19967870812833763,7.809787408046536e-05,25,10,20
35,424,0.8002417589478814,1.5406190330666817e-05,0.1996647691974871,7.80656642995738e-05,25,10,20
35,425,0.8101590680876282,1.5405337981248625e-05,0.1897495099970067,7.60165773829781e-05,25,10,20
35,426,0.8213587793243218,1.8522558664411577e-06,0.17858508308874785,5.428533106310659e-05,25,10,20
35,427,0.8565752573976275,1.8522304157813787e-06,0.14336884043432307,5.4049937633418685e-05,25,10,20
35,428,0.8569790680607114,1.8481103115286705e-06,0.14296363970880097,5.54441201758026e-05,25,10,20
35,429,0.8661607371117516,1.6989929041555725e-06,0.13382599830015712,1.1565595186805542e-05,25,10,20
35,430,0.8659140049929277,1.6991939554716724e-06,0.13407273786423082,1.155794888568858e-05,25,10,20
35,431,0.8891369217159841,9.216725571980545e-07,0.1108510625700088,1.1094041449875114e-05,25,10,20
35,432,0.8729588187628188,9.225507275157848e-07,0.12687594932727161,0.00016430935918210728,25,10,20
35,433,0.8726743501411051,9.399784562630235e-07,0.12716039766313175,0.0001643122173069721,25,10,20
35,434,0.8716392527826673,9.486897078760039e-07,0.1281931220042635,0.00016667652336114453,25,10,20
35,435,0.8715917115119065,9.501473917549681e-07,0.12824023885024882,0.00016709949045284577,25,10,20
35,436,0.8583639096216465,1.1001378482338195e-05,0.13872207717750898,0.0029030118223619754,25,10,20
35,437,0.8485369829517342,1.1013013850629937e-05,0.14854577024871013,0.0029062337857046756,25,10,20
35,438,0.8552333821853202,1.1004208518023042e-05,0.14185174787575883,0.0029038657304029224,25,10,20
35,439,0.8651303869335039,1.0992199715853334e-05,0.13195805465931773,0.0029005662074626164,25,10,20
35,440,0.8651515071722794,1.0992101160299344e-05,0.13193840932740689,0.0028990913991533474,25,10,20
35,441,0.853466966804097,1.0995017237453619e-05,0.14362074255795584,0.0029012956207093267,25,10,20
35,442,0.8151447574311197,1.1008406111820756e-05,0.18193920951986645,0.002905024642901696,25,10,20
35,443,0.8157848311119379,1.0990475364833088e-05,0.18129932889681252,0.0029048495158845093,25,10,20
35,444,0.7989667868088595,1.1206827233067761e-05,0.19811697494316344,0.0029050314207446372,25,10,20
35,445,0.7923887757895552,1.1452367354768942e-05,0.20469351023919136,0.0029062616038990487,25,10,20
35,446,0.7757396248355432,1.3299171513082939e-05,0.22098040838064312,0.003266667612301452,25,10,20
35,447,0.7754972658370599,1.3299262039723095e-05,0.22122276708620864,0.003266667814692402,25,10,20
35,448,0.7792550984750064,1.4940737643732658e-05,0.19228979445755331,0.028440166329796974,25,10,20
35,449,0.77879019984282,1.4940621056696873e-05,0.19275469458865144,0.028440164947472125,25,10,20
35,450,0.7913118884724787,1.329388135098592e-05,0.2017498647809982,0.0069249528651727475,25,10,20
35,451,0.7915518469203865,1.3293469079877339e-05,0.20150988132354525,0.006924978286988895,25,10,20
35,452,0.8243944354214144,1.1445678752818014e-05,0.16918276461189585,0.006411354287936156,25,10,20
35,453,0.824246191655138,1.14456853042201e-05,0.16933087452463721,0.006411488134919817,25,10,20
35,454,0.8244317154875087,1.144560164504451e-05,0.16914535116819582,0.006411487742649703,25,10,20
35,455,0.8341557874012407,1.0593025136891346e-05,0.15942733102216977,0.006406288551452116,25,10,20
35,456,0.8345204327067904,1.0592858157916388e-05,0.15906270945179413,0.006406264983257156,25,10,20
35,457,0.8308321638250667,1.0591270459737003e-05,0.16275132703395406,0.0064059178705189145,25,10,20
35,458,0.8418253770203088,1.0602900153239385e-05,0.15176009151261682,0.0064039285669206724,25,10,20
35,459,0.8755909120917241,1.0602871413652108e-05,0.11799467325429086,0.0064038117825709374,25,10,20
35,460,0.8863792114318332,1.0602918136655304e-05,0.1071317798977678,0.006478405752261959,25,10,20
35,461,0.8863879172194722,1.0601118380841492e-05,0.10712355036213138,0.006477931300015182,25,10,20
35,462,0.8861943029866457,1.0601113759088648e-05,0.10731716419025496,0.00647793170933987,25,10,20
35,463,0.8858638719727465,1.0601704007589452e-05,0.10764755948289954,0.0064779668403458016,25,10,20
35,464,0.8797330070701505,1.1051608137428822e-05,0.11371396715433672,0.006541974167374829,25,10,20
35,465,0.8763814423345822,1.0806146454506535e-05,0.11706589231408274,0.006541859204880149,25,10,20
35,466,0.8762450125073442,1.078841046404168e-05,0.11720234956266434,0.00654184951952662,25,10,20
35,467,0.8799911821461032,1.0788331759933835e-05,0.11345626866026469,0.006541760861871323,25,10,20
35,468,0.8753394250241139,1.1118991383704663e-05,0.11810688317544493,0.0065425728090566185,25,10,20
35,469,0.8973601242429455,1.1110379561939372e-05,0.09974824482815695,0.0028805205493344383,25,10,20
35,470,0.8971235492857627,1.1110484103262948e-05,0.09990548209250334,0.0029598581376297705,25,10,20
35,471,0.8963762859269359,1.1120581650880164e-05,0.10065256671945062,0.0029600267719615343,25,10,20
35,472,0.8965974676012947,1.1125207875762384e-05,0.10043141144611212,0.0029599957447163376,25,10,20
35,473,0.881314778674015,1.1055772106359784e-05,0.11564407689494466,0.0030300886589331648,25,10,20
35,474,0.8766509159270649,1.1056102367467647e-05,0.1203872249245605,0.0029508030460062384,25,10,20
35,475,0.8716031688936858,1.1269025151698805e-05,0.1254057470569191,0.002979815024242589,25,10,20
35,476,0.8718782122994502,1.1268577445118087e-05,0.12513084050681475,0.0029796786162890583,25,10,20
35,477,0.8632462481124018,1.1361442007476647e-05,0.13325892325856703,0.003483467187022507,25,10,20
35,478,0.8608359382639742,1.1448373682322264e-05,0.13562297429312306,0.0035296390692191766,25,10,20
35,479,0.893831683990572,1.1420658854463855e-05,0.10262736268019491,0.0035295326703777847,25,10,20
35,480,0.8955349209983872,1.1435080181406746e-05,0.10092362982328894,0.0035300140981417223,25,10,20
35,481,0.8955432138728722,1.1434996634923922e-05,0.10091533468000324,0.0035300164504889573,25,10,20
35,482,0.8917751424435251,1.159794552451434e-05,0.10468245327224597,0.0035308063387037513,25,10,20
35,483,0.8878240799536796,1.1605467694031211e-05,0.10732445379922126,0.004839860779404265,25,10,20
35,484,0.9002824456436294,1.5544779879835086e-06,0.09761204190263785,0.0021039579757439327,25,10,20
35,485,0.8871715289896198,1.8063881806828433e-05,0.11070358520103332,0.0021068219275397824,25,10,20
35,486,0.9071056138654336,1.7807873224618998e-05,0.09084063481020645,0.0020359434511348913,25,10,20
35,487,0.9239852445626603,1.7581388426175765e-05,0.07396230115840528,0.002034872890507903,25,10,20
35,488,0.9133259172675077,1.772026217580117e-05,0.08462040756617126,0.0020359549041443995,25,10,20
35,489,0.913574901541958,1.7720040022218697e-05,0.08437034102431912,0.00203703739370001,25,10,20
35,490,0.9074606929629089,1.790949879479497e-05,0.09042568697511863,0.002095710563177989,25,10,20
35,491,0.9140336569285301,1.7909432882945917e-05,0.0838527227214661,0.0020957109171214437,25,10,20
35,492,0.9199390174697458,1.7459601762732726e-05,0.07801047419933488,0.0020330487291565238,25,10,20
35,493,0.9203832107946295,1.7431449917758112e-05,0.07751902389304935,0.002080333862403294,25,10,20
35,494,0.920434094967654,1.743163428516337e-05,0.07746813571495496,0.0020803376831056834,25,10,20
35,495,0.9203616850061964,1.7425967485257405e-05,0.07754072061840496,0.0020801684079132343,25,10,20
35,496,0.9205476602917382,1.7426018107958552e-05,0.07735479469241939,0.0020801189977343467,25,10,20
35,497,0.9240133946288958,1.7558419271638133e-05,0.07388893020553584,0.0020801167462961697,25,10,20
35,498,0.9239394217410389,1.755852842210099e-05,0.07396290007272732,0.0020801196578109893,25,10,20
35,499,0.923818917360163,1.7563617474134213e-05,0.07408590475087674,0.0020776142714856046,25,10,20
35,500,0.885109063207885,1.8975021341759262e-05,0.11279425425823333,0.002077707512540577,25,10,20
35,501,0.8851098480490837,1.8969905170637362e-05,0.11279346935387949,0.002077712691866504,25,10,20
35,502,0.8853709671953665,1.7581156830913893e-05,0.11211240725692755,0.0024990443908753015,25,10,20
35,503,0.8854259446538757,1.75814587500454e-05,0.11205743287755097,0.0024990410098233956,25,10,20
35,504,0.8981884678718349,1.0723960640094853e-06,0.09931428098591046,0.002496178746190932,25,10,20
35,505,0.882353343104785,1.0637156082444772e-06,0.1151462414431732,0.0024993517364342616,25,10,20
35,506,0.8822656529827145,1.0638274612272944e-06,0.11523391692039413,0.0024993662694306183,25,10,20
35,507,0.8823338537557868,1.0636388144838505e-06,0.11516571918135109,0.0024993634240479223,25,10,20
35,508,0.8825200929973414,1.0587035514258178e-06,0.11497951076292572,0.002499337536181584,25,10,20
35,509,0.8821389190269078,1.0636755454633033e-06,0.11536063523634775,0.0024993820611992246,25,10,20
35,510,0.8822109307668181,1.0640002766576064e-06,0.11528855190433929,0.002499453328566138,25,10,20
35,511,0.8799770508846536,1.0680121910095586e-06,0.11752181001038631,0.002500071092769087,25,10,20
35,512,0.8837700755748671,9.334138343137303e-07,0.1137769862603377,0.00245200475096103,25,10,20
35,513,0.8568742253504447,2.00278539148788e-06,0.1409336010167335,0.002190170847430421,25,10,20
35,514,0.8947222841736634,1.9927669515831706e-06,0.10350699949790512,0.0017687235614801985,25,10,20
35,515,0.8912199611830595,1.9927831181775764e-06,0.10700934839831495,0.0017686976355073417,25,10,20
35,516,0.904271824231214,8.340938107894363e-07,0.09427329791962608,0.001454043755348655,25,10,20
35,517,0.9047335127804078,8.337738152291681e-07,0.09381160965156993,0.0014540437942064449,25,10,20
35,518,0.8973386885439625,1.3675607638433217e-05,0.10119149814547755,0.0014561377029209616,25,10,20
35,519,0.8993882729598627,1.386917285107352e-05,0.09918655629164301,0.0014113015756426085,25,10,20
35,520,0.8912772690661838,1.4176768444743113e-05,0.10722293007390887,0.0014856240914623059,25,10,20
35,521,0.8878080694620131,1.397036882592484e-05,0.1107217867873751,0.001456173381786193,25,10,20
35,522,0.8506964451695624,1.3989927311203537e-05,0.14725140358690036,0.002038161316226878,25,10,20
35,523,0.8261874313164571,1.3990747188261133e-05,0.17176129471245458,0.0020372832238994072,25,10,20
35,524,0.8297629533566941,1.3983316053691722e-05,0.169494809732721,0.0007282535945308601,25,10,20
35,525,0.84144472930033,0.0003905670455388066,0.1574361031597541,0.0007286004943785139,25,10,20
35,526,0.8371926176405968,0.0003905670826006873,0.16168818540496394,0.0007286298718394029,25,10,20
35,527,0.8376458670250782,0.000390567071507934,0.1612349561200258,0.0007286097833891369,25,10,20
35,528,0.8189829959815866,0.00041468369358360033,0.17987160959888435,0.0007307107259453152,25,10,20
35,529,0.8187448245673863,0.0004146838313912771,0.18010977355954524,0.0007307180416768058,25,10,20
35,530,0.7839282509836994,0.0004160361542784622,0.2147438167373162,0.0009118961247046315,25,10,20
35,531,0.7829541391920677,0.0004160731493849781,0.21574493857240598,0.0008848490861401016,25,10,20
35,532,0.771549763705822,0.0004235099572744232,0.2271089477479482,0.0009177785889545889,25,10,20
35,533,0.7824913960869923,0.0004157907978033484,0.21620933081462276,0.0008834823005806628,25,10,20
35,534,0.78219806799089,0.0004157910133310308,0.21650263769024572,0.0008835033055321205,25,10,20
35,535,0.7825317978037266,0.0004157859322864163,0.2161689376454942,0.000883478618491975,25,10,20
35,536,0.7835467688358589,0.0004157856797231442,0.21515400133926468,0.0008834441451523307,25,10,20
35,537,0.8062484755632581,0.0004157775733090861,0.19245453408592628,0.0008812127775053504,25,10,20
35,538,0.8147089965326848,0.00041565778732019043,0.183995236410927,0.000880109269066693,25,10,20
35,539,0.8126502963530844,0.00041566089283248285,0.1860096406363979,0.0009244021176839731,25,10,20
35,540,0.8019735222588072,0.00041566193590665795,0.19668636405118878,0.0009244517540964523,25,10,20
35,541,0.8018822152774677,0.000415665980231345,0.196777645240215,0.0009244735020850347,25,10,20
35,542,0.8077253608946385,0.00041566696313900114,0.19097878201802665,0.0008801901241942355,25,10,20
35,543,0.8032284616996883,0.00041567535558232114,0.195453693379463,0.0009021695652658112,25,10,20
35,544,0.8042059832976686,0.00041568627452139245,0.19447916767235646,0.0008991627554525636,25,10,20
35,545,0.8092124167796109,0.00041535231890893454,0.1865155818197498,0.0038566490817294827,25,10,20
35,546,0.8091302685036978,0.0004153519709518623,0.18659780147085134,0.003856578054498564,25,10,20
35,547,0.8461121366050953,0.0004153324019175401,0.15019794295984965,0.0032745880331379656,25,10,20
35,548,0.8474252950620058,0.0004151995693449516,0.14888496618391728,0.003274539184732151,25,10,20
35,549,0.8476635493150714,0.0004151911571500873,0.14864679500464895,0.0032744645231295947,25,10,20
35,550,0.8413723264338095,0.0004151945655633062,0.15493716002392097,0.003275318976706522,25,10,20
35,551,0.8434313033243541,0.0004151757665205378,0.1528781510061612,0.0032753699029643524,25,10,20
35,552,0.8473116763870309,0.00041517566314156954,0.14899909816820814,0.003274049781619717,25,10,20
35,553,0.8472737491874586,0.00041517649564079046,0.14903699171089754,0.0032740826060035314,25,10,20
35,554,0.8466556489337935,0.0004151772256627927,0.14965509105259295,0.003274082787951092,25,10,20
35,555,0.846865087676655,0.00041517609342450816,0.14944300678929787,0.003276729440622782,25,10,20
35,556,0.8580358762644528,0.00041517469849316335,0.13827212761010743,0.0032768214269465958,25,10,20
35,557,0.8674280683948598,0.0004149718268097066,0.1289392400836716,0.0032177196946585936,25,10,20
35,558,0.8678037914790565,0.00041497175236961917,0.12856353934519812,0.0032176974233755935,25,10,20
35,559,0.8679334601869195,0.00041497176096645384,0.12843387052256994,0.0032176975295440603,25,10,20
35,560,0.8679328021901008,0.00041497194166388726,0.12843450250583668,0.003217723362398522,25,10,20
35,561,0.8544010401792127,3.8387646251405664e-05,0.14234336746679918,0.00321720470773711,25,10,20
35,562,0.8617371615717535,2.554633326796492e-05,0.13502215471372747,0.003215137381251498,25,10,20
35,563,0.8624086897833189,2.5528172382699596e-05,0.13435064647095823,0.0032151355733402733,25,10,20
35,564,0.862337620329922,2.5528258810740214e-05,0.1344218214830787,0.0032150299281886313,25,10,20
35,565,0.8515618408326004,2.553138993026045e-05,0.14519761577442364,0.003215012003045325,25,10,20
35,566,0.8514305729866182,2.5532951299668937e-05,0.1453288702012764,0.0032150238608055536,25,10,20
35,567,0.8510991726070753,2.5534186785438953e-05,0.14566017028408665,0.0032151229220521854,25,10,20
35,568,0.8577849455904734,2.5530577664595084e-05,0.13897530657542279,0.0032142172564391374,25,10,20
35,569,0.8618062038392165,2.5529718012944164e-05,0.13795881350177558,0.00020945294099485577,25,10,20
35,570,0.8612369510628122,2.5534813181737424e-05,0.13852735813266712,0.00021015599133887415,25,10,20
35,571,0.8612405799337166,2.5534887267106107e-05,0.13852382069830163,0.00021006448071440346,25,10,20
35,572,0.861370851154382,2.5524716290266197e-05,0.13839356217036763,0.00021006195896006546,25,10,20
35,573,0.8703134310728465,2.551815532933596e-05,0.12945103485067636,0.00021001592114778904,25,10,20
35,574,0.8699069881528562,2.555570460721974e-05,0.12985726106305615,0.00021019507948062566,25,10,20
35,575,0.8699378055399243,2.555555376693553e-05,0.1298264635212517,0.00021017538505721162,25,10,20
35,576,0.8690136006718877,2.5555159425826167e-05,0.13075048803354444,0.00021035613514207248,25,10,20
35,577,0.8787667288167111,1.6094549703951766e-06,0.12097699713843432,0.0002546645898842372,25,10,20
35,578,0.878044202473641,1.6103573858684527e-06,0.12169938340631666,0.00025480376265660904,25,10,20
35,579,0.8769292612387027,3.664636314198131e-06,0.12280733085833584,0.0002597432666473036,25,10,20
35,580,0.877944038360847,3.625515904152022e-06,0.12179278559056542,0.00025955053268360983,25,10,20
35,581,0.8774681265341019,3.6255035958238834e-06,0.12226869796875035,0.00025954999355207723,25,10,20
35,582,0.8772116506931225,3.625616506342939e-06,0.12252517109328513,0.00025955259708609587,25,10,20
35,583,0.8739485562416125,3.655266130797865e-06,0.12578829609415726,0.00025949239809954405,25,10,20
35,584,0.864197115367166,3.985110273817634e-06,0.1354937791214718,0.00030512040108831456,25,10,20
35,585,0.8646810847156506,3.985095944420638e-06,0.13500981225994335,0.0003051179284614964,25,10,20
35,586,0.8652869330581128,3.985539029035466e-06,0.13440392418407213,0.00030515721878595194,25,10,20
35,587,0.8654067608964489,3.984186622512994e-06,0.13428427710332808,0.0003049778136003742,25,10,20
35,588,0.8585920225251215,3.992596996910521e-06,0.1410990062477753,0.00030497863010566504,25,10,20
35,589,0.8425618088895763,4.980615960399983e-06,0.15712814460873453,0.00030506588572905356,25,10,20
35,590,0.850645543967332,4.809863247724494e-06,0.1490909265444431,0.00025871962497722554,25,10,20
35,591,0.8522841232726551,2.7542680893131203e-06,0.1474593508012676,0.00025377165798778776,25,10,20
35,592,0.852610872966452,2.7537222053302213e-06,0.14713533947786586,0.00025103383347679903,25,10,20
35,593,0.8528125314796128,2.751280041507871e-06,0.14693370852010829,0.0002510087202378268,25,10,20
35,594,0.8373724952628714,2.751485862163814e-06,0.16237387795780703,0.00025087529346033623,25,10,20
35,595,0.8740279224678139,1.395056491423982e-06,0.1259016035396789,6.907893601597361e-05,25,10,20
35,596,0.8742238384732296,1.3923416615759507e-06,0.12570573812541944,6.90310596895447e-05,25,10,20
35,597,0.8668776577827386,1.4869166710461048e-05,0.13303840130559616,6.907174495509032e-05,25,10,20
35,598,0.8824942731515716,1.3881666403322198e-05,0.11742278617654552,6.905900548005668e-05,25,10,20
35,599,0.882892725161394,1.3881479224658164e-05,0.117024334780783,6.905857859883555e-05,25,10,20
35,600,0.8830945698201575,1.3881215273494067e-05,0.1168225151931176,6.90337714517271e-05,25,10,20
35,601,0.8719528029523659,1.388703215513682e-05,0.1279643231611266,6.898685435294633e-05,25,10,20
35,602,0.8714363655695836,1.3886302631770706e-05,0.12848075849758603,6.898963019885623e-05,25,10,20
35,603,0.8714525910439913,1.3886313873548147e-05,0.12846453169291475,6.899094922075178e-05,25,10,20
35,604,0.876639747057377,1.3975196718124786e-05,0.12327684229405683,6.943545184819497e-05,25,10,20
35,605,0.8748301889062191,7.114298085773399e-05,0.12502899497190648,6.967314101676425e-05,25,10,20
35,606,0.8549658608451552,7.115249430959463e-05,0.14489199951345136,7.098714708425401e-05,25,10,20
35,607,0.8536301319257283,7.115330404666685e-05,0.1462231895583147,7.55252119108886e-05,25,10,20
35,608,0.8579879050275021,7.114508380423041e-05,0.14188733378767013,5.361610102420769e-05,25,10,20
35,609,0.8508968019130125,7.844540347899262e-05,0.14901556108525588,9.191598253064979e-06,25,10,20
35,610,0.8470967324961393,7.851207860513623e-05,0.15281525659665898,9.498828597093976e-06,25,10,20
35,611,0.847216016810296,7.851208989546315e-05,0.15269594691319555,9.524186613464403e-06,25,10,20
35,612,0.8472024166541565,7.851210090749969e-05,0.15270954496011424,9.52628482200238e-06,25,10,20
35,613,0.8536922717027023,7.841723782568854e-05,0.14622024339922507,9.067660247080744e-06,25,10,20
35,614,0.8448798512355552,7.836527913695738e-05,0.1550329566081629,8.826877145247952e-06,25,10,20
35,615,0.8458645183145399,7.836430599090706e-05,0.15404840747874435,8.709900725211828e-06,25,10,20
35,616,0.8469992025790423,7.836430548983174e-05,0.15291372617278196,8.706942686310932e-06,25,10,20
35,617,0.859320337625347,7.834949468162055e-05,0.14059267414892437,8.638731047149402e-06,25,10,20
35,618,0.8597071151320079,7.834938349347067e-05,0.14020589975077638,8.63573372227561e-06,25,10,20
35,619,0.8539662001678947,7.8795637941257e-05,0.1459442977430683,1.0706451095754289e-05,25,10,20
35,620,0.8736111889963506,7.878643530068691e-05,0.12630055617086902,9.468397479947424e-06,25,10,20
35,621,0.8732652693800165,7.878972264172583e-05,0.12664647133444193,9.469562899810052e-06,25,10,20
35,622,0.871749489403351,7.880786505808686e-05,0.12816220652930166,9.496202289323344e-06,25,10,20
35,623,0.8667024018752144,7.880617253029329e-05,0.13315737443637007,6.141751588548717e-05,25,10,20
35,624,0.8667856895444362,7.880265397241592e-05,0.13307408533746645,6.142246412535503e-05,25,10,20
35,625,0.8506480398452045,7.880265508421469e-05,0.14921173404105773,6.142345865399408e-05,25,10,20
35,626,0.853686379134945,7.879424759949679e-05,0.14617340308865293,6.14235288029314e-05,25,10,20
35,627,0.8536354304527791,7.8794255068077e-05,0.14622434978082977,6.142551132379619e-05,25,10,20
35,628,0.8378392776306681,7.834874866980382e-05,0.16202307020094392,5.930341971835098e-05,25,10,20
35,629,0.8313938263408923,9.134956187513668e-05,0.16845548312670305,5.93409705296843e-05,25,10,20
35,630,0.8421974748759316,9.135041706626058e-05,0.15765070832029718,6.046638670487633e-05,25,10,20
35,631,0.8348087289743019,9.159742701224849e-05,0.16503897579984222,6.069779884383925e-05,25,10,20
35,632,0.8341695365644263,9.159414230048351e-05,0.16567800935313287,6.0859940140652646e-05,25,10,20
35,633,0.8505661195482204,9.159416412167849e-05,0.1492814220731492,6.0864214508799624e-05,25,10,20
35,634,0.8327809455932517,9.216808751667123e-05,0.1669120082167655,0.00021487810246644933,25,10,20
35,635,0.8153346800847144,9.33284880513271e-05,0.1843570084562742,0.00021498297096061194,25,10,20
35,636,0.8204324531107805,9.348589870710368e-05,0.17926725610179833,0.00020680488871462389,25,10,20
35,637,0.8170239836891564,9.361891123523261e-05,0.18267557878905735,0.00020681861055205062,25,10,20
35,638,0.8232796212535471,8.062503279945099e-05,0.17643290759489486,0.00020684611875952072,25,10,20
35,639,0.823019937776044,8.062530700533151e-05,0.17669258860098,0.00020684831597187704,25,10,20
35,640,0.8229694421696305,8.062556620899551e-05,0.17674305611318786,0.00020687615097321417,25,10,20
35,641,0.836529716341552,8.143238413235153e-05,0.16317812099219423,0.0002107302821213854,25,10,20
35,642,0.8364368748446688,8.143305196731919e-05,0.16327086456898676,0.00021082753437746282,25,10,20
35,643,0.8624815314662438,8.06002820597743e-05,0.13722981724372676,0.0002080510079699323,25,10,20
35,644,0.8642285691109681,2.34324836795635e-05,0.13554011021965928,0.0002078881856934276,25,10,20
35,645,0.8643154748428362,2.342876409892036e-05,0.13545429529708222,0.00020680109598332296,25,10,20
35,646,0.8814658592304547,1.5798192446055277e-05,0.11831277463771786,0.00020556793938174975,25,10,20
35,647,0.8476869503324947,1.579823056338452e-05,0.15209168335245338,0.00020556808448908437,25,10,20
35,648,0.8470974010984748,1.5792254445706598e-05,0.15254995196648158,0.0003368546805984371,25,10,20
35,649,0.8462437899673634,1.5801591342404948e-05,0.1534034657431181,0.0003369426981767595,25,10,20
35,650,0.8343049256818159,1.6154501449230617e-05,0.16534037849617583,0.00033854132055937905,25,10,20
35,651,0.8343271104222341,1.6154501135330527e-05,0.16531819379905333,0.0003385412775773705,25,10,20
35,652,0.8074476830394666,1.648506547098936e-05,0.19210895483322324,0.0004268770618387482,25,10,20
35,653,0.7848600613286,1.6927837726603424e-05,0.2146940237659068,0.0004289870677662871,25,10,20
35,654,0.7850523905483862,1.6932513462209725e-05,0.21450168060480837,0.00042899633334296685,25,10,20
35,655,0.7860299629320338,1.6932499532556555e-05,0.21352429779135929,0.0004288067770740615,25,10,20
35,656,0.785773863689421,1.69232448565629e-05,0.21378049549738776,0.0004287175683342192,25,10,20
35,657,0.7854366543148226,1.692404054781271e-05,0.21411769907056516,0.0004287225740641947,25,10,20
35,658,0.7766166478762845,1.6659524323584957e-05,0.22293814681859037,0.0004285457808010798,25,10,20
35,659,0.7989614473065894,1.623026596398817e-05,0.20059585792294485,0.00042646450450175595,25,10,20
35,660,0.798784669694123,1.622555668228697e-05,0.20077177342113955,0.00042733132805498853,25,10,20
35,661,0.8094997288915259,1.585182734895518e-05,0.19018367108884265,0.00030074819228250723,25,10,20
35,662,0.8429922513167493,1.585221773201783e-05,0.15669114671866727,0.000300749746851916,25,10,20
35,663,0.8417794566491142,1.5852135110257228e-05,0.15790394257688584,0.0003007486388902714,25,10,20
35,664,0.8415310293420479,1.5857216068928443e-05,0.15815233903574055,0.00030077440614292785,25,10,20
35,665,0.8420855611460969,2.769514575420118e-05,0.15752975624497442,0.0003569874631747473,25,10,20
35,666,0.859491426698011,2.6534761707653007e-05,0.1401251512437929,0.0003568872964886542,25,10,20
35,667,0.8595999605883385,2.6534437958501927e-05,0.14001658492997074,0.00035692004373248496,25,10,20
35,668,0.8598460495896711,2.6529372852290935e-05,0.13977052173346918,0.0003568993040075939,25,10,20
35,669,0.8862846759720574,2.6198990736214994e-05,0.11341791429694044,0.00027121074026626536,25,10,20
35,670,0.8860273385672,2.619915845907239e-05,0.11367525444305558,0.00027120783128566805,25,10,20
35,671,0.8976131062927027,2.6231319286554254e-05,0.10209111661436669,0.00026954577364404314,25,10,20
35,672,0.9004861827250019,2.609897227845099e-05,0.09921818572169984,0.0002695325810199282,25,10,20
35,673,0.9017293973217788,2.6098288047744158e-05,0.09797497197659717,0.0002695324135763558,25,10,20
35,674,0.8976202715843451,2.6098296121004518e-05,0.10208410001847028,0.00026953010106376475,25,10,20
35,675,0.8978462267384743,2.609824104665942e-05,0.10185814215191659,0.000269532868562546,25,10,20
35,676,0.8899726408093735,2.6220661876872672e-05,0.10969954042256207,0.000301598106187528,25,10,20
35,677,0.8854712434502635,2.6241302864195313e-05,0.11414636878578194,0.0003561464610906045,25,10,20
35,678,0.8858295514860149,2.6080662286592214e-05,0.11383006540985463,0.0003143024418439843,25,10,20
35,679,0.8863185609658154,2.6080584478676098e-05,0.11334375512791822,0.0003116033217878975,25,10,20
35,680,0.8774621021501008,2.6295667164176418e-05,0.12213953152463039,0.0003720706581050732,25,10,20
35,681,0.8763867563733977,2.6318884921785942e-05,0.12321269352954418,0.0003742312121366729,25,10,20
35,682,0.8806541357512475,2.6324081235362093e-05,0.11894530814289628,0.0003742320246211647,25,10,20
35,683,0.8881710627911091,1.2847708607607962e-05,0.11144189563928379,0.00037419386099937226,25,10,20
35,684,0.8868866190118417,1.354992122777466e-05,0.11272565594287132,0.0003741751240590086,25,10,20
35,685,0.8868189114981544,1.352696509660453e-05,0.11279012033056261,0.0003774412061862664,25,10,20
35,686,0.88608521467616,1.3526466103069175e-05,0.11352376946581558,0.0003774893919211753,25,10,20
35,687,0.8870317742091934,1.3527088025292094e-05,0.11257708886101328,0.0003776098417677963,25,10,20
35,688,0.8937475692026452,1.3316658536486448e-05,0.10592193432460671,0.0003171798142114951,25,10,20
35,689,0.8839395915306143,1.3319035592193671e-05,0.11572928936444399,0.0003178000693496028,25,10,20
35,690,0.8838877119841206,1.3313949139399e-05,0.11578049683386676,0.00031847723287324847,25,10,20
35,691,0.8794235087577543,1.433895499096406e-05,0.11996984745881856,0.0005923048284362815,25,10,20
35,692,0.8795914702784526,1.433859477896776e-05,0.11980451405079919,0.0005896770759693243,25,10,20
35,693,0.8701311200053011,1.4338823899788582e-05,0.12939616472962784,0.0004583764411711372,25,10,20
35,694,0.8704065431132159,1.4338639805076543e-05,0.12912074358305042,0.00045837466392860437,25,10,20
35,695,0.8719388382458872,1.3251187066846406e-05,0.12758954375400675,0.00045836681303913524,25,10,20
35,696,0.871920860584894,1.3251204903795915e-05,0.127607518353979,0.00045836985622313273,25,10,20
35,697,0.8719505779666495,1.325047287121384e-05,0.12757797407116805,0.0004581974893112364,25,10,20
35,698,0.8720934399504863,1.3250273895869127e-05,0.1274351850791773,0.0004581246964406409,25,10,20
35,699,0.8872242608274559,1.3243528711632321e-05,0.1123034754860908,0.0004590201577418821,25,10,20
35,700,0.85504914771898,1.3378491062645789e-05,0.1444645878319485,0.00047288595800983957,25,10,20
35,701,0.8478424692099158,1.3378786299427917e-05,0.1516690251981776,0.00047512680560829175,25,10,20
35,702,0.8477929533433762,1.3378341364211801e-05,0.15171854445276775,0.0004751238624928503,25,10,20
35,703,0.8641506638021972,1.539674850817828e-06,0.13542903912985704,0.00041875739309602504,25,10,20
35,704,0.8641662944041809,1.539362816593969e-06,0.13541341397516576,0.00041875225783765085,25,10,20
35,705,0.8641256667333503,1.544499457916583e-06,0.13545269225112366,0.00042009651606950306,25,10,20
35,706,0.8641925819616091,1.5444952600211684e-06,0.13538577698474957,0.0004200965583824898,25,10,20
35,707,0.8418535802713062,1.5655218579864845e-06,0.15738359362568471,0.0007612605811521053,25,10,20
35,708,0.8702985665406533,1.542308024402374e-06,0.1292797446359999,0.00042014651532346986,25,10,20
35,709,0.8642900024153555,1.5422939323512985e-06,0.13528829271712872,0.00042016257358444775,25,10,20
35,710,0.8639484828433744,1.8277914646995237e-06,0.13562947354861213,0.0004202158165499341,25,10,20
35,711,0.8675563993121158,1.8275863700911649e-06,0.13202226107445542,0.00041951202705972114,25,10,20
35,712,0.8714130882992555,1.920825332221581e-06,0.12814136228063627,0.00044362859477685765,25,10,20
35,713,0.8398698986061912,8.927532921109678e-07,0.1599604805164982,0.00016872812401921074,25,10,20
35,714,0.8396963917420963,8.928344288482458e-07,0.16013394031105535,0.00016877511242021685,25,10,20
35,715,0.8397432545258405,8.925695125023898e-07,0.16008705730684242,0.00016879559780537802,25,10,20
35,716,0.8031835230023706,2.148954848693857e-06,0.19663955867991742,0.00017476936286358192,25,10,20
35,717,0.8109573979109128,2.146884918599104e-06,0.1889201477166027,0.00012030748756604854,25,10,20
35,718,0.8109347958431432,2.147315213013821e-06,0.1889400374647353,0.0001230193769085195,25,10,20
35,719,0.7729813667772778,2.1757202902103525e-06,0.22689330444875427,0.00012315305367791178,25,10,20
35,720,0.8047264469028589,2.179302228096611e-06,0.19514822466083748,0.00012314913407528388,25,10,20
35,721,0.8052167893178449,2.174923752990275e-06,0.1946589956138199,0.00012204014458186974,25,10,20
35,722,0.7997758213437236,2.3567046686320194e-06,0.2000998123904879,0.0001220095611195666,25,10,20
35,723,0.7993955220904693,2.3633539038325888e-06,0.20047730573053088,0.00012480882509568244,25,10,20
35,724,0.8048664399035864,2.4670592391991422e-06,0.19500631258739937,0.00012478044977463234,25,10,20
35,725,0.830175683514145,2.4693644752624015e-06,0.16971465877603273,0.00010718834534660352,25,10,20
35,726,0.8390676911774618,2.33092735409345e-06,0.16082267940025674,0.00010729849492718959,25,10,20
35,727,0.8378730306103818,2.340442076568826e-06,0.16187526130572732,0.00024936764181387875,25,10,20
35,728,0.8371846661860493,2.366022185472249e-06,0.16256356079775774,0.00024940699400686275,25,10,20
35,729,0.8461352167558341,2.2616385044502874e-06,0.15364509146739985,0.0002174301382619364,25,10,20
35,730,0.8463751177332477,2.261116703094416e-06,0.15340792424668623,0.0002146969033633859,25,10,20
35,731,0.88305907612786,1.0047459522980067e-06,0.11673124250730892,0.00020867661887931399,25,10,20
35,732,0.8832466976011298,1.004087860849748e-06,0.11654461669528123,0.0002076816157287007,25,10,20
35,733,0.8806981125587297,5.2474567308700745e-06,0.11906870196551196,0.0002279380190281669,25,10,20
35,734,0.9196341018064842,5.2188421504933295e-06,0.08013287876039882,0.0002278005909663123,25,10,20
35,735,0.9077850419051733,5.425328523960879e-06,0.09198173595597153,0.00022779681033118954,25,10,20
35,736,0.900293107195847,5.4288226718169e-06,0.0994750082812888,0.00022645570019200756,25,10,20
35,737,0.893311158584906,5.434239416636767e-06,0.1064569502551913,0.000226456920485677,25,10,20
35,738,0.865697791080922,5.495251908684321e-06,0.1340701468334407,0.00022656683372923445,25,10,20
35,739,0.8717073469808203,5.495345534748862e-06,0.12806061194360743,0.00022654573003808297,25,10,20
35,740,0.8750579568131329,5.401809659345166e-06,0.12473645348790152,0.00020018788930674562,25,10,20
35,741,0.8709832532728937,5.397360395428881e-06,0.12881115948609256,0.00020018988061885936,25,10,20
35,742,0.8802289184353598,5.397288072174724e-06,0.11956549474660905,0.00020018952995979792,25,10,20
35,743,0.867271126497004,5.3910075179612365e-06,0.13261616629098802,0.00010731620449058802,25,10,20
35,744,0.8669073911694443,5.396841169745483e-06,0.13297848184487993,0.00010873014450678673,25,10,20
35,745,0.862745738961312,5.394756600812537e-06,0.13714071274339518,0.00010815353869232902,25,10,20
35,746,0.8356374023075149,0.0008832621112370487,0.16337079478860647,0.00010854079264146923,25,10,20
35,747,0.8425924422812109,0.0008830614050220902,0.15644343294144533,8.106337232247729e-05,25,10,20
35,748,0.82612266706333,0.0008841520260391373,0.1729070535332708,8.612737736054946e-05,25,10,20
35,749,0.8264093084207462,0.0008841819777730405,0.17262032483867842,8.618476280273255e-05,25,10,20
35,750,0.8177480439093533,0.0009258856896504884,0.18123853085796177,8.753954303482909e-05,25,10,20
35,751,0.8174068338132762,0.0009259535848153009,0.18157933292886327,8.78796730455383e-05,25,10,20
35,752,0.8426819452258094,0.0009259530157283802,0.15619079175255687,0.00020131000590596586,25,10,20
35,753,0.8426741429081211,0.0009259530464577521,0.1561985898536828,0.00020131419173924963,25,10,20
35,754,0.8429592495498377,0.0009259397248861849,0.15591347670073594,0.00020133402454099823,25,10,20
35,755,0.8420102102597542,0.0009259320987044431,0.156857511120078,0.00020634652146456835,25,10,20
35,756,0.8415016660492887,0.0009259329914527988,0.15736595695523992,0.00020644400401995257,25,10,20
35,757,0.8262375050124051,0.0009262900793359677,0.17258126408284385,0.00025494082541687086,25,10,20
35,758,0.8267036125010023,0.0009262900977540889,0.17211501844999819,0.00025507895124719066,25,10,20
35,759,0.8125110267601348,0.0009268782171546533,0.18630697823794262,0.00025511678477008605,25,10,20
35,760,0.8496939482428584,0.0008851137503697624,0.14917273428757585,0.0002482037191969676,25,10,20
35,761,0.874519963515527,7.236492011417571e-06,0.1252258686401534,0.0002469313523095938,25,10,20
35,762,0.8663832267632473,7.393557239158198e-06,0.13332177420599078,0.0002876054735240734,25,10,20
35,763,0.8661312596854104,7.39388459803272e-06,0.13357360310387245,0.000287743326120345,25,10,20
35,764,0.8771151431998219,7.393489835911247e-06,0.12270316020024805,0.00017430311009569488,25,10,20
35,765,0.8788128044114142,7.375362405632092e-06,0.12101057016003863,0.00016925006614302372,25,10,20
35,766,0.8460132347146928,7.3987669764090685e-06,0.15380999306862256,0.0001693734497090544,25,10,20
35,767,0.8296416750072975,8.534477482142764e-06,0.17017783770431477,0.0001719528109068302,25,10,20
35,768,0.8272907677586134,8.932289320841292e-06,0.1725263726527871,0.00017392729927966332,25,10,20
35,769,0.8268763194806235,8.310479510602938e-06,0.17294154542967358,0.0001738246101934066,25,10,20
35,770,0.8230364275581634,8.030296973674796e-06,0.17678050504247433,0.0001750371023896795,25,10,20
35,771,0.8225790128690967,8.029316863581403e-06,0.17723801442042697,0.00017494339361365566,25,10,20
35,772,0.822281798983521,8.297767686126984e-06,0.17753355909359572,0.00017634415519747013,25,10,20
35,773,0.8298219039655125,8.146532280578657e-06,0.17003418263361142,0.00013576686859583694,25,10,20
35,774,0.813569446413416,0.0005427672267967477,0.18575410938445733,0.00013367697533202933,25,10,20
35,775,0.8144021627515464,0.0005427674886207043,0.1849212390428539,0.00013383071698115447,25,10,20
35,776,0.829821640591857,0.0005427666983485744,0.16950169624410205,0.0001338964656926619,25,10,20
35,777,0.8295163357379549,0.0005424991665469799,0.16980849609983412,0.0001326689956641754,25,10,20
35,778,0.8297371342172483,0.0005424987773144898,0.169587661662184,0.0001327053432537228,25,10,20
35,779,0.8366724753316224,0.0005422056031380919,0.16265260086549585,0.00013271819974398756,25,10,20
35,780,0.8371298924944928,0.0005421988104044703,0.16219866870763078,0.00012923998747230674,25,10,20
35,781,0.8510175821392165,0.0005420093019811192,0.14828591419362297,0.0001544943651801226,25,10,20
35,782,0.8531051259490193,0.0005377663056878253,0.1462228678846428,0.00013423986065016715,25,10,20
35,783,0.8530945612566007,0.0005377659792506436,0.14623357216823168,0.00013410059591710958,25,10,20
35,784,0.8605226999256983,0.0005377577987877871,0.13880421027944934,0.0001353319960644471,25,10,20
35,785,0.860383134928675,0.0005377619953435268,0.13894375138467938,0.00013535169130219607,25,10,20
35,786,0.8600493789511426,0.0005377671312869453,0.13927748016352676,0.0001353737540435035,25,10,20
35,787,0.8689625374709461,0.0005377679853044009,0.13041255715980882,8.713738394099814e-05,25,10,20
35,788,0.8665185137938473,0.0005379580024351403,0.13285594572116088,8.758248255718921e-05,25,10,20
35,789,0.8666668097919348,0.0005379578154769782,0.13270772193310065,8.751045948800942e-05,25,10,20
35,790,0.8574448229968554,0.0005382537833782941,0.14190089508709502,0.00011602813267159053,25,10,20
35,791,0.8517606014436815,0.0005379742999518261,0.1475576660496094,0.00014375820675753158,25,10,20
35,792,0.8515409866640042,0.0005379702602145628,0.1477771667759945,0.0001438762997868478,25,10,20
35,793,0.8494579871977834,0.0005421560008605587,0.14985620566268254,0.00014365113867384388,25,10,20
35,794,0.8494628640281806,0.00054304262338365,0.14985036101209495,0.000143732336341188,25,10,20
35,795,0.8401177179949311,0.0005429698868724301,0.15919486672901745,0.00014444538917881804,25,10,20
35,796,0.8299262295875706,0.0005431827427649335,0.1693852822427819,0.00014530542688180777,25,10,20
35,797,0.8064985021286185,0.0005444295025006405,0.1928369576816262,0.00012011068725422083,25,10,20
35,798,0.8116443184654097,0.0005444254076169816,0.1876921066311139,0.00011914949585872616,25,10,20
35,799,0.835625550341253,0.0005431713499108225,0.16371220548760884,0.000119072821226615,25,10,20
35,800,0.832519669230923,0.0005509966103258275,0.16462687927429973,0.002302454884450485,25,10,20
35,801,0.8326372456203337,0.0005509965974427977,0.16450930130191307,0.002302456480309458,25,10,20
35,802,0.8324018267832417,0.000551000244750707,0.1647442513024657,0.0023029216695409347,25,10,20
35,803,0.8475767159581631,0.000550625473078465,0.1496183210702675,0.002254337498490364,25,10,20
35,804,0.8168101083063657,0.0005508406514820323,0.1803251653875397,0.002313885654612714,25,10,20
35,805,0.8066189569073993,0.0005509669473681115,0.1904831128736657,0.0023469632715671755,25,10,20
35,806,0.8195929888697152,0.000542933594516532,0.17970086503252997,0.00016321250323789472,25,10,20
35,807,0.8258551879198903,0.0005387426318633652,0.17344389835413918,0.00016217109410633865,25,10,20
35,808,0.8355912312214429,0.0005384304580280952,0.16373672563243635,0.00013361268809234357,25,10,20
35,809,0.8361212825270524,0.0005384291862195196,0.16320677330132963,0.00013351498539817806,25,10,20
35,810,0.8476828227594795,0.0005383119684619977,0.15164648799643024,0.0001323772756281254,25,10,20
35,811,0.8471474844644834,0.0005385095702697871,0.15218054325578156,0.00013346270946515065,25,10,20
35,812,0.8462701259232399,0.0005376236648715625,0.15305886760391882,0.00013338280796974903,25,10,20
35,813,0.8454760583227474,0.0005384563145545368,0.15385274123292414,0.00013274412977392976,25,10,20
35,814,0.846065599957797,0.0005384553960296129,0.1532633737333748,0.0001325709127988146,25,10,20
35,815,0.8626170805774487,0.0005484941264920306,0.13671251374981558,0.00012191154624373084,25,10,20
35,816,0.8594958469383134,0.0005484883021443124,0.13983265707613607,0.00012300768340649742,25,10,20
35,817,0.8595054051164491,0.000548488301581174,0.1398230989825529,0.00012300759941711277,25,10,20
35,818,0.859614450953198,0.0005484886933361393,0.13971398585574316,0.00012307449772321446,25,10,20
35,819,0.8600429188020666,0.0005484889930804114,0.13928559520622097,0.00012299699863247833,25,10,20
35,820,0.8867626578058405,0.0005473971732278433,0.11257206515053182,0.0001178798704003507,25,10,20
35,821,0.8969572848669302,0.0005472708752168524,0.1024106445440567,8.479971379669124e-05,25,10,20
35,822,0.8970841307409543,0.000547270872283076,0.10228379984982375,8.479853693894513e-05,25,10,20
35,823,0.9114204368039812,0.0005370127820972547,0.08800661216844191,3.593824547986947e-05,25,10,20
35,824,0.9114413264733883,0.0005370125290056659,0.08798688285253921,3.4778145067186695e-05,25,10,20
35,825,0.9427730356501417,1.1894728640441036e-06,0.057191738101163445,3.4036775830788316e-05,25,10,20
35,826,0.9261481257004962,0.00021927728191650797,0.07359755390024293,3.504311734442248e-05,25,10,20
35,827,0.9211532773864961,0.00021844480666283005,0.07856799336212592,6.028444471535555e-05,25,10,20
35,828,0.9289181379361869,0.00021833147683020737,0.07083224974927577,3.128083770726299e-05,25,10,20
35,829,0.9289152008254655,0.0002183313871807876,0.07083518522771852,3.128255963525471e-05,25,10,20
35,830,0.9287859030782147,0.00021833140947939778,0.0709644087088467,3.1356803459171213e-05,25,10,20
35,831,0.915564753271619,0.00021897975932639324,0.08411582349706279,0.00010044347199128793,25,10,20
35,832,0.9174052141305102,0.00021994811394248506,0.08227506634496078,9.977141058612431e-05,25,10,20
35,833,0.9117670739766397,0.00021995245852104054,0.08791210488358424,0.00010086868125480452,25,10,20
35,834,0.9116287594448292,0.0002199525825266594,0.08805005373945438,0.00010123423318951051,25,10,20
35,835,0.9094169683834014,0.00022284548477169978,0.09024397733966712,0.00011620879215982612,25,10,20
35,836,0.9082209161528998,0.00022284473085234792,0.09144009623921442,0.00011614287703328713,25,10,20
35,837,0.9076188898999245,0.00022284474664175633,0.09204212233436028,0.0001161430190734421,25,10,20
35,838,0.9089589798031374,0.0002228511917961477,0.09070194277482285,0.00011622623024339864,25,10,20
35,839,0.9095362123382762,0.00022285118906323229,0.09012470779549074,0.00011622867716967534,25,10,20
35,840,0.9256982138960026,0.00022282789834742419,0.07396282386289975,0.00011613434275012106,25,10,20
35,841,0.9269908126494281,0.00022282658999761188,0.07267031046484587,0.0001160502957287954,25,10,20
35,842,0.9271408713001382,0.0002228261252795563,0.07252025692284678,0.00011604565173590459,25,10,20
35,843,0.9271390978793658,0.00022282612663806627,0.0725220278361739,0.0001160481578225204,25,10,20
35,844,0.9266036479159312,0.00022283018105729885,0.07305745574729455,0.00011606615571727554,25,10,20
35,845,0.9270002307436781,0.00022283153270242494,0.0726556435778386,0.00012129414578125378,25,10,20
35,846,0.9271935664873331,0.00022301021180561487,0.0724612424445166,0.00012218085634500757,25,10,20
35,847,0.9272022647019809,0.0002230102068326006,0.0724525468451397,0.00012217824604716885,25,10,20
35,848,0.9238407198260904,0.0002201214834154588,0.07583025573610411,0.0001089029543903239,25,10,20
35,849,0.9237685081666263,0.00022011503403175718,0.07590248662528531,0.00010889017405706956,25,10,20
35,850,0.9184794056805162,0.00022011753979733187,0.0811396452237967,0.00016083155588997558,25,10,20
35,851,0.9181669856558103,0.00022011767629931552,0.08144815111357193,0.0001647455543185965,25,10,20
35,852,0.9180190219927767,0.00022012016458106186,0.08159588851873828,0.0001649693239039202,25,10,20
35,853,0.9179967236468228,0.00022012012905957238,0.08161818944778775,0.00016496677633004328,25,10,20
35,854,0.9178143192938519,0.0002201203501620583,0.08180459457237593,0.00016096578361010188,25,10,20
35,855,0.9178094591969413,0.00022012039297789418,0.08180945492266263,0.00016096548741828596,25,10,20
35,856,0.917678266716689,0.00022012007162035683,0.08194066184005872,0.00016095137163198706,25,10,20
35,857,0.9156663721089299,0.00022113453351581207,0.08395150217846503,0.00016099117908922967,25,10,20
35,858,0.9157886965383851,0.00022113453594482818,0.08382917628186044,0.00016099264381012684,25,10,20
35,859,0.9087605829712949,0.0002215582525718767,0.09085653341909776,0.00016132535703591283,25,10,20
35,860,0.8698510557701625,0.00022155920699396176,0.12976580478377822,0.0001615802390654776,25,10,20
35,861,0.8700459324039292,0.00022155913523673625,0.12957090330544144,0.00016160515539261156,25,10,20
35,862,0.8761491362025601,0.00022155393201189841,0.12349290797364348,0.00013640189178393595,25,10,20
35,863,0.8694106830790008,0.00022202444592108974,0.130098068842618,0.00026922363245977663,25,10,20
35,864,0.8654635061456534,0.0002220793126633639,0.13403255989505214,0.00028185464663116035,25,10,20
35,865,0.8382257667374978,0.00022259474796171202,0.16127495309177367,0.00027668542276689304,25,10,20
35,866,0.8419376496037912,0.00022259473125350808,0.15756417814437848,0.0002755775205766681,25,10,20
35,867,0.8448973266486047,0.00022254022310277686,0.15461717925820453,0.00026295387008804714,25,10,20
35,868,0.847164630111053,0.0002215257561735456,0.1523509789369167,0.00026286519585669483,25,10,20
35,869,0.8470806761806153,0.0002215231507300407,0.15243411000706286,0.00026369066159186616,25,10,20
35,870,0.8699620885058666,0.00022105749924645611,0.12968601208326766,0.000130841911618849,25,10,20
35,871,0.8700401822151085,0.00022105748963841248,0.12960794190593014,0.00013081838932258626,25,10,20
35,872,0.8534558560875279,0.00022106977830492987,0.14619213375927725,0.00013094037488932349,25,10,20
35,873,0.8530731638221971,0.00022107034257375603,0.14657490374870627,0.00013086208652230083,25,10,20
35,874,0.8586423614741246,0.00022106739844418764,0.14100791234772378,0.00012865877970705275,25,10,20
35,875,0.8587050157325292,0.00022108677112521046,0.14094523925674707,0.0001286582395979413,25,10,20
35,876,0.8527968235527159,0.00022110847066632094,0.1467596404412228,0.00022242753539452895,25,10,20
35,877,0.8530298624056176,0.00022111820783687943,0.14652399545534714,0.000225023931197784,25,10,20
35,878,0.8530340462478552,0.00022111811109371815,0.1465198134528533,0.0002250221881974462,25,10,20
35,879,0.8530157260081532,0.0002211184905286402,0.14653812741809202,0.00022502808322575813,25,10,20
35,880,0.8334578176107198,0.000221091590295937,0.13676924513989458,0.029551845659089148,25,10,20
35,881,0.8311344256580765,0.00022109199929691727,0.13908269757623828,0.029561784766387933,25,10,20
35,882,0.8315400366964261,0.0002210919702949372,0.13867709038599868,0.029561780947279834,25,10,20
35,883,0.8313984649746127,0.00022109197973327148,0.13881863798156524,0.02956180506408829,25,10,20
35,884,0.848136840124636,0.0002210800578788432,0.12208046709676379,0.029561612720720866,25,10,20
35,885,0.8839605727390346,0.00022108906239040046,0.11572753111436289,9.080708421128049e-05,25,10,20
35,886,0.8837050919451215,0.00022110111687030683,0.11598186947874696,9.193745926059757e-05,25,10,20
35,887,0.8838287067012209,0.0002210963425408543,0.11585691533243979,9.328162379769059e-05,25,10,20
35,888,0.8627720476864422,0.00022150138537039315,0.13692116833248846,8.528259569845117e-05,25,10,20
35,889,0.8626329815361191,0.000221501435545263,0.13706016223280204,8.535479553324571e-05,25,10,20
35,890,0.8623945128719651,0.00022150597867402495,0.1372986330966613,8.53480526992686e-05,25,10,20
35,891,0.8625112818003887,0.00022150582521453656,0.13718186227390702,8.53501004895311e-05,25,10,20
35,892,0.8517497646923752,0.00022171521715947415,0.1479412930276285,8.722706283667553e-05,25,10,20
35,893,0.8518932358182181,0.00022171483891779311,0.1477978265849442,8.722275791981523e-05,25,10,20
35,894,0.8163454041754147,0.00022171641485456206,0.1833339860257089,9.889338402183927e-05,25,10,20
35,895,0.8154221884368473,0.00022171612497840393,0.18425837916259788,9.771627557640067e-05,25,10,20
35,896,0.7868064108870021,0.0002370957266488592,0.21278412068751362,0.00017237269883547116,25,10,20
35,897,0.8117581985320538,0.00022179173193419887,0.18791057703787645,0.00010943269813539335,25,10,20
35,898,0.7755265452980871,0.00022181766390091872,0.2241420153731719,0.00010962166484001636,25,10,20
35,899,0.7779083392376771,0.00022084522012950184,0.22176135902330946,0.00010945651888391391,25,10,20
35,900,0.7944206181210218,2.757672474624973e-06,0.2054681726008296,0.00010845160567354747,25,10,20
35,901,0.7942984619990177,2.7575824255409027e-06,0.20559030518941823,0.00010847522913842408,25,10,20
35,902,0.7942191649085367,2.757953995072434e-06,0.20566953232213486,0.00010854481533316426,25,10,20
35,903,0.7802579243925429,2.7675841483394354e-06,0.21963064015384756,0.00010866786946088504,25,10,20
35,904,0.7803315676987554,2.832155375125683e-06,0.21955665096280458,0.00010894918306455226,25,10,20
35,905,0.7918671473410542,2.2478609712708025e-06,0.20804391621528112,8.668858269256563e-05,25,10,20
35,906,0.7923760638191644,2.228372733975531e-06,0.20753508753021502,8.662027788627701e-05,25,10,20
35,907,0.8180330233518828,2.3966580570192053e-06,0.18182359159610292,0.0001409883939573422,25,10,20
35,908,0.791448713134692,1.967986371292792e-06,0.20840936436951565,0.0001399545094205443,25,10,20
35,909,0.7953556188763068,1.8875352957497488e-06,0.20448838033755362,0.0001541132508433597,25,10,20
35,910,0.7977851836276036,1.6264763279858161e-06,0.20210563931795072,0.00010755057811712958,25,10,20
35,911,0.8103478249026635,1.9891266360503567e-06,0.1895411215825856,0.00010906438811500538,25,10,20
35,912,0.8116082008727514,2.1098940153310695e-06,0.1882823994089868,0.00010728982424576601,25,10,20
35,913,0.8118657866957,2.0978394824155128e-06,0.18802595601549255,0.00010615944932423503,25,10,20
35,914,0.8119284695969526,2.097922067904946e-06,0.18796189453288636,0.0001075379480925429,25,10,20
35,915,0.8053178379349635,2.109484152021037e-06,0.19457254479138222,0.000107507789501832,25,10,20
35,916,0.8271034276682693,1.7037015893045584e-06,0.17278893780818305,0.00010593082195764054,25,10,20
35,917,0.8516170132588243,1.3409667679118225e-06,0.14826744524924165,0.00011420052516548443,25,10,20
35,918,0.8515751725612667,1.1583061039032787e-06,0.14831033289791806,0.00011333623471139766,25,10,20
35,919,0.8515640118959509,1.1583196494082468e-06,0.14832149356491267,0.00011333621948707028,25,10,20
35,920,0.8578187335604239,9.701628243476923e-07,0.14212155098861623,5.8745288135247704e-05,25,10,20
35,921,0.8565849306704421,1.014007934086113e-06,0.1433666467977731,4.740852385096572e-05,25,10,20
35,922,0.8629761595654581,1.002269511479649e-06,0.13697546741578712,4.737074924340856e-05,25,10,20
35,923,0.8460877756705307,1.6256735317316507e-06,0.15386324412727823,4.735452865921595e-05,25,10,20
35,924,0.8466734961452186,1.6148314398958386e-06,0.1532804279472573,4.446107608434183e-05,25,10,20
35,925,0.8584979918828055,6.130371474577567e-06,0.14142736268040385,6.851506531586207e-05,25,10,20
35,926,0.8582318884310921,6.432824350107344e-06,0.14168881272720021,7.286601735768933e-05,25,10,20
35,927,0.858565746991308,6.701475194890216e-06,0.14135333150856766,7.422002492943839e-05,25,10,20
35,928,0.8587938029587662,6.701042477978799e-06,0.14112662608280213,7.286991595372232e-05,25,10,20
35,929,0.8606274546360098,6.700180896181838e-06,0.1393030131207651,6.283206232883457e-05,25,10,20
35,930,0.8608763569727462,1.4490961275055117e-05,0.13901191581900238,9.723624697609496e-05,25,10,20
35,931,0.8873489125514312,1.4725724049376435e-05,0.11253908772846907,9.727399605041435e-05,25,10,20
35,932,0.8870344063703637,1.4730561859311687e-05,0.112782520231487,0.00016834283629017232,25,10,20
35,933,0.8874982434200129,1.4725713908180888e-05,0.11238980503814446,9.722582793465868e-05,25,10,20
35,934,0.8871408849265494,1.4675822107554361e-05,0.11274747322121666,9.696603012651446e-05,25,10,20
35,935,0.8873537705251366,1.4812615595465875e-05,0.11031116999226324,0.0023202468670044016,25,10,20
35,936,0.9011222113926037,1.4666180966377542e-05,0.09876630364294278,9.681878348712505e-05,25,10,20
35,937,0.9012508656790067,1.4666177245039514e-05,0.09863902920237333,9.543894137515031e-05,25,10,20
35,938,0.9007208010148929,1.4666555175287656e-05,0.09916897011806597,9.55623118660304e-05,25,10,20
35,939,0.905216548324008,1.0424768301049368e-05,0.09470165740989321,7.136949779790828e-05,25,10,20
35,940,0.9077276778916468,1.045483405803197e-05,0.09219042453992504,7.144273437028168e-05,25,10,20
35,941,0.9069575440230879,1.117054790104611e-05,0.09296102702114134,7.025840786966512e-05,25,10,20
35,942,0.9028083859267515,1.1428557230761036e-05,0.09704091243150885,0.00013927308450883692,25,10,20
35,943,0.9021014078350688,1.143379129973688e-05,0.09774653606084512,0.00014062231278627523,25,10,20
35,944,0.9368412637063378,1.1861081301502364e-05,0.06288710671423095,0.0002597684981295636,25,10,20
35,945,0.9439194086388073,1.1626496303139453e-05,0.05580913738782387,0.00025982747706550474,25,10,20
35,946,0.9244974011206578,1.16439178714521e-05,0.07522883221958356,0.0002621227418869155,25,10,20
35,947,0.9127917693212173,1.1644657360978802e-05,0.08693068550314954,0.000265900518271296,25,10,20
35,948,0.9129093509110423,1.1629898707352625e-05,0.08681314612008706,0.00026587307016251243,25,10,20
35,949,0.8860421148686606,1.3253050510165955e-05,0.11364888787586892,0.0002957442049598512,25,10,20
35,950,0.8864534279843184,1.3252966224912613e-05,0.11323761743764782,0.0002957016118087217,25,10,20
35,951,0.8504228996339814,2.4679243342461726e-05,0.1492025093015372,0.0003499118211391069,25,10,20
35,952,0.8508619816610654,2.4684094133899273e-05,0.14876344243209286,0.00034989181270800535,25,10,20
35,953,0.8356111413733908,2.4319887514805773e-05,0.16401207371599796,0.0003524650230970277,25,10,20
35,954,0.8313450634387896,2.4065034763800553e-05,0.16834653292661528,0.0002843385998320569,25,10,20
35,955,0.8584192745858132,2.2589886134542737e-05,0.14130423937127498,0.0002538961567776125,25,10,20
35,956,0.8582731231207827,2.2590077134640196e-05,0.14145044701545656,0.00025383978662652526,25,10,20
35,957,0.8577529534728687,2.2590095254099004e-05,0.14197061421940638,0.00025384221247113536,25,10,20
35,958,0.865961544510421,2.2586965608346544e-05,0.13371906330089303,0.00029680522307805893,25,10,20
35,959,0.8632804303955784,2.2593867533138008e-05,0.1364430663552954,0.0002539093815934399,25,10,20
35,960,0.8582641234431718,2.279157864844888e-05,0.14145909157751435,0.00025399340066557704,25,10,20
35,961,0.8564222540512723,2.3687862220122006e-05,0.1433533479323892,0.00020071015411854642,25,10,20
35,962,0.8941009323200255,1.2285757462533399e-05,0.1056868481593858,0.00019993376312602788,25,10,20
35,963,0.8922661650344194,1.227948421472823e-05,0.10752241616890312,0.0001991393124626883,25,10,20
35,964,0.8809909519636036,1.2282981376831687e-05,0.1187966891707682,0.0002000758842512035,25,10,20
35,965,0.8809937947679073,1.228298002794386e-05,0.1187938463070581,0.00020007594500646045,25,10,20
35,966,0.8777360642471018,1.2266077109599419e-05,0.12205410512450124,0.00019756455128746192,25,10,20
35,967,0.8774684679063143,1.2266272240312847e-05,0.12232165122277427,0.00019761459867153981,25,10,20
35,968,0.877503912755786,1.2266199178608327e-05,0.12228625864129247,0.00019756240374346507,25,10,20
35,969,0.8776281349466659,1.2266099078420631e-05,0.12216203789781784,0.00019756105643843163,25,10,20
35,970,0.8951359253677877,1.7686283442819637e-05,0.10464784254805876,0.00019854580071118153,25,10,20
35,971,0.8626099006075723,0.0006401780018427478,0.13655044292433996,0.00019947846624535656,25,10,20
35,972,0.862330183275834,0.0006401780109460209,0.1368294864530383,0.00020015226018196732,25,10,20
35,973,0.8586900807181737,0.0006404214158292226,0.14046934606664668,0.0002001517993507282,25,10,20
35,974,0.85891739238111,0.0006404214105910347,0.14024344874785605,0.00019873746044325757,25,10,20
35,975,0.8557707265292067,0.0006405383613430228,0.14336124074910717,0.00022749436034330043,25,10,20
35,976,0.8403425029352506,0.0006489250673997686,0.15873292041687917,0.00027565158047100565,25,10,20
35,977,0.8572100863115036,0.0006483920893227934,0.14186845206163676,0.0002730695375372701,25,10,20
35,978,0.8537980294144867,0.000648393743665408,0.14525658484824525,0.00029699199360319313,25,10,20
35,979,0.8530061093465082,0.0006484018461306533,0.1459857272789088,0.00035976152845294487,25,10,20
35,980,0.8566522134681962,0.0006481533654382597,0.14233989463510727,0.00035973853125881436,25,10,20
35,981,0.8568818295451497,0.0006481640744386059,0.1421101961933815,0.00035981018703077093,25,10,20
35,982,0.8590104581942427,0.0006472074849231998,0.13998276284007838,0.00035957148075648713,25,10,20
35,983,0.8590514226164823,0.000647207470922008,0.13994184731944498,0.0003595225931515426,25,10,20
35,984,0.8591662227423079,0.0006472082025810009,0.13985289643180715,0.0003336726233044303,25,10,20
35,985,0.8603314706345114,0.0006472184754473891,0.13868491832310836,0.00033639256693330746,25,10,20
35,986,0.861390837445801,0.0006467472062403823,0.13774531350648608,0.0002171018414728329,25,10,20
35,987,0.8324726663814187,0.0006409904641598184,0.1639166326810201,0.0029697104734018195,25,10,20
35,988,0.828622012782846,0.0006420153289732012,0.16767346665212837,0.0030625052360527816,25,10,20
35,989,0.8529257053370926,0.0006420148697348478,0.14336990145521875,0.0030623783379542645,25,10,20
35,990,0.8522576148107197,0.0006420309112479361,0.14402897637343967,0.0030713779045931106,25,10,20
35,991,0.8465892252153024,0.0006420338184564768,0.1496965807582859,0.003072160207955281,25,10,20
35,992,0.8153144319309759,0.0006442256966545902,0.1809695316816958,0.003071810690673748,25,10,20
35,993,0.8158062795442524,0.0006442256897598801,0.18047777886881622,0.003071715897171665,25,10,20
35,994,0.8318854405980636,2.1746356040969424e-05,0.16502202797177837,0.003070785074117296,25,10,20
35,995,0.8412694126915926,1.3328302598317734e-05,0.1556853054320325,0.0030319535737766768,25,10,20
35,996,0.8316168516705578,1.334129195681304e-05,0.16534021560565348,0.0030295914318318224,25,10,20
35,997,0.8266697123362338,1.2427267114665703e-05,0.17027678037087474,0.0030410800257768106,25,10,20
35,998,0.8269274810359939,1.2416822377661952e-05,0.17001907021079346,0.003041031930834699,25,10,20
35,999,0.8270597257843098,1.2411569534617865e-05,0.16988685713830123,0.0030410055078541314,25,10,20
35,1000,0.8565067975752679,1.113361580059319e-05,0.14042082748620083,0.0030612413227301626,25,10,20
35,1001,0.8565934306501952,1.113353801117895e-05,0.14033419465906452,0.0030612411527286155,25,10,20
35,1002,0.8563296395045782,1.113346825681342e-05,0.14059793581802188,0.0030612912091427086,25,10,20
35,1003,0.8621353001283337,1.1130562778825872e-05,0.13479306040682756,0.003060508902059603,25,10,20
35,1004,0.8611430923441138,1.101484777816499e-05,0.13578606876486057,0.003059824043247034,25,10,20
35,1005,0.8611445910606207,1.1014852269546698e-05,0.13578457043640615,0.003059823650703146,25,10,20
35,1006,0.8652594757326755,9.989801588114052e-06,0.13176355477575957,0.0029669796899763606,25,10,20
35,1007,0.8655272831594408,9.991540489538813e-06,0.13155756423112963,0.0029051610689395393,25,10,20
35,1008,0.8640766435261499,9.991897465629329e-06,0.1330081116183381,0.002905252958046005,25,10,20
35,1009,0.8681573451578706,1.0009570975540367e-05,0.1289273627666351,0.0029052825045181546,25,10,20
35,1010,0.8690094572889028,1.0009223459854387e-05,0.12807534193557843,0.0029051915520583766,25,10,20
35,1011,0.862299634971963,1.0498093641204063e-05,0.13478455132647066,0.002905315607924105,25,10,20
35,1012,0.861954132599282,1.0594633204180735e-05,0.13512901065795377,0.0029062621095591597,25,10,20
35,1013,0.8728601906851964,1.062698039827845e-05,0.12422649252581276,0.0029026898085915943,25,10,20
35,1014,0.8720650605042453,1.1442238517032522e-05,0.12502060667261838,0.0029028905846183502,25,10,20
35,1015,0.8875735955271244,2.066400819428129e-06,0.10956749792873892,0.002856840143316332,25,10,20
35,1016,0.893963491333861,1.5827413310402245e-06,0.10317818539630103,0.002856740528506053,25,10,20
35,1017,0.8941457795993165,1.4911311452017425e-06,0.10299692025196888,0.0028558090175687,25,10,20
35,1018,0.8935728212391687,6.7822297352246e-07,0.10357088190473746,0.0028556186331195332,25,10,20
35,1019,0.900594470548212,6.78140740330609e-07,0.09658133048470917,0.002823520826338056,25,10,20
35,1020,0.8962013013228349,6.60789059945323e-07,0.10098369294920975,0.0028143449388947587,25,10,20
35,1021,0.9126459374450283,6.484973284945683e-07,0.0845390701686692,0.002814343888973313,25,10,20
35,1022,0.914631271026597,6.461255574526905e-07,0.08255375106315026,0.0028143317846946914,25,10,20
35,1023,0.9204200550079158,6.460854790194699e-07,0.07676497883038738,0.0028143200762172677,25,10,20
35,1024,0.9195301347897841,6.654593079542117e-07,0.07765487543718053,0.002814324313726867,25,10,20
35,1025,0.9195366648309141,6.654615936535973e-07,0.0776483460263092,0.002814323681182494,25,10,20
35,1026,0.9207934931307085,6.325579782654443e-07,0.0763917106679414,0.0028141636433712653,25,10,20
35,1027,0.9258639154418611,4.350391011295821e-07,0.07132152194847395,0.002814127570563148,25,10,20
35,1028,0.927300275180234,3.974223487529717e-07,0.06988526972183698,0.002814057675579637,25,10,20
35,1029,0.9253610878196525,1.2316967058513234e-06,0.07182254381984539,0.0028151366637955825,25,10,20
35,1030,0.9249581046941593,1.2367193695095524e-06,0.07222552151024615,0.002815137076224368,25,10,20
35,1031,0.9249357002938133,1.2463326102450892e-06,0.07224540957556816,0.002817643798007605,25,10,20
35,1032,0.9246793503701239,1.2468407537128165e-06,0.072501733459383,0.0028176693297387377,25,10,20
35,1033,0.9245563244316708,1.2468470073284027e-06,0.07262475896645508,0.0028176697548662932,25,10,20
35,1034,0.9248249090912478,1.2419428010853568e-06,0.07235473356052705,0.0028191154054235034,25,10,20
35,1035,0.9249503284086508,1.2417514522448844e-06,0.07222933690130258,0.002819092938593866,25,10,20
35,1036,0.9251462550064298,1.237461961038714e-06,0.07203343440730471,0.0028190731243040107,25,10,20
35,1037,0.92082461740003,1.2377250079665294e-06,0.07635427523343379,0.002819869641527754,25,10,20
35,1038,0.9212790554574106,1.2192087192931923e-06,0.07590004620991327,0.00281967912395644,25,10,20
35,1039,0.9112449734843544,1.5804565286222067e-06,0.08593286779946277,0.002820578259653586,25,10,20
35,1040,0.9114445969053351,1.5706084560103417e-06,0.08573419242721018,0.002819640058998265,25,10,20
35,1041,0.921824924147647,1.5566364876032962e-06,0.07535755200773674,0.0028159672081282607,25,10,20
35,1042,0.9052976362791424,1.568767325683081e-06,0.09188484979417678,0.0028159451593546053,25,10,20
35,1043,0.9041717926256686,1.5798068414241977e-06,0.09301072775404724,0.0028158998134421125,25,10,20
35,1044,0.9038512270999333,1.585008122117115e-06,0.09333128912645593,0.002815898765488186,25,10,20
35,1045,0.9048153928453851,1.5846727579191644e-06,0.09236939949369903,0.0028136229881575913,25,10,20
35,1046,0.9045693940136986,1.5846857135925106e-06,0.0926153882430052,0.0028136330575821863,25,10,20
35,1047,0.9077161406190299,1.4677451065567148e-06,0.08949751567253586,0.002784875963327223,25,10,20
35,1048,0.8976312219347359,1.4812098971036367e-06,0.09947509662595821,0.002892200229407824,25,10,20
35,1049,0.8963196074195972,1.4819866192510574e-06,0.10078664423884337,0.0028922663549391884,25,10,20
35,1050,0.8960456761592788,1.4967098312230388e-06,0.10105916420913424,0.0028936629217548708,25,10,20
35,1051,0.8956450028143612,1.4973789616333594e-06,0.10145969377369964,0.0028938060329768106,25,10,20
35,1052,0.8955938292956934,1.4971994719468038e-06,0.10151093794743606,0.0028937355573979973,25,10,20
35,1053,0.9096464910036605,1.4880445311013196e-06,0.0868083243001601,0.0035436966516478414,25,10,20
35,1054,0.9091688445863685,1.488945710336992e-06,0.08728723361382636,0.0035424328540943017,25,10,20
35,1055,0.9090660574698849,1.4889484277144732e-06,0.0873900215087748,0.003542432072911992,25,10,20
35,1056,0.9096581572741319,1.4879241204005007e-06,0.0867981050235678,0.0035422497781793165,25,10,20
35,1057,0.9094058719063625,1.6029657017704528e-06,0.0870497372454722,0.0035427878824628887,25,10,20
35,1058,0.909720942400106,1.5895878538688056e-06,0.0867356634063486,0.0035418046056907688,25,10,20
35,1059,0.9191593200286253,1.5764828151322164e-06,0.07729412970918449,0.003544973779374728,25,10,20
35,1060,0.9196372240264387,1.5764826569201408e-06,0.07681622657324386,0.003544972917660291,25,10,20
35,1061,0.8842093075181751,1.576924536352763e-06,0.11223724075506455,0.0035518748022232848,25,10,20
35,1062,0.8865591544791559,1.574147278283051e-06,0.1105373505525196,0.0029019208210454795,25,10,20
35,1063,0.8864361081149607,2.1436579317304027e-06,0.11320948639845453,0.0003522618286522875,25,10,20
35,1064,0.8863051234248099,2.1343290119162503e-06,0.11334296811208303,0.00034977413409439766,25,10,20
35,1065,0.8852708943132864,2.2707806687453218e-06,0.11437715426971337,0.00034968063633083254,25,10,20
35,1066,0.8860018150402431,2.1519531616743375e-06,0.11364608396978503,0.0003499490368096423,25,10,20
35,1067,0.8859983637866061,2.1519453968859105e-06,0.11364953650133534,0.0003499477666610807,25,10,20
35,1068,0.8903167890709806,2.151684363753984e-06,0.10933190666048125,0.00034915258417407953,25,10,20
35,1069,0.8904316836609888,2.15177537707326e-06,0.10921701193370069,0.00034915262993292373,25,10,20
35,1070,0.8901859002971808,2.1558866848841567e-06,0.10946273345178037,0.00034921036435347266,25,10,20
35,1071,0.8863469627206209,2.2873352592805265e-06,0.1133009195113452,0.00034983043277395353,25,10,20
35,1072,0.8878225065640638,3.072144228636175e-06,0.11202126354754101,0.00015315774416603333,25,10,20
35,1073,0.8879158665100326,3.0706998209383027e-06,0.11192831864174227,0.00015274414840385904,25,10,20
35,1074,0.887642950762421,3.073329827189684e-06,0.11220108635366646,0.00015288955408470975,25,10,20
35,1075,0.8861093461777736,3.07527821954142e-06,0.11372924694389087,0.00015833160011523601,25,10,20
35,1076,0.8858531370910394,3.0753953073995643e-06,0.11398543691221459,0.00015835060143789024,25,10,20
35,1077,0.8971970012037436,3.513710463346939e-06,0.10252882709966894,0.0002706579861235473,25,10,20
35,1078,0.9208986504491891,3.0749409255390608e-06,0.07894682756184351,0.00015144704804140565,25,10,20
35,1079,0.9156638360694076,3.616408132461425e-06,0.08418019655382429,0.00015235096863511994,25,10,20
35,1080,0.9158506234004821,3.6116673271613143e-06,0.08399198847562044,0.00015377645656971988,25,10,20
35,1081,0.9055810926607374,3.6192016947937482e-06,0.09426039713571327,0.00015489100185399492,25,10,20
35,1082,0.8836874405298084,3.6056663853111503e-06,0.11615190864553211,0.00015704515827332503,25,10,20
35,1083,0.8827425421040458,3.6066671115617132e-06,0.11709661594668587,0.00015723528215637328,25,10,20
35,1084,0.8827459052534717,3.6066557995077835e-06,0.11709325500051859,0.00015723309020979618,25,10,20
35,1085,0.8983312195691328,3.612621265256179e-06,0.10150763205226754,0.00015753575733370024,25,10,20
35,1086,0.9015259695402237,3.6161960088301466e-06,0.09833682072918501,0.0001335935345817592,25,10,20
35,1087,0.9027520866054769,3.6146127134898433e-06,0.09711614300219563,0.00012815577961339304,25,10,20
35,1088,0.9030507325491434,3.614432554407524e-06,0.09681751654748576,0.0001281364708159533,25,10,20
35,1089,0.9033800815949589,3.614430657021606e-06,0.09648815687104548,0.00012814710333802613,25,10,20
35,1090,0.904022947318327,3.595152019240757e-06,0.09584531502544075,0.0001281425042125336,25,10,20
35,1091,0.8652638149299965,4.368472412488301e-06,0.1346035457681654,0.00012827082942548136,25,10,20
35,1092,0.8669739612335837,3.528521231078207e-06,0.13289526128350787,0.00012724896167717938,25,10,20
35,1093,0.866968678536591,3.4130075109479905e-06,0.13289970413329308,0.0001282043226048762,25,10,20
35,1094,0.8664656037703125,3.575726856482921e-06,0.13340257705661313,0.00012824344621788084,25,10,20
35,1095,0.8768387540186275,3.5682897368783895e-06,0.12303047946442874,0.00012719822720670077,25,10,20
35,1096,0.8769855794418029,3.564623986547461e-06,0.12288208034606043,0.00012877558815004754,25,10,20
35,1097,0.8772292147063117,3.5645191582820024e-06,0.12263836483069135,0.00012885594383861904,25,10,20
35,1098,0.8788508966656801,2.7914644535962566e-06,0.12101364276154972,0.00013266910831635401,25,10,20
35,1099,0.8449093147057622,4.185528810287502e-06,0.15495699886973255,0.00012950089569508847,25,10,20
35,1100,0.8431765421233203,0.00031894762038000055,0.156352582521197,0.00015192773510260522,25,10,20
35,1101,0.8535372818514202,0.0003189335344747476,0.14609923226536822,4.455234873681327e-05,25,10,20
35,1102,0.8219723593798461,0.00031880455899960356,0.17766468041897907,4.41556421773008e-05,25,10,20
35,1103,0.8131748019151601,0.00031881535616364644,0.18325398216152503,0.003252400567153288,25,10,20
35,1104,0.8148073359700073,0.00031879677460081577,0.181621733852167,0.0032521334032265814,25,10,20
35,1105,0.8139706409168082,0.0003188117676948292,0.18245835079028713,0.003252196525211623,25,10,20
35,1106,0.814064573842672,0.0003190310959325199,0.18236464888786383,0.0032517461735333823,25,10,20
35,1107,0.8142986345075357,0.0003190296017961362,0.18213040017385548,0.0032519357168148176,25,10,20
35,1108,0.8014712053280357,0.00031956676636325283,0.19495617571246016,0.003253052193143107,25,10,20
35,1109,0.7965855340587856,0.0003243387031716941,0.19981471396125847,0.0032754132767862766,25,10,20
35,1110,0.7604110361627301,0.00032433899049171585,0.23598895063645237,0.003275674210325482,25,10,20
35,1111,0.7596783150460119,0.0003243390182750875,0.23672157856094544,0.003275767374767508,25,10,20
35,1112,0.7708162846809705,0.0003228054757289287,0.22558408852252942,0.0032768213207716064,25,10,20
35,1113,0.8036740458872066,0.00032230358357542775,0.19272698961101326,0.003276660918204563,25,10,20
35,1114,0.8233717359883673,0.0003223031005483125,0.17302955937623976,0.0032764015348454266,25,10,20
35,1115,0.8284892063863881,0.0003217616246804985,0.16791353570585296,0.0032754962830793184,25,10,20
35,1116,0.829789550054794,0.00032086068471440514,0.16660907639763092,0.003280512862861505,25,10,20
35,1117,0.829890143814244,0.00032085909893988726,0.16651006241887012,0.0032789346679468253,25,10,20
35,1118,0.8390070898718899,0.0003208478714782453,0.16060149645455088,7.056580208124338e-05,25,10,20
35,1119,0.8390242048449831,0.00032084787151584216,0.160584381457791,7.056582571032482e-05,25,10,20
35,1120,0.8395117729810256,0.00032084789100034883,0.16009680925908884,7.056986888516028e-05,25,10,20
35,1121,0.8400239854142301,0.0003208478773735479,0.15958469487380308,7.04718345930091e-05,25,10,20
35,1122,0.8403975545684338,0.0003208476614952655,0.1592112166725505,7.038109752007966e-05,25,10,20
35,1123,0.8327629587958425,0.00032714706654786457,0.16680904743253475,0.00010084670507536971,25,10,20
35,1124,0.8136225868269523,0.00032758829921933005,0.18594625989479488,0.00010356497903466268,25,10,20
35,1125,0.8136159962456031,0.0003273834570829075,0.18595266334535687,0.00010395695195814356,25,10,20
35,1126,0.8211174753424504,0.00032108420519770466,0.17848804744636634,7.339300598647485e-05,25,10,20
35,1127,0.793170326571813,0.0011632731270007784,0.2055938274849749,7.257281621118726e-05,25,10,20
35,1128,0.8283450939866692,0.0011632766743707394,0.17041925668454946,7.237265441083611e-05,25,10,20
35,1129,0.8475642780386372,0.0011626727284954727,0.15120345911179534,6.959012107166492e-05,25,10,20
35,1130,0.8469467141368822,0.0011626785994780743,0.1518210164174315,6.959084620768714e-05,25,10,20
35,1131,0.8630876065367147,0.001162678599473973,0.13568012655017414,6.958831363654215e-05,25,10,20
35,1132,0.8898381545324691,0.0011626768874751737,0.10893795463729004,6.12139427653885e-05,25,10,20
35,1133,0.8899160027415698,0.0011626770133246883,0.10886010555194954,6.121469315578276e-05,25,10,20
35,1134,0.8540602407628904,0.0011628046142783477,0.144082691423543,0.0006942631992880513,25,10,20
35,1135,0.8484444740629218,0.00116289770046228,0.14966669189820167,0.0007259363384153558,25,10,20
35,1136,0.8480478482329711,0.0011630537035908055,0.15006235673652624,0.000726741326912824,25,10,20
35,1137,0.8480003656685569,0.0011630736931040858,0.15010981754338437,0.0007267430949558695,25,10,20
35,1138,0.8473230354758913,0.0011630941783340387,0.15078693168605992,0.0007269386597158632,25,10,20
35,1139,0.8134828016321718,0.0011631232077302831,0.18462857022707815,0.0007255049330215036,25,10,20
35,1140,0.8134417029348273,0.0011631086813416436,0.18466972943810522,0.0007254589457275891,25,10,20
35,1141,0.8184235799731041,0.001158336575362764,0.17971493981530093,0.0007031436362338845,25,10,20
35,1142,0.8181453131590866,0.0011583368563781457,0.17999309851243045,0.0007032514721066335,25,10,20
35,1143,0.8496937978940999,0.000315795052057901,0.14928723632721502,0.0007031707266279672,25,10,20
35,1144,0.8464373903197385,0.0003157652172422539,0.15253984178407282,0.0007070026789473971,25,10,20
35,1145,0.8413702117563164,0.00031577344606253504,0.1576059481930232,0.0007080666045988985,25,10,20
35,1146,0.8409932629946171,0.0003160711008965137,0.1579825240221551,0.000708141882332289,25,10,20
35,1147,0.8107939115088442,0.00031608784039747074,0.18818289036151878,0.0007071102892413793,25,10,20
35,1148,0.8235189358454279,0.00031555111929160157,0.17545948285893473,0.000706030176347832,25,10,20
35,1149,0.8242445863586266,0.0003155499113776208,0.17473893239156496,0.0007009313384328682,25,10,20
35,1150,0.8243946372104526,0.0003155497449620419,0.1745888821155637,0.0007009309290238871,25,10,20
35,1151,0.8238952600954235,0.00031555002417923186,0.1750882538213918,0.0007009360590077871,25,10,20
35,1152,0.8106733803352597,0.00031525247435664714,0.18831047696216177,0.0007008902282239041,25,10,20
35,1153,0.8121376137850126,0.00031516174498116297,0.18687200854949512,0.0006752159205127323,25,10,20
35,1154,0.8127438327736338,0.0003151617445518874,0.18626579290730624,0.0006752125745092197,25,10,20
35,1155,0.8485464823721717,0.0003151400008610731,0.15040218014785883,0.0007361974791089131,25,10,20
35,1156,0.8486265661268034,0.00031513745809165717,0.1503223467000642,0.0007359497150410417,25,10,20
35,1157,0.8484906054584203,0.0003151375389877657,0.1504569323218264,0.0007373246807658751,25,10,20
35,1158,0.8524878598327895,0.0003151354970889822,0.14644611853342834,0.0007508861366933368,25,10,20
35,1159,0.8529942955657493,0.00031513521024325116,0.1459396886232629,0.0007508806007446607,25,10,20
35,1160,0.8521363656098047,0.00031513528597467214,0.14679770097530553,0.0007507981289153334,25,10,20
35,1161,0.8369337795252574,0.00031515685641548766,0.16200020697854267,0.0007508566397849438,25,10,20
35,1162,0.8352443707122699,0.00031575697407961194,0.16368879772583117,0.0007510745878197337,25,10,20
35,1163,0.8330245494635813,0.0003151520222008677,0.16590939807853805,0.0007509004356803383,25,10,20
35,1164,0.8335893799181696,0.000314989876416836,0.16534555106790208,0.0007500791375117499,25,10,20
35,1165,0.8335895795207898,0.00031498986506182914,0.1653453300772721,0.0007501005368768124,25,10,20
35,1166,0.8330049527626252,0.00031521573282686336,0.16598770930987614,0.0006921221946721628,25,10,20
35,1167,0.8261075970043116,0.0003161051227002416,0.17288274937467313,0.0006935484983158061,25,10,20
35,1168,0.8157720429858112,0.00031632297222536435,0.1832195162276011,0.0006921178143629148,25,10,20
35,1169,0.813395645509792,0.0003172986467745657,0.18559385444146717,0.0006932014019665818,25,10,20
35,1170,0.8071881269586864,0.00031730296800494805,0.19173741915071546,0.0007571509225935923,25,10,20
35,1171,0.8003953374450267,0.0003173032365400327,0.19846834863175272,0.0008190106866811067,25,10,20
35,1172,0.7807829030195867,0.0003175627272152842,0.2180792972569568,0.0008202369962410421,25,10,20
35,1173,0.7877250616120182,0.0003175543480619712,0.21113714645552797,0.0008202375843918454,25,10,20
35,1174,0.8029139632875664,0.0003175326969671871,0.1959483228453135,0.0008201811701534094,25,10,20
35,1175,0.8042675720465711,0.000317796907027081,0.19452136479147655,0.0008932662549255492,25,10,20
35,1176,0.8292164548774555,0.00031766830611065875,0.17020574525724272,0.00026013155919135764,25,10,20
35,1177,0.8284531920208764,0.0003176868470496821,0.17096405158294858,0.00026506954912517637,25,10,20
35,1178,0.8361765648075244,0.0003176809445999878,0.1632432350475951,0.0002625192002801944,25,10,20
35,1179,0.8300383942323765,0.0003176892849701866,0.16938134043669067,0.0002625760459622753,25,10,20
35,1180,0.8305188000827759,0.00031768396668105397,0.16890090403333904,0.00026261191720372275,25,10,20
35,1181,0.8502452579450849,0.00031742402727381387,0.1491759691051637,0.00026134892247759394,25,10,20
35,1182,0.8355558558411641,0.0003174039151667251,0.16386558936914353,0.00026115087452554056,25,10,20
35,1183,0.8306965269380207,0.00031717419882147354,0.16872713594927077,0.00025916291388706,25,10,20
35,1184,0.837238781376096,0.00031717066666653825,0.16225021624093794,0.00019383171629964646,25,10,20
35,1185,0.8143417741599702,0.0003165812470764291,0.18514705794445038,0.0001945866485031326,25,10,20
35,1186,0.7973001770628274,0.0003157063282093306,0.2021909943494099,0.00019312225955312522,25,10,20
35,1187,0.83073370013656,0.0003269895690480439,0.16869518082974633,0.00024412946464593508,25,10,20
35,1188,0.8392244714714314,0.0003278005399205684,0.16019862605505275,0.0002491019335960932,25,10,20
35,1189,0.8514804134357215,0.0003275362102269042,0.14801606467918574,0.00017598567486630217,25,10,20
35,1190,0.8490954234593646,0.00032753879319061393,0.15037965615778603,0.0001973815896587873,25,10,20
35,1191,0.8492972286687782,0.00032753854638784474,0.15017787121347254,0.0001973615713612573,25,10,20
35,1192,0.8703961757472739,0.00032765546560906844,0.12815639041811142,0.0011197783690056094,25,10,20
35,1193,0.8698172690796657,0.00032765600181897743,0.12873519830727032,0.0011198766112448825,25,10,20
35,1194,0.8704167065496036,0.0003276386263187252,0.12814040533907656,0.0011152494850012198,25,10,20
35,1195,0.871843160902921,0.000326624473955165,0.12671750539629878,0.001112709226825216,25,10,20
35,1196,0.8913228378733865,0.0003262423665564923,0.10723886957595372,0.0011120501841028099,25,10,20
35,1197,0.8822762482403563,0.00032624118086071595,0.1143116328251806,0.0030858777536019164,25,10,20
35,1198,0.8816853387837564,0.0003262524283808639,0.11490070090611901,0.003087707881743719,25,10,20
35,1199,0.875391958914083,0.00032625253679544443,0.12119415455801676,0.003087633991104756,25,10,20
35,1200,0.8860200032573401,0.0003262516558414874,0.11249454705401679,0.0011591980328017034,25,10,20
35,1201,0.885709115308757,0.0003262516592280898,0.11280543498891445,0.001159198043100717,25,10,20
35,1202,0.8908734263418792,1.1530262344627863e-05,0.10798211106985718,0.0011329323259189172,25,10,20
35,1203,0.8911799999220471,1.1530258867221294e-05,0.10767553755553426,0.0011329322635513276,25,10,20
35,1204,0.8548797409411313,1.1555355014567074e-05,0.14397565224389486,0.00113305145995884,25,10,20
35,1205,0.8616083313228793,1.1556773758760695e-05,0.13730887284546284,0.001071239057898546,25,10,20
35,1206,0.8611302430340462,1.159223769006457e-05,0.13778675557103498,0.001071409157228243,25,10,20
35,1207,0.8606529365413862,1.1592839094988218e-05,0.13825877923902588,0.001076691380492486,25,10,20
35,1208,0.8604221035637896,1.1593122299019357e-05,0.13848956386378022,0.001076739450130744,25,10,20
35,1209,0.8607593584571425,1.1592358494927104e-05,0.13815762469291276,0.00107142449144952,25,10,20
35,1210,0.859751157735087,1.1614972139647191e-05,0.1390883384845661,0.0011488888082068908,25,10,20
35,1211,0.8602869834516482,1.1985147596498501e-05,0.13855394955925251,0.001147081841502487,25,10,20
35,1212,0.8613686395852447,1.1962638556477252e-05,0.13754973139759646,0.001069666378602129,25,10,20
35,1213,0.85132243958548,1.210248412068872e-05,0.14755785492504836,0.0011076030053508287,25,10,20
35,1214,0.8405005470306517,1.2112557381110642e-05,0.15729065268277945,0.002196687729187456,25,10,20
35,1215,0.8446932996080762,1.2106848104428934e-05,0.15314329529460963,0.0021512982492093054,25,10,20
35,1216,0.8450011667020583,1.210628982749581e-05,0.15283548896536184,0.0021512380427519046,25,10,20
35,1217,0.8489593445801813,8.091002365697042e-07,0.14894345048699303,0.0020963958325885858,25,10,20
35,1218,0.8490186752456088,4.277804116642612e-07,0.14888454922213087,0.00209634775184815,25,10,20
35,1219,0.8510838391495451,4.2521611947071304e-07,0.14684078200760772,0.002074953626727152,25,10,20
35,1220,0.811707454737996,4.3979150733860005e-07,0.18621708374143967,0.002075021729055871,25,10,20
35,1221,0.8116971356627813,4.401602707427323e-07,0.1862273999039985,0.002075024272948174,25,10,20
35,1222,0.8153706358765243,3.0839921812743436e-07,0.1834751480138025,0.0011539077104537525,25,10,20
35,1223,0.8115866090273149,3.155507586989058e-07,0.1872591543798599,0.0011539210420655394,25,10,20
35,1224,0.812139009408441,3.0042042531828067e-07,0.18670921963542456,0.0011514705357079337,25,10,20
35,1225,0.8302876476070878,3.005032947913615e-07,0.16856057684205003,0.0011514750475661423,25,10,20
35,1226,0.8346709320275952,2.859891814518705e-07,0.16417732327280926,0.0011514587104131514,25,10,20
35,1227,0.8346712202260969,2.861632030054505e-07,0.16417701241158406,0.0011514811991161025,25,10,20
35,1228,0.8285169303913769,3.943349478932727e-07,0.17033138336755477,0.0011512919061204068,25,10,20
35,1229,0.8443210671453315,3.939392707256053e-07,0.15452724762627804,0.0011512912891195914,25,10,20
35,1230,0.8443251217537702,3.9393760405249564e-07,0.1545231939197224,0.0011512903889030338,25,10,20
35,1231,0.8287364828272481,3.944194680962386e-07,0.17011177800469832,0.001151344748584991,25,10,20
35,1232,0.8286401311648481,3.955167411524732e-07,0.17020802287555792,0.0011514504428524008,25,10,20
35,1233,0.8287475213867717,3.947021301025823e-07,0.17010084836761208,0.0011512355434855391,25,10,20
35,1234,0.8225620387793245,3.9901874303153877e-07,0.17628516318199886,0.0011523990199334636,25,10,20
35,1235,0.8228437065076915,3.986230107800435e-07,0.17602305609799923,0.0011328387712981121,25,10,20
35,1236,0.8223543826159343,3.986309927024163e-07,0.1765123765940227,0.001132842159050236,25,10,20
35,1237,0.8226561813541383,3.9811694355483426e-07,0.1762106757387713,0.0011327447901461592,25,10,20
35,1238,0.8286346351556775,3.9384262443971436e-07,0.1702334077359337,0.0011315632657638193,25,10,20
35,1239,0.8282567046889912,3.9475598752395544e-07,0.17061118512037887,0.0011317154346415035,25,10,20
35,1240,0.8178932401860447,4.066028421977189e-07,0.1809746124045622,0.0011317408065506173,25,10,20
35,1241,0.8175278462424101,4.057709838108145e-07,0.1813400324327937,0.0011317155538121185,25,10,20
35,1242,0.8172734913201459,4.1237349321796265e-07,0.18159445911232844,0.0011316371940322378,25,10,20
35,1243,0.8506854232567033,5.640269509270046e-07,0.14818200954310595,0.0011320031732401947,25,10,20
35,1244,0.8506498812607107,5.643211096044462e-07,0.14821748661434217,0.0011320678038376347,25,10,20
35,1245,0.856625498387925,4.6484085484017913e-07,0.14224058640009504,0.0011334503711246358,25,10,20
35,1246,0.8566054397972996,5.057437108936801e-07,0.1422605641592224,0.0011334902997665764,25,10,20
35,1247,0.8565304232815866,5.057732584922337e-07,0.14233557571372527,0.0011334952314291191,25,10,20
35,1248,0.8554443538436215,5.26016675098973e-07,0.14342171665556655,0.0011334034841365295,25,10,20
35,1249,0.8511828247264126,3.272124294036724e-05,0.14764839223113732,0.0011360617995097911,25,10,20
35,1250,0.8516255427401609,3.271440138177649e-05,0.14720564042824,0.0011361024302173157,25,10,20
35,1251,0.8352055054657717,3.2714699817266384e-05,0.1636256189457808,0.001136160888629983,25,10,20
35,1252,0.8287676920572123,3.2956582149472644e-05,0.16999894758469122,0.0012004037759465447,25,10,20
35,1253,0.8276992047397346,0.00024165196408937914,0.1708585449843341,0.0012005983118413264,25,10,20
35,1254,0.8260447673990616,0.0002987929438582918,0.17245550125248724,0.001200938404592255,25,10,20
35,1255,0.841990942739743,0.0002987926490803448,0.15650408542834737,0.0012061791828291192,25,10,20
35,1256,0.8342339856806851,0.00030358709171038133,0.16425471369276357,0.0012077135348403493,25,10,20
35,1257,0.8229676635238853,0.000303601635906652,0.17552624803509453,0.0012024868051127892,25,10,20
35,1258,0.8149453785098398,0.0003035812891616859,0.18354588154956888,0.0012051586514287911,25,10,20
35,1259,0.8523310902399747,9.485995142112828e-05,0.14636920978380916,0.0012048400247957507,25,10,20
35,1260,0.8632804316789583,9.506551170518773e-05,0.13536200618104197,0.0012624966282950576,25,10,20
35,1261,0.866169789462647,9.492647529708685e-05,0.13359700069448532,0.00013828336757097358,25,10,20
35,1262,0.8660865356622525,9.492649533473495e-05,0.1336802053826049,0.0001383324598083014,25,10,20
35,1263,0.865745693309481,9.492633762833385e-05,0.13402110745039028,0.00013827290250056296,25,10,20
35,1264,0.8657745003161945,9.49376616056594e-05,0.13399227799483604,0.00013828402736401892,25,10,20
35,1265,0.8722824855304826,9.469593773865302e-05,0.12754878100376524,7.40375280142492e-05,25,10,20
35,1266,0.8784674241615873,9.4691719953546e-05,0.12136500838729747,7.287573116210997e-05,25,10,20
35,1267,0.878169371337148,9.469853455063215e-05,0.12166237336784727,7.355676045471545e-05,25,10,20
35,1268,0.878464963232626,9.466130230255882e-05,0.12136702303830153,7.335242677070295e-05,25,10,20
35,1269,0.8701696108164537,8.989200435160599e-05,0.1296656428261434,7.48543530518927e-05,25,10,20
35,1270,0.870798962852718,8.988322916746397e-05,0.12903882902565667,7.232489245870384e-05,25,10,20
35,1271,0.8708022545603309,8.969581028192974e-05,0.12903478421120426,7.326541818377612e-05,25,10,20
35,1272,0.9069819039664629,8.968967301138507e-05,0.09285437959469814,7.402676582731916e-05,25,10,20
35,1273,0.9071818255560433,8.968972668954536e-05,0.09265449639923905,7.398831802822963e-05,25,10,20
35,1274,0.8955441949622452,8.969675337627569e-05,0.1042902661684727,7.584211590584e-05,25,10,20
35,1275,0.8954599964901843,8.96935822691551e-05,0.10437401817845159,7.629174909493303e-05,25,10,20
35,1276,0.9133780723330726,8.968783777705817e-05,0.08645605603564771,7.61837935031753e-05,25,10,20
35,1277,0.9136319801272021,8.968784143497374e-05,0.08620216087830668,7.617115305667103e-05,25,10,20
35,1278,0.9133138964167827,8.968818837205812e-05,0.08652021927206115,7.619612278469845e-05,25,10,20
35,1279,0.9132581467118963,8.969339421270149e-05,0.08657522579980494,7.693409408651358e-05,25,10,20
35,1280,0.9069088090332884,8.969651075963091e-05,0.09292330004196135,7.81944139905464e-05,25,10,20
35,1281,0.8983679483907007,8.979584095553674e-05,0.10143757449863865,0.00010468126970487803,25,10,20
35,1282,0.9143648823027521,8.977077864808538e-05,0.08544370026864861,0.00010164664995133248,25,10,20
35,1283,0.9151418985503877,8.955576604505566e-05,0.08472467333129047,4.387235227678855e-05,25,10,20
35,1284,0.9148052551243129,8.954441638138402e-05,0.08506138179155126,4.38186677547802e-05,25,10,20
35,1285,0.8756437396250165,9.02716363865342e-05,0.12402456563297148,0.00024142310562599793,25,10,20
35,1286,0.8746082447072613,9.027705627366302e-05,0.1250462770463219,0.0002552011901437447,25,10,20
35,1287,0.8746264343645407,9.02718678245885e-05,0.1250288306483512,0.00025446311928407103,25,10,20
35,1288,0.8750079883305427,9.027143041441645e-05,0.1246473021487119,0.00025443809033150183,25,10,20
35,1289,0.8699572048065776,9.02699203037195e-05,0.12969715055712128,0.0002553747159979539,25,10,20
35,1290,0.8703908874977522,9.027061775018751e-05,0.1292632776361894,0.0002555642483087183,25,10,20
35,1291,0.8788478625801577,9.027877663513345e-05,0.12075210916440111,0.00030974947880633356,25,10,20
35,1292,0.8897266061802702,9.055536989359472e-05,0.10987364006993237,0.00030919837990404757,25,10,20
35,1293,0.8900037747953385,9.055020143870693e-05,0.10959788315452776,0.00030779184869521536,25,10,20
35,1294,0.8897686335082178,9.055017688842976e-05,0.10983302569328807,0.00030779062160601856,25,10,20
35,1295,0.8897541033339013,9.055079749965492e-05,0.10984743989716411,0.0003079059714351791,25,10,20
35,1296,0.8892115389108216,9.055134621029093e-05,0.11038867119970178,0.00030923854326630465,25,10,20
35,1297,0.8906592334143966,3.3410690407731115e-05,0.10899845658656351,0.0003088993086321598,25,10,20
35,1298,0.8999547306523129,3.339909322299711e-05,0.09970286255290438,0.00030900770155998917,25,10,20
35,1299,0.900208524754366,3.339909102857557e-05,0.09944906879218117,0.00030900736242456814,25,10,20
35,1300,0.8898606174319786,3.3959212140144526e-05,0.10979639262129251,0.0003090307345890237,25,10,20
35,1301,0.9097094300415745,1.7633993840403391e-06,0.08998248688323955,0.00030631967580218157,25,10,20
35,1302,0.9092191677344524,1.7635936108119284e-06,0.09047270296439913,0.0003063657075371116,25,10,20
35,1303,0.8706596884802061,1.765358297221226e-06,0.1290335147460828,0.0003050314154121557,25,10,20
35,1304,0.8584473955631223,1.7780138515484446e-06,0.1393512710281037,0.002199555394920746,25,10,20
35,1305,0.8583299312381963,1.77791857171162e-06,0.13946873550929748,0.002199555333932955,25,10,20
35,1306,0.8573287601079685,1.8151104338758194e-06,0.14046476916193437,0.0022046556196616903,25,10,20
35,1307,0.8581059657499887,1.5314717249374228e-06,0.13968909962246764,0.0022034031558172996,25,10,20
35,1308,0.8460803709959354,1.7236161503823895e-06,0.151662248721258,0.0022556566666552757,25,10,20
35,1309,0.8555727770284597,1.5997434187334074e-06,0.14216892860942376,0.0022566946186966235,25,10,20
35,1310,0.8650071028843821,1.5886366999541226e-06,0.13273662339527076,0.0022546850836461098,25,10,20
35,1311,0.8709327344705565,1.5885157922661357e-06,0.12681075631043362,0.00225492070321664,25,10,20
35,1312,0.8445597593079175,2.7325225608261597e-06,0.15320399068284843,0.0022335174866719367,25,10,20
35,1313,0.8568654254664837,2.719150314021076e-06,0.14279305388735355,0.00033880149584755834,25,10,20
35,1314,0.8571599249977361,2.713738561935992e-06,0.14250130709450953,0.0003360541691910394,25,10,20
35,1315,0.889050858827747,1.5706879378799087e-05,0.11059731701769313,0.0003361172751800151,25,10,20
35,1316,0.8805830127569112,1.586106685862817e-05,0.11902181013341409,0.0003793160428149634,25,10,20
35,1317,0.8842808281361623,1.5854339810346366e-05,0.1153240110423317,0.0003793064816947208,25,10,20
35,1318,0.8667907886029329,1.5812730397629162e-05,0.1328141660546116,0.0003792326120568414,25,10,20
35,1319,0.8613363782157165,2.0777372902914047e-05,0.13824130860612538,0.00040153580525420783,25,10,20
35,1320,0.86151177827959,2.0790381106072494e-05,0.1380747259410217,0.0003927053982813135,25,10,20
35,1321,0.8628746140699047,2.0790101540043723e-05,0.13671202547924963,0.0003925703493044406,25,10,20
35,1322,0.8268034637411449,2.079092144340157e-05,0.17277630103405542,0.00039944430335551035,25,10,20
35,1323,0.8193193568852388,2.0800624350700783e-05,0.18025755361654522,0.00040228887386416115,25,10,20
35,1324,0.8105998949359435,2.0803888599247143e-05,0.18897616536628306,0.00040313580917277896,25,10,20
35,1325,0.7953438273473777,2.0807823909569112e-05,0.2042291397120418,0.00040622511666958005,25,10,20
35,1326,0.825746402520963,2.0806911675282407e-05,0.17383344156861327,0.0003993489987479762,25,10,20
35,1327,0.8328206448661022,2.0797715585498633e-05,0.16676156351888063,0.00039699389943110354,25,10,20
35,1328,0.7979174557632329,2.0822200803940097e-05,0.20165784291157823,0.0004038791243833574,25,10,20
35,1329,0.8047405075200872,2.1652455516590077e-05,0.19483471012144907,0.0004031299029457136,25,10,20
35,1330,0.814175885241042,2.16520576572905e-05,0.18539948539288958,0.000402977308410024,25,10,20
35,1331,0.8141343880901111,2.165198728185136e-05,0.18544100835329488,0.0004029515693110854,25,10,20
35,1332,0.8226481781094382,2.165200134874728e-05,0.17692712219492626,0.0004030476942854054,25,10,20
35,1333,0.8228369661780561,2.165161257097257e-05,0.17673833264229402,0.000403049567077357,25,10,20
35,1334,0.8393620917110445,2.094114043265833e-05,0.1529470612620596,0.007669905886461467,25,10,20
35,1335,0.8389405281903538,2.0940771323029613e-05,0.15336872256832468,0.0076698084699968385,25,10,20
35,1336,0.8499519418578907,2.0765330776918753e-05,0.14240837339194506,0.007618919419385414,25,10,20
35,1337,0.8570443593473479,7.769689557030204e-06,0.13532899203759347,0.007618878925500303,25,10,20
35,1338,0.8570895266796785,7.769690995513332e-06,0.13528384858059966,0.007618855048724918,25,10,20
35,1339,0.8498273255855426,2.0661803203256612e-05,0.1425330986323514,0.007618913978901691,25,10,20
35,1340,0.8257336388796768,4.4705587362920034e-05,0.1666007014747438,0.0076209540582164535,25,10,20
35,1341,0.8062696789687217,6.601137299209777e-05,0.18604150526322707,0.0076228043950591325,25,10,20
35,1342,0.7890404949038399,9.817293670960296e-05,0.2032386235567795,0.007622708602670574,25,10,20
35,1343,0.7964139607762099,9.803960576728929e-05,0.19590672975964615,0.007581269858376841,25,10,20
35,1344,0.7953280378600925,9.805425527905298e-05,0.19699140826594583,0.007582499618682951,25,10,20
35,1345,0.7948947581238685,9.805438511970153e-05,0.19742454416225613,0.007582643328755685,25,10,20
35,1346,0.7953462445808015,9.804865463246798e-05,0.19699270106115183,0.007563005703414391,25,10,20
35,1347,0.807859430854592,9.803169378346026e-05,0.19194401327790278,9.852417372179177e-05,25,10,20
35,1348,0.8082107604130823,9.803149062753121e-05,0.19159273003862015,9.847805767000308e-05,25,10,20
35,1349,0.8136036242983116,9.306711169457783e-05,0.18622841484131036,7.489374868326368e-05,25,10,20
35,1350,0.8175835882549558,9.307564364199974e-05,0.18176503496199056,0.0005583011394110594,25,10,20
35,1351,0.817910208212638,8.814112252315825e-05,0.1814005068044805,0.000601143860358274,25,10,20
35,1352,0.8184225862077739,8.812424562606177e-05,0.18088962508670903,0.0005996644598906025,25,10,20
35,1353,0.8179600729711081,8.812535883391634e-05,0.1813525858372619,0.0005992158327958571,25,10,20
35,1354,0.8283063153197705,8.812571335499565e-05,0.17100637999428556,0.0005991789725889461,25,10,20
35,1355,0.8281518686931929,8.812823055294537e-05,0.17119548332666867,0.0005645197495854049,25,10,20
35,1356,0.8276773288884058,8.812789405946689e-05,0.17167002488766067,0.0005645183298738952,25,10,20
35,1357,0.8276444153098129,8.812889217137453e-05,0.17169785123670436,0.0005696045613112236,25,10,20
35,1358,0.8514635302470961,6.410616531195294e-05,0.1478981977948925,0.0005741657926985538,25,10,20
35,1359,0.851054728775816,6.410790593011985e-05,0.14830533051213582,0.0005758328061171802,25,10,20
35,1360,0.8505923660751395,6.41070341332e-05,0.14876737236952206,0.0005761545212045394,25,10,20
35,1361,0.8504953409067554,6.413108009476288e-05,0.14886425383370164,0.0005762741794475899,25,10,20
35,1362,0.8474875477689895,6.493649609925783e-05,0.15186745062015028,0.0005800651147602879,25,10,20
35,1363,0.8828069685610813,6.368888025779846e-05,0.11655551941517599,0.0005738231434838076,25,10,20
35,1364,0.9018826328860424,3.069442428341442e-05,0.09751281929345929,0.0005738533962138617,25,10,20
35,1365,0.9001149075210754,3.1325164030100736e-05,0.09928500973375044,0.0005687575811433138,25,10,20
35,1366,0.8975791061546269,3.137983165996466e-05,0.10182234219479291,0.0005671718189194987,25,10,20
35,1367,0.9133769097154928,3.09584580819174e-05,0.08602912812600215,0.0005630037004223674,25,10,20
35,1368,0.9133982067412981,3.09588363909758e-05,0.08600938162187922,0.0005614528004310621,25,10,20
35,1369,0.9406257768865757,3.0925822037375974e-05,0.05927213486618408,7.116242520276915e-05,25,10,20
35,1370,0.9405836579871252,3.0942208051147466e-05,0.05930924400246033,7.615580236317302e-05,25,10,20
35,1371,0.9215884971367464,3.158497386121097e-05,0.07830869990645391,7.121798293799409e-05,25,10,20
35,1372,0.9211561517772785,3.159535683047018e-05,0.0787420386002946,7.021426559581337e-05,25,10,20
35,1373,0.92393522894842,3.094710534855929e-05,0.07596258271611273,7.124123011823888e-05,25,10,20
35,1374,0.925819870248119,3.089068217680133e-05,0.07407808578592416,7.11532837797177e-05,25,10,20
35,1375,0.9105958124411085,4.5330072833185366e-05,0.08928822494631296,7.063253974532057e-05,25,10,20
35,1376,0.9109249863273987,4.530557792702325e-05,0.08895506447137087,7.46436233031749e-05,25,10,20
35,1377,0.9116118735044509,4.5305772624907894e-05,0.08826738256023255,7.543816269169309e-05,25,10,20
35,1378,0.9116016132459873,4.530598188933322e-05,0.08827761631194503,7.546446017809121e-05,25,10,20
35,1379,0.8879830461117362,3.089120531647153e-05,0.11191183962713833,7.42230558088158e-05,25,10,20
35,1380,0.871079024883488,3.0912958935241676e-05,0.12881623472676562,7.382743081137508e-05,25,10,20
35,1381,0.8706674230717115,3.091197610533563e-05,0.12923291977402449,6.874517815833847e-05,25,10,20
35,1382,0.87090981939637,3.091222986687767e-05,0.12899461925828043,6.464911548243753e-05,25,10,20
35,1383,0.8740559178132947,3.091101923821563e-05,0.12584941642900282,6.375473846404385e-05,25,10,20
35,1384,0.8740835876171821,3.0918196090387754e-05,0.12582262558773732,6.286859899008951e-05,25,10,20
35,1385,0.8737172630386687,3.092207110577006e-05,0.12618895503954358,6.285985068195878e-05,25,10,20
35,1386,0.8692568739761775,3.0919598698676525e-05,0.13064939132190528,6.281510321838718e-05,25,10,20
35,1387,0.8762791262249803,2.2961995728919272e-05,0.1236779955449872,1.9916234303744003e-05,25,10,20
35,1388,0.8734512532599717,2.2947516919033313e-05,0.12643671766880543,8.908155430415226e-05,25,10,20
35,1389,0.8732886918486156,2.3039956841764398e-05,0.1265991804128783,8.908778166468118e-05,25,10,20
35,1390,0.8733269081681775,2.3039883451441926e-05,0.12656097575799893,8.907619037248505e-05,25,10,20
35,1391,0.8734750655210917,2.3032517123087104e-05,0.12641275705659458,8.914490519097616e-05,25,10,20
35,1392,0.8639792097086785,9.891272125841078e-06,0.13592356767922686,8.733133996952571e-05,25,10,20
35,1393,0.8640133344543698,9.89116582754915e-06,0.13588947164351742,8.730273628601681e-05,25,10,20
35,1394,0.8675665090604525,9.891168694624497e-06,0.13233628610557213,8.731366528172489e-05,25,10,20
35,1395,0.8641054904446217,1.001773616511469e-05,0.13579658762444174,8.79041947724006e-05,25,10,20
35,1396,0.8626878858452228,1.003735947119882e-05,0.13720754959812895,9.452719717806554e-05,25,10,20
35,1397,0.8629448039107332,1.0018185653075363e-05,0.1369506428778164,9.453502579841504e-05,25,10,20
35,1398,0.8633315771080302,1.0014103806527033e-05,0.13656389454602122,9.45142421430767e-05,25,10,20
35,1399,0.8634117066776074,1.0014100829188939e-05,0.13648376495046743,9.451427109729205e-05,25,10,20
35,1400,0.858588695311135,2.1184704184366074e-05,0.14127280681737922,0.00011731316730260583,25,10,20
35,1401,0.8502952150509779,2.1188983843331732e-05,0.14950579001598535,0.00017780594919498385,25,10,20
35,1402,0.8566552944844648,2.054395410933135e-05,0.14293881261678862,0.00038534894463913345,25,10,20
35,1403,0.8732253448764318,2.058098289625962e-05,0.12636338264620287,0.0003906914944708696,25,10,20
35,1404,0.8736261784683499,2.0566703510487525e-05,0.1259635428553381,0.00038971197280293445,25,10,20
35,1405,0.8766652358909678,1.976092978324176e-05,0.12292908053525617,0.0003859226439940615,25,10,20
35,1406,0.8825276303733918,2.0025514505666813e-05,0.11727269136900154,0.0001796527431021183,25,10,20
35,1407,0.8721203162840594,2.002866722674993e-05,0.12767904887580978,0.00018060617290468654,25,10,20
35,1408,0.8667730607320608,2.0036199688343036e-05,0.13302626005524285,0.0001806430130084726,25,10,20
35,1409,0.8681983141313364,2.0238223827239486e-05,0.13160081208385851,0.00018063556097826992,25,10,20
35,1410,0.8715241775027017,2.0240827236556246e-05,0.12834465939841128,0.00011092227165112059,25,10,20
35,1411,0.8709797339309661,2.0240862296856307e-05,0.12888708558429615,0.00011293962244182697,25,10,20
35,1412,0.8740831462142198,2.0239019041194406e-05,0.12577203047006244,0.00012458429667734782,25,10,20
35,1413,0.8743991646124262,2.0223590382632436e-05,0.12545594325314838,0.00012466854404361878,25,10,20
35,1414,0.8595596577608609,2.024043598047675e-05,0.1401684331109707,0.0002516686921884914,25,10,20
35,1415,0.8595168483188125,2.024069832384618e-05,0.14021123159185908,0.0002516793910048893,25,10,20
35,1416,0.8589989197141725,2.0153595313606667e-05,0.14072920040972287,0.0002517262807917453,25,10,20
35,1417,0.866929012442113,2.0149502296982755e-05,0.13285955386042875,0.0001912841951620158,25,10,20
35,1418,0.8972490121440654,2.0109788075987765e-05,0.10255122080431284,0.00017965726354659956,25,10,20
35,1419,0.8634439588229597,2.0051696592895625e-05,0.13636168315703848,0.00017430632340918888,25,10,20
35,1420,0.8634620102167604,2.0072266474281975e-05,0.13634564906395397,0.00017226845281166452,25,10,20
35,1421,0.8639421295358594,2.007226652968624e-05,0.13586553019995035,0.00017226799766087618,25,10,20
35,1422,0.8755858248683944,2.1124485257025707e-05,0.12434283058786529,5.022005848379679e-05,25,10,20
35,1423,0.8736114317241527,2.1127741178044564e-05,0.12629877517336177,6.86653613077487e-05,25,10,20
35,1424,0.873491750237892,2.1127576064883142e-05,0.12641850243845806,6.861974758543971e-05,25,10,20
35,1425,0.8543312867975973,2.4629915191880976e-05,0.14554196869159952,0.00010211459561142042,25,10,20
35,1426,0.8528333265502022,2.4667570048105717e-05,0.1470398770032726,0.00010212887647759833,25,10,20
35,1427,0.8360296380280167,2.4688243019867886e-05,0.1638435402864052,0.00010213344255794616,25,10,20
35,1428,0.854785438154353,2.1186343129821414e-05,0.14511956266505566,7.381283746171311e-05,25,10,20
35,1429,0.8493861262466413,2.118597563146433e-05,0.15051775251500854,7.493526271916863e-05,25,10,20
35,1430,0.8378072480090989,2.1193266335928635e-05,0.16189789945505464,0.0002736592695097602,25,10,20
35,1431,0.8408773317356585,2.1086081215936714e-05,0.15882393934542433,0.00027764283770137055,25,10,20
35,1432,0.8406986657569793,2.108663425007928e-05,0.15899730780796648,0.0002829398008044372,25,10,20
35,1433,0.8404631531057092,2.1066721473701296e-05,0.1592394215710536,0.0002763586017638787,25,10,20
35,1434,0.8424026510175756,2.1063021892773403e-05,0.15731837644711155,0.00025790951342052307,25,10,20
35,1435,0.8431526026705805,2.106162064664392e-05,0.15656844685315272,0.00025788885562062373,25,10,20
35,1436,0.8496663425830829,2.1057783046889068e-05,0.15005469275421607,0.00025790687965447515,25,10,20
35,1437,0.8332635628986245,2.105773565000586e-05,0.16645749638470353,0.0002578829810225227,25,10,20
35,1438,0.8395206382360921,2.0966718642335705e-05,0.16019957736955248,0.00025881767571413254,25,10,20
35,1439,0.8396608032450602,2.096662408301447e-05,0.16005941482852384,0.0002588153023333744,25,10,20
35,1440,0.8396625199704942,2.0966555132564556e-05,0.1600577321756366,0.00025878129873708187,25,10,20
35,1441,0.8035739559334724,2.096792174862757e-05,0.19574539898814913,0.0006596771566309982,25,10,20
35,1442,0.8037812869616622,2.0962964061017435e-05,0.19553812119212544,0.0006596288821524646,25,10,20
35,1443,0.8039005989495152,2.0960453508039654e-05,0.19541693443598912,0.0006615061609887712,25,10,20
35,1444,0.7874306756777331,2.6628998450990915e-05,0.21185462489028692,0.0006880704335299266,25,10,20
35,1445,0.7873765348094481,2.6629870519184778e-05,0.21191110834861937,0.0006857269714142562,25,10,20
35,1446,0.7980901602197251,2.665782302241889e-05,0.20116936774281324,0.0007138142144403758,25,10,20
35,1447,0.7820146768896141,2.665669746769495e-05,0.21724506727568316,0.0007135991372357876,25,10,20
35,1448,0.7825569980689493,2.6635905485384916e-05,0.21670277116450706,0.0007135948610587952,25,10,20
35,1449,0.8180455865447656,2.663445040835758e-05,0.1812141920724296,0.0007135869323969768,25,10,20
35,1450,0.8175351107127315,2.663435101604515e-05,0.1817246688648179,0.0007135860714350227,25,10,20
35,1451,0.8095366749466391,2.662433275988937e-05,0.1897276866719319,0.0007090140486697391,25,10,20
35,1452,0.8441722750268517,1.845987500283211e-05,0.1551002885913206,0.0007089765068250266,25,10,20
35,1453,0.8393752545217334,1.879655288345141e-05,0.1598921035916846,0.0007138453336985633,25,10,20
35,1454,0.8261847830403173,2.9296947784837848e-05,0.17302113055198134,0.000764789459915766,25,10,20
35,1455,0.8260578123446656,2.9297333775311623e-05,0.17314635876931317,0.000766531552245061,25,10,20
35,1456,0.8207263601872502,2.910980196413087e-05,0.17848024083593558,0.000764289174849608,25,10,20
35,1457,0.8211003154289724,2.910911886101503e-05,0.17811169002200017,0.0007588854301660168,25,10,20
35,1458,0.8317071617146945,1.7951426650648375e-05,0.1675370411356956,0.000737845722959488,25,10,20
35,1459,0.831362328596643,1.7942130811013838e-05,0.1678839210025064,0.0007358082700397223,25,10,20
35,1460,0.8587708020741773,2.4012152961062548e-05,0.1408397626003731,0.00036542317248871784,25,10,20
35,1461,0.8580418942097041,2.3993872012263734e-05,0.14157323132998972,0.0003608805882938024,25,10,20
35,1462,0.8575331406016069,3.9927661621770756e-05,0.1420660410800329,0.000360890656738388,25,10,20
35,1463,0.8227121385285675,3.992807338672674e-05,0.1768752587044814,0.00037267469356476647,25,10,20
35,1464,0.8342761104216068,3.9920812566197844e-05,0.16551001275596203,0.00017395600986502065,25,10,20
35,1465,0.8695894741845973,3.992040120041344e-05,0.13020843335497576,0.00016217205922663025,25,10,20
35,1466,0.8827078528951705,2.9419750147295403e-05,0.11715151415436041,0.00011121320032212622,25,10,20
35,1467,0.8832709594870373,2.9409690971476812e-05,0.1165901298009233,0.000109501021068001,25,10,20
35,1468,0.8898488863394783,2.936131564634766e-05,0.11004034521062346,8.140713425188304e-05,25,10,20
35,1469,0.8906854325276977,1.3427101719195259e-05,0.10921978403944997,8.135633113300465e-05,25,10,20
35,1470,0.8906894536442631,1.3424279651513454e-05,0.10921579743063944,8.13246454459217e-05,25,10,20
35,1471,0.8920396031714546,1.3422843040718367e-05,0.10786575039405603,8.122359144865897e-05,25,10,20
35,1472,0.8698825994458477,1.3456155288655061e-05,0.13001729873363857,8.664566522539519e-05,25,10,20
35,1473,0.8683577922550583,1.3456483598036144e-05,0.13154207559747275,8.667566387102547e-05,25,10,20
35,1474,0.8742437155106763,1.3456427731833504e-05,0.1256561732452211,8.665481637114503e-05,25,10,20
35,1475,0.8738553819209944,1.3577930057733196e-05,0.12604343221636016,8.760793258794428e-05,25,10,20
35,1476,0.8709168233242415,1.3587248028048885e-05,0.12893647534581276,0.00013311408191779797,25,10,20
35,1477,0.8709184799116108,1.358725895159356e-05,0.12893481746881583,0.00013311536062169595,25,10,20
35,1478,0.870834592284421,1.358761814412772e-05,0.12901867976425,0.00013314033318474096,25,10,20
35,1479,0.870714746793873,1.3587623299684832e-05,0.12913852479078708,0.00013314079204033448,25,10,20
35,1480,0.8706942368234811,1.3587807822843458e-05,0.1291589881297016,0.00013318723899425245,25,10,20
35,1481,0.8715527621750344,1.3591776331333633e-05,0.12823352595811538,0.00020012009051885194,25,10,20
35,1482,0.881759586652223,1.359182170495999e-05,0.11802649918528481,0.0002003223407872878,25,10,20
35,1483,0.8842574257056763,1.2522753727729429e-05,0.11553469688804356,0.00019535465255248092,25,10,20
35,1484,0.8483842133835011,1.2414572098585858e-05,0.15140532353846356,0.00019804850593736144,25,10,20
35,1485,0.8462039795806533,1.2432478036840524e-05,0.1535853896055104,0.0001981983358000165,25,10,20
35,1486,0.8313183847741871,1.2453980703465996e-05,0.16847090670886947,0.0001982545362397041,25,10,20
35,1487,0.8336862081472053,6.764980922542859e-06,0.16604032338910002,0.00026670348277167525,25,10,20
35,1488,0.8497878512694875,6.764947681631668e-06,0.14993597678609732,0.00026940699673332937,25,10,20
35,1489,0.8451292498328793,6.7811258235480874e-06,0.15459052695174685,0.0002734420895501115,25,10,20
35,1490,0.8755352803430542,6.767937393825041e-06,0.12418813678303847,0.0002698149365140837,25,10,20
35,1491,0.8770102128675155,6.750038234342184e-06,0.12271336172031747,0.0002696753739334165,25,10,20
35,1492,0.8770432456715899,6.75233955987584e-06,0.12268003689906637,0.00026996508978435643,25,10,20
35,1493,0.8860999507606658,6.546537320530706e-06,0.11362456134069665,0.0002689413613176188,25,10,20
35,1494,0.8848522303179486,6.546827845469549e-06,0.11487216004170774,0.0002690628124987154,25,10,20
35,1495,0.8747068554818336,6.664318251564053e-06,0.12502235336775394,0.0002641268321614461,25,10,20
35,1496,0.8742671085736506,6.682129023004427e-06,0.1254572450129911,0.0002689642843358158,25,10,20
35,1497,0.8667999133620841,7.12573509802959e-06,0.13280375964530244,0.000389201257515406,25,10,20
35,1498,0.8549787827765866,7.435271988903945e-06,0.14462654757386859,0.0003872343775556543,25,10,20
35,1499,0.8398113527226378,8.66500508723331e-06,0.15978690940100868,0.0003930728712654753,25,10,20
35,1500,0.8558386179842415,8.665129027970162e-06,0.1437596192257584,0.0003930976609709537,25,10,20
35,1501,0.8558192847094062,8.973859623053277e-06,0.1439029091612282,0.0002688322697414926,25,10,20
35,1502,0.8614265053057251,9.168758613124271e-06,0.13829549331368543,0.0002688326219759116,25,10,20
35,1503,0.8558132476856692,9.173036743875978e-06,0.14390874924388875,0.000268830033696972,25,10,20
35,1504,0.8776264053827509,3.4969672399832333e-06,0.12212786745627781,0.00024223019373030365,25,10,20
35,1505,0.8784036173568684,3.496590176540386e-06,0.12135069233110339,0.00024219372185075767,25,10,20
35,1506,0.8845959579665984,3.114287171506039e-06,0.1152576946271682,0.00014323311906187507,25,10,20
35,1507,0.8818361608708613,3.1121938632303852e-06,0.11801729782229815,0.00014342911297723918,25,10,20
35,1508,0.8867016851764737,3.108167915188562e-06,0.11315170654865658,0.00014350010695430603,25,10,20
35,1509,0.8984038793120633,3.086672653762652e-06,0.10144831093050179,0.000144723084781043,25,10,20
35,1510,0.894728886938026,3.283823436345014e-06,0.10512224787127045,0.00014558136726724503,25,10,20
35,1511,0.8945025330190649,3.2834802147949735e-06,0.10534864687900933,0.00014553662171088753,25,10,20
35,1512,0.8793529146977477,3.250533822582892e-06,0.12050523243915498,0.00013860232927346772,25,10,20
35,1513,0.8794782523748037,3.250436201458663e-06,0.12037989452033589,0.00013860266865764072,25,10,20
35,1514,0.879709559182521,3.05549638398293e-06,0.12014875702437124,0.00013862829672262546,25,10,20
35,1515,0.87343443426689,3.055902171015686e-06,0.1264214503116882,0.00014105951924964599,25,10,20
35,1516,0.8780265150164698,2.956728501943202e-06,0.12180526373675703,0.000165264518269976,25,10,20
35,1517,0.8780370140121972,2.956728857667852e-06,0.12179476471857788,0.00016526454036606738,25,10,20
35,1518,0.8808520976867168,2.9565803967124045e-06,0.11898018358724573,0.00016476214563987225,25,10,20
35,1519,0.8823774036613728,2.9560900551506524e-06,0.11745445028902328,0.0001651899595476333,25,10,20
35,1520,0.8528707518443487,2.9565801227869494e-06,0.14696167276889358,0.00016461880663403664,25,10,20
35,1521,0.8741467292195054,1.1306911093605084e-05,0.12567748138843227,0.00016448248096772428,25,10,20
35,1522,0.874204694029344,1.1312104082134272e-05,0.12561953036050877,0.0001644635060642032,25,10,20
35,1523,0.8740824782906762,1.131207124387107e-05,0.12574175099425877,0.00016445864382053923,25,10,20
35,1524,0.8745578088470225,1.1294239378904449e-05,0.1252712775225101,0.000159619391087679,25,10,20
35,1525,0.866183988358718,1.1716814744437743e-05,0.133650280714265,0.00015401411227164525,25,10,20
35,1526,0.8561701693831312,1.1723626566447099e-05,0.14366545697315905,0.00015265001714263174,25,10,20
35,1527,0.8490572035419501,1.2176897919637354e-05,0.15077575382973873,0.00015486573039044657,25,10,20
35,1528,0.849037798093486,1.2177000571036478e-05,0.15079515695999132,0.00015486794595057486,25,10,20
35,1529,0.8489787688054055,1.2177176834200361e-05,0.15085418764718278,0.0001548663705765941,25,10,20
35,1530,0.8491095071603786,1.2177394773400451e-05,0.15072341858509475,0.0001548968597523179,25,10,20
35,1531,0.8487017803486454,1.2182900503073858e-05,0.15112848170122553,0.00015755504962510758,25,10,20
35,1532,0.8349710124275295,1.2189300736715742e-05,0.16485836981165847,0.00015842846007354128,25,10,20
35,1533,0.8349421603644066,1.2189311899806414e-05,0.16488721999361797,0.00015843033007378822,25,10,20
35,1534,0.835158687549772,1.2183923402318746e-05,0.16467072649989564,0.00015840202692832023,25,10,20
35,1535,0.8353889543837991,1.2183732143483216e-05,0.16444046166289442,0.00015840022116113517,25,10,20
35,1536,0.8419942007604826,1.1735621762972563e-05,0.1578378528985871,0.00015621071916628243,25,10,20
35,1537,0.8675478550942679,1.174965139465339e-05,0.13228440961091745,0.00015598564341857022,25,10,20
35,1538,0.8445595528993336,1.1749937399625437e-05,0.1552726710691448,0.00015602609412096002,25,10,20
35,1539,0.8432353011235303,1.1751322677616031e-05,0.15659691400312847,0.0001560335506623609,25,10,20
35,1540,0.8673107178094507,1.0099104256487857e-05,0.13252194487929533,0.00015723820699591162,25,10,20
35,1541,0.8665471850578043,1.009814534876848e-05,0.13328041470139748,0.00016230209544794988,25,10,20
35,1542,0.8669545968516731,1.0092726897792047e-05,0.13287566577055576,0.00015964465087189253,25,10,20
35,1543,0.889637976293131,1.0092453213111255e-05,0.11019232706221171,0.0001596041914426589,25,10,20
35,1544,0.8895154614864508,1.0092629186125868e-05,0.11031484210954905,0.00015960377481265747,25,10,20
35,1545,0.9010403168591755,1.0078119451559833e-05,0.09879000566272103,0.0001595993586509711,25,10,20
35,1546,0.9087602015019387,1.0087613855784556e-05,0.09111652759616305,0.00011318328804150368,25,10,20
35,1547,0.908971762710998,1.0083687474889607e-05,0.09097192991195796,4.622368956865666e-05,25,10,20
35,1548,0.9085247966785442,1.0083670034663186e-05,0.09141880625395339,4.631339746732681e-05,25,10,20
35,1549,0.90901623604451,1.0078504180337266e-05,0.09092739874389533,4.628670741385248e-05,25,10,20
35,1550,0.9077974745999856,1.0109881284216372e-05,0.09210477224725352,8.764327147624348e-05,25,10,20
35,1551,0.9044167653775983,1.0109966382169733e-05,0.09548545570673865,8.766894928026074e-05,25,10,20
35,1552,0.9023717158056266,1.0109882546731409e-05,0.09753048039174095,8.769392008512719e-05,25,10,20
35,1553,0.902858138726493,1.0109483962723256e-05,0.09704406304695777,8.768874258570716e-05,25,10,20
35,1554,0.9002263822235205,1.2210311343912874e-05,0.09967371548921586,8.769197591904548e-05,25,10,20
35,1555,0.912402209432072,1.1900582169056387e-05,0.08749893667734666,8.69533084116469e-05,25,10,20
35,1556,0.9138045806505297,1.213498498590877e-05,0.08610138707905382,8.189728543039458e-05,25,10,20
35,1557,0.9070923216518892,1.2134995958158433e-05,0.09281366982171332,8.187353043851224e-05,25,10,20
35,1558,0.9015004459254393,1.2041125177139396e-05,0.09842955625881154,5.795669057151234e-05,25,10,20
35,1559,0.9015199318264518,1.204112994564739e-05,0.09841006987503796,5.795716856400864e-05,25,10,20
35,1560,0.9054711938768082,1.2041135988384547e-05,0.09446008608256586,5.6678904636834825e-05,25,10,20
35,1561,0.8697343421348352,9.941960308003299e-06,0.13019903998481167,5.667592004328776e-05,25,10,20
35,1562,0.8695975629513394,9.947455398319245e-06,0.1303331488462282,5.9340747032768955e-05,25,10,20
35,1563,0.8814147289312823,9.179561964473768e-06,0.11851672701642302,5.936449032879396e-05,25,10,20
35,1564,0.8814033733592583,9.179696462767742e-06,0.1185278652711637,5.9581673113948515e-05,25,10,20
35,1565,0.8812874185894557,9.179583789240272e-06,0.11864396553687026,5.9436289883454194e-05,25,10,20
35,1566,0.8894516932004044,9.179566991647551e-06,0.1104794996176113,5.962761499156499e-05,25,10,20
35,1567,0.8921532531149876,9.742279179594362e-06,0.10777728240965892,5.9722196172607945e-05,25,10,20
35,1568,0.8922259224355601,9.74218442011221e-06,0.10770461202570995,5.97233543086447e-05,25,10,20
35,1569,0.8921710761087411,9.74221578724645e-06,0.1077594492823317,5.97323931388344e-05,25,10,20
35,1570,0.8932554678752311,9.723263980593729e-06,0.10667533077357921,5.947808720791911e-05,25,10,20
35,1571,0.8536270543732128,9.72357216366123e-06,0.14595455231942794,0.00040866973519568603,25,10,20
35,1572,0.8931594931610843,9.723180595421542e-06,0.1067712848795377,5.9498778781105554e-05,25,10,20
35,1573,0.8695351081192847,3.352027878512373e-05,0.1303718338771747,5.953772475449041e-05,25,10,20
35,1574,0.8831650988126353,3.351365683396739e-05,0.11674275507179248,5.863245873721796e-05,25,10,20
35,1575,0.8789525040985916,3.3549619206218316e-05,0.12095830526211737,5.564102008474744e-05,25,10,20
35,1576,0.880137846248886,3.355652933180623e-05,0.11977447214851326,5.412507326881713e-05,25,10,20
35,1577,0.8928995059691885,9.766359039790667e-06,0.10703608222447607,5.464544729475048e-05,25,10,20
35,1578,0.8925547047594071,9.532041635666919e-06,0.10737849638966253,5.726680929390934e-05,25,10,20
35,1579,0.8919523373255241,9.538900088038351e-06,0.10797906156682963,5.906220755761344e-05,25,10,20
35,1580,0.8828990962284674,9.144728078173922e-06,0.11703241167425156,5.934736920270677e-05,25,10,20
35,1581,0.8830209641096296,9.1384073538629e-06,0.11691230597177649,5.7591511239710876e-05,25,10,20
35,1582,0.8827663117650413,9.13841481035015e-06,0.11716695743745921,5.759238268911028e-05,25,10,20
35,1583,0.8932118985453296,9.131488493474367e-06,0.10672191326540742,5.705670076908154e-05,25,10,20
35,1584,0.9010631970446183,7.887146009345714e-07,0.09887901686966324,5.699737111707246e-05,25,10,20
35,1585,0.9010645286275334,7.887160949315922e-07,0.0988776872945148,5.699536185643206e-05,25,10,20
35,1586,0.9013832285570725,7.881273149966766e-07,0.09855891943993215,5.706387567996434e-05,25,10,20
35,1587,0.9019929394812468,7.88115772487324e-07,0.09794940247142658,5.686993155362996e-05,25,10,20
35,1588,0.9129825771405291,6.523840982604565e-07,0.08695991091451198,5.6859560860229643e-05,25,10,20
35,1589,0.9129007588029918,6.541015568039203e-07,0.08704053824155063,5.804885390014141e-05,25,10,20
35,1590,0.8898123999545718,6.623857117187072e-07,0.11012610152649012,6.083613322640551e-05,25,10,20
35,1591,0.900293588169207,6.551306781350475e-07,0.09964874303565578,5.701366445937333e-05,25,10,20
35,1592,0.8994807634127675,6.499003258030679e-07,0.10046301621136189,5.557047554507963e-05,25,10,20
35,1593,0.8992347037609746,6.483905986004057e-07,0.1007089601181763,5.568773025136787e-05,25,10,20
35,1594,0.8887065332134954,6.48454187075995e-07,0.11123974826181872,5.3070070499717716e-05,25,10,20
35,1595,0.8861445693113602,8.732897706049625e-07,0.11383783408843279,1.6723310437129042e-05,25,10,20
35,1596,0.8853177323998683,3.3007028790437154e-07,0.11466514895523851,1.6788574605257644e-05,25,10,20
35,1597,0.885833807114369,3.3019071497291715e-07,0.11414886205798956,1.700063692665236e-05,25,10,20
35,1598,0.8856736004792328,3.3018130611790263e-07,0.11430907039987007,1.699893959094867e-05,25,10,20
35,1599,0.8861214707739852,3.300293633254402e-07,0.11386113740495833,1.7061791693039754e-05,25,10,20
35,1600,0.886148167380981,3.301108121546614e-07,0.11383446180901702,1.7040699189762978e-05,25,10,20
35,1601,0.8705906762103389,3.223174144597225e-07,0.12939461139139483,1.4390080852102775e-05,25,10,20
35,1602,0.8709353447284636,3.3466094283339146e-07,0.1290499112322059,1.4409378388356986e-05,25,10,20
35,1603,0.8934116776085336,3.3456731462191224e-07,0.10657068641053946,1.73014136130928e-05,25,10,20
35,1604,0.8971893016278222,7.835638622214342e-08,0.10279832800099985,1.2292014792411686e-05,25,10,20
35,1605,0.896831038295984,5.256712288105818e-07,0.1031561163560312,1.231967675671033e-05,25,10,20
35,1606,0.8969463838843535,5.3079740581189e-07,0.10304076477247584,1.2320545765526351e-05,25,10,20
35,1607,0.8901675761984876,5.347839091093958e-07,0.10981955044943138,1.2338568172810647e-05,25,10,20
35,1608,0.8898987610078274,5.230212662566368e-07,0.1100883248644338,1.2391106473499827e-05,25,10,20
35,1609,0.8940796575348458,5.716899214637352e-07,0.10590702934330587,1.2741431927403917e-05,25,10,20
35,1610,0.8939273651030873,5.666570075378584e-07,0.10605932573241246,1.27425074930352e-05,25,10,20
35,1611,0.8936714559603192,5.676082640175326e-07,0.10631512706610316,1.2849365314170399e-05,25,10,20
35,1612,0.8936236146889962,5.676080732804981e-07,0.1063629687717717,1.2848931159219382e-05,25,10,20
35,1613,0.8546690033115931,6.241548239242398e-07,0.14531725919183244,1.3113341750390212e-05,25,10,20
35,1614,0.8542389872253332,6.238833793776361e-07,0.1457473355241915,1.3053367095555805e-05,25,10,20
35,1615,0.8496248990124857,8.521048547686277e-07,0.15036019922505994,1.4049657599330447e-05,25,10,20
35,1616,0.848638668719689,0.00037977544449123256,0.15096776169046983,1.379414534981535e-05,25,10,20
35,1617,0.8579155821867681,2.618463847352284e-06,0.142067856918899,1.3942430485295847e-05,25,10,20
35,1618,0.85783736849684,2.6184550687579357e-06,0.1421461633402718,1.3849707819414306e-05,25,10,20
35,1619,0.8577652779504257,2.618436536510466e-06,0.14221816692148148,1.3936691556319371e-05,25,10,20
35,1620,0.8577648624628565,2.613229852646492e-06,0.1422212256659449,1.1298641345596113e-05,25,10,20
35,1621,0.8677120049594427,2.6143588088252824e-06,0.13227391395404905,1.1466727699716193e-05,25,10,20
35,1622,0.8510695637625659,2.634766744783198e-06,0.1487542525076084,0.00017354896308092988,25,10,20
35,1623,0.8475278025314159,2.58595979511789e-06,0.15229652192009563,0.00017308958869429345,25,10,20
35,1624,0.8482139662835888,2.846842331441486e-06,0.15161009712357182,0.00017308975050869813,25,10,20
35,1625,0.8483927825391737,2.836766120359209e-06,0.1514326961424918,0.00017168455221509631,25,10,20
35,1626,0.8132547301208283,6.772808022886211e-05,0.18650042134140668,0.00017712045753592927,25,10,20
35,1627,0.8509748520243573,6.772808043961084e-05,0.1487803068874274,0.00017711300777665002,25,10,20
35,1628,0.8510688686647998,6.772816658836006e-05,0.1486848981555869,0.0001785050130260989,25,10,20
35,1629,0.817101647081849,6.772818746390287e-05,0.18265200637206028,0.00017861835862692123,25,10,20
35,1630,0.8149742888924086,6.746323886735045e-05,0.18477961214977434,0.00017863571894940244,25,10,20
35,1631,0.8208896199429628,6.745875161791118e-05,0.1788642175159045,0.0001787037895136673,25,10,20
35,1632,0.8274296925699945,6.745458472987103e-05,0.17232414267450458,0.00017871017076997626,25,10,20
35,1633,0.8277217848095628,6.74542057600867e-05,0.17203207762284445,0.00017868336183164295,25,10,20
35,1634,0.8443331915582482,6.745711930925937e-05,0.15542283858030814,0.0001765127421352317,25,10,20
35,1635,0.8441524061303667,6.745736648963492e-05,0.15560362305821004,0.00017651344493448695,25,10,20
35,1636,0.8079780636099315,0.00010517169047403571,0.19156451423508414,0.0003522504645091111,25,10,20
35,1637,0.8420072454629652,0.00010517174742595087,0.15753542632101214,0.00035215646859751133,25,10,20
35,1638,0.8476164344612366,0.00010494029877218295,0.15192729175646602,0.0003513334835260171,25,10,20
35,1639,0.8408558578563836,0.000104952353228083,0.15868785104905025,0.00035133874133877854,25,10,20
35,1640,0.8409371201757964,0.00010495234192024215,0.1586078977631731,0.00035002971911101056,25,10,20
35,1641,0.8520190957852511,0.00010512125571129911,0.14632386982317555,0.001551913135862279,25,10,20
35,1642,0.8820144031730567,0.00010359333751106404,0.11633017380705565,0.0015518296823770204,25,10,20
35,1643,0.8786258155636978,0.0001033027588648253,0.11971788251363838,0.001552999163799393,25,10,20
35,1644,0.8787810457927592,0.00010330267563823887,0.11956404445217983,0.0015516070794231915,25,10,20
35,1645,0.8788389103351054,0.00010330243338369075,0.11950618040187612,0.001551606829635293,25,10,20
35,1646,0.8788062012577785,0.00010330251331057693,0.11953762417046486,0.0015528720584462826,25,10,20
35,1647,0.8787737541592106,0.00010330305178995264,0.11957006741753576,0.0015528753714638556,25,10,20
35,1648,0.8776795262149648,0.00010386225264142955,0.12066361156935324,0.001552999963040601,25,10,20
35,1649,0.8707620191020737,0.00010386165418651739,0.1275246174234925,0.001609501820247377,25,10,20
35,1650,0.8775622025855568,0.00010384957808378536,0.12072450353718578,0.0016094442991735978,25,10,20
35,1651,0.8700924302996722,0.00011637200382323326,0.1281806975694807,0.0016105001270239748,25,10,20
35,1652,0.8614889600024163,0.0001163722728415461,0.13678549722533395,0.0016091704994081171,25,10,20
35,1653,0.8537008895892771,0.0001170565309025151,0.14456978360336176,0.0016122702764586334,25,10,20
35,1654,0.8534890694966714,0.00011705644402799224,0.14478154498937415,0.0016123290699266045,25,10,20
35,1655,0.8499219292208033,0.00011650566424602241,0.1444303192636413,0.005531245851309582,25,10,20
35,1656,0.8500460561623734,0.00011650565620568552,0.14430619277362364,0.005531245407797445,25,10,20
35,1657,0.8498626157750769,0.00011650572004920942,0.14448961774175906,0.005531260763115006,25,10,20
35,1658,0.86615459835135,0.00011650552684473847,0.12820061542201971,0.005528280699785777,25,10,20
35,1659,0.8707916329437776,0.00011631508382238892,0.12492784329051747,0.00416420868188254,25,10,20
35,1660,0.870906825922923,0.00011631551315393227,0.12481269320800362,0.0041641653559198275,25,10,20
35,1661,0.8783726728528504,0.00010379309386452451,0.11736042284246427,0.004163111210821246,25,10,20
35,1662,0.8813088297025453,0.0001037740572619517,0.1144242928874723,0.004163103352720922,25,10,20
35,1663,0.8818000637341945,0.00010377406160261511,0.11393308289539819,0.004163079308805369,25,10,20
35,1664,0.8825027939420806,0.00010377304405930769,0.11323045245792096,0.004162980555939954,25,10,20
35,1665,0.8810615022793439,0.00010379787873618421,0.11467171473214945,0.004162985109771315,25,10,20
35,1666,0.8810085441122666,0.0001037974388308529,0.11472470006272312,0.0041629583861801525,25,10,20
35,1667,0.8911376881746703,0.00010379481709824364,0.1046531364866789,0.004105380521553274,25,10,20
35,1668,0.885153958078444,0.00010379461605600301,0.11063696976204802,0.004105277543452935,25,10,20
35,1669,0.8857369562362531,0.00010377818065143119,0.1100543459844328,0.004104919598663639,25,10,20
35,1670,0.8852860519810416,0.00010379759984801956,0.11050514062030554,0.0041050097988059595,25,10,20
35,1671,0.8849746739654764,6.676504662263517e-05,0.1106663674703878,0.004292193517514548,25,10,20
35,1672,0.8874918779361458,6.658299559879084e-05,0.10814933448807042,0.0042922045801862384,25,10,20
35,1673,0.876187009457564,0.00010267179207971081,0.11941442674230697,0.00429589200805021,25,10,20
35,1674,0.8677711385285122,0.00010268199227570598,0.1277888729328138,0.00433730654639972,25,10,20
35,1675,0.8667218475986646,0.00010265912617392379,0.1288380967227096,0.0043373965524532675,25,10,20
35,1676,0.8651218596302769,0.00010268514480493833,0.13047935867862567,0.004296096546294066,25,10,20
35,1677,0.8802470608343005,6.611070787030927e-05,0.11539569897266798,0.004291129485162251,25,10,20
35,1678,0.8797911249287005,6.611108539553735e-05,0.11585158263520064,0.004291181350704712,25,10,20
35,1679,0.8404273106778497,6.611105997661381e-05,0.1552153988170109,0.0042911794451638355,25,10,20
35,1680,0.8349259836446502,6.611925565851829e-05,0.16071676877482738,0.004291128324864578,25,10,20
35,1681,0.8306249437472725,6.608399756347673e-05,0.16501794181735985,0.004291030437804897,25,10,20
35,1682,0.8304946413195955,6.608799448975768e-05,0.16514817036760707,0.004291100318308003,25,10,20
35,1683,0.8304963803869398,6.608817148434232e-05,0.16514642953958888,0.004291101901987215,25,10,20
35,1684,0.835941664554116,6.607959866589004e-05,0.15970115296859846,0.004291102878620729,25,10,20
35,1685,0.8358219645202329,6.607959535882724e-05,0.1598208546828084,0.004291101201600891,25,10,20
35,1686,0.8241353177148133,6.597559930154821e-05,0.17150688032152261,0.004291826364362537,25,10,20
35,1687,0.8238985621130364,6.600687249372959e-05,0.17174353110070714,0.00429189991376286,25,10,20
35,1688,0.8239037817039626,6.600668378278422e-05,0.17173831466191525,0.004291896950339476,25,10,20
35,1689,0.8172338974370261,6.6006935358808e-05,0.17840821440193505,0.004291881225680107,25,10,20
35,1690,0.8171574354530287,6.646083766927633e-05,0.1784823979139186,0.004293705795383458,25,10,20
35,1691,0.8171271035827143,6.648835978108586e-05,0.17851240802725105,0.004294000030253583,25,10,20
35,1692,0.8167335862304411,6.58336418639601e-05,0.1792693734888402,0.00393120663885411,25,10,20
35,1693,0.8168064284737087,6.583373016158513e-05,0.1791965315715722,0.003931206224556731,25,10,20
35,1694,0.8235761570242635,6.583350823570281e-05,0.17242679011923673,0.003931219348263472,25,10,20
35,1695,0.825686801797813,6.580097143105414e-05,0.17031634177153143,0.00393105545922375,25,10,20
35,1696,0.8371527725732912,6.564388698622357e-05,0.158851302157526,0.003930281382196543,25,10,20
35,1697,0.8363779960996288,6.56448415655986e-05,0.15961855692225418,0.003937802136551214,25,10,20
35,1698,0.8363551905356694,6.564495146212604e-05,0.1596399232311348,0.003939241281733186,25,10,20
35,1699,0.8494981832504762,6.566946920535595e-05,0.14649030777846017,0.003945839501857946,25,10,20
35,1700,0.8504053111340752,6.52145383030597e-05,0.14558558724508733,0.003943887082533936,25,10,20
35,1701,0.8480745829925751,6.543893263508654e-05,0.15183402313614253,2.595493864710673e-05,25,10,20
35,1702,0.8480894401354937,6.543906137520866e-05,0.15181914776749433,2.5973035636629478e-05,25,10,20
35,1703,0.8138633820219309,6.543911572826185e-05,0.1860001391653272,7.103969701346102e-05,25,10,20
35,1704,0.8137841785030997,6.543911736689056e-05,0.18607803446666696,7.234791286627872e-05,25,10,20
35,1705,0.8139054080621196,6.543974889964195e-05,0.1859567996610859,7.235252789461836e-05,25,10,20
35,1706,0.8148299643857397,6.54390607377531e-05,0.18503233217498555,7.22643785367712e-05,25,10,20
35,1707,0.805828084305199,0.0016191871565742022,0.19248222066788942,7.050787033726258e-05,25,10,20
35,1708,0.8286797912498964,0.0016192087056684278,0.16962757651704483,7.342352738980463e-05,25,10,20
35,1709,0.8573291732881998,0.0015543188556880311,0.1393171430820359,0.001799364774075718,25,10,20
35,1710,0.8537443429669276,0.0015543368060037136,0.14289919446815616,0.0018021257589123996,25,10,20
35,1711,0.857150609214769,0.0015543191537600465,0.13949569032928097,0.0017993813021894138,25,10,20
35,1712,0.8572219859203662,0.001554319147572319,0.1394256214404778,0.0017980734915833013,25,10,20
35,1713,0.8310225071732767,0.0015543170695602679,0.16735615866399148,6.701709317073979e-05,25,10,20
35,1714,0.8670649332424415,0.0015542900214628333,0.1313138869244184,6.68898116770854e-05,25,10,20
35,1715,0.8607037133216661,0.0015542991971191555,0.13767505778819913,6.692969301577101e-05,25,10,20
35,1716,0.8672382584453537,0.001554295010944325,0.1311405416743945,6.690486930736666e-05,25,10,20
35,1717,0.8408957761641112,0.0015559343004000964,0.1478167841376145,0.009731505397874486,25,10,20
35,1718,0.8417361286963565,0.0015559332576933085,0.1469839663763261,0.009723971669624269,25,10,20
35,1719,0.8425606747003002,0.0015559327855567467,0.14615940374013492,0.009723988774008062,25,10,20
35,1720,0.8424099752704399,0.0015559328789330302,0.14631007816228903,0.009724013688337557,25,10,20
35,1721,0.8658554936012114,0.0015559405470958894,0.12286493861006638,0.009723627241625666,25,10,20
35,1722,0.8587541008540336,0.0015562410657414402,0.12996536921449686,0.009724288865727598,25,10,20
35,1723,0.8585258194271961,0.0015562409747401419,0.13019367228782133,0.009724267310242216,25,10,20
35,1724,0.8644107540599718,0.0015562423109605186,0.12430834059857526,0.009724663030492284,25,10,20
35,1725,0.8653332006605041,0.0015562423079372764,0.12338589315540643,0.009724663876152024,25,10,20
35,1726,0.8765312407075199,2.3073567763095482e-06,0.11373802439940596,0.009728427536297416,25,10,20
35,1727,0.8765237009691929,2.3073711897778042e-06,0.11374553895805196,0.0097284527015648,25,10,20
35,1728,0.873963602741001,2.308047898774882e-06,0.1160108489831671,0.010023240227932639,25,10,20
35,1729,0.8747016891987057,2.323112324351707e-06,0.11527938236857495,0.010016605320394802,25,10,20
35,1730,0.8749708184825455,2.3231016324152984e-06,0.11501033750303519,0.010016520912786899,25,10,20
35,1731,0.841109562724836,5.461905589305868e-06,0.14886193433960143,0.01002304102997379,25,10,20
35,1732,0.8755924351171172,2.3223874981944226e-06,0.11438872666184258,0.010016515833542308,25,10,20
35,1733,0.8917735634894679,2.3011394133807464e-06,0.09821053083920654,0.010013604531912317,25,10,20
35,1734,0.8884128321853142,2.305118071883707e-06,0.1015713158912758,0.01001354680533836,25,10,20
35,1735,0.8884332426700715,2.3050318055689296e-06,0.10155092910232522,0.010013523195798029,25,10,20
35,1736,0.891306695735745,2.3005050176120767e-06,0.09601964703603619,0.012671356723201353,25,10,20
35,1737,0.8945683610076136,2.818901855102553e-06,0.09541167352601952,0.010017146564511779,25,10,20
35,1738,0.8946176153047225,2.7917380806831888e-06,0.0953614329484385,0.0100181600087585,25,10,20
35,1739,0.8949892287470574,2.7721204810915657e-06,0.09498997561007413,0.010018023522387459,25,10,20
35,1740,0.8843493207873705,0.0003834654069531907,0.10524862433814337,0.01001858946753323,25,10,20
35,1741,0.8843557103256312,0.0003834653956046004,0.1052422599697407,0.010018564309023861,25,10,20
35,1742,0.8845725332217989,0.00038346539992762453,0.10502543685992055,0.010018564518353144,25,10,20
35,1743,0.8888022145104538,0.00038294391731599737,0.10079993498359839,0.010014906588631998,25,10,20
35,1744,0.8884220933673427,0.0003832263648037985,0.10118118365864257,0.010013496609211421,25,10,20
35,1745,0.8847047124529149,0.000614490454818043,0.11324063126396199,0.0014401658283057532,25,10,20
35,1746,0.8812144280333382,0.0006147141907744081,0.11672855352017227,0.001442304255715663,25,10,20
35,1747,0.8803451118829385,0.00061471494890246,0.11759445686148531,0.0014457163066744104,25,10,20
35,1748,0.8783235142078069,0.0006152660292829243,0.11947027184060666,0.0015909479223040466,25,10,20
35,1749,0.8735446885993996,0.0006198575416202712,0.12424405943966547,0.001591394419314804,25,10,20
35,1750,0.8737886325229222,0.0006198574774385635,0.12400013047409597,0.001591379525543199,25,10,20
35,1751,0.8600238985376949,0.0006198169416317835,0.13776480935768526,0.0015914751629879634,25,10,20
35,1752,0.8640630000899414,0.0002391277597224341,0.1341048507518162,0.0015930213985198955,25,10,20
35,1753,0.8587545507699741,0.00023913373895327445,0.13934819691657915,0.001658118574493413,25,10,20
35,1754,0.869816718370232,0.00023913412743911048,0.12828506491978373,0.0016590825825451624,25,10,20
35,1755,0.8694068712249807,0.00023915408097524018,0.1286946218051961,0.0016593528888478829,25,10,20
35,1756,0.8694903669704614,0.0002391596934378645,0.1286111150929328,0.0016593582431678377,25,10,20
35,1757,0.879360159101679,0.00023915271824734652,0.11874386159044675,0.0016568265896269208,25,10,20
35,1758,0.8687607618817925,0.00023915651032841,0.12928560696855398,0.0017144746393248727,25,10,20
35,1759,0.9054972399721463,0.00023915587294679293,0.09288893669044114,0.0013746674644659986,25,10,20
35,1760,0.899519520659625,0.00023915625637693872,0.09886548016297518,0.0013758429210226474,25,10,20
35,1761,0.9002743081970963,0.00023913604482220095,0.09811098455639503,0.0013755712016863127,25,10,20
35,1762,0.8998491330986141,0.00023914874433918126,0.09853606669288519,0.0013756514641612499,25,10,20
35,1763,0.8998836996892093,0.00023914855134061924,0.09850154731405754,0.0013756044453922108,25,10,20
35,1764,0.9005493871904587,0.00023924009251087935,0.09783680720015173,0.0013745655168786214,25,10,20
35,1765,0.901027929178942,0.00023922171979452403,0.0973583686912042,0.0013744804100591804,25,10,20
35,1766,0.9379916749665995,6.085007749948861e-06,0.06172014267388703,0.00028209735176312035,25,10,20
35,1767,0.9430712224313961,6.077699691600583e-06,0.05664151808098809,0.000281181787923914,25,10,20
35,1768,0.9423715633908968,6.266182282298089e-06,0.057292325126684945,0.00032984530013556565,25,10,20
35,1769,0.9259411997793879,6.526094326598176e-06,0.07171501704934538,0.0023372570769399775,25,10,20
35,1770,0.9278874380136922,5.975016015700806e-06,0.06991456130311556,0.0021920256671764467,25,10,20
35,1771,0.9279114734254253,5.978646733771227e-06,0.06989089545488637,0.002191652472954524,25,10,20
35,1772,0.9379368332986473,5.724129336596644e-06,0.06187196004167481,0.00018548253034104929,25,10,20
35,1773,0.9445276970314118,5.727421370070716e-06,0.05534955380349294,0.0001170217437247501,25,10,20
35,1774,0.9417437555977132,5.730763493340603e-06,0.0581334601417763,0.00011705349701690808,25,10,20
35,1775,0.940724580334902,5.732761914892567e-06,0.05915263778428488,0.00011704911889800903,25,10,20
35,1776,0.9406008696110676,5.7327599472470855e-06,0.059276349360042085,0.0001170482689429686,25,10,20
35,1777,0.9412574384140706,5.727620567171928e-06,0.05862111407494051,0.00011571989042178326,25,10,20
35,1778,0.9325705526279036,5.426950034828617e-06,0.0673057709269273,0.00011824949513425986,25,10,20
35,1779,0.9253432357438044,5.631430097508093e-06,0.07453286385426922,0.00011826897182847556,25,10,20
35,1780,0.9254622181251062,5.6314071473660374e-06,0.07441388071519708,0.00011826975254894975,25,10,20
35,1781,0.925323204258775,5.878556873772727e-06,0.07455265357321893,0.00011826361113187026,25,10,20
35,1782,0.9283850141019113,6.177876793260474e-06,0.07149041018763566,0.00011839783365965246,25,10,20
35,1783,0.9284723543394762,6.204710680127734e-06,0.07140303696193417,0.00011840398790944766,25,10,20
35,1784,0.9310761337792012,6.205035322641027e-06,0.0688000954591344,0.00011756572634152458,25,10,20
35,1785,0.9310814960585634,6.205033314975197e-06,0.06879473427715133,0.00011756463097036283,25,10,20
35,1786,0.9309536586484962,6.20511190591253e-06,0.06892257088435047,0.00011756535524737068,25,10,20
35,1787,0.9174115052014166,6.11315952716145e-06,0.08246484431093436,0.0001175373281218543,25,10,20
35,1788,0.9114852782435066,6.108018315765319e-06,0.08838876584316062,0.00011984789501693797,25,10,20
35,1789,0.9124803564595882,6.117494224769617e-06,0.08739047632365095,0.00012304972253604222,25,10,20
35,1790,0.918522019232377,6.389888080251267e-06,0.08134838942146808,0.00012320145807471087,25,10,20
35,1791,0.9182319084114409,6.379780313377833e-06,0.08163981674030626,0.00012189506793970375,25,10,20
35,1792,0.9262020926082551,8.59035749787999e-06,0.07366493952467353,0.00012437750957318034,25,10,20
35,1793,0.9258935371904845,8.590956141713682e-06,0.07397344532421628,0.0001244265291573624,25,10,20
35,1794,0.9255480475319519,8.704615694186898e-06,0.0743187277540082,0.00012452009834571689,25,10,20
35,1795,0.9291055148811536,8.788756778600777e-06,0.07076201856584217,0.00012367779622545562,25,10,20
35,1796,0.9212267735239386,1.585482977470045e-05,0.07859066116760195,0.00016671047868463236,25,10,20
35,1797,0.9216120510591227,1.5741159909692944e-05,0.07820559154275132,0.00016661623821609986,25,10,20
35,1798,0.9215733116384817,1.5741165082160995e-05,0.07824432698790205,0.00016662020853389003,25,10,20
35,1799,0.9217027427770078,1.574108930816322e-05,0.0781148962998285,0.0001666198338553982,25,10,20
35,1800,0.9224636082534918,1.5194310354108661e-05,0.07735472935844699,0.00016646807770697577,25,10,20
35,1801,0.935271000477721,1.5684691139907127e-05,0.06441617132662246,0.00029714350451654056,25,10,20
35,1802,0.9382738237657311,1.5460971151290995e-05,0.061415615930203706,0.00029509933291381625,25,10,20
35,1803,0.9380339563570722,1.546496635142146e-05,0.061655460938522505,0.00029511773805394057,25,10,20
35,1804,0.929632178696029,2.375921063804466e-05,0.07004721377630982,0.0002968483170230972,25,10,20
35,1805,0.9276857098733338,3.9080210119682496e-05,0.07198064037043615,0.00029456954611044485,25,10,20
35,1806,0.9273225456976167,3.9076223521203564e-05,0.07234387743351403,0.0002945006453480801,25,10,20
35,1807,0.9281632011348924,3.888740275806161e-05,0.07155210761516069,0.000245803847189147,25,10,20
35,1808,0.9212646380703653,3.886480802312066e-05,0.07845069869106823,0.00024579843054345,25,10,20
35,1809,0.921613684515679,3.858722941287052e-05,0.07810320436424299,0.0002445238906653637,25,10,20
35,1810,0.9291590207394904,3.152692932202361e-05,0.07060793479079973,0.00020151754038807903,25,10,20
35,1811,0.929193688505641,2.7080896283499264e-05,0.07057743934296533,0.00020179125511028014,25,10,20
35,1812,0.9291966125349915,2.707585558680755e-05,0.07057452503797126,0.00020178657145022375,25,10,20
35,1813,0.927698560262459,2.7095162798977777e-05,0.07206740735432829,0.00020693722041395412,25,10,20
35,1814,0.927850302785603,2.7093121551664692e-05,0.0719154301706929,0.00020717392215269904,25,10,20
35,1815,0.928071998895919,2.7089135942763476e-05,0.07169375479348644,0.00020715717465200488,25,10,20
35,1816,0.9282159103233704,2.708860566235462e-05,0.07154984967655265,0.0002071513944148516,25,10,20
35,1817,0.9281387661444035,2.708859395029626e-05,0.07162699865010082,0.00020714661154551658,25,10,20
35,1818,0.9282002760920913,2.6822496713208604e-05,0.0715657022349737,0.0002071991762214712,25,10,20
35,1819,0.928643705910739,2.6806171420619182e-05,0.07112231963213655,0.00020716828570358737,25,10,20
35,1820,0.9289124549277966,2.680659959722705e-05,0.07085347745836429,0.00020726101424183328,25,10,20
35,1821,0.9129111677589334,3.412852427483867e-05,0.0848684963482137,0.0021862073685783565,25,10,20
35,1822,0.9127938704094773,3.412851440453111e-05,0.08498577574997128,0.0021862253261472476,25,10,20
35,1823,0.9035468187365239,4.991434290213872e-05,0.09426914831880769,0.002134118601766484,25,10,20
35,1824,0.9034362356396577,4.9914616434921097e-05,0.0943784895756861,0.002135360168221514,25,10,20
35,1825,0.9034792098229448,4.991590954914404e-05,0.09433434970090902,0.0021365245665972256,25,10,20
35,1826,0.9036860745639838,4.991555604321353e-05,0.09412876975045929,0.0021352401295139205,25,10,20
35,1827,0.9048928406639183,4.989640344445473e-05,0.09292605015231928,0.0021312127803181586,25,10,20
35,1828,0.9050193238791238,4.989640357592659e-05,0.09279956687881415,0.002131212838486442,25,10,20
35,1829,0.920476639925742,7.454125758981469e-05,0.07929679035491771,0.0001520284617512938,25,10,20
35,1830,0.9282218657881213,6.624797965142302e-05,0.07155454167902532,0.00015734455320280482,25,10,20
35,1831,0.9282229985168604,6.624850367929567e-05,0.07155340592723694,0.00015734705222411559,25,10,20
35,1832,0.9280222211852193,6.625871703385027e-05,0.07175293385124147,0.0001585862465060045,25,10,20
35,1833,0.9321879258054941,5.136326977265685e-05,0.06760148260150832,0.00015922832322523857,25,10,20
35,1834,0.9319406726638967,5.136346779938338e-05,0.06784873369808887,0.00015923017021545575,25,10,20
35,1835,0.9321463466341651,5.136319922519226e-05,0.0676431332823158,0.00015915688429428383,25,10,20
35,1836,0.928854744660466,5.246226745992075e-05,0.07092864278104268,0.00016415029103138506,25,10,20
35,1837,0.9096821944519661,5.2473104873596106e-05,0.0899431742550982,0.00032215818806177244,25,10,20
35,1838,0.9099041259617588,5.246268447841749e-05,0.0897226122403385,0.00032079911342387655,25,10,20
35,1839,0.9099109845702368,5.2462154492184786e-05,0.08971575743533791,0.00032079583993281256,25,10,20
35,1840,0.9098494594135245,5.24621509780976e-05,0.08977737316727309,0.0003207052682239087,25,10,20
35,1841,0.9094422350393218,5.246251020085473e-05,0.09018450222959679,0.00032080022088021645,25,10,20
35,1842,0.9081984579469288,5.246345048073849e-05,0.09142778924912548,0.00032128935346464687,25,10,20
35,1843,0.8721629431993674,5.2961698871499514e-05,0.11973750115705052,0.008046593944710398,25,10,20
35,1844,0.8734179464558004,5.296074858085426e-05,0.11848298974782628,0.008046103047792281,25,10,20
35,1845,0.8824366382895219,5.2956020559317675e-05,0.10962059946045377,0.007889806229464972,25,10,20
35,1846,0.8804056815600002,5.302983857159933e-05,0.1116511219299862,0.00789016667144178,25,10,20
35,1847,0.8935045095097665,4.315036605717564e-05,0.09853842615246472,0.007913913971711534,25,10,20
35,1848,0.8857468450197569,4.335414568255011e-05,0.10629477081702651,0.007915030017534226,25,10,20
35,1849,0.8892719839566972,4.225516207322601e-05,0.10277572507259065,0.007910035808638945,25,10,20
35,1850,0.8894225749475793,4.221826316502191e-05,0.10262534639131614,0.007909860397939616,25,10,20
35,1851,0.8824307302084352,3.981543602700047e-05,0.10335614912165653,0.014173305233881604,25,10,20
35,1852,0.9148311216167154,3.9317796679082564e-05,0.07868773345842213,0.006441827128183717,25,10,20
35,1853,0.918338345813287,3.88924622509402e-05,0.07518151820795668,0.00644124351650563,25,10,20
35,1854,0.9261581741522233,3.868904735908239e-05,0.06736300560160066,0.006440131198817287,25,10,20
35,1855,0.9359564029259511,3.868288658969553e-05,0.057566493493173214,0.006438420694286707,25,10,20
35,1856,0.9335532355338184,3.960095206962581e-05,0.05996846089560767,0.006438702618504734,25,10,20
35,1857,0.9335320723999503,3.9605887211149644e-05,0.059988247625064106,0.006440074087774881,25,10,20
35,1858,0.9317501985458284,3.962715975596055e-05,0.06176899975897632,0.0064411745354398,25,10,20
35,1859,0.9306401726304644,3.985176642601642e-05,0.06288092210921116,0.006439053493899016,25,10,20
35,1860,0.9308871900832029,3.985157177209214e-05,0.06263390662319493,0.006439051721830804,25,10,20
35,1861,0.9323690234832354,3.981484111423529e-05,0.061152225463803965,0.006438936211847049,25,10,20
35,1862,0.9322494247008306,3.981016694581975e-05,0.061273258697394105,0.006437506434829621,25,10,20
35,1863,0.9369793528436756,3.9664700161703496e-05,0.05654419617864142,0.006436786277521463,25,10,20
35,1864,0.9369800178509852,3.9664332973437293e-05,0.05654351130009219,0.006436806515949361,25,10,20
35,1865,0.9158589430564735,3.9664403927947356e-05,0.07765243934880332,0.006448953190795244,25,10,20
35,1866,0.8997539879875852,3.96640708201455e-05,0.09375436113789867,0.006451986803695989,25,10,20
35,1867,0.8902702967421479,3.967046352906102e-05,0.10188679654987695,0.00780323624444624,25,10,20
35,1868,0.896856912036402,3.3760779918625324e-05,0.09533530634434279,0.007774020839336606,25,10,20
35,1869,0.8963811673910415,3.3871722218861126e-05,0.09581042477145285,0.0077745361152870415,25,10,20
35,1870,0.8969952132448653,1.8218304541282e-06,0.09522081507232104,0.00778214985235998,25,10,20
35,1871,0.8970455861063583,1.8160559664164128e-06,0.09517181302508326,0.007780784812592485,25,10,20
35,1872,0.8955555505084303,1.3257477060547811e-06,0.09679300871153079,0.007650115032333241,25,10,20
35,1873,0.8950148464676785,1.3624408859863407e-06,0.09733357058504317,0.007650220506392864,25,10,20
35,1874,0.8950277326568148,1.3624282883995401e-06,0.09732068445525136,0.007650220459646025,25,10,20
35,1875,0.8951670293329133,1.3620965447814171e-06,0.09718138638552735,0.0076502221850149954,25,10,20
35,1876,0.8972846464219225,4.421884596890696e-07,0.09506589237405536,0.007649019015562365,25,10,20
35,1877,0.8968558168910499,4.4313916035385273e-07,0.09549453873519727,0.007649201234592381,25,10,20
35,1878,0.9056073654228431,4.1802875913063513e-07,0.08674411476899718,0.007648101779400335,25,10,20
35,1879,0.9059001023051872,4.177986768785952e-07,0.08645148864715332,0.007647991248982431,25,10,20
35,1880,0.9061104903971944,4.1792766364237446e-07,0.08624116600587683,0.0076479256692650955,25,10,20
35,1881,0.8686511051573699,1.5894972322601815e-06,0.12368875754088697,0.00765854780451131,25,10,20
35,1882,0.8683487633466999,1.6012236978143154e-06,0.12398964984788131,0.007659985581721168,25,10,20
35,1883,0.8704848554647094,8.766203939041273e-06,0.12319638905462965,0.006309989276722439,25,10,20
35,1884,0.8705953204362064,8.762151122809476e-06,0.12308594889985701,0.006309968512814351,25,10,20
35,1885,0.8710935443003031,8.762112564078176e-06,0.1225877265497871,0.006309967037346162,25,10,20
35,1886,0.8710681872574394,8.762325535602074e-06,0.1226130794707102,0.006309970946315219,25,10,20
35,1887,0.8713390630890059,8.761553507269462e-06,0.1223423848293914,0.006309790528095643,25,10,20
35,1888,0.875839258683138,8.765303220491662e-06,0.11784207622413163,0.006309899789510083,25,10,20
35,1889,0.875564886186033,8.770252399254194e-06,0.1181164425406056,0.006309901020962414,25,10,20
35,1890,0.8478512780621084,2.8732714597985727e-05,0.14571811802026544,0.006401871203028225,25,10,20
35,1891,0.8539109800030639,2.8498285384649388e-05,0.13966090631909134,0.006399615392460291,25,10,20
35,1892,0.8538966379014563,2.8494717237017976e-05,0.13967529098431414,0.006399576396992629,25,10,20
35,1893,0.827529474925256,2.9167019549115294e-05,0.17230447385709333,0.0001368841981036307,25,10,20
35,1894,0.8421919414901753,9.29885145983657e-06,0.15775268578874158,4.607386962366917e-05,25,10,20
35,1895,0.8418354791863976,9.581370814679793e-06,0.15810879528723812,4.614415554995855e-05,25,10,20
35,1896,0.84205706726621,9.299083656859647e-06,0.1578875604860287,4.607316410464434e-05,25,10,20
35,1897,0.8554702855787082,9.096146676403891e-06,0.1444762094661104,4.440880850533497e-05,25,10,20
35,1898,0.8625162971502682,1.9352557063391045e-06,0.1374379643103456,4.380328367986234e-05,25,10,20
35,1899,0.8628381385547317,1.9351651192511075e-06,0.13711617079370111,4.375548644799751e-05,25,10,20
35,1900,0.8629798784143425,1.9347069631864127e-06,0.1369745037791209,4.368309957367668e-05,25,10,20
35,1901,0.8996717615177823,7.630000719818978e-07,0.10029443315521964,3.304232692620914e-05,25,10,20
35,1902,0.8998780478399091,7.629978343310934e-07,0.10008816521446323,3.302394779388114e-05,25,10,20
35,1903,0.9196153514867054,2.3490091792673628e-05,0.08033125913137364,2.9899290128717694e-05,25,10,20
35,1904,0.9150521474641521,2.400225054180563e-05,0.08489273159026421,3.111869504229435e-05,25,10,20
35,1905,0.8831518316271441,2.3997503186234576e-05,0.11680085875823028,2.331211144001059e-05,25,10,20
35,1906,0.8444446415546624,2.5240589089359005e-05,0.15516884217628157,0.00036127567996800685,25,10,20
35,1907,0.8764525625104763,2.5240007529887953e-05,0.12316042476883236,0.0003617727131621533,25,10,20
35,1908,0.8767305469772664,2.523505210946351e-05,0.1228824465361869,0.00036177143443786404,25,10,20
35,1909,0.8679268127314584,2.5412490612384103e-05,0.13168344530872111,0.00036432946920883253,25,10,20
35,1910,0.8655509764862082,2.5421692252085237e-05,0.13405799788123388,0.00036560394030659375,25,10,20
35,1911,0.8586227738900238,2.543472292541852e-05,0.14098408036322418,0.0003677110238274844,25,10,20
35,1912,0.8629235986591535,2.4923100272385923e-05,0.13668482006743213,0.00036665817314273166,25,10,20
35,1913,0.8588917881766931,2.488673326529021e-05,0.1407167143454671,0.00036661074457536346,25,10,20
35,1914,0.8589220330825212,2.4886632270844136e-05,0.14068649453769522,0.00036658574751344736,25,10,20
35,1915,0.8693207144152565,1.4752045818302535e-06,0.1303113289217534,0.0003664814584088952,25,10,20
35,1916,0.8633070552169374,1.4752012736913097e-06,0.13632498739316354,0.00036648218862576405,25,10,20
35,1917,0.8633113598228761,1.490125390892267e-06,0.13632062003192583,0.0003665300198073464,25,10,20
35,1918,0.8634120043341568,1.4998883225805585e-06,0.13621910689695962,0.00036738888056135643,25,10,20
35,1919,0.8611360739748732,1.5015579477001515e-06,0.1384903920504582,0.00037203241672105014,25,10,20
35,1920,0.8588714418807402,1.600204636204027e-06,0.14075557716497167,0.00037138074965224505,25,10,20
35,1921,0.859065830182625,1.588261086228437e-06,0.140562664293027,0.00036991726326229796,25,10,20
35,1922,0.8587871694184994,1.5893407046925191e-06,0.1408413218718256,0.00036991936897065136,25,10,20
35,1923,0.8561832941219609,5.626136847497992e-06,0.14344078594816476,0.00037029379302698506,25,10,20
35,1924,0.862189549929325,5.626138982734628e-06,0.1374345299956802,0.0003702939360122774,25,10,20
35,1925,0.862177429687333,5.62623854414942e-06,0.13744664921307578,0.00037029486104715265,25,10,20
35,1926,0.8577255247327967,5.619346775631724e-06,0.1418983122445859,0.00037054367584215723,25,10,20
35,1927,0.857783493012266,5.618271440269703e-06,0.14184030438915105,0.00037058432714308256,25,10,20
35,1928,0.8540856967606674,5.603302550468125e-06,0.14553816444970383,0.00037053548707859595,25,10,20
35,1929,0.8578632263383053,6.0545219412303075e-06,0.14175995037849978,0.0003707687612540488,25,10,20
35,1930,0.8742536830789527,6.054495387228346e-06,0.12537262245734537,0.0003676399683151725,25,10,20
35,1931,0.8649215755191458,6.601370819331936e-06,0.13463803941517205,0.00043378369486323854,25,10,20
35,1932,0.8650062947182827,6.601411339573771e-06,0.13455334360413354,0.00043376026624467533,25,10,20
35,1933,0.8641863916769925,6.6117538826571935e-06,0.13537318784881738,0.0004338087203080393,25,10,20
35,1934,0.8693940817095459,6.810150257026398e-06,0.13016531958482166,0.0004337885553759234,25,10,20
35,1935,0.8572935902722948,6.815924677719724e-06,0.1422245282001833,0.00047506560284464957,25,10,20
35,1936,0.8657450508797799,6.643787442246551e-06,0.13377574553696833,0.00047255979581001207,25,10,20
35,1937,0.8859277090038945,6.668819349875796e-06,0.11347660197982627,0.0005890201969297849,25,10,20
35,1938,0.8861751536365807,6.668576329647493e-06,0.11322932074456196,0.0005888570425279726,25,10,20
35,1939,0.9249019617760276,5.425146082254705e-06,0.07484172254891432,0.00025089052897557437,25,10,20
35,1940,0.9249672130863154,5.4251355690509775e-06,0.07477647259003517,0.0002508891880801405,25,10,20
35,1941,0.9274673773182762,5.326334953582926e-06,0.07227688012436093,0.00025041622240904837,25,10,20
35,1942,0.9273855588156696,5.32651431137715e-06,0.07235867251536804,0.0002504421546507035,25,10,20
35,1943,0.9230702831516386,5.52653268703586e-06,0.07662037621861079,0.00030381409706341673,25,10,20
35,1944,0.9109111741037945,5.5404500276981074e-06,0.0887719209778265,0.0003113644683517934,25,10,20
35,1945,0.9193146567495124,5.540050954885207e-06,0.0803719241144112,0.00030787908512138086,25,10,20
35,1946,0.9192751512105481,5.5302737539563775e-06,0.08041139114708304,0.0003079273686148664,25,10,20
35,1947,0.9039510460037395,5.52987902686635e-06,0.09573543060109121,0.00030799351614318565,25,10,20
35,1948,0.9037979028185095,5.533789226710208e-06,0.09588851383930284,0.0003080495529614612,25,10,20
35,1949,0.9037475058455197,5.533695568000486e-06,0.0959389121657992,0.0003080482931135466,25,10,20
35,1950,0.8928499019152697,5.730101341364331e-06,0.10678739510112323,0.00035697288226578744,25,10,20
35,1951,0.8934924552868018,5.730123851715797e-06,0.10614482813114076,0.00035698645820579254,25,10,20
35,1952,0.8878418167511591,5.730226082906337e-06,0.11179434876779347,0.00035810425496462817,25,10,20
35,1953,0.8908483246069508,5.708540485438784e-06,0.10615697264083282,0.0029889942117312107,25,10,20
35,1954,0.8797766857405143,5.719049629703191e-06,0.11722858186889114,0.0029890133409654547,25,10,20
35,1955,0.8818392338363655,5.713699220711852e-06,0.11516728271865388,0.0029877697457600977,25,10,20
35,1956,0.8819714197058904,5.714907495892089e-06,0.11503476603276756,0.0029880993538461908,25,10,20
35,1957,0.8700648885333248,1.5021840100276323e-05,0.12686868367272466,0.003051405953849828,25,10,20
35,1958,0.8641653468974912,1.5021849519712245e-05,0.1327682106707811,0.003051420582207291,25,10,20
35,1959,0.8576671565587874,1.5018080315216032e-05,0.13923176973607554,0.0030860556248214752,25,10,20
35,1960,0.8669749654692653,1.4471773887783125e-05,0.12999039243767416,0.0030201703191721995,25,10,20
35,1961,0.8668357712015482,1.4485980245476293e-05,0.13012956733850126,0.003020175479704326,25,10,20
35,1962,0.854296643149436,1.5152419387814858e-05,0.14542906341519926,0.00025914101597633083,25,10,20
35,1963,0.8546064861488576,1.5152213744899843e-05,0.14511922096981203,0.0002591406675848562,25,10,20
35,1964,0.8534215369523614,1.5167779180728567e-05,0.14630433056455297,0.00025896470390426494,25,10,20
35,1965,0.8575873011716102,1.4973011149555612e-05,0.1421921301183262,0.00020559569891386202,25,10,20
35,1966,0.8596397642679365,1.4971241796412112e-05,0.1401442716744657,0.00020099281580132075,25,10,20
35,1967,0.8569069105247997,1.5943123089328602e-05,0.14287605732794714,0.00020108902416352402,25,10,20
35,1968,0.857260455914224,1.5937824173492247e-05,0.14252254453696328,0.00020106172463913095,25,10,20
35,1969,0.8602737539459976,1.592444681529062e-05,0.13951322947178896,0.00019709213539819036,25,10,20
35,1970,0.8607909493601151,1.592919482378578e-05,0.1389961285015039,0.0001969929435569368,25,10,20
35,1971,0.8597207655179845,1.5936322562774486e-05,0.14006627779402728,0.00019702036542520066,25,10,20
35,1972,0.8638607001177148,1.5942478336712454e-05,0.13592638562178347,0.00019697178216473066,25,10,20
35,1973,0.8832401093258874,2.598768587097047e-06,0.1166240045812933,0.0001332873242318032,25,10,20
35,1974,0.8799135071560995,1.6269627204351502e-06,0.11995165532010109,0.0001332105610786946,25,10,20
35,1975,0.8435501219747725,6.387380042362657e-05,0.1562526943022345,0.00013330992256935492,25,10,20
35,1976,0.8425821933593425,6.387327482927784e-05,0.1572208585800504,0.00013307478577766945,25,10,20
35,1977,0.8425960641695975,6.387315685517814e-05,0.15720698003515948,0.00013308263838772853,25,10,20
35,1978,0.8792017361965169,1.6212155466079154e-06,0.12066365989505869,0.00013298269287748016,25,10,20
35,1979,0.8791326375853568,1.6278668861931265e-06,0.12073279442326088,0.00013294012449602716,25,10,20
35,1980,0.8901226957264832,1.6230860676712937e-06,0.1097791891780198,9.649200942937336e-05,25,10,20
35,1981,0.9053706468383517,1.623563573910229e-06,0.09453121691880978,9.651267926435802e-05,25,10,20
35,1982,0.9046923900214198,1.623628140266137e-06,0.09520945432145796,9.653202898205343e-05,25,10,20
35,1983,0.9044615708338933,1.6183938705627283e-06,0.09544027911905553,9.653165318031077e-05,25,10,20
35,1984,0.9041880077162187,1.623757985718574e-06,0.09571201907006913,9.834945572650241e-05,25,10,20
35,1985,0.9047864713988771,1.6240628246784258e-06,0.09511355293610604,9.835160219189708e-05,25,10,20
35,1986,0.9112254206808792,1.9149719101193057e-06,0.08870895718567837,6.370716153189583e-05,25,10,20
35,1987,0.9168167412755172,1.9150410768915918e-06,0.08311873246837324,6.261121503264137e-05,25,10,20
35,1988,0.9432399815669724,1.2456388733574852e-06,0.05669783880819291,6.0933985961361215e-05,25,10,20
35,1989,0.9338673856293057,8.33437922696121e-06,0.06413784674043717,0.001986433251030101,25,10,20
35,1990,0.9297748582676466,7.879643172009619e-06,0.06823198104860884,0.0019852810405720338,25,10,20
35,1991,0.9295034385905574,7.879752638266128e-06,0.06850331836576083,0.0019853632910430672,25,10,20
35,1992,0.9106749836782017,8.135693333642649e-06,0.08733393313259366,0.001982947495871207,25,10,20
35,1993,0.8951870485351408,8.135888685388717e-06,0.10282178527405796,0.001983030302116193,25,10,20
35,1994,0.8949102552477403,8.137614048439154e-06,0.10309857520474244,0.0019830319334688605,25,10,20
35,1995,0.8955116235460368,7.937289893781559e-06,0.10249737451292576,0.001983064651143911,25,10,20
35,1996,0.8950605604723068,7.932894177964331e-06,0.10294968352178602,0.0019818231117296383,25,10,20
35,1997,0.8970679589526053,8.191019515106113e-06,0.10094078555171057,0.0019830644761689377,25,10,20
35,1998,0.8793135227563253,8.196924440579524e-06,0.11869393904731856,0.0019843412719149837,25,10,20
35,1999,0.8568685506132643,9.06694473853821e-06,0.14113803693200166,0.001984345509995576,25,10,20
35,2000,0.856695679640013,9.292253328052852e-06,0.1413096956011103,0.0019853325055490026,25,10,20
35,2001,0.8719265379605197,2.4335426768591822e-06,0.12795006195767447,0.00012096653912917199,25,10,20
35,2002,0.8559071773660323,2.4522480742130005e-06,0.14396926749316707,0.0001211028927263052,25,10,20
35,2003,0.8566868589289798,2.4313680586914267e-06,0.14318954493925337,0.00012116476370821397,25,10,20
35,2004,0.871983139802969,2.4337445520631246e-06,0.12789269367584613,0.0001217327766329396,25,10,20
35,2005,0.8784595921840831,2.42105912854757e-06,0.12141278016146295,0.00012520659532565912,25,10,20
35,2006,0.9010146081697308,1.5486520419726919e-06,0.09885863025658324,0.0001252129216439158,25,10,20
35,2007,0.8769830416112295,0.00036802942346813027,0.12249241900452397,0.00015650996077867498,25,10,20
35,2008,0.8928187022212775,0.0003680110085385253,0.1066568917614454,0.000156395008738427,25,10,20
35,2009,0.8560177013584611,0.00036801223959471893,0.10964470382697691,0.03396958257496727,25,10,20
35,2010,0.8864408519775004,0.0003680119095967161,0.11302861298013031,0.00016252313277265968,25,10,20
35,2011,0.886652641172504,0.0003680093279219706,0.11281750252041124,0.00016184697916288204,25,10,20
35,2012,0.8883452798795369,0.0003680093986434204,0.1111248363631852,0.00016187435863457462,25,10,20
35,2013,0.8731647975051585,1.5281872160787538e-06,0.12670314268111058,0.0001305316265147094,25,10,20
35,2014,0.8736382046129865,1.5277427486961394e-06,0.12622982946974268,0.00013043817452206892,25,10,20
35,2015,0.8736745444081099,1.5380707809981693e-06,0.1261927741620632,0.00013114335904551404,25,10,20
35,2016,0.8735818363166338,1.53806021795881e-06,0.12628548326977757,0.00013114235337026588,25,10,20
35,2017,0.8735359892088597,1.5290345504958006e-06,0.12633204335747572,0.00013043839911362274,25,10,20
35,2018,0.8927529728347481,1.2721122637423812e-06,0.10711772609487138,0.0001280289581164289,25,10,20
35,2019,0.9097784219975209,1.6297467843279177e-06,0.09009316532462165,0.0001267829310732094,25,10,20
35,2020,0.9131633507656782,1.6296008735822048e-06,0.0867082660437402,0.0001267535897081677,25,10,20
35,2021,0.9138792102914706,1.6292471265018118e-06,0.08599799212735429,0.00012116833404879674,25,10,20
35,2022,0.9091683680063274,4.9670719786306855e-06,0.09070504287032001,0.00012162205137395227,25,10,20
35,2023,0.8798059957389107,6.133560947872286e-06,0.12006040316931309,0.00012746753082809072,25,10,20
35,2024,0.8712009586171738,5.016338474279472e-06,0.12867227548754168,0.00012174955680934863,25,10,20
35,2025,0.8681069115160374,4.786336015517595e-06,0.13182517512414926,6.312702379707115e-05,25,10,20
35,2026,0.8687482695116161,4.560038291736273e-06,0.13118509995576536,6.207049432602387e-05,25,10,20
35,2027,0.8687461218027598,4.560039915977799e-06,0.13118724769854814,6.207045877556885e-05,25,10,20
35,2028,0.8687931144966137,4.560804434884928e-06,0.13114043077535395,6.189392359701107e-05,25,10,20
35,2029,0.8695278249669771,4.560796368424994e-06,0.13040572430576078,6.18899308932343e-05,25,10,20
35,2030,0.9074092245935094,4.524542577220775e-06,0.09252449402250416,6.175684140919744e-05,25,10,20
35,2031,0.9083308544542368,4.155653219075084e-06,0.09160507986979922,5.9910022745123236e-05,25,10,20
35,2032,0.9121544497296554,4.160528983452458e-06,0.08778403057951092,5.7359161850499716e-05,25,10,20
35,2033,0.9120405359619341,4.1605276634276274e-06,0.08789797101684002,5.7332493562705374e-05,25,10,20
35,2034,0.9104236373584026,4.1746057196419e-06,0.08950978206539792,6.240597048020264e-05,25,10,20
35,2035,0.9109573429296743,4.20153043969044e-06,0.088567801034028,0.00047065450585805974,25,10,20
35,2036,0.9148572487342035,3.943114038067008e-06,0.0846693876279046,0.00046942052385415647,25,10,20
35,2037,0.9185409874368172,4.123838599421802e-06,0.0809821481395441,0.0004727405850394797,25,10,20
35,2038,0.9181043798218737,4.117199945055214e-06,0.08141871772747528,0.00047278525070578093,25,10,20
35,2039,0.9153783302049037,4.349829047254289e-06,0.08408197481515317,0.0005353451508956326,25,10,20
35,2040,0.9152831087485428,4.344790702836406e-06,0.08417720044016129,0.0005353460205928001,25,10,20
35,2041,0.9061543026957376,4.5588744779943686e-06,0.09327505892707491,0.0005660795027093225,25,10,20
35,2042,0.8702543765754385,4.5602717872586725e-06,0.12916785017129753,0.000573212981476476,25,10,20
35,2043,0.8746918757001684,4.315170480890564e-06,0.12479821989423562,0.0005055892351149381,25,10,20
35,2044,0.8813284820470088,4.323596746598923e-06,0.11816775964901696,0.0004994347072275442,25,10,20
35,2045,0.9173390776906971,4.322190780218698e-06,0.08216429944542787,0.0004923006730945525,25,10,20
35,2046,0.9177957037907462,4.302762761252684e-06,0.08170769025211308,0.0004923031943792196,25,10,20
35,2047,0.9175527651420091,4.3128950019687e-06,0.08195049877894098,0.0004924231840476903,25,10,20
35,2048,0.9172811905087725,4.31815256161924e-06,0.08219044763369374,0.0005240437049716123,25,10,20
35,2049,0.9169180657679579,4.318318539883237e-06,0.08255357327356404,0.0005240426399378549,25,10,20
35,2050,0.9163152236687945,4.534430101958159e-06,0.08309786400420822,0.000582377896894819,25,10,20
35,2051,0.9249778798720608,4.422234480751442e-06,0.07446516167519414,0.0005525362182637085,25,10,20
35,2052,0.9251099002477103,4.422061787068462e-06,0.07433316621940872,0.0005525114710932921,25,10,20
35,2053,0.9251264059344827,4.40314347652475e-06,0.0743168553304211,0.0005523355916191598,25,10,20
35,2054,0.9188132075610127,4.526669775341334e-06,0.08062514459684046,0.0005571211723711225,25,10,20
35,2055,0.9194773863515922,4.424739726298975e-06,0.07996197463505139,0.000556214273629704,25,10,20
35,2056,0.9191664203084909,4.424747823452712e-06,0.08027294024392981,0.0005562146997553805,25,10,20
35,2057,0.9169795941826869,4.4247202744481616e-06,0.08245958766289585,0.0005563934341423773,25,10,20
35,2058,0.9194556704065492,4.4236023262088144e-06,0.08039163793917975,0.0001482680519442726,25,10,20
35,2059,0.8864457677971781,4.132998389419792e-06,0.11340174227778765,0.00014835692664539362,25,10,20
35,2060,0.8902336868403609,4.0104820095621066e-06,0.10965036940780332,0.00011193326982629273,25,10,20
35,2061,0.8908503082178563,4.004983485678145e-06,0.10903386823779754,0.00011181856086047311,25,10,20
35,2062,0.8910172328764212,4.005101002061686e-06,0.10886682119199141,0.00011194083058531964,25,10,20
35,2063,0.8898812251672973,4.006286697826354e-06,0.11000286195222392,0.00011190659378088317,25,10,20
35,2064,0.8899347184576399,4.006220045133144e-06,0.10994937465502778,0.00011190066728732935,25,10,20
35,2065,0.8925371759335783,3.999931412015697e-06,0.10734687866288342,0.0001119454721262923,25,10,20
35,2066,0.8924031594142512,4.005035286818578e-06,0.1074808871471225,0.00011194840333954521,25,10,20
35,2067,0.8888976961180208,4.010233841983454e-06,0.11098455360028053,0.0001137400478567311,25,10,20
35,2068,0.8884078295262328,4.015367242497187e-06,0.11147431750352668,0.00011383760299787855,25,10,20
35,2069,0.8852873980791033,4.017059999442641e-06,0.11459479768180726,0.00011378717909027434,25,10,20
35,2070,0.8816272118931201,4.017043998593811e-06,0.11825498439252337,0.00011378667035793863,25,10,20
35,2071,0.8816135908419583,4.017145341332e-06,0.11826860313317893,0.00011378887952139288,25,10,20
35,2072,0.8959609207396053,3.820918394079423e-06,0.10396773253238155,6.752580961944691e-05,25,10,20
35,2073,0.8729325210137239,5.083362785977071e-06,0.12699729524319725,6.510038029328906e-05,25,10,20
35,2074,0.8963453560700272,3.8207487669822336e-06,0.10358595978561064,6.486339559561378e-05,25,10,20
35,2075,0.8958195619323367,4.6690534820491675e-07,0.10411565420899375,6.431695332207007e-05,25,10,20
35,2076,0.8955771535682855,4.6691617371252204e-07,0.10435806169805671,6.431781748487401e-05,25,10,20
35,2077,0.8991826597371425,4.6036120700453746e-07,0.10075258336556585,6.4296536085298e-05,25,10,20
35,2078,0.8829289706725667,7.135238698134832e-07,0.11700484757224365,6.546823132054729e-05,25,10,20
35,2079,0.8836014640580235,7.12068177181639e-07,0.11633413446005876,6.36894137413452e-05,25,10,20
35,2080,0.8836378598719875,7.121506136421067e-07,0.11629773855933796,6.3689418061679e-05,25,10,20
35,2081,0.8837249357321896,7.120123624905162e-07,0.11621069726213182,6.365499331656152e-05,25,10,20
35,2082,0.8836340983126487,7.121216356631302e-07,0.11630152519150894,6.366437420730865e-05,25,10,20
35,2083,0.8843399319373505,4.96051972412143e-07,0.11565356555851655,6.0064521609734375e-06,25,10,20
35,2084,0.8841498606008926,4.960496963229541e-07,0.11584363712903097,6.0062203808240386e-06,25,10,20
35,2085,0.8821837180630723,4.958671890171468e-07,0.11780977069954952,6.015370189782034e-06,25,10,20
35,2086,0.8763977757230731,4.98958248329644e-07,0.12359567212086615,6.053197813067765e-06,25,10,20
35,2087,0.8831491359566678,3.176287248464704e-07,0.1168461373379532,4.409076654429586e-06,25,10,20
35,2088,0.8827906156018592,3.7464643923831016e-07,0.11720326893496236,5.7408167395675485e-06,25,10,20
35,2089,0.8831552663231226,3.744634778443329e-07,0.11683864630984112,5.712903558916262e-06,25,10,20
35,2090,0.9182256438898029,3.7422318378865266e-07,0.08176839144887176,5.590438142384755e-06,25,10,20
35,2091,0.8886377831896519,3.7542033126500844e-07,0.11133710433308039,2.4737056936874297e-05,25,10,20
35,2092,0.8836238775137966,3.825019354755218e-07,0.11635004327400993,2.5696710258319206e-05,25,10,20
35,2093,0.884361400563196,3.825062521346419e-07,0.11561256470511351,2.565222543835338e-05,25,10,20
35,2094,0.8877737291550257,3.874017572048489e-07,0.11220015061542041,2.5732827796881244e-05,25,10,20
35,2095,0.8876231117893593,3.875114177894623e-07,0.11235007223374625,2.6428465476870893e-05,25,10,20
35,2096,0.8748949825490772,5.671389070165063e-06,0.12506978714687494,2.9558914977429835e-05,25,10,20
35,2097,0.9045592531053182,5.670168489073328e-06,0.09542464817251695,1.0428553675919602e-05,25,10,20
35,2098,0.8669831974050993,6.4414533402331244e-06,0.13299988972135104,1.0471420209194708e-05,25,10,20
35,2099,0.8670990954269496,6.441368997092855e-06,0.1328839914652767,1.047173877623384e-05,25,10,20
35,2100,0.8285973047305235,6.490987353505463e-05,0.17132616039692153,1.1624999019699308e-05,25,10,20
35,2101,0.8332221005743495,6.490801918845468e-05,0.16670225003065758,1.0741375804268785e-05,25,10,20
35,2102,0.8231374313638327,6.490816437916417e-05,0.17678480925893594,1.2851212851828766e-05,25,10,20
35,2103,0.8008081326389419,6.49161125013673e-05,0.1989948091889361,0.00013214205962040532,25,10,20
35,2104,0.7999915778024973,6.491854642493216e-05,0.19981137663441345,0.00013212701666375886,25,10,20
35,2105,0.8007684804282158,6.490859192851423e-05,0.19903619395470706,0.00013041702514827023,25,10,20
35,2106,0.8005441594847345,6.492385115883737e-05,0.19925553173298396,0.00013538493112255626,25,10,20
35,2107,0.7789349565573667,6.537706015878872e-05,0.21390116947454516,0.007098496907929819,25,10,20
35,2108,0.7796234243875503,6.537708793150518e-05,0.21321278400532115,0.00709841451919735,25,10,20
35,2109,0.7942795263164539,6.512423493199261e-05,0.19855384351109032,0.007101505937524241,25,10,20
35,2110,0.8165439990989236,6.511626878823724e-05,0.17640867256580242,0.006982212066486018,25,10,20
35,2111,0.8163983923378718,6.512626761947519e-05,0.17655424128806121,0.006982240106447856,25,10,20
35,2112,0.7903153470714126,0.00017025057290616879,0.2024460427379531,0.007068359617728536,25,10,20
35,2113,0.7906938968906342,0.00017024924656027464,0.20206749939576718,0.007068354467038954,25,10,20
35,2114,0.7918291899433133,0.00017027593601842347,0.20092964031134308,0.007070893809325455,25,10,20
35,2115,0.7916543878593051,0.0001702779004643529,0.20110394404682858,0.007071390193402306,25,10,20
35,2116,0.791799337452197,0.00017027601303186112,0.20095949275572345,0.007070893779047929,25,10,20
35,2117,0.7913611064378457,0.00017056991517322727,0.2013960047213928,0.007072318925588524,25,10,20
35,2118,0.7959350716788394,0.00017053883677533514,0.19682464969505517,0.007069739789330462,25,10,20
35,2119,0.8344050378283302,0.00011200798669415771,0.1584157606860635,0.007067193498911633,25,10,20
35,2120,0.8322511982704165,0.0001120250947112851,0.1603150779835827,0.007321698651288714,25,10,20
35,2121,0.7964988438707543,0.00011202514190643028,0.19604508587883684,0.007344045108502343,25,10,20
35,2122,0.7953463779473623,0.00011204051954558675,0.19719746332708474,0.0073441182060073554,25,10,20
35,2123,0.8022070864187185,0.00011203618514350186,0.19033676352697865,0.007344113869159132,25,10,20
35,2124,0.8017675186666634,0.00011175233252529621,0.1907766769841574,0.0073440520166537585,25,10,20
35,2125,0.8020412820839361,0.00011176592657591097,0.19050285604041253,0.007344095949075298,25,10,20
35,2126,0.8045754912447224,0.00011176688002686457,0.18796860585459435,0.00734413602065615,25,10,20
35,2127,0.8044718834712166,0.0001117722130842862,0.18807220654439516,0.0073441377713041244,25,10,20
35,2128,0.8000097287152357,0.00011256145960099026,0.19253134385847165,0.007346365966691698,25,10,20
35,2129,0.8000085717121661,0.00011256182311024661,0.19253249948430168,0.0073463669804220595,25,10,20
35,2130,0.8359917335020434,0.00011253623666891577,0.1565493233542508,0.007346406907036595,25,10,20
35,2131,0.8284197111956259,0.0001125190685391765,0.16437601008940939,0.007091759646425604,25,10,20
35,2132,0.8124046022357567,0.0001130586405191909,0.18039544620535114,0.007086892918372755,25,10,20
35,2133,0.8123874155327867,0.00011305862150507558,0.18041263562995064,0.007086890215757368,25,10,20
35,2134,0.8123458794522207,0.00011305789901624457,0.18045416045341864,0.007086902195343952,25,10,20
35,2135,0.7971733166621938,0.00011306592528677155,0.1956236082919097,0.0070900091206097015,25,10,20
35,2136,0.7976128415000064,0.0001205378520501444,0.19517718358266106,0.007089437065282201,25,10,20
35,2137,0.7961164923304811,0.00012058876865470334,0.1966688432731672,0.0070940756276968555,25,10,20
35,2138,0.7956013568984389,0.0001205901492601076,0.19718379375294995,0.007094259199350993,25,10,20
35,2139,0.8098128006850466,0.0001210601102893418,0.18296693729618377,0.007099201908480482,25,10,20
35,2140,0.8112650573951485,0.00012100968745465438,0.18151936933086518,0.007094563586531697,25,10,20
35,2141,0.821019757178507,0.00011353735652763898,0.1717737017939452,0.007093003671020028,25,10,20
35,2142,0.8210082136317044,0.00011353701740568777,0.1717852416866644,0.007093007664225243,25,10,20
35,2143,0.825859221843016,0.0001219928472828705,0.16692885105685473,0.007089934252846482,25,10,20
35,2144,0.8197575264882676,0.00012200055134035867,0.17302957760325596,0.0070908953571362,25,10,20
35,2145,0.8357235393356766,0.00012197810311337216,0.1570621488570303,0.00709233370417915,25,10,20
35,2146,0.8019869328643177,0.00012226338936636847,0.1907977595260087,0.007093044220307454,25,10,20
35,2147,0.8021014310246116,0.00012226344728744876,0.19068325805151828,0.007093047476582709,25,10,20
35,2148,0.8040712881683696,0.00012123378884327245,0.18871944500884966,0.007088033033937461,25,10,20
35,2149,0.7944299599487975,0.00012143341456776537,0.19835866511846972,0.007089941518165028,25,10,20
35,2150,0.794781951733881,0.00012143283216262407,0.198009862549669,0.007086752884287336,25,10,20
35,2151,0.7942804199629403,0.00012144352050178204,0.19841947053081974,0.007178665985738187,25,10,20
35,2152,0.7942188079677399,0.00012144359343248171,0.19848108571409243,0.007178662724735152,25,10,20
35,2153,0.8197299148339525,0.00012155973823346792,0.17117982084935157,0.008968704578462909,25,10,20
35,2154,0.8195841477902881,0.00012827260612130177,0.17131827952305,0.008969300080540926,25,10,20
35,2155,0.8301040728553201,0.00012816858256472824,0.16260986525375845,0.007157893308356351,25,10,20
35,2156,0.8300449408434573,0.00012816872665909998,0.1626689385980501,0.007157951831832755,25,10,20
35,2157,0.8380113590996829,0.00011442903284872501,0.15471631528284857,0.007157896584619148,25,10,20
35,2158,0.8593059032559088,0.00011398744345585846,0.1403807707167165,0.00019933858391820607,25,10,20
35,2159,0.8597202808027419,0.00011397243568077866,0.1399709527961072,0.0001947939654695878,25,10,20
35,2160,0.8498302324561818,0.00011406478772944295,0.14986024520261793,0.00019545755347039734,25,10,20
35,2161,0.8519791247317443,0.00012124264605736965,0.14766970214120356,0.00022993048099423673,25,10,20
35,2162,0.8518580914947234,0.00012123468406288882,0.14779207919282644,0.00022859462838668962,25,10,20
35,2163,0.8518528217125142,0.00012122814689079449,0.14779739303448142,0.00022855710611292956,25,10,20
35,2164,0.8516716597420064,0.0001145211709370107,0.14798580708515904,0.0002280120018968436,25,10,20
35,2165,0.8512642952575252,0.00011452150409675111,0.14839305906360828,0.0002281241747690034,25,10,20
35,2166,0.8518088200889966,0.000114509432841032,0.14794055014136823,0.00013612033679344545,25,10,20
35,2167,0.8159426960133893,0.0001145176980824598,0.17270645349632538,0.011236332792202286,25,10,20
35,2168,0.825369563308772,0.00011442536005208318,0.1632802931746406,0.011235718156534546,25,10,20
35,2169,0.8196931613201219,0.00011467045480296265,0.16895646784019397,0.011235700384880625,25,10,20
35,2170,0.8538536055673626,0.00011465842858682201,0.145878092329373,0.00015364367467739004,25,10,20
35,2171,0.8602338993352717,0.0001146507736885178,0.13949893112392447,0.00015251876711503955,25,10,20
35,2172,0.8599400958116906,0.00011494533313134783,0.13979241986843055,0.00015253898674704277,25,10,20
35,2173,0.8598884187458938,0.0001149431190314104,0.1398440687289687,0.00015256940610556188,25,10,20
35,2174,0.8857147519124219,0.00011465856697637602,0.11401865259217829,0.00015193692842287943,25,10,20
35,2175,0.8547132000994446,0.00011535802655770002,0.1450195876364097,0.00015185423758789032,25,10,20
35,2176,0.893214965266705,0.00011466282402433203,0.10651709144056584,0.00015328046870409308,25,10,20
35,2177,0.8922066900608233,0.00011386180188146916,0.10752845011422536,0.00015099802306877476,25,10,20
35,2178,0.8982403037501707,0.00011385735084880901,0.10149486352371945,0.00015097537526000915,25,10,20
35,2179,0.9190468303758371,8.733338197025548e-06,0.08088264909001668,6.178719594858776e-05,25,10,20
35,2180,0.9199137771652617,8.741227921854648e-06,0.08001567362534143,6.180798147436321e-05,25,10,20
35,2181,0.9199677243747029,8.741493002687807e-06,0.07995738095695543,6.6153175338482e-05,25,10,20
35,2182,0.9201370550816407,8.74134471949287e-06,0.0797873289484332,6.687462520616433e-05,25,10,20
35,2183,0.9146881428824558,8.732292879624353e-06,0.08523721547938397,6.590934527959078e-05,25,10,20
35,2184,0.9106926451529205,1.814211474184819e-06,0.08920585237817999,9.968825742411508e-05,25,10,20
35,2185,0.9126734296129867,1.8127417158676038e-06,0.08724330118717273,8.145645812365516e-05,25,10,20
35,2186,0.9130839626380317,1.812195089176756e-06,0.0868327459888604,8.147917801770828e-05,25,10,20
35,2187,0.9027328568691422,1.4061624873973621e-05,0.09717007469269945,8.300681328398075e-05,25,10,20
35,2188,0.8968146367569279,1.4061549413585868e-05,0.10308830549361313,8.299620004528599e-05,25,10,20
35,2189,0.9035600327923804,1.4066169788866525e-05,0.09634407353657487,8.182750125552514e-05,25,10,20
35,2190,0.9033821633905545,1.4070990094397674e-05,0.09652329245789908,8.047316145181073e-05,25,10,20
35,2191,0.9038419155686113,1.3770712653380107e-05,0.09606390958942825,8.040412930671984e-05,25,10,20
35,2192,0.9091436995383458,1.3959952286110352e-05,0.09076184812655107,8.049238281638279e-05,25,10,20
35,2193,0.9091885367693101,1.3966628180298504e-05,0.09071766563186352,7.983097064548509e-05,25,10,20
35,2194,0.9092257539439177,1.3961770433245586e-05,0.09067815649548906,8.21277901593235e-05,25,10,20
35,2195,0.9037192183266229,1.4044178055751917e-05,0.09618420472913711,8.253276618422245e-05,25,10,20
35,2196,0.9093231587877458,1.3799049367502224e-05,0.09058054878131168,8.249338157467775e-05,25,10,20
35,2197,0.9037566023550333,1.3810767053988646e-05,0.09614595632978906,8.36305481234643e-05,25,10,20
35,2198,0.9040138435505515,1.3815057539799098e-05,0.09588873734177232,8.360405013628966e-05,25,10,20
35,2199,0.8762047662126161,0.00023375831490898092,0.12347800709776731,8.346837470791988e-05,25,10,20
35,2200,0.8741262245372332,0.0002351502496998053,0.1255549815237573,8.364368931005058e-05,25,10,20
35,2201,0.8674555120048424,0.00023521944929990774,0.13186892587246307,0.0004403426733949932,25,10,20
35,2202,0.8652920753665883,0.00023521464011339868,0.13403237577494295,0.00044033421835580096,25,10,20
35,2203,0.8497167926568854,0.00023526798955222607,0.14679917295153544,0.0032487664020276804,25,10,20
35,2204,0.8493370496878114,0.00023526867262915586,0.1471787397428538,0.0032489418967060224,25,10,20
35,2205,0.8493355631962537,0.00023526868997141598,0.1471801770710225,0.003248991042752931,25,10,20
35,2206,0.8544042090724957,0.0002352680139116384,0.14211182714630766,0.003248695767285402,25,10,20
35,2207,0.8545773417987884,0.0002352672196714869,0.1419430737028766,0.0032443172786637015,25,10,20
35,2208,0.8537715384915536,0.00023527754381145173,0.14274616351384628,0.0032470204507888717,25,10,20
35,2209,0.8560129416344694,0.00023528062631220773,0.14050402289774985,0.0032477548414686424,25,10,20
35,2210,0.8556123887832174,0.00023528053092883292,0.14090457706063597,0.0032477536252178037,25,10,20
35,2211,0.8576564584618083,0.00023529001119602979,0.1388604926041773,0.0032477589228184127,25,10,20
35,2212,0.8571950912109843,0.00023529126326943316,0.13932178717774446,0.0032478303480016537,25,10,20
35,2213,0.8574435958009683,0.00023529106737222577,0.13907409478464444,0.003247018347014747,25,10,20
35,2214,0.8582445356611431,0.00023509725950659113,0.13827346111022537,0.0032469059691246703,25,10,20
35,2215,0.8680626965546918,0.00023489695241853605,0.12845733576837978,0.003245070724509804,25,10,20
35,2216,0.8687485440965526,0.0002348868751221739,0.12777421421832766,0.0032423548099974647,25,10,20
35,2217,0.8715957245084464,0.0002349013316306081,0.12492296722647458,0.0032464069334484386,25,10,20
35,2218,0.8716938885127825,0.0002348946040837228,0.12482482661281435,0.0032463902703192145,25,10,20
35,2219,0.8627273674717828,0.00022372918187753285,0.1338014845150667,0.0032474188312731985,25,10,20
35,2220,0.8501040285261223,0.0002237441079981513,0.14642483070371062,0.003247396662169127,25,10,20
35,2221,0.8643500470283353,0.00022266790122765236,0.1321824555678768,0.0032448295025603517,25,10,20
35,2222,0.8643938095378454,0.00022266639396615557,0.13213878451044023,0.003244739557748413,25,10,20
35,2223,0.8757821580555933,0.00022265147544738492,0.12075045410436858,0.0032447363645903083,25,10,20
35,2224,0.8903209314174912,0.00022258949251170252,0.10901769052902145,0.0004387885609754441,25,10,20
35,2225,0.8901208374237545,0.00022258958109270985,0.10921778409430788,0.000438788900844835,25,10,20
35,2226,0.8905690536843374,0.00022258957495179029,0.1087695695181377,0.00043878722257307065,25,10,20
35,2227,0.888804802273312,0.00022120032789929852,0.11053465709662941,0.0004393403021593028,25,10,20
35,2228,0.8885442157763243,0.00022120032821915168,0.11079524231677051,0.0004393415786861313,25,10,20
35,2229,0.9004633316311207,0.00022094042527455335,0.09894518931884341,0.00037053862476138093,25,10,20
35,2230,0.9003363171001817,0.0002209404994357645,0.09907218310263292,0.00037055929774956254,25,10,20
35,2231,0.9003034499776706,0.00022094268154843362,0.09910504090224519,0.0003705664385356933,25,10,20
35,2232,0.8972010514816159,0.0002210942718165318,0.10220742442427616,0.00037042982229126885,25,10,20
35,2233,0.8966218436680572,0.00022109022190685022,0.10278286103041782,0.00037420507961803055,25,10,20
35,2234,0.8822809072251115,0.0002215774341773837,0.11712103740812484,0.0003764779325860644,25,10,20
35,2235,0.8783092384313332,0.00022157643313828603,0.12109519071146481,0.00037399442406315286,25,10,20
35,2236,0.8741666019213374,0.00022230220275458812,0.1251948520268047,0.000416243849102939,25,10,20
35,2237,0.8749042065691657,0.00022229236108427516,0.12445730703123715,0.00041619403851223864,25,10,20
35,2238,0.8881395416925723,0.0002464458175867651,0.11119785047125572,0.0004161620185847629,25,10,20
35,2239,0.9184498770792756,2.650189470003786e-05,0.08110750320503103,0.00041611782099275303,25,10,20
35,2240,0.9240306539272726,2.6433149695957564e-05,0.0755271772582138,0.0004157356648174392,25,10,20
35,2241,0.9236565076965216,2.6437659134245002e-05,0.07590128773266745,0.0004157669116764042,25,10,20
35,2242,0.9176159050471929,2.644192576608765e-05,0.08194073695291365,0.00041691607412683117,25,10,20
35,2243,0.9112769172893553,2.645169976233887e-05,0.08827799110643474,0.00041863990444671034,25,10,20
35,2244,0.9120233129024197,2.6446530023441573e-05,0.087533025090627,0.0004172154769292241,25,10,20
35,2245,0.9103933397509657,2.743511318614793e-05,0.08916196302323477,0.0004172621126129594,25,10,20
35,2246,0.9110321953241182,2.7428554677652834e-05,0.08852398064638839,0.0004163954748153572,25,10,20
35,2247,0.9157228482099784,2.7050005293142535e-05,0.08387486924993548,0.0003752325347924047,25,10,20
35,2248,0.8858903257768515,2.6897910475580895e-05,0.1137071548109635,0.00037562150170893045,25,10,20
35,2249,0.8581740170152954,2.6889600236943e-05,0.14142482741156853,0.0003742659728994464,25,10,20
35,2250,0.8588587637238041,2.6542487028119064e-05,0.1407415101242279,0.00037318366494013385,25,10,20
35,2251,0.8585551007891241,2.6546490509321138e-05,0.14104408023534915,0.0003742724850176851,25,10,20
35,2252,0.8615778023824209,2.60869498665456e-05,0.13802407163518418,0.00037203903252872554,25,10,20
35,2253,0.8620631327907112,2.6069981494001396e-05,0.1375434707457063,0.00036732648208876015,25,10,20
35,2254,0.8625675369596658,2.606927831638271e-05,0.13703915805725622,0.0003672357047619482,25,10,20
35,2255,0.8274209884716585,2.606516823356222e-05,0.17218563933704537,0.0003673070230630167,25,10,20
35,2256,0.8256933213023667,2.7135429397264938e-05,0.17390704717458358,0.00037249609365278165,25,10,20
35,2257,0.8291914952845127,2.713248166916008e-05,0.17040960257424756,0.00037176965957049315,25,10,20
35,2258,0.8300004934085333,2.7131898685843317e-05,0.1696044077901547,0.00036796690262599354,25,10,20
35,2259,0.8297541484164355,2.71294696760086e-05,0.16985069923542745,0.0003680228784608523,25,10,20
35,2260,0.8297677893420844,2.7125561122113487e-05,0.16983800343986527,0.00036708165692822206,25,10,20
35,2261,0.8290359199527836,2.7143639398854014e-05,0.17056974312878728,0.0003671932790302838,25,10,20
35,2262,0.8209666159602951,3.217912402291188e-05,0.17863224487272653,0.0003689600429561187,25,10,20
35,2263,0.8267712828440972,3.217481428871728e-05,0.172828730877815,0.00036781146379972986,25,10,20
35,2264,0.8284549209743368,3.109089234424865e-05,0.17115138851153144,0.0003625996217879903,25,10,20
35,2265,0.8283972937141596,3.109081610260301e-05,0.1712091622668694,0.0003624532028688717,25,10,20
35,2266,0.8279235895860966,3.109081698908307e-05,0.17168286603986277,0.0003624535570528639,25,10,20
35,2267,0.8319476602686854,3.110266329519176e-05,0.16765871489250575,0.00036252217551480245,25,10,20
35,2268,0.8270387408795452,3.1046184779172005e-05,0.17292316318099477,7.049754681800235e-06,25,10,20
35,2269,0.8519667463513898,3.143953984749352e-05,0.14799482354176327,6.9905670001120305e-06,25,10,20
35,2270,0.8514559482031635,3.774555432309791e-05,0.14849927836424678,7.027878267028674e-06,25,10,20
35,2271,0.8561575956186109,3.77518193055792e-05,0.1437976069672935,7.045594790389226e-06,25,10,20
35,2272,0.8567832397791119,3.1441577506763635e-05,0.14317831073812165,7.007905260056355e-06,25,10,20
35,2273,0.8565208827281439,3.1441688331472135e-05,0.14343929381416212,8.381769362795125e-06,25,10,20
35,2274,0.8559900421355374,3.1462021882105704e-05,0.14397001377123678,8.482071343882317e-06,25,10,20
35,2275,0.838482229501081,3.1780607167126124e-05,0.16147745283851905,8.53705323370417e-06,25,10,20
35,2276,0.8252773640529536,0.0002549203845326713,0.17444077712173356,2.6938440780718506e-05,25,10,20
35,2277,0.8251389841220741,0.00025492098966928,0.1745804329237783,2.5661964478949465e-05,25,10,20
35,2278,0.825078163368739,0.00025496795192499856,0.17464098020561875,2.5888473717821616e-05,25,10,20
35,2279,0.8261007854669802,0.00025494844125584454,0.17361839147628022,2.587461548419427e-05,25,10,20
35,2280,0.8265786977255426,0.00025494862587565584,0.17314051109968298,2.5842548899216072e-05,25,10,20
35,2281,0.8263193389129893,0.00025494865159608775,0.1733998670383457,2.5845397069428882e-05,25,10,20
35,2282,0.8259141145018397,0.00025495811368659796,0.17380501556529512,2.5911819179034657e-05,25,10,20
35,2283,0.8261387554172959,0.000254951996418085,0.17358044473441392,2.5847851872651696e-05,25,10,20
35,2284,0.8599547721470624,0.00025495052614542594,0.13976479934287728,2.5477983914951033e-05,25,10,20
35,2285,0.8595854565731328,0.0002549514353042821,0.14013399182820382,2.56001633590604e-05,25,10,20
35,2286,0.8595578669110882,0.000254951421188392,0.14016153178509902,2.5649882624387285e-05,25,10,20
35,2287,0.883908421231162,0.00023002660077395907,0.11583593787415385,2.56142939101843e-05,25,10,20
35,2288,0.8837955556383105,0.00023003055550013048,0.11594877980446715,2.563400172235293e-05,25,10,20
35,2289,0.8836165200194973,0.0002300267736239071,0.11612781341566551,2.5639791213263093e-05,25,10,20
35,2290,0.8836584564205358,0.00023002704224132917,0.11608580209696379,2.571444025912912e-05,25,10,20
35,2291,0.8841544242142776,0.00023002703297302684,0.11558983597470934,2.5712778040258146e-05,25,10,20
35,2292,0.8846212793672101,0.0002302921696845521,0.11512144928033707,2.6979182768253105e-05,25,10,20
35,2293,0.8850881767054014,0.00023029150857036852,0.11465472306847911,2.6808717549061362e-05,25,10,20
35,2294,0.8857114513322832,0.00023029059417938743,0.11403159622560394,2.666184793342659e-05,25,10,20
35,2295,0.8968270839739357,0.0002302629531443066,0.10291603081104216,2.6622261878121277e-05,25,10,20
35,2296,0.8963288946507089,0.00023026330180888306,0.10341428252667884,2.655952080373876e-05,25,10,20
35,2297,0.8585703294423617,0.0002302764786519106,0.14097325734170207,0.00022613673728492177,25,10,20
35,2298,0.8581379305947636,0.00023029150264290666,0.14140512328502197,0.00022665461757196965,25,10,20
35,2299,0.8261241116289132,0.00023602216619243081,0.17185743737612133,0.0017824288287732685,25,10,20
35,2300,0.8270526943769212,0.0002359549785233025,0.17092922136718852,0.001782129277366937,25,10,20
35,2301,0.8643543482790347,0.00023595148920611613,0.13382703511334484,0.0015826651184146629,25,10,20
35,2302,0.8650851569048674,0.00023594172215490216,0.13309639743541285,0.00158250393756499,25,10,20
35,2303,0.8649074744110483,0.00023594141054636528,0.13327112410223477,0.0015854600761709165,25,10,20
35,2304,0.8646000660397425,0.00023594178972187119,0.133578531225421,0.001585460945114922,25,10,20
35,2305,0.8582691484400096,0.00024197563257206698,0.13987358088195984,0.001615295045459164,25,10,20
35,2306,0.8583247846436869,0.0002419755442146165,0.13981795482516624,0.0016152849869327274,25,10,20
35,2307,0.8576847514386966,0.00024196273994380696,0.1404576138145729,0.0016156720067871855,25,10,20
35,2308,0.8802185837246204,0.00023561128221905706,0.1176839732977956,0.0018618316953655158,25,10,20
35,2309,0.8807363590215929,0.0002356001762092612,0.11716564879354933,0.0018623920086491364,25,10,20
35,2310,0.8808785943350921,0.00023560006119084824,0.11702344092877041,0.0018623646749470863,25,10,20
35,2311,0.8900728521001728,0.00023054632142074284,0.10783611686115414,0.0018604847172525826,25,10,20
35,2312,0.8895470429217727,0.0002305519668616786,0.10836194369754237,0.0018604614138236764,25,10,20
35,2313,0.8931893553255935,0.0002437043446563862,0.10470811852484636,0.0018588218049042152,25,10,20
35,2314,0.8852229273256197,0.00024371486646599356,0.11267313199758137,0.0018602258103332305,25,10,20
35,2315,0.8817775243894544,0.00024371899881724815,0.11611853339714323,0.0018602232145855833,25,10,20
35,2316,0.881667373051955,0.0002437385755035176,0.11622861539637899,0.0018602729761628867,25,10,20
35,2317,0.8820583806755419,0.0002437383796860415,0.11584056945190037,0.0018573114928722265,25,10,20
35,2318,0.8804913070447337,0.00024373874672194184,0.11740736108680054,0.0018575931217441758,25,10,20
35,2319,0.879808859561037,0.00024374857307186325,0.11808838938150096,0.0018590024843904518,25,10,20
35,2320,0.8800938421345046,0.00024373903893584484,0.11780475052052548,0.0018576683060343394,25,10,20
35,2321,0.8801160051766383,0.00024384886964171036,0.11775195489369342,0.0018881910600267548,25,10,20
35,2322,0.8796828904075723,0.00024384912650324248,0.11818507045709736,0.0018881900088274562,25,10,20
35,2323,0.879575363091938,0.0002435799530035957,0.11829281836773213,0.0018882385873264713,25,10,20
35,2324,0.8695071268273631,0.00024347630796791062,0.12839066642551183,0.0018587304391576617,25,10,20
35,2325,0.8691230787776797,0.0002434576397125337,0.1287747773768604,0.001858686205747704,25,10,20
35,2326,0.869066321427194,0.00024345764695232506,0.1288315467728331,0.0018586741530207016,25,10,20
35,2327,0.8669243041745521,0.00023062343045439333,0.13098719322980412,0.0018578791651895398,25,10,20
35,2328,0.8669754392282921,0.00023062343173683165,0.13093605736625022,0.0018578799737210825,25,10,20
35,2329,0.8583406541602463,0.00023111796165979303,0.13950425847303569,0.0019239694050583666,25,10,20
35,2330,0.8572735328703353,0.0002311185985425678,0.14057128705667363,0.001924061474448763,25,10,20
35,2331,0.8590561229253738,0.00023111763745981985,0.1390647453153192,0.001648014121847345,25,10,20
35,2332,0.8589692836707463,0.0002312136757069327,0.13915100646661197,0.0016484961869350503,25,10,20
35,2333,0.8590891816766124,0.00023121366592820548,0.13903111024037648,0.0016484944170831294,25,10,20
35,2334,0.8329296758134683,0.00023086415288814166,0.16519081725252743,0.0016486427811161068,25,10,20
35,2335,0.8478953111306637,6.735696609440221e-06,0.15046776006271131,0.0016301931100156574,25,10,20
35,2336,0.8481548863151985,6.639838099277287e-06,0.1502087385000067,0.0016297353466955843,25,10,20
35,2337,0.8491170373863781,6.639701646245812e-06,0.1492466418341412,0.0016296810778347367,25,10,20
35,2338,0.8492684254684845,6.6388119740235885e-06,0.14909526009459503,0.0016296756249466302,25,10,20
35,2339,0.828239678998199,6.6522908518335285e-06,0.1701242447100168,0.0016294240009320953,25,10,20
35,2340,0.836316387601989,6.176771493050115e-06,0.16211406967528397,0.001563365951233594,25,10,20
35,2341,0.8677931631751028,4.6132311450114823e-07,0.13219743922369942,8.936278083253628e-06,25,10,20
35,2342,0.8668621216906095,4.618534809331697e-07,0.1331284978125445,8.918643365153805e-06,25,10,20
35,2343,0.8670302410959367,4.5216590004228003e-07,0.13296043924571055,8.867492452689507e-06,25,10,20
35,2344,0.8673801868118605,4.5240842050727104e-07,0.1326105647386355,8.79604108315221e-06,25,10,20
35,2345,0.8678370692683834,4.5212987616231003e-07,0.13215368562959282,8.792972147127555e-06,25,10,20
35,2346,0.857136199047995,8.64138603995586e-07,0.14285027493312863,1.2661880271664696e-05,25,10,20
35,2347,0.8543459667553854,8.591344060700505e-07,0.14274626900639414,0.002906905103813398,25,10,20
35,2348,0.8673273003374459,8.524644927652796e-07,0.13266019273749263,1.1654460567904014e-05,25,10,20
35,2349,0.8659859842409879,8.528196498479212e-07,0.13399660707147218,1.6555867889071235e-05,25,10,20
35,2350,0.8494727210499083,8.389006425948736e-07,0.15050991714383213,1.65229056156499e-05,25,10,20
35,2351,0.8498569784606967,8.377752515457206e-07,0.15012577253081236,1.6411233238145776e-05,25,10,20
35,2352,0.8364007638449568,8.46600354404013e-07,0.16358182190847523,1.656764621246918e-05,25,10,20
35,2353,0.8200728257771174,8.699137137003544e-07,0.17990962659569168,1.667771347619809e-05,25,10,20
35,2354,0.8132950935929827,8.57030851411905e-07,0.18668809316163046,1.5956214534423552e-05,25,10,20
35,2355,0.8292316085034114,8.174791722839156e-07,0.16681236642804406,0.003955207589371149,25,10,20
35,2356,0.8245154203488455,9.487091131588432e-07,0.17149429057330107,0.003989340368739098,25,10,20
35,2357,0.8314138271376561,9.461809721287152e-07,0.16459658543946676,0.003988641241903832,25,10,20
35,2358,0.831452207489992,9.460982657234104e-07,0.16455817865897743,0.003988667752763713,25,10,20
35,2359,0.8311733522297895,9.46627711046918e-07,0.16483700623782796,0.003988694904670556,25,10,20
35,2360,0.8411978968094719,5.422697007371286e-07,0.15478800094136927,0.00401355997945684,25,10,20
35,2361,0.8399413378504242,5.417715302566634e-07,0.15604401456701647,0.004014105811027862,25,10,20
35,2362,0.8404314553643603,5.417405777073639e-07,0.1555538981397614,0.004014104755299422,25,10,20
35,2363,0.8243663677529106,5.639195851737832e-07,0.1716129464821793,0.004020121845324054,25,10,20
35,2364,0.824967175615796,5.447908377805752e-07,0.17101222886078912,0.0040200507325763215,25,10,20
35,2365,0.8246763197469429,5.510451339062485e-07,0.17130307820094548,0.004020051006976986,25,10,20
35,2366,0.8247037525206575,5.445392008814487e-07,0.17127427614692314,0.004021426793217666,25,10,20
35,2367,0.8192764820952578,7.386470174707705e-07,0.17664964804315925,0.004073131214565051,25,10,20
35,2368,0.8353841187917596,7.148461803539306e-07,0.1605421429300993,0.00407302343196048,25,10,20
35,2369,0.8357212958190668,7.101287195060559e-07,0.16020634859531419,0.004071645456898824,25,10,20
35,2370,0.8458965922337444,3.9282233792211607e-07,0.15002759241657418,0.0040754225273429215,25,10,20
35,2371,0.8424117997121315,3.82769762544993e-07,0.15351380108845902,0.0040740164296466565,25,10,20
35,2372,0.8418891549973414,3.924340963942411e-07,0.15403627195256492,0.0040741806159972915,25,10,20
35,2373,0.8466461974082016,1.9919029603195753e-07,0.1493284294049427,0.004025173996559557,25,10,20
35,2374,0.8626519525748713,1.771735892398792e-07,0.1333287109398159,0.0040191593117231365,25,10,20
35,2375,0.8395965203151355,0.0002911429809258168,0.156068394093928,0.0040439426100103175,25,10,20
35,2376,0.8394268395305693,0.0002911429959917613,0.15623805135124388,0.004043966122194938,25,10,20
35,2377,0.859980440884678,2.4828473131925377e-07,0.13599895012344176,0.004020360707148573,25,10,20
35,2378,0.8601032650587501,2.57459125436123e-07,0.13588139327167512,0.004015084210448879,25,10,20
35,2379,0.8597308873888713,2.578352310166207e-07,0.13625368664794973,0.00401516812794765,25,10,20
35,2380,0.8596981370848394,2.5821267726266677e-07,0.1362864144424769,0.0040151902600060576,25,10,20
35,2381,0.8603203614197119,2.604515022091166e-07,0.13566419110441408,0.004015187024371539,25,10,20
35,2382,0.8939044824500804,2.600528995404156e-07,0.10207786656687821,0.00401739093014218,25,10,20
35,2383,0.8945556973239064,2.529813944446349e-07,0.10145538774865374,0.003988661946045514,25,10,20
35,2384,0.9049380424760138,2.525186791530064e-07,0.0910729519570416,0.003988753048265261,25,10,20
35,2385,0.904812012504988,2.5306625101929206e-07,0.09119897996414834,0.003988754464612569,25,10,20
35,2386,0.9048244409743528,2.5252803643529613e-07,0.09118655212724677,0.003988754370363949,25,10,20
35,2387,0.9013400133346999,2.5355531122605296e-07,0.09467218683032604,0.003987546279662836,25,10,20
35,2388,0.8647616302560865,2.7052929818521675e-07,0.13125041631565212,0.003987682898963254,25,10,20
35,2389,0.9017586725716333,2.486665630494967e-07,0.09425350573067709,0.003987573031126595,25,10,20
35,2390,0.901584401975638,2.5466484864397124e-07,0.09442775938753366,0.0039875839719797175,25,10,20
35,2391,0.9005852239517977,2.5692892008696764e-07,0.09542229630025323,0.003992222819029097,25,10,20
35,2392,0.8625482409758934,2.5645806693823535e-07,0.13345177560064397,0.003999726965395815,25,10,20
35,2393,0.8545015827746879,2.650634041092081e-07,0.1414528703893595,0.004045281772548509,25,10,20
35,2394,0.8369884155667228,1.5149250613638938e-07,0.15147467532525016,0.0115367576155208,25,10,20
35,2395,0.8375282615383377,1.5063108968401346e-07,0.15093752717327225,0.011534060657300475,25,10,20
35,2396,0.8331068461224956,1.5067990950308424e-07,0.1553568175427673,0.01153618565482762,25,10,20
35,2397,0.8388663232800119,1.6329026127978668e-07,0.14959684611960433,0.01153666731012245,25,10,20
35,2398,0.8383685647150386,1.6327766553924136e-07,0.1500932996330793,0.011537972374216216,25,10,20
35,2399,0.8358654447550863,5.423747569799669e-07,0.15263972201585985,0.01149429085429655,25,10,20
35,2400,0.8515844863844293,1.108518933486451e-06,0.1408586546686563,0.00755575042798092,25,10,20
35,2401,0.8523616666605419,1.344440196472414e-06,0.14008608087117,0.007550908028091969,25,10,20
35,2402,0.8528771222256605,1.345216640562923e-06,0.13956572810188617,0.007555804455813177,25,10,20
35,2403,0.8750747310457707,1.3540428919855719e-06,0.11738059383060337,0.007543321080733579,25,10,20
35,2404,0.8608839471210679,1.3601188744930422e-06,0.13148006282704616,0.00763462993301106,25,10,20
35,2405,0.8252865972510939,7.060961470655324e-05,0.16700796164749618,0.007634831486703308,25,10,20
35,2406,0.8121634415788282,7.086842524018965e-05,0.18013049832213934,0.00763519167379185,25,10,20
35,2407,0.7918254579587533,7.058298492195662e-05,0.20045910392130023,0.007644855135024347,25,10,20
35,2408,0.7925482073538417,7.086983032795302e-05,0.199739485852741,0.00764143696308893,25,10,20
35,2409,0.7921497244503406,7.0870032069469e-05,0.20013537061665004,0.007644034900939702,25,10,20
35,2410,0.7854094464741977,7.029912100227255e-05,0.20687714594947443,0.007643108455325763,25,10,20
35,2411,0.7860465293555856,7.030431779715202e-05,0.2062400560632761,0.007643110263341203,25,10,20
35,2412,0.7860582536642902,7.030446055599076e-05,0.20623093079197966,0.007640511083174294,25,10,20
35,2413,0.7704146303149194,7.0888554849936e-05,0.22187118738793832,0.007643293742290951,25,10,20
35,2414,0.7929689045038486,7.08708775225109e-05,0.20684253942482972,0.00011768519379935453,25,10,20
35,2415,0.7927505169906328,7.086578967641834e-05,0.2070599806581861,0.00011863656150492544,25,10,20
35,2416,0.8058215037530734,7.086837691401267e-05,0.1939901513090976,0.00011747656091499973,25,10,20
35,2417,0.8059632129609107,7.086830576703792e-05,0.19384937635946276,0.0001165423738595121,25,10,20
35,2418,0.8197187909016153,1.93174001993914e-06,0.18016288778476788,0.00011638957359680253,25,10,20
35,2419,0.8141726206064842,1.6470727960734086e-06,0.18571055621134175,0.00011517610937759281,25,10,20
35,2420,0.8146563825632662,1.6316560877880346e-06,0.18522688294939477,0.00011510283125083674,25,10,20
35,2421,0.8148198417131293,1.6200761731184955e-06,0.18506612851207774,0.00011240969861948876,25,10,20
35,2422,0.8285930665846445,2.685794141958767e-06,0.17129009786401483,0.0001141497571981483,25,10,20
35,2423,0.8278091838487596,2.686794254153817e-06,0.17207378047965205,0.00011434887733371887,25,10,20
35,2424,0.8277624019390173,2.6865865362917136e-06,0.172119265493048,0.00011564598139786468,25,10,20
35,2425,0.8314957803302326,2.682174748367594e-06,0.16838584216417382,0.00011569533084520937,25,10,20
35,2426,0.8320025077035007,2.6820827381883314e-06,0.1678804446973046,0.00011436551645654454,25,10,20
35,2427,0.8259226402544162,2.927867605703571e-06,0.1739600314830718,0.0001144003949062635,25,10,20
35,2428,0.8269766374359628,3.2489267971467053e-06,0.17290488865290377,0.00011522498433624491,25,10,20
35,2429,0.8227992767112966,3.2480865503802174e-06,0.1770824500739945,0.00011502512815855102,25,10,20
35,2430,0.8247381458171985,2.1730869553157673e-06,0.1751463904823089,0.00011329061353732867,25,10,20
35,2431,0.8251978136409345,2.162699034627139e-06,0.17468690186852903,0.00011312179150187595,25,10,20
35,2432,0.8254171697308398,2.156121465322284e-06,0.17446756833171867,0.00011310581597620103,25,10,20
35,2433,0.840586539643068,1.5716794439141277e-06,0.15930156226536957,0.00011032641211878962,25,10,20
35,2434,0.8386020698461155,1.6344227797097098e-06,0.16128567262533056,0.00011062310577475155,25,10,20
35,2435,0.8240999555393645,1.3354157163351208e-06,0.1757877088737273,0.00011100017119226257,25,10,20
35,2436,0.8273991386657891,1.0869844947743308e-06,0.17248484938386788,0.00011492496584889126,25,10,20
35,2437,0.8267973080013928,1.0870190452840498e-06,0.17308667996512228,0.00011492501443996255,25,10,20
35,2438,0.8025236082551597,2.3663540644804628e-05,0.19733773524809536,0.0001149929561009695,25,10,20
35,2439,0.7900402890431433,2.3809786536746597e-05,0.20756082977553525,0.0023750713947862413,25,10,20
35,2440,0.8007879933594582,2.3832795055282384e-05,0.19681256651673926,0.002375607328748167,25,10,20
35,2441,0.8006526615579413,2.3831724277478666e-05,0.19694788672329344,0.002375619994488401,25,10,20
35,2442,0.8071659162275716,2.352503449203543e-05,0.18521235907394376,0.0075981996639930905,25,10,20
35,2443,0.7907386158869636,2.3522093158441708e-05,0.20163959499250428,0.007598267027374549,25,10,20
35,2444,0.7907530756631103,2.3522092831974034e-05,0.20162513534193624,0.0075982669021221905,25,10,20
35,2445,0.7964749726592091,2.3380057280021085e-05,0.19816343879283313,0.005338208490678563,25,10,20
35,2446,0.796547498687121,2.3380134989379812e-05,0.19809222773053548,0.005336893447354435,25,10,20
35,2447,0.8027348172114546,2.337595532013312e-05,0.19190488339676773,0.005336923436457887,25,10,20
35,2448,0.8027596007894406,2.3375509038893603e-05,0.19188017010237787,0.005336853599142907,25,10,20
35,2449,0.802249429300534,2.33753712758302e-05,0.19238925826884037,0.0053379370593500276,25,10,20
35,2450,0.8056681241337911,2.3374251211672053e-05,0.18897192749761488,0.005336574117382475,25,10,20
35,2451,0.772489520163119,2.5606840212506936e-05,0.22184766069275638,0.005637212303913024,25,10,20
35,2452,0.809908041686537,2.5607819919413652e-05,0.18442541604578802,0.005640934447756071,25,10,20
35,2453,0.811536143562903,3.3152933713423586e-05,0.1828438003929587,0.005586903110425948,25,10,20
35,2454,0.8164286101234218,3.3155282024089334e-05,0.17795048651411083,0.005587748080444385,25,10,20
35,2455,0.8003401983127024,3.3740237114199917e-05,0.1940392417866947,0.0055868196634895504,25,10,20
35,2456,0.8335169266633231,3.15073939345874e-05,0.16116543380299272,0.005286132139749719,25,10,20
35,2457,0.8355895893808107,3.143934507611794e-05,0.15909313819105703,0.005285833083056345,25,10,20
35,2458,0.8604698501515884,8.862789469209902e-06,0.13423552189614918,0.005285765162793329,25,10,20
35,2459,0.8669091738985096,8.868214922200766e-06,0.12779621073621653,0.005285747150352193,25,10,20
35,2460,0.8833394691520702,8.868588759096108e-06,0.11136490348215926,0.005286758777011548,25,10,20
35,2461,0.8643735167684461,1.0561793029155147e-05,0.13017448333914255,0.005441438099382547,25,10,20
35,2462,0.8752657927260014,1.0173614523726846e-05,0.11928451531756691,0.005439518341908305,25,10,20
35,2463,0.8750955741206609,1.0181105583341042e-05,0.11945470940715738,0.005439535366598658,25,10,20
35,2464,0.8750886832454354,1.0181382087407252e-05,0.11946159743317492,0.005439537939302627,25,10,20
35,2465,0.8912785076109825,1.0162575905810562e-05,0.10327699954937686,0.005434330263735234,25,10,20
35,2466,0.8879950711618279,1.0280812793101988e-05,0.10655904283719865,0.005435605188180787,25,10,20
35,2467,0.8879092645455572,1.028385548766296e-05,0.1066439736450218,0.005436477953933468,25,10,20
35,2468,0.889425622153676,1.0284155366863347e-05,0.10512814646659288,0.005435947224364382,25,10,20
35,2469,0.889512071089383,1.0053174958176854e-05,0.10504194009600709,0.0054359356396517676,25,10,20
35,2470,0.8897299609096945,1.0043608807049362e-05,0.10482406152524357,0.005435933956254882,25,10,20
35,2471,0.8897922910408983,1.0038564617059081e-05,0.1047617225859901,0.0054359478084947035,25,10,20
35,2472,0.8896767442254278,1.00426698552103e-05,0.10487722982830959,0.005435983276407528,25,10,20
35,2473,0.8901688807047874,1.0037381341569408e-05,0.1043851461652421,0.005435935748628952,25,10,20
35,2474,0.889748640092868,1.0045449044827014e-05,0.10480535798384012,0.00543595647424696,25,10,20
35,2475,0.8897337444623286,1.0045641123585466e-05,0.10482022871243105,0.005435981184116816,25,10,20
35,2476,0.8818721480429571,1.0026412917508085e-05,0.11268231499167214,0.005435510552453322,25,10,20
35,2477,0.8821528447936977,1.0018557074788539e-05,0.11240157283696109,0.005435563812266373,25,10,20
35,2478,0.8822867650207433,1.0018349015184429e-05,0.11226772677607197,0.005435489854169432,25,10,20
35,2479,0.8763662468548232,1.002245892240978e-05,0.11818824263779565,0.005435488048458166,25,10,20
35,2480,0.876166599205998,1.0025339810493725e-05,0.11838751102966637,0.005435864424524588,25,10,20
35,2481,0.876101099653945,1.0025711978716275e-05,0.11845300103946751,0.005435873594608242,25,10,20
35,2482,0.8761030554681879,1.0025655478025932e-05,0.11845107014799758,0.005435848728335872,25,10,20
35,2483,0.8686778379103629,8.353149723892534e-06,0.12575634036170574,0.00555746857820696,25,10,20
35,2484,0.868312988785599,8.35879740746515e-06,0.1261199445823468,0.00555870783464623,25,10,20
35,2485,0.8638617961697875,8.358412399537478e-06,0.1305721884076297,0.005557657010182774,25,10,20
35,2486,0.8638551170226438,8.356200687325447e-06,0.13057886806072397,0.0055576587159443195,25,10,20
35,2487,0.8551109420821544,8.362988402302537e-06,0.13932298599970422,0.005557708929738527,25,10,20
35,2488,0.8548774603060351,8.363366386998853e-06,0.13955646474544348,0.0055577115821340605,25,10,20
35,2489,0.8595315363553232,8.363366283660028e-06,0.1349024216543292,0.005557678624063352,25,10,20
35,2490,0.865316548792433,8.36211985433089e-06,0.12911739133808547,0.005557697749626493,25,10,20
35,2491,0.8662568366917281,8.362476082398748e-06,0.12817710377504646,0.005557697057142627,25,10,20
35,2492,0.8747002309750118,8.504183267240034e-06,0.11969626200121619,0.00559500284050497,25,10,20
35,2493,0.9102019785179637,8.670085190580862e-06,0.08420360957937134,0.0055857418174748265,25,10,20
35,2494,0.9233949925866706,1.1190201254456046e-06,0.07105542854683038,0.005548459846374072,25,10,20
35,2495,0.923655230755547,1.1199542775133804e-06,0.07079518668862822,0.005548462601547644,25,10,20
35,2496,0.9229982294807411,1.1216309183899485e-06,0.0713681656393625,0.005632483248978326,25,10,20
35,2497,0.9230078842620787,1.1212886943245771e-06,0.07135851109617644,0.00563248335305095,25,10,20
35,2498,0.8866271490221881,1.142199730277743e-06,0.1073854594697311,0.005986249308351283,25,10,20
35,2499,0.8788379367328285,1.9883387190635186e-06,0.12039638449663004,0.0007636904318233057,25,10,20
35,2500,0.8788728304070359,1.7781466578701782e-06,0.12036369152585837,0.0007616999204488507,25,10,20
35,2501,0.8782760834579432,1.7781563352814664e-06,0.12096034299265725,0.0007617953930651406,25,10,20
35,2502,0.8752565446736,1.7949123620978144e-06,0.1243232656375039,0.0004183947765353128,25,10,20
35,2503,0.845175566323013,1.7612937576897826e-06,0.15440534005012696,0.0004173323331036825,25,10,20
35,2504,0.8457503742590606,1.7610431116278528e-06,0.1538316249204383,0.00041623977739052576,25,10,20
35,2505,0.8450876571531376,1.7611835809144018e-06,0.15449424591408675,0.0004163357491956015,25,10,20
35,2506,0.8336281359011406,1.2698554167777828e-05,0.1659161636735993,0.00044300187109311945,25,10,20
35,2507,0.8336354540150959,1.2698359393895213e-05,0.16590887044498456,0.0004429771805264179,25,10,20
35,2508,0.8337503026240168,1.2703536785703836e-05,0.16579540029687515,0.0004415935423225814,25,10,20
35,2509,0.8340766691732929,1.2695391499181562e-05,0.16547112625310956,0.0004395091820986468,25,10,20
35,2510,0.847275581091641,1.853697470619427e-05,0.15226586117752347,0.0004400207561296376,25,10,20
35,2511,0.8309951191421717,1.854896798693878e-05,0.16854625587201483,0.0004400760178265795,25,10,20
35,2512,0.8218149940890705,1.8723187210761748e-05,0.17772622764378163,0.00044005507993714985,25,10,20
35,2513,0.8213344376279218,1.872287851917543e-05,0.17820682761570555,0.0004400118778533556,25,10,20
35,2514,0.8467892213048605,1.8702525518114307e-05,0.1530282711200661,0.0001638050495556955,25,10,20
35,2515,0.8511306334228039,7.76229836585874e-06,0.1487248287882046,0.00013677549062586486,25,10,20
35,2516,0.8508957183172267,7.768945562693668e-06,0.14895964099582645,0.00013687174138454287,25,10,20
35,2517,0.8352971483227648,7.776137149072262e-06,0.16439230336660945,0.00030277217347660074,25,10,20
35,2518,0.8530077412194639,7.193557394976087e-06,0.1466850702182369,0.00029999500490373167,25,10,20
35,2519,0.852618077583415,7.1934959841387775e-06,0.14707473261862325,0.00029999630197685245,25,10,20
35,2520,0.842327652696138,7.193696794940056e-06,0.15736508428261609,0.00030006932445024654,25,10,20
35,2521,0.8451232257511575,7.199857722749338e-06,0.15456947278950026,0.00030010160161870146,25,10,20
35,2522,0.8493438389946484,7.194105127851965e-06,0.15034881353720586,0.0003001533630171962,25,10,20
35,2523,0.8490426647616469,7.194108428333353e-06,0.1506500292436404,0.0003001118862834974,25,10,20
35,2524,0.8490750098408537,7.193865042719498e-06,0.1506177781931945,0.00030001810090825266,25,10,20
35,2525,0.8119252524708385,9.74941157467312e-06,0.18776455165302344,0.00030044646456290415,25,10,20
35,2526,0.8058070065487327,9.757064121046117e-06,0.19388275077125758,0.00030048561588805065,25,10,20
35,2527,0.8325162797904191,9.676736432347819e-06,0.16717376392987218,0.0003002795432760119,25,10,20
35,2528,0.8324561614739315,9.670273536850362e-06,0.16723264275051045,0.0003015255020210186,25,10,20
35,2529,0.8486366289587284,9.658357824580395e-06,0.15105224469513798,0.00030146798830957803,25,10,20
35,2530,0.8491599869192156,9.66793292230845e-06,0.15052894706808506,0.0003013980797773923,25,10,20
35,2531,0.8491476410207411,9.664800736294566e-06,0.1505413150709215,0.0003013791076014093,25,10,20
35,2532,0.8594917045267024,9.664954964227263e-06,0.1401973138088365,0.0003013167094971465,25,10,20
35,2533,0.8600003527200623,9.664779776551903e-06,0.1396886641284091,0.000301318371752382,25,10,20
35,2534,0.8445048562829187,9.678590746813668e-06,0.1551840737628163,0.00030139136351842904,25,10,20
35,2535,0.8445737772043214,9.71241286501672e-06,0.1551163309547907,0.00030017942802314614,25,10,20
35,2536,0.844279207509415,9.567275416196084e-06,0.15544823880728423,0.0002629864078848366,25,10,20
35,2537,0.8346034595130227,9.57460950913577e-06,0.16512402283263136,0.0002629430448363505,25,10,20
35,2538,0.8339192270914052,9.569399725046507e-06,0.16579986038565933,0.0002713431232101636,25,10,20
35,2539,0.8337648053126151,9.569418874097701e-06,0.16595428040017426,0.00027134486833630994,25,10,20
35,2540,0.8366136549473098,9.565809075139358e-06,0.1631052555041853,0.0002715237394295531,25,10,20
35,2541,0.8370471664211557,9.566246496381808e-06,0.16267191757777585,0.000271349754571865,25,10,20
35,2542,0.8408448345069846,9.565650090293142e-06,0.15887443535424217,0.0002711644886832209,25,10,20
35,2543,0.8392661827403284,9.640326760698141e-06,0.16045165304537692,0.0002725238875338247,25,10,20
35,2544,0.8483941100653736,9.466006690215724e-06,0.1513239072365483,0.00027251669138822964,25,10,20
35,2545,0.8481289696089455,9.471314800432236e-06,0.1515889920108245,0.0002725670654300638,25,10,20
35,2546,0.84817253871484,9.470960109670352e-06,0.15154543297832274,0.0002725573467280745,25,10,20
35,2547,0.8270172831646522,1.0239815081437916e-05,0.16113113506882332,0.011841341951443318,25,10,20
35,2548,0.8249159487727943,1.0274591242844963e-05,0.16322326819056712,0.011850508445395723,25,10,20
35,2549,0.8469220054139671,7.719212150577545e-06,0.14121766301325017,0.01185261236063212,25,10,20
35,2550,0.8556063227638161,1.0372812838901336e-06,0.13244562643724148,0.011947013517658523,25,10,20
35,2551,0.852616819766594,1.1690493857527864e-06,0.1354344342895051,0.011947576894514995,25,10,20
35,2552,0.844919141419349,1.134360226722034e-06,0.14314131311123343,0.011938411109190881,25,10,20
35,2553,0.8447653227452473,1.1392139184030538e-06,0.14329399866666465,0.011939539374169637,25,10,20
35,2554,0.8089673505019194,1.1395031659936933e-06,0.1790918675853471,0.011939642409567616,25,10,20
35,2555,0.7712016569492052,1.1396191845088425e-06,0.21685755921784886,0.01193964421376195,25,10,20
35,2556,0.7375947131395758,1.1411103000757163e-06,0.2504641088002424,0.011940036949879324,25,10,20
35,2557,0.7376234703378673,1.140658767260922e-06,0.2504353535333501,0.011940035470013075,25,10,20
35,2558,0.7526955230227749,1.1503805450642153e-06,0.23536322840530996,0.0119400981913685,25,10,20
35,2559,0.7529442834603681,3.73275951932582e-07,0.21303752692429373,0.034017816339385325,25,10,20
35,2560,0.7443469841901644,7.458853676849128e-07,0.22163323526548978,0.03401903465897662,25,10,20
35,2561,0.7776232062422992,7.528798788552172e-07,0.18835527365087723,0.034020767226944935,25,10,20
35,2562,0.7767172327814842,7.496050479914277e-07,0.18926121479749064,0.03402080281597769,25,10,20
35,2563,0.7690243479326913,3.7876263972404464e-07,0.19695522300761464,0.034020050297054974,25,10,20
35,2564,0.7706492713092641,2.75525665492605e-07,0.19533053943347828,0.03401991373159286,25,10,20
35,2565,0.7807752588784527,2.7064998442250035e-07,0.18520459653505905,0.03401987393650423,25,10,20
35,2566,0.7780387323290386,3.5563859520515224e-07,0.18794090202603175,0.03402001000633457,25,10,20
35,2567,0.7713689132240424,3.507629202767194e-07,0.19459186276376744,0.034038873249270005,25,10,20
35,2568,0.7850577989810591,0.00020030041384288012,0.1806866929926288,0.0340552076124689,25,10,20
35,2569,0.7814907431646383,0.0002003148998845103,0.18425374286895382,0.034055199066523156,25,10,20
35,2570,0.789767612819735,0.00020044841553173087,0.17597622448237607,0.03405571428235741,25,10,20
35,2571,0.8046774411222227,0.0002004426218223686,0.16106442845365343,0.03405768780230141,25,10,20
35,2572,0.8077672607532358,0.000200324970211927,0.15797526972514492,0.03405714455140746,25,10,20
35,2573,0.799722593111931,0.00020051365445050606,0.16596890050688312,0.03410799272673508,25,10,20
35,2574,0.8000791506029235,0.00020037329082272352,0.16561305091704848,0.03410742518920501,25,10,20
35,2575,0.7995778723442531,0.00020039045462980437,0.16610984372852974,0.03411189347258715,25,10,20
35,2576,0.8002440412680351,0.00020038870308537716,0.16552767994522047,0.03402789008365937,25,10,20
35,2577,0.813996704841428,0.00020551515212530834,0.15176990304798943,0.03402787695845714,25,10,20
35,2578,0.8139146277996793,0.0002055152401023569,0.15186028630063417,0.03401957065958422,25,10,20
35,2579,0.813818267673355,0.00020551063742540478,0.15195776154343948,0.03401846014578024,25,10,20
35,2580,0.8163267857853144,0.00020550888397016348,0.15209656863970059,0.03137113669101487,25,10,20
35,2581,0.8166149723988169,0.00020548973389893538,0.15180847154608704,0.031371066321197134,25,10,20
35,2582,0.8104820729189588,0.000205524234712076,0.15794144295319404,0.031370959893135104,25,10,20
35,2583,0.8049012976265583,0.00020761617100917485,0.16226025765128974,0.032630828551143076,25,10,20
35,2584,0.8269498652859498,0.0002076274971739734,0.14021157449551455,0.03263093272136251,25,10,20
35,2585,0.8288806078995284,0.00020250124654384437,0.13805123617680215,0.03286565467712614,25,10,20
35,2586,0.8503146213780185,0.00020246055653355452,0.1166254411461172,0.032857476919331254,25,10,20
35,2587,0.8502370696612267,0.0002024588368719038,0.11693804867728261,0.03262242282461938,25,10,20
35,2588,0.8327062053030221,0.00020247267399220965,0.1344680252557758,0.032623296767209854,25,10,20
35,2589,0.8367804106195439,0.00020246086574708886,0.13039383789443248,0.03262329062027692,25,10,20
35,2590,0.8380327900785636,0.00020244871607977586,0.129236457497961,0.032528303707395796,25,10,20
35,2591,0.8506538228830423,0.00020242783080921982,0.1166159916861347,0.03252775760001427,25,10,20
35,2592,0.8538151788428724,0.00020242224116956566,0.11345133943846811,0.03253105947749025,25,10,20
35,2593,0.8626840108035292,0.00020230303620583808,0.10458261768103622,0.032531068479229173,25,10,20
35,2594,0.8622258387448614,0.00020230101485497362,0.10503836651356313,0.03253349372672077,25,10,20
35,2595,0.8684569266566851,0.00020229242316001792,0.09880733038086335,0.03253345053929185,25,10,20
35,2596,0.8624143463617089,0.00020229221874113075,0.10485215749552117,0.032531203924029105,25,10,20
35,2597,0.8624224388271583,0.00020229551700508782,0.10484401316763872,0.03253125248819821,25,10,20
35,2598,0.8620610198189153,0.0002024379475946159,0.10520458421688819,0.032531958016602164,25,10,20
35,2599,0.856555386262876,0.0002024345562776517,0.11071024598181324,0.03253193319903339,25,10,20
35,2600,0.820413976952684,0.00020246068147560973,0.1468515097852271,0.03253205258061311,25,10,20
35,2601,0.8214376392947383,0.0002024599708335629,0.1458279472494229,0.03253195348500497,25,10,20
35,2602,0.8209089842376024,0.00020247012202345713,0.1463541827665601,0.03253436287381378,25,10,20
35,2603,0.8223632647687036,0.00020245286692205809,0.1449044118623476,0.03252987050202651,25,10,20
35,2604,0.8561545381761853,0.00020243177031314046,0.11107579496256595,0.03256723509093587,25,10,20
35,2605,0.854077033043337,0.00020243186763554218,0.11315328676716938,0.032567248321858255,25,10,20
35,2606,0.8242862602481522,0.00020739869977239348,0.14293638721719307,0.03256995383488246,25,10,20
35,2607,0.8225186550395626,0.00020739962108211606,0.14469921214704667,0.03257473319230844,25,10,20
35,2608,0.8225188783246042,0.00020739963029464274,0.14469898798377498,0.03257473406132566,25,10,20
35,2609,0.8244988078254196,0.0002074968228860286,0.14273054584461017,0.032563149507083555,25,10,20
35,2610,0.8445493716364809,7.620670400691492e-06,0.12289619266973735,0.03254681502338026,25,10,20
35,2611,0.8439209880873659,7.628718799277667e-06,0.12352752729235983,0.03254385590147417,25,10,20
35,2612,0.8441334039815821,7.621041713672119e-06,0.12331504954607991,0.03254392543062364,25,10,20
35,2613,0.8391817123418455,7.5228756086163275e-06,0.1282916701167051,0.03251909466584038,25,10,20
35,2614,0.839038394992894,7.523408690947713e-06,0.1284349843547631,0.0325190972436512,25,10,20
35,2615,0.844715278204935,7.5234761860760185e-06,0.12275811762959492,0.03251908068928336,25,10,20
35,2616,0.8361445685198757,7.537196494740734e-06,0.13132779486965504,0.03252009941397409,25,10,20
35,2617,0.8152478310736414,7.537690404866795e-06,0.1522244859246266,0.03252014531132626,25,10,20
35,2618,0.807671113529518,7.5377529897700475e-06,0.15805780766049973,0.034263541056991496,25,10,20
35,2619,0.8081346572278791,7.537401519452953e-06,0.15759426582849406,0.03426353954210643,25,10,20
35,2620,0.8081019569690155,7.537418874183739e-06,0.15762696471073168,0.03426354090137774,25,10,20
35,2621,0.8168992967307049,7.492401999732831e-06,0.14887990541806886,0.03421330544922567,25,10,20
35,2622,0.8113932146432384,7.428418317755903e-06,0.1543835460032398,0.034215810935203414,25,10,20
35,2623,0.7789876190333753,7.429036324046621e-06,0.1867769480307566,0.03422800389954402,25,10,20
35,2624,0.7799753564255621,7.423818226140642e-06,0.18579169844204022,0.03422552131417162,25,10,20
35,2625,0.7878978440651749,7.413840844311823e-06,0.177871851256128,0.03422289083785242,25,10,20
35,2626,0.7875010941781341,7.425993403285495e-06,0.1782684609901165,0.03422301883834614,25,10,20
35,2627,0.7885640474005139,3.786741984828167e-06,0.17723272223910894,0.03419944361839232,25,10,20
35,2628,0.7885166567035121,3.788203847211686e-06,0.1772801009991167,0.03419945409352378,25,10,20
35,2629,0.7883967315663614,1.6957765541044313e-06,0.17019666167468084,0.04140491098240367,25,10,20
35,2630,0.7892345039376515,1.6854394735714475e-06,0.16935796336306716,0.04140584725980776,25,10,20
35,2631,0.7722886222992342,2.2929728815376627e-06,0.18629959780667865,0.04140948692120564,25,10,20
35,2632,0.7666106752547615,2.1506215196034695e-06,0.1919776011821877,0.04140957294153135,25,10,20
35,2633,0.7766587835904563,2.150354554386213e-06,0.1819294962527057,0.0414095698022839,25,10,20
35,2634,0.7826462949293707,2.150386381992408e-06,0.17594267751495157,0.04140887716929591,25,10,20
35,2635,0.7936059920993372,2.151957150211347e-06,0.16498290935647408,0.04140894658703838,25,10,20
35,2636,0.7936170306703368,2.008348852426838e-06,0.16497234308386038,0.04140861789694997,25,10,20
35,2637,0.7932732987856924,2.1163243564036296e-06,0.1653149342136221,0.041409650676328826,25,10,20
35,2638,0.7932852404180666,2.116232529616397e-06,0.1653030881712615,0.04140955517814212,25,10,20
35,2639,0.7927729211677171,2.387947840852356e-06,0.16581385569242726,0.041410835192014744,25,10,20
35,2640,0.7902228228722831,2.387903295962719e-06,0.16836397273515086,0.04141081648926992,25,10,20
35,2641,0.7920324956176359,2.3878279749669752e-06,0.16655426209572466,0.04141085445866428,25,10,20
35,2642,0.7939169508838553,2.388997014427065e-06,0.1646696284642641,0.041411031654865954,25,10,20
35,2643,0.7941229158197433,2.285738718839523e-06,0.16446484565055086,0.04140995279098681,25,10,20
35,2644,0.795415314557769,2.2844577763627783e-06,0.16317722646323504,0.04140517452121929,25,10,20
35,2645,0.7868810040915862,2.2846547925363775e-06,0.17171024271254356,0.04140646854107745,25,10,20
35,2646,0.8121009096730204,1.1683474701604218e-06,0.1464905297760672,0.041407392203441855,25,10,20
35,2647,0.8052373882430099,1.4432638961873673e-05,0.15333854982392023,0.041409629294107644,25,10,20
35,2648,0.8050553151542708,1.7251671484109636e-05,0.15351835746454634,0.04140907570969809,25,10,20
35,2649,0.7991879167636929,1.7241995206056755e-05,0.159385744128767,0.04140909711233312,25,10,20
35,2650,0.8197669570988216,1.7288602307551027e-05,0.13879565316150594,0.04142010113736443,25,10,20
35,2651,0.8237106736421587,1.7292443815401405e-05,0.1348523076587307,0.04141972625529477,25,10,20
35,2652,0.8316227783305885,1.7292465387017727e-05,0.1286886840667989,0.03967124513722465,25,10,20
35,2653,0.8117325886503081,1.727593406189144e-05,0.14857890442070468,0.039671230994924624,25,10,20
35,2654,0.8090508312751011,1.7476941578308042e-05,0.15126041234303156,0.03967127944028828,25,10,20
35,2655,0.8214454598056397,1.7518762880770437e-05,0.13885776746548267,0.03967925396599642,25,10,20
35,2656,0.8219881450264275,1.7246759482305703e-05,0.13831667379806123,0.03967793441602816,25,10,20
35,2657,0.8217447893739508,1.765796906359798e-05,0.13856081061240805,0.039676742044576746,25,10,20
35,2658,0.8188662468956235,1.7744014770046183e-05,0.14141711990816502,0.03969888918144061,25,10,20
35,2659,0.8192295879364349,1.7696913807984602e-05,0.1410648759103287,0.03968783923942767,25,10,20
35,2660,0.8246174039092967,1.4878340046588832e-05,0.13568034695690318,0.039687370793752536,25,10,20
35,2661,0.8564975545892334,1.4287632751377787e-05,0.10380444030216199,0.03968371747585261,25,10,20
35,2662,0.8564780384922117,1.4025686719060343e-05,0.1038228630417731,0.039685072779295415,25,10,20
35,2663,0.8567260866259566,1.4016077457507938e-05,0.10357482520678467,0.039685072089800676,25,10,20
35,2664,0.8590531696558821,1.3833557765067077e-05,0.10124788576717712,0.039685111019174976,25,10,20
35,2665,0.8476704419318424,1.1108528170700889e-06,0.11264302464378174,0.03968542257155818,25,10,20
35,2666,0.845542462310105,1.14478017221666e-06,0.11451509477778449,0.03994129813193776,25,10,20
35,2667,0.8457187631555375,1.1393418538448475e-06,0.11434015075467178,0.039939946747936016,25,10,20
35,2668,0.8474637479704923,1.1056270776650948e-06,0.11285104287965383,0.03968410352277546,25,10,20
35,2669,0.836769362754246,1.188986202160786e-06,0.12236332161958115,0.040866126639969934,25,10,20
35,2670,0.8338659777328882,1.199139517063175e-06,0.12526664190962214,0.040866181217971864,25,10,20
35,2671,0.8342845253103787,1.199173498277559e-06,0.12484807169572065,0.040866203820401646,25,10,20
35,2672,0.8000003757464204,1.247013259354397e-06,0.1591320593138466,0.040866317926472676,25,10,20
35,2673,0.825471063928965,1.3444281713443051e-06,0.13364770698133902,0.04087988466152387,25,10,20
35,2674,0.8536981125085211,1.296583349612116e-06,0.10542082166565343,0.040879769242474696,25,10,20
35,2675,0.858023764447678,1.30951790775575e-06,0.1010959239469052,0.04087900208750828,25,10,20
35,2676,0.85854756765049,1.2925261609408498e-06,0.10057233918733019,0.04087880063601828,25,10,20
35,2677,0.8404889091113525,2.7990168802340495e-05,0.1186020741245078,0.040881026595336205,25,10,20
35,2678,0.8468616287247452,2.743666036104308e-05,0.11223258287112102,0.04087835174377138,25,10,20
35,2679,0.8523938005345684,2.7456196191703277e-05,0.10670038838213164,0.04087835488710732,25,10,20
35,2680,0.8523935733648703,2.7455401676073937e-05,0.10679386872112671,0.040785102512325935,25,10,20
35,2681,0.842269064272291,2.8092067227004045e-05,0.11691566974077024,0.040787173919710734,25,10,20
35,2682,0.831222774783896,2.809125827200657e-05,0.1279619255349062,0.04078720842292537,25,10,20
35,2683,0.810059836074226,2.8113757628013555e-05,0.14886581493285725,0.04104623523528808,25,10,20
35,2684,0.7858838843945685,2.8113976056425618e-05,0.1730417580821254,0.0410462435472499,25,10,20
35,2685,0.78053691019762,5.9583600871154985e-05,0.178354630641353,0.04104887556015616,25,10,20
35,2686,0.8055181524052172,5.959194856852463e-05,0.1536322811907825,0.04078997445543145,25,10,20
35,2687,0.8006458323231815,5.9591066814685294e-05,0.15850470807493472,0.04078986853506865,25,10,20
35,2688,0.8000079893250563,5.960085956000411e-05,0.15914039058534066,0.040792019230042526,25,10,20
35,2689,0.8003975251702427,5.944193311383296e-05,0.1587524317064743,0.04079060119016868,25,10,20
35,2690,0.8068531260438477,5.9353192291743224e-05,0.15232258668212048,0.04076493408173924,25,10,20
35,2691,0.8060331108485154,6.900870439502824e-05,0.15313137955641934,0.0407665008906693,25,10,20
35,2692,0.8063268829964493,6.900944614770388e-05,0.1917342876037274,0.0018698199536751358,25,10,20
35,2693,0.842168052243153,6.90085017026779e-05,0.15589317133481032,0.0018697679203333278,25,10,20
35,2694,0.8450226158765846,6.89226192961627e-05,0.1530608182562382,0.0018476432478802954,25,10,20
35,2695,0.8447814184207333,6.892271736079494e-05,0.15330201685334033,0.0018476420085650463,25,10,20
35,2696,0.8433278314386855,6.891328861651884e-05,0.15447051002320708,0.0021327452494904493,25,10,20
35,2697,0.8415124319704188,6.989899389955905e-05,0.1560117461246754,0.002405922911005705,25,10,20
35,2698,0.8337982955340288,7.003762908738712e-05,0.16369147668092576,0.002440190155957742,25,10,20
35,2699,0.8339258527708516,7.003769325618418e-05,0.16356394709528588,0.0024401624406063167,25,10,20
35,2700,0.8441534257809883,6.939667535062308e-05,0.15333909866009526,0.0024380788835654085,25,10,20
35,2701,0.853814402620671,6.931364588524254e-05,0.14486013776960488,0.0012561459638386675,25,10,20
35,2702,0.8537901482978719,6.928405128093212e-05,0.1448842992566354,0.001256268394211713,25,10,20
35,2703,0.8537834373890544,6.928907327477348e-05,0.14489100477477704,0.0012562687628935876,25,10,20
35,2704,0.8537344322857754,6.928920622134635e-05,0.14494000515857264,0.0012562733494308547,25,10,20
35,2705,0.8611591704901409,4.258011306109975e-05,0.13743377144074442,0.0013644779560538418,25,10,20
35,2706,0.8598055982374022,4.25790029766905e-05,0.13878726428251342,0.0013645584771078537,25,10,20
35,2707,0.8703221419446973,4.236430372958071e-05,0.12827104051307597,0.0013644532384974159,25,10,20
35,2708,0.8595824787771289,4.237561563037436e-05,0.13901161072094273,0.001363534886298187,25,10,20
35,2709,0.8704919810991717,4.2378937328638914e-05,0.12821253340158487,0.0012531065619149958,25,10,20
35,2710,0.8881453390187366,1.0909055303643236e-05,0.11059328056174729,0.0012504713642125422,25,10,20
35,2711,0.8945241064620721,1.0908839928055302e-05,0.10421453603566162,0.0012504486623380585,25,10,20
35,2712,0.8961970615466645,1.0908850016762045e-05,0.10282873660699901,0.0009632929963195448,25,10,20
35,2713,0.8959296449928627,1.0996288530123565e-05,0.10309555914527568,0.0009637995733313311,25,10,20
35,2714,0.8966699946879142,1.0995956229669054e-05,0.10235529984662625,0.0009637095092298597,25,10,20
35,2715,0.8970958703205997,1.0986232207522031e-05,0.10192951692564693,0.0009636265215457149,25,10,20
35,2716,0.8970991505963888,1.098622017054946e-05,0.10192623666006076,0.0009636265233797968,25,10,20
35,2717,0.9091349788428534,1.0985401575461963e-05,0.08989053969768676,0.0009634960578843924,25,10,20
35,2718,0.9091378423342792,1.0985407626144208e-05,0.08988767540934424,0.0009634968487504733,25,10,20
35,2719,0.8924742877184467,1.1008512874187964e-05,0.10655115095074134,0.000963552817937941,25,10,20
35,2720,0.8924930792220674,1.100855610609004e-05,0.10653230415414412,0.0009636080676825258,25,10,20
35,2721,0.8922567584026396,1.1436809876074017e-05,0.10677923538701506,0.000952569400469383,25,10,20
35,2722,0.8920673208285137,1.1436944191435266e-05,0.1069688339233569,0.0009524083039380037,25,10,20
35,2723,0.8804840766745007,1.1437267972298542e-05,0.11855200849444866,0.0009524775630787243,25,10,20
35,2724,0.8820564546870068,1.0432031885544024e-05,0.11725381644557174,0.0006792968355362021,25,10,20
35,2725,0.8803533163147592,1.953655601702625e-05,0.11885052323197981,0.0007766238972444391,25,10,20
35,2726,0.8805897314400678,1.9531534900048093e-05,0.1186127310331101,0.0007780059919224967,25,10,20
35,2727,0.8766108607650974,1.953913822702744e-05,0.12127301919086099,0.0020965809058150035,25,10,20
35,2728,0.859217228540802,2.015605686440013e-05,0.13866618103328351,0.0020964343690503856,25,10,20
35,2729,0.8681149351099293,1.104452133011152e-05,0.12891423428345422,0.00295978608528702,25,10,20
35,2730,0.8680508894098352,1.1044820739648834e-05,0.12897829682817177,0.002959768941253939,25,10,20
35,2731,0.8737759080511558,1.1044087279166976e-05,0.12388806529086269,0.0023249825707029985,25,10,20
35,2732,0.877324531891538,1.1036850171333982e-05,0.12165383925649767,0.0010105920017936302,25,10,20
35,2733,0.8762719905429577,1.105499772408253e-05,0.1227064330891125,0.001010521370206178,25,10,20
35,2734,0.871188006830043,1.3893033382140783e-06,0.12780170855518364,0.0010088953114357297,25,10,20
35,2735,0.8710574958951375,1.3895061664140186e-06,0.12793082585636328,0.001010288742333686,25,10,20
35,2736,0.8654271049707561,1.306981019185403e-06,0.13356057783724304,0.0010110102109829296,25,10,20
35,2737,0.8683152851634507,1.3069064777138605e-06,0.1306724180294686,0.0010109899006042374,25,10,20
35,2738,0.8686271816945347,1.3069942307738694e-06,0.1303605217092436,0.0010109896019921555,25,10,20
35,2739,0.8688737296240238,1.3064577249893744e-06,0.13011402533670524,0.0010109385815471148,25,10,20
35,2740,0.8746184585335592,8.363142897360643e-07,0.12436974866567833,0.0010109564864738585,25,10,20
35,2741,0.8827421816498418,6.975489511262408e-07,0.11628041841124565,0.0009767023899625348,25,10,20
35,2742,0.8752905253817803,7.012974531073551e-07,0.12373158771055653,0.0009771856102109586,25,10,20
35,2743,0.8747019431114035,7.185322417487015e-07,0.12431814085931264,0.00097919749704303,25,10,20
35,2744,0.8753827379860514,7.023711846558033e-07,0.12363938549941862,0.0009771741433463274,25,10,20
35,2745,0.8582394434473496,1.931234427309445e-06,0.14078140271955575,0.0009772225986679616,25,10,20
35,2746,0.868599669589129,1.493839995517652e-06,0.1277182632387013,0.0036805733321746766,25,10,20
35,2747,0.870024091628119,1.4762763853787467e-06,0.1262941035559426,0.0036803285395535196,25,10,20
35,2748,0.8551788670827963,1.485029262119687e-06,0.1411392283921379,0.003680419495803861,25,10,20
35,2749,0.8552288801339845,1.4839372945945145e-06,0.1410892184852405,0.0036804174434807158,25,10,20
35,2750,0.8554080035592173,1.4877523955501798e-06,0.1409108441360891,0.0036796645522983594,25,10,20
35,2751,0.8640244163811928,1.4838369440143856e-06,0.13229496174335828,0.00367913803850535,25,10,20
35,2752,0.8635408275672946,1.4837488690060288e-06,0.13277850343629655,0.0036791852475401843,25,10,20
35,2753,0.8639888367593952,1.48375684389536e-06,0.13233049459599777,0.003679184887763621,25,10,20
35,2754,0.863093558487557,1.4839396892205311e-06,0.13322577143714726,0.0036791861356070144,25,10,20
35,2755,0.8593161179963278,1.4883180637432758e-06,0.13700201698379805,0.0036803767018107063,25,10,20
35,2756,0.8638433108848595,1.311661559472756e-06,0.1351772005720334,0.0009781768815480744,25,10,20
35,2757,0.8747060634643345,1.3115338631804563e-06,0.12431451145028728,0.0009781135515152663,25,10,20
35,2758,0.8744218402315083,1.307533997506228e-06,0.12459935609842457,0.0009774961360699535,25,10,20
35,2759,0.8756466550812945,1.307158362715114e-06,0.12337454921260554,0.0009774885477374122,25,10,20
35,2760,0.881581216528449,1.3071560443863408e-06,0.11743998806592554,0.000977488249581525,25,10,20
35,2761,0.9117269982884679,1.3096074473030876e-06,0.08729931322224277,0.0009723788818422796,25,10,20
35,2762,0.9154258377869422,1.3052668587246192e-06,0.08360173121128414,0.0009711257349149254,25,10,20
35,2763,0.9155236206563867,1.3042788027713475e-06,0.08350396787585627,0.0009711071889542258,25,10,20
35,2764,0.9152056080678008,1.304660432438368e-06,0.08382197500605484,0.0009711122657119302,25,10,20
35,2765,0.948509934317388,5.3064538404039776e-08,0.05051881303635149,0.0009711995817219916,25,10,20
35,2766,0.9495818106685685,4.656023490955388e-08,0.05040866169970029,9.481071496342187e-06,25,10,20
35,2767,0.9549045460014634,5.663527764254794e-08,0.045085984355085505,9.413008173340622e-06,25,10,20
35,2768,0.9552872007757842,5.699467457397694e-08,0.0447032085233332,9.53370620768513e-06,25,10,20
35,2769,0.955003275843913,5.783294794892522e-08,0.04498708235146396,9.583971674797741e-06,25,10,20
35,2770,0.9658114503898461,4.6343950254406344e-08,0.03417893740873138,9.56585747220909e-06,25,10,20
35,2771,0.9634566607167595,7.45601186792266e-08,0.03652738155092483,1.5883172196881066e-05,25,10,20
35,2772,0.9553917630499754,7.747699757420291e-08,0.044592243946101104,1.5915526926025002e-05,25,10,20
35,2773,0.955824610978657,7.710431990996698e-08,0.044163582412533736,1.1729504489105372e-05,25,10,20
35,2774,0.9640575332726783,8.079018117862448e-08,0.03593065620816392,1.1729728976286056e-05,25,10,20
35,2775,0.9627137053299109,4.5025334765862975e-07,0.03717504097520185,0.00011080344153939775,25,10,20
35,2776,0.9564546484552381,4.524579642344787e-07,0.043434045322233335,0.00011085376456421755,25,10,20
35,2777,0.9560341053916482,1.5650878965831604e-07,0.04395347995675086,1.2258142810978951e-05,25,10,20
35,2778,0.9559583753555784,1.6168640118254688e-07,0.04402922853457184,1.2234423448135917e-05,25,10,20
35,2779,0.9598155142210245,1.5719978168882054e-07,0.040173288085607065,1.1040493586087908e-05,25,10,20
35,2780,0.9621470181145341,1.5508447353785537e-07,0.03784057736288394,1.2249438107897404e-05,25,10,20
35,2781,0.9616446351276484,3.8079455470340926e-07,0.038341654937592666,1.332914020408397e-05,25,10,20
35,2782,0.9635073218475542,3.667316656984782e-07,0.03648294845892572,9.36296185425481e-06,25,10,20
35,2783,0.9462636793316421,5.786850533430213e-07,0.05044655986323324,0.0032891821200712714,25,10,20
35,2784,0.9459420885027602,5.790386080575283e-07,0.05076750085678783,0.003289831601843981,25,10,20
35,2785,0.9461253511824946,5.760925177401222e-07,0.05058429864782484,0.0032897740771626076,25,10,20
35,2786,0.9301042384005289,5.757246500031638e-07,0.06660560356930502,0.0032895823055157153,25,10,20
35,2787,0.9301096400151962,5.757302070355276e-07,0.06660020121889243,0.0032895830357039055,25,10,20
35,2788,0.8998185663067225,0.00010029966157459342,0.09679143366388333,0.003289700367819406,25,10,20
35,2789,0.899903343314894,0.00010029956388596625,0.09670787046203484,0.00328848665918524,25,10,20
35,2790,0.9036943208793282,0.00010029999585607723,0.09291686193100672,0.0032885171938090312,25,10,20
35,2791,0.9036360727002901,0.00010029973938332293,0.09297517475599784,0.0032884528043288057,25,10,20
35,2792,0.9037119820135215,0.00010029446725774436,0.09289929498423702,0.00328842853498369,25,10,20
35,2793,0.9038264130102257,0.00010028439969880913,0.09278352311811715,0.0032897794719582507,25,10,20
35,2794,0.9001291120905308,0.00010041191726521785,0.09648109402415622,0.0032893819680476937,25,10,20
35,2795,0.9000089572157516,0.00010056699229978508,0.09660045691176355,0.0032900188801852485,25,10,20
35,2796,0.8992358861635291,0.00010057685662237076,0.09737349412012511,0.0032900428597237865,25,10,20
35,2797,0.8974172341340454,0.00010057892893973843,0.09919159572746812,0.003290591209547331,25,10,20
35,2798,0.9018456296766925,0.00010036846037231702,0.097943513961609,0.00011048790132696348,25,10,20
35,2799,0.9019390876791852,0.00010021813407944294,0.09785084619270121,0.00010984799403489223,25,10,20
35,2800,0.9014927180500364,0.00010023090585520266,0.09829849526545219,0.00010855577865694089,25,10,20
35,2801,0.8679560816620026,0.00010212494875937124,0.1318332225315204,0.00010857085771706878,25,10,20
35,2802,0.8698457531703842,0.00010696863686937887,0.12993950737947285,0.00010777081327309899,25,10,20
35,2803,0.870518481238599,0.00010674273655473398,0.12926812283759717,0.00010665318724857629,25,10,20
35,2804,0.8708096899750573,0.00010674242083923216,0.1289774847740478,0.00010608283005522027,25,10,20
35,2805,0.8702791625785912,0.00010674294192838741,0.12950801681252794,0.00010607766695208013,25,10,20
35,2806,0.8850711753680636,0.0001067381564617495,0.1147161024203582,0.00010598405511593675,25,10,20
35,2807,0.8847433564293853,0.00010673172207964409,0.11504079642016934,0.00010911542836525173,25,10,20
35,2808,0.8497793671655667,0.00010814573552397669,0.15000335348797933,0.00010913361092992053,25,10,20
35,2809,0.8511205320556701,0.00010815833019693585,0.14876185741414433,9.452199988574695e-06,25,10,20
35,2810,0.8567562604755752,0.00010815874782065274,0.14312735491830642,8.22585829745174e-06,25,10,20
35,2811,0.8567541318610914,0.00010815875108119762,0.14312948350070367,8.225887123363067e-06,25,10,20
35,2812,0.8565835282793575,0.00010815906240687504,0.14322672351749427,8.158914074091413e-05,25,10,20
35,2813,0.8399163938444423,0.00011652810033152654,0.1598663908735738,0.00010068718165218073,25,10,20
35,2814,0.8344401437749284,0.00011690207412628072,0.16534234963247063,0.00010060451847537539,25,10,20
35,2815,0.8343336887810661,0.0001169022033222061,0.16544880218959854,0.00010060682601388575,25,10,20
35,2816,0.8356914751573704,0.00011690336371564482,0.16409150081614282,0.0001001206627703357,25,10,20
35,2817,0.8360582808204962,0.00011689057791127918,0.16372474825774141,0.00010008034385066448,25,10,20
35,2818,0.8363576445869508,0.0001168902324178683,0.1634254074586879,0.00010005772194295178,25,10,20
35,2819,0.8670543682690274,1.716630578809376e-05,0.13282857031074735,9.989511443704677e-05,25,10,20
35,2820,0.8346994423186369,1.7202731845994795e-05,0.13558209611300306,0.029701258836514043,25,10,20
35,2821,0.8383719695395851,1.720025829695582e-05,0.1319101844518867,0.029700645750231017,25,10,20
35,2822,0.82513768505727,1.7135205500006756e-05,0.1450597301284562,0.029785449608773714,25,10,20
35,2823,0.824923283627311,1.713520967365373e-05,0.145274130242925,0.029785450920090235,25,10,20
35,2824,0.841422771165833,1.6747959518693636e-05,0.12877080030024549,0.029789680574402504,25,10,20
35,2825,0.8418423602100564,1.6747437302233407e-05,0.12835438093165571,0.02978651142098534,25,10,20
35,2826,0.8417198034885829,1.67474384251262e-05,0.1284769139463853,0.02978653512660643,25,10,20
35,2827,0.8393501699333573,1.6782693930827364e-05,0.1308157947869855,0.02981725258572614,25,10,20
35,2828,0.8714612631359384,1.6751065949729414e-05,0.12822869077974028,0.0002932950183711164,25,10,20
35,2829,0.8867616605910866,1.6742296412984462e-05,0.11301357070027983,0.00020802641222006244,25,10,20
35,2830,0.8862673545053827,1.6742657326375446e-05,0.11350252389202256,0.00021337894526783158,25,10,20
35,2831,0.881809287646839,1.6941057059307968e-05,0.11796269378173439,0.0002110775143666508,25,10,20
35,2832,0.8842156571564361,1.691583986971674e-05,0.1155869256605337,0.0001805013431599565,25,10,20
35,2833,0.8852266982515014,1.691479334484066e-05,0.11458125584511912,0.0001751311100342673,25,10,20
35,2834,0.8745435349881516,1.691517222361323e-05,0.1252644750223366,0.00017507481728747316,25,10,20
35,2835,0.8635549590193302,1.6720007721472563e-05,0.13619352120023545,0.00023479977271226735,25,10,20
35,2836,0.8638927456768208,1.671669154405447e-05,0.13585579919559465,0.00023473843604013137,25,10,20
35,2837,0.8802640844529246,1.6712279238107777e-05,0.11954616805573336,0.00017303521210344723,25,10,20
35,2838,0.8803523975959486,1.671235735402659e-05,0.11945784872119418,0.00017304132550280293,25,10,20
35,2839,0.9102443042848837,1.5057614651078668e-05,0.08956702946120285,0.00017360863926201494,25,10,20
35,2840,0.9098959260114331,1.5057611692278452e-05,0.08991540729600654,0.00017360908086759774,25,10,20
35,2841,0.9054823164202636,1.3644098747964938e-05,0.09433048603511784,0.00017355344587063334,25,10,20
35,2842,0.901604734919029,1.3644330904270466e-05,0.09820806778850681,0.00017355296155959193,25,10,20
35,2843,0.9015539763223637,1.3644776112008677e-05,0.09825701060066379,0.0001753683008602059,25,10,20
35,2844,0.8963675022385373,1.3652929779070829e-05,0.10344255869808913,0.00017628613359385508,25,10,20
35,2845,0.9009015646644106,1.365653102203329e-05,0.09890836667229146,0.00017641213227568458,25,10,20
35,2846,0.9044666482799976,1.3417237238942941e-05,0.09534405521526011,0.00017587926750308917,25,10,20
35,2847,0.9044177886746607,1.341741126387375e-05,0.09539219282242037,0.0001766010916551535,25,10,20
35,2848,0.9434690984063638,1.342403799151389e-05,0.0563409374349281,0.00017654012071665291,25,10,20
35,2849,0.9544363715239049,1.3413604943327294e-05,0.04537375986056458,0.000176455010587196,25,10,20
35,2850,0.9463635369840462,1.3402110645080109e-05,0.05344757720350206,0.00017548370180672855,25,10,20
35,2851,0.9466220200116906,1.33971027648271e-05,0.05318911836527638,0.000175464520268421,25,10,20
35,2852,0.9473060063170774,1.3386944641632063e-05,0.05257850454561254,0.00010210219266851379,25,10,20
35,2853,0.9473559806322016,1.3387030292305049e-05,0.05252715967279234,0.00010347266471377723,25,10,20
35,2854,0.9414958854997114,1.339501274514545e-05,0.05838615620309346,0.00010456328444986853,25,10,20
35,2855,0.9406986499545518,1.3405179900912987e-05,0.05918326047318393,0.00010468439236329679,25,10,20
35,2856,0.9403014491793168,1.3410279283467426e-05,0.05958043005467724,0.00010471048672240612,25,10,20
35,2857,0.90885374072115,1.3429913576057084e-05,0.09102811556687582,0.00010471379839747523,25,10,20
35,2858,0.9086304268947508,1.3420246965169854e-05,0.09125145837176771,0.00010469448651564905,25,10,20
35,2859,0.9083501629301535,1.3430521807406553e-05,0.09152779405488802,0.00010861249315039606,25,10,20
35,2860,0.907799219569183,1.3445025811691322e-05,0.09207725646174866,0.00011007894325588595,25,10,20
35,2861,0.8736380049272686,1.4845053309870354e-05,0.12595253074113905,0.0003946192782816552,25,10,20
35,2862,0.8732204298384982,1.4845061936067866e-05,0.12637015465297743,0.0003945704465873049,25,10,20
35,2863,0.870275956528657,9.859172395006468e-06,0.12931972976795017,0.00039445453099710444,25,10,20
35,2864,0.870188089485118,9.859447103172483e-06,0.12940893217702368,0.00039311889075437567,25,10,20
35,2865,0.8698294101215558,9.848540097155435e-06,0.12976904150099974,0.00039169983734651533,25,10,20
35,2866,0.8651785945283497,1.0045699790865776e-05,0.13436551680044173,0.000445842971417198,25,10,20
35,2867,0.8549329713138811,1.035884818666547e-05,0.1446108027495529,0.00044586708837846337,25,10,20
35,2868,0.8539081599941295,1.0353758234253757e-05,0.14563558430483906,0.00044590194279623866,25,10,20
35,2869,0.8542343154453849,1.0352747101605843e-05,0.14531020202458986,0.0004451297829227579,25,10,20
35,2870,0.8498990254611098,1.803097108243861e-05,0.14960111994577147,0.0004818236220353803,25,10,20
35,2871,0.8421243139756666,0.00030326184066490746,0.15709058098710924,0.00048184319655788447,25,10,20
35,2872,0.8422637488707733,0.0003032617482655314,0.15695115452847197,0.0004818348524879665,25,10,20
35,2873,0.837083626933495,0.00030326887612312244,0.16213124938426834,0.0004818548061130693,25,10,20
35,2874,0.8367814542892108,0.0003032692184337361,0.16243333035355875,0.0004819461387965878,25,10,20
35,2875,0.8366057738952697,0.00030326984007648125,0.16260895463310518,0.0004820016315486209,25,10,20
35,2876,0.8423963116355421,0.0003032748854583077,0.15681957102961835,0.0004808424493807104,25,10,20
35,2877,0.8426207682089415,0.0002955929839492474,0.1565697250450224,0.000513913762086388,25,10,20
35,2878,0.8505949310798073,0.00029560508133503056,0.1485936530745602,0.0005158107642968283,25,10,20
35,2879,0.8515943895809102,0.00029560949224120896,0.14759417658144572,0.000515824345402544,25,10,20
35,2880,0.85310825701639,4.96431864597332e-05,0.14632300892218736,0.0005190908749624695,25,10,20
35,2881,0.8499699948365843,5.063238305534489e-05,0.1494554900102674,0.0005238827700924245,25,10,20
35,2882,0.8447600475668127,5.063257995574077e-05,0.1546654170900082,0.0005239027632229755,25,10,20
35,2883,0.8387451057687336,5.0636459592185816e-05,0.1606790113120243,0.000525246459649997,25,10,20
35,2884,0.8535944209020235,4.92319668400616e-05,0.1461917541824545,0.00016459294868068338,25,10,20
35,2885,0.8538854939451191,4.922168800559956e-05,0.1459059914686784,0.00015929289819583767,25,10,20
35,2886,0.8596981016362443,4.9212842967794556e-05,0.1400947366831152,0.0001579488376718231,25,10,20
35,2887,0.8593152538411748,4.921273178470413e-05,0.1404775344052153,0.0001579990218241475,25,10,20
35,2888,0.8630345873043295,4.922347816805281e-05,0.1367581527117413,0.00015803650576027707,25,10,20
35,2889,0.8634861529598286,4.922347003790635e-05,0.13630658880737073,0.00015803476276232797,25,10,20
35,2890,0.843944171283685,5.416701803837263e-05,0.15582497639670256,0.0001766853015728883,25,10,20
35,2891,0.8332530541568152,5.417743165772196e-05,0.1640352057469258,0.002657562664601207,25,10,20
35,2892,0.8497386972375373,5.417743773694477e-05,0.147549561700139,0.0026575636245860517,25,10,20
35,2893,0.850420164592299,6.1227753041404e-05,0.1468621142091849,0.0026564934454740108,25,10,20
35,2894,0.8782821813629252,2.1950606108474837e-05,0.1189387652859571,0.0027571027450086767,25,10,20
35,2895,0.8823219369808788,2.195227280021793e-05,0.11500290530943807,0.0026532054368825398,25,10,20
35,2896,0.8817988057047118,2.1957602846760935e-05,0.11552471653184261,0.0026545201605983454,25,10,20
35,2897,0.8984662748508344,1.35839023876498e-05,0.09888473466897171,0.0026354065778057285,25,10,20
35,2898,0.8979266735440956,6.529616883873044e-06,0.09943138273418181,0.0026354141048382422,25,10,20
35,2899,0.9175969665837836,6.529080061593711e-06,0.07976240969826442,0.002634094637890315,25,10,20
35,2900,0.917130732327086,6.52908642912422e-06,0.08022864146589648,0.002634097120588382,25,10,20
35,2901,0.9169155847529731,6.529154924767626e-06,0.0804438170986744,0.0026340689934275384,25,10,20
35,2902,0.9169042471059267,6.528802552017811e-06,0.08045694772371977,0.00263227636780103,25,10,20
35,2903,0.916806183043938,6.5289838250177985e-06,0.08055386185750471,0.0026334261147316967,25,10,20
35,2904,0.9064640281785492,6.542732139642178e-06,0.09089414479932952,0.0026352842899813344,25,10,20
35,2905,0.9065458748456722,6.531750708746328e-06,0.0908123473401631,0.0026352460634556634,25,10,20
35,2906,0.9065424558806738,6.532072269258773e-06,0.09081572705339779,0.002635284993658898,25,10,20
35,2907,0.9120568336423304,6.324378246250136e-06,0.08535572949611053,0.0025811124833124703,25,10,20
35,2908,0.922666443275928,6.003541284591228e-06,0.07474650151619092,0.002581051666596462,25,10,20
35,2909,0.9252942146430692,5.024308356503163e-06,0.07212442740689569,0.0025763336416787103,25,10,20
35,2910,0.9259222060099261,5.012093424043374e-06,0.07149838455138485,0.00257439734526496,25,10,20
35,2911,0.9221580224796294,5.146192891012976e-06,0.07526240035106548,0.0025744309764139496,25,10,20
35,2912,0.9224042977809088,5.146096600620669e-06,0.07501620646622156,0.0025743496562687647,25,10,20
35,2913,0.922349601022236,5.141953233635096e-06,0.07507088562067497,0.0025743714038551258,25,10,20
35,2914,0.9209737431110873,5.1563665189751655e-06,0.07644656756929788,0.0025745329530958306,25,10,20
35,2915,0.9223879619476572,5.141586708541949e-06,0.07503253189164488,0.0025743645739893938,25,10,20
35,2916,0.8910555972604665,8.258679669669679e-05,0.1062809935973911,0.0025808223454443883,25,10,20
35,2917,0.8903484088089472,8.258306353416379e-05,0.1069881757323595,0.0025808323951577155,25,10,20
35,2918,0.894487450981591,8.258273702278149e-05,0.10291889942853835,0.0025110668528465618,25,10,20
35,2919,0.894977839775308,8.258178116009108e-05,0.10242865586505592,0.0025109225784749178,25,10,20
35,2920,0.9001034319222707,8.258160315775207e-05,0.09730308297483595,0.002510903499734772,25,10,20
35,2921,0.9159636644804126,7.763796395522814e-05,0.08146638317302923,0.0024923143826025406,25,10,20
35,2922,0.9202588834191836,7.767475150874268e-05,0.077171131004472,0.0024923108248351717,25,10,20
35,2923,0.924093968030588,7.767507982879255e-05,0.0733361080215472,0.002492248868035563,25,10,20
35,2924,0.9233370421962668,7.778925646511291e-05,0.07406480147615821,0.0025203670711095934,25,10,20
35,2925,0.9229761433882915,7.778969460753224e-05,0.07442562878849532,0.0025204381286053814,25,10,20
35,2926,0.9230354057690744,7.778983839371486e-05,0.07436632635032656,0.0025204780422051604,25,10,20
35,2927,0.9334188553285255,7.779161112543705e-05,0.06398362702281388,0.002519726037534975,25,10,20
35,2928,0.9202733165217406,8.459087690691076e-05,0.07708962432930645,0.0025524682720458754,25,10,20
35,2929,0.9144137823833077,8.487695771733677e-05,0.08294672021734917,0.002554620441625322,25,10,20
35,2930,0.9137133472522108,8.489619981475865e-05,0.08364704692306305,0.0025547096249110123,25,10,20
35,2931,0.9144320941282617,8.487673952458593e-05,0.08292844150295296,0.002554587629260408,25,10,20
35,2932,0.9144390514427614,8.487673110411826e-05,0.08292148674338912,0.0025545850827447623,25,10,20
35,2933,0.935479350082395,7.427278746759932e-06,0.06196511886544676,0.002548103773411111,25,10,20
35,2934,0.9336886410812758,7.428327709711807e-06,0.06374739672721179,0.0025565338638024286,25,10,20
35,2935,0.9329261077521767,7.385235803283678e-06,0.06450591732733739,0.002560589684682545,25,10,20
35,2936,0.9319962575785165,7.3945846481157205e-06,0.0654308592935572,0.002565488543278187,25,10,20
35,2937,0.9081584006633971,5.961391128520627e-07,0.08930185931667235,0.002539143880817515,25,10,20
35,2938,0.9083323840387972,5.960241432751191e-07,0.08912790984415261,0.002539110092906926,25,10,20
35,2939,0.9042389724620977,6.817490122690348e-07,0.09320699793591268,0.0025533478529775992,25,10,20
35,2940,0.9051104266674552,5.681926353149051e-07,0.09236379843170321,0.0025252067082065293,25,10,20
35,2941,0.9071670241944578,2.9170689024934665e-07,0.090272201255584,0.002560482843068195,25,10,20
35,2942,0.9037122869063904,5.058798335176079e-07,0.09034313681420503,0.005944070399571107,25,10,20
35,2943,0.9039795441785143,5.058797183916385e-07,0.09007587955187267,0.005944070389894457,25,10,20
35,2944,0.9146662913946731,5.009391255432438e-07,0.08186991108707023,0.003463296579131374,25,10,20
35,2945,0.9093917991760313,5.24478584885147e-07,0.08714126569592594,0.0034664106494584966,25,10,20
35,2946,0.9096062144738795,5.089465910332737e-07,0.08692795283581344,0.0034653237437166236,25,10,20
35,2947,0.9127238770683767,3.844598831124498e-07,0.08380806054703338,0.003467677924707148,25,10,20
35,2948,0.9120568210120942,3.8744311548497756e-07,0.08447434972657586,0.003468441818214636,25,10,20
35,2949,0.9120988714427355,3.8754836101660855e-07,0.08443231760480938,0.003468423404094545,25,10,20
35,2950,0.9113853483986122,3.8746767866258407e-07,0.08514583931438104,0.00346842481932853,25,10,20
35,2951,0.9079343924805506,6.511241104144114e-07,0.08852577467471436,0.0035391817206250125,25,10,20
35,2952,0.9212033844058002,1.2138612630384239e-05,0.0751980415859902,0.003586435395578818,25,10,20
35,2953,0.9211141755108201,1.2139013665113676e-05,0.07528715642537154,0.0035865290501430423,25,10,20
35,2954,0.9214990926328969,1.2139159634532434e-05,0.0749021624068194,0.0035866058006492245,25,10,20
35,2955,0.893433473718722,1.3218305017432415e-05,0.10267038133068386,0.003882926645577132,25,10,20
35,2956,0.8825492282487635,1.3218255563206352e-05,0.1135000153133541,0.003937538182319888,25,10,20
35,2957,0.8823566368586735,1.3218108570995892e-05,0.11369259275029917,0.003937552282457022,25,10,20
35,2958,0.9139662883328321,1.2053563998261943e-05,0.08240309771552218,0.0036185603876480598,25,10,20
35,2959,0.9081748736311235,1.2048238907471848e-05,0.08819457944472271,0.0036184986852469,25,10,20
35,2960,0.9071958447939517,1.2048603725648035e-05,0.08916850594204194,0.0036236006602811325,25,10,20
35,2961,0.9064665729950927,1.2056023532474295e-05,0.08989677161806588,0.0036245993633093527,25,10,20
35,2962,0.90663749408835,1.2055653793265239e-05,0.08972590929841036,0.003624540959446887,25,10,20
35,2963,0.9065113805011493,1.2055748937710631e-05,0.08985199734936858,0.0036245664005448695,25,10,20
35,2964,0.909398160176321,1.223772791297085e-05,0.08696809874784715,0.003621503347919362,25,10,20
35,2965,0.9100629010151994,1.2240361310765884e-05,0.08630409258406316,0.003620766039427015,25,10,20
35,2966,0.9066017107267936,1.2455398207414575e-05,0.0898014225106014,0.0035844113643977303,25,10,20
35,2967,0.9070068311029393,1.2449980487407747e-05,0.08939762200368766,0.00358309691288592,25,10,20
35,2968,0.9179669928075539,1.2449873696004645e-05,0.07849311433031718,0.003527442988433063,25,10,20
35,2969,0.9253787393804671,1.2225260779832906e-05,0.07108266169593572,0.0035263736628173403,25,10,20
35,2970,0.9194890365271096,5.9472819131205013e-05,0.07692507669979219,0.0035264139539672233,25,10,20
35,2971,0.918302218120009,5.947395927734267e-05,0.07811154475227096,0.0035267631684428634,25,10,20
35,2972,0.9183869887532592,5.946832999624885e-05,0.0780268055923677,0.0035267373243771574,25,10,20
35,2973,0.9206363784861361,5.947028394644454e-05,0.07577657426917331,0.003527576960744625,25,10,20
35,2974,0.91479612140497,5.947917593346713e-05,0.08161680081443329,0.003527598604663885,25,10,20
35,2975,0.9208277859157463,5.947918588609235e-05,0.0755851332287973,0.0035276016695704408,25,10,20
35,2976,0.9211441353913308,5.947595495457325e-05,0.07526962777905316,0.003526760874661696,25,10,20
35,2977,0.9213555076697533,5.948938443446476e-05,0.07506246262362254,0.0035225403221899446,25,10,20
35,2978,0.9176676033941652,5.955097080495362e-05,0.07875029254260812,0.0035225530924219554,25,10,20
35,2979,0.9427835338706135,4.806301728849684e-05,0.05369955909954622,0.003468844012552002,25,10,20
35,2980,0.9435932295952469,4.805520895055366e-05,0.052890961444185175,0.003467753751617521,25,10,20
35,2981,0.944055317134151,4.805486356415861e-05,0.05242887729234162,0.003467750709943106,25,10,20
35,2982,0.9282079789778476,4.8069150568775035e-05,0.06827614696333548,0.0034678049082478685,25,10,20
35,2983,0.9283952535842007,4.806915808473802e-05,0.06808898209400006,0.003467695163714162,25,10,20
35,2984,0.927497667726401,4.806874482059827e-05,0.06898656538967168,0.0034676981391066346,25,10,20
35,2985,0.92685991661426,4.8254668911763574e-05,0.06962402152011866,0.0034678071967094194,25,10,20
35,2986,0.9304623298984132,4.8198350858795144e-05,0.06602165379365058,0.003467817957077215,25,10,20
35,2987,0.942265557523174,4.818862593784195e-05,0.05421853243332851,0.003467721417559559,25,10,20
35,2988,0.9401574732603473,4.8279764505591974e-05,0.05632649831993972,0.0034677486552073173,25,10,20
35,2989,0.9365455378835267,4.827472224579593e-05,0.05993837627788728,0.003467811116340036,25,10,20
35,2990,0.9367142275775828,4.82747662780284e-05,0.05976958077142365,0.003467916884715507,25,10,20
35,2991,0.9261199524066105,4.828860836699066e-05,0.07036378418038094,0.0034679748046415027,25,10,20
35,2992,0.9117511572002863,4.8282036382074724e-05,0.08473248210995882,0.003468078653372488,25,10,20
35,2993,0.9107489223272032,4.808520616341647e-05,0.08566426081782376,0.0035387316488094084,25,10,20
35,2994,0.904771580804808,4.8190964534390194e-05,0.09159902329754514,0.0035812049331122027,25,10,20
35,2995,0.9078911950725765,4.819111002682081e-05,0.08847940379886639,0.0035812100185301783,25,10,20
35,2996,0.9012042748451573,4.819520943764237e-05,0.09513537868177595,0.0036121512636288424,25,10,20
35,2997,0.9105216888989986,4.7977047621613485e-05,0.0892018053902102,0.00022852866316944693,25,10,20
35,2998,0.9025897159660383,5.743612280202458e-05,0.09707636801173791,0.00027647989942162365,25,10,20
35,2999,0.9032350984567797,5.742656000158223e-05,0.09643337119574198,0.0002741037874763538,25,10,20
35,3000,0.9029809209839901,5.742664706831023e-05,0.0966863812875695,0.00027527108137185045,25,10,20
35,3001,0.900828963253479,5.74317152225039e-05,0.09883830386800095,0.00027530116329722333,25,10,20
35,3002,0.8740758713977074,5.9253679983233434e-05,0.12557186997580727,0.0002930049465017089,25,10,20
35,3003,0.8446968748781366,5.92532860713817e-05,0.15495062236419188,0.00029324947160044054,25,10,20
35,3004,0.8374672088001612,5.929810500325899e-05,0.14908701142578917,0.013386481669046615,25,10,20
35,3005,0.8521404505632475,5.933699011113046e-05,0.13441363216583496,0.01338658028080655,25,10,20
35,3006,0.853245904344843,5.9354367512614235e-05,0.13330844167133626,0.01338629961630859,25,10,20
35,3007,0.8550954932403566,5.936068432034335e-05,0.131458825883911,0.013386320191412438,25,10,20
35,3008,0.8567151725899756,5.935988805495015e-05,0.12984321360998569,0.013382253911983872,25,10,20
35,3009,0.8581401058392768,5.9320612038102255e-05,0.12841841474699123,0.013382158801694107,25,10,20
35,3010,0.8581588398907181,5.932024745365462e-05,0.12839968413659972,0.013382155725229036,25,10,20
35,3011,0.8640218369446464,5.9311349170146534e-05,0.12253671837735379,0.013382133328830138,25,10,20
35,3012,0.8640417220071269,5.931101447974863e-05,0.12251683855108832,0.013382128427305342,25,10,20
35,3013,0.8988533278829693,5.9285074775981765e-05,0.1007892134726841,0.0002981735695703015,25,10,20
35,3014,0.9033472590284702,1.2038293692665977e-05,0.09634025480067221,0.00030044787716446483,25,10,20
35,3015,0.9026265050669282,1.205189425356281e-05,0.0970602577797961,0.0003011852590218229,25,10,20
35,3016,0.9025657615594753,1.2051894388908875e-05,0.09712100129532342,0.00030118525081207,25,10,20
35,3017,0.9315322713939441,1.0138712555918317e-05,0.06817415903536138,0.0002834308581386308,25,10,20
35,3018,0.9312119328683722,1.0138889683031672e-05,0.06849358575409627,0.00028434248784837317,25,10,20
35,3019,0.9349319998033385,1.0409324498511583e-05,0.06484402720440757,0.00021356366775513908,25,10,20
35,3020,0.9389519697011416,1.040454241192136e-05,0.060824061420977175,0.0002135643354688736,25,10,20
35,3021,0.9383232307782652,1.068647685344775e-05,0.06145247185878402,0.0002136108860969986,25,10,20
35,3022,0.9373097080897423,1.0687058241567183e-05,0.062465924511434984,0.0002136803405808494,25,10,20
35,3023,0.9378536356906879,1.0686996586780621e-05,0.061922041530836004,0.00021363578188884972,25,10,20
35,3024,0.9447238990145546,1.4126786443543677e-06,0.05510718796161382,0.0001675003451871189,25,10,20
35,3025,0.944805795138023,1.4131853486546149e-06,0.055024336013657874,0.0001684556629704582,25,10,20
35,3026,0.928050993541828,1.1536334191012565e-06,0.07177662797539876,0.00017122484935380806,25,10,20
35,3027,0.933351519473758,1.0484173387152964e-06,0.06651863055688169,0.0001288015520213328,25,10,20
35,3028,0.9336539083738786,1.0486144448561107e-06,0.06621702871534703,0.0001280142963292645,25,10,20
35,3029,0.9240782591271234,7.747179145038476e-07,0.07241953781102381,0.003501428343938049,25,10,20
35,3030,0.9184326811798929,5.983313632380571e-07,0.07806599448981721,0.0035007259989264456,25,10,20
35,3031,0.9339289617771276,5.858578164151274e-07,0.06257477821078028,0.0034956741542754165,25,10,20
35,3032,0.9335690189689393,5.900629323317951e-07,0.06293416837128678,0.003496222596841457,25,10,20
35,3033,0.9400461305231729,5.817392006781945e-07,0.05645815247475996,0.003495135262866421,25,10,20
35,3034,0.9395801427116076,6.044338274451685e-07,0.05691213609523185,0.003507116759332793,25,10,20
35,3035,0.9397173064121428,6.045026557736795e-07,0.05677497570584869,0.0035071133793525026,25,10,20
35,3036,0.9398700066452359,6.078031689215829e-07,0.056622280861603966,0.003507104689990916,25,10,20
35,3037,0.9393430434186699,6.19520013493942e-07,0.057148113517710805,0.003508223543605814,25,10,20
35,3038,0.9381514298781829,6.196532588545967e-07,0.05832994477772857,0.003518005690829609,25,10,20
35,3039,0.9382800552124199,6.298281038833743e-07,0.058202201356135144,0.003517113603341129,25,10,20
35,3040,0.938594930229985,6.295612176336673e-07,0.05788737427633398,0.0035170659324635202,25,10,20
35,3041,0.9380729103947653,6.396216129990733e-07,0.05840933623898605,0.0035171137446355894,25,10,20
35,3042,0.9353744026354549,6.255326416946709e-07,0.0611070758721247,0.0035178959597784608,25,10,20
35,3043,0.9358543296933983,6.251121784755436e-07,0.0606271727746809,0.0035178724197421655,25,10,20
35,3044,0.9358675511442119,6.221654832553408e-07,0.06061387375617725,0.0035179529341274373,25,10,20
35,3045,0.9069345855804872,9.14263981603445e-05,0.08945635432469662,0.0035176336966556737,25,10,20
35,3046,0.90762923546223,9.142572732110298e-05,0.08876402988814838,0.003515308922300344,25,10,20
35,3047,0.8699373567035938,9.300452529164733e-05,0.1264543240659109,0.0035153147052037065,25,10,20
35,3048,0.8697230006061609,9.300467644150559e-05,0.12666777807515725,0.003516216642240303,25,10,20
35,3049,0.8697242883937087,9.300502185098103e-05,0.1266664875495136,0.003516219034926673,25,10,20
35,3050,0.8797331406921045,9.299727086833772e-05,0.12003107901019897,0.00014278302682811338,25,10,20
35,3051,0.8793699599190787,9.33996570057688e-05,0.12039371428020779,0.00014292614370742634,25,10,20
35,3052,0.8776835897536293,9.345968364219108e-05,0.12207946615966542,0.00014348440306285163,25,10,20
35,3053,0.8752140128276575,9.345759152219652e-05,0.1245104092766366,0.0001821203041836252,25,10,20
35,3054,0.8712385822799953,9.345741294036902e-05,0.12848706855078743,0.00018089175627683204,25,10,20
35,3055,0.875329287218233,9.319383211192295e-05,0.1244673841859737,0.0001101347636816005,25,10,20
35,3056,0.8766082077639368,9.424814635078331e-05,0.12319684117015055,0.00010070291956222405,25,10,20
35,3057,0.8768154418904627,9.424790679704314e-05,0.12299050947379861,9.980072894191051e-05,25,10,20
35,3058,0.8446011774421516,9.543205155359903e-05,0.1551982429714223,0.00010514753487278357,25,10,20
35,3059,0.8510237645690799,9.542136742986333e-05,0.14877573303167094,0.00010508103181901448,25,10,20
35,3060,0.8464215928505143,9.541136368600447e-05,0.15337704184252346,0.00010595394327539037,25,10,20
35,3061,0.838012079967206,0.00010367235644078743,0.16173891912226895,0.00014532855408399078,25,10,20
35,3062,0.8378685538118091,0.00010367007321090797,0.1618832697301003,0.00014450638487923444,25,10,20
35,3063,0.836915095931831,0.00010368883855973382,0.16283653243801127,0.00014468279159780608,25,10,20
35,3064,0.8413250473110024,0.00010368550634232506,0.1584266200295014,0.0001446471531535829,25,10,20
35,3065,0.8410909942557155,0.00010368358798664274,0.15866059685013045,0.00014472530616723873,25,10,20
35,3066,0.8431151105807324,0.00010400720641505624,0.15666601364612634,0.00011486856672600888,25,10,20
35,3067,0.8430956580434554,0.00010400721678227244,0.1566854657051638,0.00011486903459818773,25,10,20
35,3068,0.8436165344830034,0.00010399544885855499,0.1561657313412712,0.00011373872686679034,25,10,20
35,3069,0.8278919678093272,0.00010360508293427217,0.17188767388265858,0.00011675322508009556,25,10,20
35,3070,0.8266604257428706,0.000102052716742549,0.173120769763103,0.00011675177728424335,25,10,20
35,3071,0.8268333393225311,0.00010187194924296918,0.17294812189754197,0.00011666683068417382,25,10,20
35,3072,0.86018108378514,9.961461275866628e-05,0.13960816701430595,0.00011113458779567858,25,10,20
35,3073,0.8832052065146572,8.801062707407064e-06,0.11667541537981395,0.00011057704282154685,25,10,20
35,3074,0.8819270049785957,9.151043279930513e-06,0.11795076357631612,0.00011308040180844312,25,10,20
35,3075,0.8858071848140017,9.15103361401967e-06,0.11407061662956645,0.00011304752281800172,25,10,20
35,3076,0.9164770455828374,9.128116583671002e-06,0.08339987307004622,0.00011395323053278625,25,10,20
35,3077,0.9128159280565814,9.177419225338237e-06,0.08705997130294275,0.00011492322125047948,25,10,20
35,3078,0.9127002738111696,9.177414484449025e-06,0.08717562679543922,0.00011492197890663957,25,10,20
35,3079,0.9122389137172598,9.1761041801923e-06,0.08763695923375348,0.00011495094480634028,25,10,20
35,3080,0.9012998466304611,9.180361903687482e-06,0.09857574122435121,0.00011523178328392742,25,10,20
35,3081,0.8936290710817861,9.186433216199955e-06,0.10624534812989805,0.00011639435509972312,25,10,20
35,3082,0.9040383242857695,9.182887191824891e-06,0.09583134148623351,0.00012115134080496084,25,10,20
35,3083,0.9058187927347788,9.1776347792098e-06,0.09408944334362483,8.25862868167516e-05,25,10,20
35,3084,0.9133156691796028,9.224475855884722e-06,0.08659334959158263,8.175675295837548e-05,25,10,20
35,3085,0.9131835962010116,9.212440769597462e-06,0.08672859470868896,7.85966495294338e-05,25,10,20
35,3086,0.8974994638597366,9.211781015221851e-06,0.10241774808008229,7.357627916647615e-05,25,10,20
35,3087,0.8946303470161903,1.3819480337181728e-05,0.10528291558030099,7.291792317233391e-05,25,10,20
35,3088,0.8951702890062821,1.3820306850936956e-05,0.10474301871611187,7.287197075585904e-05,25,10,20
35,3089,0.8914157990577578,1.3823039624489255e-05,0.10849675189304979,7.362600956876123e-05,25,10,20
35,3090,0.8917518249099464,1.3823426932691434e-05,0.1081609000488608,7.345161426091473e-05,25,10,20
35,3091,0.9085769351081956,1.3828944551161094e-05,0.09133787365960704,7.136228764687211e-05,25,10,20
35,3092,0.9085575690961547,1.3834164910769056e-05,0.09135741074264024,7.118599629499054e-05,25,10,20
35,3093,0.8875835621575244,1.3484650026336795e-05,0.11233426857056267,6.868462188692578e-05,25,10,20
35,3094,0.8814188483361083,1.3638467036703055e-05,0.11849741458625408,7.009861060066632e-05,25,10,20
35,3095,0.8717048748288547,1.3644866586582184e-05,0.12820946508194844,7.201522261043328e-05,25,10,20
35,3096,0.8709726102164005,1.3644881349748852e-05,0.12894185408802686,7.18908142226841e-05,25,10,20
35,3097,0.8675221615611651,1.364967913944885e-05,0.13233544160948388,0.00012874715021106987,25,10,20
35,3098,0.8676108505800043,1.36286189149352e-05,0.13224742618647403,0.0001280946146063072,25,10,20
35,3099,0.8669083759210089,1.3604967754479997e-05,0.1329401186573203,0.00013790045391600287,25,10,20
35,3100,0.8705204387855878,1.3604361236880598e-05,0.12938372147839153,8.223537478354085e-05,25,10,20
35,3101,0.8727936241179112,1.3890542079408756e-05,0.1271076163926632,8.486894734607198e-05,25,10,20
35,3102,0.8764947059658185,1.3888042507646085e-05,0.12340724709103158,8.415890064211173e-05,25,10,20
35,3103,0.8765440009596921,1.3887261338176983e-05,0.12335800319173951,8.410858723003225e-05,25,10,20
35,3104,0.8496640774796792,1.392109916489945e-05,0.1502470839891931,7.491743196268879e-05,25,10,20
35,3105,0.8487051803365917,1.3937825301973103e-05,0.15120146563069073,7.941620741575315e-05,25,10,20
35,3106,0.8485335237878014,1.394890292383129e-05,0.15137365408065587,7.887322861914826e-05,25,10,20
35,3107,0.876633219981211,1.3934420079337027e-05,0.12327451783856823,7.832776014165933e-05,25,10,20
35,3108,0.8772202051515321,1.391493033746368e-05,0.12268764263791851,7.823728021233987e-05,25,10,20
35,3109,0.8774961808342329,1.3909723117314805e-05,0.12241175017289407,7.815926975598251e-05,25,10,20
35,3110,0.8734884491084989,1.3998035187385851e-05,0.12641818472044036,7.936813587317692e-05,25,10,20
35,3111,0.8737991139205674,1.3997570181262095e-05,0.12610752051719193,7.936799205938135e-05,25,10,20
35,3112,0.8738955483662246,1.3719192801033519e-05,0.1260138592665056,7.687317446872028e-05,25,10,20
35,3113,0.8701279642064533,8.787538149293512e-06,0.1297295077743611,0.0001337404810365329,25,10,20
35,3114,0.8697616739316885,8.790588043792732e-06,0.13009576675397955,0.0001337687262883622,25,10,20
35,3115,0.8613143125286373,8.876308521843567e-06,0.13709038081480798,0.001586430348033007,25,10,20
35,3116,0.8590275211244196,1.1934284756055906e-05,0.13937443762321686,0.0015861069676077319,25,10,20
35,3117,0.8504316618949963,1.1940824852025036e-05,0.1479800630641024,0.0015763342160490343,25,10,20
35,3118,0.8503016627355546,1.194092945429435e-05,0.14810998943509582,0.0015764068998951166,25,10,20
35,3119,0.8560988621338238,1.1811640208687895e-05,0.14231421303803934,0.0015751131879280273,25,10,20
35,3120,0.8207929011366649,1.1723276419352756e-05,0.17762142840882955,0.0015739471780863196,25,10,20
35,3121,0.8214836749297753,1.1672923809686608e-05,0.17693078461880304,0.0015738675276120695,25,10,20
35,3122,0.8317715965816564,1.1665909878820079e-05,0.16664285416161423,0.0015738833468502632,25,10,20
35,3123,0.8226905690186895,1.164572147371871e-05,0.1757234394859759,0.0015743457738608144,25,10,20
35,3124,0.8317021702291589,1.1680485197702127e-05,0.16671237296870864,0.0015737763169345615,25,10,20
35,3125,0.8464512270688767,2.522157781784749e-05,0.15194973600141037,0.0015738153518948892,25,10,20
35,3126,0.8438025584959803,2.5217434217507466e-05,0.1545973798333792,0.001574844236422975,25,10,20
35,3127,0.843971402975193,2.5217430254588037e-05,0.1544271374016311,0.0015762421929214664,25,10,20
35,3128,0.8448785508461456,1.6956758269003456e-05,0.15356757442040136,0.0015369179751843654,25,10,20
35,3129,0.8561493261399561,1.6953028500648756e-05,0.14235409325586565,0.001479627575677835,25,10,20
35,3130,0.8669627988018498,1.694606440158266e-05,0.13154281717558156,0.0014774379581668207,25,10,20
35,3131,0.8436548206644089,1.6947931288128766e-05,0.11771216442950683,0.038616066974795936,25,10,20
35,3132,0.8437273843044604,1.694794304503781e-05,0.11763957621791922,0.038616091534575146,25,10,20
35,3133,0.8442939066084779,1.6908838071263386e-05,0.11707310674836252,0.03861607780508811,25,10,20
35,3134,0.8515715082292507,1.691468670132617e-05,0.10979551539652446,0.03861606168752342,25,10,20
35,3135,0.8411141572018391,1.6921336760364975e-05,0.12024944986927215,0.038619471592128585,25,10,20
35,3136,0.846958248187491,1.3865148237175981e-05,0.11439080395466414,0.03863708270960752,25,10,20
35,3137,0.8160375482255584,1.0082694242507664e-06,0.14532432685027855,0.03863711665473932,25,10,20
35,3138,0.8159897011387883,1.0080936863197559e-06,0.14537219790052702,0.03863709286699883,25,10,20
35,3139,0.8160868514544158,1.0081378695702668e-06,0.1452750489930268,0.038637091414688206,25,10,20
35,3140,0.8162148546813005,1.0081345736121146e-06,0.1451470466351552,0.03863709054897114,25,10,20
35,3141,0.8161692846759186,1.0020566898930137e-06,0.14519263121022039,0.038637082057171555,25,10,20
35,3142,0.8158091125716814,1.0023712703745121e-06,0.14555271354585594,0.038637171511192836,25,10,20
35,3143,0.8162302580472511,9.987860398364808e-07,0.14513160478263865,0.03863713838407066,25,10,20
35,3144,0.8159829189290843,9.969225450134668e-07,0.14298681877554403,0.041029265372827126,25,10,20
35,3145,0.819632585209148,1.1640991665167256e-06,0.13925288954926962,0.04111336114241599,25,10,20
35,3146,0.8287468136438378,1.0687038785773615e-06,0.1315915330008793,0.039660584651404075,25,10,20
35,3147,0.8278132135437326,3.9846590158934557e-07,0.13251816756492554,0.03966822042544046,25,10,20
35,3148,0.8276758015154851,4.0237850319611465e-07,0.1325517383582818,0.03977205774772972,25,10,20
35,3149,0.8043327270953788,4.1582247008810936e-07,0.15600197336178176,0.03966488372036978,25,10,20
35,3150,0.8072806382708535,4.1134627812180804e-07,0.1530540282368999,0.03966492214596878,25,10,20
35,3151,0.7995946482650862,4.1500300069168454e-07,0.16068500994144116,0.03971992679047196,25,10,20
35,3152,0.7994033822896272,4.2058274181439324e-07,0.1608776439709331,0.03971855315669807,25,10,20
35,3153,0.7998760617672768,4.04094566974962e-07,0.1604093849999556,0.03971414913820083,25,10,20
35,3154,0.8048720050548838,2.9486462740992814e-07,0.15541233610578556,0.039715363974703544,25,10,20
35,3155,0.8064011953711169,2.9304580232232416e-07,0.1539011863427413,0.03969732524033984,25,10,20
35,3156,0.8053465104035734,9.067919193581098e-06,0.1550006432486236,0.03964377842860964,25,10,20
35,3157,0.7960486784437031,9.635723025144882e-06,0.1642965522883431,0.039645133544929,25,10,20
35,3158,0.8347166166104577,9.621718266437018e-06,0.12556518459949653,0.039708577071778876,25,10,20
35,3159,0.8345509344655043,9.637066538245285e-06,0.12573085052989524,0.039708577938062026,25,10,20
35,3160,0.8506338511859795,9.917063897450892e-06,0.10964764367684746,0.039708588073275215,25,10,20
35,3161,0.8507996890198924,9.917951453100663e-06,0.10948156349458406,0.03970882953406979,25,10,20
35,3162,0.8508091009581998,9.91774495838554e-06,0.10947220242699869,0.039708778869842636,25,10,20
35,3163,0.8506949787485536,9.918080821490353e-06,0.10958630150382957,0.03970880166679505,25,10,20
35,3164,0.850329632286483,9.916004164989933e-06,0.10995076876131497,0.03970968294803679,25,10,20
35,3165,0.8492982564390897,9.916278860392053e-06,0.11098488549786355,0.03970694178418617,25,10,20
35,3166,0.8492772394985928,9.91530970811849e-06,0.11100614492641397,0.03970670026528475,25,10,20
35,3167,0.8507767275067559,9.91547160689662e-06,0.10950661097698283,0.039706746044653914,25,10,20
35,3168,0.8508944265328526,9.915456043068227e-06,0.10938891589951566,0.03970674211158808,25,10,20
35,3169,0.842499484588645,9.905962855269834e-06,0.1132833221878098,0.044207287260689315,25,10,20
35,3170,0.8266921531196377,1.0073273429624618e-05,0.1264929921081659,0.046804781498766886,25,10,20
35,3171,0.8304975099365435,1.0075551393171998e-05,0.12718721807560107,0.042305196436462446,25,10,20
35,3172,0.8304973281594819,1.007590395420624e-05,0.12718595517238762,0.042306640764176284,25,10,20
35,3173,0.8302119003326542,1.007607292455384e-05,0.1274713381135558,0.04230668548086551,25,10,20
35,3174,0.8174604992627296,1.008964293281412e-05,0.14001108065881954,0.04251833043551866,25,10,20
35,3175,0.8062392849345049,1.751943119701599e-05,0.15122484581530482,0.042518349818993516,25,10,20
35,3176,0.8126475610595059,1.7345610253188637e-05,0.14490280394332933,0.04243228938691173,25,10,20
35,3177,0.8278381938856093,2.3979227537912823e-05,0.12793591030625498,0.04420191658059735,25,10,20
35,3178,0.8282135599044258,2.39740295241953e-05,0.12756191322148813,0.04420055284456146,25,10,20
35,3179,0.839339339845321,1.6264189309756204e-05,0.11644388980054332,0.0442005061648251,25,10,20
35,3180,0.8418351380124637,2.2678583260796393e-05,0.1141528309950189,0.04398935240925606,25,10,20
35,3181,0.8472751812216677,2.2252349371241237e-05,0.10871324336822835,0.04398932306073203,25,10,20
35,3182,0.8462763795723665,2.225235613395635e-05,0.10971194936209189,0.043989418709407195,25,10,20
35,3183,0.8472477748352726,2.225235309696678e-05,0.108740459541485,0.04398951327014475,25,10,20
35,3184,0.8474827866799426,2.225244028036417e-05,0.10850544526637652,0.04398951561339974,25,10,20
35,3185,0.8638136731991015,2.2081618711347076e-05,0.09477313126503892,0.041391113917147865,25,10,20
35,3186,0.8638240702266046,2.2082286834871e-05,0.09476270819590925,0.041391139290651024,25,10,20
35,3187,0.8676680691906022,2.1940709156783633e-05,0.09092013107018163,0.04138985903005905,25,10,20
35,3188,0.8677616712902718,2.1940735272437296e-05,0.0908265980313896,0.04138978994306591,25,10,20
35,3189,0.8679943470440662,2.194073656643151e-05,0.09059401662540893,0.04138969559395836,25,10,20
35,3190,0.8685202467514551,2.194036685574203e-05,0.09006821458887412,0.04138959829281491,25,10,20
35,3191,0.8670901875496878,2.204096909527633e-05,0.09149814364841585,0.04138962783280127,25,10,20
35,3192,0.8785881136638836,1.326270926798615e-05,0.08001049280603517,0.041388130820813426,25,10,20
35,3193,0.8824176334215187,1.3254973305690867e-05,0.07617690410051504,0.04139220750466078,25,10,20
35,3194,0.8824080204755895,1.3255770815929757e-05,0.07608366419811888,0.0414950595554759,25,10,20
35,3195,0.8640255575761441,1.3285053576810183e-05,0.09418156802158556,0.04177958934869358,25,10,20
35,3196,0.8649088564609474,1.3237887889034675e-05,0.09330866545775748,0.04176924019340606,25,10,20
35,3197,0.8589494539464159,1.3242457303680597e-05,0.09926685235955907,0.0417704512367214,25,10,20
35,3198,0.8649218763078043,1.3237883802654251e-05,0.0932956929511856,0.041769192857207385,25,10,20
35,3199,0.8663439238320069,1.3238525813785265e-05,0.09604179839584975,0.03760103924632954,25,10,20
35,3200,0.8669196712992647,1.3238352688460494e-05,0.095537180351079,0.03752990999696763,25,10,20
35,3201,0.8631436874013676,1.3484165332886066e-05,0.09927973942072849,0.03756308901257103,25,10,20
35,3202,0.8625464871502522,1.3762674152885574e-05,0.09987498136966477,0.037564768805929856,25,10,20
35,3203,0.8625046614583308,1.376284144806069e-05,0.09991672950290821,0.037564846197312894,25,10,20
35,3204,0.8242034613878798,1.3762879212403579e-05,0.1382179253796223,0.03756485035328502,25,10,20
35,3205,0.8079418717598316,1.3762960204379837e-05,0.15447958560012012,0.037564779679843195,25,10,20
35,3206,0.8079797802475903,1.3762704937016687e-05,0.1544417765752263,0.03756468047224544,25,10,20
35,3207,0.8065596271892125,1.3762050002266502e-05,0.15169777237306947,0.04172883838771514,25,10,20
35,3208,0.8170802409080022,7.333681808245345e-06,0.14118414319336148,0.04172828221682744,25,10,20
35,3209,0.8175648092221269,7.338079390009793e-06,0.14070199508687148,0.04172585761161092,25,10,20
35,3210,0.8446488669083075,7.353625579634002e-06,0.14195786017188228,0.013385919294230308,25,10,20
35,3211,0.8273990396177524,7.372347022027037e-06,0.15920761900305577,0.013385969032169381,25,10,20
35,3212,0.8278365615312819,7.372783083900388e-06,0.15877009547765497,0.013385970207978796,25,10,20
35,3213,0.8277314644177258,7.372695937277904e-06,0.15887519425801677,0.013385968628319705,25,10,20
35,3214,0.8274734852267138,7.824921143192327e-06,0.15904824732882183,0.013470442523320499,25,10,20
35,3215,0.8401037230054689,7.808665953919565e-06,0.15770770003621523,0.002180768292361415,25,10,20
35,3216,0.839782149574001,7.80872638922089e-06,0.15802791539716762,0.0021821263024416754,25,10,20
35,3217,0.833261953824439,7.907323127177626e-06,0.162957252804003,0.0037728860484305,25,10,20
35,3218,0.832749873850135,7.926387947574017e-06,0.1634691309574261,0.0037730688044908776,25,10,20
35,3219,0.800945055607925,7.755449162256731e-06,0.19529380500129367,0.00375338394161843,25,10,20
35,3220,0.8010777629104865,7.755359317824151e-06,0.19516109908407211,0.0037533826461230812,25,10,20
35,3221,0.8010639208307896,7.755459601021259e-06,0.1951749131564723,0.0037534105531366524,25,10,20
35,3222,0.8011711095860948,7.755532406096938e-06,0.19506774914480007,0.0037533857366988032,25,10,20
35,3223,0.8174416877497935,7.755417048143508e-06,0.17879727094971667,0.003753285883441324,25,10,20
35,3224,0.8125675553383818,7.841337504321652e-06,0.18239219707572293,0.00503240624839057,25,10,20
35,3225,0.819514710623053,7.975322599065693e-06,0.173249443503578,0.007227870550769897,25,10,20
35,3226,0.8188052188279041,7.988343126940166e-06,0.17395887652890163,0.0072279163000673165,25,10,20
35,3227,0.8134994274653615,7.990427450739514e-06,0.17923070773085353,0.007261874376334304,25,10,20
35,3228,0.8131139878010828,7.991376819672433e-06,0.1796161377404955,0.007261883081602127,25,10,20
35,3229,0.8133120852756758,7.986623625971953e-06,0.17941932785976053,0.007260600240937731,25,10,20
35,3230,0.8305178610500712,7.96885555290303e-06,0.16221361497282127,0.007260555121555148,25,10,20
35,3231,0.8306066288724552,7.969368232149834e-06,0.16212484204372107,0.007260559715592168,25,10,20
35,3232,0.8299752529489283,7.978896892896197e-06,0.16259909971255293,0.007417668441626443,25,10,20
35,3233,0.8223897625385974,8.147585200180987e-06,0.17018445141756583,0.0074176384586372626,25,10,20
35,3234,0.7895251918125403,6.347399132211732e-05,0.18823228537310174,0.022179048823035855,25,10,20
35,3235,0.7813406283051677,6.348615842058676e-05,0.1937663799218468,0.02482950561456513,25,10,20
35,3236,0.7810810214879633,6.349275392590384e-05,0.19402539175823488,0.024830093999875923,25,10,20
35,3237,0.7832883589182141,6.355205663723045e-05,0.19179529730943057,0.024852791715718442,25,10,20
35,3238,0.7912480909781988,6.338320858451674e-05,0.1838357609407804,0.024852764872436577,25,10,20
35,3239,0.7911442597223826,6.338309107309554e-05,0.18393962474451914,0.024852732442025686,25,10,20
35,3240,0.7908996479236572,6.338310353123349e-05,0.18418421284799893,0.024852756124812744,25,10,20
35,3241,0.799058688382361,6.33706391809583e-05,0.1786755646843309,0.02220237629412741,25,10,20
35,3242,0.7989141960407256,6.337055920274155e-05,0.1788200546222939,0.022202378777778163,25,10,20
35,3243,0.8043456311504044,6.321521482194032e-05,0.1758687192680657,0.019722434366708296,25,10,20
35,3244,0.8082484139984417,6.312931168432219e-05,0.17323974655055013,0.018448710139324004,25,10,20
35,3245,0.8268396312340073,5.6490109607970306e-05,0.15642482186111242,0.016679056795272474,25,10,20
35,3246,0.827072135674628,5.649045739391225e-05,0.15619227281858813,0.01667910104939001,25,10,20
35,3247,0.8212805690223477,5.6655223066955795e-05,0.16193976574395844,0.01672301001062696,25,10,20
35,3248,0.8212692698475511,5.665540422574443e-05,0.16195103911001144,0.016723035638211883,25,10,20
35,3249,0.821269308913287,5.663685510664058e-05,0.16195119409316885,0.016722860138437632,25,10,20
35,3250,0.8209199494124352,5.6619335520339005e-05,0.16230065793385404,0.01672277331819059,25,10,20
35,3251,0.8209256564899385,5.661915238790349e-05,0.16229480605608645,0.01672291830158726,25,10,20
35,3252,0.8539129624763429,5.671131509456862e-05,0.129306522439849,0.016723803768713696,25,10,20
35,3253,0.8574829055650806,5.665146675179025e-05,0.12579338132059864,0.016667061647568992,25,10,20
35,3254,0.8560821214051194,5.665129780564573e-05,0.12718389194007546,0.01667733535699967,25,10,20
35,3255,0.8556424050857043,5.665097351397001e-05,0.12762360933907496,0.01667733460170673,25,10,20
35,3256,0.8543266598496302,5.66522342359684e-05,0.1289346404693512,0.016682047446782672,25,10,20
35,3257,0.8544597582056984,5.66518144327902e-05,0.1288016189177262,0.016681971062142777,25,10,20
35,3258,0.8548307445607645,5.6651542868694954e-05,0.12843068069469385,0.016681923201673065,25,10,20
35,3259,0.8523138829582948,5.665366543514327e-05,0.13068901015506326,0.016940453221206925,25,10,20
35,3260,0.8537443387200848,5.665361564391778e-05,0.1292689118142664,0.016930095850004837,25,10,20
35,3261,0.8376717073009826,5.6653426304154786e-05,0.14534149238102714,0.01693014689168606,25,10,20
35,3262,0.837666310981454,5.665342508960826e-05,0.14534686384688386,0.01693017174657232,25,10,20
35,3263,0.8376747752817555,5.6653416111168743e-05,0.14533857143632267,0.016929999865810712,25,10,20
35,3264,0.837230663020042,5.665439425006552e-05,0.14578258961628734,0.016930092969420597,25,10,20
35,3265,0.8306102180761425,5.665420988961047e-05,0.15240305322969158,0.016930074484276112,25,10,20
35,3266,0.8310815492288293,5.665353864027345e-05,0.15182308538950498,0.01703871184302537,25,10,20
35,3267,0.8616823251348269,5.6664881418760324e-05,0.12122125581505613,0.01703975416869803,25,10,20
35,3268,0.8632560921876393,5.668253182752673e-05,0.11990599681231222,0.016781228468220753,25,10,20
35,3269,0.8571139030275348,5.668708670638742e-05,0.12604815970277522,0.01678125018298389,25,10,20
35,3270,0.8577983155721722,5.668697733525276e-05,0.12547709244341138,0.016667905007081256,25,10,20
35,3271,0.856056088364213,5.6687019723888424e-05,0.1272192356331867,0.016667988982876553,25,10,20
35,3272,0.8684790387132594,5.9117869007184205e-06,0.12958713231965147,0.0019279171801883516,25,10,20
35,3273,0.879129648670867,1.6948313608204923e-06,0.11896085088150192,0.001907805616270441,25,10,20
35,3274,0.8870734335965431,1.4956439186244416e-06,0.1126080535737363,0.00031701718580188115,25,10,20
35,3275,0.8887220512238437,1.496070449137125e-06,0.11095928282257757,0.00031716988312946096,25,10,20
35,3276,0.873105913743367,1.0582636053622762e-05,0.1265656389894589,0.000317864631119903,25,10,20
35,3277,0.9077476577667346,1.0507049153343096e-05,0.09193749520905832,0.00030433997505297243,25,10,20
35,3278,0.9093555345408827,1.0054632798852356e-05,0.09041951894586654,0.00021489188045107334,25,10,20
35,3279,0.9186645715178048,1.0259831121981812e-05,0.08110998748688138,0.00021518116419159313,25,10,20
35,3280,0.8842509835715766,1.1702364032650716e-05,0.11552069374453286,0.00021662031985732042,25,10,20
35,3281,0.8787095179170465,1.1613326012159828e-05,0.11926382549838531,0.002015043258555398,25,10,20
35,3282,0.8788473578323824,1.1606914207736894e-05,0.1191223814156694,0.0020186538377400596,25,10,20
35,3283,0.8798583455132252,2.698164867536095e-05,0.11809469834042476,0.002019974497674605,25,10,20
35,3284,0.9125608500115545,2.649940495373969e-05,0.08513746989296257,0.002275180690528721,25,10,20
35,3285,0.9130412528165753,2.6486216246005176e-05,0.08465717284750546,0.0022750881196728404,25,10,20
35,3286,0.9129237571192534,2.6486298136653715e-05,0.0847746667970616,0.002275089785547995,25,10,20
35,3287,0.9126893702851993,2.7454354009796407e-05,0.08500792081523117,0.0022752545455594565,25,10,20
35,3288,0.9214756123207895,2.7461735425820848e-05,0.07801984346061026,0.0004770824831739686,25,10,20
35,3289,0.9227393125540108,2.7470237187194086e-05,0.07691313680856021,0.00032008040024114316,25,10,20
35,3290,0.9186149751354834,2.650788731811529e-05,0.08103853449383572,0.0003199824833622999,25,10,20
35,3291,0.9053261765845966,2.6498131059979742e-05,0.09432821757973855,0.0003191077046045218,25,10,20
35,3292,0.9052804143614318,2.6497768769935674e-05,0.09437402738091522,0.00031906048888252173,25,10,20
35,3293,0.9051536919672077,2.652000895845983e-05,0.09450073079117116,0.00031905723266231534,25,10,20
35,3294,0.9043411936379777,2.652099981477807e-05,0.09530898369321117,0.00032330166899623326,25,10,20
35,3295,0.904522015458904,2.6520136096439453e-05,0.09512816645015504,0.0003232979548442971,25,10,20
35,3296,0.9045732840785903,2.6519666253956107e-05,0.09507688358251304,0.0003233126726424529,25,10,20
35,3297,0.9047646536150706,2.650387047097742e-05,0.0948855579150476,0.00032328459941046204,25,10,20
35,3298,0.9033217128012548,2.7490635742121716e-05,0.09632293642672392,0.00032786013627882673,25,10,20
35,3299,0.9028170904776543,2.7490629287727392e-05,0.0968274921315166,0.00032792676154103626,25,10,20
35,3300,0.9085033589205448,2.73249920276943e-05,0.0911867880009528,0.000282528086474332,25,10,20
35,3301,0.8702304836927394,2.678484007924206e-05,0.1294617308870704,0.0002810005801105951,25,10,20
35,3302,0.8478946304790486,2.7163046019875648e-05,0.15179543469084028,0.0002827717840913502,25,10,20
35,3303,0.8487966906839511,2.714338329386079e-05,0.15089339703669988,0.00028276889605517567,25,10,20
35,3304,0.848912324945394,2.714338169941271e-05,0.15077773937008762,0.0002827923028189043,25,10,20
35,3305,0.8489226499748157,2.714337352269038e-05,0.15076743868244993,0.0002827679692116133,25,10,20
35,3306,0.8528013431113075,2.7137436607138736e-05,0.14688793784373141,0.00028358160835403277,25,10,20
35,3307,0.8754493798746119,2.6740398714272537e-05,0.12424218375422294,0.0002816959724502658,25,10,20
35,3308,0.8807065822510631,2.7418455861881664e-05,0.10895876229398974,0.010307236999084873,25,10,20
35,3309,0.8807866119378046,2.7418463826533175e-05,0.10887873086382582,0.010307238734542581,25,10,20
35,3310,0.844486398370853,2.741845480350163e-05,0.14517894610113058,0.01030723707321281,25,10,20
35,3311,0.844084903893105,2.7418001611318535e-05,0.14558067522588541,0.010307002879398213,25,10,20
35,3312,0.8389646782597886,2.7434326911349115e-05,0.15070515471286014,0.010302732700439967,25,10,20
35,3313,0.8765029489591372,2.9779363028710634e-06,0.11319339431239962,0.010300678792160572,25,10,20
35,3314,0.8579976349277932,3.0545179712396953e-06,0.1316779102772696,0.010321400276966167,25,10,20
35,3315,0.8622229306011856,4.942106512480952e-06,0.12744171633928517,0.010330410953016698,25,10,20
35,3316,0.8641744587032791,3.954974155090864e-06,0.1254957517885676,0.010325834533998235,25,10,20
35,3317,0.8666675538192876,4.758225040449503e-06,0.12299398271907905,0.010333705236593216,25,10,20
35,3318,0.9026181236445053,8.372601962908311e-06,0.08703947373746762,0.010334030016064087,25,10,20
35,3319,0.9047783540750537,7.421935571061018e-06,0.08514214325207246,0.010072080737302792,25,10,20
35,3320,0.8847563897447938,5.53934129285342e-06,0.10517497721284233,0.010063093701071507,25,10,20
35,3321,0.9175096944742056,4.861032098032818e-06,0.08244776714456967,3.7677349126597646e-05,25,10,20
35,3322,0.9071083339584881,4.865618491636415e-06,0.09284612605220596,4.067437081500259e-05,25,10,20
35,3323,0.9076490789905943,4.855978224938917e-06,0.09230548291330669,4.058211787464839e-05,25,10,20
35,3324,0.9071972020867978,4.855862440032766e-06,0.09275736130817305,4.058074258979134e-05,25,10,20
35,3325,0.9159887910156433,4.846412655774633e-06,0.08396618965243233,4.0172919269117595e-05,25,10,20
35,3326,0.9048311166049154,4.846149931663971e-06,0.09512398629189475,4.005095325886619e-05,25,10,20
35,3327,0.8893733495063743,4.821576244848452e-06,0.11057607827141185,4.575064596960583e-05,25,10,20
35,3328,0.8893458260462094,4.821951149798881e-06,0.11060359312601316,4.575887662810522e-05,25,10,20
35,3329,0.888652236282616,4.544325830498396e-06,0.11129882388898203,4.439550257215719e-05,25,10,20
35,3330,0.8599473274937747,4.544880178020756e-06,0.13999413544480205,5.399218124595099e-05,25,10,20
35,3331,0.8634491900375856,3.7337274732199096e-06,0.136501003320322,4.6072914619970616e-05,25,10,20
35,3332,0.8612071453467531,3.7390558483057216e-06,0.1367685641229884,0.0020205514744106616,25,10,20
35,3333,0.8620331432070104,3.7381587405173973e-06,0.13594288198945967,0.0020202366447901045,25,10,20
35,3334,0.8647256517764775,3.732833335167742e-06,0.1352248569206011,4.5758469586764647e-05,25,10,20
35,3335,0.853655695002457,1.651853537582185e-05,0.14625211909914196,7.566736302556322e-05,25,10,20
35,3336,0.8536631051670318,1.6518168310238973e-05,0.14624471668442854,7.565998022969524e-05,25,10,20
35,3337,0.8653643026297797,3.733436195366426e-06,0.1345812849903985,5.0678943626726885e-05,25,10,20
35,3338,0.8658370777953831,3.7334543633549564e-06,0.13410859770560857,5.0591044645225915e-05,25,10,20
35,3339,0.858680945174996,4.149800683518801e-06,0.14126446697389747,5.043805042362173e-05,25,10,20
35,3340,0.8587774945972612,4.150239057902384e-06,0.14117209275246861,4.626241121259705e-05,25,10,20
35,3341,0.8584859962805443,4.330012616451073e-06,0.14146347988615074,4.619382068875248e-05,25,10,20
35,3342,0.8586935546646504,4.329203843921032e-06,0.1412559742834479,4.614184805799113e-05,25,10,20
35,3343,0.8531653197149826,4.549244263452895e-06,0.14678391305484717,4.6217985907109846e-05,25,10,20
35,3344,0.8682889245739157,4.587701466611409e-06,0.13166584384488694,4.0643879731024326e-05,25,10,20
35,3345,0.8662929204066377,4.576750756978427e-06,0.13366489547600252,3.7607366603246425e-05,25,10,20
35,3346,0.8661266433833602,4.576954254728524e-06,0.13383112236553527,3.765729684984962e-05,25,10,20
35,3347,0.8656551320937457,4.576949770912478e-06,0.13430263321784655,3.7657738636811615e-05,25,10,20
35,3348,0.8714616916675719,4.3518499777036175e-06,0.12849637702444325,3.7579458007092525e-05,25,10,20
35,3349,0.8715367352856604,4.351844673792579e-06,0.1284213331284936,3.757974117209161e-05,25,10,20
35,3350,0.8715382637644562,4.35541912040103e-06,0.12841975069365005,3.7630122773493544e-05,25,10,20
35,3351,0.8869203095003901,4.462038784870242e-06,0.11303702137706137,3.820708376420794e-05,25,10,20
35,3352,0.8870597806060979,4.46078342205927e-06,0.11289757973197334,3.8178878507248514e-05,25,10,20
35,3353,0.8837013488754722,1.0143816650897776e-05,0.11624984476185697,3.866254602048493e-05,25,10,20
35,3354,0.8681332356352672,1.0162243097646637e-05,0.1318203076234845,3.629449815133236e-05,25,10,20
35,3355,0.8681449506643908,1.016234783830873e-05,0.131807699209136,3.718777863544998e-05,25,10,20
35,3356,0.8670743733440177,1.0202682225373528e-05,0.1328780424021412,3.738157161645885e-05,25,10,20
35,3357,0.8753893324375356,1.0126166678584162e-05,0.12458388160597833,1.6659789808021052e-05,25,10,20
35,3358,0.8754105869200371,1.012876288237308e-05,0.12456264790352202,1.663641355908901e-05,25,10,20
35,3359,0.8758918713255411,1.0128751553276271e-05,0.12408136684670806,1.663307619817421e-05,25,10,20
35,3360,0.8758996168593469,1.0130942652205793e-05,0.12407359716424635,1.6655033755248544e-05,25,10,20
35,3361,0.842363094509437,1.0133153153264303e-05,0.15761011502911018,1.6657308300044328e-05,25,10,20
35,3362,0.843729435130108,4.490324733333492e-06,0.15624990030272617,1.6174242433319094e-05,25,10,20
35,3363,0.8320618032529626,4.516229340635308e-06,0.16791035203356192,2.332848413535197e-05,25,10,20
35,3364,0.8322250788715357,4.339250523728631e-06,0.1677464207636336,2.416111430756618e-05,25,10,20
35,3365,0.8315380484244186,4.338691037588515e-06,0.16844269205476262,1.4920829781436482e-05,25,10,20
35,3366,0.8223214434055447,4.447961239150733e-06,0.1776312228004943,4.2885832722774525e-05,25,10,20
35,3367,0.8224379823777077,8.364382714084398e-07,0.1775185350622782,4.264612174370987e-05,25,10,20
35,3368,0.8209923998751009,8.396134085295777e-07,0.17896408681573012,4.267369576119162e-05,25,10,20
35,3369,0.8203784481535686,8.543762622073149e-07,0.1795753384428544,4.535902731537435e-05,25,10,20
35,3370,0.8203306075350513,8.547370219035418e-07,0.17954445896791416,0.00012407876001377992,25,10,20
35,3371,0.8202361128567308,8.548137674773448e-07,0.17963891610421695,0.00012411622528598094,25,10,20
35,3372,0.8201757633646729,8.527042007407763e-07,0.179699253024953,0.0001241309061746293,25,10,20
35,3373,0.7857712305354414,8.766323600551057e-07,0.21417594305667823,5.194977552137463e-05,25,10,20
35,3374,0.760860834211676,1.1904449780620748e-06,0.23908596484521893,5.2010498127944415e-05,25,10,20
35,3375,0.770320881917948,1.204449343181522e-06,0.22962586632446066,5.2047308249072316e-05,25,10,20
35,3376,0.7599363372504393,1.2121510516698277e-06,0.24001036511907384,5.208547943493583e-05,25,10,20
35,3377,0.760099279372712,1.1153948374885753e-06,0.2398739969812909,2.5608251159382625e-05,25,10,20
35,3378,0.7676463420131996,1.5290803687149665e-05,0.23231107614918908,2.72910339234727e-05,25,10,20
35,3379,0.7871954898074702,1.494089833698096e-05,0.2126998855441778,8.96837500149223e-05,25,10,20
35,3380,0.7878489945634481,1.4925967589702524e-05,0.21204908541555262,8.699405340932659e-05,25,10,20
35,3381,0.7880234405656165,1.4921036973686375e-05,0.211876110968302,8.552742910741214e-05,25,10,20
35,3382,0.766332482457681,7.80363126240663e-07,0.23358306789548913,8.36692837025316e-05,25,10,20
35,3383,0.7766549470515295,7.95566697028189e-07,0.2230578946541083,0.00028636272766400253,25,10,20
35,3384,0.8115764361258667,7.712727365949302e-07,0.18814296975102177,0.0002798228503750042,25,10,20
35,3385,0.8112052349690672,7.697533535677138e-07,0.1885142420945325,0.0002797531830470425,25,10,20
35,3386,0.8111694858546485,7.308752671364505e-07,0.18855020957980428,0.00027957369028016736,25,10,20
35,3387,0.7913453796154056,1.0609982051668325e-06,0.20837241183513341,0.00028114755125646234,25,10,20
35,3388,0.8017275257328649,1.0536231531543383e-06,0.1979903075099999,0.0002811131339821948,25,10,20
35,3389,0.8235476688273571,1.0441637148991155e-06,0.17617021662087884,0.0002810703880487919,25,10,20
35,3390,0.821166412381856,1.0448398212400236e-06,0.1785419503338763,0.0002905924444462104,25,10,20
35,3391,0.822549016419255,1.0408069483592007e-06,0.17722174185885123,0.00022820091494504965,25,10,20
35,3392,0.811969755969088,1.044852644137325e-06,0.18774633553099698,0.0002828636472708138,25,10,20
35,3393,0.8115263419676131,1.1573152135123384e-06,0.18818850925167538,0.0002839914654978025,25,10,20
35,3394,0.8101353369622188,1.1447259822208522e-06,0.18978157297246717,8.194533933059299e-05,25,10,20
35,3395,0.7843907849203771,1.1193718446840295e-06,0.2155330856612489,7.501004652886101e-05,25,10,20
35,3396,0.7720156215522925,1.9318924121477934e-06,0.2279073065288511,7.514002644348705e-05,25,10,20
35,3397,0.7825207211936754,1.9278465845174503e-06,0.21745687282507084,2.047813466843578e-05,25,10,20
35,3398,0.7754530418205675,1.45695431577815e-05,0.22451302103297302,1.936760330091926e-05,25,10,20
35,3399,0.7646489040628123,1.583774792758163e-05,0.2353129298626101,2.232832664928704e-05,25,10,20
35,3400,0.7642602646967646,1.6882286804626098e-05,0.23569296331579775,2.988970063237588e-05,25,10,20
35,3401,0.7712486840528308,4.138546968964429e-06,0.2287160442771893,3.113312301051877e-05,25,10,20
35,3402,0.7648821679718645,3.094946205957413e-06,0.2350900172209774,2.4719860951581347e-05,25,10,20
35,3403,0.7889671923711264,3.0788915886625304e-06,0.2110050486674264,2.4680069857751447e-05,25,10,20
35,3404,0.7889714434319106,3.0841189967981906e-06,0.21100082699155312,2.4645457538993494e-05,25,10,20
35,3405,0.7866477076872727,3.07775168405599e-06,0.21332458517752775,2.462938351506677e-05,25,10,20
35,3406,0.7952250594023828,2.6612771771058795e-06,0.20474837955206465,2.3899768375387218e-05,25,10,20
35,3407,0.7953394985906354,2.6612733371586344e-06,0.2046339398756127,2.390026041475825e-05,25,10,20
35,3408,0.7982072305903501,2.5435606960823666e-06,0.20176690445231554,2.3321396638513936e-05,25,10,20
35,3409,0.7986320092267083,2.533220696481411e-06,0.20134339785341634,2.2059699179004413e-05,25,10,20
35,3410,0.7985150640792255,2.528565846084692e-06,0.20146038004388359,2.202731104483992e-05,25,10,20
35,3411,0.8144034397365183,2.5091696019467065e-06,0.18557458359724147,1.946749663781784e-05,25,10,20
35,3412,0.8144043792273254,2.5127968165283523e-06,0.1855736198851511,1.9488090706574705e-05,25,10,20
35,3413,0.8380587534147764,2.1879342252363283e-06,0.1619206075105167,1.845114048087185e-05,25,10,20
35,3414,0.8381882316060661,2.1906699097559156e-06,0.1617876987527615,2.1878971261921096e-05,25,10,20
35,3415,0.8477897680665807,2.1957335705077145e-06,0.1521704835188453,3.7552681003025634e-05,25,10,20
35,3416,0.8461768703790988,2.1951921889119116e-06,0.15378348541887496,3.7449009836679573e-05,25,10,20
35,3417,0.8699486863943059,0.0002628946664917074,0.12975090548713872,3.751345206341026e-05,25,10,20
35,3418,0.8600803629531645,0.00027233345579375445,0.13956394268339067,8.336090765116171e-05,25,10,20
35,3419,0.8598284410592828,0.0002723336004531017,0.1398167141615747,8.251117868923425e-05,25,10,20
35,3420,0.868768597106083,0.0002723210916713327,0.1308780574855663,8.102431667964755e-05,25,10,20
35,3421,0.8684958664003206,0.00027231739511836506,0.13115078617699438,8.103002756691926e-05,25,10,20
35,3422,0.88095229329743,0.0002715045173245325,0.11869524187788098,8.096030736478847e-05,25,10,20
35,3423,0.880359363322289,0.00027154518909907244,0.1192885972406599,8.049424795206638e-05,25,10,20
35,3424,0.8680770982343026,0.0002804332894780634,0.1315619382599588,8.053021626051881e-05,25,10,20
35,3425,0.8681088502217398,0.00028043327884248915,0.1315301894718966,8.052702752137865e-05,25,10,20
35,3426,0.842609600404005,0.0002804344440116491,0.15702945968467846,8.050546730551272e-05,25,10,20
35,3427,0.8387161660754728,0.0002805150809390516,0.16092137140804785,8.19474355408742e-05,25,10,20
35,3428,0.8387443264905053,0.0002805111897825293,0.16089660992267085,7.855239704161038e-05,25,10,20
35,3429,0.8382650022141612,0.00028052151080922906,0.16137574572524635,7.873054978401631e-05,25,10,20
35,3430,0.8382652257750343,0.00028052150295820795,0.16137552342052008,7.8729301488174e-05,25,10,20
35,3431,0.8421279591053148,0.0002804413213764218,0.15751159934438433,8.000022892477331e-05,25,10,20
35,3432,0.8423958774026502,0.00028044106604255134,0.15724372726325814,7.995426804944585e-05,25,10,20
35,3433,0.8425528320147948,0.0002804408931098239,0.15708540241058752,8.132468150821597e-05,25,10,20
35,3434,0.8362706094962548,0.0002804414418575549,0.16336513840576483,8.381065612362667e-05,25,10,20
35,3435,0.8363669599525485,0.0002804417499144884,0.16327014019603736,8.245810150030914e-05,25,10,20
35,3436,0.8389890761131322,0.0002804456936090763,0.16065046317646398,8.001501679514803e-05,25,10,20
35,3437,0.8422561698496639,0.0002804412042085251,0.1573834168406416,7.997210548634828e-05,25,10,20
35,3438,0.8409964711039112,0.00027170487350624097,0.1586511509309186,8.067309166439408e-05,25,10,20
35,3439,0.8256714434870205,0.00028595401001108413,0.17396082676652191,8.177573644676607e-05,25,10,20
35,3440,0.8539926026966179,0.00028593863016835035,0.1456395886453218,8.1870027891934e-05,25,10,20
35,3441,0.8145101670382706,0.000285995360310248,0.18512454341775775,7.929418366046668e-05,25,10,20
35,3442,0.7787219794642809,0.00028602120943498587,0.21322288191991365,0.007769117406370926,25,10,20
35,3443,0.8177285970207031,0.00028602120059824463,0.1742163796490066,0.00776900212969388,25,10,20
35,3444,0.8434933893389922,0.00028602037638785166,0.14845159117028373,0.007768999114337783,25,10,20
35,3445,0.8524615870434036,0.0002765816661267252,0.13953867263063807,0.007723158659833086,25,10,20
35,3446,0.8522183864226066,0.0002765587175311513,0.13978197307202855,0.0077230817878351544,25,10,20
35,3447,0.8520773013315077,0.0002765589159130946,0.1399216609153775,0.007724478837203275,25,10,20
35,3448,0.851592783775273,0.00028101535433502667,0.14040051577716572,0.00772568509322775,25,10,20
35,3449,0.8517622291105514,0.0002765596323404345,0.1402366829760195,0.007724528281090142,25,10,20
35,3450,0.8738506295801048,0.0002625962083604254,0.11816442646524265,0.00772234774629332,25,10,20
35,3451,0.8659206934992788,0.0002625922896714879,0.12609285655189342,0.007723857659157151,25,10,20
35,3452,0.8668331760846532,0.00026259237788319714,0.12518038126446626,0.007723850272998244,25,10,20
35,3453,0.8641692029657787,0.00026262661464649116,0.1278351576390416,0.007733012780533891,25,10,20
35,3454,0.8643018184432891,0.0002626264567567599,0.12770252724054976,0.007733027859405035,25,10,20
35,3455,0.8638885442444714,0.0002628942006618788,0.1281155094840043,0.007733052070863297,25,10,20
35,3456,0.8657587195988619,2.2039576885631226e-06,0.12650644735100114,0.00773262909244942,25,10,20
35,3457,0.8652284257867777,2.4212106869822277e-06,0.12703646958966996,0.0077326834128663155,25,10,20
35,3458,0.8490474826576003,2.416393114065677e-06,0.14321729215157242,0.007732808797714156,25,10,20
35,3459,0.8431260735645906,2.1578521383953005e-06,0.14913816424642612,0.007733604336845873,25,10,20
35,3460,0.8436685955068135,1.9404178413940307e-06,0.1485959149547084,0.0077335491206376224,25,10,20
35,3461,0.837728008094977,1.9401303498066766e-06,0.15453410315758437,0.007735948617089897,25,10,20
35,3462,0.8291936892353259,2.287390890000411e-06,0.16306806780799155,0.007735955565793749,25,10,20
35,3463,0.8254704464509593,2.4372249931996584e-06,0.1667887664115151,0.007738349912533364,25,10,20
35,3464,0.8293303991323333,2.4280873680014434e-06,0.1629288113465165,0.007738361433783548,25,10,20
35,3465,0.8078153747965855,2.4310653105577247e-06,0.18445427121394636,0.007727922924157761,25,10,20
35,3466,0.8076924445376921,2.4315733485118057e-06,0.18457729228723846,0.007727831601721171,25,10,20
35,3467,0.8467870329760981,2.394535675557387e-06,0.1454827802948074,0.007727792193419399,25,10,20
35,3468,0.861199628393311,1.1455371746828024e-06,0.13078630521997167,0.008012920849543451,25,10,20
35,3469,0.8814198736276191,1.7652758855766985e-06,0.118252232487512,0.00032612860898506124,25,10,20
35,3470,0.8752285423556927,1.6974814014416484e-05,0.12435847397458433,0.0003960088557101684,25,10,20
35,3471,0.8751284326605265,1.6974305786769014e-05,0.12445859066425882,0.000396002369429433,25,10,20
35,3472,0.8820220451448012,1.749904347012194e-06,0.11764870826930746,0.00032749668154599107,25,10,20
35,3473,0.8771625202878053,1.7637380408829699e-06,0.12250824801064226,0.00032746796351288044,25,10,20
35,3474,0.8802066841528152,1.76122447504625e-06,0.11946470950439694,0.00032684511831386465,25,10,20
35,3475,0.8768656233283244,1.9414366621546326e-06,0.1227730735030261,0.00035936173198843025,25,10,20
35,3476,0.8828298353484644,1.935518307279472e-06,0.1168096529910814,0.0003585761421478638,25,10,20
35,3477,0.8742906862590112,1.9218336238678306e-06,0.1253593073641716,0.0003480845431942945,25,10,20
35,3478,0.8744051518055644,1.9219315305337565e-06,0.12524479273623704,0.0003481335266689843,25,10,20
35,3479,0.8745581965070306,1.9218289027625333e-06,0.1250917981917411,0.00034808347232639404,25,10,20
35,3480,0.8746817788908828,1.918552367218933e-06,0.12496810685979476,0.00034819569695611433,25,10,20
35,3481,0.8668760333648489,2.364521885647079e-06,0.1327733594967787,0.00034824261648863414,25,10,20
35,3482,0.8672279678604492,2.0776268747716395e-06,0.13242176116862547,0.0003481933440522017,25,10,20
35,3483,0.8629556634620376,2.0903966433646813e-06,0.1367028915705797,0.0003393545707410904,25,10,20
35,3484,0.8608966737655098,2.105951490524387e-06,0.13851455322961223,0.0005866670533888004,25,10,20
35,3485,0.8606368512905864,2.1142848280081394e-06,0.1387743860767722,0.0005866483478146146,25,10,20
35,3486,0.8602652514541224,2.114186225560049e-06,0.1391473830905145,0.000585251269138928,25,10,20
35,3487,0.8565256832643996,8.084795223696472e-06,0.14288098017642115,0.0005852517639570591,25,10,20
35,3488,0.8570421750147611,8.08469321336441e-06,0.14236448938750312,0.0005852509045238533,25,10,20
35,3489,0.8715831738621346,7.506229011558137e-06,0.12782269119801748,0.0005866287108377558,25,10,20
35,3490,0.8715017086710003,7.511436449422344e-06,0.127904126308536,0.0005866535840155166,25,10,20
35,3491,0.8563684457071743,8.446474827474282e-06,0.14303716936035055,0.0005859384576487571,25,10,20
35,3492,0.8536405510054911,8.44015105800271e-06,0.14600826249555776,0.00034274634789434224,25,10,20
35,3493,0.8531712457474644,8.440162790572804e-06,0.14647747684226992,0.00034283724747627105,25,10,20
35,3494,0.8531763370269552,8.44017069287655e-06,0.14647238512110872,0.00034283768124434124,25,10,20
35,3495,0.8492951384105025,8.450622136892786e-06,0.14724968458979307,0.003446726377568737,25,10,20
35,3496,0.8782142907211231,7.363657098490613e-06,0.11833164139609911,0.00344670422567997,25,10,20
35,3497,0.8776880668909446,7.366138536433713e-06,0.11882434312756412,0.003480223842955522,25,10,20
35,3498,0.8775421284018067,7.366759492815924e-06,0.11897030475992784,0.0034802000787734527,25,10,20
35,3499,0.8810976083082145,1.3961346666611397e-06,0.11542079868277416,0.003480196874345429,25,10,20
35,3500,0.8862042923215039,2.0066744772928636e-06,0.11031587351647923,0.0034778274875403043,25,10,20
35,3501,0.9024654038108484,2.006549913208323e-06,0.09405488783617935,0.0034777018030594064,25,10,20
35,3502,0.9028641667095897,2.006546840155139e-06,0.09365612494164693,0.003477701801923145,25,10,20
35,3503,0.9075877601850165,2.0065957509676907e-06,0.0889366502617937,0.0034735829574386217,25,10,20
35,3504,0.9097210727573365,1.9873041514649054e-06,0.08709151027889028,0.003185429659621511,25,10,20
35,3505,0.9048424970204152,1.9987050826577626e-06,0.09200070051167726,0.003154803762824908,25,10,20
35,3506,0.91286525090268,1.8046354705116636e-06,0.08401064705594445,0.00312229740590498,25,10,20
35,3507,0.9178061575003672,1.7961372341195538e-06,0.07907259405280553,0.0031194523095932785,25,10,20
35,3508,0.9153269377430844,1.8021709276638434e-06,0.08150966668461443,0.003161593401373199,25,10,20
35,3509,0.9078646189237748,2.1551685737279947e-06,0.08896984276099104,0.0031633831466604096,25,10,20
35,3510,0.908401734321677,2.135648002813186e-06,0.08843269351524963,0.0031634365150702425,25,10,20
35,3511,0.9049646294306908,2.387776019090687e-06,0.09186947203051973,0.0031635107627707793,25,10,20
35,3512,0.902760294632058,2.403787586816489e-06,0.09356846332332402,0.0036688382570312333,25,10,20
35,3513,0.8932011745069299,2.301407146535323e-05,0.10361069422350937,0.0031651171980954067,25,10,20
35,3514,0.8601833894829224,2.440312133755039e-05,0.13662067373244344,0.0031715336632964514,25,10,20
35,3515,0.8223830099209245,2.4387002441525655e-05,0.17442116049135367,0.0031714425852801442,25,10,20
35,3516,0.8333390114385827,3.7416698811824424e-06,0.16348750223041578,0.0031697446611203776,25,10,20
35,3517,0.8332198777313296,3.7413999521575453e-06,0.1636066387280497,0.003169742140668439,25,10,20
35,3518,0.8288035739878914,3.735674021500068e-06,0.16806286971687762,0.003129820621209104,25,10,20
35,3519,0.7947334587864034,5.820031176397931e-06,0.20212599058733935,0.003134730595080997,25,10,20
35,3520,0.826068969119337,4.450201540628804e-06,0.17052736233245352,0.0033992183466687365,25,10,20
35,3521,0.8381542046238195,3.953105020126075e-06,0.15844504989258731,0.003396792378572761,25,10,20
35,3522,0.8457531110276646,3.5111426945270313e-06,0.15084660463948452,0.0033967731901559926,25,10,20
35,3523,0.8524208854036602,3.497788407085248e-06,0.14417952603375908,0.003396090774172865,25,10,20
35,3524,0.8523105072665227,3.502797060337601e-06,0.14428981016486295,0.003396179771553511,25,10,20
35,3525,0.8617164404019623,3.768778177094609e-06,0.13798921398361202,0.0002905768362478018,25,10,20
35,3526,0.8716965479871405,3.7681942183012153e-06,0.12800776655050655,0.0002919172681339456,25,10,20
35,3527,0.9061389078272541,1.6835774222735846e-06,0.09357245903205551,0.00028694956326731055,25,10,20
35,3528,0.8994582825458509,5.5342962277327145e-06,0.10022925710270357,0.0003069260552172071,25,10,20
35,3529,0.9063532930797306,5.533983485944552e-06,0.09333646696142817,0.0003047059753550765,25,10,20
35,3530,0.9063494846507162,5.5339837700519715e-06,0.09334027535521018,0.00030470601030310263,25,10,20
35,3531,0.9082969073873643,5.533001008182631e-06,0.09139294482735842,0.0003046147842684531,25,10,20
35,3532,0.915317825954835,5.625845960875233e-06,0.08437172175288382,0.00030482644631976767,25,10,20
35,3533,0.9150697674099665,5.6258754788405845e-06,0.08461976814356172,0.00030483857099226333,25,10,20
35,3534,0.9147870414048347,5.625789619756298e-06,0.08490251768540848,0.00030481512013660206,25,10,20
35,3535,0.9152595096128416,5.62589011740657e-06,0.08443005015832826,0.0003048143387119846,25,10,20
35,3536,0.9097689858266272,5.629297558576165e-06,0.08992188744469364,0.0003034974311198804,25,10,20
35,3537,0.909329542017949,5.629392486402312e-06,0.09036133212436524,0.00030349646519877837,25,10,20
35,3538,0.909576687496402,5.6289629578847285e-06,0.0901141119797242,0.00030357156091516017,25,10,20
35,3539,0.9063424594769112,5.6237961723863854e-06,0.09334837365130434,0.00030354307561128923,25,10,20
35,3540,0.908025969551577,5.6045761240368805e-06,0.09193578615480436,3.263971749369628e-05,25,10,20
35,3541,0.9090747257968377,5.5112876975055734e-06,0.09088864421609671,3.1118699367214595e-05,25,10,20
35,3542,0.9079481694541698,5.51296653330274e-06,0.09201474736063626,3.157021865966814e-05,25,10,20
35,3543,0.9068786126142837,5.519819746748132e-06,0.09299381380718756,0.00012205375878117575,25,10,20
35,3544,0.9081207483772382,5.518207527810987e-06,0.09175213376137342,0.00012159965385949259,25,10,20
35,3545,0.8752513718159772,7.783293660703844e-06,0.12461898733347146,0.00012185755688998356,25,10,20
35,3546,0.8752137916597698,7.783121330204842e-06,0.12465646880138474,0.0001219564175146268,25,10,20
35,3547,0.8755504162774915,7.77724698784314e-06,0.12431886685123392,0.00012293962428610442,25,10,20
35,3548,0.8755130341695286,7.786995615923421e-06,0.12435755390565545,0.0001216249291992618,25,10,20
35,3549,0.8651292293667947,7.799785063535415e-06,0.13464416461990017,0.00021880622824048813,25,10,20
35,3550,0.8734094251886501,5.968095553401998e-06,0.12636398417788075,0.00022062253791528346,25,10,20
35,3551,0.8807533186406409,5.605163395283222e-06,0.1190221373018688,0.00021893889409462178,25,10,20
35,3552,0.8810000160568388,5.605325677194028e-06,0.11877545049253647,0.0002189281249472,25,10,20
35,3553,0.8808363260320585,5.6001166306673615e-06,0.118939170200546,0.00021890365076425553,25,10,20
35,3554,0.8806210713810408,5.590550176455689e-06,0.11915445512942222,0.00021888293936010071,25,10,20
35,3555,0.880530486031178,5.591285485985471e-06,0.1192448942264435,0.0002190284568919238,25,10,20
35,3556,0.8684733709047656,5.591340012804321e-06,0.13130197091191856,0.00021906684330237974,25,10,20
35,3557,0.863066596199017,5.591378801399987e-06,0.13665231716300397,0.00027549525917698635,25,10,20
35,3558,0.8626470570186414,5.865389931562576e-06,0.1370716805700416,0.0002753970213848255,25,10,20
35,3559,0.8664526692703539,5.612981920540135e-06,0.1332664417678652,0.0002752759798597538,25,10,20
35,3560,0.8305759357939411,6.775647949909078e-06,0.16914646240971098,0.0002708261483979471,25,10,20
35,3561,0.8354182044765562,6.7868294548557865e-06,0.1643041944257166,0.00027081426827224115,25,10,20
35,3562,0.8350779601467496,6.79615266491776e-06,0.16464440480500417,0.0002708388955806442,25,10,20
35,3563,0.8354619555031405,6.795879171168656e-06,0.1642604375912902,0.00027081102639750715,25,10,20
35,3564,0.8356871752147496,6.526017149635101e-06,0.16403549825019428,0.0002708005179061568,25,10,20
35,3565,0.8084994295058401,9.298664555023749e-06,0.18984320466162857,0.001648067167976114,25,10,20
35,3566,0.802532737056075,9.530971764329661e-06,0.19580849003802908,0.001649241934131316,25,10,20
35,3567,0.8030171788016175,9.531091750054778e-06,0.19532420431353487,0.0016490857930973155,25,10,20
35,3568,0.7991512696733206,2.2059261183208796e-05,0.19927278025020964,0.0015538908152857816,25,10,20
35,3569,0.819708046029756,1.9553237932236455e-05,0.18001267124092227,0.0002597294913888596,25,10,20
35,3570,0.8334573844165728,7.032676948536842e-06,0.16627793272413072,0.0002576501823471524,25,10,20
35,3571,0.8410486322592372,6.72743423290306e-06,0.15877027954168396,0.00017436076484501152,25,10,20
35,3572,0.8340844419389957,6.727339213614576e-06,0.16573453523950415,0.00017429548228589838,25,10,20
35,3573,0.8333347429374696,6.748007540978416e-06,0.1664787110181826,0.0001797980368060074,25,10,20
35,3574,0.8335321702932741,6.477817011306309e-06,0.16628163114178576,0.000179720747928345,25,10,20
35,3575,0.8501902945830843,5.717074270487205e-06,0.14949902729097,0.0003049610516742448,25,10,20
35,3576,0.8566919757465159,1.8698651231280306e-06,0.14302112545446438,0.00028502893389581094,25,10,20
35,3577,0.8564369091668782,1.869881889238252e-06,0.14327618792866237,0.00028503302256954293,25,10,20
35,3578,0.8564206503424231,1.8698855158883882e-06,0.1432925351413412,0.0002849446307194216,25,10,20
35,3579,0.8557792393651621,1.874705071727587e-06,0.14393263168026516,0.00028625424950051487,25,10,20
35,3580,0.8590538030020454,1.8778398948577328e-06,0.14070268999516322,0.0002416291628963372,25,10,20
35,3581,0.859051775748041,1.8779371551987366e-06,0.1407047166216323,0.00024162969317116013,25,10,20
35,3582,0.857719838007975,6.752050978296128e-06,0.14070274026372698,0.001570669677319326,25,10,20
35,3583,0.8199872150549257,8.94817328578854e-06,0.17843298072235758,0.0015708560494312376,25,10,20
35,3584,0.803197573610202,8.960060412508802e-06,0.19522260747967085,0.0015708588497148502,25,10,20
35,3585,0.8156907494588023,1.0282498926990098e-05,0.18414926782140412,0.00014970022086664987,25,10,20
35,3586,0.8019412338623161,1.0522059504344066e-05,0.19789824725907862,0.0001499968191008206,25,10,20
35,3587,0.8081443234048692,3.988184981900084e-06,0.19173479573658012,0.00011689267356900415,25,10,20
35,3588,0.8136166762262067,3.75666024717117e-06,0.18626383386593065,0.00011573324761562716,25,10,20
35,3589,0.8174874971969271,3.624919632369191e-06,0.18239316819014653,0.00011570969329421965,25,10,20
35,3590,0.8213993077675457,3.615534642623674e-06,0.17848141226569542,0.00011566443211633319,25,10,20
35,3591,0.8475412488766852,3.6121247705962968e-06,0.15233947915529605,0.00011565984324751252,25,10,20
35,3592,0.845713989107966,3.6103243983794553e-06,0.15416220520576332,0.00012019536187193084,25,10,20
35,3593,0.8836571894743241,1.414123309849018e-06,0.1162213852628149,0.00012001113955076702,25,10,20
35,3594,0.8791372725913302,1.4185530520307803e-06,0.12073863310638425,0.0001226757492331023,25,10,20
35,3595,0.8772296811538572,1.4341095216317348e-06,0.12264206831803028,0.0001268164185902377,25,10,20
35,3596,0.8764267767613291,1.4339984791625603e-06,0.12344497191950003,0.00012681732069126848,25,10,20
35,3597,0.8736123253584216,1.4523539969306623e-06,0.12625471628215068,0.00013150600543011196,25,10,20
35,3598,0.867853555195253,1.45064306782323e-06,0.13201347697242555,0.00013151718925323683,25,10,20
35,3599,0.8694815475890811,1.43513274864403e-06,0.13038964163152486,0.0001273756466448751,25,10,20
35,3600,0.8693317781507213,1.4351287324310482e-06,0.13053938566830925,0.00012740105223619112,25,10,20
35,3601,0.8691097496877301,1.44014998234407e-06,0.13076002109666324,0.00012878906562330356,25,10,20
35,3602,0.8825498802772327,1.480668476790125e-06,0.11732073229875463,0.000127906755535226,25,10,20
35,3603,0.8842896247077564,1.4897804878968594e-06,0.11558097559749352,0.0001279099142613394,25,10,20
35,3604,0.884140166523163,1.4915038201999088e-06,0.1157304224264339,0.00012791954658217724,25,10,20
35,3605,0.8858001803065175,1.488937601010054e-06,0.11407714361291116,0.00012118714296936343,25,10,20
35,3606,0.9100687973430479,1.060762182929578e-06,0.08973395663157005,0.00019618526319849862,25,10,20
35,3607,0.8965108607681325,1.8574570548673432e-06,0.103295633563249,0.00019164821156261342,25,10,20
35,3608,0.8906845567724383,1.8450734776581522e-06,0.10913201052728003,0.00018158762680308807,25,10,20
35,3609,0.8959138859194147,1.8493313514217453e-06,0.10390265597442154,0.00018160877481198168,25,10,20
35,3610,0.9104328391210308,1.2497935463857388e-06,0.08937820182740917,0.00018770925801326634,25,10,20
35,3611,0.8715302778750895,7.959052508285792e-05,0.12820231482574554,0.0001878167740818718,25,10,20
35,3612,0.8720309433185537,7.9570212748587e-05,0.12770167298030896,0.00018781348838878918,25,10,20
35,3613,0.9079469566924934,1.2565110023933723e-06,0.09186406723645373,0.00018771956005047064,25,10,20
35,3614,0.9107566603129135,1.2664119435531463e-06,0.08905089269243882,0.00019118058270396347,25,10,20
35,3615,0.9171524629194284,1.2716621818542939e-06,0.082653574776452,0.00019269064193741775,25,10,20
35,3616,0.917835605649894,1.261480706710511e-06,0.08197197734095438,0.0001911555284445295,25,10,20
35,3617,0.9111539310274896,5.909286822299085e-06,0.08862206568200874,0.00021809400367894276,25,10,20
35,3618,0.9112508401519689,5.911867588735356e-06,0.0885251091180886,0.00021813886235333267,25,10,20
35,3619,0.8904078310730986,5.920700227033303e-06,0.10936362834320545,0.00022261988346855544,25,10,20
35,3620,0.8898602246561726,5.913616388473969e-06,0.10990604844006902,0.00022781328736982745,25,10,20
35,3621,0.8966796606154953,5.909218313202919e-06,0.10308667642810222,0.00022775373808921873,25,10,20
35,3622,0.8885333141951883,6.5205234631754906e-06,0.11123577256370984,0.00022439271763865652,25,10,20
35,3623,0.8915784774055833,6.555442277813279e-06,0.10789928804661825,0.0005156791055205505,25,10,20
35,3624,0.9004251295799716,5.9287583144373e-06,0.09905243564684758,0.0005165060148660807,25,10,20
35,3625,0.9019909203937628,5.8894659686238104e-06,0.0977806199493496,0.00022257019091869723,25,10,20
35,3626,0.8927615003613403,5.870355205128603e-06,0.10701904328177987,0.0002135860016746054,25,10,20
35,3627,0.8895434397018732,5.874171699482927e-06,0.11031299021274889,0.00013769591367834342,25,10,20
35,3628,0.8894576980776604,5.874528590750549e-06,0.11039868304094408,0.00013774435280489695,25,10,20
35,3629,0.8841376278982745,5.8621598761206405e-06,0.11572021551178135,0.0001362944300677811,25,10,20
35,3630,0.8781281399882666,6.088400780158466e-06,0.12173072505977453,0.00013504655117840212,25,10,20
35,3631,0.8782491643553108,6.087868468614814e-06,0.12161233224009857,0.0001324155361215329,25,10,20
35,3632,0.8782575777190742,6.100029836548028e-06,0.12160390348536287,0.00013241876572581273,25,10,20
35,3633,0.878289104545772,6.100230976248961e-06,0.12157239399437109,0.00013240122888009268,25,10,20
35,3634,0.8786705489755521,6.117691615120396e-06,0.1211951810957205,0.00012815223711164865,25,10,20
35,3635,0.8789849211657735,6.131407043770203e-06,0.12097109487800502,3.7852549177023914e-05,25,10,20
35,3636,0.878976406489198,6.13141982410624e-06,0.12097960862217239,3.7853468805075806e-05,25,10,20
35,3637,0.8792734318237615,6.1313712415232474e-06,0.12068258598321276,3.785082178392307e-05,25,10,20
35,3638,0.8800653041934758,6.112743752085201e-06,0.11989180442799352,3.6778634778182044e-05,25,10,20
35,3639,0.8826704245316463,6.0851207785205985e-06,0.11728672645123187,3.6763896342775814e-05,25,10,20
35,3640,0.8828037620231677,6.08483552096252e-06,0.117153391850464,3.676129084689439e-05,25,10,20
35,3641,0.9038910637514885,6.3616382380231174e-06,0.09607026969404193,3.230491623136294e-05,25,10,20
35,3642,0.8969486575176647,6.593577479466052e-06,0.1029483205576836,9.642834717212851e-05,25,10,20
35,3643,0.8969800701209202,6.609005007806028e-06,0.10291773157786711,9.558929620475942e-05,25,10,20
35,3644,0.8975734332828147,6.589939927671829e-06,0.10232449898112649,9.547779613107771e-05,25,10,20
35,3645,0.9016435463430529,6.598202486397933e-06,0.09821303529913346,0.00013682015532702398,25,10,20
35,3646,0.8705285788858153,6.432439279626394e-06,0.10564155108091274,0.0238234375939924,25,10,20
35,3647,0.8702704244720585,6.4324052455716565e-06,0.10589969017761156,0.02382345294508443,25,10,20
35,3648,0.8757039973739138,6.432099997833903e-06,0.10046613617302703,0.023823434353061404,25,10,20
35,3649,0.8763399308228956,6.426253955293915e-06,0.09982891149847664,0.023824731424672296,25,10,20
35,3650,0.8879895553186324,6.4463633149954386e-06,0.08817907752561123,0.023824920792441126,25,10,20
35,3651,0.8853862480340612,6.446393584540716e-06,0.09078238380889316,0.023824921763461165,25,10,20
35,3652,0.8844297236653702,6.447760383179546e-06,0.09173881159366554,0.023825016980581197,25,10,20
35,3653,0.8841643323590422,6.456722790769776e-06,0.09200201616919637,0.02382719474897073,25,10,20
35,3654,0.8841600127358817,6.456761572040603e-06,0.0920063310697989,0.023827199432747196,25,10,20
35,3655,0.8841419929217714,6.4565422036924924e-06,0.09202438702341248,0.02382716351261238,25,10,20
35,3656,0.8847158926714535,6.44295843974669e-06,0.09144885419245727,0.023828810177649387,25,10,20
35,3657,0.883029910060273,6.4049635164724986e-06,0.08080991914597453,0.03615376583023591,25,10,20
35,3658,0.8988285128288024,6.394151979818531e-06,0.06500759516324947,0.036157497855968224,25,10,20
35,3659,0.9064692847640059,6.385889723630147e-06,0.05740817495761715,0.0361161543886534,25,10,20
35,3660,0.9039683554969021,6.389403339652875e-06,0.05990792439041817,0.03611733070934005,25,10,20
35,3661,0.9039274614618061,6.346418585029232e-06,0.0565010780144669,0.039565114105142005,25,10,20
35,3662,0.8700465573242036,6.347191329790105e-06,0.0903833275538288,0.03956376793063752,25,10,20
35,3663,0.8735919714749361,6.608890613500915e-06,0.08683885469983882,0.039562564934611064,25,10,20
35,3664,0.8738490013850173,6.3237501472383254e-06,0.08658213434099707,0.03956254052383771,25,10,20
35,3665,0.8744696732100781,6.324467323354684e-06,0.08596145823102677,0.03956254409157133,25,10,20
35,3666,0.8739896669759943,6.3244656068893e-06,0.08644146484917796,0.039562543709220355,25,10,20
35,3667,0.8682016212600492,6.324835448455066e-06,0.09222724014198373,0.03956481376251895,25,10,20
35,3668,0.9014134028991461,6.32333584689951e-06,0.05901546791964822,0.039564805845358736,25,10,20
35,3669,0.924453910543364,8.60479301107128e-07,0.03600751325710422,0.03953771572023058,25,10,20
35,3670,0.924208036720293,8.656399563934448e-07,0.03625333643592673,0.039537761203823886,25,10,20
35,3671,0.9240408418600853,8.782195256146691e-07,0.03642159793940998,0.039536681980978775,25,10,20
35,3672,0.9240245409549658,8.782200411295122e-07,0.03643789887417476,0.03953668195081786,25,10,20
35,3673,0.918659181165866,1.2508674246987693e-06,0.041803129669857914,0.039536438296850954,25,10,20
35,3674,0.9118900716460668,1.2303498692843761e-06,0.048571011903049764,0.03953768610101417,25,10,20
35,3675,0.911776592056694,1.2310983692935105e-06,0.04858510834361482,0.03963706850132175,25,10,20
35,3676,0.9189720683448028,1.2308859673681323e-06,0.04139107146433792,0.0396356293048916,25,10,20
35,3677,0.8819037746090749,1.2440349716300712e-06,0.07806619071627333,0.04002879063967976,25,10,20
35,3678,0.8677696626556035,1.2526976832322616e-06,0.09219886113070701,0.040030223516005936,25,10,20
35,3679,0.8679387013140091,1.2526931570611407e-06,0.0920298224832572,0.04003022350957633,25,10,20
35,3680,0.8745707972286051,1.0215535065610115e-06,0.08539801843286433,0.040030162785023575,25,10,20
35,3681,0.8370338431947754,1.0590113779411462e-06,0.12292816380808848,0.04003693398575834,25,10,20
35,3682,0.8383049556375702,1.0393262998284102e-06,0.1216571266772364,0.040036878358893316,25,10,20
35,3683,0.8366173440648668,1.1919823832557255e-06,0.12332120936849232,0.040060254584257396,25,10,20
35,3684,0.8267561182392762,1.1908532630438976e-06,0.13318244460600115,0.04006024630145939,25,10,20
35,3685,0.8267769162444469,1.1908445613711485e-06,0.13316164805174133,0.040060244859250235,25,10,20
35,3686,0.8652722602142382,1.152662222987985e-06,0.09467675202995364,0.04004983509358481,25,10,20
35,3687,0.861296188665566,8.862512278520995e-07,0.09865311977237963,0.04004980531082616,25,10,20
35,3688,0.8607738575166566,1.0166598869814297e-06,0.09917526753568519,0.0400498582877708,25,10,20
35,3689,0.8268806270851264,1.057688886006415e-06,0.13306843670093677,0.04004987852505079,25,10,20
35,3690,0.8321044157634845,6.817795280160499e-07,0.12784684729573478,0.040048055161252726,25,10,20
35,3691,0.8400142068271564,6.750527970212551e-07,0.11993707910084801,0.04004803901919815,25,10,20
35,3692,0.8401910662923817,6.897687168154121e-07,0.11976019389575965,0.04004805004314174,25,10,20
35,3693,0.8402026209464967,6.897648725928566e-07,0.11975850534090726,0.04003818394772292,25,10,20
35,3694,0.8403946438092033,6.932718427786052e-07,0.11956600438344747,0.040038658535505894,25,10,20
35,3695,0.8402652708369984,6.932866509391367e-07,0.11969532688444252,0.04003870899190746,25,10,20
35,3696,0.8409226031710076,4.0679957829479454e-07,0.11903830589194488,0.04003868413746866,25,10,20
35,3697,0.831780254189481,4.130744434734588e-07,0.12816415315367982,0.040055179582395295,25,10,20
35,3698,0.8197803414337366,4.1904851314838497e-07,0.14006701218627055,0.04015222733147922,25,10,20
35,3699,0.8193045035503894,4.193295133661076e-07,0.14054273990948732,0.040152337210609394,25,10,20
35,3700,0.8195603215267253,4.124460925837032e-07,0.14028871537672427,0.0401505506504574,25,10,20
35,3701,0.7943283997738394,5.654679869254937e-05,0.1654889668443011,0.04012608658316848,25,10,20
35,3702,0.7563394611958221,5.765055040282744e-05,0.20347675723609515,0.04012613101768107,25,10,20
35,3703,0.75631980096836,5.7650597335273054e-05,0.2033400508456906,0.04028249758861522,25,10,20
35,3704,0.7563259224432812,5.7649763367390116e-05,0.20315693983559782,0.04045948795775464,25,10,20
35,3705,0.766670215205333,5.764979309303968e-05,0.19281264703085976,0.040459487970715295,25,10,20
35,3706,0.7670158640878355,5.76350301467219e-05,0.19246706376569075,0.04045943711632801,25,10,20
35,3707,0.767009725730421,5.763503848925959e-05,0.19247317615729037,0.040459463073800495,25,10,20
35,3708,0.7606431903463231,5.764332278015365e-05,0.19883970936969272,0.04045945696120512,25,10,20
35,3709,0.760889217186541,5.764344392502444e-05,0.19859368487024434,0.04045945449929038,25,10,20
35,3710,0.7908210088128524,1.3568572592996734e-06,0.16871798285144876,0.04045965147844071,25,10,20
35,3711,0.8142966481820015,5.017040799253573e-07,0.14524200571441626,0.0404608443995023,25,10,20
35,3712,0.8200853093742659,5.013393157898098e-07,0.13945561486572366,0.040458574420694726,25,10,20
35,3713,0.7823038882581419,1.249797625816312e-06,0.17723318100615817,0.04046168093807486,25,10,20
35,3714,0.7862855726315757,1.3529729075983173e-06,0.17325040014077728,0.04046267425474039,25,10,20
35,3715,0.7475739220776327,1.3534589396699267e-06,0.21196209818173334,0.04046262628169478,25,10,20
35,3716,0.7856755193001012,6.014582911305767e-07,0.1738648367110761,0.04045904253053299,25,10,20
35,3717,0.7502134563760847,6.019021326289122e-07,0.2093267743140679,0.04045916740771499,25,10,20
35,3718,0.750205503332669,6.019158710347027e-07,0.20974208956963508,0.04005180518182533,25,10,20
35,3719,0.7620993763285787,5.632928966190383e-07,0.1978408312738929,0.040059229104632506,25,10,20
35,3720,0.7623363084787204,4.37935162986509e-07,0.19760399232762293,0.04005926125849434,25,10,20
35,3721,0.7623386376274542,4.3793028850246306e-07,0.1976016636734637,0.04005926076879411,25,10,20
35,3722,0.7714247518727343,4.318358590922874e-07,0.18853205088723599,0.040042765404171135,25,10,20
35,3723,0.7718048788025349,4.318431335529099e-07,0.1881519226696936,0.04004276668463846,25,10,20
35,3724,0.7783302686263366,4.2347560908177604e-07,0.1816265780415,0.04004272985655478,25,10,20
35,3725,0.7782254951539858,4.2287126894616933e-07,0.1817310709538845,0.040043011020861045,25,10,20
35,3726,0.7782097132532233,4.228744981385477e-07,0.18174685511515154,0.04004300875712723,25,10,20
35,3727,0.7780194918852831,4.2331173808976183e-07,0.18193445316616827,0.040045631636810824,25,10,20
35,3728,0.7680631298543023,4.306200425784843e-07,0.19189078794629694,0.04004565157935852,25,10,20
35,3729,0.7682865360132483,4.301594706098646e-07,0.19167000570564735,0.040043028121634176,25,10,20
35,3730,0.7687459524932607,4.2987531623119636e-07,0.19121069982939642,0.04004291780202732,25,10,20
35,3731,0.7801869281710008,4.238371959589852e-07,0.17986157640290742,0.0399510715888966,25,10,20
35,3732,0.7809515377642584,4.144708635658351e-07,0.17909724413182954,0.03995080363304912,25,10,20
35,3733,0.7845579914771181,5.976520539277426e-07,0.17543988182032583,0.04000152905050307,25,10,20
35,3734,0.8200178301178614,5.971961822894791e-07,0.13998016929779844,0.04000140338815784,25,10,20
35,3735,0.8188017192471843,6.315967428370461e-07,0.14119200428029582,0.04000564487577713,25,10,20
35,3736,0.8096686905079246,6.266828023478644e-07,0.15032216856992756,0.040008514239345656,25,10,20
35,3737,0.8051885620602875,6.297015533736299e-07,0.15480227998805032,0.04000852825010874,25,10,20
35,3738,0.8051962133165703,6.29715085175748e-07,0.15464562417473857,0.040157532793605934,25,10,20
35,3739,0.8065167391645052,5.952965346755966e-07,0.15332965907653734,0.04015300646242289,25,10,20
35,3740,0.8110008103693631,5.922774862131164e-07,0.1488456057954566,0.040152991557694015,25,10,20
35,3741,0.8087081245113249,6.705218495967984e-07,0.15113782257256583,0.04015338239425972,25,10,20
35,3742,0.808613731777953,6.714924528913883e-07,0.15123218248652168,0.04015341424307274,25,10,20
35,3743,0.8093595427977337,5.995143950480862e-07,0.15048554760657956,0.04015431008129199,25,10,20
35,3744,0.7997366037571746,6.029865926105614e-07,0.16010788454457814,0.04015490871165508,25,10,20
35,3745,0.7995889863338251,6.029910051612243e-07,0.16025552612600794,0.040154884549162134,25,10,20
35,3746,0.8106025200346246,3.986815702082861e-07,0.14929566278607967,0.04010141849772573,25,10,20
35,3747,0.8108019006611361,4.0105736631199346e-07,0.14936127145065847,0.039836426830839274,25,10,20
35,3748,0.8120938463819931,3.9515758987625774e-07,0.14807060547666914,0.03983515298374815,25,10,20
35,3749,0.8342197803954785,3.927500361258159e-07,0.12595211927285954,0.03982770758162542,25,10,20
35,3750,0.8122108287704383,4.166322356606154e-07,0.14796096701094183,0.039827787586384694,25,10,20
35,3751,0.8112571931181874,4.1790016548526647e-07,0.1488949101430259,0.03984747883862138,25,10,20
35,3752,0.8092351639516451,1.4284321154624612e-06,0.15091584055004353,0.03984756706619613,25,10,20
35,3753,0.7951699546942774,1.431667236504949e-06,0.16493059582376232,0.039898017814724476,25,10,20
35,3754,0.8091502513356708,1.1782191299912573e-06,0.15095174596243216,0.03989682448276688,25,10,20
35,3755,0.8090299859366232,7.419289100123773e-05,0.17057916013027125,0.020316661042105198,25,10,20
35,3756,0.8460964278013353,7.417974348965612e-05,0.13390589257774044,0.019923499877434376,25,10,20
35,3757,0.8483684486314229,7.422739193478567e-05,0.13162722716430708,0.019930096812334708,25,10,20
35,3758,0.848364517714042,7.422739816015665e-05,0.1316311572074193,0.019930097680378255,25,10,20
35,3759,0.8483510132864112,7.422721883445982e-05,0.13164467368381375,0.01993008581094041,25,10,20
35,3760,0.8873739145161121,1.2101572859323862e-06,0.11253230360258687,9.257172401456742e-05,25,10,20
35,3761,0.8870824880196299,1.2112705492346814e-06,0.11282377020022114,9.253050959944425e-05,25,10,20
35,3762,0.8762916767722256,1.963651239163294e-06,0.12361022430242301,9.613527411161485e-05,25,10,20
35,3763,0.8746402439527949,1.974732146506144e-06,0.12530991893324367,4.786238181420995e-05,25,10,20
35,3764,0.8628821814071705,1.9744471213429825e-06,0.13706798986174518,4.785428396280761e-05,25,10,20
35,3765,0.8626597334486632,1.969277142634427e-06,0.13729053895707577,4.7758317118052886e-05,25,10,20
35,3766,0.8527527498049504,1.0280758071083776e-05,0.14711232469864025,0.00012464473833850116,25,10,20
35,3767,0.8628583724970259,1.967989227967636e-06,0.13709119381617993,4.846569756594434e-05,25,10,20
35,3768,0.8625287979607192,2.114492211858652e-06,0.13741993364400187,4.915390306710677e-05,25,10,20
35,3769,0.8717557765051893,2.133605201374891e-06,0.12819590863302976,4.618125657975054e-05,25,10,20
35,3770,0.8737750167470308,2.14043205150716e-06,0.12617480433789385,4.803848302437043e-05,25,10,20
35,3771,0.8743316532023999,2.1444970426881732e-06,0.12561812683184445,4.807546871354626e-05,25,10,20
35,3772,0.8745819900554611,2.1443887852658985e-06,0.12536850965136415,4.7355904390200394e-05,25,10,20
35,3773,0.911138459508132,2.0963286966604863e-06,0.08881868723498071,4.075692819076291e-05,25,10,20
35,3774,0.906566192371659,2.4257437249978994e-06,0.09338896881742147,4.2413067194794015e-05,25,10,20
35,3775,0.8904721101035464,2.4332092092575845e-06,0.10947989318887702,4.556349836773475e-05,25,10,20
35,3776,0.8813112849202738,2.433766483236714e-06,0.1186406871837534,4.5594129490117445e-05,25,10,20
35,3777,0.8771050927671002,2.429546196761781e-06,0.12284592656222484,4.655112447880551e-05,25,10,20
35,3778,0.8865108227131057,2.4253597998091948e-06,0.11344080290618073,4.594902091510982e-05,25,10,20
35,3779,0.8858564198501101,2.4549591368619905e-06,0.11409509567288069,4.602951787343023e-05,25,10,20
35,3780,0.8848706122944285,2.4486246181911176e-06,0.11508246566302831,4.447341792601771e-05,25,10,20
35,3781,0.8833423850294412,2.678389906889058e-06,0.11661140469218852,4.353188846459364e-05,25,10,20
35,3782,0.8854577023819613,1.6678592784734379e-06,0.11449718233705998,4.344742170135486e-05,25,10,20
35,3783,0.878350227786959,1.8048229088699934e-06,0.12156599243519661,8.197495493673903e-05,25,10,20
35,3784,0.8514156170820364,1.6685787616136215e-06,0.14853907134274075,4.364299646220257e-05,25,10,20
35,3785,0.8558859483520947,1.6750023138056298e-06,0.14406873605026083,4.364059533220695e-05,25,10,20
35,3786,0.8621925050924879,1.6723605421154543e-06,0.13776211667510624,4.370587186523943e-05,25,10,20
35,3787,0.8665260934163284,1.3432921391248157e-06,0.1334305128150451,4.205047648923074e-05,25,10,20
35,3788,0.8663674393475445,1.2017635520753506e-06,0.13358869329935255,4.2665589552699085e-05,25,10,20
35,3789,0.8701176676322017,1.1973637327741942e-06,0.12983850466834337,4.26303357231797e-05,25,10,20
35,3790,0.8700331350432171,1.2066511214901905e-06,0.1299203272247274,4.533108093483079e-05,25,10,20
35,3791,0.8352773390214159,1.8657699278635453e-06,0.16469730025802687,2.3494950630606384e-05,25,10,20
35,3792,0.8318571057246676,1.9692616497901344e-06,0.16690078865772343,0.0012401363559604135,25,10,20
35,3793,0.8317495123015017,1.9693477693858183e-06,0.16700843110328342,0.0012400872474465825,25,10,20
35,3794,0.8399405848124271,1.9691490282546747e-06,0.15881738510497634,0.0012400609335705944,25,10,20
35,3795,0.840232173839228,1.9593853719312363e-06,0.15852570036921226,0.0012401664061897585,25,10,20
35,3796,0.856211805815487,1.9478029495003295e-06,0.1425492688364386,0.001236977545126706,25,10,20
35,3797,0.8560758920960875,1.9478155474867805e-06,0.1426851682810338,0.0012369918073331235,25,10,20
35,3798,0.8547943032483494,1.7109235001496867e-06,0.1439669566749896,0.0012370291531627823,25,10,20
35,3799,0.8557099549160363,1.930948878667835e-06,0.14299656562576563,0.0012915485093211202,25,10,20
35,3800,0.8555902469314988,1.9312274470894704e-06,0.1431162703489503,0.0012915514921049889,25,10,20
35,3801,0.8352952824594866,6.970445971452353e-06,0.1633814332573308,0.0013163138372109789,25,10,20
35,3802,0.8004115512663639,6.971721602647637e-06,0.19825851495361926,0.0013229620584129145,25,10,20
35,3803,0.7775074314082104,6.76451876353365e-06,0.2212194188482381,0.0012663852247865918,25,10,20
35,3804,0.7764000570431366,6.765473648487282e-06,0.2223267899463428,0.0012663875368707066,25,10,20
35,3805,0.8104669563603992,6.764751198705649e-06,0.18826008863532945,0.001266190253071906,25,10,20
35,3806,0.8079340691812973,6.765741293671879e-06,0.19079294127657698,0.0012662238008312133,25,10,20
35,3807,0.8046808815195505,6.871233163322349e-06,0.19404502592736492,0.001267221319920432,25,10,20
35,3808,0.8421244492078795,6.844182410164592e-06,0.15660158066118263,0.001267125948529036,25,10,20
35,3809,0.8418950073921816,6.84502924406501e-06,0.15683097361631218,0.0012671739622634557,25,10,20
35,3810,0.8424010071630138,6.843999418427189e-06,0.15632507259075487,0.0012670762468143103,25,10,20
35,3811,0.8755546560840075,6.403946033421408e-06,0.12317393456723469,0.0012650054027257543,25,10,20
35,3812,0.8791564863678302,6.402050253244959e-06,0.11957213595479223,0.0012649756271256951,25,10,20
35,3813,0.8756227251282945,6.404832581733901e-06,0.12310588309335029,0.0012649869457747403,25,10,20
35,3814,0.8871713166707406,5.652095926785571e-06,0.11156164891296992,0.0012613823203640557,25,10,20
35,3815,0.8870387807451362,5.652159956883389e-06,0.11169416931218377,0.0012613977827240833,25,10,20
35,3816,0.8866610778150149,5.652418390631657e-06,0.11207184858318117,0.0012614211834142777,25,10,20
35,3817,0.8815656187801361,5.612428574817046e-06,0.1144706232091999,0.003958145582090379,25,10,20
35,3818,0.8799938489648941,6.622042034176618e-06,0.11604129658233649,0.003958232410736469,25,10,20
35,3819,0.9002881074687972,1.5826454867634502e-06,0.0957768413059582,0.003933468579758309,25,10,20
35,3820,0.9007623043183147,1.5628316777547819e-06,0.09530272860487272,0.003933404245135374,25,10,20
35,3821,0.9007540046015902,1.562666567329853e-06,0.09531099534237093,0.003933437389472162,25,10,20
35,3822,0.9002634642612005,1.5830015514321657e-06,0.09580160331015222,0.00393334942709642,25,10,20
35,3823,0.9018869269797877,5.733353231412622e-07,0.09417924503602566,0.003933254648864107,25,10,20
35,3824,0.901737336446292,5.63700038066813e-07,0.09433154688470301,0.003930552968967494,25,10,20
35,3825,0.8992615177535993,5.649441206443864e-07,0.0967886472108582,0.003949270091422397,25,10,20
35,3826,0.899513826887692,5.655778318597038e-07,0.09653633689429282,0.003949270640183813,25,10,20
35,3827,0.8990238362394095,5.698927660580356e-07,0.09702417236822818,0.003951421499596637,25,10,20
35,3828,0.9062507901345834,1.3849177509165331e-06,0.09249403661445672,0.0012537883332093647,25,10,20
35,3829,0.8925191466423104,5.637892517000621e-05,0.10616479487374558,0.0012596795587745345,25,10,20
35,3830,0.9142115266458479,5.635897297868038e-05,0.08447249391158436,0.0012596204695890121,25,10,20
35,3831,0.9161094799223766,1.97796096467479e-06,0.08262919915978849,0.001259342956870374,25,10,20
35,3832,0.9162940411109669,1.973701870481338e-06,0.08244682612354116,0.0012571590636216645,25,10,20
35,3833,0.9198221708606107,1.965314660077166e-06,0.07891867832971082,0.0012571854950180605,25,10,20
35,3834,0.9200905767020838,1.965406133791412e-06,0.07865024918599794,0.0012572087057842183,25,10,20
35,3835,0.8879916062202501,8.092012290284524e-06,0.11071386648084243,0.0012864352866178957,25,10,20
35,3836,0.9225913465787471,8.091011748571341e-06,0.07611931282317252,0.0012812495863315496,25,10,20
35,3837,0.922816511879424,8.088434506665275e-06,0.07589541165892338,0.001279988027145994,25,10,20
35,3838,0.9218428630598998,8.103657488025894e-06,0.07664138940075865,0.001507643881853306,25,10,20
35,3839,0.9234202706368584,8.103138188773306e-06,0.07506428354031526,0.0015073426846374438,25,10,20
35,3840,0.9102077333930245,8.106543995532992e-06,0.08827503660021226,0.0015091234627678278,25,10,20
35,3841,0.9103838461700614,8.10431534783302e-06,0.08809896160587771,0.0015090879087130376,25,10,20
35,3842,0.9111898368061204,8.104319350725305e-06,0.08729836573511063,0.0015036931394181749,25,10,20
35,3843,0.911382085708434,8.104588346061188e-06,0.08710599665056516,0.001503813052654781,25,10,20
35,3844,0.9145565702250412,7.99951733404222e-06,0.08393247270817954,0.0015029575494453485,25,10,20
35,3845,0.9021300775807494,8.441179252495333e-06,0.09624011575707847,0.001621365482920583,25,10,20
35,3846,0.9020597039063024,8.4432893649643e-06,0.09631007878449908,0.0016217740198343935,25,10,20
35,3847,0.9017398701429556,8.443528240117748e-06,0.09662984980329029,0.0016218365255147957,25,10,20
35,3848,0.917110389886716,7.827393916964665e-06,0.08126557540694225,0.001616207312424987,25,10,20
35,3849,0.9119088333985735,7.831210127184175e-06,0.08646618923183644,0.0016171461594633885,25,10,20
35,3850,0.8955381701842482,0.00020475969995822007,0.10262282699952639,0.0016342431162682943,25,10,20
35,3851,0.8952141206535009,0.00020477182658245398,0.10294700781498238,0.0016340997049352865,25,10,20
35,3852,0.8954994647476284,0.00020477155143176475,0.10266312655776116,0.0016326371431798906,25,10,20
35,3853,0.8956477578594163,0.0002046716437495648,0.10251594845079656,0.001631622046038558,25,10,20
35,3854,0.8990838707367071,0.00020456806296651804,0.10029658098327637,0.000414980217050947,25,10,20
35,3855,0.8616752722889232,0.0008898871015641701,0.13701786856670709,0.00041697204280638484,25,10,20
35,3856,0.8611227339218062,0.0008898874287401867,0.13757031768578523,0.00041706096366921834,25,10,20
35,3857,0.8603446552021414,0.0008899143712373689,0.13834867967755132,0.0004167507490709231,25,10,20
35,3858,0.8599678352193669,0.0008899142050694088,0.1387255060903494,0.0004167444852152025,25,10,20
35,3859,0.8541734971662592,0.0008901538068594923,0.14451733274599157,0.0004190162808905575,25,10,20
35,3860,0.8157440872004799,0.0008901339859403117,0.18293913459950045,0.0004266442140785365,25,10,20
35,3861,0.8160813283794508,0.0008901337467363763,0.18260195618272745,0.0004265816910845408,25,10,20
35,3862,0.8171536441904448,0.0008901294933331707,0.18175597900370077,0.0002002473125205205,25,10,20
35,3863,0.8174059335550983,0.0008901295904742995,0.18150374593915106,0.0002001909152754229,25,10,20
35,3864,0.8151419817157559,0.0008902230397811889,0.18376718822721524,0.00020060701724686312,25,10,20
35,3865,0.7943117923197357,0.0006923437932759519,0.20481232024921872,0.00018354363776894336,25,10,20
35,3866,0.7936705628135343,0.000692344584231115,0.20545333948696645,0.0001837531152673828,25,10,20
35,3867,0.7778225427615502,0.0006923415147923893,0.22130132519882537,0.00018379052483109015,25,10,20
35,3868,0.772652796503599,0.0006923379652613317,0.226414078974295,0.0002407865568434507,25,10,20
35,3869,0.7619790881858358,0.0006921136945954309,0.2370902388219899,0.00023855929757788397,25,10,20
35,3870,0.7843126723216982,0.000692113441350372,0.21476421800628243,0.0002309962306688785,25,10,20
35,3871,0.7752880743226472,0.000699179875587428,0.22374769199302003,0.0002650538087446294,25,10,20
35,3872,0.7737721019332685,0.0006991987017528435,0.2252635249645295,0.0002651744004483802,25,10,20
35,3873,0.7752795237852775,0.0006991795101998602,0.22375638532752046,0.0002649113770012707,25,10,20
35,3874,0.7745707649598095,0.0006994686713470976,0.22446477779989185,0.00026498856895058247,25,10,20
35,3875,0.787332294667555,0.0006990271273294237,0.2118221131219461,0.00014656508316888647,25,10,20
35,3876,0.7878494463785648,0.0006987379678381367,0.21130532733373275,0.00014648831986366077,25,10,20
35,3877,0.7714101846773707,0.0006987371892728192,0.2277447983120328,0.00014627982132177266,25,10,20
35,3878,0.773495157952922,0.000698735851476656,0.22567854319948108,0.0001275629961185562,25,10,20
35,3879,0.7974719362103112,1.3426241207443924e-05,0.20238655332181085,0.00012808422667045982,25,10,20
35,3880,0.8355613073255921,1.3383159476786136e-05,0.16429734016429542,0.00012796935063564307,25,10,20
35,3881,0.844353248081254,0.00046295240160150876,0.1550850344208243,9.876509632123843e-05,25,10,20
35,3882,0.8207135727739492,0.0004641973823222602,0.1783819344562818,0.00044029538744455295,25,10,20
35,3883,0.8198859089049175,0.00047619387865950185,0.17919742739976893,0.00044046981665148664,25,10,20
35,3884,0.7857803697848306,0.00047804056943101286,0.2132924666521618,0.00044912299357320325,25,10,20
35,3885,0.7803623465728521,0.00047814462074384024,0.21868188425593002,0.00047762455047039686,25,10,20
35,3886,0.7841063900603794,0.000478144444808285,0.21493792671771358,0.0004775387770954085,25,10,20
35,3887,0.7833087813868326,0.0004781564927524509,0.2157345163617586,0.00047854575865298427,25,10,20
35,3888,0.7833295516715181,0.0004781591460050398,0.21571371703454167,0.00047857214793228976,25,10,20
35,3889,0.7645628783727895,0.0004791622994303929,0.23453705761937502,0.0004209017084023426,25,10,20
35,3890,0.7433432137139284,0.0004805243610374423,0.25574731969701786,0.00042894222801301166,25,10,20
35,3891,0.7397580767946428,0.0004806715073980923,0.2593326945462363,0.0004285571517196867,25,10,20
35,3892,0.7240323281182612,0.0004812811492028883,0.27505500292425294,0.0004313878082800373,25,10,20
35,3893,0.7243776775524967,0.0004813029906391652,0.27470401359008506,0.0004370058667765457,25,10,20
35,3894,0.7603434935586355,0.000479941547891021,0.23874748060886986,0.00042908428460121747,25,10,20
35,3895,0.7616794338553207,0.00047994056276057023,0.23741171712896542,0.0004289084529511951,25,10,20
35,3896,0.7623492367186415,0.0004679509102374643,0.23675403859688143,0.0004287737742371091,25,10,20
35,3897,0.7561847001301766,0.00047563456731643445,0.2429095963583591,0.00043006894414542273,25,10,20
35,3898,0.7555631862411312,0.00047566716315919594,0.24353100822506912,0.00043013837063830753,25,10,20
35,3899,0.7534001524288718,0.0004756549302391256,0.2455942400247773,0.0005299526161095696,25,10,20
35,3900,0.75301540132212,0.00047565210769357,0.24597901445568926,0.0005299321144948068,25,10,20
35,3901,0.7606198671792295,0.0004836675403279256,0.23832826393384413,0.0005682013465966304,25,10,20
35,3902,0.7592121521768596,0.0004837449390153094,0.23973566315234074,0.0005684397317823617,25,10,20
35,3903,0.7595292453308208,0.000483708846900957,0.23941860490649344,0.0005684409157827039,25,10,20
35,3904,0.7593546951256763,0.0004838752562924711,0.23959256027214562,0.0005688693458835419,25,10,20
35,3905,0.7593737996516039,0.0006994467710653791,0.2384351188272581,0.0014916347500705273,25,10,20
35,3906,0.754970455362165,0.000699610055649995,0.24283669765843588,0.0014932369237470986,25,10,20
35,3907,0.7885322838661064,0.0006977633808281529,0.209285369817792,0.001484582935271764,25,10,20
35,3908,0.7886954363621176,0.0006977629169845547,0.20912230942412469,0.0014844912967715367,25,10,20
35,3909,0.7892339656928925,0.0006909616674025023,0.20854480362328964,0.0015302690164132942,25,10,20
35,3910,0.8055044084537052,0.0004763962500054885,0.19351207039422186,0.0005071249020654031,25,10,20
35,3911,0.7797878602487615,0.0004771963540483796,0.21922355373268892,0.0005113896644989867,25,10,20
35,3912,0.7419866420787773,0.000477243340147882,0.2570247199519248,0.0005113946291481605,25,10,20
35,3913,0.7419521273976684,0.0004772444321749487,0.2570548594179313,0.0005157687522234306,25,10,20
35,3914,0.7659971539348899,0.0004759868974213592,0.2333526209927268,0.00017423817496028487,25,10,20
35,3915,0.7654874428540936,0.0004759872491821145,0.23386232588902583,0.00017424400769700308,25,10,20
35,3916,0.7841451475178619,2.029892216102737e-05,0.21566033212623786,0.0001742214337383754,25,10,20
35,3917,0.7900091593593301,2.0472252194763323e-05,0.2097492541671855,0.0002211142212884452,25,10,20
35,3918,0.7896125151818041,2.0490508192116205e-05,0.21014586908012403,0.00022112522987859654,25,10,20
35,3919,0.8062087905017681,2.047516660245661e-05,0.19354966739233936,0.00022106693928903708,25,10,20
35,3920,0.804408535978697,2.138875607687789e-05,0.19534216500747575,0.00022791025775030242,25,10,20
35,3921,0.7969644060599249,2.1417194828608953e-05,0.2019705982242064,0.001043578521039868,25,10,20
35,3922,0.793846793622588,2.1515048632760606e-05,0.20508758955272036,0.0010441017760584813,25,10,20
35,3923,0.8321467476845347,2.1468070321494936e-05,0.1667876846673689,0.0010440995777754021,25,10,20
35,3924,0.8283678295032816,2.146819635120987e-05,0.17052220297361534,0.001088499326751665,25,10,20
35,3925,0.8286507836393491,2.1467303201003536e-05,0.17024359784821896,0.001084151209230804,25,10,20
35,3926,0.7928287040811464,2.1902767999656625e-05,0.20606596568369948,0.0010834274671547104,25,10,20
35,3927,0.7962164562550513,2.1789545447367832e-05,0.2026788615593267,0.0010828926401745863,25,10,20
35,3928,0.8064029058822401,1.3779411257884662e-05,0.19253869109692276,0.0010446236095795508,25,10,20
35,3929,0.8064553132172069,1.3784653586668399e-05,0.19248622951001576,0.001044672619190591,25,10,20
35,3930,0.7956138238375665,1.3575887379905579e-05,0.2033279671307995,0.0010446331442540123,25,10,20
35,3931,0.8011092867793994,1.34648490261656e-05,0.19786062464249732,0.0010166237290772653,25,10,20
35,3932,0.7710150509554878,1.3226545141415257e-05,0.22803502990549906,0.0009366925938720349,25,10,20
35,3933,0.7835673866113829,1.3223498925566883e-05,0.21540824659044225,0.0010111432992499178,25,10,20
35,3934,0.7847523168542913,1.2207556723417743e-05,0.21422945526419787,0.0010060203247882005,25,10,20
35,3935,0.7921604536166105,1.2024989345146006e-05,0.2068708801494074,0.0009566412446367178,25,10,20
35,3936,0.7891745576405508,1.693633067589905e-05,0.2098279988586041,0.00098050717016902,25,10,20
35,3937,0.7891278031580284,1.6931091091618617e-05,0.209874782919521,0.0009804828313587318,25,10,20
35,3938,0.7890761628588651,1.6931523809773044e-05,0.20992644337099406,0.0009804622463309113,25,10,20
35,3939,0.7889413163728404,1.6935404113727192e-05,0.21006130840701126,0.000980439816034439,25,10,20
35,3940,0.7863481797481835,1.6775033593894713e-05,0.21265535189527418,0.0009796933229485735,25,10,20
35,3941,0.7906176238458492,1.6774887911971543e-05,0.2084303133289881,0.0009352879372508677,25,10,20
35,3942,0.8275392614987237,1.5450519478857845e-05,0.17151613452122993,0.000929153460567649,25,10,20
35,3943,0.8208348626742944,1.5449434388472516e-05,0.17821937943327795,0.0009303084580399257,25,10,20
35,3944,0.8146277549482782,1.546163697874459e-05,0.18442643755779922,0.0009303458569442829,25,10,20
35,3945,0.8150136388116539,1.5461643438889223e-05,0.18404055493536986,0.0009303446095373216,25,10,20
35,3946,0.8148220405196909,1.548022835216132e-05,0.18423204933488652,0.0009304299170703023,25,10,20
35,3947,0.8143446330208175,1.548785043365299e-05,0.18470939778750275,0.0009304813412461533,25,10,20
35,3948,0.826137078725283,1.5473774055989044e-05,0.17291678554908585,0.0009306619515749644,25,10,20
35,3949,0.8263871605950848,1.547079810261603e-05,0.17266833306388257,0.0009290355429296364,25,10,20
35,3950,0.8098689925844493,1.5470952580460505e-05,0.18918096079043464,0.0009345756725352487,25,10,20
35,3951,0.8108172369004489,1.5415986895671152e-05,0.18823251746646616,0.0009348296461893343,25,10,20
35,3952,0.8244787932755534,3.5708989932344496e-05,0.17455340487294904,0.000932092861564921,25,10,20
35,3953,0.8280279274379506,3.569856971575725e-05,0.17100894023217383,0.0009274337601595424,25,10,20
35,3954,0.8620538972760754,3.5971831731470946e-05,0.13698292099346682,0.0009272098987265677,25,10,20
35,3955,0.8752094334210276,3.635220790070439e-05,0.12382784024968162,0.0009263741213902167,25,10,20
35,3956,0.8798663286834946,3.6078081647097783e-05,0.11909259643044648,0.0010049968044120252,25,10,20
35,3957,0.8805250032579939,3.6079100746310164e-05,0.11843386563940754,0.0010050520018521111,25,10,20
35,3958,0.8875550873006003,3.60699163369438e-05,0.11140463838899319,0.0010042043940694883,25,10,20
35,3959,0.8519683097044013,3.611612368799716e-05,0.1470637615346802,0.0009318126372302998,25,10,20
35,3960,0.8545927403334204,3.1229388909749086e-05,0.14446807708611614,0.0009079531915534682,25,10,20
35,3961,0.8540787313678477,3.122992133368955e-05,0.14498076260325143,0.0009092761075672368,25,10,20
35,3962,0.8543385959503174,3.1226104135151296e-05,0.14472090459716835,0.0009092733483794949,25,10,20
35,3963,0.851070634207695,7.95558865283002e-05,0.1479359809045491,0.0009138290012279097,25,10,20
35,3964,0.8508809304103502,7.955589462887824e-05,0.148125685420046,0.0009138282749751816,25,10,20
35,3965,0.8540484485868636,8.007462063891059e-05,0.14495751502491078,0.0009139617675869215,25,10,20
35,3966,0.8546973327304417,8.007407530301566e-05,0.14430995484451759,0.0009126383497379127,25,10,20
35,3967,0.853703459953816,8.007365555517172e-05,0.14530387620096794,0.000912590189661153,25,10,20
35,3968,0.8412995246878787,0.0001036267267324248,0.15768417333158152,0.0009126752538077333,25,10,20
35,3969,0.836554638547259,0.0001119569274495344,0.1623426124649583,0.0009907920603338654,25,10,20
35,3970,0.8300201079530081,0.00012511072552277792,0.16886291449012,0.0009918668313499805,25,10,20
35,3971,0.8199904085384937,0.0001251109201904478,0.17889261051578662,0.0009918700255298273,25,10,20
35,3972,0.8263164875162066,0.00012509829136729027,0.17256658563871427,0.0009918285537122342,25,10,20
35,3973,0.82576710815751,0.00012513592852881654,0.17310587367578015,0.0010018822381815294,25,10,20
35,3974,0.7972929619806882,0.00012519110511482424,0.20157970496322516,0.0010021419509722528,25,10,20
35,3975,0.7968953489853796,0.00012548084638667518,0.20197702825951477,0.001002141908719374,25,10,20
35,3976,0.7910343377406241,0.00012510763415541682,0.2062639135465093,0.0025766410787111975,25,10,20
35,3977,0.790050993176994,0.00012563428515760232,0.20724300046775138,0.0025803720700970363,25,10,20
35,3978,0.7990793978165718,0.0001255384186781219,0.19903054695333214,0.0017645168114182124,25,10,20
35,3979,0.7976031430098262,0.00012575514238126917,0.20046074548407414,0.0018103563637185255,25,10,20
35,3980,0.797424049843142,0.0001257552648510319,0.200639829788043,0.0018103651039642523,25,10,20
35,3981,0.7975881256718808,0.0001257552808533746,0.20047575211607044,0.0018103669311955726,25,10,20
35,3982,0.7974285016699523,0.00012575536865145918,0.20063538052224442,0.0018103624391521272,25,10,20
35,3983,0.7969479787549062,0.00012576008967910118,0.201114626458761,0.0018116346966540872,25,10,20
35,3984,0.808865210685524,0.00010220735349998633,0.18922103166914928,0.0018115502918270847,25,10,20
35,3985,0.8090676933638606,0.00010221696298789828,0.18909469533127168,0.0017353943418799572,25,10,20
35,3986,0.8148269282944166,8.906322668130204e-05,0.18334493474614558,0.0017390737327567093,25,10,20
35,3987,0.8168047590308107,4.123628985458621e-05,0.1814170886294408,0.001736916049893711,25,10,20
35,3988,0.817536119539563,4.122442924164929e-05,0.18068676654259558,0.001735889488599573,25,10,20
35,3989,0.817593849522589,4.122349590851582e-05,0.18062922594029873,0.0017357010412035608,25,10,20
35,3990,0.8451109117268187,4.1175138028057365e-05,0.15311245800932502,0.0017354551258282774,25,10,20
35,3991,0.816041255737258,0.0006930059986239132,0.1815277691038397,0.001737969160278479,25,10,20
35,3992,0.8058995385560873,0.0006988100860554003,0.19170859832170017,0.0016930530361569808,25,10,20
35,3993,0.8178494074036103,0.000692764513258523,0.17976109748007837,0.0016967306030530307,25,10,20
35,3994,0.8238673131834922,0.0006850803075432439,0.17375095671095192,0.0016966497980129848,25,10,20
35,3995,0.7906851943707988,0.000685087250229735,0.20850378282377213,0.00012593555520036908,25,10,20
35,3996,0.7881240406233914,0.0006855894883844804,0.2110617913082207,0.00012857858000419047,25,10,20
35,3997,0.7886053949248398,0.0006847880259390507,0.2105808700860932,0.00012894696312876596,25,10,20
35,3998,0.7872993183570779,0.0006847734699660178,0.2118882276146725,0.0001276805582841709,25,10,20
35,3999,0.7998716450447004,0.0006842235841937203,0.1993165878307517,0.00012754354035457752,25,10,20
35,4000,0.7740067844261788,0.0006841861526648009,0.22519165760897508,0.00011737181218273899,25,10,20
35,4001,0.8012486350147396,3.238803199589416e-05,0.1986039845990913,0.0001149923541736581,25,10,20
35,4002,0.7922846098442057,3.238082220211089e-05,0.20757255995252094,0.00011044938107194857,25,10,20
35,4003,0.7916657309599293,3.238062473383017e-05,0.20819143988342204,0.0001104485319154698,25,10,20
35,4004,0.7865592303693775,3.236568685049202e-05,0.2133020545867584,0.00010634935701433843,25,10,20
35,4005,0.7572044942198916,3.2386617565956786e-05,0.24265571686867715,0.0001074022938663802,25,10,20
35,4006,0.7691643242055174,1.113121589511272e-05,0.2307180207133763,0.00010652386521181975,25,10,20
35,4007,0.7295384856427232,1.1158976846899113e-05,0.27033739660221856,0.000112958778212048,25,10,20
35,4008,0.7580472938830002,1.0160389773307193e-05,0.24182862547682427,0.00011392025040251632,25,10,20
35,4009,0.7577703873948792,1.0160455664089242e-05,0.24210547790273787,0.00011397424671890194,25,10,20
35,4010,0.7583580932415552,9.657627566280549e-06,0.24152067139522135,0.00011157773565708953,25,10,20
35,4011,0.7584515051235131,9.657591423498672e-06,0.2414272587267199,0.00011157855834329698,25,10,20
35,4012,0.7588521378961319,9.657918351238993e-06,0.2410266258807353,0.00011157830478141219,25,10,20
35,4013,0.7635031737330411,9.660780161387497e-06,0.23637482740972568,0.00011233807707228532,25,10,20
35,4014,0.763913319937435,9.656981655233572e-06,0.23596564453273605,0.00011137854817418728,25,10,20
35,4015,0.7637466474195509,9.656957978329391e-06,0.23613226622718866,0.00011142939528265552,25,10,20
35,4016,0.7624018440066647,9.663711832140838e-06,0.23747709157062555,0.00011140071087757108,25,10,20
35,4017,0.7624411652292491,9.663396689387031e-06,0.23743772196829604,0.00011144940576525639,25,10,20
35,4018,0.7537406273389388,9.674688896382852e-06,0.24613722104352892,0.00011247692863590365,25,10,20
35,4019,0.7548059321167266,9.673979003911132e-06,0.24507191878873644,0.00011247511553283251,25,10,20
35,4020,0.7766354471589055,1.0967509821517536e-05,0.22312213683692583,0.00023144849434749974,25,10,20
35,4021,0.7881207513423449,1.0365345643944044e-05,0.21163785161088466,0.00023103170112718954,25,10,20
35,4022,0.7884828852586883,1.0368146520834966e-05,0.2112756686408859,0.00023107795390570288,25,10,20
35,4023,0.7861426136854552,1.06014382072069e-05,0.21361528122239443,0.00023150365394373988,25,10,20
35,4024,0.7734518659720253,1.0909172605682434e-05,0.22622213437441743,0.00031509048095163374,25,10,20
35,4025,0.7754070888726006,1.0914247798605719e-05,0.2242669379680175,0.00031505891158354054,25,10,20
35,4026,0.7757508589681753,1.0914203417308347e-05,0.223923219505686,0.0003150073227214287,25,10,20
35,4027,0.7712600209331071,1.0923904060001681e-05,0.2284125263630774,0.0003165287997556915,25,10,20
35,4028,0.7829238984790117,2.589640976124556e-06,0.216836205027499,0.0002373068525137942,25,10,20
35,4029,0.7823124391231999,2.5946147118516423e-06,0.21744763616412033,0.000237330097968399,25,10,20
35,4030,0.7983590329424699,2.2958695482611784e-06,0.20148254940389407,0.00015612178408896835,25,10,20
35,4031,0.7983084330645083,2.2958659506467116e-06,0.20153314897600222,0.00015612209353996483,25,10,20
35,4032,0.7966000051179365,2.2973847939003664e-06,0.2029800851409888,0.0004176123562818723,25,10,20
35,4033,0.7962883884235616,2.297180854846774e-06,0.2032916208155626,0.0004176935800221888,25,10,20
35,4034,0.7976772321147088,2.265049830782033e-06,0.20190294419414176,0.0004175586413196978,25,10,20
35,4035,0.7890364613704373,2.2444592529836385e-06,0.21054932453805722,0.0004119696322526174,25,10,20
35,4036,0.7894301228004832,2.2399902314583117e-06,0.21015674680384022,0.00041089040544522656,25,10,20
35,4037,0.7930024409192385,2.0126106305372694e-06,0.206585823824214,0.00040972264591747674,25,10,20
35,4038,0.8016703424888412,2.015739196269315e-06,0.1979151064805061,0.0004125352914569497,25,10,20
35,4039,0.8271413964885472,1.973140802611523e-06,0.17244931060977653,0.00040731976087401896,25,10,20
35,4040,0.8138435594655086,2.5345727531777346e-06,0.1859295147826397,0.00022439117909840554,25,10,20
35,4041,0.8134757361852227,2.536024569319033e-06,0.18630212146566058,0.00021960632454760137,25,10,20
35,4042,0.7884287997132751,2.5296888734015134e-06,0.21134883203457178,0.00021983856327982654,25,10,20
35,4043,0.7885718663572976,2.5287441771731366e-06,0.2112060326751742,0.00021957222335078117,25,10,20
35,4044,0.7894856002971322,2.5277811265575515e-06,0.21029230052323875,0.0002195713985021975,25,10,20
35,4045,0.7938646205548413,3.1948270080921513e-06,0.20591324529956698,0.0002189393185833686,25,10,20
35,4046,0.7940534028078295,3.1903204900205153e-06,0.2057244917252707,0.00021891514640947775,25,10,20
35,4047,0.7680019129989585,3.1866247498337858e-06,0.23177703290677015,0.0002178674695212865,25,10,20
35,4048,0.7516546228049289,3.1868914016273655e-06,0.24795125985521912,0.0003909304484500043,25,10,20
35,4049,0.7700366995842652,3.2946480526321542e-06,0.22953865277111574,0.0004213529965669421,25,10,20
35,4050,0.7701017857167196,3.2946537537506027e-06,0.22947354083756197,0.00042137879196537195,25,10,20
35,4051,0.7750336785070958,2.0010775311146143e-06,0.2246619770804289,0.0003023433349441976,25,10,20
35,4052,0.7412100441471468,2.016003670448534e-06,0.2584807395170737,0.00030720033210882106,25,10,20
35,4053,0.744107125615541,1.4894495252335904e-06,0.25558682989401615,0.00030455504091747343,25,10,20
35,4054,0.7446198500734081,2.954004434751026e-06,0.25507264441463406,0.00030455150752300807,25,10,20
35,4055,0.7594360126971157,2.391187294638225e-06,0.24033561046878635,0.00022598564680369152,25,10,20
35,4056,0.7945248632568898,9.385898568135093e-07,0.20524839487039298,0.0002258032828597296,25,10,20
35,4057,0.7944902444276188,9.386435500079849e-07,0.20528174796099807,0.00022706896783250614,25,10,20
35,4058,0.7940630993585431,9.383607615246113e-07,0.20570894459316708,0.0002270176875274506,25,10,20
35,4059,0.8235930012530929,1.415509950676668e-05,0.17616470003082388,0.00022814361657554273,25,10,20
35,4060,0.8490579009864365,1.4505717480808643e-05,0.15060438848940194,0.0003232048066801853,25,10,20
35,4061,0.839378217367861,1.4891303484681159e-05,0.16028027916026694,0.0003266121683868502,25,10,20
35,4062,0.8399571024689959,1.4888496030377265e-05,0.1597014456893135,0.0003265633456599954,25,10,20
35,4063,0.8391169356479387,1.4889020960268114e-05,0.1605415858636177,0.0003265894674831617,25,10,20
35,4064,0.8390290057215668,1.4888922471205256e-05,0.16062951758111688,0.000326587774844658,25,10,20
35,4065,0.8389487763671407,1.4891768556069415e-05,0.16070766912049653,0.00032866274380633984,25,10,20
35,4066,0.8557889721510301,1.4891159110541857e-05,0.14404053854507612,0.00015559814478277104,25,10,20
35,4067,0.8468044527138785,1.5410134944609635e-05,0.1530245460393269,0.0001555911118493147,25,10,20
35,4068,0.810093826706537,1.54112643513305e-05,0.1893544856462407,0.000536276382870075,25,10,20
35,4069,0.8095753144323041,1.5419617525677846e-05,0.18987096608323126,0.0005382998669380158,25,10,20
35,4070,0.8195223764172475,1.5408220351562486e-05,0.1799240742071585,0.0005381411552413944,25,10,20
35,4071,0.8190865712721692,1.5412314060397474e-05,0.18035876700192874,0.0005392494118406179,25,10,20
35,4072,0.8048827138390493,1.543395660683527e-05,0.19456240094792654,0.0005394512564165192,25,10,20
35,4073,0.8063866169321678,1.5427208574378827e-05,0.1930585264324689,0.0005394294267879841,25,10,20
35,4074,0.8069396642618993,2.210617625590787e-06,0.19251980143636463,0.0005383236841095614,25,10,20
35,4075,0.8070124341722699,2.1961411434869574e-06,0.1924508874631744,0.0005344822234115121,25,10,20
35,4076,0.7834692350773735,1.6786168437338174e-06,0.1899575569446753,0.02657152936110652,25,10,20
35,4077,0.7838351833158598,1.678837859625543e-06,0.18959170591815058,0.0265714319281291,25,10,20
35,4078,0.820446435189297,1.6771089875823865e-06,0.15336114643205412,0.026190741269660398,25,10,20
35,4079,0.8208922585042167,1.67302190953226e-06,0.15291643454950127,0.02618963392437167,25,10,20
35,4080,0.8216402492732814,1.6628326424551057e-06,0.1521685024995169,0.026189585394558467,25,10,20
35,4081,0.8224649054926645,1.6478079061735537e-06,0.15134243673070658,0.026191009968721955,25,10,20
35,4082,0.8224788778139667,1.6483883789886138e-06,0.15132710102731722,0.026192372770336293,25,10,20
35,4083,0.8217745732742308,1.6651287652524332e-06,0.15202889543045658,0.02619486616654679,25,10,20
35,4084,0.8167339714046595,1.66386699672059e-06,0.15706991327952224,0.02619445144882027,25,10,20
35,4085,0.79448017616584,1.3054622598702859e-05,0.17621607844343218,0.029290690768128288,25,10,20
35,4086,0.7937793419568046,1.305464691978064e-05,0.17691690777205168,0.029290695624223182,25,10,20
35,4087,0.78722218152119,1.3053193216136176e-05,0.169880669807929,0.042884095477664204,25,10,20
35,4088,0.7872278942390345,1.3052405440448299e-05,0.16992548137592098,0.04283357197960346,25,10,20
35,4089,0.7935946034917627,1.3052242559599335e-05,0.16355879230632148,0.042833551959355606,25,10,20
35,4090,0.8070880388248842,1.3041340781454236e-05,0.14415908868043337,0.0487398311538999,25,10,20
35,4091,0.7775721898727452,1.63948273295607e-05,0.17367129328347417,0.04874012201645085,25,10,20
35,4092,0.7611525908755187,1.6395036617749284e-05,0.1900908915176237,0.04874012257023907,25,10,20
35,4093,0.7227995961098331,1.6378514354783095e-05,0.22844626396264828,0.048737761413164396,25,10,20
35,4094,0.7231632821164883,1.637341426836737e-05,0.22808432679108656,0.04873601767815749,25,10,20
35,4095,0.7550847131288737,1.689520684318962e-05,0.19610884816279803,0.04878954350148496,25,10,20
35,4096,0.7563315932235659,1.6895272452586618e-05,0.1948619710946874,0.048789540409293466,25,10,20
35,4097,0.7564459025720157,1.6889822149909198e-05,0.1947477164854014,0.048789491120432536,25,10,20
35,4098,0.7565015159976913,1.6889821162404222e-05,0.1946920071147521,0.04878958706639375,25,10,20
35,4099,0.7330401402437888,1.688964169328891e-05,0.21815337579754396,0.04878959431697431,25,10,20
35,4100,0.7718684678290085,1.6909513896775103e-05,0.17932496489128325,0.04878965776581163,25,10,20
35,4101,0.7716101155532635,1.6909530184439056e-05,0.17958324213737087,0.048789732779181486,25,10,20
35,4102,0.7358039267033065,1.9318605700953678e-05,0.2153865595508326,0.04879019514016002,25,10,20
35,4103,0.7548327711271213,8.021539318412496e-06,0.19944108356935913,0.045718123764201486,25,10,20
35,4104,0.753405195817869,8.021972210131102e-06,0.2008635776994015,0.045723204510519706,25,10,20
35,4105,0.7564519475155181,8.03600400894438e-06,0.19781765522088698,0.04572236125958673,25,10,20
35,4106,0.7574761216014311,8.016122193293506e-06,0.19679357089504365,0.045722291381332776,25,10,20
35,4107,0.7778941764263293,7.91248715685117e-06,0.17640630829327944,0.04569160279323493,25,10,20
35,4108,0.7739671272891951,8.041250683890309e-06,0.18033192013747446,0.04569291132264738,25,10,20
35,4109,0.7777483215555283,8.02010818263431e-06,0.1765488975292777,0.045694760807012014,25,10,20
35,4110,0.7668651327701721,8.020245299702013e-06,0.187372068236755,0.04575477874777365,25,10,20
35,4111,0.8023533984043878,5.610922314420002e-06,0.15188673846849376,0.04575425220480388,25,10,20
35,4112,0.7935588799392389,5.713583308354024e-06,0.16062684963858698,0.04580855683886585,25,10,20
35,4113,0.7764803240307375,5.7360128300669994e-06,0.177705327173985,0.04580861278244749,25,10,20
35,4114,0.7868739354841234,5.350375952590417e-06,0.16731567012324564,0.04580504401667868,25,10,20
35,4115,0.7974888579009489,5.349873919819793e-06,0.15670280040808687,0.04580299181704511,25,10,20
35,4116,0.801468722437918,5.212328575668786e-06,0.15272440033938,0.04580166489412672,25,10,20
35,4117,0.8251699356466635,5.198591801998471e-06,0.13491099461443443,0.039913871147100266,25,10,20
35,4118,0.7991261253434281,6.2651597256762e-06,0.16094891391679314,0.03991869558005327,25,10,20
35,4119,0.785923752572494,6.980462753856922e-06,0.17375201328089915,0.04031725368385311,25,10,20
35,4120,0.7829621250846521,7.792801340160616e-06,0.176708956530684,0.040321125583322404,25,10,20
35,4121,0.8090627595351638,6.726838839928728e-06,0.15061449188710638,0.04031602173889022,25,10,20
35,4122,0.8086052619033255,6.726843571274058e-06,0.15107199002847965,0.04031602122462405,25,10,20
35,4123,0.8018121958230323,7.194071077140054e-06,0.1578645471221762,0.04031606298371477,25,10,20
35,4124,0.8002071869834539,7.194462300126496e-06,0.15947073715515445,0.040314881399092034,25,10,20
35,4125,0.7836291651582006,7.194341842244652e-06,0.17604891838668738,0.04031472211326912,25,10,20
35,4126,0.7445862771867046,8.625240722659365e-06,0.21470858832314607,0.040696509249425986,25,10,20
35,4127,0.7511473831928468,8.15821386490606e-06,0.20814797229012197,0.04069648630316534,25,10,20
35,4128,0.7804059099630668,4.804627392719743e-06,0.17889311624131526,0.04069616916822412,25,10,20
35,4129,0.8112866778041407,3.5517387711529826e-06,0.14802065982059465,0.040689110636493844,25,10,20
35,4130,0.8136419771284632,3.5486216855853497e-06,0.1456914800751121,0.04066299417473956,25,10,20
35,4131,0.8135927790108617,3.548645861672054e-06,0.14574067659712703,0.04066299574614991,25,10,20
35,4132,0.8223909079558883,3.4658065119921627e-06,0.1369981970824581,0.04060742915514162,25,10,20
35,4133,0.820184574943837,3.376057271923579e-06,0.13960294890847946,0.04020910009041168,25,10,20
35,4134,0.8203083360105474,3.371049709128503e-06,0.13947919241639148,0.040209100523352116,25,10,20
35,4135,0.8216760896897926,2.8487522897356724e-06,0.13816562174892913,0.040155439808988606,25,10,20
35,4136,0.8213513730150201,2.8489170713303405e-06,0.1384890263896263,0.04015675167828234,25,10,20
35,4137,0.822977037408662,2.8488307469222576e-06,0.1368685397258802,0.04015157403471108,25,10,20
35,4138,0.856946208296278,1.4221141107478526e-06,0.10328253167382105,0.03976983791579058,25,10,20
35,4139,0.8509758860367522,1.4150781492519824e-06,0.10925497937393297,0.0397677195111654,25,10,20
35,4140,0.8503236272592828,1.447442928619034e-06,0.10990704675692958,0.039767878540858816,25,10,20
35,4141,0.8502239402011553,1.447678018685352e-06,0.11000673274044143,0.03976787938038439,25,10,20
35,4142,0.844540479842843,1.451603822241064e-06,0.11569021456531209,0.03976785398802223,25,10,20
35,4143,0.8351415587454651,1.5919782638971597e-06,0.12508609994925843,0.03977074932701198,25,10,20
35,4144,0.8400599148531147,1.4487699594139263e-06,0.12017094727286555,0.03976768910405997,25,10,20
35,4145,0.8335712757251844,1.4780284029108497e-05,0.12664633435780712,0.039767609632978894,25,10,20
35,4146,0.8336910184975527,1.4781055169647711e-05,0.12664856101425326,0.03964563943302362,25,10,20
35,4147,0.8334742766227188,1.4782137041940284e-05,0.12686649298289754,0.03964444825734092,25,10,20
35,4148,0.8227001620236204,1.5200303664575207e-05,0.137640149626134,0.03964448804658018,25,10,20
35,4149,0.8226018839751953,1.5200303754529938e-05,0.1377478183946322,0.03963509732641723,25,10,20
35,4150,0.8336634957407759,1.4782153769529233e-05,0.1266866150910652,0.03963510701438854,25,10,20
35,4151,0.8328681137956632,1.5087012194096759e-05,0.127480899464935,0.039635899727206964,25,10,20
35,4152,0.832881505308192,1.5087540564707496e-05,0.12746750902308548,0.039635898128157016,25,10,20
35,4153,0.833025545763903,1.5087107022847398e-05,0.1273234674195814,0.03963589970949222,25,10,20
35,4154,0.8322040999761358,1.4762434863286094e-05,0.1281447570789637,0.03963638051003654,25,10,20
35,4155,0.8383214353997843,1.4753740244795e-05,0.12202745018633643,0.03963636067363392,25,10,20
35,4156,0.8382922984493233,1.4753743053546961e-05,0.12187164849602564,0.03982129931159704,25,10,20
35,4157,0.8456435819107148,1.389516247028361e-06,0.11453378409595949,0.0398212444770782,25,10,20
35,4158,0.8456416718166971,1.3887152071790167e-06,0.11421723943162608,0.04013970003646906,25,10,20
35,4159,0.8457167343283395,1.3888696370904538e-06,0.11414213066703574,0.04013974613498743,25,10,20
35,4160,0.8520997654644116,1.1670618335686636e-06,0.10775907743835965,0.0401399900353949,25,10,20
35,4161,0.8519247496765892,1.1677602853408326e-06,0.10793402466517961,0.04014005789794605,25,10,20
35,4162,0.8513901356781514,1.183733506669731e-06,0.10846731677914356,0.040141363809198444,25,10,20
35,4163,0.8664375089719394,1.1752707032699084e-06,0.09341136184624999,0.04014995391110766,25,10,20
35,4164,0.8825662398824119,5.496786708851789e-07,0.07728349312068068,0.04014971731823688,25,10,20
35,4165,0.8946353713301505,1.8104781111661912e-07,0.06531269266519246,0.04005175495684602,25,10,20
35,4166,0.8942117940005295,1.97208246655271e-07,0.06573389185657899,0.040054116934644945,25,10,20
35,4167,0.8942984220566078,1.833869446393532e-07,0.06564900923124764,0.04005238532520017,25,10,20
35,4168,0.8942989409785469,1.8340030248853935e-07,0.06606240696063116,0.03963846866051967,25,10,20
35,4169,0.8582627116130824,1.8433001353034904e-07,0.1020985865257581,0.03963851753114517,25,10,20
35,4170,0.8587175662585952,1.8469254291336484e-07,0.10164372857322265,0.039638520475638546,25,10,20
35,4171,0.8679217863997064,1.9454737090887543e-07,0.09243943698982356,0.03963858206309847,25,10,20
35,4172,0.8609208471436712,3.74433081846875e-07,0.09943936980493227,0.03963940861831383,25,10,20
35,4173,0.8585971697060911,3.7339643920037194e-07,0.10173103040496212,0.039671426492506524,25,10,20
35,4174,0.8558858601252656,2.797868395934273e-07,0.10446660050241655,0.03964725958547722,25,10,20
35,4175,0.8622416111212624,1.0024273603224888e-07,0.0981118058302062,0.039646482805794386,25,10,20
35,4176,0.8619239466619224,9.680992414973363e-08,0.09842933805659053,0.03964661847156165,25,10,20
35,4177,0.867916561383613,9.657256118971619e-08,0.09243672350983351,0.0396466185339913,25,10,20
35,4178,0.8664976250209154,9.722946166680916e-08,0.09385538641769323,0.039646891331928516,25,10,20
35,4179,0.867150916647586,8.143890912259728e-08,0.0932034172709656,0.03964558464253824,25,10,20
35,4180,0.85081237383334,2.924728091778367e-07,0.1079550602370399,0.041232273456809514,25,10,20
35,4181,0.8508153140918111,2.923833791086303e-07,0.10795214351304393,0.0412322500117644,25,10,20
35,4182,0.855523646721251,2.898440113440654e-07,0.10324343222112756,0.04123263121360888,25,10,20
35,4183,0.8551818433770052,3.0271371503652355e-07,0.10358516161843592,0.04123269229084281,25,10,20
35,4184,0.8639431094561745,2.97082835434427e-07,0.09482260038403871,0.04123399307695011,25,10,20
35,4185,0.8554576557863273,4.077333790899019e-07,0.10330790068421516,0.04123403579607723,25,10,20
35,4186,0.8616367199840232,3.926896280742669e-07,0.09712885626765211,0.04123403105869573,25,10,20
35,4187,0.8770222001085675,1.9950968834942692e-07,0.0830508194515642,0.039926780930179574,25,10,20
35,4188,0.8768579284409401,1.9978751147498952e-07,0.0832123128919842,0.03992955887956407,25,10,20
35,4189,0.8779438012160131,1.818549194576219e-07,0.08240589710137745,0.03965011982768979,25,10,20
35,4190,0.8791968739869169,4.4095631633752757e-07,0.08115386258465779,0.039648822472108824,25,10,20
35,4191,0.8876859898875922,3.3020712687348954e-07,0.07266490145602578,0.03964877844925516,25,10,20
35,4192,0.8805115337864574,3.3307030443319223e-07,0.07983937495876074,0.039648758184477634,25,10,20
35,4193,0.8893177468342627,3.497733274827186e-07,0.07109300262784997,0.03958890076455994,25,10,20
35,4194,0.9250676131401836,3.7946588366200214e-07,0.03534322974429652,0.03958877764963663,25,10,20
35,4195,0.9136036651075155,8.611729953636975e-06,0.04679708962961779,0.03959063353291303,25,10,20
35,4196,0.9136642280273434,8.611137458939987e-06,0.04673657447733392,0.03959058635786327,25,10,20
35,4197,0.9052137368111444,3.7019654337721286e-07,0.055075704918636205,0.039710188073675254,25,10,20
35,4198,0.9052049958042887,3.702095207473894e-07,0.05508444460673801,0.039710189379451644,25,10,20
35,4199,0.9052044741804822,3.70196348737008e-07,0.054671081559939924,0.04012407406322857,25,10,20
35,4200,0.89944026243702,3.6829370350429966e-07,0.06043590101337825,0.040123468255897465,25,10,20
35,4201,0.899390097499837,3.987496122799703e-07,0.06048608407732114,0.040123419673228876,25,10,20
35,4202,0.8996546455208544,3.984173940435598e-07,0.06022167147190004,0.040123284589850663,25,10,20
35,4203,0.8992134161205483,4.137053668176358e-07,0.06065870978669475,0.040127460387389326,25,10,20
35,4204,0.899550017394863,4.0093378978687975e-07,0.06032215710182253,0.04012742456952403,25,10,20
35,4205,0.8890679589165128,6.108712285024247e-07,0.07080401917051565,0.04012741104174244,25,10,20
35,4206,0.8890471109849389,6.111003512943363e-07,0.07082486581294517,0.04012741210176408,25,10,20
35,4207,0.8992733657454431,4.089610813879408e-07,0.060598568686178245,0.04012765660729643,25,10,20
35,4208,0.8998103863676505,4.0323151820178717e-07,0.060064981274321756,0.04012422912650876,25,10,20
35,4209,0.9022452331166056,3.90368143712453e-07,0.05763869161306867,0.04011568490218132,25,10,20
35,4210,0.9241505900606655,3.824824016436149e-07,0.03585496067255756,0.03999406678437479,25,10,20
35,4211,0.908180006308232,3.944821298015844e-07,0.05182543749521527,0.03999416171442193,25,10,20
35,4212,0.9156015049539511,3.914383766813327e-07,0.0444039697654384,0.03999413384223336,25,10,20
35,4213,0.9151557847481621,3.912158977738056e-07,0.04484966689970956,0.03999415713622996,25,10,20
35,4214,0.9147714077706192,3.9160680585836233e-07,0.045234006833447304,0.0399941937891274,25,10,20
35,4215,0.9146321119302081,3.9676998221633773e-07,0.04537327361907001,0.03999421768073948,25,10,20
35,4216,0.9148265835794729,3.8585190273183186e-07,0.04517601817454321,0.039997012394080954,25,10,20
35,4217,0.9045501399127311,6.005219524293162e-07,0.05542219651475059,0.04002706305056548,25,10,20
35,4218,0.9104979466411135,5.885763592674742e-07,0.04947442835357006,0.040027036428956865,25,10,20
35,4219,0.9150180320320541,5.919170814401474e-07,0.044954108678423844,0.04002726737244017,25,10,20
35,4220,0.9208150514719401,5.88370414812106e-07,0.03915710236841553,0.04002725778922934,25,10,20
35,4221,0.9234584323257564,5.879657300635574e-07,0.03654587809436898,0.03999510161414452,25,10,20
35,4222,0.9291626927144833,5.87790105538782e-07,0.030841618489821886,0.03999510100558932,25,10,20
35,4223,0.9297400843035248,5.571367951337397e-07,0.030264238188660544,0.039995120371019516,25,10,20
35,4224,0.929780101611912,5.562155982265955e-07,0.030224320688437903,0.03999502148405165,25,10,20
35,4225,0.9294312726627316,5.528731415261713e-07,0.030573375361648746,0.03999479910247797,25,10,20
35,4226,0.9257182189478954,5.528813547687395e-07,0.03428526380169293,0.039995964369056544,25,10,20
35,4227,0.9218907239320652,7.527601647787772e-07,0.03811256660172817,0.03999595670604164,25,10,20
35,4228,0.9214112757966589,7.539004968996209e-07,0.03858966580044171,0.039998304502402424,25,10,20
35,4229,0.9217630609501404,7.522626912260284e-07,0.038238314493489474,0.03999787229367871,25,10,20
35,4230,0.9217710792180506,7.970661246709347e-07,0.03822862220033338,0.03999950151549117,25,10,20
35,4231,0.9254334098137023,6.051298677304207e-07,0.03456637805899852,0.03999960699743133,25,10,20
35,4232,0.9250650228855841,7.525935109944136e-07,0.034934578334993166,0.03999964618591161,25,10,20
35,4233,0.9311281321502087,7.764836853432057e-07,0.028870217243237163,0.04000087412286839,25,10,20
35,4234,0.9311557079649145,7.763027080495706e-07,0.028842642718496448,0.04000087301388072,25,10,20
35,4235,0.8977102785686546,7.764802344690793e-07,0.062287979227110914,0.04000096572400024,25,10,20
35,4236,0.8980225226139871,7.633628452892361e-07,0.06197587136458104,0.04000084265858694,25,10,20
35,4237,0.8981852274194904,7.62703689660306e-07,0.06181316334864108,0.0400008465281789,25,10,20
35,4238,0.8981886323178475,7.62704139754237e-07,0.06180975983973584,0.04000084513827697,25,10,20
35,4239,0.8929365203745772,5.033883715620942e-07,0.06706213792363398,0.040000838313417296,25,10,20
35,4240,0.8922646695162615,7.281254180556101e-07,0.06768776447626337,0.040046837882057235,25,10,20
35,4241,0.8613915438263882,7.513279759640236e-07,0.09855477397644494,0.040052930869191004,25,10,20
35,4242,0.8616983662243194,7.51361481179283e-07,0.09824793885037514,0.04005294356382426,25,10,20
35,4243,0.8619895875352978,6.039024830602715e-07,0.0979568590420548,0.04005294952016416,25,10,20
35,4244,0.8620617991164318,3.9148766971910824e-07,0.09793222803170941,0.040005581364189,25,10,20
35,4245,0.8623380238097491,4.0055569600733455e-07,0.09507730002287491,0.042584275611680225,25,10,20
35,4246,0.8623926741468935,4.004991190632823e-07,0.09502268774511059,0.042584237608877175,25,10,20
35,4247,0.8614681757099859,4.003503183695625e-07,0.09594989341244219,0.04258153052725363,25,10,20
35,4248,0.8618851948090025,4.000892020535654e-07,0.09553289854334665,0.04258150655844927,25,10,20
35,4249,0.8618959680798923,4.001164133433235e-07,0.09553760411307673,0.04256602769061834,25,10,20
35,4250,0.8618110285176098,4.0077249329190815e-07,0.09562253095392165,0.04256603975597582,25,10,20
35,4251,0.8952648301994688,4.003364702210352e-07,0.06216884558633354,0.04256592387772729,25,10,20
35,4252,0.8914329795638949,4.034834245731171e-07,0.06599983982400597,0.042566777128674384,25,10,20
35,4253,0.8902967387084394,4.2352111816050083e-07,0.06713605684467629,0.04256678092576613,25,10,20
35,4254,0.8956538244005066,4.2374243981416687e-07,0.061778987984175124,0.0425667638728783,25,10,20
35,4255,0.9257701550501565,4.194060511346092e-07,0.03166862166966578,0.042560803874126106,25,10,20
35,4256,0.925326563839345,4.0003912737814985e-07,0.03211490713969188,0.04255812898183562,25,10,20
35,4257,0.9261227420890359,6.755297995777242e-07,0.031318403966080065,0.04255817841508403,25,10,20
35,4258,0.8966950056703262,8.030330865463323e-07,0.0607126289608054,0.042591562335781735,25,10,20
35,4259,0.883275500422794,7.945983988120604e-07,0.07671196942942783,0.040011735549379146,25,10,20
35,4260,0.8818152131293833,7.800822875286978e-07,0.0781720184707231,0.04001198831760594,25,10,20
35,4261,0.883077203427224,7.612307720596748e-07,0.07691017975638491,0.040011855585618976,25,10,20
35,4262,0.8831018544591624,7.651842141622274e-07,0.1133852878213762,0.0035120925352477572,25,10,20
35,4263,0.8821547882311226,7.65170375706588e-07,0.11432735502794086,0.0035170915705614817,25,10,20
35,4264,0.8822674505031007,7.191036897405906e-07,0.11421873818602597,0.003513092207184409,25,10,20
35,4265,0.8823339701832595,7.184653280544185e-07,0.11415210830839158,0.0035132030430215155,25,10,20
35,4266,0.8828154712933427,7.184801913796502e-07,0.11367060466100591,0.0035132055654608363,25,10,20
35,4267,0.8837397300411972,7.265059294685724e-07,0.11274576007463272,0.003513783378241294,25,10,20
35,4268,0.8837420527222589,7.265061383028067e-07,0.11274343732824636,0.003513783443356974,25,10,20
35,4269,0.8833088140619162,9.177641301308603e-07,0.113175597091276,0.0035146710826779903,25,10,20
35,4270,0.8820476854508736,9.374264636347047e-07,0.11443658899611751,0.0035147881265455267,25,10,20
35,4271,0.8693163122237894,1.4771083555829416e-06,0.12716752516527863,0.0035146855025768487,25,10,20
35,4272,0.869047999356364,1.4811253371664788e-06,0.12743501211065472,0.003515507407644601,25,10,20
35,4273,0.861113548078225,1.6233730106947236e-06,0.1330484035450616,0.005836425003703239,25,10,20
35,4274,0.8611201342991864,1.6234134037520727e-06,0.1330417814165976,0.00583646087081269,25,10,20
35,4275,0.8613157942436735,1.6226922213188818e-06,0.13284617112356756,0.005836411940537978,25,10,20
35,4276,0.8614394126825499,1.6226889558613105e-06,0.13272255272198405,0.005836411906510633,25,10,20
35,4277,0.8619445110248917,2.34128391953853e-06,0.1354571519267381,0.0025959957644513063,25,10,20
35,4278,0.8615633794438409,2.1650674548360572e-06,0.13568345584705643,0.0027509996416483066,25,10,20
35,4279,0.8620641907222408,2.1560096388772337e-06,0.13518350720551342,0.0027501460626076875,25,10,20
35,4280,0.8669800602784896,1.9453041842833674e-06,0.13029592445189617,0.0027220699654306674,25,10,20
35,4281,0.8674268018672524,1.6500296395683309e-06,0.12984951227201458,0.002722035831093991,25,10,20
35,4282,0.8641084932534969,1.6568153321954229e-06,0.133167310435563,0.0027225394956082766,25,10,20
35,4283,0.8658747775342845,1.6567574704375133e-06,0.13140103533661918,0.0027225303716263707,25,10,20
35,4284,0.8643500450094791,1.6574366846904499e-06,0.13292576467419898,0.0027225328796378666,25,10,20
35,4285,0.8452072846998783,2.7143558836812745e-06,0.15206238488779453,0.0027276160564437967,25,10,20
35,4286,0.8571077352802248,2.5481588260359057e-06,0.14248431483208066,0.0004054017288690023,25,10,20
35,4287,0.858603291753072,2.7995804931310734e-06,0.1409904371927558,0.00040347147367949886,25,10,20
35,4288,0.8511283878969117,2.78799260876522e-06,0.1485721384405533,0.0002966856699267557,25,10,20
35,4289,0.8510793398414706,2.7880499131329693e-06,0.14862118487142129,0.00029668723719553417,25,10,20
35,4290,0.848492881973942,2.7944633655812083e-06,0.15120707217039034,0.0002972513923025484,25,10,20
35,4291,0.8643134772122836,2.794441223592226e-06,0.13538652801287485,0.00029720033361856275,25,10,20
35,4292,0.8680060741835924,2.791498429935515e-06,0.13169470902086716,0.00029642529711042405,25,10,20
35,4293,0.8629719786853959,2.7987692460475666e-06,0.1367287708256413,0.00029645171971620914,25,10,20
35,4294,0.863027584311773,2.798951701282073e-06,0.1366731628677407,0.00029645386878449396,25,10,20
35,4295,0.8656028438483839,2.9607001915674492e-06,0.13412465552797503,0.0002695399234488547,25,10,20
35,4296,0.8655985545788458,2.9606118440791907e-06,0.1341289934739664,0.00026949133534313245,25,10,20
35,4297,0.8655969815141126,2.9602495954527917e-06,0.13413056724511527,0.00026949099117627837,25,10,20
35,4298,0.8643694725498857,2.7048435397097065e-06,0.135357425182449,0.00027039742412503687,25,10,20
35,4299,0.8657249126390915,2.704339784961488e-06,0.13400209263602933,0.0002702903850940199,25,10,20
35,4300,0.8705250333709168,2.539321164537389e-06,0.12922428528650934,0.0002481420214094981,25,10,20
35,4301,0.8538972871477362,3.1220142923227654e-06,0.1458487442496952,0.0002508465882760962,25,10,20
35,4302,0.8538983284700066,3.1220118685785512e-06,0.14584770393520546,0.0002508455829191497,25,10,20
35,4303,0.8549319996957275,3.1214145845505594e-06,0.14481403542162322,0.0002508434680642968,25,10,20
35,4304,0.8558786046058539,3.1061198849019558e-06,0.14387162162607572,0.00024666764818502486,25,10,20
35,4305,0.85573557969681,3.1062683774813974e-06,0.14401418882697128,0.0002471252078407772,25,10,20
35,4306,0.8564555724435198,3.094445928402448e-06,0.14329530852796835,0.0002460245825831345,25,10,20
35,4307,0.8564518753477711,3.094441132953461e-06,0.14329900610498578,0.0002460241061098148,25,10,20
35,4308,0.8563055059005302,3.0945613883220505e-06,0.143445369362,0.00024603017608121265,25,10,20
35,4309,0.8746533533028641,2.048078412448638e-06,0.12510350701209802,0.00024109160662563232,25,10,20
35,4310,0.8541044782016756,2.2652146177222852e-06,0.1424475322484816,0.003445724335224685,25,10,20
35,4311,0.8459917618552847,8.589034880299326e-06,0.15055340730816538,0.003446241801669414,25,10,20
35,4312,0.8459675035887938,8.589059548911622e-06,0.15057766545230689,0.003446241899349996,25,10,20
35,4313,0.8355052825862828,8.589575840280214e-06,0.16103979812271135,0.0034463297151655836,25,10,20
35,4314,0.8234766631058347,8.974199452058836e-06,0.17306799904902323,0.003446363645689813,25,10,20
35,4315,0.8236151959466396,9.170521282369662e-06,0.17293169237631273,0.003443941155765327,25,10,20
35,4316,0.8411786825877554,8.568181893478994e-06,0.15537153525370628,0.003441213976644619,25,10,20
35,4317,0.8584695662301471,8.575261189565891e-06,0.1412851919778298,0.00023666653083346254,25,10,20
35,4318,0.8673025185948489,2.234042436289236e-06,0.13245911696560195,0.00023613039711311234,25,10,20
35,4319,0.8669979402311004,2.2390866115268254e-06,0.13276234401637196,0.0002374766659161797,25,10,20
35,4320,0.8662944434154032,2.249004979948038e-06,0.13346322468967067,0.00024008288994633686,25,10,20
35,4321,0.8796880687261638,1.7089830234864807e-06,0.12007013187150087,0.00024009041931167226,25,10,20
35,4322,0.8791130327745246,1.7492935297730963e-06,0.1206345844019824,0.0002506335299631505,25,10,20
35,4323,0.88959059082618,1.748777059451981e-06,0.11015711475504154,0.00025054564171976047,25,10,20
35,4324,0.8894445984638121,1.753807130241628e-06,0.11030310226780166,0.0002505454612565646,25,10,20
35,4325,0.8892976252594046,1.7591448526714133e-06,0.11044994890318881,0.0002506666925545628,25,10,20
35,4326,0.8893422230486878,1.738363030792084e-06,0.11041716516013464,0.0002388734281474344,25,10,20
35,4327,0.9182337402145354,1.6129025205650212e-06,0.08154103245343922,0.0002236144295051307,25,10,20
35,4328,0.9187241073666165,1.6035345238407075e-06,0.08105328083066507,0.00022100826819478146,25,10,20
35,4329,0.9227556487795359,1.615654365474913e-06,0.07702151817467401,0.00022121739142515973,25,10,20
35,4330,0.9238587141797906,1.5961760894843763e-06,0.07591866328754464,0.00022102635657572574,25,10,20
35,4331,0.9240086367307835,1.59601286912666e-06,0.07576920082972104,0.00022056642662692254,25,10,20
35,4332,0.9244043643267916,1.6160772132632294e-06,0.07537353910299797,0.00022048049299739703,25,10,20
35,4333,0.9252123837311701,1.6056670788166928e-06,0.07456567479544883,0.00022033580630261457,25,10,20
35,4334,0.9070558773835288,3.28886097372964e-06,0.0927178296485468,0.0002230041069507679,25,10,20
35,4335,0.8995337353803441,3.293036706825693e-06,0.10023917624003113,0.0002237953429178502,25,10,20
35,4336,0.8661735853289284,4.46155748702182e-06,0.1335858258801498,0.00023612723343480963,25,10,20
35,4337,0.8671729830630954,4.835693704621176e-06,0.132586543717909,0.0002356375252909323,25,10,20
35,4338,0.8669328662715156,4.932341315539425e-06,0.1328263329808614,0.00023586840630756545,25,10,20
35,4339,0.8547657580994119,4.932823561238915e-06,0.14499343968247536,0.00023586939455161484,25,10,20
35,4340,0.8669210040894245,4.93235650671441e-06,0.1328381940863931,0.00023586946767575033,25,10,20
35,4341,0.8597516144478008,4.8365652228828665e-06,0.1400079930665221,0.00023555592045426376,25,10,20
35,4342,0.8590148762347235,5.783953021205294e-06,0.14073938318088394,0.00023995663137139938,25,10,20
35,4343,0.8584963060531489,5.784334169770893e-06,0.14125794816360243,0.0002399614490790322,25,10,20
35,4344,0.8660567290780884,5.780204561433421e-06,0.13369823617779472,0.00023925453955558226,25,10,20
35,4345,0.866060846879209,5.785261249650944e-06,0.13369413311586464,0.00023923474367675313,25,10,20
35,4346,0.8645918481684802,5.8214211974817724e-06,0.1351530631881486,0.00024926722217381435,25,10,20
35,4347,0.8979524139069617,4.653180282135916e-06,0.10180597004183982,0.00023696287091642813,25,10,20
35,4348,0.8888363865674083,4.616886033159825e-06,0.11083344473217695,0.00032555181438178357,25,10,20
35,4349,0.8886976452983285,4.622498611636679e-06,0.11097135234434413,0.00032637985871574994,25,10,20
35,4350,0.8892898569203476,4.896688819240305e-06,0.11037759647966223,0.00032764991117102254,25,10,20
35,4351,0.877731202489289,4.911157025019822e-06,0.12193238461990108,0.0003315017337852092,25,10,20
35,4352,0.8778794113936125,4.9111443815690234e-06,0.12178417744207634,0.0003315000199299026,25,10,20
35,4353,0.8737095930738896,4.920184515687712e-06,0.1259528013799231,0.00033268536167197095,25,10,20
35,4354,0.8727982360921195,4.91708235987411e-06,0.12686416515342575,0.0003326816720952789,25,10,20
35,4355,0.8721890985620196,4.922778348185819e-06,0.12738278092129554,0.0004231977383369601,25,10,20
35,4356,0.8721664435158578,4.923140679343033e-06,0.1274055582554382,0.0004230750880250763,25,10,20
35,4357,0.8721539279556842,4.624456562518486e-06,0.12741968958143957,0.00042175800631413687,25,10,20
35,4358,0.8724877354861356,4.624294571351574e-06,0.12708583771039333,0.00042180250890013247,25,10,20
35,4359,0.8776506094578896,4.611080980642783e-06,0.12192416760073949,0.00042061186039051213,25,10,20
35,4360,0.852050241656404,4.415856396905559e-06,0.14752729810091514,0.00041804438628364267,25,10,20
35,4361,0.8430570101145585,4.418920800357319e-06,0.15651857972388694,0.0004199912407535996,25,10,20
35,4362,0.842755410156601,4.410398907819001e-06,0.15682134426045397,0.00041883518403638335,25,10,20
35,4363,0.8436154180888441,3.45815450129759e-06,0.15596671290006056,0.0004144108565932892,25,10,20
35,4364,0.8059295401476103,3.439647705505652e-06,0.19364004747774463,0.0004269727269394017,25,10,20
35,4365,0.8179110728446061,3.055057893714765e-06,0.18165892569755407,0.0004269463999459328,25,10,20
35,4366,0.813000477476081,3.055460713400101e-06,0.18656947134416188,0.00042699571904391116,25,10,20
35,4367,0.8154427411155608,3.4876740905739986e-06,0.18412744994162852,0.0004263212687202973,25,10,20
35,4368,0.854601397309644,2.765288377369098e-06,0.1451658043572161,0.00023003304476239912,25,10,20
35,4369,0.8541467018946223,2.7653754067769793e-06,0.14562045339805108,0.00023007933191962208,25,10,20
35,4370,0.86721329703187,2.7639255610369173e-06,0.13255017372286354,0.00023376531970502903,25,10,20
35,4371,0.8670134330188448,2.7640628461072755e-06,0.1327500303094258,0.00023377260888289442,25,10,20
35,4372,0.8623303700007129,2.952417472634847e-06,0.13743200619847362,0.0002346713833408223,25,10,20
35,4373,0.8555003263350003,3.0394267923459205e-06,0.14425012022365405,0.0002465140145527528,25,10,20
35,4374,0.8564455480589649,3.0370966165698017e-06,0.14330490252054318,0.000246512323874969,25,10,20
35,4375,0.8507238656233009,3.0543540050315188e-06,0.1490265765311753,0.0002465034915184937,25,10,20
35,4376,0.8508471497133187,3.055312701070762e-06,0.14889790859748403,0.0002518863764960999,25,10,20
35,4377,0.8513608185605104,3.0570161393996466e-06,0.14847409890858396,0.00016202551476629447,25,10,20
35,4378,0.8395461688981656,3.0568950780987645e-06,0.16028874710771124,0.00016202709904491832,25,10,20
35,4379,0.8654537796786096,3.0560719634104344e-06,0.13438102243923292,0.00016214181019426457,25,10,20
35,4380,0.8821173187771865,1.4184749376549607e-06,0.11772113169720352,0.0001601310506726847,25,10,20
35,4381,0.8772226509711235,1.5731853606673996e-06,0.12263561804290099,0.00014015780061463098,25,10,20
35,4382,0.8833379429671969,1.5680389536984628e-06,0.11651355401098154,0.00014693498286791844,25,10,20
35,4383,0.8771896456090517,1.553191694845544e-06,0.12266571964762188,0.000143081551631565,25,10,20
35,4384,0.8383038989496784,1.5530252578426293e-06,0.16155119470651352,0.0001433533185505126,25,10,20
35,4385,0.854780603405106,1.3977558338402107e-06,0.14515330126552545,6.46975735349931e-05,25,10,20
35,4386,0.8599187981150329,1.3978116645461494e-06,0.14001605752066795,6.374655263464216e-05,25,10,20
35,4387,0.8453336129674404,1.374856868281931e-06,0.1545988556606861,6.615651500549853e-05,25,10,20
35,4388,0.8451054268048659,1.3847936513611651e-06,0.1548269125738358,6.627582764709921e-05,25,10,20
35,4389,0.8456238315065444,1.3845267574221852e-06,0.15430863206064194,6.61519060565217e-05,25,10,20
35,4390,0.8502335347135841,1.3628438834831278e-06,0.1496890496766621,7.605276587069142e-05,25,10,20
35,4391,0.8505472998863328,1.3612697737658007e-06,0.14939340680208327,5.7932041810488076e-05,25,10,20
35,4392,0.8402787846284796,1.1975724467429747e-06,0.1596601554910661,5.986230800793276e-05,25,10,20
35,4393,0.8399406618677024,2.9914770721245993e-06,0.1599958442407675,6.050241445838343e-05,25,10,20
35,4394,0.8388310430533998,2.992016686057017e-06,0.1611053808143826,6.058411553186028e-05,25,10,20
35,4395,0.8503894817867592,2.9916641290262905e-06,0.1495469431591681,6.0583389943872926e-05,25,10,20
35,4396,0.8548127831519845,2.9072350961701335e-06,0.14513427844106225,5.0031171857029424e-05,25,10,20
35,4397,0.830452416520978,1.5518859401579928e-06,0.16949454954635929,5.1482046721940626e-05,25,10,20
35,4398,0.8370460626302599,1.1265075334016286e-06,0.16290132010255345,5.1490759652828655e-05,25,10,20
35,4399,0.8394111007370484,1.1239559035857751e-06,0.1605375721833714,5.020312367611076e-05,25,10,20
35,4400,0.8425381073064416,1.7075493049125667e-06,0.15740990564575402,5.027949849881091e-05,25,10,20
35,4401,0.8347204502093453,1.7139412091436124e-06,0.16522585320822233,5.1982641222870616e-05,25,10,20
35,4402,0.8356946376580179,1.9904023433219587e-06,0.16424877077011807,5.460116952042487e-05,25,10,20
35,4403,0.8260902189740484,2.117650565158795e-06,0.1738182057907135,8.945758467226807e-05,25,10,20
35,4404,0.8267934451090209,2.116967713644937e-06,0.17311496859311398,8.946933015104118e-05,25,10,20
35,4405,0.8266875551330187,2.1170466332272825e-06,0.17322084597516554,8.948184518199684e-05,25,10,20
35,4406,0.8090344922357996,2.135074230634304e-06,0.19077970312820475,0.0001836695617649761,25,10,20
35,4407,0.8086399789440971,2.1635539177661493e-06,0.19117419076166642,0.00018366674031830888,25,10,20
35,4408,0.8096871373522377,1.7849037949942471e-06,0.19012747855078113,0.00018359919318564375,25,10,20
35,4409,0.809855658310301,1.7760332023913809e-06,0.18995895607936109,0.00018360957713506613,25,10,20
35,4410,0.8097624451008388,1.7860967923925125e-06,0.19005216039599973,0.00018360840636854042,25,10,20
35,4411,0.8020501925053207,1.81370952535318e-06,0.19776439030372195,0.000183603481430935,25,10,20
35,4412,0.8023837794491311,1.7982897927639685e-06,0.19743288919620539,0.00018153306486964196,25,10,20
35,4413,0.8014361135484913,1.799997145213568e-06,0.198378622382244,0.00018346407211857166,25,10,20
35,4414,0.7652517952146484,1.8634851538697922e-06,0.23456939389180076,0.00017694740839679652,25,10,20
35,4415,0.7763867721454264,2.2461472134372893e-06,0.22343339151774255,0.00017759018961706083,25,10,20
35,4416,0.7621718987197437,2.2700200577561197e-06,0.23766448893902992,0.00016134232116878612,25,10,20
35,4417,0.7663458549231302,2.274607472322983e-06,0.23348921305071638,0.00016265741868118865,25,10,20
35,4418,0.7654321029281158,2.275920199287258e-06,0.23440296628651996,0.00016265486516486085,25,10,20
35,4419,0.7652945926649,2.2959515968315016e-06,0.23454044540185742,0.00016266598164573355,25,10,20
35,4420,0.768873564759921,2.8075831945187643e-06,0.23095280015965242,0.000170827497231962,25,10,20
35,4421,0.764784876822967,2.802571676096386e-06,0.2350428407109029,0.00016947989445384885,25,10,20
35,4422,0.7650407128859616,2.7926572278377197e-06,0.2347871306725682,0.00016936378424229498,25,10,20
35,4423,0.7657635081238571,2.7926331444680625e-06,0.23406433877096677,0.00016936047203163233,25,10,20
35,4424,0.7680445263084585,2.272605854408201e-06,0.23179209464880185,0.00016110643688504623,25,10,20
35,4425,0.7680122825268431,2.263152873139035e-06,0.23182434475763408,0.00016110956264965597,25,10,20
35,4426,0.7840678563246793,2.8799332823891e-06,0.21542611114099583,0.0005031526010424793,25,10,20
35,4427,0.7684198816077703,1.7654327512442667e-05,0.22705700003377063,0.004505464030946571,25,10,20
35,4428,0.78352075675524,1.7629484650108284e-05,0.2119589804781641,0.004502633281945524,25,10,20
35,4429,0.7830980393317545,1.76296639626577e-05,0.21238167287151868,0.0045026581327641405,25,10,20
35,4430,0.7836808392855995,1.700329356128643e-05,0.21214147697841418,0.004160680442424697,25,10,20
35,4431,0.7880508598768745,1.701545947953485e-05,0.20777132441659427,0.004160800247051422,25,10,20
35,4432,0.7881454140187109,1.7015568220266367e-05,0.20767687148052777,0.004160698932541398,25,10,20
35,4433,0.7823212506951316,0.00023816197120023986,0.2132696426254968,0.004170944708171776,25,10,20
35,4434,0.773170087991204,0.0002377651208000481,0.22242183652247402,0.004170310365521993,25,10,20
35,4435,0.7825262846260486,0.00023763787391156645,0.2131006008880635,0.004135476611976378,25,10,20
35,4436,0.7831869754842293,0.0002376365387406645,0.21243991158312853,0.004135476393901545,25,10,20
35,4437,0.7926511342871856,0.00022341453256842628,0.20681469157822963,0.00031075960201639883,25,10,20
35,4438,0.7930620871522366,0.00022340244801444988,0.20640386375134065,0.00031064664840850704,25,10,20
35,4439,0.7918539605433,0.00022312723381476447,0.20761467606376008,0.0003082361591254134,25,10,20
35,4440,0.8033411768313394,0.0002238082944610425,0.19603136916538993,0.00040364570880903014,25,10,20
35,4441,0.8030698212135136,0.00022381245952777392,0.19624223668348442,0.0004641296434737347,25,10,20
35,4442,0.8030967573122214,0.0002238121353699173,0.19621538448617687,0.00046404606623082624,25,10,20
35,4443,0.8176166840903406,0.00022928707635612008,0.18178857677646357,0.00036545205683909864,25,10,20
35,4444,0.828466483123907,0.00022860102756471715,0.17101058513916245,0.0002943307093656923,25,10,20
35,4445,0.8290841702931363,0.00022860102787058495,0.17045336528694377,0.00023386339204927584,25,10,20
35,4446,0.82827176937014,0.00022860232442757511,0.1712656334691195,0.00023399483631243698,25,10,20
35,4447,0.8316640217840569,0.0002231087403451152,0.1678798964755361,0.00023297300006162202,25,10,20
35,4448,0.8130902692200982,0.0002558604899002373,0.18626588544559539,0.00038798484440536455,25,10,20
35,4449,0.8127364949022896,0.0002558658223069479,0.18661805241083193,0.00038958686457088063,25,10,20
35,4450,0.8386300396568219,0.00025586478527029206,0.16072611701314274,0.0003879785447643599,25,10,20
35,4451,0.8628185658497509,0.00025542643236222816,0.13653986044008742,0.00038614727779906765,25,10,20
35,4452,0.8623799139952859,0.0002554263954609801,0.13697851831537644,0.00038614129387628626,25,10,20
35,4453,0.8409830980524382,0.0002549208897981086,0.15856617196258996,0.000195809095173521,25,10,20
35,4454,0.8276425744485727,0.0002556251693552612,0.17189964924904058,0.000202151133031284,25,10,20
35,4455,0.7886979550502451,0.00025640507758896235,0.21083983515718763,0.00020580471497915552,25,10,20
35,4456,0.7882698967061944,0.00025638133595919625,0.2110576397364519,0.00041608222139569216,25,10,20
35,4457,0.7877131363733224,0.0002563809068124774,0.21154186324188712,0.0004886194779790755,25,10,20
35,4458,0.7812309667231014,0.0002563753045921262,0.21802218928985817,0.0004904686824498704,25,10,20
35,4459,0.7448119008823059,0.0015449705901789232,0.2530448100088199,0.0005983185186960562,25,10,20
35,4460,0.7448299414362708,0.0015449499738493207,0.2530255214549836,0.0005995871348967575,25,10,20
35,4461,0.7451055195401288,0.001544949969230791,0.25275021494244304,0.000599315548196701,25,10,20
35,4462,0.7454905632200358,0.0015449458572093038,0.2524377000044955,0.0005267909182591426,25,10,20
35,4463,0.7545613350617102,0.0015449420048451931,0.24336682715272734,0.0005268957807173996,25,10,20
35,4464,0.770051154960491,0.0002706266350298921,0.22925793868104782,0.0004202797234316784,25,10,20
35,4465,0.793995154144913,0.00027063226086076976,0.20531390690577658,0.0004203066884503272,25,10,20
35,4466,0.8327697275171413,0.0002705945042900399,0.16653955304438706,0.0004201249341826973,25,10,20
35,4467,0.8160556270038386,0.00027126674401962487,0.18324967986784038,0.0004234263843019756,25,10,20
35,4468,0.8212112834430506,0.0002707389832457137,0.17805312639684318,0.00046485117686120256,25,10,20
35,4469,0.8530879587384974,0.00027094438599121486,0.14638682110019302,0.00025427577531812685,25,10,20
35,4470,0.8613867822719884,0.00027078188745361585,0.13813614168907276,0.00020629415148508813,25,10,20
35,4471,0.8819671271987012,0.0002565023248655726,0.11757128603372925,0.00020508444270397576,25,10,20
35,4472,0.8822387823301535,0.00025648810056105517,0.11729968967872058,0.00020503989056476263,25,10,20
35,4473,0.8822935171596378,0.00025649826723665844,0.11724494540921734,0.00020503916390813727,25,10,20
35,4474,0.8881757284330289,0.00025625477741310435,0.11136224588528373,0.00020577090427414892,25,10,20
35,4475,0.8758966742865626,0.0002564883471323791,0.12357876088900294,0.000268076477302121,25,10,20
35,4476,0.8761805892964822,0.0002564880990064758,0.12329487158218065,0.0002680510223304696,25,10,20
35,4477,0.8754472587574598,0.0002564792927435524,0.12402817257334567,0.0002680893764507546,25,10,20
35,4478,0.8796911252009078,0.00025648272731625316,0.11967266222039194,0.00037972985138386416,25,10,20
35,4479,0.8797410175215693,0.00025648287355806837,0.11962269325184134,0.000379806353031042,25,10,20
35,4480,0.8909071930107602,0.0002562681775237362,0.10851903123113972,0.0003175075805761684,25,10,20
35,4481,0.8910855953944098,0.0002562681536751181,0.10834065093478117,0.000317485517133641,25,10,20
35,4482,0.8906390648306579,0.0002562675284191103,0.10878718671034111,0.00031748093058154875,25,10,20
35,4483,0.8997953487780781,0.0002607614187249579,0.09962969539896674,0.00031419440422988964,25,10,20
35,4484,0.9002750410354879,0.0002599535986140358,0.099150940955119,0.00031406441077898696,25,10,20
35,4485,0.9001866985593618,0.00025995393369169264,0.09923931037751654,0.0003140371294296899,25,10,20
35,4486,0.9391539792682009,0.000259185384383695,0.0602764011050118,0.00031043424240355193,25,10,20
35,4487,0.9388387091443071,0.0002591971295920918,0.06059154965640425,0.0003105440696965177,25,10,20
35,4488,0.9270801208960306,0.00025919740432612083,0.07235000120560107,0.0003106804940426753,25,10,20
35,4489,0.9252393986559987,0.0002593464000343108,0.0741930957360206,0.00030815920794648443,25,10,20
35,4490,0.9256987659917302,0.00025934513567370406,0.07373376803829462,0.0003081208343016633,25,10,20
35,4491,0.9254508794571309,0.000259351488975098,0.07398158608390017,0.00030818296999422264,25,10,20
35,4492,0.9231631008447677,0.00025943342650739824,0.07626787563692422,0.00030959009180072896,25,10,20
35,4493,0.8959865460256939,0.000259351103540615,0.10344557129672034,0.00030853157404499537,25,10,20
35,4494,0.9029261408878726,0.00025935092331757825,0.09650943156861665,0.000305076620193318,25,10,20
35,4495,0.9149594914698129,0.0002593507309295546,0.08447621520529598,0.00030494259396165714,25,10,20
35,4496,0.9132506682072089,0.0002594067954130694,0.08618484994984467,0.0003050750475336604,25,10,20
35,4497,0.9146134126091754,0.00025935151165734394,0.08481578902072914,0.0003114468584383134,25,10,20
35,4498,0.9151128724922962,0.0002593504837674088,0.08431631594424589,0.00031146107969073943,25,10,20
35,4499,0.9151881022803962,0.0002593503911627166,0.08424111095426562,0.00031143637417565173,25,10,20
35,4500,0.9138425383825295,0.0002593504116505541,0.08558520066231934,0.00031291054350068967,25,10,20
35,4501,0.8982646316015769,0.00025997024986919114,0.10116225795401647,0.00031314019453716855,25,10,20
35,4502,0.8984698041438179,0.0002599590718680244,0.10095710229017833,0.00031313449413557085,25,10,20
35,4503,0.8985886308187532,0.00026010029981011064,0.1008382437594882,0.00031302512194838724,25,10,20
35,4504,0.8984330179693927,0.0002600817076430756,0.10099377617426698,0.00031312414869702406,25,10,20
35,4505,0.8982752560965257,0.00026015897055809334,0.10115145000629747,0.00031313492661849576,25,10,20
35,4506,0.8969243089260002,0.0002601588384636917,0.10250320366112574,0.00031232857441008065,25,10,20
35,4507,0.8962087745660208,0.00026029125212368587,0.10321859334582592,0.0003123408360291491,25,10,20
35,4508,0.8859645944265445,0.00026029142764105484,0.11346281826013378,0.00031229588568014373,25,10,20
35,4509,0.8866560571598151,0.0002601505548248879,0.11277150131071972,0.0003122909746397533,25,10,20
35,4510,0.8865261684869303,0.00026015065176804384,0.11290136450379006,0.0003123163575110978,25,10,20
35,4511,0.8592036911199898,0.00025718652080737765,0.14022160319348745,0.00031751916571502557,25,10,20
35,4512,0.8560649165291845,0.00026053324533935806,0.14335647739027985,0.0003180728351959519,25,10,20
35,4513,0.8559078485613331,0.0002607253863580155,0.14351348457320232,0.0003179414791060678,25,10,20
35,4514,0.855075210175323,0.00026072561560185135,0.14434611095300717,0.00031795325606706246,25,10,20
35,4515,0.8708577414182667,0.00026010626423961984,0.1285640826125865,0.00031806970490643995,25,10,20
35,4516,0.8663858657717111,0.0002603426573889152,0.1330592306748347,0.00029456089606450284,25,10,20
35,4517,0.8634200070010093,3.917104200582751e-05,0.13620691869913948,0.0003339032578448991,25,10,20
35,4518,0.8637400838181593,3.9169166969081e-05,0.13588690633068315,0.00033384068418797306,25,10,20
35,4519,0.8639343395556722,3.902712311081565e-05,0.13569279394527242,0.00033383937594402976,25,10,20
35,4520,0.8646789507899401,3.9027128225902556e-05,0.13494818260039426,0.0003338394814394867,25,10,20
35,4521,0.8511001038406654,3.8841335971308015e-05,0.14565899769866786,0.0032020571246952146,25,10,20
35,4522,0.8651143132793474,3.883474658878695e-05,0.13451302976511603,0.00033382220894737297,25,10,20
35,4523,0.8663609223294901,3.883931582669658e-05,0.1332664967814252,0.0003337415732578486,25,10,20
35,4524,0.8634940044593026,3.766239034881981e-05,0.12832483554733373,0.00814349760301446,25,10,20
35,4525,0.8689560632401888,3.765351666576313e-05,0.12297437161856868,0.008031911624576846,25,10,20
35,4526,0.8693667394012672,3.765350634248384e-05,0.12256516793324228,0.008030439159148388,25,10,20
35,4527,0.869792007440196,3.765326174384661e-05,0.12213996128942589,0.008030378008634553,25,10,20
35,4528,0.8534522567288252,3.82976188698643e-05,0.1384707096794333,0.008038735972872127,25,10,20
35,4529,0.856189273044756,3.813933105990277e-05,0.13573391780008767,0.008038669824097068,25,10,20
35,4530,0.85988408447612,3.8144364348411514e-05,0.13203826184919798,0.008039509310334115,25,10,20
35,4531,0.8582256796797965,3.8177977201904624e-05,0.1336978640106938,0.008038278332308264,25,10,20
35,4532,0.8582436310506232,3.817301373327593e-05,0.1336799407149375,0.008038255220706425,25,10,20
35,4533,0.8777397438104271,5.4394926957841e-06,0.11437176125962133,0.0078830554372559,25,10,20
35,4534,0.8776519689027006,5.439373686925709e-06,0.11445984847056064,0.007882743253051876,25,10,20
35,4535,0.8767537847239264,5.455121589205592e-06,0.11535377970802926,0.007886980446455224,25,10,20
35,4536,0.8866372469298792,5.473822866047106e-06,0.10547029198174794,0.007886987265506743,25,10,20
35,4537,0.8878607556206881,5.468818459341748e-06,0.10424767152805287,0.007886104032799638,25,10,20
35,4538,0.885054834449851,5.4731006390162025e-06,0.10700021588613245,0.007939476563377559,25,10,20
35,4539,0.9096772858233798,5.477488379585598e-06,0.08237809241929131,0.00793914426894937,25,10,20
35,4540,0.8836990430283739,5.468466222891086e-06,0.1083570664449488,0.007938422060454173,25,10,20
35,4541,0.8842193166257557,5.44846895262709e-06,0.1078369118894959,0.007938323015795485,25,10,20
35,4542,0.8845722462495473,5.436917584780344e-06,0.10748407786178359,0.007938238971083793,25,10,20
35,4543,0.8845635628293178,5.432361645178952e-06,0.10749265303514016,0.007938351773896514,25,10,20
35,4544,0.8729359355943935,5.5918248225759545e-06,0.11907681490524977,0.00798165767553399,25,10,20
35,4545,0.8595514679904172,2.2571612833081616e-06,0.1324651926832196,0.007981082165080393,25,10,20
35,4546,0.8478296076117985,3.5316665393815962e-06,0.1441831873936905,0.007983673327971978,25,10,20
35,4547,0.8327647779668854,3.552192014958494e-06,0.15924882007028018,0.007982849770820248,25,10,20
35,4548,0.8326843843346385,3.552505256949209e-06,0.15932598686607174,0.00798607629403366,25,10,20
35,4549,0.8389415509374862,3.3066708647326126e-06,0.1530691061816425,0.007986036210007345,25,10,20
35,4550,0.8273942707272417,3.3949916208674598e-06,0.16457343367778818,0.008028900603348908,25,10,20
35,4551,0.8141568937043653,2.7513106996293245e-06,0.1778196155203965,0.008020739464538467,25,10,20
35,4552,0.8403227099260546,2.7509737737578675e-06,0.1516539219420827,0.008020617158089865,25,10,20
35,4553,0.8452498298599302,2.7506399790211333e-06,0.1467268037769847,0.008020615723106967,25,10,20
35,4554,0.8454202010071135,2.750134266320808e-06,0.14655977172086343,0.008017277137757737,25,10,20
35,4555,0.8443862003893667,1.779346880549054e-05,0.1475774408509977,0.008018565290830986,25,10,20
35,4556,0.8445335896002072,1.779338385589235e-05,0.14743007715716863,0.008018539858768997,25,10,20
35,4557,0.856242048482477,1.7633778808389492e-05,0.1357651091137891,0.00797520862492623,25,10,20
35,4558,0.8944056678490672,1.6383001668594766e-05,0.09760865202220864,0.007969297127055656,25,10,20
35,4559,0.8931945807903571,1.747258159270132e-05,0.09881846996589676,0.007969476662153432,25,10,20
35,4560,0.9023019968166304,1.746967395325981e-05,0.0897605771766759,0.007919956332740093,25,10,20
35,4561,0.9062869190312466,1.646758497813778e-05,0.06994645224829261,0.023750161135483134,25,10,20
35,4562,0.905950308620234,1.646933905082644e-05,0.07028203168949788,0.023751190351217946,25,10,20
35,4563,0.8716321010096888,1.7791632550592478e-05,0.1045988392542471,0.023751268103513957,25,10,20
35,4564,0.8478836195055075,1.7652723660558963e-05,0.1283900896038638,0.023708638166968686,25,10,20
35,4565,0.8372776007114373,1.799900507535477e-05,0.13899570537026043,0.023708694913227215,25,10,20
35,4566,0.8352947044604836,2.268141773509091e-05,0.14097394428309498,0.02370866983868667,25,10,20
35,4567,0.8296597074228136,2.268463136599041e-05,0.14655491590773514,0.023762692038085915,25,10,20
35,4568,0.8593504037101749,5.9339178224746636e-05,0.11682435903451326,0.02376589807708767,25,10,20
35,4569,0.8606512080885592,5.93061850912737e-05,0.11552353769127265,0.023765948035077228,25,10,20
35,4570,0.8642615011640136,6.311583631917832e-05,0.11196280274435472,0.023712580255313243,25,10,20
35,4571,0.8627507884747216,6.311779480876874e-05,0.11347121272969929,0.023714881000770946,25,10,20
35,4572,0.8816375386607536,6.179722666192322e-05,0.09458592826921476,0.02371473584337019,25,10,20
35,4573,0.8819328320667978,6.179452113349688e-05,0.09429137091145355,0.023714002500615727,25,10,20
35,4574,0.8812630884426944,6.207721309133528e-05,0.09496007942197354,0.023714754922241066,25,10,20
35,4575,0.8800843281370883,6.207685808672091e-05,0.09613878152637151,0.023714813478453885,25,10,20
35,4576,0.8823314281606462,5.826340616482912e-05,0.09389624538394183,0.023714063049247308,25,10,20
35,4577,0.8783783498925692,5.827077199341263e-05,0.09463694480519999,0.026926434530237686,25,10,20
35,4578,0.8781380965266379,5.8270768868516715e-05,0.09487719818912835,0.026926434515365454,25,10,20
35,4579,0.8789741673178807,5.827591164452791e-05,0.09404105820916606,0.026926498561308604,25,10,20
35,4580,0.8789705474778521,5.8275905231810227e-05,0.09404467972802974,0.026926496888886434,25,10,20
35,4581,0.878288164806466,5.828966554525129e-05,0.09472701927428885,0.026926526253699935,25,10,20
35,4582,0.8686022351322742,5.720800166461151e-05,0.10441421151657501,0.02692634534948664,25,10,20
35,4583,0.8643619198678281,5.718776102375019e-05,0.12056394957885376,0.015016942792294749,25,10,20
35,4584,0.8307450311858546,5.7204805855948964e-05,0.15739319277157945,0.01180457123671027,25,10,20
35,4585,0.8358995696373256,5.25221509373201e-05,0.15224338519724656,0.011804523014490653,25,10,20
35,4586,0.8361576229384436,5.25220557783444e-05,0.1519853315450929,0.011804523460685333,25,10,20
35,4587,0.8456740587140575,5.2514513925736595e-05,0.14246227081665178,0.011811155955365289,25,10,20
35,4588,0.8456967131423427,5.251443536325229e-05,0.1424395308620613,0.011811241560232912,25,10,20
35,4589,0.833828648351653,5.763251362951537e-05,0.1543011431740655,0.01181257596065217,25,10,20
35,4590,0.8363597077496516,5.7633565590771336e-05,0.1518234946091137,0.011759164075643836,25,10,20
35,4591,0.8529567396616565,5.7621695041152896e-05,0.13522654577734033,0.011759092865961803,25,10,20
35,4592,0.851918048309603,5.763604271651796e-05,0.13605298663943957,0.0119713290082409,25,10,20
35,4593,0.8516255146873352,5.76353332113609e-05,0.1363456629172405,0.011971187062213168,25,10,20
35,4594,0.8438235844392631,5.819972097798546e-05,0.14414706471008285,0.011971151129676214,25,10,20
35,4595,0.8438752427103631,5.817062330732718e-05,0.14409552186977026,0.011971064796559292,25,10,20
35,4596,0.8445319319586062,5.817607380034176e-05,0.1434388010001052,0.011971090967488279,25,10,20
35,4597,0.8425722104825786,5.817588627324263e-05,0.14539846427650258,0.011971149354645156,25,10,20
35,4598,0.8519342351363419,5.8742930678674746e-05,0.13603974943238503,0.011967272500594256,25,10,20
35,4599,0.8789755169991887,5.839122608561358e-05,0.108998814987158,0.011967276787567356,25,10,20
35,4600,0.8793604167800061,5.8385662890541643e-05,0.10861391987905943,0.011967277678043666,25,10,20
35,4601,0.8793561762696133,5.8385658652766704e-05,0.10861816171706233,0.01196727635467145,25,10,20
35,4602,0.867494401309133,2.2314517275662957e-05,0.1205164982316735,0.011966785941918114,25,10,20
35,4603,0.8675093806601423,2.230908592962934e-05,0.12050154796145565,0.011966762292472717,25,10,20
35,4604,0.8670672580905097,2.2317879083004114e-05,0.12094258637144899,0.0119678376589586,25,10,20
35,4605,0.9016764690656488,2.3342812525809077e-05,0.09806799172769534,0.0002321963941305287,25,10,20
35,4606,0.896676170384847,3.244535946618737e-05,0.1030160654890641,0.0002753187666232884,25,10,20
35,4607,0.896871110183027,3.2446168626737405e-05,0.10282095878382899,0.0002754848645178137,25,10,20
35,4608,0.8969662558491629,3.248465522784323e-05,0.1027263978381115,0.0002748616574982675,25,10,20
35,4609,0.9004201499429301,3.145263183435143e-05,0.09927371030867758,0.00027468711655837636,25,10,20
35,4610,0.8956522590751445,3.145293707619924e-05,0.10404164248899977,0.0002746454987803341,25,10,20
35,4611,0.8952198344806276,3.1672272257621413e-05,0.10447282682485241,0.0002756664222629936,25,10,20
35,4612,0.8944728838137925,3.168117283831973e-05,0.10521991023330152,0.00027552478006817404,25,10,20
35,4613,0.8947982364118022,3.1662260958237105e-05,0.10489467077152495,0.0002754305557153883,25,10,20
35,4614,0.8572862893318104,3.1661640703813755e-05,0.14240417543330575,0.00027787359418078946,25,10,20
35,4615,0.8691262617612695,2.6543634006743105e-05,0.13057065097118345,0.00027654363354100506,25,10,20
35,4616,0.8689594786830154,2.6549151259823998e-05,0.13073606569911475,0.0002779064666107446,25,10,20
35,4617,0.874960099044278,2.6549994086771778e-05,0.12473512153817247,0.0002782294234634872,25,10,20
35,4618,0.874227516470505,2.654992899343406e-05,0.12546765152335584,0.0002782820771463594,25,10,20
35,4619,0.8518141802117691,2.656518540364217e-05,0.14788126897127069,0.0002779856315571185,25,10,20
35,4620,0.8520643262849089,1.1751542952853926e-05,0.14764511554345228,0.0002788066286864011,25,10,20
35,4621,0.8520568225691086,1.1751548293549047e-05,0.14765261942543884,0.00027880645715939474,25,10,20
35,4622,0.843934393008361,7.521226329602217e-06,0.1558211898686841,0.0002368958966256008,25,10,20
35,4623,0.8446545106356638,7.51118845977084e-06,0.15531014345389513,2.7834721981662065e-05,25,10,20
35,4624,0.8824667577584371,7.50215814331181e-06,0.11750036591214061,2.5374171279665877e-05,25,10,20
35,4625,0.8823635846398564,7.502351127427963e-06,0.11760353870957653,2.5374299440408224e-05,25,10,20
35,4626,0.882706808076048,7.455151209480853e-06,0.11726081332318598,2.492344955746507e-05,25,10,20
35,4627,0.8828481042241928,7.451244489190035e-06,0.11711954074918304,2.4903782135783215e-05,25,10,20
35,4628,0.8737564524382997,7.667518555779145e-06,0.12621757069120704,1.8309351938216546e-05,25,10,20
35,4629,0.8385621377530752,7.4918820447565265e-06,0.16141367720529295,1.6693159589126732e-05,25,10,20
35,4630,0.8385906071718181,7.489729254438608e-06,0.1613865567597688,1.5346339160573363e-05,25,10,20
35,4631,0.8488298181164261,7.273079220765861e-06,0.15114757489505906,1.5333909294983778e-05,25,10,20
35,4632,0.8354727500008149,7.5462711807194555e-06,0.1604604124412197,0.004059291286786276,25,10,20
35,4633,0.8352089361537347,7.551023582751844e-06,0.16072421950440666,0.004059293318277483,25,10,20
35,4634,0.834732246240432,7.573427801245085e-06,0.16119887338380334,0.004061306947965009,25,10,20
35,4635,0.8339087821771901,7.606891870467281e-06,0.16202214053526934,0.004061470395672087,25,10,20
35,4636,0.8393876957391719,7.019240357485785e-06,0.15654569279721667,0.004059592223255101,25,10,20
35,4637,0.8392654683796522,7.019056666488851e-06,0.15666792123937295,0.004059591324309632,25,10,20
35,4638,0.8558132142578964,6.409997723882218e-06,0.14012356449129934,0.004056811253081445,25,10,20
35,4639,0.8562694819007121,6.4103385095861e-06,0.139667293905487,0.0040568138552921264,25,10,20
35,4640,0.8563372235777541,6.497789472932353e-06,0.1395770038897213,0.004079274743052143,25,10,20
35,4641,0.8694530986732366,1.6376413563031415e-06,0.12646708995836636,0.004078173727041517,25,10,20
35,4642,0.8322157318458434,1.6615418088782475e-06,0.16370428410329774,0.004078322509050398,25,10,20
35,4643,0.8329344015510668,1.6391251939830644e-06,0.16298765301329748,0.004076306310442002,25,10,20
35,4644,0.8401275454317769,2.149165541623263e-06,0.1557938880187168,0.004076417383964769,25,10,20
35,4645,0.8626564032816524,2.132770134669684e-06,0.13326512030138304,0.004076343646829956,25,10,20
35,4646,0.8626183267286588,2.133160900933591e-06,0.13330318143871353,0.004076358671726821,25,10,20
35,4647,0.8587213527638788,2.133426577376511e-06,0.1372001545217647,0.0040763592877787165,25,10,20
35,4648,0.8584425311392708,2.133704578114161e-06,0.13747768764754564,0.00407764750860503,25,10,20
35,4649,0.836506326682554,9.02276353570603e-06,0.15940657294590121,0.0040780776080087955,25,10,20
35,4650,0.8367624269379591,9.018466746355904e-06,0.1591536530310438,0.004074901564249919,25,10,20
35,4651,0.8399183960895669,8.747018743214953e-06,0.1600419079138172,3.0948977872549254e-05,25,10,20
35,4652,0.8398207614545536,8.746917229308574e-06,0.16013950508718997,3.098654102677494e-05,25,10,20
35,4653,0.8368782844873981,8.46429352653299e-06,0.16308301678679782,3.0234432277532623e-05,25,10,20
35,4654,0.8383557802623436,8.430853880241324e-06,0.16160571448729105,3.007439648499013e-05,25,10,20
35,4655,0.8376589656991505,8.431191046638427e-06,0.16230197595993867,3.062714986414193e-05,25,10,20
35,4656,0.8378861901338908,7.338737001563931e-06,0.16207583736591946,3.0633763188280906e-05,25,10,20
35,4657,0.8605011312927155,4.535872225139172e-07,0.13946839216896803,3.002295109355901e-05,25,10,20
35,4658,0.8605271833075926,7.243174258584504e-07,0.1394419588621829,3.013351279813935e-05,25,10,20
35,4659,0.8607168322449489,7.196645656517695e-07,0.13925227227448078,3.017581600425843e-05,25,10,20
35,4660,0.8603653033005014,8.293634924876225e-07,0.1396031398568098,3.0727479196016864e-05,25,10,20
35,4661,0.8606398523929742,8.483134984099936e-07,0.13932909149590145,3.020779762567033e-05,25,10,20
35,4662,0.86095062954301,6.222551508150457e-07,0.13901957828703965,2.916991479948346e-05,25,10,20
35,4663,0.8718491518173401,6.207853413147864e-07,0.1281211167371206,2.9110660197814532e-05,25,10,20
35,4664,0.8650741732326793,1.4262494900680182e-05,0.13488252308519771,2.9041187222253673e-05,25,10,20
35,4665,0.8601388494793853,1.4167311074179446e-05,0.13981747188068883,2.9511328851477932e-05,25,10,20
35,4666,0.8594609043020283,1.4176562700807368e-05,0.1404941653258561,3.075380941475891e-05,25,10,20
35,4667,0.8567066273146812,1.4179156963177191e-05,0.14063494476496013,0.0026442487633952945,25,10,20
35,4668,0.8567113330233479,1.4178977104785017e-05,0.14063023924043205,0.0026442487591151116,25,10,20
35,4669,0.8927651345955551,1.4123214987425628e-05,0.10457699411821313,0.0026437480712444396,25,10,20
35,4670,0.8930310506708458,1.4123036622466832e-05,0.10431242799951347,0.0026423982930183863,25,10,20
35,4671,0.8873213211275451,1.4125840145935028e-05,0.11002314338026403,0.0026414096520448642,25,10,20
35,4672,0.8941737792782714,4.721438498916091e-07,0.10318438200991992,0.0026413665679589494,25,10,20
35,4673,0.894110977625525,4.7394722828033724e-07,0.10324661087880022,0.002641937548446799,25,10,20
35,4674,0.8919087368370754,4.7645672752861315e-07,0.10544994994496681,0.002640836761230106,25,10,20
35,4675,0.8923992196627356,4.670252845948372e-07,0.10496074101125862,0.002639572300721138,25,10,20
35,4676,0.8925000192174362,4.6483296339684115e-07,0.10486052876205204,0.002638987187548168,25,10,20
35,4677,0.8892234806858759,5.163816732440642e-07,0.10813652282528396,0.002639480107166759,25,10,20
35,4678,0.8839473045711184,5.166422713168026e-07,0.11336975590658893,0.0026824228800213477,25,10,20
35,4679,0.8832270245224139,5.233052308364774e-07,0.11413112309142713,0.0026413290809280993,25,10,20
35,4680,0.8832892772659968,5.234029995048727e-07,0.11406884362989957,0.002641355701103816,25,10,20
35,4681,0.8837862598069924,5.220267355428624e-07,0.11357197351294458,0.002641244653327322,25,10,20
35,4682,0.906653594526935,5.002167203204148e-07,0.09070479642960981,0.0026411088267345585,25,10,20
35,4683,0.9125766541160154,4.959310499837669e-07,0.08478173274333546,0.002641117209599138,25,10,20
35,4684,0.8933506161903877,2.8198898793701243e-06,0.10397393969409485,0.0026726242256377942,25,10,20
35,4685,0.8928616745047586,2.8207579205315924e-06,0.10446276254923567,0.0026727421880848486,25,10,20
35,4686,0.8549714600158059,2.866215527330966e-06,0.14234055683852745,0.0026851169301389238,25,10,20
35,4687,0.8525538809478802,2.8657358862445353e-06,0.14475765146845573,0.0026856018477773693,25,10,20
35,4688,0.8460193292935675,3.1967472631091227e-06,0.15125695432356862,0.0027205196356007845,25,10,20
35,4689,0.845426521282047,3.1967517508016097e-06,0.15184964846653753,0.0027206334996647073,25,10,20
35,4690,0.8388226098675107,3.4222710942020176e-06,0.1584533133722738,0.0027206544891214585,25,10,20
35,4691,0.8422125278129134,3.3706571293408516e-06,0.15506389119622851,0.0027202103337288525,25,10,20
35,4692,0.8331966837204153,3.4198259034139724e-06,0.164065414178491,0.0027344822751903196,25,10,20
35,4693,0.7996771260266823,3.4203225330567427e-06,0.19758496377589885,0.002734489874886,25,10,20
35,4694,0.8229720536526195,3.3660216486123915e-06,0.17430434401901493,0.0027202363067170337,25,10,20
35,4695,0.8291235197872335,3.1410772207180945e-06,0.16815312216938558,0.002720216966160076,25,10,20
35,4696,0.8142722259464938,8.600223316366026e-07,0.18303820429492723,0.0026887097362478375,25,10,20
35,4697,0.8414846485443782,9.808981053537803e-07,0.1558037844606219,0.002710586096894902,25,10,20
35,4698,0.8410093090198947,9.890026625487142e-07,0.15627794673588613,0.0027117552415572804,25,10,20
35,4699,0.8438619303283079,1.4928728658803987e-06,0.15342366488623413,0.002712911912592581,25,10,20
35,4700,0.8438051708676093,1.4925529139926499e-06,0.15348042645909357,0.0027129101203837024,25,10,20
35,4701,0.8440173145596218,1.4915915404205149e-06,0.15326846086734328,0.002712732981494895,25,10,20
35,4702,0.844241037794156,1.4835799434467591e-06,0.15304458251594952,0.0027128961099513677,25,10,20
35,4703,0.8436688802698312,1.467509939744246e-06,0.15361658542592083,0.0027130667943085973,25,10,20
35,4704,0.8401042706127348,1.3077829929525285e-06,0.15720213098383684,0.0026922906204355805,25,10,20
35,4705,0.8404597150396078,1.3074501264035126e-06,0.15684673592668963,0.0026922415835765297,25,10,20
35,4706,0.8318032073470384,1.5177879873076968e-06,0.16556040230449576,0.0026348725604783403,25,10,20
35,4707,0.8319647917446834,1.5177914933749455e-06,0.16539862361716448,0.002635066846658708,25,10,20
35,4708,0.8320769355649018,1.5177945221250978e-06,0.16528648019224285,0.0026350664483333693,25,10,20
35,4709,0.8295589058303763,1.655290921989876e-06,0.1678039708797525,0.0026354679989489876,25,10,20
35,4710,0.8326166733178461,1.6577195720544556e-06,0.16474557628399553,0.0026360926785864262,25,10,20
35,4711,0.8325854716807602,1.6574724580300945e-06,0.1647767776304718,0.0026360932163100696,25,10,20
35,4712,0.831399983600585,1.6603827029223405e-06,0.16857492275692237,2.3433259789747573e-05,25,10,20
35,4713,0.8316976988140395,1.6796849263036987e-06,0.16827635409878383,2.4267402250518257e-05,25,10,20
35,4714,0.82009223805812,0.00014320415001279116,0.17972947584351803,3.508194834937486e-05,25,10,20
35,4715,0.8191902427308198,0.0001425753074340646,0.18063211368824728,3.506827349901201e-05,25,10,20
35,4716,0.8234771514175511,0.00014257928006239124,0.17634599090792516,3.4278394461611825e-05,25,10,20
35,4717,0.8397312085364841,0.00014258200175346961,0.16009190562187062,3.4303839891844157e-05,25,10,20
35,4718,0.8373337333725347,0.0001427443555364506,0.16248772550838783,3.579676354114136e-05,25,10,20
35,4719,0.8408844923348998,0.00014274093453110748,0.15893675134069243,3.601538987670913e-05,25,10,20
35,4720,0.8373809513776775,0.003195648862850547,0.1593829447027964,4.0455056675616265e-05,25,10,20
35,4721,0.8376238057443568,0.003195504445534635,0.15914155256430512,3.9137245803651896e-05,25,10,20
35,4722,0.8006231237762084,0.0032340121716402537,0.19609732135690913,4.5542695242893996e-05,25,10,20
35,4723,0.8003911852548644,0.00323401253023575,0.19632918423499582,4.561797990443432e-05,25,10,20
35,4724,0.8050573707431407,0.003233892959369823,0.19165583805903993,5.28982384501009e-05,25,10,20
35,4725,0.8048082841570592,0.0032338930366083885,0.19190497032420822,5.285248212480815e-05,25,10,20
35,4726,0.8419132427877399,0.00018098495831134383,0.1578573844653203,4.83877886287716e-05,25,10,20
35,4727,0.8425514630594522,0.0001804810319162424,0.15722082462606501,4.7231282566938295e-05,25,10,20
35,4728,0.8334360485795536,0.00018065425955559805,0.16633541139510158,4.7885765789297886e-05,25,10,20
35,4729,0.8335458768297574,0.00018065452596497376,0.166225582425308,4.788621896955783e-05,25,10,20
35,4730,0.8336340119269885,0.00018065353275798277,0.16613884245326507,4.649208698854848e-05,25,10,20
35,4731,0.8300921257404535,0.00018065892770122163,0.16961837849466455,0.00010883683718069494,25,10,20
35,4732,0.8286338838027568,0.00018176215370544147,0.17107523273170078,0.00010912131183703901,25,10,20
35,4733,0.834870296443729,0.0001817553232665461,0.1648406736758505,0.00010727455715379187,25,10,20
35,4734,0.8343736494729008,0.000181755825083014,0.1653372507513644,0.00010734395065172315,25,10,20
35,4735,0.8465315927217303,4.0226328062075726e-05,0.15333292824971204,9.525270049540147e-05,25,10,20
35,4736,0.8463294633421812,4.0226061402363416e-05,0.15353503568849064,9.527490792558156e-05,25,10,20
35,4737,0.8457297367220833,4.022606599053151e-05,0.1541346672497077,9.536996221813835e-05,25,10,20
35,4738,0.8446971178925294,4.024507314195661e-05,0.15516460336600238,9.803366832610738e-05,25,10,20
35,4739,0.8289327626450158,4.0244797710865065e-05,0.17092905389669272,9.793866058045913e-05,25,10,20
35,4740,0.8298502144532286,4.024665606177795e-05,0.170011034265746,9.850462496390832e-05,25,10,20
35,4741,0.8298016123409032,4.024611418948431e-05,0.17005966959990915,9.8471944998628e-05,25,10,20
35,4742,0.8328278676122552,4.0214042076343106e-05,0.16704212625765397,8.979208801477416e-05,25,10,20
35,4743,0.8323086752802241,4.036508423896122e-05,0.16752082389410883,0.00013013574142846932,25,10,20
35,4744,0.8332558653969007,3.9261757825724824e-05,0.1665750216109585,0.0001298512343156362,25,10,20
35,4745,0.8338162168574867,3.926141788987273e-05,0.1660147567962067,0.00012976492841732196,25,10,20
35,4746,0.8345497045905843,3.926141015080622e-05,0.16528127030043513,0.00012976369883024966,25,10,20
35,4747,0.8223407774724175,3.926141176020195e-05,0.17748960890947657,0.00013035220634668247,25,10,20
35,4748,0.8318787927822088,3.9238425332311234e-05,0.16795351693415086,0.00012845185830898936,25,10,20
35,4749,0.8314580642478491,3.9238219555847427e-05,0.16837424184991803,0.0001284556826776243,25,10,20
35,4750,0.8594362225687311,3.922860121607132e-05,0.14039611045239336,0.00012843837766002799,25,10,20
35,4751,0.8756820372580872,3.922819764775651e-05,0.12415029672577103,0.00012843781849464252,25,10,20
35,4752,0.8758335546366106,3.9228276435510514e-05,0.1239988029901117,0.00012841409684269284,25,10,20
35,4753,0.8752816672457491,3.9248336073957056e-05,0.12455058191208046,0.00012850250609718278,25,10,20
35,4754,0.876172780761205,3.924821450247689e-05,0.1236594745037159,0.00012849652057726649,25,10,20
35,4755,0.8799215182385777,3.92401129278787e-05,0.11997311523585152,6.612641264329721e-05,25,10,20
35,4756,0.8719447041814129,3.96523823468059e-05,0.1279481066819819,6.753675425920995e-05,25,10,20
35,4757,0.863974100562481,3.971577103417531e-05,0.13591796145186497,6.82222146206069e-05,25,10,20
35,4758,0.8616582886626518,3.9748364321677135e-05,0.13822895634120141,7.300663182586983e-05,25,10,20
35,4759,0.8611829492572367,3.976873702722585e-05,0.13870427210868624,7.300989705067578e-05,25,10,20
35,4760,0.8724145482884181,3.9754314467914246e-05,0.12747268038184065,7.301701527412387e-05,25,10,20
35,4761,0.872685674416104,3.975431394426646e-05,0.1272015775259489,7.299374400367887e-05,25,10,20
35,4762,0.8726688041465274,3.9758891030309595e-05,0.12721585367311744,7.558328932568588e-05,25,10,20
35,4763,0.8729013988174588,3.975883753248524e-05,0.12698458833927112,7.42540057385307e-05,25,10,20
35,4764,0.8739055536506778,3.9739737743715856e-05,0.12598311767302173,7.158893855772486e-05,25,10,20
35,4765,0.873497805964789,3.974474565560251e-05,0.1263908590467557,7.159024280066575e-05,25,10,20
35,4766,0.8571481424805557,4.03927855521856e-05,0.14273678480618138,7.467992771168636e-05,25,10,20
35,4767,0.8570623761246441,4.0397892001703674e-05,0.142821818933261,7.540705009449838e-05,25,10,20
35,4768,0.8473017102080475,4.0653256591748315e-05,0.15258065398478166,7.698255058052154e-05,25,10,20
35,4769,0.847468044805524,4.065011602316361e-05,0.15241905701764447,7.224806080969424e-05,25,10,20
35,4770,0.8839876174189082,2.1436408763039257e-06,0.11594127756951522,6.89613707008496e-05,25,10,20
35,4771,0.8808105217474161,2.1458304992103255e-06,0.11912153628090034,6.579614118514042e-05,25,10,20
35,4772,0.8805528443451831,2.156821796747239e-06,0.11937777616809225,6.722266492884507e-05,25,10,20
35,4773,0.8894059081332516,2.1897637270077495e-06,0.11052531823746578,6.658386555639e-05,25,10,20
35,4774,0.8905480272152373,2.1912102924289035e-06,0.10938319019776374,6.659137670786706e-05,25,10,20
35,4775,0.8901244264642976,2.191292298987604e-06,0.10980563630860302,6.774593480153702e-05,25,10,20
35,4776,0.8769283153855291,2.220635729982567e-06,0.12029817156699137,0.0027712924117503294,25,10,20
35,4777,0.872512320504263,2.2097617998305882e-06,0.12471563425920923,0.002769835474728667,25,10,20
35,4778,0.8706481486861096,2.3853422327220263e-06,0.12658093816226412,0.0027685278093946553,25,10,20
35,4779,0.8783650654972337,2.062576672989102e-06,0.11886494551970136,0.002767926406392984,25,10,20
35,4780,0.8723751917887077,2.061626708229139e-06,0.12485556654727124,0.0027671800373136636,25,10,20
35,4781,0.8721860211576228,2.0624596318385096e-06,0.12504477848787066,0.0027671378948756235,25,10,20
35,4782,0.8570646110401011,2.095580787344993e-06,0.14016316286262853,0.002770130516483282,25,10,20
35,4783,0.8570522795615918,2.095540382653923e-06,0.1401754957771553,0.0027701291208705532,25,10,20
35,4784,0.8647312281776571,1.8489533970962448e-06,0.13249723041489445,0.0027696924540517483,25,10,20
35,4785,0.8633196433130869,1.8482790847773256e-06,0.13390382844665136,0.0027746799611773013,25,10,20
35,4786,0.8637258497866044,1.8432730751386403e-06,0.1334976286239843,0.002774678316336303,25,10,20
35,4787,0.8653154174642037,1.853786043581629e-06,0.13190809693706945,0.002774631812684003,25,10,20
35,4788,0.8494135194919256,1.8694876105350745e-06,0.14781016734033853,0.002774443680125435,25,10,20
35,4789,0.8517665803507738,1.6926364485936839e-06,0.14545855288382453,0.0027731741289531773,25,10,20
35,4790,0.8499283724479991,1.6932804078731897e-06,0.14722689924772006,0.002843035023872974,25,10,20
35,4791,0.8657655428689536,1.0467061293399058e-06,0.13139334517930856,0.002840065245609277,25,10,20
35,4792,0.8810986572426356,1.0132237451277016e-06,0.11606333220371765,0.00283699732990215,25,10,20
35,4793,0.8803663123946105,9.975859772838431e-07,0.11678617323078354,0.0028465167886292334,25,10,20
35,4794,0.8783535725612297,9.517951188439481e-07,0.11881133287613385,0.0028341427675170794,25,10,20
35,4795,0.8891037669033551,5.374909759450455e-07,0.10806350673852638,0.0028321888671423417,25,10,20
35,4796,0.8867203741922881,5.382325532900252e-07,0.11044689924665253,0.0028321883285056266,25,10,20
35,4797,0.8984723600725154,5.379016382482904e-07,0.09869549501214755,0.0028316070136981454,25,10,20
35,4798,0.9122913383606032,3.576652374051372e-07,0.08762057052145333,8.773345270548408e-05,25,10,20
35,4799,0.9161677590139319,3.4834779512028134e-07,0.08381513474843956,1.6757889833444276e-05,25,10,20
35,4800,0.8959006979530005,3.56018312735217e-07,0.10396860606142959,0.00013033996725683394,25,10,20
35,4801,0.9062879001877677,1.1400526070910635e-06,0.09369919248652323,1.1767273101225124e-05,25,10,20
35,4802,0.8972478244586165,1.1397638026546602e-06,0.10274786800996775,3.167767612771327e-06,25,10,20
35,4803,0.9079279814411949,4.219846411954796e-07,0.09206822716606425,3.369408098928511e-06,25,10,20
35,4804,0.9178026331023973,4.2180618284428936e-07,0.08219468702180183,2.2580696179594057e-06,25,10,20
35,4805,0.9125632267609325,4.304029757483479e-07,0.08743416330122329,2.1795348679326447e-06,25,10,20
35,4806,0.8923088362337711,2.4288129602086253e-07,0.10768871860008385,2.2022848489274e-06,25,10,20
35,4807,0.8919734515659876,2.436729221473049e-07,0.10802265611867107,3.6486424190915536e-06,25,10,20
35,4808,0.8884388730557834,2.4384371828926755e-07,0.11155661843911037,4.264661387797723e-06,25,10,20
35,4809,0.927764505353692,2.4428484380410903e-07,0.0722308946988931,4.3556625714597385e-06,25,10,20
35,4810,0.9282718961333949,2.2388985255707406e-07,0.07172352935311721,4.3506236356594175e-06,25,10,20
35,4811,0.9185790825467263,1.8426563641641664e-07,0.08141303038172744,7.702805909867397e-06,25,10,20
35,4812,0.9166198811899193,2.2027053957835078e-07,0.08336568332856693,1.4215210974185628e-05,25,10,20
35,4813,0.9192949266436203,1.2470469091404862e-06,0.08068522262318453,1.860368628636175e-05,25,10,20
35,4814,0.918408150144169,1.2614253459606705e-06,0.08157182989246152,1.875853802358943e-05,25,10,20
35,4815,0.9222830477110745,1.2476037352501663e-06,0.07769694738841708,1.8757296773608154e-05,25,10,20
35,4816,0.9218272698008758,1.2482870974129786e-06,0.078152722806458,1.8759105569058047e-05,25,10,20
35,4817,0.9067317102154026,1.2653055151488768e-06,0.09324816923580062,1.8855243281334248e-05,25,10,20
35,4818,0.9072678494314728,1.2650066078772302e-06,0.09271316698459912,1.771857731995191e-05,25,10,20
35,4819,0.8752391135282964,1.2588352498042205e-05,0.12472963471209861,1.866340710690737e-05,25,10,20
35,4820,0.8714312616551874,1.2590503143293533e-05,0.1285038547554616,5.229308620769666e-05,25,10,20
35,4821,0.8475993423843439,1.2591709552941761e-05,0.15233575549375986,5.2310412343262995e-05,25,10,20
35,4822,0.8568572837245604,1.261053697752164e-05,0.14308101045658947,4.909528187287604e-05,25,10,20
35,4823,0.8351523578162967,1.2741887109991525e-05,0.1647852077153733,4.969258122126542e-05,25,10,20
35,4824,0.840233922689067,1.2614065540503144e-05,0.15970436480123798,4.9098444154976236e-05,25,10,20
35,4825,0.8402764799351858,1.2612597062781766e-05,0.15966192972780605,4.8977739945720705e-05,25,10,20
35,4826,0.8409738826695833,1.259378257126362e-05,0.1589646845864262,4.883896141960236e-05,25,10,20
35,4827,0.8446407228419737,1.2596628159085787e-05,0.15533014376740728,1.653676246038532e-05,25,10,20
35,4828,0.844403269016256,1.2609786647603872e-05,0.15556746413251993,1.6657064576961976e-05,25,10,20
35,4829,0.8442010215285576,1.2613164742040882e-05,0.15576964960161846,1.6715705082456117e-05,25,10,20
35,4830,0.8442836719433054,1.261306020875268e-05,0.15568702521845365,1.668977803256072e-05,25,10,20
35,4831,0.8461012777147288,1.2613022406305951e-05,0.1538694232542503,1.6686008615115083e-05,25,10,20
35,4832,0.8627031058235104,1.2609266371457627e-05,0.13726764005245878,1.664485765930578e-05,25,10,20
35,4833,0.8548219115012096,1.2907579231786564e-05,0.14270604513695936,0.002459135782599504,25,10,20
35,4834,0.8555247738548182,1.1880901466069804e-05,0.14200782561320388,0.002455519630512092,25,10,20
35,4835,0.856597388695041,1.1806657313767742e-05,0.14093548266677117,0.0024553219808741387,25,10,20
35,4836,0.857211506570638,1.180603838108896e-05,0.1403212679142598,0.0024554194767211057,25,10,20
35,4837,0.8579227066342832,1.1792873516580276e-05,0.13961019891337156,0.002455301578828598,25,10,20
35,4838,0.8722776988221373,1.1793618161810423e-05,0.1252509924136282,0.0024595151460727184,25,10,20
35,4839,0.8736885916405381,1.1778440137472843e-05,0.1238440773630045,0.0024555525563199378,25,10,20
35,4840,0.8756377256333968,1.1742849808421294e-05,0.12190137817062985,0.002449153346164751,25,10,20
35,4841,0.8590911496211322,1.1754930701128878e-05,0.1384478846760816,0.0024492107720850338,25,10,20
35,4842,0.8427124992023133,1.1750043429676817e-05,0.15482783731547609,0.0024479134387811,25,10,20
35,4843,0.8365238816014068,1.1740316557656677e-05,0.16101439892380662,0.0024499791582293785,25,10,20
35,4844,0.8348257514195266,1.1740440525053694e-05,0.16271252349077547,0.002449984649173682,25,10,20
35,4845,0.83017629579409,1.1740490662259713e-05,0.1673595793933166,0.002452384321932047,25,10,20
35,4846,0.835091992699114,1.1741414656621622e-05,0.16244380314743687,0.002452462738793463,25,10,20
35,4847,0.8348642829557376,1.174165312447153e-05,0.1626713683285477,0.0024526070625912983,25,10,20
35,4848,0.8350214288166555,1.1741588560062986e-05,0.16251433916589586,0.002452490428889634,25,10,20
35,4849,0.8335013021486417,1.1760772759086156e-05,0.16403456107852507,0.002452376000075196,25,10,20
35,4850,0.8552460407747671,1.1752966800668875e-05,0.14229198837061433,0.002450217887818009,25,10,20
35,4851,0.8552308839247044,1.1752865508767897e-05,0.14230724210277793,0.002450121107008897,25,10,20
35,4852,0.8785622621624583,1.1751660890497096e-05,0.11897588194515134,0.002450104231499757,25,10,20
35,4853,0.8796980427794412,1.1731594215129718e-05,0.11784030312206668,0.002449922504277041,25,10,20
35,4854,0.8645890878790746,1.2356573827561231e-05,0.1329458252006245,0.0024527303464734447,25,10,20
35,4855,0.864935799110043,1.2337198867703445e-05,0.13259931587185536,0.002452547819233775,25,10,20
35,4856,0.8644515566040805,1.2333029049171531e-05,0.13308358190545583,0.0024525284614144295,25,10,20
35,4857,0.8707475160157212,1.2333208706865834e-05,0.12679002685068302,0.0024501239248888437,25,10,20
35,4858,0.8771347950186222,1.2333350155176359e-05,0.12040272516947371,0.0024501464617488738,25,10,20
35,4859,0.8771536358670237,1.2333374551641898e-05,0.12038381554520929,0.00245021521321523,25,10,20
35,4860,0.8762366501327761,1.236245176221994e-05,0.12130080067681298,0.0024501867386486705,25,10,20
35,4861,0.8622504015106339,1.292696886733102e-05,0.1352863396032373,0.0024503319172611893,25,10,20
35,4862,0.8621704417054267,1.293773839022591e-05,0.1353662861996581,0.002450334356524607,25,10,20
35,4863,0.8699288773782955,1.2636291201484262e-05,0.13005068454911858,7.801781383948099e-06,25,10,20
35,4864,0.8902011686320876,1.2617799498911505e-05,0.10977847478827789,7.73878013522928e-06,25,10,20
35,4865,0.8890566665853225,1.2844307529944541e-05,0.11079682452266514,0.0001336645844822988,25,10,20
35,4866,0.8895994324916721,1.2843437932778944e-05,0.11025552634754548,0.00013219772284959533,25,10,20
35,4867,0.8895787878278992,1.2843655367182622e-05,0.11027617456493542,0.00013219395179804615,25,10,20
35,4868,0.905970799813918,1.2831770796916504e-05,0.09388423196816882,0.0001321364471160588,25,10,20
35,4869,0.9039166547768379,3.638051216512033e-06,0.0959385850450043,0.00014112212694123612,25,10,20
35,4870,0.919298231316779,3.657264555158086e-06,0.0805568781078193,0.00014123331084634798,25,10,20
35,4871,0.9193057515043439,3.657435591302024e-06,0.08054931198907851,0.00014127907098614186,25,10,20
35,4872,0.9133998601503123,3.657586912057697e-06,0.08645518263304125,0.00014129962973432486,25,10,20
35,4873,0.9125215976673333,3.65814841754684e-06,0.08733482417752617,0.0001399200067230094,25,10,20
35,4874,0.913034563978494,3.659014618079374e-06,0.08682172653746038,0.0001400504694275901,25,10,20
35,4875,0.904544382137163,3.8475478559572e-06,0.09530066262742304,0.00015110768755805537,25,10,20
35,4876,0.903302391069279,3.877927056091858e-06,0.09654262047223858,0.00015111053142638042,25,10,20
35,4877,0.9183166020873464,3.284166132465462e-06,0.08152910197390392,0.00015101177261730227,25,10,20
35,4878,0.918147325026155,3.3042829678260295e-06,0.08169827974286502,0.00015109094801235386,25,10,20
35,4879,0.8820215196409887,3.33017522642609e-06,0.11782405966036234,0.00015109052342222057,25,10,20
35,4880,0.8792231122819664,3.3209189765198072e-06,0.12058422935464817,0.00018933744440860088,25,10,20
35,4881,0.8704541264991026,3.3511693632865675e-06,0.1293531168359193,0.00018940549561449253,25,10,20
35,4882,0.8792002900994234,3.1623577192627454e-06,0.12061822253022447,0.00017832501263236514,25,10,20
35,4883,0.8772450409244363,3.202244277545833e-06,0.12257324498098512,0.00017851185030076688,25,10,20
35,4884,0.8777507439978962,3.2022421703350853e-06,0.12206754237761894,0.00017851138231397818,25,10,20
35,4885,0.8769675235983567,3.2017396200227347e-06,0.12285089003207483,0.00017838462994773256,25,10,20
35,4886,0.87891466437911,3.1618432616621795e-06,0.12090397853168947,0.00017819524593803607,25,10,20
35,4887,0.8773908764279221,4.2713071177435776e-06,0.12242123032405834,0.00018362194090095385,25,10,20
35,4888,0.8704316376536443,4.276077273792685e-06,0.12937921145717346,0.00018487481190761188,25,10,20
35,4889,0.8714358714389752,4.250814285645944e-06,0.12837366437959655,0.0001862133671418128,25,10,20
35,4890,0.8714444410714475,4.250814418115128e-06,0.12836509392519976,0.00018621418893381667,25,10,20
35,4891,0.8714357467311039,4.2508192653576155e-06,0.1283737890063973,0.00018621344323260753,25,10,20
35,4892,0.8844946047265506,3.610142871142663e-06,0.11531866194098994,0.00018312318958775024,25,10,20
35,4893,0.8846159132312704,3.599275467296111e-06,0.11519736668653169,0.0001831208067301382,25,10,20
35,4894,0.886032325963897,3.5798828935543508e-06,0.1137809118519652,0.00018318230124364005,25,10,20
35,4895,0.8860386493344466,3.5799478781677312e-06,0.11377464004672415,0.0001831306709502112,25,10,20
35,4896,0.8899120709142011,4.6087931733537e-06,0.10990011983726163,0.00018320045536330005,25,10,20
35,4897,0.8931399974681057,4.606516785039633e-06,0.1066722192067816,0.0001831768083269539,25,10,20
35,4898,0.8927058529935915,3.612819027764975e-06,0.10709770271781953,0.00019283146956039447,25,10,20
35,4899,0.8999663659343525,3.381191838081834e-06,0.09996335590190462,6.689697190406175e-05,25,10,20
35,4900,0.8994982598449834,3.3946280707534087e-06,0.10043140632192447,6.693920502086407e-05,25,10,20
35,4901,0.899786818451986,3.3895011426955365e-06,0.1001441977606805,6.559428619023997e-05,25,10,20
35,4902,0.889766779150611,3.4117253267307134e-06,0.11016029403396894,6.951509009267159e-05,25,10,20
35,4903,0.8898038006813289,3.4114872119758135e-06,0.11012327535075589,6.951248070256104e-05,25,10,20
35,4904,0.889393958961924,3.568449202448336e-06,0.11053139686061057,7.107572826234349e-05,25,10,20
35,4905,0.8730106294114017,2.0897529583097566e-05,0.12689449314278253,7.397991623173339e-05,25,10,20
35,4906,0.8734520969807253,2.088468402714724e-05,0.1264531232169645,7.389511828230429e-05,25,10,20
35,4907,0.9086104412182483,2.085968175618709e-05,0.09129461954132895,7.407955866564079e-05,25,10,20
35,4908,0.9098132536380652,2.0858263681307094e-05,0.09009199698650003,7.38911117526248e-05,25,10,20
35,4909,0.9095971661625752,2.0858282318305357e-05,0.09030808068319025,7.389487191503505e-05,25,10,20
35,4910,0.9111376416459669,1.97485158864743e-05,0.08877403303931175,6.85767988339173e-05,25,10,20
35,4911,0.9082258594607637,1.9598903787043344e-05,0.09168688530800292,6.765632744515563e-05,25,10,20
35,4912,0.9117373032151572,1.95912752608407e-05,0.08817609317983927,6.701232974171232e-05,25,10,20
35,4913,0.9118054088409583,1.959205006626985e-05,0.08810798272945528,6.701637951935367e-05,25,10,20
35,4914,0.9114090670120979,1.9589235013103496e-05,0.0885043224201201,6.702133276811251e-05,25,10,20
35,4915,0.8959618351081307,1.9618587839961733e-05,0.08988086544879836,0.01413768085522993,25,10,20
35,4916,0.9267553754339214,1.7488854253082618e-05,0.05909936835919662,0.014127767352628108,25,10,20
35,4917,0.9305082022759669,1.7489353086239786e-05,0.05534655791945995,0.014127750451486126,25,10,20
35,4918,0.9026474181794185,7.093817751372562e-05,0.08319212534196802,0.01408951830109954,25,10,20
35,4919,0.9017456903142176,7.093901171699904e-05,0.08409375942922964,0.014089611244835678,25,10,20
35,4920,0.9013570119626506,7.094381651533107e-05,0.08448245839594243,0.014089585824891457,25,10,20
35,4921,0.8969909106394836,7.09480234158972e-05,0.08492762257086386,0.018010518766236477,25,10,20
35,4922,0.8991425292300711,7.091307762823311e-05,0.08278578382882273,0.01800077386347768,25,10,20
35,4923,0.8989689104225765,7.092251810175541e-05,0.08288779189360947,0.018072375165712057,25,10,20
35,4924,0.8949396897183794,7.090002794150675e-05,0.08691501812211308,0.018074392131565486,25,10,20
35,4925,0.8562371157853712,7.090053821743403e-05,0.125617660258126,0.018074323418284705,25,10,20
35,4926,0.8553081801815396,7.090108699821143e-05,0.12654665405150087,0.01807426467996053,25,10,20
35,4927,0.8555972736182191,7.089610259614121e-05,0.12625758769652745,0.018074242582656386,25,10,20
35,4928,0.855638644328626,7.089536846774808e-05,0.1262162731210363,0.018074187181868883,25,10,20
35,4929,0.8555656725774294,7.089526891271632e-05,0.1262892458771578,0.0180741862764992,25,10,20
35,4930,0.8921573008270695,7.08977482796047e-05,0.0896972160100592,0.01807458541459209,25,10,20
35,4931,0.8918833708001473,7.089773812917892e-05,0.08997129489476775,0.01807443656695605,25,10,20
35,4932,0.8922940174619522,7.089915846198027e-05,0.08956051374083024,0.018074569638755467,25,10,20
35,4933,0.8943639932079027,7.089617908088676e-05,0.08749093832317648,0.01807417228983983,25,10,20
35,4934,0.8940540128564358,7.090366900381531e-05,0.08780088682154842,0.0180741966530118,25,10,20
35,4935,0.8863406731539739,7.106805250761302e-05,0.09326341920555242,0.020324839587966242,25,10,20
35,4936,0.8866253648901455,7.105921606050958e-05,0.09305031350528177,0.020253262388512355,25,10,20
35,4937,0.8877047667474348,7.105845988968213e-05,0.09197091594679091,0.020253258845885014,25,10,20
35,4938,0.9032593680635127,5.373024110817099e-05,0.07643654718533173,0.02025035451004745,25,10,20
35,4939,0.9030710158407795,5.373308214868362e-05,0.07662416076324367,0.020251090313828136,25,10,20
35,4940,0.903256475010359,5.37255893411922e-05,0.07643873344925052,0.02025106595104916,25,10,20
35,4941,0.880733638800567,5.3733425949706105e-05,0.09895937776033792,0.020253250013144427,25,10,20
35,4942,0.8807041783834616,5.373370722401561e-05,0.0989888121571906,0.020253275752122827,25,10,20
35,4943,0.8794975989823455,5.3752681103211465e-05,0.10019531961991877,0.0202533287166319,25,10,20
35,4944,0.878410565275514,5.375339925794294e-05,0.10128234287745444,0.020253338447772787,25,10,20
35,4945,0.8643090990441238,5.394322887912978e-05,0.11265852415857804,0.02297843356841814,25,10,20
35,4946,0.8641747242794392,5.395585784406404e-05,0.11278787231527473,0.022983447547441024,25,10,20
35,4947,0.8645346522215351,5.3956046323180165e-05,0.11242661244415045,0.022984779287990916,25,10,20
35,4948,0.8784692718887668,5.376289379136466e-05,0.10121729343609707,0.020259671781344545,25,10,20
35,4949,0.8833827173716894,5.361646212476502e-05,0.09827348907352412,0.01829017709266133,25,10,20
35,4950,0.890228712692836,5.363192653910038e-05,0.09142865562271604,0.01828899975790867,25,10,20
35,4951,0.8897709313231625,5.3650613406568774e-05,0.09188614984286708,0.0182892682205634,25,10,20
35,4952,0.8832642649137807,5.390441010968413e-05,0.09835827152880919,0.01832355914729996,25,10,20
35,4953,0.8820339826848789,5.4095799429269035e-05,0.0995378796791813,0.018374041836510067,25,10,20
35,4954,0.8806356029203276,5.4096456968505365e-05,0.10093625466514151,0.018374045957562233,25,10,20
35,4955,0.873612274657844,5.409666111664225e-05,0.10795814664367333,0.018375482037366008,25,10,20
35,4956,0.8736226885866202,5.4094856794394406e-05,0.10794841775201011,0.018374798804575123,25,10,20
35,4957,0.8969979533601894,5.408661039340681e-05,0.08457528554072027,0.018372674488696963,25,10,20
35,4958,0.882009119952295,5.4523361047706075e-05,0.09944389656007503,0.018492460126581796,25,10,20
35,4959,0.8760770762439496,5.804719835517697e-05,0.10542174428893934,0.0184431322687554,25,10,20
35,4960,0.8760228217914414,5.804703440317627e-05,0.10547600162154559,0.01844312955260938,25,10,20
35,4961,0.8753109171274517,5.804666859657304e-05,0.10618805425052086,0.018442981953430415,25,10,20
35,4962,0.8897353682427297,5.8046969859616317e-05,0.09176802388857844,0.0184385608988318,25,10,20
35,4963,0.9046076167780079,5.761140583343259e-05,0.07701567245419569,0.018319099361963034,25,10,20
35,4964,0.905447103060416,5.761069440004948e-05,0.07617619395170715,0.01831909229347688,25,10,20
35,4965,0.9106165912336783,5.735645652099925e-05,0.07104103593043139,0.01828501637936934,25,10,20
35,4966,0.9267595840853378,5.73509547026869e-05,0.06896222775817953,0.004220837201779976,25,10,20
35,4967,0.9168073115868961,5.7732536154083894e-05,0.07871721845015604,0.004417737426793746,25,10,20
35,4968,0.9017358187748374,5.789489847965226e-05,0.09374018885477822,0.00446609747190462,25,10,20
35,4969,0.9054689185057465,5.789818224499572e-05,0.09392591098463936,0.0005472723273688707,25,10,20
35,4970,0.9023762449890672,5.787954758583641e-05,0.09729975572706519,0.00026611973628117355,25,10,20
35,4971,0.9026023716732188,5.786055810933501e-05,0.09707370188180768,0.0002660658868639056,25,10,20
35,4972,0.8939890653483294,5.819028001306055e-05,0.10564110131819845,0.0003116430534582988,25,10,20
35,4973,0.9031161867682603,5.786076220611303e-05,0.09655979649397789,0.00026615597555537456,25,10,20
35,4974,0.911583577446628,5.783641874168492e-05,0.08807080935888933,0.0002877767757408304,25,10,20
35,4975,0.9038188141840773,5.819141033673831e-05,0.09316328733514811,0.002959707070437358,25,10,20
35,4976,0.9031448406175133,5.820406631070404e-05,0.09385397282130628,0.002942982494869251,25,10,20
35,4977,0.8939571884981653,5.8332203272449684e-05,0.10300700496222648,0.0029774743363351576,25,10,20
35,4978,0.8947252433307358,5.8313174713662634e-05,0.10223923556963775,0.002977207924912058,25,10,20
35,4979,0.8947435340283536,5.831289986051187e-05,0.10222094504420293,0.0029772080275824093,25,10,20
35,4980,0.8887089498890707,7.171392549457748e-05,0.10824361278051714,0.0029757234049171567,25,10,20
35,4981,0.8950922460483653,7.171371721453636e-05,0.10186175241083223,0.0029742878235875904,25,10,20
35,4982,0.8611468708497338,8.948738463859657e-05,0.135787840775212,0.002975800990415268,25,10,20
35,4983,0.8615306595711582,8.947934574348334e-05,0.13540616967490973,0.00297369140818814,25,10,20
35,4984,0.8610047800282754,0.0001016920946960357,0.13591776243523948,0.00297576544178872,25,10,20
35,4985,0.8618578617335579,0.00010167820053030399,0.1350698675855372,0.0029705924803741534,25,10,20
35,4986,0.8768998769467656,0.00010149560663547052,0.12007503332509747,0.00292359412150109,25,10,20
35,4987,0.8840310970757642,9.778293691257277e-05,0.11294867315771023,0.00292244682961326,25,10,20
35,4988,0.849962601951739,9.77837001414384e-05,0.14700589399941424,0.0029337203487050096,25,10,20
35,4989,0.8149222215301529,9.778415040720885e-05,0.18204627125931305,0.0029337230601272175,25,10,20
35,4990,0.8037661235975118,0.00010662491826261888,0.19319347432037282,0.0029337771638535,25,10,20
35,4991,0.8042445165974728,0.00010663294046095363,0.19271444996876352,0.002934400493302848,25,10,20
35,4992,0.7974361567283728,0.00010663838223330964,0.19952138680256912,0.002935818086825791,25,10,20
35,4993,0.7913926800993393,0.00011629409863654101,0.2055060890543627,0.002984936747662582,25,10,20
35,4994,0.7597610537011213,0.00010361601655845012,0.23695041122066599,0.003184919061654445,25,10,20
35,4995,0.7597630594789422,0.00010362127372340827,0.23694844980090235,0.003184869446432178,25,10,20
35,4996,0.7598968130766431,0.00010362065859428246,0.23681472257251507,0.0031848436922479783,25,10,20
35,4997,0.7523949845977579,0.00010361956849427422,0.24431684980019447,0.003184546033553795,25,10,20
35,4998,0.7597206967030121,0.00010323706362745617,0.23718818318068227,0.002987883052678188,25,10,20
35,4999,0.7514967920309786,0.00010323716919191216,0.24541209027996808,0.002987880519860894,25,10,20
35,5000,0.7401573484957424,0.0001032357161922075,0.25674787395550924,0.0029915418325553115,25,10,20
35,5001,0.7737699843325347,0.00014861969969935592,0.2232858979285492,0.0027954980392169526,25,10,20
35,5002,0.7842510824414992,0.0001486319417739614,0.2128042867586014,0.0027959988581260074,25,10,20
35,5003,0.788237575605761,0.00014863199026810933,0.2088176739713414,0.0027961184326300813,25,10,20
35,5004,0.7964281581392642,0.00014827742476237937,0.20329822231632838,0.0001253421196457782,25,10,20
35,5005,0.7989331379745841,0.000148153380516903,0.20082780109295648,9.090755194286984e-05,25,10,20
35,5006,0.7883921052151998,0.00015019114016265534,0.21137000955473695,8.769408990112195e-05,25,10,20
35,5007,0.7887711209222527,0.0001501775112316385,0.21099097849744441,8.772306907097308e-05,25,10,20
35,5008,0.7782590856177158,0.00015019422570870323,0.22140436518113366,0.00018635497544217962,25,10,20
35,5009,0.7752880781125135,0.00015019413301311566,0.2243752378382972,0.00018648991617644135,25,10,20
35,5010,0.7754347996374813,0.00015019411882086125,0.22422995604506885,0.0001850501986293559,25,10,20
35,5011,0.7935513908048264,0.00015200546616949993,0.20606715878883375,0.00022944494016973078,25,10,20
35,5012,0.7938828440063567,0.00015200498632719176,0.20573686253727355,0.00022828847004206725,25,10,20
35,5013,0.8034417653917234,0.0001326419487658558,0.19624196126366494,0.00018363139584620596,25,10,20
35,5014,0.8033921653560987,0.00013263945016708735,0.19629157579189893,0.00018361940183560284,25,10,20
35,5015,0.7942040586387273,0.00013058598483348864,0.2054795584370753,0.00018579693936345628,25,10,20
35,5016,0.8007791456938681,0.00013036400109031997,0.1989059462830848,0.00018454402195691887,25,10,20
35,5017,0.8002660811313581,0.00013072014565421934,0.1994179593537227,0.00018523936926483344,25,10,20
35,5018,0.7892305199977528,0.00013085123191883033,0.20842633770619995,0.0022122910641283115,25,10,20
35,5019,0.7951046851382411,0.00012119172721610062,0.20253307801741002,0.0022410451171327624,25,10,20
35,5020,0.8036510409202545,0.0001211916157350203,0.19398672290734098,0.002241044556669085,25,10,20
35,5021,0.804004901218035,0.00012118665737040047,0.19371009601976205,0.0021638161048320222,25,10,20
35,5022,0.8027659828095801,0.00012118734911643582,0.19494891846939585,0.0021639113719071957,25,10,20
35,5023,0.8025629180787516,0.00012116405786717849,0.19515840142704632,0.0021575164363349057,25,10,20
35,5024,0.82317278864402,0.00012116371731031825,0.17455170507641035,0.0021543425622589482,25,10,20
35,5025,0.8221130284800346,0.0001211836574988179,0.17561134817120258,0.002154439691263495,25,10,20
35,5026,0.8280293008741231,0.00012118372774459646,0.1696950711720953,0.002154444226036539,25,10,20
35,5027,0.8598345497957182,6.772497030491552e-05,0.1379434276640849,0.0021542975698917183,25,10,20
35,5028,0.8560301328762118,6.757293948619051e-05,0.14174871717184506,0.0021535770124566605,25,10,20
35,5029,0.8561535255915925,6.757274266484131e-05,0.14162539849162728,0.002153503174115013,25,10,20
35,5030,0.8563724385673736,6.7572447944161e-05,0.14140770422862095,0.0021522847560610093,25,10,20
35,5031,0.8513537345867368,6.776998893614797e-05,0.14642525023285988,0.002153245191466696,25,10,20
35,5032,0.8551262235256061,2.1679378169958256e-05,0.1426570496336561,0.0021950474625673814,25,10,20
35,5033,0.8650994823055822,2.1689251537426357e-05,0.13268391651074396,0.0021949119321360193,25,10,20
35,5034,0.8953283705056176,2.168856330610666e-05,0.10246630341596238,0.00218363751511302,25,10,20
35,5035,0.8951225006408896,2.169361403046783e-05,0.1026708424983322,0.002184963246747182,25,10,20
35,5036,0.8997878239821516,2.170785254019156e-05,0.09800547122434042,0.0021849969409673342,25,10,20
35,5037,0.8945220080139383,2.177103185292698e-05,0.10325407408137793,0.0022021468728302867,25,10,20
35,5038,0.8945238543445503,2.1771027878203976e-05,0.10325222483774638,0.0022021497898247642,25,10,20
35,5039,0.8945202129570586,2.2613834443910574e-05,0.10330072649728708,0.0021564467112100173,25,10,20
35,5040,0.8831310028487092,3.392622942078995e-05,0.11160571955398448,0.005229351367885405,25,10,20
35,5041,0.8772845977387851,3.393101492571124e-05,0.1174507432488824,0.0052307279974066635,25,10,20
35,5042,0.8431548495414631,3.393073633904639e-05,0.1515805435505228,0.00523067617167468,25,10,20
35,5043,0.8441864380257773,3.39118196147473e-05,0.15055393890158913,0.005225711253018529,25,10,20
35,5044,0.8462091696703341,3.3893465768468006e-05,0.14853129269194526,0.0052256441719518675,25,10,20
35,5045,0.8544491368312447,2.5052621259629793e-05,0.14029942596606898,0.0052263845814262255,25,10,20
35,5046,0.8549942296317644,2.50637038397413e-05,0.13974940152881413,0.005231305135581361,25,10,20
35,5047,0.823338407646235,2.514788088478469e-05,0.1714062843176884,0.005230160155191545,25,10,20
35,5048,0.8266152598715868,2.5147673328370156e-05,0.1681301791324476,0.005229413322637068,25,10,20
35,5049,0.8607491311883217,2.514766121451337e-05,0.13399630709678687,0.005229414053676996,25,10,20
35,5050,0.860528024528379,2.516570817991206e-05,0.13414443484703364,0.005302374916407457,25,10,20
35,5051,0.8613985356597135,1.2953130123024282e-05,0.1332882721137278,0.005300239096435829,25,10,20
35,5052,0.8502930248023578,1.2955316740103635e-05,0.14439878979793108,0.005295230082970875,25,10,20
35,5053,0.8503880187053535,1.2950346070263188e-05,0.14430510482338987,0.0052939261251862,25,10,20
35,5054,0.8476790550703853,1.9068671692643513e-05,0.14700692384047806,0.005294952417443929,25,10,20
35,5055,0.8591156647058388,7.756170554537934e-06,0.1386552362923254,0.002221342831280925,25,10,20
35,5056,0.8596316423830512,7.737082646995552e-06,0.13821229279391134,0.0021483277403900945,25,10,20
35,5057,0.8709741019347659,3.0083524337749532e-05,0.12684765474850124,0.0021481597923946674,25,10,20
35,5058,0.8787260490445932,3.0078093202392407e-05,0.11909712859296485,0.0021467442692388794,25,10,20
35,5059,0.8769350280488917,3.002334714753315e-05,0.12090415865027987,0.0021307899536804576,25,10,20
35,5060,0.8770441007076718,3.0023276418085758e-05,0.12079510697312022,0.002130769042789429,25,10,20
35,5061,0.8873654899370006,3.0037195108791052e-05,0.1104734210265919,0.0021310518412984898,25,10,20
35,5062,0.8945411131479708,3.002647404195727e-05,0.10334161084097493,0.002087249537011992,25,10,20
35,5063,0.9205545819267857,7.596491058468253e-06,0.07735056525151443,0.002087256330641198,25,10,20
35,5064,0.921357027724867,6.7372364816390035e-06,0.07654905308936737,0.002087181949283799,25,10,20
35,5065,0.9254854935547467,6.533714962920627e-06,0.07242074873566198,0.0020872239946283654,25,10,20
35,5066,0.9253453262150805,6.539177001462681e-06,0.0725608365752622,0.002087298032655784,25,10,20
35,5067,0.9261396588189377,6.539024400181251e-06,0.07176649739570708,0.0020873047609550758,25,10,20
35,5068,0.9259995032159061,6.5391729756286695e-06,0.07190665508617937,0.0020873025249386105,25,10,20
35,5069,0.9182199829032232,2.4188034564309283e-05,0.079668573089431,0.002087255972781696,25,10,20
35,5070,0.9178902921242149,2.4205221839483218e-05,0.07999609434564155,0.0020894083083041783,25,10,20
35,5071,0.9060530184195383,2.420474167777355e-05,0.09183337072438622,0.002089406114397775,25,10,20
35,5072,0.9139936749528771,6.550241918180908e-06,0.08391035039890586,0.002089424406298915,25,10,20
35,5073,0.914883424045007,6.5321363358013515e-06,0.08302283505283209,0.002087208765825069,25,10,20
35,5074,0.9152003910514341,6.531542469498807e-06,0.08270591003827618,0.0020871673678201706,25,10,20
35,5075,0.9188109138225967,6.533707762942232e-06,0.07909538421100303,0.002087168258637248,25,10,20
35,5076,0.9187978194512928,6.533713661402016e-06,0.07910850216471502,0.0020871446703307327,25,10,20
35,5077,0.9177642625870994,6.5341459857693245e-06,0.0801373363947029,0.002091866872211903,25,10,20
35,5078,0.9020028302451659,6.3416566137306225e-06,0.09589989871777994,0.0020909293804400103,25,10,20
35,5079,0.9025238610648869,6.3410202940697515e-06,0.0953835567137389,0.002086241201079838,25,10,20
35,5080,0.9006141122450386,6.3423861074145194e-06,0.09729311927775917,0.0020864260910942625,25,10,20
35,5081,0.8802475774232384,6.323027998370909e-06,0.1176556976900922,0.002090401858670721,25,10,20
35,5082,0.880109084685687,6.32321483496246e-06,0.11779419017610467,0.002090401923373106,25,10,20
35,5083,0.88011540549177,6.323214995793617e-06,0.11778787016500976,0.002090401128224193,25,10,20
35,5084,0.8798669395460571,6.328382205741954e-06,0.11803635644101412,0.002090375630722648,25,10,20
35,5085,0.8681424721296688,1.770092461397467e-05,0.12969707350938972,0.0021427534363278383,25,10,20
35,5086,0.8617101624156986,1.774294449737163e-05,0.13612924133063622,0.00214285330916848,25,10,20
35,5087,0.860455141289352,1.7742996501867982e-05,0.13738425013351174,0.0021428655806348556,25,10,20
35,5088,0.8600856168363117,1.7743086611917517e-05,0.13775372710935638,0.00214291296772083,25,10,20
35,5089,0.8567376127163275,1.8022194452685373e-05,0.14110056792934272,0.002143797159876983,25,10,20
35,5090,0.8520714124311622,0.00022994694264780194,0.14758093632624578,0.0001177042999440102,25,10,20
35,5091,0.8464113019606656,0.00023010584202971948,0.15321539798366707,0.00014319421363783984,25,10,20
35,5092,0.8459014100586463,0.0002301109200368592,0.15372525942397283,0.00014321959734424719,25,10,20
35,5093,0.8522334473967043,0.00023082320686766686,0.14738907490672554,0.00014665448970216748,25,10,20
35,5094,0.8526057589231713,0.00023081849724133278,0.14701536287307623,0.00014805970651090607,25,10,20
35,5095,0.858148062631852,0.0002318508889431677,0.14147310843914812,0.0001469780400558858,25,10,20
35,5096,0.8580111771419163,0.0002318552566520522,0.14161137261018245,0.0001455949912482448,25,10,20
35,5097,0.854307523644638,0.00023199739818816417,0.14531426827516442,0.00014621068200907318,25,10,20
35,5098,0.8544398686347663,0.00023199721165887655,0.14518192268372013,0.00014621146985461096,25,10,20
35,5099,0.8691329522725095,1.9951028143360237e-05,0.1307018177245921,0.00014527897475432355,25,10,20
35,5100,0.8686317571767934,1.995101729897375e-05,0.131203057969046,0.00014523383686100588,25,10,20
35,5101,0.8683044132827159,2.0057743992791594e-05,0.13152981116260704,0.00014571781068339166,25,10,20
35,5102,0.868671418545309,2.0057655826027072e-05,0.13116285293683153,0.00014567086203238312,25,10,20
35,5103,0.8690940293480958,2.0062846242020074e-05,0.13074023336442336,0.00014567444123781046,25,10,20
35,5104,0.8605677838240621,1.3935386868441687e-05,0.1392736215968084,0.00014465919226029782,25,10,20
35,5105,0.8597969957405343,1.3935574454068477e-05,0.14004440904123958,0.00014465964377127525,25,10,20
35,5106,0.8592992820797416,1.3938933892071144e-05,0.1405413100605223,0.00014546892584328108,25,10,20
35,5107,0.8710288526299033,1.3938605780920426e-05,0.12881176481095385,0.00014544395336110117,25,10,20
35,5108,0.8703482413004144,1.39511352181317e-05,0.12949220262699745,0.0001456049373693605,25,10,20
35,5109,0.8739112867649762,1.3808532717660885e-05,0.12592998733980468,0.00014491736250067373,25,10,20
35,5110,0.8600296810954708,1.3828262333425416e-05,0.13977924203175726,0.00017724861043768602,25,10,20
35,5111,0.8600247746399723,1.382827778837343e-05,0.13978414756894092,0.00017724951329753402,25,10,20
35,5112,0.8627289815542188,1.35500546406748e-05,0.13708098929487098,0.00017647909626886707,25,10,20
35,5113,0.8622198046547086,1.3582728485035927e-05,0.13758595825540093,0.00018065436140477236,25,10,20
35,5114,0.86312703598664,1.3567953737248562e-05,0.1366789039167113,0.0001804921429107259,25,10,20
35,5115,0.8713316314235633,1.3449952771520206e-05,0.12850726923973543,0.00014764938392913343,25,10,20
35,5116,0.892324821256482,1.344272181061652e-05,0.10751832221232333,0.00014341380938380177,25,10,20
35,5117,0.8870684567489113,1.3442688345978259e-05,0.11277464498981647,0.00014345557292602838,25,10,20
35,5118,0.887330012208665,1.3437955124467125e-05,0.11251309455024329,0.00014345528596708436,25,10,20
35,5119,0.8874816312373115,1.3437817813376173e-05,0.11236145405476015,0.00014347689011488584,25,10,20
35,5120,0.8884943137738501,1.3428172446145565e-05,0.1113488082654842,0.00014344978821935117,25,10,20
35,5121,0.8871063332909713,1.3445843128703367e-05,0.11273686216562892,0.0001433587002707048,25,10,20
35,5122,0.8709261955616008,1.3457238870792854e-05,0.12891411393295316,0.00014623326657500237,25,10,20
35,5123,0.8770617055404522,1.3448427815465776e-05,0.12277861262524527,0.0001462334064867182,25,10,20
35,5124,0.9063930499717203,1.3448113525166543e-05,0.09344716844317266,0.00014633347158200008,25,10,20
35,5125,0.9057464972394003,1.3644744248714207e-05,0.09409348797641352,0.00014637003993774216,25,10,20
35,5126,0.8913428612970339,1.3646555600702438e-05,0.10849585315044814,0.0001476389969177537,25,10,20
35,5127,0.8914876536320989,1.3646457690239312e-05,0.10835111060858692,0.0001475893016243045,25,10,20
35,5128,0.8855146527219709,1.364680898550237e-05,0.11432414762133856,0.00014755284770538282,25,10,20
35,5129,0.8861680545021343,1.3646802670546738e-05,0.11367056986452122,0.00014772883067437468,25,10,20
35,5130,0.8878439407133288,1.362911318668887e-05,0.11199470315005762,0.0001477270234271297,25,10,20
35,5131,0.8879334185716978,1.3629038080716651e-05,0.11190524824681178,0.00014770414341019626,25,10,20
35,5132,0.9088272009783656,1.3624081822178724e-05,0.09101149084966681,0.00014768409014581446,25,10,20
35,5133,0.9086570025401146,1.3619540829390162e-05,0.09118171511676555,0.0001476628022908721,25,10,20
35,5134,0.9201285426733778,2.2574570183064008e-06,0.07977386842877097,9.533144083322877e-05,25,10,20
35,5135,0.9005903201367711,1.6092862851988238e-05,0.09929709058047705,9.64964199000686e-05,25,10,20
35,5136,0.9000561719690182,1.6097521349118775e-05,0.09978113083389017,0.00014659967574239682,25,10,20
35,5137,0.9141953028518686,1.6117147057705282e-05,0.08564335006359658,0.0001452299374775582,25,10,20
35,5138,0.9138988708749298,1.5115165348050415e-05,0.08594068286867432,0.0001453310910479552,25,10,20
35,5139,0.9140484370474364,1.5115005152855988e-05,0.08579111765468993,0.00014533029272110456,25,10,20
35,5140,0.9244279349804531,1.2869947166428688e-06,0.07542655968678785,0.00014421833804254607,25,10,20
35,5141,0.9395277718597309,1.4836955227277202e-06,0.06027442529073023,0.00019631915401627554,25,10,20
35,5142,0.9008413568437984,1.5108681726258713e-06,0.09896068358251427,0.00019644870551483153,25,10,20
35,5143,0.8932536611406089,1.5136343393486e-06,0.10315852227668229,0.0035863029483689567,25,10,20
35,5144,0.8958755145814734,1.5190357532373996e-06,0.10059067726029093,0.0035322891224819864,25,10,20
35,5145,0.8905729444011347,1.5295046527300023e-06,0.1058931877004323,0.0035323383937796793,25,10,20
35,5146,0.8963543866151524,1.534472975302842e-06,0.10011173622741447,0.003532342684457139,25,10,20
35,5147,0.9342977771051914,1.5071113453711568e-06,0.06216850626929451,0.003532209514168905,25,10,20
35,5148,0.9343341607665977,1.5020751632145515e-06,0.062130698279240046,0.003533638878999269,25,10,20
35,5149,0.9053239818356422,2.3246699585711535e-06,0.09113985940183335,0.0035338340925658157,25,10,20
35,5150,0.9057158976683556,2.3222056274263843e-06,0.09074792746537474,0.003533852660642373,25,10,20
35,5151,0.9009060053139767,3.0046898339885866e-06,0.09555708822481274,0.0035339017713767905,25,10,20
35,5152,0.8952111698425894,2.9985682533891683e-06,0.10125197633556406,0.0035338552535928987,25,10,20
35,5153,0.9010644347647653,2.994226175525669e-06,0.09539871697860564,0.0035338540304539717,25,10,20
35,5154,0.8948628451083931,2.992634158464775e-06,0.09988325953282993,0.0052509027246182335,25,10,20
35,5155,0.8979518316566911,3.238131103847706e-06,0.0985586691902805,0.003486261021924807,25,10,20
35,5156,0.9065009472329751,3.2321166328523524e-06,0.09000431944227534,0.003491501208116772,25,10,20
35,5157,0.9056493533666808,3.2340637289438613e-06,0.09084790904527919,0.003499503524311095,25,10,20
35,5158,0.8888483402044407,3.969123994842387e-06,0.10764098577297615,0.003506704898586687,25,10,20
35,5159,0.8946338330753275,3.958850360995836e-06,0.10185550267295218,0.003506705401357595,25,10,20
35,5160,0.9230757619027146,2.6241316594911687e-06,0.07338369720057922,0.0035379167650468734,25,10,20
35,5161,0.9231608915516993,2.6189330133592057e-06,0.07329857766883796,0.003537911846449364,25,10,20
35,5162,0.9239375526703277,2.61800776466733e-06,0.07252185146627566,0.00353797785563192,25,10,20
35,5163,0.9079027085117599,2.6386622675185e-06,0.08855667235268415,0.0035379804732875338,25,10,20
35,5164,0.8974042221197344,2.758956690782448e-06,0.09905522712601686,0.0035377917975565726,25,10,20
35,5165,0.897403465360913,2.7589452765881715e-06,0.09905598523684622,0.003537790456962822,25,10,20
35,5166,0.8973889076813387,2.759066304736742e-06,0.09907051250411536,0.0035378207482399545,25,10,20
35,5167,0.9074818475983257,2.3035176239757537e-06,0.08891563714230051,0.003600211741749164,25,10,20
35,5168,0.9228905411231284,2.301002426463043e-06,0.07350211468437058,0.0036050431900744406,25,10,20
35,5169,0.9116609097582797,2.29960236622974e-06,0.08473697162280112,0.003599819016552845,25,10,20
35,5170,0.9112682177225715,2.301736033921022e-06,0.08512954680315124,0.003599933738243293,25,10,20
35,5171,0.9178437065708492,2.122899202135954e-06,0.07857982298768539,0.003574347542263133,25,10,20
35,5172,0.9035306599671287,2.7647027349529662e-06,0.09289930381008307,0.0035672715200515976,25,10,20
35,5173,0.903412818035275,2.764715599267329e-06,0.09301714363076993,0.0035672736183542542,25,10,20
35,5174,0.8995178414037166,2.8537217476205678e-06,0.09598311406412256,0.004496190810411933,25,10,20
35,5175,0.8999405120969192,2.6990999877568013e-06,0.09560252095036048,0.004454267852731411,25,10,20
35,5176,0.8771500006684441,2.6967436928368423e-06,0.11839324690884911,0.0044540556790132165,25,10,20
35,5177,0.8771643465786585,2.696548613514828e-06,0.11837895095244008,0.004454005920287215,25,10,20
35,5178,0.8809156504306095,2.4428099076759e-06,0.11463038738705411,0.00445151937242776,25,10,20
35,5179,0.8729353215541247,2.4344513531839266e-06,0.12099925604307493,0.006062987951446922,25,10,20
35,5180,0.8728062675520095,2.4361795391970386e-06,0.12112831691389138,0.00606297935455952,25,10,20
35,5181,0.8729534933612176,2.434169135578329e-06,0.12098111102043241,0.006062961449213996,25,10,20
35,5182,0.8730413669757113,2.4344948622991593e-06,0.12089164602562548,0.006064552503800672,25,10,20
35,5183,0.8732212955063413,2.4489621232941124e-06,0.12071160886518793,0.006064646666347417,25,10,20
35,5184,0.8732085653612357,2.448962213388453e-06,0.12072425110818472,0.00606473456836603,25,10,20
35,5185,0.8780918088616414,2.3239195262434095e-06,0.11677503445039655,0.005130832768434834,25,10,20
35,5186,0.8771084346115194,2.324639548167813e-06,0.11775831370410333,0.005130927044828217,25,10,20
35,5187,0.8866245001049129,2.32049670957342e-06,0.11163229194314889,0.0017408874552280879,25,10,20
35,5188,0.9026290853359711,1.660272693189388e-06,0.09563146140828327,0.0017377929830517886,25,10,20
35,5189,0.9143277072356031,1.5109306742381542e-06,0.08393299059721177,0.001737791236510129,25,10,20
35,5190,0.9261718850285525,1.5109301671855005e-06,0.07208888276935689,0.0017377212719233732,25,10,20
35,5191,0.8867797235381575,1.5137746081531891e-06,0.11147489797409117,0.0017438647131424638,25,10,20
35,5192,0.8799709894086835,1.8328721833484821e-06,0.11828083495329875,0.0017463427658339391,25,10,20
35,5193,0.886547988325266,1.605854949155399e-06,0.11176653313424084,0.0016838726855432492,25,10,20
35,5194,0.9063224926330316,1.5911105997808004e-06,0.0854761258386253,0.008199790417742459,25,10,20
35,5195,0.906438753813061,1.5763342793422646e-06,0.0853599751060379,0.008199694746620743,25,10,20
35,5196,0.9121232292655688,1.2585817507885523e-06,0.0796780235755032,0.008197488577176759,25,10,20
35,5197,0.8967611621709862,1.3856655771220044e-06,0.09497179375683623,0.008265658406599317,25,10,20
35,5198,0.8969020289215495,1.3856810137675865e-06,0.09483094811804405,0.008265637279391546,25,10,20
35,5199,0.8898995101304971,3.6603914583354827e-07,0.10183451669581055,0.008265607134546908,25,10,20
35,5200,0.8897030876416988,3.6604113071597216e-07,0.10203093908564564,0.008265607231525338,25,10,20
35,5201,0.8856666870157419,3.747581839058891e-06,0.10604726571923453,0.008282299683185005,25,10,20
35,5202,0.9224647356580681,3.747567731494038e-06,0.06924943100368544,0.008282085770514478,25,10,20
35,5203,0.9187667691717898,3.946944387177112e-06,0.0729471232979716,0.008282160585851036,25,10,20
35,5204,0.9189073444035158,3.9469443107486105e-06,0.07280654885832798,0.008282159793845589,25,10,20
35,5205,0.9216028454314946,3.767443160004838e-06,0.07011103424142232,0.008282352883922966,25,10,20
35,5206,0.9207549506313897,5.76644701446383e-07,0.07097688139665817,0.008267591327250684,25,10,20
35,5207,0.9207586752830291,5.770029177729962e-07,0.07097315386072042,0.008267593853332682,25,10,20
35,5208,0.9103142160494936,5.770723211598943e-07,0.08141761472576334,0.008267592152422227,25,10,20
35,5209,0.9103150918265398,5.770619273455346e-07,0.08141673988329944,0.008267591228233721,25,10,20
35,5210,0.9291347985244556,5.893972101431826e-07,0.06896586881193492,0.0018987432663991075,25,10,20
35,5211,0.9291311744744957,5.895091388721889e-07,0.06896944174853735,0.0018987942678280398,25,10,20
35,5212,0.9290043421262425,5.8951441250452e-07,0.06909627363301166,0.0018987947263331992,25,10,20
35,5213,0.928485525651777,5.971927125437695e-07,0.06961502319870755,0.0018988539568027627,25,10,20
35,5214,0.922883229994859,6.0340554431391e-07,0.0751865685379536,0.001929598061643005,25,10,20
35,5215,0.9232410244419953,6.034338150473288e-07,0.07482865379534319,0.0019297183288462666,25,10,20
35,5216,0.9336031557008164,6.041618962489686e-07,0.06446514815506638,0.0019310919822207696,25,10,20
35,5217,0.9311445581529328,9.888207719805105e-07,0.06851795301576938,0.0003365000105256464,25,10,20
35,5218,0.9306422592598959,9.900043936785392e-07,0.06902005838567589,0.0003366923500345175,25,10,20
35,5219,0.9278900819511662,1.0013505321276243e-06,0.07177211386633753,0.0003368028319640357,25,10,20
35,5220,0.9277690704708214,1.00142712369823e-06,0.07189315054581191,0.00033677755624299,25,10,20
35,5221,0.9283023568395808,9.567670940305793e-07,0.07141486955703849,0.00028181683628681416,25,10,20
35,5222,0.9287450879296522,7.933333851812524e-07,0.07097236219268784,0.00028175654427490973,25,10,20
35,5223,0.9300517931961406,7.730316250190421e-07,0.06981892455943214,0.00012850921280236613,25,10,20
35,5224,0.8945208603702255,7.72926769529038e-07,0.10534988336006477,0.00012848334294070856,25,10,20
35,5225,0.8943506637286602,7.782774863543732e-07,0.10552139986816662,0.00012715812568749537,25,10,20
35,5226,0.8942246562370108,7.783782740969456e-07,0.10564738291424121,0.0001271824704744791,25,10,20
35,5227,0.8943284908978332,7.781988902774588e-07,0.10554358336280567,0.000127147540471301,25,10,20
35,5228,0.9293693607336734,7.78539013848438e-07,0.07050262260568822,0.00012723812162441868,25,10,20
35,5229,0.9339499004539098,5.879404060929071e-07,0.06592420486767275,0.00012530673801103767,25,10,20
35,5230,0.9345871859436938,5.802675052937116e-07,0.0652869858971072,0.00012524789169345677,25,10,20
35,5231,0.9567143582660357,5.828816241181946e-07,0.043156041933129545,0.00012901691921067646,25,10,20
35,5232,0.9449618241919261,9.558884141637784e-07,0.054869126810453146,0.00016809310920681594,25,10,20
35,5233,0.951561564498294,5.866535973510296e-07,0.04830874529846797,0.0001291035496408775,25,10,20
35,5234,0.9490458258630912,5.774576325944019e-07,0.050823605361638456,0.0001299913176381389,25,10,20
35,5235,0.9486770596871488,5.77736626510268e-07,0.05119237079504162,0.00012999178118343623,25,10,20
35,5236,0.9544532854044598,5.74384078142726e-07,0.045417342395823554,0.00012879781563875697,25,10,20
35,5237,0.9544048029859278,5.737001980118563e-07,0.04546587249245945,0.0001287508214150432,25,10,20
35,5238,0.9693911091179972,4.469964763781898e-07,0.030546525010964845,6.191887456191669e-05,25,10,20
35,5239,0.9540948885683944,1.1188838727176632e-06,0.045842338194681,6.165435305231895e-05,25,10,20
35,5240,0.9533107385292974,1.1277516389293842e-06,0.046567738602463556,0.0001203951166006942,25,10,20
35,5241,0.9402518408995991,1.3345855227005321e-06,0.05962619823653676,0.00012062627834194027,25,10,20
35,5242,0.9403129521241628,1.334985005911954e-06,0.05956511034576233,0.00012060254506919674,25,10,20
35,5243,0.936188507116523,1.3349693254414616e-06,0.0636895967125088,0.00012056120164316126,25,10,20
35,5244,0.9361798752367211,1.335329939495697e-06,0.06369822735975729,0.0001205620735822498,25,10,20
35,5245,0.9361724961357623,1.3355048299981117e-06,0.06370560413893496,0.00012056422047308519,25,10,20
35,5246,0.9369339174882144,1.3266396300781798e-06,0.06300293248163542,6.182339052029483e-05,25,10,20
35,5247,0.9355255140998635,1.3378448982828541e-06,0.06441133708430705,6.181097093146758e-05,25,10,20
35,5248,0.9347772534955446,1.3384148334402582e-06,0.06509565123561521,0.00012575685400684,25,10,20
35,5249,0.9348647549599449,1.3389513089548935e-06,0.06500957703192597,0.0001243290568201927,25,10,20
35,5250,0.9049204803173833,1.3868178053310807e-06,0.09495362295756545,0.00012450990724606912,25,10,20
35,5251,0.9048939191443387,1.3864744566175985e-06,0.09498027606006368,0.0001244183211412961,25,10,20
35,5252,0.9047199261379955,1.3863068214558795e-06,0.09515423059374713,0.0001244569614361979,25,10,20
35,5253,0.911202859283842,1.3713341786138685e-06,0.08867138452439903,0.00012438485758056226,25,10,20
35,5254,0.9081344351634613,1.4270081240054124e-06,0.0908945451044875,0.000969592723927572,25,10,20
35,5255,0.9191051883200358,1.0340830846923268e-06,0.07994572138088037,0.0009480562159997292,25,10,20
35,5256,0.932557824036771,8.268722300748079e-07,0.06649486188992901,0.0009464872010705433,25,10,20
35,5257,0.9331402982363661,9.510188696457596e-07,0.06591485180411465,0.000943898940650006,25,10,20
35,5258,0.9157550444246344,1.5710098104428912e-06,0.08329672431296227,0.0009466602525932834,25,10,20
35,5259,0.9163589530489709,1.5612110342652176e-06,0.08269284846166754,0.000946637278327671,25,10,20
35,5260,0.914758053548042,1.5627877955018793e-06,0.08435720759599541,0.0008831760681676122,25,10,20
35,5261,0.9148378937025499,1.5627783371138348e-06,0.08427740826247465,0.0008831352566387346,25,10,20
35,5262,0.9144764920330811,1.5074260694435575e-06,0.08548407490022869,3.792564062106247e-05,25,10,20
35,5263,0.9137691845585869,1.6569611382629332e-06,0.08619055108490167,3.86073953735526e-05,25,10,20
35,5264,0.9141383834900101,1.6566710929942982e-06,0.08582135333368422,3.860650521280793e-05,25,10,20
35,5265,0.9140637228558391,1.6570454659304664e-06,0.08589594023929967,3.867985939535717e-05,25,10,20
35,5266,0.9140704718605579,1.6566881896599793e-06,0.08588916841128118,3.870303997125777e-05,25,10,20
35,5267,0.9307652700781497,1.3828942195926599e-06,0.06917507452013141,5.827250749976117e-05,25,10,20
35,5268,0.930618724106164,1.3841205477440127e-06,0.06931713602763406,6.275574565462678e-05,25,10,20
35,5269,0.929049074296905,1.4044183537962432e-06,0.07088122757648073,6.829370826088032e-05,25,10,20
35,5270,0.9347686759039793,1.4032422144472018e-06,0.06519411737634412,3.580347746252317e-05,25,10,20
35,5271,0.9351871601683608,1.4030982215033603e-06,0.06477563355610245,3.5803177315576036e-05,25,10,20
35,5272,0.9351892953867056,1.4030952090412988e-06,0.06477349833894959,3.5803179136090255e-05,25,10,20
35,5273,0.9697208273626878,1.537509880804104e-06,0.030242001101371332,3.5634026060043796e-05,25,10,20
35,5274,0.969299546750418,1.5555114626377356e-06,0.030663450681997974,3.5447056121364976e-05,25,10,20
35,5275,0.9689259014257349,1.5564582360948787e-06,0.03103701867305304,3.552344297593514e-05,25,10,20
35,5276,0.9313228939130456,1.5712952492943746e-06,0.06863994444477056,3.55903469347917e-05,25,10,20
35,5277,0.9237782372926776,1.5806816038500116e-06,0.07618328257617216,3.68994495466797e-05,25,10,20
35,5278,0.9228280088659492,1.5770629890655817e-06,0.07713354156828783,3.6872502774286826e-05,25,10,20
35,5279,0.9226015892204208,1.4390292714297656e-06,0.07724622934530545,0.00015074240500251494,25,10,20
35,5280,0.9226771288248676,1.4336482574409994e-06,0.07717067475245674,0.000150762774418592,25,10,20
35,5281,0.923853699018203,1.4140685196016077e-06,0.07599966026587046,0.0001452266474073408,25,10,20
35,5282,0.9241018280842038,1.4139736556694904e-06,0.07575155538075165,0.00014520256138924212,25,10,20
35,5283,0.907449529277021,1.0989189757845646e-06,0.09242367083821415,0.00012570096578908767,25,10,20
35,5284,0.8903120367472998,4.071877578295299e-07,0.109561855607226,0.00012570045771559467,25,10,20
35,5285,0.8904496336919572,4.059581512106628e-07,0.10942876715345339,0.00012119319643725886,25,10,20
35,5286,0.8901935653067906,4.0613599704926957e-07,0.10968481167907389,0.00012121687813763491,25,10,20
35,5287,0.8888137775064301,3.919201691168153e-07,0.11106442045401695,0.0001214101193833318,25,10,20
35,5288,0.8886919880271464,3.9228709445102606e-07,0.1111862062091106,0.00012141347664796838,25,10,20
35,5289,0.8669831181925916,0.009800186216121352,0.12309770515162785,0.00011899043965871469,25,10,20
35,5290,0.8677577159884593,0.009800185025494165,0.12243760944895662,4.489537089383418e-06,25,10,20
35,5291,0.8683743659350762,0.009800002043510671,0.12182120705985763,4.424961555324807e-06,25,10,20
35,5292,0.8644235117506628,0.009804576640934497,0.1257233199755868,4.859163281585089e-05,25,10,20
35,5293,0.8640421765346586,0.009804581656961386,0.12610466085031852,4.858095806161521e-05,25,10,20
35,5294,0.8601440082405435,0.009804569665557577,0.12995010069253293,0.00010132140136626984,25,10,20
35,5295,0.8602681225799123,0.009804569408444172,0.12982594025876026,0.00010136775288345697,25,10,20
35,5296,0.8637449727229132,0.009804790317564023,0.12634882946700876,0.00010140749251430251,25,10,20
35,5297,0.8613295396797267,0.009804805417250687,0.1287642875359631,0.00010136736705973603,25,10,20
35,5298,0.8946266557225968,0.00980480575144086,0.09546717105847159,0.00010136746749082844,25,10,20
35,5299,0.861131089666245,0.00980618591508,0.1289612352967822,0.00010148912189290784,25,10,20
35,5300,0.8991232590009693,0.00980618548711472,0.09096932403152154,0.00010123148039461032,25,10,20
35,5301,0.8991065548786387,0.009806186366979028,0.09098597557939035,0.0001012831749917044,25,10,20
35,5302,0.890011621155388,0.009815728756485328,0.10006976715525782,0.00010288293286846578,25,10,20
35,5303,0.8637778393713813,0.009815746704143194,0.12620578241265915,0.00020063151181575655,25,10,20
35,5304,0.9025266186999442,1.6200104886887994e-05,0.09718278357777628,0.00027439761739271313,25,10,20
35,5305,0.905024792613741,1.6184333625695937e-05,0.09468457186835266,0.0002744511842804607,25,10,20
35,5306,0.9046874853767559,1.6195616073543217e-05,0.09502181139136613,0.00027450761580427867,25,10,20
35,5307,0.9122500443580216,1.618594361749027e-05,0.0874605652487976,0.0002732044495632498,25,10,20
35,5308,0.9090001635351821,1.5921120193729077e-05,0.09078498035816182,0.00019893498646234115,25,10,20
35,5309,0.9087210080916509,1.5794810776530415e-05,0.0910653244569872,0.00019787264058556623,25,10,20
35,5310,0.9084697916321548,1.5800070188904386e-05,0.0913165362974471,0.00019787200020936733,25,10,20
35,5311,0.9084868150177648,1.5809697426055994e-05,0.09129956894118887,0.0001978063436203259,25,10,20
35,5312,0.9418206757470112,1.4434643215758682e-05,0.05796716432584901,0.0001977252839238207,25,10,20
35,5313,0.9418352390665434,1.4434746364641318e-05,0.05795262165704638,0.00019770453004539773,25,10,20
35,5314,0.941835951861047,1.4434488957192903e-05,0.05795191301111488,0.00019770063888081192,25,10,20
35,5315,0.9420247697466396,1.4429033829392452e-05,0.05776314206369395,0.00019765915583692375,25,10,20
35,5316,0.9418891824528182,1.4417883211304366e-05,0.05789876403226227,0.0001976356317082645,25,10,20
35,5317,0.940351384776475,1.4434294810192266e-05,0.05943648789543577,0.00019769303327928065,25,10,20
35,5318,0.9383529300508134,1.5472597363699966e-05,0.06143389858610069,0.00019769876572202472,25,10,20
35,5319,0.9428661091593594,1.09379833972377e-05,0.05696906945227283,0.00015388340497045366,25,10,20
35,5320,0.9428856466828611,1.094286784225903e-05,0.056949223420366984,0.0001541870289297152,25,10,20
35,5321,0.9412570216452066,1.0944117720108407e-05,0.05832431536541907,0.0004077188716543909,25,10,20
35,5322,0.9367064263612298,1.0947455889844666e-05,0.06287485519237167,0.00040777099050874616,25,10,20
35,5323,0.910570288294574,1.096695420604609e-05,0.0890011104973763,0.00041763425384412975,25,10,20
35,5324,0.899057980104564,1.1672519170297139e-05,0.10050942007578437,0.00042092730048181627,25,10,20
35,5325,0.8989267624603693,1.1676308400803504e-05,0.10063955944556069,0.0004220017856697867,25,10,20
35,5326,0.9004169051901321,1.0638535778708124e-05,0.09914998405682907,0.00042247221726064455,25,10,20
35,5327,0.9003943771784003,1.0656020516765903e-05,0.09916799333074008,0.00042697347034341036,25,10,20
35,5328,0.8765905717620578,1.0670839790703379e-05,0.12297178289486758,0.00042697450328404275,25,10,20
35,5329,0.902808462329335,1.0652354689045787e-05,0.09685163694267564,0.00032924837330059,25,10,20
35,5330,0.9121849554546613,8.889030294966843e-07,0.08748652221879138,0.0003276334235180506,25,10,20
35,5331,0.892114736057913,9.081523597601436e-07,0.1075519252145032,0.0003324305752241799,25,10,20
35,5332,0.8943903671503587,9.060476633479841e-07,0.10527677922474933,0.00033194757722879734,25,10,20
35,5333,0.8942106454631742,9.159831971398382e-07,0.10545649507852475,0.0003319434751040088,25,10,20
35,5334,0.8950582331229584,9.107388008084655e-07,0.10460921915192678,0.00033163698631412874,25,10,20
35,5335,0.8890137600616671,9.051983933073377e-07,0.11065249234396449,0.00033284239597535425,25,10,20
35,5336,0.8882403784421132,9.112190973972235e-07,0.1114258878534817,0.0003328224853078488,25,10,20
35,5337,0.8893680739649832,8.947407739460171e-07,0.11029828804499944,0.0003327432492436987,25,10,20
35,5338,0.8892141109547811,8.849996769595291e-07,0.11045092785754607,0.0003340761879962844,25,10,20
35,5339,0.8729790190612023,8.964880816119282e-07,0.12668589978136852,0.0003341846693479293,25,10,20
35,5340,0.8774588951469322,9.669482591252866e-07,0.12218742084072443,0.0003527170640843862,25,10,20
35,5341,0.8721390878347512,1.174083041388908e-05,0.12749639944594585,0.0003527718888893917,25,10,20
35,5342,0.8722367960247024,1.1740994814462284e-05,0.1273986362258165,0.00035282675466665045,25,10,20
35,5343,0.8720499738540187,1.1742144433370702e-05,0.1275864360927982,0.0003518479087495594,25,10,20
35,5344,0.8912020240151218,1.1741228862940414e-05,0.10843927091559415,0.00034696384042128594,25,10,20
35,5345,0.8912757309097452,1.1741183487497814e-05,0.10836556577890272,0.0003469621278650271,25,10,20
35,5346,0.9027230238262414,1.103525509311277e-05,0.09692234349435401,0.00034359742431204965,25,10,20
35,5347,0.901881990460912,1.1733662395560243e-05,0.09771133952207736,0.00039493635461550534,25,10,20
35,5348,0.9221188500912783,1.1716150224920142e-05,0.07748379820520988,0.00038563555328697456,25,10,20
35,5349,0.9220964077273294,1.1648675430752763e-05,0.07752489089871502,0.0003670526985249486,25,10,20
35,5350,0.9163908888784169,1.181166550606879e-05,0.08322923849514421,0.000368060960932833,25,10,20
35,5351,0.9103690148682793,1.1813558972538876e-05,0.08925146711996183,0.0003677044527862598,25,10,20
35,5352,0.9170672719823051,1.1631036253416186e-05,0.08255449418842155,0.00036660279301970307,25,10,20
35,5353,0.9152173877492945,1.1649319488738997e-05,0.08440173362329645,0.00036922930791988647,25,10,20
35,5354,0.9200993311266754,1.1910016603379454e-05,0.07951978136623633,0.0003689774904845598,25,10,20
35,5355,0.9201397259485398,1.1909149706248714e-05,0.07947943651143363,0.0003689283903199408,25,10,20
35,5356,0.9013700297596103,1.3126212143595316e-05,0.09824778384033805,0.0003690601879079931,25,10,20
35,5357,0.9055152597155259,1.311254733733879e-05,0.09410258940138375,0.0003690383357526787,25,10,20
35,5358,0.8976184122425401,1.2738553917490813e-05,0.1020504015325341,0.0003184476710078577,25,10,20
35,5359,0.8980887418872738,1.2738433756727168e-05,0.10158010313172325,0.00031841654724590004,25,10,20
35,5360,0.8974394511325754,1.2733982346485076e-05,0.10222918874381164,0.00031862614126631263,25,10,20
35,5361,0.8997518146611937,1.8082688829425744e-05,0.09996340186943155,0.00026670078054494837,25,10,20
35,5362,0.8997494797201733,1.808265638755951e-05,0.09996573703676115,0.0002667005866775665,25,10,20
35,5363,0.8831890180684099,1.8082826517528823e-05,0.1165229209914303,0.00026997811364270336,25,10,20
35,5364,0.8818806206268139,1.8374835921886626e-05,0.11782883859620039,0.0002721659410640135,25,10,20
35,5365,0.8826773999450757,1.8367431737534363e-05,0.11703098199238049,0.00027325063080654513,25,10,20
35,5366,0.8981389084675672,1.88940346720218e-05,0.10156966167539422,0.00027253582236620266,25,10,20
35,5367,0.8943068528305477,1.8890239161657564e-05,0.1054027228878161,0.0002715340424741949,25,10,20
35,5368,0.8983777924114453,1.8890053434417153e-05,0.10133189434976662,0.00027142318535329106,25,10,20
35,5369,0.8995354049446267,1.888880981694218e-05,0.10042781324026169,1.7893005294736227e-05,25,10,20
35,5370,0.8859716661104075,1.9043474541000882e-05,0.11398996431379443,1.932610125752311e-05,25,10,20
35,5371,0.8855007816703933,1.904408958618252e-05,0.11445998651687533,2.0187723145614924e-05,25,10,20
35,5372,0.8800967681358149,1.905260236381314e-05,0.11986277768291853,2.1401578902987654e-05,25,10,20
35,5373,0.8672746059895728,1.9056036480989882e-05,0.13260789621401195,9.844175993422419e-05,25,10,20
35,5374,0.8680225081690593,1.907782376000176e-05,0.13186061431078813,9.779969639248966e-05,25,10,20
35,5375,0.8680183946608905,1.9077831242957652e-05,0.13186472865523555,9.779885263082171e-05,25,10,20
35,5376,0.8745176944553451,1.8829804160738367e-05,0.12536631398248782,9.716175800614929e-05,25,10,20
35,5377,0.8750772580218318,1.8795444178080735e-05,0.1248070764053114,9.687012867848829e-05,25,10,20
35,5378,0.8756936821517123,1.8776245119706136e-05,0.12419067892300051,9.68626801672874e-05,25,10,20
35,5379,0.8661435516072619,2.0276487367584424e-05,0.1338092399801414,2.6931925228630354e-05,25,10,20
35,5380,0.8509408542422925,5.253183055939702e-05,0.1489742987789595,3.231514818812131e-05,25,10,20
35,5381,0.8509701325131199,5.2531817863484506e-05,0.14894637120633816,3.096446267782257e-05,25,10,20
35,5382,0.8567091298814243,4.17524587829989e-05,0.1432182237969433,3.089386284878916e-05,25,10,20
35,5383,0.8702775060775798,4.1597788197310644e-05,0.12965143450669403,2.9461627528312352e-05,25,10,20
35,5384,0.8709648854254348,4.187807778926985e-05,0.12896389488309956,2.934161367576412e-05,25,10,20
35,5385,0.8727649454548795,4.185990646022753e-05,0.12716636124531022,2.6833393349528712e-05,25,10,20
35,5386,0.8755267810997612,3.6513349737944166e-05,0.12441085963978765,2.5845910712859113e-05,25,10,20
35,5387,0.8755265457845048,3.6513342836710756e-05,0.12441109628774084,2.584458491723186e-05,25,10,20
35,5388,0.9093571333083087,3.0416564077125334e-06,0.09061808433710052,2.174069818277098e-05,25,10,20
35,5389,0.9001089098278551,3.054818671024644e-06,0.09986623157128874,2.1803782185107972e-05,25,10,20
35,5390,0.9000576380870885,3.0327255347376626e-06,0.09991508205569347,2.4247131683345557e-05,25,10,20
35,5391,0.9090051703571217,3.0195591972437083e-06,0.09096762639615238,2.418368752865249e-05,25,10,20
35,5392,0.9091327843153124,3.0189451207607717e-06,0.09084137587317748,2.2820866388966197e-05,25,10,20
35,5393,0.9420695190112022,1.5118308831236638e-06,0.05791332619073402,1.5642967180377586e-05,25,10,20
35,5394,0.9415774166151206,1.5316501426473306e-06,0.0584054643863865,1.558734834989816e-05,25,10,20
35,5395,0.941051273811824,1.5317956099887421e-06,0.058931532594340565,1.5661798225337995e-05,25,10,20
35,5396,0.9411919480986853,1.2520847758390024e-06,0.05879121890102611,1.5580915512574066e-05,25,10,20
35,5397,0.9627972690989749,1.7312386580689695e-06,0.03704890243711295,0.00015209722525413155,25,10,20
35,5398,0.9587139695631138,1.8690111092474367e-06,0.04109335126242144,0.00019081016335563045,25,10,20
35,5399,0.9588466545880833,1.868948358734877e-06,0.040963305465861806,0.0001881709976964384,25,10,20
35,5400,0.9573392580985756,2.9518257061493244e-06,0.042464568220879684,0.00019322185483907646,25,10,20
35,5401,0.9495960662555051,2.9503845432051676e-06,0.050207044537942655,0.00019393882200941035,25,10,20
35,5402,0.9495619691378157,2.9509544176260945e-06,0.050241154724958076,0.00019392518280879266,25,10,20
35,5403,0.9590238520541575,2.62133378556529e-06,0.04078037415550164,0.0001931524565557124,25,10,20
35,5404,0.9647830475557325,2.6129451860873297e-06,0.03502152683341392,0.00019281266566784414,25,10,20
35,5405,0.9672420324774121,5.5801183766744795e-06,0.03256216985171768,0.00019021755249391955,25,10,20
35,5406,0.9625810856944118,5.576487273251085e-06,0.03722317009899669,0.0001901677193188575,25,10,20
35,5407,0.9413047389168291,5.6325636711822935e-06,0.05804034318120002,0.0006492853383006157,25,10,20
35,5408,0.9412919968549924,5.630191885405488e-06,0.05805305255162255,0.000649320401500597,25,10,20
35,5409,0.9411704973743538,5.6307325325731e-06,0.05817454892763952,0.0006493229654751624,25,10,20
35,5410,0.9418880276636595,5.630223976093226e-06,0.05745709794055588,0.0006492441718095133,25,10,20
35,5411,0.9319895432256423,5.644754755415884e-06,0.06735556562116513,0.0006492463984382836,25,10,20
35,5412,0.9322482427276622,5.6447228423720855e-06,0.06709686620333373,0.0006492463461627455,25,10,20
35,5413,0.896723626968629,0.0007302301933069561,0.10189370781120007,0.0006524350268642769,25,10,20
35,5414,0.8976493625117543,0.0007302724968810416,0.10098119700470842,0.0006391679866557497,25,10,20
35,5415,0.8922591466266279,0.0007302725631066993,0.10637223342462233,0.0006383473856426695,25,10,20
35,5416,0.88234970882225,0.0007302825850543836,0.1162461156970819,0.000673892895612919,25,10,20
35,5417,0.8816200314876472,0.0007302826190735931,0.1169757074435677,0.000673978449710531,25,10,20
35,5418,0.8869454865147572,0.0007302824879253353,0.11165028430274063,0.000673946694575825,25,10,20
35,5419,0.891035258121323,0.0007302682808885577,0.10750398610363675,0.0007304874941510141,25,10,20
35,5420,0.8859969865222181,0.000730272032157713,0.11254225419733467,0.000730487248288569,25,10,20
35,5421,0.8861241212660432,0.0007302732540129713,0.11241511985653373,0.0007304856234093347,25,10,20
35,5422,0.8804346018919889,0.0007302728268526776,0.11810472788694615,0.0007303973942117427,25,10,20
35,5423,0.8800141411914523,0.000730278066280035,0.11852382100637128,0.0007317597358956519,25,10,20
35,5424,0.8849051549901473,0.0007302742780072781,0.11363282794667003,0.0007317427851748403,25,10,20
35,5425,0.8849190738417697,0.0007302741761006541,0.11361895748011928,0.0007316945020102554,25,10,20
35,5426,0.8831025821759063,0.0007305113913495755,0.11537552084258335,0.0007913855901604454,25,10,20
35,5427,0.8763292558420052,0.0007272640251198241,0.12215229873017563,0.0007911814026992449,25,10,20
35,5428,0.879699672025523,0.0007310973623660826,0.11775012112358749,0.0018191094885233756,25,10,20
35,5429,0.8803362524282964,0.0007305718195834937,0.11711355017345917,0.0018196255786605824,25,10,20
35,5430,0.8814695536815708,0.0007309134032598132,0.11611630084768863,0.0016832320674804674,25,10,20
35,5431,0.8909574768585519,0.0007309068130744359,0.10666387696726674,0.001647739361106731,25,10,20
35,5432,0.8843902948529325,0.0007311313338721831,0.1132311370359963,0.0016474367771989018,25,10,20
35,5433,0.8448801385381564,0.0007311321711573747,0.11357807741521139,0.0408106518754746,25,10,20
35,5434,0.8415871162445793,0.0007311146501294239,0.11687358349930847,0.04080818560598274,25,10,20
35,5435,0.8411766073333515,0.0007311145631103047,0.11728407014611081,0.04080820795742683,25,10,20
35,5436,0.8470474553801606,0.0007311142392117987,0.11146976544814413,0.04075166493248303,25,10,20
35,5437,0.8469719389785767,0.000731114155517128,0.11154528111829572,0.04075166574760988,25,10,20
35,5438,0.8443152783600596,0.0007311318511810711,0.11392116726613909,0.04103242252261965,25,10,20
35,5439,0.8406318391085218,0.0007311363099741374,0.11760458005787951,0.04103244452362415,25,10,20
35,5440,0.8431218654611691,0.0007309652690838048,0.11514012640258287,0.041007042867163675,25,10,20
35,5441,0.8436636421363317,0.0007309639926013573,0.1146014538451035,0.04100394002596289,25,10,20
35,5442,0.8436090349606198,0.0007309643452616542,0.11465605938192784,0.04100394131219023,25,10,20
35,5443,0.8435123994099676,0.0007310304927868777,0.11475268374672806,0.04100388635051719,25,10,20
35,5444,0.843652419773282,0.000731031866480143,0.11461230275626433,0.041004245603973394,25,10,20
35,5445,0.8472427393279507,0.0007310360917793617,0.11101973718045706,0.04100648739981281,25,10,20
35,5446,0.8469863092571539,0.0007310414773413042,0.11127611280654837,0.04100653645895636,25,10,20
35,5447,0.8520646152903195,0.0007310423800019769,0.10619412715533785,0.04101021517434075,25,10,20
35,5448,0.8610569598372979,0.0007271946362447383,0.0982336289060324,0.03998221662042512,25,10,20
35,5449,0.8446954219511739,0.0007278024251157751,0.11459538622598042,0.03998138939772993,25,10,20
35,5450,0.8679642543213683,0.000727865090852697,0.09178504336816098,0.039522837219618016,25,10,20
35,5451,0.861394096803842,0.0007278721676965816,0.09835235942135467,0.039525671607106544,25,10,20
35,5452,0.855229408383945,0.0007278717909126221,0.10451694736987388,0.03952577245526819,25,10,20
35,5453,0.8614394890680689,0.0007278716316956431,0.09830696938434638,0.03952566991588902,25,10,20
35,5454,0.8651376367618501,0.0007277498245410296,0.09460955140637378,0.03952506200723496,25,10,20
35,5455,0.865618666096881,0.0007277296741374493,0.0941285434140956,0.03952506081488578,25,10,20
35,5456,0.8436249683179093,0.0007277407673496327,0.11611813002869001,0.03952916088605089,25,10,20
35,5457,0.8250034028779278,0.000728035164685112,0.13473800609087505,0.03953055586651218,25,10,20
35,5458,0.8253558506676737,0.0007280358652527684,0.13438553245990367,0.03953058100716974,25,10,20
35,5459,0.8257697435883128,0.0007280169337830386,0.13397172939017657,0.0395305100877274,25,10,20
35,5460,0.825649157197727,0.0007280146450073917,0.13408431151075573,0.03953851664650962,25,10,20
35,5461,0.8273899286377983,0.0007269321435909651,0.13234966826014413,0.039533470958466335,25,10,20
35,5462,0.8273166212868794,0.00072611611111487,0.13242382278902268,0.039533439812982844,25,10,20
35,5463,0.7997441252999177,0.0007279087623461698,0.15998534960801603,0.0395426163297202,25,10,20
35,5464,0.8002376876331234,0.0007278957884912813,0.15977093101188486,0.03926348556650063,25,10,20
35,5465,0.8223309836113034,0.000727879631462731,0.13768174876219974,0.03925938799503475,25,10,20
35,5466,0.797161892756466,0.0007398010643153534,0.1628383807393833,0.03925992543983563,25,10,20
35,5467,0.7981866461732398,0.0007397819927733647,0.16181371495119887,0.03925985688278826,25,10,20
35,5468,0.7978093095908149,0.0007398224835233932,0.16505853848999272,0.036392329435669314,25,10,20
35,5469,0.7974049422195907,0.0007398141729689083,0.16546517371484956,0.03639006989259126,25,10,20
35,5470,0.8162849133606759,0.0007395143778817138,0.14658694556250262,0.03638862669893987,25,10,20
35,5471,0.8161056016910796,0.0007395146634430072,0.1467662531738775,0.03638863047160003,25,10,20
35,5472,0.815687808231517,0.0007395150256354142,0.14717868502645076,0.036393991716396915,25,10,20
35,5473,0.8159287987194367,0.0007395149423021019,0.14693762058709894,0.036394065751162455,25,10,20
35,5474,0.8154466787281086,0.0007395156509145327,0.14741973949354648,0.03639406612743034,25,10,20
35,5475,0.8154438507253081,0.0007395156445318596,0.1474225684017932,0.03639406522836668,25,10,20
35,5476,0.8153903918356294,0.0007395155585880852,0.14747604069662587,0.036394051909156504,25,10,20
35,5477,0.833165722738282,0.0007389067663333815,0.12970426833381754,0.03639110216156738,25,10,20
35,5478,0.8331304395373664,0.000738911686931302,0.12973949607400465,0.03639115270169796,25,10,20
35,5479,0.8330376913393888,0.0007389116789865317,0.12983224116285336,0.03639115581877168,25,10,20
35,5480,0.8607863493109446,0.0007370527680738872,0.10209463704578217,0.03638196087519967,25,10,20
35,5481,0.8602975667359251,0.0007370524121261487,0.1025834240328067,0.03638195681914246,25,10,20
35,5482,0.8586212237829309,0.0007370713712046354,0.10425440966714772,0.03638729517871693,25,10,20
35,5483,0.8324626554480998,0.0007377078719423945,0.13041081257243337,0.03638882410752447,25,10,20
35,5484,0.8329968086769799,0.0007377068062779186,0.1298766633603111,0.0363888211564312,25,10,20
35,5485,0.8244656925067511,0.0007378844185967781,0.13840602669389626,0.03639039638075575,25,10,20
35,5486,0.8244339224783491,0.0007378847989315189,0.13843779151639554,0.03639040120632376,25,10,20
35,5487,0.824420700987889,0.0007378845271932284,0.13845101579198604,0.03639039869293166,25,10,20
35,5488,0.787153650627492,0.0007378845467979379,0.17571806063348444,0.03639040419222562,25,10,20
35,5489,0.7865376335213093,0.0007378855474322485,0.1763340633633666,0.03639041756789186,25,10,20
35,5490,0.7874833262009223,0.0007382468123717738,0.20544940503137984,0.006329021955325641,25,10,20
35,5491,0.7895116995020269,0.0007382423611394404,0.2034226329945334,0.006327425142299573,25,10,20
35,5492,0.8241715430054548,0.000737891376990063,0.17424256610828304,0.0008479995092721189,25,10,20
35,5493,0.8304910287853967,0.0007378835173740545,0.1679262318127012,0.0008448558845280451,25,10,20
35,5494,0.8287269739915369,0.0007378834247360816,0.1696956448352379,0.0008394977484884457,25,10,20
35,5495,0.8384201211211304,0.0007376433231030377,0.16006176709543368,0.0007804684603320199,25,10,20
35,5496,0.8384243223645548,0.0007376431626018909,0.1600575638197332,0.0007804706531092139,25,10,20
35,5497,0.8430628849742867,0.0007376398773674418,0.15541902621816164,0.000780448930182915,25,10,20
35,5498,0.8428336185022625,0.0007376475979524322,0.1556482071706217,0.0007805267291620433,25,10,20
35,5499,0.8811692002954499,0.0007376475685138877,0.1173126325364994,0.0007805195995365593,25,10,20
35,5500,0.8844837495445307,0.0007375966682871081,0.11475299246364826,2.5661323533350135e-05,25,10,20
35,5501,0.8838624544471113,0.0007376026918739153,0.11527965603796832,0.00012028682304592279,25,10,20
35,5502,0.8865869207948304,0.0007376025892138646,0.11255431298021203,0.00012116363574330859,25,10,20
35,5503,0.8849694500565286,0.0007376212998478149,0.11417259201709695,0.00012033662652620645,25,10,20
35,5504,0.8837560445027716,0.0007376405054009795,0.11538585275143179,0.00012046224039536177,25,10,20
35,5505,0.8837665256795814,0.0007376404972269852,0.11537537211287295,0.0001204617103182152,25,10,20
35,5506,0.9193303226185874,1.3056131543656825e-05,0.0805391857104548,0.00011743553941393958,25,10,20
35,5507,0.9002804532235653,1.6525611383920363e-05,0.09863800665355782,0.0010650145114928413,25,10,20
35,5508,0.9003400243159745,1.6520530614020137e-05,0.09857979272742519,0.0010636624259863486,25,10,20
35,5509,0.8917964775547809,2.2533735072398914e-05,0.10708711231292031,0.0010938763972266482,25,10,20
35,5510,0.8581772887198078,0.010428069121376251,0.1302997530819504,0.00109488907686473,25,10,20
35,5511,0.8543626363355545,0.010428077252550152,0.1341142951841835,0.0010949912277110835,25,10,20
35,5512,0.8679263001861354,2.254811093287261e-05,0.13095273555924375,0.001098416143687221,25,10,20
35,5513,0.8937534754567783,2.1911582869794226e-05,0.1051277732515349,0.0010968397088166003,25,10,20
35,5514,0.8793546132296632,2.1907256412734133e-05,0.11953198530680328,0.0010914942071206047,25,10,20
35,5515,0.879362327139405,2.190722928006053e-05,0.11952427733274316,0.0010914882985714998,25,10,20
35,5516,0.8796109022948437,2.1899492953035425e-05,0.11927578819198566,0.0010914100202172841,25,10,20
35,5517,0.879400101255726,2.1898784210153e-05,0.11948654390034755,0.0010914560597160665,25,10,20
35,5518,0.8801204890603219,2.1899231272841015e-05,0.11876620465471596,0.0010914070536890824,25,10,20
35,5519,0.8772658342114663,2.4857217956751855e-05,0.12081431025509143,0.0018949983154854394,25,10,20
35,5520,0.8761288297120561,2.4871111432843065e-05,0.12194096407188247,0.0019053351046284103,25,10,20
35,5521,0.8947400525990676,2.1409866538082725e-05,0.10428070392475743,0.0009578336096367316,25,10,20
35,5522,0.8811565990521733,2.150437257785445e-05,0.11783917456601851,0.000982722009230211,25,10,20
35,5523,0.8824859366632672,2.150011041433311e-05,0.116520200820746,0.0009723624055721672,25,10,20
35,5524,0.8824072291972055,2.1505166287759534e-05,0.11659888076905273,0.00097238486745365,25,10,20
35,5525,0.8824081964130481,2.150516931724323e-05,0.1165979135159537,0.0009723849016807135,25,10,20
35,5526,0.8851920384336878,1.8547272658951034e-05,0.11462062143661654,0.00016879285703658695,25,10,20
35,5527,0.8840005078458798,1.854841223154958e-05,0.11581199391673212,0.000168949825156257,25,10,20
35,5528,0.8834701291373517,1.8582862763754214e-05,0.11634217907616798,0.00016910892371644538,25,10,20
35,5529,0.8730964510428126,1.8589456393706933e-05,0.12671111261640497,0.00017384688438880022,25,10,20
35,5530,0.8939646850787678,1.8853832730242604e-05,0.10584581859356121,0.0001706424949406249,25,10,20
35,5531,0.8803177734503831,3.135601091915463e-05,0.11947831237449723,0.00017255816420022016,25,10,20
35,5532,0.8803346948266939,3.135660266968727e-05,0.11946130208230275,0.00017264648833334315,25,10,20
35,5533,0.8803594934269934,3.1635495227122986e-05,0.11943627690215095,0.00017259417562833897,25,10,20
35,5534,0.8797797775515654,3.1638925206775584e-05,0.12000783753647686,0.00018074598675062222,25,10,20
35,5535,0.8797995327376049,3.187921388292755e-05,0.11999524701685584,0.00017334103165610513,25,10,20
35,5536,0.878619292540899,3.1896535167495206e-05,0.12117312460750522,0.00017568631642796124,25,10,20
35,5537,0.8625472101082806,3.189584974467677e-05,0.13724517343236248,0.00017572060961225952,25,10,20
35,5538,0.8623773346833944,3.1900646990663026e-05,0.1374149250791981,0.0001758395904168043,25,10,20
35,5539,0.8657624213259375,3.1892254104630884e-05,0.13402995091351683,0.00017573550644120402,25,10,20
35,5540,0.8814649466940486,3.187717872072587e-05,0.11832745761408281,0.0001757185131474364,25,10,20
35,5541,0.8955186538036531,1.959036022024064e-05,0.1042870779409188,0.0001746778952075689,25,10,20
35,5542,0.8949214966807176,1.9589165309298854e-05,0.1048843547989315,0.00017455935504127908,25,10,20
35,5543,0.8995719870889113,1.9413985069478795e-05,0.10023498250611299,0.00017361641990586458,25,10,20
35,5544,0.8888773404717755,1.941141219197877e-05,0.11092900851376691,0.00017423960226530018,25,10,20
35,5545,0.888858464250109,1.9410769653586657e-05,0.11094257729287053,0.00017954768736656501,25,10,20
35,5546,0.8888777592801662,1.913049440859959e-05,0.1109226619852704,0.00018044824015431757,25,10,20
35,5547,0.8957885157139874,1.890091129394799e-05,0.10401319743527482,0.0001793859394432567,25,10,20
35,5548,0.8995121902264381,2.870263615869778e-05,0.10030287620958164,0.00015623092782058665,25,10,20
35,5549,0.8996057307786429,2.8697842016132718e-05,0.10020945983176846,0.00015611154757160932,25,10,20
35,5550,0.9100188151330849,2.868615700203932e-05,0.08980117506641201,0.000151323643500316,25,10,20
35,5551,0.9100144168412094,2.86860652256725e-05,0.08980555918159216,0.00015133791197195727,25,10,20
35,5552,0.925205101715017,2.8685488747973578e-05,0.07460817205161857,0.0001580407446162661,25,10,20
35,5553,0.9247097709777842,2.896822795889229e-05,0.07510168974348029,0.00015957105077650792,25,10,20
35,5554,0.9248112296903631,2.8968368868167623e-05,0.0750002248608515,0.00015957707991718368,25,10,20
35,5555,0.9205774141638028,1.72478405489667e-05,0.07924629036512248,0.00015904763052547265,25,10,20
35,5556,0.9222306338175622,1.72291352622109e-05,0.07759313906075832,0.0001589979864173973,25,10,20
35,5557,0.9228546924912479,1.722879840298422e-05,0.07697439892639482,0.00015367978395434444,25,10,20
35,5558,0.9507213640927086,1.702825457923451e-05,0.04910775058864157,0.00015385706407092335,25,10,20
35,5559,0.9145952766858251,1.715259795620048e-05,0.08522248125223525,0.00016508946398389166,25,10,20
35,5560,0.9088884602690883,1.714592812026809e-05,0.09093022908598916,0.00016416471680251864,25,10,20
35,5561,0.8721295120222429,1.715791633852581e-05,0.11902985075462152,0.008823479306796861,25,10,20
35,5562,0.8730482093081413,1.712276385276617e-05,0.11811125760867908,0.008823410319326817,25,10,20
35,5563,0.8564946336429212,1.712345630635897e-05,0.1346647224771145,0.008823520423658667,25,10,20
35,5564,0.8671022220430009,1.7126082197359286e-05,0.12405780265554439,0.008822849219257937,25,10,20
35,5565,0.8514569340360123,1.725679784807259e-05,0.1376373975313493,0.01088841163479078,25,10,20
35,5566,0.852221759720431,1.72597190411734e-05,0.13697525072762354,0.01078572983290426,25,10,20
35,5567,0.8506471490219696,1.7260905993176186e-05,0.1385497652108972,0.010785824861139954,25,10,20
35,5568,0.8562445991498135,1.726144898511264e-05,0.1329522908142044,0.010785848586996995,25,10,20
35,5569,0.8563756021581255,1.7251360046355802e-05,0.13282130134817588,0.010785845133652468,25,10,20
35,5570,0.8420704380762394,1.6989002720385406e-05,0.14712811234311413,0.010784460577925996,25,10,20
35,5571,0.8419483901069046,1.6988696608585845e-05,0.14725007170142546,0.010784549495061264,25,10,20
35,5572,0.8783408418919519,1.6864528236547758e-05,0.11086895108209055,0.010773342497720256,25,10,20
35,5573,0.8787258685805793,1.6864512332021378e-05,0.11048394735269552,0.01077331955439255,25,10,20
35,5574,0.8786336580398145,1.686526890782393e-05,0.1105655704398101,0.010783906251467088,25,10,20
35,5575,0.877963626026855,1.65757354609539e-05,0.11123724691109262,0.010782551326591396,25,10,20
35,5576,0.8945444397390386,1.657485808766896e-05,0.0946565475142725,0.010782437888600926,25,10,20
35,5577,0.8910186680710542,1.6577089523103998e-05,0.09818170345285887,0.010783051386563231,25,10,20
35,5578,0.8912983731604271,1.657277902971077e-05,0.09790191334301186,0.010783140717530863,25,10,20
35,5579,0.8903971034932384,1.658185380487022e-05,0.09880083243272031,0.01078548222023585,25,10,20
35,5580,0.8875977452110212,1.6589479132728494e-05,0.10154266802289841,0.010842997286947376,25,10,20
35,5581,0.8866531105273933,1.659258916081719e-05,0.10248251726606092,0.010847779617384635,25,10,20
35,5582,0.8717794867359401,1.6593049700515437e-05,0.11735857254851986,0.010845347665839422,25,10,20
35,5583,0.872753092323138,1.6592996265706003e-05,0.11639172805290529,0.010838586627690817,25,10,20
35,5584,0.871516051892513,1.667168404821797e-05,0.1176282905236431,0.010838985899795596,25,10,20
35,5585,0.8722732916878434,1.645519394609546e-05,0.11687229914985782,0.010837953968352677,25,10,20
35,5586,0.8742899226077627,1.6376477334851774e-05,0.11485615341212378,0.01083754750277857,25,10,20
35,5587,0.8757263562761456,1.6377258950767197e-05,0.11341822005567044,0.01083904640923356,25,10,20
35,5588,0.875283002485917,1.6375302182762494e-05,0.11386317122809544,0.010837450983805057,25,10,20
35,5589,0.8792475069208181,1.6362580902436424e-05,0.10989678879721268,0.010839341701066874,25,10,20
35,5590,0.8736741495336191,1.7141144363454673e-05,0.11552752675466886,0.010781182567348429,25,10,20
35,5591,0.8636497503208946,7.827569823608654e-05,0.12548528913448176,0.01078668484638733,25,10,20
35,5592,0.8646152183736975,7.829577135711457e-05,0.12451998083778372,0.010786505017161614,25,10,20
35,5593,0.8642446855275504,7.829800664269476e-05,0.12489050160963451,0.010786514856172227,25,10,20
35,5594,0.8669257644224683,7.228881622499042e-05,0.12224567688676684,0.01075626987453961,25,10,20
35,5595,0.8656870369355708,7.228933996680636e-05,0.12348439920437454,0.01075627452008775,25,10,20
35,5596,0.8660165000169655,7.228952833384587e-05,0.12315489732272454,0.010756313131976194,25,10,20
35,5597,0.8691686696447821,7.355932422556966e-05,0.12866317429616927,0.0020945967348230832,25,10,20
35,5598,0.8728177391958964,7.356206124332474e-05,0.12501456158598825,0.002094137156872346,25,10,20
35,5599,0.8741082520883693,7.355895232058879e-05,0.12372883325209194,0.0020893557072182833,25,10,20
35,5600,0.8630842179433874,7.366045507131884e-05,0.13347799066263355,0.0033641309389080957,25,10,20
35,5601,0.8259834433930012,7.36599602139046e-05,0.17057854836835507,0.003364348278430818,25,10,20
35,5602,0.8220432977051177,7.340957854513952e-05,0.17451894877781812,0.003364343938517987,25,10,20
35,5603,0.8189310903095821,7.210984803971153e-05,0.17763255885408438,0.00336424098829272,25,10,20
35,5604,0.8002875593975518,8.830631325697169e-05,0.19617812857225153,0.003446005716938784,25,10,20
35,5605,0.8278635901245692,8.830609286612655e-05,0.16860209959737568,0.0034460041851898534,25,10,20
35,5606,0.8039278818582184,8.874508098433051e-05,0.1924206123309411,0.003562760729855437,25,10,20
35,5607,0.801399457634961,8.877362890234909e-05,0.1949479790202733,0.0035637897158628,25,10,20
35,5608,0.8015493642855571,8.877361734254302e-05,0.1947980750008389,0.003563787096260649,25,10,20
35,5609,0.8071610639568334,8.864311111893579e-05,0.19125206474606501,0.0014982281859821447,25,10,20
35,5610,0.8188712381770225,8.823086768815578e-05,0.17954365908703962,0.0014968718682489778,25,10,20
35,5611,0.8021990830522994,8.825459019882623e-05,0.19621252827121974,0.0015001340862809882,25,10,20
35,5612,0.802466364370994,8.902591820302691e-05,0.195838217579676,0.0016063921311260752,25,10,20
35,5613,0.8060527997451926,8.925806730481644e-05,0.19225043589411894,0.0016075062933827748,25,10,20
35,5614,0.8158045221107969,8.92579522309392e-05,0.18249869429064525,0.001607525646326557,25,10,20
35,5615,0.812280172575573,8.925259208767252e-05,0.18602327419693732,0.00160730063540151,25,10,20
35,5616,0.8127517779091866,8.887837353870333e-05,0.18555249334185817,0.001606850375415987,25,10,20
35,5617,0.8200107476933765,7.898484226590421e-05,0.17830471166368958,0.0016055558006676587,25,10,20
35,5618,0.8063644025085336,7.945225551656222e-05,0.19194860076236964,0.0016075444735794378,25,10,20
35,5619,0.8070118676954502,7.94500047340367e-05,0.19130105283193063,0.0016076294678844122,25,10,20
35,5620,0.810236485401944,7.946969772276058e-05,0.18807642789837156,0.0016076170019607768,25,10,20
35,5621,0.8264885103555166,7.945042799934139e-05,0.17182764491400104,0.0016043943024827995,25,10,20
35,5622,0.8412038253527966,7.944087761818846e-05,0.1571123375823652,0.0016043961872205623,25,10,20
35,5623,0.864716401101388,7.900225553093062e-05,0.13371690010682097,0.001487696536260593,25,10,20
35,5624,0.8653264736164634,7.900158276796004e-05,0.13310680127291696,0.0014877235278523437,25,10,20
35,5625,0.8650808132289217,7.90065642324742e-05,0.13335109117010585,0.0014890890367400592,25,10,20
35,5626,0.8828158132668206,7.855689093011138e-05,0.11561898429842454,0.0014866455438247478,25,10,20
35,5627,0.8888001030913648,7.85527016962272e-05,0.10963469783470271,0.0014866463722363042,25,10,20
35,5628,0.8883474490765252,7.93853931212623e-05,0.1100812751001179,0.0014918904302356462,25,10,20
35,5629,0.8901133957919121,7.938618153342852e-05,0.10831533229079143,0.0014918857357639074,25,10,20
35,5630,0.890412564265704,7.93864304319737e-05,0.10801628223843066,0.0014917670654339184,25,10,20
35,5631,0.890748639059654,7.940591581752e-05,0.10769086703202335,0.0014810879925053256,25,10,20
35,5632,0.8908278326976083,7.940581139372115e-05,0.10761168782027873,0.0014810736707195188,25,10,20
35,5633,0.8911275865370698,7.940581258164404e-05,0.10731202636796403,0.0014809812823849719,25,10,20
35,5634,0.8910064242470216,7.940579090346658e-05,0.107357723904334,0.0015564460577411356,25,10,20
35,5635,0.8933633454073098,7.940272579531396e-05,0.10499990135358284,0.001557350513312252,25,10,20
35,5636,0.911936313791591,6.320720056277581e-05,0.08652482994851879,0.001475649059327286,25,10,20
35,5637,0.9474372031843782,6.322643462623888e-05,0.05102404182213523,0.0014755285588598046,25,10,20
35,5638,0.9534971401809764,6.29948121980372e-05,0.044965357657570336,0.0014745073492548081,25,10,20
35,5639,0.954531870270318,6.307505071928764e-05,0.043930369653925515,0.0014746850250368989,25,10,20
35,5640,0.9500703199181763,6.616248577102947e-05,0.04837435855787755,0.0014891590381750511,25,10,20
35,5641,0.9446708612294166,6.640337844919464e-05,0.05377252244289387,0.0014902129492401477,25,10,20
35,5642,0.943859456524674,6.642358780433819e-05,0.054583871747967,0.0014902481395544318,25,10,20
35,5643,0.9437964815796918,6.642275084376154e-05,0.05464691029141056,0.00149018537805362,25,10,20
35,5644,0.9437810991933984,6.642273884835099e-05,0.05466229597304483,0.001490182094708247,25,10,20
35,5645,0.9474250143845481,6.642061242161996e-05,0.05101897149064101,0.001489593512389204,25,10,20
35,5646,0.9479088211124308,6.641643418120744e-05,0.050535205515487555,0.0014895569379002307,25,10,20
35,5647,0.9498936226895335,5.476071698806028e-06,0.048615885808208345,0.0014850154305593355,25,10,20
35,5648,0.9480188329027519,5.495145648199697e-06,0.050485840024935946,0.0014898319266638976,25,10,20
35,5649,0.9486033751761185,5.473848115082727e-06,0.04990163353196092,0.0014895174438054664,25,10,20
35,5650,0.9578395023395523,4.921397832301074e-06,0.04071563221795416,0.0014399440446615011,25,10,20
35,5651,0.956614972820828,4.922010598079515e-06,0.04194001794541895,0.0014400872231551272,25,10,20
35,5652,0.953984168087709,4.961074683148303e-06,0.04457119235091281,0.0014396784866951182,25,10,20
35,5653,0.9540176716043363,4.941226900718736e-06,0.0445378013517846,0.0014395858169785045,25,10,20
35,5654,0.9386567819590647,4.940718871841709e-06,0.05989762552503808,0.0014406517970253884,25,10,20
35,5655,0.9396471046222,4.088336219507602e-06,0.05891335979223618,0.001435447249344242,25,10,20
35,5656,0.9404139220953452,4.0875557321114284e-06,0.05814663830994722,0.0014353520389753583,25,10,20
35,5657,0.9322812314684965,1.4720368414389273e-05,0.0662685763659312,0.0014354717971576867,25,10,20
35,5658,0.9320536293503813,1.4724543696609518e-05,0.06649620325383347,0.0014354428520884808,25,10,20
35,5659,0.9364541986061439,1.4530013565161631e-05,0.06209680880441737,0.001434462575873633,25,10,20
35,5660,0.9365967545409588,1.4529919264069153e-05,0.06195427739844426,0.001434438141332752,25,10,20
35,5661,0.9369149387534742,1.4509667747874836e-05,0.06163611928335125,0.0014344322954265723,25,10,20
35,5662,0.9307672478586685,1.4509755110663365e-05,0.0677826530680851,0.001435589318135702,25,10,20
35,5663,0.9307396757928547,1.4509748800481198e-05,0.06781022520171395,0.001435589256630574,25,10,20
35,5664,0.9318064678645335,1.4509427939557303e-05,0.06674343840951416,0.0014355842980124489,25,10,20
35,5665,0.9325773616676394,1.4509742732304468e-05,0.06597252490535074,0.0014356036842773554,25,10,20
35,5666,0.933589148034538,1.4490127077725408e-05,0.06496081589636193,0.0014355459420221017,25,10,20
35,5667,0.9336149302967659,1.4490224194648642e-05,0.06493500639486076,0.0014355730841784339,25,10,20
35,5668,0.9347877415257787,1.4263595934024308e-05,0.0638211413357365,0.0013768535425504659,25,10,20
35,5669,0.9347745465204622,1.426360421872785e-05,0.06383433410567654,0.001376855769642204,25,10,20
35,5670,0.9201057199213833,2.461122107921763e-05,0.07844354825905735,0.00142612059847958,25,10,20
35,5671,0.9260309480119548,2.437095614433502e-05,0.07251969949884363,0.00142498153305667,25,10,20
35,5672,0.9305210953256281,2.1283521356453427e-05,0.06804711276804543,0.0014105083849696102,25,10,20
35,5673,0.9302025594544439,2.1283351216867126e-05,0.06836386910862453,0.0014122880857141624,25,10,20
35,5674,0.9294969045640741,2.1279371307706608e-05,0.06906955130706428,0.0014122647575533973,25,10,20
35,5675,0.9264317206925883,2.151376883234246e-05,0.07213336936123999,0.001413396177339116,25,10,20
35,5676,0.9258280850099969,2.151915809110802e-05,0.07273625910319555,0.0014141367287162962,25,10,20
35,5677,0.9260651586251294,2.1518978703550304e-05,0.07249918742278265,0.0014141349733841394,25,10,20
35,5678,0.9253239608015801,2.153197492891822e-05,0.07304987823167758,0.0016046289918131252,25,10,20
35,5679,0.8859928803206578,2.1732545224641397e-05,0.10927781175064054,0.004707575383476416,25,10,20
35,5680,0.8855753120521537,2.1732720477994557e-05,0.10969719558678152,0.004705759640586268,25,10,20
35,5681,0.8863463064409324,2.173240173518744e-05,0.10892610712689388,0.0047058540304379505,25,10,20
35,5682,0.8866474107446767,2.1732308850884173e-05,0.10862502579816706,0.004705831148304803,25,10,20
35,5683,0.8866317211823577,2.173232865167736e-05,0.1086407131305203,0.004705833358469827,25,10,20
35,5684,0.8872456512918564,2.1719313014071876e-05,0.10821729096631982,0.004515338428809277,25,10,20
35,5685,0.8872349244881994,2.1719310896607534e-05,0.10822801928160405,0.004515336919299406,25,10,20
35,5686,0.874501323788848,2.1971207419012698e-05,0.11905082866120892,0.006425876342523418,25,10,20
35,5687,0.8763612657116724,2.1952136476292855e-05,0.11719572165006316,0.006421060501787878,25,10,20
35,5688,0.8856122162113534,1.1618966117704129e-05,0.10795189798064868,0.006424266841879742,25,10,20
35,5689,0.8854792046676336,1.161932608110547e-05,0.10808351893479706,0.006425657071487943,25,10,20
35,5690,0.8965827975598165,1.1623023554962165e-05,0.09698001695928365,0.00642556245734463,25,10,20
35,5691,0.8628467224205991,1.1617882997429963e-05,0.1307929233874373,0.006348736308966316,25,10,20
35,5692,0.8649343090604107,1.2265941671253161e-05,0.11865591110064214,0.016397513897277376,25,10,20
35,5693,0.865184729271666,1.2265940283679506e-05,0.1184054910434294,0.01639751374462219,25,10,20
35,5694,0.8728442844428911,1.2022419461793866e-05,0.11265702490259585,0.014486668235051917,25,10,20
35,5695,0.8797815199410506,1.1787862080371775e-05,0.1057211608527803,0.014485531344089038,25,10,20
35,5696,0.8790190327098396,1.1850431636928914e-05,0.10646744676907081,0.014501670089452854,25,10,20
35,5697,0.8789921911250441,1.1851190337501686e-05,0.10649428171655355,0.014501675968065026,25,10,20
35,5698,0.8752334644518,1.1851264901499425e-05,0.11025059760293164,0.014504086680367774,25,10,20
35,5699,0.8753670812200113,1.185055527642634e-05,0.11011698502672798,0.014504083197985296,25,10,20
35,5700,0.874689465420186,1.185764598399628e-05,0.11079447447966073,0.014504202454170547,25,10,20
35,5701,0.8725931634309602,1.1857667864597354e-05,0.11287149802099923,0.014523480880177148,25,10,20
35,5702,0.8492675704623751,1.186077793570076e-05,0.13620483529896965,0.01451573346072045,25,10,20
35,5703,0.8503455177089779,1.1870692053771584e-05,0.13512699309468035,0.014515618504288692,25,10,20
35,5704,0.8539637985487203,1.187561226234119e-05,0.1315097850737845,0.014514540765233697,25,10,20
35,5705,0.8538799944914381,1.1875683479197977e-05,0.13159323942291898,0.0145148904021643,25,10,20
35,5706,0.857577365987419,1.221674810139504e-05,0.127902943761708,0.01450747350277212,25,10,20
35,5707,0.8582326593751065,1.2209566303510763e-05,0.12724777810118484,0.014507352957405562,25,10,20
35,5708,0.8582312196837014,1.2209574380785684e-05,0.1272492173350125,0.014507353406905336,25,10,20
35,5709,0.857734286090674,1.2229483867428439e-05,0.12774613031716617,0.014507354108292469,25,10,20
35,5710,0.8538205190438833,1.2229363131481613e-05,0.1316612873584766,0.014505964234508537,25,10,20
35,5711,0.8537933006148409,1.2229520537976263e-05,0.13168844793308376,0.01450602193153744,25,10,20
35,5712,0.8536856531030953,1.2210748450678412e-05,0.13179600129933713,0.014506134849117048,25,10,20
35,5713,0.8536419894275454,1.2211072383511049e-05,0.1318396451552411,0.014506154344830182,25,10,20
35,5714,0.8535461325031212,1.2210908671717253e-05,0.1319355612368014,0.014506095351406045,25,10,20
35,5715,0.8536547224187983,1.2215849099416216e-05,0.13182681973502663,0.014506241997075921,25,10,20
35,5716,0.8484166992701917,1.2216671467787828e-05,0.13706439466255724,0.014506689395784002,25,10,20
35,5717,0.8484254500304366,1.2216824640873998e-05,0.13705560026874367,0.01450673287617966,25,10,20
35,5718,0.8482652166889398,1.221686981230017e-05,0.13721584911735152,0.014506717323897191,25,10,20
35,5719,0.8535936008792685,1.2208652113333526e-05,0.13188848733013533,0.014505703138483775,25,10,20
35,5720,0.8903598498337165,1.1359089708692024e-05,0.10827497362408998,0.0013538174524856464,25,10,20
35,5721,0.8794691684194391,1.135923404174236e-05,0.11916552037294097,0.0013539519735792913,25,10,20
35,5722,0.872470601983469,1.9790097158756394e-05,0.12615352325842386,0.0013560846609495297,25,10,20
35,5723,0.8723709009127378,1.978984953445417e-05,0.12625324714539682,0.0013560620923320857,25,10,20
35,5724,0.8665252256544558,1.9790079814950573e-05,0.1320989214460559,0.0013560628196743194,25,10,20
35,5725,0.866396515427385,1.9790090396698284e-05,0.13222641336658908,0.0013572811156301109,25,10,20
35,5726,0.8642236788509281,1.99008397886581e-05,0.13436789252838202,0.001388527780902226,25,10,20
35,5727,0.8639637604388407,1.9901092160594224e-05,0.1346279059366107,0.0013884325323888867,25,10,20
35,5728,0.8680101430909473,1.9900849917689707e-05,0.13058145151826892,0.0013885045408671525,25,10,20
35,5729,0.8700360140602625,1.9785091789589738e-05,0.12858705091339814,0.0013571499345507146,25,10,20
35,5730,0.8752218196712848,1.9772704285859632e-05,0.12343759375895508,0.0013208138654751777,25,10,20
35,5731,0.8752760820604004,1.9772347495363908e-05,0.12338333411831202,0.0013208114737929542,25,10,20
35,5732,0.8773757160602607,1.9772324963682804e-05,0.12130297909411844,0.0013015325206578007,25,10,20
35,5733,0.8713796386233199,1.9772481282151325e-05,0.12729892260249903,0.0013016662928993642,25,10,20
35,5734,0.8650747780470514,1.977258358155745e-05,0.13356974077851402,0.0013357085908534596,25,10,20
35,5735,0.8623471687198832,1.9951851350997613e-05,0.1362916913623035,0.0013411880664627826,25,10,20
35,5736,0.8622221890734355,2.0025562266063572e-05,0.13641658727359712,0.0013411980907015772,25,10,20
35,5737,0.8658690773967765,2.0025226886560547e-05,0.13276980476415473,0.0013410926121819552,25,10,20
35,5738,0.9042457256893027,2.002442230693037e-05,0.09439360355407997,0.0013406463343097743,25,10,20
35,5739,0.8925086156882823,1.9845120267865e-05,0.1061362715893792,0.0013352676020706646,25,10,20
35,5740,0.8931003981552457,1.9843998784793955e-05,0.10554459965751224,0.0013351581884573026,25,10,20
35,5741,0.8810050548430551,1.984427178178958e-05,0.11763609710014503,0.0013390037850179817,25,10,20
35,5742,0.8800346865920315,1.9844537570743435e-05,0.11860646461669715,0.0013390042537006043,25,10,20
35,5743,0.8800406049625402,1.984457560582252e-05,0.11860061993079161,0.0013389305310621683,25,10,20
35,5744,0.9052851036425769,1.9434550009245268e-05,0.09335841192812139,0.0013370498792925154,25,10,20
35,5745,0.9053730150856313,1.9434478732306558e-05,0.09327085019389397,0.001336700241742433,25,10,20
35,5746,0.9067637316730921,1.9442085858810114e-05,0.09022797528492064,0.0029888509561283383,25,10,20
35,5747,0.9104237404184283,1.9444916661111134e-05,0.08656571707070417,0.0029910975942065944,25,10,20
35,5748,0.8910368491224745,2.0029593567478244e-05,0.10595192372996262,0.002991197553995305,25,10,20
35,5749,0.8964991602896091,2.0029361958735307e-05,0.1004894451931252,0.0029913651553071536,25,10,20
35,5750,0.8965080321717085,2.0029093532564405e-05,0.10048057148466485,0.0029913672500943645,25,10,20
35,5751,0.9078431587492797,2.002919652197522e-05,0.08914919537484423,0.0029876166793545273,25,10,20
35,5752,0.908292791035929,2.0029196037161873e-05,0.08869973226801342,0.00298744750002089,25,10,20
35,5753,0.9082885151231147,2.0029154577773122e-05,0.08870399505847282,0.0029874606638351235,25,10,20
35,5754,0.9147912739056614,1.1607665283453818e-05,0.08221089530862287,0.002986223120432694,25,10,20
35,5755,0.915766869901055,1.1607619802920406e-05,0.0812353111640916,0.002986211315050791,25,10,20
35,5756,0.9106923132298175,1.1801456360034808e-05,0.08630961278284008,0.0029862725309826054,25,10,20
35,5757,0.9120962894075275,1.1788345123385916e-05,0.08490894132106122,0.0029829809262880225,25,10,20
35,5758,0.9222781289668899,1.1780616709902967e-05,0.07637936834656424,0.001330722069836054,25,10,20
35,5759,0.9219016971010109,1.178092206502939e-05,0.07675696634132001,0.0013295556356042342,25,10,20
35,5760,0.9209244422200142,1.1707209386641114e-05,0.07773421733218168,0.0013296332384177614,25,10,20
35,5761,0.920940534135231,1.1707315373073148e-05,0.07771810263487787,0.0013296559145183741,25,10,20
35,5762,0.9122899333066435,1.650851579756949e-05,0.08634061223751463,0.0013529459400447403,25,10,20
35,5763,0.9228864948257312,1.6407703002559537e-05,0.0770174121545476,7.968531671907351e-05,25,10,20
35,5764,0.9355684905796824,5.6069540514846444e-06,0.06434713828929438,7.876417697210428e-05,25,10,20
35,5765,0.9354911065572092,5.606732324635176e-06,0.06442454055474948,7.874615571688228e-05,25,10,20
35,5766,0.9390508132012458,5.022524474812615e-06,0.060865515476006694,7.864879827283932e-05,25,10,20
35,5767,0.937875607993179,5.017764906155588e-06,0.06204190060021749,7.7473641697519e-05,25,10,20
35,5768,0.9445718757565197,5.012561276982427e-06,0.05538029993700642,4.281174519696089e-05,25,10,20
35,5769,0.9442396704860542,5.236226641733728e-06,0.055711209263842036,4.388402346224351e-05,25,10,20
35,5770,0.9283001677762739,5.254355488650493e-06,0.0716507857063626,4.379216187439654e-05,25,10,20
35,5771,0.9256460059215971,5.272272376949083e-06,0.07425614279872325,9.257900730248446e-05,25,10,20
35,5772,0.9086562326676634,5.3112854295977705e-06,0.09124041118442427,9.804486248202673e-05,25,10,20
35,5773,0.9086947847671848,5.309987911036937e-06,0.0912018715258199,9.803371908358491e-05,25,10,20
35,5774,0.9057307559831221,5.310007493496639e-06,0.09416587412799654,9.805988138724787e-05,25,10,20
35,5775,0.9064447280001424,5.309788762206506e-06,0.09345206128645808,9.790092463666387e-05,25,10,20
35,5776,0.9061733924554001,5.314997469567211e-06,0.09372340475711421,9.788779001565491e-05,25,10,20
35,5777,0.9016267351967161,5.3144832309483475e-06,0.09827156048182946,9.63898382227258e-05,25,10,20
35,5778,0.9103804074755488,5.314398695743006e-06,0.08951776226609798,9.651585965681837e-05,25,10,20
35,5779,0.9105912013819705,5.314109099829489e-06,0.0893070900248624,9.63944840668467e-05,25,10,20
35,5780,0.9032342513495947,5.763070870531684e-06,0.09666366018385958,9.632539567535557e-05,25,10,20
35,5781,0.8920356793531745,6.025710322720368e-06,0.10333226747967152,0.004626027456830945,25,10,20
35,5782,0.8882819409002005,6.439328905720067e-06,0.10708380973229151,0.004627810038601932,25,10,20
35,5783,0.8745851186466367,6.445836004790163e-06,0.12077977264425323,0.004628662873104807,25,10,20
35,5784,0.8699149991727159,6.834524115753077e-06,0.12544947064300316,0.00462869566016452,25,10,20
35,5785,0.8728900649179372,6.84115373494109e-06,0.12247407975219465,0.004629014176132496,25,10,20
35,5786,0.8865512599837001,6.834598313138945e-06,0.1088137379304946,0.004628167487491783,25,10,20
35,5787,0.8866064692297637,6.8344025966353686e-06,0.1087584995540305,0.004628196813608476,25,10,20
35,5788,0.8864642401081491,6.834668557702229e-06,0.10890068114078671,0.0046282440825059215,25,10,20
35,5789,0.8863492643787794,6.8353869701719305e-06,0.1090156466158523,0.004628253618397865,25,10,20
35,5790,0.8874442939394818,6.835926690851366e-06,0.1079207027267901,0.00462816740703674,25,10,20
35,5791,0.8876353529887874,6.612711014158904e-06,0.1077309139162748,0.004627120383923759,25,10,20
35,5792,0.8871238960898374,6.631583356535316e-06,0.10824216490680579,0.004627307420000329,25,10,20
35,5793,0.886358917662627,6.648090220986372e-06,0.1090070487746826,0.004627385472469491,25,10,20
35,5794,0.8475229630842032,6.648337037340344e-06,0.14784293611776905,0.0046274524609902275,25,10,20
35,5795,0.841484738132066,6.888473075581872e-06,0.15387973639474936,0.004628637000108953,25,10,20
35,5796,0.8341150613932667,7.234860586643373e-06,0.16124856032064067,0.004629143425506359,25,10,20
35,5797,0.8034200256106253,8.173846383234909e-06,0.19193639503110224,0.0046354055118888035,25,10,20
35,5798,0.8011561022561905,6.8601854974654e-06,0.19420417851557611,0.004632859042735173,25,10,20
35,5799,0.7908280639401761,2.9288655522361024e-05,0.20450959447101633,0.004633052933285187,25,10,20
35,5800,0.7910279033642914,2.9283710433918583e-05,0.20430975996300804,0.0046330529622664865,25,10,20
35,5801,0.7901876414687063,4.5422837683838175e-05,0.20513392579701634,0.0046330098965933495,25,10,20
35,5802,0.7890159781313152,4.0629063225261323e-05,0.2062783098087776,0.0046650829966818665,25,10,20
35,5803,0.8267371036531214,4.061548159094792e-05,0.1685570379091346,0.004665242956152839,25,10,20
35,5804,0.8265295858187052,4.061540271046514e-05,0.1687645077325698,0.004665291046014195,25,10,20
35,5805,0.7941530727865608,4.206887714358158e-05,0.17923638241456097,0.026568475921734187,25,10,20
35,5806,0.7916984347209582,4.820170098551322e-05,0.18168385114783658,0.02656951243021953,25,10,20
35,5807,0.7859439591854189,4.820613902712678e-05,0.18743599839733383,0.026571836278219713,25,10,20
35,5808,0.789074358944595,4.20779146041726e-05,0.18431251175846405,0.026571051382336508,25,10,20
35,5809,0.7765077323696452,4.209645854777049e-05,0.1967967268912373,0.02665344428056953,25,10,20
35,5810,0.7825318826157676,4.20920050075315e-05,0.19077493259665299,0.026651092782571512,25,10,20
35,5811,0.7989696485312477,4.2073394091803084e-05,0.17433718881975271,0.02665108925490779,25,10,20
35,5812,0.8016980898909991,4.207895638228538e-05,0.17160879341076335,0.02665103774185553,25,10,20
35,5813,0.7750917128652043,4.2107673089896904e-05,0.19829753189485075,0.0265686475668551,25,10,20
35,5814,0.7836190534114259,1.9769225046695167e-05,0.1897927883378143,0.026568389025713294,25,10,20
35,5815,0.7831545686277462,1.9751181827267335e-05,0.19025748000427017,0.026568200186156306,25,10,20
35,5816,0.7885585302871115,1.9548164302760714e-05,0.18485328028930453,0.026568641259281316,25,10,20
35,5817,0.8010570955946037,8.537417584517834e-06,0.172365726752489,0.026568640235323137,25,10,20
35,5818,0.8102386645355049,8.184402265011315e-06,0.16318532676380534,0.02656782429842488,25,10,20
35,5819,0.8100819367749028,8.288556276458811e-06,0.16334166134871617,0.02656811332010454,25,10,20
35,5820,0.8377339029373917,7.987253837602159e-06,0.14021981637614941,0.022038293432621286,25,10,20
35,5821,0.8402679397790691,7.896862038203503e-06,0.13768590025934016,0.02203826309955253,25,10,20
35,5822,0.8398391937627153,7.897677588599064e-06,0.13811593760254515,0.02203697095715096,25,10,20
35,5823,0.8402177078231329,7.899599006890668e-06,0.13773741695197164,0.022036975625888626,25,10,20
35,5824,0.8404454025349269,7.898695297051604e-06,0.1375097866681283,0.02203691210164762,25,10,20
35,5825,0.8378722824464846,7.90025220248534e-06,0.1400829123552066,0.02203690494610643,25,10,20
35,5826,0.8307789532633741,6.447883644330653e-06,0.13634966996708095,0.03286492888590071,25,10,20
35,5827,0.8365489226790414,6.451690411295708e-06,0.13063496590287504,0.03280965972767198,25,10,20
35,5828,0.833874465005745,6.4434329027836335e-06,0.13330903368541933,0.03281005787593237,25,10,20
35,5829,0.8272300803185767,6.449373206268678e-06,0.13996846062401078,0.03279500968420607,25,10,20
35,5830,0.8281633037707143,6.4479864541961e-06,0.13903523695193093,0.032795011290900435,25,10,20
35,5831,0.8275125208113476,6.452244922210144e-06,0.13968593382336464,0.0327950931203654,25,10,20
35,5832,0.8276015334878365,6.452090962406675e-06,0.13959695346207016,0.03279506095913109,25,10,20
35,5833,0.837947014218128,6.03858028514721e-06,0.12925131061932646,0.03279563658226024,25,10,20
35,5834,0.8318155045097123,8.811660492833772e-06,0.1353790144034993,0.03279666942629552,25,10,20
35,5835,0.8221016350133762,4.8504608925980895e-06,0.14508590110754732,0.03280761341818392,25,10,20
35,5836,0.8218572283303294,4.850918850830393e-06,0.14533023537989925,0.03280768537092067,25,10,20
35,5837,0.8249832920721222,4.750416154509394e-06,0.14220521346371323,0.0328067440480103,25,10,20
35,5838,0.819867859162753,4.750574493681305e-06,0.14731957804668624,0.032807812216067246,25,10,20
35,5839,0.8034269109658961,5.061425754863917e-06,0.16367880770539717,0.0328892199029514,25,10,20
35,5840,0.8030136021478248,5.069182939626614e-06,0.16409203269328432,0.032889295975950805,25,10,20
35,5841,0.8034611246422371,5.077819078081311e-06,0.16364690286632705,0.03288689467235738,25,10,20
35,5842,0.8400245221387574,3.910398503015905e-06,0.12702066861349617,0.032950898849243106,25,10,20
35,5843,0.8393709703051064,3.910651217637541e-06,0.12767421834165094,0.032950900702024465,25,10,20
35,5844,0.845205266002077,3.906236265697022e-06,0.12184107494291471,0.03294975281874199,25,10,20
35,5845,0.8450482111475587,3.897189449490039e-06,0.12199816416676229,0.03294972749622895,25,10,20
35,5846,0.8481549881460085,1.9041516529705823e-06,0.11889404938554099,0.03294905831679685,25,10,20
35,5847,0.8486428683625098,1.9038381723340692e-06,0.1184115106268333,0.032943717172484094,25,10,20
35,5848,0.849140366908423,1.884691845095219e-06,0.11791412345042496,0.0329436249493068,25,10,20
35,5849,0.8512530286545916,1.8830897254604138e-06,0.11574136387360978,0.03300372438207292,25,10,20
35,5850,0.8527276286910427,0.0003928724341374874,0.11384358565226686,0.03303591322255273,25,10,20
35,5851,0.8526758518135642,0.0003928778535114086,0.11389536819291463,0.033035902140009545,25,10,20
35,5852,0.8524102127454204,0.00039287742087274895,0.11416491274838435,0.03303199708532287,25,10,20
35,5853,0.8621625102919493,0.0004009408662836653,0.10444519733633402,0.03299135150543325,25,10,20
35,5854,0.8588261014766867,0.00040094241201786134,0.10785616229118833,0.03291679382010754,25,10,20
35,5855,0.8589548990649034,0.00040093691217983634,0.10772741932441969,0.03291674469849743,25,10,20
35,5856,0.8510576322500712,0.0004009469845905521,0.11562452048541187,0.03291690027992641,25,10,20
35,5857,0.8507417679734267,0.0004009413240726974,0.11594030047372852,0.03291699022877231,25,10,20
35,5858,0.8452734956220931,0.00040094526643332537,0.12140859220670304,0.032916966904770834,25,10,20
35,5859,0.8293579394089952,0.0004018281222706253,0.1373149890505656,0.03292524341816877,25,10,20
35,5860,0.8362598713466071,0.00040138968819491126,0.13041342446563434,0.0329253144995633,25,10,20
35,5861,0.8423175091629332,0.00040114981752736596,0.12435718753271181,0.03292415348682731,25,10,20
35,5862,0.8448395336661246,1.0189904683086805e-05,0.12225933561672772,0.03289094081246472,25,10,20
35,5863,0.8380985489544854,1.0198408894224377e-05,0.1289981010518969,0.032893151584723584,25,10,20
35,5864,0.8328334423596297,9.341999622393345e-06,0.13426279580125713,0.03289441983949064,25,10,20
35,5865,0.8390815494824551,9.871518434298391e-07,0.1280637418778847,0.032853721487816734,25,10,20
35,5866,0.8458265821909094,9.78656983205969e-07,0.12132092675757918,0.03285151239452847,25,10,20
35,5867,0.8513619917877578,3.2300805058894753e-06,0.11578307616629985,0.03285170196543536,25,10,20
35,5868,0.8586764720410639,2.4387817317801493e-06,0.10846988538610772,0.03285120379109562,25,10,20
35,5869,0.8584843942205133,2.437537134685848e-06,0.10178182752406836,0.039731340718282986,25,10,20
35,5870,0.8577121769568953,2.439199610112324e-06,0.10254569471804567,0.0397396891254483,25,10,20
35,5871,0.8533901107859551,2.4943216251956705e-06,0.10603675733675248,0.04057063755566666,25,10,20
35,5872,0.8531215276763227,2.4943496243722104e-06,0.10630533954406893,0.040570638429983596,25,10,20
35,5873,0.8309298782268209,2.9749071398754863e-06,0.12849427910498362,0.04057286776105506,25,10,20
35,5874,0.8411832540518455,1.1106731608897359e-05,0.1182349477141095,0.04057069150243559,25,10,20
35,5875,0.84117464595594,1.1106767925608223e-05,0.11824350833681618,0.04057073893931787,25,10,20
35,5876,0.841154783107712,1.1123294220494071e-05,0.11826335018352863,0.04057074341453885,25,10,20
35,5877,0.8411508230038227,1.1123251931647842e-05,0.11793653110417585,0.0409015226400697,25,10,20
35,5878,0.8410090747321535,1.1123250305160603e-05,0.1180782794185837,0.040901522598957636,25,10,20
35,5879,0.8407316105490955,1.1123516924578791e-05,0.11835572038283633,0.04090154555114349,25,10,20
35,5880,0.8293087368054084,1.1126000413446099e-05,0.1297370229857381,0.040943114208440025,25,10,20
35,5881,0.8329867319604033,1.1124550124829993e-05,0.12605941761054376,0.040942725878928436,25,10,20
35,5882,0.8387135697364034,1.1120158779790543e-05,0.12033258616044147,0.04094272394437552,25,10,20
35,5883,0.8386195200953555,1.1120696285474422e-05,0.120426585540464,0.04094277366789544,25,10,20
35,5884,0.8534109126957204,1.1129617362985615e-05,0.10562997071854831,0.04094798696836879,25,10,20
35,5885,0.8534034817954042,1.1129620094740053e-05,0.12062744630216836,0.025957942282333103,25,10,20
35,5886,0.8541780326661567,2.7221790817014417e-06,0.11983399984588675,0.025985245308875235,25,10,20
35,5887,0.8541807376569973,2.7220769608003047e-06,0.11983131965741879,0.025985220608623454,25,10,20
35,5888,0.8557131256430404,2.7041286731224083e-06,0.11834769950228015,0.02593647072600689,25,10,20
35,5889,0.8551188686488662,2.7235692716180635e-06,0.11894198643109821,0.025936421350764315,25,10,20
35,5890,0.881035974865232,2.6962213945757592e-06,0.09303213675475304,0.025929192158620776,25,10,20
35,5891,0.8664078951347141,8.849067040419587e-06,0.10762633854907327,0.025956917249172828,25,10,20
35,5892,0.8665630841751151,8.884867724564182e-06,0.10747110612405505,0.025956924833105684,25,10,20
35,5893,0.858182787792028,8.87330193703781e-06,0.11585343879731036,0.02595490010872483,25,10,20
35,5894,0.8554016636650923,9.165468000200572e-06,0.1186319793634974,0.025957191503410547,25,10,20
35,5895,0.864237600359931,9.157333622717886e-06,0.10979934024967257,0.02595390205677392,25,10,20
35,5896,0.8686744832250508,9.102037372848343e-06,0.10619346066870966,0.02512295406886652,25,10,20
35,5897,0.8533599110477634,9.085023837139451e-06,0.12150532479386689,0.02512567913453326,25,10,20
35,5898,0.8526435068834328,9.099236168051863e-06,0.12221912283120373,0.025128271049196044,25,10,20
35,5899,0.8811930651125846,9.110157241896381e-06,0.11861923494583382,0.00017858978434010886,25,10,20
35,5900,0.8769073332174613,9.120851294423323e-06,0.12286196938257068,0.00022157654867388345,25,10,20
35,5901,0.8720321096198451,9.151106893261885e-06,0.127739208248172,0.0002195310250897759,25,10,20
35,5902,0.8728107993470396,9.137091756396461e-06,0.12696307374071703,0.00021698982048711044,25,10,20
35,5903,0.855338289162313,9.117955863911329e-06,0.14443569701727285,0.0002168958645503951,25,10,20
35,5904,0.8622160667314138,1.172402052599308e-05,0.13759553777139474,0.00017667147666561645,25,10,20
35,5905,0.8730695989441909,1.2009292866633978e-05,0.12674409185750007,0.00017429990544264826,25,10,20
35,5906,0.8569987621971926,1.2001806815280273e-05,0.14281501029085325,0.00017422570513857561,25,10,20
35,5907,0.8734801814737264,1.2001529110427505e-05,0.1263335940687834,0.0001742229283795433,25,10,20
35,5908,0.874234633821767,1.1999892769487804e-05,0.12558737206275206,0.00016599422271133316,25,10,20
35,5909,0.8742369313499875,1.1999898309197166e-05,0.12558507407553668,0.00016599467616652748,25,10,20
35,5910,0.8771307454475816,1.2315190708739246e-05,0.12269174932422144,0.00016519003748810407,25,10,20
35,5911,0.9101538191581267,1.0016692400303554e-05,0.08967111734886311,0.0001650468006095914,25,10,20
35,5912,0.9103976441745187,1.0016264859932904e-05,0.08942728954296886,0.00016505001765198504,25,10,20
35,5913,0.9100749163017263,1.00166896240835e-05,0.08974785146156913,0.00016721554707995937,25,10,20
35,5914,0.9058404249714043,1.0013632582805877e-05,0.09402382048061093,0.0001257409154018305,25,10,20
35,5915,0.9020393854135456,1.0016815369482839e-05,0.09782487182295724,0.0001257259481273859,25,10,20
35,5916,0.8655253720368017,1.0054046405715258e-05,0.13414853685581055,0.00031603706098168316,25,10,20
35,5917,0.8652210131135577,1.0054304561515428e-05,0.1344528991749848,0.00031603340689583757,25,10,20
35,5918,0.8657706773945487,9.729829718420605e-06,0.1339052283687192,0.0003143644070134269,25,10,20
35,5919,0.8701759279045738,7.121286939727254e-06,0.12950395257516376,0.00031299823332271167,25,10,20
35,5920,0.8703065917865254,7.140248486575132e-06,0.1293732743926129,0.0003129935723751299,25,10,20
35,5921,0.8664455946725365,7.243257760028586e-06,0.13323367911110515,0.00031348295859842304,25,10,20
35,5922,0.8690457385229543,7.236016342182988e-06,0.13056707264030376,0.0003799528203997202,25,10,20
35,5923,0.8712607582155546,7.235073851137679e-06,0.12842008730525709,0.0003119194053370668,25,10,20
35,5924,0.8664238637265336,7.041733005712353e-06,0.13328054845717918,0.0002885460832809156,25,10,20
35,5925,0.8575687348213527,7.786142862667605e-06,0.14193507243976933,0.0004884065960154022,25,10,20
35,5926,0.8575008832258818,7.773841603004699e-06,0.14200292674931406,0.0004884161832011208,25,10,20
35,5927,0.8387988521671242,7.674390106115329e-06,0.16069749061317318,0.0004959828295967396,25,10,20
35,5928,0.8172166645293645,7.677077300903071e-06,0.18208298236329987,0.0006926760300355913,25,10,20
35,5929,0.8175310058240502,7.676621420081443e-06,0.1817686672530848,0.000692650301445735,25,10,20
35,5930,0.8181825657843141,7.677175113944846e-06,0.18111713993473313,0.0006926171058392113,25,10,20
35,5931,0.8218351615124689,7.677202007877058e-06,0.17746454245535478,0.0006926188301685296,25,10,20
35,5932,0.813208607502126,7.677187233283685e-06,0.1860911204272065,0.0006925948834346468,25,10,20
35,5933,0.8138280089662712,7.676996554472936e-06,0.18547176948211777,0.0006925445550572273,25,10,20
35,5934,0.8320234038861274,7.6783844159374e-06,0.1672140921325368,0.0007548255969197413,25,10,20
35,5935,0.8307813939238686,7.908398687510297e-06,0.16852617015305055,0.0006845275243932224,25,10,20
35,5936,0.8257221091043994,7.918656025050361e-06,0.17358459017763,0.0006853820619459991,25,10,20
35,5937,0.8398306861793816,1.4582663612986877e-05,0.15949705087479615,0.0006576802822100777,25,10,20
35,5938,0.8024746572144599,1.707824083928638e-05,0.19684451832147953,0.000663746223221613,25,10,20
35,5939,0.7918420106109681,1.7085211312622287e-05,0.2073692084567262,0.0007716957209934112,25,10,20
35,5940,0.8157477876423254,1.6322143998895098e-05,0.18366669119123208,0.0005691990224438721,25,10,20
35,5941,0.7943655189498824,1.6312114073356215e-05,0.19715744709926014,0.008460721836784525,25,10,20
35,5942,0.7847900185975181,1.63121255791677e-05,0.20673107935246984,0.00846258992443334,25,10,20
35,5943,0.802403803472358,1.631827068583057e-05,0.18911721330025424,0.008462664956702462,25,10,20
35,5944,0.8022642295342695,1.6318632369248622e-05,0.18925550034323227,0.00846395149012954,25,10,20
35,5945,0.8022677964999858,1.6318631472463314e-05,0.1892519333834234,0.008463951485119385,25,10,20
35,5946,0.7949086054669592,1.666127054992618e-05,0.19660769732629504,0.00846703593619672,25,10,20
35,5947,0.7744708554779343,1.6655175142567203e-05,0.21704327130074166,0.008469218046181545,25,10,20
35,5948,0.7918816427338636,1.6328268020088826e-05,0.19963783003000649,0.008464198968110393,25,10,20
35,5949,0.7925430672008775,3.51141659462302e-06,0.1989892473228923,0.008464174059636297,25,10,20
35,5950,0.7962900729835938,3.5084752420077433e-06,0.1952422457784765,0.008464172762688542,25,10,20
35,5951,0.7964207952291471,3.508592810449633e-06,0.19517166293938515,0.00840403323865812,25,10,20
35,5952,0.7964279810923764,3.508584374584757e-06,0.1951644775887721,0.00840403273447771,25,10,20
35,5953,0.7778798135818435,3.4894824234894797e-06,0.2137098527526532,0.008406844183079309,25,10,20
35,5954,0.7856831126208518,3.499906701168339e-06,0.20590641971921017,0.008406967753237573,25,10,20
35,5955,0.7780897696941332,3.7344662986575893e-06,0.21349840695384115,0.008408088885726578,25,10,20
35,5956,0.7817677697340458,3.500048231114087e-06,0.20982174415866353,0.008406986059060473,25,10,20
35,5957,0.782137018054376,3.4999544343312623e-06,0.20945253675185996,0.008406945239329782,25,10,20
35,5958,0.7975391643838834,3.524104281523159e-06,0.194054174901398,0.008403136610436956,25,10,20
35,5959,0.8163094168623979,3.5235676345960034e-06,0.17528673648957085,0.008400323080397176,25,10,20
35,5960,0.8267382688453176,3.163635285539477e-06,0.16485857860719563,0.008399988912201563,25,10,20
35,5961,0.8270161644180046,2.867973676762904e-06,0.16458104843821356,0.008399919170104075,25,10,20
35,5962,0.8261709946021695,2.8679583843866334e-06,0.16542605022030948,0.008400087219135845,25,10,20
35,5963,0.8263406211465193,2.867861170251073e-06,0.16525651362407054,0.008399997368239286,25,10,20
35,5964,0.8262521636397439,2.867905522867313e-06,0.16534497061851508,0.00839999783621757,25,10,20
35,5965,0.8145411839307368,2.8810683937490323e-06,0.17695833786130774,0.008497597139560635,25,10,20
35,5966,0.8146065909343821,2.88203295631197e-06,0.17689292581113644,0.008497601221524272,25,10,20
35,5967,0.8199681872966679,2.647071605979633e-06,0.17153155412158308,0.008497611510142455,25,10,20
35,5968,0.8178321467363743,3.726353576566021e-06,0.17366640854655582,0.008497718363492682,25,10,20
35,5969,0.8212522008219288,3.72683316370002e-06,0.17024636614855979,0.008497706196347023,25,10,20
35,5970,0.8204999486599074,3.711170371932289e-06,0.17099865653778248,0.008497683631937418,25,10,20
35,5971,0.8204996000278192,3.7160572060446614e-06,0.1709989783923936,0.008497705522580308,25,10,20
35,5972,0.8420070677899067,3.7066090829906473e-06,0.1573777995404398,0.0006114260605702223,25,10,20
35,5973,0.8419861875109649,3.7068842364207594e-06,0.15739872373883418,0.0006113818659642202,25,10,20
35,5974,0.8453254728418993,3.7150539898287524e-06,0.15405835634241336,0.0006124557616970886,25,10,20
35,5975,0.845890675442372,3.714614778015233e-06,0.15349534554203761,0.0006102644008122808,25,10,20
35,5976,0.8501313443441767,3.705675643662056e-06,0.1492556016393509,0.0006093483408285289,25,10,20
35,5977,0.8431590998736932,3.944166369248434e-06,0.1561658486663134,0.0006711072936238214,25,10,20
35,5978,0.8429987766109703,3.9392847765239724e-06,0.1563262207899938,0.0006710633142590415,25,10,20
35,5979,0.8429370688748579,3.940032146534902e-06,0.15639315141022744,0.0006658396827678874,25,10,20
35,5980,0.8532748004879093,3.943636747042653e-06,0.14616332080473052,0.0005579350706127356,25,10,20
35,5981,0.8452579821164246,3.947558607873797e-06,0.15267325995846315,0.0020648103665038744,25,10,20
35,5982,0.8453556820782755,3.9473607331497625e-06,0.15257554696357967,0.0020648235974111244,25,10,20
35,5983,0.8460692804126864,3.9367789856375164e-06,0.15186200459749027,0.0020647782108371977,25,10,20
35,5984,0.8444989542536951,3.9386044710625505e-06,0.15343223625555866,0.0020648708862746356,25,10,20
35,5985,0.8336835169171222,3.938869549411433e-06,0.16424100987114612,0.002071534342181658,25,10,20
35,5986,0.822292479176481,9.608316987237579e-06,0.17402384313234534,0.003674069374186025,25,10,20
35,5987,0.8209699027965236,9.66542801632373e-06,0.1753462689406115,0.0036741628348482065,25,10,20
35,5988,0.8306898817284933,9.681980628122447e-06,0.16572038504486145,0.003580051246016494,25,10,20
35,5989,0.8306696694410216,9.681414738408473e-06,0.16574062152186758,0.0035800276223717582,25,10,20
35,5990,0.8131196085887639,9.691363796839212e-06,0.18329062821845862,0.0035800718289800966,25,10,20
35,5991,0.8090642761451068,9.89462217095051e-06,0.1873447626382067,0.003581066594515076,25,10,20
35,5992,0.8090878072389593,9.886484119842132e-06,0.18732227813477512,0.003580028142145261,25,10,20
35,5993,0.8279023278403009,9.897035645353228e-06,0.16850982859747515,0.0035779465265780557,25,10,20
35,5994,0.8436276571790993,1.0017419153609539e-05,0.15298102540527855,0.0033812999964685625,25,10,20
35,5995,0.844933152904371,1.0017113600034669e-05,0.1516756967436573,0.003381133238371696,25,10,20
35,5996,0.8434991787887965,1.0058056560228539e-05,0.15310956080902408,0.0033812023456192275,25,10,20
35,5997,0.8452115916331151,1.0008226454644951e-05,0.15139729128236956,0.0033811088580607577,25,10,20
35,5998,0.851675110143404,9.773082152291859e-06,0.1449947377946291,0.0033203789798146766,25,10,20
35,5999,0.8404870349591141,9.973986405112011e-06,0.15618261455891644,0.003320376495564633,25,10,20
35,6000,0.8410945735807115,9.972448268446905e-06,0.1555751775388722,0.0033202764321480747,25,10,20
35,6001,0.8539329131157039,4.301248228600574e-06,0.14434516258466515,0.0017176230514026386,25,10,20
35,6002,0.8539436800972662,4.3010422976172604e-06,0.14433439676988424,0.00171762209055196,25,10,20
35,6003,0.8908145723107093,1.8245093223226755e-06,0.10747195498482627,0.0017116481951419088,25,10,20
35,6004,0.9271448796969445,1.7872863505071913e-06,0.07133199924504574,0.0015213337716588407,25,10,20
35,6005,0.9228863227725599,1.0357402156964515e-05,0.07558078356649574,0.0015225362587869878,25,10,20
35,6006,0.9164797394848098,1.03736865851752e-05,0.08198729045243938,0.0015225963761654974,25,10,20
35,6007,0.9330000308304193,1.038289204547201e-05,0.0654669233000877,0.0015226629774472314,25,10,20
35,6008,0.9329852378980011,1.038379208822921e-05,0.06548171277701097,0.0015226655328993532,25,10,20
35,6009,0.9244199830796737,1.0605399895931098e-05,0.07404561840455999,0.0015237931158703227,25,10,20
35,6010,0.9149113498915452,1.3339505596253566e-05,0.08283091268803718,0.0022443979148214217,25,10,20
35,6011,0.9211887616298395,1.0785263007051717e-05,0.07727680046069199,0.0015236526464612072,25,10,20
35,6012,0.9231389363334214,9.709070092298571e-06,0.07532750915267689,0.0015238454438092311,25,10,20
35,6013,0.9278518931367858,9.518216144653617e-06,0.0706147817058023,0.0015238069412668441,25,10,20
35,6014,0.9272188129296675,9.700830272498714e-06,0.07124571431093095,0.001525771929128765,25,10,20
35,6015,0.8995922450865663,9.497910148033658e-06,0.09887203778782254,0.001526219215462349,25,10,20
35,6016,0.8918550491775382,9.503770871740004e-06,0.10660768972810435,0.0015277573234851144,25,10,20
35,6017,0.891917023570567,9.503624521931593e-06,0.10654571891323596,0.0015277538916746148,25,10,20
35,6018,0.8919749990789341,9.50318017776473e-06,0.10648775136117519,0.0015277463797128854,25,10,20
35,6019,0.8970624442374939,9.504059537882429e-06,0.07831755037496897,0.024610501327999003,25,10,20
35,6020,0.8974249100902887,9.50437854982907e-06,0.07795507877351752,0.02461050675764378,25,10,20
35,6021,0.8901367464200625,1.0137201918056732e-05,0.08523812167896126,0.02461499469905781,25,10,20
35,6022,0.890430290520988,1.0137189395694043e-05,0.08494457980329174,0.02461499248632434,25,10,20
35,6023,0.8906528359596902,1.0137262345403639e-05,0.08472076227440976,0.024616264503554575,25,10,20
35,6024,0.8858795066470242,1.0137253858247899e-05,0.08949409255512095,0.024616263543996618,25,10,20
35,6025,0.9008929029254915,9.498764772354844e-06,0.0744873590930753,0.024610239216661115,25,10,20
35,6026,0.8857828362860366,1.0115953227600042e-05,0.08959372871710633,0.024613319043629605,25,10,20
35,6027,0.886943698433696,1.671895588444664e-06,0.08844235203972531,0.024612277630990217,25,10,20
35,6028,0.8918400488764948,1.6719024555704616e-06,0.0835459998612864,0.02461227935976357,25,10,20
35,6029,0.8914106378449677,1.70004211392112e-06,0.083975257508787,0.024612404604131485,25,10,20
35,6030,0.8862616657772614,1.7299234887300056e-06,0.0850030085033728,0.028733595795877226,25,10,20
35,6031,0.8834208259505733,1.7332566870229157e-06,0.08784418912820202,0.028733251664538044,25,10,20
35,6032,0.9147575978942112,1.7063522819227353e-06,0.08257577004582556,0.002664925707681545,25,10,20
35,6033,0.9194410393701972,1.4675868521931537e-06,0.07789236488736946,0.002665128155581416,25,10,20
35,6034,0.9224423151478421,1.4638664392798425e-06,0.07489203651564073,0.0026641844700779982,25,10,20
35,6035,0.9229011958152,1.4451043035490594e-06,0.07443319414543531,0.002664164935061394,25,10,20
35,6036,0.9289766413229142,1.3178015090342773e-06,0.06835793678836093,0.0026641040872157525,25,10,20
35,6037,0.9130110663012551,1.318295677281866e-06,0.08431995930939949,0.0026676560936683335,25,10,20
35,6038,0.9125727421199602,1.3284828321547189e-06,0.08475605282454902,0.002669876572658396,25,10,20
35,6039,0.9126410156428608,1.1462041525702249e-06,0.0846869175521176,0.0026709206008688896,25,10,20
35,6040,0.9129662499855675,1.1521438109653565e-06,0.08436164805911255,0.002670949811508908,25,10,20
35,6041,0.9124704578828283,1.1524823601022118e-06,0.08485751019493744,0.002670879439874261,25,10,20
35,6042,0.9201698790262349,1.1549900203522814e-06,0.07716205901327339,0.0026669069704715344,25,10,20
35,6043,0.9284664074846742,1.154055047227446e-06,0.06886583695989346,0.0026666015003850058,25,10,20
35,6044,0.932141621840999,1.0247824565142454e-06,0.06519052673186111,0.002666826644683256,25,10,20
35,6045,0.9248915033864205,1.1374164430136363e-06,0.07243976928370284,0.0026675899134335533,25,10,20
35,6046,0.9245388925950732,1.131666685670312e-06,0.07279241159741406,0.002667564140826817,25,10,20
35,6047,0.9174544001615144,8.310391063471307e-06,0.07983439174922953,0.0027028976981928322,25,10,20
35,6048,0.9233559072892364,8.294130566499666e-06,0.07393295728902556,0.0027028412911715904,25,10,20
35,6049,0.9230328578616664,8.405480991990262e-06,0.07425582352772216,0.0027029131296195763,25,10,20
35,6050,0.9296610148344565,8.476726852568496e-06,0.06911575646988806,0.0012147519688032382,25,10,20
35,6051,0.9064088817226762,8.477719758631038e-06,0.09236775581710917,0.0012148847404564432,25,10,20
35,6052,0.9076906046945861,8.402696474127298e-06,0.0911048220903149,0.0011961705186255079,25,10,20
35,6053,0.907563728367892,8.402705251037423e-06,0.09123169879434544,0.0011961701325119722,25,10,20
35,6054,0.9067389854693481,8.403790307578556e-06,0.09205618602928607,0.0011964247110583639,25,10,20
35,6055,0.9011478391747029,8.403755646217173e-06,0.0976474325932075,0.0011963244764438118,25,10,20
35,6056,0.9095679524160143,7.736901103791155e-06,0.08922893979007122,0.0011953708928113818,25,10,20
35,6057,0.908464937694208,7.937154620414098e-06,0.09033131791527145,0.001195807235900595,25,10,20
35,6058,0.9163147943177052,7.933785232565155e-06,0.08248236554503896,0.0011949063520237402,25,10,20
35,6059,0.916412156621064,7.933515528800665e-06,0.08238637581399803,0.0011935340494095249,25,10,20
35,6060,0.9165189363235966,7.93336919479921e-06,0.0822795970374701,0.001193533269739077,25,10,20
35,6061,0.9165990072480029,7.90558364618578e-06,0.08219955661534643,0.001193530553004929,25,10,20
35,6062,0.9147207968855805,7.907474543717864e-06,0.08407855745480243,0.0011927381850738758,25,10,20
35,6063,0.8996432285910423,7.888195933329838e-06,0.09915625989424039,0.0011926233187851824,25,10,20
35,6064,0.9016891349551968,7.885782109083096e-06,0.09711095437747899,0.0011920248852161754,25,10,20
35,6065,0.9028044969558645,8.50162133485492e-06,0.0959950903381368,0.0011919110846646717,25,10,20
35,6066,0.8982530271598036,8.505619587337197e-06,0.10054571753786033,0.0011927496827495911,25,10,20
35,6067,0.9033575123377456,8.211447695042301e-06,0.0953175766861841,0.0013166995283760683,25,10,20
35,6068,0.8691023938757703,6.513973719595784e-05,0.12951099584151174,0.0013214705455228543,25,10,20
35,6069,0.8686549982824503,6.513968232653592e-05,0.12995839633739126,0.0013214656978325586,25,10,20
35,6070,0.8663909567038349,8.212266223762455e-06,0.13227731362239306,0.0013235174075491363,25,10,20
35,6071,0.8901400416782057,8.211261899349121e-06,0.10852836607905941,0.001323380980837008,25,10,20
35,6072,0.8936337465835039,8.189119085850755e-06,0.10516014159545006,0.0011979227019613269,25,10,20
35,6073,0.9092123045275936,8.196215275467726e-06,0.08958154456045163,0.0011979546966804264,25,10,20
35,6074,0.9096534792494766,8.196309321818655e-06,0.08914337475846386,0.001194949682738503,25,10,20
35,6075,0.906009921925549,8.191440036128585e-06,0.09278817292942372,0.0011937137049917522,25,10,20
35,6076,0.9061430508933707,8.190993125829408e-06,0.09265504973100805,0.0011937083824959767,25,10,20
35,6077,0.8834005215645869,8.192513523630984e-06,0.11539750857901306,0.0011937773428771182,25,10,20
35,6078,0.8831375505862773,8.192616758689105e-06,0.11566047937938598,0.0011937774175784027,25,10,20
35,6079,0.882846003425882,8.200498596974772e-06,0.11595199315258556,0.0011938029229356679,25,10,20
35,6080,0.8786265893202923,8.192848982341895e-06,0.12017141471645144,0.0011938031142741316,25,10,20
35,6081,0.8986117799731634,8.191357125297637e-06,0.1001862597165095,0.0011937689532023777,25,10,20
35,6082,0.8981366700585334,8.181871877158942e-06,0.10066341195384408,0.001191736115745962,25,10,20
35,6083,0.8736091367036017,8.207963410561873e-06,0.12519021258298074,0.0011924427500061099,25,10,20
35,6084,0.8725014310715739,8.232410831690003e-06,0.12629280310809674,0.0011975334094970083,25,10,20
35,6085,0.8800609750473543,1.0612009595330466e-06,0.11877359410428834,0.0011643696473970864,25,10,20
35,6086,0.8711237138504403,1.2079434745586816e-06,0.12770874245987415,0.0011663357462104067,25,10,20
35,6087,0.8792324598261856,1.2191946578304958e-06,0.12073606265229728,3.025832685855353e-05,25,10,20
35,6088,0.8780304945030001,1.2429693540719103e-06,0.12193768793040545,3.057459723953638e-05,25,10,20
35,6089,0.9121379683651891,1.2434884333136789e-06,0.08783685146850156,2.3936677876498277e-05,25,10,20
35,6090,0.9079456336856505,1.304497461742882e-06,0.09105319435392778,0.000999867462960496,25,10,20
35,6091,0.9081347121086749,1.3043017752481266e-06,0.09086412027877827,0.0009998633107720315,25,10,20
35,6092,0.9083240117089498,1.3045751364831779e-06,0.09067481862116343,0.0009998650947509171,25,10,20
35,6093,0.9061127669702976,2.2497802565558908e-06,0.09288062091238979,0.0010043623370559972,25,10,20
35,6094,0.9058299056995929,1.637777097431198e-06,0.09316286534781623,0.0010055911754932297,25,10,20
35,6095,0.9063455586358158,1.6371649406761062e-06,0.09264721501354149,0.001005589185701987,25,10,20
35,6096,0.9120503371881372,1.6370986520818282e-06,0.08694239438871428,0.001005631324496708,25,10,20
35,6097,0.946910746415858,1.6105467393988815e-06,0.05208943163111705,0.0009982114062855383,25,10,20
35,6098,0.939814153182448,1.6188641266553356e-06,0.05912011224850946,0.0010641157049155405,25,10,20
35,6099,0.9395604067758475,1.6112007159331492e-06,0.059375987522819085,0.0010619945006170959,25,10,20
35,6100,0.9405222962185157,1.6116905354444573e-06,0.058414433585444646,0.0010616585055040297,25,10,20
35,6101,0.9435543483581681,6.661334776536599e-07,0.055386650292137914,0.0010583352162161488,25,10,20
35,6102,0.9436684922956402,6.662456234376002e-07,0.05527248061207514,0.0010583608466610236,25,10,20
35,6103,0.9379867531015185,8.595051682600438e-07,0.060951033585805774,0.0010613538075071659,25,10,20
35,6104,0.9381502140622853,8.591611667033014e-07,0.06078893500478081,0.0010599917717669701,25,10,20
35,6105,0.9386510703475133,8.371737149358488e-07,0.06028181764458476,0.0010662748341868653,25,10,20
35,6106,0.9388309860016778,6.682619072962054e-06,0.0600962169293127,0.0010661144499366675,25,10,20
35,6107,0.9380687536419812,6.682625582117866e-06,0.06085842288787414,0.0010661408445626866,25,10,20
35,6108,0.9383146363133186,6.682884137364576e-06,0.06061253836178411,0.0010661424407599912,25,10,20
35,6109,0.922256873013752,6.694948625848039e-06,0.07667028718299203,0.001066144854630051,25,10,20
35,6110,0.8866985988383577,6.695166067044716e-06,0.11222177562553046,0.0010729303700453574,25,10,20
35,6111,0.8957479575950744,6.629795264075825e-06,0.10414937419245918,9.60384172030446e-05,25,10,20
35,6112,0.8944601515029812,6.659631096686806e-06,0.1051460535766623,0.0003871352892606233,25,10,20
35,6113,0.8947836756871052,6.669001788422593e-06,0.10482242959991728,0.0003872257111902282,25,10,20
35,6114,0.8941306802999806,6.669184758514082e-06,0.10547547619244378,0.00038717432281808525,25,10,20
35,6115,0.889695746866368,6.643812758762559e-06,0.1099114870214167,0.0003861222994576237,25,10,20
35,6116,0.8898958736415653,6.634798152031251e-06,0.10971141584018965,0.0003860757200940757,25,10,20
35,6117,0.889896396540689,6.634796189358175e-06,0.10971089134597854,0.0003860773171441667,25,10,20
35,6118,0.8907840407566345,6.651662923823337e-06,0.10881843210184675,0.00039087547859597215,25,10,20
35,6119,0.8907925886254742,6.652111692269883e-06,0.10880987628913177,0.0003908829737025505,25,10,20
35,6120,0.880205586086617,6.636529093247559e-06,0.1174113864333557,0.0023763909509345047,25,10,20
35,6121,0.8784452305669628,6.867852034159715e-06,0.11910868665933456,0.0024392149216688956,25,10,20
35,6122,0.8874209556519645,6.7308223568687545e-06,0.11013369117927761,0.002438622346401492,25,10,20
35,6123,0.8572522577461547,7.364181833459345e-06,0.14008537224630005,0.002655005825711717,25,10,20
35,6124,0.8654905164765161,1.3062157229920754e-06,0.13185405073548714,0.002654126572273799,25,10,20
35,6125,0.8651341065465341,1.3069220392940805e-06,0.13220886529293105,0.002655721238495669,25,10,20
35,6126,0.858924695786734,1.4243280508270857e-06,0.13844736409912262,0.002626515786092542,25,10,20
35,6127,0.859087856077335,1.4238441864094278e-06,0.13828423008497503,0.0026264899935036366,25,10,20
35,6128,0.8634670900711476,1.4237167080981407e-06,0.13390499686746465,0.0026264893446790285,25,10,20
35,6129,0.8641014240353738,1.4184618732009665e-06,0.13327204462203343,0.002625112880719127,25,10,20
35,6130,0.8643300836838556,1.5255104646316059e-06,0.13305408715445555,0.0026143036512240557,25,10,20
35,6131,0.8629885543406856,1.5412887738262156e-06,0.13424869339818157,0.0027612109723588905,25,10,20
35,6132,0.8629665899467956,1.5412921759130137e-06,0.13427067968202244,0.0027611890790059297,25,10,20
35,6133,0.8587764494375187,1.5135402717094713e-06,0.13875192466989383,0.0024701123523157746,25,10,20
35,6134,0.8589281588438378,1.5134504534403537e-06,0.13860026006576223,0.002470067639946651,25,10,20
35,6135,0.8587772367604515,1.5134564916700416e-06,0.1387511324991612,0.002470117283895611,25,10,20
35,6136,0.8752815788868602,1.5014047799548952e-06,0.12224680520482693,0.002470114503533022,25,10,20
35,6137,0.8755632208684172,1.39255482766893e-06,0.1219655061550628,0.0024698804216924286,25,10,20
35,6138,0.9080976033672918,1.3923698112098989e-06,0.08943785656854565,0.002463147694351691,25,10,20
35,6139,0.9057765766404522,1.3765003756913128e-06,0.09190578390999486,0.0023162629491775425,25,10,20
35,6140,0.9090537299728036,1.5602792303815203e-06,0.090618904399516,0.0003258053484500346,25,10,20
35,6141,0.8736282172732526,2.7337359288763493e-06,0.12573851627239593,0.0006305327184221349,25,10,20
35,6142,0.8348217615436707,4.009486640998796e-06,0.1641973056206338,0.0009769233490541241,25,10,20
35,6143,0.8349947885278428,3.99956815610396e-06,0.16402433916135573,0.0009768727426447544,25,10,20
35,6144,0.835031301987536,3.886684351454862e-06,0.16398726026674637,0.0009775510613655428,25,10,20
35,6145,0.826362707544948,4.221529510124825e-06,0.17256714105504148,0.0010659298704992397,25,10,20
35,6146,0.8219245623779927,4.239469896575042e-06,0.1770051926925562,0.0010660054595534258,25,10,20
35,6147,0.821963285381564,4.239324910866844e-06,0.17696651014103548,0.0010659651524887314,25,10,20
35,6148,0.8174279231581629,4.3616969284263125e-06,0.181502439363992,0.0010652757809158679,25,10,20
35,6149,0.8258302243307187,4.022109312044923e-06,0.1731132323713255,0.0010525211886427933,25,10,20
35,6150,0.8216899500206897,4.0226741960882876e-06,0.17725220233862435,0.0010538249664889278,25,10,20
35,6151,0.82184356191542,4.022574118825348e-06,0.17709859219864,0.0010538233118201263,25,10,20
35,6152,0.8215651335196584,4.022587999456801e-06,0.17737692303505462,0.0010539208572865528,25,10,20
35,6153,0.8215689385217597,4.0225755183440366e-06,0.17737311809043188,0.0010539208122892036,25,10,20
35,6154,0.8557715878713148,3.06263223155369e-06,0.1434754139653464,0.0007499355311072341,25,10,20
35,6155,0.8546829520297533,3.066661050047809e-06,0.14450208839712297,0.0008118929120738901,25,10,20
35,6156,0.8692634149126367,2.231836076889115e-06,0.13013964924426155,0.0005947040070247233,25,10,20
35,6157,0.871729755484745,3.2828642015058324e-06,0.12767217621511331,0.0005947854359400429,25,10,20
35,6158,0.8720448237466865,3.2817848874469513e-06,0.127358773492158,0.0005931209762676966,25,10,20
35,6159,0.8717779214860841,3.2829304720775636e-06,0.1276255817195743,0.0005932138638690659,25,10,20
35,6160,0.8717761439865487,3.283028312586776e-06,0.12762735861788768,0.0005932143672506246,25,10,20
35,6161,0.8713356025375759,3.3170436090493446e-06,0.12806769737734638,0.0005933830414683173,25,10,20
35,6162,0.8713770960189976,3.3170416256865184e-06,0.12802620350397426,0.0005933834354022958,25,10,20
35,6163,0.8680330547399729,3.608910435034143e-06,0.13133158685129587,0.0006317494982958875,25,10,20
35,6164,0.8758991553319685,4.073401412038211e-06,0.12346293148727339,0.0006338397793458149,25,10,20
35,6165,0.8755266267123757,4.084060797315728e-06,0.12383577508929722,0.0006335141375296686,25,10,20
35,6166,0.8754088069404656,4.084066946198947e-06,0.12395359401495566,0.0006335149776324702,25,10,20
35,6167,0.873361934694894,6.567229075966444e-05,0.12593869658639614,0.0006336964279501353,25,10,20
35,6168,0.8737553764627702,6.565730961330193e-05,0.12554527429431986,0.0006336919332963297,25,10,20
35,6169,0.8787631988550654,6.578890172708969e-05,0.12060257679519823,0.0005684354480086609,25,10,20
35,6170,0.8713995819021698,6.578938412727963e-05,0.12796619507475537,0.0005684336389468906,25,10,20
35,6171,0.8776632309661696,6.578713208515432e-05,0.12176451255269663,0.0005064693490480333,25,10,20
35,6172,0.8764592797487981,6.582622560630639e-05,0.12296842079887399,0.0005064732267210091,25,10,20
35,6173,0.8731787332462447,7.224952910550402e-05,0.12624343241594999,0.0005055848086994693,25,10,20
35,6174,0.8760965784686405,7.191128510794941e-05,0.12330479792626471,0.0005267123199868237,25,10,20
35,6175,0.8801493163951665,6.483748933786866e-05,0.1192603344116229,0.000525511703872704,25,10,20
35,6176,0.8803109706152565,6.483735241831024e-05,0.1190986190400183,0.0005255729923068332,25,10,20
35,6177,0.8800129226951106,6.484418445529806e-05,0.1193960477335369,0.0005261853868975316,25,10,20
35,6178,0.8786074393071774,6.561360712300566e-05,0.12079716619422458,0.0005297808914749414,25,10,20
35,6179,0.8796245441312921,6.557450794729284e-05,0.11978015099503658,0.0005297303657240705,25,10,20
35,6180,0.8741461797384562,6.556838078211433e-05,0.12531212174959414,0.00047613013116740903,25,10,20
35,6181,0.8769498433192241,6.557600535363474e-05,0.12250778134951132,0.00047679932591124637,25,10,20
35,6182,0.8766494157687045,6.557344470434302e-05,0.12280890963051602,0.0004761011560754222,25,10,20
35,6183,0.8768471618292166,6.561317508655955e-05,0.12261110874345844,0.000476116252238557,25,10,20
35,6184,0.883411906768818,6.472076631292915e-05,0.11605145781597818,0.0004719146488912479,25,10,20
35,6185,0.8868954171636928,6.472396608134088e-05,0.11256750951452796,0.00047234935569858696,25,10,20
35,6186,0.8496031736252347,6.53925253331956e-05,0.1496714515892037,0.0006599822602285113,25,10,20
35,6187,0.8782534384969379,6.412053332186953e-05,0.12136883047708302,0.00031361049265762333,25,10,20
35,6188,0.8788254334455745,6.425518636121871e-05,0.12079449343955101,0.00031581792851383914,25,10,20
35,6189,0.8858467824552604,6.425521583537209e-05,0.11377149653180237,0.00031746579710191855,25,10,20
35,6190,0.8809749749820104,6.460191881543514e-05,0.11302781386955793,0.005932609229616997,25,10,20
35,6191,0.880488827438149,6.460979994032835e-05,0.11351182245363985,0.005934740308271422,25,10,20
35,6192,0.8809731316157497,6.460875965761318e-05,0.1130275607075118,0.005934698917081543,25,10,20
35,6193,0.8804490719950828,6.483030348070372e-05,0.11349121628546298,0.00599488141597412,25,10,20
35,6194,0.8792459948721886,6.481084817582512e-05,0.11469437497293258,0.005994819306703872,25,10,20
35,6195,0.8748126106867776,6.459290703043091e-05,0.11918815839575879,0.005934638010433975,25,10,20
35,6196,0.8692377392840956,6.44607508244081e-05,0.12470010821674253,0.005997691748338145,25,10,20
35,6197,0.8689440493669768,6.446584198971666e-05,0.12499376761899535,0.005997717172038745,25,10,20
35,6198,0.8462524327937707,6.450148319070362e-05,0.14767990929135666,0.006003156431682285,25,10,20
35,6199,0.8465518813691182,6.450100211618758e-05,0.14738207179010782,0.006001545838658383,25,10,20
35,6200,0.8568723727300089,6.456849377804284e-05,0.13706227964830572,0.006000779127907946,25,10,20
35,6201,0.8633156538955794,6.456400836242432e-05,0.13068437988616557,0.005935402209893334,25,10,20
35,6202,0.8632794531775505,6.456391053093167e-05,0.13072063097745132,0.005935351934467866,25,10,20
35,6203,0.8546438858646875,6.500903080525746e-05,0.13931485636561183,0.005976248738895868,25,10,20
35,6204,0.8546346273840122,6.506924114517166e-05,0.13932219006390018,0.005978113310942981,25,10,20
35,6205,0.8551509807745535,6.506397585444602e-05,0.13880584183519326,0.005978113414399481,25,10,20
35,6206,0.8576344776358983,3.4649063642606255e-06,0.13638403132897348,0.00597802612876488,25,10,20
35,6207,0.8679868599858303,3.4611443733480506e-06,0.12603167162035933,0.005978007249438037,25,10,20
35,6208,0.8742596811734674,3.4568136261806113e-06,0.11976128992964012,0.005975572083267044,25,10,20
35,6209,0.875225153028856,2.3884627920256217e-06,0.11879706559592083,0.005975392912431583,25,10,20
35,6210,0.8999577132520737,2.0268794319142413e-06,0.09968204183982474,0.00035821802866989495,25,10,20
35,6211,0.8862678471468065,2.613928716885817e-06,0.11337122895930485,0.00035830996517194157,25,10,20
35,6212,0.8825423659426572,2.6221727784330085e-06,0.11709666693919346,0.00035834494537137057,25,10,20
35,6213,0.8848636471884602,2.662944008767858e-06,0.11477516999234759,0.0003585198751837832,25,10,20
35,6214,0.8849342709735505,2.6630918363960756e-06,0.1147045053161988,0.0003585606184145015,25,10,20
35,6215,0.8808861389363958,3.359293882670817e-06,0.11875187485422345,0.00035862691549841505,25,10,20
35,6216,0.8810522421582451,3.357510465124405e-06,0.11858631581433547,0.0003580845169546942,25,10,20
35,6217,0.8812310111770852,3.3544098006052724e-06,0.11840800790782892,0.00035762650528531353,25,10,20
35,6218,0.8809423122638307,3.3468481708695203e-06,0.11869875857830266,0.0003555823096959615,25,10,20
35,6219,0.8819372391223596,3.3463200245579803e-06,0.11770383076204319,0.0003555837955727867,25,10,20
35,6220,0.8902933813305569,2.901289393621649e-06,0.10938900527393447,0.0003147121061149815,25,10,20
35,6221,0.8834104709225372,9.999444582090497e-06,0.11626487338317723,0.0003146562497034068,25,10,20
35,6222,0.8831978321630117,9.999896441838416e-06,0.11647466018485277,0.0003175077556935653,25,10,20
35,6223,0.8537671504104793,9.936496074724228e-06,0.1458975337562731,0.0003253793371726302,25,10,20
35,6224,0.8612492263192496,9.64401534887708e-06,0.13845542104250957,0.00028570862289160735,25,10,20
35,6225,0.8455785306950975,9.64467541351493e-06,0.15412595349300184,0.00028587113648658244,25,10,20
35,6226,0.8453077653253527,9.641857761662029e-06,0.15439675110046,0.0002858417164250133,25,10,20
35,6227,0.8434282601539749,9.697685673437776e-06,0.15625970981964007,0.0003023323407111466,25,10,20
35,6228,0.8422219218918175,9.697488832566375e-06,0.15746605156436091,0.00030232905498839426,25,10,20
35,6229,0.844308119849976,9.56980837991875e-06,0.15539685022162233,0.00028546012002151553,25,10,20
35,6230,0.8455286583568409,9.569802864166787e-06,0.15417631329359419,0.0002854585467004218,25,10,20
35,6231,0.8659844585080165,9.531331989733641e-06,0.133725988906345,0.0002800212536487207,25,10,20
35,6232,0.8657990612247084,9.541662361695086e-06,0.13390985326013352,0.00028154385279622224,25,10,20
35,6233,0.865762679532906,9.539915287497962e-06,0.133946181029137,0.000281599522669485,25,10,20
35,6234,0.8954985976570805,9.538009520113024e-06,0.10422002630962533,0.00027183802377431725,25,10,20
35,6235,0.8918597185303324,9.53800567137908e-06,0.10785785889330135,0.00027288457069543696,25,10,20
35,6236,0.9075135009322107,9.54375422224323e-06,0.09220708190661454,0.0002698734069529134,25,10,20
35,6237,0.9109440039426108,9.543577596291283e-06,0.08877771789068138,0.00026873458911186093,25,10,20
35,6238,0.9118416616408592,9.5432393647995e-06,0.08788014874659199,0.0002686463731840718,25,10,20
35,6239,0.9140228281659653,9.329307278359897e-06,0.08569994017547518,0.0002679023512811287,25,10,20
35,6240,0.9117017710213271,8.742044580148037e-06,0.08802165925793931,0.0002678276761536262,25,10,20
35,6241,0.9191554293940404,1.6803448970410882e-05,0.08055775792620809,0.00027000923078118673,25,10,20
35,6242,0.907252902957596,1.681822885414599e-05,0.0924600975279971,0.00027018128555296006,25,10,20
35,6243,0.9076087542070245,1.6816655660802167e-05,0.09210424848209764,0.00027018065521740406,25,10,20
35,6244,0.9027440010921789,9.452982280356987e-06,0.09678899564204987,0.0004575502834911659,25,10,20
35,6245,0.902096246283714,9.453340222899586e-06,0.09743399681364188,0.00046030356242142867,25,10,20
35,6246,0.9006368816550192,9.453494876776057e-06,0.09889332166245485,0.0004603431876491376,25,10,20
35,6247,0.8895541684749081,9.467809873009893e-06,0.10997229156904673,0.00046407214617198695,25,10,20
35,6248,0.8896864422133914,9.473166269112386e-06,0.10983998504967403,0.00046409957066524535,25,10,20
35,6249,0.8866001748681834,9.47642918462017e-06,0.11292536602987387,0.0004649826727577372,25,10,20
35,6250,0.8871001594650865,9.476071580420355e-06,0.1124281337364428,0.0004622307268898583,25,10,20
35,6251,0.8975579167657112,8.770589006456556e-06,0.10197110196558373,0.0004622106796980574,25,10,20
35,6252,0.9094426996766636,8.75580853026127e-06,0.09008650548897122,0.0004620390258349925,25,10,20
35,6253,0.9352450892200598,8.067517871217605e-06,0.06447253674804503,0.0002743065140237897,25,10,20
35,6254,0.9352489723906889,8.067524085071906e-06,0.06446865314893695,0.00027430693628883573,25,10,20
35,6255,0.9273603187712242,8.06994484028784e-06,0.0723162767605728,0.0003153345233628101,25,10,20
35,6256,0.9127433190462629,9.313794705435392e-06,0.08692139973245995,0.0003259674265716054,25,10,20
35,6257,0.9138558990141074,9.264673627787274e-06,0.08580910366053267,0.0003257326517319486,25,10,20
35,6258,0.9301181054297298,8.020252901576416e-06,0.06955893545037839,0.0003149388669900087,25,10,20
35,6259,0.929672621947018,8.020217363870443e-06,0.0700045192385672,0.0003148385970507497,25,10,20
35,6260,0.9231915556249113,8.020458900426095e-06,0.07648438111394178,0.0003160428022463542,25,10,20
35,6261,0.923276064172564,8.020298371442082e-06,0.07639991398645796,0.0003160015426063524,25,10,20
35,6262,0.9238317289737326,8.024977468719534e-06,0.07584544875982795,0.0003147972889705618,25,10,20
35,6263,0.9238960400695759,8.025160946808124e-06,0.07578118186781267,0.0003147529016646296,25,10,20
35,6264,0.9272017865003565,8.021775601115246e-06,0.07247637751789321,0.00031381420614919243,25,10,20
35,6265,0.9212194224685447,8.021937121900223e-06,0.07839254885276235,0.0003800067415711038,25,10,20
35,6266,0.9211011540840297,8.021943342116925e-06,0.07851081680732831,0.0003800071652997036,25,10,20
35,6267,0.9215965662950387,8.021235612756888e-06,0.07801540627229231,0.00038000619705616604,25,10,20
35,6268,0.9149790413157021,8.021335422923742e-06,0.08463295150730234,0.00037998584157259525,25,10,20
35,6269,0.9155801263320421,8.016363093062602e-06,0.08410886835078975,0.00030298895407522195,25,10,20
35,6270,0.8811463146926632,8.01099830923718e-06,0.11854273047623738,0.00030294383279012084,25,10,20
35,6271,0.8730134240952557,8.035626596932923e-06,0.12667548078427465,0.0003030594938727088,25,10,20
35,6272,0.8476696156972326,8.022878072047307e-06,0.15202281737178125,0.0002995440529141248,25,10,20
35,6273,0.8466395534682075,8.023330121399991e-06,0.15304481635004238,0.0003076068516287348,25,10,20
35,6274,0.8464037219169356,8.02334397620175e-06,0.15328064696039712,0.00030760777869123746,25,10,20
35,6275,0.8467027707205281,8.013015392275881e-06,0.1529831310635836,0.00030608520049582106,25,10,20
35,6276,0.8203222909858267,1.3931448572401382e-05,0.17954673983478128,0.00011703773081979334,25,10,20
35,6277,0.8203285702937194,1.3931528832055779e-05,0.1795404621875464,0.00011703598990219027,25,10,20
35,6278,0.8576657718673906,1.3930870291565407e-05,0.1422035102534814,0.00011678700883597128,25,10,20
35,6279,0.8310317447761474,1.3826178091518754e-05,0.16882907127725677,0.000125357768504721,25,10,20
35,6280,0.838817682696456,1.3823497115540589e-05,0.16108416297918976,8.433082723927872e-05,25,10,20
35,6281,0.8503329442240206,1.3809221459228827e-05,0.14956898143090916,8.426512361149453e-05,25,10,20
35,6282,0.8414105801765785,1.4265592087090514e-05,0.15849084588062992,8.430835070510332e-05,25,10,20
35,6283,0.8411010013548125,1.427105541529364e-05,0.1588003893384469,8.433825132616209e-05,25,10,20
35,6284,0.8409761900705788,1.4270960806704713e-05,0.15892520035736257,8.43386112530996e-05,25,10,20
35,6285,0.8701841958157837,1.4271099791013475e-05,0.12968796226228133,0.0001135708221449443,25,10,20
35,6286,0.8702899433776413,1.4264258683312182e-05,0.1295822217817522,0.00011357058192401205,25,10,20
35,6287,0.8374288810982259,1.4259420798117119e-05,0.16244302137267394,0.00011383810830254765,25,10,20
35,6288,0.8343040645809267,1.4329370033492686e-05,0.16556744828460623,0.00011415776443406302,25,10,20
35,6289,0.8331487145032616,1.4332411682070376e-05,0.166707094880468,0.00012985820458881293,25,10,20
35,6290,0.8326116361641707,1.4332733794437061e-05,0.16724412935009458,0.00012990175194021027,25,10,20
35,6291,0.8354658777505946,1.4265752339679972e-05,0.16438558826189453,0.00013426823517169597,25,10,20
35,6292,0.8361323081148007,1.4262930005245145e-05,0.16373474132673876,0.00011868762845571593,25,10,20
35,6293,0.8408182835313918,1.3878582316531673e-05,0.15903025203976695,0.0001375858465253526,25,10,20
35,6294,0.8398016661908951,1.3907598606425686e-05,0.16004650642430188,0.00013791978619709966,25,10,20
35,6295,0.8396673902509971,1.3907412821382118e-05,0.16018073167731206,0.0001379706588698241,25,10,20
35,6296,0.8463042739446455,6.809236222848634e-06,0.15355094025791527,0.0001379765612167657,25,10,20
35,6297,0.8477901700629497,6.78056609389704e-06,0.15206540519687872,0.0001376441740780624,25,10,20
35,6298,0.8259753673309693,0.0003241237008322179,0.1735624470266517,0.00013806194154608015,25,10,20
35,6299,0.8250515591054243,0.00032405521424464434,0.17450430757200525,0.00012007810832523752,25,10,20
35,6300,0.8250101417362188,0.00032404996907411986,0.17454575541807052,0.00012005287663592156,25,10,20
35,6301,0.8261512542837657,0.0003240313536875969,0.17340464503905426,0.00012006932349215408,25,10,20
35,6302,0.8541980447905998,0.00031741544026398644,0.14536129500395456,0.00012324476518175485,25,10,20
35,6303,0.8603797333785087,0.0003174165478160688,0.1392457316957462,5.7118377929108375e-05,25,10,20
35,6304,0.8248113662255279,0.00031817647035031207,0.16344959469575981,0.011420862608361827,25,10,20
35,6305,0.8586682981703906,0.00031742661108585514,0.14087610756324995,0.00013816765527370283,25,10,20
35,6306,0.8581636263378738,0.00031770361712219467,0.14130382862136395,0.00021484142364011188,25,10,20
35,6307,0.8699287749247445,0.0003177034100684091,0.12954238291334286,0.0002111387518442585,25,10,20
35,6308,0.8700080745755336,0.00031770345993569,0.12946307754166667,0.00021114442286412525,25,10,20
35,6309,0.8599778738268361,0.0003174313684803701,0.13952909681510772,0.00017559798957620946,25,10,20
35,6310,0.8591064533503154,0.00031743236666560335,0.14040028213630903,0.00017583214671063489,25,10,20
35,6311,0.8595894115988366,0.00031744224146396793,0.13992403309090018,0.00016911306879999037,25,10,20
35,6312,0.8442645357532242,0.0003174651999909226,0.1552488280963472,0.00016917095043846858,25,10,20
35,6313,0.8444122755372172,0.0003174622185556222,0.1551057771111655,0.00016448513306247618,25,10,20
35,6314,0.8355649400830355,0.0003247935039998984,0.16394534181021353,0.00016492460275112152,25,10,20
35,6315,0.8492953989123939,0.00032480511528282756,0.15020999597211046,0.00016980000021346353,25,10,20
35,6316,0.8507603006653828,0.00032479905691470664,0.1488261130989079,8.878717879521898e-05,25,10,20
35,6317,0.8506998870748985,0.0003247991952771678,0.14888655933425857,8.875439556624717e-05,25,10,20
35,6318,0.8607915912165983,0.0003247989363173235,0.1387596620449584,0.00012394780212651678,25,10,20
35,6319,0.898625779463529,0.00032479886599654173,0.10092573805917342,0.0001236836113015502,25,10,20
35,6320,0.89861558953409,0.00032479859020292034,0.10093582844898158,0.0001237834267259436,25,10,20
35,6321,0.8884522821740994,0.00033182527197825703,0.11109091603242724,0.00012497652149539808,25,10,20
35,6322,0.8885742800444077,0.0003318252575826023,0.11096892076807972,0.0001249739299303436,25,10,20
35,6323,0.8984790574230717,0.0003250140472533639,0.10107212664052387,0.00012380188915123185,25,10,20
35,6324,0.8985582943528654,0.00032501277796575574,0.10099295782203242,0.0001237350471366459,25,10,20
35,6325,0.898647032226475,0.00032501267999380585,0.10090423936043327,0.00012371573309801013,25,10,20
35,6326,0.9206973135415472,7.669339682426801e-06,0.07917183851886476,0.0001231785999060326,25,10,20
35,6327,0.9272742515172032,7.66915777046061e-06,0.07259489508072021,0.00012318424430629354,25,10,20
35,6328,0.9242889373211508,7.68059959340289e-06,0.07557842628752948,0.00012495579172639896,25,10,20
35,6329,0.9233434525958546,7.69977887279885e-06,0.07651858237529612,0.00013026524997663736,25,10,20
35,6330,0.9224646673897996,7.982030061541766e-06,0.07739436696117666,0.0001329836189624325,25,10,20
35,6331,0.9119280725393321,1.5394674356286197e-05,0.08788955347089482,0.00016697931541715438,25,10,20
35,6332,0.8974112786328249,1.5425180067004045e-05,0.10240635964796302,0.0001669365391451142,25,10,20
35,6333,0.8974030687732136,1.5214733917305168e-05,0.1024134704751612,0.0001682460177078917,25,10,20
35,6334,0.8974323790134054,1.5214952614744774e-05,0.10238416367015629,0.00016824236382366394,25,10,20
35,6335,0.897273776030277,1.5219078856132163e-05,0.10254276220417945,0.0001682426866874325,25,10,20
35,6336,0.8732300518117251,1.5220692612664766e-05,0.12660447713459402,0.00015025036106834183,25,10,20
35,6337,0.8516466178580842,0.0003411210878773255,0.14783364279739053,0.00017861825664781085,25,10,20
35,6338,0.8544271634271381,0.00034111961717359383,0.1450548262149313,0.00017689074075679417,25,10,20
35,6339,0.8171442281158049,0.0003424033170783113,0.18233636320353827,0.00017700536357815832,25,10,20
35,6340,0.8173278438142659,0.0003423931750513394,0.182152804122371,0.00017695888831139133,25,10,20
35,6341,0.8174573863891835,0.0003423929891780607,0.1820232626015353,0.00017695802010298043,25,10,20
35,6342,0.8177180061126736,0.00034239297549694083,0.18176264370460718,0.00017695720722198067,25,10,20
35,6343,0.8174447585988323,0.00034239482683844877,0.1820354401634819,0.00017740641084721586,25,10,20
35,6344,0.839004688935484,0.0003423636916176233,0.16048471774693293,0.00016822962596474818,25,10,20
35,6345,0.8390250162026875,0.0003423633325450474,0.1604643957343765,0.00016822473039025077,25,10,20
35,6346,0.8387358573470525,0.0003423682029180402,0.16075222439516496,0.0001695500548638628,25,10,20
35,6347,0.8603131689345453,1.6463868091713383e-05,0.1395264442800157,0.00014392291734656185,25,10,20
35,6348,0.8611633213350361,1.6464218674209345e-05,0.13867624605936543,0.0001439683869232365,25,10,20
35,6349,0.8694313982892361,1.6442543231864154e-05,0.13040826926556254,0.00014388990196865522,25,10,20
35,6350,0.8630875201773556,1.6441941754011187e-05,0.13675343618049507,0.00014260170039446339,25,10,20
35,6351,0.8785774864653456,1.65970468250945e-05,0.12126298789941531,0.0001429285884133534,25,10,20
35,6352,0.880160917757122,1.6605596449810075e-05,0.11962719903364304,0.0001952776127844426,25,10,20
35,6353,0.8649108428236951,1.6605767245983852e-05,0.13478505412493724,0.00028749728412071627,25,10,20
35,6354,0.8479968600473753,2.0559036956647013e-05,0.1516580413483317,0.00032453956733593023,25,10,20
35,6355,0.8547663812782722,2.055035753301576e-05,0.14488847629947185,0.00032459206472224597,25,10,20
35,6356,0.8596758919977914,2.0551906130954165e-05,0.1399798728967901,0.0003236831992867958,25,10,20
35,6357,0.8492470318980149,2.0551077112427545e-05,0.15041997625103887,0.0003124407738329047,25,10,20
35,6358,0.8491494550563621,2.054941707823564e-05,0.15051387002018926,0.0003161255063701045,25,10,20
35,6359,0.848244910459083,1.9266284794606333e-05,0.15141540218682015,0.0003204210693025764,25,10,20
35,6360,0.8426948921679085,1.9343266443327722e-05,0.15694523699632884,0.00034052756931954607,25,10,20
35,6361,0.8388988753480535,1.9616926510559785e-05,0.1607410032313921,0.0003405044940438081,25,10,20
35,6362,0.8420002756385699,1.9338174454336905e-05,0.15763990707345674,0.00034047911351904456,25,10,20
35,6363,0.8425918496379261,1.9319858523879483e-05,0.1570531667029687,0.00033566380058107283,25,10,20
35,6364,0.8459468375008886,1.2232477884558191e-05,0.1537036457378592,0.0003372842833675667,25,10,20
35,6365,0.8573666900778069,4.537581089700728e-06,0.14232820251655504,0.00030056982454847327,25,10,20
35,6366,0.8218045101527529,4.58785624579713e-06,0.17789020893407373,0.00030069305692781054,25,10,20
35,6367,0.8207925275069489,4.5701163192400094e-06,0.1786397677344816,0.0005631346422503357,25,10,20
35,6368,0.8209523312909979,4.570029400284463e-06,0.17848268035768872,0.0005604183219132446,25,10,20
35,6369,0.8213278750725085,4.559699569268242e-06,0.17810849064075762,0.0005590745871645223,25,10,20
35,6370,0.8257481600667815,4.551914167261705e-06,0.17366624873672984,0.0005810392823216758,25,10,20
35,6371,0.831022957778433,4.477927035808648e-06,0.16841079633240993,0.0005617679621221489,25,10,20
35,6372,0.8585848851943517,4.445982964194678e-06,0.14084880211254833,0.000561866710135885,25,10,20
35,6373,0.8477801793474516,4.462716003304466e-06,0.1515457021286025,0.000669655807942683,25,10,20
35,6374,0.8381268993109849,5.179473334500908e-06,0.16146080733774398,0.00040711387793711094,25,10,20
35,6375,0.8550806725658997,1.2227248978927557e-06,0.14454668883296162,0.0003714158762408664,25,10,20
35,6376,0.8412693490743404,8.187507835795798e-06,0.15834974818156858,0.0003727152362550895,25,10,20
35,6377,0.8402467537374636,8.187789666503978e-06,0.15937234087987065,0.0003727175929988976,25,10,20
35,6378,0.8400604404477952,8.187809704578158e-06,0.15955870075535303,0.000372670987146863,25,10,20
35,6379,0.8473548746486186,8.169766419262342e-06,0.1521889301844267,0.00044802540053547686,25,10,20
35,6380,0.8628208552403137,8.169473050620262e-06,0.13681512508730068,0.00035585019933445547,25,10,20
35,6381,0.8629842965249844,8.169486956719494e-06,0.13665168290770663,0.00035585108035164875,25,10,20
35,6382,0.8627849967976263,8.169493895474178e-06,0.13685095835537742,0.00035587535310026064,25,10,20
35,6383,0.8506445455109116,8.462148618304052e-06,0.1489384989165825,0.0004084934238874152,25,10,20
35,6384,0.8489649690413004,5.394615281582658e-05,0.1505737420787203,0.0004073427271631569,25,10,20
35,6385,0.8389780183081857,6.090436736322182e-05,0.16055311247685122,0.0004079648475996635,25,10,20
35,6386,0.8390837270782661,6.089960072489782e-05,0.16052370941929486,0.00033166390171427573,25,10,20
35,6387,0.8401239057339214,6.08993189396152e-05,0.15948353356090708,0.000331661386231648,25,10,20
35,6388,0.8013764798583951,6.089917984529226e-05,0.19823096345711685,0.00033165750464187377,25,10,20
35,6389,0.8145618542398306,5.39386971583971e-05,0.18505158658537355,0.0003326204776370742,25,10,20
35,6390,0.8524353191688822,5.393788424483863e-05,0.14718253292367614,0.00032821002319650456,25,10,20
35,6391,0.8513852208287811,5.393843385414438e-05,0.14823297843334918,0.0003278623040147287,25,10,20
35,6392,0.8453938628813396,5.346282015881409e-05,0.15237891107325321,0.0021737632252469986,25,10,20
35,6393,0.8440524157226651,5.346049907535658e-05,0.15382817426754547,0.0020659495107131125,25,10,20
35,6394,0.8428831848164,5.3460367927382286e-05,0.15499744791251352,0.002065906903158301,25,10,20
35,6395,0.8433196191497094,5.346071684934415e-05,0.15456096788788948,0.0020659522455510285,25,10,20
35,6396,0.8527644222577987,5.423239425819242e-05,0.14516916579751674,0.002012179550426164,25,10,20
35,6397,0.8526392991701525,5.423258722788783e-05,0.1452942865288294,0.0020121817137900284,25,10,20
35,6398,0.8690088086499869,5.435214733998449e-05,0.1289240872993538,0.002012751903318824,25,10,20
35,6399,0.8660324509780747,5.434938857929161e-05,0.13197417642591214,0.0019390232074330588,25,10,20
35,6400,0.8666031618929719,5.43491102020498e-05,0.1314790412922577,0.00186344770456763,25,10,20
35,6401,0.8658229302139862,5.4363571485402425e-05,0.13225923084186872,0.0018634753726588875,25,10,20
35,6402,0.8775139986372258,5.434930724935988e-05,0.12056796068774141,0.0018636913677830202,25,10,20
35,6403,0.872747068823387,0.00010819770422676893,0.12502649046630318,0.002118243006082668,25,10,20
35,6404,0.8829108012306428,0.00010123939072937903,0.11486831637395331,0.0021196430046741734,25,10,20
35,6405,0.8857500725219368,0.00010017013121394017,0.1120302889254516,0.0021194684213972563,25,10,20
35,6406,0.8857169643311891,0.00010017010817443829,0.11206337606200018,0.002119489498635916,25,10,20
35,6407,0.8856689826827595,0.00010017061763531535,0.1121112462357521,0.0021196004638527706,25,10,20
35,6408,0.9032595867153905,9.992927356158934e-05,0.09636685102519603,0.00027363298585148074,25,10,20
35,6409,0.9029543057019364,9.992924251462595e-05,0.09666191214296628,0.00028385291258261816,25,10,20
35,6410,0.9036839698851503,9.992881219938573e-05,0.09593246659879019,0.00028363470385988097,25,10,20
35,6411,0.9037544334343649,9.992943646925817e-05,0.09586199955487917,0.00028363757428659874,25,10,20
35,6412,0.9001042948139117,9.993186719270816e-05,0.09951623392493016,0.00027953939396537566,25,10,20
35,6413,0.9002173711502748,9.993212678743625e-05,0.09940313099246717,0.0002795657304704961,25,10,20
35,6414,0.8938302982015494,9.993245711978158e-05,0.10579016041752051,0.0002796089238102263,25,10,20
35,6415,0.8989596573346099,9.992846183101302e-05,0.10066083510153366,0.00027957910202531454,25,10,20
35,6416,0.8945115171300995,0.00010796126711685403,0.10509957743128182,0.000280944171501687,25,10,20
35,6417,0.8948173326072184,0.00010795807569510281,0.10479467532429877,0.00028003399278755167,25,10,20
35,6418,0.883867779682859,6.260021677981237e-05,0.11578863175715817,0.0002809883432025883,25,10,20
35,6419,0.8828630258495263,6.26392795324846e-05,0.11679336690002408,0.0002809679709169117,25,10,20
35,6420,0.8834452706152476,6.263912831660057e-05,0.11621119072573403,0.0002808995307014453,25,10,20
35,6421,0.8895777567625425,6.263897844069883e-05,0.11007872397974713,0.0002808802792694108,25,10,20
35,6422,0.8971329102956718,6.23935318370822e-05,0.10252576358239487,0.0002789325900959274,25,10,20
35,6423,0.9346031706066548,6.239443150580919e-05,0.0650301159743439,0.0003043189874956716,25,10,20
35,6424,0.9300386527980171,6.2386400338784e-05,0.06951574525898593,0.00038321554265816814,25,10,20
35,6425,0.9177751744846181,7.423964512530907e-05,0.0817684315548351,0.00038215431542133944,25,10,20
35,6426,0.917736730972056,7.423929907273155e-05,0.08180690154257497,0.0003821281862961577,25,10,20
35,6427,0.9164390024482344,7.425689942930599e-05,0.0831045057829714,0.00038223486936521075,25,10,20
35,6428,0.915771743670954,8.156076753647556e-05,0.08376381002588523,0.0003828855356248517,25,10,20
35,6429,0.9203518800025957,7.35279573250352e-05,0.07919304743276728,0.0003815446073121315,25,10,20
35,6430,0.9123208804991999,6.622738956507398e-05,0.08723114398213505,0.0003817481291004237,25,10,20
35,6431,0.9124583746764371,6.623425645606728e-05,0.08709362982722514,0.0003817612398823184,25,10,20
35,6432,0.9170764276163524,1.2381469412901511e-05,0.08278623340399374,0.00012495751024088313,25,10,20
35,6433,0.9023781778620844,1.2341950270953129e-05,0.0974844816157246,0.00012499857192062967,25,10,20
35,6434,0.9069227550375166,1.2339738228471817e-05,0.09289436271893622,0.00017054250531938934,25,10,20
35,6435,0.8950639650765209,1.233755637193389e-05,0.10475297742051749,0.0001707199465904575,25,10,20
35,6436,0.8785535061205841,1.2367417579959872e-05,0.12126067198359528,0.00017345447824145956,25,10,20
35,6437,0.891081285532289,1.2240826576558296e-05,0.10873415518258872,0.0001723184585464169,25,10,20
35,6438,0.899641155166231,1.2237636865979571e-05,0.10017506864627362,0.00017153855063003757,25,10,20
35,6439,0.8999879268009731,1.2238413752608012e-05,0.09982564145645043,0.00017419332882430432,25,10,20
35,6440,0.9031718867669697,1.2240361933414986e-05,0.09664221415763194,0.00017365871346548475,25,10,20
35,6441,0.8893850600911343,1.22407967890681e-05,0.11038186777874451,0.0002208313333324356,25,10,20
35,6442,0.883433006235921,1.2486084985529705e-05,0.11633361498575674,0.00022089269333722366,25,10,20
35,6443,0.8842948871396498,1.2480242773693963e-05,0.11547702994461387,0.00021560267296340366,25,10,20
35,6444,0.8836620966542423,1.2463158409163408e-05,0.1161099408290176,0.00021549935833145247,25,10,20
35,6445,0.8829946825951229,1.311220014916477e-05,0.11677670015256057,0.0002155050521677808,25,10,20
35,6446,0.8951349758219784,1.5282319838865006e-06,0.10464890637753489,0.00021458956850347696,25,10,20
35,6447,0.8956790405735374,1.5278805022574752e-06,0.1038155515714966,0.0005038799744642093,25,10,20
35,6448,0.8959381099130879,1.258323274504852e-06,0.10355679979982123,0.0005038319638170176,25,10,20
35,6449,0.8978390068635403,1.2582501510898562e-06,0.10165449754657492,0.0005052373397345303,25,10,20
35,6450,0.8948057496119186,1.2587648736129023e-06,0.10481226441574053,0.0003807272074680101,25,10,20
35,6451,0.8609227579871295,1.2591341128318766e-06,0.13868878947501614,0.0003871934037430172,25,10,20
35,6452,0.8615235664413805,1.258317711232816e-06,0.13809061339467069,0.0003845618462390348,25,10,20
35,6453,0.8953278186245177,1.257520620744808e-06,0.1042929391699664,0.00037798468489617064,25,10,20
35,6454,0.8959501333845549,1.2728398373437411e-06,0.10367709718281935,0.0003714965927892217,25,10,20
35,6455,0.8682883080989957,1.373217132390616e-06,0.13135486684538444,0.0003554518384888436,25,10,20
35,6456,0.8681264122891135,1.3733120357781213e-06,0.13151678569501116,0.00035542870384078565,25,10,20
35,6457,0.8653394466736135,1.437037567567834e-06,0.13430312143183534,0.00035599485698472244,25,10,20
35,6458,0.8953803290749518,1.3347608984616623e-06,0.10427166252557059,0.00034667363857979227,25,10,20
35,6459,0.8951032671773993,1.614363650576789e-06,0.10454842001922961,0.00034669843972106836,25,10,20
35,6460,0.8952055362781723,1.6142871630808805e-06,0.10444615184351187,0.00034669759115326195,25,10,20
35,6461,0.8950481630731438,1.6194458805627847e-06,0.1046035430175628,0.0003466744634133692,25,10,20
35,6462,0.8962229479427699,1.6191832888375835e-06,0.10371675402738044,5.867884656132031e-05,25,10,20
35,6463,0.8873275960222728,1.6234622822997092e-06,0.11260992701692077,6.085349852443169e-05,25,10,20
35,6464,0.89607558812673,1.6196489229049437e-06,0.10386125993658864,6.153228775869138e-05,25,10,20
35,6465,0.8958090517341123,1.6136181478776737e-06,0.10412783302277331,6.150162496716793e-05,25,10,20
35,6466,0.8954096908398472,1.6325053901348221e-06,0.10452711734375955,6.15593110034908e-05,25,10,20
35,6467,0.8891703229084102,1.8688618351280226e-06,0.1107020368866772,0.0001257713430779601,25,10,20
35,6468,0.8915704582566627,1.632646562096667e-06,0.1083663579421256,6.155115465011142e-05,25,10,20
35,6469,0.8912769704701478,1.6365641830588823e-06,0.10865881552699229,6.257743867694768e-05,25,10,20
35,6470,0.8664827361571871,3.3739023093054594e-06,0.13345158525633066,6.230468417354906e-05,25,10,20
35,6471,0.8814269758127766,3.344325368899963e-06,0.11850993419841935,5.9745663435453775e-05,25,10,20
35,6472,0.885280523669557,3.3392664960427052e-06,0.11465631858940632,5.981847454097821e-05,25,10,20
35,6473,0.9018109852801177,2.689781319948448e-06,0.09812672586594796,5.959907261464997e-05,25,10,20
35,6474,0.8966955702489529,2.8113903860276518e-06,0.10320901143085742,9.260692980438979e-05,25,10,20
35,6475,0.8971491714149168,2.9419512093050906e-06,0.10275896866669697,8.891796717741323e-05,25,10,20
35,6476,0.8968817757304137,2.7972116710855268e-06,0.10302639933930514,8.902771861061509e-05,25,10,20
35,6477,0.8785739484765287,7.519131626068562e-06,0.12133010987234101,8.842251950503201e-05,25,10,20
35,6478,0.8823495804513901,7.519357219027126e-06,0.11755271352322402,9.018666816749528e-05,25,10,20
35,6479,0.8767831975462489,7.450178962784819e-06,0.12309042613223056,0.00011892614255871518,25,10,20
35,6480,0.8718659674654394,1.1342365276572438e-05,0.1280032465192995,0.00011944364998564262,25,10,20
35,6481,0.8718921746814537,1.134189344725917e-05,0.1279798927722957,0.0001165906528044673,25,10,20
35,6482,0.8714183678250517,1.1348973254129534e-05,0.1284311162044063,0.00013916699728897832,25,10,20
35,6483,0.8752725489686481,7.456648837214171e-06,0.12458137084506017,0.00013862353745552113,25,10,20
35,6484,0.840041076588644,8.893487738660533e-06,0.1598107250972546,0.0001393048263628233,25,10,20
35,6485,0.8681566850817627,7.088182106300982e-06,0.13169730591188167,0.00013892082424985216,25,10,20
35,6486,0.8679998766129553,7.088630589656457e-06,0.1318527660279251,0.00014026872853038801,25,10,20
35,6487,0.8681702347028911,6.843146005682021e-06,0.13168271592590478,0.0001402062251987906,25,10,20
35,6488,0.8682959673115066,6.843065373571674e-06,0.13155700360096453,0.0001401860221557155,25,10,20
35,6489,0.8689272843898865,6.828665566637679e-06,0.1309257254533932,0.00014016149115430736,25,10,20
35,6490,0.8906935916864543,1.735980213315569e-05,0.10914940544803846,0.00013964306337457737,25,10,20
35,6491,0.890573211442273,1.736026258200613e-05,0.10926978136519282,0.00013964692995267072,25,10,20
35,6492,0.8904325754414079,1.7360954600407656e-05,0.10941032411601956,0.00013973948797267187,25,10,20
35,6493,0.8894578884336591,1.7361069956950777e-05,0.11038500802370164,0.00013974247268286804,25,10,20
35,6494,0.8518141865113243,7.279705337802757e-06,0.14784334962868514,0.0003351841546528811,25,10,20
35,6495,0.8486607909301317,7.281757943794671e-06,0.15099657118650886,0.0003353561254157207,25,10,20
35,6496,0.8247356132890752,9.363001950655622e-06,0.17491948417796535,0.000335539531008594,25,10,20
35,6497,0.8248546916168867,9.362944764086982e-06,0.1748004078902967,0.00033553754805240284,25,10,20
35,6498,0.8542867855937625,7.286719405370809e-06,0.1453691401141838,0.0003367875726484635,25,10,20
35,6499,0.8543174352861124,7.281744671385419e-06,0.14533844637218082,0.00033683659703557064,25,10,20
35,6500,0.8541942991449974,7.281742976290929e-06,0.14546158213012872,0.0003368369818975997,25,10,20
35,6501,0.8491395446576513,7.2970563545181375e-06,0.1504671494238633,0.0003860088621312999,25,10,20
35,6502,0.8644556217107084,7.316959635902774e-06,0.13515104687054158,0.00038601445911417664,25,10,20
35,6503,0.8641529067905224,7.322332495436292e-06,0.13545235731966287,0.0003874135573194453,25,10,20
35,6504,0.8488018350740255,7.34405680816333e-06,0.15080051281808463,0.00039030805108217296,25,10,20
35,6505,0.8540567155327012,7.329196261556685e-06,0.14559606760054122,0.00033988767049637623,25,10,20
35,6506,0.8458799932973027,7.488880305993956e-06,0.15377266256991928,0.00033985525247291163,25,10,20
35,6507,0.8463864405636662,7.4818023763516985e-06,0.15328877236698635,0.0003173052669720237,25,10,20
35,6508,0.8355423339880282,7.481920269805594e-06,0.16413329610373292,0.00031688798796987986,25,10,20
35,6509,0.8353179946599321,7.486054594513736e-06,0.1643565251794049,0.00031799410606950414,25,10,20
35,6510,0.8351914218875965,7.486056264279865e-06,0.16448309793053847,0.0003179941256015076,25,10,20
35,6511,0.8218088361957376,1.3963940247565712e-05,0.17785958509723557,0.00031761476677959525,25,10,20
35,6512,0.8216928704819892,1.3963881408309037e-05,0.17797555374575505,0.00031761189084756876,25,10,20
35,6513,0.8220363946617429,1.396401907696902e-05,0.17763201439914186,0.000317626920038331,25,10,20
35,6514,0.8223163551581362,1.3963570253892353e-05,0.17735340314951403,0.00031627812209586654,25,10,20
35,6515,0.8229830793992157,1.3966991501458306e-05,0.1766866204976314,0.00031633311165138353,25,10,20
35,6516,0.8278666674237849,1.3845439136267076e-05,0.1718361590526717,0.00028332808440664943,25,10,20
35,6517,0.8593334986797291,2.6417391924964608e-06,0.1403805723112386,0.00028328726983926065,25,10,20
35,6518,0.8453838754598284,2.6511862752909495e-06,0.15432854705826402,0.000284926295631717,25,10,20
35,6519,0.8463969039697884,2.6502525985396757e-06,0.15331560055491877,0.00028484522269380463,25,10,20
35,6520,0.8465193754669729,2.6500795262202433e-06,0.15319317823181694,0.00028479622168358694,25,10,20
35,6521,0.84079266836314,2.6502517966615e-06,0.1589198214334272,0.000284859951635675,25,10,20
35,6522,0.8317431667535576,2.6758212546444808e-06,0.16796710752686675,0.00028704989832050343,25,10,20
35,6523,0.8316643303748442,2.6761656146396626e-06,0.16804591925391218,0.0002870742056286319,25,10,20
35,6524,0.8407821492048636,2.6516864605574654e-06,0.15893213042287951,0.0002830686857958022,25,10,20
35,6525,0.8409257756631472,2.6510527117980465e-06,0.15878866818918963,0.0002829050949509086,25,10,20
35,6526,0.8468987505606868,2.650881886720668e-06,0.1528157572055645,0.00028284135186165004,25,10,20
35,6527,0.8464444737485871,2.651017590838699e-06,0.15327003229761701,0.0002828429362042076,25,10,20
35,6528,0.8556471083584508,2.472532707943839e-06,0.14406763601442815,0.00028278309441217235,25,10,20
35,6529,0.8328507776838309,2.45027721818547e-06,0.1668669339847959,0.0002798380541542482,25,10,20
35,6530,0.8238794151124584,2.5308094953322315e-06,0.17583748635023358,0.00028056772781246536,25,10,20
35,6531,0.8237997610765472,2.5316290376082576e-06,0.17591692640427825,0.00028078089013692294,25,10,20
35,6532,0.8200781382519403,2.53164640730104e-06,0.17963781687105004,0.00028151323060231475,25,10,20
35,6533,0.8198332811142645,2.5415252668754277e-06,0.17988130684893833,0.000282870511530473,25,10,20
35,6534,0.8202193545035837,2.5366043923315188e-06,0.1794966468762258,0.0002814620157982914,25,10,20
35,6535,0.855787116718594,1.0997951417283769e-06,0.14392449100488972,0.00028729248137442554,25,10,20
35,6536,0.8554658112974594,1.2124036295896564e-06,0.14424565963516203,0.00028731666374898825,25,10,20
35,6537,0.8638683300074905,1.1998212047269764e-06,0.13584480264600807,0.00028566752529628095,25,10,20
35,6538,0.8641874005814959,2.047311591299052e-06,0.13552072293145437,0.00028982917545830817,25,10,20
35,6539,0.8628553007178116,3.018153763816415e-06,0.13685168795587835,0.0002899931725461273,25,10,20
35,6540,0.8631930046979438,2.9054445118958635e-06,0.13651414688698946,0.0002899429705545672,25,10,20
35,6541,0.8632252944903667,3.1928167020871067e-06,0.13648291937507093,0.00028859331786011146,25,10,20
35,6542,0.863370135372889,2.900298238957742e-06,0.13633842096181653,0.00028854336705535046,25,10,20
35,6543,0.8634751541815129,2.900434933867279e-06,0.1362334017100056,0.00028854367354752775,25,10,20
35,6544,0.8529376367689194,3.1113219837672407e-06,0.146769741368667,0.00028951054042940466,25,10,20
35,6545,0.8586005382151742,2.900985389126338e-06,0.14113579056542966,0.0002607702340067047,25,10,20
35,6546,0.8623449934966245,2.9008803434883657e-06,0.13739207459863523,0.0002600310243965941,25,10,20
35,6547,0.864136246413673,1.929367748983025e-06,0.13560195701063463,0.00025986720794316426,25,10,20
35,6548,0.8644008766562149,1.924694542105377e-06,0.13533848748356186,0.00025871116568116547,25,10,20
35,6549,0.8644811559720733,1.924562392216157e-06,0.13526477089797107,0.00025214856756336826,25,10,20
35,6550,0.8642745649497998,1.9247680728489053e-06,0.1354713578132511,0.00025215246887637247,25,10,20
35,6551,0.8642288043774774,1.9347589487718857e-06,0.13551560504191953,0.00025365582165461277,25,10,20
35,6552,0.8641433631618439,1.9369724338552904e-06,0.1356010574021669,0.0002536424635555822,25,10,20
35,6553,0.8599943346139354,1.9369996299138313e-06,0.13975008650326876,0.00025364188316619776,25,10,20
35,6554,0.8658954924496856,1.9366572247763517e-06,0.1338489740028675,0.0002535968902224907,25,10,20
35,6555,0.8649523356865187,2.92471857232915e-06,0.13479110428668745,0.0002536353082217329,25,10,20
35,6556,0.8649255985687978,2.924717794399522e-06,0.13481784086972454,0.00025363584368339744,25,10,20
35,6557,0.8677387218422185,2.075155965752471e-06,0.13200990076905256,0.00024930223276318483,25,10,20
35,6558,0.9075136109674408,2.0746643089385336e-06,0.09223515060522057,0.0002491637630300686,25,10,20
35,6559,0.9030760570224686,2.0804387195752632e-06,0.09667210122002823,0.0002497613187837819,25,10,20
35,6560,0.8668321156288197,2.1073662555470067e-06,0.13291587893704015,0.00024989806788471155,25,10,20
35,6561,0.866598718994777,2.111067801729719e-06,0.13314921255495038,0.0002499573824707366,25,10,20
35,6562,0.8666219299046977,2.111063853309618e-06,0.1331260025836287,0.0002499564478202609,25,10,20
35,6563,0.8273199060111674,2.111192839217066e-06,0.1689520649922062,0.003725917803786752,25,10,20
35,6564,0.8272462236486323,2.104889689074736e-06,0.16902716279911673,0.0037245086625615066,25,10,20
35,6565,0.8272379144781437,2.104941076420612e-06,0.16903545926023544,0.0037245213205439544,25,10,20
35,6566,0.8275600002472865,2.1050412851233656e-06,0.1719793503451333,0.0004585443662937396,25,10,20
35,6567,0.8270374031646704,2.1053516767700925e-06,0.17250087769953837,0.0004596137841132784,25,10,20
35,6568,0.825568267898307,3.1529931063796405e-06,0.1739641498641359,0.00046442924444959504,25,10,20
35,6569,0.8638275965321087,3.15310372210159e-06,0.13591213845158281,0.00025711191258638843,25,10,20
35,6570,0.8633782009600062,3.1622232772575484e-06,0.1363617340419262,0.00025690277479036575,25,10,20
35,6571,0.8631317378993245,3.16221405602772e-06,0.13660817418319196,0.00025692570342728595,25,10,20
35,6572,0.8735077226504177,2.962923483983444e-06,0.12623057783831237,0.000258736587785841,25,10,20
35,6573,0.8742440144504329,2.962573629388124e-06,0.12549698134228016,0.0002560416336574898,25,10,20
35,6574,0.8740689176638172,2.9586635833886e-06,0.12567016359628155,0.0002579600763177309,25,10,20
35,6575,0.8692431153444428,2.1489454222300233e-06,0.13049931894062136,0.000255416769513546,25,10,20
35,6576,0.8693304242418036,2.1447176647478184e-06,0.1303351794419667,0.00033225159856476485,25,10,20
35,6577,0.8556750992301895,2.7092436551579906e-06,0.14399190673281434,0.00033028479334058997,25,10,20
35,6578,0.8693632971834775,2.148315845137806e-06,0.13030429935382107,0.000330255146856008,25,10,20
35,6579,0.8625061414458092,2.383025165062078e-06,0.13716001671514488,0.00033145881388034937,25,10,20
35,6580,0.8920931936379006,2.3561682588944908e-06,0.10757312784308694,0.0003313223507533365,25,10,20
35,6581,0.8666589615744961,2.381692177143573e-06,0.13300484894858353,0.0003338077847428033,25,10,20
35,6582,0.8666945284355658,2.3824892941476573e-06,0.13296923457872378,0.00033385449641584123,25,10,20
35,6583,0.8666945894763196,2.382462942975915e-06,0.13296917442685963,0.00033385363387754903,25,10,20
35,6584,0.8680126869688355,1.3745694317590513e-06,0.13165215500577088,0.00033378345596192765,25,10,20
35,6585,0.8525412079447608,1.3748809850927282e-06,0.1469555225845214,0.000501894589732193,25,10,20
35,6586,0.8521846702512375,1.3736674056699104e-06,0.14731199100274567,0.0005019650786110097,25,10,20
35,6587,0.8531323359646821,1.3719714306141206e-06,0.1463649083330231,0.000501383730864466,25,10,20
35,6588,0.8530939422492917,1.3665274594043671e-06,0.1464815001907845,0.00042319103246463824,25,10,20
35,6589,0.857037670856976,1.3747186489832812e-06,0.14253623792318357,0.0004247165011912967,25,10,20
35,6590,0.8589532328938391,1.3782263192829497e-06,0.1406201299223029,0.0004252589575388612,25,10,20
35,6591,0.8591708979177448,1.3744472281131703e-06,0.14040250259885861,0.00042522503616878546,25,10,20
35,6592,0.8591424753286304,1.374183338216777e-06,0.14043092760968137,0.0004252228783503325,25,10,20
35,6593,0.8395948670054929,2.457105056926363e-06,0.15997665357979443,0.00042602230965623346,25,10,20
35,6594,0.845667827055045,2.2194115167387556e-06,0.153906162438173,0.0004237910952656413,25,10,20
35,6595,0.8406223226737111,2.6097028798310585e-06,0.1589512093522733,0.000423858271136223,25,10,20
35,6596,0.8342273509301041,2.8513753722596266e-06,0.1653447258822755,0.0004250718122487369,25,10,20
35,6597,0.8340638914250804,2.84314121841903e-06,0.16550964625680295,0.0004236191768989873,25,10,20
35,6598,0.8319774410944892,2.8631362049388676e-06,0.16759600550713735,0.0004236902621691794,25,10,20
35,6599,0.8319483892456256,2.8641400430662633e-06,0.16762503364555997,0.0004237129687722491,25,10,20
35,6600,0.8317882415223,2.8669665935623283e-06,0.16778352333789046,0.00042536817321681554,25,10,20
35,6601,0.8411571048914048,2.786422221812092e-06,0.15841544652829603,0.0004246621580777803,25,10,20
35,6602,0.8427374838607917,2.7786918215711506e-06,0.15683568281097915,0.0004240546364080813,25,10,20
35,6603,0.8250341773072786,3.3767500547356336e-06,0.17453714064769255,0.0004253052949747612,25,10,20
35,6604,0.8221890632300191,4.401929219023384e-06,0.17737388113696728,0.0004326537037953706,25,10,20
35,6605,0.8216190589562352,4.411737053369621e-06,0.17794380962763642,0.0004327196790753713,25,10,20
35,6606,0.8182698803267257,4.631782054294991e-06,0.18129208682230083,0.00043340106891967263,25,10,20
35,6607,0.8182527767248449,4.631557302280474e-06,0.18130920787259697,0.0004333838452562917,25,10,20
35,6608,0.7907790208236601,4.479881698557853e-06,0.20878431487217194,0.0004321844224696487,25,10,20
35,6609,0.7906029256739785,4.480004480535292e-06,0.2089595193259091,0.00043307499563206587,25,10,20
35,6610,0.7744591490652794,4.480245775860966e-06,0.2251033138462093,0.0004330568427358883,25,10,20
35,6611,0.7741643510620677,4.480332710297595e-06,0.22539806223523418,0.0004331063699878491,25,10,20
35,6612,0.7804384396144719,4.480291386154421e-06,0.2191239714997955,0.0004331085943468455,25,10,20
35,6613,0.8186848585177323,3.9111443984783975e-06,0.18107236534491344,0.00023886499295596076,25,10,20
35,6614,0.8232606141021792,3.521840824772842e-06,0.17649689172250366,0.00023897233449234474,25,10,20
35,6615,0.8258000672152594,3.496819411415381e-06,0.17395687088796333,0.0002395650773652137,25,10,20
35,6616,0.8153290498755787,3.2625818035724876e-06,0.18442623354133061,0.00024145400128731536,25,10,20
35,6617,0.8151477038807481,3.2668316241956262e-06,0.18460749306415444,0.00024153622347348403,25,10,20
35,6618,0.8121708633210774,3.2738888625939947e-06,0.1875837443408304,0.00024211844922935496,25,10,20
35,6619,0.8293370742725908,3.2618259843904535e-06,0.17042071276949167,0.00023895113193349638,25,10,20
35,6620,0.8292804042501127,3.274017075995708e-06,0.1704747461783446,0.00024157555446688547,25,10,20
35,6621,0.8308292557953411,4.656267697110858e-06,0.16892151153490859,0.00024457640205349107,25,10,20
35,6622,0.8307517759992018,4.655262074879959e-06,0.16899901227783318,0.00024455646089056887,25,10,20
35,6623,0.8267166588775797,4.645154414228257e-06,0.17221266372831154,0.001066032239694929,25,10,20
35,6624,0.8410014423346992,4.466482235254199e-06,0.1579756440925005,0.0010184470905655267,25,10,20
35,6625,0.8397281085097354,4.496662468974374e-06,0.15924551798157802,0.0010218768462180957,25,10,20
35,6626,0.8429438257948838,4.277067581052102e-06,0.15603061879754543,0.0010212783399902896,25,10,20
35,6627,0.839629784028544,4.27698397433216e-06,0.15934468854674802,0.001021250440734291,25,10,20
35,6628,0.8194911145857883,3.1943214196896194e-06,0.17948525678300598,0.0010204343097863745,25,10,20
35,6629,0.836682128351487,3.210275062530773e-06,0.16229197614153487,0.001022685231916096,25,10,20
35,6630,0.8371480365979578,3.2101840025197025e-06,0.16182606493752846,0.0010226882805117422,25,10,20
35,6631,0.866043166459334,1.802284764727849e-06,0.13293882820611097,0.0010162030497909136,25,10,20
35,6632,0.8602712038290751,1.8023007734641538e-06,0.13870958841518513,0.0010174054549667176,25,10,20
35,6633,0.8769897736876631,1.8018697676856856e-06,0.12199107696427407,0.0010173474782954233,25,10,20
35,6634,0.8771803316018811,1.8015217129979645e-06,0.12180060051935042,0.0010172663570557107,25,10,20
35,6635,0.877258060332213,1.8018409053146875e-06,0.12171763164921129,0.0010225061776707365,25,10,20
35,6636,0.8801460084697923,8.926368419433157e-06,0.11882356954190162,0.001021495619886853,25,10,20
35,6637,0.8796141479158287,8.936423726060499e-06,0.11935273184900007,0.0010241838114456044,25,10,20
35,6638,0.8696717408657362,8.940046229029643e-06,0.12768769339023764,0.002631625697797105,25,10,20
35,6639,0.858395378212246,8.942723820613945e-06,0.13896331216455546,0.002632366899378331,25,10,20
35,6640,0.881154181414672,1.9328242379188428e-05,0.11619326328555067,0.002633227057398046,25,10,20
35,6641,0.8813519790739379,1.9321875246583838e-05,0.11599553355799182,0.002633165492823836,25,10,20
35,6642,0.8806441033729193,1.932146114092466e-05,0.11687253477398206,0.0024640403919577313,25,10,20
35,6643,0.8866503608498523,1.9321453966717645e-05,0.11086750329795769,0.0024628143982232853,25,10,20
35,6644,0.8901238150895214,2.037783030159592e-05,0.10739050969860355,0.0024652973815734213,25,10,20
35,6645,0.9023997539904327,2.0368864330835168e-05,0.09511679959846724,0.0024630775467694987,25,10,20
35,6646,0.9034869843920815,2.033888156140846e-05,0.09403300558280119,0.0024596711435561974,25,10,20
35,6647,0.9070785794270354,2.033888894664963e-05,0.09044143061455893,0.002459651069459189,25,10,20
35,6648,0.907122890573933,2.0338691861671544e-05,0.09039716584887617,0.0024596048853292862,25,10,20
35,6649,0.9173596651428229,2.0331205844812484e-05,0.08016043310227863,0.002459570549053577,25,10,20
35,6650,0.9169504862554908,2.0335241822181045e-05,0.08056856071665085,0.0024606177860361073,25,10,20
35,6651,0.9175728379157831,2.0330617099581304e-05,0.07994890085388937,0.0024579306132274555,25,10,20
35,6652,0.9210662050933415,1.929361332849291e-05,0.07646676397780217,0.002447737315527389,25,10,20
35,6653,0.9268328133146184,1.929379466722801e-05,0.07070013108596619,0.0024477618047475873,25,10,20
35,6654,0.9182745150433169,1.9297007009490243e-05,0.07925843521690341,0.0024477527327699043,25,10,20
35,6655,0.9183458182118127,1.9292195272612568e-05,0.07918780215017332,0.002447087442741013,25,10,20
35,6656,0.9183464589612765,1.9291987308107637e-05,0.07918716876999934,0.002447080281415677,25,10,20
35,6657,0.9109328435682498,1.936665582737054e-05,0.08658095204706996,0.0024668377288531414,25,10,20
35,6658,0.9090525487668912,1.9366687937022625e-05,0.08846123522274267,0.0024668493224291564,25,10,20
35,6659,0.9205384206688946,8.898330326296242e-06,0.07698669382752175,0.0024659871732570678,25,10,20
35,6660,0.9353135455990211,1.173190285265132e-06,0.06222120894823737,0.0024640722624557623,25,10,20
35,6661,0.9438435272877055,1.1699944127934476e-06,0.05369124220955829,0.002464060508322916,25,10,20
35,6662,0.9433173005495664,1.1703374923949716e-06,0.054217422541621915,0.002464106571318941,25,10,20
35,6663,0.9369972405419722,1.6647862831715405e-06,0.060537006454756445,0.002464088216987972,25,10,20
35,6664,0.9407362167605515,1.5903217695623337e-06,0.05681746840492564,0.0024447245127531504,25,10,20
35,6665,0.9394017074424981,1.603723705347619e-06,0.05814837009800995,0.0024483187357865486,25,10,20
35,6666,0.9395536269247587,1.603697611438101e-06,0.05799645439980628,0.0024483149778234477,25,10,20
35,6667,0.9395958104456302,1.6035231842843496e-06,0.05795420510003688,0.0024483809311484613,25,10,20
35,6668,0.939571715517169,1.6036351080173937e-06,0.05797829743330893,0.0024483834144139374,25,10,20
35,6669,0.943489532127728,1.5955957413798972e-06,0.05406124525215548,0.002447627024374918,25,10,20
35,6670,0.9550589756521355,1.5925673964948766e-06,0.04249263115111138,0.0024468006293566044,25,10,20
35,6671,0.9568813181810257,1.5924610940548089e-06,0.040670297386536575,0.0024467919713435085,25,10,20
35,6672,0.9574050523349126,1.5884425365551448e-06,0.04014761482076681,0.002445744401783995,25,10,20
35,6673,0.9570982645508811,1.5919653036787302e-06,0.04045356272309411,0.002446580760721133,25,10,20
35,6674,0.9572399971584172,1.5919684367341415e-06,0.04031182973381885,0.0024465811393270397,25,10,20
35,6675,0.9562759899023664,1.6394292954261277e-06,0.04127654516570039,0.0024458255026376906,25,10,20
35,6676,0.955269005578652,1.659486548065306e-06,0.042283508072888276,0.0024458268619115637,25,10,20
35,6677,0.9551450048904568,1.6595842741585318e-06,0.04240750818965917,0.002445827335609759,25,10,20
35,6678,0.954940418346893,1.6600207959861337e-06,0.04261202143868393,0.00244590019362701,25,10,20
35,6679,0.955911383805628,1.6090399527038692e-06,0.04164118724920789,0.0024458199052113014,25,10,20
35,6680,0.9663713769411173,5.549473633555383e-07,0.03117017654310296,0.0024578915684164856,25,10,20
35,6681,0.9662239536816191,5.549155450974196e-07,0.03131502972490234,0.002460461677933793,25,10,20
35,6682,0.9701308736188043,5.547927511847712e-07,0.02740939073237019,0.002459180856074539,25,10,20
35,6683,0.96414490074959,5.547791481236449e-07,0.033395363752328946,0.002459180718933177,25,10,20
35,6684,0.9646660907670568,5.545528304668047e-07,0.03287417726544262,0.002459177414670444,25,10,20
35,6685,0.9536667680112874,5.591533638866867e-07,0.043761829613893896,0.002570843221455407,25,10,20
35,6686,0.9176237985986071,2.10587865230574e-06,0.07981048504386933,0.002563610478871454,25,10,20
35,6687,0.9175662992205793,2.105674664228157e-06,0.07986798809064793,0.0025636070141089535,25,10,20
35,6688,0.9237083118587757,2.229377587174837e-06,0.07533269220867637,0.000956766554961306,25,10,20
35,6689,0.9237792675805173,2.2295638745376493e-06,0.07526171100048308,0.0009567918551255691,25,10,20
35,6690,0.9238554161517911,2.2294337425511516e-06,0.0751855609373648,0.0009567934771020145,25,10,20
35,6691,0.9341229919067534,2.2153971194600264e-06,0.06502951528392088,0.0008452774122064538,25,10,20
35,6692,0.9336079346249214,2.225755217860536e-06,0.06554456231671353,0.000845277303147397,25,10,20
35,6693,0.9318133849870791,2.263305881673e-06,0.06732897600303317,0.000855375704006235,25,10,20
35,6694,0.9254477444879974,2.5038129778008015e-06,0.07369440191218792,0.0008553497868370854,25,10,20
35,6695,0.9202834475696601,2.482851559023388e-06,0.0788575707688429,0.0008564988099385276,25,10,20
35,6696,0.9239108755924742,2.4861814573321974e-06,0.07605419258364571,3.2445642423076275e-05,25,10,20
35,6697,0.9144403398311155,2.4626827062406767e-06,0.0855347928198009,2.2404666377802515e-05,25,10,20
35,6698,0.9140901973013668,2.4697550317263554e-06,0.08588485898773868,2.2473955863138214e-05,25,10,20
35,6699,0.9199548435008399,2.4748840423485927e-06,0.08002020755892296,2.2474056195181238e-05,25,10,20
35,6700,0.9197302976765644,2.490139444140204e-06,0.08024296555709308,2.4246626898929904e-05,25,10,20
35,6701,0.9192287924253297,2.4901479481016634e-06,0.08074446946123967,2.4247965483126024e-05,25,10,20
35,6702,0.9195205273262198,2.474882398340406e-06,0.08045452244240396,2.2475348978496868e-05,25,10,20
35,6703,0.9197838763449165,2.4678757198672506e-06,0.08019125107772547,2.2404701638877035e-05,25,10,20
35,6704,0.9144352367667034,1.354797218302551e-05,0.08552883564378887,2.2379617325371035e-05,25,10,20
35,6705,0.9146734482454301,1.354283791255616e-05,0.08529067737969843,2.2331536959585143e-05,25,10,20
35,6706,0.9148638230722612,1.3542623189880439e-05,0.0851028779657958,1.9756338753937125e-05,25,10,20
35,6707,0.9147298077299665,1.3547869568522901e-05,0.08523686304120784,1.978135925814887e-05,25,10,20
35,6708,0.9102586791013129,1.3554243791138194e-05,0.08970810743484464,1.9659220051961535e-05,25,10,20
35,6709,0.9105232549168332,7.10269983518603e-06,0.08940666940690538,6.29729764267892e-05,25,10,20
35,6710,0.911849844405897,5.807610874335032e-06,0.0881074225218606,3.692546136899677e-05,25,10,20
35,6711,0.9118209628489359,5.807570160400066e-06,0.0880353099129834,0.0001379196679212953,25,10,20
35,6712,0.907146092702718,1.1276822084235953e-05,0.0927040606690081,0.0001385698061902849,25,10,20
35,6713,0.9137080298938167,1.0782201975402182e-05,0.08614382442178885,0.00013736348241945502,25,10,20
35,6714,0.9054396937384648,1.078817659947814e-05,0.09441162111679362,0.00013789696814183036,25,10,20
35,6715,0.8705175478884142,7.5117805826185e-06,0.12935421839496355,0.00012072193603986,25,10,20
35,6716,0.8709734959279091,7.511779373466774e-06,0.12889826987500183,0.00012072241771593376,25,10,20
35,6717,0.8702506973464585,7.511773959898549e-06,0.12962106984693056,0.00012072103265127185,25,10,20
35,6718,0.8699623113453712,7.511779003245884e-06,0.12990945612127905,0.00012072075434707922,25,10,20
35,6719,0.8519558417242021,7.67272299538165e-06,0.14791347864684445,0.00012300690595829736,25,10,20
35,6720,0.8517164634628998,7.67263791384625e-06,0.14815285781758972,0.00012300608159675086,25,10,20
35,6721,0.8419964786402386,7.67228882503575e-06,0.15787808336696277,0.00011776570397369913,25,10,20
35,6722,0.8527524862708976,8.04881609239607e-06,0.14707389288752354,0.00016557202548629898,25,10,20
35,6723,0.8467190596506897,8.044328894515055e-06,0.15304325264525984,0.00022964337515570397,25,10,20
35,6724,0.840347978580588,8.053762668907724e-06,0.15939223397312166,0.00025173368362151874,25,10,20
35,6725,0.8140475400058683,8.0797404238811e-06,0.1856925181230638,0.000251862130643864,25,10,20
35,6726,0.8524225845079065,8.022579186459935e-06,0.14731766919595668,0.0002517237169497341,25,10,20
35,6727,0.8521771210186272,8.373626384843861e-06,0.14756167589571753,0.0002528294592697933,25,10,20
35,6728,0.8518501320355085,8.374516609878863e-06,0.1478842506366793,0.0002572428112015503,25,10,20
35,6729,0.8743504725237327,6.825359849407709e-06,0.12539277763636833,0.00024992448004941987,25,10,20
35,6730,0.8800344406430094,6.818444680391712e-06,0.1197089158757739,0.00024982503653617433,25,10,20
35,6731,0.8859660090047795,6.577972058494488e-06,0.11377757175975431,0.00024984126340795083,25,10,20
35,6732,0.8893617373325075,6.469554768232414e-06,0.11038236111083873,0.00024943200188597034,25,10,20
35,6733,0.8835711727897138,6.469568264798183e-06,0.11617290350487884,0.00024945413714304765,25,10,20
35,6734,0.8678843462739418,6.4945905376015e-06,0.13185957529544887,0.0002495838400719555,25,10,20
35,6735,0.867919898746711,6.494489174621391e-06,0.13182402425723094,0.00024958250688381404,25,10,20
35,6736,0.8685324159064894,6.509398409344916e-06,0.1312101879142303,0.0002508867808708123,25,10,20
35,6737,0.8482631803672877,6.964374507900186e-06,0.14425015599603408,0.007479699262170078,25,10,20
35,6738,0.8482800072070207,6.964030265833122e-06,0.14423332776227327,0.007479701000439975,25,10,20
35,6739,0.8484442929950631,6.969922806053796e-06,0.14406846866932807,0.007480268412802551,25,10,20
35,6740,0.815458227921239,6.970309421186685e-06,0.17689019235357922,0.007644609415761612,25,10,20
35,6741,0.8011463257895021,6.9889545261844464e-06,0.1839428876654451,0.01490379759052739,25,10,20
35,6742,0.7959208427945944,6.975709388946534e-06,0.18910879885503382,0.014963382640983321,25,10,20
35,6743,0.7949605207811876,6.9706830510122825e-06,0.19009119586897102,0.014941312666790876,25,10,20
35,6744,0.7887851208169698,7.330208184101921e-06,0.19626622022990556,0.014941328744940101,25,10,20
35,6745,0.7949259245713972,7.3263013370939645e-06,0.19012643949787875,0.01494030962938675,25,10,20
35,6746,0.7953909870697176,7.3262796009413765e-06,0.1896613805094022,0.014940306141279081,25,10,20
35,6747,0.793117730406561,7.542575295756683e-06,0.19193384881221273,0.014940878205930002,25,10,20
35,6748,0.7576831504948472,7.543749537586678e-06,0.2273546861192445,0.014954619636370037,25,10,20
35,6749,0.7625664619885765,7.180959896278828e-06,0.22218619575057136,0.01524016130095522,25,10,20
35,6750,0.7770335300080188,7.162660726923383e-06,0.2149780506930185,0.007981256638235002,25,10,20
35,6751,0.7894883294011718,0.00029168319926582015,0.20225212408629115,0.007967863313270674,25,10,20
35,6752,0.7918536971463648,0.0002914671199313355,0.19988751026358156,0.007967325470121883,25,10,20
35,6753,0.8034079391085612,0.0002914531396069222,0.18833333118983667,0.007967276561995008,25,10,20
35,6754,0.810673978187228,0.0002914487398752615,0.18106731482970087,0.007967258243195656,25,10,20
35,6755,0.8177235153552602,0.00029091144215412373,0.17406707898477083,0.007918494217814575,25,10,20
35,6756,0.8237706785770278,0.0002909107774613223,0.1680840119467855,0.007854398698725264,25,10,20
35,6757,0.8237791510822946,0.0002909109813160229,0.16807553584856139,0.007854402087827976,25,10,20
35,6758,0.8198311689405249,0.00029105802111066374,0.17202441519056064,0.007853357847803787,25,10,20
35,6759,0.8198276139704542,0.0002910580784655208,0.17202795488333902,0.007853373067741178,25,10,20
35,6760,0.8356276640056796,0.00029103316248111586,0.15622805766119743,0.007853245170641641,25,10,20
35,6761,0.8254315270917314,0.0002912491445699845,0.16642292983936774,0.007854293924330015,25,10,20
35,6762,0.8314200000502943,0.0002914887077688439,0.16043415240163278,0.007854358840303199,25,10,20
35,6763,0.831522314156956,0.0002914885626267681,0.16033319195500975,0.0078530053254064,25,10,20
35,6764,0.831076432831458,0.00029168866411160617,0.16077782803615492,0.007854050468274225,25,10,20
35,6765,0.8294377691286483,0.0002916627156072656,0.16241664028647482,0.007853927869268734,25,10,20
35,6766,0.8178344729382293,0.000302551192133448,0.17395741574396112,0.007905560125674824,25,10,20
35,6767,0.8223874402706985,0.0003020425706380359,0.1694050397317029,0.00790547742695923,25,10,20
35,6768,0.8227122470316296,0.00030184679771278774,0.16908143525330444,0.007904470917351794,25,10,20
35,6769,0.8224675649880656,0.0003018423641633272,0.1693261630236063,0.007904429624163366,25,10,20
35,6770,0.8283805721118768,0.0003018423569273396,0.16341317761720794,0.007904407913987183,25,10,20
35,6771,0.8399397545718351,0.00029109985830550286,0.15191567979081874,0.007853465779040666,25,10,20
35,6772,0.8356207683177759,0.0002913048094705729,0.15651906349586722,0.007568863376885959,25,10,20
35,6773,0.8247469995135218,0.00029168367536659624,0.16735790898890052,0.007603407822210004,25,10,20
35,6774,0.824821333270753,0.0002916836595021436,0.1672835781780901,0.007603404891653875,25,10,20
35,6775,0.8387932907244159,0.0002917120664853876,0.15309387196046606,0.007821125248632727,25,10,20
35,6776,0.8445306749808781,0.00029150544330730515,0.14735764717353395,0.007820172402280449,25,10,20
35,6777,0.8447073304357935,0.00029150553730526523,0.1471796015285429,0.007821562498357979,25,10,20
35,6778,0.8441689828509604,0.00029150839915718067,0.14771791769905304,0.00782159105082915,25,10,20
35,6779,0.8258896676025935,0.00029555709840567326,0.16597489153875003,0.007839883760250046,25,10,20
35,6780,0.8339844010560838,0.00029555542675468007,0.15788090710631647,0.007839136410844912,25,10,20
35,6781,0.8555187582463045,0.000295071817669849,0.14358078727567494,0.0006053826603505934,25,10,20
35,6782,0.8507593677152928,0.0002952360973412552,0.1482552447213259,0.000690151466039931,25,10,20
35,6783,0.8420615009012216,0.0002952424620283873,0.1569530897745896,0.000690166862160134,25,10,20
35,6784,0.846689502063026,0.00028977657512873045,0.15233127054593873,0.0006894508159062607,25,10,20
35,6785,0.8569001808705903,0.00028953714103782896,0.1421195790433319,0.0006907029450398058,25,10,20
35,6786,0.8412167900582219,0.000289542898458883,0.15521608172717583,0.0032775853161427925,25,10,20
35,6787,0.8406232463316098,0.0002895618046251242,0.15580951641193994,0.0032776754518245754,25,10,20
35,6788,0.8493134236675358,0.00028934653043489556,0.14712059620323645,0.003276633598792169,25,10,20
35,6789,0.8133808027936443,0.0002893440979013789,0.18305309551279791,0.0032767575956558948,25,10,20
35,6790,0.8136683519861257,0.0002891982011441799,0.18276638275344378,0.003276067059285893,25,10,20
35,6791,0.8467477608843081,0.00028919781308637166,0.14985131526152265,0.003111726041082825,25,10,20
35,6792,0.8563319715827425,0.0002888188781831589,0.14029653365922254,0.003082675879851729,25,10,20
35,6793,0.8518962059022627,0.0002888190692839998,0.1447322653176308,0.0030827097108224403,25,10,20
35,6794,0.8523180466729855,0.00028881289345523015,0.14431101464448692,0.003082125789072786,25,10,20
35,6795,0.8634752594206675,1.5881622013270273e-05,0.13337289533285296,0.003135963624466078,25,10,20
35,6796,0.8644871883927305,1.5881279969134355e-05,0.13236097221649085,0.0031359581108092436,25,10,20
35,6797,0.8714317574778664,4.2903887257245e-06,0.1254822966209089,0.003081655512498816,25,10,20
35,6798,0.8951329276037593,4.261964514361307e-06,0.10199888103589601,0.0028639293958304555,25,10,20
35,6799,0.8945945883992691,4.279153052742542e-06,0.10253705677975526,0.0028640756679231385,25,10,20
35,6800,0.8910262237389439,4.442067550829487e-06,0.10598001388800896,0.0029893203054963944,25,10,20
35,6801,0.8908861662593397,4.442062150210995e-06,0.1061200741875921,0.0029893174909182735,25,10,20
35,6802,0.8911821113014586,4.4420462402816105e-06,0.10582413127814236,0.0029893153741588807,25,10,20
35,6803,0.9270104972225559,4.441100036116192e-06,0.06999587170107593,0.002989189976331334,25,10,20
35,6804,0.9317778711163078,4.280303324272661e-06,0.0653593729943676,0.0028584755859997067,25,10,20
35,6805,0.936375377322335,4.280113568292049e-06,0.06076190432126346,0.002858438242832587,25,10,20
35,6806,0.9314523197646674,4.4678519040271305e-06,0.06568299234703598,0.0028602200363921295,25,10,20
35,6807,0.9326335408080133,4.472163121247395e-06,0.06450177376177807,0.002860213267086685,25,10,20
35,6808,0.9328611015321242,4.45498640640138e-06,0.06427420445991283,0.002860239021555971,25,10,20
35,6809,0.9476575968372769,4.449422165316003e-06,0.0519116814822312,0.00042627225832585143,25,10,20
35,6810,0.9474476894297045,4.44947946446596e-06,0.052222440896681474,0.0003254201941492117,25,10,20
35,6811,0.947292150678104,4.452217182902829e-06,0.0523775984939475,0.00032579861076522136,25,10,20
35,6812,0.9168598710512978,4.447314759891388e-06,0.08286968538226092,0.0002659962516815457,25,10,20
35,6813,0.9167286885458543,4.451994466013472e-06,0.08300081379433605,0.0002660456653438582,25,10,20
35,6814,0.9166598368543621,4.451907171028511e-06,0.08306966522908958,0.00026604600937743636,25,10,20
35,6815,0.9164762551569002,4.451907599552221e-06,0.08325341726417337,0.00026587567132709835,25,10,20
35,6816,0.9246520174925137,4.445820437637511e-06,0.07507760350653742,0.00026593318051100284,25,10,20
35,6817,0.9246408492272238,4.445846983730429e-06,0.07508876794666301,0.0002659369791293898,25,10,20
35,6818,0.9246181409099538,4.446227700763548e-06,0.07511013304329409,0.0002672798190512484,25,10,20
35,6819,0.9244212827587607,4.449611063544573e-06,0.0753069076735507,0.0002673599566246991,25,10,20
35,6820,0.9236091698826688,4.449613344290329e-06,0.07611901873575545,0.0002673617682311165,25,10,20
35,6821,0.9281254375324564,4.2929950613210424e-06,0.0716872136364754,0.0001830558360065526,25,10,20
35,6822,0.928344578667766,4.292810641987717e-06,0.07146946283423489,0.00018166568735658833,25,10,20
35,6823,0.9207751535392131,4.308746111215706e-06,0.07903883846852668,0.0001816992461484761,25,10,20
35,6824,0.9214595503825348,4.309206699804619e-06,0.07835441278048379,0.00018172763028135016,25,10,20
35,6825,0.9207690947506549,5.704141230913413e-06,0.0791976411894436,2.7559918670491667e-05,25,10,20
35,6826,0.9048351139321809,5.714920675850278e-06,0.09513603323316154,2.3137913982061407e-05,25,10,20
35,6827,0.9116004450563855,5.71206842208611e-06,0.08837064393545624,2.3198939736305645e-05,25,10,20
35,6828,0.8978695037770217,6.273076365914462e-06,0.10210095537496863,2.326777164336975e-05,25,10,20
35,6829,0.8866063328270779,6.275783693206806e-06,0.11336323096308387,2.4160426144963913e-05,25,10,20
35,6830,0.8866213897602475,6.275779430188357e-06,0.1133481743829478,2.4160077374475783e-05,25,10,20
35,6831,0.8768544389032779,6.282336985768638e-06,0.11996961175452968,0.003169667005206536,25,10,20
35,6832,0.8739300904242205,6.269325910096294e-06,0.12289404724461135,0.00316959300525786,25,10,20
35,6833,0.8734339829452843,6.269326126409539e-06,0.12339015472209355,0.0031695930064955715,25,10,20
35,6834,0.8705150523969403,6.27751276640291e-06,0.12630792471984548,0.003170745370448161,25,10,20
35,6835,0.8884549928765609,2.2286914662032906e-06,0.10839033115050689,0.0031524472814662184,25,10,20
35,6836,0.8886530827133856,2.2287389600078124e-06,0.10819221734902003,0.0031524711986344917,25,10,20
35,6837,0.8951479269316333,2.2199255170713107e-06,0.1016985196377575,0.0031513335050923526,25,10,20
35,6838,0.8942395621695749,2.220891140243039e-06,0.10260679331326716,0.0031514236260178825,25,10,20
35,6839,0.8694118137482864,2.2333116518877505e-06,0.12743449927544806,0.0031514536646138486,25,10,20
35,6840,0.8681545862707609,2.2288086263317653e-06,0.12869218564226204,0.003150999278350653,25,10,20
35,6841,0.8610649728456107,1.1593887205034718e-05,0.13572927330601167,0.0031941599611726777,25,10,20
35,6842,0.8607652488012968,1.1593511922684259e-05,0.1360303368782131,0.0031928208085676203,25,10,20
35,6843,0.8763809190378683,1.1611344633326559e-05,0.1204146765806225,0.0031927930368761564,25,10,20
35,6844,0.8759610884137972,1.2435437044874871e-05,0.12082960084154384,0.0031968753076143663,25,10,20
35,6845,0.8640520798635756,1.2439710177914232e-05,0.13273752042074852,0.003197960005497995,25,10,20
35,6846,0.8643013140053116,1.243489729782226e-05,0.13248832945696248,0.0031979216404280004,25,10,20
35,6847,0.8639587984916723,1.2748702011920006e-05,0.13282916255752897,0.00319929024878683,25,10,20
35,6848,0.8581311988296294,1.2719370594509849e-05,0.13865674091204921,0.0031993408877268687,25,10,20
35,6849,0.855243302743187,1.5191760635178236e-05,0.14153007441694165,0.003211431079236017,25,10,20
35,6850,0.8560819499979262,1.4368453179393551e-05,0.14069632982424563,0.0032073517246487843,25,10,20
35,6851,0.856342497081625,1.4368480253859815e-05,0.140435814743815,0.003207319694306059,25,10,20
35,6852,0.8726847432414725,1.436754430907897e-05,0.12409362584607019,0.003207263368147994,25,10,20
35,6853,0.8675580848964372,1.4374737946954432e-05,0.12922025987577979,0.00320728048983592,25,10,20
35,6854,0.8674670734836327,1.4372092004491962e-05,0.1293116491825272,0.003206905241835114,25,10,20
35,6855,0.8673432668686981,1.4372171560409756e-05,0.12943545867420433,0.003206902285536604,25,10,20
35,6856,0.8769505440917689,1.43610472096168e-05,0.12297242039443343,6.267446658770851e-05,25,10,20
35,6857,0.8770070785423383,1.43609521843312e-05,0.12291588840341483,6.267210206223316e-05,25,10,20
35,6858,0.9132094317891828,1.436000765711194e-05,0.08671353675256886,6.267145059062748e-05,25,10,20
35,6859,0.9003411470476139,1.4789677238384615e-05,0.09958309116522558,6.0972109921585673e-05,25,10,20
35,6860,0.9003465498662672,1.4789618920928036e-05,0.09957770213321039,6.0958381600967095e-05,25,10,20
35,6861,0.9003466880129872,1.478962069158286e-05,0.09957756440078565,6.0957965535389054e-05,25,10,20
35,6862,0.900863637497509,1.4789348041790732e-05,0.09906068766863488,6.0885485814285736e-05,25,10,20
35,6863,0.8994617252153483,1.4789097939980641e-05,0.10046397022025368,5.95154664580077e-05,25,10,20
35,6864,0.9128672836413146,1.4225421265302191e-05,0.08705231910163339,6.617183578664016e-05,25,10,20
35,6865,0.9246214217376563,1.4222529561324024e-05,0.07529907745458216,6.527827820019299e-05,25,10,20
35,6866,0.9248075038466286,1.4222541129029034e-05,0.07511299480223428,6.527881000817237e-05,25,10,20
35,6867,0.9246983742548062,1.4232126305494233e-05,0.07521955688725633,6.783673163214845e-05,25,10,20
35,6868,0.9256784575752107,1.4247373103607023e-05,0.07423935439959103,6.794065209481475e-05,25,10,20
35,6869,0.9256773610880455,1.4247275148225206e-05,0.07424045313606509,6.793850074119e-05,25,10,20
35,6870,0.9251562623103561,1.4247647204206524e-05,0.0747614795450502,6.80104973894794e-05,25,10,20
35,6871,0.9282315490222562,1.1775045895184192e-05,0.07170078773498763,5.588819686075426e-05,25,10,20
35,6872,0.9222246245776309,1.1774331549474677e-05,0.07770771848932104,5.5882601498603426e-05,25,10,20
35,6873,0.9061558482554061,1.1774751824277108e-05,0.09377649169985627,5.588529291348344e-05,25,10,20
35,6874,0.9056886497636601,1.1774817432205303e-05,0.09424367329705476,5.590212185311564e-05,25,10,20
35,6875,0.9055470363981474,1.1774908702425489e-05,0.09438526045153393,5.592824161634962e-05,25,10,20
35,6876,0.8995724935215381,1.1775393668625672e-05,0.10035966887485955,5.606220993377983e-05,25,10,20
35,6877,0.9045871791138351,1.1770923055847607e-05,0.0953449930594638,5.605690364534158e-05,25,10,20
35,6878,0.9050638730471274,1.1770853326116357e-05,0.094868316808723,5.603929082357498e-05,25,10,20
35,6879,0.9004050908304185,1.1768335976901519e-05,0.09952709224800568,5.604858559898282e-05,25,10,20
35,6880,0.9031090160998538,1.1769074590579061e-05,0.09682260336349105,5.661146206464588e-05,25,10,20
35,6881,0.9016588083531124,1.1769514574625747e-05,0.09827138041204643,5.8041720266637595e-05,25,10,20
35,6882,0.9018693113794355,1.174653294211991e-05,0.09806227292529926,5.6669162323148496e-05,25,10,20
35,6883,0.8724393978893016,1.0396098130080965e-05,0.1271568353939809,0.00039337061858759953,25,10,20
35,6884,0.8724359085862625,1.0396089823680873e-05,0.12716032357014145,0.00039337175377261355,25,10,20
35,6885,0.8899757829517858,9.776907335005444e-06,0.10962109095394613,0.0003933491869333092,25,10,20
35,6886,0.8897701420161781,9.486466911214616e-06,0.10982696870165214,0.0003934028152592451,25,10,20
35,6887,0.9035309599458295,9.486242588447057e-06,0.09606608950345605,0.0003934643081262993,25,10,20
35,6888,0.8938366008705372,9.809047665964057e-06,0.10575971531906248,0.00039387476273503236,25,10,20
35,6889,0.8592418422612912,9.812244579757185e-06,0.14034799220573915,0.00040035328839030826,25,10,20
35,6890,0.8342407223999221,1.017693065256292e-05,0.16534542665869775,0.00040367401072901357,25,10,20
35,6891,0.8346565326209432,1.0176183738434426e-05,0.16492969475189243,0.0004035964434274118,25,10,20
35,6892,0.833795689678757,1.0185992979195347e-05,0.16578787783675836,0.0004062464915070453,25,10,20
35,6893,0.8332247041853706,1.019769183577486e-05,0.16635879714581145,0.00040630097698402,25,10,20
35,6894,0.8434382186096363,9.87452305157206e-06,0.1561460628523766,0.0004058440149368547,25,10,20
35,6895,0.8439522215498553,9.883928816452107e-06,0.1556387053534908,0.000399189167838755,25,10,20
35,6896,0.8382577840125722,9.883880112089714e-06,0.16126664727109172,0.0004656848362258756,25,10,20
35,6897,0.8339024626102062,9.877358058995392e-06,0.16562366687079574,0.00046399316094099024,25,10,20
35,6898,0.8283844953941677,9.863392090187605e-06,0.17114532798063933,0.0004603132331047444,25,10,20
35,6899,0.8030808480401754,4.996406573953904e-07,0.19649410538990333,0.0004245469292634461,25,10,20
35,6900,0.814556942840903,4.992986617899973e-07,0.18501813086415114,0.0004244269962836462,25,10,20
35,6901,0.8159464645972767,5.000011413722177e-07,0.18363003213449283,0.0004230032670894842,25,10,20
35,6902,0.810543548092959,4.6253663412540485e-07,0.18316672054142713,0.006289268828978615,25,10,20
35,6903,0.8264946787607385,4.511950531988135e-07,0.16721541440881432,0.006289455635392929,25,10,20
35,6904,0.8522357622238128,8.756327957292624e-08,0.14147227969913445,0.006291870513773691,25,10,20
35,6905,0.8520668478708638,9.165356383684984e-08,0.1416405285974309,0.006292531878141481,25,10,20
35,6906,0.8459860595106388,1.0664036181855158e-05,0.1476602999796735,0.0063429764735061225,25,10,20
35,6907,0.8460954037114286,1.0664432686706465e-05,0.14755051620677043,0.006343415649114067,25,10,20
35,6908,0.8459717308573395,1.0664429404581557e-05,0.1476741878388347,0.006343416874421033,25,10,20
35,6909,0.8458554722034185,1.0664432590014833e-05,0.14779044647160172,0.0063434168923891575,25,10,20
35,6910,0.8417013511491569,1.0647897552564319e-05,0.15194423600582874,0.006343764947461561,25,10,20
35,6911,0.8410811097049391,1.064817750408689e-05,0.1524876473741562,0.006420594743400466,25,10,20
35,6912,0.8408680271153796,1.0647309703893158e-05,0.15269983274784946,0.006421492827066861,25,10,20
35,6913,0.8386801821856941,1.0732041483256476e-05,0.1548871717521374,0.0064219140206852,25,10,20
35,6914,0.8390030833093916,1.0724257861053005e-05,0.15456491598732197,0.006421276445425391,25,10,20
35,6915,0.8390962638769182,1.0713289938368235e-05,0.15447163835047448,0.006421384482668696,25,10,20
35,6916,0.8411840430417308,1.0632070675558632e-05,0.15238437751173076,0.006420947375862491,25,10,20
35,6917,0.8359689448664185,1.0639449653436751e-05,0.15759742762501164,0.006422988058916298,25,10,20
35,6918,0.8363667583092845,1.0644518494425271e-05,0.15719962285568864,0.0064229743165321995,25,10,20
35,6919,0.8356029922261495,1.0645497582359163e-05,0.15796332411905417,0.00642303815721371,25,10,20
35,6920,0.8406999611401171,7.304592643718658e-08,0.15292727869610945,0.006372687117846764,25,10,20
35,6921,0.8377334072112856,7.588122784150033e-08,0.1558226559892795,0.006443860918206832,25,10,20
35,6922,0.8674433398965575,1.8038219036255983e-07,0.12607915487683002,0.0064773248444223094,25,10,20
35,6923,0.8732348558031365,8.075118164505437e-08,0.12032779980154511,0.006437263644137016,25,10,20
35,6924,0.8742375288022478,7.969752612559606e-08,0.1193308652180358,0.006431526282190757,25,10,20
35,6925,0.8970601765598376,2.612828856975177e-07,0.09979100887436657,0.0031485532829107544,25,10,20
35,6926,0.8997854584747855,2.591601903234444e-07,0.09713653349433228,0.0030777488706923064,25,10,20
35,6927,0.9000172721896647,2.802412755958402e-07,0.0969046813746414,0.0030777661944188174,25,10,20
35,6928,0.9047459004344574,2.767734254067276e-07,0.09217701572541243,0.0030768070667055035,25,10,20
35,6929,0.9174163663481427,1.058138083814976e-07,0.08216627984529712,0.0004172479927520406,25,10,20
35,6930,0.9164542303925284,1.0565001894628098e-07,0.08312836701682992,0.00041729694062314464,25,10,20
35,6931,0.8820146343509407,0.00047325975812430527,0.11482767917813354,0.002684426712801637,25,10,20
35,6932,0.8766197674410755,0.0004732410198215809,0.1202215054938705,0.002685486045232733,25,10,20
35,6933,0.8494274958378223,0.00047324202819488097,0.14709820054161207,0.003001061592370657,25,10,20
35,6934,0.8495883699772787,0.0004732468689293707,0.1469381561998654,0.003000226953926329,25,10,20
35,6935,0.849816703260945,0.0004732370777083884,0.1467099333157041,0.0030001263456424644,25,10,20
35,6936,0.8507105763572388,0.00047325066211694453,0.14581613405448812,0.003000038926156426,25,10,20
35,6937,0.8372017923859388,0.00047935727999045755,0.159316993280194,0.0030018570538764998,25,10,20
35,6938,0.871060303245574,0.0004803405663961212,0.12545923092053277,0.0030001252674970846,25,10,20
35,6939,0.8692726225778401,0.0004803510193815432,0.1269893297785788,0.0032576966241995332,25,10,20
35,6940,0.8666863679588324,0.0004803693351267599,0.12930989733736975,0.0035233653686714116,25,10,20
35,6941,0.8674831055007806,0.0004803706422483692,0.12851289805681973,0.0035236258001513565,25,10,20
35,6942,0.8477976577623225,0.0004803705089650857,0.14819844280391176,0.0035235289248001984,25,10,20
35,6943,0.8497298813717058,6.973354215424688e-05,0.148939212569457,0.0012611725166826392,25,10,20
35,6944,0.8495302457945776,6.974501358685448e-05,0.14913788001699607,0.0012621291748390467,25,10,20
35,6945,0.8513068574042332,6.974417203768678e-05,0.1473617594824806,0.0012616389412478427,25,10,20
35,6946,0.846191714414867,6.999640423269368e-05,0.15244136566626953,0.0012969235146301395,25,10,20
35,6947,0.839657677488466,6.998180555033779e-05,0.15897541932698897,0.0012969213789939431,25,10,20
35,6948,0.8401275530681092,6.998154228301544e-05,0.15858237209703066,0.0012200932925765227,25,10,20
35,6949,0.836175796573947,6.998159576026829e-05,0.1624668652118073,0.001287356618484501,25,10,20
35,6950,0.8354420760687918,6.998317960997541e-05,0.1632005751946918,0.0012873655569051454,25,10,20
35,6951,0.8351938977626919,6.998341348109405e-05,0.16337437420422307,0.0013617446196025854,25,10,20
35,6952,0.8396834108859828,6.973621671682297e-05,0.15891638508754108,0.0013304678097583364,25,10,20
35,6953,0.8344800218188688,6.979658306252595e-05,0.16323276117867938,0.002217420419388205,25,10,20
35,6954,0.8345584238931264,6.97961898241343e-05,0.16315479850530398,0.0022169814117437084,25,10,20
35,6955,0.8710574174535282,7.289466891385899e-06,0.1267217859286726,0.0022135071509061556,25,10,20
35,6956,0.8719134689496028,7.287881739411659e-06,0.12586574452118685,0.002213498647469303,25,10,20
35,6957,0.8351959042851378,9.743601378214418e-06,0.16257479112024545,0.0022195609932370627,25,10,20
35,6958,0.8342246013561414,9.76174621121654e-06,0.16354384105130257,0.002221795846343414,25,10,20
35,6959,0.8358437831466269,8.752931048282933e-06,0.16193058523213022,0.0022168786901932726,25,10,20
35,6960,0.8381519416982097,8.736996344873534e-06,0.15987854292935652,0.00196077837608818,25,10,20
35,6961,0.8376025910281157,8.74498001069589e-06,0.1604277823428425,0.0019608816490305023,25,10,20
35,6962,0.8372058654939721,8.74463534029386e-06,0.16082679771936456,0.0019585921513224505,25,10,20
35,6963,0.8346616061637924,8.721449175986463e-06,0.1633726466132697,0.001957025773760683,25,10,20
35,6964,0.831805183914702,8.832543740306569e-06,0.16623011632846965,0.001955867213086901,25,10,20
35,6965,0.8333933545944412,1.3137305742635592e-05,0.16463674659681074,0.001956761503004574,25,10,20
35,6966,0.8324018749268285,1.3137522954512302e-05,0.1656195834187308,0.0019654041314855074,25,10,20
35,6967,0.8256866897831785,1.3142017560096105e-05,0.1722694646262993,0.0020307035729622753,25,10,20
35,6968,0.8321291716939982,1.3137988883661714e-05,0.16588955944148412,0.0019681308756334757,25,10,20
35,6969,0.8224536776664584,1.8392868179483406e-05,0.17562665241772046,0.0019012770476418079,25,10,20
35,6970,0.8228692259929086,1.8392532040956555e-05,0.17528557587656945,0.0018268055984812415,25,10,20
35,6971,0.8330013993947704,1.8391385881312727e-05,0.16553557181459053,0.0014446374047570334,25,10,20
35,6972,0.8179637332747646,1.839059071406143e-05,0.18083301781875125,0.0011848583157701715,25,10,20
35,6973,0.8190316491824361,1.837258137908611e-05,0.18002551253068902,0.000924465705495839,25,10,20
35,6974,0.8253813066592984,1.8377646165797962e-05,0.17367584830407506,0.0009244673904601029,25,10,20
35,6975,0.833357579980581,1.8734758120439324e-05,0.1657045119514861,0.0009191733098115712,25,10,20
35,6976,0.8302886365514054,1.8558056020710065e-05,0.13484444796471484,0.03484835742785872,25,10,20
35,6977,0.8342583214576174,1.4286185661556973e-05,0.13088102086027012,0.03484637149645067,25,10,20
35,6978,0.8297758964532771,1.428131378416e-05,0.1353634833797265,0.03484633885321232,25,10,20
35,6979,0.8272811847770107,1.4157976624676622e-05,0.13785888126237283,0.03484577598399163,25,10,20
35,6980,0.8275916170461575,1.2034785910223539e-05,0.13783813359367666,0.034558214574255335,25,10,20
35,6981,0.8265391712233218,1.205816563406265e-05,0.13888545850321093,0.03456331210783312,25,10,20
35,6982,0.8286789149542968,1.2058602900441328e-05,0.13674053297915148,0.034568493463651345,25,10,20
35,6983,0.8065231477463728,1.2042890581638057e-05,0.1586586699035298,0.03480613945951558,25,10,20
35,6984,0.7942916960300004,1.20594326944755e-05,0.17089003374136347,0.034806210795941234,25,10,20
35,6985,0.7941674722581306,1.2059505092403547e-05,0.17101423525137388,0.03480623298540265,25,10,20
35,6986,0.7971251082851863,1.206632160835299e-05,0.1680570695402501,0.03480575585295454,25,10,20
35,6987,0.7906077746923218,1.2829687023315849e-05,0.174575596829236,0.03480379879141868,25,10,20
35,6988,0.7913026447324799,1.282260477236916e-05,0.173880927027173,0.03480360563557389,25,10,20
35,6989,0.7973469524799143,1.282246067847241e-05,0.16783665889637522,0.034803566163031416,25,10,20
35,6990,0.7589380836209528,1.31861358848065e-05,0.20624519648247663,0.03480353376068594,25,10,20
35,6991,0.7957195539002665,1.3744666715587116e-05,0.16946183428105602,0.034804867151962245,25,10,20
35,6992,0.7836194999516978,1.3746792930055083e-05,0.18156094239037443,0.03480581086499812,25,10,20
35,6993,0.7657949344488693,2.0512971026616596e-05,0.19937845766003753,0.034806094920066345,25,10,20
35,6994,0.7566625449131066,2.0524683123036974e-05,0.208427208715684,0.03488972168808622,25,10,20
35,6995,0.7725989842106423,1.5269559227069138e-05,0.1924964981913712,0.03488924803875922,25,10,20
35,6996,0.7710891557424988,2.0914805432923007e-05,0.19398207407325285,0.03490785537881524,25,10,20
35,6997,0.7701358528788075,2.0915366330952313e-05,0.19493283617620163,0.03491039557865987,25,10,20
35,6998,0.768288382364657,2.05408399520501e-05,0.196781247982854,0.0349098288125368,25,10,20
35,6999,0.7589496525078853,2.0556959254360875e-05,0.206362589301262,0.03466720123159876,25,10,20
35,7000,0.7627684028450759,2.0951251028253692e-05,0.20342801445138733,0.033782631452508746,25,10,20
35,7001,0.7622820397520855,2.0951272930420038e-05,0.20391435034499772,0.03378265862998631,25,10,20
35,7002,0.7606157895974437,2.095395575663381e-05,0.20558270709385393,0.03378054935294603,25,10,20
35,7003,0.7636797485226022,2.117137723891611e-05,0.20251637213778673,0.0337827079623724,25,10,20
35,7004,0.7639676671737198,2.117092954106826e-05,0.20223118134048715,0.03377998055625197,25,10,20
35,7005,0.7642068944982576,2.117090751688193e-05,0.201991981247669,0.033779953346556424,25,10,20
35,7006,0.7643619321814534,2.116624313455249e-05,0.20183682662428482,0.033780074951126705,25,10,20
35,7007,0.7632951430333753,2.1165271438187334e-05,0.20290344204658367,0.03378024964860232,25,10,20
35,7008,0.7719122199721782,2.115418763655796e-05,0.19436864291485978,0.033697982925325005,25,10,20
35,7009,0.7715286770443746,2.0998515683672055e-05,0.22015722395073214,0.008293100489209256,25,10,20
35,7010,0.7837202159545413,2.0982334785806093e-05,0.2079657700221724,0.008293031688500012,25,10,20
35,7011,0.784650016428229,2.0424087265794783e-05,0.20703782396210105,0.00829173552240419,25,10,20
35,7012,0.7870056609113516,3.216076832356001e-05,0.20464207574187984,0.00832010257844606,25,10,20
35,7013,0.7867693307081567,3.2170143980735976e-05,0.20487729124475915,0.008321207903104533,25,10,20
35,7014,0.7869639296494852,3.139892673108973e-05,0.20467983016953503,0.008324841254249496,25,10,20
35,7015,0.7871971209783878,6.526163952724634e-05,0.2044127950159148,0.0083248223661693,25,10,20
35,7016,0.78734564865355,6.526170438474866e-05,0.20426338102717556,0.008325708614889247,25,10,20
35,7017,0.7992942682897095,6.526216691496733e-05,0.19231857803169788,0.008321891511677901,25,10,20
35,7018,0.7988592177756617,6.526251548543625e-05,0.19275353399011547,0.008321985718737454,25,10,20
35,7019,0.7998984539626395,6.526246566393878e-05,0.19421984996362457,0.005816433608072593,25,10,20
35,7020,0.7998740970293398,6.526224581982042e-05,0.19424423578471997,0.005816404940121049,25,10,20
35,7021,0.8001784684204085,6.525241650564706e-05,0.19394107889066617,0.005815200272420138,25,10,20
35,7022,0.7658656556826949,6.525790062153974e-05,0.2282521083536643,0.005816978063019159,25,10,20
35,7023,0.7682732506881562,6.525731605270686e-05,0.22584959706874166,0.005811894927049204,25,10,20
35,7024,0.7672302192495151,6.525756084855564e-05,0.22689265140894738,0.005811871780688919,25,10,20
35,7025,0.7639745975374068,6.525719588482792e-05,0.23014960862046505,0.005810536646243387,25,10,20
35,7026,0.7571765245333474,6.523398486158886e-05,0.23694004407528577,0.005818197406504889,25,10,20
35,7027,0.7472719962909271,6.523399230729082e-05,0.2468445712506658,0.005818198466098421,25,10,20
35,7028,0.7504549535536106,6.523376443141726e-05,0.24366153950029396,0.005818273181663134,25,10,20
35,7029,0.7342643834522975,6.525545858891994e-05,0.25968019198531805,0.0059901691037940585,25,10,20
35,7030,0.7502831870550676,5.852768839767354e-05,0.24366783503410358,0.005990450222429436,25,10,20
35,7031,0.7708729609214092,4.6795381225854434e-05,0.22311593293070672,0.005964310766657152,25,10,20
35,7032,0.765603984606278,4.67646876775091e-05,0.22838386292041118,0.00596538778563176,25,10,20
35,7033,0.8044827546098623,4.676376371292088e-05,0.18951286726926053,0.005957614357163004,25,10,20
35,7034,0.8428861893303113,1.2529667444958026e-05,0.15114371682677769,0.005957564175465818,25,10,20
35,7035,0.8778326345213782,1.2778234179536372e-05,0.11620412166011443,0.005950465584327944,25,10,20
35,7036,0.877997933196055,1.2926517061518904e-05,0.11603865050204229,0.005950489784841307,25,10,20
35,7037,0.8720651939681463,1.2926257639266513e-05,0.1219713885643404,0.005950491209874113,25,10,20
35,7038,0.8721049156800718,1.2925893802819356e-05,0.12193176118878712,0.0059503972373386015,25,10,20
35,7039,0.8755962058123918,1.2923619547374605e-05,0.1184399739975543,0.0059508965705065385,25,10,20
35,7040,0.8756936415362955,1.2923514791920189e-05,0.11834256323520093,0.005950871713711563,25,10,20
35,7041,0.8757709895849706,1.277549007263592e-05,0.1182646645853268,0.0059515703396300045,25,10,20
35,7042,0.8757578304620753,1.2779625582332819e-05,0.11827786224839729,0.0059515276639450655,25,10,20
35,7043,0.869829062383605,1.2778456354155434e-05,0.12420699016066056,0.0059511689993800064,25,10,20
35,7044,0.8698299634331019,1.2779788930948723e-05,0.12420586042239766,0.0059513963555690805,25,10,20
35,7045,0.8706544433276769,1.234550794061987e-05,0.12338410256775902,0.005949108596622827,25,10,20
35,7046,0.8706409445868303,1.2345515623460393e-05,0.12339760086999652,0.005949109027549504,25,10,20
35,7047,0.8376470812757583,1.241838153700515e-05,0.12591460544647332,0.03642589489623098,25,10,20
35,7048,0.8413897098679953,1.2425606055839578e-05,0.12217196057802622,0.03642590394792204,25,10,20
35,7049,0.8552049946578666,6.3186242508623325e-06,0.1083647912140998,0.036423895503782326,25,10,20
35,7050,0.8542867043065854,6.319605946086906e-06,0.10928285752622187,0.036424118561246256,25,10,20
35,7051,0.8543374000766044,6.319481826682688e-06,0.10923217931002444,0.036424101131543686,25,10,20
35,7052,0.8538461817975775,6.319472976258267e-06,0.10972339849220215,0.036424100237243434,25,10,20
35,7053,0.8544018505773682,6.299267738835941e-06,0.10916784510840931,0.036424005046483215,25,10,20
35,7054,0.8553150639314634,6.298397521072113e-06,0.10825483018837023,0.036423807482644614,25,10,20
35,7055,0.872007961513743,6.474863767486748e-06,0.09173189530306815,0.036253668319420965,25,10,20
35,7056,0.8677005974392727,6.461181709892605e-06,0.09603868344586325,0.03625425793315383,25,10,20
35,7057,0.8682580755163505,6.461169106836028e-06,0.09548130226754281,0.03625416104699958,25,10,20
35,7058,0.8677989761120716,6.471922605471633e-06,0.09594038107853273,0.03625417088678991,25,10,20
35,7059,0.8681806274732168,6.273404870269988e-06,0.09556080047027755,0.036252298651635255,25,10,20
35,7060,0.8630617854344222,6.294623123593953e-06,0.10067949702814033,0.03625242291431371,25,10,20
35,7061,0.8607918776815063,6.29394858703093e-06,0.10293713514276853,0.03626469322713794,25,10,20
35,7062,0.8599439063947912,6.295303746295287e-06,0.10378480283549431,0.03626499546596822,25,10,20
35,7063,0.8595541681744239,6.46277028748101e-06,0.10412850992537491,0.03631085912991356,25,10,20
35,7064,0.8599408561050091,6.483144166718942e-06,0.10373652154540393,0.03631613920542008,25,10,20
35,7065,0.8594621708917123,6.488165679611284e-06,0.1042145393333721,0.03631680160923576,25,10,20
35,7066,0.8586357384513421,6.272534984849903e-06,0.10180998387766158,0.039548005136011304,25,10,20
35,7067,0.857949748063284,6.283899551422624e-06,0.10249591362340425,0.0395480544137602,25,10,20
35,7068,0.8636512754363379,6.284361309600333e-06,0.09679438358719337,0.03954805661515897,25,10,20
35,7069,0.863614630601691,6.284353841945811e-06,0.09683190331629206,0.03954718172817483,25,10,20
35,7070,0.8640777837213713,6.28463181572759e-06,0.09636867821631129,0.03954725343050153,25,10,20
35,7071,0.8739479849967614,6.280680545539946e-06,0.08973295308199057,0.03631278124070231,25,10,20
35,7072,0.8705609168071129,6.294688667460395e-06,0.09306701670671887,0.03636577179750076,25,10,20
35,7073,0.8707106834971117,6.29360584548495e-06,0.09291749203420706,0.036365530862835935,25,10,20
35,7074,0.8612836564371465,1.5372061062175947e-05,0.10229216076177146,0.03640881074001953,25,10,20
35,7075,0.86100587630263,1.5100642744329002e-05,0.1020589053676302,0.03692011768699516,25,10,20
35,7076,0.8610892080442091,1.5100862177885451e-05,0.10197615428985381,0.03691953680375887,25,10,20
35,7077,0.8649655212872304,6.347386551952706e-06,0.09815087962962482,0.03687725169659243,25,10,20
35,7078,0.8643836202608636,6.356263653707464e-06,0.09874553697801254,0.036864486497469935,25,10,20
35,7079,0.8637946725217831,6.627209422646219e-06,0.09925880507286339,0.03693989519593055,25,10,20
35,7080,0.864579917558247,6.624018195624052e-06,0.09898482328322061,0.03642863514033641,25,10,20
35,7081,0.8563746045387528,6.785905858130843e-06,0.10714222158677433,0.03647638796861433,25,10,20
35,7082,0.8602700679108516,1.1394895624944029e-06,0.10327971883149942,0.03644907376808602,25,10,20
35,7083,0.8598206387751948,1.139155531990336e-06,0.10372914757206919,0.03644907449720362,25,10,20
35,7084,0.8603872346642295,1.1392454520379727e-06,0.10316256403628071,0.036449062054037355,25,10,20
35,7085,0.8358995621978597,2.5891084709657417e-05,0.1276254160168329,0.03644913070059761,25,10,20
35,7086,0.8613318874052687,2.583390103075949e-05,0.1261414864260161,0.012500792267684378,25,10,20
35,7087,0.8602402186747962,2.5833775387691894e-05,0.13295732230245255,0.006776625247363262,25,10,20
35,7088,0.8748313714341145,2.5647071159514327e-05,0.1184152877698235,0.0067276937249023195,25,10,20
35,7089,0.8523763914923641,2.564751886325138e-05,0.14086585227437437,0.006732108714397805,25,10,20
35,7090,0.8554133784828563,2.5626141946011377e-05,0.13782900813548069,0.006731987239716714,25,10,20
35,7091,0.8800971426210908,8.746214375192551e-07,0.11317006676761893,0.006731915989852653,25,10,20
35,7092,0.8836777951679652,8.587518886788123e-07,0.10964337136654308,0.006677974713602818,25,10,20
35,7093,0.8932529188044253,8.591957583684056e-07,0.1000681749579727,0.006678047041843648,25,10,20
35,7094,0.8931802820593273,8.589251553715597e-07,0.10014052408200885,0.0066783349335084565,25,10,20
35,7095,0.8989471013395252,8.543270559984346e-07,0.09437231241401987,0.006679731919399055,25,10,20
35,7096,0.8821258786670882,8.35154380638611e-06,0.11115024811357753,0.006715521675527104,25,10,20
35,7097,0.8895765534028794,8.336308392416592e-06,0.11022791772306449,0.00018719256566290782,25,10,20
35,7098,0.8892585762807154,8.344915680950777e-06,0.11054051314633288,0.00019256565726992697,25,10,20
35,7099,0.8892589822453055,8.344923473826236e-06,0.11054010590890667,0.00019256692231297044,25,10,20
35,7100,0.8735473568025894,8.334387012755644e-06,0.12625169525884528,0.00019261355155182343,25,10,20
35,7101,0.8741289031128673,8.343210130765576e-06,0.12567457739261464,0.00018817628438663582,25,10,20
35,7102,0.8736638072810325,8.34286887896246e-06,0.12613967149743566,0.000188178352652182,25,10,20
35,7103,0.8737772600448406,8.352165444199423e-06,0.1260242680225733,0.00019011976714124277,25,10,20
35,7104,0.8379392685713652,8.352892392813412e-06,0.16185624600095308,0.00019613253528801821,25,10,20
35,7105,0.8514122144202807,8.354066734852853e-06,0.1483876044776063,0.0001918270353785842,25,10,20
35,7106,0.8486807248638375,8.336921746625085e-06,0.15108382245448174,0.0002271157599342845,25,10,20
35,7107,0.8521391288849705,8.3341155476862e-06,0.14766608347126625,0.00018645352821570606,25,10,20
35,7108,0.8523213544604574,8.334830122224134e-06,0.14747817998386537,0.00019213072555486615,25,10,20
35,7109,0.8680107951874332,8.573221892072363e-07,0.13154324753470928,0.00044509995566830183,25,10,20
35,7110,0.8682224334771798,8.526391334087302e-07,0.13133230559031225,0.00044440829337461836,25,10,20
35,7111,0.9040584288668407,8.568770847850919e-07,0.09550233052370018,0.00043838373237465726,25,10,20
35,7112,0.9091896694906203,1.4445248922021444e-06,0.0903676053111246,0.000441280673363302,25,10,20
35,7113,0.9088803874242233,1.4536070368501742e-06,0.09067667690848985,0.0004414820602501461,25,10,20
35,7114,0.9020846316993412,1.6904185507293209e-06,0.09747215777954725,0.00044152010256055384,25,10,20
35,7115,0.8955327537418022,1.9296543393794263e-06,0.1040214954059044,0.0004438211979537811,25,10,20
35,7116,0.8956207433493465,1.9289317072232552e-06,0.10393918747580541,0.00043814024314038484,25,10,20
35,7117,0.8726728990035985,1.9368546625843406e-06,0.12688825018467034,0.0004369139570678504,25,10,20
35,7118,0.8682502615223647,3.809745077373575e-06,0.13130890925504052,0.00043701947751692495,25,10,20
35,7119,0.8944215390419187,3.812750469156622e-06,0.10514531351447622,0.00042933469313556215,25,10,20
35,7120,0.894840450975551,3.216226989290148e-06,0.10472979204210492,0.00042654075535452154,25,10,20
35,7121,0.8950414822786589,3.2167733640953062e-06,0.10452867899968021,0.00042662194829657226,25,10,20
35,7122,0.8952266200435274,3.2125935137880973e-06,0.10434461662961457,0.00042555073334404496,25,10,20
35,7123,0.8923613792470207,3.308879578165657e-06,0.10720977529255159,0.0004255365808490861,25,10,20
35,7124,0.8817675941140625,3.3116375593721085e-06,0.11780247284479417,0.0004266214035834101,25,10,20
35,7125,0.8816980877805132,3.311648725945958e-06,0.117871977878443,0.0004266226923177201,25,10,20
35,7126,0.8820042079545803,3.301215906027274e-06,0.11757110235154387,0.0004213884779698515,25,10,20
35,7127,0.8818723412606556,3.3014059638978735e-06,0.11770296837092903,0.00042138896245141547,25,10,20
35,7128,0.8886541200045588,3.064603914393947e-06,0.11092146527960389,0.00042135011192266354,25,10,20
35,7129,0.8724438917901045,3.0700695244689264e-06,0.12704143598679823,0.0005116021535725808,25,10,20
35,7130,0.8729295052504545,3.0665081051429388e-06,0.12663129222983482,0.00043613601160516225,25,10,20
35,7131,0.8607448353318482,3.6527000323994623e-06,0.13865979630326836,0.0005917156648508608,25,10,20
35,7132,0.8602882817763945,3.657353421200376e-06,0.13911608655295907,0.0005919743172250443,25,10,20
35,7133,0.8696082547943944,3.6499154192215615e-06,0.1297919052298134,0.0005961900603728229,25,10,20
35,7134,0.8676752498293244,3.657640782726511e-06,0.1317203715169746,0.0006007210129180761,25,10,20
35,7135,0.8715657352945524,4.729518504160592e-06,0.12782631799104313,0.0006032171959000469,25,10,20
35,7136,0.8753317745018918,5.512446788468265e-06,0.12406036879929007,0.0006023442520291739,25,10,20
35,7137,0.8855835312589444,5.512477647198384e-06,0.11380652587904536,0.0006044303843626226,25,10,20
35,7138,0.8503844680962761,5.518657517936202e-06,0.14929421377504382,0.00031579947116160535,25,10,20
35,7139,0.8407133892243244,5.7090714935057514e-06,0.1589178992299518,0.000363002474229824,25,10,20
35,7140,0.8404153222068196,2.15704690550875e-05,0.15919877762206924,0.00036432970205570766,25,10,20
35,7141,0.8374935069491214,2.0474731320578556e-05,0.16207693099366385,0.00040908732589397,25,10,20
35,7142,0.836087068656894,2.051805571850054e-05,0.1634831485376178,0.00040926474976938065,25,10,20
35,7143,0.8375562183961103,2.047473649096139e-05,0.16201421843527666,0.00040908843212181245,25,10,20
35,7144,0.8427639086122999,2.0475950304764076e-05,0.15680633244576012,0.00040928299163488463,25,10,20
35,7145,0.8426646383293099,2.0476034513515366e-05,0.15690413260937436,0.0004107530268018452,25,10,20
35,7146,0.843020203120855,2.0203561786417204e-05,0.15654886386129882,0.00041072945605921175,25,10,20
35,7147,0.8446194642121856,2.0203537681254158e-05,0.15494960627432522,0.00041072597580734977,25,10,20
35,7148,0.8304095860512888,2.056796060600661e-05,0.1692484690456525,0.0003213769424527532,25,10,20
35,7149,0.8259179276169492,2.0578787100514064e-05,0.1737422359631379,0.0003192576328126801,25,10,20
35,7150,0.8254376555973455,4.845573767652135e-06,0.1742064202136938,0.00035107861519330125,25,10,20
35,7151,0.8324225834952709,4.607219937709157e-06,0.16722398362924523,0.00034882565554662857,25,10,20
35,7152,0.83157990327323,4.651892130882627e-06,0.16806782170379728,0.0003476231308422391,25,10,20
35,7153,0.8381485328510759,4.477348890428904e-06,0.16154524483159569,0.0003017449684389704,25,10,20
35,7154,0.8331195699221271,4.349047996970547e-06,0.16660748527368915,0.00026859575618771894,25,10,20
35,7155,0.8436837298192664,4.337873472252111e-06,0.15604340951453088,0.0002685227927308744,25,10,20
35,7156,0.8428935712085639,4.373895669441907e-06,0.15683489849857385,0.00026715639719343597,25,10,20
35,7157,0.8304823875453488,4.3871358440341675e-06,0.1692460969744055,0.00026712834440290127,25,10,20
35,7158,0.8310175934183407,4.381367931354216e-06,0.16871219970989723,0.000265825503832027,25,10,20
35,7159,0.8291212482304803,4.381624373844734e-06,0.17060854496379738,0.0002658251813495799,25,10,20
35,7160,0.8234186243886609,4.3371263640701435e-06,0.1763113881062457,0.00026565037873068823,25,10,20
35,7161,0.821232297573631,4.54943407832588e-06,0.17850175203795612,0.0002614009543354381,25,10,20
35,7162,0.8570186959532655,4.524848674559724e-06,0.14270207498478646,0.0002747042132735464,25,10,20
35,7163,0.8516338134894876,4.626648770237891e-06,0.14803514641931545,0.0003264134424265887,25,10,20
35,7164,0.8422509613230987,5.348212196247611e-06,0.15741626758979443,0.0003274228749105023,25,10,20
35,7165,0.8469317377547263,5.336456852031651e-06,0.15278036744910461,0.0002825583393169422,25,10,20
35,7166,0.842806847234099,5.3404168359448965e-06,0.1568229360000166,0.0003648763490481955,25,10,20
35,7167,0.8552695752400119,5.326372044629169e-06,0.14436029014125712,0.0003648082466863657,25,10,20
35,7168,0.8588152963906874,5.11371989459462e-06,0.14081583410787632,0.00036375578154163534,25,10,20
35,7169,0.8739299346201789,4.542209226012133e-06,0.12585896487553963,0.00020655829505553374,25,10,20
35,7170,0.8729225126599292,4.561669401712984e-06,0.12686624954238493,0.0002066761282841406,25,10,20
35,7171,0.8755024667028976,4.4659215644198655e-06,0.12428633712708463,0.00020673024845342208,25,10,20
35,7172,0.8950323768115334,3.3770622990046154e-06,0.10476008922276896,0.00020415690339828626,25,10,20
35,7173,0.8933736030612839,3.394069626463268e-06,0.10617046427305551,0.000452538596033744,25,10,20
35,7174,0.8934093360642674,3.393707413690812e-06,0.10613477247763776,0.0004524977506807033,25,10,20
35,7175,0.9025845707568405,3.2135121706013986e-06,0.09700565784934806,0.0004065578816407209,25,10,20
35,7176,0.909140479215742,3.213427740508162e-06,0.09044979065871293,0.0004065166978043164,25,10,20
35,7177,0.9040799838894682,1.2491364537533558e-05,0.09550098633057752,0.000406538415416436,25,10,20
35,7178,0.9076894302259682,1.2592965813887873e-05,0.09197385707255806,0.0003241197356596745,25,10,20
35,7179,0.9076685026021061,2.5052688936696347e-05,0.0919957141005407,0.00031073060841632356,25,10,20
35,7180,0.8964521608054643,1.577756317867289e-05,0.09825219410970161,0.0052798675216553384,25,10,20
35,7181,0.8969657709318262,1.5767160298046717e-05,0.09773992651307692,0.005278535394798948,25,10,20
35,7182,0.8884276200510988,1.610396665216728e-05,0.10627456742331275,0.005281708558935665,25,10,20
35,7183,0.8775901510469207,1.6140167568724963e-05,0.11711201302399549,0.005281695761514774,25,10,20
35,7184,0.8885289708469406,1.6211078728535726e-05,0.10617262896807901,0.0052821891062515055,25,10,20
35,7185,0.8886510422039532,1.6211337748797613e-05,0.10605060341888892,0.005282143039408804,25,10,20
35,7186,0.8708608631841352,1.6412512931697592e-05,0.12261764645388308,0.006505077849049431,25,10,20
35,7187,0.8706812988985142,1.6417354963789602e-05,0.12279721961446385,0.006505064132058086,25,10,20
35,7188,0.8701933499823976,1.6417439006902644e-05,0.12328516845014556,0.006505064128449809,25,10,20
35,7189,0.8736287924589357,1.6749922545624917e-05,0.1197548394810527,0.00659961813746655,25,10,20
35,7190,0.868125155605728,2.5338675842225747e-05,0.12524886535248986,0.006600640365940412,25,10,20
35,7191,0.8682029725586822,2.5322920395816754e-05,0.12541438135190972,0.006357323169012781,25,10,20
35,7192,0.8681993861485634,2.5323016091316994e-05,0.12541792180076258,0.006357369034582984,25,10,20
35,7193,0.8600988539520509,2.521619188341142e-05,0.1334692958980691,0.006406633957996938,25,10,20
35,7194,0.8596042955077866,2.5216387090514773e-05,0.13396528571962063,0.006405202385502649,25,10,20
35,7195,0.8612251394133602,2.519865132617725e-05,0.13234903541816218,0.006400626517152067,25,10,20
35,7196,0.8612512486858966,2.519823312410126e-05,0.13232294151632362,0.006400611564656084,25,10,20
35,7197,0.8618739038026567,2.519793916058537e-05,0.1317003265253706,0.006400571732812508,25,10,20
35,7198,0.8507693316698333,2.520155939320911e-05,0.13981492856980796,0.009390538200966227,25,10,20
35,7199,0.8438846152846372,2.521771221453023e-05,0.14670466264218288,0.009385504360966166,25,10,20
35,7200,0.8437352790877896,2.521773054637195e-05,0.14685399711260655,0.009385506069058268,25,10,20
35,7201,0.8267263839893202,2.513155034598156e-05,0.16391049131220914,0.00933799314812463,25,10,20
35,7202,0.8374577254793333,2.51335510546481e-05,0.1561682856928763,0.006348855276736323,25,10,20
35,7203,0.8376725742780234,2.503117293222615e-05,0.15595406887455232,0.006348325674492389,25,10,20
35,7204,0.8434333270076663,1.6415255864531895e-05,0.1502030183501863,0.006347239386283458,25,10,20
35,7205,0.8453354504305718,1.6095386212433688e-05,0.14829993864408675,0.006348515539129674,25,10,20
35,7206,0.8548244796798065,1.5894090447980744e-05,0.14003403129368996,0.005125594936055951,25,10,20
35,7207,0.8553099098667422,1.5894007277085456e-05,0.13954860243747313,0.005125593688508441,25,10,20
35,7208,0.845798800168382,1.6583072267687857e-05,0.14906333724570495,0.005121279513645985,25,10,20
35,7209,0.8456549294113168,1.657746382063464e-05,0.14920804216960729,0.005120450955256088,25,10,20
35,7210,0.8389179944463483,1.6605146260328136e-05,0.15594494389402372,0.0051204565133685185,25,10,20
35,7211,0.833405220810889,1.683579215350213e-05,0.16145747703248575,0.005120466364472748,25,10,20
35,7212,0.839082115558403,1.660033476043104e-05,0.15578083934627623,0.005120444760561044,25,10,20
35,7213,0.8386167633116149,1.660092641499935e-05,0.15624623766950774,0.005120398092463016,25,10,20
35,7214,0.8385070221853508,1.660101117215289e-05,0.15635597961354247,0.005120397189935242,25,10,20
35,7215,0.8386248692424135,1.6600929220698664e-05,0.15623813179133142,0.005120398037035023,25,10,20
35,7216,0.838621425300181,1.6600658965350016e-05,0.15624157813075235,0.0051203959101019094,25,10,20
35,7217,0.8385127584603879,1.6606260218244525e-05,0.15635023636825562,0.005120398911138847,25,10,20
35,7218,0.8384263234281109,1.6606440212736682e-05,0.15643664758786838,0.005120422543808497,25,10,20
35,7219,0.8649732949487179,3.147370580502836e-05,0.1299702198895577,0.005025011455920156,25,10,20
35,7220,0.8434272599581293,3.195042757783154e-05,0.14413165692709337,0.012409132687200152,25,10,20
35,7221,0.8434332137121736,3.195042222971726e-05,0.1441257042893245,0.012409131576272228,25,10,20
35,7222,0.8439766123587282,3.195041748440324e-05,0.14358230863860827,0.012409128585179521,25,10,20
35,7223,0.8428880009535794,3.195073544487241e-05,0.1447206844100155,0.012359363900960825,25,10,20
35,7224,0.8529618628522704,3.194703040204596e-05,0.13464681723414265,0.012359372883185733,25,10,20
35,7225,0.8427543801177275,3.1945840948996366e-05,0.144853307333459,0.012360366707865078,25,10,20
35,7226,0.8427533222810617,3.194601246148269e-05,0.1448543630223052,0.012360368684172139,25,10,20
35,7227,0.8427160747771743,3.194633334423899e-05,0.14489156977959813,0.012360409109883886,25,10,20
35,7228,0.8424530426467716,3.195092252024171e-05,0.14515462354293754,0.01236038288777117,25,10,20
35,7229,0.8271703145529993,3.150278468889856e-05,0.16781450002100246,0.004983682641309936,25,10,20
35,7230,0.8272523467579626,3.149920131317351e-05,0.16773183375091655,0.00498432028980826,25,10,20
35,7231,0.8274963499029241,3.149359187901819e-05,0.1674878407780259,0.004984315727171607,25,10,20
35,7232,0.8268688036470223,3.153147321799147e-05,0.16811516903181561,0.00498449584794458,25,10,20
35,7233,0.8268953507288141,1.9626885600696687e-05,0.1681003396060566,0.004984682779528947,25,10,20
35,7234,0.8209150511350636,1.9626858418205335e-05,0.17408064054966985,0.004984681456848833,25,10,20
35,7235,0.8029901950839854,1.9629247083444092e-05,0.1860886723153501,0.010901503353581515,25,10,20
35,7236,0.813471275941719,1.9625251232812317e-05,0.175608613294841,0.010900485512207674,25,10,20
35,7237,0.8143251402312144,4.054992971088608e-06,0.17477036818497768,0.01090043659083714,25,10,20
35,7238,0.8267961356348863,4.027591200760468e-06,0.1622993814474334,0.01090045532647975,25,10,20
35,7239,0.826622929542944,3.4711301000306084e-06,0.16247337578857643,0.010900223538379812,25,10,20
35,7240,0.8364261411877691,3.5076424252767334e-06,0.15266999453537797,0.010900356634428,25,10,20
35,7241,0.8321193035329744,3.518582312719205e-06,0.15697107979868574,0.010906098086027683,25,10,20
35,7242,0.8371818200154609,2.7563818216586007e-06,0.15191023157207895,0.010905192030638586,25,10,20
35,7243,0.8198500101710134,2.767937760276849e-06,0.16924200030307918,0.010905221588147575,25,10,20
35,7244,0.8212369780887641,2.7778662400463785e-06,0.16785200193941427,0.010908242105581953,25,10,20
35,7245,0.8437899740784403,2.7619205213728694e-06,0.1453011335169094,0.010906130484129169,25,10,20
35,7246,0.8778721151463226,2.733327760032549e-06,0.11122560001883244,0.01089955150708513,25,10,20
35,7247,0.8779953832444061,2.7530202592856145e-06,0.11110194681352287,0.010899916921811944,25,10,20
35,7248,0.904359502767546,2.7331337402164196e-06,0.09065470139692851,0.0049830627017850545,25,10,20
35,7249,0.9038818703260441,2.742942469238492e-06,0.09113223100378223,0.00498315572770463,25,10,20
35,7250,0.903736062390548,2.7429464022804107e-06,0.09127803763466899,0.004983157028380302,25,10,20
35,7251,0.9191460819764536,2.7256089599368034e-06,0.07587000073734729,0.004981191677238897,25,10,20
35,7252,0.9186757170552177,2.7262328076469264e-06,0.07634035724714383,0.004981199464830519,25,10,20
35,7253,0.9185967347257765,2.726673416011942e-06,0.07641924565975657,0.004981292941050764,25,10,20
35,7254,0.9191579661488091,2.6900209601616404e-06,0.0758582216918226,0.00498112213840818,25,10,20
35,7255,0.9178252218040872,3.2047438998166186e-06,0.07719044877810037,0.004981124673912141,25,10,20
35,7256,0.9129581721733784,3.2118241543526482e-06,0.08205745429761853,0.0049811617048484014,25,10,20
35,7257,0.9133264557060915,3.1923876473953826e-06,0.08168930745694387,0.004981044449317116,25,10,20
35,7258,0.9082622673414573,3.4136798895847926e-06,0.08675220715023349,0.004982111828419332,25,10,20
35,7259,0.9081138483987812,3.4137722690435425e-06,0.08690062475766558,0.0049821130712838675,25,10,20
35,7260,0.9078292505334409,3.4198988244982697e-06,0.08718422256832854,0.004983106999405549,25,10,20
35,7261,0.9083404897819605,3.4192683105162103e-06,0.0866729917906462,0.004983099159082265,25,10,20
35,7262,0.9143904214917756,3.188167849854771e-06,0.08062444988016285,0.004981940460211127,25,10,20
35,7263,0.9147204969745846,3.1845153255907858e-06,0.08029545853680974,0.004980859973279638,25,10,20
35,7264,0.91193592484303,3.18788339671435e-06,0.0830782566728283,0.0049826306007447006,25,10,20
35,7265,0.8857939747774409,3.2130732653612156e-06,0.1092211904793425,0.004981621669950603,25,10,20
35,7266,0.8848159294319194,3.1036929178337774e-06,0.11019660424563442,0.004984362629527819,25,10,20
35,7267,0.89020928679011,3.1033404580674175e-06,0.10480335307025661,0.00498425679917462,25,10,20
35,7268,0.9002326534619565,3.0924164035567405e-06,0.0947857002820146,0.004978553839625129,25,10,20
35,7269,0.9016454896205193,2.577344096866209e-06,0.09337340507836332,0.00497852795702022,25,10,20
35,7270,0.8671245566075269,2.6269754958762e-06,0.12788746274351642,0.004985353673460869,25,10,20
35,7271,0.8612635596887003,2.6271225552319447e-06,0.13374846047121075,0.004985352717533612,25,10,20
35,7272,0.8512016258560174,2.6277356179611526e-06,0.14381036201624295,0.004985384392121433,25,10,20
35,7273,0.8415273402704092,2.7549207220704232e-06,0.15348392386286247,0.00498598094600619,25,10,20
35,7274,0.8410255206656477,2.774292776950798e-06,0.15398567771577476,0.004986027325800582,25,10,20
35,7275,0.8490798410306517,2.797377071611597e-06,0.14593102446890815,0.004986337123368577,25,10,20
35,7276,0.8445956699960091,2.7629075832123913e-06,0.1504144716431803,0.004987095453227373,25,10,20
35,7277,0.8447330780545773,2.7630016737418498e-06,0.15027575375653227,0.004988405187216641,25,10,20
35,7278,0.844663810197559,2.7680955991811003e-06,0.1503444600261114,0.004988961680730368,25,10,20
35,7279,0.8499058115485768,2.7604041218946793e-06,0.14510247987857985,0.0049889481687216035,25,10,20
35,7280,0.8295965728592801,2.7707553848664395e-06,0.17037725874913576,2.3397636198807563e-05,25,10,20
35,7281,0.8339467259526304,2.7707869926399474e-06,0.16602534763299162,2.5155627385047118e-05,25,10,20
35,7282,0.8514319597504729,2.174000497640637e-06,0.14854360833536087,2.2257913668180014e-05,25,10,20
35,7283,0.8511787362104678,2.174449320510141e-06,0.14879685399471904,2.2235345492306615e-05,25,10,20
35,7284,0.8507394423354406,2.182913894735908e-06,0.14923406687132115,2.4307879343277538e-05,25,10,20
35,7285,0.8511776612509983,2.174477433122429e-06,0.14879790131820528,2.22629533632782e-05,25,10,20
35,7286,0.8561773715779032,2.171088931518188e-06,0.1437990698906986,2.1387442466784105e-05,25,10,20
35,7287,0.856183777764929,2.1711422601101933e-06,0.14379482820993592,1.922288287484524e-05,25,10,20
35,7288,0.8767722342550907,2.980351751314603e-07,0.12320840677765195,1.9060932082039925e-05,25,10,20
35,7289,0.8734102795207015,3.0742935199220536e-07,0.12657210098908553,1.731206086105112e-05,25,10,20
35,7290,0.8725210154752746,3.081360244032736e-07,0.12746138271956353,1.729366913760734e-05,25,10,20
35,7291,0.860439666806477,4.667887380376806e-07,0.13950129977859768,5.8566626187428734e-05,25,10,20
35,7292,0.8604406793415766,4.6678311740167417e-07,0.13950014814457462,5.870573073155845e-05,25,10,20
35,7293,0.8604883735367259,4.673261322035987e-07,0.13945244682844601,5.871230869603257e-05,25,10,20
35,7294,0.8600791218611689,5.754990561391563e-07,0.13985984091056375,6.046172921161594e-05,25,10,20
35,7295,0.8537479170584278,6.8589732327957e-07,0.14618956162323996,6.183542100945754e-05,25,10,20
35,7296,0.8538715938857816,6.902243232630677e-07,0.14606588216268726,6.183372720852346e-05,25,10,20
35,7297,0.8549329176555436,6.893357400456496e-07,0.14500455988973862,6.183311897813597e-05,25,10,20
35,7298,0.861234586428897,5.789421222697395e-07,0.13870436830084285,6.046632813782427e-05,25,10,20
35,7299,0.8560361094247666,7.063009680706508e-07,0.14390205659857638,6.112767568944735e-05,25,10,20
35,7300,0.8639170056012084,5.796176016468815e-07,0.1360171434238632,6.527135732705177e-05,25,10,20
35,7301,0.8904763860053554,5.476828503870122e-07,0.1094578212672167,6.52450445776858e-05,25,10,20
35,7302,0.8964291388505201,5.480982675081451e-07,0.10350499199516629,6.532105604633837e-05,25,10,20
35,7303,0.8963597709835027,6.028265677530829e-07,0.10356237245449401,7.725373543597178e-05,25,10,20
35,7304,0.8804287724900142,6.030988677862804e-07,0.11949329540677919,7.732900433903139e-05,25,10,20
35,7305,0.8651932665658325,1.6882888418563214e-06,0.13472503435660416,8.00107887219906e-05,25,10,20
35,7306,0.8652725068214836,1.6835658547797917e-06,0.13464580086216357,8.00087504986615e-05,25,10,20
35,7307,0.8647124796148815,1.6835930390751607e-06,0.13520582528170888,8.00115103712924e-05,25,10,20
35,7308,0.8705515005704286,1.5689327834568283e-06,0.1293249360345936,0.0001219944621946601,25,10,20
35,7309,0.8703128718394794,1.5690447693090046e-06,0.12956356079633596,0.00012199831941558263,25,10,20
35,7310,0.8698406490252178,1.5699251021116063e-06,0.13003576364728972,0.00012201740239070844,25,10,20
35,7311,0.8698430224084778,1.5699952095415218e-06,0.13003353092340622,0.00012187667290667086,25,10,20
35,7312,0.8994783845241977,1.7649361282784898e-06,0.10040478069746092,0.00011506984221353168,25,10,20
35,7313,0.891445886648074,1.9406302617014903e-06,0.10586468181013982,0.002687490911525011,25,10,20
35,7314,0.8901927046684487,2.3471515754628874e-06,0.10711635604544961,0.0026885921345266017,25,10,20
35,7315,0.8896766112005798,2.3560780039001154e-06,0.10763021213294137,0.0026908205884750417,25,10,20
35,7316,0.8895957351138404,2.355506473020541e-06,0.107711027428932,0.0026908819507548126,25,10,20
35,7317,0.8894095661732577,2.3546398731336935e-06,0.10789719564650413,0.002690883540365202,25,10,20
35,7318,0.9109255589451838,2.352192639994822e-06,0.08638381505995522,0.0026882738022215237,25,10,20
35,7319,0.916317913610822,2.107785919487764e-06,0.0809904061109746,0.0026895724922842367,25,10,20
35,7320,0.9131552841776233,2.057487324607425e-06,0.08416756749862793,0.0026750908364248926,25,10,20
35,7321,0.9221081477800489,2.0603641723011107e-06,0.07515168870024941,0.00273810315552976,25,10,20
35,7322,0.9214290625991503,2.0415763703722364e-06,0.07582546333632474,0.002743432488155105,25,10,20
35,7323,0.9056071888883078,2.6781733328882367e-06,0.09164365088283248,0.002746482055527501,25,10,20
35,7324,0.9057543445326333,2.6776338633657206e-06,0.09149713041569972,0.0027458474178041745,25,10,20
35,7325,0.9057371422459153,2.6779173948377745e-06,0.09151430546359716,0.0027458743730935805,25,10,20
35,7326,0.9050371554585781,2.68970220957601e-06,0.0922579351209411,0.002702219718271967,25,10,20
35,7327,0.9056649292130723,2.689515676791478e-06,0.09163148183531188,0.0027008994359397896,25,10,20
35,7328,0.9204995322332491,2.679116445394217e-06,0.0767979305720234,0.0026998580782828397,25,10,20
35,7329,0.9210786305984544,2.97914272930764e-06,0.07622313646130818,0.002695253797508737,25,10,20
35,7330,0.9210629811422261,2.979436865124916e-06,0.07623878443693384,0.00269525498397554,25,10,20
35,7331,0.9090832907017906,2.9824389010530205e-06,0.08821770362581702,0.0026960232334918826,25,10,20
35,7332,0.917034981531786,2.8236111515017445e-06,0.08030810213158199,0.002654092725480692,25,10,20
35,7333,0.9170466206484568,2.823318335952519e-06,0.08029649151078938,0.002654064522418132,25,10,20
35,7334,0.8997565146869626,2.834403996017508e-06,0.0975866100411442,0.0026540408678977197,25,10,20
35,7335,0.8999797711151342,2.8338207676510917e-06,0.09736336046003836,0.002654034604060228,25,10,20
35,7336,0.8681035952942104,2.8293381333658237e-06,0.12923955330714318,0.00265402206051384,25,10,20
35,7337,0.8860719179522502,2.818254049934188e-06,0.11127124429007529,0.0026540195036248433,25,10,20
35,7338,0.8795435504358845,3.315980844091452e-06,0.11779907206240056,0.002654061520871246,25,10,20
35,7339,0.8791941376498373,3.320431295956192e-06,0.11814848014210552,0.002654061776761466,25,10,20
35,7340,0.875849827483966,3.2980816257257115e-06,0.12149535842606339,0.0026515160083454684,25,10,20
35,7341,0.8758881352857422,3.297506407540866e-06,0.12145712798711614,0.002651439220734619,25,10,20
35,7342,0.8532335828761883,3.3561726662334396e-06,0.14411123168342932,0.0026518292677156674,25,10,20
35,7343,0.8538320732263392,3.056185666624215e-06,0.14351317395069335,0.002651696637300547,25,10,20
35,7344,0.859874682266246,2.5637015614124497e-06,0.13739549716597874,0.0027272568662144113,25,10,20
35,7345,0.8456980610482376,2.6010311597856906e-06,0.15156371828239892,0.0027356196382035893,25,10,20
35,7346,0.8455897265599852,2.60103233387602e-06,0.1516720528234608,0.0027356195842202944,25,10,20
35,7347,0.8201053029915399,5.1253342570566436e-05,0.177103701445452,0.0027397422204376146,25,10,20
35,7348,0.8337755897613986,5.1216024142394375e-05,0.16344181523773849,0.0027313789767203795,25,10,20
35,7349,0.8336786820399101,5.1213987576754037e-05,0.16353795983660624,0.0027321441359069404,25,10,20
35,7350,0.8337993283879238,5.121398274138118e-05,0.16341731392117784,0.002732143708156923,25,10,20
35,7351,0.8487371931368877,5.013887431794352e-05,0.1484830234881428,0.0027296445006518514,25,10,20
35,7352,0.8484890960925375,5.0139885439606417e-05,0.14873102273957106,0.002729741282452012,25,10,20
35,7353,0.821075692240274,5.229138745995931e-05,0.17613694735967042,0.0027350690125964943,25,10,20
35,7354,0.8215559735935752,5.228745338321283e-05,0.1757322645994592,0.002659474353583024,25,10,20
35,7355,0.8216933940019993,5.2282439042436255e-05,0.17559500682718165,0.002659316731777612,25,10,20
35,7356,0.8216633390537367,5.228287591763239e-05,0.17562506043108428,0.002659317639262597,25,10,20
35,7357,0.8470275553025435,3.6346053794017096e-06,0.15031361230709595,0.0026551977849817287,25,10,20
35,7358,0.8590740850446325,3.6316988803430683e-06,0.13826785203451508,0.0026544312219726578,25,10,20
35,7359,0.8438187707979503,3.959850096314109e-06,0.15352355427964595,0.0026537150723075957,25,10,20
35,7360,0.8162107254022906,3.957393228037021e-06,0.1811947503201566,0.0025905668843256434,25,10,20
35,7361,0.8401642624603816,3.880982920937465e-06,0.1572417369531988,0.002590119603499119,25,10,20
35,7362,0.8289507858676314,3.8804493707864585e-06,0.16845514802542152,0.002590185657576802,25,10,20
35,7363,0.8442325926782349,3.2433404696174515e-06,0.15317709608396313,0.002587067897332915,25,10,20
35,7364,0.8791468846827558,3.2426372513356967e-06,0.11826280771899095,0.002587064961002322,25,10,20
35,7365,0.8784161649811233,3.492621220301259e-06,0.11899319343254694,0.002587148965109828,25,10,20
35,7366,0.8787471696325657,3.493324555722264e-06,0.11866219041786805,0.002587146625010876,25,10,20
35,7367,0.8794568304665276,3.5234714777360344e-06,0.11795782336675288,0.0025818226952420958,25,10,20
35,7368,0.8847830272827828,3.395833821457729e-06,0.11263241644743348,0.0025811604359626305,25,10,20
35,7369,0.8852437112514225,3.396860527847059e-06,0.11217173295644363,0.002581158931606369,25,10,20
35,7370,0.8681503256934908,3.4728127011484957e-06,0.1292384761803553,0.0026077253134522017,25,10,20
35,7371,0.8429877016971087,3.830637363143748e-06,0.15439919269848837,0.0026092749670393258,25,10,20
35,7372,0.8370820681522596,3.853129354546986e-06,0.1603046990148702,0.002609379703514591,25,10,20
35,7373,0.8453591544663511,3.677262076476466e-06,0.1546002098035987,3.6958467973075656e-05,25,10,20
35,7374,0.8426810969260906,4.405009993334364e-06,0.15726704685651813,4.745120739736996e-05,25,10,20
35,7375,0.842448877271442,4.404901829096241e-06,0.15749926883827772,4.744898845073817e-05,25,10,20
35,7376,0.8423651804804082,4.420419929892196e-06,0.1575829307083382,4.746839132356866e-05,25,10,20
35,7377,0.8402977944628883,4.487146797522481e-06,0.15963374470991692,6.397368039726744e-05,25,10,20
35,7378,0.8170245063189355,4.156767772805403e-06,0.18212399349032943,0.0008473434229625454,25,10,20
35,7379,0.8361216698679985,4.057134465302813e-06,0.16305383562470133,0.0008204373728351828,25,10,20
35,7380,0.799434547562109,3.6780094366533365e-06,0.19974233269365488,0.0008194417348011536,25,10,20
35,7381,0.7999807278074248,3.6794964810846088e-06,0.19919579522134864,0.0008197974747466474,25,10,20
35,7382,0.7994460707703405,3.6802042537609088e-06,0.19973044816199742,0.0008198008634093977,25,10,20
35,7383,0.8014000859364853,3.6187676186366724e-06,0.19779300306558972,0.0008032922303073472,25,10,20
35,7384,0.8388059066639901,3.592027598486303e-06,0.1603818806175399,0.0008086206908713239,25,10,20
35,7385,0.84969403817048,3.592021703798234e-06,0.14949381533724002,0.0008085544705765759,25,10,20
35,7386,0.8339286891696368,4.186583061041035e-06,0.1652556796687872,0.0008114445785141487,25,10,20
35,7387,0.8337131623196733,4.181693761649843e-06,0.16547121899770453,0.0008114369888595598,25,10,20
35,7388,0.8722417146407365,4.181307054709523e-06,0.127726110572936,2.799347927257046e-05,25,10,20
35,7389,0.8383216948969912,4.1809526518540605e-06,0.16164613229006683,2.7991860289725664e-05,25,10,20
35,7390,0.8717592291880492,4.181526672735814e-06,0.12820859451722788,2.799476805017447e-05,25,10,20
35,7391,0.8936461689909588,3.4531445805041828e-06,0.10633286652585032,1.7511338610321452e-05,25,10,20
35,7392,0.8943648520978326,3.1991338329763913e-06,0.10561449958132897,1.7449187005807624e-05,25,10,20
35,7393,0.8943677577237097,3.19903604446976e-06,0.10561159451189811,1.744872834791463e-05,25,10,20
35,7394,0.9259670422206905,1.0412896163310255e-06,0.07401983944025424,1.2077049439054065e-05,25,10,20
35,7395,0.9261762233627363,1.0448400530179531e-06,0.07381065244578336,1.2079351427536063e-05,25,10,20
35,7396,0.9287064783587605,1.0400414001403225e-06,0.07128045081501716,1.2030784822203386e-05,25,10,20
35,7397,0.9289050342002689,1.0394390213563376e-06,0.07108189608086668,1.2030279842918183e-05,25,10,20
35,7398,0.9230501943717323,1.0397377092719646e-06,0.07693667583431284,1.2090056245673486e-05,25,10,20
35,7399,0.9230477774537892,1.0397360788819275e-06,0.07693909323097384,1.208957915855428e-05,25,10,20
35,7400,0.9233916439928481,1.035471257480805e-06,0.0765952338197357,1.2086716159142535e-05,25,10,20
35,7401,0.9209797399163563,1.1682780836560663e-06,0.07900691022003649,1.218158552406546e-05,25,10,20
35,7402,0.9268324895593203,1.1679625960265078e-06,0.07315422519955458,1.2117278529155285e-05,25,10,20
35,7403,0.9275853152322404,1.1372253858416147e-06,0.07240148184966898,1.2065692705217675e-05,25,10,20
35,7404,0.9309313740788997,1.0044125618395297e-06,0.0690556255114427,1.1995997096137428e-05,25,10,20
35,7405,0.9263472881092922,1.0073853648256375e-06,0.07364504569492136,6.658810422204226e-06,25,10,20
35,7406,0.9314592893877551,1.0038407421743908e-06,0.06853316919490982,6.537576593399616e-06,25,10,20
35,7407,0.9316125415949975,9.984534326308251e-07,0.06838126512737457,5.194824195780846e-06,25,10,20
35,7408,0.947343163919972,4.0406581766760825e-07,0.052654043893101334,2.388121109397695e-06,25,10,20
35,7409,0.9295727239808373,4.231966136086758e-07,0.07026540384670359,0.00016144897584578297,25,10,20
35,7410,0.9447749595925085,4.2330048676681125e-07,0.05506317962550183,0.00016143748150315392,25,10,20
35,7411,0.9448485048399968,4.2330996039916916e-07,0.0549896334859626,0.0001614383640803416,25,10,20
35,7412,0.9702897377081382,6.445397190301934e-08,0.029550405296285043,0.00015979254160509093,25,10,20
35,7413,0.9608209335583865,6.496967096796152e-08,0.03901918885178615,0.00015981262015662945,25,10,20
35,7414,0.9608151266486934,6.495913199589321e-08,0.039024996629784134,0.0001598117623907557,25,10,20
35,7415,0.960697732660001,6.487916438143493e-08,0.039142296257808566,0.00015990620302640802,25,10,20
35,7416,0.9586459300296866,1.0750773278377782e-07,0.04118764257867433,0.00016631988390628964,25,10,20
35,7417,0.9591240550126419,1.0805962441416094e-07,0.040709299621517425,0.00016653730621625206,25,10,20
35,7418,0.9591734398437631,9.26965608005472e-08,0.040659917858924165,0.0001665496007516416,25,10,20
35,7419,0.95916901744774,9.295402456438714e-08,0.04066436351373825,0.00016652608449731633,25,10,20
35,7420,0.9591683404823287,9.293842175416575e-08,0.040665040554348476,0.00016652602490114856,25,10,20
35,7421,0.959018824939662,9.295969665408274e-08,0.040814553243592185,0.00016652885704914494,25,10,20
35,7422,0.9765266473844642,7.230431484661104e-08,0.023466028769125197,7.2515420960816796e-06,25,10,20
35,7423,0.9765462892371553,7.212377661411298e-08,0.02344638795407762,7.250684990944829e-06,25,10,20
35,7424,0.9760148355976226,7.216892698728444e-08,0.023977838142717447,7.254090733694526e-06,25,10,20
35,7425,0.9602171611313807,8.380556855414445e-08,0.03977544689026149,7.308172789657401e-06,25,10,20
35,7426,0.9691750378094711,8.346186284678053e-08,0.03067289745457577,0.00015198127409056403,25,10,20
35,7427,0.9700477427999142,8.311832979877993e-08,0.029944903330239015,7.270751517271233e-06,25,10,20
35,7428,0.9657882004821292,1.49146749570428e-07,0.03420386248192694,7.787889194776128e-06,25,10,20
35,7429,0.965682869886166,1.4924078984650359e-07,0.03430917286882423,7.808004220311518e-06,25,10,20
35,7430,0.9654901886665751,1.538471116172714e-07,0.034501779430995555,7.878055318202394e-06,25,10,20
35,7431,0.9666242861411893,1.1125532669084107e-07,0.03337392091539775,1.6816880864124776e-06,25,10,20
35,7432,0.9667587961165611,1.113705219183935e-07,0.033239357041063275,1.7354718538709242e-06,25,10,20
35,7433,0.966365697865324,1.1131076423096763e-07,0.03363246937110924,1.7214528028606527e-06,25,10,20
35,7434,0.9664405836875366,1.1321097694601847e-07,0.03353550414399702,2.3798957489703695e-05,25,10,20
35,7435,0.9546716106590877,9.026736499961789e-07,0.045321963651966175,5.523015296367519e-06,25,10,20
35,7436,0.9531099190362692,9.376402901821404e-07,0.04688342804826481,5.71527517628473e-06,25,10,20
35,7437,0.9531099104903581,9.437957428719254e-07,0.0468826817282048,6.463985694638283e-06,25,10,20
35,7438,0.953336017644334,9.44143734739338e-07,0.04665657030798515,6.467903946409187e-06,25,10,20
35,7439,0.9511544660378657,1.205427623670955e-06,0.04883738304894395,6.945485567433865e-06,25,10,20
35,7440,0.9570759966094056,1.1865508757176762e-06,0.04291598202023339,6.8348194858993055e-06,25,10,20
35,7441,0.955091454234921,1.188748525334318e-06,0.04465931097970724,0.0002480460368472225,25,10,20
35,7442,0.9549800879040745,1.192286254886996e-06,0.04477063361832714,0.0002480861913443617,25,10,20
35,7443,0.9559557395179324,1.1910745193906219e-06,0.043794985451667524,0.0002480839558813557,25,10,20
35,7444,0.9214906609752744,1.1567617670777225e-06,0.07826007686401688,0.00024810539894245116,25,10,20
35,7445,0.8861100276159322,1.1787990955809827e-06,0.11362744865727041,0.00026134492770239824,25,10,20
35,7446,0.8905271781009398,1.1123108108271192e-06,0.1092109551904084,0.0002607543978415961,25,10,20
35,7447,0.8918814807670242,2.2411180153458637e-06,0.10756070589752859,0.0005555722174324835,25,10,20
35,7448,0.8876544054934218,2.241343965881798e-06,0.11178773672451647,0.000555616438096383,25,10,20
35,7449,0.884552862903307,2.6081429979618204e-06,0.11488885022370786,0.0005556787299879439,25,10,20
35,7450,0.903899768667723,2.607428100048626e-06,0.09553505752796063,0.0005625663762170515,25,10,20
35,7451,0.9064254200531126,2.3560160113435427e-06,0.09301013373447913,0.0005620901963978634,25,10,20
35,7452,0.9058162523607457,2.3554806610466247e-06,0.0936194253220824,0.0005619668365115458,25,10,20
35,7453,0.9003481746348959,2.8609215035025194e-06,0.09909169032173142,0.0005572741218695038,25,10,20
35,7454,0.9004564334337826,2.8608465001183783e-06,0.09898341403378948,0.0005572916859281576,25,10,20
35,7455,0.9006980516968289,2.8562630269430484e-06,0.09874184803580988,0.0005572440043347237,25,10,20
35,7456,0.9007581329247704,2.851237940974694e-06,0.09868175048011468,0.0005572653571745995,25,10,20
35,7457,0.8769909854282355,3.34845188449963e-06,0.12244617068730226,0.0005594954325783655,25,10,20
35,7458,0.8760066059598978,3.3787597798419317e-06,0.12343050884076792,0.0005595064395551443,25,10,20
35,7459,0.8639109886316443,3.3930599745605275e-06,0.13552625409460872,0.0005593642137729891,25,10,20
35,7460,0.8636564055449314,3.407124108418114e-06,0.13577783690414325,0.000562350426817525,25,10,20
35,7461,0.8638118198458183,3.40730371964823e-06,0.13562242318241752,0.0005623496680453155,25,10,20
35,7462,0.8637012752204417,3.3979622939270532e-06,0.13573297626072336,0.0005623505565416523,25,10,20
35,7463,0.8536114996255327,3.558935659360737e-06,0.14578321868404637,0.0006017227547622734,25,10,20
35,7464,0.8639084185162605,3.4096426138934675e-06,0.1355263926155582,0.000561779225568284,25,10,20
35,7465,0.8628525691137399,3.410596946175178e-06,0.13658223793485666,0.000561782354458299,25,10,20
35,7466,0.8625418925259136,3.410748518144688e-06,0.13689289336799876,0.0005618033575702568,25,10,20
35,7467,0.8660981025367898,3.0432494753312982e-06,0.13333711581109003,0.000561738402645837,25,10,20
35,7468,0.8605936644316644,7.913889268104079e-06,0.13883610459260498,0.0005623170864634612,25,10,20
35,7469,0.865604973263291,3.0432389459065028e-06,0.13383024592057313,0.000561737577190681,25,10,20
35,7470,0.8661521465140235,3.042051166244359e-06,0.13328273567967533,0.0005620757551356294,25,10,20
35,7471,0.8658968742584886,3.042502832414952e-06,0.13353656978467324,0.0005635134540058248,25,10,20
35,7472,0.8682023930202518,3.0417060198586732e-06,0.13147241283936356,0.000322152434364601,25,10,20
35,7473,0.8646500266616635,3.0416395359056084e-06,0.13502475627758043,0.00032217542122040937,25,10,20
35,7474,0.8647751425197923,3.0416222440963737e-06,0.13489973680249964,0.00032207905546353846,25,10,20
35,7475,0.9006351984877153,1.753007663791975e-06,0.09904700342091247,0.0003160450837080045,25,10,20
35,7476,0.8839215802168051,1.7508524086217683e-06,0.11559193061786167,0.00048473831292406846,25,10,20
35,7477,0.8681900602945285,1.7652641151957843e-06,0.13132066015671615,0.000487514284639459,25,10,20
35,7478,0.8682092278927459,1.7649429931424244e-06,0.13130139672505142,0.00048761043920903614,25,10,20
35,7479,0.8732779219021235,1.3114654551760251e-05,0.12622425799707726,0.0004847054462469459,25,10,20
35,7480,0.867073451295706,1.3119235132522666e-05,0.1323625015545834,0.000550927914577683,25,10,20
35,7481,0.8622151127618549,1.312273763173193e-05,0.1372199248717529,0.0005518396287603385,25,10,20
35,7482,0.8620490100037318,1.3122736930416667e-05,0.13738597981076708,0.0005518874485705781,25,10,20
35,7483,0.8610622412419779,1.3123437156756967e-05,0.1383727461219858,0.0005518891988794245,25,10,20
35,7484,0.871701134003869,2.0301484345104623e-06,0.12774489970744513,0.0005519361402510077,25,10,20
35,7485,0.8717812965592381,2.0301468697806234e-06,0.1276647606568482,0.0005519126370435963,25,10,20
35,7486,0.8719195357042675,2.0296986892973137e-06,0.1275265233202765,0.0005519112767663615,25,10,20
35,7487,0.871843697209433,2.03394254913842e-06,0.12760124523491972,0.0005530236130977091,25,10,20
35,7488,0.8718334820394189,2.034121003026378e-06,0.1276114577818875,0.0005530260576902374,25,10,20
35,7489,0.867023357737827,2.034119176504665e-06,0.13242160176012463,0.0005530063828716658,25,10,20
35,7490,0.8667751744519749,2.0342152669941944e-06,0.13266978246353228,0.0005530088692256,25,10,20
35,7491,0.8301905997027543,2.07937829957903e-06,0.169254357319802,0.0005529635991441583,25,10,20
35,7492,0.8242385399953078,2.0792056843131995e-06,0.17520639788723016,0.0005529829117778088,25,10,20
35,7493,0.8226011538582725,1.7945575995196452e-06,0.17684410075561455,0.0005529508285136888,25,10,20
35,7494,0.8232207117398683,1.7827920346977934e-06,0.17622460812236732,0.0005528973457296822,25,10,20
35,7495,0.8159355965983737,1.4674067308160839e-05,0.1834957324355051,0.0005539968988132016,25,10,20
35,7496,0.8195614058990336,1.4674042897354174e-05,0.17986996703861685,0.0005539530194519848,25,10,20
35,7497,0.8184278449091625,1.467782662511395e-05,0.18100256268504716,0.000554914579164866,25,10,20
35,7498,0.832212904166018,1.4695902344510373e-05,0.16721714718758698,0.0005552527440499866,25,10,20
35,7499,0.8319143626254017,1.4696018431165681e-05,0.16751576276711475,0.0005551785890518235,25,10,20
35,7500,0.8320014831020391,1.4731664088642328e-05,0.16742405405647726,0.0005597311773945683,25,10,20
35,7501,0.8315923292834406,1.4733597290875274e-05,0.16783319182836812,0.0005597452908999166,25,10,20
35,7502,0.8364239438491551,1.4734197589749262e-05,0.16300157889737726,0.0005597430558776017,25,10,20
35,7503,0.8378225339451949,1.4730466826740815e-05,0.16160299862600985,0.00055973696196824,25,10,20
35,7504,0.8422800242122093,1.4727052704635974e-05,0.15714641536059817,0.0005588333744875063,25,10,20
35,7505,0.8422831323731272,1.472695506120165e-05,0.15714330816751795,0.0005588325042932476,25,10,20
35,7506,0.8496147623338425,1.8355962896053463e-06,0.14982567067016617,0.0005577313997014239,25,10,20
35,7507,0.8398253420984731,1.8352980561519261e-06,0.15961500519265207,0.0005578174108181421,25,10,20
35,7508,0.8766483111424102,1.7901411167390927e-06,0.12279208280201345,0.0005578159144593548,25,10,20
35,7509,0.8665369371021989,1.9877126654764964e-06,0.13290375754588554,0.0005573176392496902,25,10,20
35,7510,0.8778922812891059,1.975198464088805e-06,0.12154195206659678,0.0005637914458328909,25,10,20
35,7511,0.8783882135211536,1.975206014906388e-06,0.1210460186219096,0.0005637926509216413,25,10,20
35,7512,0.8783067435786164,1.9753924389558907e-06,0.12112748617628082,0.000563794852663558,25,10,20
35,7513,0.8839879725450318,1.9754751837221734e-06,0.11544625570136548,0.0005637962784187544,25,10,20
35,7514,0.8742041396117908,2.0976055622275826e-06,0.12337014720975029,0.002423615572896134,25,10,20
35,7515,0.8744447475539167,2.0934533470826296e-06,0.12313065400878992,0.002422504983945637,25,10,20
35,7516,0.8751837919671598,2.0927561608170813e-06,0.122391611159622,0.0024225041170567257,25,10,20
35,7517,0.8724792852541596,2.3187344081644762e-06,0.12509490396315834,0.0024234920482732254,25,10,20
35,7518,0.8812667014759502,2.3184259880082293e-06,0.11630757106192421,0.002423409036137011,25,10,20
35,7519,0.8809219783876345,2.322475302569047e-06,0.11665008811981775,0.0024256110172446144,25,10,20
35,7520,0.880784500605313,2.332095039898109e-06,0.11678753312882165,0.0024256341708249825,25,10,20
35,7521,0.8817349781447456,2.3020118841902686e-06,0.11583701402423303,0.0024257058191367717,25,10,20
35,7522,0.8790543853607841,2.3130788203232826e-06,0.11852297457063238,0.0024203269897626997,25,10,20
35,7523,0.8794060664419449,2.3155144635336076e-06,0.1181727904172519,0.0024188276263390996,25,10,20
35,7524,0.8728747735828748,2.3154453430194662e-06,0.12470406520548571,0.0024188457662959613,25,10,20
35,7525,0.8354786145918024,3.8454690785003455e-06,0.16209866173009793,0.0024188782090209787,25,10,20
35,7526,0.8316524998501813,3.963313201461923e-06,0.1658922111587556,0.0024513256778614318,25,10,20
35,7527,0.8276873783001112,3.97857867547063e-06,0.169607127091489,0.0027015160297236235,25,10,20
35,7528,0.8491312965480823,3.576313016164072e-06,0.14846900600263246,0.0023961211362676814,25,10,20
35,7529,0.8491869185169013,3.5758995355537546e-06,0.1484134852644093,0.0023960203191526323,25,10,20
35,7530,0.8387176075684094,3.5793999908046675e-06,0.15888277518840005,0.0023960378431986903,25,10,20
35,7531,0.832274831513894,3.8084091123331387e-06,0.1652643855764856,0.002456974500507361,25,10,20
35,7532,0.8356178127693127,3.8017511931876352e-06,0.16192167105415828,0.0024567144253353087,25,10,20
35,7533,0.8476735978714371,3.05487031224928e-06,0.14986799406699652,0.002455353191252931,25,10,20
35,7534,0.8476925089109933,3.0606498744426398e-06,0.1498478496302104,0.002456580808920647,25,10,20
35,7535,0.8314884906345236,3.0725113504908045e-06,0.16605191620383916,0.0024565206502863645,25,10,20
35,7536,0.8360550087982354,3.318143090187053e-06,0.1614851714009109,0.002456501657763046,25,10,20
35,7537,0.8426060135750538,3.0937261853364734e-06,0.1549952371118255,0.0023956555869345517,25,10,20
35,7538,0.8423001219574572,3.093907983341942e-06,0.1553011280452265,0.002395656089332379,25,10,20
35,7539,0.8298520547907152,3.84286458029744e-06,0.16774489109019805,0.0023992112545064923,25,10,20
35,7540,0.8335213040362703,3.7223259856703915e-06,0.164108891037366,0.0023660826003778367,25,10,20
35,7541,0.837044474845177,3.4963502130185354e-06,0.16058702838287972,0.0023650004217302145,25,10,20
35,7542,0.8373197412277061,3.4907058112270805e-06,0.1603130168617648,0.0023637512047179,25,10,20
35,7543,0.8475765858292916,3.3688588809787313e-06,0.15191612027141504,0.0005039250404122441,25,10,20
35,7544,0.8405799974941527,3.377093964222291e-06,0.1589105053404033,0.0005061200714795935,25,10,20
35,7545,0.8421420625406132,3.3586092423271705e-06,0.15734880166138898,0.0005057771887554028,25,10,20
35,7546,0.8422902552491622,3.361870294820632e-06,0.15720062518143424,0.0005057576991087761,25,10,20
35,7547,0.8482416122857311,3.112570133315118e-06,0.1512494174361494,0.0005058577079862535,25,10,20
35,7548,0.8478107362550356,3.1122251033193333e-06,0.15168029382557496,0.0005058576942862789,25,10,20
35,7549,0.8480021445498713,3.112226416757195e-06,0.15148755829268976,0.000507184931022423,25,10,20
35,7550,0.8565218653295534,1.1207780396191524e-05,0.14295829779815813,0.0005086290918918376,25,10,20
35,7551,0.856442333680688,1.122863320442227e-05,0.14303253447393152,0.0005139032121758559,25,10,20
35,7552,0.8631670553731295,1.1220760803994788e-05,0.13630998848292003,0.0005117353831455307,25,10,20
35,7553,0.8745274331114078,1.1390760742445053e-05,0.12495277837084176,0.0005083977570073815,25,10,20
35,7554,0.8735520197334254,3.292722277197097e-06,0.125887128450654,0.0005575590936428138,25,10,20
35,7555,0.880360695468413,3.292696270543333e-06,0.11907849495334277,0.0005575168819730832,25,10,20
35,7556,0.8806830079824589,3.2926938734515096e-06,0.11875618167069354,0.0005575176529737302,25,10,20
35,7557,0.8759656536111557,3.5103043927550786e-06,0.1233896813932904,0.000641154691160602,25,10,20
35,7558,0.8713615820591418,3.5102811319858315e-06,0.12799506436757513,0.0006398432921504211,25,10,20
35,7559,0.8718026010915242,3.0275398812446082e-06,0.12755266511570895,0.0006417062528848544,25,10,20
35,7560,0.8669711255333321,4.831595049782633e-06,0.13238706866720004,0.0006369742044170278,25,10,20
35,7561,0.8706748190549676,4.825673137891456e-06,0.12873394970884747,0.0005864055630462703,25,10,20
35,7562,0.8549635177772315,4.8595397150968785e-06,0.14444518710361548,0.0005864355794376455,25,10,20
35,7563,0.8508522536622367,5.333604290096244e-06,0.14842584403114045,0.000716568702332165,25,10,20
35,7564,0.8442427665865441,5.337299296966078e-06,0.15497384247118345,0.000778053642974835,25,10,20
35,7565,0.8488173621388125,5.347678470848504e-06,0.15039925063641726,0.0007780395462988713,25,10,20
35,7566,0.8493343159007007,5.342542374816957e-06,0.1498836392726751,0.0007767022842490542,25,10,20
35,7567,0.8491057215926471,5.343062736223392e-06,0.15011220852321805,0.000776726821398404,25,10,20
35,7568,0.871377647040819,4.837908561696018e-06,0.1278432529250775,0.0007742621255417419,25,10,20
35,7569,0.8710773287896587,4.837976038978062e-06,0.12813831329211398,0.00077951994218834,25,10,20
35,7570,0.8643543580298652,4.846222376510615e-06,0.13486125835932006,0.0007795373884382133,25,10,20
35,7571,0.8682482691860574,4.831678833374882e-06,0.1312174446528151,0.0005294544822941628,25,10,20
35,7572,0.8380879496439162,4.901486260817101e-06,0.16137730151109256,0.0005298473587302248,25,10,20
35,7573,0.8443026964205009,4.896904044262605e-06,0.15522878261514697,0.0004636240603077631,25,10,20
35,7574,0.8443690619086307,4.896185194849137e-06,0.15516252611798886,0.00046351578818555687,25,10,20
35,7575,0.8616268945731994,4.886215888657934e-06,0.13807089908773174,0.00029732012318006815,25,10,20
35,7576,0.868258892800945,4.882150125463438e-06,0.13150038922532356,0.00023583582360586766,25,10,20
35,7577,0.867534328446369,5.424034567642806e-06,0.13222181180240722,0.00023843571665595838,25,10,20
35,7578,0.8666718796558825,5.42437752727982e-06,0.13308417452052315,0.0002385214460668611,25,10,20
35,7579,0.8597494509657169,5.6557909942478955e-06,0.13636449394350478,0.003880399299784216,25,10,20
35,7580,0.8352800887258662,3.817028838444837e-06,0.1608186746653234,0.0038974195799721,25,10,20
35,7581,0.8351075543950836,3.817091021395017e-06,0.16099028077889713,0.003898347734998211,25,10,20
35,7582,0.8200328824999048,3.3918780510789157e-06,0.1760645441265118,0.0038991814955325623,25,10,20
35,7583,0.8162217617277604,3.6473659453059195e-06,0.1798393039250901,0.003935286981203974,25,10,20
35,7584,0.8455026965408655,3.833319901818224e-06,0.15057528481105584,0.003918185328176809,25,10,20
35,7585,0.8612268077251042,3.916423684992638e-06,0.13485343114536982,0.003915844705840635,25,10,20
35,7586,0.8617393266265286,3.729419517429161e-06,0.1343411852077271,0.003915758746226478,25,10,20
35,7587,0.8610844594820329,4.288823525332668e-06,0.13499637227852865,0.003914879415912772,25,10,20
35,7588,0.8615912395330101,4.288499801160172e-06,0.13449486372186842,0.003909608245320048,25,10,20
35,7589,0.8272119937223281,4.286966865593605e-06,0.16887948190178378,0.003904237409022454,25,10,20
35,7590,0.8323195276311364,4.2834389836883735e-06,0.16377107844087002,0.0039051104890100723,25,10,20
35,7591,0.8325689341740506,4.282959090765046e-06,0.16352355056060403,0.0039032323062547706,25,10,20
35,7592,0.8267956269506571,1.5065709358366762e-05,0.16928427733164447,0.003905030008340375,25,10,20
35,7593,0.8324468037888465,4.283031717265002e-06,0.16364565765638836,0.0039032555230479123,25,10,20
35,7594,0.8321204400175677,4.283393148987857e-06,0.16397016772471737,0.003905108864566109,25,10,20
35,7595,0.8308145379119556,4.842644902193388e-06,0.16527539892842738,0.0039052205147153047,25,10,20
35,7596,0.8281992995977582,4.433210426733971e-06,0.16789361504171174,0.003902652150104102,25,10,20
35,7597,0.8334707814266467,4.4295717026001025e-06,0.16262217175200713,0.0039026172496441974,25,10,20
35,7598,0.8345468842136632,4.409078877347549e-06,0.1615512663490854,0.0038974403583746983,25,10,20
35,7599,0.8307831853890923,4.4089307271465795e-06,0.16531494718166329,0.0038974584985180787,25,10,20
35,7600,0.8599936802311612,2.8776103085885506e-06,0.13605742976798968,0.003946012390540698,25,10,20
35,7601,0.853949300539363,3.1016870993814306e-06,0.14204171221503206,0.00400588555850566,25,10,20
35,7602,0.8539547664800723,3.101410438149879e-06,0.14203585238096036,0.00400627972852921,25,10,20
35,7603,0.858654337797552,2.8882225518837547e-06,0.13742007153114194,0.003922702448754271,25,10,20
35,7604,0.8745014649069858,2.8590105505285994e-06,0.1215730046553263,0.003922671427137454,25,10,20
35,7605,0.8848962748304118,2.6610943278931637e-06,0.11117939240609197,0.0039216716691686405,25,10,20
35,7606,0.8850825722510062,2.6566579559418413e-06,0.11099311265684296,0.003921658434195155,25,10,20
35,7607,0.8731280808119932,2.195365920333769e-06,0.1230741407068348,0.0037955831152519607,25,10,20
35,7608,0.8730024872558291,2.196578105533125e-06,0.12319973302948624,0.0037955831365794725,25,10,20
35,7609,0.8468250890104007,2.2326284643322164e-06,0.14937693757007148,0.0037957407910638036,25,10,20
35,7610,0.8574804355483033,1.9689000734101144e-06,0.13875797843324617,0.0037596171183773047,25,10,20
35,7611,0.8575011192128491,1.967691372710667e-06,0.1387373182121282,0.003759594883650124,25,10,20
35,7612,0.8533848621533648,2.175690884898215e-06,0.14279668311188956,0.003816279043860605,25,10,20
35,7613,0.8535982303745469,1.944397556049161e-06,0.14622550465254713,0.00017432057535011897,25,10,20
35,7614,0.853994504138138,1.3888400971085918e-06,0.14582892043936072,0.00017518658240433987,25,10,20
35,7615,0.8483281479942684,1.3936536646680078e-06,0.15149617173012686,0.00017428662194095382,25,10,20
35,7616,0.8392096949252322,1.3934193735277087e-06,0.16061462660791753,0.00017428504747657984,25,10,20
35,7617,0.8277825521733702,8.975572000040011e-06,0.17203348443653005,0.00017498781810033624,25,10,20
35,7618,0.826997415133234,8.882693749476322e-06,0.17281918373240565,0.0001745184406113521,25,10,20
35,7619,0.8423974671251608,8.860505866587444e-06,0.1574231162009319,0.00017055616804107981,25,10,20
35,7620,0.8585828225289188,8.860279599451105e-06,0.14123775793655657,0.00017055925492527924,25,10,20
35,7621,0.8590696394963012,8.860339642116242e-06,0.14075094584645245,0.0001705543176042167,25,10,20
35,7622,0.8588233677319808,8.860473302978026e-06,0.14099719266838734,0.00017057912632909366,25,10,20
35,7623,0.858163583410614,8.86502474644428e-06,0.14165560016251852,0.0001719514021210011,25,10,20
35,7624,0.8395416805060859,8.96847295561828e-06,0.15872821804451837,0.001721132976440389,25,10,20
35,7625,0.8391671626359064,8.962639497378368e-06,0.15910357442755296,0.001720300297043386,25,10,20
35,7626,0.8041661034705596,1.0243862372977934e-05,0.19376110930906243,0.0020625433580053988,25,10,20
35,7627,0.8040332044373699,1.0249363969779298e-05,0.19389402365951244,0.002062522539148153,25,10,20
35,7628,0.806974541433854,1.0126478272346378e-05,0.19095150418744924,0.002063827900424445,25,10,20
35,7629,0.8130736941439345,1.0117748416455662e-05,0.18485237550539171,0.002063812602257832,25,10,20
35,7630,0.8122054468517669,1.112854856331113e-05,0.18571490679083041,0.0020685178088397224,25,10,20
35,7631,0.811796994875,1.1137986696323374e-05,0.18612200485996844,0.002069862278335517,25,10,20
35,7632,0.8116666038547463,1.1138031008420968e-05,0.1862523498427602,0.0020699082714853434,25,10,20
35,7633,0.8114145470868259,1.1133749491335593e-05,0.1865044100426576,0.002069909121025429,25,10,20
35,7634,0.8037863435423848,1.1133637000987978e-05,0.19413261480845834,0.002069908012156829,25,10,20
35,7635,0.8125511688143091,1.1133510422236388e-05,0.1854164705182764,0.0020212271569929824,25,10,20
35,7636,0.8237660275718148,3.556817216874819e-06,0.17420850449899816,0.0020219111119708115,25,10,20
35,7637,0.8560369429795227,3.5571708951933403e-06,0.14193767450785083,0.002021825341731395,25,10,20
35,7638,0.8442689991043224,4.275484379001841e-06,0.1537048936323464,0.0020218317789524034,25,10,20
35,7639,0.8445188667562158,4.2754748854216685e-06,0.1534550526562552,0.0020218051126437127,25,10,20
35,7640,0.8439621295003442,4.282970619447716e-06,0.15400981651421095,0.0020237710148253703,25,10,20
35,7641,0.8438867309399075,4.282587398634997e-06,0.15408508536972731,0.002023901102966679,25,10,20
35,7642,0.8436660536699204,4.282897184591837e-06,0.1543043471228,0.0020253163100948444,25,10,20
35,7643,0.8439479490691439,4.283185462848448e-06,0.1540200314096346,0.002027736335758615,25,10,20
35,7644,0.8438828910919222,4.283073730645676e-06,0.15408512332901092,0.0020277025053362183,25,10,20
35,7645,0.8441660573984555,4.282973890945659e-06,0.1538033367573418,0.0020263228703115564,25,10,20
35,7646,0.8383146852281326,4.277433927179217e-06,0.1595916274363779,0.002089409901562001,25,10,20
35,7647,0.8379066546521783,4.287419815675365e-06,0.1599995115862249,0.0020895463417807915,25,10,20
35,7648,0.8381951691567407,4.287393655433612e-06,0.15971267981541584,0.002087863634187374,25,10,20
35,7649,0.835365309347144,4.2773496969308735e-06,0.16254267706549375,0.002087736237665141,25,10,20
35,7650,0.8370480321495396,3.7161153740861246e-06,0.16086059347171688,0.002087658263369444,25,10,20
35,7651,0.8377041849349126,2.694952094918612e-06,0.16021016659693202,0.0020829535160603726,25,10,20
35,7652,0.8014658536972058,2.6948716223858074e-06,0.1964489903662199,0.0020824610649520696,25,10,20
35,7653,0.8017052593322448,2.69488341675889e-06,0.1962096299107883,0.0020824158735496747,25,10,20
35,7654,0.7951667519756651,2.9239435604073815e-06,0.20275042333659848,0.002079900744176337,25,10,20
35,7655,0.79516374313721,2.9239371096401184e-06,0.20275343563598136,0.002079897289699411,25,10,20
35,7656,0.8309163895120821,2.9239327300847986e-06,0.16700079157783784,0.0020798949773495005,25,10,20
35,7657,0.8306062443652926,2.9195881077582666e-06,0.16737535489961652,0.002015481146982646,25,10,20
35,7658,0.8327323682208925,2.9189886864135627e-06,0.16524926054715927,0.0020154522432614145,25,10,20
35,7659,0.839874945964022,3.204208270228636e-06,0.15810514581039375,0.0020167040173129877,25,10,20
35,7660,0.834348132422623,3.198844308992561e-06,0.16363221818954712,0.0020164505435205,25,10,20
35,7661,0.8142614088608795,3.598079011320919e-06,0.18368821341939284,0.0020467796407159654,25,10,20
35,7662,0.7836819644190848,4.266264243901511e-06,0.2142617069850325,0.0020520623316392763,25,10,20
35,7663,0.7835370126660763,4.266099458725067e-06,0.21440678289581327,0.002051938338652199,25,10,20
35,7664,0.7839119487037699,4.266456206919975e-06,0.21403324077246444,0.0020505440675592356,25,10,20
35,7665,0.7736767263041286,4.268323703343593e-06,0.22426643912423558,0.0020525662479330712,25,10,20
35,7666,0.7841646790295728,4.260864351514506e-06,0.21378051983173235,0.0020505402743441706,25,10,20
35,7667,0.7964011965692396,3.543427965659496e-06,0.20154465190552887,0.0020506080972666303,25,10,20
35,7668,0.7962991841981168,3.54347830809239e-06,0.20164664958390646,0.002050622739669288,25,10,20
35,7669,0.8022601687606994,3.319459764880806e-06,0.1957457646814189,0.0019907470981172072,25,10,20
35,7670,0.8372251844226172,2.0572209523008675e-06,0.1611189421116872,0.0016538162447435134,25,10,20
35,7671,0.8271839073164476,2.416354490997689e-06,0.1710601446702273,0.0017535316588342673,25,10,20
35,7672,0.8274777215253875,2.4111621254190814e-06,0.1707663376408634,0.0017535296716239754,25,10,20
35,7673,0.8277553150422972,2.4056380302250965e-06,0.17049013385188208,0.0017521454677907116,25,10,20
35,7674,0.8576154216121084,2.3695744066770117e-06,0.14063021032198225,0.0017519984915023862,25,10,20
35,7675,0.8578196656349789,2.3693747982774346e-06,0.14042597085216793,0.0017519941380546922,25,10,20
35,7676,0.8444723065721775,9.441434327354299e-06,0.15376464639775678,0.0017536055957378114,25,10,20
35,7677,0.8263808230873809,9.442196813593675e-06,0.1718560256623881,0.0017537090534171876,25,10,20
35,7678,0.8438935012932249,9.372140621781002e-06,0.15589017021861,0.0002069563475425402,25,10,20
35,7679,0.8452247445865351,9.33870467788252e-06,0.15456137011557583,0.0002045465932104374,25,10,20
35,7680,0.8451467553419841,9.338711027423685e-06,0.154639358480297,0.0002045474666906622,25,10,20
35,7681,0.8554751133478539,8.979603921745237e-06,0.14441092009107892,0.00010498695714506118,25,10,20
35,7682,0.8525238643592753,8.97977261513137e-06,0.1473616216630428,0.00010553420506653234,25,10,20
35,7683,0.8193039313031649,9.004589313024224e-06,0.18058133707332513,0.00010572703419671524,25,10,20
35,7684,0.8029804150130753,9.33677246799323e-06,0.19690572079286156,0.00010452742159608645,25,10,20
35,7685,0.796852705256309,9.341401489907776e-06,0.20303344944714777,0.00010450389505453696,25,10,20
35,7686,0.8135888113535021,8.72573252011896e-06,0.18629781850408766,0.00010464440989001086,25,10,20
35,7687,0.8361733552218127,8.708272193318652e-06,0.16371148017183265,0.00010645633416142883,25,10,20
35,7688,0.8362666043208862,8.708202639073256e-06,0.16361823022111316,0.00010645725536164723,25,10,20
35,7689,0.8362642473233266,8.708291258383885e-06,0.16362058583004205,0.00010645855537282529,25,10,20
35,7690,0.8393671737633305,8.708257393884637e-06,0.16051766850401225,0.00010644947526313809,25,10,20
35,7691,0.8458170964340137,8.710454998300851e-06,0.15406730643937114,0.00010688667161618411,25,10,20
35,7692,0.8451182655925978,8.72632246492005e-06,0.15476429174892192,0.00010871633601457446,25,10,20
35,7693,0.8581161164634681,1.6711468920583456e-06,0.14177506444849852,0.00010714794114084268,25,10,20
35,7694,0.8586456404889717,1.6711551253859621e-06,0.14124553723149433,0.00010715112440816718,25,10,20
35,7695,0.8584289451381477,1.8581239871687727e-06,0.14146113103307503,0.00010806570478968382,25,10,20
35,7696,0.8552405674400866,1.8507367787803902e-06,0.14465141684824903,0.00010616497488484801,25,10,20
35,7697,0.8542619165324682,1.8495177468000796e-06,0.14562249915550823,0.00011373479427618323,25,10,20
35,7698,0.8550183094652541,1.833720373371188e-06,0.14486794949115284,0.00011190732321898567,25,10,20
35,7699,0.8550360943292934,1.6468181812173692e-06,0.14485124760944326,0.00011101124308157453,25,10,20
35,7700,0.8549751216775665,1.6646497156801773e-06,0.14491207206826384,0.00011114160445324342,25,10,20
35,7701,0.8589059999051516,1.6596037529995082e-06,0.1409832301953482,0.00010911029574673147,25,10,20
35,7702,0.8580808142745616,1.6602953407191679e-06,0.14180345194070001,0.00011407348939723757,25,10,20
35,7703,0.8782806200389011,1.261762331136202e-06,0.1216341609023615,8.395729640553851e-05,25,10,20
35,7704,0.9082855575623557,1.1868229141758194e-06,0.09162978474202589,8.347087270372316e-05,25,10,20
35,7705,0.9082387294473026,1.1880476144536768e-06,0.09167671397378237,8.336853129997345e-05,25,10,20
35,7706,0.9091739824745345,1.1700873017938986e-06,0.09074171319588739,8.313424227583384e-05,25,10,20
35,7707,0.9207169577845804,1.1822443104462e-06,0.07914216159156251,0.00013969837954647802,25,10,20
35,7708,0.9177829074421011,1.1861425429582066e-06,0.08207615441766965,0.00013975199768605115,25,10,20
35,7709,0.9106534296007225,1.0368003418916214e-05,0.0891962177658282,0.00013998463002990198,25,10,20
35,7710,0.9086550005848321,1.037536294815373e-05,0.09119500675194737,0.00013961730027186396,25,10,20
35,7711,0.9085773862611104,1.0661023792034149e-05,0.091272327046741,0.00013962566835595906,25,10,20
35,7712,0.9083138070542196,1.0661300850516618e-05,0.09153585691729123,0.00013967472763814362,25,10,20
35,7713,0.9073421076501248,1.0661646086822568e-05,0.0925074686548002,0.00013976204898771773,25,10,20
35,7714,0.9068786153033048,1.0643832191808143e-05,0.09297110674778646,0.00013963411671649253,25,10,20
35,7715,0.8946632801899529,1.1255805392380368e-05,0.10518582551662435,0.00013963848803007445,25,10,20
35,7716,0.9045575739168771,2.073638494135514e-06,0.09530154148036356,0.00013881096426471355,25,10,20
35,7717,0.8916539842383502,3.5396064341462904e-06,0.10820354444951706,0.00013893170569817848,25,10,20
35,7718,0.88006411126644,3.692950538229392e-06,0.1197924716648365,0.0001397241181848603,25,10,20
35,7719,0.9159065215874054,3.0621589138458992e-06,0.08395684830192478,0.00013356795175557113,25,10,20
35,7720,0.9218984953811254,3.0495203067534866e-06,0.07802155184705611,7.690325151122822e-05,25,10,20
35,7721,0.9226391845017095,3.0539153016679325e-06,0.07721374075398917,0.0001440208289991546,25,10,20
35,7722,0.9072782824409478,3.6461957763994623e-06,0.09256860380531,0.00014946755796564387,25,10,20
35,7723,0.9102458473975659,3.4973204857926437e-06,0.08956840275585534,0.00018225252609245404,25,10,20
35,7724,0.8948218367580892,3.497168458414015e-06,0.10499250239079286,0.00018216368265901064,25,10,20
35,7725,0.8952017908768848,3.4970254917763586e-06,0.10461254941322999,0.00018216268439310974,25,10,20
35,7726,0.8950599414111938,3.4974181597415313e-06,0.10475438580131877,0.00018217536932715688,25,10,20
35,7727,0.8985614290507894,3.497315770230141e-06,0.10125296259482562,0.00018211103861429047,25,10,20
35,7728,0.9090670889476035,3.5043095140644766e-06,0.08931071208466847,0.0016186946582136751,25,10,20
35,7729,0.8713920865969185,3.549180362453437e-06,0.1262951055209654,0.002309258701753119,25,10,20
35,7730,0.8723851353093334,3.534972696720791e-06,0.12530745705521007,0.0023038726627592106,25,10,20
35,7731,0.8719938734743434,3.2537415772208704e-06,0.12563837720385784,0.0023644955802206886,25,10,20
35,7732,0.8725317564883358,3.24924839345407e-06,0.12515826235386243,0.0023067319094074515,25,10,20
35,7733,0.9107903599792112,3.2045412887509606e-06,0.08759048271518752,0.0016159527643121846,25,10,20
35,7734,0.9236542060529822,1.7389039943618036e-06,0.07472813253713978,0.0016159225058831354,25,10,20
35,7735,0.9231598290394519,1.7442059873891472e-06,0.07522115231914137,0.0016172744354189022,25,10,20
35,7736,0.8908260990473729,1.7703357344853588e-06,0.10754190601714082,0.0016302245997512836,25,10,20
35,7737,0.8783884443765695,1.4821554607408751e-06,0.11998336644707773,0.0016267070208914956,25,10,20
35,7738,0.8520696387728554,1.4765401042120134e-06,0.1463021791609084,0.0016267055261318664,25,10,20
35,7739,0.8540551151340458,1.4670446447570648e-06,0.14431676801100018,0.0016266498103090065,25,10,20
35,7740,0.8549219362969817,1.4709185240595367e-06,0.14488534846986345,0.000191244314630386,25,10,20
35,7741,0.8654367340913541,1.4708634962585072e-06,0.134370563720527,0.00019123132462212265,25,10,20
35,7742,0.8803936659134537,8.550074106760972e-07,0.1194143028061676,0.00019117627296773006,25,10,20
35,7743,0.8805227798896815,8.547501759596184e-07,0.11928523652052352,0.00019112883961865983,25,10,20
35,7744,0.8866924507632372,8.500677516852485e-07,0.11311559069398446,0.00019110847502653078,25,10,20
35,7745,0.8743744933123778,1.239945956977102e-06,0.1254331283716536,0.00019113837001130262,25,10,20
35,7746,0.8745423600044677,1.239812797573666e-06,0.12526526367379684,0.00019113650893755148,25,10,20
35,7747,0.8794727251059178,1.228719861607389e-06,0.12033608896464293,0.00018995720957745775,25,10,20
35,7748,0.911434082793633,1.2026097708664709e-06,0.08831134972332817,0.00025336487326763915,25,10,20
35,7749,0.875312766061969,1.2018115423993972e-06,0.12442577392147407,0.0002602582050145716,25,10,20
35,7750,0.8816509392176531,9.752094935001203e-07,0.1180878567734899,0.00026022879936346376,25,10,20
35,7751,0.893017286646522,6.23440162944272e-07,0.10672189185620518,0.00026019805710994384,25,10,20
35,7752,0.8727059871625693,6.40645564181354e-07,0.12703084047638863,0.00026253171547797367,25,10,20
35,7753,0.8728999209532495,6.402804149701221e-07,0.12683693560975165,0.000262503156584086,25,10,20
35,7754,0.8729127845351111,6.401787420497137e-07,0.12682409769172218,0.0002624775944249674,25,10,20
35,7755,0.8563409500680466,6.502007488884418e-07,0.14339812889074438,0.00026027084046048447,25,10,20
35,7756,0.8567847818930783,6.504673420976643e-07,0.14303070242969063,0.0001838652098893884,25,10,20
35,7757,0.8569119566309058,6.504690767654454e-07,0.14290350207645655,0.00018389082356119575,25,10,20
35,7758,0.8570633408452677,6.500039000159954e-07,0.14275212012803085,0.00018388902280176258,25,10,20
35,7759,0.856100199018138,6.574807575938581e-07,0.14360036432411685,0.0002987791769878254,25,10,20
35,7760,0.8562288508108322,6.575447632746534e-07,0.14347171668861905,0.00029877495578555825,25,10,20
35,7761,0.8558992403334028,6.636480036058057e-07,0.14380049559134248,0.0002996004272511417,25,10,20
35,7762,0.8549613098086052,6.873299952636992e-07,0.1447371458228453,0.0003008570385544828,25,10,20
35,7763,0.8550550671293703,6.873383546243825e-07,0.14464338745535502,0.0003008580769201783,25,10,20
35,7764,0.863030564183392,6.82857337240063e-07,0.13670147306846023,0.00026727989081057465,25,10,20
35,7765,0.8562051482380733,9.261309652495201e-07,0.14352747075746344,0.00026645487349792065,25,10,20
35,7766,0.8538845015624436,1.9657129039046447e-06,0.14584708896323292,0.00026644376141939216,25,10,20
35,7767,0.8695094022210178,1.9651894310172855e-06,0.1302222048674649,0.0002664277220861662,25,10,20
35,7768,0.8316386725558153,4.462697235341425e-06,0.16807832027335248,0.0002785444735969707,25,10,20
35,7769,0.837623474665554,5.156676283723484e-06,0.15092188841003812,0.011449480248124548,25,10,20
35,7770,0.8269210534748277,5.144049894021468e-06,0.1616243199368567,0.01144948253842228,25,10,20
35,7771,0.8333412039519372,5.378167133282856e-06,0.15520385246248486,0.011449565418445115,25,10,20
35,7772,0.8209894640715141,5.537456295589487e-06,0.16751134997958342,0.011493648492605774,25,10,20
35,7773,0.8513398694072629,5.536993294049851e-06,0.13716787053635732,0.011486723063085767,25,10,20
35,7774,0.851254531226019,5.532069086432386e-06,0.1373232143342796,0.011416722370615003,25,10,20
35,7775,0.8515058694602874,5.52686622486316e-06,0.1370731625196401,0.011415441153847555,25,10,20
35,7776,0.8794221267395378,5.226257787905103e-06,0.10915781443126017,0.0114148325714144,25,10,20
35,7777,0.8792020077907692,5.451769828771021e-06,0.10937761360371515,0.01141492683568726,25,10,20
35,7778,0.878381743212005,5.453030626413271e-06,0.11019778066612265,0.011415023091246295,25,10,20
35,7779,0.9084773446130556,4.732405987500236e-06,0.09127396262156275,0.0002439603593947313,25,10,20
35,7780,0.9003937977940069,4.834205757519134e-06,0.0993552019749489,0.00024616602528661517,25,10,20
35,7781,0.9042325041919724,1.1314851473610981e-05,0.09548044066231895,0.0002757402942351299,25,10,20
35,7782,0.8881024331121465,1.658892289475948e-05,0.11166145729028135,0.0002195206746771317,25,10,20
35,7783,0.8756394735222491,1.6601848231863738e-05,0.12405754725805697,0.0002863773714616782,25,10,20
35,7784,0.8722581416093034,1.6660790475741097e-05,0.12651736602674177,0.0012078315734788147,25,10,20
35,7785,0.8779693101087687,1.6660884650045147e-05,0.12080621753695656,0.0012078114696245337,25,10,20
35,7786,0.8890232464661157,1.6655671174878095e-05,0.10974532943763929,0.0012147684250695527,25,10,20
35,7787,0.879489405058386,1.6656303547803085e-05,0.11927943513279621,0.0012145035052693728,25,10,20
35,7788,0.8757450133432644,1.6620849280376636e-05,0.12302324746921309,0.001215118338241585,25,10,20
35,7789,0.8758931596636568,1.661820158189104e-05,0.12287370870355131,0.0012165134312093263,25,10,20
35,7790,0.8753253691746457,1.7392630753369906e-05,0.12343585756642893,0.0012213806281714413,25,10,20
35,7791,0.8748296881841355,1.498581572035454e-05,0.12394605904410329,0.0012092669560403657,25,10,20
35,7792,0.8696332066230843,1.4995294097899037e-05,0.12910659033031135,0.0012452077525057605,25,10,20
35,7793,0.8830199184366694,1.4911941962995343e-05,0.115718062536155,0.001247107085212084,25,10,20
35,7794,0.8830140018918716,1.491203759700825e-05,0.11572686259652569,0.0012442234740050143,25,10,20
35,7795,0.8829782156150113,1.4906107717214142e-05,0.11575921863459597,0.0012476596426746792,25,10,20
35,7796,0.8831119093671037,1.4906013413392244e-05,0.11562552711415419,0.0012476575053280007,25,10,20
35,7797,0.8840296053198189,1.490604069502322e-05,0.11471279181296515,0.0012426968265203495,25,10,20
35,7798,0.8791660760719442,1.4852076147213839e-05,0.11952330210723414,0.0012957697446738593,25,10,20
35,7799,0.8796697384917546,1.4834346558188445e-05,0.11902427289987041,0.0012911542618162214,25,10,20
35,7800,0.879076768044781,1.4851989814126906e-05,0.11961703929409452,0.0012913406713096418,25,10,20
35,7801,0.8794207732127509,1.4615461128660031e-05,0.11927326899930484,0.0012913423268147114,25,10,20
35,7802,0.881646013842416,1.4613482490841546e-05,0.11704851487577989,0.0012908577993124462,25,10,20
35,7803,0.8802905331516858,1.4613499810665924e-05,0.11840400001408943,0.0012908533344132517,25,10,20
35,7804,0.8927232940499823,1.460081786899345e-05,0.10603802468193196,0.001224080450216179,25,10,20
35,7805,0.893655988329073,1.3603386339570878e-05,0.10511110528958793,0.001219302994998961,25,10,20
35,7806,0.8974476542876799,7.393942174475768e-06,0.10135643422021205,0.001188517549932856,25,10,20
35,7807,0.8976764007092164,7.412090414818734e-06,0.10112765733579637,0.0011885298645716391,25,10,20
35,7808,0.8912865667890277,7.430747197509904e-06,0.10755334652576992,0.0011526559380040464,25,10,20
35,7809,0.8922329614167974,7.4307562285023804e-06,0.1066069519334106,0.001152655893562677,25,10,20
35,7810,0.9044474145408116,7.271639323167229e-06,0.0944367382578857,0.0011085755619793373,25,10,20
35,7811,0.9026866288008354,7.334601392139421e-06,0.09619657338459733,0.0011094632131749965,25,10,20
35,7812,0.8979533683081776,7.494389077283058e-06,0.10093299222608546,0.0011061450766595281,25,10,20
35,7813,0.9013542401600085,7.841506179088865e-06,0.0974001424683368,0.0012377758654754472,25,10,20
35,7814,0.9013547638617073,7.841684959099017e-06,0.09739961724063308,0.0012377772127004473,25,10,20
35,7815,0.8861926319705485,8.37422771877021e-06,0.11241905556907206,0.0013799382326602,25,10,20
35,7816,0.8760313544554301,0.0004221194078712405,0.1221654337823431,0.0013810923543549703,25,10,20
35,7817,0.867470804793983,0.0004221247069524746,0.13072607631268215,0.0013809941863819274,25,10,20
35,7818,0.8542828274967569,0.00042277906661100976,0.14390534503617725,0.00138904840045439,25,10,20
35,7819,0.8448504116840055,0.0004226765618306476,0.1534710230834095,0.0012558886707539458,25,10,20
35,7820,0.8454029187630507,0.0004223035589441859,0.1529198609682146,0.001254916709790081,25,10,20
35,7821,0.8563714872525359,0.0004222833793753156,0.14195086766370893,0.0012553617043795896,25,10,20
35,7822,0.8305364306467696,0.00042281312281797803,0.16750617442666407,0.0015345818037478275,25,10,20
35,7823,0.8306350081320518,0.0004228132633478634,0.16740765601454752,0.0015345225900521664,25,10,20
35,7824,0.8302560142387762,0.0004228132589206156,0.16778658600774907,0.0015345864945535902,25,10,20
35,7825,0.8297010119921818,0.0004228204534614083,0.16833959714384628,0.0015365704105101147,25,10,20
35,7826,0.839584690963514,9.946229320367286e-06,0.158867371407542,0.0015379913996228756,25,10,20
35,7827,0.8412998833617745,9.939036943739196e-06,0.15702925887012337,0.001660918731158294,25,10,20
35,7828,0.8280233851715728,3.942428948005381e-05,0.1702739405624342,0.0016632499765128882,25,10,20
35,7829,0.843227189333359,3.889190408246546e-05,0.15521282605793196,0.0015210927046263572,25,10,20
35,7830,0.8449058393228749,3.88289451287636e-05,0.15353512668484887,0.0015202050471472017,25,10,20
35,7831,0.8454806076994602,3.88301791050423e-05,0.15296032915681715,0.0015202329646173624,25,10,20
35,7832,0.823211343518993,3.9280042933813904e-05,0.17181827851381765,0.0049310979242551565,25,10,20
35,7833,0.8250183281380291,3.82408951225346e-05,0.17001239865459553,0.0049310323122524246,25,10,20
35,7834,0.8253067852369739,3.822490371560294e-05,0.16973089507665076,0.004924094782659686,25,10,20
35,7835,0.8474590529754111,3.777507034821374e-05,0.15098855845131662,0.001514613502924096,25,10,20
35,7836,0.843494791997362,3.6904740106071214e-05,0.15495564298293418,0.0015126602795978734,25,10,20
35,7837,0.8457916710807689,3.666789752158075e-05,0.15265902007577062,0.0015126409459390799,25,10,20
35,7838,0.8539213708355602,3.6510456127043045e-05,0.14452944364492973,0.0015126750633831182,25,10,20
35,7839,0.8509428429281831,3.691066817150266e-05,0.14842794349291635,0.0005923029107290899,25,10,20
35,7840,0.8449329998562222,3.714751086317154e-05,0.15443243213945362,0.0005974204934611875,25,10,20
35,7841,0.8569428391536722,3.695227967176224e-05,0.1424758375592719,0.0005443710073838906,25,10,20
35,7842,0.841716170216885,0.001558465771428867,0.1561860219334384,0.0005393420782475497,25,10,20
35,7843,0.8426444622957264,0.0015584587778778643,0.15537271566773517,0.0004243632586605453,25,10,20
35,7844,0.8608499075195942,3.683640582719814e-05,0.13868839208372757,0.0004248639908509477,25,10,20
35,7845,0.8616723500624613,3.683523383651245e-05,0.13786607124256853,0.00042474346113365415,25,10,20
35,7846,0.8928227986563495,3.630381231345417e-05,0.10699539719914261,0.00014550033219436174,25,10,20
35,7847,0.895991801635965,3.61805245512805e-05,0.10382581175798679,0.00014620608149674744,25,10,20
35,7848,0.9034341954130928,3.572096086849164e-05,0.09638491438015004,0.0001451692458886441,25,10,20
35,7849,0.8782887363705466,3.574098768495385e-05,0.12116139594544523,0.000514126696322929,25,10,20
35,7850,0.840359632599083,3.617752560956355e-05,0.158966633481446,0.0006375563938609848,25,10,20
35,7851,0.8540310713146575,6.685184974656226e-06,0.14532651022361756,0.0006357332767498948,25,10,20
35,7852,0.8416042977935557,6.722851634054937e-06,0.15774973072053208,0.0006392486342779232,25,10,20
35,7853,0.8564915124490553,6.0644513013571595e-06,0.14287157405208625,0.0006308490475567445,25,10,20
35,7854,0.8603619176831617,6.059934311970263e-06,0.13900106038581467,0.0006309619967115553,25,10,20
35,7855,0.8554581203807006,6.066636363883049e-06,0.1439039776459097,0.0006318353370254503,25,10,20
35,7856,0.8556404772691282,6.07695689651239e-06,0.1437229792043186,0.00063046656965637,25,10,20
35,7857,0.8602149215185483,6.343780748292132e-06,0.13915021105127295,0.0006285236494303118,25,10,20
35,7858,0.8601208284686562,6.9293965289951995e-06,0.13924496321404306,0.0006272789207715047,25,10,20
35,7859,0.8652134050964481,6.922687006722003e-06,0.13415327378174796,0.0006263984347971826,25,10,20
35,7860,0.890863240474194,6.898668530667879e-06,0.10882622076439534,0.00030364009288046725,25,10,20
35,7861,0.883901863645114,6.914872660397717e-06,0.11578752377359416,0.0003036977086318985,25,10,20
35,7862,0.8759408721050025,7.018946763165656e-06,0.123721164171259,0.00033094477697576683,25,10,20
35,7863,0.8758422554117219,7.018859732936915e-06,0.12381982226358508,0.0003309034649605893,25,10,20
35,7864,0.8962695500197764,1.5297343819236018e-06,0.10339848324072738,0.0003304370051147671,25,10,20
35,7865,0.8962818093286867,1.529844984074757e-06,0.10338621527528451,0.0003304455510451001,25,10,20
35,7866,0.9038917098075939,1.2269277219110345e-06,0.09577576354998209,0.00033129971470244616,25,10,20
35,7867,0.9246785554993617,7.886531997883764e-07,0.07511132313445715,0.00020933271298151997,25,10,20
35,7868,0.9241376338548981,7.988837498599562e-07,0.0753843937683044,0.0004771734930477674,25,10,20
35,7869,0.8972281334891428,8.018787198875252e-07,0.10232730946437128,0.00044375516776650603,25,10,20
35,7870,0.8971153627101068,8.042583382687795e-07,0.10243790662978196,0.00044592640177336677,25,10,20
35,7871,0.8971462301871278,8.043855701863295e-07,0.10240704466832534,0.0004459207589771556,25,10,20
35,7872,0.9015405479657055,8.012499872106798e-07,0.09801353753735124,0.0004451132469563301,25,10,20
35,7873,0.9005167567350612,8.035321615102798e-07,0.09903731522122108,0.0004451245115562211,25,10,20
35,7874,0.9013066855992854,7.934099129425357e-07,0.0982474456015527,0.00044507538924894917,25,10,20
35,7875,0.8978825865436753,7.853987758149221e-07,0.10167130358063488,0.00044532447691417377,25,10,20
35,7876,0.897867760445701,7.854654352133524e-07,0.10168612602655834,0.00044532806230561584,25,10,20
35,7877,0.898318063506528,7.940541590055153e-07,0.10123848982986144,0.0004426526094517291,25,10,20
35,7878,0.9015350696561814,8.11701144758969e-07,0.09802040806118702,0.00044371058148693916,25,10,20
35,7879,0.9021939974107032,7.914556025004366e-07,0.09736288916943181,0.00044232196426249724,25,10,20
35,7880,0.9189623315930423,7.901033121214174e-07,0.0805959589998254,0.0004409193038200699,25,10,20
35,7881,0.9176543381863488,8.060690473628861e-07,0.08190369664074973,0.00044115910385422713,25,10,20
35,7882,0.910394892830882,1.4415876362998244e-05,0.08914946808532795,0.0004412232074273222,25,10,20
35,7883,0.8713280130053559,2.435257341665727e-05,0.12815987254422628,0.0004877618770013,25,10,20
35,7884,0.8715473465222765,2.4352313942230973e-05,0.12794196322959828,0.0004863379341829545,25,10,20
35,7885,0.8707573487877407,2.4629154949233787e-05,0.12871090496413862,0.000507117093171042,25,10,20
35,7886,0.8776762860404048,1.1027845188286376e-05,0.12180551029306967,0.0005071758213369123,25,10,20
35,7887,0.8779220946638364,1.1016569619067015e-05,0.12156041208778756,0.000506476678756684,25,10,20
35,7888,0.8976988924533051,1.1682000796480297e-05,0.101796788078096,0.0004926374678020774,25,10,20
35,7889,0.8978400673950343,1.1680013569045776e-05,0.10165795544906123,0.0004902971423353117,25,10,20
35,7890,0.9092833919375367,1.243266352376284e-05,0.09033868783780528,0.00036548756113381867,25,10,20
35,7891,0.8991108723170449,1.2432917501791385e-05,0.10050726735722662,0.00036942740822662,25,10,20
35,7892,0.8989488226193317,1.2433128416487348e-05,0.1006692174589605,0.00036952679329114573,25,10,20
35,7893,0.8976707364202171,1.2433628626110045e-05,0.10194716636316922,0.00036966358798740264,25,10,20
35,7894,0.8815309868876805,1.2445269163102082e-05,0.11799911846335476,0.00045744937980150466,25,10,20
35,7895,0.8821009393886645,1.2449805623297339e-05,0.1174257345360355,0.00046087626967676316,25,10,20
35,7896,0.8671189529191872,2.9942222456592757e-05,0.132385897881559,0.0004652069767971131,25,10,20
35,7897,0.8669749298866793,2.994214528109624e-05,0.13252991911185902,0.0004652088561804833,25,10,20
35,7898,0.8820689513515637,1.244960018171056e-05,0.11745676291333021,0.0004618361349244912,25,10,20
35,7899,0.8824457639076243,1.2444193801073146e-05,0.11707995647092455,0.0004618354276503032,25,10,20
35,7900,0.8894554195961132,1.2340191563917102e-05,0.11009722803134193,0.00043501218098092445,25,10,20
35,7901,0.8716941706251653,4.414888718678636e-05,0.12782759990717105,0.0004340805804767704,25,10,20
35,7902,0.8714225797123922,4.4139066080354464e-05,0.12809929502811068,0.0004339861934167763,25,10,20
35,7903,0.8713261076866626,4.41390813748162e-05,0.12819574944213338,0.0004340037898290352,25,10,20
35,7904,0.8713331631889392,4.413898407554355e-05,0.12818871957776531,0.00043397824921980946,25,10,20
35,7905,0.8712019054839644,4.414254384166429e-05,0.12832002779061594,0.0004339241815778467,25,10,20
35,7906,0.8635510709515732,4.415232008330862e-05,0.13597011925669583,0.0004346574716472601,25,10,20
35,7907,0.8626273589339246,4.4162167460182394e-05,0.1368938571827446,0.00043462171587036846,25,10,20
35,7908,0.8629396668895217,4.4144230210529875e-05,0.1365760617190313,0.0004401271612360692,25,10,20
35,7909,0.8415540539445112,4.414483500064427e-05,0.15796167601991234,0.00044012520057501605,25,10,20
35,7910,0.8407949964206325,4.4163330052164687e-05,0.1587206266886382,0.0004402135606761859,25,10,20
35,7911,0.8614973417428088,4.417760456572693e-05,0.13801815782998728,0.00044032282263766235,25,10,20
35,7912,0.8870988536436802,4.416663793388095e-05,0.11250836939338967,0.00034861032499605157,25,10,20
35,7913,0.8847140188743506,4.416665354550937e-05,0.11489320145868433,0.00034861301341926424,25,10,20
35,7914,0.8876456641667128,4.343423871516104e-05,0.11196221312188692,0.0003486884726847338,25,10,20
35,7915,0.8878409432821249,4.453870086909159e-05,0.11176595020687115,0.000348567810134471,25,10,20
35,7916,0.9051591959322317,1.2734590741740764e-05,0.09447733626769211,0.00035073320933402867,25,10,20
35,7917,0.9129031654590571,1.2441368706466268e-05,0.08675449880437766,0.00032989436785853336,25,10,20
35,7918,0.9125089767541169,1.24531038854849e-05,0.08714871747046704,0.00032985267153019365,25,10,20
35,7919,0.9124929725344859,1.2453116269393557e-05,0.08716471965694847,0.0003298546922961489,25,10,20
35,7920,0.9117892573359657,1.2458303120837146e-05,0.08786702683864021,0.0003312575222731711,25,10,20
35,7921,0.882962920923212,1.2428098634138268e-05,0.116693552402567,0.00033109857558678726,25,10,20
35,7922,0.8834416542168347,1.183735732627431e-05,0.11621548421683423,0.0003310242090050699,25,10,20
35,7923,0.8838211610998298,1.1854563578130638e-05,0.11583637924758643,0.00033060508900609295,25,10,20
35,7924,0.8845144676967024,1.0734332334206694e-05,0.11514225171618186,0.0003325462547820171,25,10,20
35,7925,0.8845190497726003,1.0734339009770123e-05,0.11513766708497795,0.00033254880341241543,25,10,20
35,7926,0.8827694441733811,1.0734994257553358e-05,0.11688718773725679,0.0003326330951047144,25,10,20
35,7927,0.8822704759602098,1.0735352369560535e-05,0.11738606008753447,0.00033272859988648013,25,10,20
35,7928,0.8669497118093835,1.0734506019959139e-05,0.1327067485155693,0.0003328051690275134,25,10,20
35,7929,0.8666269304703266,1.0735835074522649e-05,0.13302950432375973,0.00033282937083942463,25,10,20
35,7930,0.8670182849313494,1.073111136225483e-05,0.1326404489329352,0.0003305350243535902,25,10,20
35,7931,0.8671491978794913,1.0712962713375807e-05,0.13250947843075886,0.000330610727036806,25,10,20
35,7932,0.8815800596833171,1.0714080369049524e-05,0.11807398846592905,0.0003352377703848934,25,10,20
35,7933,0.8664664754367802,1.0725475599216092e-05,0.13318751031431328,0.0003352887733075316,25,10,20
35,7934,0.8737969069285799,1.0719283009416104e-05,0.12585662413279783,0.0003357496556131167,25,10,20
35,7935,0.8737588069556748,1.0725862559772671e-05,0.12589671258845483,0.00033375459331080464,25,10,20
35,7936,0.8727966361675266,1.0726151226003246e-05,0.1268587429220585,0.000333894759188984,25,10,20
35,7937,0.8426076448660393,6.409170069259731e-05,0.15698967502316247,0.00033858841010631335,25,10,20
35,7938,0.8430806993908948,6.408464830337637e-05,0.15652005596046514,0.00033516000033767654,25,10,20
35,7939,0.8353854690200868,6.40644850553054e-05,0.16421207885524422,0.00033838763961465844,25,10,20
35,7940,0.834001982212053,6.503107220250565e-05,0.16559580926770973,0.00033717744803565575,25,10,20
35,7941,0.8354623322458872,6.406119574305236e-05,0.16413639541755068,0.0003372111408198767,25,10,20
35,7942,0.815890019011945,6.867710854081591e-05,0.18370365607587613,0.00033764780363918027,25,10,20
35,7943,0.8161707806357277,6.866206287845489e-05,0.18342301430780697,0.00033754299358792415,25,10,20
35,7944,0.8098612425503284,7.314290796375153e-05,0.1897063807289766,0.0003592338127323496,25,10,20
35,7945,0.8108787906969545,7.314252107439216e-05,0.18869442325802047,0.00035364352395162764,25,10,20
35,7946,0.8409161441291159,1.9776810207308065e-05,0.15871510657233973,0.0003489724883379636,25,10,20
35,7947,0.8406909399870537,1.978695290219951e-05,0.15894016429893953,0.00034910876110585883,25,10,20
35,7948,0.8367184586187213,1.9935852134619806e-05,0.1629117766207756,0.00034982890836924755,25,10,20
35,7949,0.8135289552377785,2.001795428151008e-05,0.18462815818238099,0.0018228686255599067,25,10,20
35,7950,0.8139032893135993,2.0018292597693667e-05,0.1842538302706914,0.0018228621231125494,25,10,20
35,7951,0.8158120599807052,2.003792560932716e-05,0.18230171708509504,0.001866185008591235,25,10,20
35,7952,0.8323021347934051,2.003770968775581e-05,0.1658149415709046,0.0018628859260035244,25,10,20
35,7953,0.8256586351893611,2.0174304027070006e-05,0.1712777543222151,0.0030434361843974856,25,10,20
35,7954,0.7927828480704463,2.024113044100019e-05,0.20415324365371187,0.003043667145401253,25,10,20
35,7955,0.8211842167547121,1.0311849777387245e-05,0.17254000773049058,0.006265463665020487,25,10,20
35,7956,0.8020938075850907,1.034310882775001e-05,0.19489839524540997,0.0029974540606707368,25,10,20
35,7957,0.7928674550679117,1.035203142570516e-05,0.2041246915789798,0.0029975013216817946,25,10,20
35,7958,0.7929039155897601,1.0351664643740894e-05,0.20408820727740637,0.002997525468188824,25,10,20
35,7959,0.7911798443530239,1.0359085485969371e-05,0.20581107583835878,0.002998720723130669,25,10,20
35,7960,0.7913494062066744,1.0359316490870143e-05,0.20556743621070797,0.003072798266126036,25,10,20
35,7961,0.7924350120084989,1.0341922857929366e-05,0.20475175296705483,0.002802893101587424,25,10,20
35,7962,0.7922264621763405,1.0342018816455025e-05,0.2049603017828091,0.0028028940220328237,25,10,20
35,7963,0.7910045748018204,1.0176020672057421e-05,0.20622634369615983,0.002758905481346499,25,10,20
35,7964,0.790887224672243,1.0176203725984145e-05,0.20634371633476514,0.002758882789264769,25,10,20
35,7965,0.820358823555121,1.0142655180933606e-05,0.17687250070993416,0.002758533079764149,25,10,20
35,7966,0.8191409335464666,1.0156200714424049e-05,0.17816271653239613,0.0026861937204227943,25,10,20
35,7967,0.7850168925051768,1.214478051798613e-05,0.21227299609492659,0.0026979666193779946,25,10,20
35,7968,0.7850365973442731,1.214473073187371e-05,0.21225325103668038,0.0026980068883140245,25,10,20
35,7969,0.785353913555825,1.2143395401346388e-05,0.21193593596208832,0.0026980070866843213,25,10,20
35,7970,0.7851685421111811,1.21433932016658e-05,0.2121213334686805,0.002697981026935626,25,10,20
35,7971,0.7839562537680203,1.2157997433083819e-05,0.21333339141575483,0.0026981968187909096,25,10,20
35,7972,0.7670979351753041,1.2158216496311009e-05,0.23018861525753484,0.0027012913506635357,25,10,20
35,7973,0.7673996409117255,1.2158208987165104e-05,0.22988690871082273,0.002701292168463271,25,10,20
35,7974,0.7974488274165116,1.2157818996697337e-05,0.19983769845638719,0.002701316308103631,25,10,20
35,7975,0.7636243356674673,1.2159259998093457e-05,0.23366201552901802,0.002701489543516477,25,10,20
35,7976,0.7638658950197016,1.2165422089036984e-05,0.2334204946002419,0.002701444957967348,25,10,20
35,7977,0.754761399622309,2.2357074447995298e-05,0.24249024030574415,0.0027260029974984583,25,10,20
35,7978,0.7561635272431981,2.2356613899841973e-05,0.24108814707137247,0.002725969071529748,25,10,20
35,7979,0.7734835908013725,2.2345214040184875e-05,0.2237681073004287,0.002725956684158589,25,10,20
35,7980,0.7759341990092699,2.260946071052968e-05,0.2212448690153397,0.0027983225146797873,25,10,20
35,7981,0.7747105987555207,2.2783230752084736e-05,0.22238296895021845,0.0028836490635085737,25,10,20
35,7982,0.7691544590934692,1.8336327729642437e-05,0.22796524524446396,0.002861959334336236,25,10,20
35,7983,0.8028663439730576,1.6352668950072258e-05,0.1941904213603197,0.002926881997671169,25,10,20
35,7984,0.8384874352007037,1.1078666371882245e-05,0.15857499365509334,0.0029264924778301714,25,10,20
35,7985,0.8548868902105512,1.107911117106157e-05,0.14217865386302284,0.0029233768152546486,25,10,20
35,7986,0.8562821717552553,1.107852580159288e-05,0.14078350883609944,0.0029232408828434196,25,10,20
35,7987,0.856085614022178,1.1083694343400283e-05,0.14097888353229113,0.0029244187511870755,25,10,20
35,7988,0.862708162880225,1.0431580693668475e-06,0.13434992270473084,0.002940871256974587,25,10,20
35,7989,0.8275680799758139,1.0434566816976222e-06,0.16949005283866833,0.0029408237288356008,25,10,20
35,7990,0.8366873522607848,1.0345227520936352e-06,0.1603708503625906,0.002940762853871354,25,10,20
35,7991,0.8361380629695391,1.0348965588250578e-06,0.16091728786211237,0.0029436142717885706,25,10,20
35,7992,0.8358942463440302,1.0400957935168213e-06,0.1611610979935234,0.0029436155666520834,25,10,20
35,7993,0.8374093484767342,1.026504417523317e-06,0.1596477930371352,0.0029418319817127976,25,10,20
35,7994,0.8375457122198817,1.0213226626492047e-06,0.15951143438605128,0.002941832071403947,25,10,20
35,7995,0.8382897350524844,1.0160968424604463e-06,0.15884414552512183,0.002865103325551007,25,10,20
35,7996,0.8370897934763186,1.0164181122844504e-06,0.16004406421140033,0.0028651258941686016,25,10,20
35,7997,0.8364791470441779,1.0240725931266882e-06,0.16065590039301955,0.0028639284902085196,25,10,20
35,7998,0.8372120416391954,1.0239593053431277e-06,0.1599230313374632,0.0028639030640358948,25,10,20
35,7999,0.8575707367140731,1.0272767419036005e-06,0.1395097126606852,0.0029185233484994386,25,10,20
35,8000,0.8410773236316367,1.0278918554852655e-06,0.156003125767641,0.0029185227088667286,25,10,20
35,8001,0.8425519377255831,1.0274290528185934e-06,0.15452874481412154,0.0029182900312423815,25,10,20
35,8002,0.8162511712449221,1.0833362433688163e-06,0.18082446494060508,0.002923280478228977,25,10,20
35,8003,0.8120134814983915,1.3758506138705236e-06,0.1850587736183167,0.0029263690326774283,25,10,20
35,8004,0.810953822687566,1.3631626956835344e-06,0.18611819323807352,0.0029266209116644267,25,10,20
35,8005,0.8104094400011655,1.3631648852639388e-06,0.18665708299708503,0.0029321138368637234,25,10,20
35,8006,0.8119026316950123,1.3432995696426839e-06,0.18516408838795403,0.002931936617463606,25,10,20
35,8007,0.8120130128452978,1.3445782928540557e-06,0.18505369491062953,0.0029319476657796413,25,10,20
35,8008,0.8115408380777156,1.34402635779747e-06,0.18552569456092796,0.0029321233349984903,25,10,20
35,8009,0.8049379497808756,1.3323651675745794e-06,0.19212732281106346,0.002933395042892211,25,10,20
35,8010,0.7999580772361046,1.5236784259557241e-06,0.19710690077957596,0.002933498305892371,25,10,20
35,8011,0.8009310160384706,1.523654663690323e-06,0.19613413986220912,0.0029333204446552745,25,10,20
35,8012,0.8004863892407735,1.5196741540186128e-06,0.1965788078546469,0.002933283230424509,25,10,20
35,8013,0.8010349113329116,1.5192973211473106e-06,0.19603313838634598,0.0029304309834203095,25,10,20
35,8014,0.7791208427640817,2.268688333248185e-06,0.21779986605170737,0.0030770224958769857,25,10,20
35,8015,0.7872978545203162,2.1308693373293292e-06,0.2108082495009191,0.001891765109426872,25,10,20
35,8016,0.7870466520734389,2.136048798313059e-06,0.21105942117806642,0.0018917906996958756,25,10,20
35,8017,0.7801484197083626,2.144252711923502e-06,0.21795762361517365,0.0018918124237503053,25,10,20
35,8018,0.7868420282921775,2.1364262973338047e-06,0.21126320266837925,0.0018926326131454513,25,10,20
35,8019,0.7713283927518227,2.1569462208189483e-06,0.2267766682387769,0.001892782063178147,25,10,20
35,8020,0.7760658676879685,2.2631056359141914e-06,0.2220391645164673,0.0018927046899270738,25,10,20
35,8021,0.7808257665542518,2.0990741151892654e-06,0.2173216868358173,0.0018504475358145636,25,10,20
35,8022,0.7747249450497182,2.0929491446040957e-06,0.22342256221886767,0.0018503997822683655,25,10,20
35,8023,0.7741452933443752,2.0929526345558336e-06,0.22400221300057105,0.0018504007024181344,25,10,20
35,8024,0.7664056777655158,2.2414718447218766e-06,0.23174093048622313,0.0018511502764153288,25,10,20
35,8025,0.7679592813939042,2.241877024258787e-06,0.2301875589926871,0.0018509177363833374,25,10,20
35,8026,0.8002744205762413,2.5883992540577364e-06,0.19787126075121544,0.0018517302732890145,25,10,20
35,8027,0.7959916398226228,2.6033008025014226e-06,0.20215864261994634,0.0018471142566279387,25,10,20
35,8028,0.8002133501982402,2.9993342665039103e-06,0.19793665842241837,0.0018469920450746677,25,10,20
35,8029,0.8000523167806753,2.654089859895657e-06,0.1980989484471889,0.0018460806822755743,25,10,20
35,8030,0.8013211797071574,2.482003785275025e-06,0.19691561764158513,0.0017607206474719425,25,10,20
35,8031,0.8127113862393993,2.0640851572989367e-06,0.18552586736971818,0.0017606823057249624,25,10,20
35,8032,0.8204796647832495,1.917661915234784e-06,0.17775786723791176,0.0017605503169231304,25,10,20
35,8033,0.8116639221511942,7.217350709088001e-06,0.1865428575044122,0.0017860029936842034,25,10,20
35,8034,0.8113122538431837,7.2171706455284675e-06,0.18689450291483067,0.0017860260713395343,25,10,20
35,8035,0.7998240135198392,7.260122882544708e-06,0.19838051266982049,0.0017882136874573316,25,10,20
35,8036,0.7877996234685507,7.259451640140275e-06,0.21040184442218304,0.0017912726576253854,25,10,20
35,8037,0.7730010307927124,7.256733300065898e-06,0.22520053917064903,0.001791173303337492,25,10,20
35,8038,0.7894414358700363,6.9235912486686034e-06,0.20876359824533097,0.001788042293383582,25,10,20
35,8039,0.8062936140983963,6.909440797741928e-06,0.19191537087823915,0.0017841055825662325,25,10,20
35,8040,0.8064583330022904,6.909707515900517e-06,0.19175065193747132,0.0017841053527217425,25,10,20
35,8041,0.8016805339941115,7.009056526199805e-06,0.19506122950177335,0.0032512274475883112,25,10,20
35,8042,0.7994022955402822,6.722040537161528e-06,0.1955125517614363,0.005078430657743708,25,10,20
35,8043,0.7993880215455725,6.722066001141097e-06,0.19552677636277113,0.005078480025654669,25,10,20
35,8044,0.7992806121107974,6.722024431662901e-06,0.1956350611935792,0.005077604671191286,25,10,20
35,8045,0.7924152282186223,2.919310099173483e-05,0.20242420787410761,0.005131370806277897,25,10,20
35,8046,0.7797047826555744,2.9636276141985152e-05,0.2150936276168902,0.005171953451393064,25,10,20
35,8047,0.8100170467789616,2.8891785318397827e-05,0.18498328077634021,0.004970780659379334,25,10,20
35,8048,0.8100844700903754,2.889204817476128e-05,0.18491588015866867,0.0049707577027806385,25,10,20
35,8049,0.8105862649991998,2.888695811507225e-05,0.1844154922782833,0.004969355764401769,25,10,20
35,8050,0.8434343667835738,2.881009601978251e-05,0.15156780772743847,0.004969015392967387,25,10,20
35,8051,0.843421001641793,2.8810094614556363e-05,0.15158116449570758,0.004969023767884833,25,10,20
35,8052,0.8501644200224341,2.8801378342602945e-05,0.14483779863924628,0.004968979959977148,25,10,20
35,8053,0.848548867398182,2.8812749381310784e-05,0.1464523052890077,0.004970014563428946,25,10,20
35,8054,0.8483175014635865,2.8821095834568685e-05,0.14668357293149545,0.004970104509083456,25,10,20
35,8055,0.8384080304078846,2.8810107130617762e-05,0.15658914665253396,0.00497401283245074,25,10,20
35,8056,0.8308673405005635,2.8964235309112984e-05,0.1641296480316635,0.004974047232463852,25,10,20
35,8057,0.823252460939176,0.00020491910357290353,0.17162572537689882,0.004916894580352423,25,10,20
35,8058,0.8224760915659859,0.0002049574301239733,0.17240186780161287,0.004917083202277513,25,10,20
35,8059,0.8224641288144546,0.00020494741868038027,0.17241391594571215,0.004917007821152879,25,10,20
35,8060,0.8385589869056419,0.00020494750887060307,0.15631905787387068,0.004917007711616555,25,10,20
35,8061,0.8312703596761248,0.00021532440910796157,0.1635471330610524,0.004967182853714747,25,10,20
35,8062,0.8395360800619691,3.93849618440629e-05,0.15547257442940704,0.004951960546779555,25,10,20
35,8063,0.8391630109057446,3.966101717087523e-05,0.15584406128220185,0.004953266794882452,25,10,20
35,8064,0.8362920973318835,3.974976749712923e-05,0.158714466575695,0.004953686324924274,25,10,20
35,8065,0.8383526176926129,3.971293110821162e-05,0.15665670942059873,0.004950959955680192,25,10,20
35,8066,0.8386718059366836,3.9431009049087986e-05,0.15633784704564577,0.00495091600862154,25,10,20
35,8067,0.8609596567447046,1.6959673558726306e-05,0.13412073676536973,0.004902646816366301,25,10,20
35,8068,0.8765643548741745,1.695154738450637e-05,0.11851501620197893,0.00490367737646135,25,10,20
35,8069,0.8769855845490402,1.6947079991923173e-05,0.11809487901521376,0.0049025893557532495,25,10,20
35,8070,0.8893607887823158,1.649945684686636e-05,0.10576062659223005,0.004862085168606755,25,10,20
35,8071,0.8864487817160013,1.6590941670385008e-05,0.10864225347753614,0.0048923738647914895,25,10,20
35,8072,0.8804487488011743,1.659569094651951e-05,0.11464228396748556,0.004892371540393146,25,10,20
35,8073,0.884656466029111,1.647216835423689e-05,0.11043525835148511,0.004891803451048977,25,10,20
35,8074,0.884512268916466,1.647213322792091e-05,0.11057944553726841,0.004891813413036754,25,10,20
35,8075,0.9170976566587319,1.6427901483180104e-05,0.07800036276961904,0.004885552670165784,25,10,20
35,8076,0.91721671097207,1.6428450212843256e-05,0.0778813112191228,0.004885549358594272,25,10,20
35,8077,0.9177170232755103,1.6428350682012904e-05,0.07738099993524938,0.004885548438558438,25,10,20
35,8078,0.9179126649095255,1.6424795917390986e-05,0.07718540199075367,0.0048855083038034045,25,10,20
35,8079,0.9186662354935933,1.643710343750831e-05,0.07643719189691622,0.004880135506052981,25,10,20
35,8080,0.9424413653692046,1.6337771004734455e-05,0.05413513066001337,0.0034071661997773523,25,10,20
35,8081,0.9542865344489219,1.6337294414456708e-05,0.04229483737221584,0.0034022908844477976,25,10,20
35,8082,0.9546013431228398,1.633732584819464e-05,0.041980062333939305,0.0034022572173728577,25,10,20
35,8083,0.9548263114765005,1.6325050356152472e-05,0.04175519820075864,0.003402165272384813,25,10,20
35,8084,0.94822337387887,1.604942011683018e-05,0.04592184012071637,0.005838736580297017,25,10,20
35,8085,0.9427617596898599,1.6050015510589836e-05,0.0513828951324969,0.005839295162132842,25,10,20
35,8086,0.94191356845116,1.6064224414884978e-05,0.05222976051423723,0.005840606810188051,25,10,20
35,8087,0.942295199237101,1.606410643700166e-05,0.051848157169365354,0.00584057948709686,25,10,20
35,8088,0.9325200449080943,1.5979240108635286e-05,0.06160205684647489,0.005861919005322812,25,10,20
35,8089,0.9309175211315174,1.598018227220892e-05,0.06320431070564232,0.0058621879805686,25,10,20
35,8090,0.9307216869096753,1.598538159750992e-05,0.06337303460105262,0.005889293107675026,25,10,20
35,8091,0.9398690855014847,1.0685025300176064e-05,0.054256370861165824,0.005863858612049519,25,10,20
35,8092,0.9395481996687473,1.0685126380628558e-05,0.05457725400571837,0.00586386119915399,25,10,20
35,8093,0.9391031095064024,1.0689508463306416e-05,0.05498936163234586,0.005896839352788883,25,10,20
35,8094,0.9405906249564968,1.068847624027655e-05,0.053502093651171735,0.005896592916091311,25,10,20
35,8095,0.9426846694811466,1.067792377440081e-05,0.05323528515475244,0.0040693674403268236,25,10,20
35,8096,0.9427724676214588,1.0678022489476464e-05,0.05314741363755294,0.004069440718499201,25,10,20
35,8097,0.9352573817939,1.0763630931966162e-05,0.059384130801399496,0.005347723773768876,25,10,20
35,8098,0.9292282987314253,1.0964156940810933e-05,0.0654211365118685,0.0053396005997657795,25,10,20
35,8099,0.9283132155788202,1.0965477856904871e-05,0.06633630724384558,0.005339511699477726,25,10,20
35,8100,0.9283400725011565,1.0965482452672602e-05,0.06630947479464164,0.005339487221749818,25,10,20
35,8101,0.9342816233732184,1.0960739045481287e-05,0.060367949315209425,0.0053394665725272315,25,10,20
35,8102,0.9349658709660641,1.0959696566050647e-05,0.05968367625274254,0.005339493084627741,25,10,20
35,8103,0.9349643987738112,1.0975315062671921e-05,0.059685125982518794,0.0053394999286069675,25,10,20
35,8104,0.9475274177198715,1.0968698097549346e-05,0.047173716943036126,0.0052878966389946335,25,10,20
35,8105,0.9474588199645602,1.0968546611006464e-05,0.047242293416771955,0.005287918072056577,25,10,20
35,8106,0.9133464155405171,1.0968573039486048e-05,0.08135469025239261,0.005287925634050564,25,10,20
35,8107,0.9127023528212773,1.0954953928619099e-05,0.08199989104618892,0.005286801178604939,25,10,20
35,8108,0.877788429190974,1.2363841968244713e-05,0.1161994312721062,0.005999775694952464,25,10,20
35,8109,0.8773211287857434,1.2373358505276921e-05,0.11666541679290775,0.006001081062844278,25,10,20
35,8110,0.8741693939127341,1.2382124745444483e-05,0.11978270732938488,0.006035516633136319,25,10,20
35,8111,0.8709248930443533,1.2628726883877987e-05,0.123025753042954,0.006036725185809007,25,10,20
35,8112,0.8701868393328904,1.2640059231471195e-05,0.12365043752504894,0.006150083082829189,25,10,20
35,8113,0.9040605178571272,1.2640648657813366e-05,0.08977671402428973,0.0061501274699249054,25,10,20
35,8114,0.904363958100475,1.264064630407244e-05,0.08947327432278128,0.006150126930439354,25,10,20
35,8115,0.904015257273998,1.2640247898127118e-05,0.08982194082992115,0.0061501616481825635,25,10,20
35,8116,0.9041382507645285,1.2640235087175296e-05,0.08969897356235675,0.006150135438027628,25,10,20
35,8117,0.9040342778436748,1.2642074400561069e-05,0.08980287039889541,0.006150209683029297,25,10,20
35,8118,0.9041560665392845,1.2642069645139599e-05,0.08968108130795796,0.006150210083112244,25,10,20
35,8119,0.9114233895762682,1.2641579629146958e-05,0.08485165847822758,0.003712310365874868,25,10,20
35,8120,0.9115437733402402,1.2641679651333544e-05,0.08473129905588396,0.0037122859242241756,25,10,20
35,8121,0.9115409686646098,1.2641630893018088e-05,0.08473409395562212,0.0037122957488748966,25,10,20
35,8122,0.8839385970756183,1.243730768804176e-05,0.11235544580682566,0.003693519809867869,25,10,20
35,8123,0.8837036191099162,1.2437314644892585e-05,0.112590421130119,0.0036935224453197024,25,10,20
35,8124,0.8889834492510333,1.2337415804400714e-05,0.1087778282989148,0.002226385034247266,25,10,20
35,8125,0.8730355827962011,1.2339718750663275e-05,0.12472703051458402,0.002225046970464341,25,10,20
35,8126,0.8728340721134176,1.2339730166265651e-05,0.12492854023431275,0.00222504792210347,25,10,20
35,8127,0.8727917309563006,1.233350282016183e-05,0.12497080150030414,0.0022251340405750595,25,10,20
35,8128,0.8645573378207001,1.2272447874901554e-05,0.1341971818570605,0.0012332078743647497,25,10,20
35,8129,0.8660134507757539,1.2272211626684676e-05,0.13274116029740518,0.0012331167152144517,25,10,20
35,8130,0.8665970031117226,1.2271466247432976e-05,0.13215776075656616,0.0012329646654638945,25,10,20
35,8131,0.86770897632254,1.2259944919801578e-05,0.131159162235257,0.0011196014972836017,25,10,20
35,8132,0.8331892319622466,0.0001823117821179257,0.16552074582825604,0.001107710427380927,25,10,20
35,8133,0.8326284011396703,0.00018233578876395465,0.16608132443173332,0.0011079386398336994,25,10,20
35,8134,0.8464735317677736,0.0001823119241693555,0.1525224795660405,0.0008216767420173223,25,10,20
35,8135,0.8467176340982121,0.00018231183157384526,0.1522783807982825,0.0008216732719323759,25,10,20
35,8136,0.8511359898650963,0.0001823120948311021,0.147676110570405,0.0010055874696686506,25,10,20
35,8137,0.8547007259465499,0.0001820654017561389,0.1441128313489119,0.0010043773027826868,25,10,20
35,8138,0.8382125342914981,0.0001820637729899007,0.16060104194950128,0.0010043599860117317,25,10,20
35,8139,0.8731342746796633,0.0001806549689385478,0.12639366126084306,0.00029140909055581807,25,10,20
35,8140,0.906395907645032,1.0618232786615282e-05,0.09332313110966131,0.00027034301252063577,25,10,20
35,8141,0.9065155180407438,1.061833516961812e-05,0.09320272568045183,0.0002711379436350108,25,10,20
35,8142,0.940156061224586,1.0622124296214738e-05,0.05956099609284805,0.0002723205582704986,25,10,20
35,8143,0.9231469356447186,1.1256450621444326e-05,0.07640303825127685,0.0004387696533837207,25,10,20
35,8144,0.923013059612208,1.1256445586728948e-05,0.07653691437710398,0.0004387695651017403,25,10,20
35,8145,0.9225930459313275,1.1541775972691757e-05,0.07695664347449503,0.000438768818205446,25,10,20
35,8146,0.9225382015540703,1.1541816188661096e-05,0.07701150933524897,0.00043874729449279616,25,10,20
35,8147,0.9204213219965777,1.1558917846837203e-05,0.07912453977290755,0.0004425793126684791,25,10,20
35,8148,0.9200445147497414,1.156922169432823e-05,0.079501333780509,0.0004425822480556097,25,10,20
35,8149,0.9198250575698953,1.1560021108785851e-05,0.07964783049409321,0.0005155519149030193,25,10,20
35,8150,0.919294451609425,1.1574366744897629e-05,0.0801771015239841,0.0005168724998461885,25,10,20
35,8151,0.919578873982023,1.157853537964436e-05,0.07989272735238735,0.0005168201302099284,25,10,20
35,8152,0.903883421995393,1.2086139475103609e-05,0.09545584094249561,0.000648650922636243,25,10,20
35,8153,0.8883209624234009,1.2071522797902744e-05,0.11101963906881751,0.0006473269849836358,25,10,20
35,8154,0.8868152804259105,1.2220713861377739e-05,0.11265696592359326,0.0005155329366346364,25,10,20
35,8155,0.8826291559512911,1.221909222914541e-05,0.11680989770775939,0.0005487272487198699,25,10,20
35,8156,0.8694749628739475,1.2215754178657743e-05,0.12999425473156673,0.000518566640307341,25,10,20
35,8157,0.8835290963537582,1.1595320005792808e-05,0.11610715124479412,0.00035215708144151176,25,10,20
35,8158,0.8832933801354845,1.1595423613107286e-05,0.11634146484502898,0.00035355959587317153,25,10,20
35,8159,0.8984849891838143,1.0973820139702685e-05,0.10114575818662694,0.0003582788094187675,25,10,20
35,8160,0.8988448220490768,1.0973722874624086e-05,0.10078732789484464,0.0003568763332035487,25,10,20
35,8161,0.8977371156890532,1.1048878677147723e-05,0.10189498139879463,0.00035685403347454484,25,10,20
35,8162,0.894299712066875,1.1057003564490645e-05,0.10533244663566071,0.00035678429389956806,25,10,20
35,8163,0.8956929676288131,1.103835407023206e-05,0.10393925691864478,0.0003567370984716357,25,10,20
35,8164,0.9104172308767491,5.073219273897651e-07,0.08927571526127476,0.0003065465400483582,25,10,20
35,8165,0.8740889956786225,5.346626472087867e-07,0.12559647139997782,0.0003139982587526309,25,10,20
35,8166,0.8800117388755581,5.258391800446036e-07,0.1196737628033796,0.00031397248188260016,25,10,20
35,8167,0.8961112178142133,5.258267288075623e-07,0.10357428473244147,0.000313971626616066,25,10,20
35,8168,0.9001677411455948,5.206216315395189e-07,0.09951678146590412,0.0003149567668692091,25,10,20
35,8169,0.9011266802109213,4.4486290027673176e-07,0.09855794483576708,0.00031493009041096175,25,10,20
35,8170,0.893945743648703,4.359147417059663e-07,0.10577334609885726,0.0002804743376982336,25,10,20
35,8171,0.8941377709866543,4.015584508936986e-07,0.10543483908430992,0.00042698837058536887,25,10,20
35,8172,0.8950517953666843,5.402740959601267e-07,0.1044440548886329,0.0005036094705872199,25,10,20
35,8173,0.8966626639210937,5.401455394382213e-07,0.10298432718142252,0.0003524687519446999,25,10,20
35,8174,0.8934505435844191,5.564340367867246e-07,0.10576294097591181,0.0007859590056327101,25,10,20
35,8175,0.9031896718039039,4.1776863870511204e-07,0.09610055817292197,0.000709352254535239,25,10,20
35,8176,0.8939952097536173,4.191367158849094e-07,0.10523582104212834,0.0007685500675388002,25,10,20
35,8177,0.8880753470335003,4.235727958857945e-07,0.11115564087936025,0.0007685885143440079,25,10,20
35,8178,0.8828268371773388,7.659524924787623e-07,0.1163543434522222,0.0008180534179466933,25,10,20
35,8179,0.8787726546930744,7.699175978427787e-07,0.12048104125223791,0.0007455341370898361,25,10,20
35,8180,0.8790695778578015,7.688211849853412e-07,0.12018416192475243,0.0007454913962613174,25,10,20
35,8181,0.8787675594764885,7.68815622037642e-07,0.12048608327205361,0.0007455884358357312,25,10,20
35,8182,0.8795324714272746,9.089393534377769e-07,0.11990548005353784,0.0005611395798338876,25,10,20
35,8183,0.8432447884149038,9.106411167887941e-07,0.1561857888217365,0.0005685121222433811,25,10,20
35,8184,0.843049064361806,9.130974516989075e-07,0.15638149903165385,0.0005685235090886365,25,10,20
35,8185,0.8437165633767009,8.896240669017031e-07,0.15571421499359595,0.0005683320056365681,25,10,20
35,8186,0.8416234224345835,2.746401050921653e-05,0.15765685417342346,0.0006922593814841024,25,10,20
35,8187,0.8779357510389434,9.259198827206495e-07,0.12150241199908378,0.0005609110420900636,25,10,20
35,8188,0.8779882690127583,9.275190033618331e-07,0.12144985458273531,0.0005609488855029702,25,10,20
35,8189,0.8765440930200864,1.918814082803301e-06,0.12289296256428532,0.0005610256015453792,25,10,20
35,8190,0.881225758039675,2.0263016403793115e-06,0.11810995479938376,0.0006622608593011024,25,10,20
35,8191,0.8806460281850296,2.0263864122211523e-06,0.11861230489710967,0.0007396405314484229,25,10,20
35,8192,0.8457441432413799,2.0958278947931143e-06,0.15351886717275115,0.0007348937579743057,25,10,20
35,8193,0.852100094617197,4.337757484707696e-06,0.1472101176518069,0.0006854499735115859,25,10,20
35,8194,0.8520569701692412,3.381703897096761e-06,0.1472541967406074,0.00068545138625458,25,10,20
35,8195,0.8641716542774712,3.739947069092886e-06,0.1351371035062053,0.0006875022692547929,25,10,20
35,8196,0.8723882699118244,3.3836639953396584e-06,0.1269703753509602,0.0006379710732205793,25,10,20
35,8197,0.8726747568810896,3.38368355832027e-06,0.12668398521611854,0.0006378742192339768,25,10,20
35,8198,0.8735621080403889,3.345937993159705e-06,0.12579667198003303,0.000637874041585168,25,10,20
35,8199,0.8813609620715813,3.2417075541369473e-06,0.11810014111953655,0.0005356551013282238,25,10,20
35,8200,0.8858742928717476,3.236723326174554e-06,0.11358721839101485,0.0005352520139112896,25,10,20
35,8201,0.8635537121015616,3.245136426137976e-06,0.13578627913257246,0.0006567636294401509,25,10,20
35,8202,0.8850557895548272,3.240692114633595e-06,0.11435135497010726,0.0005896147829507791,25,10,20
35,8203,0.8850211817185698,3.2410730666672355e-06,0.11438595702972959,0.000589620178634494,25,10,20
35,8204,0.8841007141460606,3.230897562311705e-06,0.1153064307093596,0.0005896242470182561,25,10,20
35,8205,0.8851416647214009,3.230550675630567e-06,0.11426548038430223,0.0005896243436216938,25,10,20
35,8206,0.8847585481570746,3.2458093953513245e-06,0.11464847934288613,0.0005897266906444188,25,10,20
35,8207,0.884635243124439,3.255969619678778e-06,0.11477176652062948,0.000589734385312372,25,10,20
35,8208,0.8845832566353622,3.124674305333115e-06,0.1148238956165693,0.0005897230737639385,25,10,20
35,8209,0.8689718667091552,3.1149259878322403e-06,0.13028699882501676,0.0007380195398413196,25,10,20
35,8210,0.8691904730687122,3.1202081150951105e-06,0.1301457074264091,0.000660699296764555,25,10,20
35,8211,0.8692817352966749,3.1204900924114845e-06,0.13005445967966642,0.0006606845335671432,25,10,20
35,8212,0.870728644706797,3.3805963747339507e-06,0.12853542537493431,0.0007325493218947062,25,10,20
35,8213,0.8711101679164948,3.3805836316213473e-06,0.1281539046920151,0.000732546807859232,25,10,20
35,8214,0.8707773277195501,3.376126812078403e-06,0.12848665273726326,0.0007326434163751592,25,10,20
35,8215,0.8709793002200389,3.3760301360251188e-06,0.12828473225324688,0.0007325914965790167,25,10,20
35,8216,0.8672770120062445,3.629076227556005e-06,0.13198674619192738,0.0007326127256013752,25,10,20
35,8217,0.8689436863372885,3.591391039276205e-06,0.13032019770447,0.0007325245672030045,25,10,20
35,8218,0.8934106440062303,3.1465888056030163e-06,0.1058556970039884,0.0007305124009763812,25,10,20
35,8219,0.8916669277540045,3.1408669214702698e-06,0.107598969697846,0.0007309616812286083,25,10,20
35,8220,0.874287076923889,3.743750803646495e-06,0.12497529118559245,0.0007338881397154615,25,10,20
35,8221,0.8738449600741669,3.7432392886319812e-06,0.12523785409947188,0.0009134425870731004,25,10,20
35,8222,0.8896992811320072,3.7427438416033825e-06,0.1095317196430054,0.0007652564811461686,25,10,20
35,8223,0.8794180301626848,3.4574649017975213e-06,0.11981326200180631,0.0007652503706072765,25,10,20
35,8224,0.8965230691658834,2.8656409619998656e-06,0.10271173418885862,0.0007623310042961179,25,10,20
35,8225,0.8957044150687282,2.870274448839359e-06,0.10352909641804395,0.0007636182387791498,25,10,20
35,8226,0.8815251525531315,3.1341593452540834e-06,0.117706989632505,0.0007647236550183965,25,10,20
35,8227,0.8759769676716235,3.1403141678141343e-06,0.12325403372260216,0.0007658582916065799,25,10,20
35,8228,0.8933510058525145,3.1297151627995204e-06,0.10588300000889768,0.0007628644234248398,25,10,20
35,8229,0.8939307009054628,3.1288395696099843e-06,0.10530334782217654,0.0007628224327908576,25,10,20
35,8230,0.8902739787903933,3.1901197138673977e-06,0.10804501510930162,0.00167781598059105,25,10,20
35,8231,0.8889254794585555,3.1910741125368634e-06,0.1092002727014982,0.001871056765833339,25,10,20
35,8232,0.8965040120681108,3.3894844083686542e-06,0.10156028503572725,0.0019323134117533915,25,10,20
35,8233,0.896227428383978,3.3890697215625206e-06,0.10183689389631612,0.0019322886499842404,25,10,20
35,8234,0.8930094246567684,3.3852051449217495e-06,0.10510717692064704,0.0018800132174392795,25,10,20
35,8235,0.8608594947916324,3.0204721373101993e-06,0.13726829916759706,0.0018691855686328435,25,10,20
35,8236,0.8582975386573533,2.776066127474855e-06,0.13983048031199904,0.0018692049645199784,25,10,20
35,8237,0.8585692380493142,2.765006321472156e-06,0.13955879906949248,0.0018691978748716011,25,10,20
35,8238,0.8443886390777122,2.7649708766655697e-06,0.15373992014979357,0.001868675801617547,25,10,20
35,8239,0.8551296672268791,2.764830511438926e-06,0.14299891060273212,0.001868657339877129,25,10,20
35,8240,0.8442522811946513,2.779606597430314e-06,0.153876212782071,0.0018687264166798762,25,10,20
35,8241,0.8067873330072597,2.778681700839356e-06,0.1915342227336561,0.0016756655773831298,25,10,20
35,8242,0.8090385786222823,2.8134662130874083e-06,0.18928022895536778,0.0016783789561369306,25,10,20
35,8243,0.8270205440065364,0.00025353711456535115,0.17104734259232313,0.001678576286574579,25,10,20
35,8244,0.8269341733975416,0.0002535426083318247,0.17113234913581013,0.0016799348583158595,25,10,20
35,8245,0.8619080768464671,0.0002516641246721288,0.13616063743745963,0.00167962159140029,25,10,20
35,8246,0.8612665889591896,0.0002519422298581444,0.13680179439534884,0.0016796744156023827,25,10,20
35,8247,0.8611668639417897,0.0002519422195285182,0.13690152241941755,0.0016796714192634453,25,10,20
35,8248,0.8612871178486796,0.0002519420148594743,0.1367812506509356,0.0016796894855245473,25,10,20
35,8249,0.8620307715494044,0.00025194928220394886,0.136180049160861,0.0015372300075298603,25,10,20
35,8250,0.8274895509995608,0.00025191486034801354,0.17072609853907308,0.0015324356010176338,25,10,20
35,8251,0.8430484796519613,0.0002519248871528975,0.15516713671817917,0.0015324587427063138,25,10,20
35,8252,0.843047030573276,0.0002519248924181358,0.1551685615009429,0.001532483033362639,25,10,20
35,8253,0.8535159707500068,0.0002521745764226751,0.14469813631680226,0.0015337183567677567,25,10,20
35,8254,0.8529065920740618,0.00025215919203075074,0.14530762460201535,0.0015336241318915096,25,10,20
35,8255,0.8528910130747682,0.00025215957352005177,0.1453230854732862,0.0015337418784247823,25,10,20
35,8256,0.8601411491084996,0.0002516928680257627,0.13813705901937898,0.0014700990040951562,25,10,20
35,8257,0.8600958460254324,0.00025169285933811377,0.13818236350128046,0.0014700976139486496,25,10,20
35,8258,0.896371158766161,0.0002516933171348374,0.10190679067493014,0.0014703572417737504,25,10,20
35,8259,0.8967099644494836,0.00025169313375704737,0.10156801004835014,0.0014703323684089325,25,10,20
35,8260,0.8974699141095646,0.00025170713516698844,0.10080804759066148,0.0014703311646067137,25,10,20
35,8261,0.8908280413418233,0.0002517095705483657,0.10744928294476208,0.0014709661428659328,25,10,20
35,8262,0.8891269494578125,0.00025172372564787466,0.10898493930237217,0.0016363875141671858,25,10,20
35,8263,0.8907994605088656,0.00025172040131591624,0.10697548415207857,0.0019733349377390034,25,10,20
35,8264,0.8821254203445126,0.00025772351764794666,0.11558671643308198,0.002030139704756721,25,10,20
35,8265,0.885782160161743,0.00025766223566329045,0.11284503234083351,0.0011151452617594124,25,10,20
35,8266,0.8469545655908949,0.0002576618502880065,0.15167274268862874,0.001115029870188061,25,10,20
35,8267,0.8448723309192822,0.00025778319607034267,0.15375352404520282,0.001116361839444123,25,10,20
35,8268,0.8447604904583669,0.0002577830083183839,0.15386536806294004,0.001116358470374265,25,10,20
35,8269,0.8492270691548789,0.0002575189924943773,0.14947087320306282,0.001044538649563921,25,10,20
35,8270,0.8489070780469793,0.00025752163938367673,0.1497908147380467,0.0010445855755904616,25,10,20
35,8271,0.8507862077195454,0.0002573913615315525,0.1479131039074625,0.0010432970114607602,25,10,20
35,8272,0.8568633263705574,0.000257603207952358,0.14183481755351132,0.0010442528679789247,25,10,20
35,8273,0.85719380474161,0.0002576378127370318,0.1395802042318529,0.0029683532138002028,25,10,20
35,8274,0.8565213282521001,0.0002573923604014941,0.140249110394477,0.0029721689930216543,25,10,20
35,8275,0.857057012832855,0.00025738001658851456,0.13971349865228935,0.0029721084982674457,25,10,20
35,8276,0.8663657031932428,0.00025713337886636134,0.13233006938775488,0.0010470940401361916,25,10,20
35,8277,0.8662551126957205,0.00025712852443600853,0.13244060750212375,0.001047151277719953,25,10,20
35,8278,0.8663641453739156,0.000257127872123634,0.13233030189208528,0.00104842486187594,25,10,20
35,8279,0.8722163360865153,0.0002571243263349105,0.12647806039508303,0.0010484791920671553,25,10,20
35,8280,0.8717861019991298,0.00025712485736090033,0.12690563669049532,0.0010511364530142937,25,10,20
35,8281,0.8709027165766315,0.0002571253403686925,0.12778140933478904,0.0010587487482110513,25,10,20
35,8282,0.8693930191175238,0.0002571406028966132,0.12928939254788957,0.001060447731690301,25,10,20
35,8283,0.8695462907244546,0.0002571356036151206,0.12913616904423666,0.0010604046276939522,25,10,20
35,8284,0.8339389351239326,0.0002571592628244422,0.16438838238295048,0.0014155232302924215,25,10,20
35,8285,0.8341706130198513,0.00025715195470206784,0.16419396374449532,0.001378271280951121,25,10,20
35,8286,0.8345230286888647,0.00025715196992369795,0.16384163835862064,0.0013781809825905668,25,10,20
35,8287,0.8362850078263407,0.0002571364533439335,0.1620840295260247,0.001373826194290763,25,10,20
35,8288,0.8348341906651391,0.0002582341968037081,0.16353371430770888,0.0013738608303483192,25,10,20
35,8289,0.8692717843259697,0.00025821691374715533,0.12944047709537623,0.0010295216649069973,25,10,20
35,8290,0.8681448416804828,0.00025821716315855355,0.13056504649014836,0.001031894666210484,25,10,20
35,8291,0.8630825823897611,0.00026173402918442686,0.13560717283724347,0.0010485107438111016,25,10,20
35,8292,0.8634385797878557,0.0002617337423676508,0.13525124803403987,0.001048438435736934,25,10,20
35,8293,0.8684976556413834,0.00025821695879191443,0.13021230506951376,0.0010318223303109678,25,10,20
35,8294,0.8685059823970367,0.0002582177632336002,0.13020389690891918,0.0010319029308104865,25,10,20
35,8295,0.8662308603802549,7.5045405771748175e-06,0.13272727498609801,0.0010343600930702566,25,10,20
35,8296,0.8674024210896825,7.466419164051163e-06,0.13156097653902962,0.0010291359521241864,25,10,20
35,8297,0.8728753315000408,7.461137581685862e-06,0.1260891467431809,0.0010280606191966032,25,10,20
35,8298,0.8731680149582347,7.456173070852812e-06,0.12579654585279998,0.0010279830158945267,25,10,20
35,8299,0.8740654244662206,9.363096931635775e-06,0.12532349536212506,0.0006017170747227809,25,10,20
35,8300,0.873869808960025,9.363429631225758e-06,0.12551911347907527,0.0006017141312686235,25,10,20
35,8301,0.8805198363060032,9.361266422727966e-06,0.11886974578657368,0.0006010566410003852,25,10,20
35,8302,0.8802842602470818,9.36137463671189e-06,0.11910453743729528,0.0006018409409862322,25,10,20
35,8303,0.8801116683688762,9.379791025665732e-06,0.11927825360106206,0.0006006982390360918,25,10,20
35,8304,0.8881888285624978,3.3666438645149744e-06,0.11126384541779581,0.0005439593758416423,25,10,20
35,8305,0.882316985103341,3.3708525034944436e-06,0.11713566542210417,0.0005439786220510641,25,10,20
35,8306,0.9178391526340199,3.351485058891338e-06,0.08196842425604331,0.0001890716248780179,25,10,20
35,8307,0.9183366899341655,3.3511222704894966e-06,0.08147088743896472,0.00018907150459942718,25,10,20
35,8308,0.8860652451158718,3.367768974560885e-06,0.11373626927226436,0.00019511784288881178,25,10,20
35,8309,0.887210282725747,3.367293553289291e-06,0.11259381809077386,0.00019253188992535573,25,10,20
35,8310,0.9059708397061078,3.363441185091177e-06,0.09383604502995864,0.00018975182274836948,25,10,20
35,8311,0.9070610218142043,3.363428734294777e-06,0.09274595294128318,0.00018966181577806547,25,10,20
35,8312,0.9085119491429459,2.265155645675623e-06,0.0912962428042365,0.00018954289717193002,25,10,20
35,8313,0.9087454146161901,2.2648821285984462e-06,0.09106277903684201,0.00018954146483916542,25,10,20
35,8314,0.9086125808902604,2.2697048726127296e-06,0.09119559919683094,0.00018955020803591637,25,10,20
35,8315,0.9080596227540889,2.2696945604657697e-06,0.09174856291347154,0.00018954463787890593,25,10,20
35,8316,0.9084858949773518,2.005221904217607e-06,0.09132386048413517,0.00018823931660823937,25,10,20
35,8317,0.909018930677384,1.9914088923756424e-06,0.09095625983721829,2.2818076505019246e-05,25,10,20
35,8318,0.9076129311105754,1.9915018050634584e-06,0.09235564207871944,2.9435308899619593e-05,25,10,20
35,8319,0.9067770345281768,1.991860925077091e-06,0.09319153028066199,2.9443330235733608e-05,25,10,20
35,8320,0.9067435943185364,1.9921250703989716e-06,0.09322359512492356,3.0818431469254966e-05,25,10,20
35,8321,0.9066744628715117,1.9916424405998157e-06,0.09330033681679793,2.3208669249744482e-05,25,10,20
35,8322,0.9065530242370715,1.9919703733703035e-06,0.09342267801664057,2.230577591419896e-05,25,10,20
35,8323,0.9064023637252211,1.9970178647327696e-06,0.09357332037705263,2.2318879861191435e-05,25,10,20
35,8324,0.9065527624553847,1.9968392285249263e-06,0.09342289673639817,2.234396898839492e-05,25,10,20
35,8325,0.9063739014092178,1.9969397053445364e-06,0.0936013244361777,2.277721489882746e-05,25,10,20
35,8326,0.9067007712476063,2.0118141435363634e-06,0.09327317800401091,2.4038934239089226e-05,25,10,20
35,8327,0.9066969269966202,1.9981418820318155e-06,0.09327716821844437,2.3906643053007342e-05,25,10,20
35,8328,0.9071818878330055,1.983452812354551e-06,0.09279261085633969,2.3517857842136988e-05,25,10,20
35,8329,0.9073288085021868,1.9785243685378978e-06,0.0926457076190324,2.350535441193455e-05,25,10,20
35,8330,0.907116536416827,1.9791472511212195e-06,0.09285315181083924,2.8332625082140382e-05,25,10,20
35,8331,0.9085160779858359,1.979310235369575e-06,0.09146023029324908,2.1712410679071135e-05,25,10,20
35,8332,0.9109494501477752,5.537887273643265e-08,0.08903615337756327,1.4341095787929741e-05,25,10,20
35,8333,0.9089611191044022,5.4486946229140014e-08,0.09102794236737333,1.0884041277336591e-05,25,10,20
35,8334,0.9388421128550425,5.4575014559403986e-08,0.061146932153793854,1.0900416148457585e-05,25,10,20
35,8335,0.9488768225851933,5.4490638623151424e-08,0.05111224117258396,1.0881751583571037e-05,25,10,20
35,8336,0.949205485030086,5.483884566983574e-08,0.05078213198540595,1.2328145662080741e-05,25,10,20
35,8337,0.9494377414675583,5.503506443658707e-08,0.05054984754728764,1.2355950089093968e-05,25,10,20
35,8338,0.9389353177373705,5.5226729062600935e-08,0.06105222736299981,1.2399672900128956e-05,25,10,20
35,8339,0.9448114988748033,5.0839176712895783e-08,0.055176070671722165,1.2379614297403475e-05,25,10,20
35,8340,0.945132187614717,4.605056995099496e-08,0.054855427830893574,1.233850381904785e-05,25,10,20
35,8341,0.9451429482032137,4.5710149094972876e-08,0.054846087376376536,1.0918710260201816e-05,25,10,20
35,8342,0.9450823606598526,4.143890605917266e-08,0.05490688630126047,1.0711599980634199e-05,25,10,20
35,8343,0.9431049305814919,7.578308183343538e-08,0.05687951437767236,1.547925775352353e-05,25,10,20
35,8344,0.9430844071630723,7.62378312676261e-08,0.05689993929704331,1.5577302052948615e-05,25,10,20
35,8345,0.9292926262144151,6.416482762025424e-06,0.07062450373459045,7.645356823222208e-05,25,10,20
35,8346,0.9278871805349602,6.426091778314809e-06,0.07188817418766032,0.00021821918560084586,25,10,20
35,8347,0.9302283541152313,6.426383445728127e-06,0.0695483649433606,0.00021685455796206283,25,10,20
35,8348,0.929712207257068,6.529533034736111e-06,0.07006328566239235,0.000217977547504594,25,10,20
35,8349,0.9300860168309508,6.426543584803146e-06,0.06969072388461744,0.00021683274084669993,25,10,20
35,8350,0.9302256087094481,6.426085598405639e-06,0.06955123137234047,0.00021673383261252072,25,10,20
35,8351,0.9280409251473177,6.4290061838953594e-06,0.07173590280155061,0.00021674304494758697,25,10,20
35,8352,0.932059395443763,6.422629194436622e-06,0.06771657107188539,0.00021761085515688324,25,10,20
35,8353,0.9253871746633736,6.422704850433018e-06,0.0743887724960533,0.00021763013572236592,25,10,20
35,8354,0.925326920910539,6.422185193930212e-06,0.07444990725645423,0.0002167496478123951,25,10,20
35,8355,0.9389424284258727,8.237697982530923e-08,0.060901615734772374,0.0001558734623746645,25,10,20
35,8356,0.9001963329820301,1.0566214765328824e-05,0.09963636041250316,0.00015674039070081233,25,10,20
35,8357,0.8991325311792931,1.056578086537424e-05,0.10070007547510017,0.00015682756474074154,25,10,20
35,8358,0.8991349163453155,1.0565777139149965e-05,0.10069769204771427,0.00015682582983045948,25,10,20
35,8359,0.8988174543704115,1.0565861590994059e-05,0.10101515393823571,0.00015682582976123564,25,10,20
35,8360,0.898675929247443,1.0561368722535532e-05,0.10115665767875281,0.00015685170508101054,25,10,20
35,8361,0.9084045034129674,1.0561183667467153e-05,0.09142812731140991,0.0001568080919545056,25,10,20
35,8362,0.9086174172664176,1.0561144315059587e-05,0.09121521529485381,0.00015680629441276086,25,10,20
35,8363,0.9089145071056798,1.0562365383447126e-05,0.09091797107429604,0.00015695945464004412,25,10,20
35,8364,0.9083465390002367,1.0562721895963761e-05,0.0911861429246007,0.0004567553532658327,25,10,20
35,8365,0.8998440003711456,1.0901791131268457e-05,0.09968674888059313,0.00045834895712916864,25,10,20
35,8366,0.9008665788822349,1.0902406554739391e-05,0.09896400236430612,0.0001585163469034154,25,10,20
35,8367,0.9004829189881869,1.1071098892049495e-05,0.09934787264506188,0.0001581372678585127,25,10,20
35,8368,0.889010173904659,1.107415270155505e-05,0.11081980610083587,0.00015894584180302238,25,10,20
35,8369,0.8542883158167415,1.1100255442663828e-05,0.14553482100437942,0.00016576292343479512,25,10,20
35,8370,0.8246286304602941,1.110061756199368e-05,0.17519433077019053,0.0001659381519531487,25,10,20
35,8371,0.848928469541959,1.1082117066411423e-05,0.15090127345043133,0.00015917489054156661,25,10,20
35,8372,0.8483855524453259,1.1490872305519101e-05,0.15133210346191953,0.00027085322044727094,25,10,20
35,8373,0.8758626268825777,1.02097609634027e-06,0.12386630836414345,0.0002700437771811833,25,10,20
35,8374,0.8756130992471324,1.0276923907807762e-06,0.12411628993404168,0.0002695831264336154,25,10,20
35,8375,0.8759957052833107,1.0272378242508353e-06,0.12373373502531967,0.0002695324535440482,25,10,20
35,8376,0.8870359700612389,1.019743577644588e-06,0.1126935030578847,0.0002695071372982629,25,10,20
35,8377,0.8889692747654706,1.0192964048915363e-06,0.11075925960364807,0.00027044633447578656,25,10,20
35,8378,0.8973532430325235,6.802270107259065e-07,0.10237722360114153,0.00026885313932376877,25,10,20
35,8379,0.8972227927196189,6.824599167690164e-07,0.1025084929669444,0.0002680318535194422,25,10,20
35,8380,0.8931893749107573,1.1813847305417367e-05,0.1065281904054793,0.0002706208364574585,25,10,20
35,8381,0.9160225374244354,1.2287792736469733e-05,0.08369229364035802,0.0002728811424696889,25,10,20
35,8382,0.9224359799364518,1.2287849404547288e-05,0.07727884671667196,0.0002728854974714736,25,10,20
35,8383,0.9284413473849193,1.2087668686422224e-05,0.07127349437465172,0.000273070571742461,25,10,20
35,8384,0.898865100926573,2.7345258275907036e-05,0.10076183219802257,0.00034572161712788184,25,10,20
35,8385,0.8984895045640822,2.7336473220536484e-05,0.1011374381126994,0.0003457208499973816,25,10,20
35,8386,0.8985431340375761,2.7168046220705724e-05,0.10108402813888881,0.0003456697773136806,25,10,20
35,8387,0.8980843851000451,2.717670649722934e-05,0.1015407596473892,0.0003476785460679898,25,10,20
35,8388,0.8606798054779101,2.717577059186037e-05,0.13894517863924466,0.00034784011225208814,25,10,20
35,8389,0.8569911967584001,3.454903486214897e-05,0.14262623162619537,0.0003480225805406297,25,10,20
35,8390,0.8513941265818541,3.454888240140276e-05,0.14822329309108712,0.0003480314446559826,25,10,20
35,8391,0.845985076997221,9.14242306428344e-05,0.153642194086865,0.00028130468526941593,25,10,20
35,8392,0.8464740881510887,9.142085673710989e-05,0.15315376123078325,0.0002807297613891542,25,10,20
35,8393,0.8465196308424349,9.142088430260944e-05,0.15310819997862357,0.00028074829463715776,25,10,20
35,8394,0.8111434439378649,9.145020324382765e-05,0.18826258365864326,0.0005025222002476151,25,10,20
35,8395,0.8485138309315134,9.14505180826142e-05,0.15088686478617958,0.0005078537642225175,25,10,20
35,8396,0.8538404861892314,9.146536842518384e-05,0.1455571934392944,0.0005108550030479002,25,10,20
35,8397,0.8535666131074394,9.14684612438196e-05,0.14583114364755642,0.0005107747837589743,25,10,20
35,8398,0.8541304856178378,9.146512131108538e-05,0.14526813329486063,0.0005099159659891256,25,10,20
35,8399,0.8465662812956692,9.1480706161647e-05,0.15271892962315922,0.0006233083750076758,25,10,20
35,8400,0.8583218618943177,9.14778433693116e-05,0.14096404139212085,0.000622618870190387,25,10,20
35,8401,0.8580859429355776,9.148570818338614e-05,0.14119833247073776,0.0006242388854992022,25,10,20
35,8402,0.849470646802,9.171254845107053e-05,0.14981394032740789,0.0006237003221390649,25,10,20
35,8403,0.8495299348596475,9.171319756878577e-05,0.14975511408237568,0.0006232378604061078,25,10,20
35,8404,0.8816888048199418,9.169002565012295e-05,0.11760129635711218,0.0006182087972944997,25,10,20
35,8405,0.8815144042390556,9.169678058994245e-05,0.11777577172598852,0.0006181272543645997,25,10,20
35,8406,0.8823467462197676,9.16631864639972e-05,0.11694822804316515,0.0006133625506019165,25,10,20
35,8407,0.8731651265456084,9.167902999209176e-05,0.12612979506679933,0.000613399357599264,25,10,20
35,8408,0.8776999945273555,8.40313456792109e-05,0.12160537348533473,0.0006106006416296427,25,10,20
35,8409,0.8732267401329226,8.421315359511338e-05,0.12603084436133613,0.0006582023521451014,25,10,20
35,8410,0.8834985335532521,8.421418926476222e-05,0.11559168544956945,0.0008255668079129129,25,10,20
35,8411,0.8843568623463893,8.421912006824104e-05,0.1146821801048349,0.0008767384287065242,25,10,20
35,8412,0.8809990767874235,8.421865167973944e-05,0.1180235676506175,0.0008931369102783504,25,10,20
35,8413,0.845294799151378,8.423062936086556e-05,0.15389502538018882,0.0007259448390718409,25,10,20
35,8414,0.8450996797237491,8.423017946565338e-05,0.15409017408516903,0.0007259160116154776,25,10,20
35,8415,0.8346466680172532,8.431260452407013e-05,0.1621407757961564,0.003128243582067368,25,10,20
35,8416,0.8344003711245006,8.431332134476925e-05,0.16238704934743595,0.0031282662067196043,25,10,20
35,8417,0.835160323426999,8.430388428195258e-05,0.16176851249324867,0.002986860195471339,25,10,20
35,8418,0.8349610180769753,8.43084527368017e-05,0.16189248409950555,0.00306218937078345,25,10,20
35,8419,0.8543840228049762,8.494522382089905e-05,0.14269058642922178,0.0028404455419800546,25,10,20
35,8420,0.8543866334751913,8.494522090548812e-05,0.14268797690374632,0.002840444400156386,25,10,20
35,8421,0.854574323415975,8.495313946647386e-05,0.1425005989984067,0.0028401244461513223,25,10,20
35,8422,0.8518096631018696,9.213335559837386e-05,0.14765932941921422,0.0004388741233173463,25,10,20
35,8423,0.8514337785881442,9.213336191861622e-05,0.14803521261907307,0.00043887543086376315,25,10,20
35,8424,0.8518466310477916,9.212429802738475e-05,0.14762321030801842,0.00043803434616222374,25,10,20
35,8425,0.8434269223881503,9.228143422179084e-05,0.15602257375005169,0.0004582224275755646,25,10,20
35,8426,0.8400216193385446,9.229307185125617e-05,0.15942692208244422,0.0004591655071591931,25,10,20
35,8427,0.833228231157432,9.228432273846445e-05,0.16306213217893098,0.003617352340899194,25,10,20
35,8428,0.8333237415693737,9.228091275938316e-05,0.16296661273778226,0.0036173647800853163,25,10,20
35,8429,0.8332221126387158,9.22806306174478e-05,0.16306826919459308,0.0036173375360743594,25,10,20
35,8430,0.8330977930195058,9.228063292335609e-05,0.16319258873308326,0.0036173376144882073,25,10,20
35,8431,0.8330411601257732,9.228447592646789e-05,0.16324828226119906,0.003618273137101974,25,10,20
35,8432,0.8239732991293001,9.228508158694785e-05,0.17242784781225715,0.003506567976856952,25,10,20
35,8433,0.8341202580361924,9.228669492423631e-05,0.16543999543253013,0.00034745983635453104,25,10,20
35,8434,0.8183681267577323,0.000126152696368195,0.18100616795215554,0.0004995525937454287,25,10,20
35,8435,0.8182389627895975,0.0001261578398555094,0.18106098547952507,0.000573893891023449,25,10,20
35,8436,0.8094313404919307,0.00012626746720001314,0.1898387576320873,0.0006036344087839241,25,10,20
35,8437,0.8014900041836026,0.0001256100059931783,0.19778076909867817,0.0006036167117274309,25,10,20
35,8438,0.8019143751383622,0.00012560422386839292,0.1974062043728483,0.0005538162649226245,25,10,20
35,8439,0.8018841426592698,0.00012560424912928708,0.1974364357662008,0.0005538173254013103,25,10,20
35,8440,0.8197656008353041,0.00012559565855518274,0.1795549864950666,0.0005538170110755028,25,10,20
35,8441,0.8273259353553364,0.00012558007536574243,0.1721080591189555,0.0004404254503436601,25,10,20
35,8442,0.8274535384656982,0.00012558009739252506,0.17197908644789514,0.0004417949890150205,25,10,20
35,8443,0.8287696041230745,0.00012558412338241527,0.17063398507983638,0.00047082667370775666,25,10,20
35,8444,0.828532051779628,0.000125584125007881,0.17087153785590062,0.00047082623946460346,25,10,20
35,8445,0.8283708814904298,0.00012558413922262863,0.17103408296057376,0.0004694514097748913,25,10,20
35,8446,0.8357968697686283,0.00011832547457516781,0.16361653081364683,0.00046827394315022855,25,10,20
35,8447,0.8301210447923552,0.00011832520811965864,0.16929238004761185,0.00046824995191440603,25,10,20
35,8448,0.8293668197275318,0.00011833793399739378,0.17011622030993528,0.0003986220285366434,25,10,20
35,8449,0.8307094245557175,0.00011832008092948369,0.16877834660896807,0.0003939087543860223,25,10,20
35,8450,0.8383793918093122,0.00011830714808380199,0.16110807905202357,0.0003942219905812536,25,10,20
35,8451,0.8405203263480265,0.00011830407565254587,0.15896617050465023,0.00039519907167032484,25,10,20
35,8452,0.8401427481258469,0.00011831266567513656,0.15934283349291456,0.00039610571556338063,25,10,20
35,8453,0.843465126138073,0.00011830781630879956,0.15603831574220828,0.0003782503034096252,25,10,20
35,8454,0.8594126001158241,8.47235450591772e-05,0.1402086684606922,0.00029400787842417367,25,10,20
35,8455,0.8594425753122681,8.472337372401903e-05,0.1401800603136512,0.00029264100035650953,25,10,20
35,8456,0.859848903155665,7.383347970564704e-05,0.13978730160180056,0.00028996176282801867,25,10,20
35,8457,0.8499901726052029,7.367469294550562e-05,0.14968723850575485,0.00024891419609620404,25,10,20
35,8458,0.8589956460271901,7.350259769837067e-05,0.14070504228557337,0.0002258090895381298,25,10,20
35,8459,0.8592652412229941,7.350242775450688e-05,0.14043544950192172,0.0002258068473295009,25,10,20
35,8460,0.8651948977882296,7.350245157528955e-05,0.13450578948737787,0.00022581027281705826,25,10,20
35,8461,0.8579741541328171,7.378073775653799e-05,0.1418015390519325,0.0001505260774938599,25,10,20
35,8462,0.8380181205293415,7.35062438687502e-05,0.15530895522658467,0.006599418000204455,25,10,20
35,8463,0.814682424434386,7.348292190949097e-05,0.17865230654279216,0.006591786100913096,25,10,20
35,8464,0.8136866775747358,7.350552688231857e-05,0.17964786368692348,0.006591953211459111,25,10,20
35,8465,0.8130535190529331,7.372090416813349e-05,0.1802796055928947,0.006593154450005091,25,10,20
35,8466,0.8129513325887122,7.39435540563504e-05,0.18038037047097302,0.006594353386259183,25,10,20
35,8467,0.8166853538012008,7.370040198950134e-05,0.17664667972907153,0.006594266067738863,25,10,20
35,8468,0.8166032868763138,7.370542694752078e-05,0.17672874149887072,0.0065942661978686855,25,10,20
35,8469,0.8164847033683226,7.475751083033358e-05,0.1768464386238911,0.006594100496956574,25,10,20
35,8470,0.8066382401228569,7.47768726543524e-05,0.18660676582944247,0.006680217175046721,25,10,20
35,8471,0.813575031249233,7.555318645032138e-05,0.17966783663325134,0.006681578931065244,25,10,20
35,8472,0.8123799057146829,7.559632728477776e-05,0.18085141780788166,0.006693080150150722,25,10,20
35,8473,0.8108374742870896,7.559767676838514e-05,0.18239382487331107,0.006693103162831065,25,10,20
35,8474,0.8165549159276355,7.51874807967488e-05,0.17667685376235062,0.006693042829217678,25,10,20
35,8475,0.8494528066589929,3.4303927124374544e-06,0.14375450200625378,0.006789260942040273,25,10,20
35,8476,0.8510625913571122,4.891873882380658e-06,0.14213648831573666,0.006796028453268242,25,10,20
35,8477,0.8512953962700155,4.893729862745367e-06,0.14190451534979912,0.006795194650322098,25,10,20
35,8478,0.8509449618119137,4.933050502931338e-06,0.14225472157291708,0.006795383564665623,25,10,20
35,8479,0.8504769756605728,4.933696735891359e-06,0.14272261885532259,0.006795471787367851,25,10,20
35,8480,0.8519662456249154,3.922168750847605e-06,0.14123685927005464,0.006792972936278369,25,10,20
35,8481,0.8523867422459318,3.926832286429711e-06,0.14081633722668108,0.006792993695099919,25,10,20
35,8482,0.8481669215120559,3.919464187216589e-06,0.14503620538011516,0.006792953643641075,25,10,20
35,8483,0.8481929656387921,3.886436784670677e-06,0.14501905930166298,0.006784088622759662,25,10,20
35,8484,0.8491279702487329,3.6672162178449807e-06,0.1440864103056106,0.006781952229438102,25,10,20
35,8485,0.857921586030447,3.5578587830106743e-06,0.1353226191792264,0.006752236931543361,25,10,20
35,8486,0.8956716579302055,3.530665383061592e-06,0.09757280681758243,0.006752004586828841,25,10,20
35,8487,0.8983397668279681,3.1542064950855336e-06,0.09500732636915872,0.006649752596377924,25,10,20
35,8488,0.8921965837689075,3.158873379940071e-06,0.10114927290029885,0.006650984457413202,25,10,20
35,8489,0.8907946609889912,3.158571355709936e-06,0.10255119869432423,0.006650981745328052,25,10,20
35,8490,0.8906804466964203,3.1585822097728382e-06,0.10266538835083384,0.006651006370535211,25,10,20
35,8491,0.8683904699358702,3.1582089522745708e-06,0.12495319215864248,0.006653179696534517,25,10,20
35,8492,0.8726546438131534,3.1582886721449734e-06,0.1206890196449122,0.006653178253261651,25,10,20
35,8493,0.8783960399200366,3.1589476137778166e-06,0.11494869952920364,0.006652101603145301,25,10,20
35,8494,0.9147100120717147,1.7029209170094575e-06,0.07864294874293289,0.0066453362644351465,25,10,20
35,8495,0.9153367711923495,1.6642926514178505e-06,0.0780163945769156,0.006645169938083087,25,10,20
35,8496,0.9380928678538871,1.6647431760159304e-06,0.05526255928659931,0.006642908116337138,25,10,20
35,8497,0.9292232821278041,1.663779303298044e-06,0.06413206714328673,0.006642986949605145,25,10,20
35,8498,0.9136053541868463,6.00346678647132e-07,0.07974800349022006,0.0066460419762543865,25,10,20
35,8499,0.9104696784318439,9.55349907997967e-07,0.08288328280922595,0.006646083409021413,25,10,20
35,8500,0.9129409292851877,9.534419657208574e-07,0.08037709849272442,0.00668101878012167,25,10,20
35,8501,0.9129989711355749,9.546803088920162e-07,0.08031904613466172,0.00668102804945384,25,10,20
35,8502,0.9129232092023591,9.49689006881285e-07,0.0803948169782886,0.006681024130344881,25,10,20
35,8503,0.9143351127296134,9.496884058779076e-07,0.07898291359700264,0.00668102398497767,25,10,20
35,8504,0.8979210994475814,9.603027231474631e-07,0.09539504604105332,0.006682894208641198,25,10,20
35,8505,0.8983469051944668,9.549655579260949e-07,0.0949694014268259,0.006682738413148421,25,10,20
35,8506,0.8973790077327943,9.553392278454817e-07,0.09593729456351548,0.006682742364461354,25,10,20
35,8507,0.8975442281798324,9.550582594396273e-07,0.09577349525288342,0.006681321509023524,25,10,20
35,8508,0.8936377729552533,6.079398018005351e-07,0.0996159351698203,0.0067456839351234385,25,10,20
35,8509,0.8931340733427373,6.126528854645284e-07,0.10007973826523515,0.006785575739140928,25,10,20
35,8510,0.8997412928710528,6.268113276139421e-07,0.09353677993520483,0.006721300382413732,25,10,20
35,8511,0.89976543466329,4.090049534766791e-07,0.09351410307226785,0.006720053259487746,25,10,20
35,8512,0.9108429852036436,6.399344673348611e-07,0.07874912671728523,0.010407248144603736,25,10,20
35,8513,0.9109197840253934,6.386203426017535e-07,0.0786723379856727,0.010407239368591233,25,10,20
35,8514,0.918102191476688,3.561799794124825e-07,0.07149028163937736,0.010407170703955203,25,10,20
35,8515,0.9230687977697347,1.221383713900796e-07,0.07021292756342667,0.0067181525284672325,25,10,20
35,8516,0.9326007034577721,1.1778385979264611e-07,0.0606661703608183,0.006733008397549658,25,10,20
35,8517,0.9485517067448298,1.1670513893168191e-07,0.04471817046323773,0.006730006086793305,25,10,20
35,8518,0.9490450377562883,1.1660480668255307e-07,0.044224680007216494,0.006730165631688069,25,10,20
35,8519,0.9478783094031208,1.1916685810370081e-07,0.045391052333182885,0.006730519096838008,25,10,20
35,8520,0.9479572039195587,1.1414705344192826e-07,0.045312186833839634,0.006730495099547992,25,10,20
35,8521,0.9481047911837088,1.1409078331626759e-07,0.045164548619369846,0.006730546106137981,25,10,20
35,8522,0.9462801211196588,1.8818465881059292e-07,0.04698849222640049,0.0067311984692822015,25,10,20
35,8523,0.9477302727259227,1.7470256996787712e-07,0.045538241081395085,0.00673131149011223,25,10,20
35,8524,0.9466491247449356,1.9339708100657758e-07,0.04661447077284299,0.006736211085140624,25,10,20
35,8525,0.9497316102086895,4.6240963220780647e-07,0.043566670092619796,0.006701257289058786,25,10,20
35,8526,0.9596562952840101,4.662238913137745e-07,0.03358285825374938,0.00676038023834927,25,10,20
35,8527,0.9449065830839471,9.981317183115276e-07,0.048331202352334415,0.006761216432000326,25,10,20
35,8528,0.9435953015936447,9.985828412184824e-07,0.04964247879398802,0.00676122102952597,25,10,20
35,8529,0.9436699040923183,7.272264185936469e-07,0.04956814890985002,0.006761219771413077,25,10,20
35,8530,0.9447135232936426,7.085307785904779e-07,0.04852944789308679,0.006756320282492062,25,10,20
35,8531,0.9455424903290206,7.080670009388172e-07,0.047700486808663546,0.006756314795314986,25,10,20
35,8532,0.9503410215335916,7.038880556294e-07,0.04293103176733599,0.006727242811016741,25,10,20
35,8533,0.9511249655441278,6.937149346625462e-07,0.042147152289218066,0.0067271884517194755,25,10,20
35,8534,0.9392133886606451,7.207125424899818e-06,0.05395279097954411,0.006826613234386027,25,10,20
35,8535,0.9396105639232993,7.201775277936743e-06,0.053595492264653294,0.006786742036769519,25,10,20
35,8536,0.9390911937420415,7.2053335831913835e-06,0.054113917464565356,0.006787683459809801,25,10,20
35,8537,0.9308754425936789,7.3506069457790675e-06,0.06228611430780015,0.006831092491575207,25,10,20
35,8538,0.9429567453195034,8.371432661038492e-07,0.050310874895224254,0.006731542642006357,25,10,20
35,8539,0.9429783145842566,8.363514254685098e-07,0.05028931104686235,0.0067315380174554984,25,10,20
35,8540,0.9267340964162258,1.3622544994824792e-06,0.0663537065526064,0.006910834776668115,25,10,20
35,8541,0.9098565900890287,2.7322530928687045e-06,0.08321640332525997,0.006924274332617718,25,10,20
35,8542,0.9182811338176629,2.5818848410771437e-06,0.07483403384484957,0.00688225045264628,25,10,20
35,8543,0.9181261870739741,2.5850285127822903e-06,0.07498817603921665,0.006883051858296277,25,10,20
35,8544,0.9330054435244858,2.0528400315191233e-06,0.06011033860471793,0.0068821650307647345,25,10,20
35,8545,0.8990683661706359,3.073461376260179e-06,0.07840526307306693,0.02252329729492061,25,10,20
35,8546,0.9008839231967652,2.999381627784188e-06,0.07659042913286916,0.022522648288737485,25,10,20
35,8547,0.9012358058850575,2.9951703281836584e-06,0.07629778126957351,0.022463417675040644,25,10,20
35,8548,0.9007684602508167,3.0055385303977197e-06,0.07676367329176799,0.022464860918884576,25,10,20
35,8549,0.90076013754956,3.0057318025864486e-06,0.07677204232482314,0.022464814393813867,25,10,20
35,8550,0.8996849948291782,3.0255635057409873e-06,0.07784686931647217,0.022465110290843474,25,10,20
35,8551,0.899891322733586,3.0225998317851983e-06,0.07738957897662285,0.022716075689959148,25,10,20
35,8552,0.8999004407822468,3.0224240214118633e-06,0.07738046150044067,0.02271607529329069,25,10,20
35,8553,0.9012238788947928,3.012220925246564e-06,0.07605976208147247,0.022713346802808756,25,10,20
35,8554,0.9015443841559186,3.0120100081801347e-06,0.07573929417952635,0.022713309654546272,25,10,20
35,8555,0.8997771688264626,1.8570146873235538e-05,0.07741815734662119,0.022786103680042382,25,10,20
35,8556,0.9202062876971923,1.8562161950487854e-05,0.06351086785016861,0.01626428229068821,25,10,20
35,8557,0.9183405166401485,3.1436323712311647e-06,0.06544504081320812,0.016211298914271737,25,10,20
35,8558,0.9292322863147411,2.1314705110868993e-06,0.06298445375405888,0.007781128460688447,25,10,20
35,8559,0.9289677271443045,2.1317282397755454e-06,0.06324901504822608,0.007781126079228836,25,10,20
35,8560,0.9424066358270573,2.491879431555632e-06,0.057020607475512915,0.0005702648179975712,25,10,20
35,8561,0.9426446572768206,2.493590616018935e-06,0.05678249776358593,0.0005703513689768436,25,10,20
35,8562,0.9406620804434371,3.569998148600822e-06,0.05875905874094915,0.000575290817464574,25,10,20
35,8563,0.9302122566638761,3.573907372296705e-06,0.06920785069728974,0.0005763187314614017,25,10,20
35,8564,0.9305706930273621,3.573149106719373e-06,0.06884961315204224,0.0005761206714883061,25,10,20
35,8565,0.91190002205692,3.7883290566570402e-06,0.08751903584139425,0.0005771537726289765,25,10,20
35,8566,0.8755622660435637,3.7886547535905623e-06,0.123856668299411,0.000577277002271342,25,10,20
35,8567,0.8600067024467648,3.783675038598138e-06,0.1396602789570406,0.0003292349211547729,25,10,20
35,8568,0.8963615409906754,3.7832165238608633e-06,0.1033055674417343,0.0003291083510661604,25,10,20
35,8569,0.8963489406896343,3.786973195032769e-06,0.10331856285218109,0.00032870948498942134,25,10,20
35,8570,0.8966086591113964,3.78403791471468e-06,0.10305969140407775,0.0003278654466110219,25,10,20
35,8571,0.8641879459752722,5.014969183841612e-06,0.13482907574234854,0.000977963313194687,25,10,20
35,8572,0.8744631027707603,5.011068108043688e-06,0.1245549498521595,0.0009769363089715739,25,10,20
35,8573,0.8747229757724148,5.011055199938057e-06,0.1242950714086582,0.000976941763726499,25,10,20
35,8574,0.8875203912247989,3.741942641972419e-06,0.11151135286110979,0.0009645139714490062,25,10,20
35,8575,0.8870609807892273,3.80805921325364e-06,0.1119680910430305,0.0009671201085283961,25,10,20
35,8576,0.9199699659744399,2.566970163805321e-06,0.0797118859273191,0.0003155811280769806,25,10,20
35,8577,0.919871922678665,2.5670337221030702e-06,0.07980992762656339,0.0003155826610493753,25,10,20
35,8578,0.9154095598247508,2.7581579901356095e-06,0.0842712597321379,0.00031642228512141374,25,10,20
35,8579,0.9156758913350197,2.7578944797138106e-06,0.08400492730260897,0.0003164234678919644,25,10,20
35,8580,0.9113404344256537,2.8524302455976147e-06,0.08831525480538986,0.0003414583387112487,25,10,20
35,8581,0.9299776656144735,2.6147267651849858e-06,0.06967938624142522,0.0003403334173360828,25,10,20
35,8582,0.9299711619711459,2.61471715237191e-06,0.06968589119121796,0.00034033212048356637,25,10,20
35,8583,0.9299260767808942,2.622491248504766e-06,0.06973091281877297,0.0003403879090838003,25,10,20
35,8584,0.9285155874457414,2.622683206661079e-06,0.07114140012800305,0.0003403897430485572,25,10,20
35,8585,0.8946541206502618,2.6224197440043225e-06,0.10500267715857929,0.0003405797714138047,25,10,20
35,8586,0.8880343507216812,2.6351233870023867e-06,0.11156061005866062,0.00040240409627003966,25,10,20
35,8587,0.8875859247739513,2.6330033960427058e-06,0.11200465573072924,0.0004067864919222301,25,10,20
35,8588,0.8864113566462755,2.6130468187695883e-06,0.11328026642077543,0.0003057638861290852,25,10,20
35,8589,0.885468440785449,2.6131755012440795e-06,0.1140726403213921,0.00045630571765638614,25,10,20
35,8590,0.8866315700246631,2.617801638799751e-06,0.11306004963439936,0.0003057625392973529,25,10,20
35,8591,0.8934223022980197,2.605093062018551e-06,0.10633115441150523,0.00024393819741225527,25,10,20
35,8592,0.8846700296786534,5.5693056295955965e-06,0.11425597994047174,0.0010684210752438569,25,10,20
35,8593,0.8809524705291519,5.56936731145562e-06,0.11797224414074221,0.0010697159627930757,25,10,20
35,8594,0.8887233182037886,5.9997519907508255e-06,0.11019856427177124,0.0010721177724482645,25,10,20
35,8595,0.87841062964071,5.999827439331287e-06,0.12051023156093875,0.001073138970910725,25,10,20
35,8596,0.8784189913268194,5.999824403481618e-06,0.12050186470184103,0.0010731441469349655,25,10,20
35,8597,0.879782947710935,5.9998384390085295e-06,0.11913790780364004,0.0010731446469848416,25,10,20
35,8598,0.8452115025516173,6.069583414217046e-06,0.12323593781174408,0.03154649005322391,25,10,20
35,8599,0.8517163600632952,1.2908856508084166e-05,0.11690229227612882,0.03136843880406682,25,10,20
35,8600,0.8575335563519867,5.653791968734511e-06,0.11109264679171077,0.03136814306433312,25,10,20
35,8601,0.8661014712516035,2.9482153477373734e-06,0.10335187779311554,0.030543702739932108,25,10,20
35,8602,0.867377608068136,2.948101607357636e-06,0.10207573305515788,0.030543710775097627,25,10,20
35,8603,0.8673420844484748,2.9484809518257337e-06,0.10211123279044511,0.03054373428012713,25,10,20
35,8604,0.855976607229401,3.3210887635485193e-06,0.11347460426381162,0.03054546741802304,25,10,20
35,8605,0.8559592644420735,3.3294078178350755e-06,0.11349086083347182,0.030546545316636194,25,10,20
35,8606,0.8605237899106944,3.138442939932946e-06,0.10892734391733669,0.030545727729028256,25,10,20
35,8607,0.8356959890224168,3.1535119068607063e-06,0.1337550926706679,0.030545764795008257,25,10,20
35,8608,0.8608468109534085,3.1401235791757796e-06,0.10860430636150134,0.030545742561510564,25,10,20
35,8609,0.8608833917289579,3.1403247702220506e-06,0.10856772600194262,0.03054574194432918,25,10,20
35,8610,0.8636195574264215,3.324409054974416e-06,0.10290285408328927,0.03347426408123436,25,10,20
35,8611,0.8601263432683723,3.2646363234462997e-06,0.12808136812620627,0.01178902396909781,25,10,20
35,8612,0.8582839872917737,3.2806836636905215e-06,0.1387046237656202,0.003008108258942459,25,10,20
35,8613,0.8620182197533873,3.1362315597919465e-06,0.1349917328775266,0.0029869111375266373,25,10,20
35,8614,0.8592508789431471,3.046569289644632e-06,0.13778240077844595,0.002963673709117276,25,10,20
35,8615,0.8474485369895316,3.1095232679369195e-06,0.14947206559114926,0.0030762878960515303,25,10,20
35,8616,0.847346568462035,3.1095325704852942e-06,0.14957401356729108,0.00307630843810364,25,10,20
35,8617,0.8514820958546236,3.146971458402496e-06,0.14490039992449114,0.003614357249427378,25,10,20
35,8618,0.8514324940704168,3.079410961239609e-06,0.14489730894542613,0.00366711757319676,25,10,20
35,8619,0.8516089689183736,3.0794929455167033e-06,0.14472084611604233,0.0036671054726395346,25,10,20
35,8620,0.840112966667415,3.1061363260539387e-06,0.15621665121396985,0.003667275982290031,25,10,20
35,8621,0.8415524806496073,2.3179515788114643e-06,0.1547804005480858,0.003664800850729021,25,10,20
35,8622,0.8418525810102798,2.3132171909492288e-06,0.15447969844894363,0.0036654073235864687,25,10,20
35,8623,0.8456078169455392,2.313130404968764e-06,0.15072569854753884,0.00366417137651774,25,10,20
35,8624,0.8547725262844437,2.3140993671183813e-06,0.14156200815967315,0.0036631514565170246,25,10,20
35,8625,0.8455443715491197,2.2214075139309033e-06,0.15078834232196536,0.003665064721401678,25,10,20
35,8626,0.8454179703803555,2.2211721785849983e-06,0.15091474566669205,0.003665062780774499,25,10,20
35,8627,0.8521582866289181,2.2211135712609137e-06,0.14417681114144293,0.003662681116068509,25,10,20
35,8628,0.863751952033487,2.194461027537213e-06,0.13258336342241792,0.0036624900830681557,25,10,20
35,8629,0.9035275197155963,2.1688107994740193e-06,0.09281502040311863,0.003655291070485967,25,10,20
35,8630,0.9225557041833331,1.7501774604283788e-06,0.0738258735108366,0.003616672128369865,25,10,20
35,8631,0.9223200688688202,1.7944428232363552e-06,0.0740614363932793,0.0036167002950772903,25,10,20
35,8632,0.9119685022871634,1.7942987825665125e-06,0.08441300336427483,0.003616700049779145,25,10,20
35,8633,0.9119038003820163,1.7835109623471252e-06,0.08447774335614515,0.0036166727508762046,25,10,20
35,8634,0.9077257581747731,1.7882710525004518e-06,0.08865573874256817,0.0036167148116061443,25,10,20
35,8635,0.9078570540836598,1.7872497611483229e-06,0.08852444382499837,0.0036167148415805262,25,10,20
35,8636,0.9017286191053928,1.7872633167084238e-06,0.0946528765920584,0.0036167170392320345,25,10,20
35,8637,0.8986815175294564,1.9145078236369393e-06,0.09769864972199499,0.003617918240724978,25,10,20
35,8638,0.8992851176080022,1.913817721388218e-06,0.09710017785766688,0.0036127907166096733,25,10,20
35,8639,0.9054130154997532,1.9138112669043913e-06,0.09097228213518617,0.0036127885537937197,25,10,20
35,8640,0.9030118877116493,1.9942288496543108e-06,0.0933733775257187,0.0036127405337821345,25,10,20
35,8641,0.903147171134728,1.9940456220494256e-06,0.09323809718886937,0.0036127376307804626,25,10,20
35,8642,0.9032771752175367,1.9498183927345603e-06,0.09310814789052886,0.0036127270735415583,25,10,20
35,8643,0.9168447490979108,1.7543542927808162e-06,0.08247245861492561,0.0006810379328706403,25,10,20
35,8644,0.9164857716323042,1.7543418920761135e-06,0.08283137262862054,0.0006811013971829724,25,10,20
35,8645,0.9132722790189197,1.7128848379650078e-06,0.08602051265357608,0.0007054954426659807,25,10,20
35,8646,0.8765873825788306,7.109322707174395e-05,0.1226302737941536,0.000711250399943944,25,10,20
35,8647,0.876618907917624,7.110303241897659e-05,0.12259980258016628,0.0007101864697908145,25,10,20
35,8648,0.8942902329134889,7.109175830759592e-05,0.10493144679366306,0.0007072285345407701,25,10,20
35,8649,0.8937928576398501,7.109212132741207e-05,0.10542881998201706,0.0007072302568057103,25,10,20
35,8650,0.8934730022463673,7.084332677704053e-05,0.10574761077680994,0.0007085436500463847,25,10,20
35,8651,0.8933501719159987,7.084488295868883e-05,0.10587043336864138,0.0007085498324015224,25,10,20
35,8652,0.8979486792386733,7.082770847867935e-05,0.10134770475177969,0.0006327883010686106,25,10,20
35,8653,0.8975977334927498,7.083259861572481e-05,0.10169737500780475,0.0006340589008300829,25,10,20
35,8654,0.8970721610358552,7.084207530981956e-05,0.10222288469170145,0.0006341121971338481,25,10,20
35,8655,0.898200987017753,7.084102772124694e-05,0.10109406149390604,0.0006341104606199698,25,10,20
35,8656,0.8969798289015722,7.08416110845046e-05,0.10231515275279414,0.0006341767345494081,25,10,20
35,8657,0.8961045460363941,7.083324913402648e-05,0.10317543388791421,0.0006491868265579574,25,10,20
35,8658,0.8967925749725739,7.082889684463483e-05,0.10254289035386362,0.0005937057767180966,25,10,20
35,8659,0.8964051673812655,7.083848589716312e-05,0.10293031048065242,0.0005936836521851633,25,10,20
35,8660,0.8970067111060297,7.083390916787548e-05,0.10232871441619125,0.0005937405686114148,25,10,20
35,8661,0.9013748932188764,7.108387799734438e-05,0.09795901562346099,0.0005950072796654613,25,10,20
35,8662,0.9013777873886688,7.108270847819734e-05,0.09795612213145538,0.0005950077713977249,25,10,20
35,8663,0.9019686421904308,7.106784920958399e-05,0.0973666413753557,0.0005936485850040345,25,10,20
35,8664,0.9019802817658902,7.106749611570656e-05,0.09735500297851217,0.0005936477594820813,25,10,20
35,8665,0.903639652246074,6.999121181283248e-05,0.09570153257040244,0.0005888239717111205,25,10,20
35,8666,0.9036385659678665,6.999120378088172e-05,0.09570261847131013,0.0005888243570430086,25,10,20
35,8667,0.90351991089188,6.9991198093185e-05,0.09582127564166781,0.0005888222683593019,25,10,20
35,8668,0.9029454139725089,6.999145414371043e-05,0.09639451796472236,0.0005900766086254171,25,10,20
35,8669,0.9033540719312793,6.999184497030105e-05,0.09598701345426436,0.000588922769486609,25,10,20
35,8670,0.8804511631909543,8.951549167213494e-05,0.11886877892160642,0.0005905423957670888,25,10,20
35,8671,0.8851910974952807,8.926586271205142e-05,0.11413035969338223,0.0005892769486253295,25,10,20
35,8672,0.8865016920406016,8.926512401319321e-05,0.11281975162801797,0.000589291207367693,25,10,20
35,8673,0.8686256346120758,8.928668741977491e-05,0.13069148258855168,0.0005935961119523218,25,10,20
35,8674,0.8687455947492521,8.92863007593361e-05,0.1305715294968419,0.0005935894531461697,25,10,20
35,8675,0.8679431652461835,8.944978064325643e-05,0.13137304193719773,0.0005943430359750863,25,10,20
35,8676,0.8588589331062138,8.951241912131452e-05,0.14043860216047993,0.0006129523141847969,25,10,20
35,8677,0.8596023307603747,8.952455111757678e-05,0.1396944813998717,0.0006136632886358629,25,10,20
35,8678,0.8546675910866205,8.936080509740773e-05,0.1446302162057366,0.0006128319025453155,25,10,20
35,8679,0.8213137582318935,8.931473727969562e-05,0.14727356178100118,0.031323365249825465,25,10,20
35,8680,0.8213751594724349,8.930521843424373e-05,0.14721117693800978,0.031324358371120985,25,10,20
35,8681,0.8189713858222515,8.930631794201949e-05,0.14960955744465915,0.0313297504151473,25,10,20
35,8682,0.8184632547155801,8.930644534745207e-05,0.1501174734665962,0.03132996537247619,25,10,20
35,8683,0.8111993996526663,8.958023072996571e-05,0.15738643757826745,0.031324582538336025,25,10,20
35,8684,0.7956523893844036,8.959103952921705e-05,0.17293050266577306,0.031327516910293125,25,10,20
35,8685,0.7959468770154811,8.987444465915372e-05,0.1726357286574207,0.031327519882438294,25,10,20
35,8686,0.7787564687632458,8.988558664719993e-05,0.18982606819371536,0.031327577456390976,25,10,20
35,8687,0.778764069810735,8.989982760297244e-05,0.18981810447815115,0.031327925883510195,25,10,20
35,8688,0.7964892928483961,8.988699030348067e-05,0.17196473336532833,0.03145608679597146,25,10,20
35,8689,0.768644753026575,9.020004006308701e-05,0.19985367627654552,0.03141137065681588,25,10,20
35,8690,0.7984946673358813,2.0819272069381613e-05,0.17007541652069277,0.03140909687135609,25,10,20
35,8691,0.7987887849577368,2.0818870615759416e-05,0.16978137603222543,0.03140902013942164,25,10,20
35,8692,0.7951598759104148,2.0821180326746343e-05,0.17341026880927538,0.03140903409998263,25,10,20
35,8693,0.7954351735578681,2.082102972815417e-05,0.1731359673707589,0.03140803804164447,25,10,20
35,8694,0.7942780005638355,2.077801466178489e-05,0.17430803596705519,0.03139318545444694,25,10,20
35,8695,0.7950788873430359,2.0496525331963814e-05,0.17345080176363062,0.03144981436800086,25,10,20
35,8696,0.7981858332173478,2.038297614906387e-05,0.17034391913702798,0.031449864669474165,25,10,20
35,8697,0.7918770134689194,2.0099652816436977e-05,0.1766530242802408,0.03144986259802247,25,10,20
35,8698,0.8020937355397036,2.00853492182202e-05,0.16644013826953774,0.03144604084153947,25,10,20
35,8699,0.8015281640697396,2.017723127587556e-05,0.1670051782967135,0.03144648040227021,25,10,20
35,8700,0.8281937472796966,1.989508652737401e-05,0.14042764433905472,0.03135871329472096,25,10,20
35,8701,0.8295293569671971,1.9894142287718123e-05,0.13910710276725202,0.031343646123262785,25,10,20
35,8702,0.8285930659836097,1.9932629250531186e-05,0.1400228255309931,0.03136417585614618,25,10,20
35,8703,0.8280244537618426,1.9941865549217387e-05,0.1405917386973474,0.031363865675260914,25,10,20
35,8704,0.8248319767956201,1.985558417954365e-05,0.14378399164546388,0.03136417597473654,25,10,20
35,8705,0.8513174597034409,3.2736799773579294e-07,0.1172436562055864,0.031438556722975,25,10,20
35,8706,0.8483922806677588,3.2700250172049085e-07,0.12011230578259681,0.031495086547142545,25,10,20
35,8707,0.8460174209067606,5.146355686732954e-07,0.12246274908446636,0.03151931537320446,25,10,20
35,8708,0.8392070173043072,6.054262525867936e-07,0.12924936405129742,0.03154301321814242,25,10,20
35,8709,0.8460917976809378,6.053489489906797e-07,0.12236809260726723,0.03153950436284576,25,10,20
35,8710,0.8378482717491083,6.041704624948335e-07,0.13061275221669447,0.03153837186373467,25,10,20
35,8711,0.8309027978839084,5.916335625448406e-07,0.13755533181382848,0.03154127866870051,25,10,20
35,8712,0.8312883597725491,5.772685593795075e-07,0.13717034641088638,0.03154071654800516,25,10,20
35,8713,0.8186335360288731,8.860684522855537e-07,0.1497842263386158,0.03158135156405891,25,10,20
35,8714,0.8312511604676768,5.773579072553755e-07,0.13720614558956526,0.03154211658485085,25,10,20
35,8715,0.8309238953162251,5.814863541804638e-07,0.13753334484178883,0.031542178355631806,25,10,20
35,8716,0.8283983482527134,5.085550956237232e-07,0.14008263891671174,0.031518504275479364,25,10,20
35,8717,0.831174473024741,5.134911091652977e-07,0.13730583868624577,0.031519174797904,25,10,20
35,8718,0.8311621709280503,5.134158490558813e-07,0.13731809290568012,0.031519222750420635,25,10,20
35,8719,0.8351171147221624,5.141472223527005e-07,0.16371333162252388,0.0011690395080911115,25,10,20
35,8720,0.8177995801074702,0.00028358032258418334,0.18072441197542344,0.0011924275945220813,25,10,20
35,8721,0.8163478866955313,0.00028358829674685277,0.18217682666807694,0.0011916983396449273,25,10,20
35,8722,0.8262634008182833,0.00028358130605873704,0.1723185366115799,0.0011344812640779831,25,10,20
35,8723,0.8612647713580236,0.00028357989863409493,0.13770191935539738,0.0007497293879448471,25,10,20
35,8724,0.8609276821685711,0.00028382290870658283,0.13803939625628978,0.0007490986664324462,25,10,20
35,8725,0.8451249633094967,0.0002838562051830933,0.15391801800015922,0.0006731624851608951,25,10,20
35,8726,0.8506528822324287,0.00028386163874059584,0.14839008777006416,0.0006731683587663038,25,10,20
35,8727,0.8731152302904495,6.892057770339663e-07,0.12623304728200582,0.0006510332217676822,25,10,20
35,8728,0.8734752875699253,4.412836685324009e-07,0.12587327835905426,0.0006509927873520179,25,10,20
35,8729,0.8730957754403057,4.622846231691243e-07,0.12625072050775177,0.0006530417673193171,25,10,20
35,8730,0.8731560583486871,4.656448256511245e-07,0.1261903963170861,0.0006530796894011407,25,10,20
35,8731,0.873601005972273,4.615214555861276e-07,0.12574551455564614,0.0006530179506254066,25,10,20
35,8732,0.873444819015187,4.7166910485332685e-07,0.1259016875841521,0.0006530217315560733,25,10,20
35,8733,0.8731775948153802,4.718989793475338e-07,0.12617193506830682,0.0006499982173337784,25,10,20
35,8734,0.8767409926487669,4.7207428639228256e-07,0.12260715118598071,0.0006513840909663359,25,10,20
35,8735,0.8772490050480879,4.5956686121076e-07,0.12209986445825848,0.0006506709267927309,25,10,20
35,8736,0.8751606851286602,4.605579017655775e-07,0.12418809509405097,0.0006507592193874608,25,10,20
35,8737,0.8551344944461516,1.7664827162197906e-06,0.14421390051918173,0.0006498385519508682,25,10,20
35,8738,0.8552533473529106,1.7561192339207822e-06,0.14409506035400071,0.0006498361738552005,25,10,20
35,8739,0.8571058214573836,1.7582203694233302e-06,0.14224185841554668,0.0006505619067006511,25,10,20
35,8740,0.8584992309176802,4.534255784815132e-07,0.14084986967114566,0.0006504459855958875,25,10,20
35,8741,0.8590034982465968,4.528890679824197e-07,0.14034567579769266,0.000650373066642977,25,10,20
35,8742,0.8412459782974366,3.560653003682466e-05,0.1580648426418351,0.0006535725306919102,25,10,20
35,8743,0.8411598790861725,3.5606865964463735e-05,0.15814824287904844,0.0006562711688153561,25,10,20
35,8744,0.84054293716291,3.563382607007062e-05,0.15876510962634036,0.000656319384680335,25,10,20
35,8745,0.8142413283771072,3.563305287004522e-05,0.17909187056930675,0.006631168000716958,25,10,20
35,8746,0.8131268692205517,3.5666976953467886e-05,0.18020620779541144,0.006631256007084277,25,10,20
35,8747,0.8294620071327351,3.563369576979193e-05,0.1638712068218423,0.0066311523496532495,25,10,20
35,8748,0.8232989448120278,3.564222172286097e-05,0.17003423825736685,0.00663117470888279,25,10,20
35,8749,0.8233143550144791,3.564594809171237e-05,0.17001912601263847,0.006630873024791103,25,10,20
35,8750,0.8381367812733447,3.563489968177347e-05,0.15519970535777186,0.006627878469202125,25,10,20
35,8751,0.854352642756787,3.565303045372401e-05,0.13898390212279338,0.006627802089966165,25,10,20
35,8752,0.8542551318816526,3.564985598038433e-05,0.139081428290236,0.006627789972131505,25,10,20
35,8753,0.8445141723860017,0.00017106468950547435,0.1486633597168922,0.0066514032076007016,25,10,20
35,8754,0.8331898888709375,0.00017109025103491794,0.16596431353718885,0.0006747073408389227,25,10,20
35,8755,0.8343095815909077,0.00017105633323901502,0.16484474149166423,0.0006746205841891383,25,10,20
35,8756,0.8362000677163113,0.00013607620877531198,0.1629924707953951,0.0006713852795182839,25,10,20
35,8757,0.8456966316527089,6.614875418474694e-07,0.15365490016467728,0.0006478066950722836,25,10,20
35,8758,0.8449916460164496,6.574979482994898e-07,0.1543608808582593,0.0006468156273432339,25,10,20
35,8759,0.8451084889056112,6.544282321354547e-07,0.15424485144478262,0.000646005221374619,25,10,20
35,8760,0.8445896542590451,6.80309450109837e-07,0.1547590723011613,0.0006505931303440812,25,10,20
35,8761,0.8539818212400364,5.112742125363587e-07,0.14541140017745557,0.0006062673082960466,25,10,20
35,8762,0.853990044799825,5.145274530186946e-07,0.145402800331785,0.000606640340937632,25,10,20
35,8763,0.8549110315735952,4.855589968099764e-07,0.14448175754400797,0.0006067253234004552,25,10,20
35,8764,0.855183423202523,4.785393126179045e-07,0.144209393479325,0.0006067047788395764,25,10,20
35,8765,0.8547525724824813,4.779030804120251e-07,0.1446402371430758,0.0006067124713627776,25,10,20
35,8766,0.8545827279393831,4.3298207151059384e-07,0.14480988809353337,0.0006069509850123164,25,10,20
35,8767,0.8541491472651331,4.3278094145947875e-07,0.14524347115971112,0.0006069487942146895,25,10,20
35,8768,0.8463189684713922,4.406605500635632e-07,0.1530729173307976,0.0006076735372605036,25,10,20
35,8769,0.8384736530927741,6.934517694217648e-07,0.16084045871463717,0.0006851947408195254,25,10,20
35,8770,0.8363676894193114,6.67629101956003e-07,0.1629508696031947,0.0006807733483923205,25,10,20
35,8771,0.8661049903183344,6.302670170692578e-07,0.1337518237639065,0.00014255565074280705,25,10,20
35,8772,0.8652666054979165,6.258195664058415e-07,0.13458222283927082,0.00015054584324729407,25,10,20
35,8773,0.8648374244459578,6.305834272329384e-07,0.13501403255427843,0.00014791241633743348,25,10,20
35,8774,0.8633459570732165,6.223546045353358e-07,0.1365051671093193,0.0001482534628609742,25,10,20
35,8775,0.8624519003580656,6.223508753441913e-07,0.13739922345638114,0.00014825383467925957,25,10,20
35,8776,0.87090756465152,3.425978029767299e-07,0.12902140878126309,7.068396941478788e-05,25,10,20
35,8777,0.8709192959894413,3.4260858213481e-07,0.12900967693590834,7.068446606913663e-05,25,10,20
35,8778,0.8718706625653567,3.41338043646003e-07,0.12806630028397842,6.269581262215982e-05,25,10,20
35,8779,0.8982710464772552,3.408539900730191e-07,0.10166629283819172,6.231983056399927e-05,25,10,20
35,8780,0.898725312332509,3.4086751379157615e-07,0.10121202340772878,6.2323392249254e-05,25,10,20
35,8781,0.8993309695884597,2.3522709142410408e-07,0.100607397390572,6.139779387771883e-05,25,10,20
35,8782,0.8993608044911068,2.2679339974767617e-07,0.1005775907698202,6.137794567377329e-05,25,10,20
35,8783,0.8994356584226382,2.2678791590925735e-07,0.10050273583641395,6.137895303237214e-05,25,10,20
35,8784,0.8984075471046005,2.2875544578393605e-07,0.10153083351280451,6.139062714985037e-05,25,10,20
35,8785,0.8943017294756185,2.2880141062209455e-07,0.10563672887697839,6.13128459928761e-05,25,10,20
35,8786,0.8945679556236454,2.2870590656737545e-07,0.10537053127150349,6.128439894475118e-05,25,10,20
35,8787,0.884720336037896,3.170995074739962e-07,0.11388175594635797,0.0013975909162389868,25,10,20
35,8788,0.8841865242722196,3.9892161854404367e-07,0.11441491584432724,0.001398160961834784,25,10,20
35,8789,0.89285096736555,3.9098735997048915e-07,0.10580623208653739,0.0013424095605522918,25,10,20
35,8790,0.8950947861225649,3.9109568758964756e-07,0.1035625812603872,0.0013422415213598363,25,10,20
35,8791,0.9028515657176659,3.8331816020773056e-07,0.09580650019243393,0.0013415507717393907,25,10,20
35,8792,0.9028229790790914,3.8323325408632623e-07,0.09583509374851623,0.0013415439391376502,25,10,20
35,8793,0.9033320382330827,3.8318610281631633e-07,0.09532613195299143,0.0013414466278227704,25,10,20
35,8794,0.8684895362215408,4.3811409344248574e-07,0.10698366309274578,0.024526362571619394,25,10,20
35,8795,0.8682050277471971,4.432339758596794e-07,0.10726703955014243,0.024527489468684452,25,10,20
35,8796,0.8328799198170864,4.6666432086631795e-07,0.14259199479626328,0.024527618722330426,25,10,20
35,8797,0.8326483528081172,4.6371072528821773e-07,0.14282442502593795,0.024526758455220624,25,10,20
35,8798,0.8374403798769783,4.689073214984714e-07,0.1380323573942846,0.024526793821416756,25,10,20
35,8799,0.8364746224755794,4.6892780571050313e-07,0.13899785254867564,0.024527056047940338,25,10,20
35,8800,0.8328531329555341,4.22787009323246e-07,0.16567057156830528,0.001475872689151704,25,10,20
35,8801,0.833335454365622,4.226156099981728e-07,0.16518824984950561,0.0014758731692626906,25,10,20
35,8802,0.8694472281419171,3.972248900150015e-07,0.12907664017978346,0.0014757344534095896,25,10,20
35,8803,0.8692999888284791,3.9749562154258464e-07,0.12922384788900998,0.001475765786889617,25,10,20
35,8804,0.863232922371185,4.056397712656188e-07,0.13528979666793045,0.001476875321114215,25,10,20
35,8805,0.8522809537191703,4.0562504183763424e-07,0.14624176861379534,0.0014768720419935048,25,10,20
35,8806,0.8527031588645235,4.049993449360083e-07,0.1458196057555189,0.0014768303806138336,25,10,20
35,8807,0.8442518071265107,4.051209545685751e-07,0.1542709481916738,0.0014768395608617457,25,10,20
35,8808,0.8479782732204022,4.008358876985474e-07,0.1505444604593495,0.0014768654843614474,25,10,20
35,8809,0.866229171934716,4.1008113623952236e-07,0.1322934590306848,0.0014769589534635588,25,10,20
35,8810,0.8657469658100196,4.099842490704074e-07,0.13277568822620553,0.0014769359795263018,25,10,20
35,8811,0.8772976596192263,4.0962248165161994e-07,0.12122508097911018,0.0014768497791820634,25,10,20
35,8812,0.8753172271051567,4.026691286460933e-07,0.12296971621382716,0.0017126540118874436,25,10,20
35,8813,0.8489167960365611,3.142938068532909e-07,0.15070641360613915,0.00037647606349314124,25,10,20
35,8814,0.8547644806169704,3.1686930326696336e-07,0.14485871365669584,0.0003764888570307893,25,10,20
35,8815,0.8490613465811133,3.1601612794012046e-07,0.15056241281751487,0.0003759245852441353,25,10,20
35,8816,0.86486898900284,1.4255862304005336e-07,0.13475393550367196,0.000376932934865104,25,10,20
35,8817,0.8452933281388947,2.0539004357735358e-07,0.1540115160053323,0.0006949504657291599,25,10,20
35,8818,0.8453203923198778,1.9520517115402557e-07,0.15398455459999785,0.0006948578749531527,25,10,20
35,8819,0.8404967474881482,3.979239553705702e-07,0.15880796486918514,0.0006948897187111553,25,10,20
35,8820,0.8346719139604137,6.495192097140613e-06,0.16459752300044717,0.000724067847040815,25,10,20
35,8821,0.8376134234691385,6.49527178776435e-06,0.1616570234902487,0.000723057768823967,25,10,20
35,8822,0.8374594930795086,6.490980780793161e-06,0.16181152410310046,0.0007224918366094385,25,10,20
35,8823,0.8368950320345483,6.492798984295417e-06,0.16237594835136313,0.0007225268151033741,25,10,20
35,8824,0.8453954528920758,6.492471602037817e-06,0.1538755874688826,0.0007224671674382785,25,10,20
35,8825,0.83825542454189,6.9585641168192854e-06,0.1610140365654889,0.0007235803285039072,25,10,20
35,8826,0.8392106002661592,6.9588908952527064e-06,0.1600591210528986,0.0007233197900459971,25,10,20
35,8827,0.8305728596050836,6.490535683975664e-06,0.16869845689334492,0.0007221929658862112,25,10,20
35,8828,0.8325850724957484,6.58012418244762e-06,0.16692353508325555,0.0004848122968124969,25,10,20
35,8829,0.8303807273628081,6.599048515953962e-06,0.1691228984163872,0.0004897751722876594,25,10,20
35,8830,0.8305309947803885,6.594461273151032e-06,0.16897268330272766,0.0004897274556099463,25,10,20
35,8831,0.8313839497530666,6.512654997391814e-06,0.16812038058473797,0.0004891570071971396,25,10,20
35,8832,0.8388325727760467,6.516055697893249e-06,0.16067094859450232,0.0004899625737519935,25,10,20
35,8833,0.8320235715051942,6.757935007954407e-06,0.16747859919679772,0.0004910713629993458,25,10,20
35,8834,0.8372676433632846,6.749526370547897e-06,0.16223543165574955,0.0004901754545945482,25,10,20
35,8835,0.8553127465507105,6.7046198300616745e-06,0.14450830888842067,0.00017223994103767528,25,10,20
35,8836,0.8590898444049649,6.7012142470834726e-06,0.14073201915746217,0.00017143522332473165,25,10,20
35,8837,0.8566027582885927,6.790931119810514e-06,0.14321817942175957,0.00017227135852691732,25,10,20
35,8838,0.8538854462430261,6.808654411840406e-06,0.14567017180196318,0.0004375733005977791,25,10,20
35,8839,0.853968335089122,6.80857191151808e-06,0.14558733179563443,0.00043752454333135854,25,10,20
35,8840,0.8535415549854846,6.808310916878498e-06,0.1460140470670286,0.0004375896365691876,25,10,20
35,8841,0.844251781470676,6.815598503042647e-06,0.1553039872204817,0.00043741571033833223,25,10,20
35,8842,0.8471432789398118,6.7978925014162536e-06,0.15267780708717318,0.00017211608051251377,25,10,20
35,8843,0.8534940296529434,6.955268991421056e-07,0.14636240149666369,0.00014287332349292777,25,10,20
35,8844,0.8539944327907698,6.939931767195721e-07,0.1458620990279461,0.00014277418810667168,25,10,20
35,8845,0.8533283324561088,6.989977549387269e-07,0.1465279358450599,0.00014303270107550656,25,10,20
35,8846,0.8524219802210798,6.99197103878315e-07,0.14743403647532205,0.00014328410649329346,25,10,20
35,8847,0.8399756146489381,6.998726553677414e-07,0.1492063543543128,0.010817331124092881,25,10,20
35,8848,0.8372672447630347,5.260508497361947e-06,0.15190895767359736,0.010818537054869752,25,10,20
35,8849,0.8372759453663634,5.26050589322532e-06,0.1519002576492813,0.010818536478461229,25,10,20
35,8850,0.8378445506074204,5.260473077343238e-06,0.15133165340081534,0.010818535518686117,25,10,20
35,8851,0.8199911964825126,5.278530039554729e-06,0.16918490540545716,0.010818619581989207,25,10,20
35,8852,0.8272942603579994,5.343900236386352e-06,0.17164135467463545,0.0010590410671275088,25,10,20
35,8853,0.7953661127192183,6.702497534352789e-06,0.20356216156278784,0.001065023220459477,25,10,20
35,8854,0.7889896642595717,6.7099024135890675e-06,0.2098615389881976,0.0011420868498167934,25,10,20
35,8855,0.7950260279983378,6.612904780783343e-06,0.20389426095546107,0.0010730981414201833,25,10,20
35,8856,0.8127681314269188,6.594833468610074e-06,0.18606845692265334,0.0011568168169585264,25,10,20
35,8857,0.8064891300642957,6.603304434929592e-06,0.19228217606645118,0.001222090564817358,25,10,20
35,8858,0.8408902781160446,6.603290255668264e-06,0.1578811566117336,0.0012219619819651504,25,10,20
35,8859,0.8469202610976763,6.6032949525019715e-06,0.1518511495797474,0.0012219860276229655,25,10,20
35,8860,0.8482955584731369,6.613099637627368e-06,0.15047609590132094,0.0012217325259035801,25,10,20
35,8861,0.847358256829442,6.942234620024705e-06,0.15141028954910069,0.0012245113868364875,25,10,20
35,8862,0.8489449470132742,6.951978446304233e-06,0.14982354239484635,0.001224558613432488,25,10,20
35,8863,0.8432766969958883,6.950570131948028e-06,0.15550007928576037,0.0012162731482187757,25,10,20
35,8864,0.8318035611376347,7.534216417395298e-06,0.16696991658111937,0.0012189880648280208,25,10,20
35,8865,0.8312688896162986,7.535664976100882e-06,0.1675044637558234,0.0012191109629014736,25,10,20
35,8866,0.8318084558892375,7.530570647119952e-06,0.1669651611350037,0.0012188524051112053,25,10,20
35,8867,0.8257368957763122,7.574836299847998e-06,0.17303628846463298,0.0012192409227546924,25,10,20
35,8868,0.8318105310321107,7.574855806025799e-06,0.1669626492265871,0.0012192448854956536,25,10,20
35,8869,0.8306607478971622,7.618801253120868e-06,0.1681123804825269,0.0012192528190573559,25,10,20
35,8870,0.8367024575953854,7.376915800479718e-06,0.16207192969382525,0.0012182357949883096,25,10,20
35,8871,0.8352615579485371,7.376961747150345e-06,0.16351281793787187,0.0012182471518433137,25,10,20
35,8872,0.8341820782499887,7.494010477729759e-06,0.16548961530182027,0.00032081243771272394,25,10,20
35,8873,0.8344342272571885,7.494003449750085e-06,0.1652374668611192,0.00032081187824227144,25,10,20
35,8874,0.8344990768261613,7.493474244986847e-06,0.16517265500440564,0.00032077469518772,25,10,20
35,8875,0.844237548447759,1.4416165456343226e-05,0.15542562838876006,0.0003224069980247598,25,10,20
35,8876,0.8332530858599789,1.4408801699604328e-05,0.16647644812752316,0.0002560572107983161,25,10,20
35,8877,0.8342195289266319,1.4398847952267576e-05,0.1655099673465485,0.0002561048788675558,25,10,20
35,8878,0.8341396112095663,1.4399159339875852e-05,0.16558993168341365,0.0002560579476803446,25,10,20
35,8879,0.8346592103185877,1.4432667178154822e-05,0.1650751705488068,0.0002511864654273536,25,10,20
35,8880,0.8239913929940285,1.5537972257628662e-05,0.17575886052958162,0.00023420850413246447,25,10,20
35,8881,0.8617590728911928,1.5529227421534092e-05,0.1381248926793085,0.00010050520207764409,25,10,20
35,8882,0.8665832975785621,1.5326500765935912e-05,0.1333009042489795,0.00010047167169291653,25,10,20
35,8883,0.8741878060010448,8.385805829195994e-06,0.12570503204633351,9.877614679318613e-05,25,10,20
35,8884,0.8690091164041669,8.392751544477022e-06,0.1308827543905058,9.973645378308048e-05,25,10,20
35,8885,0.869463859790672,8.060906263017465e-06,0.1304313510463041,9.672825676107127e-05,25,10,20
35,8886,0.8710894193736347,8.019259128891956e-06,0.1288045496136795,9.801175355727518e-05,25,10,20
35,8887,0.8713873011399852,8.038168816471302e-06,0.12850426880669613,0.00010039188450245895,25,10,20
35,8888,0.8655671613393271,8.03837612234393e-06,0.13432440900171702,0.0001003912828337489,25,10,20
35,8889,0.8751249145970362,8.03738954095814e-06,0.12476658419528701,0.00010046381813636018,25,10,20
35,8890,0.8917592306538735,6.74915077832397e-06,0.10813228580713545,0.00010173438821329795,25,10,20
35,8891,0.8920324717144724,6.738356113962606e-06,0.1078604329952741,0.000100356934140144,25,10,20
35,8892,0.909560938402028,6.110320454762783e-06,0.09033551180517582,9.743947234165315e-05,25,10,20
35,8893,0.8979674890722675,6.371180763659321e-06,0.10185621448551906,0.000169925261449939,25,10,20
35,8894,0.8932759971359644,6.552798235218959e-06,0.10654671041635137,0.00017073964944988812,25,10,20
35,8895,0.8954436972760892,6.920510366770137e-06,0.10444848598082458,0.00010089623271997769,25,10,20
35,8896,0.8672541747053748,6.963751184164252e-06,0.1326374921630159,0.0001013693804254372,25,10,20
35,8897,0.8995653772540306,5.533334398337452e-06,0.10033436608953274,9.472332203844286e-05,25,10,20
35,8898,0.8995485877691213,5.533439026363498e-06,0.10035106777779806,9.481101405445112e-05,25,10,20
35,8899,0.9008242757099612,5.489579267470244e-06,0.09907544241021636,9.479230055513068e-05,25,10,20
35,8900,0.8896724988283112,2.768658354589049e-05,0.11020306360082095,9.675098732225399e-05,25,10,20
35,8901,0.8819613131840464,2.7732763225088657e-05,0.11694767231655546,0.0010632817361734118,25,10,20
35,8902,0.8820272930389025,2.772300572879003e-05,0.11688174991284754,0.0010632340425216855,25,10,20
35,8903,0.8752994922980526,2.7541497823084228e-05,0.12361056237264922,0.0010624038314757433,25,10,20
35,8904,0.871227327147891,2.7540684292691505e-05,0.12768278624313784,0.0010623459246790429,25,10,20
35,8905,0.8771727831984406,2.7540462832539286e-05,0.1217373066099827,0.0010623697287448985,25,10,20
35,8906,0.8820988859674785,2.7533694658482465e-05,0.11681214619499336,0.0010614341428702818,25,10,20
35,8907,0.8764658297551109,2.7773227259330756e-05,0.12244503620736019,0.0010613608102699036,25,10,20
35,8908,0.8788074855323539,2.3212849604359295e-05,0.12010905548180223,0.0010602461362400292,25,10,20
35,8909,0.8784131347172013,2.3218233208627696e-05,0.1205033884431915,0.0010602586063991914,25,10,20
35,8910,0.8551514663649193,2.2979235595690937e-05,0.143755564762151,0.0010699896373347808,25,10,20
35,8911,0.8546677839680116,2.3128104762515597e-05,0.14423856017085945,0.0010705277563672882,25,10,20
35,8912,0.8474154109005351,2.3128227165699218e-05,0.15149083481271655,0.0010706260595832575,25,10,20
35,8913,0.8630977708907952,2.2519386219462518e-05,0.13580638727324093,0.0010733224497450485,25,10,20
35,8914,0.8632931714626843,2.2519448670910353e-05,0.1356122466968631,0.0010720623917825018,25,10,20
35,8915,0.8704891230251797,3.2758020413936754e-07,0.1284392151376259,0.001071334256991004,25,10,20
35,8916,0.8698448639411466,3.286135894538839e-07,0.12908346703492632,0.0010713404103384484,25,10,20
35,8917,0.8558398995866758,3.307973281325974e-07,0.14309378830282668,0.001065981313169907,25,10,20
35,8918,0.8639892542387219,3.415381841232746e-07,0.13494298022961818,0.001067423993476459,25,10,20
35,8919,0.8651066562540479,3.401486268707085e-07,0.13382558019328283,0.0010674234040428674,25,10,20
35,8920,0.87745477975722,8.499943937074156e-06,0.12146714477195752,0.0010695755268857739,25,10,20
35,8921,0.9071865557216056,8.499446641653163e-06,0.09174514022498799,0.0010598046067647967,25,10,20
35,8922,0.9070852636388647,8.503075169950657e-06,0.09184470567214877,0.0010615276138166228,25,10,20
35,8923,0.8990093646947279,0.0003606988986187247,0.09956789749048456,0.001062038916169362,25,10,20
35,8924,0.8991289151627986,0.0003606989093382483,0.09944836890662657,0.0010620170212371455,25,10,20
35,8925,0.8637530080196332,0.00036068285102598213,0.13414560636326234,0.0017407027660792137,25,10,20
35,8926,0.8631408512136095,0.00036068848416603605,0.13475773245468461,0.0017407278475406159,25,10,20
35,8927,0.8626782870418153,0.0003606785700932422,0.13522028190557364,0.001740752482518754,25,10,20
35,8928,0.8632649775765138,0.000360678808342301,0.1346335204868748,0.001740823128269777,25,10,20
35,8929,0.8580638130723222,0.0003607856634351691,0.1398340430213203,0.001741358242923286,25,10,20
35,8930,0.8586457666345771,0.00036078013489001105,0.13925211997668882,0.0017413332538449688,25,10,20
35,8931,0.8591078318554766,0.00036078005631192474,0.1387900768744057,0.001741311213806682,25,10,20
35,8932,0.8592136716727933,0.000360779883453358,0.13868423747135808,0.0017413109723962033,25,10,20
35,8933,0.8785040043668023,0.00036078863453317076,0.12007275515162831,0.0010624518470370569,25,10,20
35,8934,0.878389085209416,0.0003607891610020038,0.1201887111858751,0.0010614144437077954,25,10,20
35,8935,0.8755320232477856,0.00036117976859582137,0.1229414817051357,0.0011653152784835477,25,10,20
35,8936,0.8754524080750601,0.00036117976764967684,0.12310490053404928,0.0010815116232415337,25,10,20
35,8937,0.8716618741948692,8.991233174514232e-06,0.12724821851605836,0.0010809160558984262,25,10,20
35,8938,0.8553352567700394,0.00014295866832114996,0.1434072000903143,0.0011145844713259581,25,10,20
35,8939,0.8545669607782633,0.00014317471080454989,0.1441166372748071,0.0011732272361256082,25,10,20
35,8940,0.8728495179186799,0.00014316346747192643,0.12583409080126498,0.0011732278125833751,25,10,20
35,8941,0.8834321230445028,0.00014317617809212106,0.11525138694382774,0.0011733138335779274,25,10,20
35,8942,0.8833865982783192,0.00014317618338384344,0.11529693442472766,0.0011732911135699958,25,10,20
35,8943,0.8835250601882716,0.00014318174306016294,0.11515845398544707,0.0011733040832217498,25,10,20
35,8944,0.8913643341871701,0.0001431170846166549,0.108288213894909,0.0002043348333045414,25,10,20
35,8945,0.8914310987497484,0.00014311726282170752,0.10822142433477713,0.00020435965265303737,25,10,20
35,8946,0.8776144004216317,0.00014469890361898898,0.12202159137746797,0.0002193092972813845,25,10,20
35,8947,0.8666776149693786,0.0001447042301849419,0.13295830788793056,0.00021937291250598092,25,10,20
35,8948,0.8785157420395283,0.00014468755123693889,0.12111931473858041,0.00022025567065436035,25,10,20
35,8949,0.8835137872418786,0.00014485071636000948,0.11612033153910337,0.0002210305026581769,25,10,20
35,8950,0.8869315572140424,0.00014484628877539868,0.11270369988278028,0.00021989661440203052,25,10,20
35,8951,0.9033780750032974,1.0878662829536046e-05,0.09642482318716264,0.00018622314671074632,25,10,20
35,8952,0.9033846219914139,1.0879084797571902e-05,0.09641820777095146,0.00018629115283720372,25,10,20
35,8953,0.9045463441273794,1.0899099290309888e-05,0.09525647740734554,0.00018627936598519787,25,10,20
35,8954,0.9084839783365087,1.0901599883866942e-05,0.09131868965265476,0.00018643041095282268,25,10,20
35,8955,0.9086266709192603,1.0897717335225778e-05,0.09117533417799556,0.00018709718540905822,25,10,20
35,8956,0.9080571320809936,1.093177001658313e-05,0.09173568232961415,0.00019625381937594976,25,10,20
35,8957,0.9089716322657222,1.0897904276140539e-05,0.09083040781882595,0.0001870620111758298,25,10,20
35,8958,0.9080474550783144,1.0916745580836396e-05,0.09175439740404714,0.00018723077205781694,25,10,20
35,8959,0.9069790231904687,1.093227141548675e-05,0.09282354549429954,0.00018649904381647358,25,10,20
35,8960,0.9072724051327612,1.0912212333072701e-05,0.09253018372341906,0.00018649893148688838,25,10,20
35,8961,0.9074921314318695,1.0641905283158687e-05,0.09231203603505365,0.0001851906277939163,25,10,20
35,8962,0.9212642303090852,9.060277646022187e-06,0.07855649199798771,0.00017021741528013842,25,10,20
35,8963,0.9190492650763773,1.0166717387337474e-05,0.08077017508492265,0.00017039312131202013,25,10,20
35,8964,0.9193143759366962,1.0166443205844572e-05,0.08050641724846683,0.00016904037163044386,25,10,20
35,8965,0.9190661447960558,1.0166732104462403e-05,0.08075453082573031,0.00016915764610887782,25,10,20
35,8966,0.9176606744295884,1.0187459690395638e-05,0.08215988360968306,0.00016925450103779654,25,10,20
35,8967,0.8938185255002198,1.1218656541068378e-05,0.10590128060917278,0.0002689752340667164,25,10,20
35,8968,0.89573712659308,1.0112218790794283e-05,0.1039839642249412,0.000268796963188411,25,10,20
35,8969,0.8946829694879938,1.0132324748860286e-05,0.10503791367645193,0.0002689845108058515,25,10,20
35,8970,0.8971581915706109,1.9518074157808873e-06,0.10257289129216834,0.0002669653298053027,25,10,20
35,8971,0.8948348424623497,1.948117501806528e-06,0.10489624242703387,0.00026696699311492536,25,10,20
35,8972,0.8961651156591361,1.9277795045995466e-06,0.10356588751091338,0.00026706905044625854,25,10,20
35,8973,0.8901687371847271,1.9280765321327493e-06,0.10956226207636467,0.0002670726623764252,25,10,20
35,8974,0.881718725080869,2.2364830395969593e-06,0.11801046671421696,0.00026857172187504623,25,10,20
35,8975,0.8843114376852406,2.234607997039962e-06,0.1154177846049551,0.00026854310180786335,25,10,20
35,8976,0.8983101021688569,1.2038155006049367e-06,0.10151987170780846,0.00016882230783449683,25,10,20
35,8977,0.8986129025579175,1.2038060418566739e-06,0.10121706976261587,0.00016882387342523935,25,10,20
35,8978,0.86682841040753,3.8001268192770533e-06,0.13299860891434728,0.00016918055130405796,25,10,20
35,8979,0.8996431700309165,1.185118284541729e-06,0.10018701523808056,0.0001686296127190074,25,10,20
35,8980,0.8987249348222025,1.4955668347056664e-06,0.10110410136502827,0.0001694682459351008,25,10,20
35,8981,0.8986647741079185,1.4955557335327998e-06,0.10116426544057529,0.0001694648957732769,25,10,20
35,8982,0.9088425010442088,1.506119833865105e-06,0.09098650868354807,0.00016948415240985047,25,10,20
35,8983,0.9003897543211682,1.5186838856646926e-06,0.09934066753277106,0.00026805946217576344,25,10,20
35,8984,0.9002691446340019,1.5186921785963463e-06,0.09946127599762504,0.0002680606761951811,25,10,20
35,8985,0.9009756671480489,1.5098911626446993e-06,0.09875484153944245,0.0002679814213466605,25,10,20
35,8986,0.8908371796357192,2.002342142808461e-06,0.10889137166330959,0.0002694463588290158,25,10,20
35,8987,0.9090044109150122,1.993345310935092e-06,0.09076402702522625,0.00022956871445118515,25,10,20
35,8988,0.8970431540445365,1.6001146062231989e-06,0.10283100425114058,0.00012424158971720641,25,10,20
35,8989,0.8967013307423868,1.289694397127646e-06,0.10317362605267533,0.00012375351054145817,25,10,20
35,8990,0.8966331817540566,1.1410011267466695e-06,0.1032399247376842,0.00012575250713296938,25,10,20
35,8991,0.8901456678438309,1.372762116549969e-06,0.10972609424684851,0.0001268651472041818,25,10,20
35,8992,0.8898470220622958,2.234635135415066e-06,0.11002412221591645,0.0001266210866524366,25,10,20
35,8993,0.8876320629550544,2.2354768365773943e-06,0.11223907954631768,0.00012662202179209968,25,10,20
35,8994,0.8877523405782651,2.2543245683961877e-06,0.11211806867201857,0.00012733642514883435,25,10,20
35,8995,0.8869195741515644,2.240523143466295e-06,0.11295171576044023,0.00012646956485248714,25,10,20
35,8996,0.8836482254573482,2.2448818807803755e-06,0.11622303387943785,0.00012649578133358934,25,10,20
35,8997,0.877394802997754,2.2438245410255994e-06,0.12247349487611907,0.0001294583015864469,25,10,20
35,8998,0.8832837959474059,2.2483465595166725e-06,0.11658457114767824,0.00012938455835685776,25,10,20
35,8999,0.8822127549591098,2.23084981813933e-06,0.11765033636144974,0.00013467782962282707,25,10,20
35,9000,0.8887485796299955,1.9993514705293895e-06,0.1111158168564725,0.0001336041620620031,25,10,20
35,9001,0.8920436314877271,1.9948833622065635e-06,0.10782077244390167,0.00013360118500927828,25,10,20
35,9002,0.8874040387524741,1.994904002980236e-06,0.11246042584055291,0.00013354050297065715,25,10,20
35,9003,0.8877853127601005,1.9945570072019114e-06,0.11208453325202768,0.00012815943086509968,25,10,20
35,9004,0.8760815537926406,2.844760952761372e-06,0.12378979739346153,0.00012580405294548302,25,10,20
35,9005,0.8571740533997932,3.18360514140319e-05,0.14253026598933757,0.00026384455945552173,25,10,20
35,9006,0.8473215950475804,3.183759942705691e-05,0.1523826934075292,0.0002638739454635367,25,10,20
35,9007,0.8593287753108122,3.204121933613151e-05,0.1403189435231187,0.00032023994673332644,25,10,20
35,9008,0.869972010681638,3.1829173560217504e-05,0.12973228124528025,0.0002638788995219504,25,10,20
35,9009,0.8941813870912786,3.183796697193819e-05,0.10552169457280539,0.0002650803689440018,25,10,20
35,9010,0.8856377773004667,3.211175820245005e-05,0.11406495219209173,0.0002651587492388161,25,10,20
35,9011,0.8945101361064179,3.210789055039322e-05,0.10525000653261884,0.00020774947041264202,25,10,20
35,9012,0.8943729966073216,3.209679787635882e-05,0.1053247099014984,0.0002701966933033421,25,10,20
35,9013,0.8945073536259889,3.2091488665046736e-05,0.1051903379355805,0.0002702169497652509,25,10,20
35,9014,0.8945082368832655,3.2086241701280075e-05,0.10518946024084246,0.000270216634190256,25,10,20
35,9015,0.8874314799800118,3.7123448425169545e-05,0.11232280926872479,0.00020858730283778562,25,10,20
35,9016,0.905233703440453,3.7123606941262626e-05,0.09452354800024734,0.00020562495235803806,25,10,20
35,9017,0.9100766141889679,3.71281866117716e-05,0.08968059842639567,0.00020565919802437534,25,10,20
35,9018,0.9107792764710847,3.6912197318696133e-05,0.08903686194086174,0.00014694939073456998,25,10,20
35,9019,0.9076652639022121,8.991528389998294e-05,0.09209343946889473,0.0001513813449926017,25,10,20
35,9020,0.9079543786183598,8.992274258497185e-05,0.09180437190439356,0.0001513267346607852,25,10,20
35,9021,0.8921371533652952,9.024525860252043e-05,0.10761980505032319,0.00015279632577853663,25,10,20
35,9022,0.8846411890265966,6.123618743214299e-05,0.10997473894857134,0.005322835837399394,25,10,20
35,9023,0.8861889005804646,6.037968472320559e-05,0.10842798895813001,0.005322730776681672,25,10,20
35,9024,0.885672904849544,6.038003912074705e-05,0.10893900702521896,0.005327708086116239,25,10,20
35,9025,0.8830418574463195,6.0403537256047204e-05,0.11157496126624969,0.00532277775017455,25,10,20
35,9026,0.8828618267843451,6.040449068779986e-05,0.11175237488620576,0.005325393838761012,25,10,20
35,9027,0.8829010692660638,6.042150385515879e-05,0.11171295575602996,0.0053255534740508145,25,10,20
35,9028,0.8829036469790114,6.0421488758481966e-05,0.11171037908374774,0.005325552448482013,25,10,20
35,9029,0.8867673248055071,7.4170078411947365e-06,0.10790432567489755,0.005320932511753779,25,10,20
35,9030,0.8865424362392399,7.4169244920077025e-06,0.10812925248789584,0.005320894348372106,25,10,20
35,9031,0.889830234465688,7.370351140251609e-06,0.10484243763331261,0.005319957549859263,25,10,20
35,9032,0.8669328079910408,1.390225952447736e-05,0.12773240751155446,0.00532088223788055,25,10,20
35,9033,0.8752493735610686,1.359359359762041e-05,0.11941771867974875,0.005319314165585237,25,10,20
35,9034,0.8525897724605243,1.451884709363525e-05,0.14207200880345358,0.005323699888928814,25,10,20
35,9035,0.8525612159617608,1.4518267584367357e-05,0.14210047080741225,0.005323794963242829,25,10,20
35,9036,0.8446704954532659,1.4520202777380204e-05,0.14996289858743664,0.00535208575652053,25,10,20
35,9037,0.8405370353379066,1.4504379363290819e-05,0.1540942728298275,0.005354187452903326,25,10,20
35,9038,0.8377159206184954,1.4704274588512676e-05,0.156919160468214,0.005350214638702681,25,10,20
35,9039,0.8608238838723765,8.169941060690009e-06,0.13381878954874668,0.0053491566378162225,25,10,20
35,9040,0.868099933750852,8.161747253339345e-06,0.12654485353524342,0.0053470509666511444,25,10,20
35,9041,0.8954787051968138,8.155698042828602e-06,0.10447447939109149,3.8659714052019184e-05,25,10,20
35,9042,0.907763831824398,7.305457584058729e-06,0.09219052194997453,3.834076804349832e-05,25,10,20
35,9043,0.9148631506231049,2.26874666012598e-06,0.0850970715732243,3.750905701043939e-05,25,10,20
35,9044,0.9146219098732102,2.268654052100832e-06,0.08533833715084549,3.748432189194939e-05,25,10,20
35,9045,0.9026831643213917,2.2718223902795722e-06,0.09730407171318532,1.0492143032616613e-05,25,10,20
35,9046,0.9027256030736546,2.266414910021604e-06,0.09726163968116587,1.0490830269593326e-05,25,10,20
35,9047,0.9027323103652275,2.266067837672213e-06,0.09725498106505444,1.0442501880518218e-05,25,10,20
35,9048,0.8723404346953866,2.1124723282843156e-06,0.12764703851130893,1.0414320976053515e-05,25,10,20
35,9049,0.8464310252551407,2.113564185936203e-06,0.1535538708508836,1.2990329789633283e-05,25,10,20
35,9050,0.8462239988098931,2.117578909487242e-06,0.1537608543849421,1.3029226255147503e-05,25,10,20
35,9051,0.8728192445867138,2.111211188171568e-06,0.12716887949565817,9.764706439666532e-06,25,10,20
35,9052,0.8697058949897409,2.1109037535043267e-06,0.13028230101991023,9.693086595168627e-06,25,10,20
35,9053,0.8798586887012734,1.6181315760028462e-06,0.12013157556169743,8.11760545342045e-06,25,10,20
35,9054,0.8833552785769301,1.6177193737597444e-06,0.11663500989575831,8.093807937863796e-06,25,10,20
35,9055,0.8945863189354988,1.6104354914786985e-06,0.10540407022264286,8.000406366981409e-06,25,10,20
35,9056,0.894298107549345,1.6145786322191278e-06,0.10569223502316376,8.042848859040939e-06,25,10,20
35,9057,0.8946218478798279,1.6142889114125e-06,0.10536849585364415,8.041977616745743e-06,25,10,20
35,9058,0.8892796393548674,1.6227509186937835e-06,0.11070934721695874,9.390677255469487e-06,25,10,20
35,9059,0.8825197143311742,2.0314565315788855e-06,0.117464961943367,1.3292268927749831e-05,25,10,20
35,9060,0.8730826374475577,2.631475656021179e-06,0.12690278405376101,1.194702302582348e-05,25,10,20
35,9061,0.8798615479313746,2.2230980801307583e-06,0.12012825348942684,7.97548111899502e-06,25,10,20
35,9062,0.8794270017687204,2.2304713202698535e-06,0.12056277636995652,7.991390003332924e-06,25,10,20
35,9063,0.8789530420112961,2.231074008572235e-06,0.12103675285218314,7.9740625123694e-06,25,10,20
35,9064,0.8789308587065899,2.2310950930398504e-06,0.12105893733601769,7.972862299501977e-06,25,10,20
35,9065,0.8789459216219272,2.23071378898437e-06,0.12104390071484178,7.946949442344773e-06,25,10,20
35,9066,0.8787771203571593,2.2328008848547535e-06,0.12121263467279965,8.012169156440927e-06,25,10,20
35,9067,0.8780382465549529,2.2629809771502053e-06,0.12195121970374688,8.270760323275843e-06,25,10,20
35,9068,0.8784086368653446,2.2628463156416636e-06,0.12158087473936996,8.225548970023812e-06,25,10,20
35,9069,0.8755199705867058,2.4731831312981393e-06,0.12446833431274096,9.221917422185513e-06,25,10,20
35,9070,0.8690082920296167,1.2707728847981789e-05,0.1309172650608382,6.17351806973995e-05,25,10,20
35,9071,0.8672761023721866,1.2437780639358571e-05,0.1326498095164153,6.165033075882858e-05,25,10,20
35,9072,0.8776725969300806,3.577462823466529e-05,0.12211647158426285,0.00017515685742145403,25,10,20
35,9073,0.8678716575182536,3.5786568499369175e-05,0.1318806236875258,0.0002119322257203224,25,10,20
35,9074,0.86715863135677,3.579323545376243e-05,0.13259364031313448,0.00021193509464094909,25,10,20
35,9075,0.8676059826110122,3.579356270457861e-05,0.13214629244721168,0.00021193137907053915,25,10,20
35,9076,0.8819962798487735,3.518535959901366e-05,0.11775656212881101,0.00021197266281539146,25,10,20
35,9077,0.881822837217326,3.519536988525976e-05,0.11792943201067109,0.0002125354021167176,25,10,20
35,9078,0.8821056238051503,3.5185326790905306e-05,0.11764707404476715,0.00021211682329076451,25,10,20
35,9079,0.8823944336444209,3.5214813823047904e-05,0.11735805464821202,0.00021229689354311025,25,10,20
35,9080,0.8824032669951539,3.5214813995730336e-05,0.11734922292786384,0.00021229526298558222,25,10,20
35,9081,0.882943833843349,3.5178658532488266e-05,0.11680887517172649,0.00021211232639121013,25,10,20
35,9082,0.8824333292571583,3.517929528801028e-05,0.11731937775331089,0.00021211369424171934,25,10,20
35,9083,0.8786858187468565,3.517983758356429e-05,0.12106690904973266,0.00021209236582650948,25,10,20
35,9084,0.8688471106193023,3.517711500775844e-05,0.13090371627597716,0.00021399598971175702,25,10,20
35,9085,0.8788508866105321,3.5170506320176036e-05,0.12090191414681191,0.0002120287363348029,25,10,20
35,9086,0.880663446795187,3.517669472749201e-05,0.11909064919381399,0.00021072731627045328,25,10,20
35,9087,0.879274080383471,3.521475368924738e-05,0.12047988773092463,0.00021081713191489226,25,10,20
35,9088,0.8792438693939627,3.521495639230153e-05,0.12051009544663918,0.00021082020300546494,25,10,20
35,9089,0.8794906835752472,3.521404290375049e-05,0.12026332496977381,0.0002107774120748512,25,10,20
35,9090,0.8638826790343366,0.0002629594208627847,0.13564236242603772,0.00021199911876255018,25,10,20
35,9091,0.8591597860984508,0.00026296000076959426,0.14036424370503936,0.00021301019574015704,25,10,20
35,9092,0.8591571367745742,0.0002629600088451933,0.14036689210264916,0.00021301111393132608,25,10,20
35,9093,0.8605498736817281,0.00026292308674549705,0.13897448526413272,0.00021271796739359943,25,10,20
35,9094,0.8645899579780456,0.0002629185745479132,0.1349344282105536,0.00021269523685256482,25,10,20
35,9095,0.8596194826285419,0.00026291807984566443,0.13990481052054557,0.00021278877106665713,25,10,20
35,9096,0.8595392809522177,0.00026291824187482904,0.13998514850276317,0.0002126523031440823,25,10,20
35,9097,0.8626546815768229,0.00026270755392754835,0.13687092607532475,0.00021168479392452572,25,10,20
35,9098,0.8626146495775676,0.0002627105361230148,0.1369109412481101,0.00021169863819902514,25,10,20
35,9099,0.8728237556753711,0.0002627067886648309,0.1267018311247689,0.0002117064111950297,25,10,20
35,9100,0.8769567847885417,0.00026270670278618003,0.12256988560057466,0.00021062290809722867,25,10,20
35,9101,0.877368604877357,0.0002627060260091419,0.12215806656803098,0.00021062252860265887,25,10,20
35,9102,0.8759314957189388,0.00026270322274472195,0.12359427482206176,0.0002115262362544822,25,10,20
35,9103,0.8758993214216259,0.00026268698524335455,0.12362655214407436,0.00021143944905608095,25,10,20
35,9104,0.8696203405202373,0.00026270745594554227,0.12990554515395153,0.00021140686986544254,25,10,20
35,9105,0.8697437613013024,0.0002627074493321664,0.12978212568194983,0.00021140556741541236,25,10,20
35,9106,0.8700546918310973,0.000262707090813308,0.12947119559972523,0.00021140547836372107,25,10,20
35,9107,0.8682263237312955,0.00026271187122887897,0.1312994905617656,0.00021147383570980287,25,10,20
35,9108,0.8739871373046734,0.00026269832977224175,0.12553697353800508,0.00021319082754906206,25,10,20
35,9109,0.8733512381654102,0.0002716790821219362,0.12616723133753557,0.000209851414931919,25,10,20
35,9110,0.8671299885797259,4.413725280498653e-05,0.1326172293150831,0.00020864485238556224,25,10,20
35,9111,0.8662540008165479,4.52310109654762e-05,0.1334920597273262,0.00020870844516010658,25,10,20
35,9112,0.8678043484261754,4.523086851426722e-05,0.13194263228628786,0.00020778841902217274,25,10,20
35,9113,0.8631849448626733,4.539938351095436e-05,0.13653386996642866,0.0002357857873867511,25,10,20
35,9114,0.8649908851032971,4.539478074657342e-05,0.13472800347139574,0.00023571664456028686,25,10,20
35,9115,0.8866945444823942,4.5196820639795375e-05,0.11302454428833024,0.00023571440863577757,25,10,20
35,9116,0.8785687620671854,5.246063292052972e-05,0.12110908239812491,0.00026969490176892614,25,10,20
35,9117,0.8780639456503233,5.2472497485748385e-05,0.12161244094300581,0.0002711409091848139,25,10,20
35,9118,0.8789345146949841,5.1384536113160235e-05,0.12074230407768409,0.00027179669121847665,25,10,20
35,9119,0.8849907424735827,5.1384530101916716e-05,0.11468609754343205,0.0002717754528831105,25,10,20
35,9120,0.8847799928567475,5.138455128777638e-05,0.11489684408704848,0.0002717785049161593,25,10,20
35,9121,0.882447734762136,5.13879597051049e-05,0.11722778224019237,0.0002730950379663772,25,10,20
35,9122,0.8828285468558983,5.1386841895639e-05,0.11684704718257917,0.00027301911962690473,25,10,20
35,9123,0.886849070895373,5.1379571007386045e-05,0.11286323984667294,0.00023630968694659466,25,10,20
35,9124,0.8867592965066166,5.137881549726421e-05,0.11295303009066403,0.0002362945872221701,25,10,20
35,9125,0.883126843565789,5.15271775781329e-05,0.1165867604141647,0.00023486884246816224,25,10,20
35,9126,0.8518051097171953,5.158958629727161e-05,0.12051038223924168,0.027632918457265898,25,10,20
35,9127,0.8892703254680427,4.137548711283545e-05,0.08305281207379421,0.027635486971050085,25,10,20
35,9128,0.8915954483059213,4.137208527086258e-05,0.08072900750681425,0.027634172101993447,25,10,20
35,9129,0.909203950225319,4.136135641062125e-05,0.06312042821976777,0.02763426019850265,25,10,20
35,9130,0.9127675526834435,4.1198137051307634e-05,0.05955695207703311,0.027634297102472016,25,10,20
35,9131,0.9130071657918926,4.119780281008438e-05,0.05931723619158141,0.027634400213715868,25,10,20
35,9132,0.9356357463243065,1.7813609270440154e-05,0.03682555413814632,0.027520885928277016,25,10,20
35,9133,0.935914338310717,1.7807659177071835e-05,0.03654767116816651,0.027520182861939607,25,10,20
35,9134,0.9019980507885357,1.7807683035809977e-05,0.07046395903703431,0.027520182491394065,25,10,20
35,9135,0.901739726221382,1.780805116181688e-05,0.07072228127750918,0.02752018444994686,25,10,20
35,9136,0.9018972021528601,1.7812619873800274e-05,0.07056486939288954,0.027520115834376507,25,10,20
35,9137,0.8991958202719961,1.7849827251738382e-05,0.07326608437796904,0.02752024552278303,25,10,20
35,9138,0.8949240724844586,1.819927070185878e-05,0.0775054015928788,0.027552326651960835,25,10,20
35,9139,0.8879401628726624,1.825670902665882e-05,0.0836393624384924,0.02840221797981874,25,10,20
35,9140,0.917469546506239,1.821368648933644e-05,0.08150798146026458,0.001004258347007286,25,10,20
35,9141,0.9229930861179461,1.8231163087887605e-05,0.07601235055678754,0.0009763321621788182,25,10,20
35,9142,0.9171060284647844,1.8434131048430005e-05,0.08189800677996148,0.0009775306242062634,25,10,20
35,9143,0.9213838130015531,1.80844767637958e-05,0.07765270386943002,0.0009453986522534145,25,10,20
35,9144,0.9275729111136019,7.855028025234516e-06,0.07152496923995659,0.0008942646184163658,25,10,20
35,9145,0.9231967672574649,8.054031929579614e-06,0.07589887392221054,0.0008963047883950452,25,10,20
35,9146,0.9203440661802658,8.156606458474805e-06,0.07875098670399694,0.0008967905092790139,25,10,20
35,9147,0.9199489926919355,8.171294175476983e-06,0.07914599592489864,0.0008968400889905675,25,10,20
35,9148,0.9217396671209471,8.151901813424549e-06,0.07735540736928062,0.000896773607959025,25,10,20
35,9149,0.9216253728439463,8.151712678024673e-06,0.0774697023619131,0.0008967730814623573,25,10,20
35,9150,0.9276930902057579,7.948723466378928e-06,0.07140338937537843,0.0008955716953970085,25,10,20
35,9151,0.9276741105240452,7.948897522578686e-06,0.07142236764561179,0.0008955729328201502,25,10,20
35,9152,0.9304345764529622,7.853846749143713e-06,0.06866241151477007,0.0008951581855182034,25,10,20
35,9153,0.9302963470939772,7.854025921185706e-06,0.06880065039802491,0.0008951484820763766,25,10,20
35,9154,0.9265954233007679,7.854436609407614e-06,0.07250157299717194,0.0008951492654506493,25,10,20
35,9155,0.9261691527132822,7.869951093384688e-06,0.07287181429086712,0.0009511630447574037,25,10,20
35,9156,0.9232297105610837,8.355760643350654e-06,0.07581435459292131,0.0009475790853514924,25,10,20
35,9157,0.9239979345559292,8.339851465250502e-06,0.07510225260091058,0.0008914729916949828,25,10,20
35,9158,0.9238671534612678,8.340502068975466e-06,0.07523300741601795,0.0008914986206452441,25,10,20
35,9159,0.9239744335635219,8.340344342236038e-06,0.07512572905488071,0.0008914970372548955,25,10,20
35,9160,0.913601167886601,8.950570610343278e-06,0.08549455795200604,0.0008953235907830573,25,10,20
35,9161,0.9171669798101649,8.950532294510282e-06,0.08192861921340709,0.000895450444133923,25,10,20
35,9162,0.9012306778655632,8.961784930156208e-06,0.09769051274057232,0.0010698476089350726,25,10,20
35,9163,0.8745718142307275,1.7477880128481313e-06,0.12439033374637079,0.001036104234888597,25,10,20
35,9164,0.8724472878336784,1.2471133993438101e-06,0.12651695096440746,0.0010345140885149905,25,10,20
35,9165,0.8718274418224518,1.248420221538759e-06,0.12713657719427154,0.0010347325630553452,25,10,20
35,9166,0.8719731543871273,1.2438722011432578e-06,0.12698971807727746,0.0010358836633940825,25,10,20
35,9167,0.8725434825039907,1.236977346122404e-06,0.1264211699547293,0.001034110563933659,25,10,20
35,9168,0.8719458230338709,1.2369959923160473e-06,0.12701882927452035,0.0010341106956163447,25,10,20
35,9169,0.8725839712853442,1.2357055866378199e-06,0.12638077926895436,0.001034013740114825,25,10,20
35,9170,0.8568944807276168,1.7823890583062587e-06,0.14206963066040718,0.0010341062229181415,25,10,20
35,9171,0.8566515299697142,1.7826454712890409e-06,0.14231266052406702,0.001034026860747981,25,10,20
35,9172,0.8509813256752784,1.7865471073499894e-06,0.14798538953707138,0.001031498240543259,25,10,20
35,9173,0.8847243449946083,1.7568318784999664e-06,0.11424263864098498,0.0010312595325287462,25,10,20
35,9174,0.8860549948367747,1.7035170903571036e-06,0.11373765353661407,0.00020564810952130384,25,10,20
35,9175,0.8931953726852089,1.466930967025224e-06,0.10659972335417357,0.00020343702965105808,25,10,20
35,9176,0.8898084595155101,1.5788677472157721e-06,0.10995618711341106,0.00023377450333233695,25,10,20
35,9177,0.8900217815116129,1.5785092347354586e-06,0.10974286562171642,0.0002337743574366192,25,10,20
35,9178,0.8903950227062596,1.5584626130090529e-06,0.10936964116392377,0.00023377766720417796,25,10,20
35,9179,0.9063480528102403,1.5472156700718054e-06,0.09359101951342343,5.938046066692391e-05,25,10,20
35,9180,0.9060749623168711,1.8168015256857785e-06,0.09386385392061207,5.936696099193654e-05,25,10,20
35,9181,0.9061099692338259,1.8167444846542513e-06,0.09382882150865775,5.9392513032382666e-05,25,10,20
35,9182,0.905568663329202,1.8170664704503776e-06,0.09437022861202368,5.929099230413953e-05,25,10,20
35,9183,0.9114680447809258,1.812403535843595e-06,0.08847091601679048,5.9226798748591335e-05,25,10,20
35,9184,0.9115056754041856,1.8124053201573764e-06,0.08843328740749033,5.922478300464695e-05,25,10,20
35,9185,0.9455375326781597,1.812550061896445e-06,0.05440142675826009,5.922801351899551e-05,25,10,20
35,9186,0.9400351130510244,1.551604335591883e-06,0.059904065242300894,5.927010233969952e-05,25,10,20
35,9187,0.9502160117228143,9.415595068714893e-07,0.04972623478175567,5.681193592356352e-05,25,10,20
35,9188,0.9508763731859875,7.172252560587137e-07,0.04906624978225065,5.665980650617769e-05,25,10,20
35,9189,0.9392612786051575,2.2021600048527062e-05,0.060656504257738046,6.019553705630384e-05,25,10,20
35,9190,0.9395157023290998,2.2021315323235724e-05,0.06040220849101589,6.006786456140287e-05,25,10,20
35,9191,0.9388030706114477,2.2041736944610578e-05,0.061114722785220045,6.016486638807387e-05,25,10,20
35,9192,0.9391299236277956,2.2027058699865963e-05,0.06078793337797586,6.011593552931566e-05,25,10,20
35,9193,0.9343346818507101,2.2023531236962486e-05,0.06558136046372187,6.193415433173238e-05,25,10,20
35,9194,0.924665805381772,2.268250508537212e-05,0.0752495261553005,6.198595784231048e-05,25,10,20
35,9195,0.9208048180527143,2.2685254462776944e-05,0.07911048348365941,6.201320916378055e-05,25,10,20
35,9196,0.9320659216806704,1.3860612294340638e-06,0.06779846922421011,0.00013422303389027925,25,10,20
35,9197,0.934686086994507,1.27382365732456e-06,0.06520877251355825,0.00010386666827773455,25,10,20
35,9198,0.9126896964963706,1.7378752110497582e-06,0.08720458349762512,0.0001039821307927493,25,10,20
35,9199,0.9109122139324028,1.75473092346769e-06,0.08897698042514944,0.00010905091152361618,25,10,20
35,9200,0.9202192564054434,1.0901855434689603e-06,0.07967049444173026,0.00010915896728296035,25,10,20
35,9201,0.8997390718972497,6.664821275689026e-05,0.09978244375216618,0.0004118361378268333,25,10,20
35,9202,0.8998951303084063,6.664856404901307e-05,0.09962638033235001,0.0004118407951945958,25,10,20
35,9203,0.8939574004642553,6.665262292203516e-05,0.10556298839922312,0.00041295851359950163,25,10,20
35,9204,0.8982691153410424,6.664962542110449e-05,0.10125130325282101,0.0004129317807153509,25,10,20
35,9205,0.8982284514538794,6.664952040943543e-05,0.10129199442203174,0.0004129046036791871,25,10,20
35,9206,0.8966317954777207,6.687843636397577e-05,0.10285136953262317,0.00044995655329233957,25,10,20
35,9207,0.8966381316573516,6.687842978423719e-05,0.10284503511673826,0.0004499547961255469,25,10,20
35,9208,0.8957218610168478,6.689161879473741e-05,0.10376123237619513,0.00045001498816241804,25,10,20
35,9209,0.8957259384132802,6.689143322326669e-05,0.10375713392721762,0.00045003622627874115,25,10,20
35,9210,0.8796524116547524,7.407723434587348e-05,0.11989737648906353,0.00037613462183842686,25,10,20
35,9211,0.8800773830676466,7.434611502635987e-05,0.119472134657168,0.0003761361601590654,25,10,20
35,9212,0.8437247370598958,7.434612510123083e-05,0.15581784748363492,0.00038306933136829336,25,10,20
35,9213,0.8438426162918781,7.434603278906318e-05,0.15569997051463724,0.0003830671606958165,25,10,20
35,9214,0.8437383125563129,7.434615922173799e-05,0.15580379946244843,0.00038354182201695287,25,10,20
35,9215,0.8463505513699197,7.430886454856531e-05,0.1531967650824153,0.00037837468311645723,25,10,20
35,9216,0.849750033617231,7.44265965180377e-05,0.14979903290972207,0.0003765068765291089,25,10,20
35,9217,0.8497234182456025,7.442661946921248e-05,0.1498256451945532,0.0003765099403751037,25,10,20
35,9218,0.8499453871223211,7.442644235660593e-05,0.149605045869483,0.0003751405658395086,25,10,20
35,9219,0.8506705732410744,7.44265245803789e-05,0.14888004510785863,0.00037495512648698647,25,10,20
35,9220,0.8725161024823138,7.396234159865277e-05,0.12703509718831332,0.0003748379877745404,25,10,20
35,9221,0.8786383401464409,7.445618416808262e-05,0.12097194865050188,0.00031525501888958506,25,10,20
35,9222,0.8786183511034598,7.445618035156003e-05,0.1209919341868978,0.0003152585292914595,25,10,20
35,9223,0.8837368972524131,7.444772061434952e-05,0.11587325310805444,0.0003154019189185363,25,10,20
35,9224,0.8841596920946473,7.416566661457911e-05,0.11545064676114167,0.0003154954775967608,25,10,20
35,9225,0.8844779672770265,7.416944768390695e-05,0.11513229444998087,0.0003155688253089959,25,10,20
35,9226,0.8901618822468141,7.416512522687853e-05,0.10944838614268622,0.00031556648527322686,25,10,20
35,9227,0.8561738449026107,7.416795393119594e-05,0.14342964515263865,0.0003223419908198002,25,10,20
35,9228,0.856133220670773,7.41679154888114e-05,0.1434707435551289,0.00032186785860938085,25,10,20
35,9229,0.86230667254044,7.416368478675351e-05,0.13729844960321771,0.00032071417155537537,25,10,20
35,9230,0.8614301720851499,7.40622326816607e-05,0.1378842116445597,0.0006115540376085388,25,10,20
35,9231,0.8958646760528076,7.406914871696904e-05,0.10345642962913054,0.0006048251693453017,25,10,20
35,9232,0.8949332399901543,7.406933818316482e-05,0.10438781496697958,0.0006048757046833011,25,10,20
35,9233,0.8949547268957925,7.406951921713336e-05,0.10436627787779564,0.0006049257071950167,25,10,20
35,9234,0.8939882302243514,7.428736116440919e-05,0.10532700734233319,0.0006104750721512177,25,10,20
35,9235,0.8855869114615784,7.44564115767354e-05,0.11372810295097123,0.0006105291758738142,25,10,20
35,9236,0.885821728853859,7.444683342035454e-05,0.11349329547979256,0.0006105288329281544,25,10,20
35,9237,0.8880912598143693,7.442721458059293e-05,0.11151463928383697,0.0003196736872133913,25,10,20
35,9238,0.8840383926371768,8.161855481674717e-05,0.11555911546596218,0.00032087334204479126,25,10,20
35,9239,0.8924966323721726,8.148287862420337e-05,0.10710099818372928,0.00032088656547413983,25,10,20
35,9240,0.8924644840104564,8.14885735671807e-05,0.10713326001082114,0.0003207674051557209,25,10,20
35,9241,0.890962142947687,8.15530786882528e-05,0.10863522639597326,0.0003210775776518654,25,10,20
35,9242,0.890960253918749,8.155298596809853e-05,0.10863709061656497,0.00032110247871861274,25,10,20
35,9243,0.866060822944577,0.00010903971835013338,0.13347314616067796,0.00035699117639506216,25,10,20
35,9244,0.858723824656619,0.00010917369914728269,0.140810020804001,0.0003569808402328706,25,10,20
35,9245,0.858072650889133,0.00010917386911139855,0.14146124323779863,0.00035693200395701887,25,10,20
35,9246,0.8581946300883999,0.00010917360735595297,0.14133931220709836,0.00035688409714577376,25,10,20
35,9247,0.8655313440489159,0.00010903971964797261,0.13400274469705617,0.0003568715343803034,25,10,20
35,9248,0.8666472113551772,0.00010904005444170108,0.1328867503526735,0.00035699823770780475,25,10,20
35,9249,0.8664982262032314,0.00010903998365137866,0.13303570829387026,0.0003570255192473323,25,10,20
35,9250,0.8575870916672662,0.00010904020135756597,0.14194591495909545,0.0003579531722806707,25,10,20
35,9251,0.857059685345337,0.00010904793470672611,0.14247225937596814,0.0003590073439879659,25,10,20
35,9252,0.8469059849492955,0.0001092642224874715,0.15255970809095643,0.0004250427372607292,25,10,20
35,9253,0.8467003946834974,0.0001092778043508854,0.1527653196502447,0.00042500786190699725,25,10,20
35,9254,0.8415667274026565,0.00010942926547868018,0.15785760467716425,0.000466238654700663,25,10,20
35,9255,0.8656230060983393,8.194828301431478e-05,0.1338594321998712,0.0004356134187753308,25,10,20
35,9256,0.8660971744380849,8.134640576042805e-05,0.13338639995823012,0.0004350791979245289,25,10,20
35,9257,0.8704092733392155,7.415496585279048e-05,0.12908269358314542,0.00043387811178622086,25,10,20
35,9258,0.8697245113526597,7.452749542857548e-05,0.12976704978481654,0.00043391136709511634,25,10,20
35,9259,0.8678667992436114,7.45294217097969e-05,0.13161972799888072,0.0004389433357980165,25,10,20
35,9260,0.8730423177528732,7.437225188852558e-05,0.12648564479324567,0.000397665201992533,25,10,20
35,9261,0.9007028558803485,1.6398235916876818e-05,0.09914700906625015,0.00013373681748435223,25,10,20
35,9262,0.9020004022925996,1.6187809396313332e-05,0.09785522684375358,0.00012818305425051722,25,10,20
35,9263,0.9083679985924147,1.619352486855521e-05,0.09148759883806147,0.0001282090446553251,25,10,20
35,9264,0.9080985981855886,1.6188462129640492e-05,0.09176226566110746,0.00012294769117414102,25,10,20
35,9265,0.9242329310676334,8.997736358215858e-06,0.0756369900977037,0.00012108109830493718,25,10,20
35,9266,0.9346284395229509,8.758569476937117e-06,0.06530596697439714,5.683493317535147e-05,25,10,20
35,9267,0.934468045475693,8.795098630978127e-06,0.06546162017685879,6.153924881741842e-05,25,10,20
35,9268,0.9350517290418324,8.787375386577055e-06,0.06487899720828703,6.048637449404908e-05,25,10,20
35,9269,0.9351197105311997,8.79152837127209e-06,0.06481106031262711,6.0437627801985166e-05,25,10,20
35,9270,0.9705745503206971,8.801565517180159e-06,0.029360460413862123,5.618769992333614e-05,25,10,20
35,9271,0.970941747873469,8.793920755849031e-06,0.028993269317509437,5.618888826556668e-05,25,10,20
35,9272,0.9712498769721962,8.774033317983803e-06,0.028689982439296036,5.1366555189600215e-05,25,10,20
35,9273,0.9715246677204098,8.76894356183725e-06,0.02841524565394106,5.1317682087119916e-05,25,10,20
35,9274,0.9386907411214497,1.387982503505346e-05,0.059854925519446774,0.001440453534068153,25,10,20
35,9275,0.9280474126726098,1.38799590348398e-05,0.07049825321163115,0.0014404541567238304,25,10,20
35,9276,0.9276512663190476,1.3885059354470257e-05,0.07089439270018369,0.0014404559214140874,25,10,20
35,9277,0.928334559183741,1.3759577060330323e-05,0.07021241246351032,0.0014392687756882925,25,10,20
35,9278,0.929981972699219,1.3757744118197685e-05,0.06856913892717371,0.0014351306294890748,25,10,20
35,9279,0.9389065761112526,1.3757416749113349e-05,0.059645468498729884,0.0014341979732682927,25,10,20
35,9280,0.9319508610567133,2.029077546161339e-05,0.0665627426658918,0.0014661055019331035,25,10,20
35,9281,0.9325768066953064,2.028082479099139e-05,0.06593948838066258,0.0014634240992399256,25,10,20
35,9282,0.932441739832068,2.0280646493161636e-05,0.06607455683166216,0.0014634226897765434,25,10,20
35,9283,0.8984056850218661,2.0281108828947466e-05,0.10011051351348717,0.0014635203558173756,25,10,20
35,9284,0.8989831719848124,1.9910277388070054e-05,0.09953324999164809,0.00146366774615132,25,10,20
35,9285,0.899129515703214,1.990953913378351e-05,0.09938692432461092,0.0014636504330410784,25,10,20
35,9286,0.8993363463316428,1.9909497089492268e-05,0.09918001617085619,0.001463728000411235,25,10,20
35,9287,0.8997309320949465,1.9899337739072183e-05,0.09878546769296764,0.0014637008743465937,25,10,20
35,9288,0.8997434705325894,1.9899337629321172e-05,0.09877292920248121,0.001463700927299781,25,10,20
35,9289,0.8878849254971105,2.0287910677444686e-05,0.11041242967173817,0.0016823569204733862,25,10,20
35,9290,0.8879610838081143,2.0287854415802206e-05,0.11033629733959606,0.0016823309978734997,25,10,20
35,9291,0.9214645896743187,2.0307420366520294e-05,0.07683280026729365,0.0016823026380207466,25,10,20
35,9292,0.944500167396221,1.5413470441091227e-05,0.05206296261332454,0.0034214565200131938,25,10,20
35,9293,0.9442435179577521,1.5408428723856816e-05,0.05232147279785702,0.0034196008156665313,25,10,20
35,9294,0.9442573993289912,1.5407054335246263e-05,0.0523077636105742,0.0034194300060989037,25,10,20
35,9295,0.9443380416265436,1.542410213850388e-05,0.05222710889077708,0.00341942538054065,25,10,20
35,9296,0.9351672149814911,2.0808238405049203e-05,0.06139118276755512,0.0034207940125482576,25,10,20
35,9297,0.932258698532053,2.0994667677852276e-05,0.06429942917544425,0.0034208776248246457,25,10,20
35,9298,0.9204031469436416,2.2305207629975347e-05,0.07615343453875895,0.0034211133099692776,25,10,20
35,9299,0.9198624929306177,2.23055271657211e-05,0.07669416161229695,0.003421039929919549,25,10,20
35,9300,0.9249855999694284,1.455370338514909e-05,0.07161673858432344,0.0033831077428629454,25,10,20
35,9301,0.9331760578416349,9.169940348425581e-06,0.0634330293448422,0.003381742873174542,25,10,20
35,9302,0.9349344275116568,9.105328189378822e-06,0.06167500030775223,0.0033814668524018866,25,10,20
35,9303,0.9378305279522544,8.913951151192636e-06,0.0587399830008932,0.003420575095701454,25,10,20
35,9304,0.9079521913851925,8.930833124936971e-06,0.08860930226151698,0.0034295755201657423,25,10,20
35,9305,0.9378582409112886,8.913922023051427e-06,0.058712304871206,0.0034205402954826155,25,10,20
35,9306,0.9388161194052974,8.913552993276888e-06,0.057754430463783674,0.003420536577926038,25,10,20
35,9307,0.9388195007508728,8.913546704112911e-06,0.05775104996636527,0.003420535736058215,25,10,20
35,9308,0.9175861275278656,1.1285484971025528e-05,0.07888572800868804,0.0035168589784756177,25,10,20
35,9309,0.9175770931914823,1.1285674271932672e-05,0.07889476045662748,0.003516860677618379,25,10,20
35,9310,0.8938327279073682,1.1285849938874474e-05,0.10263913024002842,0.003516856002664674,25,10,20
35,9311,0.893195958354862,1.1304929635596026e-05,0.10327577693182483,0.003516959783677662,25,10,20
35,9312,0.8929796460392052,1.1310100478370561e-05,0.10349207033430392,0.0035169735260125847,25,10,20
35,9313,0.8871037255375424,1.1315012210392881e-05,0.10940608199040787,0.0034788774598394174,25,10,20
35,9314,0.8834873930577612,1.1309839405509253e-05,0.1130224334692336,0.003478863633600238,25,10,20
35,9315,0.889253201892513,1.1305134984863152e-05,0.1072577256049148,0.003477767367587516,25,10,20
35,9316,0.8732048512048438,1.1305317824848519e-05,0.12330601867189481,0.0034778248054366323,25,10,20
35,9317,0.8726267465339917,2.6775829362107393e-05,0.12386860464504125,0.003477872991604991,25,10,20
35,9318,0.8680781840550005,2.694282418279676e-05,0.12837328809426932,0.0035215850265474247,25,10,20
35,9319,0.8717868366507008,2.6794639552925736e-05,0.12470440311204387,0.0034819655977024154,25,10,20
35,9320,0.8719778595087937,2.678929025485114e-05,0.12451198352315986,0.003483367677791851,25,10,20
35,9321,0.8712423082153726,2.677093817563679e-05,0.12525245200085644,0.0034784688455954138,25,10,20
35,9322,0.8536130200370208,2.6747729994959676e-05,0.142881724538464,0.0034785076945204898,25,10,20
35,9323,0.8370398475223577,2.6737809267998746e-05,0.15944834488445797,0.0034850697839163003,25,10,20
35,9324,0.8371010103575793,2.6737698944907358e-05,0.15938858512867157,0.0034836668148042144,25,10,20
35,9325,0.834887710139503,2.677217136939997e-05,0.161596652726274,0.003488864962853618,25,10,20
35,9326,0.837318267132695,2.6737578620791626e-05,0.15917133212358295,0.003483663165101101,25,10,20
35,9327,0.8370337062652692,2.6747426618907122e-05,0.15945588185204293,0.00348366445606871,25,10,20
35,9328,0.8368416228384531,2.6747387933329882e-05,0.1596479950960788,0.0034836346775345395,25,10,20
35,9329,0.8583096215719062,2.4375183235562404e-05,0.1382786955645405,0.0033873076803175683,25,10,20
35,9330,0.8565572017890135,2.4373896018753855e-05,0.14003104347540218,0.003387380839565155,25,10,20
35,9331,0.8684327788423585,2.3063315396504685e-05,0.1281570171834079,0.0033871406588367563,25,10,20
35,9332,0.8681285187450513,2.30635415269412e-05,0.12846125697382338,0.0033871607395980934,25,10,20
35,9333,0.8628020793232946,7.6018303916493105e-06,0.13380318565078053,0.0033871331955329163,25,10,20
35,9334,0.8866346618238802,7.601629864583004e-06,0.10997060052930681,0.0033871360169482868,25,10,20
35,9335,0.857218208236824,8.153073060220208e-06,0.13923159853304182,0.003542040157074051,25,10,20
35,9336,0.8576402973428917,8.152962142934707e-06,0.138809522516967,0.003542027177999013,25,10,20
35,9337,0.8878104776097808,7.582524975782632e-06,0.10879492097986056,0.003387018885382616,25,10,20
35,9338,0.8866875028971115,7.572703494188444e-06,0.1099178101244606,0.003387114274933462,25,10,20
35,9339,0.8901809575298061,7.188800066758293e-06,0.10642564849823241,0.0033862051718943098,25,10,20
35,9340,0.9019310671210709,6.793984066708427e-06,0.09483469830075965,0.0032274405941024225,25,10,20
35,9341,0.901850081917858,6.794590598435388e-06,0.09491563414307702,0.0032274893484660083,25,10,20
35,9342,0.9009201190786019,6.794376915668567e-06,0.09554716140190413,0.0035259251425778814,25,10,20
35,9343,0.9016157476020961,6.7874369317205555e-06,0.09491151139762385,0.003465953563347876,25,10,20
35,9344,0.9011902062448729,6.7882987846734426e-06,0.09533705022770977,0.003465955228632396,25,10,20
35,9345,0.9014516538679724,6.787951599052974e-06,0.09507558261761682,0.003465975562811415,25,10,20
35,9346,0.911387958034781,6.571003269055507e-06,0.08826781067017565,0.0003376602917741465,25,10,20
35,9347,0.9109662437726145,6.581653692481359e-06,0.08868944120890167,0.00033773336479111057,25,10,20
35,9348,0.8939335469555881,3.7963365830006176e-05,0.10554127407835633,0.0004872156002260768,25,10,20
35,9349,0.887104777031212,3.797132598649495e-05,0.11237004804253324,0.00048720360026889066,25,10,20
35,9350,0.8872758422304095,3.7971328610771765e-05,0.11219900732657662,0.00048717911440359897,25,10,20
35,9351,0.887271410959902,3.797152377215764e-05,0.11220343709990768,0.0004871804164184359,25,10,20
35,9352,0.8910921793333684,3.79715214076978e-05,0.10838266902336527,0.0004871801218586746,25,10,20
35,9353,0.8911686835041008,3.797161846176795e-05,0.10860443511756505,0.0001889097598721283,25,10,20
35,9354,0.8913004322549299,3.797102342674002e-05,0.1084727332147766,0.00018886350686678487,25,10,20
35,9355,0.8815630244658823,4.7260218809879156e-05,0.11815471283315139,0.0002350024821569054,25,10,20
35,9356,0.881583337625472,4.7260218097144055e-05,0.1181343988561489,0.00023500330028218886,25,10,20
35,9357,0.8831581246602904,4.7260049867817054e-05,0.11655963422003125,0.00023498106981084717,25,10,20
35,9358,0.8996202353673659,4.726074508945565e-05,0.10009734045093215,0.00023516343661251487,25,10,20
35,9359,0.9015987164148824,3.798934474180484e-05,0.09805606099468721,0.00030723324568818455,25,10,20
35,9360,0.9080504131039807,3.14564481547911e-05,0.09163874155475528,0.0002793888931088699,25,10,20
35,9361,0.9098436767540109,3.1437981582941424e-05,0.08984566463361394,0.00027922063079195784,25,10,20
35,9362,0.9098471524636264,3.143788769875635e-05,0.08984219036851471,0.00027921928015967946,25,10,20
35,9363,0.91114591568116,3.143780992754493e-05,0.08854360824715718,0.0002790382617548435,25,10,20
35,9364,0.9112166682977225,3.143658928544771e-05,0.08847309554535694,0.00027879956763459437,25,10,20
35,9365,0.9094968747701908,3.151231642131091e-05,0.09019323292164388,0.00027837999174376603,25,10,20
35,9366,0.9082725261540222,3.178711417809537e-05,0.09134259525827156,0.00035309147352796265,25,10,20
35,9367,0.9081824473991824,3.1794262818818684e-05,0.09143261554200523,0.00035314279599324097,25,10,20
35,9368,0.8898679899018057,0.0009030587824766266,0.10887444907160873,0.00035450224410807,25,10,20
35,9369,0.8885048775935277,0.0009062886093998661,0.11021892619766208,0.0003699075994093421,25,10,20
35,9370,0.881765581096859,0.0009031744334884972,0.11694619170503544,0.00038505276461606375,25,10,20
35,9371,0.889237185444455,0.0009031556476942926,0.10959139074756241,0.0002682681602873975,25,10,20
35,9372,0.8887216519093046,0.0009031571538501111,0.1100448261337947,0.0003303648030496797,25,10,20
35,9373,0.8892140015770231,0.0009031487640035086,0.10961328915491025,0.0002695605040623292,25,10,20
35,9374,0.8909138217508717,0.000902874331957077,0.10798835419273801,0.0001949497244321821,25,10,20
35,9375,0.8909259273044102,0.0009028686627968859,0.10797632573197037,0.00019487830082173682,25,10,20
35,9376,0.8890012183271483,0.0009028726157798045,0.10990101729626528,0.00019489176080633236,25,10,20
35,9377,0.8887353898383605,0.0009033025197554854,0.11016583547089187,0.00019547217099155618,25,10,20
35,9378,0.8891280804735976,0.0009033020447278133,0.10977721012406658,0.0001914073576073993,25,10,20
35,9379,0.8889953785702537,0.0009033021268639565,0.1099099115666311,0.00019140773625087203,25,10,20
35,9380,0.8993952978481963,0.0009033019946134038,0.09950999132708369,0.00019140883010665386,25,10,20
35,9381,0.9075116746067806,0.0009031864387635073,0.0914242333185174,0.00016090563593842261,25,10,20
35,9382,0.9070840962461821,0.0009032004530716075,0.09185165436837356,0.0001610489323725365,25,10,20
35,9383,0.9069556803608455,0.0009032004576953956,0.09198007072628452,0.00016104845517438292,25,10,20
35,9384,0.9077182970437366,0.0009027696880803008,0.09121846780053908,0.00016046546764394065,25,10,20
35,9385,0.9073319018226031,0.0009027696334631498,0.09160486212807718,0.00016046641585631683,25,10,20
35,9386,0.9073359754655449,0.0009027696255556941,0.09160078897752966,0.00016046593136948725,25,10,20
35,9387,0.9141642813885441,0.0009027617317385532,0.08477216037249098,0.000160796507225835,25,10,20
35,9388,0.9138052352258843,0.0009027579773494583,0.08505689264193596,0.00023511415482969312,25,10,20
35,9389,0.9140713372117993,0.0009027580166789401,0.08479219410866635,0.00023371066285498735,25,10,20
35,9390,0.9147168145512796,0.0009027480798856,0.08422029945267204,0.00016013791616242061,25,10,20
35,9391,0.9263904302630677,0.0008714919035718741,0.07272629127996261,1.178655339818689e-05,25,10,20
35,9392,0.9264658074683199,0.0008714918007351187,0.07265094541031511,1.1755320630159655e-05,25,10,20
35,9393,0.9242093154975383,0.0008716055001010167,0.07487703270419513,4.204629816605374e-05,25,10,20
35,9394,0.9246149252535514,0.0008716005285314904,0.07447142783410278,4.2046383814882997e-05,25,10,20
35,9395,0.9203071956350415,0.0008714953292796754,0.07874494910255725,7.635993312222759e-05,25,10,20
35,9396,0.9201332942376189,0.0008714952004042179,0.07891890278465108,7.630777732656164e-05,25,10,20
35,9397,0.920194622432988,0.0008714953015051774,0.07885757358818807,7.630867731946316e-05,25,10,20
35,9398,0.9202629285777979,0.0008714915798344075,0.07878934305933401,7.62367830343224e-05,25,10,20
35,9399,0.9150091523550975,0.0008717001346539417,0.08404190694984011,7.724056040807602e-05,25,10,20
35,9400,0.9134831704926839,0.0008717035986452081,0.08556743698812617,7.768892054450888e-05,25,10,20
35,9401,0.9133179022445777,0.0008717088663213581,0.08573269533375362,7.769355534721382e-05,25,10,20
35,9402,0.913824655206372,0.000871708873648036,0.08522594073754133,7.769518243825047e-05,25,10,20
35,9403,0.9135507707027919,0.0008717766121767,0.08549918223166837,7.827045336252833e-05,25,10,20
35,9404,0.8788151104386288,0.000871800798104338,0.1198674543408156,0.00044563442245049883,25,10,20
35,9405,0.8785957710664469,0.0008718008162438869,0.12008679353038705,0.0004456345869212545,25,10,20
35,9406,0.8771901505263897,0.000871725760154536,0.12148893940802774,0.00044918430542692056,25,10,20
35,9407,0.8785221399759312,0.000871722415759419,0.12015733212840704,0.00044880547990140023,25,10,20
35,9408,0.8777523078753456,0.0008717229572773013,0.12092716139651254,0.0004488077708635205,25,10,20
35,9409,0.8767627043365864,0.0008717500668702639,0.12191142651290768,0.0004541190836348348,25,10,20
35,9410,0.8816974507949245,0.0008716366929672183,0.11697578229059145,0.0004551302215160194,25,10,20
35,9411,0.8862278665725573,0.0008714284890485051,0.1124464840728233,0.00045422086557048657,25,10,20
35,9412,0.8863084323635839,0.0008714284844854167,0.11236591829401106,0.00045422085791908926,25,10,20
35,9413,0.8929005250971385,0.000871419975778959,0.10583844072589312,0.0003896142011888955,25,10,20
35,9414,0.8872592188891325,0.0008787270458817728,0.11143490161126925,0.0004271524537159229,25,10,20
35,9415,0.8873874223241515,0.0008787270615601707,0.11130801384813964,0.00042583676614827364,25,10,20
35,9416,0.8875205077590933,0.0008787275973409236,0.11117492507363448,0.00042583956993106053,25,10,20
35,9417,0.8477716798396053,0.0008787636734978726,0.11974081258770626,0.03160874389919031,25,10,20
35,9418,0.8474869722201533,0.0008786963609380665,0.12002345789324895,0.031610873525659014,25,10,20
35,9419,0.8554428102090803,0.0008786834217284037,0.1120676677625086,0.031610838606681985,25,10,20
35,9420,0.8551279327568959,0.0008786864695180112,0.11238201674087131,0.031611364032714105,25,10,20
35,9421,0.8541782472532412,0.0008786868120611353,0.11333169695272416,0.031611368981972914,25,10,20
35,9422,0.8530048004238513,0.0008786868238552571,0.11450513984776967,0.031611372904523066,25,10,20
35,9423,0.8544169688428472,0.0008786867988324773,0.11309306770612754,0.03161127665219219,25,10,20
35,9424,0.8728641887785753,7.425481011463328e-06,0.09551844935093241,0.03160993638948031,25,10,20
35,9425,0.8724757772192414,7.425033085266619e-06,0.09590683981973981,0.03160995792793294,25,10,20
35,9426,0.872743497920747,7.424961232469449e-06,0.09563914016239997,0.03160993695561997,25,10,20
35,9427,0.8733600009801603,7.489893462619484e-06,0.0950217771220508,0.031610732004325806,25,10,20
35,9428,0.8733823969995936,7.430809523260492e-06,0.09499939663240074,0.031610775558481914,25,10,20
35,9429,0.8787998611784253,7.4223365784188734e-06,0.10852713165268366,0.01266558483231228,25,10,20
35,9430,0.8790685423313447,7.426656890977725e-06,0.10826049084383295,0.01266354016793102,25,10,20
35,9431,0.8793797822897994,7.423604955345014e-06,0.10794977972770342,0.012663014377541512,25,10,20
35,9432,0.8790966969643733,7.433673964303444e-06,0.10823280687867448,0.012663062482987802,25,10,20
35,9433,0.878329917868743,7.446377090002994e-06,0.10899706381921702,0.01266557193494996,25,10,20
35,9434,0.878354155184018,7.450168434393941e-06,0.10897368546532674,0.012664709182220967,25,10,20
35,9435,0.8778267440828948,7.460212865316694e-06,0.1094996492264623,0.012666146477777468,25,10,20
35,9436,0.8782626977389225,7.450132879840244e-06,0.10906514487607169,0.012664707252125887,25,10,20
35,9437,0.8776847413851064,7.457730819760898e-06,0.10964170924940761,0.01266609163466612,25,10,20
35,9438,0.8521418430888112,7.458232862491641e-06,0.1351782256249684,0.012672473053357579,25,10,20
35,9439,0.8521270234305822,7.4583484223909675e-06,0.1351930072050268,0.012672511015968195,25,10,20
35,9440,0.8516262632496944,7.535614366294521e-06,0.13567343034073606,0.012692770795202968,25,10,20
35,9441,0.8509448158070652,7.528703840698587e-06,0.13635617230710576,0.012691483181988025,25,10,20
35,9442,0.8512085483347902,7.516906750038774e-06,0.13609459097759496,0.01268934378086421,25,10,20
35,9443,0.8512463340783646,7.5119163123442595e-06,0.13605681310764825,0.012689340897674282,25,10,20
35,9444,0.851118828682242,7.511632305482519e-06,0.1361843482541958,0.012689311431256145,25,10,20
35,9445,0.8502887100727949,2.293674804285144e-05,0.13699905341627608,0.012689299762885544,25,10,20
35,9446,0.8388116281792651,2.2936214246905622e-05,0.14847620994013225,0.01268922566635537,25,10,20
35,9447,0.8429721909789335,2.29541047796472e-05,0.14431613432023238,0.012688720596053818,25,10,20
35,9448,0.8425957295140222,2.295930531152021e-05,0.14469254066038728,0.012688770520278407,25,10,20
35,9449,0.8770764065759815,2.2935472296084362e-05,0.11057918711570154,0.01232147083602035,25,10,20
35,9450,0.8774508560884884,2.2930279045729153e-05,0.11020479277899696,0.012321420853468426,25,10,20
35,9451,0.8786448751952208,2.29302707899495e-05,0.1090107786026293,0.012321415931359592,25,10,20
35,9452,0.8786178485702192,2.2920191714525898e-05,0.10903784568773003,0.01232138555033586,25,10,20
35,9453,0.879247126071326,2.2842922341221803e-05,0.10842890613692978,0.01230112486940261,25,10,20
35,9454,0.8791791215450131,2.284311779368322e-05,0.10849692824595751,0.012301107091235339,25,10,20
35,9455,0.879135075604335,2.2843032391332917e-05,0.1085409491717945,0.012301132191478931,25,10,20
35,9456,0.8794315457453906,2.2838107073124507e-05,0.10824514289127726,0.01230047325625867,25,10,20
35,9457,0.8795657792842139,2.283794392645067e-05,0.10811093199514774,0.012300450776711715,25,10,20
35,9458,0.8668369622327243,3.0293843551874148e-05,0.1208322750088055,0.012300468914918176,25,10,20
35,9459,0.8445991343677741,3.0716327416720725e-05,0.1430676790250994,0.0123024702797099,25,10,20
35,9460,0.8423814988654439,3.071665533292561e-05,0.14528484822785648,0.012302936251366747,25,10,20
35,9461,0.8425164165724638,3.071653858296172e-05,0.1451500002069506,0.012302866682002882,25,10,20
35,9462,0.8426399239158515,3.071653153930913e-05,0.1450264690373596,0.012302890515250235,25,10,20
35,9463,0.842438455154039,3.0720435883245693e-05,0.14522684944015626,0.012303974969921971,25,10,20
35,9464,0.8378624172936306,4.4681700545710507e-05,0.14978773802071907,0.012305162985104846,25,10,20
35,9465,0.8583258276265009,4.439819163051017e-05,0.12932595024571125,0.01230382393615797,25,10,20
35,9466,0.852317238689396,4.441422908654161e-05,0.1353330267323768,0.012305320349141328,25,10,20
35,9467,0.8488795533585222,2.919863351539907e-05,0.13872888520995755,0.012362362798005521,25,10,20
35,9468,0.8232958625035551,2.9201664507266758e-05,0.16421694941811601,0.012457986413821351,25,10,20
35,9469,0.8229809692187184,2.9198189294803543e-05,0.1645288877238006,0.012460944868185919,25,10,20
35,9470,0.8290735637039239,2.1989315535059146e-05,0.15848051953444034,0.012423927446100914,25,10,20
35,9471,0.8290979303722874,2.198928680055812e-05,0.15845615721391063,0.012423923127001633,25,10,20
35,9472,0.7907984003804499,2.1990069312703124e-05,0.196755467856599,0.012424141693637782,25,10,20
35,9473,0.7910890638680853,2.1989917982701036e-05,0.19646484223651925,0.012424103977412166,25,10,20
35,9474,0.7905342737823386,2.2165338518624457e-05,0.19694426293849854,0.012499297940643582,25,10,20
35,9475,0.7678543800201147,2.2166878624317796e-05,0.2196239467989419,0.012499506302319536,25,10,20
35,9476,0.7685988434824172,2.219189553278408e-05,0.21888205746135675,0.012496907160693672,25,10,20
35,9477,0.7811931391222676,1.4735983114465132e-05,0.20629521716153298,0.012496907733085125,25,10,20
35,9478,0.7812191860814666,1.4735491222578095e-05,0.20626919348339354,0.012496884943917588,25,10,20
35,9479,0.7859590406596583,7.791304555341364e-07,0.20154312698354349,0.01249705322634287,25,10,20
35,9480,0.7828400912589295,5.103525592624827e-07,0.20471957890559817,0.012439819482913166,25,10,20
35,9481,0.7821381913047296,5.012039978135392e-07,0.2054225126942524,0.012438794797020465,25,10,20
35,9482,0.7792229582870921,5.280783563937632e-07,0.20833749590284426,0.012439017731707469,25,10,20
35,9483,0.7790825323968528,6.8852177387023e-07,0.20847781160477952,0.012438967476593869,25,10,20
35,9484,0.7815690525768656,5.277397455913565e-07,0.20599186921258553,0.012438550470803418,25,10,20
35,9485,0.8047026877541253,6.607858277926399e-07,0.1828290828788043,0.0124675685812418,25,10,20
35,9486,0.8041278010676571,6.607616235954527e-07,0.18340396880773632,0.012467569362982617,25,10,20
35,9487,0.8043925820238127,6.607797979626976e-07,0.18313906890447515,0.01246768829191387,25,10,20
35,9488,0.7984281133145934,1.059580198934079e-06,0.18910213755657618,0.012468689548631385,25,10,20
35,9489,0.7989955824204432,1.0595847717937259e-06,0.18853467218990155,0.01246868580488337,25,10,20
35,9490,0.7987674288996165,1.059325731449395e-06,0.1887399331911914,0.012491578583460528,25,10,20
35,9491,0.7991905187734782,1.055494968440112e-06,0.1883397619692868,0.012468663762266375,25,10,20
35,9492,0.8185452192095289,1.0642283434547429e-06,0.16898277256772026,0.012470943994406888,25,10,20
35,9493,0.8185454672668022,1.0642254364193305e-06,0.16898252405170577,0.012470944456055087,25,10,20
35,9494,0.8403223393540277,1.2463359337982702e-06,0.14720556990002584,0.012470844410012871,25,10,20
35,9495,0.8466296590722423,1.4164576806671144e-06,0.1408968421222445,0.012472082347832605,25,10,20
35,9496,0.8463928091855871,1.4164362485799246e-06,0.14113369415237217,0.012472080225792269,25,10,20
35,9497,0.8729251103077122,1.4095197461568917e-06,0.11469704486779884,0.012376435304742923,25,10,20
35,9498,0.8526036586358152,2.792907566500944e-06,0.1350116424331434,0.012381906023475456,25,10,20
35,9499,0.8399497929367646,2.7929673807713934e-06,0.14759396949533157,0.012453444600523682,25,10,20
35,9500,0.858490451819132,2.783431238900249e-06,0.12905574814386106,0.012451016605768512,25,10,20
35,9501,0.8531100030211273,2.891294577268785e-06,0.13440682798006454,0.01248027770423135,25,10,20
35,9502,0.857136825453242,2.6870797037142214e-06,0.13043727426934895,0.012423213197705802,25,10,20
35,9503,0.8320155608122347,2.6869209577474165e-06,0.15561773946269045,0.01236401280411727,25,10,20
35,9504,0.8698729150053807,2.6869299795460704e-06,0.11777284379207519,0.012351554272564966,25,10,20
35,9505,0.8703580738315523,2.649840871576776e-06,0.11728765759778909,0.012351618729787357,25,10,20
35,9506,0.8572386068292371,2.6465594697984874e-06,0.1304073693688217,0.01235137724247189,25,10,20
35,9507,0.8572751995299249,2.64636565010123e-06,0.13037082315603876,0.012351330948386618,25,10,20
35,9508,0.8360714926713129,0.0010219571339785342,0.1505526339436188,0.012353916251089758,25,10,20
35,9509,0.838829679766186,0.0010219404792205155,0.14779377762615567,0.012354602128437904,25,10,20
35,9510,0.8314837357093704,0.0010219435039147328,0.15513967272039367,0.012354648066321479,25,10,20
35,9511,0.8178729831000382,0.0010262958413748686,0.16874588736368687,0.012354833694900102,25,10,20
35,9512,0.8190793908164394,0.0010262951956929458,0.16753957065513322,0.012354743332734215,25,10,20
35,9513,0.8189565166371454,0.001026295210189929,0.16766244244074738,0.01235474571191689,25,10,20
35,9514,0.8190627384087891,0.0010262949645521548,0.16755621440851623,0.012354752218142126,25,10,20
35,9515,0.818716294120617,0.0010263095818830476,0.16790381269512056,0.012353583602378983,25,10,20
35,9516,0.8190235460290418,0.0010263096790800296,0.16759663111073567,0.012353513181142008,25,10,20
35,9517,0.8190117821139282,0.0010263095901270785,0.16760841853288733,0.012353489763057328,25,10,20
35,9518,0.7887188060792764,0.0010262858744456175,0.19793046740923753,0.012324440637039549,25,10,20
35,9519,0.7925750197492087,0.0010262808682558859,0.19409266751474522,0.01230603186778937,25,10,20
35,9520,0.7892289125048465,0.0010262802299288107,0.19743882853149144,0.012305978733732634,25,10,20
35,9521,0.7961381400319211,0.0010262782912489167,0.1905294283037395,0.012306153373090187,25,10,20
35,9522,0.7924803891186372,0.0010264149925403323,0.19418649528026083,0.01230670060856118,25,10,20
35,9523,0.8090986720066056,0.001022073307558854,0.17756910990448976,0.012310144781345417,25,10,20
35,9524,0.770656259362995,0.0010226356247122646,0.21600395210311066,0.01231715290918214,25,10,20
35,9525,0.7731471476754552,0.0010225016816273083,0.21354892698346808,0.01228142365944927,25,10,20
35,9526,0.7706461368832771,0.0010225062446943003,0.21602837542320394,0.012302981448824538,25,10,20
35,9527,0.7864236836660163,0.0010224830071734721,0.2002508080235892,0.0123030253032211,25,10,20
35,9528,0.8097074570552445,3.0329981462095727e-06,0.17798963909625892,0.012299870850349594,25,10,20
35,9529,0.7731207227542595,3.0326962002381734e-06,0.2145765857471595,0.012299658802380825,25,10,20
35,9530,0.7583778834839081,3.0273543772317105e-06,0.22931941454414273,0.012299674617571645,25,10,20
35,9531,0.7422620817644271,3.0273716358085846e-06,0.24543521590120712,0.012299674962729757,25,10,20
35,9532,0.7334901274468381,3.1555527062339743e-06,0.25420585594626305,0.01230086105419367,25,10,20
35,9533,0.7699404574713526,3.1939081841642957e-06,0.21775014834832948,0.012306200272133465,25,10,20
35,9534,0.7545274506321114,3.2048163460536003e-06,0.23316022820770008,0.012309116343841969,25,10,20
35,9535,0.7602700166458198,2.806679852184649e-06,0.22741897788979412,0.012308198784533497,25,10,20
35,9536,0.798644331718124,2.06106573020234e-06,0.18905252487019392,0.012301082345950978,25,10,20
35,9537,0.8077154780852415,1.9184779500032198e-06,0.1799828219637056,0.012299781473102005,25,10,20
35,9538,0.8111442794868445,1.9231163699034634e-06,0.17655275187519076,0.012301045521593936,25,10,20
35,9539,0.8089664881220395,1.990342953392371e-06,0.1787116630190555,0.012319858515950992,25,10,20
35,9540,0.8238969086669229,1.9919669662320366e-06,0.16378407245245247,0.012317026913657552,25,10,20
35,9541,0.8273255557025858,1.8551788959832774e-06,0.16035615666373895,0.012316432454778828,25,10,20
35,9542,0.8274199513241701,1.8551788831412648e-06,0.16026176034340037,0.012316433153546072,25,10,20
35,9543,0.8274124174017176,1.8551772145618327e-06,0.16026929467739312,0.012316432743674624,25,10,20
35,9544,0.8256908586681128,1.856089276881471e-06,0.16199083099509085,0.012316454247519322,25,10,20
35,9545,0.8083708559976372,2.3903488516528147e-06,0.17930766128258768,0.012319092370922779,25,10,20
35,9546,0.8081578126248938,2.38989430981481e-06,0.17944992990993533,0.012389867570860347,25,10,20
35,9547,0.7737446368938214,2.3494670979134383e-06,0.21388197951645252,0.01237103412262756,25,10,20
35,9548,0.7437262363828436,2.352734630550388e-06,0.24389482844185345,0.012376582440672128,25,10,20
35,9549,0.743787145517893,2.3524749786489835e-06,0.243833943505969,0.012376558501159169,25,10,20
35,9550,0.7396312345734577,2.26834684307881e-06,0.24797710914845714,0.012389387931241296,25,10,20
35,9551,0.7281203082566714,2.4787689356392375e-06,0.25948685971752866,0.012390353256863308,25,10,20
35,9552,0.7282340056077665,2.478197913623982e-06,0.259373245375762,0.012390270818556854,25,10,20
35,9553,0.7297053624398441,2.4608018307291254e-06,0.25790648225106333,0.012385694507260812,25,10,20
35,9554,0.7263202652163563,2.421982709449189e-06,0.26129691928627163,0.012380393514662287,25,10,20
35,9555,0.7290142222411076,2.4209008037202063e-06,0.25860298394912334,0.012380372908964467,25,10,20
35,9556,0.7431840502985668,2.4283981153904624e-05,0.2444224177659505,0.012369247954328581,25,10,20
35,9557,0.7430755124522076,2.4294684511954888e-05,0.24452948870212865,0.012370704161151536,25,10,20
35,9558,0.7426002285735173,2.429566202773329e-05,0.24500101679191397,0.01237445897254078,25,10,20
35,9559,0.7273290062497315,2.4294989032584497e-05,0.26027596518125146,0.012370733579983412,25,10,20
35,9560,0.7355920078909626,2.4633895190230293e-06,0.2520365623919976,0.012368966327519618,25,10,20
35,9561,0.7353207977265461,2.464107859905296e-06,0.2523059959553779,0.01237074221021483,25,10,20
35,9562,0.7353564430511952,2.4666626122271975e-06,0.2522703122742096,0.012370778011981784,25,10,20
35,9563,0.7325310613112151,3.279170401150811e-06,0.2545422261500778,0.012923433368304657,25,10,20
35,9564,0.7383500881300664,2.7580450376680412e-06,0.248722838962006,0.01292431486288891,25,10,20
35,9565,0.7383741849067387,2.7564194240240847e-06,0.24876881656314176,0.012854242110694601,25,10,20
35,9566,0.7388942023977424,2.743950070632696e-06,0.24824887843466706,0.012854175217518833,25,10,20
35,9567,0.7378863105129756,2.7619429400015675e-06,0.24925190149133364,0.012859026052749778,25,10,20
35,9568,0.7377771353378961,2.764568341125372e-06,0.24936036421157634,0.012859735882185395,25,10,20
35,9569,0.7676176327594494,2.766723432302789e-06,0.21952536363397146,0.012854236883145598,25,10,20
35,9570,0.7675980322662749,2.7670178340952896e-06,0.21954503123306002,0.012854169482829692,25,10,20
35,9571,0.7781277913092172,2.7541750356280605e-06,0.2090186662446639,0.01285078827108237,25,10,20
35,9572,0.7767012945218306,5.494910090634523e-05,0.2103933231693484,0.012850433207913544,25,10,20
35,9573,0.7863234646496068,5.4948872407576996e-05,0.20077115925597325,0.012850427222011325,25,10,20
35,9574,0.7858874284886613,5.5410196814726476e-05,0.20120666063035,0.012850500684172969,25,10,20
35,9575,0.7862050251434615,5.5405465143826256e-05,0.20089035575407913,0.012849213637314949,25,10,20
35,9576,0.8012116398975713,5.5405379388276094e-05,0.18588376206583468,0.012849192657205324,25,10,20
35,9577,0.8013685774745238,5.494431929355331e-05,0.18572733447083395,0.012849143735348118,25,10,20
35,9578,0.7980796478889205,5.494653178748245e-05,0.18901623519773214,0.012849170381559296,25,10,20
35,9579,0.8004585960213985,5.494197724637591e-05,0.18665884803820149,0.012827613963153628,25,10,20
35,9580,0.8003683727064299,5.494867885387356e-05,0.18674735917752208,0.012829319437193969,25,10,20
35,9581,0.8389261042615266,5.492365946724042e-05,0.14820474027173913,0.012814231807267373,25,10,20
35,9582,0.8321596477917746,5.5380899241036806e-05,0.15496669762030243,0.0128182736886822,25,10,20
35,9583,0.8281565378811601,3.1729287387726478e-06,0.15902646762641268,0.012813821563688604,25,10,20
35,9584,0.8318207037862504,3.1708511039407662e-06,0.15536233117051734,0.012813794192128539,25,10,20
35,9585,0.8319363225015955,2.3511636440969674e-06,0.16771126895441582,0.00035005738034457417,25,10,20
35,9586,0.8319531248214395,2.3507875517502203e-06,0.16769449444356954,0.0003500299474391294,25,10,20
35,9587,0.8689469759501475,2.329723234147474e-06,0.13102734752236578,2.334680425316973e-05,25,10,20
35,9588,0.8364296060703782,2.3269287589400037e-06,0.1635450848254794,2.2982175383432493e-05,25,10,20
35,9589,0.8365624010718185,2.331464477477605e-06,0.16341403865508453,2.122880861962971e-05,25,10,20
35,9590,0.8365547712887136,2.331467571228932e-06,0.1634216676020144,2.1229641700877036e-05,25,10,20
35,9591,0.8349317505530403,8.86461690108056e-06,0.1650065106380029,5.287419205570148e-05,25,10,20
35,9592,0.8289926064849127,9.228103826985264e-06,0.1709163642803407,8.180113091998233e-05,25,10,20
35,9593,0.8022829153429631,9.06448241979103e-06,0.19762697587007036,8.104430454732473e-05,25,10,20
35,9594,0.8017206116159525,9.065130583653878e-06,0.19818925645140542,8.106680205912185e-05,25,10,20
35,9595,0.8225066864050526,7.5047464735703656e-06,0.17741192030303576,7.38885454388954e-05,25,10,20
35,9596,0.8225210507900161,7.504744315466697e-06,0.17739755720468758,7.388726098173589e-05,25,10,20
35,9597,0.8266601814068737,7.493875517507171e-06,0.17325984387435212,7.248084325727275e-05,25,10,20
35,9598,0.8343959800093309,9.606492123341619e-07,0.16556224265281055,4.081668864696758e-05,25,10,20
35,9599,0.8341949807728866,9.608161544689138e-07,0.16576326788537923,4.07905255805188e-05,25,10,20
35,9600,0.8331054971212588,9.611898404257594e-07,0.1668472717300852,4.626995881626204e-05,25,10,20
35,9601,0.8215751699165306,1.172964682648453e-05,0.17836763437046568,4.5466066177505636e-05,25,10,20
35,9602,0.8213476371533652,1.1869176951078855e-05,0.1785950524329596,4.5441236724220935e-05,25,10,20
35,9603,0.8224195440984609,1.1873825765343043e-05,0.17752857273047318,4.000934530072815e-05,25,10,20
35,9604,0.8223160625965166,1.1873614007007315e-05,0.17763205593310924,4.000785636745386e-05,25,10,20
35,9605,0.82273704558675,1.1868449568476797e-05,0.1772111007036297,3.998526005230829e-05,25,10,20
35,9606,0.8221752501267484,1.2154228661445983e-05,0.17777258259444625,4.0013050144541925e-05,25,10,20
35,9607,0.8217884879327455,1.2154965577988689e-05,0.1781594646645085,3.989243716878328e-05,25,10,20
35,9608,0.8148188555725825,1.2159068541469163e-05,0.18506720967225285,0.0001017756866241276,25,10,20
35,9609,0.8151185582527102,1.2014307747606082e-05,0.18476767695295251,0.00010175048659042822,25,10,20
35,9610,0.8219248703051802,1.2010443169678438e-05,0.17802321164846988,3.990760318094562e-05,25,10,20
35,9611,0.8213856891682865,1.201061280960067e-05,0.1785610033482321,4.129687067240059e-05,25,10,20
35,9612,0.8053863899748079,1.202179739606698e-05,0.19438289453354926,0.000218693694247627,25,10,20
35,9613,0.8057964029333902,1.2021542436676579e-05,0.19397286888303328,0.0002187066411407203,25,10,20
35,9614,0.8384365570650927,1.201925887781626e-05,0.16133307389101254,0.00021834978501816569,25,10,20
35,9615,0.8383810606760376,1.2014470957227419e-05,0.16138860841112265,0.00021831644188343552,25,10,20
35,9616,0.8383765173269923,1.2014471266929639e-05,0.1613931525403052,0.00021831566143668205,25,10,20
35,9617,0.8386328531964377,1.2014719040736258e-05,0.16113814710998808,0.00021698497453473653,25,10,20
35,9618,0.8575365335810475,1.2520226673946401e-05,0.14223416874204303,0.0002167774502355233,25,10,20
35,9619,0.8573782115843552,1.2527035307217525e-05,0.14239078091723711,0.00021848046310048885,25,10,20
35,9620,0.8641078329690585,1.2070232737229145e-05,0.13566565519253973,0.0002144416056648898,25,10,20
35,9621,0.8598569656694842,1.2066431275931969e-05,0.13991823682195548,0.00021273107728456833,25,10,20
35,9622,0.8574313286647264,1.209851467352405e-05,0.14208768920420914,0.0004688836163911037,25,10,20
35,9623,0.8561213686442279,1.209742354355805e-05,0.14339764436747868,0.0004688895647500351,25,10,20
35,9624,0.8519046940225824,2.5111021023463197e-05,0.14785638317488112,0.0002138117815131889,25,10,20
35,9625,0.8676881375663636,2.5100957374742543e-05,0.13225018080735695,3.658066890504151e-05,25,10,20
35,9626,0.8672506103516393,2.5100910653173993e-05,0.1326862468099329,3.8041927775073886e-05,25,10,20
35,9627,0.874985699125618,1.2151050599498246e-05,0.12496473799939684,3.741182438610584e-05,25,10,20
35,9628,0.8705874233368841,1.2155017482378087e-05,0.1293644141126405,3.6007532993334434e-05,25,10,20
35,9629,0.8701885603979984,1.2160605001516626e-05,0.1297632689329605,3.601006403979117e-05,25,10,20
35,9630,0.9016980340627646,1.2737371568225817e-05,0.0982531045194725,3.612404619548709e-05,25,10,20
35,9631,0.9015132195022071,1.2737543744384308e-05,0.09843789321116622,3.614974288308323e-05,25,10,20
35,9632,0.9013560104586111,1.2740977277128212e-05,0.09859508061255529,3.616795155684227e-05,25,10,20
35,9633,0.8940326334920857,1.2839193947046178e-05,0.10586324908305351,9.127823091407286e-05,25,10,20
35,9634,0.8882462308136837,1.2703327328712643e-05,0.11158887743569613,0.0001521884232917996,25,10,20
35,9635,0.8883185231245705,1.2606506901046433e-05,0.11151707350901453,0.0001517968595145169,25,10,20
35,9636,0.8892454826895738,1.8384871321806327e-06,0.11060112531973885,0.0001515535035554728,25,10,20
35,9637,0.9000590456698291,1.831350157492362e-06,0.09978822807814007,0.00015089490187387552,25,10,20
35,9638,0.8981505636670076,1.8314199608654211e-06,0.10169677923138774,0.00015082568164421738,25,10,20
35,9639,0.8975736352842665,1.8687390840167587e-06,0.1022734954565076,0.00015100052014247183,25,10,20
35,9640,0.8979703141923389,1.863145832503553e-06,0.10187682544022836,0.00015099722160089144,25,10,20
35,9641,0.9000633094862002,1.863053153099954e-06,0.09978383123089155,0.0001509962297555534,25,10,20
35,9642,0.9164884103088187,1.8315624779442701e-06,0.08335881333022793,0.00015094479847580487,25,10,20
35,9643,0.9167898288850266,1.831191409062376e-06,0.08305742103308987,0.00015091889047474694,25,10,20
35,9644,0.9220170568734025,1.8294460984480423e-06,0.07783013272707627,0.00015098095342331466,25,10,20
35,9645,0.9099286460008943,1.8351462586436945e-06,0.08991778210816015,0.00015173674468734242,25,10,20
35,9646,0.9096896796052133,1.8397442972338402e-06,0.09015670514513886,0.00015177550535115767,25,10,20
35,9647,0.8958052281041722,1.839873158323061e-06,0.10394178850525547,0.000251143517414224,25,10,20
35,9648,0.8955342359738983,1.8397577224083265e-06,0.10421218062529401,0.00025174364308550164,25,10,20
35,9649,0.8955431400875784,1.8396725695180257e-06,0.10420337264600286,0.00025164759384920746,25,10,20
35,9650,0.8886021889327508,1.839772038547474e-06,0.11114435568085307,0.0002516156143576429,25,10,20
35,9651,0.9060129952611702,1.2891746568546245e-06,0.09373391821234084,0.0002517973518319989,25,10,20
35,9652,0.9098920397065359,1.6076277595332027e-06,0.08985454141542924,0.00025181125027536717,25,10,20
35,9653,0.9021518687426865,1.6207707358755568e-06,0.09755436420448381,0.0002921462820940528,25,10,20
35,9654,0.9144088407864195,1.5189949899328259e-06,0.08535267553132585,0.00023696468726441824,25,10,20
35,9655,0.9149003520634712,1.5180283793020488e-06,0.08486135763497751,0.0002367722731717236,25,10,20
35,9656,0.9287144185313201,1.5179147917663089e-06,0.07114665930029031,0.00013740425359776566,25,10,20
35,9657,0.9270943767482457,1.532937234080473e-06,0.0727628428093793,0.00014124750514076906,25,10,20
35,9658,0.9211504590818828,1.5329948659622537e-06,0.07870676104141111,0.00014124688184011426,25,10,20
35,9659,0.9263296788446437,9.295434654745105e-07,0.07352826220689693,0.00014112940499381676,25,10,20
35,9660,0.9262786367196005,9.262777339252813e-07,0.07357927468842128,0.00014116231424431247,25,10,20
35,9661,0.9262920788759574,9.261617298635577e-07,0.0735658332431381,0.00014116171917472417,25,10,20
35,9662,0.9193000923178293,7.423702135991704e-06,0.08051900452838312,0.0001734794516517468,25,10,20
35,9663,0.9193306730440503,7.716035068225019e-06,0.08048878440427101,0.0001728265166105659,25,10,20
35,9664,0.9188349309090756,7.713014591193432e-06,0.08098439661360646,0.00017295946272622302,25,10,20
35,9665,0.9189985154457623,7.71259228545457e-06,0.08082082422372922,0.00017294773822283972,25,10,20
35,9666,0.9194345829847537,7.684096541300719e-06,0.08038282076187768,0.000174912156827088,25,10,20
35,9667,0.9195784483460159,7.391728449161527e-06,0.0802392714069577,0.0001748885185769656,25,10,20
35,9668,0.9254842941543688,7.391753679545523e-06,0.07433342496633849,0.00017488912561289634,25,10,20
35,9669,0.930865110885555,7.405818919804395e-06,0.06895242435843675,0.0001750589370882541,25,10,20
35,9670,0.930981684958184,7.405819022423364e-06,0.06883584945150073,0.00017505977129247434,25,10,20
35,9671,0.9267181172681523,0.0005240315116155008,0.07256557011915918,0.00019228110107253883,25,10,20
35,9672,0.9180234125259088,0.0005240342808484894,0.08126025856453317,0.0001922946287088886,25,10,20
35,9673,0.9196231123807489,0.0005240191727662651,0.07966432811227506,0.0001885403342092611,25,10,20
35,9674,0.9233671601204866,0.0005240160275726654,0.0759202658651566,0.00018855798678370214,25,10,20
35,9675,0.920855455825084,0.0005240873517072294,0.07843186519236428,0.00018859163084405654,25,10,20
35,9676,0.9185576515547415,0.0005177835068644472,0.0807420895392457,0.0001824753991480752,25,10,20
35,9677,0.9191259269910844,0.00051778313791184,0.08017389998783991,0.00018238988316371981,25,10,20
35,9678,0.9181466976217578,0.0005177917779225842,0.0810897986729008,0.0002457119274186032,25,10,20
35,9679,0.9238205510695667,0.000517642581523772,0.07547698856284818,0.00018481778606118523,25,10,20
35,9680,0.9236274213310844,0.0005176425779592404,0.07567011753761638,0.00018481855333979792,25,10,20
35,9681,0.8893424798632478,0.0005197331606324724,0.10994339977590473,0.0001943872002146527,25,10,20
35,9682,0.8903897538789309,0.0005202316084164889,0.10889321410805816,0.000196800404593886,25,10,20
35,9683,0.8904870186113363,0.0005202317251213988,0.10879589365257666,0.00019685601096511415,25,10,20
35,9684,0.8603236894160492,0.0019349021696953926,0.137451754606161,0.0002896538080945266,25,10,20
35,9685,0.8586456303453903,0.001934902695816492,0.13912960205048427,0.00028986490830896605,25,10,20
35,9686,0.859167399318522,0.0019349290156504386,0.13860801338521417,0.0002896582806132741,25,10,20
35,9687,0.8591772146447952,0.0019349291756089679,0.13859816523775464,0.0002896909418415674,25,10,20
35,9688,0.8379875508690787,0.0019349019424897444,0.15978788892331378,0.0002896582651180271,25,10,20
35,9689,0.8627055562693562,0.0005202175856843621,0.13387154878624913,0.0029026773587103997,25,10,20
35,9690,0.8684574127790229,0.0005197148222881702,0.1281226139590107,0.002900258439678179,25,10,20
35,9691,0.9016304736767783,0.000517624328346277,0.09496124034113905,0.0028906616537358303,25,10,20
35,9692,0.9236913401786674,0.0005176423368090435,0.07290030366903592,0.002890713815487567,25,10,20
35,9693,0.9234779632868511,0.0005297558593828216,0.07310393277244878,0.0028883480813173545,25,10,20
35,9694,0.9294481153792299,0.0005297471540019542,0.06719714485016215,0.002824992616606225,25,10,20
35,9695,0.9313350367696548,1.3110921649994518e-05,0.0632066675821959,0.005445184726499404,25,10,20
35,9696,0.931306349351254,1.311185430393026e-05,0.06323534890535004,0.005445189889091933,25,10,20
35,9697,0.9312330684073025,1.3111155556711157e-05,0.06330867768090517,0.00544514275623553,25,10,20
35,9698,0.9352200767107197,1.3105221949602952e-05,0.05936028337411062,0.005406534693219921,25,10,20
35,9699,0.9325096640712931,1.7998423208926555e-05,0.06206574762631869,0.005406589879179071,25,10,20
35,9700,0.9305252307617523,1.8073411762461138e-05,0.06404936354248437,0.005407332284000734,25,10,20
35,9701,0.9305302404902105,1.807318971416995e-05,0.06404437390408381,0.005407312415991363,25,10,20
35,9702,0.9297467208070898,1.807010316152428e-05,0.06482866227127829,0.005406546818470257,25,10,20
35,9703,0.8956354583471798,1.929819885397889e-05,0.09892734054601603,0.005417902907950292,25,10,20
35,9704,0.9076052602340445,1.9292507148253288e-05,0.08695829829956594,0.005417148959241283,25,10,20
35,9705,0.8972233399784804,1.9292031414670786e-05,0.09734018703684189,0.005417180953263261,25,10,20
35,9706,0.8967284339880477,1.9301449814116558e-05,0.09783377096874886,0.005418493593389626,25,10,20
35,9707,0.8848606185650988,1.9294747233690426e-05,0.10970036477478647,0.005419721912881033,25,10,20
35,9708,0.8833774785701098,1.9369086052237978e-05,0.11118335493230123,0.005419797411537015,25,10,20
35,9709,0.8803865133033376,1.9355164693359614e-05,0.1141732904557936,0.00542084107617583,25,10,20
35,9710,0.8804089283612336,1.935517372042883e-05,0.11415081155988255,0.005420904905163824,25,10,20
35,9711,0.8783482226547722,1.942909176749762e-05,0.11619200052753285,0.005440347725928009,25,10,20
35,9712,0.8788521611170768,1.9419670400861396e-05,0.11568938414170417,0.0054390350708186375,25,10,20
35,9713,0.8783405204116684,1.9420537679060286e-05,0.11612384404410186,0.005516215006551226,25,10,20
35,9714,0.8781874080082384,1.9420552110031217e-05,0.11627693101099386,0.005516240428658205,25,10,20
35,9715,0.8717069659547917,1.943715458219212e-05,0.12275391592407246,0.00551968096655343,25,10,20
35,9716,0.8728073285608905,2.440698253938552e-05,0.12155147266171044,0.005616791794859224,25,10,20
35,9717,0.8741405443225965,2.4405674730063926e-05,0.1202184300867771,0.005616619915895976,25,10,20
35,9718,0.8781052207171861,2.4401154225326648e-05,0.11625489364345183,0.005615484485136355,25,10,20
35,9719,0.8677577486866435,2.4404684294187085e-05,0.12660138526784176,0.005616461361220353,25,10,20
35,9720,0.8686778911479938,2.4424718018140274e-05,0.12568123194939498,0.005616452184593013,25,10,20
35,9721,0.8787698475772114,2.443694752490332e-05,0.11559026887039714,0.005615446604866336,25,10,20
35,9722,0.8787824925115162,2.4436579612163544e-05,0.11557762535459756,0.005615445554273639,25,10,20
35,9723,0.9023242174380901,2.3208383924064346e-05,0.09204850283451144,0.005604071343474432,25,10,20
35,9724,0.8893349914813962,2.3757530106024072e-05,0.10503717811710887,0.0056040728713888125,25,10,20
35,9725,0.8520678958657755,2.3757703377347577e-05,0.14230048214232727,0.005607864288520143,25,10,20
35,9726,0.8543188448735394,2.3833459863439812e-05,0.1400487810003151,0.005608540666282192,25,10,20
35,9727,0.8549425315153278,2.376196716419965e-05,0.13942590960924467,0.005607796908263471,25,10,20
35,9728,0.8510633693790066,3.230523496341173e-05,0.14329216730471875,0.005612158081311327,25,10,20
35,9729,0.865494919319386,3.212553528619278e-05,0.13158789545177194,0.0028850596935560456,25,10,20
35,9730,0.8678660770167903,3.2051610836980235e-05,0.12923625457661667,0.002865616795756183,25,10,20
35,9731,0.8916649437521121,3.150360469505459e-05,0.10543776284536747,0.0028657897978246333,25,10,20
35,9732,0.8913546867461848,3.1504322442007206e-05,0.10574690535747816,0.002866903573894202,25,10,20
35,9733,0.8990998530432728,3.1194372008224545e-05,0.10066829299123255,0.0002006595934855706,25,10,20
35,9734,0.9157268469179058,3.119384716094228e-05,0.08404435395458339,0.00019760528034919945,25,10,20
35,9735,0.8917512377458422,2.5906498483424757e-05,0.10810031227756775,0.0001225434781070482,25,10,20
35,9736,0.8875244275663703,2.5897832322935504e-05,0.11232879468929553,0.00012087991201231054,25,10,20
35,9737,0.8875243840988916,2.5897822520990797e-05,0.11232883987337183,0.00012087820521662084,25,10,20
35,9738,0.8877971120063652,2.5897135422531532e-05,0.11213329365812835,4.369720008479033e-05,25,10,20
35,9739,0.88767902436512,3.268505178160136e-05,0.11224836612225392,3.992446084584157e-05,25,10,20
35,9740,0.8787288580237126,3.269655797207127e-05,0.1211966084324446,4.183698587206e-05,25,10,20
35,9741,0.87972068191986,3.269541923857017e-05,0.12020496250710813,4.166015379458828e-05,25,10,20
35,9742,0.8730787026339998,3.269543100385524e-05,0.1268469208700756,4.1681064921995036e-05,25,10,20
35,9743,0.857959627063624,3.8876235568012916e-05,0.14193386454847498,6.763215233360593e-05,25,10,20
35,9744,0.8577885551021189,3.888579512445676e-05,0.14210478471187524,6.77743908821443e-05,25,10,20
35,9745,0.8579324869713489,3.8885798499801305e-05,0.1419608760691051,6.775116104675316e-05,25,10,20
35,9746,0.8573762242164388,3.888655797046001e-05,0.14251699408001467,6.78951455766874e-05,25,10,20
35,9747,0.8572503804752029,3.884323117156998e-05,0.14264302285167454,6.775344195184933e-05,25,10,20
35,9748,0.8572129110193936,3.883126202124974e-05,0.14268049313430256,6.77645842833913e-05,25,10,20
35,9749,0.858117915270556,3.883058126129947e-05,0.14177565785675791,6.759629142550041e-05,25,10,20
35,9750,0.8519956178935847,3.8830894470176596e-05,0.14789793331108445,6.761790086131e-05,25,10,20
35,9751,0.8513247605310442,3.88316158981218e-05,0.14856840038972366,6.800746333457997e-05,25,10,20
35,9752,0.8516381141078245,3.88276069775498e-05,0.14825508892979894,6.796935539954444e-05,25,10,20
35,9753,0.8183961632177301,2.6717134736233765e-05,0.18151081335479397,6.630629273977503e-05,25,10,20
35,9754,0.8096143371981865,2.6750285300040245e-05,0.1902925273587264,6.638515778674164e-05,25,10,20
35,9755,0.8086120571723728,2.673953449263573e-05,0.19129477736096767,6.642593216661483e-05,25,10,20
35,9756,0.8089880177335492,2.673952371373531e-05,0.19091881765437863,6.642508835841953e-05,25,10,20
35,9757,0.8241381047829952,2.6706987987276614e-05,0.1757688565083417,6.633172067600714e-05,25,10,20
35,9758,0.8448876650142461,2.1971122411728493e-05,0.1550461960635365,4.4167799806144856e-05,25,10,20
35,9759,0.8099087977686322,2.050922219103545e-05,0.19002668275412823,4.401025504832594e-05,25,10,20
35,9760,0.8037311764943387,2.051349650803313e-05,0.1962042989363608,4.4011072792249316e-05,25,10,20
35,9761,0.8128394389875513,2.0501350596818313e-05,0.18709906444071017,4.09952211415641e-05,25,10,20
35,9762,0.8078063178128454,2.0682788086277758e-05,0.19210852034702264,6.447905204567359e-05,25,10,20
35,9763,0.8121464981125299,2.068255909533366e-05,0.18776872145332446,6.409787505020328e-05,25,10,20
35,9764,0.8037516917474571,2.0614138771041417e-05,0.19454030734069164,0.0016873867730801812,25,10,20
35,9765,0.8047894633608873,2.059495569964215e-05,0.19350267363308873,0.0016872680503244683,25,10,20
35,9766,0.8042897648244596,2.0594949984407474e-05,0.1940024645027191,0.0016871757228369012,25,10,20
35,9767,0.8077718164187115,4.170566302856122e-05,0.19049409553342794,0.001692382384832087,25,10,20
35,9768,0.8091930691774837,2.826938222229525e-05,0.18909064474498127,0.0016880166953126595,25,10,20
35,9769,0.814132362190038,2.8087926940760813e-05,0.18417501920717,0.0016645306758511168,25,10,20
35,9770,0.778520301743893,3.029655397725357e-05,0.21977943648642875,0.001669965215700465,25,10,20
35,9771,0.7408879990972782,3.02973156934294e-05,0.2574112974728568,0.0016704061141726203,25,10,20
35,9772,0.7414084450660213,2.3509114499146565e-05,0.256898331597397,0.0016697142220838967,25,10,20
35,9773,0.7310556711257213,2.3524088949434187e-05,0.2672490666553254,0.0016717381300050357,25,10,20
35,9774,0.7489933173033427,2.3536222020362208e-05,0.24933311330433977,0.001650033170297856,25,10,20
35,9775,0.784487231773054,2.3535663013717632e-05,0.21384280914911497,0.0016464234148178861,25,10,20
35,9776,0.8218367429863106,2.3534198800915517e-05,0.17650055612583737,0.0016391666890501206,25,10,20
35,9777,0.8569016109777691,2.1324343697212127e-05,0.14144334182785198,0.001633722850681364,25,10,20
35,9778,0.8738914883421879,2.1323823037868187e-05,0.12435600571379593,0.0017311821209782393,25,10,20
35,9779,0.8630831605021911,2.158285851027252e-05,0.135095294043471,0.0017999625958272205,25,10,20
35,9780,0.8533129215532611,2.176400606506681e-05,0.1448121639819228,0.0018531504587508286,25,10,20
35,9781,0.8441061361906954,2.1775328988836862e-05,0.154018905524838,0.0018531829554773935,25,10,20
35,9782,0.8420463296262155,2.1776043187803895e-05,0.156078480839112,0.0018534134914844297,25,10,20
35,9783,0.8398835145864473,2.1792774028758542e-05,0.15833466671188925,0.0017600259276343657,25,10,20
35,9784,0.8510251777308494,2.159264556307488e-05,0.14724657642927,0.001706653194317151,25,10,20
35,9785,0.8527668085609308,2.159281862633179e-05,0.14550503089521555,0.0017065677252269776,25,10,20
35,9786,0.8440742855909186,2.1596153236351747e-05,0.15419669161127944,0.0017074266445657638,25,10,20
35,9787,0.8325858809794798,2.2057213846207712e-05,0.1656849391543523,0.0017071226523217157,25,10,20
35,9788,0.8326959546991555,2.2057391534400817e-05,0.16557486313680495,0.0017071247725051095,25,10,20
35,9789,0.8324222186378307,2.2279833891980693e-05,0.16584836497720767,0.0017071365510693195,25,10,20
35,9790,0.8420152564716196,2.2274108246257905e-05,0.1578786647061969,8.38047139373739e-05,25,10,20
35,9791,0.8406102217308324,2.2257186360025377e-05,0.15928818503134717,7.933605146081514e-05,25,10,20
35,9792,0.8562407376553263,2.2275650501940968e-05,0.14365791298630337,7.907370786891182e-05,25,10,20
35,9793,0.8585675957636139,2.2274941055540104e-05,0.1413299329068057,8.019638852500266e-05,25,10,20
35,9794,0.8494160646833494,1.1599541111081792e-06,0.15050778225053651,7.499311200318291e-05,25,10,20
35,9795,0.8612346511344596,1.1599537244927404e-06,0.13868919999557935,7.498891623631122e-05,25,10,20
35,9796,0.8680086785264008,1.1472513313320322e-06,0.13191659376585235,7.358045641557811e-05,25,10,20
35,9797,0.8689633446545778,1.1157030237119238e-06,0.13096205226216273,7.348738023580349e-05,25,10,20
35,9798,0.8689012129475213,1.115889442542423e-06,0.13102420379295934,7.346737007681824e-05,25,10,20
35,9799,0.8452148431076631,1.123921050957075e-06,0.15458635987799238,0.00019767309329401156,25,10,20
35,9800,0.8502398528614437,1.1243632017445115e-06,0.1495613761412082,0.00019764663414703358,25,10,20
35,9801,0.8334373111571081,1.1478765619261012e-06,0.16636389135388233,0.00019764961244840128,25,10,20
35,9802,0.83358850691694,1.1472961592975126e-06,0.16621270746357786,0.00019763832332357674,25,10,20
35,9803,0.8334074939511212,1.1474072439048607e-06,0.16639371732108926,0.00019764132054652408,25,10,20
35,9804,0.8392483243539377,1.1473830283940326e-06,0.16055279328823133,0.00019773497480437698,25,10,20
35,9805,0.8560451779936769,1.1238765629654975e-06,0.1437559652502245,0.00019773287953682182,25,10,20
35,9806,0.8537905639545055,1.1264430145209584e-06,0.14600995012128215,0.00019835948119893698,25,10,20
35,9807,0.8486219202616858,1.1285247505216074e-06,0.15111668121224958,0.0002602700013149472,25,10,20
35,9808,0.842507415496175,1.1328125081837937e-06,0.1572299713863066,0.0002614803050111729,25,10,20
35,9809,0.8414050208372125,9.871400253257664e-07,0.15833306882772985,0.0002609231950335349,25,10,20
35,9810,0.8411422935276966,9.873611552339256e-07,0.15859620598351432,0.00026051312763447295,25,10,20
35,9811,0.8409365127193,9.874510701904181e-07,0.158728064844992,0.0003344349846387517,25,10,20
35,9812,0.8415303413053731,1.0054191090144014e-06,0.15813262730049663,0.00033602597502225694,25,10,20
35,9813,0.818936247281163,7.919645629091616e-07,0.17326201214960268,0.007800948604672847,25,10,20
35,9814,0.8258940224403131,7.927810833655013e-07,0.1663661453772817,0.007739039401323423,25,10,20
35,9815,0.8258992440556011,7.927709669935948e-07,0.1663609246851178,0.007739038488315586,25,10,20
35,9816,0.7921946503434881,7.94179638524446e-07,0.2000545667605958,0.0077499887162787925,25,10,20
35,9817,0.7924972759237113,7.888471683933336e-07,0.19975197156886448,0.007749963660257166,25,10,20
35,9818,0.8009533344803533,7.776278396584043e-07,0.19129595163199675,0.007749936259811172,25,10,20
35,9819,0.8019480584198504,7.860985133061819e-07,0.19030123587184228,0.007749919609794984,25,10,20
35,9820,0.8056285946553521,7.838264362691378e-07,0.1866213173685365,0.007749304149676213,25,10,20
35,9821,0.8051193368386599,7.921582961895513e-07,0.18700544084997958,0.007874430153065342,25,10,20
35,9822,0.7992477006311599,7.891810522648806e-07,0.1928770919510885,0.007874418236700327,25,10,20
35,9823,0.8201099430202141,8.156859635697256e-07,0.17947501797729737,0.0004142233165258643,25,10,20
35,9824,0.7883163843051331,1.850331869979552e-06,0.21099141495068746,0.0006903504123107254,25,10,20
35,9825,0.8095027737794028,1.5911666704745387e-06,0.1898740987167058,0.0006215363372223398,25,10,20
35,9826,0.8081654335867282,1.593125419485385e-06,0.19121132001901003,0.0006216532688435175,25,10,20
35,9827,0.8151924109905757,1.135702720805629e-06,0.18412051442371616,0.0006859388829881644,25,10,20
35,9828,0.8048222679680809,1.1406752248374596e-06,0.19449005094094066,0.0006865404157540063,25,10,20
35,9829,0.7899639595843142,9.575176846888942e-05,0.2092534972279195,0.0006867914192973212,25,10,20
35,9830,0.812412082257238,9.574473115298189e-05,0.1869294233166032,0.0005627496950053158,25,10,20
35,9831,0.7999758801788036,9.575885140156729e-05,0.19936533932175698,0.0005630216480378892,25,10,20
35,9832,0.7995165551455438,9.575999701948497e-05,0.19982445796161688,0.0005632268958202465,25,10,20
35,9833,0.8331467552239176,9.575889255858957e-05,0.16620522275866606,0.0005522631248593623,25,10,20
35,9834,0.8328232226353828,9.575934350813073e-05,0.16652872634396623,0.0005522916771444511,25,10,20
35,9835,0.8351718456789299,9.47252399264276e-05,0.16445698657881175,0.00027644250233371424,25,10,20
35,9836,0.8533025202912369,9.4927488279924e-05,0.14632272473157915,0.00027982748890505003,25,10,20
35,9837,0.8540740080157415,9.490811371632289e-05,0.14555299980899786,0.0002780840615453813,25,10,20
35,9838,0.8446830290330694,9.491457981808629e-05,0.1549434080055103,0.00027864838160346876,25,10,20
35,9839,0.8462274187624756,9.490895883591699e-05,0.15100948966972236,0.002668182608967358,25,10,20
35,9840,0.8568106184177029,9.490047695123703e-05,0.142816102906393,0.0002783781989543245,25,10,20
35,9841,0.8504367165928788,9.490923398169265e-05,0.1491888448252956,0.0002795293478448167,25,10,20
35,9842,0.8404978337030172,9.513548191105687e-05,0.1554154266336528,0.003991604181419577,25,10,20
35,9843,0.8415300884382588,9.513432962132938e-05,0.15438338078725874,0.003991396444861742,25,10,20
35,9844,0.8431352271591359,9.509882653366236e-05,0.15278300158243527,0.003986672431895681,25,10,20
35,9845,0.8616004140554966,9.486931024984258e-05,0.13803085646921265,0.0002738601650415875,25,10,20
35,9846,0.8533476427306232,0.0004419110644051806,0.14590619904774887,0.0003042471572234454,25,10,20
35,9847,0.8518672884286573,0.0004419290509021144,0.14738647168956576,0.000304310830875413,25,10,20
35,9848,0.8830633280607064,0.0004419285446037541,0.11619043525985603,0.0003043081348340599,25,10,20
35,9849,0.8824921954697105,0.000441935115007653,0.1166666339919191,0.0003992354233631154,25,10,20
35,9850,0.8827215838282513,0.00044217762031380665,0.11650133726509422,0.00033490128634105284,25,10,20
35,9851,0.8630429062930743,0.0004497196561035116,0.13520860553765662,0.0012987685131657203,25,10,20
35,9852,0.8715341036931302,0.00044971686909573566,0.12671733446656083,0.0012988449712131626,25,10,20
35,9853,0.8735297625559225,0.0004498241512567001,0.12472192652439192,0.0012984867684287438,25,10,20
35,9854,0.8636507873095297,0.0004654445923773398,0.1345101399258204,0.0013736281722726504,25,10,20
35,9855,0.8717251286423773,0.00046546068546789914,0.12643567980142176,0.0013737308707330142,25,10,20
35,9856,0.8705912927709519,0.0004656999493958833,0.12756474748444732,0.0013782597952052497,25,10,20
35,9857,0.8688275101793402,0.0004657306414373898,0.12932037797050602,0.001386381208716754,25,10,20
35,9858,0.8697698572923029,0.00046572407620396614,0.1284730199031667,0.0012913987283268713,25,10,20
35,9859,0.875552691265717,0.00046553780787686493,0.12269404776896291,0.0012877231574435174,25,10,20
35,9860,0.8772427580389736,0.00046552035570689973,0.1210039969261827,0.0012877246791372613,25,10,20
35,9861,0.8758942527940253,0.0004655401325931563,0.12235259649121284,0.0012876105821690942,25,10,20
35,9862,0.8965610548127091,0.00045828132358942874,0.10278205310410224,0.00019861075959964417,25,10,20
35,9863,0.8961435553175423,0.0004585089649437073,0.10319826093379898,0.00019967478371513028,25,10,20
35,9864,0.8953923446112426,0.000458529624992544,0.10394354384220927,0.00020558192155554374,25,10,20
35,9865,0.8869850135156265,0.00011174355236168733,0.11269386009913773,0.00020938283287404006,25,10,20
35,9866,0.886538104034261,0.00011174283022257923,0.11314086846239109,0.00020928467312524766,25,10,20
35,9867,0.8863604139974015,0.00011174769437042898,0.11331849443930098,0.00020934386892697873,25,10,20
35,9868,0.8957269817988718,0.00011174093124792774,0.10395250679300494,0.00020877047687531216,25,10,20
35,9869,0.9118518783132248,0.0001115060551009444,0.08786202821657295,0.00017458741510139418,25,10,20
35,9870,0.9118295249514853,0.00011150641927531046,0.08788437610273153,0.00017459252650809697,25,10,20
35,9871,0.9123855125582578,0.00011150146996881608,0.08740372560492136,9.9260366852135e-05,25,10,20
35,9872,0.911052722736241,0.00011150218111078176,0.08872805584082454,0.00010771924182389883,25,10,20
35,9873,0.9117110673175571,0.00011151334707612247,0.08806961734837986,0.00010780198698714388,25,10,20
35,9874,0.9111724191910391,0.0001115184933024933,0.08860821145711398,0.00010785085854461639,25,10,20
35,9875,0.8756083406458527,0.000111519634668332,0.12418076151030323,9.937820917586417e-05,25,10,20
35,9876,0.8757065499397874,0.00011152982718872577,0.12408247230009134,9.944793293265315e-05,25,10,20
35,9877,0.852927593334393,0.0003871277372509815,0.1465895224852317,9.575644312479098e-05,25,10,20
35,9878,0.8592463315243929,0.000387119493473063,0.1402718136139029,9.473536823134203e-05,25,10,20
35,9879,0.8559919472759207,0.00038713123152599464,0.14351762012942934,0.00010330136312415659,25,10,20
35,9880,0.8553714335504826,0.0003871302438865567,0.1441382939393091,0.00010314226632199875,25,10,20
35,9881,0.8565201393957639,0.0003871302897735694,0.14298954441477543,0.00010318589968702445,25,10,20
35,9882,0.865365213667635,0.0004246254622255148,0.13410277055968703,0.00010739031045253667,25,10,20
35,9883,0.846861347359006,0.000330014547657885,0.15270159115893095,0.00010704693440494946,25,10,20
35,9884,0.847172837274147,0.00032972289318274783,0.15239039208486005,0.00010704774780988024,25,10,20
35,9885,0.8474441319930217,0.000329711811244411,0.15212494796911297,0.00010120822662070716,25,10,20
35,9886,0.8474659000799645,0.00032971145801601655,0.1521031848879839,0.0001012035740356882,25,10,20
35,9887,0.8496161366106755,0.00032970905421431725,0.14995371756653922,0.00010043676857115928,25,10,20
35,9888,0.8503338566851302,0.0003297090019215524,0.14923604607142255,0.00010038824152604504,25,10,20
35,9889,0.8646632766039669,0.00029220534714006265,0.13494832236394896,9.619568494441253e-05,25,10,20
35,9890,0.8635880426821388,0.0002922067503235144,0.13601831547599663,0.00010143509154136728,25,10,20
35,9891,0.8647503153314803,0.00029218694478268665,0.13485601290713473,0.00010148481660256293,25,10,20
35,9892,0.863992747811446,0.0002921872073974414,0.13561357963417808,0.00010148534697871493,25,10,20
35,9893,0.8671813915437524,0.0002924537409202382,0.13240167145369086,0.00012448326163635504,25,10,20
35,9894,0.8651747782990752,0.0002924583684742883,0.1344082238065559,0.0001245395258945379,25,10,20
35,9895,0.8708937501112867,0.00029223191839627234,0.12868949041769112,0.00012452755262612242,25,10,20
35,9896,0.8701333212390061,0.0002922328543897712,0.12944505046150565,0.00012939544509871123,25,10,20
35,9897,0.8701559708143072,0.00029222677143308275,0.12942237317211036,0.00012942924214981517,25,10,20
35,9898,0.864138102315905,0.0002925993763812091,0.13544158091139832,0.0001277173963156893,25,10,20
35,9899,0.8706381854165502,0.0002922257368219492,0.12894539606302113,0.00012419278360708064,25,10,20
35,9900,0.8726566977214191,0.0002922210963640749,0.12692694562847617,0.00012413555374103327,25,10,20
35,9901,0.8686630232861794,0.0002922320750284211,0.12783570986061663,0.0032090347781758076,25,10,20
35,9902,0.8692671388991823,0.0002922318915662783,0.12723159400150544,0.0032090352077460897,25,10,20
35,9903,0.8733031431303513,0.0002922210872675394,0.12628049837227256,0.00012413741010875123,25,10,20
35,9904,0.8732446877168754,0.00029222110004492477,0.126337493923239,0.0001255972598409166,25,10,20
35,9905,0.9068441427740614,0.000292220647695088,0.09273804338424974,0.00012559319399444636,25,10,20
35,9906,0.904620976495073,0.0002922682683678391,0.09494870564523937,0.0001380495913204894,25,10,20
35,9907,0.8992766222145842,1.632364555704012e-05,0.10051230917610754,0.0001947449637514519,25,10,20
35,9908,0.8994139598980366,1.632363214999149e-05,0.10037497238522454,0.0001947440845889164,25,10,20
35,9909,0.8991956164068634,1.6323296498405624e-05,0.10059342417154032,0.00019463612509800095,25,10,20
35,9910,0.8959482892109374,2.11451141872547e-05,0.10384361515709839,0.00018695051777712187,25,10,20
35,9911,0.8960815085440198,2.1145091591767162e-05,0.10371185785243046,0.00018548851195787934,25,10,20
35,9912,0.9059983446066516,5.524650667843061e-06,0.09388578522673278,0.00011034551594779531,25,10,20
35,9913,0.9086033958990744,5.259345649296832e-06,0.09130518149524694,8.616326002938416e-05,25,10,20
35,9914,0.9089865792586765,5.253724530204259e-06,0.09092203143579315,8.613558100019224e-05,25,10,20
35,9915,0.9095561668044531,5.253494712111679e-06,0.09035243340937323,8.614629146171762e-05,25,10,20
35,9916,0.9107537284827507,5.240372932166052e-06,0.08915508657298571,8.594457133137482e-05,25,10,20
35,9917,0.9111186764813582,5.2442776674330315e-06,0.0887900305637431,8.604867723109633e-05,25,10,20
35,9918,0.8902286372936414,6.433042570550758e-06,0.10967502990623366,8.989975755410662e-05,25,10,20
35,9919,0.8691782545881841,6.433825396520732e-06,0.12353931680768046,0.007275994778738781,25,10,20
35,9920,0.8904056170983284,5.230888333373336e-06,0.10231706723174218,0.007272084781595845,25,10,20
35,9921,0.8888602898120364,5.219762508654812e-06,0.10386193449366515,0.007272555931789564,25,10,20
35,9922,0.8888498110625348,5.220032279052435e-06,0.10387238615495901,0.007272582750227023,25,10,20
35,9923,0.8525615657151914,5.209856296505232e-06,0.14016049624058882,0.007272728187923104,25,10,20
35,9924,0.8472763124133248,1.2299740785914292e-05,0.1454048522697651,0.007306535576123973,25,10,20
35,9925,0.8472550705998043,1.230432410206787e-05,0.14542605725923605,0.007306567816857258,25,10,20
35,9926,0.8468116646666597,1.230456002088659e-05,0.14586399022618857,0.007312040547130606,25,10,20
35,9927,0.8317528341069458,1.2328850626428891e-05,0.1609226569223387,0.00731218012008891,25,10,20
35,9928,0.82116667474607,1.2344199686202228e-05,0.1715088086648842,0.00731217238935932,25,10,20
35,9929,0.8317945675270163,5.237814095664702e-06,0.16092172406949243,0.007278470589395558,25,10,20
35,9930,0.841831794508812,5.222651942460412e-06,0.150884485686083,0.00727849715316237,25,10,20
35,9931,0.8418067229457268,5.222655207413293e-06,0.15090955666134334,0.007278497737722326,25,10,20
35,9932,0.8326914989415503,5.222471413802833e-06,0.16002759157035967,0.0072756870166760575,25,10,20
35,9933,0.832477801355516,5.227205015120875e-06,0.16024126544292094,0.007275705996547909,25,10,20
35,9934,0.853497264808017,5.22664424236641e-06,0.1464078801682964,8.962837944428973e-05,25,10,20
35,9935,0.8518162407859158,5.228098809071293e-06,0.14807962699733285,9.890411794240907e-05,25,10,20
35,9936,0.8523809414792102,5.227841148124604e-06,0.14751497187437818,9.88588052636896e-05,25,10,20
35,9937,0.8527994121766632,5.211834260047529e-06,0.14709662069393384,9.875529514319733e-05,25,10,20
35,9938,0.8545472744246819,5.213496227778455e-06,0.1453490354197701,9.847665932049594e-05,25,10,20
35,9939,0.8531440974481201,5.209299488592863e-06,0.14675207892859188,9.861432379983594e-05,25,10,20
35,9940,0.8581262344570395,5.210357481874876e-06,0.14176458916153872,0.00010396602394081637,25,10,20
35,9941,0.8733087743555168,5.186057344234473e-06,0.12658221444078624,0.00010382514635342996,25,10,20
35,9942,0.9105290050744235,5.184289251411899e-06,0.08936197563984706,0.00010383499647878764,25,10,20
35,9943,0.9097775385467929,5.188459984649007e-06,0.09005622701783786,0.00016104597538518683,25,10,20
35,9944,0.9091407007542303,5.297940200991242e-06,0.09069142319991552,0.00016257810565373042,25,10,20
35,9945,0.9091448927527291,5.297749750062048e-06,0.09068724459431408,0.0001625649032073708,25,10,20
35,9946,0.9093776519426029,5.070014353222944e-06,0.09045573057919054,0.00016154746385389025,25,10,20
35,9947,0.9098594897709293,4.960864187666937e-06,0.08997549512634766,0.00016005423853594753,25,10,20
35,9948,0.8942150936473494,4.986299708663568e-06,0.1056198451388854,0.00016007491405738378,25,10,20
35,9949,0.8926974449403666,5.01748261355724e-06,0.10713731702656165,0.00016022055045921042,25,10,20
35,9950,0.8925162140344611,5.017214195989695e-06,0.10731857585333088,0.0001601928980127231,25,10,20
35,9951,0.8939463976601532,5.0164770330189144e-06,0.10589742731145237,0.00015115855136213307,25,10,20
35,9952,0.879865642266363,5.0107246506918095e-06,0.1199680346830694,0.00016131232591742926,25,10,20
35,9953,0.9043357965275876,5.463505639875453e-06,0.0955029737747607,0.0001557661920123792,25,10,20
35,9954,0.8991609322856219,5.467490965553207e-06,0.10062389566477638,0.00020970455863661807,25,10,20
35,9955,0.8988872000750792,5.467516972847221e-06,0.10089502070560144,0.0002123117023471883,25,10,20
35,9956,0.8979585739138254,5.472474540496069e-06,0.101823626029299,0.00021232758233575685,25,10,20
35,9957,0.8982860826981475,5.472030605020787e-06,0.10149614624802687,0.00021229902322113657,25,10,20
35,9958,0.8982885221933582,5.473608122538073e-06,0.10145687675588316,0.0002491274426365575,25,10,20
35,9959,0.8935536347382026,5.753130571383916e-06,0.10619569715813025,0.000244914973095844,25,10,20
35,9960,0.8947517367133098,5.753197589866411e-06,0.1049977875072464,0.00024472258185399256,25,10,20
35,9961,0.8936686305354158,5.767519780635959e-06,0.10608115468499107,0.0002444472598125075,25,10,20
35,9962,0.8819892320209826,5.765369930210213e-06,0.11771825422111554,0.0002867483879718439,25,10,20
35,9963,0.8789420564832713,5.9358138515466864e-06,0.12074974755952343,0.0003022601433538739,25,10,20
35,9964,0.8712132043113986,6.0577322793502646e-06,0.12680660946421077,0.0019741284921112974,25,10,20
35,9965,0.8716744336274382,6.057471248753613e-06,0.126345380372884,0.001974128528428982,25,10,20
35,9966,0.8710609853188057,6.0718367671252e-06,0.1269569838524739,0.001975958991952999,25,10,20
35,9967,0.8663378041172216,6.082966661610187e-06,0.13168215028602615,0.001973962630090482,25,10,20
35,9968,0.8665788972440868,6.048037205750196e-06,0.13143643877198705,0.0019786159467201723,25,10,20
35,9969,0.8963310922263596,6.028038228835037e-06,0.10169447625701103,0.001968403478400402,25,10,20
35,9970,0.8926853032179163,6.03372454369008e-06,0.10534414757364942,0.0019645154838907166,25,10,20
35,9971,0.8923189709105988,6.034389022605244e-06,0.10571038625764913,0.0019646084427295198,25,10,20
35,9972,0.8955091904758815,5.580537409151787e-06,0.10252064001782926,0.001964588968880096,25,10,20
35,9973,0.8959208140119361,5.5759223969155035e-06,0.10214588671274058,0.0019277233529264768,25,10,20
35,9974,0.89611776665124,5.5759128375040246e-06,0.10194893392308363,0.0019277235128391374,25,10,20
35,9975,0.9088432527556798,5.573150333254158e-06,0.0892657550171123,0.0018854190768745152,25,10,20
35,9976,0.9085021823553359,5.573146390257197e-06,0.0896067776394839,0.0018854668587897745,25,10,20
35,9977,0.9039363151197236,6.059641776162958e-06,0.09417133032884681,0.001886294909653166,25,10,20
35,9978,0.9119462269490781,5.937520008848213e-06,0.08783601820080193,0.00021181733011071025,25,10,20
35,9979,0.9264598666898238,5.925669691073497e-06,0.07332244774940982,0.00021175989107508227,25,10,20
35,9980,0.9291381729995285,5.7556168387028975e-06,0.07065984511674235,0.00019622626689022908,25,10,20
35,9981,0.9295633518683337,5.755807748979309e-06,0.07023471170567772,0.00019618061823957502,25,10,20
35,9982,0.9331943043736861,5.851565039131113e-06,0.06657811173931708,0.00022173232195763556,25,10,20
35,9983,0.9339278945223721,5.84740261384148e-06,0.06590166101097049,0.00016459706404349815,25,10,20
35,9984,0.9341277773838216,5.844935802931567e-06,0.06570179229912912,0.0001645853812461933,25,10,20
35,9985,0.9584395340715598,6.040115872471508e-06,0.04144591285918931,0.00010851295337808874,25,10,20
35,9986,0.9606949493932794,6.0501689603456845e-06,0.03919891511699446,0.00010008532076572521,25,10,20
35,9987,0.9249688109665212,7.378667029092561e-06,0.07491753889384167,0.0001062714726077457,25,10,20
35,9988,0.9194328885643006,7.835168969439815e-06,0.08045477929952591,0.00010449696720415251,25,10,20
35,9989,0.9187821698010856,7.844448594131834e-06,0.08110544549470587,0.00010454025561440742,25,10,20
35,9990,0.9189173855744199,7.843428815340825e-06,0.08097053008336424,0.00010424091340048499,25,10,20
35,9991,0.9193544410189898,7.747670694045798e-06,0.08055912245797467,7.868885234130739e-05,25,10,20
35,9992,0.9193084706808843,7.74739970489688e-06,0.0806050701316056,7.87117878052355e-05,25,10,20
35,9993,0.9190363274522099,7.747632106876579e-06,0.08087651760359944,7.940731208375552e-05,25,10,20
35,9994,0.9187116540180615,7.755616373159734e-06,0.08120117128919346,7.941907637191962e-05,25,10,20
35,9995,0.9179153647119824,7.751709106269542e-06,0.08205017001890605,2.6713560005192744e-05,25,10,20
35,9996,0.9181890368144283,7.733384075317139e-06,0.08177650645072583,2.6723350770114152e-05,25,10,20
35,9997,0.9220632372029088,2.900175311021155e-06,0.07790750578262133,2.6356839158724028e-05,25,10,20
35,9998,0.9204101704699796,2.932188837112688e-06,0.07846460832614716,0.0011222890150359404,25,10,20
35,9999,0.9254974341720239,2.9254084251339027e-06,0.0733783082534544,0.001121332166096185,25,10,20
35,10000,0.8856735495427283,2.9253409667912507e-06,0.07351448300784222,0.04080904210846256,25,10,20
