run,generation,degenerate,holistic,other,compositional,popsize,turnover_rounds,group_rounds
41,0,0.9987713554999793,1.4267839920713722e-08,0.0012266915175253483,1.938714656782331e-06,25,10,10
41,1,0.9670634998824181,1.0602178522364227e-05,0.03276702570359615,0.0001588722354612325,25,10,10
41,2,0.9073861716155193,1.503573237150865e-06,0.06508314030490213,0.027529184506340055,25,10,10
41,3,0.8713150136603522,1.3242115484152644e-05,0.10107504679400606,0.027596697430155977,25,10,10
41,4,0.830878840432473,0.0025603150305230425,0.12592102528965418,0.04063981924734986,25,10,10
41,5,0.8861015791563716,1.4790639502202921e-05,0.10857933709994778,0.005304293104177172,25,10,10
41,6,0.9138306277273567,9.132935631764889e-07,0.08078797574310112,0.005380483235978438,25,10,10
41,7,0.8890786867182868,1.7277810648415816e-06,0.10473353499065623,0.006186050509992288,25,10,10
41,8,0.8603587371473221,2.959292096839994e-06,0.11894336112207206,0.02069494243850913,25,10,10
41,9,0.8498102354673073,1.2987035898607928e-05,0.12929610273740447,0.020880674759390355,25,10,10
41,10,0.8722269651393745,0.0005568320287128637,0.12714491803385736,7.128479805530881e-05,25,10,10
41,11,0.8835172130201004,7.224888035934131e-05,0.11626149939295441,0.00014903870658630722,25,10,10
41,12,0.8621401756641699,4.16152921630676e-06,0.1377078298800909,0.00014783292652432648,25,10,10
41,13,0.9073275775668068,7.391225932151328e-07,0.07677183067735366,0.015899852633246427,25,10,10
41,14,0.9542853959959784,5.958015834610114e-07,0.018797376026394596,0.026916632176043672,25,10,10
41,15,0.9051920763786887,9.959811378503851e-06,0.05472208787412503,0.0400758759358075,25,10,10
41,16,0.8954208240019167,2.7815786065265333e-05,0.10433907250065401,0.0002122877113641661,25,10,10
41,17,0.9326676406321751,1.2249129753447244e-05,0.0672218968216411,9.821341643065488e-05,25,10,10
41,18,0.9378581535933118,2.7050746584490964e-06,0.06196402140262327,0.00017511992940689156,25,10,10
41,19,0.8865871536144414,4.9537960084055304e-05,0.11329960845184253,6.369997363136913e-05,25,10,10
41,20,0.8363969714893669,6.235109102950324e-07,0.16164539989914833,0.0019570051005749186,25,10,10
41,21,0.8903547632004013,5.687786998313881e-07,0.10952356894541113,0.00012109907548729904,25,10,10
41,22,0.8654694527307637,3.133191714955104e-05,0.1343511384056381,0.00014807694644887605,25,10,10
41,23,0.9192090718034962,2.1429122984614623e-05,0.08071874685525561,5.0752218264071365e-05,25,10,10
41,24,0.8695806449029669,1.2318855393303674e-06,0.09717499962046686,0.033243123591026554,25,10,10
41,25,0.824250016135899,1.7152172333922734e-05,0.1730018480780241,0.0027309836137433736,25,10,10
41,26,0.8468057578725091,3.7647912025684715e-07,0.14282755447006534,0.010366311178306258,25,10,10
41,27,0.8805209776742114,1.9065108060008573e-06,0.07986025100486137,0.039616864810120965,25,10,10
41,28,0.8305598994790064,2.22571657319632e-06,0.12945588947315528,0.03998198533126584,25,10,10
41,29,0.8308804315899715,6.854003468879686e-07,0.129392233485626,0.03972664952405562,25,10,10
41,30,0.8487146913632551,5.820324128176991e-07,0.11156341025088366,0.039721316353448236,25,10,10
41,31,0.8340410943578834,7.452886785180955e-06,0.12591124812148866,0.040040204633842634,25,10,10
41,32,0.8385287386025942,7.396231965427883e-07,0.12114179520753535,0.0403287265666728,25,10,10
41,33,0.8133328235305014,6.160202934956601e-06,0.12923625845866046,0.057424757807903785,25,10,10
41,34,0.8007922378106368,1.796992836679127e-06,0.12244063975949654,0.07676532543703014,25,10,10
41,35,0.820348736714445,8.400397136121625e-07,0.1029098504181001,0.07674057282774167,25,10,10
41,36,0.8348201480262201,5.464430460586258e-07,0.0857635638902464,0.07941574164048756,25,10,10
41,37,0.824209555291527,2.1500120779729108e-06,0.09752247958338778,0.07826581511300786,25,10,10
41,38,0.7813849416357356,1.3113013878218895e-06,0.13715677852874492,0.0814569685341318,25,10,10
41,39,0.7863614055792166,1.3777436534770693e-05,0.1469995566763963,0.0666252603078523,25,10,10
41,40,0.8001008556831782,2.4010853860751944e-06,0.12685988588623975,0.07303685734519606,25,10,10
41,41,0.8278423355899496,6.035930058342751e-07,0.10075682296560026,0.07140023785144402,25,10,10
41,42,0.8381968060465894,1.5412109656610413e-06,0.0908434254896839,0.07095822725276166,25,10,10
41,43,0.8068999663803956,9.802475357755829e-07,0.08615948013391449,0.10693957323815446,25,10,10
41,44,0.8605547143328287,3.192402173857378e-07,0.038614085252959694,0.1008308811739948,25,10,10
41,45,0.8276427312801354,2.933082819547284e-07,0.07154660765432003,0.10081036775726286,25,10,10
41,46,0.8191620989460892,6.352222012525854e-07,0.06858750523225737,0.11224976059945187,25,10,10
41,47,0.795483675374095,5.4353330329601786e-05,0.1258917550329496,0.07857021626262513,25,10,10
41,48,0.866978253603242,1.622963095685975e-05,0.05672402238406781,0.0762814943817332,25,10,10
41,49,0.83118953153754,0.0003445342246330699,0.10115010243353578,0.06731583180429047,25,10,10
41,50,0.815196183632836,0.000328470503072207,0.1323916431582941,0.05208370270579771,25,10,10
41,51,0.8302100710079279,0.0011182106363616649,0.13192178581772085,0.03674993253799085,25,10,10
41,52,0.8792828463558057,6.191648038889993e-06,0.0810302981656996,0.039680663830456375,25,10,10
41,53,0.8670922023168505,0.00016490176224179113,0.09284473596661008,0.039898159954297824,25,10,10
41,54,0.8777072049811769,1.4990903336930444e-06,0.08271463420582989,0.03957666172265994,25,10,10
41,55,0.8368633403235097,2.391595805124912e-05,0.12342756803106368,0.03968517568737476,25,10,10
41,56,0.8403334313304227,2.9872575691824264e-05,0.11966667586304673,0.03997002023083831,25,10,10
41,57,0.8338183673179316,7.490995030710843e-06,0.1260840353834625,0.04009010630357425,25,10,10
41,58,0.799196911764188,6.6842729559334065e-06,0.1609969659913855,0.03979943797147066,25,10,10
41,59,0.8249278691874055,7.778736432388977e-06,0.13520986557848358,0.039854486497678136,25,10,10
41,60,0.8835629232628988,7.961515898105735e-06,0.08764285383045838,0.028786261390745364,25,10,10
41,61,0.910343317287715,7.209800292145734e-06,0.04985562558126768,0.03979384733072498,25,10,10
41,62,0.8864356192123577,2.7923141071348653e-07,0.07385410168984294,0.03970999986638826,25,10,10
41,63,0.8330428057879316,7.132189521108236e-06,0.12717400341094487,0.03977605861160181,25,10,10
41,64,0.8717152482967045,5.68548306754265e-06,0.08877510071268048,0.039503965507547395,25,10,10
41,65,0.8761374105109283,1.2019329502789521e-05,0.08434419798034376,0.03950637217922504,25,10,10
41,66,0.8521735190284536,2.9051235712892588e-06,0.10778407080278701,0.04003950504518765,25,10,10
41,67,0.8764569926806597,6.982731276636675e-06,0.09544731354827202,0.028088711039791655,25,10,10
41,68,0.8350941839292824,7.092656949582923e-06,0.1268182442630658,0.038080479150702444,25,10,10
41,69,0.9031205392058976,6.76491211466614e-08,0.06390300533076916,0.032976387814211854,25,10,10
41,70,0.8507155012608208,1.680729956091146e-05,0.11628605146836135,0.03298163997125689,25,10,10
41,71,0.8677834893077935,9.048569190542932e-07,0.1287812853033868,0.003434320531900825,25,10,10
41,72,0.9072007061492777,1.0270571326340145e-05,0.09267897869898657,0.00011004458041014653,25,10,10
41,73,0.9087711669750205,0.00043412565583191286,0.09056896640118685,0.0002257409679610236,25,10,10
41,74,0.9603051162283038,1.2073527343660221e-05,0.03954004002815045,0.00014277021620180046,25,10,10
41,75,0.9620434836311332,1.0037406638903326e-05,0.03786972596794631,7.675299428210474e-05,25,10,10
41,76,0.9004895121563784,1.1978335966458016e-05,0.09907223089035722,0.0004262786172983396,25,10,10
41,77,0.8997215833403689,1.0025341222438712e-06,0.09982571568491688,0.0004516984405915493,25,10,10
41,78,0.8415401705226669,0.0007888913644158867,0.15763448650281517,3.645161010222319e-05,25,10,10
41,79,0.8562394056462554,7.282066888930335e-05,0.1435530828727227,0.00013469081213278303,25,10,10
41,80,0.8484059425662401,5.49859524795779e-05,0.1514228061657369,0.00011626531554286506,25,10,10
41,81,0.863496905696506,9.386787614605064e-06,0.13007087146168325,0.00642283605419736,25,10,10
41,82,0.8505870999132695,2.8271902113657666e-06,0.142959443138625,0.006450629757893437,25,10,10
41,83,0.9051578908274959,2.1364946983235867e-06,0.08320661637782469,0.011633356299980892,25,10,10
41,84,0.8040451882129791,4.580302151419802e-05,0.1805932048898093,0.015315803875696414,25,10,10
41,85,0.8711627093869824,0.00022453804294619183,0.12418632488701005,0.004426427683061432,25,10,10
41,86,0.911976397456457,0.0001809346923220774,0.08772418491644662,0.00011848293477470498,25,10,10
41,87,0.8758192058102052,6.1804178805785e-07,0.12276314102766023,0.0014170351203470924,25,10,10
41,88,0.8498711675436283,0.00023444999207241152,0.1498791051164286,1.527734787078327e-05,25,10,10
41,89,0.7914894079650591,0.0002388270795496855,0.20211054536830664,0.006161219587084983,25,10,10
41,90,0.8461219096580842,0.0003052205606396709,0.15339420199400686,0.0001786677872697352,25,10,10
41,91,0.855520678173084,0.00024287409436168399,0.14407056771790752,0.00016588001464715274,25,10,10
41,92,0.8457683781041426,7.589304785427791e-06,0.1539287252630395,0.00029530732803274265,25,10,10
41,93,0.8982259501042397,1.3808188228091104e-05,0.10171764693162155,4.259477591119336e-05,25,10,10
41,94,0.8923072717428461,1.1072165406535344e-06,0.104102743924665,0.0035888771159479343,25,10,10
41,95,0.8612996658411974,7.322426006085222e-06,0.13868234008866426,1.0671644132570782e-05,25,10,10
41,96,0.9285185573559377,0.00026519963150735436,0.06995572987485427,0.0012605131377004548,25,10,10
41,97,0.8779716933339177,0.0002791337610333735,0.1198901555593806,0.0018590173456693845,25,10,10
41,98,0.7399320935218248,0.0002654547609599504,0.22540996277646427,0.034392488940750025,25,10,10
41,99,0.7356759305783023,6.848049140309554e-06,0.2246864358183297,0.03963078555422769,25,10,10
41,100,0.7545523590521144,2.5588974621918137e-06,0.2191334326650767,0.02631164938534665,25,10,10
41,101,0.8026053279853751,1.6960441601264197e-06,0.15223223897811475,0.045160736992350195,25,10,10
41,102,0.7596046342385273,2.1147852714159702e-05,0.18218115507808952,0.05819306283066901,25,10,10
41,103,0.8071764845344224,1.895942275943488e-05,0.12318706028220182,0.06961749576061624,25,10,10
41,104,0.8238620843601003,2.2636390911935188e-07,0.10932542648051631,0.06681226279547307,25,10,10
41,105,0.8644553734542535,5.510033452373917e-07,0.06691438519003491,0.06862969035236638,25,10,10
41,106,0.824370808008523,3.641811927079191e-06,0.10802664809906082,0.06759890208048894,25,10,10
41,107,0.7566437375383415,5.844075885641399e-06,0.18438494871432684,0.058965469671447536,25,10,10
41,108,0.7640152519213984,3.373105491349167e-05,0.18521420908924527,0.050736807934444565,25,10,10
41,109,0.7847257829289798,1.323783609857588e-05,0.16482598121515807,0.05043499801976384,25,10,10
41,110,0.8570013513664171,9.26076674873366e-06,0.09250745839302174,0.05048192947381244,25,10,10
41,111,0.8459223712532687,8.189329658856088e-06,0.11860443897906459,0.03546500043800777,25,10,10
41,112,0.8007972412913328,6.900279845720066e-06,0.17453026677377814,0.02466559165504462,25,10,10
41,113,0.790565582452011,1.1213453354291596e-05,0.18117141119602095,0.028251792898614417,25,10,10
41,114,0.7838947108812648,2.27289429491562e-05,0.2099180729619089,0.006164487213877352,25,10,10
41,115,0.859365808745087,9.727477941073475e-05,0.13337583147119028,0.0071610850043115175,25,10,10
41,116,0.866983894367588,6.303263844393775e-05,0.13294415713039337,8.915863574667473e-06,25,10,10
41,117,0.8633836019040899,6.328283635193094e-05,0.1365386711455925,1.4444113965876457e-05,25,10,10
41,118,0.8854972265095071,2.0365227915198794e-05,0.07455892935243458,0.03992347891014337,25,10,10
41,119,0.8703183213182966,7.342939114509567e-06,0.08967249388627435,0.04000184185631448,25,10,10
41,120,0.8582615611386996,3.2724921143253634e-05,0.06260463935373589,0.0791010745864213,25,10,10
41,121,0.8604815906827585,3.6206205146383717e-06,0.06019208014832582,0.07932270854840107,25,10,10
41,122,0.8509048443658922,9.276224066080778e-07,0.06915265386444099,0.07994157414726018,25,10,10
41,123,0.8407895223579454,8.083618886903162e-07,0.09188376313138352,0.06732590614878331,25,10,10
41,124,0.8481148232274986,4.46836636574595e-06,0.08483469900307754,0.06704600940305877,25,10,10
41,125,0.8598988863193121,1.0922414517037604e-05,0.06387669631369981,0.07621349495247164,25,10,10
41,126,0.8929363382124821,1.1647623481604563e-05,0.06746950713210655,0.03958250703193023,25,10,10
41,127,0.8958152579010092,4.583371236855036e-06,0.1015629015342064,0.002617257193547935,25,10,10
41,128,0.9159226685953946,6.27953702548655e-06,0.08403222398494259,3.882788263797512e-05,25,10,10
41,129,0.851167125425884,4.134540597380928e-06,0.14606849001783875,0.00276025001568007,25,10,10
41,130,0.9401506064661115,6.220591798437178e-07,0.05950039895840571,0.0003483725163028898,25,10,10
41,131,0.937923726623986,1.7297034917683328e-06,0.06172009602846818,0.0003544476440536383,25,10,10
41,132,0.8730107524712447,1.2384394547895333e-05,0.1243572322455801,0.0026196308886272225,25,10,10
41,133,0.8541117127084434,2.9283846051862894e-06,0.14577288358279605,0.00011247532415515433,25,10,10
41,134,0.8680246467570414,1.7641258695504864e-06,0.13194855256260485,2.503655448439898e-05,25,10,10
41,135,0.8260137258178949,1.0607314618365797e-06,0.1737987822564334,0.00018643119420852286,25,10,10
41,136,0.7894622269043946,1.0685059376795077e-06,0.21045518350406403,8.152108560203023e-05,25,10,10
41,137,0.8393460009317231,7.138275551940963e-07,0.1579168849583131,0.00273640028240902,25,10,10
41,138,0.8833387311313232,9.130721459982815e-06,0.11539275191756852,0.0012593862296486264,25,10,10
41,139,0.8949109284075654,1.3758373006675543e-05,0.10483690131815436,0.00023841190127313648,25,10,10
41,140,0.7905176635616138,0.01569960633015601,0.19353570187596505,0.00024702823226560794,25,10,10
41,141,0.7983095396816579,2.6477404507567644e-05,0.201402539625618,0.0002614432882161562,25,10,10
41,142,0.805042883685103,2.010601474220568e-05,0.1945160653660831,0.00042094493407196504,25,10,10
41,143,0.886897928920274,1.5286898010134037e-05,0.11288600166083723,0.00020078252087868588,25,10,10
41,144,0.9062614070764002,3.9478042342322184e-05,0.09368106114807767,1.8053733179206164e-05,25,10,10
41,145,0.8406891402817781,1.1318407238714038e-05,0.1418719865722734,0.017427554738709508,25,10,10
41,146,0.8036961132463764,8.254932049687246e-06,0.1787913370915964,0.017504294729977866,25,10,10
41,147,0.7997553754147588,7.763324879550318e-06,0.15576806136151888,0.04446879989884293,25,10,10
41,148,0.7974466920750085,2.9510753284140054e-06,0.12637935961581953,0.07617099723384343,25,10,10
41,149,0.7597602012336688,1.888720746311478e-05,0.1628876707543817,0.07733324080448678,25,10,10
41,150,0.7160543744665724,3.100094432236587e-05,0.19498995350083576,0.08892467108826932,25,10,10
41,151,0.8295046254462158,3.4504899806148245e-05,0.09343557497558078,0.07702529467839726,25,10,10
41,152,0.8458205939991346,4.1340244880261326e-05,0.11210290250834255,0.042035163247641935,25,10,10
41,153,0.9132775418651842,8.378058989171062e-07,0.0827797167667131,0.003941903562203749,25,10,10
41,154,0.9567143636899335,3.3521818135527365e-07,0.04313982273176694,0.00014547836011861436,25,10,10
41,155,0.9106711380431904,7.994740278607771e-07,0.0892048560368592,0.00012320644592170153,25,10,10
41,156,0.9583116706205194,1.4960267742609654e-06,0.04158968712061133,9.71462320944862e-05,25,10,10
41,157,0.9191354600391789,2.6193301951212536e-06,0.08068761311318533,0.00017430751744044968,25,10,10
41,158,0.8458886562405903,7.22231389520595e-06,0.152791310762446,0.0013128106830687027,25,10,10
41,159,0.8109860471684333,0.00027425928523731804,0.18853889914980018,0.00020079439653050536,25,10,10
41,160,0.8516107294251007,0.00027538720356955497,0.14612718940491445,0.0019866939664163323,25,10,10
41,161,0.9215283235463381,3.4807486951394827e-06,0.07844961255588612,1.8583149080873827e-05,25,10,10
41,162,0.9549425598562545,2.4745113589069018e-06,0.04503266143420978,2.230419817652507e-05,25,10,10
41,163,0.9093588926659649,0.004761531773430143,0.08573585347829217,0.00014372208231299007,25,10,10
41,164,0.9594964165122856,1.2792883673768316e-07,0.04035386435818628,0.00014959120069149372,25,10,10
41,165,0.9199846312272746,9.642838615783977e-06,0.07744700154164656,0.002558724392462722,25,10,10
41,166,0.9262130762228334,9.52125123276134e-06,0.07111287374846048,0.002664528777472805,25,10,10
41,167,0.89309497020503,5.129451256941183e-06,0.10545318862123682,0.0014467117224760606,25,10,10
41,168,0.9167570359820781,1.0785300662660893e-05,0.08197776695679926,0.0012544117604599806,25,10,10
41,169,0.877704379946951,6.153976028312417e-06,0.12222027205650471,6.91940205159879e-05,25,10,10
41,170,0.9416345048735077,6.4928388136414995e-06,0.05820358018644279,0.0001554221012357805,25,10,10
41,171,0.9306693115044443,3.861148901043129e-07,0.06932473409137488,5.5682892906350016e-06,25,10,10
41,172,0.8963929187808745,7.117184298972352e-06,0.0979146061552835,0.005685357879543241,25,10,10
41,173,0.8818734263314567,7.043423242259485e-06,0.11807740956946076,4.212067584069384e-05,25,10,10
41,174,0.9301959576393491,2.9957072872877817e-07,0.06968557257041942,0.00011817021950248845,25,10,10
41,175,0.861792807017253,1.1755791043431203e-05,0.13735579063646497,0.0008396465552383801,25,10,10
41,176,0.9187457089620483,4.951720660411508e-07,0.07655021120581912,0.004703584660066466,25,10,10
41,177,0.8779609332998005,9.803156564099461e-06,0.11923723364566613,0.002792029897969359,25,10,10
41,178,0.889632926810809,1.209346974104111e-06,0.10600079518013306,0.004365068662084238,25,10,10
41,179,0.9459357128672842,5.929440923164504e-06,0.05092732602013553,0.0031310316716572,25,10,10
41,180,0.9480071149404032,2.868516811832925e-05,0.05047493978156595,0.0014892601099125145,25,10,10
41,181,0.9278207242371869,1.7691552317324997e-05,0.0705982745683461,0.0015633096421495338,25,10,10
41,182,0.9712228041978045,8.894832663936473e-07,0.02877171324946272,4.593069466399673e-06,25,10,10
41,183,0.8776675051422268,2.3488619519650164e-06,0.11985724139757947,0.002472904598241751,25,10,10
41,184,0.8993128126061971,1.47262443480423e-06,0.09960064875691739,0.0010850660124509261,25,10,10
41,185,0.8738248729051448,1.842709593007723e-06,0.08676618439614138,0.039407099989120675,25,10,10
41,186,0.9182780179066801,7.843298487950815e-07,0.04239097608396039,0.03933022167951026,25,10,10
41,187,0.8392916578922892,1.419429812170807e-06,0.1597717473580896,0.000935175319808093,25,10,10
41,188,0.8072443322784353,2.2949165365715652e-06,0.19170002804488712,0.0010533447601406354,25,10,10
41,189,0.9194383378886188,2.0346888301217497e-05,0.08051912289803154,2.2192325048481445e-05,25,10,10
41,190,0.8829085292751846,2.3086581333179254e-06,0.11691438302231648,0.00017477904436531932,25,10,10
41,191,0.8776482463748239,2.4626719699438522e-06,0.11971375541420316,0.0026355355390032253,25,10,10
41,192,0.9139474823341448,3.1682117555360594e-07,0.08596990675880599,8.229408587389454e-05,25,10,10
41,193,0.8986007120587253,1.614354515382908e-05,0.09964015106583574,0.001742993330284664,25,10,10
41,194,0.9248772213528526,9.43467167740955e-07,0.0733556723934096,0.0017661627865692244,25,10,10
41,195,0.9273958576206018,1.1381004785619765e-05,0.07252802903279701,6.473234181536188e-05,25,10,10
41,196,0.8917702362821893,1.1707139601766136e-05,0.10814617002981278,7.188654839647895e-05,25,10,10
41,197,0.8563836186851951,7.276221471930387e-06,0.14136220109778821,0.0022469039955446924,25,10,10
41,198,0.890265206628507,1.6081044601079385e-06,0.10479579953751728,0.004937385729516566,25,10,10
41,199,0.8710738545412522,1.743814883466824e-05,0.1240528027863227,0.00485590452358987,25,10,10
41,200,0.9345638489764392,1.0182756501868267e-06,0.06524480459060862,0.00019032815730193265,25,10,10
41,201,0.8419992803484352,5.713189189288194e-05,0.1574988030496927,0.00044478470997881824,25,10,10
41,202,0.9048396608593886,1.4742705507514614e-05,0.09119815473319383,0.003947441701910544,25,10,10
41,203,0.8662459345143525,2.0902964798795016e-06,0.11754236758450104,0.01620960760466665,25,10,10
41,204,0.8196568074464889,1.2848103959015844e-05,0.15297837294791253,0.027351971501639784,25,10,10
41,205,0.8088242623446814,0.0006371086539863305,0.16139221212915975,0.029146416872172475,25,10,10
41,206,0.74973216737794,1.4740819560856212e-05,0.22371691264183308,0.026536179160664322,25,10,10
41,207,0.7779001206336682,6.103820844146381e-06,0.18705341797462827,0.03504035757086008,25,10,10
41,208,0.7578656219797497,8.256740125193278e-06,0.20529214059472062,0.03683398068540551,25,10,10
41,209,0.8074578224751547,3.44282200908848e-05,0.18920893008302594,0.003298819221729277,25,10,10
41,210,0.819981914667486,2.920459168962531e-05,0.17418296817397053,0.005805912566854283,25,10,10
41,211,0.8987451860759482,1.8235041743475136e-05,0.09578413584810129,0.005452443034206789,25,10,10
41,212,0.8792836952462122,5.054998197561601e-06,0.11773768480220986,0.00297356495338022,25,10,10
41,213,0.8803252379530149,2.138518273881683e-06,0.11910314419619918,0.0005694793325117724,25,10,10
41,214,0.852422633935546,1.622656876268669e-05,0.14729016833462302,0.00027097116106811144,25,10,10
41,215,0.8104129478750046,1.107324330735236e-06,0.18951711701612353,6.882778454201742e-05,25,10,10
41,216,0.8163991131021093,1.589532893779743e-05,0.18250063264797783,0.001084358920974538,25,10,10
41,217,0.8057056049889261,2.622715519528506e-05,0.1934511152346074,0.0008170526212719536,25,10,10
41,218,0.890769106896157,3.8334442692312315e-06,0.1092138916719899,1.3167987584180144e-05,25,10,10
41,219,0.9150039239361206,7.359622066798772e-06,0.0849733166936681,1.5399748144139423e-05,25,10,10
41,220,0.8906716590324032,1.3809910324324748e-05,0.10664957087834498,0.0026649601789271483,25,10,10
41,221,0.8914524795664291,3.1144847832498416e-06,0.10589612484327639,0.0026482811055106676,25,10,10
41,222,0.9154247227488722,2.9859193773620816e-06,0.08440452794878864,0.00016776338296233058,25,10,10
41,223,0.9648429562932732,1.0032229959611986e-05,0.031091177184732584,0.004055834292034705,25,10,10
41,224,0.9101540082886767,6.7641137559385415e-06,0.08449864295798831,0.005340584639579079,25,10,10
41,225,0.9046493000409853,8.391869369206007e-07,0.061178330903659484,0.03417152986841834,25,10,10
41,226,0.8133254313513736,0.009038936505336917,0.14724113316549378,0.03039449897779437,25,10,10
41,227,0.9008378422384893,0.009222338180834736,0.05959825757509511,0.030341562005580833,25,10,10
41,228,0.843549827706028,0.008987357873168204,0.10769979722701623,0.03976301719378728,25,10,10
41,229,0.754255429767611,0.012453396779833682,0.1701966766597543,0.0630944967928015,25,10,10
41,230,0.7345414405164058,0.012453020408369559,0.17788336082648493,0.07512217824874057,25,10,10
41,231,0.8438785518607026,0.0016082977501869558,0.09233358009433872,0.06217957029477214,25,10,10
41,232,0.846341251189655,2.1860099249061714e-06,0.08796288335533049,0.06569367944508998,25,10,10
41,233,0.8618770577501524,8.681910424704756e-07,0.09184794342346331,0.04627413063534161,25,10,10
41,234,0.8310303745334789,6.376114903290525e-06,0.12215564101653582,0.04680760833508215,25,10,10
41,235,0.7433315085753592,9.112929681182443e-07,0.21089859063626604,0.04576898949540587,25,10,10
41,236,0.7507200620474673,1.2117008460143859e-06,0.20013969789087915,0.04913902836080888,25,10,10
41,237,0.8016284841400703,9.538643089766555e-07,0.15254961070416306,0.04582095129145787,25,10,10
41,238,0.8189744638191907,0.00018954137819533908,0.18060526003464036,0.00023073476797327925,25,10,10
41,239,0.7162371475382884,0.0002026220238963284,0.28345182926423645,0.00010840117357858539,25,10,10
41,240,0.8164059472563511,9.666009918885437e-06,0.1831206263672424,0.00046376036648754714,25,10,10
41,241,0.8411233092675313,9.853602617276558e-06,0.15841334845956323,0.0004534886702881206,25,10,10
41,242,0.8696344330203613,2.252699128058191e-06,0.1302139851174347,0.00014932916307551058,25,10,10
41,243,0.9203176437640279,1.1211872427644103e-05,0.07952350738085402,0.00014763698269071646,25,10,10
41,244,0.8587642327229029,1.951659491832858e-06,0.1410832169729076,0.00015059864469911752,25,10,10
41,245,0.8604018207756419,2.0525759717928884e-05,0.13921618794895965,0.0003614655156807254,25,10,10
41,246,0.8604125204986751,1.4859482511223173e-06,0.13930501249368357,0.0002809810593909333,25,10,10
41,247,0.9135469332298797,3.0293739839008273e-07,0.08636915584489602,8.360798782585206e-05,25,10,10
41,248,0.8752636352554295,2.461475009303883e-07,0.08544237049346226,0.03929374810360836,25,10,10
41,249,0.8588410604058678,0.00013155162547121135,0.13887510569702774,0.002152282271633779,25,10,10
41,250,0.8835177155569202,7.86031417588476e-07,0.11281899190478843,0.0036625065068741176,25,10,10
41,251,0.8859344298819494,1.6939155623188002e-06,0.11038665401176402,0.00367722219072526,25,10,10
41,252,0.9425625802612211,2.158808304087679e-06,0.05476419304063488,0.002671067889840417,25,10,10
41,253,0.9464215483780752,4.0114692455519794e-07,0.05143019268938843,0.0021478577856115584,25,10,10
41,254,0.9410965563088348,3.506452256899408e-07,0.05880605849242487,9.703455351428189e-05,25,10,10
41,255,0.9407556435775164,1.311013017409188e-07,0.058944516207721204,0.00029970911346051355,25,10,10
41,256,0.9639564890706156,7.4818015484710445e-06,0.03591406716050577,0.00012196196732990738,25,10,10
41,257,0.8393067982751014,1.2152418438421058e-06,0.1606457132782453,4.627320480875511e-05,25,10,10
41,258,0.9599335541004252,2.97901556760217e-07,0.040019040051300664,4.71079467170904e-05,25,10,10
41,259,0.9179627616233048,1.8972039864924466e-05,0.0815730043974598,0.00044526193937024366,25,10,10
41,260,0.9158201714909984,0.0006195308067568723,0.08353459497188652,2.5702730357684706e-05,25,10,10
41,261,0.9191684393145095,0.0005917973636404567,0.08018063989040261,5.912343144679623e-05,25,10,10
41,262,0.9376053724703872,3.407481078962713e-07,0.06238032317410744,1.3963607397163138e-05,25,10,10
41,263,0.8234370125545205,7.3568343541116266e-06,0.17652592955348442,2.970105764103243e-05,25,10,10
41,264,0.8955210590237089,1.4242129906233936e-05,0.1043774446439979,8.725420238724644e-05,25,10,10
41,265,0.9129274556119512,7.908115181804699e-07,0.08192826501069737,0.00514348856583341,25,10,10
41,266,0.8744335836698782,2.258730978824283e-05,0.12113347873500581,0.004410350285328273,25,10,10
41,267,0.8029537688980607,3.3424945915109774e-05,0.19683530645180067,0.00017749970422378315,25,10,10
41,268,0.842865765998405,9.239326158027083e-07,0.1568900919075007,0.00024321816147939896,25,10,10
41,269,0.7848981613430742,0.0003473932825981799,0.17703418995272482,0.03772025542160328,25,10,10
41,270,0.8161452167681347,0.0003450815022308442,0.181921846214944,0.001587855514690001,25,10,10
41,271,0.8436552622307205,5.750481788637664e-05,0.1525978644622187,0.003689368489175137,25,10,10
41,272,0.8919425570895102,7.010838912556926e-06,0.10678545301092784,0.0012649790606491546,25,10,10
41,273,0.86246335322567,5.025064243164143e-05,0.12604781673296275,0.011438579398935597,25,10,10
41,274,0.8591276985839884,1.1044885653417637e-06,0.12820830646132816,0.01266289046611805,25,10,10
41,275,0.9323063837476304,2.62701072134829e-07,0.06729818506665448,0.0003951684846423159,25,10,10
41,276,0.9022624554137687,0.0003034513400324994,0.09740065512446064,3.343812173858184e-05,25,10,10
41,277,0.8288179645761105,0.0008997245883094579,0.16720771077108293,0.0030746000644977455,25,10,10
41,278,0.8641003497974913,0.0008325470864887185,0.1320254779535851,0.0030416251624350967,25,10,10
41,279,0.8184157177158058,7.376385258040345e-06,0.17790720980217362,0.0036696960967633335,25,10,10
41,280,0.8385940550133494,8.886277294835667e-06,0.1577725492970969,0.003624509412259811,25,10,10
41,281,0.8514922138090399,2.86681049436813e-07,0.14564304499001637,0.002864454519894342,25,10,10
41,282,0.8733192048957377,1.4370871858488622e-07,0.12543784222094817,0.0012428091745960235,25,10,10
41,283,0.9108378977005309,9.55458203130169e-08,0.08914999760201409,1.20091516341748e-05,25,10,10
41,284,0.9258753100827947,0.0003595820895725071,0.07374628821578491,1.8819611847568494e-05,25,10,10
41,285,0.8747343124254767,2.216099985838209e-06,0.12514262093990555,0.0001208505346319165,25,10,10
41,286,0.9269222289783248,1.8440445573796304e-06,0.07302051326401988,5.541371309795854e-05,25,10,10
41,287,0.9239662009748855,7.909022351323727e-06,0.07512799295143625,0.0008978970513272369,25,10,10
41,288,0.8977175354083667,0.00015976918852342347,0.10206987231494626,5.282308816294743e-05,25,10,10
41,289,0.8750996019768729,4.493418402770277e-06,0.12478576450530904,0.00011014009941467739,25,10,10
41,290,0.8420931629501741,5.534233592500606e-06,0.1577908413004508,0.0001104615157824344,25,10,10
41,291,0.8675436461065622,1.4232502000662377e-06,0.132350111214249,0.00010481942898926799,25,10,10
41,292,0.8723158533634315,1.0792670087707057e-07,0.12765889383951973,2.5144870348665532e-05,25,10,10
41,293,0.9182199506005232,3.1652514270478805e-07,0.08175226082065265,2.7472053681191857e-05,25,10,10
41,294,0.9538686624515974,4.117981842283672e-07,0.04607809185831025,5.283389190817504e-05,25,10,10
41,295,0.9422624063310313,2.2930624320251423e-07,0.0577107583772587,2.6605985466790338e-05,25,10,10
41,296,0.9130451735395824,8.67956157052759e-07,0.08609104014414112,0.0008629183601190324,25,10,10
41,297,0.9245428540434938,1.5750717450286202e-05,0.06814787129359919,0.007293523945456969,25,10,10
41,298,0.8555729362582888,4.026452489243939e-06,0.14325098172933337,0.0011720555598883963,25,10,10
41,299,0.8631874608745638,1.6982094910841027e-06,0.13657714857277928,0.00023369234316599218,25,10,10
41,300,0.8743333054792116,1.405107415619804e-05,0.12552230885321544,0.00013033459341683882,25,10,10
41,301,0.8448903293731305,6.45956706688023e-06,0.15484767552986323,0.000255535529940039,25,10,10
41,302,0.885955077570623,8.897217861856891e-07,0.11395991414411595,8.411856347534812e-05,25,10,10
41,303,0.9593078176704612,4.007182631780673e-06,0.039769097587942386,0.0009190775589647186,25,10,10
41,304,0.8770125109937906,1.5414644716805841e-06,0.09671211403619333,0.026273833505544096,25,10,10
41,305,0.9061033885495435,3.908134799248429e-07,0.05344053274879285,0.04045568788818375,25,10,10
41,306,0.8815256406001332,2.142540632804106e-05,0.07328726800805227,0.04516566598548619,25,10,10
41,307,0.8364163749234684,1.7532750287348511e-06,0.10585808971966751,0.057723782081834776,25,10,10
41,308,0.8040096868051524,1.1603950090147275e-06,0.10719887234213626,0.08879028045770211,25,10,10
41,309,0.7696155911057099,0.013556472880021105,0.1753826829843467,0.04144525302992172,25,10,10
41,310,0.7920201957138343,0.0003116810513626783,0.17095206270033317,0.03671606053447135,25,10,10
41,311,0.7908718567297899,0.00032807583097371924,0.17953722359475965,0.029262843844476246,25,10,10
41,312,0.8498698092618122,0.00032836736904528455,0.10738988636556966,0.04241193700357294,25,10,10
41,313,0.812832667341364,1.815094176552328e-05,0.14745046962337693,0.03969871209349449,25,10,10
41,314,0.8671125412294063,1.7416855719350526e-05,0.09077791505555531,0.04209212685931914,25,10,10
41,315,0.9118905061708331,1.0422455898959203e-05,0.04834161449871982,0.039757456874548264,25,10,10
41,316,0.9058633170351159,1.093488463452802e-05,0.0689368124484791,0.025188935631770236,25,10,10
41,317,0.8968301210424073,2.447263020012715e-07,0.08017373254989808,0.02299590168139224,25,10,10
41,318,0.8837848025180125,4.573754610252269e-07,0.09309267220763955,0.023122067898887138,25,10,10
41,319,0.9239371162445974,9.826147483152172e-07,0.053011940417141,0.02304996072351321,25,10,10
41,320,0.8782954640749268,9.51975692233849e-06,0.09852548613371112,0.023169530034439462,25,10,10
41,321,0.8911844775072122,8.985186255572842e-07,0.08379006966035933,0.025024554313802235,25,10,10
41,322,0.8439524490596567,1.9889212101032717e-06,0.09377616370603374,0.062269398313099564,25,10,10
41,323,0.8133285997589416,1.4478316947734454e-06,0.12129383541292706,0.06537611699643672,25,10,10
41,324,0.8608945562415197,1.4581736719869426e-06,0.07379524931403904,0.06530873627076933,25,10,10
41,325,0.8189064689433583,6.321273132966946e-07,0.11191297602641435,0.06917992290291378,25,10,10
41,326,0.8109487195323472,3.6433782427179126e-07,0.12292971995260282,0.06612119617722603,25,10,10
41,327,0.8097146559430421,9.333118020822961e-07,0.12452070441785996,0.06576370632729577,25,10,10
41,328,0.8188869206766701,3.882400675646087e-07,0.10467314503490127,0.07643954604836113,25,10,10
41,329,0.7968063987298254,6.403253131835264e-07,0.12350686596901843,0.07968609497584271,25,10,10
41,330,0.8391289438268406,6.611574469980795e-07,0.08191344486340844,0.07895695015230415,25,10,10
41,331,0.798440819050439,4.5973799736818706e-07,0.09031493379428039,0.11124378741728297,25,10,10
41,332,0.7879303906365123,0.0005438300041448085,0.13094043066498112,0.08058534869436143,25,10,10
41,333,0.8064167757017973,1.4074814296836423e-05,0.11254768115716367,0.08102146832674219,25,10,10
41,334,0.777013618399709,1.5279433443032884e-05,0.14288500987308714,0.08008609229375999,25,10,10
41,335,0.8420748162114775,1.6799474161092124e-05,0.12147403796958298,0.03643434634477859,25,10,10
41,336,0.767001383842029,4.968228883590599e-06,0.19297472086491527,0.04001892706417278,25,10,10
41,337,0.7819305243515415,0.007357366298995852,0.1727838151891032,0.03792829416035984,25,10,10
41,338,0.7969261622709759,0.035185661897892954,0.13004199272096995,0.03784618311016266,25,10,10
41,339,0.8442306327447737,0.036773821829336945,0.08194136088724514,0.03705418453864438,25,10,10
41,340,0.8191397819453081,7.42231118998884e-05,0.14110365671956446,0.039682338223227046,25,10,10
41,341,0.8171353335716016,5.61495458299454e-06,0.14179634340002173,0.04106270807379357,25,10,10
41,342,0.8436590444439331,4.414935986141114e-06,0.095184162562665,0.061152378057415524,25,10,10
41,343,0.7958876323036033,1.440717874179977e-05,0.17314706882391576,0.03095089169374017,25,10,10
41,344,0.772951915723973,7.145517719155636e-07,0.1945626076425446,0.03248476208171238,25,10,10
41,345,0.8433295855890702,9.429683051600679e-06,0.13495518129049983,0.02170580343737863,25,10,10
41,346,0.7903496928075596,0.0003645904039320012,0.1871720099929467,0.02211370679556376,25,10,10
41,347,0.8683900850187772,0.000356679169896793,0.10958256092776067,0.021670674883565232,25,10,10
41,348,0.8534385228745381,0.0003555915448941381,0.12008906953456512,0.026116816046003025,25,10,10
41,349,0.8736403680361198,0.00036507965036091874,0.08593122556615113,0.04006332674736861,25,10,10
41,350,0.8651530870061032,4.401647926904686e-05,0.09476196703285009,0.04004092948177826,25,10,10
41,351,0.8755683097047968,3.8459652291407166e-05,0.10956225779403642,0.014830972848874866,25,10,10
41,352,0.8510941362375594,5.016227583543509e-05,0.13530763384664168,0.013548067639962913,25,10,10
41,353,0.8711395652952596,3.4733160873468756e-05,0.12765854291103026,0.0011671586328364026,25,10,10
41,354,0.9640746892134413,3.495080295614594e-05,0.035836615765251996,5.3744218350646136e-05,25,10,10
41,355,0.9696332667547972,4.807361777919661e-06,0.030266104749943304,9.582113348145776e-05,25,10,10
41,356,0.8181573539131897,9.381574599894645e-06,0.1805849749835714,0.001248289528641191,25,10,10
41,357,0.8525853762349043,1.3268836486670032e-06,0.14624764104907542,0.0011656558323712804,25,10,10
41,358,0.8454080977197249,5.53010784761482e-07,0.15229535074646144,0.0022959985230299827,25,10,10
41,359,0.8268745807033383,1.946405285119662e-05,0.17109507097876603,0.002010884265044827,25,10,10
41,360,0.8577115252452069,6.418557197641248e-05,0.1408469807524099,0.0013773084304067851,25,10,10
41,361,0.9102976845620644,5.819768445117314e-06,0.08965852251802696,3.797315146359486e-05,25,10,10
41,362,0.8955390530500353,0.00011072486004812173,0.10326436263083229,0.0010858594590833833,25,10,10
41,363,0.8673676358451873,0.0001047246721106692,0.13214462138328023,0.0003830180994211047,25,10,10
41,364,0.8759044573751267,0.00011610854343426065,0.12356514211984874,0.00041429196159016227,25,10,10
41,365,0.8031722246597447,0.00011070326190480355,0.19426235641408549,0.0024547156642653967,25,10,10
41,366,0.8319014161097313,0.00010410280386783706,0.16762701468804392,0.0003674663983570567,25,10,10
41,367,0.7834051066401648,0.00010691541885558283,0.2162816451259788,0.00020633281499999673,25,10,10
41,368,0.8910242202472297,1.289448186654089e-06,0.10854828862756262,0.0004262016770205349,25,10,10
41,369,0.8579753326248869,6.66390601069606e-07,0.14168941408287034,0.00033458690164196253,25,10,10
41,370,0.9186211526776289,6.752255371289276e-06,0.08134298308876917,2.9111978230553767e-05,25,10,10
41,371,0.8731531013816052,7.726730129242167e-07,0.12624775279439218,0.000598373150989052,25,10,10
41,372,0.8211353460056753,1.3084574590447152e-05,0.17845050206386717,0.00040106735586697273,25,10,10
41,373,0.8249103275262983,4.472173118721951e-05,0.17445620180515933,0.0005887489373552694,25,10,10
41,374,0.8603439783778343,1.3508688400695646e-05,0.10024883763056164,0.03939367530320314,25,10,10
41,375,0.8640710142896502,0.0002684650262140774,0.09594624184531574,0.039714278838819596,25,10,10
41,376,0.8286424581909669,0.0007942129607966482,0.1387346996371829,0.031828629211053706,25,10,10
41,377,0.879577362861823,0.00011497784197171271,0.0884232815377856,0.03188437775841999,25,10,10
41,378,0.809496381046203,0.00044911001633275466,0.15802497414670522,0.03202953479075914,25,10,10
41,379,0.8688203251881573,0.00043894314642713703,0.09903258242324334,0.03170814924217282,25,10,10
41,380,0.8511211711830733,1.596092957692468e-06,0.140832362053137,0.008044870670831943,25,10,10
41,381,0.8751813919152858,2.651106880450652e-06,0.11835458240303133,0.0064613745748032525,25,10,10
41,382,0.890880488654045,1.0111336642768917e-05,0.06946784181995748,0.03964155818935422,25,10,10
41,383,0.8808991922210807,1.2756793358056618e-05,0.08302013623707907,0.036067914748481956,25,10,10
41,384,0.9140550856675503,8.757150182750742e-07,0.05707588795805936,0.0288681506593709,25,10,10
41,385,0.9146583235641788,1.6796545532868705e-07,0.05929335777446374,0.026048150695902505,25,10,10
41,386,0.8957568083483166,4.601323879352908e-06,0.06476360128048046,0.03947498904732383,25,10,10
41,387,0.8270711456203133,5.687867191188964e-06,0.10296988437776786,0.06995328213472797,25,10,10
41,388,0.7987359161611007,9.210240209160763e-06,0.12147408738973002,0.07978078620896077,25,10,10
41,389,0.8038276155133874,2.237574184780199e-06,0.11650888148641232,0.0796612654260157,25,10,10
41,390,0.8352171083726507,1.6667129768697397e-05,0.08783276900242976,0.07693345549515054,25,10,10
41,391,0.7648588628228593,5.199326632350146e-06,0.17017605597180388,0.06495988187870522,25,10,10
41,392,0.8108000793981351,4.1006749563289035e-06,0.1098946446100034,0.07930117531690524,25,10,10
41,393,0.8283811789987121,1.8570357748474718e-05,0.14533896825404824,0.026261282389491294,25,10,10
41,394,0.8975348236570665,3.0414701633273396e-06,0.0975392461504141,0.004922888722355599,25,10,10
41,395,0.8652385707767439,0.0003147661258168934,0.13432293202445816,0.0001237310729814623,25,10,10
41,396,0.8972455959444777,0.000382689699588214,0.10227979231919733,9.19220367373549e-05,25,10,10
41,397,0.8653493952076222,0.0003886251261632077,0.13389428378883847,0.0003676958773772998,25,10,10
41,398,0.8585099241211366,1.8876769393085254e-05,0.13631413427085187,0.005157064838619041,25,10,10
41,399,0.8616022150856889,1.3585907947680166e-05,0.13648748832701296,0.001896710679351106,25,10,10
41,400,0.8905824022071437,1.4399539716323968e-05,0.1092107434572011,0.00019245479593934535,25,10,10
41,401,0.9064821975023201,0.00011942871518534101,0.093275464733908,0.0001229090485876553,25,10,10
41,402,0.899980537098699,5.943597860500941e-05,0.09984238603867737,0.0001176408840193747,25,10,10
41,403,0.902158854797092,4.20214320778934e-05,0.09747412738399674,0.0003249963868334207,25,10,10
41,404,0.9228217354016317,4.15148206389288e-05,0.0768944977115356,0.0002422520661938253,25,10,10
41,405,0.8439289673159708,2.989888818214618e-05,0.15575085166548766,0.00029028213035897307,25,10,10
41,406,0.8702558089372441,3.687159789679856e-05,0.12911551967053475,0.0005917997943240234,25,10,10
41,407,0.8375508899289545,7.780308269834398e-06,0.15754011150916614,0.004901218253609917,25,10,10
41,408,0.9105101749731433,2.4391987112954643e-05,0.08713810009963402,0.0023273329401095285,25,10,10
41,409,0.9215862791256244,1.4027222617449503e-06,0.07829459115722483,0.00011772699488963903,25,10,10
41,410,0.9412934385256068,8.414351649279389e-07,0.0585113574965158,0.00019436254271289815,25,10,10
41,411,0.9200478445435232,0.0002823316519321285,0.07955720284057773,0.00011262096396718728,25,10,10
41,412,0.9587483865657004,8.629971313782813e-07,0.041164218797990045,8.653163917830077e-05,25,10,10
41,413,0.9597515907199039,9.74099049816876e-06,0.04010057859090935,0.0001380896986882279,25,10,10
41,414,0.8694270967311591,2.0374768758569056e-05,0.1270242519518506,0.003528276548232209,25,10,10
41,415,0.9187684324762064,1.1952033467334058e-05,0.07958977319946327,0.0016298422908625778,25,10,10
41,416,0.9366929273822875,3.045416359835703e-06,0.06173943969075369,0.0015645875105990874,25,10,10
41,417,0.9377271070577916,4.1321761570039865e-07,0.06214596123824411,0.00012651848634865094,25,10,10
41,418,0.8651151263308797,3.3008880735255024e-05,0.1331087117841293,0.0017431530042554225,25,10,10
41,419,0.8001988482534901,4.249558033086079e-05,0.19747130899939294,0.0022873471667857297,25,10,10
41,420,0.8238592871624845,2.6183539822285993e-05,0.1726616892990301,0.003452839998663618,25,10,10
41,421,0.8113860977165741,2.8083528858762124e-05,0.18834532891281863,0.00024048984174870837,25,10,10
41,422,0.7698880541238897,4.938239266975745e-07,0.21185415878919764,0.018257293262986463,25,10,10
41,423,0.7862260352545557,4.6562960816775555e-06,0.1714498949446607,0.042319413504701454,25,10,10
41,424,0.762073774463922,6.894630029696862e-05,0.19773860060867532,0.04011867862710571,25,10,10
41,425,0.7756564762805306,3.714872311031628e-05,0.1843436713715599,0.03996270362479959,25,10,10
41,426,0.8617061100113985,2.119816307089513e-06,0.09754485423332376,0.04074691593897065,25,10,10
41,427,0.8275027794987133,0.000259270079981981,0.1315562625762146,0.04068168784508912,25,10,10
41,428,0.8012326824580195,0.0002633453357113794,0.1631075232772752,0.035396448928993726,25,10,10
41,429,0.7682814611632045,6.53798395396743e-05,0.19477422773205746,0.036878931265199394,25,10,10
41,430,0.7955379238782941,6.681624129932512e-05,0.169089479056053,0.03530578082435404,25,10,10
41,431,0.8789941255222444,1.2427607460066084e-06,0.08574175919988562,0.03526287251712355,25,10,10
41,432,0.7902362516082744,1.0770484472222378e-05,0.17397625642183226,0.03577672148542113,25,10,10
41,433,0.7666905443735967,5.6547773722446385e-06,0.19713352813921353,0.03617027270981809,25,10,10
41,434,0.7985021088925021,2.388392883547429e-06,0.15832603909290788,0.04316946362170735,25,10,10
41,435,0.8503615815270834,1.1764679543859659e-05,0.10875363722985128,0.04087301656352098,25,10,10
41,436,0.7979969056220025,7.5267233399965854e-06,0.1689295260826189,0.03306604157203858,25,10,10
41,437,0.7888777615280358,2.552352933957995e-06,0.21045848622912997,0.000661199889900824,25,10,10
41,438,0.8213728308468475,9.624122884177638e-06,0.17851405070539672,0.00010349432487196606,25,10,10
41,439,0.8743495323227256,1.021800907799626e-05,0.12201099681678329,0.003629252851413011,25,10,10
41,440,0.9188567728204259,1.0346381107586594e-05,0.07978778887248573,0.0013450919259806065,25,10,10
41,441,0.9428494879537394,1.0458138558903243e-05,0.05543513917753337,0.0017049147301681996,25,10,10
41,442,0.8890968126997569,4.197027226837437e-05,0.10352894015262475,0.007332276875349711,25,10,10
41,443,0.9071498264391209,1.5074764111075783e-06,0.09259799365722379,0.0002506724272464058,25,10,10
41,444,0.8978712921976525,1.9665562788326404e-05,0.10196912979227285,0.00013991244728668665,25,10,10
41,445,0.8289444042187886,2.0730433207416025e-05,0.170641581683442,0.0003932836645615128,25,10,10
41,446,0.7912543122708658,3.405585419942018e-05,0.20832268102979157,0.00038895084514341185,25,10,10
41,447,0.8753939909595221,4.253854495812074e-05,0.12451078846780028,5.268202772008841e-05,25,10,10
41,448,0.8596884000648256,0.0001709322921667478,0.14003042459840867,0.00011024304459966204,25,10,10
41,449,0.8459738212314406,2.5539464099256022e-05,0.15390565715102839,9.49821534318398e-05,25,10,10
41,450,0.8361687400390012,0.0026872872362299076,0.16045095729247616,0.0006930154322920932,25,10,10
41,451,0.9063005561858533,7.197422844900632e-07,0.09285780559867902,0.0008409184731835124,25,10,10
41,452,0.8964581604486841,1.8911768794117724e-06,0.10343787519476776,0.00010207317966843307,25,10,10
41,453,0.9257573187889053,1.4708144128701442e-06,0.07413216707043363,0.00010904332624836085,25,10,10
41,454,0.9120249711132686,8.569479009911283e-07,0.08432889490229409,0.003645277036535872,25,10,10
41,455,0.912772290850265,1.536928446982789e-05,0.04729725107642527,0.03991508878883976,25,10,10
41,456,0.9164849357037277,1.5670712685088923e-05,0.043553593437177754,0.03994580014640945,25,10,10
41,457,0.9080656256217665,9.100777590269385e-07,0.05240157190986871,0.039531892390606636,25,10,10
41,458,0.8687527856524122,7.753068261741659e-07,0.12819590104837428,0.003050537992387045,25,10,10
41,459,0.9122193925873333,5.966025501830632e-07,0.08766328178119256,0.00011672902892353189,25,10,10
41,460,0.9575204331309318,9.12606362671685e-07,0.04244708605175419,3.156821095171051e-05,25,10,10
41,461,0.90047397075953,3.150931856133623e-05,0.09945932386211905,3.5196059790329426e-05,25,10,10
41,462,0.8112861993379691,3.356229479938653e-05,0.18648106645571325,0.0021991719115176923,25,10,10
41,463,0.8564982419086801,3.136395506379283e-05,0.14136543076153138,0.0021049633747246737,25,10,10
41,464,0.8756978272634381,2.1101102330291674e-05,0.12216842702717542,0.0021126446070560724,25,10,10
41,465,0.9034552997138604,2.4316125576901386e-06,0.09444091416653885,0.002101354507043036,25,10,10
41,466,0.8639955352778257,9.129602592694364e-06,0.13391167650587732,0.002083658613704473,25,10,10
41,467,0.899629643663023,1.4077908270903716e-06,0.10035727074554474,1.1677800605175539e-05,25,10,10
41,468,0.9296335331814375,7.176507568072271e-07,0.07035943003730306,6.319130502914184e-06,25,10,10
41,469,0.9020018798988951,7.539903814905763e-07,0.09794261365545666,5.475245526739833e-05,25,10,10
41,470,0.8965679341081063,3.4601525357990614e-05,0.10339198027685596,5.484089679090437e-06,25,10,10
41,471,0.8699843914776179,8.377210804202981e-06,0.129844667251297,0.00016256406028045342,25,10,10
41,472,0.8945553792519789,6.690352887101093e-05,0.09971803868951606,0.005659678529633593,25,10,10
41,473,0.8680773812471924,0.0002411805620126167,0.1310259014507644,0.0006555367400307784,25,10,10
41,474,0.8513992078866635,1.9702449192224875e-05,0.14800336965728117,0.0005777200068641836,25,10,10
41,475,0.8074329674928649,0.000489064537783675,0.19057302322104505,0.0015049447483046247,25,10,10
41,476,0.8836776789097559,6.623043025136358e-07,0.1163003223827092,2.1336403232507765e-05,25,10,10
41,477,0.8668793522589184,1.453490356856209e-05,0.13282130042702234,0.0002848124104903211,25,10,10
41,478,0.8884237087103802,1.484202333531654e-05,0.11152220688761431,3.9242378670522315e-05,25,10,10
41,479,0.8822790036157795,1.4432447874770666e-07,0.11758305583498344,0.00013779622475930885,25,10,10
41,480,0.8901708658017788,3.3096078777687465e-06,0.10901073025187728,0.0008150943384660938,25,10,10
41,481,0.9503218847387803,3.5551575994008824e-06,0.048951679895876475,0.0007228802077443104,25,10,10
41,482,0.8835867781189651,7.611003371789123e-06,0.11626816492817245,0.0001374459494901965,25,10,10
41,483,0.9140479192559176,8.113794928870884e-06,0.08560217115672772,0.00034179579242565124,25,10,10
41,484,0.8929768014627022,1.2898053123639078e-05,0.10682368135967653,0.00018661912449756304,25,10,10
41,485,0.8942133653646758,7.677460175389457e-06,0.10576853072977563,1.0426445373377111e-05,25,10,10
41,486,0.9167514858351516,7.149302316163777e-06,0.08290183799797475,0.00033952686455703126,25,10,10
41,487,0.917358907243344,1.884313737246632e-06,0.08221888176999538,0.00042032667292366904,25,10,10
41,488,0.8260596882437865,6.0840638532204394e-06,0.13565441579784507,0.038279811894515285,25,10,10
41,489,0.8368109938457355,9.13640718438583e-07,0.132004117060961,0.031183975452585624,25,10,10
41,490,0.8489007439592545,1.0693361455427165e-06,0.119893352288288,0.031204834416311927,25,10,10
41,491,0.8260743847374745,0.0004480677628301,0.14453960515039393,0.0289379423493013,25,10,10
41,492,0.8225024505303865,1.3214682333576241e-06,0.14838744940551224,0.02910877859586755,25,10,10
41,493,0.8711571535101816,1.3909711474293751e-05,0.08903319824287584,0.039795738535467765,25,10,10
41,494,0.8683663802304841,1.2633183201461499e-05,0.09152221590368603,0.04009877068262872,25,10,10
41,495,0.8519150334649471,2.755648825551401e-05,0.13536011789472238,0.012697292152075091,25,10,10
41,496,0.8682757213619753,8.394834029719036e-05,0.11786637444682474,0.013773955850902984,25,10,10
41,497,0.8515957618400872,8.865964982896859e-06,0.10757551845636307,0.04081985373856665,25,10,10
41,498,0.8636484337760381,2.7613171674948793e-06,0.10004430619607184,0.0363044987107227,25,10,10
41,499,0.807891635366728,3.5405713387049673e-06,0.1563847674322346,0.03572005662969891,25,10,10
41,500,0.8252095240903682,2.0128966980950285e-06,0.13094133778558462,0.04384712522734937,25,10,10
41,501,0.8401957334851561,7.955019405060774e-06,0.14984133645075998,0.009954975044678464,25,10,10
41,502,0.8586281541337969,0.0002342952387415231,0.13931169705376195,0.0018258535736999136,25,10,10
41,503,0.8496205324214959,0.012667334062142382,0.13584611013678788,0.0018660233795753526,25,10,10
41,504,0.9087449498802832,3.91613166929273e-05,0.09069167107611487,0.0005242177269094658,25,10,10
41,505,0.8380718846041466,4.06388732405738e-05,0.13341492639600575,0.02847255012660725,25,10,10
41,506,0.7997286165098668,1.6468647287338658e-06,0.12951504271530076,0.07075469391010378,25,10,10
41,507,0.8376510009097116,6.259158698992928e-06,0.08749099005696806,0.07485174987462093,25,10,10
41,508,0.8527668092477423,6.4490084606760324e-06,0.07254057571853545,0.07468616602526162,25,10,10
41,509,0.8307924867280299,3.53279800583878e-06,0.13362514328366504,0.035578837190297634,25,10,10
41,510,0.8190986525516821,1.6521377909219746e-05,0.14336254020670586,0.037522285863701266,25,10,10
41,511,0.8957765953246599,1.9985392321008297e-05,0.06413212497869707,0.04007129430432127,25,10,10
41,512,0.8239451380191298,0.000587105521945931,0.13523869679435352,0.04022905966457055,25,10,10
41,513,0.8320376272303808,1.612724618713046e-05,0.12806167645156152,0.0398845690718704,25,10,10
41,514,0.7940474845158795,1.7902834905516623e-06,0.13635535825750447,0.06959536694312606,25,10,10
41,515,0.7520207875590235,1.6368046612330836e-06,0.16715781445637642,0.08081976117993923,25,10,10
41,516,0.7982103614685583,2.9546762283755177e-06,0.153862131682415,0.047924552172798535,25,10,10
41,517,0.9013931852101856,1.2801008618379221e-06,0.05836865285997546,0.04023688182897677,25,10,10
41,518,0.8328056695336477,2.004127331862798e-06,0.134821387776104,0.032370938562917624,25,10,10
41,519,0.8377189935112365,6.534547415135972e-06,0.12060788403460941,0.04166658790673946,25,10,10
41,520,0.8901590315391955,4.0360124243938535e-06,0.06745889115157548,0.04237804129680492,25,10,10
41,521,0.8591902177834508,3.9708470605444645e-06,0.11303359678174943,0.027772214587739655,25,10,10
41,522,0.9178135882536115,6.425662752007008e-06,0.08131982370409441,0.0008601623795427445,25,10,10
41,523,0.8981458037724305,6.935912068208362e-06,0.10118054900785925,0.0006667113076420672,25,10,10
41,524,0.856286633051805,5.331002448017119e-06,0.1399305443905471,0.0037774915552001988,25,10,10
41,525,0.8303419150720138,2.281031182428648e-06,0.1658133249381281,0.003842478958676035,25,10,10
41,526,0.7953153650022573,0.00033350175826582333,0.2003546696559576,0.003996463583517975,25,10,10
41,527,0.8106498592672585,3.5394661338267753e-06,0.18538690466419588,0.003959696602410988,25,10,10
41,528,0.8272589029648529,1.845248452907319e-05,0.16878127987654248,0.003941364674076965,25,10,10
41,529,0.763451933417618,3.7655724413016414e-06,0.19777786388849697,0.03876643712144384,25,10,10
41,530,0.8451244449944768,0.00017253852344678979,0.1270605934569894,0.027642423025087175,25,10,10
41,531,0.7815881147517076,4.376203353765726e-06,0.1902237303282717,0.02818377871666764,25,10,10
41,532,0.7186117381001076,5.806148824648642e-06,0.2527451182738225,0.02863733747724716,25,10,10
41,533,0.8290877729740962,0.000214200148642107,0.1432125233467506,0.027485503530511265,25,10,10
41,534,0.8325420890375764,9.10599662477757e-06,0.14001099385080848,0.02743781111499122,25,10,10
41,535,0.734629237747447,8.82239672728654e-06,0.2252542294167764,0.04010771043904755,25,10,10
41,536,0.7412535539749916,1.9641200982711194e-06,0.25012933578215063,0.00861514612275836,25,10,10
41,537,0.8567603035834552,0.0024087139020984687,0.10069719163700608,0.040133790877440616,25,10,10
41,538,0.82308509948747,1.3491259605803448e-05,0.13388933511040488,0.043012074142520146,25,10,10
41,539,0.8467200174687395,6.754075252721121e-07,0.11374211335697733,0.03953719376675844,25,10,10
41,540,0.883016452205792,5.7113085189413283e-05,0.09886014862717461,0.018066286081844046,25,10,10
41,541,0.8215284084150474,0.0007708904563580949,0.17002369483458796,0.007677006294007466,25,10,10
41,542,0.8750486368928975,0.0007200694105312766,0.12285611123264534,0.0013751824639265373,25,10,10
41,543,0.8740685925248016,0.0007043172237084063,0.11724593822417448,0.007981152027315457,25,10,10
41,544,0.8472703595662311,0.00016048329156202537,0.13226926402498912,0.020299893117217586,25,10,10
41,545,0.7927212781008017,0.00017763180751845898,0.13895081963004802,0.06815027046163141,25,10,10
41,546,0.7509354269175222,7.467632357748531e-07,0.1678641579585932,0.08119966836064978,25,10,10
41,547,0.7099247746576445,4.854373554445191e-07,0.24256661006016852,0.04750812984483159,25,10,10
41,548,0.7275035664008529,8.78197451554556e-05,0.22503453161862846,0.04737408223536426,25,10,10
41,549,0.7812898614323196,4.577052218962915e-06,0.1766977999959061,0.04200776151955497,25,10,10
41,550,0.7742105849961634,1.9181362743066013e-06,0.17781275701523278,0.047974739852330334,25,10,10
41,551,0.813250682640705,2.4527315439394254e-05,0.14689088456105995,0.03983390548279616,25,10,10
41,552,0.9109852161427143,1.012702629768701e-05,0.07747524725073199,0.011529409580255882,25,10,10
41,553,0.9126891172665212,9.379649751967573e-06,0.08718059265238992,0.000120910431337401,25,10,10
41,554,0.8700979279868257,1.016848164522987e-05,0.12977409570312906,0.0001178078284000854,25,10,10
41,555,0.9389426483383911,1.6476383632491913e-05,0.060977846593569786,6.30286844066647e-05,25,10,10
41,556,0.926786020454043,9.985693008589386e-06,0.07312426821909977,7.972563384832077e-05,25,10,10
41,557,0.9161978486532664,1.056568552703179e-05,0.08369198830648442,9.959735472150572e-05,25,10,10
41,558,0.9252987090871175,6.066238830089508e-07,0.07467137078735392,2.93135016454384e-05,25,10,10
41,559,0.8805111221300949,5.596786013894766e-06,0.11942935627862436,5.392480526611766e-05,25,10,10
41,560,0.8796139783382033,5.496836556085966e-06,0.12004095792961067,0.0003395668956299786,25,10,10
41,561,0.8710959888127648,4.680901882903691e-06,0.12860888534274792,0.00029044494260440984,25,10,10
41,562,0.9060478470267468,2.1358751050638454e-05,0.09391272294918299,1.8071273018943984e-05,25,10,10
41,563,0.843549646710107,2.902987575590999e-06,0.13381136739501942,0.022636082907297007,25,10,10
41,564,0.8343595721477287,6.55062895979061e-05,0.12584048461807085,0.03973443694460399,25,10,10
41,565,0.8462356935538857,1.5408329021425557e-06,0.08567377227383846,0.06808899333937403,25,10,10
41,566,0.8343372675706391,1.883373215082569e-06,0.09746151262161637,0.06819933643452941,25,10,10
41,567,0.8537088810901673,2.286388095748746e-06,0.14210473279271155,0.0041840997290260576,25,10,10
41,568,0.8755818953873965,1.1083910227097034e-05,0.12098812778076981,0.0034188929216074217,25,10,10
41,569,0.8963055203561098,9.445344404680708e-06,0.10316935795385213,0.0005156763456336948,25,10,10
41,570,0.7990999496356832,2.0365950076931193e-06,0.19829215758190505,0.002605856187405307,25,10,10
41,571,0.9056653734010324,3.4292487524124135e-06,0.09203586367826552,0.0022953336719503574,25,10,10
41,572,0.8373257185834626,1.479647540396783e-06,0.16246049791446157,0.0002123038545348442,25,10,10
41,573,0.9038300312129276,1.537777976217129e-05,0.09572609624890958,0.0004284947584004975,25,10,10
41,574,0.9232581520858893,1.0902505049268176e-05,0.07660576070177298,0.00012518470728832939,25,10,10
41,575,0.8909207200569332,7.467199176329912e-06,0.10897507523744164,9.673750644931787e-05,25,10,10
41,576,0.912402138317417,4.1324377198211175e-05,0.08721709358599815,0.0003394437193870363,25,10,10
41,577,0.9228140080592675,1.1186780890646955e-05,0.0769740115328953,0.00020079362694616894,25,10,10
41,578,0.955805595632166,2.0958610649682246e-06,0.04200580297613731,0.0021865055306316246,25,10,10
41,579,0.9072934640471553,1.1501025590297424e-06,0.08989973829748274,0.0028056475528027737,25,10,10
41,580,0.9015608296121974,9.512836822979864e-07,0.09777692252438927,0.0006612965797311153,25,10,10
41,581,0.8528446790150476,3.070035671149358e-05,0.14484901656671756,0.002275604061523058,25,10,10
41,582,0.9189762378948904,2.0684995399086182e-05,0.08097680972386655,2.6267385844176533e-05,25,10,10
41,583,0.9582722599790908,2.185594358249385e-05,0.04167400248174693,3.188159557976727e-05,25,10,10
41,584,0.9467180218291149,2.1475027297641053e-05,0.053173500349145704,8.700279444151896e-05,25,10,10
41,585,0.9497323095856034,2.926159376148493e-05,0.05008721316132415,0.00015121565931107607,25,10,10
41,586,0.8973205353488194,3.7399399353480485e-06,0.10216768860178252,0.0005080361094617057,25,10,10
41,587,0.8918188334069405,8.839636288508681e-06,0.10180138414599864,0.006370942810771463,25,10,10
41,588,0.8664635477094775,7.315563157460104e-05,0.129555889214005,0.0039074074449422765,25,10,10
41,589,0.8358972505304793,1.7370552063002522e-05,0.15984030794313417,0.004245070974322506,25,10,10
41,590,0.8624555187633481,3.1206804675271544e-06,0.11042473583123553,0.02711662472494863,25,10,10
41,591,0.9065149773262169,1.4513130850331374e-05,0.049877394623825726,0.04359311491910681,25,10,10
41,592,0.8791039816790251,2.141296304214675e-07,0.08092949382086165,0.039966310370482344,25,10,10
41,593,0.7908059259864015,2.1634667568867193e-05,0.16779943832524702,0.041373001020782896,25,10,10
41,594,0.8432189563405459,0.0004749956682272568,0.1162273350070064,0.04007871298422141,25,10,10
41,595,0.8653995742232183,0.00047482394137991665,0.1045565170047872,0.029569084830613893,25,10,10
41,596,0.8759022151853416,1.62341878699489e-05,0.12111226320254634,0.002969287424242182,25,10,10
41,597,0.9185363448879207,1.5719608404787074e-05,0.07740839062596029,0.004039544877713802,25,10,10
41,598,0.8517460648102353,5.4883631528950584e-05,0.14753829064599497,0.000660760912240987,25,10,10
41,599,0.8790896226187455,2.2689178200898866e-06,0.11957299371457024,0.0013351147488639909,25,10,10
41,600,0.8909255449369575,1.3968321740303504e-06,0.10869713076897476,0.0003759274618934206,25,10,10
41,601,0.8728174125642011,1.8856089729679638e-06,0.1249749072268137,0.0022057946000118827,25,10,10
41,602,0.8657062414004953,0.0002615671891732075,0.13388834260226967,0.0001438488080619732,25,10,10
41,603,0.8548612068720218,1.8320151409661237e-06,0.14134924425629053,0.0037877168565468417,25,10,10
41,604,0.9188303671088837,9.690871171901033e-07,0.07477792434806423,0.006390739455935025,25,10,10
41,605,0.9419583421634882,5.8809500678648415e-05,0.05663456283007797,0.0013482855057550896,25,10,10
41,606,0.9308722989824777,2.458829597294662e-06,0.06774245665805237,0.0013827855298722933,25,10,10
41,607,0.880138871487063,5.914933180160664e-06,0.11982464562533077,3.0567954426043766e-05,25,10,10
41,608,0.8999712717818029,2.0897682583478465e-06,0.09445910810398903,0.005567530345948769,25,10,10
41,609,0.836572516416584,1.073405617151453e-05,0.15768477898505645,0.005731970542186944,25,10,10
41,610,0.8474263604959839,0.0001749005604769024,0.14680330812159195,0.005595430821948013,25,10,10
41,611,0.8785481275464389,2.9942434258434424e-05,0.12123340137071346,0.00018852864858879157,25,10,10
41,612,0.8711849439001358,3.320814748655987e-06,0.12458585244894554,0.004225882836169833,25,10,10
41,613,0.8382022377505788,2.43783777511427e-05,0.1616144298336644,0.00015895403800470013,25,10,10
41,614,0.9252010689224816,1.7185791742854457e-06,0.07442538410786363,0.00037182839048061046,25,10,10
41,615,0.8845834994276774,1.4938618251034733e-05,0.1146534766775461,0.0007480852765258555,25,10,10
41,616,0.8160697390381206,1.5003305970528943e-05,0.18333849978790467,0.0005767578680030646,25,10,10
41,617,0.8780105983054437,2.9960214630187637e-06,0.12153971656142376,0.00044668911166921414,25,10,10
41,618,0.8940592472033906,2.607284377084438e-06,0.10118640281164624,0.004751742700586241,25,10,10
41,619,0.8767040805678791,4.0245905960042544e-07,0.12298062899358524,0.00031488797947663253,25,10,10
41,620,0.8933910069078875,3.341898239083601e-07,0.10641877716445394,0.00018988173783517925,25,10,10
41,621,0.858724944533869,0.0018155247000738006,0.13907304464337705,0.0003864861226803031,25,10,10
41,622,0.8378764991081776,0.001803025410560869,0.15994433789446572,0.00037613758679593955,25,10,10
41,623,0.8852660629847716,2.613623429329132e-05,0.11422374735529038,0.00048405342564478946,25,10,10
41,624,0.8175876078511046,1.1155915421572916e-05,0.18145529880364408,0.00094593742982954,25,10,10
41,625,0.8684333505392117,1.4563231101265826e-05,0.1309974807673565,0.0005546054623306272,25,10,10
41,626,0.9019605109324672,1.3933919818940552e-05,0.09668996328022779,0.0013355918674863119,25,10,10
41,627,0.7899990645254519,2.4332303941750833e-05,0.20080571939732803,0.009170883773279207,25,10,10
41,628,0.8922957450293386,8.399914388974693e-07,0.10767682445408969,2.6590525132532813e-05,25,10,10
41,629,0.8448160528006033,7.957078824081939e-07,0.1316498753569582,0.023533276134556358,25,10,10
41,630,0.868168137977226,8.186514760561228e-07,0.13177089535887448,6.014801242369483e-05,25,10,10
41,631,0.8997420163611547,3.053883344496552e-05,0.10003585949494545,0.0001915853104551691,25,10,10
41,632,0.8705732830201819,2.4718259254266827e-05,0.12926209833773655,0.00013990038282778744,25,10,10
41,633,0.8479486569235277,1.5570194386827742e-05,0.15185691556450767,0.00017885731757743775,25,10,10
41,634,0.869904203720206,1.2617362761379846e-05,0.12990455806524623,0.00017862085178571392,25,10,10
41,635,0.8730246220596611,1.3391625707000186e-05,0.12679800464710358,0.00016398166752724073,25,10,10
41,636,0.8802521453582572,1.2947179049912816e-06,0.1170561737747688,0.0026903861490690933,25,10,10
41,637,0.9367908905918023,1.3895020896158645e-05,0.06202760917150209,0.0011676052157992113,25,10,10
41,638,0.9276552955973633,1.5796307933149684e-06,0.0711785207657812,0.0011646040060620537,25,10,10
41,639,0.9119825316675998,1.1390178190417494e-06,0.0869028582034223,0.0011134711111593107,25,10,10
41,640,0.9031779757643692,1.6733213307300303e-07,0.09680593502154375,1.592188195396688e-05,25,10,10
41,641,0.8965740404660059,3.520370540267957e-05,0.10335101654257135,3.9739286020354726e-05,25,10,10
41,642,0.8194499984198217,3.1268039256667476e-05,0.1803700778545622,0.0001486556863592911,25,10,10
41,643,0.7891840821197174,5.475747918497002e-05,0.2105133905896993,0.00024776981139866023,25,10,10
41,644,0.8065977823570256,5.455799162827053e-05,0.19316790865894298,0.00017975099240291953,25,10,10
41,645,0.792507658102627,0.0006898128440707469,0.20605118802694095,0.0007513410263617453,25,10,10
41,646,0.9004559151920507,0.0006587495971347398,0.09827507834455912,0.0006102568662550098,25,10,10
41,647,0.8924942494394026,0.0006594547827664754,0.10334229359143621,0.003504002186394688,25,10,10
41,648,0.8771974588130043,1.3693383007122241e-05,0.12031872238075396,0.002470125423235384,25,10,10
41,649,0.9192706700933856,6.9602883435132e-06,0.08053473678280873,0.0001876328354626853,25,10,10
41,650,0.9235443007061487,1.6258376902365614e-06,0.0762472173854267,0.00020685607073424797,25,10,10
41,651,0.8702862677514044,1.4880957932918133e-06,0.129704364581293,7.879571508829011e-06,25,10,10
41,652,0.8888801446260466,9.711730340597118e-06,0.11100847295106277,0.00010167069255017231,25,10,10
41,653,0.8870341832321779,9.827766721817627e-07,0.11294996706174722,1.4866929402240804e-05,25,10,10
41,654,0.900881889259662,1.4918636009878826e-06,0.09659913146477977,0.002517487411957406,25,10,10
41,655,0.9290668847637861,4.068774940777775e-07,0.06961087337078684,0.0013218349879334569,25,10,10
41,656,0.9170716263204508,1.350687025893804e-06,0.06442799964002414,0.018499023352499314,25,10,10
41,657,0.8895237617240497,1.2340068001801724e-05,0.0706521875020135,0.03981171070593456,25,10,10
41,658,0.8276297220021733,2.382127857985835e-06,0.1325870630048553,0.039780832865114,25,10,10
41,659,0.876429285184075,3.198783037143777e-06,0.08354058299760851,0.04002693303527852,25,10,10
41,660,0.8983558969312979,1.241540489517403e-06,0.0876145139460807,0.014028347582131723,25,10,10
41,661,0.8566494034101588,1.3671444159691659e-06,0.12740876197650328,0.015940467468921582,25,10,10
41,662,0.9014067570285543,0.0001782333870821624,0.09550150293617228,0.00291350664819068,25,10,10
41,663,0.8831115724584984,5.076194078188235e-06,0.11499302848901424,0.0018903228584090362,25,10,10
41,664,0.909261715599717,3.251198389021463e-06,0.09037076693780254,0.0003642662640910157,25,10,10
41,665,0.8648907972282917,6.512718567065073e-05,0.13182760572490057,0.003216469861137017,25,10,10
41,666,0.8380895970691852,0.00016661023115876038,0.1585439602604324,0.0031998324392236667,25,10,10
41,667,0.8872185251712352,6.212864080217948e-05,0.10978806812983334,0.0029312780581290986,25,10,10
41,668,0.9511715106866564,5.6548638773222164e-05,0.04850395569141558,0.00026798498315526296,25,10,10
41,669,0.9278974789166407,5.6389737080406847e-05,0.07196281113453322,8.3320211745388e-05,25,10,10
41,670,0.9221519731679768,5.3702118981676435e-05,0.07777421245746659,2.0112255575205493e-05,25,10,10
41,671,0.8566518868473719,1.3822080815590888e-06,0.13908623151837063,0.004260499426176483,25,10,10
41,672,0.8391285685749809,5.928577449840277e-07,0.16041292883214836,0.00045790973512658905,25,10,10
41,673,0.8706523305458655,9.797066909072827e-07,0.09591271732177345,0.03343397242566971,25,10,10
41,674,0.8482631867634955,8.353632937899885e-07,0.11844801557395698,0.03328796229925304,25,10,10
41,675,0.8256344928242718,1.775951325955652e-05,0.1346852445371412,0.039662503125326584,25,10,10
41,676,0.8729782953399753,1.072249547300179e-05,0.0873942568597298,0.03961672530482134,25,10,10
41,677,0.8403687216134713,1.171670247414483e-06,0.1334841801160003,0.026145926600280457,25,10,10
41,678,0.7882689641516113,3.244332955460316e-05,0.1850659333633944,0.026632659155440535,25,10,10
41,679,0.7689355401370394,2.025578950501208e-06,0.19133083527611316,0.03973159900789721,25,10,10
41,680,0.7725012788794698,2.8879424858244996e-05,0.1874311054080758,0.04003873628759549,25,10,10
41,681,0.8432577821312894,1.3554718643452261e-05,0.12221868697821867,0.03450997617184877,25,10,10
41,682,0.772690390326879,1.3460594167299864e-05,0.19521644438460092,0.032079704694352625,25,10,10
41,683,0.7708835985904763,1.2697575323672233e-05,0.18940047754619185,0.039703226288006814,25,10,10
41,684,0.8321198265956008,3.5423202462658864e-05,0.12821902601665516,0.03962572418528156,25,10,10
41,685,0.8524970388666009,5.271066942648338e-06,0.10551547967243788,0.04198221039401821,25,10,10
41,686,0.8424255250952994,1.8394550676241052e-06,0.11787457258597346,0.03969806286365873,25,10,10
41,687,0.8457179470806484,6.424108907725983e-06,0.15392889330030113,0.00034673551014301326,25,10,10
41,688,0.8623166044028601,3.018864194583771e-06,0.13674289530811937,0.0009374814248256283,25,10,10
41,689,0.8969036624034854,1.4377898640399867e-05,0.0939403523494682,0.009141607348406192,25,10,10
41,690,0.8323137677000305,8.610078859015096e-06,0.15683310980477358,0.010844512416336619,25,10,10
41,691,0.831546513968533,5.1200515487221774e-05,0.1615169489393737,0.006885336576607249,25,10,10
41,692,0.8536206127455778,2.987389408658877e-06,0.1460004731643756,0.000375926700638237,25,10,10
41,693,0.9334162562530429,1.3307478246226908e-06,0.06616119009768291,0.0004212229014498554,25,10,10
41,694,0.860076254956593,1.4500630646168117e-06,0.13936343897270986,0.0005588560076325854,25,10,10
41,695,0.8465777831278821,3.248428077742694e-05,0.1519143736826232,0.0014753589087182135,25,10,10
41,696,0.9227377434538101,1.8857238440172387e-05,0.077089233084719,0.00015416622303080044,25,10,10
41,697,0.9195102859984827,1.214566347514191e-05,0.08028185298308985,0.00019571535495200502,25,10,10
41,698,0.8712272811716332,1.1738731088866699e-05,0.1286756291716263,8.535092565160105e-05,25,10,10
41,699,0.8077803931493434,1.1808351153027643e-05,0.19201273302168548,0.00019506547781845406,25,10,10
41,700,0.8608514411058219,1.249740861493997e-05,0.12293446369773552,0.016201597787828547,25,10,10
41,701,0.9123386779765683,1.544637790099677e-05,0.07620910054134421,0.011436775104186425,25,10,10
41,702,0.8958571614146708,5.2823140817194e-05,0.10397429540619939,0.00011572003831208274,25,10,10
41,703,0.8566937993461381,4.897653224951132e-05,0.14322188399673869,3.5340124872617865e-05,25,10,10
41,704,0.9278278186381411,2.5279325566041282e-05,0.07203978841677902,0.0001071136195141278,25,10,10
41,705,0.9178858621310196,2.1376455341103696e-05,0.08196872171908687,0.00012403969455271815,25,10,10
41,706,0.8535209189896479,9.609064555256674e-06,0.14534946782091,0.0011200041248878002,25,10,10
41,707,0.8267233541349017,0.0002812438155143544,0.1727283177817459,0.00026708426783712716,25,10,10
41,708,0.8702642186296629,0.00030871388372010833,0.12933111718454876,9.595030206722085e-05,25,10,10
41,709,0.8407049250705911,0.00029911980311244724,0.1508515688413464,0.00814438628495034,25,10,10
41,710,0.8523490400842659,3.570123285358113e-05,0.13975959714069955,0.007855661542180927,25,10,10
41,711,0.9215004207855997,2.0787849947319532e-06,0.07842673339307005,7.076703633616132e-05,25,10,10
41,712,0.8773471229039258,8.929393392622715e-07,0.1223737964982553,0.00027818765848018894,25,10,10
41,713,0.8468465421500097,9.470446189621543e-06,0.11394158006746277,0.039202407336337765,25,10,10
41,714,0.8465143418145985,1.0621093088944858e-05,0.11435210853632682,0.03912292855598567,25,10,10
41,715,0.8544578087011088,4.464187138455659e-05,0.1422064493126929,0.0032911001148138485,25,10,10
41,716,0.8706888323125739,5.5606143717201343e-05,0.1292111672074929,4.439433621635325e-05,25,10,10
41,717,0.8185001370219485,2.176533173361021e-05,0.178301829555335,0.0031762680909836966,25,10,10
41,718,0.8006745889297952,9.966447767909517e-05,0.19737950623877384,0.0018462403537516105,25,10,10
41,719,0.8156977985334583,1.4454616382911699e-05,0.1842776203392699,1.0126510888683832e-05,25,10,10
41,720,0.8040830524459297,9.115200539550462e-06,0.1958994822198282,8.35013370209236e-06,25,10,10
41,721,0.7821321903262113,7.711868066311588e-06,0.18163448043672525,0.036225617368996835,25,10,10
41,722,0.8663437222977255,1.458176215396916e-06,0.09352502796728951,0.040129791558769445,25,10,10
41,723,0.8662699506021228,3.485530155958111e-05,0.0978538364418505,0.03584135765446695,25,10,10
41,724,0.8308584188079073,5.351435433511431e-06,0.1293013176176976,0.03983491213896147,25,10,10
41,725,0.8974348495369897,9.436473393597074e-08,0.06226752374268853,0.040297532355588396,25,10,10
41,726,0.7973076643612766,3.288912936692544e-06,0.15198702248750712,0.05070202423827955,25,10,10
41,727,0.7007027850915662,1.1220091384496852e-05,0.2598660665426491,0.03941992827439992,25,10,10
41,728,0.7628926748260672,3.057776757342786e-05,0.197643229396273,0.039433518010086564,25,10,10
41,729,0.7771735577364755,9.408876038718625e-06,0.18341451587320926,0.03940251751427752,25,10,10
41,730,0.8805375382348961,8.064911580970471e-07,0.09455296750419767,0.024908687769748264,25,10,10
41,731,0.8916372776301329,3.010737846492384e-07,0.07609703814300114,0.03226538315308163,25,10,10
41,732,0.9186858012811427,1.5953291243373262e-07,0.04167163453946946,0.03964240464647556,25,10,10
41,733,0.9000260755425057,5.271514786962639e-07,0.09946769309513456,0.0005057042108818839,25,10,10
41,734,0.8758284489633068,1.592883456574901e-05,0.1228853944611091,0.0012702277410180922,25,10,10
41,735,0.9304899378568396,1.6502680454699977e-05,0.06943151105659696,6.204840610864667e-05,25,10,10
41,736,0.8497659304093745,2.360095068232819e-05,0.1500097171978462,0.00020075144209752774,25,10,10
41,737,0.7770830790917433,5.957632278942362e-05,0.18304594407087968,0.039811400514587585,25,10,10
41,738,0.8476916017848345,4.856639735845649e-05,0.12050715011677207,0.0317526817010352,25,10,10
41,739,0.823843459878044,1.3064522297444076e-05,0.1441880703718801,0.03195540522777796,25,10,10
41,740,0.7447611483592462,0.00010808071820083398,0.22307001880881086,0.032060752113742895,25,10,10
41,741,0.7579459827685474,6.484284799069562e-06,0.2163989151699684,0.02564861777668413,25,10,10
41,742,0.7444755498241505,2.174189729683955e-06,0.2152163249108612,0.04030595107525808,25,10,10
41,743,0.7854371564991315,4.2754015967655815e-06,0.2128957116962653,0.0016628564030063428,25,10,10
41,744,0.8529423542048157,2.81320584304241e-05,0.1446483037296189,0.0023812100071351435,25,10,10
41,745,0.8340452663929067,0.0005971330404445233,0.1563134484673089,0.009044152099339611,25,10,10
41,746,0.8773789629470865,0.0005806455790621939,0.12185445215757981,0.00018593931627085468,25,10,10
41,747,0.9017302042350361,0.0005676096564720353,0.09768830681043018,1.3879298061399928e-05,25,10,10
41,748,0.8857002838278847,0.0005712989178908713,0.11368615295861546,4.226429560875784e-05,25,10,10
41,749,0.8723997998606915,0.0005757453756426153,0.12682587527375247,0.00019857948991323343,25,10,10
41,750,0.8601197052180467,0.000837599316453584,0.1379422571418381,0.0011004383236612168,25,10,10
41,751,0.9214826645542403,1.6070277678900824e-06,0.07828221365568214,0.0002335147623097332,25,10,10
41,752,0.9132206857302121,1.4732961487754098e-05,0.08430634126205504,0.002458240046244661,25,10,10
41,753,0.9409417259963542,7.118847090900191e-07,0.058872339618704944,0.00018522250023155003,25,10,10
41,754,0.9398185650174716,5.4525971761405575e-06,0.06014905173310904,2.6930652243081042e-05,25,10,10
41,755,0.8227805091665761,0.00044735708452724225,0.17654936411943636,0.00022276962946023,25,10,10
41,756,0.8174621927777919,9.215813430685952e-07,0.17827742454671902,0.0042594610941454935,25,10,10
41,757,0.7806977631724622,1.848542626287813e-06,0.21520398756980874,0.004096400715103295,25,10,10
41,758,0.9288135742369874,6.619519463100708e-06,0.07082873410766663,0.00035107213588265643,25,10,10
41,759,0.8912839617712668,8.087535406837588e-06,0.09059931342043574,0.018108637272891196,25,10,10
41,760,0.8559929219847505,2.0729201591365706e-05,0.10422524116372532,0.03976110764993304,25,10,10
41,761,0.852266856832887,8.583905904320367e-06,0.08320194038941234,0.06452261887179732,25,10,10
41,762,0.8213679231541932,3.7843225808879784e-05,0.11138177000524305,0.06721246361475472,25,10,10
41,763,0.8065319254483688,1.6863133975641875e-06,0.14592350354602313,0.047542884692210866,25,10,10
41,764,0.8438610645479533,1.3356370868198604e-06,0.09169769358588274,0.06443990622907719,25,10,10
41,765,0.80473407503642,2.491202675061934e-05,0.13025003316334505,0.06499097977348409,25,10,10
41,766,0.7687268159326905,3.043138905443557e-05,0.191250386705931,0.03999236597232421,25,10,10
41,767,0.8777613931913472,2.1257204474641242e-05,0.11057630358371583,0.011641046020463166,25,10,10
41,768,0.9075567348457674,1.2196307640872353e-05,0.08080138609883301,0.011629682747759376,25,10,10
41,769,0.899821217309034,7.580128137330196e-07,0.08843902400150803,0.011739000676644072,25,10,10
41,770,0.9070059388521733,2.1956934644738023e-06,0.09281357012834607,0.0001782953260170474,25,10,10
41,771,0.8988192495885733,6.208231830971688e-07,0.09780349814962108,0.003376631438623162,25,10,10
41,772,0.81849192475073,1.6190332951491118e-05,0.17759837003867074,0.003893514877648221,25,10,10
41,773,0.8706948373554081,4.847475465976407e-07,0.12799412935958257,0.0013105485374627368,25,10,10
41,774,0.8535773422505737,4.0661263748590767e-05,0.14502304097162497,0.001358955514052215,25,10,10
41,775,0.8648734374196002,1.217911689799459e-05,0.13506050340150322,5.3880061998285485e-05,25,10,10
41,776,0.8830351526482778,1.269311529679861e-05,0.11065154615041789,0.006300608086007289,25,10,10
41,777,0.8553447216762704,1.4842111345189185e-06,0.13613453592730648,0.008519258185288781,25,10,10
41,778,0.9089287705232806,5.157895127491643e-06,0.08987532333808762,0.001190748243503255,25,10,10
41,779,0.9410363955013498,1.0960349623903964e-06,0.05892893400858996,3.357445509723263e-05,25,10,10
41,780,0.9411723341218955,1.2310252740600295e-05,0.05877908238062023,3.6273244743910986e-05,25,10,10
41,781,0.868345417527614,8.513950779357252e-07,0.1310826836348002,0.0005710474425085766,25,10,10
41,782,0.8801080465256449,2.2862366461204874e-06,0.11940904701082462,0.00048062022688445606,25,10,10
41,783,0.8685659439060706,0.0001636055406583514,0.1301081238684526,0.0011623266848177906,25,10,10
41,784,0.8313318694295248,6.1013665482220174e-06,0.14791413875496956,0.020747890448957224,25,10,10
41,785,0.7999773723062228,1.4947334315056864e-05,0.17898888478289535,0.021018795576566888,25,10,10
41,786,0.829756289472873,0.0005513765317459397,0.14886148328297388,0.020830850712407832,25,10,10
41,787,0.7623648923268336,0.0005513231959128455,0.2114940399849951,0.025589744492257857,25,10,10
41,788,0.8117619378010396,1.5425901588855598e-05,0.16741781188515334,0.020804824412217825,25,10,10
41,789,0.8843291815420169,1.3264896198148335e-05,0.09488485753689024,0.020772696024895024,25,10,10
41,790,0.8262350948839837,5.6068846686436476e-05,0.15089197254912134,0.02281686372020967,25,10,10
41,791,0.8520593841206896,1.1034031941860711e-05,0.12549816434442795,0.02243141750294151,25,10,10
41,792,0.8617004424921297,5.1420717138474403e-05,0.0977229589101029,0.040525177880628975,25,10,10
41,793,0.8557157234320464,4.098855979813844e-05,0.11912546010694854,0.025117827901206327,25,10,10
41,794,0.8796718048708547,3.385943293178373e-05,0.09519508348724473,0.0250992522089684,25,10,10
41,795,0.9333366887593081,1.5594269598727403e-05,0.026992603095208706,0.039655113875884614,25,10,10
41,796,0.9359633800213456,1.5359696357589748e-05,0.024199348260719594,0.03982191202157774,25,10,10
41,797,0.9005042061084854,1.5971543552531605e-05,0.05983497894679449,0.03964484340116774,25,10,10
41,798,0.8741101291745139,2.59884790285529e-06,0.08623130381155229,0.03965596816603092,25,10,10
41,799,0.8402152396201795,1.392042227120634e-06,0.12609733629198608,0.03368603204560693,25,10,10
41,800,0.8804501555151627,1.6008065417758414e-06,0.07839881092960929,0.041149432748686265,25,10,10
41,801,0.8435284474961664,3.129793858001387e-06,0.11534952379284961,0.04111889891712659,25,10,10
41,802,0.8908377222658657,3.374859892327475e-06,0.06839877101456204,0.04076013185968035,25,10,10
41,803,0.7819541980150794,7.543542131800942e-05,0.1782137561725674,0.03975661039103578,25,10,10
41,804,0.8597335313336998,8.498880317977757e-07,0.10049144707595045,0.039774171702317576,25,10,10
41,805,0.8500267916115689,8.00680560489812e-06,0.12040314805845963,0.029562053524367055,25,10,10
41,806,0.8533531267787144,1.0161883320264315e-05,0.1447040732645077,0.0019326380734582319,25,10,10
41,807,0.8654822669703338,2.7423669129749566e-05,0.12920166239715358,0.005288646963382512,25,10,10
41,808,0.8019690553496165,2.01503833316027e-05,0.1864073608034719,0.011603433463579893,25,10,10
41,809,0.7629142333433966,5.3756603116558626e-05,0.18838782064066206,0.04864418941282483,25,10,10
41,810,0.8899181293421029,5.405849052002025e-07,0.06985366523430458,0.04022766483868748,25,10,10
41,811,0.9164924516162796,1.3283124201686621e-05,0.04361783556165795,0.03987642969786071,25,10,10
41,812,0.8687828467062729,2.0698082893177058e-05,0.07923192179614594,0.05196453341468696,25,10,10
41,813,0.9001796260367909,1.4039760544273332e-05,0.09949437845241985,0.0003119557502447315,25,10,10
41,814,0.796673874011311,2.1099859161039316e-05,0.20261608662418573,0.0006889395053429351,25,10,10
41,815,0.8166678870049366,6.858968270905421e-05,0.18131569638539402,0.0019478269269595904,25,10,10
41,816,0.8641202222550113,5.043665437997029e-05,0.13518778076383697,0.0006415603267715621,25,10,10
41,817,0.8093049135618925,4.924680704735012e-05,0.1704721829481775,0.02017365668288321,25,10,10
41,818,0.7169605328796038,7.108143348103631e-05,0.2628311636313402,0.02013722205557473,25,10,10
41,819,0.8510653317175092,1.3482242357102536e-05,0.12882461359567246,0.020096572444460458,25,10,10
41,820,0.8279619955712109,1.327815663652994e-05,0.1324421634442934,0.03958256282785954,25,10,10
41,821,0.9111979042988534,8.928225981939933e-07,0.049110132691782445,0.039691070186765515,25,10,10
41,822,0.9017993042821666,1.0420199510774715e-06,0.058576104651870346,0.03962354904601169,25,10,10
41,823,0.8244580762543784,1.2030115016651081e-06,0.1360501190589117,0.03949060167520876,25,10,10
41,824,0.8578738586187404,3.819808888213443e-07,0.10259153806540831,0.03953422133496263,25,10,10
41,825,0.7967681461834885,1.8267069910641198e-06,0.16319923850771126,0.0400307886018095,25,10,10
41,826,0.9048038082260141,4.38751561132978e-06,0.055645358902243605,0.039546445356131374,25,10,10
41,827,0.8536789606949394,3.9293346894336815e-06,0.10880856558467177,0.03750854438569992,25,10,10
41,828,0.8835151328762504,6.420240153875849e-06,0.078922178102566,0.037556268781029634,25,10,10
41,829,0.8948294038197366,1.0892264062570414e-05,0.06548134021662115,0.039678363699579784,25,10,10
41,830,0.8985346664394049,8.308516465825978e-06,0.07226090907538057,0.029196115968749235,25,10,10
41,831,0.8915253794725512,2.002278604898794e-06,0.10068664540027285,0.007785972848570943,25,10,10
41,832,0.898472582953589,1.1978239361988956e-06,0.09994015468434711,0.001586064538128158,25,10,10
41,833,0.8738824760476076,1.0981895574953229e-05,0.11409113811357957,0.012015403943239801,25,10,10
41,834,0.8423415703818786,1.8429746421240117e-05,0.15747364262899458,0.00016635724270649393,25,10,10
41,835,0.9372982935384937,8.576783944783952e-06,0.06241328234724653,0.0002798473303152441,25,10,10
41,836,0.9331652461942279,1.0241693186851829e-05,0.06647718019982,0.0003473319127651264,25,10,10
41,837,0.8376754974586172,1.0538439628508917e-05,0.1578525667952926,0.0044613973064608235,25,10,10
41,838,0.8869847912321034,6.574452028595628e-06,0.11285094607711384,0.00015768823875343826,25,10,10
41,839,0.8780103763148362,0.0001564786931295207,0.12171240494385004,0.00012074004818432769,25,10,10
41,840,0.9100677379828508,1.640750655976557e-06,0.08960248513426274,0.00032813613222994496,25,10,10
41,841,0.8897893443525624,9.439656056353318e-07,0.10577148781135826,0.0044382238704737415,25,10,10
41,842,0.8689579929505074,9.048905375398293e-08,0.1258120248489253,0.005229891711514013,25,10,10
41,843,0.8948319262360711,1.1698571392915012e-06,0.1047306083893201,0.00043629551746961724,25,10,10
41,844,0.9030551451961136,6.483422247077568e-06,0.09693060084264776,7.770538991743748e-06,25,10,10
41,845,0.9510976748969976,1.4025698820860178e-05,0.048876618017690596,1.1681386490551403e-05,25,10,10
41,846,0.9601699215910736,1.1528667878708463e-05,0.03948814439316325,0.00033040534788402105,25,10,10
41,847,0.9393280151815159,2.1683378020462973e-06,0.03433472467277453,0.026335091807907586,25,10,10
41,848,0.8348374301990931,6.105340429990473e-06,0.12395436137797443,0.041202103082502134,25,10,10
41,849,0.9146459216490264,9.303798287984727e-07,0.05778554402641678,0.027567603944728025,25,10,10
41,850,0.8380893927420178,0.0012026448551772722,0.15268379304535665,0.008024169357449198,25,10,10
41,851,0.8770626961933908,1.552521310804189e-05,0.09695088634510043,0.02597089224840121,25,10,10
41,852,0.801846740776304,2.228839375766882e-05,0.15813446834783418,0.03999650248210406,25,10,10
41,853,0.8100252318556593,6.597700142907986e-05,0.15020880266595557,0.03969998847695659,25,10,10
41,854,0.8488456603101103,1.1553175130126304e-05,0.1129022352030854,0.038240551311673976,25,10,10
41,855,0.835828665869685,6.075231290209714e-06,0.12000502124321535,0.044160237655809474,25,10,10
41,856,0.7923646676821783,4.1820461370559354e-05,0.162242501139803,0.045351010716648196,25,10,10
41,857,0.7932700346031737,4.9867790882416126e-06,0.1617678605488089,0.044957118068929526,25,10,10
41,858,0.8411660813567303,0.0012600666070103242,0.1123790063750336,0.04519484566122692,25,10,10
41,859,0.7802798967688338,2.5716779444378675e-05,0.1644086428355194,0.055285743616202254,25,10,10
41,860,0.7977093413424617,1.7273737220592792e-05,0.09828510787079622,0.10398827704952142,25,10,10
41,861,0.7970574871340996,4.447530085877035e-06,0.13617993128999584,0.06675813404581894,25,10,10
41,862,0.7922339399386651,7.357497069444342e-06,0.14018874137724543,0.06756996118702005,25,10,10
41,863,0.8430210604002205,0.01637005531179071,0.07574927590506315,0.06485960838292536,25,10,10
41,864,0.8006790923165472,0.016378520231240673,0.10618687852344495,0.07675550892876708,25,10,10
41,865,0.8225074431712274,4.2200061568104673e-07,0.09829811909280986,0.07919401573534669,25,10,10
41,866,0.8580362024879014,5.190924522027984e-07,0.06230318812048997,0.07966009029915605,25,10,10
41,867,0.7205131581191851,0.00024119521036649054,0.19388565114559456,0.0853599955248539,25,10,10
41,868,0.7591492233903797,3.551520072787278e-05,0.16437780286014575,0.0764374585487467,25,10,10
41,869,0.8400586195151866,0.00018678916828655153,0.10869094374329087,0.051063647573234755,25,10,10
41,870,0.7904601526364514,0.00018492674920238643,0.15828848363211162,0.051066436982233884,25,10,10
41,871,0.8102245943191163,5.499043110844432e-06,0.14480226627476975,0.044967640363003485,25,10,10
41,872,0.861984140481843,6.069595684342977e-06,0.05303759478436626,0.08497219513810612,25,10,10
41,873,0.8605950287922525,0.00013914704941040033,0.05958558614290597,0.07968023801543142,25,10,10
41,874,0.8317153752280807,3.56212763775397e-06,0.12835076943520032,0.0399302932090814,25,10,10
41,875,0.8670105307023693,6.033592968248061e-06,0.09334507877493615,0.03963835692972637,25,10,10
41,876,0.8990397842167532,0.0003202927022632816,0.06971545608691362,0.030924466994069522,25,10,10
41,877,0.8795426414480755,0.00037241076152637554,0.10568163899641454,0.014403308793984177,25,10,10
41,878,0.9198819227133922,0.00031963903913194967,0.05239197017516762,0.0274064680723083,25,10,10
41,879,0.8945763691342098,0.0003267937589021076,0.07946141656364247,0.02563542054324587,25,10,10
41,880,0.8806177792343973,0.0003203534936830909,0.07659625250760883,0.04246561476431082,25,10,10
41,881,0.8979353471026844,1.0116476956611157e-06,0.06124186246168727,0.0408217787879328,25,10,10
41,882,0.9102596285533554,1.7740707888677902e-05,0.048766166245199846,0.04095646449355652,25,10,10
41,883,0.9345450749159572,8.577000122890235e-07,0.025768775107295087,0.03968529227673517,25,10,10
41,884,0.8311332663335975,2.8934175798295833e-05,0.1370502484569595,0.03178755103364436,25,10,10
41,885,0.8087515073194536,2.556988398247693e-05,0.1515365661572496,0.039686356639314115,25,10,10
41,886,0.8732520408239536,9.621489783132984e-06,0.08668648496024217,0.040051852726019896,25,10,10
41,887,0.9246714249537941,4.841373017779833e-06,0.07521244690953593,0.00011128676365162778,25,10,10
41,888,0.8992886514179521,1.0371659164548902e-06,0.10057156641545444,0.00013874500067755297,25,10,10
41,889,0.9411802083500994,3.7060521055817136e-06,0.05775480978116747,0.0010612758166276106,25,10,10
41,890,0.8921615280545337,6.340318875020874e-07,0.09643355099498034,0.011404286918598372,25,10,10
41,891,0.7943239994233521,4.809133354159961e-06,0.17843076715107845,0.027240424292215338,25,10,10
41,892,0.8443885574544904,4.360325510152503e-06,0.14877121415201355,0.006835868067985213,25,10,10
41,893,0.8605990270384811,3.543526856499744e-05,0.13311964605257337,0.00624589164037959,25,10,10
41,894,0.8983413876405458,4.239881452858702e-07,0.0964005265871442,0.00525766178416419,25,10,10
41,895,0.9053522336223075,1.101539486775347e-06,0.09244568019193965,0.002200984646267383,25,10,10
41,896,0.8817929756120182,1.5273755035597694e-05,0.11800439956589635,0.00018735106705073054,25,10,10
41,897,0.9530448706366975,2.2173148474442084e-05,0.045590290215166994,0.0013426659996605883,25,10,10
41,898,0.8447072889976862,2.5678382152997027e-06,0.1546361522342459,0.000653990929852171,25,10,10
41,899,0.8520883586810158,2.2992426739044647e-05,0.1476145662926907,0.00027408259955361784,25,10,10
41,900,0.8016542528261266,2.212835037194227e-05,0.16144194475447624,0.036881674069024976,25,10,10
41,901,0.8984628208550022,1.5597485201195774e-06,0.06476433207664306,0.03677128731983516,25,10,10
41,902,0.8682173988477008,3.351094841824e-05,0.09148941108750823,0.040259679116372994,25,10,10
41,903,0.8074892854572902,2.65728804162434e-05,0.15284620548812902,0.039637936174164515,25,10,10
41,904,0.7772723982526714,0.00015464745438427697,0.19349447210339782,0.029078482189547814,25,10,10
41,905,0.7336195420179039,0.0001750326808082212,0.22178611143887175,0.04441931386241732,25,10,10
41,906,0.8164078950387385,6.861817957155374e-05,0.1817789660297774,0.0017445207519123746,25,10,10
41,907,0.8378835175053012,5.154597058317661e-05,0.1620372963000819,2.7640224034150995e-05,25,10,10
41,908,0.9038064532034699,5.1715414403951865e-06,0.08879372490466003,0.0073946503504302,25,10,10
41,909,0.8382922292637137,1.87480928135065e-06,0.13233371701206134,0.02937217891494446,25,10,10
41,910,0.820664461234763,0.00013802375988066363,0.1552710540393939,0.02392646096596278,25,10,10
41,911,0.8034031580366607,0.00013529206267101914,0.15614563402785256,0.04031591587281584,25,10,10
41,912,0.808766728028774,0.0001458398607640101,0.15103277099692294,0.040054661113539315,25,10,10
41,913,0.8221483703551398,7.345718449018724e-05,0.1518284263785625,0.025949746081807893,25,10,10
41,914,0.79585640348269,5.886038560995443e-06,0.16791221194523945,0.03622549853350984,25,10,10
41,915,0.774464162890475,5.612943408970142e-06,0.18596006933095144,0.03957015483516415,25,10,10
41,916,0.8383689342349966,3.2644941335059415e-05,0.12195735168397094,0.039641069139697706,25,10,10
41,917,0.8527977229905513,3.454016395609442e-06,0.10713532884006861,0.04006349415298456,25,10,10
41,918,0.85128473830544,2.43896418006777e-06,0.1462077848348956,0.002505037895485168,25,10,10
41,919,0.821874399763211,4.106104693721142e-06,0.17740621630822204,0.0007152778238738986,25,10,10
41,920,0.863184678882779,3.0560923022494627e-06,0.1364425066344789,0.0003697583904394211,25,10,10
41,921,0.9326917304301899,1.7251197730616977e-06,0.06724518255742278,6.136189261428831e-05,25,10,10
41,922,0.8980736609872215,2.4786740577503957e-06,0.10165261140307086,0.0002712489356500368,25,10,10
41,923,0.80126934987212,4.214081043792323e-06,0.1897016299595788,0.009024806087258239,25,10,10
41,924,0.7921068836609751,0.0005605318163912473,0.1989152129352755,0.008417371587356923,25,10,10
41,925,0.7957907635477136,0.00010402127690538099,0.20348294443979215,0.0006222707355883675,25,10,10
41,926,0.9502337533136789,5.486342876338767e-05,0.049385880431540644,0.00032550282601753294,25,10,10
41,927,0.9178259692535445,5.499230985868443e-05,0.08179151598216335,0.00032752245443395966,25,10,10
41,928,0.9320606261237974,5.426731956496458e-05,0.05721336427961074,0.010671742277026752,25,10,10
41,929,0.9021352857726117,5.4118391780294736e-05,0.08725743381712175,0.010553162018485615,25,10,10
41,930,0.8181530889407176,6.432148970038767e-07,0.17975457350048318,0.0020916943439030712,25,10,10
41,931,0.8353684425055338,7.994327584601359e-06,0.16435496179320402,0.00026860137367866634,25,10,10
41,932,0.8728914877338052,1.6907589924500537e-06,0.12681066294346813,0.0002961585637350735,25,10,10
41,933,0.9020685425632291,8.140434734573778e-07,0.09563741980279249,0.0022932235905046582,25,10,10
41,934,0.8560300715862681,1.8168836376642212e-06,0.14252578025118512,0.0014423312789091502,25,10,10
41,935,0.9356439681938774,2.6944424235607183e-06,0.06427260164317872,8.073572052039424e-05,25,10,10
41,936,0.9488106531823078,1.8655617926546386e-06,0.051028327634124834,0.0001591536217749127,25,10,10
41,937,0.9337283108846328,1.3034458197196425e-05,0.06606306219901342,0.00019559245815658414,25,10,10
41,938,0.8879918583360095,1.2771869845152547e-05,0.11191024437140631,8.51254227386765e-05,25,10,10
41,939,0.9643884435862469,3.79686068531843e-07,0.03559775116823344,1.342555945144038e-05,25,10,10
41,940,0.8912893381205698,1.031232922892176e-05,0.10855872049335005,0.0001416290568515159,25,10,10
41,941,0.8731117785820967,0.012520748509288068,0.11424430289895617,0.0001231700096589759,25,10,10
41,942,0.8586150313834412,0.03677064354069305,0.10457864808075663,3.567699510906307e-05,25,10,10
41,943,0.8263099618431675,0.03677028224813659,0.13647015852962846,0.00044959737906680804,25,10,10
41,944,0.878635240569153,1.0475173634200927e-06,0.11389927864008902,0.007464433273394067,25,10,10
41,945,0.8847045812044279,1.7682919057861558e-05,0.11411781579679514,0.0011599200797192074,25,10,10
41,946,0.904720453576233,7.342713889479944e-05,0.0946094235129234,0.0005966957719483815,25,10,10
41,947,0.8502740018550135,1.2999286105281897e-05,0.14956010075206982,0.0001528981068128768,25,10,10
41,948,0.8085226568182047,7.2920657272648874e-06,0.19132330867309477,0.00014674244297184643,25,10,10
41,949,0.8588353565817202,1.1652647571564281e-05,0.13824442648911384,0.0029085642815945,25,10,10
41,950,0.8378171289377166,3.2315781485082434e-05,0.1572126535848062,0.004937901695991707,25,10,10
41,951,0.8755073866160913,0.0002901889185544938,0.1213330767499542,0.0028693477153997077,25,10,10
41,952,0.9160547972811195,0.0002756108546367095,0.0836041149872329,6.547687701082318e-05,25,10,10
41,953,0.9557161250574986,2.184286746046528e-07,0.044255634910236784,2.8021603589894552e-05,25,10,10
41,954,0.825000956535046,1.3773701878885316e-05,0.17004521268857417,0.004940057074500922,25,10,10
41,955,0.842607545858538,2.791493209165691e-06,0.15488385090962886,0.002505811738623407,25,10,10
41,956,0.9233761093710471,7.4114056758083865e-06,0.0765120871054944,0.00010439211778206797,25,10,10
41,957,0.8920908071109582,3.7894507051762083e-07,0.10462449058219335,0.0032843233617778273,25,10,10
41,958,0.940954491864106,6.8991556030341896e-06,0.05901350258368807,2.5106396603074915e-05,25,10,10
41,959,0.9145075925945204,8.188265932584464e-06,0.08354215377427524,0.0019420653652718173,25,10,10
41,960,0.9363747861607753,7.57473957643884e-06,0.058430611792320925,0.005187027307327841,25,10,10
41,961,0.8918773253090514,0.00039006071877730863,0.10771005366002726,2.256031214435759e-05,25,10,10
41,962,0.9451236729970366,9.319395011300403e-05,0.05470193161961087,8.120143323938886e-05,25,10,10
41,963,0.8647021522600756,0.00012452777878480922,0.134928450632813,0.0002448693283262902,25,10,10
41,964,0.8950433107400468,0.0001294482257993099,0.1014383821896952,0.003388858844458045,25,10,10
41,965,0.8915850074940822,7.285543169148718e-05,0.10817776246322346,0.00016437461100278787,25,10,10
41,966,0.8593359807214108,4.574935964710971e-05,0.1405921464115453,2.61235073958904e-05,25,10,10
41,967,0.8983552986754926,2.722814438056664e-06,0.10160360860285339,3.836990721613825e-05,25,10,10
41,968,0.8723268120755279,3.310372464456318e-05,0.12758196333125016,5.812086857735623e-05,25,10,10
41,969,0.7842687511659304,1.4176030175860801e-06,0.20668285801309924,0.00904697321795266,25,10,10
41,970,0.8760221559981188,2.0450509819558264e-06,0.12390562987960248,7.016907129566468e-05,25,10,10
41,971,0.8444665637575244,2.588875107358172e-06,0.15523005301820306,0.0003007943491645172,25,10,10
41,972,0.8217209645937088,2.1850729152551337e-06,0.17768790337636897,0.0005889469570077603,25,10,10
41,973,0.8849699501719036,7.558116453476429e-07,0.11484878903528846,0.00018050498116256868,25,10,10
41,974,0.8443001115546174,3.5114593378611097e-06,0.1532747659668971,0.0024216110191467907,25,10,10
41,975,0.8775786885121193,1.3021271563431936e-06,0.11987316845637956,0.0025468409043449625,25,10,10
41,976,0.8806752469433021,1.3747021033821785e-05,0.11526658388825944,0.004044422147404155,25,10,10
41,977,0.8349177406684041,1.440051813501373e-05,0.1628941474081123,0.002173711405348232,25,10,10
41,978,0.8383292726754437,7.789975039815007e-06,0.1610965564039283,0.0005663809455878566,25,10,10
41,979,0.8915411443324538,1.057434101550586e-06,0.1078626027326919,0.0005951955007538682,25,10,10
41,980,0.8536416070827545,3.227508143582122e-06,0.14621235642216285,0.000142808986939495,25,10,10
41,981,0.8400908471584352,1.2997687746830245e-06,0.15979411801619126,0.00011373505659966412,25,10,10
41,982,0.9637289476468069,2.378062065170155e-06,0.03625612537584678,1.2548915280798356e-05,25,10,10
41,983,0.9576094838184211,3.666884165663014e-06,0.04142537645648583,0.0009614728409280044,25,10,10
41,984,0.9393308735329371,9.879831019778797e-06,0.05737892447545548,0.00328032216058738,25,10,10
41,985,0.8446676538188614,0.00025242539787000904,0.15045726608280016,0.004622654700467966,25,10,10
41,986,0.8547020448352162,1.266052866548636e-05,0.1452080921886086,7.720244750931544e-05,25,10,10
41,987,0.9008536879565999,8.992630218905943e-06,0.0990553657744743,8.195363870649982e-05,25,10,10
41,988,0.8888561414842525,5.166473170553501e-06,0.1108847361458955,0.0002539558966817615,25,10,10
41,989,0.9356866879362111,8.739483341625018e-06,0.06192295501091952,0.0023816175695279447,25,10,10
41,990,0.9266799194686639,3.4552994428176084e-06,0.07287879499533345,0.00043783023656000563,25,10,10
41,991,0.960503237525346,1.1602531220380516e-06,0.03943200921400992,6.359300752158055e-05,25,10,10
41,992,0.9279022664959414,6.10403073177418e-08,0.07205821812201597,3.945434173514641e-05,25,10,10
41,993,0.881682885865375,8.961712395694491e-07,0.11692232621225142,0.0013938917511336418,25,10,10
41,994,0.8814693945887594,6.573228175670366e-05,0.11804939888918774,0.00041547424029551963,25,10,10
41,995,0.8806814322539188,4.248444514706017e-07,0.11846200266038096,0.0008561402412482814,25,10,10
41,996,0.8149527128100855,5.491960812148091e-07,0.17307215256551814,0.01197458542831505,25,10,10
41,997,0.8433229012673729,6.908932794786402e-05,0.14461942215845433,0.011988587246225552,25,10,10
41,998,0.8413810989231397,0.00035828818576099806,0.15805746976879262,0.00020314312230713662,25,10,10
41,999,0.8485059984638547,0.0003431894957056338,0.1506373941188281,0.0005134179216120436,25,10,10
41,1000,0.9069276524259946,1.680740093011741e-06,0.09291594003410798,0.00015472679980385042,25,10,10
41,1001,0.9230365054297751,9.15358694822844e-07,0.076678388811004,0.0002841904005256495,25,10,10
41,1002,0.9183740620587821,1.5076148287600382e-06,0.0814884506689925,0.00013597965739690058,25,10,10
41,1003,0.8869671373584653,1.5812030417934786e-05,0.08281904340211778,0.03019800720899879,25,10,10
41,1004,0.8743193608721599,1.5754825800507456e-05,0.09552015820622956,0.030144726095809937,25,10,10
41,1005,0.8625771970479916,1.8518714008901813e-05,0.09700679275196855,0.04039749148603091,25,10,10
41,1006,0.8480485126784382,6.813897530137519e-05,0.11156350237970578,0.040319845966554545,25,10,10
41,1007,0.8346884530366299,7.053153117330688e-05,0.1267748149321516,0.03846620050004484,25,10,10
41,1008,0.8248272503729601,8.378150787994752e-05,0.16861863139118982,0.006470336727970571,25,10,10
41,1009,0.8944579993370898,1.178399614639572e-06,0.09907194379201334,0.0064688784712837125,25,10,10
41,1010,0.8947807183990755,9.026487188376476e-07,0.09866612088015767,0.006552258072048872,25,10,10
41,1011,0.8871201899383679,2.7990139898088153e-06,0.11250238639942461,0.00037462464821777286,25,10,10
41,1012,0.8596293890993852,1.644325386050266e-05,0.13991784607047825,0.0004363215762760427,25,10,10
41,1013,0.8747758098081124,0.0002827642344335884,0.12458924405999715,0.0003521818974570603,25,10,10
41,1014,0.8877929996534861,0.00012566561309151358,0.11203009171601402,5.1243017409055375e-05,25,10,10
41,1015,0.8627399914336064,0.0001258299507610955,0.13579275199775598,0.0013414266178770327,25,10,10
41,1016,0.8124693494371685,5.62697302730793e-05,0.17921821693502693,0.008256163897530849,25,10,10
41,1017,0.8188316578989049,6.911410086394746e-05,0.1695803214797006,0.011518906520531105,25,10,10
41,1018,0.7938849795494126,0.00014951355964476474,0.20464280941348878,0.001322697477453867,25,10,10
41,1019,0.8563755709785962,6.961283457501073e-05,0.14320191180740957,0.00035290437941898594,25,10,10
41,1020,0.8844001732192978,7.005360628340117e-05,0.11478368000548345,0.000746093168935094,25,10,10
41,1021,0.9322053345676364,1.2130560913947016e-06,0.06735572130194037,0.00043773107433173365,25,10,10
41,1022,0.8551307266379381,4.980470079460577e-06,0.14472031381165218,0.00014397908033063564,25,10,10
41,1023,0.903919533517584,8.597421282016583e-06,0.06467078367212101,0.031401085389012706,25,10,10
41,1024,0.8833375409770504,4.664387779273688e-06,0.07669888718040996,0.03995890745476022,25,10,10
41,1025,0.8932600195634852,4.980003482687856e-06,0.06585404556746363,0.040880954865568045,25,10,10
41,1026,0.8186802337278714,1.0137871389597094e-05,0.1461535004254338,0.0351561279753051,25,10,10
41,1027,0.8034381949402154,1.4044720928620575e-05,0.15240102152751472,0.04414673881134077,25,10,10
41,1028,0.8234655604545101,1.803018774350543e-05,0.1338570346507691,0.042659374706977025,25,10,10
41,1029,0.8895010974755977,1.2468470515004292e-06,0.07086269455217947,0.03963496112517142,25,10,10
41,1030,0.8229022591251323,7.369344881253334e-06,0.15252173692109142,0.02456863460889498,25,10,10
41,1031,0.8098232456862766,8.812920866228994e-06,0.16470433463058767,0.025463606762269584,25,10,10
41,1032,0.8494199416178116,5.2635025711694e-07,0.12511955282790543,0.025459979204026394,25,10,10
41,1033,0.8251316119509227,1.883785635714688e-06,0.14196454394300778,0.032901960320434756,25,10,10
41,1034,0.9111436050847053,1.9079041256278835e-06,0.044089630495093984,0.04476485651607534,25,10,10
41,1035,0.8830273898296391,1.7257211925832172e-06,0.07219553772230851,0.044775346726859594,25,10,10
41,1036,0.8714571133223921,1.1977768044376129e-05,0.0885240594485839,0.04000684946097961,25,10,10
41,1037,0.9228802901044635,7.793702176998921e-07,0.036895300073851306,0.04022363045146679,25,10,10
41,1038,0.8773733213675046,2.131505177883488e-07,0.043512400898719605,0.07911406458325801,25,10,10
41,1039,0.8693313016194072,1.2740864191744149e-06,0.09026607304133555,0.04040135125283892,25,10,10
41,1040,0.7759593335276782,7.118276713281003e-05,0.1830103936348499,0.04095909007033924,25,10,10
41,1041,0.8839203212771791,1.2663861128930375e-06,0.07560627287681936,0.04047213945988846,25,10,10
41,1042,0.9381031592200526,1.399236459525824e-06,0.02214688722433085,0.039748554319156956,25,10,10
41,1043,0.9147962184961177,3.3282005026874855e-06,0.04553296592904729,0.0396674873743321,25,10,10
41,1044,0.9310712648640456,1.333372560197891e-06,0.06793524598899416,0.0009921557744001226,25,10,10
41,1045,0.9124005483493689,2.254353908225282e-05,0.08714635400396392,0.00043055410758510617,25,10,10
41,1046,0.8584466023480921,0.00043639151852137433,0.13903424332480663,0.0020827628085805104,25,10,10
41,1047,0.911672826685539,6.700530663497051e-05,0.08650273288107967,0.0017574351267467486,25,10,10
41,1048,0.9147503694214792,7.074131839249868e-05,0.08481314215910989,0.0003657471010182573,25,10,10
41,1049,0.9557755718466012,1.0302405581831607e-05,0.04408128725395089,0.00013283849386555466,25,10,10
41,1050,0.8813899287050688,1.6007816145334082e-05,0.1168231658743637,0.0017708976044224266,25,10,10
41,1051,0.8657116460869939,1.23407782362883e-05,0.13192146487888634,0.0023545482558838707,25,10,10
41,1052,0.8721995233867251,2.3531589977711773e-06,0.12437306975315517,0.0034250537011222414,25,10,10
41,1053,0.8294265049376415,5.24016214312171e-06,0.16708401444996443,0.003484240450250698,25,10,10
41,1054,0.8419772718415307,1.498912584471559e-05,0.15794272324255218,6.501579007170923e-05,25,10,10
41,1055,0.9118786240778525,3.793839301064892e-05,0.083899713710614,0.004183723818522705,25,10,10
41,1056,0.9148493770221048,2.30615783174184e-05,0.0847078663831021,0.00041969501647597427,25,10,10
41,1057,0.8988849395597185,2.6458564036066757e-05,0.10065750734903683,0.00043109452720815834,25,10,10
41,1058,0.9156522737638287,2.85048736970245e-06,0.08395363137255835,0.0003912443762428133,25,10,10
41,1059,0.8863022679496133,2.1360643505801724e-05,0.10908416404675496,0.004592207360125937,25,10,10
41,1060,0.8826712319761556,3.779481428393535e-06,0.11468852347761958,0.0026364650647957206,25,10,10
41,1061,0.8354687071469722,7.311948227260789e-05,0.16394492417888767,0.0005132491918671854,25,10,10
41,1062,0.9022001860507066,2.8009765882312695e-05,0.09195579264368645,0.005816011539724411,25,10,10
41,1063,0.8520775170566017,9.945858872665226e-06,0.10845314204425627,0.03945939504026973,25,10,10
41,1064,0.7774944841990302,8.383981500504583e-06,0.18503546462868822,0.037461667190781825,25,10,10
41,1065,0.8603591375099584,3.840919112094886e-06,0.1032147157360089,0.036422305834919566,25,10,10
41,1066,0.8387264559066478,1.279014869034146e-05,0.1212081873201938,0.040052566624467933,25,10,10
41,1067,0.7519275287149145,4.668957115839691e-06,0.2081260765025464,0.039941725825424275,25,10,10
41,1068,0.8506898369004214,0.00027157017794403494,0.13565873220990063,0.013379860711734047,25,10,10
41,1069,0.799508285219768,0.00027056812657495386,0.17530064370424614,0.024920502949409475,25,10,10
41,1070,0.7636508847909266,0.00027066972865075824,0.21256884539374593,0.023509600086677636,25,10,10
41,1071,0.8155720342563437,0.00026917699200132444,0.14820537487693286,0.03595341387472173,25,10,10
41,1072,0.8499746307439652,0.00026899221993333507,0.11407287369184708,0.035683503344254186,25,10,10
41,1073,0.8088236647134229,0.00027785069880581124,0.1548267556864388,0.036071728901333595,25,10,10
41,1074,0.8490049319469197,3.8480506501901055e-06,0.11116686567399875,0.03982435432843146,25,10,10
41,1075,0.8725706199791614,3.4165093999654983e-06,0.0772260735992503,0.05019988991218805,25,10,10
41,1076,0.8230720723040349,5.922729056926633e-05,0.12026543562019683,0.05660326478519835,25,10,10
41,1077,0.7782881897139318,8.11732615116908e-05,0.17888910206009254,0.0427415349644648,25,10,10
41,1078,0.7988472047516383,0.020988071353875447,0.133161196131545,0.0470035277629415,25,10,10
41,1079,0.8161076863847627,0.0003885283935070494,0.13733808980232945,0.04616569541940167,25,10,10
41,1080,0.7536755446595872,2.9656820258151785e-05,0.21808118520143308,0.0282136133187214,25,10,10
41,1081,0.7616933970116959,2.335923517211038e-05,0.21039174327768922,0.027891500475441592,25,10,10
41,1082,0.781804615443781,2.893440047018501e-05,0.17801624703920063,0.04015020311654753,25,10,10
41,1083,0.7853887937126919,1.3687018993108773e-06,0.17202344886134133,0.042586388724068405,25,10,10
41,1084,0.848642084109443,7.2886500084174374e-06,0.10930694820983372,0.0420436790307149,25,10,10
41,1085,0.8607391703293882,5.40813802857849e-06,0.1103079750865434,0.02894744644604004,25,10,10
41,1086,0.8630399553333146,1.6262810817263215e-06,0.10074407129715209,0.03621434708845155,25,10,10
41,1087,0.8916919427603572,0.00027307472734911913,0.07171308240593759,0.03632190010635556,25,10,10
41,1088,0.8231038905014718,0.00028095421904430107,0.13653974102370875,0.04007541425577517,25,10,10
41,1089,0.7223387987736336,0.00027541262518356957,0.19566248247046036,0.08172330613072226,25,10,10
41,1090,0.7637466044058694,5.048937705706411e-06,0.15463076984944993,0.08161757680697633,25,10,10
41,1091,0.8127216162053547,0.0009819859849995228,0.11470599817008259,0.07159039963956361,25,10,10
41,1092,0.8045843231796033,1.6571228490027645e-06,0.12334964161925815,0.07206437807829032,25,10,10
41,1093,0.8098834557617454,0.00020422762250834042,0.12252890511127788,0.06738341150446928,25,10,10
41,1094,0.8785996027475598,2.072753995262541e-06,0.08176202557705486,0.03963629892139067,25,10,10
41,1095,0.9187982761428986,1.9002838746891585e-06,0.03835784541519612,0.042841978158030154,25,10,10
41,1096,0.9292138028472281,6.195862661342384e-07,0.0402277453068113,0.030557832259694287,25,10,10
41,1097,0.8989036607536365,2.7111250217048527e-06,0.061166409348430095,0.039927218772912394,25,10,10
41,1098,0.8778753322243125,0.0003331394900612147,0.08395021341583844,0.03784131486978736,25,10,10
41,1099,0.8852802428203599,0.00033253375144639966,0.07655747592815663,0.037829747500037286,25,10,10
41,1100,0.8913230661040421,7.607499534490248e-06,0.10830606074715796,0.0003632656492654117,25,10,10
41,1101,0.7706174860011167,9.414058704802297e-06,0.19283528473578446,0.036537815204393406,25,10,10
41,1102,0.7563234114684544,7.051237258460814e-06,0.20354354651013742,0.04012599078415012,25,10,10
41,1103,0.7373601712077449,3.816445454486778e-06,0.22243240554938556,0.0402036067974141,25,10,10
41,1104,0.7880253110155483,3.5272079240177397e-06,0.17162501029536087,0.04034615148116576,25,10,10
41,1105,0.827108704594875,3.0691207365404166e-06,0.1316576054156716,0.041230620868716504,25,10,10
41,1106,0.8270630347706356,2.8440430049219737e-06,0.12922114472983687,0.04371297645652243,25,10,10
41,1107,0.7954029471156895,2.555742623527857e-06,0.13065700254676768,0.07393749459491933,25,10,10
41,1108,0.8178458240330723,3.554430693513441e-06,0.13981206438200675,0.042338557154227366,25,10,10
41,1109,0.8517010521668351,9.32088412063005e-05,0.1148873495956938,0.03331838939626488,25,10,10
41,1110,0.8535417734401172,2.1675716126117192e-05,0.10098080028966808,0.04545575055408872,25,10,10
41,1111,0.8499908515860493,2.1919211608107516e-05,0.07642923930899266,0.07355798989334988,25,10,10
41,1112,0.8169049107857208,1.4540328645286032e-06,0.09138506045771744,0.09170857472369662,25,10,10
41,1113,0.8176066829537799,0.0003296760033859978,0.10112205117744409,0.08094158986539028,25,10,10
41,1114,0.8316693650490161,4.816872624357025e-07,0.08891931031973854,0.07941084294398268,25,10,10
41,1115,0.8601717282892567,1.0237660294753707e-06,0.060426995880049794,0.07940025206466444,25,10,10
41,1116,0.8989732365769144,3.910372994276929e-05,0.06090464468136572,0.040083015011776926,25,10,10
41,1117,0.8771958178943419,1.4778966161836877e-05,0.08257445082001821,0.04021495231947756,25,10,10
41,1118,0.9151575575169584,1.0896710939082683e-05,0.08454476817244715,0.0002867775996553575,25,10,10
41,1119,0.8139408768963702,1.4609679113148727e-06,0.18602998912883234,2.767300688595326e-05,25,10,10
41,1120,0.8532476639587067,5.049755823451303e-06,0.14671825258851182,2.9033696957342226e-05,25,10,10
41,1121,0.8862994068130321,4.3729714972637894e-07,0.11365145758950009,4.869830031811752e-05,25,10,10
41,1122,0.8802049951586262,4.44602387506441e-07,0.05606482404341915,0.06372973619556754,25,10,10
41,1123,0.8444599191639169,2.52870032212303e-06,0.08854916556768658,0.06698838656807447,25,10,10
41,1124,0.8166961990073609,0.0007452892148321511,0.11545395230216929,0.06710455947563751,25,10,10
41,1125,0.7788356848946516,0.000745320085663996,0.14215664841403525,0.07826234660564886,25,10,10
41,1126,0.7310588061548807,0.0007451129339121045,0.15035013817247622,0.11784594273873038,25,10,10
41,1127,0.7218368186775902,0.0007458208467476656,0.19076167038756559,0.08665569008809673,25,10,10
41,1128,0.7871171896315836,1.8181534987841023e-05,0.15071612458588177,0.06214850424754746,25,10,10
41,1129,0.8117698214866854,1.530031513977875e-05,0.11242782971350294,0.0757870484846715,25,10,10
41,1130,0.8893047698595454,9.228691169519207e-06,0.10284948241646967,0.007836519032814468,25,10,10
41,1131,0.8510100896774162,1.4797930519918945e-06,0.10800162156762017,0.040986808961911834,25,10,10
41,1132,0.8720232049746585,8.572384140417352e-06,0.0911618897789128,0.03680633286228848,25,10,10
41,1133,0.8958790750486763,2.21861563807123e-05,0.06398598126858678,0.040112757526356214,25,10,10
41,1134,0.8812917122420582,7.715324159495656e-07,0.07868988899798261,0.04001762722754325,25,10,10
41,1135,0.9084265194249573,3.5533632884975725e-06,0.05535407211851221,0.0362158550932416,25,10,10
41,1136,0.9128586355391123,1.1167576265135904e-05,0.05498244923314708,0.03214774765147548,25,10,10
41,1137,0.8323416646576146,1.194770572941936e-05,0.135190420293628,0.03245596734302772,25,10,10
41,1138,0.8177866777898447,2.0327166553697074e-06,0.18135928168535032,0.0008520078081499696,25,10,10
41,1139,0.8600052504126281,1.9020551079437201e-06,0.1393749852606636,0.0006178622715998428,25,10,10
41,1140,0.8609384268429834,5.6671335271013785e-05,0.12868892538019283,0.01031597644155238,25,10,10
41,1141,0.8309872792278921,6.431714418200335e-05,0.1598565777475709,0.009091825880355403,25,10,10
41,1142,0.8295757714724163,6.663724503120329e-05,0.1698291318511137,0.0005284594314392456,25,10,10
41,1143,0.8733623046712666,1.1004216938305788e-05,0.1261330056504376,0.0004936854613578595,25,10,10
41,1144,0.859176242230314,4.17039748982439e-05,0.14043467789199066,0.00034737590279739427,25,10,10
41,1145,0.8731472457549375,6.52715089618634e-05,0.12644226648430681,0.0003452162517936602,25,10,10
41,1146,0.8858269651262419,3.3854695814954127e-06,0.11318719916869975,0.0009824502354765026,25,10,10
41,1147,0.8408308313594698,7.324093044805162e-07,0.15904280232719528,0.0001256339040311944,25,10,10
41,1148,0.8579351085138289,1.7311875447816525e-05,0.14193775370110692,0.00010982590961723947,25,10,10
41,1149,0.9055403765852325,6.979364836607189e-05,0.09411870560985887,0.00027112415654342745,25,10,10
41,1150,0.861400509279273,0.0008344473431436989,0.1373568313258886,0.00040821205169451973,25,10,10
41,1151,0.8888032587115836,7.757985167224572e-07,0.110923635989337,0.00027232950056242964,25,10,10
41,1152,0.8845462090591508,1.0285704020746486e-06,0.10497602978029709,0.01047673259015078,25,10,10
41,1153,0.8237809168511977,2.6030288413480397e-06,0.16578754697975676,0.010428933140203893,25,10,10
41,1154,0.8991785165854428,4.6562996169434916e-07,0.08772117079577367,0.013099846988821405,25,10,10
41,1155,0.87127337953084,7.993979813853902e-06,0.08911377053487315,0.03960485595447298,25,10,10
41,1156,0.8443760520435546,7.57607846062831e-07,0.11603966153550332,0.03958352881309613,25,10,10
41,1157,0.8251284914222151,1.3358447665196921e-06,0.13534511450668676,0.03952505822633079,25,10,10
41,1158,0.8392843325082687,1.120459314972556e-05,0.12114997518563544,0.039554487712946756,25,10,10
41,1159,0.8471490842256081,2.3842391393273555e-05,0.1132779871393617,0.03954908624363668,25,10,10
41,1160,0.8808194518938883,1.4784452635597771e-05,0.09769015905499615,0.021475604598478876,25,10,10
41,1161,0.8773691206867997,7.245415738101249e-07,0.1011059143227438,0.02152424044888178,25,10,10
41,1162,0.8567187431639428,2.2312445363226484e-07,0.12168497377125996,0.02159605994034406,25,10,10
41,1163,0.8735050588256644,3.5031572257807603e-07,0.08688784626690836,0.03960674459170536,25,10,10
41,1164,0.8615045412976065,4.0901574093846655e-07,0.10786957418327342,0.030625475503380434,25,10,10
41,1165,0.7270187058230582,3.602458108251701e-05,0.22654491113427785,0.046400358461580075,25,10,10
41,1166,0.7833295667450406,1.6845427669890222e-06,0.20445050896041114,0.012218239751781873,25,10,10
41,1167,0.8316451977389043,1.5975853525470542e-05,0.12874730280393848,0.03959152360363268,25,10,10
41,1168,0.874777495822659,4.8983220516053485e-05,0.08473167679009112,0.04044184416673392,25,10,10
41,1169,0.8428770723013643,8.306634395447624e-06,0.1177037004082493,0.039410920655991534,25,10,10
41,1170,0.9051805881623438,7.818230013176485e-06,0.06656711100172279,0.02824448260591985,25,10,10
41,1171,0.8873019655704519,8.43069322997708e-06,0.07300759029344524,0.03968201344287258,25,10,10
41,1172,0.8434247669854478,2.472023905672555e-05,0.11659386547184533,0.0399566473036505,25,10,10
41,1173,0.8805027152334144,2.753989736017677e-05,0.07989960857896358,0.039570136290261765,25,10,10
41,1174,0.8111888528333812,1.2329147543179744e-05,0.14905203450695828,0.039746783512118,25,10,10
41,1175,0.785380156135114,3.16027091348389e-05,0.17490024336479737,0.039687997790953104,25,10,10
41,1176,0.799904546578623,0.00032668928156964804,0.17378563379883719,0.025983130340970217,25,10,10
41,1177,0.8576191304614221,8.421394946870841e-06,0.10096531334200444,0.04140713480162679,25,10,10
41,1178,0.8225792507822318,1.1222025412365331e-05,0.13528438429733738,0.042125142895016864,25,10,10
41,1179,0.8525361160625069,1.150952209604104e-05,0.11830736831959175,0.029145006095805233,25,10,10
41,1180,0.8181705464398399,1.6303321929331334e-05,0.15277422325555406,0.02903892698267556,25,10,10
41,1181,0.8527179778278706,6.483737797628226e-06,0.11828471924675223,0.02899081918757832,25,10,10
41,1182,0.8674797661018129,7.127825254162941e-07,0.10651646515833484,0.026003055957326836,25,10,10
41,1183,0.8436115042583952,7.483672999714612e-05,0.12985913670351568,0.026454522308090544,25,10,10
41,1184,0.8219268973081151,7.123129294061843e-05,0.17138121769385464,0.006620653705090091,25,10,10
41,1185,0.8921433440281006,1.1017202644216513e-05,0.1076210485827028,0.00022459018655287822,25,10,10
41,1186,0.9017195864793327,3.03138544021041e-05,0.09808670510986386,0.00016339455640156173,25,10,10
41,1187,0.9104431103244022,2.493237174456682e-05,0.08951903137179448,1.2925932058464334e-05,25,10,10
41,1188,0.9138763432282776,2.100807394505389e-06,0.08610218855610471,1.9367408223121708e-05,25,10,10
41,1189,0.8567236918422936,1.6478446574042279e-06,0.13144054292455074,0.011834117388497614,25,10,10
41,1190,0.8525588759186908,2.3566278907523586e-06,0.1408655439904117,0.006573223463006262,25,10,10
41,1191,0.841571391986561,1.2320119943786886e-06,0.15202702174120383,0.006400354260240286,25,10,10
41,1192,0.8367279309050387,2.4824092731980043e-06,0.16169147356464525,0.0015781131210419,25,10,10
41,1193,0.8400570938202597,3.506772920323884e-05,0.15980998854166192,9.784990887393736e-05,25,10,10
41,1194,0.8197537281160305,1.8319249220298e-05,0.17834602196835,0.0018819306663990126,25,10,10
41,1195,0.8694578871752793,7.73318215841944e-06,0.1301516844489285,0.0003826951936328264,25,10,10
41,1196,0.8924691821217742,5.5916126672641085e-06,0.10737632290006996,0.00014890336548861068,25,10,10
41,1197,0.7935480159930252,5.929342359924339e-05,0.20433460776406379,0.002058082819310763,25,10,10
41,1198,0.8664286060089927,3.812090756868105e-05,0.13337176949408222,0.00016150358935616577,25,10,10
41,1199,0.8663513150280795,2.6057187946210832e-05,0.13351426701184546,0.00010836077212907873,25,10,10
41,1200,0.8827707454823956,6.3593615588795295e-06,0.11720479803510674,1.8097120938659894e-05,25,10,10
41,1201,0.9045121776366003,1.844578133841445e-06,0.09541759352704168,6.838425822385326e-05,25,10,10
41,1202,0.8675806240958518,4.0077162822326676e-05,0.13232007932794995,5.9219413375740644e-05,25,10,10
41,1203,0.9074620340962138,2.741236066785718e-06,0.08643288401083601,0.006102340656882884,25,10,10
41,1204,0.8983723489917989,0.00027643921743897434,0.10128316236567782,6.80494250848123e-05,25,10,10
41,1205,0.8553510379183844,0.00027858188760692835,0.140286570784734,0.004083809409275473,25,10,10
41,1206,0.9372607185830697,0.00027913356410976404,0.06233664908397003,0.00012349876885087285,25,10,10
41,1207,0.8764762494899472,7.778243254908001e-06,0.12329884274038573,0.0002171295264123498,25,10,10
41,1208,0.8707098383796744,7.204232327633331e-06,0.11798247110739844,0.011300486280599174,25,10,10
41,1209,0.7826496687939729,2.3656130758093306e-06,0.17505630248541235,0.04229166310753914,25,10,10
41,1210,0.7886270599785844,0.00010103043438847635,0.1470950396119998,0.06417686997502849,25,10,10
41,1211,0.7647140889718024,3.4081890383987495e-05,0.12264806013968671,0.11260376899812742,25,10,10
41,1212,0.7875649611747952,1.1478211801534523e-05,0.10791357322397208,0.10450998738943147,25,10,10
41,1213,0.8326451379521681,5.95655467472127e-06,0.06232822928401261,0.10502067620914468,25,10,10
41,1214,0.7718180794202073,1.1920319601388531e-05,0.13363143894439175,0.09453856131579826,25,10,10
41,1215,0.7512554131206544,1.4381901541557518e-05,0.15847148347592588,0.09025872150187819,25,10,10
41,1216,0.7482813009210766,1.174820267842967e-05,0.16771377158915093,0.08399317928709461,25,10,10
41,1217,0.7722305757040279,2.845994807804298e-07,0.11228501854575247,0.11548412115073925,25,10,10
41,1218,0.7592283604147302,1.0880072613486266e-05,0.13417140884240492,0.10658935067025173,25,10,10
41,1219,0.7869597603611216,1.3869929743662747e-05,0.12469556686389098,0.08833080284524378,25,10,10
41,1220,0.8076771927506115,1.3977554503350319e-05,0.12440283708576912,0.06790599260911652,25,10,10
41,1221,0.7843168115923388,8.995906783061236e-06,0.11526275686513171,0.1004114356357454,25,10,10
41,1222,0.7727799094347318,1.3881206672296944e-06,0.08658236534538544,0.14063633709921491,25,10,10
41,1223,0.7763583495251828,6.783236496040285e-05,0.06860078296702415,0.15497303514283325,25,10,10
41,1224,0.8068518212252985,1.5562678103105775e-06,0.04399989531087209,0.14914672719601868,25,10,10
41,1225,0.7639826218072989,2.0809389647046765e-05,0.09517083461045027,0.1408257341926048,25,10,10
41,1226,0.7419446164985258,6.064644527592583e-05,0.1485709654144368,0.10942377164176316,25,10,10
41,1227,0.6808072821835863,2.1979522868118488e-06,0.20678935372657783,0.1124011661375485,25,10,10
41,1228,0.7542412053788056,2.981469291078735e-06,0.12722789368009466,0.11852791947180902,25,10,10
41,1229,0.7824151980402785,1.9298975274234326e-06,0.11287730444698203,0.10470556761521202,25,10,10
41,1230,0.8483917095794026,1.5927554600037456e-05,0.07082549189009531,0.08076687097590197,25,10,10
41,1231,0.8932039805946771,6.95882938339379e-06,0.0421672120031929,0.06462184857274689,25,10,10
41,1232,0.8488765235572012,1.5302683355334037e-05,0.06043413012820422,0.09067404363123936,25,10,10
41,1233,0.8389943289495893,1.591147931231729e-05,0.1279002750443393,0.03308948452675898,25,10,10
41,1234,0.8544154501985087,8.736614928614352e-06,0.11502400616799655,0.030551807018565334,25,10,10
41,1235,0.8088406850393453,1.79630197746794e-05,0.18053555728686974,0.010605794654009853,25,10,10
41,1236,0.7599090702787751,6.184710366698975e-05,0.23747834597840922,0.0025507366391493034,25,10,10
41,1237,0.7939684011422881,6.978880295775364e-05,0.20346168470161363,0.002500125353140206,25,10,10
41,1238,0.9036693719357747,3.058506074468063e-05,0.09615081665591883,0.00014922634756239794,25,10,10
41,1239,0.9109070077543876,1.549523133074979e-05,0.08324095329488362,0.0058365437193980685,25,10,10
41,1240,0.8780900545109068,2.0269947410663236e-06,0.12151074663521168,0.00039717185914090396,25,10,10
41,1241,0.8707973124950251,2.8290139146593314e-05,0.1290224114059421,0.0001519859598863306,25,10,10
41,1242,0.9125802809457894,6.136056650920875e-06,0.0870691281013402,0.00034445489621991193,25,10,10
41,1243,0.9052827584880212,2.0348145585616405e-06,0.0944029802556264,0.0003122264417945083,25,10,10
41,1244,0.9309640251194848,1.8069395115065967e-06,0.06897751927164936,5.66486693546119e-05,25,10,10
41,1245,0.8794285758826976,2.298393893129393e-05,0.11907694776129457,0.0014714924170760877,25,10,10
41,1246,0.8396790616119914,7.954383699398211e-06,0.130416955538085,0.0298960284662246,25,10,10
41,1247,0.8822828116700125,1.0371996490298073e-05,0.08787456913153306,0.029832247201964514,25,10,10
41,1248,0.9225081848584296,1.7165492174257583e-06,0.07355038038784203,0.003939718204511061,25,10,10
41,1249,0.944131867024818,0.00012302546083419258,0.055725828577168304,1.927893717976731e-05,25,10,10
41,1250,0.9105814060585845,0.00012345193007317308,0.08916166984838945,0.00013347216295250147,25,10,10
41,1251,0.78022077974287,7.10567229256792e-05,0.21958111907062822,0.00012704446357603854,25,10,10
41,1252,0.7520428154151161,2.8352046875089543e-06,0.2479426112375206,1.173814267566e-05,25,10,10
41,1253,0.8220944524055596,1.3767339268327848e-05,0.17715554504001904,0.0007362352151537468,25,10,10
41,1254,0.8276237581214901,6.546274189855839e-07,0.17209296606325203,0.0002826211878378599,25,10,10
41,1255,0.7251307425691581,5.47920686453789e-07,0.27450580011673564,0.0003629093934220292,25,10,10
41,1256,0.8499194351581214,7.572086301095676e-06,0.1499540823670337,0.00011891038854420367,25,10,10
41,1257,0.7990289506553298,4.067554349463558e-05,0.16192937499967983,0.03900099880149545,25,10,10
41,1258,0.8180619306096273,8.246058124550708e-06,0.1363438779855876,0.045585945346660564,25,10,10
41,1259,0.8198814060247337,1.4341971363661128e-06,0.13387479987218978,0.04624235990594036,25,10,10
41,1260,0.8435877731745337,1.4782745801662599e-06,0.10997597460299405,0.04643477394789092,25,10,10
41,1261,0.8824158923244414,2.7688186407921835e-07,0.07782720388445769,0.0397566269092359,25,10,10
41,1262,0.8339696866583916,0.0007317166829449709,0.1256543480031515,0.03964424865551309,25,10,10
41,1263,0.8208160613499595,8.237854540707868e-06,0.1315807856723007,0.047594915123199695,25,10,10
41,1264,0.8609139625191209,1.5414624118663848e-06,0.11436315698125142,0.024721339037216235,25,10,10
41,1265,0.8972814087422585,6.399011581998953e-05,0.09621318283289629,0.006441418309025588,25,10,10
41,1266,0.9131993202629619,1.1320726912651917e-06,0.0867170878598193,8.245980452720268e-05,25,10,10
41,1267,0.8884119611463389,1.6175123265300817e-06,0.11136605413790683,0.00022036720342770864,25,10,10
41,1268,0.901016420036552,6.760395232196531e-05,0.0988374331148129,7.8542896313204e-05,25,10,10
41,1269,0.8521710059197144,2.109225259262933e-06,0.1462431378859879,0.0015837469690390571,25,10,10
41,1270,0.8915467809936618,1.2175402184652788e-06,0.10707235542310384,0.001379646043015937,25,10,10
41,1271,0.918361893887764,3.517998267699957e-06,0.08161670432011194,1.788379385564595e-05,25,10,10
41,1272,0.8962569817791924,4.20905032264218e-06,0.1035944931611644,0.00014431600932013976,25,10,10
41,1273,0.8998686471985643,4.269242732925053e-06,0.10007027479272904,5.680876597310511e-05,25,10,10
41,1274,0.8203177225525837,0.00029286353975232604,0.15281138291193744,0.026578030995726185,25,10,10
41,1275,0.8181880496546868,7.444069603116143e-06,0.14041371045302622,0.04139079582268401,25,10,10
41,1276,0.9007892269742388,1.1256194198124993e-06,0.06165406302880335,0.037555584377538226,25,10,10
41,1277,0.9012045487184122,5.934185846827742e-07,0.0588371440097232,0.03995771385327924,25,10,10
41,1278,0.8843774522751116,8.431302409076442e-07,0.07560996340722574,0.04001174118742182,25,10,10
41,1279,0.83742391767745,1.5300669015048034e-05,0.10654829552689762,0.056012486126637596,25,10,10
41,1280,0.8133989336242415,1.5179472958087274e-05,0.11018796269509133,0.0763979242077087,25,10,10
41,1281,0.8500467715897969,1.4134887990783673e-05,0.10098707751530155,0.04895201600691076,25,10,10
41,1282,0.7786436570841511,2.4042532486915822e-05,0.18128949005716952,0.040042810326191086,25,10,10
41,1283,0.8448485879323564,2.3757824919736896e-05,0.11518902466523107,0.03993862957749197,25,10,10
41,1284,0.849845333899123,6.3167000914026714e-06,0.11008933942939583,0.04005900997139019,25,10,10
41,1285,0.8616854625575572,9.516687197427179e-06,0.11320834969678796,0.02509667105845782,25,10,10
41,1286,0.8612272618030954,9.179636004197204e-06,0.13419371339668082,0.004569845164219388,25,10,10
41,1287,0.9202806519083475,3.3760651822823465e-07,0.06722422513763329,0.012494785347501213,25,10,10
41,1288,0.8673545933704561,0.00014390413722892544,0.11999040727202834,0.012511095220286879,25,10,10
41,1289,0.8125233446974311,2.0285961916959334e-05,0.10888418762481619,0.0785721817158365,25,10,10
41,1290,0.7835779837684376,9.86707942680816e-06,0.13878485705726207,0.07762729209487451,25,10,10
41,1291,0.8181682912364188,4.979439759555079e-07,0.1341153885085218,0.04771582231108325,25,10,10
41,1292,0.832643409263857,1.287893651826414e-06,0.0810791481770827,0.0862761546654093,25,10,10
41,1293,0.802514199189996,3.452608345901478e-05,0.14650968521111646,0.05094158951542844,25,10,10
41,1294,0.8442463490847001,1.0984823689269271e-06,0.11523090974238444,0.0405216426905457,25,10,10
41,1295,0.9009607637271343,6.633409756195682e-08,0.09858391226831044,0.0004552576704584081,25,10,10
41,1296,0.9035670509161909,1.7615582546661283e-07,0.0921202219192187,0.004312551008764992,25,10,10
41,1297,0.9040427570845944,1.540118613260463e-06,0.08996872336028071,0.005986979436511153,25,10,10
41,1298,0.8133339970082751,0.0001313638970596104,0.1841926526777048,0.002341986416960467,25,10,10
41,1299,0.8865037493898607,0.00013191233000325815,0.10786852309651984,0.005495815183616423,25,10,10
41,1300,0.87834311250041,7.840997973554006e-07,0.12159165121031487,6.44521894777626e-05,25,10,10
41,1301,0.8778171383258568,3.0387164373811534e-06,0.11900449905580897,0.003175323901897095,25,10,10
41,1302,0.82819577702052,4.903778010327952e-06,0.17110014342723456,0.0006991757742370492,25,10,10
41,1303,0.8800052551110891,8.99393998307966e-07,0.11984977153487965,0.00014407396003348832,25,10,10
41,1304,0.8399623670524958,7.613867774840123e-08,0.15982726721849383,0.0002102895903326794,25,10,10
41,1305,0.8889317155347563,1.2704388219799384e-05,0.11052247218651011,0.0005331078905142432,25,10,10
41,1306,0.9475336997672141,1.9919345668142744e-05,0.05228716303153893,0.00015921785557857805,25,10,10
41,1307,0.8805802046591928,4.41494605392083e-07,0.10679584254534086,0.012623511300861251,25,10,10
41,1308,0.8944224096344253,3.732182246899036e-07,0.06841654461163149,0.037160672535718,25,10,10
41,1309,0.8537724499316347,1.0369844628628814e-05,0.10668248531863143,0.03953469490510503,25,10,10
41,1310,0.8428234099488475,1.0557272969063552e-05,0.1170543675219257,0.0401116652562577,25,10,10
41,1311,0.7965361444896775,2.055098156168853e-05,0.18016590369283927,0.023277400835920937,25,10,10
41,1312,0.8281536103534846,3.382180363608721e-05,0.13134028057346187,0.040472287269416485,25,10,10
41,1313,0.7831167908064561,0.00017118527393743388,0.17925358256694512,0.03745844135266227,25,10,10
41,1314,0.7426486706951932,3.0046594051904043e-06,0.21771967398570394,0.03962865065969763,25,10,10
41,1315,0.8449686630585699,3.0431949010392095e-05,0.11527755513681223,0.03972334985560763,25,10,10
41,1316,0.8320738371480435,5.535426985272856e-05,0.12811343515311727,0.03975737342898615,25,10,10
41,1317,0.8893747120977783,1.1450740621851849e-05,0.10360573420388029,0.007008102957719043,25,10,10
41,1318,0.9257674897794412,3.2303026157432196e-05,0.07418811545303661,1.209174136465254e-05,25,10,10
41,1319,0.8505900738608492,6.466671942751828e-05,0.14907960427356323,0.0002656551461600662,25,10,10
41,1320,0.9128027611994027,1.5573728764485046e-05,0.08689740576903188,0.00028425930280088585,25,10,10
41,1321,0.9138384227655368,1.283895618118421e-05,0.08583502024504647,0.0003137180332350913,25,10,10
41,1322,0.8789709823297099,0.0003769986277867983,0.12028778114582529,0.00036423789667799455,25,10,10
41,1323,0.8899272812813308,2.540133822125049e-05,0.09849582049669404,0.011551496883753277,25,10,10
41,1324,0.8218068051948115,1.6421039049765914e-05,0.167159073831191,0.011017699934949022,25,10,10
41,1325,0.8708399503238078,2.8136229763027658e-05,0.1163695811878711,0.012762332258558759,25,10,10
41,1326,0.8477327458323862,1.802468207960349e-05,0.14970738344688292,0.0025418460386519097,25,10,10
41,1327,0.9333182285206432,9.20856272864202e-06,0.06661626079654061,5.630212008776369e-05,25,10,10
41,1328,0.8102390972691453,5.39758742537767e-05,0.1879089520871444,0.001797974769456443,25,10,10
41,1329,0.8883329042263961,4.991128022220259e-05,0.11121376204896707,0.0004034224444138175,25,10,10
41,1330,0.8815515065972391,4.989623418760994e-05,0.11563655311945518,0.0027620440491184176,25,10,10
41,1331,0.8795072861833314,1.2691905711679178e-06,0.1204417177229835,4.9726903113946194e-05,25,10,10
41,1332,0.9588179150870907,4.6062928059633e-06,0.041166570007876845,1.0908612226469919e-05,25,10,10
41,1333,0.9347205875381295,3.2315555618774073e-06,0.0652162936021118,5.9887304196165684e-05,25,10,10
41,1334,0.921881940421799,3.623558934075777e-06,0.0781079276226718,6.508396595722969e-06,25,10,10
41,1335,0.822906873895212,2.4751109576078263e-06,0.17677689259932372,0.00031375839450604667,25,10,10
41,1336,0.8000360405213304,8.635434579263615e-05,0.19956446241143286,0.0003131427214447974,25,10,10
41,1337,0.768991844465382,8.620786325467665e-05,0.2303278587641815,0.0005940889071828135,25,10,10
41,1338,0.8025449985371103,8.416457139773986e-05,0.19676654520640102,0.0006042916850911689,25,10,10
41,1339,0.8891871878173638,4.803552490329732e-07,0.11073631013350793,7.602169387883825e-05,25,10,10
41,1340,0.9068043475488509,5.515389365448204e-07,0.09309149766085417,0.00010360325135839522,25,10,10
41,1341,0.9139499909995389,2.669264844839088e-07,0.08596445894231815,8.528313165832331e-05,25,10,10
41,1342,0.8883427056355768,6.528554507943853e-07,0.11146025417544507,0.00019638733352726398,25,10,10
41,1343,0.7688123856692508,3.753601836129181e-05,0.20712791684928628,0.02402216146310167,25,10,10
41,1344,0.8755795343897458,3.818194413619405e-05,0.11442652136578442,0.009955762300332946,25,10,10
41,1345,0.848557538605065,6.122750905928431e-05,0.14137377915463145,0.010007454731243452,25,10,10
41,1346,0.8716669589089201,4.999743520061745e-05,0.1182932692153911,0.009989774440487684,25,10,10
41,1347,0.9134163001868305,5.615064488132495e-06,0.08650569866829888,7.238608038321114e-05,25,10,10
41,1348,0.9521687500564714,0.00021895615710085695,0.04760693689002725,5.356896400401943e-06,25,10,10
41,1349,0.8680933102074446,3.302351134498458e-05,0.10500802623921184,0.026865640041997863,25,10,10
41,1350,0.8778743964590554,8.696101181662969e-07,0.11370316141180054,0.008421572519025556,25,10,10
41,1351,0.9344787872146878,8.658776000097661e-07,0.025583500385235238,0.039936846522476636,25,10,10
41,1352,0.8749416801365522,0.0001238054394235743,0.08424487706119116,0.04068963736283324,25,10,10
41,1353,0.8915682389191982,1.7064459954591295e-06,0.06748872475999163,0.04094132987481481,25,10,10
41,1354,0.8749685035656168,9.904401818865371e-07,0.09600111434500852,0.02902939164919311,25,10,10
41,1355,0.8767695510341375,5.280340560586541e-07,0.08007166546239677,0.043158255469410406,25,10,10
41,1356,0.8524254808107667,5.202383381558294e-07,0.10441589241589551,0.04315810653499975,25,10,10
41,1357,0.8563640297024848,0.0002635713168920461,0.10379574027857821,0.039576658702045124,25,10,10
41,1358,0.8378159507666898,0.0002659733859184124,0.12211677047214513,0.039801305375246676,25,10,10
41,1359,0.8769228630740332,1.8988252718606441e-06,0.08305585184427669,0.040019386256418335,25,10,10
41,1360,0.8740225242520984,2.084150952282425e-06,0.08596337587034306,0.04001201572660679,25,10,10
41,1361,0.8854254582854201,0.00018779364092270207,0.07674068012079736,0.0376460679528599,25,10,10
41,1362,0.9214366043511008,0.0001877027989039088,0.04116072515662433,0.03721496769337079,25,10,10
41,1363,0.8653123518375953,0.0004457706518166719,0.09695393039853109,0.037287947112055964,25,10,10
41,1364,0.8973058818329338,8.101458428223439e-07,0.06619150420886634,0.03650180381235721,25,10,10
41,1365,0.9155494377623506,8.061025283347284e-06,0.08136233992468882,0.0030801612876774267,25,10,10
41,1366,0.8314769121983874,1.1177371520571157e-05,0.16514994044625764,0.0033619699838360086,25,10,10
41,1367,0.8768603722553181,2.064061501584426e-06,0.11685574209495968,0.00628182158822001,25,10,10
41,1368,0.8754007935038741,2.537138371343611e-06,0.12429439802965735,0.0003022713280972048,25,10,10
41,1369,0.798869476385365,1.224910280650382e-06,0.2000928485937126,0.0010364501106417635,25,10,10
41,1370,0.9065878893421936,2.3985875491515857e-06,0.09140053929609984,0.0020091727741565054,25,10,10
41,1371,0.9536025708203202,1.0676387173802146e-06,0.0438005968747796,0.0025957646661826116,25,10,10
41,1372,0.9241194987667933,1.1242383165485926e-06,0.0752682892257307,0.0006110877691588398,25,10,10
41,1373,0.8704236150657872,6.966094571749872e-07,0.12908382303356555,0.0004918652911898448,25,10,10
41,1374,0.8683387683161715,2.3416666118391586e-06,0.13162484004222855,3.40499749887936e-05,25,10,10
41,1375,0.900044893900486,1.3465162388108057e-06,0.09992432806669964,2.9431516575843313e-05,25,10,10
41,1376,0.9563289919428968,1.247262568071406e-07,0.042530007618886846,0.0011408757119594952,25,10,10
41,1377,0.916359330300736,1.3770174089483317e-06,0.08224418633927603,0.0013951063425790221,25,10,10
41,1378,0.8628058613576612,1.974748882335669e-06,0.13602852300990576,0.0011636408835500904,25,10,10
41,1379,0.8373366847298612,2.406286180714384e-06,0.16133196339367856,0.0013289455902786435,25,10,10
41,1380,0.8656525095412968,0.0001425109295558417,0.13300808519407295,0.001196894335073953,25,10,10
41,1381,0.8449554592544871,0.0001407917400334955,0.1548870298274498,1.67191780294619e-05,25,10,10
41,1382,0.9156692013610248,2.6950204126997785e-07,0.08267240351615321,0.0016581256207803866,25,10,10
41,1383,0.7907718815693744,4.835548832432737e-06,0.19896178061088748,0.010261502270904612,25,10,10
41,1384,0.7647181533426698,3.477760339732478e-05,0.19576695866755844,0.03948011038637417,25,10,10
41,1385,0.7988551761118878,6.609656537961002e-05,0.16137936559702507,0.03969936172570702,25,10,10
41,1386,0.8798121519887885,7.817294356580169e-05,0.07747490393340849,0.04263477113423802,25,10,10
41,1387,0.8008869381558676,9.929356055545378e-05,0.15927510932189592,0.039738658961681196,25,10,10
41,1388,0.846863306126087,1.659708815981144e-05,0.11257211782658484,0.0405479789591688,25,10,10
41,1389,0.9116999503080673,1.616053244031167e-05,0.047755971421908815,0.04052791773758336,25,10,10
41,1390,0.8352283648739764,2.6002787343979706e-05,0.12044572612158118,0.044299906217098256,25,10,10
41,1391,0.8463935543368806,4.384241802948358e-07,0.11570865195861174,0.03789735528032756,25,10,10
41,1392,0.8390114864233367,6.18524004308159e-07,0.15801191123567024,0.002975983816987565,25,10,10
41,1393,0.8652690396974484,9.376622795013294e-07,0.13204190739167174,0.0026881152486007047,25,10,10
41,1394,0.7708984077354536,1.424781518181065e-05,0.22906875237330296,1.8592076060972564e-05,25,10,10
41,1395,0.7502521833109452,3.3346708931432054e-05,0.24678669696165248,0.0029277730184706944,25,10,10
41,1396,0.827083026466466,1.9607614990806236e-05,0.1700862732541205,0.0028110926644230733,25,10,10
41,1397,0.9467906700363643,1.9560767651268584e-05,0.051767610334984344,0.001422158860999494,25,10,10
41,1398,0.9171898429898542,1.990136944092232e-05,0.0826400262916151,0.0001502293490901172,25,10,10
41,1399,0.8539301440817318,8.082018136606246e-05,0.14198392971189489,0.004005106025007315,25,10,10
41,1400,0.8617218424485472,9.932649614107382e-06,0.13819043850253782,7.77863993000308e-05,25,10,10
41,1401,0.9310195880278639,5.88948660622375e-07,0.06887497646084868,0.00010484656262658756,25,10,10
41,1402,0.8411493023027687,0.000291387476734175,0.13409905216648782,0.024460258054009153,25,10,10
41,1403,0.8901954994801526,5.84543365464437e-08,0.06754806292825723,0.04225637913725357,25,10,10
41,1404,0.7770778232448252,8.815994132178223e-06,0.18120501375853476,0.041708347002510006,25,10,10
41,1405,0.7508002595411147,1.1153313556610789e-05,0.15860453157981144,0.09058405556551652,25,10,10
41,1406,0.7182146126478639,1.0737925111317218e-05,0.2173932938618265,0.06438135556519846,25,10,10
41,1407,0.77275687420782,3.7410537955386137e-06,0.19800411042385405,0.02923527431452994,25,10,10
41,1408,0.7128202967381456,1.5744533602686902e-05,0.22329024606235454,0.06387371266589686,25,10,10
41,1409,0.7743734631776041,9.790888173340214e-06,0.15214794737972478,0.07346879855449809,25,10,10
41,1410,0.7881510765794938,0.00019941918104998706,0.18171703137113443,0.029932472868322662,25,10,10
41,1411,0.9113946767206953,5.43312818059272e-07,0.08848077556700519,0.00012400439948261811,25,10,10
41,1412,0.9464230069321664,1.4005002198767397e-06,0.05335287214115185,0.00022272042646162996,25,10,10
41,1413,0.9156985050513964,0.00037870303536537885,0.08243179206978409,0.0014909998434543823,25,10,10
41,1414,0.8865607515009143,0.00012242317893011219,0.11274106365850195,0.0005757616616542518,25,10,10
41,1415,0.8433031198336449,0.0010833018585436306,0.15217508781720884,0.00343849049060168,25,10,10
41,1416,0.909351945467354,1.1416995025053456e-05,0.09011446289627142,0.000522174641350091,25,10,10
41,1417,0.8734339988015561,1.3436802313539346e-05,0.1261652580429061,0.0003873063532246019,25,10,10
41,1418,0.8905661207754693,8.429166127179891e-07,0.10910742909115345,0.00032560721676546593,25,10,10
41,1419,0.8746895099781798,3.0451860925928993e-07,0.12524097696380887,6.920853940237047e-05,25,10,10
41,1420,0.9103643175148054,7.2432780760725825e-06,0.08942766651194876,0.00020077269517017855,25,10,10
41,1421,0.87732661587044,1.272555878209271e-05,0.0959280219332344,0.026732636637543102,25,10,10
41,1422,0.8173881291602493,2.2424878587918158e-05,0.14877316530949516,0.03381628065166834,25,10,10
41,1423,0.8868001862627795,7.594781232489172e-06,0.07865212606752987,0.03454009288845839,25,10,10
41,1424,0.8696287355476997,1.451934381923923e-06,0.09023516714652872,0.040134645371389784,25,10,10
41,1425,0.9130263943720424,4.24186326798272e-06,0.08040155825204459,0.006567805512645096,25,10,10
41,1426,0.925994684243061,2.1731482246173738e-07,0.07386429537875631,0.00014080306336005977,25,10,10
41,1427,0.9262120723365367,5.269783453946941e-07,0.07376426787786425,2.31328072535303e-05,25,10,10
41,1428,0.9069324810719459,1.0036656927562754e-05,0.09266491242935841,0.000392569841768893,25,10,10
41,1429,0.8854790580255147,2.0057669224496174e-05,0.11445165945866101,4.922484659956196e-05,25,10,10
41,1430,0.9099606128330342,7.133627483148276e-07,0.08813650180117864,0.0019021720030394772,25,10,10
41,1431,0.8867632770195546,1.7528023089548872e-06,0.11131005030881883,0.0019249198693177788,25,10,10
41,1432,0.8049666594938084,4.28604645984968e-05,0.1937619279673993,0.0012285520741950608,25,10,10
41,1433,0.8548401213126166,1.9396520495205735e-05,0.1445833226326032,0.0005571595342855536,25,10,10
41,1434,0.9011248282697494,1.480812428361155e-06,0.09846945449311414,0.00040423642470758067,25,10,10
41,1435,0.8916522258587583,7.149385839901953e-06,0.10640095639668534,0.0019396683587170698,25,10,10
41,1436,0.8996368540914497,1.928324728352166e-05,0.10034269448206075,1.1681792061644797e-06,25,10,10
41,1437,0.9074008367037126,2.4218813203597516e-07,0.0925203233547086,7.859775344723386e-05,25,10,10
41,1438,0.8782931991509412,2.1290034233388175e-06,0.12162074409846796,8.392774716741535e-05,25,10,10
41,1439,0.8479557026227432,3.1497108079100116e-06,0.1305859416246938,0.021455206041754854,25,10,10
41,1440,0.8362248282926379,1.2902016532819089e-05,0.1425092425068544,0.021253027183974676,25,10,10
41,1441,0.8993147289773947,4.6665129790444505e-06,0.07513995968937941,0.025540644820246313,25,10,10
41,1442,0.8971341969835445,2.839242237871171e-06,0.06664377288567755,0.03621919088854014,25,10,10
41,1443,0.8460815928810641,7.48108884366036e-05,0.11424869390922915,0.03959490232126996,25,10,10
41,1444,0.8441167815627777,7.241354393434816e-07,0.11581838919107511,0.04006410511070894,25,10,10
41,1445,0.8350595325329941,1.2356700198963917e-06,0.12536818724229304,0.039571044554693374,25,10,10
41,1446,0.8654591783633733,1.5382624621425554e-06,0.1098908314372831,0.024648451936881463,25,10,10
41,1447,0.9062774419591247,8.972034769372131e-07,0.09204114434023075,0.0016805164971676206,25,10,10
41,1448,0.8974367741309547,1.106777844697415e-06,0.1023508074794022,0.00021131161179971465,25,10,10
41,1449,0.9182752037214794,9.89441644076308e-07,0.07538453518758187,0.006339271649294267,25,10,10
41,1450,0.9165245737648395,3.4139094470040847e-07,0.08323950532053406,0.00023557952368185523,25,10,10
41,1451,0.8385358042516496,0.003184719032600662,0.15807726158454405,0.0002022151312050625,25,10,10
41,1452,0.8788973349908608,0.0003336399457779228,0.12062352046575472,0.00014550459760635475,25,10,10
41,1453,0.7875705993957929,5.431021959728457e-05,0.18716310755422946,0.02521198283038022,25,10,10
41,1454,0.8481043863048489,2.0013176426303162e-06,0.12436958998260557,0.02752402239490356,25,10,10
41,1455,0.8886378975636774,1.0414986698540263e-06,0.09586767495224334,0.015493385985409204,25,10,10
41,1456,0.8748273402233441,3.990973233924238e-05,0.12269405903980012,0.0024386910045169014,25,10,10
41,1457,0.8974074366612841,4.080128651700617e-05,0.1022474449056477,0.0003043171465517469,25,10,10
41,1458,0.9302884445384768,9.18908638345689e-06,0.06969114902729358,1.1217347846042309e-05,25,10,10
41,1459,0.9512771750319614,1.4631427440900113e-06,0.04861812579596969,0.00010323602932507112,25,10,10
41,1460,0.9233585428011678,7.733897001839052e-07,0.07648738407495816,0.00015329973417385945,25,10,10
41,1461,0.8917458824329016,2.4686096467798997e-05,0.10772472044041453,0.0005047110302162238,25,10,10
41,1462,0.851025141029005,0.001486345651211003,0.1469056539749816,0.0005828593448022,25,10,10
41,1463,0.8932570485185966,2.7059731015882572e-05,0.10629496821859213,0.0004209235317951048,25,10,10
41,1464,0.9211882132132917,1.255634237842279e-05,0.07808422421549505,0.0007150062288343109,25,10,10
41,1465,0.9180817790961956,0.0006289108800674177,0.0798905392424392,0.0013987707812975847,25,10,10
41,1466,0.9152142986271674,1.8309132909877061e-06,0.08389210308566461,0.0008917673738776472,25,10,10
41,1467,0.9055266045742222,1.2836313994645208e-05,0.09355355684341055,0.0009070022683727901,25,10,10
41,1468,0.9321615302504523,1.2269584780036913e-05,0.0669824015077567,0.0008437986570113215,25,10,10
41,1469,0.9214640040749655,1.418456874744542e-06,0.07844937184435453,8.520562380562287e-05,25,10,10
41,1470,0.9177115184983287,0.0004187838353791453,0.08166482733830033,0.00020487032799175104,25,10,10
41,1471,0.927462221095059,1.807593745054167e-06,0.07242242386852238,0.00011354744267386985,25,10,10
41,1472,0.8953270790422695,1.0431092168106955e-07,0.10458940274275527,8.34139040543892e-05,25,10,10
41,1473,0.9060259020357957,5.7179113529534113e-08,0.09389173774739223,8.230303769958296e-05,25,10,10
41,1474,0.8765382267133259,5.42727597394911e-07,0.12342106116158892,4.016939748818656e-05,25,10,10
41,1475,0.8626785903164677,2.065830587481183e-07,0.13689490380861444,0.0004262992918599579,25,10,10
41,1476,0.9127817622057521,4.474599983111446e-06,0.08693232423163412,0.00028143896263017133,25,10,10
41,1477,0.8492779483072606,0.00040027427278712324,0.14983761780836996,0.0004841596115823789,25,10,10
41,1478,0.9061539644690016,3.838105381693433e-06,0.09375400313105459,8.819429456178739e-05,25,10,10
41,1479,0.8685883517026731,6.554950499134204e-05,0.12883466086714068,0.002511437925194964,25,10,10
41,1480,0.8569216871281562,7.313206772886863e-07,0.1409719935084912,0.0021055880426748847,25,10,10
41,1481,0.8321396194813268,3.949466366411415e-05,0.16561719176522152,0.0022036940897866486,25,10,10
41,1482,0.8952595252071961,2.2206184876904832e-05,0.10460565545351848,0.00011261315440747539,25,10,10
41,1483,0.8789323853912588,3.393458448986209e-05,0.11863414266182425,0.0023995373624265586,25,10,10
41,1484,0.8540746632086902,1.2536695499787702e-05,0.11435932739753174,0.03155347269827775,25,10,10
41,1485,0.8357347440693901,4.618941691792757e-05,0.11105918945430006,0.053159877059390966,25,10,10
41,1486,0.8601228172999975,1.9734754192122323e-05,0.07169644762213088,0.06816100032367942,25,10,10
41,1487,0.8707949989004753,2.011130341179602e-05,0.04986415516445107,0.07932073463166156,25,10,10
41,1488,0.8978494150489411,1.1378216007301854e-05,0.023934624054589137,0.0782045826804621,25,10,10
41,1489,0.8746993540968715,5.547213363253397e-07,0.04640200959371709,0.07889808158807463,25,10,10
41,1490,0.8169095347221084,1.6598676283958738e-06,0.10403757371517225,0.07905123169509129,25,10,10
41,1491,0.7872439573869948,2.3821813152518084e-06,0.16627655840378086,0.04647710202790985,25,10,10
41,1492,0.7927399875067168,6.0096975381742885e-06,0.17367790398972066,0.03357609880602405,25,10,10
41,1493,0.8179666156983352,0.000838132132277819,0.14153641366648934,0.03965883850289817,25,10,10
41,1494,0.833698007906659,0.0008597211623868633,0.1315603582652615,0.03388191266569323,25,10,10
41,1495,0.8208701382589328,4.2977892898004936e-05,0.14390856172683447,0.035178322121335114,25,10,10
41,1496,0.8367123324459138,5.5873986692713454e-05,0.12574353473777963,0.03748825882961474,25,10,10
41,1497,0.7986399088415621,1.6612685084590155e-05,0.14938053523649178,0.05196294323686193,25,10,10
41,1498,0.837778763913949,4.167097721291796e-06,0.12270321743010343,0.039513851558226405,25,10,10
41,1499,0.8551108669656002,5.5327271610284935e-06,0.10593252863611874,0.038951071671119816,25,10,10
41,1500,0.8912855495693399,0.0001043754648462597,0.07112734079581505,0.037482734169999546,25,10,10
41,1501,0.9256598226214361,9.458483808389601e-06,0.038085738445578596,0.036244980449177656,25,10,10
41,1502,0.8777639339163401,0.00028018512313613303,0.08192171451706662,0.040034166443457565,25,10,10
41,1503,0.8163023733186427,0.00027844837484876465,0.1434993338857082,0.039919844420800835,25,10,10
41,1504,0.8648239287793653,0.00028033515220781004,0.09361108464816668,0.04128465142026038,25,10,10
41,1505,0.8965868956170502,1.0164118024912287e-06,0.06323227342561338,0.04017981454553397,25,10,10
41,1506,0.9007843109025495,5.676214071055338e-07,0.062184044733072937,0.037031076742970376,25,10,10
41,1507,0.8386547193538673,4.038691251591657e-06,0.12364512080189569,0.03769612115298419,25,10,10
41,1508,0.8867223365437953,7.628285566934097e-06,0.07967559277213893,0.03359444239849914,25,10,10
41,1509,0.8588370717307763,1.1191918715835346e-06,0.06653193671912513,0.07462987235822653,25,10,10
41,1510,0.812357768180259,2.822595352147082e-06,0.11369266968208228,0.07394673954230589,25,10,10
41,1511,0.7915298507969255,4.115605358067375e-06,0.13162131594756818,0.07684471765014807,25,10,10
41,1512,0.8010941607091188,1.290211867599158e-05,0.12957399198101735,0.06931894519118735,25,10,10
41,1513,0.6966774011942334,1.6331217060551367e-05,0.2341908602964,0.06911540729230378,25,10,10
41,1514,0.759419415862408,2.145923971822249e-05,0.1709269103558061,0.06963221454206689,25,10,10
41,1515,0.8260279201819006,2.4132649224250747e-05,0.10448935593462276,0.06945859123425249,25,10,10
41,1516,0.8684545121450635,3.0872642656431376e-06,0.06855048738583717,0.06299191320483401,25,10,10
41,1517,0.8110000360302706,8.575317121876964e-06,0.12561828135355962,0.06337310729904747,25,10,10
41,1518,0.8039731251811637,7.303846788525045e-06,0.11960911117920243,0.07641045979284555,25,10,10
41,1519,0.8421098481194363,1.2866740936541717e-05,0.07822133743902365,0.07965594770060325,25,10,10
41,1520,0.7981158499452996,0.00018814902076214285,0.13406978994508237,0.06762621108885575,25,10,10
41,1521,0.8479049593877225,4.383213752257139e-05,0.12429095430067841,0.027760254174076085,25,10,10
41,1522,0.7818449694373433,3.3498766139872297e-06,0.18862991564305623,0.02952176504298589,25,10,10
41,1523,0.7806154896121009,5.607403280069207e-06,0.19012817558510522,0.02925072739951413,25,10,10
41,1524,0.8404525039402955,1.8013878364907206e-06,0.11992492253243013,0.03962077213943746,25,10,10
41,1525,0.894145661746649,1.7361749854300125e-05,0.08087910080574641,0.024957875697750116,25,10,10
41,1526,0.8681484463065502,1.6424122575026345e-06,0.09202280473870042,0.03982710654249243,25,10,10
41,1527,0.8755166758652427,2.7507887930209803e-05,0.09835061320054823,0.02610520304627858,25,10,10
41,1528,0.8293517712425995,4.705922430756824e-05,0.16907972313212088,0.001521446400972207,25,10,10
41,1529,0.8360319741579945,4.7730618530571825e-05,0.16386763436013432,5.266086334150562e-05,25,10,10
41,1530,0.8544807925505665,2.4239064797586816e-06,0.1454459352689285,7.084827402552872e-05,25,10,10
41,1531,0.8110724320756404,1.5164689580043682e-06,0.1806279056237174,0.008298145831684867,25,10,10
41,1532,0.841088100524957,7.628610442236269e-07,0.14345736518753807,0.01545377142646038,25,10,10
41,1533,0.8750833025628243,1.4658717047450367e-06,0.12146699336507272,0.003448238200398053,25,10,10
41,1534,0.8750878217109421,1.2070392515926464e-05,0.12149607364501382,0.0034040342515282897,25,10,10
41,1535,0.891413712175775,9.907785285523302e-07,0.10815307480419051,0.0004322222415054839,25,10,10
41,1536,0.8241207795100689,0.001704524202157143,0.17395093358516425,0.00022376270260947856,25,10,10
41,1537,0.8516383760564373,0.0017092417339348227,0.14608978100331357,0.0005626012063148628,25,10,10
41,1538,0.9086387839632724,0.0017082239237380349,0.08958638716517847,6.6604947811147e-05,25,10,10
41,1539,0.8515502142010131,0.0016976122597380289,0.14653180118555403,0.00022037235369426115,25,10,10
41,1540,0.8797936483156896,0.0016977706289956784,0.11819752634709793,0.00031105470821709674,25,10,10
41,1541,0.8131079710748385,0.0017029009494957234,0.18487582577655837,0.0003133021991051254,25,10,10
41,1542,0.8574114412267474,1.0330333307777968e-05,0.1423427685239417,0.00023545991600263844,25,10,10
41,1543,0.8891756539940435,9.533928258163172e-07,0.11064660606137983,0.00017678655175054424,25,10,10
41,1544,0.9235961080995577,1.599236487200095e-05,0.0763519908091592,3.59087264116987e-05,25,10,10
41,1545,0.941211228594226,5.55129832680129e-05,0.058696476714472846,3.678170803340316e-05,25,10,10
41,1546,0.8900067463853282,5.717741291012786e-05,0.10990112039364947,3.495580811241962e-05,25,10,10
41,1547,0.9105329124536112,5.715098241272237e-05,0.08926584547949215,0.00014409108448397017,25,10,10
41,1548,0.9097826548942369,5.806002854959161e-05,0.08202429563151029,0.008134989445703589,25,10,10
41,1549,0.9256079125846614,5.884215278332233e-05,0.07424358871042597,8.965655212992163e-05,25,10,10
41,1550,0.8730737613137088,4.323105169169033e-06,0.12647217811960676,0.0004497374615147259,25,10,10
41,1551,0.8375399669567729,1.1756255774659638e-05,0.16188924858808595,0.0005590281993663447,25,10,10
41,1552,0.7476313512100383,1.078159142572543e-05,0.2123818281305346,0.03997603906800133,25,10,10
41,1553,0.838472902157854,1.175722804567224e-05,0.1613018598715352,0.0002134807425650968,25,10,10
41,1554,0.8770960639525797,1.1333482836350944e-05,0.1228331903067048,5.9412257879043545e-05,25,10,10
41,1555,0.9475118710387608,1.0787176848867936e-05,0.052426154870937144,5.118691345319589e-05,25,10,10
41,1556,0.9292800086930274,9.679286483979773e-06,0.0704757829001914,0.00023452912029762646,25,10,10
41,1557,0.8629148743666311,3.126066592972759e-05,0.13692275735036505,0.00013110761707493712,25,10,10
41,1558,0.8532402411651837,1.988830180530469e-05,0.14421753578165042,0.0025223347513609862,25,10,10
41,1559,0.8088005580721424,1.2363196204114926e-05,0.1910871682219469,9.991050970649536e-05,25,10,10
41,1560,0.8016611656287221,6.917546711949397e-05,0.19788762761798878,0.0003820312861678141,25,10,10
41,1561,0.8941088930111013,7.425187851323482e-06,0.10569147685809831,0.00019220494294946278,25,10,10
41,1562,0.848321571649914,6.991067592422162e-06,0.15151381769684302,0.00015761958565154965,25,10,10
41,1563,0.8457563777897882,0.00013096928621764202,0.1539492702632196,0.00016338266077512608,25,10,10
41,1564,0.9348907592686159,2.914374077870741e-06,0.06496593213806855,0.0001403942192376774,25,10,10
41,1565,0.9024745338494564,1.3926331907519786e-06,0.09743581981737305,8.825369997958887e-05,25,10,10
41,1566,0.8700812487906089,1.0550357452695062e-06,0.12973610113282305,0.0001815950408219956,25,10,10
41,1567,0.9078656008669017,8.183649363758472e-06,0.09211581700156395,1.039848216975031e-05,25,10,10
41,1568,0.9025236206578034,6.359567749945117e-07,0.09460965067653035,0.002866092708892072,25,10,10
41,1569,0.9071140777946028,2.703581822374582e-06,0.08989103144058928,0.0029921871829866466,25,10,10
41,1570,0.9459726274465515,6.846023146124174e-07,0.05123141753114588,0.002795270419988085,25,10,10
41,1571,0.9446858421143141,3.1284496968004386e-07,0.05513454382480631,0.00017930121590993754,25,10,10
41,1572,0.9667408331347316,4.3737423131575625e-07,0.033200436207225945,5.829328381155516e-05,25,10,10
41,1573,0.9338477706271584,1.3585449668089337e-06,0.06601254491595104,0.00013832591192348937,25,10,10
41,1574,0.9566249790159158,1.847284509235555e-06,0.0432723860665402,0.0001007876330349982,25,10,10
41,1575,0.8984629682801003,3.05903864650473e-06,0.10150365758549965,3.0315095754442695e-05,25,10,10
41,1576,0.8633749071163627,0.010017155448198518,0.12650692351614454,0.00010101391929310994,25,10,10
41,1577,0.9175553330155211,6.3865224476113735e-06,0.07817935733690676,0.0042589231251242456,25,10,10
41,1578,0.9180392317533129,3.719164488221153e-06,0.07849115974352372,0.0034658893386751376,25,10,10
41,1579,0.8794665383173258,7.512572133468882e-05,0.1167126079922768,0.003745727969062636,25,10,10
41,1580,0.875838405209224,7.472892649605055e-05,0.1114924303666061,0.012594435497674257,25,10,10
41,1581,0.8849997786457964,7.566836522472203e-05,0.1148795409960481,4.501199293074719e-05,25,10,10
41,1582,0.8681677404001593,7.46822942019006e-07,0.13177286076995043,5.8652006948225876e-05,25,10,10
41,1583,0.880440515363251,1.7690389042235799e-06,0.11954433070625145,1.3384891592743756e-05,25,10,10
41,1584,0.9034659894684546,9.666005374346348e-07,0.09646169921256703,7.134471844042866e-05,25,10,10
41,1585,0.8509212668563332,1.1315017823076885e-06,0.1490625670645997,1.5034577283698014e-05,25,10,10
41,1586,0.8997262412594115,3.8741462395195967e-07,0.10024250144780718,3.0869878157500356e-05,25,10,10
41,1587,0.7872915507982389,4.4907439483540924e-05,0.18704271513820925,0.025620826624068553,25,10,10
41,1588,0.7395368188705896,4.546638998200835e-05,0.2329359136074175,0.027481801132011947,25,10,10
41,1589,0.6824785723250044,6.748602199755722e-05,0.2774247735267508,0.04002916812624579,25,10,10
41,1590,0.7893549669550436,4.645277057029367e-05,0.18352221555079345,0.027076364723592518,25,10,10
41,1591,0.8470514358315127,3.7672097082823586e-05,0.11296780587657461,0.03994308619482963,25,10,10
41,1592,0.8404747804397593,3.5233319004363127e-05,0.12233763277957978,0.03715235346165747,25,10,10
41,1593,0.8330308690056445,3.358377297125423e-06,0.12703387996409188,0.03993189265296665,25,10,10
41,1594,0.7791586994616957,8.58470192980639e-06,0.1809256785069394,0.03990703732943466,25,10,10
41,1595,0.7735981238973823,1.3394555737681906e-05,0.17805761527388575,0.0483308662729937,25,10,10
41,1596,0.8449907563036431,1.5879015142489684e-05,0.11539044079884844,0.03960292388236748,25,10,10
41,1597,0.8127076024459123,0.0003700397274949234,0.15086312914388522,0.036059228682707604,25,10,10
41,1598,0.8988298392071796,2.0380723742879897e-07,0.05749169588925555,0.04367826109632699,25,10,10
41,1599,0.7671496195382014,1.9719146117895324e-06,0.15971080853691258,0.07313760001027524,25,10,10
41,1600,0.8331297298544449,8.508258138490003e-07,0.13753703350655272,0.029332385813188804,25,10,10
41,1601,0.8120392979443178,3.1604370633516696e-06,0.12139684962533284,0.06656069199328636,25,10,10
41,1602,0.8081090448324999,7.744317018946422e-07,0.1185926939612733,0.07329748677452522,25,10,10
41,1603,0.8366423510982905,9.698787618575566e-07,0.08707915887914254,0.07627752014380511,25,10,10
41,1604,0.8414190428125886,3.029082875166545e-07,0.08548605934057649,0.07309459493854754,25,10,10
41,1605,0.8793555061438709,1.3563568312286725e-06,0.05366558597988015,0.06697755151941769,25,10,10
41,1606,0.8420903481123184,1.0656585769508046e-07,0.07873952852830547,0.07917001679351789,25,10,10
41,1607,0.8290382464659148,2.5168724271419284e-06,0.13064533658460903,0.04031390007704931,25,10,10
41,1608,0.8242167447277109,1.0181110195439628e-06,0.16625815877181435,0.009524078389455085,25,10,10
41,1609,0.8839832855222463,9.537421707151031e-06,0.1159328515988439,7.432545720318366e-05,25,10,10
41,1610,0.8807047973956574,2.2674049223116145e-06,0.11919589904153811,9.703615788325244e-05,25,10,10
41,1611,0.9345595082558715,3.428950502377396e-05,0.06538934239761686,1.6859841488575448e-05,25,10,10
41,1612,0.9436490169901255,3.3695333873298885e-07,0.056340614284444916,1.0031772091661993e-05,25,10,10
41,1613,0.9646673466764416,3.179874164252305e-07,0.03219228299002866,0.003140052346113237,25,10,10
41,1614,0.8870430962786827,8.204546921077779e-06,0.0868331831211649,0.026115516053230814,25,10,10
41,1615,0.8889071517880417,0.0003369514328544932,0.1104428333718882,0.0003130634072152073,25,10,10
41,1616,0.9477273058086537,4.775154780264999e-05,0.05213241537579094,9.25272677529471e-05,25,10,10
41,1617,0.897202168419796,4.042357388869686e-06,0.04033608788228839,0.0624577013405265,25,10,10
41,1618,0.8896530699655861,4.461478526916994e-06,0.07069755981415034,0.0396449087417372,25,10,10
41,1619,0.8715325367573405,1.0958889943467415e-05,0.08569946612611636,0.04275703822659954,25,10,10
41,1620,0.792424592312322,6.234796122146137e-06,0.16758742368361265,0.039981749207944006,25,10,10
41,1621,0.8738030508715197,6.544824844941903e-06,0.08827073602318224,0.03791966828045302,25,10,10
41,1622,0.8620187682033208,7.543013855503401e-06,0.09501667789503497,0.04295701088778887,25,10,10
41,1623,0.8938875759946224,9.68958971435962e-07,0.06614875589559198,0.03996269915081467,25,10,10
41,1624,0.903356454021013,7.850605644503915e-06,0.0566736760576538,0.03996201931568962,25,10,10
41,1625,0.8247314944262627,0.00010571861593778761,0.1351059735324417,0.040056813425357704,25,10,10
41,1626,0.8783291305372964,2.8384407560691516e-06,0.08207878429447504,0.03958924672747289,25,10,10
41,1627,0.7460218653233923,1.232610994123702e-05,0.24918431919150766,0.004781489375158541,25,10,10
41,1628,0.8490651006098341,1.1279229617572914e-05,0.15090794843767424,1.5671722874200602e-05,25,10,10
41,1629,0.8850846392669705,2.242888367473553e-05,0.11214853200823263,0.002744399841122651,25,10,10
41,1630,0.8878958265882669,1.227049881071403e-05,0.11154987243504612,0.0005420304778766378,25,10,10
41,1631,0.8759836272275427,9.587432213902944e-07,0.12398841653707414,2.699749216162691e-05,25,10,10
41,1632,0.9180488125361148,7.4200661203383425e-06,0.05288804695795112,0.029055720439813696,25,10,10
41,1633,0.8874118156136871,5.032718520393847e-06,0.0709749038647868,0.04160824780300554,25,10,10
41,1634,0.8758933138834425,1.5069821671980089e-05,0.08197484831912771,0.04211676797575759,25,10,10
41,1635,0.8393394782272614,1.1019867970433822e-05,0.12122981276040715,0.039419689144360774,25,10,10
41,1636,0.8734986056058578,2.1736948280121344e-05,0.08637458410246511,0.040105073343396545,25,10,10
41,1637,0.8597334960561561,1.2176607443226538e-05,0.100151403551573,0.04010292378482693,25,10,10
41,1638,0.8239955682918303,1.0289752264327368e-05,0.13792870992388953,0.03806543203201607,25,10,10
41,1639,0.8180498720578151,6.563304444360121e-06,0.10264866132347171,0.07929490331426974,25,10,10
41,1640,0.7775204041353965,1.995940945830906e-06,0.14305227528411024,0.07942532463954817,25,10,10
41,1641,0.820732539380316,7.874886649501621e-05,0.17352171935829927,0.005666992394890718,25,10,10
41,1642,0.8037944547825273,2.0218073129603435e-05,0.1538643565753029,0.04232097056904081,25,10,10
41,1643,0.8768776605808187,1.4714045660350623e-07,0.11030089152326887,0.012821300755456037,25,10,10
41,1644,0.9060077878926833,3.6598944964674573e-07,0.05386071140778737,0.04013113471007947,25,10,10
41,1645,0.8675923302351396,4.351488981564108e-06,0.0637666578731701,0.06863666040270872,25,10,10
41,1646,0.8710463200033834,1.6836539768934654e-06,0.05483937117912899,0.07411262516351058,25,10,10
41,1647,0.8482002727571796,2.622966452688343e-06,0.08100515089462558,0.07079195338174206,25,10,10
41,1648,0.8645916010928626,6.416202215845858e-05,0.09302169583779492,0.04232254104718341,25,10,10
41,1649,0.8599110279868535,1.4537239489300361e-05,0.10660198095041533,0.03347245382324188,25,10,10
41,1650,0.8629846078290662,5.245049940875032e-05,0.09743114931560404,0.039531792355920775,25,10,10
41,1651,0.9369644800627523,1.8786916472819868e-07,0.023455886860866706,0.03957944520721644,25,10,10
41,1652,0.9257277630905976,9.030787376416436e-07,0.034810383535827286,0.03946095029483733,25,10,10
41,1653,0.8194392392249087,3.2003421934636446e-05,0.15066879524079416,0.029859962112362207,25,10,10
41,1654,0.7760463052014,0.0006690753044404092,0.19336253950422957,0.029922079989928022,25,10,10
41,1655,0.8250260629907364,0.0006869869440908616,0.1444410734097378,0.029845876655435265,25,10,10
41,1656,0.8297803640197142,8.417518439386347e-06,0.14033983746840714,0.029871380993439837,25,10,10
41,1657,0.8701845683814924,0.00016847316235636377,0.09526407436421022,0.03438288409194176,25,10,10
41,1658,0.8446150763245319,3.6804305656182813e-06,0.11912346798294032,0.03625777526196225,25,10,10
41,1659,0.8254563729492241,1.4052898534226228e-05,0.14865103413742095,0.02587854001482033,25,10,10
41,1660,0.7697021106121877,4.934784034062634e-05,0.1849085728970914,0.04533996865038009,25,10,10
41,1661,0.8563740717963928,2.5874290029358265e-06,0.10564061067475934,0.037982730099844264,25,10,10
41,1662,0.882502977877817,1.6944853316584397e-06,0.07704114542879703,0.04045418220805434,25,10,10
41,1663,0.8797785421696198,0.00013237077965985364,0.07683310713761954,0.043255979913100574,25,10,10
41,1664,0.7827805758636265,0.00011916855726705848,0.17088214003423477,0.04621811554487141,25,10,10
41,1665,0.8203626847733634,4.306761906123117e-06,0.13989893669050008,0.03973407177422958,25,10,10
41,1666,0.8311333181251925,2.030791394277206e-06,0.1687253489739428,0.0001393021094702796,25,10,10
41,1667,0.7862833420783045,3.425586105411726e-06,0.2092530030894356,0.004460229246155441,25,10,10
41,1668,0.8477434944631959,1.4843701506573811e-05,0.14683068612888067,0.005410975706416621,25,10,10
41,1669,0.9109335464805441,2.3072042003875803e-05,0.08771799414841927,0.0013253873290329096,25,10,10
41,1670,0.922129944143238,2.372920979970689e-06,0.07782374005731234,4.394287847041782e-05,25,10,10
41,1671,0.9218066293429286,1.3265996119257433e-05,0.07220436734530826,0.0059757373156438635,25,10,10
41,1672,0.8897347824124957,2.253941529871552e-06,0.10728244175544834,0.0029805218905260503,25,10,10
41,1673,0.8569924541689221,2.6516567371725296e-06,0.13209661268604114,0.010908281488298841,25,10,10
41,1674,0.9535872722731519,9.575530244953898e-07,0.04567084806584273,0.0007409221079810647,25,10,10
41,1675,0.8924353819355147,4.406812085091572e-07,0.1000523422238787,0.00751183515939802,25,10,10
41,1676,0.8820255368823949,1.7037941809066322e-05,0.09360198638982288,0.024355438785973304,25,10,10
41,1677,0.8311254698332863,2.9555457560564152e-06,0.14448586063615565,0.0243857139848014,25,10,10
41,1678,0.8112494063687714,5.1704086709921746e-05,0.14776699748035688,0.04093189206416138,25,10,10
41,1679,0.8051753710101809,6.608944130506193e-06,0.15335181241886586,0.04146620762682238,25,10,10
41,1680,0.8787414412943275,1.1689703830116353e-05,0.12003120764047051,0.001215661361371838,25,10,10
41,1681,0.8839877450534732,1.114328034450729e-05,0.11145499883789808,0.004546112828284875,25,10,10
41,1682,0.8199113020206695,0.0004086295969240744,0.1792223931098858,0.0004576752725218703,25,10,10
41,1683,0.8596105190961592,6.1771543393983515e-06,0.14007905421542355,0.0003042495340783725,25,10,10
41,1684,0.9187216770910263,6.049951086150613e-06,0.08091625834930534,0.00035601460858255396,25,10,10
41,1685,0.948822015170075,2.360102649779099e-05,0.05080868836116837,0.0003456954422589502,25,10,10
41,1686,0.9079090207309861,6.287670842081725e-06,0.09176809705758494,0.00031659454058641625,25,10,10
41,1687,0.9171828048498832,0.009989570891631128,0.07127789934669278,0.0015497249117916337,25,10,10
41,1688,0.9101391859096865,0.03483853541804052,0.05485401665605382,0.00016826201621949425,25,10,10
41,1689,0.8169108978343871,0.03687271489512466,0.1459279408037313,0.0002884464667569481,25,10,10
41,1690,0.7780988359606471,0.03689190052585706,0.15257061925931775,0.03243864425417737,25,10,10
41,1691,0.8543602893387998,1.4786881421882339e-05,0.113413455717013,0.032211468062765675,25,10,10
41,1692,0.9004598186015873,1.3918433796155762e-05,0.07356197165442604,0.025964291310190953,25,10,10
41,1693,0.9026455402179281,1.3937337211700136e-05,0.07137689905759266,0.02596362338726765,25,10,10
41,1694,0.8876107697657772,0.00023878456748829265,0.08612486132976427,0.026025584336970723,25,10,10
41,1695,0.8598873412786151,1.9635342809775948e-06,0.09839877453783194,0.04171192064927252,25,10,10
41,1696,0.9223727383964563,9.078787377337513e-07,0.0360623690559915,0.04156398466881483,25,10,10
41,1697,0.855207799772592,1.7372644613236852e-06,0.09919989280134883,0.04559057016159758,25,10,10
41,1698,0.895483399821385,3.2497100054745884e-07,0.06167763247782641,0.04283864272978828,25,10,10
41,1699,0.8729910313365481,5.432517573840096e-05,0.08483308830277624,0.04212155518493834,25,10,10
41,1700,0.8693227095658648,1.5204827411643331e-06,0.08106705982856478,0.04960871012282936,25,10,10
41,1701,0.8855028592887721,8.357505126151927e-06,0.0959200083395155,0.018568774866586618,25,10,10
41,1702,0.851069625938233,2.1254702345755787e-05,0.10625254865497999,0.04265657070444068,25,10,10
41,1703,0.9158834929367998,1.9888833650517023e-05,0.0835984848673462,0.0004981333622028596,25,10,10
41,1704,0.938933494535061,0.00026891651333768265,0.060718233266257006,7.93556853441203e-05,25,10,10
41,1705,0.941691258384352,2.277655446514793e-05,0.05812093508788857,0.00016502997329402756,25,10,10
41,1706,0.8811912736814479,1.967104239553583e-05,0.11585018749949055,0.002938867776666207,25,10,10
41,1707,0.9293348280363047,8.925737406790713e-06,0.07016131475293934,0.0004949314733491603,25,10,10
41,1708,0.8746301654495694,3.3146821747733078e-06,0.12517588799198576,0.00019063187626999515,25,10,10
41,1709,0.9376907647778377,6.094052718267019e-06,0.062144936779929265,0.00015820438951420264,25,10,10
41,1710,0.9320857448358133,5.009963121717204e-07,0.06766494264321894,0.00024881152465534037,25,10,10
41,1711,0.8819672326499641,4.909335943568278e-06,0.11746194805842038,0.0005659099556714658,25,10,10
41,1712,0.7977382845480823,1.2583059437675304e-06,0.20186311346019972,0.00039734368577463064,25,10,10
41,1713,0.8836630183654002,1.093316989596448e-05,0.11624226042846868,8.378803623464269e-05,25,10,10
41,1714,0.8580297676059382,2.300549688983129e-06,0.14174064817974127,0.00022728366463098835,25,10,10
41,1715,0.7874798185209511,1.376627372141646e-05,0.21114412318541276,0.0013622920199155438,25,10,10
41,1716,0.9352210721404287,7.4915462649072336e-06,0.06470392162933068,6.751468397607363e-05,25,10,10
41,1717,0.9435146572120304,1.2762484739628609e-05,0.056467348209756046,5.232093473537427e-06,25,10,10
41,1718,0.8754638356289978,4.323981592110106e-06,0.12428416871603405,0.0002476716733764001,25,10,10
41,1719,0.8960943128626527,3.5567826947771435e-06,0.07450766510753462,0.02939446524711791,25,10,10
41,1720,0.9382025535594907,1.0298983310997157e-06,0.059415740583925326,0.0023806759582532477,25,10,10
41,1721,0.927304075599542,1.292629314932625e-05,0.07246135204249851,0.00022164606481028917,25,10,10
41,1722,0.9466236388162733,9.353667600792111e-07,0.0530405611379867,0.00033486467898050375,25,10,10
41,1723,0.9099890157592241,8.349571992278564e-08,0.09000333395495427,7.566790101091713e-06,25,10,10
41,1724,0.8716798657922591,6.807862787719225e-07,0.12651522919103061,0.0018042242304319085,25,10,10
41,1725,0.8709312525028075,6.789638756155539e-06,0.12790994169147032,0.0011520161669660006,25,10,10
41,1726,0.878349008602484,5.924462869668787e-06,0.11563379975233513,0.006011267182309851,25,10,10
41,1727,0.859902570226042,2.8528862561937456e-05,0.1383272325700409,0.0017416683413545137,25,10,10
41,1728,0.8835359381409364,2.0257529334000266e-05,0.11464757762577893,0.001796226703950094,25,10,10
41,1729,0.9203574464240879,2.2020584047241826e-05,0.05213709238268237,0.027483440609182504,25,10,10
41,1730,0.8683915145929691,6.312597970098725e-06,0.10441904427572155,0.02718312853333871,25,10,10
41,1731,0.8852222472497309,3.556004407501177e-05,0.08751624809758317,0.02722594460861064,25,10,10
41,1732,0.8464525979332855,2.5180356995891737e-05,0.12658100913385678,0.02694121257586208,25,10,10
41,1733,0.8283347063988188,4.231551350520215e-06,0.13122403394550328,0.04043702810432714,25,10,10
41,1734,0.8476044743458385,7.997935720676414e-05,0.11043880979062597,0.04187673650632884,25,10,10
41,1735,0.9130714811230454,3.489536904314923e-06,0.045283563506699306,0.04164146583335142,25,10,10
41,1736,0.8091163771057326,1.6808325313135217e-05,0.14631653359608637,0.044550280972866105,25,10,10
41,1737,0.8103173959701031,2.133518495166731e-05,0.1450444241454923,0.04461684469945199,25,10,10
41,1738,0.7506814026878663,4.6907118935429224e-05,0.20924369822820613,0.0400279919649937,25,10,10
41,1739,0.7853185801494241,3.693825345247377e-05,0.17498225772179687,0.039662223875325926,25,10,10
41,1740,0.8248057814696537,3.0199896217154945e-06,0.1355479588916487,0.03964323964907589,25,10,10
41,1741,0.737567683541704,6.994182989737296e-05,0.22195514736755634,0.040407227260841054,25,10,10
41,1742,0.8421148808801887,0.0004407767962998929,0.15066926500166267,0.006775077321848204,25,10,10
41,1743,0.8254615306489252,0.000442289442462028,0.14854066430976443,0.025555515598847545,25,10,10
41,1744,0.897080808544719,0.00017746771400457942,0.06629987287895993,0.03644185086231604,25,10,10
41,1745,0.8599489845171755,1.190279433370506e-06,0.10088698869909311,0.03916283650429855,25,10,10
41,1746,0.8693086501145251,5.853073673325476e-06,0.09090218038558225,0.03978331642621938,25,10,10
41,1747,0.864716098946764,2.7278900414478328e-05,0.09578229539803854,0.039474326754782935,25,10,10
41,1748,0.8863641656545168,3.4177540243257365e-05,0.0708317216573174,0.042769935147922426,25,10,10
41,1749,0.8452629296946215,3.104433174712392e-05,0.11845173267229497,0.03625429330133492,25,10,10
41,1750,0.8109755816331874,6.413299304407171e-06,0.11692585046294911,0.07209215460455887,25,10,10
41,1751,0.8400089212310594,1.772600827239929e-06,0.08044065693487396,0.07954864923323922,25,10,10
41,1752,0.8877854715095341,3.4604548167657034e-07,0.032661574319618164,0.07955260812536626,25,10,10
41,1753,0.8573027791139968,2.951761907456479e-06,0.09956567846772638,0.04312859065636841,25,10,10
41,1754,0.7833994708362735,2.6229222473513034e-06,0.1739064028082509,0.04269150343322755,25,10,10
41,1755,0.8464095884092299,9.616541521671596e-06,0.11313865661325982,0.0404421384359885,25,10,10
41,1756,0.8594944945611057,1.0141220577593393e-05,0.10714010104725256,0.03335526317106393,25,10,10
41,1757,0.826357337741196,9.49548262648575e-06,0.16885525710280475,0.004777909673372755,25,10,10
41,1758,0.869102254671758,9.355537171592954e-06,0.13080923029494923,7.915949612130039e-05,25,10,10
41,1759,0.8487727147208719,4.692925256270196e-05,0.1436317516724271,0.007548604354139102,25,10,10
41,1760,0.8264075296953592,2.8526580588749384e-05,0.12111221753528101,0.052451726188770836,25,10,10
41,1761,0.8203060295281286,2.021066815172314e-05,0.12720116885068422,0.052472590953035476,25,10,10
41,1762,0.8483686404972164,5.215135712439794e-07,0.07235157103769396,0.0792792669515192,25,10,10
41,1763,0.821107213531024,3.512480398501192e-05,0.10331448912601741,0.07554317253897377,25,10,10
41,1764,0.8884690210168713,1.3017983142905818e-06,0.03536859382628555,0.07616108335852866,25,10,10
41,1765,0.8941875796349074,1.0755684983140144e-06,0.04299611790987533,0.0628152268867197,25,10,10
41,1766,0.8727765955765183,3.398230227293397e-05,0.04900923190307737,0.07818019021813159,25,10,10
41,1767,0.8327006597332196,5.16865286649866e-06,0.0931283037517156,0.07416586786219781,25,10,10
41,1768,0.7147552876503043,6.22713418803389e-06,0.20928971333580698,0.07594877187970091,25,10,10
41,1769,0.7715552187246467,1.6478962858231753e-06,0.11098895673549324,0.11745417664357298,25,10,10
41,1770,0.8378847528878391,7.801682684546393e-06,0.04965499120697233,0.11245245422250374,25,10,10
41,1771,0.8703052837179848,1.3046760618912011e-06,0.052097447217953896,0.0775959643879993,25,10,10
41,1772,0.8229827111292785,8.744823583407624e-07,0.129000587848742,0.04801582653962003,25,10,10
41,1773,0.8339605628976484,7.985910589085715e-07,0.1189993756986435,0.04703926281264904,25,10,10
41,1774,0.9002142251639386,3.4281430137575026e-05,0.05967836411787262,0.04007312928805048,25,10,10
41,1775,0.8580003090998513,8.164333793021928e-06,0.10178714283750673,0.04020438372884929,25,10,10
41,1776,0.8548253743516855,1.843846595622409e-05,0.10509721855121018,0.04005896863114832,25,10,10
41,1777,0.9445587587694634,3.4621845138040004e-07,0.015485064071234185,0.039955830940851055,25,10,10
41,1778,0.8265305111224405,5.5430922507440185e-05,0.16299483631843972,0.010419221636612177,25,10,10
41,1779,0.8393953869725054,4.09505972142903e-05,0.15116557281583953,0.009398089614440773,25,10,10
41,1780,0.8403525226462181,4.11185138060043e-05,0.11154270108426269,0.04806365775571412,25,10,10
41,1781,0.7897002351546369,4.1082702470110154e-05,0.20255566241631037,0.007703019726581483,25,10,10
41,1782,0.8216001103391741,4.080278698487819e-05,0.17757531996992867,0.0007837669039124722,25,10,10
41,1783,0.7882542956507566,9.721919558570553e-05,0.18321525956569096,0.0284332255879666,25,10,10
41,1784,0.7904878668803564,1.6129278304751932e-05,0.18106674597813643,0.028429257863202443,25,10,10
41,1785,0.7376744141652055,2.9559097101441313e-06,0.22215078403161714,0.04017184589346741,25,10,10
41,1786,0.8735564127961142,1.261632409998087e-06,0.08674918370548156,0.039693141865994826,25,10,10
41,1787,0.889707701163101,1.3773469292282247e-05,0.08547380946614601,0.02480471590146148,25,10,10
41,1788,0.8711956711832329,2.654884996025224e-05,0.07866216730833946,0.05011561265846794,25,10,10
41,1789,0.7906598719460424,2.1875172645513504e-06,0.19901031281502263,0.010327627721669444,25,10,10
41,1790,0.8476903485749596,3.3767679314867003e-06,0.14246748679506152,0.009838787862047406,25,10,10
41,1791,0.8888572168333109,3.2132964234099958e-06,0.10127014022522612,0.009869429645039906,25,10,10
41,1792,0.8913781158075266,1.1396933281067871e-06,0.09782487150659464,0.010795872992551258,25,10,10
41,1793,0.896161702827361,5.586566912236915e-06,0.10288297520155178,0.0009497354041753569,25,10,10
41,1794,0.8791032619607735,4.900144279610022e-06,0.11170238346944217,0.009189454425504314,25,10,10
41,1795,0.8686345688151319,2.44770009548551e-06,0.1300416188077656,0.001321364677007755,25,10,10
41,1796,0.8785662307464956,1.2799453905228342e-06,0.12014164504615929,0.0012908442619552385,25,10,10
41,1797,0.8815202272030541,4.467623690384297e-05,0.11806399602682298,0.00037110053321943044,25,10,10
41,1798,0.8863888914531707,2.237760480122423e-05,0.11356714868108556,2.1582260942704752e-05,25,10,10
41,1799,0.8922467616724902,1.809571261856973e-05,0.10754253361975176,0.0001926089951391229,25,10,10
41,1800,0.8725588120393759,1.2915070194071752e-05,0.1272384655761233,0.00018980731430651217,25,10,10
41,1801,0.9324965733708397,1.599693625393102e-05,0.06732561696879885,0.00016181272410746895,25,10,10
41,1802,0.9577866815038395,9.367687347734684e-08,0.04209491215503691,0.00011831266424927627,25,10,10
41,1803,0.9101610290944818,0.00043744680745566556,0.08926892938336424,0.0001325947146975111,25,10,10
41,1804,0.8725681576833527,0.0004384928770290532,0.12669963070418908,0.00029371873542785213,25,10,10
41,1805,0.9015195562136264,6.768197538632062e-06,0.09704184425838334,0.001431831330450884,25,10,10
41,1806,0.8760513016024146,1.998147660643526e-05,0.12204612570955872,0.001882591211419988,25,10,10
41,1807,0.8798552839499026,9.645157479756867e-06,0.11847060731685832,0.0016644635757578868,25,10,10
41,1808,0.8909232028722925,1.0554940834029983e-06,0.10893516998723635,0.00014057164638617322,25,10,10
41,1809,0.9170585050820429,6.82781174386817e-06,0.08277562042438343,0.00015904668182917632,25,10,10
41,1810,0.903424926212049,3.977444285648103e-07,0.09647381204167103,0.00010086400185094812,25,10,10
41,1811,0.8943233476920814,1.2409365444469305e-05,0.10558288667144365,8.135627102956462e-05,25,10,10
41,1812,0.922426854642731,0.00022636942492180556,0.07731535894614526,3.14169862022565e-05,25,10,10
41,1813,0.8799341934398578,5.80287696229178e-06,0.11968190218262585,0.0003781015005535262,25,10,10
41,1814,0.8627341462747257,1.962413733313584e-06,0.1367420842006122,0.0005218071109293686,25,10,10
41,1815,0.9376647354853073,1.792450897856027e-06,0.05903683189457134,0.0032966401692236563,25,10,10
41,1816,0.8767882098467176,3.717015345837245e-07,0.12168892439087699,0.0015224940608697442,25,10,10
41,1817,0.8824754888871214,1.1935140748394635e-06,0.11741933467429763,0.00010398292450569587,25,10,10
41,1818,0.8064526864018172,2.298614687042424e-06,0.1929138441841144,0.0006311707993808386,25,10,10
41,1819,0.8655026029937054,2.6251462332928146e-06,0.1319932646648189,0.002501507195241939,25,10,10
41,1820,0.7954136909436036,2.8993700916287616e-06,0.20426184299448175,0.0003215666918225463,25,10,10
41,1821,0.8900825583525901,3.20860408500014e-07,0.1096526054505891,0.00026451533641264297,25,10,10
41,1822,0.9191041850625186,8.282881151758579e-07,0.08028483404590656,0.0006101526034595849,25,10,10
41,1823,0.861627903998393,6.883161944163047e-06,0.1378723098327853,0.0004929030068774786,25,10,10
41,1824,0.8637211759758313,6.66365718522641e-06,0.13607619911313046,0.00019596125385284784,25,10,10
41,1825,0.9122556825773962,1.1430959408485074e-06,0.0874367800593401,0.00030639426732356577,25,10,10
41,1826,0.8355096598678742,1.094360550641322e-05,0.1640221045072597,0.000457292019359851,25,10,10
41,1827,0.8541258992170627,0.0003234316293676303,0.14533720666860814,0.0002134624849624258,25,10,10
41,1828,0.8928964017344707,1.1526105075232785e-05,0.1068942698087347,0.00019780235171957722,25,10,10
41,1829,0.8226012611607406,1.1823337388518057e-05,0.17380473103226254,0.0035821844696101073,25,10,10
41,1830,0.8530994187758981,3.729461358349817e-05,0.1467366337401848,0.00012665287033468582,25,10,10
41,1831,0.8202194990961318,3.223651203541122e-05,0.17955603711744708,0.00019222727438453885,25,10,10
41,1832,0.8962278190707178,4.760942619947195e-06,0.10357610711390358,0.00019131287275910868,25,10,10
41,1833,0.911783288568078,3.0017200395152768e-06,0.0881432427613402,7.046695054203816e-05,25,10,10
41,1834,0.8876456925707191,2.779641968086899e-06,0.11203097375626771,0.00032055403104505533,25,10,10
41,1835,0.897365527255249,2.270869006923533e-06,0.10215669192471165,0.00047550995103308387,25,10,10
41,1836,0.8582377733614419,8.007103904927735e-06,0.10654229370794345,0.03521192582670996,25,10,10
41,1837,0.8874310327764882,6.709693888445962e-07,0.09664673953234074,0.015921556721781385,25,10,10
41,1838,0.8682962814323141,0.0006309726371352797,0.11600997083945255,0.015062775091097822,25,10,10
41,1839,0.8630141063654623,9.96799442230811e-07,0.12231217265192884,0.014672724183166558,25,10,10
41,1840,0.8589878294405452,3.7166279407456905e-05,0.12237980566575674,0.018595198614289984,25,10,10
41,1841,0.8592092371352653,3.0303310940750033e-07,0.12825295181351473,0.01253750801811032,25,10,10
41,1842,0.8886645993226479,7.037730819447018e-07,0.09877244179159073,0.012562255112679515,25,10,10
41,1843,0.8429595793876281,4.826799916543432e-07,0.15700499474186216,3.494319051794267e-05,25,10,10
41,1844,0.8917088825651832,2.5084745604765543e-05,0.10557581371420749,0.00269021897500475,25,10,10
41,1845,0.8881095734260582,5.67895896943909e-07,0.11156100029235785,0.00032885838568706466,25,10,10
41,1846,0.8946504165685312,1.0452308575510063e-07,0.10533755786706718,1.1921041314869838e-05,25,10,10
41,1847,0.8877850011155323,6.514305333143552e-07,0.11067655223756548,0.0015377952163682087,25,10,10
41,1848,0.8587119270252177,2.138613001879445e-06,0.14115112690253903,0.0001348074592418427,25,10,10
41,1849,0.8459774344622919,2.71456367540833e-06,0.15388778201531492,0.0001320689587176234,25,10,10
41,1850,0.7833665092641903,2.0245833230478202e-05,0.21599946124734923,0.000613783655230787,25,10,10
41,1851,0.8032353272124026,5.19279599747688e-05,0.1961623997947365,0.0005503450328864095,25,10,10
41,1852,0.7869226034200989,9.328511619395062e-05,0.21262703996632507,0.00035707149738032224,25,10,10
41,1853,0.8178153539066386,1.0229923460743676e-05,0.1819489389196455,0.0002254772502551141,25,10,10
41,1854,0.8493094171380843,1.971285303155976e-06,0.15037886260738234,0.00030974896923061427,25,10,10
41,1855,0.8159607276071107,1.866337873533103e-06,0.18378944574831305,0.00024796030670358823,25,10,10
41,1856,0.9442720141192816,0.0002014962488160288,0.05544261549061689,8.38741412849514e-05,25,10,10
41,1857,0.9162033957754686,0.00020138480644465987,0.08286833423201853,0.0007268851860678478,25,10,10
41,1858,0.855860409651943,1.7387904135962977e-06,0.14290605257227562,0.001231798985367418,25,10,10
41,1859,0.8577072615920387,2.5251373249284947e-06,0.14228393583189294,6.277438743140785e-06,25,10,10
41,1860,0.9079083158610775,1.4775191603274933e-06,0.05410058650963264,0.037989620110129615,25,10,10
41,1861,0.8189220436080875,6.922008976250993e-05,0.14415493545114702,0.03685380085100271,25,10,10
41,1862,0.7428883324303588,7.043570714630981e-05,0.19111751555072462,0.06592371631177006,25,10,10
41,1863,0.7598800950508151,1.2301932557101688e-06,0.1356759118629719,0.10444276289295747,25,10,10
41,1864,0.8034923082353916,1.4163064778660484e-06,0.09906625282560003,0.09744002263253082,25,10,10
41,1865,0.7160200457690159,7.870486752618626e-05,0.1369870583248562,0.14691419103860226,25,10,10
41,1866,0.7420404299689237,2.6409708410369084e-06,0.09518788654773078,0.16276904251250482,25,10,10
41,1867,0.7397189402498573,8.744833394310783e-06,0.09955720110787107,0.16071511380887749,25,10,10
41,1868,0.7081820716400525,1.2383423835611953e-05,0.11859633379804724,0.17320921113806495,25,10,10
41,1869,0.7629185113706005,1.2546555330800613e-05,0.10788846935196274,0.12918047272210642,25,10,10
41,1870,0.7703576724045392,2.4862234543090346e-05,0.12080544227768382,0.10881202308323408,25,10,10
41,1871,0.7479018889278042,2.7801294554978465e-05,0.13201180646854632,0.12005850330909398,25,10,10
41,1872,0.7546336413615969,3.107510824292391e-05,0.1264720560704081,0.11886322745975222,25,10,10
41,1873,0.7683644657408268,6.497069089569204e-06,0.11245219654674316,0.11917684064334055,25,10,10
41,1874,0.7836888759750559,7.324887376610398e-06,0.0991634871364421,0.1171403120011246,25,10,10
41,1875,0.8506448562616549,0.000239375316417983,0.07767912149952898,0.0714366469223979,25,10,10
41,1876,0.8254087759890335,1.0501024504615308e-06,0.09249437319336433,0.08209580071515109,25,10,10
41,1877,0.8623793293744504,6.828196441378926e-07,0.08638226069643892,0.051237727109465815,25,10,10
41,1878,0.8338073278465882,5.974601702760994e-06,0.1051150290422458,0.06107166850946369,25,10,10
41,1879,0.8696411845649361,5.6155052044640424e-06,0.06933798066298222,0.061015219266876856,25,10,10
41,1880,0.8377274832852288,2.080970988767553e-05,0.10101940636101597,0.0612323006438683,25,10,10
41,1881,0.8510414434168889,9.991610125188385e-06,0.12166342590231975,0.027285139070666955,25,10,10
41,1882,0.8521323724359159,1.126391069814005e-05,0.09826090906331593,0.04959545459007018,25,10,10
41,1883,0.854419353759947,1.0245788784299409e-05,0.11186406311613166,0.03370633733513751,25,10,10
41,1884,0.9012153385421036,6.049994759321505e-06,0.0771655821737069,0.021613029289430433,25,10,10
41,1885,0.8644044524652972,1.3945737945302976e-05,0.094134236813876,0.04144736498288153,25,10,10
41,1886,0.8877908095027152,7.899240328352573e-06,0.1114626015572082,0.0007386896997488678,25,10,10
41,1887,0.9408464128795466,6.674268174793602e-06,0.05912725648353193,1.9656368746617618e-05,25,10,10
41,1888,0.9441897161731441,7.444854556549955e-06,0.05557714738513811,0.00022569158716116548,25,10,10
41,1889,0.9138057783713507,0.00029870663817122754,0.08305208404204434,0.0028434309484337257,25,10,10
41,1890,0.8824191786876868,0.0008335848754580534,0.11664894765024147,9.828878661309567e-05,25,10,10
41,1891,0.9137253307087333,5.50544146584277e-07,0.08321053268036474,0.0030635860667554255,25,10,10
41,1892,0.8745026335797987,2.9222014299301746e-05,0.09579264048701067,0.02967550391889159,25,10,10
41,1893,0.8523850032409638,2.7289226703557747e-05,0.1082955119467047,0.0392921955856281,25,10,10
41,1894,0.8358741335384056,4.623839913250329e-05,0.16402952224878745,5.010581367434687e-05,25,10,10
41,1895,0.8355068925397673,0.00017664516972562235,0.1642684300110212,4.80322794873309e-05,25,10,10
41,1896,0.8161107326618057,1.404093050587737e-05,0.18310887283435037,0.0007663535733386162,25,10,10
41,1897,0.8255524506203834,0.00010873561463270496,0.17421544907691988,0.0001233646880634707,25,10,10
41,1898,0.8962768955651534,0.00017467957015349217,0.10336285622661806,0.0001855686380750421,25,10,10
41,1899,0.8338525446917194,2.422038351092659e-06,0.16556351812513811,0.0005815151447904051,25,10,10
41,1900,0.8325296051887718,2.840740885601714e-06,0.1667657407168759,0.0007018133534681521,25,10,10
41,1901,0.8998698893727739,3.351205117286604e-05,0.09995529717927648,0.0001413013967762746,25,10,10
41,1902,0.9007758579850388,1.6906775525714015e-05,0.09511515658030012,0.004092078659135047,25,10,10
41,1903,0.8284798325820881,7.7147246416959e-07,0.1711018585316664,0.00041753741378119545,25,10,10
41,1904,0.9226890554535576,4.2587074533582923e-07,0.0772434855432971,6.703313240012361e-05,25,10,10
41,1905,0.8873637921598925,0.00025961712921284785,0.11209129888924432,0.0002852918216504149,25,10,10
41,1906,0.8995365883667352,0.00025059059538794047,0.09979093493254436,0.00042188610533279875,25,10,10
41,1907,0.8908381830980399,0.00030520865443229396,0.10883413366089689,2.2474586630724817e-05,25,10,10
41,1908,0.9106509581774932,9.675248099623128e-07,0.08922337230162668,0.0001247019960695139,25,10,10
41,1909,0.8842381555031339,1.3987097775858233e-05,0.11539581692770237,0.000352040471388965,25,10,10
41,1910,0.9519756200712622,5.499094440559997e-07,0.04781669726747812,0.00020713275181538573,25,10,10
41,1911,0.9826999008800539,2.8055493020753705e-07,0.017213259009746643,8.655955526904081e-05,25,10,10
41,1912,0.957214013276489,3.1380990241391265e-07,0.04245380177350839,0.0003318711401004361,25,10,10
41,1913,0.8506317052234154,1.793200882510699e-05,0.1490007704559775,0.0003495923117827411,25,10,10
41,1914,0.873411359520923,8.3439780013373e-07,0.12624502524467146,0.0003427808366064019,25,10,10
41,1915,0.8818029801546342,2.2524551330798947e-05,0.11174005680306925,0.0064344384909666395,25,10,10
41,1916,0.8630032654801321,2.2697374252989093e-05,0.13057719667780857,0.00639684046780754,25,10,10
41,1917,0.8574328687355431,0.000613709886509822,0.14192337203567523,3.0049342271454756e-05,25,10,10
41,1918,0.825592317076556,0.0009485501829328368,0.16062775361194193,0.012831379128568686,25,10,10
41,1919,0.8036465478392061,0.000355910907259431,0.18004311522877267,0.015954426024761794,25,10,10
41,1920,0.8066196116508185,0.0003696367050644912,0.18044153515670913,0.01256921648740756,25,10,10
41,1921,0.7809901419180302,0.0013298085080768976,0.20939129997152794,0.008288749602364573,25,10,10
41,1922,0.875827846919231,0.0003718989988609362,0.11717597862493973,0.006624275456968431,25,10,10
41,1923,0.8869105048004853,5.78547074119386e-07,0.112966265368243,0.00012265128419803185,25,10,10
41,1924,0.9297127208416001,1.995780379194043e-05,0.07010762173982184,0.00015969961478595364,25,10,10
41,1925,0.8648369416269752,1.8493393195153423e-06,0.11077796177920639,0.02438324725449892,25,10,10
41,1926,0.8839595683783257,2.447974372488832e-05,0.07971565422868447,0.036300297649264505,25,10,10
41,1927,0.8655926902715136,1.5443192633362635e-06,0.09807207063727748,0.03633369477194574,25,10,10
41,1928,0.8370625337712007,1.1140291849629797e-06,0.1335681011537084,0.029368251045905746,25,10,10
41,1929,0.8346587298337486,7.995288235286218e-07,0.1363538831434813,0.028986587493946205,25,10,10
41,1930,0.8688442063963048,8.004941646459426e-07,0.09152805188741096,0.03962694122211971,25,10,10
41,1931,0.8719550232536801,6.277058578491117e-06,0.08714949206415405,0.040889207623587207,25,10,10
41,1932,0.8707799954317424,8.736525824866205e-06,0.0891459787148108,0.04006528932762138,25,10,10
41,1933,0.835454319599403,9.654784105051834e-06,0.12817476770944702,0.03636125790704385,25,10,10
41,1934,0.8244478505094607,1.834030492013339e-05,0.13915818567436958,0.03637562351124989,25,10,10
41,1935,0.8147598235801184,1.1292147702508522e-05,0.14265616383424637,0.04257272043793372,25,10,10
41,1936,0.8522597253060822,9.543883236256864e-06,0.12917996450136623,0.018550766309315764,25,10,10
41,1937,0.8502713309090218,9.92759347178957e-06,0.1289862339986961,0.020732507498810903,25,10,10
41,1938,0.7462028880238898,7.254863913524962e-06,0.21161566925738368,0.042174187854813125,25,10,10
41,1939,0.821411849117822,1.0978588977980712e-06,0.17809318383402162,0.0004938691892580844,25,10,10
41,1940,0.9000902668865508,5.733031732664787e-07,0.09969324194608531,0.00021591786419126235,25,10,10
41,1941,0.8800397204239941,6.6404391520344816e-06,0.11969263588381818,0.00026100325303610975,25,10,10
41,1942,0.9367993840661225,1.0484738117409137e-06,0.06302317344218103,0.00017639401788416536,25,10,10
41,1943,0.8678603652177433,1.0329183333192386e-05,0.13060308237327367,0.0015262232256496025,25,10,10
41,1944,0.8656285431119844,1.7007776594931208e-06,0.13434125101266303,2.8505097692451014e-05,25,10,10
41,1945,0.8847181146845027,2.0130406172731735e-06,0.09389727751138156,0.0213825947634984,25,10,10
41,1946,0.863698902212129,9.657818376757572e-06,0.09421129343815608,0.04208014653133816,25,10,10
41,1947,0.8230625640296578,2.0956134049622826e-06,0.13309659463358275,0.04383874572335409,25,10,10
41,1948,0.861246494400362,0.00011583514200307239,0.09478688443339425,0.0438507860242402,25,10,10
41,1949,0.8169738282083802,0.00011604280541261373,0.14913552841914898,0.03377460056705794,25,10,10
41,1950,0.798417325921233,0.00011015307300243632,0.16035631866860878,0.041116202337155225,25,10,10
41,1951,0.8500978811005495,3.8554265693052657e-07,0.13142295408101484,0.018478779275779556,25,10,10
41,1952,0.8884090683628885,9.684928508806885e-08,0.1107014561234364,0.0008893786643904238,25,10,10
41,1953,0.9194782632049587,5.105157453575832e-07,0.08037498517917506,0.00014624110012150497,25,10,10
41,1954,0.8967892691842319,1.7727763085561396e-06,0.10303871406576687,0.00017024397369373067,25,10,10
41,1955,0.8776079193682452,1.637018790102086e-06,0.11325095109239564,0.009139492520568657,25,10,10
41,1956,0.9609300457277224,5.352629248076391e-07,0.038991016537709096,7.840247164386407e-05,25,10,10
41,1957,0.9063346603811001,2.752532104576329e-06,0.09353519809804295,0.00012738898875214492,25,10,10
41,1958,0.9369054738438014,3.4279214359417314e-06,0.06275743994179202,0.000333658292970161,25,10,10
41,1959,0.8987950667025529,1.0861270242918985e-05,0.10085940053913836,0.0003346714880660176,25,10,10
41,1960,0.9549120275170772,8.32406975617273e-06,0.044768898272301225,0.00031075014086531257,25,10,10
41,1961,0.9495891511398225,1.581225592294381e-05,0.04652451908449625,0.0038705175197581623,25,10,10
41,1962,0.9159747386305449,3.85630024116748e-06,0.0839498294489146,7.15756202992741e-05,25,10,10
41,1963,0.8477279734861155,7.031467915697783e-05,0.15096143467689083,0.0012402771578369242,25,10,10
41,1964,0.8733864026743832,0.0003922578026074558,0.12478741580133798,0.0014339237216707767,25,10,10
41,1965,0.9002021340960517,6.344364848397508e-06,0.09858925228376553,0.0012022692553345644,25,10,10
41,1966,0.8694720476194336,1.8354822799399904e-06,0.10652177128513246,0.02400434561315388,25,10,10
41,1967,0.8553084980495838,1.8528272337087675e-05,0.10190283808754858,0.0427701355905305,25,10,10
41,1968,0.8092993897703639,1.8961918226072804e-06,0.1490183505157448,0.04168036352206909,25,10,10
41,1969,0.8565218756213996,2.6461156578301824e-06,0.10373052855104099,0.03974494971190137,25,10,10
41,1970,0.8825553039020698,2.9276279256828417e-06,0.07779510604780165,0.03964666242220289,25,10,10
41,1971,0.8648122111696546,4.803949462052474e-06,0.09554872892832365,0.03963425595255953,25,10,10
41,1972,0.9095343182512768,3.493541642515349e-05,0.04944073870954264,0.04099000762275507,25,10,10
41,1973,0.888537504658276,3.505617268196978e-05,0.10468745116223518,0.006739988006806097,25,10,10
41,1974,0.9721102372996983,1.3851982824040551e-05,0.027499303134797714,0.00037660758268019846,25,10,10
41,1975,0.8611798453240399,1.713801538800856e-06,0.13875917020546136,5.92706689604869e-05,25,10,10
41,1976,0.9042008685848935,7.757513519627696e-07,0.09573345367106163,6.49019926932517e-05,25,10,10
41,1977,0.87133980834279,1.7005308119418165e-06,0.1285305771786416,0.00012791394775700743,25,10,10
41,1978,0.7970889971472157,9.027168681902542e-06,0.16795597503090767,0.03494600065319456,25,10,10
41,1979,0.8260640134321358,0.0004027052600217846,0.1366440953363117,0.03688918597153023,25,10,10
41,1980,0.8412718111696619,1.406987564571763e-05,0.1281643410869887,0.0305497778677032,25,10,10
41,1981,0.7892812191900264,0.00040540748944436654,0.17957448392708325,0.030738889393445747,25,10,10
41,1982,0.8206361352957937,0.00030608784988452894,0.15031535315230496,0.02874242370201718,25,10,10
41,1983,0.828993563877369,0.00030624273465863907,0.13083189744881477,0.03986829593915809,25,10,10
41,1984,0.852307940385947,1.053810684473526e-06,0.10751311689433692,0.04017788890903159,25,10,10
41,1985,0.8068832124201344,1.00508530547555e-05,0.1527736026991164,0.04033313402769349,25,10,10
41,1986,0.8434346966445803,5.61276141050476e-07,0.11634676444516844,0.04021797763411026,25,10,10
41,1987,0.8685557437637056,7.618636965680023e-06,0.08603088551689955,0.04540575208242936,25,10,10
41,1988,0.8288482283378564,4.21914105141308e-07,0.12572748168899492,0.045423868059042416,25,10,10
41,1989,0.835725384920972,4.5568687763391085e-07,0.13172861220202792,0.032545547190122176,25,10,10
41,1990,0.825898921614008,7.502909574388355e-07,0.11073283345890564,0.06336749463612873,25,10,10
41,1991,0.7014687981771938,0.0006910642835025422,0.2196281323047075,0.0782120052345961,25,10,10
41,1992,0.7877557734363739,2.0967355630475485e-05,0.1339834695392468,0.07823978966874892,25,10,10
41,1993,0.8275074958261243,0.0003735254240996569,0.09640419572346427,0.07571478302631238,25,10,10
41,1994,0.8385811576781186,0.0003771215010970939,0.08540130793931242,0.07564041288147234,25,10,10
41,1995,0.876837392863362,7.280832725747056e-07,0.044089846927628414,0.07907203212573691,25,10,10
41,1996,0.874306532373943,2.077787876983982e-06,0.08257131727203268,0.04312007256614835,25,10,10
41,1997,0.825716363704632,9.609411704149903e-07,0.1312890695331239,0.04299360582107382,25,10,10
41,1998,0.8490330940539813,5.100815583575754e-07,0.106763797803817,0.04420259806064337,25,10,10
41,1999,0.8732256126850076,8.262348632220122e-07,0.08683224917853266,0.039941311901596735,25,10,10
41,2000,0.8957206696664679,2.2629432735435874e-07,0.09997775429951142,0.00430134973969294,25,10,10
41,2001,0.9307908309450272,1.152979984604274e-06,0.066841916375536,0.002366099699451458,25,10,10
41,2002,0.8561746682441421,2.305376531802262e-06,0.14335707659692118,0.00046594978240513006,25,10,10
41,2003,0.911977273766904,7.587770601380025e-07,0.08787650357877894,0.00014546387725730784,25,10,10
41,2004,0.9263794246787372,1.3097832900562986e-06,0.0734220003084444,0.00019726522952882495,25,10,10
41,2005,0.9029346488931418,1.9145502209431743e-06,0.09683482585618484,0.00022861070045253863,25,10,10
41,2006,0.9495250223476781,6.855994489643825e-06,0.05045542655890631,1.2695098925471265e-05,25,10,10
41,2007,0.9062370567210856,1.2279590169534337e-05,0.09201565358235093,0.0017350101063926242,25,10,10
41,2008,0.8941800209877168,1.4753293720713962e-05,0.10402762831980752,0.0017775973987555563,25,10,10
41,2009,0.8132071101001616,1.0571101306873813e-06,0.1867692753226724,2.2557467033570452e-05,25,10,10
41,2010,0.8661462353643877,2.217220718782982e-06,0.13307919321446804,0.0007723542004255007,25,10,10
41,2011,0.8487833975124026,1.6104310985656476e-06,0.1480546079572264,0.0031603840992712744,25,10,10
41,2012,0.8518385133569977,0.00011840553495362352,0.14432495808857362,0.0037181230194751414,25,10,10
41,2013,0.9239612901392275,2.1987664589927676e-06,0.07311153327771963,0.0029249778165939887,25,10,10
41,2014,0.8979804942858612,1.9253479787169276e-06,0.09904704848864386,0.0029705318775159017,25,10,10
41,2015,0.9517064537693983,0.00024251646972786613,0.047994706193773294,5.6323567100941527e-05,25,10,10
41,2016,0.9321576454155226,8.675091425567268e-07,0.06780294204325531,3.8545032079888114e-05,25,10,10
41,2017,0.8724073801631467,0.0008361869041343231,0.12397447067827906,0.0027819622544395543,25,10,10
41,2018,0.9215053297479183,5.470839203938931e-07,0.07555142456277485,0.0029426986053867664,25,10,10
41,2019,0.9792178458121983,1.147287048681675e-06,0.020722367558823455,5.863934192976609e-05,25,10,10
41,2020,0.944234478539603,7.639058961807709e-08,0.05234700621555793,0.003418438854249246,25,10,10
41,2021,0.9485618797541362,2.0428379919777056e-06,0.05109912255406154,0.0003369548538098465,25,10,10
41,2022,0.9332364329154278,9.307089783403978e-05,0.06649852953714402,0.0001719666495939107,25,10,10
41,2023,0.9582484080948923,5.270961862050411e-07,0.04157534317864971,0.00017572163027178986,25,10,10
41,2024,0.924056225429676,0.0003312105132567631,0.07513757830120922,0.00047498575585860664,25,10,10
41,2025,0.9189863492793162,2.531301559538906e-07,0.06876945175594275,0.012243945834585405,25,10,10
41,2026,0.9274489883746532,1.3801935411145283e-07,0.05912741960797899,0.013423453998013783,25,10,10
41,2027,0.8862618941924906,1.628855797369473e-06,0.07329169530956191,0.04044478164215038,25,10,10
41,2028,0.8691643902841945,1.0448447234351694e-06,0.09040516215351607,0.040429402717565975,25,10,10
41,2029,0.881456565443457,1.083392679635271e-06,0.07848482902285048,0.04005752214101287,25,10,10
41,2030,0.8988113109939124,2.450523148221883e-06,0.09569362894835041,0.00549260953458878,25,10,10
41,2031,0.8454511561942786,1.2043111968026745e-06,0.10942825617421156,0.045119383320313775,25,10,10
41,2032,0.9180228159500301,2.3350006124768687e-06,0.042317845844661583,0.03965700320469575,25,10,10
41,2033,0.9749970119764113,2.132232784765647e-06,0.024966568661910386,3.4287128893210936e-05,25,10,10
41,2034,0.8725309519404838,0.00035198478338551126,0.12687525104848738,0.00024181222764225625,25,10,10
41,2035,0.8856841754941928,1.4027262553521784e-05,0.1138556850453668,0.00044611219788590664,25,10,10
41,2036,0.8434427581357953,0.00037528811850788616,0.14862510787680105,0.0075568458688953935,25,10,10
41,2037,0.8824470490596217,0.0007446624779348975,0.1145356790550987,0.0022726094073445466,25,10,10
41,2038,0.8907107622153674,4.19762624906506e-06,0.10692428800056498,0.0023607521578180063,25,10,10
41,2039,0.8776064348145683,0.0010619042080211342,0.12112167263195175,0.00020998834545845748,25,10,10
41,2040,0.9138160699008777,0.001062385391671402,0.08490477767141487,0.00021676703603554324,25,10,10
41,2041,0.8716943472436963,0.0011521493965294418,0.12696208413130344,0.00019141922847071518,25,10,10
41,2042,0.9020014112362059,3.248899460446248e-05,0.09751826160370819,0.00044783816548113893,25,10,10
41,2043,0.8825372331062432,0.012501640691339683,0.10485786289991736,0.00010326330250003552,25,10,10
41,2044,0.8646107895300648,0.01850434502382852,0.1166884407944992,0.0001964246516071947,25,10,10
41,2045,0.8503140068559099,0.00016883382857380537,0.14935659285177907,0.00016056646373785788,25,10,10
41,2046,0.9271996654277611,1.0316948201006305e-06,0.0722709245038906,0.0005283783735284607,25,10,10
41,2047,0.8717345252432845,3.3724944375431606e-05,0.1277907127871947,0.00044103702514572163,25,10,10
41,2048,0.8745586730750173,0.001525962876205593,0.12350785946512267,0.0004075045836550485,25,10,10
41,2049,0.9429813267002949,9.94735874577021e-07,0.05691477170124084,0.00010290686258951352,25,10,10
41,2050,0.9001883741660842,4.709781163720077e-06,0.09542000174818,0.0043869143045716825,25,10,10
41,2051,0.8806539999812789,1.3782057756848223e-05,0.11076146545393226,0.008570752507031945,25,10,10
41,2052,0.8582286503836236,0.00018563575115956754,0.13719948026404105,0.004386233601175921,25,10,10
41,2053,0.8727896658735661,0.00018552200455689474,0.12573931353252438,0.001285498589352392,25,10,10
41,2054,0.798716802980908,9.995324286194562e-06,0.19988364965626565,0.00138955203853831,25,10,10
41,2055,0.8138681908337781,9.65899058882352e-06,0.17511051563343497,0.01101163454219743,25,10,10
41,2056,0.8276179009624167,5.126000901543728e-05,0.12946619217334404,0.04286464685522479,25,10,10
41,2057,0.8966751106805506,2.5006119710151346e-07,0.06249566917576925,0.04082897008248274,25,10,10
41,2058,0.8758695284260358,1.9840313133392425e-05,0.08074251581074447,0.04336811545008752,25,10,10
41,2059,0.8542197036469343,1.2971708874171658e-06,0.10626310241516862,0.03951589676701042,25,10,10
41,2060,0.8990647600850711,1.3831072844588755e-06,0.06443761684578089,0.03649623996186353,25,10,10
41,2061,0.8792172908610297,6.202562670337179e-06,0.08436097546605403,0.036415531110245265,25,10,10
41,2062,0.8919033342490776,1.609258344471885e-05,0.0715121942879325,0.03656837887954554,25,10,10
41,2063,0.8752672655202879,1.8320562919819767e-05,0.08480366438031484,0.039910749536477434,25,10,10
41,2064,0.8999574025956062,1.2969097208291778e-06,0.07118900862425581,0.028852291870417112,25,10,10
41,2065,0.8550901616595322,2.668502932591254e-05,0.11587869801246065,0.029004455298680475,25,10,10
41,2066,0.8026355119997426,3.5062116045654196e-05,0.1320727482951104,0.06525667758910121,25,10,10
41,2067,0.8514972608588982,0.00028326328664475775,0.08298011928662134,0.06523935656783578,25,10,10
41,2068,0.8624455084584247,8.273315169954973e-07,0.07090527679810116,0.06664838741195724,25,10,10
41,2069,0.818065938131827,1.0566315639466999e-05,0.08128861600090363,0.10063487955162947,25,10,10
41,2070,0.8195536835675534,8.808018644803159e-06,0.06691684848593236,0.11352065992786928,25,10,10
41,2071,0.8061223967408424,9.01666138670391e-06,0.08011707261464504,0.11375151398312586,25,10,10
41,2072,0.8207799249679448,1.1867739359818183e-06,0.09315102035052908,0.08606786790759,25,10,10
41,2073,0.8636502810474895,6.735921206849402e-06,0.056714527300725404,0.07962845573057814,25,10,10
41,2074,0.8801936268021912,8.295441083108731e-05,0.07985339071142034,0.03987002807555689,25,10,10
41,2075,0.8491903672432293,5.1115430940208114e-05,0.07191854465746102,0.07883997266836967,25,10,10
41,2076,0.858412966934762,5.147870155549293e-05,0.060938799858490406,0.08059675450519256,25,10,10
41,2077,0.8741353662914626,9.089753085952826e-07,0.05547321450377182,0.07039051022945687,25,10,10
41,2078,0.814899631059184,6.061601159572464e-05,0.10554778455669782,0.07949196837252323,25,10,10
41,2079,0.8142803639719237,5.6075217030023064e-05,0.14588552758435624,0.039778033226690435,25,10,10
41,2080,0.7910306970535963,8.053883286396767e-06,0.16920092847250334,0.03976032059061542,25,10,10
41,2081,0.9038022385638596,1.7249740854279627e-05,0.056378249766014916,0.03980226192927149,25,10,10
41,2082,0.8553187072085742,1.3814357255757208e-05,0.1167017727491207,0.027965705685049233,25,10,10
41,2083,0.8532368148815273,6.805053068966611e-07,0.10698755245037157,0.03977495216279481,25,10,10
41,2084,0.8187681827896133,1.0549478288373816e-06,0.10986119389247245,0.07136956837008576,25,10,10
41,2085,0.8188442177320542,1.0283404348502293e-06,0.10210959451185603,0.07904515941565497,25,10,10
41,2086,0.8665033582255123,1.2796579615292873e-05,0.05433361630711936,0.0791502288877537,25,10,10
41,2087,0.8749665445677826,9.707675993054626e-08,0.045470920864798155,0.07956243749065958,25,10,10
41,2088,0.8949181958250745,1.4516885115207906e-07,0.02591383498773652,0.07916782401833833,25,10,10
41,2089,0.8279370809582859,9.258350678330142e-07,0.13248968639486977,0.039572306811776405,25,10,10
41,2090,0.8661981988078213,1.7718122196588502e-07,0.08864989917874462,0.045151724832211915,25,10,10
41,2091,0.8961533383448642,1.9712738064217636e-05,0.06425364241980329,0.039573306497268194,25,10,10
41,2092,0.8721268537848326,1.724287760399799e-06,0.06271602471273174,0.06515539721467534,25,10,10
41,2093,0.8376369593363833,8.68562659079547e-06,0.073076050513109,0.08927830452391733,25,10,10
41,2094,0.8193972442925777,4.079128214441917e-06,0.0922739794167078,0.08832469716249954,25,10,10
41,2095,0.8485548772843337,3.921029532707237e-06,0.10356995218555744,0.04787124950057644,25,10,10
41,2096,0.8938284518489104,1.5743117176571273e-05,0.06632457820171364,0.039831226832199154,25,10,10
41,2097,0.9009412159887797,7.341228554955906e-07,0.05893821946272757,0.04011983042563751,25,10,10
41,2098,0.837311884466983,1.1644077620381323e-05,0.1202530369014261,0.04242343455397176,25,10,10
41,2099,0.8363236563252922,1.6673386960431035e-05,0.12341713623110052,0.04024253405664653,25,10,10
41,2100,0.9026937755981425,1.1009598386025377e-05,0.08914253199689261,0.008152682806578769,25,10,10
41,2101,0.9352894268753091,7.510537059273649e-05,0.039670124246158414,0.02496534350793973,25,10,10
41,2102,0.8957027254763854,3.5011780088993604e-07,0.06657351271003122,0.037723411695782326,25,10,10
41,2103,0.8648746871342798,3.628499348682779e-06,0.09751216770054903,0.03760951666582306,25,10,10
41,2104,0.8394439775082035,4.263202158372533e-06,0.12433463274924599,0.036217126540392115,25,10,10
41,2105,0.9155547525527871,1.5364632010742056e-06,0.04422128895980647,0.04022242202420598,25,10,10
41,2106,0.8805766576163018,1.693131786973151e-05,0.07742378584555829,0.04198262522026987,25,10,10
41,2107,0.8934279590158519,1.7657206219891404e-05,0.06644887672795086,0.040105507049977174,25,10,10
41,2108,0.9194041027608013,0.00025628416635014716,0.04031608677503349,0.0400235262978145,25,10,10
41,2109,0.8699464613532961,0.00026126575058211697,0.08665558527165308,0.04313668762446929,25,10,10
41,2110,0.8158810931892667,0.0002589585740629834,0.14980367843569872,0.0340562698009715,25,10,10
41,2111,0.864387077656417,0.00025820238849875695,0.09940788121578899,0.03594683873929491,25,10,10
41,2112,0.8291177575792955,2.0981452300203877e-05,0.11689075118888835,0.05397050977951625,25,10,10
41,2113,0.8142152272304327,2.0726735248903652e-05,0.10896477017160028,0.0767992758627181,25,10,10
41,2114,0.8180011785622514,0.00016208999595536324,0.11613025087371243,0.06570648056808193,25,10,10
41,2115,0.7768295974030583,0.00015588034286096613,0.14177833209721372,0.08123619015686691,25,10,10
41,2116,0.832989635019774,3.059131334498267e-07,0.08628325806577596,0.08072680100131714,25,10,10
41,2117,0.8133292893051214,3.182551929178256e-06,0.14720219177538932,0.03946533636756197,25,10,10
41,2118,0.7852460582363335,2.7508818661760446e-06,0.1747973184498256,0.03995387243197542,25,10,10
41,2119,0.8928605459429242,3.417222277734913e-05,0.06687149800363895,0.04023378383065925,25,10,10
41,2120,0.9103443179478596,2.1037686241534775e-06,0.053329502949471905,0.036324075334045205,25,10,10
41,2121,0.8997304277993746,3.283316907466301e-05,0.06372484270888486,0.03651189632266641,25,10,10
41,2122,0.819618440093199,7.326226797331805e-05,0.14399675838269363,0.03631153925613382,25,10,10
41,2123,0.8213072725384255,7.22377599024408e-05,0.1386627838356268,0.03995770586604533,25,10,10
41,2124,0.8155421894615931,7.222495863143875e-05,0.14183448113657512,0.042551104443200816,25,10,10
41,2125,0.7899506976900793,0.00026540445447800163,0.20818308274223526,0.001600815113207888,25,10,10
41,2126,0.7964618921797485,0.00026595156352240886,0.20149216303120318,0.0017799932255252518,25,10,10
41,2127,0.8980914904610089,8.475212609492353e-07,0.10125581640546263,0.0006518456122681757,25,10,10
41,2128,0.8856834958970633,1.15991410687014e-05,0.11384295156687924,0.00046195339498840583,25,10,10
41,2129,0.9496059211690516,2.165802868725628e-06,0.05024997295312016,0.0001419400749597392,25,10,10
41,2130,0.8820105990093771,1.6878888199009732e-06,0.11769650696682855,0.0002912061349749483,25,10,10
41,2131,0.8839634595931384,1.0402449754638305e-05,0.11578529298496973,0.00024084497213746142,25,10,10
41,2132,0.8555137171001489,2.5502865329970318e-05,0.1442169362688844,0.00024384376563629502,25,10,10
41,2133,0.804669013901327,0.00021910887037412824,0.1946677728775383,0.00044410435076092233,25,10,10
41,2134,0.8839773514661766,4.7863365543465586e-05,0.11574920832359253,0.00022557684468736054,25,10,10
41,2135,0.854169921371534,7.883067627028837e-05,0.14548000879525427,0.00027123915694006803,25,10,10
41,2136,0.9322157690146428,1.1668419200159629e-05,0.06455571177246386,0.003216850793693585,25,10,10
41,2137,0.8775949275842972,3.6223743704509784e-06,0.12185948955296963,0.000541960488361609,25,10,10
41,2138,0.9505089982987636,5.202411916122812e-08,0.04948853642130997,2.413255807132543e-06,25,10,10
41,2139,0.8603226094892359,0.015176399962601556,0.12440890652276543,9.208402539792826e-05,25,10,10
41,2140,0.8414153917089826,0.007430553062467063,0.14141451088439713,0.00973954434415336,25,10,10
41,2141,0.8215051260481882,1.5228034895245362e-05,0.16868937243091986,0.009790273485996348,25,10,10
41,2142,0.8815458804790929,1.3142944281374264e-06,0.1089529155738343,0.009499889652645126,25,10,10
41,2143,0.9625296194878729,2.2247480269723645e-07,0.03199495540665884,0.005475202630665742,25,10,10
41,2144,0.7955730870726536,3.505308146094025e-05,0.20330710217495757,0.0010847576709273926,25,10,10
41,2145,0.8760842162837836,3.113087920728346e-06,0.12380745014744629,0.0001052204808494778,25,10,10
41,2146,0.7892281526150139,7.168746920491167e-05,0.17261314170028338,0.038087018215497676,25,10,10
41,2147,0.7551404735373708,4.352987659426927e-06,0.1748443141402733,0.07001085933469663,25,10,10
41,2148,0.8232165214908254,4.3144605053746445e-06,0.13777302354016688,0.039006140508502894,25,10,10
41,2149,0.8333078643192061,4.023650982541205e-06,0.12430383538595427,0.04238427664385736,25,10,10
41,2150,0.8684032015603997,0.007533884688639227,0.08410775196120421,0.03995516178975749,25,10,10
41,2151,0.8740461258181336,0.007534562922339687,0.11718536838372356,0.001233942875804747,25,10,10
41,2152,0.9052895726187234,7.23044331992018e-07,0.09276148525281247,0.0019482190841318937,25,10,10
41,2153,0.9007038219149505,9.827194202514678e-07,0.09900052959829188,0.00029466576733792557,25,10,10
41,2154,0.8138269380214866,1.2777441858515662e-06,0.1855720396473924,0.0005997445869350853,25,10,10
41,2155,0.8059512349034964,1.2660026579418846e-05,0.19378535377927505,0.0002507512906490796,25,10,10
41,2156,0.816736204828344,2.3205507885416095e-05,0.18317076814425626,6.98215195145302e-05,25,10,10
41,2157,0.8997298614856801,8.219252369403631e-06,0.10019501322669325,6.690603525724215e-05,25,10,10
41,2158,0.9202607023330017,8.67183619440021e-06,0.0786233401006624,0.0011072857301414316,25,10,10
41,2159,0.9160454134661662,4.235604391635278e-07,0.08394467264608586,9.490327308551055e-06,25,10,10
41,2160,0.9454928672386549,2.2771669139921205e-06,0.05445503193566607,4.982365876536253e-05,25,10,10
41,2161,0.9039822067139657,2.2054541756782127e-06,0.09533096309832365,0.0006846247335349631,25,10,10
41,2162,0.9377155786113791,8.109657636446262e-07,0.06220004485801879,8.356556483788669e-05,25,10,10
41,2163,0.9225143972746851,1.6189746914816393e-06,0.07729967216464209,0.0001843115859810929,25,10,10
41,2164,0.9024734393719465,1.652997028574446e-05,0.072227882123387,0.025282148534380367,25,10,10
41,2165,0.8557994507333181,1.5911130207056553e-05,0.11810510639568125,0.026079531740793013,25,10,10
41,2166,0.8637769402269575,1.841212513967292e-05,0.11611331911687539,0.02009132853102711,25,10,10
41,2167,0.8174467234658732,5.373864750423536e-06,0.161892770421007,0.020655132248369873,25,10,10
41,2168,0.819741032724325,2.0159421755576973e-05,0.15999799116538355,0.02024081668853604,25,10,10
41,2169,0.8019302559374927,1.2264104537881762e-05,0.17792333847278927,0.0201341414851791,25,10,10
41,2170,0.8544920279344076,1.356664225656784e-06,0.10578044229010525,0.039726173111262336,25,10,10
41,2171,0.8161565525550821,0.0004220153772223682,0.14356654181381834,0.03985489025387785,25,10,10
41,2172,0.8759893534196835,0.00042196404505379136,0.08798985747558744,0.03559882505967607,25,10,10
41,2173,0.8996014537419019,0.0004268702338897324,0.0603983148987154,0.03957336112549288,25,10,10
41,2174,0.8272257576986363,0.00022843764849060449,0.1264462496563005,0.04609955499657205,25,10,10
41,2175,0.8596733896587905,0.00022823628316998246,0.10028172577953672,0.03981664827850241,25,10,10
41,2176,0.8291685879025736,0.00022879816507693243,0.09097374793454392,0.07962886599780564,25,10,10
41,2177,0.8434422825082983,0.00026189436056091775,0.1130244723095494,0.043271350821592634,25,10,10
41,2178,0.8187873070801472,6.245475096615431e-05,0.13716750579041645,0.0439827323784714,25,10,10
41,2179,0.851400044683911,3.197814402314974e-06,0.14654532605993775,0.002051431441748697,25,10,10
41,2180,0.8630082541273322,2.1979761736538762e-06,0.13692822044708855,6.132744940592055e-05,25,10,10
41,2181,0.8824110847302865,3.211267922626132e-06,0.1174557757262479,0.00012992827554345483,25,10,10
41,2182,0.9287038985614899,1.688750971984179e-06,0.0695502012561632,0.0017442114313747459,25,10,10
41,2183,0.9497977597964815,1.6541627855173673e-06,0.04955605801757379,0.0006445280231588728,25,10,10
41,2184,0.9000178711266174,4.539884847691566e-06,0.07851486817660726,0.021462720811927443,25,10,10
41,2185,0.8598804104568859,4.931712668162717e-06,0.10109591877770235,0.039018739052744354,25,10,10
41,2186,0.8060765085086036,6.6496459425473474e-06,0.1548639408415907,0.03905290100386345,25,10,10
41,2187,0.7887667651421764,6.850232981233649e-05,0.1694980696954756,0.04166666283253555,25,10,10
41,2188,0.8144537263139808,6.391647756887262e-05,0.14692500423384697,0.03855735297460318,25,10,10
41,2189,0.8151449313370265,3.606684083190373e-06,0.12767839613480328,0.05717306584408747,25,10,10
41,2190,0.87451797181129,2.806488268842764e-06,0.06826436827050464,0.05721485342993646,25,10,10
41,2191,0.8127623489815962,0.00016449949318994328,0.12979593287061147,0.057277218654602675,25,10,10
41,2192,0.8898581891862585,5.5300997206812204e-05,0.08458838315328304,0.025498126663251845,25,10,10
41,2193,0.8089962205730113,5.496097236085403e-05,0.18915550002060255,0.0017933184340260025,25,10,10
41,2194,0.7917313625707659,9.288682786073909e-05,0.18926797263532838,0.018907777966045643,25,10,10
41,2195,0.8128660984336026,3.9560845805553777e-05,0.13041406760552712,0.05668027311506493,25,10,10
41,2196,0.8365800190970062,8.704187474138738e-07,0.12070775376077063,0.04271135672347674,25,10,10
41,2197,0.8289234831259731,1.4101302208239725e-05,0.1254500222028797,0.04561239336893859,25,10,10
41,2198,0.8126234756253515,8.087485037068733e-07,0.140332625507427,0.04704309011871752,25,10,10
41,2199,0.8123386794571222,2.058936933595453e-06,0.14656338964171833,0.04109587196422698,25,10,10
41,2200,0.7530268661109811,3.7562968161704444e-06,0.17566946599971245,0.0712999115924895,25,10,10
41,2201,0.7640530735807916,2.821837644478974e-06,0.13327126312963425,0.10267284145192983,25,10,10
41,2202,0.7490753383118822,2.8182270075506254e-06,0.14808670680343247,0.10283513665767888,25,10,10
41,2203,0.6874337282138852,5.480937141130733e-05,0.20448643327666513,0.10802502913803881,25,10,10
41,2204,0.7436196966327085,3.0481844632453227e-06,0.17744765380054572,0.07892960138228075,25,10,10
41,2205,0.8046641397413736,9.305816715533962e-06,0.11636559201880704,0.07896096242310292,25,10,10
41,2206,0.8303170140863283,1.0955721942884907e-05,0.08945827413001788,0.08021375606171109,25,10,10
41,2207,0.8926504077298614,1.1376830243072385e-06,0.027125602401384622,0.08022285218572989,25,10,10
41,2208,0.8674311963729554,1.637573507842395e-06,0.09256946706033554,0.03999769899320099,25,10,10
41,2209,0.7698888912844276,2.282944186160105e-06,0.19019032996867685,0.03991849580270961,25,10,10
41,2210,0.8461111886391072,8.725758591601008e-06,0.11393907402477531,0.03994101157752543,25,10,10
41,2211,0.7881842495504315,9.835029466699378e-06,0.16539024274444258,0.04641567267565929,25,10,10
41,2212,0.7698572756768682,5.985441328889824e-06,0.1842768469815977,0.04585989190020458,25,10,10
41,2213,0.8360702212451145,7.490022955737349e-06,0.13077364631769495,0.03314864241423489,25,10,10
41,2214,0.7995953421483438,4.227485431850336e-05,0.16711459220340688,0.03324779079393093,25,10,10
41,2215,0.8422821750989641,1.0567378950013935e-06,0.12752804390649514,0.03018872425664541,25,10,10
41,2216,0.8452510587125015,9.08130986156091e-06,0.11462490351682389,0.04011495646081265,25,10,10
41,2217,0.87559158762539,3.384571005330516e-05,0.08502807488438766,0.039346491780169114,25,10,10
41,2218,0.8977024675414077,3.271396671757524e-05,0.08904735109887522,0.01321746739299948,25,10,10
41,2219,0.8655572133971648,4.262914627212984e-05,0.12136516616331632,0.013034991293246428,25,10,10
41,2220,0.8850562840356642,7.771099930124138e-06,0.07304774052642754,0.041888204337978546,25,10,10
41,2221,0.8597903734306138,1.0903634989246213e-06,0.10056088192114693,0.03964765428474073,25,10,10
41,2222,0.9172624780609734,4.06699727743402e-07,0.0430660453957035,0.0396710698435955,25,10,10
41,2223,0.8803835601879851,7.67154623939612e-07,0.09151959443720113,0.028096078220190068,25,10,10
41,2224,0.8663536765196628,6.856193047236652e-06,0.09405865497776951,0.03958081230952037,25,10,10
41,2225,0.8745349137571982,6.838417227520003e-06,0.12538295942454875,7.528840102540364e-05,25,10,10
41,2226,0.9177487738785907,2.295862099066273e-06,0.08208143842555303,0.00016749183375698958,25,10,10
41,2227,0.8528238283523453,1.8366159341216914e-05,0.13973067434651404,0.007427131141799017,25,10,10
41,2228,0.8653108857061241,2.4351722421865115e-06,0.13213837924476624,0.002548299876868046,25,10,10
41,2229,0.8643043122363294,2.3662085638100593e-06,0.1333308290999212,0.0023624924551852323,25,10,10
41,2230,0.8903235253715832,0.00014024556067995903,0.10722999756381472,0.0023062315039232466,25,10,10
41,2231,0.9341247741859017,8.798231980660153e-06,0.06338314728638988,0.0024832802957276533,25,10,10
41,2232,0.9102718654721788,1.8373503636711527e-05,0.08765892353582952,0.002050837488355038,25,10,10
41,2233,0.8739867895925018,3.1025864968171376e-05,0.1256894456907021,0.00029273885182762787,25,10,10
41,2234,0.8668841664902638,5.749260112584241e-06,0.13305187689287068,5.820735675265244e-05,25,10,10
41,2235,0.906422553618773,7.137169643153823e-06,0.09355267161677684,1.7637594807257546e-05,25,10,10
41,2236,0.8891089622000051,0.00044756749692224457,0.11027742659689341,0.00016604370617940488,25,10,10
41,2237,0.9427027479091641,4.602056592203253e-07,0.05718200016226335,0.00011479172291361849,25,10,10
41,2238,0.8469454898664164,4.720953787554802e-05,0.15053198562411318,0.0024753149715944418,25,10,10
41,2239,0.8573735492790605,2.848845344173744e-06,0.1423205695996008,0.0003030322759945448,25,10,10
41,2240,0.8333194805450701,1.8590398595757378e-06,0.16623848288772516,0.0004401775273447965,25,10,10
41,2241,0.8759865498077,2.212074807580709e-06,0.1239569233411248,5.431477636727411e-05,25,10,10
41,2242,0.8308537504794813,5.034161618773287e-05,0.1570137933220597,0.012082114582270577,25,10,10
41,2243,0.7968692814600551,7.181273226501906e-05,0.16345452554008397,0.039604380267595884,25,10,10
41,2244,0.8751074412202439,6.437195620292639e-06,0.1221295873097989,0.002756534274336438,25,10,10
41,2245,0.9310290151583778,1.6341591989947848e-05,0.06872312086939879,0.00023152238023368596,25,10,10
41,2246,0.9078939976358263,1.3829314879023333e-06,0.09204912018767444,5.549924501131918e-05,25,10,10
41,2247,0.9384434862245372,1.6199377502244835e-06,0.06145948239839234,9.541143932071137e-05,25,10,10
41,2248,0.8857476586413542,1.7705998501777083e-06,0.11399384590758223,0.00025672485121338873,25,10,10
41,2249,0.8138587273321417,2.6432612642252572e-06,0.15887064139075277,0.027267988015840818,25,10,10
41,2250,0.8146744983843154,9.63186156556896e-06,0.14265404502202939,0.042661824732090035,25,10,10
41,2251,0.8063105297531936,2.3381709091663477e-06,0.1509313023813708,0.04275582969452667,25,10,10
41,2252,0.9199852580254521,1.6750366056554534e-07,0.03997109644405223,0.040043478026835846,25,10,10
41,2253,0.9209698347705655,6.043516217380926e-05,0.03902747291580061,0.039942257151460395,25,10,10
41,2254,0.9039886985112272,3.873587870898617e-06,0.0945989589911064,0.0014084689097955889,25,10,10
41,2255,0.8386979737790368,1.1887569395814644e-05,0.15522485481124032,0.006065283840326753,25,10,10
41,2256,0.9323942933557583,1.0449844730842307e-05,0.06717120083905838,0.00042405596045243444,25,10,10
41,2257,0.9279127122392835,8.89569523778621e-06,0.04816322353913031,0.023915168526348504,25,10,10
41,2258,0.899356600131777,0.007773601407103991,0.06892993138157828,0.023939867079540867,25,10,10
41,2259,0.9207830896678363,0.007777199162601129,0.07136957350062519,7.013766893745062e-05,25,10,10
41,2260,0.917828260581652,0.006263186010173179,0.07534975158379986,0.0005588018243744886,25,10,10
41,2261,0.9077459817353827,3.342017929169546e-05,0.09210247866865531,0.00011811941666958828,25,10,10
41,2262,0.9392331675421184,3.40495258362084e-05,0.06068258206584978,5.020086619511868e-05,25,10,10
41,2263,0.9240539057501281,2.9890001686254218e-05,0.07583718351179373,7.902073639237487e-05,25,10,10
41,2264,0.9117024726015116,1.5169381193786812e-05,0.07978166591311013,0.0085006921041857,25,10,10
41,2265,0.9047204240455892,1.4524039556761094e-05,0.08673084194058876,0.0085342099742643,25,10,10
41,2266,0.9021906244356308,2.156348843501407e-05,0.09581986248755206,0.001967949588382173,25,10,10
41,2267,0.9450971197974135,1.7919857584049868e-05,0.054775208037241764,0.00010975230776029003,25,10,10
41,2268,0.8953717553099512,5.7891359172405907e-05,0.10405243963940775,0.0005179136914689061,25,10,10
41,2269,0.890098831019627,1.1096230559352912e-05,0.10954559043660352,0.00034448231320954496,25,10,10
41,2270,0.8336006318256821,7.675941975258514e-07,0.16623102152930572,0.00016757905081415893,25,10,10
41,2271,0.8827871055763852,6.945989621121691e-07,0.11711731288607759,9.488693857476237e-05,25,10,10
41,2272,0.9201724083894135,1.5077761803671535e-05,0.07962831299391789,0.00018420085486475768,25,10,10
41,2273,0.9240075672769598,3.3401985117786195e-05,0.075695695384866,0.0002633353530562555,25,10,10
41,2274,0.9389493599691455,3.949368078378372e-07,0.06097253974630976,7.770534773683067e-05,25,10,10
41,2275,0.9002739874262791,1.657813346965948e-05,0.0992900103070778,0.0004194241331730468,25,10,10
41,2276,0.929619696297989,5.398109611204241e-05,0.06971857576185604,0.0006077468440435004,25,10,10
41,2277,0.8870768020218616,5.448691700766393e-05,0.11164748040369506,0.001221230657435681,25,10,10
41,2278,0.8919436108599793,5.785601407273362e-05,0.10766106992620413,0.00033746319974417306,25,10,10
41,2279,0.9532369918069583,4.486479370146833e-06,0.04667838001699553,8.014169667543406e-05,25,10,10
41,2280,0.8581818525651304,6.256531916890006e-06,0.14158484739159882,0.00022704351135363295,25,10,10
41,2281,0.789650318055901,1.4859351259934748e-05,0.18992487298637378,0.020409949606465104,25,10,10
41,2282,0.885070143536101,0.0014231644386199763,0.09300148768810886,0.020505204337169604,25,10,10
41,2283,0.9077824902993964,0.001430499907101049,0.07033162822882227,0.020455381564680377,25,10,10
41,2284,0.8755560159479976,2.2893860385825705e-05,0.1038470202114488,0.020574069980167885,25,10,10
41,2285,0.8531388331239033,4.148444346486753e-05,0.11615084328705726,0.03066883914557446,25,10,10
41,2286,0.8826078096650524,0.0002844743774395332,0.08423341547680216,0.03287430048070526,25,10,10
41,2287,0.8815328057274782,7.051575337797382e-07,0.08703030839962977,0.03143618071535761,25,10,10
41,2288,0.8560101447368273,2.1578980020427026e-06,0.11118598032412227,0.03280171704104899,25,10,10
41,2289,0.871487158667401,8.69715774748929e-06,0.09454531996761856,0.03395882420723285,25,10,10
41,2290,0.7908400091676933,3.827890370499658e-05,0.18331022552753576,0.02581148640106618,25,10,10
41,2291,0.7786791926091496,0.0005147496439593414,0.17615958349951158,0.04464647424738002,25,10,10
41,2292,0.8143684018287322,1.25733733965846e-05,0.11322235259783954,0.07239667220003136,25,10,10
41,2293,0.8164685356848121,5.882901108369411e-07,0.09825974609438283,0.08527112993069348,25,10,10
41,2294,0.8773140720252544,1.0635634480535175e-07,0.04684722384661108,0.07583859777178965,25,10,10
41,2295,0.8535077476151307,2.0372270379410346e-07,0.06779579420248735,0.07869625445967848,25,10,10
41,2296,0.833096547255524,2.2488220475317016e-06,0.12082335975694607,0.04607784416548277,25,10,10
41,2297,0.8599087067205684,0.0003857772103857129,0.09371232488237462,0.0459931911866709,25,10,10
41,2298,0.8365782060503146,2.4478432494005627e-05,0.11739968414041554,0.04599763137677594,25,10,10
41,2299,0.8308600970121515,2.4768845996323492e-05,0.12329005753597798,0.045825076605874406,25,10,10
41,2300,0.8843485879330099,0.00013885697436387642,0.07552246603404195,0.039990089058584664,25,10,10
41,2301,0.894417016723435,0.0003252586771893658,0.06700161852939329,0.038256106069982525,25,10,10
41,2302,0.868254812801957,2.7660450103214765e-07,0.08866810606491236,0.04307680452862942,25,10,10
41,2303,0.8491300662203907,7.66337549419997e-06,0.11068341470854284,0.04017885569557206,25,10,10
41,2304,0.8602667815377475,4.651607780215418e-07,0.0993487535379253,0.04038399976354959,25,10,10
41,2305,0.9195982516735915,6.048252745204646e-07,0.04820494534101319,0.03219619816012068,25,10,10
41,2306,0.8397845430592826,0.0003376765774077197,0.12036262513944788,0.03951515522386149,25,10,10
41,2307,0.8114015645241055,3.3570303378651565e-05,0.14903463309231685,0.03953023208019891,25,10,10
41,2308,0.808190133009014,1.0289751313376434e-05,0.14885182422477417,0.04294775301489782,25,10,10
41,2309,0.846929000351014,3.132606168017432e-05,0.11332999386648812,0.03970967972081682,25,10,10
41,2310,0.8454604153304649,2.8905901177187732e-05,0.1162868260086628,0.038223852759695004,25,10,10
41,2311,0.7895978764484743,6.553561654149836e-05,0.17010398624084822,0.040232601694135256,25,10,10
41,2312,0.7390034883151357,3.743905774604376e-05,0.2146337522124364,0.04632532041468211,25,10,10
41,2313,0.7939133644767712,4.044633048960506e-05,0.17382654388329208,0.032219645309447674,25,10,10
41,2314,0.7942124968341229,4.057532422944862e-06,0.17257781640014105,0.033205629233312293,25,10,10
41,2315,0.8209415532639038,1.1754396762192441e-05,0.13774813094651,0.04129856139282366,25,10,10
41,2316,0.7533891842368716,8.807723438619566e-06,0.18527021352000492,0.06133179451968552,25,10,10
41,2317,0.824446228449318,1.5818024009986894e-05,0.13567560851086494,0.039862345015806495,25,10,10
41,2318,0.8383200784963711,1.5223333248878206e-05,0.12471144447046756,0.03695325369991213,25,10,10
41,2319,0.8056196264819597,4.6921043577591626e-06,0.15714408322672138,0.037231598186962034,25,10,10
41,2320,0.7796265793625373,3.4447161637503584e-05,0.18303866786775516,0.037300305608070496,25,10,10
41,2321,0.8409520434095517,1.803143840864545e-06,0.12174682342570353,0.037299330020904374,25,10,10
41,2322,0.8012407799784055,0.0002875825435179713,0.16154722409344513,0.036924413384631545,25,10,10
41,2323,0.813799570625444,0.00029750368833852904,0.14684499235890877,0.03905793332730918,25,10,10
41,2324,0.8372883506737594,3.320429639925575e-07,0.1231141737874157,0.039597143495861103,25,10,10
41,2325,0.8088929193094228,1.7206737324310924e-06,0.10608600984468153,0.08501935017216397,25,10,10
41,2326,0.8211216807266287,1.8704542477408968e-06,0.09794078058567113,0.08093566823345229,25,10,10
41,2327,0.8299829728978778,0.00021005414695675305,0.07623850954807948,0.0935684634070863,25,10,10
41,2328,0.7968582598730637,0.00019971198668442425,0.1235449383239671,0.07939708981628434,25,10,10
41,2329,0.826323725911181,0.0001992132365700902,0.1092886452881885,0.06418841556406014,25,10,10
41,2330,0.7829625838410543,0.0011565175424783892,0.15133984304721979,0.0645410555692483,25,10,10
41,2331,0.7755570294803718,0.001146126716008599,0.11835026745477878,0.10494657634884125,25,10,10
41,2332,0.7792733672238782,0.001156742327593236,0.11659348711511924,0.10297640333340925,25,10,10
41,2333,0.790473715833047,4.440235627756903e-06,0.09577404036231757,0.11374780356900809,25,10,10
41,2334,0.8274227275733804,3.6764427658921397e-06,0.06262140975132129,0.10995218623253207,25,10,10
41,2335,0.8151734068354907,3.7892438676737047e-06,0.09140026106134298,0.09342254285929809,25,10,10
41,2336,0.8327571357574035,3.352392312517962e-06,0.09367171337432055,0.07356779847596383,25,10,10
41,2337,0.7732564517926024,2.5749966332589798e-06,0.14014786428219309,0.08659310892857203,25,10,10
41,2338,0.7711380408137855,1.2510721070701636e-05,0.12299367928197881,0.10585576918316651,25,10,10
41,2339,0.7634689222358246,1.2857381653032922e-05,0.13307641840646572,0.10344180197605744,25,10,10
41,2340,0.8195034912800115,3.2845509476580073e-06,0.07523878425367495,0.1052544399153662,25,10,10
41,2341,0.7724557355384776,1.6823962956407182e-06,0.10995007337208447,0.11759250869314203,25,10,10
41,2342,0.7807224279575332,1.9188313772703304e-07,0.12180310384162722,0.09747427631770134,25,10,10
41,2343,0.7408889514140413,2.598721494658679e-07,0.16770089141557162,0.0914098972982377,25,10,10
41,2344,0.7266430433850648,1.8766362620824963e-06,0.18093335548091788,0.09242172449775529,25,10,10
41,2345,0.7393071331687541,1.8129768806256505e-06,0.15210877018201172,0.108582283672354,25,10,10
41,2346,0.7469197341431483,1.2090821071712068e-05,0.13349159087600557,0.11957658415977436,25,10,10
41,2347,0.7515003034038571,5.0218366569705e-05,0.16865037833028773,0.07979909989928503,25,10,10
41,2348,0.7810270932731902,1.1785278710317349e-05,0.1392594151342356,0.07970170631386399,25,10,10
41,2349,0.7779613417193165,1.4151222160920254e-05,0.14913779069579475,0.07288671636272745,25,10,10
41,2350,0.7698738540053028,3.5499251903426714e-05,0.15265087008174416,0.07743977666105029,25,10,10
41,2351,0.8421840897566436,1.5266561242472865e-05,0.11775797433409252,0.04004266934802134,25,10,10
41,2352,0.9103020242951814,7.422489927828378e-07,0.05077901168298748,0.038918221772838234,25,10,10
41,2353,0.7709229041601653,3.0596181217893884e-06,0.18362549723371316,0.04544853898799986,25,10,10
41,2354,0.7995366549313541,1.791783762808081e-06,0.1606518386765001,0.03980971460838314,25,10,10
41,2355,0.8494878695467327,0.000503327840649867,0.10436693476569024,0.04564186784692641,25,10,10
41,2356,0.8878027205945821,4.273336654761336e-07,0.0722272058615674,0.03996964621018459,25,10,10
41,2357,0.8459043455274892,1.0376730198496555e-06,0.11455144643962267,0.039543170359867784,25,10,10
41,2358,0.7941357122795334,7.482304955610749e-06,0.20555251716099104,0.00030428825451964397,25,10,10
41,2359,0.8820393350336184,2.363657681453067e-06,0.11759353740475362,0.0003647639039466508,25,10,10
41,2360,0.9204772254152271,2.3344953441586483e-06,0.07941960501518641,0.0001008350742422181,25,10,10
41,2361,0.8562479404094467,2.438995793068783e-06,0.14353482804979203,0.0002147925449672312,25,10,10
41,2362,0.9110216457276527,1.7701770731554784e-06,0.08883838413820451,0.00013819995706931763,25,10,10
41,2363,0.9291863476317385,9.000201558272502e-07,0.0707311942627319,8.15580853735571e-05,25,10,10
41,2364,0.8866739561309622,3.0427995731962803e-06,0.08635715203673441,0.026965849032729774,25,10,10
41,2365,0.8894885478357375,8.138594292574159e-06,0.11000250710034122,0.0005008064696285769,25,10,10
41,2366,0.8407265453390803,1.7851815460659314e-06,0.15895177737399574,0.0003198921053771682,25,10,10
41,2367,0.8863735141649698,1.2199622148655702e-06,0.11068196561409709,0.002943300258717778,25,10,10
41,2368,0.81805290433744,3.6049534138841284e-06,0.1774009055765691,0.0045425851325776295,25,10,10
41,2369,0.8475549287703806,2.1925867434188966e-05,0.1523581521977928,6.499316439188332e-05,25,10,10
41,2370,0.8484880717148405,3.6675189782933534e-06,0.15023262790711572,0.0012756328590659038,25,10,10
41,2371,0.8930145210557167,6.741987076301555e-06,0.10682099629452438,0.00015774066268234286,25,10,10
41,2372,0.8709964942841506,4.092296924782662e-06,0.12891334604145083,8.606737747487249e-05,25,10,10
41,2373,0.8919100126853222,7.642730621851607e-06,0.10699129937807429,0.0010910452059819833,25,10,10
41,2374,0.8913864705489053,2.4931869221221847e-07,0.10828403594707298,0.00032924418532976154,25,10,10
41,2375,0.8806517892763062,4.698226746872696e-05,0.11903974723906559,0.00026148121716079253,25,10,10
41,2376,0.9093371389372353,6.045599850786559e-06,0.090630800947085,2.601451582897573e-05,25,10,10
41,2377,0.9241684092517742,2.413211345723641e-06,0.07568310994181768,0.00014606759506204719,25,10,10
41,2378,0.8531011934452211,2.879974439612662e-06,0.14351490536037637,0.0033810212199623037,25,10,10
41,2379,0.8329437653406047,1.0591440277239294e-05,0.16119097497805338,0.005854668241066055,25,10,10
41,2380,0.8667760569873769,5.088699803980625e-06,0.12985984117503943,0.003359013137779654,25,10,10
41,2381,0.8714814919397049,1.0666205551480393e-06,0.12841073030596759,0.00010671113377121928,25,10,10
41,2382,0.9251384491023278,5.351735551969898e-07,0.07481753901329576,4.3476710821262164e-05,25,10,10
41,2383,0.8474053611895274,1.660177874788504e-05,0.15247166035660809,0.00010637667511692013,25,10,10
41,2384,0.8466929497925367,5.2019670662585855e-05,0.15278163820466112,0.0004733923321401549,25,10,10
41,2385,0.9042421520036277,8.591361774731878e-05,0.09427841872586468,0.0013935156527610177,25,10,10
41,2386,0.9050079259972464,5.469021753222298e-05,0.09467193536081447,0.0002654484244067014,25,10,10
41,2387,0.8311917837918453,3.533513392929483e-05,0.16875158094362386,2.130013060191729e-05,25,10,10
41,2388,0.8272144592531716,1.6913993198622423e-06,0.1439355548468318,0.028848294500677153,25,10,10
41,2389,0.8458535251507879,2.0895275096790212e-06,0.11732941379220177,0.03681497152950151,25,10,10
41,2390,0.8491181091255534,4.687068805773322e-06,0.11403854661586112,0.03683865718977939,25,10,10
41,2391,0.8792632248105816,3.2775338905219564e-06,0.0825443477623834,0.038189149893144904,25,10,10
41,2392,0.8858252444141245,4.041798368254056e-06,0.11395675934142797,0.00021395444608017606,25,10,10
41,2393,0.8406635419872752,2.2247667993358116e-05,0.15881199260288187,0.0005022177418499494,25,10,10
41,2394,0.8129663973928756,5.100824390467574e-06,0.18669349956929826,0.0003350022134368892,25,10,10
41,2395,0.8469639230177519,5.536440043639319e-06,0.14984857500394339,0.003181965538261513,25,10,10
41,2396,0.9057391056238258,7.4229301083032675e-06,0.09418062756796801,7.284387809808985e-05,25,10,10
41,2397,0.9313614195650672,6.869822975067339e-05,0.06856810121509459,1.7809900877946547e-06,25,10,10
41,2398,0.9441028747523788,1.51706584132558e-06,0.053752790270150695,0.002142817911629315,25,10,10
41,2399,0.9099324080146929,1.7880801603160141e-06,0.0880728605439658,0.0019929433611819173,25,10,10
41,2400,0.9259487147031096,2.065111024365521e-06,0.07399292502546045,5.629516040565277e-05,25,10,10
41,2401,0.8715363659768096,2.2552345074546025e-06,0.10370327955417732,0.02475809923450535,25,10,10
41,2402,0.926664896426376,5.836944346277331e-07,0.030657797760921993,0.0426767221182676,25,10,10
41,2403,0.8212897943981841,4.03542744427332e-05,0.13910311625893385,0.03956673506843851,25,10,10
41,2404,0.9170982429347048,2.6447233257029515e-05,0.07941881976371533,0.0034564900683234567,25,10,10
41,2405,0.8999524049441813,3.1468376172360945e-05,0.0925753896118751,0.007440737067771011,25,10,10
41,2406,0.9210694437454195,5.4942222096136414e-05,0.07863098775935944,0.0002446262731250807,25,10,10
41,2407,0.8632818395443721,4.4159924961969724e-05,0.12639320145857894,0.010280799072087234,25,10,10
41,2408,0.9199219952527297,2.0338751539176612e-05,0.06994909137770718,0.010108574618024009,25,10,10
41,2409,0.9028619492641259,2.151705983375478e-05,0.08586434640485453,0.011252187271185527,25,10,10
41,2410,0.882698506662006,2.971191484920853e-05,0.10295276443655349,0.014319016986591195,25,10,10
41,2411,0.9116131134762426,1.683359668075788e-05,0.08825955464598495,0.00011049828109154388,25,10,10
41,2412,0.9140376739008005,1.6907938311845586e-05,0.08590498996703357,4.042819385397019e-05,25,10,10
41,2413,0.8563753947655303,2.059238678447406e-05,0.13299376490452167,0.010610247943164895,25,10,10
41,2414,0.8584995074832225,1.991817747115109e-05,0.1413280272667171,0.00015254707258992127,25,10,10
41,2415,0.9173426161809456,1.112317379710737e-06,0.0824817401333644,0.00017453136830995343,25,10,10
41,2416,0.8782572497951978,2.2720596481949446e-07,0.11998867011621434,0.0017538528826231898,25,10,10
41,2417,0.8718550964938442,8.983000307581217e-07,0.12376137444280244,0.004382630763322941,25,10,10
41,2418,0.8739033998964474,1.4389471921006243e-05,0.12462161076477357,0.0014605998668581405,25,10,10
41,2419,0.9306405225363993,6.901406918008365e-05,0.06912613702818582,0.00016432636623463337,25,10,10
41,2420,0.9126090723112706,1.752872010052914e-06,0.07362872818239524,0.013760446634324044,25,10,10
41,2421,0.8412700429008985,3.158853956793803e-05,0.1581523399914156,0.0005460285681173994,25,10,10
41,2422,0.870911922115548,1.0859298565423922e-05,0.12898768159070736,8.953699517895872e-05,25,10,10
41,2423,0.9017342526307661,1.1707695482926061e-05,0.09815418539533441,9.98542784158981e-05,25,10,10
41,2424,0.8278301991233227,2.104174910868539e-05,0.17198920341158566,0.00015955571598416193,25,10,10
41,2425,0.8151234046122395,4.4804512905667555e-06,0.18479649589062433,7.561904584484473e-05,25,10,10
41,2426,0.8100057509518362,4.5547840512656455e-06,0.18996402788647104,2.5666377641097526e-05,25,10,10
41,2427,0.8219120946898653,1.0525601365703943e-05,0.14796090633021286,0.03011647337855677,25,10,10
41,2428,0.8377757831258278,4.325747877684293e-06,0.12251577896679511,0.039704112159500246,25,10,10
41,2429,0.8671651866959887,2.594790999897883e-06,0.09140864575102155,0.04142357276198992,25,10,10
41,2430,0.8330910348351901,1.7782650195525218e-05,0.1305395324960257,0.03635165001858956,25,10,10
41,2431,0.8761277993568994,1.1289345502948336e-06,0.09942074254702185,0.024450329161528606,25,10,10
41,2432,0.8492561753432163,6.238794247233459e-06,0.12670213427180654,0.0240354515907302,25,10,10
41,2433,0.8200342392472063,1.2043812643861476e-05,0.1540170691912702,0.025936647748879476,25,10,10
41,2434,0.782000928953545,6.571152021329744e-06,0.1908231085810914,0.027169391313341142,25,10,10
41,2435,0.8509531017443868,7.501839532976721e-06,0.1220785926049691,0.02696080381111091,25,10,10
41,2436,0.8444942040375613,2.1108719572018736e-05,0.11311796315036818,0.042366724092497664,25,10,10
41,2437,0.8409474771524202,2.4745992852297834e-05,0.11896027923780635,0.04006749761692217,25,10,10
41,2438,0.8192390206137828,0.005351050504959421,0.13408941188972623,0.04132051699153122,25,10,10
41,2439,0.8747678016571961,0.00535484709048876,0.08017501317846101,0.03970233807385406,25,10,10
41,2440,0.9167111301687609,3.543862089703789e-05,0.0831162717502888,0.00013715946005311483,25,10,10
41,2441,0.8930330204549368,3.466706685581914e-05,0.10293290735365894,0.003999405124548006,25,10,10
41,2442,0.8892220343269008,7.4886129082593196e-06,0.10305869564419617,0.007711781415994921,25,10,10
41,2443,0.9314388832384922,1.0215099685290625e-06,0.06854452019569397,1.5575055845585723e-05,25,10,10
41,2444,0.9274541884234904,3.198392913935417e-05,0.07230982222080772,0.00020400542656226286,25,10,10
41,2445,0.8960695857656112,5.3436110297025216e-06,0.10384575719784434,7.931342551480117e-05,25,10,10
41,2446,0.8646275686375815,0.00024744631963288615,0.13483137997891104,0.00029360506387440523,25,10,10
41,2447,0.9025687647054678,1.1039516802938425e-05,0.09715585517741662,0.0002643406003128541,25,10,10
41,2448,0.8758988483539014,0.00046931702345473974,0.12349832917987587,0.00013350544276803831,25,10,10
41,2449,0.9046586175598275,0.0004269944739143966,0.0948897902508078,2.4597715451143908e-05,25,10,10
41,2450,0.9196711962568513,0.0004308447956620568,0.07852979282980556,0.0013681661176811377,25,10,10
41,2451,0.8710103437457035,0.0004314984361692063,0.12717343457844968,0.0013847232396775372,25,10,10
41,2452,0.8869639908458741,0.00043744451791078484,0.11247172130207936,0.00012684333413590625,25,10,10
41,2453,0.8801976890245072,0.00042667968860435465,0.11929338894313574,8.224234375355179e-05,25,10,10
41,2454,0.8771058948936289,0.0004269099760344847,0.12245155147912605,1.5643651210450286e-05,25,10,10
41,2455,0.889132959784219,0.0004400125746054004,0.10933006650378996,0.001096961137385656,25,10,10
41,2456,0.914206799090327,1.3914057740423299e-05,0.08577616999598715,3.116855945286931e-06,25,10,10
41,2457,0.8911114658399497,6.011338480948017e-06,0.10886235565494565,2.016716662454536e-05,25,10,10
41,2458,0.9122165716706401,9.811271377782514e-07,0.08573523271233993,0.0020472144898822093,25,10,10
41,2459,0.8861453123697303,5.2153496252250446e-06,0.11383994681468661,9.525465958211781e-06,25,10,10
41,2460,0.8665413439690459,1.80245111506888e-05,0.13100825073570996,0.0024323807840946686,25,10,10
41,2461,0.9039046705649312,7.606182952789436e-06,0.09379485107895104,0.0022928721731649625,25,10,10
41,2462,0.8717471520697029,3.8443729007546784e-05,0.12569616722230972,0.0025182369789801553,25,10,10
41,2463,0.863911121397413,3.468810476299535e-05,0.13383727923287198,0.0022169112649520328,25,10,10
41,2464,0.8669594457582973,3.436233670472655e-05,0.13044850961464902,0.002557682290349086,25,10,10
41,2465,0.8997526159489984,1.927888371104814e-06,0.10000801123318434,0.0002374449294465586,25,10,10
41,2466,0.9602097361273526,5.388827086559813e-07,0.0386121737827013,0.0011775512072376504,25,10,10
41,2467,0.8885014786148911,7.171208651998751e-07,0.11017159487791658,0.0013262093863271646,25,10,10
41,2468,0.8648108405744038,4.049893838299252e-05,0.1338405275004046,0.001308132986809122,25,10,10
41,2469,0.8475482132418981,9.98694288810684e-07,0.14962737794764241,0.0028234101161712065,25,10,10
41,2470,0.9208842325371743,2.4407334885836403e-05,0.07871543604336115,0.00037592408457877825,25,10,10
41,2471,0.8863590434478243,4.641632096392273e-06,0.11351514978288713,0.00012116513719203003,25,10,10
41,2472,0.8904576802916732,1.6003156949452528e-05,0.10946473287244222,6.158367893531424e-05,25,10,10
41,2473,0.9095312305950471,3.093238976560506e-05,0.09034186482475205,9.597219043453946e-05,25,10,10
41,2474,0.8075140801406187,5.0341998240600455e-05,0.19163679548525125,0.0007987823758891848,25,10,10
41,2475,0.8601583839207788,2.4553544859628563e-05,0.13896759979352286,0.0008494627408389445,25,10,10
41,2476,0.8971512156761072,2.2912389525234828e-05,0.10160330252775118,0.001222569406616432,25,10,10
41,2477,0.923990069541389,1.6819676582911003e-05,0.07589500821900928,9.810256301829783e-05,25,10,10
41,2478,0.9334649643719024,6.41483541836525e-06,0.06645516215509463,7.345863758448739e-05,25,10,10
41,2479,0.9558236451235784,6.049550522573391e-06,0.04413917345144383,3.113187445476664e-05,25,10,10
41,2480,0.9403826511656094,5.18910206718186e-06,0.04668441383924361,0.01292774589307987,25,10,10
41,2481,0.9292507156609205,0.00019786508358168398,0.05769023983165227,0.012861179423845863,25,10,10
41,2482,0.8531448218546042,0.00020833020789243054,0.1464389928364776,0.00020785510102624418,25,10,10
41,2483,0.8801987217294144,8.88226895591507e-06,0.11965517945072278,0.00013721655090757898,25,10,10
41,2484,0.9170182513517234,1.1409827639012301e-06,0.08294516820997712,3.5439455535300125e-05,25,10,10
41,2485,0.9444481011682881,4.754771115184924e-07,0.055512371574409636,3.9051780190734164e-05,25,10,10
41,2486,0.9027439771191088,8.71265869951636e-06,0.09478628248690098,0.0024610277352912946,25,10,10
41,2487,0.8044786612750824,6.167951853301487e-05,0.19525478728700701,0.0002048719193783417,25,10,10
41,2488,0.8392385579468997,1.3572968463235774e-05,0.1606933016276376,5.456745699871367e-05,25,10,10
41,2489,0.843706416694223,2.2977822005555095e-05,0.15626197186906773,8.63361470284768e-06,25,10,10
41,2490,0.8850005335103642,2.5252141636569143e-05,0.11486148841040292,0.00011272593759667597,25,10,10
41,2491,0.8719996039104945,0.0003080546332311771,0.12732613961262412,0.0003662018436503326,25,10,10
41,2492,0.8356846710848097,6.513464238893986e-05,0.16414394926768822,0.00010624500511276142,25,10,10
41,2493,0.8564022168604406,5.318105149804575e-06,0.1435335424415503,5.8922592858537466e-05,25,10,10
41,2494,0.8226329113225566,5.836258019072233e-06,0.17733047328521334,3.0779134211657465e-05,25,10,10
41,2495,0.9031303225519183,2.3674103460258252e-06,0.09683083266202998,3.647737570586829e-05,25,10,10
41,2496,0.9052206801701285,0.0003595557608012104,0.09432781712125536,9.194694781469662e-05,25,10,10
41,2497,0.8563984196195414,1.3245215836039585e-05,0.1435138529835416,7.448218108052244e-05,25,10,10
41,2498,0.9045573668582161,1.1234742474719742e-05,0.09359553321968829,0.0018358651796211336,25,10,10
41,2499,0.8793434913217902,1.8490416531581126e-05,0.11879357432665685,0.0018444439350218476,25,10,10
41,2500,0.8833894496638705,1.1410948518513959e-05,0.11469634820772417,0.001902791179887147,25,10,10
41,2501,0.8206402401636405,0.00026505441944217286,0.17899839520826116,9.631020865636186e-05,25,10,10
41,2502,0.8986817453699558,0.00027110019261517476,0.10085363487888684,0.00019351955854243928,25,10,10
41,2503,0.9140627505840035,0.0003088903500687187,0.08529831638593592,0.000330042679991306,25,10,10
41,2504,0.7984098705232698,0.00029815421575504314,0.20077802271101722,0.0005139525499592119,25,10,10
41,2505,0.8168180475821099,0.00027011654203590687,0.18139844261272753,0.0015133932631270963,25,10,10
41,2506,0.8409043534416247,0.00026400205379186517,0.15879406621212352,3.7578292460386195e-05,25,10,10
41,2507,0.94172454039006,3.1913892135077147e-07,0.05820236038523364,7.278008578480907e-05,25,10,10
41,2508,0.8819918309331459,2.2601110423367526e-06,0.11754107107346118,0.00046483788234952944,25,10,10
41,2509,0.9247013852675758,1.211213953606948e-05,0.07490370738475098,0.00038279520813679026,25,10,10
41,2510,0.9449996361072084,2.3670378473278967e-05,0.05482581244389505,0.00015088107042289742,25,10,10
41,2511,0.9800835934806363,1.1604335609624771e-05,0.019541392373329646,0.0003634098104241025,25,10,10
41,2512,0.8867302580014982,1.1043395048420806e-05,0.1129133312840171,0.00034536731943615273,25,10,10
41,2513,0.803830838974685,6.781656080575455e-06,0.1959087988713256,0.00025358049790920345,25,10,10
41,2514,0.875039143174972,6.477284515035994e-06,0.1235454979987231,0.0014088815417903832,25,10,10
41,2515,0.9056619781200159,1.0160766647233741e-05,0.09407018557040787,0.00025767554292948714,25,10,10
41,2516,0.9642170957338457,1.2855065038376715e-07,0.03565817381461776,0.00012460190088600678,25,10,10
41,2517,0.9187444298895201,1.6459908968973182e-07,0.08119804461842658,5.736089296396412e-05,25,10,10
41,2518,0.8734078218916521,2.733988975814578e-07,0.12651403187525329,7.787283419758868e-05,25,10,10
41,2519,0.8296568153725322,1.522876649450994e-06,0.1702777514805407,6.391027027822137e-05,25,10,10
41,2520,0.8348474286033265,1.0354268095338347e-06,0.16279587151428235,0.002355664455581469,25,10,10
41,2521,0.8469180872167719,1.1463981399533282e-06,0.1530255293019424,5.523708314655461e-05,25,10,10
41,2522,0.8403051794927159,1.3853019536040635e-06,0.15967571224418073,1.7722961150864062e-05,25,10,10
41,2523,0.9234910694912861,1.9296993036452032e-06,0.07624878757633644,0.0002582132330730109,25,10,10
41,2524,0.897923228219803,9.686280139490826e-07,0.10172853298041185,0.00034727017177145806,25,10,10
41,2525,0.9004459590076853,1.8149661346866824e-06,0.09641205586614503,0.0031401701600355662,25,10,10
41,2526,0.8754989351454927,7.132472771889839e-07,0.12141376947233948,0.003086582134890423,25,10,10
41,2527,0.8537500119361675,4.444129831973798e-06,0.14614472312827373,0.00010082080572670683,25,10,10
41,2528,0.9623636780955133,5.423961001130525e-07,0.03753789303078883,9.788647759800409e-05,25,10,10
41,2529,0.8944774832645683,8.689515143665861e-06,0.10335557461362177,0.0021582526066664647,25,10,10
41,2530,0.8801233605292773,3.26312310867693e-06,0.11970905314926736,0.00016432319834646335,25,10,10
41,2531,0.8894034840417403,1.816058241307908e-05,0.07221805558244834,0.03836029979339828,25,10,10
41,2532,0.8214932783119155,2.3964653847586883e-06,0.1401448098637289,0.038359515358970066,25,10,10
41,2533,0.8139746701596481,1.369896820816759e-06,0.135909040032648,0.0501149199108833,25,10,10
41,2534,0.8175595495410757,0.0007324442070228963,0.1451357088711913,0.036572297380711105,25,10,10
41,2535,0.8774886641616426,2.78609188189133e-05,0.0826643653105503,0.039819109608987796,25,10,10
41,2536,0.8876690240472972,6.250830577847624e-07,0.07274019115450413,0.03959015971514106,25,10,10
41,2537,0.8426520563522014,7.500950130016934e-06,0.1312220639938468,0.0261183787038212,25,10,10
41,2538,0.8853583807134748,1.345480730644758e-06,0.07492570533328062,0.03971456847251397,25,10,10
41,2539,0.8977576100614186,1.0783371863042508e-05,0.07270885316507364,0.02952275340164448,25,10,10
41,2540,0.862095990778942,2.214200181531777e-06,0.11064514456355251,0.02725665045732518,25,10,10
41,2541,0.8478255859384618,0.0003404081902365801,0.12661315400983972,0.025220851861463594,25,10,10
41,2542,0.8485967644769283,1.713153978405672e-06,0.10728619241541637,0.04411532995367761,25,10,10
41,2543,0.8419107695475888,8.605218208890734e-07,0.12074110071147429,0.03734726921911576,25,10,10
41,2544,0.827112243312868,2.913639042322919e-06,0.13558007733905397,0.03730476570903555,25,10,10
41,2545,0.848147645334731,0.0003906822966009322,0.11406703433767891,0.03739463803098935,25,10,10
41,2546,0.8708090982675928,0.0004061513103097072,0.09139703083916363,0.0373877195829345,25,10,10
41,2547,0.8848736042979436,1.2255193060855235e-06,0.11498095320607972,0.0001442169766700823,25,10,10
41,2548,0.843159811506974,1.2295688048595527e-05,0.15651223911067202,0.00031565369430508055,25,10,10
41,2549,0.8928331020172656,6.720660898127063e-06,0.10581472120602689,0.001345456115809923,25,10,10
41,2550,0.8899827414756274,1.2262469555042387e-06,0.10868054559624085,0.0013354866811772367,25,10,10
41,2551,0.9572016971667798,9.529392036185309e-07,0.042545328981882874,0.00025202091213337213,25,10,10
41,2552,0.9218361305761519,6.668318691404211e-07,0.04173009946269867,0.03643310312928027,25,10,10
41,2553,0.8852057727313115,6.732270635340446e-06,0.08235856948984133,0.03242892550821179,25,10,10
41,2554,0.9162126593562208,4.2719520895394176e-05,0.059036251683994116,0.024708369438889807,25,10,10
41,2555,0.8263069424440397,1.4345043493605326e-06,0.13084814849148121,0.04284347456012961,25,10,10
41,2556,0.8443250744826919,1.0836053973160116e-06,0.11238725934067033,0.04328658257124017,25,10,10
41,2557,0.7740904210937901,3.479928078564276e-05,0.18366574587558662,0.04220903374983788,25,10,10
41,2558,0.834784952070288,2.5404296593442036e-05,0.1253441110334791,0.039845532599639896,25,10,10
41,2559,0.7922613878917479,1.1419773261235015e-05,0.16771402991670406,0.04001316241828655,25,10,10
41,2560,0.8487892482538395,2.4587789213173736e-05,0.12200459305826371,0.02918157089868413,25,10,10
41,2561,0.7932477811994265,0.006468891413172468,0.15982332979445626,0.04045999759294519,25,10,10
41,2562,0.7756911329363877,0.006463461345301175,0.1754635869547606,0.0423818187635508,25,10,10
41,2563,0.8985142432973404,1.2218111167110674e-05,0.10113293925538719,0.00034059933610550375,25,10,10
41,2564,0.8563811421489872,2.498369408005664e-06,0.14340025621927796,0.00021610326232632707,25,10,10
41,2565,0.8613854765257846,8.116542418744758e-06,0.13840253790008178,0.00020386903171384346,25,10,10
41,2566,0.8444560087762174,8.276536081805647e-06,0.1490555564404041,0.006480158247296147,25,10,10
41,2567,0.8490371982451229,1.0344471157151954e-05,0.14496847315517544,0.005983984128543415,25,10,10
41,2568,0.9302680992720815,3.4203278613002777e-06,0.06952170555603922,0.00020677484401798453,25,10,10
41,2569,0.8967830708921809,1.900140212744526e-05,0.10300179351286545,0.00019613419282568062,25,10,10
41,2570,0.8541685805973438,1.8442330311773512e-05,0.14537593709888175,0.00043703997346254073,25,10,10
41,2571,0.8447317667411888,2.8485412293014293e-05,0.15477264125535392,0.000467106591164071,25,10,10
41,2572,0.8933452414802704,2.959446437297852e-06,0.10652446636909697,0.00012733270419423663,25,10,10
41,2573,0.8925443375452388,2.517392839108073e-05,0.10719830004230062,0.00023218848406976169,25,10,10
41,2574,0.8536556901484426,0.0003911480080707493,0.14325318600113268,0.0026999758423542036,25,10,10
41,2575,0.7809681370500557,0.00039089480312790866,0.20850435359056477,0.010136614556252027,25,10,10
41,2576,0.8399523695748214,8.637795007288502e-07,0.15981372501171165,0.00023304163396582409,25,10,10
41,2577,0.8646226934247926,0.00027806729536447887,0.13349468459224945,0.0016045546875938044,25,10,10
41,2578,0.9409723370200398,1.3680811959866763e-05,0.058942353945781095,7.162822221905594e-05,25,10,10
41,2579,0.8747312077593676,2.2744590642004353e-06,0.12429977886286203,0.0009667389187059651,25,10,10
41,2580,0.8737507797316515,1.3947214090416628e-05,0.12511273076222748,0.001122542292029917,25,10,10
41,2581,0.896441954734046,2.101891801746413e-05,0.10332154520385607,0.00021548114408034133,25,10,10
41,2582,0.866499918415133,9.696572338154763e-06,0.13305090888100043,0.00043947613152756917,25,10,10
41,2583,0.8876088351951911,6.180391266985366e-05,0.11201708956214498,0.00031227132999400595,25,10,10
41,2584,0.8619539487719267,8.179392578499509e-07,0.13761333241673013,0.0004319008720857057,25,10,10
41,2585,0.9307799346580033,1.2985363579292682e-06,0.06877886541585032,0.00043990138978870975,25,10,10
41,2586,0.9066358172480601,4.587274436920393e-07,0.09309724537980044,0.0002664786446959965,25,10,10
41,2587,0.9370288488317342,2.1800448713655863e-06,0.06202146504118004,0.0009475060822138075,25,10,10
41,2588,0.861680056576034,8.934918027996166e-06,0.13631809865475236,0.001992909851185192,25,10,10
41,2589,0.8430554415646161,2.0369877332603906e-05,0.15597307702318916,0.0009511115348623557,25,10,10
41,2590,0.8826694675432596,1.9002019107595455e-05,0.11617386277067278,0.0011376676669605046,25,10,10
41,2591,0.8445530199676713,2.15302136429427e-05,0.15484921823165498,0.0005762315870305683,25,10,10
41,2592,0.8911007502185186,2.7074471833282567e-05,0.10864380241618737,0.00022837289346048923,25,10,10
41,2593,0.8426192101905656,1.4759567368049119e-05,0.1573189901909546,4.7040051112946724e-05,25,10,10
41,2594,0.8050351955267839,1.3142289801196082e-05,0.19461718773006073,0.0003344744533531254,25,10,10
41,2595,0.8342153254956634,3.5444532152907496e-05,0.16109594527910012,0.004653284693083621,25,10,10
41,2596,0.8070230898117259,2.7541640980452034e-05,0.19252871474704186,0.0004206538002510635,25,10,10
41,2597,0.8580551138803898,0.0005186775469575009,0.1410191556958804,0.0004070528767724622,25,10,10
41,2598,0.8929186559602862,0.0005290805737353598,0.10607323343639863,0.00047903002957955915,25,10,10
41,2599,0.8712803706909213,0.0005237804749142851,0.10156377400289862,0.026632074831266186,25,10,10
41,2600,0.8814930920605594,0.0005243200707524742,0.09063342786851049,0.027349160000177297,25,10,10
41,2601,0.9094235467991493,4.579169314812411e-07,0.0494454015519036,0.04113059373201557,25,10,10
41,2602,0.8333202830520123,0.00046432398069974824,0.12664788837978436,0.03956750458750311,25,10,10
41,2603,0.841258427646832,6.965032708904668e-07,0.13113471387136125,0.027606161978535968,25,10,10
41,2604,0.7756426035760511,2.901311882256057e-06,0.14788353718995959,0.07647095792210702,25,10,10
41,2605,0.7959106212408268,1.4886089552633129e-05,0.12594125262557304,0.07813324004404736,25,10,10
41,2606,0.7811039652057687,2.2275479133949932e-05,0.13903788612901757,0.07983587318607817,25,10,10
41,2607,0.8023751957882945,2.2215918684655916e-05,0.11784054387945972,0.07976204441356077,25,10,10
41,2608,0.7585472359789861,2.2315685029349505e-05,0.15493501571798596,0.0864954326179988,25,10,10
41,2609,0.7557979433019238,5.367747492764504e-05,0.16480800839977905,0.07934037082336948,25,10,10
41,2610,0.7518842916748589,2.397941289947347e-05,0.1690660805342003,0.07902564837804102,25,10,10
41,2611,0.7191327245759528,1.4741106675840965e-05,0.21516263635593713,0.06568989796143353,25,10,10
41,2612,0.7279873636233966,1.4196461974887058e-05,0.23572415018160833,0.03627428973302034,25,10,10
41,2613,0.7766664150355734,3.475483434343316e-06,0.1965470497832568,0.026783059697735655,25,10,10
41,2614,0.8372390296798079,1.4209049375015213e-06,0.1379337652949001,0.02482578412035409,25,10,10
41,2615,0.9285321530152162,1.5018747295709376e-06,0.07145331592535882,1.302918469570539e-05,25,10,10
41,2616,0.9308542667840106,2.4714072761561458e-06,0.06905888879738796,8.437301132599412e-05,25,10,10
41,2617,0.8633212479271388,2.317543628050427e-06,0.10720279120875457,0.02947364332047919,25,10,10
41,2618,0.8750088683041235,7.6682769610914e-07,0.09530465115335347,0.02968571371482652,25,10,10
41,2619,0.776337152477184,0.0005188473200906663,0.18676849993195924,0.036375500270766616,25,10,10
41,2620,0.8268761204418013,9.106779316544739e-07,0.13181113331451916,0.04131183556574824,25,10,10
41,2621,0.7988254192374168,2.012925323529638e-06,0.1508087854087129,0.05036378242854621,25,10,10
41,2622,0.827457527456837,3.1205571722951553e-06,0.13065219596509875,0.04188715602089124,25,10,10
41,2623,0.8570496143865681,0.00025267139040382027,0.10055796157456703,0.04213975264846122,25,10,10
41,2624,0.8663927432320425,3.729823298661467e-07,0.10892873129288767,0.024678152492739986,25,10,10
41,2625,0.9155895021380295,1.402473589371669e-05,0.07547594239834822,0.008920530727728783,25,10,10
41,2626,0.9030055065328416,0.0005274499590334317,0.09644683802553318,2.020548259178828e-05,25,10,10
41,2627,0.884884864388563,4.15860520142381e-06,0.07514345322677951,0.03996752377945565,25,10,10
41,2628,0.8929110213635936,4.594785455195982e-06,0.10046096846129329,0.006623415389657737,25,10,10
41,2629,0.8029101751583108,0.0020864562738057736,0.194986274035669,1.709453221402673e-05,25,10,10
41,2630,0.8204107223897945,0.0021020849709425886,0.17743450429039018,5.268834887313543e-05,25,10,10
41,2631,0.8800090229198126,2.420439840197863e-06,0.09626312183617314,0.023725434804174023,25,10,10
41,2632,0.7998965580263194,1.1133747391250646e-05,0.17868686449673188,0.02140544372955933,25,10,10
41,2633,0.8293919105211688,1.553512907487817e-05,0.13096660529634493,0.03962594905341192,25,10,10
41,2634,0.8159826157674424,1.2820961773074741e-05,0.12718954152907977,0.056815021741705385,25,10,10
41,2635,0.8471441279430277,1.396384767716104e-05,0.08677743553449448,0.06606447267480062,25,10,10
41,2636,0.8347551345208951,1.5495121492710928e-05,0.09868246236426631,0.06654690799334585,25,10,10
41,2637,0.8230079980794828,2.6844182326733114e-05,0.1032256761233875,0.07373948161480279,25,10,10
41,2638,0.8986509861532082,2.8146037074705696e-05,0.06557511214882188,0.0357457556608955,25,10,10
41,2639,0.9239469698552131,2.3912281484453887e-05,0.03602097199085363,0.040008145872448934,25,10,10
41,2640,0.8380495628975347,9.089811170750194e-06,0.12136910191700256,0.040572245374292715,25,10,10
41,2641,0.8777179778441706,9.76178074977073e-06,0.0818578849551776,0.040414375419902365,25,10,10
41,2642,0.8233299613314302,9.715305415209232e-06,0.13501277461955252,0.04164754874360263,25,10,10
41,2643,0.87189762332887,1.9424468446922846e-06,0.08664010527973749,0.04146032894454797,25,10,10
41,2644,0.9213075224544621,3.2869063851540795e-07,0.039000250642438804,0.03969189821246099,25,10,10
41,2645,0.8590161833689562,9.60483629887746e-06,0.10100752500948966,0.03996668678525431,25,10,10
41,2646,0.9532790114606331,3.181748965681144e-05,0.046606074781368335,8.309626834251075e-05,25,10,10
41,2647,0.9355508857554702,3.135180976892073e-05,0.06188408241607851,0.0025336800186827914,25,10,10
41,2648,0.903729570960738,0.0013538989869333062,0.09479419475067229,0.0001223353016565884,25,10,10
41,2649,0.9235572878767195,0.00019795383269935595,0.07622528241331886,1.947587726238864e-05,25,10,10
41,2650,0.9362845584246271,0.000152749714847888,0.06336370470235965,0.00019898715816458315,25,10,10
41,2651,0.8919833941108617,2.6674080415056447e-06,0.10793607638437727,7.78620967202596e-05,25,10,10
41,2652,0.8361890422523811,4.2893494297584284e-06,0.16370193149752807,0.00010473690066135822,25,10,10
41,2653,0.8540841802088954,1.95033279689737e-06,0.11275094007284875,0.03316292938545887,25,10,10
41,2654,0.8926985597366788,7.380604742397054e-07,0.09796101738327151,0.00933968481957533,25,10,10
41,2655,0.901331034508796,7.65292046253005e-07,0.09861884379159008,4.9356407567014304e-05,25,10,10
41,2656,0.8692025176664143,5.639758330844504e-06,0.13066170110708786,0.0001301414681666137,25,10,10
41,2657,0.8459674749298665,8.243738910146793e-05,0.15377776854862982,0.0001723191324013528,25,10,10
41,2658,0.8797646470268546,1.9772233291326815e-05,0.12006937610741299,0.00014620463244077332,25,10,10
41,2659,0.8938395239760178,1.878107130018447e-05,0.10599828303466495,0.00014341191801648073,25,10,10
41,2660,0.8883211228439412,1.3003840283505378e-06,0.10859198796419714,0.0030855888078331335,25,10,10
41,2661,0.8337457087364227,3.4275953781925327e-06,0.1631476952212604,0.0031031684469391887,25,10,10
41,2662,0.805472653525807,4.1841870773387716e-05,0.18605002669815426,0.008435477905264839,25,10,10
41,2663,0.8476021575057708,3.2961101171194975e-05,0.14395362024850367,0.008411261144554396,25,10,10
41,2664,0.925056318622689,3.4051700486174284e-05,0.07336041918826497,0.0015492104885595226,25,10,10
41,2665,0.8349078131406755,8.25045038923269e-05,0.1648744143311683,0.00013526802426496164,25,10,10
41,2666,0.8943680147101896,2.1662825169309425e-05,0.10535669247551058,0.00025362998913102693,25,10,10
41,2667,0.9098108586104514,7.331773943065087e-07,0.09002453984330945,0.0001638683688456535,25,10,10
41,2668,0.8728205002207886,2.278699154071526e-05,0.12686065939280775,0.0002960533948615493,25,10,10
41,2669,0.905419840525584,5.155754281344486e-06,0.09441964897714439,0.00015535474299036744,25,10,10
41,2670,0.9027601619550493,6.8500978634704805e-06,0.09704356026645866,0.00018942768062929635,25,10,10
41,2671,0.8076517499330222,6.856075323317878e-06,0.18975673401620505,0.0025846599754497834,25,10,10
41,2672,0.9160663746252314,7.185315035593248e-05,0.08148259176241789,0.002379180461994443,25,10,10
41,2673,0.9319499708794576,1.9453172722743783e-05,0.06563909926946279,0.0023914766783568906,25,10,10
41,2674,0.8364934317135969,2.551429179831587e-05,0.149072275425925,0.01440877856867925,25,10,10
41,2675,0.865389250884887,7.856160518715238e-06,0.12236841122194689,0.012234481732647007,25,10,10
41,2676,0.9409043814343885,1.017850859103595e-05,0.0590308622230033,5.4577834017200384e-05,25,10,10
41,2677,0.8809638655608535,2.2581874375403175e-06,0.11902088093605627,1.2995315652116919e-05,25,10,10
41,2678,0.937322672871381,2.0021211173901973e-07,0.06253577244249019,0.00014135447401686946,25,10,10
41,2679,0.9415463054685482,8.081570371780488e-06,0.058165989192028145,0.0002796237690519484,25,10,10
41,2680,0.9325730704553666,2.119215872208511e-05,0.06685743817097509,0.000548299214935552,25,10,10
41,2681,0.9421015339352552,1.311613463729268e-06,0.05775168215593302,0.00014547229534753723,25,10,10
41,2682,0.9212930279697856,1.3000774393983049e-05,0.07766867487540821,0.001025296380412942,25,10,10
41,2683,0.8776806590879432,1.22494822752442e-05,0.12095416419524575,0.0013529272345355022,25,10,10
41,2684,0.9475124944220253,1.1818550973461822e-05,0.051466562129358094,0.0010091248976430783,25,10,10
41,2685,0.9295094350646539,1.699617198693164e-06,0.06926503823325801,0.0012238270848890665,25,10,10
41,2686,0.8751951744168376,2.3146000540806814e-06,0.09650940732220308,0.02829310366090459,25,10,10
41,2687,0.8574025529182127,1.4295760908474092e-05,0.11303873513308214,0.029544416187796664,25,10,10
41,2688,0.918783704561846,1.7050764026719222e-06,0.04470177699147523,0.03651281337027597,25,10,10
41,2689,0.9057948710409479,1.0265475923263064e-06,0.05771852509674679,0.03648557731471237,25,10,10
41,2690,0.9416415091068484,3.088404605948534e-07,0.018161722601271867,0.040196459451418774,25,10,10
41,2691,0.870326218039646,2.14650296339257e-07,0.0925269755913092,0.037146591718747665,25,10,10
41,2692,0.8842146915008139,6.618264453359557e-06,0.09087274271239759,0.024905947522334812,25,10,10
41,2693,0.9140556624717432,7.16927860748959e-06,0.0611763878580595,0.02476078039158958,25,10,10
41,2694,0.8101188728755331,4.825774728509813e-05,0.15797126504478368,0.031861604332396716,25,10,10
41,2695,0.778237336895327,6.297937956095577e-05,0.16389885839089202,0.057800825334220374,25,10,10
41,2696,0.8250107574027187,1.0740414216180968e-05,0.09586637898632432,0.079112123196741,25,10,10
41,2697,0.835459252399881,4.21324941329981e-06,0.12020030652072457,0.0443362278299805,25,10,10
41,2698,0.8675180254549144,1.7048959541840122e-05,0.09010730445371813,0.04235762113182506,25,10,10
41,2699,0.8271497989173683,6.741754516886073e-05,0.14214382914226176,0.03063895439520075,25,10,10
41,2700,0.8180114369413297,4.534198536192216e-05,0.1569098785311552,0.025033342542151883,25,10,10
41,2701,0.902064799435959,5.794440397910777e-05,0.05660538533004513,0.041271870830016294,25,10,10
41,2702,0.873249624671102,1.2120540570745733e-05,0.08530467890194103,0.04143357588638639,25,10,10
41,2703,0.8615983888693586,1.2524243393877165e-05,0.09708833891428112,0.041300747972965776,25,10,10
41,2704,0.8539621087640725,0.0005027261616428877,0.10435144585545446,0.0411837192188292,25,10,10
41,2705,0.837454613763184,0.0005026865742616326,0.120818600189707,0.041224099472848205,25,10,10
41,2706,0.9165286532602243,6.9443637668290665e-06,0.043853432447610856,0.039610969928398174,25,10,10
41,2707,0.8831977398035358,2.8265059789782122e-05,0.07690425706439799,0.03986973807227646,25,10,10
41,2708,0.8504484195836323,0.0014342096614563455,0.12023205720778402,0.027885313547127907,25,10,10
41,2709,0.8414828799511278,1.620581151282525e-05,0.13073431326013274,0.02776660097722619,25,10,10
41,2710,0.8516245845792559,6.697080449900482e-06,0.14593372755786552,0.0024349907824284325,25,10,10
41,2711,0.9132725655448141,5.325514522686224e-07,0.08655232519354585,0.00017457671018771968,25,10,10
41,2712,0.915558817324061,1.825464371042424e-05,0.08430351453264073,0.00011941349958721936,25,10,10
41,2713,0.9300649577437855,2.8845456034327465e-07,0.0699291716771983,5.582124455709758e-06,25,10,10
41,2714,0.8283588686590235,0.0006056796769411328,0.17102818073863232,7.270925403363375e-06,25,10,10
41,2715,0.8504553420794245,0.00022035467556374578,0.1492816180199226,4.26852250895391e-05,25,10,10
41,2716,0.8865179774946148,0.00022357127215560214,0.113196372636606,6.207859662436539e-05,25,10,10
41,2717,0.9325767221114266,1.083350848864189e-06,0.06737299010154232,4.9204436181947845e-05,25,10,10
41,2718,0.8845402068968737,0.004821672336278443,0.11008516049955613,0.0005529602672920869,25,10,10
41,2719,0.8855127048865551,2.762158266061405e-05,0.11416176125079437,0.00029791227999012283,25,10,10
41,2720,0.8569912134777418,1.5210410914283047e-05,0.14274112005760461,0.0002524560537391781,25,10,10
41,2721,0.9179715327192055,2.0140428026066474e-05,0.08019248893044173,0.0018158379223267576,25,10,10
41,2722,0.9300650518575427,4.2175928226352405e-06,0.06814399678145802,0.0017867337681767839,25,10,10
41,2723,0.9188174148726158,3.7392876302344516e-07,0.07917262136861798,0.002009589830002525,25,10,10
41,2724,0.9112989791920292,2.300246561404905e-06,0.04649173254598888,0.042206988015420534,25,10,10
41,2725,0.8639884081285492,1.3219167394438419e-05,0.09372953693281762,0.04226883577123905,25,10,10
41,2726,0.9046962962240108,1.334740961254167e-06,0.055629101935125096,0.03967326709990285,25,10,10
41,2727,0.8834120766821278,4.4326030733495715e-06,0.0762374786552232,0.04034601205957531,25,10,10
41,2728,0.8692527369040312,2.4654339950719987e-07,0.09117371672995545,0.03957329982261371,25,10,10
41,2729,0.8331904764235939,3.147528068023026e-06,0.12641583857154085,0.0403905374767957,25,10,10
41,2730,0.8549277204975375,1.930575713188888e-05,0.10515806732821398,0.03989490641711602,25,10,10
41,2731,0.8734399181251598,7.371813519434281e-07,0.0865338354834366,0.04002550921005175,25,10,10
41,2732,0.853241314615613,3.770006578300179e-07,0.07519280408838325,0.07156550429534608,25,10,10
41,2733,0.834117576659275,0.005769668858042427,0.07920466585680618,0.08090808862587594,25,10,10
41,2734,0.8185361976806033,1.612219163501442e-05,0.10217485199628827,0.07927282813147399,25,10,10
41,2735,0.7974726070899066,1.0815707059982082e-05,0.17871504639403277,0.02380153080899967,25,10,10
41,2736,0.8770340855000245,2.2179326074226743e-06,0.09930395696277787,0.02365973960458985,25,10,10
41,2737,0.8320188202038552,2.8391260241691278e-05,0.12615511326192397,0.04179767527397873,25,10,10
41,2738,0.9201638816397487,1.3060569499220464e-05,0.053057877503721276,0.02676518028703084,25,10,10
41,2739,0.8664088622576557,1.2988563762631081e-05,0.0657122685245577,0.06786588065402456,25,10,10
41,2740,0.84739442005757,4.0832027009009023e-07,0.11007540106849646,0.04252977055366441,25,10,10
41,2741,0.8404558847915564,3.1480718436495383e-07,0.15647426238413684,0.0030695380171228605,25,10,10
41,2742,0.7822179698426572,2.096007962406796e-07,0.214486583835447,0.0032952367210989987,25,10,10
41,2743,0.885833714533962,1.097439985325197e-06,0.11338242350220583,0.0007827645238470168,25,10,10
41,2744,0.9181093687557642,7.716046960551639e-07,0.081740476923778,0.00014938271576123757,25,10,10
41,2745,0.9101018751382526,1.0543358466863322e-05,0.08973202221574342,0.00015555928753699215,25,10,10
41,2746,0.8874004589557771,1.0737357596905543e-05,0.1124593739112315,0.0001294297753942038,25,10,10
41,2747,0.843158308134727,1.3497317879787808e-05,0.15660448430822485,0.00022371023916850738,25,10,10
41,2748,0.8901373487007299,1.4799314779851058e-05,0.10958501431310044,0.0002628376713890048,25,10,10
41,2749,0.9131012417416325,1.3090570485805514e-05,0.08681659678900325,6.907089887835084e-05,25,10,10
41,2750,0.8953039523529072,0.0007880773908029825,0.10345950989191065,0.00044846036438030487,25,10,10
41,2751,0.8991983200494654,0.001065309971235562,0.0995521649800475,0.00018420499925210759,25,10,10
41,2752,0.9308361031771475,0.00035627596601412565,0.06866170125546064,0.00014591960137837122,25,10,10
41,2753,0.9093597398811845,2.5939903727290827e-05,0.09018501862879136,0.0004293015862971589,25,10,10
41,2754,0.9066498868388632,2.6234146589191838e-05,0.0931180741782764,0.00020580483627096927,25,10,10
41,2755,0.8675661109556663,1.3305643314340164e-06,0.13233759780625542,9.496067374735227e-05,25,10,10
41,2756,0.8279557620618092,2.0729439876438997e-06,0.16989520787297824,0.0021469571212238657,25,10,10
41,2757,0.9110534158088675,0.00032489055781649865,0.08664541897888149,0.0019762746544346355,25,10,10
41,2758,0.8904714191133543,0.0003900922410018803,0.10912653432767389,1.1954317969945602e-05,25,10,10
41,2759,0.8623200133713032,0.00033105501412695695,0.13262220944847955,0.004726722166090904,25,10,10
41,2760,0.91347616986457,0.0003298648024759009,0.08345098981989915,0.0027429755130554258,25,10,10
41,2761,0.8907856437160436,1.0184820298255162e-05,0.10654929250690527,0.002654878956752815,25,10,10
41,2762,0.8799112262572675,8.817120573566735e-05,0.11684966861621351,0.0031509339207834125,25,10,10
41,2763,0.8407575299717809,0.00012438783317023677,0.15580164585653417,0.0033164363385141367,25,10,10
41,2764,0.8532606226535256,1.8115225060257786e-05,0.10703999748480854,0.03968126463660483,25,10,10
41,2765,0.853800894534072,2.193297773084523e-05,0.10655842214357394,0.0396187503446227,25,10,10
41,2766,0.8709252342704016,0.00016409415732163867,0.0884928545789256,0.040417816993350966,25,10,10
41,2767,0.8937865040183712,1.2972487088028483e-05,0.06589184105397879,0.04030868244056171,25,10,10
41,2768,0.9162425321532115,1.2426222154424845e-06,0.0758104390621638,0.007945786162409825,25,10,10
41,2769,0.8887245335024245,2.605264432305918e-06,0.07775498276481867,0.0335178784683249,25,10,10
41,2770,0.9157339479206077,2.0192496871463362e-05,0.07453792828599706,0.0097079312965237,25,10,10
41,2771,0.9245518743072276,1.303074290077911e-05,0.071888876028743,0.0035462189211287244,25,10,10
41,2772,0.8634393105000353,0.00040463438959183613,0.13384019126556493,0.0023158638448088106,25,10,10
41,2773,0.8831395049197878,0.00041215603317022774,0.11434730503475621,0.002101034012285523,25,10,10
41,2774,0.8857316222919406,6.973076864936708e-07,0.07488930530299517,0.03937837509737841,25,10,10
41,2775,0.9021305207519568,5.999391251830138e-07,0.05790831681435559,0.03996056249456278,25,10,10
41,2776,0.9071473970068185,8.130976439760652e-07,0.05291708451573493,0.039934705379802586,25,10,10
41,2777,0.8976211791610338,1.0343018790974113e-05,0.06277405987668007,0.03959441794349523,25,10,10
41,2778,0.9088092488363848,1.1075719838068018e-05,0.0516415184083469,0.03953815703543082,25,10,10
41,2779,0.8378529824830031,4.3198479393993244e-06,0.12249415196017331,0.0396485457088845,25,10,10
41,2780,0.7480549702675181,3.4643475495937087e-06,0.24638488978330442,0.005556675601626414,25,10,10
41,2781,0.8431967462997717,2.4873307833828753e-06,0.1509356545526307,0.005865111816814262,25,10,10
41,2782,0.8356311083961127,3.028261427181047e-06,0.16364555369400846,0.0007203096484509286,25,10,10
41,2783,0.8481798824127169,2.5618818433200894e-06,0.14363082117418186,0.008186734531257794,25,10,10
41,2784,0.886318730491398,4.0108352502418105e-06,0.11352685577703102,0.0001504028963209151,25,10,10
41,2785,0.885210252142873,1.3102021782582078e-05,0.11438381337273515,0.00039283246260963823,25,10,10
41,2786,0.8165837094981903,8.37166316565066e-05,0.17939361542871335,0.0039389584414390505,25,10,10
41,2787,0.8389847606922529,1.8063143843649743e-05,0.15712553305881571,0.0038716431050866734,25,10,10
41,2788,0.8983463122544875,3.918704291424543e-06,0.1014802929566163,0.00016947608460482797,25,10,10
41,2789,0.8929090148748413,4.456032672056298e-06,0.10687599138673753,0.00021053770574900043,25,10,10
41,2790,0.883709320280184,3.4455738016309653e-06,0.1158417093165499,0.00044552482946406,25,10,10
41,2791,0.8750605779706665,6.302629570538963e-07,0.12476344965584678,0.00017534211052947554,25,10,10
41,2792,0.8591057516304129,1.290769540976804e-05,0.1382568054848823,0.0026245351892955544,25,10,10
41,2793,0.8772574146116956,2.2674897351823426e-05,0.08628815156818816,0.036431758922764235,25,10,10
41,2794,0.8959491126618466,2.6919366618286266e-07,0.07610945971614269,0.027941158428344156,25,10,10
41,2795,0.9145686080057324,7.243596523947593e-06,0.0581549241312467,0.027269224266497173,25,10,10
41,2796,0.9082292746419944,8.604033899965084e-06,0.06163347673099194,0.030128644593113395,25,10,10
41,2797,0.7983947989814888,2.1205344676622114e-05,0.1714475211457855,0.030136474528048626,25,10,10
41,2798,0.8737276382646114,1.9379343553569428e-05,0.12423580754302414,0.002017174848810673,25,10,10
41,2799,0.8746045748950922,2.2106399505661183e-05,0.12344090415706291,0.0019324145483390525,25,10,10
41,2800,0.8108276492422819,1.9831094305444788e-05,0.18115794791823547,0.007994571745177419,25,10,10
41,2801,0.859700856555007,0.0003546587351599059,0.13236962312565448,0.007574861584179765,25,10,10
41,2802,0.8912116675770919,4.714499804771772e-07,0.08276292074700034,0.02602494022592697,25,10,10
41,2803,0.8858654642732838,1.0094710050054163e-06,0.08675901447078237,0.027374511784929115,25,10,10
41,2804,0.8918140308440978,4.2011803568330686e-05,0.07596489419719618,0.03217906315513842,25,10,10
41,2805,0.9308734363403603,6.391667297921248e-08,0.01956435016658156,0.04956214957638551,25,10,10
41,2806,0.8961974738020355,8.213333120663457e-07,0.06378762771481879,0.0400140771498335,25,10,10
41,2807,0.8583532800290665,0.00018848214855660174,0.11774127590401992,0.023716961918356434,25,10,10
41,2808,0.7719025858644243,3.000635466015167e-05,0.1972632404420768,0.030804167338837393,25,10,10
41,2809,0.8050740053029366,1.9233785293442694e-05,0.1705997191812054,0.0243070417305641,25,10,10
41,2810,0.853301040994171,2.0530896507105137e-05,0.1062191649786143,0.04045926313070705,25,10,10
41,2811,0.8378298035477841,3.0336242159641957e-05,0.12104546599870741,0.0410943942113487,25,10,10
41,2812,0.8223901717279817,3.0424740071583476e-05,0.13788148895473387,0.039697914577212855,25,10,10
41,2813,0.8517342046174798,3.496063439030642e-06,0.108743160832178,0.039519138486903554,25,10,10
41,2814,0.8647623380172829,0.0002468889835347136,0.09406848156953529,0.04092229142964677,25,10,10
41,2815,0.9169021320221524,1.0504625748035286e-06,0.04334181147701792,0.03975500603825502,25,10,10
41,2816,0.8474406467988929,6.560125344857432e-06,0.11277208189330144,0.03978071118245991,25,10,10
41,2817,0.922133975789844,6.687077699148808e-06,0.07564444372838604,0.0022148934040704654,25,10,10
41,2818,0.8759322517445007,7.545577123454163e-06,0.12404725657944639,1.2946098929738038e-05,25,10,10
41,2819,0.8152313544984179,0.0001620677090834576,0.18410900877246866,0.0004975690200283678,25,10,10
41,2820,0.8762411753628758,0.00010377831166935979,0.12331998505124885,0.0003350612742051285,25,10,10
41,2821,0.8878907323517204,3.949633240349537e-05,0.1119985185131317,7.125280274533178e-05,25,10,10
41,2822,0.906604685505385,1.2486064744223226e-05,0.09336814839055267,1.4680039318674818e-05,25,10,10
41,2823,0.879266259161468,1.1298972754322718e-05,0.12052378900146828,0.0001986528643091791,25,10,10
41,2824,0.9102386551416869,0.0002283947267522688,0.08950318355541066,2.976657615042589e-05,25,10,10
41,2825,0.9161273355225537,0.00022746235118008542,0.08301799849432762,0.0006272036319389904,25,10,10
41,2826,0.930425920307152,2.209642980818778e-06,0.06898408778770483,0.0005877822621628138,25,10,10
41,2827,0.9117906748513335,9.303430977306862e-06,0.08758213697300508,0.0006178847446838975,25,10,10
41,2828,0.9168305921022153,8.82823441332789e-06,0.08300495237640287,0.00015562728696857158,25,10,10
41,2829,0.8788292473455541,8.223912611901003e-07,0.12098223259179947,0.00018769767138341088,25,10,10
41,2830,0.8713625675009072,4.6121889400771314e-06,0.1285552650152881,7.755529486368892e-05,25,10,10
41,2831,0.894969834722916,6.494113690305406e-06,0.10469272722127783,0.0003309439421158109,25,10,10
41,2832,0.9286427745801844,1.8494488510219564e-07,0.031706631461841425,0.039650409013089014,25,10,10
41,2833,0.8432007978837086,4.975075593441324e-07,0.11724933966469968,0.039549364944032904,25,10,10
41,2834,0.8526595988431593,2.4904738795494486e-06,0.1471131996874781,0.00022471099548267547,25,10,10
41,2835,0.8437402406188131,2.273133826774926e-06,0.12728138390131652,0.028976102346043486,25,10,10
41,2836,0.8440605894983535,3.4635625731490836e-05,0.11563567464302503,0.040269100232889085,25,10,10
41,2837,0.7814229797353117,1.5507934724299519e-06,0.17800102768821094,0.040574441783004886,25,10,10
41,2838,0.8067866461410954,2.1818382719758786e-06,0.1532321613729758,0.0399790106476566,25,10,10
41,2839,0.8320669613496723,3.414675680308804e-05,0.13938790285605443,0.028510989037470263,25,10,10
41,2840,0.8578146123514024,7.403798417132879e-06,0.1088257083100493,0.0333522755401309,25,10,10
41,2841,0.8790741247358936,1.0127184989826125e-05,0.08012329846825475,0.04079244961086191,25,10,10
41,2842,0.9204865528760158,6.710339171054979e-05,0.03907268016273961,0.04037366356953408,25,10,10
41,2843,0.8669737576321589,6.920709946253119e-05,0.09288325374285276,0.04007378152552679,25,10,10
41,2844,0.824828388344614,0.00017794571666383794,0.17115636301593568,0.0038373029227881605,25,10,10
41,2845,0.8442929372405051,3.07538395542456e-05,0.15208607904342564,0.003590229876515697,25,10,10
41,2846,0.8314466074014262,5.960844052733382e-05,0.13846513457591844,0.030028649582128596,25,10,10
41,2847,0.8321862381072636,6.0694245096069005e-06,0.16736660193923522,0.00044109052899105093,25,10,10
41,2848,0.8433714109119643,4.013045609479365e-05,0.1550933156391291,0.0014951429928118517,25,10,10
41,2849,0.8349920027479674,7.327359250838506e-06,0.1608470921397281,0.00415357775305338,25,10,10
41,2850,0.8488440854813146,6.709410785921556e-06,0.14863198623640697,0.002517218871492479,25,10,10
41,2851,0.9178365410823633,8.790897231855707e-06,0.08149002369642559,0.0006646443239793073,25,10,10
41,2852,0.8938765997934698,8.97640433382557e-06,0.09711603891635559,0.008998384885841452,25,10,10
41,2853,0.8808754072730877,0.0002497174696894468,0.10987675718364816,0.008998118073574944,25,10,10
41,2854,0.8455976239434828,1.3684833348020316e-06,0.14394526996407303,0.01045573760910931,25,10,10
41,2855,0.8997336052441587,3.4974528058252513e-06,0.09760285996671833,0.002660037336317752,25,10,10
41,2856,0.8806220978711983,1.2194731299308342e-05,0.11878947818930309,0.0005762292081994109,25,10,10
41,2857,0.871405719839699,1.1695558208851425e-05,0.12805540224839526,0.0005271823536960283,25,10,10
41,2858,0.9135365753619858,0.0003560963269704175,0.08588561908278232,0.00022170922826151126,25,10,10
41,2859,0.9409617444613769,1.9588834120615212e-06,0.05901856506666057,1.7731588550503747e-05,25,10,10
41,2860,0.903720568554123,1.6375385051962976e-06,0.0959441019458481,0.00033369196152279124,25,10,10
41,2861,0.9580925453042376,1.4663446202061103e-06,0.0388160239261539,0.00308996442498819,25,10,10
41,2862,0.8453799035411141,8.984035851176697e-06,0.15214528709339512,0.002465825329638891,25,10,10
41,2863,0.9028618749970221,1.785394853879985e-06,0.09712600908800949,1.033052011459831e-05,25,10,10
41,2864,0.8625869252675826,1.6453034740396475e-06,0.09575489952724942,0.04165652990169395,25,10,10
41,2865,0.8246408487440341,3.1738182565473342e-06,0.13586151337442118,0.0394944640632884,25,10,10
41,2866,0.8563612034697831,5.260500222652486e-07,0.10419444911449441,0.03944382136570049,25,10,10
41,2867,0.8891778978443773,1.5157792673189935e-06,0.10449153057262654,0.00632905580372916,25,10,10
41,2868,0.8763769193984653,2.2530849051101552e-06,0.11718105226421628,0.006439775252413484,25,10,10
41,2869,0.8099412520011158,1.6781760978993856e-05,0.18987389863395468,0.00016806760395040064,25,10,10
41,2870,0.8875207301750163,3.385956710797842e-05,0.1106611003101944,0.0017843099476827478,25,10,10
41,2871,0.8983615266899811,1.9816900718227706e-06,0.10139235857734624,0.00024413304260124496,25,10,10
41,2872,0.9357641412471522,4.792679729881792e-06,0.06394437828869325,0.00028668778442427693,25,10,10
41,2873,0.8888989912395577,5.473335867001306e-05,0.11082187496288004,0.00022440043889193704,25,10,10
41,2874,0.8920514701339803,1.61224955129934e-05,0.10388388775518409,0.004048519615323591,25,10,10
41,2875,0.8672895945627492,1.2232774937993496e-05,0.13222332445817972,0.00047484820413300774,25,10,10
41,2876,0.9398746005633033,1.0562392071329417e-05,0.05988035993540424,0.00023447710922099363,25,10,10
41,2877,0.9388566017856367,1.7392958722368373e-06,0.0609789731394118,0.00016268577907917287,25,10,10
41,2878,0.9279144156388859,2.118767027579763e-06,0.07194560875520882,0.00013785683887718655,25,10,10
41,2879,0.9031594065766082,2.096508940127483e-06,0.08987509295096864,0.006963403963482642,25,10,10
41,2880,0.8681516607935674,2.632975805446589e-06,0.12493513383775437,0.006910572392872346,25,10,10
41,2881,0.8922255829301168,2.7389341827490523e-06,0.10770870659202492,6.297154367491636e-05,25,10,10
41,2882,0.8994104022188497,4.972067440789848e-05,0.10048063850948498,5.9238597256324405e-05,25,10,10
41,2883,0.8717314551572701,5.048451158446352e-05,0.10364932954957254,0.024568730781572738,25,10,10
41,2884,0.8747038052601747,5.0281118475583404e-05,0.12389132634659504,0.0013545872747541036,25,10,10
41,2885,0.8907460417058979,6.030277244206835e-07,0.10924333817999386,1.0017086383335507e-05,25,10,10
41,2886,0.8917410028567297,2.2199070244212373e-06,0.10794298137579492,0.000313795860450655,25,10,10
41,2887,0.881708611912268,0.00019149664991966904,0.11523598798111716,0.002863903456695137,25,10,10
41,2888,0.8928392575963633,1.1071331950392714e-05,0.09492032910977803,0.012229341961908386,25,10,10
41,2889,0.9059544992115885,1.0889790071389988e-05,0.09126038489039354,0.0027742261079460777,25,10,10
41,2890,0.8847036770083316,8.196987219231237e-06,0.11523403673114725,5.4089273301567734e-05,25,10,10
41,2891,0.9264415479386954,1.598071404483474e-05,0.07197555290976473,0.0015669184374947618,25,10,10
41,2892,0.951665688560189,8.842996864128399e-07,0.04248602204461873,0.005847405095505876,25,10,10
41,2893,0.9372586250872621,6.340531496439864e-06,0.062494358939853285,0.0002406754413881581,25,10,10
41,2894,0.944145374321583,6.948555924618701e-06,0.05307277714296665,0.0027748999795266264,25,10,10
41,2895,0.9304551749423386,3.1468750600543033e-06,0.06503846649140813,0.004503211691193491,25,10,10
41,2896,0.9262029971767114,2.031444784810144e-06,0.07132246339971712,0.0024725079787863533,25,10,10
41,2897,0.8911418680178292,0.0003727387052431734,0.10208292824910853,0.006402465027819129,25,10,10
41,2898,0.9531029592964069,4.8531178041239454e-06,0.038969317128723556,0.00792287045706558,25,10,10
41,2899,0.8739314718798434,4.683878324452989e-06,0.12600568366915296,5.8160572677471964e-05,25,10,10
41,2900,0.8766020950866548,5.460036528695549e-06,0.12191286007154782,0.0014795848052683127,25,10,10
41,2901,0.9393167142352528,2.6935050618233607e-06,0.06064975106993493,3.084118975076811e-05,25,10,10
41,2902,0.8769194897673978,2.9365246789711276e-06,0.1204289427492186,0.0026486309587040874,25,10,10
41,2903,0.8752501949149111,2.5224037885329594e-06,0.12469648341941882,5.079926188139788e-05,25,10,10
41,2904,0.8660130838518002,1.1926542057494503e-05,0.13369590791789995,0.00027908168824268504,25,10,10
41,2905,0.9331448348864785,1.826487899630459e-05,0.06682775788494494,9.142349580061965e-06,25,10,10
41,2906,0.8717539008781054,0.00010823624294884833,0.12319403712915764,0.0049438257497878765,25,10,10
41,2907,0.8456936627906518,0.00038439602149454595,0.15365250341979445,0.0002694377680597434,25,10,10
41,2908,0.8619191795678087,0.00027462877742900476,0.13747661254849083,0.00032957910627143564,25,10,10
41,2909,0.8728569579013691,2.2260139512019674e-05,0.12668248711856517,0.00043829484055412185,25,10,10
41,2910,0.8935966343657475,3.140351511528839e-05,0.10588803137429598,0.0004839307448413555,25,10,10
41,2911,0.8160907654543837,5.105872296375226e-06,0.1801651988373917,0.003738929835928378,25,10,10
41,2912,0.845719101511684,4.953171846737851e-06,0.15053614551682293,0.0037397997996462535,25,10,10
41,2913,0.8176344761513964,5.601921148653307e-06,0.15138341122625187,0.03097651070120251,25,10,10
41,2914,0.8477748254344415,4.831021082702029e-06,0.12455458914799003,0.02766575439648423,25,10,10
41,2915,0.8418428300545053,6.667176054688443e-07,0.1200197215838987,0.03813678164399042,25,10,10
41,2916,0.9294125565902877,3.149992877777018e-07,0.031055187182917457,0.03953194122750741,25,10,10
41,2917,0.9182458531571056,7.1593914167703085e-06,0.042137684551323044,0.0396093029001547,25,10,10
41,2918,0.9230701479258712,1.9080596656627477e-05,0.05217878341135135,0.024731988066120047,25,10,10
41,2919,0.8850106549853871,4.4225372033220227e-07,0.07504543723415065,0.03994346552674177,25,10,10
41,2920,0.8186194990149803,2.1656194723785904e-05,0.1386330441057911,0.042725800684505454,25,10,10
41,2921,0.805644386678232,1.863202471622087e-05,0.15269241514039383,0.04164456615665815,25,10,10
41,2922,0.8268083045510619,3.1228582210830775e-05,0.10400531181640531,0.06915515505032156,25,10,10
41,2923,0.8091214890534144,2.1384248160640263e-06,0.12162570463871093,0.06925066788305982,25,10,10
41,2924,0.818982202244706,4.891433962994678e-05,0.11114868440676584,0.06982019900889917,25,10,10
41,2925,0.8739479752721896,3.7930748159003904e-05,0.0650109215857662,0.06100317239388535,25,10,10
41,2926,0.8311254534621715,2.0473075031044053e-05,0.1006036214175087,0.06825045204528926,25,10,10
41,2927,0.7474533004835747,2.153530578556389e-05,0.1819587700889759,0.07056639412166223,25,10,10
41,2928,0.7981809538340253,5.0306207456277474e-05,0.13806308238327297,0.0637056575752457,25,10,10
41,2929,0.7527269943688545,5.607989362334201e-05,0.19867663769776914,0.04854028803975281,25,10,10
41,2930,0.7796231142512966,6.507815914931494e-06,0.18662946358677124,0.03374091434601694,25,10,10
41,2931,0.7683228348058985,8.942820133154726e-07,0.18711615853625685,0.044560112375831726,25,10,10
41,2932,0.7890487527925885,2.6379154862551143e-06,0.16776979302341416,0.04317881626851088,25,10,10
41,2933,0.681921096370138,0.0006158688079713132,0.26398533153692744,0.053477703284961604,25,10,10
41,2934,0.8393366050138816,7.771996398552944e-06,0.1178469939613118,0.04280862902840766,25,10,10
41,2935,0.8222216580953963,5.853524896091195e-07,0.13766074562757064,0.04011701092454345,25,10,10
41,2936,0.8662366698862896,4.880592742434208e-07,0.09365957956354994,0.040103262490886325,25,10,10
41,2937,0.8234545126656346,1.4977814454395011e-05,0.13642936130850056,0.04010114821141033,25,10,10
41,2938,0.8725788369510158,3.898749782566334e-07,0.08740584590673746,0.04001492726726865,25,10,10
41,2939,0.839922406547908,3.2005046462148412e-06,0.14716519095198735,0.012909201995457378,25,10,10
41,2940,0.8592718655031897,1.1164664951833423e-06,0.14068075693947876,4.6261090835975816e-05,25,10,10
41,2941,0.9409578389877606,4.432731992640744e-06,0.05897366208555441,6.40661946924987e-05,25,10,10
41,2942,0.9542299740840663,5.469047664762826e-06,0.04570652360136216,5.80332669065408e-05,25,10,10
41,2943,0.8775150891248937,1.85557860866634e-05,0.11862529654645979,0.0038410585425597914,25,10,10
41,2944,0.9148106866646103,7.553145599499345e-06,0.08143803358227736,0.003743726607512512,25,10,10
41,2945,0.9446394367479996,5.655354306808522e-07,0.05062245299326809,0.004737544723301703,25,10,10
41,2946,0.9346327266952804,0.0006827537885058435,0.06183866802925061,0.002845851486963208,25,10,10
41,2947,0.935844636295476,0.0006934489137731328,0.06196380858724349,0.001498106203507799,25,10,10
41,2948,0.9091980805734963,0.0007192841214106792,0.09002365688971191,5.897841538083404e-05,25,10,10
41,2949,0.8353984795458973,0.00016597374514068654,0.15801576715553883,0.006419779553423702,25,10,10
41,2950,0.761680834684094,0.0001742361244252045,0.2313228634156102,0.0068220657758714,25,10,10
41,2951,0.8038932826938978,1.3373638004705721e-05,0.19150670383774063,0.0045866398303559645,25,10,10
41,2952,0.8425555934005282,3.2584612380759293e-06,0.1538323899031813,0.003608758235052237,25,10,10
41,2953,0.9177195109393356,3.7708747385497477e-05,0.08214623158177668,9.65487315022244e-05,25,10,10
41,2954,0.9249572948753255,4.878848041531733e-05,0.07483157526486346,0.00016234137939529443,25,10,10
41,2955,0.9121862411417395,4.7440129859767064e-05,0.08384081145097774,0.00392550727742366,25,10,10
41,2956,0.9580103325425129,5.6280201385457926e-08,0.038991300523193384,0.002998310654092514,25,10,10
41,2957,0.8918519766062978,6.9515896269075e-06,0.10632132356763771,0.0018197482364371755,25,10,10
41,2958,0.8890224805459416,6.922192739805882e-06,0.11063173430028454,0.00033886296103456594,25,10,10
41,2959,0.8843858870971809,7.664939498863658e-06,0.11534316396356732,0.0002632839997528763,25,10,10
41,2960,0.88382075656211,3.1606486200216455e-06,0.11589582001969179,0.0002802627695789373,25,10,10
41,2961,0.8540810910529385,2.8052075813060326e-05,0.14418831957075906,0.0017025373004902777,25,10,10
41,2962,0.853575602846966,8.172818719005542e-06,0.14408294627578314,0.0023332780585325953,25,10,10
41,2963,0.7993525308587536,3.971143867407155e-05,0.20031621394834295,0.00029154375423030756,25,10,10
41,2964,0.8355969301199008,3.0097772145448468e-05,0.1641825669146162,0.0001904051933372232,25,10,10
41,2965,0.9156091343986571,1.5631460599889821e-06,0.08420354799215274,0.00018575446313023932,25,10,10
41,2966,0.8005547768987519,0.008497145295748538,0.19059940986219484,0.0003486679433045499,25,10,10
41,2967,0.8697305415326022,0.008496202485754303,0.11332654389907565,0.008446712082567844,25,10,10
41,2968,0.8660769308015316,0.008506978213715337,0.1253986596508938,1.743133385846631e-05,25,10,10
41,2969,0.8785129947291189,0.0006253542249957112,0.12072315523387006,0.00013849581201577882,25,10,10
41,2970,0.8998123071400471,2.5506125517051006e-05,0.10006948410563395,9.270262880197812e-05,25,10,10
41,2971,0.9529174241466287,3.4570389792764992e-06,0.04706544679350342,1.367202088872668e-05,25,10,10
41,2972,0.8664688019091413,1.5714705686327705e-06,0.13350477992913895,2.4846691151186673e-05,25,10,10
41,2973,0.8973601726920606,1.0986132972134597e-06,0.10262784619421822,1.0882500423795916e-05,25,10,10
41,2974,0.895501797110239,6.560127107996677e-06,0.10406826767287347,0.00042337508977967445,25,10,10
41,2975,0.8280975132031564,0.0002690260590765288,0.1675804018016162,0.004053058936150499,25,10,10
41,2976,0.8731398116543484,2.1257607220120703e-06,0.1268033626877335,5.4699897196424426e-05,25,10,10
41,2977,0.8631792535354912,2.2050995296396e-06,0.1367633549278594,5.518643712014852e-05,25,10,10
41,2978,0.8485955422921887,5.044823864378058e-07,0.14960064466112202,0.001803308564302387,25,10,10
41,2979,0.821610809246693,1.3499363029933235e-05,0.17816371359221234,0.0002119777980655802,25,10,10
41,2980,0.8432123269636901,3.2479000897933705e-06,0.1567119951885825,7.242994763814819e-05,25,10,10
41,2981,0.8375390726216608,3.550291281129019e-06,0.16019632770455305,0.0022610493825053314,25,10,10
41,2982,0.7511852915960796,3.1840530271423776e-05,0.23603369615235464,0.012749171721294634,25,10,10
41,2983,0.8046212400783158,1.0628954992201804e-05,0.1826004839500074,0.012767647016684798,25,10,10
41,2984,0.8598536378846834,1.7829763718999393e-05,0.12690619171597323,0.013222340635624566,25,10,10
41,2985,0.8477077079107791,1.1672956425277046e-05,0.10922102801219065,0.04305959112060493,25,10,10
41,2986,0.8525892349096909,6.71609001526298e-06,0.10671777066528691,0.040686278335007556,25,10,10
41,2987,0.8466204978841221,3.5063191110409983e-06,0.11356880536787681,0.03980719042888992,25,10,10
41,2988,0.8148858042364983,2.871046456986811e-06,0.13718882611493427,0.04792249860211007,25,10,10
41,2989,0.7835794464118259,7.777695581536855e-05,0.13692968774174857,0.07941308889061094,25,10,10
41,2990,0.8528055546936156,1.0111603931324826e-05,0.08286234646547937,0.06432198723697392,25,10,10
41,2991,0.8707201103090858,3.860238806250256e-06,0.06561205195093164,0.06366397750117632,25,10,10
41,2992,0.7801918529995915,7.252536271214714e-05,0.14051049559581333,0.079225126041882,25,10,10
41,2993,0.7346523168720779,3.58551069732584e-05,0.18590716269718935,0.07940466532375974,25,10,10
41,2994,0.7622226071355375,7.098618099131447e-05,0.1599733061161661,0.0777331005673064,25,10,10
41,2995,0.8590167206810188,1.0039946432164838e-06,0.05989207498027734,0.081090200344061,25,10,10
41,2996,0.8788465675427496,1.8746429767273434e-06,0.0749606748961898,0.046190882918083445,25,10,10
41,2997,0.85422887393329,1.6653046130176099e-06,0.09954265405152611,0.04622680671057133,25,10,10
41,2998,0.7626298100398169,1.6583122412500946e-05,0.1952835755928586,0.04207003124491063,25,10,10
41,2999,0.8229576247814204,1.4311354890280126e-05,0.13449890613202686,0.04252915773166238,25,10,10
41,3000,0.8831647646273825,1.0777404454626085e-06,0.08510486265381889,0.031729294978353036,25,10,10
41,3001,0.8547466448345883,6.273844989466304e-06,0.1038061788247505,0.04144090249567199,25,10,10
41,3002,0.9240232736874165,5.040321621902601e-06,0.03598496957060608,0.039986716420355825,25,10,10
41,3003,0.9242349613305672,9.31703439710789e-07,0.03573523952462791,0.040028867441365384,25,10,10
41,3004,0.8560202288613997,3.935354088967802e-05,0.1038035157916003,0.040136901806110216,25,10,10
41,3005,0.8583018232663897,2.1618395820922686e-06,0.10612152350302961,0.03557449139099702,25,10,10
41,3006,0.8371998416722465,1.3162533634180443e-06,0.1291304986088054,0.033668343465583644,25,10,10
41,3007,0.80618320484493,1.1119275558232851e-05,0.18445755711074463,0.00934811876876661,25,10,10
41,3008,0.7441099432745911,9.790221023994708e-06,0.215841414892474,0.040038851611909065,25,10,10
41,3009,0.7263256334245299,3.346315703012607e-06,0.1725504855094806,0.1011205347502862,25,10,10
41,3010,0.7629632483763069,1.247210802766395e-06,0.15702719917696661,0.080008305235923,25,10,10
41,3011,0.7583822713950285,1.3724472205671359e-05,0.13810600933578213,0.10349799479698359,25,10,10
41,3012,0.7751581958865132,1.0165348658830004e-06,0.1605057466802947,0.0643350408983258,25,10,10
41,3013,0.7790683703654099,2.2903892225693876e-06,0.15373315587966924,0.06719618336569871,25,10,10
41,3014,0.8036434921320051,4.254827119146666e-05,0.12892687866150454,0.0673870809352997,25,10,10
41,3015,0.8198824446498566,7.200563370314877e-05,0.15261019695295924,0.027435352763481604,25,10,10
41,3016,0.7804359975029773,8.207131810170046e-07,0.1795901982244078,0.03997298355943304,25,10,10
41,3017,0.7949590254122982,1.2353440288908812e-06,0.1971932155975476,0.00784652364612553,25,10,10
41,3018,0.8361957929787031,8.017253893734185e-06,0.15578676892764162,0.008009420839762048,25,10,10
41,3019,0.8740213493102709,1.679846343145805e-05,0.0839318481481622,0.04203000407813508,25,10,10
41,3020,0.8795802540207959,8.005236258151967e-06,0.08024968575295732,0.04016205498998897,25,10,10
41,3021,0.9050077926318112,8.006836813679393e-06,0.054943104570302465,0.0400410959610731,25,10,10
41,3022,0.8431282061330161,1.686720149621011e-05,0.116984612210729,0.03987031445475877,25,10,10
41,3023,0.8629121511001785,2.3118826194972552e-05,0.09306744675664204,0.04399728331698489,25,10,10
41,3024,0.8655948322429694,3.991717064697339e-05,0.0945411815334778,0.03982406905290559,25,10,10
41,3025,0.8614463589722686,1.9996635687687714e-06,0.0984482265771583,0.04010341478700472,25,10,10
41,3026,0.8795271278527241,2.984562418606253e-05,0.08008742172412146,0.04035560479896924,25,10,10
41,3027,0.8843830979626663,1.826127675275154e-05,0.07556159144373917,0.040037049316842196,25,10,10
41,3028,0.8673268374193546,6.164388788892045e-06,0.09139357832405935,0.04127341986779709,25,10,10
41,3029,0.8209549491721165,1.170769971142475e-05,0.1314090047080223,0.04762433842014933,25,10,10
41,3030,0.8125279232039463,0.0006376081508848506,0.1472241717180874,0.03961029692708042,25,10,10
41,3031,0.8546843780644917,1.917284008806815e-05,0.10570107766735819,0.03959537142806153,25,10,10
41,3032,0.7376153366248062,2.7223790296002397e-05,0.22673328742431573,0.03562415216058243,25,10,10
41,3033,0.7750973907527997,2.019956651008531e-06,0.12996117518047562,0.09493941411007337,25,10,10
41,3034,0.7958834077279908,2.0677101197502256e-06,0.15661823646869075,0.04749628809319905,25,10,10
41,3035,0.7381517877535273,1.0091840567262027e-05,0.2186540164464181,0.043184103959487435,25,10,10
41,3036,0.7784613484283628,1.2755171173479724e-05,0.18044779165317354,0.04107810474728992,25,10,10
41,3037,0.8762526224533842,0.0001168978411611875,0.09149668926389429,0.03213379044156032,25,10,10
41,3038,0.7767347297362643,0.00014796509386352173,0.18291049938665768,0.040206805783213964,25,10,10
41,3039,0.7464742653733103,0.00016515268281181862,0.2129972251793466,0.04036335676453027,25,10,10
41,3040,0.7850778563035401,0.00011821587647170703,0.17390671484229056,0.04089721297769665,25,10,10
41,3041,0.8267678397719515,0.00016703821303554582,0.14131095014374925,0.03175417187126353,25,10,10
41,3042,0.8150133938920454,0.00022574883095311207,0.1525223176819061,0.03223853959509528,25,10,10
41,3043,0.8178800240557552,0.00013980419305043736,0.14184413220707442,0.04013603954412086,25,10,10
41,3044,0.7721977751658238,0.00014909328933079187,0.18345158997398553,0.044201541570859655,25,10,10
41,3045,0.6790264423358454,1.9189309939017223e-05,0.24925781285300466,0.07169655550120914,25,10,10
41,3046,0.7809842875143923,1.4053736402261784e-05,0.14740329295430235,0.07159836579490263,25,10,10
41,3047,0.8100485415657439,1.943935817762081e-06,0.11194226582407214,0.07800724867436673,25,10,10
41,3048,0.8022282999773647,3.10026473138449e-06,0.11783751569465631,0.07993108406324856,25,10,10
41,3049,0.8078652000407938,1.1651977798610362e-05,0.1120102796534168,0.08011286832799101,25,10,10
41,3050,0.7459898973446606,7.743923379549317e-05,0.1739899116983224,0.0799427517232226,25,10,10
41,3051,0.7876665341010852,0.00048189888666666915,0.13215304047906581,0.07969852653318285,25,10,10
41,3052,0.8628825277351728,0.00042483279228400797,0.08520901097678092,0.05148362849576225,25,10,10
41,3053,0.8831026967526691,0.0004325819633739553,0.06542404671750815,0.051040674566448195,25,10,10
41,3054,0.8781899334977417,0.00046141164503315146,0.09049884850822412,0.030849806349000985,25,10,10
41,3055,0.8096748784579799,3.941868912452734e-05,0.15948639509789314,0.030799307755001323,25,10,10
41,3056,0.8721579794959906,3.3643635588112134e-07,0.08814586456332821,0.03969581950432568,25,10,10
41,3057,0.9082192116278381,1.75693281137772e-06,0.09174588046207574,3.3150977274655446e-05,25,10,10
41,3058,0.8991122883920803,3.1629797106294365e-07,0.0949959373117564,0.005891457998192236,25,10,10
41,3059,0.8691342007031416,1.990387409748929e-07,0.12496067531843315,0.005904924939684081,25,10,10
41,3060,0.8763156605254566,2.979189016635163e-06,0.1176995118972314,0.005981848388294202,25,10,10
41,3061,0.9485576811982911,8.487945523674066e-06,0.05142554485249499,8.286003689908229e-06,25,10,10
41,3062,0.8550446443166331,0.00029411387702758855,0.11894637618340355,0.025714865622935366,25,10,10
41,3063,0.8415525300081912,0.0002903425146786769,0.1323984176404554,0.025758709836675307,25,10,10
41,3064,0.8395357260110394,1.593648788817212e-06,0.13445498196855485,0.02600769837161717,25,10,10
41,3065,0.833923330542803,4.966686439148502e-06,0.16576598951273055,0.0003057132580274896,25,10,10
41,3066,0.8331620015714339,2.2088956344807066e-06,0.1666381549626766,0.00019763457025416458,25,10,10
41,3067,0.8087824276807496,4.63624544765591e-05,0.18922221906001835,0.001948990804755606,25,10,10
41,3068,0.883022334391093,5.0720109999103365e-06,0.11690288532944054,6.970826846565631e-05,25,10,10
41,3069,0.8976291483791076,1.0158249375952958e-06,0.062347126921714464,0.04002270887423975,25,10,10
41,3070,0.8663957206741401,0.0002238335368625621,0.09336243756150374,0.04001800822749339,25,10,10
41,3071,0.8530566682210627,0.00022365290428915844,0.1068398022731329,0.03987987660151554,25,10,10
41,3072,0.832901236637113,0.0002261215381371147,0.15449056717403198,0.0123820746507178,25,10,10
41,3073,0.8904067136603524,8.960147164290549e-06,0.10954916539227279,3.5160800210008704e-05,25,10,10
41,3074,0.891212465015635,7.405560126437903e-05,0.10861052898336095,0.00010295039973944055,25,10,10
41,3075,0.9448434399402896,5.063820053792683e-07,0.05501676574558633,0.00013928793211906814,25,10,10
41,3076,0.8230652964083714,1.7047719956710122e-05,0.17688250948429357,3.514638737818273e-05,25,10,10
41,3077,0.7558320879549842,1.7727947303187887e-05,0.24190118577899467,0.002248998318717638,25,10,10
41,3078,0.8158098681261723,3.763308420780328e-05,0.18346252016158085,0.0006899786280385588,25,10,10
41,3079,0.8228164964815697,3.8515117155679275e-05,0.17642007668123194,0.0007249117200427311,25,10,10
41,3080,0.8113140312968099,3.176843792519843e-05,0.18792183087303857,0.0007323693922285146,25,10,10
41,3081,0.9009582749076986,6.40830059168993e-05,0.09896315285681417,1.448922957055466e-05,25,10,10
41,3082,0.9370095442224716,8.46980281202633e-07,0.0627897261350728,0.0001998826621751025,25,10,10
41,3083,0.8748386907735501,0.0003002841731585221,0.12472879329381188,0.00013223175947895972,25,10,10
41,3084,0.8835461315706173,1.9442297736449805e-05,0.116272175047913,0.00016225108373235802,25,10,10
41,3085,0.868325869763998,1.9233568870294658e-05,0.13121197272234889,0.00044292394478239106,25,10,10
41,3086,0.8242687863947943,6.972346693830156e-06,0.16863462840548987,0.00708961285302124,25,10,10
41,3087,0.8896502320856539,2.9052807097125023e-06,0.11023042621347624,0.00011643642016011232,25,10,10
41,3088,0.910994412931926,1.4874911602731921e-06,0.08892576070492514,7.83388719888121e-05,25,10,10
41,3089,0.9291651983904518,0.0003465660014887117,0.0704080373047286,8.019830333145148e-05,25,10,10
41,3090,0.9139828473963445,4.860740723729817e-07,0.08560428142821085,0.0004123851013715698,25,10,10
41,3091,0.8817053517272576,1.2319831156265332e-06,0.10364895105925526,0.014644465230371172,25,10,10
41,3092,0.8460928899926039,6.47060600132111e-06,0.12059903085734332,0.03330160854405093,25,10,10
41,3093,0.7945969956788708,2.557309947115509e-07,0.16518953395317287,0.04021321463696165,25,10,10
41,3094,0.8962040682860029,7.731054694991595e-07,0.074715323746713,0.02907983486181452,25,10,10
41,3095,0.8673862660152042,1.2070349758286769e-05,0.09020832093463081,0.04239334270040633,25,10,10
41,3096,0.8811312090198886,1.1016349998828946e-06,0.0756493524715228,0.0432183368735883,25,10,10
41,3097,0.860431977735804,1.2164784337628967e-06,0.09806230247551476,0.04150450331024742,25,10,10
41,3098,0.8791394077974148,2.509909092122329e-05,0.07794403903029243,0.04289145408137125,25,10,10
41,3099,0.8495984617132853,2.5839015770775627e-05,0.11028486725810151,0.04009083201284226,25,10,10
41,3100,0.8644816484619233,1.977209387203086e-06,0.11003761433232138,0.025478759996368415,25,10,10
41,3101,0.8413197422489196,2.0621840325176327e-05,0.13021580824032447,0.028443827670430726,25,10,10
41,3102,0.8760097351367512,1.9699258650878204e-05,0.08189738504627223,0.042073180558325395,25,10,10
41,3103,0.8852938846224909,5.850997668661512e-06,0.07457389174833655,0.04012637263150398,25,10,10
41,3104,0.8617002076186648,1.5842711997348115e-06,0.09830356870969253,0.039994639400442546,25,10,10
41,3105,0.8220138436754425,1.8936374132207612e-06,0.15265712403407258,0.025327138653072224,25,10,10
41,3106,0.7961317070826843,6.072892776140146e-06,0.1763365135576165,0.02752570646692162,25,10,10
41,3107,0.7959622643672656,1.812717693537203e-05,0.16405598854129536,0.039963619914503645,25,10,10
41,3108,0.8369204442766717,2.1780168885771587e-05,0.12303286422333003,0.0400249113311129,25,10,10
41,3109,0.8417119060180063,1.8045570919194906e-06,0.11831054646395797,0.0399757429609441,25,10,10
41,3110,0.8498656869952987,4.217115596690982e-07,0.10830131494133612,0.04183257635180575,25,10,10
41,3111,0.8575897111898715,6.454385730836819e-06,0.10045078938951052,0.0419530450348869,25,10,10
41,3112,0.8695927810899926,1.4952575097418072e-05,0.09311023431169022,0.03728203202322019,25,10,10
41,3113,0.8999046393611225,2.2594636300823114e-06,0.06014926439349035,0.03994383678175726,25,10,10
41,3114,0.9066016174280618,6.129165983297118e-07,0.06590452459460505,0.02749324506073517,25,10,10
41,3115,0.901542919557051,3.6181533209279665e-06,0.07002228889484542,0.028431173394782454,25,10,10
41,3116,0.8920803633365169,4.330748559511975e-06,0.07918623208006495,0.028729073834858468,25,10,10
41,3117,0.8456149535873041,4.5027566128755785e-07,0.12657762851214172,0.027806967624893292,25,10,10
41,3118,0.8341426278651147,1.3212659761783148e-06,0.16555174440220527,0.0003043064667041253,25,10,10
41,3119,0.906724816717809,6.657443156383122e-06,0.09304674849695722,0.00022177734207656503,25,10,10
41,3120,0.9193273390259923,8.179381700865028e-06,0.08039551609381565,0.00026896549849059816,25,10,10
41,3121,0.9086305075316752,6.51088996835938e-07,0.09103925484157577,0.00032958653775244634,25,10,10
41,3122,0.9159891050688133,6.498120741795346e-06,0.08396449217995439,3.990463048972742e-05,25,10,10
41,3123,0.91517159712151,2.1823323916789734e-05,0.08464012029814663,0.000166459256426181,25,10,10
41,3124,0.9659876308087889,1.4211936701931416e-05,0.03388132236488246,0.0001168348896267254,25,10,10
41,3125,0.9462154773483689,9.124271485441708e-07,0.05368561657468338,9.799364979937884e-05,25,10,10
41,3126,0.9128600400452817,4.3139167498916967e-07,0.08706595735015137,7.357121289181795e-05,25,10,10
41,3127,0.9191708604075948,4.4259636397475094e-05,0.08065558471019937,0.00012929524580866482,25,10,10
41,3128,0.863960695117184,6.326464138674644e-06,0.1350415961084898,0.0009913823101882666,25,10,10
41,3129,0.8432656831468353,8.267982871344792e-06,0.15667818478468049,4.786408561331526e-05,25,10,10
41,3130,0.8957225582124931,9.008469496637312e-06,0.10387208373214386,0.00039634958586700063,25,10,10
41,3131,0.9059713830788766,3.6195294280380405e-07,0.0889738676928724,0.005054387275308835,25,10,10
41,3132,0.9518479841861414,4.434035170534591e-07,0.047969468096834895,0.00018210431350657375,25,10,10
41,3133,0.9754918725533678,1.677888565952012e-06,0.02447576240397555,3.068715408988083e-05,25,10,10
41,3134,0.9589519774546551,2.0829008595364423e-06,0.04088350701892307,0.00016243262556195372,25,10,10
41,3135,0.9773045667102122,1.0525599290890086e-05,0.022661901591414953,2.30060990812279e-05,25,10,10
41,3136,0.898635564030687,0.0001511796418738871,0.10113689097766074,7.636534977806071e-05,25,10,10
41,3137,0.8895669779960171,0.0001430052901124014,0.11025865297058188,3.1363743288680264e-05,25,10,10
41,3138,0.796934404051821,5.571404279781382e-05,0.2029234278164154,8.645408896497851e-05,25,10,10
41,3139,0.8532850498268405,6.415642836125978e-05,0.14655182399015132,9.896975464663547e-05,25,10,10
41,3140,0.871518475952561,1.6808430256908852e-05,0.12742219460247126,0.0010425210147106767,25,10,10
41,3141,0.856624235670513,1.5191069683924462e-05,0.13710319863722942,0.006257374622573408,25,10,10
41,3142,0.8834872521682948,1.5186004028743673e-05,0.09118809044419281,0.02530947138348397,25,10,10
41,3143,0.8578990739941807,1.3125704328726105e-05,0.09968468804020095,0.0424031122612904,25,10,10
41,3144,0.7690487625898516,1.4538672526895963e-05,0.17378507009390923,0.057151628643711934,25,10,10
41,3145,0.7459062608521977,1.1230086891922154e-05,0.1733258141672751,0.08075669489363531,25,10,10
41,3146,0.7838646097976042,0.00040154445305536177,0.15776693846691653,0.05796690728242334,25,10,10
41,3147,0.79194842849982,3.28165038289436e-06,0.13710194902518477,0.07094634082461243,25,10,10
41,3148,0.8246338349117857,8.619740264308048e-06,0.10433006707146567,0.0710274782764841,25,10,10
41,3149,0.7717039015000802,7.478401901917617e-06,0.1570843918664066,0.07120422823161132,25,10,10
41,3150,0.846263579142839,7.4803642436625055e-06,0.12249477061198587,0.031234169880931,25,10,10
41,3151,0.8397183551577805,1.5763712082525643e-05,0.12041958625924032,0.03984629487089685,25,10,10
41,3152,0.8411906607314813,1.5474108401973705e-05,0.1191006673729442,0.03969319778717297,25,10,10
41,3153,0.8691246988041683,1.5378862278193503e-06,0.12426589846050053,0.006607864849102379,25,10,10
41,3154,0.9216908362955982,2.9659575174716106e-06,0.07788494537161646,0.0004212523752676707,25,10,10
41,3155,0.9028979113687841,2.4578228060919085e-06,0.09677378355105573,0.0003258472573543455,25,10,10
41,3156,0.9092428514005766,4.338169807465484e-06,0.0903600840705126,0.0003927263591034256,25,10,10
41,3157,0.8548733515781586,1.3290765557945001e-05,0.14477596734122802,0.0003373903150560777,25,10,10
41,3158,0.8987530899042382,4.19686261229053e-06,0.10082941771301027,0.00041329552013897507,25,10,10
41,3159,0.8639275459979366,9.211516358190068e-07,0.1350420340607058,0.001029498789721224,25,10,10
41,3160,0.83260118371505,1.785894570442129e-06,0.1627808799710192,0.004616150419359534,25,10,10
41,3161,0.8785869927063756,1.1091243667152124e-06,0.12118794000642595,0.00022395816283197868,25,10,10
41,3162,0.8493861819585469,6.935268711799237e-06,0.15019770273674504,0.00040918003599662905,25,10,10
41,3163,0.8596373082209101,2.2510324082847314e-06,0.13969276802126682,0.0006676727254143968,25,10,10
41,3164,0.9172479715743799,2.156301483644475e-06,0.08247099279018717,0.0002788793339489646,25,10,10
41,3165,0.8795485403390029,3.482833821614081e-05,0.11786168314772427,0.0025549481750558284,25,10,10
41,3166,0.8720459950737962,0.00043548065953542066,0.12743085107503396,8.76731916335419e-05,25,10,10
41,3167,0.8685266340989396,1.5772113601915754e-05,0.13089304712348462,0.0005645466639745303,25,10,10
41,3168,0.8321831134945903,1.545870747356262e-05,0.16736588774382052,0.00043554005411626295,25,10,10
41,3169,0.8421502239812226,1.4351561090395598e-05,0.15761765005297287,0.00021777440471478125,25,10,10
41,3170,0.8774800121423029,6.104529413358334e-07,0.12246125791663545,5.811948811978128e-05,25,10,10
41,3171,0.8392232328137057,2.66199402742141e-06,0.15854393255478993,0.0022301726374772774,25,10,10
41,3172,0.8759640112887399,7.681338499181452e-05,0.1199159595528041,0.004043215773463661,25,10,10
41,3173,0.8320667295596497,9.120074059328793e-06,0.16354963220802868,0.004374518158261841,25,10,10
41,3174,0.8526122645627098,0.0006369307378912614,0.12664730918427008,0.020103495515129233,25,10,10
41,3175,0.8989470964727597,0.0006843005546622957,0.08048230776750177,0.019886295205076253,25,10,10
41,3176,0.8781458225751944,5.344391714611574e-05,0.11506878197396617,0.006731951533693243,25,10,10
41,3177,0.8374572042440626,5.635715176454138e-05,0.15427896480695985,0.008207473797214454,25,10,10
41,3178,0.8785307945528189,8.878362169944188e-06,0.0813466925004093,0.04011363458460223,25,10,10
41,3179,0.8423488400372189,2.7827955611573213e-05,0.11737054337701627,0.04025278863015364,25,10,10
41,3180,0.8210586394529112,2.056644864508793e-05,0.13899273970344297,0.03992805439500127,25,10,10
41,3181,0.8483630674627918,6.791942799370422e-06,0.11196264879446886,0.03966749179993998,25,10,10
41,3182,0.8632942170323693,6.556795858566002e-06,0.11241328207584264,0.024285944095929445,25,10,10
41,3183,0.9163432636529488,5.4200122799760774e-05,0.08337936013074958,0.00022317609350192547,25,10,10
41,3184,0.9582527786667648,9.737671874741108e-08,0.04164208384666513,0.00010504010985103831,25,10,10
41,3185,0.8922016694165928,2.8393656875564322e-05,0.10749952543451574,0.00027041149201652905,25,10,10
41,3186,0.7889359364922569,6.383294759874813e-06,0.21045507626007132,0.0006026039529113948,25,10,10
41,3187,0.7882270580390274,6.266319156083099e-06,0.20986637423784668,0.0019003014039691056,25,10,10
41,3188,0.8239306324677277,1.6999828725260053e-06,0.1759011672515167,0.00016650029788279098,25,10,10
41,3189,0.8419895338397532,1.2081900287108909e-05,0.1578319941549268,0.00016639010503230806,25,10,10
41,3190,0.911828959012244,4.307994102050285e-07,0.08805802828308197,0.00011258190526357675,25,10,10
41,3191,0.9415725752605226,9.251350949561111e-07,0.058397785835409256,2.8713768973107444e-05,25,10,10
41,3192,0.8640821038853109,7.814422353766944e-06,0.13587214125773323,3.794043460157156e-05,25,10,10
41,3193,0.8953739037049931,4.745820143704325e-06,0.10448922337859186,0.000132127096271888,25,10,10
41,3194,0.8669771814855831,1.2308911728299625e-05,0.1325439223759072,0.0004665872267811767,25,10,10
41,3195,0.902882235939867,2.5580368515760383e-05,0.09704164199220033,5.054169941711952e-05,25,10,10
41,3196,0.898928181097234,9.220938555742327e-06,0.1010226058674843,3.9992096726698516e-05,25,10,10
41,3197,0.9086762918013107,9.18967760710296e-06,0.09125478931923264,5.972920184948888e-05,25,10,10
41,3198,0.8853181103353488,1.0124929693419266e-05,0.1143486960606003,0.0003230686743574593,25,10,10
41,3199,0.9110260914806838,1.031416155284148e-05,0.08853630637476108,0.00042728798300218073,25,10,10
41,3200,0.9283574187293309,2.2456338391297195e-05,0.0692096222018978,0.0024105027303800903,25,10,10
41,3201,0.9350950449233807,3.5039199348205716e-05,0.06485849956059984,1.1416316671323001e-05,25,10,10
41,3202,0.9323119771127605,5.875819469767379e-06,0.06767399823133834,8.148836431362412e-06,25,10,10
41,3203,0.8628060390738942,5.123616692293673e-06,0.13718276957368905,6.067735725086741e-06,25,10,10
41,3204,0.8058536808594677,6.139306354159148e-06,0.19148725264895933,0.002652927185219746,25,10,10
41,3205,0.9065956095924355,7.070582958950901e-07,0.09332988547909926,7.37978701698439e-05,25,10,10
41,3206,0.8706486356644448,1.4263477918585077e-05,0.12932696409467828,1.0136762958370612e-05,25,10,10
41,3207,0.8747221354019574,2.7039285292643408e-05,0.12486873109919458,0.0003820942135553208,25,10,10
41,3208,0.877490297573151,9.380397371872515e-06,0.12210600266859545,0.00039431936088175646,25,10,10
41,3209,0.8573632459265003,9.044585624432874e-06,0.10287651770145301,0.039751191786422405,25,10,10
41,3210,0.8867100273481331,1.724364240639448e-05,0.07113961728729097,0.042133111722169075,25,10,10
41,3211,0.8617795407442866,2.0031252886865245e-05,0.09536271016116762,0.04283771784165816,25,10,10
41,3212,0.816331728729957,0.0007521919582048996,0.1425264900927559,0.04038958921908224,25,10,10
41,3213,0.8243991234364891,0.00971716032778266,0.0989272636969937,0.06695645253873451,25,10,10
41,3214,0.7458869193565576,0.021870749546770103,0.15267453967952002,0.07956779141715258,25,10,10
41,3215,0.759905669661014,0.02177480234380968,0.13907952523409817,0.0792400027610783,25,10,10
41,3216,0.8309345923462581,0.011636238897826374,0.08091551017321016,0.07651365858270535,25,10,10
41,3217,0.8063160613958692,0.011643728481358027,0.10265988179234126,0.07938032833043207,25,10,10
41,3218,0.8846379676931404,1.082606440821484e-05,0.06306019332434432,0.05229101291810722,25,10,10
41,3219,0.8373245039256809,1.2783340889288829e-05,0.12255274272780105,0.0401099700056292,25,10,10
41,3220,0.9074180726820096,1.1785730561584714e-05,0.05250674546415413,0.040063396123274676,25,10,10
41,3221,0.8668056605390788,1.4056908805560286e-05,0.0932367299502814,0.03994355260183422,25,10,10
41,3222,0.828830235677496,5.7782602092834e-06,0.12277262548405413,0.04839136057824001,25,10,10
41,3223,0.8382092941093849,2.2655019539220343e-06,0.12434830697970455,0.037440133408956314,25,10,10
41,3224,0.8390287689219222,0.010480741817712308,0.11343845182456383,0.03705203743580173,25,10,10
41,3225,0.7690030311546959,0.03501636800204304,0.14786660807919588,0.04811399276406467,25,10,10
41,3226,0.7762491489522537,0.010637217226643604,0.1713928651796354,0.04172076864146734,25,10,10
41,3227,0.783885312457068,0.03680079222082721,0.1393952141282513,0.03991868119385361,25,10,10
41,3228,0.8286570374331572,0.010304357103018288,0.12060379688561557,0.040434808578209296,25,10,10
41,3229,0.8940631382001161,0.0002482845980642569,0.06601433776175218,0.039674239440067524,25,10,10
41,3230,0.8471674987958617,0.0006699348913014904,0.11242081537841449,0.03974175093442287,25,10,10
41,3231,0.8077376549174651,7.033555810998181e-06,0.19134536954678663,0.0009099419799390278,25,10,10
41,3232,0.8855422702921553,4.078974404580395e-06,0.11354442858174828,0.0009092221516924123,25,10,10
41,3233,0.8575196127244827,1.5177591192857444e-06,0.14037834967284557,0.0021005198435538326,25,10,10
41,3234,0.8665349111211258,1.572836412203526e-06,0.1328502528040375,0.000613263238423713,25,10,10
41,3235,0.9056549776799003,0.00031465101882391795,0.09365108872256406,0.0003792825787114781,25,10,10
41,3236,0.8683875521833372,8.609547277820438e-06,0.1086573391276114,0.022946499141773248,25,10,10
41,3237,0.8350550374394381,0.0007617650340990224,0.13882079767944533,0.025362399847017287,25,10,10
41,3238,0.8571904658431095,0.0007539467769382978,0.14164031174813194,0.0004152756318192398,25,10,10
41,3239,0.8271344146464489,0.0007532655509644996,0.17165059627621068,0.00046172352637554817,25,10,10
41,3240,0.8757280767390954,5.937024423283543e-07,0.12383192078398803,0.0004394087744739664,25,10,10
41,3241,0.8552430997456555,2.755332084339603e-06,0.14402989833137098,0.0007242465908885897,25,10,10
41,3242,0.8812058935219362,8.174711970096348e-05,0.11860730624603605,0.00010505311232662708,25,10,10
41,3243,0.827217805830053,0.00039022167704098887,0.17215681924488815,0.00023515324801775566,25,10,10
41,3244,0.8011284551698654,6.114967240714618e-05,0.17257430978330635,0.026236085374420175,25,10,10
41,3245,0.8647710407656417,2.443246070819358e-06,0.08886570168140702,0.04636081430688001,25,10,10
41,3246,0.8465279600057254,8.215658131576523e-06,0.09337415424763912,0.060089670088503834,25,10,10
41,3247,0.8424064577875661,8.390236461845134e-06,0.11785416561171161,0.03973098636426096,25,10,10
41,3248,0.9093894695334305,1.3389063718426946e-06,0.05108625215483243,0.03952293940536482,25,10,10
41,3249,0.8407734963208074,4.076686487860029e-07,0.1264693309782997,0.032756765032244034,25,10,10
41,3250,0.8915243243551632,5.369724462632119e-07,0.08247957755297414,0.025995561119415943,25,10,10
41,3251,0.8542133883553978,0.0003785131304810331,0.11939211945288271,0.02601597906123865,25,10,10
41,3252,0.8180478396095627,0.0003751633492762096,0.15223245794962323,0.02934453909153754,25,10,10
41,3253,0.909098976803353,1.437092913440713e-06,0.08436458781241518,0.006534998291318078,25,10,10
41,3254,0.9659266008165663,9.89085549714699e-07,0.03074094148679707,0.0033314686110873055,25,10,10
41,3255,0.9062695973872317,1.8973503346912376e-06,0.06516373207537307,0.02856477318706089,25,10,10
41,3256,0.8416794666351173,6.259858740536571e-07,0.11827959537291138,0.040040312006096895,25,10,10
41,3257,0.8463267844607237,5.2629021208965764e-05,0.11344996179709588,0.04017062472097109,25,10,10
41,3258,0.8476432817659427,2.0491345879333957e-05,0.11231818421978515,0.040018042668392664,25,10,10
41,3259,0.8192561795768281,2.8552411193788495e-05,0.14425768113317974,0.03645758687879905,25,10,10
41,3260,0.894497551516822,8.939307359136072e-07,0.0657911299418209,0.039710424610621645,25,10,10
41,3261,0.8713495068597894,8.257641238941706e-07,0.0886149612494547,0.040034706126631577,25,10,10
41,3262,0.8008057375515988,9.274124520189557e-07,0.17155969678444438,0.027633638251504337,25,10,10
41,3263,0.8959210032546061,4.7129967885619333e-07,0.07619028396176505,0.027888241483949652,25,10,10
41,3264,0.9349734951039168,9.477520036906833e-07,0.06007327779718163,0.004952279346897585,25,10,10
41,3265,0.8188171807275327,1.855200885607708e-05,0.17823005390996574,0.0029342133536447382,25,10,10
41,3266,0.8229184439724271,2.579180538410673e-05,0.17682924924602567,0.00022651497616270862,25,10,10
41,3267,0.8618166741209887,2.25168202517082e-05,0.13814523193798048,1.5577120778619955e-05,25,10,10
41,3268,0.8857088850234405,2.2858490561386913e-05,0.11419497067655725,7.328580944104566e-05,25,10,10
41,3269,0.8195844439825134,0.0006750662581885162,0.17271992868742447,0.007020561071874197,25,10,10
41,3270,0.8672871052796829,7.59500029069357e-06,0.12584623907469764,0.006859060645329933,25,10,10
41,3271,0.881528195270265,0.0014830901728292891,0.11689689706198977,9.181749491498254e-05,25,10,10
41,3272,0.8721550079062507,8.217984011982517e-06,0.12752403501748308,0.00031273909225443264,25,10,10
41,3273,0.8865697972377581,1.9417938501916674e-05,0.10993761961974027,0.003473165204000145,25,10,10
41,3274,0.8470046362193159,4.800743620493424e-06,0.15251717287778718,0.00047339015927668496,25,10,10
41,3275,0.9130854911785343,8.611009166024423e-07,0.08654165143531138,0.0003719962852374785,25,10,10
41,3276,0.8250977600936206,4.794362697042701e-06,0.1674573099964784,0.007440135547204354,25,10,10
41,3277,0.8190394575262459,8.781155116871981e-05,0.1801796231341684,0.0006931077884173651,25,10,10
41,3278,0.8077556177400581,2.0150731381037952e-05,0.19001329959483187,0.002210931933729501,25,10,10
41,3279,0.8385660282399925,1.690563022764988e-05,0.16046840033826182,0.0009486657915176157,25,10,10
41,3280,0.8996340386982006,3.5758850744701437e-06,0.09953972699879808,0.0008226584179266035,25,10,10
41,3281,0.858799298264639,1.4909051170872651e-05,0.11378725441473944,0.027398538269450236,25,10,10
41,3282,0.9529008093312785,8.938195856262318e-06,0.04698444769990319,0.00010580477296129206,25,10,10
41,3283,0.9225303440562503,1.4234369035727337e-06,0.07723914731771003,0.00022908518913641304,25,10,10
41,3284,0.9454461328156042,2.2146706618072604e-06,0.054384849541740145,0.00016680297199408217,25,10,10
41,3285,0.9117606834960422,4.028635414557474e-06,0.08814821057995183,8.707728859169119e-05,25,10,10
41,3286,0.9406074085228745,1.3306491335560261e-05,0.05926932616770831,0.0001099588180811411,25,10,10
41,3287,0.8969909017870293,5.9331794904578086e-05,0.102905452821046,4.431359702005908e-05,25,10,10
41,3288,0.9109425325175999,5.638869486432459e-06,0.0890025324123153,4.9296200598194065e-05,25,10,10
41,3289,0.8762145018236496,8.215938744057811e-06,0.08420318981125645,0.039574092426349565,25,10,10
41,3290,0.8634189716310832,2.1721220377160195e-06,0.09703244904857294,0.039546407198305655,25,10,10
41,3291,0.9077545229555877,3.4157332025251224e-05,0.052607473501282975,0.039603846211103536,25,10,10
41,3292,0.8684392319456569,4.491408881406302e-05,0.07226396300000991,0.059251890965519284,25,10,10
41,3293,0.8433273772345715,4.4840431053805644e-05,0.11403456333803325,0.04259321899634127,25,10,10
41,3294,0.8805845135637391,3.638786411659505e-05,0.0830687203701713,0.036310378201973505,25,10,10
41,3295,0.87954668837564,2.514750269325211e-05,0.08407823301107026,0.036349931110596374,25,10,10
41,3296,0.925251060239316,1.4224089414892946e-06,0.03846499843121186,0.03628251892053005,25,10,10
41,3297,0.9229270901143429,8.53802899241643e-07,0.04083535507929804,0.03623670100345965,25,10,10
41,3298,0.9267108402611391,1.4475132416736449e-06,0.04643390629088309,0.02685380593473609,25,10,10
41,3299,0.8893964055997304,5.542333642552969e-06,0.08141749555802374,0.02918055650860349,25,10,10
41,3300,0.8661445843602046,2.7028802408630947e-06,0.10730592537980846,0.026546787379746372,25,10,10
41,3301,0.8042413979595744,1.9710042465466703e-05,0.18374203333937608,0.01199685865858272,25,10,10
41,3302,0.8419166647122797,2.1924977342846774e-06,0.14864993307875507,0.009431209711231464,25,10,10
41,3303,0.865273578428005,6.795857662572665e-06,0.09589352552982744,0.03882610018450435,25,10,10
41,3304,0.8450187763043268,4.147330577268363e-05,0.11515329986528343,0.03978645052461728,25,10,10
41,3305,0.8652956573365418,4.291425167796646e-05,0.09495955727163334,0.03970187114014671,25,10,10
41,3306,0.810841161953816,0.00022362407236391202,0.14837348824576022,0.040561725728060834,25,10,10
41,3307,0.7859169473907975,1.3803777140042893e-05,0.18647163685975796,0.0275976119723043,25,10,10
41,3308,0.758480276444632,7.950669440413475e-06,0.16105512593579563,0.080456646950132,25,10,10
41,3309,0.8272883480107438,6.894008679545734e-06,0.08653024696168216,0.08617451101889467,25,10,10
41,3310,0.8290845548487087,1.9945543932765463e-05,0.09148447553288555,0.07941102407447329,25,10,10
41,3311,0.7955262870276727,0.00036711490005323706,0.1643160407402907,0.03979055733198346,25,10,10
41,3312,0.806499355254805,0.00036073323069155187,0.15331333293616503,0.03982657857833861,25,10,10
41,3313,0.8095738533703739,0.0002454900497034863,0.15017476608001634,0.04000589049990601,25,10,10
41,3314,0.7672342020753063,0.0009353574896060763,0.18989106584307072,0.041939374592016694,25,10,10
41,3315,0.7926804745057485,0.0009516843129308577,0.16481837863307816,0.04154946254824334,25,10,10
41,3316,0.8256702034652398,0.0007074732171550481,0.12174349448332399,0.05187882883428138,25,10,10
41,3317,0.8119893588460951,1.6197516071702327e-05,0.13666667501762692,0.051327768620206396,25,10,10
41,3318,0.7258248124324718,5.3801161362941816e-05,0.23661977731623257,0.037501609089933885,25,10,10
41,3319,0.7048681599877307,5.2602244798316406e-05,0.27607651593472854,0.01900272183274405,25,10,10
41,3320,0.92647502758223,4.5169495197592865e-07,0.02641561211074244,0.047108908612076145,25,10,10
41,3321,0.854336992259782,4.358936816540064e-07,0.1184402903708936,0.027222281475642457,25,10,10
41,3322,0.8637860612681841,2.2305212355471113e-07,0.10886514436776984,0.02734857131192203,25,10,10
41,3323,0.8075883034709409,0.00016467225002097033,0.150534893895917,0.041712130383119925,25,10,10
41,3324,0.846596327723382,1.2703972317682887e-05,0.1103153834487273,0.0430755848555715,25,10,10
41,3325,0.833454284997719,3.9659791665750046e-05,0.12682664309473463,0.03967941211588054,25,10,10
41,3326,0.8433963264241926,1.1153872367734809e-05,0.1276818123263787,0.028910707377060953,25,10,10
41,3327,0.8527277546106938,1.6991252129486818e-05,0.11483845256167513,0.0324168015755007,25,10,10
41,3328,0.8428845177782146,1.0703255701665207e-05,0.1157870021669841,0.04131777679909923,25,10,10
41,3329,0.7909979530091193,3.21521217638509e-05,0.168847285010434,0.04012260985868393,25,10,10
41,3330,0.8938112661588146,8.915067782771617e-06,0.10603360052479056,0.00014621824861231166,25,10,10
41,3331,0.8835133655333705,8.690698188415473e-06,0.1149140445943125,0.0015638991741282434,25,10,10
41,3332,0.8507106798015568,1.8863164969877028e-06,0.14927669151713252,1.0742364813793439e-05,25,10,10
41,3333,0.860772517779617,7.739434951536549e-06,0.13916777039920858,5.1972386222523835e-05,25,10,10
41,3334,0.9276879393682111,4.593752840016952e-06,0.07109264798961912,0.0012148188893297872,25,10,10
41,3335,0.9233171634696989,4.902740425239435e-06,0.06830305324807594,0.008374880541799648,25,10,10
41,3336,0.9099287612418412,6.691996338285337e-06,0.08998512956406762,7.941719775374112e-05,25,10,10
41,3337,0.8456026075796516,8.021009402569203e-06,0.08230281026031715,0.07208656115062913,25,10,10
41,3338,0.811016905407893,2.8935403640385693e-05,0.11714629195236893,0.07180786723609914,25,10,10
41,3339,0.8765739206840525,3.4911406953108757e-06,0.044220138512020404,0.07920244966323277,25,10,10
41,3340,0.8670005961055235,5.134011331326467e-07,0.05206789472158653,0.08093099577175705,25,10,10
41,3341,0.8905182624229186,2.1314394591945695e-06,0.0685067176743717,0.04097288846325028,25,10,10
41,3342,0.8593758841618082,3.181364581306618e-06,0.13642606969574367,0.0041948647778671634,25,10,10
41,3343,0.9280111823415942,3.7148883156581866e-05,0.07194808414559412,3.584629655195437e-06,25,10,10
41,3344,0.8904135855248608,0.001133494788737979,0.10843783113495632,1.5088551445045596e-05,25,10,10
41,3345,0.9004261086261028,6.989867853619626e-06,0.09923958183260513,0.000327319673438123,25,10,10
41,3346,0.8257691250933816,4.359824516003253e-05,0.1726508974900367,0.0015363791714220613,25,10,10
41,3347,0.7589569851277653,0.02047014045584766,0.22006558429691625,0.0005072901194693024,25,10,10
41,3348,0.8264806808561928,0.01288350733689523,0.15722366158457757,0.003412150222333228,25,10,10
41,3349,0.78402192938302,0.012884018775522628,0.19841515306630664,0.004678898775150191,25,10,10
41,3350,0.7862646682851944,0.01272524769898669,0.19727943587684763,0.003730648138968681,25,10,10
41,3351,0.8177672835024231,2.074330888576636e-06,0.1783674801455913,0.0038631620210943423,25,10,10
41,3352,0.7917622043260724,9.135827244824107e-05,0.2075661085285391,0.0005803288729393053,25,10,10
41,3353,0.8649102658607276,8.911429422087182e-05,0.13036343044496815,0.0046371894000825096,25,10,10
41,3354,0.8975241337997487,4.175336968325083e-05,0.10227957485040962,0.00015453798015794935,25,10,10
41,3355,0.9200475939834205,2.496642755872965e-07,0.07994565578889816,6.500563406148298e-06,25,10,10
41,3356,0.8334225850509928,2.879389697447621e-06,0.1412542389953413,0.025320296563968468,25,10,10
41,3357,0.8721160458245916,2.711801300666717e-06,0.12748767370990616,0.0003935686642013612,25,10,10
41,3358,0.9084974563606523,1.5144982859259593e-07,0.09128994572248805,0.00021244646703091509,25,10,10
41,3359,0.888502605258198,7.245264593692865e-06,0.1111859520039093,0.0003041974732982303,25,10,10
41,3360,0.8977843995612345,1.619655234637579e-05,0.10178350084228698,0.0004159030441316882,25,10,10
41,3361,0.85262433279724,6.876787416563042e-07,0.14525281656961797,0.0021221629544010364,25,10,10
41,3362,0.8585748288017911,7.896115268042745e-07,0.14062129436660578,0.0008030872200761071,25,10,10
41,3363,0.9019421328994978,6.685607703686171e-06,0.09643653717551924,0.001614644317279236,25,10,10
41,3364,0.8797671412540988,1.2894614803684032e-05,0.11995285910758181,0.0002671050235144899,25,10,10
41,3365,0.9110198593438369,8.90855657581506e-06,0.08865812201749682,0.00031311008209073776,25,10,10
41,3366,0.8956904326872555,3.214418462713228e-05,0.10389824541805229,0.00037917771006532193,25,10,10
41,3367,0.8123725168160977,2.8036444528489712e-05,0.18707606251852213,0.0005233842208522005,25,10,10
41,3368,0.9135077333044614,9.770639623559291e-05,0.08621462189531437,0.00017993840398840535,25,10,10
41,3369,0.8672785950136739,1.689787839496703e-05,0.1141510187168142,0.01855348839111728,25,10,10
41,3370,0.8614007273598234,1.6578157708546224e-05,0.09888339306726811,0.039699301415199874,25,10,10
41,3371,0.8180412144081408,2.474470192969774e-05,0.14222947429515778,0.039704566594771507,25,10,10
41,3372,0.8484423826982491,1.9044049718782452e-05,0.1117909264546621,0.03974764679736981,25,10,10
41,3373,0.8801224183206695,5.252752541719598e-07,0.08016563427766173,0.03971142212641463,25,10,10
41,3374,0.8494092127331463,0.00012889533410127076,0.10468878370454231,0.04577310822821035,25,10,10
41,3375,0.8217468240624523,2.064078568865175e-06,0.1384753558048524,0.039775756054125845,25,10,10
41,3376,0.863897346632426,6.555141052064502e-06,0.09640096294660923,0.039695135279912315,25,10,10
41,3377,0.8408653561679772,0.0002278520573701816,0.11926098914898534,0.03964580262566639,25,10,10
41,3378,0.8507391969970902,4.709446095117838e-07,0.1315453457108305,0.01771498634746861,25,10,10
41,3379,0.9468565659659215,7.2306759288857635e-06,0.053096468742778305,3.973461537173811e-05,25,10,10
41,3380,0.9318651635319317,7.174266021580923e-06,0.06809528012951209,3.238207253486678e-05,25,10,10
41,3381,0.9486218145019697,1.403546843116707e-06,0.051367907507461424,8.874443725820142e-06,25,10,10
41,3382,0.913234492017675,1.3247410227529968e-06,0.08325479821667135,0.0035093850246309248,25,10,10
41,3383,0.8684375069620326,8.281777842744136e-06,0.13065415200489414,0.0009000592552310497,25,10,10
41,3384,0.8422690308920803,8.15008531557393e-06,0.15635618323188427,0.0013666357907200595,25,10,10
41,3385,0.9343969258680527,1.8193295296854527e-06,0.06523535093394703,0.0003659038684712164,25,10,10
41,3386,0.8858469180584436,8.23992236352846e-06,0.11323052825979923,0.0009143137593931808,25,10,10
41,3387,0.8211747549931216,4.16283307704997e-06,0.17731647543033172,0.0015046067434705433,25,10,10
41,3388,0.8525525012949186,6.061372445777397e-07,0.14640368653591415,0.0010432060319232874,25,10,10
41,3389,0.8919586111800509,1.2378368239658217e-05,0.1079943009461903,3.4709505519539575e-05,25,10,10
41,3390,0.8709329426584036,2.29526990500834e-06,0.1276140736181568,0.0014506884535348023,25,10,10
41,3391,0.8379689735362489,1.0782325099267715e-05,0.1602561172567249,0.0017641268819267232,25,10,10
41,3392,0.85728370323344,2.304305887744114e-05,0.14084937142717457,0.0018438822805080526,25,10,10
41,3393,0.8255464549135817,1.8403220925990118e-05,0.17437086310749103,6.427875800137306e-05,25,10,10
41,3394,0.8456391382528122,1.4091085201684185e-06,0.15417515365513687,0.00018429898353073258,25,10,10
41,3395,0.8832766414633625,1.0963795136354533e-06,0.11086255188833799,0.005859710268785472,25,10,10
41,3396,0.9205382884247519,9.367696260514167e-06,0.07016116166519373,0.009291182213793825,25,10,10
41,3397,0.9012728830497632,5.7746574104660335e-05,0.07005636308640445,0.028613007289727502,25,10,10
41,3398,0.9268125881556835,1.0167706870963865e-05,0.04480520935910314,0.028372034778342298,25,10,10
41,3399,0.8235528317302848,1.9389954125854032e-05,0.17401484809455692,0.002412930221031811,25,10,10
41,3400,0.8838699823608027,1.824889068053047e-05,0.11586890461913082,0.00024286412938588362,25,10,10
41,3401,0.8162876849154773,9.409957820670594e-07,0.18305951344411944,0.0006518606446205193,25,10,10
41,3402,0.8569510904439136,1.7020188297198848e-06,0.14250369111183164,0.0005435164254255826,25,10,10
41,3403,0.8803665939245903,7.686357706343929e-07,0.11616281869948913,0.003469818740150216,25,10,10
41,3404,0.8761856794108204,8.96296688138042e-06,0.12034105808088906,0.003464299541408485,25,10,10
41,3405,0.8740574445302711,1.9026372864910692e-06,0.12576483004744393,0.00017582278499859996,25,10,10
41,3406,0.8609894240861982,2.5086270946822666e-05,0.13016401849215317,0.008821471150702597,25,10,10
41,3407,0.918598640506958,4.3072525131083796e-05,0.08131109755846032,4.7189409451314716e-05,25,10,10
41,3408,0.8919907127629116,2.096524482174391e-07,0.10795470649055944,5.4371094080434305e-05,25,10,10
41,3409,0.9219779427555114,3.13738924633764e-07,0.07790161155928117,0.00012013194628302434,25,10,10
41,3410,0.8975167524864327,9.009892312404164e-07,0.09603364084991975,0.006448705674417374,25,10,10
41,3411,0.9442463777797542,6.452371471390072e-07,0.05566384441515267,8.913256794555223e-05,25,10,10
41,3412,0.9088682292673521,1.9130520360494147e-06,0.06803809852716554,0.023091759153446332,25,10,10
41,3413,0.9068052018854452,6.283923928858569e-07,0.07150154673944265,0.021692622982719165,25,10,10
41,3414,0.8417215851285071,4.3595449880725396e-06,0.13184768845882633,0.026426366867679043,25,10,10
41,3415,0.8467984515173493,1.4114628637759184e-06,0.1497230985301646,0.0034770384896228657,25,10,10
41,3416,0.9029138468257001,1.2737444583145248e-06,0.09670388872794229,0.00038099070189968594,25,10,10
41,3417,0.9519610802769252,6.809692406702769e-06,0.046839516802376364,0.0011925932282919752,25,10,10
41,3418,0.9006526187785682,6.8436688487196755e-06,0.07603962820869647,0.023300909343886685,25,10,10
41,3419,0.8896773023243851,4.274574889491973e-07,0.08695296061780472,0.023369309600321082,25,10,10
41,3420,0.8852071111311016,0.0002900804210789974,0.07360253688697684,0.04090027156084285,25,10,10
41,3421,0.9224043073455535,4.350950647602762e-06,0.03813349358801474,0.039457848115784386,25,10,10
41,3422,0.8591336422607898,2.3452607527852137e-06,0.10125517217728815,0.039608840301169325,25,10,10
41,3423,0.8257415346790422,5.753532517086998e-06,0.13426401279770547,0.03998869899073538,25,10,10
41,3424,0.8190511016784611,2.1080067721538127e-06,0.17381739339543084,0.007129396919335791,25,10,10
41,3425,0.8884222931295871,3.1506846689041196e-06,0.10816607556351374,0.003408480622230328,25,10,10
41,3426,0.8808663716272975,0.0006742835439894911,0.08375769896302207,0.03470164586569067,25,10,10
41,3427,0.8759061517394303,0.0006866062507270838,0.1038672864504683,0.01953995555937327,25,10,10
41,3428,0.7377694620562734,0.0003230570559947712,0.23409942573748166,0.027808055150250987,25,10,10
41,3429,0.6441335889072153,7.15563848475695e-05,0.30716113852275934,0.048633716185178734,25,10,10
41,3430,0.7472751938862959,6.775282226297944e-05,0.20443330666200732,0.048223746629434405,25,10,10
41,3431,0.7870298412213481,8.545200951598003e-05,0.17326024200743567,0.03962446476170085,25,10,10
41,3432,0.8183282508954676,0.000349626573621859,0.14174658593590533,0.03957553659500529,25,10,10
41,3433,0.8400726344315775,2.74609386731506e-06,0.15228481806226882,0.007639801412285969,25,10,10
41,3434,0.8274080201568873,4.216889841214668e-06,0.13201637382290451,0.04057138913036776,25,10,10
41,3435,0.8909759134003619,5.375735824641816e-07,0.06907759608252319,0.039945952943531954,25,10,10
41,3436,0.8505290968975394,7.989478016250276e-06,0.06980393572257798,0.07965897790186642,25,10,10
41,3437,0.8646851850795352,4.734577278430626e-06,0.09461807867303547,0.04069200167015001,25,10,10
41,3438,0.8506061362835574,4.113817344519077e-05,0.12500799486607486,0.02434473067692219,25,10,10
41,3439,0.7601163639461592,6.644523805461591e-05,0.19778747393742846,0.04202971687835743,25,10,10
41,3440,0.7743550895222329,6.503484395153397e-05,0.1853462180700849,0.04023365756373158,25,10,10
41,3441,0.8124704789321764,6.451141446692234e-05,0.1473820380691979,0.040082971584158994,25,10,10
41,3442,0.747858956211922,3.500870673112771e-05,0.2124289909710528,0.03967704411029466,25,10,10
41,3443,0.8089845084976132,4.1255958598165456e-05,0.1512276100542603,0.03974662548952718,25,10,10
41,3444,0.8743965724623517,2.321236721776131e-05,0.08135361367128818,0.04422660149914272,25,10,10
41,3445,0.8627938752516938,1.5970315296470642e-05,0.11171056918021938,0.025479585252791027,25,10,10
41,3446,0.9010154915416193,6.530025175441589e-07,0.0739784888933489,0.02500536656251384,25,10,10
41,3447,0.9380421881519584,4.910074491097965e-07,0.03696204463347159,0.024995276207120717,25,10,10
41,3448,0.8558244689548428,1.1493928597006379e-05,0.11910376322752313,0.025060273889036734,25,10,10
41,3449,0.8473092925950979,0.008688027609684502,0.11710301634262824,0.026899663452588932,25,10,10
41,3450,0.7916035302436508,0.008702743170877042,0.17464293852546128,0.025050788060012024,25,10,10
41,3451,0.9043881916254936,1.350086579766385e-05,0.05577215888053343,0.0398261486281755,25,10,10
41,3452,0.850909112843599,1.1218902644582851e-05,0.10902960490652808,0.0400500633472278,25,10,10
41,3453,0.7936294783419221,2.1957707081881246e-05,0.16062917025126194,0.045719393699734656,25,10,10
41,3454,0.8976839232355652,4.626134552383304e-05,0.09607642844402413,0.006193386974887016,25,10,10
41,3455,0.8372819874336266,4.287239960456906e-05,0.11679628852278087,0.04587885164398806,25,10,10
41,3456,0.8806613586425184,4.57301791037695e-05,0.0903470880531366,0.028945823125240914,25,10,10
41,3457,0.8674075249936655,5.270099412545727e-05,0.10356353464913255,0.028976239363077808,25,10,10
41,3458,0.9028567486631249,7.65549115596902e-06,0.05768086373647941,0.03945473210924036,25,10,10
41,3459,0.804219440682787,0.0002653087954724215,0.15612850874023246,0.039386741781507854,25,10,10
41,3460,0.8051912729890893,1.0764801477982857e-05,0.15052732544679676,0.04427063676263588,25,10,10
41,3461,0.8144574731446798,0.00015902188781680558,0.1587280219489432,0.026655483018561216,25,10,10
41,3462,0.7726206918255205,7.407558826945352e-05,0.19510612803135668,0.03219910455485283,25,10,10
41,3463,0.7548632145811512,9.676863189063103e-06,0.1903384641438508,0.054788644411809244,25,10,10
41,3464,0.7931041639380276,2.263356857513973e-06,0.15069830406756415,0.05619526863755182,25,10,10
41,3465,0.8711302044991429,1.6869897177533263e-06,0.08293201798244454,0.04593609052869521,25,10,10
41,3466,0.8025510709736328,3.629643366331308e-06,0.11674251804423484,0.08070278133876554,25,10,10
41,3467,0.7751630121937021,0.0019825826230408985,0.1408956206562305,0.08195878452702568,25,10,10
41,3468,0.7781561346493655,0.0019810903347956864,0.14227201524112976,0.07759075977470961,25,10,10
41,3469,0.8042502092069916,0.0019839207690281416,0.14966377116897697,0.04410209885500352,25,10,10
41,3470,0.8359765805780195,1.556266941303287e-05,0.1272290842835733,0.036778772468995295,25,10,10
41,3471,0.8195504655443532,2.7270112595764853e-06,0.11903484771495787,0.0614119597294299,25,10,10
41,3472,0.8062203392850315,2.9124449979642178e-06,0.12972407787750354,0.06405267039246719,25,10,10
41,3473,0.7960313978243687,1.4125787284274475e-06,0.12735309367769831,0.07661409591920455,25,10,10
41,3474,0.8352959797188286,7.862397245475825e-06,0.08432710899901429,0.08036904888491221,25,10,10
41,3475,0.823225227781649,2.295413866435161e-05,0.10164114170573223,0.0751106763739537,25,10,10
41,3476,0.8688347101056965,7.01860730267702e-07,0.08714676055491308,0.04401782747865953,25,10,10
41,3477,0.8936999896806891,2.2569693936361374e-08,0.06627479045198274,0.04002519729763358,25,10,10
41,3478,0.863414840959313,2.8216681651741726e-07,0.09719583160492001,0.03938904526895094,25,10,10
41,3479,0.8310915721409468,3.755521824972798e-07,0.12951027647910895,0.03939777582776174,25,10,10
41,3480,0.8564244999739833,7.113659144776202e-07,0.10389918589442262,0.03967560276568009,25,10,10
41,3481,0.8160692480897335,5.971784934876173e-07,0.14399429105081812,0.03993586368095528,25,10,10
41,3482,0.7676236484070287,0.0002633299575625922,0.19223374212860198,0.03987927950680723,25,10,10
41,3483,0.8436824668459534,4.2617103564629986e-07,0.1163865108778068,0.0399305961052034,25,10,10
41,3484,0.9149388029095885,7.856960200243671e-07,0.04561032091130231,0.039450090483089395,25,10,10
41,3485,0.8923367481921098,2.9921163626442064e-05,0.0682061804210399,0.03942715022322377,25,10,10
41,3486,0.8347290735018963,3.261886413086796e-05,0.12530521752525015,0.03993309010872262,25,10,10
41,3487,0.8524624557434052,3.620682416894449e-05,0.10543579813011346,0.04206553930231108,25,10,10
41,3488,0.9156825912658105,1.4076564120542065e-05,0.042101729084115316,0.04220160308595351,25,10,10
41,3489,0.8134796685693975,2.5382032947697827e-06,0.13991865151960517,0.04659914170770363,25,10,10
41,3490,0.898996094865778,9.388265449839205e-07,0.09081827683331699,0.010184689474360444,25,10,10
41,3491,0.9078115451519204,1.1201717224365337e-06,0.08576658152305386,0.006420753153303927,25,10,10
41,3492,0.9138278406247108,6.823306933617238e-06,0.07970512435793421,0.006460211710421452,25,10,10
41,3493,0.9243439009403182,6.782884884646517e-07,0.06918849386104489,0.006466926910148163,25,10,10
41,3494,0.869210892337481,8.416302684279679e-07,0.12833237201972733,0.002455894012524448,25,10,10
41,3495,0.8780005921264386,3.7448954820839497e-06,0.1219621275396359,3.35354384435333e-05,25,10,10
41,3496,0.8576317263030231,2.458868254366146e-05,0.1423067392269455,3.6945787488588844e-05,25,10,10
41,3497,0.8846596613307355,3.213363319667854e-07,0.11514620473133622,0.00019381260159623476,25,10,10
41,3498,0.8656187541425018,6.481215704488655e-07,0.11856433853874641,0.01581625919718103,25,10,10
41,3499,0.8105088442095258,2.0149504060021424e-05,0.14588824103603837,0.0435827652503759,25,10,10
41,3500,0.8258159422090627,4.047089577741199e-05,0.13765676027644486,0.036486826618714746,25,10,10
41,3501,0.8440523609643362,8.905806963952429e-06,0.11952007244928292,0.03641866077941689,25,10,10
41,3502,0.8189471697414449,1.3964270038891806e-05,0.14135494086364397,0.03968392512487176,25,10,10
41,3503,0.8875815192656183,4.604771815833446e-05,0.11045815221731045,0.0019142807989129622,25,10,10
41,3504,0.8366832678840522,4.573516597432061e-05,0.1630077916960116,0.0002632052539625757,25,10,10
41,3505,0.8329453003036754,4.917139085873848e-05,0.16677470924455576,0.00023081906090980603,25,10,10
41,3506,0.7840804556838821,5.769907108019375e-05,0.21566240501991443,0.00019944022512295107,25,10,10
41,3507,0.8423503110585726,1.0846315056915323e-05,0.15362572601725785,0.004013116609112962,25,10,10
41,3508,0.8799556578855089,3.9531074302318724e-05,0.1169532766589752,0.0030515343812140307,25,10,10
41,3509,0.9192301774533693,6.887512156541647e-07,0.08067191129443728,9.722250097786471e-05,25,10,10
41,3510,0.9532155495020858,1.1021174991708222e-05,0.04673331412351417,4.011519940813021e-05,25,10,10
41,3511,0.9179639812206147,1.075752548800963e-05,0.08198547981858287,3.9781435314002595e-05,25,10,10
41,3512,0.8928784788373421,6.132965121724814e-06,0.10692440664580337,0.00019098155173288513,25,10,10
41,3513,0.8812709659111952,3.7429410085855646e-07,0.0794460256886489,0.03928263410605495,25,10,10
41,3514,0.8726600110867926,8.591710441423084e-06,0.10004903753154705,0.027282359671218753,25,10,10
41,3515,0.8226305150126351,1.1746509735431825e-05,0.1123130211855074,0.06504471729212184,25,10,10
41,3516,0.8474586294518335,0.0010034135820036877,0.14469640322138033,0.0068415537447822534,25,10,10
41,3517,0.7896078488175293,1.1639036519754023e-05,0.12555086956629416,0.08482964257965653,25,10,10
41,3518,0.7722755401281972,1.1555357236205671e-05,0.1553299862401039,0.0723829182744631,25,10,10
41,3519,0.7890300876070043,1.1525203139264259e-05,0.17705538020241035,0.03390300698744565,25,10,10
41,3520,0.8131965672775437,1.7999662480994756e-06,0.17599197499079114,0.010809657765416284,25,10,10
41,3521,0.9424685332281075,1.4712475956088527e-06,0.05314961398699598,0.004380381537301325,25,10,10
41,3522,0.909229742151217,0.018955230108076107,0.07151077074021245,0.0003042570004945963,25,10,10
41,3523,0.8751294330978188,0.018955674407420856,0.10576455189109948,0.0001503406036607703,25,10,10
41,3524,0.8506724707672614,0.018967017957425333,0.12532762480656834,0.0050328864687454525,25,10,10
41,3525,0.8488385424424059,0.0016991052319259082,0.14303789176128878,0.006424460564379103,25,10,10
41,3526,0.8936181750678585,0.001668894688619815,0.10151677800615054,0.0031961522373707635,25,10,10
41,3527,0.8928855632714352,1.0582651930898869e-06,0.06650559034576062,0.04060778811761124,25,10,10
41,3528,0.7893082922781238,5.767635717567854e-07,0.14147449886992108,0.06921663208838386,25,10,10
41,3529,0.8388275607603313,2.176456800123735e-05,0.08145942819448428,0.07969124647718245,25,10,10
41,3530,0.8266809858976549,1.9098205765606115e-05,0.09336540172615582,0.07993451417042378,25,10,10
41,3531,0.8117329668282676,2.5610777935182256e-05,0.10859430563585773,0.07964711675793887,25,10,10
41,3532,0.8626075749940224,1.822675720906516e-06,0.05756647609719416,0.07982412623306262,25,10,10
41,3533,0.828046280581808,5.52087440843037e-05,0.09018570204040129,0.08171280863370604,25,10,10
41,3534,0.7958204481559784,2.353178354789719e-06,0.13383863202182084,0.07033856664384551,25,10,10
41,3535,0.9103187023256727,7.811722045665279e-07,0.04996056026928215,0.03971995623284036,25,10,10
41,3536,0.869876074054293,5.565565957807402e-08,0.08958394628169485,0.04053992400835209,25,10,10
41,3537,0.8507342478627571,1.2787307212011486e-05,0.11618878117924579,0.033064183650784604,25,10,10
41,3538,0.845303417762151,7.105431856397416e-07,0.09595282235237272,0.058743049342290465,25,10,10
41,3539,0.7763338132632182,4.287369850095084e-06,0.16471294480172405,0.058948954565208475,25,10,10
41,3540,0.8254897524321224,1.7823450509416343e-06,0.1549858506753543,0.019522614547472016,25,10,10
41,3541,0.7910457940796048,0.0004964983459507155,0.1711919886057789,0.03726571896866512,25,10,10
41,3542,0.7810658748437185,3.6425695251611166e-06,0.14818389982060537,0.0707465827661504,25,10,10
41,3543,0.8263653896967607,1.984979790227913e-06,0.10903863104091555,0.06459399428253423,25,10,10
41,3544,0.8225737299835574,4.02508741496394e-05,0.12238677669791523,0.054999242444378045,25,10,10
41,3545,0.8589752700937668,1.0889370210572175e-06,0.08552049660986773,0.05550314435934427,25,10,10
41,3546,0.8217107367622163,9.122508317738931e-07,0.11200685262261313,0.0662814983643394,25,10,10
41,3547,0.8355240369163998,1.3409033133074118e-07,0.11574415647091757,0.04873167252235029,25,10,10
41,3548,0.8512981846168302,1.1678415519169141e-06,0.10665588918896622,0.04204475835265141,25,10,10
41,3549,0.787779567178963,1.0902697397743812e-06,0.13311386747190737,0.07910547507938948,25,10,10
41,3550,0.7691055244964846,1.9582814652413908e-06,0.15283361163908357,0.07805890558296642,25,10,10
41,3551,0.6847915026093271,3.528964101193032e-06,0.24520761818076636,0.06999735024580449,25,10,10
41,3552,0.7104879856599778,7.38736489974648e-05,0.25674550524309525,0.03269263544792846,25,10,10
41,3553,0.8507670078742886,7.290016538746289e-05,0.13982275184688622,0.009337340113437384,25,10,10
41,3554,0.8311848656178847,7.361599566337466e-05,0.15943207384192848,0.009309444544523988,25,10,10
41,3555,0.8658897715637215,1.981980234034139e-06,0.13332877717133151,0.000779469284713003,25,10,10
41,3556,0.8267115155102406,2.841893155922074e-06,0.17314086319128524,0.00014477940531824925,25,10,10
41,3557,0.8569523087650245,1.3796198939805778e-06,0.14284987904868232,0.00019643256639980848,25,10,10
41,3558,0.8802622341341194,7.1480655284994035e-06,0.1152511853802006,0.0044794324201508215,25,10,10
41,3559,0.8670200216345236,1.2008101820106189e-05,0.09846491695971152,0.03450305330394443,25,10,10
41,3560,0.8273392656748559,7.1928049005368575e-06,0.13804498165195012,0.03460855986829332,25,10,10
41,3561,0.8182946032508398,0.00012466252249294357,0.1482040685751767,0.03337666565149024,25,10,10
41,3562,0.814565670006049,0.0003392457339800279,0.15173870294897274,0.03335638131099803,25,10,10
41,3563,0.8706915829678574,0.00021291614903799687,0.12278883991159047,0.006306660971514072,25,10,10
41,3564,0.8381652748063348,2.693805488542084e-05,0.150893720111575,0.010914067027205744,25,10,10
41,3565,0.8349183175291003,0.00020637886971533592,0.15783070578846278,0.007044597812721368,25,10,10
41,3566,0.8685312110475262,0.0008116090157376445,0.1283701653245768,0.002287014612159501,25,10,10
41,3567,0.9102650469354308,0.0008052435129045592,0.08414286488829649,0.004786844663368315,25,10,10
41,3568,0.9396334937949611,2.9132563324370937e-06,0.06024278169961189,0.00012081124909446033,25,10,10
41,3569,0.9046374516223291,1.5624510860794298e-06,0.09534380333756787,1.7182589017050096e-05,25,10,10
41,3570,0.8954102923737327,6.031262144513361e-07,0.10039458391772792,0.004194520582325266,25,10,10
41,3571,0.9234440461607263,1.439647046252437e-05,0.0765271390570092,1.4418311802162114e-05,25,10,10
41,3572,0.9346094617908323,1.439691127253808e-06,0.06538041334679275,8.685171248294053e-06,25,10,10
41,3573,0.9021589792808402,0.00116799211618898,0.09664748996040165,2.5538642569393387e-05,25,10,10
41,3574,0.9065261050591263,3.46085101277027e-05,0.09339666013113435,4.262629961180542e-05,25,10,10
41,3575,0.78173311061482,2.7701092515124177e-05,0.1428899055462893,0.0753492827463762,25,10,10
41,3576,0.8066471445250634,1.3059931891404363e-05,0.1471585665714777,0.04618122897156767,25,10,10
41,3577,0.8408176552616875,1.0007416630915777e-06,0.11911118686672757,0.04007015712992191,25,10,10
41,3578,0.8505602283437698,1.3070288190978802e-05,0.10948485902010839,0.039941842347931085,25,10,10
41,3579,0.872563423797827,5.369433979979751e-06,0.0783537036664348,0.04907750310175731,25,10,10
41,3580,0.8028118678352664,4.013045640893385e-05,0.1490774172060708,0.04807058450225367,25,10,10
41,3581,0.7988088839431587,4.026361043662634e-05,0.15313760003277876,0.04801325241362554,25,10,10
41,3582,0.8611516662486774,6.237321670621272e-05,0.0975715261692161,0.04121443436539941,25,10,10
41,3583,0.8582225467753097,8.775531305504607e-07,0.099760770050604,0.042015805620954395,25,10,10
41,3584,0.7545620693269602,0.0016454543814790426,0.2148659754968601,0.028926500794699665,25,10,10
41,3585,0.7877035438634442,7.011660260188769e-05,0.20445488332383185,0.00777145621012155,25,10,10
41,3586,0.7525023266147748,3.409801656949961e-05,0.2171159046880173,0.030347670680638355,25,10,10
41,3587,0.81379270208346,2.7462285335306527e-06,0.16330249705379635,0.022902054634210148,25,10,10
41,3588,0.7900310976168247,2.974780845802075e-06,0.1853155146073769,0.024650412994952377,25,10,10
41,3589,0.7627690504535322,3.4914670493593784e-05,0.19569802849484305,0.041498006381131096,25,10,10
41,3590,0.7233664155129746,3.3864333510734925e-05,0.23761646991647153,0.0389832502370441,25,10,10
41,3591,0.7011863700709714,5.059620732135036e-05,0.26835213497866717,0.03041089874304229,25,10,10
41,3592,0.8300439419070255,2.3051448074884875e-06,0.12965815113109533,0.04029560181707149,25,10,10
41,3593,0.8393771854372509,1.4924609785148064e-05,0.12032312928784147,0.04028476066512213,25,10,10
41,3594,0.8276590792459563,3.154502583704074e-06,0.12904935765499437,0.043288408596465766,25,10,10
41,3595,0.8831255213344409,9.24779861768235e-06,0.07661993099980532,0.040245299867136194,25,10,10
41,3596,0.8596735755947742,1.0194825535187115e-05,0.10300095522028803,0.03731527435940276,25,10,10
41,3597,0.8533049412187882,9.535748247749546e-06,0.10690438539309353,0.039781137639870186,25,10,10
41,3598,0.8354008941533329,1.0412907651983373e-05,0.1284521532002423,0.03613653973877235,25,10,10
41,3599,0.8651214680197937,1.3943670832397907e-06,0.13423187183668495,0.0006452657764369911,25,10,10
41,3600,0.9111426121548589,2.149776010177029e-06,0.08824982222768565,0.0006054158414444595,25,10,10
41,3601,0.9131177418022746,1.398879209266241e-06,0.08368331006899103,0.00319754924952455,25,10,10
41,3602,0.9057119759493069,1.5355383030788667e-05,0.09424228615441586,3.038251324597206e-05,25,10,10
41,3603,0.8712606106909659,1.4732094929429713e-05,0.1286508851252546,7.377208885031542e-05,25,10,10
41,3604,0.9037100053487801,4.1128061629794397e-07,0.09494458429716277,0.0013449990734407105,25,10,10
41,3605,0.8764919321405267,0.00017140170974174788,0.12330334173348868,3.332441624309049e-05,25,10,10
41,3606,0.9625200427207956,4.4776257292602104e-07,0.03746629903486007,1.3210481771456085e-05,25,10,10
41,3607,0.8889908188093864,1.6141413115753944e-05,0.11072137871723198,0.00027166106026635183,25,10,10
41,3608,0.9536132432497285,7.69466286024313e-07,0.044281205943868855,0.0021047813401171276,25,10,10
41,3609,0.8757374658634467,2.7631336847662092e-05,0.11147578168070149,0.012759121119003757,25,10,10
41,3610,0.9342371520297462,4.789340081734605e-07,0.06555618168837864,0.00020618734786671084,25,10,10
41,3611,0.8991921622890366,6.875934564949085e-06,0.10056574542931579,0.00023521634708151336,25,10,10
41,3612,0.8789902737150408,5.120728606826719e-05,0.12077247669168063,0.0001860423072103822,25,10,10
41,3613,0.9098167725325702,1.3738571170018535e-05,0.08999197345119309,0.0001775154450669287,25,10,10
41,3614,0.910751642586219,1.1012196472296996e-06,0.08887482544516086,0.0003724307489727807,25,10,10
41,3615,0.8408896654643725,8.004424198189244e-07,0.13446605997900743,0.024643474114200137,25,10,10
41,3616,0.8940977641847208,7.778206947736587e-07,0.08138852143596902,0.024512936558614803,25,10,10
41,3617,0.8314236607055993,7.348345484823189e-07,0.12702641743162346,0.04154918702822834,25,10,10
41,3618,0.8674694458688716,1.3940495681896074e-06,0.09094822981324435,0.04158093026831563,25,10,10
41,3619,0.8519752811401297,1.0523179982391885e-06,0.10488960815147934,0.043134058390392804,25,10,10
41,3620,0.8521964873776503,2.687246055197015e-07,0.11976760102838738,0.02803564286935699,25,10,10
41,3621,0.8255185156680243,4.2459830404448425e-05,0.14639683133182815,0.028042193169743,25,10,10
41,3622,0.7378041582435182,7.777988346136521e-05,0.20472495862845982,0.05739310324455956,25,10,10
41,3623,0.8095057602048646,1.943463420725068e-05,0.1470190832100299,0.04345572195089823,25,10,10
41,3624,0.7909141914133078,1.9158631315221744e-05,0.1587675678475035,0.05029908210787469,25,10,10
41,3625,0.8277726304740868,5.3957381025799645e-06,0.11907210557148483,0.05314986821632498,25,10,10
41,3626,0.8767031423758234,7.859248220621137e-07,0.07582252835973934,0.047473543339615426,25,10,10
41,3627,0.8848043787917916,4.829476115561277e-07,0.06833300464390535,0.04686213361669151,25,10,10
41,3628,0.8712857788737282,8.019637496545924e-07,0.0619457497799417,0.06676766938258007,25,10,10
41,3629,0.8448379312182017,0.0014713560957482158,0.07909034747281524,0.07460036521323482,25,10,10
41,3630,0.8118443297145898,0.0014718432143981505,0.11448310533395899,0.07220072173705332,25,10,10
41,3631,0.7936846468209049,1.0478029571350052e-05,0.12988806133031372,0.07641681381921017,25,10,10
41,3632,0.8013798873687934,1.276747938450706e-05,0.1343063292731577,0.0643010158786654,25,10,10
41,3633,0.7633030327856134,1.3081977231177507e-05,0.1710033314409337,0.06568055379622172,25,10,10
41,3634,0.7917849200820964,1.2652285203558775e-05,0.14253577637441986,0.06566665125827931,25,10,10
41,3635,0.8046205527569442,0.0003298444688289128,0.12916976042471554,0.06587984234951105,25,10,10
41,3636,0.8032895163229186,0.0003305981311266023,0.1493022927203519,0.04707759282560334,25,10,10
41,3637,0.7759580608558614,1.653058841000752e-05,0.20109579163805408,0.022929616917673052,25,10,10
41,3638,0.8229166774446262,6.878864507015043e-07,0.1707334185921734,0.006349216076749922,25,10,10
41,3639,0.9061280610481832,1.423370466052616e-06,0.09365190986758348,0.00021860571376721804,25,10,10
41,3640,0.9047587742751021,8.074920251473914e-07,0.09501046459813098,0.0002299536347415129,25,10,10
41,3641,0.8921672551947372,4.737507756039326e-07,0.10765860532505492,0.0001736657294325738,25,10,10
41,3642,0.8930877675540613,1.2210847820172662e-06,0.10465173329770155,0.0022592780634555195,25,10,10
41,3643,0.8919931139239675,1.6606333973216226e-06,0.10781210600068253,0.0001931194419533586,25,10,10
41,3644,0.9176238681339259,2.0081760594736546e-05,0.08232592523982095,3.0124865658589575e-05,25,10,10
41,3645,0.867351222729302,2.201974257490506e-05,0.130816447260144,0.0018103102679790954,25,10,10
41,3646,0.8813927940395593,1.6557326779454185e-05,0.11850677133616204,8.387729749903712e-05,25,10,10
41,3647,0.8709063337566331,2.429555719600399e-05,0.11194087611312237,0.017128494573048558,25,10,10
41,3648,0.8251397001567359,9.357734283995758e-06,0.1574027973182842,0.017448144790695924,25,10,10
41,3649,0.7982008282956385,0.009176607642006333,0.18340636115104267,0.009216202911313398,25,10,10
41,3650,0.8291885004517371,0.009164102862314734,0.16152091937790009,0.00012647730804844233,25,10,10
41,3651,0.8477509614301784,0.009155100660460514,0.14294520804494196,0.00014872986441943597,25,10,10
41,3652,0.7829200997365175,8.839027068079497e-06,0.2148969595867469,0.0021741016496687675,25,10,10
41,3653,0.8462389714535781,1.1550158125694795e-05,0.15369639144883884,5.308693945716024e-05,25,10,10
41,3654,0.9369367750007302,1.148497400308225e-05,0.06297742350330549,7.431652196127585e-05,25,10,10
41,3655,0.9532387310389577,5.3303172259742e-06,0.046706142044487316,4.979659932917224e-05,25,10,10
41,3656,0.9228273668292705,6.0535771792402205e-06,0.07708723826675534,7.934132679514414e-05,25,10,10
41,3657,0.9415818731955626,1.1298452309055002e-06,0.05837285939267137,4.413756653467857e-05,25,10,10
41,3658,0.8692180373340332,6.358329715470896e-06,0.12900402809406938,0.001771576242181637,25,10,10
41,3659,0.9116023921956962,1.424386562074709e-06,0.08797467795561585,0.0004215054621252234,25,10,10
41,3660,0.9256335607180166,1.6120514720739009e-07,0.07421100483941866,0.00015527323741768004,25,10,10
41,3661,0.8682994286306446,4.65999086063343e-07,0.12881477663298252,0.0028853287372866635,25,10,10
41,3662,0.9079733388718413,8.568541721066054e-08,0.08844782227195189,0.0035787531707895713,25,10,10
41,3663,0.8473096722290013,7.107752626835946e-06,0.14684472503121415,0.005838494987158795,25,10,10
41,3664,0.8910857651513823,2.1488667716683795e-05,0.10601528105967406,0.0028774651212272,25,10,10
41,3665,0.9191858279169063,1.473072489368075e-05,0.08065664115283917,0.00014280020536097085,25,10,10
41,3666,0.9373956422527313,5.479211425388469e-07,0.06251787724741513,8.593257871101427e-05,25,10,10
41,3667,0.8990859408030737,4.868255454642179e-06,0.09983781574160246,0.0010713751998688487,25,10,10
41,3668,0.9087524459219428,7.248556155096712e-07,0.09044106068261876,0.0008057685398228688,25,10,10
41,3669,0.7765251179958892,3.697221239429618e-05,0.22261642585395525,0.0008214839377603163,25,10,10
41,3670,0.8364606557915024,1.9557513241274086e-06,0.1629636651878597,0.000573723269313525,25,10,10
41,3671,0.9108377088409292,2.3220851214307554e-05,0.08871147992693965,0.00042759038091682905,25,10,10
41,3672,0.8857904167133808,2.3868647593451743e-05,0.11358379872311046,0.0006019159159156257,25,10,10
41,3673,0.9230311377074929,1.5604721064553703e-05,0.07667151836581218,0.0002817392056307803,25,10,10
41,3674,0.9137432332146169,1.0024030246815553e-05,0.08611351508544111,0.00013322766969564242,25,10,10
41,3675,0.9375987724049033,5.9238396497661685e-06,0.06238768767530076,7.616080146346184e-06,25,10,10
41,3676,0.9307814772472203,2.529665382609323e-08,0.06921004218393083,8.455272195654821e-06,25,10,10
41,3677,0.9089128421006641,2.517168359291994e-06,0.08903355701234159,0.0020510837186342524,25,10,10
41,3678,0.9353798818364426,2.852119902244935e-06,0.0645864099860838,3.0856057571059516e-05,25,10,10
41,3679,0.9622026578118309,3.3336031672577766e-06,0.037735956020821304,5.805256418049511e-05,25,10,10
41,3680,0.9285442849968836,3.254071374469809e-06,0.07101791215479224,0.0004345487769501069,25,10,10
41,3681,0.9659230350499916,1.2753512403190053e-05,0.03400113488848726,6.307654911820194e-05,25,10,10
41,3682,0.9724347679840442,5.904374712225283e-07,0.027548729332143192,1.5912246341241276e-05,25,10,10
41,3683,0.9381561395739298,2.13465144456861e-07,0.06183448031359025,9.166647335292957e-06,25,10,10
41,3684,0.8861350728842666,8.26187401802628e-06,0.09152717406722564,0.022329491174489832,25,10,10
41,3685,0.9086480511279197,1.4033863816659535e-05,0.06631866449159446,0.025019250516669037,25,10,10
41,3686,0.8910594310249867,8.930934810376637e-06,0.08386327303335692,0.025068365006845707,25,10,10
41,3687,0.8507611915504931,0.00018345606251580308,0.1240305592447826,0.025024793142208866,25,10,10
41,3688,0.8802638112957796,0.0001764059433049083,0.09451528845237148,0.025044494308543684,25,10,10
41,3689,0.8794712908591841,0.00016907411867974416,0.09538069350522871,0.024978941516907046,25,10,10
41,3690,0.8832322450769275,0.00016767089788378395,0.08028993210041153,0.03631015192477689,25,10,10
41,3691,0.8720041788645639,0.00018039809526851976,0.0805152978251638,0.04730012521500344,25,10,10
41,3692,0.9171058969435316,1.557121898393563e-05,0.04322667097740201,0.03965186086008201,25,10,10
41,3693,0.8884523106316297,8.020024373780705e-07,0.07190477662221202,0.0396421107437203,25,10,10
41,3694,0.8152347177852921,2.42424032652983e-06,0.14841213447004045,0.03635072350434185,25,10,10
41,3695,0.8537912133976462,3.7191486365165893e-07,0.12364725824063923,0.022561156446850687,25,10,10
41,3696,0.8896484386031877,3.9100847255117015e-06,0.1103309844986205,1.666681346672665e-05,25,10,10
41,3697,0.9224509321303574,3.906570630813806e-06,0.077540236558248,4.9247407640885765e-06,25,10,10
41,3698,0.9333644331719553,8.908314140483935e-07,0.06504695653401549,0.001587719462614896,25,10,10
41,3699,0.9498466687062758,7.388218272092633e-07,0.04996432691392609,0.00018826555797038286,25,10,10
41,3700,0.8919305043444805,1.639609139746248e-05,0.10782682445817246,0.00022627510594983892,25,10,10
41,3701,0.9347044567102383,1.9498719842024936e-06,0.06520456759938165,8.902581839571556e-05,25,10,10
41,3702,0.8526250811839489,3.005253574141091e-06,0.14624268886457123,0.0011292246979062266,25,10,10
41,3703,0.8774521653912939,3.933134487306085e-06,0.12209713480027111,0.00044676667394769753,25,10,10
41,3704,0.8937521551134503,3.298545707508758e-06,0.08544842622007201,0.020796120120770572,25,10,10
41,3705,0.8096302772918836,3.2154150518607297e-06,0.14651064144700673,0.04385586584605826,25,10,10
41,3706,0.8182918673608088,2.1354802636735447e-06,0.12448568710106532,0.05722031005786243,25,10,10
41,3707,0.7712844840093436,2.082393901169377e-05,0.14170850034318844,0.08698619170845655,25,10,10
41,3708,0.730806248569513,2.437366955058305e-05,0.21350578504461326,0.055663592716323956,25,10,10
41,3709,0.6780919696110347,2.5606857061848424e-05,0.2757043357384222,0.04617808779348243,25,10,10
41,3710,0.7878037133791008,4.9336218721573264e-06,0.16601519223294733,0.04617616076607956,25,10,10
41,3711,0.883649584961544,0.002091791771509045,0.07434760790040172,0.03991101536654469,25,10,10
41,3712,0.8517229424522506,0.002105854077867909,0.10382456219265837,0.04234664127722223,25,10,10
41,3713,0.8568589004049626,5.613867934991023e-06,0.10019531240811974,0.042940173318983345,25,10,10
41,3714,0.8815758407092406,7.84082975195882e-06,0.08011672516896157,0.03829959329204566,25,10,10
41,3715,0.8397874221396703,7.1999249017443115e-06,0.11703925237782403,0.04316612555760445,25,10,10
41,3716,0.8718041613527849,5.236682446137041e-06,0.09841145656664892,0.029779145398120366,25,10,10
41,3717,0.8742236114194492,8.541219698924762e-06,0.08727697540022722,0.03849087196062497,25,10,10
41,3718,0.8577114401200379,3.3664999059650863e-06,0.1358066559824952,0.006478537397560479,25,10,10
41,3719,0.805064180439456,6.918567714959734e-06,0.1948438415285756,8.505946425304456e-05,25,10,10
41,3720,0.817793984838636,4.549905980449468e-06,0.17567897705440966,0.006522488200973351,25,10,10
41,3721,0.7401336310261865,2.722828503078412e-06,0.21858230361946027,0.04128134252585072,25,10,10
41,3722,0.7059959475421534,3.619245025768582e-06,0.25266024721925695,0.04134018599356537,25,10,10
41,3723,0.8151833608608924,2.83269591910199e-06,0.17786013439414078,0.006953672049048015,25,10,10
41,3724,0.8736408153784113,5.919222096592522e-06,0.11863713605215549,0.007716129347336771,25,10,10
41,3725,0.8717585856156183,6.739563561591926e-06,0.11950670367132168,0.00872797114949804,25,10,10
41,3726,0.8847665794566469,3.333124642086263e-06,0.10782238698602024,0.007407700432690191,25,10,10
41,3727,0.9215315495346504,2.545046128872774e-06,0.07203484167743224,0.006431063741788042,25,10,10
41,3728,0.8958436790829424,1.413197844263492e-05,0.10255783874418645,0.0015843501944287056,25,10,10
41,3729,0.9326920137606778,1.1765026914554087e-05,0.06709167395528878,0.0002045472571185162,25,10,10
41,3730,0.9325859636798032,1.604794671887117e-06,0.06739990342908322,1.252809644159901e-05,25,10,10
41,3731,0.8516265952066684,7.187593345020478e-06,0.14815300822041816,0.00021320897956891762,25,10,10
41,3732,0.8673978705615759,1.342104704020001e-06,0.12517402134233627,0.007426765991385056,25,10,10
41,3733,0.9090435785885724,0.0003301850452084093,0.09057683295076988,4.94034154498287e-05,25,10,10
41,3734,0.9487966087994143,2.3304924096961593e-06,0.05111835512997095,8.27055782052943e-05,25,10,10
41,3735,0.9333642599725245,1.787290939843621e-06,0.06658090120921764,5.305152731848088e-05,25,10,10
41,3736,0.9486578216536583,1.0589427253551887e-06,0.05131668023802798,2.4439165588601754e-05,25,10,10
41,3737,0.9135738966167196,7.866908616729316e-06,0.08635656041008578,6.167606457842575e-05,25,10,10
41,3738,0.9089932987800637,5.467737955301806e-06,0.09070174445988392,0.0002994890220967701,25,10,10
41,3739,0.8640890048007668,5.739708356608297e-06,0.1323621238247707,0.0035431316661053707,25,10,10
41,3740,0.8485214871210991,6.152392209378036e-06,0.14900106878154207,0.0024712917051486357,25,10,10
41,3741,0.8390986635611913,6.111272556111187e-06,0.15981638501941012,0.0010788401468415079,25,10,10
41,3742,0.9136911474144171,0.0017242672173411408,0.08446315522541152,0.00012143014282988519,25,10,10
41,3743,0.9073040019187977,8.087898226066201e-07,0.06496014936875921,0.027735039922620053,25,10,10
41,3744,0.8247123712029318,5.679963416982288e-07,0.14742270050598746,0.02786436029473925,25,10,10
41,3745,0.8398466007731369,0.00030111028355285946,0.12723789526667023,0.03261439367664014,25,10,10
41,3746,0.868712119092595,8.671857886607527e-07,0.05386472269663853,0.07742229102497784,25,10,10
41,3747,0.8329931200442737,0.00029551118415916197,0.09427436095540202,0.07243700781616447,25,10,10
41,3748,0.7936670850972648,0.0002996957593992458,0.1269403847894028,0.07909283435393237,25,10,10
41,3749,0.8163597813022357,0.00029500232148125676,0.09855908875580033,0.08478612762048182,25,10,10
41,3750,0.7897403364604165,0.0010443061241140752,0.1370935727988243,0.07212178461664484,25,10,10
41,3751,0.7758283554237029,0.00029173390070404116,0.15113176823981012,0.0727481424357826,25,10,10
41,3752,0.747942202254295,0.00026502729268722773,0.17726668644148003,0.07452608401153765,25,10,10
41,3753,0.7986335250430037,2.0789928460791055e-05,0.15836127081821888,0.042984414210316686,25,10,10
41,3754,0.8298048812226375,6.798066797270006e-06,0.11798578893214304,0.05220253177842229,25,10,10
41,3755,0.8881121906526546,4.8884235108264734e-05,0.0715183194076257,0.040320605704611136,25,10,10
41,3756,0.8490600349334033,1.7580074592732037e-05,0.11115178016294487,0.039770604829059523,25,10,10
41,3757,0.866033962088317,1.888655140449232e-05,0.09435694061018808,0.03959021075009072,25,10,10
41,3758,0.9552985750825072,2.420962570745127e-05,0.044590647868343304,8.656742344207696e-05,25,10,10
41,3759,0.9087827273333063,5.788287189163e-05,0.09089575377676733,0.00026363601803433036,25,10,10
41,3760,0.8417220944859457,3.736586244943315e-05,0.11794139465076552,0.040299145000838935,25,10,10
41,3761,0.8278262600367409,6.33646005867399e-07,0.10414447787907774,0.06802862843817498,25,10,10
41,3762,0.7844656583468175,7.396577982356092e-06,0.1358703234421857,0.07965662163301412,25,10,10
41,3763,0.6522953220483079,1.7538705919627465e-05,0.25495239579736195,0.09273474344841043,25,10,10
41,3764,0.6805976681562916,1.920255419778859e-06,0.25945533782677194,0.05994507376151656,25,10,10
41,3765,0.792603738832662,6.001736344579401e-06,0.17267757492786043,0.034712684503133355,25,10,10
41,3766,0.8903980761224416,0.00021325883868217533,0.06974780630224392,0.03964085873663323,25,10,10
41,3767,0.8954548270308841,3.004319228049635e-07,0.06484270279660806,0.039702169740584936,25,10,10
41,3768,0.8700719876949884,7.369680793557017e-07,0.09033220525258334,0.03959507008434863,25,10,10
41,3769,0.8553017751160613,9.129672682298642e-06,0.09236408444868072,0.05232501076257536,25,10,10
41,3770,0.8470796537561107,9.18808829203362e-05,0.11044406733178641,0.04238439802918315,25,10,10
41,3771,0.8689430788751891,1.1036242638278967e-06,0.09881274797266609,0.03224306952788153,25,10,10
41,3772,0.8560657663143951,1.5380404891683511e-06,0.11162606880051089,0.03230662684460526,25,10,10
41,3773,0.858195096873049,6.56223034832307e-07,0.09963012121584375,0.042174125688072515,25,10,10
41,3774,0.8188279606830983,1.432792196184659e-05,0.13855559048213226,0.04260212091280768,25,10,10
41,3775,0.8047673194521232,8.462591659661637e-05,0.15519000534554847,0.039958049285732045,25,10,10
41,3776,0.8312003826186508,1.4688083875293912e-06,0.14273569808293268,0.026062450490028376,25,10,10
41,3777,0.8325728675855925,7.36334892227771e-06,0.1303376600382209,0.037082109027264235,25,10,10
41,3778,0.7933935201509147,0.00027710864455554954,0.17846347529141557,0.027865895913114412,25,10,10
41,3779,0.7774027605581835,0.00031373576007293985,0.15799764816722647,0.06428585551451782,25,10,10
41,3780,0.7243350147048644,0.0002805827445401325,0.23538998431292615,0.039994418237668146,25,10,10
41,3781,0.8246227711252909,6.0044123827614876e-06,0.13013984631820638,0.045231378144120093,25,10,10
41,3782,0.9174545998927712,2.868732487107328e-05,0.07616957223506629,0.006347140547291376,25,10,10
41,3783,0.9551827631006929,2.45666019391897e-05,0.044614801309712585,0.00017786898765563227,25,10,10
41,3784,0.9062431716943621,3.741917680420153e-05,0.09359021004465873,0.00012919908417462962,25,10,10
41,3785,0.9087362950869402,1.4748896024133444e-05,0.09123756637662445,1.1389640411686249e-05,25,10,10
41,3786,0.9057944631852355,1.3433347703823797e-05,0.0917382598977288,0.002453843569332222,25,10,10
41,3787,0.8881792768123451,1.2646720468283661e-05,0.08849384321317212,0.02331423325401452,25,10,10
41,3788,0.7982705711313278,2.219804787680738e-06,0.15904516848097372,0.042682040582910544,25,10,10
41,3789,0.8415956012376417,1.6023747826882345e-06,0.11584416570351182,0.04255863068406422,25,10,10
41,3790,0.8146966850909938,7.11313638571622e-06,0.1217091167975375,0.06358708497508292,25,10,10
41,3791,0.7531504749643092,1.9056642876168545e-06,0.18013483706995317,0.06671278230145053,25,10,10
41,3792,0.8052135131106938,4.934575548977462e-07,0.1047168900881932,0.09006910334355803,25,10,10
41,3793,0.7347691600776759,6.647634702932128e-06,0.15954508195491413,0.10567911033270738,25,10,10
41,3794,0.7511036671138756,2.8567912489932947e-06,0.13258320833743364,0.11631026775744209,25,10,10
41,3795,0.7477718363308229,1.1239495213243502e-05,0.17140012457544312,0.08081679959852041,25,10,10
41,3796,0.8435053098343768,7.56345995451896e-07,0.09222061851464035,0.06427331530498696,25,10,10
41,3797,0.8367489202285932,5.626455088371983e-07,0.09844765935738943,0.06480285776850839,25,10,10
41,3798,0.8221941194289457,1.6632416377778698e-05,0.10181359974806427,0.07597564840661356,25,10,10
41,3799,0.8314203618350083,2.3308736030490904e-05,0.09259943794779342,0.07595689148116748,25,10,10
41,3800,0.7442336140028624,0.00027170490094617655,0.15796525650917906,0.09752942458701158,25,10,10
41,3801,0.7647209263703111,0.0003024155672865759,0.15099098254669036,0.0839856755157113,25,10,10
41,3802,0.7674903064718722,6.1028622005374824e-05,0.12988536088262437,0.10256330402349802,25,10,10
41,3803,0.752863543954064,5.028753287258745e-05,0.14619155302388556,0.10089461548917894,25,10,10
41,3804,0.7381018256194222,8.654558121669171e-05,0.16079682394723985,0.10101480485212065,25,10,10
41,3805,0.7792607944078253,6.712403017006458e-06,0.12875407189752155,0.09197842129163605,25,10,10
41,3806,0.8672092297817648,2.3485719749090638e-07,0.0472946453505605,0.08549589001047696,25,10,10
41,3807,0.8578503209195761,2.7791919053943724e-07,0.08779189938855148,0.05435750177268153,25,10,10
41,3808,0.8069403661464558,1.6436747734389593e-06,0.14712359185129809,0.04593439832747264,25,10,10
41,3809,0.7879124874107295,0.0008534147417077144,0.17124041607935972,0.039993681768202484,25,10,10
41,3810,0.7691290003337944,0.0008950664117471496,0.18928641059004614,0.040689522664410865,25,10,10
41,3811,0.8217339350124085,7.985397334760245e-06,0.09768424843579808,0.08057383115445858,25,10,10
41,3812,0.79921470514135,7.874055731751045e-07,0.11138678731407778,0.08939772013899998,25,10,10
41,3813,0.8044667490029198,9.382299010467515e-06,0.10842293129426019,0.08710093740380989,25,10,10
41,3814,0.813294635238798,2.6250502360163875e-06,0.17922848933992389,0.007474250371042792,25,10,10
41,3815,0.9019344151711296,3.888302297941906e-06,0.09242544749049925,0.0056362490360721195,25,10,10
41,3816,0.9335950446305167,5.298579213881654e-07,0.026866924927978913,0.039537500583583324,25,10,10
41,3817,0.9036530712465185,1.7014842709513184e-06,0.09351717390913933,0.002828053360071829,25,10,10
41,3818,0.862173566796205,1.940450243782089e-06,0.13492430811433992,0.0029001846392107426,25,10,10
41,3819,0.8015978163373367,1.6030168697830452e-06,0.19782115222746463,0.0005794284183300759,25,10,10
41,3820,0.8513067637931652,1.8449782842127617e-06,0.1477915136489711,0.000899877579579129,25,10,10
41,3821,0.8596398977207209,5.673435091635696e-06,0.10037485523222334,0.03997957361196384,25,10,10
41,3822,0.8744654247146955,2.645815695756868e-05,0.08604591815517454,0.03946219897317228,25,10,10
41,3823,0.8569390950061391,5.587113253290912e-05,0.10355125447426244,0.03945377938706616,25,10,10
41,3824,0.883151225694156,0.0002386473435295598,0.07838936688645917,0.03822076007585528,25,10,10
41,3825,0.9213561564173106,7.902804360093414e-07,0.03897388446042512,0.039669168841828244,25,10,10
41,3826,0.8847588660375522,7.595050090104253e-07,0.0883152251577928,0.026925149299645856,25,10,10
41,3827,0.8331705798895597,1.3122546171604013e-06,0.12688137438476743,0.03994673347105633,25,10,10
41,3828,0.9045643491826867,1.205094551243303e-06,0.056671587503149254,0.03876285821961293,25,10,10
41,3829,0.830824964183844,0.00011307666131609001,0.13157540942993262,0.037486549724907225,25,10,10
41,3830,0.7906569070476743,9.427798493982904e-06,0.17153452266460062,0.0377991424892294,25,10,10
41,3831,0.7870426781801722,5.07859756579686e-07,0.17702211616947275,0.03593469779059786,25,10,10
41,3832,0.8000918640670369,6.73501141783201e-06,0.12312862501909921,0.07677277590244538,25,10,10
41,3833,0.8303140775319533,1.8902602034162236e-06,0.12312965261624073,0.04655437959160265,25,10,10
41,3834,0.8958459735065749,1.47753915776635e-07,0.07567947595226751,0.028474402787241684,25,10,10
41,3835,0.8441970516052579,2.778953377826996e-07,0.12233110378244866,0.033471566716956086,25,10,10
41,3836,0.8880383913049011,0.00033365045131090727,0.051707823938948856,0.05992013430483922,25,10,10
41,3837,0.8170639886268632,0.0006108434949013432,0.10877048696659201,0.073554680911643,25,10,10
41,3838,0.8382932616782861,0.0006105540763672607,0.12172184459699649,0.039374339648349785,25,10,10
41,3839,0.7933727642072246,0.006782284683796516,0.16227703673393987,0.03756791437503872,25,10,10
41,3840,0.7975299141127457,0.006788630385661248,0.15451605962669407,0.04116539587489939,25,10,10
41,3841,0.7545851187873233,0.0006102541240584901,0.20406472940923426,0.04073989767938315,25,10,10
41,3842,0.8598569357771106,1.7760740432009023e-05,0.100232712511101,0.039892590971355675,25,10,10
41,3843,0.9030521694475511,7.406973750947899e-08,0.06436744729093377,0.032580309191777686,25,10,10
41,3844,0.8541925146222761,1.2918257431573276e-06,0.10538299911651883,0.04042319443546116,25,10,10
41,3845,0.8517706705919211,2.2340425504882896e-06,0.11109748950752447,0.03712960585800435,25,10,10
41,3846,0.8389119902336103,2.085366215857561e-05,0.124036363190603,0.03703079291362851,25,10,10
41,3847,0.8615729095748513,2.1839700744486135e-05,0.10937555807671905,0.029029692647685096,25,10,10
41,3848,0.8533328543325502,3.825468046534325e-06,0.1466440641868451,1.9256012557782552e-05,25,10,10
41,3849,0.9011400523253851,6.136037262869278e-07,0.09878917976691204,7.015430397614376e-05,25,10,10
41,3850,0.8516910863348154,3.4993447523299653e-06,0.14823729748715048,6.81168332822743e-05,25,10,10
41,3851,0.7970950970952515,2.469301941110363e-06,0.2028416921463186,6.074145648849393e-05,25,10,10
41,3852,0.8162273955615821,2.4987863456203924e-06,0.18374415487728338,2.595077478888823e-05,25,10,10
41,3853,0.9024694204101393,1.4615152079044099e-05,0.09713059993267505,0.0003853645051066077,25,10,10
41,3854,0.9317355531078401,0.0002510080148854158,0.06800082028970138,1.2618587572691441e-05,25,10,10
41,3855,0.8665234216690803,2.4864202845522393e-05,0.1313218566082364,0.002129857519838432,25,10,10
41,3856,0.8794377185969731,5.625996074646881e-07,0.1203735557437891,0.00018816305963073325,25,10,10
41,3857,0.8615860368775214,1.8911230726888853e-07,0.13427054958855478,0.004143224421616891,25,10,10
41,3858,0.8102416687415882,8.445718031391544e-07,0.18160264831503267,0.008154838371575757,25,10,10
41,3859,0.777252734189691,6.702998418694286e-07,0.2203135464860362,0.0024330490244311664,25,10,10
41,3860,0.8309351507306366,7.68763557965456e-05,0.15679467889880916,0.012193294014756979,25,10,10
41,3861,0.8778306519185256,2.318779460596608e-06,0.10982403119028994,0.012342998111724051,25,10,10
41,3862,0.929106169019644,3.1353887514946207e-07,0.05896955285049934,0.011923964590981162,25,10,10
41,3863,0.8743643083110563,8.33596786617445e-07,0.08578901335083756,0.03984584474131851,25,10,10
41,3864,0.8486327332302389,8.819554291449103e-07,0.09029771305812469,0.06106867175620722,25,10,10
41,3865,0.8019045620436895,1.2334694734214451e-05,0.13236103061959165,0.06572207264198514,25,10,10
41,3866,0.7920395352655974,1.3722444224045611e-05,0.1541539532652397,0.0537927890249404,25,10,10
41,3867,0.8082022336904465,1.194852360039248e-05,0.1417334002056883,0.05005241758026568,25,10,10
41,3868,0.8142918296635435,0.0010103394729322785,0.14763313669622385,0.03706469416730094,25,10,10
41,3869,0.6917688538397319,6.127514546864632e-07,0.23956518560734316,0.06866534780147077,25,10,10
41,3870,0.7110427766867568,0.0013426205595091036,0.22275569804480683,0.06485890470892575,25,10,10
41,3871,0.7218915280887032,2.1936734238728948e-05,0.21283073391322327,0.06525580126383296,25,10,10
41,3872,0.8262274946621101,8.241959217169296e-06,0.10877758752119675,0.06498667585747632,25,10,10
41,3873,0.8370336214481973,1.0097312234275648e-06,0.09684865518874282,0.06611671363183733,25,10,10
41,3874,0.795892317186869,0.01300506321902031,0.1618629567650104,0.02923966282910113,25,10,10
41,3875,0.8645867963086238,0.00021280637027930443,0.13038456493118178,0.00481583238991589,25,10,10
41,3876,0.8439940359131413,0.00014411700958055288,0.15275630185765915,0.0031055452196188955,25,10,10
41,3877,0.8877276450067676,9.935896372933138e-06,0.10961460834843638,0.0026478107484229395,25,10,10
41,3878,0.8718733833571639,3.240347478442436e-05,0.12562318025070698,0.00247103291734476,25,10,10
41,3879,0.9022586727514532,3.618683869355531e-05,0.09753500951483,0.00017013089502319455,25,10,10
41,3880,0.8562213132833889,0.00020023128136768793,0.14349233612133044,8.611931391189849e-05,25,10,10
41,3881,0.8625332179094208,0.00019804725065368113,0.1370460526824825,0.00022268215744335125,25,10,10
41,3882,0.887714819707333,0.0001857377303658015,0.11197686058460088,0.0001225819776995971,25,10,10
41,3883,0.884586974718751,0.00283094702759727,0.11253040030468352,5.1677948969306544e-05,25,10,10
41,3884,0.9374556209435913,2.688104427737521e-07,0.06244443219367921,9.967805228643515e-05,25,10,10
41,3885,0.9660922696981311,1.1502394057476427e-05,0.03377514412869453,0.00012108377911724742,25,10,10
41,3886,0.9446400822283718,1.0614530888084799e-05,0.05528813039948864,6.117284125193362e-05,25,10,10
41,3887,0.9459834639503539,5.599978573093478e-07,0.053935791820269925,8.018423151937055e-05,25,10,10
41,3888,0.900628154129699,4.097847373136252e-07,0.09822866210520523,0.001142773980357465,25,10,10
41,3889,0.9037870864506562,2.372397947093135e-05,0.09514117600168547,0.0010480135681878145,25,10,10
41,3890,0.8395437584887714,3.505268718545075e-07,0.15994441300580914,0.0005114779785475608,25,10,10
41,3891,0.8614385936997163,7.393070332952445e-06,0.11388299463981587,0.02467101859013446,25,10,10
41,3892,0.9041683568228901,9.274831125354672e-06,0.05589850876370199,0.0399238595822827,25,10,10
41,3893,0.87795370575363,2.6914371327478816e-06,0.08220361857303957,0.03983998423619827,25,10,10
41,3894,0.8437236350639391,2.0028426467819885e-06,0.11986045181609635,0.03641391027731739,25,10,10
41,3895,0.8291343777479021,4.239009966757531e-06,0.09856236923366833,0.07229901400846296,25,10,10
41,3896,0.7589876993390162,3.98596661449807e-05,0.16841131684339625,0.07256112415144365,25,10,10
41,3897,0.8185342064071561,1.3684247905944022e-06,0.10275828252937949,0.07870614263867347,25,10,10
41,3898,0.7541811879797906,2.33078240243048e-06,0.1694428034295957,0.07637367780821065,25,10,10
41,3899,0.7325635472681394,5.037151229182781e-05,0.18996917497341242,0.07741690624615451,25,10,10
41,3900,0.7171905269565145,1.1542732519627779e-05,0.20388146662320916,0.07891646368775583,25,10,10
41,3901,0.7758235325551064,2.327176070570207e-05,0.15377713102491122,0.07037606465927543,25,10,10
41,3902,0.8239528340427275,1.0526237058169224e-05,0.13222557385973358,0.04381106586048035,25,10,10
41,3903,0.8636088265870981,8.841119461681587e-06,0.13330085500097688,0.003081477292464182,25,10,10
41,3904,0.8579593412393163,3.1819080000248486e-05,0.14102948461812373,0.000979355062560928,25,10,10
41,3905,0.7964482725325946,0.008866557283286244,0.19302289778747736,0.0016622723966414723,25,10,10
41,3906,0.8534814077930872,1.1120284599158381e-05,0.14550896288837645,0.0009985090339369586,25,10,10
41,3907,0.9021227671542047,0.0002930828044762876,0.09755597026854794,2.8179772771073026e-05,25,10,10
41,3908,0.8571347339049903,2.8218686043287395e-05,0.14207926042850427,0.0007577869804627957,25,10,10
41,3909,0.8963405081545253,1.4990052447599676e-05,0.10327187642125185,0.00037262537177544546,25,10,10
41,3910,0.8351627335508469,2.309287123560142e-05,0.1622759316045204,0.0025382419733969686,25,10,10
41,3911,0.8237856255266149,8.242488628390413e-06,0.1374160093149067,0.038790122669850095,25,10,10
41,3912,0.9066008473536405,3.9817184756738576e-07,0.05370761734706136,0.039691137127450926,25,10,10
41,3913,0.9344136454010736,4.10562169253711e-07,0.025964201211760667,0.039621742824996156,25,10,10
41,3914,0.8986326759042251,1.8539330152433218e-06,0.06499668381011306,0.036368786352646426,25,10,10
41,3915,0.7688461003170911,7.151150882339793e-06,0.1916872482460931,0.03945950028593393,25,10,10
41,3916,0.8761945262200284,0.00012134917128729669,0.08425727278357156,0.03942685182511235,25,10,10
41,3917,0.8747398190874481,7.710298118619513e-05,0.0960302914018169,0.029152786529549193,25,10,10
41,3918,0.8553668389212238,3.653291515375039e-05,0.11385628125435002,0.03074034690927241,25,10,10
41,3919,0.8547850528378744,4.235732879456831e-05,0.11580094158910521,0.029371648244224665,25,10,10
41,3920,0.8726526327547579,1.1096074158813618e-05,0.1247489056445325,0.0025873655265509464,25,10,10
41,3921,0.9687751796771596,6.042289448997389e-07,0.031125818911966707,9.839718192874099e-05,25,10,10
41,3922,0.9205147259681895,3.633799061530071e-05,0.07931018393532087,0.00013875210587472396,25,10,10
41,3923,0.8759427400462646,2.698160882026492e-05,0.0941134376746187,0.029916840670295965,25,10,10
41,3924,0.8671442238678694,3.2385258334835493e-05,0.09326113668785017,0.03956225418594482,25,10,10
41,3925,0.9348426156316549,4.928414682267445e-07,0.025337198583643968,0.039819692943232995,25,10,10
41,3926,0.8842282277159756,2.2541441091336897e-06,0.07621352172482412,0.03955599641509136,25,10,10
41,3927,0.92042311915153,7.263081143511882e-07,0.04310547419306799,0.036470680347287426,25,10,10
41,3928,0.918398584082306,2.339636961721147e-06,0.04196191302532987,0.03963716325540227,25,10,10
41,3929,0.9002031569966985,1.2992756407239702e-06,0.0601753353353622,0.039620208392298475,25,10,10
41,3930,0.8226109231472317,1.3935060955480933e-06,0.15002242492168627,0.027365258424986758,25,10,10
41,3931,0.7904985135654151,9.389082003898022e-07,0.2060145837927615,0.0034859637336224947,25,10,10
41,3932,0.8399801416633895,1.1420762716607267e-05,0.15644726010106294,0.0035611774728309033,25,10,10
41,3933,0.8851307653754487,1.1125826553581929e-05,0.11465311683673754,0.0002049919612601858,25,10,10
41,3934,0.9179468987188986,1.0156646416458618e-05,0.08186064204327222,0.00018230259141274082,25,10,10
41,3935,0.9316239206884417,5.956293667920561e-06,0.06684360901206991,0.0015265140058206023,25,10,10
41,3936,0.9407602261380821,5.807997992503881e-06,0.057087149203948806,0.0021468166599764686,25,10,10
41,3937,0.9256927891476775,2.174929751540463e-05,0.07215655947601707,0.0021289020787895814,25,10,10
41,3938,0.8644798375841863,2.1964502180556133e-05,0.12558905307857282,0.009909144835061185,25,10,10
41,3939,0.9311929674282368,1.619774540133972e-05,0.06668432096828539,0.0021065138580764983,25,10,10
41,3940,0.9482346661420337,1.5633522914051172e-06,0.04245751460996782,0.009306255895706954,25,10,10
41,3941,0.8852675601512451,1.6726461831765412e-05,0.11464317685873207,7.253652819082381e-05,25,10,10
41,3942,0.8131936404296249,4.8317437642216115e-06,0.1468073701364973,0.03999415769011366,25,10,10
41,3943,0.7954182635442055,6.4579895432882924e-06,0.16462828092841156,0.03994699753783983,25,10,10
41,3944,0.8233288198065999,1.249555745957917e-06,0.13673101328149395,0.0399389173561606,25,10,10
41,3945,0.811685460622901,9.37342718609255e-06,0.15994556490790435,0.028359601042008933,25,10,10
41,3946,0.8363540873375154,1.3448187975142275e-06,0.13679497038404534,0.026849597459640943,25,10,10
41,3947,0.8409956269164391,8.842358832669644e-07,0.13003048120461436,0.028973007643062636,25,10,10
41,3948,0.7893945628330821,9.95732929034287e-06,0.1671135711873737,0.04348190865025432,25,10,10
41,3949,0.8181282804309227,4.9446700793515185e-06,0.17237454523792553,0.009492229661072252,25,10,10
41,3950,0.8475363971712362,2.9829989846695454e-06,0.14472180244431296,0.00773881738546666,25,10,10
41,3951,0.8129952420598084,2.8503080237260695e-05,0.18208119226940847,0.004895062590546125,25,10,10
41,3952,0.780703332410807,2.8017173951715692e-05,0.21576671289223692,0.0035019375230022215,25,10,10
41,3953,0.8465861199644518,1.1485893048333074e-05,0.12574861802362733,0.02765377611887341,25,10,10
41,3954,0.8289678043933866,1.7669096442706963e-05,0.13933544827716665,0.03167907823300411,25,10,10
41,3955,0.8317523126640414,5.828314800033396e-05,0.14460733530601533,0.023582068881942454,25,10,10
41,3956,0.81377436566882,5.461586542193748e-05,0.16324982866161633,0.022921189804141137,25,10,10
41,3957,0.8396268634424494,5.699494150258612e-05,0.13725251943478076,0.023063622181268024,25,10,10
41,3958,0.8526947972804143,2.1079735315576182e-05,0.14256385320348558,0.004720269780784744,25,10,10
41,3959,0.8881427917149303,2.8806411324570163e-06,0.10969251336876853,0.00216181427516906,25,10,10
41,3960,0.9280234364718011,0.00038202489439325446,0.07151064916330017,8.388947050597074e-05,25,10,10
41,3961,0.9226400644535957,0.0003805313220763234,0.07253069187058397,0.0044487123537434135,25,10,10
41,3962,0.8513095762358427,0.00037920502927756347,0.10868857550688943,0.03962264322798997,25,10,10
41,3963,0.8870623573319993,0.00037925388621799013,0.07286378559447962,0.03969460318730293,25,10,10
41,3964,0.8750533633613685,1.3277474907279183e-07,0.09597362971357626,0.028972874150306055,25,10,10
41,3965,0.8953562592075452,1.1435196780565516e-05,0.07576460618789072,0.02886769940778257,25,10,10
41,3966,0.8741109116156758,2.254643736683265e-06,0.09694684177369271,0.02893999196689459,25,10,10
41,3967,0.7963642040828716,4.268918546902357e-05,0.16542671095628397,0.0381663957753761,25,10,10
41,3968,0.8314814265420567,3.854318627952433e-06,0.13011788939328706,0.03839682974602745,25,10,10
41,3969,0.8403477673860599,2.841069913207177e-07,0.11991012623616248,0.03974182227078622,25,10,10
41,3970,0.831797088718962,1.2432120658201442e-06,0.12533461782899333,0.04286705023997781,25,10,10
41,3971,0.8282881719483207,0.00016925863687858984,0.12837101934019846,0.0431715500746018,25,10,10
41,3972,0.7755093861578912,0.00016739785449876307,0.1810723038214321,0.04325091216617803,25,10,10
41,3973,0.8832997379441045,1.969310611988084e-05,0.07669664348743845,0.03998392546233673,25,10,10
41,3974,0.7968472654393365,4.621310268124846e-05,0.13770401290094736,0.06540250855703404,25,10,10
41,3975,0.8330746503295962,4.675238958550823e-05,0.0869799358896128,0.07989866139120616,25,10,10
41,3976,0.834340012139601,6.911441189681684e-06,0.09280975670824743,0.0728433197109625,25,10,10
41,3977,0.7346984011448394,1.1739776235972573e-05,0.18877626649230275,0.07651359258662228,25,10,10
41,3978,0.804729391438374,0.0001830797772144378,0.15885645023415595,0.03623107855025641,25,10,10
41,3979,0.7954338149834931,0.00018337911563765178,0.1647198353460032,0.03966297055486758,25,10,10
41,3980,0.8415709503971762,1.0552835098784107e-06,0.13351304193863192,0.024914952380682438,25,10,10
41,3981,0.8854563522274546,1.2706739687320183e-06,0.08969281384173439,0.024849563256842865,25,10,10
41,3982,0.8777331819445626,6.149467912840233e-07,0.0827697217969297,0.039496481311716625,25,10,10
41,3983,0.894406116920254,6.9603612911679876e-06,0.0967396580482348,0.008847264670220335,25,10,10
41,3984,0.9341702524702318,5.775965064625866e-06,0.061415663647916716,0.0044083079167867995,25,10,10
41,3985,0.9044192878587849,7.613781933224513e-07,0.09554809098238269,3.18597806392458e-05,25,10,10
41,3986,0.9075339141914854,1.757613188899437e-05,0.09151838745470256,0.0009301222219230061,25,10,10
41,3987,0.8996874751987408,1.4676699331621134e-05,0.10028494957690254,1.2898525024889714e-05,25,10,10
41,3988,0.9097933238018396,6.81542088552999e-06,0.08861450659417387,0.0015853541831008736,25,10,10
41,3989,0.8784510720784077,0.0009337417726299048,0.12046583694866893,0.00014934920029406642,25,10,10
41,3990,0.8483976646852348,0.0009361724047826378,0.14895652998188877,0.001709632928094813,25,10,10
41,3991,0.8382431729101723,0.00902452588516056,0.15257788638859127,0.00015441481607658588,25,10,10
41,3992,0.8507863547650559,1.5377172156496936e-05,0.14907619966190266,0.00012206840088466772,25,10,10
41,3993,0.8639792392619736,1.3944371659245498e-05,0.13591200699554787,9.480937081907441e-05,25,10,10
41,3994,0.8292702275163876,3.672958979147867e-05,0.17038568951077152,0.0003073533830488246,25,10,10
41,3995,0.8878694956981351,2.445716564380574e-05,0.1120679176729396,3.812946328101215e-05,25,10,10
41,3996,0.8000205672351965,0.0018969893181201701,0.1980291156696886,5.3327776996200466e-05,25,10,10
41,3997,0.8607293325324443,0.001887074721999715,0.13724269304359338,0.00014089970196280773,25,10,10
41,3998,0.7873307155963011,0.001874104991410805,0.20659194632077382,0.004203233091515748,25,10,10
41,3999,0.8613440399644903,5.20443574752291e-07,0.13590480192575946,0.0027506376661758244,25,10,10
41,4000,0.8539634312422993,9.358899538635162e-07,0.1425533059630518,0.0034823269046955585,25,10,10
41,4001,0.8675910449339941,7.788231326433654e-07,0.1312395604090141,0.001168615833858699,25,10,10
41,4002,0.8421221294211573,1.7510631463066185e-06,0.15425819094306528,0.003617928572631021,25,10,10
41,4003,0.7840510334449702,2.126303449240687e-05,0.2009480874209131,0.014979616099624466,25,10,10
41,4004,0.8216276463859292,2.2113083735537873e-06,0.16341719833830815,0.014952943967390093,25,10,10
41,4005,0.8345510260198704,7.299338766239212e-07,0.1241768804466494,0.04127136359960444,25,10,10
41,4006,0.774887825789076,8.287250282519506e-06,0.1726146650093587,0.052489221951282514,25,10,10
41,4007,0.817117352564294,8.683015240622164e-06,0.14589048010649272,0.03698348431397147,25,10,10
41,4008,0.8809567676316764,5.413718743411505e-05,0.07949979481160431,0.03948930036928521,25,10,10
41,4009,0.7998919008611152,1.9425398121863464e-05,0.16040562340136183,0.039683050339399936,25,10,10
41,4010,0.8402589391956377,5.699900893088246e-07,0.12003832019289376,0.039702170621379824,25,10,10
41,4011,0.8816893344645649,4.7554853323603396e-07,0.08983663663852268,0.02847355334837853,25,10,10
41,4012,0.7925960599657185,1.2114654324221825e-06,0.17915254984580578,0.0282501787230453,25,10,10
41,4013,0.8287944865494924,1.7004136985818002e-06,0.1328518232231966,0.03835198981361212,25,10,10
41,4014,0.834926858124655,3.616672800351185e-05,0.12490063059913883,0.04013634454820325,25,10,10
41,4015,0.7750740589774816,5.154859362094903e-06,0.1844520603270277,0.04046872583612839,25,10,10
41,4016,0.8630927802175266,4.070416260206666e-06,0.09642462958070569,0.04047851978550737,25,10,10
41,4017,0.8740776285349073,2.710519251264192e-06,0.12517856913288636,0.0007410918129546572,25,10,10
41,4018,0.8005029958904664,1.2131747429788493e-05,0.19913244659604284,0.0003524257660612249,25,10,10
41,4019,0.7560241630119248,2.281159339815875e-06,0.2436977918886275,0.00027576394010650116,25,10,10
41,4020,0.9221920548603931,2.806635357989059e-06,0.07773659034049872,6.85481637512203e-05,25,10,10
41,4021,0.9075174581954873,1.442212503805921e-07,0.09238857586126058,9.382172200225254e-05,25,10,10
41,4022,0.9267695308701769,1.93840760452358e-07,0.07107474431977892,0.0021555309692841396,25,10,10
41,4023,0.9119802919225602,2.2047464369641265e-05,0.08767011483575332,0.0003275457773160404,25,10,10
41,4024,0.9456092527357818,2.8976853483200795e-05,0.05408793829193055,0.00027383211880459534,25,10,10
41,4025,0.9199791177029211,0.000573225318133328,0.07895639619838014,0.0004912607805654687,25,10,10
41,4026,0.8405728841903128,1.5295055453483216e-06,0.15235248730668227,0.007073098997459295,25,10,10
41,4027,0.8563517813484418,1.4322267909518132e-05,0.1354234392671411,0.008210457116507279,25,10,10
41,4028,0.919424456950421,1.4244043905913872e-05,0.08054608608236259,1.5212923310442218e-05,25,10,10
41,4029,0.8250631702870065,1.9991188519169584e-06,0.17472636619798984,0.00020846439615278639,25,10,10
41,4030,0.8237041507898248,1.3386828279114388e-06,0.17627850098057402,1.6009546774296685e-05,25,10,10
41,4031,0.8586217986024133,6.8043285029159565e-06,0.13973958605927006,0.0016318110098140065,25,10,10
41,4032,0.9026432783558315,1.2332689963608567e-06,0.09728223868783577,7.324968733713021e-05,25,10,10
41,4033,0.8640129297889798,1.3621176546344393e-05,0.13591401059531263,5.9438439160632314e-05,25,10,10
41,4034,0.8487430720713515,6.843528875378593e-05,0.1509633654873911,0.0002251271525047956,25,10,10
41,4035,0.8997485533209946,7.409745864829029e-05,0.1000405626911488,0.00013678652920802185,25,10,10
41,4036,0.865705779584429,7.172423813194041e-06,0.09468074128597877,0.03960630670577867,25,10,10
41,4037,0.8059767010378074,1.8506037568828608e-05,0.12582705113375442,0.0681777417908691,25,10,10
41,4038,0.7899602815640724,1.8662538694945488e-05,0.17045851494778397,0.039562540949448194,25,10,10
41,4039,0.8151761404679836,2.4118879571643663e-06,0.1444034649529076,0.04041798269115205,25,10,10
41,4040,0.8061228864053591,1.6732099805369015e-05,0.13789111330427312,0.0559692681905611,25,10,10
41,4041,0.8568496027199595,1.2976979720157658e-06,0.11797889536430058,0.025170204217767837,25,10,10
41,4042,0.8311909365539933,3.8176451609426276e-05,0.14085750328974928,0.02791338370464773,25,10,10
41,4043,0.8401915621507497,4.94314685176642e-05,0.15712613956516017,0.0026328668155720645,25,10,10
41,4044,0.9163400403855332,2.925655525288011e-07,0.08349764476248678,0.00016202228642792055,25,10,10
41,4045,0.9588685701856996,4.084738289965033e-06,0.04106024262218206,6.710245382794938e-05,25,10,10
41,4046,0.8876831727243981,1.9364963764974912e-06,0.10540117592659232,0.006913714852632868,25,10,10
41,4047,0.8891947202049836,1.1966128606588197e-05,0.10893925592633526,0.0018540577400739439,25,10,10
41,4048,0.8845441848403638,1.0128479449956365e-05,0.11408214244470026,0.001363544235485443,25,10,10
41,4049,0.808783285758295,4.6076355537553444e-06,0.18636522844922507,0.004846878156926146,25,10,10
41,4050,0.9046629903538913,2.7277530921638768e-06,0.09200099749012651,0.0033332844028899824,25,10,10
41,4051,0.888447192728322,1.8787498596924687e-06,0.1112454389019926,0.000305489619826511,25,10,10
41,4052,0.9267375642435459,1.7041109109169367e-05,0.07287459581005666,0.0003707988372884536,25,10,10
41,4053,0.9459082149066734,3.8094960677945036e-05,0.05378447490456941,0.0002692152280795738,25,10,10
41,4054,0.9495411061984729,3.107043061366563e-05,0.04833069086407682,0.002097132506836686,25,10,10
41,4055,0.9027853506638865,7.744203138424172e-06,0.0951699750152824,0.002036930117692778,25,10,10
41,4056,0.8993709789492721,7.458807603984309e-06,0.09857571333330944,0.002045848909813933,25,10,10
41,4057,0.842656738980092,2.382815719717392e-05,0.15427619961574876,0.003043233246962393,25,10,10
41,4058,0.8554421399602253,1.7773017857531596e-05,0.14155914250065685,0.0029809445212603965,25,10,10
41,4059,0.8753975149232316,1.1805516311959549e-05,0.11962666319767455,0.004964016362782377,25,10,10
41,4060,0.888620502810171,1.090308897375168e-05,0.10834477441078658,0.0030238196900690462,25,10,10
41,4061,0.8500301548631579,1.6390400643969952e-05,0.14981787527437793,0.00013557946181948392,25,10,10
41,4062,0.9057074476586112,5.865953621777347e-06,0.0939558821106669,0.0003308042770994292,25,10,10
41,4063,0.9156941634524811,1.576309910352365e-06,0.08241893572165053,0.0018853245159575005,25,10,10
41,4064,0.8282529659341926,3.3589180660713835e-06,0.1714090884466972,0.00033458670104503094,25,10,10
41,4065,0.8257630064986534,1.2168272692709274e-05,0.1657397823127997,0.008485042915853593,25,10,10
41,4066,0.7851301097255413,0.00021669713501787708,0.17984153123835586,0.03481166190108559,25,10,10
41,4067,0.7878471806569344,0.0014676728579191018,0.16246899419700228,0.048216152288144666,25,10,10
41,4068,0.787401587882885,5.0062842624621116e-05,0.17283866404188644,0.039709685232602994,25,10,10
41,4069,0.8121051641205956,1.7677709132093917e-05,0.14306234538760965,0.04481481278266178,25,10,10
41,4070,0.8235633733352453,1.896680427204439e-05,0.13649268193702985,0.039924977923452884,25,10,10
41,4071,0.8365829761087035,3.406172128718933e-07,0.13744004821591668,0.02597663505816659,25,10,10
41,4072,0.902358409703162,2.212486863460924e-06,0.05810097851799902,0.0395383992919755,25,10,10
41,4073,0.9010479420870291,3.888873160780394e-07,0.05943336611004632,0.039518302915608296,25,10,10
41,4074,0.8851960281726662,1.126861788410823e-05,0.07470411709241126,0.04008858611703859,25,10,10
41,4075,0.7971686349174825,0.0006061141888231417,0.1621731984151552,0.04005205247853915,25,10,10
41,4076,0.8630634252470297,0.0005941558485204043,0.09677036926518086,0.03957204963926862,25,10,10
41,4077,0.8100158347144102,0.00030871221484893795,0.15008760693809242,0.039587846132648784,25,10,10
41,4078,0.8587563278784001,5.741775445980055e-05,0.10135097596390695,0.039835278403233344,25,10,10
41,4079,0.9137315401468473,1.0082948460613452e-06,0.05873989121031609,0.02752756034799053,25,10,10
41,4080,0.90371644519319,1.471743773919531e-07,0.06875589748425727,0.027527510148175286,25,10,10
41,4081,0.8329319841516798,6.684223144664137e-07,0.13167191502684011,0.03539543239916521,25,10,10
41,4082,0.8259637418443384,1.7777545791412053e-06,0.13272825201659452,0.04130622838448824,25,10,10
41,4083,0.831219143777256,7.2743320509031344e-06,0.13379351158629546,0.03498007030439723,25,10,10
41,4084,0.8252168411431668,8.813589737522378e-06,0.1079763700300403,0.06679797523705547,25,10,10
41,4085,0.8909957197920158,8.210604939353438e-06,0.04210232520842579,0.06689374439461952,25,10,10
41,4086,0.8870325055507178,9.213442671470085e-07,0.03378454064489835,0.07918203246011632,25,10,10
41,4087,0.8997752922011583,8.663362944622237e-06,0.06766829271831538,0.03254775171758159,25,10,10
41,4088,0.8940760561630202,6.0368500103651886e-05,0.07984173345290958,0.02602184188396642,25,10,10
41,4089,0.8819821106181043,1.3157441372003856e-05,0.09176587005069317,0.026238861889830368,25,10,10
41,4090,0.8312203999395748,1.913574474833617e-05,0.1302280784182623,0.03853238589741455,25,10,10
41,4091,0.8999874489537288,1.155938507535122e-05,0.06025638634106317,0.039744605320132874,25,10,10
41,4092,0.8699036252947532,1.3126094410515735e-06,0.09049854876046862,0.03959651333533743,25,10,10
41,4093,0.8590661289677864,0.00011045827750005137,0.08947676509209385,0.051346647662619684,25,10,10
41,4094,0.8371104670183738,6.624476455364516e-06,0.11140424908881633,0.05147865941635428,25,10,10
41,4095,0.8751695197443956,2.134358527575492e-06,0.07341112845378321,0.051417217443293375,25,10,10
41,4096,0.8218152098598018,3.1842631945688736e-07,0.13513072843007543,0.043053743283802834,25,10,10
41,4097,0.7961430227485218,0.00042150518332560553,0.1606649038743796,0.04277056819377204,25,10,10
41,4098,0.8370683588107858,0.00043480409908682756,0.09739025211248777,0.06510658497763933,25,10,10
41,4099,0.806527896167718,1.1141167976036068e-06,0.11449724839789413,0.07897374131759001,25,10,10
41,4100,0.8113823803036267,2.1387051320380554e-06,0.12286540685941617,0.06575007413182479,25,10,10
41,4101,0.8292739220882733,1.839965881765432e-06,0.10589057108267695,0.06483366686316826,25,10,10
41,4102,0.810068889406155,1.0320079799009223e-06,0.10005793299310083,0.08987214559276378,25,10,10
41,4103,0.839193331220119,7.368022657766635e-07,0.08677654136408747,0.07402939061352738,25,10,10
41,4104,0.7719385867269569,9.539928812762145e-05,0.12288402652189269,0.10508198746302262,25,10,10
41,4105,0.7255363070208287,4.345744271065334e-06,0.16925942493961382,0.10519992229528757,25,10,10
41,4106,0.7467361262565596,2.7029785029752336e-05,0.18145771405206435,0.07177912990634858,25,10,10
41,4107,0.817899294354003,1.6621187609872745e-06,0.12858436259430894,0.0535146809329267,25,10,10
41,4108,0.8023579365436133,6.26417102055992e-05,0.15789389244717525,0.03968552929900569,25,10,10
41,4109,0.8493482019040929,3.48139031216961e-07,0.11015078774511095,0.040500662211764855,25,10,10
41,4110,0.8035501586256838,4.337771930834096e-06,0.19524086438454727,0.0012046392178381017,25,10,10
41,4111,0.7813049016586777,1.4640451387537029e-05,0.2153407370182782,0.0033397208716553117,25,10,10
41,4112,0.8037564461045615,2.0297195644245002e-05,0.1947367255262752,0.0014865311735202899,25,10,10
41,4113,0.7839328086765431,2.7480894568645405e-05,0.2129085720526546,0.0031311383762340633,25,10,10
41,4114,0.7979434403114422,3.4999172479431785e-06,0.20177049333991165,0.0002825664313981761,25,10,10
41,4115,0.8552246783822599,1.650249616136229e-05,0.14422302787981145,0.0005357912417673104,25,10,10
41,4116,0.9296046936295932,7.546040032490965e-07,0.07026211003037428,0.00013244173602960254,25,10,10
41,4117,0.8596004192158095,1.204554920042064e-06,0.1384552211003207,0.0019431551289487428,25,10,10
41,4118,0.7821034826720404,2.236883283623882e-06,0.21607870222890654,0.001815578215769007,25,10,10
41,4119,0.8154280675404263,1.481414271638777e-06,0.1843930704718688,0.00017738057343267215,25,10,10
41,4120,0.8416915257227104,1.6389641066528423e-06,0.15828028872677868,2.6546586404114238e-05,25,10,10
41,4121,0.8958526523480466,1.4104159739993592e-06,0.10413701377238181,8.923463596385834e-06,25,10,10
41,4122,0.8706330319344338,4.1956815163216473e-07,0.12935452564178382,1.2022855630222298e-05,25,10,10
41,4123,0.8333251267569769,8.65209335811918e-07,0.14114528644155033,0.02552872159213634,25,10,10
41,4124,0.9193139027446375,3.1611369180053993e-07,0.07947125088231886,0.0012145302593510002,25,10,10
41,4125,0.9581716914230036,4.1661651176087566e-05,0.041695957916971754,9.068900884893425e-05,25,10,10
41,4126,0.9517303490933777,0.00010031767364964024,0.048152375137769286,1.6958095203159493e-05,25,10,10
41,4127,0.9407026105275813,1.7282635270845912e-06,0.058259202605599,0.0010364586032932039,25,10,10
41,4128,0.9248210871277085,8.008218904017221e-07,0.07508594465146325,9.216739893781354e-05,25,10,10
41,4129,0.9545818382165653,8.641875177845125e-07,0.04538869743386131,2.8600162055316077e-05,25,10,10
41,4130,0.8867432570982199,4.042025781840786e-06,0.11277343957629592,0.0004792612997028523,25,10,10
41,4131,0.8665380570710084,0.0004331528970268669,0.13069002825669535,0.002338761775269301,25,10,10
41,4132,0.9041037642174133,7.5205765280591145e-06,0.09357186896224018,0.002316846243818464,25,10,10
41,4133,0.8179112103790712,7.355036372429637e-05,0.1814460300652069,0.0005692091919964383,25,10,10
41,4134,0.8323688091395078,7.482097727084531e-06,0.14499858644429606,0.02262512231846827,25,10,10
41,4135,0.7594143390629959,1.0675835334213612e-05,0.21801456150974374,0.0225604235919257,25,10,10
41,4136,0.79867797007073,1.6373402188590618e-06,0.1614246231080424,0.03989576948100841,25,10,10
41,4137,0.7938985666026579,3.647546798331825e-07,0.16636733520898264,0.039733733433679926,25,10,10
41,4138,0.8593306417625673,1.438001317727507e-05,0.10092797207714085,0.03972700614711362,25,10,10
41,4139,0.7870327654511421,1.5422851173550634e-05,0.1409273937704526,0.07202441792723133,25,10,10
41,4140,0.8201838833639621,6.775727741008954e-07,0.10027031889468202,0.07954512016858156,25,10,10
41,4141,0.7863567516963699,0.0004020253915942724,0.13285086149149966,0.0803903614205363,25,10,10
41,4142,0.8102454964941077,1.778654359691267e-06,0.15007658893529333,0.03967613591624023,25,10,10
41,4143,0.8036717914677491,4.393817661026933e-06,0.16800824201170936,0.02831557270288049,25,10,10
41,4144,0.7574015149879315,3.6275799841818284e-06,0.21420802033078773,0.02838683710129729,25,10,10
41,4145,0.8572665774819059,1.631923651513495e-06,0.11431313714348641,0.028418653450955886,25,10,10
41,4146,0.8967589594998238,2.367419478980444e-06,0.07497701238387718,0.028261660696820075,25,10,10
41,4147,0.8280605823851215,3.3532862473198387e-06,0.1588176576716142,0.013118406657016695,25,10,10
41,4148,0.8106897635250128,3.3565791235240677e-06,0.1761806083592003,0.013126271536662095,25,10,10
41,4149,0.8747926396993745,6.140853247333759e-06,0.11147495202958348,0.013726267417794083,25,10,10
41,4150,0.8610150820151454,1.5197119657658931e-05,0.1240685017758843,0.014901219089311643,25,10,10
41,4151,0.8639324859391642,6.2665179739164845e-06,0.0964318114883516,0.039629436054510775,25,10,10
41,4152,0.9437006134836028,4.4058200666942117e-07,0.016663533174547863,0.03963541275984203,25,10,10
41,4153,0.8785608734876162,1.0007425906904057e-06,0.08032477508411243,0.04111335068568081,25,10,10
41,4154,0.8934930928490706,2.669139280688196e-06,0.06541095295293702,0.041093285058711695,25,10,10
41,4155,0.830854760452885,6.748022441392443e-05,0.14150758067553015,0.027570178647170783,25,10,10
41,4156,0.8735738785820024,3.2272551090925564e-05,0.08653449617788671,0.039859352689019974,25,10,10
41,4157,0.8785086648870091,9.066599168347278e-06,0.08185933808662024,0.039622930427202684,25,10,10
41,4158,0.8389540595206947,4.442484452867894e-06,0.11054174307116474,0.05049975492368769,25,10,10
41,4159,0.8195848337269677,4.236444820578913e-06,0.1433900066929799,0.03702092313523249,25,10,10
41,4160,0.8268148428124078,1.1585486628973183e-05,0.15953650208209344,0.013637069618868814,25,10,10
41,4161,0.8329131525551547,6.818967266751448e-07,0.13592799031477823,0.031158175233341124,25,10,10
41,4162,0.8980229863666651,6.240639020352152e-06,0.0707262682858052,0.0312445047085095,25,10,10
41,4163,0.9066391914440786,6.132152513458319e-06,0.06400247931240705,0.029352197091000516,25,10,10
41,4164,0.8876709510828098,1.0876902406982128e-06,0.11150871101070717,0.0008192502162429982,25,10,10
41,4165,0.877448019054516,5.8335841885918695e-06,0.12199075807501356,0.0005553892862825726,25,10,10
41,4166,0.9310623044577468,4.223367412429412e-06,0.06892464104338152,8.831131459265266e-06,25,10,10
41,4167,0.8896309855989667,1.924200707883272e-06,0.0920691817162354,0.01829790848409085,25,10,10
41,4168,0.9041057474689238,2.031293886623168e-07,0.04398916473431346,0.051904884667373814,25,10,10
41,4169,0.8535225056127945,7.37878548029171e-07,0.08051971339844266,0.06595704311021565,25,10,10
41,4170,0.8419632283243752,9.291709424957396e-07,0.12203928263594314,0.03599655986873916,25,10,10
41,4171,0.8371702864407149,3.2968335087437385e-05,0.16228299275642727,0.0005137524677699051,25,10,10
41,4172,0.8674935076498298,1.0585173697008479e-06,0.13216945595809848,0.00033597787470251593,25,10,10
41,4173,0.9054282570462814,3.0002032791592564e-06,0.09286473806754765,0.0017040046828924427,25,10,10
41,4174,0.7648689963211155,2.825590725234559e-05,0.23466790876905183,0.00043483900257971055,25,10,10
41,4175,0.8507051072885835,2.8735544306905553e-05,0.148878319994786,0.0003878371723245275,25,10,10
41,4176,0.8561601771656656,2.6500935272535305e-05,0.14363649275293588,0.00017682914612694885,25,10,10
41,4177,0.8437486027753351,0.00021203863679528296,0.15591380114960654,0.00012555743826353814,25,10,10
41,4178,0.8749039891834819,2.249945292295416e-05,0.1250463758428118,2.713552078351018e-05,25,10,10
41,4179,0.8681955568354652,2.722556925924464e-05,0.12967779992689443,0.002099417668380795,25,10,10
41,4180,0.8381389902744237,1.0596868473703302e-05,0.10991858730378262,0.051931825553319655,25,10,10
41,4181,0.8306986883192546,3.7018276218858165e-06,0.11506924671896103,0.05422836313416159,25,10,10
41,4182,0.8033148445551186,1.5383439547941347e-05,0.11505827069346268,0.0816115013118708,25,10,10
41,4183,0.8062792448693551,1.3342788916553913e-05,0.10751435783705028,0.08619305450467812,25,10,10
41,4184,0.8048343199670748,1.3397078868511998e-06,0.11070894934255054,0.08445539098248718,25,10,10
41,4185,0.8000816983693274,7.632254456008587e-05,0.12022813521099557,0.07961384387511582,25,10,10
41,4186,0.7691063058822202,9.416084828057667e-06,0.18974217282412226,0.04114210520882989,25,10,10
41,4187,0.7756133434269473,9.532179585020613e-05,0.1875287576501463,0.03676257712705758,25,10,10
41,4188,0.8388706863223887,8.694841718652779e-05,0.12427683122997582,0.03676553403044879,25,10,10
41,4189,0.812069521940509,9.318866210091033e-05,0.15139376067133425,0.03644352872605482,25,10,10
41,4190,0.8347753289659378,1.2659796107912156e-06,0.12100165796861942,0.0442217470858318,25,10,10
41,4191,0.8775275527505585,1.6820989328848633e-05,0.08266585556485527,0.039789770695257506,25,10,10
41,4192,0.795297286653929,4.047053455039092e-06,0.16503443348835894,0.03966423280425749,25,10,10
41,4193,0.8308150781934955,6.3247638316494275e-06,0.129624286913346,0.0395543101293269,25,10,10
41,4194,0.8415963845859429,4.556426974445826e-06,0.13003071278270084,0.028368346204382947,25,10,10
41,4195,0.8626579171043354,1.0754787870476851e-06,0.09477169825736138,0.04256930915951606,25,10,10
41,4196,0.833829422687339,4.353966263361986e-06,0.13902179587696709,0.027144427469430136,25,10,10
41,4197,0.8881798696447922,2.8238410794811774e-06,0.10869108620946602,0.0031262203046623356,25,10,10
41,4198,0.869432258591599,1.0057986621490368e-05,0.1304281763719464,0.00012950704983261468,25,10,10
41,4199,0.8294846566226037,0.002278008380734344,0.1678577484631908,0.0003795865334701177,25,10,10
41,4200,0.8627141192172008,0.002287993114574274,0.13476576892563977,0.00023211874258496933,25,10,10
41,4201,0.8054872547612572,1.6862961315047093e-06,0.1932489686901523,0.0012620902524576418,25,10,10
41,4202,0.8789618764854551,3.206319561598257e-07,0.12100070635288031,3.709652970860909e-05,25,10,10
41,4203,0.87825167278585,6.417465397706925e-05,0.12158759488234509,9.655767782760142e-05,25,10,10
41,4204,0.8963349942536141,4.573498029962505e-05,0.10346337506231974,0.00015589570376595027,25,10,10
41,4205,0.8664067993403877,4.0960417680372684e-05,0.1332970803628449,0.00025515987908708966,25,10,10
41,4206,0.9224854138307219,1.3489836220853108e-05,0.07727186229116025,0.00022923404189679285,25,10,10
41,4207,0.8606395905956608,2.474581712101402e-06,0.13883340751646997,0.000524527306157023,25,10,10
41,4208,0.8225572182066816,5.010219964471702e-06,0.17656401905390975,0.0008737525194435874,25,10,10
41,4209,0.8479971325134323,2.2959652104332513e-06,0.1475908796042853,0.004409691917072063,25,10,10
41,4210,0.9058679556762955,1.2441149950236296e-05,0.09388739898046009,0.0002322041932946507,25,10,10
41,4211,0.9376849620034656,9.286549440677708e-07,0.0622936411192075,2.0468222382907927e-05,25,10,10
41,4212,0.8969916544509894,8.312298165732017e-07,0.10262087697706766,0.0003866373421269031,25,10,10
41,4213,0.8696127719158774,4.784692613632335e-06,0.12991871032926672,0.00046373306224190084,25,10,10
41,4214,0.874529138712507,2.1740335307034856e-07,0.12506743102637036,0.0004032128577691449,25,10,10
41,4215,0.8330149092019441,5.40184318332956e-07,0.16692622138846605,5.832922527159988e-05,25,10,10
41,4216,0.8880509820759677,2.2195397386634704e-05,0.11179362348377758,0.00013319904286753862,25,10,10
41,4217,0.8361053369999203,3.279955648441623e-05,0.1638380185600504,2.3844883546066023e-05,25,10,10
41,4218,0.9145692867593447,3.39950879742826e-05,0.08532674349914109,6.99746535398772e-05,25,10,10
41,4219,0.8696695485553613,3.0338505112914535e-05,0.08948530067666007,0.04081481226286541,25,10,10
41,4220,0.7875376719468099,6.538655081472902e-06,0.18628510522692898,0.026170684171178495,25,10,10
41,4221,0.8433936802037613,5.182174831785548e-06,0.12772934892285862,0.02887178869854756,25,10,10
41,4222,0.9124297594650206,3.8463277966356836e-07,0.049493584945930424,0.038076270956269156,25,10,10
41,4223,0.8550778589700265,5.2225802678533465e-05,0.0977288245640228,0.047141090663272094,25,10,10
41,4224,0.8815517096082798,6.074435659470036e-05,0.0800413560982004,0.03834618993692512,25,10,10
41,4225,0.7838821381062081,3.340151409171571e-06,0.16109626172988198,0.05501826001250152,25,10,10
41,4226,0.6936990631332715,2.317424648247245e-05,0.22402707173501615,0.0822506908852295,25,10,10
41,4227,0.7853325592084753,5.353859623029191e-05,0.09491986168650544,0.11969404050878918,25,10,10
41,4228,0.8054226509719493,0.0018344736346160813,0.07367038285896794,0.11907249253446581,25,10,10
41,4229,0.8102924505297348,2.2289615756111925e-06,0.1240499331761235,0.06565538733256612,25,10,10
41,4230,0.7377254711015034,4.266903207143998e-05,0.21967861657522927,0.042553243291194656,25,10,10
41,4231,0.8497246637291583,4.811666266256371e-07,0.12000286982368355,0.030271985280531863,25,10,10
41,4232,0.8553199450987014,1.1453042266249345e-06,0.11387348915403975,0.03080542044303212,25,10,10
41,4233,0.8396687096576798,1.4441272451687255e-05,0.1553980304510928,0.004918818618775597,25,10,10
41,4234,0.8435037829583217,0.0002818517125645596,0.15610825383529148,0.00010611149382208057,25,10,10
41,4235,0.8851117718624681,0.0002804017206145788,0.11440362503427284,0.00020420138264575372,25,10,10
41,4236,0.8323366256767408,0.0002693957716743215,0.16638229702951726,0.0010116815220669547,25,10,10
41,4237,0.7581300265482337,0.00027191271617117615,0.24060975410749819,0.0009883066280962805,25,10,10
41,4238,0.8664251927926319,0.0005825712514028641,0.1319277970374793,0.001064438918486121,25,10,10
41,4239,0.847044738460956,1.1693314032770453e-05,0.15234564485622726,0.0005979233687829952,25,10,10
41,4240,0.8778777603943201,1.3820615934978747e-05,0.12155949115052414,0.0005489278392201654,25,10,10
41,4241,0.93550077742599,1.6160959889968023e-06,0.06437208006251992,0.00012552641550092722,25,10,10
41,4242,0.9075472700792659,1.2776090384861748e-05,0.09229086738165605,0.00014908644869315776,25,10,10
41,4243,0.8311308395170397,2.4936807077552985e-05,0.1686364935061091,0.00020773016977349002,25,10,10
41,4244,0.8247689606849836,3.350022695519761e-06,0.17521199776414986,1.5691528171489457e-05,25,10,10
41,4245,0.8440924008997057,1.5944248836798126e-05,0.15505860398352445,0.0008330508679336365,25,10,10
41,4246,0.9140312876536797,9.087186287352429e-06,0.08196783501138234,0.0039917901486505565,25,10,10
41,4247,0.8396842880593226,6.368159220260929e-05,0.15638609396296807,0.0038659363855066513,25,10,10
41,4248,0.8475340620644073,8.824831312068554e-06,0.15130495758135462,0.0011521555229264866,25,10,10
41,4249,0.9363766065475169,5.692605846779353e-06,0.06355588996795,6.181087868655599e-05,25,10,10
41,4250,0.9292329094030953,1.9324730287769882e-07,0.07074670561768545,2.0191731916056015e-05,25,10,10
41,4251,0.9342037336290815,2.835050309781748e-07,0.0636162261008171,0.0021797567650709833,25,10,10
41,4252,0.9207990294441645,5.1770432397936745e-08,0.07915840236065458,4.2516424747907606e-05,25,10,10
41,4253,0.8831032822055154,8.971478872756996e-07,0.11686573257997208,3.008806662698657e-05,25,10,10
41,4254,0.9177584694798858,3.936644692442256e-06,0.08222101804444623,1.6575830975073138e-05,25,10,10
41,4255,0.9536013637165116,1.2086133202602905e-06,0.04609412315021713,0.0003033045199507787,25,10,10
41,4256,0.8809054126459533,7.022140811462999e-05,0.11900301770706534,2.134823886770162e-05,25,10,10
41,4257,0.8631604691065058,1.3361861885263776e-05,0.13339128805371991,0.0034348809778897193,25,10,10
41,4258,0.8468493948791536,1.3164651382297217e-05,0.14970502353397713,0.0034324169354873514,25,10,10
41,4259,0.8828258081101626,1.3169312742143462e-05,0.11695205471239105,0.00020896786470453438,25,10,10
41,4260,0.7823677076787717,4.472134910621731e-07,0.21716534191265427,0.0004665031950837236,25,10,10
41,4261,0.7994846311742522,6.391707646733197e-05,0.20018591883077339,0.00026553291850715967,25,10,10
41,4262,0.9110341978283778,7.635527610297936e-05,0.08887176144807483,1.7685447444595055e-05,25,10,10
41,4263,0.9037847428384582,2.401847860008159e-05,0.09515690169943519,0.001034336983506569,25,10,10
41,4264,0.9088904041891475,0.00020114661991424635,0.088881011362709,0.0020274378282295192,25,10,10
41,4265,0.900948977432149,0.00039498979323183004,0.09759085853203604,0.0010651742425829076,25,10,10
41,4266,0.9041837527765515,0.0004556359107042389,0.09506471982776629,0.00029589148497828567,25,10,10
41,4267,0.897512026641347,0.0002585555473097337,0.08065385205566418,0.021575565755678542,25,10,10
41,4268,0.858639548106286,5.687915404415031e-06,0.10161303002363438,0.03974173395467458,25,10,10
41,4269,0.8634002392555606,2.1117291689655256e-06,0.09661060677014678,0.03998704224512322,25,10,10
41,4270,0.8370149121604313,9.723992388943055e-06,0.12344979467408188,0.03952556917309811,25,10,10
41,4271,0.8547208167820527,1.1113649798752381e-05,0.10343696978747081,0.04183109978067744,25,10,10
41,4272,0.8285916095233777,1.3742529415356386e-06,0.13182043235958413,0.03958658386409657,25,10,10
41,4273,0.8716054088222219,9.9754057315983e-06,0.08873069680794536,0.039653918964101795,25,10,10
41,4274,0.845421690012968,3.610024659216851e-06,0.12741479411364595,0.02715990584872584,25,10,10
41,4275,0.8536479408316825,6.972978151079829e-07,0.12021550427290968,0.026135857597591884,25,10,10
41,4276,0.8779080774289717,1.3204550575873947e-06,0.0958265168140114,0.026264085301959575,25,10,10
41,4277,0.8133183821841292,4.432839861938899e-06,0.16241873009672708,0.024258454879281556,25,10,10
41,4278,0.8257691412217553,4.9547785716630556e-06,0.15027665129001808,0.023949252709654766,25,10,10
41,4279,0.8810561399177718,2.1578436688148504e-05,0.08522196625324739,0.033700315392292214,25,10,10
41,4280,0.9342493973806539,2.2030272822926062e-05,0.06232189552894342,0.003406676817579,25,10,10
41,4281,0.8926043886142446,1.4168139402613543e-05,0.10716672601504819,0.00021471723130439953,25,10,10
41,4282,0.8549769970742617,1.8552195615778653e-05,0.14459829846746838,0.00040615226265444345,25,10,10
41,4283,0.9207558312756358,1.3367578716863298e-05,0.07891477515240909,0.0003160259932382519,25,10,10
41,4284,0.9148102818148496,6.896624611233492e-07,0.0824440325797032,0.0027449959429859867,25,10,10
41,4285,0.8648511720299291,8.106571891001909e-07,0.10234482557692448,0.032803191735957714,25,10,10
41,4286,0.8770931661863144,8.042636256945187e-07,0.09028566717628494,0.03262036237377486,25,10,10
41,4287,0.8475439038991236,4.111181677099465e-05,0.10992755839401441,0.042487425890090684,25,10,10
41,4288,0.8383973521979331,0.00016452157239919206,0.1221026537900098,0.039335472439657466,25,10,10
41,4289,0.87773278147995,3.1723955410648165e-07,0.08194786150354688,0.04031903977694903,25,10,10
41,4290,0.8787559953046445,3.995099591324953e-06,0.08134299676622256,0.039897012829541556,25,10,10
41,4291,0.8617565664435114,3.796322972903071e-05,0.09851003284443977,0.039695437482320094,25,10,10
41,4292,0.8661497484481473,4.080471351022955e-05,0.09411658763895459,0.03969285919938834,25,10,10
41,4293,0.8615324500137684,4.751980510829524e-05,0.09784189261877238,0.040578137562351076,25,10,10
41,4294,0.835082771126311,1.283797143124477e-07,0.13642365993792652,0.028493440556048206,25,10,10
41,4295,0.868528405954542,1.0333415568174525e-07,0.09160116524878212,0.03987032546251969,25,10,10
41,4296,0.8178264161109265,8.257550350633236e-07,0.14494899743542333,0.03722376069861453,25,10,10
41,4297,0.836715442827292,9.263866955450547e-06,0.12371977333253836,0.03955551997321381,25,10,10
41,4298,0.8490898892201966,4.099288867475508e-05,0.14458864049704592,0.006280477394083489,25,10,10
41,4299,0.8043522873769612,5.7372230965399725e-05,0.1890906727933305,0.006499667598743418,25,10,10
41,4300,0.9001005558375553,3.195239043212994e-05,0.09968006142703668,0.00018743034497604587,25,10,10
41,4301,0.8235501351897021,3.2006166418571616e-05,0.16915623321176898,0.007261625432111781,25,10,10
41,4302,0.9122603162440969,9.338574504175049e-07,0.08049204928862842,0.007246700609824379,25,10,10
41,4303,0.9086343410825839,3.700781155512282e-07,0.09116125694512302,0.00020403189417741413,25,10,10
41,4304,0.9462454624465058,2.2475354631191107e-06,0.053637792506048616,0.00011449751198236149,25,10,10
41,4305,0.931808367741242,7.77289329902262e-07,0.06477078673316979,0.0034200682362577027,25,10,10
41,4306,0.9282143432367573,0.009168877150132737,0.06257100582631422,4.5773786795444115e-05,25,10,10
41,4307,0.8450212056949168,0.01012840717446893,0.14479451641905983,5.587071155509734e-05,25,10,10
41,4308,0.8333655263307093,0.00033716648912311833,0.15816573680602547,0.008131570374141868,25,10,10
41,4309,0.8047368331259864,9.15068780672965e-06,0.1939707256674155,0.0012832905187911941,25,10,10
41,4310,0.8840233940491925,7.232620290446534e-06,0.08238881448761073,0.03358055884290563,25,10,10
41,4311,0.820971513888552,2.0927010217712064e-05,0.1322846759316632,0.04672288316956696,25,10,10
41,4312,0.8232021672645363,0.036840149180897626,0.13332666082917316,0.006631022725393058,25,10,10
41,4313,0.8237245899646031,0.001607605050844381,0.16813966103915035,0.006528143945402659,25,10,10
41,4314,0.8525144788766833,0.0016144813658294553,0.1458526590753923,1.8380682094931718e-05,25,10,10
41,4315,0.8658710556517094,7.805203683652671e-06,0.13406343012594454,5.770901866309662e-05,25,10,10
41,4316,0.8477051987614069,9.850562279028997e-06,0.15227834798922774,6.602687086622636e-06,25,10,10
41,4317,0.8745704973931754,8.969861787596586e-06,0.12529103224139768,0.00012950050363984736,25,10,10
41,4318,0.8603025320428022,6.561477128758267e-05,0.13936114701940308,0.0002707061665079401,25,10,10
41,4319,0.839214374539583,7.60484161323738e-05,0.16038730874165957,0.0003222683026259782,25,10,10
41,4320,0.9035839966097866,6.237621565138306e-06,0.09627019190706115,0.00013957386158750115,25,10,10
41,4321,0.9038945984572802,1.0026826230972313e-05,0.09583260538016514,0.0002627693363243668,25,10,10
41,4322,0.9101041077439517,3.0086883770253234e-05,0.08732553028485268,0.0025402750874257292,25,10,10
41,4323,0.9116616834315993,1.773018504537865e-05,0.058539860200809715,0.02978072618254558,25,10,10
41,4324,0.8358123263059773,4.090610077298112e-06,0.12371980788946833,0.040463775194477185,25,10,10
41,4325,0.8039590195819905,9.712930064854184e-06,0.15548310481584507,0.040548162672100506,25,10,10
41,4326,0.7448695399975407,6.5991887081990514e-06,0.22272635734067486,0.03239750347307571,25,10,10
41,4327,0.8218277095003134,3.095398702507501e-06,0.15042304278250634,0.027746152318478066,25,10,10
41,4328,0.8707963580245311,9.060163106903584e-07,0.08916344155892604,0.040039294400231844,25,10,10
41,4329,0.9305493441482722,2.766404170029353e-06,0.029734093144738186,0.03971379630281936,25,10,10
41,4330,0.9075199817221059,2.8428399435283426e-06,0.044385961444330935,0.04809121399361956,25,10,10
41,4331,0.7731659071937845,2.0759821617105574e-06,0.20606790294336474,0.02076411388069036,25,10,10
41,4332,0.7703528163664649,0.001859457474675154,0.2130624825616365,0.014725243597225211,25,10,10
41,4333,0.8214693970838013,4.220597368037233e-05,0.16411123915663212,0.014377157785885547,25,10,10
41,4334,0.9079318616886175,8.323440128502906e-07,0.0918704291720063,0.00019687679536311274,25,10,10
41,4335,0.7996007006879476,3.440321307460713e-06,0.19992025570323854,0.0004756032875040393,25,10,10
41,4336,0.8215845329365793,0.00023891889328588866,0.1775114705749706,0.0006650775951633327,25,10,10
41,4337,0.8303782675672928,0.00024669212829523806,0.16890002114887395,0.0004750191555371855,25,10,10
41,4338,0.8332136864627461,3.003146045795773e-06,0.16501307404809332,0.0017702363431150534,25,10,10
41,4339,0.7424297989993006,6.540634403705681e-05,0.2521679094495606,0.00533688520710255,25,10,10
41,4340,0.7869139923620603,5.02360569862637e-05,0.18763298939177228,0.025402782189182013,25,10,10
41,4341,0.9054395453393781,3.055551136609005e-06,0.06925194627383319,0.025305452835651502,25,10,10
41,4342,0.9049764058095928,5.9645591817613535e-06,0.053079015992171456,0.04193861363905385,25,10,10
41,4343,0.8716519027047416,1.3476466519096795e-05,0.0881422095993147,0.040192411229424706,25,10,10
41,4344,0.8667347253601889,3.420621773734773e-06,0.09520340284290736,0.03805845117512971,25,10,10
41,4345,0.8741625702155491,1.6944476646897594e-06,0.08891235961098815,0.03692337572579778,25,10,10
41,4346,0.8475587838318382,1.5109729032200048e-06,0.14103453104802785,0.011405174147230437,25,10,10
41,4347,0.8786791642276404,3.881384086181796e-07,0.1209964144809328,0.00032403315301829177,25,10,10
41,4348,0.9307295034548129,2.3681212347452306e-06,0.06907206119510162,0.00019606722885044865,25,10,10
41,4349,0.8806789134326738,0.0001752493821722518,0.1191242666753982,2.157050975551739e-05,25,10,10
41,4350,0.8246042994894515,0.00017500842502897793,0.1751359992968737,8.469278864586191e-05,25,10,10
41,4351,0.9338046825298943,0.00018524021739028216,0.0632467155378324,0.0027633617148831685,25,10,10
41,4352,0.9242422348671938,1.1961858844662833e-06,0.07289567720384209,0.0028608917430792756,25,10,10
41,4353,0.8900068953029477,1.397574405117106e-06,0.1073398246338057,0.0026518824888411697,25,10,10
41,4354,0.9156872764791099,1.3186904394998599e-06,0.08140282796541222,0.002908576865037791,25,10,10
41,4355,0.930295472061901,1.536445890263781e-06,0.06922842357480714,0.00047456791740118384,25,10,10
41,4356,0.9279108318843471,4.2369253095141146e-07,0.06842779723548435,0.003660947187637605,25,10,10
41,4357,0.920311011788598,1.1421614560361974e-05,0.07294918602116648,0.006728380575674698,25,10,10
41,4358,0.903130870863068,1.7869569912133983e-05,0.09461924333471693,0.0022320162323034272,25,10,10
41,4359,0.8706098441797172,1.7415483883882495e-05,0.1271307525722314,0.0022419877641675083,25,10,10
41,4360,0.9051822517135061,4.898785719109592e-06,0.09469591909981012,0.00011693040096459081,25,10,10
41,4361,0.8781124990451269,1.4686384989588228e-05,0.12177413839216841,9.867617771466337e-05,25,10,10
41,4362,0.9578473339221882,7.415220037165025e-07,0.04208989310156627,6.203145424169424e-05,25,10,10
41,4363,0.9464525698069786,1.28624200261175e-06,0.05347445542383371,7.168852718529165e-05,25,10,10
41,4364,0.8922739206075172,1.264572436786698e-06,0.10759852204456273,0.0001262927754837216,25,10,10
41,4365,0.8657885314883729,1.663024689439312e-06,0.11003877247112762,0.024171033015810105,25,10,10
41,4366,0.8230956787583148,0.00010057427560688923,0.1368452888856238,0.039958458080455325,25,10,10
41,4367,0.8441001669109655,2.4216619714662517e-06,0.1157902781219909,0.040107133305072845,25,10,10
41,4368,0.80634526800596,1.6689052662380697e-06,0.18571500118211187,0.007938061906661506,25,10,10
41,4369,0.8249266691319745,2.3994860708670663e-06,0.13522168933575335,0.0398492420462017,25,10,10
41,4370,0.830882437742419,5.692294944338755e-06,0.1296152653670345,0.03949660459560276,25,10,10
41,4371,0.7750791381263896,5.08087641255904e-06,0.18539825724781825,0.03951752374938044,25,10,10
41,4372,0.8036142051593671,2.5843111797873096e-05,0.162588685965908,0.0337712657629283,25,10,10
41,4373,0.7938913355109848,2.6016825987931508e-05,0.17409510701139289,0.03198754065163412,25,10,10
41,4374,0.7995923974127581,2.647083658503065e-07,0.10990672802189003,0.0905006098569853,25,10,10
41,4375,0.7741247500957033,4.842659845564775e-07,0.13243982094926726,0.09343494468904381,25,10,10
41,4376,0.7681467876437683,3.467400282368021e-06,0.1493245077942503,0.08252523716169932,25,10,10
41,4377,0.7555837062569747,1.1638262989403517e-05,0.1634528427128981,0.08095181276713832,25,10,10
41,4378,0.8037020093504776,2.6498452735019676e-05,0.11611912216147863,0.08015237003530913,25,10,10
41,4379,0.8018427820368185,4.3098976556712136e-05,0.1217471663585605,0.07636695262806434,25,10,10
41,4380,0.769235473007088,0.00014051816495518052,0.1951111336452328,0.03551287518272385,25,10,10
41,4381,0.7685081191299298,0.00016785517340618387,0.1521368897358097,0.07918713596085467,25,10,10
41,4382,0.7205752713253014,4.4924580038989555e-05,0.1741127119620425,0.10526709213261672,25,10,10
41,4383,0.6952644920783762,3.398509164577947e-06,0.22189621403728899,0.08283589537516958,25,10,10
41,4384,0.7646358608242072,8.106471463507802e-07,0.1561582528623847,0.07920507566626316,25,10,10
41,4385,0.7517058567018304,1.9815586004627993e-06,0.20836776618489294,0.039924395554678554,25,10,10
41,4386,0.7777147995521082,1.7009693593857733e-06,0.18188354059172018,0.04039995888681392,25,10,10
41,4387,0.7404425353830386,5.217249097133681e-07,0.2187877986854214,0.04076914420663087,25,10,10
41,4388,0.7798105571999304,0.0006891001375761915,0.19235066411037036,0.027149678552123576,25,10,10
41,4389,0.8144754356680377,1.1051345085340173e-06,0.15786814250750633,0.027655316689947675,25,10,10
41,4390,0.8611747042528478,7.994854444328e-06,0.10938028819419567,0.02943701269851144,25,10,10
41,4391,0.9207605485291197,6.9189367500724125e-06,0.037834656902809495,0.041397875631321066,25,10,10
41,4392,0.8096263168504305,0.00222281704871925,0.12945499294029586,0.058695873160555016,25,10,10
41,4393,0.8271479149310792,0.0022151458841705263,0.11210457867814295,0.05853236050660607,25,10,10
41,4394,0.8637050415435094,0.00016868693498436386,0.09824082202598179,0.037885449495523804,25,10,10
41,4395,0.860498512968443,0.00019908517484031786,0.09474004353498242,0.044562358321734774,25,10,10
41,4396,0.8200332389274315,0.00020270644521841225,0.14845557142256496,0.03130848320478556,25,10,10
41,4397,0.8157580568008683,4.493348468371054e-06,0.11330040018448041,0.07093704966618311,25,10,10
41,4398,0.7956173173155017,1.923717662763409e-05,0.13685504200135346,0.06750840350651763,25,10,10
41,4399,0.8204565372075401,0.0005897569741700643,0.12482202678396372,0.05413167903432682,25,10,10
41,4400,0.8679163296765745,2.1007072333511787e-07,0.06898200801498738,0.0631014522377151,25,10,10
41,4401,0.7938830120755582,1.0831071550947503e-05,0.1375810123053277,0.06852514454756198,25,10,10
41,4402,0.7672043987298821,3.927371201615581e-05,0.15367437442352233,0.07908195313457837,25,10,10
41,4403,0.8920176697388723,4.03684673187419e-07,0.05920172766974734,0.04878019890670727,25,10,10
41,4404,0.8945967313630896,7.340686302467616e-06,0.09901082379266064,0.006385104157946929,25,10,10
41,4405,0.8889592932190072,1.696807498374307e-06,0.11016890476671057,0.0008701052067832674,25,10,10
41,4406,0.9405655926235026,1.571101913137115e-06,0.05924646064336526,0.00018637563121902433,25,10,10
41,4407,0.9387647353526164,1.7908781228690854e-06,0.061046884334220314,0.0001865894350401614,25,10,10
41,4408,0.8761806159951727,1.8486096857097607e-06,0.12356024407586766,0.000257291319274,25,10,10
41,4409,0.7872434250781407,0.007630622919959855,0.20494424849799617,0.00018170350390260385,25,10,10
41,4410,0.8066270832750071,0.013983938414015525,0.148983462997175,0.030405515313801857,25,10,10
41,4411,0.770629723904158,0.013984177355558377,0.1642309100631122,0.05115518867717218,25,10,10
41,4412,0.805088684860282,1.4854302258343305e-06,0.13065374893216986,0.06425608077732217,25,10,10
41,4413,0.7637973242170237,1.2580230269482046e-06,0.15696091786234048,0.07924049989760841,25,10,10
41,4414,0.8038004435058407,0.0002882401810213405,0.11666261486500985,0.07924870144812671,25,10,10
41,4415,0.8323668488456442,0.00029313211126417884,0.083231520770966,0.08410849827212502,25,10,10
41,4416,0.8688877880438086,0.00028803821091629377,0.06981511073116708,0.0610090630141079,25,10,10
41,4417,0.814403978101946,2.613487930341923e-06,0.11691783914275003,0.06867556926737324,25,10,10
41,4418,0.7811062050846695,2.832721546990727e-06,0.1758829715128112,0.04300799068097463,25,10,10
41,4419,0.8178456595856176,1.6021060489571253e-05,0.1360015033958036,0.046136815958089696,25,10,10
41,4420,0.8462346446155908,1.8723706707717575e-06,0.15134558765918468,0.002417895354553671,25,10,10
41,4421,0.7904840168257486,2.606015961916619e-05,0.20772042481500816,0.001769498199625055,25,10,10
41,4422,0.8635402788802559,7.039838365950064e-06,0.1363558890352522,9.679224612588635e-05,25,10,10
41,4423,0.9046737008432784,1.8927726066950958e-06,0.09524884313087613,7.556325323941436e-05,25,10,10
41,4424,0.8631192420863278,1.8436800056402202e-05,0.1368115177029559,5.0803410659135814e-05,25,10,10
41,4425,0.9407242307246038,2.1210512301358194e-05,0.059161219745365604,9.333901772933541e-05,25,10,10
41,4426,0.9348686996626676,1.4705045349689015e-05,0.06482061876971495,0.00029597652226782235,25,10,10
41,4427,0.9424961066277411,2.0104328349770264e-06,0.057378939972944625,0.00012294296647873923,25,10,10
41,4428,0.9273333026383531,1.6755162664825945e-06,0.07264916243215487,1.585941322526107e-05,25,10,10
41,4429,0.9321063536840788,1.6697715578948153e-06,0.06786665820163446,2.5318342728462063e-05,25,10,10
41,4430,0.8685169520208841,8.181909879465507e-05,0.13088929456844364,0.0005119343118768492,25,10,10
41,4431,0.8619871872302624,4.524009228804813e-05,0.1373868889131915,0.0005806837642566965,25,10,10
41,4432,0.9067902023020328,2.317549638475038e-05,0.05322985746003631,0.03995676474154588,25,10,10
41,4433,0.8430893362503004,1.111543856797682e-06,0.12347812157983626,0.03343143062600606,25,10,10
41,4434,0.8851599602527793,0.005174270922308385,0.08496075175050319,0.02470501707440877,25,10,10
41,4435,0.9282512719636072,6.868500698404869e-06,0.032419786627081136,0.039322072908612976,25,10,10
41,4436,0.917615532572123,7.038697536455777e-06,0.04299013064942656,0.03938729808091366,25,10,10
41,4437,0.9340995770073047,4.050758105259514e-07,0.025910045622273992,0.03998997229461068,25,10,10
41,4438,0.9162280557035118,2.272314879059772e-07,0.043820875225652776,0.03995084183934745,25,10,10
41,4439,0.9099956134616758,3.336546924884838e-05,0.08994712404215523,2.389702691991126e-05,25,10,10
41,4440,0.924916164497987,3.2970898140345385e-05,0.07503748402380223,1.3380580069825441e-05,25,10,10
41,4441,0.9073857649589899,0.000622391711574523,0.08857225426857847,0.0034195890608577635,25,10,10
41,4442,0.8740934229354509,0.00011714244421270645,0.12093893600982003,0.004850498610517295,25,10,10
41,4443,0.8209668009472894,3.109503282960996e-06,0.17875776371560195,0.00027232583382551674,25,10,10
41,4444,0.9086834779395538,1.9899440973387157e-05,0.09091928614346985,0.0003773364760031416,25,10,10
41,4445,0.8734961921231402,1.3532917411081187e-05,0.1235559135206816,0.0029343614387672147,25,10,10
41,4446,0.8293805341264631,0.0002542018818265029,0.16882026422303137,0.0015449997686786915,25,10,10
41,4447,0.8372942755116785,1.77765633431576e-05,0.1600889273164299,0.002599020608549234,25,10,10
41,4448,0.8154987936412909,2.8968144430712647e-05,0.18199179139207947,0.002480446822198816,25,10,10
41,4449,0.840646968876999,4.866302110973955e-07,0.1569983110494474,0.0023542334433423427,25,10,10
41,4450,0.8753774070482323,6.752696964603991e-07,0.11759844735250517,0.007023470329566054,25,10,10
41,4451,0.7982868151481548,5.653584259169928e-05,0.19770993400516146,0.003946715004091535,25,10,10
41,4452,0.8100002058103868,1.3281702570462758e-06,0.1866822346230268,0.003316231396328585,25,10,10
41,4453,0.8951431858952985,8.174926009913541e-07,0.10212515895523774,0.0027308376568626856,25,10,10
41,4454,0.87744697019673,8.78627041722719e-06,0.08272296815208671,0.03982127538076552,25,10,10
41,4455,0.8253935157237372,0.00017939926941057602,0.1319549971950932,0.04247208781175946,25,10,10
41,4456,0.7940457848430011,0.00018422070714339201,0.16046302704281867,0.04530696740703712,25,10,10
41,4457,0.7940852279603451,0.00042056000986117237,0.16459198785601958,0.040902224173773594,25,10,10
41,4458,0.8352238442661905,0.0004201187995269928,0.12590400055705447,0.03845203637722872,25,10,10
41,4459,0.8105158569521776,4.629842146110757e-05,0.148771799765544,0.040666044860818255,25,10,10
41,4460,0.7899543913267325,5.681943934496331e-05,0.16316968982226307,0.046819099411659654,25,10,10
41,4461,0.8114046940130085,0.00034081407070396324,0.1150460242986798,0.07320846761760703,25,10,10
41,4462,0.7614573319993445,0.0003335851756348032,0.155921639598763,0.08228744322625696,25,10,10
41,4463,0.7559772084309226,0.0005672640392567764,0.15964269864997285,0.08381282887984849,25,10,10
41,4464,0.755045447472052,0.0005560230843443956,0.16387301990499364,0.08052550953860996,25,10,10
41,4465,0.8035273357909013,0.00020412348481553669,0.155634082899694,0.040634457824588306,25,10,10
41,4466,0.7993969848729878,1.5850251838683434e-05,0.15928047187094493,0.04130669300422714,25,10,10
41,4467,0.8047779892338681,7.320614907483222e-05,0.15324056399653055,0.041908240620526185,25,10,10
41,4468,0.8225633287652534,5.957941129761456e-05,0.13490798162024714,0.04246911020320139,25,10,10
41,4469,0.8434089728143667,3.712150000563467e-05,0.11649791125589334,0.04005599442973339,25,10,10
41,4470,0.7986931179239319,1.806392369668477e-05,0.1611050362496644,0.04018378190270624,25,10,10
41,4471,0.8662254867282977,6.8876000973333385e-06,0.09158060730453854,0.042187018367066384,25,10,10
41,4472,0.8050139795971485,1.3991954598389646e-05,0.1515862800692003,0.04338574837905464,25,10,10
41,4473,0.8075825975338446,2.6334876261092538e-05,0.147035825857246,0.045355241732647975,25,10,10
41,4474,0.8153996002989006,1.4538623101841041e-05,0.1431454608366531,0.04144040024134519,25,10,10
41,4475,0.8366520220883994,0.0014350325984407984,0.15914087606030078,0.002772069252858792,25,10,10
41,4476,0.8951945268938618,0.0014673204922669436,0.10311974105778315,0.00021841155608729547,25,10,10
41,4477,0.9404041482231211,1.4400890373321529e-05,0.05939742601410997,0.00018402487239560972,25,10,10
41,4478,0.9420872396681341,7.395729247352606e-06,0.05778111987647407,0.00012424472614466471,25,10,10
41,4479,0.9401352538683,1.515009457984515e-06,0.05979622759190323,6.700353033929763e-05,25,10,10
41,4480,0.8948596516665549,1.3500975502463483e-06,0.10281245607593767,0.002326542159957338,25,10,10
41,4481,0.9056901223907533,5.470507483166286e-06,0.09185722305879113,0.0024471840429729132,25,10,10
41,4482,0.8601398238852487,0.0002788312398198664,0.13669027613074586,0.0028910687441851828,25,10,10
41,4483,0.7977362239452914,0.00027890855865801977,0.19933481992600263,0.002650047570048067,25,10,10
41,4484,0.8185217285201216,2.6017247691913854e-06,0.17889704439875612,0.002578625356352826,25,10,10
41,4485,0.808579476559658,1.2675045735969538e-05,0.1875666285165461,0.003841219878059394,25,10,10
41,4486,0.8906737485917112,6.593333145514472e-06,0.10876292237909534,0.0005567356960485845,25,10,10
41,4487,0.8832687212703249,4.217688446175744e-05,0.11372354937702882,0.00296555246818539,25,10,10
41,4488,0.8503373794356078,3.256013566779529e-05,0.1494079152073112,0.00022214522141318014,25,10,10
41,4489,0.819118353657891,0.006185583339810305,0.17418758775618692,0.0005084752461105684,25,10,10
41,4490,0.8927648006152364,5.683435006232597e-06,0.1060298179464073,0.0011996980033498813,25,10,10
41,4491,0.8838661892626621,7.529969518991932e-06,0.1158783658788113,0.00024791488900705234,25,10,10
41,4492,0.8492027196973884,7.288192499477588e-06,0.15039851066962076,0.0003914814404923404,25,10,10
41,4493,0.8688353409420176,1.9937532850788743e-05,0.13098374714028352,0.00016097438484713713,25,10,10
41,4494,0.8707986097485824,3.366237910379608e-05,0.12839749842021692,0.0007702294520955769,25,10,10
41,4495,0.8671865917321584,4.271931551694106e-06,0.11871948575257836,0.01408965058371124,25,10,10
41,4496,0.8366612217643982,5.44470095941727e-05,0.16213150905310109,0.0011528221729057695,25,10,10
41,4497,0.8086869989566476,3.0638406917798595e-06,0.1899395369019074,0.001370400300751355,25,10,10
41,4498,0.8456238190803604,1.7059220931201875e-06,0.1344020828740649,0.01997239212348074,25,10,10
41,4499,0.8898329186790762,1.5795496058977848e-06,0.07055493926594877,0.03961056250536939,25,10,10
41,4500,0.8849318808328367,1.4170073263925097e-05,0.07485768376027165,0.040196265333628765,25,10,10
41,4501,0.8460482577817051,3.740392536921634e-05,0.112241160324342,0.041673177968583816,25,10,10
41,4502,0.801648636700457,1.912210841711058e-05,0.15269505543400405,0.04563718575712284,25,10,10
41,4503,0.7844728067387124,1.8256419483522147e-05,0.20162999781159524,0.013878939030207555,25,10,10
41,4504,0.8189655807240246,2.220743021573609e-07,0.17291934366841272,0.00811485353326127,25,10,10
41,4505,0.8625597290638102,3.891942549284236e-07,0.1373923711556491,4.7510586285872245e-05,25,10,10
41,4506,0.851917354702287,4.1201282222353053e-07,0.14588796953168537,0.0021942637532056915,25,10,10
41,4507,0.8644782158930606,5.93917690173353e-05,0.13535898433592497,0.00010340800199664959,25,10,10
41,4508,0.8737173942319123,5.327433482960567e-05,0.12619898377709693,3.0347656160558558e-05,25,10,10
41,4509,0.9300477211831999,6.098598117519511e-06,0.06990132245485033,4.485776383186153e-05,25,10,10
41,4510,0.8618533767583295,2.4544596486420472e-05,0.13723584476324266,0.0008862338819413256,25,10,10
41,4511,0.822372447252294,0.00021514368035034526,0.17732376110784628,8.864795950937272e-05,25,10,10
41,4512,0.8540199990086768,0.00022398456730026768,0.1454663957767224,0.00028962064730038407,25,10,10
41,4513,0.816386260779641,3.254171696566616e-05,0.18324942385942805,0.00033177364396587297,25,10,10
41,4514,0.8124268563466858,2.6623381752158042e-05,0.1873498060070676,0.00019671426449583958,25,10,10
41,4515,0.8121137642623437,2.4815108112776387e-05,0.18765179408636665,0.00020962654317772012,25,10,10
41,4516,0.8671435593754232,5.6801908776140405e-06,0.13272721354968545,0.0001235468840138949,25,10,10
41,4517,0.8978609397801083,7.759326618021456e-06,0.1020071311544717,0.00012416973880242455,25,10,10
41,4518,0.9167237276434451,7.783614435665751e-06,0.07971446162953603,0.0035540271125833046,25,10,10
41,4519,0.8734897787845357,4.022873862856084e-06,0.1260499456225722,0.00045625271902875823,25,10,10
41,4520,0.8210556432136888,4.788402851138903e-06,0.17855680163309517,0.0003827667503650653,25,10,10
41,4521,0.8752603133832685,0.00016037321006140832,0.12408416304477334,0.0004951503618971724,25,10,10
41,4522,0.897072663596503,0.00016305225801860345,0.07315116194987131,0.029613122195607442,25,10,10
41,4523,0.9160663304584389,2.5911517768897978e-06,0.05433714805444155,0.029593930335342532,25,10,10
41,4524,0.8546933747651978,1.0231871521622376e-05,0.11567812122603527,0.02961827213724511,25,10,10
41,4525,0.8146812273308274,2.9940745414771098e-05,0.145124441558457,0.040164390365301096,25,10,10
41,4526,0.783086648323623,5.5221192259934066e-05,0.17675991459271084,0.04009821589140748,25,10,10
41,4527,0.8012097471662378,2.4195733404310665e-05,0.158766166204938,0.03999989089541947,25,10,10
41,4528,0.8537087554843221,2.4627759352513692e-05,0.10631235722950617,0.039954259526819094,25,10,10
41,4529,0.8264622984086805,1.0878995769888244e-05,0.13384705938249386,0.03967976321305571,25,10,10
41,4530,0.8482272195418991,5.230230870223159e-05,0.11188780602116793,0.03983267212822927,25,10,10
41,4531,0.9231061582206709,6.571963724148446e-06,0.03711028112105481,0.03977698869455027,25,10,10
41,4532,0.8372376528656575,4.458837169458414e-06,0.12312077919497925,0.0396371091021945,25,10,10
41,4533,0.8399238968610477,1.3646885705828557e-05,0.12044820565815993,0.03961425059508582,25,10,10
41,4534,0.751397004340278,0.000743361544453047,0.20567487992491423,0.042184754190356506,25,10,10
41,4535,0.7233098991062812,3.0039655394118198e-06,0.20718479904397738,0.06950229788420345,25,10,10
41,4536,0.7838542586228379,5.130386118299727e-06,0.1481953713816834,0.06794523960936065,25,10,10
41,4537,0.8776014310658787,2.5578835012299414e-06,0.05795292119151634,0.06444308985910353,25,10,10
41,4538,0.812838476068245,9.501052538905543e-06,0.11996438585448206,0.06718763702473407,25,10,10
41,4539,0.8025668754958128,4.406683633512556e-05,0.12139681021683012,0.07599224745102096,25,10,10
41,4540,0.7714547491940807,5.942337783554297e-05,0.1517714647853564,0.07671436264272642,25,10,10
41,4541,0.8244544628198907,7.466065520130138e-07,0.13204048653796877,0.043504304035587395,25,10,10
41,4542,0.776744291979506,1.4365966020486816e-06,0.21597178641968498,0.00728248500420672,25,10,10
41,4543,0.8827241601387409,1.8094140469421407e-05,0.11022107674305356,0.007036668977735849,25,10,10
41,4544,0.9573361129610852,1.2022908366394469e-05,0.04255069146107454,0.00010117266947374424,25,10,10
41,4545,0.8224618497824788,0.010641831351822617,0.16680370177355278,9.261709214584663e-05,25,10,10
41,4546,0.8750742787351427,0.010601262409903082,0.11420283177977651,0.00012162707517747298,25,10,10
41,4547,0.9115545152043808,0.01057948090777534,0.07522288264473367,0.002643121243110762,25,10,10
41,4548,0.8942363387413124,0.01405555105353831,0.08908028283280042,0.0026278273723486334,25,10,10
41,4549,0.8739178997396926,0.012364366838908663,0.11114443438438414,0.0025732990370153264,25,10,10
41,4550,0.850304883905279,0.008335406022712821,0.11439528467232023,0.026964425399687245,25,10,10
41,4551,0.8695501921252493,0.03476403719883189,0.053471251586537295,0.042214519089381904,25,10,10
41,4552,0.8330512896632811,0.034763916905721094,0.08397156294171762,0.04821323048927938,25,10,10
41,4553,0.7679367724648334,0.03476442336110494,0.14713037334176893,0.05016843083229258,25,10,10
41,4554,0.8458644097249889,1.6049362045789912e-05,0.12893043352900257,0.025189107383962156,25,10,10
41,4555,0.832197843654616,0.000661634464061515,0.13083907501646125,0.03630144686486094,25,10,10
41,4556,0.7980370992091307,1.549336617783187e-05,0.1708010928490152,0.031146314575677136,25,10,10
41,4557,0.8260076174803258,6.396404598548774e-06,0.13415782834151657,0.039828157773559345,25,10,10
41,4558,0.7896335353755154,6.792525036154289e-07,0.16988924229036825,0.040476543081613005,25,10,10
41,4559,0.810758493267826,6.453546062214187e-07,0.15192391741789227,0.037316943959676496,25,10,10
41,4560,0.7516819616137532,7.413309013272519e-07,0.2026272355098734,0.045690061545471894,25,10,10
41,4561,0.8225716354267355,1.3228273993279125e-05,0.14831088406836312,0.029104252230908286,25,10,10
41,4562,0.8428971034872568,2.6674177886908094e-05,0.13337907210625397,0.023697150228601513,25,10,10
41,4563,0.893297272312005,3.803987816216171e-06,0.08272706291396227,0.023971860786215878,25,10,10
41,4564,0.8912526877094146,2.561611994429634e-06,0.06841742525250263,0.040327325426088134,25,10,10
41,4565,0.852100371336016,0.00012247936706425973,0.10779155532402897,0.03998559397289108,25,10,10
41,4566,0.8853947231647225,0.00012273892705495678,0.07487278384305193,0.03960975406517076,25,10,10
41,4567,0.88632372719816,7.133536933494836e-06,0.07371291354122282,0.0399562257236842,25,10,10
41,4568,0.8384031868026969,8.060427415499489e-06,0.12996245539543483,0.031626297374452224,25,10,10
41,4569,0.9188873746527727,6.056149808063929e-07,0.0513871924233962,0.029724827308849493,25,10,10
41,4570,0.9373248261850591,7.902381174010622e-07,0.02313230350312975,0.03954208007369373,25,10,10
41,4571,0.8642246894442043,8.173251683480168e-06,0.10656556762338519,0.02920156968072766,25,10,10
41,4572,0.8484416087632535,1.7775750738597307e-05,0.11834120828937662,0.0331994071966314,25,10,10
41,4573,0.8128545656783615,1.1565319914502965e-05,0.14624498728552773,0.04088888171619645,25,10,10
41,4574,0.8688230271499493,7.444531270528057e-06,0.1218819560823187,0.009287572236461204,25,10,10
41,4575,0.8972096642651884,0.0002095350737765906,0.10124122396941487,0.0013395766916209334,25,10,10
41,4576,0.8960143670554724,7.331135275750276e-06,0.1037580143522432,0.00022028745700901575,25,10,10
41,4577,0.9071578934616515,1.844577660575019e-05,0.09204324987464937,0.0007804108870937944,25,10,10
41,4578,0.8597604302645127,9.132234491080257e-06,0.14013552361589457,9.491388510124951e-05,25,10,10
41,4579,0.8947130047631734,1.194524928146028e-05,0.10491515990894217,0.00035989007860256876,25,10,10
41,4580,0.888908701460968,1.2067431517480758e-05,0.11057470715726309,0.0005045239502514392,25,10,10
41,4581,0.9208622674318465,1.2275413071874176e-06,0.07890184718377877,0.00023465784306710578,25,10,10
41,4582,0.8826822156140404,8.020076964562262e-07,0.1158778991179801,0.0014390832602821728,25,10,10
41,4583,0.9194026065204318,1.5873303020370442e-05,0.08042023803275804,0.00016128214379027177,25,10,10
41,4584,0.8705026395059164,7.099142928564418e-05,0.12468470672598825,0.004741662338808888,25,10,10
41,4585,0.8457150869609477,7.105545283247836e-05,0.15043302684661872,0.003780830739600642,25,10,10
41,4586,0.9255313559323849,2.2411142025757172e-05,0.074160314370722,0.0002859185548674818,25,10,10
41,4587,0.9336516095035243,9.894333453115877e-06,0.06607384428507931,0.0002646518779434519,25,10,10
41,4588,0.9309924436271666,7.404471533157151e-07,0.06882182017529812,0.00018499575038170412,25,10,10
41,4589,0.8647010439446593,3.4409070125803224e-05,0.13164464511683563,0.0036199018683780544,25,10,10
41,4590,0.7891025480187692,1.2411158167808891e-05,0.20663300985257954,0.0042520309704836105,25,10,10
41,4591,0.8244680451522756,1.8444617945221636e-05,0.17463432625553577,0.0008791839742438187,25,10,10
41,4592,0.8822832098172246,8.901912410827783e-06,0.1174223389106401,0.0002855493597248345,25,10,10
41,4593,0.9003899360921381,1.1310781633695668e-05,0.09665773205876682,0.0029410210674613315,25,10,10
41,4594,0.9022252960592259,9.968379732350589e-06,0.09512911840232688,0.002635617158714541,25,10,10
41,4595,0.8976971479091496,1.6483319846103043e-06,0.09976780257139149,0.0025334011874747504,25,10,10
41,4596,0.879221237109928,7.031074964369953e-07,0.1206152867803699,0.00016277300220554576,25,10,10
41,4597,0.9129261744720918,6.319507090484101e-08,0.0868279451234529,0.0002458172093841797,25,10,10
41,4598,0.848049971812844,1.4689031096006228e-06,0.1479114395711575,0.004037119712887706,25,10,10
41,4599,0.8887620191866104,5.27044427929644e-07,0.1046492009664248,0.006588252802536689,25,10,10
41,4600,0.884250724705766,5.241690888695571e-07,0.115615039444326,0.00013371168081964215,25,10,10
41,4601,0.8624023366840753,6.267602769528232e-06,0.1374486247235432,0.00014277098961231602,25,10,10
41,4602,0.8362842466586039,5.531774414997911e-06,0.1636102708698755,9.995069710637992e-05,25,10,10
41,4603,0.908137990116877,8.638949673874122e-07,0.08750433275247305,0.004356813235682568,25,10,10
41,4604,0.8805308146299066,1.5886384664939345e-06,0.11505366273259579,0.004413933999031534,25,10,10
41,4605,0.891445135671511,2.8054786610454827e-07,0.1040617140058213,0.00449286977480153,25,10,10
41,4606,0.9122665659458389,5.685311117846451e-07,0.08318980759319997,0.004543057929849506,25,10,10
41,4607,0.8599358229526594,5.128960678835275e-06,0.13696195119233548,0.0030970968943257473,25,10,10
41,4608,0.8316286094359191,6.956362991398826e-06,0.13211156521269762,0.036252868988391335,25,10,10
41,4609,0.8576362230115828,1.432735616420744e-05,0.10860664381335634,0.033742805818896944,25,10,10
41,4610,0.8475031955697978,4.426764560153531e-06,0.11874760544125029,0.033744772224392025,25,10,10
41,4611,0.8874299916495755,6.330857164519972e-07,0.07538503334348363,0.03718434192122473,25,10,10
41,4612,0.8559289795403742,3.1003433677708056e-07,0.11242612268807647,0.031644587737212626,25,10,10
41,4613,0.8562591746343138,7.063532621950046e-07,0.10408943558659318,0.039650683425830405,25,10,10
41,4614,0.8462827689001806,4.829286162338548e-06,0.1534959609921277,0.00021644082152912363,25,10,10
41,4615,0.8970585484195146,2.336861668768904e-07,0.10286380547657073,7.74124177478263e-05,25,10,10
41,4616,0.905651668479458,4.4144064983590186e-07,0.09187741015836842,0.002470479921523913,25,10,10
41,4617,0.9334149904495073,4.903818082898056e-07,0.06418038358263697,0.002404135586047416,25,10,10
41,4618,0.8582736399172716,7.154068588440735e-06,0.13926888564421916,0.0024503203699205475,25,10,10
41,4619,0.8710532506641703,2.431493709378115e-05,0.12586353775223974,0.0030588966464954815,25,10,10
41,4620,0.8667001139290087,3.883802662322497e-05,0.13068881435622046,0.0025722336881473474,25,10,10
41,4621,0.8330872255805446,2.8603638337287228e-05,0.1642696456361614,0.002614525144957343,25,10,10
41,4622,0.8535302774542598,2.63950259912594e-06,0.14372603696989203,0.0027410460732485127,25,10,10
41,4623,0.9122366475591224,1.2244846291544062e-05,0.0853181910978151,0.0024329164967708383,25,10,10
41,4624,0.9336258149645134,4.279106323872233e-07,0.063941984395792,0.0024317727290624476,25,10,10
41,4625,0.8847095823862478,0.00010407271053269295,0.11496293831054583,0.00022340659267302938,25,10,10
41,4626,0.8758524718267838,5.452236754742023e-05,0.12376365035287033,0.0003293554527979707,25,10,10
41,4627,0.9534976831341427,1.0065968501479755e-05,0.046392972666081445,9.927823127393001e-05,25,10,10
41,4628,0.9764550007488415,9.363810602978182e-07,0.02350524824766116,3.881462243752115e-05,25,10,10
41,4629,0.9137087397410406,4.610432500408102e-06,0.08624962188346645,3.7027942992240524e-05,25,10,10
41,4630,0.929515966192438,2.0479159397907225e-05,0.07043734599410037,2.620865406309421e-05,25,10,10
41,4631,0.9036033273914269,1.7843869631211984e-05,0.08782249950763311,0.008556329231309215,25,10,10
41,4632,0.8738151452910864,1.5346891404772157e-06,0.12525471440729702,0.0009286056124763485,25,10,10
41,4633,0.8881110151827143,1.5872782720394535e-06,0.10802188578457787,0.0038655117544359975,25,10,10
41,4634,0.9026279165108646,1.273218081905874e-06,0.09506273673528146,0.0023080735357715603,25,10,10
41,4635,0.8894587396883504,1.0164733912758537e-06,0.10206758206049868,0.008472661777759107,25,10,10
41,4636,0.8920865913547458,7.117232184289922e-06,0.10105179479621532,0.0068544966168554745,25,10,10
41,4637,0.8884554840073752,3.6330038066188578e-06,0.11081518150567801,0.0007257014831413707,25,10,10
41,4638,0.8917821388866851,2.174949857941627e-05,0.10547778742479418,0.0027183241899417904,25,10,10
41,4639,0.8964970484264775,2.00768135078517e-05,0.10332814986937695,0.00015472489063769979,25,10,10
41,4640,0.8723137213160781,1.371922363902279e-05,0.12569404644043547,0.001978513019847678,25,10,10
41,4641,0.9040035346877129,1.4454348454168029e-05,0.09282487904537894,0.00315713191845416,25,10,10
41,4642,0.9402440657638051,0.00012101751776865482,0.042491796701631016,0.017143120016795136,25,10,10
41,4643,0.9775774419724257,1.375935915463289e-06,0.022344323303722227,7.685878793688818e-05,25,10,10
41,4644,0.9098621233884567,6.470921453669474e-06,0.08992222559113594,0.0002091800989543423,25,10,10
41,4645,0.8968109783114099,0.00020335256435654691,0.102695664994206,0.0002900041300268716,25,10,10
41,4646,0.9259830444814141,1.1662754407618676e-06,0.07376071609820642,0.00025507314493862146,25,10,10
41,4647,0.9441659617913264,1.2784247263385175e-05,0.05547769053397247,0.00034356342743796655,25,10,10
41,4648,0.8910593740008785,3.9997156676841867e-05,0.10872678902461735,0.00017383981782647274,25,10,10
41,4649,0.9077573736694462,5.964675724923772e-05,0.09190459088218943,0.0002783886911152274,25,10,10
41,4650,0.9234783853128538,4.097285102630921e-05,0.0764373252292541,4.3316606866175297e-05,25,10,10
41,4651,0.8646709481662406,0.0007852082254341079,0.13450225057664864,4.159303167699676e-05,25,10,10
41,4652,0.9091288310189667,3.9584397685549604e-05,0.0897937893175838,0.0010377952657636517,25,10,10
41,4653,0.8603320966388829,5.026317234040074e-05,0.13524665742615352,0.004370982762622428,25,10,10
41,4654,0.9518104571352315,1.3137518923549953e-05,0.04676194661370732,0.0014144587321375738,25,10,10
41,4655,0.9305549741521127,1.4010724798663795e-05,0.06935533330499304,7.568181809562923e-05,25,10,10
41,4656,0.9440449008329656,1.1954897462619338e-05,0.055889618014068415,5.352625550236664e-05,25,10,10
41,4657,0.8616554035796316,1.9371389866007023e-05,0.13646959462837244,0.0018556304021303456,25,10,10
41,4658,0.9231961292907084,8.643095100718043e-06,0.07671086981052676,8.435780366427913e-05,25,10,10
41,4659,0.8628914319812041,9.351838852707942e-06,0.12873842531622165,0.008360790863721008,25,10,10
41,4660,0.858048865099964,1.4392522428091827e-05,0.10453166188340561,0.037405080494201666,25,10,10
41,4661,0.8659843307059893,1.2477806814360526e-05,0.10478465896034651,0.0292185325268493,25,10,10
41,4662,0.8030640857929734,0.0008657201118084998,0.15647271242320043,0.0395974816720178,25,10,10
41,4663,0.8377846757102244,0.0008396747284408418,0.11977818037953737,0.04159746918179732,25,10,10
41,4664,0.8320205923429613,0.0008401873187687517,0.12731422472077014,0.0398249956175,25,10,10
41,4665,0.8610692616508342,2.731125600472216e-06,0.11815841152107172,0.02076959570249412,25,10,10
41,4666,0.8254734503542644,2.540954869799222e-05,0.1543580204509179,0.020143119646119798,25,10,10
41,4667,0.8344274180811202,2.4513854871810748e-05,0.12538825403557022,0.040159814028438275,25,10,10
41,4668,0.7108406288097648,0.00010811428720343607,0.2603554479495984,0.028695808953433696,25,10,10
41,4669,0.7895730059270357,0.0003358945119554807,0.17447369806876187,0.03561740149224648,25,10,10
41,4670,0.8510643350138701,2.181394944544946e-05,0.11994938577945387,0.02896446525723023,25,10,10
41,4671,0.8804617103523255,3.6318391409923156e-07,0.07996093080348567,0.039576995660275706,25,10,10
41,4672,0.8653749356056188,2.9315927533154487e-07,0.10855202340271912,0.026072747832386743,25,10,10
41,4673,0.8973331955678168,5.999470999217587e-07,0.07525849234078046,0.027407712144303056,25,10,10
41,4674,0.8519850998209094,3.9247414488234153e-07,0.11940476015485918,0.028609747550087116,25,10,10
41,4675,0.8011093032170242,1.085220246042241e-06,0.1671204960594234,0.03176911550330672,25,10,10
41,4676,0.8403722232911328,2.9909584624871813e-06,0.14494224479588558,0.014682540954518814,25,10,10
41,4677,0.8225198451728974,3.088459520075753e-06,0.16755863905299329,0.009918427314589646,25,10,10
41,4678,0.8825452825491158,1.6478169598891172e-05,0.10975380682283134,0.007684432458454422,25,10,10
41,4679,0.8887378768069244,1.953598822493338e-05,0.10526110824203584,0.005981478962814837,25,10,10
41,4680,0.9339890491415203,1.2354843008798131e-05,0.06271169309405009,0.003286902921420844,25,10,10
41,4681,0.8071852650210929,1.0035246860664338e-06,0.19253942627782986,0.00027430517639019745,25,10,10
41,4682,0.8087611799296838,3.0715513985295803e-06,0.19026160617405707,0.0009741423448603901,25,10,10
41,4683,0.8137491022140304,8.293233499030937e-07,0.18559852137288974,0.0006515470897296268,25,10,10
41,4684,0.8513288248108168,4.533033085367959e-05,0.14830909538177647,0.0003167494765524307,25,10,10
41,4685,0.9010322542229542,3.179951927652875e-05,0.09857785699406495,0.00035808926370414497,25,10,10
41,4686,0.938268360300762,1.1704127341158092e-06,0.06149649291313827,0.00023397637336573622,25,10,10
41,4687,0.91813573439565,8.177327308846284e-07,0.0810375366564714,0.0008259112151478093,25,10,10
41,4688,0.910142230615623,5.433354470477315e-07,0.08754684222919934,0.002310383819731031,25,10,10
41,4689,0.8842228559539663,9.275998284171465e-07,0.11065257842722657,0.005123638018979767,25,10,10
41,4690,0.8967810672297775,1.5321030526087818e-06,0.1030939682409768,0.0001234324261934411,25,10,10
41,4691,0.8814791360148803,1.7008920133222772e-06,0.11829415523373982,0.00022500785936684407,25,10,10
41,4692,0.8959177957234763,1.0124586624221996e-05,0.10377354653168788,0.00029853315821128096,25,10,10
41,4693,0.8761122382915115,3.890625657608513e-06,0.12378798093242603,9.589015040440137e-05,25,10,10
41,4694,0.8937883162301563,5.032040644444157e-06,0.10589369439786803,0.0003129573313313896,25,10,10
41,4695,0.8665834738387326,2.0797633301634835e-05,0.13296433732513002,0.00043139120283474454,25,10,10
41,4696,0.8469777188531051,2.650719890479853e-05,0.15086898653454897,0.0021267874134405806,25,10,10
41,4697,0.9512875475556066,7.864462174368533e-08,0.04869916920615405,1.3204593617539783e-05,25,10,10
41,4698,0.9027246156155202,1.1754247125929399e-06,0.05874901856432417,0.038525190395442686,25,10,10
41,4699,0.8447666373047437,2.330874758859789e-06,0.11645158655197532,0.03877944526852178,25,10,10
41,4700,0.7457270526459115,0.009085710195918582,0.20269489998723497,0.04249233717093309,25,10,10
41,4701,0.7023359302219029,0.012706061492495948,0.27830778870430645,0.006650219581295073,25,10,10
41,4702,0.7498965005866752,0.012706631127921239,0.227739677299457,0.009657190985945655,25,10,10
41,4703,0.7824613805187988,0.000618429966200795,0.21587655825303145,0.0010436312619696018,25,10,10
41,4704,0.8063735282311737,0.000621144669608445,0.19291358664494038,9.174045427711588e-05,25,10,10
41,4705,0.8216613944881271,8.115006541911836e-05,0.15113586653880862,0.02712158890764528,25,10,10
41,4706,0.8567590265378238,2.3697857857265677e-06,0.11439909542430432,0.028839508252086653,25,10,10
41,4707,0.8793962395191071,1.170666681023589e-06,0.10936733196188053,0.01123525785233213,25,10,10
41,4708,0.8791106536435485,7.829638150797768e-07,0.11257229112182177,0.008316272270814272,25,10,10
41,4709,0.8805514952154165,2.3545985816388925e-06,0.08960992608302819,0.029836224102973992,25,10,10
41,4710,0.8710301813635827,5.105446991505132e-06,0.09931563055133996,0.02964908263808624,25,10,10
41,4711,0.7860347936919048,9.169419755418552e-06,0.17443164143334033,0.03952439545500035,25,10,10
41,4712,0.8742815153643484,1.2537569550228639e-05,0.09622065387345222,0.02948529319264881,25,10,10
41,4713,0.9032361887932678,7.820499863473402e-08,0.05732184606404405,0.039441886937689206,25,10,10
41,4714,0.9113975640772037,1.010200044474983e-06,0.05222378402562562,0.036377641697125825,25,10,10
41,4715,0.8916713246817963,0.000271322852167109,0.08154608937249806,0.026511263093538625,25,10,10
41,4716,0.9306183785289535,0.00027131113105492515,0.04259898595737283,0.026511324382618655,25,10,10
41,4717,0.8196915518402932,0.00027120398840721233,0.15191322480710187,0.02812401936419812,25,10,10
41,4718,0.7958836171515661,0.0003887842646019845,0.16225735081405973,0.04147024776977229,25,10,10
41,4719,0.8615780455093726,7.0447054847962445e-06,0.09735735507395013,0.04105755471119239,25,10,10
41,4720,0.8282909480597271,7.674625914365142e-06,0.1316351312555671,0.04006624605879138,25,10,10
41,4721,0.7899654148074444,2.8244477847773477e-06,0.20300385901626253,0.007027901728508867,25,10,10
41,4722,0.8331107090499102,2.3459785990810658e-06,0.166636539337412,0.0002504056340797266,25,10,10
41,4723,0.7895634969124411,3.0543269776397285e-06,0.20904045594739734,0.0013929928131840646,25,10,10
41,4724,0.8317771760772046,1.9307330080102045e-05,0.1671376661157913,0.0010658504769233607,25,10,10
41,4725,0.9385181240190476,1.2067211313939429e-06,0.06136998677658674,0.00011068248323471474,25,10,10
41,4726,0.8505732136367201,1.7608163402763127e-06,0.14936605957971866,5.8965967220999895e-05,25,10,10
41,4727,0.8175228696381315,3.645211561516638e-05,0.18223896737645828,0.0002017108697936568,25,10,10
41,4728,0.8563565640659987,3.8933829007497315e-05,0.14351489205282783,8.961005216526284e-05,25,10,10
41,4729,0.8677396757354142,8.217992787718759e-05,0.12098073244067803,0.01119741189603021,25,10,10
41,4730,0.8951416095415422,1.7289362802848212e-06,0.09351208061498958,0.011344580907188005,25,10,10
41,4731,0.9173710759383306,3.635697381880019e-06,0.07141163625856141,0.011213652105726462,25,10,10
41,4732,0.9501971164716073,1.4924236143625447e-06,0.046395557937719205,0.0034058331670591903,25,10,10
41,4733,0.9348325501994111,1.3043913649146496e-06,0.06180652393982679,0.0033596214693971645,25,10,10
41,4734,0.943493605524374,3.2375180110727176e-05,0.05307833798320041,0.003395681312314466,25,10,10
41,4735,0.943279764145214,3.092424875160254e-05,0.05305707109398658,0.003632240512047848,25,10,10
41,4736,0.903438485043641,0.0002552220075842438,0.09501720029335432,0.0012890926554198464,25,10,10
41,4737,0.8406229672895925,1.251711009410827e-06,0.1583632573621326,0.0010125236372661457,25,10,10
41,4738,0.7680049578522095,7.361771441035173e-07,0.19194229251187386,0.04005201345877372,25,10,10
41,4739,0.8164359568690535,1.2191027267767182e-06,0.14071881619969467,0.04284400782852602,25,10,10
41,4740,0.8309883630216024,6.27876597464797e-06,0.1147099727020278,0.05429538551039575,25,10,10
41,4741,0.7958675999554816,2.0331477570739972e-05,0.12260259808952809,0.0815094704774202,25,10,10
41,4742,0.7710835573345065,1.3613893618271627e-06,0.1497531956362713,0.07916188563986029,25,10,10
41,4743,0.6966130400853565,1.3942697088992717e-05,0.23110450828144546,0.0722685089361074,25,10,10
41,4744,0.7241421595293001,5.656481279621688e-05,0.19656599853920195,0.07923527711870015,25,10,10
41,4745,0.7938608261666422,4.955025810049827e-05,0.1268696829202083,0.0792199406550488,25,10,10
41,4746,0.7730862286429243,2.5929201602663175e-05,0.1410924174154869,0.0857954247399863,25,10,10
41,4747,0.839213236516576,2.5653798343597224e-05,0.1395791312966537,0.021181978388426854,25,10,10
41,4748,0.7874116017757892,3.110297303488406e-05,0.1914231762791002,0.021134118972076434,25,10,10
41,4749,0.7799010605661,1.1177405009827413e-05,0.16601928166422864,0.054068480364662046,25,10,10
41,4750,0.8560799726619976,1.8595595551991034e-05,0.13392527489941944,0.009976156843030472,25,10,10
41,4751,0.8783795803931725,7.638744929572575e-06,0.12135078305790295,0.0002619978039952749,25,10,10
41,4752,0.8705505961542194,1.4245097928533887e-06,0.1290762150786821,0.0003717642573065844,25,10,10
41,4753,0.9323186557406473,2.761638135966213e-05,0.06743180198582516,0.0002219258921677748,25,10,10
41,4754,0.8288889509649529,1.1722231757178988e-05,0.1688577966629679,0.0022415301403213538,25,10,10
41,4755,0.8610480748721602,1.639007733516287e-05,0.13682143335107277,0.0021141016994316976,25,10,10
41,4756,0.8968029422741957,7.335941350223102e-06,0.10298980207087068,0.0001999197135829486,25,10,10
41,4757,0.9249229810603558,7.611937749248903e-06,0.07485581504468634,0.00021359195720844836,25,10,10
41,4758,0.8675156015078618,5.763061854496804e-06,0.12259859249306705,0.009880042937216822,25,10,10
41,4759,0.817063137844741,1.6327432654827366e-07,0.18176321427780043,0.0011734846031316397,25,10,10
41,4760,0.8553858991199541,3.37854839558027e-06,0.14331227940803648,0.0012984429236130887,25,10,10
41,4761,0.9038931763896837,1.812791446669539e-06,0.09561120950809356,0.0004938013107757721,25,10,10
41,4762,0.8657228713758746,2.2574122926328467e-05,0.13376525550404886,0.0004892989971509686,25,10,10
41,4763,0.8739394906532368,1.1954145198200513e-05,0.12593741322139682,0.00011114198016864575,25,10,10
41,4764,0.9132728391331553,8.847302872504268e-06,0.08664499565005043,7.33179139219203e-05,25,10,10
41,4765,0.965211034403319,1.1556386730593484e-06,0.03470799122975815,7.98187282495568e-05,25,10,10
41,4766,0.9686824317735768,1.2844773737971212e-06,0.031208169255854505,0.00010811449319524563,25,10,10
41,4767,0.9032800291741289,1.4779503435962513e-06,0.09610041308505939,0.0006180797904691645,25,10,10
41,4768,0.906750146479546,2.3655858856462376e-06,0.0931206603477929,0.00012682758677544736,25,10,10
41,4769,0.9309010882811458,2.3327989659170054e-06,0.06872541346073983,0.0003711654591482447,25,10,10
41,4770,0.8622394208719909,1.6555796275433244e-06,0.13738579058498002,0.0003731329634013114,25,10,10
41,4771,0.8438156043085324,9.010087525683541e-07,0.1558751917221893,0.00030830296052523074,25,10,10
41,4772,0.8101361373079736,1.2920558961185291e-06,0.18945936495167184,0.00040320568445820985,25,10,10
41,4773,0.8617061350049872,6.879225425882336e-06,0.13631645171773954,0.001970534051847533,25,10,10
41,4774,0.906385879029132,2.520284094112252e-06,0.09337063904145954,0.00024096164531284479,25,10,10
41,4775,0.9198451502681388,5.505910049627294e-05,0.07963938311027445,0.00046040752109001855,25,10,10
41,4776,0.8681052724156925,5.485835994540992e-05,0.13102809446901223,0.0008117747553507539,25,10,10
41,4777,0.8942034316826836,1.1046755189566258e-06,0.10416154045295871,0.001633923188839131,25,10,10
41,4778,0.9208767178163468,2.1880391472765704e-05,0.07895960329297748,0.0001417984992029712,25,10,10
41,4779,0.9277254798269312,6.847693275532082e-06,0.07217776463294898,8.990784684404245e-05,25,10,10
41,4780,0.8487664978463819,7.335368926171634e-06,0.14945996785663648,0.001766198928055746,25,10,10
41,4781,0.8834610570424247,2.045283213157433e-06,0.11637446731996129,0.00016243035440028017,25,10,10
41,4782,0.9710993010918011,9.87218031539344e-07,0.02879375791778765,0.00010595377237952032,25,10,10
41,4783,0.8919970998977698,4.706110980883177e-06,0.1077446830102965,0.0002535109809531371,25,10,10
41,4784,0.8333762813507926,1.102470306182802e-05,0.16220361922175702,0.004409074724388784,25,10,10
41,4785,0.8659120041752982,8.28111225468397e-06,0.1340024860730919,7.722863935496091e-05,25,10,10
41,4786,0.8599466552452902,8.513331415321726e-06,0.13759942276722467,0.0024454086560706245,25,10,10
41,4787,0.9007022465077231,1.4882854373465845e-06,0.09903677092051727,0.0002594942863221739,25,10,10
41,4788,0.8675814173681311,1.0265703926095047e-05,0.13203999329879154,0.00036832362915173526,25,10,10
41,4789,0.875155629094627,2.885082554552855e-05,0.12451296873864949,0.0003025513411779241,25,10,10
41,4790,0.93355155484297,1.883137598476281e-05,0.06620382958360421,0.00022578419744101095,25,10,10
41,4791,0.8779328694277226,1.1589217241569276e-05,0.12002426014074537,0.0020312812142898977,25,10,10
41,4792,0.9496918556066604,2.025467406989804e-06,0.04881856994711129,0.0014875489788214308,25,10,10
41,4793,0.9484241697112182,1.5578239102085834e-06,0.05004407919704126,0.001530193267830632,25,10,10
41,4794,0.8968104058632461,7.168136173554247e-06,0.1030066085142901,0.00017581748629008867,25,10,10
41,4795,0.8853901474864467,1.22224755841746e-06,0.11121532642064862,0.0033933038453461918,25,10,10
41,4796,0.8229946505389998,2.3783893637852343e-06,0.17597950707810234,0.001023463993533371,25,10,10
41,4797,0.8906994373349955,1.5215609383706477e-05,0.10840319747817151,0.0008821495774498822,25,10,10
41,4798,0.8310881335009467,3.410605903076315e-05,0.16837405130868582,0.0005037091313370897,25,10,10
41,4799,0.8577997919241409,1.8489708514635587e-06,0.1418097242931066,0.0003886348119013521,25,10,10
41,4800,0.7812521381030659,8.02000895295187e-06,0.21863604018630767,0.00010380170167393992,25,10,10
41,4801,0.8086948484980009,1.4448587771077855e-05,0.19118084241908606,0.0001098604951437459,25,10,10
41,4802,0.788976812653276,0.00040601123815515403,0.21028278809682965,0.0003343880117389077,25,10,10
41,4803,0.8350189280170685,0.00039977177600169665,0.15811659008908965,0.006464710117839535,25,10,10
41,4804,0.7818360171230584,0.000515499871033071,0.21602917456639315,0.0016193084395157854,25,10,10
41,4805,0.8667770999791489,0.0004200400187521947,0.13272290242228496,7.995757981444614e-05,25,10,10
41,4806,0.9103365976433108,0.00017548409184886361,0.08571531884167997,0.003772599423160443,25,10,10
41,4807,0.9176284366389145,1.5886512331167103e-06,0.0818005358542195,0.0005694388556330235,25,10,10
41,4808,0.9107001420934896,1.96545516677561e-06,0.08885124757293265,0.00044664487841043115,25,10,10
41,4809,0.9028431162812474,1.956522865894931e-06,0.09664958046036656,0.0005053467355199489,25,10,10
41,4810,0.919616435583638,1.1420709415442127e-06,0.04368565925343195,0.03669676309198846,25,10,10
41,4811,0.8600415608852938,0.0009546908145548549,0.1023437511933472,0.036659997106804836,25,10,10
41,4812,0.8876457780760936,1.6055359444437e-05,0.07558056970489195,0.03675759685956989,25,10,10
41,4813,0.8802695025946208,0.0003147693031095656,0.07996587745163858,0.03944985065063106,25,10,10
41,4814,0.8617684250074729,1.4367863765480194e-05,0.09753029089126933,0.04068691623749287,25,10,10
41,4815,0.8801414400802088,3.3933401841464145e-05,0.07924387359848051,0.04058075291946944,25,10,10
41,4816,0.8715858826657454,2.3482673766935456e-05,0.0868952596085023,0.04149537505198531,25,10,10
41,4817,0.8750470866719684,3.5097250946474472e-06,0.08393055829759731,0.041018845305339634,25,10,10
41,4818,0.8333272283543929,2.510158323132276e-05,0.12401783673602122,0.042629833326354935,25,10,10
41,4819,0.8794293786599826,1.7954627628836064e-05,0.07760573529069274,0.04294693142169586,25,10,10
41,4820,0.9112576176626763,5.145361989779727e-06,0.04921744365987741,0.0395197933154565,25,10,10
41,4821,0.8703743854776508,5.730665819623468e-06,0.08991183320624334,0.03970805065028595,25,10,10
41,4822,0.8924873543048468,5.443585932729692e-06,0.09377254534232307,0.013734656766897849,25,10,10
41,4823,0.8380325106380218,5.022689658616131e-06,0.14790195693282043,0.014060509739499103,25,10,10
41,4824,0.8660710661857708,5.0266308356531975e-06,0.11986027580695678,0.014063631376437315,25,10,10
41,4825,0.841540037126209,2.4311278791240902e-06,0.14426816449442673,0.014189367251485716,25,10,10
41,4826,0.857290372883072,1.702837335698844e-05,0.14042231939703498,0.0022702793465358747,25,10,10
41,4827,0.8812247020286759,1.768478213568512e-05,0.11367847210684222,0.005079141082345583,25,10,10
41,4828,0.8802072209023518,1.370351929384452e-06,0.11664406375991254,0.003147344985806332,25,10,10
41,4829,0.9356479948755146,1.2290684236861448e-05,0.06172592540112459,0.0026137890391235317,25,10,10
41,4830,0.968054632033719,6.612344121260839e-06,0.03174773068348108,0.00019102493867853977,25,10,10
41,4831,0.8790357400584843,4.6967188492314885e-06,0.12000874964927767,0.0009508135733882193,25,10,10
41,4832,0.9320998461122055,6.555653297857355e-07,0.061684299834962306,0.006215198487502473,25,10,10
41,4833,0.8815197679250865,2.330040478345504e-06,0.1122440467069497,0.006233855327485376,25,10,10
41,4834,0.9460508868132353,1.1732745103092622e-05,0.05375879478965551,0.00017858565200644134,25,10,10
41,4835,0.9088050022733701,1.0412342661181293e-05,0.08746150670671726,0.003723078677251709,25,10,10
41,4836,0.8382410389122884,5.080582729420215e-07,0.15490927100096305,0.0068491820284764145,25,10,10
41,4837,0.8984106480151803,1.2179192377864837e-06,0.10156999032342905,1.8143742153386607e-05,25,10,10
41,4838,0.9576152326165865,1.130954771587318e-06,0.042353205686827024,3.0430741815080925e-05,25,10,10
41,4839,0.8722651949869039,2.310594720467137e-06,0.12758415845817278,0.000148335960203124,25,10,10
41,4840,0.8653601875097108,2.625899793469778e-05,0.10752485842005571,0.02708869507229847,25,10,10
41,4841,0.9072012712537785,1.127943676330717e-05,0.09277305652818191,1.4392781276763764e-05,25,10,10
41,4842,0.9098071826792578,1.758718644203662e-05,0.08788888506790077,0.0022863450663994193,25,10,10
41,4843,0.8335835912169324,1.752937906692154e-05,0.1401343670355926,0.02626451236840819,25,10,10
41,4844,0.8585350894969719,8.211004742672751e-06,0.10736961349992535,0.034087085998359884,25,10,10
41,4845,0.808579440968014,0.0005172214108430486,0.14894070856174127,0.04196262905940236,25,10,10
41,4846,0.8507694765333536,1.4602321233353972e-05,0.10940353109014518,0.03981239005526815,25,10,10
41,4847,0.8537213875346262,3.129736984104121e-05,0.13949792713655335,0.006749387958979113,25,10,10
41,4848,0.8480964152954782,4.852491174527064e-06,0.11335363887587223,0.03854509333747475,25,10,10
41,4849,0.8634680468282661,0.001143462722260056,0.09541934272107552,0.03996914772839881,25,10,10
41,4850,0.853850632300057,0.0011486758442664793,0.10289859747948266,0.042102094376193853,25,10,10
41,4851,0.8687055971099258,1.2293123763716046e-06,0.09142598177525699,0.03986719180244095,25,10,10
41,4852,0.8369328379975832,1.9764645520390226e-06,0.12248524774091747,0.04057993779694652,25,10,10
41,4853,0.8140285292701784,5.11356269456008e-06,0.1728264542912032,0.013139902875923766,25,10,10
41,4854,0.8481487292395582,1.1967731512194013e-05,0.10917134889222341,0.04266795413670577,25,10,10
41,4855,0.84454870332469,3.5081015850311743e-05,0.1127945845101354,0.04262163114932431,25,10,10
41,4856,0.8850536704765726,9.524836597119312e-07,0.07542050392260716,0.03952487311716047,25,10,10
41,4857,0.8731858006731801,1.2636614306764318e-06,0.0860095352744647,0.04080340039092472,25,10,10
41,4858,0.8323570836095017,4.647614179124948e-06,0.1254152646573949,0.042223004118924275,25,10,10
41,4859,0.7978986531424691,1.6816976117965973e-05,0.16110257724177854,0.04098195263963441,25,10,10
41,4860,0.8445336118857506,1.2830221265281245e-06,0.12513989594197392,0.030325209150148923,25,10,10
41,4861,0.8365413050253849,1.100086227970384e-05,0.13240810500323918,0.031039589109095683,25,10,10
41,4862,0.7966883230707726,1.0474704070794921e-05,0.15515606798245163,0.04814513424270458,25,10,10
41,4863,0.8899462369079596,1.4291393028711868e-06,0.06882708686108342,0.04122524709165425,25,10,10
41,4864,0.8611353395785253,4.9157802465240135e-05,0.09904651023672299,0.039768992382285345,25,10,10
41,4865,0.8834347158161124,9.226895530384307e-07,0.07224293605593926,0.04432142543839524,25,10,10
41,4866,0.8330755265591392,8.984477667508443e-06,0.12180032581555059,0.04511516314764269,25,10,10
41,4867,0.8441854171751515,1.1700731480671954e-06,0.08439986319765529,0.07141354955404522,25,10,10
41,4868,0.8704982100683365,8.139892874207468e-07,0.06261493363984584,0.06688604230253063,25,10,10
41,4869,0.8005108379364256,7.273856909138208e-06,0.11992178971067688,0.07956009849598883,25,10,10
41,4870,0.8385884613826613,7.47327914939778e-06,0.08227254202834526,0.07913152330984449,25,10,10
41,4871,0.8549818451183916,6.444878747238891e-07,0.06512741314430082,0.07989009724943251,25,10,10
41,4872,0.8533679088665038,3.827685412278097e-05,0.0712450426811881,0.07534877159818523,25,10,10
41,4873,0.8668219977050906,3.887461564476441e-05,0.09161009687200913,0.041529030807255646,25,10,10
41,4874,0.8580254087253791,3.7783653780072473e-06,0.0992349114952758,0.04273590141396659,25,10,10
41,4875,0.8244110147593937,1.5804493596091724e-05,0.13305699965528897,0.04251618109172135,25,10,10
41,4876,0.8378008241991434,3.3042350410078257e-06,0.08576409674650125,0.07643177481931449,25,10,10
41,4877,0.7691917264327681,0.007472051044707525,0.14343338327955876,0.07990283924296514,25,10,10
41,4878,0.7772070017656932,0.00125869512853812,0.1450682689863959,0.07646603411937164,25,10,10
41,4879,0.7852534285116957,8.23990206116685e-07,0.13530581920510623,0.07943992829299205,25,10,10
41,4880,0.8206133389799969,7.239030109360841e-05,0.12845617780426913,0.050858092914641224,25,10,10
41,4881,0.8634663252957325,4.024318007465744e-05,0.0642105881326407,0.0722828433915518,25,10,10
41,4882,0.8347833806341614,1.382361503701154e-06,0.12449500630880499,0.04072023069553084,25,10,10
41,4883,0.881839651982807,1.329694562531792e-06,0.07741665305990082,0.040742365262729424,25,10,10
41,4884,0.8378275619535855,3.204042412058413e-05,0.12229098506506983,0.039849412557224004,25,10,10
41,4885,0.832360586778348,2.7919889660296437e-06,0.1541082992426848,0.01352832199000175,25,10,10
41,4886,0.829874349210884,7.337564413609472e-06,0.12992774180826194,0.040190571416440744,25,10,10
41,4887,0.7682099889992657,8.751085762034159e-06,0.1914267188521662,0.04035454106280593,25,10,10
41,4888,0.8617870166798454,3.23771465625104e-06,0.09595498328611533,0.04225476231938269,25,10,10
41,4889,0.8371821537676719,0.0015303356989740053,0.0986832611358367,0.06260424939751733,25,10,10
41,4890,0.8247641869878969,9.18383636587903e-06,0.1132638560540785,0.0619627731216587,25,10,10
41,4891,0.7978570271260539,1.8966164398239164e-07,0.13162462228181654,0.07051816093048506,25,10,10
41,4892,0.8630167888293103,5.352928565822133e-06,0.10003906115657689,0.03693879708554602,25,10,10
41,4893,0.8325993552302087,8.682233025139011e-07,0.09348386237654494,0.07391591416994396,25,10,10
41,4894,0.7960315044748555,0.00021552788058205413,0.1300002412319529,0.07375272641260901,25,10,10
41,4895,0.8015397271509522,0.0002200456652429309,0.1338432162352189,0.06439701094858581,25,10,10
41,4896,0.7391921521293429,7.195614308804109e-05,0.18023314835287382,0.08050274337469654,25,10,10
41,4897,0.7356123094570721,7.455655089568123e-05,0.15977868247444543,0.1045344515175874,25,10,10
41,4898,0.7292943634719761,7.246938033288917e-06,0.15455278162658748,0.11614560796340329,25,10,10
41,4899,0.7361836372424487,1.4033600211176932e-06,0.15883836196612797,0.10497659743140224,25,10,10
41,4900,0.7511627302908511,3.0127001508551125e-05,0.16942988620461474,0.07937725650302645,25,10,10
41,4901,0.7327294942649332,7.912674442091808e-05,0.2259449184841419,0.04124646050650568,25,10,10
41,4902,0.8679442453884667,6.213349823590435e-07,0.10073667336882608,0.0313184599077251,25,10,10
41,4903,0.8795477127041116,2.9280871634342442e-06,0.08858664174770757,0.03186271746101698,25,10,10
41,4904,0.8239210535178814,3.281847953611004e-06,0.1365609582766045,0.039514706357560096,25,10,10
41,4905,0.7868878563938404,8.939591093826957e-07,0.16287380045688843,0.05023744919016173,25,10,10
41,4906,0.8192535995825614,1.7611378141656325e-06,0.1386433936046768,0.04210124567494761,25,10,10
41,4907,0.8314838986638661,8.268577079820104e-06,0.16523886765058932,0.0032689651084640277,25,10,10
41,4908,0.8998130267503648,4.192046063839869e-05,0.09701200561269573,0.0031330471763010115,25,10,10
41,4909,0.898970670432965,1.8540530454700634e-05,0.10099071050072354,2.007853585636691e-05,25,10,10
41,4910,0.9107148594196112,2.7167104067046057e-05,0.08909291253082736,0.00016506094549359945,25,10,10
41,4911,0.9154730624269721,1.8743720508322255e-05,0.0842534667835476,0.00025472706897066664,25,10,10
41,4912,0.952218496863964,8.763771725338438e-06,0.047617481132646924,0.00015525823166318811,25,10,10
41,4913,0.8569920669246636,1.979579351278287e-05,0.1423470310543296,0.00064110622749493,25,10,10
41,4914,0.9458074882711685,4.873285103992531e-07,0.054108066370709536,8.395802961186885e-05,25,10,10
41,4915,0.9401404355314853,4.771035543737294e-07,0.059626768554182974,0.00023231881077773468,25,10,10
41,4916,0.8260435295218485,4.043641433606683e-05,0.17344187193967997,0.0004741621241352962,25,10,10
41,4917,0.7669488171368392,1.3684600294403045e-06,0.23224278635543275,0.0008070280476987246,25,10,10
41,4918,0.8104549750306727,1.1888308048090908e-05,0.18888299308966064,0.0006501435716201732,25,10,10
41,4919,0.870949861099719,1.5389536911446222e-06,0.1285647044937331,0.0004838954528564067,25,10,10
41,4920,0.8948536407325622,8.763276255237249e-05,0.10443128825752374,0.0006274382473611033,25,10,10
41,4921,0.8958980282508853,9.946565672040554e-07,0.10105803541462857,0.0030429416779182827,25,10,10
41,4922,0.9132082680059642,2.8886928338440316e-06,0.08621930255921745,0.0005695407419848067,25,10,10
41,4923,0.8716385476948433,4.770337815638897e-06,0.12772879968097664,0.000627882286364698,25,10,10
41,4924,0.8516280719081499,8.31768520155632e-06,0.14532962639840158,0.00303398400824679,25,10,10
41,4925,0.9142041629468942,7.586247466816436e-06,0.08363658791916606,0.0021516628864731704,25,10,10
41,4926,0.8845560965758169,3.216727219055581e-06,0.1151268780831432,0.000313808613821335,25,10,10
41,4927,0.8579652319060803,1.1295099244795837e-05,0.14163832813097835,0.00038514486369686687,25,10,10
41,4928,0.8237563269692374,1.0305608060941026e-05,0.17573041500473818,0.000502952417963967,25,10,10
41,4929,0.8872079570315873,8.7612456483324e-07,0.1127199534528578,7.121339099055236e-05,25,10,10
41,4930,0.8191553112825716,0.0003003118005938656,0.16529070283806901,0.015253674078764805,25,10,10
41,4931,0.8424858130735379,0.0016145025688149301,0.15446473169284608,0.0014349526648006266,25,10,10
41,4932,0.9252135038017956,1.8826902629411902e-06,0.07466015654567613,0.0001244569622659294,25,10,10
41,4933,0.9175112429967406,2.4068909974530285e-05,0.07735007303064881,0.005114615062636836,25,10,10
41,4934,0.933039005967387,2.2669016153096794e-05,0.06185184695450305,0.005086478061956901,25,10,10
41,4935,0.8802609286329645,0.000575785171612066,0.11359490255673592,0.005568383638686928,25,10,10
41,4936,0.8753913088459865,8.474305343101203e-06,0.12432644162396186,0.0002737752247085137,25,10,10
41,4937,0.8655434093005786,0.000319121849028262,0.132411531461684,0.0017259373887090958,25,10,10
41,4938,0.8859543334916685,0.00032415847208867225,0.11180147182522558,0.0019200362110177469,25,10,10
41,4939,0.8715551722784529,1.357697480926954e-05,0.12839994732905693,3.1303417681121435e-05,25,10,10
41,4940,0.8372472199543622,3.3978636266653995e-07,0.16272819490318965,2.4245356085498225e-05,25,10,10
41,4941,0.8470959014344305,5.461898957666575e-06,0.15279554035592569,0.00010309631068563259,25,10,10
41,4942,0.8808978791689458,3.929050647255274e-06,0.11907396683714538,2.4224943262067593e-05,25,10,10
41,4943,0.8241669578369475,1.2911375744965768e-05,0.1757192857768196,0.00010084501048840337,25,10,10
41,4944,0.8506991058533653,6.770749410999736e-05,0.14910506379536465,0.00012812285715990644,25,10,10
41,4945,0.8780763158582289,5.768241966334505e-05,0.12098105295276441,0.0008849487693424365,25,10,10
41,4946,0.9290394405699861,1.955899592915111e-05,0.07000429694032344,0.0009367034937611316,25,10,10
41,4947,0.9775073502246664,1.3623471909519765e-06,0.022480585184250904,1.0702243891676037e-05,25,10,10
41,4948,0.8550437155184579,0.0002837708412167125,0.14320183444986867,0.0014706791904564311,25,10,10
41,4949,0.8611023609947723,0.00028505161635835046,0.1358777932682659,0.0027347941206037085,25,10,10
41,4950,0.8764742916063155,0.00028465282357214525,0.12142784581892743,0.0018132097511856856,25,10,10
41,4951,0.8448682722134063,0.00028409958608255283,0.15147038952498998,0.003377238675520866,25,10,10
41,4952,0.8571618397388682,0.00029037441844319436,0.14111362873909428,0.0014341571035951062,25,10,10
41,4953,0.7826356108338081,5.632314780223472e-05,0.20300725206611125,0.01430081395227758,25,10,10
41,4954,0.7826601966229617,4.066570053115243e-05,0.203309705538028,0.013989432138478412,25,10,10
41,4955,0.7399718602401617,4.809851125154585e-06,0.23531897110649458,0.024704358802218482,25,10,10
41,4956,0.8287747018980585,1.0506897131021627e-05,0.13025222972181294,0.04096256148299797,25,10,10
41,4957,0.8850804132970324,1.5304940287963102e-06,0.07483639424054335,0.04008166196839524,25,10,10
41,4958,0.9028767382633092,8.35059705496788e-07,0.07997951186869001,0.017142914808295967,25,10,10
41,4959,0.901261298891604,6.353775642449279e-07,0.08418428431041194,0.014553781420420533,25,10,10
41,4960,0.9242273224264176,5.523042448090589e-07,0.07571032628417407,6.179898516343666e-05,25,10,10
41,4961,0.8418231643678962,5.577653415564407e-07,0.13135544550645634,0.026820832360306694,25,10,10
41,4962,0.7817200129528281,0.005349188552139208,0.19457631584110394,0.01835448265392931,25,10,10
41,4963,0.7478698052859025,0.007032416617742899,0.20256614936224043,0.04253162873411285,25,10,10
41,4964,0.7955066838744547,1.043770526322859e-05,0.159292417739328,0.04519046068095415,25,10,10
41,4965,0.8125696224156707,2.8020990893257716e-06,0.14231199642189873,0.04511557906334157,25,10,10
41,4966,0.8491816452044467,3.2821424926580487e-06,0.11117974422217189,0.039635328430888885,25,10,10
41,4967,0.8370505404527512,1.2906406376726554e-05,0.15973708746642862,0.0031994656744421157,25,10,10
41,4968,0.8002951715179849,1.3896426427336664e-05,0.19714746966713798,0.002543462388448759,25,10,10
41,4969,0.8632164458380138,1.633034926701572e-06,0.1360815404432423,0.0007003806838177643,25,10,10
41,4970,0.9488110693902202,2.3560911139057087e-07,0.05107368558423328,0.00011500941643512629,25,10,10
41,4971,0.8964520850945928,3.707313879855246e-06,0.10286367297268825,0.0006805346188403419,25,10,10
41,4972,0.9020417771880339,1.9658893764775137e-06,0.09751478631819271,0.0004414706043974109,25,10,10
41,4973,0.9361290921539543,9.952429621474395e-06,0.063772792618052,8.816279837187325e-05,25,10,10
41,4974,0.8835478773463672,6.113801265266784e-06,0.11622650629617612,0.00021950255619200917,25,10,10
41,4975,0.9146606885048417,0.00010331762223610376,0.08492158942084807,0.0003144044520738561,25,10,10
41,4976,0.8438793189347603,0.00012032870464847757,0.1557197494594677,0.0002806029011234223,25,10,10
41,4977,0.8701776750462655,6.853158091251908e-05,0.12938828689997028,0.00036550647285291793,25,10,10
41,4978,0.8556901823166824,2.9027158026969003e-06,0.14388738622972885,0.00041952873778557657,25,10,10
41,4979,0.7875124899461841,1.5089148014634404e-05,0.2120691854542731,0.000403235451527999,25,10,10
41,4980,0.8674368715776094,0.0003858505278252791,0.12974548352299814,0.002431794371566852,25,10,10
41,4981,0.8650916476775979,0.00037651752700347465,0.13450669717061,2.5137624788620187e-05,25,10,10
41,4982,0.9535560586206645,1.648875237637517e-05,0.046263866199481946,0.0001635864274772445,25,10,10
41,4983,0.9691782397264409,7.448793639147169e-06,0.030765725515496726,4.8585964423420596e-05,25,10,10
41,4984,0.8973271694312764,1.0547093672535624e-05,0.10255169227132047,0.00011059120372974207,25,10,10
41,4985,0.8972117630077909,3.767864893862525e-07,0.10269864874731542,8.921145840390782e-05,25,10,10
41,4986,0.934384646015544,8.564735130597498e-06,0.06554655972020901,6.0229529116769024e-05,25,10,10
41,4987,0.9486441306294024,3.0096290138087615e-05,0.05131263214125482,1.3140939204977982e-05,25,10,10
41,4988,0.9067479339216956,6.891861849833352e-08,0.09320265655082945,4.934060885659473e-05,25,10,10
41,4989,0.8630946004252888,2.242896918710819e-07,0.1368538778696484,5.129741537177459e-05,25,10,10
41,4990,0.8398640526933598,6.022570110756848e-05,0.16002202347615158,5.369812938150731e-05,25,10,10
41,4991,0.8749105577766665,1.6356236253998596e-06,0.1250394419719047,4.83646278037269e-05,25,10,10
41,4992,0.8485670778371366,1.644305656113303e-05,0.15025399756820754,0.0011624815380944231,25,10,10
41,4993,0.8671717790608543,1.621869948990162e-05,0.13146750089989312,0.0013445013397623998,25,10,10
41,4994,0.8791573942268343,3.123725738015927e-05,0.08494674924621468,0.03586461926957045,25,10,10
41,4995,0.8531157608074009,3.7416798088947566e-06,0.11129455617348066,0.035585941339309764,25,10,10
41,4996,0.8500585888744162,0.0017444638095026755,0.10861875889959202,0.0395781884164893,25,10,10
41,4997,0.8437922562354702,8.635268411605474e-06,0.11421158658847254,0.041987521907645646,25,10,10
41,4998,0.8160818295516705,9.742049066420471e-06,0.1443107067223835,0.03959772167688012,25,10,10
41,4999,0.8982439916094339,1.0025023132437326e-06,0.10155930711628015,0.00019569877197252164,25,10,10
41,5000,0.8804431876157107,2.8105433378905548e-06,0.11425082568193407,0.005303176159017046,25,10,10
41,5001,0.761993625804715,1.0328716402992949e-05,0.23372297541040216,0.004273070068480707,25,10,10
41,5002,0.9251535119810184,2.5822915455234684e-06,0.07276485487984437,0.002079050847591776,25,10,10
41,5003,0.888716893931866,1.0069290721302358e-05,0.11126105661070045,1.1980166711980765e-05,25,10,10
41,5004,0.795681862977654,3.7363417786981755e-07,0.2016410175639574,0.002676745824210307,25,10,10
41,5005,0.8484396979884571,1.3486649192498567e-06,0.14883197353406033,0.002726979812563896,25,10,10
41,5006,0.8010117787764264,2.854566343669167e-06,0.19129000259510975,0.007695364062120138,25,10,10
41,5007,0.8351432927447549,6.928178750646537e-05,0.15691947738698458,0.007867948080753142,25,10,10
41,5008,0.8474518033614505,2.2380258011614446e-05,0.14488536815669398,0.007640448223843216,25,10,10
41,5009,0.8608900441293837,0.0003993582520579372,0.1310419813407095,0.007668616277848304,25,10,10
41,5010,0.8260778885959732,2.4363804047483677e-05,0.1431837246809257,0.030714022919053004,25,10,10
41,5011,0.8282250222690589,3.714443602689737e-07,0.1289712980669492,0.04280330821963067,25,10,10
41,5012,0.8179065227434803,8.14234023612154e-06,0.13528555886962237,0.04679977604666155,25,10,10
41,5013,0.7856834791387832,7.962482343242988e-06,0.1480723788480226,0.06623617953085081,25,10,10
41,5014,0.8874236501585763,9.055260472831564e-06,0.04191655107164933,0.07065074350930187,25,10,10
41,5015,0.8544449353656876,1.7842237429152273e-06,0.06542701117041905,0.08012626924015143,25,10,10
41,5016,0.821985905780792,1.112856368558169e-06,0.10437822085923228,0.07363476050360768,25,10,10
41,5017,0.7673359509222797,5.074446410973033e-06,0.14694276832034006,0.08571620631096959,25,10,10
41,5018,0.7720073640784701,6.0200517160853885e-06,0.16233734782814482,0.06564926804166887,25,10,10
41,5019,0.8141589234863885,3.535589624784968e-05,0.10966850508751273,0.07613721552985069,25,10,10
41,5020,0.7636429630100521,3.8287071129745805e-05,0.1357821343368255,0.10053661558199245,25,10,10
41,5021,0.7557183341834621,3.770075655612232e-05,0.10227656697081355,0.14196739808916856,25,10,10
41,5022,0.7989624236622476,3.6842668205354035e-05,0.1116059741006168,0.08939475956893016,25,10,10
41,5023,0.814551457477136,3.7887753481925634e-05,0.09761408773731187,0.08779656703207088,25,10,10
41,5024,0.8245444667947787,9.538250571873673e-07,0.11828466729906438,0.05716991208109847,25,10,10
41,5025,0.801448560796473,9.196399846834417e-06,0.1273345216279764,0.07120772117570301,25,10,10
41,5026,0.8015698512082345,8.416808030389047e-06,0.12449004393129534,0.07393168805244041,25,10,10
41,5027,0.7058283347868627,7.573693318409404e-05,0.21576338591606878,0.07833254236388443,25,10,10
41,5028,0.7808049140407551,2.599701692807365e-06,0.1442480819917359,0.07494440426581607,25,10,10
41,5029,0.8067887815953099,8.516978434136428e-07,0.11279220230923599,0.08041816439761038,25,10,10
41,5030,0.7983244046455289,4.3721829766218055e-06,0.13702073404973747,0.06465048912175679,25,10,10
41,5031,0.835857767423922,3.392073600423437e-05,0.09750279478534807,0.0666055170547257,25,10,10
41,5032,0.8427892213922382,5.675126674387866e-07,0.09131995853455542,0.06589025256053943,25,10,10
41,5033,0.8341412289169108,1.292470901445711e-05,0.09255360856717215,0.07329223780690236,25,10,10
41,5034,0.8315256356484971,1.175463073001434e-06,0.09212091028056442,0.07635227860786567,25,10,10
41,5035,0.7821986023612303,3.867983757085547e-07,0.14835904990524673,0.06944196093514629,25,10,10
41,5036,0.8295891414872204,8.082824098618648e-05,0.163841588223658,0.006488442048135106,25,10,10
41,5037,0.8754321644972461,6.033183281924455e-06,0.11652556632819847,0.008036235991273576,25,10,10
41,5038,0.8636219686880109,1.3100638827355124e-06,0.12832878532842174,0.008047935919684623,25,10,10
41,5039,0.9369363741343071,3.8692500551553434e-07,0.058998334736008705,0.00406490420467844,25,10,10
41,5040,0.8628212192492396,1.7986623837060284e-05,0.13709050631671915,7.028781020393443e-05,25,10,10
41,5041,0.9113746904058533,1.5789949318069237e-05,0.08859525926405049,1.426038077790066e-05,25,10,10
41,5042,0.8736713936130434,0.00033716522336110284,0.12213132036963631,0.0038601207939592446,25,10,10
41,5043,0.8804684060845375,0.0062248359699443616,0.11329855022012891,8.20772538885158e-06,25,10,10
41,5044,0.9309314309754363,3.995261859632165e-05,0.0690214161576562,7.20024831089384e-06,25,10,10
41,5045,0.9359529521700655,0.00030437934971271654,0.06354720611771328,0.0001954623625085807,25,10,10
41,5046,0.843574786447764,0.0003193384199609183,0.14829714052235482,0.007808734609920448,25,10,10
41,5047,0.8394481452950737,4.894404816981733e-05,0.11090665377861507,0.04959625687814237,25,10,10
41,5048,0.8631639555737287,7.646933271810555e-06,0.08984646360262608,0.04698193389037388,25,10,10
41,5049,0.8050624870658454,1.4252086378888965e-06,0.15008282899378617,0.04485325873173052,25,10,10
41,5050,0.7721939999277684,3.239967042225272e-07,0.16936237252703287,0.0584433035484941,25,10,10
41,5051,0.7603035416124259,1.1393730220656809e-05,0.19436817701408102,0.04531688764327172,25,10,10
41,5052,0.7742897364392078,1.1246496277611129e-05,0.18062887979944742,0.045070137265067416,25,10,10
41,5053,0.858135942877222,1.702770790177756e-06,0.10170176683724956,0.04016058751473773,25,10,10
41,5054,0.8451366667203236,8.687392805106025e-06,0.11482532742733172,0.040029318459538867,25,10,10
41,5055,0.8730168646212154,2.3115274564056547e-05,0.10198044450217597,0.024979575602044567,25,10,10
41,5056,0.8875156523371648,2.196205313980319e-05,0.07246200900133007,0.040000376608365334,25,10,10
41,5057,0.8811135899794219,0.0002474975247551708,0.0776133860872442,0.04102552640857805,25,10,10
41,5058,0.9272773507946422,5.8633983217527605e-06,0.03308135031473209,0.03963543549230408,25,10,10
41,5059,0.8881707202599677,6.8177045816276476e-06,0.07153148205221466,0.0402909799832353,25,10,10
41,5060,0.8076144872251187,3.7690393689006564e-06,0.15186158646702266,0.04052015726848917,25,10,10
41,5061,0.8404606176423131,4.340235478075295e-05,0.11968048519753528,0.039815494805370916,25,10,10
41,5062,0.9249182015221551,1.9266904851365483e-06,0.03095439230026583,0.04412547948709387,25,10,10
41,5063,0.9184115408828984,1.5352869040869925e-06,0.03745544062911411,0.04413148320108364,25,10,10
41,5064,0.8731210047341598,3.0099722658265937e-06,0.08692492699268906,0.03995105830088528,25,10,10
41,5065,0.8407717145095122,1.0192160738499755e-05,0.11876324270677491,0.040454850622974554,25,10,10
41,5066,0.8497641577324256,1.0112316051096773e-05,0.1104136944124959,0.03981203553902745,25,10,10
41,5067,0.8637278762230787,3.2252246826792997e-06,0.1033969115061746,0.03287198704606424,25,10,10
41,5068,0.8143780276944603,1.914843502241898e-06,0.15287860316648358,0.03274145429555362,25,10,10
41,5069,0.8097552003731662,4.0594468869505155e-06,0.18977896014357257,0.00046178003637406567,25,10,10
41,5070,0.8977634827465306,2.244562170345786e-05,0.10215626650661369,5.780512515217471e-05,25,10,10
41,5071,0.8878966426753725,3.719236730346863e-06,0.11159442164987693,0.0005052164380197062,25,10,10
41,5072,0.8998986603623588,1.418073567280474e-05,0.0997593109699842,0.0003278479319836045,25,10,10
41,5073,0.9498807852229305,1.458548182022714e-06,0.04982828505333048,0.0002894711755567118,25,10,10
41,5074,0.8289682055609169,1.3756808786905846e-06,0.13253557216310916,0.03849484659509513,25,10,10
41,5075,0.8776449648648669,9.669866711847327e-05,0.0900090570514892,0.032249279416524806,25,10,10
41,5076,0.8659558751338662,9.397244923001411e-05,0.09457227505407198,0.03937787736283129,25,10,10
41,5077,0.8448045486177753,0.0003003935427975292,0.11482106008146,0.040073997757967626,25,10,10
41,5078,0.8670302325683233,9.887164034235699e-06,0.09292820670603445,0.040031673561608354,25,10,10
41,5079,0.9204242533695917,1.0153440866368662e-06,0.03958066229904206,0.03999406898727977,25,10,10
41,5080,0.8908331921981407,1.0616826317265755e-06,0.06916808949383443,0.03999765662539295,25,10,10
41,5081,0.8448551451879954,1.6422632887378938e-05,0.11801111147803695,0.03711732070108051,25,10,10
41,5082,0.8598667288149555,2.219531478783308e-05,0.1029320655724577,0.03717901029779913,25,10,10
41,5083,0.7878023998807806,2.4958424543428962e-06,0.17500615795205995,0.03718894632470615,25,10,10
41,5084,0.7920685479862299,7.376679532410003e-06,0.1681682969722006,0.03975577836203748,25,10,10
41,5085,0.8306695395316684,0.0030630275145417133,0.12584380061111836,0.04042363234267191,25,10,10
41,5086,0.8470062693564776,0.003056130990829609,0.14880549323538322,0.0011321064173096347,25,10,10
41,5087,0.8692331366530651,0.003405425994062039,0.12555556835098314,0.0018058690018892321,25,10,10
41,5088,0.8775564743389397,0.0030533448102353583,0.11853021828884117,0.0008599625619835122,25,10,10
41,5089,0.8626580200939165,3.521282520031992e-06,0.12739953474230295,0.009938923881260551,25,10,10
41,5090,0.8348205216995919,3.938480377644198e-06,0.1612218773037136,0.003953662516317289,25,10,10
41,5091,0.862553976440919,1.8401652760379538e-05,0.1358021098374061,0.0016255120689151908,25,10,10
41,5092,0.9472694001777466,2.5727663208012953e-06,0.052392243082380524,0.0003357839735518317,25,10,10
41,5093,0.9482302120966308,3.057114133104248e-05,0.051363059925155774,0.00037615683688256227,25,10,10
41,5094,0.9163026552663311,3.070522966501871e-05,0.08041247751229313,0.0032541619917111253,25,10,10
41,5095,0.9224509206628797,3.1822830887745056e-05,0.07432707697473236,0.0031901795315005593,25,10,10
41,5096,0.9333300511898729,3.031074590659372e-05,0.06662358529243646,1.6052771784033476e-05,25,10,10
41,5097,0.9692645269422606,2.190434513447322e-05,0.030707903885201598,5.664827403508814e-06,25,10,10
41,5098,0.9290184412291751,2.182863322590081e-05,0.07088860916246931,7.112097512992758e-05,25,10,10
41,5099,0.8905896714059451,9.093351269576402e-06,0.10722100706549942,0.002180228177284936,25,10,10
41,5100,0.9210501406410943,7.892001960412806e-06,0.07639110015217751,0.0025508672047682185,25,10,10
41,5101,0.8372262835149046,7.791003921693638e-06,0.16075348762721664,0.002012437853957727,25,10,10
41,5102,0.8768221070486981,4.5842381146346943e-07,0.1214473067875469,0.0017301277399438535,25,10,10
41,5103,0.8940230038513746,3.576891321450941e-06,0.1045596787140901,0.0014137405432134602,25,10,10
41,5104,0.9356142611375445,7.821422976451063e-06,0.0630182705997009,0.0013596468397780808,25,10,10
41,5105,0.8205350823180015,3.86627826944327e-06,0.16381168097494836,0.015649370428780097,25,10,10
41,5106,0.8307870864722477,1.2592261429409366e-07,0.15778023920402157,0.011432548401116467,25,10,10
41,5107,0.8805922672227007,3.2044979762920805e-06,0.11864350540756288,0.0007610228717594335,25,10,10
41,5108,0.839389751673067,1.2530634958078549e-06,0.1598355969515148,0.0007733983119219856,25,10,10
41,5109,0.8620898606014713,1.0382681259881723e-06,0.13303093412133613,0.004878167009066979,25,10,10
41,5110,0.9290344362806101,1.2505125730104567e-06,0.07090908610934937,5.522709746758496e-05,25,10,10
41,5111,0.8525840829184977,1.3150432943263358e-06,0.12354716686207984,0.02386743517612899,25,10,10
41,5112,0.7828345263437315,0.000963919764802957,0.16545181345329296,0.05074974043817255,25,10,10
41,5113,0.7874554756866915,0.0009732338160805855,0.14276562130284798,0.06880566919437872,25,10,10
41,5114,0.7806290501467774,0.0009703198079350469,0.13780529516557988,0.08059533487970727,25,10,10
41,5115,0.7418493750540637,0.0006402128078409853,0.1814887724847077,0.07602163965338767,25,10,10
41,5116,0.7960030732741258,0.0006019128885634356,0.12744068700675495,0.07595432683055625,25,10,10
41,5117,0.747769631414179,0.0005783366210329096,0.18105467314648796,0.07059735881829862,25,10,10
41,5118,0.8400144157187848,7.543179402320128e-05,0.08917361607692226,0.07073653641026986,25,10,10
41,5119,0.7810620495350706,2.3327410782173473e-05,0.15388092013261784,0.06503370292152968,25,10,10
41,5120,0.6808625171431784,4.700196080156924e-05,0.2708463288602109,0.04824415203580961,25,10,10
41,5121,0.7515107187490063,3.623650066704885e-05,0.17039745444937215,0.07805559030095416,25,10,10
41,5122,0.7691085637244498,2.6369631571997457e-05,0.17930430711262646,0.051560759531352786,25,10,10
41,5123,0.7941779132217315,2.55241031307062e-05,0.16594098344121724,0.039855579233920024,25,10,10
41,5124,0.7597107057837877,0.0004572843231130151,0.19824718300333463,0.04158482688976589,25,10,10
41,5125,0.8557560084236719,1.6990470029024652e-05,0.14183331467136978,0.002393686434929558,25,10,10
41,5126,0.8998617108607931,1.644096953571251e-05,0.09756294283182163,0.0025589053378498373,25,10,10
41,5127,0.9549101747744092,1.6415913924058195e-05,0.04252147260259214,0.0025519367090746053,25,10,10
41,5128,0.9614485033929258,1.27897692438518e-05,0.03467888330841767,0.0038598235294130343,25,10,10
41,5129,0.8985438383506953,0.0002789712625410232,0.09920675091757751,0.0019704394691864207,25,10,10
41,5130,0.9301758813850723,9.823582075524672e-06,0.06793255694681165,0.0018817380860404907,25,10,10
41,5131,0.9722389884578716,5.442959860296797e-06,0.027659178117467816,9.63904648001933e-05,25,10,10
41,5132,0.8915891822432183,1.1418882089761695e-05,0.10765769614989963,0.0007417027247936796,25,10,10
41,5133,0.9097181447466608,8.381180261669266e-06,0.08995595532925302,0.00031751874382493625,25,10,10
41,5134,0.896512606409878,9.454159394563354e-06,0.10308210617441926,0.00039583325630862293,25,10,10
41,5135,0.843380481288858,2.1538173252409725e-06,0.15656320594803122,5.4158945785720925e-05,25,10,10
41,5136,0.8878355261369331,2.1403875814094367e-06,0.11207649033181885,8.584314366743663e-05,25,10,10
41,5137,0.8645421905584102,1.4852772883154177e-06,0.1334905084202663,0.0019658157440356834,25,10,10
41,5138,0.7958576814753546,5.701478201886409e-06,0.20394336293349727,0.00019325411294686488,25,10,10
41,5139,0.8102481037130382,5.115826832920064e-06,0.18908986180816448,0.0006569186519631734,25,10,10
41,5140,0.8583974201906233,1.4224938945821079e-05,0.14129692221948692,0.0002914326509441836,25,10,10
41,5141,0.9324427144258849,1.3679704796373585e-05,0.06622357629388463,0.0013200295754339738,25,10,10
41,5142,0.83572404894187,2.9356893812811628e-05,0.14027653430660117,0.023970059857715123,25,10,10
41,5143,0.8059328983903558,3.352521365517117e-05,0.15462447281031935,0.0394091035856699,25,10,10
41,5144,0.8078745446184886,3.3197363934858216e-05,0.17429994519640907,0.017792312821167448,25,10,10
41,5145,0.8021087127980774,3.40746508765314e-05,0.15475903360791804,0.04309817894312827,25,10,10
41,5146,0.8911628426488086,9.619395239629456e-07,0.06889490320125298,0.03994129221041499,25,10,10
41,5147,0.8610763812715655,1.3602698949754236e-06,0.09937006945819148,0.03955218900034845,25,10,10
41,5148,0.9672746106792539,5.640339396786503e-06,0.03268439847717273,3.535050417704844e-05,25,10,10
41,5149,0.9439851482534484,4.6974118702067465e-06,0.053588924189123796,0.002421230145557314,25,10,10
41,5150,0.9296425773736177,8.802013549574436e-06,0.07028017015252526,6.845046030764696e-05,25,10,10
41,5151,0.9014284290912913,8.483193466757664e-07,0.0982819288283564,0.00028879376100533435,25,10,10
41,5152,0.8557784351415252,6.775831437314024e-05,0.14346907913011298,0.0006847274139872889,25,10,10
41,5153,0.8885428934191657,3.7205882246780364e-06,0.11116235382750567,0.00029103216510382947,25,10,10
41,5154,0.8900450456982049,9.880011197856233e-07,0.10961573225962892,0.0003382340410463329,25,10,10
41,5155,0.8404894658747567,5.5348966609192e-05,0.15880533432625982,0.0006498508323735728,25,10,10
41,5156,0.8356860533643191,2.4140990871927606e-06,0.15697101028786611,0.007340522248727108,25,10,10
41,5157,0.8559118042725955,2.5645524608507035e-07,0.13552196015278606,0.008565979119372841,25,10,10
41,5158,0.7652762109877023,1.0921206490136009e-05,0.22751529794625613,0.007197569859550373,25,10,10
41,5159,0.9007517102632053,1.106549422504116e-05,0.08737875906403604,0.011858465178533777,25,10,10
41,5160,0.8822699817745794,8.19645817258354e-07,0.08661945320486515,0.031109745374738568,25,10,10
41,5161,0.8633249087447871,1.3479321556259725e-06,0.05858362414629539,0.07809011917676202,25,10,10
41,5162,0.8544475913790882,1.779360316938156e-05,0.07431335143261507,0.07122126358512677,25,10,10
41,5163,0.8627963541219681,1.42738423794802e-05,0.05682720213133559,0.08036216990431676,25,10,10
41,5164,0.8622010086726882,1.61627666564984e-05,0.058732505446558864,0.07905032311409678,25,10,10
41,5165,0.8361534376543653,0.0004430608513750588,0.09594537704193383,0.06745812445232505,25,10,10
41,5166,0.8840355362966467,1.4014191349592694e-05,0.04422829794080986,0.07172215157119394,25,10,10
41,5167,0.877847037033454,2.5298256175300696e-05,0.03934251572379046,0.08278514898657997,25,10,10
41,5168,0.8457049574907282,3.0914382808462e-05,0.11398272433721271,0.04028140378925041,25,10,10
41,5169,0.8672320817358483,2.7562756829523644e-05,0.09320776111174377,0.039532594395579004,25,10,10
41,5170,0.8543155276428221,3.089102062076657e-05,0.11206213416939194,0.0335914471671649,25,10,10
41,5171,0.8178776923332624,7.534958338222617e-06,0.15442740934243654,0.027687363365961903,25,10,10
41,5172,0.8908265200488037,0.0024414997582320034,0.0701970169485765,0.03653496324438737,25,10,10
41,5173,0.8850265780470419,1.8651535739586328e-05,0.07771887149377209,0.03723589892344644,25,10,10
41,5174,0.82916098923476,1.423570748322073e-07,0.13391843067585943,0.0369204377323068,25,10,10
41,5175,0.8541497344497158,6.161465118622646e-06,0.1080558037302487,0.037788300354916926,25,10,10
41,5176,0.8380752526967092,1.1561701534080447e-05,0.11652740050850965,0.04538578509324731,25,10,10
41,5177,0.8055802274879116,1.0767678883654832e-05,0.1613756275917627,0.033033377241441515,25,10,10
41,5178,0.7439973528816113,3.5931766471874635e-06,0.2295878503612033,0.026411203580539867,25,10,10
41,5179,0.7815823205038939,2.548026643062964e-05,0.1727434664265925,0.04564873280308242,25,10,10
41,5180,0.7852188718591177,2.6191448781546983e-05,0.1683080994880756,0.04644683720402524,25,10,10
41,5181,0.7994806669381995,2.70663610860251e-06,0.1591405612263183,0.04137606519937388,25,10,10
41,5182,0.7893583875765608,0.0009132216495076885,0.1702725988414172,0.03945579193251441,25,10,10
41,5183,0.815849351125677,0.0008880693707482363,0.16943860884046347,0.01382397066311198,25,10,10
41,5184,0.8286188976599772,2.9482998309962905e-05,0.1713189506589965,3.266868271680648e-05,25,10,10
41,5185,0.8872080498442239,3.46249455871709e-06,0.11275929938607979,2.9188275138115103e-05,25,10,10
41,5186,0.8963131157247816,2.5613402601916178e-05,0.1030330367672038,0.0006282341054134606,25,10,10
41,5187,0.9547396017008082,1.39723162672369e-05,0.04517347446424302,7.295151868211061e-05,25,10,10
41,5188,0.9239829069866825,3.446673160416745e-05,0.0756915182542271,0.000291108027487011,25,10,10
41,5189,0.838369839143316,2.5997796480987018e-05,0.16146660248506794,0.00013756057513506696,25,10,10
41,5190,0.8921350065478084,2.0226532329797015e-06,0.10660869461060397,0.0012542761883546497,25,10,10
41,5191,0.8874195709705485,1.9694508247547552e-05,0.11009206586317935,0.00246866865802465,25,10,10
41,5192,0.9054108781674095,5.535371017528356e-07,0.06072513872975404,0.033863429565734716,25,10,10
41,5193,0.8759417780715048,1.237311929372511e-06,0.0903968460502221,0.03366013856634395,25,10,10
41,5194,0.8539751930902025,0.00030897619057065754,0.11942369087589107,0.026292139843335515,25,10,10
41,5195,0.8400490273513185,1.4347797407009736e-05,0.1194106368323793,0.040525988018894746,25,10,10
41,5196,0.8477407839853393,4.308522598581571e-06,0.11155473172726954,0.040700175764792096,25,10,10
41,5197,0.8094961175903692,7.554063065144315e-07,0.1503948452399946,0.04010828176332861,25,10,10
41,5198,0.7941204540199758,1.191329456563022e-06,0.16600051160725332,0.03987784304331478,25,10,10
41,5199,0.7983335522233226,0.0004030547201277581,0.1613270717507732,0.0399363213057759,25,10,10
41,5200,0.844791854392936,6.168717570658848e-06,0.11528129200335024,0.03992068488614312,25,10,10
41,5201,0.8660600295116947,9.159484692887671e-06,0.09406305776159597,0.0398677532420164,25,10,10
41,5202,0.8169959798040503,9.159544356246914e-06,0.14294543735103518,0.04004942330055788,25,10,10
41,5203,0.8369685339638561,3.2553580915911806e-06,0.1531110739154857,0.009917136762566732,25,10,10
41,5204,0.8900849730420609,5.952696472661258e-06,0.10660042766110743,0.003308646600358867,25,10,10
41,5205,0.915919803833977,9.912144506514317e-07,0.08065718454751611,0.0034220204040561696,25,10,10
41,5206,0.9807234871979337,7.370854624465159e-08,0.019266118585531303,1.0320507988517307e-05,25,10,10
41,5207,0.9144505050476773,1.0844801756291718e-05,0.0840585702212036,0.0014800799293624275,25,10,10
41,5208,0.9089777752521665,1.4903832833039968e-05,0.0890597443969919,0.0019475765180090342,25,10,10
41,5209,0.9361291931800325,5.9455154351852235e-06,0.06313913768582974,0.000725723618702708,25,10,10
41,5210,0.9371178819406925,8.300763089946806e-07,0.0627218110501744,0.00015947693282464343,25,10,10
41,5211,0.8898670401512567,0.0004013005212462445,0.10705217937810993,0.0026794799493869183,25,10,10
41,5212,0.7925919170962133,6.68211021368132e-06,0.1928548501478075,0.014546550645765268,25,10,10
41,5213,0.8731374609147923,4.9829501248486875e-06,0.11191096251297408,0.014946593622109018,25,10,10
41,5214,0.9144095069426357,1.3901047893588971e-05,0.08484261279460044,0.0007339792148705277,25,10,10
41,5215,0.8860238148482634,5.84568395856075e-06,0.11377816877349192,0.00019217069428591953,25,10,10
41,5216,0.9253772170104859,8.305274178143489e-06,0.07241180267549088,0.0022026750398450087,25,10,10
41,5217,0.8961101147192784,8.089579324905937e-06,0.10133398123115722,0.0025478144702394388,25,10,10
41,5218,0.9608298472625835,3.8814631770357556e-07,0.0391557308059875,1.4033785111680659e-05,25,10,10
41,5219,0.9075709592534174,2.247553544822177e-07,0.08909805558958263,0.003330760401646189,25,10,10
41,5220,0.8168398887974854,7.092541117215488e-06,0.17874120325169895,0.004411815409698993,25,10,10
41,5221,0.8681004953960654,4.385647125681178e-06,0.13079664906560043,0.0010984698912072835,25,10,10
41,5222,0.9188933404386169,7.411430313085168e-07,0.08098030648380135,0.0001256119345501573,25,10,10
41,5223,0.8982488217207515,0.00027218844864232336,0.10132331554909037,0.00015567428151573462,25,10,10
41,5224,0.8780559564743717,0.0002795922431856354,0.12101318906379444,0.0006512622186483076,25,10,10
41,5225,0.8580542153275182,0.0002742982454444722,0.1409673003595664,0.0007041860674706187,25,10,10
41,5226,0.8313861232270042,0.0002742567722375731,0.16770844600784282,0.0006311739929154817,25,10,10
41,5227,0.84355377724316,0.00028410331747559937,0.15359810322505346,0.0025640162143111484,25,10,10
41,5228,0.8690272871319654,1.7162746156833107e-05,0.130775409253027,0.00018014086885107292,25,10,10
41,5229,0.8375965681204798,3.752455097268156e-05,0.15614940317401937,0.006216504154528683,25,10,10
41,5230,0.8511840008706499,1.614164064378306e-05,0.14858486420103165,0.00021499328767501157,25,10,10
41,5231,0.6686153363381645,3.5550051769417045e-05,0.30161459528751694,0.029734518322548496,25,10,10
41,5232,0.7646755297170996,1.2452463714769927e-05,0.19525799492328125,0.04005402289590366,25,10,10
41,5233,0.7805983869201141,1.3720231886636925e-06,0.17250265616831867,0.046897584888378654,25,10,10
41,5234,0.8316477921010784,2.05252831497737e-06,0.11776452427646544,0.05058563109414103,25,10,10
41,5235,0.8526797437670786,0.00023461524969719028,0.10126171499644522,0.04582392598677869,25,10,10
41,5236,0.8137173588106237,4.412049878825282e-05,0.1464951727598127,0.03974334793077464,25,10,10
41,5237,0.7637505973823696,1.4530318995960787e-05,0.19649320584994012,0.039741666448694285,25,10,10
41,5238,0.7707493321167027,1.3891441515749146e-06,0.18744177337807172,0.041807505361073666,25,10,10
41,5239,0.737418336292976,1.1943890446254374e-05,0.2227985302850023,0.039771189531574255,25,10,10
41,5240,0.7305960411728872,0.0003732446298819361,0.2064406515280819,0.06259006266914824,25,10,10
41,5241,0.7817524815321519,3.118493262251003e-05,0.14212231909914996,0.07609401443607586,25,10,10
41,5242,0.8256866823182074,2.0599128161424477e-05,0.09526874193551586,0.0790239766181153,25,10,10
41,5243,0.8467781063784027,9.707902542073103e-06,0.07318060733156803,0.08003157838748716,25,10,10
41,5244,0.772941961641905,0.00013831375306929121,0.14734572840643215,0.07957399619859425,25,10,10
41,5245,0.8303467425730732,0.0006198884940434487,0.1044986570648105,0.06453471186807277,25,10,10
41,5246,0.8326795510769852,0.0005443248323586261,0.10229198098075896,0.0644841431098967,25,10,10
41,5247,0.8492586664468713,9.336846655159952e-05,0.07521569155691886,0.07543227352965841,25,10,10
41,5248,0.8198650654036693,0.0002637668850433222,0.10627033372347153,0.07360083398781535,25,10,10
41,5249,0.8136327956568337,0.00017783408553386222,0.09579894853690617,0.09039042172072521,25,10,10
41,5250,0.7966034143962258,8.723580026414227e-07,0.09115999159089179,0.11223572165487922,25,10,10
41,5251,0.8525404511449745,8.611511972218683e-06,0.07821185727669783,0.06923908006635544,25,10,10
41,5252,0.8402473707341072,9.346698291080246e-06,0.07646723734004317,0.08327604522755809,25,10,10
41,5253,0.9059135978437156,7.445413779833174e-07,0.014640234897156894,0.07944542271774971,25,10,10
41,5254,0.8391539448018276,2.477429670454318e-05,0.07985403483459468,0.08096724606687374,25,10,10
41,5255,0.8527749562593843,7.045972302905274e-05,0.11466914075917849,0.032485443258407784,25,10,10
41,5256,0.8141029971103046,9.140364467234684e-05,0.1453716205692633,0.04043397867576032,25,10,10
41,5257,0.728534661146216,1.9199797379488297e-06,0.24353998248132264,0.027923436392721847,25,10,10
41,5258,0.7502305971849532,5.899364064074523e-06,0.21012383263141995,0.03963967081956133,25,10,10
41,5259,0.8283222542328104,5.748756862279358e-05,0.13190995963345756,0.03971029856510901,25,10,10
41,5260,0.8057489825402975,6.521520169096989e-06,0.15463293348364102,0.03961156245589292,25,10,10
41,5261,0.8154733115504204,6.568136833757666e-06,0.1476425912945318,0.03687752901821424,25,10,10
41,5262,0.9066839812231631,2.1651547935485345e-05,0.0565292359129397,0.03676513131596172,25,10,10
41,5263,0.8478375331962882,3.7023692867182866e-05,0.11384985713581938,0.038275585975025686,25,10,10
41,5264,0.8948101290025454,1.7105197147536771e-06,0.06847157676522227,0.036716583712517806,25,10,10
41,5265,0.9028298414218758,9.612437420820888e-07,0.05754677130801915,0.03962242602636277,25,10,10
41,5266,0.9247341606815696,5.144205830410371e-07,0.049124141937173044,0.026141182960674227,25,10,10
41,5267,0.9263526059746867,6.209216798570392e-08,0.03406686398252451,0.039580467950620334,25,10,10
41,5268,0.8899500563441808,3.11703368828698e-07,0.07298973939657703,0.037059892555873226,25,10,10
41,5269,0.8846737258032624,0.00012682878946498178,0.07802550151675477,0.03717394389051727,25,10,10
41,5270,0.8631845673095985,8.324617946965198e-06,0.11355246287644366,0.023254645196010938,25,10,10
41,5271,0.8055529415052285,4.3119806723038115e-05,0.15428864692551467,0.04011529176253388,25,10,10
41,5272,0.8068399699457457,1.5781754399412938e-05,0.14610227522236474,0.04704197307749039,25,10,10
41,5273,0.8882505713943359,2.10444134796067e-06,0.07068154097363985,0.04106578319067654,25,10,10
41,5274,0.8544827619026925,8.659666516243283e-06,0.10447825228079637,0.04103032614999406,25,10,10
41,5275,0.8893604340797908,1.5756687395428069e-06,0.06987966278871616,0.04075832746275378,25,10,10
41,5276,0.9172065910652809,1.6115241132529283e-06,0.04186022234877074,0.040931575061834785,25,10,10
41,5277,0.8460928978691699,2.8186056691856786e-05,0.1127294579032301,0.04114945817090861,25,10,10
41,5278,0.8731224101046435,1.0566314251472206e-05,0.0478803277559931,0.07898669582511199,25,10,10
41,5279,0.8326975836834614,2.193301515001024e-07,0.08692089209632227,0.08038130489006536,25,10,10
41,5280,0.8314565472009172,7.081798232963268e-07,0.10291574870614356,0.06562699591311585,25,10,10
41,5281,0.8407493334956385,4.076023164956008e-07,0.09806148552899936,0.061188773373046,25,10,10
41,5282,0.85171724378297,6.7595934846856555e-06,0.08297291608753092,0.06530308053601386,25,10,10
41,5283,0.8157890492843467,1.3964657673139476e-06,0.1185379881863919,0.06567156606349461,25,10,10
41,5284,0.8424029959277061,1.1220032615345573e-06,0.07795864685932777,0.07963723520970528,25,10,10
41,5285,0.8489167120991564,8.477675982462046e-07,0.10673649262741206,0.04434594750583321,25,10,10
41,5286,0.9069362874393692,2.2965831751907012e-06,0.09049487156125402,0.002566544416201538,25,10,10
41,5287,0.9032496138281219,9.402078424948812e-07,0.0965707090795408,0.00017873688449539273,25,10,10
41,5288,0.9085172211843765,1.3745798411573948e-06,0.09103324777002271,0.0004481564657600239,25,10,10
41,5289,0.9554695611505025,6.638327619847537e-06,0.0440877090075656,0.0004360915143116658,25,10,10
41,5290,0.9140032028036649,5.168232169755993e-06,0.0843145485838176,0.0016770803803486589,25,10,10
41,5291,0.9126675876777185,0.0003301153581064003,0.08697255934527177,2.973761890284029e-05,25,10,10
41,5292,0.8871588847312418,0.00030926950595241574,0.1105633666613231,0.0019684791014822497,25,10,10
41,5293,0.8670466137103129,0.00032145561019291557,0.1324306981941354,0.00020123248535823497,25,10,10
41,5294,0.8682677026122981,0.0003339555547436378,0.1309931331191482,0.00040520871381027434,25,10,10
41,5295,0.8192002128975101,3.600138933374609e-05,0.15537453615174315,0.025389249561412086,25,10,10
41,5296,0.8484619520077514,2.0744934491759917e-05,0.11175557209091475,0.039761730966842185,25,10,10
41,5297,0.8864813083360698,6.224621574300569e-06,0.07381877182939843,0.03969369521295748,25,10,10
41,5298,0.946054969778012,4.1991645554055e-05,0.053606629384861756,0.0002964091915719181,25,10,10
41,5299,0.8584954536433106,5.430235367999153e-05,0.14134270994502146,0.00010753405798758455,25,10,10
41,5300,0.8178327239023702,3.9745153710549775e-05,0.1820237485355441,0.00010378240837396555,25,10,10
41,5301,0.8883908776873278,8.144766510744851e-05,0.1114365471642189,9.112748334476886e-05,25,10,10
41,5302,0.8695713960520117,8.069527194690044e-06,0.128037023807004,0.002383510613789433,25,10,10
41,5303,0.9176956263213003,7.835075901680591e-06,0.07643273783663297,0.0058638007661651415,25,10,10
41,5304,0.8120080337219874,1.0853768320775986e-06,0.17985600680745378,0.008134874093726515,25,10,10
41,5305,0.8250485999676116,1.1734978397341643e-06,0.166698334019975,0.008251892514574036,25,10,10
41,5306,0.891216230505795,1.7503267932267255e-07,0.10714275332179833,0.001640841139726663,25,10,10
41,5307,0.8968805505742076,2.187460615400432e-05,0.1012124163762569,0.0018851584433813274,25,10,10
41,5308,0.9045690774322184,1.4303259859917277e-05,0.09513071367554271,0.00028590563237870293,25,10,10
41,5309,0.9338394673614403,3.257865611732637e-07,0.06434223607756825,0.001817970774430008,25,10,10
41,5310,0.9068072690938707,2.159518265747414e-07,0.09304597968408075,0.00014653527022152942,25,10,10
41,5311,0.843887656120361,1.711062541507539e-05,0.11750910750075405,0.03858612575346902,25,10,10
41,5312,0.8304176511063968,1.125477382869851e-05,0.16304314081926718,0.006527953300507226,25,10,10
41,5313,0.8139140274949116,8.271784283999025e-06,0.17960334607922385,0.00647435464158082,25,10,10
41,5314,0.8119136326549362,7.910452663752563e-06,0.1878201264718248,0.0002583304205744077,25,10,10
41,5315,0.8026524557098612,6.163371620550842e-06,0.19694000519511803,0.0004013757233998376,25,10,10
41,5316,0.9054965120917032,3.577888032814477e-06,0.09385835051120223,0.0006415595090619601,25,10,10
41,5317,0.9440863636224758,9.440266494832457e-06,0.05559155785587838,0.0003126382551512006,25,10,10
41,5318,0.9048956929171689,4.912073837715278e-07,0.09495687167364592,0.00014694420180104127,25,10,10
41,5319,0.9174945066833096,1.8291264624145867e-06,0.08024138920158545,0.0022622749886424725,25,10,10
41,5320,0.9250997187256589,6.120285807748392e-07,0.07486405922276523,3.561002299458928e-05,25,10,10
41,5321,0.9072183034491732,4.17971864008641e-05,0.09241144743305037,0.0003284519313762465,25,10,10
41,5322,0.885873454365132,4.432220386997426e-07,0.07600494755945178,0.03812115485337773,25,10,10
41,5323,0.8696650235127728,1.2276852113442416e-05,0.0923198233579802,0.038002876277134,25,10,10
41,5324,0.8830103651694026,1.0103467906586736e-06,0.07736405611023711,0.03962456837357011,25,10,10
41,5325,0.8958402170235883,8.635657158012593e-07,0.06259814582051434,0.0415607735901824,25,10,10
41,5326,0.8133253646175023,2.7011283833024178e-05,0.14662969919339428,0.04001792490527024,25,10,10
41,5327,0.8076368237994818,3.1405676335961745e-05,0.14940425634136292,0.04292751418281922,25,10,10
41,5328,0.7918901495469325,3.4625811916179594e-05,0.16516052964437342,0.042914694996777615,25,10,10
41,5329,0.8192864120412341,0.00020064420491275995,0.13886689091807583,0.041646052835777214,25,10,10
41,5330,0.8722874662835897,1.3172439474394784e-05,0.08797283284259529,0.039726528434339846,25,10,10
41,5331,0.8769773199441162,1.0961008503599078e-06,0.10834744676777915,0.014674137187254577,25,10,10
41,5332,0.9113857717121345,6.81433000931982e-07,0.04935197500493447,0.03926157184993003,25,10,10
41,5333,0.8699998000595863,1.206015376461385e-05,0.09232113428997563,0.037667005496673435,25,10,10
41,5334,0.872925851640206,7.049270300133647e-05,0.08914173007265998,0.03786192558413292,25,10,10
41,5335,0.8960052124703285,2.2957325824060848e-05,0.06763537370739073,0.036336456496457,25,10,10
41,5336,0.8627909935207881,0.005824393254194723,0.07624180679965444,0.05514280642536315,25,10,10
41,5337,0.7940101884358165,0.003530314613815743,0.1623430067229804,0.04011649022738745,25,10,10
41,5338,0.8176782918473768,0.0019363051222246433,0.11129505854372863,0.0690903444866706,25,10,10
41,5339,0.7524568577999656,0.0019423382468455534,0.13183077628974985,0.11377002766343886,25,10,10
41,5340,0.7209585232320506,0.0019388710445932694,0.16439906956950762,0.11270353615384886,25,10,10
41,5341,0.7242348952729053,0.0019482408441976026,0.1583580653755236,0.11545879850737299,25,10,10
41,5342,0.8025594052621383,1.4581368557481188e-05,0.1324872390416156,0.0649387743276877,25,10,10
41,5343,0.9097918409940103,1.314330255602641e-06,0.02534814908109677,0.06485869559463713,25,10,10
41,5344,0.8942554455332034,1.912351547031537e-06,0.03407776642900962,0.0716648756862404,25,10,10
41,5345,0.8575830808474659,1.6678698813951253e-06,0.07083595782185226,0.07157929346080018,25,10,10
41,5346,0.7680256627930252,1.435899226103442e-05,0.12206113989410759,0.10989883832060686,25,10,10
41,5347,0.7664990505323699,6.30456662906738e-06,0.15712609174201925,0.07636855315898063,25,10,10
41,5348,0.7790885145791357,2.9334784625364305e-05,0.11372368309016612,0.10715846754607311,25,10,10
41,5349,0.7029458691894455,5.706209817241351e-06,0.18725524870560342,0.10979317589513407,25,10,10
41,5350,0.7485378996319788,5.021479405807654e-06,0.1040598945683498,0.1473971843202651,25,10,10
41,5351,0.7586775894928763,4.939859077936403e-07,0.11426607209586838,0.12705584442534795,25,10,10
41,5352,0.8034517635135592,2.1312884996702294e-05,0.10235504645056244,0.09417187715088224,25,10,10
41,5353,0.8142859613964862,7.56804365360394e-06,0.1058767743418883,0.07982969621797169,25,10,10
41,5354,0.8885048565345283,1.5021938896099094e-06,0.0811575444986992,0.030336096772883153,25,10,10
41,5355,0.8850440969216564,1.130412495228864e-06,0.07511884248354107,0.039835930182307265,25,10,10
41,5356,0.9007467124174464,6.071538265369482e-06,0.05919284602126548,0.04005437002302222,25,10,10
41,5357,0.8906657964306067,1.2917222153925147e-05,0.06963692327643761,0.039684363070801955,25,10,10
41,5358,0.8808378913516893,7.92728587767185e-06,0.09464607153662236,0.02450810982581069,25,10,10
41,5359,0.8967466046028444,1.348913087783516e-06,0.06368569056422393,0.039566355919844316,25,10,10
41,5360,0.9350321384315573,1.3484469745800768e-06,0.04036721159379853,0.024599301527669294,25,10,10
41,5361,0.9206986740841395,6.252784083092861e-06,0.03951353210661854,0.0397815410251591,25,10,10
41,5362,0.8419213724734013,6.05876105822709e-07,0.08815981187656732,0.06991820977392502,25,10,10
41,5363,0.7826678893367968,7.055377042150071e-05,0.08378542350233043,0.1334761333904516,25,10,10
41,5364,0.7965775012475196,7.036873197523948e-05,0.12821638420076514,0.07513574581974,25,10,10
41,5365,0.8382804338784446,7.905371305842887e-07,0.05494846921957903,0.10677030636484557,25,10,10
41,5366,0.8124314525088973,1.7868981836839993e-05,0.10692896531885379,0.08062171319041228,25,10,10
41,5367,0.8241042168344513,1.150278530301424e-05,0.1322038980818922,0.043680382298353554,25,10,10
41,5368,0.8804861066083896,8.4773761531401e-06,0.07894105902461569,0.040564356990841564,25,10,10
41,5369,0.7878489170765848,2.143495923551282e-05,0.1794167055891675,0.03271294237501124,25,10,10
41,5370,0.7533779948978832,1.5863772660421996e-05,0.20542966188627002,0.04117647944318564,25,10,10
41,5371,0.8665215680725123,3.923391523414976e-07,0.10827342929300464,0.025204610295330145,25,10,10
41,5372,0.79558761104052,6.935649804198148e-07,0.17967450367090923,0.02473719172358981,25,10,10
41,5373,0.8602655274578662,1.2086029658724162e-06,0.11490077859230842,0.02483248534685962,25,10,10
41,5374,0.9049984373196968,6.77372585563658e-07,0.05540819385329788,0.039592691454419106,25,10,10
41,5375,0.8103805422132065,7.819713769509645e-06,0.14798651147273376,0.04162512660029,25,10,10
41,5376,0.7670415137244412,6.545577363937281e-05,0.19107930245136026,0.04181372805055828,25,10,10
41,5377,0.8071223568330371,1.4691680784577327e-06,0.15251696866634323,0.04035920533254206,25,10,10
41,5378,0.839335100326538,5.494962448845518e-06,0.12047454777950675,0.04018485693150655,25,10,10
41,5379,0.8099320689042778,0.0001709226813588915,0.14994337430461002,0.03995363410975365,25,10,10
41,5380,0.8552128502798594,0.00018751256482707533,0.09988485059021185,0.04471478656510082,25,10,10
41,5381,0.8295622741424842,0.000175715315870729,0.1299345262927313,0.04032748424891361,25,10,10
41,5382,0.7589371406824255,6.488269495388518e-05,0.2008901975634544,0.04010777905916615,25,10,10
41,5383,0.851676918022591,4.774372039170512e-07,0.10474450592063995,0.043578098619565436,25,10,10
41,5384,0.8698238615636703,1.5952076206751165e-06,0.09057478599089976,0.03959975723780951,25,10,10
41,5385,0.9147141778395822,6.109416929497114e-06,0.0425516682789262,0.04272804446456216,25,10,10
41,5386,0.916481647994026,5.995381805066917e-06,0.04343284469059691,0.040079511933572294,25,10,10
41,5387,0.937175104899788,5.8236123557970675e-05,0.03642909793311014,0.02633756104354438,25,10,10
41,5388,0.916229108390224,3.639612073678162e-06,0.0575176559276504,0.02624959607005213,25,10,10
41,5389,0.9315000922308312,1.5590355507445411e-06,0.03165467644731189,0.036843672286306195,25,10,10
41,5390,0.8687172814452908,6.6011484061551695e-06,0.11063133078209336,0.020644786624208888,25,10,10
41,5391,0.8315550747695937,1.7734503606291492e-06,0.12843828371984503,0.04000486806019945,25,10,10
41,5392,0.7977701568567523,0.012172904862395422,0.15148045975128313,0.03857647852956939,25,10,10
41,5393,0.8575516290245857,0.00037897968055120663,0.10557036131290483,0.0364990299819576,25,10,10
41,5394,0.9213145673533099,2.423230039599356e-07,0.045059561292893895,0.03362562903079226,25,10,10
41,5395,0.8328221842677057,2.931599431364198e-06,0.12740475983273014,0.039770124300132645,25,10,10
41,5396,0.8611182482935957,3.1817038753473506e-06,0.0973651759585005,0.04151339404402862,25,10,10
41,5397,0.8990127726351262,4.100766821261181e-06,0.05922612072280884,0.0417570058752435,25,10,10
41,5398,0.851171187046741,0.001118065572313651,0.10765463897245396,0.040056108408491546,25,10,10
41,5399,0.7817791217969854,0.001137792478389123,0.17709302216157258,0.039990063563053624,25,10,10
41,5400,0.8645553341535455,0.00030701959896069176,0.09547416574531516,0.03966348050217831,25,10,10
41,5401,0.8450390121184771,3.202193023966105e-05,0.11539096502146416,0.03953800092981957,25,10,10
41,5402,0.7812998261153113,5.454068027051346e-05,0.17877634329782188,0.03986928990659688,25,10,10
41,5403,0.9122191333915215,8.482925792784547e-06,0.04799955424383112,0.03977282943885508,25,10,10
41,5404,0.8470639067873635,5.693686550138322e-07,0.14967818464335514,0.003257339200626145,25,10,10
41,5405,0.8935029538826291,9.46857046157212e-06,0.09692570276761096,0.009561874779298702,25,10,10
41,5406,0.8872524361969373,4.54114261272868e-07,0.11268216591780691,6.494377099550384e-05,25,10,10
41,5407,0.9004225438221384,1.1040119665084406e-06,0.09948802926556674,8.832290032851428e-05,25,10,10
41,5408,0.9086634313302503,7.168691004782013e-07,0.09126351786111143,7.233393953779877e-05,25,10,10
41,5409,0.9138347471183483,1.9952817873301043e-06,0.08611035595874336,5.290164112035699e-05,25,10,10
41,5410,0.9231234348204056,2.6190611185507186e-06,0.07549217147843768,0.0013817746400378423,25,10,10
41,5411,0.9175173796931495,1.710860047782835e-06,0.08121425115040522,0.0012666582963982225,25,10,10
41,5412,0.9112196035332176,4.267934451066836e-06,0.08869936037925794,7.676815307351971e-05,25,10,10
41,5413,0.9569020351603718,4.0427375049035605e-06,0.04307463594379908,1.928615832443986e-05,25,10,10
41,5414,0.9004623158107773,1.127853432965901e-06,0.09942804999077685,0.000108506345014368,25,10,10
41,5415,0.9328538507919998,1.6659808736500427e-06,0.06700839419497559,0.00013608903215099955,25,10,10
41,5416,0.9373815200786705,3.725246539421644e-07,0.05965477843785472,0.002963328958820891,25,10,10
41,5417,0.8578643658758709,1.6542128596649858e-05,0.1391701930090892,0.0029488989864430494,25,10,10
41,5418,0.8776971864915504,1.3254441148211535e-06,0.11629888161417996,0.006002606450154708,25,10,10
41,5419,0.9249683518935149,2.889877121620262e-06,0.07489143580560269,0.00013732242376085735,25,10,10
41,5420,0.8682920280527575,0.0005009302412929766,0.13104435406769668,0.00016268763825321038,25,10,10
41,5421,0.6930270063183748,0.009872651163033638,0.2967580748982272,0.0003422676203632942,25,10,10
41,5422,0.7542014065152898,0.02101645943367634,0.22439059621347265,0.00039153783756157605,25,10,10
41,5423,0.7625653926733245,0.046393112758704017,0.19081415162699453,0.000227342940977606,25,10,10
41,5424,0.7580353232795134,0.04634445882236088,0.1952383467920131,0.0003818711061134213,25,10,10
41,5425,0.9036550039324365,0.0096333713336938,0.08027793359380361,0.006433691140066323,25,10,10
41,5426,0.8893910599035442,0.009606961461954142,0.09472841983836605,0.006273558796136448,25,10,10
41,5427,0.9350332211696053,0.00032921666977509483,0.06087047058795648,0.003767091572663126,25,10,10
41,5428,0.9484338207748786,3.1931872796639145e-06,0.049366803082555526,0.00219618295528628,25,10,10
41,5429,0.9597210804400119,1.6020809107180405e-06,0.040146469561865857,0.00013084791721173624,25,10,10
41,5430,0.9112984249316811,3.0519559413247717e-05,0.08854965821558418,0.00012139729332136393,25,10,10
41,5431,0.9453783244735441,1.1293432773726512e-06,0.0545368087858793,8.37373972990386e-05,25,10,10
41,5432,0.8994183544747111,5.75738431207193e-05,0.10049206403182281,3.200765034473916e-05,25,10,10
41,5433,0.8781184806335186,6.520118727498818e-07,0.12185431427354983,2.6553081058133484e-05,25,10,10
41,5434,0.8121402992415402,0.0025267962587378293,0.18530132497338772,3.157952633429623e-05,25,10,10
41,5435,0.7260162587673484,1.1148477741140389e-05,0.27277230805438235,0.001200284700528305,25,10,10
41,5436,0.7463419115684709,1.45374957315572e-06,0.21336165301738264,0.04029498166457308,25,10,10
41,5437,0.8174407640424789,1.5413988245091108e-06,0.14177986270730947,0.040777831851386594,25,10,10
41,5438,0.8241263225009611,7.410012256849708e-06,0.13581481141965712,0.040051456067125714,25,10,10
41,5439,0.8402224985362298,3.9014655987711555e-06,0.12017451464796766,0.03959908535020452,25,10,10
41,5440,0.8205593569715149,1.5702927998651728e-06,0.1347402701722376,0.04469880256344732,25,10,10
41,5441,0.8737372599517879,2.0512659675998363e-05,0.07761426418485942,0.048627963203676634,25,10,10
41,5442,0.9105865819309915,1.0672228912696303e-06,0.05465021571832633,0.03476213512779083,25,10,10
41,5443,0.836187590620392,8.328398149931279e-06,0.12171349579236061,0.042090585189096634,25,10,10
41,5444,0.8688899097362531,9.311437946876061e-06,0.09110511071421926,0.03999566811158056,25,10,10
41,5445,0.8722475910419354,2.570242867649708e-05,0.08393303701124158,0.043793669518146894,25,10,10
41,5446,0.8463578503304552,1.618429037063394e-06,0.11076985515197477,0.042870676088533566,25,10,10
41,5447,0.8623100136546639,1.7203470527449488e-06,0.09481990579085238,0.04286836020743153,25,10,10
41,5448,0.8160422476684078,8.37672585514073e-05,0.14418476001203948,0.03968922506100104,25,10,10
41,5449,0.9289573274614551,1.0395603657121034e-06,0.03143823595453471,0.03960339702364418,25,10,10
41,5450,0.9024741443072603,3.1250426996068095e-05,0.08996830601241915,0.007526299253324506,25,10,10
41,5451,0.9106359934415609,9.497189635939086e-07,0.049619934299848435,0.03974312253962692,25,10,10
41,5452,0.8700071362947581,2.1899483950082894e-06,0.09004112139019214,0.03994955236665542,25,10,10
41,5453,0.8321815166481684,1.1358861272967127e-05,0.12701279546043706,0.04079432903012109,25,10,10
41,5454,0.8276439383944618,0.00017384240514501387,0.12978468995194864,0.04239752924844407,25,10,10
41,5455,0.804950414798152,0.00017271774858783424,0.11366886617429131,0.08120800127896892,25,10,10
41,5456,0.9022315800951723,2.0764625034949904e-06,0.05525995251396409,0.042506390928360026,25,10,10
41,5457,0.8679613966179192,0.00020028928434966505,0.08600556722201563,0.045832746875715584,25,10,10
41,5458,0.8248540047060247,1.7363402821519088e-06,0.14132892271675118,0.03381533623694191,25,10,10
41,5459,0.7891181404866556,2.8809495413006627e-06,0.17081455484511893,0.04006442371868459,25,10,10
41,5460,0.8014874534005884,0.00013337032419900006,0.15836832402516388,0.040010852250048225,25,10,10
41,5461,0.7543540319707017,3.4549727028013248e-06,0.20545056115028382,0.04019195190631168,25,10,10
41,5462,0.7516379334079488,9.060562094722907e-06,0.2046240923436396,0.04372891368631655,25,10,10
41,5463,0.7892862638711909,9.406277121114509e-06,0.1677657863607377,0.042938543490949624,25,10,10
41,5464,0.7892117877654176,1.287872730434943e-06,0.16570916136114028,0.045077763000710994,25,10,10
41,5465,0.8799830689262741,1.5831421807568886e-06,0.0846003382130027,0.03541500971854259,25,10,10
41,5466,0.900943745114812,1.270444144509064e-06,0.05815297427123795,0.04090201016980449,25,10,10
41,5467,0.9183907553637388,1.2631146997948572e-07,0.042095034548288605,0.03951408377650282,25,10,10
41,5468,0.9108299952181486,7.811251774710181e-06,0.05471108767301005,0.03445110585706626,25,10,10
41,5469,0.9103821260131337,2.52775046488512e-07,0.08925404375347971,0.00036357745833998,25,10,10
41,5470,0.9244243445514594,4.212448182606963e-07,0.07520553055674091,0.0003697036469813956,25,10,10
41,5471,0.872265761748323,5.77420362105389e-06,0.12758211496630087,0.00014634908175580597,25,10,10
41,5472,0.8686931339187798,1.0708075991272221e-06,0.1309947732862249,0.0003110219873972771,25,10,10
41,5473,0.9246574834803981,6.614816138686572e-07,0.07511169133778293,0.00023016370020485525,25,10,10
41,5474,0.8713351595471422,1.0723128759634734e-06,0.1017385012437855,0.026925266896196624,25,10,10
41,5475,0.8737894860630948,8.352582428232036e-06,0.09912200401108637,0.027080157343390216,25,10,10
41,5476,0.8523371284946034,3.514958175605178e-07,0.10798529461312283,0.039677225396455705,25,10,10
41,5477,0.8640897973512296,6.410378017983972e-07,0.09618618012782751,0.039723381483141265,25,10,10
41,5478,0.8810863525651955,8.10666528706419e-08,0.07924641246464274,0.0396671539035089,25,10,10
41,5479,0.8777350427448414,6.63274194368465e-06,0.08252040551095417,0.039737919002261035,25,10,10
41,5480,0.8867684054800357,7.640145139857098e-06,0.07338692902079146,0.039837025354032725,25,10,10
41,5481,0.8504912510883432,2.7697093498126327e-06,0.10990312606546816,0.039602853136838756,25,10,10
41,5482,0.9110048065710815,1.8880390587190765e-06,0.08258115872841937,0.0064121466614401644,25,10,10
41,5483,0.881709105664875,1.6504200432690302e-06,0.111881089006229,0.0064081549088522895,25,10,10
41,5484,0.9634969641697624,0.00012188670578428866,0.03628171450415868,9.94346202940603e-05,25,10,10
41,5485,0.9105865055729155,0.00012919872589342135,0.08918836295147214,9.593274971809971e-05,25,10,10
41,5486,0.8408058160810558,7.858206849599755e-06,0.15798743383712424,0.0011988918749714942,25,10,10
41,5487,0.9225748043104558,6.257677746226379e-05,0.07646999600368161,0.0008926229084004942,25,10,10
41,5488,0.9004032664233981,1.6639910520784022e-07,0.09801892203051235,0.0015776451469834624,25,10,10
41,5489,0.9192561639160192,7.63616462814134e-06,0.07986692140284292,0.0008692785165094936,25,10,10
41,5490,0.8930883193110994,9.778978119035157e-06,0.10626068055709387,0.0006412211536868502,25,10,10
41,5491,0.9469156484671971,1.7018514252196225e-05,0.053005696940669214,6.16360778813059e-05,25,10,10
41,5492,0.9080968649941299,9.50575476002534e-06,0.09168658560111828,0.00020704364999154463,25,10,10
41,5493,0.933526617624977,1.528924925941217e-05,0.06605295518398922,0.00040513794177428586,25,10,10
41,5494,0.9179812058368525,7.262831118773191e-05,0.08185949691345278,8.666893850700325e-05,25,10,10
41,5495,0.869804183036495,8.234514173217435e-06,0.12996849575340663,0.00021908669592509835,25,10,10
41,5496,0.8756293138757627,6.245444044295235e-07,0.12436018465498482,9.876924847471374e-06,25,10,10
41,5497,0.8918107268573685,0.0005121147556426843,0.10604964927359166,0.00162750911339706,25,10,10
41,5498,0.8685301747121232,8.24782074647051e-05,0.1310457175225664,0.0003416295578468228,25,10,10
41,5499,0.8757613897107649,7.334971212494735e-05,0.08516677101183763,0.038998489565273006,25,10,10
41,5500,0.8348787066527852,2.905699356803756e-06,0.12649101213798875,0.03862737550987007,25,10,10
41,5501,0.9109439417806319,6.031885034729487e-07,0.05043482446840031,0.03862063056246437,25,10,10
41,5502,0.8806502521647985,4.0298254153427395e-05,0.1109560084183303,0.008353441162716585,25,10,10
41,5503,0.8699606571057487,3.682926384125974e-05,0.12190053801316006,0.00810197561725032,25,10,10
41,5504,0.8957728776399615,1.3303243877081411e-05,0.06439401528339618,0.039819803832764955,25,10,10
41,5505,0.883497877162228,2.626942129645165e-05,0.03741773324412938,0.07905812017234613,25,10,10
41,5506,0.8443435331520333,1.3981875045993887e-06,0.09033355279790779,0.06532151586255398,25,10,10
41,5507,0.8659570224584303,1.6015441100513352e-05,0.06874456117727151,0.0652824009231974,25,10,10
41,5508,0.8145683848950581,8.218510664805421e-06,0.10756711840257108,0.07785627819170542,25,10,10
41,5509,0.8013005285242788,1.6437993916695379e-06,0.14735018089534693,0.05134764678098272,25,10,10
41,5510,0.8148082656425701,3.021060047934118e-06,0.10553639357713614,0.07965231972024611,25,10,10
41,5511,0.8634556156300005,1.2379225009269597e-05,0.06922505534522597,0.06730694979976354,25,10,10
41,5512,0.7981048298712254,4.441269533771739e-05,0.134321991702418,0.06752876573101849,25,10,10
41,5513,0.8315027948999345,4.3978430153759405e-05,0.08607711500192539,0.08237611166798674,25,10,10
41,5514,0.8691833622301204,8.15534750373701e-06,0.04859707543717988,0.08221140698519587,25,10,10
41,5515,0.8375785269088333,8.472917885903514e-06,0.10990903514021846,0.05250396503306311,25,10,10
41,5516,0.8621660028974647,6.958023467195865e-07,0.0673637905546529,0.07046951074553574,25,10,10
41,5517,0.7912456947093418,4.5589092667435615e-05,0.14171693988984793,0.06699177630814247,25,10,10
41,5518,0.843332930028336,1.2105288911012187e-06,0.07748500231081999,0.07918085713195296,25,10,10
41,5519,0.8512930809854319,1.2260041857645654e-06,0.0678615083109781,0.08084418469940449,25,10,10
41,5520,0.7973061030524226,3.412561890820083e-05,0.12200952953641732,0.08065024179225257,25,10,10
41,5521,0.7742434323304124,3.5056330875058284e-06,0.14886647153990681,0.07688659049659348,25,10,10
41,5522,0.6625042727913639,3.0318346960545117e-06,0.20993367378110991,0.1275590215928299,25,10,10
41,5523,0.7973960126082902,1.2612983354186447e-06,0.11370314451687126,0.08889958157650328,25,10,10
41,5524,0.7744727894619083,4.347326347086121e-05,0.13611707407363174,0.08936666320098884,25,10,10
41,5525,0.8026428420550996,7.887515288661166e-06,0.10796633325205944,0.08938293717755225,25,10,10
41,5526,0.7646163513675751,3.872658492026716e-06,0.14198242665794092,0.09339734931599217,25,10,10
41,5527,0.7395056024861435,2.8839857508382878e-06,0.1671733941103464,0.09331811941775876,25,10,10
41,5528,0.6852551415162713,1.170101380774151e-06,0.21450451834230683,0.10023917004004188,25,10,10
41,5529,0.7328767846696959,1.958789957381954e-05,0.18055438117477568,0.08654924625595616,25,10,10
41,5530,0.7642505609424488,1.9002450530163732e-05,0.13029840403630652,0.10543203257071448,25,10,10
41,5531,0.8261139118035019,3.95817453387817e-06,0.0947984165940486,0.07908371342791537,25,10,10
41,5532,0.826295406640578,5.331537634820206e-05,0.09832470194356632,0.07532657603950725,25,10,10
41,5533,0.7938676231153026,6.343477786538615e-05,0.12099705179740347,0.08507189030942897,25,10,10
41,5534,0.7839984733796875,0.0015135546572206619,0.12440801189741293,0.09007996006567892,25,10,10
41,5535,0.8397882097930532,6.364310437388661e-05,0.12001507357066699,0.040133073531906385,25,10,10
41,5536,0.8914172530572353,2.4611051942926173e-06,0.041641158972384545,0.06693912686518541,25,10,10
41,5537,0.8244695621513443,1.970293648801933e-06,0.12866213204466567,0.04686633551034201,25,10,10
41,5538,0.7705097208381763,4.360850139158002e-06,0.18044363384344098,0.049042284468244456,25,10,10
41,5539,0.7789405499252708,2.4355130208285038e-05,0.18497393907672458,0.0360611558677967,25,10,10
41,5540,0.8167907599162522,1.583359805265756e-05,0.12691495564025407,0.05627845084544058,25,10,10
41,5541,0.9134376394986748,1.7320049204635648e-06,0.08636799716769147,0.0001926313287135506,25,10,10
41,5542,0.9154698630252072,3.96241262748342e-06,0.0844136983897456,0.00011247617242052602,25,10,10
41,5543,0.8986463483302102,5.2859535097356415e-05,0.10124655163610685,5.424049858575809e-05,25,10,10
41,5544,0.8449109739407803,4.950233836776493e-05,0.1487753521668626,0.0062641715539883,25,10,10
41,5545,0.9576541356325269,6.160146541893201e-06,0.042224141827473576,0.00011556239345726792,25,10,10
41,5546,0.9280491750276368,3.3141907183477393e-05,0.07190096944186701,1.6713623312233453e-05,25,10,10
41,5547,0.9579289632878262,0.0001526927530392392,0.04003313157771955,0.0018852123814146768,25,10,10
41,5548,0.8981489439118636,0.00016301280338825558,0.09809607869227253,0.0035919645924755344,25,10,10
41,5549,0.8912714991384151,1.040917086228477e-05,0.10616272746687899,0.0025553642238440206,25,10,10
41,5550,0.8956305259156572,1.4836958634407218e-06,0.10420491822474316,0.00016307216373622567,25,10,10
41,5551,0.9372930099630057,1.3969045759050137e-06,0.06265360058879647,5.1992543621770415e-05,25,10,10
41,5552,0.8826776170477356,1.3713933827028807e-06,0.07733614901714551,0.03998486254173512,25,10,10
41,5553,0.8770094077975996,1.7819001778450138e-06,0.07602305002464617,0.04696576027757609,25,10,10
41,5554,0.8555176154736182,8.378657573663252e-06,0.11479846366887904,0.02967554219992866,25,10,10
41,5555,0.8258033828111855,1.0976827627885278e-05,0.1316455229595318,0.04254011740165553,25,10,10
41,5556,0.7667196503447852,1.2732514307276893e-05,0.19083962197301357,0.04242799516789366,25,10,10
41,5557,0.8040527742914135,1.8256394361836794e-06,0.15252726623457927,0.04341813383457098,25,10,10
41,5558,0.8129033152841164,1.1941824371365137e-05,0.14713470942241164,0.03995003346910033,25,10,10
41,5559,0.8198974701920266,2.01986757071248e-06,0.13657372245749677,0.043526787482905706,25,10,10
41,5560,0.8351869813625667,2.023406677773306e-06,0.12944738708793943,0.035363608142816055,25,10,10
41,5561,0.802165392807829,4.3274457073442977e-07,0.1579243834797437,0.03990979096785814,25,10,10
41,5562,0.8409202116748814,2.6708878721813183e-07,0.15066004589603643,0.008419475340295472,25,10,10
41,5563,0.8854301588430973,1.058529411736635e-05,0.11416215439380233,0.00039710146898202267,25,10,10
41,5564,0.8878055797197879,3.4044607946197944e-06,0.1117574882218147,0.0004335275976028286,25,10,10
41,5565,0.8517459494338838,1.868982200438149e-05,0.14820076355371936,3.4597190391483186e-05,25,10,10
41,5566,0.8756936278740016,0.0003521250574821943,0.12389537564353206,5.8871424984226805e-05,25,10,10
41,5567,0.910668732329506,0.00034851369388448785,0.08882694872883272,0.00015580524777678354,25,10,10
41,5568,0.9402941797959885,9.366372244455971e-06,0.059659810418204236,3.6643413563292297e-05,25,10,10
41,5569,0.9249381289408078,9.079663464709625e-06,0.07493638302581292,0.00011640836991525477,25,10,10
41,5570,0.9113564030313492,1.2494318408946736e-06,0.08859760848667729,4.4739050132464545e-05,25,10,10
41,5571,0.9076508060984045,4.174630692684604e-05,0.0921320360038306,0.00017541159083818718,25,10,10
41,5572,0.8389673923153198,6.532218486791855e-05,0.07661710144621718,0.08435018405359518,25,10,10
41,5573,0.8303328817770533,6.564233000373082e-05,0.10218798134409568,0.0674134945488472,25,10,10
41,5574,0.8455253204766103,3.231975585352682e-05,0.09441009612664908,0.060032263640886596,25,10,10
41,5575,0.7940516367533291,1.106615712445615e-06,0.1309769330309907,0.07497032359996746,25,10,10
41,5576,0.8320654322427865,3.7859474426242226e-06,0.0934895232314641,0.07444125857830679,25,10,10
41,5577,0.8948581437859191,4.356297936099557e-06,0.01993428905317493,0.08520321086296997,25,10,10
41,5578,0.8614777618278633,1.5164532645784217e-06,0.0904263817561259,0.04809433996274709,25,10,10
41,5579,0.9226732218030272,7.098991721935464e-07,0.0525693259372431,0.024756742360557013,25,10,10
41,5580,0.7926138840555862,2.688613110850444e-06,0.1806503461634119,0.02673308116788999,25,10,10
41,5581,0.8929626133262022,1.9525900170289705e-06,0.08340105477623581,0.023634379307545066,25,10,10
41,5582,0.8866766924372042,1.3479173951372264e-05,0.07022718257028514,0.043082645818559515,25,10,10
41,5583,0.9220250724798289,1.3057827887208468e-05,0.0743665078903255,0.003595361801958819,25,10,10
41,5584,0.84728158497608,2.769325073134995e-05,0.14901477943045222,0.0036759423427374584,25,10,10
41,5585,0.8540016137858162,2.2824594014229637e-05,0.14205904657875165,0.003916515041417533,25,10,10
41,5586,0.8745558010930045,0.000290414215368257,0.11799691543120872,0.007156869260418089,25,10,10
41,5587,0.9122731594931015,2.5169691633515114e-05,0.08058415138528631,0.0071175194299783005,25,10,10
41,5588,0.9390661067418244,0.00017837841194580183,0.05723447771057032,0.003521037135659238,25,10,10
41,5589,0.9091452412550656,6.622783326604516e-07,0.09083912242792497,1.4974038677364806e-05,25,10,10
41,5590,0.8519734751046026,3.631279158329701e-06,0.14794605503871858,7.683857752110956e-05,25,10,10
41,5591,0.8628699455948248,4.492234833169804e-06,0.12123817631174609,0.01588738585859646,25,10,10
41,5592,0.8691233695451211,1.3242040039849123e-06,0.11205423206177235,0.01882107418910312,25,10,10
41,5593,0.8852854965883239,1.289641183120057e-05,0.11271496223955188,0.001986644760293331,25,10,10
41,5594,0.8738561838588568,0.0008653098847158949,0.12338787596132632,0.0018906302951011691,25,10,10
41,5595,0.887052578843072,8.233622910789763e-06,0.1129177278277102,2.1459706306192423e-05,25,10,10
41,5596,0.8438065417446639,5.011282562847933e-06,0.15435566693380903,0.001832780038964171,25,10,10
41,5597,0.8638549296390446,3.7865801043453964e-06,0.13613592341460135,5.360366248933233e-06,25,10,10
41,5598,0.9024438646942298,0.00019749085548087113,0.09637545412655393,0.000983190323734399,25,10,10
41,5599,0.93699158561328,1.4225109204642743e-05,0.062480364635246255,0.0005138246422684555,25,10,10
41,5600,0.8728168227309159,9.488017122395634e-07,0.12694582889485317,0.000236399572517821,25,10,10
41,5601,0.8860606386920392,4.844019788773313e-06,0.11371851882261307,0.0002159984655585582,25,10,10
41,5602,0.7985277756806848,4.8933986541850505e-06,0.1959526275926224,0.005514703328038052,25,10,10
41,5603,0.7530725439821662,4.369455109747414e-05,0.24632686306963567,0.0005568983971001164,25,10,10
41,5604,0.8519842890916445,7.273346161685768e-05,0.14759775527361577,0.0003452221731233658,25,10,10
41,5605,0.8536259186585986,1.163465610416302e-05,0.10634754390390733,0.04001490278139015,25,10,10
41,5606,0.8288985228551042,1.7485050067393948e-06,0.1432544601632608,0.027845268476628146,25,10,10
41,5607,0.8908309384892522,2.5898511286037343e-06,0.08126452237535889,0.02790194928425955,25,10,10
41,5608,0.7845283579368121,9.62324854127036e-07,0.17925131753607024,0.03621936220226394,25,10,10
41,5609,0.8054002656372045,9.613791328200223e-07,0.15245685747695342,0.042141915506708864,25,10,10
41,5610,0.8380166353529241,7.39693451057417e-06,0.1203304300374692,0.04164553767509574,25,10,10
41,5611,0.8147793170429395,5.911540556118627e-06,0.14547432678464933,0.0397404446318548,25,10,10
41,5612,0.8741831793114216,1.2205697126603767e-05,0.09912516618250228,0.026679448808950366,25,10,10
41,5613,0.8244740245511888,1.0354975541918338e-06,0.1306630626808552,0.04486187727040253,25,10,10
41,5614,0.8867981928614971,1.6781362114081109e-06,0.07740704967123219,0.03579307933105985,25,10,10
41,5615,0.8625275486838976,2.1298314483055796e-05,0.10151555842380214,0.035935594577816664,25,10,10
41,5616,0.9110307459069472,1.439499044637639e-05,0.05690748745207364,0.032047371650532515,25,10,10
41,5617,0.8341357406816508,1.2787187543089736e-05,0.12915540305643103,0.036696069074375094,25,10,10
41,5618,0.8441646760857532,1.0934488235176484e-05,0.13088726603670048,0.02493712338931093,25,10,10
41,5619,0.9139872527070542,8.487842101080248e-07,0.061350985522986796,0.024660912985749132,25,10,10
41,5620,0.8398711651040804,1.6520755132574589e-06,0.1205095628908887,0.03961761992951763,25,10,10
41,5621,0.765706011685516,3.138470938099068e-06,0.194012152737386,0.04027869710615936,25,10,10
41,5622,0.691780978370275,7.287745370691031e-06,0.22795921773431566,0.08025251615003923,25,10,10
41,5623,0.7829638755205006,7.992274773881058e-06,0.137281863173411,0.0797462690313138,25,10,10
41,5624,0.7914050158356081,2.177507260754666e-05,0.12902323748850542,0.07954997160327956,25,10,10
41,5625,0.780040329359436,1.7750448486916248e-06,0.1396937776481688,0.080264117947547,25,10,10
41,5626,0.8110114187002232,1.2510404447973622e-06,0.10504993231784196,0.08393739794149045,25,10,10
41,5627,0.810826656535676,7.794875185955257e-07,0.10964811590344357,0.0795244480733623,25,10,10
41,5628,0.8351467081468619,1.6654280915412368e-06,0.08865031548749627,0.07620131093755077,25,10,10
41,5629,0.807123777352981,1.931109357241078e-06,0.10502787893952066,0.08784641259814144,25,10,10
41,5630,0.7282252912736431,5.025239743391853e-06,0.1825588493469469,0.08921083413966552,25,10,10
41,5631,0.7752343706785979,1.3679347357911859e-05,0.14486277232036873,0.07988917765367529,25,10,10
41,5632,0.8488807548298603,6.855767876615552e-07,0.10216242280403871,0.04895613678931292,25,10,10
41,5633,0.8270608220952035,1.487319088600571e-06,0.13107878081557572,0.041858909770132166,25,10,10
41,5634,0.8254451817289447,8.518616029468741e-06,0.1345892014848675,0.039957098170158724,25,10,10
41,5635,0.8609276948283786,8.720902143515816e-06,0.09942100720162664,0.039642577067851,25,10,10
41,5636,0.8394411451644946,3.799473937931138e-06,0.11775462389629934,0.04280043146526731,25,10,10
41,5637,0.872230069236699,1.3901128142310498e-06,0.08799146287373981,0.03977707777674632,25,10,10
41,5638,0.8974884618142545,5.754718708039794e-08,0.06287582531919791,0.039635655319360544,25,10,10
41,5639,0.87288307300639,5.2880174786327845e-06,0.08751139567389911,0.03960024330223219,25,10,10
41,5640,0.9269900142471585,1.0037794492964202e-06,0.0729884567604518,2.052521294032359e-05,25,10,10
41,5641,0.9361334061424162,2.6175093822491254e-06,0.06349708145653558,0.00036689489166674916,25,10,10
41,5642,0.8460227129853272,2.51273997277873e-06,0.15351693244201406,0.0004578418326862449,25,10,10
41,5643,0.8642366100747172,3.927963421993714e-05,0.1355795528835178,0.00014455740754495497,25,10,10
41,5644,0.9346554601310124,2.9412783618203436e-05,0.06513369111921027,0.0001814359661593573,25,10,10
41,5645,0.9231249522247578,2.371564675692269e-06,0.07666153327083147,0.00021114293973518931,25,10,10
41,5646,0.8842433083243659,0.0005313705474429338,0.1146789982858319,0.0005463228423582957,25,10,10
41,5647,0.8738733731078214,7.04458462563382e-06,0.12600727600483544,0.0001123063027175284,25,10,10
41,5648,0.8736921956844205,0.00010699822743566855,0.12612092816412848,7.987792401490869e-05,25,10,10
41,5649,0.905819341734533,7.284297218587861e-05,0.07862615619415383,0.015481659099127174,25,10,10
41,5650,0.8805468986738448,6.726269591464783e-05,0.1161437173313635,0.003242121298876433,25,10,10
41,5651,0.8241861511278762,7.039940051412684e-05,0.17567502802566579,6.842144594394766e-05,25,10,10
41,5652,0.8853711945381371,2.540665927411099e-06,0.10797747692397315,0.006648787871961741,25,10,10
41,5653,0.8556891217281068,2.741666970246442e-06,0.1442814773381086,2.6659266813338252e-05,25,10,10
41,5654,0.8913810517024585,1.4751436836451404e-05,0.10859895115221917,5.245708486106442e-06,25,10,10
41,5655,0.8576162861667895,1.7970860364748393e-06,0.10288852579227996,0.03949339095489422,25,10,10
41,5656,0.8155689564447739,2.875414837606027e-05,0.15820130190009607,0.02620098750675289,25,10,10
41,5657,0.8485332765351782,2.7436895932823254e-05,0.12533571500667512,0.026103571562213282,25,10,10
41,5658,0.8701685756009548,2.6831352292151303e-05,0.08963506609409733,0.04016952695265585,25,10,10
41,5659,0.8683233377104989,1.0376430044226404e-06,0.10000238951577417,0.031673235130722795,25,10,10
41,5660,0.8921942121092544,8.538400743563691e-07,0.06800947277014659,0.039795461280524615,25,10,10
41,5661,0.8988424217508728,0.00040868340697108966,0.10029463956413633,0.000454255278019978,25,10,10
41,5662,0.8360292399855399,1.0965573309593807e-06,0.1634620052806206,0.0005076581765087502,25,10,10
41,5663,0.8400672272864417,4.4957360114985877e-07,0.15880358044013193,0.0011287426998250795,25,10,10
41,5664,0.8191320885977524,1.3495476711384202e-06,0.17930712280839414,0.0015594390461815691,25,10,10
41,5665,0.8587232678180786,6.612857709180865e-07,0.14044379145683616,0.0008322794393137747,25,10,10
41,5666,0.9226905084368098,2.203430783480094e-07,0.0764430231801052,0.000866248040006266,25,10,10
41,5667,0.8994469228187679,1.796307999877967e-05,0.10046186317437178,7.325092686131152e-05,25,10,10
41,5668,0.8989054912366937,1.5643900652589417e-05,0.10100204219722415,7.682266542907468e-05,25,10,10
41,5669,0.8926823999725793,1.3107377741299027e-06,0.10715243139880241,0.0001638578908440019,25,10,10
41,5670,0.9068588481894908,4.966195730667739e-06,0.09140530068655306,0.0017308849282253029,25,10,10
41,5671,0.8976398842509188,5.623309143098996e-06,0.10065464473801945,0.0016998477019182475,25,10,10
41,5672,0.8562547180462454,1.4174973948885366e-05,0.1419217914168218,0.001809315562983932,25,10,10
41,5673,0.8748874560949632,3.235215062418467e-05,0.12479942143777267,0.00028077031664012407,25,10,10
41,5674,0.7853755880539519,3.567624481780357e-05,0.21386614106299007,0.0007225946382395306,25,10,10
41,5675,0.880812053628621,2.9686171302871436e-07,0.11897224414281762,0.0002154053668482435,25,10,10
41,5676,0.8699494137116598,1.043882534078122e-06,0.12304025637399751,0.007009286031807749,25,10,10
41,5677,0.8693175780803536,6.0261670965278956e-06,0.12914572495443985,0.0015306707981093991,25,10,10
41,5678,0.8933491290889094,6.3248130687478e-06,0.09818881769755304,0.008455728400467578,25,10,10
41,5679,0.8618858826660599,7.41665754394724e-05,0.1275591130108485,0.010480837747651718,25,10,10
41,5680,0.775885072178299,8.565828487146557e-05,0.21648928642908707,0.007539983107742177,25,10,10
41,5681,0.8178271723572749,1.3570172326106603e-06,0.1819606419917843,0.00021082863370863267,25,10,10
41,5682,0.8140622057370525,8.339281979768673e-06,0.18560145412653628,0.00032800085443144715,25,10,10
41,5683,0.8662177865143457,0.005889953539883206,0.12723460052824087,0.0006576594175307182,25,10,10
41,5684,0.9159565872058651,8.486685307143568e-06,0.08375090756586241,0.0002840185429650011,25,10,10
41,5685,0.8962779374085117,7.982593316022922e-06,0.10358960733282972,0.0001244726653433902,25,10,10
41,5686,0.913000610621609,2.0539788631762366e-05,0.08690564729207174,7.320229768852456e-05,25,10,10
41,5687,0.937284251808709,0.000368286340048992,0.062269174966439175,7.82868848028903e-05,25,10,10
41,5688,0.8921724798322112,0.00036813493131317154,0.10688029799607858,0.0005790872403971838,25,10,10
41,5689,0.7917161636756285,3.3023619581017945e-06,0.2030522971687191,0.005228236793694075,25,10,10
41,5690,0.9009415491294835,1.5593777217050035e-05,0.09864198524281965,0.00040087185047981355,25,10,10
41,5691,0.9170849713299932,3.2713300739173084e-06,0.08228734392011003,0.0006244134198227378,25,10,10
41,5692,0.9072045519286642,1.4321600403538412e-06,0.09245486804144502,0.00033914786985068,25,10,10
41,5693,0.9488320904054683,1.0528933341947163e-07,0.05102841235042004,0.0001393919547779668,25,10,10
41,5694,0.9129751715758502,1.795875599792047e-07,0.08681759188348359,0.0002070569531063169,25,10,10
41,5695,0.9041131287523513,1.4844775504079116e-06,0.09573411921440045,0.00015126755569767002,25,10,10
41,5696,0.9132548262032755,2.432132163421203e-07,0.07916246598316355,0.007582464600344579,25,10,10
41,5697,0.8742878326949038,1.4044726734094245e-05,0.11809861855396882,0.007599504024393363,25,10,10
41,5698,0.9116413179063916,8.368784647639599e-07,0.08828410035131196,7.374486383213258e-05,25,10,10
41,5699,0.9441570360223913,5.179922668896746e-07,0.05571189466358773,0.000130551321754104,25,10,10
41,5700,0.9032535160542732,1.03108845564726e-06,0.09564421918980939,0.0011012336674621189,25,10,10
41,5701,0.835314320173932,6.739055517076065e-06,0.16317331587054262,0.0015056249000075907,25,10,10
41,5702,0.8257955477200438,1.2814319840911536e-05,0.17409849552925796,9.314243085692758e-05,25,10,10
41,5703,0.809884519164784,1.1903620969778727e-05,0.18959564278629237,0.0005079344279543393,25,10,10
41,5704,0.8357267527148672,2.2855761306997113e-06,0.16409443840584742,0.0001765233031546411,25,10,10
41,5705,0.861947202704493,6.207418798807811e-05,0.13780842202343405,0.00018230108408551844,25,10,10
41,5706,0.8314232508608711,1.5115289014325708e-05,0.16808108947906036,0.00048054437105490817,25,10,10
41,5707,0.8928495870533324,1.486332763153809e-05,0.10677042973979932,0.0003651198792364825,25,10,10
41,5708,0.8998371139940917,4.945553227098284e-06,0.0996442277066075,0.0005137127460737891,25,10,10
41,5709,0.8755905343028142,1.5853496259847217e-05,0.12407953255478033,0.0003140796461453818,25,10,10
41,5710,0.8565197723849397,0.00025684075412732145,0.1428981448972407,0.0003252419636928465,25,10,10
41,5711,0.8618549410309936,9.349115778940815e-06,0.1350323350564588,0.003103374796767945,25,10,10
41,5712,0.8620459276257926,4.438947561241893e-05,0.137743155436362,0.00016652746223203666,25,10,10
41,5713,0.953026614871821,5.653504262802482e-07,0.04661566795375115,0.0003571518240018368,25,10,10
41,5714,0.9446799517274488,1.0390651417175254e-05,0.055152897775119704,0.00015675984601427924,25,10,10
41,5715,0.8954940795876126,8.999864841251621e-07,0.10441776734982071,8.72530760829759e-05,25,10,10
41,5716,0.8942859451579591,2.2410051126286566e-06,0.08614623413341581,0.019565579703512703,25,10,10
41,5717,0.8695137663960018,6.052321728289795e-05,0.10142885350543208,0.028996856881284016,25,10,10
41,5718,0.9233936366186297,6.0872040159620396e-05,0.05127178298675125,0.025273708354458947,25,10,10
41,5719,0.8420117462501453,6.198300850335325e-05,0.07837181394777179,0.07955445679357968,25,10,10
41,5720,0.7984831889339009,8.549024558297474e-05,0.12195950033104573,0.07947182048947071,25,10,10
41,5721,0.7877516639769516,0.002603425243910643,0.14885788722031404,0.06078702355882365,25,10,10
41,5722,0.8105438843136328,1.7846124575347455e-05,0.17243662684185712,0.017001642719934693,25,10,10
41,5723,0.8881036531378441,1.4432346500706668e-06,0.0967386480124896,0.015156255615016276,25,10,10
41,5724,0.8696691099417716,2.0790424710519475e-05,0.11506976490027865,0.015240334733239236,25,10,10
41,5725,0.9024002910048022,1.5747498587279113e-06,0.0975925368672855,5.597378053620973e-06,25,10,10
41,5726,0.8914914529146907,4.30351648438497e-06,0.10634150069473514,0.0021627428740894203,25,10,10
41,5727,0.924933819733428,2.029601051547281e-05,0.07493186228406494,0.00011402197199128738,25,10,10
41,5728,0.9298360968565355,4.9063850380030005e-06,0.07014605075192978,1.2946006496253365e-05,25,10,10
41,5729,0.8927908117597958,4.978713280243876e-07,0.10711906006755274,8.963030132403337e-05,25,10,10
41,5730,0.8453588246066001,1.1245287046658596e-05,0.1146292738731229,0.04000065623323138,25,10,10
41,5731,0.8449902013218203,1.6752895900911338e-06,0.11505976767151728,0.039948355717073655,25,10,10
41,5732,0.8355216063959873,2.388367037132102e-06,0.11977005589654988,0.04470594934042657,25,10,10
41,5733,0.9052854758736576,8.86742156877193e-07,0.054757940961307525,0.039955696422877746,25,10,10
41,5734,0.8878534847326618,9.229712485939829e-07,0.08485912849338888,0.027286463802700722,25,10,10
41,5735,0.8818524960230563,5.514808481042761e-07,0.04007729683497109,0.07806965566112471,25,10,10
41,5736,0.8685303786223142,1.3738174914970714e-05,0.06311682475867228,0.06833905844409839,25,10,10
41,5737,0.8376174868879623,1.0705480651838234e-06,0.08671604486900483,0.07566539769496777,25,10,10
41,5738,0.7886053186740442,4.438192240225433e-06,0.13342197344752688,0.0779682696861888,25,10,10
41,5739,0.8578482474039666,7.568289192252048e-07,0.06461663974996051,0.07753435601715307,25,10,10
41,5740,0.8350164739729463,8.898096600430834e-07,0.08146982836538064,0.08351280785201302,25,10,10
41,5741,0.8041190648447057,8.672975090726917e-07,0.1381871587564272,0.05769290910135796,25,10,10
41,5742,0.8255976936711835,1.0678034866425068e-06,0.11738069323273892,0.05702054529259097,25,10,10
41,5743,0.8833012010287592,6.808315131700518e-07,0.10403102835760804,0.012667089782120328,25,10,10
41,5744,0.8564465945204057,3.6575003822865513e-06,0.11634138468152162,0.027208363297690465,25,10,10
41,5745,0.8664793131962145,3.998179629938478e-07,0.1062695367635302,0.02725075022229266,25,10,10
41,5746,0.8436736904246601,2.983806945975245e-07,0.1289005730159697,0.027425438178675484,25,10,10
41,5747,0.8588420738159099,0.0004234372666446931,0.1180347828939277,0.022699706023516807,25,10,10
41,5748,0.846556909930564,0.0004238604099528798,0.11337828089996287,0.03964094875951982,25,10,10
41,5749,0.8361490770008798,1.8149066035748826e-06,0.12415213160121995,0.03969697649129718,25,10,10
41,5750,0.8287536812593527,2.1672900384662917e-06,0.12782582074632395,0.0434183307042856,25,10,10
41,5751,0.79370002272108,4.771426087575005e-06,0.1402999032931404,0.06599530255969212,25,10,10
41,5752,0.8221527287801642,7.644919406318324e-06,0.13641465050853005,0.0414249757918994,25,10,10
41,5753,0.7990298977547988,2.1115417957670484e-05,0.15950536490960648,0.04144362191763733,25,10,10
41,5754,0.8623614009364775,1.4022359613163275e-05,0.09800694352385118,0.039617633180058356,25,10,10
41,5755,0.849839104348037,4.187379403064772e-06,0.14999771323358563,0.00015899503897435585,25,10,10
41,5756,0.8267762798152103,1.1567874422947283e-05,0.17020224769873615,0.0030099046116302576,25,10,10
41,5757,0.8936295292984149,2.208299454203293e-05,0.10353734377310095,0.0028110439339423896,25,10,10
41,5758,0.8992989160156181,3.7001456660311807e-07,0.07129572925783195,0.029404984711983665,25,10,10
41,5759,0.8558979461643433,7.785317027943757e-06,0.14240411029751718,0.001690158221111952,25,10,10
41,5760,0.8239444028090701,6.577254027693524e-06,0.17172512389277142,0.0043238960441299296,25,10,10
41,5761,0.8905311829575588,6.8348728051173716e-06,0.10804271906256532,0.0014192631070709923,25,10,10
41,5762,0.8827327243517223,6.212566862301556e-05,0.11704328196158433,0.00016186801807013487,25,10,10
41,5763,0.8576666101958424,1.2745061658903495e-05,0.14209161597591463,0.00022902876658297656,25,10,10
41,5764,0.8684965055001748,1.791156895068651e-05,0.1311167484598946,0.0003688344709796932,25,10,10
41,5765,0.8246113148934933,0.00018618039210835247,0.1728670564994924,0.002335448214905362,25,10,10
41,5766,0.8515191836090769,0.000185851374279248,0.14808608557640224,0.00020887944024193487,25,10,10
41,5767,0.7523014699666492,0.0001864809207451154,0.24699048209553787,0.0005215670170679495,25,10,10
41,5768,0.8966883183226741,0.00017550302365302025,0.06756904710579308,0.03556713154787998,25,10,10
41,5769,0.910714961530435,0.00017585297447434843,0.05358346314665979,0.03552572234843092,25,10,10
41,5770,0.8384048325602546,1.6078311898836468e-05,0.12149171065187242,0.04008737847597395,25,10,10
41,5771,0.856820936830901,2.2686482577538036e-06,0.10308329896870755,0.04009349555213359,25,10,10
41,5772,0.8745484796339033,5.909309059938428e-05,0.0853717557339183,0.04002067154157871,25,10,10
41,5773,0.8556280498612705,6.917691773347351e-05,0.10176374651429594,0.04253902670670084,25,10,10
41,5774,0.7944372792654623,3.2385181117525017e-06,0.16780943618550584,0.037750046030920206,25,10,10
41,5775,0.8836165368622244,8.244664204335835e-07,0.08616041773289686,0.030222220938458264,25,10,10
41,5776,0.8786062630797266,3.114949332587034e-07,0.093746575564167,0.027646849861172523,25,10,10
41,5777,0.7892759847039386,0.000352511963427256,0.1705005509992338,0.03987095233339979,25,10,10
41,5778,0.8539783249129187,3.597692050487463e-05,0.10622122650092583,0.039764471665650745,25,10,10
41,5779,0.8469543186717,3.336399236421512e-07,0.11311596943870844,0.039929378249667864,25,10,10
41,5780,0.8483336546667043,3.293473025637787e-06,0.15120379097648867,0.0004592608837808199,25,10,10
41,5781,0.8814156879172893,3.828938275460061e-07,0.1123999255542442,0.00618400363463951,25,10,10
41,5782,0.8246449340729864,5.290791977921438e-05,0.17491556299099947,0.00038659501623523396,25,10,10
41,5783,0.837117446188477,2.6665485671321746e-05,0.16227899176822225,0.0005768965576290276,25,10,10
41,5784,0.8796007153095011,8.537926274791298e-05,0.11941109317170567,0.0009028122560457065,25,10,10
41,5785,0.8501115531390895,0.0001506671184707074,0.1487880315012885,0.0009497482411521683,25,10,10
41,5786,0.8255169622279422,2.778805979165378e-05,0.173594812038153,0.0008604376741136399,25,10,10
41,5787,0.8576891625974884,1.7234782890332702e-06,0.13142743541603216,0.010881678508190837,25,10,10
41,5788,0.8735969816494227,2.4260919339892682e-06,0.1260554391332424,0.00034515312540070036,25,10,10
41,5789,0.8066676690303004,2.340055197405731e-06,0.17149123007554784,0.02183876083895375,25,10,10
41,5790,0.8364739490439264,2.826356618298612e-06,0.1416758911436329,0.021847333455821974,25,10,10
41,5791,0.815979833979453,6.8726593810156305e-06,0.15868293460591038,0.02533035875525467,25,10,10
41,5792,0.8319631571811853,7.602260150442352e-06,0.1429603910832823,0.025068849475382123,25,10,10
41,5793,0.8699722164121705,5.961467230868725e-06,0.08979611710012833,0.04022570502046981,25,10,10
41,5794,0.8345838193629501,2.272949006308711e-05,0.1377563623042562,0.027637088842730542,25,10,10
41,5795,0.8835660005738807,2.2240756447382672e-05,0.11609426911867933,0.00031748955099351417,25,10,10
41,5796,0.8862829841639527,3.113757412539257e-05,0.11257077949444459,0.0011150987674782783,25,10,10
41,5797,0.8968277372693819,3.391371712049314e-05,0.10312883407119049,9.514942307705346e-06,25,10,10
41,5798,0.893129758660513,1.6240858071772939e-06,0.10681525324334737,5.336401033280311e-05,25,10,10
41,5799,0.8614664053192495,3.8088733887428967e-06,0.13823250438499207,0.0002972814223700168,25,10,10
41,5800,0.8559857128827963,5.779295378738764e-06,0.14372105329156365,0.0002874545302611022,25,10,10
41,5801,0.8504824781108522,2.7955472715374476e-05,0.14947907494644075,1.0491469990963259e-05,25,10,10
41,5802,0.900308667165712,2.7366608019591496e-06,0.09961106935477913,7.752681870669725e-05,25,10,10
41,5803,0.8699577811623651,9.228734183016813e-06,0.1277824855470662,0.002250504556385653,25,10,10
41,5804,0.8712896640007215,6.94401338524486e-07,0.1286689716748363,4.066992310353814e-05,25,10,10
41,5805,0.8832661862508708,6.671998298259773e-05,0.11663486203408575,3.223173206072625e-05,25,10,10
41,5806,0.9376830303591228,2.4836442442147004e-05,0.06122002682372667,0.0010721063747082726,25,10,10
41,5807,0.9421961462255658,4.90093620933005e-07,0.05774382509482097,5.9538585992395014e-05,25,10,10
41,5808,0.8905532069868721,1.3391569187272912e-05,0.07132217838155454,0.0381112230623858,25,10,10
41,5809,0.8727851220041678,3.795650701251988e-05,0.08755503479170766,0.039621886697112356,25,10,10
41,5810,0.8310267385679867,6.748462568446278e-05,0.1281293060107048,0.040776470795623423,25,10,10
41,5811,0.8597591056337953,3.9488994127688324e-05,0.11650984453041316,0.02369156084166364,25,10,10
41,5812,0.8272441487626526,3.3284589198589564e-05,0.1634801198428924,0.009242446805255594,25,10,10
41,5813,0.8513387820265822,5.659842626588999e-05,0.1458729653044228,0.0027316542427284697,25,10,10
41,5814,0.902794975065868,3.3135211774975533e-05,0.09711457332854875,5.731639380794345e-05,25,10,10
41,5815,0.9028161626189325,7.699032961168713e-05,0.0970919613739331,1.488567752225906e-05,25,10,10
41,5816,0.8865399207747778,9.389716560632676e-06,0.11326580058588705,0.0001848889227743044,25,10,10
41,5817,0.8768493666124512,1.0360847153981441e-05,0.12306483873596731,7.543380442773252e-05,25,10,10
41,5818,0.8688566835032431,1.112300409647971e-06,0.1306805440194473,0.0004616601768998525,25,10,10
41,5819,0.8548386253329199,1.2048297242955064e-06,0.1450842910095729,7.587882778358934e-05,25,10,10
41,5820,0.8518613804951866,0.000587365430258328,0.14716647136694802,0.0003847827076056754,25,10,10
41,5821,0.9037156544500276,2.6363073704040065e-05,0.09598228274495366,0.000275699731314284,25,10,10
41,5822,0.8481386287221688,1.0097638698774374e-06,0.15159539752406492,0.00026496398989563834,25,10,10
41,5823,0.8625030428768564,2.1244081944107104e-07,0.1373656425300056,0.00013110215231828913,25,10,10
41,5824,0.8993064521709317,4.459413603954187e-06,0.10026117192148715,0.0004279164939765348,25,10,10
41,5825,0.9389265781240144,3.915201129382246e-07,0.06089128865571098,0.00018174170016184874,25,10,10
41,5826,0.8732205226291413,6.61572430589104e-07,0.126378422492955,0.00040039330547455106,25,10,10
41,5827,0.9225920702344304,9.419549491645439e-06,0.07707267142356661,0.0003258387925120696,25,10,10
41,5828,0.9204016607481053,9.149139237070357e-07,0.07542129076572554,0.004176133572245279,25,10,10
41,5829,0.8911041800708095,1.002327646391421e-05,0.10849227823222614,0.0003935184204998173,25,10,10
41,5830,0.8657520035807618,5.838617348259649e-06,0.1340385690625595,0.00020358873932958428,25,10,10
41,5831,0.8481131847602519,1.1585783693596461e-05,0.15183415789654006,4.1071559513708016e-05,25,10,10
41,5832,0.8374623186680048,1.3944773640769291e-05,0.16234188055638676,0.00018185600196802022,25,10,10
41,5833,0.9329796351893741,1.1691882023089877e-05,0.06567502151259835,0.0013336514160050756,25,10,10
41,5834,0.9414995897224122,4.135928215679989e-07,0.058486290304625176,1.3706380141467418e-05,25,10,10
41,5835,0.9575161527362571,3.1376332478521467e-06,0.04242423350468487,5.647612581031281e-05,25,10,10
41,5836,0.8980947970850955,1.7443775925024856e-06,0.10128735990342422,0.0006160986338876783,25,10,10
41,5837,0.9238783602060318,4.6948944303965215e-07,0.07585849470145514,0.0002626756030703532,25,10,10
41,5838,0.8164192993968975,1.9649010543050024e-06,0.1798946421857658,0.0036840935162831736,25,10,10
41,5839,0.8961517107632306,8.71579797228826e-06,0.10332049308714619,0.000519080351650977,25,10,10
41,5840,0.9324084980167257,2.4523242583243504e-06,0.06752592449568721,6.312516332905269e-05,25,10,10
41,5841,0.9378781629518373,1.7834058895271088e-06,0.06203210586954197,8.79477727313044e-05,25,10,10
41,5842,0.9262466527158699,3.369000791369473e-07,0.07366503307924227,8.797730480861531e-05,25,10,10
41,5843,0.9328617169807768,8.170233747906906e-07,0.06518556073344298,0.0019519052624049236,25,10,10
41,5844,0.9043776183580639,6.85871523760094e-06,0.09543485461147386,0.00018066831522378513,25,10,10
41,5845,0.9079210812916988,7.493833178376173e-06,0.09201888415190142,5.254072322211712e-05,25,10,10
41,5846,0.9288251380492308,7.1377922913123745e-06,0.07105139559730077,0.00011632856117730774,25,10,10
41,5847,0.9559163620256017,5.0590224734154644e-06,0.04401172063766416,6.685831426058517e-05,25,10,10
41,5848,0.9490206681451185,1.0524065947243e-05,0.05086533470164232,0.00010347308729174335,25,10,10
41,5849,0.8812408337400041,1.7985735189763225e-06,0.11867587374662542,8.149393985164379e-05,25,10,10
41,5850,0.9417586898744098,1.3654147549701466e-05,0.05820752927645842,2.0126701581889694e-05,25,10,10
41,5851,0.9139483127834489,5.872537429729611e-06,0.08572284357087401,0.00032297110824779514,25,10,10
41,5852,0.9128827968625778,6.870736251915444e-06,0.08696903774895079,0.00014129465221959849,25,10,10
41,5853,0.8817153531460791,2.59644103970507e-05,0.11811255075658625,0.00014613168693758968,25,10,10
41,5854,0.8143565893426076,0.0007916615171253367,0.18034272261595227,0.004509026524314651,25,10,10
41,5855,0.897008688949374,1.1967187958812557e-05,0.09869168537508757,0.0042876584875797576,25,10,10
41,5856,0.915982606238216,5.277780359464786e-06,0.08385132138590919,0.0001607945955148831,25,10,10
41,5857,0.8863743718763379,4.874501045572401e-06,0.11304159881618203,0.0005791548064346197,25,10,10
41,5858,0.9076441471988511,5.044282430146495e-06,0.07623540507675751,0.016115403441961624,25,10,10
41,5859,0.9025243779407738,6.941536363820451e-07,0.09744536136314101,2.956654244827048e-05,25,10,10
41,5860,0.8730002634425658,0.0008807049115438706,0.12263615349522178,0.0034828781506688234,25,10,10
41,5861,0.8689929478319235,2.1820479092198053e-07,0.13091091215961925,9.592180366660891e-05,25,10,10
41,5862,0.9329561488205615,5.714756544996302e-06,0.06700689412778264,3.124229511029128e-05,25,10,10
41,5863,0.9481802954048958,3.0740390444339444e-05,0.048527104898485655,0.003261859306174054,25,10,10
41,5864,0.823752239491764,3.274691023281044e-05,0.1725528265217008,0.0036621870763017183,25,10,10
41,5865,0.8672450102107018,3.621396966130261e-05,0.13216093680604077,0.0005578390135957508,25,10,10
41,5866,0.8854508585972419,4.125596793349001e-05,0.11124730031384666,0.0032605851209778908,25,10,10
41,5867,0.9060635540591138,3.129225307883107e-05,0.09388749716202432,1.7656525783005067e-05,25,10,10
41,5868,0.8754833026760486,0.0002825975134835367,0.12418285296025657,5.1246850211880496e-05,25,10,10
41,5869,0.8428372693007637,0.00028360167893043045,0.1566832860406578,0.00019584297964835945,25,10,10
41,5870,0.8403883698551153,3.0390265026505855e-06,0.1594802734959618,0.000128317622419215,25,10,10
41,5871,0.770858934562727,5.43747780758109e-07,0.22900526997400075,0.00013525171549177452,25,10,10
41,5872,0.868746590954365,1.084409562566515e-05,0.13105781324578536,0.00018475170422433654,25,10,10
41,5873,0.9253219947032406,5.811375354837271e-07,0.07455267024769836,0.00012475391152566166,25,10,10
41,5874,0.959142096820083,4.944583638113669e-07,0.040849913349683645,7.495371869385657e-06,25,10,10
41,5875,0.9403306702605475,7.910147531068353e-06,0.059061650502696655,0.0005997690892248368,25,10,10
41,5876,0.899327785316833,9.269965805732582e-06,0.10060995580025374,5.2988917107678924e-05,25,10,10
41,5877,0.9336885034095048,6.492252796876127e-06,0.06626034251251028,4.4661825187747084e-05,25,10,10
41,5878,0.9171437015637551,6.461634387337242e-06,0.08283594029761744,1.389650424049049e-05,25,10,10
41,5879,0.9294074938802563,1.1611803539000409e-06,0.07046107386939612,0.0001302710699941627,25,10,10
41,5880,0.8863323434040714,1.9057354071828207e-05,0.11023641211588492,0.0034121871259713433,25,10,10
41,5881,0.8876025416042619,6.28317090818727e-05,0.10893387597175737,0.0034007507148973593,25,10,10
41,5882,0.9437881511411024,5.7870708636243504e-06,0.05618324792077274,2.281386726124174e-05,25,10,10
41,5883,0.8776373675205204,4.2237742282902115e-06,0.09405546765699423,0.028302941048256897,25,10,10
41,5884,0.8954819121492684,2.1038524230921146e-06,0.07615799257534439,0.028357991422963226,25,10,10
41,5885,0.8046936552481645,1.604228826637096e-06,0.1402932192267015,0.055011521296307354,25,10,10
41,5886,0.8067684137518087,1.9960968505801706e-06,0.14222478060913588,0.05100480954220524,25,10,10
41,5887,0.7815477119413612,3.386112546827543e-05,0.14545758663287242,0.07296084030029774,25,10,10
41,5888,0.8266749327312708,9.66540664127203e-07,0.09766771710581629,0.07565638362224907,25,10,10
41,5889,0.8431679226729234,1.2467492072242099e-05,0.0770259622056817,0.0797936476293223,25,10,10
41,5890,0.8994155360093772,4.0953314287837455e-07,0.024200439361898706,0.07638361509558064,25,10,10
41,5891,0.8921261750586111,2.258189680545077e-05,0.04071782075970365,0.06713342228487988,25,10,10
41,5892,0.7508729589165819,2.7857890987392028e-05,0.16640623703755508,0.08269294615487649,25,10,10
41,5893,0.794018813381172,3.311749192222741e-05,0.1610216336882198,0.04492643543868593,25,10,10
41,5894,0.9140184053190538,1.494241042706593e-05,0.04598362562731117,0.03998302664320781,25,10,10
41,5895,0.8523574464088121,1.0105492304469039e-05,0.12186750564716607,0.025764942451717468,25,10,10
41,5896,0.8899116234153227,2.842224429430322e-05,0.08577010871727458,0.024289845623108854,25,10,10
41,5897,0.8677223354864174,2.3571933064508724e-06,0.0921473990033769,0.0401279083168989,25,10,10
41,5898,0.8870620585526461,4.880944230370747e-06,0.07005875547622113,0.04287430502690179,25,10,10
41,5899,0.8643532190300545,9.493689887947793e-07,0.0927709617965363,0.04287486980442044,25,10,10
41,5900,0.8862337384637368,7.732503255038916e-07,0.07385792369685626,0.03990756458908116,25,10,10
41,5901,0.8472708344547744,6.676747506119783e-06,0.07323114287899973,0.07949134591872024,25,10,10
41,5902,0.8235385931019075,7.110184371440095e-07,0.09720362022248005,0.07925707565717495,25,10,10
41,5903,0.7992954171643559,2.0583722139377375e-05,0.12128532205081234,0.07939867706269213,25,10,10
41,5904,0.7656956193570046,1.0245938428779374e-06,0.15518752452254078,0.07911583152661185,25,10,10
41,5905,0.8481204791679744,8.842058075480705e-06,0.07278168153962182,0.07908899723432834,25,10,10
41,5906,0.8419865479815459,9.774920695828728e-06,0.07824323116433037,0.07976044593342796,25,10,10
41,5907,0.8231926464332018,0.0006132629157084644,0.09885952650089297,0.07733456415019732,25,10,10
41,5908,0.8363774587813397,1.6620372809019885e-05,0.12169218825160977,0.041913732594241415,25,10,10
41,5909,0.8626429275099515,9.279035759137786e-06,0.10287892098925795,0.03446887246503158,25,10,10
41,5910,0.8616188344855646,7.780560126038816e-06,0.10393444160683504,0.03443894334747376,25,10,10
41,5911,0.7902351285122022,7.266847228918218e-07,0.17020827258067212,0.039555872222403726,25,10,10
41,5912,0.8415176837452596,3.9655276559191114e-07,0.11895829314174984,0.03952362656022422,25,10,10
41,5913,0.8466113620116231,1.1691117590935448e-05,0.11339953636198519,0.03997741050880111,25,10,10
41,5914,0.818150025114074,4.5906683378683486e-05,0.1413959113087005,0.04040815689384691,25,10,10
41,5915,0.8932902248780187,1.5076996605744471e-05,0.06654982326332524,0.04014487486205016,25,10,10
41,5916,0.8585216292220648,0.000392665465950913,0.0962802122785191,0.04480549303346487,25,10,10
41,5917,0.8550212039992329,5.708571005297085e-07,0.10046851739376345,0.044509707749902316,25,10,10
41,5918,0.8567770633645014,1.5632956074965906e-06,0.14014188796393706,0.0030794853759534653,25,10,10
41,5919,0.8408619800474001,1.3193448605093322e-06,0.15634238840253603,0.002794312205202668,25,10,10
41,5920,0.8976229615329416,1.600271919872045e-05,0.09970538427406955,0.0026556514737896136,25,10,10
41,5921,0.8571909393635516,2.2397745686470395e-05,0.14008717419552708,0.002699488695233883,25,10,10
41,5922,0.9098868820483355,3.345208404446928e-05,0.08740477610598031,0.0026748897616389513,25,10,10
41,5923,0.8789000726699375,1.0789628339042167e-05,0.1179558158856116,0.0031333218161120613,25,10,10
41,5924,0.869102395315641,5.516528017716155e-05,0.12789029646312924,0.002952142941052083,25,10,10
41,5925,0.9147874010791859,7.819831029874849e-07,0.08520310925162475,8.707686086308691e-06,25,10,10
41,5926,0.9094068916482275,9.893452308926812e-07,0.09038760341704485,0.00020451558949725315,25,10,10
41,5927,0.9643397810553465,6.598063484392141e-07,0.03544334103186351,0.00021621810644173713,25,10,10
41,5928,0.9209389495361248,3.2025798927081554e-05,0.0789682111314618,6.081353348663742e-05,25,10,10
41,5929,0.9044447444333278,1.5422799429527193e-06,0.08803566018602246,0.007518053100706932,25,10,10
41,5930,0.9494781966348341,1.2628418870629073e-05,0.05048439075040758,2.4784195887800025e-05,25,10,10
41,5931,0.967596768547357,2.2790409927500423e-06,0.03238882993145611,1.2122480194287664e-05,25,10,10
41,5932,0.8478312614859785,7.571756880216008e-05,0.15205807730828855,3.494363693102621e-05,25,10,10
41,5933,0.8744073743392693,3.296656788475319e-06,0.12540933759482584,0.00017999140911617898,25,10,10
41,5934,0.8691696184999043,3.534306231454895e-05,0.13077539147974643,1.9646958035177348e-05,25,10,10
41,5935,0.8443960281729744,3.397388467732652e-06,0.15558465798701562,1.591645154247528e-05,25,10,10
41,5936,0.9154012817668152,3.220182884551198e-06,0.08451547291640046,8.002513389962714e-05,25,10,10
41,5937,0.8981262942756746,9.252983020766476e-06,0.09839285911243995,0.003471593628864448,25,10,10
41,5938,0.8750536409936934,1.9761121745800875e-06,0.12488592712648694,5.845576764572021e-05,25,10,10
41,5939,0.8572450562458807,8.933804134611528e-06,0.14261693973229309,0.0001290702176921901,25,10,10
41,5940,0.8356790778504305,8.154486496380971e-06,0.16414730171173386,0.0001654659513396429,25,10,10
41,5941,0.8758202217236409,1.049345040990303e-06,0.12415248365682753,2.624527449122616e-05,25,10,10
41,5942,0.8381345113878838,1.1193609353290851e-05,0.16175750057546348,9.67944272989979e-05,25,10,10
41,5943,0.9193716963279231,1.7055168286207843e-05,0.08049544830958974,0.00011580019420135486,25,10,10
41,5944,0.8804030568877107,3.7099068638078063e-06,0.11941988136806396,0.00017335183736073202,25,10,10
41,5945,0.9069810061380366,4.5178689659200255e-06,0.0929200629354015,9.441305759534488e-05,25,10,10
41,5946,0.8440647245973761,1.6092208405822108e-06,0.15573627641243845,0.00019738976934462887,25,10,10
41,5947,0.9184794740722224,2.4177321672588277e-07,0.08144699612238054,7.328803218037926e-05,25,10,10
41,5948,0.9299721602041019,6.493088397825869e-07,0.0699043729912861,0.00012281749577251272,25,10,10
41,5949,0.9092534669706606,6.98646945098391e-07,0.09050000468622292,0.00024582969617123295,25,10,10
41,5950,0.8965028260301914,1.084364174594768e-05,0.10025631328445977,0.0032300170436027897,25,10,10
41,5951,0.8926213255508384,2.726613491783594e-06,0.10649965129220502,0.0008762965434647062,25,10,10
41,5952,0.8072386384886922,1.1534014066485732e-05,0.19052538745031075,0.002224440046932136,25,10,10
41,5953,0.8736233192597593,1.6443532914595477e-05,0.12428199352375051,0.0020782436835756805,25,10,10
41,5954,0.8562931763999319,1.4905437968767502e-05,0.14171035731384468,0.001981560848254807,25,10,10
41,5955,0.87159183271091,1.639101791683242e-05,0.12820941382351786,0.00018236244765493733,25,10,10
41,5956,0.9421004341257811,9.393230266591905e-06,0.0577763439345548,0.00011382870939793292,25,10,10
41,5957,0.9470574689305102,5.840207369937668e-07,0.04996452659046996,0.00297742045828287,25,10,10
41,5958,0.9114843228570507,4.0482089743500315e-06,0.08555072742864787,0.002960901505326568,25,10,10
41,5959,0.8994800786653453,7.577042227862571e-06,0.09815074792978465,0.002361596362642236,25,10,10
41,5960,0.8844528440886801,2.239320991201789e-05,0.11527964265665615,0.0002451200447522868,25,10,10
41,5961,0.9016887063107432,1.7804371904662484e-06,0.09815040768155704,0.00015910557051026204,25,10,10
41,5962,0.9020672373272519,2.9633817803808737e-06,0.09780321981617457,0.00012657947479338864,25,10,10
41,5963,0.9144226720846804,9.662602510017166e-06,0.08545808576548541,0.00010957954732491475,25,10,10
41,5964,0.9085141745717749,5.832776268649836e-07,0.051969398135115606,0.03951584401548306,25,10,10
41,5965,0.9021334245191067,3.7388723510213285e-07,0.05955349096033191,0.038312710633326544,25,10,10
41,5966,0.9205050945830365,2.4228966745133588e-05,0.07660371204880966,0.002866964401409324,25,10,10
41,5967,0.892801205082537,1.3949343109005513e-05,0.10661499771548932,0.0005698478588645229,25,10,10
41,5968,0.8380337299377092,1.2872281683580064e-06,0.1549120524260776,0.007052930408044344,25,10,10
41,5969,0.8020321441422971,2.0631042347935662e-06,0.191009927386343,0.0069558653671238915,25,10,10
41,5970,0.7945074255619268,8.3111696399789e-06,0.20483707549012475,0.0006471877783077193,25,10,10
41,5971,0.8642293735594017,1.65289892083842e-06,0.13522456139900732,0.0005444121426709723,25,10,10
41,5972,0.9031321391123548,1.980818877431623e-05,0.09627070002572449,0.0005773526731465867,25,10,10
41,5973,0.9186469749263299,1.1299404951708322e-05,0.06256044458107139,0.018781281087646803,25,10,10
41,5974,0.8931125581699235,2.2647685808059774e-05,0.1066184049658208,0.00024638917844745675,25,10,10
41,5975,0.9549224040284152,6.694510150412531e-06,0.04367302819959859,0.001397873261835491,25,10,10
41,5976,0.8766332672102505,1.2398709106068205e-05,0.12292096302110085,0.00043337105954291963,25,10,10
41,5977,0.8482526853924901,2.308731430803425e-06,0.15141198914554185,0.00033301673053752283,25,10,10
41,5978,0.9438612348801055,8.725591796177155e-08,0.05521380609546948,0.0009248717685066743,25,10,10
41,5979,0.9711525157226917,5.889553464562782e-06,0.027913348288895155,0.0009282464349485137,25,10,10
41,5980,0.9438969314195111,6.6081353352364885e-06,0.05593428457293135,0.0001621758722221398,25,10,10
41,5981,0.8980442174075928,7.677431301445892e-06,0.10167648603834388,0.0002716191227613261,25,10,10
41,5982,0.8178600207527276,2.77062586756503e-05,0.18204603189104712,6.624109754879474e-05,25,10,10
41,5983,0.8537514140554595,1.3484315263449346e-05,0.14569902955624642,0.0005360720730298333,25,10,10
41,5984,0.9302424993884642,7.464784972025743e-07,0.06974563460110841,1.1119531929824735e-05,25,10,10
41,5985,0.9549508124079784,6.223128438419508e-06,0.045027948264100566,1.501619948242649e-05,25,10,10
41,5986,0.8473823045110156,6.167515898975019e-06,0.1518758410719502,0.0007356869011363718,25,10,10
41,5987,0.8838748651067277,9.5548681247047e-06,0.11416451482095878,0.0019510652041896046,25,10,10
41,5988,0.8729499753108872,5.916725282517711e-07,0.12560424649228025,0.0014451865243044044,25,10,10
41,5989,0.8667546346003421,1.66056245114638e-06,0.1332011910287685,4.2513808437389296e-05,25,10,10
41,5990,0.7940205564935618,2.6800146009557093e-05,0.20567413940796392,0.00027850395246499857,25,10,10
41,5991,0.8788616280803914,1.8031484133466288e-05,0.12100130592690367,0.00011903450857220984,25,10,10
41,5992,0.8850847667115985,2.100722083694729e-05,0.11470317037279115,0.00019105569477309865,25,10,10
41,5993,0.9657631749029325,2.275895189534778e-06,0.034165867488872334,6.868171300547007e-05,25,10,10
41,5994,0.9434301967258574,1.3386466133853964e-06,0.055877870829486004,0.0006905937980434719,25,10,10
41,5995,0.8274739087863526,3.0976531648494796e-07,0.17140881352871287,0.0011169679196172506,25,10,10
41,5996,0.8787770842096024,2.3962907979535602e-05,0.11881220001665482,0.002386752865763822,25,10,10
41,5997,0.9115697718336707,1.6622830541757372e-05,0.08679148740370063,0.0016221179320872893,25,10,10
41,5998,0.8320276073863314,5.254057981718796e-05,0.16632276478269564,0.0015970872511555222,25,10,10
41,5999,0.9113742718426319,5.179212299833099e-05,0.08814267939093115,0.00043125664343862934,25,10,10
41,6000,0.911383611975285,3.6975960061778447e-05,0.08542321254483269,0.003156199519819821,25,10,10
41,6001,0.9001072803742486,2.1473506422888426e-05,0.07472439321683236,0.025146852902495943,25,10,10
41,6002,0.8454148022022165,3.245591982672721e-06,0.15071280810705845,0.00386914409874326,25,10,10
41,6003,0.8827329512405312,1.7747585580905744e-05,0.1127383169536314,0.004510984220256001,25,10,10
41,6004,0.9270297085153539,1.753042208583529e-05,0.07293720233128682,1.5558731273251838e-05,25,10,10
41,6005,0.9130380830404288,1.4394239190851306e-05,0.08693991742280113,7.60529757974252e-06,25,10,10
41,6006,0.9632719612104327,1.4896010923179105e-05,0.03659346448924381,0.0001196782894002012,25,10,10
41,6007,0.9455852433842327,7.296452077569548e-06,0.052765178190961874,0.0016422819727273338,25,10,10
41,6008,0.9254860951824909,6.902712147810501e-06,0.0724322256174836,0.0020747764878775586,25,10,10
41,6009,0.9192567212054809,8.81303674717635e-06,0.07879833063557184,0.0019361351221997222,25,10,10
41,6010,0.9419875835567956,1.340432184297775e-06,0.05798797880379539,2.3097207224934284e-05,25,10,10
41,6011,0.8594465429069693,0.0002467686711369693,0.14029530273513213,1.1385686762161794e-05,25,10,10
41,6012,0.8109151303454396,3.1741341291306225e-06,0.18891421238078507,0.0001674831396467591,25,10,10
41,6013,0.8035518616579735,1.3094305343021979e-05,0.19631358003604063,0.00012146400064325467,25,10,10
41,6014,0.8186924093585628,3.6823177028137487e-06,0.18121814634286157,8.57619808728379e-05,25,10,10
41,6015,0.900443592086007,3.7543509226594067e-06,0.09947212389688964,8.052966618082333e-05,25,10,10
41,6016,0.9238313359254537,2.0818892924335877e-06,0.07398534630491548,0.002181235880338281,25,10,10
41,6017,0.9338478435938833,2.036772258180796e-06,0.06239670923986363,0.003753410393995146,25,10,10
41,6018,0.8743527043340698,4.014974482432351e-05,0.12126084408468478,0.004346301836421063,25,10,10
41,6019,0.9070787701446449,4.400716196979142e-07,0.08874301323346492,0.0041777765502705975,25,10,10
41,6020,0.907060761852014,7.045409260767508e-07,0.09286165806885757,7.68755382029726e-05,25,10,10
41,6021,0.8216947853248264,9.714044488059792e-06,0.17584236137919304,0.002453139251491711,25,10,10
41,6022,0.7908366643342204,0.0002510770381615829,0.2064175431437973,0.002494715483819748,25,10,10
41,6023,0.7550538713297321,1.9577569342817363e-06,0.20790059455942714,0.037043576353906996,25,10,10
41,6024,0.8204079785220428,5.618034232153166e-06,0.15424839717374034,0.02533800626998412,25,10,10
41,6025,0.8091055455126619,1.1525387147313525e-05,0.16144977407686498,0.02943315502332546,25,10,10
41,6026,0.81883368702871,5.274473894275375e-06,0.15196104066326613,0.029199997834129302,25,10,10
41,6027,0.8225934952248989,0.0002221607534625985,0.13323284578679215,0.043951498234845794,25,10,10
41,6028,0.7915726314208663,0.010185128359541102,0.1536624718974997,0.04457976832209274,25,10,10
41,6029,0.6601606719247093,0.01240579203301644,0.28344849147963347,0.04398504456264082,25,10,10
41,6030,0.804606286389993,1.5996974456675362e-05,0.15784091905649744,0.03753679757905339,25,10,10
41,6031,0.8434193832167678,4.074272740903547e-07,0.11663506937453748,0.03994513998142073,25,10,10
41,6032,0.8606699993414518,1.0066696305774739e-05,0.10731090591496421,0.0320090280472774,25,10,10
41,6033,0.7637015809456446,7.568839592554039e-06,0.20403531754032816,0.032255532674432805,25,10,10
41,6034,0.8074134465568104,0.0005941684694303164,0.15191795261176153,0.040074432361997925,25,10,10
41,6035,0.7766349056970298,5.1174537833394945e-06,0.1833625443780793,0.039997432471106806,25,10,10
41,6036,0.8805796727210162,7.520140408303018e-05,0.07936279365897786,0.039982332215923524,25,10,10
41,6037,0.9014399060066698,1.6970334924058785e-05,0.05851084524738899,0.04003227841101723,25,10,10
41,6038,0.9201651815936142,9.441206525129242e-07,0.0533421293118723,0.026491744973860403,25,10,10
41,6039,0.8950778110704576,5.883374515000931e-06,0.0784044338235969,0.02651187173143012,25,10,10
41,6040,0.8890481453297956,1.077601364718669e-06,0.08607015710874868,0.024880619960090482,25,10,10
41,6041,0.9134179682543233,1.5453729171736227e-06,0.06190837709589819,0.02467210927686149,25,10,10
41,6042,0.8264000555824856,4.933121274885206e-06,0.16332135135846446,0.010273659937776024,25,10,10
41,6043,0.8976486440944061,1.2147594207180832e-06,0.09331747160134929,0.009032669544823964,25,10,10
41,6044,0.9234383930164779,2.899816451391511e-06,0.0748898435453133,0.001668863621757099,25,10,10
41,6045,0.9327981538183397,1.165321614936085e-05,0.06566595555688934,0.0015242374086215378,25,10,10
41,6046,0.9563078476861223,1.1758512228125304e-05,0.04367075432804682,9.639473602346809e-06,25,10,10
41,6047,0.9425771122230909,6.338340289323033e-07,0.057404496424781896,1.7757518097694252e-05,25,10,10
41,6048,0.8621358248005169,4.231857168836377e-06,0.13732431985703925,0.0005356234852757279,25,10,10
41,6049,0.7801610507197327,4.112279513268788e-06,0.21792469521711688,0.0019101417836359972,25,10,10
41,6050,0.8581600345728811,2.6411212528076396e-06,0.1416272447032012,0.00021007960266534466,25,10,10
41,6051,0.8995600453281558,1.1071752903533994e-06,0.09933233710511452,0.0011065103914390572,25,10,10
41,6052,0.93780002718339,7.804084442380892e-07,0.06113655749773118,0.0010626349104344793,25,10,10
41,6053,0.8473537032015682,8.872565610828826e-07,0.14883533705955632,0.0038100724823161946,25,10,10
41,6054,0.7889468478675736,2.9850050988216403e-05,0.2050456121036329,0.005977689977804603,25,10,10
41,6055,0.8614992427635656,3.2326635579533124e-05,0.13260952133869472,0.005858909262160165,25,10,10
41,6056,0.9443359734812372,6.664336754613582e-06,0.055654751810682274,2.6103713255773937e-06,25,10,10
41,6057,0.9025569390843609,2.020367274456491e-05,0.08792865454370549,0.009494202699188846,25,10,10
41,6058,0.8578566829930605,9.194427028168274e-06,0.13304628995619827,0.00908783262371272,25,10,10
41,6059,0.877847578292285,2.0063933253211557e-06,0.10879915824732489,0.013351257067064679,25,10,10
41,6060,0.8691312582750477,4.601773983674074e-05,0.1307003665472749,0.0001223574378402438,25,10,10
41,6061,0.834823080253882,2.268546144594282e-05,0.16495829476273574,0.00019593952193588965,25,10,10
41,6062,0.8864756575607573,1.359905739815242e-05,0.11325575068440374,0.00025499269744167223,25,10,10
41,6063,0.9125966826707201,6.049601248764094e-06,0.08704960923413907,0.000347658493891595,25,10,10
41,6064,0.8455364276000775,5.7162075990817675e-05,0.15369493359519598,0.0007114767287358549,25,10,10
41,6065,0.8441338265008709,5.700857610770031e-05,0.1549896885485176,0.0008194763745041966,25,10,10
41,6066,0.894214784634532,6.666289814593478e-07,0.10560307322389638,0.00018147551258976727,25,10,10
41,6067,0.8399248837727369,0.00017384319649335422,0.15980364764578642,9.76253849827919e-05,25,10,10
41,6068,0.9042811747498891,0.00017026130324473992,0.09548326424238116,6.52997044850675e-05,25,10,10
41,6069,0.9668937664096192,1.7426999391119313e-06,0.030457075945209956,0.0026474149452314806,25,10,10
41,6070,0.8917695631978434,2.587065869708582e-05,0.10811860135077717,8.596479268196733e-05,25,10,10
41,6071,0.8784511528816497,1.4038843189990735e-05,0.12150605244826936,2.875582689041698e-05,25,10,10
41,6072,0.8542160736071908,1.900632893002569e-05,0.14564578624879204,0.0001191338150876564,25,10,10
41,6073,0.8422869836221178,6.156584130622237e-07,0.15760447546671727,0.00010792525275183593,25,10,10
41,6074,0.8524603252275296,8.197443182813657e-06,0.11689047820855686,0.03064099912073048,25,10,10
41,6075,0.8560379165477001,2.9032669390520483e-06,0.10275012144971273,0.04120905873564754,25,10,10
41,6076,0.9054275392085235,1.6226082234149121e-06,0.055084531259770635,0.03948630692348206,25,10,10
41,6077,0.8192936885428935,1.8599762892871794e-06,0.14093475241587736,0.03976969906494063,25,10,10
41,6078,0.7885092541804081,1.9240651780324575e-06,0.14217372471969703,0.0693150970347162,25,10,10
41,6079,0.8587336909534748,5.594302894243785e-06,0.10085607566148408,0.04040463908214756,25,10,10
41,6080,0.7898284373579944,2.2265199525225394e-06,0.1736795664265835,0.036489769695470686,25,10,10
41,6081,0.9082528856990392,1.6393077653541578e-06,0.05555566508208851,0.03618980991110709,25,10,10
41,6082,0.9242414002553779,1.1548371862675433e-06,0.0693393680547875,0.006418076852647987,25,10,10
41,6083,0.9394831971954624,1.1825948656549658e-05,0.06042259658071439,8.238027516661105e-05,25,10,10
41,6084,0.8904128317784955,0.00010234481685678304,0.10883346121167112,0.0006513621929767404,25,10,10
41,6085,0.874344052244345,4.6102184281734776e-05,0.12524320224443403,0.0003666433269399591,25,10,10
41,6086,0.8814166463918356,0.00017520646899668363,0.1179433995741009,0.0004647475650664839,25,10,10
41,6087,0.8782089841197789,0.00014293376003845777,0.12163657313803235,1.1508982150623458e-05,25,10,10
41,6088,0.9372249530230645,5.434251315119037e-07,0.06266152359835911,0.0001129799534449788,25,10,10
41,6089,0.940861236051755,3.122141651842654e-07,0.059024829926820205,0.00011362180725956692,25,10,10
41,6090,0.8489026137390553,3.754470903019325e-05,0.15079987687616558,0.00025996467574919245,25,10,10
41,6091,0.8415199029975127,8.965644247252849e-07,0.11846471362852823,0.04001448680953423,25,10,10
41,6092,0.8980188180856484,5.925377967070826e-06,0.10020498402337913,0.0017702725130050681,25,10,10
41,6093,0.8702331771588103,1.0579109433216172e-06,0.12896699050162064,0.0007987744286245019,25,10,10
41,6094,0.8758209497125145,9.87787946006738e-06,0.12385251947547639,0.00031665293254815117,25,10,10
41,6095,0.8774047089057447,0.00028740622714851715,0.12187375452890162,0.00043413033820540993,25,10,10
41,6096,0.9094444019172052,1.4070284637356563e-05,0.0903318984137247,0.00020962938443289401,25,10,10
41,6097,0.8493191907391582,1.4273719239931827e-05,0.15058478192270056,8.175361890020447e-05,25,10,10
41,6098,0.8674105623201194,1.7586549412140117e-06,0.13256548319194136,2.2195832997838266e-05,25,10,10
41,6099,0.8944480381089321,2.0635252215781336e-06,0.10552884731985379,2.1051045993962882e-05,25,10,10
41,6100,0.8394825574391587,1.1374088343087155e-05,0.16044293353970748,6.313493279001914e-05,25,10,10
41,6101,0.8556937338306466,1.0434253847831566e-05,0.14391913963669775,0.00037669227880731695,25,10,10
41,6102,0.8695109528272275,1.0845982176501783e-05,0.1299684783528736,0.0005097228377222621,25,10,10
41,6103,0.8651842482289704,1.271411144287125e-05,0.13250904857435336,0.0022939890852329576,25,10,10
41,6104,0.8796287686840867,2.9936140828481037e-05,0.11998938378581046,0.00035191138927457855,25,10,10
41,6105,0.9426274199291141,1.6100194816165026e-06,0.05735957550184208,1.1394549562485734e-05,25,10,10
41,6106,0.8518109295622309,9.59060180697409e-06,0.08635381221583986,0.061825667620122815,25,10,10
41,6107,0.8918357742325589,1.5196592306041e-05,0.028731633239071856,0.07941739593606321,25,10,10
41,6108,0.8636127775432756,3.188280737710664e-05,0.057297663534462674,0.07905767611488457,25,10,10
41,6109,0.8231233211829619,2.1154552861100064e-06,0.1383434253428613,0.03853113801888983,25,10,10
41,6110,0.8484154390109663,3.63820614659594e-06,0.10540297333810299,0.04617794944478381,25,10,10
41,6111,0.9241295961664785,1.25097628080323e-06,0.03953390246245092,0.03633525039479006,25,10,10
41,6112,0.9148031950624178,6.745323129475931e-07,0.04580913252052347,0.039386997884746124,25,10,10
41,6113,0.8730039485459045,3.9316289943219363e-07,0.08736627485226701,0.039629383438928974,25,10,10
41,6114,0.8702059710141467,7.700921852312736e-07,0.0901439709018759,0.03964928799179301,25,10,10
41,6115,0.8039782984247903,9.984179037985281e-07,0.15608396185420692,0.039936741303098246,25,10,10
41,6116,0.8014499962516441,1.6203899697098273e-06,0.15239362579261873,0.046154757565766855,25,10,10
41,6117,0.8356041328404349,1.0808176837643053e-06,0.12890499465893446,0.035489791682946394,25,10,10
41,6118,0.8306432814929322,7.533635022359078e-07,0.13144729137520147,0.037908673768364036,25,10,10
41,6119,0.8561310740131085,1.0332547529759273e-06,0.10895557213464807,0.03491232059749053,25,10,10
41,6120,0.8695069134893374,1.1999922798006455e-05,0.09052921814690673,0.039951868440957966,25,10,10
41,6121,0.8732317987658624,2.260736338369766e-06,0.08678019844443986,0.03998574205336012,25,10,10
41,6122,0.8930024582141246,2.727283690338459e-06,0.06704906047183556,0.03994575403035,25,10,10
41,6123,0.8073727763725936,2.5154772969398703e-05,0.1361653705844318,0.05643669827000498,25,10,10
41,6124,0.8346919698179528,2.3401543203553523e-06,0.11884862845313676,0.04645706157458985,25,10,10
41,6125,0.8896479576210704,1.3605206165239824e-05,0.11001528940089271,0.00032314777187195034,25,10,10
41,6126,0.9150235029845882,9.036747655085002e-07,0.0849623517300493,1.3241610597279707e-05,25,10,10
41,6127,0.8527199682113487,1.1805806945202229e-05,0.1472105583071766,5.766767452979492e-05,25,10,10
41,6128,0.8450221268860285,9.98058339870862e-06,0.15491420993715377,5.3682593418653624e-05,25,10,10
41,6129,0.7892026456243663,3.850990814060609e-06,0.20841985656303788,0.0023736468217818024,25,10,10
41,6130,0.8399985560289724,7.977162071627644e-05,0.15780867150206945,0.0021130008482421444,25,10,10
41,6131,0.8199814561089204,6.532216729093636e-05,0.17925634162574877,0.0006968800980396866,25,10,10
41,6132,0.7750933795505454,3.486073801680688e-06,0.189838634523695,0.03506449985195899,25,10,10
41,6133,0.868240171974811,1.3550345555535928e-06,0.09672420902158332,0.03503426396905024,25,10,10
41,6134,0.9372936891110083,1.1134274591941438e-07,0.02602708683145254,0.036679112714793474,25,10,10
41,6135,0.921474822656474,2.5207728031983164e-06,0.04123460547551815,0.03728805109520435,25,10,10
41,6136,0.7863390294867152,4.1804172255185594e-05,0.14697556984986307,0.06664359649116645,25,10,10
41,6137,0.7745588874633826,3.2696818876832255e-05,0.10752384993348076,0.11788456578425953,25,10,10
41,6138,0.7786512714808387,6.603479648296846e-06,0.10939687190701847,0.1119452531324953,25,10,10
41,6139,0.7608022425620952,2.1918008410911034e-06,0.1636920464658666,0.07550351917119735,25,10,10
41,6140,0.817885921604761,7.914441026941754e-07,0.10288456135007686,0.07922872560105904,25,10,10
41,6141,0.8495601031338218,1.0488653818254693e-05,0.07412227712903674,0.0763071310833232,25,10,10
41,6142,0.8353188913030294,9.910666729980863e-06,0.13001741750442336,0.034653780525816996,25,10,10
41,6143,0.8348170508665934,0.00032354936266216475,0.12978885239691715,0.03507054737382744,25,10,10
41,6144,0.9056565067270159,6.500614824243698e-07,0.05480912783918468,0.03953371537231671,25,10,10
41,6145,0.8686355153675259,5.491083190119772e-07,0.09174083556567,0.03962309995848526,25,10,10
41,6146,0.7592830155529465,1.5289775560855252e-05,0.21355141613151962,0.027150278539973396,25,10,10
41,6147,0.8403231069469986,9.787031391361737e-06,0.11767498803632093,0.0419921179852897,25,10,10
41,6148,0.8787083636797555,3.622469694237516e-05,0.11435577732336652,0.006899634299936261,25,10,10
41,6149,0.8512802282423029,1.1023046237860963e-05,0.14808575304040103,0.0006229956710573403,25,10,10
41,6150,0.8037831400272377,7.367830204668569e-05,0.19594819516594664,0.0001949865047682605,25,10,10
41,6151,0.8471931556244999,5.783106560939436e-06,0.15231507256610277,0.0004859887028364678,25,10,10
41,6152,0.8887994306265017,1.6891742041603574e-06,0.10782098034244637,0.0033778998568479023,25,10,10
41,6153,0.8616620434782877,1.7446604489184392e-06,0.1378408774200881,0.0004953344411749396,25,10,10
41,6154,0.8875649240313445,9.139897902997909e-07,0.11222363860266232,0.00021052337620283625,25,10,10
41,6155,0.8056123204798749,0.00023957125766596945,0.19388923386379753,0.0002588743986623153,25,10,10
41,6156,0.7681056612816386,0.00024086810158901597,0.21295021345680987,0.018703257159962877,25,10,10
41,6157,0.7641644588078762,1.0560792543062751e-06,0.21712304903570634,0.018711436077161584,25,10,10
41,6158,0.8179290264559484,8.417055160513141e-06,0.14181018113411142,0.04025237535477933,25,10,10
41,6159,0.7900116092982361,0.011263110809834498,0.15900065040236128,0.03972462948956766,25,10,10
41,6160,0.8820358258295994,0.00012771138743335888,0.11764509271416745,0.00019137006879907755,25,10,10
41,6161,0.9183781667949263,0.00011775519465809781,0.08142234179472324,8.173621569271181e-05,25,10,10
41,6162,0.8931306768275269,2.851964532063078e-05,0.10525002868733747,0.0015907748398144327,25,10,10
41,6163,0.8476052625934015,2.1783457610999754e-05,0.152015607565872,0.00035734638311554453,25,10,10
41,6164,0.8601273899491058,0.00046962736843355826,0.13903817680066463,0.00036480588179674977,25,10,10
41,6165,0.8816997016952858,7.2891248586526715e-06,0.11803228092952377,0.0002607282503326796,25,10,10
41,6166,0.8232109976995149,7.635751062200243e-06,0.1766556723997534,0.00012569414966842339,25,10,10
41,6167,0.8401577948169424,8.262591869100856e-06,0.1597838345069763,5.0108084211373425e-05,25,10,10
41,6168,0.8734684345480855,0.008962113068658868,0.11484007558102716,0.002729376802228607,25,10,10
41,6169,0.8629454254235915,0.03709598485840984,0.09736993218028088,0.002588657537717527,25,10,10
41,6170,0.8807348819933142,0.008793613114626739,0.09852411566609141,0.011947389225967577,25,10,10
41,6171,0.8799438019373471,2.269238547105881e-05,0.11692678663876567,0.0031067190384161648,25,10,10
41,6172,0.8630387745120411,5.16852262134794e-06,0.13672777600521877,0.0002282809601191534,25,10,10
41,6173,0.8596937681955668,3.3359213438507545e-06,0.13991259033347775,0.0003903055496112289,25,10,10
41,6174,0.9253645145240839,2.9731492831446e-05,0.07449072177658922,0.00011503220649498075,25,10,10
41,6175,0.8925448822373362,0.00019822539526439118,0.10596229704307555,0.0012945953243248204,25,10,10
41,6176,0.8834793148142025,0.00019791970377579254,0.11612716620875724,0.00019559927326568964,25,10,10
41,6177,0.9326853392402533,0.00019769247133096375,0.06446167482390049,0.002655293464515622,25,10,10
41,6178,0.8598542028372083,2.2544924870183998e-05,0.13294198518542036,0.007181267052501626,25,10,10
41,6179,0.8915235969883983,2.1766677413331322e-05,0.10842074940466834,3.3886929520203464e-05,25,10,10
41,6180,0.893265392314101,3.6238614797384376e-05,0.10667040367253687,2.7965398564494323e-05,25,10,10
41,6181,0.8849906259667522,0.00038437127734369044,0.11460168648353845,2.331627236567254e-05,25,10,10
41,6182,0.9088994157380292,0.0006891739393065073,0.09030409115132791,0.0001073191713368279,25,10,10
41,6183,0.8788097321515909,2.178720971587494e-05,0.11894714548545637,0.002221335153236932,25,10,10
41,6184,0.9458009608781075,1.7677804804625073e-05,0.05406316895800379,0.00011819235908479732,25,10,10
41,6185,0.8848013819172423,1.5762208310841557e-05,0.11495272274768198,0.00023013312676423007,25,10,10
41,6186,0.9048209268421481,8.49968483900754e-06,0.09510446097524598,6.61124977672021e-05,25,10,10
41,6187,0.8690165946729518,6.139289479617773e-05,0.13053176462658833,0.0003902478056641682,25,10,10
41,6188,0.8682357097205774,3.5526693622448475e-06,0.13136381104295863,0.00039692656710130973,25,10,10
41,6189,0.8340089294737741,9.463817530726237e-05,0.16534492901743547,0.0005515033334833781,25,10,10
41,6190,0.9045274980835976,9.3402214556447e-05,0.09505142543178417,0.000327674270061934,25,10,10
41,6191,0.890783086737321,8.886591401129627e-05,0.10875837500151311,0.00036967234715406497,25,10,10
41,6192,0.8867695518251925,8.854268686466392e-05,0.11298019328604714,0.00016171220189549706,25,10,10
41,6193,0.7886479899840125,1.342486388197039e-05,0.21102909831008265,0.00030948684202167595,25,10,10
41,6194,0.8645241952191918,6.005390813531036e-06,0.1347959711143489,0.0006738282756459205,25,10,10
41,6195,0.8859481742280915,6.073584745967699e-07,0.11351910799586631,0.0005321104175673045,25,10,10
41,6196,0.8524154549258194,2.3413166169659916e-06,0.14744860710351626,0.0001335966540476818,25,10,10
41,6197,0.8948606103637196,1.6494655713282697e-06,0.10400608387044853,0.001131656300260776,25,10,10
41,6198,0.9237244423136297,8.065716113441063e-06,0.07230117418380423,0.003966317786452573,25,10,10
41,6199,0.9276621312887108,0.0001438227824450605,0.07100181508648587,0.0011922308423585528,25,10,10
41,6200,0.8934812278378407,0.0001481749707736511,0.1062866388399109,8.395835147479207e-05,25,10,10
41,6201,0.8879088904966927,0.0001452845026679925,0.10924289899068367,0.0027029260099553517,25,10,10
41,6202,0.8030091047747483,0.00020318539492263435,0.1939256003631343,0.0028621094671941226,25,10,10
41,6203,0.8117270885454297,0.0001560468267393045,0.17353978310307272,0.01457708152475907,25,10,10
41,6204,0.8675196047523565,6.479535569762927e-06,0.11444098623078755,0.018032929481285032,25,10,10
41,6205,0.8777487894544191,3.0953041655676324e-06,0.10749794628437526,0.014750168957040025,25,10,10
41,6206,0.8601715734933277,1.3894726620104334e-05,0.13935688715300132,0.00045764462705047605,25,10,10
41,6207,0.7849072190293902,1.7943923761095047e-05,0.20159533829031256,0.013479498756534994,25,10,10
41,6208,0.8285220651459845,1.0312735535733231e-05,0.16323132546058314,0.008236296657896986,25,10,10
41,6209,0.8695308396217486,1.857446020934572e-05,0.12212069498186656,0.008329890936175205,25,10,10
41,6210,0.852268320844298,1.74303387740943e-05,0.1474670499792914,0.0002471988376371622,25,10,10
41,6211,0.93900502409502,8.076957470140301e-06,0.060657119036358995,0.00032977991115096467,25,10,10
41,6212,0.9037314076981595,8.842828996644361e-07,0.09599940317600258,0.00026830484293838573,25,10,10
41,6213,0.924913813265932,1.195886168631093e-06,0.07491548652870969,0.00016950431918990677,25,10,10
41,6214,0.9138007355251093,0.00017133872653080515,0.08557947737784304,0.00044844837051670824,25,10,10
41,6215,0.9269038412220961,0.00017107259067097289,0.07248855634130708,0.0004365298459259603,25,10,10
41,6216,0.9354538898902295,0.0006807109650062148,0.06379719450750332,6.82046372610183e-05,25,10,10
41,6217,0.9015298242388664,0.0006908093199347296,0.09768794514650363,9.142129469475938e-05,25,10,10
41,6218,0.9263757617748811,5.916142713157209e-07,0.07353638669029773,8.725992054944811e-05,25,10,10
41,6219,0.8617455694774162,1.6774398304793406e-05,0.133780905342933,0.004456750781346143,25,10,10
41,6220,0.8955108807893923,3.7920939479736456e-06,0.1039148459013585,0.0005704812153002396,25,10,10
41,6221,0.8387883983166544,4.815592784386245e-06,0.16061656019992168,0.0005902258906396184,25,10,10
41,6222,0.9031089007028599,3.4364634509514434e-05,0.0968422258913206,1.4508771309825983e-05,25,10,10
41,6223,0.9389654031711063,6.011229468007011e-06,0.06086547035751708,0.0001631152419090022,25,10,10
41,6224,0.8921007872928173,0.00018420977051431773,0.1076231943502008,9.180858646924961e-05,25,10,10
41,6225,0.8430968407188211,0.00018728858971723525,0.15667648432422798,3.938636723412877e-05,25,10,10
41,6226,0.8289443239429556,0.0001716863230388236,0.17068819568996293,0.0001957940440429998,25,10,10
41,6227,0.7689246790182175,0.0006500903186515366,0.2301698056032625,0.000255425059869482,25,10,10
41,6228,0.752363209304048,2.9203227381031665e-05,0.23944380788830386,0.008163779580267474,25,10,10
41,6229,0.8370684154002477,3.0353304707733633e-05,0.12405660179028413,0.038844629504760905,25,10,10
41,6230,0.8520478592685418,1.0010347729228273e-06,0.11909816145411903,0.02885297824256678,25,10,10
41,6231,0.8714482768014626,6.920898250915284e-07,0.1163636634895698,0.012187367619142164,25,10,10
41,6232,0.8061970907230609,4.237003944200636e-06,0.19223901431435472,0.0015596579586406609,25,10,10
41,6233,0.8568258022849257,9.349590720283573e-06,0.14075492694151578,0.002409921182838531,25,10,10
41,6234,0.8138201776184627,4.6943283034795005e-07,0.18097056891627336,0.005208784032434188,25,10,10
41,6235,0.9013354421101518,2.0985697826025098e-06,0.09735761104378819,0.0013048482762775947,25,10,10
41,6236,0.8862620017005408,9.395289254571339e-06,0.11368990455828859,3.869845191631702e-05,25,10,10
41,6237,0.9211424069653651,7.69649548215124e-07,0.07532233504083315,0.0035344883442537055,25,10,10
41,6238,0.9414727930187158,1.5592171250642544e-06,0.05839498606883998,0.00013066169531861913,25,10,10
41,6239,0.9023715254504968,1.7332450817209304e-06,0.09733311830468967,0.0002936229997317943,25,10,10
41,6240,0.9037290466282699,5.687908974483131e-06,0.09595980100616658,0.0003054644565892833,25,10,10
41,6241,0.9144199330759755,6.875237201191052e-06,0.08413855586494524,0.001434635821877932,25,10,10
41,6242,0.9334784502283747,1.1194397218467011e-06,0.06485135108733538,0.0016690792445683122,25,10,10
41,6243,0.9066889152976059,4.1897069797896223e-07,0.09181517311617232,0.0014954926155241245,25,10,10
41,6244,0.8724257402387408,1.0254125399073646e-06,0.1169853786419251,0.010587855706794009,25,10,10
41,6245,0.8407379746094772,8.32902353528046e-07,0.15655033391049406,0.0027108585776750493,25,10,10
41,6246,0.8826485554908827,3.28368692351111e-05,0.1169721143002791,0.0003464933396031621,25,10,10
41,6247,0.9259086977216622,1.2487795381372125e-06,0.07373727521092849,0.00035277828787133857,25,10,10
41,6248,0.9066650821096777,5.98293921090884e-07,0.09303522622008595,0.0002990933763151797,25,10,10
41,6249,0.9119214695486177,7.330360970255576e-07,0.08807077685835893,7.020556926574102e-06,25,10,10
41,6250,0.8809176573882043,8.142503401365461e-07,0.11675261088961211,0.002328917471843603,25,10,10
41,6251,0.8539868208029742,8.807933269950462e-07,0.14149133573201822,0.004520962671680857,25,10,10
41,6252,0.8845590914452,1.2218701747279066e-06,0.11524965599035061,0.0001900306942747252,25,10,10
41,6253,0.7861472822691442,0.00020976903307070416,0.21355847307603207,8.447562175364718e-05,25,10,10
41,6254,0.8251721511658003,0.0002109600140110204,0.17446076352994994,0.0001561252902374233,25,10,10
41,6255,0.8188751855648728,3.763294039020349e-05,0.18038297276896065,0.0007042087257768563,25,10,10
41,6256,0.8604201436679483,9.886208469423012e-06,0.13625896400869222,0.003311006114890919,25,10,10
41,6257,0.8306875678388179,9.489870413354857e-06,0.1663149503353529,0.0029879919554156114,25,10,10
41,6258,0.8051132382392457,1.9767992764178877e-05,0.19208295967908598,0.0027840340889034583,25,10,10
41,6259,0.8316551142573236,1.4196992521207565e-05,0.16821156698153,0.0001191217686245068,25,10,10
41,6260,0.9020442834175411,1.436148984179472e-05,0.09755144654375097,0.0003899085488660338,25,10,10
41,6261,0.7984859619479843,2.5487775019497945e-05,0.1870892801195867,0.014399270157409095,25,10,10
41,6262,0.8821291679968591,1.928419827638939e-05,0.10361976675852168,0.014231781046342533,25,10,10
41,6263,0.9040895485846657,7.469136119461527e-06,0.08170206510933857,0.014200917169876277,25,10,10
41,6264,0.9001772891931616,9.116567088827173e-06,0.09962674575374804,0.00018684848600201937,25,10,10
41,6265,0.9029831921111672,1.8341905469016312e-06,0.09140279843121346,0.005612175267072652,25,10,10
41,6266,0.8688558316000643,1.9656309652631992e-06,0.1266323841403862,0.004509818628584386,25,10,10
41,6267,0.8888946356318752,1.396662010968278e-05,0.11057309755213428,0.0005183001958817263,25,10,10
41,6268,0.8876917406988812,5.20891537722764e-06,0.11218309330945742,0.00011995707628522345,25,10,10
41,6269,0.8257267984271344,0.00010973986858745472,0.1739186882388575,0.0002447734654202167,25,10,10
41,6270,0.8793712082273509,3.4928647212196995e-06,0.12053373644155985,9.156246636784658e-05,25,10,10
41,6271,0.8446684574406298,2.2008524971735574e-06,0.15520829132305805,0.0001210503838152308,25,10,10
41,6272,0.9106567646637086,4.449895442795723e-07,0.08928005098402107,6.273936272612806e-05,25,10,10
41,6273,0.9351018353824501,1.1056161542062972e-05,0.0648425464869748,4.456196903279279e-05,25,10,10
41,6274,0.9454108126952494,6.904273838153166e-06,0.05302560211019625,0.001556680920715956,25,10,10
41,6275,0.956183325480047,1.4321415226465716e-05,0.04226254032527672,0.0015398127794494262,25,10,10
41,6276,0.879355910797033,0.00027063371114102925,0.09509604235050892,0.025277413141317328,25,10,10
41,6277,0.8783022742080854,0.0002655604582993537,0.12100078268825401,0.000431382645361974,25,10,10
41,6278,0.8462072204491357,8.986611553377497e-06,0.1508453249024368,0.0029384680368737255,25,10,10
41,6279,0.8713527458047399,1.782088751364024e-06,0.1261267632619095,0.002518708844598875,25,10,10
41,6280,0.850223904172312,8.312978871925691e-07,0.14976547658972061,9.787940079270437e-06,25,10,10
41,6281,0.8180516244020178,2.4066692934003562e-05,0.18184529562684845,7.901327819986784e-05,25,10,10
41,6282,0.8498813450305591,1.693179809896678e-06,0.150046355415386,7.06063742448582e-05,25,10,10
41,6283,0.8885003276990487,8.96284815108619e-06,0.11137452430330902,0.000116185149492302,25,10,10
41,6284,0.8723217124264104,1.3439842595726384e-05,0.12159644887164323,0.006068398859350535,25,10,10
41,6285,0.8541108691549527,5.3395279432023025e-06,0.1400249439197771,0.005858847397326604,25,10,10
41,6286,0.9170234086916262,4.816823246290983e-06,0.08109607222606917,0.0018757022590580887,25,10,10
41,6287,0.895304778251075,1.1706680659624344e-06,0.10378437000244309,0.0009096810784159445,25,10,10
41,6288,0.8980675870803736,9.336653711557494e-06,0.08157623029628551,0.020346845969629535,25,10,10
41,6289,0.8767136236108499,2.336259191244644e-07,0.0865374628329852,0.03674867993024582,25,10,10
41,6290,0.8741355553622857,9.146991636749204e-07,0.08904988040282841,0.03681364953572211,25,10,10
41,6291,0.8552543947689784,2.542407654562282e-05,0.10105976528070044,0.04366041587377581,25,10,10
41,6292,0.8947075505062441,7.4826525868417145e-06,0.05878861303138369,0.046496353809785056,25,10,10
41,6293,0.7961513014696187,2.134552949471677e-06,0.1905218398469285,0.013324724130502376,25,10,10
41,6294,0.7737782272965786,1.4830542193836701e-05,0.21279704811238406,0.013409894048843216,25,10,10
41,6295,0.8547653088594214,1.252692920709371e-06,0.12628685991604324,0.01894657853161498,25,10,10
41,6296,0.8250854530209406,1.7696468665510515e-05,0.14721969251602038,0.027677157994372124,25,10,10
41,6297,0.8086066592348722,1.4870012543065277e-06,0.15014979475331883,0.041242059010554624,25,10,10
41,6298,0.8305115605003323,3.925117117353544e-05,0.12759269729047798,0.04185649103801615,25,10,10
41,6299,0.7367538278679878,4.1999669318102e-05,0.22187259649646265,0.04133157596623204,25,10,10
41,6300,0.8789622108699959,3.8994554190966426e-05,0.08021327880241834,0.040785515773394995,25,10,10
41,6301,0.8762740927043828,1.4553807667386472e-06,0.08145122475792238,0.04227322715692769,25,10,10
41,6302,0.879387172677522,1.8237837278856675e-05,0.10540702965338346,0.01518755983181562,25,10,10
41,6303,0.8419024226686898,0.0003936280128761322,0.11537589009549919,0.04232805922293456,25,10,10
41,6304,0.7881549006723515,2.8351269138713906e-05,0.16668230806371764,0.045134439994792615,25,10,10
41,6305,0.8914404846231834,1.718959732453556e-05,0.06912572073467904,0.03941660504481252,25,10,10
41,6306,0.8055085698199059,7.433652912525181e-05,0.16717450407400783,0.027242589576961174,25,10,10
41,6307,0.8471391514277076,6.690404486877281e-05,0.12544553300539554,0.027348411522028493,25,10,10
41,6308,0.8743217313550937,0.00022027913698366872,0.09079028720120305,0.03466770230672003,25,10,10
41,6309,0.8522569783447891,6.872911743858464e-05,0.10637785731594503,0.041296435221827216,25,10,10
41,6310,0.8349640877134474,6.969454830538292e-05,0.12469923866440068,0.040266979073846916,25,10,10
41,6311,0.8622737251262805,8.836715597012752e-06,0.09751254010781606,0.04020489805030619,25,10,10
41,6312,0.8580936855661213,1.6971412103981241e-06,0.10161635475342466,0.040288262539242996,25,10,10
41,6313,0.8522373121540984,3.4025327210740587e-06,0.10212488867339514,0.04563439663978523,25,10,10
41,6314,0.8207323913447254,6.637434235291222e-07,0.13939884171312172,0.039868103198728896,25,10,10
41,6315,0.9051548264049871,9.31172182334081e-07,0.0549331527326936,0.03991108969013659,25,10,10
41,6316,0.8276859920589971,2.0046713081834595e-05,0.13141048474690517,0.04088347648101594,25,10,10
41,6317,0.8623872462009452,8.225940560097746e-06,0.12464475750524498,0.012959770353249108,25,10,10
41,6318,0.8332498280737982,6.0516715048035696e-05,0.12673525796456778,0.03995439724658564,25,10,10
41,6319,0.8695986280196917,8.304004308465124e-07,0.0904291678455444,0.03997137373433355,25,10,10
41,6320,0.9201202750983762,3.0171727561460535e-07,0.03994352588989062,0.039935897294457165,25,10,10
41,6321,0.7501873086001969,0.006578617672898453,0.20268138041639377,0.040552693310509536,25,10,10
41,6322,0.8234697283659099,0.006566979135788977,0.12950188938532248,0.040461403112978196,25,10,10
41,6323,0.8572034227401761,8.363248612163973e-06,0.10266643316011946,0.0401217808510922,25,10,10
41,6324,0.8661527027711493,5.997883837105775e-06,0.09400549954960573,0.03983579979540801,25,10,10
41,6325,0.8472558861592876,0.0001911669860301192,0.11597907794040813,0.03657386891427421,25,10,10
41,6326,0.8865784058127132,0.00018604556964873928,0.08549968538485336,0.027735863232785034,25,10,10
41,6327,0.8763806459874033,2.778932040182969e-07,0.0933887583983095,0.030230317721083005,25,10,10
41,6328,0.8855574498583895,7.711759922833068e-07,0.08682227333092653,0.027619505634691194,25,10,10
41,6329,0.8010815028710835,4.436200461470004e-06,0.17024300794451785,0.02867105298393745,25,10,10
41,6330,0.8855753902365504,1.731707736580796e-05,0.07389124338056187,0.04051604930552226,25,10,10
41,6331,0.8548911134785445,1.662598846379113e-05,0.11747570255217747,0.027616557980813902,25,10,10
41,6332,0.8159824269387577,1.5789467704550188e-06,0.1440054077221511,0.04001058639231988,25,10,10
41,6333,0.7598571397236671,0.0006989525349969562,0.17564931569141368,0.06379459204992116,25,10,10
41,6334,0.7242860368404714,0.0006436983300135822,0.210300394834722,0.0647698699947923,25,10,10
41,6335,0.8067374885744882,0.00027215981831084244,0.11749063902931628,0.07549971257788442,25,10,10
41,6336,0.7496843996166241,0.00025661580204207763,0.17615791131862518,0.07390107326270784,25,10,10
41,6337,0.7352977705115653,1.1740198435877845e-06,0.21127205995349801,0.05342899551509292,25,10,10
41,6338,0.8765988569854275,1.4765020563056925e-06,0.08382171920296477,0.03957794730955139,25,10,10
41,6339,0.9220676898631085,3.502992184586631e-05,0.03804517177233744,0.03985210844270787,25,10,10
41,6340,0.905390932013684,1.767015373803636e-05,0.054887611033112405,0.039703786799465554,25,10,10
41,6341,0.8777308265896842,4.978666519234309e-05,0.08258309566782054,0.03963629107730309,25,10,10
41,6342,0.8758410176505155,3.60908265325754e-05,0.0828170706611892,0.04130582086176255,25,10,10
41,6343,0.8125604650017755,3.370078070821636e-05,0.14649774104111413,0.04090809317640205,25,10,10
41,6344,0.8230347137258562,3.295997944874369e-05,0.17410782587625828,0.0028245004184352766,25,10,10
41,6345,0.84613903462132,3.743684130004481e-05,0.14985701879442614,0.003966509742953066,25,10,10
41,6346,0.8507779304272118,5.2833317442950446e-05,0.1467662206379009,0.002403015617445226,25,10,10
41,6347,0.857708245241961,3.580765287702823e-05,0.14202815502511507,0.00022779208004735182,25,10,10
41,6348,0.8578968148152266,3.182143402827762e-06,0.14204880823439212,5.119480697859466e-05,25,10,10
41,6349,0.893128156500278,1.894001662054808e-06,0.10676699307200233,0.00010295642605779832,25,10,10
41,6350,0.9325118780606196,3.5878946108669086e-07,0.06748436363261001,3.399517308888956e-06,25,10,10
41,6351,0.875684648882892,0.0020140154018466667,0.12111516205419019,0.0011861736610714831,25,10,10
41,6352,0.887612888539426,0.0003467266174586448,0.11197366274069738,6.672210241809076e-05,25,10,10
41,6353,0.8449358317486181,0.0013480355092221805,0.1529110204298579,0.0008051123123016087,25,10,10
41,6354,0.8147928334676174,9.66027366570091e-05,0.18439877402506316,0.0007117897706615454,25,10,10
41,6355,0.8679097911355579,6.911649325267606e-05,0.1314587830104987,0.0005623093606904429,25,10,10
41,6356,0.8862580441573458,1.4638605658039432e-06,0.11332677376517894,0.0004137182169094839,25,10,10
41,6357,0.8834932078698425,0.0022240150310106005,0.1141629315283723,0.00011984557077527337,25,10,10
41,6358,0.8590499023848684,3.6418771445884274e-05,0.14000042498671422,0.0009132538569716685,25,10,10
41,6359,0.7952248346027969,3.8789786413448485e-05,0.17903228421833503,0.02570409139245405,25,10,10
41,6360,0.8657866129751156,3.712348553997704e-06,0.10569019051820311,0.028519484158127186,25,10,10
41,6361,0.9194389507698416,1.137301923875827e-06,0.07043498206154167,0.010124929866692715,25,10,10
41,6362,0.9155559468074391,1.3339057899977876e-06,0.08059917299157383,0.0038435462951973334,25,10,10
41,6363,0.9486797420912222,4.9003173580663235e-06,0.05117251418074511,0.00014284341067436222,25,10,10
41,6364,0.8707568850518768,4.6469823838398845e-05,0.1288484255989304,0.0003482195253548898,25,10,10
41,6365,0.8728636261880364,4.59820722806658e-05,0.12476787673462868,0.0023225150050541214,25,10,10
41,6366,0.8046489029456763,1.606139180469428e-06,0.19414182297953722,0.0012076679356061255,25,10,10
41,6367,0.8915550450048539,7.830161936913722e-06,0.10674756688637123,0.0016895579468381118,25,10,10
41,6368,0.8683503323034921,8.459738381639071e-07,0.09157327213781334,0.040075549584856436,25,10,10
41,6369,0.869292623688501,2.1107316218279764e-05,0.0905745147937418,0.04011175420153854,25,10,10
41,6370,0.8640664100323184,3.6471580549263317e-07,0.09565871967920352,0.040274505572673196,25,10,10
41,6371,0.9010101137701041,3.589613647777814e-07,0.05925274085391186,0.039736786414619,25,10,10
41,6372,0.8291883474476629,2.057244204202812e-07,0.13113247310944884,0.039678973718468,25,10,10
41,6373,0.8195070221309336,1.925828536143994e-06,0.1264474366473018,0.05404361539322857,25,10,10
41,6374,0.8527615518571726,2.252956428202108e-06,0.09319207432450204,0.054044120861897055,25,10,10
41,6375,0.8079602074088751,3.4170875438338066e-06,0.1378899793252795,0.054146396178301484,25,10,10
41,6376,0.7787662991247295,8.71760943619247e-06,0.17514247799447996,0.04608250527135452,25,10,10
41,6377,0.8234019745203454,8.397698048317862e-06,0.13687186846550067,0.039717759316105876,25,10,10
41,6378,0.8663576398862147,4.204238225129916e-06,0.09407214750104796,0.0395660083745125,25,10,10
41,6379,0.790065749302683,0.0015110333341936827,0.16869905930215365,0.0397241580609688,25,10,10
41,6380,0.8822626646670031,1.9308402656015366e-06,0.0779278880461583,0.03980751644657321,25,10,10
41,6381,0.8769918430271396,1.8287455976020332e-06,0.05481571201936785,0.06819061620789511,25,10,10
41,6382,0.8036587178414903,2.9965851355385605e-05,0.14157382597326326,0.05473749033389111,25,10,10
41,6383,0.8386509500941852,1.1562927421709192e-06,0.09533110485068468,0.0660167887623881,25,10,10
41,6384,0.8725231020709262,3.903730568262404e-07,0.0469904623914397,0.08048604516457747,25,10,10
41,6385,0.863700969192924,1.96180553212286e-05,0.07171941191967113,0.06456000083208357,25,10,10
41,6386,0.8844075885965593,3.2061365561008322e-06,0.050574950309006675,0.06501425495787794,25,10,10
41,6387,0.84294289536588,3.534535006108525e-06,0.09199106118786127,0.06506250891125288,25,10,10
41,6388,0.8459913492841232,9.744079023828424e-06,0.09080409103048147,0.06319481560637154,25,10,10
41,6389,0.8355931469220396,1.2770481382306798e-07,0.09674699337921233,0.06765973199393455,25,10,10
41,6390,0.8172786397032911,1.9158274642321044e-07,0.10777815563388611,0.07494301308007471,25,10,10
41,6391,0.773925827867854,7.806460188757956e-07,0.15109445977416858,0.07497893171195788,25,10,10
41,6392,0.7623588229374295,9.047808624177829e-06,0.1580123807063445,0.0796197485476017,25,10,10
41,6393,0.8543607418522347,2.020154643138793e-06,0.10580826211473818,0.0398289758783841,25,10,10
41,6394,0.8613914725874291,1.0765972176610581e-06,0.09886104035733707,0.03974641045801574,25,10,10
41,6395,0.8757455495837592,1.2989444402455453e-06,0.08389221285921215,0.040360938612588736,25,10,10
41,6396,0.8920028147817751,2.0575724078458398e-05,0.06629662082512046,0.04167998866902559,25,10,10
41,6397,0.943610752028203,4.163585015025976e-06,0.05634022635529448,4.4858031487305035e-05,25,10,10
41,6398,0.9287491679901564,8.478839295594974e-06,0.0712053501750115,3.700299553631892e-05,25,10,10
41,6399,0.8409788986952598,4.932242550247545e-06,0.15857400313979814,0.00044216592239205434,25,10,10
41,6400,0.8582869819750769,8.116394132808298e-06,0.1351052757272751,0.006599625903515748,25,10,10
41,6401,0.9072038386712065,4.5754985015570995e-06,0.09067524704649334,0.0021163387837984664,25,10,10
41,6402,0.9414288644589268,1.609600363553719e-05,0.05850636484660557,4.867469083178406e-05,25,10,10
41,6403,0.8792027241656776,0.0011527914132511729,0.11962873062128625,1.57537997849136e-05,25,10,10
41,6404,0.9175720519143504,0.0011505976673916935,0.0807867805256811,0.0004905698925765738,25,10,10
41,6405,0.942541426552792,0.001148595752419548,0.056171768792897724,0.0001382089018905743,25,10,10
41,6406,0.9040782770340366,0.0011566552976463506,0.090261964472169,0.004503103196148228,25,10,10
41,6407,0.9278091570562331,2.012620135724665e-06,0.07204005898126158,0.00014877134237016912,25,10,10
41,6408,0.8964559486649647,0.0003483847881985578,0.1031717175899462,2.394895689031477e-05,25,10,10
41,6409,0.8815732798641048,1.0401252535913706e-05,0.11094618353940332,0.00747013534395583,25,10,10
41,6410,0.9186622793690927,8.691365899659701e-06,0.08117553874084425,0.00015349052416313954,25,10,10
41,6411,0.9773035089443871,1.6197243721249363e-07,0.02266421351982654,3.211556334894818e-05,25,10,10
41,6412,0.9027411715949968,3.195879256335255e-05,0.09395643348097017,0.003270436131469569,25,10,10
41,6413,0.9610020808706183,2.4073972614528753e-05,0.03896379790909788,1.0047247669253731e-05,25,10,10
41,6414,0.9184987602726706,2.3521850398702287e-06,0.08101902557878374,0.00047986196350569216,25,10,10
41,6415,0.8308451246302622,1.456511574977808e-05,0.16912883185982241,1.147839416440926e-05,25,10,10
41,6416,0.9191870865442543,2.1152142034091182e-06,0.08078170870780879,2.90895337332003e-05,25,10,10
41,6417,0.8461691881386971,0.0003976283072466357,0.1499929844060232,0.0034401991480333565,25,10,10
41,6418,0.8380920745346756,1.519606343871121e-06,0.15794896248029566,0.003957443378685385,25,10,10
41,6419,0.8573992160219102,2.3954289737574752e-06,0.1407457808502803,0.0018526076988358675,25,10,10
41,6420,0.8857125818477892,1.0226899819095804e-07,0.11243640006908909,0.001850915814123757,25,10,10
41,6421,0.9239774243345837,1.4638137887141422e-05,0.07253290091622676,0.00347503661130225,25,10,10
41,6422,0.906779111373591,0.0001889364184100875,0.09127870892876841,0.0017532432792313562,25,10,10
41,6423,0.9480140258825515,7.343375110567442e-07,0.0519253278811743,5.991189876328312e-05,25,10,10
41,6424,0.816940015303325,4.10155529073547e-05,0.1812640826329145,0.0017548865108533611,25,10,10
41,6425,0.8372884763711316,9.443288402788156e-07,0.16243875272655323,0.00027182657347401553,25,10,10
41,6426,0.9233529064707996,1.7633145326345474e-06,0.07655198327070258,9.334694396521543e-05,25,10,10
41,6427,0.8188005107001927,2.3999856401627126e-05,0.18075237926595253,0.00042311017745314536,25,10,10
41,6428,0.8559751902492174,1.9179650859928406e-05,0.14389384197298294,0.00011178812694017775,25,10,10
41,6429,0.851564877525377,1.7851168469825366e-05,0.1414622187892582,0.006955052516895083,25,10,10
41,6430,0.8897963280291656,2.0306554866774375e-05,0.10305853820003608,0.007124827215931523,25,10,10
41,6431,0.876095365541465,3.2001533770790026e-05,0.11362217205940701,0.010250460865357313,25,10,10
41,6432,0.8398238224909516,4.623114864306723e-05,0.12804812369954,0.032081822660865005,25,10,10
41,6433,0.7673468592519541,1.3047345823999983e-05,0.18906273781826977,0.04357735558395222,25,10,10
41,6434,0.7964601015917779,1.4384911449148804e-05,0.13675688463623464,0.06676862886053665,25,10,10
41,6435,0.824766642534617,9.688350029137342e-06,0.10102431337390438,0.07419935574144923,25,10,10
41,6436,0.8976256174913277,1.192876807800797e-06,0.02279955759357708,0.07957363203828698,25,10,10
41,6437,0.7986484713320162,4.421161275540472e-06,0.12145954406234366,0.07988756344436428,25,10,10
41,6438,0.8222529437106957,1.1394710731095928e-05,0.1345280406607047,0.04320762091786881,25,10,10
41,6439,0.8463604732075987,2.5439741371164195e-05,0.14809192862940143,0.005522158421627876,25,10,10
41,6440,0.8580988488662936,0.000299181191300117,0.13926105283673906,0.002340917105667243,25,10,10
41,6441,0.841708130408326,2.2689657250315938e-06,0.15827850565431806,1.1094971630862594e-05,25,10,10
41,6442,0.8889406998053703,1.4697088317278202e-05,0.11086011161526026,0.00018449149105206523,25,10,10
41,6443,0.8984654216041948,1.8780620236080306e-06,0.09037947738492326,0.011153222948858389,25,10,10
41,6444,0.9104463302513214,1.569780032266727e-05,0.07828395298734324,0.011254018961013114,25,10,10
41,6445,0.8292498088770547,8.51010760494786e-06,0.1705700963795448,0.00017158463579617665,25,10,10
41,6446,0.8722599469296987,2.1004162662669646e-06,0.12758672265173832,0.00015123000229677922,25,10,10
41,6447,0.845514592873269,1.2196976661867536e-05,0.1544383379313831,3.487221868648724e-05,25,10,10
41,6448,0.8377497905881277,3.8090134017980783e-06,0.15957361092023126,0.0026727894782391454,25,10,10
41,6449,0.8713562614935587,8.771762138515912e-06,0.12830529334645452,0.0003296733978489202,25,10,10
41,6450,0.884090705242028,6.913443765353035e-06,0.11277519595382605,0.0031271853603809545,25,10,10
41,6451,0.9410076753553416,7.736823526512337e-06,0.05876901274994559,0.00021557507118662736,25,10,10
41,6452,0.9042675385358291,0.0006457671871880457,0.09503200878665875,5.4685490324216805e-05,25,10,10
41,6453,0.8684260136436117,9.800825590808074e-05,0.13004990960379567,0.0014260684966843629,25,10,10
41,6454,0.8840355296500775,2.2017101852940764e-05,0.11450443405502182,0.0014380191930476235,25,10,10
41,6455,0.8884734029260365,3.466115415177452e-05,0.11034804985460647,0.001143886065206097,25,10,10
41,6456,0.9008886713874951,0.0006080189602517643,0.09809642711627609,0.0004068825359771955,25,10,10
41,6457,0.8716354995586637,4.444844259421412e-05,0.11785876508549695,0.010461286913245178,25,10,10
41,6458,0.8801466887192093,3.6273687070234496e-06,0.11961114622056761,0.00023853769151671922,25,10,10
41,6459,0.9049852358233613,7.530162578520536e-06,0.09474053856220835,0.0002666954518528624,25,10,10
41,6460,0.8488782993923648,6.740791675896026e-06,0.14929113836506705,0.0018238214508922586,25,10,10
41,6461,0.851509094901576,1.3294249363983366e-05,0.1482687627752375,0.00020884807382349734,25,10,10
41,6462,0.7554165139080041,1.4327428875617044e-05,0.2437832336351599,0.0007859250279602411,25,10,10
41,6463,0.8919617335601302,1.3206081206390986e-05,0.10776517375959292,0.00025988659907149074,25,10,10
41,6464,0.8336429761972383,1.3091379669612102e-05,0.1600823738905843,0.006261558532507155,25,10,10
41,6465,0.8701780139422106,1.5782805496507255e-06,0.1295952879632373,0.0002251198140026129,25,10,10
41,6466,0.8732033999231017,0.0003383524954247085,0.12620226835690485,0.0002559792245684587,25,10,10
41,6467,0.8286686937788528,0.0003207785306624616,0.16624988419498185,0.004760643495503399,25,10,10
41,6468,0.8543691997015047,0.003478230418930712,0.14178348736386723,0.0003690825156976715,25,10,10
41,6469,0.8828109476329952,3.269136171508385e-05,0.11710421762696631,5.2143378323376904e-05,25,10,10
41,6470,0.905014571715523,4.036928492666427e-05,0.09490016691010104,4.489208944922655e-05,25,10,10
41,6471,0.91612070716909,4.456208594142817e-05,0.08379565866659436,3.9072078374157324e-05,25,10,10
41,6472,0.8547863843748581,0.0008457496888745633,0.13169488393777118,0.01267298199849645,25,10,10
41,6473,0.830979344563886,0.0008404194008664066,0.15553673880157728,0.012643497233669612,25,10,10
41,6474,0.9089371283774906,5.596966145299447e-06,0.09101369502657439,4.357962978948694e-05,25,10,10
41,6475,0.8945753479368556,6.119050732759334e-07,0.10515284486486971,0.0002711952932008911,25,10,10
41,6476,0.8411547100924891,2.8490822854450264e-06,0.1588148839617884,2.755686343639122e-05,25,10,10
41,6477,0.9103370259875624,1.108217214540376e-05,0.08963701128623766,1.4880554053651343e-05,25,10,10
41,6478,0.8414086081784129,0.0007360379987994309,0.1575859096087728,0.0002694442140136225,25,10,10
41,6479,0.8813964294565624,8.145310082569865e-06,0.08015308252225499,0.03844234271110064,25,10,10
41,6480,0.8990643254714727,5.343512053049746e-05,0.07838039657895511,0.02250184282904246,25,10,10
41,6481,0.891819440556914,0.00011850997731725611,0.06820566081660584,0.03985638864916309,25,10,10
41,6482,0.7743547493638349,0.00031443440937974505,0.18396677725584282,0.041364038970943345,25,10,10
41,6483,0.8518504262992963,1.8057996867642924e-05,0.10852166198305106,0.03960985372078598,25,10,10
41,6484,0.8758413643946202,7.698773196974915e-05,0.09937729104376251,0.024704356829648742,25,10,10
41,6485,0.8735905016812806,3.1710507530625924e-05,0.08688931032502158,0.03948847748616742,25,10,10
41,6486,0.8475900026086342,5.802719022762316e-05,0.14419610291580412,0.008155867285334368,25,10,10
41,6487,0.8684241936487144,6.422386383885108e-05,0.13109530957445123,0.00041627291299667043,25,10,10
41,6488,0.8997225351997123,2.352464041690692e-05,0.0998158623305245,0.00043807782934582616,25,10,10
41,6489,0.9342608504754993,5.398625600315128e-06,0.06572144421507732,1.2306683822638177e-05,25,10,10
41,6490,0.909946428651089,1.565195478608384e-06,0.08740471175018567,0.0026472944032466077,25,10,10
41,6491,0.9484798995740014,7.777808341595806e-07,0.04975362976579793,0.0017656928793668048,25,10,10
41,6492,0.8576951213922531,5.259877211588573e-05,0.14047003125431812,0.0017822485813124465,25,10,10
41,6493,0.8494675308626423,1.041173672609955e-06,0.1420329637529617,0.00849846421072369,25,10,10
41,6494,0.8447611463500507,7.992375997636154e-07,0.1470761912241717,0.008161863188177403,25,10,10
41,6495,0.831854504438608,2.1176669163874383e-06,0.16772247004848215,0.00042090784599335923,25,10,10
41,6496,0.8524307573996469,1.732439668814119e-05,0.14085109483375716,0.006700823369907418,25,10,10
41,6497,0.9031724603169694,1.2624886624723651e-05,0.09256721626635706,0.004247698530049044,25,10,10
41,6498,0.8886067981952859,1.2799645162155449e-05,0.10555725745480414,0.005823144704748239,25,10,10
41,6499,0.8824639835449541,1.170695762123561e-05,0.11392215917806904,0.0036021503193551883,25,10,10
41,6500,0.8823455719433442,0.00032671670451306297,0.10866530190906962,0.008662409443073983,25,10,10
41,6501,0.8745206079491677,0.0003170711002441393,0.12489325166175105,0.00026906928883676075,25,10,10
41,6502,0.8261060849345843,0.009535351899553879,0.1632176193357497,0.0011409438301116929,25,10,10
41,6503,0.8005034938698127,0.001870609448690726,0.1967330944148074,0.000892802266690457,25,10,10
41,6504,0.889892574614717,3.379813567662667e-06,0.1033977884066979,0.006706257165016406,25,10,10
41,6505,0.9388957469007942,1.2068016839457317e-06,0.0509851754595439,0.01011787083797759,25,10,10
41,6506,0.9685183766876257,3.6558920448262734e-06,0.030484355100362258,0.0009936123199679463,25,10,10
41,6507,0.87396106748701,4.572780352730022e-07,0.1144910379516899,0.01154743728326638,25,10,10
41,6508,0.8703783751420251,0.00041792218199334616,0.12908100098181166,0.0001227016941703078,25,10,10
41,6509,0.8328976702965334,0.00042321330194823424,0.1664943217069237,0.00018479469459417033,25,10,10
41,6510,0.8492331256937676,3.634844540820657e-06,0.1506973357740506,6.590368764055712e-05,25,10,10
41,6511,0.8234073400389447,2.2968947032514794e-06,0.13690234968234696,0.03968801338400522,25,10,10
41,6512,0.816079917685944,0.014021366148629321,0.13011644122182864,0.03978227494359981,25,10,10
41,6513,0.7800546799211561,0.00911083373473403,0.17084363875619846,0.039990847587912375,25,10,10
41,6514,0.8124888028525272,0.0091096123311521,0.13855572664285729,0.03984585817346368,25,10,10
41,6515,0.9433190906752046,1.4523499028118834e-07,0.017038852125745123,0.039641911964060285,25,10,10
41,6516,0.8644290555342796,2.6628324144910494e-05,0.09431750424275995,0.0412268118988157,25,10,10
41,6517,0.8232754596107027,6.417562010728366e-06,0.13663563443164628,0.0400824883956399,25,10,10
41,6518,0.83968930857099,7.812133195728719e-06,0.11650487206116514,0.043798007234649224,25,10,10
41,6519,0.8179944860946026,0.00018298668850058407,0.14102592826670524,0.04079659895019195,25,10,10
41,6520,0.820608831631429,0.0006690525826234405,0.1304328149696978,0.04828930081624917,25,10,10
41,6521,0.8415948991720552,0.00018107333788443955,0.11859657465405908,0.03962745283599983,25,10,10
41,6522,0.8499130819649642,6.762829323952841e-07,0.14999827209765706,8.796965444631703e-05,25,10,10
41,6523,0.9086605866491233,1.1927925570145868e-07,0.09131969604221878,1.959802940249318e-05,25,10,10
41,6524,0.9030661089029516,1.5484022399068978e-05,0.09675712241519772,0.00016128465945191062,25,10,10
41,6525,0.8042236176677203,0.00043116821085068257,0.19480515954959046,0.0005400545718382806,25,10,10
41,6526,0.8259569582335311,9.069161497058019e-05,0.17355832929617565,0.0003940208553223762,25,10,10
41,6527,0.8247860529407396,9.37271500854977e-05,0.1747192105668107,0.0004010093423646833,25,10,10
41,6528,0.878047830121846,1.4637728015027066e-05,0.1086863744845505,0.013251157665587869,25,10,10
41,6529,0.9399927368348703,1.4138370027081157e-05,0.05992346855870058,6.965623640162135e-05,25,10,10
41,6530,0.9214592827306118,7.3072973292489e-06,0.07836864195410606,0.00016476801795229412,25,10,10
41,6531,0.8244762542450301,1.6064672886975296e-06,0.17519936735175226,0.0003227719359282636,25,10,10
41,6532,0.9483896944055757,6.740112008126223e-08,0.05160692283958647,3.3153537180611457e-06,25,10,10
41,6533,0.9809647070316408,1.2661862039251704e-05,0.019017951109033638,4.679997286222696e-06,25,10,10
41,6534,0.9431528360685435,4.881991685991814e-06,0.055465795498422434,0.0013764864413482486,25,10,10
41,6535,0.9036331347623954,2.1217635994649557e-05,0.09625269009083447,9.295751077455234e-05,25,10,10
41,6536,0.892696835469722,2.756230608754217e-05,0.10717261244363828,0.00010298978055287991,25,10,10
41,6537,0.9400392872628786,1.1963336852226968e-05,0.059388752576767415,0.0005599968235020625,25,10,10
41,6538,0.9076213791235584,1.7035881588385704e-06,0.09192011765963182,0.00045679962865074363,25,10,10
41,6539,0.9196704069903922,2.4972284606243054e-05,0.0798557477229576,0.0004488730020442439,25,10,10
41,6540,0.877077006858572,2.5217953670831713e-05,0.12263653615352917,0.0002612390342274099,25,10,10
41,6541,0.9401434952850879,2.7697275942571245e-05,0.05801954677946864,0.0018092606595008728,25,10,10
41,6542,0.827062587938856,2.1464806491039136e-05,0.1727697886040499,0.00014615865060109084,25,10,10
41,6543,0.8722911641266493,7.986099417598856e-06,0.12763071361050732,7.01361634252008e-05,25,10,10
41,6544,0.8972455579094729,1.646285100500718e-05,0.0787783319284391,0.023959647311082688,25,10,10
41,6545,0.9154253766294331,1.6382514641125563e-05,0.06072979484470719,0.023828446011218852,25,10,10
41,6546,0.9151364007779135,1.6712518898668485e-05,0.06006271563519926,0.024784171067989004,25,10,10
41,6547,0.9069197834517655,1.2382776312454388e-05,0.06914151868009524,0.023926315091826376,25,10,10
41,6548,0.8616200683798618,1.3061559027436154e-05,0.11140643728787727,0.02696043277323223,25,10,10
41,6549,0.8919287037302399,3.661388623509292e-06,0.0770193088190201,0.031048326062116667,25,10,10
41,6550,0.8949321254689007,2.1165168323888043e-06,0.0642407801859774,0.040824977828289366,25,10,10
41,6551,0.8575055646691248,1.6293867746934886e-05,0.10249535965178293,0.03998278181134557,25,10,10
41,6552,0.8502982275170443,1.5576699239456038e-07,0.10949225185799058,0.040209364857972725,25,10,10
41,6553,0.8808043684135527,7.554547544023806e-06,0.06974354063801008,0.0494445364008934,25,10,10
41,6554,0.8128059241265214,4.1905987122286205e-07,0.13678764273018587,0.05040601408342304,25,10,10
41,6555,0.8377787909753941,7.779759158415494e-06,0.12265140851951672,0.03956202074593171,25,10,10
41,6556,0.8977109257070225,1.339613675389569e-06,0.06260451722128567,0.039683217458016756,25,10,10
41,6557,0.8244759524554465,1.3881598962736273e-05,0.12593908361051104,0.04957108233508057,25,10,10
41,6558,0.8223349348533052,3.7458269780195085e-06,0.13430516247037397,0.04335615684934233,25,10,10
41,6559,0.8332500700559251,2.7863844541939776e-06,0.15034911088976896,0.016398032669852368,25,10,10
41,6560,0.886123664435745,7.197624939592357e-06,0.11006554014632915,0.003803597792985879,25,10,10
41,6561,0.8964345553916927,5.737836153135859e-06,0.10283235060664393,0.0007273561655106766,25,10,10
41,6562,0.8658692078421367,5.619491394310791e-06,0.13289993439753744,0.001225238268932244,25,10,10
41,6563,0.91826910975682,8.811460824298698e-07,0.08172835423312311,1.654863976040032e-06,25,10,10
41,6564,0.869383530227233,1.0866669541111414e-06,0.1304878807536566,0.00012750235215748456,25,10,10
41,6565,0.9283858560804741,1.1359908509679232e-06,0.07017752176697892,0.0014354861616965376,25,10,10
41,6566,0.900391296609559,9.243277462354185e-07,0.09798377298370378,0.0016240060789913604,25,10,10
41,6567,0.9027102263309251,3.1022060116725052e-06,0.0713567860750886,0.025929885387975173,25,10,10
41,6568,0.8759965341343652,4.29357699301416e-05,0.0980795024802097,0.025881027615494913,25,10,10
41,6569,0.9138115971522899,0.00014489777678768824,0.06098085508741539,0.025062649983506703,25,10,10
41,6570,0.9581243826426296,1.6197963326327797e-06,0.017584750035073232,0.024289247525964577,25,10,10
41,6571,0.890828341664896,1.8478368192196074e-06,0.07709475270537841,0.032075057792906515,25,10,10
41,6572,0.8315911053537093,1.646100481294967e-05,0.14411454922259476,0.02427788441888347,25,10,10
41,6573,0.8342493640170878,0.0006151106220874955,0.1377949752215364,0.0273405501392884,25,10,10
41,6574,0.8677919852963747,0.0006222347948013387,0.10728857028258716,0.02429720962623596,25,10,10
41,6575,0.8995990591436858,8.547878476219285e-06,0.10030912323538589,8.326974245220317e-05,25,10,10
41,6576,0.9154129256967423,4.0121299464947864e-07,0.08457260455622169,1.406853404144496e-05,25,10,10
41,6577,0.8956619098635276,9.362568143627172e-06,0.10423328826793284,9.543930039571902e-05,25,10,10
41,6578,0.8947176266392922,5.219235463404801e-06,0.1052280586280154,4.9095497229156005e-05,25,10,10
41,6579,0.899494646923955,2.4243912567053972e-05,0.1004231840385387,5.79251249387942e-05,25,10,10
41,6580,0.8703561268839154,2.573928066915504e-05,0.1294809043695687,0.00013722946584656632,25,10,10
41,6581,0.920806004332241,2.470363574199928e-06,0.07887591823047913,0.00031560707370545274,25,10,10
41,6582,0.8707023807143264,1.0012913661078906e-05,0.12917264313499616,0.00011496323701694839,25,10,10
41,6583,0.8505311006915751,8.407019205642562e-07,0.14936357698471306,0.00010448162179177476,25,10,10
41,6584,0.7766821686531771,0.0002824586483372704,0.19519348403965142,0.0278418886588339,25,10,10
41,6585,0.8074494766558468,1.8463562736835306e-05,0.16325876844324694,0.029273291338170138,25,10,10
41,6586,0.8914788314531878,1.7698918647047032e-05,0.06442789372251803,0.04407557590564701,25,10,10
41,6587,0.8864297389747441,0.00016935554705030525,0.07193713359960148,0.04146377187860464,25,10,10
41,6588,0.93320661195438,7.140866696915981e-07,0.027129707745691265,0.03966296621325867,25,10,10
41,6589,0.8414459607418103,2.1238568674120473e-06,0.11550671936192686,0.04304519603939477,25,10,10
41,6590,0.8449624684736095,1.366191929019296e-06,0.11037848250382246,0.04465768283063924,25,10,10
41,6591,0.8555078681609051,1.3320038048314687e-05,0.10313750637206837,0.04134130542897914,25,10,10
41,6592,0.873707477424038,2.426301829820847e-06,0.08332745883604974,0.042962637438083,25,10,10
41,6593,0.8591082087177755,3.5263843692851305e-06,0.10283482516998284,0.038053439727870855,25,10,10
41,6594,0.8369646724220349,5.3076384541093915e-06,0.124948156551918,0.038081863387592126,25,10,10
41,6595,0.8270796322192642,6.533242727240359e-07,0.13183347196252895,0.04108624249393337,25,10,10
41,6596,0.9341643701731153,9.564668839073012e-07,0.032839549065671714,0.03299512429432947,25,10,10
41,6597,0.9012413460007593,4.049324569508863e-05,0.09860665352737662,0.00011150722616840513,25,10,10
41,6598,0.8643486927867267,4.041014383488251e-05,0.13554385109455683,6.704597488128779e-05,25,10,10
41,6599,0.8711249460462609,6.926273872727654e-05,0.128733325730499,7.246548451310659e-05,25,10,10
41,6600,0.8390982394423918,0.00027275457541496925,0.1604781363597546,0.00015086962243899166,25,10,10
41,6601,0.8452956987616764,0.00031204182346813145,0.15424592227896752,0.0001463371358881682,25,10,10
41,6602,0.8928417461192278,5.876077266748988e-06,0.10706559846070839,8.677934279685437e-05,25,10,10
41,6603,0.9142433175671877,1.5175707913815529e-06,0.08540575357468448,0.0003494112873357904,25,10,10
41,6604,0.8599840013658558,4.079159219889084e-05,0.1395679738222712,0.00040723321967415057,25,10,10
41,6605,0.8359581202979284,1.5623909514634742e-07,0.16375224843623093,0.0002894750267457386,25,10,10
41,6606,0.8613361352579513,5.720664038417575e-07,0.13862333310183556,3.9959573809357195e-05,25,10,10
41,6607,0.897977425581768,2.5481418465048195e-05,0.10185739464289253,0.00013969835687401342,25,10,10
41,6608,0.8529816316929629,2.555933593799478e-05,0.14656093512301127,0.00043187384808743984,25,10,10
41,6609,0.9253131798842256,5.012825904144837e-05,0.07383126080423241,0.0008054310525003506,25,10,10
41,6610,0.9412222673228624,4.114522266318316e-05,0.058346563019375575,0.0003900244350988825,25,10,10
41,6611,0.9821170285266874,1.7011779017280632e-05,0.017591589967873876,0.00027436972642139667,25,10,10
41,6612,0.9363043732418022,1.809364374471919e-05,0.06340254989446412,0.0002749832199887289,25,10,10
41,6613,0.8999377182431851,2.2570700253911488e-06,0.0997600636877013,0.000299960999088473,25,10,10
41,6614,0.8596846451530321,2.938700878078871e-06,0.13969143583385718,0.0006209803122328001,25,10,10
41,6615,0.8582418959191105,1.5396023806275167e-06,0.14071954085379745,0.0010370236247115251,25,10,10
41,6616,0.8807699084897765,5.303363086220248e-07,0.11913366065549537,9.590051842013153e-05,25,10,10
41,6617,0.8739510709936095,7.53877167607341e-07,0.12600907109242626,3.91040367971085e-05,25,10,10
41,6618,0.887390348542042,2.3287115108010436e-06,0.11259721696222616,1.0105784221160992e-05,25,10,10
41,6619,0.8793112343639504,0.0002473205476175517,0.12034934982321069,9.209526522171197e-05,25,10,10
41,6620,0.8382022865848362,0.0004762037730437797,0.11914424600816334,0.04217726363395606,25,10,10
41,6621,0.7859030826344978,0.001628796705703772,0.17041511773505527,0.04205300292474295,25,10,10
41,6622,0.8467102109134979,7.7232932557811e-06,0.10816009228385111,0.04512197350939579,25,10,10
41,6623,0.8549536085189967,6.201569459180782e-06,0.09996127647398685,0.0450789134375575,25,10,10
41,6624,0.8854621900219491,1.4082053424133657e-05,0.07489838022978759,0.039625347694839684,25,10,10
41,6625,0.8981404582765508,1.3360949345556044e-05,0.06214178143686252,0.03970439933724088,25,10,10
41,6626,0.8124524281597312,3.0760207709788857e-07,0.14794940370573634,0.039597860532455544,25,10,10
41,6627,0.8332514116835206,9.828776248967153e-06,0.1271548747126255,0.03958388482760519,25,10,10
41,6628,0.8539135061723161,6.563106187995632e-07,0.10637909884273351,0.039706738674331096,25,10,10
41,6629,0.7681959066573318,1.9162742503863736e-05,0.21199947029308291,0.019785460307080976,25,10,10
41,6630,0.7887032795439021,2.9149638422331195e-06,0.19605289676346754,0.015240908728787783,25,10,10
41,6631,0.8581065123720673,1.0200009088349723e-05,0.09997968829851382,0.041903599320330394,25,10,10
41,6632,0.8752373680700762,8.964374043735929e-06,0.11970469754998626,0.0050489700058937055,25,10,10
41,6633,0.8504451712101965,2.1781639792428618e-05,0.12446038661410803,0.02507266053590313,25,10,10
41,6634,0.8571040435301528,1.9221846146223425e-05,0.11112108794419369,0.031755646679507275,25,10,10
41,6635,0.8870515253534869,1.6841219904548462e-05,0.11259925432728007,0.0003323790993286515,25,10,10
41,6636,0.9058720285976675,0.00971310715451817,0.08195370148658576,0.002461162761228075,25,10,10
41,6637,0.8021805079146366,0.010183864569693214,0.17552944510005486,0.012106182415616824,25,10,10
41,6638,0.8226005537189646,0.01019584830830561,0.1621967908542844,0.005006807118445306,25,10,10
41,6639,0.8019295314057857,0.010056986311263207,0.18679012962199856,0.001223352660953334,25,10,10
41,6640,0.8799940605383505,0.0001011383006911208,0.11988871744649966,1.6083714457985424e-05,25,10,10
41,6641,0.8885125978009745,3.5791460044265876e-05,0.10796984538290387,0.0034817653560771282,25,10,10
41,6642,0.9083886164750171,1.947152126990663e-05,0.08812110595652654,0.0034708060471859152,25,10,10
41,6643,0.8927257459935528,5.961662309348654e-06,0.10356545711160664,0.0037028352325318512,25,10,10
41,6644,0.8576575258556085,1.5920380178128517e-06,0.13885631687658412,0.0034845652297901624,25,10,10
41,6645,0.8712902746233179,2.379248291634222e-06,0.12847605720097263,0.00023128892741772705,25,10,10
41,6646,0.861815247480804,1.3007311274802986e-05,0.13741808446615678,0.0007536607417652171,25,10,10
41,6647,0.9263105942796479,9.244675350284337e-07,0.07339761462550964,0.00029086662730723164,25,10,10
41,6648,0.9398724354816658,5.171636877921416e-06,0.05982629936155275,0.00029609351990340666,25,10,10
41,6649,0.9537578363219384,6.251396854904714e-07,0.04550337163258348,0.0007381669057921241,25,10,10
41,6650,0.9158087533635471,7.539870317359965e-07,0.08307561505577127,0.0011148775936490932,25,10,10
41,6651,0.9377060620983179,1.212829188778466e-07,0.06124404093549146,0.0010497756832716929,25,10,10
41,6652,0.9004711644503267,2.1045548774935397e-06,0.0995168428533142,9.888141481114033e-06,25,10,10
41,6653,0.8696409500139084,2.3060479719439315e-06,0.13030770410902304,4.903982909668674e-05,25,10,10
41,6654,0.8143896942374649,1.9821379662001026e-06,0.14676708812499617,0.0388412354995725,25,10,10
41,6655,0.8041905095654012,5.9963407890654826e-06,0.1685027306081283,0.02730076348568198,25,10,10
41,6656,0.8643249026335758,3.4064120514665336e-05,0.09603649874258079,0.03960453450332792,25,10,10
41,6657,0.8461114044081026,1.8137313206110572e-05,0.1470087724664022,0.006861685812287993,25,10,10
41,6658,0.8379469242674911,1.312171190991838e-05,0.1551157683870539,0.0069241856335441,25,10,10
41,6659,0.8619127809776055,3.7670678646781786e-07,0.13807415417184435,1.268814376337558e-05,25,10,10
41,6660,0.8618180983590082,8.121566153190561e-06,0.1379777054552571,0.00019607461958075274,25,10,10
41,6661,0.8648464515942993,6.7936478062882415e-06,0.13494408752718104,0.0002026672307130984,25,10,10
41,6662,0.7869272512992606,1.7158098697351918e-05,0.1766195233248697,0.03643606727717392,25,10,10
41,6663,0.8048260562986784,5.142376422422796e-05,0.18824295757556508,0.006879562361531779,25,10,10
41,6664,0.8464573079434209,4.602539013362994e-05,0.14850331205708808,0.004993354609356588,25,10,10
41,6665,0.8017700220610133,5.061386389766671e-05,0.19328420859365497,0.004895155481434985,25,10,10
41,6666,0.8851939769286727,1.580855886634035e-05,0.11449375543646695,0.0002964590759933101,25,10,10
41,6667,0.8685538520588959,2.4699247866359275e-05,0.1305534717753448,0.0008679769178923965,25,10,10
41,6668,0.7631856073070219,2.7714997658782992e-05,0.2362602137649734,0.0005264639303457226,25,10,10
41,6669,0.6981788876784626,1.5090314939417596e-05,0.25697962614044173,0.04482639586615607,25,10,10
41,6670,0.7218582039878015,2.634205979119875e-05,0.23109814080745292,0.04701731314495449,25,10,10
41,6671,0.8458081657768582,2.5306535426347683e-05,0.1453513844149412,0.008815143272774046,25,10,10
41,6672,0.8652645631501088,1.4612099129398709e-05,0.13432598713337282,0.00039483761738977834,25,10,10
41,6673,0.8820248542708555,1.9060880078869e-05,0.11717056212283872,0.0007855227262265233,25,10,10
41,6674,0.90268947062498,8.961325943834793e-06,0.09541105070372385,0.001890517345352222,25,10,10
41,6675,0.9141745053390687,1.455947364954752e-07,0.08560972709237735,0.00021562197381705457,25,10,10
41,6676,0.885667715203605,3.660223493553477e-05,0.11266978956814355,0.0016258929933151587,25,10,10
41,6677,0.8861826360083976,4.0107569012467394e-05,0.11374371577469283,3.3540647896144165e-05,25,10,10
41,6678,0.923461514396687,4.1123253723021465e-06,0.07650924693859838,2.5126339342475225e-05,25,10,10
41,6679,0.9256241698694927,6.274107239870415e-06,0.07428405403598726,8.550198728018651e-05,25,10,10
41,6680,0.9017496961361199,6.965823779964298e-06,0.09794459537123962,0.0002987426688606449,25,10,10
41,6681,0.9187767708289222,3.88275846360048e-06,0.08112524107965431,9.410533296031204e-05,25,10,10
41,6682,0.912068086445806,1.3595697916397221e-06,0.08751112611691438,0.0004194278674884105,25,10,10
41,6683,0.881063352044843,1.0410857342742959e-05,0.11832671019080268,0.0005995269070123917,25,10,10
41,6684,0.8745028320095135,3.2498236975276865e-05,0.12539415899295278,7.051076055845945e-05,25,10,10
41,6685,0.8794703121177142,1.0321246135852678e-05,0.12046585587307426,5.351076307618211e-05,25,10,10
41,6686,0.874293782391889,3.4875091470427296e-05,0.12520870563443146,0.00046263688220863914,25,10,10
41,6687,0.8602660923933718,3.5491926306840087e-05,0.13619244946849746,0.00350596621182427,25,10,10
41,6688,0.8563615775046791,1.647036922411657e-05,0.14205853128768772,0.0015634208384104828,25,10,10
41,6689,0.8791334261032159,3.2973412434165716e-06,0.12084626499401593,1.7011561524790804e-05,25,10,10
41,6690,0.89175626576659,2.1317322780372862e-06,0.10822981364769642,1.178885343604602e-05,25,10,10
41,6691,0.9337707942210272,6.230737173438946e-07,0.06605256908293682,0.0001760136223183028,25,10,10
41,6692,0.9467021501790122,9.538717925171078e-06,0.05320326356314787,8.504753991452368e-05,25,10,10
41,6693,0.9171487394928372,0.0011694414637381796,0.08166073273792343,2.1086305500738176e-05,25,10,10
41,6694,0.9063266468714528,2.667823862857825e-06,0.09234325826034086,0.0013274270443434288,25,10,10
41,6695,0.8843607643971422,1.1765415951038993e-06,0.10414535253551438,0.011492706525748022,25,10,10
41,6696,0.8941191802820155,1.5525579078904655e-05,0.10481155545260051,0.001053738686305388,25,10,10
41,6697,0.869075126588748,1.517281128722909e-05,0.12033568793694537,0.010574012663019328,25,10,10
41,6698,0.8469534684085059,5.803780656617858e-05,0.15118905342747202,0.0017994403574565663,25,10,10
41,6699,0.8556783998002452,0.0002531818818759943,0.14300529131690723,0.001063127000971822,25,10,10
41,6700,0.8603884959316723,0.00024312741887268916,0.13873816273340922,0.0006302139160458106,25,10,10
41,6701,0.8659854085946033,0.000243733105059984,0.13349107360817197,0.00027978469216542756,25,10,10
41,6702,0.8920778630111141,3.867836832745791e-06,0.10787177306029984,4.649609175358788e-05,25,10,10
41,6703,0.9282606807132477,3.105071153491379e-06,0.07168975223259771,4.646198300051264e-05,25,10,10
41,6704,0.9048246554225539,2.731222979236398e-06,0.09506063448417208,0.00011197887029523379,25,10,10
41,6705,0.8942484043423646,1.5024169372747592e-05,0.10565125253531793,8.531895294561275e-05,25,10,10
41,6706,0.940912942172158,4.7247319512646307e-07,0.0590728873885367,1.3697966110120812e-05,25,10,10
41,6707,0.9672757010891512,7.78352335502822e-07,0.031024262799252533,0.0016992577592608471,25,10,10
41,6708,0.9010463809228453,1.6836775969228135e-06,0.09653365949706574,0.002418275902491813,25,10,10
41,6709,0.8843579785849677,8.848896639246877e-07,0.08770107415637365,0.027940062368995232,25,10,10
41,6710,0.8701417346141632,6.763209192896789e-06,0.09285285989767603,0.03699864227896774,25,10,10
41,6711,0.8501111876109837,7.855408718299943e-07,0.11297658295124018,0.03691144389690465,25,10,10
41,6712,0.773265431527532,1.0669033697329531e-05,0.15032713599652037,0.07639676344225048,25,10,10
41,6713,0.7652929456297208,1.793229644106223e-05,0.15389402713997483,0.08079509493386357,25,10,10
41,6714,0.7880010527317992,1.7979609776573704e-07,0.12754204914197179,0.08445671833013088,25,10,10
41,6715,0.8146767441320282,2.567769290828855e-06,0.1338004049959025,0.05152028310277828,25,10,10
41,6716,0.726082941354165,9.872575367516648e-07,0.24031422993859433,0.033601841449704406,25,10,10
41,6717,0.8605199140955208,9.705020949176644e-05,0.11030296283729273,0.029080072857694428,25,10,10
41,6718,0.9194277752049281,1.1583369980566739e-06,0.051341884167613275,0.02922918229046099,25,10,10
41,6719,0.9325484886373374,7.051871775609242e-06,0.06550202355723499,0.0019424359336519686,25,10,10
41,6720,0.9364010213730952,0.000494766928802661,0.05713427806122862,0.005969933636873399,25,10,10
41,6721,0.9364057482159508,0.0004947697207815715,0.06303494711267897,6.453495058825556e-05,25,10,10
41,6722,0.9248689310428141,1.9145586960465103e-05,0.07499127213333899,0.0001206512368868037,25,10,10
41,6723,0.85303057594229,3.228547365589592e-05,0.14687165685588263,6.54817281709651e-05,25,10,10
41,6724,0.8930638374063545,2.056584994078005e-07,0.10692215167637481,1.3805258769808142e-05,25,10,10
41,6725,0.8852128654583821,7.036260714494858e-08,0.11448699618296733,0.00030006799604304443,25,10,10
41,6726,0.8084624411092948,6.291613889043006e-05,0.1870777229249359,0.004396919826879625,25,10,10
41,6727,0.8117756682579866,1.5526142032650554e-05,0.18368336707628197,0.004525438523698988,25,10,10
41,6728,0.8828033390732911,8.258470547754455e-05,0.11264193641433856,0.00447213980689304,25,10,10
41,6729,0.863228166422711,7.820512991932481e-05,0.1322080876656945,0.004485540781675001,25,10,10
41,6730,0.7800729533393868,0.00013537471402410873,0.19707695299794054,0.022714718948648963,25,10,10
41,6731,0.8219378699162989,2.1074407999037484e-06,0.15568901693211595,0.022371005710785694,25,10,10
41,6732,0.8718445108250441,2.735531187609164e-06,0.10583088155898963,0.022321872084778743,25,10,10
41,6733,0.8066204425714133,0.008832272834246903,0.14484126054157195,0.03970602405276722,25,10,10
41,6734,0.8686201721508986,3.2783999961831696e-05,0.09166035554104818,0.039686688308090405,25,10,10
41,6735,0.8841910706220443,2.5187245188507553e-05,0.11554161345202893,0.0002421286807378818,25,10,10
41,6736,0.9607588686859743,6.112222542016026e-06,0.039088359416648254,0.00014665967483552374,25,10,10
41,6737,0.8773070046592503,5.6035850267899655e-06,0.12265903923786645,2.835251785615977e-05,25,10,10
41,6738,0.8486459808732083,6.919533103389354e-06,0.15115826252242456,0.0001888370712641985,25,10,10
41,6739,0.8790723319695894,1.5429126759619357e-06,0.12077434797830819,0.00015177713942620986,25,10,10
41,6740,0.9323027262057453,1.0251341773426736e-05,0.06753521060984231,0.00015181184263860124,25,10,10
41,6741,0.9115409276650887,1.8135291883690722e-06,0.08804915709528524,0.0004081017104377257,25,10,10
41,6742,0.8937871957717998,1.0291158886609731e-06,0.10586805104184735,0.00034372407046373587,25,10,10
41,6743,0.8864202157101171,8.59930970960759e-07,0.11304718217067387,0.0005317421882373135,25,10,10
41,6744,0.8781687070722889,1.0374572366671007e-05,0.12150992117074379,0.00031099718460044705,25,10,10
41,6745,0.9070880312984795,0.00024306106977430367,0.09257659925317795,9.230837856888235e-05,25,10,10
41,6746,0.9401162189967366,7.259890274570773e-06,0.059851091782040206,2.5429330947973555e-05,25,10,10
41,6747,0.8660226017529395,4.528032798773837e-06,0.13385060270615504,0.00012226750810669427,25,10,10
41,6748,0.8391163026128189,9.572803607053547e-06,0.15410933426492965,0.00676479031864356,25,10,10
41,6749,0.825181915726846,1.0253378204871822e-05,0.16345638714027438,0.011351443754674848,25,10,10
41,6750,0.8930595926415053,3.0176955366077083e-06,0.09940748517685594,0.007529904486102052,25,10,10
41,6751,0.8323452751628312,3.3759467897e-06,0.1665798208658896,0.0010715280244886318,25,10,10
41,6752,0.8791549682998105,6.646049460913134e-07,0.12079024855499247,5.411854025169009e-05,25,10,10
41,6753,0.8364238253395968,6.927875533843239e-07,0.16134885226953039,0.0022266296033188067,25,10,10
41,6754,0.9558332472837836,1.0186559710727765e-05,0.04189408700006315,0.0022624791564426817,25,10,10
41,6755,0.9055970365817655,7.894351268881773e-07,0.09410419954084266,0.00029797444226530506,25,10,10
41,6756,0.9157852286925645,2.2021939993492522e-06,0.08391672552310311,0.00029584359033247865,25,10,10
41,6757,0.9364013726197912,2.2349661631160665e-05,0.0635201371157137,5.614060286362273e-05,25,10,10
41,6758,0.9143742784830147,1.2272774664521451e-05,0.08531873602255109,0.00029471271976942487,25,10,10
41,6759,0.9384297843062045,7.861386086208557e-07,0.06132339450996313,0.0002460350452233801,25,10,10
41,6760,0.8790630879864814,1.3905612644616963e-05,0.09604967495135225,0.024873331449521002,25,10,10
41,6761,0.90176330797993,5.877263656436142e-06,0.07223056589073264,0.026000248865680822,25,10,10
41,6762,0.8316106677436618,0.000647580703931051,0.13905524865813268,0.028686502894273505,25,10,10
41,6763,0.7597476122538152,0.0006687737835520396,0.20762522474859985,0.031958389214032615,25,10,10
41,6764,0.8621196171407167,0.0006439776806411356,0.10642829241698883,0.03080811276165341,25,10,10
41,6765,0.9216474183495811,1.2811947047190898e-05,0.04208861623340863,0.036251153469963174,25,10,10
41,6766,0.8922915906978508,1.0517773212694272e-05,0.06762510800701141,0.04007278352192557,25,10,10
41,6767,0.85882568245527,5.109030053854096e-07,0.06534722522958622,0.07582658141213879,25,10,10
41,6768,0.8789388566699493,6.415682202885578e-07,0.04777134391934819,0.07328915784248222,25,10,10
41,6769,0.8010400927244625,1.460585932392405e-06,0.1216513219927216,0.07730712469688289,25,10,10
41,6770,0.8345693356447638,9.671257459923816e-06,0.11449786404304035,0.05092312905473529,25,10,10
41,6771,0.8089549364555809,2.007505618591044e-05,0.10503987850257067,0.08598510998566297,25,10,10
41,6772,0.8581053896399135,2.0138544341163937e-05,0.0748867756675425,0.06698769614820305,25,10,10
41,6773,0.8624146137978996,6.09344451695467e-05,0.07085622690128272,0.06666822485564845,25,10,10
41,6774,0.7991051026782127,6.23607584755111e-05,0.15587330366957208,0.04495923289373968,25,10,10
41,6775,0.8588904574510711,6.766395814668957e-07,0.12751841050574297,0.013590455403605784,25,10,10
41,6776,0.8732765980262925,1.0659294017772563e-06,0.059111543019797985,0.06761079302450737,25,10,10
41,6777,0.8425931614768547,2.3813071498221475e-06,0.04538952741201716,0.1120149298039777,25,10,10
41,6778,0.8552628421407555,2.0232706497597296e-06,0.10911999416183842,0.035615140426756085,25,10,10
41,6779,0.8867059935350916,1.7841965692339348e-06,0.08445658249840216,0.028835639769937093,25,10,10
41,6780,0.9386476073391057,1.9703693997281725e-06,0.06126252746530393,8.789482619079683e-05,25,10,10
41,6781,0.9317672112815002,5.085690246864145e-07,0.06816215121195313,7.012893752175414e-05,25,10,10
41,6782,0.9513469461405463,5.444866746028984e-07,0.048568213871981805,8.429550079726494e-05,25,10,10
41,6783,0.9558114590025292,2.6078371650480423e-07,0.04408603082023273,0.00010224939352174556,25,10,10
41,6784,0.8859243313302432,5.249915821206393e-06,0.11221209111240066,0.001858327641535143,25,10,10
41,6785,0.7755289974784817,7.538307398226711e-05,0.21758291856820244,0.00681270087933313,25,10,10
41,6786,0.8549962508797616,1.7171529478436467e-06,0.13805731675548924,0.006944715211802253,25,10,10
41,6787,0.7622168866978563,3.917130067346484e-06,0.23269464573588558,0.005084550436193137,25,10,10
41,6788,0.850965549859305,3.453548714047752e-06,0.1440629012944644,0.0049680952975164885,25,10,10
41,6789,0.8780102885979675,1.642211333922054e-05,0.11773308960224448,0.004240199686448245,25,10,10
41,6790,0.8260351560349364,1.6332285091174293e-05,0.16970756865269368,0.004240943027279667,25,10,10
41,6791,0.8807459891179674,8.962400736406646e-08,0.11923707633887995,1.6844919145532245e-05,25,10,10
41,6792,0.8713174306478791,2.310890029844845e-05,0.12855869619115187,0.0001007642606710904,25,10,10
41,6793,0.844783530554893,3.423290435669064e-05,0.15500512049438203,0.00017711604636815446,25,10,10
41,6794,0.7989946764898258,1.1701304512354343e-05,0.20089323216196286,0.00010039004369958214,25,10,10
41,6795,0.8756430843069205,1.6309664509319086e-07,0.12431094615048983,4.580644594502078e-05,25,10,10
41,6796,0.8069494859100493,3.33532643357229e-05,0.13760301426784594,0.05541414655776861,25,10,10
41,6797,0.8290246847351611,1.6221530534275954e-05,0.12947717115699356,0.04148192257731131,25,10,10
41,6798,0.8463556692053968,1.651488377225718e-05,0.1115281683986369,0.04209964751219489,25,10,10
41,6799,0.8685619060580446,3.39542535421085e-07,0.09183159492071766,0.03960615947870227,25,10,10
41,6800,0.8842418934534622,3.164107716664541e-07,0.0681002572587707,0.047657532876996284,25,10,10
41,6801,0.7984147043938367,1.861704373150862e-06,0.15434982277074172,0.047233611131047966,25,10,10
41,6802,0.8151918842103346,2.8562412495574525e-07,0.14494276993914026,0.03986506022639923,25,10,10
41,6803,0.8205978421283439,6.389445043756163e-07,0.13977534920341236,0.03962616972373882,25,10,10
41,6804,0.7957231206063788,1.5626757134265005e-06,0.1688536729111611,0.03542164380674683,25,10,10
41,6805,0.7872720007881423,7.954471173854463e-05,0.17616646617801313,0.036481988322105446,25,10,10
41,6806,0.8299008757595735,6.973097648313742e-05,0.1302844313732744,0.039744961890669186,25,10,10
41,6807,0.821652536427273,3.636196647126183e-05,0.13830458591963526,0.04000651568662159,25,10,10
41,6808,0.8234199129321818,1.2446680809837497e-05,0.13448575395546006,0.042081886431547526,25,10,10
41,6809,0.9045191496544177,6.226246096035345e-07,0.017926487894728407,0.07755373982624401,25,10,10
41,6810,0.8434254938719057,0.0009103691888203023,0.07602332912614657,0.07964080781312839,25,10,10
41,6811,0.8155978186029332,8.337632980932272e-06,0.10863691160328345,0.07575693216080154,25,10,10
41,6812,0.7784053149650819,7.866893796740074e-07,0.14585344606707554,0.07574045227846221,25,10,10
41,6813,0.8180289927506875,7.020018596568225e-07,0.10564297984378589,0.07632732540366731,25,10,10
41,6814,0.7267613024890369,1.2534773809836498e-05,0.20022912042049124,0.07299704231666254,25,10,10
41,6815,0.7858082592380475,3.6510623552245795e-05,0.1428414636670186,0.07131376647138192,25,10,10
41,6816,0.8375784168702404,3.6710820995624755e-05,0.097829990199929,0.06455488210883494,25,10,10
41,6817,0.7513255166339909,9.426562096549519e-05,0.16832096655778983,0.08025925118725523,25,10,10
41,6818,0.7637677012330489,2.508641165929478e-06,0.1719181903151261,0.06431159981065986,25,10,10
41,6819,0.8046874659970676,1.5882057011024666e-05,0.12365084208840062,0.07164580985752177,25,10,10
41,6820,0.7961688875680859,1.5286793511112774e-05,0.13213660180085296,0.07167922383755032,25,10,10
41,6821,0.8036580089611411,1.2842113025274336e-05,0.1169302403220572,0.07939890860377652,25,10,10
41,6822,0.8463963266930307,1.1358619922753183e-05,0.07463458082963502,0.0789577338574109,25,10,10
41,6823,0.8585765656349029,1.6186750813051375e-06,0.06208257707143929,0.07933923861857649,25,10,10
41,6824,0.8188680983783051,1.5003938734656965e-05,0.1018192978204058,0.07929759986255465,25,10,10
41,6825,0.8155080962276274,1.4669133219594691e-05,0.10496502863505891,0.07951220600409392,25,10,10
41,6826,0.8054737946385768,2.520047459035551e-05,0.11518784289400767,0.07931316199282519,25,10,10
41,6827,0.9092366396430036,8.988677309736898e-07,0.06403112073234801,0.02673134075691734,25,10,10
41,6828,0.8961689822513393,1.8477581278811832e-06,0.06412195295394019,0.03970721703659243,25,10,10
41,6829,0.8615078658002814,7.567261661426182e-05,0.13775102874231662,0.0006654328407881951,25,10,10
41,6830,0.8684393250068895,1.5695983515091716e-05,0.1308689363811554,0.0006760426284403436,25,10,10
41,6831,0.8407878378271896,7.070130957743265e-07,0.1583066624246559,0.0009047927350589791,25,10,10
41,6832,0.8912875120278956,1.1236255954962416e-06,0.10434477947811721,0.004366584868391709,25,10,10
41,6833,0.924564697240237,1.9872869895544815e-06,0.07097941584272288,0.004453899630050354,25,10,10
41,6834,0.8901901186671043,2.905702673387383e-06,0.06992616203641573,0.03988081359380698,25,10,10
41,6835,0.8737367315365226,1.681264656151219e-06,0.12605178911596898,0.0002097980828522209,25,10,10
41,6836,0.9147943747300187,1.7499696680673502e-06,0.08484261129214377,0.0003612640081698116,25,10,10
41,6837,0.8712812421215564,1.5579757514857334e-05,0.12863778638938841,6.53917315400934e-05,25,10,10
41,6838,0.9428244679572542,7.897657014812441e-06,0.05709241638520442,7.521800052614697e-05,25,10,10
41,6839,0.8854794706536332,9.726906176439392e-06,0.11399981509003798,0.0005109873501520958,25,10,10
41,6840,0.927962262253612,1.6745521900983605e-05,0.07198854801185153,3.2444212635279796e-05,25,10,10
41,6841,0.9209139541489024,1.4965379420874053e-05,0.07898552204913786,8.555842253824353e-05,25,10,10
41,6842,0.8611012215557544,1.1460011700022675e-05,0.13861757737502922,0.00026974105751558826,25,10,10
41,6843,0.8728140704430678,2.9950678768269437e-06,0.12687211467815693,0.00031081981089888834,25,10,10
41,6844,0.8976142686413437,2.8599948494058736e-06,0.10210184467030142,0.00028102669350520853,25,10,10
41,6845,0.932936229826131,1.162958781282825e-06,0.06676212288359686,0.000300484331490865,25,10,10
41,6846,0.8991183006851031,4.806728942758437e-07,0.10087105196204524,1.0166679958569104e-05,25,10,10
41,6847,0.8937612711326345,6.120365701628597e-05,0.10614741291645552,3.0112293893819206e-05,25,10,10
41,6848,0.8719591717150363,6.022487110871641e-05,0.12787175004565557,0.00010885336820001168,25,10,10
41,6849,0.8347091165546903,7.241818662365498e-05,0.16462377838633432,0.0005946868723522123,25,10,10
41,6850,0.8537959528371212,1.4211473761529517e-05,0.14530726472512032,0.0008825709639972698,25,10,10
41,6851,0.8830827977022818,1.831076536276694e-05,0.10397795348294751,0.012920938049408219,25,10,10
41,6852,0.8632015068290247,2.2752254488238592e-06,0.09697021554071888,0.03982600240480646,25,10,10
41,6853,0.8125857889894509,7.52762020351407e-06,0.14742467570000606,0.03998200769033918,25,10,10
41,6854,0.8155619852827946,7.416062602170542e-06,0.14222341084695325,0.04220718780764956,25,10,10
41,6855,0.764759837423429,4.486250156349603e-06,0.1675325615442086,0.06770311478220462,25,10,10
41,6856,0.776124904833858,6.201097929605665e-06,0.17742836362485437,0.046440530443357365,25,10,10
41,6857,0.8213545329569759,3.2488121602304537e-06,0.17079120690983182,0.007851011321033856,25,10,10
41,6858,0.8651117463612971,1.0454540865873492e-06,0.10985358743977351,0.025033620744841625,25,10,10
41,6859,0.7888864106315843,1.1816699541223449e-05,0.20685216463438783,0.004249608034486781,25,10,10
41,6860,0.8073766726820176,2.3961342576053618e-05,0.15062635464135016,0.041973011334055996,25,10,10
41,6861,0.8386081839152603,5.8471424552293484e-05,0.11737673903681044,0.043956605623376506,25,10,10
41,6862,0.8648540859996081,4.180400722897491e-05,0.09542564452980117,0.03967846546336132,25,10,10
41,6863,0.8620242258566022,4.286448373161584e-05,0.1043691626339563,0.03356374702570919,25,10,10
41,6864,0.8430052240557899,1.3861120049874758e-05,0.11702082563097113,0.03996008919318922,25,10,10
41,6865,0.8984774695608233,1.835038160239118e-05,0.06344946848645286,0.03805471157112171,25,10,10
41,6866,0.8563578295085124,1.7570696889927892e-05,0.1023694604061893,0.041255139388407865,25,10,10
41,6867,0.8439980625601777,1.6422526590197598e-05,0.11341838335171431,0.0425671315615175,25,10,10
41,6868,0.8323479973691057,0.00027720153359749093,0.12474686989697378,0.04262793120032375,25,10,10
41,6869,0.8600005229711407,1.8148078622622217e-05,0.10035475390735826,0.03962657504287912,25,10,10
41,6870,0.8825889727362498,5.961786750701541e-06,0.07791394962189452,0.039491115855105376,25,10,10
41,6871,0.8708177230829522,9.602745598841003e-06,0.08958567064365594,0.03958700352779378,25,10,10
41,6872,0.8473954630524598,8.352517476091925e-06,0.11307943004143864,0.03951675438862482,25,10,10
41,6873,0.8551571932721345,1.0508795454527393e-06,0.10501709049569843,0.03982466535262261,25,10,10
41,6874,0.8096127048450925,1.994709954957062e-06,0.15006958164648346,0.040315718798468715,25,10,10
41,6875,0.7965685854769678,8.626837189534812e-07,0.16299735398497917,0.04043319785433366,25,10,10
41,6876,0.765007538813022,0.00013685373919099234,0.19483558051743785,0.04002002693034905,25,10,10
41,6877,0.848512495592264,2.7684337688705416e-05,0.1113446999614836,0.04011512010856287,25,10,10
41,6878,0.7588732002564654,2.7354056036641032e-05,0.20099156751862438,0.04010787816887416,25,10,10
41,6879,0.7947824251715077,0.00012796250517326123,0.16549514965374912,0.039594462669570875,25,10,10
41,6880,0.8679029235372875,7.965162160862694e-05,0.09935058339710336,0.032666841444000824,25,10,10
41,6881,0.8689762539136606,1.1362532227361751e-06,0.09094613975883868,0.04007647007427881,25,10,10
41,6882,0.900885060973271,8.73913998898946e-07,0.059033527415550784,0.04008053769717921,25,10,10
41,6883,0.8699359688510033,9.10363381325142e-07,0.09011514778934072,0.039947972996274984,25,10,10
41,6884,0.8347895930007926,2.2769338514408523e-05,0.0934399716568803,0.07174766600381323,25,10,10
41,6885,0.8429677920663107,2.2752469923981443e-05,0.08747248550416314,0.06953696995960172,25,10,10
41,6886,0.8028296754920405,6.986130027368597e-06,0.1313438915505539,0.06581944682737839,25,10,10
41,6887,0.816436622108957,6.564661286198943e-06,0.12386905464080412,0.059687758588953095,25,10,10
41,6888,0.7450512470725523,0.0010966321302452048,0.22216889988719207,0.03168322091001108,25,10,10
41,6889,0.7987892512689059,4.5015069799670596e-05,0.15055707316796094,0.050608660493333874,25,10,10
41,6890,0.7411584495670804,3.842840773596653e-06,0.20008547960065975,0.05875222799148722,25,10,10
41,6891,0.8229626577235915,6.816354283725774e-06,0.11696969644420094,0.06006082947792421,25,10,10
41,6892,0.8310234057660358,1.3575208297510038e-05,0.09297172919036482,0.07599128983530214,25,10,10
41,6893,0.7855409572689883,4.793644614058823e-05,0.11138373687179919,0.10302736941307168,25,10,10
41,6894,0.783811763738601,2.7747790603773648e-05,0.09680548013438119,0.11935500833641469,25,10,10
41,6895,0.7199505685291193,0.0018470195840020473,0.169494477069646,0.10870793481723443,25,10,10
41,6896,0.8153656627668069,4.982277812534447e-07,0.07922457253678317,0.10540926646862879,25,10,10
41,6897,0.8431663633422657,6.839779696779748e-07,0.08088791897514849,0.07594503370461612,25,10,10
41,6898,0.7816134589280231,1.5780281601666089e-06,0.11415605374305042,0.1042289093007661,25,10,10
41,6899,0.8354379406198784,2.4067224323028088e-05,0.08085325414357623,0.08368473801222205,25,10,10
41,6900,0.7322030696992771,1.7343303432840953e-05,0.18104324655452347,0.08673634044276742,25,10,10
41,6901,0.8344900802055654,1.6616749307795507e-05,0.11550584276547805,0.04998746027964911,25,10,10
41,6902,0.8549094634799996,5.323217930075592e-05,0.14039025121596624,0.004647053124733119,25,10,10
41,6903,0.8488724081797759,5.661767572001965e-05,0.14676304519841224,0.004307928946091736,25,10,10
41,6904,0.7379634495618889,2.546002533381342e-05,0.2566027069363843,0.005408383476392986,25,10,10
41,6905,0.8213518747386719,7.145675574452158e-06,0.1763721805506311,0.0022687990351219797,25,10,10
41,6906,0.9063603807699405,0.009074331563209274,0.0843698217177555,0.00019546594909373852,25,10,10
41,6907,0.9389317476897366,6.071186037733637e-05,0.060963082757856404,4.445769202928831e-05,25,10,10
41,6908,0.8722060373855197,2.6990300456633e-06,0.12770722324000588,8.404034442928142e-05,25,10,10
41,6909,0.9613661051599354,1.0717424708324027e-05,0.03853151426924286,9.166314611399308e-05,25,10,10
41,6910,0.929608368963895,1.2445301786341284e-06,0.07029948876513537,9.08977407913955e-05,25,10,10
41,6911,0.8646691674813246,0.00021809453378036578,0.1349053194686775,0.00020741851621739312,25,10,10
41,6912,0.9094928643680494,7.326787845696356e-07,0.09040902993411935,9.737301904669699e-05,25,10,10
41,6913,0.8911426340957393,2.435545343453202e-06,0.10859438919746436,0.00026054116145284956,25,10,10
41,6914,0.8519462182575929,1.169838989882703e-05,0.14770721157327368,0.0003348717792347716,25,10,10
41,6915,0.8544906488002146,3.3996984657969734e-06,0.1446157931755902,0.0008901583257292746,25,10,10
41,6916,0.9080458590900926,1.0970623952589328e-06,0.09158469398619801,0.00036834986131514054,25,10,10
41,6917,0.9116847347789004,1.9552765591110824e-05,0.0880814685168875,0.00021424393862027496,25,10,10
41,6918,0.8705168837610515,1.5195228067030084e-05,0.12924192202061835,0.0002259989902630741,25,10,10
41,6919,0.8963934923460032,0.00046541681291262097,0.10293802487760909,0.00020306596347495834,25,10,10
41,6920,0.8840760637470113,3.223561219864966e-05,0.09427556053427599,0.021616140106513564,25,10,10
41,6921,0.8676701858651135,7.308973197127675e-08,0.09269321885718546,0.03963652218796955,25,10,10
41,6922,0.8250222306768055,1.5511547454083237e-05,0.13531688723954816,0.039645370536192256,25,10,10
41,6923,0.8499532941204734,6.96956310427599e-05,0.11015703018814417,0.03981998006033984,25,10,10
41,6924,0.7922211899551855,6.230391776199555e-05,0.16787024862582245,0.03984625750122928,25,10,10
41,6925,0.8488078081749691,5.715303560887506e-05,0.1115072303326533,0.039627808456768304,25,10,10
41,6926,0.8395925934209394,6.809904748991087e-06,0.11779193181113383,0.04260866486317741,25,10,10
41,6927,0.8486542931904927,3.6287451827414147e-07,0.10501977917362637,0.04632556476136219,25,10,10
41,6928,0.8658091781124528,1.2431049196951012e-06,0.09185939148936707,0.04233018729326046,25,10,10
41,6929,0.8610784186463826,8.238244084750359e-07,0.0971335102529742,0.041787247276234625,25,10,10
41,6930,0.8178579428533905,7.799604793325715e-06,0.13961591981773305,0.04251833772408292,25,10,10
41,6931,0.8547601064358256,2.2951170544412483e-05,0.12816379709008885,0.017053145303540976,25,10,10
41,6932,0.8764489201388526,1.5652732103062003e-05,0.10648572980868211,0.017049697320362718,25,10,10
41,6933,0.8853174842620004,9.321777851555878e-06,0.080480054716031,0.034193139244116974,25,10,10
41,6934,0.897996947234864,1.965881325573966e-05,0.0706825442404879,0.03130084971139249,25,10,10
41,6935,0.8833989117255839,1.3508728999444195e-05,0.09110819294004849,0.0254793866053681,25,10,10
41,6936,0.8824954107243289,0.0026009502994079688,0.08250101494501536,0.03240262403124816,25,10,10
41,6937,0.8542007185240543,0.002601274755828793,0.10323931733184749,0.03995868938827023,25,10,10
41,6938,0.8401880343792055,1.0334132567105242e-06,0.09058653714955348,0.06922439505798474,25,10,10
41,6939,0.8170559298308793,4.578066419035479e-06,0.107062550171754,0.07587694193094748,25,10,10
41,6940,0.7616820288024853,1.4651158556120865e-05,0.14460214545100072,0.09370117458795789,25,10,10
41,6941,0.769184781861524,1.30133935130876e-05,0.11201714073585546,0.11878506400910709,25,10,10
41,6942,0.8222525036248143,1.2373878744785886e-05,0.06991992106221658,0.10781520143422423,25,10,10
41,6943,0.8383868912569656,1.2747176150461542e-05,0.07284630061044331,0.08875406095644062,25,10,10
41,6944,0.8215875439205927,3.638493356442276e-05,0.13510193350467245,0.04327413764117114,25,10,10
41,6945,0.8891998925885118,1.8118355909229627e-05,0.07090593197327312,0.03987605708230551,25,10,10
41,6946,0.7549024742457741,5.271328587322577e-07,0.20866990890663636,0.036427089714730465,25,10,10
41,6947,0.7736693514060218,1.6722470998400577e-05,0.19287900508062653,0.03343492104235385,25,10,10
41,6948,0.8203832621316696,1.6508425021258663e-06,0.1439837712446741,0.03563131578115528,25,10,10
41,6949,0.8243567152009903,0.0006648167140689607,0.13974145816524985,0.03523700991969022,25,10,10
41,6950,0.8318575583348339,0.0006659892344089896,0.11228216706501629,0.05519428536574185,25,10,10
41,6951,0.8357032101786211,0.0018665947356318693,0.10708694364152946,0.05534325144421799,25,10,10
41,6952,0.7796156072039193,0.001866006301984216,0.13686138776643897,0.08165699872765846,25,10,10
41,6953,0.8493444148366912,8.408098182265147e-07,0.06694526027968956,0.08370948407380141,25,10,10
41,6954,0.8126955228509543,4.628920453883235e-05,0.15692796169953294,0.030330226244974376,25,10,10
41,6955,0.8051807546961992,9.414801705133938e-05,0.15273746025856716,0.04198763702818229,25,10,10
41,6956,0.8575261676752891,3.612896115924543e-05,0.11064720114473164,0.031790502218820335,25,10,10
41,6957,0.8800960292108914,0.00031314244490961,0.09084316029078454,0.028747668053414825,25,10,10
41,6958,0.8765808069901085,0.00031329444316088,0.07826845270605182,0.04483744586067785,25,10,10
41,6959,0.863576840705821,0.0003134188496025587,0.09323906084599143,0.042870679598585745,25,10,10
41,6960,0.8476808074498038,0.0001247709197446291,0.14633046710436332,0.005863954526088464,25,10,10
41,6961,0.9055754664880906,2.3214116326716274e-06,0.09440464559468059,1.7566505596224095e-05,25,10,10
41,6962,0.8603827979392342,4.950602629181334e-06,0.1395058319913243,0.0001064194668123465,25,10,10
41,6963,0.915850406843932,3.5752841075105562e-06,0.07851609349303924,0.005629924378921053,25,10,10
41,6964,0.8851043672108987,0.00012155922497460967,0.11465715410192115,0.00011691946220536664,25,10,10
41,6965,0.8849897622118987,5.2230442050364995e-06,0.11475186078591224,0.0002531539579838998,25,10,10
41,6966,0.8893521156013557,0.00021099296127462765,0.105318629140666,0.005118262296704083,25,10,10
41,6967,0.8800320242448356,0.000207064474460298,0.11641968244111175,0.0033412288395922346,25,10,10
41,6968,0.7842994283877962,0.0003841389059708349,0.21162020419505292,0.0036962285111796366,25,10,10
41,6969,0.876211451913953,0.00020664507558142505,0.12304373635962076,0.0005381666508448188,25,10,10
41,6970,0.9192913443636386,0.00020760305457209158,0.0803410208615991,0.00016003172019051344,25,10,10
41,6971,0.9039063012356218,0.0006670735221925974,0.09536792553338987,5.869970879602486e-05,25,10,10
41,6972,0.9021614892386701,0.00012560409603988777,0.0976979897318757,1.4916933414212587e-05,25,10,10
41,6973,0.8968275881635468,8.03298978654332e-05,0.10303479136218474,5.7290576402890955e-05,25,10,10
41,6974,0.9126003386347152,2.5343724570781224e-05,0.085401849497595,0.0019724681431197914,25,10,10
41,6975,0.9502327941820142,1.686766242010067e-05,0.04963346761155789,0.0001168705440076839,25,10,10
41,6976,0.9012338699870903,6.7285260639100414e-06,0.09863012419293254,0.00012927729391293155,25,10,10
41,6977,0.916620412981612,3.672385739011507e-06,0.08330413781015299,7.177682249606633e-05,25,10,10
41,6978,0.9094020740377364,3.440408830593189e-05,0.07712255236027807,0.013440969513679086,25,10,10
41,6979,0.952452263410286,2.447514638779713e-06,0.046872457263984105,0.0006728318110908858,25,10,10
41,6980,0.9420407562390443,4.980222351280737e-06,0.05789367928890119,6.058424970313906e-05,25,10,10
41,6981,0.9440378839221192,1.0179645229929844e-06,0.05594292177300476,1.8176340352915437e-05,25,10,10
41,6982,0.8282727046917219,3.78589556565368e-06,0.16565410149817134,0.006069407914540347,25,10,10
41,6983,0.9411762767949206,0.00021561379423973705,0.05841903690282658,0.00018907250801321107,25,10,10
41,6984,0.9093450308351296,0.00021398532016278575,0.08981707758970678,0.0006239062549999166,25,10,10
41,6985,0.9279651100761126,1.5027144051266101e-06,0.07200813221494383,2.5254994537950704e-05,25,10,10
41,6986,0.8240735885323379,1.1407240800276e-05,0.17191425002141217,0.004000754205450521,25,10,10
41,6987,0.8428269956778663,0.0003518969603248761,0.13905266862055654,0.017768438741252775,25,10,10
41,6988,0.8133946950626254,0.0003406205671024964,0.18612559430233208,0.00013909006794000017,25,10,10
41,6989,0.8581470531418952,7.112132333623685e-06,0.1346136969614738,0.0072321377642975936,25,10,10
41,6990,0.8545212654988582,3.341825844083686e-05,0.13820959921313206,0.00723571702956877,25,10,10
41,6991,0.9566774822601153,8.45604499483844e-06,0.03911821916697699,0.0041958425279133285,25,10,10
41,6992,0.8870691870338674,1.5288295223934206e-06,0.10878475865417717,0.004144525482433914,25,10,10
41,6993,0.9232349120230476,6.018656871623586e-06,0.07246131467848752,0.004297754641593149,25,10,10
41,6994,0.8529375154496688,2.0812864343225096e-05,0.14686396860674808,0.0001777030792411148,25,10,10
41,6995,0.8049814781157438,2.1171641821471422e-05,0.1945594130611042,0.0004379371813306611,25,10,10
41,6996,0.8198483491126228,1.1128436153458902e-06,0.1797391026568749,0.00041143538688737964,25,10,10
41,6997,0.8874508506410028,1.9850899874745693e-06,0.11173002045435705,0.000817143814651935,25,10,10
41,6998,0.8604813158181276,1.3535715601238388e-06,0.139163154987723,0.0003541756225896482,25,10,10
41,6999,0.7978320710102959,1.5433220289027681e-06,0.19342604998592036,0.008740335681754545,25,10,10
41,7000,0.7794435942778971,3.5468991680298205e-06,0.18055665681122143,0.039996202011714097,25,10,10
41,7001,0.8088560771727882,1.198318206253339e-05,0.1509756782882784,0.0401562613568707,25,10,10
41,7002,0.7834340286288589,1.5382059467100528e-05,0.17639316298809973,0.040157426323574136,25,10,10
41,7003,0.8221425080169956,2.4798908228363294e-05,0.1377574573549156,0.040075235719859915,25,10,10
41,7004,0.8534405716560558,1.6013211964680248e-05,0.10681787448112719,0.039725540650852036,25,10,10
41,7005,0.8507454675496179,3.478286786115282e-06,0.1085187190093884,0.04073233515420684,25,10,10
41,7006,0.9133796435566127,6.523974689239474e-07,0.0779755306783993,0.008644173367518626,25,10,10
41,7007,0.8981009869684747,1.811307684102434e-05,0.07595486150804388,0.025926038446640428,25,10,10
41,7008,0.9019890145339127,1.9314459896484187e-06,0.061860606210855026,0.03614844780924245,25,10,10
41,7009,0.8803223989205148,6.286151011316985e-07,0.07942625085482062,0.04025072160956366,25,10,10
41,7010,0.8410681035845886,1.397288381764421e-05,0.11650947340010548,0.042408450131487904,25,10,10
41,7011,0.8517726062337826,0.00042548766902818105,0.10678362476874477,0.04101828132844436,25,10,10
41,7012,0.7783869119817404,0.01062822981681482,0.17796813973849304,0.033016718462952246,25,10,10
41,7013,0.7739364849001263,7.324794401561512e-06,0.16401513944780813,0.06204105085766374,25,10,10
41,7014,0.8056629637559931,3.589251383530218e-07,0.12920066154764417,0.06513601577122526,25,10,10
41,7015,0.8020460751608692,6.045892816834719e-06,0.1327473598591182,0.06520051908719549,25,10,10
41,7016,0.7893144228815048,1.1030691986344068e-05,0.18547806118247095,0.025196485244037104,25,10,10
41,7017,0.8311468594111949,6.067330241530846e-05,0.14357361132293314,0.025218855963456667,25,10,10
41,7018,0.8609974539791366,6.087455653661992e-05,0.11031825849397592,0.028623412970351064,25,10,10
41,7019,0.8135362695473698,6.108786816240443e-05,0.12268099752798492,0.06372164505648217,25,10,10
41,7020,0.871929441718829,4.6216337313965685e-06,0.10402560575951313,0.024040330887926578,25,10,10
41,7021,0.8859164461139554,5.103232292604389e-06,0.09300388160745571,0.02107456904629661,25,10,10
41,7022,0.9287580508488912,3.114996695030057e-06,0.039072543332013474,0.03216629082239982,25,10,10
41,7023,0.8557532523119272,1.9061183563713815e-06,0.10336741286145872,0.04087742870825864,25,10,10
41,7024,0.7938594363619429,0.0003308322382913845,0.16581871776742985,0.03999101363233663,25,10,10
41,7025,0.8725842691322054,1.341408748779839e-05,0.08821419980378924,0.039188116976517084,25,10,10
41,7026,0.8883772642791626,1.6524327427679547e-05,0.07345139831188488,0.038154813081525164,25,10,10
41,7027,0.8556571671093038,1.5635468372908617e-06,0.10879188649024712,0.03554938285361054,25,10,10
41,7028,0.8902976957048787,6.177422687063975e-07,0.0695677411214208,0.04013394543143131,25,10,10
41,7029,0.8996260814123974,2.8487278507380172e-06,0.0604424645998097,0.03992860525994218,25,10,10
41,7030,0.8463584731986026,1.1583789449355463e-06,0.11361237385117691,0.04002799457127585,25,10,10
41,7031,0.7730921468901115,1.9300357656064787e-06,0.18742914029900304,0.03947678277511816,25,10,10
41,7032,0.7530142416033666,4.404309795387644e-07,0.20739959820777046,0.039585719757882644,25,10,10
41,7033,0.8061658860930101,3.928840133467155e-06,0.19318401925070344,0.000646165816152208,25,10,10
41,7034,0.8586826849913163,2.9496112980326358e-05,0.14072319523975463,0.0005646236559475628,25,10,10
41,7035,0.9000422191888187,4.770472564893664e-06,0.09982263046561597,0.00013037987299935504,25,10,10
41,7036,0.8065624764180321,2.3761779524782097e-06,0.1928580868967998,0.0005770605072151131,25,10,10
41,7037,0.8505174372301211,1.2218098107253758e-06,0.1489806358637492,0.000500705096319082,25,10,10
41,7038,0.9192283238153319,9.864480753460905e-06,0.0789694029606341,0.0017924087432798607,25,10,10
41,7039,0.9159003291995051,7.287422259174751e-06,0.08231747843549074,0.0017749049427448274,25,10,10
41,7040,0.9203627979455995,1.3722482892242808e-05,0.07789548620887037,0.0017279933626377806,25,10,10
41,7041,0.9026947383623019,7.1593626331260706e-06,0.09704772116097818,0.0002503811140873706,25,10,10
41,7042,0.8709469271838658,1.2497267622905149e-05,0.10330140123994708,0.02573917430856464,25,10,10
41,7043,0.8954515576428205,7.503110730316212e-07,0.07906643896779526,0.025481253078310902,25,10,10
41,7044,0.8316046499449419,1.1132357904368238e-06,0.1283877640535875,0.04000647276567922,25,10,10
41,7045,0.8876082388975618,2.0769301176556046e-06,0.1059845586974252,0.006405125474895111,25,10,10
41,7046,0.894151191028043,6.913549850380589e-06,0.10580510754756427,3.6787874542521854e-05,25,10,10
41,7047,0.828626108208449,2.4135586951314495e-05,0.1383285921763912,0.03302116402820814,25,10,10
41,7048,0.8786464421426834,3.84993266135675e-05,0.08838560324650613,0.03292945528419705,25,10,10
41,7049,0.8837399515573954,2.5617112063309792e-05,0.08321884075263906,0.03301559057790224,25,10,10
41,7050,0.8668036366496622,0.00025209908614321077,0.09190756063424768,0.04103670362994614,25,10,10
41,7051,0.8398316464481485,0.000651817451279777,0.11855415007302303,0.04096238602754763,25,10,10
41,7052,0.7872876196684322,0.0012046736791375674,0.17096706493509795,0.0405406417173322,25,10,10
41,7053,0.83091524822713,3.4309022519906065e-05,0.12898348000539894,0.04006696274495094,25,10,10
41,7054,0.8984365213232934,9.123056473735599e-06,0.09960935994739409,0.0019449956728389791,25,10,10
41,7055,0.8448536354433357,3.58780417059068e-05,0.15348451475802527,0.0016259717569329952,25,10,10
41,7056,0.8668527640202335,1.3093353871417166e-05,0.1315828166024447,0.0015513260234500362,25,10,10
41,7057,0.9072196818087912,7.86365549190481e-06,0.09115195154907507,0.0016205029866408766,25,10,10
41,7058,0.8932603455413686,5.9117998564836704e-05,0.10625533861962339,0.0004251978404434975,25,10,10
41,7059,0.9279960995025376,0.00010504160943358128,0.07166013381218074,0.00023872507584873047,25,10,10
41,7060,0.9431455492513905,5.913038185497063e-05,0.05650486263269125,0.0002904577340632588,25,10,10
41,7061,0.9563139803651185,5.975829502263457e-07,0.04096484847949594,0.002720573572434862,25,10,10
41,7062,0.8863198944599031,5.970676453190259e-07,0.11105020236000446,0.0026293061124469347,25,10,10
41,7063,0.9078220137199798,1.840274286544859e-06,0.08930395773494804,0.002872188270785523,25,10,10
41,7064,0.9180374861155264,1.6218513030594411e-06,0.07905792685892975,0.0029029651742406948,25,10,10
41,7065,0.9221423385455008,1.7719388412894156e-06,0.07768396907779541,0.00017192043786272665,25,10,10
41,7066,0.9304347127652044,2.0418071088702223e-05,0.06938356905438277,0.00016130010932471025,25,10,10
41,7067,0.9406012130422836,1.2861259610898921e-06,0.05938231864586871,1.5182185886786923e-05,25,10,10
41,7068,0.838951438145401,4.4557394392656005e-05,0.1607912076927661,0.0002127967674402158,25,10,10
41,7069,0.82509838568452,4.923059162377248e-05,0.17344503101286782,0.0014073527109881954,25,10,10
41,7070,0.8596087427997519,3.218943419864784e-05,0.13893122264078775,0.0014278451252621224,25,10,10
41,7071,0.9219544949454562,2.748418695996117e-05,0.07657203430285986,0.0014459865647237515,25,10,10
41,7072,0.9013393276663951,2.6990670738327778e-05,0.09845964885165501,0.00017403281121199915,25,10,10
41,7073,0.8621556070671109,6.799035843626792e-07,0.1306641471361261,0.007179565893179931,25,10,10
41,7074,0.9177181595953386,2.3430944927542748e-06,0.0821482779168013,0.00013121939336747975,25,10,10
41,7075,0.8476424474065576,2.881709010207223e-07,0.15207383077888836,0.00028343364365284016,25,10,10
41,7076,0.7480567541542039,7.791374047511589e-05,0.24690512366724784,0.004960208438073578,25,10,10
41,7077,0.8797044353779363,2.192186732460213e-05,0.12014089529358712,0.00013274746115240016,25,10,10
41,7078,0.9249810037666754,4.327812079546694e-06,0.07057055613856926,0.0044441122826755,25,10,10
41,7079,0.8740399933330668,0.0032127090518079115,0.1168074152632139,0.005939882351912156,25,10,10
41,7080,0.8680509027023028,7.5743526500016515e-06,0.1301095786589061,0.001831944286141694,25,10,10
41,7081,0.9075386332278502,6.175855965712903e-07,0.09225198331475587,0.0002087658717971787,25,10,10
41,7082,0.9181631853376817,5.152471650241518e-07,0.08161447399463746,0.0002218254205159707,25,10,10
41,7083,0.9215855464293874,5.583174714895247e-06,0.07777310947942123,0.000635760916476345,25,10,10
41,7084,0.9059040861459556,3.860165593156144e-05,0.09382916801701148,0.00022814418110164952,25,10,10
41,7085,0.8092557618275652,6.661376363105641e-06,0.13303434584322324,0.057703230952848655,25,10,10
41,7086,0.8345351092427901,0.01265365132309017,0.11234733616423291,0.04046390326988651,25,10,10
41,7087,0.8597421510272271,0.014056571869506842,0.0969717277086113,0.029229549394655146,25,10,10
41,7088,0.7352185351963345,0.0013381687863340988,0.23075055187725899,0.03269274414007262,25,10,10
41,7089,0.7686807791718151,0.00033026999070273426,0.19806358933194063,0.03292536150554103,25,10,10
41,7090,0.8755476654091494,2.9945397699981386e-06,0.1199821682838717,0.004467171767209344,25,10,10
41,7091,0.8584814062612955,3.309320113548842e-05,0.14103297309353008,0.00045252744404016785,25,10,10
41,7092,0.9282602638498217,6.019607821396403e-07,0.07010613832217255,0.0016329958672235197,25,10,10
41,7093,0.9117843647722188,9.590103188812078e-06,0.08663183418908714,0.0015742109355055872,25,10,10
41,7094,0.920338803006105,3.072431109297003e-05,0.07957219447303727,5.827820976433029e-05,25,10,10
41,7095,0.8197580581346837,6.534167426006608e-05,0.18010895016752712,6.76500235290221e-05,25,10,10
41,7096,0.9029273874744469,1.0009436249086655e-06,0.09470635048488277,0.002365261097045434,25,10,10
41,7097,0.9649475002792226,3.6843641122312567e-07,0.03504892910617771,3.202178188826546e-06,25,10,10
41,7098,0.8517052282562163,0.0008331343179333998,0.14740613005996642,5.550736588354541e-05,25,10,10
41,7099,0.7999193589077297,0.0008390030327871974,0.19878831721461548,0.00045332084486717145,25,10,10
41,7100,0.8949722209387506,0.0008329563326811726,0.10415597133182664,3.885139674174117e-05,25,10,10
41,7101,0.8034768789376376,0.0008351215065170999,0.19535996951779377,0.00032803003805187175,25,10,10
41,7102,0.8236493874739813,0.000835903698219171,0.17198207284317527,0.003532635984624075,25,10,10
41,7103,0.8634180751064433,0.0008370365232230926,0.1325676005393062,0.0031772878310274834,25,10,10
41,7104,0.8580456562633954,0.0008523397929819432,0.13810225959278447,0.0029997443508379025,25,10,10
41,7105,0.8809033758907119,3.774812851892774e-05,0.11665369138310261,0.0024051845976650952,25,10,10
41,7106,0.8668201427140665,1.4005679040597321e-06,0.13306044295090413,0.00011801376712425017,25,10,10
41,7107,0.811613889676473,3.450948688345656e-05,0.18308027777081987,0.005271323065823257,25,10,10
41,7108,0.776702688132016,3.466558043573448e-05,0.20991493304597042,0.0133477132415766,25,10,10
41,7109,0.8427197562388664,0.0002491132504272399,0.15675928010464332,0.0002718504060617174,25,10,10
41,7110,0.868105907799558,2.377717345926064e-05,0.13167025392143203,0.00020006110555002984,25,10,10
41,7111,0.9051191431753218,2.2901343910423045e-05,0.09472437581310947,0.00013357966765837825,25,10,10
41,7112,0.9146139935291412,1.2928649251355895e-06,0.08362845932406925,0.0017562542818647354,25,10,10
41,7113,0.9171449752847868,5.522475841179544e-07,0.08283853283273251,1.5939634896346418e-05,25,10,10
41,7114,0.8119656320765989,1.677525375973699e-05,0.18726114399056687,0.0007564486790751307,25,10,10
41,7115,0.8199073654802418,1.1785398422579435e-05,0.17986621083534465,0.00021463828599188421,25,10,10
41,7116,0.8748383883127306,1.5807289637575296e-05,0.12309931505341577,0.002046489344216471,25,10,10
41,7117,0.8544941465850359,3.0028594243710676e-06,0.1451520572271183,0.0003507933284211876,25,10,10
41,7118,0.8562254511260967,1.059648132475148e-05,0.1434139070354132,0.0003500453571643645,25,10,10
41,7119,0.8965493368724641,1.636625190503645e-05,0.10337859776342281,5.569911220820616e-05,25,10,10
41,7120,0.9092364279152245,2.436021581022207e-05,0.0906247824749928,0.00011442939397248655,25,10,10
41,7121,0.8247409279730061,9.765907492086239e-06,0.13554339507254445,0.03970591104695714,25,10,10
41,7122,0.8495775857571504,7.606194724333624e-06,0.11064807646149805,0.03976673158662736,25,10,10
41,7123,0.8459441519903579,6.175371292388012e-06,0.11761446352977105,0.036435209108578795,25,10,10
41,7124,0.850218896094842,6.295628910331051e-06,0.11325333507514773,0.0365214732010992,25,10,10
41,7125,0.8409348125745598,1.3987529137480529e-05,0.08605034748120259,0.07300085241509954,25,10,10
41,7126,0.8041823321096152,0.0008659023856612744,0.11572388866862215,0.07922787683610098,25,10,10
41,7127,0.7867578819410527,0.000607566540394936,0.1334537727327786,0.07918077878577351,25,10,10
41,7128,0.8350107856471475,8.440347383196256e-07,0.07995230721705916,0.0850360631010546,25,10,10
41,7129,0.7906067666189963,7.146031237471682e-07,0.1296830300925808,0.07970948868529992,25,10,10
41,7130,0.7718986146822908,3.7547285200628057e-06,0.1468582779044833,0.08123935268470672,25,10,10
41,7131,0.7467644868810278,4.5210006066381795e-06,0.209081824563557,0.04414916755480847,25,10,10
41,7132,0.8318293961766281,3.292038817384899e-06,0.13025447946306815,0.03791283232148615,25,10,10
41,7133,0.8200174443248711,5.374635705363312e-07,0.13947727133330912,0.04050474687824937,25,10,10
41,7134,0.8392064705382374,1.5346430758340708e-05,0.1207757587719414,0.04000242425906184,25,10,10
41,7135,0.9168367417756014,6.01772062756544e-07,0.04345036488081133,0.03971229157152484,25,10,10
41,7136,0.9244971213564781,0.00012731636485915584,0.03553389662805895,0.03984166565060376,25,10,10
41,7137,0.8836392738278512,0.00013637947280804104,0.07658178853990347,0.03964255815943705,25,10,10
41,7138,0.8861154153678618,3.6548204184190834e-06,0.07429106761202432,0.03958986219969573,25,10,10
41,7139,0.8354524926014351,7.141474335921935e-06,0.12465348219496422,0.0398868837292654,25,10,10
41,7140,0.7882392690587565,7.873698783319515e-06,0.17184405050125273,0.039908806741209314,25,10,10
41,7141,0.7597078467589324,0.0017027887926974216,0.19844600951965252,0.04014335492871682,25,10,10
41,7142,0.8225206218592731,0.0017012545113850954,0.13597902417942462,0.03979909944991708,25,10,10
41,7143,0.8903605085688576,0.0016793340921381116,0.06817544903555323,0.03978470830345069,25,10,10
41,7144,0.8961281316900238,0.0016792816638645266,0.099496697706778,0.002695888939333472,25,10,10
41,7145,0.875275269846398,0.0016859287101114479,0.12302221671642145,1.658472706863003e-05,25,10,10
41,7146,0.9040680329357664,0.001800513108349292,0.09400188395674246,0.00012956999914150394,25,10,10
41,7147,0.9338227772510886,2.801625604879672e-06,0.0658682284498158,0.00030619267349096623,25,10,10
41,7148,0.8679796240334045,2.8089448007776662e-06,0.1318598898978511,0.00015767712394399176,25,10,10
41,7149,0.8570951274834698,1.0296789117322875e-05,0.10558278758084585,0.037311788146567854,25,10,10
41,7150,0.86574579763548,1.219607675732076e-05,0.09794870517564201,0.03629330111212142,25,10,10
41,7151,0.911648122147767,1.692472540174598e-05,0.0610383232557577,0.027296629871073688,25,10,10
41,7152,0.934013328671003,1.0587030401085548e-05,0.03877725740553218,0.02719882689306327,25,10,10
41,7153,0.8877203644398287,1.441563505128827e-05,0.08658893536229564,0.025676284562823642,25,10,10
41,7154,0.8461449595684155,3.388061176635473e-05,0.12816800474198006,0.02565315507783782,25,10,10
41,7155,0.8061122917534452,9.333955066834157e-07,0.16256756891799562,0.03131920593305186,25,10,10
41,7156,0.7826514126097659,1.0592608806477229e-06,0.17282245272445287,0.04452507540490019,25,10,10
41,7157,0.7083586737798967,0.0002496331252213912,0.2600010932816309,0.031390599813251346,25,10,10
41,7158,0.748679460265294,0.0003541610132274272,0.21792399764887793,0.033042381072601386,25,10,10
41,7159,0.7984738571164192,4.164857659734583e-06,0.19372977974694333,0.00779219827897716,25,10,10
41,7160,0.8243342979339241,8.146072039770226e-06,0.14601815715777028,0.029639398836265592,25,10,10
41,7161,0.8292961514972313,0.0006808066504031277,0.14249310878453747,0.027529933067827365,25,10,10
41,7162,0.8070102249990867,0.0003127047436272284,0.15249907456960402,0.04017799568768179,25,10,10
41,7163,0.8738785815023524,8.84849472047349e-07,0.11966772036297918,0.006452813285196286,25,10,10
41,7164,0.8370133759967244,8.298157997420234e-06,0.16012704279872103,0.0028512830465569823,25,10,10
41,7165,0.7959537120370156,7.462371151517055e-07,0.20344580261790426,0.0005997391079663614,25,10,10
41,7166,0.7318889388031878,6.825703063515673e-05,0.22774669116802737,0.04029611299814946,25,10,10
41,7167,0.8188858096925281,2.3413622964581107e-06,0.1411286574266917,0.039983191518483015,25,10,10
41,7168,0.8317374171010744,0.0016044569375115944,0.12669879769881295,0.03995932826260068,25,10,10
41,7169,0.8774497080992272,1.05139304801454e-05,0.0830404865809262,0.03949929138936683,25,10,10
41,7170,0.8808627652166595,2.1997449570351136e-06,0.07934841037795191,0.03978662466043162,25,10,10
41,7171,0.8994026013043788,3.6269807189551134e-06,0.060994395383645754,0.039599376331256736,25,10,10
41,7172,0.892341131192417,2.843589239586358e-06,0.06798221165743573,0.03967381356090658,25,10,10
41,7173,0.857702205257767,2.6203580433864375e-06,0.1102878583549367,0.0320073160292542,25,10,10
41,7174,0.7781819311274628,4.739400939086124e-07,0.19617358910957566,0.025644005822866318,25,10,10
41,7175,0.863376401874681,2.844688529483983e-05,0.11045623932519419,0.026138911914831163,25,10,10
41,7176,0.9123235934337063,9.561630144358084e-06,0.06194175052121025,0.02572509441493891,25,10,10
41,7177,0.9101913279249447,1.1295658262052923e-07,0.04972980586142109,0.04007875325705188,25,10,10
41,7178,0.847061043417729,2.6510303651370482e-05,0.15226602505725412,0.0006464212213653814,25,10,10
41,7179,0.9294503164439892,5.622850483879505e-07,0.07026075807481565,0.00028836319614660637,25,10,10
41,7180,0.8864258048818532,2.1577487048001922e-05,0.11340237176328499,0.0001502458678141644,25,10,10
41,7181,0.9247579534499344,2.1756759439990075e-05,0.07520738178218901,1.2908008436214413e-05,25,10,10
41,7182,0.8821782933503067,1.902193892867464e-05,0.07771695788325,0.04008572682751416,25,10,10
41,7183,0.8939195670618829,1.9153636035283327e-06,0.06586762074573638,0.04021089682877661,25,10,10
41,7184,0.8437820000900428,2.133108027953892e-05,0.11520879823895193,0.04098787059072622,25,10,10
41,7185,0.8368435997056477,1.8792869478917914e-06,0.1231332589529138,0.04002126205449099,25,10,10
41,7186,0.824266025315152,1.5891758058184663e-05,0.13870722726496681,0.03701085566182341,25,10,10
41,7187,0.774718066153723,0.004040292460100366,0.18470991709630255,0.036531724289874126,25,10,10
41,7188,0.8147356465753787,3.816927574753857e-05,0.18429071352519127,0.0009354706236824793,25,10,10
41,7189,0.7948435330708443,1.1982031961460352e-05,0.18934737708687302,0.0157971078103211,25,10,10
41,7190,0.8276250039583417,1.3940922500417291e-05,0.13235761451915862,0.0400034405999985,25,10,10
41,7191,0.7857482777142307,1.6959602425740015e-05,0.17468885187428274,0.039545910809061086,25,10,10
41,7192,0.8361568626576295,2.337697508931479e-06,0.13840047012364595,0.025440329521215305,25,10,10
41,7193,0.8308685229736953,1.8306975498255202e-06,0.12972056644136407,0.039409079887391056,25,10,10
41,7194,0.8484315202380647,1.0039190897112428e-05,0.11135987160924016,0.04019856896179789,25,10,10
41,7195,0.8923460963805993,1.0290851940237721e-05,0.07991845707018706,0.02772515569727393,25,10,10
41,7196,0.8644065731375062,1.0315650162113195e-05,0.10774605254714562,0.027837058665186452,25,10,10
41,7197,0.8543621818477283,1.2842066234223125e-05,0.10549130888115098,0.0401336672048858,25,10,10
41,7198,0.8676401008319418,8.004859731046471e-05,0.09277781932800529,0.039502031242741965,25,10,10
41,7199,0.8677780208490974,9.325683720318212e-05,0.09254259235675928,0.03958612995694019,25,10,10
41,7200,0.8778583405810925,1.5351404334757246e-06,0.08246975665765037,0.03967036762082371,25,10,10
41,7201,0.9063340778882838,2.347658865000899e-06,0.05383982162345277,0.03982375282939933,25,10,10
41,7202,0.9001764260723223,1.6113656779085483e-05,0.09610900413569881,0.003698456135199472,25,10,10
41,7203,0.8836232082936738,3.343047441408203e-05,0.11610792699843814,0.0002354342334745489,25,10,10
41,7204,0.9516227565197459,3.3058542924179485e-05,0.048163293673254615,0.00018089126407521837,25,10,10
41,7205,0.897489379025686,1.6734551123199129e-06,0.10249013445064804,1.8813068553664943e-05,25,10,10
41,7206,0.877648330679656,1.5495487379746226e-06,0.12183433347595422,0.00051578629565152,25,10,10
41,7207,0.9151566160943542,4.7656378686499227e-07,0.08304638352725052,0.0017965238146083605,25,10,10
41,7208,0.8759254490688194,0.00011112421423100302,0.12213404074694716,0.0018293859700018657,25,10,10
41,7209,0.8818664930316952,2.511206534056439e-06,0.09402649040016023,0.024104505361610008,25,10,10
41,7210,0.8541882827530245,0.0002928384346396715,0.10588455999785948,0.03963431881447697,25,10,10
41,7211,0.9127323401758997,3.41142511622156e-07,0.046007550303583035,0.041259768378005726,25,10,10
41,7212,0.875292755619099,1.0648180975821476e-05,0.1009331726371589,0.02376342356276625,25,10,10
41,7213,0.7734166084026596,8.76748662872549e-06,0.20035069757301305,0.026223926537697624,25,10,10
41,7214,0.9080832043679362,7.858221481639528e-06,0.09182328562940206,8.56517811804709e-05,25,10,10
41,7215,0.8871216910297381,1.362364274268226e-05,0.10907608678415817,0.003788598543361467,25,10,10
41,7216,0.8558925004796465,1.3162339777997444e-05,0.14325508030336287,0.0008392568772115896,25,10,10
41,7217,0.8909630638398699,0.0001853636084640695,0.10872444209980195,0.00012713045186373015,25,10,10
41,7218,0.9082567010051542,2.4715100526771267e-05,0.09156964236117932,0.00014894153313973503,25,10,10
41,7219,0.9002023884480446,3.191270329488621e-06,0.09975987207950533,3.454820212038365e-05,25,10,10
41,7220,0.8972367799033233,7.417453368623744e-06,0.09991316494497765,0.002842637698330529,25,10,10
41,7221,0.9510829894663512,2.273660572875461e-05,0.048874074282164566,2.0199645755665826e-05,25,10,10
41,7222,0.8735858165342747,4.7571963767668544e-07,0.11569175828524521,0.010721949460842883,25,10,10
41,7223,0.8974836336358727,9.404610425425228e-07,0.1023793379403446,0.00013608796274031237,25,10,10
41,7224,0.9004096181067877,1.1855437434252348e-06,0.09883865435065957,0.0007505419988083062,25,10,10
41,7225,0.8575693464382083,6.949688396698448e-06,0.14238897693315541,3.472694023944309e-05,25,10,10
41,7226,0.8885838567952614,1.008559904917125e-05,0.11114607039930055,0.0002599872063884132,25,10,10
41,7227,0.9182476764130789,1.3276521961234178e-06,0.08173741843181626,1.3577502908630605e-05,25,10,10
41,7228,0.877608579884097,0.004865830034153209,0.11705617405431751,0.0004694160274307407,25,10,10
41,7229,0.8633147536843456,6.611974242056958e-07,0.08500645234474308,0.05167813277348656,25,10,10
41,7230,0.8335160578300176,1.8672050318152036e-05,0.1129463405355167,0.05351892958414852,25,10,10
41,7231,0.8284383934978902,3.9363348243879326e-05,0.0931417056682854,0.07838053748558137,25,10,10
41,7232,0.7509571623755127,3.921815428385959e-05,0.20933003475792422,0.03967358471227975,25,10,10
41,7233,0.8500798268572138,2.4494518747685645e-05,0.10918876888797752,0.04070690973606078,25,10,10
41,7234,0.8126812425136802,2.5359874906960295e-06,0.14487496475843123,0.04244125674039781,25,10,10
41,7235,0.8837281460366389,5.763558635768381e-07,0.08956531499529433,0.026705962612203628,25,10,10
41,7236,0.760448545597332,0.00011038519627986429,0.19722149815218018,0.0422195710542077,25,10,10
41,7237,0.7791388976451554,1.6935169959697357e-06,0.1835116283201711,0.03734778051767699,25,10,10
41,7238,0.8658974080608824,1.121493115891663e-06,0.10795586032789954,0.026145610118102184,25,10,10
41,7239,0.9110915721662125,3.8288137379653496e-07,0.08866106837398886,0.00024697657842479487,25,10,10
41,7240,0.8551913763732578,2.4503077107339658e-06,0.144148407044026,0.000657766275006077,25,10,10
41,7241,0.847184266729907,5.936771173867232e-06,0.15265607600620482,0.00015372049271435506,25,10,10
41,7242,0.8380893085116743,1.0745651320963513e-06,0.150086952227258,0.011822664695934723,25,10,10
41,7243,0.8347683978763392,4.032889708580532e-05,0.15228561505507696,0.012905658171498057,25,10,10
41,7244,0.7517543576838177,3.405607696295957e-05,0.23625125310969827,0.011960333129520814,25,10,10
41,7245,0.8115378253650393,3.2627770931619396e-05,0.17625826484082377,0.012171282023205932,25,10,10
41,7246,0.8649533893551391,2.0346992489985197e-06,0.12081930860107849,0.0142252673445331,25,10,10
41,7247,0.8621838500538423,0.0013107449220219076,0.13630163915353055,0.00020376587060522524,25,10,10
41,7248,0.8512893446904403,1.9950448689444533e-05,0.14838875976789084,0.0003019450929798969,25,10,10
41,7249,0.9247968229443575,0.00014490790442884098,0.07485331924174829,0.00020494990946559366,25,10,10
41,7250,0.9220735173236251,2.123037688263094e-06,0.07775880440650142,0.0001655552321853226,25,10,10
41,7251,0.8849079805794426,2.8564972187006266e-06,0.1149603370795492,0.00012882584378976901,25,10,10
41,7252,0.8491297841676239,1.0117503617907764e-06,0.15085560926449207,1.3594817521595603e-05,25,10,10
41,7253,0.844876572600506,3.673152423903282e-06,0.15453331754164595,0.0005864367054247706,25,10,10
41,7254,0.8911048303065604,0.00551193560607455,0.1031359150722596,0.0002473190151049427,25,10,10
41,7255,0.8906669826794659,7.963047878721758e-06,0.1065880279975458,0.0027370262751092605,25,10,10
41,7256,0.8834974279655422,4.24769869157625e-06,0.11624808993714661,0.0002502343986193272,25,10,10
41,7257,0.8327572013419097,2.670508283967034e-05,0.16694816984282068,0.00026792373243002536,25,10,10
41,7258,0.8076981801499143,1.3142208331115255e-05,0.18237365213548473,0.009915025506269834,25,10,10
41,7259,0.857757232656201,1.0146216182048478e-05,0.13464263060272674,0.007589990524889968,25,10,10
41,7260,0.842515161572941,0.0007591403402359817,0.13282027188718037,0.023905426199642883,25,10,10
41,7261,0.8072650262385119,2.194794196738686e-06,0.17000733539493254,0.022725443572358194,25,10,10
41,7262,0.8899212755137553,0.00022987715049081964,0.08957425395399854,0.020274593381755458,25,10,10
41,7263,0.8283403584054813,0.0027688315656733066,0.14860908326598204,0.020281726762862835,25,10,10
41,7264,0.881455689175073,8.099673388664415e-05,0.0914936142213878,0.0269696998696526,25,10,10
41,7265,0.9084509169860674,6.682658091341614e-05,0.06423918889493083,0.02724306753808823,25,10,10
41,7266,0.9228028006729122,9.192514634730502e-06,0.04882098204003858,0.02836702477241403,25,10,10
41,7267,0.9516595357478501,8.702067979718552e-08,0.023021771079607203,0.02531860615186265,25,10,10
41,7268,0.9373662471973547,9.4972998323393e-07,0.03347995109569633,0.029152851976965807,25,10,10
41,7269,0.859059883854799,2.5952835463030855e-06,0.09545875263226739,0.04547876822938729,25,10,10
41,7270,0.8789301144584963,4.777713732735727e-06,0.12088189285529939,0.0001832149724721608,25,10,10
41,7271,0.8602427410833642,1.092158305516032e-05,0.13858773591351803,0.0011586014200626483,25,10,10
41,7272,0.8369140860776185,6.476470736029893e-06,0.15466129470437187,0.008418142747273993,25,10,10
41,7273,0.9311173256965547,8.929089753708013e-06,0.0673686492608669,0.001505095952824732,25,10,10
41,7274,0.9213811749976899,3.080047046144996e-05,0.07058741479302974,0.008000609738818725,25,10,10
41,7275,0.8926644444739567,4.000316525920326e-05,0.09916741212438772,0.008128140236396528,25,10,10
41,7276,0.9081160490561142,4.1872150991283775e-05,0.08344918426765803,0.00839289452523616,25,10,10
41,7277,0.9507925468201006,4.372123086810115e-07,0.049136336480955986,7.067948663489971e-05,25,10,10
41,7278,0.9213489546533526,1.8045000395895818e-06,0.07851766833525199,0.0001315725113557433,25,10,10
41,7279,0.9010682091843308,1.7511991480453134e-05,0.09877970025242128,0.00013457857176685695,25,10,10
41,7280,0.8047173997526871,3.9346938202428784e-05,0.19487622356611373,0.0003670297429959035,25,10,10
41,7281,0.896399901211215,1.9569458151970685e-05,0.10106799202716452,0.002512537303468616,25,10,10
41,7282,0.8912076598117278,2.0810437843620253e-07,0.1087754500539586,1.6682029934967747e-05,25,10,10
41,7283,0.8693960794036844,5.934696595483121e-05,0.12792020384578723,0.002624369784574093,25,10,10
41,7284,0.9403857074679947,2.3085253851997635e-06,0.05947027382395687,0.0001417101826635138,25,10,10
41,7285,0.8630225815858507,7.159804486441384e-06,0.13476487789220837,0.0022053807174550566,25,10,10
41,7286,0.9215421805560591,1.5761645784127806e-05,0.07827639641233293,0.00016566138582353043,25,10,10
41,7287,0.9060263128642257,1.4938140585928019e-05,0.09383046661951211,0.0001282823756759024,25,10,10
41,7288,0.8904661758658418,1.3922988594285813e-06,0.10944740503202982,8.502680326876346e-05,25,10,10
41,7289,0.9212533851134195,6.164799562825549e-07,0.07872720190754197,1.8796499081946815e-05,25,10,10
41,7290,0.9452183706694076,8.443489087104255e-07,0.04995566444294873,0.004825120538735241,25,10,10
41,7291,0.8352212278999815,1.38512843105361e-06,0.15994340570874052,0.00483398126284727,25,10,10
41,7292,0.870924315105077,7.480317483243518e-07,0.12395431828656839,0.005120618576606546,25,10,10
41,7293,0.8874360544519848,7.392822364462917e-07,0.11036160593759443,0.0022016003281848024,25,10,10
41,7294,0.8638952407469348,2.796928460187022e-06,0.1353687320459291,0.0007332302786762572,25,10,10
41,7295,0.8578732633930086,1.6343695826191599e-06,0.14157063640525633,0.000554465832151878,25,10,10
41,7296,0.9086972304602442,8.319121765819901e-07,0.09120915297168164,9.27846558970988e-05,25,10,10
41,7297,0.8485348958175453,4.574025042877988e-07,0.15122122465023805,0.0002434221297121607,25,10,10
41,7298,0.8981490061582487,5.206232854413566e-07,0.10121738222572306,0.0006330909927420051,25,10,10
41,7299,0.8705734363488355,1.5643577628776497e-06,0.10068933328822607,0.02873566600517615,25,10,10
41,7300,0.8421879345288446,2.1257818958433996e-05,0.09215607439919231,0.06563473325300413,25,10,10
41,7301,0.7891080989222863,1.1993656617582769e-05,0.14219464021597172,0.06868526720512431,25,10,10
41,7302,0.7887555926609443,2.5023469427867005e-06,0.143203452202843,0.06803845278926955,25,10,10
41,7303,0.849510217256246,2.1244883901639028e-06,0.08582763937540829,0.06466001887995572,25,10,10
41,7304,0.8288732344761596,2.1855318729370375e-06,0.13129730811004603,0.03982727188192171,25,10,10
41,7305,0.8128403158869618,2.2400682764882358e-06,0.14720748781879162,0.03994995622596897,25,10,10
41,7306,0.8488535709690643,8.10851502940114e-06,0.11109200607431086,0.04004631444159473,25,10,10
41,7307,0.853517263787869,2.5550530193757117e-05,0.10484131529265905,0.04161587038927875,25,10,10
41,7308,0.8858839869350297,1.3180237934961497e-05,0.07424356530685614,0.0398592675201793,25,10,10
41,7309,0.7989530602245999,3.7397321435675955e-07,0.11940217947540584,0.08164438632677969,25,10,10
41,7310,0.7171614379232767,5.904466807195968e-06,0.20682146810027294,0.07601118950964442,25,10,10
41,7311,0.6754857687074244,1.159308777769657e-05,0.2445247186321325,0.07997791957266705,25,10,10
41,7312,0.6491472501714349,1.5248302748254589e-05,0.3010237768857615,0.049813724640058205,25,10,10
41,7313,0.8090198965291292,0.0004039884339560342,0.15096527009326244,0.0396108449436517,25,10,10
41,7314,0.8504642570599106,0.00039399527581575973,0.10908078642469503,0.040060961239578224,25,10,10
41,7315,0.9316493946023621,5.439924114171507e-07,0.0682217488486628,0.0001283125565638841,25,10,10
41,7316,0.9071284444496359,8.854955484711615e-06,0.09270688095552326,0.00015581963935634556,25,10,10
41,7317,0.9052561338687302,8.998583291026778e-07,0.09454152535494957,0.0002014409179909803,25,10,10
41,7318,0.8558530917442849,1.6248145419286758e-05,0.14374382020350132,0.00038683990679410805,25,10,10
41,7319,0.9153654927921344,5.888163862773549e-06,0.0844431761198296,0.00018544292417260375,25,10,10
41,7320,0.9543977315615193,4.970171705210334e-06,0.045573699627886884,2.359863888835212e-05,25,10,10
41,7321,0.9235698875508024,2.00185856285388e-06,0.07476925413721519,0.001658856453419564,25,10,10
41,7322,0.907183949866511,5.110754811485735e-06,0.09109210668007053,0.0017188326986068948,25,10,10
41,7323,0.845300571995607,7.358408310156182e-07,0.15448019309621144,0.00021849906735087781,25,10,10
41,7324,0.8216050677983708,1.19319908885806e-06,0.17821277656039192,0.0001809624421481216,25,10,10
41,7325,0.8323938730244794,2.3357217147913864e-06,0.16675006743560533,0.0008537238182000743,25,10,10
41,7326,0.8244520667686429,8.321341922445713e-07,0.17481903149483474,0.000728069602329757,25,10,10
41,7327,0.868163768535443,6.730486654018693e-05,0.12545481413029191,0.00631411246772458,25,10,10
41,7328,0.8511682971370828,0.0003940005390783253,0.1435978441225986,0.004839858201240815,25,10,10
41,7329,0.9189609861288349,1.3256779098022153e-05,0.07427362380550949,0.0067521332865571855,25,10,10
41,7330,0.8101852584618322,1.446323550010973e-05,0.18560195900621967,0.004198319296449508,25,10,10
41,7331,0.8713045669740906,2.0070744569761537e-06,0.12867406175993973,1.93641915131127e-05,25,10,10
41,7332,0.8610104126041039,2.6220311970156237e-05,0.13891910533407018,4.426174985558971e-05,25,10,10
41,7333,0.9079240602353217,3.1300567021268976e-05,0.09203035539884466,1.4283798813220822e-05,25,10,10
41,7334,0.9246712831997057,2.3931442483938516e-05,0.07521432954842551,9.045580938494505e-05,25,10,10
41,7335,0.967399842978017,9.491489997680619e-06,0.03247987702556451,0.00011078850642008284,25,10,10
41,7336,0.8389488858143599,1.0352567110332075e-05,0.15790818389282152,0.0031325777257078745,25,10,10
41,7337,0.793252462269605,9.864461665332839e-06,0.1980690428830363,0.008668630385693758,25,10,10
41,7338,0.8701011816765337,8.14703874450635e-06,0.12129512971460167,0.00859554157012012,25,10,10
41,7339,0.7710402684737747,0.002844163417423053,0.19060514619712482,0.035510421911677276,25,10,10
41,7340,0.8249988427315015,0.0028431113482553084,0.14209461525832817,0.030063430661914622,25,10,10
41,7341,0.8129042331604976,8.526338521573101e-06,0.11581925617584224,0.07126798432513863,25,10,10
41,7342,0.8560213761247099,8.126501730555071e-07,0.06960327921086473,0.07437453201425269,25,10,10
41,7343,0.8811234632544246,3.7433379381104986e-07,0.04309068285803818,0.07578547955374333,25,10,10
41,7344,0.823071943077,7.140192504939409e-07,0.10494082296216564,0.07198651994158335,25,10,10
41,7345,0.771357411781851,6.442060481951224e-07,0.11711428730431163,0.1115276567077896,25,10,10
41,7346,0.7512184003191329,3.245019976079514e-05,0.13493743340211334,0.11381171607899208,25,10,10
41,7347,0.7335624830035852,3.5461435594081034e-06,0.17540814919661243,0.09102582165624337,25,10,10
41,7348,0.8489978297682811,3.0608931023174827e-06,0.06885507932818945,0.08214403001042735,25,10,10
41,7349,0.8820518671103678,7.450430777410822e-07,0.03802668312552378,0.07992070472103065,25,10,10
41,7350,0.889228978334425,1.0150300482344828e-06,0.031451467101635176,0.07931853953389162,25,10,10
41,7351,0.9195357568949255,7.146331255715537e-07,0.04036459660480384,0.04009893186714523,25,10,10
41,7352,0.9013049837362966,1.9289988440348835e-06,0.05884943761518013,0.039843649649679146,25,10,10
41,7353,0.9119361161762006,6.763453870118584e-07,0.04842786412520669,0.03963534335320592,25,10,10
41,7354,0.8561931636635188,2.5311740192506158e-06,0.11497168350656452,0.028832621655898727,25,10,10
41,7355,0.8106000672658749,0.00024397449867415518,0.1370720453301886,0.05208391290526219,25,10,10
41,7356,0.7803723250435968,6.399612616395113e-06,0.18078814799359497,0.038833127350191864,25,10,10
41,7357,0.8141174159456258,3.0103838252196772e-06,0.16188789532181352,0.02399167834873623,25,10,10
41,7358,0.9186283485139407,5.225787880700191e-05,0.05636704371727781,0.024952349889974385,25,10,10
41,7359,0.9323508104516784,3.3589029706967266e-06,0.04450018308470065,0.023145647560650393,25,10,10
41,7360,0.8294511388138407,7.869082009437388e-06,0.14681351815603588,0.023727473948113798,25,10,10
41,7361,0.8224832343814472,7.377599345839165e-06,0.170615145686869,0.00689424233233773,25,10,10
41,7362,0.8889109218506587,5.972523754978648e-07,0.10390686589351067,0.0071816150034550155,25,10,10
41,7363,0.8555088491277241,4.188925090196515e-07,0.14420298547914695,0.00028774650062044665,25,10,10
41,7364,0.9254820008732125,6.66508291463669e-06,0.07420130517720167,0.00031002886667130347,25,10,10
41,7365,0.9293466565004088,1.0236365553087493e-05,0.06941531351357164,0.0012277936204665731,25,10,10
41,7366,0.9381382559525799,6.904498116992684e-06,0.059891703582329356,0.00196313596697382,25,10,10
41,7367,0.8933066195220439,1.6594525853501954e-06,0.10624551955398606,0.00044620147138480783,25,10,10
41,7368,0.8759045286060055,1.9822888838312088e-06,0.12374243886691817,0.00035105023819263217,25,10,10
41,7369,0.8841747945028838,4.130204045595879e-06,0.11530781715048832,0.0005132581425816695,25,10,10
41,7370,0.9166837122621435,0.00040438429783228524,0.08289438362940305,1.7519810621554066e-05,25,10,10
41,7371,0.8558345244718015,1.0808428491617082e-05,0.14409510486274613,5.9562236961007806e-05,25,10,10
41,7372,0.867495214710241,2.747781528106259e-06,0.13248426058668844,1.7776921543674003e-05,25,10,10
41,7373,0.8823430081347774,0.00222582120682943,0.11534314353229565,8.802712609706805e-05,25,10,10
41,7374,0.9337295926079366,2.3958226013812454e-06,0.05428317839664861,0.011984833172813052,25,10,10
41,7375,0.9174029311909041,2.1697234675287924e-06,0.08071275483324848,0.0018821442523801499,25,10,10
41,7376,0.9290760949758904,1.9199323153980958e-05,0.07049310006919246,0.0004116056317632383,25,10,10
41,7377,0.865990972436399,1.7391714701127043e-05,0.13374505080213533,0.0002465850467657786,25,10,10
41,7378,0.9235503215098545,8.262849714169692e-07,0.07643411864219052,1.4733562983597569e-05,25,10,10
41,7379,0.8641627945888034,8.867066309019238e-07,0.13545402013545904,0.0003822985691064307,25,10,10
41,7380,0.8609371598703173,9.568717666950881e-05,0.1385563592441135,0.0004107937088990725,25,10,10
41,7381,0.8146159900650869,6.655596587308181e-05,0.18113515510140574,0.004182298867634518,25,10,10
41,7382,0.907517252566781,1.2659313097044839e-05,0.09100630024797658,0.0014637878721452,25,10,10
41,7383,0.8240448320100612,1.8635500016723688e-05,0.17093165414652822,0.0050048783433943745,25,10,10
41,7384,0.8653746564375041,5.189186961002554e-06,0.13321357066954131,0.0014065837059939262,25,10,10
41,7385,0.8257510027868148,4.0858107082414896e-05,0.17392442523791996,0.00028371386818358665,25,10,10
41,7386,0.8721627852211413,4.063336961519654e-06,0.1278068466475874,2.6304794309536572e-05,25,10,10
41,7387,0.8908302864920498,1.1520681754599455e-05,0.1090251382179377,0.0001330546082580565,25,10,10
41,7388,0.8593078677883268,9.49263757144294e-07,0.1371806936686983,0.003510489279217375,25,10,10
41,7389,0.8513555801379623,1.5929213825411165e-06,0.14838736264288055,0.0002554642977743873,25,10,10
41,7390,0.7979687591942912,6.354894903422398e-06,0.17199942965770496,0.030025456253101945,25,10,10
41,7391,0.8401246696097638,2.1469648190110655e-06,0.1202583052751328,0.03961487815028419,25,10,10
41,7392,0.8198868550331272,0.0004424264250368489,0.13984612011609332,0.039824598425741715,25,10,10
41,7393,0.7886089997694168,0.00045356336196096796,0.17112207473619834,0.039815362132424245,25,10,10
41,7394,0.7332970225095093,0.00044563156359978386,0.22963605374531754,0.03662129218157419,25,10,10
41,7395,0.8257776094147079,3.5723961711464076e-06,0.16525595336012397,0.008962864828997448,25,10,10
41,7396,0.8233058843818675,4.722891108445033e-06,0.17011902575131366,0.006570366975711778,25,10,10
41,7397,0.8635622058209169,5.104895860514199e-06,0.12977722394862398,0.0066554653345987655,25,10,10
41,7398,0.8661812699795449,4.1626673793857884e-05,0.12720859338201318,0.006568509964647983,25,10,10
41,7399,0.9250653062050631,7.524052001512914e-06,0.0728288197753726,0.0020983499675628495,25,10,10
41,7400,0.9176848447252012,1.7304894589392321e-06,0.08212893027746543,0.00018449450787438526,25,10,10
41,7401,0.9299281852864328,1.7525294378142725e-05,0.06957859614940294,0.0004756932697863134,25,10,10
41,7402,0.9272836494286968,2.6775179924881814e-05,0.07112731747941373,0.0015622579119655478,25,10,10
41,7403,0.8932208148790867,6.041673380768465e-07,0.10525565925894227,0.0015229216946330275,25,10,10
41,7404,0.9060372174179061,4.385285750608295e-07,0.09244813322915701,0.0015142108243619778,25,10,10
41,7405,0.8189123775468303,1.1794187332401049e-05,0.1714122367433552,0.009663591522482763,25,10,10
41,7406,0.8601697276867355,2.32001044938096e-05,0.1307162958207801,0.009090776387991032,25,10,10
41,7407,0.822136933706797,1.9969827018233814e-05,0.1725028250243164,0.005340271441867129,25,10,10
41,7408,0.8445298880937621,8.417844215303023e-05,0.1552297886505741,0.00015614481350937926,25,10,10
41,7409,0.8210129791354537,0.00019256638917451398,0.17873729203447283,5.7162440898621424e-05,25,10,10
41,7410,0.7888210739143551,5.274556110651455e-05,0.1748503712790115,0.03627580924552686,25,10,10
41,7411,0.8909148937823417,1.2421903500641095e-06,0.06915569231322988,0.03992817171407763,25,10,10
41,7412,0.8291723245878255,3.328387662761852e-06,0.13082442069486636,0.03999992632964457,25,10,10
41,7413,0.8343748599792454,3.1526745305888446e-06,0.1256221275362485,0.039999859809974316,25,10,10
41,7414,0.7940305197801538,1.8916023842074375e-05,0.1215634495470467,0.08438711464895667,25,10,10
41,7415,0.8238787856845768,1.4557919872820303e-05,0.13647744324955752,0.03962921314599302,25,10,10
41,7416,0.8310236215206916,3.846012179723672e-06,0.1311367101010412,0.037835822366087506,25,10,10
41,7417,0.7507584369790803,6.125696989371266e-06,0.21432988728489666,0.03490555003903315,25,10,10
41,7418,0.7872377864833726,3.0303923080474066e-06,0.18482024164473354,0.027938941479584933,25,10,10
41,7419,0.7507132043234186,2.0231140049539697e-06,0.22132539308411897,0.027959379478457946,25,10,10
41,7420,0.7971622922879935,1.043790648733315e-05,0.1627620731818443,0.04006519662367431,25,10,10
41,7421,0.7941301391094083,9.887530367941858e-06,0.14073617229739038,0.06512380106283334,25,10,10
41,7422,0.8527358545883991,6.814852226591668e-06,0.1083894590776959,0.03886787148167843,25,10,10
41,7423,0.8757723172153156,6.5156168528738785e-06,0.09535471742769484,0.028866449740136177,25,10,10
41,7424,0.8863763044974821,5.2604226501524e-06,0.0836208053972553,0.029997629682612423,25,10,10
41,7425,0.8084061247424492,1.0602294445876628e-05,0.1619562756284586,0.029626997334646216,25,10,10
41,7426,0.8195901789650781,5.662452686578135e-06,0.14416141374322577,0.036242744839010126,25,10,10
41,7427,0.7677778026358137,8.750943014613231e-06,0.20099860753330698,0.03121483888786617,25,10,10
41,7428,0.8003771874092628,8.140250156855673e-07,0.17482441647552172,0.024797582090199978,25,10,10
41,7429,0.9158771556150098,8.210677685188874e-06,0.08376364632130245,0.0003509873860023632,25,10,10
41,7430,0.9670637658956028,1.426176438827442e-05,0.03284976735452102,7.220498548799964e-05,25,10,10
41,7431,0.8066530265199959,8.493578011425295e-06,0.1533926084992724,0.03994587140272117,25,10,10
41,7432,0.8442519647392668,1.2042235992039556e-06,0.11611376128656152,0.03963306975057212,25,10,10
41,7433,0.8366872658753328,1.0635818274220333e-05,0.12320451468971426,0.040097583616678346,25,10,10
41,7434,0.8615241424099974,4.3067662247333415e-07,0.09782067306272273,0.040654753850658254,25,10,10
41,7435,0.8899258698002265,2.842866948974515e-07,0.07035476537872848,0.03971908053434986,25,10,10
41,7436,0.8949451809500263,9.580514011914497e-06,0.0653235723845898,0.039721666151371605,25,10,10
41,7437,0.8917043011860732,4.0227350492748e-05,0.07392599978659703,0.034329471676836934,25,10,10
41,7438,0.8301009494195875,2.686810519505965e-05,0.12985086622727093,0.040021316247946616,25,10,10
41,7439,0.7402215168077655,2.6768859566205894e-05,0.19494968799011786,0.06480202634255001,25,10,10
41,7440,0.732837868192806,1.670111404114288e-05,0.20123258880406705,0.0659128418890845,25,10,10
41,7441,0.7333347296428281,0.000563442911312396,0.20106815442462664,0.06503367302123275,25,10,10
41,7442,0.7597499393669803,3.5645626205352236e-05,0.15897357389110134,0.08124084111571271,25,10,10
41,7443,0.8290154102461824,1.3433519160332183e-05,0.10884840571375864,0.06212275052089887,25,10,10
41,7444,0.8075782430252539,3.1079214145603185e-05,0.1330859836255477,0.05930469413505342,25,10,10
41,7445,0.810438688604316,1.7271915599112943e-05,0.1296424675787801,0.05990157190130432,25,10,10
41,7446,0.8225944704690087,1.3846021873404613e-05,0.10603230410821432,0.0713593794009027,25,10,10
41,7447,0.8449000945941987,0.000438146312487596,0.0834954031669246,0.07116635592638859,25,10,10
41,7448,0.8389501346820059,1.278640189061569e-05,0.08146365827757812,0.07957342063852593,25,10,10
41,7449,0.8059612609306792,1.2996614758532424e-05,0.12156067934244272,0.07246506311211992,25,10,10
41,7450,0.8195599454239556,6.49799053574917e-07,0.14054580360032165,0.0398936011766692,25,10,10
41,7451,0.8410459153406794,1.5141796088108695e-06,0.11911521118489933,0.039837359294813,25,10,10
41,7452,0.834524020571546,2.55116505914394e-06,0.12558759485879845,0.03988583340459634,25,10,10
41,7453,0.8783236967043218,3.466332572400422e-07,0.0863449699022382,0.03533098676018311,25,10,10
41,7454,0.8612947439563213,4.1619290027131377e-07,0.1101235343531297,0.02858130549764889,25,10,10
41,7455,0.847205012780029,5.328735337634385e-07,0.10925477329266442,0.04353968105377213,25,10,10
41,7456,0.8201283553609207,4.071169297423132e-05,0.14013493574323,0.03969599720287676,25,10,10
41,7457,0.7935934738104297,5.07928685399912e-05,0.16672378611812583,0.03963194720290398,25,10,10
41,7458,0.7909960575662425,9.449676547556663e-06,0.16930853445731522,0.039685958299893846,25,10,10
41,7459,0.8033149265011226,1.4825317611361505e-05,0.1569111872387411,0.03975906094252405,25,10,10
41,7460,0.7957614928304642,1.8124995174126623e-05,0.15636910859687267,0.04785127357748857,25,10,10
41,7461,0.7967551344562152,1.5342298975436338e-06,0.15977565580509542,0.04346767550879015,25,10,10
41,7462,0.8435529168792258,1.5989221512956743e-06,0.11986804992538833,0.03657743427323466,25,10,10
41,7463,0.8499134121434353,9.085018082334674e-07,0.11020294468908096,0.03988273466567565,25,10,10
41,7464,0.8151875554873336,6.582238760398377e-07,0.10527185230339434,0.079539933985396,25,10,10
41,7465,0.7672035020800262,0.0012018775787198406,0.15835482945422302,0.07323979088703131,25,10,10
41,7466,0.7791714308052049,0.0012118310147768581,0.14650251260598143,0.07311422557403674,25,10,10
41,7467,0.8226611615217747,1.5725696438498913e-06,0.11068209186269139,0.0666551740458899,25,10,10
41,7468,0.8319881464944701,3.7019194922299814e-06,0.08982292273084724,0.07818522885519041,25,10,10
41,7469,0.7896114631197286,3.7357130847928693e-07,0.13051780917205688,0.07987035413690564,25,10,10
41,7470,0.8302525471561835,4.141250232170404e-06,0.093227791375585,0.07651552021799886,25,10,10
41,7471,0.7398398655549296,0.00017901746166132642,0.17813356750270468,0.08184754948070544,25,10,10
41,7472,0.8077374924899428,0.00017946816921147492,0.10969827394357717,0.08238476539726873,25,10,10
41,7473,0.8625932031646593,0.0001709588040880814,0.05590838649415442,0.08132745153709812,25,10,10
41,7474,0.879741292409807,7.846021057782443e-06,0.05379934188802115,0.06645151968111435,25,10,10
41,7475,0.7725169458983929,1.0716104524137233e-05,0.19326310908015082,0.03420922891693215,25,10,10
41,7476,0.8229281919097303,1.423352868919118e-05,0.09379819525324715,0.08325937930833381,25,10,10
41,7477,0.8727538596711062,6.2499997515503714e-06,0.0846981168890821,0.04254177344006123,25,10,10
41,7478,0.9256167469069907,2.6814512162140534e-06,0.051076549471865816,0.023304022169927028,25,10,10
41,7479,0.8150209500807679,3.858609857378668e-06,0.14496935954331466,0.04000583176606048,25,10,10
41,7480,0.7628542538900223,1.850004102227677e-06,0.17024746645649752,0.06689642964937795,25,10,10
41,7481,0.843223672932052,7.568530643666923e-07,0.07713408021819147,0.07964148999669174,25,10,10
41,7482,0.7822817870318203,9.542488278271345e-07,0.13679997780841302,0.08091728091093894,25,10,10
41,7483,0.7915475690332703,8.630990440288811e-07,0.12936654392012012,0.07908502394756572,25,10,10
41,7484,0.7952049910650183,1.6868131059672709e-06,0.14051221063574965,0.06428111148612554,25,10,10
41,7485,0.7939110466215916,2.240217120910003e-06,0.1418133481226295,0.06427336503865744,25,10,10
41,7486,0.8276250361796608,0.0002841799506113216,0.10771503564233081,0.06437574822739706,25,10,10
41,7487,0.8215127599404239,2.085612990251179e-06,0.09916190935738539,0.07932324508920087,25,10,10
41,7488,0.8078066081593598,0.0001717359801244459,0.1259126559171975,0.06610899994331881,25,10,10
41,7489,0.8631056744442716,1.636431355708128e-06,0.0711726411259422,0.06572004799843106,25,10,10
41,7490,0.8352674881638417,1.885864096397436e-05,0.08496101585715136,0.07975263733804322,25,10,10
41,7491,0.8069000139570036,1.8442310124622313e-06,0.12820496627355926,0.06489317553842501,25,10,10
41,7492,0.7874858545912672,1.0531836426021172e-05,0.1330976775353579,0.07940593603694883,25,10,10
41,7493,0.8055787147090011,9.86833112219554e-07,0.1184260530317346,0.0759942454261527,25,10,10
41,7494,0.7484114929955781,4.6554954155455965e-06,0.14366158329238327,0.10792226821662411,25,10,10
41,7495,0.7462945190710504,1.3528286317849815e-05,0.1244186715393864,0.1292732811032457,25,10,10
41,7496,0.7764650901337119,1.978474780745034e-05,0.14400005933101823,0.07951506578746255,25,10,10
41,7497,0.8614413953973429,1.412111427831405e-05,0.05922429392860058,0.07932018955977813,25,10,10
41,7498,0.768949653680775,0.00011200739845253785,0.15109394433233395,0.07984439458843955,25,10,10
41,7499,0.8225816631895198,3.468607714061651e-05,0.12907604180238497,0.04830760893095483,25,10,10
41,7500,0.8277293237188988,0.00010558011006292812,0.13238341434334294,0.039781681827693816,25,10,10
41,7501,0.8354628869130448,1.480372122822409e-07,0.12462352274393462,0.03991344230580869,25,10,10
41,7502,0.795340235892392,3.0654463631889613e-06,0.1729249917647646,0.03173170689647967,25,10,10
41,7503,0.8994299797212446,3.0061905702450297e-06,0.06936790884779111,0.031199105240394102,25,10,10
41,7504,0.8727880155973123,9.873382033203172e-06,0.08306761682745473,0.04413449419319969,25,10,10
41,7505,0.8592153123519646,1.0500497440642495e-05,0.1319325639636092,0.008841623186985764,25,10,10
41,7506,0.8296902158077575,3.041408637062391e-05,0.16515925210397575,0.005120118001895866,25,10,10
41,7507,0.9206273100443334,4.982270111968418e-07,0.07689328716445255,0.002478904564202129,25,10,10
41,7508,0.9314222714553317,6.998346097520295e-05,0.06843136669024981,7.637839344314992e-05,25,10,10
41,7509,0.8919641827218411,1.745534910515039e-05,0.10762765904154888,0.00039070288750455323,25,10,10
41,7510,0.8718823879658992,1.7781480653721835e-05,0.12762062908301808,0.00047920147042992576,25,10,10
41,7511,0.8105140013961037,1.765647027343509e-05,0.18884432604617143,0.000624016087451535,25,10,10
41,7512,0.8534054003440401,9.042940547222455e-05,0.1423916548093168,0.004112515441170991,25,10,10
41,7513,0.8213383097879742,7.584120151409246e-05,0.17779347510320317,0.0007923739073077317,25,10,10
41,7514,0.799123516926405,1.3185707883136011e-05,0.19717764219434503,0.003685655171366004,25,10,10
41,7515,0.8665626140867557,1.3772939910548206e-05,0.1289442832094624,0.004479329763870773,25,10,10
41,7516,0.9062998929430873,6.351183198087842e-06,0.09224415395641034,0.0014496019173043868,25,10,10
41,7517,0.8832677626002876,6.218443433466646e-05,0.11506853649896348,0.0016015164664135984,25,10,10
41,7518,0.8470816913292974,6.11816331918764e-05,0.11139990960222795,0.04145721743528259,25,10,10
41,7519,0.8372173043745774,6.755578102378766e-05,0.12133273207486274,0.041382407769536576,25,10,10
41,7520,0.8722887167264155,7.650380717735324e-06,0.08767795774894203,0.04002567514392391,25,10,10
41,7521,0.8049760184816696,2.4367604793853676e-05,0.15944123474573624,0.035558379167799636,25,10,10
41,7522,0.8739779749073625,6.93543807082573e-06,0.09033723338071907,0.035677856273847536,25,10,10
41,7523,0.846985638015804,3.9615806788989965e-05,0.1090754313422316,0.04389931483517488,25,10,10
41,7524,0.8283323288289843,7.023614342570805e-05,0.1271404209780712,0.044457014049518254,25,10,10
41,7525,0.868808949950336,7.661492182983783e-06,0.0906975833822054,0.04048580517527564,25,10,10
41,7526,0.8441643376436276,1.327219001310763e-05,0.11152542818454377,0.044296961981816,25,10,10
41,7527,0.838330857053804,8.581189011567429e-05,0.12187719353154149,0.03970613752453922,25,10,10
41,7528,0.8479919972080254,1.147773711636027e-05,0.11231576280522254,0.039680762249635,25,10,10
41,7529,0.9295655649441816,9.543209730790072e-06,0.03505598454052469,0.03536890730556254,25,10,10
41,7530,0.8470199544697741,0.0001510772376314345,0.11289867866613551,0.03993028962645824,25,10,10
41,7531,0.8906148703893263,0.0005113628788044017,0.1088179528644734,5.581386739550457e-05,25,10,10
41,7532,0.9187518632395674,0.0005120767567836477,0.08046755920755745,0.00026850079609268566,25,10,10
41,7533,0.9311629955836424,2.524444623087791e-06,0.045412649335157554,0.023421830636576796,25,10,10
41,7534,0.8734824116976821,1.4968329070111456e-05,0.08697396373918645,0.03952865623406174,25,10,10
41,7535,0.8708362615025603,2.120761657904066e-06,0.08939736355452724,0.03976425418125463,25,10,10
41,7536,0.9028074161020077,1.3424946168625921e-06,0.05753899900718887,0.039652242396186595,25,10,10
41,7537,0.9132803110524033,5.766484095257006e-07,0.05905762444876668,0.027661487850420382,25,10,10
41,7538,0.9489384415394798,1.3951925473435558e-07,0.011217418385164945,0.03984400055610091,25,10,10
41,7539,0.9237351245298373,1.1694764906590558e-06,0.036482706954515144,0.039780999039157196,25,10,10
41,7540,0.8344508214395928,4.797945187509393e-06,0.12525368535395162,0.040290695261267925,25,10,10
41,7541,0.8120246784681455,4.762575724258073e-06,0.1476149514253871,0.040355607530742306,25,10,10
41,7542,0.8902037990854633,5.159281591012378e-06,0.0780561777840261,0.03173486384891905,25,10,10
41,7543,0.8095419760043246,1.0004910821915109e-05,0.1587185823549034,0.03172943672994917,25,10,10
41,7544,0.8982364696001182,8.720732047165219e-06,0.0621167729754813,0.03963803669235359,25,10,10
41,7545,0.8732339784778465,1.0300266378312835e-05,0.1266590675803329,9.665367544308476e-05,25,10,10
41,7546,0.8967500072434976,9.701194521734851e-07,0.10312681209825852,0.0001222105387919234,25,10,10
41,7547,0.8848932609781395,0.003777701344751212,0.11084078078571799,0.00048825689139015506,25,10,10
41,7548,0.8338068657262226,2.343230132211739e-06,0.16572135623580042,0.0004694348078442113,25,10,10
41,7549,0.8130060121642606,2.4682152549426943e-06,0.18389895326894196,0.0030925663515415213,25,10,10
41,7550,0.8528142193554392,2.1583221113625153e-06,0.14664013897831243,0.0005434833441364765,25,10,10
41,7551,0.9002560874681849,9.338490046577866e-07,0.09664280737921725,0.003100171303593588,25,10,10
41,7552,0.8739934744191161,1.7098637202635889e-06,0.10320031421291877,0.022804501504245366,25,10,10
41,7553,0.8512413224139209,2.9729839327027408e-06,0.12561510148859958,0.023140603113547143,25,10,10
41,7554,0.8552616376832778,1.9016115328635876e-06,0.12171423904067391,0.023022221664515823,25,10,10
41,7555,0.8648786320416333,1.1811848079354573e-06,0.11019363144186929,0.02492655533168935,25,10,10
41,7556,0.8573510917398628,2.5670107304006295e-06,0.10235628589985239,0.040290055349554425,25,10,10
41,7557,0.8178677407219468,3.876354776328971e-05,0.14194987741909024,0.04014361831119846,25,10,10
41,7558,0.857274196992014,6.436564261590842e-06,0.09947335044614444,0.0432460159975796,25,10,10
41,7559,0.8696779157235649,0.000987225065062108,0.08979250344553151,0.039542355765840594,25,10,10
41,7560,0.8632181969188015,1.610600441900266e-05,0.09525931397393464,0.04150638310284474,25,10,10
41,7561,0.901832605071222,8.245505058927279e-06,0.061169876184820796,0.036989273238898286,25,10,10
41,7562,0.9412126349828236,8.39946334196222e-07,0.019145193568176087,0.03964133150266604,25,10,10
41,7563,0.8991317031141132,1.0272952790026673e-06,0.05953783025303725,0.0413294393375712,25,10,10
41,7564,0.9014231344428432,5.56113712640253e-05,0.05887814856334019,0.039643105622553104,25,10,10
41,7565,0.8848678731066693,1.5426457440873657e-06,0.09386914289016947,0.021261441357417407,25,10,10
41,7566,0.8352958105966637,2.3335345878598502e-06,0.13657717842235056,0.02812467744639787,25,10,10
41,7567,0.7784308274833793,2.7121527417750043e-06,0.19495102244341836,0.026615437920460415,25,10,10
41,7568,0.8494168906640482,1.0448698169958782e-06,0.11641513404360916,0.03416693042252564,25,10,10
41,7569,0.847403382429557,2.0482143057598176e-06,0.11123959529349073,0.041354974062646085,25,10,10
41,7570,0.8859251288519157,2.7247876640980435e-06,0.08624179207927034,0.027830354281149428,25,10,10
41,7571,0.8491176910713181,2.8904136929682955e-06,0.1231661578306371,0.027713260684351534,25,10,10
41,7572,0.8566359997652543,2.0295711538641597e-05,0.11420483550824649,0.02913886901495994,25,10,10
41,7573,0.8520430953520441,9.134451232957853e-06,0.10755400797494782,0.040393762221774716,25,10,10
41,7574,0.8044775024964366,1.6841650814140752e-05,0.15462236650870148,0.04088328934404668,25,10,10
41,7575,0.8927283555766344,1.4739364519281918e-06,0.10726720448225643,2.966004657478019e-06,25,10,10
41,7576,0.9072796268607423,3.824034383171436e-07,0.08427377055219491,0.008446220183625253,25,10,10
41,7577,0.8434636020097622,1.7305152274581202e-06,0.15366511363672128,0.0028695538382891,25,10,10
41,7578,0.8135484877988121,3.469250001746829e-06,0.1837302733758648,0.0027177695753205513,25,10,10
41,7579,0.8537707797140386,2.573496196054422e-05,0.14586682841539794,0.00033665690860232094,25,10,10
41,7580,0.7555406728473247,5.244091385650325e-05,0.2439900998129635,0.0004167864258568756,25,10,10
41,7581,0.8097541525579781,2.789444807807048e-05,0.189910065725621,0.0003078872683239845,25,10,10
41,7582,0.8724807548573358,1.728089184135603e-05,0.12198838312897245,0.005513581121850828,25,10,10
41,7583,0.8847282559102169,1.012650001052134e-05,0.11338756075772839,0.0018740568320446064,25,10,10
41,7584,0.8723531992295537,3.006713800332837e-05,0.1274902284100295,0.0001265052224138092,25,10,10
41,7585,0.8708009352510342,1.7282715895526916e-05,0.12885914703073365,0.0003226350023371651,25,10,10
41,7586,0.9273582791984794,5.480775720594623e-06,0.07257347155772721,6.276846807248564e-05,25,10,10
41,7587,0.9541678287666981,1.0587090444186104e-06,0.04574498847608883,8.61240481685584e-05,25,10,10
41,7588,0.9632828822489169,6.364559477844436e-07,0.03663554025621173,8.09410389230787e-05,25,10,10
41,7589,0.9603362035677554,1.0512638795019451e-05,0.0371480584912648,0.002505225302184093,25,10,10
41,7590,0.8772398999981652,1.0282001337026275e-05,0.12017619184488237,0.002573626155615313,25,10,10
41,7591,0.8443937304426595,0.00010974965001435118,0.15541179063222088,8.472927510604516e-05,25,10,10
41,7592,0.8961901889544918,0.00011783355972054409,0.10292856970996521,0.0007634077758232535,25,10,10
41,7593,0.9346558278067595,9.378320371310382e-07,0.06524604614361836,9.718821758532039e-05,25,10,10
41,7594,0.9184949193819336,3.692264395498342e-06,0.08140286185396983,9.852649970163822e-05,25,10,10
41,7595,0.8497494100533064,7.077514337197346e-05,0.14994546594103478,0.00023434886228684466,25,10,10
41,7596,0.8506098793206921,3.624128934502935e-06,0.1493625587300988,2.3937820274600588e-05,25,10,10
41,7597,0.8592459832254024,1.608847032083905e-06,0.1407266161592323,2.579176833200743e-05,25,10,10
41,7598,0.8475336885352709,9.725645120228843e-06,0.15128372663399423,0.0011728591856139132,25,10,10
41,7599,0.8014148775563765,8.603291510099827e-05,0.17306199714907497,0.025437092379448103,25,10,10
41,7600,0.7994634754934034,1.7540011786006928e-06,0.17307856463393606,0.02745620587148106,25,10,10
41,7601,0.830765023547588,2.5792491045166465e-06,0.14203361172807902,0.027198785475228613,25,10,10
41,7602,0.8638780891617944,2.9254151060688506e-06,0.10511751189736768,0.031001473525731727,25,10,10
41,7603,0.8454137728214769,9.410952802347507e-07,0.1399115180132477,0.014673768069996285,25,10,10
41,7604,0.8320383855276746,8.90014623887196e-06,0.14378967867386788,0.024163035652218265,25,10,10
41,7605,0.8856579819473042,8.899531868076901e-06,0.09171825784885693,0.022614860671970938,25,10,10
41,7606,0.7947336955701484,6.195335012169686e-07,0.13768556763565942,0.06758011726069106,25,10,10
41,7607,0.8107400480050666,3.951686678301619e-06,0.08461141605386231,0.10464458425439258,25,10,10
41,7608,0.8617339992770638,0.00023399104266413255,0.09397007042934828,0.04406193925092374,25,10,10
41,7609,0.8831420795059689,8.977136453217504e-06,0.03770821998501971,0.0791407233725579,25,10,10
41,7610,0.8417111963176593,1.4090055673034448e-06,0.12549206829584963,0.032795326380924694,25,10,10
41,7611,0.8973715708383416,3.88100109945283e-07,0.07667799837503439,0.025950042686513727,25,10,10
41,7612,0.8164966805022871,0.00021577856921343018,0.14584677848655048,0.03744076244194847,25,10,10
41,7613,0.773877625103702,1.2959241964449202e-06,0.21341981782737685,0.0127012611447249,25,10,10
41,7614,0.7654500510063529,1.2966323173818175e-05,0.21900390780561513,0.015533074864858158,25,10,10
41,7615,0.811387671443307,1.1782768203210588e-05,0.18825884417949165,0.0003417016089972668,25,10,10
41,7616,0.8626025707228321,7.374380296828873e-07,0.13719434301277314,0.00020234882636469473,25,10,10
41,7617,0.8198031816535725,4.2128959863393996e-05,0.17989346260589958,0.0002612267806643573,25,10,10
41,7618,0.8766222382528736,6.14283795802162e-07,0.12318391356680884,0.0001932338965212807,25,10,10
41,7619,0.9071410933348882,6.099091955277024e-07,0.09272841720021324,0.00012987955570217986,25,10,10
41,7620,0.956976857320511,0.000765168435486364,0.04212812774168577,0.00012984650231699538,25,10,10
41,7621,0.9236704887898232,1.2680798039582927e-06,0.07507467055395167,0.0012535725764211535,25,10,10
41,7622,0.8985518708190264,8.114050440570566e-06,0.10097308347424146,0.0004669316562910978,25,10,10
41,7623,0.8789558359537462,9.010867430712932e-06,0.11611696526837983,0.004918187910443654,25,10,10
41,7624,0.8403709029847188,8.39391253380356e-06,0.1528993949160564,0.006721308186690872,25,10,10
41,7625,0.8308364551414976,5.340986446093484e-07,0.1428173552105208,0.026345655549336405,25,10,10
41,7626,0.8034830123068916,3.963746459862836e-06,0.17102248779193133,0.025490536154717414,25,10,10
41,7627,0.8232213684848779,1.2197468293780105e-05,0.13632951556947012,0.040436918477358315,25,10,10
41,7628,0.8606205654104389,1.1398868190856606e-05,0.10252149069584679,0.03684654502552331,25,10,10
41,7629,0.8326745038236257,1.5893866781976915e-05,0.1267846387742678,0.040524963535324254,25,10,10
41,7630,0.8092965398593789,1.860777702807031e-05,0.15042560791743742,0.04025924444615593,25,10,10
41,7631,0.8805747330880576,1.020251487423299e-06,0.0793889932629219,0.04003525339753281,25,10,10
41,7632,0.9294500624153453,1.0430248744551822e-06,0.03728575562209512,0.03326313893768508,25,10,10
41,7633,0.8713514543578058,0.00027593404656260466,0.0766773010127791,0.051695310582852594,25,10,10
41,7634,0.8270652956996861,7.565520861479162e-07,0.10194210601948747,0.07099184172873986,25,10,10
41,7635,0.7877700160256248,0.00013202617258697142,0.15301729037065687,0.059080667431130156,25,10,10
41,7636,0.7890433692668374,0.00011988295408510082,0.15144832442796308,0.059388423351114585,25,10,10
41,7637,0.7949880979168351,1.4500832064297239e-05,0.12360975744650204,0.08138764380459898,25,10,10
41,7638,0.8205604270618823,1.9921964255903945e-06,0.09875918137474882,0.08067839936694292,25,10,10
41,7639,0.7733281940497311,7.174440868957779e-07,0.13632239683204103,0.09034869167414016,25,10,10
41,7640,0.7978123325068597,5.875372641985027e-07,0.0972202291757244,0.10496685078015115,25,10,10
41,7641,0.7876406389043005,1.1529565614696892e-06,0.09958675335640661,0.1127714547827313,25,10,10
41,7642,0.6300957186518309,1.3824726856845313e-05,0.229317438302538,0.14057301831877422,25,10,10
41,7643,0.6266896211784746,0.00023941950802121726,0.2429938421235979,0.1300771171899058,25,10,10
41,7644,0.7256950547483021,2.5015534199811485e-05,0.2018173265800443,0.07246260313745465,25,10,10
41,7645,0.7910633693182377,3.379418830363721e-06,0.13847512176195395,0.07045812950097799,25,10,10
41,7646,0.7958076933783009,1.2893177400564023e-05,0.12032435883366421,0.08385505461063371,25,10,10
41,7647,0.7720063940733632,1.999761606872973e-05,0.1601949646413331,0.06777864366923558,25,10,10
41,7648,0.8152270204054891,7.530519078023422e-06,0.10320599950329852,0.08155944957213503,25,10,10
41,7649,0.7907127550858487,7.951259192779669e-05,0.12957648972059801,0.07963124260162462,25,10,10
41,7650,0.8230607564108502,1.6555657359323901e-06,0.0784928267233962,0.09844476130001734,25,10,10
41,7651,0.8151339191680352,8.036443661869269e-05,0.07551413137788884,0.1092715850174572,25,10,10
41,7652,0.8255477115621656,1.2805439221780456e-06,0.05500083791733031,0.11945016997658167,25,10,10
41,7653,0.730402757400612,1.9274402980561695e-06,0.14919055832693912,0.12040475683215064,25,10,10
41,7654,0.8153514202518936,2.672271563654075e-06,0.11343373688149536,0.07121217059504738,25,10,10
41,7655,0.7974529854423439,2.433536993370086e-05,0.1375860678628675,0.06493661132485505,25,10,10
41,7656,0.7499624911733765,7.752499353722326e-06,0.16913625767659227,0.08089349865067723,25,10,10
41,7657,0.7144603509202956,9.037017843019527e-07,0.14970784485901417,0.13583090051890637,25,10,10
41,7658,0.7114247425768468,1.2523724251040346e-05,0.16628475074192117,0.12227798295698213,25,10,10
41,7659,0.7096111259394055,1.4803801612492157e-06,0.17093247953790974,0.11945491414252488,25,10,10
41,7660,0.7586118369279389,3.3734532623868004e-05,0.1383556304848927,0.1029987980545446,25,10,10
41,7661,0.7865376833032199,2.047212399442259e-05,0.10505334535066713,0.10838849922211814,25,10,10
41,7662,0.8266992995118113,9.022016875547617e-07,0.037119225366546306,0.1361805729199545,25,10,10
41,7663,0.7458342190904946,3.485914760647312e-05,0.10046347468346845,0.15366744707843122,25,10,10
41,7664,0.7708926612302824,5.550371307858488e-07,0.0814954289361636,0.14761135479642307,25,10,10
41,7665,0.6979897544142475,5.892635175288655e-07,0.1773492393358105,0.12466041698642458,25,10,10
41,7666,0.663182429992726,3.609119494575144e-06,0.17158091051987234,0.16523305036790747,25,10,10
41,7667,0.678870911403231,7.1797876035118e-06,0.19343574854123896,0.12768616026792784,25,10,10
41,7668,0.6807102879043723,1.7900841920838782e-05,0.1597908010684748,0.15948101018523148,25,10,10
41,7669,0.7205073001057296,2.834718100821295e-05,0.16050415897157033,0.11896019374169146,25,10,10
41,7670,0.7887017282788387,2.1666312357867726e-05,0.09212544539453964,0.11915116001426396,25,10,10
41,7671,0.7750414280453964,1.8925891539106537e-05,0.1334827568003654,0.09145688926269914,25,10,10
41,7672,0.7973809551731722,3.0362786345332177e-05,0.14806699032257722,0.05452169171790421,25,10,10
41,7673,0.8330137472408164,3.3775806545457674e-05,0.11392761867465918,0.05302485827797912,25,10,10
41,7674,0.7872123633280377,1.349572177070101e-06,0.19274150365225823,0.020044783447526426,25,10,10
41,7675,0.8553304202751589,2.0053849593411866e-06,0.13143550905952878,0.013232065280352256,25,10,10
41,7676,0.9191142227909791,2.142192250962965e-06,0.08079431425019813,8.9320766571483e-05,25,10,10
41,7677,0.9086228789112251,1.994713609149773e-06,0.09136140057820179,1.3725796963918787e-05,25,10,10
41,7678,0.8064398078645807,5.269495766428091e-05,0.1931175165149098,0.000389980662845689,25,10,10
41,7679,0.9228978369306998,4.1771208160112957e-07,0.07671563389715522,0.0003861114600626814,25,10,10
41,7680,0.9716805850663901,1.3974109303921835e-06,0.028115127815858433,0.00020288970682079136,25,10,10
41,7681,0.8973346450498912,7.19288948607929e-07,0.10253155021177188,0.00013308544938842894,25,10,10
41,7682,0.8673309409901951,0.00021997055419281314,0.13219217432734623,0.000256914128265489,25,10,10
41,7683,0.897725812745593,1.3854358350506302e-05,0.10049614470637684,0.0017641881896797585,25,10,10
41,7684,0.8657834790383787,7.417703852438144e-05,0.1310839034913306,0.0030584404317666332,25,10,10
41,7685,0.877502751578404,2.085336349642819e-06,0.11845008432438446,0.004045078760861639,25,10,10
41,7686,0.8929149268558938,5.209492841977268e-07,0.09631071090436576,0.010773841290455879,25,10,10
41,7687,0.8859553881034107,2.644381467367939e-06,0.11386843768451033,0.000173529830611807,25,10,10
41,7688,0.8794000958340561,2.1643305682847e-06,0.1205449135969656,5.28262384096177e-05,25,10,10
41,7689,0.8236794821146799,0.0001119711570149492,0.17601579672281342,0.0001927500054911762,25,10,10
41,7690,0.8797773719848291,1.057763782959364e-05,0.07898230451514884,0.041229745862192274,25,10,10
41,7691,0.8758295453708977,2.30337698222694e-05,0.0833451388008209,0.04080228205845928,25,10,10
41,7692,0.9010447854767172,3.607144896736186e-06,0.06984810387891201,0.029103503499473916,25,10,10
41,7693,0.8439726404407436,8.68178336270131e-07,0.12656408440212694,0.02946240697879308,25,10,10
41,7694,0.8283395309033057,8.506655541639094e-06,0.13005525615365943,0.04159670628749265,25,10,10
41,7695,0.7983660253334004,3.672466760255703e-06,0.16036270839232183,0.04126759380751795,25,10,10
41,7696,0.8274892053064731,8.643440331782287e-07,0.1491651327537447,0.023344797595748815,25,10,10
41,7697,0.783766686263185,0.0002164878900284081,0.1762428564954054,0.03977396935138128,25,10,10
41,7698,0.7904130729531214,0.0002179523199463694,0.16970301082512687,0.03966596390180443,25,10,10
41,7699,0.8291827576144941,2.808603968380815e-05,0.13054617686876063,0.04024297947706116,25,10,10
41,7700,0.8725871033586161,2.791864629671769e-05,0.08733141742091183,0.040053560574175265,25,10,10
41,7701,0.8550805233576271,2.810332417018911e-05,0.10724978562572182,0.03764158769248086,25,10,10
41,7702,0.8273893421895644,2.8328639543790526e-05,0.13498931124141905,0.037593017929472713,25,10,10
41,7703,0.8752684749929165,2.6489385421870953e-05,0.08471680549332403,0.03998823012833782,25,10,10
41,7704,0.8664364026154391,2.8390273151722416e-05,0.10719251724190441,0.026342689869505827,25,10,10
41,7705,0.8781061603657698,8.734076345514531e-07,0.08216468894767523,0.039728277278920726,25,10,10
41,7706,0.7992341495119727,1.7522774994159336e-06,0.1746658023752992,0.026098295835229494,25,10,10
41,7707,0.8111855723798682,2.994854358138497e-06,0.1625705188094497,0.026240913956323837,25,10,10
41,7708,0.8292252311411233,9.200027568580588e-07,0.13110393409082258,0.03966991476529709,25,10,10
41,7709,0.8467345636895263,1.9924989636003695e-06,0.14951844880482823,0.0037449950066819194,25,10,10
41,7710,0.9072600368055105,1.423659118321313e-05,0.06874004005162619,0.023985686551680197,25,10,10
41,7711,0.8601037518997303,1.3825860624889078e-05,0.12813683841261672,0.011745583827027334,25,10,10
41,7712,0.8496087028121689,2.1504253097023025e-06,0.12442131182442305,0.02596783493809768,25,10,10
41,7713,0.8468734971508151,1.0314863494393515e-06,0.12702797579973532,0.026097495563099628,25,10,10
41,7714,0.8139026463676275,1.2926086551489843e-06,0.15211394657372163,0.033982114449996895,25,10,10
41,7715,0.8028321373963522,1.3415268940822538e-06,0.16330148258779528,0.033865038488959116,25,10,10
41,7716,0.8460432623991805,8.954741162060677e-06,0.11434517237083852,0.03960261048881948,25,10,10
41,7717,0.834875084317321,2.330524948217464e-06,0.12518218167948794,0.039940403478242924,25,10,10
41,7718,0.8096922716159746,4.291216896506501e-06,0.12350766612006174,0.06679577104706791,25,10,10
41,7719,0.8100114058785265,4.652213385524111e-05,0.14656560097820548,0.04337647100941311,25,10,10
41,7720,0.8380439404704809,5.166828741564242e-05,0.12164086797434408,0.040263523267759144,25,10,10
41,7721,0.8493881505865822,1.9811400507833574e-05,0.11092102053097992,0.03967101748193018,25,10,10
41,7722,0.7977628886784529,3.686131466420574e-05,0.16948600012973908,0.03271424987714331,25,10,10
41,7723,0.8594985679292445,2.8169814993660455e-06,0.1002692864830965,0.04022932860615974,25,10,10
41,7724,0.8138393569129702,7.572474324201543e-07,0.18566489064068878,0.000494995198909238,25,10,10
41,7725,0.8496564731357675,0.00019395291750253657,0.1424402729542891,0.007709300992440193,25,10,10
41,7726,0.7711782999043472,0.0007766412610297241,0.19468248104587857,0.03336257778874412,25,10,10
41,7727,0.8586097635029648,0.00016671981790584452,0.10196505730686463,0.03925845937226506,25,10,10
41,7728,0.7678190848144295,1.8567320822834413e-07,0.1767944111978995,0.05538631831446161,25,10,10
41,7729,0.692239603009356,0.00022251147645052733,0.25581976491751435,0.05171812059667888,25,10,10
41,7730,0.7352036066111236,0.00022197446521546107,0.21277433240405025,0.05180008651961071,25,10,10
41,7731,0.7868567192338992,0.00023191731231478622,0.16015947386485166,0.052751889588933995,25,10,10
41,7732,0.8123721028877161,1.2896266441431675e-05,0.17240326747186732,0.01521173337397404,25,10,10
41,7733,0.775971081198149,2.2974059564054363e-05,0.2088226005292855,0.015183344213001842,25,10,10
41,7734,0.7287175043093069,4.2577384036585975e-05,0.2527742128358673,0.018465705470789743,25,10,10
41,7735,0.7424696400139643,4.122717874473728e-05,0.24363151992682938,0.013857612880463008,25,10,10
41,7736,0.7387955169724983,5.614305303510868e-06,0.2506390881764062,0.010559780545792622,25,10,10
41,7737,0.7428192851901343,2.7085891191371086e-06,0.246624032192139,0.01055397402860732,25,10,10
41,7738,0.8651888777768046,3.3941822455931284e-06,0.12371529279663926,0.01109243524431071,25,10,10
41,7739,0.8821559002478828,6.381658277528512e-06,0.09267216480783257,0.025165553286007284,25,10,10
41,7740,0.8444970583791351,1.1779362495903496e-05,0.09084050372608132,0.06465065853228863,25,10,10
41,7741,0.7842590250732201,1.7621516006731592e-05,0.17027166828864002,0.04545168512213494,25,10,10
41,7742,0.7076172952847217,1.3153534887139586e-05,0.2469126004323973,0.04545695074799398,25,10,10
41,7743,0.7964870321045207,7.387664766508181e-06,0.15727769652458318,0.04622788370613011,25,10,10
41,7744,0.8344640111123615,1.1967459326942705e-05,0.12487989828638245,0.04064412314192842,25,10,10
41,7745,0.7582794346920371,1.2087328357965914e-05,0.1674895519739136,0.0742189260056906,25,10,10
41,7746,0.7791049337694486,4.106494484116242e-06,0.12535297606971385,0.09553798366635283,25,10,10
41,7747,0.7790350284445721,3.412909464678815e-07,0.11733601834595078,0.10362861191853046,25,10,10
41,7748,0.7184231190640291,1.1316285926994091e-06,0.22984886813259733,0.05172688117478051,25,10,10
41,7749,0.7748104455236657,1.2527607764832426e-06,0.15742320260226822,0.06776509911328935,25,10,10
41,7750,0.7934308809923546,8.538282345864516e-06,0.1269334865275169,0.07962709419778262,25,10,10
41,7751,0.8420240926258771,0.00012884307435001411,0.11716846035633688,0.04067860394343647,25,10,10
41,7752,0.9080530014727899,3.9127095547432337e-07,0.05231692392965349,0.03962968332660125,25,10,10
41,7753,0.8826986102766448,1.4586806196068992e-05,0.07753704177898807,0.039749761138171434,25,10,10
41,7754,0.8847601439150502,2.075231758897816e-06,0.07558008407537366,0.03965769677781781,25,10,10
41,7755,0.8845508531067588,6.19819039905308e-05,0.0757292087096357,0.03965795627961495,25,10,10
41,7756,0.8309708375420413,0.00019142499192001373,0.13319888764443616,0.035638849821602744,25,10,10
41,7757,0.9102272414155449,8.334824383245018e-07,0.04956722854439707,0.04020469655761952,25,10,10
41,7758,0.884635888050419,7.747309454381363e-07,0.07570521242640951,0.039658124792226516,25,10,10
41,7759,0.8797262589880275,3.7524413750689643e-06,0.08062225657298602,0.03964773199761085,25,10,10
41,7760,0.7793761132586288,7.372730197037428e-07,0.16529331627544366,0.05532983319290592,25,10,10
41,7761,0.7193380700861511,2.1414901434062586e-05,0.20923835982810035,0.0714021551843137,25,10,10
41,7762,0.8276120732207111,7.481454303591872e-06,0.09081280453098264,0.08156764079400242,25,10,10
41,7763,0.8069832647287442,2.884128734461419e-06,0.14568004018743821,0.04733381095508322,25,10,10
41,7764,0.8376284107346028,1.8714855355775777e-06,0.11484372457582957,0.04752599320403205,25,10,10
41,7765,0.8109063284815405,3.2152275426841806e-06,0.14188903641666803,0.047201419874247884,25,10,10
41,7766,0.8981394120814953,1.7701927656364389e-06,0.05860037728176146,0.04325844044397725,25,10,10
41,7767,0.8855495373279456,1.4713121449327557e-06,0.07122654333093482,0.043222448028974875,25,10,10
41,7768,0.8940084118997217,9.287825867643655e-07,0.06289030849459669,0.043100350823095,25,10,10
41,7769,0.8598726845350363,5.274212511795177e-07,0.09709134032677326,0.04303544771693885,25,10,10
41,7770,0.8466983503098685,1.4576450830046488e-05,0.0677548685153493,0.08553220472395191,25,10,10
41,7771,0.8547360836883725,3.8157549820374587e-07,0.07760586239983902,0.06765767233629034,25,10,10
41,7772,0.8259403200985236,1.949962153670943e-05,0.1097178750904466,0.06432230518949451,25,10,10
41,7773,0.8500707899188238,0.00016117044444876425,0.10517442072213719,0.04459361891459025,25,10,10
41,7774,0.8327485383900233,0.00017927741482901436,0.1277106128671632,0.0393615713279845,25,10,10
41,7775,0.879680124785083,2.5188912742288836e-06,0.08068335447786114,0.03963400184578164,25,10,10
41,7776,0.8706137554817006,1.8211568497182904e-06,0.08910941867912685,0.04027500468232306,25,10,10
41,7777,0.7707765868644728,1.2745749085278999e-05,0.18953247287428812,0.039678194512153764,25,10,10
41,7778,0.7606224882111816,1.6306593799487413e-06,0.21334155648256461,0.026034324646874985,25,10,10
41,7779,0.8199505580936364,8.610211089704738e-07,0.13751998398741544,0.042528596897839305,25,10,10
41,7780,0.880514006201245,9.341667622125364e-07,0.09463146302134313,0.024853596610649776,25,10,10
41,7781,0.8510196532783947,9.065657702920595e-05,0.09971547714657009,0.04917421299800653,25,10,10
41,7782,0.8383742144825402,0.002627321379962561,0.12379046733236106,0.035207996805135935,25,10,10
41,7783,0.8388564001641522,0.002628021351141832,0.12324604697158464,0.03526953151312196,25,10,10
41,7784,0.8993510780777744,0.002636193364377715,0.07137228174821561,0.026640446809632692,25,10,10
41,7785,0.9031891805298065,0.0026458648266042993,0.06658259720975225,0.027582357433837336,25,10,10
41,7786,0.8677818481129376,0.0026953398195302142,0.1019175593799706,0.027605252687560658,25,10,10
41,7787,0.8892354678413393,6.0696498511576504e-05,0.07040760644891385,0.04029622921123517,25,10,10
41,7788,0.8714336183674689,0.0003105723048706913,0.06091913510120819,0.06733667422645255,25,10,10
41,7789,0.8656284577039932,1.2845167484206356e-06,0.07937499735728845,0.05499526042196942,25,10,10
41,7790,0.8357583272178981,0.0004351512501236457,0.09703613613656285,0.06677038539541638,25,10,10
41,7791,0.8128424605616016,1.046943412475146e-06,0.11015623169917,0.07700026079581695,25,10,10
41,7792,0.7936388491961016,8.251912155951846e-07,0.12806533107295645,0.0782949945397264,25,10,10
41,7793,0.845042523197944,7.91518950451159e-06,0.11723907339546485,0.03771048821708711,25,10,10
41,7794,0.8072251358128,0.0003572557298945261,0.15468877615995594,0.03772883229735024,25,10,10
41,7795,0.7645655006578922,0.0002595350871366957,0.19515019989291,0.04002476436205989,25,10,10
41,7796,0.7036004383344268,8.375338212875117e-06,0.25617974811347904,0.0402114382138818,25,10,10
41,7797,0.7948439830780498,1.8030823483603668e-06,0.1727068862401903,0.0324473275994101,25,10,10
41,7798,0.8280576969389328,1.5123402288889937e-05,0.13251360104208676,0.03941357861669046,25,10,10
41,7799,0.7714955343097263,1.394576380389833e-05,0.184632860760112,0.04385765916635856,25,10,10
41,7800,0.7670251907552985,8.823481309481479e-06,0.18387261946866573,0.04909336629472714,25,10,10
41,7801,0.7887526999062543,7.981400449604734e-06,0.13505805027651363,0.07618126841678187,25,10,10
41,7802,0.8507666720305345,6.629075912774349e-05,0.08267004483165125,0.06649699237868664,25,10,10
41,7803,0.8538792855872721,6.786947521840152e-05,0.1017003610982402,0.04435248383926993,25,10,10
41,7804,0.8167241924735629,8.43259233789257e-06,0.13773351681423318,0.045533858119866155,25,10,10
41,7805,0.8705023417027725,6.705308974239735e-06,0.09122422736750499,0.03826672562074804,25,10,10
41,7806,0.7994673612427121,1.973895691106795e-06,0.12403702196865433,0.07649364289294223,25,10,10
41,7807,0.8257200492028504,2.436489582706199e-06,0.102946798498867,0.07133071580869847,25,10,10
41,7808,0.8418972061472871,0.0003260962328426175,0.11631851532411903,0.04145818229575083,25,10,10
41,7809,0.8716949726595972,0.00035798380822468925,0.09245799288094682,0.03548905065123124,25,10,10
41,7810,0.7852238240300008,8.059322547987595e-05,0.17696109220900735,0.037734490535511644,25,10,10
41,7811,0.8601087055745144,0.00032235145583678034,0.09969033735848416,0.039878605611164755,25,10,10
41,7812,0.7444097320646894,1.4568814929027771e-05,0.21629295641424243,0.039282742706139816,25,10,10
41,7813,0.7664963428174911,8.179502328257726e-06,0.2052998775477005,0.028195600132480843,25,10,10
41,7814,0.8016742342156443,1.150602609417452e-05,0.19550594955477962,0.002808310203482858,25,10,10
41,7815,0.8303659880093254,3.7079709407586116e-05,0.16915016112413755,0.00044677115713072417,25,10,10
41,7816,0.882445113158637,0.003589132692115617,0.11286461624886308,0.001101137900385105,25,10,10
41,7817,0.9213881251477176,1.6148627080447287e-05,0.07858043449037563,1.5291734827090144e-05,25,10,10
41,7818,0.8247776279083243,1.1915756905354472e-05,0.17517809990783167,3.235642693783167e-05,25,10,10
41,7819,0.849292193266799,2.6050674886017035e-06,0.1502669609433219,0.0004382407223900278,25,10,10
41,7820,0.887295692669685,1.6168335078554588e-06,0.11232267366478449,0.0003800168320223422,25,10,10
41,7821,0.8792635385710252,5.694421542050078e-07,0.12062178461011815,0.00011410737670287347,25,10,10
41,7822,0.9185134288121795,1.4976896794650198e-05,0.08125766369569241,0.00021393059533381646,25,10,10
41,7823,0.938807646271801,2.338405077030522e-06,0.0609626798148839,0.00022733550823821866,25,10,10
41,7824,0.954344454692503,1.5726437260813935e-06,0.045488700012794016,0.00016527265097731066,25,10,10
41,7825,0.9708130335102987,7.913531012437149e-07,0.028917233338756634,0.00026894179784380613,25,10,10
41,7826,0.9334753615782434,1.4059868034038215e-06,0.06619948921388037,0.00032374322107325,25,10,10
41,7827,0.8826998708852437,3.3452298416519578e-06,0.11700786941978966,0.00028891446512521057,25,10,10
41,7828,0.8467996300040389,2.03765585169817e-06,0.15315387554440968,4.445679569860925e-05,25,10,10
41,7829,0.8828255135796794,9.168935673421016e-06,0.11668578432016076,0.0004795331644854041,25,10,10
41,7830,0.8236277529540631,9.285589311390741e-06,0.14960600911154157,0.02675695234508269,25,10,10
41,7831,0.7033084123867077,1.7097590757521862e-06,0.25378733832454836,0.042902539529667834,25,10,10
41,7832,0.8241142197803423,5.4423937080654335e-05,0.1403370013646154,0.0354943549179628,25,10,10
41,7833,0.8041148267119376,4.793295020589044e-05,0.1600837453507856,0.035753494987070596,25,10,10
41,7834,0.8562388358712021,1.1180145792887294e-05,0.10088503407168538,0.04286494991131929,25,10,10
41,7835,0.790992096201819,1.623422845971357e-05,0.16923938905224298,0.03975228051747888,25,10,10
41,7836,0.8625389116593511,2.5735290747128325e-05,0.13736615241707598,6.920063282664315e-05,25,10,10
41,7837,0.8867156174840245,1.4432656578613623e-06,0.11305712221494996,0.00022581703536758712,25,10,10
41,7838,0.7904469867960005,1.2875562878970706e-05,0.2093179988271887,0.0002221388139313636,25,10,10
41,7839,0.7942593487551551,2.4106420217260575e-05,0.2054052473546717,0.0003112974699552397,25,10,10
41,7840,0.7687683932696149,1.871159128356496e-05,0.23041766019466098,0.0007952349444408012,25,10,10
41,7841,0.7717099323776451,1.2012272467977492e-06,0.22750719316086765,0.00078167323424174,25,10,10
41,7842,0.8562479718989259,3.6051932435507565e-06,0.14314439450813118,0.0006040283997003107,25,10,10
41,7843,0.8410959668017685,1.303400625991999e-06,0.15818323201522394,0.0007194977823818425,25,10,10
41,7844,0.9570377339095295,6.924876176192591e-07,0.04276614524868571,0.0001954283541669252,25,10,10
41,7845,0.9320418116365414,1.9494797035368213e-05,0.06779530274345037,0.00014339082297291138,25,10,10
41,7846,0.9196404033285088,5.704797094724307e-06,0.08025775422506305,9.613764933374718e-05,25,10,10
41,7847,0.9084057895932406,5.650101779294203e-06,0.09126571744144597,0.00032284286353424085,25,10,10
41,7848,0.9576258161322364,5.596534554204983e-06,0.03938025077830905,0.0029883365549004197,25,10,10
41,7849,0.9268186749000603,6.433855159377873e-06,0.07013791347722952,0.0030369777675519453,25,10,10
41,7850,0.8583901589213115,1.2024757307221718e-05,0.14149728695777364,0.0001005293636070019,25,10,10
41,7851,0.83764562633325,6.060676710116354e-05,0.16222963506577914,6.413183386858056e-05,25,10,10
41,7852,0.8683912780335794,1.9865082419111257e-05,0.1315374929881492,5.136389585121557e-05,25,10,10
41,7853,0.889053380917307,2.5894497165440434e-06,0.11085658625561651,8.744337735943605e-05,25,10,10
41,7854,0.8228530574915467,1.505946058720834e-06,0.17672136707701946,0.00042406948537532295,25,10,10
41,7855,0.8452376882366593,1.1276980384156371e-05,0.15168599557907658,0.003065039203878862,25,10,10
41,7856,0.9093098462783581,2.0497171937774406e-05,0.0906598090338715,9.847515832640419e-06,25,10,10
41,7857,0.8632255666576001,8.336864178870187e-07,0.13656439004473556,0.00020920961124651236,25,10,10
41,7858,0.9339382878306999,1.5641773698087322e-07,0.06602747559021327,3.408016135040256e-05,25,10,10
41,7859,0.9199915175965039,1.4307236754516902e-07,0.0799910481494208,1.7291181707174807e-05,25,10,10
41,7860,0.8504958477234942,4.3795299626283735e-05,0.14933677115010308,0.00012358582677636517,25,10,10
41,7861,0.8459214504751535,0.00018958625869907195,0.15372026362171082,0.000168699644435341,25,10,10
41,7862,0.9208268760403668,2.529191298992269e-05,0.07909761300804437,5.021903859864031e-05,25,10,10
41,7863,0.8862894788237743,2.4977062522759588e-05,0.10906690359379809,0.0046186405199043455,25,10,10
41,7864,0.8681476876969093,5.471258993474347e-06,0.131719713445917,0.00012712759818062005,25,10,10
41,7865,0.9003920141429024,6.175567661802408e-06,0.0993481294912706,0.0002536807981657282,25,10,10
41,7866,0.8757575461993838,3.526542056350861e-05,0.12414484252986856,6.234585018327973e-05,25,10,10
41,7867,0.8759978885132359,4.208601190297995e-05,0.12350573964040011,0.00045428583446032166,25,10,10
41,7868,0.828721751564401,8.677223350381523e-05,0.14244926416369424,0.028742212038401074,25,10,10
41,7869,0.874318108938651,0.0007176410953734784,0.08485883743572893,0.04010541253024792,25,10,10
41,7870,0.8523640023841449,1.0153938039997298e-06,0.12272129417858688,0.02491368804346473,25,10,10
41,7871,0.8977616498276652,8.286886370225723e-06,0.07747296201178201,0.024757101274181577,25,10,10
41,7872,0.8137240804291597,5.6177778479691376e-05,0.16153691796910963,0.024682823823252598,25,10,10
41,7873,0.848847957759347,8.62845089346337e-06,0.12634119281651254,0.024802220973247725,25,10,10
41,7874,0.8211528078639049,1.6564005467576574e-06,0.13936334928025876,0.03948218645529043,25,10,10
41,7875,0.8559256639454638,0.0006311380302992431,0.10396110697201999,0.03948209105221677,25,10,10
41,7876,0.8693053687382304,1.3748286445285908e-05,0.09440644374087992,0.03627443923444401,25,10,10
41,7877,0.8604130021699532,6.202631514605872e-05,0.09919307581817542,0.04033189569672553,25,10,10
41,7878,0.843715576709106,3.176607152622448e-05,0.11621255801291651,0.04004009920645038,25,10,10
41,7879,0.8818421352713961,3.706979840819318e-06,0.11809117450077145,6.298324799105124e-05,25,10,10
41,7880,0.916188042731349,6.756886289537214e-07,0.0838015331136792,9.74846634240078e-06,25,10,10
41,7881,0.888701695091346,5.128142923207995e-07,0.1111816060917114,0.00011618600264991218,25,10,10
41,7882,0.910625667833093,6.921240205659078e-06,0.08723488894464763,0.0021325219820546148,25,10,10
41,7883,0.9085021140856998,3.167404826107387e-05,0.08915825948645097,0.0023079523795884417,25,10,10
41,7884,0.8815203485235044,0.00032094101363880026,0.11600342293699123,0.0021552875258652585,25,10,10
41,7885,0.8461120936704635,6.638713724175374e-06,0.15181698609556266,0.0020642815202494267,25,10,10
41,7886,0.847409477622103,1.769620096141766e-06,0.15052203912436674,0.00206671363343398,25,10,10
41,7887,0.8664969526427589,1.0568272395023983e-05,0.13105049082262743,0.002441988262218302,25,10,10
41,7888,0.8715244754641758,2.2169069912075137e-06,0.12845649525418798,1.6812374645051525e-05,25,10,10
41,7889,0.8582242233374795,1.7741300255450018e-05,0.11167814659493207,0.0300798887673327,25,10,10
41,7890,0.8605022731872513,1.661498722806778e-05,0.10954671976195073,0.029934392063569498,25,10,10
41,7891,0.899530315355167,2.884662048180407e-05,0.058740800898883824,0.041700037125467174,25,10,10
41,7892,0.8549089339770607,4.2059311804958736e-05,0.10520082867177415,0.03984817803935948,25,10,10
41,7893,0.8771825093243731,2.872151126546364e-05,0.0826897197149059,0.04009904944945534,25,10,10
41,7894,0.8788336412274641,2.833537174160104e-05,0.08089745311956927,0.040240570281225206,25,10,10
41,7895,0.880382275993004,2.8643481624288065e-05,0.0791313536422803,0.040457726883091495,25,10,10
41,7896,0.8619075217132548,1.2242006237412882e-06,0.09798794751050806,0.04010330657561374,25,10,10
41,7897,0.8103036300010545,1.153561069526871e-05,0.15001539702004646,0.03966943736820228,25,10,10
41,7898,0.8496068540879765,0.01069720604727187,0.13053570268753426,0.009160237177217435,25,10,10
41,7899,0.8601853732645028,0.010695491963996695,0.12900576926264135,0.0001133655088590488,25,10,10
41,7900,0.8792094719887359,0.010695735709926444,0.1098516632810675,0.0002431290202703463,25,10,10
41,7901,0.8964229651581479,0.010694434003245016,0.07984632588144916,0.013036274957157635,25,10,10
41,7902,0.9077367893274608,1.6937710480589558e-06,0.08488293284328692,0.007378584058204107,25,10,10
41,7903,0.9047329516835905,2.130985352177107e-06,0.08672683446186348,0.008538082869193662,25,10,10
41,7904,0.8350690247852575,6.997313949775329e-05,0.15652139892265096,0.008339603152593035,25,10,10
41,7905,0.806609898699137,6.681180868945357e-05,0.19130380130373606,0.002019488188437602,25,10,10
41,7906,0.8656156988477212,1.1312528036345737e-06,0.12544845894678955,0.00893471095268494,25,10,10
41,7907,0.8972917483783719,8.84950096887961e-06,0.10121826931900985,0.001481132801648939,25,10,10
41,7908,0.9150180644575562,1.2429881309966867e-06,0.08468510408267732,0.0002955884716353177,25,10,10
41,7909,0.8360925121410169,1.2401033321026206e-06,0.12424273603467278,0.039663511720977915,25,10,10
41,7910,0.8437406596243759,2.101293653945303e-06,0.11662424789616231,0.03963299118580703,25,10,10
41,7911,0.9155734079845019,4.926270860889253e-06,0.045100552908002155,0.0393211128366347,25,10,10
41,7912,0.8781342296490793,3.747473015401938e-05,0.08464617771536256,0.03718211790540336,25,10,10
41,7913,0.8793591801954191,3.1051368798704904e-05,0.08103561028915199,0.039574158146630366,25,10,10
41,7914,0.8526269676630024,5.490510067351136e-07,0.10743697965161739,0.03993550363437269,25,10,10
41,7915,0.8624559648094977,4.6072215563995365e-06,0.08545999111148798,0.052079436857457584,25,10,10
41,7916,0.832817427307536,2.7246050628922244e-05,0.12977287248470182,0.03738245415713279,25,10,10
41,7917,0.8339014520713325,2.821004322654308e-05,0.12311726758847875,0.0429530702969624,25,10,10
41,7918,0.9160770902714774,1.093528739627133e-06,0.044192036802370264,0.03972977939741263,25,10,10
41,7919,0.879209987024167,1.2213336313222402e-05,0.07930419391042545,0.04147360572909365,25,10,10
41,7920,0.8883290711228785,3.8263887677479267e-07,0.06985636806336927,0.0418141781748755,25,10,10
41,7921,0.7934776677224213,1.0368735689246155e-06,0.18337081412094544,0.023150481283062612,25,10,10
41,7922,0.8066593568069529,7.641461996838703e-06,0.18635314103402587,0.006979860697024832,25,10,10
41,7923,0.9069208070994754,6.025589048302949e-05,0.09295862229400381,6.031471603787981e-05,25,10,10
41,7924,0.9415216013818294,5.651409945626443e-05,0.05441171083379552,0.004010173684918668,25,10,10
41,7925,0.8470165997751541,5.663500364320661e-05,0.14879792638772746,0.004128838833474582,25,10,10
41,7926,0.7871141783824912,6.023828872588587e-07,0.192729837392599,0.020155381842023697,25,10,10
41,7927,0.8697590133769961,1.8020433201706133e-06,0.12579237806233612,0.0044468065173468956,25,10,10
41,7928,0.8447976786254177,3.937068248134815e-06,0.14686104184986765,0.008337342456466158,25,10,10
41,7929,0.787412820317872,3.5265556477434632e-06,0.20423546580789925,0.008348187318580183,25,10,10
41,7930,0.8471681388839319,2.989143466712687e-05,0.152704054481015,9.791520038667489e-05,25,10,10
41,7931,0.8430575587453686,1.6534573928962052e-05,0.1568884005373017,3.7506143400913665e-05,25,10,10
41,7932,0.882287832313538,1.4673440638103165e-05,0.11766161826641328,3.587597941058095e-05,25,10,10
41,7933,0.9312617021000554,1.3801430910137756e-06,0.06869176095244975,4.5156804403728116e-05,25,10,10
41,7934,0.8363225589667411,1.2850392923372623e-06,0.16356320147133308,0.0001129545226327826,25,10,10
41,7935,0.891597355630985,4.052012696827991e-06,0.10816929387084111,0.0002292984854775677,25,10,10
41,7936,0.9262994628311972,5.1446134351891064e-06,0.0735837054087771,0.00011168714659069793,25,10,10
41,7937,0.9561415340606989,1.6340022971127525e-06,0.043715953915449475,0.00014087802155506076,25,10,10
41,7938,0.8759940366501324,2.59671215543563e-07,0.12376388418884877,0.00024181948980290982,25,10,10
41,7939,0.939047896083587,4.313622578801026e-07,0.06080086442793356,0.00015080812622088864,25,10,10
41,7940,0.9055918775870814,8.201533889722576e-06,0.09424772153269079,0.00015219934633819233,25,10,10
41,7941,0.8967178877283624,2.0919271644182175e-06,0.10311056608117695,0.00016945426329582566,25,10,10
41,7942,0.9318212253497792,4.748084850450969e-06,0.06810612113270427,6.790543266539518e-05,25,10,10
41,7943,0.9386951127281716,5.965959331151757e-07,0.06116507435218401,0.00013921632371076412,25,10,10
41,7944,0.902937012698682,3.697862369211491e-07,0.09665949239527234,0.00040312511980863355,25,10,10
41,7945,0.9522066918188385,3.994271422369669e-07,0.04567988826192197,0.002113020492097011,25,10,10
41,7946,0.9120916290025812,0.0001242036063908687,0.08774621434999956,3.795304102832703e-05,25,10,10
41,7947,0.9116497369248583,8.301238446418183e-06,0.08602427873468964,0.0023176831020058066,25,10,10
41,7948,0.935080296860869,1.6251334026234814e-06,0.06473438125643718,0.00018369674929045698,25,10,10
41,7949,0.908182005284057,1.80299408224736e-06,0.08293513496449526,0.008881056757365587,25,10,10
41,7950,0.9446118249400492,7.23212290706844e-06,0.05134375505311894,0.004037187883924361,25,10,10
41,7951,0.9605226553270032,3.8750950703165613e-07,0.039463683022871586,1.327414061751231e-05,25,10,10
41,7952,0.9364142598360514,2.5565050973053234e-07,0.06184465179593511,0.0017408327175045294,25,10,10
41,7953,0.8119203807000713,4.638913824864285e-07,0.18796889622708046,0.00011025918146578542,25,10,10
41,7954,0.7730945323505604,1.667634942176203e-05,0.22651671958112504,0.0003720717188934839,25,10,10
41,7955,0.8546726974542793,7.88864453259486e-05,0.14490029005938582,0.00034812604100863494,25,10,10
41,7956,0.7804669744188044,0.00017939760571923126,0.21906774201168935,0.00028588596378728614,25,10,10
41,7957,0.907322677620032,0.00010092716404680867,0.0923679744139588,0.0002084208019621684,25,10,10
41,7958,0.866839259930148,3.423568784819488e-05,0.13293932716519158,0.00018717721681167112,25,10,10
41,7959,0.8425466232718597,0.0003574651136601108,0.1530594142188472,0.004036497395632665,25,10,10
41,7960,0.86847803296853,1.6779347258928658e-06,0.12966674394033156,0.001853545156413042,25,10,10
41,7961,0.8592046962078008,1.022070900391895e-05,0.13839140912617556,0.002393673957020334,25,10,10
41,7962,0.8898405895599641,6.125319515054153e-07,0.1101431526824323,1.564522565288292e-05,25,10,10
41,7963,0.8952097778047752,1.6007197020430336e-06,0.1046333097761918,0.00015531169933129143,25,10,10
41,7964,0.9089223052552555,7.947721345954651e-07,0.0910722938252343,4.6061473760655686e-06,25,10,10
41,7965,0.8702151642321545,1.0569188103615986e-05,0.12887660780789198,0.0008976587718502906,25,10,10
41,7966,0.9027059257385023,1.0433240414803103e-05,0.09707305557281476,0.00021058544826831418,25,10,10
41,7967,0.942776543230772,1.4769936820368432e-05,0.0531264798743627,0.004082206958044169,25,10,10
41,7968,0.891836838969406,4.77753692106596e-06,0.10813264617242098,2.5737321251719614e-05,25,10,10
41,7969,0.9356121393866715,7.549271504533139e-06,0.06427533774179937,0.00010497360002437513,25,10,10
41,7970,0.8669943067402209,2.8891260623372088e-05,0.1298286297466189,0.003148172252535873,25,10,10
41,7971,0.8751845906962826,2.418970307176098e-05,0.11954318936968805,0.005248030230958095,25,10,10
41,7972,0.8950043809141817,1.0957962342838102e-05,0.10250871343334039,0.002475947690135489,25,10,10
41,7973,0.8620836328131999,2.8318192217714593e-06,0.13219536382992708,0.005718171537651771,25,10,10
41,7974,0.8549273918106535,3.3331099436691167e-06,0.14373174541533784,0.0013375296640655279,25,10,10
41,7975,0.8831697886210153,3.7565485067089784e-06,0.11557012539508596,0.001256329435392502,25,10,10
41,7976,0.914043653728476,1.0878751297030307e-05,0.08396046960104617,0.0019849979191805976,25,10,10
41,7977,0.8838756022297523,7.035088281410258e-06,0.08935910424102884,0.026758258440937793,25,10,10
41,7978,0.8050131432300176,2.0187184255038878e-05,0.1683771083577272,0.026589561228000536,25,10,10
41,7979,0.879174913500456,6.67437450913375e-07,0.11645879978342671,0.00436561927866661,25,10,10
41,7980,0.8666145432437752,1.821658312618423e-05,0.12967639208776763,0.0036908480853304203,25,10,10
41,7981,0.8719274888485696,1.5744843725238242e-05,0.1245099693299111,0.0035467969777936035,25,10,10
41,7982,0.8088350549248604,4.0961295154312994e-05,0.18733104951106164,0.00379293426892417,25,10,10
41,7983,0.8496866173838932,7.786121713546859e-06,0.14966329475708368,0.0006423017373108367,25,10,10
41,7984,0.9101720204697453,0.0003145620687376681,0.08920841225198048,0.00030500520953679504,25,10,10
41,7985,0.8602392059260784,8.453458067570103e-07,0.13961086149885563,0.00014908722925954595,25,10,10
41,7986,0.8550799966839127,3.531197721601718e-05,0.14259580690079882,0.00228888443807201,25,10,10
41,7987,0.7834702530184959,3.1919328139326946e-05,0.2159928317425426,0.000504995910822848,25,10,10
41,7988,0.8434758568230438,3.0884525560119254e-06,0.15597097883151417,0.0005500758928862089,25,10,10
41,7989,0.8759506538181877,1.9717412311739906e-06,0.12160176270071953,0.002445611739861728,25,10,10
41,7990,0.8833284941666402,0.00041282623369804267,0.1157855349310977,0.00047314466856326914,25,10,10
41,7991,0.875149513879809,6.70315506781028e-06,0.12303173753909011,0.0018120454260328349,25,10,10
41,7992,0.9121782036675357,1.7945954432336765e-06,0.087598289288849,0.00022171244817262252,25,10,10
41,7993,0.8987545085106955,2.5809985211660416e-05,0.061869655382037675,0.03935002612205516,25,10,10
41,7994,0.927848309213977,1.3310551572803439e-05,0.047192711351045497,0.02494566888340457,25,10,10
41,7995,0.8775239536536265,4.8368433760221e-07,0.08232841919693198,0.040147143465104056,25,10,10
41,7996,0.8476130000086985,1.4874422717116803e-06,0.11299269671734409,0.0393928158316851,25,10,10
41,7997,0.9250276041303803,9.75787700173392e-07,0.039702430054288015,0.035268990027630884,25,10,10
41,7998,0.9202246239815444,1.1922964269423804e-06,0.07945883885658678,0.0003153448654418381,25,10,10
41,7999,0.8888215253090016,8.350934625881663e-07,0.11068691964174708,0.0004907199557882309,25,10,10
41,8000,0.858926765251881,3.38717259982136e-06,0.1359059597085727,0.005163887866945983,25,10,10
41,8001,0.8414162416111904,6.0102288358692774e-05,0.1535057661797837,0.005017889920667754,25,10,10
41,8002,0.8744913623511394,4.404755234784975e-07,0.12029644127190525,0.005211755901432449,25,10,10
41,8003,0.964179095522776,8.217284367772345e-07,0.03553292887155616,0.000287153877230872,25,10,10
41,8004,0.8840114016707051,6.192020560004161e-06,0.11586781923558952,0.00011458707314497076,25,10,10
41,8005,0.9377115872538896,7.698776624447572e-06,0.061706406111124955,0.0005743078583612254,25,10,10
41,8006,0.9112646061660433,0.00047249354805307833,0.08821457665500983,4.8323630894182794e-05,25,10,10
41,8007,0.8409636754436718,9.124453819210432e-07,0.15890593036094802,0.00012948174999822515,25,10,10
41,8008,0.8803370862504781,3.7970916809164425e-05,0.11774155764867002,0.0018833851840442412,25,10,10
41,8009,0.8546738676749394,8.65765677044892e-07,0.11067484434770729,0.03465042221167666,25,10,10
41,8010,0.8731717641105142,6.722566378993406e-07,0.08885223657756239,0.03797532705528542,25,10,10
41,8011,0.8697176060021999,2.9234587938381814e-06,0.09391483710275177,0.03636463343625484,25,10,10
41,8012,0.8905411229518551,1.4098918577244328e-06,0.06988459581236467,0.039572871343922615,25,10,10
41,8013,0.9262429054260931,2.653551216165769e-07,0.03419057493209461,0.0395662542866909,25,10,10
41,8014,0.9119105811278359,0.00010973586223993793,0.04836116513299417,0.03961851787692976,25,10,10
41,8015,0.9331653318509222,4.985732424712635e-07,0.02428330150066972,0.0425508680751657,25,10,10
41,8016,0.8798131570583496,3.519851865234991e-06,0.07751812367102487,0.04266519941875992,25,10,10
41,8017,0.8704929696065874,2.5078460427115423e-06,0.08988496021180942,0.03961956233556039,25,10,10
41,8018,0.7721885233366345,8.900541714914127e-06,0.18975267893923342,0.038049897182417046,25,10,10
41,8019,0.7371713318883892,2.0526972220670394e-05,0.23608584080388323,0.026722300335505055,25,10,10
41,8020,0.7361347852579351,0.00011832760744232292,0.22517636244743566,0.03857052468718599,25,10,10
41,8021,0.7458676046988534,0.00011775590835540108,0.24201278246194366,0.012001856930846093,25,10,10
41,8022,0.8318923733314669,3.243424731502732e-05,0.15884512853786184,0.009230063883356246,25,10,10
41,8023,0.9279896939458281,3.096723403123405e-05,0.07185811515534657,0.00012122366479355669,25,10,10
41,8024,0.948063043224066,3.089902221578665e-05,0.05189690790572273,9.149847995324239e-06,25,10,10
41,8025,0.966799015541944,5.287224418711365e-07,0.033192500439448366,7.955296165591972e-06,25,10,10
41,8026,0.9243690883035234,4.2121427741797466e-07,0.0743703609607084,0.0012601295214900849,25,10,10
41,8027,0.8773994213327403,1.5496474579880195e-06,0.12164381614383292,0.0009552128759685258,25,10,10
41,8028,0.9083186387808838,5.656247632039984e-06,0.09157790525079848,9.779972068518147e-05,25,10,10
41,8029,0.9261667315022157,1.8953593480571097e-05,0.07364887002469395,0.00016544487960985424,25,10,10
41,8030,0.8641552162233768,1.8761223104212654e-05,0.1353297868292176,0.0004962357243021261,25,10,10
41,8031,0.8241728168524817,1.6226970027966924e-05,0.1755452421956826,0.0002657139818066555,25,10,10
41,8032,0.7934574477823744,1.527740314672584e-05,0.20508618698695671,0.0014410878275226639,25,10,10
41,8033,0.8704130608652931,1.455528025498491e-05,0.12942855296894767,0.0001438308855037942,25,10,10
41,8034,0.8673676366128084,1.917392308362331e-05,0.13235622244303522,0.0002569670210729654,25,10,10
41,8035,0.7952693181916117,8.701274087022946e-05,0.198173891307777,0.006469777759741304,25,10,10
41,8036,0.840841981072484,2.985882473189779e-06,0.15908955279892548,6.548024611787859e-05,25,10,10
41,8037,0.8860053975459781,3.373901038123238e-05,0.11370475961139383,0.0002561038322468818,25,10,10
41,8038,0.8678053117508594,3.3794057658004505e-05,0.13210049197853446,6.0402212948028374e-05,25,10,10
41,8039,0.8229492677056038,2.4294985704796267e-05,0.17694616520139267,8.027210729850426e-05,25,10,10
41,8040,0.7944820027206602,3.836011632525722e-05,0.2041395959674598,0.001340041195555637,25,10,10
41,8041,0.9001833001861688,4.409548113267973e-06,0.0996993785064153,0.00011291175930252093,25,10,10
41,8042,0.8601342573991991,5.828044167845587e-07,0.13806879315494214,0.0017963666414414258,25,10,10
41,8043,0.8873880260789213,4.058547053568441e-07,0.11100255512536301,0.00160901294101024,25,10,10
41,8044,0.8906099189483874,5.681545000206089e-07,0.10775106942855589,0.00163844346855725,25,10,10
41,8045,0.8515266392497333,8.276666179681331e-06,0.14817952249967034,0.0002855615844166785,25,10,10
41,8046,0.8199724469993227,3.196216760729962e-05,0.16606019200114186,0.013935398831928444,25,10,10
41,8047,0.8991110708482776,1.4814509415940648e-06,0.061373388480716155,0.039514059220064894,25,10,10
41,8048,0.8699098650158531,2.3890042405655525e-05,0.0905286343001594,0.03953761064158205,25,10,10
41,8049,0.8503004589852208,1.5170003885159053e-06,0.10828169544905539,0.04141632856533614,25,10,10
41,8050,0.8477164961195273,1.6990305135868405e-06,0.11273942310472149,0.03954238174523767,25,10,10
41,8051,0.8561358141951254,1.5560420679066768e-06,0.10281501503833432,0.041047614724472326,25,10,10
41,8052,0.8559888232488561,1.8680916909012357e-05,0.1041794358355708,0.03981305999866453,25,10,10
41,8053,0.887443327270084,0.00034330969399836374,0.07249087185315921,0.03972249118275853,25,10,10
41,8054,0.8668436515775042,0.00039944026489961525,0.09293263814519438,0.03982427001240219,25,10,10
41,8055,0.8677746515500608,0.0002790373103734916,0.09110835363754013,0.040837957502025145,25,10,10
41,8056,0.8625591753724977,1.2157387060273804e-06,0.10199260769997935,0.03544700118881681,25,10,10
41,8057,0.8372895476558859,1.469641721421167e-06,0.12314944851853625,0.039559534183856854,25,10,10
41,8058,0.8628311303450602,1.1678942467243967e-06,0.09750880406993531,0.03965889769075782,25,10,10
41,8059,0.8468018860486943,3.2862191087448137e-06,0.11355135625855961,0.03964347147363569,25,10,10
41,8060,0.8666391254165597,1.5137123459403668e-05,0.09117119181561505,0.04217454564436562,25,10,10
41,8061,0.7718951281947214,2.82147972325987e-06,0.18787480613248067,0.0402272441930742,25,10,10
41,8062,0.7425575555211491,8.202521940556495e-06,0.21750708205626076,0.039927159900649434,25,10,10
41,8063,0.8383286548317489,8.597439680112097e-05,0.11921627270061359,0.0423690980708372,25,10,10
41,8064,0.833987782882958,4.707344967749155e-06,0.12544945275951858,0.04055805701255627,25,10,10
41,8065,0.8808762527589431,5.307269845053107e-06,0.07831497847186748,0.04080346149934343,25,10,10
41,8066,0.8651836534507925,1.622038842731695e-05,0.0900257397354086,0.04477438642537116,25,10,10
41,8067,0.8521719689542266,0.0009687268633359253,0.10648413853063805,0.04037516565179887,25,10,10
41,8068,0.8332237742126257,0.0009780776040626748,0.12587443977841703,0.03992370840489422,25,10,10
41,8069,0.6815252782171562,0.0009784697907266199,0.2697825491416244,0.04771370285049594,25,10,10
41,8070,0.7504993500572854,0.0009682569806561839,0.1768784980460348,0.0716538949160236,25,10,10
41,8071,0.780154746551069,1.9979862465199724e-06,0.13989204587046908,0.07995120959221619,25,10,10
41,8072,0.7883190107547715,1.2716747777097103e-05,0.1310841351742235,0.08058413732322718,25,10,10
41,8073,0.8202522393798993,1.7863643298736603e-06,0.09902406691874269,0.08072190733702701,25,10,10
41,8074,0.8292096152772088,8.570172137992148e-06,0.090803483621221,0.07997833092943168,25,10,10
41,8075,0.8316607248423091,9.652274864810601e-06,0.08843441698384874,0.07989520589897714,25,10,10
41,8076,0.8010898541975437,1.3730934629825528e-05,0.15789465317646315,0.04100176169136298,25,10,10
41,8077,0.8607833063959022,3.6959304739147155e-05,0.09816548819379703,0.04101424610556182,25,10,10
41,8078,0.8951542878727107,0.0001677836527784445,0.06475946915119069,0.03991845932332065,25,10,10
41,8079,0.8274560491650206,7.773166124267837e-07,0.13256831130273558,0.03997486221563095,25,10,10
41,8080,0.8041812711498806,1.0497919784558288e-05,0.15368225724359624,0.042125973686739204,25,10,10
41,8081,0.8199244243911059,1.0049288794899028e-05,0.13794554923201421,0.04211997708808448,25,10,10
41,8082,0.823044697706777,1.1515223151080775e-05,0.16815647279381538,0.008787314276256187,25,10,10
41,8083,0.8874843767037226,1.333979538200238e-05,0.10362961053534489,0.008872672965549938,25,10,10
41,8084,0.8565307948681686,3.5475144944160856e-05,0.1433831821909242,5.0547795962699644e-05,25,10,10
41,8085,0.8630891612620943,2.409183588045681e-06,0.1364102445742989,0.0004981849800181893,25,10,10
41,8086,0.843644923090891,1.544660377015663e-05,0.13923232118117826,0.017107309124161384,25,10,10
41,8087,0.865265737925466,2.381413452942317e-05,0.09506992190413795,0.03964052603586696,25,10,10
41,8088,0.8568501919729574,1.570691799572845e-05,0.10348803988262478,0.03964606122642118,25,10,10
41,8089,0.8861244292012249,1.5682968203609066e-05,0.0742432066260967,0.0396166812044751,25,10,10
41,8090,0.9230651831391067,1.6034730286671047e-05,0.03702782779416878,0.03989095433643779,25,10,10
41,8091,0.9337955028318224,1.534773522979113e-05,0.0338257094743749,0.032363439958573104,25,10,10
41,8092,0.8047143146111472,3.058097179976044e-05,0.1549431187535163,0.04031198566353659,25,10,10
41,8093,0.8186365749816364,1.8402378216273645e-06,0.14424296001158368,0.03711862476895719,25,10,10
41,8094,0.900072846682225,1.4517706407695822e-05,0.0738380908502305,0.02607454476113669,25,10,10
41,8095,0.9082980606887022,3.2103775463881315e-05,0.06571088793812954,0.02595894759770414,25,10,10
41,8096,0.7430711640556308,0.00041142990121361084,0.18918210389250653,0.06733530215064787,25,10,10
41,8097,0.8017403474611352,2.256542398784012e-06,0.11879577976411984,0.07946161623234495,25,10,10
41,8098,0.8076287087679266,8.935415657547882e-06,0.1115650114118022,0.08079734440461336,25,10,10
41,8099,0.7519416041255509,1.5408976162321067e-06,0.18252609169450562,0.06553076328232577,25,10,10
41,8100,0.7915657032660391,1.3581880978115108e-06,0.1348295717412085,0.07360336680465383,25,10,10
41,8101,0.8539225425139143,6.663971904969502e-07,0.07248223277185618,0.07359455831703847,25,10,10
41,8102,0.7981003056537532,9.071374505090122e-05,0.12854993827245031,0.07325904232874501,25,10,10
41,8103,0.7722665078002297,6.577378719261247e-05,0.15451103524722937,0.07315668316534854,25,10,10
41,8104,0.7868912500104581,1.9197716821139346e-06,0.15283825772719611,0.06026857249066448,25,10,10
41,8105,0.8522700401473857,4.658519972295602e-06,0.06820118478155596,0.07952411655108615,25,10,10
41,8106,0.7697082095467678,0.00975431069502879,0.18010399789208736,0.04043348186611545,25,10,10
41,8107,0.8122855229660815,0.00973549872490956,0.1373870362285281,0.040591942080480996,25,10,10
41,8108,0.7975144974915436,0.009768040965370482,0.1530228873537622,0.039694574189323754,25,10,10
41,8109,0.8221949543692558,0.036829488581454906,0.10132792519311996,0.03964763185616994,25,10,10
41,8110,0.8042894182443338,0.0030230632163259492,0.18605198138570245,0.006635537153637597,25,10,10
41,8111,0.8845102379970305,4.334754284972213e-05,0.10891282053560396,0.006533593924516811,25,10,10
41,8112,0.9250305079563781,2.287373470578327e-05,0.07447329232194048,0.0004733259869753085,25,10,10
41,8113,0.8829957491724101,6.327179698435019e-07,0.11644114592871371,0.0005624721809066774,25,10,10
41,8114,0.847786733972268,6.490032331672939e-07,0.15211991744392928,9.269958056951354e-05,25,10,10
41,8115,0.8835717522761679,1.759645620370942e-06,0.11620235814128231,0.0002241299369288855,25,10,10
41,8116,0.9280912483178899,1.5496373644288537e-07,0.07189678365708012,1.1813061293238263e-05,25,10,10
41,8117,0.9018560936679918,1.1389857862830715e-05,0.09803329941200457,9.921706214051942e-05,25,10,10
41,8118,0.854201299821097,2.3446716006590334e-05,0.1455275611645519,0.0002476922983444142,25,10,10
41,8119,0.8752993582450482,2.379962683139972e-05,0.11817302776561812,0.00650381436250249,25,10,10
41,8120,0.8706348955332176,6.291284683730721e-07,0.11570227136876811,0.013662203969546642,25,10,10
41,8121,0.7974639264321008,1.3685792585491497e-06,0.18257016444961235,0.019964540539027936,25,10,10
41,8122,0.9009956362026875,2.2212420939704564e-06,0.09097004001668556,0.0080321025385334,25,10,10
41,8123,0.8232022715777915,7.672268279414384e-05,0.16872749938892384,0.00799350635049086,25,10,10
41,8124,0.8777310983116183,2.21609162822468e-06,0.11425210576355418,0.008014579833199415,25,10,10
41,8125,0.9521458255087267,1.4526747762126697e-06,0.047828274551274044,2.444726522304769e-05,25,10,10
41,8126,0.9080994074241074,1.5879785792100845e-06,0.09181072551219968,8.827908511391133e-05,25,10,10
41,8127,0.9135439873274264,5.440135750284116e-07,0.08386780188238945,0.0025876667766096435,25,10,10
41,8128,0.8890731153571209,6.021207924995716e-06,0.10742030553759208,0.0035005578973615076,25,10,10
41,8129,0.937329683769771,1.0578980616368347e-06,0.05982481318491998,0.0028444451472477168,25,10,10
41,8130,0.918185082198156,1.9980974776728296e-06,0.07880552375163613,0.0030073959527305823,25,10,10
41,8131,0.8608904242331468,6.399785287078105e-07,0.13183836002438315,0.007270575763940697,25,10,10
41,8132,0.8853682903391399,7.1945857909271885e-06,0.11453899241393525,8.552266113444125e-05,25,10,10
41,8133,0.859607103162766,1.612453414300053e-06,0.1386601929523678,0.001731091431451843,25,10,10
41,8134,0.8787769201610532,1.1040346205462426e-06,0.12068656352954092,0.0005354122747857432,25,10,10
41,8135,0.8480951560805414,1.4268514113037418e-05,0.1498888787217961,0.0020016966835485557,25,10,10
41,8136,0.923958889263286,1.1992266721448656e-06,0.07602664354753723,1.3267962504358291e-05,25,10,10
41,8137,0.8970214262745243,5.592218955256588e-07,0.10295822736169591,1.978714188254296e-05,25,10,10
41,8138,0.8850280203474489,6.27783064218325e-06,0.11261899122180391,0.0023467106001048487,25,10,10
41,8139,0.9005682708981024,1.169326480983577e-05,0.0971544058060681,0.0022656300310199945,25,10,10
41,8140,0.9271061038037476,1.1162808466411689e-05,0.07058311480963553,0.002299618578150784,25,10,10
41,8141,0.8536306031961226,7.960469206188072e-06,0.12525547762250888,0.021105958712163364,25,10,10
41,8142,0.9083814970572409,7.850504267197061e-06,0.08164368786466274,0.009966964573829219,25,10,10
41,8143,0.8560997533394196,9.490594519822453e-06,0.0968829568178755,0.04700779924818522,25,10,10
41,8144,0.8677167450308046,0.0003458837789038811,0.09039129143931167,0.041546079750980125,25,10,10
41,8145,0.8426940880073921,6.631690641858805e-07,0.07014437662105276,0.08716087220249104,25,10,10
41,8146,0.7916756303159806,1.205126171625209e-05,0.12915799176603873,0.07915432665626432,25,10,10
41,8147,0.8246907221496097,3.131315749429964e-05,0.09878821914364012,0.07648974554925642,25,10,10
41,8148,0.8551619097932138,7.996601208585223e-06,0.06567962584225547,0.07915046776332285,25,10,10
41,8149,0.834159454857259,1.9994989937963565e-05,0.083201196191953,0.0826193539608501,25,10,10
41,8150,0.8504321069671668,6.780515487582428e-06,0.09711788659551773,0.05244322592182797,25,10,10
41,8151,0.8870541788533864,1.6942234136811533e-05,0.10251441678882825,0.010414462123649364,25,10,10
41,8152,0.8853247574717439,0.00030584238630437284,0.11141622354984557,0.0029531765921058206,25,10,10
41,8153,0.8258766223211421,0.00040105217749812557,0.11025025903400691,0.06347206646735377,25,10,10
41,8154,0.8569496311679999,0.00040073814355929676,0.0792650591918117,0.06338457149662843,25,10,10
41,8155,0.7590159000236197,1.5638876078964604e-05,0.16297014428895554,0.07799831681134563,25,10,10
41,8156,0.836348103177389,1.5592033667743177e-05,0.08848135013947829,0.0751549546494644,25,10,10
41,8157,0.8375301220796587,1.667880869176934e-05,0.12178363901003757,0.04066956010161221,25,10,10
41,8158,0.8925513642551056,7.11898157869202e-07,0.08282534249040543,0.02462258135633087,25,10,10
41,8159,0.9193466951630063,6.788680624874233e-07,0.04119788990758228,0.03945473606134854,25,10,10
41,8160,0.9073462595948437,1.0051197867436542e-06,0.06376253599038285,0.028890199294986055,25,10,10
41,8161,0.8403186056175614,7.686563306398192e-05,0.1319131421677082,0.02769138658166527,25,10,10
41,8162,0.8129464263821222,1.8049020862828422e-05,0.18345532357607197,0.003580201020943498,25,10,10
41,8163,0.7660766730324653,1.924640417847187e-05,0.2326949585247105,0.0012091220386459287,25,10,10
41,8164,0.8392284643616486,5.5328030221738967e-05,0.1602837149003181,0.00043249270781172447,25,10,10
41,8165,0.9005561044728045,2.8107512047239347e-05,0.0992574737747232,0.00015831424042548204,25,10,10
41,8166,0.8684993886556254,2.583917174613326e-07,0.13135090402407965,0.00014944892857789955,25,10,10
41,8167,0.8745771177752971,4.315667335303289e-06,0.12516818698147747,0.000250379575889615,25,10,10
41,8168,0.8755696784483726,6.767338918960838e-07,0.12169188814449106,0.002737756673244967,25,10,10
41,8169,0.9248910786189873,1.021439430800268e-06,0.07508144274114124,2.6457200441388182e-05,25,10,10
41,8170,0.960900639139621,8.321506860519778e-07,0.039071322184751726,2.7206524941635154e-05,25,10,10
41,8171,0.8584613834419305,1.6878414602173865e-05,0.14125799547871,0.0002637426647581665,25,10,10
41,8172,0.940727506809242,1.503034202320193e-05,0.0590575610793895,0.0001999017693449193,25,10,10
41,8173,0.8685175980033172,1.51165963283389e-05,0.13129006247463276,0.0001772229257219729,25,10,10
41,8174,0.8656780502375483,1.439727387444666e-05,0.10415839373395654,0.03014915875462065,25,10,10
41,8175,0.8820567449005522,3.62020162340637e-06,0.08606326290036419,0.031876371997460545,25,10,10
41,8176,0.9163081805662443,2.981921479489193e-06,0.042401463207951746,0.04128737430432508,25,10,10
41,8177,0.8939228420580164,1.5326998012304471e-06,0.06647470518760866,0.03960092005457388,25,10,10
41,8178,0.8962266269130342,4.713223452167472e-07,0.0642373154502872,0.03953558631433392,25,10,10
41,8179,0.7696085772878282,4.9919136323806065e-05,0.20146795851634802,0.028873545059501526,25,10,10
41,8180,0.7676720235769717,5.646110367342664e-05,0.192974630075641,0.039296885243712755,25,10,10
41,8181,0.7900199204816444,6.538194375422262e-06,0.1867705235821765,0.023203017741802983,25,10,10
41,8182,0.7598360105321826,8.676866738062625e-06,0.21695146207806854,0.023203850523011008,25,10,10
41,8183,0.7684002780659661,5.338550284302142e-06,0.19322877704891694,0.038365606334831666,25,10,10
41,8184,0.845510166483104,3.127755496488544e-05,0.11728786981177128,0.03717068615016018,25,10,10
41,8185,0.8884414689076925,7.385469151342933e-06,0.07193223299985516,0.039618912623301146,25,10,10
41,8186,0.9016520597787522,1.4141862832987722e-05,0.05700970912842652,0.041324089229988176,25,10,10
41,8187,0.858002975649397,1.7344347295700203e-06,0.10117212331459598,0.04082316660127781,25,10,10
41,8188,0.828018490742287,2.266686758080546e-05,0.11139134265304142,0.06056749973709066,25,10,10
41,8189,0.7991347634876702,2.874120690146165e-05,0.13832738857938004,0.06250910672604902,25,10,10
41,8190,0.8628011525138549,0.0003134901827475333,0.09725986335072595,0.03962549395267212,25,10,10
41,8191,0.821071666492921,0.007654798887776612,0.13161595437076673,0.03965758024853658,25,10,10
41,8192,0.8414921355926456,0.01027754281027612,0.14801624969278931,0.00021407190428839986,25,10,10
41,8193,0.8667790585592867,0.012072848023206385,0.1200081903388546,0.001139903078652747,25,10,10
41,8194,0.8630808532350828,0.012072617211725539,0.1248191678193378,2.736173385372657e-05,25,10,10
41,8195,0.849983089294761,0.008659457122174252,0.10856633868392597,0.03279111489913902,25,10,10
41,8196,0.8546293379983824,0.0006577881870501011,0.11063166509721276,0.03408120871735423,25,10,10
41,8197,0.8738209285263571,1.6946566413559647e-05,0.12339284771022647,0.0027692771970031092,25,10,10
41,8198,0.9510364369299671,3.534444578468727e-05,0.048841144388548426,8.707423569944823e-05,25,10,10
41,8199,0.8739466694242067,0.00011482482400494317,0.12300294023035832,0.002935565521430523,25,10,10
41,8200,0.91380250619376,0.00011515786406233283,0.08597889696272575,0.00010343897945126857,25,10,10
41,8201,0.9275125152650604,7.816780538305435e-07,0.07242066718901549,6.603586787066235e-05,25,10,10
41,8202,0.8734340563119731,8.896580187573667e-07,0.12231449782366369,0.004250556206344973,25,10,10
41,8203,0.9335136104437767,6.211182416937152e-07,0.06647527447457478,1.049396340624953e-05,25,10,10
41,8204,0.9127350225816672,1.1883625793922906e-06,0.08724655941075805,1.722964499500235e-05,25,10,10
41,8205,0.9032155054035195,0.0002575841957377732,0.09644708908773873,7.982131300332285e-05,25,10,10
41,8206,0.9514419978023312,1.5252227156603633e-06,0.04847207637333825,8.440060161450557e-05,25,10,10
41,8207,0.9053783710057363,1.721615477444063e-06,0.09447183657684571,0.0001480708019401503,25,10,10
41,8208,0.8941926018080117,2.213761693123305e-06,0.1055040036551315,0.00030118077516399805,25,10,10
41,8209,0.8779459831064308,0.001224383205735909,0.11915976796043397,0.0016698657273990702,25,10,10
41,8210,0.9036027939441611,0.0012349490170903681,0.09496913884759534,0.00019311819115317244,25,10,10
41,8211,0.9240954583153527,1.2135458768655157e-05,0.07574277728386676,0.00014962894201237523,25,10,10
41,8212,0.9449113969949441,2.8709344293017776e-07,0.054688274643647776,0.0004000412679650902,25,10,10
41,8213,0.9498363135336183,3.5047553939107126e-07,0.05006885870183895,9.447728900315139e-05,25,10,10
41,8214,0.9357025418124375,7.594657317461257e-05,0.06413638012635828,8.513148802906107e-05,25,10,10
41,8215,0.839907056017036,4.160961523577277e-06,0.13162131731912854,0.028467465702311682,25,10,10
41,8216,0.8891242860726086,1.3756846322944108e-06,0.08250690190774518,0.028367436335014363,25,10,10
41,8217,0.9051794772196018,1.1944921584948427e-07,0.06659040130375266,0.02823000202743011,25,10,10
41,8218,0.9231978040683892,8.2411378909043e-07,0.04856332848765071,0.02823804333017102,25,10,10
41,8219,0.9281607371962501,1.2314268857762976e-07,0.07162296690776843,0.0002161727532932709,25,10,10
41,8220,0.9039176481864137,8.477289676985998e-06,0.09568944104592855,0.0003844334779811626,25,10,10
41,8221,0.8938731975491695,7.222853781487536e-07,0.10570524771189667,0.0004208324535554888,25,10,10
41,8222,0.9001686293351447,1.4966895528945469e-05,0.09910603120319275,0.0007103725661334648,25,10,10
41,8223,0.8681800077090039,8.073772681611834e-05,0.13118778399144299,0.0005514705727376814,25,10,10
41,8224,0.879892346851322,2.7879805251599638e-05,0.11982848376534153,0.0002512895780861481,25,10,10
41,8225,0.9019233439152711,1.4988932028997401e-05,0.09748115287305134,0.0005805142796483302,25,10,10
41,8226,0.8510062110337685,0.00022250463434084162,0.14782976502920986,0.0009415193026820809,25,10,10
41,8227,0.8268979390836201,5.5859438334875485e-05,0.17238089136703433,0.0006653101110106369,25,10,10
41,8228,0.7354835595344617,0.000130866015746031,0.2630814947658319,0.0013040796839599122,25,10,10
41,8229,0.7837223841761543,6.340253530893928e-05,0.21341641224255148,0.002797801045985684,25,10,10
41,8230,0.8198171065623405,8.978012268463959e-05,0.17944019590636603,0.0006529174086083607,25,10,10
41,8231,0.8120573944828919,2.7938131914824397e-05,0.16040740462133685,0.027507262763856014,25,10,10
41,8232,0.8481689755191679,6.4865938590097304e-06,0.12357190779298088,0.028252630093991746,25,10,10
41,8233,0.8955238628456111,0.0002679786814499423,0.07381045214663019,0.03039770632630851,25,10,10
41,8234,0.8692040680739336,0.0002680126368069155,0.09648118841247566,0.034046730876783816,25,10,10
41,8235,0.7905176282718855,0.0002954854834942081,0.17518543310286452,0.03400145314175478,25,10,10
41,8236,0.8302441655917164,1.3288408383208242e-05,0.14252141486919345,0.027221131130706414,25,10,10
41,8237,0.869442537570288,1.1542974702966278e-05,0.10372017935204113,0.026825740102967916,25,10,10
41,8238,0.8575142898221767,8.789224838114705e-07,0.10134013501676359,0.041144696238575085,25,10,10
41,8239,0.840095249080212,4.26765117051582e-07,0.11848031545609775,0.041424008698573,25,10,10
41,8240,0.8600330892011532,6.499742333114191e-06,0.10013206863058785,0.03982834242592587,25,10,10
41,8241,0.86239359270004,8.475805550162733e-07,0.09799895233578469,0.039606607383620325,25,10,10
41,8242,0.8380553379523827,3.8319366316818625e-06,0.12157214709024453,0.04036868302074091,25,10,10
41,8243,0.8682517845790411,3.7549648513212878e-06,0.0891517065653677,0.04259275389074117,25,10,10
41,8244,0.8820185174647517,1.4333898037042375e-05,0.07836386779879292,0.03960328083841866,25,10,10
41,8245,0.7962391278577589,3.519274281595373e-05,0.16049355011408534,0.04323212928533907,25,10,10
41,8246,0.8825975792150608,2.4527638407280346e-05,0.0739995780056715,0.04337831514086075,25,10,10
41,8247,0.9268261738182004,2.4164498022656264e-05,0.06700926242567093,0.006140399258106641,25,10,10
41,8248,0.9465730062988905,3.982023421593574e-06,0.05340582744102647,1.7184236661271154e-05,25,10,10
41,8249,0.9474165503943266,2.485524899589011e-06,0.052566032217494535,1.493186327947192e-05,25,10,10
41,8250,0.9290145793969,1.8807680159285567e-05,0.07095365678530664,1.295613763359022e-05,25,10,10
41,8251,0.9805259489439768,3.323223413828963e-07,0.019438397554826962,3.5321178854759524e-05,25,10,10
41,8252,0.8878108273234787,9.253402967001356e-07,0.11201267563923807,0.00017557169698622136,25,10,10
41,8253,0.9030895626184712,0.0005232840898011503,0.09629022803331182,9.692525841592556e-05,25,10,10
41,8254,0.8213303569537804,0.0005067280501841902,0.1780827748577245,8.014013831103033e-05,25,10,10
41,8255,0.8787601095318353,8.157797615388815e-06,0.11919618397617006,0.0020355486943797844,25,10,10
41,8256,0.8497694908111245,1.1195513353189998e-05,0.14823382096736376,0.001985492708159088,25,10,10
41,8257,0.8930883357932231,8.529527401930345e-06,0.10491530441294836,0.001987830266426422,25,10,10
41,8258,0.8353042425529577,7.83990726855547e-05,0.15807063936031804,0.006546719014039037,25,10,10
41,8259,0.8689409411119291,0.0006779775817023792,0.130270030008829,0.00011105129753896611,25,10,10
41,8260,0.7913252283316523,5.3799779062266765e-06,0.17649666382274046,0.032172727867702,25,10,10
41,8261,0.8307951790220358,6.195426061277161e-07,0.13688238137611441,0.03232182005924366,25,10,10
41,8262,0.8698821851381102,7.111223523429151e-07,0.10285139771220843,0.027265706027328442,25,10,10
41,8263,0.8781473123761323,3.837674222897946e-06,0.09450288250829414,0.027345967441350236,25,10,10
41,8264,0.9262718406344378,1.0173501143028042e-06,0.04624600023165598,0.027481141783791862,25,10,10
41,8265,0.8017842379207668,0.007230820756742469,0.16702115800817638,0.023963783314313862,25,10,10
41,8266,0.7763110050139818,0.00723681907132089,0.19242440430894367,0.024027771605753975,25,10,10
41,8267,0.7884679874257045,0.001577725976522404,0.18595637450133495,0.02399791209643833,25,10,10
41,8268,0.7790864953492392,2.1690601881301398e-05,0.17976327273355824,0.04112854131532151,25,10,10
41,8269,0.8029690641583946,9.019094850789117e-05,0.15687081508844702,0.04006992980465115,25,10,10
41,8270,0.7976836048879657,9.351911930539608e-05,0.16204674680489894,0.04017612918783124,25,10,10
41,8271,0.8389325420852499,1.4064298102347861e-05,0.12143352617658096,0.039619867440067146,25,10,10
41,8272,0.9128721942338603,1.2625224529823049e-06,0.08711144933964281,1.5093904043982053e-05,25,10,10
41,8273,0.881571454175277,2.954506371404827e-05,0.11019589606447684,0.008203104696532692,25,10,10
41,8274,0.884158971993338,9.851147364224436e-06,0.11580813758573737,2.3039273560962536e-05,25,10,10
41,8275,0.8975534721621409,1.5595410384138045e-05,0.1024134273340832,1.7505093390649027e-05,25,10,10
41,8276,0.8489223319059406,1.0577712117565193e-05,0.15082184749905467,0.00024524288288715586,25,10,10
41,8277,0.8774896006629024,1.016503106341006e-05,0.12221627197622191,0.0002839623298120683,25,10,10
41,8278,0.8168606239897122,9.486628094924752e-07,0.16391820786072508,0.0192202194867531,25,10,10
41,8279,0.8547067592170714,2.422003224453735e-05,0.1449826226046643,0.0002863981460196219,25,10,10
41,8280,0.8313752504666351,1.3932721995315464e-05,0.12579696097802978,0.04281385583334,25,10,10
41,8281,0.8781666839703274,5.258183507968073e-07,0.0820758408355097,0.03975694937581235,25,10,10
41,8282,0.9180656367542492,3.9766032136386887e-07,0.04552979859264832,0.0364041669927814,25,10,10
41,8283,0.8347165538590728,1.3293374744738104e-06,0.12070391339624012,0.04457820340721272,25,10,10
41,8284,0.8537461095016341,3.083462533260495e-06,0.1377434132416941,0.008507393794138432,25,10,10
41,8285,0.815943039764678,2.9229872473793004e-07,0.17198251379466611,0.012074154141930167,25,10,10
41,8286,0.8333436466355075,9.235143105221583e-07,0.15894120371000509,0.007714226140177407,25,10,10
41,8287,0.787803082980667,2.096725600969308e-06,0.20187120228153715,0.010323618012195867,25,10,10
41,8288,0.8870665381366339,2.2363304071546373e-06,0.10538314613399859,0.007548079398960567,25,10,10
41,8289,0.8907969069437688,3.705237111393504e-05,0.10484974420268968,0.00431629648242737,25,10,10
41,8290,0.8665759313237512,3.280569750515967e-05,0.13131853474394634,0.0020727282347978286,25,10,10
41,8291,0.8516043003327879,2.3960142826379703e-06,0.1476408900673245,0.0007524135856039889,25,10,10
41,8292,0.8977125626263108,3.3417309918771598e-06,0.10197983191328307,0.00030426372941447254,25,10,10
41,8293,0.9374785302419517,5.448649454188389e-07,0.06250345256052676,1.747233257649054e-05,25,10,10
41,8294,0.9470617875026095,1.4333067892617502e-06,0.05292519708514739,1.1582105454041697e-05,25,10,10
41,8295,0.9347083238456142,2.279939208265613e-05,0.06525235786093427,1.6518901369143706e-05,25,10,10
41,8296,0.9155124019787128,2.2662522363137138e-05,0.08444833594937204,1.659954955226134e-05,25,10,10
41,8297,0.8774031330716611,2.0222550448216165e-06,0.12197414667782486,0.0006206979954686931,25,10,10
41,8298,0.8457249419648903,1.771240147426389e-06,0.15415329600774516,0.00011999078721666185,25,10,10
41,8299,0.8688553985034908,0.0003284440652199541,0.1307420325444129,7.41248868763505e-05,25,10,10
41,8300,0.8635226017003856,8.492783491826326e-06,0.1364515388213108,1.736669481164302e-05,25,10,10
41,8301,0.8573369629728593,7.91004754342991e-06,0.14245730112333932,0.0001978258562583105,25,10,10
41,8302,0.9211315953134586,6.500703986765475e-06,0.07884230850507029,1.9595477484304328e-05,25,10,10
41,8303,0.8432236507568674,2.1633630712994057e-06,0.1296648042170851,0.027109381662976714,25,10,10
41,8304,0.8666684775223892,2.24493151942531e-06,0.10465144457636395,0.0286778329697271,25,10,10
41,8305,0.8479018456544533,2.4787224361955076e-06,0.10940225607635784,0.042693419546752674,25,10,10
41,8306,0.8628082283974763,1.5581542093830883e-05,0.09537933738451407,0.04179685267591651,25,10,10
41,8307,0.8531834227041043,1.6254498726576374e-05,0.06601131540039203,0.08078900739677702,25,10,10
41,8308,0.8424627853038329,2.0571459447709816e-06,0.09160801454707584,0.06592714300314723,25,10,10
41,8309,0.9011424347415309,1.4003253384328933e-06,0.07432276548679599,0.024533399446334522,25,10,10
41,8310,0.9318175370111758,1.2339939669407007e-06,0.035313272859432615,0.03286795613542501,25,10,10
41,8311,0.890998454388195,6.900181181308861e-07,0.0761413009538617,0.032859554639825914,25,10,10
41,8312,0.8932085215975778,1.3230822307643958e-06,0.06420536844254288,0.042584786877648495,25,10,10
41,8313,0.833220660018292,1.705841473755767e-06,0.12687720561650073,0.03990042852373316,25,10,10
41,8314,0.8066723300268772,1.9609182923546883e-06,0.1531799180422823,0.04014579101254749,25,10,10
41,8315,0.819729830537061,9.80638529942266e-06,0.14036616882746616,0.03989419425017269,25,10,10
41,8316,0.8408574017660493,8.661527774797654e-06,0.12482637120759454,0.034307565498581244,25,10,10
41,8317,0.8568766955530926,1.5577871420248257e-05,0.10269429781666416,0.0404134287588228,25,10,10
41,8318,0.7811731057380752,1.1561461691208486e-06,0.1733140613642718,0.045511676751483696,25,10,10
41,8319,0.813955773763837,1.2022735465784754e-05,0.1370591036466936,0.048973099854003346,25,10,10
41,8320,0.8360107527122226,4.744170119083403e-05,0.14754409112086145,0.01639771446572507,25,10,10
41,8321,0.8730868815498709,1.2549909346604697e-05,0.11778346783182504,0.00911710070895835,25,10,10
41,8322,0.918172737233469,2.3925763825362198e-05,0.08166580587593936,0.00013753112676622787,25,10,10
41,8323,0.9054506939854241,1.7260686860435004e-06,0.0945253028125579,2.2277133331481632e-05,25,10,10
41,8324,0.890622549664952,2.0507790159363668e-07,0.10936922450048986,8.020756656536236e-06,25,10,10
41,8325,0.805880527546616,0.002699776788897457,0.19127627982124004,0.0001434158432474854,25,10,10
41,8326,0.8395218368118502,0.002700264824360184,0.15760207664921053,0.00017582171457930517,25,10,10
41,8327,0.8174589772997798,3.157479018741665e-06,0.15604962878576523,0.026488236435435856,25,10,10
41,8328,0.8381703640909767,6.659504845382313e-07,0.12131965440171723,0.04050931555682176,25,10,10
41,8329,0.8117864154785012,3.41955057059654e-05,0.1436971672841441,0.04448222173164987,25,10,10
41,8330,0.8514977452929388,4.539544750512076e-05,0.1392130704154883,0.009243788844068202,25,10,10
41,8331,0.9184531554942788,1.0437133792229137e-05,0.08002289682637306,0.0015135105455558178,25,10,10
41,8332,0.9052490722996019,7.218341525122564e-05,0.094483949927981,0.00019479435716643578,25,10,10
41,8333,0.9175135954113345,5.948904151306836e-07,0.08243097553080926,5.4834167441072465e-05,25,10,10
41,8334,0.8779951133629252,2.6727420318989158e-06,0.10487656310942077,0.017125650785621296,25,10,10
41,8335,0.7449439151896442,8.522728338585915e-05,0.21338397711722862,0.04158688040974221,25,10,10
41,8336,0.832335190127895,9.36203229663222e-06,0.12788060707352575,0.03977484076628372,25,10,10
41,8337,0.852460731210054,1.047418420078774e-05,0.14752030292254445,8.491683200934398e-06,25,10,10
41,8338,0.8354559159427433,2.0610910798674918e-05,0.16231354720628008,0.002209925940177834,25,10,10
41,8339,0.8245022246818827,1.1911297110885121e-05,0.17547124961858038,1.4614402426208147e-05,25,10,10
41,8340,0.8674893421220514,0.0003271050830769702,0.1321485288260855,3.502396878567959e-05,25,10,10
41,8341,0.8078042347239935,0.0003290657720971679,0.19182050377970314,4.6195724208303055e-05,25,10,10
41,8342,0.8388662456544982,0.008780011609361187,0.15219332276101724,0.0001604199751242837,25,10,10
41,8343,0.8460453260358727,1.1225826375433452e-06,0.15077765637190405,0.00317589500958522,25,10,10
41,8344,0.9095536574198083,1.104002085955938e-06,0.09023427945430611,0.00021095912379990017,25,10,10
41,8345,0.9419083501081127,1.2973150789139125e-06,0.05808473269567137,5.619881137189811e-06,25,10,10
41,8346,0.9669785607223848,1.1294880655905445e-06,0.03300860936024522,1.1700429304441017e-05,25,10,10
41,8347,0.951341629388134,1.3076591996697845e-05,0.04814692822597202,0.0004983657938970632,25,10,10
41,8348,0.9071357877172826,9.522338762585735e-06,0.09067300499702234,0.002181684946932299,25,10,10
41,8349,0.8777998799861392,1.1962230544381022e-05,0.12213240482147251,5.5752961844649254e-05,25,10,10
41,8350,0.8328869288151078,9.633184538820207e-06,0.16462941708562157,0.002474020914732703,25,10,10
41,8351,0.8418098455701916,1.8331726444514096e-05,0.15616113822844993,0.0020106844749143084,25,10,10
41,8352,0.8785279411213708,1.3433250168242523e-05,0.12123685798669401,0.00022176764176739324,25,10,10
41,8353,0.8838270302592973,2.751689284771875e-05,0.11592411633940759,0.0002213365084479923,25,10,10
41,8354,0.8347797499374642,5.262333376788977e-05,0.15452221815728953,0.010645408571478068,25,10,10
41,8355,0.8537602242733078,0.006623099405493526,0.13939798851998852,0.00021868780121084234,25,10,10
41,8356,0.8827999222196883,2.400019323716737e-06,0.11704693005079032,0.00015074771019779,25,10,10
41,8357,0.8341634540577492,1.9925824018851547e-06,0.16527824340769368,0.000556309952155968,25,10,10
41,8358,0.8354137323262947,1.3644117428153874e-06,0.162137113991257,0.0024477892707048406,25,10,10
41,8359,0.8732277614876471,0.0003503646558107956,0.12608178125421698,0.00034009260232427613,25,10,10
41,8360,0.8965997682679722,1.0065471477940151e-05,0.10325037722590943,0.00013978903463962073,25,10,10
41,8361,0.9063279013230521,5.25408528698494e-07,0.09361398731560301,5.758595281643057e-05,25,10,10
41,8362,0.9506315313540417,5.438124231163586e-07,0.04907599862997292,0.00029192620356229524,25,10,10
41,8363,0.9096734697965009,1.534251653312316e-06,0.09007744278102779,0.0002475531708183104,25,10,10
41,8364,0.9066556740503319,9.10767498499208e-06,0.0931028963536269,0.0002323219210571675,25,10,10
41,8365,0.9105963197978434,1.1266886163079701e-05,0.08203066481751893,0.007361748498474937,25,10,10
41,8366,0.8433763393829264,3.9459090439140736e-06,0.10623423501733191,0.05038547969069771,25,10,10
41,8367,0.8706474680085475,4.418881390918163e-06,0.08215227724533244,0.04719583586472876,25,10,10
41,8368,0.903740608873471,8.56541616583124e-06,0.08228023460478853,0.01397059110557487,25,10,10
41,8369,0.8757273504571721,3.0394355313541466e-07,0.12424542548356611,2.692011570766731e-05,25,10,10
41,8370,0.8442063238250137,1.0125320667856569e-05,0.13035104455659263,0.02543250629772617,25,10,10
41,8371,0.8447057788316285,9.95155309619297e-06,0.1148793199245651,0.040404949690709756,25,10,10
41,8372,0.8957925644690298,9.889791528376235e-06,0.06386856623038766,0.040328979509054,25,10,10
41,8373,0.8516291214588183,2.7326001493192e-07,0.11530053635323992,0.03307006892792642,25,10,10
41,8374,0.8435207246639967,1.4003841946122774e-06,0.12357292283559472,0.03290495211621401,25,10,10
41,8375,0.9003353507535133,1.4602676826732313e-05,0.09943298862918475,0.00021705794047504085,25,10,10
41,8376,0.9268205477085273,1.0444777182372315e-05,0.07284070584227989,0.0003283016720104583,25,10,10
41,8377,0.8637489793585189,1.8956123105870708e-05,0.13611120676348093,0.00012085775489480986,25,10,10
41,8378,0.8008453337838048,1.1734484093490915e-05,0.18940636463178706,0.009736567100315145,25,10,10
41,8379,0.8226265234051242,1.988411437669262e-06,0.1755381555191951,0.0018333326642421843,25,10,10
41,8380,0.876378751249548,3.0456446789482714e-05,0.12353333164135215,5.746066230985782e-05,25,10,10
41,8381,0.8958749780410412,2.470153995489177e-05,0.1002460909151284,0.003854229503875379,25,10,10
41,8382,0.8502425015713025,0.0012080121115054599,0.11795109755061552,0.030598388766576237,25,10,10
41,8383,0.8983836117220492,2.4995969610366516e-06,0.06168104806945835,0.03993284061153166,25,10,10
41,8384,0.8827229413180916,1.412617957680223e-06,0.11720104004429077,7.460601965951514e-05,25,10,10
41,8385,0.8528137212673816,2.1235952082623842e-05,0.11503889787495242,0.032126144905583104,25,10,10
41,8386,0.8775127931028293,1.1893291011774123e-05,0.08522191087973516,0.03725340272642417,25,10,10
41,8387,0.8428869070586974,2.3793459162938676e-05,0.13060243481629888,0.026486864665841058,25,10,10
41,8388,0.8079353382913435,5.76040128828982e-05,0.18191745961159597,0.010089598084176497,25,10,10
41,8389,0.7960649344930896,4.814588028991853e-05,0.1953811191053087,0.008505800521311287,25,10,10
41,8390,0.8249747999801113,1.1153828286069066e-06,0.16025239130966526,0.014771693327394317,25,10,10
41,8391,0.8571895322812323,1.5395241577159704e-06,0.14265564222503144,0.00015328596957780828,25,10,10
41,8392,0.8382604165726142,1.5047725559062347e-06,0.16150281809005396,0.00023526056477616878,25,10,10
41,8393,0.7772273527976136,1.4201340343781832e-06,0.2227575500337227,1.3677034629827963e-05,25,10,10
41,8394,0.8751371816748769,7.707449979841993e-06,0.12477340417063543,8.170670450807325e-05,25,10,10
41,8395,0.8088594727883326,0.0003633282207941503,0.19064881643824563,0.00012838255262766609,25,10,10
41,8396,0.7948758085767769,4.017277887326105e-05,0.20499168360194314,9.233504240607927e-05,25,10,10
41,8397,0.8392251152709725,2.9496273218456557e-05,0.16072178917429156,2.359928151768825e-05,25,10,10
41,8398,0.8797595671404048,1.0313707121963937e-06,0.120225836509921,1.356497896270501e-05,25,10,10
41,8399,0.8500733509241195,7.192133830487636e-07,0.14221382395560458,0.0077121059068924495,25,10,10
41,8400,0.8364982507266344,1.5481330060828768e-06,0.15549477434387182,0.00800542679648748,25,10,10
41,8401,0.854364240900684,3.4580956574040396e-06,0.13757475781801617,0.00805754318564212,25,10,10
41,8402,0.9036609979383394,3.5807774470762855e-05,0.09576251429974367,0.0005406799874461604,25,10,10
41,8403,0.9272488221635525,3.4439403143058216e-05,0.0687942906312901,0.0039224478020143195,25,10,10
41,8404,0.9313899581316631,3.412184496874939e-05,0.0681478344139524,0.000428085609415545,25,10,10
41,8405,0.88807224670588,4.435495139425065e-05,0.11186063327953744,2.276506318831054e-05,25,10,10
41,8406,0.8632039048551714,1.6272197560291625e-05,0.13499912957753915,0.001780693369729015,25,10,10
41,8407,0.9182423351277363,9.962233203186041e-06,0.07988538639997834,0.0018623162390817762,25,10,10
41,8408,0.8767241221281614,0.0001787730637856583,0.12070042400570972,0.002396680802343579,25,10,10
41,8409,0.9173618145554623,1.5016006494413642e-06,0.08216758289956731,0.00046910094432057076,25,10,10
41,8410,0.8733847790952376,6.790412813536682e-07,0.11791800909307967,0.008696532770402075,25,10,10
41,8411,0.9089112622815327,2.0633660709804546e-06,0.08227118873716846,0.008815485615227398,25,10,10
41,8412,0.9657170180442209,1.2431471861128833e-06,0.033933965472578896,0.00034777333601417493,25,10,10
41,8413,0.9078881977153447,2.6879920373452586e-05,0.09207272169869432,1.220066558711239e-05,25,10,10
41,8414,0.8229366423089735,5.1022749520697576e-05,0.14758751067866244,0.029424824262843395,25,10,10
41,8415,0.8450818058451633,1.5932161396350134e-05,0.11288795490822168,0.04201430708521854,25,10,10
41,8416,0.7962708863378637,2.294951955472441e-05,0.1613860626254505,0.04232010151713257,25,10,10
41,8417,0.7834454610067715,2.776161745434938e-05,0.19106194730765502,0.025464830068120038,25,10,10
41,8418,0.8444491895082094,1.3381572937066552e-05,0.1324584635300559,0.02307896538879791,25,10,10
41,8419,0.8527280852284076,2.203383958984552e-06,0.12421618477448078,0.023053526613152207,25,10,10
41,8420,0.8845152281613043,1.476782620209612e-06,0.11545244257972026,3.085247635447775e-05,25,10,10
41,8421,0.8657298588284804,7.927638357517708e-06,0.13257116116533832,0.0016910523678238852,25,10,10
41,8422,0.9216503627981613,1.2060794772805224e-05,0.07689723655745984,0.0014403398496057671,25,10,10
41,8423,0.7464816504685036,1.4312689245906422e-05,0.21118752292119655,0.04231651392105408,25,10,10
41,8424,0.7930081300022868,2.0809572471834677e-05,0.16703502207274823,0.03993603835249264,25,10,10
41,8425,0.8545901275875163,7.1350164657170365e-06,0.14533478230605146,6.795508996726475e-05,25,10,10
41,8426,0.8808552900725048,1.5523170750463902e-06,0.11541918469528131,0.0037239729151390135,25,10,10
41,8427,0.910236055026742,4.936306655240438e-07,0.08653503994563022,0.0032284113969624295,25,10,10
41,8428,0.9334709439885976,2.1594300297756497e-06,0.06381977770383518,0.0027071188775372383,25,10,10
41,8429,0.8637108948329667,1.7269453553687406e-06,0.13235845769913668,0.003928920522541062,25,10,10
41,8430,0.8770608468384969,3.999482483608915e-06,0.12290546926387312,2.968441514708017e-05,25,10,10
41,8431,0.9300543825264183,2.2235124627846132e-05,0.0698843374107915,3.904493816282648e-05,25,10,10
41,8432,0.9307317365035002,2.0195618095166096e-05,0.06883092275397575,0.0004171451244287419,25,10,10
41,8433,0.8461728890147132,2.1179649775769067e-06,0.15274049573064336,0.001084497289665554,25,10,10
41,8434,0.8397557613158462,7.387843090141867e-05,0.15958311818110416,0.0005872420721496361,25,10,10
41,8435,0.8684826770370807,7.555327814191801e-05,0.13109569256335088,0.00034607712142654024,25,10,10
41,8436,0.8827380683688679,5.961747479442476e-05,0.11674559175804734,0.000456722398290266,25,10,10
41,8437,0.8537903328962325,3.0967513213493204e-05,0.13812837470902706,0.00805032488152825,25,10,10
41,8438,0.8617614492251245,1.284889446704418e-05,0.12255019863892319,0.015675503241485905,25,10,10
41,8439,0.9061032909354978,2.2808697745301947e-06,0.053880735141382016,0.04001369305334567,25,10,10
41,8440,0.8428974552701612,1.0253918304012077e-06,0.11764021937200382,0.03946129996600332,25,10,10
41,8441,0.9016560139522528,3.110794569546627e-07,0.05898687689795185,0.039356798070338525,25,10,10
41,8442,0.9180996391290486,1.577325031778845e-05,0.04194309403188721,0.03994149358874659,25,10,10
41,8443,0.8957330604796054,1.5944179464809152e-05,0.07768221082798309,0.026568784512946305,25,10,10
41,8444,0.9226236976840737,0.0002751506773291339,0.05215058350852267,0.02495056813007457,25,10,10
41,8445,0.8820036622494404,0.00026932596311424217,0.08135667226440305,0.036370339523042125,25,10,10
41,8446,0.8369690648782634,6.965685689234084e-05,0.12332002069057812,0.03964125757426689,25,10,10
41,8447,0.8088652222984652,4.914938622973383e-06,0.1386744102859206,0.052455452476991925,25,10,10
41,8448,0.7994965419062465,1.6487387194417712e-06,0.12384783109253758,0.07665397826249615,25,10,10
41,8449,0.8420142637655397,0.0005367051048289776,0.12030107299881795,0.03714795813081312,25,10,10
41,8450,0.8151722089533258,6.210380172757944e-05,0.10798368708123521,0.07678200016371069,25,10,10
41,8451,0.7879608064482408,9.54155228432682e-06,0.14714176118000288,0.0648878908194726,25,10,10
41,8452,0.8117542639618753,1.2332390619458466e-05,0.12369345816577178,0.06453994548173331,25,10,10
41,8453,0.8092608678140727,1.5945280299631312e-05,0.14683131427280763,0.04389187263282023,25,10,10
41,8454,0.8028032027662779,2.2956511151085207e-07,0.15363019911957165,0.04356636854903801,25,10,10
41,8455,0.7802478792216518,9.530592141438531e-07,0.20747579873031735,0.01227536898881746,25,10,10
41,8456,0.9175034777833382,4.0656551076015663e-07,0.07360125555383437,0.008894860097316463,25,10,10
41,8457,0.8385358692802168,0.00029038558435517925,0.15296324337216125,0.008210501763266454,25,10,10
41,8458,0.8299951987200361,1.0445766943990772e-05,0.15116408895434108,0.01883026655867867,25,10,10
41,8459,0.8071683198997985,4.299620855712909e-05,0.155871327476107,0.03691735641553769,25,10,10
41,8460,0.8852504046266262,3.407553031774195e-05,0.10058482505523468,0.01413069478782068,25,10,10
41,8461,0.9162891062165567,0.00014340244596701044,0.08341369247025848,0.0001537988672185555,25,10,10
41,8462,0.8887414989482962,0.00014325866452463056,0.11102787614874876,8.736623842942505e-05,25,10,10
41,8463,0.893891621207914,0.00013022677210216917,0.10589561904290187,8.253297708086834e-05,25,10,10
41,8464,0.8510617909217245,8.084043995441368e-06,0.14892602007564568,4.1049586341456585e-06,25,10,10
41,8465,0.9178219406011802,1.7657273379174398e-05,0.08179721452555404,0.000363187599886294,25,10,10
41,8466,0.8994862484636079,1.1276892322379014e-05,0.10046842769415554,3.4046949913332284e-05,25,10,10
41,8467,0.8857351536606888,1.2104080082196672e-05,0.11392853696071333,0.0003242052985159614,25,10,10
41,8468,0.9106918295452054,0.00016476463204528058,0.08890778301596443,0.00023562280678502093,25,10,10
41,8469,0.869809866525034,0.00014482271354623687,0.12663577830952624,0.0034095324518926082,25,10,10
41,8470,0.8792745949016543,8.986972100052743e-07,0.12057618856323891,0.00014831783789728007,25,10,10
41,8471,0.9236574039670099,2.5360127029794105e-05,0.0762055027315611,0.0001117331743991212,25,10,10
41,8472,0.9113467809461931,4.35636950362666e-05,0.08857885572267793,3.079963609378714e-05,25,10,10
41,8473,0.8891624087205221,3.802864821938592e-05,0.11055903269612895,0.00024052993513029488,25,10,10
41,8474,0.8371772477255617,3.915715067689349e-05,0.16213668187646513,0.0006469132472961672,25,10,10
41,8475,0.8531858711319634,7.924111609485506e-08,0.14674795917531178,6.609045160776705e-05,25,10,10
41,8476,0.8306855801544812,0.0005667629310560958,0.16858136050544317,0.00016629640901946036,25,10,10
41,8477,0.9283600354175731,1.4799928688931147e-06,0.07158930144564843,4.9183143909493785e-05,25,10,10
41,8478,0.9038189398829657,1.6067291275057646e-05,0.09579352499251723,0.0003714678332424008,25,10,10
41,8479,0.8920887287040035,1.5225121990883366e-06,0.10750737422227244,0.000402374561524723,25,10,10
41,8480,0.8991901827366449,5.9596069195849635e-05,0.09805609827335424,0.002694122920805213,25,10,10
41,8481,0.8445401944314588,4.711000175527973e-06,0.151497998488169,0.003957096080196837,25,10,10
41,8482,0.8926522809920288,3.2014365734002417e-06,0.1016442014468416,0.005700316124555953,25,10,10
41,8483,0.8781243853041895,1.3760051334514158e-06,0.119219395558447,0.0026548431322310044,25,10,10
41,8484,0.8686499479630926,7.033423354834678e-07,0.12867821489578582,0.0026711337987859775,25,10,10
41,8485,0.9038188557071422,4.393149390546447e-06,0.09580976027964766,0.0003669908638197054,25,10,10
41,8486,0.8719279553653573,8.062011792374276e-05,0.12764549244769396,0.0003459320690254296,25,10,10
41,8487,0.8193099920315451,1.629404655196445e-05,0.18066566845640636,8.045465496177966e-06,25,10,10
41,8488,0.9375012150847485,1.3378134826229757e-06,0.06211912306720687,0.00037832403456230135,25,10,10
41,8489,0.8322646445436126,2.6301819047735277e-06,0.16461891274012772,0.003113812534354358,25,10,10
41,8490,0.7543266560037556,0.00011942164727861457,0.2419080689749231,0.0036458533740410448,25,10,10
41,8491,0.8984061053775834,0.00028465815220271085,0.10074187991016081,0.000567356560053477,25,10,10
41,8492,0.8787067812930399,0.00017641629067091137,0.1206726702592864,0.0004441321570028818,25,10,10
41,8493,0.9150452648590395,6.751989138427462e-07,0.08243362941574503,0.002520430526302601,25,10,10
41,8494,0.8338891098368978,5.268569170845569e-05,0.1655165818515873,0.0005416226198065314,25,10,10
41,8495,0.904312457149816,6.530929158356695e-05,0.09531233813932449,0.00030989541927665157,25,10,10
41,8496,0.9273406401284321,0.0005076094057723467,0.0714242519303321,0.000727498535462644,25,10,10
41,8497,0.8793696760759618,5.607804979661858e-06,0.1199425644623571,0.0006821516567018997,25,10,10
41,8498,0.8624461750096053,3.1375309120065344e-06,0.13677217825738947,0.0007785092020932898,25,10,10
41,8499,0.8286477324820153,4.232612409484285e-06,0.1636484626877369,0.007699572217838528,25,10,10
41,8500,0.8606620925739769,4.480060980484538e-06,0.13518744854942988,0.004145978815612288,25,10,10
41,8501,0.8846801480386514,1.4820880463853494e-06,0.11117277006967949,0.00414559980362298,25,10,10
41,8502,0.9083910768803899,1.3061574992196714e-06,0.09006066965116831,0.001546947310942208,25,10,10
41,8503,0.9362759044685351,1.0814954162048156e-06,0.06353763217717841,0.00018538185887032006,25,10,10
41,8504,0.8370510833924595,2.458161753415431e-06,0.16282202324945835,0.00012443519632859858,25,10,10
41,8505,0.8217461510262655,0.00013325272232608628,0.17791601026695492,0.0002045859844542602,25,10,10
41,8506,0.8132668249153787,0.00025984839366547464,0.1863977883281091,7.553836284723576e-05,25,10,10
41,8507,0.8427666979919805,0.00018025926499896705,0.15647060618317785,0.0005824365598426261,25,10,10
41,8508,0.8727871298735476,7.82789290666759e-06,0.12686709939173899,0.000337942841806757,25,10,10
41,8509,0.8590104080796337,1.827866199953828e-06,0.1408426589164286,0.00014510513773808241,25,10,10
41,8510,0.902674408902964,6.048491214593527e-06,0.09717779854465544,0.0001417440611667062,25,10,10
41,8511,0.9234031031047897,7.234544096065656e-06,0.07415100317718937,0.0024386591739243347,25,10,10
41,8512,0.8636507158000571,1.8976634791149608e-06,0.1338368280914925,0.0025105584449715977,25,10,10
41,8513,0.8762038273416317,1.1156950456418819e-06,0.12361878265356895,0.0001762743097541652,25,10,10
41,8514,0.9531256861355384,1.7696435980357909e-06,0.04672545627065254,0.00014708795021110195,25,10,10
41,8515,0.8802321127624019,6.784072662303941e-06,0.11965975124348038,0.00010135192145664409,25,10,10
41,8516,0.8422543425582532,1.2594302678007128e-07,0.15772298362997403,2.2547868746399033e-05,25,10,10
41,8517,0.8766114862408504,9.7439795342602e-07,0.1233752751517581,1.226420943909162e-05,25,10,10
41,8518,0.9230100660091645,2.9677325963315232e-06,0.07638635588917576,0.0006006103690632796,25,10,10
41,8519,0.9358031727178266,7.320196495955853e-06,0.06153550338846101,0.002654003697216572,25,10,10
41,8520,0.8909620449446412,2.5468231517129914e-05,0.1088020914954522,0.000210395328390064,25,10,10
41,8521,0.8354903744392392,1.8871258321357116e-05,0.13623078993502075,0.02825996436741858,25,10,10
41,8522,0.8905894904225371,4.01049998276729e-07,0.08133873205283612,0.028071376474629307,25,10,10
41,8523,0.784858324315262,7.505749003022692e-05,0.17890073849477683,0.03616587969992993,25,10,10
41,8524,0.74553951755597,2.4426457343252736e-05,0.2117332276494055,0.04270282833728078,25,10,10
41,8525,0.870232906692522,5.681718813776512e-07,0.10339572372267042,0.02637080141292611,25,10,10
41,8526,0.7864609546094273,2.7381896793959325e-05,0.164954879739283,0.0485567837544948,25,10,10
41,8527,0.816293369615467,1.899167829878476e-05,0.17053735241690515,0.01315028628932817,25,10,10
41,8528,0.8603820493035408,1.0781820899182012e-05,0.13385276222560388,0.005754406649956313,25,10,10
41,8529,0.8845769666432254,1.5688922268782824e-05,0.11220234895592526,0.003204995478580377,25,10,10
41,8530,0.9075643801040835,0.00023541571792835565,0.08950213087344853,0.0026980733045402594,25,10,10
41,8531,0.8437726271025489,2.1453785711238746e-05,0.15309584655528297,0.003110072556456914,25,10,10
41,8532,0.7997211464783222,2.017321126168125e-05,0.12411012620456592,0.07614855410585009,25,10,10
41,8533,0.8180295821046442,2.103679991588506e-05,0.0969903645443678,0.08495901655107212,25,10,10
41,8534,0.8639127777798806,1.4101629098632611e-05,0.051919733875331275,0.08415338671568948,25,10,10
41,8535,0.8300250195128143,2.185759700089901e-05,0.09400159919126765,0.07595152369891771,25,10,10
41,8536,0.8157543379779258,0.0007220925273996132,0.10769303596800459,0.07583053352666835,25,10,10
41,8537,0.8533427753059173,5.5609553311788344e-05,0.07814837311620018,0.0684532420245702,25,10,10
41,8538,0.8414190579363294,2.0796362817690556e-05,0.09001670751437738,0.06854343818647464,25,10,10
41,8539,0.8620978578918013,7.913988552659418e-06,0.06195959170755831,0.07593463641208745,25,10,10
41,8540,0.848650423661786,1.3142255601623104e-06,0.07148287432139239,0.07986538779126115,25,10,10
41,8541,0.8873988681477472,1.038236943373851e-06,0.07141830124713622,0.041181792368173674,25,10,10
41,8542,0.8327612274118614,1.3904394155666525e-05,0.11439376943666454,0.0528310987573184,25,10,10
41,8543,0.821159421824451,1.7775607394991276e-05,0.1389033669875994,0.03991943558055496,25,10,10
41,8544,0.8476328138628806,1.6836272495943225e-06,0.11268870248576579,0.03967680002410383,25,10,10
41,8545,0.8411774031750444,9.540347705645622e-05,0.11916386787619114,0.039563325471707926,25,10,10
41,8546,0.8605686828553268,2.388519196392917e-06,0.0994449722792131,0.03998395634626339,25,10,10
41,8547,0.8747146267986113,1.2761111043948054e-06,0.08568067822239245,0.03960341886789138,25,10,10
41,8548,0.912217584555546,1.125302848782093e-06,0.04807418111169337,0.039707109029911807,25,10,10
41,8549,0.9282050557589671,1.0959589565259136e-06,0.03223333431579404,0.03956051396628252,25,10,10
41,8550,0.8417856363568516,4.172814445527404e-06,0.11723141633932065,0.040978774489381975,25,10,10
41,8551,0.848722940289794,4.280121867420126e-06,0.11449449782579942,0.036778281762539215,25,10,10
41,8552,0.8063025217208069,5.118301937751668e-05,0.1285566100567788,0.06508968520303586,25,10,10
41,8553,0.8169664791992136,1.3451587023865456e-05,0.09407786643882425,0.0889422027749393,25,10,10
41,8554,0.829770866613954,1.3583208359976747e-05,0.09660424827569931,0.07361130190198682,25,10,10
41,8555,0.8267427149819468,3.3423476589721364e-06,0.09065272141968786,0.08260122125070564,25,10,10
41,8556,0.8203097804202614,1.0561978213741554e-06,0.10126709801781798,0.0784220653640995,25,10,10
41,8557,0.7596936033303979,2.2673696222344767e-06,0.15727934512222652,0.0830247841777529,25,10,10
41,8558,0.8351897789552426,1.0256529834046776e-06,0.0924257044085341,0.07238349098323921,25,10,10
41,8559,0.8601110494413181,0.0006387108963769172,0.07223363985584143,0.06701659980646343,25,10,10
41,8560,0.859431145742111,4.8726268343151076e-06,0.07897092523101287,0.061593056400041986,25,10,10
41,8561,0.8415751365723513,1.4715729895072673e-06,0.08386568999598928,0.07455770185866999,25,10,10
41,8562,0.807713665522556,1.473919500985954e-07,0.111458474328522,0.08082771275697138,25,10,10
41,8563,0.782788122354767,1.3392641252138408e-05,0.15101817994694236,0.06618030505703777,25,10,10
41,8564,0.8354112112962473,1.8454501368658056e-05,0.09168096561331517,0.0728893685890684,25,10,10
41,8565,0.7757859680314954,4.983738825619786e-05,0.19286674387203515,0.03129745070821437,25,10,10
41,8566,0.834220230213603,6.973581673816386e-06,0.11928248807561274,0.04649030812910961,25,10,10
41,8567,0.7968146083923783,9.184964090161675e-07,0.16175967320748189,0.04142479990373043,25,10,10
41,8568,0.8480117874697446,3.969893141740952e-07,0.11249156084382551,0.03949625469711561,25,10,10
41,8569,0.7699767016459718,4.5709148634341575e-05,0.18885837095480407,0.04111921825058929,25,10,10
41,8570,0.76194043997438,8.995473006690776e-06,0.23154322290329302,0.006507341649320394,25,10,10
41,8571,0.7802543002426379,7.857666018419697e-06,0.21451164871467668,0.00522619337666702,25,10,10
41,8572,0.8779788871199059,6.2029216557448755e-06,0.12192095772459732,9.395223384088054e-05,25,10,10
41,8573,0.8488597842336217,4.191854643768029e-05,0.1508587389952265,0.0002395582247145101,25,10,10
41,8574,0.9242918799255163,3.637243428999461e-05,0.07556005473902123,0.00011169290117199246,25,10,10
41,8575,0.9364841190252149,1.0767481802032344e-06,0.063322101651321,0.00019270257528356693,25,10,10
41,8576,0.9136564553305476,4.6573192536146053e-07,0.08628080932746336,6.226961006328773e-05,25,10,10
41,8577,0.9767917659559872,4.83488655479912e-07,0.02319668887047983,1.1061684877506002e-05,25,10,10
41,8578,0.9142757674773282,0.0007261060715240752,0.08499177403234437,6.352418803819062e-06,25,10,10
41,8579,0.8301931367598786,0.0007494423278775232,0.16765207755264513,0.0014053433595985392,25,10,10
41,8580,0.8346843084647374,0.020897302587464334,0.14367799095426453,0.0007403979935344292,25,10,10
41,8581,0.8808115436852106,8.553479433161241e-06,0.11848404134086624,0.0006958614944900707,25,10,10
41,8582,0.8903819877485365,4.500206950132415e-05,0.10939591537736847,0.00017709480459449794,25,10,10
41,8583,0.9185290521411738,1.0119391103455763e-05,0.0779222278261469,0.0035386006415763487,25,10,10
41,8584,0.9270865808922045,7.672083532626278e-06,0.0728290134397433,7.673358452009156e-05,25,10,10
41,8585,0.8502647962558167,3.6836063341750055e-07,0.137136850941142,0.012597984442407617,25,10,10
41,8586,0.7990581317211578,9.262608376442403e-06,0.1936572879384546,0.007275317732010063,25,10,10
41,8587,0.8039661792871517,1.4137427983061533e-05,0.1888072687677425,0.007212414517122019,25,10,10
41,8588,0.840743782982435,1.9315574285882487e-05,0.15264937144052904,0.006587530002750034,25,10,10
41,8589,0.9479815414858228,5.543150701042818e-06,0.05197780269131859,3.511267215770171e-05,25,10,10
41,8590,0.8344621844770459,4.555736298939405e-05,0.13210687231678325,0.03338538584318176,25,10,10
41,8591,0.7873190104560314,0.00015628177355843996,0.13473191959595288,0.0777927881744575,25,10,10
41,8592,0.7712956958404215,0.00016117905422271113,0.15035561640590545,0.07818750869945008,25,10,10
41,8593,0.7455467062080463,0.0001555575237698615,0.1813492098426448,0.07294852642553869,25,10,10
41,8594,0.8039790894505074,0.00012209776518666725,0.11666468855768555,0.07923412422662068,25,10,10
41,8595,0.8757659329461417,0.0001151963241597405,0.05887192408657762,0.0652469466431214,25,10,10
41,8596,0.8377799451140955,0.00011565236600552895,0.09184242304984387,0.07026197947005519,25,10,10
41,8597,0.7825901601034854,3.2476219134581028e-06,0.14706792479195122,0.07033866748265079,25,10,10
41,8598,0.8518684779347763,1.932043187911143e-06,0.07596998471745726,0.07215960530457836,25,10,10
41,8599,0.9004533944083155,0.010952686207241918,0.0484187056838547,0.040175213700587686,25,10,10
41,8600,0.8857288250387749,0.0012187970699619056,0.0729192348643625,0.04013314302690092,25,10,10
41,8601,0.8649170780104265,0.0012186487956194997,0.09299065724365589,0.04087361595029778,25,10,10
41,8602,0.8599205896082728,1.0810728085184955e-05,0.10043436736256167,0.03963423230107928,25,10,10
41,8603,0.7988392589744254,1.2727216261060407e-05,0.18943925550236645,0.01170875830694773,25,10,10
41,8604,0.8432276005964267,1.9132564279248974e-05,0.15417816745452406,0.0025750993847706576,25,10,10
41,8605,0.8040872787229459,2.837511117019012e-05,0.19559735518359073,0.000286990982293388,25,10,10
41,8606,0.8675561726021078,8.404119111502202e-07,0.12843222877299404,0.004010758212986724,25,10,10
41,8607,0.898326604869043,6.659247318838812e-07,0.10034052223581517,0.0013322069704096457,25,10,10
41,8608,0.9145743433252298,2.169556020820837e-07,0.08525565524176323,0.00016978447740518185,25,10,10
41,8609,0.8933600402130374,9.02118108130423e-07,0.106600880824305,3.8176844549041604e-05,25,10,10
41,8610,0.8967128007149086,2.6163902238402434e-06,0.10297861037108519,0.0003059725237812343,25,10,10
41,8611,0.9030614237111394,1.5171711969490038e-05,0.0930587586512827,0.003864645925607658,25,10,10
41,8612,0.8030560974818028,0.0081347239047494,0.1782912807810372,0.010517897832411418,25,10,10
41,8613,0.8616890893087288,1.3728211332345969e-05,0.1278792475850946,0.010417934894844575,25,10,10
41,8614,0.8856853078364719,1.577887880899389e-05,0.10646959542401087,0.007829317860708748,25,10,10
41,8615,0.8762824211150491,2.4233938720938756e-05,0.12358239106938015,0.0001109538768500249,25,10,10
41,8616,0.8070806742508867,2.5960666132597327e-05,0.192777740860596,0.00011562422238486728,25,10,10
41,8617,0.8534254725901537,8.763863838749004e-07,0.14638363056762807,0.00019002045583436635,25,10,10
41,8618,0.836067543955728,0.00019132789595481441,0.16365220358842794,8.8924559888298e-05,25,10,10
41,8619,0.7545206764887724,0.0002910717260753987,0.24503963554419994,0.00014861624095225144,25,10,10
41,8620,0.7833615403003779,0.00010695843355859106,0.2163140756710121,0.00021742559505198188,25,10,10
41,8621,0.8239707560589793,9.215863815075635e-05,0.1757022661493777,0.00023481915349269912,25,10,10
41,8622,0.8902995908532741,2.7334268516242925e-05,0.10966868834561028,4.386532599352991e-06,25,10,10
41,8623,0.9166655350865736,4.2747553494554046e-05,0.0832746861951479,1.703116478430513e-05,25,10,10
41,8624,0.8583105804801118,7.171248432540097e-05,0.14145770531727261,0.00016000171829031517,25,10,10
41,8625,0.820176387564245,0.00047565352922143006,0.17495026835516433,0.004397690551369279,25,10,10
41,8626,0.851958970838243,1.452920838948109e-05,0.14251289486573118,0.005513605087635343,25,10,10
41,8627,0.9605740865382693,6.161775430487386e-07,0.03753348343549297,0.0018918138486951133,25,10,10
41,8628,0.9230703279651281,1.1454713247367552e-06,0.06861931033433946,0.008309216229208015,25,10,10
41,8629,0.9115735760450253,4.725390870961084e-07,0.08176043453422302,0.00666551688166546,25,10,10
41,8630,0.9143381436959234,5.263651528369524e-07,0.07933555229222683,0.006325777646697727,25,10,10
41,8631,0.8448598583231783,1.801143400428658e-05,0.1522722133684611,0.0028499168743571007,25,10,10
41,8632,0.8286061869596272,7.562071801616341e-06,0.17131471548628532,7.153548228624516e-05,25,10,10
41,8633,0.9124100943773867,3.470139046342077e-07,0.08699900314224018,0.0005905554664686486,25,10,10
41,8634,0.8671994179673357,0.0003491227553711308,0.13175155381261652,0.0006999054646773623,25,10,10
41,8635,0.8158496520057713,0.0003495532839674878,0.18368354013170074,0.00011725457855898693,25,10,10
41,8636,0.8274308602678454,0.00020433454674595946,0.1722957462052375,6.90589801699973e-05,25,10,10
41,8637,0.8751540337121766,0.000200675565019331,0.12433199398406462,0.00031329673873852317,25,10,10
41,8638,0.9245963772154425,8.725127365052521e-06,0.07506283417456155,0.0003320634826301076,25,10,10
41,8639,0.9099270319702072,2.2394719324892758e-05,0.08996773898764966,8.283432281793455e-05,25,10,10
41,8640,0.9294241170994963,1.0017980580125486e-05,0.0705018285358997,6.403638402359893e-05,25,10,10
41,8641,0.8865177644162792,1.0195921890577697e-05,0.11338943291784047,8.26067439892664e-05,25,10,10
41,8642,0.8765450468621435,1.9105972478876558e-05,0.12313704891970843,0.00029879824566873386,25,10,10
41,8643,0.8393871060333369,5.215506904305346e-07,0.15421074532929072,0.006401627086681584,25,10,10
41,8644,0.8907269088742062,7.887538069338841e-05,0.10847105021561303,0.0007231655294876239,25,10,10
41,8645,0.8450649455016896,5.983915435533351e-06,0.1547630803952928,0.00016599018758276207,25,10,10
41,8646,0.8627289340436252,7.888624441012513e-06,0.13700999506869949,0.00025318226323448555,25,10,10
41,8647,0.9554417338661662,4.372890097960552e-07,0.038264651308492825,0.006293177536330635,25,10,10
41,8648,0.9494874465673191,8.164018900322903e-06,0.04825661332054627,0.0022477760932343685,25,10,10
41,8649,0.895038811019012,8.081699247616294e-06,0.1025450955362016,0.002408011745538636,25,10,10
41,8650,0.8183820839757255,4.870240632896153e-05,0.1814321925509513,0.00013702106699337594,25,10,10
41,8651,0.8711491830469409,5.498343890416024e-06,0.1287945511288585,5.076748031081727e-05,25,10,10
41,8652,0.8926285377129679,4.86260270943408e-06,0.10729696378927356,6.963589504891945e-05,25,10,10
41,8653,0.8221820174640285,6.478585540104999e-06,0.17765810453580627,0.0001533994146248965,25,10,10
41,8654,0.8912514627303918,5.909285311327727e-06,0.10871146107305711,3.116691123975976e-05,25,10,10
41,8655,0.8858334127087892,6.1385087749131655e-06,0.09072724750282823,0.023433201279607584,25,10,10
41,8656,0.8846321770213281,6.0956864891325254e-06,0.09196386180156049,0.02339786549062286,25,10,10
41,8657,0.8838313811347791,4.440051735192304e-06,0.09248238400152743,0.023681794811958708,25,10,10
41,8658,0.8006858200065123,1.728860232988641e-05,0.16297699367815283,0.036319897713003715,25,10,10
41,8659,0.7434077951778097,0.00016815454095984704,0.21648176208589448,0.039942288195335914,25,10,10
41,8660,0.7141950704657919,0.00016904219686391005,0.24603695355592112,0.03959893378142373,25,10,10
41,8661,0.7915406584226398,0.00037517648044108835,0.16757522077391795,0.04050894432300064,25,10,10
41,8662,0.7973456418349955,6.948750508693126e-05,0.194238787365241,0.008346083294676416,25,10,10
41,8663,0.9217317961216588,1.984380237822193e-05,0.07054482148666921,0.007703538589293612,25,10,10
41,8664,0.9267917752766464,2.1033606507336924e-05,0.06567508894785401,0.00751210216899256,25,10,10
41,8665,0.9314058654366262,1.1079232798194615e-05,0.0682823372003401,0.0003007181302357697,25,10,10
41,8666,0.8953526820858881,2.010767383365641e-06,0.10431675075776585,0.00032855638896216817,25,10,10
41,8667,0.8936985939717659,9.628111819578614e-06,0.09794332687755392,0.008348451038860288,25,10,10
41,8668,0.8640173978101218,7.196876439212035e-06,0.12747426338858026,0.008501141924858588,25,10,10
41,8669,0.9011434546235022,6.920299216871698e-07,0.09536737121193284,0.0034884821346435686,25,10,10
41,8670,0.9217120727525931,1.4325640184849117e-06,0.07285166349353987,0.0054348311898483916,25,10,10
41,8671,0.9288812756837563,8.481456837690486e-07,0.06909742518272184,0.002020450987838766,25,10,10
41,8672,0.8490239319030931,3.7095420722711708e-06,0.1479127608152533,0.003059597739580433,25,10,10
41,8673,0.850716524654903,5.9764093236520906e-05,0.1480933217002549,0.0011303895516049352,25,10,10
41,8674,0.8416966200243217,3.8286271235387e-05,0.1570557744182218,0.0012093192862214295,25,10,10
41,8675,0.8762696870240231,1.1511594842740554e-05,0.12268489883890213,0.0010339025422315745,25,10,10
41,8676,0.8841718949665781,0.0002951964379936662,0.11548369498460287,4.921361082495674e-05,25,10,10
41,8677,0.8029259793927737,0.006782558229092139,0.18835515436891764,0.0019363080092148744,25,10,10
41,8678,0.8269613246506685,1.0807678327099452e-05,0.17292965386384254,9.821380716204315e-05,25,10,10
41,8679,0.8015394449563625,1.1359285275564963e-05,0.1964216796788381,0.002027516079523342,25,10,10
41,8680,0.8144854576071215,1.1280655610933454e-05,0.18349110449340597,0.002012157243861317,25,10,10
41,8681,0.8523059876649492,1.3466828583225726e-06,0.14737595625558544,0.0003167093966068937,25,10,10
41,8682,0.849895731807741,8.898285897216168e-05,0.149622796865807,0.00039248846748010815,25,10,10
41,8683,0.891172821367165,4.293875278086925e-06,0.10815963970840704,0.0006632450491502795,25,10,10
41,8684,0.918776724314856,6.249253825403502e-06,0.08081272882470567,0.00040429760661373393,25,10,10
41,8685,0.9085671582393594,0.0008896530059637783,0.09011168581581394,0.0004315029388635846,25,10,10
41,8686,0.8900298175687317,7.75799216170093e-06,0.06978674834577944,0.04017567609332771,25,10,10
41,8687,0.887296407517239,0.0012940691579802599,0.06941054718099711,0.041998976143783846,25,10,10
41,8688,0.9076062949496757,1.1346812141501384e-05,0.052837421103161294,0.03954493713502166,25,10,10
41,8689,0.8281782865358918,1.2310698467821316e-05,0.16502422061375868,0.006785182151883531,25,10,10
41,8690,0.8333757111035429,1.5846240307963473e-06,0.16618480903219202,0.0004378952402349273,25,10,10
41,8691,0.8752193227618009,7.200792821166702e-06,0.12438031803280199,0.0003931584125767959,25,10,10
41,8692,0.8703762216702288,4.534071885816705e-05,0.12937007153778046,0.00020836607313296765,25,10,10
41,8693,0.8937340956820238,1.085775617511185e-05,0.10621351016498046,4.1536396820940694e-05,25,10,10
41,8694,0.9078304297292551,6.466521970584887e-07,0.0921163452323387,5.2578386209194335e-05,25,10,10
41,8695,0.9269416825199487,8.369646492748945e-06,0.07251224370262248,0.0005377041309350399,25,10,10
41,8696,0.9119341302375011,1.5179330342279496e-06,0.08752901782649052,0.0005353340029733679,25,10,10
41,8697,0.9386159956993539,3.2460273089948655e-06,0.060581553838206605,0.0007992044351302837,25,10,10
41,8698,0.9653025916378003,6.907503732565066e-07,0.03462089403165833,7.5823580168546e-05,25,10,10
41,8699,0.9302442814709376,1.4107462602943549e-05,0.0658397134324868,0.003901897633971852,25,10,10
41,8700,0.8847935640358549,1.0973772515149425e-06,0.08947206294462827,0.025733275642264828,25,10,10
41,8701,0.7768936075921724,0.03285681013524851,0.1489635007445416,0.04128608152803684,25,10,10
41,8702,0.8691341459803185,6.6638203585539e-07,0.08958238287022832,0.04128280476741755,25,10,10
41,8703,0.8875404618814278,3.519240102293655e-06,0.07397000098886812,0.03848601788960112,25,10,10
41,8704,0.8836353054397114,9.288480340798622e-07,0.07484988336919512,0.04151388234305919,25,10,10
41,8705,0.8701247352609256,1.8944031806447379e-06,0.09002993284475322,0.039843437491139964,25,10,10
41,8706,0.8940996990364656,6.695966465243538e-07,0.0756855627979479,0.03021406856893938,25,10,10
41,8707,0.850030746480183,6.08759660760519e-06,0.07930699117017437,0.07065617475303511,25,10,10
41,8708,0.8346755638192005,1.2259793959654565e-06,0.0950517120999875,0.0702714981014161,25,10,10
41,8709,0.7962370706875237,4.280345838307727e-06,0.12139277684485159,0.08236587212178619,25,10,10
41,8710,0.8174551632709968,1.4127716154832685e-05,0.11612570039201837,0.06640500862083036,25,10,10
41,8711,0.8019151801366804,0.0006182139880277208,0.11786056618186384,0.07960603969342812,25,10,10
41,8712,0.834329428101184,0.0006172932725369145,0.08518827123632587,0.07986500738995304,25,10,10
41,8713,0.8157416493917756,0.0006213305602961138,0.1438590232350467,0.03977799681288117,25,10,10
41,8714,0.8207967544735895,0.0006081873890821448,0.13622240959697282,0.04237264854035546,25,10,10
41,8715,0.8401217758913669,1.7386683314509955e-06,0.1298788405592368,0.029997644881064586,25,10,10
41,8716,0.8088832522791181,7.90287179599997e-06,0.14838549137417545,0.04272335347491023,25,10,10
41,8717,0.8118197951654947,1.0050051875325643e-05,0.14688125125798324,0.04128890352464753,25,10,10
41,8718,0.881050947174724,9.054119230616373e-07,0.07973259947885636,0.03921554793449645,25,10,10
41,8719,0.8780684190055511,0.0002338615454815793,0.08247133278240361,0.03922638666656343,25,10,10
41,8720,0.8332372651830379,1.5433678697176778e-06,0.12743330677284756,0.03932788467624503,25,10,10
41,8721,0.8441871646663093,3.419361704534645e-06,0.11612636200370798,0.03968305396827824,25,10,10
41,8722,0.823430097695046,6.226156048060969e-06,0.1356455513263517,0.040918124822554275,25,10,10
41,8723,0.8465238094734139,1.39150200787043e-05,0.1125357377633255,0.040926537743181834,25,10,10
41,8724,0.8207161050899293,6.984148207216566e-06,0.1778025026054739,0.0014744081563895812,25,10,10
41,8725,0.8385113110812804,5.4713889413859415e-06,0.1600923918965108,0.0013908256332678553,25,10,10
41,8726,0.8150989186592321,8.49052603935516e-05,0.16185094909412753,0.0229652269862458,25,10,10
41,8727,0.8402452855329469,9.349895246979493e-05,0.13656771106765017,0.02309350444693353,25,10,10
41,8728,0.8992813717151742,5.653225560349898e-06,0.07038962210153336,0.030323352957731566,25,10,10
41,8729,0.8717913032855152,7.99376502731025e-06,0.09914422321042604,0.029056479739032297,25,10,10
41,8730,0.8797551689374834,2.9359748718090264e-05,0.0834980921076443,0.03671737920615536,25,10,10
41,8731,0.9107350438706789,1.6294380509491703e-06,0.053859764433058926,0.03540356225821147,25,10,10
41,8732,0.9115229763740412,1.2521010986887682e-06,0.048849710810988774,0.039626060713871675,25,10,10
41,8733,0.8486235659431702,4.375224888738679e-07,0.12009201792772807,0.03128397860661296,25,10,10
41,8734,0.8122463045465955,1.6982627046763432e-06,0.14793609480814415,0.03981590238255605,25,10,10
41,8735,0.8520666149204071,7.169020377221683e-06,0.1081686605964362,0.0397575554627786,25,10,10
41,8736,0.9024204171779081,7.253118476954604e-06,0.05803934018617397,0.03953298951744061,25,10,10
41,8737,0.8301916329587016,1.1615720652424748e-05,0.09651162450459534,0.07328512681605079,25,10,10
41,8738,0.8235491743581747,1.5588990763414515e-06,0.09653899458809756,0.07991027215465132,25,10,10
41,8739,0.865426380098739,1.904864888994861e-06,0.09356196167119822,0.0410097533651744,25,10,10
41,8740,0.8493723872937176,1.4075147650067671e-06,0.10951546462790372,0.04111074056361395,25,10,10
41,8741,0.8399251489268935,9.899357155264773e-05,0.12466597098469831,0.03530988651685544,25,10,10
41,8742,0.7737283290859484,1.7733235035443212e-06,0.19191645762613405,0.034353439964413195,25,10,10
41,8743,0.8589423941438277,7.823038681067511e-05,0.13948751955129873,0.001491855918062372,25,10,10
41,8744,0.825736800906011,7.899894920340029e-05,0.17253454662711767,0.0016496535176676588,25,10,10
41,8745,0.8658903804530858,7.674749639167242e-05,0.13214130247003936,0.0018915695804834424,25,10,10
41,8746,0.7828404505165136,0.00030170461999317455,0.18414679117785662,0.032711053685636426,25,10,10
41,8747,0.8279664401398159,2.5097617727879164e-05,0.14737907025285518,0.02462939198960079,25,10,10
41,8748,0.8180928784891026,2.6111139501743844e-05,0.15714371954228082,0.024737290829114845,25,10,10
41,8749,0.8220375489582884,1.0001825654530474e-05,0.138227172724471,0.03972527649158531,25,10,10
41,8750,0.8523591943042532,6.014839098679775e-07,0.11483983718829201,0.03280036702354437,25,10,10
41,8751,0.8241146062951489,2.5227134059199665e-06,0.1387964224887857,0.03708644850265953,25,10,10
41,8752,0.783242336333238,0.0016565389528358648,0.175364897173273,0.03973622754065401,25,10,10
41,8753,0.8561564918566715,1.3981869517823824e-05,0.11914238890480464,0.024687137369006837,25,10,10
41,8754,0.9318177215713063,6.708811317865783e-08,0.0393237880828643,0.028858423257716318,25,10,10
41,8755,0.9161221847157444,7.573928510825615e-06,0.0772749760900134,0.006595265265731211,25,10,10
41,8756,0.9603263044480036,6.935804575933154e-06,0.03956722734667048,9.953240074998488e-05,25,10,10
41,8757,0.9537242240165041,7.1515202030448036e-06,0.04612925885245284,0.0001393656108396326,25,10,10
41,8758,0.9286943358180433,0.004542067974381652,0.06673530031481383,2.829589276119453e-05,25,10,10
41,8759,0.9279828725910609,0.004535827559671855,0.06745546792828613,2.583192098122043e-05,25,10,10
41,8760,0.9199252584059736,4.998169798314718e-07,0.079983070247052,9.117152999464454e-05,25,10,10
41,8761,0.8539384553963006,1.8643911014064461e-06,0.14595389537119555,0.00010578484140323351,25,10,10
41,8762,0.8270793771566316,1.2957680856957206e-06,0.1710271130749301,0.0018922140003527737,25,10,10
41,8763,0.878269131464318,1.6324076488340029e-06,0.11960409754197808,0.0021251385860555734,25,10,10
41,8764,0.8484534780528503,1.4200903095270219e-06,0.1503829641697795,0.0011621376870607303,25,10,10
41,8765,0.9499357181342463,6.634417361441319e-06,0.049980636340206545,7.701110818562997e-05,25,10,10
41,8766,0.8908096172238593,0.0008554061373201601,0.10825763972309148,7.733691572982948e-05,25,10,10
41,8767,0.905337944449955,0.00028993920757016035,0.0943502060189208,2.1910323554974932e-05,25,10,10
41,8768,0.7916013881825389,0.0009085364104045358,0.20592200392834756,0.001568071478709036,25,10,10
41,8769,0.9047462249605301,1.549449115964854e-05,0.09365702766701509,0.001581252881295497,25,10,10
41,8770,0.936739437928383,9.351732961883093e-06,0.06323529324454229,1.5917094112483577e-05,25,10,10
41,8771,0.7988891204702466,2.643351943907098e-05,0.20008986793370684,0.0009945780766088326,25,10,10
41,8772,0.7751713486991824,0.0005736574884072736,0.2230399092174104,0.0012150845950011364,25,10,10
41,8773,0.8528897937913509,0.00028596864382666087,0.1459493402080855,0.0008748973567359808,25,10,10
41,8774,0.8513131073877281,0.0007672411175589635,0.14743497294844368,0.00048467854626996334,25,10,10
41,8775,0.8400398852124156,0.0007700506076960107,0.15810964988316403,0.0010804142967244573,25,10,10
41,8776,0.9082344622618826,2.2622131691175585e-05,0.09158780990810188,0.00015510569832464244,25,10,10
41,8777,0.8733977781680037,4.874220032155714e-07,0.12509469948915825,0.001507034920835221,25,10,10
41,8778,0.9367806011453902,9.059966216657973e-07,0.05988521962840771,0.003333273229580527,25,10,10
41,8779,0.9211270645855524,4.139988224985394e-07,0.07707299985810737,0.0017995215575174783,25,10,10
41,8780,0.8781566953436282,3.9569567862487085e-06,0.12145531078206576,0.00038403691752077115,25,10,10
41,8781,0.950145681160236,8.744848611690345e-07,0.049390313304796624,0.00046313105010646665,25,10,10
41,8782,0.8647855308807995,6.935325070846169e-06,0.13145376862694053,0.0037537651671894563,25,10,10
41,8783,0.9140004994653192,8.651426075135129e-06,0.08225842997180263,0.0037324191368036325,25,10,10
41,8784,0.8653075973751199,3.3034935525583583e-06,0.0948452653018397,0.03984383382948781,25,10,10
41,8785,0.800589088677335,2.9938138936651613e-06,0.13061236294292317,0.06879555456584811,25,10,10
41,8786,0.831297200364356,3.5366575616128017e-06,0.12846897976954505,0.04023028320853719,25,10,10
41,8787,0.8181946011081657,3.326357954073142e-05,0.15308371473701102,0.028688420575281898,25,10,10
41,8788,0.8705529145464365,9.148946848179305e-06,0.10215847940260227,0.02727945710411235,25,10,10
41,8789,0.8715530749287084,3.999111316502053e-06,0.10108447142848385,0.027358454531491213,25,10,10
41,8790,0.8492715224406899,3.988094485563434e-06,0.12344475737347338,0.02727973209135106,25,10,10
41,8791,0.7353274626925616,1.1322803439557791e-05,0.23721371159371263,0.027447502910285738,25,10,10
41,8792,0.717876668797251,1.6145289050323585e-05,0.2546241613002542,0.027483024613443974,25,10,10
41,8793,0.8613916700132296,2.648839448171133e-05,0.13091025738922954,0.007671584203058378,25,10,10
41,8794,0.8640378197938589,3.2404189103388524e-05,0.12423587950338431,0.011693896513653133,25,10,10
41,8795,0.8058661857519845,2.551958079813952e-05,0.18372131273539816,0.010386981931818978,25,10,10
41,8796,0.8179239756500136,2.6532256146576276e-05,0.1548137043999134,0.02723578769392605,25,10,10
41,8797,0.8597678695056756,3.086141433759959e-05,0.10506965174296955,0.03513161733701735,25,10,10
41,8798,0.8808923083801021,2.884931150498955e-06,0.08393600192643262,0.03516880476231483,25,10,10
41,8799,0.8478388441185247,7.307109234360793e-07,0.14045818533063112,0.01170223983992069,25,10,10
41,8800,0.8684114365869688,1.9455618547406045e-06,0.10643435715518489,0.0251522606959908,25,10,10
41,8801,0.8085797723643796,1.6987068664298245e-05,0.18001440735551844,0.011388833211438076,25,10,10
41,8802,0.8590329190092811,1.568811158724874e-05,0.12956129800442936,0.011390094874702335,25,10,10
41,8803,0.8827943791349975,2.607555539639749e-05,0.10323218999014061,0.013947355319465544,25,10,10
41,8804,0.8464451318939845,1.4508769968675072e-05,0.11400075330538567,0.03953960603066107,25,10,10
41,8805,0.8215445253955774,1.4587273860530942e-05,0.13890105464822422,0.03953983268233805,25,10,10
41,8806,0.8202944223542444,1.4641474405666143e-05,0.1480183323782457,0.03167260379310469,25,10,10
41,8807,0.7925309348403237,1.6236583731337395e-07,0.13838334111896514,0.06908556167487422,25,10,10
41,8808,0.7562674856700251,1.3236768620936877e-07,0.16359749707401758,0.08013488488827138,25,10,10
41,8809,0.7492739060448841,3.541506663369796e-05,0.1681565609793271,0.08253411790915532,25,10,10
41,8810,0.8534115110766617,2.9936028388676673e-05,0.07293853394740409,0.07362001894754518,25,10,10
41,8811,0.8357531695217137,0.00020433657558521206,0.08303027296323572,0.08101222093946524,25,10,10
41,8812,0.7814242374872342,0.00020449108487885915,0.1361001668437915,0.08227110458409519,25,10,10
41,8813,0.7926269306275828,8.758795419163215e-06,0.09577455999892952,0.11158975057806822,25,10,10
41,8814,0.772832138600139,2.6134765107020695e-05,0.1405294761328664,0.0866122505018877,25,10,10
41,8815,0.7639951657330072,0.0003316880064886292,0.1824918992327495,0.05318124702775442,25,10,10
41,8816,0.7781948965951326,0.00034236062080320924,0.18413077211978607,0.037331970664278354,25,10,10
41,8817,0.822719206638063,1.4345467277628362e-05,0.13822643183107625,0.03904001606358272,25,10,10
41,8818,0.8641525115394526,7.5005959657172e-05,0.09846785460559375,0.03730462789529641,25,10,10
41,8819,0.8539086537277253,6.463782907239038e-05,0.14537353566501257,0.0006531727781892738,25,10,10
41,8820,0.891661857722584,0.0003480765918929501,0.10581027967735586,0.002179786008167021,25,10,10
41,8821,0.8909650511036081,3.913781905530588e-06,0.10871632652902319,0.00031470858546331934,25,10,10
41,8822,0.7029370709306416,1.602998344395636e-06,0.296607320257355,0.00045400581365925624,25,10,10
41,8823,0.8805382595045349,1.610152342446474e-05,0.10664971326264733,0.012795925709394052,25,10,10
41,8824,0.8927623610049805,1.630900474541702e-05,0.09355544273917134,0.013665887251102531,25,10,10
41,8825,0.8348779773507418,1.5510881740496252e-05,0.09416332190716747,0.07094318986035,25,10,10
41,8826,0.767174074515675,0.0060911380843224686,0.15959343442717766,0.0671413529728253,25,10,10
41,8827,0.815964948988138,0.006075159752166655,0.11807078806405528,0.05988910319563935,25,10,10
41,8828,0.788321553994275,0.0060746266638616354,0.13884801085631945,0.06675580848554416,25,10,10
41,8829,0.8409814730455973,3.309570937605706e-06,0.09040373143061306,0.06861148595285227,25,10,10
41,8830,0.7577826822080084,1.2657497508511041e-05,0.1765771160265234,0.06562754426796136,25,10,10
41,8831,0.7592873992252818,0.0002168125069275283,0.17399132086127722,0.06650446740651511,25,10,10
41,8832,0.7055903152101822,3.5955829705778457e-06,0.21451763725567083,0.07988845195117661,25,10,10
41,8833,0.7209466214997134,1.9908584645858838e-06,0.22993537858253255,0.04911600905929049,25,10,10
41,8834,0.8019398946756781,3.846859142224942e-06,0.1596545525330302,0.03840170593215016,25,10,10
41,8835,0.8311227928507668,2.5457159466283948e-06,0.16043261039520224,0.008442051038085669,25,10,10
41,8836,0.8351093805554828,2.1242009841919268e-06,0.16474665890658982,0.00014183633694356965,25,10,10
41,8837,0.8783066589210609,2.6233968090245177e-06,0.12159366871092318,9.70489712073343e-05,25,10,10
41,8838,0.9019069901460232,8.506358872414597e-07,0.09799409912801325,9.806009007700039e-05,25,10,10
41,8839,0.938869112475009,9.890794205910571e-07,0.060977145072196696,0.0001527533733736195,25,10,10
41,8840,0.8963557278376506,9.111434522539325e-06,0.10341080764108197,0.00022435308674466494,25,10,10
41,8841,0.8642577030428442,7.3983688517340455e-06,0.1297487361832256,0.005986162405078955,25,10,10
41,8842,0.8704113681824045,1.2591392351017371e-05,0.12934956439761225,0.00022647602763263962,25,10,10
41,8843,0.8977031517140273,8.545890780511579e-08,0.10183553600865443,0.00046122681841014723,25,10,10
41,8844,0.8517028304968823,6.135501750441733e-06,0.14807998016507143,0.000211053836296304,25,10,10
41,8845,0.8641100259426131,7.996781211662921e-06,0.13575224148744294,0.0001297357887319381,25,10,10
41,8846,0.8875587424275301,1.488118924442923e-07,0.11232972976511144,0.00011137899546587485,25,10,10
41,8847,0.8902000029633959,9.134449274101552e-06,0.1097181735718086,7.268901552126463e-05,25,10,10
41,8848,0.8246647799268259,3.3204288868372774e-05,0.17444355340857395,0.000858462375732786,25,10,10
41,8849,0.9192417217065081,1.6950282392858885e-07,0.0807475293935949,1.0579397073331853e-05,25,10,10
41,8850,0.9396945997379667,2.501172900353267e-07,0.06028732704918077,1.78230955628489e-05,25,10,10
41,8851,0.9082671882869555,5.31576478193497e-06,0.09163201865463055,9.547729363239533e-05,25,10,10
41,8852,0.8486096147529067,1.3831361032895074e-05,0.1512347195446799,0.00014183434138111166,25,10,10
41,8853,0.7970556527346139,2.766250450591937e-05,0.1759358524097049,0.026980832351175977,25,10,10
41,8854,0.8466695965712532,6.0475513153930447e-05,0.1286538477754293,0.024616080140163487,25,10,10
41,8855,0.8869049300749904,1.6330549145334523e-05,0.11254839706682059,0.0005303423090429248,25,10,10
41,8856,0.9173334093593359,8.186215913082662e-05,0.08253244651705387,5.228196447912665e-05,25,10,10
41,8857,0.9021751989034168,1.1033947332967867e-07,0.09780511431264298,1.9576444467220163e-05,25,10,10
41,8858,0.9102720043173071,1.0432432571669844e-06,0.08970648943159293,2.0463007843123378e-05,25,10,10
41,8859,0.9495843304554021,1.351135656060324e-06,0.050403692830640924,1.062557829992373e-05,25,10,10
41,8860,0.9195087481133873,7.929483484118712e-06,0.07882941938469208,0.001653903018436537,25,10,10
41,8861,0.8601579448833125,5.889249744509178e-07,0.13938290612893456,0.00045856006277855953,25,10,10
41,8862,0.809530631294316,8.395009511300807e-07,0.18768788375336992,0.0027806454513631534,25,10,10
41,8863,0.8626561511736456,6.039199350333657e-05,0.1368063983586954,0.0004770584741561195,25,10,10
41,8864,0.8696754612930954,2.655899482573707e-05,0.12798174550492117,0.0023162342071576542,25,10,10
41,8865,0.8694778996446282,1.3771260085202311e-05,0.1170295172160516,0.013478811879234841,25,10,10
41,8866,0.800434624134691,1.8731315121681764e-05,0.18476756782235476,0.014779076727833705,25,10,10
41,8867,0.8538061641250753,1.2195020992380193e-05,0.1439722562405862,0.0022093846133462124,25,10,10
41,8868,0.8734230330208226,3.8042895449130573e-07,0.12156147195050242,0.005015114599721153,25,10,10
41,8869,0.7873044132837519,4.084163441422981e-06,0.20408912122975623,0.008602381323050749,25,10,10
41,8870,0.7621239092090092,7.973806704247279e-07,0.2289766443303444,0.008898649079976968,25,10,10
41,8871,0.8280479347009049,1.6464010513415232e-05,0.1706427895912727,0.0012928116973086618,25,10,10
41,8872,0.9084398475667289,5.010236870981434e-06,0.09028824979934427,0.0012668923970551294,25,10,10
41,8873,0.8805808175957266,1.3828454506490165e-05,0.11597237819645603,0.0034329757533100077,25,10,10
41,8874,0.8729041766166686,3.941757584207426e-06,0.1263250940352645,0.0007667875904827637,25,10,10
41,8875,0.9245424414759953,8.83046330408908e-07,0.07408368722654929,0.0013729882511255783,25,10,10
41,8876,0.8563341861598238,0.00029760197850576273,0.13970667569951117,0.0036615361621586363,25,10,10
41,8877,0.8407080006616792,0.0003033340023263186,0.15677257876734024,0.00221608656865435,25,10,10
41,8878,0.8399226146555605,0.0004910921125971057,0.15938816243913098,0.0001981307927108704,25,10,10
41,8879,0.8957308093915388,4.4576936757519503e-05,0.10363862959155128,0.0005859840801516064,25,10,10
41,8880,0.9353815894781937,5.974136350243557e-07,0.06450638253012436,0.00011143057804720977,25,10,10
41,8881,0.8587807159905606,9.832033850830388e-06,0.14085470228823335,0.00035474968735514276,25,10,10
41,8882,0.9092560581599503,0.001875836246949843,0.08880214077464416,6.596481845507992e-05,25,10,10
41,8883,0.8670430202980813,2.1605611338905485e-06,0.13275614099085492,0.0001986781499295676,25,10,10
41,8884,0.9172477657823634,5.320634259144548e-07,0.08238601092742298,0.0003656912267871375,25,10,10
41,8885,0.9534861439833838,1.586620658138345e-05,0.046308221585477274,0.00018976822455717455,25,10,10
41,8886,0.8827496804268666,9.407669824653996e-06,0.11502299218537101,0.0022179197179371885,25,10,10
41,8887,0.8759904678712617,7.496529833320761e-07,0.12368494132608561,0.00032384114966983924,25,10,10
41,8888,0.9503520814725799,4.1171442672522594e-07,0.04951539644603083,0.00013211036696221285,25,10,10
41,8889,0.9604993306070712,2.0222715231258277e-05,0.03940363826080615,7.680841689120979e-05,25,10,10
41,8890,0.9457227847996111,3.2214492749387035e-06,0.05426812749649849,5.866254615340761e-06,25,10,10
41,8891,0.9146232516521153,1.8348112655788745e-05,0.08533505420278016,2.334603244867504e-05,25,10,10
41,8892,0.9354941737727686,0.0007453499210526656,0.06366467841912457,9.579788705381856e-05,25,10,10
41,8893,0.899904399509787,1.107523739761357e-06,0.07059081166785743,0.029503681298616115,25,10,10
41,8894,0.8799300061405029,8.401777416910274e-07,0.09520860766383253,0.024860546017922917,25,10,10
41,8895,0.8271240838943847,2.856003722788085e-06,0.1481155277658337,0.02475753233605891,25,10,10
41,8896,0.7724086343139781,2.6035405089088288e-06,0.20246475652895377,0.025124005616559364,25,10,10
41,8897,0.8184725696171691,4.8610022312396495e-05,0.1412145986254732,0.040264221735045416,25,10,10
41,8898,0.8645553042493148,1.3618707352949774e-06,0.09571321835292668,0.03973011552702311,25,10,10
41,8899,0.7306777093023353,1.3323368741888512e-05,0.22939581971636763,0.039913147612554274,25,10,10
41,8900,0.6975352045945891,9.747213962337836e-06,0.23824353290754133,0.06421151528390755,25,10,10
41,8901,0.7118167872075726,1.1730661676198996e-05,0.22079735861515268,0.06737412351559861,25,10,10
41,8902,0.7047460507617394,1.0977976810115377e-05,0.22348572382399523,0.07175724743745518,25,10,10
41,8903,0.7472142646109609,2.4043817358020417e-06,0.17955443731113468,0.07322889369616942,25,10,10
41,8904,0.7140518684379538,0.0003315724442225343,0.21879648396846882,0.06682007514935509,25,10,10
41,8905,0.8242794267079205,4.67686204401162e-06,0.1049376797668441,0.07077821666319178,25,10,10
41,8906,0.8126227090702862,1.7906355509151844e-06,0.12115847457743614,0.06621702571672794,25,10,10
41,8907,0.8424740595777334,3.865869304623295e-06,0.08968832685582433,0.06783374769713699,25,10,10
41,8908,0.7771092913604152,7.50029136950424e-05,0.14382045198920845,0.07899525373668181,25,10,10
41,8909,0.8722125842868581,4.430310459287568e-05,0.05358339149885521,0.07415972110969318,25,10,10
41,8910,0.7508099320912879,1.3277044547342084e-05,0.17155820583374376,0.07761858503042099,25,10,10
41,8911,0.7631835532973664,1.4692339511747445e-05,0.19084382221031077,0.04595793215281007,25,10,10
41,8912,0.7526221599403929,1.9472240286723604e-06,0.21585073542949687,0.031525157406080556,25,10,10
41,8913,0.8201783783579099,1.4499287073141994e-06,0.1786000404497826,0.0012201312636010953,25,10,10
41,8914,0.8711076963199244,2.6935129814254254e-06,0.12786934476872522,0.0010202653983700846,25,10,10
41,8915,0.8632911865801971,2.9025995402470515e-06,0.13136326204320573,0.005342648777057516,25,10,10
41,8916,0.9118902440734302,4.448713329560492e-07,0.08712545041238232,0.0009838606428542861,25,10,10
41,8917,0.9232283750475391,1.641326055745089e-05,0.07671076708867043,4.44446032329462e-05,25,10,10
41,8918,0.8435311688487503,6.352480336677292e-06,0.15445270547622847,0.002009773194684149,25,10,10
41,8919,0.8775710938359683,7.580737346076291e-06,0.11307056941686067,0.00935075600982501,25,10,10
41,8920,0.8842090071255175,5.0439643029996176e-05,0.11538973640599522,0.00035081682545744957,25,10,10
41,8921,0.8893580438064569,0.00038659973617253927,0.11018143945612971,7.391700124061567e-05,25,10,10
41,8922,0.8804127567048038,2.734973309214961e-07,0.11875716257769048,0.0008298072201753226,25,10,10
41,8923,0.8521069850596121,2.494116878519036e-07,0.14787008320078368,2.2682327916534588e-05,25,10,10
41,8924,0.8527175863971087,1.8346747628026453e-05,0.14719459723731534,6.946961794878769e-05,25,10,10
41,8925,0.875039765348006,1.70273622936876e-05,0.12490746344802832,3.5743841672581315e-05,25,10,10
41,8926,0.8931061200429273,0.0007454794187707841,0.10613585451555829,1.2546022743551901e-05,25,10,10
41,8927,0.9645257459062581,6.155531565507283e-07,0.03533101059402415,0.00014262794656093688,25,10,10
41,8928,0.8812982273363876,1.8167622026348575e-05,0.07970189973451823,0.038981705307068036,25,10,10
41,8929,0.843267410503172,1.3225552706936196e-05,0.12263214502655195,0.0340872189175695,25,10,10
41,8930,0.8741322911990481,9.092175087286665e-07,0.08584767325569008,0.04001912632775349,25,10,10
41,8931,0.8355916825940642,3.191134613607906e-06,0.12445531623184454,0.03994981003947802,25,10,10
41,8932,0.8729437551255188,2.307762324520173e-06,0.08710943255712927,0.039944504555027675,25,10,10
41,8933,0.8345278842474759,5.055813349008965e-06,0.1226418208851737,0.0428252390540019,25,10,10
41,8934,0.8661487882420842,8.489440959542087e-06,0.0935280135875062,0.04031470872944988,25,10,10
41,8935,0.8522205497548359,5.484485606236509e-06,0.10339000663627264,0.04438395912328534,25,10,10
41,8936,0.882258168912204,1.907237182375354e-06,0.07316221411044145,0.04457770974017238,25,10,10
41,8937,0.9015758219275406,1.4937766521294925e-06,0.09326867739849591,0.005154006897311884,25,10,10
41,8938,0.8647029593352825,6.398614419007632e-06,0.12974371743336297,0.005546924616935758,25,10,10
41,8939,0.8524737322993476,4.4335845464997e-06,0.1419714978333735,0.005550336282731909,25,10,10
41,8940,0.8354266804164885,3.3060315081168128e-06,0.1611139307121465,0.003456082839857276,25,10,10
41,8941,0.7872174259513289,8.538501618597945e-06,0.21004113381163048,0.002732901735421796,25,10,10
41,8942,0.8009161262502037,2.5150348345779543e-06,0.19620285029150974,0.0028785084234519737,25,10,10
41,8943,0.8334446975048287,2.2333744842288012e-06,0.16370532812146785,0.002847740999219022,25,10,10
41,8944,0.8907695537198308,2.011044542389302e-06,0.10914955646278025,7.887877284638845e-05,25,10,10
41,8945,0.8996713648555091,8.942410135295026e-06,0.10020363616041203,0.00011605657394390725,25,10,10
41,8946,0.916882529300111,0.00018127099873522848,0.0823716906083993,0.0005645090927539553,25,10,10
41,8947,0.9325054058985911,0.00018761328619733885,0.06698411149468178,0.0003228693205294534,25,10,10
41,8948,0.8505032909500825,2.024029028761538e-05,0.14762478763159792,0.0018516811280323575,25,10,10
41,8949,0.8469701101242627,5.035604088252062e-07,0.15297876587783693,5.0620437490848785e-05,25,10,10
41,8950,0.8607739716213493,4.152400897042359e-05,0.13808755621561536,0.0010969481540641758,25,10,10
41,8951,0.9285702279748902,0.0002890283830575208,0.06941547461895799,0.0017252690230937534,25,10,10
41,8952,0.8779560778740412,0.0002900400301318844,0.12171043445238196,4.344764344421127e-05,25,10,10
41,8953,0.8675209648591182,0.0005680946174863229,0.1277119534705395,0.004198987052856264,25,10,10
41,8954,0.8059486909803701,0.0005866502265600761,0.18933654620181944,0.004128112591250255,25,10,10
41,8955,0.8323055830136201,9.597587423340249e-06,0.16696476324450546,0.0007200561544499262,25,10,10
41,8956,0.8713984381910703,1.168196704823186e-05,0.12592240673946592,0.0026674731024151203,25,10,10
41,8957,0.8960529192827248,2.0654868857521794e-06,0.10141549976893714,0.0025295154614522527,25,10,10
41,8958,0.7808217106074928,0.00018363691512709787,0.12464074840886288,0.09435390406851686,25,10,10
41,8959,0.7314871607442731,7.917172084472677e-07,0.1729185000170836,0.09559354752143456,25,10,10
41,8960,0.7197930237446767,0.0003961091702410028,0.1700806862922227,0.10973018079285918,25,10,10
41,8961,0.7290933304860833,1.1530239705989258e-05,0.15125301497940355,0.11964212429480739,25,10,10
41,8962,0.7256647584241798,9.613321553360667e-06,0.1506019032562454,0.1237237249980227,25,10,10
41,8963,0.7641343037750984,2.3925227687036646e-05,0.11987347198800972,0.11596829900920508,25,10,10
41,8964,0.7746512060897587,3.533179025607214e-05,0.12551180344828516,0.09980165867170034,25,10,10
41,8965,0.7983272253190198,5.798234287965312e-06,0.08503394956481265,0.11663302688187983,25,10,10
41,8966,0.7245938960347784,5.853873619779769e-06,0.15848175725201513,0.1169184928395851,25,10,10
41,8967,0.7822798592620882,7.111089489511876e-07,0.1292255808796244,0.08849384874933737,25,10,10
41,8968,0.753208088966163,1.0808249297895484e-06,0.16819140272082125,0.07859942748808486,25,10,10
41,8969,0.733822209181277,1.5142550672934801e-05,0.19910230414581848,0.0670603441222327,25,10,10
41,8970,0.7610756547364136,2.898629970395744e-05,0.1913259335681297,0.04756942539575457,25,10,10
41,8971,0.7346322873418211,0.000836477842831176,0.21742874191021286,0.04710249290513615,25,10,10
41,8972,0.8087287861929436,0.001255615907189143,0.14318908320501111,0.04682651469485553,25,10,10
41,8973,0.7983001108223181,0.0008003502197703409,0.12040038348416529,0.08049915547374605,25,10,10
41,8974,0.830726598821686,5.418985001860225e-07,0.11518814930223444,0.054084709977579214,25,10,10
41,8975,0.8758159433763353,1.1689869643728327e-06,0.07184205944532267,0.052340828191377656,25,10,10
41,8976,0.9264709704583024,0.0003500749981083793,0.035196314042741365,0.03798264050084732,25,10,10
41,8977,0.8605725648899107,0.0003522758138233971,0.09949856325209995,0.039576596044166606,25,10,10
41,8978,0.8892931328812901,3.866140228012944e-06,0.07098541865734205,0.039717582321140095,25,10,10
41,8979,0.8888739832567913,2.854756085084404e-06,0.07894412759170617,0.032179034395417194,25,10,10
41,8980,0.8072393679086213,6.834686693155021e-06,0.15292073419834945,0.039833063206335916,25,10,10
41,8981,0.7618340465101496,6.0186437675891075e-06,0.19125443400822725,0.046905500837855475,25,10,10
41,8982,0.80314313296192,4.096205800424607e-06,0.15660729328788256,0.040245477544397355,25,10,10
41,8983,0.8846893181045996,3.4135384169966995e-05,0.07494222869138847,0.04033431781984232,25,10,10
41,8984,0.7855479851865128,3.628345805007916e-05,0.13248775886776204,0.08192797248767453,25,10,10
41,8985,0.8001736670963513,2.5161726821968834e-05,0.11599966974926479,0.08380150142756071,25,10,10
41,8986,0.805692310918248,2.1190513370423068e-05,0.1128929486795371,0.08139354988884362,25,10,10
41,8987,0.8198534063730913,2.860066423167806e-07,0.08765759479548048,0.09248871282478602,25,10,10
41,8988,0.8357388953203356,3.9532543034301045e-05,0.07181126518291268,0.0924103069537177,25,10,10
41,8989,0.8338320647703945,3.424475266861799e-05,0.12999320611837858,0.03614048435855932,25,10,10
41,8990,0.8002077043661215,3.38661284759667e-05,0.15803958693654654,0.041718842568855254,25,10,10
41,8991,0.8635376087989735,3.7100505032834693e-06,0.10664846951479018,0.029810211635733254,25,10,10
41,8992,0.9252529400203161,1.0878809629334122e-05,0.04497622361308212,0.02975995755697255,25,10,10
41,8993,0.9353696044746518,2.6200783046609313e-07,0.036996423899399514,0.027633709618117574,25,10,10
41,8994,0.8847936817468987,5.120312055638668e-05,0.07368280734790691,0.041472307784637986,25,10,10
41,8995,0.9533244484778908,8.740942019906307e-08,0.04666436325772054,1.1100854968577613e-05,25,10,10
41,8996,0.8981692051801758,9.67762954296483e-05,0.09918173709983251,0.002552281424561594,25,10,10
41,8997,0.9326506956765216,2.1099716686142965e-06,0.0672310350891222,0.00011615926268721055,25,10,10
41,8998,0.9653023885303669,1.6881401633119422e-06,0.02283095474955661,0.011864968579912673,25,10,10
41,8999,0.9186448246627026,1.06718733798797e-05,0.08118161020910314,0.00016289325481444163,25,10,10
41,9000,0.8643750054122953,2.2667236957363482e-05,0.13322024848657826,0.002382078864167706,25,10,10
41,9001,0.8709126474011506,5.3367099901862023e-05,0.12884596351001196,0.00018802198893521675,25,10,10
41,9002,0.8788201472697119,5.217489809620421e-05,0.12101583308755115,0.0001118447446403115,25,10,10
41,9003,0.8752181160466028,1.5492942039437925e-06,0.10010253116687683,0.02467780349231636,25,10,10
41,9004,0.8319981013473569,1.8778060145220813e-06,0.14341802147071087,0.024581999375917984,25,10,10
41,9005,0.8306830118431234,2.6163350331781655e-06,0.129558769403961,0.0397556024178827,25,10,10
41,9006,0.890130050009639,1.7511322872136162e-06,0.07061851950500396,0.039249679353069625,25,10,10
41,9007,0.8744187319967294,3.220042148555099e-06,0.08576431298791876,0.03981373497320357,25,10,10
41,9008,0.9160036187466538,7.743320006610486e-07,0.04074083679475546,0.04325477012659025,25,10,10
41,9009,0.8707260361766148,4.47321727390398e-07,0.10972009841586888,0.01955341808578829,25,10,10
41,9010,0.8246185594164969,0.0009180901251647443,0.1469245181594345,0.027538832298904546,25,10,10
41,9011,0.865780523967975,1.1244499070753365e-05,0.06243450858112713,0.07177372295182669,25,10,10
41,9012,0.8827195677657969,9.695843129178807e-07,0.07145430327350805,0.04582515937638226,25,10,10
41,9013,0.9536633543243608,1.4392444434244722e-06,0.037477725811474336,0.008857480619721629,25,10,10
41,9014,0.9123034063223462,3.102755247561865e-06,0.0863459435480012,0.0013475473744043712,25,10,10
41,9015,0.8550963272253327,1.4199347506790585e-05,0.14473498246841612,0.00015449095874399117,25,10,10
41,9016,0.8626774905805399,2.3962547191547593e-06,0.13690031941522673,0.0004197937495142323,25,10,10
41,9017,0.9095515027116224,5.722422202159186e-07,0.09035379293380971,9.413211234788791e-05,25,10,10
41,9018,0.8753469743128737,8.205388875979773e-07,0.12456639211888723,8.581302935038974e-05,25,10,10
41,9019,0.9310389658436926,8.66384257533726e-07,0.06861218434784758,0.00034798342420201337,25,10,10
41,9020,0.9287333678856531,1.1881648086892742e-05,0.07096479727733432,0.0002899531889259013,25,10,10
41,9021,0.8894393300628423,3.1105638218740317e-07,0.1102939128429891,0.00026644603778614204,25,10,10
41,9022,0.9134454226819833,0.0009386306652091594,0.08560570621665146,1.0240436155689522e-05,25,10,10
41,9023,0.8498162602020279,0.0009352650990824568,0.14600358839919822,0.0032448862996908453,25,10,10
41,9024,0.8592812226522426,0.0009466407040293349,0.12843532858435458,0.011336808059373244,25,10,10
41,9025,0.9291126071907624,6.8179941703105e-06,0.06885478431304397,0.0020257905020238413,25,10,10
41,9026,0.8928199574626747,1.2572229145150843e-05,0.10706953813165512,9.793217652500885e-05,25,10,10
41,9027,0.8926717869483396,1.1158913173546453e-05,0.10722780275325033,8.92513852364551e-05,25,10,10
41,9028,0.8589096060635467,2.833290643360573e-05,0.13873373091306465,0.002328330116955141,25,10,10
41,9029,0.9083977338387836,1.5113272488632136e-05,0.09142307581832126,0.00016407707040698192,25,10,10
41,9030,0.9272146377036163,5.848271823240358e-07,0.07168963985557758,0.0010951376136233621,25,10,10
41,9031,0.8460735267811296,3.051233184267018e-06,0.1526352337954778,0.0012881881902076279,25,10,10
41,9032,0.8596395601872027,3.5842020995601853e-06,0.1388216772692895,0.001535178341408108,25,10,10
41,9033,0.7695289243696063,3.0632128679329656e-06,0.23034717459887483,0.0001208378186514388,25,10,10
41,9034,0.8373653563005332,0.0074201580305063705,0.15504281320703442,0.00017167246192605366,25,10,10
41,9035,0.8088357220573065,2.832984058308734e-06,0.1894492787135451,0.0017121662450904696,25,10,10
41,9036,0.8382012829931733,0.00011093941335362736,0.16111748753327013,0.0005702900602040884,25,10,10
41,9037,0.85928781824544,2.2212690781643414e-06,0.14067704929961267,3.2911185869974174e-05,25,10,10
41,9038,0.8307478706928082,2.7740879123771e-06,0.16898330095017144,0.0002660542691083694,25,10,10
41,9039,0.8266035748636815,9.79628941578504e-07,0.1728881419192361,0.0005073035881409886,25,10,10
41,9040,0.8066163475969904,1.2308430072146235e-06,0.1928807313937427,0.000501690166259405,25,10,10
41,9041,0.8527130504168303,2.3843916487242942e-06,0.14726208620807435,2.247898344675871e-05,25,10,10
41,9042,0.8326276625105455,4.997036671626465e-05,0.16173076980009082,0.005591597322647517,25,10,10
41,9043,0.8560647557306948,2.138875349388193e-06,0.14067747288222235,0.003255632511733186,25,10,10
41,9044,0.8464552160827679,1.8482249009657074e-06,0.15006708480129352,0.003475850891037754,25,10,10
41,9045,0.8915780255392523,1.177425478536051e-06,0.1082004363196323,0.00022036071563740563,25,10,10
41,9046,0.9161910463145249,2.593581086706421e-06,0.08359714810342332,0.00020921200096501126,25,10,10
41,9047,0.8839033253885704,2.888711331334675e-06,0.11343028692165111,0.002663498978447337,25,10,10
41,9048,0.8534555762053249,7.985362660826268e-07,0.13975625447448975,0.006787370783919813,25,10,10
41,9049,0.8898273775666765,0.0005368078865245785,0.10915695301118596,0.0004788615356134302,25,10,10
41,9050,0.8583887148122497,0.0030205732935847866,0.13835450078250544,0.00023621111165918402,25,10,10
41,9051,0.9119165054510519,2.3992512904402896e-06,0.08663902111080306,0.0014420741868543517,25,10,10
41,9052,0.8803957442168807,4.253438913647184e-05,0.11414007468122081,0.005421646712762158,25,10,10
41,9053,0.9219752417740673,3.706303004066732e-05,0.07768717178079752,0.00030052341509439773,25,10,10
41,9054,0.8925776412202198,3.643269797354595e-05,0.10658245781978232,0.000803468262023866,25,10,10
41,9055,0.9505274912436709,3.5464794761490246e-05,0.048977052917147185,0.00045999104441969967,25,10,10
41,9056,0.8674198287636525,0.00029688310204263537,0.13221664485847462,6.664327583103202e-05,25,10,10
41,9057,0.8282769890983294,0.0002952241433366413,0.1709260866394209,0.0005017001189127549,25,10,10
41,9058,0.8189936811200431,1.1229549095385704e-05,0.1809663024970391,2.878683382230369e-05,25,10,10
41,9059,0.8759969034736086,1.0962870803720776e-05,0.12377260895753427,0.000219524698053836,25,10,10
41,9060,0.8509788293946916,9.640251797578198e-06,0.14899565203769777,1.587831581373761e-05,25,10,10
41,9061,0.8521702746946173,3.95166389531899e-06,0.14780905794536672,1.671569612069286e-05,25,10,10
41,9062,0.8710102862493931,1.2480321983027369e-05,0.12765041945847,0.0013268139701537276,25,10,10
41,9063,0.8714321120850259,8.24113348235401e-06,0.12817225748450473,0.00038738929698678025,25,10,10
41,9064,0.9419177197631515,5.951283222395648e-06,0.05775309828488709,0.00032323066873899125,25,10,10
41,9065,0.8972568318986494,2.7275990230165334e-05,0.10064899065427563,0.0020669014568457135,25,10,10
41,9066,0.8491897106201045,1.7899056580789756e-05,0.14971240280090373,0.0010799875224117481,25,10,10
41,9067,0.8450408974167652,5.574243781926432e-06,0.1535405669370784,0.001412961402374378,25,10,10
41,9068,0.8308475086745843,1.4354740082133488e-05,0.16903923233694396,9.890424838961886e-05,25,10,10
41,9069,0.8387093211504353,3.108383940980731e-06,0.16113285941105154,0.00015471105457143787,25,10,10
41,9070,0.8247915588287907,0.00026001057067297006,0.17490167798319584,4.675261734010457e-05,25,10,10
41,9071,0.8479419010075887,3.2280930384503844e-05,0.15015751457696436,0.0018683034850625322,25,10,10
41,9072,0.8058188461729333,3.252924731755134e-05,0.194078594824552,7.002975519831823e-05,25,10,10
41,9073,0.751925105448691,1.4892871221887992e-06,0.2477807245525904,0.0002926807115968173,25,10,10
41,9074,0.8002685159818118,0.01037803301623132,0.1787845647152064,0.01056888628675135,25,10,10
41,9075,0.8387167875193087,0.010310248871578345,0.1401036802739897,0.01086928333512316,25,10,10
41,9076,0.8601398033634494,0.010316184390200666,0.12933109052150943,0.0002129217248405992,25,10,10
41,9077,0.8442996471318849,0.001742513765330169,0.15381104844019441,0.00014679066259023671,25,10,10
41,9078,0.8742941738207624,0.0017317771759703335,0.12373937588388088,0.0002346731193860563,25,10,10
41,9079,0.8587735833275465,6.284261192806593e-06,0.14108064903788495,0.00013948337337534204,25,10,10
41,9080,0.8436333401163203,7.251420050539147e-06,0.11704263480483115,0.039316773658797564,25,10,10
41,9081,0.824155734448263,3.266088808333912e-05,0.13577720672709342,0.040034397936559676,25,10,10
41,9082,0.8498066164249017,2.3367937513214588e-05,0.11010524557521043,0.04006477006237461,25,10,10
41,9083,0.8863387667403242,4.8789752954345984e-05,0.07355785829744745,0.040054585209273894,25,10,10
41,9084,0.8672169616220926,1.2843937702676851e-05,0.10161519613902728,0.031154998301178155,25,10,10
41,9085,0.871003747317594,1.7378971148465605e-06,0.09805771896333754,0.030936795821953522,25,10,10
41,9086,0.8701039911536183,6.133776787435236e-06,0.09007641346720595,0.039813461602388946,25,10,10
41,9087,0.8536924731683726,6.73912812383991e-05,0.10640815185029612,0.03983198370009296,25,10,10
41,9088,0.8379157522550852,2.60572356538486e-05,0.07737908635384337,0.08467910415541761,25,10,10
41,9089,0.8144398134452514,2.6896026981750935e-05,0.10459081675114251,0.08094247377662381,25,10,10
41,9090,0.8689782714079105,1.326550254922593e-06,0.05876756836576812,0.07225283367606666,25,10,10
41,9091,0.7851489516281301,2.281472898764862e-06,0.1732335879370968,0.04161517896187485,25,10,10
41,9092,0.8311399493704178,4.3834858834736165e-05,0.12826439633016937,0.040551819440579305,25,10,10
41,9093,0.8872436533167511,9.221121777818561e-06,0.10973461404468939,0.003012511516781092,25,10,10
41,9094,0.9303595340788411,8.060036188589752e-06,0.06692396567378552,0.0027084402111844917,25,10,10
41,9095,0.9128793952036118,1.224951857236308e-05,0.08702892639709808,7.942888071815062e-05,25,10,10
41,9096,0.9243660346048054,1.8932356166836902e-06,0.0755636774309547,6.839472862274597e-05,25,10,10
41,9097,0.8449432285281094,5.571275206671499e-06,0.1546419141867072,0.0004092860099764714,25,10,10
41,9098,0.9138195768071542,4.385714797458831e-06,0.08616709697637864,8.940501668949598e-06,25,10,10
41,9099,0.928342829266611,1.0360895469899205e-06,0.04049562660803141,0.03116050803581074,25,10,10
41,9100,0.8512791925015125,0.00021051785564727538,0.1027472648243035,0.04576302481853722,25,10,10
41,9101,0.8566110212446404,0.00044144219956086957,0.11843557556329566,0.02451196099250279,25,10,10
41,9102,0.8374769692318185,0.00042727515657948323,0.12248207397323506,0.03961368163836679,25,10,10
41,9103,0.7471790867087045,0.00042317713568057165,0.2123947637942335,0.04000297236138188,25,10,10
41,9104,0.8275183447727502,1.5717360795291462e-06,0.13222755934517477,0.04025252414599526,25,10,10
41,9105,0.8335964346331238,9.905306236925673e-07,0.13051133429251485,0.03589124054373808,25,10,10
41,9106,0.9125915030629262,1.3841711863098467e-06,0.051911381238389696,0.03549573152749794,25,10,10
41,9107,0.8975403158842807,9.107351833410775e-06,0.0752990408934315,0.027151535870453835,25,10,10
41,9108,0.8565152769258362,2.770171930847831e-06,0.1071284063814631,0.03635354652076998,25,10,10
41,9109,0.8675719145155408,1.5960384167773031e-07,0.095984948333252,0.03644297754736484,25,10,10
41,9110,0.797186132356735,1.378141829727201e-05,0.16624681721399984,0.036553269010969114,25,10,10
41,9111,0.8533390684865998,8.742580330699633e-07,0.10626301411672938,0.04039704313863855,25,10,10
41,9112,0.8415227010072722,8.22090780284746e-06,0.13414692929709893,0.024322148787827364,25,10,10
41,9113,0.8849815407327736,1.319904178783123e-05,0.09132379972780356,0.02368146049763551,25,10,10
41,9114,0.835396593400356,1.7361667679312993e-05,0.1051930401288695,0.05939300480309609,25,10,10
41,9115,0.8722562606438845,3.6202100271118315e-07,0.08033416279906964,0.047409214536043603,25,10,10
41,9116,0.8681843683237124,5.840502360427894e-07,0.06388353989159691,0.06793150773445475,25,10,10
41,9117,0.8264589929632191,8.412980335120633e-06,0.1234870258635372,0.05004556819290834,25,10,10
41,9118,0.8898674941101123,8.781308287086774e-06,0.08470305727894292,0.025420667302657587,25,10,10
41,9119,0.8321776673993752,6.826437424217581e-06,0.12770865088965602,0.040106855273545315,25,10,10
41,9120,0.7855993678941374,6.684708993230839e-06,0.1743194201054049,0.04007452729146346,25,10,10
41,9121,0.8514669403232216,1.310015663555392e-06,0.10862704307995114,0.039904706581163296,25,10,10
41,9122,0.8717712369700412,8.399766801385886e-07,0.10053601863035908,0.027691904422918686,25,10,10
41,9123,0.8196830018243441,9.426672118020815e-06,0.14065704761885148,0.03965052388468702,25,10,10
41,9124,0.8620066122333021,1.5626191974527558e-06,0.10526325721211449,0.032728567935386775,25,10,10
41,9125,0.930294674849113,2.177790064933668e-06,0.06290568293988297,0.006797464420939615,25,10,10
41,9126,0.8784309276083168,1.7941449043152178e-06,0.11920872922393438,0.0023585490228449947,25,10,10
41,9127,0.9195936434494624,8.804379858037809e-06,0.07509966328732676,0.0052978888833531855,25,10,10
41,9128,0.8695777355106827,3.35858515396403e-05,0.12794277624352263,0.0024459023942554115,25,10,10
41,9129,0.8424906316767342,3.427628054921146e-05,0.15735303574587137,0.00012205629684512721,25,10,10
41,9130,0.891752928489186,4.7419840615192195e-06,0.10799554085788729,0.00024678866886540274,25,10,10
41,9131,0.9313781959190197,1.5209626061860223e-05,0.06858995082279941,1.6643632118807794e-05,25,10,10
41,9132,0.8887821405301929,1.8935177896203064e-06,0.0719362256806893,0.03927974027132831,25,10,10
41,9133,0.8984876755442299,1.1655848148364303e-06,0.030036808346768272,0.07147435052418669,25,10,10
41,9134,0.7260465439260212,1.376004638589899e-06,0.17872488957535823,0.09522719049398348,25,10,10
41,9135,0.8312720189249524,1.6657820860877175e-06,0.10604924608427313,0.06267706920868917,25,10,10
41,9136,0.7848562058642571,0.036781981574772284,0.11593023314204506,0.06243157941892586,25,10,10
41,9137,0.807348864905882,0.03678052500837566,0.09349662409171025,0.06237398599403212,25,10,10
41,9138,0.8396683600315454,3.258880032587618e-07,0.09990740529822993,0.06042390878222081,25,10,10
41,9139,0.8117449664444575,1.0394245485172882e-05,0.12146343713643842,0.06678120217361846,25,10,10
41,9140,0.8438354241014057,1.4802604011718725e-05,0.0940657493096252,0.06208402398495752,25,10,10
41,9141,0.7947632522687287,4.612613703587688e-05,0.1452324395743315,0.05995818201990454,25,10,10
41,9142,0.7748290340568509,1.6837479991155246e-05,0.1517361104350642,0.07341801802809447,25,10,10
41,9143,0.7407220371270868,3.289029091250005e-05,0.18586283173902973,0.07338224084297196,25,10,10
41,9144,0.8479809345437106,1.8229587013754511e-06,0.11203543294328386,0.039981809554304255,25,10,10
41,9145,0.8034991972111425,7.064109340511106e-05,0.18840674039801977,0.008023421297432347,25,10,10
41,9146,0.8729280429802948,2.4584215532365315e-05,0.08447089174966603,0.042576481054506336,25,10,10
41,9147,0.9131853399011033,7.082039167589235e-06,0.048179435708662746,0.03862814235106654,25,10,10
41,9148,0.8480815298737444,2.4552494284099485e-05,0.11121940772372514,0.0406745099082468,25,10,10
41,9149,0.9180982621447312,2.3033244954565086e-05,0.08169610165490548,0.00018260295540817233,25,10,10
41,9150,0.9419247347395242,0.0003520450124445654,0.05757606659017401,0.00014715365785724157,25,10,10
41,9151,0.9094066487311621,0.005969423675726363,0.08432932883869584,0.0002945987544159054,25,10,10
41,9152,0.926467121248012,1.2749250521158175e-06,0.07344967023387942,8.193359305571385e-05,25,10,10
41,9153,0.9121324076339066,2.7772630222564595e-06,0.08560856983576295,0.0022562452673077437,25,10,10
41,9154,0.9045897597406166,3.332027286684632e-05,0.09525873358466805,0.00011818640184834599,25,10,10
41,9155,0.9117046612195971,3.333053207672742e-05,0.08811259591034892,0.0001494123379768269,25,10,10
41,9156,0.8965329181237555,1.4755102719443915e-06,0.10003319623962462,0.0034324101263479324,25,10,10
41,9157,0.8273006552591895,1.2550238694057607e-05,0.16908395221607767,0.003602842286038936,25,10,10
41,9158,0.8590178648086231,1.7046529075810387e-06,0.1322321095266603,0.008748321011808247,25,10,10
41,9159,0.8610015572209369,1.0526456386800786e-06,0.1302527507859208,0.00874463934750344,25,10,10
41,9160,0.9480312498469631,1.5884696690926157e-05,0.046011025502599834,0.0059418399537461844,25,10,10
41,9161,0.8972137573641362,9.372445051239105e-06,0.09695668335414181,0.005820186836670751,25,10,10
41,9162,0.9251292866217549,1.4275908396791624e-05,0.07241285830380934,0.0024435791660384885,25,10,10
41,9163,0.9093029914638617,3.0134586917693878e-06,0.09057013787061699,0.00012385720682896889,25,10,10
41,9164,0.7759827706932727,3.3020115921601036e-06,0.18432040100415797,0.039693526290976035,25,10,10
41,9165,0.8161287440834134,1.0681800855464799e-06,0.17552674119583636,0.008343446540664733,25,10,10
41,9166,0.8572607778430122,3.996448490471542e-07,0.1389336758070698,0.0038051467050696304,25,10,10
41,9167,0.8251219465195778,2.6106408883260443e-06,0.15091263566806457,0.023962807171469803,25,10,10
41,9168,0.7417652956772339,4.914653460521513e-06,0.2211258873262555,0.03710390234305111,25,10,10
41,9169,0.7790605134703559,9.878097202087241e-05,0.1811266992157529,0.0397140063418703,25,10,10
41,9170,0.8047355792997364,1.06907311924109e-06,0.16010071402140652,0.03516263760573856,25,10,10
41,9171,0.8253736796814191,1.724134803572277e-05,0.16765622449642714,0.00695285447411813,25,10,10
41,9172,0.8900372188292982,1.5438838148696515e-05,0.1094475643246124,0.0004997780079402399,25,10,10
41,9173,0.9165356251490893,1.5154024615988124e-05,0.08340219531729204,4.702550900289243e-05,25,10,10
41,9174,0.922965864262612,6.158337782421461e-06,0.07552505038838707,0.0015029270112189496,25,10,10
41,9175,0.9406340607789866,6.818024511518178e-06,0.05789826457662764,0.0014608566198745397,25,10,10
41,9176,0.8617601407165604,1.6911837063477433e-05,0.11510597049691638,0.02311697694946024,25,10,10
41,9177,0.8157521180228763,1.0898516900936767e-05,0.14397236479555467,0.04026461866466897,25,10,10
41,9178,0.7438625523611302,8.658774300185374e-05,0.21592444952941844,0.040126410366451086,25,10,10
41,9179,0.8270672225012068,8.583515956056187e-05,0.13301505126366261,0.03983189107556974,25,10,10
41,9180,0.8605970887544642,8.664036701017895e-05,0.13826368952379833,0.0010525813547279223,25,10,10
41,9181,0.8483018778212764,0.00019646742558053633,0.14821714886591608,0.003284505887227037,25,10,10
41,9182,0.91888543224916,7.578731646550056e-06,0.07985705993579252,0.0012499290834007996,25,10,10
41,9183,0.8887051156935969,5.360483344686296e-06,0.10071080103449562,0.010578722788562249,25,10,10
41,9184,0.8869532446312651,2.0749723144890795e-05,0.09977575551318939,0.01325025013240138,25,10,10
41,9185,0.8654052271941679,7.86046222493601e-05,0.13098699829237492,0.0035291698912083523,25,10,10
41,9186,0.839793923845524,2.7473684180621597e-06,0.16000464562424738,0.00019868316181110036,25,10,10
41,9187,0.7536839250731253,3.458052616042825e-05,0.24613897336649765,0.00014252103421742574,25,10,10
41,9188,0.8417571379242211,1.062855836890525e-05,0.15809260753782867,0.00013962597958187237,25,10,10
41,9189,0.9211361226967095,1.0937956647461469e-05,0.07701724619769865,0.001835693148943928,25,10,10
41,9190,0.9103285934388369,6.252876120737411e-06,0.08847199220873762,0.0011931614763051037,25,10,10
41,9191,0.7910043647494683,6.768414979310401e-06,0.168181637334099,0.04080722950145222,25,10,10
41,9192,0.8310220200154451,1.7543675324112693e-06,0.14368618249327894,0.025290043123743663,25,10,10
41,9193,0.809317652627069,1.9864404825220626e-05,0.16539325793023876,0.02526922503786662,25,10,10
41,9194,0.8400109128963972,0.0003890350092068319,0.11968915882620003,0.03991089326819555,25,10,10
41,9195,0.7934559820903069,0.00037995671837327496,0.16628396781342814,0.03988009337789228,25,10,10
41,9196,0.8291979000081144,0.004329473024993214,0.12255125997923885,0.04392136698765258,25,10,10
41,9197,0.7271595112732271,4.3744407528531774e-05,0.2327639339779532,0.04003281034129248,25,10,10
41,9198,0.803085776779051,3.7187121324516523e-07,0.1571379788348465,0.03977587251488964,25,10,10
41,9199,0.8309274767561944,1.4062844104734664e-06,0.12665476730708977,0.04241634965230511,25,10,10
41,9200,0.7945389011614372,6.698590647903866e-06,0.17024487775264632,0.035209522495268895,25,10,10
41,9201,0.8192364749837024,1.216959220440777e-05,0.14163135918594388,0.03911999623814944,25,10,10
41,9202,0.8426402660321005,0.004342335257120186,0.15179908655514304,0.0012183121556365874,25,10,10
41,9203,0.8593004412483667,0.004316674470132509,0.13358602953829418,0.0027968547432066023,25,10,10
41,9204,0.8639632605705614,0.004311035054160824,0.13115290180647562,0.0005728025688021821,25,10,10
41,9205,0.8748991232191956,1.1555449616861771e-05,0.12455655626665506,0.000532765064531579,25,10,10
41,9206,0.943779320357659,1.1453200811116576e-05,0.05594116885240486,0.00026805758912471644,25,10,10
41,9207,0.9523248424977521,3.999751027161391e-07,0.04741282303365168,0.0002619344934932904,25,10,10
41,9208,0.9086360994069846,2.6726051171747875e-07,0.0896332909769508,0.001730342355552474,25,10,10
41,9209,0.8991311949573546,2.4733691926910077e-05,0.10057588772820575,0.0002681836225131182,25,10,10
41,9210,0.8795877155634119,1.513392473848604e-05,0.11867999779581792,0.0017171527160303622,25,10,10
41,9211,0.825256118352543,2.067241189346919e-05,0.17244040763372356,0.002282801601839514,25,10,10
41,9212,0.883744763456431,0.00016521115230611646,0.11577273582099636,0.00031728957026597746,25,10,10
41,9213,0.8576508133580691,1.3505593851671277e-05,0.13949752135458676,0.0028381596934930124,25,10,10
41,9214,0.8739173651625223,1.1054660360262676e-06,0.125989658729586,9.187064185561427e-05,25,10,10
41,9215,0.7943045554477608,1.0431568832182289e-05,0.2028891689745932,0.0027958440088153235,25,10,10
41,9216,0.801486748198019,8.76030205855446e-06,0.19739848463414258,0.0011060068657801013,25,10,10
41,9217,0.8587206730193495,4.203082167130068e-06,0.14095254164634388,0.0003225822521395448,25,10,10
41,9218,0.8459796765282371,4.234704248117152e-06,0.15363275319489053,0.0003833355726242865,25,10,10
41,9219,0.8615110779384686,1.3458450910546786e-05,0.13794333600442288,0.0005321276061980865,25,10,10
41,9220,0.7779914191367042,0.00018688365884466374,0.188638038893504,0.03318365831094807,25,10,10
41,9221,0.8628383617318467,3.5878068450733476e-05,0.09685575413263249,0.04027000606706996,25,10,10
41,9222,0.8662478039060673,2.1585095421104267e-05,0.13085002502089926,0.002880585977611666,25,10,10
41,9223,0.9098860386302705,3.664144208681561e-05,0.08998961037419828,8.770955344386853e-05,25,10,10
41,9224,0.8686809541200841,5.262762870293742e-05,0.12789593080458755,0.0033704874466251983,25,10,10
41,9225,0.8341570533495704,1.986801783745993e-05,0.12462536348318115,0.041197715149410785,25,10,10
41,9226,0.7711391131397147,0.0028685168792233332,0.22589141785408665,0.00010095212697437256,25,10,10
41,9227,0.8576177914179531,4.049180340195021e-05,0.13986904868853076,0.0024726680901147034,25,10,10
41,9228,0.8798377026883655,0.00021648627883344234,0.11755959061949094,0.0023862204133101622,25,10,10
41,9229,0.8925013056469844,7.973198102077857e-07,0.10501724099424818,0.0024806560389573147,25,10,10
41,9230,0.9137263755311525,2.3981017520399065e-07,0.08542293584273368,0.0008504488159385222,25,10,10
41,9231,0.9136341738867221,9.863799622680755e-07,0.08625025636964827,0.00011458336366808513,25,10,10
41,9232,0.9506061742992847,1.0572373943324453e-06,0.04573578822559714,0.0036569802377234718,25,10,10
41,9233,0.9312325008610532,6.7510725436147e-07,0.06876061016525341,6.213866438298644e-06,25,10,10
41,9234,0.9406531916901935,4.142414970426137e-06,0.058522439494938565,0.0008202263998972693,25,10,10
41,9235,0.9415574228302765,8.630186441628937e-07,0.05830797787384689,0.00013373627723268824,25,10,10
41,9236,0.9569890302175774,7.870131304080674e-07,0.042901846679396186,0.00010833608989555773,25,10,10
41,9237,0.8935576289567966,0.0003146812395429194,0.10609506883343006,3.2620970231051035e-05,25,10,10
41,9238,0.8860976203146999,9.101599160417933e-08,0.11229814368854785,0.001604144980762198,25,10,10
41,9239,0.8198449138008411,0.0003020056588006712,0.17981832004445664,3.476049590265473e-05,25,10,10
41,9240,0.8916324981604647,0.0003017856218742333,0.10773711945379967,0.00032859676386165173,25,10,10
41,9241,0.9011574461650613,1.3207185812301256e-06,0.09750995131672116,0.0013312817996361777,25,10,10
41,9242,0.8759546635227702,1.2662527501538618e-06,0.12394659834289301,9.74718815865467e-05,25,10,10
41,9243,0.9130781721816921,1.6101092793880492e-06,0.08683272605543348,8.749165359505727e-05,25,10,10
41,9244,0.8684066009709546,7.965494339879389e-06,0.12394307033784091,0.0076423631968652525,25,10,10
41,9245,0.8251198492190608,6.405412445663806e-05,0.16810051667936513,0.006715579977117655,25,10,10
41,9246,0.8829196478579919,1.2988528541532823e-06,0.11058116779506338,0.006497885494090683,25,10,10
41,9247,0.8927879689986807,3.089245995912904e-06,0.1013391563639228,0.005869785391401705,25,10,10
41,9248,0.8867162160641064,1.3305866750433182e-06,0.10747040095497966,0.005812052394239628,25,10,10
41,9249,0.9238618664068184,3.273614430136666e-05,0.07014168736474075,0.005963710084139069,25,10,10
41,9250,0.9318859459568176,1.3915185288769584e-06,0.06787907024126787,0.00023359228338448604,25,10,10
41,9251,0.869861254415607,3.860717129850932e-06,0.1289380675575743,0.0011968173096881388,25,10,10
41,9252,0.9211937455753452,3.0767707912538984e-07,0.07879864760267666,7.299144899088558e-06,25,10,10
41,9253,0.883468891133322,2.9091337291822155e-06,0.11615234311903716,0.0003758566139118671,25,10,10
41,9254,0.8646293592420287,4.545664083621372e-06,0.13458138761187058,0.0007847074820177175,25,10,10
41,9255,0.8923012358350116,6.195765669873878e-07,0.10757984844725589,0.00011829614116546667,25,10,10
41,9256,0.8588379484109594,2.487455117890001e-06,0.14110669381631802,5.28703176050827e-05,25,10,10
41,9257,0.9424970645035434,1.042748851719981e-06,0.05728020781995493,0.00022168492764925249,25,10,10
41,9258,0.8985976270813281,5.901796690682348e-07,0.099971955720406,0.0014298270185970083,25,10,10
41,9259,0.873924044471504,5.6230365594300746e-06,0.12591194311368625,0.00015838937825042414,25,10,10
41,9260,0.8380083139403677,5.107821592047927e-06,0.1618790283323351,0.00010754990570342748,25,10,10
41,9261,0.8953815520208263,1.0034495475820286e-06,0.10451290465128002,0.000104539878345759,25,10,10
41,9262,0.8411398946497107,4.2204383346253e-07,0.15867343626174324,0.00018624704471226415,25,10,10
41,9263,0.8803760555554001,1.3271913708832923e-06,0.114607616373255,0.00501500087997379,25,10,10
41,9264,0.8658409058967288,0.0005435072806103082,0.13009915583681533,0.003516430985845273,25,10,10
41,9265,0.9117245392206604,2.4123234122844938e-06,0.088227245367786,4.580308814144378e-05,25,10,10
41,9266,0.9248764305857202,1.80502705328184e-06,0.07503867539474392,8.308899248246316e-05,25,10,10
41,9267,0.9437108578750153,2.3134655679224008e-06,0.05600249954020562,0.0002843291192114894,25,10,10
41,9268,0.9138534324441535,2.017674992625316e-06,0.07291335840224203,0.013231191478611817,25,10,10
41,9269,0.9616882014536609,1.2414924187320746e-06,0.03806182438455265,0.00024873266936772053,25,10,10
41,9270,0.9042747724245085,2.962613142676988e-06,0.0957070940600737,1.5170902274052405e-05,25,10,10
41,9271,0.8730241908801587,2.264404946570384e-06,0.12688647961662433,8.706509826947369e-05,25,10,10
41,9272,0.867082285644139,7.555824865870888e-07,0.1280892484285958,0.004827710344778162,25,10,10
41,9273,0.8313685920607935,1.6911658954605857e-06,0.16111282617186723,0.007516890601443203,25,10,10
41,9274,0.8376531621166616,0.00039143856306435244,0.14632483406748298,0.015630565252789844,25,10,10
41,9275,0.8679518783556621,1.2183956076509849e-05,0.12193328205556442,0.010102655632697254,25,10,10
41,9276,0.8064983721528772,7.416656901876378e-07,0.15843467519965485,0.03506621098177843,25,10,10
41,9277,0.851468182999135,1.1390765497907902e-06,0.09759471263955981,0.05093596528475568,25,10,10
41,9278,0.8131123697840809,1.3201380164870358e-06,0.14347544716856486,0.043410862909338016,25,10,10
41,9279,0.849269308086653,0.0005057672542645236,0.1437118959185116,0.0065130287405713635,25,10,10
41,9280,0.8801509588682457,3.8870819436009206e-05,0.1196270529417376,0.0001831173705818185,25,10,10
41,9281,0.9263309507732399,4.603150950750565e-05,0.07345866826222666,0.0001643494550260258,25,10,10
41,9282,0.9087113593970672,7.934178335297495e-05,0.09120419055048706,5.108269093496586e-06,25,10,10
41,9283,0.9049857565310753,7.933898651174399e-05,0.09254057680952142,0.0023943276728924366,25,10,10
41,9284,0.876651098076746,6.690932623745073e-05,0.1207225369246749,0.0025594556723414473,25,10,10
41,9285,0.8829787191272893,0.0015765272233324973,0.1151707598527631,0.00027399379661461454,25,10,10
41,9286,0.8783741506137066,2.815097608860506e-06,0.12147731858620756,0.00014571570247715537,25,10,10
41,9287,0.8865158075278494,0.006525920383632827,0.10587639372221894,0.001081878366298953,25,10,10
41,9288,0.9188576628319585,0.006521393923156842,0.07335044324238728,0.0012705000024974002,25,10,10
41,9289,0.9345387427011852,2.1427532280020394e-06,0.06479854026916372,0.0006605742764231186,25,10,10
41,9290,0.87762586361032,8.699555693400356e-07,0.12230977239723327,6.349403687701694e-05,25,10,10
41,9291,0.8731605163134399,1.594054566222269e-05,0.11669684635532822,0.010126696785568682,25,10,10
41,9292,0.8252786408775438,1.8869493969790346e-05,0.17454903962693882,0.00015345000154928706,25,10,10
41,9293,0.8058814209565736,2.8536409585098506e-05,0.19315773063026684,0.0009323120035766619,25,10,10
41,9294,0.8655893329398981,2.3938967972453795e-05,0.1323266782458845,0.002060049846244172,25,10,10
41,9295,0.8892711843316289,2.300668100622246e-05,0.10873897242863168,0.001966836558732652,25,10,10
41,9296,0.9375122013979302,8.025994452537601e-07,0.05877491900025337,0.003712077002371387,25,10,10
41,9297,0.8990461428512898,1.3142916149944654e-05,0.09902750495855298,0.0019132092740078597,25,10,10
41,9298,0.9094387380095013,1.6449772490974133e-05,0.09002931810591487,0.0005154941120928244,25,10,10
41,9299,0.9115268360018584,2.4485030026437398e-05,0.0865198000641327,0.00192887890398146,25,10,10
41,9300,0.8515730191729819,0.0002761119490694733,0.10999960342600212,0.03815126545194532,25,10,10
41,9301,0.8846812789689261,0.0003332435444725659,0.07328476845521688,0.04170070903138451,25,10,10
41,9302,0.8188916787728827,0.0025180792467947065,0.13745624278645865,0.041133999193863104,25,10,10
41,9303,0.8554850653421078,3.529988527399802e-06,0.10265540302017133,0.04185600164919382,25,10,10
41,9304,0.7815855078471634,0.000244176704848928,0.17976792612660245,0.038402389321384976,25,10,10
41,9305,0.8459826559467123,4.866743510323191e-06,0.14489154799683898,0.009120929312938371,25,10,10
41,9306,0.8754551100054632,8.848440094209854e-07,0.10212464765310009,0.022419357497427322,25,10,10
41,9307,0.8805216685305886,4.5239121804667036e-07,0.10713969060587342,0.012338188472319609,25,10,10
41,9308,0.889612372744161,1.9308092330017167e-06,0.10708677551047745,0.0032989209361279663,25,10,10
41,9309,0.84644161894739,1.2887782931014972e-06,0.128550095575687,0.025006996698630168,25,10,10
41,9310,0.8419907118870771,6.678611891059433e-08,0.10690243073114157,0.05110679059566253,25,10,10
41,9311,0.8253447061919047,4.498886419828762e-06,0.09507504942202928,0.07957574549964583,25,10,10
41,9312,0.7868335429240182,2.8301655262682974e-06,0.13377443241119674,0.07938919449925884,25,10,10
41,9313,0.8290055609585015,7.500031627734593e-07,0.09180037612691164,0.07919331291142379,25,10,10
41,9314,0.8075310807399227,1.4633630314015818e-06,0.11338324497254565,0.07908421092450006,25,10,10
41,9315,0.8360099351534628,8.433339523574042e-06,0.08407751508552275,0.07990411642149195,25,10,10
41,9316,0.7144178729242339,7.750761696160804e-06,0.2002002755595645,0.08537410075450565,25,10,10
41,9317,0.779065098174095,3.579432355800878e-06,0.1853124679454313,0.03561885444811675,25,10,10
41,9318,0.8576296098472973,2.6655838422275054e-06,0.112307417137056,0.030060307431803726,25,10,10
41,9319,0.8294881625591595,2.4977530978582367e-06,0.13268816740476516,0.037821172282977426,25,10,10
41,9320,0.853932414079865,4.605981625197842e-07,0.10602067274177748,0.04004645258019472,25,10,10
41,9321,0.804228781590352,3.702890321337602e-05,0.15766993462139117,0.03806425488504372,25,10,10
41,9322,0.8715484118614174,3.96476391708439e-07,0.09056708856882004,0.03788410309337132,25,10,10
41,9323,0.7731534538220098,5.9083206415398144e-05,0.19172266622291342,0.035064796748659866,25,10,10
41,9324,0.7822812411582063,9.043654669893908e-05,0.18248393673021657,0.03514438556487844,25,10,10
41,9325,0.7499287437201239,1.1918829775266293e-05,0.21495368600289333,0.03510565144720646,25,10,10
41,9326,0.7747000536514241,1.1398601356882412e-05,0.15269048080150407,0.07259806694571491,25,10,10
41,9327,0.7745836293719393,1.6880321907483536e-05,0.14826029667460833,0.07713919363154519,25,10,10
41,9328,0.813649169074039,0.010021297775810884,0.11496953193261343,0.06136000121753659,25,10,10
41,9329,0.8517066972720955,5.3480085904668886e-05,0.10833079951942047,0.03990902312257991,25,10,10
41,9330,0.8627217412824834,5.526793712192315e-05,0.09710965014933075,0.04011334063106398,25,10,10
41,9331,0.8197163522687196,2.252446411865842e-05,0.11919273980013001,0.06106838346703061,25,10,10
41,9332,0.7828451296494363,5.196795229113895e-07,0.14107726257192316,0.07607708809911742,25,10,10
41,9333,0.7815780559160832,1.2991095916762903e-06,0.14249230829695755,0.07592833667736808,25,10,10
41,9334,0.8628742192986019,2.6430047105119935e-07,0.06091849911270288,0.07620701728822361,25,10,10
41,9335,0.8191790783136748,1.3518995626673589e-06,0.10440465597584309,0.07641491381091903,25,10,10
41,9336,0.7549072699180555,1.9288917122076466e-06,0.1658852954747129,0.07920550571552089,25,10,10
41,9337,0.8872814435929367,1.3312757729887819e-06,0.04126293504676399,0.07145429008452533,25,10,10
41,9338,0.8746062723090682,9.662036246397068e-06,0.05072009883360799,0.07466396682107623,25,10,10
41,9339,0.8451151080161274,6.3487700913463815e-06,0.08466563338559345,0.07021290982818795,25,10,10
41,9340,0.8266112220393862,3.048732199959611e-05,0.13114043700533312,0.04221785363328089,25,10,10
41,9341,0.8367535817433344,1.5190440144230223e-05,0.12377418780155089,0.03945704001497028,25,10,10
41,9342,0.8950912730351953,1.7853314039704194e-06,0.06551492301079637,0.03939201862260456,25,10,10
41,9343,0.8718428134945906,0.00017224383455567677,0.12795555509791623,2.9387572938411932e-05,25,10,10
41,9344,0.9267835945631576,0.00017947271628179277,0.07252080519667536,0.0005161275238849139,25,10,10
41,9345,0.8994924407176506,7.73206500247259e-07,0.07930300388636906,0.02120378218948038,25,10,10
41,9346,0.8902198873317366,1.4039253906201906e-05,0.08859488841735556,0.021171184997002455,25,10,10
41,9347,0.9321136521139463,5.468876857444729e-07,0.046951183280472375,0.020934617717895686,25,10,10
41,9348,0.8998116451006922,1.2199372586431243e-07,0.06784362473461716,0.032344608170964746,25,10,10
41,9349,0.9221955010559606,2.47008473247117e-07,0.03679758523840895,0.041006666697156996,25,10,10
41,9350,0.9160894777372757,6.812529054309661e-06,0.04507058593385395,0.038833123799816335,25,10,10
41,9351,0.9017470460397058,0.00028026164073385363,0.09778568609363072,0.00018700622593013428,25,10,10
41,9352,0.843000763885484,1.5276736262466837e-05,0.15508385355647525,0.0019001058217781954,25,10,10
41,9353,0.8041611147104193,1.5754056865841703e-06,0.1533877853747899,0.0424495245091048,25,10,10
41,9354,0.7772688095555683,1.893901021073846e-05,0.18415469622750164,0.03855755520671954,25,10,10
41,9355,0.8411703626340448,6.0427365728022764e-06,0.10647676788978572,0.05234682673959711,25,10,10
41,9356,0.7659655973146059,2.970203045994886e-05,0.18644924141268382,0.0475554592422506,25,10,10
41,9357,0.7868940123364001,3.0010622242350015e-05,0.1657707036800865,0.0473052733612705,25,10,10
41,9358,0.7521698759389437,4.4459128868571246e-05,0.20032841949150954,0.04745724544067932,25,10,10
41,9359,0.8255384699260395,0.0020657378189179597,0.13087031891990936,0.04152547333513236,25,10,10
41,9360,0.8319199272999986,3.875404356388923e-06,0.1292475062789329,0.0388286910167121,25,10,10
41,9361,0.8793502076082558,1.0146920056982665e-05,0.08267833209198239,0.03796131337970472,25,10,10
41,9362,0.8281480861972698,1.8227606502124e-06,0.12799361122708228,0.04385647981499725,25,10,10
41,9363,0.8619105661193402,5.34576686009323e-06,0.09420704086743069,0.043877047246368574,25,10,10
41,9364,0.7885352431584752,1.7800673729621584e-06,0.14801987834623703,0.06344309842791508,25,10,10
41,9365,0.8228988035581366,0.0008281555884475089,0.09680314315930792,0.07946989769410734,25,10,10
41,9366,0.8033505698871416,2.7151569327723916e-07,0.11498447348223699,0.08166468511492686,25,10,10
41,9367,0.7809797483318104,2.1457176007891916e-06,0.20783018458150454,0.011187921369084197,25,10,10
41,9368,0.9119385638694175,4.799287554227958e-07,0.08792002975945488,0.0001409264423718975,25,10,10
41,9369,0.8189007630916599,8.969272136855684e-07,0.18108393772948195,1.4402251644733096e-05,25,10,10
41,9370,0.8581465995419524,6.788427873396403e-07,0.14147998768719833,0.00037273392806206533,25,10,10
41,9371,0.8311319585291516,7.941192215638766e-07,0.16639492241680118,0.002472324934825892,25,10,10
41,9372,0.8433297542959264,1.0434617690693648e-06,0.14049796075227372,0.01617124149003138,25,10,10
41,9373,0.840360588571361,1.9904203347096826e-06,0.14876974972158932,0.010867671286714575,25,10,10
41,9374,0.8658933974974429,6.8497150582109705e-06,0.12326563578884496,0.010834116998653316,25,10,10
41,9375,0.9237428692850965,1.3988598853949695e-06,0.06228326806775538,0.013972463787262747,25,10,10
41,9376,0.9217576715584964,4.489402630592511e-05,0.07814646801935576,5.0966395841293195e-05,25,10,10
41,9377,0.919433233602772,3.227480246588494e-05,0.08049253914845521,4.195244630690753e-05,25,10,10
41,9378,0.8689839232435714,7.154857703862701e-06,0.1297768643261052,0.0012320575726194839,25,10,10
41,9379,0.911451606895723,3.0001817210718243e-06,0.08843710987039893,0.00010828305215672407,25,10,10
41,9380,0.9457750425043396,1.0097029917758932e-06,0.026629939017611445,0.027594008775057365,25,10,10
41,9381,0.9017430041927088,2.2947257336013723e-07,0.058617879200498636,0.03963888713421909,25,10,10
41,9382,0.8850270652821725,5.3546972593328925e-05,0.07511529725863127,0.03980409048660323,25,10,10
41,9383,0.8388809615509016,2.016211821836904e-05,0.12403915555036367,0.0370597207805162,25,10,10
41,9384,0.8461847607741103,1.0670622450645048e-06,0.14309660699178747,0.010717565171857797,25,10,10
41,9385,0.8334576693073014,8.28295501570121e-06,0.15578061076681413,0.010753436970868429,25,10,10
41,9386,0.9073044768856865,8.625670378584322e-05,0.09254498473152743,6.428167900036501e-05,25,10,10
41,9387,0.9166267090053485,2.831396602113828e-06,0.08278475879348077,0.0005857008045684457,25,10,10
41,9388,0.9189960732104915,5.046870132589739e-07,0.08067959618339024,0.00032382591910455616,25,10,10
41,9389,0.950992732900845,6.221157903255701e-05,0.04574668161721651,0.0031983739029057927,25,10,10
41,9390,0.9357892413626829,5.7550904982411014e-05,0.06414272585436427,1.0481877969996416e-05,25,10,10
41,9391,0.9223231970765084,4.1614102709436936e-07,0.07763010418847144,4.628259399338888e-05,25,10,10
41,9392,0.95079039187829,1.8045407256147718e-07,0.049174284701651055,3.514296598684181e-05,25,10,10
41,9393,0.9548799839509237,5.289729380688132e-05,0.045025789491309504,4.132926395965074e-05,25,10,10
41,9394,0.981203094035416,5.219112148598226e-05,0.01873248641698764,1.222842611033964e-05,25,10,10
41,9395,0.9172515369263294,5.255198402709282e-05,0.07948920117888261,0.003206709910760376,25,10,10
41,9396,0.9056002425246484,1.2031304928720244e-05,0.09424528690719675,0.00014243926322687135,25,10,10
41,9397,0.9248436564837619,1.6422822958386096e-05,0.07500734827151978,0.00013257242176009063,25,10,10
41,9398,0.9006809915690746,1.798689425506753e-05,0.0991120341197493,0.00018898741692076446,25,10,10
41,9399,0.9144262651652378,4.875905252446994e-06,0.08530257691834638,0.0002662820111632928,25,10,10
41,9400,0.9287426348854582,4.170540708975432e-06,0.07115339549012835,9.979908370422266e-05,25,10,10
41,9401,0.8591726628719065,3.2752649759190565e-06,0.1405925228828369,0.00023153898028134914,25,10,10
41,9402,0.899957646278395,7.340012946747615e-06,0.09959316861743675,0.00044184509122227453,25,10,10
41,9403,0.8048755348481582,1.907654281055002e-05,0.19248442275607805,0.002620965852953795,25,10,10
41,9404,0.8057798882607544,1.9800725880556292e-05,0.15252654450720907,0.04167376650615604,25,10,10
41,9405,0.85090728014571,2.8057263736374857e-05,0.10527386574186537,0.043790796848687606,25,10,10
41,9406,0.8146863196183208,2.6075409857068027e-05,0.1509658686963122,0.034321736275509655,25,10,10
41,9407,0.7448328833675264,0.0003523568480474327,0.1781181588738023,0.07669660091062461,25,10,10
41,9408,0.7445680508803129,0.00034985418025169646,0.17549977386244028,0.07958232107699509,25,10,10
41,9409,0.8234583531201336,2.143090570794019e-06,0.11161980649146327,0.06491969729783276,25,10,10
41,9410,0.8268546537948694,2.839475825930402e-06,0.10858134955272485,0.06456115717658048,25,10,10
41,9411,0.8408294918861026,3.0098049532064876e-06,0.09457420138194793,0.06459329692699627,25,10,10
41,9412,0.8881964609373,3.89638174644142e-07,0.04727464109788535,0.06452850832664003,25,10,10
41,9413,0.8536054726481542,0.00017626124451152814,0.06621914236531089,0.07999912374202352,25,10,10
41,9414,0.7853242050090473,0.0004804212001282052,0.16787566850836824,0.04631970528245575,25,10,10
41,9415,0.7992665860601801,0.001179382809377872,0.15958668358597566,0.03996734754446604,25,10,10
41,9416,0.8700179291205677,0.00020990524215503043,0.09025399534850274,0.0395181702887741,25,10,10
41,9417,0.7885692531778689,0.00021008744257474004,0.17166944759570146,0.03955121178385597,25,10,10
41,9418,0.8148897782615788,9.522285568286364e-05,0.12124993163993857,0.06376506724280046,25,10,10
41,9419,0.9035846075717163,1.3621981718223425e-06,0.0558588921426056,0.04055513808750663,25,10,10
41,9420,0.8679204719050468,2.519246698411836e-06,0.09201686426646315,0.040060144581791884,25,10,10
41,9421,0.8078771872937047,0.002122869134232327,0.14887225833573559,0.041127685236326844,25,10,10
41,9422,0.8495974473762806,0.0002510944483336694,0.12267175891634138,0.027479699259044924,25,10,10
41,9423,0.7977091448918696,2.6354735108919053e-07,0.17453980396724839,0.027750787593530078,25,10,10
41,9424,0.7830433646968283,1.2046971882691681e-05,0.14107376616116946,0.07587082217011924,25,10,10
41,9425,0.7805837886415072,1.2727055975671708e-05,0.13977489982770336,0.07962858447481419,25,10,10
41,9426,0.8138351228675998,3.488625947843982e-06,0.14559868118824146,0.040562707318210836,25,10,10
41,9427,0.8664247095953297,8.428386159685635e-07,0.09037685312592249,0.043197594440132915,25,10,10
41,9428,0.8935378130104126,8.378230036732159e-06,0.06394626791280805,0.042507540846742534,25,10,10
41,9429,0.8625953797088131,6.972149646060419e-05,0.0944569189133533,0.042877979881373374,25,10,10
41,9430,0.9092490574109633,5.833028275831193e-07,0.051107014953215534,0.03964334433299409,25,10,10
41,9431,0.7693592623403347,0.0007690772056913577,0.17993283394674642,0.04993882650722651,25,10,10
41,9432,0.7913185836884942,3.2286190757505344e-06,0.15877860286131867,0.049899584831111704,25,10,10
41,9433,0.8413827432421094,2.9997751178535046e-06,0.10853515571523886,0.050079101267533205,25,10,10
41,9434,0.8289639820270658,1.8326653295263722e-05,0.15019020486068013,0.0208274864589588,25,10,10
41,9435,0.7973186897514443,1.836965829036871e-05,0.18166485573551014,0.020998084854755267,25,10,10
41,9436,0.822636005386233,0.0003809867427755935,0.16659373861989601,0.010389269251094825,25,10,10
41,9437,0.8356212701454012,9.509294877288052e-06,0.15348728391235889,0.010881936647362662,25,10,10
41,9438,0.8186262651648069,1.2782000957808764e-05,0.13175666771712025,0.049604285117115114,25,10,10
41,9439,0.8446126097751041,1.137294823354279e-05,0.07667356189237885,0.07870245538428328,25,10,10
41,9440,0.8181553815511002,2.0439680822066728e-05,0.11896852001942641,0.06285565874865182,25,10,10
41,9441,0.8218031994074579,0.00028652847629321714,0.12121819661416254,0.056692075502086936,25,10,10
41,9442,0.7819530277808715,0.0002868682076794747,0.15056739412804124,0.06719270988340753,25,10,10
41,9443,0.8000321078993697,3.204631652573508e-05,0.13299385525566865,0.06694199052843527,25,10,10
41,9444,0.8170537655835077,2.517014122369328e-06,0.10396054966554161,0.07898316773682741,25,10,10
41,9445,0.8220866426789502,2.1728642205551344e-05,0.09488635882549941,0.0830052698533448,25,10,10
41,9446,0.8151818446428635,7.745115137669768e-06,0.07969732938662163,0.10511308085537666,25,10,10
41,9447,0.7675477653726627,1.3353575351357219e-05,0.1400122418548747,0.09242663919711143,25,10,10
41,9448,0.8058289026745569,5.653531953287406e-06,0.1171525098333475,0.07701293396014249,25,10,10
41,9449,0.8074330934824843,1.7784237078889826e-05,0.10590291535895709,0.08664620692147962,25,10,10
41,9450,0.8042775912604937,4.725005345242853e-06,0.0702902949426497,0.12542738879151183,25,10,10
41,9451,0.8852796398787764,1.4030871089680877e-06,0.03510605349894494,0.07961290353517003,25,10,10
41,9452,0.875764391072726,1.5175438331021241e-05,0.07621936055684593,0.04800107293209686,25,10,10
41,9453,0.9287550263770945,8.044052317797514e-07,0.031725240182275294,0.03951892903539781,25,10,10
41,9454,0.8816551864976703,4.079173854308913e-05,0.07849515458385022,0.03980886717993693,25,10,10
41,9455,0.9090434788350766,5.251282320600271e-06,0.05095695179412499,0.039994318088477525,25,10,10
41,9456,0.839051471639371,6.429592340900846e-06,0.12136533726486995,0.03957676150341823,25,10,10
41,9457,0.8856341279653998,0.00017074789145153264,0.07374647081794668,0.0404486533252016,25,10,10
41,9458,0.8157114329279412,0.00017054505252168066,0.1375327199435985,0.04658530207593834,25,10,10
41,9459,0.8043014563928124,6.757700013753403e-06,0.15608610758448477,0.03960567832268853,25,10,10
41,9460,0.8015773576314758,1.3246861579781742e-05,0.1418532571097787,0.0565561383971653,25,10,10
41,9461,0.7807115018935743,0.00015527182008557238,0.1365603750023226,0.08257285128401684,25,10,10
41,9462,0.7225437621398706,0.0012005979251241993,0.2019840218495783,0.0742716180854262,25,10,10
41,9463,0.8022345167434888,8.132231723842181e-07,0.13832781252003115,0.0594368575133071,25,10,10
41,9464,0.7946420780293493,4.6760005027620155e-06,0.13414223098820183,0.0712110149819452,25,10,10
41,9465,0.812718296397239,5.267402385300214e-07,0.12018982542039089,0.06709135144213246,25,10,10
41,9466,0.7501760970931279,1.0849364639105037e-05,0.15717353798701653,0.09263951555521627,25,10,10
41,9467,0.7578754048047339,2.2821847633961688e-05,0.18579674975831476,0.05630502358931763,25,10,10
41,9468,0.8123026381568667,3.808472337540635e-05,0.11879366350612929,0.06886561361362822,25,10,10
41,9469,0.7590497301162406,5.2107188092706545e-05,0.1895389808999194,0.05135918179574646,25,10,10
41,9470,0.7624608895579393,0.0005715613504452707,0.18335428709164547,0.05361326199996929,25,10,10
41,9471,0.7438561738826093,0.0005729299701919123,0.2059731212119032,0.049597774935295706,25,10,10
41,9472,0.7742806150943347,0.0005595613684521286,0.1837661242210069,0.04139369931620581,25,10,10
41,9473,0.8100362691493033,0.0005539840432231205,0.15716791347268372,0.032241833334790325,25,10,10
41,9474,0.7947115455525222,0.0005591652984169426,0.16334082706782746,0.04138846208123332,25,10,10
41,9475,0.7742203516658577,5.313374139018862e-05,0.18570583067873261,0.04002068391402002,25,10,10
41,9476,0.8555745757646247,5.2425651537905635e-06,0.0698147794390176,0.07460540223120413,25,10,10
41,9477,0.8662466251127376,6.763456714945735e-06,0.06620562986365193,0.0675409815668955,25,10,10
41,9478,0.8772121070624455,1.9589507663124854e-05,0.09487815474743011,0.027890148682461063,25,10,10
41,9479,0.857039269762315,3.828557275044829e-05,0.118019003590094,0.02490344107484094,25,10,10
41,9480,0.8590096713500895,2.0640148715294276e-05,0.11604328961003771,0.024926398891157796,25,10,10
41,9481,0.8345802512686934,4.107728783126715e-06,0.12576036227885595,0.03965527872366712,25,10,10
41,9482,0.9261519259158416,3.629918743956963e-07,0.03428773325413802,0.03955997783814619,25,10,10
41,9483,0.8602673939105766,2.61430346988784e-06,0.10590356195778083,0.033826429828172876,25,10,10
41,9484,0.8646355880161489,3.4188604554845065e-06,0.07384008013335511,0.061520912990040574,25,10,10
41,9485,0.8632679189847603,1.1420438919920557e-06,0.057281531039956056,0.07944940793139185,25,10,10
41,9486,0.8530792568206654,1.764554402318198e-06,0.06482656403262244,0.08209241459230945,25,10,10
41,9487,0.7110784845407159,4.0113159128355445e-05,0.20688268150810085,0.0819987207920571,25,10,10
41,9488,0.6849830751555706,3.122268375123948e-05,0.187378863229649,0.12760683893103178,25,10,10
41,9489,0.781577520215328,2.0350184549530834e-06,0.1114713389347604,0.10694910583145606,25,10,10
41,9490,0.7785679556233229,1.934683081463088e-06,0.10240750638572368,0.11902260330787158,25,10,10
41,9491,0.7686090687088746,1.2134378533469658e-06,0.10866379013861102,0.12272592771466041,25,10,10
41,9492,0.8045320170554866,9.864380181244238e-06,0.07760496759960724,0.11785315096472512,25,10,10
41,9493,0.7251718029052049,1.5671720219281953e-06,0.17581198603434992,0.0990146438884226,25,10,10
41,9494,0.8097133637657837,7.637708571555766e-07,0.12695148248871216,0.06333438997464683,25,10,10
41,9495,0.836081104687093,2.7650879996275123e-06,0.10051896797177116,0.06339716225313563,25,10,10
41,9496,0.8103331682367495,0.00016598920765696398,0.12532511978194447,0.06417572277364918,25,10,10
41,9497,0.7807297823603447,0.00019074285001371004,0.1554351869884668,0.06364428780117434,25,10,10
41,9498,0.7859891734860709,0.00017369526307574012,0.17305869367365959,0.04077843757719323,25,10,10
41,9499,0.9041134613329563,1.2269931305128058e-05,0.09535248808454856,0.0005217806511897912,25,10,10
41,9500,0.8472357951009662,1.634900962236947e-05,0.15052515738421865,0.0022226985051921186,25,10,10
41,9501,0.7689439550971321,0.0002198520742464903,0.22900905311474087,0.0018271397138790722,25,10,10
41,9502,0.7686395378263599,2.066496004140977e-06,0.2268569943266895,0.004501401350947394,25,10,10
41,9503,0.7906100576902737,4.2329230744324147e-07,0.18002553563698348,0.029363983380436106,25,10,10
41,9504,0.8066164330195323,7.052834323091912e-06,0.16766012659815252,0.025716387547992107,25,10,10
41,9505,0.797486707711144,0.0017232552153836813,0.15248861055551075,0.04830142651796028,25,10,10
41,9506,0.846013175231899,3.2662437853308397e-06,0.1392637680713961,0.014719790452919282,25,10,10
41,9507,0.7966422760082026,2.5976431524753562e-05,0.16690081582368585,0.03643093173658678,25,10,10
41,9508,0.7717650544781044,2.659706641330521e-05,0.1915413451251295,0.03666700333035242,25,10,10
41,9509,0.8158575659028131,5.770607287361769e-06,0.15322219927513595,0.030914464214763467,25,10,10
41,9510,0.8903856566442887,6.431380676978624e-05,0.07737036537278728,0.03217966417615452,25,10,10
41,9511,0.8812161016750621,2.94963192766089e-06,0.0898064548642266,0.028974493828783542,25,10,10
41,9512,0.8117396383105026,5.262066735209306e-07,0.14819350452840951,0.04006633095441406,25,10,10
41,9513,0.8854942879151091,9.300732649143538e-06,0.0745038831568101,0.03999252819543184,25,10,10
41,9514,0.8847747684493444,1.9287475949949598e-05,0.07595447037584782,0.03925147369885828,25,10,10
41,9515,0.8316317663330608,9.09522809197298e-06,0.12864406499373704,0.039715073445110674,25,10,10
41,9516,0.7847875742466361,1.6943988460140917e-05,0.17534957179046565,0.039845909974437765,25,10,10
41,9517,0.7511448824785508,3.6616549958184525e-05,0.2022229995910423,0.04659550138044935,25,10,10
41,9518,0.7783526570247743,1.7396000863186436e-05,0.182083225111499,0.03954672186286384,25,10,10
41,9519,0.8168216815224375,1.2745113005722457e-06,0.14365616307789306,0.0395208808883681,25,10,10
41,9520,0.8756510253760388,8.361999851276004e-07,0.08419748664064622,0.04015065178332958,25,10,10
41,9521,0.8959917638867033,6.968107419894476e-06,0.0644991625278365,0.03950210547804048,25,10,10
41,9522,0.8714305775238127,2.4367262564006347e-07,0.09224207463844608,0.03632710416511527,25,10,10
41,9523,0.8609094820725075,1.2074055650360566e-05,0.11181373776455887,0.02726470610728401,25,10,10
41,9524,0.8295919350788572,2.4103278458488966e-06,0.14315232902639796,0.02725332556690021,25,10,10
41,9525,0.7239071198265314,0.0005006305179885019,0.2392780478487976,0.036314201806683856,25,10,10
41,9526,0.8428545586325698,0.0002568369175134639,0.12053770669820282,0.036350897751713525,25,10,10
41,9527,0.8912260512071043,1.9751823234025707e-06,0.06913817554480788,0.03963379806576407,25,10,10
41,9528,0.9227892279226088,7.240463350624049e-07,0.03741704716619365,0.03979300086486271,25,10,10
41,9529,0.9122539369251654,2.0984019830808406e-06,0.06017425418269371,0.027569710490157755,25,10,10
41,9530,0.8786801747280406,2.5925121529156015e-05,0.11795940800678949,0.003334492143640822,25,10,10
41,9531,0.9159675084512398,2.5559495522065878e-05,0.08398218837230212,2.4743680936473328e-05,25,10,10
41,9532,0.8835183201799696,3.439329714456474e-05,0.11634113628172464,0.00010615024116165636,25,10,10
41,9533,0.8577844537312157,2.6400856162559842e-05,0.14161425772606126,0.0005748876865622217,25,10,10
41,9534,0.9148435666583988,0.014060764008173625,0.07085459632678401,0.00024107300664334664,25,10,10
41,9535,0.8927414922903716,0.00032365864699495603,0.10667960867967846,0.00025524038295535135,25,10,10
41,9536,0.8798486763029096,8.134230122245507e-06,0.0803867282615556,0.0397564612054122,25,10,10
41,9537,0.8019589187966198,6.37713387657471e-06,0.1568628138310633,0.04117189023844099,25,10,10
41,9538,0.816749617012487,8.498985776931457e-06,0.1388726891478353,0.044369194853901,25,10,10
41,9539,0.8821627656986101,2.1122685620415785e-06,0.08011675995202656,0.037718362080801086,25,10,10
41,9540,0.8987942554807021,8.36434940432678e-06,0.061813577715941245,0.039383802453952045,25,10,10
41,9541,0.876828542640354,1.4408566814466516e-05,0.08358736185931442,0.03956968693351737,25,10,10
41,9542,0.9319104778885188,2.280796990651661e-05,0.06791220564674956,0.00015450849482536873,25,10,10
41,9543,0.9410841437908255,7.109099436092593e-08,0.058760442976694326,0.00015534214148653076,25,10,10
41,9544,0.945961269259126,2.710422016848646e-06,0.05397845418674767,5.756613210935807e-05,25,10,10
41,9545,0.9070696290229513,5.746897191503661e-06,0.09276388350942404,0.00016074057043355034,25,10,10
41,9546,0.8815188442995046,6.605113375788053e-07,0.11839996231586415,8.053287329372249e-05,25,10,10
41,9547,0.9117942217739586,1.402607349232469e-06,0.08806679803522673,0.00013757758346480392,25,10,10
41,9548,0.8375894841693509,6.785162495943392e-05,0.16212021977272376,0.0002224444329665009,25,10,10
41,9549,0.8623078504925562,2.4541932013714116e-06,0.1370754935720424,0.0006142017422000355,25,10,10
41,9550,0.8492396722191244,1.343800092386267e-06,0.13055524109946082,0.02020374288132211,25,10,10
41,9551,0.8849502896312035,1.6485499351416037e-06,0.11479895511570615,0.0002491067031550634,25,10,10
41,9552,0.8244574315861684,0.00034176130933255707,0.14812438538919243,0.027076421715307192,25,10,10
41,9553,0.8254418815562875,1.8788180615833962e-06,0.14991213646139048,0.0246441031642599,25,10,10
41,9554,0.8186669384341871,2.5635170641235403e-06,0.18095816516538815,0.0003723328833615483,25,10,10
41,9555,0.8104336207039338,1.3544039091754005e-05,0.18932521329244045,0.00022762196453475606,25,10,10
41,9556,0.8508165597376494,2.48341558247673e-06,0.14895739475796646,0.00022356208880202307,25,10,10
41,9557,0.8787725423813145,1.0809881768508454e-05,0.08153564261702087,0.039681005119895606,25,10,10
41,9558,0.8787652259306766,1.098096661856996e-05,0.0815806180497385,0.03964317505296607,25,10,10
41,9559,0.8463890307423304,6.533808259854786e-06,0.11397917982746174,0.0396252556219481,25,10,10
41,9560,0.8321343458906547,5.369564986264936e-06,0.12824746410804147,0.039612820436317434,25,10,10
41,9561,0.8751194719033579,9.930146476742591e-07,0.08482943263374895,0.040050102448245785,25,10,10
41,9562,0.8786889783073636,2.965284814814953e-06,0.08709548456924818,0.034212571838573666,25,10,10
41,9563,0.895044888865467,4.6268967524417656e-06,0.10480837202888621,0.00014211220889477814,25,10,10
41,9564,0.8807064655420956,1.514621770773712e-05,0.09236193199798698,0.026916456242209667,25,10,10
41,9565,0.8369965121298587,1.2794868506705512e-05,0.1503211883757517,0.012669504625883225,25,10,10
41,9566,0.897984135989022,2.148569626059743e-06,0.062255382593004234,0.03975833284834809,25,10,10
41,9567,0.8198604762959539,3.47015168066852e-05,0.14013445362538807,0.039970368561850635,25,10,10
41,9568,0.840873522606329,3.526980609460793e-05,0.1513362269762912,0.007754980611285069,25,10,10
41,9569,0.8850061861943536,7.81360651505528e-06,0.07524191600256479,0.03974408419656708,25,10,10
41,9570,0.8979910928833362,3.8113080070789684e-07,0.06236690016791564,0.03964162581794736,25,10,10
41,9571,0.8724984814187519,2.675772973807385e-05,0.12474294479107355,0.00273181606043591,25,10,10
41,9572,0.959405787183969,2.3744251087497174e-06,0.04050076907542444,9.106931549829786e-05,25,10,10
41,9573,0.9292699112218282,1.0200945177590234e-06,0.07047185788714602,0.000257210796508271,25,10,10
41,9574,0.8981258653458629,8.325608826422663e-07,0.10161544373277055,0.00025785836048338915,25,10,10
41,9575,0.8134651397566506,0.0004859302452749811,0.18570493956497575,0.00034399043309772204,25,10,10
41,9576,0.7669009228244481,0.0005011249585332671,0.2041266898410737,0.028471262375946056,25,10,10
41,9577,0.8063703356420637,0.0004989462894022636,0.1527625031873232,0.04036821488121058,25,10,10
41,9578,0.8502160254401535,0.0004845163661908399,0.12239928715931246,0.02690017103434291,25,10,10
41,9579,0.8855693512209875,8.129596132590419e-07,0.10787208377995855,0.0065577520394411925,25,10,10
41,9580,0.8824888315877176,4.75895023441138e-05,0.11708225350108974,0.0003813254088482589,25,10,10
41,9581,0.9099621838367734,1.1543994559299464e-05,0.08996010675787355,6.616541079340991e-05,25,10,10
41,9582,0.8440391920750653,4.067748769082729e-06,0.15558945845512212,0.0003672817210425947,25,10,10
41,9583,0.8794496302825003,6.082145457030384e-07,0.1178941894296813,0.0026555720732721437,25,10,10
41,9584,0.9112916132057569,6.30992281184546e-07,0.086093507360757,0.002614248441204925,25,10,10
41,9585,0.9149860936217107,7.789550592522453e-07,0.08238757774681826,0.002625549676411642,25,10,10
41,9586,0.9282813389415133,6.306425779607212e-07,0.0712887627258164,0.0004292676900921487,25,10,10
41,9587,0.8978764002948851,2.0122289225024977e-05,0.1015017686989574,0.0006017087169320896,25,10,10
41,9588,0.9279657286598268,3.7197892516167073e-07,0.0705246060336637,0.0015092933275838497,25,10,10
41,9589,0.9528248260088498,3.130776751324405e-06,0.04697840995575674,0.00019363325864182952,25,10,10
41,9590,0.9628948790707617,5.7530891345983566e-06,0.03706693034890032,3.2437491203144784e-05,25,10,10
41,9591,0.9265795713827589,1.0264854184321408e-05,0.07255840216452877,0.000851761598527819,25,10,10
41,9592,0.927168364541604,8.117915742119175e-07,0.07026436854062823,0.002566455126193928,25,10,10
41,9593,0.9760791531597829,1.2321364477264039e-07,0.02363973583926724,0.0002809877873055425,25,10,10
41,9594,0.9323639214331491,1.2206796726250134e-05,0.06515764100131033,0.00246623076881436,25,10,10
41,9595,0.9529193786313201,2.5937275042711175e-06,0.04676810405805854,0.0003099235831167374,25,10,10
41,9596,0.9212705959091961,3.26777647976412e-06,0.07840666827204455,0.000319468042279696,25,10,10
41,9597,0.9016801761018743,1.698534122343501e-05,0.09792583004650635,0.000377008510395782,25,10,10
41,9598,0.8355793502690362,0.0004425069406889499,0.16361970797315578,0.0003584348171189286,25,10,10
41,9599,0.7944966439784422,4.553564720526513e-05,0.20505733795528652,0.00040048241906736953,25,10,10
41,9600,0.8958770175702467,7.345498782949067e-06,0.10372119306440869,0.000394443866561828,25,10,10
41,9601,0.8873681893074806,3.358277435887188e-06,0.11252927236939703,9.918004568644928e-05,25,10,10
41,9602,0.8158306663167084,2.883311841612814e-06,0.183304987264892,0.0008614631065577252,25,10,10
41,9603,0.8086806528641981,6.363786321067009e-06,0.18937624350112064,0.0019367398483603156,25,10,10
41,9604,0.8782265148019855,2.0680666303246808e-05,0.12144265542778307,0.0003101491039289308,25,10,10
41,9605,0.8878082969899035,2.5035468421770732e-06,0.11106013433189035,0.0011290651313638931,25,10,10
41,9606,0.8062337094569333,1.2561826643423572e-05,0.19346205141158473,0.0002916773048378675,25,10,10
41,9607,0.8483561989053606,8.863009934544483e-07,0.14933485233741176,0.0023080624562342527,25,10,10
41,9608,0.856097038508847,9.092818391904817e-06,0.14153594003261363,0.0023579286401481598,25,10,10
41,9609,0.8928942967143675,4.97761796105205e-06,0.10481867145250108,0.00228205421517049,25,10,10
41,9610,0.9347806596105943,4.0246102808538605e-07,0.06298164485928494,0.002237293069092662,25,10,10
41,9611,0.92634228530163,1.1041736072752595e-06,0.07167433164890365,0.0019822788758593526,25,10,10
41,9612,0.8768575232665299,2.972509754560408e-05,0.12303262124699665,8.013038892740793e-05,25,10,10
41,9613,0.818018933943769,2.936995772702888e-05,0.18020966595961174,0.0017420301388916663,25,10,10
41,9614,0.8660675555160534,2.6291537868281906e-05,0.13384417885540845,6.197409066911459e-05,25,10,10
41,9615,0.7938527090255825,3.0738236097109185e-05,0.20564223889471822,0.0004743138436024703,25,10,10
41,9616,0.8117463960485489,8.103602443025593e-06,0.18808215245039478,0.00016334789861408843,25,10,10
41,9617,0.8238422226063318,8.844995678781437e-06,0.1652706358799729,0.01087829651801751,25,10,10
41,9618,0.8393818846441683,0.0018950717404363935,0.14769493195751904,0.011028111657876545,25,10,10
41,9619,0.905156937711607,0.0014347653005098108,0.09052770780211322,0.002880589185769748,25,10,10
41,9620,0.9677437529931698,7.162611903210629e-07,0.029513811345126584,0.002741719400513376,25,10,10
41,9621,0.9305055586864386,5.602762064279463e-06,0.06671789489824115,0.0027709436532552547,25,10,10
41,9622,0.8845264554621081,6.049944945685384e-06,0.11081469565157008,0.004652798941376524,25,10,10
41,9623,0.8645770115785961,1.9832172926984875e-06,0.1307832883591659,0.004637716844945125,25,10,10
41,9624,0.900421386442592,4.1534298197297137e-07,0.09942012964064027,0.00015806857378549165,25,10,10
41,9625,0.8850644910555779,8.850657940368464e-06,0.11467310930968512,0.0002535489767965015,25,10,10
41,9626,0.8706502429700737,1.1283829037042842e-06,0.129142600475397,0.00020602817162542885,25,10,10
41,9627,0.9306111446744133,1.5120815617500326e-05,0.06919106457309547,0.00018266993687417575,25,10,10
41,9628,0.8435109514532476,1.0156029272703337e-06,0.15171822016472208,0.00476981277910353,25,10,10
41,9629,0.867653619705188,4.102562926480337e-05,0.13220287963413824,0.00010247503140923311,25,10,10
41,9630,0.8631476834239504,5.606749340410223e-05,0.13673592194004708,6.03271425987293e-05,25,10,10
41,9631,0.8815259048429358,3.9148470132141433e-05,0.11834125380578472,9.369288114775021e-05,25,10,10
41,9632,0.866575276651917,0.0003265331886738678,0.13108967478769679,0.002008515371712268,25,10,10
41,9633,0.9145973994107085,3.978392287283839e-06,0.08514346416359793,0.0002551580334069251,25,10,10
41,9634,0.983332453217734,1.15339778903197e-07,0.016642489866329144,2.4941576157636358e-05,25,10,10
41,9635,0.9369766458983938,7.005069842841742e-07,0.05584063712472123,0.007182016469900337,25,10,10
41,9636,0.8908503177532167,1.6075642879998225e-06,0.1077694842672389,0.001378590415257076,25,10,10
41,9637,0.8406329704409607,1.0730076796061491e-05,0.15724707391035708,0.0021092255718861423,25,10,10
41,9638,0.825649426684467,5.490904807779463e-05,0.17423216673368944,6.349753376445167e-05,25,10,10
41,9639,0.7905325965267019,1.6380779207231334e-05,0.2092247677463396,0.00022625494775091793,25,10,10
41,9640,0.8294505211070544,1.2221266896505746e-05,0.17019110780656888,0.00034614981948033,25,10,10
41,9641,0.8091134346327206,2.1250754861094623e-05,0.190819074904212,4.623970820607785e-05,25,10,10
41,9642,0.9146536138411804,7.480939238074344e-06,0.08513741370682912,0.0002014915127525985,25,10,10
41,9643,0.829201397908461,1.0358731377454296e-06,0.1641527421085221,0.006644824109878505,25,10,10
41,9644,0.8759310280180699,2.014577330153559e-06,0.11745352384096193,0.006613433563637427,25,10,10
41,9645,0.9054844511558044,1.0169929583512295e-06,0.08793399435004316,0.006580537501194024,25,10,10
41,9646,0.8500910343364328,6.137201908361173e-05,0.14315322438558206,0.006694369258901434,25,10,10
41,9647,0.916849611637502,9.931172063997709e-06,0.08202827341141887,0.0011121837790152586,25,10,10
41,9648,0.8688623918181994,2.7745093973634456e-05,0.13094185540764433,0.00016800768018243627,25,10,10
41,9649,0.8274892038877578,9.391343357625642e-05,0.1721773455800359,0.00023953709863098075,25,10,10
41,9650,0.9034539975939437,4.6829438374672495e-05,0.0962953057826101,0.0002038671850714006,25,10,10
41,9651,0.8677251532439685,0.00015284861531879868,0.10894374927003264,0.023178248870679714,25,10,10
41,9652,0.8388128943252419,0.00017373610630598744,0.12135919464033604,0.03965417492811628,25,10,10
41,9653,0.807609556031491,9.584665312013163e-05,0.1526051723379127,0.039689424977476385,25,10,10
41,9654,0.8765227472124616,8.32629050899801e-05,0.12324303450395634,0.0001509553784933517,25,10,10
41,9655,0.7881971203654818,6.074249755731561e-05,0.21160469200536142,0.00013744513160168353,25,10,10
41,9656,0.8019029315236011,0.0001250576441068349,0.197653903670026,0.0003181071622665271,25,10,10
41,9657,0.8187340197504815,6.540209791809812e-05,0.18082301176794854,0.00037756638365187326,25,10,10
41,9658,0.7941424011453102,6.570934860141029e-05,0.2052866501801877,0.0005052393259011582,25,10,10
41,9659,0.7764733420369795,6.571002022814172e-05,0.2168093347051923,0.006651613237599703,25,10,10
41,9660,0.8607401314429414,9.850471756546074e-07,0.1329508881941567,0.006307995315726261,25,10,10
41,9661,0.8333421878731926,7.266266667787985e-07,0.1568960053542811,0.009761080145859436,25,10,10
41,9662,0.8949343786003986,1.2354778899881133e-06,0.10489256747788196,0.00017181844382901338,25,10,10
41,9663,0.9286911036976538,1.5340509187025407e-06,0.07118669619591321,0.00012066605551398645,25,10,10
41,9664,0.8758330161988869,3.7061330653298257e-06,0.12388674329287888,0.00027653437516830375,25,10,10
41,9665,0.9720937037866153,2.991992463485163e-06,0.02783909133280408,6.421288811675126e-05,25,10,10
41,9666,0.9566136900511849,1.6849620663660184e-05,0.04326087891601494,0.00010858141213604888,25,10,10
41,9667,0.8724315881538957,2.5188192470953302e-05,0.12497866571173408,0.0025645579418988934,25,10,10
41,9668,0.8840143523500106,1.2287403021303222e-06,0.11578915234873717,0.00019526656095018556,25,10,10
41,9669,0.8801307090489447,2.0428543045250797e-05,0.119652954767235,0.00019590764077473117,25,10,10
41,9670,0.8149302101076086,3.634511010676869e-05,0.1831579527659848,0.0018754920163004066,25,10,10
41,9671,0.8709949904793287,1.3638920706477646e-06,0.12662921815565956,0.0023744274729404435,25,10,10
41,9672,0.8585332832596183,4.608584384578156e-05,0.1395836045948456,0.0018370263016897646,25,10,10
41,9673,0.8582762175351262,8.970412492483459e-06,0.14140418064374838,0.0003106314086325503,25,10,10
41,9674,0.8188788878796988,0.0003642155780502882,0.17658475168254306,0.004172144859707673,25,10,10
41,9675,0.8560408184680423,0.00036251216042335293,0.13729910364760067,0.006297565723933823,25,10,10
41,9676,0.8637822903177046,2.005499314075202e-05,0.13224917501141054,0.0039484796777447,25,10,10
41,9677,0.8684574865831652,1.805214282974684e-06,0.12785828813957667,0.003682420062976346,25,10,10
41,9678,0.8687901911220011,2.7364871534802125e-06,0.1311669513388844,4.0121051961613266e-05,25,10,10
41,9679,0.9085048956424648,7.753122653049687e-06,0.09097393541519701,0.0005134158196848025,25,10,10
41,9680,0.865781939703688,7.14278764347853e-07,0.13208088354967099,0.0021364624678764464,25,10,10
41,9681,0.8818589301502139,6.195783904362808e-07,0.1180404645803566,9.99856910387439e-05,25,10,10
41,9682,0.8262460901666614,5.549783878857264e-07,0.1341141346742853,0.039639220180665985,25,10,10
41,9683,0.8997740421906398,6.1817253332563265e-06,0.1001177223570541,0.0001020537269729218,25,10,10
41,9684,0.8547250754125776,1.4149644466745294e-06,0.14120899979679058,0.004064509826185453,25,10,10
41,9685,0.915722028155139,5.532158582352543e-07,0.08166808710101567,0.0026093315279871548,25,10,10
41,9686,0.8680117801618644,1.6439437476457227e-05,0.12675437765421488,0.005217402746444056,25,10,10
41,9687,0.8401674904030152,6.693235308434483e-07,0.15981706070333196,1.4779570121327867e-05,25,10,10
41,9688,0.8760061881602913,8.750634255438415e-07,0.12393448893931748,5.844783696520181e-05,25,10,10
41,9689,0.915965405398001,8.168652291290402e-07,0.04444623677754355,0.03958754095922583,25,10,10
41,9690,0.9025425697605313,8.922872282727559e-06,0.05796536551339204,0.0394831418537939,25,10,10
41,9691,0.9115804091003603,3.415558314993012e-05,0.04864685718520444,0.03973857813128537,25,10,10
41,9692,0.9478684606364755,1.0402318384402057e-07,0.012512827436799863,0.03961860790354088,25,10,10
41,9693,0.913369072847819,4.967122155918998e-07,0.047001092618464205,0.03962933782150133,25,10,10
41,9694,0.8483218909907251,6.353675977548404e-07,0.12627771795053316,0.025399755691144953,25,10,10
41,9695,0.8461819839984814,7.60457738421053e-07,0.0924685887746259,0.06134866676915465,25,10,10
41,9696,0.8178523594109829,1.9307486424104023e-05,0.11094197248861898,0.07118636061397408,25,10,10
41,9697,0.802430505914006,2.774417545332805e-05,0.12628132549210297,0.07126042441843808,25,10,10
41,9698,0.8200885099385276,2.6866248904071246e-05,0.1434500162375886,0.036434607574980765,25,10,10
41,9699,0.8886619223796131,2.343126548686511e-06,0.07474144685824484,0.036594287635593435,25,10,10
41,9700,0.9048825258449888,5.171688771614116e-07,0.08111274909425546,0.014004207891878721,25,10,10
41,9701,0.9252055686082605,7.574031643814242e-07,0.0715654139588685,0.003228260029707088,25,10,10
41,9702,0.8904467069043076,2.328697831410088e-06,0.10631302841407461,0.003237935983785537,25,10,10
41,9703,0.8782045531836572,7.249748048842601e-07,0.12160865074411603,0.0001860710974215302,25,10,10
41,9704,0.8527885673879271,8.345128999628112e-06,0.146371397722526,0.0008316897605464339,25,10,10
41,9705,0.813481133387956,8.137910046342504e-06,0.18377507123321243,0.00273565746878559,25,10,10
41,9706,0.9163152318519237,6.917665706976132e-05,0.0831370127297418,0.00047857876126464264,25,10,10
41,9707,0.8741829778554103,7.006648754610101e-05,0.12560437510230524,0.000142580554738255,25,10,10
41,9708,0.8724387875922794,0.0002272255549151776,0.12707843853861975,0.0002555483141864481,25,10,10
41,9709,0.8797525916133005,0.0003848733080220184,0.11726174126935832,0.0026007938093188577,25,10,10
41,9710,0.9208424501332272,2.637483536185673e-06,0.07671758867294773,0.0024373237102888585,25,10,10
41,9711,0.8789418852582707,0.00017151633905830853,0.12013743205477749,0.0007491663478930759,25,10,10
41,9712,0.8755317329694695,1.3803491867055884e-05,0.11118073537418653,0.013273728164476974,25,10,10
41,9713,0.9040113400476021,1.1525324610081462e-06,0.09562653921561055,0.0003609682043257105,25,10,10
41,9714,0.8360452584376356,7.1733459191154995e-06,0.16204716631676291,0.0019004018996822089,25,10,10
41,9715,0.8534231784940274,5.604400693276937e-06,0.14645859620682258,0.0001126208984557132,25,10,10
41,9716,0.9291014368361544,6.607825892411793e-06,0.07082894823608535,6.3007101868135e-05,25,10,10
41,9717,0.8941584090971305,6.723477756264899e-06,0.10572851107088425,0.0001063563542294436,25,10,10
41,9718,0.8550927193981432,7.558462507308177e-06,0.13530740668193583,0.009592315457413323,25,10,10
41,9719,0.8989653657220213,2.2850466289059245e-06,0.09145500660907961,0.009577342622270328,25,10,10
41,9720,0.8497234641893021,4.009443303240619e-06,0.11058737709296537,0.03968514927442973,25,10,10
41,9721,0.8726894210677303,2.4074629632061993e-05,0.0874339529389853,0.03985255136365231,25,10,10
41,9722,0.8527540187884699,2.796615506870665e-06,0.10903407707726279,0.03820910751876018,25,10,10
41,9723,0.8679036221389744,0.0003700846287647019,0.13011493306351984,0.0016113601687402042,25,10,10
41,9724,0.803631417495992,0.0003820371307278038,0.19597413807483083,1.2407298449844035e-05,25,10,10
41,9725,0.8663475725872303,4.216750347821149e-05,0.13354957917821153,6.06807310806445e-05,25,10,10
41,9726,0.7625407052511726,3.8936064791324164e-06,0.2373937791420566,6.162200029264282e-05,25,10,10
41,9727,0.8775394864831277,9.135494313731725e-07,0.1223601007670803,9.949920036037772e-05,25,10,10
41,9728,0.8000896018585719,8.946223922232826e-05,0.1990409169241748,0.0007800189780306986,25,10,10
41,9729,0.9135942144288252,7.33153021302611e-05,0.08601687114691753,0.0003155991221277756,25,10,10
41,9730,0.9531129162494841,1.1271032801426963e-06,0.04687412036426092,1.1836282974633266e-05,25,10,10
41,9731,0.937287554688936,1.2594979937153644e-06,0.0626240824307495,8.710338232053384e-05,25,10,10
41,9732,0.9330648770061017,7.4843901337932035e-06,0.06686108687491955,6.655172884526591e-05,25,10,10
41,9733,0.8942839875072486,2.420452300829348e-07,0.10141341090619571,0.00430235954132598,25,10,10
41,9734,0.9064886320192334,2.5961067620102564e-07,0.06391836504885053,0.029592743321240702,25,10,10
41,9735,0.8518797873887617,2.208694708691529e-06,0.11693333866380666,0.031184665252723277,25,10,10
41,9736,0.7608826971890673,2.156477157417177e-06,0.17269867939118855,0.06641646694258724,25,10,10
41,9737,0.8622496458764247,0.0012687663547506442,0.07421271963211364,0.062268868136710946,25,10,10
41,9738,0.8299271603891113,3.3470073047428576e-05,0.10770951192119754,0.06232985761664417,25,10,10
41,9739,0.8341339993738555,6.3048301910996756e-06,0.10345970128466289,0.06239999451129017,25,10,10
41,9740,0.795135338505649,1.7515971934452602e-06,0.13900570053548608,0.06585720936167204,25,10,10
41,9741,0.781036675534637,6.646481100859373e-05,0.1399382922358039,0.07895856741855005,25,10,10
41,9742,0.817409962450015,1.3842050993590043e-06,0.10489488613875275,0.07769376720613262,25,10,10
41,9743,0.79048405948797,1.3816017684067347e-06,0.09659033321806682,0.11292422569219449,25,10,10
41,9744,0.822942460905046,1.98237772263696e-06,0.06412051018964325,0.11293504652758894,25,10,10
41,9745,0.7661302460138273,6.377158832481949e-06,0.12051088803946834,0.11335248878787216,25,10,10
41,9746,0.7850854942585543,9.234661551152245e-07,0.10173525137581056,0.11317833089948007,25,10,10
41,9747,0.7991107309263021,1.6548174192382013e-06,0.09708722065556186,0.10380039360071702,25,10,10
41,9748,0.7942207481913539,3.693094651775455e-07,0.126630840498162,0.0791480420010197,25,10,10
41,9749,0.7645433837082671,0.0019271220849098685,0.19652906951905041,0.03700042468777242,25,10,10
41,9750,0.7283276587968466,1.727374935537549e-06,0.1930394472683147,0.07863116655990308,25,10,10
41,9751,0.7647773144267469,9.46288939940707e-07,0.15924970404112343,0.07597203524318928,25,10,10
41,9752,0.7506166172305372,5.183520368823235e-07,0.1731699417338481,0.07621292268357922,25,10,10
41,9753,0.7828953216837929,0.0004934034981690313,0.13710308820598902,0.07950818661204874,25,10,10
41,9754,0.7680590910860435,0.0004956359755207641,0.15227492188338293,0.07917035105505275,25,10,10
41,9755,0.7400489144775907,0.0004942413270765657,0.1632478386515105,0.09620900554382289,25,10,10
41,9756,0.6682167421762779,1.7020086089657372e-05,0.2328845119867921,0.09888172575083926,25,10,10
41,9757,0.6654232940442744,8.728905068546762e-06,0.22078436405484397,0.11378361299581234,25,10,10
41,9758,0.6603017185933485,7.579668088839865e-06,0.21524670025264633,0.12444400148591565,25,10,10
41,9759,0.6739466235399958,0.00024354784715639933,0.21003001224225112,0.11577981637059652,25,10,10
41,9760,0.7244371268042762,8.687709551131785e-06,0.18958194259072655,0.08597224289544608,25,10,10
41,9761,0.7040334752728569,6.196964844059754e-05,0.20975732622508406,0.08614722885361874,25,10,10
41,9762,0.7350784084868665,6.281627317888686e-05,0.18151315845747987,0.0833456167824748,25,10,10
41,9763,0.7396106286656549,5.987422493367444e-05,0.17772454805680143,0.08260494905261026,25,10,10
41,9764,0.7776355692664789,6.0743018861433544e-05,0.13952386658328245,0.08277982113137766,25,10,10
41,9765,0.8003022458948156,9.038699547851368e-05,0.1442761355303218,0.05533123157938493,25,10,10
41,9766,0.8217629695522487,4.125491123430806e-05,0.12337260181889118,0.05482317371762619,25,10,10
41,9767,0.8549299517686677,0.0006430593453805431,0.1048849903716955,0.03954199851425668,25,10,10
41,9768,0.9117769791548375,7.22436023766259e-06,0.04675232506123362,0.041463471423691195,25,10,10
41,9769,0.8829894543302663,2.109404394816786e-06,0.07403080092101437,0.04297763534432455,25,10,10
41,9770,0.8915851592606155,5.024468770623379e-05,0.06819440362088945,0.040170192430788176,25,10,10
41,9771,0.9071815893219182,7.0417512687393716e-06,0.0927105791831201,0.00010078974369302124,25,10,10
41,9772,0.9123288344324681,4.900178125170635e-07,0.0875107124467299,0.00015996310298869895,25,10,10
41,9773,0.9614571040306952,3.645238638299138e-07,0.03564192792748347,0.002900603517957663,25,10,10
41,9774,0.9125626375967854,3.408006148740099e-06,0.08738411933134811,4.983506571811086e-05,25,10,10
41,9775,0.9185961864509952,1.661993255287195e-06,0.0812480306465326,0.00015412090921687062,25,10,10
41,9776,0.8647089884964,1.3508241912799025e-06,0.13516559038463938,0.00012407029476859703,25,10,10
41,9777,0.7835480803000219,4.037935546926326e-06,0.2164102526889132,3.7629075519827034e-05,25,10,10
41,9778,0.8198355560195667,6.968818944827274e-05,0.18007518820323182,1.9567587753135588e-05,25,10,10
41,9779,0.876586299157298,2.4157607522236973e-06,0.12330580085113273,0.00010548423081738243,25,10,10
41,9780,0.9385165129088567,1.2613464213755382e-05,0.06003501341052325,0.0014358602164064695,25,10,10
41,9781,0.8493205733193924,2.5082226092873124e-06,0.1087279350949354,0.041948983363063456,25,10,10
41,9782,0.8048170435218256,2.0657459218374053e-05,0.15372795128653083,0.04143434773242372,25,10,10
41,9783,0.8187735098976432,1.700151120439637e-05,0.14133734704689638,0.03987214154425544,25,10,10
41,9784,0.8855943289426038,2.0598005866926294e-05,0.07439979621295437,0.039985276838574585,25,10,10
41,9785,0.7955832559828334,2.3934261982792846e-05,0.1645654576167459,0.03982735213843727,25,10,10
41,9786,0.7684611353107829,3.964860274721941e-05,0.19165538802169774,0.03984382806477241,25,10,10
41,9787,0.8381519493941114,2.1561592602424667e-05,0.12211997691008851,0.039706512103197464,25,10,10
41,9788,0.827974437393078,1.4369206012764411e-05,0.13226238903159307,0.039748804369315514,25,10,10
41,9789,0.8603489407578617,4.969777506597545e-06,0.09997546940078765,0.03967062006384416,25,10,10
41,9790,0.8326004154656517,4.3914876497099205e-05,0.1413157060617752,0.02603996359607639,25,10,10
41,9791,0.9096820878502367,3.89094201245348e-06,0.08938013896358242,0.0009338822441684797,25,10,10
41,9792,0.8850869515049885,3.7283552684173826e-05,0.11481773868508703,5.802625724012262e-05,25,10,10
41,9793,0.8946072143321241,3.836536423111552e-05,0.10257782073283929,0.002776599570805319,25,10,10
41,9794,0.8781766314902545,3.8194912754606307e-05,0.12177292165478684,1.2251942204213779e-05,25,10,10
41,9795,0.9162493523256896,1.0596378044321087e-06,0.08343654771757007,0.00031304031893618806,25,10,10
41,9796,0.870770773641582,1.8300909222008214e-05,0.1201305708746432,0.00908035457455284,25,10,10
41,9797,0.8611051445684292,1.3541583561611102e-05,0.10902507663896432,0.029856237209044626,25,10,10
41,9798,0.8149101942732844,1.810556064804636e-05,0.14528169210859931,0.03979000805746729,25,10,10
41,9799,0.8700722251949348,1.2237817483329873e-05,0.09019473128373263,0.039720805703849144,25,10,10
41,9800,0.8369651704043182,2.538044383307735e-05,0.13827483809330698,0.02473461105854167,25,10,10
41,9801,0.896686150698506,4.3058442552950416e-07,0.07867706676099603,0.0246363519560727,25,10,10
41,9802,0.9093950954197004,1.5710509042262593e-05,0.06580940208866229,0.024779791982595247,25,10,10
41,9803,0.9128660906216112,2.339059984401625e-05,0.0809860002874711,0.006124518491073417,25,10,10
41,9804,0.91225185707867,0.00012682085867850483,0.08717221215252749,0.00044910991012419167,25,10,10
41,9805,0.8779208595422235,0.000131622342160235,0.12146295904016496,0.0004845590754521958,25,10,10
41,9806,0.9247722959990946,1.8443635421165737e-06,0.07492874969156878,0.0002971099457945605,25,10,10
41,9807,0.8573963718648483,7.889392315892215e-05,0.1256930228146723,0.016831711397321335,25,10,10
41,9808,0.8555600365990249,1.0895127116369971e-05,0.12107618348722937,0.023352884786630387,25,10,10
41,9809,0.8920994464117195,7.588145417151518e-06,0.08457509304898035,0.023317872393882277,25,10,10
41,9810,0.8971023836968768,2.0788952196346626e-06,0.06289751471623259,0.03999802269167058,25,10,10
41,9811,0.8747561590031897,2.4284616830302676e-06,0.08523886170464728,0.04000255083047967,25,10,10
41,9812,0.8397350261710234,3.002087574127777e-06,0.12078427505569582,0.03947769668570676,25,10,10
41,9813,0.8006199709496805,0.0004011117339356909,0.15712773577209213,0.04185118154429162,25,10,10
41,9814,0.8417541818017508,0.0004000825281211092,0.11271700784863053,0.04512872782149682,25,10,10
41,9815,0.7760514917321321,9.058268406791376e-06,0.14993344740886436,0.07400600259059628,25,10,10
41,9816,0.8133672639594223,1.079262548855211e-05,0.10660602276209899,0.08001592065298979,25,10,10
41,9817,0.7921734777225165,1.0512333300091075e-06,0.1315356053412469,0.07628986570290705,25,10,10
41,9818,0.8016972441053726,4.188116815568851e-06,0.07924806845918658,0.1190504993186246,25,10,10
41,9819,0.8145773677176017,6.736253849057497e-07,0.09961711884767191,0.08580483980934207,25,10,10
41,9820,0.83685814756357,1.1162622196420517e-06,0.08989643962275552,0.07324429655145473,25,10,10
41,9821,0.8590605347753888,4.089536072378334e-06,0.09633764287549043,0.04459773281304948,25,10,10
41,9822,0.7814068992766724,0.0006282028908853499,0.17805895476229502,0.03990594307014726,25,10,10
41,9823,0.8259675897736766,8.554263431627946e-05,0.13387688353469,0.04006998405731893,25,10,10
41,9824,0.8478082859005437,6.459769085787887e-06,0.10934921669244747,0.04283603763792369,25,10,10
41,9825,0.8420440146107886,4.935031133889517e-07,0.12004861293964651,0.03790687894645154,25,10,10
41,9826,0.8436606432165952,1.5115768880785001e-06,0.1255467908111325,0.030791054395384147,25,10,10
41,9827,0.8428188915994974,4.6988680732738283e-07,0.13027194322091046,0.026908695292785407,25,10,10
41,9828,0.8470043967881216,1.1873289097577762e-06,0.12754267176019107,0.02545174412277786,25,10,10
41,9829,0.857461769272933,0.00031339634940862374,0.11671865864294619,0.025506175734712984,25,10,10
41,9830,0.9249129577542357,1.0005686998319938e-05,0.04748567364854275,0.02759136291022319,25,10,10
41,9831,0.8140386090079752,4.800286642450153e-06,0.13300505628103257,0.052951534424349356,25,10,10
41,9832,0.8021189577367687,8.904657833396786e-05,0.15126917349834676,0.046522822186550725,25,10,10
41,9833,0.8498240763015424,8.112414559748211e-05,0.14997513785168806,0.00011966170117130795,25,10,10
41,9834,0.8995417546682719,8.073979549612607e-05,0.10034777757740988,2.972795882124756e-05,25,10,10
41,9835,0.8731202487320524,8.157116835834161e-05,0.12422289985231043,0.0025752802472779235,25,10,10
41,9836,0.8572941729801288,1.1345352225675478e-06,0.13592173567886554,0.006782956805784006,25,10,10
41,9837,0.8884761112850635,3.0420534777994244e-07,0.10903424833490187,0.0024893361746866284,25,10,10
41,9838,0.8938034372850874,6.078461040742483e-06,0.1048659103370965,0.0013245739167750733,25,10,10
41,9839,0.9161351519399203,1.1529960598375059e-05,0.08053915089109967,0.003314167208381264,25,10,10
41,9840,0.8846755001010526,1.3223607523762536e-05,0.11174114824698837,0.003570128044435439,25,10,10
41,9841,0.8786589718272279,1.5528053172238108e-05,0.12084648214408535,0.0004790179755142495,25,10,10
41,9842,0.8820110733467914,0.0003686750759682548,0.11755149441787303,6.875715936717166e-05,25,10,10
41,9843,0.8726662638968192,1.2302640877574918e-05,0.12709314998085708,0.0002282834814459086,25,10,10
41,9844,0.9396477037861919,1.058530496150944e-05,0.06018289951337889,0.00015881139546750498,25,10,10
41,9845,0.9029193127666766,6.0093817701026934e-05,0.0966263721306748,0.0003942212849472458,25,10,10
41,9846,0.9312238377671465,5.475173754998043e-06,0.06832305691450088,0.0004476301445971699,25,10,10
41,9847,0.9639612099060798,1.780994933210727e-06,0.036013343254116946,2.3665844869600182e-05,25,10,10
41,9848,0.9202691113983974,3.1537447807159746e-07,0.07963906773165462,9.150549546897651e-05,25,10,10
41,9849,0.9048731138971894,1.328219911936116e-05,0.09497482045271578,0.00013878345097532744,25,10,10
41,9850,0.8225312488512385,0.00039399141033937793,0.17692220973466097,0.00015255000375971646,25,10,10
41,9851,0.7942679318199631,0.00036393875468319117,0.2053248693107447,4.326011460894155e-05,25,10,10
41,9852,0.8980726618617274,0.0001596698611875724,0.10161720738931493,0.00015046088776983282,25,10,10
41,9853,0.9593137974843738,4.365549857078075e-06,0.03946791822968555,0.001213918736083957,25,10,10
41,9854,0.9183676712988702,0.0006341126841443587,0.08084588590900996,0.0001523301079755034,25,10,10
41,9855,0.8915481046239628,1.3249362380082449e-05,0.10835763142549357,8.101458816347531e-05,25,10,10
41,9856,0.8679752716907196,1.4899264231583488e-05,0.1210135180817329,0.010996310963316025,25,10,10
41,9857,0.8042532103484747,1.5102060090534122e-05,0.145241183240824,0.050490504350611067,25,10,10
41,9858,0.7522444855080854,6.827739537476376e-05,0.16602248243989293,0.08166475465664746,25,10,10
41,9859,0.6914189585791816,5.079357599630875e-05,0.23366290414530141,0.07486734369952122,25,10,10
41,9860,0.782515237210847,4.3244626543054216e-05,0.14599589276768524,0.07144562539492522,25,10,10
41,9861,0.7130521173832592,3.0622432161910387e-06,0.20467377116908267,0.08227104920444102,25,10,10
41,9862,0.7915783501422164,1.44611251799996e-07,0.09678528498922935,0.11163622025730324,25,10,10
41,9863,0.7900476444887219,1.6896787545717336e-07,0.09019973315283776,0.11975245339056484,25,10,10
41,9864,0.7149376849969735,9.896706768108335e-07,0.16110137644468722,0.1239599488876634,25,10,10
41,9865,0.7947781585243449,8.794341589250249e-07,0.08001953048795224,0.12520143155354385,25,10,10
41,9866,0.7895662834413887,2.936348075731437e-06,0.12148984281047986,0.08894093740005525,25,10,10
41,9867,0.797664765603826,1.5246317384828817e-06,0.13350082565351934,0.06883288411091636,25,10,10
41,9868,0.8567608071723771,1.3231226775234548e-05,0.11316076448048701,0.030065197120361722,25,10,10
41,9869,0.8868864352331519,0.0004000276453361159,0.08399614719651333,0.02871738992499919,25,10,10
41,9870,0.8740748345806089,1.3516788683053236e-05,0.08585465583737913,0.04005699279332955,25,10,10
41,9871,0.8879985054067133,2.1113296124248755e-05,0.07203116564752313,0.0399492156496396,25,10,10
41,9872,0.9027034315837769,1.2964604373255247e-05,0.05777003862298767,0.03951356518886202,25,10,10
41,9873,0.8150404606366002,1.1645096495924095e-06,0.14525356448998936,0.039704810363760584,25,10,10
41,9874,0.8146153798302255,3.1272420060543228e-06,0.10671207084565969,0.07866942208210828,25,10,10
41,9875,0.8490409301408813,1.573403823618973e-06,0.07898056407420345,0.07197693238109125,25,10,10
41,9876,0.8494798359095208,2.7011796801015504e-06,0.07133159122060931,0.07918587169019009,25,10,10
41,9877,0.8174612217883686,2.1382778490535243e-05,0.10346013091587083,0.07905726451727012,25,10,10
41,9878,0.7917886560389253,2.156661195218905e-05,0.13716028346739018,0.07102949388173282,25,10,10
41,9879,0.7459462707078428,4.090416503955051e-05,0.17125948721912465,0.08275333790799269,25,10,10
41,9880,0.7673093950854747,0.0001040719777025019,0.12328367563039988,0.10930285730642264,25,10,10
41,9881,0.7876682656946289,0.00010254372048449201,0.13201508543253515,0.08021410515235174,25,10,10
41,9882,0.7975296149484854,1.6363410849527516e-06,0.09929016705247334,0.10317858165795596,25,10,10
41,9883,0.8088420966875202,4.187882358409209e-07,0.0750509768241258,0.11610650770011693,25,10,10
41,9884,0.8325792193301161,8.3811169658663e-07,0.0502431181474212,0.11717682441076596,25,10,10
41,9885,0.7973834487597818,9.192029176503969e-06,0.11718667310910194,0.08542068610193937,25,10,10
41,9886,0.7816576972630286,0.00021265333546919456,0.13327101479523834,0.08485863460626336,25,10,10
41,9887,0.7780939910483565,0.00029354914311511084,0.17753204976143627,0.04408041004709136,25,10,10
41,9888,0.8277262675439186,0.00021436405846861738,0.1292566849440369,0.04280268345357568,25,10,10
41,9889,0.8498150330665635,2.051683704080408e-05,0.13734721007422743,0.012817240022167754,25,10,10
41,9890,0.898551776268554,4.3518376679834255e-06,0.10139887958785453,4.49923059230109e-05,25,10,10
41,9891,0.9011984274292663,3.898530350633008e-06,0.09861606346633298,0.0001816105740501564,25,10,10
41,9892,0.8947267892542414,4.15274671444808e-07,0.10516581149034292,0.00010698398074402125,25,10,10
41,9893,0.8875633465026754,0.00015422264051624074,0.11210185659184214,0.00018057426496655008,25,10,10
41,9894,0.900949622962284,6.387900193108966e-07,0.09850433387660532,0.0005454043710911788,25,10,10
41,9895,0.9388154094035847,4.2267836766561795e-07,0.06093779058179296,0.00024637733625417044,25,10,10
41,9896,0.9274550568234904,1.3462848825255063e-05,0.07040946309551054,0.0021220172321736487,25,10,10
41,9897,0.9292324137038007,1.9855555033262845e-05,0.07070978887453644,3.794186662914346e-05,25,10,10
41,9898,0.8986657394429685,2.612212078493084e-05,0.10119983319776735,0.00010830523847929421,25,10,10
41,9899,0.8634830772248019,2.5871899661340756e-05,0.13629185643738553,0.0001991944381505064,25,10,10
41,9900,0.83070420062371,1.5455729037855615e-05,0.169208578789817,7.176485743397743e-05,25,10,10
41,9901,0.8374235487072518,1.4465051182822855e-05,0.12140211520499306,0.04115987103657234,25,10,10
41,9902,0.8096656130504094,0.00013213870635193553,0.1223020406925717,0.06790020755066702,25,10,10
41,9903,0.856340998410388,4.776213860438922e-06,0.10221585327126827,0.04143837210448382,25,10,10
41,9904,0.8414877603472652,5.490150857899187e-06,0.1175541016801276,0.04095264782175013,25,10,10
41,9905,0.840283345741467,1.411048804497545e-06,0.08700701801583723,0.07270822519389145,25,10,10
41,9906,0.8441561234933853,9.127094202733124e-07,0.07560817465962892,0.08023478913756527,25,10,10
41,9907,0.839105617543534,1.0420885136771987e-06,0.08177919018378194,0.07911415018417013,25,10,10
41,9908,0.8744530288879858,8.98038771114932e-06,0.09792465964442615,0.027613331079876798,25,10,10
41,9909,0.8885498009264533,6.704181369178585e-06,0.07188645829412083,0.03955703659805649,25,10,10
41,9910,0.8651893423970242,1.1442141302985936e-05,0.09870110200869933,0.03609811345297359,25,10,10
41,9911,0.9113232687920787,1.2205995428793752e-05,0.08858917363628552,7.535157620705587e-05,25,10,10
41,9912,0.9179004816962943,1.0278468921951572e-06,0.08199811480128057,0.00010037565553329598,25,10,10
41,9913,0.9202004580713349,1.0427398153207234e-06,0.07960879354026672,0.00018970564858294392,25,10,10
41,9914,0.8111628672736073,1.4683952534158026e-06,0.15757134759700822,0.03126431673413079,25,10,10
41,9915,0.8968427163194103,3.850652628730486e-06,0.1031324897506647,2.0943277296827816e-05,25,10,10
41,9916,0.8734695990561636,1.367256605601297e-05,0.12640005327502915,0.00011667510275073425,25,10,10
41,9917,0.9014708462389673,0.0013163016044478626,0.09706943058258265,0.00014342157400281196,25,10,10
41,9918,0.9021987611160616,1.940742877578412e-06,0.0944854509597545,0.003313847181306286,25,10,10
41,9919,0.8638718429797132,3.374653006296047e-06,0.1341754830530534,0.0019492993142285085,25,10,10
41,9920,0.9255222091439618,6.407860484843943e-07,0.07292444909952606,0.0015527009704640455,25,10,10
41,9921,0.9292786344304851,7.221997420683684e-07,0.06914532893067787,0.0015753144390956064,25,10,10
41,9922,0.8923139023215202,1.4095060950105277e-05,0.10375599205038029,0.003916010567149716,25,10,10
41,9923,0.8276624370763648,1.6655362376759283e-06,0.168483874466393,0.0038520229210064426,25,10,10
41,9924,0.8771884262427246,2.647178044433158e-05,0.12239820136203403,0.0003869006147971614,25,10,10
41,9925,0.9344906837916604,1.967464631217728e-05,0.0652485669094317,0.00024107465259559446,25,10,10
41,9926,0.9343666685156531,3.211426168056495e-05,0.06532726472709326,0.00027395249557330635,25,10,10
41,9927,0.906940837054659,2.6421423177120204e-05,0.09102079801820151,0.0020119435039629694,25,10,10
41,9928,0.9148644225297403,1.3397894570441627e-05,0.0849663649849069,0.0001558145907823528,25,10,10
41,9929,0.9349488245360871,1.9708481279995277e-07,0.06494491450215403,0.00010606387694551844,25,10,10
41,9930,0.9065822018954554,4.50353485562594e-08,0.06644434471837252,0.026973408350823628,25,10,10
41,9931,0.8719339370336467,1.1000538539589793e-05,0.08835764692064715,0.03969741550716659,25,10,10
41,9932,0.8045153560311743,5.150687996985159e-05,0.11670909050720513,0.07872404658165084,25,10,10
41,9933,0.7790446532172409,5.1955298996874554e-05,0.13936897825240677,0.0815344132313563,25,10,10
41,9934,0.826557153937862,5.140544855291262e-05,0.09706512554049074,0.07632631507309434,25,10,10
41,9935,0.8308978285432878,4.181236247532616e-05,0.09349768054023105,0.07556267855400586,25,10,10
41,9936,0.8240985248636105,4.6392569844719763e-05,0.11132069134548772,0.06453439122105702,25,10,10
41,9937,0.9035508959948783,1.8218217164393692e-06,0.08309702105043186,0.0133502611329736,25,10,10
41,9938,0.8490603537266282,1.501522279024595e-06,0.148465482299681,0.00247266245141233,25,10,10
41,9939,0.8068813013965104,2.1552898932892834e-06,0.18773600587652214,0.005380537437074435,25,10,10
41,9940,0.8127710102915445,4.025033392409923e-05,0.18485738962193132,0.00233134975260055,25,10,10
41,9941,0.8535791401224914,1.1564933246366836e-05,0.1406637193197391,0.005745575624523025,25,10,10
41,9942,0.9134537771680874,2.1812365726476233e-06,0.08465455907957672,0.0018894825157637577,25,10,10
41,9943,0.8947953157327675,1.2267340518049167e-05,0.10479020156772467,0.00040221535899014705,25,10,10
41,9944,0.861973165842584,5.4110319374179486e-06,0.13743715614617383,0.0005842669793039558,25,10,10
41,9945,0.732772477697328,2.3558397610091563e-05,0.22736456444914632,0.039839399455914484,25,10,10
41,9946,0.781931819068013,0.03489435792286251,0.14379663914420265,0.03937718386492204,25,10,10
41,9947,0.8180358638654155,0.034866485913715,0.10775040109019055,0.03934724913067878,25,10,10
41,9948,0.8599746086277904,0.013976966642664892,0.12588492306993634,0.00016350165960823506,25,10,10
41,9949,0.9012088455498107,6.298354882203715e-07,0.09864618059717545,0.000144344017525781,25,10,10
41,9950,0.9143888993390568,2.3486536231741185e-05,0.08538674375422564,0.0002008703704852708,25,10,10
41,9951,0.8275522071941157,4.601687012530768e-06,0.14355736361038743,0.028885827508485083,25,10,10
41,9952,0.8769629589854333,6.642078220165333e-06,0.09436265532176133,0.02866774361458516,25,10,10
41,9953,0.8991269918992019,1.0808171817750722e-05,0.060048403330441945,0.04081379659853829,25,10,10
41,9954,0.7938336636691408,5.696124564641437e-07,0.15577444156484377,0.050391325153558306,25,10,10
41,9955,0.8178777358265001,2.554298652355794e-05,0.13003070348822887,0.05206601769874796,25,10,10
41,9956,0.8078251201996401,6.597820261669716e-07,0.1126708191878576,0.07950340083047598,25,10,10
41,9957,0.7985820132323905,6.037172699985165e-06,0.12138130911120351,0.08003064048370602,25,10,10
41,9958,0.79280666476867,7.74966908217767e-05,0.1346215679238592,0.0724942706166492,25,10,10
41,9959,0.8109390918793538,6.893518203461654e-05,0.16165389854368453,0.027338074394927688,25,10,10
41,9960,0.8411078247085781,8.713966916932246e-05,0.13147916175205662,0.027325873870195284,25,10,10
41,9961,0.8852887934729953,2.044453235950708e-05,0.09077498646461218,0.023915775530032577,25,10,10
41,9962,0.8640272210414234,2.5304032344292267e-05,0.10077329156484989,0.03517418336138245,25,10,10
41,9963,0.8968724252871126,1.4018282287326928e-06,0.06325883210131321,0.039867340783345154,25,10,10
41,9964,0.8854501573200515,4.602178506960188e-06,0.08770458746525803,0.026840653036182945,25,10,10
41,9965,0.8525304241669401,7.825998409479263e-06,0.11880673228593303,0.02865501754871681,25,10,10
41,9966,0.8156102316846766,2.018768954806582e-05,0.14218961742146688,0.042179963204306004,25,10,10
41,9967,0.878802731718497,2.058962002982328e-05,0.08154448287517319,0.039632195786299305,25,10,10
41,9968,0.8309826808442239,6.465964593825918e-06,0.12801831261119878,0.04099254057998219,25,10,10
41,9969,0.8627289817491246,1.155965202236956e-06,0.08461813201747573,0.05265173026819731,25,10,10
41,9970,0.8638691349259351,3.603958554261019e-05,0.12044083112548647,0.015653994363035523,25,10,10
41,9971,0.8614895462453728,5.030855126829131e-05,0.1256105323289684,0.012849612874390343,25,10,10
41,9972,0.8789070991577994,4.217048893479305e-05,0.12077612820869804,0.0002746021445679858,25,10,10
41,9973,0.8815549077426268,4.2430018940586565e-05,0.11809489518256347,0.0003077670558689986,25,10,10
41,9974,0.9238662730128218,1.262541267998586e-06,0.07600675593731672,0.00012570850859374214,25,10,10
41,9975,0.889948737261939,2.378371205141479e-05,0.10970322709389596,0.00032425193211272545,25,10,10
41,9976,0.8802635176440432,4.3643026312969655e-05,0.11496713374593709,0.004725705583706229,25,10,10
41,9977,0.8815610371238474,1.9053918615109807e-05,0.11369334228361642,0.004726566673920543,25,10,10
41,9978,0.9035109218911062,3.2237231123361528e-06,0.09642396004805033,6.189433773137095e-05,25,10,10
41,9979,0.879347014476365,6.404717043147145e-06,0.12039115842079742,0.0002554223857944994,25,10,10
41,9980,0.8463077044279699,6.698277047945123e-07,0.1535280418528809,0.00016358389144415907,25,10,10
41,9981,0.8581775187364566,2.816326543405892e-07,0.14159786246491907,0.00022433716597027874,25,10,10
41,9982,0.8742634487410536,7.007957872677996e-06,0.1254883444152365,0.00024119888583757577,25,10,10
41,9983,0.8570968449399463,0.0005861391340084798,0.14221645202449035,0.00010056390155519151,25,10,10
41,9984,0.8590771617584327,1.0933691334412975e-06,0.13767056726490534,0.0032511776075287973,25,10,10
41,9985,0.8487287395052266,8.57335715104948e-06,0.15120751554950818,5.517158811316631e-05,25,10,10
41,9986,0.8504835050390568,8.761232935406413e-06,0.1491707918344317,0.00033694189357626176,25,10,10
41,9987,0.8393715609606849,5.62058141358603e-06,0.1604054422531361,0.00021737620476526144,25,10,10
41,9988,0.9282584655388519,1.4522961971520368e-05,0.07150834390753237,0.00021866759164393827,25,10,10
41,9989,0.9262187228185083,3.3626376504262515e-07,0.0736963654520933,8.457546563338632e-05,25,10,10
41,9990,0.8950744415311981,1.2908839397006537e-06,0.10300426351865888,0.0019200040662025258,25,10,10
41,9991,0.9075277726811182,3.15416312721844e-05,0.09235101190445669,8.9673783153226e-05,25,10,10
41,9992,0.8882259318074529,3.0235794960912756e-05,0.1113249983568312,0.0004188340407554101,25,10,10
41,9993,0.906304452093837,3.146688499010702e-05,0.09101510809458326,0.00264897292659013,25,10,10
41,9994,0.8997969306393295,0.0003484929542683919,0.0960862926094567,0.0037682837969447197,25,10,10
41,9995,0.8397068340107695,1.3591687329439153e-05,0.15618005991110498,0.004099514390795835,25,10,10
41,9996,0.8704843704567676,3.862683702743939e-05,0.1292929611965992,0.00018404150960553675,25,10,10
41,9997,0.9065856682412,5.510117130558052e-07,0.09338433348674816,2.944726033761385e-05,25,10,10
41,9998,0.7483059127487509,1.6829322760986793e-06,0.25150399676046553,0.00018840755850667437,25,10,10
41,9999,0.7471130638911905,3.0527038952160144e-06,0.2130127581914808,0.039871125213432945,25,10,10
41,10000,0.8009371498724569,7.950420656333453e-07,0.15941519415924196,0.03964686092623563,25,10,10
