run,generation,degenerate,holistic,other,compositional,popsize,turnover_rounds,group_rounds
18,0,0.9987713554999793,1.4267839920713722e-08,0.0012266915175253483,1.938714656782331e-06,25,50,10
18,1,0.9908990794537074,1.3821349709852602e-07,0.00909737882957175,3.4035032255325697e-06,25,50,10
18,2,0.8260664690259845,1.9499006759591137e-07,0.17383140222854412,0.00010193375541655966,25,50,10
18,3,0.5482266574377918,2.5738539722377137e-07,0.4510754953165228,0.0006975898602872163,25,50,10
18,4,0.40388978110049406,3.570320574894428e-07,0.5960838766966406,2.598517080788444e-05,25,50,10
18,5,0.3271929533492055,1.3168094999691934e-05,0.6692777140722568,0.0035161644835364214,25,50,10
18,6,0.2735534730087577,6.617045186330984e-09,0.7264464876639416,3.271025405865461e-08,25,50,10
18,7,0.26719447984205585,6.595387613665899e-09,0.73273849206963,6.702149292435191e-05,25,50,10
18,8,0.24425908814941436,5.129036202295625e-06,0.7229779167883683,0.03275786602601274,25,50,10
18,9,0.13561489363686105,4.735877945357713e-06,0.8240513784387328,0.040328992046460205,25,50,10
18,10,0.1311817043629262,4.762544207470262e-06,0.8252394535659318,0.04357407952693355,25,50,10
18,11,0.13780659482477944,2.1287114326516683e-07,0.8186194911705071,0.04357370113356923,25,50,10
18,12,0.13592753135127028,0.02488097168012158,0.7591911719831532,0.08000032498545369,25,50,10
18,13,0.11935094687083181,0.06488109185074183,0.7357600483889775,0.08000791288944707,25,50,10
18,14,0.07925017496909459,0.08000013194651005,0.7605874568409218,0.0801622362434717,25,50,10
18,15,0.06630188855278439,0.08001442114536739,0.7736819234769722,0.08000176682487613,25,50,10
18,16,0.005957331036615567,0.0808598216026156,0.8331067167055433,0.08007613065522513,25,50,10
18,17,1.368381665783424e-11,0.08001442725257629,0.8001627117189993,0.1198228610147403,25,50,10
18,18,2.061007581081695e-06,0.0800000009458434,0.7928398519135845,0.1271580861329908,25,50,10
18,19,0.002937548535881992,0.08000001161273955,0.7970495156787579,0.12001292417262009,25,50,10
18,20,2.0422552111807756e-06,0.08080619673836294,0.7990824753189132,0.12010928568751275,25,50,10
18,21,9.386783464103561e-06,0.0800016973619472,0.7952178044091164,0.12477111144547168,25,50,10
18,22,8.470084475825837e-06,0.08002052306560663,0.7952015054614817,0.1247695013884359,25,50,10
18,23,8.45170233075522e-06,0.08000001343311093,0.7951261355580108,0.12486539930654757,25,50,10
18,24,0.04233108212261763,0.08000001963393961,0.7576676657016818,0.12000123254176026,25,50,10
18,25,0.0400028300501216,0.08000001515671505,0.7599970878351879,0.12000006695797544,25,50,10
18,26,0.040403443501595124,0.08000000100281528,0.7547518054513033,0.12484475004428602,25,50,10
18,27,0.043545298425659545,0.0810677121435898,0.7505410853705881,0.12484590406016154,25,50,10
18,28,0.039999916326430116,0.08002061169095716,0.7151335964047933,0.16484587557781907,25,50,10
18,29,0.00010085438031765345,0.08002096083341588,0.7536343631947667,0.16624382159150028,25,50,10
18,30,9.898599909430656e-10,0.08002093246955896,0.7563106884490647,0.1636683780915168,25,50,10
18,31,0.00011652962826312191,0.08002230730248465,0.7562498533149561,0.16361130975429583,25,50,10
18,32,2.2456142917418012e-11,0.08000060926214746,0.759990594173952,0.1600087965414441,25,50,10
18,33,2.0931330238356606e-06,0.08000062423390028,0.7599955857305457,0.16000169690252983,25,50,10
18,34,2.08770807100767e-06,0.12066484780976969,0.7193330341553807,0.16000003032677818,25,50,10
18,35,4.760008423141993e-11,0.11957862106062966,0.6804213481062269,0.2000000307855438,25,50,10
18,36,9.372548592653047e-11,0.11957851593824294,0.6804214387450461,0.20000004522298517,25,50,10
18,37,1.2372788112298501e-06,0.12001468281743213,0.678131565853238,0.20185251405051827,25,50,10
18,38,0.03808516800884815,0.1208063062307411,0.6410110739427133,0.20009745181769695,25,50,10
18,39,0.0380851680088479,0.1208060592932888,0.6010113505750531,0.2400974221228099,25,50,10
18,40,0.00017514410277259153,0.16192632745344857,0.597898528256163,0.2400000001876158,25,50,10
18,41,0.005704637078795056,0.1600168722679523,0.5942770878971835,0.24000140275606924,25,50,10
18,42,2.3342103491564495e-07,0.16000000907718318,0.5999502531916793,0.24004950431010283,25,50,10
18,43,6.42488451899795e-10,0.16040394663715316,0.5995477248281765,0.2400483278921817,25,50,10
18,44,6.4282292530799e-10,0.16000012041241124,0.5999515504965991,0.24004832844816634,25,50,10
18,45,3.4700414487089794e-15,0.1600006169055109,0.5600023622427591,0.27999702085172645,25,50,10
18,46,0.003593422694022059,0.20001443849885614,0.5163887293922038,0.280003409414918,25,50,10
18,47,2.087447134795843e-06,0.20000017833126232,0.5199960085540539,0.2800017256675489,25,50,10
18,48,1.0233118097638565e-09,0.20000053236749685,0.5174219040510405,0.28257756255815086,25,50,10
18,49,0.00191191955014981,0.2000003542158726,0.5155101124920968,0.28257761374187995,25,50,10
18,50,7.263600860744757e-11,0.20110423394105856,0.4788957659774378,0.3200000000088672,25,50,10
18,51,7.263600860746807e-11,0.20000013502461403,0.47999986488422225,0.32000000001852735,25,50,10
18,52,3.154937313429909e-13,0.1999999999594778,0.4799999783195242,0.320000021720682,25,50,10
18,53,2.3448361024240327e-13,0.20000025510624753,0.44008771019993326,0.35991203469358446,25,50,10
18,54,9.68355001244758e-11,0.20000001562850162,0.4399999526011305,0.3600000316735324,25,50,10
18,55,1.2159011987586897e-06,0.20002009213581115,0.4399774557977097,0.36000123616528,25,50,10
18,56,1.2159011987586897e-06,0.2000201809703247,0.43997860311947995,0.36000000000899623,25,50,10
18,57,2.6623161042221574e-14,0.20000037699056908,0.4399996230368675,0.35999999997253646,25,50,10
18,58,3.4390923594798545e-14,0.20109226359781512,0.4371866907055502,0.36172104569660013,25,50,10
18,59,3.662412344991052e-08,0.20080084590051356,0.43747807392355476,0.3617210435518081,25,50,10
18,60,9.967058191415988e-14,0.1999996066867984,0.39515901426563926,0.4048413790474625,25,50,10
18,61,9.810651530893613e-14,0.19999961281905873,0.40000038718997083,0.3999999999908724,25,50,10
18,62,9.463772893093116e-14,0.20000001250367208,0.3999999869873075,0.4000000005089255,25,50,10
18,63,2.169317263652038e-08,0.20002026546131296,0.39997971283697054,0.4000000000085438,25,50,10
18,64,2.1693176105501842e-08,0.20000000016472783,0.39999997814175137,0.40000000000034447,25,50,10
18,65,2.1704443324817434e-08,0.20000106689339023,0.3964258283083389,0.40357308309382733,25,50,10
18,66,2.170444332376593e-08,0.20000000432683307,0.39642858573663864,0.4035713882320843,25,50,10
18,67,1.713591999214939e-08,0.20001991553385676,0.3999754176669189,0.40000464966330473,25,50,10
18,68,1.0289897773353458e-14,0.20001991545892633,0.39997556533887924,0.40000451920218416,25,50,10
18,69,3.1592132539943526e-08,0.21806619946604797,0.38192034072740016,0.4000134282144194,25,50,10
18,70,3.1592132540075584e-08,0.21918911678410255,0.3807991183875473,0.40001173323621764,25,50,10
18,71,3.222345902766956e-08,0.2191783529849684,0.3408098518449821,0.44001176294659033,25,50,10
18,72,6.313299577708625e-10,0.23998949586623056,0.3151013685982544,0.444909134904185,25,50,10
18,73,6.31329957768774e-10,0.2400006150477635,0.31993188625195446,0.44006749806895196,25,50,10
18,74,4.635525830920501e-09,0.24000012181113642,0.31999985187655444,0.44000002167678304,25,50,10
18,75,1.1027186902074998e-11,0.24000034936313963,0.319997934959113,0.4400017156667201,25,50,10
18,76,3.2267327688826084e-14,0.24000935586391609,0.31744806922249735,0.44254257491355425,25,50,10
18,77,5.5339782282053315e-15,0.240000000217961,0.31990559883061415,0.44009440095141916,25,50,10
18,78,1.1081897597349583e-11,0.2400000001882137,0.3199999994289776,0.44000000037172676,25,50,10
18,79,1.1079841360076516e-11,0.24080580100517987,0.31919416889422736,0.44000003008951266,25,50,10
18,80,9.399855542449144e-08,0.2400197073469786,0.31998017003490103,0.4400000286195647,25,50,10
18,81,9.399855542449148e-08,0.24001996495134464,0.31997994066596885,0.4400000003841313,25,50,10
18,82,2.087054903933486e-06,0.24000038444385086,0.31999749838536384,0.44000003011588135,25,50,10
18,83,2.0870549039334857e-06,0.24000073412409523,0.3199971279140382,0.4400000509069627,25,50,10
18,84,9.841548649673893e-14,0.2400001574904997,0.3199998123939227,0.4400000301154792,25,50,10
18,85,1.9979401753365528e-17,0.24000000634897894,0.31999841329960554,0.44000158035141546,25,50,10
18,86,7.614205082828138e-18,0.2798049007923694,0.2766226822407159,0.44357241696691474,25,50,10
18,87,2.0550586615211763e-23,0.2805696605675778,0.2757625149266262,0.44366782450579606,25,50,10
18,88,2.0550365453777373e-23,0.28056935246366327,0.27933421985278983,0.440096427683547,25,50,10
18,89,1.0963386911642328e-23,0.28112273143425,0.27887555111605034,0.44000171744969974,25,50,10
18,90,1.2302012057486555e-21,0.2800001648590768,0.2799998202556467,0.4400000148852763,25,50,10
18,91,4.490913502851876e-22,0.2808060027765081,0.2791923013740456,0.44000169584944615,25,50,10
18,92,2.3359478303366993e-21,0.28000034262632584,0.2399980436927994,0.48000161368087474,25,50,10
18,93,9.64538266668899e-20,0.2799999994384613,0.2400000002052492,0.4800000003562896,25,50,10
18,94,7.081023667743853e-31,0.2800002517525531,0.239999747867194,0.4800000003802529,25,50,10
18,95,7.52306862965346e-30,0.28000024332424256,0.239999756295411,0.48000000038034635,25,50,10
18,96,4.230177207011717e-29,0.28000974086063457,0.23998856289916348,0.4800016962402019,25,50,10
18,97,1.2914428561634761e-26,0.2799894997811702,0.2400088034566551,0.4800016967621747,25,50,10
18,98,1.291442877790644e-26,0.2800000041271049,0.2399970921484601,0.480002903724435,25,50,10
18,99,1.3740437164146545e-18,0.28000001083058335,0.23999826355633627,0.48000172561308035,25,50,10
18,100,4.027491502529871e-23,0.2800003604704795,0.23999797219147687,0.4800016673380436,25,50,10
18,101,4.0447901019917007e-23,0.2807929159404349,0.239204210250554,0.48000287380901097,25,50,10
18,102,1.74738512809112e-14,0.2800003495765921,0.2399289963023903,0.4800706541210002,25,50,10
18,103,4.09783838150617e-23,0.2799999998779221,0.23999666811865034,0.48000333200342765,25,50,10
18,104,2.3767061231652627e-21,0.2800205184899495,0.23997608993355407,0.48000339157649635,25,50,10
18,105,9.644919070800952e-20,0.2800002573888777,0.20017924745168966,0.5198204951594326,25,50,10
18,106,9.644936907305195e-20,0.28000000440243655,0.20017784654940507,0.5198221490481583,25,50,10
18,107,1.3639489454430175e-32,0.2800003487039237,0.20017915649190698,0.5198204948041691,25,50,10
18,108,2.3697693856998578e-20,0.28000000002061376,0.20017950522335323,0.5198204947560329,25,50,10
18,109,2.369769610129292e-20,0.2800000580883193,0.1999999419029078,0.5200000000087729,25,50,10
18,110,1.3977331491450537e-18,0.2799998644049855,0.2000001356309572,0.5199999999640572,25,50,10
18,111,2.3737886999470546e-20,0.28000000631716726,0.1999068204434569,0.5200931732393757,25,50,10
18,112,2.373788699953738e-20,0.28001990557362255,0.1998869197831437,0.5200931746432337,25,50,10
18,113,2.3697824064078008e-20,0.2811232535372647,0.19887553912891356,0.5200012073338217,25,50,10
18,114,1.2796262439210322e-25,0.3211023347758964,0.15889770390004937,0.5199999613240542,25,50,10
18,115,5.208286936084049e-25,0.321143523186226,0.1588565155267694,0.5199999612870047,25,50,10
18,116,7.546325357287826e-26,0.3200202649635807,0.15997973503750593,0.5199999999989132,25,50,10
18,117,1.2479944413814302e-26,0.32114040599713545,0.11876590148734067,0.5600936925155238,25,50,10
18,118,1.2439878901542133e-26,0.32112001632500037,0.11878628979211193,0.5600936938828875,25,50,10
18,119,1.2439866566654551e-26,0.3211200117104147,0.1187862944410195,0.5600936938485657,25,50,10
18,120,3.2530873793281933e-34,0.3199999997093402,0.12000000031796026,0.5599999999726996,25,50,10
18,121,8.6652777475431e-32,0.32000000617677943,0.11999999382401173,0.5599999999992089,25,50,10
18,122,5.644932490699091e-29,0.3199998748909415,0.12000229903511712,0.5599978260739413,25,50,10
18,123,2.246284685362419e-28,0.3199998687666143,0.11990202937823723,0.5600981018551485,25,50,10
18,124,1.94357710129699e-22,0.3200002454551694,0.1199979205599149,0.5600018339849157,25,50,10
18,125,1.9435770944417425e-22,0.32000000110416216,0.11999986025769084,0.5600001386381471,25,50,10
18,126,4.2630169038962425e-24,0.31999999753667896,0.12000004244244283,0.559999960020878,25,50,10
18,127,8.55442226286267e-25,0.32000000109524174,0.12000003889200578,0.5599999600127525,25,50,10
18,128,8.55442225091711e-25,0.3200000044380073,0.11999999504101186,0.5600000005209808,25,50,10
18,129,7.316278683508354e-25,0.3207923299662845,0.11920767003500138,0.559999999998714,25,50,10
18,130,5.938624995426879e-22,0.3207926854595105,0.11920731453205802,0.5600000000084314,25,50,10
18,131,2.3192671922150145e-21,0.32001978379118357,0.11988589231021106,0.5600943238986055,25,50,10
18,132,2.3192671922150296e-21,0.3200197839602567,0.11988589215879639,0.5600943238809468,25,50,10
18,133,2.913499933100494e-21,0.3200197837918772,0.11988589232759068,0.5600943238805322,25,50,10
18,134,1.0244976237343915e-23,0.31999999745056373,0.11999833592786929,0.560001666621567,25,50,10
18,135,1.0244976163047366e-23,0.3199999973865564,0.12000494222568356,0.5599950603877601,25,50,10
18,136,1.751892461307013e-30,0.3200002530204106,0.11999971722663255,0.5600000297529569,25,50,10
18,137,2.1924122565619894e-14,0.3200002577112131,0.11999974182333153,0.5600000004654333,25,50,10
18,138,1.3056142429897764e-26,0.32000000625570224,0.12009228892782504,0.5599077048164728,25,50,10
18,139,1.734689889707794e-32,0.32000000007373336,0.12009229456542231,0.5599077053608442,25,50,10
18,140,1.6037271045622953e-28,0.3200000044410477,0.12009059606462684,0.5599093994943255,25,50,10
18,141,3.332882383956795e-20,0.32000036003001037,0.12009024029843436,0.5599093996715553,25,50,10
18,142,4.169452840218844e-23,0.3200002196697488,0.12009038068379141,0.5599093996464598,25,50,10
18,143,2.1972192776751382e-26,0.31999959952954277,0.08000040053138267,0.5999999999390745,25,50,10
18,144,2.2843413567981166e-27,0.3200000000220239,0.07999999946476302,0.600000000513213,25,50,10
18,145,2.284341356798113e-27,0.3199999903201117,0.08000000915812418,0.6000000005217639,25,50,10
18,146,3.0397658229033018e-34,0.3199999965417142,0.08000000298074976,0.600000000477536,25,50,10
18,147,1.8289534242203538e-25,0.31999999995224465,0.07999999955236331,0.600000000495392,25,50,10
18,148,1.8289534241450428e-25,0.3200002531880363,0.07999974632569232,0.6000000004862713,25,50,10
18,149,4.474701202869577e-37,0.3200004148737377,0.07999958519858313,0.5999999999276792,25,50,10
18,150,4.476091574289816e-37,0.3200006089428119,0.07999939108208173,0.5999999999751064,25,50,10
18,151,1.2834967960672508e-26,0.31999999287052083,0.08000000916406055,0.5999999979654185,25,50,10
18,152,4.230384900790878e-22,0.31999999759344466,0.0800000024433718,0.5999999999631833,25,50,10
18,153,4.009336133129486e-29,0.3199999998828449,0.07990356400717552,0.6000964361099796,25,50,10
18,154,4.009336133129512e-29,0.31999999993815176,0.07990356395151954,0.6000964361103288,25,50,10
18,155,1.7284748115575815e-32,0.32080618940612454,0.07909737448246838,0.6000964361114071,25,50,10
18,156,1.7299865326093885e-32,0.3200002530957662,0.07990331079197642,0.6000964361122572,25,50,10
18,157,1.749754882564641e-32,0.319999993168965,0.07990357071879091,0.6000964361122442,25,50,10
18,158,1.749754882565089e-32,0.319999993171254,0.07990357072536285,0.6000964361033833,25,50,10
18,159,2.346368940391852e-34,0.31999999316601013,0.08000000685187912,0.5999999999821106,25,50,10
18,160,1.3020781173794487e-25,0.31999982184305126,0.08000017818630517,0.5999999999706436,25,50,10
18,161,7.348007529537444e-25,0.32001418040320817,0.07998581907642513,0.6000000005203666,25,50,10
18,162,2.446203488361647e-27,0.3200000088727576,0.07999999112804886,0.5999999999991936,25,50,10
18,163,3.95041924389938e-30,0.31999999996143735,0.08000000003922444,0.5999999999993382,25,50,10
18,164,2.2851897365487118e-27,0.32000024994731596,0.07515805821413628,0.6048416918385477,25,50,10
18,165,2.2851897365487118e-27,0.32000024994717113,0.07515805822243736,0.6048416918303914,25,50,10
18,166,1.60318044030611e-28,0.31999999995847495,0.07999830623088533,0.6000016938106398,25,50,10
18,167,1.6031804402661002e-28,0.320000000000232,0.0799983041225441,0.6000016958772239,25,50,10
18,168,1.3861106987061653e-31,0.3200141762892605,0.07998582373200347,0.599999999978736,25,50,10
18,169,4.1689984900463815e-23,0.31999999995617273,0.08000003939497781,0.5999999606488495,25,50,10
18,170,1.4946524293322186e-35,0.32080563242859456,0.07919437715690575,0.5999999904144997,25,50,10
18,171,1.4946454604751485e-35,0.32080563246323573,0.07919433779299488,0.6000000297437694,25,50,10
18,172,2.604143427785456e-25,0.31999999995034967,0.0800000000861113,0.599999999963539,25,50,10
18,173,1.6295615379699019e-21,0.32079232918832756,0.07920767081246004,0.5999999999992123,25,50,10
18,174,1.6295743728650527e-21,0.32079178297019256,0.07920821702130101,0.6000000000085064,25,50,10
18,175,1.283770871141183e-26,0.3199996128691718,0.08000038711605402,0.6000000000147742,25,50,10
18,176,1.2837708711411919e-26,0.3199998194778372,0.08000020873342803,0.5999999717887349,25,50,10
18,177,3.8385511263622614e-30,0.3211227402190984,0.07887723158246801,0.6000000281984336,25,50,10
18,178,5.360977372785979e-34,0.32000024108620806,0.07999975962780413,0.5999999992859878,25,50,10
18,179,1.797436962255203e-25,0.3200002507727998,0.07999974923616501,0.5999999999910353,25,50,10
18,180,2.28362418974109e-27,0.3200003577662778,0.07999964362833208,0.5999999986053901,25,50,10
18,181,2.2836067514167284e-27,0.32000000446250665,0.07999999554627663,0.5999999999912167,25,50,10
18,182,7.149847160611311e-31,0.3200142890685336,0.07998571093148597,0.5999999999999805,25,50,10
18,183,2.284336378750783e-27,0.3200202652124197,0.07997973478880953,0.5999999999987708,25,50,10
18,184,9.959596698419498e-24,0.32110411178172255,0.07889588826604095,0.5999999999522364,25,50,10
18,185,9.959596698419498e-24,0.32110411178024006,0.07889588821996042,0.5999999999997994,25,50,10
18,186,7.030781325155862e-31,0.32000025902445556,0.07999974097573619,0.5999999999998081,25,50,10
18,187,4.0076077430858067e-29,0.3200000059544468,0.0799999940579052,0.5999999999876481,25,50,10
18,188,5.740849593250039e-22,0.3200003434445503,0.07999965655547216,0.5999999999999774,25,50,10
18,189,1.0245319857093439e-23,0.32000000609144436,0.07999999394439175,0.5999999999641639,25,50,10
18,190,1.0245320559969958e-23,0.3200000060906436,0.07999999394503887,0.5999999999643174,25,50,10
18,191,1.7347622086547814e-32,0.3200000000000454,0.08000005755736142,0.5999999424425931,25,50,10
18,192,3.2116111770952125e-27,0.3200007111342435,0.07999934438952253,0.599999944476234,25,50,10
18,193,4.098161689129409e-23,0.3199999930399938,0.08000000696065555,0.5999999999993506,25,50,10
18,194,6.905097413074202e-28,0.334176326025172,0.06582367600849173,0.5999999979663362,25,50,10
18,195,5.208626696569444e-25,0.36000025311234585,0.0399997468876549,0.5999999999999991,25,50,10
18,196,5.208626696569435e-25,0.3600002532354905,0.03999974676495577,0.5999999999995537,25,50,10
18,197,2.2836199058173985e-27,0.35828153396118606,0.041718466039281796,0.5999999999995321,25,50,10
18,198,2.664395549652809e-37,0.35828153286827885,0.041718467131724994,0.5999999999999962,25,50,10
18,199,4.012537874148757e-29,0.35828153286968223,0.041718467155717816,0.5999999999746,25,50,10
18,200,4.012537874148756e-29,0.3582815327475274,0.041718467759359175,0.5999999994931134,25,50,10
18,201,4.01253787414709e-29,0.3599999998784723,0.04000000013045305,0.5999999999910748,25,50,10
18,202,3.237389695187829e-36,0.39997882552533803,2.117448343759645e-05,0.5999999999912243,25,50,10
18,203,1.2278056495987805e-42,0.3999999930364327,6.972331593378953e-09,0.5999999999912357,25,50,10
18,204,2.2723593886950923e-37,0.39999999291725913,9.853769512797772e-09,0.5999999972289713,25,50,10
18,205,2.2723593888871267e-37,0.399389909027468,0.0006100916843208857,0.5999999992882111,25,50,10
18,206,1.5007637613713893e-41,0.3999999998963987,6.507241707855803e-10,0.5999999994528772,25,50,10
18,207,3.2389441564692466e-36,0.3999999998287405,1.166648551908181e-09,0.5999999990046109,25,50,10
18,208,3.238107677192876e-36,0.3999999998288273,2.0753073070480335e-10,0.599999999963642,25,50,10
18,209,3.23910434595876e-36,0.3999999772021077,2.2834203729563864e-08,0.5999999999636887,25,50,10
18,210,3.918277759607659e-36,0.3999999770320099,1.0751024404079301e-07,0.599999915457746,25,50,10
18,211,1.776514831158308e-41,0.3999999965930824,3.487114240939203e-09,0.5999999999198034,25,50,10
18,212,1.7489561617543802e-41,0.3999999996547298,3.895781477927209e-10,0.5999999999556921,25,50,10
18,213,5.664506074507408e-45,0.39999999965675315,3.432801052077503e-10,0.5999999999999668,25,50,10
18,214,4.1956307777144135e-39,0.39999999275638115,8.700791667719374e-09,0.5999999985428272,25,50,10
18,215,4.546795249040139e-37,0.39999986424231004,1.362618938072523e-07,0.5999999994957963,25,50,10
18,216,2.274446736699559e-37,0.3999999999116163,1.0093284941634911e-10,0.5999999999874508,25,50,10
18,217,2.2723562756510442e-37,0.3999999999948183,5.649846388952609e-12,0.5999999999995318,25,50,10
18,218,2.272356324228326e-37,0.39999999999774744,1.1040955623747049e-11,0.5999999999912117,25,50,10
18,219,2.2723589412197596e-37,0.3999999999977618,1.1451235698258697e-11,0.599999999990787,25,50,10
18,220,2.272374285614176e-37,0.3999891336960406,1.0866316431606543e-05,0.5999999999875278,25,50,10
18,221,2.2723594875887205e-37,0.3999891336961414,1.0866328857773941e-05,0.5999999999750008,25,50,10
18,222,3.0761653597163044e-43,0.39998913374203754,1.0866282582774479e-05,0.5999999999753797,25,50,10
18,223,2.2723589470595476e-37,0.3999999999938351,6.5416173537133905e-12,0.5999999999996233,25,50,10
18,224,1.755463264407589e-41,0.3999994376433228,5.623571382567904e-07,0.5999999999995389,25,50,10
18,225,3.244943401298102e-44,0.3999999999960469,5.3634083188446376e-12,0.5999999999985898,25,50,10
18,226,2.691273179670377e-44,0.3999999997138548,2.8615595617490356e-10,0.5999999999999893,25,50,10
18,227,2.7387555715831163e-43,0.3999891338654889,1.0866214631349e-05,0.5999999999198797,25,50,10
18,228,5.442865572046093e-45,0.399999999996753,3.73314750713374e-12,0.5999999999995138,25,50,10
18,229,1.7070247520429432e-45,0.3999999998759934,1.2417557237535133e-10,0.599999999999831,25,50,10
18,230,4.812045010469738e-45,0.3999999974954769,2.5045379223415448e-09,0.5999999999999851,25,50,10
18,231,2.173473643032857e-44,0.39999999987807966,1.5609198895663248e-10,0.5999999999658283,25,50,10
18,232,7.0166014577617e-41,0.39997882570739074,2.1174366454629392e-05,0.5999999999261545,25,50,10
18,233,7.016743435090959e-41,0.3999788188077406,2.1181205829037753e-05,0.5999999999864304,25,50,10
18,234,6.997291389756676e-41,0.39997882571098564,2.1174289669849716e-05,0.5999999999993445,25,50,10
18,235,6.993543940634891e-41,0.39997882558549647,2.117442344555339e-05,0.5999999999910579,25,50,10
18,236,1.748562770661882e-41,0.3999999869168468,1.3083341546901627e-08,0.5999999999998117,25,50,10
18,237,3.9865895670644807e-39,0.3999999903010446,1.1147074631547475e-08,0.5999999985518807,25,50,10
18,238,3.9866003917665595e-39,0.3999999901211028,9.879061932937887e-09,0.5999999999998351,25,50,10
18,239,3.9868526463831684e-39,0.3999999833972893,1.6603464475308117e-08,0.5999999999992461,25,50,10
18,240,2.6314134640120785e-43,0.39999999999380637,7.119636434210464e-12,0.599999999999074,25,50,10
18,241,1.0852785810000334e-44,0.3999999997077153,3.0480660658000904e-10,0.5999999999874781,25,50,10
18,242,6.082344561763166e-46,0.39999999981860446,1.629184258662358e-09,0.5999999985522111,25,50,10
18,243,8.361681752532763e-40,0.3999999999983026,2.9947972525517414e-08,0.5999999700537247,25,50,10
18,244,5.0317990766229566e-39,0.39999999982555734,2.2570654569564667e-10,0.5999999999487361,25,50,10
18,245,3.9865899635417485e-39,0.3999999999985176,5.016726103028497e-10,0.5999999994998098,25,50,10
18,246,3.986590354036059e-39,0.3999999999941542,6.928749013576201e-12,0.599999999998917,25,50,10
18,247,2.805485808803545e-44,0.3999998092524396,1.921960152822726e-07,0.5999999985515452,25,50,10
18,248,8.741170298919441e-41,0.39999226357857126,7.737135408623175e-06,0.5999999992860201,25,50,10
18,249,1.7485524267959143e-41,0.3999999999316908,6.942054811192693e-11,0.5999999999988886,25,50,10
18,250,2.311797318042705e-37,0.3999925114863214,7.488539552992541e-06,0.5999999999741257,25,50,10
18,251,5.79154702381207e-45,0.3999999999361663,1.0123288976040378e-10,0.5999999999626007,25,50,10
18,252,5.0160314211394155e-45,0.3999999998748145,1.5047181690041323e-10,0.5999999999747136,25,50,10
18,253,4.5382926668783407e-45,0.399999999993998,4.4715523579992093e-11,0.5999999999612866,25,50,10
18,254,4.6426031147513954e-45,0.3999999999970023,1.5681865623824878e-11,0.599999999987316,25,50,10
18,255,1.9024321623368408e-41,0.3999999963724232,3.640327143821608e-09,0.5999999999872495,25,50,10
18,256,1.7560587662430366e-41,0.3999999997673083,2.584069498923774e-10,0.5999999999742848,25,50,10
18,257,7.801302447248208e-46,0.3999999998797342,1.334397767635959e-10,0.599999999986826,25,50,10
18,258,2.1916049096178872e-44,0.39999999993823393,6.199023368251751e-11,0.5999999999997759,25,50,10
18,259,2.3230629888226335e-44,0.39999999523742097,4.764023326564827e-09,0.5999999999985557,25,50,10
18,260,1.2500617621740112e-42,0.3999999974554013,2.5456893848076923e-09,0.5999999999989093,25,50,10
18,261,8.821846219524197e-44,0.39999999987452894,8.284056643464177e-10,0.5999999992970655,25,50,10
18,262,6.079628378091504e-38,0.3999995421495868,4.578599671956098e-07,0.599999999990446,25,50,10
18,263,3.1591084072699343e-43,0.39999980931018003,1.9069875649515314e-07,0.5999999999910632,25,50,10
18,264,3.722574087321164e-43,0.39999980925535294,1.9124418943436838e-07,0.5999999995004576,25,50,10
18,265,3.2240914362551214e-41,0.39999986406802973,1.359697054644993e-07,0.5999999999622648,25,50,10
18,266,1.474472888409136e-41,0.39999986073731086,1.3927562417047988e-07,0.5999999999870649,25,50,10
18,267,7.117515605365302e-44,0.3999998059668198,1.9403365429112829e-07,0.5999999999995258,25,50,10
18,268,1.491094649146427e-42,0.39999980591040574,1.9410039774042332e-07,0.5999999999891965,25,50,10
18,269,8.361638914272644e-40,0.39999999999797653,3.120007872664973e-12,0.5999999999989035,25,50,10
18,270,4.7390756532328333e-45,0.3999999999948801,6.407374972845741e-12,0.5999999999987127,25,50,10
18,271,1.2952430029927077e-35,0.3999999966813772,3.319476741219508e-09,0.5999999999991461,25,50,10
18,272,1.7490428908174214e-41,0.39999999029600714,9.704382135269664e-09,0.5999999999996108,25,50,10
18,273,1.0602618275669861e-44,0.399999999955631,8.153087486311882e-11,0.5999999999628383,25,50,10
18,274,2.0904567583187297e-40,0.39999999995847607,6.639461932329673e-11,0.5999999999751293,25,50,10
18,275,7.684258497766694e-46,0.3999999999529376,4.729377405595527e-11,0.5999999999997686,25,50,10
18,276,8.660470229534366e-46,0.39999999991218493,8.847410419528683e-11,0.5999999999993411,25,50,10
18,277,3.1236263358105275e-45,0.39999999979606926,2.8703352663997404e-08,0.5999999715005782,25,50,10
18,278,7.165318638148872e-45,0.39999980914038397,1.9159714051149193e-07,0.5999999992624755,25,50,10
18,279,1.5354639426130116e-42,0.39999998354698385,1.6453604806416324e-08,0.5999999999994113,25,50,10
18,280,1.5901843607669665e-41,0.3995637426211194,0.000436257387668271,0.5999999999912123,25,50,10
18,281,9.549780134203354e-46,0.39999999993915486,1.1597901806820528e-07,0.5999998840818271,25,50,10
18,282,9.978972468299824e-40,0.399999999995525,1.6788076819250802e-11,0.5999999999876868,25,50,10
18,283,4.3346108281228134e-44,0.39999998530890063,1.4691116683023999e-08,0.5999999999999827,25,50,10
18,284,1.7476728149329895e-41,0.3999788257073391,2.117429267553313e-05,0.5999999999999853,25,50,10
18,285,3.5020645742300386e-43,0.3999999999978806,2.133776598717803e-12,0.5999999999999857,25,50,10
18,286,5.680892859311422e-38,0.399999999878767,2.1548955028174643e-09,0.5999999979663375,25,50,10
18,287,4.208244744274116e-32,0.3999999997776202,2.3114667296610491e-10,0.5999999999912332,25,50,10
18,288,4.2082447426489277e-32,0.39999999749437615,2.506487972890961e-09,0.599999999999136,25,50,10
18,289,1.672345201812706e-39,0.39999999962661065,7.834241999662725e-08,0.5999999220309694,25,50,10
18,290,6.443920686414526e-44,0.399999860728192,1.4121480615445042e-07,0.5999999980570019,25,50,10
18,291,1.5338680665951607e-42,0.3999999802651202,2.3699295428997214e-08,0.5999999960355844,25,50,10
18,292,5.225117094676478e-42,0.39999998020823946,2.182687582719287e-08,0.5999999979648846,25,50,10
18,293,3.996757921007794e-42,0.3999999975138172,1.6253874558451117e-06,0.5999983770987269,25,50,10
18,294,3.341149957053251e-43,0.39999999751383347,4.51986240770392e-09,0.5999999979663041,25,50,10
18,295,5.682670439138315e-38,0.39999998996708697,1.2092008340714507e-08,0.5999999979409046,25,50,10
18,296,5.680891130781305e-38,0.39999999988551665,1.1453342824104027e-10,0.59999999999995,25,50,10
18,297,5.680891130820323e-38,0.3999999998855299,1.1447834911979639e-10,0.5999999999999918,25,50,10
18,298,5.680891131593598e-38,0.39999999001656955,9.983459026533274e-09,0.5999999999999716,25,50,10
18,299,5.680916875347645e-38,0.39999999001586983,9.985421267910891e-09,0.599999999998709,25,50,10
18,300,1.491077673339065e-42,0.399999606260293,3.944437243725961e-07,0.5999999992959826,25,50,10
18,301,1.4898679033872257e-42,0.39999960416985,3.965331316930016e-07,0.5999999992970184,25,50,10
18,302,1.23248943276774e-42,0.3999996041706233,3.9583021386030674e-07,0.5999999999991628,25,50,10
18,303,1.3990736877120554e-40,0.39999226355838075,7.736442086943655e-06,0.5999999999995322,25,50,10
18,304,5.5857021250537594e-45,0.3999999999952142,7.072192943025256e-10,0.5999999992975664,25,50,10
18,305,2.449138688345602e-42,0.39957811810126737,0.0004218818992763284,0.5999999999994564,25,50,10
18,306,7.925363603015372e-45,0.3999999875418465,1.2482397536754334e-08,0.599999999975756,25,50,10
18,307,1.2380992591482389e-42,0.3999999975589878,2.465210519495618e-09,0.5999999999758018,25,50,10
18,308,3.216984038691525e-43,0.399999997615339,4.706659881771275e-06,0.5999952957247793,25,50,10
18,309,8.460979608670017e-41,0.3999999976141265,2.398229648130072e-09,0.5999999999876438,25,50,10
18,310,6.99402793398081e-41,0.39999999656889446,3.4678491890927815e-09,0.5999999999632564,25,50,10
18,311,9.245024744982064e-40,0.39999999664944097,1.5927559862808462e-07,0.5999998440749603,25,50,10
18,312,3.9865948511554454e-39,0.39999999999553454,5.113035320568678e-12,0.5999999999993526,25,50,10
18,313,6.99446976872122e-41,0.3999999999375875,9.87602093625518e-11,0.5999999999636524,25,50,10
18,314,3.986589960524205e-39,0.3999999999552827,1.412989167331954e-09,0.5999999986317281,25,50,10
18,315,3.9865899673036766e-39,0.39999999991553387,8.462328862164852e-11,0.599999999999843,25,50,10
18,316,6.831595444563004e-37,0.39999999977441597,2.8698685915590848e-08,0.5999999715268981,25,50,10
18,317,2.7374094183744786e-44,0.3999999965282055,4.919964498597857e-09,0.59999999855183,25,50,10
18,318,3.128758760658778e-43,0.3999999999938621,1.95505000732148e-09,0.5999999980510878,25,50,10
18,319,5.698836677809641e-43,0.39999999664984914,4.0519857111096685e-09,0.599999999298165,25,50,10
18,320,1.0006039415785154e-39,0.39999999998949076,7.48658211000806e-10,0.5999999992618511,25,50,10
18,321,7.119261046350055e-41,0.39999962129741634,3.794048860494642e-07,0.5999999992976978,25,50,10
18,322,7.119372499427354e-41,0.3999994373403803,5.626723786617765e-07,0.599999999987241,25,50,10
18,323,6.996107083820103e-41,0.39999943734314947,5.641400904754243e-07,0.5999999985167601,25,50,10
18,324,8.361887098753274e-40,0.3999999996971132,3.6247391709927315e-10,0.5999999999404129,25,50,10
18,325,8.362113521057597e-40,0.3999999999972964,3.690594910585529e-11,0.5999999999657976,25,50,10
18,326,4.849776128410077e-38,0.3999999998843873,6.597511844383429e-10,0.5999999994558615,25,50,10
18,327,3.0704471894084686e-43,0.3999999999167392,8.365442376068143e-11,0.5999999999996064,25,50,10
18,328,1.150552857187026e-46,0.399999999916321,5.960054510401783e-10,0.5999999994876736,25,50,10
18,329,1.9018827295699698e-41,0.3999995998601932,4.001570802225059e-07,0.5999999999827266,25,50,10
18,330,1.8716665221427669e-41,0.3999996009039554,4.0008694760032906e-07,0.599999999009097,25,50,10
18,331,8.367484556920176e-40,0.3993899113499619,0.000610090123238277,0.5999999985267999,25,50,10
18,332,1.5554388195869286e-42,0.39999999976693396,2.330837779951852e-10,0.5999999999999823,25,50,10
18,333,2.1027263990339962e-40,0.3999999999383385,8.338686135548693e-11,0.5999999999782746,25,50,10
18,334,5.70179519702786e-38,0.3999998641888169,1.3581182363317967e-07,0.5999999999993595,25,50,10
18,335,5.681014373065229e-38,0.3999999965851274,3.4148945775317283e-09,0.599999999999978,25,50,10
18,336,6.994076670741078e-41,0.39999999761725386,3.1205369235680076e-09,0.5999999992622093,25,50,10
18,337,2.1629488315178312e-44,0.3999999976183344,3.0835070567149572e-09,0.5999999992981587,25,50,10
18,338,1.749210515446501e-41,0.39999999993881247,7.634569491687544e-10,0.5999999992977307,25,50,10
18,339,1.666443170194796e-45,0.3999999999412195,7.606069550760081e-10,0.5999999992981735,25,50,10
18,340,2.631988553082304e-43,0.3999999999382162,6.272950499802194e-11,0.5999999999990543,25,50,10
18,341,1.2539523866768635e-42,0.39999999995805163,4.220083858087621e-11,0.5999999999997476,25,50,10
18,342,3.2942552422412993e-43,0.3999999999571726,6.862556704089057e-11,0.599999999974202,25,50,10
18,343,3.926600473582194e-43,0.3999999999153524,1.1924765206757434e-10,0.5999999999653999,25,50,10
18,344,6.492263190470856e-44,0.3999998641650475,1.3657022841327308e-07,0.599999999264724,25,50,10
18,345,6.290166485251877e-43,0.39999947071864655,5.299811838093183e-07,0.5999999993001697,25,50,10
18,346,3.0693533685788283e-43,0.39999947076048087,5.299412215779744e-07,0.5999999992982975,25,50,10
18,347,1.291720558309303e-42,0.3999999999984698,7.032363030113182e-10,0.599999999298294,25,50,10
18,348,1.896420236425113e-46,0.39998913369315003,1.0866307187732126e-05,0.5999999999996621,25,50,10
18,349,9.96649182319463e-40,0.3999998639523429,3.3547071361077272e-06,0.599996781340521,25,50,10
18,350,1.4844916297692097e-42,0.3999999999152479,9.353786012912076e-11,0.5999999999912142,25,50,10
18,351,2.2636824854792488e-41,0.39999999745332787,3.102914904716375e-08,0.599999971517523,25,50,10
18,352,3.992890789086264e-41,0.39999999745034415,3.1558578882033556e-08,0.5999999709910768,25,50,10
18,353,1.193280223966873e-38,0.39999999059247954,3.991513338163912e-08,0.5999999694923871,25,50,10
18,354,9.806528349765689e-45,0.39999999983499734,1.6670011104008698e-10,0.5999999999983026,25,50,10
18,355,8.36274736950246e-40,0.39999999995021257,2.0928947351955297e-09,0.5999999979568927,25,50,10
18,356,8.364200157353503e-40,0.39999944729974,5.52712814804302e-07,0.5999999999874452,25,50,10
18,357,8.508536999479896e-40,0.3999999942282202,6.474248857837669e-09,0.5999999992975309,25,50,10
18,358,1.4982399374810987e-41,0.3999999998287251,1.3615708176723241e-09,0.5999999988097041,25,50,10
18,359,8.463412521098653e-41,0.39999999989870255,7.922226830370023e-10,0.5999999993090748,25,50,10
18,360,1.4681278829212056e-41,0.3999999974940773,4.644499780537306e-09,0.599999997861423,25,50,10
18,361,1.4936784507649674e-41,0.39999999999889774,1.4494204935791167e-09,0.5999999985516817,25,50,10
18,362,3.986599073203526e-39,0.39999999991846313,8.223351225450653e-11,0.5999999999993034,25,50,10
18,363,4.822766315716201e-39,0.3999999999185166,3.163277772861073e-06,0.5999968368037106,25,50,10
18,364,1.4981430766905012e-41,0.3999999998163555,3.1652121955713043e-06,0.599996834971449,25,50,10
18,365,3.2912387669079564e-43,0.3999999999369711,3.163224142948885e-06,0.599996836838886,25,50,10
18,366,1.2490046964131962e-42,0.399999999994774,3.1632011762390175e-06,0.5999968368040498,25,50,10
18,367,1.5918070909235817e-41,0.39999999999409014,5.334825148016417e-10,0.5999999994724273,25,50,10
18,368,3.153256753442079e-44,0.39999999999634656,3.9564521858123574e-11,0.599999999964089,25,50,10
18,369,2.614778945785941e-44,0.3999999999967517,3.477637896152837e-12,0.5999999999997707,25,50,10
18,370,1.497648645401411e-41,0.3999998093088296,1.906913421435403e-07,0.5999999999998282,25,50,10
18,371,2.0929813245805177e-40,0.3999999999967278,4.139006093846425e-08,0.5999999586132114,25,50,10
18,372,3.0731610258393618e-43,0.39999999999877334,7.001402437208688e-10,0.5999999993010864,25,50,10
18,373,3.288363980179319e-43,0.3999999997690446,2.3132367476729023e-10,0.5999999999996317,25,50,10
18,374,3.117702041646809e-43,0.39999999982734624,1.7290527139365194e-10,0.5999999999997485,25,50,10
18,375,2.699395032127639e-44,0.3999998091516735,1.9084896333118786e-07,0.5999999999993633,25,50,10
18,376,6.994178876432758e-41,0.3999999966494611,3.362450807194994e-09,0.5999999999880881,25,50,10
18,377,1.7485247218621891e-41,0.39999999320222634,6.833456577441179e-09,0.5999999999643171,25,50,10
18,378,5.681019833825904e-38,0.39999999993539403,1.0074180807086966e-10,0.5999999999638641,25,50,10
18,379,1.2927991079019646e-42,0.399999999938239,1.335780923961668e-10,0.599999999928183,25,50,10
18,380,1.3371573825576125e-45,0.3999999999958998,4.037811541425523e-11,0.599999999963722,25,50,10
18,381,5.0038092875197434e-45,0.3999994472181867,5.527822731041457e-07,0.5999999999995401,25,50,10
18,382,2.5860290861237455e-43,0.3999999998238764,1.7681487525143154e-10,0.5999999999993086,25,50,10
18,383,3.295862361417255e-43,0.3999999974445223,2.5556645986270796e-09,0.5999999999998131,25,50,10
18,384,1.045226439355874e-39,0.39999999301370937,7.481383953818651e-09,0.5999999995049068,25,50,10
18,385,8.549620827500753e-40,0.3999999953929895,5.102396080786e-09,0.5999999995046142,25,50,10
18,386,2.2661742557313458e-40,0.3999999953511897,5.363317616857432e-09,0.5999999992854927,25,50,10
18,387,1.223183571295648e-39,0.3999999999499036,7.522975060766341e-10,0.599999999297799,25,50,10
18,388,1.014137984184171e-39,0.3999999975302111,2.4822687714340554e-09,0.5999999999875202,25,50,10
18,389,3.238063295143783e-36,0.3999994472548903,5.527663410693467e-07,0.5999999999787687,25,50,10
18,390,3.2380632308907644e-36,0.39999943759842305,5.624106550737218e-07,0.5999999999909219,25,50,10
18,391,1.0517954726903507e-32,0.3999770135139633,2.298701863406801e-05,0.5999999994674026,25,50,10
18,392,7.019772983009365e-41,0.39999998989549923,1.0137423344330587e-08,0.5999999999670774,25,50,10
18,393,1.0460951704713774e-39,0.39999999275464093,7.246800986745799e-09,0.5999999999985581,25,50,10
18,394,7.119424935310209e-41,0.39999999289165417,7.1087998935604304e-09,0.599999999999546,25,50,10
18,395,7.149594285946011e-41,0.3999999905507919,9.44923146057619e-09,0.5999999999999768,25,50,10
18,396,2.199333221141678e-44,0.399999735397448,2.6461132888278656e-07,0.5999999999912231,25,50,10
18,397,3.986654313969966e-39,0.39999999995807206,7.527937251569403e-10,0.5999999992891342,25,50,10
18,398,3.9868910530726827e-39,0.399999999868439,1.5351564148261676e-10,0.5999999999780454,25,50,10
18,399,4.1973644547868256e-39,0.3999999996072727,1.6232944383942345e-06,0.599998377098289,25,50,10
18,400,2.5802371717311683e-43,0.39999999755760435,2.444408934358044e-09,0.5999999999979867,25,50,10
18,401,1.2972197721094887e-42,0.39999999999308355,4.604633368883807e-11,0.5999999999608702,25,50,10
18,402,7.029736525279895e-44,0.399989133709277,1.0866291997435441e-05,0.5999999999987256,25,50,10
18,403,1.632322871458301e-45,0.39998913371224254,1.0866313605779299e-05,0.5999999999741518,25,50,10
18,404,2.1804454332556325e-44,0.3999999999570973,5.801544342512769e-10,0.5999999994627483,25,50,10
18,405,1.9686307956363146e-46,0.3999999999570453,5.548076358758908e-10,0.599999999488147,25,50,10
18,406,2.173163453248938e-44,0.3999997353996818,2.650998597576715e-07,0.5999999995004586,25,50,10
18,407,2.25342084720614e-46,0.39999999648235623,4.025792547752241e-09,0.5999999994918511,25,50,10
18,408,1.2964282696728354e-35,0.3999998091421956,6.7976091805306515e-06,0.599993393248624,25,50,10
18,409,6.782363848480674e-43,0.3999998640763573,1.359366186565602e-07,0.599999999987024,25,50,10
18,410,3.7608620697816684e-43,0.3999999965937298,5.452265245132313e-09,0.5999999979540049,25,50,10
18,411,1.571719315249765e-42,0.3999999973895035,2.623463567742591e-09,0.5999999999870329,25,50,10
18,412,8.364747938840248e-40,0.3999999997680799,2.449041699401613e-10,0.5999999999870159,25,50,10
18,413,1.5440703259175272e-42,0.3999999998143209,1.861470864555087e-10,0.599999999999532,25,50,10
18,414,3.175154352883096e-43,0.3999999999563418,1.6229455194410198e-06,0.5999983770981389,25,50,10
18,415,6.240093167709648e-43,0.39999999001181974,1.6329258675239794e-06,0.5999983770623127,25,50,10
18,416,6.995062574516439e-41,0.39999999659588353,3.4497171860885913e-09,0.5999999999543992,25,50,10
18,417,8.374645309559712e-40,0.3999999971570387,4.3820498311290224e-08,0.599999959022463,25,50,10
18,418,2.4649063414792423e-42,0.3999999972781141,2.7219085761752575e-09,0.5999999999999774,25,50,10
18,419,1.2436299855794692e-42,0.3999999928030737,7.19737094413202e-09,0.5999999999995552,25,50,10
18,420,5.935132993653356e-45,0.39999999535086495,4.649586035511462e-09,0.5999999999995489,25,50,10
18,421,3.672964002738033e-42,0.39999999993522123,6.52369645690223e-11,0.5999999999995418,25,50,10
18,422,3.672948799694933e-42,0.3999999999958792,4.568367872769278e-12,0.5999999999995524,25,50,10
18,423,1.012373954936069e-44,0.3999999999968968,5.233351817612715e-12,0.5999999999978699,25,50,10
18,424,2.6611735928074207e-44,0.399999999955194,8.256947284475147e-08,0.5999999174753333,25,50,10
18,425,2.2370977471621015e-40,0.39999999303351513,1.233838314068726e-07,0.5999998835826534,25,50,10
18,426,1.467074838346856e-41,0.39999999309319856,6.90705493347079e-09,0.5999999999997465,25,50,10
18,427,1.4976850087326055e-41,0.3999999999937353,4.2410204035072316e-11,0.5999999999638546,25,50,10
18,428,5.349564476505956e-46,0.3999999999530901,4.757988481155436e-11,0.5999999999993301,25,50,10
18,429,4.85143628768288e-46,0.39999999987080465,1.4241985548925992e-10,0.5999999999867756,25,50,10
18,430,9.337207381068782e-46,0.39999999995158575,9.33136376091419e-11,0.5999999999551007,25,50,10
18,431,2.578366587703145e-43,0.3999997926713196,2.0733789763310802e-07,0.5999999999907828,25,50,10
18,432,4.590481408530935e-46,0.3999999999977151,1.152599292708776e-11,0.5999999999907589,25,50,10
18,433,1.16194470475763e-44,0.3999999933092202,6.699573799160069e-09,0.5999999999912059,25,50,10
18,434,1.232448824750799e-42,0.3999999934354307,6.577535334166131e-09,0.5999999999870339,25,50,10
18,435,6.44413824783838e-44,0.39999999309329626,6.906892263677029e-09,0.5999999999998115,25,50,10
18,436,9.468074726675071e-47,0.3999999930942692,6.906529275168937e-09,0.5999999999992015,25,50,10
18,437,2.574579029202846e-43,0.3999999999968662,8.252736341370275e-08,0.5999999174757703,25,50,10
18,438,5.840698506936e-45,0.3999999998257893,1.7507612855766505e-10,0.5999999999991346,25,50,10
18,439,7.941146458685511e-47,0.39999999665449365,3.3661781274462625e-09,0.5999999999793282,25,50,10
18,440,9.51986020668934e-47,0.3999999999969125,3.087909476379048e-12,0.5999999999999996,25,50,10
18,441,4.766128449701827e-38,0.39999999999996005,9.455207634877274e-12,0.5999999999905848,25,50,10
18,442,5.6865637948943256e-43,0.39999998845306467,1.1555857928609025e-08,0.5999999999910774,25,50,10
18,443,1.8118490784655e-41,0.3999999953545813,4.662950198512962e-09,0.5999999999824684,25,50,10
18,444,5.691036602366721e-43,0.39999999531245095,4.696736769606535e-09,0.5999999999908123,25,50,10
18,445,2.574588703933518e-43,0.3999999999992281,7.112130481082358e-10,0.599999999289559,25,50,10
18,446,1.2324050739243492e-42,0.39999999987670515,8.508096949183069e-10,0.5999999992724852,25,50,10
18,447,3.737568132970517e-42,0.39999999987668267,1.2356084084256773e-10,0.5999999999997566,25,50,10
18,448,8.3998564315001e-40,0.39999999987667445,1.5715000232432593e-09,0.5999999985518256,25,50,10
18,449,4.420545494078771e-43,0.3999999966505905,4.810748128816881e-09,0.5999999985386615,25,50,10
18,450,1.5619268828632428e-42,0.39999999966517324,3.477783544344005e-10,0.5999999999870486,25,50,10
18,451,1.7895590210751094e-45,0.39999999970865124,2.9198681057152157e-10,0.5999999999993619,25,50,10
18,452,2.84011409267004e-44,0.399999993095249,6.904769535861814e-09,0.5999999999999815,25,50,10
18,453,5.390461862558708e-45,0.3999999932667058,6.7333051740932735e-09,0.599999999999989,25,50,10
18,454,3.672766619455876e-42,0.3999999998180302,1.824237693942445e-10,0.599999999999546,25,50,10
18,455,1.3174899463428682e-42,0.3999999999956592,5.19387899634525e-12,0.5999999999991469,25,50,10
18,456,1.1934089424919846e-38,0.39998911765123873,1.0882349804187188e-05,0.5999999999989571,25,50,10
18,457,4.0187397702002807e-39,0.39998858120783887,1.1419766455387326e-05,0.5999999990257058,25,50,10
18,458,6.458632557378642e-46,0.3999999999369387,6.328861898380748e-11,0.5999999999997727,25,50,10
18,459,2.605783436412256e-44,0.39999999660771435,3.392754335006197e-09,0.5999999999995314,25,50,10
18,460,1.7528198026821563e-41,0.3999999866226821,1.3389639750452606e-08,0.5999999999876782,25,50,10
18,461,3.2381145779114036e-36,0.3999998591124564,1.4088776801570075e-07,0.5999999999997756,25,50,10
18,462,6.244765324025252e-45,0.39998893344669656,1.1066554346047546e-05,0.5999999999989574,25,50,10
18,463,6.13512389220491e-43,0.3999999999382809,6.217241085850559e-11,0.5999999999995466,25,50,10
18,464,4.83006369340129e-43,0.39999980931441587,1.9276138313941154e-07,0.5999999979242011,25,50,10
18,465,4.124710846696185e-43,0.3999999966517217,3.4120513969474062e-09,0.599999999936227,25,50,10
18,466,6.791736516624983e-37,0.39999999659714675,4.912528292483792e-09,0.599999998490325,25,50,10
18,467,1.4675097312508816e-41,0.3999999965953378,4.87822354999727e-09,0.5999999985264387,25,50,10
18,468,1.90601706804539e-46,0.39999999642594486,3.204715748018092e-08,0.5999999715268977,25,50,10
18,469,8.374542169782434e-40,0.39999999648133366,3.5186825101184584e-09,0.5999999999999838,25,50,10
18,470,1.4851361344192397e-42,0.39999999982978324,1.9130709558720271e-10,0.5999999999789096,25,50,10
18,471,7.0204603373174e-41,0.39938990245779465,0.0006100975516250763,0.5999999999905803,25,50,10
18,472,6.995129354909547e-41,0.3999891249662115,1.0875771319591222e-05,0.599999999262469,25,50,10
18,473,6.31575751015996e-45,0.39998913374734557,1.0866278219883386e-05,0.5999999999744347,25,50,10
18,474,9.966487931697956e-40,0.399989126673615,1.0873352230917064e-05,0.5999999999741541,25,50,10
18,475,9.966529358015547e-40,0.3999891265465786,1.0873471113328767e-05,0.5999999999823081,25,50,10
18,476,5.071547028611632e-45,0.3999999998778494,1.3940005618684848e-10,0.5999999999827506,25,50,10
18,477,1.7486274948507041e-41,0.39999999749511056,2.504925193448157e-09,0.5999999999999642,25,50,10
18,478,2.2776158188903405e-44,0.3999999999132398,8.261050930343422e-08,0.5999999174762509,25,50,10
18,479,1.528698434768227e-42,0.39999999990916374,2.9055791975591484e-08,0.5999999710350444,25,50,10
18,480,2.8558542756755807e-43,0.3999999999167588,2.6088884160311453e-09,0.5999999974743528,25,50,10
18,481,3.531319342608989e-43,0.39999999991568097,1.2778386779559913e-09,0.5999999988064804,25,50,10
18,482,2.701977202546528e-44,0.39999947071681163,5.293090420789135e-07,0.5999999999741462,25,50,10
18,483,3.6923264777290115e-44,0.3999999998556978,5.5678960756571786e-08,0.5999999444653414,25,50,10
18,484,1.1904977957151577e-44,0.39999999029552014,9.75355052828254e-09,0.5999999999509293,25,50,10
18,485,1.1413069943480154e-44,0.3999999998754088,1.3819285088459795e-10,0.5999999999863985,25,50,10
18,486,9.966857110676961e-40,0.39999986190203246,1.40146021104314e-07,0.5999999979519464,25,50,10
18,487,3.175896307602484e-43,0.3999998619408817,1.778721896448208e-07,0.5999999601869286,25,50,10
18,488,2.6524171453668496e-44,0.3999998639059726,1.3610344376091117e-07,0.5999999999905836,25,50,10
18,489,2.1727541136297988e-44,0.39999999982879453,1.160982843582606e-07,0.5999998840729213,25,50,10
18,490,2.1746786102251926e-44,0.3999999998268053,1.1610441298141588e-07,0.5999998840687818,25,50,10
18,491,4.93890756692024e-44,0.39999980897495246,1.9103760791462255e-07,0.5999999999874397,25,50,10
18,492,1.3136492639860681e-42,0.39999999659591196,4.771781717613078e-09,0.5999999986323064,25,50,10
18,493,1.2712065664888848e-42,0.39999998969327977,1.0307379681188996e-08,0.5999999999993406,25,50,10
18,494,5.680949901710136e-38,0.3999999999371993,8.743967933970174e-11,0.5999999999753611,25,50,10
18,495,3.0016923965256714e-44,0.39999999999806507,2.595537069900174e-12,0.5999999999993395,25,50,10
18,496,1.7495794367161182e-41,0.399999999995312,4.7338345118081894e-12,0.5999999999999542,25,50,10
18,497,3.6825780094648624e-42,0.39999998615033194,1.3849899538774048e-08,0.5999999999997686,25,50,10
18,498,1.2270307230196161e-42,0.39999998619466176,1.381767125615743e-08,0.5999999999876671,25,50,10
18,499,1.624516378641835e-41,0.39999998607727444,1.3953088820032162e-08,0.5999999999696367,25,50,10
18,500,1.5536479151539484e-42,0.39999999285298027,7.165047063921901e-09,0.5999999999819727,25,50,10
18,501,2.794361507824455e-43,0.3999999997065313,2.9364875819046147e-10,0.5999999999998198,25,50,10
18,502,1.0665882297646195e-39,0.3999999998362715,1.6389339696173026e-10,0.5999999999998351,25,50,10
18,503,1.2069197856470041e-39,0.3999999997561756,2.6955024794239654e-10,0.5999999999742741,25,50,10
18,504,5.019444546587527e-39,0.399999993352565,6.673142545436551e-09,0.5999999999742925,25,50,10
18,505,4.984470042466897e-39,0.399999999933653,1.6234926755781464e-06,0.5999983765736715,25,50,10
18,506,3.986903482934252e-39,0.3999999995355426,1.6233918327732047e-06,0.5999983770726246,25,50,10
18,507,3.9902842516807646e-39,0.3999999995905296,4.720579036123422e-10,0.5999999999374125,25,50,10
18,508,3.710556507809506e-42,0.3999999997117298,3.3120888584143405e-10,0.5999999999570614,25,50,10
18,509,2.1173972987639396e-41,0.3999998091993833,1.9081858738641253e-07,0.5999999999820291,25,50,10
18,510,5.617531725385425e-41,0.3999996248650104,3.751439778796081e-07,0.5999999999910117,25,50,10
18,511,2.1157559041901028e-41,0.3999999964811799,3.5974289528310477e-09,0.5999999999213912,25,50,10
18,512,3.6725290331657146e-42,0.39999999977034,2.9828730649412305e-10,0.5999999999313728,25,50,10
18,513,8.447986631406872e-40,0.39999986407743626,1.3665072343829127e-07,0.5999999992718403,25,50,10
18,514,5.765240412438383e-38,0.3999999996272336,3.7383244508032505e-10,0.5999999999989339,25,50,10
18,515,3.8975452825945256e-42,0.38158149667668506,0.01841853180978004,0.599999971513535,25,50,10
18,516,8.38070614086185e-40,0.3815811030490421,0.01841889793725158,0.5999999990137063,25,50,10
18,517,1.83358811657313e-39,0.39999999676205816,3.2685011530851315e-08,0.5999999705529304,25,50,10
18,518,5.795647284973102e-43,0.3999999999981516,6.204099154878905e-11,0.5999999999398075,25,50,10
18,519,3.2370016409352383e-43,0.3999999999541702,7.003725878745616e-11,0.5999999999757926,25,50,10
18,520,3.71608388682174e-43,0.3999999999570418,5.1945111611600175e-11,0.5999999999910132,25,50,10
18,521,1.0274497274513337e-46,0.3999999998773791,1.556006826424572e-10,0.5999999999670202,25,50,10
18,522,1.8267755861498975e-46,0.3999996063893644,3.9364403026569897e-07,0.5999999999666054,25,50,10
18,523,4.726289587213618e-46,0.3999999999567842,1.1290412210440471e-10,0.5999999999303117,25,50,10
18,524,1.2952429989756108e-35,0.3999999965673345,3.46588590987837e-09,0.5999999999667796,25,50,10
18,525,3.9880890822875994e-39,0.39999944733722825,5.526722234182522e-07,0.5999999999905482,25,50,10
18,526,3.988083786967489e-39,0.3999994376442959,5.623815576749827e-07,0.5999999999741464,25,50,10
18,527,1.5395002712090058e-42,0.3999999903000308,9.70060686386087e-09,0.5999999999993624,25,50,10
18,528,1.8979779390711205e-41,0.3999999951258369,4.8830958117906214e-09,0.5999999999910672,25,50,10
18,529,3.9786520531833974e-42,0.3999999999962055,5.080176597057614e-10,0.5999999994957768,25,50,10
18,530,7.369341870084428e-41,0.39998913385874507,1.0866624615913627e-05,0.5999999995166391,25,50,10
18,531,9.170112270529224e-44,0.39998913148614634,1.0868526187154688e-05,0.5999999999876665,25,50,10
18,532,5.686354961552656e-38,0.3999782631341367,2.1736890495669848e-05,0.5999999999753676,25,50,10
18,533,5.686348527596035e-38,0.3999782631341875,2.173689107394938e-05,0.5999999999747385,25,50,10
18,534,3.208971470277812e-45,0.3999999929751839,7.085571838006344e-09,0.5999999999392444,25,50,10
18,535,4.766128026234487e-38,0.3999999998855106,6.266593475146278e-10,0.5999999994878301,25,50,10
18,536,6.445833981170108e-44,0.39999997794212666,2.2784556916678328e-08,0.5999999992733165,25,50,10
18,537,4.057827257632064e-39,0.39999998771909345,1.3007359922072645e-08,0.5999999992735466,25,50,10
18,538,4.057831560954102e-39,0.399999990139537,1.0587190660769896e-08,0.5999999992732722,25,50,10
18,539,6.994072959112231e-41,0.39999960654990135,3.934985352794706e-07,0.5999999999515634,25,50,10
18,540,9.966527617979572e-40,0.39999959960838233,4.0041329110657966e-07,0.5999999999783265,25,50,10
18,541,7.15986588468482e-45,0.39999959685551845,4.326376983699839e-07,0.5999999705067831,25,50,10
18,542,1.9829344719167364e-45,0.3999999901855794,1.0528411606269972e-08,0.5999999992860089,25,50,10
18,543,1.4693503303104363e-41,0.39999999014306115,9.869498422303659e-09,0.5999999999874405,25,50,10
18,544,2.229471063815863e-44,0.399999999996063,4.3256011626359076e-12,0.5999999999996113,25,50,10
18,545,3.5094476533902133e-43,0.39999999999102615,3.504324597481957e-11,0.5999999999739305,25,50,10
18,546,6.400179824553456e-43,0.3999999998339102,8.679926316701863e-10,0.5999999992980971,25,50,10
18,547,3.117480386140285e-43,0.39999999977463596,9.270521554403254e-10,0.5999999992983118,25,50,10
18,548,3.1225099228223104e-43,0.39999999981705225,8.854147857340791e-10,0.599999999297533,25,50,10
18,549,1.5827643190704567e-42,0.3999999997130695,2.878038206186845e-10,0.5999999999991268,25,50,10
18,550,1.5390014185260137e-42,0.399999996410256,3.591386051571209e-09,0.599999999998358,25,50,10
18,551,1.8714577884802922e-41,0.3999999997159415,2.974115815916829e-10,0.5999999999866471,25,50,10
18,552,2.6476813303084413e-43,0.39937904511475986,0.0006209548987431686,0.599999999986497,25,50,10
18,553,1.1473794310264444e-44,0.3999891337055619,1.0866294973263711e-05,0.5999999999994649,25,50,10
18,554,2.7618541375880348e-46,0.3999999999581454,5.121832991692567e-11,0.5999999999906364,25,50,10
18,555,2.620639521708254e-43,0.39999999964724703,3.619864435789956e-10,0.5999999999907666,25,50,10
18,556,1.7969636729569085e-42,0.399999999889984,1.281571978831016e-10,0.5999999999818588,25,50,10
18,557,1.2382520096699065e-42,0.3999999998903765,1.1840919945811756e-10,0.5999999999912142,25,50,10
18,558,1.1061003439465945e-44,0.39999999995804086,4.220003182060294e-11,0.5999999999997592,25,50,10
18,559,1.2370348377045908e-42,0.3999998642485012,1.3575195544943487e-07,0.5999999999995432,25,50,10
18,560,1.2382723450883354e-42,0.3999998642462998,1.3575437255538355e-07,0.5999999999993276,25,50,10
18,561,2.574919167347805e-43,0.3999999998355983,5.518864150231313e-08,0.5999999449757601,25,50,10
18,562,2.459552308591946e-42,0.399999999606091,1.623295372241911e-06,0.5999983770985369,25,50,10
18,563,7.483470143592043e-41,0.39999999993738705,1.4559003114782572e-09,0.5999999986067127,25,50,10
18,564,7.483534514493661e-41,0.39999980921086953,1.9215724618964426e-07,0.5999999986318842,25,50,10
18,565,1.292106284357128e-42,0.3999997962303663,2.03769881557687e-07,0.5999999999997522,25,50,10
18,566,1.845721230177612e-34,0.3999998026227015,1.9737733375380167e-07,0.5999999999999648,25,50,10
18,567,1.8457212304911206e-34,0.39999967021585875,3.2978480248194124e-07,0.5999999999993387,25,50,10
18,568,1.8457212295786917e-34,0.39999986090170386,1.3911063862382308e-07,0.5999999999876576,25,50,10
18,569,1.6159406895654685e-41,0.39999985766611673,1.4303579316153874e-07,0.5999999992980901,25,50,10
18,570,1.23166630580894e-42,0.3999999998993996,8.028556193404702e-10,0.599999999297745,25,50,10
18,571,2.680593339588302e-44,0.3999998642478483,1.357782125379431e-07,0.5999999999739392,25,50,10
18,572,1.2372066312843612e-42,0.399999999876757,4.0155662985694554e-08,0.5999999599675802,25,50,10
18,573,6.535331972719548e-45,0.3999999999595889,4.073869580123662e-08,0.5999999593017153,25,50,10
18,574,5.681043728733531e-38,0.3999999966441697,4.3360566647265806e-08,0.5999999599952638,25,50,10
18,575,4.3172740603734973e-44,0.39999999983591655,1.641061654914924e-10,0.5999999999999772,25,50,10
18,576,1.1919012097852062e-38,0.3999999998360437,2.4922982786694154e-10,0.5999999999147266,25,50,10
18,577,5.9646537118857e-38,0.39999226352058304,7.736564675256676e-06,0.5999999999147417,25,50,10
18,578,5.957658894128168e-38,0.39999999982663853,2.324820677924499e-10,0.5999999999408794,25,50,10
18,579,4.766127163653631e-38,0.3999999997822987,9.330853761884717e-10,0.5999999992846159,25,50,10
18,580,2.2679596660558125e-44,0.39999999998712005,7.715198984373498e-10,0.5999999992413599,25,50,10
18,581,4.039244683447279e-42,0.3999998642455763,1.3648586082662733e-07,0.5999999992685628,25,50,10
18,582,1.292212152673643e-42,0.3999999902967192,9.72437201843685e-09,0.5999999999789088,25,50,10
18,583,5.0181385782957286e-45,0.39999999976925843,2.3178239654651636e-10,0.5999999999989593,25,50,10
18,584,6.855229392362839e-45,0.39999999995400126,4.6823483974464244e-11,0.5999999999991753,25,50,10
18,585,1.5905206370790392e-45,0.3999999930952117,6.905596661050733e-09,0.5999999999991917,25,50,10
18,586,4.652823934606422e-46,0.39999986186481706,2.540535032788998e-07,0.5999998840816797,25,50,10
18,587,5.841982077515436e-45,0.39999999275278564,1.2316593974158573e-07,0.5999998840812747,25,50,10
18,588,4.0665518361884e-46,0.3999999929187119,7.08256615277881e-09,0.599999999998722,25,50,10
18,589,4.03455486958283e-46,0.3999999929265159,7.086230876817081e-09,0.5999999999872533,25,50,10
18,590,3.815541251494748e-46,0.3999999999405104,5.950910878608318e-11,0.5999999999999805,25,50,10
18,591,3.812958431383467e-46,0.3999999999405566,5.96709830870061e-11,0.5999999999997724,25,50,10
18,592,6.801697368624551e-37,0.3999999999518956,1.2506231310360738e-09,0.5999999987974813,25,50,10
18,593,9.966699588213592e-40,0.3999999953518926,4.648913548878795e-09,0.599999999999194,25,50,10
18,594,3.499300965449371e-41,0.3999999951283128,4.872910361694878e-09,0.5999999999987768,25,50,10
18,595,1.7550696313785832e-41,0.3999998640774215,1.366330335532758e-07,0.5999999992895451,25,50,10
18,596,6.443438805946064e-44,0.39999999999991404,7.197494701428721e-10,0.5999999992803366,25,50,10
18,597,2.277630958681448e-44,0.39999999987881446,1.221001308531899e-10,0.5999999999990855,25,50,10
18,598,2.0905456910177197e-40,0.39999999982015483,1.5975089877741843e-06,0.5999984026708576,25,50,10
18,599,2.0905448423162103e-40,0.3999999902035054,1.5786523335317404e-06,0.5999984311441611,25,50,10
18,600,6.994109812796585e-41,0.39996852276461725,3.147860351430536e-05,0.5999999986318685,25,50,10
18,601,7.117251107730922e-41,0.39999959679532,4.0322869988102246e-07,0.5999999999759802,25,50,10
18,602,8.461496687382768e-41,0.3999999999374546,1.0363787463212303e-09,0.5999999990261666,25,50,10
18,603,1.0666591564752802e-39,0.39999999989726176,1.2405832317553024e-10,0.5999999999786799,25,50,10
18,604,1.1361788264431974e-37,0.39999999976153283,2.770115954091886e-10,0.5999999999614555,25,50,10
18,605,1.748505812646194e-41,0.39999999999992253,2.1493538341640552e-11,0.599999999978584,25,50,10
18,606,6.932896147116498e-44,0.39999999999680724,4.623755418366162e-12,0.599999999998569,25,50,10
18,607,7.001052629139509e-41,0.39999999309420103,6.907081760409602e-09,0.5999999999987171,25,50,10
18,608,6.996224734797633e-41,0.39999999975557665,2.448933421317582e-10,0.59999999999953,25,50,10
18,609,8.743378213121568e-41,0.39999226363542156,7.736406123454033e-06,0.5999999999584551,25,50,10
18,610,2.2283400337458723e-44,0.39999999665247365,3.3650702770950693e-09,0.5999999999824561,25,50,10
18,611,1.5898540929533606e-41,0.39999999991407015,5.700944805689813e-10,0.5999999995158353,25,50,10
18,612,2.7024677591757736e-44,0.3999999930928712,7.406884396899429e-09,0.5999999995002444,25,50,10
18,613,5.642581768448817e-43,0.39999999999680014,3.249846280236586e-11,0.5999999999707014,25,50,10
18,614,7.025197875299642e-41,0.39999980693052406,1.9306948401131395e-07,0.5999999999999919,25,50,10
18,615,6.993996594203495e-41,0.39999980120453005,2.4784245590683967e-06,0.599997720370911,25,50,10
18,616,4.917947678052371e-45,0.39999999653337204,4.21389890291986e-08,0.599999961327639,25,50,10
18,617,8.584180277675867e-41,0.39999999987797935,1.599653574758413e-09,0.5999999985223671,25,50,10
18,618,2.726290234538148e-44,0.3999999999595991,1.4969722086396684e-09,0.5999999985434288,25,50,10
18,619,1.8171344780135187e-41,0.39876126199149475,0.0012387380087436877,0.5999999999997615,25,50,10
18,620,1.6945459352278353e-41,0.3987612652970014,0.0012387347034473856,0.5999999999995513,25,50,10
18,621,3.1324730915779244e-43,0.39999999757551363,2.46061122327449e-09,0.5999999999638752,25,50,10
18,622,1.4697962128986618e-41,0.3999999998276937,2.0866230089927423e-10,0.5999999999636441,25,50,10
18,623,3.2241794691669264e-41,0.3999999998269223,2.4557038987863036e-10,0.5999999999275074,25,50,10
18,624,7.033289020016694e-41,0.3999999901338699,9.936432365131868e-09,0.5999999999296979,25,50,10
18,625,2.1815483113475458e-44,0.39999999744226644,4.027674865737579e-09,0.5999999985300588,25,50,10
18,626,4.4479965528761114e-44,0.3999999974445423,2.5677830995603677e-09,0.5999999999876746,25,50,10
18,627,2.3903152803123815e-44,0.39999999648444,4.225925060490776e-09,0.5999999992896349,25,50,10
18,628,1.5355706097290538e-45,0.39999999999989294,1.1190304313775138e-12,0.5999999999989881,25,50,10
18,629,4.9156342222330704e-45,0.3999999999412354,2.1095260150010513e-09,0.5999999979492386,25,50,10
18,630,4.0219466545218723e-39,0.3999999998834896,1.2880421186985496e-10,0.5999999999877061,25,50,10
18,631,2.2725148572443034e-37,0.3999999930122993,6.987940095466526e-09,0.5999999999997605,25,50,10
18,632,2.2723559484698677e-37,0.3999999929367071,7.063532491240819e-09,0.5999999999997603,25,50,10
18,633,1.8457125798417748e-34,0.3999998090277014,1.9097229892592122e-07,0.5999999999999998,25,50,10
18,634,1.8479851138947555e-34,0.3999998068094912,1.931905096548014e-07,0.5999999999999991,25,50,10
18,635,1.7792939723962428e-41,0.3999999999948187,1.7100633426065077e-11,0.5999999999880806,25,50,10
18,636,3.9868476997346185e-39,0.39999999983934115,1.6098810814047657e-10,0.5999999999996707,25,50,10
18,637,2.5736882408926222e-43,0.39999980925636064,1.907444220528895e-07,0.5999999999992172,25,50,10
18,638,1.2787475668533854e-46,0.39999999303860506,7.68924658126421e-09,0.5999999992721483,25,50,10
18,639,1.3179578488063047e-35,0.3999997259455624,3.906739209572903e-07,0.5999998833805167,25,50,10
18,640,2.2323403349299906e-44,0.399999986186562,1.3813650911718443e-08,0.5999999999997871,25,50,10
18,641,1.4670310005486749e-41,0.3999999930903881,6.935641939530975e-09,0.59999999997397,25,50,10
18,642,2.272502966651524e-37,0.3999999998763504,1.5276299627056024e-09,0.5999999985960198,25,50,10
18,643,2.2723563217551054e-37,0.39999999987633594,8.266133152436274e-10,0.5999999992970508,25,50,10
18,644,1.2320038570227374e-42,0.39999999999773,7.049519654733998e-10,0.5999999992973182,25,50,10
18,645,1.8712075239672096e-41,0.3999999930950896,6.905693415673649e-09,0.5999999999992172,25,50,10
18,646,1.7742587626679536e-41,0.3999999930920216,6.9088285648078366e-09,0.5999999999991499,25,50,10
18,647,1.7763940485488603e-41,0.39999980931301865,1.906878432820538e-07,0.5999999999991382,25,50,10
18,648,3.12223261846883e-43,0.3999999999155945,8.441510092624515e-11,0.5999999999999904,25,50,10
18,649,3.7847770388677603e-44,0.3999999998529297,8.258237332332928e-10,0.5999999993212465,25,50,10
18,650,1.7753095014740276e-41,0.39999986410823096,8.936531939378758e-05,0.5999107705723752,25,50,10
18,651,2.1470130702403058e-41,0.39999986414993793,1.372405010631519e-07,0.5999999986095612,25,50,10
18,652,2.1523770949071733e-41,0.3999998618221243,1.3888086855532897e-07,0.5999999992970072,25,50,10
18,653,6.994051111064002e-41,0.39999999987876556,1.352590352224724e-10,0.5999999999859754,25,50,10
18,654,8.154196593911187e-47,0.3999999999999786,6.906956693576422e-10,0.5999999993093256,25,50,10
18,655,4.3219836795003177e-44,0.3999999999964311,1.6813058497633287e-11,0.5999999999867559,25,50,10
18,656,4.3515136660424383e-44,0.39999999999848157,3.866738558943381e-11,0.599999999962851,25,50,10
18,657,1.2914513734451965e-42,0.39999999341691317,6.595974742165262e-09,0.5999999999871122,25,50,10
18,658,4.6180901080230624e-45,0.39999999664860525,4.740015574648441e-09,0.5999999986113792,25,50,10
18,659,2.1617985480139442e-44,0.3999685228092141,3.1477226840492676e-05,0.5999999999639455,25,50,10
18,660,4.306989465393337e-44,0.39999999283805715,7.170717132079744e-09,0.5999999999912257,25,50,10
18,661,2.642838920608617e-44,0.3999999832385376,1.8209703996933083e-08,0.5999999985517585,25,50,10
18,662,4.306022466988687e-44,0.39999998317248353,1.682988742340104e-08,0.5999999999976291,25,50,10
18,663,9.966595762575949e-40,0.3999999928647881,7.136613757937604e-09,0.5999999999985982,25,50,10
18,664,1.295243073198991e-35,0.3999999927520364,7.248596843448123e-09,0.5999999999993668,25,50,10
18,665,1.2952430748200084e-35,0.39999999988239504,6.094338260413108e-10,0.5999999995081713,25,50,10
18,666,4.0740180653550956e-46,0.39999999999000424,1.0178583928217658e-11,0.5999999999998172,25,50,10
18,667,2.156361093719091e-44,0.39999999511056794,4.889612136657624e-09,0.5999999999998199,25,50,10
18,668,8.609225170695677e-44,0.3999999997066578,2.937406490337043e-10,0.5999999999996016,25,50,10
18,669,4.004160881519716e-39,0.3999999999536959,4.721403993911502e-11,0.59999999999909,25,50,10
18,670,3.9866597523495225e-39,0.39999999008917775,6.540977914128652e-08,0.5999999445010432,25,50,10
18,671,1.2245042054835246e-45,0.39999999982833856,1.7169174941999995e-10,0.5999999999999697,25,50,10
18,672,2.1548399819987899e-44,0.399999999828067,1.8070084948099508e-10,0.5999999999912321,25,50,10
18,673,1.5554032952913808e-42,0.39999999761824595,2.381760850898558e-09,0.5999999999999932,25,50,10
18,674,9.0612479123637e-40,0.399999999914231,2.1194457789225567e-09,0.5999999979663232,25,50,10
18,675,8.361825773477415e-40,0.3999999910976698,1.0948910720577465e-08,0.5999999979534194,25,50,10
18,676,1.0093424363740272e-43,0.3999999931870554,6.826783253451691e-09,0.5999999999861614,25,50,10
18,677,1.3177020249136673e-42,0.39999999309316614,6.908531383085692e-09,0.5999999999983024,25,50,10
18,678,1.5702588833883667e-42,0.39999999995326135,7.494951821551296e-10,0.5999999992972435,25,50,10
18,679,7.511366592842737e-41,0.39999999995123003,7.627574408788654e-10,0.5999999992860124,25,50,10
18,680,3.667408669131159e-42,0.39999999987679014,1.4799924575823268e-10,0.5999999999752105,25,50,10
18,681,4.722838668938895e-46,0.39999999994124247,8.340027679689564e-11,0.5999999999753574,25,50,10
18,682,2.1546722063945883e-44,0.39999999978799494,7.121854554400224e-10,0.5999999994998197,25,50,10
18,683,2.1535081345809785e-44,0.3999999928832484,7.117404226130381e-09,0.5999999999993474,25,50,10
18,684,3.2189530088197683e-43,0.39999999987296797,1.631709964205345e-10,0.599999999963861,25,50,10
18,685,6.906361335794555e-44,0.39999999761024485,2.4267386402701245e-09,0.5999999999630165,25,50,10
18,686,1.289740390637687e-46,0.39999999760726146,8.491649859571785e-08,0.5999999174762399,25,50,10
18,687,7.514340999502442e-44,0.3999998155415476,1.8591856913916803e-07,0.5999999985398833,25,50,10
18,688,1.0775378517480792e-44,0.3999774015090935,2.259849092658382e-05,0.59999999999998,25,50,10
18,689,1.873407496377661e-41,0.39999999018072896,9.819291142017396e-09,0.5999999999999799,25,50,10
18,690,3.0722091768981885e-43,0.39999999987338897,1.5744158744935413e-09,0.5999999985521952,25,50,10
18,691,3.946734745717382e-42,0.3999998068099853,2.4727840733960243e-06,0.5999977204059413,25,50,10
18,692,3.4331189123843456e-43,0.3999999974452297,2.282172185716766e-06,0.5999977203825846,25,50,10
18,693,1.1439202186782497e-45,0.3999999965911459,3.409260248409084e-09,0.599999999999594,25,50,10
18,694,6.994168814632355e-41,0.3999999998738983,1.2634048294392494e-10,0.5999999999997613,25,50,10
18,695,1.3990197180413878e-40,0.39999999981940126,1.8910170936813893e-10,0.5999999999914971,25,50,10
18,696,2.3129216693346958e-37,0.399999990241768,9.77014057002407e-09,0.5999999999880913,25,50,10
18,697,2.2723589559743233e-37,0.39999999030190375,4.970595014601953e-08,0.5999999599921462,25,50,10
18,698,1.3988156822513358e-40,0.39999999309225515,6.907965633340847e-09,0.5999999999997793,25,50,10
18,699,1.4117301622863113e-40,0.3999999897497261,1.0251124585037201e-08,0.5999999999991493,25,50,10
18,700,6.995165233137031e-41,0.3999999929250571,7.076384401261142e-09,0.5999999999985586,25,50,10
18,701,1.3990250737282236e-40,0.3999999905945476,9.414242637397944e-09,0.5999999999912098,25,50,10
18,702,7.117172365550602e-41,0.3999999804853406,1.9514674084447486e-08,0.5999999999999853,25,50,10
18,703,1.7485434735796318e-41,0.3999999902600963,9.761000291965162e-09,0.5999999999789033,25,50,10
18,704,4.350670540833659e-41,0.38488218174563565,0.015117818279449193,0.599999999974915,25,50,10
18,705,2.1540107380981046e-44,0.399999999665582,3.638154423106079e-10,0.5999999999706026,25,50,10
18,706,2.65437634342697e-44,0.39999999995279245,4.722580733297402e-11,0.5999999999999819,25,50,10
18,707,3.1413065389978583e-44,0.39999999989945123,5.83456926442506e-10,0.5999999995170918,25,50,10
18,708,1.54404189749495e-42,0.39999999757410815,2.925584648264444e-09,0.5999999995003072,25,50,10
18,709,1.227145084966649e-42,0.39999999999536207,1.3566189507490355e-11,0.5999999999910718,25,50,10
18,710,2.004770003924275e-46,0.39999999761447286,2.3861535786778555e-09,0.5999999999993736,25,50,10
18,711,2.7393692703475403e-44,0.39999999029866873,9.701968972583093e-09,0.5999999999993624,25,50,10
18,712,2.7643610655022093e-36,0.3999999998135529,1.9909145928026094e-10,0.5999999999873556,25,50,10
18,713,8.655856006904951e-46,0.39999999987265666,3.8790699964354964e-08,0.5999999613366432,25,50,10
18,714,2.622689870984212e-43,0.39999999999919594,1.5458219019455688e-07,0.599999845418614,25,50,10
18,715,4.766131915018199e-38,0.3999999999546881,3.873429532955841e-08,0.5999999613110166,25,50,10
18,716,3.64222624387714e-43,0.3999999997680177,2.681180785621057e-10,0.5999999999638643,25,50,10
18,717,3.65377816104735e-43,0.39999999638538347,4.232600115333375e-08,0.5999999612886153,25,50,10
18,718,3.078993581650973e-43,0.39999999995955515,3.875161455033897e-08,0.5999999612888303,25,50,10
18,719,3.7261541212661775e-43,0.3999998089417818,1.91129912595792e-07,0.5999999999283057,25,50,10
18,720,4.160591139507258e-43,0.3999998091514763,1.9089300668394955e-07,0.599999999955517,25,50,10
18,721,9.140567507208646e-44,0.3999999999536951,4.73968661404874e-11,0.5999999999989081,25,50,10
18,722,1.4679905531750704e-41,0.3999996030864024,3.9691446349775924e-07,0.5999999999991341,25,50,10
18,723,4.208250427278089e-32,0.39999999051177376,1.0190127719111508e-08,0.5999999992980986,25,50,10
18,724,1.1581637789277743e-45,0.3999999975002846,3.911552997359373e-09,0.5999999985881624,25,50,10
18,725,2.322655147711007e-44,0.39999999995440055,7.680780612747535e-10,0.5999999992775215,25,50,10
18,726,4.757526951461771e-46,0.3999999999991021,7.238102899602524e-10,0.5999999992770877,25,50,10
18,727,3.2176583426454457e-41,0.39999999755538973,3.1824242422962337e-09,0.5999999992621861,25,50,10
18,728,1.753346453064579e-41,0.39999999743132436,2.5691320905889636e-09,0.5999999999995436,25,50,10
18,729,6.685088740089797e-44,0.39999999981309614,9.136467018631385e-10,0.599999999273257,25,50,10
18,730,4.429297458145408e-44,0.39999999987111984,8.556157485396357e-10,0.5999999992732644,25,50,10
18,731,3.2884024914978362e-43,0.39999999982577594,9.288733733135804e-10,0.5999999992453507,25,50,10
18,732,8.183688885456872e-47,0.3999999999999461,7.19035172977994e-10,0.5999999992810188,25,50,10
18,733,5.535474901043728e-46,0.39999980931317664,1.907040637004644e-07,0.5999999999827598,25,50,10
18,734,1.7485704843137705e-41,0.39999999988141666,1.1902910871993895e-10,0.5999999999995542,25,50,10
18,735,1.5485148637608924e-34,0.3999999998799253,1.5706449952435658e-10,0.5999999999630102,25,50,10
18,736,1.548514863705086e-34,0.3999999997600628,2.7666772697028625e-10,0.5999999999632695,25,50,10
18,737,4.767877805076509e-38,0.3999999964117529,3.6480872278896077e-09,0.59999999994016,25,50,10
18,738,3.433094967525157e-43,0.399999999991866,5.6137165081999536e-11,0.5999999999519968,25,50,10
18,739,7.382836687276516e-34,0.3999997256431246,2.743691971917943e-07,0.5999999999876782,25,50,10
18,740,9.207819333664781e-40,0.39999999286743865,7.1330295826122594e-09,0.5999999999995318,25,50,10
18,741,8.486715862841368e-41,0.39999999309507855,6.915030891135228e-09,0.5999999999898905,25,50,10
18,742,7.142585242332637e-41,0.3999999906909555,1.0697870999478833e-08,0.5999999986111735,25,50,10
18,743,5.657588222820781e-43,0.39999999974310496,1.6337512863190269e-09,0.5999999986231438,25,50,10
18,744,3.766483196515583e-43,0.39996852277989037,3.1477220120835686e-05,0.5999999999999888,25,50,10
18,745,7.04902599917844e-32,0.3599887880954937,0.04001121191684405,0.5999999999876622,25,50,10
18,746,5.629341359338252e-29,0.3599685228649382,0.04003147714740273,0.599999999987659,25,50,10
18,747,3.950372157790997e-30,0.3600000038529487,0.03999999614789431,0.599999999999157,25,50,10
18,748,3.152517280745426e-27,0.36000000623359085,0.03999999376641796,0.5999999999999912,25,50,10
18,749,9.358018651482499e-38,0.35999999982368375,0.040000000176787766,0.5999999999995286,25,50,10
18,750,2.021135089229454e-42,0.3600000062354329,0.03999999376621548,0.5999999999983516,25,50,10
18,751,6.567004683882361e-39,0.35999999993721843,0.04000000008848879,0.5999999999742927,25,50,10
18,752,6.565520586122557e-39,0.3599998640929521,0.040000135908315054,0.5999999999987328,25,50,10
18,753,6.565520286313001e-39,0.35999986424841945,0.04000017574857534,0.5999999600030053,25,50,10
18,754,6.56551992503401e-39,0.3599999999945958,0.04000004003660955,0.5999999599687947,25,50,10
18,755,7.402010867607512e-39,0.3599999934753086,0.040000007235915847,0.5999999992887756,25,50,10
18,756,3.7423411251189206e-37,0.3599998577278778,0.040000142307079024,0.5999999999650432,25,50,10
18,757,9.362875804944439e-38,0.3600201230400246,0.039979876985813755,0.5999999999741618,25,50,10
18,758,4.502023562878356e-28,0.36000021989676534,0.03999978010326183,0.5999999999999729,25,50,10
18,759,3.950420701364958e-30,0.3599999997660391,0.04000000023400095,0.5999999999999599,25,50,10
18,760,5.3328791344356e-36,0.3599999999967451,0.04000000000463962,0.5999999999986153,25,50,10
18,761,2.1331343203467877e-35,0.359999994228325,0.040000005784441725,0.5999999999872332,25,50,10
18,762,2.13313431769481e-35,0.3599999976169638,0.04000316555253293,0.5999968368305033,25,50,10
18,763,7.900759843136191e-30,0.36000035566626076,0.04000280897178739,0.5999968353619519,25,50,10
18,764,7.900759847139105e-30,0.3600001624723233,0.03999983754856146,0.5999999999791154,25,50,10
18,765,7.900759843135046e-30,0.36000035545000514,0.03999964457088262,0.5999999999791121,25,50,10
18,766,2.7168082683077373e-36,0.3599999975596144,0.04000000292412358,0.599999999516262,25,50,10
18,767,1.2834830221197855e-26,0.3600000000000722,0.040000001185110705,0.5999999988148171,25,50,10
18,768,2.7193813145365293e-36,0.3599999999391845,0.04000000172931079,0.5999999983315046,25,50,10
18,769,1.2162607758911953e-33,0.35999999993611487,0.04000000006557041,0.5999999999983148,25,50,10
18,770,1.2162607758922695e-33,0.35999999993818577,0.04000000006203124,0.599999999999783,25,50,10
18,771,1.2162607905618875e-33,0.3599999997712178,0.040000000229032724,0.5999999999997495,25,50,10
18,772,1.2834784192058031e-26,0.36000035536262004,0.03999964463805411,0.599999999999326,25,50,10
18,773,9.888196376451622e-31,0.35999999972921826,0.04000000028004788,0.599999999990734,25,50,10
18,774,1.30600730663721e-26,0.359999999746127,0.04000000026266663,0.5999999999912063,25,50,10
18,775,1.4631784269214909e-24,0.3599999999545893,0.04000000005420797,0.5999999999912028,25,50,10
18,776,1.4631784269214909e-24,0.35999999995373066,0.04000000005918094,0.5999999999870884,25,50,10
18,777,6.02445031597911e-29,0.35939026719795875,0.04060973284013651,0.5999999999619047,25,50,10
18,778,1.2159691730830078e-33,0.36000035566427435,0.039999644336538194,0.5999999999991874,25,50,10
18,779,6.56803498571377e-39,0.35999999041139125,0.04000000958904512,0.5999999999995635,25,50,10
18,780,2.2135978023092394e-28,0.3599999902904603,0.040000010192659266,0.5999999995168804,25,50,10
18,781,2.2135978023094143e-28,0.35999944723702365,0.04000055327527397,0.5999999994877023,25,50,10
18,782,6.932686433443648e-32,0.35999944717942406,0.040000552862296784,0.599999999958279,25,50,10
18,783,6.932686431811439e-32,0.359999735239181,0.040000264760834445,0.5999999999999847,25,50,10
18,784,6.932686430188055e-32,0.3599997353601886,0.04000026608775722,0.5999999985520542,25,50,10
18,785,1.2158984586827075e-33,0.3599998092747196,0.040000192173706005,0.5999999985515744,25,50,10
18,786,3.1534020647431882e-27,0.3599996116472599,0.04000038838859055,0.5999999999641495,25,50,10
18,787,3.153402064743189e-27,0.35999998318744064,0.040000016857173935,0.5999999999553853,25,50,10
18,788,3.153402064743189e-27,0.35999999292649904,0.040000007109818984,0.5999999999636819,25,50,10
18,789,2.41536852815931e-25,0.3603815645993431,0.03961843544908785,0.599999999951569,25,50,10
18,790,9.87598507741389e-31,0.36000000010673305,0.04000000065504836,0.5999999992382186,25,50,10
18,791,9.875985077267199e-31,0.36000000006566013,0.039999999934340724,0.5999999999999993,25,50,10
18,792,6.566357776804474e-39,0.3599999970348985,0.040000003009492476,0.5999999999556092,25,50,10
18,793,2.4317744939913463e-33,0.3599999907911784,0.04000000924131182,0.5999999999675097,25,50,10
18,794,3.8078472412287525e-37,0.3599999929272233,0.04000000758171291,0.5999999994910638,25,50,10
18,795,2.1707101041542157e-35,0.35999986180634197,0.04000013820384594,0.599999999989812,25,50,10
18,796,1.732667045279025e-32,0.35999999280808376,0.04000000720136038,0.5999999999905558,25,50,10
18,797,8.665324740827313e-32,0.35999985705274556,0.040000142947492386,0.5999999999997621,25,50,10
18,798,8.665324740855759e-32,0.35999999297770297,0.04000000702234397,0.5999999999999531,25,50,10
18,799,1.3264922610352458e-19,0.3599999999409651,0.03999997142808253,0.6000000286309523,25,50,10
18,800,1.3264922610352458e-19,0.35999999994199505,0.03999997243339767,0.6000000276246074,25,50,10
18,801,1.3264922610352458e-19,0.35997882565096745,0.04002114521850076,0.6000000291305319,25,50,10
18,802,1.3264922610352458e-19,0.35999999981952047,0.039999999522869895,0.6000000006576097,25,50,10
18,803,3.039717509371739e-34,0.3599999998991419,0.0400000285837803,0.5999999715170778,25,50,10
18,804,3.1692816750668878e-34,0.35999973042226474,0.04000029805149193,0.5999999715262434,25,50,10
18,805,1.295911486410494e-35,0.3599999976107297,0.04000000289072763,0.5999999994985427,25,50,10
18,806,1.4675273701538574e-41,0.3999999999925351,8.559111046504393e-12,0.5999999999989059,25,50,10
18,807,4.766129813399116e-38,0.3999999999953993,5.3481482093702924e-12,0.5999999999992526,25,50,10
18,808,4.766252546926378e-38,0.39999999049936547,1.0202538890932669e-08,0.5999999992980957,25,50,10
18,809,1.2500781487650053e-42,0.3999999974017029,3.3006126897387003e-09,0.5999999992976843,25,50,10
18,810,6.7917319712608185e-37,0.39999999985375057,2.9072210537514578e-09,0.5999999972390284,25,50,10
18,811,6.800168659270532e-37,0.3999999998977108,3.063497227912473e-08,0.599999969467317,25,50,10
18,812,3.6678655478892867e-42,0.3999999998169088,2.443910414171804e-10,0.5999999999387001,25,50,10
18,813,1.3270761973123165e-45,0.399999999876016,8.261181279150388e-10,0.5999999992978658,25,50,10
18,814,1.563145191715113e-42,0.3999999998309316,8.709129357928744e-10,0.5999999992981554,25,50,10
18,815,1.9024460940100585e-41,0.3999999854937651,1.4506266806060607e-08,0.5999999999999681,25,50,10
18,816,4.766127662794706e-38,0.3999999903012106,9.734639765878517e-09,0.5999999999641497,25,50,10
18,817,5.986328512923798e-45,0.3999999902414909,9.759135810194839e-09,0.5999999999993733,25,50,10
18,818,3.9521313525887085e-42,0.399968522761547,3.147724786310394e-05,0.59999999999059,25,50,10
18,819,1.4955306151951882e-42,0.3999999998140335,1.861288919496947e-10,0.5999999999998377,25,50,10
18,820,1.4897970827594557e-42,0.3999999998737192,1.2653263284220273e-10,0.5999999999997482,25,50,10
18,821,2.206629204158345e-33,0.3999999997828651,7.867333126405266e-08,0.5999999215438038,25,50,10
18,822,3.0725973318800505e-43,0.3999999999391319,6.15363437109966e-11,0.5999999999993318,25,50,10
18,823,5.699758888556931e-43,0.3999998155452657,1.844553794647803e-07,0.5999999999993548,25,50,10
18,824,1.2275859424678587e-42,0.3999999999156849,8.454266686962289e-11,0.5999999999997724,25,50,10
18,825,2.72665533146582e-44,0.3999999999999295,8.719875977061913e-12,0.5999999999913507,25,50,10
18,826,2.6338510475650596e-43,0.39999999982787576,1.9305905987676622e-10,0.5999999999790652,25,50,10
18,827,2.7176927541692467e-36,0.3999999966524441,3.3810385865427675e-09,0.5999999999665173,25,50,10
18,828,8.398301159867912e-40,0.3999999999998404,3.0306509116925893e-11,0.5999999999698532,25,50,10
18,829,2.348230824603104e-30,0.3991583991960637,0.0008416008251643164,0.599999999978772,25,50,10
18,830,2.31423102270734e-44,0.39999999030230277,9.710616326495917e-09,0.5999999999870809,25,50,10
18,831,7.650570060669898e-45,0.3999999999976724,2.651860355673821e-12,0.5999999999996757,25,50,10
18,832,2.2002110023540974e-44,0.39999998695727235,1.3744590673561553e-08,0.5999999992981371,25,50,10
18,833,5.680899395409614e-38,0.3999999879187213,1.2795289767454456e-08,0.599999999285989,25,50,10
18,834,1.2401053321369344e-45,0.39999999030328426,9.705215104366065e-09,0.5999999999915004,25,50,10
18,835,2.854122143596503e-43,0.39999999676318226,3.2368464539931703e-09,0.5999999999999713,25,50,10
18,836,2.3449806834049887e-45,0.3999999998787212,2.859500263286763e-08,0.5999999715262762,25,50,10
18,837,1.2266401048779189e-45,0.39999999665446045,4.059972564442512e-09,0.5999999992855669,25,50,10
18,838,3.9865967147891924e-39,0.3999999974251031,3.2780113786050946e-09,0.5999999992968855,25,50,10
18,839,2.755154337201412e-44,0.39999999972643097,9.759153187985064e-10,0.5999999992976539,25,50,10
18,840,8.362069623880518e-40,0.3999999950651235,5.6663808118321394e-09,0.5999999992684956,25,50,10
18,841,4.9845090869949926e-39,0.39999980298883975,1.9771299736776427e-07,0.5999999992981628,25,50,10
18,842,4.984503176658775e-39,0.39999980298619625,1.9701381742688747e-07,0.5999999999999863,25,50,10
18,843,4.946094707503518e-44,0.39999959630052645,4.03699713408053e-07,0.5999999999997603,25,50,10
18,844,3.671895682660375e-42,0.3999999999397544,6.049471765085217e-11,0.599999999999751,25,50,10
18,845,3.671897011198315e-42,0.3999999999969392,3.912344672097224e-11,0.5999999999639375,25,50,10
18,846,6.92355329746674e-44,0.39999999999783503,7.038742747714854e-10,0.5999999992982906,25,50,10
18,847,6.441970736671053e-44,0.39999999982910744,8.849047351450294e-10,0.599999999285988,25,50,10
18,848,2.5773792602565696e-43,0.3999999999962283,3.789284935853862e-12,0.5999999999999823,25,50,10
18,849,5.2093638592476945e-43,0.3999999999551467,4.4879989404345436e-11,0.5999999999999734,25,50,10
18,850,2.798978188370154e-43,0.3999999975765784,2.4407604361108826e-09,0.5999999999826613,25,50,10
18,851,6.996263082512726e-41,0.39999999995394,7.028941445887548e-11,0.5999999999757706,25,50,10
18,852,1.2750478881613241e-42,0.3999999974857221,3.0139555871370346e-09,0.5999999995003223,25,50,10
18,853,4.76878348592393e-44,0.3999999975224544,2.4780140529265665e-09,0.5999999999995315,25,50,10
18,854,6.350252469380591e-43,0.3999923302650168,7.669735605149067e-06,0.599999999999378,25,50,10
18,855,6.134827134854206e-43,0.39999233055728006,7.669503208529306e-06,0.5999999999395115,25,50,10
18,856,4.8227481716836044e-39,0.399999864248568,1.3714394108559493e-07,0.5999999986074909,25,50,10
18,857,3.988114820500734e-39,0.3999998641887105,1.358206880055353e-07,0.5999999999906015,25,50,10
18,858,4.530164723701666e-45,0.3999999999962546,2.0497078799523594e-09,0.5999999979540376,25,50,10
18,859,3.1130149720803612e-43,0.39999999987710977,1.5262291194273332e-09,0.5999999985966611,25,50,10
18,860,1.4679682580916414e-41,0.39999999987888507,1.4512267720229289e-10,0.5999999999759923,25,50,10
18,861,1.1029440649503793e-44,0.39999999653270046,3.4679461940489325e-09,0.5999999999993534,25,50,10
18,862,2.6126184619037385e-44,0.39999999999980773,4.469130760004548e-13,0.5999999999997453,25,50,10
18,863,1.2544480616855632e-42,0.399999809314359,1.9068631966732425e-07,0.5999999999993214,25,50,10
18,864,1.2325158986235455e-42,0.3999998091712883,1.9082874188876148e-07,0.5999999999999698,25,50,10
18,865,1.2283346641430026e-42,0.39999980207156793,1.979284364828672e-07,0.5999999999999955,25,50,10
18,866,1.3108836935486004e-45,0.39999999965733196,3.4289210547001505e-10,0.5999999999997759,25,50,10
18,867,7.318274699038677e-41,0.3995781217520842,0.0004218782485782262,0.5999999999993375,25,50,10
18,868,4.773445322234402e-38,0.399578122150892,0.0004218778494365056,0.5999999999996716,25,50,10
18,869,2.2670354421992192e-45,0.39999944495645856,5.550607960833301e-07,0.5999999999827453,25,50,10
18,870,1.1141061877551358e-44,0.39999999975562445,2.446046154873422e-10,0.5999999999997709,25,50,10
18,871,2.8415423756922806e-44,0.39999999987733115,1.4018817106899456e-10,0.5999999999824808,25,50,10
18,872,1.8739397422202048e-41,0.3999999998200531,2.009644277041297e-10,0.5999999999789826,25,50,10
18,873,5.847386818692262e-45,0.3999999999991464,7.236730734962935e-10,0.5999999992771805,25,50,10
18,874,1.7486182502375282e-41,0.39999999653642004,4.1654100331723525e-09,0.5999999992981699,25,50,10
18,875,8.362265320682312e-40,0.39999980608119967,2.3391407507931378e-07,0.5999999600047253,25,50,10
18,876,8.58286563008135e-46,0.3999997999859539,2.0001420668276553e-07,0.5999999999998394,25,50,10
18,877,8.126670333916301e-45,0.39999999058842794,9.959103818983954e-09,0.5999999994524683,25,50,10
18,878,2.4663215413462382e-45,0.3999999974363631,3.0842463791632485e-09,0.5999999994793905,25,50,10
18,879,2.0908811376873823e-40,0.39999999999364,3.9344246551909315e-08,0.5999999606621135,25,50,10
18,880,4.316080623171973e-44,0.39999999761312405,2.395671989781619e-09,0.599999999991204,25,50,10
18,881,4.46622511006876e-44,0.3999999999338858,1.0182867763329872e-10,0.5999999999642855,25,50,10
18,882,1.040715090422593e-46,0.39999999987668744,1.4875434740325932e-10,0.5999999999745583,25,50,10
18,883,1.300009201557696e-35,0.3999999998200633,6.794993741658046e-10,0.5999999995004375,25,50,10
18,884,4.867258727479518e-38,0.3999999999403866,5.595333374681871e-10,0.5999999995000801,25,50,10
18,885,1.469795923616622e-41,0.39999999995185725,4.858926175104716e-11,0.5999999999995534,25,50,10
18,886,1.8364450139288436e-41,0.3999999999950944,5.143204745886382e-12,0.5999999999997625,25,50,10
18,887,1.9844429982605612e-41,0.39999999761345634,3.0884661732269026e-09,0.5999999992980777,25,50,10
18,888,1.2489299515852291e-42,0.3999999976153383,2.3848926258032205e-09,0.5999999999997692,25,50,10
18,889,1.7486179867655613e-41,0.39999999999894337,3.7187445092762465e-11,0.5999999999638692,25,50,10
18,890,1.7744669340567414e-41,0.3999999998587666,1.769214827298368e-10,0.5999999999643119,25,50,10
18,891,1.7797847089884442e-41,0.39999999976538453,2.431016817909144e-10,0.5999999999915138,25,50,10
18,892,2.681049548099724e-44,0.399999999765993,2.3404019122296293e-10,0.5999999999999668,25,50,10
18,893,2.2378075067732677e-44,0.39999999999619645,7.521055964676209e-10,0.599999999251698,25,50,10
18,894,3.920432738575754e-46,0.3999999998817796,1.526942221880105e-10,0.5999999999655262,25,50,10
18,895,1.2952430756481533e-35,0.39999999978602163,2.2662588128988148e-10,0.5999999999873525,25,50,10
18,896,2.9461108252037603e-43,0.3999999999947859,4.3610396908861946e-11,0.5999999999616038,25,50,10
18,897,3.2734468628115917e-44,0.39999980924923617,1.9077539932861832e-07,0.5999999999753645,25,50,10
18,898,4.886224829461108e-45,0.39999999769389516,4.253418098656194e-09,0.5999999980526867,25,50,10
18,899,1.7490128589249172e-41,0.399999999993585,1.454656914051113e-09,0.5999999985517581,25,50,10
18,900,1.749069269786251e-41,0.399999999823701,1.6241028634088882e-09,0.5999999985521961,25,50,10
18,901,2.115249977451217e-41,0.39999999644093537,4.2888192226653955e-08,0.5999999606708726,25,50,10
18,902,3.6675483068547076e-42,0.3999999998261782,3.9503301147904704e-08,0.5999999606705209,25,50,10
18,903,1.227416627612769e-42,0.3999999996129786,1.6139344219680784e-09,0.5999999987730871,25,50,10
18,904,8.374120368065962e-40,0.399999999612104,2.9114524500990243e-08,0.5999999712733716,25,50,10
18,905,2.2723685432824625e-37,0.3999999997421526,2.583071685216524e-10,0.5999999999995402,25,50,10
18,906,3.6675653392828585e-42,0.3999999999939752,3.025150169654086e-11,0.5999999999757734,25,50,10
18,907,3.990257366452156e-39,0.3999999998268217,1.9761593881880456e-10,0.5999999999755624,25,50,10
18,908,7.380946766064972e-34,0.39998949221822466,1.0509827558664624e-05,0.5999999979542167,25,50,10
18,909,7.380946915827513e-34,0.399989492169188,1.0511910171892036e-05,0.5999999959206401,25,50,10
18,910,3.6736098063686256e-42,0.3999999976954023,4.231233099996652e-08,0.5999999599922667,25,50,10
18,911,2.6281248739343767e-43,0.3999999976538115,4.285850424107306e-08,0.5999999594876843,25,50,10
18,912,1.5067799391224353e-42,0.39999999763624833,2.3732959168477934e-09,0.5999999999904558,25,50,10
18,913,1.2917598486988031e-42,0.3999999998170766,1.8385485546520248e-10,0.5999999999990685,25,50,10
18,914,6.62575811099513e-44,0.39999999987583157,1.249634108231378e-10,0.5999999999992051,25,50,10
18,915,4.869181914031515e-42,0.3991583990134145,0.0008416009865892461,0.5999999999999963,25,50,10
18,916,1.2269852195156761e-42,0.3991583989438382,0.0008416010570180339,0.5999999999991438,25,50,10
18,917,2.3671089803105645e-44,0.39999944725793285,5.527435414541826e-07,0.5999999999985257,25,50,10
18,918,1.7306918182967642e-41,0.3995781278027862,0.00042187219908227936,0.5999999999981316,25,50,10
18,919,5.687884955462771e-38,0.3999998156590559,1.870772775623023e-07,0.5999999972636665,25,50,10
18,920,2.6923017710602007e-43,0.3999999999967876,2.1092215713034067e-09,0.5999999978939908,25,50,10
18,921,6.5614079266315125e-43,0.39999999999393765,2.851505765089084e-08,0.5999999714910047,25,50,10
18,922,8.36533354456869e-40,0.3999999999988756,2.8474384036732756e-08,0.5999999715267404,25,50,10
18,923,8.365607293939886e-40,0.39999999999910685,2.847414824787085e-08,0.5999999715267449,25,50,10
18,924,4.6824349022865454e-46,0.3999999999933733,5.4223302417339684e-11,0.5999999999524033,25,50,10
18,925,3.565172342285635e-48,0.39999999999639707,5.119662933342763e-11,0.5999999999524064,25,50,10
18,926,2.1623475116705579e-44,0.39999999999906877,3.7268263241667805e-11,0.599999999963663,25,50,10
18,927,1.4983360339962793e-41,0.39999999995556096,1.0612814104560896e-10,0.599999999938311,25,50,10
18,928,1.5896817011396963e-41,0.39999252119830736,7.479503829624261e-06,0.5999999992978631,25,50,10
18,929,9.978755342575377e-40,0.399992520868269,7.4791683007746295e-06,0.5999999999634301,25,50,10
18,930,6.50869035069708e-45,0.39999980931153395,1.906893608944085e-07,0.599999999999105,25,50,10
18,931,6.997042428970581e-41,0.39999960643040894,3.9357023164203937e-07,0.5999999999993595,25,50,10
18,932,4.77312368464221e-38,0.3999996064689394,3.93540469266668e-07,0.5999999999905914,25,50,10
18,933,4.766158251043149e-38,0.3999999999998957,8.902303008174403e-12,0.5999999999912021,25,50,10
18,934,4.766129274025386e-38,0.3999999999398002,1.3171047444398879e-10,0.5999999999284893,25,50,10
18,935,2.1531501105157955e-44,0.39999999999926117,4.003154952244011e-08,0.5999999599691893,25,50,10
18,936,8.700283705175716e-44,0.3999998642457134,1.3712211984401741e-07,0.5999999986321668,25,50,10
18,937,2.2830572152013104e-44,0.3999999999403535,6.875642561510296e-11,0.59999999999089,25,50,10
18,938,1.2490281988601991e-42,0.3999999833963768,1.6603839891809315e-08,0.5999999999997834,25,50,10
18,939,1.2594289791135906e-42,0.39999999309318296,7.608705138331072e-09,0.5999999992981119,25,50,10
18,940,2.090797392714169e-40,0.39999999761154875,2.896966132397455e-09,0.5999999994914852,25,50,10
18,941,2.0906253001195216e-40,0.3999999998727772,6.480553589412203e-10,0.5999999994791675,25,50,10
18,942,2.1702089503318726e-44,0.39999999983488677,1.6627094713627415e-10,0.5999999999988423,25,50,10
18,943,1.2252483656321414e-45,0.39999999987600965,1.4958131807403294e-10,0.5999999999744091,25,50,10
18,944,2.6453792055962703e-45,0.3999999999947853,4.8701329904493574e-11,0.5999999999565133,25,50,10
18,945,6.994036143804234e-41,0.39999999999769814,2.45575464664044e-12,0.5999999999998462,25,50,10
18,946,4.6931912119191554e-45,0.39999999999984426,1.2469015180732907e-11,0.5999999999876868,25,50,10
18,947,4.523878810844395e-45,0.3999999997880614,2.119495080516687e-10,0.5999999999999891,25,50,10
18,948,4.057783564368429e-39,0.399999985893723,1.4106304392877894e-08,0.5999999999999726,25,50,10
18,949,7.02025317275526e-41,0.3999999882753697,1.1725429802721446e-08,0.5999999999992004,25,50,10
18,950,6.969959668628386e-44,0.3999999966506074,8.587300383540536e-08,0.5999999174763887,25,50,10
18,951,2.6665518301047934e-44,0.3999998642455446,1.3575491641008145e-07,0.5999999999995389,25,50,10
18,952,5.7329489818032054e-46,0.39999999999694036,3.6647699685041764e-12,0.5999999999993949,25,50,10
18,953,5.926904530175594e-45,0.36108622122667017,0.038913778797543146,0.5999999999757867,25,50,10
18,954,4.3178459763462815e-44,0.36108621776985983,0.038913782231431555,0.5999999999987087,25,50,10
18,955,1.2158881898031408e-33,0.35999999664517185,0.040000003355470576,0.5999999999993577,25,50,10
18,956,2.251736975265199e-28,0.3599999999338545,0.040000000067843065,0.5999999999983024,25,50,10
18,957,2.251736975265202e-28,0.3599999998244657,0.040000000722814025,0.5999999994527204,25,50,10
18,958,9.87603756233632e-31,0.35999226340940865,0.04000773661788513,0.5999999999727063,25,50,10
18,959,9.87603756163385e-31,0.35999226359984554,0.04000773640059758,0.5999999999995569,25,50,10
18,960,9.876037561633637e-31,0.35999225394479306,0.040007746094230336,0.5999999999609767,25,50,10
18,961,9.876037563729204e-31,0.35999980931510334,0.040000191185739026,0.5999999994991577,25,50,10
18,962,9.876037572088348e-31,0.35999944044047183,0.04000055957266658,0.5999999999868617,25,50,10
18,963,2.26228528357791e-28,0.35999961216374005,0.040000387315362936,0.6000000005208969,25,50,10
18,964,2.2622852835779044e-28,0.35999980046794855,0.04000020307783881,0.5999999964542126,25,50,10
18,965,1.3131854177977874e-38,0.35999999979217967,0.040000000208503514,0.5999999999993167,25,50,10
18,966,6.930839027815885e-32,0.35999999765292434,0.04000000235608528,0.5999999999909903,25,50,10
18,967,5.3339614472907406e-36,0.3599999998296328,0.040000000188121734,0.5999999999822453,25,50,10
18,968,7.052103852793001e-32,0.35996852285281455,0.040031517151281656,0.5999999599959037,25,50,10
18,969,7.052103852793008e-32,0.36000000010856753,0.04000003989616285,0.5999999599952696,25,50,10
18,970,7.052105044353793e-32,0.3599999846855465,0.0400000953136597,0.5999999200007938,25,50,10
18,971,4.170058388216251e-23,0.359989123809505,0.04001095668901783,0.5999999195014771,25,50,10
18,972,9.873006187444808e-31,0.3599996064888989,0.040000394011210104,0.599999999499891,25,50,10
18,973,9.873006187441793e-31,0.35999226119750405,0.04000773880250042,0.5999999999999955,25,50,10
18,974,2.212913375638119e-28,0.36000000595884624,0.03999999457869471,0.5999999994624591,25,50,10
18,975,6.930553296646986e-32,0.35999944728351446,0.040000553216032214,0.5999999995004534,25,50,10
18,976,6.930553296616191e-32,0.3599999999400337,0.04000000009565447,0.5999999999643119,25,50,10
18,977,2.591661832504121e-40,0.35999999995420034,0.04000000054534237,0.5999999995004572,25,50,10
18,978,1.5650737029831943e-23,0.38472404424739165,0.015275955753257107,0.5999999999993512,25,50,10
18,979,8.36134580180844e-40,0.3999999999969593,1.6229045070589619e-06,0.5999983770985335,25,50,10
18,980,3.188734731317166e-36,0.39938990462419816,0.0006100953765969167,0.599999999999205,25,50,10
18,981,3.9866608853169215e-39,0.3999999966054883,3.404070296104698e-09,0.5999999999904414,25,50,10
18,982,2.1027288797197212e-40,0.39999999326033864,3.5226844697107154e-08,0.5999999715128167,25,50,10
18,983,5.1699513609177884e-45,0.39999999991339535,2.8580772784306058e-08,0.5999999715058318,25,50,10
18,984,5.85831127224358e-45,0.39999999999719366,3.451910254512507e-12,0.5999999999993545,25,50,10
18,985,1.2328911132088855e-42,0.3999999942691501,5.7439683026210564e-09,0.5999999999868816,25,50,10
18,986,1.395361754107726e-37,0.3845623690891993,0.015437630923309902,0.5999999999874909,25,50,10
18,987,1.3953618030015416e-37,0.3845623629097909,0.015437637102984276,0.5999999999872248,25,50,10
18,988,1.3953618038299109e-37,0.38456236291272056,0.015437637111915545,0.5999999999753639,25,50,10
18,989,3.668766725269078e-37,0.3845623692228844,0.015437632927231947,0.5999999978498836,25,50,10
18,990,1.3960664462028493e-37,0.384551506475146,0.01544849423930895,0.599999999285545,25,50,10
18,991,2.6285310560893076e-43,0.3999999999401121,7.957325579390629e-10,0.5999999992641553,25,50,10
18,992,5.6430673065791014e-43,0.39999999994309304,9.258952608837149e-11,0.5999999999643174,25,50,10
18,993,2.7936344837249046e-43,0.39999999195460245,8.057724753441542e-09,0.5999999999876726,25,50,10
18,994,2.1175089353676994e-41,0.3999999902998232,1.0402948039063463e-08,0.5999999992972288,25,50,10
18,995,1.8735282201166267e-41,0.3999999832248943,1.748953854667546e-08,0.5999999992855674,25,50,10
18,996,1.7507038786098007e-41,0.3999999902426573,1.0459772950130596e-08,0.5999999992975699,25,50,10
18,997,3.497065811372839e-41,0.39999985455262005,1.4544799174104833e-07,0.5999999999993882,25,50,10
18,998,8.536481714041578e-40,0.399999849788805,1.502117371022416e-07,0.599999999999458,25,50,10
18,999,8.361847314239777e-40,0.3999998616968987,1.383036398692188e-07,0.5999999999994615,25,50,10
18,1000,2.6784618838145277e-43,0.3999998642471786,1.3629725020896906e-07,0.5999999994555713,25,50,10
18,1001,2.6284632435619516e-43,0.3999999999999423,1.0338704008118991e-11,0.5999999999897191,25,50,10
18,1002,2.581267598764584e-43,0.39999999999481034,1.5227616831410862e-11,0.599999999989962,25,50,10
18,1003,2.1610751468194405e-44,0.39999999029892663,6.664727175760545e-08,0.5999999430538017,25,50,10
18,1004,3.1173758533155685e-43,0.39999998335893794,1.7124199918726453e-08,0.5999999995168621,25,50,10
18,1005,1.7858050815786292e-41,0.39999223997799077,7.760505582320096e-06,0.5999999995164269,25,50,10
18,1006,2.0937498683596024e-40,0.39999998339969123,1.7977683680091434e-08,0.5999999986226251,25,50,10
18,1007,1.2543091009335825e-42,0.39999999305553197,8.437018570470649e-09,0.5999999985074496,25,50,10
18,1008,1.871706926244936e-41,0.39999960649378624,3.935513436579787e-07,0.59999999995487,25,50,10
18,1009,2.1761651358921693e-44,0.39999999977124917,2.7319684030738966e-10,0.599999999955554,25,50,10
18,1010,6.190390816722217e-42,0.3999999998281393,1.9311013307473216e-10,0.5999999999787505,25,50,10
18,1011,4.9089270133749286e-42,0.3999999999996719,1.3451889926184527e-11,0.5999999999868763,25,50,10
18,1012,4.730611349619942e-45,0.3999999998286017,1.7226395908134918e-10,0.5999999999991344,25,50,10
18,1013,2.265900876999092e-40,0.39999999965654753,8.55844791869993e-10,0.5999999994876078,25,50,10
18,1014,1.2941070443249706e-42,0.39999999965532773,0.00012952430331976422,0.5998704760413526,25,50,10
18,1015,1.229399342637289e-42,0.3999999998261008,0.0001295236327808175,0.5998704765411184,25,50,10
18,1016,1.2358107561091222e-42,0.39999999749369736,0.0001295259649548755,0.5998704765413477,25,50,10
18,1017,3.406371694172939e-45,0.3999999974972224,0.00012952596222147442,0.599870476540556,25,50,10
18,1018,2.81519604976492e-43,0.3999999934375278,0.00012953005756718769,0.5998704765049051,25,50,10
18,1019,1.2381088795189489e-42,0.39957093241070135,0.0005585910487116035,0.5998704765405871,25,50,10
18,1020,1.5065891885755538e-45,0.39999999995811614,4.2356248557266055e-11,0.5999999999995276,25,50,10
18,1021,1.2604464681170105e-42,0.39999999995595226,7.743099252877539e-11,0.5999999999666168,25,50,10
18,1022,3.6892880383274405e-42,0.39999999995734703,5.6865171788244236e-11,0.5999999999857878,25,50,10
18,1023,5.688252011554922e-38,0.3999999919302194,8.582287164753177e-09,0.5999999994874934,25,50,10
18,1024,7.606199448543176e-41,0.3999999895473113,1.1154668302443003e-08,0.5999999992980204,25,50,10
18,1025,1.2928952867706937e-42,0.3999999941922146,8.56065209344912e-09,0.5999999972471334,25,50,10
18,1026,2.788890488212848e-43,0.39999999665189295,5.383463747269334e-09,0.5999999979646433,25,50,10
18,1027,2.640631939817067e-43,0.39999960655060446,3.934498637750033e-07,0.5999999999995318,25,50,10
18,1028,3.924938931143332e-42,0.39999960655355926,3.9393212957421796e-07,0.5999999995143113,25,50,10
18,1029,2.5748248619331637e-43,0.3999999998767224,6.074092495214726e-10,0.5999999995158682,25,50,10
18,1030,2.653961864319244e-43,0.39999999981696666,2.0149696276685652e-10,0.5999999999815363,25,50,10
18,1031,2.628557129636256e-43,0.3999994473361005,5.526646823211864e-07,0.5999999999992172,25,50,10
18,1032,2.1027306561570835e-40,0.3999994472973533,5.527118317475302e-07,0.599999999990815,25,50,10
18,1033,1.553868561024802e-42,0.3999994440634557,5.564840007113987e-07,0.5999999994525438,25,50,10
18,1034,1.4848533019164715e-42,0.39999999672111175,3.3001161096037774e-09,0.5999999999787723,25,50,10
18,1035,3.988074433631717e-39,0.3999999965649201,3.4475437972244457e-09,0.5999999999875362,25,50,10
18,1036,6.996180707539673e-41,0.39999999987777124,1.570033626817282e-09,0.5999999985521952,25,50,10
18,1037,1.888093839237572e-46,0.39999999958960386,4.703711088063746e-06,0.5999952966993081,25,50,10
18,1038,1.1454573425792357e-45,0.39999999965003147,3.5033837017516757e-10,0.5999999999996302,25,50,10
18,1039,3.0730831134690097e-43,0.3999999999955093,4.951368105599887e-12,0.5999999999995395,25,50,10
18,1040,6.171440754438502e-46,0.39999999999986974,1.2195671453839721e-12,0.5999999999989108,25,50,10
18,1041,2.2006563282308702e-44,0.39999999761832333,2.3821046124159815e-09,0.5999999999995722,25,50,10
18,1042,1.7485447012847633e-41,0.39999999009221965,9.907794716938723e-09,0.5999999999999855,25,50,10
18,1043,3.986611484863908e-39,0.3999999998298031,1.712824164712156e-10,0.5999999999989146,25,50,10
18,1044,3.667503018589638e-42,0.3999999999998757,7.89291791142324e-13,0.599999999999335,25,50,10
18,1045,1.2514304519279532e-45,0.3999999999940124,8.255398637641185e-08,0.5999999174520012,25,50,10
18,1046,1.1128494871698844e-44,0.39999999999991426,1.3014945536868599e-11,0.5999999999870708,25,50,10
18,1047,7.000471367779037e-41,0.3999999999977152,1.4769339105487824e-11,0.5999999999875155,25,50,10
18,1048,7.105265057472108e-44,0.3999999999998161,2.483815345492329e-11,0.5999999999753457,25,50,10
18,1049,5.863718491499136e-45,0.3999999965331712,3.479180727904259e-09,0.5999999999876482,25,50,10
18,1050,1.191540946316773e-38,0.39999999970843036,3.293157852812591e-10,0.599999999962254,25,50,10
18,1051,1.1915323288723423e-38,0.39999999982682033,1.7320440580869208e-10,0.5999999999999753,25,50,10
18,1052,3.246600581383611e-41,0.39999999977137657,9.309325037783251e-10,0.599999999297691,25,50,10
18,1053,3.2483017560430365e-41,0.3999370456180052,6.295558382712772e-05,0.5999999987981678,25,50,10
18,1054,1.8348256617528866e-41,0.3999370455632674,6.295443698264002e-05,0.5999999999997501,25,50,10
18,1055,5.578924878731554e-45,0.3999999998283,1.7191942598206474e-10,0.5999999999997807,25,50,10
18,1056,9.423644529943955e-46,0.399999999874434,1.25574406694528e-10,0.5999999999999917,25,50,10
18,1057,9.96954250808845e-40,0.3999999998393286,1.6106810096594456e-10,0.5999999999996032,25,50,10
18,1058,9.966482053006106e-40,0.3999999999411728,5.95671093097635e-11,0.59999999999926,25,50,10
18,1059,9.966535337720509e-40,0.39999999999903246,1.8065813269408423e-12,0.599999999999161,25,50,10
18,1060,3.1275789157082827e-43,0.3999999975690444,2.431490039859561e-09,0.5999999999994656,25,50,10
18,1061,2.7166936181962013e-36,0.3999999964402652,4.262157564211223e-09,0.5999999992975772,25,50,10
18,1062,3.1138433112958076e-43,0.3999999966472615,3.3619702967776553e-09,0.5999999999907684,25,50,10
18,1063,5.3948894109986913e-45,0.3999999997541584,2.550648352730358e-10,0.5999999999907767,25,50,10
18,1064,2.0000143648999272e-45,0.39999999987880913,1.3873752389097601e-10,0.5999999999824535,25,50,10
18,1065,1.642270501712444e-45,0.39999980919190725,1.908174829703228e-07,0.5999999999906098,25,50,10
18,1066,4.9238790714371146e-46,0.39999980931517287,1.90686079230845e-07,0.5999999999987479,25,50,10
18,1067,5.6894749373631304e-46,0.3999998059698165,1.940314682481783e-07,0.5999999999987154,25,50,10
18,1068,1.3039713265801103e-45,0.39999960655066114,3.9416057658407713e-07,0.5999999992887625,25,50,10
18,1069,8.006564859317904e-47,0.39999999999620556,1.205174881041219e-09,0.5999999987986196,25,50,10
18,1070,6.979296385391847e-49,0.3999999999984669,7.127751157771659e-10,0.599999999288758,25,50,10
18,1071,3.5006180889544884e-43,0.3999999906142119,1.008841849724666e-08,0.5999999992973697,25,50,10
18,1072,2.8523906070933e-44,0.3999999856581819,5.436263479551075e-08,0.5999999599791833,25,50,10
18,1073,6.994516796619109e-41,0.39999999761215066,2.4134783472245168e-09,0.599999999974371,25,50,10
18,1074,1.0338367050802357e-46,0.3999999999991447,8.728227566640092e-13,0.5999999999999823,25,50,10
18,1075,6.99660457229449e-41,0.3999998091449506,1.9086774913464235e-07,0.5999999999873002,25,50,10
18,1076,1.4675269234696157e-41,0.39999999979737827,2.2761656377004996e-10,0.5999999999750052,25,50,10
18,1077,3.8712867250319167e-35,0.39999999987875445,7.997795063659506e-10,0.599999999321466,25,50,10
18,1078,3.871286732031779e-35,0.3999998093122862,1.9140194495381761e-07,0.5999999992857687,25,50,10
18,1079,3.871286732556033e-35,0.39999980927129664,1.9076529504771761e-07,0.5999999999634084,25,50,10
18,1080,9.970296088174468e-40,0.3999998092691788,1.9074026438259798e-07,0.5999999999905569,25,50,10
18,1081,9.969588642669299e-40,0.39999999995195756,4.847986776189308e-11,0.5999999999995625,25,50,10
18,1082,6.560293630282839e-44,0.39999999999408814,6.976453113574906e-12,0.5999999999989355,25,50,10
18,1083,5.682639204348187e-38,0.3999999999355097,6.493858153984889e-11,0.5999999999995517,25,50,10
18,1084,3.1227144359991716e-43,0.3999999999934748,7.082142286838611e-10,0.5999999992983109,25,50,10
18,1085,3.2213718669828576e-43,0.3999788233229274,2.1176677650381628e-05,0.5999999999994222,25,50,10
18,1086,3.1675308362542226e-43,0.3999999998815174,1.1989510411142716e-10,0.5999999999985876,25,50,10
18,1087,4.766124804521916e-38,0.39999999993913404,2.7599006261290437e-08,0.5999999724618597,25,50,10
18,1088,4.766185606872499e-38,0.39999999995639834,2.808070272754341e-08,0.599999971962899,25,50,10
18,1089,9.203613838713033e-43,0.39998492338336683,1.51545856620663e-05,0.5999999220309712,25,50,10
18,1090,1.4977650921712134e-41,0.3999849136882086,1.9867582074108132e-05,0.5999952187297173,25,50,10
18,1091,2.1751276677555635e-44,0.39999999999995034,7.796545679113866e-08,0.599999922034593,25,50,10
18,1092,1.295243200626077e-35,0.399999996486012,8.147092370752552e-08,0.5999999220430644,25,50,10
18,1093,1.2952436883877604e-35,0.3999999999487531,7.561105836160705e-11,0.5999999999756359,25,50,10
18,1094,8.362381903095217e-40,0.3999999999959183,7.462252880705826e-11,0.5999999999294593,25,50,10
18,1095,9.969589190416092e-40,0.3999999966475288,3.3527234769131995e-09,0.5999999999997477,25,50,10
18,1096,9.978791111576477e-40,0.3999999999401074,6.030022698525466e-11,0.5999999999995925,25,50,10
18,1097,9.896810360238687e-45,0.39999999999478214,6.519058733220934e-12,0.5999999999986989,25,50,10
18,1098,3.1674842440667432e-43,0.3999999967204789,3.315444565688044e-09,0.5999999999640766,25,50,10
18,1099,5.868524273743067e-45,0.3999999967219665,3.2787144085744677e-09,0.599999999999319,25,50,10
18,1100,3.0726388040859986e-43,0.3999994471281981,5.528718270050513e-07,0.5999999999999749,25,50,10
18,1101,5.075045189775987e-45,0.3999999997858581,2.1415705363017575e-10,0.5999999999999848,25,50,10
18,1102,4.718570357463623e-46,0.39999226351941447,7.736481212030826e-06,0.5999999999993735,25,50,10
18,1103,1.534720124465139e-45,0.39999226125895604,7.739419367971271e-06,0.599999999321676,25,50,10
18,1104,1.2594268258846786e-45,0.39999999024537586,9.755273046255812e-09,0.5999999999993512,25,50,10
18,1105,5.3896334938960144e-45,0.39999999978437784,2.1578696054865824e-10,0.5999999999998352,25,50,10
18,1106,8.278567431016874e-47,0.39999999999410507,4.245718338123199e-11,0.5999999999634378,25,50,10
18,1107,5.542040725744051e-45,0.399999999992846,7.771184224884378e-12,0.5999999999993828,25,50,10
18,1108,8.97639923073578e-47,0.3999999966516137,3.349060870951864e-09,0.5999999999993254,25,50,10
18,1109,4.699552127650251e-39,0.3987612643721178,0.0012387356638090834,0.599999999964073,25,50,10
18,1110,4.7029665739174416e-39,0.3987611295874802,0.0012388704250640883,0.5999999999874557,25,50,10
18,1111,1.2956311406558002e-35,0.3987611318458353,0.0012388681541756876,0.599999999999989,25,50,10
18,1112,1.4427088193524153e-44,0.39999999977309386,1.161448619839812e-07,0.5999998840820441,25,50,10
18,1113,1.4700542046842522e-41,0.39999999994248425,1.1597585529050816e-07,0.5999998840816604,25,50,10
18,1114,1.4739679346465465e-41,0.39999999987786794,1.6755592369065008e-10,0.5999999999545762,25,50,10
18,1115,7.012123239092354e-44,0.3999999999989287,4.614975252449905e-11,0.5999999999549215,25,50,10
18,1116,2.7166924614560227e-36,0.3999999953153464,4.693647294366733e-09,0.5999999999910063,25,50,10
18,1117,2.604498288516036e-44,0.3999999999971407,1.4514090837743375e-09,0.5999999985514503,25,50,10
18,1118,4.987177570014924e-39,0.39999999977956,2.3323036263681556e-10,0.5999999999872095,25,50,10
18,1119,8.379105659139783e-40,0.3999998069300025,9.248925216273733e-05,0.5999077038178348,25,50,10
18,1120,3.667499430698633e-42,0.39999980693070364,1.9309393136488454e-07,0.599999999975365,25,50,10
18,1121,3.736255746969159e-42,0.3999999966516672,8.131716483063674e-08,0.599999922031168,25,50,10
18,1122,1.2285440376933164e-42,0.3999999997539593,7.820254148438338e-08,0.5999999220434993,25,50,10
18,1123,1.2327885973831027e-42,0.3999999998750998,1.5727082288605074e-09,0.599999998552192,25,50,10
18,1124,2.6547134331604923e-44,0.3999999999961296,2.833340266992119e-11,0.599999999975537,25,50,10
18,1125,1.7485433254241426e-41,0.39999999025923705,9.740983706830115e-09,0.5999999999997793,25,50,10
18,1126,2.716711181588117e-36,0.39998931454276865,1.0685474758325172e-05,0.599999999982473,25,50,10
18,1127,1.2540830006950092e-42,0.39998931458969955,1.0685410313881962e-05,0.5999999999999867,25,50,10
18,1128,7.086959850990153e-44,0.39999998990417135,1.0095856684759944e-08,0.5999999999999719,25,50,10
18,1129,6.121840324843983e-42,0.3999999995578209,4.43052671758125e-10,0.5999999999991265,25,50,10
18,1130,1.5392622626437366e-42,0.3999999997283366,9.74021436822923e-10,0.5999999992976419,25,50,10
18,1131,1.2380599450498328e-42,0.399999999898331,8.033497024010293e-10,0.5999999992983193,25,50,10
18,1132,1.238148949999442e-42,0.3995637456451913,0.0004362543909552281,0.5999999999638534,25,50,10
18,1133,6.610319201943062e-44,0.39999998307694645,1.6924394882646593e-08,0.5999999999986587,25,50,10
18,1134,5.680892841411148e-38,0.3999999928062968,7.218154891364277e-09,0.5999999999755484,25,50,10
18,1135,5.680897229341038e-38,0.3999999975722387,2.4279975231178518e-09,0.5999999999997638,25,50,10
18,1136,5.680903671835637e-38,0.39999999756735144,2.4693326099108105e-09,0.599999999963316,25,50,10
18,1137,5.682646087573864e-38,0.39999999964603944,3.66914101647523e-10,0.5999999999870466,25,50,10
18,1138,6.994065017674833e-41,0.3999997352795912,2.6472099666345027e-07,0.5999999999994121,25,50,10
18,1139,3.737003148952288e-42,0.39999999018298094,1.0554377889104032e-08,0.5999999992626412,25,50,10
18,1140,7.196564273959979e-44,0.3999999997085839,1.0024758288675919e-09,0.5999999992889402,25,50,10
18,1141,3.3369252528325583e-43,0.39999999313609647,6.873470697865684e-09,0.5999999999904329,25,50,10
18,1142,3.2725711272729173e-43,0.3999999934753103,6.524932233781336e-09,0.5999999999997576,25,50,10
18,1143,6.994018486618377e-41,0.39999999982509316,1.7555821817946894e-10,0.5999999999993486,25,50,10
18,1144,1.590204637051333e-41,0.3999999964815187,4.220175050288683e-09,0.5999999992983063,25,50,10
18,1145,3.677515336723676e-42,0.39999999652955975,3.491911127304281e-09,0.5999999999785292,25,50,10
18,1146,3.497934118256932e-41,0.39999999635724137,3.6429476659572655e-09,0.599999999999811,25,50,10
18,1147,1.7792222990103823e-41,0.3999999998276779,1.7250070918645133e-10,0.5999999999998213,25,50,10
18,1148,7.020530620452583e-44,0.39997758573060405,2.2414269879871485e-05,0.5999999999995161,25,50,10
18,1149,6.994065159791745e-41,0.3999994472763075,5.527246002238783e-07,0.5999999999990923,25,50,10
18,1150,7.045528611429538e-41,0.39999944727634473,5.527247429329099e-07,0.5999999999989124,25,50,10
18,1151,3.2660916918926423e-43,0.39999999755539606,2.4803060664580996e-09,0.599999999964298,25,50,10
18,1152,3.1186441957723412e-43,0.39999986169114804,1.383176315078003e-07,0.5999999999912204,25,50,10
18,1153,3.1215282356774524e-43,0.39999986174591756,1.3962177362029883e-07,0.5999999986323088,25,50,10
18,1154,7.025272823210884e-41,0.39999999738282727,2.617832780302321e-09,0.59999999999934,25,50,10
18,1155,2.5736868460370775e-43,0.39999999995602914,4.399598925359751e-11,0.599999999999975,25,50,10
18,1156,3.882748765587062e-46,0.39999999995711605,4.289506655054905e-11,0.5999999999999889,25,50,10
18,1157,8.597023998859894e-44,0.39999999995804214,4.2195483586391616e-11,0.5999999999997623,25,50,10
18,1158,8.67401069792495e-44,0.39999986424773104,1.3575286014612698e-07,0.5999999999994088,25,50,10
18,1159,8.642802595992248e-44,0.39999999030012945,3.817310602556581e-08,0.5999999715267647,25,50,10
18,1160,3.238107750894079e-36,0.39999999981907036,2.86543937876227e-08,0.5999999715265358,25,50,10
18,1161,3.2381077139348106e-36,0.3999999975141579,3.472398699939567e-09,0.5999999990134435,25,50,10
18,1162,3.238107994647436e-36,0.3999999998936441,1.0710950162401883e-10,0.5999999999992464,25,50,10
18,1163,7.118933886250781e-41,0.39997882562666165,2.117640717289118e-05,0.5999999979661654,25,50,10
18,1164,2.3413073495387122e-44,0.39999980931366486,1.9140096991753597e-07,0.5999999992853651,25,50,10
18,1165,1.1630741330072641e-46,0.3999999999956576,3.03832827748761e-11,0.5999999999739591,25,50,10
18,1166,3.6677777854390905e-42,0.3999999999978502,2.3808848303081697e-12,0.5999999999997688,25,50,10
18,1167,1.295242865429045e-35,0.39999999335613323,8.011750817528378e-09,0.599999998632116,25,50,10
18,1168,1.2952427843589916e-35,0.3999999899531253,1.0555170548949222e-08,0.5999999994917041,25,50,10
18,1169,6.994958997371549e-41,0.3999996063737774,3.9362644985095497e-07,0.5999999999997726,25,50,10
18,1170,7.020328214671764e-41,0.3999999997753899,2.5040307670355607e-10,0.599999999974207,25,50,10
18,1171,1.3996185549954834e-40,0.3999999999351327,6.518625000431202e-11,0.599999999999681,25,50,10
18,1172,1.3179736388407086e-35,0.3999999966044565,3.3957744081687612e-09,0.5999999999997692,25,50,10
18,1173,1.317973638795754e-35,0.39999999660947244,4.3385654991320084e-08,0.5999999600048727,25,50,10
18,1174,6.994566483870048e-41,0.39999999995217606,4.004346041807431e-08,0.5999999600043637,25,50,10
18,1175,6.996172115587617e-41,0.3999999966524588,4.3342647247467455e-08,0.599999960004894,25,50,10
18,1176,1.2324357227636983e-42,0.39999999994050994,5.995485909425324e-11,0.5999999999995352,25,50,10
18,1177,2.2723383805494776e-37,0.39999961846048704,3.8153953206601786e-07,0.5999999999999809,25,50,10
18,1178,1.4684891877766472e-41,0.39882781352558927,0.0011721864750561708,0.5999999999993545,25,50,10
18,1179,2.2479820487665083e-37,0.3983987527959181,0.0016012472397779923,0.5999999999643039,25,50,10
18,1180,2.2479947466790147e-37,0.39839875266283536,0.0016012474091767718,0.5999999999279879,25,50,10
18,1181,2.247982476886366e-37,0.39839875284061704,0.0016012471971448025,0.5999999999622382,25,50,10
18,1182,2.2479851081017826e-37,0.3995709355700393,0.00042914494600780026,0.5999999194839529,25,50,10
18,1183,2.2481285364016914e-37,0.3995709387424953,0.0004290613092516728,0.5999999999482531,25,50,10
18,1184,1.4976655911079398e-41,0.3999999999984064,2.2740409270508287e-12,0.5999999999993196,25,50,10
18,1185,2.9646263196838793e-41,0.3999999999961363,4.028869845755484e-12,0.5999999999998348,25,50,10
18,1186,1.497645623957638e-41,0.3999999930539516,6.980222812547526e-09,0.5999999999658255,25,50,10
18,1187,3.069478092134806e-43,0.399999999956585,5.549316478587159e-11,0.5999999999879218,25,50,10
18,1188,2.1652659289077525e-44,0.39999999995385416,4.6176285046900285e-11,0.5999999999999694,25,50,10
18,1189,2.167228726368114e-44,0.39999999309525447,6.904779483077041e-09,0.599999999999966,25,50,10
18,1190,1.4669908011211308e-41,0.39999980908457905,1.9142772008421096e-07,0.5999999994877008,25,50,10
18,1191,6.472119359556403e-44,0.39999999977006917,1.7158579574646812e-09,0.5999999985140729,25,50,10
18,1192,3.824527011790828e-46,0.39999999990089585,9.927460253620965e-11,0.5999999999998294,25,50,10
18,1193,3.974363103393436e-42,0.3999999998298215,6.634886310344468e-06,0.5999933652838683,25,50,10
18,1194,7.929465172206092e-42,0.39999999999653485,2.800266153777708e-08,0.5999999720008037,25,50,10
18,1195,4.899024213005971e-42,0.39999999995812224,4.2110525120867156e-11,0.5999999999997673,25,50,10
18,1196,1.534233698886793e-42,0.3999999999572946,4.287106205009591e-11,0.5999999999998343,25,50,10
18,1197,3.070359866345823e-43,0.3999999999560751,5.2696961346317465e-11,0.599999999991228,25,50,10
18,1198,2.842825248566106e-43,0.3999999999116298,1.1423209209533936e-10,0.5999999999741382,25,50,10
18,1199,1.4954253807557296e-41,0.39999999995337987,1.0204338223643283e-09,0.5999999990261863,25,50,10
18,1200,9.97041177973928e-40,0.3999999966106202,4.20779066717375e-08,0.5999999613114732,25,50,10
18,1201,1.479958301380942e-41,0.3999999999581074,3.9424239694373625e-08,0.5999999606176529,25,50,10
18,1202,5.753423229104845e-45,0.3999999999321655,1.1599551234728772e-10,0.599999999951839,25,50,10
18,1203,8.742920177678203e-41,0.39999999030295413,9.697069281476213e-09,0.5999999999999766,25,50,10
18,1204,1.2535586519883392e-45,0.39999999999891905,1.029964986005183e-11,0.5999999999907812,25,50,10
18,1205,3.222105025654818e-43,0.39999999999905284,5.372297372315976e-10,0.5999999994637174,25,50,10
18,1206,6.3344891009655995e-43,0.39999986100884594,1.394913360964076e-07,0.5999999994998181,25,50,10
18,1207,3.265950285276271e-43,0.3999998640360191,1.364641701374574e-07,0.5999999994998108,25,50,10
18,1208,9.969590097520672e-40,0.3999999996179383,3.82709477120409e-10,0.5999999999993523,25,50,10
18,1209,9.064142723660096e-40,0.3999999930547058,6.958473864957764e-09,0.5999999999868204,25,50,10
18,1210,4.568515996602649e-45,0.39999999995523056,5.4430941133349e-10,0.5999999995004601,25,50,10
18,1211,7.116800716481054e-41,0.39999999070991266,9.789642908517769e-09,0.5999999995004445,25,50,10
18,1212,9.966532579367106e-40,0.3999999999977746,2.678076086888952e-12,0.5999999999995472,25,50,10
18,1213,2.7266256016886805e-44,0.39999999987884693,1.5821576971443892e-09,0.5999999985389954,25,50,10
18,1214,4.766129708330582e-38,0.3999999998779481,1.5827644090279983e-09,0.5999999985392875,25,50,10
18,1215,8.742709739269868e-41,0.39999999676306364,4.685690620158311e-09,0.5999999985512458,25,50,10
18,1216,8.74264292905108e-41,0.39999999676521,4.6837958084446854e-09,0.5999999985509943,25,50,10
18,1217,2.7017203909767084e-44,0.3999999930935828,6.9074158587546625e-09,0.5999999999990014,25,50,10
18,1218,2.219930804285719e-44,0.39999985716537895,1.4283500926952268e-07,0.5999999999996117,25,50,10
18,1219,8.51770680231755e-46,0.39999999994119567,9.449307522919249e-11,0.5999999999643113,25,50,10
18,1220,3.760194392034275e-43,0.39999999988346074,1.7643061827871252e-10,0.5999999999401086,25,50,10
18,1221,2.0633115968901834e-42,0.39999999988338397,1.5327368006615205e-10,0.5999999999633424,25,50,10
18,1222,2.6047050330755985e-41,0.3999891338064174,1.0894692655653373e-05,0.599999971500927,25,50,10
18,1223,6.197220318691493e-45,0.39999999993912516,1.454111197998248e-09,0.5999999986067636,25,50,10
18,1224,3.694646053417094e-42,0.3999999999370015,1.0136060749533896e-10,0.5999999999616379,25,50,10
18,1225,1.1915344886354297e-38,0.3999999999968065,2.8988214019600388e-11,0.5999999999742053,25,50,10
18,1226,3.7362589257666745e-42,0.3999999973261121,2.6993220101099387e-09,0.5999999999745659,25,50,10
18,1227,1.052061189271178e-32,0.3999999974923743,2.5426649513128158e-09,0.5999999999649609,25,50,10
18,1228,1.0520611958420527e-32,0.3999999953081684,4.6924794397906454e-09,0.5999999999993523,25,50,10
18,1229,7.1231682528538e-41,0.39999999995805496,4.3167413760318845e-11,0.5999999999987776,25,50,10
18,1230,2.157675359856587e-44,0.3999999997869746,2.143164098159414e-10,0.5999999999987091,25,50,10
18,1231,1.2925054059622567e-42,0.3999999975744143,5.161368014837962e-09,0.5999999972642178,25,50,10
18,1232,6.473812926169983e-44,0.39999999309623796,6.90515952547378e-09,0.5999999999986025,25,50,10
18,1233,5.3904092054639746e-45,0.3999894887521374,1.0511248272563234e-05,0.59999999999959,25,50,10
18,1234,1.805480338239644e-41,0.39998947425018616,1.0526249572934365e-05,0.599999999500241,25,50,10
18,1235,1.7765150306848657e-41,0.3999999953546311,4.646583491052057e-09,0.5999999999987855,25,50,10
18,1236,3.950059533231777e-42,0.3999999999577307,5.5425417123448286e-11,0.599999999986844,25,50,10
18,1237,4.011548631094445e-42,0.3999999999594583,2.9026142466981814e-08,0.5999999710143993,25,50,10
18,1238,4.038883017824997e-42,0.3999999999984027,5.513834437358891e-10,0.5999999994502139,25,50,10
18,1239,8.744672334250014e-41,0.39999981557973546,1.8445798911477821e-07,0.5999999999622753,25,50,10
18,1240,2.1634134064206683e-44,0.3999999976138717,3.102158880777984e-09,0.5999999992839694,25,50,10
18,1241,2.8433877364098133e-43,0.3999994449568986,5.937188613449439e-07,0.59999996132424,25,50,10
18,1242,2.1913143251993445e-44,0.39999999422814425,5.772470859092355e-09,0.5999999999993848,25,50,10
18,1243,5.680897280403351e-38,0.3999999976122016,2.3882575827340153e-09,0.5999999999995409,25,50,10
18,1244,5.680893039162079e-38,0.3999999976072017,2.3928188840810825e-09,0.5999999999999794,25,50,10
18,1245,5.680924071479174e-38,0.3999999998661643,1.1605227174479671e-07,0.599999884081564,25,50,10
18,1246,3.3404142255666067e-43,0.3999999905915433,9.409720979986327e-09,0.5999999999987358,25,50,10
18,1247,5.392791311991901e-45,0.3999999998757721,1.3271197562634626e-10,0.5999999999915161,25,50,10
18,1248,2.3871861722677764e-44,0.3999999999998211,1.7737336060378933e-11,0.5999999999824416,25,50,10
18,1249,9.239228523764727e-44,0.3999996065514274,3.9348261680662176e-07,0.5999999999659558,25,50,10
18,1250,3.9866137627713184e-39,0.3999996063736061,3.9362705612355985e-07,0.5999999999993377,25,50,10
18,1251,3.986849663941424e-39,0.3999999998370081,2.863609461032776e-08,0.5999999715268973,25,50,10
18,1252,2.585926022909161e-43,0.39999999983698603,2.8636124445885885e-08,0.5999999715268896,25,50,10
18,1253,2.573791306909338e-43,0.39999999994011726,2.853320464987184e-08,0.599999971526678,25,50,10
18,1254,5.863696174818122e-45,0.399999996705504,3.1768451745626254e-08,0.5999999715260443,25,50,10
18,1255,3.6990027467295466e-42,0.3999999999549365,4.6151078778205865e-11,0.5999999999989125,25,50,10
18,1256,3.715920838358359e-42,0.39999973521686655,2.66231384179757e-07,0.5999999985517492,25,50,10
18,1257,4.920577843925311e-42,0.399999999940167,7.303129547069195e-11,0.5999999999868018,25,50,10
18,1258,9.064312266398924e-40,0.39999999988546214,1.1561270216149844e-10,0.5999999999989252,25,50,10
18,1259,5.914117940791069e-43,0.39999999298078165,7.698383910056894e-09,0.5999999993208344,25,50,10
18,1260,9.969208731245489e-40,0.39999999994011826,7.388345523018284e-10,0.5999999993210473,25,50,10
18,1261,7.084087779828236e-45,0.3999999999411624,2.922235923155382e-08,0.5999999708364784,25,50,10
18,1262,1.169275912571953e-44,0.3999999997869887,2.2602740404041932e-10,0.599999999986984,25,50,10
18,1263,1.7029921481119365e-45,0.39999999995713703,4.3694590410351474e-11,0.5999999999991685,25,50,10
18,1264,2.6272227638946926e-46,0.3999999999959989,5.16038852321933e-10,0.5999999994879623,25,50,10
18,1265,9.590983967068671e-47,0.39999999999596064,4.0705467347756536e-12,0.599999999999969,25,50,10
18,1266,7.082160283017052e-41,0.3999999999963167,5.647623337581705e-10,0.599999999438921,25,50,10
18,1267,7.050883475728774e-41,0.3999999999933697,1.9545538728829586e-09,0.5999999980520765,25,50,10
18,1268,7.000907303610492e-41,0.3999999999975005,2.5249288664805934e-12,0.5999999999999746,25,50,10
18,1269,3.986665515697462e-39,0.3999894956526145,1.0504356469547358e-05,0.599999999990916,25,50,10
18,1270,1.1325421021751558e-44,0.3999894956522189,1.0504357544485602e-05,0.5999999999902367,25,50,10
18,1271,6.996299817512357e-41,0.3999999999373754,8.168509326979487e-11,0.5999999999809394,25,50,10
18,1272,2.2773859860969202e-48,0.39999999999708663,3.038522491641943e-11,0.5999999999725283,25,50,10
18,1273,1.175820275630564e-47,0.3999999998298268,1.9579485795579635e-10,0.5999999999743784,25,50,10
18,1274,4.898007329374346e-45,0.39999999665319136,3.3468357807223105e-09,0.5999999999999728,25,50,10
18,1275,3.732932850965774e-42,0.39999999665353997,4.201068183278584e-08,0.599999961335778,25,50,10
18,1276,3.0716309650547466e-43,0.3999998609021633,1.3910699467835166e-07,0.599999999990842,25,50,10
18,1277,2.7927916108159407e-43,0.3999998607324236,1.3927758154228632e-07,0.5999999999899949,25,50,10
18,1278,3.23894959068473e-36,0.39999945068656906,5.493433648008265e-07,0.5999999999700661,25,50,10
18,1279,8.53648782703157e-40,0.39999973521879056,2.6481453651052517e-07,0.599999999966673,25,50,10
18,1280,1.7491518907063563e-41,0.39999973527949867,2.647426339143571e-07,0.5999999999778673,25,50,10
18,1281,2.0147492329566216e-36,0.3848879734360047,0.015112026573399827,0.5999999999905955,25,50,10
18,1282,5.781173222938401e-48,0.3999999929167851,7.083234947386138e-09,0.5999999999999798,25,50,10
18,1283,6.7917311445422655e-37,0.39999999987300194,1.6290117704937873e-10,0.5999999999640968,25,50,10
18,1284,6.791731788148809e-37,0.39999999987302104,1.893429416564905e-10,0.599999999937636,25,50,10
18,1285,1.2270652152192892e-42,0.3999999998686099,1.7474239464567054e-10,0.5999999999566477,25,50,10
18,1286,5.87715160393487e-45,0.3999999998734704,1.355100651328164e-10,0.5999999999910197,25,50,10
18,1287,3.722474850521361e-44,0.3999999998692802,1.760224537907203e-10,0.5999999999546973,25,50,10
18,1288,2.7901918022119195e-43,0.3999999999885811,2.0632703251330874e-11,0.5999999999907862,25,50,10
18,1289,1.2636248211309967e-45,0.3999999998705661,1.4214705491361477e-10,0.5999999999872869,25,50,10
18,1290,6.578555771296385e-44,0.39999999995314495,4.77355182583107e-11,0.5999999999991197,25,50,10
18,1291,6.79477897445433e-44,0.3999999999559617,7.465852968159086e-10,0.5999999992974532,25,50,10
18,1292,1.7620269087732942e-41,0.3999999999131066,1.0003368498957753e-10,0.5999999999868598,25,50,10
18,1293,9.967183703752495e-40,0.39999999999508845,2.0394159850159263e-09,0.5999999979654956,25,50,10
18,1294,2.804887383765051e-44,0.39999999292175736,7.078894257073828e-09,0.5999999999993484,25,50,10
18,1295,2.1530424810531218e-44,0.3999891336977385,1.0866302894450368e-05,0.5999999999993672,25,50,10
18,1296,6.571830660689914e-44,0.39999999999923214,9.715428460695926e-12,0.5999999999910525,25,50,10
18,1297,3.716193214741851e-42,0.39999999999707947,4.009961856785599e-12,0.5999999999989105,25,50,10
18,1298,3.689668334105972e-42,0.39999999999634306,4.070169844021739e-08,0.5999999593019585,25,50,10
18,1299,3.673522043142038e-42,0.39999999309141626,4.763140046610374e-08,0.5999999592771832,25,50,10
18,1300,4.916309991426221e-42,0.3999999999520647,1.5596086121842232e-07,0.5999998440870741,25,50,10
18,1301,2.193708418232148e-44,0.39999999989632257,1.1603418253688063e-07,0.5999998840694949,25,50,10
18,1302,2.70339018317176e-44,0.39999998787772284,1.285520710636987e-07,0.5999998835702061,25,50,10
18,1303,1.0572944891645108e-46,0.39999999982392387,1.1661048780800145e-07,0.5999998835655883,25,50,10
18,1304,4.696994548183378e-45,0.39999999970272243,8.266462851215211e-10,0.5999999994706314,25,50,10
18,1305,2.7167623785640373e-36,0.399999864127416,1.3589862036968246e-07,0.5999999999739637,25,50,10
18,1306,1.0665889491149741e-39,0.3999998608914171,1.4118571704519705e-07,0.5999999979228661,25,50,10
18,1307,1.0141329403684417e-39,0.39999999672452746,3.301238853396298e-09,0.5999999999742337,25,50,10
18,1308,1.789472465210781e-45,0.39999999977820083,7.131673446967511e-10,0.5999999995086318,25,50,10
18,1309,8.214130575973982e-45,0.39999999982690454,6.645331151840941e-10,0.5999999995085623,25,50,10
18,1310,5.85546494267885e-45,0.39999999727737134,2.723085280053999e-09,0.5999999999995435,25,50,10
18,1311,1.7120285767425087e-45,0.3994099299401585,0.0005900700602900075,0.5999999999995516,25,50,10
18,1312,8.865243983312481e-41,0.3994099298822472,0.0005900701452961549,0.5999999999724566,25,50,10
18,1313,8.76884128439851e-41,0.39999999976951556,2.3155687469470804e-10,0.5999999999989276,25,50,10
18,1314,1.7796412988863774e-41,0.3999999997695386,2.563205643173818e-10,0.5999999999741409,25,50,10
18,1315,1.7560705497082427e-41,0.3999999995992543,1.909990096524754e-09,0.5999999984907557,25,50,10
18,1316,8.166142167472775e-44,0.399999999819414,1.6496835218062804e-09,0.5999999985309025,25,50,10
18,1317,3.1223339650298935e-43,0.399999447226832,5.527819538449414e-07,0.5999999999912142,25,50,10
18,1318,2.7869421435001756e-42,0.39999944715612806,2.832462682949271e-06,0.599997720381189,25,50,10
18,1319,1.7796515671544706e-41,0.3999998640198254,2.4155993522122817e-06,0.5999977203808224,25,50,10
18,1320,2.272537908696072e-37,0.3999999997697446,1.6340585568016754e-09,0.5999999985961969,25,50,10
18,1321,2.2723606769144227e-37,0.39998912411114174,1.0875925066094986e-05,0.5999999999637923,25,50,10
18,1322,7.032117510663257e-41,0.3999891239489439,1.0876051368109723e-05,0.5999999999996879,25,50,10
18,1323,5.403741302924015e-45,0.3999999999331528,7.906103919472296e-11,0.5999999999877861,25,50,10
18,1324,7.954802067041443e-46,0.3999999998568687,1.556712576280452e-10,0.5999999999874601,25,50,10
18,1325,3.0688221504248625e-43,0.3999999999380817,6.193873999777189e-11,0.5999999999999795,25,50,10
18,1326,1.1915323520837117e-38,0.39999999293444205,7.090989892829351e-09,0.5999999999745681,25,50,10
18,1327,1.1916549761051157e-38,0.3999999929306193,7.131103495710186e-09,0.5999999999382772,25,50,10
18,1328,3.068875531243293e-43,0.3999999997078449,3.3786394072814945e-10,0.5999999999542911,25,50,10
18,1329,2.4753811550607933e-42,0.3999922634250339,7.736587708502698e-06,0.5999999999872577,25,50,10
18,1330,2.48000004728978e-42,0.399992263600932,7.736412011564584e-06,0.5999999999870564,25,50,10
18,1331,6.122698967026263e-42,0.3999999999560351,1.447995258814384e-09,0.5999999985959696,25,50,10
18,1332,1.1918110048868147e-38,0.39999999961368465,1.0897474822408065e-09,0.5999999992965678,25,50,10
18,1333,4.049344812277613e-42,0.3999999998227697,9.280334577458864e-10,0.5999999992491969,25,50,10
18,1334,4.2869197579709086e-42,0.39999999013076687,9.869871377497496e-09,0.5999999999993618,25,50,10
18,1335,5.656267628577426e-43,0.39999999013393855,9.866709367415984e-09,0.5999999999993522,25,50,10
18,1336,6.587146005705143e-44,0.3999999998298197,1.708657117565285e-10,0.5999999999993146,25,50,10
18,1337,7.382924783963808e-34,0.39999944382295916,5.561781212125404e-07,0.5999999999989197,25,50,10
18,1338,3.9865993656192344e-39,0.3999994471274949,5.53575004797109e-07,0.5999999992975003,25,50,10
18,1339,2.3821260711231556e-47,0.3999999930386053,6.9698707018391276e-09,0.599999999991524,25,50,10
18,1340,2.272356272180558e-37,0.3999999999548472,5.363118687359116e-11,0.5999999999915215,25,50,10
18,1341,2.2723562723053053e-37,0.399999999954859,5.7468752281049186e-11,0.5999999999876723,25,50,10
18,1342,1.7508101459538434e-41,0.39999986876659166,1.312457407205009e-07,0.5999999999876675,25,50,10
18,1343,1.587254421296908e-45,0.3999999999552133,5.713629585604048e-11,0.5999999999876504,25,50,10
18,1344,3.117769838060649e-43,0.3999999999571075,5.2126965639522824e-11,0.5999999999907657,25,50,10
18,1345,3.813916408175164e-43,0.39999999972833905,2.3410241385816413e-09,0.599999997930637,25,50,10
18,1346,6.975333372715653e-44,0.3999999999981275,2.737223527618292e-09,0.599999997264649,25,50,10
18,1347,4.114740713061752e-46,0.39999999985801565,2.878406461275058e-09,0.5999999972635779,25,50,10
18,1348,1.2260860578266502e-42,0.3999685227856723,3.147791667017121e-05,0.5999999992976576,25,50,10
18,1349,1.2264355228079968e-42,0.3999685228666451,3.147917999356077e-05,0.5999999979533615,25,50,10
18,1350,1.2270971590622558e-42,0.3999998092704366,2.182675862607449e-07,0.5999999724619773,25,50,10
18,1351,1.5992404496204783e-42,0.3999998093121161,1.9214850771645132e-07,0.5999999985393762,25,50,10
18,1352,1.598111940238836e-42,0.3999998070076957,1.930295137736799e-07,0.5999999999627905,25,50,10
18,1353,3.0684583475399294e-43,0.3999998664650544,1.3353618792104486e-07,0.5999999999987576,25,50,10
18,1354,5.68092200203378e-38,0.3999998652004189,1.3483575438116643e-07,0.5999999999638266,25,50,10
18,1355,5.680916961568586e-38,0.39999986516460107,1.3483651223785713e-07,0.5999999999988868,25,50,10
18,1356,2.5739666433931756e-43,0.39999986880710053,1.311933790172294e-07,0.5999999999995205,25,50,10
18,1357,1.5124259455059293e-42,0.39999999999537783,9.793999274070843e-10,0.5999999990252224,25,50,10
18,1358,2.3087888524881706e-44,0.39999999963595656,1.3496147464266692e-09,0.5999999990144286,25,50,10
18,1359,3.294998590164172e-43,0.3999999998771603,2.7659573721989835e-08,0.599999972463266,25,50,10
18,1360,2.2745905547846403e-44,0.39999980915230937,2.1887205073800128e-07,0.59999997197564,25,50,10
18,1361,1.7528197489250616e-41,0.3999998091910843,1.9080958231087313e-07,0.5999999999993334,25,50,10
18,1362,8.587442763605661e-44,0.39999999987670565,1.5986786124506827e-10,0.5999999999634266,25,50,10
18,1363,1.0889307862153263e-43,0.39998913386492646,1.0948684304515147e-05,0.5999999174507692,25,50,10
18,1364,6.994149642017343e-41,0.3999999999539142,8.258200250386765e-08,0.5999999174640833,25,50,10
18,1365,1.8457220808879584e-34,0.39999999989708646,8.045999758526766e-10,0.5999999992983136,25,50,10
18,1366,7.382885810028916e-34,0.3999999976548498,5.851998461686972e-09,0.5999999964931518,25,50,10
18,1367,5.496152713817614e-45,0.39999999649547,7.0369896957211134e-09,0.5999999964675403,25,50,10
18,1368,1.1058912337007623e-44,0.3999999965541627,6.95352879620499e-09,0.5999999964923084,25,50,10
18,1369,5.726083157902615e-47,0.399999999996771,6.536774185163547e-11,0.5999999999378614,25,50,10
18,1370,5.68235027804485e-45,0.39999999999994995,6.157186439078847e-11,0.5999999999384782,25,50,10
18,1371,9.96653277141863e-40,0.3999998640753033,1.359503313254541e-07,0.5999999999743655,25,50,10
18,1372,1.0665884806380708e-39,0.3999999997040986,3.215325556058246e-10,0.5999999999743689,25,50,10
18,1373,2.1645704314860192e-44,0.3999999998776213,1.2280042311410315e-10,0.5999999999995783,25,50,10
18,1374,2.0014781412811296e-46,0.3999999998778165,1.230226660481501e-10,0.5999999999991609,25,50,10
18,1375,1.7480547858687212e-41,0.3999894929807814,1.050702111194732e-05,0.5999999999981067,25,50,10
18,1376,1.4755487676221445e-41,0.3999999998716292,1.2901928735467017e-10,0.5999999999993515,25,50,10
18,1377,1.764780118652189e-45,0.3999999976121327,2.388187829326322e-09,0.5999999999996796,25,50,10
18,1378,6.401404713228678e-45,0.3999999942719951,5.7284822183202464e-09,0.5999999999995227,25,50,10
18,1379,2.604324919803865e-44,0.3999999999991769,1.3523417208706663e-11,0.5999999999872996,25,50,10
18,1380,2.837814806681358e-43,0.399999999998851,1.3141595403646006e-12,0.5999999999998348,25,50,10
18,1381,1.2274018560897142e-42,0.39999999993906754,6.141320356980598e-11,0.5999999999995193,25,50,10
18,1382,1.249113992054041e-42,0.39998913374230194,1.0866257727755952e-05,0.5999999999999703,25,50,10
18,1383,1.232580393295456e-42,0.3999999998777725,8.496178572859969e-10,0.5999999992726096,25,50,10
18,1384,1.0241052268437364e-46,0.3999999929761475,7.036779608549714e-09,0.5999999999870729,25,50,10
18,1385,3.2756028295328843e-43,0.38456237243781105,0.015437629596203739,0.5999999979659852,25,50,10
18,1386,3.1182133202497063e-43,0.3999999998275595,8.543179926286756e-08,0.5999999147406413,25,50,10
18,1387,1.2271137885282563e-42,0.39999999761828375,5.863779447510583e-09,0.5999999965179367,25,50,10
18,1388,2.475822954669992e-42,0.39999999097515127,1.2506912007779247e-08,0.5999999965179366,25,50,10
18,1389,7.116745948575011e-41,0.39999944716824065,5.548664686182921e-07,0.5999999979652907,25,50,10
18,1390,6.995024066535347e-41,0.39999999010283915,9.897959462212256e-09,0.5999999999992014,25,50,10
18,1391,2.673355549530084e-43,0.3999999997820365,2.2043805666791345e-06,0.599997795837397,25,50,10
18,1392,2.5856473983876466e-43,0.3999994470860523,2.756635506093152e-06,0.5999977962784416,25,50,10
18,1393,5.637383203844567e-45,0.3999999998250627,7.004759266628959e-10,0.5999999994744614,25,50,10
18,1394,1.4669623516416384e-41,0.39999999982704115,6.732775986685349e-10,0.5999999994996812,25,50,10
18,1395,4.767596891554635e-38,0.39999999999805014,2.3438575441986733e-12,0.5999999999996061,25,50,10
18,1396,4.766129285163128e-38,0.3999999930533813,6.946942764613131e-09,0.5999999999996759,25,50,10
18,1397,2.277181452617634e-44,0.39999986418779954,1.3582452110241086e-07,0.5999999999876794,25,50,10
18,1398,3.238107985342397e-36,0.3999998640773107,1.3593530219863657e-07,0.5999999999873872,25,50,10
18,1399,3.250859528984414e-36,0.3999999998287096,2.0756599925990952e-10,0.5999999999637243,25,50,10
18,1400,3.250859163169538e-36,0.39999999977112943,7.640851293368717e-10,0.5999999994647854,25,50,10
18,1401,3.124125264223813e-43,0.3999999997615461,7.3883303299864e-10,0.5999999994996209,25,50,10
18,1402,5.5570108856828846e-45,0.39999999976609624,2.4707601264071005e-10,0.5999999999868278,25,50,10
18,1403,1.5819138249668672e-42,0.39940973917274264,0.0005902608642120264,0.5999999999630454,25,50,10
18,1404,3.072355687064259e-43,0.39999980930914814,1.9069979121148972e-07,0.5999999999910606,25,50,10
18,1405,6.996181090820461e-41,0.3999999906782943,9.330995829654583e-09,0.5999999999907099,25,50,10
18,1406,1.2328150310897612e-42,0.3999999930348941,6.9741961501397875e-09,0.5999999999909097,25,50,10
18,1407,6.791877836842882e-37,0.39999999302896955,8.956882536743466e-09,0.5999999980141479,25,50,10
18,1408,6.7917317244324884e-37,0.3999788257081127,2.1176950429753425e-05,0.5999999973414575,25,50,10
18,1409,3.1846783027781294e-43,0.39997882553665404,2.1174463516549064e-05,0.5999999999998294,25,50,10
18,1410,5.802362661331886e-43,0.39997882570594173,2.1256818267822533e-05,0.5999999174757904,25,50,10
18,1411,1.0360867257672794e-44,0.399978825704912,2.117633750375797e-05,0.5999999979575842,25,50,10
18,1412,1.1692725659848525e-44,0.39997882322958234,2.1176771477463854e-05,0.5999999999989404,25,50,10
18,1413,6.199418133618755e-43,0.39997863886812857,2.1361833556434645e-05,0.5999999992983149,25,50,10
18,1414,1.7489769331176094e-41,0.39999999749325965,3.256204809355843e-09,0.5999999992505355,25,50,10
18,1415,2.268324907716607e-40,0.39999999761722976,2.419944018793763e-09,0.5999999999628262,25,50,10
18,1416,2.0904066515881264e-40,0.3999999998298579,2.0689839224150492e-10,0.5999999999632437,25,50,10
18,1417,2.1027307981232233e-40,0.3999998046272664,1.953739886700195e-07,0.5999999999987451,25,50,10
18,1418,2.0906871287773742e-40,0.3999998092722706,1.907546148383732e-07,0.5999999999731146,25,50,10
18,1419,3.080697247412709e-43,0.3999999998319014,1.9543032161005725e-10,0.5999999999726685,25,50,10
18,1420,6.896121879979202e-44,0.399999999832949,2.0584322339888352e-10,0.5999999999612079,25,50,10
18,1421,7.123153962554641e-41,0.3999998642007614,1.3579989904032233e-07,0.5999999999993396,25,50,10
18,1422,1.4738977885674e-41,0.3999999999927162,2.8481195613719133e-08,0.5999999715260883,25,50,10
18,1423,1.3341190985598813e-43,0.3999999999953257,7.071678527235243e-10,0.5999999992975065,25,50,10
18,1424,1.2928577298541154e-43,0.39999999761445076,2.3855793601598336e-09,0.5999999999999699,25,50,10
18,1425,6.445069536670994e-44,0.3999999976129472,2.38707603399082e-09,0.599999999999977,25,50,10
18,1426,1.5388475392017857e-42,0.3999996064689745,3.935314967811695e-07,0.5999999999995288,25,50,10
18,1427,7.14507331568735e-41,0.39999986416239675,1.3583845674550037e-07,0.5999999999991465,25,50,10
18,1428,5.646775189688676e-43,0.3999994376046786,5.623971404814495e-07,0.599999999998181,25,50,10
18,1429,1.2059952210798257e-39,0.39999998378341983,1.6919202252975676e-08,0.5999999992973778,25,50,10
18,1430,1.2057524259664739e-39,0.399999993419877,1.0017901945982281e-08,0.599999996562221,25,50,10
18,1431,1.2769412947882641e-39,0.3999998480313128,1.533726097316358e-07,0.5999999985960776,25,50,10
18,1432,2.2000946188158157e-44,0.39999999303487904,6.9984612008585595e-09,0.5999999999666598,25,50,10
18,1433,5.550501207777572e-46,0.39999999985082324,1.584082178369381e-10,0.5999999999907686,25,50,10
18,1434,1.6898555672340588e-38,0.3999999996856765,8.583160985384618e-10,0.5999999994560073,25,50,10
18,1435,9.966480840395834e-40,0.39999999966362876,8.688264718812098e-10,0.5999999994675447,25,50,10
18,1436,1.0125656712336604e-39,0.39999999299585737,7.521834902050693e-09,0.5999999994823076,25,50,10
18,1437,1.791172526145093e-42,0.39999999668240444,3.353297497823083e-09,0.5999999999642982,25,50,10
18,1438,1.3422958099268082e-45,0.3999999999979781,3.5218047966032683e-09,0.5999999964802172,25,50,10
18,1439,2.0880303733176137e-45,0.39999999995463525,1.53132525449509e-09,0.5999999985140394,25,50,10
18,1440,8.86103572227557e-40,0.399999999938262,3.021657658347651e-09,0.5999999970400804,25,50,10
18,1441,1.6726101305296863e-39,0.39999999999664376,1.5297465163617234e-09,0.5999999984736097,25,50,10
18,1442,2.9117686482187866e-43,0.39999999292332933,7.121426947398624e-09,0.5999999999552437,25,50,10
18,1443,7.019753820038125e-41,0.3999999967618713,3.2749051927389874e-09,0.5999999999632235,25,50,10
18,1444,2.1530159100975703e-44,0.3999999999321309,7.695495633411427e-10,0.5999999992983194,25,50,10
18,1445,1.4691127943047754e-41,0.39999999993513136,8.196221504716155e-11,0.5999999999829064,25,50,10
18,1446,8.467430442775974e-41,0.39999999958467747,4.682443169747481e-10,0.5999999999470782,25,50,10
18,1447,1.2181360295560397e-45,0.3999999998200898,1.1542079805116126e-09,0.5999999990257021,25,50,10
18,1448,4.984487673832565e-39,0.3999999999957272,4.497088979497696e-12,0.5999999999997758,25,50,10
18,1449,2.2832774534115675e-44,0.3999999999970638,2.9550689175609915e-12,0.5999999999999812,25,50,10
18,1450,2.696961086745148e-46,0.3999999999946876,5.335155079703312e-12,0.5999999999999772,25,50,10
18,1451,3.46515982984643e-48,0.39999999999391106,6.557621903668741e-12,0.5999999999995312,25,50,10
18,1452,1.51250815634053e-45,0.3999999999999698,9.207127756927185e-13,0.5999999999991095,25,50,10
18,1453,2.6397897161052555e-45,0.39999999999483504,5.59282727008565e-12,0.5999999999995722,25,50,10
18,1454,1.4671053063818296e-41,0.3999999999916741,1.7313679072722366e-11,0.5999999999910123,25,50,10
18,1455,7.025319454701682e-41,0.399999996561488,3.4750322772414246e-09,0.5999999999634796,25,50,10
18,1456,1.1985258010898215e-38,0.39999999649337536,4.0317688069855825e-09,0.5999999994748558,25,50,10
18,1457,1.1915360639281173e-38,0.3999999964834276,4.016700384349296e-09,0.5999999994998721,25,50,10
18,1458,1.1915408661588027e-38,0.3999994471681508,5.533315426073565e-07,0.5999999995003067,25,50,10
18,1459,2.727333888800502e-44,0.3999999999936822,1.8387990205122245e-11,0.5999999999879297,25,50,10
18,1460,8.361842727056867e-40,0.3999998093110164,1.9068901098385492e-07,0.5999999999999727,25,50,10
18,1461,6.994027490973386e-41,0.39999980930687346,1.9346415609296107e-07,0.5999999972289705,25,50,10
18,1462,1.06743837139379e-46,0.39999999982701673,9.103417372178212e-10,0.5999999992626415,25,50,10
18,1463,5.842003622704998e-45,0.39999999999040314,2.2359637451779653e-11,0.5999999999872373,25,50,10
18,1464,8.361730121098976e-40,0.39999986638510926,1.336272280605227e-07,0.5999999999876626,25,50,10
18,1465,1.0363705512896056e-44,0.399999990301068,9.698944066727973e-09,0.599999999999988,25,50,10
18,1466,6.994063307350514e-41,0.3999999902623211,9.737698032096513e-09,0.599999999999981,25,50,10
18,1467,8.544539861234944e-46,0.39999999761626165,2.3837441571294457e-09,0.5999999999999942,25,50,10
18,1468,2.7542891266038015e-44,0.39999226363986545,7.738429928860837e-06,0.5999999979302056,25,50,10
18,1469,3.0058448198687798e-43,0.3999922636397927,7.73639590717812e-06,0.5999999999643002,25,50,10
18,1470,2.190814905804951e-44,0.39999999999703795,2.9660968789074133e-12,0.599999999999996,25,50,10
18,1471,1.253238854934935e-42,0.3999999953549317,4.657687177921666e-09,0.5999999999873811,25,50,10
18,1472,2.5399166808148167e-42,0.39999999999504837,5.537141408513176e-12,0.5999999999994146,25,50,10
18,1473,1.3129204788096575e-42,0.3999999999984649,1.9823525550594613e-12,0.5999999999995527,25,50,10
18,1474,3.141891248022273e-42,0.3999999965383347,3.462448003566609e-09,0.5999999999992173,25,50,10
18,1475,1.2914752655008363e-42,0.39999999988378726,6.163709335501269e-10,0.5999999994998418,25,50,10
18,1476,3.071553506525973e-43,0.39999973539964595,2.6461289530036075e-07,0.5999999999874589,25,50,10
18,1477,3.288715126009097e-43,0.3999998091900555,1.9081058557396194e-07,0.599999999999359,25,50,10
18,1478,3.1311184897843087e-43,0.39956374790380417,0.0004362521208224483,0.5999999999753735,25,50,10
18,1479,3.736378278339343e-42,0.39999999995815183,5.558437415571611e-11,0.5999999999862639,25,50,10
18,1480,3.7571304720856886e-43,0.399999996592948,3.4083892086419573e-09,0.5999999999986628,25,50,10
18,1481,6.593573863251487e-45,0.3999998090863786,1.9091457430909953e-07,0.5999999999990471,25,50,10
18,1482,2.5753727140501078e-43,0.399999805740319,1.942601539886228e-07,0.5999999999995269,25,50,10
18,1483,2.58865959859044e-43,0.399999805911103,1.9411334830914673e-07,0.5999999999755488,25,50,10
18,1484,2.4457794542375517e-45,0.3999999999394428,8.456721397346213e-11,0.59999999997599,25,50,10
18,1485,2.7771447067569654e-46,0.39999999999587993,4.3370708156009174e-12,0.599999999999783,25,50,10
18,1486,3.67204261723509e-42,0.3999999999361827,1.4679336513677173e-09,0.5999999985958836,25,50,10
18,1487,3.238095935215781e-36,0.39999980908027916,1.9212170348417252e-07,0.5999999987980175,25,50,10
18,1488,3.9905640791316195e-39,0.39999999977539,7.243247688774082e-10,0.5999999995002853,25,50,10
18,1489,3.689389919773298e-42,0.39999999987692997,6.561528938208914e-10,0.5999999994669172,25,50,10
18,1490,2.7467347664576255e-44,0.39999999975689504,2.7649692278363994e-10,0.599999999966608,25,50,10
18,1491,9.17212598490378e-44,0.39999999975456757,2.7050579988813906e-10,0.5999999999749265,25,50,10
18,1492,3.71590435112208e-42,0.39999999970498723,3.328714094387049e-10,0.5999999999621414,25,50,10
18,1493,1.754338380234741e-41,0.3999999966072215,3.4055453386982733e-09,0.5999999999872331,25,50,10
18,1494,8.425456068940659e-43,0.39999999018555066,9.832584206000928e-09,0.599999999981865,25,50,10
18,1495,3.2188310603154483e-43,0.39999999999895475,2.7636578928176687e-11,0.5999999999734088,25,50,10
18,1496,2.6197852228153977e-43,0.3999999999560549,6.169158325473557e-11,0.5999999999822536,25,50,10
18,1497,1.7744022338121255e-41,0.3999997288322391,2.719228653304787e-07,0.5999999992448956,25,50,10
18,1498,2.8381080197351208e-43,0.39828153286827467,0.0017184684029993935,0.5999999987287259,25,50,10
18,1499,3.055545243398815e-43,0.39828153048597875,0.0017184695569781412,0.599999999957043,25,50,10
18,1500,7.315892753434264e-25,0.3599999873109436,0.040000014146250394,0.5999999985428058,25,50,10
18,1501,2.4317772826050898e-33,0.35999999506443225,0.04000000709439304,0.5999999978411746,25,50,10
18,1502,1.7326301353747123e-32,0.359999999999095,0.04000000215929845,0.5999999978416065,25,50,10
18,1503,7.139347190322452e-25,0.36112290978682915,0.03887709238372641,0.5999999978294445,25,50,10
18,1504,7.139347190322449e-25,0.3611227741490022,0.03887722874672738,0.5999999971042704,25,50,10
18,1505,7.139347190322449e-25,0.36112290995902113,0.038877091488932855,0.599999998552046,25,50,10
18,1506,1.7326760729994034e-32,0.3599999998288444,0.04000002864441592,0.5999999715267397,25,50,10
18,1507,1.7326760730011384e-32,0.3599999999395129,0.040000000060516995,0.59999999999997,25,50,10
18,1508,2.2517363320260244e-28,0.35999999993730014,0.040000000063022546,0.5999999999996773,25,50,10
18,1509,2.3486602336179893e-30,0.3991655588991027,0.000834441101592159,0.5999999999993052,25,50,10
18,1510,2.3486602455333542e-30,0.3991655589625219,0.000834441554929993,0.5999999994825481,25,50,10
18,1511,2.2725028396018418e-37,0.3999999975737274,2.426586737628408e-09,0.5999999999996859,25,50,10
18,1512,1.0085420894957358e-44,0.3999999967660346,3.259978551681772e-09,0.5999999999739869,25,50,10
18,1513,3.6989060157968735e-42,0.3999999999998266,2.0341275802851795e-09,0.5999999979660459,25,50,10
18,1514,8.361842607104693e-40,0.3999999999383666,6.216371803506907e-11,0.5999999999994696,25,50,10
18,1515,8.536477713021203e-40,0.399999993055532,6.953762165187851e-09,0.5999999999907057,25,50,10
18,1516,1.8712842704413604e-41,0.39999999995730817,4.270013433835797e-11,0.5999999999999917,25,50,10
18,1517,5.680864260518729e-38,0.39999980931209983,1.906970958782598e-07,0.5999999999908043,25,50,10
18,1518,5.680986382532676e-38,0.39999925665306074,7.43355919362601e-07,0.59999999999102,25,50,10
18,1519,5.680986857233612e-38,0.3999889408006546,1.1059235656329302e-05,0.599999999963689,25,50,10
18,1520,6.917747737738452e-41,0.3995637525906702,0.00043624741018013754,0.5999999999991497,25,50,10
18,1521,6.44431148461943e-44,0.39999944734232334,5.526583476353372e-07,0.5999999999993291,25,50,10
18,1522,1.2270427863060805e-42,0.39999944722119113,5.527796190185746e-07,0.59999999999919,25,50,10
18,1523,2.2024216346129436e-39,0.3999999998990231,1.3851197054766453e-10,0.599999999962465,25,50,10
18,1524,1.4675288209043012e-41,0.39999999017785903,9.858885764236394e-09,0.5999999999632553,25,50,10
18,1525,5.3900827345115186e-45,0.3999999998788304,1.2201499263260314e-10,0.5999999999991547,25,50,10
18,1526,1.7748264897258477e-41,0.39999999521961505,4.7933353411121615e-09,0.5999999999870497,25,50,10
18,1527,5.21627691137036e-43,0.39999998582201907,1.4211529048892436e-08,0.5999999999664519,25,50,10
18,1528,2.6370207371802386e-43,0.3999999907531068,1.0017343490609202e-08,0.5999999992295497,25,50,10
18,1529,1.7828679325540822e-41,0.39999980229601534,1.9776428720326105e-07,0.5999999999396973,25,50,10
18,1530,8.807538991659414e-41,0.39999980919456385,1.9083064227007118e-07,0.5999999999747938,25,50,10
18,1531,1.5982164722198756e-42,0.39999999019985777,9.812779189414003e-09,0.599999999987363,25,50,10
18,1532,6.137077460954234e-43,0.3999999999983254,4.982766429372453e-11,0.5999999999518468,25,50,10
18,1533,1.7819091740157264e-41,0.39999999999545927,5.164109965139008e-10,0.5999999994881297,25,50,10
18,1534,4.080295459809422e-46,0.39999999987637586,8.015332473871586e-10,0.5999999993220909,25,50,10
18,1535,1.1571582387213181e-45,0.3999999998740773,7.808263063754299e-08,0.599999922043292,25,50,10
18,1536,2.5859138735837714e-43,0.39999999995669755,7.917817977229047e-08,0.5999999208651228,25,50,10
18,1537,2.5736971384545934e-43,0.3999999999992366,5.009101310820235e-10,0.5999999994998533,25,50,10
18,1538,5.663843441464561e-43,0.3999999999974395,2.2416400046950165e-06,0.5999977583625558,25,50,10
18,1539,8.365348738904275e-40,0.399999990302968,9.706436172246886e-09,0.5999999999905958,25,50,10
18,1540,3.0685122783747602e-43,0.3999999976151835,2.385450398056738e-09,0.599999999999366,25,50,10
18,1541,3.217771027711147e-41,0.39999998700799916,1.2992648592560622e-08,0.5999999999993524,25,50,10
18,1542,1.2498023402149984e-42,0.39999997816270905,2.387971177029019e-08,0.5999999979575792,25,50,10
18,1543,6.553496676341666e-44,0.3999999999384239,4.128885089421596e-09,0.599999995932691,25,50,10
18,1544,3.24209461314851e-36,0.3999999998261496,2.2075258617325466e-09,0.5999999979663245,25,50,10
18,1545,3.2420945433418175e-36,0.39999999982671036,2.207607766535996e-09,0.5999999979656819,25,50,10
18,1546,3.285769571561992e-36,0.3999999976173411,2.992005205195862e-08,0.599999972462607,25,50,10
18,1547,2.6819213450496e-44,0.3999999976174012,2.3832540471074496e-09,0.5999999999993447,25,50,10
18,1548,5.768377095483432e-46,0.3999999999991587,1.6354568998436128e-12,0.5999999999992058,25,50,10
18,1549,4.94203055038635e-46,0.3999999999411885,5.965425794236868e-11,0.5999999999991572,25,50,10
18,1550,1.963589411750309e-46,0.39999999960104965,3.9962579882556654e-10,0.5999999999993245,25,50,10
18,1551,2.1721413661658366e-44,0.39999999976978784,2.3145370529307244e-10,0.5999999999987584,25,50,10
18,1552,8.364201285952298e-40,0.3999999999391467,7.871369738418081e-10,0.5999999992737163,25,50,10
18,1553,6.994518411879443e-41,0.39999999993651975,4.005861781538111e-08,0.5999999600048624,25,50,10
18,1554,1.7491633091542565e-41,0.3999999999331014,7.60946305706289e-11,0.5999999999908039,25,50,10
18,1555,4.52505884360615e-45,0.3999999999580948,7.624158988276588e-11,0.5999999999656637,25,50,10
18,1556,4.2564608213880946e-46,0.3999999999999285,8.86095950806859e-12,0.5999999999912106,25,50,10
18,1557,2.1409880754499137e-41,0.39999999030190486,1.1744519984498006e-08,0.5999999979535753,25,50,10
18,1558,2.5908508232412726e-43,0.39999999999668057,5.154609270748397e-11,0.5999999999517733,25,50,10
18,1559,5.379407726118822e-43,0.39999999999700103,5.151004749386861e-10,0.5999999994878985,25,50,10
18,1560,2.854783911334394e-43,0.39999999999979235,1.545921444328851e-12,0.5999999999986617,25,50,10
18,1561,1.191532507579345e-38,0.3999999998752575,1.2519510516362574e-10,0.5999999999995475,25,50,10
18,1562,1.191533111665459e-38,0.3999999998370099,2.197105404386292e-09,0.5999999979658847,25,50,10
18,1563,1.2752720781334973e-38,0.39999999983400053,2.208876409721664e-09,0.5999999979571231,25,50,10
18,1564,5.871011154088938e-44,0.39999999025925737,9.811494282771434e-09,0.5999999999292484,25,50,10
18,1565,5.839465369781269e-45,0.39999986420685396,1.372424861797942e-07,0.5999999985506599,25,50,10
18,1566,8.361631295631073e-40,0.3999999999991503,3.806741427185487e-11,0.5999999999627822,25,50,10
18,1567,3.6989170033131426e-42,0.39999999988139473,1.213028843869023e-10,0.5999999999973025,25,50,10
18,1568,3.7799427140347326e-42,0.3999999998782413,8.370107419763498e-10,0.599999999284748,25,50,10
18,1569,3.220759846209867e-41,0.39999999970550176,3.394012898507308e-10,0.599999999955097,25,50,10
18,1570,3.227213355094107e-41,0.39999999973125183,2.7860586302668607e-10,0.5999999999901423,25,50,10
18,1571,2.1623163342608038e-44,0.3999999997880057,2.1290132371162483e-10,0.599999999999093,25,50,10
18,1572,8.361646307901993e-40,0.39999999995709756,5.684920647479478e-10,0.5999999994744104,25,50,10
18,1573,1.64860740273131e-45,0.39999986420573613,1.3647324628351074e-07,0.5999999993210178,25,50,10
18,1574,1.519985257055731e-45,0.39999999761461963,2.397914601402053e-09,0.5999999999874659,25,50,10
18,1575,1.237305513719472e-42,0.3999999975698713,2.4473683881444354e-09,0.5999999999827603,25,50,10
18,1576,1.2270438825561978e-42,0.3999999999551271,4.567436413155796e-11,0.5999999999991985,25,50,10
18,1577,1.5896689998788975e-41,0.39999999995738106,7.45086544778255e-10,0.5999999992975323,25,50,10
18,1578,2.0906759157116333e-40,0.3999994472814229,5.547525575604467e-07,0.5999999979660197,25,50,10
18,1579,6.255465068914384e-43,0.399999050487814,9.504860184351936e-07,0.5999999990261675,25,50,10
18,1580,2.7355744490748856e-43,0.39999905389385787,9.481762620648716e-07,0.59999999792988,25,50,10
18,1581,2.27234722600468e-37,0.3999997353942683,1.8334623215700431e-06,0.5999984311434102,25,50,10
18,1582,1.191339385144298e-38,0.3999999998193676,8.175312790516404e-06,0.599991824867842,25,50,10
18,1583,5.5119829156796203e-45,0.39999999744814646,2.5772613976832175e-09,0.5999999999745921,25,50,10
18,1584,1.7491662009778835e-41,0.39999999511558587,4.884427252777816e-09,0.5999999999999869,25,50,10
18,1585,3.990257179182558e-39,0.39999999761761534,5.788091439597263e-08,0.5999999445014702,25,50,10
18,1586,1.150127557871261e-45,0.3999999999978575,5.5522539796268055e-08,0.5999999444796028,25,50,10
18,1587,8.285935867996314e-45,0.39999999982173107,1.9136138331937232e-10,0.5999999999869075,25,50,10
18,1588,7.273064709891525e-45,0.3999999967601225,4.1915478289358156e-08,0.5999999613243991,25,50,10
18,1589,5.871704518403924e-43,0.3999999965951288,4.411920263089579e-08,0.5999999592856685,25,50,10
18,1590,1.5046994759171347e-41,0.39999999676224784,1.6261479432881665e-06,0.599998377089809,25,50,10
18,1591,7.367348904076018e-41,0.3999999963508529,3.6502371314662114e-09,0.59999999999891,25,50,10
18,1592,7.367394394711426e-41,0.39999999993765556,6.377363271441231e-11,0.5999999999985708,25,50,10
18,1593,3.668329349124853e-42,0.39999999303864237,6.962643218846788e-09,0.5999999999987145,25,50,10
18,1594,7.369347136680522e-41,0.39999999999781155,5.251220549118099e-11,0.5999999999496763,25,50,10
18,1595,3.667513650769332e-42,0.3999999998787817,1.581565464077736e-10,0.5999999999630617,25,50,10
18,1596,8.361851513778941e-40,0.39999960637380805,3.94171387487086e-07,0.5999999994548044,25,50,10
18,1597,2.908724639293031e-43,0.3999999975581651,4.511334048699521e-09,0.5999999979305009,25,50,10
18,1598,3.927483958752031e-42,0.3999999974378106,5.1145911017284065e-09,0.5999999974475982,25,50,10
18,1599,7.361372824864488e-41,0.39999225705971575,7.74497412470968e-06,0.5999999979661595,25,50,10
18,1600,1.2952456448127852e-35,0.3999998057920109,1.9624245819301174e-07,0.5999999979655309,25,50,10
18,1601,7.021908961097147e-41,0.39999999986922014,2.181676134876524e-09,0.5999999979491036,25,50,10
18,1602,4.767875733391522e-38,0.39999999011931153,9.880869291819808e-09,0.5999999999998192,25,50,10
18,1603,7.3833621874318854e-34,0.399999978224548,2.3959084299860215e-08,0.5999999978163677,25,50,10
18,1604,4.766127107427973e-38,0.39999999993619684,2.21508287037497e-09,0.5999999978487204,25,50,10
18,1605,4.766128153582967e-38,0.3999999930889202,7.61415246188902e-09,0.5999999992969274,25,50,10
18,1606,2.8350066747323715e-43,0.39999960320513833,3.967960526827966e-07,0.599999999998809,25,50,10
18,1607,1.4669797168728993e-41,0.3999998642454672,1.3575513412332664e-07,0.5999999999993987,25,50,10
18,1608,3.215485014315397e-41,0.39999999965690763,3.4433417564219033e-10,0.5999999999987583,25,50,10
18,1609,3.218242398949158e-41,0.3999998024994717,1.9953493884418684e-07,0.5999999979655896,25,50,10
18,1610,3.2381074424184635e-36,0.3999999931849517,7.314948242690702e-09,0.5999999995001001,25,50,10
18,1611,3.2381077040858885e-36,0.39999999318594853,6.8145226449000065e-09,0.5999999999995288,25,50,10
18,1612,3.2420942680249146e-36,0.39999999649165074,3.5092890909751085e-09,0.5999999999990601,25,50,10
18,1613,2.6323405161262166e-43,0.399999999995741,6.413429804131395e-12,0.5999999999978456,25,50,10
18,1614,2.2723594297179826e-37,0.3999999950644043,4.93668816995917e-09,0.5999999999989075,25,50,10
18,1615,2.8050042008641507e-43,0.3999999999559117,9.06855129280589e-11,0.5999999999534028,25,50,10
18,1616,9.966535323665014e-40,0.39999999999682,2.0831282844377527e-09,0.5999999979200518,25,50,10
18,1617,1.0003409208380022e-39,0.3999999999947197,4.005030232330493e-11,0.5999999999652301,25,50,10
18,1618,6.801697616670602e-37,0.39999999982669704,1.8269439933948085e-10,0.5999999999906087,25,50,10
18,1619,2.523767101404714e-42,0.39999986424469275,1.357728647630818e-07,0.5999999999824425,25,50,10
18,1620,1.2270243559811621e-42,0.39999999999532143,1.7021323908712737e-11,0.5999999999876572,25,50,10
18,1621,1.469105751113589e-41,0.39999999999019104,2.3148701054168803e-11,0.5999999999866603,25,50,10
18,1622,3.986634330829603e-39,0.3999999999482357,6.41071895358066e-11,0.5999999999876571,25,50,10
18,1623,4.4185329246488284e-44,0.3999999999958538,7.058376904563061e-10,0.5999999992983086,25,50,10
18,1624,9.966754486437083e-40,0.3999999965926387,4.823190251863469e-09,0.5999999985841711,25,50,10
18,1625,3.230038441924707e-44,0.39999999030107064,9.770019102774257e-09,0.5999999999289103,25,50,10
18,1626,2.8040247528065365e-44,0.39999999993618934,7.630559724908457e-11,0.5999999999875051,25,50,10
18,1627,1.1302289471712737e-45,0.39999999987774265,1.3473014152072233e-10,0.5999999999875272,25,50,10
18,1628,2.2005399938474083e-44,0.39999999995462693,7.593525339670505e-10,0.5999999992860205,25,50,10
18,1629,8.643961923236064e-44,0.399999997613314,3.089001332289409e-09,0.5999999992976848,25,50,10
18,1630,1.803561476492993e-46,0.39999985455055176,1.4616343954649246e-07,0.5999999992860087,25,50,10
18,1631,3.0798740148409825e-43,0.39999999020060073,9.800248538433276e-09,0.5999999999991509,25,50,10
18,1632,2.1463808903209672e-41,0.3999999833565155,1.667376214449264e-08,0.5999999999697224,25,50,10
18,1633,1.7500876799357188e-41,0.39999999013182225,9.901475333891494e-09,0.5999999999667026,25,50,10
18,1634,2.6449536345697646e-45,0.39999999982979795,1.705842044803045e-10,0.5999999999996178,25,50,10
18,1635,7.123306340280703e-41,0.3999999877501216,1.2250314899048504e-08,0.5999999999995635,25,50,10
18,1636,1.845696769869707e-34,0.39999943760268875,5.623978963566673e-07,0.599999999999415,25,50,10
18,1637,3.6508475774823303e-41,0.3999999902014805,9.811048761928966e-09,0.5999999999874708,25,50,10
18,1638,7.7916665124698e-46,0.39999999026025856,9.73996574576813e-09,0.5999999999997757,25,50,10
18,1639,5.5282910077368225e-45,0.39999999665355285,3.3464663131081632e-09,0.599999999999981,25,50,10
18,1640,3.170334966308077e-43,0.3999994472164634,5.527835595986627e-07,0.5999999999999769,25,50,10
18,1641,4.0566000319673004e-39,0.399999997632878,2.367301555365307e-09,0.5999999999998205,25,50,10
18,1642,1.755092971204256e-41,0.3999999996469999,3.661715411055462e-10,0.5999999999868286,25,50,10
18,1643,8.749728791984342e-41,0.39999999966682614,3.464128496302728e-10,0.5999999999867609,25,50,10
18,1644,3.777277906716001e-43,0.39999999661031665,3.3984703018411624e-09,0.5999999999912131,25,50,10
18,1645,5.787545519411184e-38,0.3999775761643163,2.2424525911343643e-05,0.5999999993097724,25,50,10
18,1646,6.990253963970694e-41,0.3999775859010562,2.24147860537127e-05,0.5999999993128903,25,50,10
18,1647,8.457052846137976e-41,0.39997758572299247,2.2414321934591296e-05,0.5999999999550731,25,50,10
18,1648,1.2393752579743881e-44,0.3999999999335114,1.0297500833477628e-10,0.5999999999635137,25,50,10
18,1649,7.661203855995133e-44,0.39999999029906247,9.725178276784023e-09,0.5999999999757591,25,50,10
18,1650,3.2833651022195864e-43,0.39999999995802604,7.436695204358266e-10,0.5999999992983045,25,50,10
18,1651,2.5785376713097377e-43,0.39999999757566307,2.4243593639412577e-09,0.5999999999999776,25,50,10
18,1652,1.4669928524098645e-41,0.3999999941006925,7.3472538789096425e-09,0.5999999985520535,25,50,10
18,1653,2.705755119082866e-44,0.3999999998267716,1.6210278582369736e-09,0.5999999985522004,25,50,10
18,1654,1.527488892726152e-42,0.3999999999977041,2.7353948909884377e-12,0.5999999999995604,25,50,10
18,1655,5.680918585110382e-38,0.3999999901279715,4.986776703896586e-08,0.5999999600042615,25,50,10
18,1656,4.3342966517934493e-44,0.3999999804379892,5.9557510213415396e-08,0.5999999600045007,25,50,10
18,1657,6.994012740658061e-41,0.39999985438181346,1.4564421524936779e-07,0.5999999999739714,25,50,10
18,1658,2.0904141295919538e-40,0.39999999013390164,7.833490986735645e-08,0.5999999315311886,25,50,10
18,1659,2.0904680286260177e-40,0.3999999933091665,7.518519073048468e-08,0.5999999315056427,25,50,10
18,1660,5.762103104961217e-45,0.39999999999787206,2.84755360922348e-08,0.5999999715265918,25,50,10
18,1661,2.0906275690124876e-40,0.39999999999689584,2.847665496743119e-08,0.5999999715264492,25,50,10
18,1662,2.0934799502861614e-40,0.39999980607524016,2.2239853723205552e-07,0.5999999715262228,25,50,10
18,1663,4.983613458729098e-39,0.39999980273266666,1.9728524441178673e-07,0.599999999982089,25,50,10
18,1664,4.811868134919195e-45,0.3999999997020818,3.5114607291788937e-10,0.5999999999467722,25,50,10
18,1665,6.994028230806926e-41,0.39999999278112985,7.754537448238201e-09,0.5999999994643327,25,50,10
18,1666,7.026425275549405e-41,0.39999999968971095,3.109607448177341e-10,0.5999999999993284,25,50,10
18,1667,8.813729174247269e-44,0.39999999999529123,1.2062368570116601e-09,0.599999998798472,25,50,10
18,1668,4.767602747432326e-38,0.3999999999945573,7.074342045678077e-10,0.5999999992980085,25,50,10
18,1669,8.625997433760145e-44,0.399999868765314,1.3123472269148482e-07,0.5999999999999633,25,50,10
18,1670,1.2965406170221893e-43,0.39999999659484575,3.4051690503869773e-09,0.5999999999999852,25,50,10
18,1671,5.337713475081374e-41,0.3999999998962794,1.0416684932233093e-10,0.5999999999995538,25,50,10
18,1672,2.2678441250779967e-40,0.39999999972750205,2.727263068002752e-10,0.5999999999997717,25,50,10
18,1673,2.090411612436117e-40,0.3999999998283625,1.7227867613728394e-10,0.5999999999993589,25,50,10
18,1674,9.972118657666771e-40,0.3999999910522169,8.948418706465726e-09,0.5999999999993645,25,50,10
18,1675,9.969603239246681e-40,0.3999999909729102,9.527481861777959e-09,0.5999999994996079,25,50,10
18,1676,2.0800270566126685e-46,0.3999999999991067,1.6236040245117883e-06,0.5999983763968689,25,50,10
18,1677,1.7506598932192972e-41,0.39999999981905887,8.828346668897828e-10,0.5999999992981064,25,50,10
18,1678,1.7485426437887332e-41,0.399999999939508,6.113589866916683e-11,0.5999999999993562,25,50,10
18,1679,2.804725703244518e-47,0.399999999727261,2.736058104293177e-10,0.5999999999991332,25,50,10
18,1680,3.987809311918933e-39,0.3999998543218018,1.457031970845037e-07,0.5999999999750012,25,50,10
18,1681,3.9865867217977854e-39,0.39999986424850875,1.3645368213483692e-07,0.5999999992978092,25,50,10
18,1682,4.533235374362885e-44,0.3999999976182454,3.1195477988263566e-09,0.5999999992622068,25,50,10
18,1683,4.4223386565640823e-44,0.39999999755537674,3.1916752265833358e-09,0.5999999992529481,25,50,10
18,1684,2.2618700091733427e-47,0.3999999999998704,7.120874950417956e-10,0.5999999992880423,25,50,10
18,1685,2.1550971343353837e-44,0.39999999297510874,7.055189626750217e-09,0.5999999999697017,25,50,10
18,1686,4.3161729335442374e-44,0.3999999998716941,1.1606438443071106e-07,0.5999998840639216,25,50,10
18,1687,4.766251776587057e-38,0.3999999974882467,3.969206560666281e-09,0.5999999985425467,25,50,10
18,1688,3.98661275881606e-39,0.3999999976362281,2.372705725558733e-09,0.5999999999910662,25,50,10
18,1689,2.7903182810276394e-43,0.3999999999962428,5.049004530950351e-12,0.5999999999987081,25,50,10
18,1690,1.1933081687562803e-38,0.39999999976375505,2.619672806762783e-10,0.5999999999742777,25,50,10
18,1691,6.872424617504752e-38,0.39999999749622345,2.545308529744237e-09,0.5999999999584681,25,50,10
18,1692,2.847493099030872e-43,0.39999999995814123,8.43615709586289e-11,0.5999999999574973,25,50,10
18,1693,2.391070002792628e-37,0.3999922635216137,7.736538066736935e-06,0.5999999999403196,25,50,10
18,1694,2.2720916962036116e-37,0.3999922601176013,7.767399233188855e-06,0.5999999724831655,25,50,10
18,1695,2.271916900325589e-37,0.3999922635810663,7.763927139634443e-06,0.599999972491794,25,50,10
18,1696,1.2598049098679084e-42,0.39999985454272496,1.4549536652292955e-07,0.5999999999619086,25,50,10
18,1697,1.2917356609918679e-42,0.3999998545495865,1.4547441963346334e-07,0.5999999999759938,25,50,10
18,1698,5.203409634656122e-42,0.39999985420939843,1.4852637087738164e-07,0.5999999972642308,25,50,10
18,1699,1.2375628755511461e-42,0.3999998639932069,1.360164619359709e-07,0.5999999999903313,25,50,10
18,1700,1.2429464637266011e-42,0.3999998618213065,1.3818792195328034e-07,0.5999999999907717,25,50,10
18,1701,2.3420601298893993e-44,0.39999999761313565,2.3873135201500684e-09,0.5999999999995508,25,50,10
18,1702,2.093048013478963e-40,0.3999999976140151,4.061917032965838e-09,0.599999998324068,25,50,10
18,1703,3.862676567136859e-46,0.39999999029965566,9.70098398643133e-09,0.5999999999993605,25,50,10
18,1704,7.382884906156962e-34,0.39999998666455716,1.3835133235046202e-08,0.5999999995003096,25,50,10
18,1705,1.7502115400884742e-41,0.399999990074282,1.0450668695587354e-08,0.5999999994750493,25,50,10
18,1706,1.7490043973789808e-41,0.3999999963598803,3.666170579058777e-09,0.599999999973949,25,50,10
18,1707,6.996820335788722e-41,0.39999999962414845,4.0371614313087255e-08,0.5999999600042373,25,50,10
18,1708,1.5609627784053718e-42,0.39999986292674444,1.7777088816061563e-07,0.5999999593023674,25,50,10
18,1709,4.004893383073203e-42,0.39999986632785195,1.7369218501590206e-07,0.5999999599799631,25,50,10
18,1710,3.1166353967427588e-43,0.3999999999567362,4.391210074220028e-11,0.5999999999993516,25,50,10
18,1711,6.435374727103383e-44,0.3999999976161744,2.384290212206998e-09,0.5999999999995355,25,50,10
18,1712,2.7898964342020587e-43,0.3999999976154862,2.3856079571936376e-09,0.5999999999989059,25,50,10
18,1713,4.3273872651264576e-44,0.39999999751217286,2.4884559951699823e-09,0.5999999999993711,25,50,10
18,1714,6.671380496793976e-44,0.39999999757367166,2.9263185376895377e-09,0.5999999995000098,25,50,10
18,1715,7.026415021642881e-41,0.39999999966269084,3.6361639527784216e-10,0.5999999999736927,25,50,10
18,1716,7.04637638154948e-41,0.3999999998255379,8.766122372235081e-10,0.5999999992978499,25,50,10
18,1717,7.000585881757358e-41,0.39999999982470347,6.74990253400131e-10,0.5999999995003062,25,50,10
18,1718,6.453104848359864e-44,0.3999999998261785,1.7383946130919826e-10,0.5999999999999821,25,50,10
18,1719,3.2865270673115497e-43,0.3999999997436663,2.563508617224933e-10,0.5999999999999828,25,50,10
18,1720,3.338537734448738e-43,0.39999999991561885,8.439900722917608e-11,0.5999999999999822,25,50,10
18,1721,7.029037179193474e-41,0.39999999301124844,6.989402355570661e-09,0.5999999999993493,25,50,10
18,1722,6.996329638026264e-41,0.399999993090055,6.911469823823209e-09,0.5999999999984752,25,50,10
18,1723,7.002727577461714e-41,0.3999999828396677,1.716183378669201e-08,0.5999999999984985,25,50,10
18,1724,3.238106933449612e-36,0.3999999870679115,1.2932736780701348e-08,0.5999999999993517,25,50,10
18,1725,2.784777457061166e-44,0.39999999663919406,3.360820858523211e-09,0.5999999999999852,25,50,10
18,1726,9.97868371077124e-40,0.3999918365487322,8.16347572307205e-06,0.5999999999755449,25,50,10
18,1727,2.716762605886957e-36,0.3999788257087357,2.1174304026602007e-05,0.5999999999872376,25,50,10
18,1728,2.8069245159767566e-43,0.3999999999948332,2.6351857298490267e-11,0.5999999999788149,25,50,10
18,1729,2.1733732660347594e-44,0.3999999999113589,9.742377956322165e-11,0.5999999999912173,25,50,10
18,1730,3.077108626898785e-43,0.3999999999899962,1.0029046275254283e-11,0.5999999999999748,25,50,10
18,1731,5.983870098709584e-46,0.3999999999918872,8.76284733348433e-12,0.5999999999993499,25,50,10
18,1732,3.0704879973623223e-43,0.3999999996547537,3.463424727045068e-10,0.5999999999989039,25,50,10
18,1733,9.21073241706516e-43,0.3999998088012866,1.911993553711402e-07,0.599999999999358,25,50,10
18,1734,6.866131159211066e-45,0.39999999982703677,1.732062532657073e-10,0.5999999999997571,25,50,10
18,1735,5.698230250512395e-46,0.39999999999778174,2.449520502451666e-12,0.5999999999997688,25,50,10
18,1736,4.3606938386116897e-44,0.39999999999915686,8.7347804293575e-13,0.5999999999999697,25,50,10
18,1737,6.635612211896563e-43,0.3999998618625278,1.3813814590569378e-07,0.5999999999993263,25,50,10
18,1738,2.8514236522367147e-44,0.3999999999988816,1.7668709377058249e-12,0.5999999999993516,25,50,10
18,1739,1.1973271426057802e-44,0.39999999987774953,2.859597769606872e-08,0.5999999715262727,25,50,10
18,1740,1.2365232541389622e-42,0.3999999999967999,8.252757396398553e-08,0.5999999174756262,25,50,10
18,1741,7.117321859907077e-41,0.3999999966531048,3.3639899902729256e-09,0.5999999999829051,25,50,10
18,1742,7.117190607149917e-41,0.3999999930378465,6.9978401201571974e-09,0.5999999999643135,25,50,10
18,1743,3.986590321081832e-39,0.39999999970870126,3.274472800372883e-10,0.5999999999638513,25,50,10
18,1744,2.642119751075381e-44,0.39999999999190317,7.185411974574545e-10,0.5999999992895556,25,50,10
18,1745,1.7511852759453951e-41,0.3999999845711219,1.545450538075426e-08,0.5999999999743727,25,50,10
18,1746,2.1925923306939776e-44,0.399999983604351,1.6395817974141548e-08,0.599999999999831,25,50,10
18,1747,2.0908448324973323e-40,0.3999775825574534,2.2417443181248172e-05,0.5999999999993654,25,50,10
18,1748,4.056779949832565e-39,0.3999774523677289,2.2547670468968992e-05,0.5999999999618021,25,50,10
18,1749,1.229463612517329e-42,0.39999999983088763,7.067099186345703e-08,0.5999999294981205,25,50,10
18,1750,3.0791409089722744e-43,0.39999999995739244,2.0848935446368646e-09,0.5999999979577142,25,50,10
18,1751,1.305753770527331e-45,0.3999999934785335,6.547031963463162e-09,0.5999999999744345,25,50,10
18,1752,1.1280336440713162e-44,0.3999999837797414,5.6942454743322267e-08,0.5999999592778038,25,50,10
18,1753,4.5243951977731126e-45,0.39999999995598934,2.103285922512669e-09,0.5999999979407248,25,50,10
18,1754,2.749115533569543e-37,0.3999999965637022,5.470602283405006e-09,0.5999999979656955,25,50,10
18,1755,4.769342543934678e-38,0.39999999026188315,9.739592692926291e-09,0.599999999998524,25,50,10
18,1756,4.769342552421144e-38,0.3999999999927412,1.6880687885403216e-11,0.5999999999903781,25,50,10
18,1757,2.4403304737169133e-40,0.39998913369509,1.0866305158228045e-05,0.5999999999997518,25,50,10
18,1758,5.245588483870684e-41,0.3999999867867996,1.3721411230713414e-08,0.5999999994917892,25,50,10
18,1759,3.619712814255516e-41,0.3999999880000083,1.202080805525143e-08,0.5999999999791836,25,50,10
18,1760,1.7496174126088377e-41,0.3999891239417248,1.0876076145493886e-05,0.5999999999821297,25,50,10
18,1761,1.7769595869787545e-41,0.39998913386675333,1.0866143334082824e-05,0.5999999999899126,25,50,10
18,1762,5.000728145512411e-39,0.399989133825584,1.0866208838318692e-05,0.5999999999655778,25,50,10
18,1763,9.966476718688652e-40,0.3999999999998596,1.0417923262583035e-11,0.5999999999897226,25,50,10
18,1764,3.1002625316742144e-44,0.3999999999146324,1.1991201326342564e-10,0.5999999999654555,25,50,10
18,1765,4.929378470655229e-45,0.3999999999177211,1.0813382129397396e-10,0.5999999999741451,25,50,10
18,1766,4.6518299754931375e-45,0.39999999761829963,2.4110014734887097e-09,0.599999999970699,25,50,10
18,1767,3.9865946418344226e-39,0.39999999995526864,6.198224943307314e-11,0.5999999999827491,25,50,10
18,1768,1.2387133684651355e-42,0.3999999997048196,3.8422308211897866e-10,0.5999999999109573,25,50,10
18,1769,2.709010705267519e-44,0.3999999930951519,6.976885271836721e-09,0.5999999999279628,25,50,10
18,1770,1.876437642461045e-41,0.39999985936808463,1.4273734701421068e-07,0.5999999978945683,25,50,10
18,1771,1.7538497409827783e-41,0.3999998582293026,1.418068185224461e-07,0.5999999999638789,25,50,10
18,1772,1.2321250101538405e-42,0.39999999999807867,1.9540731561456456e-12,0.5999999999999673,25,50,10
18,1773,5.598464349273713e-45,0.3999922634726002,1.2439828725907126e-05,0.5999952966986739,25,50,10
18,1774,4.0077420792659676e-39,0.3999922566832502,7.74334278728038e-06,0.5999999999739625,25,50,10
18,1775,4.0036108089878245e-39,0.3999845272269986,1.547279904287208e-05,0.5999999999739586,25,50,10
18,1776,3.98588873345738e-39,0.3999922635979239,7.776469421851448e-06,0.5999999599326543,25,50,10
18,1777,3.513185916432342e-43,0.3999999999411246,4.0114514370927225e-08,0.5999999599443611,25,50,10
18,1778,1.2707202492859354e-42,0.3999999999147576,4.0128359009502524e-08,0.5999999599568835,25,50,10
18,1779,2.8020909156463626e-40,0.39999999979371054,4.0684631665070816e-08,0.5999999595216579,25,50,10
18,1780,2.8021031110189056e-40,0.39999999749436393,2.9886977151790834e-09,0.5999999995169384,25,50,10
18,1781,7.490043150216877e-41,0.39999999995143154,2.203763182358795e-06,0.5999977962853861,25,50,10
18,1782,7.117322100445458e-41,0.39999943760128737,5.2657083132675585e-06,0.5999952966903994,25,50,10
18,1783,4.0565313906964575e-39,0.39999999644983175,4.70685983380288e-06,0.5999952966903342,25,50,10
18,1784,4.056529812111412e-39,0.39999999660972935,4.706691591859732e-06,0.5999952966986788,25,50,10
18,1785,4.98324401353645e-39,0.3999998608596184,1.391650057586486e-07,0.5999999999753759,25,50,10
18,1786,1.0003256390606257e-39,0.3999999999532573,7.607357223620716e-10,0.599999999286007,25,50,10
18,1787,9.969665170072654e-40,0.39999999993936286,9.716877516840642e-11,0.5999999999634684,25,50,10
18,1788,3.772701892794501e-43,0.39999985437970864,1.7415244636932989e-06,0.5999984040958278,25,50,10
18,1789,2.272356332540087e-37,0.399978815974155,2.277990455208305e-05,0.5999984041212929,25,50,10
18,1790,2.272361916342135e-37,0.3999999999580916,4.3385821833611324e-11,0.5999999999985225,25,50,10
18,1791,2.2723562948135515e-37,0.39999999995804,4.304574916965179e-11,0.5999999999989144,25,50,10
18,1792,2.6001811865661147e-43,0.39999999999695923,4.3570940000924385e-12,0.5999999999986837,25,50,10
18,1793,1.4670396173346503e-41,0.39999999999895286,1.9255610781953342e-11,0.5999999999817915,25,50,10
18,1794,1.4998665694818103e-41,0.3999998590706631,1.409464674533409e-07,0.5999999999828696,25,50,10
18,1795,1.5919346360197891e-41,0.3999921324093124,7.867643471296135e-06,0.5999999999472163,25,50,10
18,1796,1.5923569525536243e-41,0.3999999998934666,1.5930131814189457e-10,0.5999999999472321,25,50,10
18,1797,3.0733603171164503e-43,0.39999999993626495,9.941747207918056e-11,0.5999999999643175,25,50,10
18,1798,3.997085369294798e-42,0.3999999998757447,1.601617458866666e-10,0.5999999999640936,25,50,10
18,1799,4.0231455053884754e-42,0.39999999071267034,9.287351405598886e-09,0.5999999999999782,25,50,10
18,1800,3.996935715293954e-43,0.39999999751089077,2.4985227022935748e-09,0.5999999999905865,25,50,10
18,1801,1.295243080086533e-35,0.3999999974451825,2.5641265866756987e-09,0.5999999999906909,25,50,10
18,1802,1.2952430802428604e-35,0.39999999730510644,2.7399643712890596e-09,0.5999999999549293,25,50,10
18,1803,8.361911626925653e-40,0.39999999749211135,3.2403055229604904e-09,0.5999999992675832,25,50,10
18,1804,8.539833440733228e-40,0.3999999975586366,2.472102832021843e-09,0.5999999999692607,25,50,10
18,1805,5.005323703756297e-44,0.3999999974447814,3.2665457138121125e-09,0.599999999288673,25,50,10
18,1806,1.293639801903215e-42,0.3999999976175221,2.3914095637558456e-09,0.5999999999910683,25,50,10
18,1807,4.053836965493869e-42,0.3999999998966668,8.410209748339837e-10,0.5999999992623125,25,50,10
18,1808,1.2918406643277371e-42,0.3999999998754021,1.959686844791777e-10,0.5999999999286293,25,50,10
18,1809,5.0285681353892145e-42,0.3999999929212797,7.12695276447665e-09,0.5999999999517677,25,50,10
18,1810,3.742868115212388e-42,0.39999999999995917,1.2794146219687179e-11,0.5999999999872467,25,50,10
18,1811,1.7867749084440083e-41,0.3999999930340333,7.001119026171045e-09,0.5999999999648478,25,50,10
18,1812,4.76787572948165e-38,0.3999999999381331,1.066669065561327e-10,0.5999999999552,25,50,10
18,1813,4.773121225264739e-38,0.39999999999778074,1.4570414377934836e-11,0.599999999987649,25,50,10
18,1814,2.2751460813409294e-37,0.3999999999930503,1.1593708080430367e-07,0.5999998840698688,25,50,10
18,1815,2.090690226009589e-40,0.3999999998131207,1.1612577941140976e-07,0.5999998840610999,25,50,10
18,1816,1.7168929589305883e-45,0.3999999999928218,4.534378656753734e-11,0.5999999999618344,25,50,10
18,1817,1.871746945392793e-41,0.3999999933936166,8.066654395338914e-09,0.5999999985397292,25,50,10
18,1818,3.1216312269912402e-43,0.39999998043521195,2.102172947709374e-08,0.5999999985430585,25,50,10
18,1819,9.966521660109362e-40,0.3999999998237399,1.9786798456177261e-10,0.5999999999783922,25,50,10
18,1820,9.969543385385439e-40,0.39999999982874557,1.8389045866415843e-10,0.599999999987364,25,50,10
18,1821,9.966575020719347e-40,0.3999999999970706,3.5458870209279096e-12,0.5999999999993836,25,50,10
18,1822,2.0934874868206403e-40,0.39999980925569373,1.9074447464828712e-07,0.5999999999998316,25,50,10
18,1823,2.2371244586007882e-40,0.39999999659450325,3.4149062154850016e-09,0.5999999999905905,25,50,10
18,1824,1.5020467177865207e-41,0.39999999432074146,5.688033963197099e-09,0.5999999999912246,25,50,10
18,1825,3.24350630025653e-41,0.3999999975536052,2.4553931368732665e-09,0.5999999999910017,25,50,10
18,1826,5.166376007478297e-38,0.39999999758293336,4.4507451824542786e-09,0.5999999979663215,25,50,10
18,1827,3.987817239489894e-39,0.3999999975242089,2.511473357222288e-09,0.5999999999643179,25,50,10
18,1828,3.98782244886337e-39,0.3999998091412754,1.9085894092405815e-07,0.5999999999997836,25,50,10
18,1829,5.644933574968074e-43,0.399999999995541,4.690314871040054e-12,0.5999999999997687,25,50,10
18,1830,4.523630283426301e-45,0.3999999999580165,4.2290234460445774e-11,0.5999999999996932,25,50,10
18,1831,3.986847947647074e-39,0.3999999902035196,9.796528803785961e-09,0.5999999999999516,25,50,10
18,1832,3.328000054606628e-43,0.399999990302943,9.697082295317058e-09,0.5999999999999748,25,50,10
18,1833,7.181346818382208e-41,0.3999999869494922,1.3062820978325944e-08,0.5999999999876868,25,50,10
18,1834,2.7206752642346904e-36,0.3999999997029061,5.580841418955869e-08,0.5999999444886795,25,50,10
18,1835,3.5029358190814876e-43,0.399999999822641,1.7800170471956496e-10,0.5999999999993573,25,50,10
18,1836,2.709633079414193e-44,0.39999999999891117,3.7425554218208416e-11,0.5999999999636634,25,50,10
18,1837,1.0059914644867313e-44,0.3999999999970839,3.968781694133754e-11,0.5999999999632284,25,50,10
18,1838,3.6676263548220474e-42,0.3999999999539125,4.796368470299794e-11,0.5999999999981238,25,50,10
18,1839,2.2060373286132783e-44,0.3999891338643152,1.086663587985556e-05,0.599999999499805,25,50,10
18,1840,1.3133662234127454e-42,0.39998913386427704,1.086663613203439e-05,0.5999999994995909,25,50,10
18,1841,6.933649282774945e-44,0.3999999998737179,1.2668337548866862e-10,0.5999999999995987,25,50,10
18,1842,2.5793303480115214e-43,0.39999999665241004,3.348731488989789e-09,0.5999999999988586,25,50,10
18,1843,1.2919242729980475e-42,0.39999999431045924,7.365406299986814e-09,0.5999999983241345,25,50,10
18,1844,1.601223208799169e-42,0.3999999965282212,4.4702124971242756e-09,0.5999999990015664,25,50,10
18,1845,2.2531518523788724e-44,0.39999999971507527,2.981397533476816e-10,0.599999999986785,25,50,10
18,1846,9.00365900256088e-46,0.39999999999390523,1.5771753116633214e-11,0.5999999999903229,25,50,10
18,1847,6.993246943880925e-41,0.39998913386548396,1.0866135291279762e-05,0.5999999999992248,25,50,10
18,1848,4.9990004442161776e-45,0.3999999999966806,4.0067039080536715e-11,0.5999999999632523,25,50,10
18,1849,2.6066576436420287e-44,0.3999999999940204,4.182253779581842e-11,0.599999999964157,25,50,10
18,1850,2.728838924716794e-44,0.3999999999943718,6.889684184138012e-12,0.5999999999987385,25,50,10
18,1851,8.53647694021456e-40,0.3999999966535339,3.3464943739830677e-09,0.5999999999999718,25,50,10
18,1852,1.7549565312685296e-41,0.3999999999969928,2.0567930348526063e-11,0.5999999999824391,25,50,10
18,1853,1.4669739994976258e-41,0.39999999999627917,6.520162904794341e-11,0.5999999999385192,25,50,10
18,1854,1.466952894772219e-41,0.39999980919708944,1.9086417634714132e-07,0.5999999999387342,25,50,10
18,1855,2.5783611704919866e-43,0.399999999935464,7.668505485227285e-10,0.5999999992976854,25,50,10
18,1856,1.4670081095429182e-41,0.3999999998814161,8.207240161820812e-10,0.5999999992978597,25,50,10
18,1857,2.6411485778353616e-43,0.3999999998850578,1.3624690889559364e-10,0.5999999999786954,25,50,10
18,1858,3.5575870116531566e-43,0.39999999966697625,2.204024706294883e-06,0.5999977963083174,25,50,10
18,1859,1.318567762627933e-42,0.3999999928544164,7.146741775450169e-09,0.5999999999988418,25,50,10
18,1860,3.1492866123878856e-43,0.39999999511561163,6.0863763413723e-09,0.5999999987980121,25,50,10
18,1861,7.382885504592398e-34,0.3999999951861843,5.576587195281808e-09,0.5999999992372286,25,50,10
18,1862,8.751578383161839e-44,0.39999999523665386,6.179153785371652e-09,0.5999999985841924,25,50,10
18,1863,2.2719319031513465e-37,0.39999252084440656,7.479857853944043e-06,0.5999999992977395,25,50,10
18,1864,1.7738205026013247e-41,0.3999894956533414,1.0505049208463607e-05,0.5999999992974502,25,50,10
18,1865,5.868796847126482e-45,0.3999999999972195,3.4353417550576553e-12,0.5999999999993452,25,50,10
18,1866,6.034305458359923e-45,0.39999999761751753,2.4202128029401803e-09,0.5999999999622697,25,50,10
18,1867,3.543158671119508e-43,0.3999891338671348,1.0866132891227798e-05,0.599999999999974,25,50,10
18,1868,2.7972682847139557e-43,0.39999999991550317,8.453359952751088e-11,0.5999999999999633,25,50,10
18,1869,3.2209896337931932e-43,0.39999999982984286,4.703496265846946e-06,0.5999952966738913,25,50,10
18,1870,3.4324973483243373e-43,0.3999999999962264,2.962555487802223e-11,0.5999999999741481,25,50,10
18,1871,2.590522282448832e-43,0.3999997354006451,2.6461256429407594e-07,0.5999999999867905,25,50,10
18,1872,2.845560824613452e-43,0.39999999999279856,1.9732964027755917e-11,0.5999999999874686,25,50,10
18,1873,1.2278571383599569e-42,0.39999999017901855,9.821150922643473e-09,0.5999999999998306,25,50,10
18,1874,1.507300290973488e-42,0.39999972558248686,2.7715306919917967e-07,0.599999997264444,25,50,10
18,1875,1.507126331609715e-42,0.3999997255835155,2.7785393423297233e-07,0.5999999965625502,25,50,10
18,1876,6.993766220006099e-45,0.3999999901827356,1.3279672235362646e-08,0.5999999965375923,25,50,10
18,1877,2.63240777511494e-43,0.3999999998766136,2.157059564233615e-09,0.5999999979663267,25,50,10
18,1878,5.775799365429143e-45,0.3999999999559341,3.870721803164785e-08,0.5999999613368479,25,50,10
18,1879,3.9865901610643337e-39,0.39999999981583884,3.8847307411857865e-08,0.5999999613368537,25,50,10
18,1880,3.986590055864744e-39,0.3999999998745294,1.2563267888783432e-10,0.599999999999838,25,50,10
18,1881,4.001259686596916e-39,0.39999999982392626,1.7681706667147404e-10,0.5999999999992568,25,50,10
18,1882,1.469108075023844e-41,0.39999962815404966,3.723464902644514e-07,0.5999999994994601,25,50,10
18,1883,3.238124948270665e-36,0.3999996179047318,3.825948158206317e-07,0.5999999995004525,25,50,10
18,1884,5.954800204263942e-36,0.3999996247248719,4.917013757348315e-07,0.5999998835737523,25,50,10
18,1885,4.315874110784852e-44,0.39999962821130963,3.717974622545069e-07,0.5999999999912281,25,50,10
18,1886,2.8001858247122423e-43,0.3999996283249876,3.7168377700734403e-07,0.5999999999912354,25,50,10
18,1887,1.774911326503616e-41,0.3999998092712621,1.9146317998192722e-07,0.5999999992655579,25,50,10
18,1888,1.7806748093284466e-41,0.39999980927333134,1.907610083987097e-07,0.5999999999656603,25,50,10
18,1889,1.4755400430220908e-41,0.39999999305547973,7.64681269151012e-09,0.5999999992977076,25,50,10
18,1890,1.2485613202024613e-42,0.3999999999580067,5.419747972262133e-10,0.5999999995000185,25,50,10
18,1891,3.328058069243234e-43,0.39999999995506735,5.444692451866295e-10,0.5999999995004635,25,50,10
18,1892,2.6054621751419973e-44,0.3999999999998963,4.996496200112914e-10,0.599999999500454,25,50,10
18,1893,2.711570787451425e-44,0.3999999997087461,1.7396758766683793e-09,0.5999999985515779,25,50,10
18,1894,1.0080349587469165e-46,0.3999999998787448,1.5690564546352245e-09,0.5999999985521987,25,50,10
18,1895,1.2329515287420135e-42,0.3999998573054952,1.436937258021029e-07,0.599999999000779,25,50,10
18,1896,5.848855833884978e-45,0.3999999966130984,3.886432937468923e-09,0.5999999995004687,25,50,10
18,1897,3.1253142646270805e-43,0.39999999661134816,3.091363978124759e-08,0.599999972475012,25,50,10
18,1898,4.427120829573339e-43,0.39999999995563185,8.25399180185942e-11,0.5999999999618282,25,50,10
18,1899,4.400511337429649e-43,0.39999999999390334,8.304185678156309e-08,0.5999999169642399,25,50,10
18,1900,3.98689670662382e-39,0.3999999999570957,8.25664872922186e-08,0.599999917476417,25,50,10
18,1901,2.2730582502696272e-37,0.399999999894397,1.1791321152571405e-10,0.5999999999876898,25,50,10
18,1902,3.6720961318563997e-42,0.39999999982477236,2.106434433013017e-10,0.5999999999645842,25,50,10
18,1903,1.9897032781336188e-44,0.39999999993408714,6.614846809219272e-11,0.5999999999997645,25,50,10
18,1904,1.7489651081356945e-41,0.3999999930336389,6.966403563969728e-09,0.5999999999999576,25,50,10
18,1905,1.7485041840370655e-41,0.3999999930358092,6.964356063724208e-09,0.5999999999998348,25,50,10
18,1906,1.5485137625874336e-34,0.3999999930944639,3.5378791033595184e-08,0.5999999715267452,25,50,10
18,1907,5.735490100191558e-46,0.39999999999766717,2.3556792090901857e-12,0.5999999999999772,25,50,10
18,1908,9.966445917222314e-40,0.39999967673898346,3.23962931911476e-07,0.5999999992980847,25,50,10
18,1909,6.547772884884711e-44,0.39999252120126644,7.478798749206168e-06,0.5999999999999845,25,50,10
18,1910,8.589016302834055e-44,0.39999233050040806,7.669499749481708e-06,0.5999999999998424,25,50,10
18,1911,5.680916458289426e-38,0.3999993115003981,6.884996132539644e-07,0.5999999999999887,25,50,10
18,1912,3.926527261478471e-42,0.3999999999922904,4.357111298620986e-11,0.5999999999641386,25,50,10
18,1913,3.6680110606178586e-42,0.39999999999397495,4.2113390500942766e-11,0.5999999999639116,25,50,10
18,1914,2.170208663669035e-44,0.39999999999720565,3.0174071543690312e-12,0.599999999999777,25,50,10
18,1915,5.84602208034977e-45,0.39999999999334934,7.760353511781725e-12,0.5999999999988903,25,50,10
18,1916,2.747706569572881e-44,0.39999999995030416,5.1841152259248916e-11,0.5999999999978547,25,50,10
18,1917,3.07240310184761e-43,0.399999999954074,2.0808298598143885e-09,0.5999999979650962,25,50,10
18,1918,1.779850438442373e-41,0.3999999999540988,6.409721037643405e-11,0.5999999999818041,25,50,10
18,1919,2.272359987540347e-37,0.3999999929531695,7.047432946814633e-09,0.5999999999993975,25,50,10
18,1920,2.272359395903429e-37,0.3999999999137587,7.889850168138052e-10,0.5999999992972563,25,50,10
18,1921,2.272395579303628e-37,0.39999999985537876,8.477328368003159e-10,0.5999999992968885,25,50,10
18,1922,2.684684972900823e-43,0.3999999998244107,1.88503606593099e-10,0.5999999999870859,25,50,10
18,1923,3.677278556083931e-42,0.39999999999697344,1.6229167363733356e-06,0.5999983770862901,25,50,10
18,1924,5.1626464671991014e-42,0.3999999999940959,5.056088534873652e-10,0.5999999995002954,25,50,10
18,1925,3.018634939391924e-42,0.39999999999884817,5.006917309291664e-10,0.5999999995004601,25,50,10
18,1926,2.760824945793337e-42,0.39999999024455946,1.1703380127643293e-08,0.5999999980520605,25,50,10
18,1927,1.5901933166057267e-41,0.3999999999954424,5.6002745326741626e-08,0.5999999440018123,25,50,10
18,1928,8.386188106625645e-40,0.3999922634652333,7.737069257407611e-06,0.5999999994655093,25,50,10
18,1929,3.9866126168878276e-39,0.399999999989879,9.511229209864496e-11,0.5999999999150087,25,50,10
18,1930,3.9869290288569835e-39,0.3999999966378612,3.4129414165049176e-09,0.5999999999491973,25,50,10
18,1931,3.229362095576542e-44,0.39999999987774254,1.22260435579915e-10,0.599999999999997,25,50,10
18,1932,2.3414194820597377e-44,0.3999999999595496,7.616013785817464e-11,0.5999999999642903,25,50,10
18,1933,1.1915319976551672e-38,0.39999999991774965,8.270207015480384e-11,0.5999999999995483,25,50,10
18,1934,1.5628815281906324e-42,0.3999999999551572,4.570366880941821e-11,0.5999999999991392,25,50,10
18,1935,1.4997763192747228e-41,0.3999999999945313,6.5799445874089776e-12,0.5999999999988889,25,50,10
18,1936,3.2833529739336586e-43,0.39999980931442136,1.90746340331834e-07,0.5999999999392385,25,50,10
18,1937,1.297144726131708e-42,0.3999999999539028,8.21592086728777e-11,0.599999999963938,25,50,10
18,1938,7.029619424163285e-44,0.3999999997025611,3.693189280197468e-10,0.5999999999281199,25,50,10
18,1939,5.816082678621091e-45,0.39999986424266537,1.3575833702950162e-07,0.5999999999989977,25,50,10
18,1940,5.5396594992970327e-45,0.3999999903010403,9.699562467341947e-09,0.5999999999993971,25,50,10
18,1941,3.737481500945824e-42,0.39998913375405487,1.0906241698916366e-05,0.5999999600042462,25,50,10
18,1942,5.76946952024021e-45,0.39998913381105067,1.0866891236437917e-05,0.5999999992977129,25,50,10
18,1943,1.2370249812413052e-42,0.39999998335686754,1.7344828116699593e-08,0.5999999992983044,25,50,10
18,1944,1.539919103321324e-42,0.3999999930130365,6.987296515574316e-09,0.599999999999667,25,50,10
18,1945,1.2384415865917904e-42,0.39999999288163757,7.118683909415025e-09,0.5999999999996785,25,50,10
18,1946,1.2539588341217992e-42,0.39999998619394633,1.4484743774772233e-08,0.5999999993213101,25,50,10
18,1947,3.987848486883393e-39,0.39999998619245486,5.380325923362576e-08,0.5999999600042859,25,50,10
18,1948,2.272357129831567e-37,0.3999999930379016,6.9621423937648495e-09,0.5999999999999561,25,50,10
18,1949,6.974403138567111e-44,0.3999999999952374,2.8795762987557708e-11,0.5999999999759669,25,50,10
18,1950,8.589024645588659e-44,0.3999999999998947,2.413189154219436e-11,0.5999999999759733,25,50,10
18,1951,1.2540288181183344e-42,0.39999999991529755,2.1188000237746847e-09,0.5999999979659024,25,50,10
18,1952,2.7203327407158557e-44,0.39999960651070327,3.934897597549864e-07,0.5999999999995371,25,50,10
18,1953,2.7165043962213213e-44,0.3999996065079517,3.9350191177798094e-07,0.5999999999901366,25,50,10
18,1954,3.239718613595231e-44,0.3999999999977124,5.2284755865319414e-11,0.5999999999500027,25,50,10
18,1955,2.6083681169990703e-44,0.3999999999956359,3.039247105508327e-11,0.5999999999739716,25,50,10
18,1956,8.373946924691011e-40,0.3999999999950238,1.4394449709313974e-11,0.5999999999905818,25,50,10
18,1957,8.37394383079242e-40,0.3999999999958302,1.3407782678418174e-11,0.5999999999907623,25,50,10
18,1958,3.7577199044453166e-44,0.38124448082085033,0.01875551917917081,0.5999999999999789,25,50,10
18,1959,5.681041401470198e-38,0.3999999997922604,2.413052704760944e-10,0.5999999999664344,25,50,10
18,1960,1.5490827876552745e-34,0.39999999283180815,7.672814104962838e-09,0.5999999994953777,25,50,10
18,1961,1.2501560021754958e-42,0.3999999930093315,6.990691688177196e-09,0.5999999999999769,25,50,10
18,1962,5.878488879518712e-45,0.3999999999340185,1.040105535288907e-09,0.5999999990258761,25,50,10
18,1963,2.748377258109076e-44,0.3999999998804638,1.7694854892841383e-10,0.5999999999425877,25,50,10
18,1964,2.6127575952345864e-44,0.39999999981799855,3.1633512702393416e-06,0.5999968368307314,25,50,10
18,1965,5.521397854684715e-44,0.3999999900795461,9.929440412323961e-09,0.5999999999910134,25,50,10
18,1966,1.4903405598026478e-42,0.39999999281459386,7.228201380730077e-09,0.5999999999572047,25,50,10
18,1967,2.6284173853145147e-43,0.39999999293568256,7.073250270559082e-09,0.5999999999910671,25,50,10
18,1968,7.019755183715683e-41,0.3999999930385083,6.961657658862113e-09,0.599999999999834,25,50,10
18,1969,2.5744942470767363e-43,0.3999999930941428,6.9058721090836025e-09,0.5999999999999851,25,50,10
18,1970,3.8794276861686716e-46,0.3999999930955116,6.9053257341019154e-09,0.5999999999991626,25,50,10
18,1971,6.437535121500282e-44,0.39999999309652984,7.605367427411684e-09,0.5999999992981028,25,50,10
18,1972,8.756719488257987e-41,0.3741763259601854,0.025823674742095935,0.5999999992977186,25,50,10
18,1973,1.3011590509727115e-44,0.3741763260168358,0.02582367398339065,0.5999999999997736,25,50,10
18,1974,3.988142995914701e-39,0.3999999999342942,0.00012522414520601543,0.5998747759204996,25,50,10
18,1975,2.627432774519656e-43,0.39999999999080466,7.21145878241181e-10,0.5999999992880495,25,50,10
18,1976,4.629604412435381e-45,0.39999999982680845,8.753226999605462e-10,0.5999999992978688,25,50,10
18,1977,4.5384281529685704e-45,0.3999999933032398,6.696780364528926e-09,0.5999999999999798,25,50,10
18,1978,1.2473816925665516e-42,0.39999999330593944,6.719619897205221e-09,0.5999999999744408,25,50,10
18,1979,2.84357637787642e-43,0.3999999966494594,3.876098064206116e-09,0.5999999994744426,25,50,10
18,1980,5.502636460645543e-45,0.3999999998277665,1.7265777422082723e-10,0.5999999999995758,25,50,10
18,1981,6.994030262690239e-41,0.3999999996459747,1.8022384406328803e-09,0.599999998551787,25,50,10
18,1982,6.994178238807482e-41,0.3999998638987085,1.3610131072686028e-07,0.5999999999999809,25,50,10
18,1983,6.996320938393183e-41,0.39999986077812627,1.392225051201817e-07,0.5999999999993686,25,50,10
18,1984,2.1911783852673669e-44,0.39999986090323836,1.395807246514837e-07,0.5999999995160369,25,50,10
18,1985,2.1905889220838488e-44,0.3999998609032194,1.3909762478130386e-07,0.5999999999991559,25,50,10
18,1986,2.4171891350943307e-44,0.3999999941417329,5.868667936232475e-09,0.5999999999895992,25,50,10
18,1987,6.662865227601804e-44,0.3999999997873119,2.844300377777771e-10,0.599999999928258,25,50,10
18,1988,7.768981608590185e-45,0.3999999998808041,1.7478497924436068e-10,0.599999999944411,25,50,10
18,1989,7.42706073425573e-44,0.39999999981724316,2.3097044684016734e-10,0.5999999999517864,25,50,10
18,1990,5.40300335806434e-45,0.39999999981735207,1.9163180505710994e-10,0.5999999999910162,25,50,10
18,1991,5.610303188305395e-47,0.39999999749443005,2.5058055079847793e-09,0.5999999999997645,25,50,10
18,1992,9.979003129094302e-40,0.39999998010757876,1.99178476766278e-08,0.5999999999745735,25,50,10
18,1993,2.699251210268161e-44,0.3999999999348944,9.068067253572204e-11,0.599999999974425,25,50,10
18,1994,2.693156944969999e-44,0.39999999993705865,6.369636732522451e-11,0.599999999999245,25,50,10
18,1995,1.0280599341292882e-44,0.39999944389438374,5.561063668836932e-07,0.5999999999992494,25,50,10
18,1996,3.1259624678746433e-43,0.39999944722489433,5.528264989384968e-07,0.5999999999486068,25,50,10
18,1997,4.0043882691937517e-39,0.39999999975702594,2.691539447539961e-10,0.59999999997382,25,50,10
18,1998,4.004337840133169e-39,0.39999999993283764,5.760872219190978e-10,0.5999999994910752,25,50,10
18,1999,1.7497014304463104e-41,0.3999999929909795,7.01028835337069e-09,0.5999999999987322,25,50,10
18,2000,1.2337117003516052e-42,0.39999999989867363,2.147760794632841e-09,0.5999999979535656,25,50,10
18,2001,1.232772269736406e-42,0.399999606340976,3.9569312957189265e-07,0.5999999979658944,25,50,10
18,2002,2.7745472401735314e-44,0.39999999527252844,4.728543735593692e-09,0.5999999999989278,25,50,10
18,2003,2.765098024813119e-44,0.3999999976541739,1.1876316024366085e-07,0.5999998835826659,25,50,10
18,2004,2.6544125794617034e-44,0.3999999976557965,2.353419313210965e-09,0.5999999999907842,25,50,10
18,2005,5.010606025220411e-45,0.39999999995807883,5.06918451507067e-11,0.5999999999912294,25,50,10
18,2006,5.039943535650754e-47,0.39999999752753324,2.472927333087889e-09,0.5999999999995395,25,50,10
18,2007,3.068806739275453e-43,0.3999999999957484,5.151546331283872e-12,0.5999999999991001,25,50,10
18,2008,1.796748252290307e-42,0.3999999997107201,1.7376831727189489e-09,0.5999999985515969,25,50,10
18,2009,2.8754368769167014e-46,0.3999999997862968,2.1372549768248224e-10,0.5999999999999777,25,50,10
18,2010,2.792359276302974e-46,0.39999960654978767,3.934504618472885e-07,0.5999999999997504,25,50,10
18,2011,3.986590205345811e-39,0.39999999998785385,1.3898465141960088e-11,0.5999999999982477,25,50,10
18,2012,3.9880744244946265e-39,0.3999999999484918,5.252862309060613e-11,0.5999999999989797,25,50,10
18,2013,1.2271089102839549e-42,0.39999999989873614,1.0150968459884651e-10,0.5999999999997542,25,50,10
18,2014,2.4852649321632085e-47,0.3999999999373081,6.339743930015639e-11,0.5999999999992945,25,50,10
18,2015,3.072462076922341e-43,0.3999999998974156,1.116172784351179e-10,0.5999999999909672,25,50,10
18,2016,1.0141334770885724e-39,0.39999999983702866,1.840685316105596e-10,0.5999999999789027,25,50,10
18,2017,6.801697457040837e-37,0.39999999750193266,3.1997448374841356e-09,0.5999999992983226,25,50,10
18,2018,6.801712793821271e-37,0.39999986407245813,1.3662985587212823e-07,0.5999999992976861,25,50,10
18,2019,2.436938754490663e-42,0.3999997249180753,2.755817557157908e-07,0.599999999500169,25,50,10
18,2020,3.0182923330741155e-42,0.39999986401767784,1.3648259649699836e-07,0.5999999994997257,25,50,10
18,2021,1.2329755243640347e-42,0.39999999999888725,2.0353711114109534e-09,0.5999999979657418,25,50,10
18,2022,6.996800359287105e-41,0.3999994278286372,6.108431144348248e-07,0.5999999613282484,25,50,10
18,2023,3.316251467004275e-44,0.3999999997672428,9.350676805213762e-10,0.5999999992976897,25,50,10
18,2024,3.2027922893356275e-36,0.3995637523179586,0.0004362483849312662,0.5999999992971101,25,50,10
18,2025,3.202793515779791e-36,0.3995635618611171,0.00043643888347421147,0.5999999992554088,25,50,10
18,2026,6.994059974815168e-41,0.39999999769462136,2.3473881486210237e-09,0.5999999999579906,25,50,10
18,2027,1.7485557533155163e-41,0.3999999998777504,1.2256471820389794e-10,0.5999999999996849,25,50,10
18,2028,1.0141324555756365e-39,0.3999999966515081,3.3491180601379412e-09,0.5999999999993739,25,50,10
18,2029,6.473589417395002e-44,0.3999999999394685,6.116565858375275e-11,0.5999999999993658,25,50,10
18,2030,6.529745195436771e-44,0.39999999999498653,1.7503946734653082e-11,0.5999999999875095,25,50,10
18,2031,1.7490110419000548e-41,0.3999999999960545,1.4647136366168438e-09,0.5999999985392318,25,50,10
18,2032,1.8712643845862285e-41,0.3999999942273002,6.2722310473773774e-09,0.5999999995004688,25,50,10
18,2033,1.549178812542675e-42,0.3999999934333349,7.06642375139665e-09,0.5999999995002413,25,50,10
18,2034,2.092979881539479e-40,0.39999999982580564,4.069444729286969e-08,0.5999999594797472,25,50,10
18,2035,9.775058117510843e-47,0.3999999998224847,2.0328517111149202e-10,0.59999999997423,25,50,10
18,2036,5.4826573139483e-45,0.3999685159647763,3.14840353781659e-05,0.5999999999998455,25,50,10
18,2037,5.532022292964126e-46,0.3999999929271956,7.073028319397785e-09,0.599999999999776,25,50,10
18,2038,5.624896329668587e-46,0.3999999998277047,1.7230322555785896e-10,0.5999999999999921,25,50,10
18,2039,4.6126749162335894e-45,0.39999999999572816,8.252875747848967e-08,0.5999999174755144,25,50,10
18,2040,2.161239908716314e-44,0.3999999999885632,1.2058431103814794e-11,0.5999999999993784,25,50,10
18,2041,2.1178468975201455e-41,0.3999999930913995,6.908636898065857e-09,0.5999999999999637,25,50,10
18,2042,4.768246859136061e-38,0.3999999933941119,6.605913974145734e-09,0.5999999999999741,25,50,10
18,2043,4.766526677446786e-38,0.399999990876101,9.206301162962933e-09,0.5999999999175979,25,50,10
18,2044,4.766278128915783e-38,0.3999999974283751,3.1280704425901492e-09,0.5999999994435544,25,50,10
18,2045,1.5112992298768813e-42,0.399999997657224,2.8896734558411647e-09,0.5999999994531027,25,50,10
18,2046,3.987155209427118e-39,0.39999999999985375,5.382833055588019e-10,0.5999999994618631,25,50,10
18,2047,1.4717476618811599e-41,0.39999999987391816,1.2626032808470215e-10,0.5999999999998216,25,50,10
18,2048,2.793506235046569e-43,0.3999999999132278,6.220072710654153e-10,0.5999999994647651,25,50,10
18,2049,5.0964669837428745e-45,0.3999999998746365,1.622601352368359e-10,0.5999999999631034,25,50,10
18,2050,6.982186604989414e-44,0.39999999987603974,6.202686053380391e-10,0.5999999995036918,25,50,10
18,2051,3.4597436850965533e-43,0.3999999974384948,4.044990419566681e-09,0.5999999985165149,25,50,10
18,2052,1.619758384094928e-42,0.39999999741968023,4.028910172982415e-09,0.5999999985514095,25,50,10
18,2053,6.12679493707787e-42,0.399999999779218,9.226383619413781e-10,0.5999999992981436,25,50,10
18,2054,8.693233405325092e-40,0.3999999997565442,9.71589892230477e-08,0.5999999030844667,25,50,10
18,2055,3.240778201840516e-41,0.39998913362419974,1.0894849974132708e-05,0.5999999715258261,25,50,10
18,2056,3.704003526546459e-46,0.39999999987656154,1.3236087333756106e-10,0.5999999999910776,25,50,10
18,2057,2.090623023688483e-40,0.39999999999696584,2.4646926516736445e-11,0.5999999999783873,25,50,10
18,2058,1.2056990736749409e-39,0.3999999999353801,8.956167215400004e-11,0.5999999999750583,25,50,10
18,2059,1.059363740047489e-44,0.399999997615425,3.1108537485283334e-09,0.5999999992737214,25,50,10
18,2060,2.7947481411404916e-43,0.39999999065625486,1.0046248560403644e-08,0.5999999992974966,25,50,10
18,2061,4.204012832183778e-42,0.3999999906570623,9.355766863714193e-09,0.5999999999871709,25,50,10
18,2062,2.792730818324715e-43,0.3999999930963204,6.912962376492255e-09,0.5999999999907172,25,50,10
18,2063,7.936368458556931e-43,0.3999999930933502,6.907413381909454e-09,0.5999999999992365,25,50,10
18,2064,1.7999849058784191e-41,0.39999999999593383,4.935954013761022e-12,0.5999999999991302,25,50,10
18,2065,3.0695428932345374e-43,0.3999999903010669,9.711257639118883e-09,0.5999999999876755,25,50,10
18,2066,3.0807446444593697e-43,0.399999999998397,1.449555915737939e-09,0.5999999985520471,25,50,10
18,2067,3.0693066628072033e-43,0.3999999999998943,2.5530205335586687e-11,0.5999999999745755,25,50,10
18,2068,3.069289683611793e-43,0.3999999999977655,2.263743557505831e-12,0.5999999999999707,25,50,10
18,2069,8.361836272758162e-40,0.3999996282671113,4.1172802142424346e-07,0.5999999600048674,25,50,10
18,2070,8.361619848964054e-40,0.39999999993825225,4.0758552746610115e-08,0.599999959303195,25,50,10
18,2071,4.3539786340654693e-44,0.3999999930926805,3.608298635014261e-08,0.5999999708243332,25,50,10
18,2072,2.272359563334448e-37,0.3999999999952438,7.075331771646111e-10,0.5999999992972231,25,50,10
18,2073,2.1985381065035291e-44,0.39999999994978375,5.089378090833664e-11,0.5999999999993225,25,50,10
18,2074,9.969775023979874e-40,0.39999985448872244,1.730365725463257e-07,0.5999999724747052,25,50,10
18,2075,9.969555374327969e-40,0.39999985442947805,1.730953836450142e-07,0.5999999724751384,25,50,10
18,2076,4.99913916457872e-39,0.3999995897504167,4.107491346299559e-07,0.5999999995004487,25,50,10
18,2077,1.0988731423166372e-44,0.3999995995882283,4.004117947284806e-07,0.599999999999977,25,50,10
18,2078,3.986597683345226e-39,0.3999999997635505,2.375328306675822e-10,0.5999999999989167,25,50,10
18,2079,3.98665977625209e-39,0.3999999997856048,2.2480660719075824e-09,0.5999999979663291,25,50,10
18,2080,4.0040750050137086e-39,0.3999999964402019,3.560896430242414e-09,0.5999999999989017,25,50,10
18,2081,8.008458334889454e-39,0.3999999961868882,3.81327340931659e-09,0.5999999999998383,25,50,10
18,2082,7.989894691370384e-39,0.3999891335713184,1.0866428708267802e-05,0.5999999999999733,25,50,10
18,2083,5.018212439123838e-39,0.399999996570952,3.4544736601934e-09,0.5999999999745744,25,50,10
18,2084,6.179163822847001e-38,0.39997108926606356,2.891078476195898e-05,0.5999999999491746,25,50,10
18,2085,6.079551826057851e-38,0.39999225899379964,7.741032062321227e-06,0.5999999999741381,25,50,10
18,2086,4.056836832151372e-39,0.3999999895665583,1.0458869440189845e-08,0.5999999999745724,25,50,10
18,2087,3.986896259454676e-39,0.3999999919507452,2.211765503154802e-06,0.5999977962837515,25,50,10
18,2088,2.1397519700109406e-46,0.3999999966499129,2.2071024198579868e-06,0.5999977962476674,25,50,10
18,2089,5.854281180199147e-45,0.3999999999947109,4.1158231606501895e-11,0.5999999999641308,25,50,10
18,2090,7.059886554087784e-45,0.39999999999570107,3.8644450796933016e-08,0.5999999613598481,25,50,10
18,2091,6.971335896612238e-45,0.39999999999282565,3.8647544375342166e-08,0.5999999613596301,25,50,10
18,2092,9.771327616929472e-44,0.39999999029890326,9.713521460542307e-09,0.5999999999875752,25,50,10
18,2093,1.1357646670911626e-43,0.3999999999910988,3.34956641562784e-11,0.5999999999754055,25,50,10
18,2094,2.6503202447098935e-44,0.3999999999918127,3.1631810128890756e-06,0.5999968368271744,25,50,10
18,2095,3.9865968158242485e-39,0.39999999995633173,4.467295567222202e-11,0.5999999999989953,25,50,10
18,2096,6.889614960975937e-45,0.39999999988346174,1.1715635972193843e-10,0.5999999999993819,25,50,10
18,2097,6.117601181389602e-45,0.3999999998816255,1.1924293816714487e-10,0.5999999999991316,25,50,10
18,2098,2.7937144693966645e-43,0.39999999999680746,1.1592123476055911e-07,0.5999998840819578,25,50,10
18,2099,1.1932850519754098e-38,0.3999999902968885,9.720885422531973e-09,0.5999999999822261,25,50,10
18,2100,1.1915343895173565e-38,0.39999999999787583,1.5688787938556229e-06,0.5999984311233304,25,50,10
18,2101,2.7026670020851743e-44,0.3999999999988397,1.5527277074760835e-12,0.5999999999996076,25,50,10
18,2102,1.1282223556158188e-43,0.3995637525896616,0.00043624808903069154,0.5999999993213079,25,50,10
18,2103,1.0113386238399613e-39,0.3999999998348331,1.6583427245511924e-10,0.5999999999993327,25,50,10
18,2104,1.2490965989428701e-42,0.3999667196532328,3.328034722751752e-05,0.5999999999995397,25,50,10
18,2105,3.1762699045453658e-43,0.39999225366290875,7.746836639735676e-06,0.5999999995004517,25,50,10
18,2106,7.023230739918325e-44,0.3999999929344296,9.111702713937628e-09,0.5999999979538676,25,50,10
18,2107,4.9256666629866535e-46,0.39999999987703255,1.353023084016473e-10,0.5999999999876651,25,50,10
18,2108,5.727818637736309e-46,0.3999999998359984,1.7635961876593153e-10,0.599999999987642,25,50,10
18,2109,6.99411726878284e-41,0.39999959964677345,4.0180163527264224e-07,0.5999999985515914,25,50,10
18,2110,2.586936327394173e-43,0.39999986420745814,1.3775221878655723e-07,0.5999999980403231,25,50,10
18,2111,3.220414571903601e-43,0.3999999965958031,3.9160853645557194e-09,0.5999999994881117,25,50,10
18,2112,1.4723601397713852e-41,0.3999997353558512,6.871386139364764e-06,0.5999933932580094,25,50,10
18,2113,1.748973515416018e-41,0.39999999978799167,2.2456816406596198e-09,0.5999999979663266,25,50,10
18,2114,3.49702500202765e-41,0.39999999974331807,2.567008833062971e-10,0.5999999999999811,25,50,10
18,2115,5.555571205202256e-45,0.39999999757061744,2.4383141300501354e-09,0.5999999999910685,25,50,10
18,2116,5.552041515900396e-45,0.3999999975765217,2.424706998039374e-09,0.5999999999987714,25,50,10
18,2117,2.6299972793139827e-43,0.39999999995415875,5.4618875094580404e-11,0.5999999999912223,25,50,10
18,2118,2.630837875152242e-43,0.39999999965380445,3.549731312314585e-10,0.5999999999912224,25,50,10
18,2119,5.916541686124419e-43,0.39999999069662207,9.312147714171728e-09,0.5999999999912302,25,50,10
18,2120,3.298691000892086e-43,0.3999999975992029,2.4809280075696173e-09,0.5999999999198691,25,50,10
18,2121,3.947046576719858e-46,0.39999999989877466,1.0126343708028276e-10,0.5999999999999619,25,50,10
18,2122,4.63136583390604e-46,0.39999999995815927,7.797579717549801e-11,0.5999999999638651,25,50,10
18,2123,1.2332684129367788e-42,0.39999999989629004,1.3983923124250328e-10,0.5999999999638708,25,50,10
18,2124,7.119411201063352e-41,0.3999999952910398,4.709195333348408e-09,0.5999999999997649,25,50,10
18,2125,1.4674443191175895e-41,0.3999999999381512,8.72567332534726e-11,0.599999999974592,25,50,10
18,2126,2.935107424818272e-41,0.3999999999531449,7.270666602916267e-11,0.5999999999741485,25,50,10
18,2127,2.9365350146753656e-41,0.3999999999131896,7.915896967797351e-10,0.5999999992952207,25,50,10
18,2128,2.237374769977635e-40,0.39999999966488703,3.624518405791088e-10,0.5999999999726612,25,50,10
18,2129,2.265314703498822e-40,0.3999994437613982,5.562528475399149e-07,0.5999999999857546,25,50,10
18,2130,1.6190527848259978e-35,0.39999986864527265,1.3136723558966153e-07,0.5999999999874919,25,50,10
18,2131,1.619052811186877e-35,0.3999998685149662,1.3149845857853936e-07,0.599999999986575,25,50,10
18,2132,1.2161826546294077e-47,0.3999999999920235,8.150764882986602e-12,0.5999999999998258,25,50,10
18,2133,3.986595333216712e-39,0.3999999998778508,1.578535924561471e-10,0.5999999999642956,25,50,10
18,2134,4.00248660005119e-39,0.3999999998751002,1.606144793455347e-10,0.5999999999642853,25,50,10
18,2135,1.520690847887405e-41,0.3999999999119446,1.2417984301811616e-10,0.5999999999638754,25,50,10
18,2136,6.998323217018618e-41,0.3999999929729722,7.0276654504473825e-09,0.5999999999993624,25,50,10
18,2137,6.998323647003581e-41,0.39999999305218137,8.98194151460511e-09,0.599999997965877,25,50,10
18,2138,1.5599416590303446e-42,0.3999996797490462,3.2229362970267767e-07,0.5999999979573241,25,50,10
18,2139,5.780708822933242e-38,0.39999986152493555,1.4051786643044058e-07,0.5999999979571982,25,50,10
18,2140,6.992732707258667e-41,0.39999157494174264,8.425068019919153e-06,0.5999999999902375,25,50,10
18,2141,5.687909662058574e-38,0.3999917109244952,8.289103254486607e-06,0.5999999999722503,25,50,10
18,2142,3.668102876902956e-42,0.39999944734073106,5.531938633748413e-07,0.5999999994654057,25,50,10
18,2143,3.6827559641957374e-42,0.3999999907149304,9.294726333369927e-09,0.5999999999903433,25,50,10
18,2144,4.9009238684350804e-42,0.3999922633490651,7.737378677184333e-06,0.5999999992722578,25,50,10
18,2145,3.672981650154855e-42,0.3999922632371119,7.736764179229786e-06,0.5999999999987089,25,50,10
18,2146,1.2679911361550903e-35,0.3991506626657915,0.0008493373344266512,0.5999999999997818,25,50,10
18,2147,5.700696682847541e-38,0.3999922602943271,7.739731503028837e-06,0.5999999999741699,25,50,10
18,2148,6.871356569118447e-38,0.3999921290668941,7.871643974489714e-06,0.5999999992891314,25,50,10
18,2149,2.104228360655312e-46,0.3999999965929481,4.1095672996469695e-09,0.5999999992974847,25,50,10
18,2150,2.1919570306750933e-44,0.39999999659215496,4.110308831033632e-09,0.5999999992975363,25,50,10
18,2151,1.4670334454826163e-41,0.3999999975589874,3.1435539175750006e-09,0.5999999992974588,25,50,10
18,2152,1.4672166187732513e-41,0.3999999976117293,3.1000093044171123e-09,0.5999999992882615,25,50,10
18,2153,1.1033153687392694e-44,0.39999999672109376,3.2798925948625325e-09,0.5999999999990137,25,50,10
18,2154,3.2420786595553304e-36,0.39999980681117026,1.93189368439988e-07,0.5999999999994613,25,50,10
18,2155,9.969264355121174e-40,0.39999999978406287,1.4171689062882688e-09,0.5999999987987683,25,50,10
18,2156,9.96904870893838e-40,0.39999999982591466,1.3759126469461001e-09,0.5999999987981728,25,50,10
18,2157,9.969063954436142e-40,0.39999986407451954,1.371630217477619e-07,0.5999999987624589,25,50,10
18,2158,9.969065474131442e-40,0.3999998572882537,1.432564697734906e-07,0.5999999994552765,25,50,10
18,2159,2.3915116607961764e-37,0.3999999855790248,4.3406105537283264e-08,0.5999999710148697,25,50,10
18,2160,2.391511599936011e-37,0.39999998339699583,4.5105899227675274e-08,0.5999999714971049,25,50,10
18,2161,1.1935507460145786e-38,0.399999999796392,2.869895866547362e-08,0.5999999715046492,25,50,10
18,2162,3.356174306917344e-43,0.39999960655359845,3.955017343470244e-07,0.5999999979446673,25,50,10
18,2163,1.812765040301819e-42,0.39999960626138525,3.9373864452194745e-07,0.5999999999999702,25,50,10
18,2164,1.7922716899980053e-42,0.3999999998201945,1.8108848166972426e-10,0.599999999998717,25,50,10
18,2165,2.641971120323933e-44,0.3999999966508363,5.382835199420014e-09,0.5999999979663285,25,50,10
18,2166,1.0112742774929993e-46,0.39999999995443253,4.574729594194201e-11,0.5999999999998201,25,50,10
18,2167,6.23806727360317e-45,0.39999999978405926,1.5839342349199232e-09,0.5999999986320065,25,50,10
18,2168,2.661446009487401e-44,0.39999999994021357,5.996440882368905e-11,0.599999999999822,25,50,10
18,2169,2.220276727748862e-44,0.3999999997732327,2.267790106892827e-10,0.5999999999999883,25,50,10
18,2170,2.1958063806829533e-44,0.3999999998127226,1.874430696831541e-10,0.5999999999998343,25,50,10
18,2171,7.021948475611154e-41,0.39999999993932356,5.448644701399625e-10,0.5999999995158121,25,50,10
18,2172,7.14518908467754e-41,0.3999999997284915,7.546253207129763e-10,0.5999999995168832,25,50,10
18,2173,2.573686368964934e-43,0.3999775857357389,2.244227199735175e-05,0.5999999719922637,25,50,10
18,2174,2.578352838713053e-43,0.39999999982256007,6.609836199829384e-10,0.5999999995164563,25,50,10
18,2175,3.986596928179234e-39,0.39956375243233594,0.0004362482699894057,0.5999999992976747,25,50,10
18,2176,5.840350168711947e-45,0.39999999298287564,7.718809167057294e-09,0.5999999992983153,25,50,10
18,2177,2.1709413272920658e-44,0.3999999976110834,5.124253639539319e-09,0.599999997264663,25,50,10
18,2178,2.1669277443681733e-44,0.39999999769551325,3.752277741101924e-09,0.5999999985522091,25,50,10
18,2179,5.3867824398324885e-45,0.39999999755780347,3.1797196659965466e-09,0.5999999992624768,25,50,10
18,2180,1.534235333542052e-42,0.3999994449596376,5.550408368402104e-07,0.5999999999995257,25,50,10
18,2181,1.468104589392134e-41,0.3999996032071811,3.9680160789863834e-07,0.599999999991211,25,50,10
18,2182,4.907522118962574e-42,0.39999999644805684,3.573433403623914e-09,0.5999999999785097,25,50,10
18,2183,1.2435698680933627e-42,0.39999999657206287,3.4500426891427423e-09,0.5999999999778945,25,50,10
18,2184,7.117474910710625e-41,0.39999999656905444,3.4796317027975716e-09,0.5999999999513139,25,50,10
18,2185,4.766157803217789e-38,0.39999999989132545,1.0869996200086051e-10,0.5999999999999746,25,50,10
18,2186,3.072654639579471e-43,0.3999999998250607,1.7540272619801767e-10,0.5999999999995367,25,50,10
18,2187,5.912377683755798e-43,0.39999999999377,6.7077487970129875e-12,0.5999999999995222,25,50,10
18,2188,1.789932202240332e-41,0.3999999999534118,1.1596442788135237e-07,0.5999998840821604,25,50,10
18,2189,4.060475599908914e-42,0.3999999998209626,1.1610930701820049e-07,0.5999998840697305,25,50,10
18,2190,8.634784407908703e-44,0.3999999903025588,9.733135350275371e-09,0.5999999999643059,25,50,10
18,2191,4.76613575625063e-38,0.39999999029895483,9.701207892916151e-09,0.5999999999998373,25,50,10
18,2192,1.2893947284894102e-43,0.39999999309306067,8.390574414016995e-09,0.5999999985163649,25,50,10
18,2193,2.585865791621661e-43,0.39999999995102015,5.7782234476115936e-11,0.5999999999911976,25,50,10
18,2194,1.4691346277344186e-41,0.39999999982247514,1.86157280067139e-10,0.5999999999913675,25,50,10
18,2195,1.4676901713301117e-41,0.39999999978503886,2.2798170092691307e-06,0.5999977203979519,25,50,10
18,2196,1.1296914896766214e-45,0.3999999999581646,2.2796354624528584e-06,0.5999977204063729,25,50,10
18,2197,3.673144790014986e-42,0.39999999989943885,1.4940280817666074e-10,0.5999999999511584,25,50,10
18,2198,3.832808298955066e-46,0.3999999901310132,1.1246639246515295e-08,0.5999999986223475,25,50,10
18,2199,1.4734242661780006e-41,0.3999999901318534,1.1245579600280793e-08,0.599999998622567,25,50,10
18,2200,1.0114029705023671e-39,0.39999999659390073,6.221922448373158e-09,0.5999999971841768,25,50,10
18,2201,1.2320077271373932e-42,0.3999786899582836,2.1312857480402972e-05,0.5999999971842359,25,50,10
18,2202,1.2315378252783276e-42,0.39999986424424167,1.3722974530626932e-07,0.599999998526013,25,50,10
18,2203,3.6678636304850356e-42,0.3999999999947499,3.069534622268308e-11,0.5999999999745549,25,50,10
18,2204,3.710436707813605e-42,0.3999999999380775,6.193809527021678e-11,0.5999999999999845,25,50,10
18,2205,1.5923928653596975e-41,0.3999922635808451,7.736490731454132e-06,0.5999999999284235,25,50,10
18,2206,3.6731495175347525e-42,0.39999226358071527,7.736918839423184e-06,0.5999999995004454,25,50,10
18,2207,2.645343147397997e-43,0.3999999999938467,8.985019892294942e-11,0.599999999916303,25,50,10
18,2208,2.808124830947433e-43,0.39999999989240564,1.6435748203951126e-10,0.5999999999432368,25,50,10
18,2209,1.2280843981467177e-42,0.39999999291724997,7.095228014268745e-09,0.5999999999875218,25,50,10
18,2210,1.5897471457936415e-41,0.3999999930265527,7.472975726151829e-09,0.5999999995004717,25,50,10
18,2211,3.238177642493832e-36,0.39999999999410574,5.925043940393749e-12,0.5999999999999691,25,50,10
18,2212,3.6841733573180223e-42,0.39999960609236795,3.939434943773093e-07,0.5999999999641378,25,50,10
18,2213,4.897118411875966e-42,0.39999999628957705,4.2462427880384796e-09,0.5999999994641803,25,50,10
18,2214,8.505340679981257e-45,0.3999999997502331,2.9222994797932225e-08,0.5999999710267722,25,50,10
18,2215,1.741085601645027e-45,0.3999999999486554,2.9025049734510932e-08,0.599999971026295,25,50,10
18,2216,4.766127353052254e-38,0.3999999998338907,2.863985932634565e-08,0.5999999715262501,25,50,10
18,2217,4.766127273921721e-38,0.3999999976519218,3.0271889379257917e-09,0.5999999993208892,25,50,10
18,2218,1.5409264545890842e-42,0.3999999997452447,2.3943771971227524e-09,0.5999999978603782,25,50,10
18,2219,3.082635563563432e-43,0.39999999008673615,9.926006034480715e-09,0.599999999987258,25,50,10
18,2220,3.9866113350649384e-39,0.39999999642267087,3.5779229683581443e-09,0.5999999999994062,25,50,10
18,2221,1.2275606208796211e-42,0.3999999999924341,1.455372223866612e-09,0.5999999985521938,25,50,10
18,2222,1.8707317598915486e-41,0.3999891338618243,1.0866138189013562e-05,0.5999999999999868,25,50,10
18,2223,1.9078525320659421e-41,0.39998913368664807,1.0866322590438844e-05,0.5999999999907616,25,50,10
18,2224,1.9934558808295907e-41,0.39998913376806167,1.086624387254667e-05,0.5999999999880659,25,50,10
18,2225,1.870903368187409e-41,0.39998894314193395,1.1134826462835343e-05,0.5999999220316032,25,50,10
18,2226,5.68089069623706e-38,0.3999999999402217,7.169771015764537e-11,0.5999999999880806,25,50,10
18,2227,7.014497278598372e-48,0.39999999999999714,1.8063969240787096e-14,0.5999999999999848,25,50,10
18,2228,1.2195839727453607e-46,0.39999960649182986,3.935094486145989e-07,0.5999999999987216,25,50,10
18,2229,1.1747711024858825e-46,0.3999995967980742,4.036850494863013e-07,0.5999999995168763,25,50,10
18,2230,4.766280472491991e-38,0.39999960645243,3.935564880901938e-07,0.599999999991082,25,50,10
18,2231,4.773152232800494e-38,0.3999999998810472,2.152770419300294e-09,0.5999999979661824,25,50,10
18,2232,4.766127094937408e-38,0.3999999999362119,2.0974520203144146e-09,0.5999999979663362,25,50,10
18,2233,1.1915575532467638e-38,0.39999999999572383,2.849009987256124e-08,0.5999999715141764,25,50,10
18,2234,1.1915602745487868e-38,0.3999994706301747,5.293707031621232e-07,0.5999999999991222,25,50,10
18,2235,8.364750980190589e-40,0.39998874042218463,1.1259578927766828e-05,0.5999999999988876,25,50,10
18,2236,6.349564469656292e-43,0.39997826767865186,2.1760794654139842e-05,0.599999971526694,25,50,10
18,2237,3.071507799329043e-43,0.39998913374426076,1.086626503671095e-05,0.5999999999907026,25,50,10
18,2238,3.0782260894588833e-43,0.39998913386852686,1.0906174795267028e-05,0.599999959956678,25,50,10
18,2239,3.197141136793073e-43,0.39998913386746193,1.0906128293660023e-05,0.5999999600042444,25,50,10
18,2240,3.190494659399126e-43,0.3999999865165708,1.348470693068599e-08,0.5999999999987223,25,50,10
18,2241,2.272359153797862e-37,0.3999997152846005,3.131895737286112e-07,0.5999999715258257,25,50,10
18,2242,2.272356713630648e-37,0.3999997288780746,2.732036013462482e-07,0.5999999979183241,25,50,10
18,2243,1.2914564075183426e-42,0.39999999999886376,2.0706932222934686e-09,0.599999997930443,25,50,10
18,2244,1.6472289574667307e-42,0.3999999930897858,6.911286588962484e-09,0.5999999999989276,25,50,10
18,2245,1.4697013327020765e-41,0.39999999309193934,3.4434406297060906e-08,0.5999999724736543,25,50,10
18,2246,2.2878444012727635e-44,0.39999999976497075,2.8462173616919152e-08,0.5999999717728558,25,50,10
18,2247,3.499855056474115e-43,0.3999999964686126,3.105738132092426e-08,0.599999972474006,25,50,10
18,2248,1.4671409205583111e-41,0.39999999981414364,7.04071862206148e-10,0.5999999994817845,25,50,10
18,2249,3.997925465631163e-46,0.39999999987508617,1.263032856283358e-10,0.5999999999986106,25,50,10
18,2250,2.619717999687332e-43,0.3999999998780032,1.5721418844005355e-09,0.5999999985498549,25,50,10
18,2251,5.680942603470846e-38,0.39999999280770027,8.640880263725623e-09,0.5999999985514195,25,50,10
18,2252,2.624301563440833e-43,0.3999999930346593,6.9662003661453234e-09,0.5999999999991404,25,50,10
18,2253,3.4962336100911625e-46,0.39999999995212915,6.104989180072718e-11,0.599999999986821,25,50,10
18,2254,3.0685100987852838e-43,0.39999999995222785,4.8161336157456195e-11,0.5999999999996107,25,50,10
18,2255,4.0043860540850525e-39,0.3999999966067624,3.394739075823636e-09,0.5999999999984986,25,50,10
18,2256,2.2723562765165314e-37,0.39999999995201263,1.4294875846656287e-09,0.5999999986184998,25,50,10
18,2257,2.2723562774449742e-37,0.3999999998247863,1.5437558151220262e-09,0.5999999986314579,25,50,10
18,2258,8.373896749064698e-40,0.39999999993874236,9.402693558003453e-11,0.5999999999672307,25,50,10
18,2259,3.064243858380487e-46,0.3999999999988426,9.944102184698399e-12,0.5999999999912133,25,50,10
18,2260,3.0744216734378028e-43,0.3999998156635489,1.843538702310256e-07,0.5999999999825809,25,50,10
18,2261,3.294062554485203e-43,0.39999999305209,6.95711219961139e-09,0.5999999999907979,25,50,10
18,2262,9.97900733771537e-40,0.3999999998272559,2.2798004617997224e-06,0.5999977203722823,25,50,10
18,2263,5.781046575652178e-38,0.3999685193485935,3.808691140376828e-05,0.5999933937400027,25,50,10
18,2264,1.2486300796188066e-42,0.3999999998209938,6.606430224693745e-06,0.5999933937487814,25,50,10
18,2265,4.578340701495349e-39,0.3608057034951356,0.03920090275608211,0.5999933937487824,25,50,10
18,2266,3.3304562626725244e-37,0.3599999999949177,0.040000000005083206,0.5999999999999991,25,50,10
18,2267,2.6041431752366995e-25,0.3600000020977358,0.03999999790325143,0.5999999999990127,25,50,10
18,2268,2.8123442850708605e-30,0.36000000439779817,0.0399999956026275,0.5999999999995744,25,50,10
18,2269,4.0076076714201813e-29,0.35999999995436355,0.040000000046093706,0.5999999999995428,25,50,10
18,2270,1.2334962484071744e-32,0.3599999998969601,0.04000000012058272,0.5999999999824572,25,50,10
18,2271,7.457788557952661e-37,0.3599999999533978,0.04000000005892948,0.5999999999876726,25,50,10
18,2272,8.215327083326742e-21,0.37597798878016114,0.024022011253725262,0.5999999999661136,25,50,10
18,2273,2.8066919128892173e-44,0.3999999999173731,1.0890769432389182e-10,0.5999999999737192,25,50,10
18,2274,2.1652887419189533e-44,0.39999999999383745,7.07288166338867e-12,0.5999999999990896,25,50,10
18,2275,3.7105609413243836e-42,0.3999999998728039,1.28286643910431e-10,0.5999999999989094,25,50,10
18,2276,1.2285565103546812e-42,0.39999999982980455,1.7022742726073432e-10,0.5999999999999681,25,50,10
18,2277,2.6314883946294554e-43,0.3999999998236807,6.76180581440821e-10,0.5999999995001387,25,50,10
18,2278,2.739988002199087e-43,0.3999999995257393,4.744587965459819e-10,0.5999999999998019,25,50,10
18,2279,2.154854609788554e-44,0.399999999789503,2.1053856497223108e-10,0.5999999999999585,25,50,10
18,2280,5.274161954073979e-45,0.39999999999987085,9.959253631655911e-13,0.5999999999991332,25,50,10
18,2281,2.272351705345036e-37,0.3999998640754032,1.703840255108326e-06,0.5999984320843417,25,50,10
18,2282,5.681085886514807e-38,0.3995781084028616,0.0004218916059172572,0.5999999999912211,25,50,10
18,2283,6.49259798256875e-44,0.3999999999948496,1.451392556836345e-11,0.5999999999906364,25,50,10
18,2284,3.0727697875663e-43,0.39999999999375346,6.496135897715157e-12,0.5999999999997505,25,50,10
18,2285,3.287209115044412e-43,0.39999999999681174,1.159329246177467e-07,0.5999998840702638,25,50,10
18,2286,3.068395955837525e-43,0.39999999999891195,1.1591904573283011e-07,0.5999998840820424,25,50,10
18,2287,3.0675925232585104e-43,0.39999999999886343,4.5578739367632366e-11,0.5999999999555579,25,50,10
18,2288,6.139696834791685e-43,0.3999999975754338,2.50470206699064e-09,0.5999999999198642,25,50,10
18,2289,1.5255655893055449e-41,0.399999999956402,7.99266487281594e-11,0.5999999999636714,25,50,10
18,2290,3.28377709944299e-43,0.399999999998153,1.9155321716517274e-11,0.5999999999826916,25,50,10
18,2291,3.238317341279113e-36,0.399999999878504,1.6399652702578872e-10,0.5999999999574994,25,50,10
18,2292,3.191260785534025e-43,0.3999999933080825,6.744841957608812e-09,0.5999999999470755,25,50,10
18,2293,3.1352080563491453e-43,0.3999999900104217,9.99024592209306e-09,0.5999999999993324,25,50,10
18,2294,3.144958911329952e-43,0.3999999903032463,9.72205096788127e-09,0.5999999999747028,25,50,10
18,2295,3.080665579254279e-43,0.3999999845770168,1.7456654416962408e-08,0.5999999979663289,25,50,10
18,2296,2.5975200622236763e-43,0.39999999987767965,8.329775144065219e-10,0.5999999992893429,25,50,10
18,2297,1.2515946477701373e-45,0.39999999991627966,8.10962726667784e-10,0.5999999992727577,25,50,10
18,2298,5.680916418921406e-38,0.39999999966963556,1.0326750631627446e-09,0.5999999992976893,25,50,10
18,2299,8.652071312265367e-44,0.3999995968535836,4.031718246910655e-07,0.5999999999745917,25,50,10
18,2300,2.1790752948051731e-44,0.39999999030001326,9.725406004641479e-09,0.5999999999745808,25,50,10
18,2301,9.519292840320883e-45,0.3999999902986967,5.041217167932605e-08,0.5999999592891316,25,50,10
18,2302,6.791731145645461e-37,0.3999999999926756,4.000282084494889e-08,0.5999999600045036,25,50,10
18,2303,6.791731135758065e-37,0.39999999999524993,4.891919418444186e-11,0.599999999955831,25,50,10
18,2304,6.791767766072914e-37,0.3999999998257951,2.107592727476543e-10,0.5999999999634457,25,50,10
18,2305,6.791905940960591e-37,0.39999999982680606,2.088802792015123e-10,0.5999999999643137,25,50,10
18,2306,6.791731094605161e-37,0.3999999997469207,2.887771816110715e-10,0.5999999999643021,25,50,10
18,2307,3.2830192036505658e-43,0.3999999930348855,6.965130119625174e-09,0.5999999999999843,25,50,10
18,2308,1.533800983729314e-42,0.39999999993951285,7.282724005822089e-11,0.59999999998766,25,50,10
18,2309,3.8712870882918196e-35,0.3999999999982345,0.00012966788633464766,0.599870332115431,25,50,10
18,2310,1.812231529713111e-46,0.3999999999959464,5.5407663218194444e-12,0.5999999999985128,25,50,10
18,2311,5.1234637732968784e-46,0.3999999999581654,2.5752525633740304e-09,0.5999999974665822,25,50,10
18,2312,6.994071521846725e-41,0.3999999997275831,2.3067300285568675e-09,0.5999999979656868,25,50,10
18,2313,9.061103012262565e-40,0.39999999286779625,3.669070075050415e-08,0.599999970441503,25,50,10
18,2314,1.2497007902901647e-42,0.39999999977540396,2.333744729818069e-10,0.5999999999912216,25,50,10
18,2315,8.019767048686396e-45,0.3999999998935037,1.3989590504072255e-10,0.5999999999666005,25,50,10
18,2316,2.8122645288358e-44,0.39999999999372304,2.7575566899991993e-11,0.5999999999787013,25,50,10
18,2317,2.1708259816977033e-44,0.39999999999591707,1.452098375557494e-09,0.5999999985519845,25,50,10
18,2318,4.6360400288255075e-45,0.39999999970788785,1.1765773216871842e-07,0.59999988263438,25,50,10
18,2319,1.555708052972897e-42,0.3999998573441519,2.585995201023485e-07,0.5999998840563279,25,50,10
18,2320,5.8574355687940204e-43,0.399999999938036,2.157599450573816e-09,0.5999999979043644,25,50,10
18,2321,1.5339996398546534e-42,0.39999999303560047,9.024100615091946e-09,0.5999999979402989,25,50,10
18,2322,5.854516561799221e-45,0.39999986412677996,1.3588284779689826e-07,0.5999999999903721,25,50,10
18,2323,1.0514891593729336e-47,0.39999999999992253,5.90424315847089e-13,0.5999999999994869,25,50,10
18,2324,6.555466917405512e-44,0.39999999999987246,1.3639940131912058e-12,0.5999999999987636,25,50,10
18,2325,3.229214024163016e-43,0.39999986424556444,1.369402252199713e-07,0.5999999988142103,25,50,10
18,2326,2.8077894738893015e-43,0.3999920769238059,7.923559720271717e-06,0.5999999995164739,25,50,10
18,2327,2.6421546726812846e-44,0.39999999999977925,9.650961155463173e-12,0.5999999999905697,25,50,10
18,2328,2.6800633708922946e-44,0.3999999999918488,8.174151476486099e-12,0.5999999999999769,25,50,10
18,2329,4.6357632959469895e-45,0.3999999998340244,1.6146695317050587e-09,0.599999998551306,25,50,10
18,2330,7.362993814855532e-42,0.3999998123267112,1.877334245934253e-07,0.5999999999398643,25,50,10
18,2331,3.674276644925052e-42,0.39999999995803903,1.0165166213472856e-10,0.5999999999403093,25,50,10
18,2332,1.2489321785348005e-42,0.3999999998777249,1.2229415687603519e-10,0.5999999999999809,25,50,10
18,2333,6.983618970621507e-44,0.3999999999360287,6.419164616995007e-11,0.5999999999997797,25,50,10
18,2334,9.918956704138443e-45,0.39999999999219354,4.394650481037543e-11,0.5999999999638601,25,50,10
18,2335,3.126094664698801e-43,0.39999999999441904,4.1731094869702115e-11,0.5999999999638499,25,50,10
18,2336,5.746383229257372e-45,0.3999999999989308,7.150810155455362e-10,0.5999999992859881,25,50,10
18,2337,7.441194460576694e-44,0.39999999999989133,6.907486957596287e-10,0.5999999993093601,25,50,10
18,2338,2.0649712805267206e-44,0.39999999999886376,4.839157854382475e-10,0.5999999995172206,25,50,10
18,2339,1.4974654869982894e-44,0.39999999994115604,5.778689984064366e-10,0.5999999994809749,25,50,10
18,2340,1.2420963129003088e-42,0.3999997353409062,2.651422769281943e-07,0.5999999995168168,25,50,10
18,2341,3.987823092859495e-39,0.3999997351708291,2.6555776137378323e-07,0.5999999992714096,25,50,10
18,2342,3.239103854131312e-36,0.3999996183804878,3.8162056061874615e-07,0.5999999999989515,25,50,10
18,2343,1.0113387244969007e-39,0.3999999900110889,9.989284192015845e-09,0.5999999999996269,25,50,10
18,2344,3.1262806879600805e-43,0.3999999999405111,5.97473784931004e-11,0.5999999999997415,25,50,10
18,2345,1.191535004732414e-38,0.3999999999961916,3.699420623581103e-11,0.5999999999668142,25,50,10
18,2346,2.115364869496085e-41,0.3999999998298038,1.914251387403093e-10,0.5999999999787711,25,50,10
18,2347,3.672902758589191e-42,0.39999999982976975,2.4377230272210233e-10,0.599999999926458,25,50,10
18,2348,2.5757708890870882e-43,0.3999999999384365,1.4342751542935578e-10,0.5999999999181359,25,50,10
18,2349,1.5500317423590773e-44,0.3999999999385612,7.377296443215406e-11,0.5999999999876658,25,50,10
18,2350,4.536499246943429e-45,0.39999999999990843,1.2442241572156557e-11,0.5999999999876495,25,50,10
18,2351,1.2485508797677663e-42,0.399999999914062,1.2209437906792165e-10,0.5999999999638438,25,50,10
18,2352,3.2831210333731153e-43,0.3999999966126959,3.423436630900115e-09,0.5999999999638674,25,50,10
18,2353,6.566667909498196e-43,0.39999999649536894,3.5050890438627645e-09,0.599999999999542,25,50,10
18,2354,3.2829964311776916e-43,0.3999999997770334,2.2360353015494516e-10,0.599999999999363,25,50,10
18,2355,7.024827422821732e-41,0.39999999987942336,1.568960450023175e-10,0.5999999999636807,25,50,10
18,2356,7.026972799677867e-41,0.3999999998389388,2.0635306839427184e-10,0.5999999999547081,25,50,10
18,2357,3.9874847260600343e-39,0.39999999989898233,1.5126408959185805e-10,0.5999999999497537,25,50,10
18,2358,5.7015561467160605e-43,0.3999999999916134,7.176175706190152e-11,0.599999999936625,25,50,10
18,2359,8.800943145369444e-43,0.3999999903018312,9.699312439681952e-09,0.5999999999988563,25,50,10
18,2360,3.1588333739925397e-43,0.39999999999778063,1.1622215519508798e-11,0.599999999990597,25,50,10
18,2361,3.1129886081296215e-43,0.3999999966127419,3.3969201301084234e-09,0.599999999990338,25,50,10
18,2362,4.919702683016411e-45,0.39999999978804296,2.1322105323194925e-10,0.599999999998736,25,50,10
18,2363,2.3076128190808583e-44,0.39999999944715503,5.539156517820112e-10,0.5999999999989294,25,50,10
18,2364,3.0687147333357043e-43,0.39999999648372764,4.195192415240899e-09,0.59999999932108,25,50,10
18,2365,8.103710143280914e-44,0.3999994157459327,5.85634490820375e-07,0.5999999986195766,25,50,10
18,2366,6.436499667958484e-44,0.39999999975009287,1.630339049482679e-09,0.5999999986195682,25,50,10
18,2367,4.957298756684123e-46,0.3999999998737379,8.050210299616987e-10,0.5999999993212412,25,50,10
18,2368,3.0678366449550167e-43,0.3999999997576758,2.544335851441262e-10,0.5999999999878907,25,50,10
18,2369,1.227147174657233e-42,0.3999999999914825,2.1075939420106116e-11,0.5999999999874417,25,50,10
18,2370,3.4998113769155396e-41,0.39997882550837766,2.1174491842389967e-05,0.5999999999997799,25,50,10
18,2371,1.777055681321635e-41,0.3999788256271226,2.1174385097043905e-05,0.5999999999877804,25,50,10
18,2372,1.227887727592297e-42,0.399999999993095,6.93809258835111e-12,0.599999999999967,25,50,10
18,2373,1.3905087152392834e-43,0.39999999999543223,6.589120183889549e-11,0.5999999999386766,25,50,10
18,2374,9.966479829165995e-40,0.3999999999946968,1.4789606748024978e-09,0.5999999985263426,25,50,10
18,2375,3.125212364461871e-43,0.3999999999967313,3.7383005037906176e-12,0.5999999999995305,25,50,10
18,2376,1.4981767323434614e-41,0.39999999661067903,5.435320042377397e-09,0.5999999979540009,25,50,10
18,2377,1.498636281046297e-41,0.3999999966544192,4.024282596365359e-09,0.5999999993212982,25,50,10
18,2378,3.6822728054674143e-42,0.3999999999991982,1.0592580264473762e-12,0.5999999999997424,25,50,10
18,2379,2.6310021543124953e-43,0.39999999995812646,5.416632203789648e-10,0.5999999995002104,25,50,10
18,2380,3.673484214047639e-42,0.3999999998781145,1.5780309744085197e-10,0.5999999999640824,25,50,10
18,2381,3.986590418650258e-39,0.3999999998348897,1.6579450791879684e-10,0.5999999999993157,25,50,10
18,2382,3.9868967963576804e-39,0.39999999757352916,2.4270090279772104e-09,0.5999999999994617,25,50,10
18,2383,3.986590045528414e-39,0.399999999953023,1.4952369784508777e-09,0.59999999855174,25,50,10
18,2384,4.0040799741584056e-39,0.3999999999522027,5.801134506777422e-10,0.5999999994676838,25,50,10
18,2385,4.0012644932646014e-39,0.39999999527016433,5.28675231999758e-09,0.5999999994430834,25,50,10
18,2386,1.5896721594686446e-41,0.3999999953140218,4.73553533867135e-09,0.599999999950443,25,50,10
18,2387,8.602450192572684e-47,0.3999999999985158,1.458850244471847e-11,0.5999999999868958,25,50,10
18,2388,1.0033706594061143e-46,0.3987612653354214,0.001238734715403881,0.5999999999491749,25,50,10
18,2389,1.5901913218614693e-38,0.3999999974443804,2.6070350828566605e-09,0.5999999999485844,25,50,10
18,2390,6.89737256447516e-45,0.39999998816158183,1.1864418055553765e-08,0.5999999999740001,25,50,10
18,2391,7.2739548346547e-45,0.39999999292542127,7.075032984313476e-09,0.5999999999995458,25,50,10
18,2392,1.1915328235669782e-38,0.39999999970688166,9.952208815812744e-10,0.5999999992978975,25,50,10
18,2393,1.1409230048216483e-44,0.399999997691599,2.3097249847742595e-09,0.5999999999986759,25,50,10
18,2394,6.47195870021385e-44,0.39999999982912116,1.9620711236145743e-10,0.5999999999746718,25,50,10
18,2395,5.3950765697480056e-45,0.3999999930386076,6.96202644715337e-09,0.5999999999993659,25,50,10
18,2396,1.1531693428338782e-45,0.3999999965948761,3.4051428691377666e-09,0.599999999999981,25,50,10
18,2397,6.994208035779141e-41,0.3999999999999197,2.3820595245939576e-13,0.599999999999842,25,50,10
18,2398,4.685109318938986e-41,0.3999999996950577,3.0510840965543863e-10,0.599999999999834,25,50,10
18,2399,1.4669526944490136e-41,0.3999999998716161,1.2838473441975625e-10,0.5999999999999992,25,50,10
18,2400,1.4717587103741395e-41,0.3999999999977669,1.4703476103716505e-11,0.5999999999875297,25,50,10
18,2401,6.996662069130173e-41,0.39999999999671376,1.5607638257821594e-11,0.5999999999876786,25,50,10
18,2402,1.774241195179236e-41,0.3999999999351924,9.021806387086973e-11,0.5999999999745896,25,50,10
18,2403,1.0143898327557341e-39,0.3999999964206333,3.6051472322542582e-09,0.5999999999742195,25,50,10
18,2404,3.0946130444361585e-43,0.39999980223520304,1.9780338017296608e-07,0.5999999999614167,25,50,10
18,2405,4.9825056741210476e-39,0.39999189184743167,8.10819521201066e-06,0.5999999999573563,25,50,10
18,2406,1.7490541558063247e-41,0.39999999642278317,3.6032404014614683e-09,0.5999999999739765,25,50,10
18,2407,3.243895512093226e-41,0.3999999884822145,1.151817135718145e-08,0.5999999999996142,25,50,10
18,2408,3.215457112501902e-41,0.39999999653129803,4.183502253609129e-09,0.5999999992851995,25,50,10
18,2409,1.2379997202824047e-47,0.399999470797092,5.292158280560972e-07,0.59999999998708,25,50,10
18,2410,2.7166923457399725e-36,0.39999960626244774,3.951179761777436e-07,0.5999999986195761,25,50,10
18,2411,2.1537009689455042e-44,0.3999996062603127,3.9375216482096684e-07,0.5999999999875224,25,50,10
18,2412,6.997073709767896e-41,0.3999999966457429,3.3556484413899717e-09,0.5999999999986086,25,50,10
18,2413,4.056544639642361e-39,0.39999999676469566,3.2365215251486617e-09,0.5999999999987827,25,50,10
18,2414,2.729148050634693e-44,0.3999999999987842,2.595065579260531e-12,0.5999999999986206,25,50,10
18,2415,3.6036525887778395e-44,0.3999999999955775,5.051821402269619e-10,0.5999999994992404,25,50,10
18,2416,9.902353110048552e-45,0.3999999999967612,3.4097785887212268e-12,0.599999999999829,25,50,10
18,2417,3.116590985096627e-43,0.39999921310426656,7.869176147077538e-07,0.5999999999781188,25,50,10
18,2418,2.6235982860924023e-43,0.39999960637378396,3.936270229425096e-07,0.5999999999991931,25,50,10
18,2419,2.7167099280071314e-36,0.3999922635421779,7.736468029832895e-06,0.5999999999897923,25,50,10
18,2420,1.7499933742716348e-41,0.3999999998993444,1.0127235260802714e-10,0.5999999999993831,25,50,10
18,2421,1.7500077583874475e-41,0.39999999977761486,2.488660339687617e-10,0.5999999999735192,25,50,10
18,2422,1.2372758096474795e-42,0.3999999999960995,4.5496744821146775e-12,0.5999999999993508,25,50,10
18,2423,2.1892593976019886e-44,0.3999999930357798,4.710265753962866e-06,0.5999952966984662,25,50,10
18,2424,4.208244738106576e-32,0.39999999060925634,4.712727115515129e-06,0.5999952966636282,25,50,10
18,2425,1.7496286171591814e-41,0.3999999953049664,4.703816115773802e-09,0.5999999999912177,25,50,10
18,2426,2.2471519862036253e-44,0.3999922636379942,7.736370780717085e-06,0.5999999999912251,25,50,10
18,2427,2.1949847429808204e-44,0.3999922602966548,7.739732766918442e-06,0.5999999999705783,25,50,10
18,2428,1.6996982109203979e-47,0.39999999647933565,3.5336370760879486e-09,0.5999999999870272,25,50,10
18,2429,9.117780369628855e-47,0.39999999999480645,1.8514627596454033e-11,0.5999999999866791,25,50,10
18,2430,4.889300828234644e-44,0.39999999999989155,1.535809088973865e-12,0.5999999999985728,25,50,10
18,2431,2.8309904044202417e-44,0.3999999998559624,6.442288257867526e-10,0.5999999994998089,25,50,10
18,2432,1.471813873845075e-41,0.39999999656928975,3.4397128429968776e-09,0.5999999999909975,25,50,10
18,2433,1.1915366402252987e-38,0.399999809169706,1.922219721685151e-07,0.5999999986083219,25,50,10
18,2434,1.2544670869513794e-42,0.3999998023238445,1.9767632652047352e-07,0.599999999999829,25,50,10
18,2435,2.624736359272444e-44,0.3999996735212629,3.2647905173602557e-07,0.5999999999996855,25,50,10
18,2436,3.1184359849324667e-43,0.39999999995629554,4.3872898154457043e-11,0.5999999999998318,25,50,10
18,2437,5.075373461765041e-45,0.3999999997436362,2.5681635373411954e-10,0.5999999999995476,25,50,10
18,2438,1.2952505580368187e-35,0.39999980914733896,1.9087848599721335e-07,0.5999999999741751,25,50,10
18,2439,7.118300624480201e-41,0.3999998092138931,2.6922522836115064e-07,0.5999999215608784,25,50,10
18,2440,9.073459435940664e-40,0.3999994449964809,5.55029538980966e-07,0.59999999997398,25,50,10
18,2441,4.773360259883952e-38,0.3999994450367529,6.104616160092585e-07,0.5999999445016312,25,50,10
18,2442,7.239890571503276e-41,0.3999994324093088,5.676079440186995e-07,0.5999999999827471,25,50,10
18,2443,7.270000843855361e-41,0.399999431322557,5.692026838432932e-07,0.599999999474759,25,50,10
18,2444,1.2270259686357116e-42,0.3999999873255869,1.3174117261765218e-08,0.5999999995002958,25,50,10
18,2445,1.7485526225601161e-41,0.39999999981177425,1.890199622847822e-10,0.5999999999992057,25,50,10
18,2446,1.7743812356054864e-41,0.3999998641578857,1.3589027744605642e-07,0.5999999999518368,25,50,10
18,2447,1.7764963409594603e-41,0.39999999989379215,1.4190958374124257e-10,0.5999999999642983,25,50,10
18,2448,8.539274300323688e-40,0.39999999989180457,1.1734785361098955e-10,0.5999999999908476,25,50,10
18,2449,8.540234731364034e-40,0.399999628013451,3.7198741048353534e-07,0.5999999999991386,25,50,10
18,2450,4.772020711811533e-45,0.3999999997065544,3.188900991764338e-10,0.5999999999745554,25,50,10
18,2451,2.5421954583170483e-46,0.39999999970874434,3.1668573088005185e-10,0.59999999997457,25,50,10
18,2452,3.6832960159872604e-42,0.399999999293852,3.938337002354534e-08,0.599999961322778,25,50,10
18,2453,5.2179406682077226e-42,0.39999980891313464,2.2976205170690388e-07,0.5999999613248136,25,50,10
18,2454,3.178977287892096e-43,0.39999999982327467,2.1242567137718262e-10,0.5999999999642996,25,50,10
18,2455,7.037013410125978e-44,0.39999999995447794,8.151516201489629e-11,0.5999999999640068,25,50,10
18,2456,2.5785057927721433e-43,0.3999999930526857,6.983158114303137e-09,0.5999999999641562,25,50,10
18,2457,1.6176028022678667e-41,0.39998492338163466,1.5192572171755826e-05,0.5999998840461935,25,50,10
18,2458,1.4692721145788425e-41,0.3982815328237114,0.001718549756600245,0.5999999174196884,25,50,10
18,2459,3.391110214400453e-46,0.3999999967061217,8.581748232958822e-08,0.5999999174763961,25,50,10
18,2460,5.680838561187267e-38,0.3999918919118857,8.108113691283673e-06,0.5999999999744232,25,50,10
18,2461,5.680837927591569e-38,0.3999772141172968,2.278794206879287e-05,0.5999999979406344,25,50,10
18,2462,1.1151123707393642e-44,0.3999999999977673,1.1795463838593624e-07,0.5999998820475944,25,50,10
18,2463,8.36200768647331e-40,0.39999999991407287,1.0603151799648034e-09,0.599999999025612,25,50,10
18,2464,7.38289388926706e-34,0.39999999987313045,1.1102605781656455e-09,0.5999999990166089,25,50,10
18,2465,7.382885527647577e-34,0.3999999999557245,3.1641792843920805e-06,0.599996835864991,25,50,10
18,2466,1.5347478548501225e-45,0.3999999997334711,2.680455291254179e-10,0.5999999999984834,25,50,10
18,2467,3.667852704986061e-42,0.39999944728255843,5.527271155897551e-07,0.5999999999903259,25,50,10
18,2468,5.681259652250538e-38,0.3999999999968454,1.2380072108914207e-11,0.5999999999907747,25,50,10
18,2469,5.680890747335857e-38,0.3999998154934683,1.8450762067330366e-07,0.5999999999989111,25,50,10
18,2470,2.792039945319977e-43,0.39999999761527716,2.3857806665723446e-09,0.5999999999989422,25,50,10
18,2471,2.7912026103708208e-43,0.39999999750083726,3.002442974920611e-08,0.5999999724747331,25,50,10
18,2472,6.606177394183499e-46,0.39999999991481094,2.761039399481294e-08,0.5999999724747951,25,50,10
18,2473,3.7167313378329715e-43,0.3999999975586041,2.4415671031922502e-09,0.5999999999998289,25,50,10
18,2474,1.5234026520262307e-41,0.39999999761728283,2.8822678936006905e-09,0.5999999995004494,25,50,10
18,2475,5.681257492521198e-38,0.3999999974972264,2.5036810616674463e-09,0.5999999999990926,25,50,10
18,2476,5.681257407140322e-38,0.39999999987877355,1.2190702467370982e-10,0.5999999999993196,25,50,10
18,2477,5.680890745171876e-38,0.39999986078212124,1.3924408702192907e-07,0.5999999999737918,25,50,10
18,2478,3.067835690400784e-43,0.3999999999999126,2.8473713099091792e-08,0.5999999715263743,25,50,10
18,2479,2.090621934718758e-40,0.39999999999307095,1.9722468534898815e-11,0.5999999999872067,25,50,10
18,2480,4.180813261428761e-40,0.39999999025610833,9.791909760828972e-09,0.5999999999519819,25,50,10
18,2481,2.0904075004116338e-40,0.39999999030106187,9.756326667277353e-09,0.5999999999426116,25,50,10
18,2482,2.789801517722503e-40,0.39999960649418026,3.935689514191772e-07,0.5999999999368683,25,50,10
18,2483,6.993949684927785e-41,0.39999960655292166,3.939468286926244e-07,0.5999999995002497,25,50,10
18,2484,8.748887525376357e-41,0.3999996065535826,4.776708829483847e-07,0.5999999157755346,25,50,10
18,2485,1.7856253099455796e-41,0.3999999901829658,1.0828419733191632e-08,0.5999999989886144,25,50,10
18,2486,6.998323080520805e-41,0.3999998156609216,1.8436349796395158e-07,0.5999999999755804,25,50,10
18,2487,4.316592000584916e-44,0.39999981566276743,1.843502325613142e-07,0.5999999999869999,25,50,10
18,2488,1.937063596442533e-46,0.39999999648271156,3.5173099058134838e-09,0.5999999999999786,25,50,10
18,2489,1.98692633997275e-46,0.39999999982985573,1.7016325682671106e-10,0.5999999999999811,25,50,10
18,2490,6.453903056743041e-44,0.39999999636341316,3.6375946601475902e-09,0.5999999999989921,25,50,10
18,2491,3.2381776913384166e-36,0.39999999429011085,6.68393546439459e-09,0.5999999990259537,25,50,10
18,2492,6.453193699253067e-44,0.3999999966545103,3.345718132875361e-09,0.5999999999997716,25,50,10
18,2493,4.0613257592992444e-42,0.3999999966085144,5.437268713940727e-09,0.599999997954217,25,50,10
18,2494,3.7239773282005074e-43,0.39999999657030094,3.4390146002825574e-09,0.5999999999906845,25,50,10
18,2495,1.191534070860423e-38,0.399999996612799,3.8970307502534125e-09,0.5999999994901702,25,50,10
18,2496,9.969622496940976e-40,0.3999994425718064,5.574818665881649e-07,0.599999999946327,25,50,10
18,2497,3.3459862711202747e-43,0.39999999995641927,6.177259946889959e-11,0.5999999999818081,25,50,10
18,2498,1.2539401877129703e-42,0.39999999977394224,2.348365722514058e-10,0.5999999999912212,25,50,10
18,2499,1.4675333893981244e-41,0.3999775857239228,2.2416434471192862e-05,0.5999999978416062,25,50,10
18,2500,3.247133498235456e-41,0.3999997350937063,2.6638843198561497e-07,0.5999999985178618,25,50,10
18,2501,1.5849862948191122e-44,0.39999980931293466,1.9213508804016646e-07,0.5999999985519774,25,50,10
18,2502,3.073296098545411e-43,0.39999999995296354,1.5555709198934738e-09,0.5999999984914655,25,50,10
18,2503,4.805388525165022e-46,0.3999999934762545,6.5596617850998346e-09,0.5999999999640837,25,50,10
18,2504,3.667751155106559e-42,0.39999999030099653,9.711552164239312e-09,0.5999999999874513,25,50,10
18,2505,7.387000103680015e-41,0.39999999029967737,9.712805233869052e-09,0.5999999999875173,25,50,10
18,2506,5.6640224211342954e-43,0.3999999879184922,1.4115400967669857e-08,0.5999999979661069,25,50,10
18,2507,2.5888148238333423e-43,0.3999999965959424,5.4383673080871026e-09,0.5999999979656905,25,50,10
18,2508,2.7119064076194476e-42,0.39999999659076524,3.409404716163424e-09,0.59999999999983,25,50,10
18,2509,7.382861333963766e-34,0.39999936132426,6.386762045980044e-07,0.5999999999995353,25,50,10
18,2510,7.38286132147905e-34,0.3999993613828746,6.386171475924705e-07,0.5999999999999779,25,50,10
18,2511,7.382861321416936e-34,0.3999994970777744,5.029228591876754e-07,0.5999999999993665,25,50,10
18,2512,1.8931350566975346e-45,0.39999999749718074,4.1182177066940555e-08,0.5999999613206423,25,50,10
18,2513,1.6981013044056764e-45,0.3999999976166046,0.0001295265655518151,0.5998704758178436,25,50,10
18,2514,4.597702786329753e-45,0.3999999999998953,3.050727897265869e-08,0.5999999694928259,25,50,10
18,2515,4.764949313146584e-44,0.39999999978807826,2.74568733724515e-09,0.5999999974662344,25,50,10
18,2516,7.005340543188778e-41,0.39999997531136344,2.4698663553800044e-08,0.599999999989973,25,50,10
18,2517,1.5284454287149365e-45,0.399999978752883,2.1259643460770116e-08,0.5999999999874734,25,50,10
18,2518,3.674366131315201e-42,0.39999980241035826,2.37596655498114e-07,0.5999999599929863,25,50,10
18,2519,2.282322619309001e-37,0.39999999748570053,2.5143136942016133e-09,0.5999999999999858,25,50,10
18,2520,4.544725321999712e-37,0.39999999514584483,7.58990013864311e-09,0.5999999972642551,25,50,10
18,2521,2.272356424032142e-37,0.39999999740568676,2.594538878478606e-09,0.5999999999997742,25,50,10
18,2522,4.2637552799115256e-42,0.3999999998265813,1.7516795513023922e-10,0.5999999999982508,25,50,10
18,2523,3.061738599807067e-43,0.39999980931293927,1.9069971425586052e-07,0.5999999999873465,25,50,10
18,2524,3.990305849985527e-39,0.399999809313068,1.9071236145138733e-07,0.5999999999745705,25,50,10
18,2525,3.6955119734769194e-42,0.399999809315113,1.9120982313910454e-07,0.5999999994750639,25,50,10
18,2526,6.58594144984013e-44,0.39999949568663956,5.061814737581757e-07,0.5999999981318868,25,50,10
18,2527,9.205531504908417e-44,0.3999999998913596,2.9501580044487507e-08,0.5999999706070605,25,50,10
18,2528,5.682648375149368e-38,0.39999999953651155,2.938228935854794e-08,0.5999999710811991,25,50,10
18,2529,3.986594947058288e-39,0.3999999997851994,2.7752384167402022e-08,0.5999999724624165,25,50,10
18,2530,3.987832252429203e-39,0.3999999996129343,3.874933644055174e-10,0.5999999999995724,25,50,10
18,2531,1.2423045050863309e-42,0.3999999998254834,1.745414373038038e-10,0.5999999999999752,25,50,10
18,2532,1.8713221853051144e-41,0.3999999998205851,1.7989163343328508e-10,0.5999999999995231,25,50,10
18,2533,3.364026869357546e-41,0.39999999976494605,2.5619271201082726e-10,0.5999999999788612,25,50,10
18,2534,1.7134431142210014e-41,0.399999606390274,3.9361951418774717e-07,0.5999999999902119,25,50,10
18,2535,1.239639239831839e-42,0.39999960644891663,4.607019410896782e-07,0.5999999328491422,25,50,10
18,2536,4.04027550662949e-43,0.39999959651259304,4.4216454922227227e-07,0.5999999613228577,25,50,10
18,2537,1.6091439245456414e-42,0.3999996030938455,3.9691890863680264e-07,0.5999999999872457,25,50,10
18,2538,2.7558736071571364e-44,0.39999960655150457,3.934619277462185e-07,0.5999999999865677,25,50,10
18,2539,1.4843820113944376e-42,0.39999960643252036,3.942944381296183e-07,0.5999999992730415,25,50,10
18,2540,1.7747744182004319e-41,0.3993899114692898,0.0006100885436897859,0.5999999999870202,25,50,10
18,2541,1.605448764041881e-47,0.3999999998993535,1.0102052029063598e-10,0.5999999999996259,25,50,10
18,2542,3.667464397945059e-42,0.3999999999572716,1.1596055241148697e-07,0.5999998840821761,25,50,10
18,2543,2.0679484312246625e-46,0.39999999995809515,4.238997372546794e-11,0.5999999999995149,25,50,10
18,2544,1.748563055412862e-41,0.39999986412741917,1.3587357644970076e-07,0.5999999999990044,25,50,10
18,2545,2.326548721214209e-44,0.3999998573041845,1.426960598888907e-07,0.5999999999997556,25,50,10
18,2546,2.7392205587472377e-44,0.3999998573041833,1.4473009485352257e-07,0.5999999979657218,25,50,10
18,2547,2.1557982828187818e-44,0.3999999930545243,6.945929548479295e-09,0.5999999999995461,25,50,10
18,2548,8.810435747498517e-47,0.3999999933074414,6.692573887568497e-09,0.5999999999999849,25,50,10
18,2549,2.1611141639049903e-44,0.39999999665054825,4.051125900540953e-09,0.5999999992983259,25,50,10
18,2550,8.361847341176117e-40,0.39999999987481133,8.279567494811638e-10,0.5999999992972319,25,50,10
18,2551,1.2535412826651322e-42,0.39999999987287504,6.281995196491358e-10,0.5999999994989255,25,50,10
18,2552,2.5746256849837136e-43,0.39999999999252334,8.357875589477236e-12,0.5999999999991188,25,50,10
18,2553,9.061886895405802e-40,0.39999998844937595,1.1551090429340395e-08,0.5999999999995337,25,50,10
18,2554,6.443679116011508e-44,0.39999999988129864,1.282161778121339e-10,0.5999999999904851,25,50,10
18,2555,1.5298311356400077e-45,0.3999999903040515,9.695971311987778e-09,0.5999999999999772,25,50,10
18,2556,4.056541756797906e-39,0.39999999019892746,1.1257804678385803e-08,0.5999999985432679,25,50,10
18,2557,1.0665878032653968e-39,0.3999999903008984,9.69950443859061e-09,0.5999999999995973,25,50,10
18,2558,6.996227456351858e-41,0.39999999995297103,4.726765230070001e-11,0.5999999999997614,25,50,10
18,2559,8.777553165367036e-41,0.39999981549349445,1.845071469712896e-07,0.5999999999993587,25,50,10
18,2560,6.792745907640492e-37,0.3999998155352998,2.400249494379802e-07,0.5999999444397508,25,50,10
18,2561,6.792596149178627e-37,0.39999999987162177,5.5627204822631647e-08,0.5999999445011734,25,50,10
18,2562,1.748984476764434e-41,0.3999999998730286,1.611295299873375e-09,0.5999999985156762,25,50,10
18,2563,1.0494556702715286e-44,0.3999999965950545,4.888882983482572e-09,0.5999999985160624,25,50,10
18,2564,2.6237017888261433e-43,0.3999999998985956,1.5492156756183188e-09,0.5999999985521888,25,50,10
18,2565,4.538256994626455e-45,0.3999999999998582,1.4483708583108634e-09,0.599999998551771,25,50,10
18,2566,9.90678283720847e-45,0.3999999999997229,2.1355031592359295e-09,0.599999997864774,25,50,10
18,2567,1.0002269540019086e-44,0.3999999999998498,9.454304057910613e-12,0.599999999990696,25,50,10
18,2568,1.142505989209504e-44,0.39999999999980795,2.1298989537223782e-11,0.5999999999788931,25,50,10
18,2569,1.7798791307874766e-41,0.3999999996686202,3.4432697640960097e-10,0.5999999999870528,25,50,10
18,2570,1.5557839386063843e-42,0.399999992921157,7.079085025799619e-09,0.599999999999758,25,50,10
18,2571,3.299269512031322e-43,0.39999999304954686,6.952007912647518e-09,0.5999999999984453,25,50,10
18,2572,2.74264509192361e-44,0.3999999930913652,6.909539252021218e-09,0.5999999999990956,25,50,10
18,2573,2.7900563280397627e-43,0.3999999999983683,8.326330734723958e-08,0.5999999167383243,25,50,10
18,2574,2.2723280050324337e-37,0.399999437646241,5.623542118249599e-07,0.5999999999995471,25,50,10
18,2575,9.98181265186883e-40,0.3999999975606932,2.4393155477666806e-09,0.5999999999999913,25,50,10
18,2576,2.131970087604669e-47,0.39999999999692304,3.859975868398122e-12,0.5999999999992169,25,50,10
18,2577,3.06779404610518e-43,0.3999999999014777,9.930514509146752e-11,0.5999999999992172,25,50,10
18,2578,1.2424596394143026e-46,0.3999999999570935,4.3537016143524924e-11,0.5999999999993695,25,50,10
18,2579,8.398349306147085e-40,0.39999999993905816,9.738693340444071e-11,0.599999999963555,25,50,10
18,2580,8.398561633093584e-40,0.39999999646882733,3.5757997257579157e-09,0.5999999999553728,25,50,10
18,2581,2.631553594577509e-43,0.39999981566344817,1.8434519948863262e-07,0.5999999999913523,25,50,10
18,2582,3.935052762249451e-42,0.3999998156078213,1.844132904874371e-07,0.5999999999788884,25,50,10
18,2583,4.766158804771234e-38,0.3999998156581951,1.8436782296343673e-07,0.5999999999739819,25,50,10
18,2584,3.149705053401883e-43,0.39999981555961767,2.244355230193112e-07,0.5999999600048593,25,50,10
18,2585,2.2939620748790435e-44,0.39999999648883083,4.350629679312072e-08,0.5999999600048724,25,50,10
18,2586,2.368005585281743e-44,0.3999999965275927,4.346815090707863e-08,0.5999999600042564,25,50,10
18,2587,6.87359590878243e-45,0.3999685228638456,3.147860997312249e-05,0.5999999985261812,25,50,10
18,2588,3.6719367897323724e-42,0.3999685228628696,3.147929939078417e-05,0.5999999978377397,25,50,10
18,2589,3.671918551532369e-42,0.3999685228649956,3.1477156124566383e-05,0.59999999997888,25,50,10
18,2590,3.667879905050816e-42,0.3999999999959058,2.8772933249672656e-11,0.5999999999753213,25,50,10
18,2591,5.641509481873273e-43,0.3999999999946144,6.187893770678604e-11,0.5999999999435066,25,50,10
18,2592,5.010598236757326e-45,0.3999999998777905,1.8745877858631027e-10,0.5999999999347507,25,50,10
18,2593,4.7878788487130814e-45,0.3999999965324514,3.484938806790943e-09,0.5999999999826098,25,50,10
18,2594,6.047372984028723e-45,0.3999999966514426,3.357475580920411e-09,0.5999999999910819,25,50,10
18,2595,2.71669272823581e-36,0.3999999966106428,3.4068957515967516e-09,0.5999999999824616,25,50,10
18,2596,2.716762641506385e-36,0.3999999966067523,3.4377192862879434e-09,0.5999999999555284,25,50,10
18,2597,6.994091675370805e-41,0.39999999305250306,7.464330738255746e-09,0.5999999994831662,25,50,10
18,2598,6.994234911340556e-41,0.39999999995072,4.95002006755765e-11,0.5999999999997799,25,50,10
18,2599,1.6160791656612968e-41,0.39999986407496846,1.3730574751607503e-07,0.599999998619284,25,50,10
18,2600,1.0017547194683845e-44,0.3999998642444416,1.37941619135453e-07,0.5999999978139392,25,50,10
18,2601,1.401368385121926e-40,0.39999930807405215,6.926601073168859e-07,0.5999999992658406,25,50,10
18,2602,6.266251341414553e-45,0.3999998641866859,1.3651499440787461e-07,0.5999999992983197,25,50,10
18,2603,6.994618472376338e-41,0.3999998642467114,1.3645512662131467e-07,0.599999999298162,25,50,10
18,2604,7.361845166531397e-41,0.3999999998249667,1.2479263303291108e-09,0.5999999989271069,25,50,10
18,2605,7.361454632778233e-41,0.3999999999967488,2.947602712522395e-08,0.5999999705272241,25,50,10
18,2606,2.1118904861223454e-44,0.39999999755750065,2.443927489972717e-09,0.5999999999985719,25,50,10
18,2607,9.96976124858188e-40,0.39999999092253175,9.07871886826457e-09,0.5999999999987494,25,50,10
18,2608,1.7825390960429935e-41,0.39999946824744137,5.317525683269267e-07,0.5999999999999903,25,50,10
18,2609,1.2952431031774943e-35,0.39999999987469875,2.158989310435918e-09,0.5999999979663121,25,50,10
18,2610,1.295342793305058e-35,0.399999868473098,1.3426238070235254e-07,0.5999999972645212,25,50,10
18,2611,1.2953428903932394e-35,0.3999998684744345,1.3159739379521958e-07,0.5999999999281718,25,50,10
18,2612,1.2953429886951445e-35,0.3999998684719227,2.561172028564515e-07,0.5999998754108744,25,50,10
18,2613,1.2271177853013979e-42,0.3999999975570592,3.923647905347771e-09,0.599999998519293,25,50,10
18,2614,1.2925979465355822e-42,0.3999999976105339,2.3894723103069156e-09,0.5999999999999939,25,50,10
18,2615,1.231595589477646e-45,0.3999999998270178,1.7314303308358143e-10,0.5999999999998391,25,50,10
18,2616,1.7814554639885012e-41,0.3999998618639217,1.3813686282460446e-07,0.5999999999992154,25,50,10
18,2617,1.78364898214008e-41,0.39999967351384585,3.264874071016782e-07,0.599999999998747,25,50,10
18,2618,1.779821022331489e-41,0.399999864241234,1.357593980820527e-07,0.5999999999993679,25,50,10
18,2619,1.1935838808996645e-38,0.3999998642403365,3.2996303735276817e-06,0.59999683612929,25,50,10
18,2620,2.1461471134027532e-41,0.39999986424410616,1.3646635122535095e-07,0.5999999992895427,25,50,10
18,2621,2.2402225342999534e-41,0.3999999997798325,9.307873728802031e-10,0.5999999992893801,25,50,10
18,2622,4.0061344494907475e-42,0.3999999974391071,3.271708110837667e-09,0.5999999992891848,25,50,10
18,2623,2.093478916692994e-40,0.3999999976132657,2.423466509934269e-09,0.5999999999632678,25,50,10
18,2624,5.250362418700563e-47,0.3999999999551104,4.573037310087699e-11,0.5999999999991593,25,50,10
18,2625,1.0388431988812037e-44,0.39999999301072703,8.438746333813878e-09,0.5999999985505267,25,50,10
18,2626,1.0140007352581522e-44,0.3999999903039766,9.722028030498804e-09,0.5999999999739954,25,50,10
18,2627,1.0090309270933201e-44,0.3999999903039798,9.69726694511699e-09,0.5999999999987533,25,50,10
18,2628,2.0937954379872043e-40,0.3999999930964488,3.442096609686045e-08,0.5999999724825852,25,50,10
18,2629,1.0943925380231557e-44,0.39999999761751026,2.391750535962899e-09,0.599999999990739,25,50,10
18,2630,2.7490056980481856e-37,0.39999999755953963,4.175660602485351e-09,0.5999999982647998,25,50,10
18,2631,4.766493824034826e-38,0.39999998619165394,1.501882322532479e-08,0.5999999987895229,25,50,10
18,2632,3.667546915499059e-42,0.3999999999382167,5.78839060870488e-10,0.5999999994829442,25,50,10
18,2633,1.7742498152243784e-41,0.39999999983670054,1.6409084155844197e-10,0.5999999999992086,25,50,10
18,2634,2.7898087335540376e-43,0.3999999998994881,1.0068547408506578e-10,0.5999999999998263,25,50,10
18,2635,5.881876048968007e-45,0.3999999974790246,2.521770761201268e-09,0.5999999999992046,25,50,10
18,2636,6.994602190539863e-41,0.3999999999932423,1.4551411825653403e-09,0.5999999985516165,25,50,10
18,2637,4.708388835055098e-45,0.3999999999978857,2.817581267782822e-09,0.5999999971845331,25,50,10
18,2638,3.114336453057054e-43,0.3999998093141743,1.9350143884142488e-07,0.5999999971843869,25,50,10
18,2639,1.075373911645534e-43,0.39999999761650495,2.9188702355135218e-09,0.5999999994646248,25,50,10
18,2640,6.996660404748463e-41,0.39999999749401477,8.503022662489543e-08,0.5999999174757586,25,50,10
18,2641,6.972182830655195e-44,0.39999999999984864,2.5110902543426354e-11,0.5999999999750405,25,50,10
18,2642,6.434683593556615e-44,0.399999999996232,2.8146396067241465e-11,0.5999999999756217,25,50,10
18,2643,6.791767696791687e-37,0.39999999999094216,1.2220706370686833e-09,0.5999999987869873,25,50,10
18,2644,3.924769630035319e-42,0.3999999930922052,6.954435890864461e-09,0.5999999999533588,25,50,10
18,2645,3.667572370206818e-42,0.39999999982696965,1.823243921619307e-10,0.5999999999907061,25,50,10
18,2646,3.6677888868414545e-42,0.3999998093129556,3.066139910818676e-07,0.5999998840730534,25,50,10
18,2647,3.986858188623422e-39,0.39999999646533796,3.5440640611843177e-09,0.599999999990598,25,50,10
18,2648,2.6936614822637466e-43,0.3999999966416972,3.3598261963670074e-09,0.5999999999984764,25,50,10
18,2649,1.0159030237098824e-46,0.3999999999948171,1.8133507281423186e-11,0.5999999999870494,25,50,10
18,2650,5.152015271127413e-43,0.3999999997669565,2.45383245784817e-10,0.5999999999876604,25,50,10
18,2651,2.812440983029116e-43,0.3999999998587419,1.5360722397204122e-10,0.5999999999876509,25,50,10
18,2652,2.850091153379912e-43,0.39999999993625435,4.010729080874666e-08,0.5999999599564547,25,50,10
18,2653,5.0117939968213884e-45,0.399999993096285,8.307927737510994e-09,0.5999999985957873,25,50,10
18,2654,3.0734487173422296e-43,0.3999999999977875,7.043175173586727e-10,0.5999999992978949,25,50,10
18,2655,3.073579683518326e-43,0.3999999999559313,4.4315459938912335e-11,0.5999999999997532,25,50,10
18,2656,8.508367940966947e-40,0.39999980914502836,1.9136337612624018e-07,0.5999999994915955,25,50,10
18,2657,2.6619870211489847e-44,0.3999999963679095,3.6410807828850775e-09,0.5999999999910098,25,50,10
18,2658,1.7152763658910014e-45,0.399999999649853,3.763815489453649e-10,0.5999999999737655,25,50,10
18,2659,5.2067112661947865e-42,0.39999999987661944,2.8597331839649703e-08,0.5999999715260488,25,50,10
18,2660,1.2325825917299868e-42,0.39999999757578136,3.0934055211062074e-08,0.5999999714901635,25,50,10
18,2661,3.5527417388823467e-43,0.3999999996655666,3.4319762326631307e-10,0.5999999999912358,25,50,10
18,2662,1.189023038730571e-44,0.3999999997752721,0.00037310529289906485,0.599626894931829,25,50,10
18,2663,1.1199832881019748e-44,0.3999998640688292,1.3593147848842984e-07,0.5999999999996924,25,50,10
18,2664,1.5698078637279833e-42,0.39999986068162596,1.393186860594167e-07,0.599999999999688,25,50,10
18,2665,1.8406344904732745e-42,0.3999999965958039,3.404965100302875e-09,0.5999999999992309,25,50,10
18,2666,1.5383783778165425e-42,0.3999999999968734,3.430132786127848e-12,0.5999999999996963,25,50,10
18,2667,1.4679994914339677e-41,0.3999999998170317,8.270656115456076e-08,0.5999999174764072,25,50,10
18,2668,2.240174387489616e-40,0.39999999960516264,2.5209315176737175e-09,0.5999999978739059,25,50,10
18,2669,1.295238886816054e-35,0.3999998152497774,1.867840277160638e-07,0.5999999979661949,25,50,10
18,2670,3.12999129142104e-43,0.39998913357750054,1.0866422869359951e-05,0.59999999999963,25,50,10
18,2671,3.6720931206067005e-42,0.3999999933589857,7.34312975814933e-09,0.5999999992978846,25,50,10
18,2672,7.116834137266839e-41,0.3999999997226442,2.311010691947852e-09,0.5999999979663451,25,50,10
18,2673,3.3918989389632734e-41,0.3999999999403272,1.0764086363284827e-09,0.5999999989832642,25,50,10
18,2674,3.636279303068648e-41,0.39999999994090635,5.944661420546652e-10,0.5999999994646275,25,50,10
18,2675,5.1887770605315186e-42,0.39999998330172354,1.7198436577304453e-08,0.59999999949984,25,50,10
18,2676,3.6729666256352556e-42,0.3999999879216154,1.257855366959225e-08,0.5999999994998308,25,50,10
18,2677,3.3291293328542722e-43,0.3999999966473487,3.3663816560932368e-09,0.5999999999862696,25,50,10
18,2678,3.182926370930052e-44,0.39999999324828744,6.7900597569100914e-09,0.5999999999616529,25,50,10
18,2679,3.238107446595671e-36,0.39999999001854364,1.0007661157127483e-08,0.5999999999737953,25,50,10
18,2680,6.519647513825483e-44,0.39999999987232315,1.5310617156382538e-10,0.5999999999745708,25,50,10
18,2681,2.2723562728769274e-37,0.39999999995529384,4.4722665327955653e-11,0.5999999999999835,25,50,10
18,2682,1.467532086402612e-41,0.3999999999960686,7.313651734719801e-10,0.5999999992725662,25,50,10
18,2683,1.8342495384069002e-41,0.3999999999932753,4.217728232660706e-08,0.5999999578294424,25,50,10
18,2684,1.469143584262686e-41,0.3999999999551189,4.07420385411825e-08,0.5999999593028426,25,50,10
18,2685,2.2000313069788155e-44,0.3999999966097795,4.3385995127522316e-08,0.5999999600042255,25,50,10
18,2686,6.489985539220498e-44,0.39999998974892564,1.02517033962735e-08,0.599999999999371,25,50,10
18,2687,1.1404258403954854e-45,0.39999999653047785,3.4697560096996425e-09,0.599999999999766,25,50,10
18,2688,7.007288589318848e-44,0.39999999648433643,4.2175675947665495e-09,0.599999999298096,25,50,10
18,2689,3.068436657243657e-43,0.39999999999980135,1.253041643527602e-11,0.5999999999876684,25,50,10
18,2690,6.996724191315997e-41,0.39999999993940333,1.034930150798277e-09,0.5999999990256666,25,50,10
18,2691,2.40493929247929e-36,0.3999999998735121,0.004590187275760869,0.5954098128507271,25,50,10
18,2692,2.4049392755572336e-36,0.3999999999978165,0.004590189184704524,0.595409810817479,25,50,10
18,2693,2.2725030253259847e-37,0.3999999999991655,2.0468207563292403e-09,0.5999999979540137,25,50,10
18,2694,2.27264993791405e-37,0.39999999989772406,1.5028240180147174e-10,0.5999999999519936,25,50,10
18,2695,1.4984345898055476e-41,0.3999999999989187,3.739654768256498e-11,0.5999999999636848,25,50,10
18,2696,7.022812131758675e-41,0.3999999999968483,3.924223090876766e-12,0.5999999999992275,25,50,10
18,2697,2.662991835167747e-44,0.3999999999541661,4.6614469239948496e-11,0.5999999999992195,25,50,10
18,2698,4.0789743187151524e-47,0.39999999995001706,6.308828979368249e-11,0.5999999999868947,25,50,10
18,2699,8.361672996665033e-40,0.39999944395007325,5.565625183305995e-07,0.5999999994874085,25,50,10
18,2700,8.361638706555048e-40,0.39999999664952735,4.335880718169005e-08,0.5999999599916656,25,50,10
18,2701,1.263696072601228e-45,0.39999999664947405,3.4108369462338107e-09,0.599999999939689,25,50,10
18,2702,6.553053625210919e-44,0.39999999999482455,3.868064166300556e-08,0.5999999613245338,25,50,10
18,2703,7.022718687725363e-44,0.39999999999882957,3.866433131303492e-08,0.5999999613368391,25,50,10
18,2704,6.436054990047917e-44,0.39999999999991176,3.866322650866756e-08,0.5999999613368617,25,50,10
18,2705,6.28561549032089e-43,0.3999999901339119,4.852938319932272e-08,0.599999961336705,25,50,10
18,2706,7.01935002475645e-41,0.39999252124307505,7.480850315990078e-06,0.5999999979066091,25,50,10
18,2707,7.018909619265302e-41,0.3999925212430875,7.479485075336843e-06,0.5999999992718371,25,50,10
18,2708,2.4644563979772783e-42,0.39999226359907697,7.737115976833233e-06,0.5999999992849463,25,50,10
18,2709,2.7613481811702894e-42,0.399999999658615,3.418458117373998e-10,0.5999999999995393,25,50,10
18,2710,1.8459127086827534e-42,0.3999999996526965,3.483623892906428e-10,0.5999999999989412,25,50,10
18,2711,1.5342710664404073e-42,0.39999960633099546,3.9366930851405755e-07,0.5999999999996959,25,50,10
18,2712,2.454690417262838e-42,0.3999887404189785,1.1375511288517026e-05,0.5999998840697329,25,50,10
18,2713,1.2285296192761949e-42,0.39999999999748775,1.4839473489087808e-11,0.5999999999876727,25,50,10
18,2714,1.2274942972876562e-42,0.3999999998977474,1.0247534853391106e-10,0.5999999999997773,25,50,10
18,2715,1.4933281270525901e-41,0.39999999991531476,1.086991467212591e-10,0.5999999999759861,25,50,10
18,2716,5.150999625778825e-43,0.3999999999170263,1.0721571763020654e-10,0.599999999975758,25,50,10
18,2717,3.911127861516636e-46,0.39999999979492323,9.072279097124561e-10,0.599999999297849,25,50,10
18,2718,1.8328101688729613e-39,0.39999999749508575,2.5141280481136147e-09,0.5999999999907862,25,50,10
18,2719,9.966531808907619e-40,0.39999999970558436,3.0362283213832064e-10,0.5999999999907929,25,50,10
18,2720,1.993553486371127e-39,0.39999999993812324,7.065644924424642e-11,0.5999999999912204,25,50,10
18,2721,4.713844798539114e-45,0.39999999030002553,9.700614637733758e-09,0.5999999999993599,25,50,10
18,2722,2.5829464505387743e-43,0.3999998545526765,1.4547356162284224e-07,0.5999999999737619,25,50,10
18,2723,2.594535340999352e-43,0.39999985443162017,1.4762791625089205e-07,0.5999999979404635,25,50,10
18,2724,3.7771378881787e-46,0.39999986424862455,1.3576059628760573e-07,0.5999999999907791,25,50,10
18,2725,3.2381080933134175e-36,0.3999999999895845,2.0162661037723368e-11,0.5999999999902529,25,50,10
18,2726,6.995548566575658e-41,0.39999999108820505,8.929495077063068e-09,0.5999999999822999,25,50,10
18,2727,1.485540459325142e-42,0.3999999909707506,4.769360430806367e-08,0.599999961335645,25,50,10
18,2728,5.667451359947209e-45,0.39999959667489565,4.0332633283963267e-07,0.5999999999987716,25,50,10
18,2729,7.024703213086783e-41,0.3999999964718063,3.528976075565438e-09,0.5999999999992176,25,50,10
18,2730,4.773151925165585e-38,0.39999999987482987,1.2721917603786447e-10,0.599999999997951,25,50,10
18,2731,8.742316501429577e-41,0.3999925211219484,7.478879153974549e-06,0.5999999999988976,25,50,10
18,2732,6.994184277861269e-41,0.3999999998768753,1.588283417765547e-10,0.5999999999642962,25,50,10
18,2733,2.0965557815924403e-40,0.3999999999504055,8.544802268328286e-11,0.5999999999641463,25,50,10
18,2734,8.361633001293854e-40,0.3999999998266628,7.29782252471089e-10,0.599999999443555,25,50,10
18,2735,8.361675340952567e-40,0.3999999998749758,7.812987476685801e-08,0.5999999219951495,25,50,10
18,2736,2.7946455028689055e-43,0.39999999989595963,1.1678148795198055e-10,0.599999999987259,25,50,10
18,2737,5.002296259659288e-44,0.3999999902607118,9.740279786220845e-09,0.5999999999990084,25,50,10
18,2738,2.5849869837692264e-43,0.3999999999946819,5.684624061191703e-12,0.5999999999996336,25,50,10
18,2739,1.5540486746286235e-41,0.3999998091996899,1.9080062575662433e-07,0.5999999999996843,25,50,10
18,2740,5.585122102303308e-45,0.3999999997147009,3.1100187083672366e-10,0.5999999999742972,25,50,10
18,2741,1.0846818634910917e-44,0.39999999994017044,8.539503971290182e-11,0.5999999999744344,25,50,10
18,2742,1.0665889287177875e-39,0.39999981232018306,1.8768006076608754e-07,0.5999999999997562,25,50,10
18,2743,5.391697947696134e-44,0.39999999013383225,1.0576613144091127e-08,0.5999999992895546,25,50,10
18,2744,4.869698661138387e-44,0.39999998779981366,1.2200859247905458e-08,0.599999999999327,25,50,10
18,2745,2.820753808488582e-46,0.3999999974947413,3.8742172656929e-09,0.5999999986310416,25,50,10
18,2746,1.5339533662342217e-42,0.3999999901244313,9.875579348530065e-09,0.5999999999999893,25,50,10
18,2747,3.988123905960979e-39,0.3999999998777548,1.2271344539704884e-10,0.5999999999995318,25,50,10
18,2748,3.9866004112416145e-39,0.39999999994111846,5.956239760792195e-11,0.5999999999993192,25,50,10
18,2749,3.881345357990431e-43,0.39999999994018104,6.029408168658095e-11,0.5999999999995249,25,50,10
18,2750,2.8260671417950807e-42,0.39999999309104395,6.909438779578316e-09,0.5999999999995174,25,50,10
18,2751,3.0732669379591347e-43,0.3999999997056608,1.6872615143815136e-09,0.5999999986070778,25,50,10
18,2752,4.701083516921106e-46,0.39999960655067895,3.941523395368907e-07,0.5999999992969817,25,50,10
18,2753,5.680890809299351e-38,0.39999999982628537,2.098468658118234e-10,0.5999999999638677,25,50,10
18,2754,8.364506942214425e-40,0.3999999997859353,2.1459823002952235e-10,0.5999999999994665,25,50,10
18,2755,6.385689654357866e-43,0.39999999982800866,1.9779838717081195e-10,0.5999999999741931,25,50,10
18,2756,9.96910377424351e-40,0.39999998986037355,1.0140706326062283e-08,0.5999999999989201,25,50,10
18,2757,1.0003375558805035e-39,0.39999999309618617,6.905274404006791e-09,0.5999999999985396,25,50,10
18,2758,3.6901593690758995e-42,0.3999999966106544,3.3910261228670573e-09,0.5999999999983195,25,50,10
18,2759,4.076575734625404e-46,0.399999996611754,3.390100438859926e-09,0.5999999999981457,25,50,10
18,2760,1.4734731301421602e-41,0.3999999897487507,1.0252134179559218e-08,0.5999999999991151,25,50,10
18,2761,1.241765001377026e-45,0.39999999999599595,1.4303533845199531e-11,0.5999999999897005,25,50,10
18,2762,1.2561521217288017e-45,0.39999999987878226,1.3074816314675535e-10,0.5999999999904696,25,50,10
18,2763,3.871279179080345e-35,0.3999999998276661,7.814075528995151e-08,0.5999999220315786,25,50,10
18,2764,9.053642939340435e-45,0.3999999999970724,2.0370315833270763e-09,0.599999997965896,25,50,10
18,2765,7.342854036900246e-44,0.39999999989726204,3.1451118681751854e-09,0.5999999969576261,25,50,10
18,2766,9.969952705552966e-40,0.3999998641866684,2.1836365261343817e-07,0.5999999174496791,25,50,10
18,2767,9.967393032979194e-40,0.3999998641287073,1.3793081683379908e-07,0.5999999979404758,25,50,10
18,2768,1.01424586765704e-39,0.39999986412436805,1.359140263690911e-07,0.5999999999616056,25,50,10
18,2769,8.636418664427352e-44,0.3999998641264108,1.3592905335120533e-07,0.5999999999445358,25,50,10
18,2770,3.667393330107638e-42,0.39999999999777386,7.131943195631667e-11,0.5999999999309068,25,50,10
18,2771,2.1758477009315527e-44,0.39999999994020086,9.548681847005803e-11,0.5999999999643124,25,50,10
18,2772,1.3097070276249046e-45,0.3999996065469812,2.6730464412838457e-06,0.5999977204065775,25,50,10
18,2773,3.68238165051349e-42,0.39999960643147003,2.673162397160399e-06,0.5999977204061328,25,50,10
18,2774,1.9578265160709278e-41,0.399999999875631,1.2483765938099516e-10,0.5999999999995315,25,50,10
18,2775,1.7123686982721443e-41,0.3999999999541808,7.474994805862985e-10,0.5999999992983198,25,50,10
18,2776,1.5905784679347482e-41,0.399999999744443,9.666081456607866e-10,0.5999999992889489,25,50,10
18,2777,3.971633729834054e-43,0.39999999648064066,4.209369641058635e-09,0.5999999993099896,25,50,10
18,2778,6.18918690276872e-43,0.39999999313805334,6.8619759073582855e-09,0.5999999999999708,25,50,10
18,2779,3.1216952754231194e-43,0.3999999966535435,3.3471048483411237e-09,0.5999999999993516,25,50,10
18,2780,3.987816993838911e-39,0.39999999995464497,4.5992460010766466e-11,0.5999999999993626,25,50,10
18,2781,7.020206625302872e-41,0.39999999991428636,1.2139239924932922e-10,0.5999999999643212,25,50,10
18,2782,2.620781945836868e-43,0.39999999999777225,1.4552093468230352e-11,0.5999999999876757,25,50,10
18,2783,1.791544381207199e-42,0.3999999998793198,1.2071033514945454e-10,0.5999999999999699,25,50,10
18,2784,1.484442284518365e-42,0.3999999997153518,2.8467333661345536e-10,0.599999999999975,25,50,10
18,2785,5.4072188728593384e-45,0.39999999999886654,2.3925781409187024e-12,0.5999999999987409,25,50,10
18,2786,8.361632636194035e-40,0.39999999737981634,2.646220810014764e-09,0.5999999999739628,25,50,10
18,2787,1.2491449759606472e-42,0.39999985476743705,1.4523258180854428e-07,0.5999999999999811,25,50,10
18,2788,1.2491464478946542e-42,0.39999985487977807,1.451331769824462e-07,0.599999999987045,25,50,10
18,2789,3.2838443110227587e-43,0.39999985496108015,1.450518377519697e-07,0.5999999999870821,25,50,10
18,2790,7.057520910522434e-41,0.3999999873663606,1.2634009940068714e-08,0.5999999999996295,25,50,10
18,2791,7.086659298197931e-41,0.3999999964557563,3.5696442424188374e-09,0.5999999999745996,25,50,10
18,2792,9.966475129568834e-40,0.399999999993924,3.165176150172621e-11,0.5999999999744243,25,50,10
18,2793,9.966482520037346e-40,0.399999999995374,4.670864543550142e-12,0.5999999999999551,25,50,10
18,2794,1.231266393246056e-45,0.3999999998581092,1.423748285665365e-10,0.599999999999516,25,50,10
18,2795,1.0212157111972236e-40,0.3999996281557636,3.723650148822644e-07,0.5999999994792217,25,50,10
18,2796,6.996172101543931e-41,0.39999962497939096,4.5754505073046253e-07,0.5999999174755584,25,50,10
18,2797,3.667960334394216e-42,0.3999999966514073,3.3667730609090247e-09,0.5999999999818197,25,50,10
18,2798,1.2272429515032349e-42,0.39999999661068636,3.389545103624496e-09,0.5999999999997686,25,50,10
18,2799,1.2487043113821585e-42,0.39999999995301905,6.827877042568959e-11,0.5999999999787022,25,50,10
18,2800,2.4801957585956628e-42,0.39999999995727364,5.5213493419516644e-11,0.5999999999875129,25,50,10
18,2801,1.2390532389217745e-42,0.3999999934785528,6.533925641704346e-09,0.5999999999875216,25,50,10
18,2802,1.1916549268960047e-38,0.3999999999970326,7.052770526368836e-10,0.5999999992976902,25,50,10
18,2803,1.1934029689975565e-38,0.39999999987495743,8.268686767236172e-10,0.5999999992981739,25,50,10
18,2804,2.7676888121564445e-47,0.39999999977047046,2.2995096074138513e-10,0.5999999999995785,25,50,10
18,2805,1.2271216017965495e-42,0.3999999997693688,2.3974044668339207e-10,0.5999999999908908,25,50,10
18,2806,4.993244519440309e-45,0.399999999940133,8.543693851353276e-11,0.5999999999744301,25,50,10
18,2807,6.891762080975257e-45,0.3999999999977649,5.017753662841842e-10,0.5999999995004597,25,50,10
18,2808,6.994668423974348e-41,0.3999999976182792,3.0963833792048724e-09,0.5999999992853374,25,50,10
18,2809,1.7502238671658262e-41,0.399999809309185,1.914054707235824e-07,0.5999999992853443,25,50,10
18,2810,2.689004486922194e-43,0.3999999999968734,1.256122156273172e-11,0.5999999999905654,25,50,10
18,2811,7.020339653743967e-41,0.399999999996821,3.9981300516047076e-11,0.5999999999631977,25,50,10
18,2812,1.0666581253663082e-39,0.399992263636645,7.736365040636489e-06,0.5999999999983143,25,50,10
18,2813,2.81452626592423e-44,0.3999999999377628,7.563180971370127e-11,0.5999999999866055,25,50,10
18,2814,1.1690360857413161e-45,0.39999980925546164,1.9075790423094974e-07,0.5999999999866341,25,50,10
18,2815,6.994143767811261e-41,0.3999998092703676,1.907424079874121e-07,0.5999999999872244,25,50,10
18,2816,6.994034869042411e-41,0.39999207045520785,7.929546328233948e-06,0.599999999998464,25,50,10
18,2817,7.000471150042855e-41,0.3999922635591291,0.00018886603743112747,0.59981887040344,25,50,10
18,2818,7.019755996780947e-41,0.3999922635559874,7.736469277773238e-06,0.599999999974735,25,50,10
18,2819,3.0734134705191424e-43,0.39999999994900287,5.1648909240685506e-11,0.5999999999993483,25,50,10
18,2820,3.0827321032435134e-43,0.3999999999512907,8.501313286720625e-11,0.5999999999636961,25,50,10
18,2821,6.1466235980451755e-43,0.39999999769061545,2.371267877250829e-09,0.5999999999381166,25,50,10
18,2822,1.539343861223231e-42,0.3999999953054247,6.580826604936216e-09,0.5999999981137488,25,50,10
18,2823,1.3184309096320452e-42,0.399999997500889,8.553099972078485e-08,0.5999999169681114,25,50,10
18,2824,2.272359441797752e-37,0.39999998799364056,9.552903991141745e-08,0.5999999164773197,25,50,10
18,2825,4.76612863146622e-38,0.39999999759951654,3.399988980898337e-09,0.5999999990004944,25,50,10
18,2826,1.2877505162079326e-43,0.39999999999914093,2.193310223160767e-11,0.5999999999789258,25,50,10
18,2827,3.238316268051017e-36,0.3608056969311565,0.039194303746752375,0.599999999322091,25,50,10
18,2828,6.683480867203563e-38,0.36000000001707,0.04000000048247345,0.5999999995004566,25,50,10
18,2829,2.3165434840905614e-34,0.3599999999154078,0.04000000059665329,0.5999999994879388,25,50,10
18,2830,2.3165434840975957e-34,0.35999252123999653,0.04000975837470409,0.5999977203852995,25,50,10
18,2831,2.353844722356735e-34,0.3599999999370215,0.040002280382844084,0.5999977196801346,25,50,10
18,2832,7.030929171259212e-31,0.3599999932518948,0.04000004750054295,0.5999999592475621,25,50,10
18,2833,1.0816689613049245e-33,0.36001442667884265,0.0399855733388886,0.5999999999822687,25,50,10
18,2834,1.0816121518680941e-33,0.3600144227875203,0.039985577212715125,0.5999999999997645,25,50,10
18,2835,1.081616138452321e-33,0.36001442931296945,0.03998557213505464,0.599999998551976,25,50,10
18,2836,1.0816121518621027e-33,0.36001442931412386,0.03998557214673925,0.5999999985391369,25,50,10
18,2837,1.0816121518629776e-33,0.36001442231092695,0.0399855796322868,0.5999999980567863,25,50,10
18,2838,1.0816121519269315e-33,0.3600144222399249,0.039985577769063266,0.5999999999910117,25,50,10
18,2839,4.007606461253531e-29,0.36000000435721885,0.04000002317638053,0.5999999724664006,25,50,10
18,2840,2.443764456965029e-27,0.35999999988046094,0.040002309280413824,0.5999976908391251,25,50,10
18,2841,7.033167108028548e-31,0.3600000043998519,0.03999999631076262,0.5999999992893854,25,50,10
18,2842,7.033167106082262e-31,0.36000000444260183,0.03999999555743836,0.5999999999999598,25,50,10
18,2843,7.033167106082261e-31,0.36000000427255024,0.03999999572776332,0.5999999999996866,25,50,10
18,2844,3.4791282847315847e-31,0.36040713603167357,0.03959286396833281,0.5999999999999936,25,50,10
18,2845,3.537466909201381e-24,0.3599999998268411,0.0381303054429748,0.601869694730184,25,50,10
18,2846,3.537466909201381e-24,0.3599999995846245,0.03813038820870395,0.6018696122066717,25,50,10
18,2847,3.537466909201381e-24,0.3599999997166591,0.038130389272554924,0.6018696110107861,25,50,10
18,2848,3.537466909201381e-24,0.35999999993713794,0.038130388569201895,0.6018696114936603,25,50,10
18,2849,7.031041686181458e-31,0.3600000044352094,0.040000078802865977,0.5999999167619247,25,50,10
18,2850,4.0779123889254894e-29,0.35999999978629904,0.039999979031939574,0.6000000211817614,25,50,10
18,2851,1.233885300660606e-32,0.3599999897694399,0.04000001023122681,0.5999999999993332,25,50,10
18,2852,1.2338853198080964e-32,0.35999998659494714,0.04000006890345056,0.5999999445016023,25,50,10
18,2853,2.2843372425933673e-27,0.35999999023705587,0.04000001075300136,0.5999999990099427,25,50,10
18,2854,2.2843372425814524e-27,0.3599999966471667,0.04000000337671989,0.5999999999761134,25,50,10
18,2855,4.2289784882524523e-22,0.3599999998955855,0.03999879317332581,0.6000012069310886,25,50,10
18,2856,4.2289784882524523e-22,0.35996851940329544,0.040030273676239306,0.6000012069204652,25,50,10
18,2857,4.2289784882524523e-22,0.3599685225776112,0.040030270525857184,0.6000012068965316,25,50,10
18,2858,6.0612860484998474e-30,0.35995765668763313,0.00626616488435065,0.6337761784280163,25,50,10
18,2859,6.061286000910056e-30,0.35998913037130864,0.006234691209873586,0.6337761784188176,25,50,10
18,2860,1.544716494929406e-42,0.3599999942492325,6.4969059931161815e-09,0.6399999992538614,25,50,10
18,2861,5.4665759093837285e-45,0.3599999999940514,7.608503202570554e-10,0.6399999992450982,25,50,10
18,2862,2.7367562245328764e-44,0.3599999998757816,1.2552183011490007e-10,0.6399999999986966,25,50,10
18,2863,7.382885534746425e-34,0.3599999999954957,4.033637730496912e-11,0.6399999999641679,25,50,10
18,2864,1.0538412665367065e-44,0.35999999999846777,1.9997379071481456e-12,0.6399999999995325,25,50,10
18,2865,2.303998510806468e-44,0.35999999995587295,4.413539772080355e-11,0.6399999999999916,25,50,10
18,2866,4.343973147778807e-44,0.3599999902608539,9.739457497792309e-09,0.6399999999996886,25,50,10
18,2867,1.084115616167518e-39,0.3599999869144364,1.308590687252433e-08,0.6399999999996566,25,50,10
18,2868,2.1541990045373915e-44,0.35999999995565035,4.4663770619098433e-11,0.6399999999996859,25,50,10
18,2869,1.1773599632203773e-47,0.3599999999957124,1.7667880254903218e-11,0.6399999999866196,25,50,10
18,2870,1.2297730525014091e-42,0.3599999998260723,1.742627420192879e-10,0.6399999999996651,25,50,10
18,2871,1.535305658969348e-42,0.35999999982810366,1.7206520957240857e-10,0.6399999999998311,25,50,10
18,2872,1.7857888941739192e-41,0.35999962832499266,3.7168747165479363e-07,0.6399999999875358,25,50,10
18,2873,3.0713463264195254e-43,0.3599999999933832,3.247017325490924e-11,0.6399999999741466,25,50,10
18,2874,4.902756462636334e-45,0.3599999966510304,3.3872841782614197e-09,0.6399999999616856,25,50,10
18,2875,4.914293553390571e-45,0.3599999964830787,3.5466371806257294e-09,0.639999999970284,25,50,10
18,2876,5.483399257002464e-45,0.35999999286709083,7.1462669116319956e-09,0.6399999999866423,25,50,10
18,2877,1.295243075609754e-35,0.3599999998979553,1.0309558784813513e-10,0.6399999999989492,25,50,10
18,2878,6.494119663316339e-45,0.35999999999745014,1.2619003231555897e-11,0.6399999999899308,25,50,10
18,2879,1.2561868570304856e-44,0.35999999995166443,8.509771776974158e-11,0.639999999963238,25,50,10
18,2880,8.36168122421988e-40,0.3599999999552296,2.7570398674635705e-08,0.6399999724743719,25,50,10
18,2881,4.6049131428832344e-45,0.35999999995813964,2.0763689234494243e-09,0.6399999979654915,25,50,10
18,2882,2.1708597306409078e-44,0.35999999978800257,2.128727248734443e-10,0.6399999999991248,25,50,10
18,2883,1.8718257144737175e-41,0.35999944382244686,5.561791908702083e-07,0.6399999999983623,25,50,10
18,2884,1.9038653200941314e-41,0.35999944393582034,5.560658947796201e-07,0.6399999999982849,25,50,10
18,2885,9.972162878012131e-40,0.3599999999351703,7.717105052593617e-11,0.6399999999876588,25,50,10
18,2886,5.6563318155814604e-43,0.3599999999525176,9.551302443982959e-11,0.6399999999519694,25,50,10
18,2887,3.8024317265955015e-43,0.3599999974496133,2.5510563997757933e-09,0.6399999999993305,25,50,10
18,2888,5.681627908956187e-45,0.3599999997858807,2.1429933873747168e-10,0.63999999999982,25,50,10
18,2889,6.994448035636008e-41,0.3599998687270499,1.3127313055905372e-07,0.6399999999998196,25,50,10
18,2890,6.993995703146058e-41,0.35999986876891077,1.3126881107467902e-07,0.6399999999622783,25,50,10
18,2891,7.076593661473317e-41,0.3599995423297657,4.5819932234197133e-07,0.639999999470912,25,50,10
18,2892,9.067815621395903e-40,0.3599997330174334,2.6754363415006483e-07,0.6399999994389326,25,50,10
18,2893,8.365397679557138e-40,0.3599999976152944,2.929559599003786e-09,0.6399999994551462,25,50,10
18,2894,5.7954963431063234e-43,0.3599999999992087,6.674234604660242e-11,0.639999999934049,25,50,10
18,2895,8.3623253992752e-40,0.35999999982984476,1.6667711792526468e-09,0.6399999985033841,25,50,10
18,2896,8.362914864160965e-40,0.3599999999989295,1.4493064466891973e-09,0.639999998551764,25,50,10
18,2897,8.362270502259379e-40,0.3599999999969755,1.4516924184081896e-09,0.639999998551332,25,50,10
18,2898,9.966702087472066e-40,0.3599999942132571,5.788039257739676e-09,0.6399999999987037,25,50,10
18,2899,8.729429405721826e-44,0.35999981232815437,1.8768545809645524e-07,0.6399999999863876,25,50,10
18,2900,9.966492853838762e-40,0.35999985739464074,1.4261831006274892e-07,0.6399999999870492,25,50,10
18,2901,1.7811861734751642e-45,0.35999986086142227,1.39201720761779e-07,0.6399999999368571,25,50,10
18,2902,5.4428341590052904e-46,0.35999986412746837,1.358850152517412e-07,0.6399999999875164,25,50,10
18,2903,2.1723181798872566e-44,0.35999999999994037,1.2979195637028061e-11,0.6399999999870803,25,50,10
18,2904,5.159683521993795e-43,0.3599999966515957,3.359807189200473e-09,0.639999999988597,25,50,10
18,2905,1.7797390249385785e-41,0.3599999998267862,1.739966465093186e-10,0.6399999999992173,25,50,10
18,2906,3.213546952829133e-43,0.35998913137242683,1.086862775936346e-05,0.6399999999998138,25,50,10
18,2907,3.114596778085892e-43,0.35999999982872416,1.8375405170811368e-10,0.6399999999875218,25,50,10
18,2908,2.153565996799237e-44,0.3599999999977838,1.4548197861006689e-11,0.639999999987668,25,50,10
18,2909,2.3019318991887297e-40,0.3599999998179841,8.966366815485275e-10,0.6399999992853792,25,50,10
18,2910,1.7495044040031856e-41,0.3599999998179843,2.1785053644305464e-10,0.6399999999641651,25,50,10
18,2911,6.139839809323083e-45,0.3599999976138077,2.3863544451635282e-09,0.6399999999998378,25,50,10
18,2912,2.577432038802481e-43,0.3599999976148336,2.3940961504380164e-09,0.6399999999910703,25,50,10
18,2913,1.0863593679417344e-43,0.35999999982557074,2.11280062399368e-10,0.6399999999631493,25,50,10
18,2914,8.602816062002293e-44,0.359999990468359,9.585177689081156e-09,0.6399999999464633,25,50,10
18,2915,3.232643317501413e-43,0.3599999941518749,1.6287757414743437e-06,0.6399983770723837,25,50,10
18,2916,6.586275075912196e-44,0.35999998768025826,1.6352337426748322e-06,0.639998377085999,25,50,10
18,2917,2.586556070433083e-43,0.3599999976183848,1.6259970060566685e-06,0.6399983763846091,25,50,10
18,2918,8.707474349066464e-44,0.35999999994223153,1.6229592614253345e-06,0.639998377098507,25,50,10
18,2919,6.442282595855565e-44,0.3599999902473827,9.75287166207295e-09,0.6399999999997457,25,50,10
18,2920,6.482734219767992e-44,0.35999999529913096,4.701284668820136e-09,0.6399999999995843,25,50,10
18,2921,8.364207902000121e-40,0.3599999884541392,1.6344477514828904e-06,0.6399983770981094,25,50,10
18,2922,8.361638076820609e-40,0.3599999929760708,9.066572588808718e-09,0.6399999979573565,25,50,10
18,2923,3.915707489125662e-46,0.359999995113792,6.613196484551308e-06,0.6399933916897234,25,50,10
18,2924,1.8712148809746918e-41,0.35999999652960196,3.495820119685682e-09,0.6399999999745779,25,50,10
18,2925,1.7798482910312932e-41,0.35999999642477254,3.6008005838768006e-09,0.6399999999744268,25,50,10
18,2926,6.994037155986676e-41,0.3599999974464516,4.587354334285239e-09,0.6399999979661941,25,50,10
18,2927,9.96647668824469e-40,0.3599999976090124,4.4250256558376136e-09,0.639999997965962,25,50,10
18,2928,6.500213128773128e-44,0.3599999999958186,2.0384469938923862e-09,0.6399999979657344,25,50,10
18,2929,2.0937138860603207e-40,0.3599999999999235,3.101988264247445e-08,0.6399999689801938,25,50,10
18,2930,2.0937327819815675e-40,0.35999973539644403,2.660619320178126e-07,0.639999998541624,25,50,10
18,2931,2.106154248537625e-40,0.35999973539789076,2.660516004062673e-07,0.6399999985505089,25,50,10
18,2932,2.6043934316531324e-44,0.3599997352785435,2.647220974935335e-07,0.6399999999993591,25,50,10
18,2933,5.641598060025717e-43,0.3599922636425771,7.738916027970363e-06,0.6399999974413949,25,50,10
18,2934,6.1355327777832316e-43,0.3599922636427284,7.776378407508986e-06,0.639999959978864,25,50,10
18,2935,8.772774338131667e-41,0.35998175911754005,1.8280912089103044e-05,0.639999959970371,25,50,10
18,2936,7.024800744717813e-41,0.35999226115939054,7.738852686031923e-06,0.6399999999879235,25,50,10
18,2937,6.153370660718342e-43,0.3599922612575476,7.739453321409697e-06,0.639999999289131,25,50,10
18,2938,3.0764852953663507e-43,0.3599922612177946,7.738828679159358e-06,0.6399999999535262,25,50,10
18,2939,3.073620250137297e-43,0.3599922610889291,7.738919552432078e-06,0.6399999999915185,25,50,10
18,2940,1.228528616030029e-42,0.35999999749723727,2.5027699225796646e-09,0.6399999999999928,25,50,10
18,2941,3.082622097749442e-43,0.3599999976183363,2.381681831202732e-09,0.6399999999999819,25,50,10
18,2942,1.2555676338401188e-42,0.35998912446014514,1.0875540090925152e-05,0.639999999999764,25,50,10
18,2943,9.972335137388815e-40,0.3599999895691809,1.0430990009303263e-08,0.6399999999998291,25,50,10
18,2944,2.272356740134344e-37,0.35999998345040723,1.657522383732679e-08,0.6399999999743691,25,50,10
18,2945,1.473538712931859e-41,0.359999996653521,3.092213235023589e-08,0.6399999724243467,25,50,10
18,2946,1.0003177063952839e-39,0.35999999999580706,5.446675086540758e-12,0.6399999999987462,25,50,10
18,2947,1.2577810363122964e-31,0.35999999999981197,1.4743304560363174e-09,0.6399999985258575,25,50,10
18,2948,6.791731097513177e-37,0.3599999999998551,9.515877177191374e-13,0.6399999999991933,25,50,10
18,2949,2.5746732586885607e-43,0.3599999999969221,1.3719781566791965e-09,0.6399999986310996,25,50,10
18,2950,2.6195744798299113e-43,0.35999999999988946,1.7368002737271037e-11,0.6399999999827425,25,50,10
18,2951,9.966532355932074e-40,0.3599999869148297,1.30864403526031e-08,0.63999999999873,25,50,10
18,2952,1.3675845143790269e-44,0.35999999991532083,1.0700777667974218e-10,0.6399999999776714,25,50,10
18,2953,2.624344126121214e-44,0.35999999979532116,1.6739944103697927e-09,0.6399999985306843,25,50,10
18,2954,1.4878095982037653e-44,0.359999999915636,2.518149102088393e-09,0.6399999975662148,25,50,10
18,2955,8.36177718990264e-40,0.35999999343169675,6.568790646198159e-09,0.6399999999995125,25,50,10
18,2956,8.374005678776114e-40,0.3599999964783816,3.546537777254641e-09,0.6399999999750807,25,50,10
18,2957,8.536533742368242e-40,0.3599999999410678,8.401136776269e-11,0.6399999999749209,25,50,10
18,2958,1.6900744774531565e-39,0.3599999998745407,1.5890352780778562e-10,0.6399999999665558,25,50,10
18,2959,8.361694325236896e-40,0.3599999998787288,1.222784587236728e-10,0.6399999999989928,25,50,10
18,2960,8.361646265034082e-40,0.3599999998276171,1.73176745667208e-10,0.6399999999992062,25,50,10
18,2961,2.350840177959227e-44,0.3599999997689507,2.3135739881808623e-10,0.6399999999996919,25,50,10
18,2962,6.994176254651662e-41,0.3599999951834338,4.842439325779782e-09,0.6399999999741268,25,50,10
18,2963,3.3291102246791018e-43,0.3599999964887165,3.511314582342365e-09,0.6399999999999689,25,50,10
18,2964,1.56440976751613e-42,0.3599996031664634,3.968601576668949e-07,0.639999999973379,25,50,10
18,2965,1.5483755078346104e-42,0.35999960320819907,3.968181398526434e-07,0.6399999999736611,25,50,10
18,2966,7.031618437846114e-41,0.3599999965304782,3.482820125376452e-09,0.6399999999867018,25,50,10
18,2967,1.0672659309633355e-39,0.3599999965304486,3.4828303742175138e-09,0.639999999986721,25,50,10
18,2968,1.4058444128873097e-40,0.35999999641296404,3.6481181237947158e-09,0.6399999999389179,25,50,10
18,2969,3.2382487952099315e-36,0.35999999952801764,5.082937216796747e-10,0.6399999999636886,25,50,10
18,2970,3.2375083934709256e-36,0.3599923900075684,7.6099932811027464e-06,0.6399999999991506,25,50,10
18,2971,5.68162416260221e-38,0.35999999977309693,2.2713044331489075e-10,0.6399999999997728,25,50,10
18,2972,3.673034208012335e-42,0.3599999974451965,2.5802337104444947e-09,0.6399999999745699,25,50,10
18,2973,1.466963097604225e-41,0.3599999976172938,8.490651439576947e-08,0.6399999174761919,25,50,10
18,2974,3.071414934531495e-43,0.3599999974988467,2.5018491782881858e-09,0.6399999999993041,25,50,10
18,2975,5.643847830931032e-43,0.3599999999391692,9.56424412225503e-11,0.6399999999651884,25,50,10
18,2976,8.710523814576215e-43,0.35999999975939345,3.0233762464848984e-10,0.639999999938269,25,50,10
18,2977,6.1361910934110785e-43,0.35999999975866204,2.669624256450947e-10,0.6399999999743755,25,50,10
18,2978,1.5391790346779417e-42,0.35999999755495027,2.4450610744359407e-09,0.6399999999999886,25,50,10
18,2979,3.124114731493772e-43,0.3599999878579572,1.2142342967035829e-08,0.6399999999996999,25,50,10
18,2980,5.953174903121384e-45,0.3599995944687215,4.055312945137566e-07,0.639999999999984,25,50,10
18,2981,4.97955820889735e-47,0.3599996065535834,3.9348233345782453e-07,0.6399999999640831,25,50,10
18,2982,2.0904069200472697e-40,0.35999960655154767,3.9394027105814666e-07,0.6399999995081812,25,50,10
18,2983,2.1616231564060904e-44,0.3599999999968053,1.2892561079015729e-11,0.6399999999903022,25,50,10
18,2984,6.99618703131481e-41,0.35999999664853194,3.852073651585872e-09,0.6399999994993945,25,50,10
18,2985,3.986590366715139e-39,0.3599999966525372,3.847215715583396e-09,0.6399999995002471,25,50,10
18,2986,4.823064044712269e-39,0.3599999999978854,2.885021037711747e-11,0.6399999999732645,25,50,10
18,2987,3.1597965851875973e-43,0.3599999930518124,7.448835040014368e-09,0.6399999994993526,25,50,10
18,2988,9.064785311975856e-40,0.3599999930922298,6.909092264489018e-09,0.6399999999986781,25,50,10
18,2989,7.03756168339301e-41,0.35999999309215236,8.941725516750136e-09,0.6399999979661222,25,50,10
18,2990,6.553160802512827e-44,0.359999597344957,4.0268173702039306e-07,0.6399999999733059,25,50,10
18,2991,6.703318176734052e-44,0.35998873811705123,1.1261884229247557e-05,0.6399999999987196,25,50,10
18,2992,1.7187491575869413e-47,0.3599999975832579,1.1836040934577401e-07,0.6399998840563328,25,50,10
18,2993,1.2282446699840498e-45,0.3599999999969226,1.1592195092946331e-07,0.6399998840811264,25,50,10
18,2994,1.6688687620725023e-46,0.35999999995817794,4.371460663096858e-11,0.6399999999981074,25,50,10
18,2995,1.3064434751283763e-45,0.35999999665251714,3.3742305946404214e-09,0.6399999999732524,25,50,10
18,2996,6.613738683479262e-44,0.3599999966117099,4.07914037090456e-09,0.6399999993091499,25,50,10
18,2997,3.0731141008824455e-43,0.359999606552526,3.934929365143743e-07,0.6399999999545375,25,50,10
18,2998,6.644613615568707e-46,0.35999999999692656,1.2174473451757768e-11,0.639999999990899,25,50,10
18,2999,3.9906289238901464e-39,0.3599999930953399,6.917017844792348e-09,0.6399999999876422,25,50,10
18,3000,9.048856326782524e-44,0.35999986871019457,1.867890181079853e-07,0.6399999445007873,25,50,10
18,3001,1.5401636812863108e-42,0.35996852275077956,3.147775654693884e-05,0.6399999994926735,25,50,10
18,3002,2.7675381629080836e-42,0.35996852270383284,3.147732123360137e-05,0.6399999999749336,25,50,10
18,3003,3.2381079999984274e-36,0.3599685227028035,3.147729720104626e-05,0.6399999999999956,25,50,10
18,3004,3.4992166693974523e-41,0.35999999975411556,2.279557248530998e-09,0.6399999979663272,25,50,10
18,3005,2.1157820659051107e-41,0.3599999975150548,2.485402884575701e-09,0.6399999999995424,25,50,10
18,3006,3.2381264200509884e-36,0.3599998045141429,1.954863027793056e-07,0.6399999999995544,25,50,10
18,3007,3.238108015880209e-36,0.3599998092554001,1.9074601404755204e-07,0.6399999999985859,25,50,10
18,3008,3.238107993230145e-36,0.35999999994010407,8.608682601131313e-11,0.6399999999738091,25,50,10
18,3009,1.3788962294811167e-46,0.3599998577269596,1.423367466271941e-07,0.6399999999362939,25,50,10
18,3010,1.1303506870451728e-45,0.35999986412437207,1.3588500474572674e-07,0.6399999999906232,25,50,10
18,3011,4.605421891143755e-45,0.3599999998767246,1.3294930795727442e-10,0.6399999999903262,25,50,10
18,3012,3.6893849774809836e-42,0.35999999653124354,3.977527369825596e-09,0.639999999491229,25,50,10
18,3013,1.817933067394566e-39,0.3593899079425718,0.0006100920934365296,0.6399999999639917,25,50,10
18,3014,1.198532278212257e-38,0.3599999997562783,2.8730111426380744e-08,0.6399999715136103,25,50,10
18,3015,3.1681694622575457e-43,0.35999999975561026,2.450704450349094e-10,0.6399999999993193,25,50,10
18,3016,4.774350758188893e-45,0.3599999903032789,9.696953479447444e-09,0.6399999999997675,25,50,10
18,3017,1.3072812616303299e-45,0.3599999903018753,9.711082684730831e-09,0.639999999987042,25,50,10
18,3018,3.554026467016719e-46,0.3599999999959946,4.019609564681827e-12,0.6399999999999858,25,50,10
18,3019,1.9328086980808e-46,0.3599999929731385,7.026891812170348e-09,0.6399999999999697,25,50,10
18,3020,2.1742654315368303e-44,0.35999999966187857,0.00026639171182035135,0.6397336086263011,25,50,10
18,3021,2.236328828758648e-44,0.35999999987402886,2.9300939789386164e-08,0.6399999708250314,25,50,10
18,3022,1.7485837636563395e-41,0.35999999989790155,2.857520650670969e-08,0.639999971526892,25,50,10
18,3023,1.014196877933084e-39,0.359999996610472,3.390607374667785e-09,0.6399999999989208,25,50,10
18,3024,9.983649267118272e-47,0.3599999999998127,6.241025466753435e-13,0.6399999999995633,25,50,10
18,3025,3.072480131602419e-43,0.3599998093122367,1.9069718497998484e-07,0.6399999999905783,25,50,10
18,3026,4.766127126063521e-38,0.35999980931360015,1.9071310992255175e-07,0.6399999999732898,25,50,10
18,3027,4.766127131461217e-38,0.35998894317993774,1.1056863470009629e-05,0.6399999999565923,25,50,10
18,3028,2.0904339898202214e-40,0.3599849233061289,1.507738439496427e-05,0.639999999309476,25,50,10
18,3029,1.2287223521485627e-42,0.35999999995600585,4.4540763425856584e-11,0.6399999999994533,25,50,10
18,3030,6.481449741743492e-44,0.3599999999560541,4.476198172347551e-11,0.6399999999991839,25,50,10
18,3031,6.48192643292755e-44,0.35999999292440876,7.1115117075952966e-09,0.6399999999640795,25,50,10
18,3032,1.300048782886352e-43,0.35999999982254033,1.7878358523678458e-10,0.6399999999986761,25,50,10
18,3033,3.735416309022406e-43,0.3599999998255397,1.7507385389965109e-10,0.6399999999993865,25,50,10
18,3034,7.350875169993675e-42,0.35999999993896353,6.251011365720598e-11,0.6399999999985265,25,50,10
18,3035,8.956199284133461e-42,0.35999999987944853,1.2139965597661302e-10,0.6399999999991518,25,50,10
18,3036,4.9589516987152805e-42,0.3599999997761972,1.5690808529160195e-06,0.63999843114295,25,50,10
18,3037,1.27028459702352e-42,0.3599999997773831,2.36371323902858e-10,0.6399999999862456,25,50,10
18,3038,1.2545217832905883e-42,0.3599998545515919,1.4548700969571715e-07,0.6399999999613983,25,50,10
18,3039,3.6890332095702466e-42,0.3599999999969309,1.690739312401036e-11,0.6399999999861617,25,50,10
18,3040,1.1304274486268828e-44,0.359999735399893,2.646130936145003e-07,0.6399999999870133,25,50,10
18,3041,1.5814509999476647e-44,0.35999973540056046,2.646356081078004e-07,0.6399999999638315,25,50,10
18,3042,1.2589050743002631e-42,0.3599997330169505,2.6698395735485496e-07,0.6399999999990922,25,50,10
18,3043,3.2829646237102816e-43,0.3599999999967689,2.8477239487185092e-08,0.6399999715259916,25,50,10
18,3044,6.459828755949244e-44,0.35999999267779126,3.579613046488167e-08,0.6399999715260782,25,50,10
18,3045,2.6436824609254204e-44,0.3599999930576523,6.9787223548180185e-09,0.6399999999636253,25,50,10
18,3046,5.681259607135563e-38,0.35999999081020206,1.271945039710798e-08,0.6399999964703474,25,50,10
18,3047,3.6733381109900693e-42,0.35999999761148294,2.3888990744517836e-09,0.639999999999618,25,50,10
18,3048,5.681256997418637e-38,0.35999999092459023,9.07562660022664e-09,0.6399999999997832,25,50,10
18,3049,5.688251545543856e-38,0.35999999318336157,6.817301914509281e-09,0.6399999999993365,25,50,10
18,3050,3.673620017668934e-42,0.3599996282861109,3.717144940731968e-07,0.639999999999395,25,50,10
18,3051,2.1158643955769737e-41,0.35999999989446496,1.4210196757964747e-10,0.6399999999634333,25,50,10
18,3052,3.9252056887764006e-42,0.3599999907516949,9.958684608101257e-09,0.6399999992896205,25,50,10
18,3053,3.668172906429557e-42,0.35999999765555,3.0463655031699756e-09,0.6399999992980845,25,50,10
18,3054,7.615411701395253e-46,0.3599998642447138,1.3575608790122417e-07,0.6399999999991982,25,50,10
18,3055,1.1915340018742624e-38,0.35999986424259106,1.3579418832098747e-07,0.6399999999632205,25,50,10
18,3056,1.7489584009039886e-41,0.35999981566564515,1.8487065448194388e-07,0.6399999994637003,25,50,10
18,3057,1.0386056600599986e-44,0.3599922635216318,7.736979137468221e-06,0.6399999994992307,25,50,10
18,3058,6.901416781677108e-44,0.35999999999988075,1.0010921037617303e-09,0.6399999989990272,25,50,10
18,3059,6.526970905164908e-44,0.3599997354006379,2.650999123466731e-07,0.6399999994994497,25,50,10
18,3060,5.68089070201094e-38,0.3599999999998176,5.47712570215699e-10,0.6399999994524699,25,50,10
18,3061,1.6549906960073188e-46,0.3599999999976459,5.108822749124929e-10,0.6399999994914719,25,50,10
18,3062,1.2271201117294516e-42,0.35999999999573234,4.918213318542451e-12,0.6399999999993494,25,50,10
18,3063,8.1414145985945375e-47,0.3599999998719018,1.2854255701979267e-10,0.6399999999995556,25,50,10
18,3064,9.966490167409154e-40,0.3599999975706181,2.4298344349120447e-09,0.6399999999995475,25,50,10
18,3065,9.967183840225544e-40,0.35999999761632395,2.419574600987821e-09,0.6399999999641015,25,50,10
18,3066,1.0003206569272295e-39,0.35999999761529516,3.0893737166418354e-08,0.6399999714909677,25,50,10
18,3067,9.966528147738839e-40,0.3599999976172144,3.5842273054693047e-09,0.6399999987985583,25,50,10
18,3068,5.2130941475918323e-42,0.35999999648230857,3.5177238309678597e-09,0.6399999999999677,25,50,10
18,3069,1.2315508369227463e-42,0.35999999535369903,5.146019969779159e-09,0.6399999995002811,25,50,10
18,3070,1.840747420668553e-42,0.35999999308824493,7.411312760587074e-09,0.6399999995004423,25,50,10
18,3071,8.529358764638953e-40,0.3599999999510262,5.813379731172745e-10,0.6399999994676357,25,50,10
18,3072,8.51082215761993e-40,0.3599999999910064,0.0001795052280041845,0.6398204947809895,25,50,10
18,3073,8.361672713979688e-40,0.35999999998868104,2.026443731294889e-11,0.6399999999910545,25,50,10
18,3074,7.38288549085935e-34,0.3599999997537499,2.462649577421281e-10,0.6399999999999852,25,50,10
18,3075,9.387191706891665e-46,0.35999999030302055,9.719084507233479e-09,0.6399999999778949,25,50,10
18,3076,2.2737549529071877e-37,0.3599999975744565,2.4439417531587905e-09,0.6399999999816018,25,50,10
18,3077,2.273055761313181e-37,0.3599998618190567,1.3818182112665294e-07,0.6399999999991223,25,50,10
18,3078,2.272356359232099e-37,0.35999999731746796,3.165877351432746e-09,0.6399999995166548,25,50,10
18,3079,2.7927558406666867e-43,0.35999999958664886,4.937711201899556e-10,0.63999999991958,25,50,10
18,3080,8.112228315695387e-46,0.35999999297218027,7.07281048927099e-09,0.6399999999550092,25,50,10
18,3081,1.1846404054381428e-45,0.3599999976142712,2.4302549710084833e-09,0.6399999999554737,25,50,10
18,3082,3.075269586524682e-43,0.3599999976128233,2.4132271065206526e-09,0.6399999999739495,25,50,10
18,3083,1.8646023669468723e-41,0.35999999995349496,4.0041624775527956e-08,0.6399999600048804,25,50,10
18,3084,1.4928770461616424e-41,0.3599999999539001,4.0041994200667155e-08,0.6399999600041059,25,50,10
18,3085,2.1964610422675902e-44,0.35999999660995785,4.092351778898781e-09,0.6399999992976904,25,50,10
18,3086,2.162919531746918e-44,0.35999999999556925,4.434811203335631e-12,0.6399999999999959,25,50,10
18,3087,4.766129248293721e-38,0.35999999999901333,1.5102003017571997e-12,0.6399999999994764,25,50,10
18,3088,4.738366889369665e-45,0.35999999999984184,1.4118664103928958e-12,0.6399999999987462,25,50,10
18,3089,1.3045551536525376e-45,0.3599999930951226,6.905913131645782e-09,0.6399999999989643,25,50,10
18,3090,3.667555878339269e-42,0.35999999993904674,9.72254725167316e-11,0.6399999999637278,25,50,10
18,3091,1.191929192430544e-38,0.35999999994021015,2.192624568041944e-09,0.6399999978671654,25,50,10
18,3092,3.329053166074577e-43,0.35999999975704794,2.6858303218774287e-10,0.6399999999743691,25,50,10
18,3093,3.6764393494820265e-42,0.3599999998370852,1.6399095565896665e-10,0.639999999998924,25,50,10
18,3094,9.097796303446046e-40,0.3599999999375386,7.129936538784284e-11,0.639999999991162,25,50,10
18,3095,9.061085551441921e-40,0.359999999940227,6.843264755133918e-11,0.6399999999913405,25,50,10
18,3096,1.832836182964405e-39,0.3599999999957076,1.308941657686632e-11,0.639999999991203,25,50,10
18,3097,8.361886901504415e-40,0.3599999999926605,3.8679098062436754e-08,0.6399999613282413,25,50,10
18,3098,4.518895261776943e-45,0.3599999999969398,3.8666355250321775e-08,0.6399999613367049,25,50,10
18,3099,3.827470924520733e-46,0.35999999999699483,3.0126065284008667e-12,0.6399999999999926,25,50,10
18,3100,1.7486572067169976e-41,0.3599999999381801,3.939112119193747e-08,0.6399999606706988,25,50,10
18,3101,3.871288430553569e-35,0.3599999998288276,8.819219878093383e-10,0.6399999992892504,25,50,10
18,3102,1.030402245159871e-46,0.3599999999999045,6.261719350832216e-13,0.6399999999994693,25,50,10
18,3103,1.7485204385132166e-41,0.3599999999948874,2.94357798521445e-11,0.6399999999756768,25,50,10
18,3104,9.967335474474394e-40,0.35999999978592256,2.279840434160138e-06,0.6399977203736432,25,50,10
18,3105,6.791734222696877e-37,0.3599999999968771,1.2588679551202897e-11,0.6399999999905343,25,50,10
18,3106,6.791737982977103e-37,0.35999999999670257,3.9015927761200744e-11,0.6399999999642816,25,50,10
18,3107,4.2917707722424765e-42,0.35999999999230686,6.806338057765825e-11,0.6399999999396297,25,50,10
18,3108,2.8326827186363767e-40,0.35999999750008044,2.5240937213844776e-09,0.6399999999758258,25,50,10
18,3109,2.090527746559523e-40,0.35999999965364876,3.588452908838852e-10,0.639999999987506,25,50,10
18,3110,2.090424020871291e-40,0.35999999993652954,8.513599305766698e-11,0.6399999999783345,25,50,10
18,3111,6.159437789165306e-45,0.35999999993727516,9.919347962774631e-11,0.6399999999635314,25,50,10
18,3112,2.6441392334147494e-44,0.3599999998247686,2.1092699263026033e-10,0.6399999999643045,25,50,10
18,3113,6.997367125007344e-41,0.3599999948414316,5.171542010020919e-09,0.6399999999870264,25,50,10
18,3114,2.09655045327122e-40,0.35999999731159976,2.700942615370063e-09,0.6399999999874575,25,50,10
18,3115,3.0723746279643008e-43,0.35999999748169365,2.5185162408868297e-09,0.6399999999997901,25,50,10
18,3116,5.562664959963699e-46,0.3599999974848756,2.5153414318211792e-09,0.639999999999783,25,50,10
18,3117,2.627141033077685e-43,0.35999999988179104,1.4457120171784935e-10,0.6399999999736378,25,50,10
18,3118,1.5549255029396487e-42,0.3599685225086582,3.14782318249823e-05,0.6399999992595168,25,50,10
18,3119,4.4655932300902207e-44,0.3599685228188897,3.1477181937524376e-05,0.6399999999991729,25,50,10
18,3120,1.1914423496971394e-38,0.35999999995292514,3.163208782732187e-06,0.639996836838292,25,50,10
18,3121,3.0686946889993344e-43,0.3599999999990505,1.4250157215338095e-11,0.6399999999866993,25,50,10
18,3122,3.668983599771194e-42,0.35999999999772897,1.502225776703697e-11,0.6399999999872488,25,50,10
18,3123,3.689389463859063e-42,0.35999999987518555,1.4534755089337415e-10,0.6399999999794668,25,50,10
18,3124,1.227030856654338e-42,0.3599999998787974,1.2185564630943163e-10,0.639999999999347,25,50,10
18,3125,5.4318736979186184e-45,0.3599999930936281,6.932416953705247e-09,0.639999999973955,25,50,10
18,3126,5.430978224930213e-45,0.3599999930966193,8.351587178775862e-09,0.6399999985517936,25,50,10
18,3127,1.4522706774768002e-46,0.3599999907156498,9.284813553791506e-09,0.6399999999995366,25,50,10
18,3128,8.508322892450733e-40,0.3599999907119972,9.322684730940774e-09,0.6399999999653181,25,50,10
18,3129,2.7175298499142808e-36,0.35999999999566074,3.87337043845206e-11,0.6399999999656056,25,50,10
18,3130,2.716692460267061e-36,0.3599999999969626,3.1007926889889082e-12,0.6399999999999367,25,50,10
18,3131,9.057876407521352e-45,0.3599999998238735,1.9338372092361504e-10,0.6399999999827428,25,50,10
18,3132,2.667979524211869e-43,0.35999960625942906,3.937496611255889e-07,0.6399999999909097,25,50,10
18,3133,2.7927954158478913e-43,0.3599999995376143,4.6285498073582613e-10,0.6399999999995307,25,50,10
18,3134,2.8013931022643303e-43,0.3599999996590221,3.4189426822297714e-10,0.6399999999990836,25,50,10
18,3135,4.958688679094432e-44,0.35999999999481797,9.205219624470173e-11,0.63999999991313,25,50,10
18,3136,4.794094524262984e-47,0.35999999999706506,2.851221649755993e-11,0.6399999999744227,25,50,10
18,3137,4.927590462002272e-45,0.35999999030329394,9.756875827061172e-09,0.6399999999398304,25,50,10
18,3138,3.6679531163931625e-42,0.3599999929242983,7.101791530011222e-09,0.6399999999739103,25,50,10
18,3139,3.6934423230249374e-42,0.359999999994989,3.152612737383529e-11,0.639999999973485,25,50,10
18,3140,3.7105147830663846e-42,0.3599999999958355,6.526937033576955e-11,0.6399999999388952,25,50,10
18,3141,4.899386398572469e-42,0.35999999999710014,3.0876190366654555e-12,0.6399999999998122,25,50,10
18,3142,3.987816982872251e-39,0.3599999928840375,7.125191149835854e-09,0.6399999999907714,25,50,10
18,3143,1.7813465458178638e-41,0.3599999976118158,2.388455820036601e-09,0.6399999999997286,25,50,10
18,3144,1.7792058577757152e-41,0.3599999976094869,2.3995220395124345e-09,0.6399999999909912,25,50,10
18,3145,1.810327715864546e-41,0.35999999760913953,2.3998657239094585e-09,0.6399999999909948,25,50,10
18,3146,1.93472022556741e-41,0.35999999506761204,4.932838439405375e-09,0.6399999999995495,25,50,10
18,3147,2.2100813536018368e-44,0.35999999994842097,7.697895072399e-11,0.6399999999746,25,50,10
18,3148,5.847814932783734e-45,0.35999999999911203,5.095499242449e-10,0.639999999491338,25,50,10
18,3149,3.248400149515413e-44,0.3599999933800882,7.128366894313146e-09,0.6399999994915448,25,50,10
18,3150,2.737703188368819e-44,0.3599999999163601,2.28088702241338e-06,0.6399977191966175,25,50,10
18,3151,2.186865065087188e-44,0.3599998640827177,1.6494281822567575e-07,0.6399999709744641,25,50,10
18,3152,3.4346696038777543e-43,0.35999986420681523,1.6481791406893654e-07,0.6399999709752707,25,50,10
18,3153,2.575996176397747e-43,0.35999999999999566,2.898160559308789e-08,0.6399999710183989,25,50,10
18,3154,4.894588787173912e-42,0.3599999999978209,2.8488472233319e-08,0.6399999715137069,25,50,10
18,3155,2.1419783103667384e-40,0.35996852282418884,3.14771894373251e-05,0.639999999986374,25,50,10
18,3156,2.1421403649959237e-40,0.359999999874961,1.2611643933945349e-10,0.6399999999989227,25,50,10
18,3157,2.092984062325015e-40,0.3599999998262675,8.760443579286202e-10,0.6399999992976881,25,50,10
18,3158,2.2422559081237803e-40,0.3599999997661481,2.355236570346479e-10,0.6399999999983282,25,50,10
18,3159,4.773392706550001e-38,0.3599999879002833,1.2114138843616276e-08,0.639999999985578,25,50,10
18,3160,7.144611089938566e-41,0.3599999952732434,5.243582856992849e-09,0.6399999994831738,25,50,10
18,3161,5.51069818277901e-45,0.3599999965928529,3.906902424810751e-09,0.6399999995002448,25,50,10
18,3162,1.748505228304175e-41,0.3599999943523398,5.656643170762741e-09,0.639999999991017,25,50,10
18,3163,2.7207140740353855e-36,0.3599999941183122,6.876648881984594e-09,0.6399999990050389,25,50,10
18,3164,1.7490920345252409e-41,0.3599999964227568,3.5866513570715086e-09,0.6399999999905919,25,50,10
18,3165,1.7491078935193563e-41,0.35999986401458384,1.3599421265620534e-07,0.6399999999912035,25,50,10
18,3166,2.0247731976824665e-41,0.35999985021450487,1.4979429679832968e-07,0.6399999999911984,25,50,10
18,3167,1.7803491349952476e-41,0.35999999993827264,7.114811571888587e-11,0.6399999999905792,25,50,10
18,3168,1.35177564487454e-46,0.35999999993828474,6.18881255105937e-11,0.639999999999827,25,50,10
18,3169,1.3206644818018864e-45,0.35999999999893845,1.080783835214201e-12,0.6399999999999809,25,50,10
18,3170,3.930603929214648e-42,0.3599996065536313,5.648985879000459e-07,0.6399998285477809,25,50,10
18,3171,1.7746930363463296e-41,0.3599998092565133,1.90744323585781e-07,0.6399999999991631,25,50,10
18,3172,6.436710814125498e-44,0.3599999999969478,5.476890245377994e-10,0.6399999994553631,25,50,10
18,3173,6.911959194221073e-44,0.3599999999969827,5.504403993890511e-10,0.639999999452577,25,50,10
18,3174,1.344330938997097e-43,0.3599999999985185,5.377490323457992e-10,0.6399999994637323,25,50,10
18,3175,1.0909013750379078e-43,0.3599999999369457,5.630585974650166e-10,0.6399999994999958,25,50,10
18,3176,7.1642027650451e-44,0.3599999964801701,4.031724697732939e-09,0.6399999994881053,25,50,10
18,3177,1.767183497242117e-45,0.3599999999963465,5.456742419881045e-10,0.6399999994579791,25,50,10
18,3178,2.594414235217841e-43,0.35999999665174043,3.3569969673721914e-09,0.6399999999912626,25,50,10
18,3179,3.072618161960509e-43,0.35999986090250613,1.3909817738150793e-07,0.6399999999993164,25,50,10
18,3180,3.6674212751524255e-42,0.3599999903001989,9.700256357841157e-09,0.6399999999995447,25,50,10
18,3181,9.205150978194864e-45,0.35999999013319806,9.868208567760612e-09,0.6399999999985934,25,50,10
18,3182,1.231694557716676e-42,0.35999931153227505,6.885132634821687e-07,0.6399999999544614,25,50,10
18,3183,9.144590852633771e-45,0.3599998642485352,1.3577045064774287e-07,0.6399999999810142,25,50,10
18,3184,1.0564465014067488e-44,0.3599998609002551,1.3910911357042824e-07,0.6399999999906314,25,50,10
18,3185,8.743135328741817e-41,0.35999985851772753,1.4149103895332572e-07,0.6399999999912335,25,50,10
18,3186,2.090512081288257e-40,0.3599999966127448,6.9014678143094895e-09,0.6399999964857873,25,50,10
18,3187,4.934535511158299e-45,0.3599999964426796,3.5788371004367273e-09,0.6399999999784833,25,50,10
18,3188,2.115004600139392e-40,0.3599998639148081,1.3609787019134888e-07,0.6399999999873216,25,50,10
18,3189,2.2723562858713757e-37,0.35999999999666743,3.586381879786132e-12,0.6399999999997462,25,50,10
18,3190,1.0022753086934593e-44,0.35999999982801845,1.72461157022403e-10,0.6399999999995205,25,50,10
18,3191,3.2654257791565386e-44,0.35999999982906894,4.0666853669960834e-08,0.6399999595040774,25,50,10
18,3192,4.7389072494334776e-39,0.35915839664424587,0.0008416438514316139,0.6399999595043225,25,50,10
18,3193,8.361853957113083e-40,0.3599999998276812,4.2114968139651626e-08,0.6399999580573507,25,50,10
18,3194,6.726060368276773e-46,0.35999999970586827,2.943746574617906e-10,0.6399999999997571,25,50,10
18,3195,1.2326969851509708e-42,0.35999999989506754,1.0538639520405936e-10,0.639999999999546,25,50,10
18,3196,6.443775711461803e-44,0.35999999309292013,6.907749641284568e-09,0.6399999999993302,25,50,10
18,3197,3.1037704771043183e-44,0.3599999999947465,1.426856821691966e-11,0.6399999999909849,25,50,10
18,3198,3.563622476682872e-44,0.35999999995526805,1.0356401160590232e-09,0.6399999990090919,25,50,10
18,3199,1.4022117010988628e-44,0.3599999903019209,1.0206834982981256e-08,0.6399999994912442,25,50,10
18,3200,1.4985326807511083e-41,0.35999998695862945,1.4061423481994151e-08,0.6399999989799472,25,50,10
18,3201,1.0113272871002665e-39,0.3599999928530145,7.156695119988284e-09,0.6399999999902906,25,50,10
18,3202,3.9891950252895075e-39,0.35998913136574584,1.0868643036529655e-05,0.6399999999912176,25,50,10
18,3203,1.00031561515193e-39,0.3599998069288655,1.9308887871013577e-07,0.6399999999822557,25,50,10
18,3204,1.9932902362101734e-39,0.359999809312085,1.9068815842605128e-07,0.6399999999997567,25,50,10
18,3205,1.8328108876160005e-39,0.35999980931396997,1.907122481482945e-07,0.6399999999737819,25,50,10
18,3206,4.766157349240139e-38,0.3594099297720366,0.0005900716970119696,0.6399999985309514,25,50,10
18,3207,5.68089838929503e-38,0.3599999932674367,6.757467184650332e-09,0.6399999999750962,25,50,10
18,3208,5.764506037996767e-38,0.3599999934374414,6.5634583688130405e-09,0.6399999999991004,25,50,10
18,3209,8.361841752527733e-40,0.3599999930952215,6.90479759735142e-09,0.6399999999999808,25,50,10
18,3210,1.833111678081032e-39,0.3599999930972231,6.903603585923752e-09,0.6399999999991735,25,50,10
18,3211,9.98158898981627e-40,0.35999959274823623,4.072536122392073e-07,0.6399999999981515,25,50,10
18,3212,1.2370958251616331e-42,0.3599999930921873,1.2282642417992268e-07,0.6399998840813885,25,50,10
18,3213,1.48560978617681e-42,0.3599999930334824,1.2291999787537304e-07,0.6399998840465198,25,50,10
18,3214,2.099126709554957e-40,0.3599999999365234,1.1598186840888973e-07,0.6399998840816082,25,50,10
18,3215,2.0904841221841745e-40,0.35999998695795804,1.3044133014095206e-08,0.639999999997909,25,50,10
18,3216,2.0905180972640954e-40,0.359999990181119,9.819277796312858e-09,0.6399999999996032,25,50,10
18,3217,2.274446472062222e-37,0.3599999855364876,1.4463900386615736e-08,0.6399999999996121,25,50,10
18,3218,2.1726140154425237e-44,0.359999990302582,9.697437150738568e-09,0.6399999999999808,25,50,10
18,3219,6.124987841613294e-45,0.3599999903030186,1.0196971609116478e-08,0.6399999995000099,25,50,10
18,3220,6.994168303278153e-41,0.3599999999998349,5.426938628213915e-10,0.6399999994574713,25,50,10
18,3221,7.025344193596904e-41,0.35999985454894956,1.4600386807302698e-07,0.6399999994471823,25,50,10
18,3222,1.77991466392371e-41,0.3599999996984138,3.5503331310223684e-10,0.6399999999465529,25,50,10
18,3223,2.266184632427146e-40,0.3599999964800657,4.547288480594682e-09,0.6399999989726459,25,50,10
18,3224,2.091049988488559e-40,0.3599999999402382,3.067937421082666e-09,0.6399999969918244,25,50,10
18,3225,1.2911992375544496e-38,0.35999999746272054,2.583571154699091e-09,0.6399999999537084,25,50,10
18,3226,1.3121333462469415e-38,0.3599999997671533,3.148198567431601e-10,0.6399999999180268,25,50,10
18,3227,6.58096545358489e-43,0.3599997319348607,2.6806516956640044e-07,0.6399999999999698,25,50,10
18,3228,5.680927320435407e-38,0.3599996007649039,3.9923556322605453e-07,0.6399999999995328,25,50,10
18,3229,5.680890220863801e-38,0.3599999966516152,3.831722877138146e-09,0.639999999516662,25,50,10
18,3230,5.680890218881163e-38,0.35999999665454396,3.3456791611130935e-09,0.6399999999997769,25,50,10
18,3231,5.68089021140994e-38,0.35999999649164893,4.956352762826277e-09,0.6399999985519983,25,50,10
18,3232,3.091138543942799e-43,0.35999999017818424,9.85813801198129e-09,0.6399999999636777,25,50,10
18,3233,2.736826253570876e-45,0.35999999029996943,9.761720517427816e-09,0.6399999999383099,25,50,10
18,3234,2.3896465308529687e-44,0.3599999998751057,1.6079658392074203e-10,0.6399999999640976,25,50,10
18,3235,6.994143913993691e-41,0.35999999995509696,6.891316758056565e-11,0.6399999999759899,25,50,10
18,3236,3.1001797598814396e-43,0.3599999998986901,1.0277046769632566e-10,0.6399999999985393,25,50,10
18,3237,1.2339287738188812e-42,0.3599999999991001,1.0282661704630616e-11,0.6399999999906174,25,50,10
18,3238,1.1243791421660776e-44,0.35999944724177396,5.527671594985408e-07,0.6399999999910666,25,50,10
18,3239,2.1906028009750663e-44,0.3599999999431596,5.701382611191028e-11,0.6399999999998266,25,50,10
18,3240,1.4713160478865082e-41,0.3599999966134177,4.088576611880113e-09,0.6399999992980058,25,50,10
18,3241,2.0904838722550712e-40,0.35999999987877673,8.596677926291047e-10,0.6399999992615555,25,50,10
18,3242,1.2553215906014634e-42,0.35999999999833726,1.4062416357677084e-09,0.6399999985954211,25,50,10
18,3243,5.373821434282329e-43,0.35999999309650493,9.64004548483124e-09,0.6399999972634497,25,50,10
18,3244,3.9868547371518575e-39,0.359999990715671,1.2032432538391848e-08,0.6399999972518965,25,50,10
18,3245,3.986854975240335e-39,0.3599999907126898,9.336935239224248e-09,0.6399999999503749,25,50,10
18,3246,2.2723560581897803e-37,0.3599999860781815,1.396760185797882e-08,0.6399999999542166,25,50,10
18,3247,2.2723559637086962e-37,0.35999999304058355,7.675297113282047e-09,0.6399999992841193,25,50,10
18,3248,2.2723562729081854e-37,0.35999999988150017,1.5679621174275417e-10,0.6399999999617038,25,50,10
18,3249,5.076033041749184e-45,0.3599999999947708,5.423819015273001e-10,0.6399999994628474,25,50,10
18,3250,4.815063966017101e-46,0.3599999999948505,4.2371884639747515e-11,0.6399999999627777,25,50,10
18,3251,1.6422560889660072e-45,0.35999999987375775,1.6238867147535506e-10,0.6399999999638537,25,50,10
18,3252,2.6431586832829748e-43,0.35999980919197294,1.9088004935920292e-07,0.6399999999279777,25,50,10
18,3253,1.7748270552779735e-41,0.35999980919231234,1.9134305539768153e-07,0.6399999994646323,25,50,10
18,3254,1.4932289802716882e-41,0.3599998092149115,1.9133737990750137e-07,0.6399999994477086,25,50,10
18,3255,1.2270751203918816e-42,0.3599999999960927,7.548373669149197e-11,0.6399999999284235,25,50,10
18,3256,1.4671042035952705e-41,0.3599999999595535,4.936156215052547e-11,0.6399999999910849,25,50,10
18,3257,2.991589289092817e-36,0.3599999902019051,9.799210601817827e-09,0.6399999999988845,25,50,10
18,3258,2.94392808181875e-36,0.359999990242283,9.759174439252125e-09,0.6399999999985426,25,50,10
18,3259,2.71669243971591e-36,0.35999999755543544,2.446316882643586e-09,0.6399999999982477,25,50,10
18,3260,2.7166926965051127e-36,0.35999999994317233,5.807942732266306e-11,0.6399999999987483,25,50,10
18,3261,2.7167073659672588e-36,0.3599999999421034,1.0317601455184367e-10,0.6399999999547206,25,50,10
18,3262,2.5850040911852445e-43,0.35999980931413483,1.907071074385551e-07,0.6399999999787578,25,50,10
18,3263,7.003816023134917e-45,0.3599999998793883,1.2959968086286251e-10,0.6399999999910121,25,50,10
18,3264,1.1915317717358068e-38,0.35999999994123355,6.753082006369303e-11,0.6399999999912356,25,50,10
18,3265,3.226161049811999e-43,0.3599999999395313,9.465120282212107e-11,0.6399999999658175,25,50,10
18,3266,2.091184568912124e-40,0.3599891315237152,1.2437349546344927e-05,0.6399984311267384,25,50,10
18,3267,9.127599727659222e-44,0.3599999976540677,2.402538527271152e-09,0.6399999999433937,25,50,10
18,3268,6.973254550857181e-44,0.3599999999967705,4.001928564362065e-08,0.6399999599839438,25,50,10
18,3269,1.23325485402472e-42,0.35999999999387783,1.8454926624319312e-11,0.6399999999876672,25,50,10
18,3270,1.620330251796126e-42,0.35999999999213955,5.6489333333945815e-11,0.639999999951371,25,50,10
18,3271,1.8457032448083412e-34,0.359999606545816,3.934905010189898e-07,0.6399999999636828,25,50,10
18,3272,1.5603555269708622e-42,0.35999999987489745,1.2573246398777674e-10,0.6399999999993701,25,50,10
18,3273,6.140367847977768e-45,0.35999999999445365,1.431422675924458e-11,0.6399999999912321,25,50,10
18,3274,1.1547472586398905e-44,0.35999999649136866,3.509486467348848e-09,0.6399999999991448,25,50,10
18,3275,6.25353436207589e-45,0.35999999645122327,3.5500820688059517e-09,0.6399999999986946,25,50,10
18,3276,1.7556508526053911e-41,0.3599999999560716,1.4938607001409121e-09,0.6399999985500677,25,50,10
18,3277,1.7578310578342758e-41,0.35999999983360953,4.703468599308794e-06,0.6399952966977911,25,50,10
18,3278,1.7492790902645532e-41,0.3599999999964568,4.028269756616632e-11,0.6399999999632605,25,50,10
18,3279,2.8499703716963704e-43,0.3599998642434609,2.1831612489060552e-07,0.6399999174404143,25,50,10
18,3280,4.3545542563915406e-44,0.35999986101154513,1.38988774600583e-07,0.6399999999996802,25,50,10
18,3281,5.916023338250959e-43,0.35999985730114953,1.4270762987844163e-07,0.6399999999912206,25,50,10
18,3282,3.397693475159522e-43,0.3599998642444611,1.6426431168597615e-07,0.6399999714912272,25,50,10
18,3283,5.295393294934358e-44,0.359999997613566,2.386588387622348e-09,0.6399999999998457,25,50,10
18,3284,1.295242888295372e-35,0.35999999012348183,9.877104260096858e-09,0.639999999999414,25,50,10
18,3285,2.0905271879974037e-40,0.35999999987735765,4.0117764453583906e-08,0.6399999600048779,25,50,10
18,3286,2.093035837367152e-40,0.359999999822126,4.017300631944407e-08,0.6399999600048677,25,50,10
18,3287,5.461080172079453e-45,0.35999999987584164,1.2418949876798632e-10,0.6399999999999689,25,50,10
18,3288,1.0847476399304384e-44,0.3599999998112186,2.866224569378133e-08,0.6399999715265358,25,50,10
18,3289,1.50368675952599e-43,0.3599999999383208,6.191740822824271e-11,0.6399999999997619,25,50,10
18,3290,3.2855781982842043e-43,0.35999999982507747,2.0097060553317825e-10,0.639999999973952,25,50,10
18,3291,3.0731082187310053e-43,0.359999812372301,1.881532826025682e-07,0.6399999994744164,25,50,10
18,3292,6.951029163027019e-44,0.35999981244474566,1.8758098003871668e-07,0.6399999999742744,25,50,10
18,3293,1.7575916836997192e-41,0.3599998122506552,1.8777475689861526e-07,0.6399999999745879,25,50,10
18,3294,8.36184359088742e-40,0.35999999999492543,4.2792804912543414e-11,0.6399999999622819,25,50,10
18,3295,8.361841883787821e-40,0.35999999030122326,4.970623627933162e-08,0.6399999599925404,25,50,10
18,3296,1.7570771807566263e-41,0.35999944722204785,5.528232469638839e-07,0.6399999999547051,25,50,10
18,3297,1.7486429919824544e-41,0.35999944734223127,5.547010362405617e-07,0.6399999979567326,25,50,10
18,3298,1.7507837373405126e-41,0.3599994449606301,5.57073661013541e-07,0.6399999979657089,25,50,10
18,3299,2.8003028302460394e-43,0.35999999761829715,4.4155892751451196e-09,0.6399999979661135,25,50,10
18,3300,2.577637329977012e-43,0.35999999761827295,2.4058902659601756e-09,0.6399999999758368,25,50,10
18,3301,4.018705387555451e-39,0.3599996032081465,3.967920293252908e-07,0.6399999999998243,25,50,10
18,3302,3.2176113534675023e-41,0.35999999993823595,6.199865104746527e-11,0.6399999999997654,25,50,10
18,3303,1.4669730613923701e-41,0.3599999999991782,1.841920819362e-12,0.63999999999898,25,50,10
18,3304,4.3076409142462514e-44,0.35999999999697624,4.01112311890773e-11,0.6399999999629125,25,50,10
18,3305,6.436352407492467e-44,0.35999999999844084,4.021899010058662e-12,0.6399999999975374,25,50,10
18,3306,2.1531357598266236e-44,0.35999999999921006,1.62826105233184e-12,0.6399999999991618,25,50,10
18,3307,1.2209629248203052e-45,0.3599999999574112,6.89354990515517e-11,0.6399999999736534,25,50,10
18,3308,8.749076815216576e-41,0.35999999995741233,7.71005636064717e-10,0.639999999271582,25,50,10
18,3309,1.84571328795054e-34,0.35999979957671835,2.2893952986841936e-07,0.6399999714837519,25,50,10
18,3310,1.845713285389206e-34,0.3599998092139426,1.908327155922188e-07,0.6399999999533419,25,50,10
18,3311,4.774886773697532e-38,0.3599891291396798,1.087143235138154e-05,0.6399999994279688,25,50,10
18,3312,4.767879872636534e-38,0.3599891291397318,1.0870888295858986e-05,0.6399999999719724,25,50,10
18,3313,6.996219170167594e-41,0.35999999999695587,4.768827220118848e-12,0.6399999999982753,25,50,10
18,3314,7.07777974643488e-41,0.35999973539156843,2.666516085345127e-07,0.639999997956823,25,50,10
18,3315,7.02196436934794e-41,0.35999999982403885,1.7634887819220467e-10,0.6399999999996121,25,50,10
18,3316,6.982920445194174e-44,0.35999999982880154,1.7119919224184537e-10,0.6399999999999992,25,50,10
18,3317,6.997179163043e-41,0.3595631996878171,0.0004368003130581755,0.6399999999991247,25,50,10
18,3318,7.000462530374584e-41,0.35999944721848565,5.527823570468172e-07,0.6399999999991572,25,50,10
18,3319,5.687884241121666e-38,0.35999944387378313,5.561263937208521e-07,0.6399999999998232,25,50,10
18,3320,1.8452375709761326e-34,0.3593985011938823,0.0006015388458299784,0.6399999599602878,25,50,10
18,3321,8.534001487669668e-40,0.3594097392165605,0.0005902612917503939,0.6399999994916891,25,50,10
18,3322,8.536568371756488e-40,0.3599999964845317,4.023772352145511e-09,0.6399999994916961,25,50,10
18,3323,3.238960781136519e-36,0.35999979889697764,2.0162363821418109e-07,0.6399999994793844,25,50,10
18,3324,8.711391482295668e-40,0.35999980572535506,1.943195531500203e-07,0.6399999999550917,25,50,10
18,3325,1.049796538475857e-40,0.3599999963514772,3.212162330353015e-08,0.6399999715268995,25,50,10
18,3326,1.2963544748150834e-42,0.35999999999410276,2.84800632420236e-08,0.639999971525834,25,50,10
18,3327,1.524485254922857e-41,0.35999944717138177,6.206312163662179e-07,0.6399999321974019,25,50,10
18,3328,1.805030609531945e-41,0.35999980914327556,2.3024708959241796e-07,0.6399999606096348,25,50,10
18,3329,1.2952430752674498e-35,0.3599920727944563,7.966570352757603e-06,0.6399999606351909,25,50,10
18,3330,5.645897868652634e-45,0.3599922636426762,7.775686448688876e-06,0.6399999606708753,25,50,10
18,3331,1.514837927124391e-45,0.35998478153911334,1.5257790465189132e-05,0.6399999606704214,25,50,10
18,3332,7.025433347442441e-41,0.35999199196690895,8.04736281753552e-06,0.6399999606702736,25,50,10
18,3333,1.2281514424459661e-42,0.3599921276002047,7.91173769169192e-06,0.6399999606621036,25,50,10
18,3334,4.505339987544694e-45,0.359999864247904,8.936450035704045e-05,0.639910771251739,25,50,10
18,3335,4.7848460483010734e-46,0.359999993097258,6.902761633005432e-09,0.6399999999999804,25,50,10
18,3336,7.000491352983936e-41,0.35999999305542707,6.9452144920777216e-09,0.6399999999993584,25,50,10
18,3337,6.452753110292332e-44,0.3599999999998699,3.849763123391687e-11,0.6399999999616326,25,50,10
18,3338,8.508375964226651e-40,0.35999999999990434,1.3626132815273166e-12,0.639999999998733,25,50,10
18,3339,2.655155379844264e-47,0.3599999999998904,3.5954958948626593e-11,0.6399999999641546,25,50,10
18,3340,8.701512149256517e-46,0.3599999999916843,4.603358365587258e-11,0.6399999999622821,25,50,10
18,3341,5.092195547713296e-45,0.3599999901258714,9.887057922564822e-09,0.6399999999870707,25,50,10
18,3342,1.2542744960888941e-42,0.35999999999609456,1.761743806327658e-11,0.639999999986288,25,50,10
18,3343,2.1623300390836863e-44,0.35999999030100116,9.712600399500193e-09,0.6399999999863986,25,50,10
18,3344,1.2271365640859724e-42,0.3599999997147156,2.869764702236125e-10,0.639999999998308,25,50,10
18,3345,7.000472553958258e-41,0.3599999966517281,3.357911405120573e-09,0.6399999999903606,25,50,10
18,3346,6.435122597441368e-44,0.35999999999197985,3.364968054362982e-11,0.6399999999743705,25,50,10
18,3347,2.771569844347712e-42,0.35999207686720797,7.923195918678963e-06,0.6399999999368734,25,50,10
18,3348,1.5664329231744234e-42,0.359999813227277,1.867981362134223e-07,0.6399999999745869,25,50,10
18,3349,5.2122138605912394e-42,0.3599998132272619,1.867729112658937e-07,0.6399999999998269,25,50,10
18,3350,3.672848086505554e-42,0.3599999999432086,5.703435318169899e-11,0.6399999999997571,25,50,10
18,3351,2.459432774078448e-42,0.359999993419547,6.580465267776814e-09,0.6399999999999877,25,50,10
18,3352,8.561234241812518e-40,0.35999999765291785,2.3473111543673116e-09,0.6399999999997711,25,50,10
18,3353,9.966521202321914e-40,0.3599999999957306,5.6204751296409885e-08,0.639999943799518,25,50,10
18,3354,9.978790276559674e-40,0.35999999999366644,7.174229217183716e-10,0.6399999992889107,25,50,10
18,3355,9.978756664803198e-40,0.35999999995540144,8.051384308624704e-11,0.6399999999640847,25,50,10
18,3356,8.987312450824194e-39,0.3599999998678233,1.323415688839249e-10,0.639999999999835,25,50,10
18,3357,5.000722506364581e-39,0.35999999987502224,2.1944695843378997e-09,0.6399999979305082,25,50,10
18,3358,3.988074365573206e-39,0.3599999999177992,2.1873814094291228e-09,0.6399999978948193,25,50,10
18,3359,4.0577568266847345e-39,0.35999980923302133,1.9280173438016244e-07,0.6399999979652443,25,50,10
18,3360,6.994606618417335e-41,0.35999980931411074,1.906865729182136e-07,0.6399999999993164,25,50,10
18,3361,4.766133510673999e-38,0.35999999999675525,5.272347272311172e-10,0.6399999994760102,25,50,10
18,3362,1.7505144204399035e-46,0.35999999999782406,2.197670746215292e-12,0.6399999999999784,25,50,10
18,3363,4.3277988785600735e-42,0.3588278137638837,0.0011721862361689114,0.6399999999999474,25,50,10
18,3364,6.602019048583709e-44,0.3599999999581135,4.2373464195430384e-11,0.6399999999995131,25,50,10
18,3365,5.934650503764646e-45,0.3599999999997664,6.887256741985845e-13,0.6399999999995449,25,50,10
18,3366,1.254092645558427e-42,0.35999980921396707,1.9078603871645115e-07,0.6399999999999942,25,50,10
18,3367,9.966474900513291e-40,0.35999980914290947,1.9155876288340368e-07,0.6399999992983276,25,50,10
18,3368,3.71053347863438e-42,0.35999925653123227,7.441798735800234e-07,0.6399999992888943,25,50,10
18,3369,3.6719933861929403e-42,0.3599992566574445,7.43351561125702e-07,0.6399999999909943,25,50,10
18,3370,8.361711162383034e-40,0.35999925665749766,7.713416916507236e-07,0.6399999720008107,25,50,10
18,3371,8.367363369802706e-40,0.3599999861339392,2.321458868770495e-06,0.6399976924071921,25,50,10
18,3372,2.618888651025943e-43,0.35999997370559383,2.6319964275479336e-08,0.6399999999744419,25,50,10
18,3373,2.83808068034495e-43,0.35999999030114105,9.699020665503921e-09,0.6399999999998384,25,50,10
18,3374,1.1915579485948228e-38,0.33417632601814057,0.025823674684658435,0.639999999297201,25,50,10
18,3375,1.1915339912027194e-38,0.3341763234567657,0.025823677270310277,0.6399999992729242,25,50,10
18,3376,1.1916568109322782e-38,0.35999999720908377,3.9921166497746845e-09,0.6399999987987995,25,50,10
18,3377,1.1916893869154223e-38,0.359999997267722,4.3928822277638235e-08,0.6399999588034558,25,50,10
18,3378,3.311098685647695e-43,0.35999973193422913,3.0806201439802334e-07,0.6399999600037566,25,50,10
18,3379,3.4341723681874592e-43,0.3599997353593214,2.6464116923128883e-07,0.6399999999995094,25,50,10
18,3380,3.43247467966863e-43,0.35999999987816544,1.2317089963366658e-10,0.6399999999986637,25,50,10
18,3381,9.972862229670415e-40,0.3599999999420556,5.972340954830643e-11,0.6399999999982211,25,50,10
18,3382,1.8803717460031786e-41,0.35999999024549373,1.65668070363743e-07,0.639999844086436,25,50,10
18,3383,1.4744284759681443e-41,0.35999999989641795,1.1673542535192422e-07,0.6399998833681567,25,50,10
18,3384,3.3387669453662017e-41,0.3599996063914053,5.100391691705589e-07,0.6399998835694256,25,50,10
18,3385,1.7516707609820504e-41,0.35999960644837364,5.094825779788133e-07,0.6399998840690484,25,50,10
18,3386,6.995105452933719e-41,0.3599998607805457,1.392322185638977e-07,0.6399999999872357,25,50,10
18,3387,2.2730582992530278e-37,0.3599999965121625,5.53397188236427e-09,0.6399999979538655,25,50,10
18,3388,7.098251224169928e-45,0.3599999998920723,1.0814092227192786e-10,0.6399999999997867,25,50,10
18,3389,2.293153424113574e-44,0.35999999999199467,4.420706990972583e-11,0.6399999999637983,25,50,10
18,3390,3.499099044793181e-43,0.35999999993626325,7.316398522584126e-11,0.6399999999905727,25,50,10
18,3391,1.5565339022220793e-42,0.35999999981725106,2.0837420888740135e-10,0.6399999999743748,25,50,10
18,3392,2.724658721142441e-44,0.35999999329723786,6.7155910827311885e-09,0.639999999987171,25,50,10
18,3393,4.806417234802333e-46,0.35999999523362936,4.778893205923018e-09,0.6399999999874775,25,50,10
18,3394,5.761104847575446e-45,0.3599999999997609,4.8232555444570107e-11,0.6399999999520064,25,50,10
18,3395,4.864713251499843e-44,0.35999986424741254,1.3580120565266863e-07,0.6399999999513818,25,50,10
18,3396,7.116736547535917e-41,0.3599999997762888,2.7193207893598493e-10,0.639999999951779,25,50,10
18,3397,7.116968062654372e-41,0.3599999996948483,3.896866121024621e-08,0.6399999613364904,25,50,10
18,3398,1.2284896835613785e-42,0.35999999993915055,1.509171603132106e-09,0.6399999985516779,25,50,10
18,3399,1.2275237081091413e-42,0.35999999995528414,1.4927371046005782e-09,0.6399999985519789,25,50,10
18,3400,1.2271891222040902e-42,0.3599999999941105,1.453921890644748e-09,0.6399999985519677,25,50,10
18,3401,1.2281789311688568e-42,0.3599999999988271,9.952427536930413e-12,0.6399999999912205,25,50,10
18,3402,8.361672601575025e-40,0.35999999999991644,3.510492023574814e-11,0.6399999999649786,25,50,10
18,3403,1.4976834923261732e-41,0.3599999998298761,1.9998839879365433e-10,0.6399999999701355,25,50,10
18,3404,1.4669700413542317e-41,0.35999999999696614,2.058033307062814e-11,0.6399999999824537,25,50,10
18,3405,1.8031750257450838e-46,0.3599999999998895,8.885701669370537e-12,0.6399999999912248,25,50,10
18,3406,3.118379308223892e-43,0.3599999974470977,2.570614005768089e-09,0.6399999999822884,25,50,10
18,3407,6.904793653286943e-44,0.35999999982769226,2.2523598719655867e-10,0.6399999999470718,25,50,10
18,3408,1.3988991055591335e-43,0.3599999999958481,5.774135767267247e-11,0.6399999999464105,25,50,10
18,3409,3.728040646870122e-43,0.35999999665149857,3.409436963078496e-09,0.6399999999390645,25,50,10
18,3410,1.755099191829225e-41,0.3599999999967268,5.144745975904306e-11,0.6399999999518257,25,50,10
18,3411,1.287833259429096e-43,0.35999999999914495,6.918453842539017e-10,0.6399999993090097,25,50,10
18,3412,7.026726702566829e-41,0.35999999347778605,7.213792145796521e-09,0.6399999993084218,25,50,10
18,3413,3.2170196084596617e-43,0.35999999999496163,6.961932502056044e-10,0.6399999993088452,25,50,10
18,3414,1.2921163702835878e-42,0.3599999999930866,6.858584365291486e-10,0.639999999321055,25,50,10
18,3415,3.7371510293596176e-42,0.35999999999563526,1.3843574878038327e-09,0.6399999986200072,25,50,10
18,3416,3.988765092938807e-39,0.3599849232571657,1.5077444757689317e-05,0.6399999992980767,25,50,10
18,3417,7.363253828290644e-42,0.35999986407748014,1.759533185816698e-07,0.6399999599692013,25,50,10
18,3418,7.449527094673099e-45,0.35999999972928676,2.7948477301026855e-10,0.6399999999912285,25,50,10
18,3419,1.4671216396547595e-41,0.35999999999307747,4.2629777477437734e-11,0.6399999999642927,25,50,10
18,3420,9.639654644474993e-47,0.35999999999614496,4.631890745712901e-12,0.6399999999992232,25,50,10
18,3421,3.1216001501847687e-43,0.3599999998247965,1.7658914817851414e-10,0.6399999999986143,25,50,10
18,3422,5.859049429736704e-45,0.35999999715701414,2.8446526590653297e-09,0.6399999999983332,25,50,10
18,3423,6.519958594889722e-44,0.3599999903003864,1.1734720460701821e-08,0.6399999979648933,25,50,10
18,3424,2.59092311433735e-43,0.35999999990880627,1.0064190468476255e-10,0.6399999999905518,25,50,10
18,3425,2.581999801814362e-43,0.35999999999179955,2.0424900501409785e-09,0.6399999979657103,25,50,10
18,3426,3.732028220864296e-42,0.359999999994786,1.5680986585470794e-11,0.6399999999895329,25,50,10
18,3427,6.670235332076309e-46,0.3599999897468234,1.0275942013272927e-08,0.6399999999772346,25,50,10
18,3428,2.090455604329123e-40,0.35999999987369585,1.484613084979883e-10,0.6399999999778428,25,50,10
18,3429,6.169087713950744e-45,0.35999999987272213,1.3713612738883858e-10,0.6399999999901419,25,50,10
18,3430,1.7485244459159526e-41,0.35997758346741093,2.241654554293099e-05,0.6399999999870463,25,50,10
18,3431,1.0300347793714208e-39,0.3599775834225506,2.241657791271777e-05,0.6399999999995367,25,50,10
18,3432,1.2340365154789663e-42,0.3599775856930456,2.2415009154666897e-05,0.6399999992977997,25,50,10
18,3433,1.5345359417945206e-42,0.3599999997820254,2.5428301781165537e-10,0.6399999999636917,25,50,10
18,3434,7.11728704391759e-41,0.3599997351455811,2.648554980999947e-07,0.6399999999989209,25,50,10
18,3435,7.142976796058075e-41,0.3599997353149557,2.6469443483066537e-07,0.6399999999906094,25,50,10
18,3436,2.630454240616904e-43,0.3599999999164201,8.38121650230255e-11,0.6399999999997675,25,50,10
18,3437,2.627136008867701e-43,0.35999999757696843,2.4231948588817663e-09,0.6399999999998368,25,50,10
18,3438,2.5913802823233557e-43,0.359999999959483,4.0888750871489004e-11,0.6399999999996282,25,50,10
18,3439,8.447121187189495e-43,0.35999999739908134,2.6011037179652474e-09,0.6399999999998148,25,50,10
18,3440,6.999837635230769e-44,0.3599999976143556,2.386271158145016e-09,0.6399999999993732,25,50,10
18,3441,6.549666862407108e-44,0.35999999999383975,6.345863818482387e-12,0.6399999999998145,25,50,10
18,3442,8.683172363666098e-40,0.3599999934762924,6.5497713029533415e-09,0.6399999999739363,25,50,10
18,3443,8.36167299058429e-40,0.35999999347725237,6.523393301948306e-09,0.6399999999993544,25,50,10
18,3444,1.7580586316918933e-41,0.3599998573370368,1.426893671352656e-07,0.639999999973596,25,50,10
18,3445,9.635122635964388e-44,0.35999985717302296,1.4332683218043858e-07,0.6399999995001449,25,50,10
18,3446,1.1348100019478784e-43,0.3599998618460306,1.3815457769086832e-07,0.6399999999993917,25,50,10
18,3447,2.824987907808358e-44,0.3599999998838181,2.2797423633155172e-06,0.6399977203738185,25,50,10
18,3448,4.208244740742599e-32,0.3599999997994134,2.3497363805796764e-10,0.639999999965613,25,50,10
18,3449,4.2082447407420506e-32,0.35999999979939434,2.0140079015106482e-10,0.6399999999992049,25,50,10
18,3450,1.2930625732351847e-42,0.3599999999945065,3.1551822185910783e-11,0.6399999999739415,25,50,10
18,3451,1.2283143622464138e-42,0.35999999995441206,4.684536576137142e-11,0.6399999999987426,25,50,10
18,3452,1.2597402428767395e-42,0.35999944717398064,5.533095507567138e-07,0.6399999995164686,25,50,10
18,3453,1.5124298416605176e-42,0.3599994470038795,5.930172443542015e-07,0.639999959978876,25,50,10
18,3454,1.512067543443937e-42,0.3599994471779812,6.483619648101221e-07,0.639999904460054,25,50,10
18,3455,2.57549280484624e-43,0.3599999999989383,9.549491528759342e-08,0.6399999045061465,25,50,10
18,3456,4.68189763011911e-45,0.35999999987682285,1.2432614795605727e-10,0.639999999998851,25,50,10
18,3457,8.906862819554112e-47,0.35999999999887644,1.2999158598095242e-12,0.6399999999998238,25,50,10
18,3458,7.537096451106787e-44,0.35999999999183663,9.163313075765523e-12,0.6399999999990001,25,50,10
18,3459,7.06291714539213e-41,0.35999999971329893,3.110801188774319e-10,0.639999999975621,25,50,10
18,3460,4.678196146563712e-43,0.35999960399837916,4.346891740115471e-07,0.6399999613124469,25,50,10
18,3461,8.816406542400036e-43,0.3599996063815103,3.936191296198333e-07,0.6399999999993601,25,50,10
18,3462,1.7965331880390852e-42,0.35999999970530583,3.072234771235965e-10,0.6399999999874707,25,50,10
18,3463,2.586641364497546e-43,0.3599999998788107,1.712585780713818e-10,0.6399999999499307,25,50,10
18,3464,2.813253912354069e-43,0.35999999665456,3.3580888635276187e-09,0.639999999987351,25,50,10
18,3465,8.361642488681513e-40,0.35999999994053683,7.212048874008227e-11,0.6399999999873427,25,50,10
18,3466,8.361653784209528e-40,0.35999999999921056,8.410752276048354e-13,0.6399999999999484,25,50,10
18,3467,1.0890832164642832e-43,0.35999999999925153,1.4047494758471337e-12,0.6399999999993438,25,50,10
18,3468,3.229513209038253e-43,0.35999999965966467,2.8814700832462903e-08,0.6399999715256344,25,50,10
18,3469,6.440111043461582e-44,0.3599999998298188,1.7166061233542727e-10,0.6399999999985208,25,50,10
18,3470,7.000452353757987e-41,0.35999999999849264,2.4049130796824088e-11,0.6399999999774583,25,50,10
18,3471,9.238672245277558e-40,0.35999981565821954,1.8437225161281596e-07,0.6399999999695287,25,50,10
18,3472,6.79258084647653e-37,0.35999981565705413,1.8504654086263228e-07,0.639999999296405,25,50,10
18,3473,8.476450762909757e-41,0.35999999999466226,4.965055698386602e-11,0.6399999999556871,25,50,10
18,3474,3.9452111085598666e-46,0.35999999999464444,5.663550494318909e-12,0.639999999999692,25,50,10
18,3475,1.7748144676672312e-41,0.3599999999505238,1.2108093998304425e-10,0.6399999999283952,25,50,10
18,3476,3.52813984784565e-41,0.3599999966513315,3.384587047257117e-09,0.6399999999640814,25,50,10
18,3477,2.4463347549676472e-40,0.35999999665269017,3.4323125875592645e-09,0.6399999999149972,25,50,10
18,3478,3.0694282274904437e-43,0.3599999999528615,5.593654031535572e-10,0.6399999994877731,25,50,10
18,3479,6.994107517017936e-41,0.35999986420049235,1.3581267068696354e-07,0.6399999999868371,25,50,10
18,3480,1.2281627752307177e-42,0.3599999975747533,2.438633155329169e-09,0.6399999999866135,25,50,10
18,3481,4.723346453142319e-46,0.35999999988274267,1.174968387294982e-10,0.6399999999997605,25,50,10
18,3482,7.116766765697402e-41,0.3599999999967286,3.524030058095735e-12,0.6399999999997474,25,50,10
18,3483,7.024702812540818e-41,0.35999999743683325,2.5842435341609393e-09,0.6399999999789232,25,50,10
18,3484,8.667821098053126e-44,0.3599999997701479,2.424836621282913e-10,0.6399999999873685,25,50,10
18,3485,1.3559570866012356e-43,0.3599999998172899,1.9534015135431577e-10,0.6399999999873699,25,50,10
18,3486,1.3995129811157596e-40,0.359999806760474,1.9323953551166956e-07,0.6399999999999906,25,50,10
18,3487,7.111179838531176e-44,0.3599998091450298,1.9085500444986112e-07,0.6399999999999657,25,50,10
18,3488,7.033321394557806e-44,0.35999967322355453,3.282244738454767e-07,0.6399999985519718,25,50,10
18,3489,6.459613026019735e-44,0.3599999997086895,3.0857860715466635e-10,0.639999999982732,25,50,10
18,3490,3.2294526970017553e-43,0.3599998640784456,1.3594346560582423e-07,0.6399999999780889,25,50,10
18,3491,8.5395450135403e-40,0.3599999952005599,4.799907397368192e-09,0.6399999999995327,25,50,10
18,3492,8.367827783994452e-40,0.3599999998844626,2.2537611706744085e-09,0.6399999978617763,25,50,10
18,3493,8.539772037025614e-40,0.3599999998434123,8.47172503075085e-10,0.6399999993094151,25,50,10
18,3494,8.561019263188387e-40,0.3599999967628205,3.238079550000643e-09,0.6399999999991,25,50,10
18,3495,9.066178311379614e-40,0.3599999965548051,4.144997314739452e-09,0.6399999993001978,25,50,10
18,3496,9.100278970077644e-40,0.3599999902618623,1.0451067090383682e-08,0.6399999992870706,25,50,10
18,3497,3.925014817575431e-42,0.35999998327923277,1.6729707780642347e-08,0.6399999999910594,25,50,10
18,3498,2.171994210643719e-44,0.3599999901213778,9.879285507677509e-09,0.6399999999993368,25,50,10
18,3499,3.499052234963927e-43,0.35999999987162334,1.2900635516462915e-10,0.6399999999993703,25,50,10
18,3500,3.986611657381209e-39,0.359999999716879,3.072763867310532e-10,0.6399999999758446,25,50,10
18,3501,2.738579202885363e-42,0.3599999997190774,3.0516404447506553e-10,0.6399999999757586,25,50,10
18,3502,2.72139958060394e-42,0.35999944717860294,5.535474926134867e-07,0.6399999992739044,25,50,10
18,3503,7.143033155051168e-41,0.359999447175121,5.915093006468265e-07,0.6399999613155782,25,50,10
18,3504,1.5041758856028422e-42,0.3599998153702314,1.8467640165695505e-07,0.639999999953367,25,50,10
18,3505,2.675235375272347e-43,0.3599999997036876,3.4316709590197237e-10,0.6399999999531453,25,50,10
18,3506,5.902825887021251e-43,0.3599999888332781,1.1879824169645467e-08,0.6399999992868977,25,50,10
18,3507,4.766129288106051e-38,0.3599995996488141,4.0108015041898813e-07,0.6399999992710355,25,50,10
18,3508,4.208244755008097e-32,0.3599999930896994,7.601709606099603e-09,0.6399999993085911,25,50,10
18,3509,3.986611632669225e-39,0.3599994472975282,5.533815693771304e-07,0.6399999993209025,25,50,10
18,3510,1.5427066248677368e-42,0.359409377163628,0.0005906235270055365,0.6399999993093666,25,50,10
18,3511,6.255387153713059e-43,0.35999962828521964,3.724295470739415e-07,0.6399999992852333,25,50,10
18,3512,5.699518360537745e-43,0.3599996283270967,3.716741775439424e-07,0.6399999999987258,25,50,10
18,3513,4.313667289012407e-44,0.35999999999678123,1.451641605618986e-09,0.6399999985515773,25,50,10
18,3514,4.683861775334621e-45,0.35998913382159503,1.0867626224573608e-05,0.6399999985521805,25,50,10
18,3515,4.648646650724035e-45,0.3599891269189501,1.0873081639949989e-05,0.6399999999994099,25,50,10
18,3516,7.470975115023503e-44,0.35998912006318406,1.0962461166973427e-05,0.6399999174756489,25,50,10
18,3517,7.375855618341747e-44,0.359999992982893,7.026485356055754e-09,0.6399999999906215,25,50,10
18,3518,1.2315848321023089e-42,0.3599999903019194,9.706848512452288e-09,0.6399999999912321,25,50,10
18,3519,1.4844823532262574e-42,0.359999990262228,9.738714798037943e-09,0.6399999999990572,25,50,10
18,3520,1.8179530529126306e-42,0.35999985216737207,1.4784495928825796e-07,0.6399999999876687,25,50,10
18,3521,4.9163125647532046e-42,0.3599998618641244,1.3863541910415406e-07,0.6399999995004566,25,50,10
18,3522,9.966552720004588e-40,0.3599994472984163,5.532017483389137e-07,0.6399999994998354,25,50,10
18,3523,9.966486498133757e-40,0.35999999999333404,3.354409260491699e-11,0.639999999973122,25,50,10
18,3524,2.584998439823717e-43,0.3599998619441431,1.380948322558108e-07,0.6399999999610246,25,50,10
18,3525,1.7748991415562985e-41,0.3599998619427378,1.3805818970040734e-07,0.6399999999990726,25,50,10
18,3526,2.7274620604183796e-43,0.35999986420380686,1.358091579325576e-07,0.6399999999870353,25,50,10
18,3527,1.4952338259382676e-42,0.35999980927194686,1.9075290811903235e-07,0.6399999999751451,25,50,10
18,3528,2.8058491345178077e-44,0.35999960651189133,3.935258596630479e-07,0.639999999962249,25,50,10
18,3529,3.677797059638928e-42,0.3599999967044996,3.369513387366846e-09,0.639999999925987,25,50,10
18,3530,1.7500449437555333e-41,0.3599998629421862,1.3708339292552387e-07,0.6399999999744209,25,50,10
18,3531,2.5754827644106166e-43,0.3599994752022114,5.248356606714621e-07,0.639999999962128,25,50,10
18,3532,6.995042784108339e-41,0.35999999993979587,6.958370315588485e-11,0.6399999999906204,25,50,10
18,3533,1.6084781854021648e-42,0.3599999952753175,4.807449730982256e-09,0.6399999999172328,25,50,10
18,3534,7.02514524530459e-41,0.3599999998698307,8.41704431336576e-10,0.639999999288465,25,50,10
18,3535,4.5992131805829046e-45,0.35999999999994664,2.800887401866223e-08,0.6399999719911794,25,50,10
18,3536,5.686321059456629e-43,0.3599999999985155,2.8001371062829595e-08,0.6399999720001134,25,50,10
18,3537,2.590761847583636e-46,0.359999996654476,3.381250911008104e-09,0.639999999964273,25,50,10
18,3538,5.775779774657226e-45,0.35999999665452564,3.3936470722865164e-09,0.6399999999518272,25,50,10
18,3539,3.6732293322380305e-42,0.35999999999990145,1.4484871443709654e-09,0.6399999985516114,25,50,10
18,3540,5.4197517493649e-45,0.3599998069314557,1.9310513150150323e-07,0.6399999999634128,25,50,10
18,3541,8.993749456604009e-46,0.35999999523017545,4.7826102482598125e-09,0.6399999999872144,25,50,10
18,3542,6.446206142266365e-44,0.3599998044863,1.9900806005481826e-07,0.6399999965056399,25,50,10
18,3543,2.721641032096671e-44,0.3599998068690797,1.9662513685513746e-07,0.6399999965057834,25,50,10
18,3544,6.897767391174365e-44,0.35999999993157034,5.011257014413519e-09,0.6399999950571726,25,50,10
18,3545,7.338227664087032e-44,0.3599999999908755,3.50019725554077e-09,0.6399999965089272,25,50,10
18,3546,2.6616961504480043e-44,0.3599999999970466,1.4718493962641304e-09,0.6399999985311041,25,50,10
18,3547,1.2546846276336499e-42,0.3599999999976191,2.173296377310081e-09,0.6399999978290846,25,50,10
18,3548,1.8718360582230886e-41,0.3599999966506689,4.082067050202099e-09,0.6399999992672641,25,50,10
18,3549,8.38686203279456e-40,0.35999999987873116,6.387825366529621e-10,0.6399999994824864,25,50,10
18,3550,8.386699809177463e-40,0.35999999999729454,4.050677735435064e-08,0.639999959495928,25,50,10
18,3551,6.149827512836296e-45,0.35999999999993976,4.051934095539015e-08,0.6399999594807193,25,50,10
18,3552,5.814388747064307e-45,0.35999999304060987,4.815676598195199e-08,0.6399999588026242,25,50,10
18,3553,2.7206790797601507e-36,0.3599998155660743,1.8697717640176014e-07,0.6399999974567494,25,50,10
18,3554,2.71669246093478e-36,0.3599998586674015,1.4134250233898305e-07,0.6399999999900963,25,50,10
18,3555,2.7166936728576468e-36,0.3599999976548633,2.379372605960763e-09,0.6399999999657641,25,50,10
18,3556,8.715958693449218e-44,0.35999999765482493,2.37141942760717e-09,0.6399999999737557,25,50,10
18,3557,6.917762265139449e-45,0.3599999976182845,2.4292762712596284e-09,0.6399999999524394,25,50,10
18,3558,1.752241433535897e-41,0.344562372607564,0.015437627401793027,0.6399999999906432,25,50,10
18,3559,5.133413609589467e-44,0.35998492336852306,1.5078674500553935e-05,0.6399999979569764,25,50,10
18,3560,2.7116411278733016e-42,0.3599999999352113,5.735867560119456e-10,0.639999999491202,25,50,10
18,3561,1.6154040096707283e-41,0.35999999755957945,2.475526609860665e-09,0.639999999964894,25,50,10
18,3562,1.5901286527206982e-41,0.35999999999990734,5.262492144525986e-10,0.6399999994738436,25,50,10
18,3563,1.2318487284095159e-42,0.3599999999385014,7.444697579603848e-11,0.6399999999870517,25,50,10
18,3564,1.936344467428297e-46,0.35999999987300363,1.407806193747063e-10,0.6399999999862157,25,50,10
18,3565,5.5840669249678664e-45,0.35999980919184893,1.9370523676360865e-07,0.6399999971029143,25,50,10
18,3566,1.2327869714212674e-42,0.35999980442982243,3.115009573797551e-07,0.6399998840692203,25,50,10
18,3567,7.11730523958711e-41,0.3599998091313805,2.3087606444669792e-07,0.639999959992555,25,50,10
18,3568,9.061032645658817e-40,0.3599999999968533,1.4510975590377497e-09,0.6399999985520491,25,50,10
18,3569,2.101977923874708e-46,0.3599999999961935,1.273562815766719e-11,0.6399999999910708,25,50,10
18,3570,1.590190679647414e-38,0.3599999903033674,9.706249737513901e-09,0.6399999999903829,25,50,10
18,3571,5.959116236329912e-45,0.3599999999149147,9.402671231882693e-11,0.6399999999910585,25,50,10
18,3572,6.791731098382897e-37,0.3599998092309239,1.9080399282451036e-07,0.6399999999650832,25,50,10
18,3573,6.791731328563015e-37,0.35999986870794437,1.3130202184326436e-07,0.6399999999900339,25,50,10
18,3574,7.067819063943605e-45,0.3599999999398103,7.001764447077788e-11,0.6399999999901721,25,50,10
18,3575,1.8342557134078356e-41,0.3599999999390437,4.0094244541824987e-08,0.6399999599667119,25,50,10
18,3576,1.6223741288139308e-41,0.35999999993833337,1.7237021650593017e-10,0.6399999998892963,25,50,10
18,3577,5.2024569728620154e-43,0.3599994471691152,9.284858719746156e-05,0.6399077042436873,25,50,10
18,3578,1.519422094718213e-41,0.3599999998277426,5.522263505209119e-08,0.6399999449496223,25,50,10
18,3579,4.0015975668465197e-39,0.35999999982764636,5.522351414991853e-08,0.6399999449488395,25,50,10
18,3580,1.191531282886416e-38,0.3599999999969068,4.01144805639983e-08,0.6399999598886127,25,50,10
18,3581,7.026841048442573e-41,0.3599999976182818,4.366982414021955e-09,0.639999998014736,25,50,10
18,3582,7.002735069988549e-41,0.3599999998190533,2.1680752384025837e-09,0.6399999980128716,25,50,10
18,3583,1.132097040546286e-40,0.3445623726078611,0.015437629362122922,0.639999998030016,25,50,10
18,3584,8.461102324789257e-41,0.359999999829764,8.465100308856635e-08,0.639999915519233,25,50,10
18,3585,4.0748674872718185e-39,0.3599999997076911,1.1229687262416079e-07,0.6399998879954364,25,50,10
18,3586,4.0712097169958367e-39,0.35999999280504186,8.203307770204888e-09,0.6399999989916504,25,50,10
18,3587,6.99727273925249e-41,0.3599999973270933,3.3640014248284494e-09,0.6399999993089053,25,50,10
18,3588,8.617040688576152e-41,0.35999999966472596,3.9562911152390866e-10,0.639999999939645,25,50,10
18,3589,7.147436107056506e-41,0.3599999996311078,4.292479588491834e-10,0.6399999999396443,25,50,10
18,3590,8.865320336353718e-41,0.3599999999003851,1.5992439871484403e-10,0.6399999999396905,25,50,10
18,3591,5.782303982684094e-38,0.359999815521265,1.8449982282458404e-07,0.6399999999789122,25,50,10
18,3592,1.0141325558754e-39,0.3599998156040431,1.8440930939508275e-07,0.6399999999866476,25,50,10
18,3593,2.281406986394879e-37,0.3594099298949018,0.0005900701055583209,0.63999999999954,25,50,10
18,3594,6.89087952930845e-41,0.35940992988643444,0.000590070114547199,0.6399999999990184,25,50,10
18,3595,6.921813809516726e-41,0.35940973657785463,0.000590263446453194,0.6399999999756922,25,50,10
18,3596,1.845373139926256e-34,0.35940231903624026,0.0005976810258401905,0.6399999999379196,25,50,10
18,3597,1.8777521217360892e-34,0.3594023158568871,0.0005976841794257317,0.6399999999636872,25,50,10
18,3598,1.065573572457195e-39,0.3594095559688868,0.0005904440552719495,0.6399999999758412,25,50,10
18,3599,8.683224903649282e-40,0.35999999769765106,3.0165048962927796e-09,0.6399999992858442,25,50,10
18,3600,1.4735465692008274e-41,0.35999999982916114,8.72533255508985e-10,0.6399999992983056,25,50,10
18,3601,3.0580603348695557e-44,0.3599999998291378,1.8473070175023087e-10,0.6399999999861314,25,50,10
18,3602,1.8742460584957902e-41,0.35999944733822936,5.527007049782365e-07,0.6399999999610657,25,50,10
18,3603,5.433180362875002e-45,0.3599999999988814,3.960613542312488e-11,0.6399999999615125,25,50,10
18,3604,2.7908306485702274e-43,0.35999999999545657,4.043742864491955e-11,0.6399999999641061,25,50,10
18,3605,5.957169764544936e-43,0.3599999999973415,7.400299534986581e-10,0.6399999992626284,25,50,10
18,3606,3.231823722391539e-44,0.35999999999688387,3.586161483359951e-12,0.63999999999953,25,50,10
18,3607,8.361626696852849e-40,0.35996852286597153,3.147713420378107e-05,0.6399999999998247,25,50,10
18,3608,2.193923109233698e-44,0.35999999987729436,1.231623840406537e-10,0.6399999999995433,25,50,10
18,3609,3.382878070302043e-43,0.3599999997028264,3.061642836528994e-10,0.6399999999910093,25,50,10
18,3610,3.3405678904866792e-43,0.3599999998162639,1.928766089987733e-10,0.6399999999908595,25,50,10
18,3611,3.7587227596218574e-43,0.35999998689704066,1.5136838948538953e-08,0.6399999979661204,25,50,10
18,3612,4.849898892604638e-38,0.35999973539630503,2.6663849150873825e-07,0.6399999979652035,25,50,10
18,3613,8.551815681134826e-40,0.35999973539341384,2.646069731494262e-07,0.639999999999613,25,50,10
18,3614,2.6994759963352496e-44,0.35999999982019376,6.793352866338194e-10,0.6399999995004709,25,50,10
18,3615,1.7490357662098623e-41,0.35999967015979223,3.298525409181236e-07,0.6399999999876669,25,50,10
18,3616,5.38508856388911e-45,0.3599998642454489,2.516727961693703e-07,0.6399998840817549,25,50,10
18,3617,1.1503980782129246e-44,0.3599999903040139,1.1089065265450251e-08,0.6399999986069208,25,50,10
18,3618,1.0861697746453492e-43,0.3599998642051962,1.3716314875931054e-07,0.639999998631655,25,50,10
18,3619,1.2531432990360136e-42,0.359999864203802,1.3583517278410196e-07,0.6399999999610252,25,50,10
18,3620,1.2328317748252692e-42,0.35999999978730945,2.3067324392135862e-10,0.6399999999820174,25,50,10
18,3621,1.6272236177605772e-41,0.35999925665677907,7.440570192030419e-07,0.6399999992862019,25,50,10
18,3622,1.591823953719281e-41,0.35999999651369646,3.5237757113543926e-09,0.6399999999625278,25,50,10
18,3623,2.2097761005593442e-44,0.35999960638172057,3.936449383369383e-07,0.6399999999733411,25,50,10
18,3624,6.791717097489063e-37,0.35999999982755937,8.27323710713773e-08,0.6399999174400696,25,50,10
18,3625,6.7917173045293065e-37,0.35999999761755364,8.490682835430163e-08,0.6399999174756181,25,50,10
18,3626,3.276172051096515e-44,0.35999999017991685,3.879286295764697e-08,0.6399999710272202,25,50,10
18,3627,2.716692443673978e-36,0.35999999676491073,3.743601647531221e-09,0.6399999994914877,25,50,10
18,3628,4.794662950681532e-45,0.35999980596979286,9.249090954997306e-05,0.6399077031206573,25,50,10
18,3629,3.0690409933885715e-43,0.3599922612564112,7.738743830143685e-06,0.6399999999997587,25,50,10
18,3630,9.966534579556975e-40,0.3599999996598627,3.40166647284028e-10,0.6399999999999707,25,50,10
18,3631,2.238457889235488e-44,0.3599999999961586,4.301341462583532e-12,0.63999999999954,25,50,10
18,3632,2.1629260554128194e-44,0.3599999999971926,2.9071798989179955e-11,0.6399999999737356,25,50,10
18,3633,6.289182718258595e-46,0.35999999999211774,2.164041416001453e-11,0.6399999999862418,25,50,10
18,3634,3.718230232038348e-43,0.3599999943812594,5.668633730169211e-09,0.639999999950107,25,50,10
18,3635,1.5489030537652782e-34,0.35999999982372105,2.2822391423161604e-06,0.6399977179371367,25,50,10
18,3636,4.766126980072197e-38,0.35999999995810894,2.476000094541741e-09,0.639999997565891,25,50,10
18,3637,4.5066124573578706e-46,0.359968522504834,3.147749574048137e-05,0.6399999999994257,25,50,10
18,3638,7.414443178129064e-46,0.35999998998044086,1.004564830685904e-08,0.639999999973911,25,50,10
18,3639,5.7952668339435235e-46,0.35999999009941613,9.961672270702148e-09,0.6399999999389117,25,50,10
18,3640,5.591431939821203e-46,0.3599999902215585,9.7790780450719e-09,0.6399999999993635,25,50,10
18,3641,1.75495818127115e-41,0.35999999030289637,9.697126845916944e-09,0.6399999999999768,25,50,10
18,3642,6.56612783086763e-44,0.35999999030302293,9.710573150465e-09,0.639999999986404,25,50,10
18,3643,1.2253391164385788e-45,0.35999999030089974,9.700823233501196e-09,0.6399999999982771,25,50,10
18,3644,1.3331823098298647e-45,0.35999942782633026,5.721749761581451e-07,0.6399999999986936,25,50,10
18,3645,1.498185191418649e-41,0.3599988751685832,1.1248800155938163e-06,0.6399999999514012,25,50,10
18,3646,1.0385450010899942e-46,0.359999999703664,3.086682993647485e-10,0.6399999999876678,25,50,10
18,3647,8.625396631203716e-44,0.3599998641219947,1.358909641215373e-07,0.6399999999870413,25,50,10
18,3648,1.7580817790114012e-41,0.35999999981764963,1.8315052000355245e-10,0.6399999999991999,25,50,10
18,3649,1.2415418775152058e-39,0.35999999964562646,3.885244266666096e-10,0.6399999999658491,25,50,10
18,3650,2.0904076617816727e-40,0.3599999999375576,8.69076843011409e-11,0.6399999999755347,25,50,10
18,3651,2.090406720304963e-40,0.3599999999932525,7.834143058605793e-11,0.6399999999284061,25,50,10
18,3652,1.2203720801733834e-39,0.3599999966486219,3.375706920307876e-09,0.639999999975671,25,50,10
18,3653,1.2056940894722295e-39,0.3599999966516083,3.3492482805852154e-09,0.6399999999991435,25,50,10
18,3654,7.037083704791663e-44,0.3599999965283592,4.1506101866705635e-09,0.6399999993210306,25,50,10
18,3655,6.886215823768787e-44,0.3599999933031829,4.602779987961528e-08,0.6399999606690173,25,50,10
18,3656,1.5031477938461203e-43,0.35999973193126045,3.074074655960215e-07,0.639999960661274,25,50,10
18,3657,1.205757124632057e-39,0.3599999999374661,3.939322500195378e-08,0.6399999606693089,25,50,10
18,3658,5.801471230979585e-38,0.3599999998549101,3.947579117692826e-08,0.6399999606692988,25,50,10
18,3659,1.7748167967089764e-41,0.35999999993710746,7.666120671894779e-10,0.6399999992962804,25,50,10
18,3660,1.7791802172696723e-41,0.3599999999381533,7.401622933237352e-10,0.6399999993216844,25,50,10
18,3661,1.8803510014984527e-41,0.3599999997116427,2.3343477401347496e-09,0.6399999979540095,25,50,10
18,3662,1.534329456090566e-42,0.3599999998776069,1.4905019684772625e-09,0.6399999986318913,25,50,10
18,3663,1.4913654832517175e-42,0.35999999999411925,5.914316180392778e-12,0.6399999999999664,25,50,10
18,3664,7.149021359009133e-41,0.3599999999514643,4.8723518374628486e-11,0.6399999999998122,25,50,10
18,3665,3.083765857367794e-43,0.35999999999618815,3.837775249455583e-12,0.6399999999999741,25,50,10
18,3666,8.36471403068659e-40,0.3599999976114428,2.427166866053067e-09,0.6399999999613903,25,50,10
18,3667,7.335164316401332e-42,0.3599999999939548,4.000161315403779e-08,0.639999960004432,25,50,10
18,3668,8.826521198686019e-33,0.3599999998756106,9.701479895216041e-08,0.6399999031095905,25,50,10
18,3669,2.0904232724907103e-40,0.35999999999913257,2.673905832505677e-11,0.6399999999741285,25,50,10
18,3670,2.0910538147670766e-40,0.3599999999991572,1.9036158703230372e-11,0.6399999999818067,25,50,10
18,3671,6.996220447889296e-41,0.35999999982871456,1.967044862973878e-10,0.639999999974581,25,50,10
18,3672,1.2981926921246942e-38,0.3599999966526986,3.3483052604265203e-09,0.6399999999989961,25,50,10
18,3673,3.284718904154456e-43,0.3599998641917574,1.3580892589383595e-07,0.6399999999993167,25,50,10
18,3674,8.611554262035007e-44,0.3599999999988417,1.6229027942463417e-06,0.6399983770983643,25,50,10
18,3675,2.223490559289765e-44,0.35999986871089074,6.737532169413964e-06,0.6399933937569399,25,50,10
18,3676,2.289823245878105e-45,0.35998931231750453,1.0687682676238332e-05,0.6399999999998192,25,50,10
18,3677,1.191533980991314e-38,0.35998931452989696,1.0686160099937336e-05,0.6399999993100031,25,50,10
18,3678,2.255382482001233e-44,0.3599996063248813,3.9368793275444615e-07,0.6399999999871859,25,50,10
18,3679,2.622006429575545e-44,0.3599999998297711,1.713926496617147e-10,0.6399999999988364,25,50,10
18,3680,3.221675010758102e-43,0.35999999676301087,3.2380863868178918e-09,0.6399999999989028,25,50,10
18,3681,2.6686354118866858e-43,0.3599999966524422,3.3741236355387776e-09,0.6399999999734343,25,50,10
18,3682,1.8718097480556608e-41,0.3599999887732015,1.1710809773019478e-08,0.6399999995159886,25,50,10
18,3683,1.8712442138128544e-41,0.35999999341889116,8.03000555539135e-09,0.6399999985511035,25,50,10
18,3684,1.7742955737510658e-41,0.3599999966785255,4.7697269474825326e-09,0.6399999985517476,25,50,10
18,3685,1.7743541288993653e-41,0.35999999966684904,1.7939348365227747e-09,0.6399999985392162,25,50,10
18,3686,1.2918424459970452e-42,0.35999999995805887,1.4910413609993728e-09,0.6399999985508997,25,50,10
18,3687,7.01814539412401e-44,0.35999999987870285,1.729718112386e-10,0.6399999999483253,25,50,10
18,3688,3.9881881528923616e-39,0.35999999653063874,3.4956329378175916e-09,0.6399999999737284,25,50,10
18,3689,3.986590037400868e-39,0.3599999999971342,3.1006764641704283e-12,0.6399999999997651,25,50,10
18,3690,1.4669533111249148e-41,0.35999999976616054,2.3422737747044786e-10,0.6399999999996122,25,50,10
18,3691,4.001259514382554e-39,0.35999999993577647,7.662298881179945e-10,0.6399999992979936,25,50,10
18,3692,1.4669559621063924e-41,0.3599999998248524,8.769852735392309e-10,0.6399999992981623,25,50,10
18,3693,1.4957396999043088e-42,0.35999999983050346,8.7133495137575e-10,0.6399999992981615,25,50,10
18,3694,1.8016484724888202e-42,0.3599999975736292,3.1291651294611384e-09,0.6399999992972057,25,50,10
18,3695,3.1227599341583778e-43,0.3599999999570794,7.457138499544187e-10,0.6399999992972069,25,50,10
18,3696,2.1638547748724905e-44,0.35999999665458526,3.3461361039019257e-09,0.6399999999992787,25,50,10
18,3697,1.2486359610794547e-42,0.3599999965951232,3.4059876684174226e-09,0.6399999999988892,25,50,10
18,3698,1.867466186218219e-42,0.3599999902438346,9.757444341183702e-09,0.639999999998721,25,50,10
18,3699,2.879504957740992e-44,0.3599999998787959,1.6679858023437236e-10,0.6399999999544055,25,50,10
18,3700,1.2548038517802536e-42,0.3599999964180151,3.5830723251407245e-09,0.6399999999989128,25,50,10
18,3701,2.1929183390925246e-44,0.35999999659485965,3.4066481064395707e-09,0.6399999999984923,25,50,10
18,3702,2.305532906260758e-44,0.35999999982674297,2.0960981977520042e-10,0.6399999999636473,25,50,10
18,3703,3.2390943840716866e-36,0.3599993082423802,6.918278526183169e-07,0.6399999999297673,25,50,10
18,3704,3.2390946638722547e-36,0.35999911751675306,8.825364712826808e-07,0.6399999999467757,25,50,10
18,3705,1.833103243644216e-39,0.359999447171105,5.528504565779801e-07,0.6399999999784385,25,50,10
18,3706,2.7131584850589567e-44,0.35999999982897213,2.1905995729737628e-10,0.639999999951968,25,50,10
18,3707,9.848243920567015e-47,0.3599999999991934,3.796653557519647e-11,0.6399999999628401,25,50,10
18,3708,6.816108514555461e-45,0.3599999999130249,8.845502262224206e-11,0.6399999999985202,25,50,10
18,3709,6.512439003112542e-45,0.35999999991549814,8.577672824774399e-11,0.6399999999987253,25,50,10
18,3710,1.66012154414483e-45,0.35999999982975567,1.3841409273610345e-09,0.6399999987861034,25,50,10
18,3711,1.2500875094898063e-42,0.35999999728422977,3.928893920838911e-09,0.6399999987868762,25,50,10
18,3712,1.318166060487339e-42,0.3599999975753765,2.4246568944176327e-09,0.6399999999999665,25,50,10
18,3713,6.926914783338786e-44,0.3599999974553492,3.044201463215706e-09,0.6399999995004494,25,50,10
18,3714,6.924615902526822e-44,0.3599999998766995,1.493342932173169e-10,0.6399999999739662,25,50,10
18,3715,8.748972997262778e-41,0.3599999996498971,3.6245151718454734e-10,0.6399999999876512,25,50,10
18,3716,7.000469647790041e-41,0.35999999986169856,1.3874750031858356e-10,0.639999999999554,25,50,10
18,3717,1.9714400398178893e-46,0.359999999996907,3.1043053461662746e-12,0.6399999999999887,25,50,10
18,3718,6.7917677821947234e-37,0.3599999999969071,4.004575192042021e-08,0.6399999599573409,25,50,10
18,3719,8.536490008007546e-40,0.35999999755844514,4.244898992417895e-08,0.639999959992565,25,50,10
18,3720,4.004403944079197e-39,0.3599999952412621,4.479051547261355e-08,0.6399999599682225,25,50,10
18,3721,1.7769698833852786e-41,0.3599999997729698,4.072167000677988e-08,0.6399999595053603,25,50,10
18,3722,9.666307625990656e-44,0.3599999930972191,4.827510484937801e-08,0.6399999586276761,25,50,10
18,3723,2.8343680674358637e-43,0.3599999907148764,9.295032881092217e-09,0.6399999999900908,25,50,10
18,3724,5.856438830368889e-43,0.35999999761821533,2.3829377982578767e-09,0.6399999999988469,25,50,10
18,3725,5.861404874809553e-43,0.3599999999909045,1.0448884567409586e-11,0.6399999999986467,25,50,10
18,3726,2.4116483599352913e-44,0.3599775858446369,2.241419128390757e-05,0.6399999999640793,25,50,10
18,3727,6.452354341113606e-44,0.3599999999417325,7.367978125804377e-10,0.6399999993214697,25,50,10
18,3728,5.951107710787817e-45,0.35999999999837257,1.1799935466766138e-09,0.639999998821634,25,50,10
18,3729,1.4744273741370045e-41,0.35999999999771626,4.01345293286167e-11,0.6399999999621492,25,50,10
18,3730,2.7455845435742086e-44,0.35999999993543824,8.242440467847994e-11,0.6399999999821374,25,50,10
18,3731,1.2272113811455425e-42,0.35999999999590043,1.3328963897590543e-11,0.6399999999907705,25,50,10
18,3732,1.589679520082296e-41,0.3599999976111467,2.888855150151261e-09,0.6399999994999983,25,50,10
18,3733,1.5619897272538806e-42,0.3599999972154245,2.7856816968827988e-09,0.6399999999988938,25,50,10
18,3734,1.8838420806965737e-42,0.3599999950009851,3.253647444814348e-08,0.6399999724625405,25,50,10
18,3735,3.5450076865055627e-43,0.3599999973240989,3.024896491822026e-08,0.6399999724269362,25,50,10
18,3736,1.2581375284215511e-42,0.35999999434626956,6.355801997480727e-09,0.6399999992979284,25,50,10
18,3737,8.587226922894281e-41,0.3599999943493043,6.861430156359147e-09,0.6399999987892656,25,50,10
18,3738,1.715947299536916e-41,0.35999941017940756,5.905224920964824e-07,0.6399999992981004,25,50,10
18,3739,2.8582935889533285e-44,0.35999999656884135,3.465404332029574e-09,0.6399999999657543,25,50,10
18,3740,6.994064524746737e-41,0.3599996065506016,3.9344942715101544e-07,0.6399999999999713,25,50,10
18,3741,9.761079685171705e-40,0.35999960646834805,3.935408497430695e-07,0.6399999999908023,25,50,10
18,3742,8.374541045280817e-40,0.33123992186361645,0.02876007814589673,0.6399999999904867,25,50,10
18,3743,2.0910514400309523e-40,0.3312399217435133,0.028760078282508296,0.6399999999739784,25,50,10
18,3744,1.5897697827800475e-41,0.3599999997634478,6.606479690110143e-06,0.6399933937568622,25,50,10
18,3745,1.7436075252745258e-41,0.3595637525470961,0.000442853695531286,0.6399933937573725,25,50,10
18,3746,6.910891895470828e-37,0.3595637524109533,0.00044288183945277406,0.6399933657495939,25,50,10
18,3747,3.246757001324965e-41,0.3599999902612669,1.044124482016047e-08,0.6399999992974884,25,50,10
18,3748,3.2413062462242294e-41,0.3599999998788603,1.2194317076744243e-10,0.6399999999991965,25,50,10
18,3749,1.7742413664038442e-41,0.3599999999999972,6.958256348219772e-13,0.6399999999993069,25,50,10
18,3750,8.536488509565767e-40,0.3599999999992117,5.137033836169942e-10,0.639999999487085,25,50,10
18,3751,8.361638246168467e-40,0.35999999987807274,6.348364316274885e-10,0.6399999994870909,25,50,10
18,3752,5.610027530486466e-45,0.3599999998328935,1.1667722306287207e-09,0.6399999990003342,25,50,10
18,3753,5.853206653955793e-45,0.3599999998191187,2.128652829943512e-09,0.6399999980522285,25,50,10
18,3754,2.272356378325792e-37,0.35999999981515735,1.85222873274566e-10,0.6399999999996198,25,50,10
18,3755,2.2723564494042678e-37,0.3599999998767792,1.2387975796159413e-10,0.639999999999341,25,50,10
18,3756,1.245223365813976e-42,0.35999999995222676,4.8462453570092394e-11,0.6399999999993109,25,50,10
18,3757,9.981409415542107e-40,0.3599999999544157,4.649239779254209e-11,0.639999999999092,25,50,10
18,3758,1.0128061921498293e-39,0.35999999347335837,7.50076650224776e-09,0.6399999990258751,25,50,10
18,3759,1.4932623111538127e-41,0.35999999999780513,2.43293082783735e-09,0.639999997569264,25,50,10
18,3760,7.510220958988328e-41,0.35999999983768105,1.6107265840229188e-09,0.6399999985515924,25,50,10
18,3761,3.929341401058881e-42,0.359999606547645,3.9345318954115563e-07,0.6399999999991653,25,50,10
18,3762,5.680897699362936e-38,0.3599996042076599,3.957929960658249e-07,0.6399999999993441,25,50,10
18,3763,5.682480467833934e-38,0.35999999748387734,2.516757339963655e-09,0.6399999999993654,25,50,10
18,3764,5.704735397889667e-38,0.3599999976525896,3.38126945949666e-09,0.639999998966141,25,50,10
18,3765,2.2371507785802645e-40,0.35999999999921295,1.1700716613909017e-07,0.639999882993621,25,50,10
18,3766,2.2496533594794223e-40,0.3599999906688101,1.036656492200259e-08,0.639999998964625,25,50,10
18,3767,2.237536124120198e-40,0.35999999977117325,1.2032611809886472e-09,0.6399999990255657,25,50,10
18,3768,2.244829670295948e-40,0.344881817017952,0.015118183968795391,0.6399999990132528,25,50,10
18,3769,2.0980403270892445e-40,0.34488218851215213,0.015117812480057356,0.6399999990077905,25,50,10
18,3770,2.1726879096782017e-44,0.3599999965948461,4.11957072316589e-09,0.6399999992855832,25,50,10
18,3771,6.994027033037733e-41,0.3599999999566059,7.450676041480237e-10,0.6399999992983265,25,50,10
18,3772,4.537089695577147e-45,0.35999999999891413,1.4439198281538182e-07,0.6399998556091031,25,50,10
18,3773,8.361630335634846e-40,0.35999999982658126,1.740617559043628e-10,0.639999999999357,25,50,10
18,3774,6.127749748471269e-45,0.3599999995354511,4.6563983326792184e-10,0.6399999999989091,25,50,10
18,3775,6.616664642692098e-45,0.35999999981588515,1.933703967909108e-10,0.6399999999907444,25,50,10
18,3776,7.74542102007102e-45,0.35999999647457204,3.535103613739718e-09,0.6399999999903244,25,50,10
18,3777,2.09304931287764e-40,0.35999999994242293,5.857591120064718e-11,0.6399999999990011,25,50,10
18,3778,3.986622279365721e-39,0.3599893147039761,1.0685296403618795e-05,0.6399999999996204,25,50,10
18,3779,1.466974212562964e-41,0.3599999999997587,1.069159330977492e-12,0.6399999999991722,25,50,10
18,3780,5.680773280572616e-45,0.3599999903025504,9.697826529550833e-09,0.6399999999996231,25,50,10
18,3781,4.76759073010416e-38,0.3599999999998931,2.852501856748573e-08,0.6399999714750882,25,50,10
18,3782,3.6675815191610344e-42,0.3599999998767233,2.279717149821985e-06,0.6399977204061269,25,50,10
18,3783,3.067833916737395e-43,0.35999999993602944,2.2796589205437088e-06,0.6399977204050501,25,50,10
18,3784,3.2845744073483104e-43,0.3599999976101692,2.390644591526015e-09,0.6399999999991862,25,50,10
18,3785,3.271712888698279e-44,0.3599999998127687,1.97220405257097e-10,0.6399999999900109,25,50,10
18,3786,2.092997068393051e-40,0.35999999999471827,1.8990607265616295e-11,0.6399999999862911,25,50,10
18,3787,3.2406739283956302e-43,0.3599999999931076,3.2000143395764245e-11,0.6399999999748922,25,50,10
18,3788,3.9865923923676933e-39,0.3599999999520094,7.359734683567221e-10,0.6399999993120171,25,50,10
18,3789,3.9866664517332735e-39,0.3599999934367057,6.589172383131175e-09,0.6399999999741219,25,50,10
18,3790,2.8123374700383726e-44,0.3599999999990674,9.516728350436041e-13,0.6399999999999809,25,50,10
18,3791,1.8464509045292625e-42,0.35999999753483436,2.4651874532303837e-09,0.6399999999999783,25,50,10
18,3792,3.073089579237555e-43,0.35999944704140063,5.529587799464713e-07,0.6399999999998193,25,50,10
18,3793,2.284737061629701e-44,0.35999999303575064,6.247215245903205e-08,0.6399999444920969,25,50,10
18,3794,3.3942268209692676e-47,0.35999980235388407,1.9764665156627702e-07,0.6399999999994644,25,50,10
18,3795,4.701803706572212e-45,0.359999992858871,7.1669126489011675e-09,0.6399999999742164,25,50,10
18,3796,3.714419747031551e-43,0.3599999849924842,1.505771502224607e-08,0.6399999999498008,25,50,10
18,3797,1.2967838000184793e-42,0.35999999982786074,2.1003761177862542e-10,0.6399999999621017,25,50,10
18,3798,1.2990427292252744e-42,0.35999999999792465,1.4598951734296552e-11,0.6399999999874764,25,50,10
18,3799,3.948857805204052e-43,0.35999960655348084,3.9345925492592493e-07,0.6399999999872643,25,50,10
18,3800,9.966509678777703e-40,0.3599999903040465,9.731695942678903e-09,0.6399999999642576,25,50,10
18,3801,2.090418733126935e-40,0.3599999998224932,1.7864485663479996e-10,0.6399999999988619,25,50,10
18,3802,3.1426296314027623e-44,0.3599999974414001,2.5967914983521815e-09,0.6399999999618085,25,50,10
18,3803,1.5951644214791437e-44,0.3599775859049539,2.2414095868090067e-05,0.639999999999178,25,50,10
18,3804,3.4471657876314354e-43,0.359999993473009,6.527664364014452e-09,0.6399999999993267,25,50,10
18,3805,1.0014127526090705e-44,0.3599999934374924,6.5628834076918514e-09,0.6399999999996243,25,50,10
18,3806,9.966690846692607e-40,0.35999998056399435,4.790948064970812e-08,0.639999971526525,25,50,10
18,3807,9.966473477531606e-40,0.3599999903006836,9.699933590520836e-09,0.6399999999993827,25,50,10
18,3808,2.275017281180223e-44,0.3599999999999741,6.968498774599953e-13,0.639999999999329,25,50,10
18,3809,1.7551085487511285e-41,0.3599999998825314,1.187861290878705e-10,0.6399999999986825,25,50,10
18,3810,6.994032927343623e-41,0.35999999426631163,7.769120591441323e-09,0.6399999979645679,25,50,10
18,3811,7.360803366212325e-41,0.3599999873248425,1.2712266609403507e-08,0.6399999999628909,25,50,10
18,3812,3.926272644660102e-43,0.35999999749888123,2.5396419011063494e-09,0.6399999999614768,25,50,10
18,3813,3.2981734058097267e-43,0.359999999897336,1.2669082870042513e-10,0.6399999999759732,25,50,10
18,3814,7.393008283122961e-45,0.35999999995191784,2.7596726553183845e-08,0.6399999724513556,25,50,10
18,3815,5.77803786489183e-45,0.35999999978494057,2.271836650914647e-10,0.6399999999878757,25,50,10
18,3816,1.2282621944218372e-42,0.35999999972537877,2.754827622651968e-10,0.6399999999991386,25,50,10
18,3817,2.917019900031291e-44,0.35999999999509746,5.2805976438908465e-12,0.6399999999996219,25,50,10
18,3818,5.680871454232807e-38,0.3599998573442225,1.426565795911115e-07,0.6399999999991979,25,50,10
18,3819,1.59915223226154e-42,0.3599893147600601,1.068594226715501e-05,0.6399999992976728,25,50,10
18,3820,3.134236450060563e-43,0.35999999653840703,3.4618351021770854e-09,0.639999999999758,25,50,10
18,3821,1.4388601253475826e-46,0.3599999997703501,4.023773552344617e-08,0.6399999599919145,25,50,10
18,3822,1.2576951222609029e-42,0.3599999998226914,2.2744158459021125e-09,0.6399999979028929,25,50,10
18,3823,1.1929992980400922e-38,0.35999999982375397,2.722398107486022e-09,0.639999997453848,25,50,10
18,3824,1.1915327692475118e-38,0.35999999988343817,1.1679123711154864e-10,0.6399999999997706,25,50,10
18,3825,2.2100169390329978e-44,0.3599999997730415,2.626654045567451e-10,0.6399999999642931,25,50,10
18,3826,2.090668183539308e-40,0.35999999995438436,1.4132871377434543e-09,0.6399999986323286,25,50,10
18,3827,2.0911492152679656e-40,0.3599999997689162,2.3133392257138958e-10,0.6399999999997498,25,50,10
18,3828,3.810956451212417e-42,0.35999979938748966,0.00025200397583644734,0.6397481966366739,25,50,10
18,3829,1.2968347366413027e-42,0.3599998069335611,3.0898425781155586e-07,0.6399998840821811,25,50,10
18,3830,1.4676130135126413e-41,0.3599998093144021,3.06603867651579e-07,0.6399998840817301,25,50,10
18,3831,1.2596604503957183e-42,0.3599999999981782,2.0356523174069465e-09,0.6399999979661694,25,50,10
18,3832,1.5485230754469492e-34,0.3599999998779894,1.6019104438137325e-10,0.6399999999618196,25,50,10
18,3833,8.386454278468656e-40,0.35999999987867093,1.222530920083059e-10,0.639999999999076,25,50,10
18,3834,8.361900853330404e-40,0.35999999987548664,1.9756069473989304e-10,0.6399999999269527,25,50,10
18,3835,7.027448276788183e-41,0.3599999996442248,4.276041638248691e-10,0.639999999928171,25,50,10
18,3836,7.031796570413763e-41,0.35998913351115375,1.0866560223895063e-05,0.6399999999286223,25,50,10
18,3837,1.4355537458353747e-40,0.35999999981550806,1.8471916180565875e-10,0.6399999999997728,25,50,10
18,3838,1.3990744716333237e-40,0.35999999989494297,1.2572139317605482e-10,0.6399999999793357,25,50,10
18,3839,6.4044583065562286e-43,0.359989495553438,1.0504447031450751e-05,0.6399999999995305,25,50,10
18,3840,2.655812055601753e-47,0.35999999999992405,5.607490135107984e-13,0.6399999999995153,25,50,10
18,3841,5.3819438344017935e-45,0.3599999966515618,3.3490912807632164e-09,0.6399999999993469,25,50,10
18,3842,4.637224433005297e-47,0.35999999999574805,5.318240900386347e-12,0.6399999999989336,25,50,10
18,3843,2.2011413714967708e-44,0.35999999999990406,8.252411992028495e-08,0.6399999174759761,25,50,10
18,3844,2.4183804242402803e-44,0.3599999999966987,7.684960682419015e-11,0.6399999999264518,25,50,10
18,3845,1.0309193515925771e-44,0.3599999964823949,3.517609494658953e-09,0.6399999999999957,25,50,10
18,3846,2.716707219329219e-36,0.35999999999372584,4.000138817697648e-08,0.639999960004886,25,50,10
18,3847,1.7496082864221205e-41,0.35999999999578214,1.5958823215335083e-06,0.6399984041218963,25,50,10
18,3848,3.564004485059428e-43,0.3599999967062643,3.176789212904485e-08,0.6399999715258436,25,50,10
18,3849,1.468514071287264e-41,0.3599999999967428,2.848498224015793e-08,0.639999971518275,25,50,10
18,3850,3.974142620582686e-42,0.3599999953578095,3.311605944301995e-08,0.6399999715261311,25,50,10
18,3851,1.747290218504538e-41,0.3599685158412366,3.151264480481666e-05,0.6399999715139587,25,50,10
18,3852,1.8698320573380016e-41,0.35996851596263235,3.151254031059266e-05,0.639999971497057,25,50,10
18,3853,2.0015721227507387e-41,0.35996852286341474,3.147783841444166e-05,0.6399999992981709,25,50,10
18,3854,2.1178548736009247e-41,0.35996852269409624,3.1479353112951756e-05,0.6399999979527908,25,50,10
18,3855,1.8719845671780503e-41,0.3599685129989858,3.151547411668169e-05,0.6399999715268975,25,50,10
18,3856,1.2290325273257447e-42,0.3599999999921754,2.8481997806801694e-08,0.6399999715258268,25,50,10
18,3857,6.121510535330984e-42,0.3599999999941184,2.8962258982422886e-08,0.6399999710436226,25,50,10
18,3858,7.335596908164406e-42,0.35999999995713194,5.266109388602891e-10,0.6399999995162572,25,50,10
18,3859,2.73676828620288e-44,0.35999999653348186,3.4672028389298066e-09,0.6399999999993152,25,50,10
18,3860,5.686818954928482e-38,0.3599922567372994,7.743263171630394e-06,0.6399999999995291,25,50,10
18,3861,7.024770688712521e-41,0.35999998619289914,1.3807118655574975e-08,0.6399999999999822,25,50,10
18,3862,3.0714203320015728e-43,0.3599998085879109,1.9141269184505254e-07,0.6399999999993972,25,50,10
18,3863,3.711029711167016e-43,0.3599999999959182,4.0864409881486274e-12,0.6399999999999954,25,50,10
18,3864,3.733965467006411e-43,0.3599999999982343,1.3899112835457509e-11,0.6399999999878667,25,50,10
18,3865,4.004057772647614e-39,0.35999981554158056,1.8447069888126854e-07,0.6399999999877205,25,50,10
18,3866,4.00775136828215e-39,0.35956356788174615,0.00043643212784991197,0.6399999999904038,25,50,10
18,3867,4.005353740817503e-39,0.3595635681321717,0.00043643186820623367,0.6399999999996219,25,50,10
18,3868,5.469685094161623e-45,0.35999999999885984,1.6088438736083874e-12,0.6399999999995313,25,50,10
18,3869,1.2290776377781013e-42,0.3595637492422734,0.00043625079389931766,0.6399999999638275,25,50,10
18,3870,1.2235482292394398e-42,0.3595637525485566,0.00043624747611348117,0.63999999997533,25,50,10
18,3871,1.2235660339185572e-42,0.35956375254856143,0.0004362474522399429,0.6399999999991988,25,50,10
18,3872,3.2576781828931213e-44,0.3599999930525016,6.960610692136319e-09,0.6399999999868877,25,50,10
18,3873,1.7490057610431268e-41,0.3599999932483793,6.7778036648986005e-09,0.6399999999738171,25,50,10
18,3874,9.966477044910466e-40,0.3599999999361797,1.375816884149559e-10,0.6399999999262387,25,50,10
18,3875,1.7791994033887753e-41,0.35999999732908927,2.6837550976952258e-09,0.6399999999871556,25,50,10
18,3876,1.620273704878489e-42,0.35999999749775086,2.526914975485893e-09,0.6399999999753343,25,50,10
18,3877,1.2536943517569733e-42,0.3599999976128278,1.2635397453660835e-07,0.6399998760331976,25,50,10
18,3878,2.0152068671920195e-46,0.3599999998276311,1.6333372409854291e-09,0.6399999985390318,25,50,10
18,3879,3.0685171742798858e-43,0.35999999999810695,1.4505585272843432e-09,0.6399999985513346,25,50,10
18,3880,1.2304845320493436e-45,0.35999999999510324,5.551613182533437e-12,0.6399999999993452,25,50,10
18,3881,2.2832160166296634e-44,0.35999999987586034,1.258709206977078e-10,0.6399999999982687,25,50,10
18,3882,3.986595888911232e-39,0.3599999998239656,2.4653140897585543e-10,0.639999999929503,25,50,10
18,3883,4.879768242679056e-44,0.3599999930972156,6.932214186438032e-09,0.6399999999705702,25,50,10
18,3884,3.0653085511199165e-43,0.35999999994115,8.045572731580632e-11,0.6399999999783943,25,50,10
18,3885,2.8059039227013478e-43,0.3599999999412343,9.747955175194948e-11,0.6399999999612861,25,50,10
18,3886,1.8609793636979992e-45,0.359999999999217,7.032978815572553e-10,0.6399999992974852,25,50,10
18,3887,1.2505727068994385e-42,0.3599922634718597,7.737230267207556e-06,0.6399999992978732,25,50,10
18,3888,1.469838063555409e-41,0.3599922633023851,7.819257555244473e-06,0.6399999174400596,25,50,10
18,3889,5.682364191275283e-38,0.35999999993496123,1.7493714448244607e-09,0.6399999983156672,25,50,10
18,3890,1.7385825088449558e-47,0.3599999998269737,1.8606989186904198e-09,0.6399999983123273,25,50,10
18,3891,3.667468029051904e-42,0.359999999904862,3.974230237074688e-08,0.6399999603528356,25,50,10
18,3892,1.468393487197915e-41,0.3599999999989315,1.5186071711305096e-11,0.6399999999858824,25,50,10
18,3893,4.618427644608962e-45,0.3599999976123202,2.400642135585139e-09,0.6399999999870377,25,50,10
18,3894,7.000612517460458e-41,0.35999999656994797,3.4436554444346414e-09,0.6399999999863966,25,50,10
18,3895,9.966495107749103e-40,0.35999985734301476,1.426701404985553e-07,0.6399999999868448,25,50,10
18,3896,1.0520610997305164e-32,0.35999999660925736,4.093669810649928e-09,0.6399999992970729,25,50,10
18,3897,2.589951630785143e-43,0.3599999999963029,5.037005723508104e-10,0.6399999994999965,25,50,10
18,3898,2.7891731389817415e-43,0.3599999930971763,6.903374820856217e-09,0.6399999999994488,25,50,10
18,3899,2.8154606663569247e-43,0.35999999999846255,4.003348153243634e-08,0.6399999599680559,25,50,10
18,3900,1.2324236406863761e-45,0.3599999999977312,2.505042308013205e-12,0.6399999999997639,25,50,10
18,3901,2.09040677950888e-40,0.3599999999967738,6.82192988711235e-10,0.6399999993210332,25,50,10
18,3902,5.913298249972895e-45,0.3599999998267407,2.0937414280342742e-10,0.6399999999638852,25,50,10
18,3903,4.5943313671603987e-45,0.3599999998256461,2.102704634737324e-10,0.6399999999640834,25,50,10
18,3904,9.969495922728034e-40,0.3599998091450226,1.913904117913047e-07,0.6399999994645656,25,50,10
18,3905,3.238107434834187e-36,0.35999998980451653,1.0714066338883035e-08,0.6399999994814172,25,50,10
18,3906,1.780672970068444e-45,0.35999999999562193,5.698668651516037e-08,0.6399999430176915,25,50,10
18,3907,1.227301758510864e-45,0.35999998792027865,1.2079735849821776e-08,0.6399999999999855,25,50,10
18,3908,1.2948912193875812e-35,0.3599891338684808,1.0866631054095863e-05,0.639999999500465,25,50,10
18,3909,5.541865443258985e-45,0.35999999309730063,7.6049798370053e-09,0.6399999992977196,25,50,10
18,3910,2.1795111134910574e-44,0.35999999676231825,3.2384940526747887e-09,0.6399999999991877,25,50,10
18,3911,3.689297574875443e-44,0.3599999975523597,2.4957976789979625e-09,0.6399999999518426,25,50,10
18,3912,1.295243076420457e-35,0.3599999999499141,5.008680750212957e-11,0.639999999999999,25,50,10
18,3913,1.1461017824312743e-45,0.35999999991344767,8.715704807671847e-11,0.6399999999993953,25,50,10
18,3914,1.8336917268384703e-41,0.3599999999522467,4.818888929498688e-11,0.6399999999995644,25,50,10
18,3915,1.4674073005047626e-41,0.35999999989654086,1.2907536019090276e-10,0.6399999999743838,25,50,10
18,3916,3.2180728070231914e-41,0.3599999900184864,1.0007575160450789e-08,0.6399999999739384,25,50,10
18,3917,1.4744428152018708e-41,0.35999998340043227,1.663672484630619e-08,0.6399999999628428,25,50,10
18,3918,5.426082359273254e-44,0.3599999998741945,1.3959906290288057e-10,0.6399999999862065,25,50,10
18,3919,5.38374408346543e-44,0.35999999335424265,7.368734925224025e-09,0.6399999992770223,25,50,10
18,3920,3.4452076158036428e-43,0.3599999997037669,1.0112708285460342e-09,0.6399999992849623,25,50,10
18,3921,6.600015170358811e-45,0.3599994471700778,5.528307750926355e-07,0.6399999999991473,25,50,10
18,3922,2.0904075763929503e-40,0.3599999999984664,1.7022873063254712e-12,0.6399999999998314,25,50,10
18,3923,2.0904206749494324e-40,0.3599999999970506,4.1445869862936666e-08,0.6399999585570796,25,50,10
18,3924,1.0821059972296569e-44,0.3599999965937829,4.4849321579341975e-08,0.6399999585568955,25,50,10
18,3925,1.2979043603484992e-42,0.35999999291609497,4.7079209409410614e-08,0.6399999600046955,25,50,10
18,3926,1.598478833824337e-42,0.35999999309730923,4.689875717325178e-08,0.6399999600039337,25,50,10
18,3927,3.126293350936892e-43,0.3599999910558789,8.97077204423587e-09,0.6399999999733491,25,50,10
18,3928,3.767165018917763e-43,0.35999999342054445,6.643296776360968e-09,0.6399999999361587,25,50,10
18,3929,7.032206045238854e-41,0.35999999964679397,3.7971053181503554e-10,0.6399999999734954,25,50,10
18,3930,2.683052537933056e-43,0.35999986418886615,1.358205597749645e-07,0.6399999999905741,25,50,10
18,3931,2.682436379433772e-43,0.35999999989844383,1.1054002369577036e-10,0.6399999999910162,25,50,10
18,3932,3.0727354181851124e-43,0.3599999999574649,4.290908101031201e-11,0.6399999999996261,25,50,10
18,3933,3.0678187299931062e-43,0.35999999999910537,1.0698081586444657e-12,0.6399999999998248,25,50,10
18,3934,6.791744064838976e-37,0.3599999930973335,6.940080811486921e-09,0.6399999999625858,25,50,10
18,3935,8.361671763624669e-40,0.3599999999948267,6.68990842157697e-11,0.6399999999382743,25,50,10
18,3936,8.361627401852649e-40,0.3599999997602368,3.0115500292079447e-10,0.6399999999386082,25,50,10
18,3937,4.9173447806255656e-45,0.3599999903039906,9.696347884836151e-09,0.6399999999996615,25,50,10
18,3938,2.5775446492538834e-43,0.3599998069303824,1.9356917356247172e-07,0.6399999995004442,25,50,10
18,3939,5.002666991280402e-46,0.3599999999960594,2.8730928180218134e-11,0.6399999999752096,25,50,10
18,3940,3.136597802650018e-43,0.3599999902044808,1.0295234623265936e-08,0.6399999995002845,25,50,10
18,3941,3.0714097461191893e-43,0.3599999999560532,4.396967867589973e-11,0.6399999999999771,25,50,10
18,3942,7.024704565005096e-41,0.35999999757447226,2.4255282338321017e-09,0.6399999999999995,25,50,10
18,3943,7.024705083629839e-41,0.3599999930116893,6.9883114834625936e-09,0.6399999999999992,25,50,10
18,3944,8.749494821146481e-41,0.3599995927055448,4.077948101854379e-07,0.6399999994996449,25,50,10
18,3945,1.3989190939130474e-40,0.35999999303507374,6.965591609566724e-09,0.6399999999993345,25,50,10
18,3946,9.061083262248657e-40,0.3599999999958776,4.508167751300983e-12,0.6399999999996142,25,50,10
18,3947,1.1505194926372585e-46,0.3599999998298429,1.7894418706154963e-10,0.639999999991213,25,50,10
18,3948,1.2436073666214343e-45,0.35999999982612535,1.830187552195904e-10,0.639999999990856,25,50,10
18,3949,3.80992183264654e-46,0.3599999999981804,4.6722520397347396e-11,0.6399999999550972,25,50,10
18,3950,1.2952430027666704e-35,0.359999997692581,2.333070104128584e-09,0.6399999999743489,25,50,10
18,3951,6.056409902119069e-45,0.35999986424648717,1.3576249158821737e-07,0.6399999999910213,25,50,10
18,3952,7.382884273802905e-34,0.35999985734221324,1.426686654530957e-07,0.6399999999891213,25,50,10
18,3953,2.2035725084341396e-44,0.3599998641202348,1.3588022605821522e-07,0.6399999999995393,25,50,10
18,3954,5.862312734074947e-45,0.35999986412164536,1.3587985350500972e-07,0.6399999999985012,25,50,10
18,3955,2.2723589117857963e-37,0.35999999995317095,5.561116556733763e-11,0.6399999999912179,25,50,10
18,3956,2.272356328633632e-37,0.3599999999472028,9.746590980858016e-11,0.6399999999553314,25,50,10
18,3957,2.553845037565942e-46,0.3599999999932064,8.257504032704251e-08,0.6399999174317531,25,50,10
18,3958,3.986617517030918e-39,0.3599999999310877,4.006425366977327e-08,0.6399999600046585,25,50,10
18,3959,2.2753409708186997e-44,0.359999992922068,7.1033575420032296e-09,0.6399999999745745,25,50,10
18,3960,1.648655044851496e-47,0.35999999292720886,7.081285949915131e-09,0.6399999999915051,25,50,10
18,3961,2.586699202840371e-43,0.35999999752756395,2.4816438371001946e-09,0.6399999999907923,25,50,10
18,3962,5.653282589803736e-43,0.3599999998290414,1.7181474679399197e-10,0.6399999999991438,25,50,10
18,3963,1.7912582777922714e-42,0.3599998640754059,1.3593753815783268e-07,0.6399999999870559,25,50,10
18,3964,5.682480416866671e-38,0.3599998639959583,1.7533318020769488e-07,0.6399999606708616,25,50,10
18,3965,2.4545397305189072e-42,0.3599999999982055,1.4261619719140554e-11,0.639999999987533,25,50,10
18,3966,1.8712549039719193e-41,0.35999999665065974,3.358329375242003e-09,0.6399999999910109,25,50,10
18,3967,5.197228125062197e-43,0.3599999999951294,7.408708520726529e-10,0.6399999992639999,25,50,10
18,3968,3.972710401134823e-42,0.35999999999382326,5.148149618344271e-10,0.6399999994913617,25,50,10
18,3969,3.9958417470691214e-42,0.35999999993916093,2.8542725772008547e-08,0.6399999715181134,25,50,10
18,3970,2.277612998746639e-44,0.35999999993919585,6.083272060999356e-11,0.6399999999999715,25,50,10
18,3971,8.460948776620234e-41,0.35999944254089605,5.594929906794325e-07,0.6399999979661133,25,50,10
18,3972,1.4670167955348125e-41,0.359999994214123,5.785889331527083e-09,0.6399999999999877,25,50,10
18,3973,5.65246334494993e-43,0.3599999902983154,9.711086145858246e-09,0.6399999999905985,25,50,10
18,3974,6.436261901049557e-44,0.3599999902622581,9.73776046359538e-09,0.6399999999999815,25,50,10
18,3975,3.726986231919125e-43,0.3599999997704203,2.556289191869366e-10,0.6399999999739507,25,50,10
18,3976,7.020046196333543e-44,0.35999999987783254,1.2241280047631658e-10,0.6399999999997547,25,50,10
18,3977,7.464467321646e-44,0.35999999987639053,7.808033005779941e-08,0.6399999220432795,25,50,10
18,3978,4.5631956168859244e-45,0.3599999999970008,7.79595029792144e-08,0.6399999220434962,25,50,10
18,3979,2.697030330230302e-43,0.3599999999967164,7.9327462300951e-08,0.6399999206758213,25,50,10
18,3980,2.6278125521111668e-43,0.3595637456869804,0.0004362543142940266,0.6399999999987256,25,50,10
18,3981,1.6040845805846642e-45,0.3599999999395089,6.180529570707142e-11,0.6399999999986858,25,50,10
18,3982,3.986401721355774e-39,0.3599923947007186,7.632825807276325e-06,0.6399999724734741,25,50,10
18,3983,3.9867080594480914e-39,0.35999239458021237,7.636427726732774e-06,0.6399999689920609,25,50,10
18,3984,2.429912572009299e-40,0.3599999998719974,1.5379156394365113e-10,0.6399999999742111,25,50,10
18,3985,2.1029410548582195e-40,0.35999999648061193,3.545182288156625e-09,0.6399999999742058,25,50,10
18,3986,2.0904075807550645e-40,0.3599999999998208,2.5590250613013966e-11,0.639999999974589,25,50,10
18,3987,2.2723339240461773e-37,0.35999960655149565,3.934724634630437e-07,0.6399999999760408,25,50,10
18,3988,1.2952444666719443e-35,0.3599999974927822,2.5602050715816814e-09,0.6399999999470127,25,50,10
18,3989,1.3179665606624386e-35,0.3599999950630686,4.972991081693933e-09,0.6399999999639404,25,50,10
18,3990,1.7485171078451712e-41,0.3599999993664663,6.465163278439282e-10,0.6399999999870175,25,50,10
18,3991,2.2723563408767987e-37,0.3599999997832652,2.175217962933728e-10,0.6399999999992131,25,50,10
18,3992,2.2723685575246296e-37,0.35999226358024244,7.737122209851147e-06,0.6399999992975477,25,50,10
18,3993,2.1611367646672524e-46,0.3599999999989511,5.1411526072284e-10,0.6399999994869338,25,50,10
18,3994,1.1811771218615693e-46,0.35999999981805947,2.2519355463415177e-09,0.6399999979300051,25,50,10
18,3995,6.996622815023355e-41,0.35999960648892787,3.93520299310421e-07,0.6399999999907727,25,50,10
18,3996,6.792430543793103e-37,0.35999999981316116,2.1690450633926257e-10,0.6399999999699344,25,50,10
18,3997,7.362112607743e-41,0.3599999997743235,7.429883696375143e-10,0.6399999994826883,25,50,10
18,3998,3.673030912983325e-42,0.3599999999372929,8.672653029639246e-11,0.6399999999759807,25,50,10
18,3999,1.0003846881076171e-39,0.3599998090853678,1.909512207180199e-07,0.6399999999634115,25,50,10
18,4000,1.8406933828931626e-41,0.3599997996165851,2.0092763041892478e-07,0.6399999994557846,25,50,10
18,4001,8.461639682773618e-41,0.3599998069326157,1.9308515801017072e-07,0.6399999999822263,25,50,10
18,4002,6.994581878430154e-41,0.35999233135192954,7.708010800557197e-06,0.6399999606372699,25,50,10
18,4003,3.9866184528611904e-39,0.35999986876780726,1.705619813897946e-07,0.6399999606702115,25,50,10
18,4004,2.2725031895636626e-37,0.3599999999974496,3.3700339063579947e-12,0.6399999999991804,25,50,10
18,4005,2.1548699275623017e-44,0.35999999999691357,4.015169060956215e-12,0.6399999999990713,25,50,10
18,4006,9.151972058724106e-44,0.35999999987885145,1.425728744341778e-10,0.6399999999785756,25,50,10
18,4007,7.105069776101231e-44,0.3599999997058124,3.1543505507439445e-10,0.6399999999787525,25,50,10
18,4008,5.680929962291123e-38,0.3599998662246341,1.3522338908128756e-07,0.6399999985519768,25,50,10
18,4009,5.680923981596813e-38,0.35999986633794934,1.356050532309238e-07,0.6399999980569975,25,50,10
18,4010,5.680916893296186e-38,0.35999999982905534,6.6291365671914e-10,0.639999999508031,25,50,10
18,4011,5.682762322101772e-38,0.359999999828763,6.66605782391358e-10,0.6399999995046312,25,50,10
18,4012,5.680893379245083e-38,0.3599999997058865,7.776429125426266e-10,0.6399999995164706,25,50,10
18,4013,9.966745895991734e-40,0.35999999676524885,3.727481826130686e-09,0.6399999995072693,25,50,10
18,4014,1.3019620428272567e-43,0.3599999997079186,3.2811394784623157e-10,0.6399999999639675,25,50,10
18,4015,8.365987268980435e-40,0.35999962828315396,3.71726906740475e-07,0.6399999999899394,25,50,10
18,4016,8.536962327873052e-40,0.3599999998399448,1.611473893986413e-10,0.639999999998908,25,50,10
18,4017,2.613784850521786e-44,0.35999999995798815,4.354424066096063e-11,0.6399999999984675,25,50,10
18,4018,1.467423308416283e-41,0.35999999999979093,1.4350769862479778e-12,0.639999999998774,25,50,10
18,4019,2.2067564780802055e-44,0.3599999998979544,1.0765046284316909e-09,0.639999999025541,25,50,10
18,4020,5.788961933579867e-45,0.35999999993901727,6.113682162081883e-11,0.6399999999998459,25,50,10
18,4021,3.1252569305429806e-43,0.35999999999175647,8.399959276050168e-12,0.6399999999998436,25,50,10
18,4022,3.329694470882846e-43,0.3599922636386739,7.736361569402445e-06,0.6399999999997567,25,50,10
18,4023,5.642883311138569e-43,0.3599999975556639,2.444528486130211e-09,0.6399999999998076,25,50,10
18,4024,1.4976364479559503e-41,0.3599999976123819,2.3877977636349645e-09,0.6399999999998204,25,50,10
18,4025,3.079101993766482e-43,0.35999999761234913,2.388127300318842e-09,0.6399999999995236,25,50,10
18,4026,5.680954222038847e-38,0.35999999986483894,8.265919524399158e-08,0.6399999174759659,25,50,10
18,4027,5.680916528554259e-38,0.3595637525429927,0.0004363299808337894,0.6399999174761734,25,50,10
18,4028,1.484855844797655e-42,0.35999999993823467,8.328719127395822e-08,0.6399999167745741,25,50,10
18,4029,2.1909299817199056e-44,0.359999990241343,9.229179004050452e-08,0.639999917466867,25,50,10
18,4030,1.4691452411397839e-41,0.35999999024225865,9.229010551897554e-08,0.6399999174676358,25,50,10
18,4031,1.237319774895791e-42,0.3599999856031538,1.4905163570413066e-08,0.6399999994916827,25,50,10
18,4032,4.5289825476428397e-45,0.3599999901212796,1.0379353619419926e-08,0.6399999994993668,25,50,10
18,4033,5.021966202541129e-45,0.3599999999556481,5.8065168283747e-10,0.6399999994637002,25,50,10
18,4034,5.4646670329238954e-46,0.35999999749518635,2.531296301213119e-09,0.6399999999735173,25,50,10
18,4035,3.928630402123803e-46,0.35999999421325396,5.787605512840354e-09,0.6399999999991405,25,50,10
18,4036,9.330671381993129e-48,0.3599999965937649,3.4068836128519346e-09,0.6399999999993515,25,50,10
18,4037,1.0351453088447678e-46,0.3599999965940647,3.4065767215852882e-09,0.6399999999993584,25,50,10
18,4038,1.2880347307027623e-43,0.35999986413310736,1.366282593030513e-07,0.6399999992386334,25,50,10
18,4039,6.438204887473707e-44,0.35999999988556475,4.01452497363343e-08,0.6399999599691857,25,50,10
18,4040,5.50417523917159e-45,0.3599999998844269,1.1584808159548788e-10,0.639999999999725,25,50,10
18,4041,6.438682742118234e-46,0.3599999998191786,2.1719064819633224e-10,0.6399999999636309,25,50,10
18,4042,2.7368330883435835e-44,0.35999999987514586,1.2595114097413796e-10,0.6399999999989031,25,50,10
18,4043,3.2207778533692253e-43,0.3599999999991757,1.4486227501818618e-09,0.6399999985522016,25,50,10
18,4044,1.191765104500975e-38,0.35999999999332033,6.6091447383017684e-06,0.6399933908619413,25,50,10
18,4045,1.1913382497110006e-38,0.3599999998701786,6.606373576009249e-06,0.6399933937562454,25,50,10
18,4046,1.1913661992320926e-38,0.35999986412679374,6.742816038429507e-06,0.6399933930571678,25,50,10
18,4047,1.1913349850294713e-38,0.35999999987389764,6.688892770760339e-06,0.6399933112333316,25,50,10
18,4048,6.451063572911969e-44,0.3599999998248718,1.2270228670957016e-07,0.6399998774728415,25,50,10
18,4049,6.45044940856121e-44,0.3599999998323005,2.0018853842546588e-10,0.6399999999675109,25,50,10
18,4050,1.5153065171822231e-43,0.3599999997046433,1.006139292025041e-09,0.6399999992892175,25,50,10
18,4051,6.451996115752806e-44,0.35999999999589394,4.739220334434578e-12,0.6399999999993669,25,50,10
18,4052,2.2792706010423396e-45,0.3599999999155348,1.4523719085178241e-09,0.6399999986320932,25,50,10
18,4053,4.6125268218526404e-45,0.3599999997473705,2.884974357910476e-10,0.639999999964132,25,50,10
18,4054,6.994938710811109e-41,0.35999999738604865,3.1833354109289845e-09,0.6399999994306159,25,50,10
18,4055,1.480320762568983e-44,0.3599999995846397,2.8922772755154907e-08,0.6399999714925876,25,50,10
18,4056,9.896865730252479e-40,0.3594099298170722,0.0005901102231268228,0.639999959959801,25,50,10
18,4057,8.399056151351999e-40,0.35999999975333596,2.5647769403960665e-10,0.6399999999901863,25,50,10
18,4058,7.473148042341045e-44,0.35999999999554566,5.628738971468305e-12,0.6399999999988257,25,50,10
18,4059,3.0715581500024848e-43,0.35999999999716903,4.09810022996218e-11,0.6399999999618501,25,50,10
18,4060,8.364694626696332e-40,0.35999999999913845,3.448744961962509e-11,0.6399999999663741,25,50,10
18,4061,8.511458323061443e-40,0.3599999963083577,4.42694482835201e-09,0.6399999992646974,25,50,10
18,4062,8.365391275994854e-40,0.35999999648149844,3.5494290856486165e-09,0.6399999999690724,25,50,10
18,4063,4.354386379534971e-43,0.3599999966515708,3.3701814250509184e-09,0.6399999999782479,25,50,10
18,4064,1.5347387429336077e-41,0.35999999755470447,2.4457628911628053e-09,0.6399999999995327,25,50,10
18,4065,1.2952463250360874e-35,0.35999999297134816,7.02910633786527e-09,0.6399999999995456,25,50,10
18,4066,1.2952462949725886e-35,0.35999999312156983,6.8788869290561e-09,0.6399999999995433,25,50,10
18,4067,1.2952431121880978e-35,0.35999986412607254,1.3655228680754713e-07,0.6399999993216408,25,50,10
18,4068,1.7797643611651624e-41,0.3599998609021343,1.3909898109881916e-07,0.6399999999988846,25,50,10
18,4069,7.38285033608894e-34,0.3599996735234064,3.264774469360483e-07,0.6399999999991466,25,50,10
18,4070,2.2678809452635764e-44,0.3599999999985344,7.044362261969295e-10,0.6399999992970294,25,50,10
18,4071,3.7104678867507565e-42,0.3599999930958812,7.605823102234096e-09,0.6399999992982958,25,50,10
18,4072,3.29531994907782e-43,0.35999999964567364,1.0568565903240905e-09,0.6399999992974696,25,50,10
18,4073,3.511112369379504e-43,0.35999999976230135,2.377179612230242e-10,0.6399999999999807,25,50,10
18,4074,3.284625566798453e-43,0.35999999975990077,2.526447512900494e-10,0.6399999999874545,25,50,10
18,4075,2.730339128986785e-44,0.35996852286457715,3.147715651078793e-05,0.6399999999789121,25,50,10
18,4076,5.363624830393351e-43,0.3599999999984797,5.010744130528951e-10,0.639999999500446,25,50,10
18,4077,1.2056838818494679e-39,0.359999815662557,1.8433823671235135e-07,0.6399999999992064,25,50,10
18,4078,1.2072589021261786e-39,0.35999968439047947,3.156099751082591e-07,0.6399999999995454,25,50,10
18,4079,2.0904116224319682e-40,0.35999999531093074,5.188905269909017e-09,0.6399999995001641,25,50,10
18,4080,2.251969400254412e-40,0.3599999953129506,5.212631530960654e-09,0.6399999994744181,25,50,10
18,4081,3.2953211687949694e-43,0.35999981244451307,1.8858020006423355e-07,0.6399999989752869,25,50,10
18,4082,3.3904515960754313e-44,0.3599891336962739,1.0866803283133425e-05,0.6399999995004431,25,50,10
18,4083,1.0003260144434654e-39,0.3599891337859388,1.0866214708928033e-05,0.6399999999993523,25,50,10
18,4084,3.6675028424802147e-42,0.3599999928844494,7.116818341738935e-09,0.6399999999987324,25,50,10
18,4085,5.597456511024938e-38,0.35940979393821904,0.0005902060632600801,0.6399999999985209,25,50,10
18,4086,3.75334249114458e-42,0.35999986420603297,1.3579500248677148e-07,0.6399999999989645,25,50,10
18,4087,9.940916450352995e-45,0.3599999975597987,2.441090748103541e-09,0.6399999999991106,25,50,10
18,4088,1.4676051855804255e-41,0.3599999952336872,4.791967241390086e-09,0.6399999999743455,25,50,10
18,4089,1.2968317457920954e-42,0.35999999761529616,2.3849019252858183e-09,0.639999999999802,25,50,10
18,4090,5.465078574546515e-45,0.35999999993880627,8.705389124385704e-11,0.6399999999741399,25,50,10
18,4091,9.42193909043217e-47,0.359999447341276,5.526843035163369e-07,0.6399999999744206,25,50,10
18,4092,2.1612122467991528e-44,0.3599999967102704,3.298871457254603e-09,0.6399999999908581,25,50,10
18,4093,4.894615132068517e-42,0.35998949565478305,1.0504354804490312e-05,0.6399999999904127,25,50,10
18,4094,3.9247724298314693e-42,0.35999999999683113,1.2552336808258193e-11,0.6399999999906166,25,50,10
18,4095,2.045531696876817e-46,0.3599999999967774,7.313861086545021e-10,0.6399999992718366,25,50,10
18,4096,3.297084455331254e-43,0.3599999965713323,8.597933251222032e-08,0.6399999174493352,25,50,10
18,4097,3.1348943087208856e-43,0.35999999991671006,8.263355211664311e-08,0.6399999174497378,25,50,10
18,4098,6.608415266225312e-45,0.35999999982012576,2.4199963697465085e-10,0.6399999999378746,25,50,10
18,4099,3.930740170384336e-42,0.35999999012431727,9.877993528670109e-09,0.6399999999976892,25,50,10
18,4100,2.639658657219055e-43,0.35999999755959583,2.4424639573515936e-09,0.6399999999979402,25,50,10
18,4101,2.1610359517841254e-44,0.35999999013396333,9.868185286921006e-09,0.6399999999978515,25,50,10
18,4102,1.2914616648878718e-42,0.35999999026030316,9.753740989970158e-09,0.639999999985956,25,50,10
18,4103,1.1322854552523931e-45,0.3599999999550888,4.516055905424395e-11,0.6399999999997505,25,50,10
18,4104,5.654503274802892e-46,0.35999980925646186,1.907684071764638e-07,0.6399999999751311,25,50,10
18,4105,9.97682289792064e-48,0.35999999999622934,2.7772844662484027e-11,0.6399999999759978,25,50,10
18,4106,1.1324849589219123e-45,0.35999999999994536,2.4362583833695738e-11,0.6399999999756921,25,50,10
18,4107,8.80856230819479e-43,0.35999999427299473,6.440998525756299e-09,0.6399999992860068,25,50,10
18,4108,5.742116959934642e-43,0.3599999966545681,4.048615572284529e-09,0.6399999992968164,25,50,10
18,4109,5.69538423326598e-43,0.35999999665459215,3.354194883705225e-09,0.639999999991213,25,50,10
18,4110,6.181596765598592e-43,0.35999999659221105,3.4165777270894064e-09,0.6399999999912113,25,50,10
18,4111,3.769891123003653e-43,0.3599999998795639,1.6490506706243004e-10,0.6399999999555311,25,50,10
18,4112,3.216986723250858e-43,0.35999999987661907,1.353136443717884e-10,0.6399999999880673,25,50,10
18,4113,3.113018978656813e-43,0.35999999999295107,1.4667601759978779e-09,0.6399999985402887,25,50,10
18,4114,3.9858503350718604e-39,0.35999252118035124,7.480762412426039e-06,0.6399999980572363,25,50,10
18,4115,3.985844631340578e-39,0.35999252124202513,7.596709668508336e-06,0.6399998820483065,25,50,10
18,4116,3.8080339345728624e-44,0.35999999030125607,1.2561699216085508e-07,0.6399998840817517,25,50,10
18,4117,1.2500581029100556e-42,0.35999980931342423,1.9205533082294914e-07,0.6399999986312449,25,50,10
18,4118,1.0003161270810032e-39,0.35999999959127377,2.277227472228056e-09,0.6399999981314987,25,50,10
18,4119,9.969063904866925e-40,0.35999999018556605,1.1207494306422834e-08,0.6399999986069396,25,50,10
18,4120,5.154836773932864e-43,0.3599999902591803,9.766235836898476e-09,0.6399999999745839,25,50,10
18,4121,5.151983047480228e-43,0.3599999902961512,9.704299066067534e-09,0.6399999999995498,25,50,10
18,4122,7.724676777052221e-43,0.3599999975693228,2.4395231237103258e-09,0.6399999999911541,25,50,10
18,4123,2.573767359957005e-43,0.3599999976131913,2.386827891374441e-09,0.6399999999999808,25,50,10
18,4124,1.4948415987429303e-41,0.3599999974971459,2.5035116700304113e-09,0.6399999999993424,25,50,10
18,4125,8.461421040483834e-41,0.35999999983707937,1.6402869774324754e-10,0.639999999998892,25,50,10
18,4126,2.9365505127038546e-40,0.3599999996165279,2.522333042154732e-09,0.6399999978611391,25,50,10
18,4127,1.2315640871388612e-42,0.35999999982577213,2.1038471199291533e-10,0.6399999999638433,25,50,10
18,4128,8.542164982248886e-40,0.3599999997114096,8.065456265999844e-10,0.6399999994820448,25,50,10
18,4129,8.544462701705173e-40,0.35999999993721765,9.784806979210773e-11,0.6399999999649344,25,50,10
18,4130,8.539105989396549e-40,0.35999999999580157,2.072459384605306e-09,0.639999997931739,25,50,10
18,4131,1.83281014195736e-39,0.3599999975595244,2.4669478072990378e-09,0.6399999999735279,25,50,10
18,4132,8.376470332130407e-40,0.359999999918481,1.1987111919296038e-10,0.6399999999616478,25,50,10
18,4133,1.484382157193944e-42,0.3599999998577043,1.426091106170277e-10,0.6399999999996866,25,50,10
18,4134,2.5867071180450053e-43,0.3599999999992509,2.034710745803094e-09,0.6399999979660383,25,50,10
18,4135,6.994478933497033e-41,0.3599999998787275,1.2143538793999688e-10,0.639999999999837,25,50,10
18,4136,2.642341536276131e-43,0.3599999999390815,6.138129844834626e-11,0.6399999999995373,25,50,10
18,4137,3.9248326795445744e-42,0.3599998642479046,1.3575332144948866e-07,0.639999999998774,25,50,10
18,4138,3.66786345135917e-42,0.3599999999942572,6.396994536558638e-12,0.6399999999993458,25,50,10
18,4139,3.3033511985126745e-41,0.35999999987386216,1.3930471206870552e-10,0.6399999999868332,25,50,10
18,4140,3.7963606320809424e-42,0.3599999901780137,9.840693696419324e-09,0.6399999999812926,25,50,10
18,4141,3.689111556405237e-42,0.3599999902989019,9.710952181811314e-09,0.6399999999901459,25,50,10
18,4142,3.9865900571424874e-39,0.35999999977953734,2.2138674555114095e-10,0.639999999999076,25,50,10
18,4143,2.093475481253081e-40,0.35999999982520664,1.834293406096468e-10,0.639999999991364,25,50,10
18,4144,1.0360149287420779e-32,0.35938990903004353,0.0006100909873459397,0.6399999999826105,25,50,10
18,4145,1.8410089493026914e-42,0.3599999965920621,3.4512059818652985e-09,0.639999999956732,25,50,10
18,4146,3.068509656157034e-43,0.3599999997704541,2.3936908570644743e-10,0.6399999999901769,25,50,10
18,4147,1.2486618578286234e-42,0.35999999755951706,2.4415239275882e-09,0.6399999999989591,25,50,10
18,4148,2.1623213110388618e-44,0.3599999976121549,2.4236839932326196e-09,0.639999999964161,25,50,10
18,4149,3.3479606893828845e-43,0.3599998069276441,1.9310933378326264e-07,0.639999999963022,25,50,10
18,4150,3.986596862681948e-39,0.35999980219698563,1.9780410748151285e-07,0.6399999999989068,25,50,10
18,4151,3.6677812693890525e-42,0.35999999309139574,7.882285916614033e-09,0.6399999990263183,25,50,10
18,4152,2.416242107753244e-44,0.3599999998268841,1.7372066259677388e-10,0.6399999999993953,25,50,10
18,4153,3.986622907361547e-39,0.3599999998796692,1.2076705301614327e-10,0.6399999999995637,25,50,10
18,4154,3.9866217643913154e-39,0.35999999987966946,1.4625368151127507e-10,0.6399999999740769,25,50,10
18,4155,2.615068647390792e-44,0.35999999993943604,1.489904821024306e-09,0.639999998570659,25,50,10
18,4156,1.8702662867853316e-47,0.35999999988543235,8.167125007549701e-10,0.6399999992978551,25,50,10
18,4157,1.535120563364999e-42,0.3599998575687052,1.431336361786172e-07,0.6399999992976587,25,50,10
18,4158,3.0801971639540855e-43,0.3599999999564265,1.062757219009126e-10,0.6399999999372978,25,50,10
18,4159,4.145112477448491e-32,0.35939991815345573,0.0006000818918423626,0.6399999999547018,25,50,10
18,4160,4.145112477448377e-32,0.35939991815056016,0.0006000819208000868,0.6399999999286398,25,50,10
18,4161,4.145112484442939e-32,0.35939991815212424,0.0006000818835678872,0.6399999999643078,25,50,10
18,4162,3.3375215021668555e-43,0.3599999999981477,1.866545905925513e-12,0.6399999999999859,25,50,10
18,4163,1.5928918266103707e-41,0.3599999933085223,4.668716194562559e-08,0.6399999600043158,25,50,10
18,4164,1.295244561922297e-35,0.3599999933077238,4.668754457378699e-08,0.6399999600047316,25,50,10
18,4165,3.2155023900347877e-41,0.3599999999998397,3.312007932343673e-13,0.639999999999829,25,50,10
18,4166,4.01874527700839e-39,0.35999999999834337,1.458703606776303e-11,0.6399999999870696,25,50,10
18,4167,3.9868977434371546e-39,0.35999999989564196,1.1699371457330183e-10,0.6399999999873642,25,50,10
18,4168,3.986897168679388e-39,0.35999999989868064,1.191445438931857e-10,0.6399999999821747,25,50,10
18,4169,6.147207481897947e-43,0.3599999934352313,6.582612003491011e-09,0.6399999999821567,25,50,10
18,4170,3.0676548849820536e-43,0.35999999975261476,2.645045875659924e-10,0.6399999999828807,25,50,10
18,4171,5.150856546226574e-45,0.3599999999376034,7.132522111489681e-11,0.6399999999910715,25,50,10
18,4172,1.2485774203575766e-42,0.3599999999397462,6.073287664110963e-11,0.639999999999521,25,50,10
18,4173,2.1569558633459485e-44,0.35999999999571214,4.04378286203344e-11,0.63999999996385,25,50,10
18,4174,2.309404087725136e-44,0.35999999999217236,3.361453507472127e-11,0.6399999999742131,25,50,10
18,4175,2.304955988015539e-44,0.35999999999633103,3.950092101107616e-11,0.6399999999641679,25,50,10
18,4176,1.2494557724806468e-42,0.35828153280457015,0.001718467243370664,0.6399999999520591,25,50,10
18,4177,5.680891478010753e-38,0.3599999868392376,1.3161345018638054e-08,0.6399999999994174,25,50,10
18,4178,5.680892432670201e-38,0.3599999902453756,9.768401120074938e-09,0.6399999999862234,25,50,10
18,4179,5.682390032635319e-38,0.35999981556301075,1.8443893527811676e-07,0.6399999999980541,25,50,10
18,4180,3.6996719661621294e-42,0.3599999999571012,4.5236635931298864e-11,0.6399999999976624,25,50,10
18,4181,3.3368819547195055e-43,0.35999999305546365,6.981919027985552e-09,0.6399999999626175,25,50,10
18,4182,3.996814803202898e-42,0.35999999309729863,6.939026952645269e-09,0.6399999999636745,25,50,10
18,4183,3.776998271760251e-43,0.3599999999991198,2.323649848483799e-11,0.6399999999776437,25,50,10
18,4184,1.5438446884335595e-42,0.3599999999977299,5.11202346783198e-10,0.6399999994910679,25,50,10
18,4185,2.2723692411956084e-37,0.3599999999537935,6.730916228987216e-11,0.6399999999788973,25,50,10
18,4186,1.232668392304353e-42,0.3599999999926633,1.6133780603294652e-11,0.6399999999912029,25,50,10
18,4187,1.885496177764326e-46,0.35999999999785504,2.3116516815848055e-12,0.6399999999998333,25,50,10
18,4188,5.5163673471346824e-45,0.35999998545004225,1.4549979021410385e-08,0.6399999999999788,25,50,10
18,4189,3.7176371709805005e-43,0.35999999995529935,4.513292772511831e-11,0.6399999999995677,25,50,10
18,4190,4.46290005915704e-47,0.35999999991535003,8.488088100672732e-11,0.639999999999769,25,50,10
18,4191,2.716693005899307e-36,0.35999999661168147,3.4704962518914697e-09,0.6399999999178223,25,50,10
18,4192,1.1240415027984346e-44,0.3599999902025266,9.82375873208451e-09,0.6399999999737147,25,50,10
18,4193,1.7508106648293278e-41,0.35999999736464516,2.683757098805036e-09,0.6399999999515977,25,50,10
18,4194,2.2666014306388466e-44,0.35999999975349845,3.1926703518613466e-10,0.6399999999272346,25,50,10
18,4195,1.4692180688586874e-41,0.3599999996294039,3.953770598136632e-10,0.6399999999752191,25,50,10
18,4196,2.090640795718506e-40,0.35999999971215585,3.012547791356713e-10,0.6399999999865894,25,50,10
18,4197,8.779622996930186e-46,0.3599999998344826,1.7783879812144003e-10,0.6399999999876786,25,50,10
18,4198,1.227061604877138e-42,0.35999999010146416,9.936472419053601e-09,0.6399999999620634,25,50,10
18,4199,1.2334481301989395e-42,0.35999999985409964,1.8407354499046921e-10,0.6399999999618268,25,50,10
18,4200,1.2334685994290286e-42,0.35999999993631226,9.309017338615964e-11,0.6399999999705975,25,50,10
18,4201,6.590573731895705e-44,0.35999999999698223,2.4289550110396048e-11,0.6399999999787281,25,50,10
18,4202,1.2324386865646004e-42,0.35999999999632387,1.2472980475339374e-11,0.6399999999912032,25,50,10
18,4203,5.576604990334909e-45,0.359999999992651,7.374771423483515e-12,0.6399999999999741,25,50,10
18,4204,5.85703974708826e-45,0.35999999755819145,2.441817081057427e-09,0.6399999999999914,25,50,10
18,4205,1.1164413093183228e-44,0.3599999952360028,4.764011853663496e-09,0.6399999999999855,25,50,10
18,4206,1.4947546406679553e-41,0.35999999755786066,2.480074784453847e-09,0.6399999999620646,25,50,10
18,4207,1.5283912741549366e-44,0.3599999999991408,5.06307107409627e-11,0.6399999999502284,25,50,10
18,4208,1.13406676233614e-45,0.35999999999994814,4.8087764408709605e-11,0.6399999999519641,25,50,10
18,4209,8.195594624486197e-45,0.35999999676302835,3.2728930087822456e-09,0.6399999999640786,25,50,10
18,4210,7.028911791353704e-44,0.35999999672119093,3.3149380580324146e-09,0.6399999999638709,25,50,10
18,4211,8.982049872783182e-47,0.35999999989949044,1.0074753091077628e-10,0.639999999999762,25,50,10
18,4212,5.645038059837987e-43,0.3599999998379468,2.195741470344323e-09,0.6399999979663117,25,50,10
18,4213,5.699658649109139e-43,0.3599999998973162,2.1363384009564623e-09,0.6399999979663454,25,50,10
18,4214,1.2952639796750775e-35,0.35999944725575506,5.527442700502612e-07,0.6399999999999749,25,50,10
18,4215,4.766249736824261e-38,0.35999954471223217,4.557880798153998e-07,0.639999999499688,25,50,10
18,4216,2.4597891266007615e-42,0.3599995446740619,2.734920131582835e-06,0.6399977204058066,25,50,10
18,4217,2.000927435361175e-41,0.3599997288381552,2.5512511195991605e-06,0.6399977199107254,25,50,10
18,4218,1.7554376258504724e-41,0.35999999117831327,2.2889338947628905e-06,0.6399977198877921,25,50,10
18,4219,9.970229461565204e-40,0.3599999903008756,2.289819941931611e-06,0.6399977198791826,25,50,10
18,4220,1.0006215486562209e-39,0.3599998002917388,2.006914076775236e-07,0.6399999990168536,25,50,10
18,4221,9.966496820870184e-40,0.35999999030402785,1.3806512411072338e-08,0.6399999958894598,25,50,10
18,4222,4.76612746304687e-38,0.35999999309723923,1.0995636281929147e-08,0.6399999959071245,25,50,10
18,4223,4.865792407007362e-38,0.3599999930386468,8.995159219642034e-09,0.639999997966194,25,50,10
18,4224,4.6098211679009375e-45,0.35999999293446516,7.082631725459487e-09,0.639999999982903,25,50,10
18,4225,5.464586842823637e-46,0.3599999997952953,2.05488667044412e-10,0.6399999999992161,25,50,10
18,4226,1.2953427377442633e-35,0.35999999293137075,7.55984399339554e-09,0.6399999995087853,25,50,10
18,4227,9.966654366478744e-40,0.35999985707164506,1.4292942920301304e-07,0.6399999999989258,25,50,10
18,4228,9.966587446156658e-40,0.359999847435151,1.5256547971330532e-07,0.6399999999993694,25,50,10
18,4229,1.589642928239816e-41,0.3599922539438556,7.774551088524602e-06,0.6399999715050559,25,50,10
18,4230,1.2747645267616603e-46,0.35999999030000734,1.1745973042796136e-08,0.6399999979540195,25,50,10
18,4231,8.361627872259256e-40,0.35999999030007984,1.1746734717874935e-08,0.6399999979531854,25,50,10
18,4232,8.362508918572539e-40,0.3599999997546172,2.2911534612920404e-09,0.6399999979542295,25,50,10
18,4233,8.361869901904088e-40,0.35999999308995,8.944071724536986e-09,0.6399999979659783,25,50,10
18,4234,2.8138216120055e-44,0.35999999309206915,7.610244828968539e-09,0.639999999297686,25,50,10
18,4235,4.852948732356803e-44,0.3599999930972899,8.936790538932422e-09,0.6399999979659196,25,50,10
18,4236,7.110215355213315e-44,0.35999999517789427,7.566200844146632e-09,0.6399999972559047,25,50,10
18,4237,3.2950549353972193e-43,0.3599999998824608,1.1755863467367753e-10,0.6399999999999806,25,50,10
18,4238,1.5565475037119425e-42,0.35999999987951575,1.2071621585007053e-10,0.639999999999768,25,50,10
18,4239,5.99964969637306e-45,0.3599999999924421,3.868107385496293e-08,0.6399999613264842,25,50,10
18,4240,1.0223781899824172e-46,0.35999999987664455,3.8786939581186375e-08,0.6399999613364159,25,50,10
18,4241,8.361847180586563e-40,0.3599999999935322,4.139593895972976e-11,0.6399999999650718,25,50,10
18,4242,8.36168082755438e-40,0.3599999999946298,2.0737908974563493e-09,0.6399999979315794,25,50,10
18,4243,1.5485131417357281e-34,0.359999999998931,4.0020961754085126e-08,0.6399999599801073,25,50,10
18,4244,2.791157191685428e-43,0.359999809312194,1.9118736757870417e-07,0.6399999995004385,25,50,10
18,4245,1.7511059123654148e-41,0.3599994376401352,5.623955691630201e-07,0.6399999999642957,25,50,10
18,4246,1.749073583929736e-41,0.35999943764102205,5.623953311822227e-07,0.6399999999636468,25,50,10
18,4247,1.79691774984937e-45,0.3599999998269093,1.73112418484431e-10,0.6399999999999781,25,50,10
18,4248,1.2290982557781085e-42,0.3599999999948365,3.058747849158778e-11,0.639999999974576,25,50,10
18,4249,5.591442718255326e-45,0.35999999989277226,2.166510708426315e-09,0.6399999979407169,25,50,10
18,4250,6.451608792287823e-44,0.35999999989736603,1.2857244898077442e-10,0.6399999999740617,25,50,10
18,4251,1.7549502760956192e-41,0.35999999972727875,1.1621617353212326e-07,0.6399998840565477,25,50,10
18,4252,3.1153279099000512e-43,0.3599999998951454,1.0613342861229544e-10,0.6399999999987211,25,50,10
18,4253,1.7791902650580852e-41,0.35999980919649266,1.9150643456164426e-07,0.6399999992970727,25,50,10
18,4254,6.79190594778133e-37,0.35999999987829656,1.2223608286476267e-10,0.6399999999994673,25,50,10
18,4255,1.0602775673372552e-46,0.35999999993680554,9.997046241802067e-11,0.6399999999632241,25,50,10
18,4256,1.0201266330285522e-46,0.35999981328258995,3.0266148560626e-07,0.6399998840559245,25,50,10
18,4257,3.667481895680618e-42,0.35999999999787236,1.489079249686991e-11,0.6399999999872369,25,50,10
18,4258,6.436468039909485e-44,0.35999999999921267,3.664288835729778e-11,0.6399999999641444,25,50,10
18,4259,2.3050116115756487e-46,0.35999999970795715,1.6239203818341127e-06,0.6399983763716609,25,50,10
18,4260,1.0452134135781024e-39,0.35999999999977983,1.6229225638927653e-06,0.6399983770776563,25,50,10
18,4261,2.574679713477958e-43,0.35999999761831697,1.6257824730008481e-06,0.63999837659921,25,50,10
18,4262,6.994180334806858e-41,0.3599999974944301,3.0056271906654856e-09,0.6399999994999426,25,50,10
18,4263,7.000946756812091e-41,0.35999999987593867,6.240216270750478e-10,0.6399999995000397,25,50,10
18,4264,2.1563365497458755e-44,0.3599999930951306,6.9167722743724576e-09,0.6399999999880972,25,50,10
18,4265,6.998785116358802e-41,0.3599999998373573,1.628617051775526e-10,0.639999999999781,25,50,10
18,4266,4.3181977099089264e-44,0.3599999999558359,5.663185318600174e-11,0.6399999999875322,25,50,10
18,4267,1.466964334386064e-41,0.3599999999573996,6.405097831201953e-11,0.6399999999785494,25,50,10
18,4268,1.473424630759517e-41,0.3599999999574451,9.054400700903092e-11,0.6399999999520108,25,50,10
18,4269,8.473759990318873e-41,0.35999943743455903,5.62601760634467e-07,0.6399999999636803,25,50,10
18,4270,1.47346246114343e-41,0.35999999982765574,2.206227316999236e-09,0.639999997966117,25,50,10
18,4271,1.5060823293433435e-42,0.35999212772028555,7.872280370024867e-06,0.6399999999993443,25,50,10
18,4272,9.969483159319361e-40,0.3599998641592566,1.3632444255997958e-07,0.6399999995163008,25,50,10
18,4273,9.97183757849533e-40,0.35999999983341285,1.1490458729244802e-09,0.6399999990175412,25,50,10
18,4274,9.967390671752668e-40,0.3599999999507946,5.846757714601203e-10,0.6399999994645296,25,50,10
18,4275,1.670422107975034e-39,0.3599999999157005,9.229628906603292e-05,0.6399077037952334,25,50,10
18,4276,1.8199959036967893e-47,0.3599999999999676,2.608311895108054e-11,0.6399999999739494,25,50,10
18,4277,1.2926061035894291e-42,0.3599999998966337,1.29625354556606e-10,0.639999999973741,25,50,10
18,4278,9.173683791398095e-44,0.3599999934367758,6.588849591920496e-09,0.6399999999743745,25,50,10
18,4279,1.307112593622042e-42,0.359999999956672,1.2018305665614833e-10,0.639999999923145,25,50,10
18,4280,9.967222154077051e-40,0.35999999309361724,6.9320108324948405e-09,0.639999999974372,25,50,10
18,4281,9.967176848085222e-40,0.35999998331633276,1.6683895699435767e-08,0.6399999999997715,25,50,10
18,4282,4.983699106089493e-39,0.35998912408693434,1.0875913256379113e-05,0.6399999999998093,25,50,10
18,4283,9.9787991575818e-40,0.3599999902581228,3.821499251305976e-08,0.6399999715268848,25,50,10
18,4284,5.5651380928869186e-45,0.3599999901839403,1.0298987637571072e-08,0.6399999995170721,25,50,10
18,4285,2.8063841317567777e-43,0.35957812790788835,0.0004218720925762108,0.6399999999995356,25,50,10
18,4286,2.0904791471296777e-40,0.3599999999383203,2.1077070769864104e-09,0.6399999979539726,25,50,10
18,4287,2.091507157772684e-40,0.3599999997017087,2.3561952596600356e-09,0.639999997942096,25,50,10
18,4288,1.4758107458889276e-41,0.35999999987586145,8.155746023814095e-10,0.6399999993085639,25,50,10
18,4289,1.5962579313827265e-41,0.35999999999679433,6.934241831480693e-10,0.6399999993097816,25,50,10
18,4290,1.6270000605868963e-41,0.3599999999998574,6.788397185178341e-10,0.6399999993213029,25,50,10
18,4291,8.716732692945334e-44,0.3599922636367237,7.77637102721498e-06,0.6399999599922491,25,50,10
18,4292,3.3499026562556166e-43,0.3599921278865023,7.912133423157854e-06,0.6399999599800745,25,50,10
18,4293,3.223231199232257e-43,0.3599999999970484,1.6026192814782934e-11,0.6399999999869255,25,50,10
18,4294,3.810075878364925e-43,0.3599999999939185,6.325457486432731e-12,0.6399999999997561,25,50,10
18,4295,2.0942657646000873e-40,0.3599999999959892,1.384879077261957e-09,0.6399999986191319,25,50,10
18,4296,2.0905545410852857e-40,0.3599999998266538,1.5543375523670181e-09,0.6399999986190087,25,50,10
18,4297,2.0905226154368823e-40,0.3599999964215857,5.458106951624502e-09,0.6399999981203074,25,50,10
18,4298,3.1699576879582948e-43,0.35999999971099256,2.981709501768611e-10,0.6399999999908365,25,50,10
18,4299,1.1913923380919998e-38,0.3599999999987035,4.703320107105504e-06,0.6399952966811893,25,50,10
18,4300,2.103163275229062e-44,0.3599999999963899,1.276002168849302e-11,0.63999999999085,25,50,10
18,4301,2.961842926493806e-46,0.3599999998780586,1.2239235161673139e-10,0.6399999999995492,25,50,10
18,4302,1.0112834965557387e-39,0.3599999997557729,9.229591422176251e-05,0.6399077043300054,25,50,10
18,4303,1.2926895057451655e-38,0.359999812366296,9.251081172883483e-05,0.6399076768219752,25,50,10
18,4304,5.801406855860752e-38,0.35999925982969344,7.422301903920275e-07,0.6399999979401163,25,50,10
18,4305,1.0319208726991949e-39,0.3599998124316632,1.876043991563292e-07,0.6399999999639376,25,50,10
18,4306,1.0331479271447865e-39,0.35999962809669156,3.7193959423494237e-07,0.6399999999637142,25,50,10
18,4307,8.361680312374174e-40,0.35999999999985505,6.784600152333721e-10,0.6399999993216849,25,50,10
18,4308,1.988390203734903e-36,0.3445623725652117,0.015437627447278293,0.63999999998751,25,50,10
18,4309,1.508658700541906e-45,0.3599999998787227,1.2175409653679196e-10,0.6399999999995232,25,50,10
18,4310,3.673053970819574e-42,0.3599999976182095,2.864983619501993e-09,0.639999999516807,25,50,10
18,4311,1.4942166584692244e-42,0.35999999277085526,7.721279842682723e-09,0.6399999995078649,25,50,10
18,4312,7.11679683307272e-41,0.35999999741497396,2.585659907840933e-09,0.6399999999993661,25,50,10
18,4313,1.4902658460788106e-42,0.35999999753311684,2.466912291581602e-09,0.6399999999999708,25,50,10
18,4314,1.8457213855885381e-34,0.3599999997253167,2.751358303280431e-10,0.6399999999995475,25,50,10
18,4315,4.634628640351898e-45,0.3599891336963055,1.0866339380993076e-05,0.6399999999643134,25,50,10
18,4316,9.41150590864916e-45,0.3599999999969245,5.389191019880839e-10,0.6399999994641563,25,50,10
18,4317,8.361626743985025e-40,0.35999999999994503,1.283295626317222e-11,0.6399999999872219,25,50,10
18,4318,8.361896814049675e-40,0.35999999999628735,3.790077815037998e-11,0.6399999999658119,25,50,10
18,4319,4.610783278723419e-45,0.35999999999846255,2.203705872661998e-06,0.6399977962956649,25,50,10
18,4320,6.994533635906033e-41,0.3599999964807734,2.2071981535336674e-06,0.639997796321073,25,50,10
18,4321,6.592706401417627e-45,0.359999999829857,1.7062793383679144e-10,0.6399999999995152,25,50,10
18,4322,8.587669495831879e-44,0.35999999999594856,2.2047260307628217e-11,0.6399999999820042,25,50,10
18,4323,3.2830653388532537e-43,0.3599999999951811,1.3624931620177802e-11,0.6399999999911941,25,50,10
18,4324,2.1531356125255082e-44,0.3599999998777674,1.9211184223116574e-10,0.6399999999301208,25,50,10
18,4325,3.986616575334866e-39,0.35999999987211373,1.9744813079143102e-10,0.6399999999304381,25,50,10
18,4326,2.1617444135532583e-44,0.3599999997927121,2.0779274280196655e-10,0.6399999999994951,25,50,10
18,4327,3.342037403560177e-43,0.3599685228673526,3.147713312853347e-05,0.639999999999519,25,50,10
18,4328,3.1230360629651077e-43,0.3599999999552064,8.05018007781696e-11,0.6399999999642918,25,50,10
18,4329,8.742649481253528e-41,0.3599999910977529,8.938427525857894e-09,0.6399999999638196,25,50,10
18,4330,1.0553777006592317e-46,0.3599999974385858,3.0612832066722814e-09,0.6399999995001311,25,50,10
18,4331,2.2723563291683286e-37,0.3599999998756261,1.2501957332609856e-10,0.6399999999993543,25,50,10
18,4332,2.2725038972081135e-37,0.3599999999970602,2.7586725419292926e-11,0.639999999975353,25,50,10
18,4333,3.558713994073864e-43,0.3599999999948899,7.193161667981721e-10,0.6399999992857939,25,50,10
18,4334,7.572062079697131e-44,0.3599999999978054,1.494966356599155e-11,0.6399999999872449,25,50,10
18,4335,8.362076667208815e-40,0.35999999999268795,4.001557337064838e-08,0.6399999599917388,25,50,10
18,4336,4.30833652417455e-44,0.3599999999927508,7.252385881388917e-12,0.6399999999999969,25,50,10
18,4337,4.803907327889135e-46,0.3599999976153087,3.0955512237919326e-09,0.63999999928914,25,50,10
18,4338,2.5780391358720076e-43,0.3599999952367061,4.7641794723008164e-09,0.6399999999991144,25,50,10
18,4339,3.1362579129517186e-43,0.3599891314281727,1.0868581311468124e-05,0.6399999999905159,25,50,10
18,4340,3.4782483086999112e-43,0.359989126904166,1.5576414597386165e-05,0.6399952966812366,25,50,10
18,4341,5.744730200494361e-43,0.3599999942862147,4.7483612549076386e-06,0.6399952573525305,25,50,10
18,4342,1.7807546062909983e-41,0.35999999428417095,4.507101485458636e-08,0.6399999606448141,25,50,10
18,4343,1.906726522450073e-39,0.3599998642016951,1.3633944063840386e-07,0.6399999994588643,25,50,10
18,4344,1.0665854973607768e-39,0.3599998642465122,1.3577161014117175e-07,0.6399999999818777,25,50,10
18,4345,1.0665854253537826e-39,0.35999212788920915,7.872111258806776e-06,0.639999999999532,25,50,10
18,4346,1.0666488321175e-39,0.35999986424432523,1.3649536688629614e-07,0.6399999992603079,25,50,10
18,4347,1.9028114633649735e-39,0.35999986186064037,1.39568427854531e-07,0.6399999985709318,25,50,10
18,4348,1.0702517822499171e-39,0.35999986169055065,1.390233433260241e-07,0.6399999992861062,25,50,10
18,4349,6.994253198267243e-41,0.35999999744403466,4.004163720070794e-09,0.6399999985518016,25,50,10
18,4350,4.773121120253992e-38,0.3599999999948754,4.9832421891190536e-11,0.6399999999552922,25,50,10
18,4351,2.868580670085337e-47,0.35999999309432956,6.941600580972139e-09,0.6399999999640699,25,50,10
18,4352,1.466960895658566e-41,0.35999999999696364,4.703304177385898e-06,0.639995296698859,25,50,10
18,4353,2.0917387928248117e-40,0.3599999903040658,4.71301069426146e-06,0.6399952966852399,25,50,10
18,4354,1.2060101791892996e-39,0.35999998619062895,4.717147780010224e-06,0.6399952966615909,25,50,10
18,4355,1.4681800283219866e-41,0.3599993046882324,5.3998266516795675e-06,0.6399952954851159,25,50,10
18,4356,1.4735562376392638e-41,0.3599993091675765,5.472601486427708e-06,0.639995218230937,25,50,10
18,4357,1.4799465053505736e-41,0.3599993115858251,6.889143724059837e-07,0.6399999994998026,25,50,10
18,4358,1.2274279593571412e-42,0.35999986876738277,1.3192261861597252e-07,0.6399999993099986,25,50,10
18,4359,3.723396368873994e-43,0.359999999994858,6.955735519648227e-10,0.6399999993095684,25,50,10
18,4360,1.7554942483096068e-41,0.35999999978096625,7.146956630226348e-10,0.6399999995043382,25,50,10
18,4361,1.4744006811603493e-41,0.3599999997045469,7.798670102619254e-10,0.6399999995155862,25,50,10
18,4362,3.1226259228870903e-43,0.35999999959815937,4.109368558350444e-10,0.6399999999909037,25,50,10
18,4363,1.7834715068534215e-41,0.35999962809023733,3.7190979956697374e-07,0.639999999999963,25,50,10
18,4364,4.022124164651601e-39,0.3599996277981768,3.7317550208723624e-07,0.6399999990263211,25,50,10
18,4365,1.8634912540136986e-41,0.35999962821347564,3.7329541437041834e-07,0.6399999984911101,25,50,10
18,4366,2.2723588459678114e-37,0.35999999984371983,8.958901666211684e-10,0.6399999992603902,25,50,10
18,4367,3.677383629093717e-42,0.35999999749992306,3.0209204982716732e-09,0.6399999994791566,25,50,10
18,4368,9.127239682011336e-45,0.35999980931445236,1.9074728124360135e-07,0.6399999999382664,25,50,10
18,4369,4.5228250602267945e-45,0.3599999999412342,5.88073658175686e-11,0.6399999999999585,25,50,10
18,4370,4.618341883576258e-45,0.35999999993828574,1.0024525455579129e-10,0.639999999961469,25,50,10
18,4371,2.203167193352803e-47,0.35999999999994403,1.2557863217913442e-11,0.6399999999874981,25,50,10
18,4372,6.565548410275499e-44,0.3599999999999091,7.908058933085736e-13,0.6399999999993001,25,50,10
18,4373,5.680995457984081e-38,0.3599998590330831,1.4098940355314565e-07,0.6399999999775132,25,50,10
18,4374,4.626362838347882e-45,0.35999981236922357,1.8766064096159976e-07,0.6399999999701355,25,50,10
18,4375,3.2160052997466926e-41,0.35999999999687887,3.5879784939059243e-12,0.6399999999995332,25,50,10
18,4376,1.751705952625768e-41,0.3599994473393818,5.526860419157647e-07,0.6399999999745762,25,50,10
18,4377,1.4679327520295583e-41,0.35999999987807685,6.470158477806738e-10,0.6399999994749073,25,50,10
18,4378,1.466954521376225e-41,0.3599999999999324,5.61434614510619e-10,0.6399999994386331,25,50,10
18,4379,7.024713451666615e-41,0.35999999983418735,2.0030912554488836e-10,0.6399999999655036,25,50,10
18,4380,9.067176247604881e-40,0.3599999998745347,8.279751119115563e-10,0.6399999992974902,25,50,10
18,4381,1.4670854739770374e-41,0.35999999995712856,7.576984975336052e-10,0.6399999992851729,25,50,10
18,4382,6.994091919373328e-41,0.35999960641127715,3.9430273374203383e-07,0.639999999285989,25,50,10
18,4383,3.668737545698565e-42,0.3599999998834902,1.6237202782889495e-06,0.6399983763962317,25,50,10
18,4384,3.69554094545763e-42,0.3599999997566828,1.623144596617783e-06,0.6399983770987205,25,50,10
18,4385,1.25508040282836e-42,0.3599995966361705,4.0409114101927865e-07,0.6399999992726886,25,50,10
18,4386,1.2496781575610312e-42,0.3599999901213101,9.950072347521982e-09,0.6399999999286176,25,50,10
18,4387,1.2270227359682137e-42,0.35999999994125703,9.44252204458801e-11,0.6399999999643178,25,50,10
18,4388,1.9033770908651352e-41,0.35999999761734763,2.382817602533034e-09,0.6399999999998348,25,50,10
18,4389,4.768757511047047e-38,0.35999999761728346,3.295247130881824e-08,0.6399999694302453,25,50,10
18,4390,3.9518251599884617e-42,0.35999999409910927,3.390002587786121e-08,0.6399999720008649,25,50,10
18,4391,3.6943726388147464e-42,0.35999999987160175,2.81275411880704e-08,0.6399999720008571,25,50,10
18,4392,1.1915350202040522e-38,0.3599999930378217,7.641509142321985e-09,0.6399999993206693,25,50,10
18,4393,1.1932840673028093e-38,0.35999944728357147,5.541059930618147e-07,0.6399999986104355,25,50,10
18,4394,3.758350111243209e-44,0.3599999999371928,2.1417311187767234e-09,0.6399999979210762,25,50,10
18,4395,3.1183820098193532e-43,0.3599999998568045,2.221314084678494e-09,0.6399999979218814,25,50,10
18,4396,2.6053073960460755e-44,0.3599996063218682,3.944042557193884e-07,0.6399999992738762,25,50,10
18,4397,1.2921582699789681e-42,0.3599999975215622,3.20538671581451e-09,0.6399999992730513,25,50,10
18,4398,3.2381095690540205e-36,0.3599999996842358,1.5411966247572787e-09,0.6399999987745676,25,50,10
18,4399,3.238108368837576e-36,0.3599999901842108,1.1216221064781517e-08,0.6399999985995681,25,50,10
18,4400,6.138066022171005e-43,0.3599999902399219,8.771658855227965e-08,0.6399999220434895,25,50,10
18,4401,2.096748029251951e-40,0.3599999999875164,5.122464732719982e-10,0.6399999995002371,25,50,10
18,4402,2.1296553917679824e-40,0.35999999999386306,6.918027028989602e-12,0.6399999999992191,25,50,10
18,4403,3.683349363325578e-44,0.3599999973645411,2.6358691138005747e-09,0.6399999999995898,25,50,10
18,4404,3.2156271221724e-41,0.3599999998964347,1.044557238744014e-10,0.6399999999991095,25,50,10
18,4405,1.4926956072537614e-41,0.3599999999989319,1.885431425840128e-12,0.6399999999991828,25,50,10
18,4406,2.1573804672453887e-44,0.3599999999989174,4.003188907123579e-08,0.6399999599691936,25,50,10
18,4407,1.5417463403447284e-45,0.35999999999698123,4.0034264204841476e-08,0.6399999599687546,25,50,10
18,4408,5.191262690307221e-46,0.35999999978521374,4.024559268119142e-08,0.6399999599691936,25,50,10
18,4409,9.966691416628802e-40,0.35999999989869186,4.0097028152091007e-08,0.6399999600042799,25,50,10
18,4410,8.971034989994765e-46,0.3599999903032626,4.969229523346878e-08,0.6399999600044421,25,50,10
18,4411,3.1203051498492517e-43,0.35999999995233517,2.1067252421538597e-09,0.6399999979409396,25,50,10
18,4412,1.2279596434159142e-42,0.3599999997455276,1.7022794935361107e-09,0.6399999985521929,25,50,10
18,4413,1.2495724965933407e-42,0.35999999282390066,7.87802405345958e-09,0.6399999992980753,25,50,10
18,4414,6.529017248862938e-44,0.35938991131624265,0.0006100886932233064,0.6399999999905343,25,50,10
18,4415,5.859761683260151e-43,0.3593899114282785,0.0006100885815574193,0.6399999999901642,25,50,10
18,4416,2.271741601275205e-37,0.3593790453401404,0.0006209831429806678,0.6399999715168789,25,50,10
18,4417,2.2717420950942748e-37,0.35998873696241096,1.1291536093913084e-05,0.6399999715014951,25,50,10
18,4418,2.615103406920562e-44,0.35999960320678065,4.253026599893612e-07,0.6399999714905593,25,50,10
18,4419,1.4691144529975412e-41,0.3599996030870798,3.969227511727074e-07,0.6399999999901691,25,50,10
18,4420,1.4724181192136465e-41,0.35999999999995874,0.006073049124978676,0.6339269508750626,25,50,10
18,4421,2.690897336521907e-44,0.3599999974761592,2.5240608177864957e-09,0.63999999999978,25,50,10
18,4422,3.142528280975287e-44,0.35999999657108306,3.4291373912311675e-09,0.6399999999997796,25,50,10
18,4423,1.8717816505583837e-41,0.3599999929289393,8.960654114715472e-08,0.6399999174645195,25,50,10
18,4424,1.8717547791643056e-41,0.35999999289055945,9.166667258737983e-08,0.6399999154427681,25,50,10
18,4425,2.2725440358994616e-37,0.3599999997504934,8.481968649583234e-08,0.6399999154298202,25,50,10
18,4426,1.8776514677658158e-41,0.359999999954004,8.462928445377514e-08,0.6399999154167116,25,50,10
18,4427,6.916457622736995e-45,0.3599999999998662,1.6898572777522655e-13,0.6399999999999649,25,50,10
18,4428,5.681013511912183e-38,0.35999944404891915,5.559514871669794e-07,0.6399999999995937,25,50,10
18,4429,1.3755350917723551e-45,0.3599999997820052,2.188170618805792e-10,0.6399999999991779,25,50,10
18,4430,1.749969390981393e-41,0.3599999999521373,4.9130045342167664e-11,0.6399999999987327,25,50,10
18,4431,3.986594536834448e-39,0.3599999998261515,2.0970715534631556e-10,0.6399999999641414,25,50,10
18,4432,3.987843104859628e-39,0.35999999969970564,3.090798770023479e-10,0.6399999999912145,25,50,10
18,4433,9.073625822205469e-40,0.3599999867833892,1.3235361821454089e-08,0.639999999981249,25,50,10
18,4434,1.6405223038966972e-45,0.3599999973250878,2.676451247047044e-09,0.6399999999984609,25,50,10
18,4435,3.926072483791908e-42,0.3599999998728747,1.292973077554992e-10,0.6399999999978281,25,50,10
18,4436,7.357677398518901e-42,0.3599999999522453,4.897736042054031e-11,0.6399999999987774,25,50,10
18,4437,3.981025318154444e-42,0.3599998124875802,1.875130193901232e-07,0.6399999999994005,25,50,10
18,4438,3.1232613000552575e-43,0.3599998124882884,1.875125655699775e-07,0.639999999999146,25,50,10
18,4439,1.2007383612132404e-44,0.3599998123686199,1.8764365785232448e-07,0.6399999999877223,25,50,10
18,4440,2.6826149714793852e-43,0.35999980908634543,1.9092619254493516e-07,0.639999999987462,25,50,10
18,4441,1.7732088820642446e-42,0.3599999966506385,3.421989670767562e-09,0.639999999927372,25,50,10
18,4442,1.301361847594998e-42,0.3599999966506421,4.881343478196058e-09,0.6399999984680145,25,50,10
18,4443,1.993301635003363e-39,0.3599999867848664,1.4226514813053878e-08,0.6399999989886188,25,50,10
18,4444,1.7490426514422026e-41,0.35999999325047577,6.749745047135658e-09,0.6399999999997792,25,50,10
18,4445,9.767846828178172e-47,0.35999999999990784,7.29598746533284e-13,0.6399999999993625,25,50,10
18,4446,5.164786242042625e-38,0.3599999997852099,3.889045815476336e-08,0.639999961324332,25,50,10
18,4447,3.986590002961958e-39,0.35999999995749343,4.008884395443291e-08,0.6399999599536625,25,50,10
18,4448,3.986896820687986e-39,0.3599999903002529,4.969507240295077e-08,0.6399999600046746,25,50,10
18,4449,3.986918725087203e-39,0.35999985943467266,1.805700500921694e-07,0.6399999599952774,25,50,10
18,4450,5.5738889479058995e-45,0.3599999998271126,4.0177621068901914e-08,0.6399999599952664,25,50,10
18,4451,1.5485146900493703e-34,0.35999944734020034,5.526617356102921e-07,0.6399999999980642,25,50,10
18,4452,1.548514690044916e-34,0.35999999999563653,5.063992751341728e-12,0.6399999999992994,25,50,10
18,4453,1.548514690041e-34,0.359999999874544,1.2643895790178945e-10,0.6399999999990169,25,50,10
18,4454,1.5485146903125916e-34,0.35999999030401425,9.70596755937292e-09,0.6399999999900181,25,50,10
18,4455,3.1240046195801294e-43,0.3599999999989153,9.862278552284554e-12,0.6399999999912224,25,50,10
18,4456,2.23720536907927e-40,0.35999999987673625,1.6706887786172273e-10,0.6399999999561949,25,50,10
18,4457,2.2372026185485725e-40,0.3599999974350269,2.5746355005205492e-09,0.6399999999903376,25,50,10
18,4458,1.5905670841514427e-41,0.35999944717728316,5.528321820337152e-07,0.6399999999905347,25,50,10
18,4459,1.2343767749387836e-42,0.3599994402349808,5.604775042998168e-07,0.639999999287515,25,50,10
18,4460,2.2723563337019435e-37,0.35999999309028113,6.9222113092061896e-09,0.6399999999875077,25,50,10
18,4461,2.2723562818245114e-37,0.3599999999962255,3.943371253060952e-12,0.639999999999831,25,50,10
18,4462,1.2274869101037104e-42,0.35999944729690303,5.527037394205022e-07,0.6399999999993575,25,50,10
18,4463,4.2640477992657294e-39,0.35998492098346807,1.5079016761754002e-05,0.6399999999997701,25,50,10
18,4464,7.650230866773957e-46,0.35999999972723506,7.723194137828356e-10,0.6399999995004454,25,50,10
18,4465,2.577751040957803e-43,0.35999999303541785,7.489990655890154e-09,0.6399999994745916,25,50,10
18,4466,8.361894784066204e-40,0.3599999998790328,1.2235175575650078e-10,0.6399999999986155,25,50,10
18,4467,2.790288352996836e-40,0.35999999281839523,7.218647176982639e-09,0.6399999999629576,25,50,10
18,4468,2.6487702156037443e-44,0.35999999624533074,3.79081391583201e-09,0.6399999999638553,25,50,10
18,4469,1.2315720893095768e-42,0.35999999961498896,4.224521436189558e-10,0.6399999999625589,25,50,10
18,4470,1.2274946142928876e-42,0.3599999975404773,2.4718852987224026e-09,0.6399999999876375,25,50,10
18,4471,6.996912906594315e-41,0.35999999751510836,2.497844911884672e-09,0.6399999999870468,25,50,10
18,4472,4.599848616700537e-46,0.35999999988080084,1.5489609695958718e-10,0.6399999999643031,25,50,10
18,4473,3.079774327230316e-43,0.35999959662694353,4.033821335228666e-07,0.6399999999909229,25,50,10
18,4474,5.664508191455716e-43,0.35999960638239803,3.9361848423040816e-07,0.6399999999991178,25,50,10
18,4475,2.9646250816692773e-41,0.3599995961845421,4.0381717013070044e-07,0.6399999999982878,25,50,10
18,4476,1.8734075379007275e-41,0.3599999930948558,4.710206677355134e-06,0.6399952966984669,25,50,10
18,4477,2.2008936977847175e-44,0.35999999999843263,2.420645927143375e-12,0.6399999999991468,25,50,10
18,4478,5.014259442671761e-45,0.3599999999969248,1.5818029626020743e-11,0.6399999999872571,25,50,10
18,4479,5.68085994724036e-38,0.3599997376581859,2.62415673794203e-07,0.6399999999261404,25,50,10
18,4480,6.994028889928094e-41,0.3599999999968874,5.83756521511288e-11,0.6399999999447371,25,50,10
18,4481,3.476667181923551e-47,0.35999999999788274,2.1474072021910153e-12,0.6399999999999699,25,50,10
18,4482,7.76299278275917e-45,0.3599999903040652,9.704706858947841e-09,0.6399999999912278,25,50,10
18,4483,2.602091709187003e-43,0.35999999769463636,2.305398869680562e-09,0.6399999999999647,25,50,10
18,4484,1.2327808517425014e-42,0.35999999999851356,1.4263393546613138e-11,0.639999999987223,25,50,10
18,4485,6.991122926923518e-41,0.3599775859057673,2.2414106710922256e-05,0.6399999999875218,25,50,10
18,4486,3.079963447242281e-43,0.3599999999968728,1.1968924327403881e-11,0.6399999999911583,25,50,10
18,4487,9.966538104074256e-40,0.3599999999562866,5.299309235517435e-11,0.6399999999907203,25,50,10
18,4488,5.624778713585714e-43,0.3599998156088137,1.8439998274534405e-07,0.6399999999912035,25,50,10
18,4489,2.9952999510499415e-42,0.3599999999519301,1.4255223483664318e-09,0.6399999986225476,25,50,10
18,4490,1.5104256010874196e-42,0.3599999902984663,9.735916291688506e-09,0.6399999999656175,25,50,10
18,4491,1.4674986010468243e-41,0.35999999982811315,6.810024079332981e-10,0.6399999994908845,25,50,10
18,4492,2.5782037936180535e-43,0.3599999998238386,2.2077173709410484e-10,0.6399999999553897,25,50,10
18,4493,1.6751922443482628e-45,0.35999999999627924,5.6484654388363834e-08,0.6399999435190664,25,50,10
18,4494,6.881990439143337e-45,0.35999999999624427,5.650140716811822e-08,0.6399999435023486,25,50,10
18,4495,1.3653237897908691e-44,0.35999999999199317,5.550654155434306e-08,0.6399999445014654,25,50,10
18,4496,8.009910384435921e-44,0.3599999995839427,4.0411178079955504e-08,0.6399999600048791,25,50,10
18,4497,6.996546423809087e-41,0.3599996282802968,3.7171985790247015e-07,0.6399999999998454,25,50,10
18,4498,2.085367193410912e-44,0.35999962832787497,3.7167271872568977e-07,0.6399999999994064,25,50,10
18,4499,2.7497757481831923e-44,0.359999999996125,2.0382687494744473e-09,0.6399999979656062,25,50,10
18,4500,6.239943753372485e-45,0.3599768973726524,2.31046701476576e-05,0.6399999979572,25,50,10
18,4501,8.361696356306435e-40,0.35997758590292817,2.241614004299562e-05,0.6399999979570289,25,50,10
18,4502,1.1411564878950967e-44,0.3599775859035866,2.2416130597689567e-05,0.6399999979658159,25,50,10
18,4503,6.193092891973013e-43,0.3599999902601018,1.228202058360946e-08,0.6399999974578777,25,50,10
18,4504,1.1938174415648884e-46,0.35999999995820076,6.827625198285848e-11,0.6399999999735231,25,50,10
18,4505,1.1257394732458295e-44,0.35999999995961685,2.1251519668400354e-09,0.6399999979152312,25,50,10
18,4506,5.276462245805783e-41,0.35999999978355723,2.5417071525365317e-10,0.6399999999622721,25,50,10
18,4507,3.5277598508281745e-41,0.3599998059222392,1.941031648363563e-07,0.639999999974596,25,50,10
18,4508,3.242112983978106e-36,0.3599999965274315,3.4725939317710597e-09,0.6399999999999746,25,50,10
18,4509,3.9902615327342995e-39,0.35999999665450927,3.3461772286828422e-09,0.6399999999993136,25,50,10
18,4510,3.682694791571821e-42,0.3599999999947693,5.919344052392465e-12,0.6399999999993115,25,50,10
18,4511,1.0797806778379563e-44,0.3599999999941055,6.129913860985782e-12,0.6399999999997646,25,50,10
18,4512,1.0804958558128622e-44,0.3599996065489089,3.9345193717293253e-07,0.6399999999991539,25,50,10
18,4513,9.966528922989578e-40,0.359999606451385,3.935495048563501e-07,0.6399999999991102,25,50,10
18,4514,6.483445800111627e-44,0.3599994158648218,5.841358380620962e-07,0.6399999999993402,25,50,10
18,4515,3.1155861489808155e-43,0.3599685060943999,3.1493905838146244e-05,0.639999999999762,25,50,10
18,4516,3.5443497548438464e-43,0.3599685156700504,3.148434206690628e-05,0.6399999999878827,25,50,10
18,4517,3.340152500837912e-43,0.3599685157932628,3.1484893726623136e-05,0.6399999993130107,25,50,10
18,4518,3.2959886486985485e-43,0.3599999999999119,6.79023786794937e-10,0.6399999993210644,25,50,10
18,4519,9.966692071372408e-40,0.35999999987615294,2.9275247072853203e-08,0.6399999708485999,25,50,10
18,4520,3.0722679433370097e-43,0.3599999996559855,1.4541320454340671e-07,0.63999985493081,25,50,10
18,4521,1.908816868523262e-41,0.3599999998260865,1.5541246611662702e-09,0.6399999986197888,25,50,10
18,4522,1.5536412683055134e-42,0.3599999999991978,7.024833827103243e-10,0.6399999992983189,25,50,10
18,4523,6.901886078812419e-44,0.35999999999383997,7.080626242597144e-10,0.6399999992980976,25,50,10
18,4524,1.3321231618750383e-43,0.3599999999967235,2.8476377558291126e-08,0.639999971526899,25,50,10
18,4525,1.4960365873567154e-42,0.35828153286545905,0.0017184671556571432,0.6399999999788838,25,50,10
18,4526,1.2391193480540771e-42,0.3582815328232906,0.0017184671778109784,0.6399999999988983,25,50,10
18,4527,5.0268143858368854e-45,0.35999999999602245,5.313334849061294e-10,0.6399999994726442,25,50,10
18,4528,7.095330578872735e-44,0.35999999994125437,9.385343348971769e-11,0.6399999999648922,25,50,10
18,4529,5.699796445508039e-43,0.3599996063449632,3.936656954157736e-07,0.6399999999893414,25,50,10
18,4530,2.5867277155622904e-43,0.35999999979941977,2.0937957945020447e-10,0.6399999999912006,25,50,10
18,4531,2.3539393982593106e-45,0.35999999995854537,8.259044579402944e-08,0.6399999174510088,25,50,10
18,4532,4.709346348930039e-44,0.35999999983331743,1.6685499661789186e-10,0.6399999999998277,25,50,10
18,4533,1.5326500351153452e-41,0.3599999941498359,4.4488854555211855e-06,0.6399955569647084,25,50,10
18,4534,1.4691006858745108e-41,0.3599999998778318,4.443157460612215e-06,0.6399955569647076,25,50,10
18,4535,2.1929080650973268e-44,0.3599999998778503,1.1606536943906952e-07,0.6399998840567803,25,50,10
18,4536,2.203070074361533e-44,0.35999999978809455,1.1615534706841599e-07,0.6399998840565584,25,50,10
18,4537,7.001445694040658e-41,0.3599999996632261,3.628271290572529e-10,0.6399999999739469,25,50,10
18,4538,2.790433970298742e-40,0.35999999025854434,2.251377696375692e-06,0.6399977583637593,25,50,10
18,4539,7.000462385753785e-41,0.35999999026149365,9.739267458985936e-09,0.639999999999239,25,50,10
18,4540,6.994527586143604e-41,0.3599999976154064,2.384974210185248e-09,0.6399999999996193,25,50,10
18,4541,2.7115095423015478e-42,0.3599998664650734,1.335352554516047e-07,0.639999999999671,25,50,10
18,4542,7.485839001626618e-41,0.3599998664261898,1.3361240045595298e-07,0.6399999999614097,25,50,10
18,4543,7.116834290895808e-41,0.3599998662377217,1.337727182274393e-07,0.63999999998956,25,50,10
18,4544,1.2274201040651283e-42,0.3599998663379123,1.3366246932703614e-07,0.6399999999996183,25,50,10
18,4545,9.966905639190292e-40,0.3599999831097335,1.6891795748164175e-08,0.6399999999984708,25,50,10
18,4546,6.801697784893901e-37,0.35999999309119457,6.909891549067136e-09,0.6399999999989139,25,50,10
18,4547,9.979012337670602e-40,0.3599999768180556,2.3182392192814386e-08,0.6399999999995523,25,50,10
18,4548,9.979447540968436e-40,0.3599998507010905,1.4929971170074591e-07,0.6399999999991979,25,50,10
18,4549,9.967187820617658e-40,0.35999251861462833,7.481386465859404e-06,0.6399999999989059,25,50,10
18,4550,3.345231619792957e-43,0.35999999753120465,2.468813648383215e-09,0.6399999999999817,25,50,10
18,4551,1.2324836239284169e-42,0.3599999966435729,3.3564467065498697e-09,0.6399999999999805,25,50,10
18,4552,7.116721553823131e-41,0.3599999965899773,3.4342445323422393e-09,0.6399999999757782,25,50,10
18,4553,1.702302611731498e-46,0.3599999998247591,1.882341036848526e-10,0.6399999999870069,25,50,10
18,4554,3.9866324039437305e-39,0.35999999286743467,7.206180256517227e-09,0.6399999999263851,25,50,10
18,4555,3.9866108188701274e-39,0.3599999928645248,7.183687520486699e-09,0.6399999999517877,25,50,10
18,4556,3.986917556667871e-39,0.35999999305239627,6.9839084385327344e-09,0.6399999999636953,25,50,10
18,4557,3.986675157433995e-39,0.35999999297621554,9.058280893357266e-09,0.6399999979655036,25,50,10
18,4558,4.163861236589986e-32,0.35957812784288506,0.0004218721935968183,0.6399999999635182,25,50,10
18,4559,4.1638612361974323e-32,0.3595781277398747,0.0004218742937941438,0.6399999979663311,25,50,10
18,4560,2.5787990713253312e-43,0.3599999999540822,7.264372256191939e-11,0.6399999999732741,25,50,10
18,4561,9.964811711703833e-40,0.3599923923972011,7.607604029744234e-06,0.6399999999987691,25,50,10
18,4562,1.7934248912139598e-45,0.3599999999550234,5.345702786205017e-11,0.6399999999915196,25,50,10
18,4563,6.484155912597087e-46,0.35999999983501957,1.6501026915766737e-10,0.6399999999999701,25,50,10
18,4564,9.599300263390821e-45,0.35999999983393893,2.02371870301162e-10,0.6399999999636892,25,50,10
18,4565,3.06666963630038e-44,0.35999999999775795,3.915940010140535e-11,0.6399999999630827,25,50,10
18,4566,1.752926325921644e-41,0.3599891338095994,1.086765188132515e-05,0.6399999985385193,25,50,10
18,4567,9.966705518319507e-40,0.35999999999682586,2.8376992214095612e-11,0.6399999999747972,25,50,10
18,4568,3.238080715869194e-36,0.35999944709713616,2.1758249873874508e-06,0.6399983770778764,25,50,10
18,4569,1.7506597628660999e-41,0.35999999975676866,9.570249220309936e-10,0.6399999992862064,25,50,10
18,4570,2.879263823763054e-43,0.35999999975776303,9.526883280417654e-10,0.6399999992895486,25,50,10
18,4571,1.4893757053588524e-42,0.35999999761756313,3.1058171496021297e-09,0.6399999992766197,25,50,10
18,4572,1.2271082905864689e-42,0.3599999974929689,2.519349398287122e-09,0.6399999999876816,25,50,10
18,4573,1.873392585240346e-41,0.35999999422813517,5.792960967111312e-09,0.639999999978904,25,50,10
18,4574,1.7764648936025071e-41,0.3599999998715958,1.5847290238615772e-10,0.6399999999699313,25,50,10
18,4575,9.966479911115388e-40,0.35999999991489057,9.766536129876524e-11,0.6399999999874442,25,50,10
18,4576,9.9664796570079e-40,0.35999999341717237,6.595585171458181e-09,0.6399999999872424,25,50,10
18,4577,5.0104796421157563e-45,0.35999999665169063,1.6262499946369136e-06,0.6399983770983149,25,50,10
18,4578,3.9865903524793096e-39,0.359999999996008,1.262679760342071e-11,0.6399999999913653,25,50,10
18,4579,3.98659013225267e-39,0.3599999974431264,2.557054593581028e-09,0.6399999999998189,25,50,10
18,4580,6.994029110791234e-41,0.35999999995748105,4.284524695009732e-11,0.6399999999996737,25,50,10
18,4581,6.994591485465021e-41,0.3599999999573903,4.299613619600798e-11,0.6399999999996135,25,50,10
18,4582,1.4675450379432747e-41,0.359999999820178,1.7986036884280328e-10,0.6399999999999616,25,50,10
18,4583,1.2275820344829469e-42,0.35999999965003426,4.195368239587108e-10,0.6399999999304289,25,50,10
18,4584,3.023064289843179e-42,0.359999999876557,8.60799124688186e-10,0.6399999992626438,25,50,10
18,4585,1.2315974495357233e-42,0.35999999989655707,8.53318920713927e-10,0.6399999992501241,25,50,10
18,4586,2.603114484179517e-47,0.3599999999960741,4.164555001977805e-11,0.6399999999622803,25,50,10
18,4587,1.0943594401845588e-46,0.3599999999960375,4.181839689849567e-12,0.6399999999997806,25,50,10
18,4588,1.2274623381595194e-42,0.3599999976154023,2.385253477872026e-09,0.6399999999993442,25,50,10
18,4589,6.99492912897778e-41,0.3599999910962081,8.903810057664513e-09,0.6399999999999819,25,50,10
18,4590,8.373946495159973e-40,0.35999999535712335,4.643568475868086e-09,0.6399999999993082,25,50,10
18,4591,8.389232469137884e-40,0.35999226126000167,7.738741148683315e-06,0.6399999999988497,25,50,10
18,4592,8.364695156239387e-40,0.35999999755890805,2.996686293125737e-08,0.639999972474229,25,50,10
18,4593,9.966798968618323e-40,0.35999999980039143,2.7725285459271154e-08,0.6399999724743232,25,50,10
18,4594,9.930366182362106e-45,0.35999999994018766,2.7597795665481948e-08,0.6399999724620168,25,50,10
18,4595,2.2328500510433684e-34,0.3599999964785101,3.107055336135819e-08,0.6399999724509365,25,50,10
18,4596,1.8457220787094863e-34,0.3599999997798783,2.2096770514420922e-10,0.6399999999991541,25,50,10
18,4597,6.994067652651266e-41,0.3599999975723642,2.4405801902425584e-09,0.6399999999870555,25,50,10
18,4598,7.758189085182651e-41,0.35999999995189724,8.174449448201267e-11,0.6399999999663583,25,50,10
18,4599,7.360811571051015e-41,0.3599999998340106,1.6681362806487186e-10,0.6399999999991757,25,50,10
18,4600,1.015666198189737e-39,0.3599999879208621,1.278183426780663e-08,0.6399999992973037,25,50,10
18,4601,1.7797229113382648e-41,0.35999999999547483,5.435381800148584e-12,0.6399999999990897,25,50,10
18,4602,2.268382639914797e-40,0.35999944733971134,5.533632813542998e-07,0.6399999992970073,25,50,10
18,4603,5.68267090211991e-38,0.35999944733677425,5.538659341124401e-07,0.6399999987972917,25,50,10
18,4604,5.682639768077578e-38,0.3599999965327123,4.169743282416544e-09,0.6399999992975444,25,50,10
18,4605,5.684106181905525e-38,0.3599999965327483,3.46726702913209e-09,0.6399999999999847,25,50,10
18,4606,1.4669919409181144e-41,0.3599999933582581,7.352545721072957e-09,0.6399999992891962,25,50,10
18,4607,1.2497055674845066e-42,0.3599999900121296,1.0000428392466488e-08,0.6399999999874421,25,50,10
18,4608,3.0685680003338075e-43,0.35999999309655983,6.904238664380562e-09,0.6399999999992014,25,50,10
18,4609,1.8163673834274e-41,0.35999962828309917,3.7172923676637555e-07,0.6399999999876641,25,50,10
18,4610,3.4974774460827207e-41,0.3599996283259388,3.7168638647812774e-07,0.6399999999876748,25,50,10
18,4611,6.99413929462358e-41,0.35999960638278794,3.9365289071132385e-07,0.6399999999643212,25,50,10
18,4612,6.435864891157722e-44,0.35999999999915294,9.868169689802874e-10,0.63999999901403,25,50,10
18,4613,3.7139543498755856e-43,0.35999999665392474,5.824273314341801e-09,0.6399999975218019,25,50,10
18,4614,3.716852673847322e-43,0.3599999907518701,1.0283325386585739e-08,0.6399999989648044,25,50,10
18,4615,3.0713243504457568e-43,0.3599999976558205,2.3742475699000057e-09,0.639999999969932,25,50,10
18,4616,5.771523492890709e-45,0.3599999976096748,2.408284992390296e-09,0.6399999999820402,25,50,10
18,4617,5.385217339393043e-45,0.3599999999381016,1.5097113507385844e-09,0.6399999985521871,25,50,10
18,4618,3.9902573293756096e-39,0.3599999999380895,8.278899158743617e-11,0.6399999999791216,25,50,10
18,4619,1.2275867612084093e-42,0.3599998688030343,1.5970658642033268e-07,0.6399999714903793,25,50,10
18,4620,3.669008375557701e-42,0.35999999989795517,2.8620423732598498e-08,0.639999971481621,25,50,10
18,4621,5.680891402737515e-38,0.35999999999419074,6.604468399032306e-12,0.6399999999992049,25,50,10
18,4622,6.863228524840644e-45,0.3599999903040018,9.697294085772017e-09,0.639999999998704,25,50,10
18,4623,6.890070654391434e-45,0.3599999998757334,1.505581979200984e-10,0.6399999999737084,25,50,10
18,4624,3.145010454990226e-43,0.35999999432461555,5.701457489509359e-09,0.639999999973927,25,50,10
18,4625,4.0023714804098086e-42,0.3599999942230471,4.560628397979762e-08,0.639999960170669,25,50,10
18,4626,1.2274082161589156e-42,0.35998949565252486,1.0506295021270133e-05,0.6399999980524538,25,50,10
18,4627,7.116722525602746e-41,0.35999999999473997,2.5384583483582883e-09,0.6399999974668017,25,50,10
18,4628,7.239471383893607e-41,0.35999999523152526,4.7697812458722716e-09,0.6399999999986936,25,50,10
18,4629,3.9869199041919264e-39,0.3599999951941767,4.817889437884611e-09,0.6399999999879339,25,50,10
18,4630,2.2443257902836726e-44,0.3599999976152739,2.3847265922935276e-09,0.6399999999999995,25,50,10
18,4631,2.276090410932749e-44,0.3599998093141839,1.9068672532273795e-07,0.6399999999990907,25,50,10
18,4632,3.017198240981168e-43,0.35999980927171743,1.9279823091377088e-07,0.6399999979300517,25,50,10
18,4633,2.0910533772504944e-40,0.3599999999960839,2.932301278452464e-11,0.639999999974593,25,50,10
18,4634,2.709373096079719e-44,0.35999999761689055,2.383119834009164e-09,0.6399999999999896,25,50,10
18,4635,1.0439013255725547e-44,0.3599999966050962,3.394915119776207e-09,0.6399999999999887,25,50,10
18,4636,2.7169134584651635e-44,0.35956374903041033,0.0004362509704172048,0.6399999999991723,25,50,10
18,4637,2.0955765898776372e-44,0.3578452819507891,0.0021547180583520696,0.6399999999908588,25,50,10
18,4638,4.766131342939868e-38,0.3582815261327918,0.0017184738679897821,0.6399999999992185,25,50,10
18,4639,2.218049327776144e-44,0.3599999964886995,3.5117540799909485e-09,0.6399999999995465,25,50,10
18,4640,6.996323050415829e-41,0.35999999999384097,6.6410968985007496e-12,0.6399999999995181,25,50,10
18,4641,7.000491368340271e-41,0.35999999999479776,6.720422279841524e-12,0.6399999999984819,25,50,10
18,4642,3.7329547601842834e-42,0.35999999999281845,8.256892100663557e-08,0.6399999174382606,25,50,10
18,4643,1.5362141703031827e-42,0.3599999921227457,7.890838638492526e-09,0.6399999999864157,25,50,10
18,4644,1.5392915303528366e-42,0.3599999884519861,1.1572239173220825e-08,0.6399999999757747,25,50,10
18,4645,4.766281126945995e-38,0.35999999535555993,4.677848988319107e-09,0.6399999999665912,25,50,10
18,4646,3.0679501494369694e-43,0.3599999952366166,4.7633867295338446e-09,0.6399999999999967,25,50,10
18,4647,2.0904653778112002e-40,0.3599999997528076,2.4753123329749386e-10,0.6399999999996612,25,50,10
18,4648,4.1957008133665025e-39,0.35999999970533303,3.3113263055526086e-10,0.6399999999635344,25,50,10
18,4649,1.748674180534423e-41,0.3599999996478857,4.038351202475611e-08,0.6399999599686023,25,50,10
18,4650,2.1159297753463225e-41,0.3599999929173863,4.7078088228850986e-08,0.6399999600045255,25,50,10
18,4651,3.931986315509614e-42,0.3599999999539486,5.889420199595099e-11,0.6399999999871572,25,50,10
18,4652,3.9746418856295256e-42,0.3599999975713098,2.940746866189323e-09,0.6399999994879434,25,50,10
18,4653,2.6244678549641635e-43,0.35999999983396264,7.022993087723032e-10,0.6399999994637381,25,50,10
18,4654,3.9293499513806634e-42,0.3599999999977441,3.9469905116482285e-11,0.639999999962786,25,50,10
18,4655,3.671915261589263e-42,0.35999999999773274,3.105302118463997e-12,0.639999999999162,25,50,10
18,4656,7.117181773847085e-41,0.3599999997689875,9.097536084053706e-10,0.6399999993212588,25,50,10
18,4657,7.143065757229369e-41,0.359999999836951,8.50275612724752e-10,0.6399999993127733,25,50,10
18,4658,1.2319148648788389e-42,0.35999999983700126,1.63635592942132e-10,0.639999999999363,25,50,10
18,4659,3.987822825743264e-39,0.3599999864930348,1.350739037673811e-08,0.6399999999995748,25,50,10
18,4660,3.766892396192896e-43,0.35999999347520484,6.525882069055998e-09,0.639999999998913,25,50,10
18,4661,3.2756416246410203e-43,0.3599999934740808,6.5355539691939575e-09,0.6399999999903653,25,50,10
18,4662,2.5907195462697146e-43,0.3599998608980312,1.3914644069793577e-07,0.639999999955528,25,50,10
18,4663,2.7009711877037276e-43,0.35999999183579035,8.173167679783838e-09,0.6399999999910421,25,50,10
18,4664,1.676660833740878e-45,0.3599999966502327,3.3498042729329574e-09,0.6399999999999629,25,50,10
18,4665,1.3988098326629642e-40,0.3599994473351716,5.526654898639579e-07,0.6399999999993387,25,50,10
18,4666,2.208969833147571e-44,0.35999999672353106,8.580114489104864e-08,0.639999917475324,25,50,10
18,4667,4.922311905178694e-45,0.3599999998736837,8.265013904483564e-08,0.6399999174761772,25,50,10
18,4668,2.6228268028653686e-43,0.3599999999917696,2.596477775012724e-11,0.6399999999822655,25,50,10
18,4669,1.4443445000647306e-44,0.35999999995595466,8.694847404889777e-11,0.6399999999570969,25,50,10
18,4670,2.1535629913532533e-44,0.359999864247107,1.3575289777857898e-07,0.6399999999999951,25,50,10
18,4671,3.238125504758179e-36,0.35999999995525855,4.496970681100069e-11,0.6399999999997718,25,50,10
18,4672,5.856803785769252e-43,0.35999999983779996,2.0666207496500178e-10,0.6399999999555379,25,50,10
18,4673,1.8049734361377333e-41,0.35999999993517656,8.313628817404082e-11,0.6399999999816871,25,50,10
18,4674,2.5791340153950752e-43,0.3599999999968513,2.1482548264923277e-11,0.6399999999816661,25,50,10
18,4675,2.272358722167599e-37,0.3599999976935647,2.316443026606565e-09,0.6399999999899922,25,50,10
18,4676,2.272357014776678e-37,0.35999999769142255,2.3175305800585653e-09,0.6399999999910471,25,50,10
18,4677,6.453453722696361e-44,0.3599999999947855,5.243858244328027e-12,0.6399999999999707,25,50,10
18,4678,3.124219489583785e-43,0.35999999665453075,3.3550313970029267e-09,0.6399999999904379,25,50,10
18,4679,6.137662299936694e-43,0.3599999999970271,4.5350047640427456e-11,0.6399999999576229,25,50,10
18,4680,3.115402294199117e-43,0.359999999992963,7.444107460848148e-10,0.6399999992626263,25,50,10
18,4681,2.90754458347289e-46,0.35999999982600706,1.5780008366593932e-09,0.6399999985959921,25,50,10
18,4682,1.8457217289557625e-34,0.35999986849219745,1.3291131343888204e-07,0.639999998596489,25,50,10
18,4683,1.749052157745822e-41,0.3599999999401352,5.44824347822057e-10,0.6399999995150404,25,50,10
18,4684,3.112767961897831e-43,0.3599999998863996,1.26882938204281e-10,0.6399999999867175,25,50,10
18,4685,6.040459017863044e-46,0.35999999977746966,2.438083155277582e-10,0.6399999999787219,25,50,10
18,4686,2.2407767205838576e-44,0.35999999979246255,2.2883487825789438e-10,0.6399999999787026,25,50,10
18,4687,7.363465213384437e-41,0.35998913386407905,1.0866873916775831e-05,0.6399999992620041,25,50,10
18,4688,3.6680994098015295e-42,0.35999999749476985,4.954211244812636e-09,0.6399999975510189,25,50,10
18,4689,4.3859489237707055e-44,0.3599999998273681,1.1586051813017067e-09,0.6399999990140267,25,50,10
18,4690,8.66115398344531e-44,0.3599996151148167,3.8489772116690763e-07,0.6399999999874622,25,50,10
18,4691,9.975336713210178e-40,0.3599999997830283,2.2659925120764098e-10,0.6399999999903725,25,50,10
18,4692,1.4976933693864068e-41,0.359999999995804,6.826678525001511e-10,0.6399999993215282,25,50,10
18,4693,1.4676151555068217e-41,0.3599999999580691,7.211658436539296e-10,0.639999999320765,25,50,10
18,4694,1.4680318640845216e-41,0.3599999999135012,7.740878271217633e-10,0.639999999312411,25,50,10
18,4695,1.5896724343945616e-41,0.3599922635980534,7.737080712146167e-06,0.6399999993212344,25,50,10
18,4696,3.067769824312501e-43,0.35999999993105386,6.925409202863715e-11,0.639999999999692,25,50,10
18,4697,5.68094216190749e-38,0.3599999997104551,3.078257661797375e-10,0.6399999999817191,25,50,10
18,4698,5.680949280010239e-38,0.3599999972860535,2.7324541631069557e-09,0.6399999999814924,25,50,10
18,4699,3.286728996976247e-43,0.35999999995609294,4.457698875024733e-11,0.6399999999993301,25,50,10
18,4700,8.491656080191888e-41,0.35999999993793963,2.1051451045363346e-09,0.6399999979569152,25,50,10
18,4701,7.021910036274874e-41,0.35999999999462845,1.8594506414938298e-11,0.639999999986777,25,50,10
18,4702,2.1732201636168113e-44,0.3599999930941604,6.907042457592268e-09,0.6399999999987971,25,50,10
18,4703,1.2489560018916672e-42,0.35999999760817064,2.3927537855702065e-09,0.6399999999990756,25,50,10
18,4704,3.987803748586465e-39,0.3599998069313562,1.951281692160428e-07,0.6399999979404747,25,50,10
18,4705,7.117300400074609e-41,0.3599999976104548,4.449048599367815e-09,0.6399999979404966,25,50,10
18,4706,1.2427295714535323e-42,0.3599999976140589,2.4128615858919913e-09,0.6399999999730795,25,50,10
18,4707,1.1915323932628305e-38,0.3599999999412046,6.025545569757558e-11,0.63999999999854,25,50,10
18,4708,1.1915318683182192e-38,0.3599999997292672,2.709608269555926e-10,0.6399999999997719,25,50,10
18,4709,4.868180063066568e-46,0.3599999997293583,2.708689494177597e-10,0.6399999999997728,25,50,10
18,4710,2.266476418662462e-44,0.3599999997265943,2.7362991895487153e-10,0.6399999999997759,25,50,10
18,4711,6.481959457398886e-44,0.3599775853822693,2.2414618395638596e-05,0.639999999999335,25,50,10
18,4712,2.1790170972560053e-44,0.3599891336984405,1.0866302015925117e-05,0.6399999999995436,25,50,10
18,4713,3.06856809633985e-43,0.3599998091967969,1.935387504232599e-07,0.6399999972644527,25,50,10
18,4714,1.0113387794801902e-39,0.3599999902979664,1.1744467162513828e-08,0.6399999979575665,25,50,10
18,4715,1.2744302002284008e-46,0.3599999999999532,2.0343539167588634e-09,0.639999997965693,25,50,10
18,4716,9.96800152731647e-47,0.3599999999999669,2.0597132820410866e-09,0.6399999979403198,25,50,10
18,4717,2.62378387540071e-44,0.35999999999986615,9.11667372516535e-12,0.6399999999910172,25,50,10
18,4718,4.6303782063947676e-45,0.3599999999999831,2.3983846193320567e-13,0.6399999999997772,25,50,10
18,4719,1.5295294339952942e-44,0.3599999903030751,9.697587108109923e-09,0.6399999999993378,25,50,10
18,4720,3.121662744174462e-43,0.35999999665057203,3.3498843389371663e-09,0.6399999999995437,25,50,10
18,4721,1.8734914808577302e-41,0.35999999995164395,4.885178015721471e-11,0.6399999999995043,25,50,10
18,4722,2.090407608301897e-40,0.3599999998737538,1.2671720096280674e-10,0.639999999999529,25,50,10
18,4723,2.0910659440708845e-40,0.3599999998767759,1.2432377127690616e-10,0.6399999999989003,25,50,10
18,4724,2.0904413096719026e-40,0.3599999999999788,4.906026170683015e-13,0.6399999999995307,25,50,10
18,4725,2.1358570293435e-40,0.3599999903018858,1.1741006514890538e-08,0.6399999979571078,25,50,10
18,4726,5.945051310868474e-43,0.35999999999553084,2.748780792448557e-09,0.6399999972556883,25,50,10
18,4727,1.5005848454353348e-41,0.3599999999339837,7.685595503697871e-10,0.6399999992974569,25,50,10
18,4728,1.4976698124838665e-41,0.35998913386768516,1.086682309550483e-05,0.6399999993092194,25,50,10
18,4729,3.2875928741288353e-43,0.35998913368802826,1.0866325504966963e-05,0.6399999999864666,25,50,10
18,4730,1.7424414398126318e-46,0.3599999996573281,3.426880123555547e-10,0.6399999999999839,25,50,10
18,4731,6.450383232254502e-44,0.35999999981872643,1.8343658098445834e-10,0.6399999999978371,25,50,10
18,4732,7.11686767059473e-41,0.35999973539679403,3.0327544548981824e-07,0.6399999613277605,25,50,10
18,4733,2.595436932724296e-43,0.35999999024120277,1.0461125219007582e-08,0.639999999297672,25,50,10
18,4734,2.718877623872114e-44,0.35999999999882376,2.0355323192268214e-09,0.6399999979656438,25,50,10
18,4735,1.1271578523763416e-44,0.3599999999962573,2.756293034281931e-08,0.6399999724408124,25,50,10
18,4736,3.2372280348643395e-36,0.3599891336536555,1.0894396423390892e-05,0.6399999719499212,25,50,10
18,4737,3.237228034755805e-36,0.35998913353177076,1.0866510886381703e-05,0.6399999999573428,25,50,10
18,4738,1.1915881828450066e-38,0.35999999987571984,1.422069824933348e-10,0.6399999999820732,25,50,10
18,4739,5.6976892947223705e-43,0.3599999998747826,1.5477973066660432e-10,0.6399999999704378,25,50,10
18,4740,3.151903788286741e-44,0.35999999999387844,6.443377471895913e-12,0.6399999999996782,25,50,10
18,4741,2.847461477160439e-43,0.35999999953852574,8.298584246672579e-08,0.6399999174756318,25,50,10
18,4742,2.6287693990389855e-43,0.3599999964834404,3.517965745434627e-09,0.6399999999985938,25,50,10
18,4743,5.680890101355085e-38,0.3599999867854101,1.527448755742899e-08,0.6399999979401023,25,50,10
18,4744,2.8501571797378564e-44,0.35999999982912456,2.23107826274705e-09,0.6399999979397972,25,50,10
18,4745,1.7513453918828594e-41,0.35999999659007786,3.436765474107563e-09,0.6399999999731567,25,50,10
18,4746,4.9249904379447963e-45,0.3599999999998701,9.129102093540526e-12,0.6399999999910009,25,50,10
18,4747,3.667767761678958e-42,0.3599999999998522,2.125526428075835e-11,0.6399999999788925,25,50,10
18,4748,1.499620153618767e-41,0.3599999999539646,5.4966791206067326e-11,0.6399999999910686,25,50,10
18,4749,8.599373862456098e-44,0.3599999999939449,2.0400187003250023e-09,0.6399999979660363,25,50,10
18,4750,6.520721182336948e-44,0.3599999901720807,9.828294017642158e-09,0.6399999999996253,25,50,10
18,4751,9.966479935805846e-40,0.359999990236183,9.764659806906894e-09,0.6399999999991572,25,50,10
18,4752,6.994469277290254e-41,0.3599999998179994,1.949604896976731e-10,0.6399999999870402,25,50,10
18,4753,7.239233936456988e-45,0.35999999999483195,7.072187367534808e-10,0.6399999992979493,25,50,10
18,4754,2.773312159744648e-44,0.3599999999944603,7.073747653639752e-10,0.639999999298165,25,50,10
18,4755,1.1916845352396492e-38,0.35999999347706846,6.522959730335167e-09,0.6399999999999718,25,50,10
18,4756,2.620634123921779e-43,0.35999999994043397,6.849138087110688e-11,0.6399999999910747,25,50,10
18,4757,3.238092260241676e-36,0.3599998092557481,4.89405371348282e-06,0.6399952966905385,25,50,10
18,4758,5.695066228580051e-43,0.3599999998818535,1.313592459320091e-10,0.6399999999867871,25,50,10
18,4759,5.2029256454456475e-43,0.35999999993768145,6.483486153044058e-11,0.6399999999974838,25,50,10
18,4760,2.6199436470740414e-43,0.35999999999843313,1.408670498631757e-09,0.6399999985928964,25,50,10
18,4761,4.681905546189385e-46,0.3599999999998065,2.5822903952053294e-11,0.6399999999743705,25,50,10
18,4762,9.966578669843539e-40,0.35999999994010795,7.63313654664339e-10,0.6399999992965786,25,50,10
18,4763,7.393770977242544e-44,0.3599999999402002,6.181710885663681e-11,0.6399999999979827,25,50,10
18,4764,1.29165514193537e-43,0.3599999999401354,6.033713068864942e-11,0.6399999999995275,25,50,10
18,4765,4.0015033989354695e-39,0.35999986418988444,1.372580679606091e-07,0.6399999985520476,25,50,10
18,4766,2.254207845422499e-46,0.35999999988252085,1.503278005435934e-09,0.6399999986142011,25,50,10
18,4767,1.2488314376777014e-42,0.3599999998803753,1.9920604544050085e-09,0.6399999981275643,25,50,10
18,4768,1.2275049458720634e-42,0.3599999999383565,8.673955822769535e-11,0.6399999999749039,25,50,10
18,4769,1.5901693043271553e-41,0.35999999987707826,2.8190817958388132e-08,0.6399999719321038,25,50,10
18,4770,1.5902747025690006e-41,0.3599999999578351,2.807742288790612e-08,0.6399999719647419,25,50,10
18,4771,3.340922299558554e-41,0.3599999897064579,3.8328786460248835e-08,0.6399999719647557,25,50,10
18,4772,8.508341550550897e-40,0.35999999989546233,6.410286933634423e-10,0.6399999994635089,25,50,10
18,4773,2.3797582465693903e-44,0.359999999899493,6.129788458204082e-10,0.6399999994875282,25,50,10
18,4774,5.079229231798761e-44,0.3599999975336803,2.978805831478918e-09,0.6399999994875138,25,50,10
18,4775,2.6075674570617667e-43,0.3599999998781261,6.424831831228132e-10,0.6399999994793908,25,50,10
18,4776,4.056552244103641e-39,0.3599999934177358,6.595229953181397e-09,0.6399999999870342,25,50,10
18,4777,3.990278863518185e-39,0.3599999998757458,1.244818124837191e-10,0.6399999999997723,25,50,10
18,4778,1.2539305485295762e-42,0.35999999983701214,1.6299270253640183e-10,0.6399999999999951,25,50,10
18,4779,4.237518465177495e-42,0.3599999902615166,9.776424139874953e-09,0.6399999999620594,25,50,10
18,4780,4.525469341812145e-45,0.35999999993543114,6.501295148914436e-11,0.639999999999556,25,50,10
18,4781,5.4645822544044214e-45,0.35999999999336724,6.663614376147113e-12,0.6399999999999691,25,50,10
18,4782,5.807691584721817e-45,0.35999999987807685,6.425370541710114e-10,0.6399999994793861,25,50,10
18,4783,5.510679747072724e-45,0.35999999987807746,6.519171673989078e-10,0.6399999994700054,25,50,10
18,4784,1.4696442185257688e-41,0.3599998059657185,3.357212929015463e-06,0.6399968368213524,25,50,10
18,4785,4.788500616216254e-38,0.35999967576156544,3.797674891311159e-07,0.6399999444709455,25,50,10
18,4786,5.164782705367336e-38,0.35999967578019715,3.7972776406705765e-07,0.6399999444920388,25,50,10
18,4787,3.9866008748256786e-39,0.35999980927010766,1.9123020061516184e-07,0.6399999994996918,25,50,10
18,4788,1.296826469068977e-42,0.35999967333400207,3.272013699232598e-07,0.639999999464628,25,50,10
18,4789,1.2968443137958833e-42,0.35999967350513506,3.2844249692616594e-07,0.639999998052368,25,50,10
18,4790,1.4696517847090054e-41,0.35999980931516495,1.9119698460872775e-07,0.6399999994878505,25,50,10
18,4791,1.5553886693021382e-42,0.35999999999671717,4.3945558455223415e-12,0.6399999999988882,25,50,10
18,4792,8.35409452773422e-46,0.3599999999380833,6.298931125475584e-11,0.6399999999989274,25,50,10
18,4793,1.2280446439148053e-42,0.35999999747904676,2.5209686384960194e-09,0.6399999999999847,25,50,10
18,4794,1.3353434960945396e-42,0.35999986632431363,1.337017034109161e-07,0.6399999999739829,25,50,10
18,4795,2.2005617437285272e-44,0.3599998665462523,1.334537741123433e-07,0.6399999999999736,25,50,10
18,4796,2.1987915456819274e-47,0.3599999998984827,1.0153120245948826e-10,0.6399999999999861,25,50,10
18,4797,3.0685044395055736e-43,0.3599999998993762,1.0107013282976421e-10,0.6399999999995537,25,50,10
18,4798,4.9145103418126795e-45,0.35999999970870633,2.9131140709712035e-10,0.6399999999999822,25,50,10
18,4799,3.1170759363073134e-43,0.3599999997057597,2.9450359831280387e-10,0.6399999999997368,25,50,10
18,4800,3.0939235901453104e-43,0.35999981566259287,1.8433849777297598e-07,0.6399999999989094,25,50,10
18,4801,3.3055013141723724e-43,0.3599999999331773,6.789101542847438e-11,0.6399999999989316,25,50,10
18,4802,8.397076566317573e-46,0.3599999997055216,2.947023973283892e-10,0.6399999999997761,25,50,10
18,4803,1.4670016452370693e-41,0.359999999828722,1.71511848332431e-10,0.6399999999997663,25,50,10
18,4804,1.0003204026484485e-39,0.3599997993873047,2.4062510856969725e-07,0.6399999599875867,25,50,10
18,4805,5.893196296196965e-45,0.35999979944843696,2.0060679287921618e-07,0.6399999999447702,25,50,10
18,4806,1.5553588672521212e-42,0.3599999901324704,9.885086363311841e-09,0.6399999999824432,25,50,10
18,4807,4.1451867987606975e-46,0.35999999744678063,2.589373265533453e-09,0.6399999999638462,25,50,10
18,4808,6.219449405611752e-45,0.35999999761722945,3.0856889622333136e-08,0.6399999715258811,25,50,10
18,4809,2.1708717629772166e-44,0.35999999987779424,2.859530082204171e-08,0.6399999715269049,25,50,10
18,4810,1.2486253739636395e-42,0.35998913382456676,1.0866211136019613e-05,0.6399999999642971,25,50,10
18,4811,1.5059046891785662e-42,0.3599891338245388,1.086617546711162e-05,0.6399999999999941,25,50,10
18,4812,2.4541642607905545e-42,0.35999999991471926,8.591284866896591e-11,0.6399999999993679,25,50,10
18,4813,1.2486421436258385e-42,0.3599999999581063,7.960903557740326e-11,0.6399999999622846,25,50,10
18,4814,1.3129109151341001e-42,0.3599999999571304,5.5221682691897e-11,0.6399999999876479,25,50,10
18,4815,1.3007984905256601e-42,0.35999999995497506,4.550780294653369e-11,0.6399999999995171,25,50,10
18,4816,1.5286702730397634e-42,0.35999999343672867,6.565007017942936e-09,0.6399999999982643,25,50,10
18,4817,8.89016186834811e-42,0.3599999934355694,7.064558598719126e-09,0.6399999994998721,25,50,10
18,4818,3.072372254828627e-43,0.3599999999320497,9.364996034533727e-11,0.6399999999743003,25,50,10
18,4819,3.067969647429961e-43,0.35999999309113356,6.9095178062651334e-09,0.6399999999993488,25,50,10
18,4820,6.481192713219379e-44,0.3599999930972273,6.903863695883083e-09,0.6399999999989091,25,50,10
18,4821,4.963707443390361e-42,0.3599995996501822,4.003509017841157e-07,0.6399999999989161,25,50,10
18,4822,1.5533109386909595e-42,0.35999959959230216,4.017649345740546e-07,0.6399999986427632,25,50,10
18,4823,1.617436619842232e-46,0.3599999907156273,1.0462672149746586e-08,0.6399999988217006,25,50,10
18,4824,1.7495059483523674e-41,0.35999999297921176,8.460887920498296e-09,0.6399999985599004,25,50,10
18,4825,1.7610939003085684e-46,0.35999999999557053,8.810807354786487e-11,0.6399999999163213,25,50,10
18,4826,3.688913129382497e-42,0.3599999999946079,8.907561632785837e-11,0.6399999999163165,25,50,10
18,4827,2.701333624451576e-44,0.35999999995345155,9.453933934872076e-11,0.6399999999520091,25,50,10
18,4828,4.621675433738828e-45,0.3599999999533612,4.71074732068248e-11,0.6399999999995313,25,50,10
18,4829,3.1232964707555317e-44,0.35999187015247924,8.129848278257809e-06,0.6399999999992425,25,50,10
18,4830,1.493138355911967e-41,0.3599999999971106,1.1100005141494249e-07,0.6399998890028381,25,50,10
18,4831,5.194964683329134e-43,0.35999999999785,2.8540982089896393e-11,0.639999999973609,25,50,10
18,4832,3.30912808237914e-43,0.3599999999595758,8.922878969152697e-05,0.6399107712507327,25,50,10
18,4833,5.194488365046302e-43,0.3599999999595754,5.244930834917439e-10,0.6399999995159316,25,50,10
18,4834,5.744789568580496e-45,0.3599999999938236,4.28570322158409e-11,0.6399999999633194,25,50,10
18,4835,2.622036886273626e-44,0.3599775859028398,2.2416132444194087e-05,0.639999997964716,25,50,10
18,4836,1.10360444574711e-44,0.3599998156211944,1.8437948666698077e-07,0.639999999999319,25,50,10
18,4837,5.686454192532009e-43,0.3599998093121018,1.9068884236142878e-07,0.6399999999990559,25,50,10
18,4838,2.7166927519022463e-36,0.3599998091940535,1.908065607699901e-07,0.6399999999993857,25,50,10
18,4839,2.716692439858707e-36,0.35999999987873244,1.4705652483990724e-10,0.6399999999742111,25,50,10
18,4840,2.6302081000887194e-43,0.35999999987669207,1.7415153979582016e-10,0.6399999999491564,25,50,10
18,4841,6.698179267200804e-45,0.3599999998737232,1.5190654365737715e-10,0.6399999999743702,25,50,10
18,4842,1.5026464874156816e-47,0.35999999999551135,4.489109325193776e-12,0.6399999999999997,25,50,10
18,4843,1.2270475048270669e-42,0.35999999999564175,4.588996735295082e-12,0.6399999999997693,25,50,10
18,4844,9.056767821371179e-45,0.3599999998277337,1.1459521916282252e-09,0.6399999990263142,25,50,10
18,4845,6.994031144830937e-41,0.35999999665309645,4.048591491815153e-09,0.6399999992983121,25,50,10
18,4846,5.5868824635390885e-46,0.3599999999978123,7.038755227911458e-10,0.6399999992983122,25,50,10
18,4847,4.898251076282694e-45,0.3599922636406456,7.736384985273727e-06,0.6399999999743692,25,50,10
18,4848,9.488520194087186e-45,0.35999226358405406,7.73644181989189e-06,0.6399999999741262,25,50,10
18,4849,6.994140873289975e-41,0.3599999930386176,6.985841237166283e-09,0.6399999999755411,25,50,10
18,4850,4.3438023974616545e-41,0.3447212462762492,0.01527875374885383,0.639999999974897,25,50,10
18,4851,1.011340065708105e-39,0.3599999974975784,2.527678422247416e-09,0.6399999999747433,25,50,10
18,4852,9.96669524019383e-40,0.3595637525871036,0.00043624741433178737,0.6399999999985646,25,50,10
18,4853,6.994106085986789e-41,0.3595637525846804,0.0004362474530521333,0.6399999999622674,25,50,10
18,4854,1.2290051352064772e-42,0.35956317480830385,0.00043682523065809734,0.6399999999610381,25,50,10
18,4855,1.2500095672801622e-42,0.3595633591392105,0.0004366408615751303,0.6399999999992143,25,50,10
18,4856,1.2335101694116725e-42,0.3599770565862512,2.2943414839084105e-05,0.6399999999989098,25,50,10
18,4857,2.5813835326434913e-43,0.3599775856695724,2.2414331865809233e-05,0.6399999999985618,25,50,10
18,4858,7.335733110182783e-42,0.359999996531721,5.512390099607388e-09,0.6399999979558891,25,50,10
18,4859,3.668330205678506e-42,0.35999999970798113,2.3352840838225036e-09,0.6399999979567348,25,50,10
18,4860,2.801923537601384e-43,0.35999999982902964,1.856398668362072e-10,0.6399999999853305,25,50,10
18,4861,1.5127678448244936e-45,0.3599999999970535,1.6485762233275278e-11,0.6399999999864607,25,50,10
18,4862,1.2535366404030352e-42,0.359999999883724,1.2892805758572315e-10,0.639999999987348,25,50,10
18,4863,2.170898848714179e-44,0.3599999998787295,1.2143085223504463e-10,0.6399999999998397,25,50,10
18,4864,2.4757295455068862e-42,0.35999999995738413,5.424707629368943e-10,0.6399999995001451,25,50,10
18,4865,1.3195780677318771e-42,0.359999999995283,5.39947819848701e-10,0.6399999994647692,25,50,10
18,4866,1.6208988513779322e-42,0.3599999998514019,1.5822041460182615e-10,0.6399999999903777,25,50,10
18,4867,2.3293126969219044e-44,0.3599999999119673,9.72542175990536e-11,0.6399999999907785,25,50,10
18,4868,8.364470309558513e-40,0.35999999999350374,2.404031658448204e-11,0.6399999999824559,25,50,10
18,4869,2.2022088842501378e-44,0.3599999930911384,6.909024099795123e-09,0.6399999999998375,25,50,10
18,4870,3.238062983530055e-36,0.35999944733646905,5.527097589261201e-07,0.639999999953772,25,50,10
18,4871,1.0380587246756954e-44,0.35999999665381344,3.393112640642812e-09,0.6399999999530739,25,50,10
18,4872,1.467943147627641e-41,0.3599999964796602,4.058028937691727e-09,0.6399999994623107,25,50,10
18,4873,9.917925377394566e-45,0.3599999964796693,3.520352342384721e-09,0.6399999999999784,25,50,10
18,4874,1.1033878103718404e-44,0.35999999665028126,3.3497327524007828e-09,0.639999999999986,25,50,10
18,4875,2.307508544966007e-44,0.3599999999962874,3.94384315365594e-12,0.6399999999997689,25,50,10
18,4876,1.507534603021659e-42,0.35999960400406217,3.959959637986904e-07,0.639999999999974,25,50,10
18,4877,1.5718548692665183e-42,0.35999999761245655,2.4129665102838104e-09,0.6399999999745769,25,50,10
18,4878,1.4849471782818507e-42,0.35999999744312233,2.556907663623408e-09,0.6399999999999699,25,50,10
18,4879,1.2329538740241621e-42,0.3599999976161216,2.3839183848693922e-09,0.63999999999996,25,50,10
18,4880,1.2275769495590062e-42,0.35999999761619306,3.8322681072153975e-09,0.6399999985515389,25,50,10
18,4881,3.2842093255601396e-43,0.3599999999947466,1.4541372551428065e-09,0.6399999985511162,25,50,10
18,4882,3.088445738050053e-43,0.3599998642454957,1.3792980930952488e-07,0.639999997824695,25,50,10
18,4883,3.42591500458271e-44,0.359999864121645,1.7660076175803682e-07,0.6399999592775933,25,50,10
18,4884,1.6885567904714302e-44,0.3599894923076254,1.0507692614382955e-05,0.6399999999997602,25,50,10
18,4885,5.680892490791198e-38,0.35999985772725673,1.4227276387676336e-07,0.6399999999999795,25,50,10
18,4886,5.391431722002253e-45,0.3599999998964644,1.0432167407050839e-10,0.639999999999214,25,50,10
18,4887,9.946661797820593e-45,0.3599999999541806,4.698183751030554e-11,0.6399999999988375,25,50,10
18,4888,1.4696682910466148e-41,0.3599999998738431,1.5577397446104744e-10,0.6399999999703828,25,50,10
18,4889,1.4691538973462665e-41,0.35999999987458,1.5105554256379236e-10,0.6399999999743645,25,50,10
18,4890,6.434766599531445e-44,0.3599999999998543,3.786255279624699e-11,0.6399999999622832,25,50,10
18,4891,3.770120635197461e-43,0.3599891305220631,1.0869977469603712e-05,0.6399999995004673,25,50,10
18,4892,6.24157198990383e-45,0.35998913369540114,1.086630475731093e-05,0.6399999999998415,25,50,10
18,4893,6.251659680315171e-45,0.359989133695373,1.0866340467642647e-05,0.6399999999641592,25,50,10
18,4894,2.0904689659183123e-40,0.3599891336945861,1.0866305577252234e-05,0.6399999999998366,25,50,10
18,4895,7.142493295872034e-41,0.35998913357212714,1.2435291637996408e-05,0.6399984311362349,25,50,10
18,4896,2.7890362646794613e-43,0.3599999879166132,1.5809386955145342e-06,0.6399984311446912,25,50,10
18,4897,4.5815256356094675e-45,0.35999999523298265,4.7684884262570265e-09,0.6399999999985291,25,50,10
18,4898,4.766129240311535e-38,0.3599999975559289,2.4459875720822095e-09,0.6399999999980835,25,50,10
18,4899,4.767908984821723e-38,0.35999999999468746,1.8628486079352334e-11,0.6399999999866841,25,50,10
18,4900,1.535791673390826e-41,0.359999996723053,3.773759383805622e-09,0.6399999995031876,25,50,10
18,4901,3.1249712639680797e-43,0.35999999995708537,4.4187364128374594e-11,0.6399999999987274,25,50,10
18,4902,3.938595390513633e-43,0.3599999999538366,2.8519721101994126e-08,0.6399999715264424,25,50,10
18,4903,1.0276855591926635e-44,0.35999999990620296,9.383630576075391e-11,0.6399999999999608,25,50,10
18,4904,2.0440177248264895e-44,0.3599999999552017,4.513900186630401e-11,0.6399999999996594,25,50,10
18,4905,8.364894611986108e-40,0.35999999761327767,2.387537660190421e-09,0.6399999999991848,25,50,10
18,4906,8.536521466394803e-40,0.35999962594124335,3.7405944112044177e-07,0.6399999999993157,25,50,10
18,4907,6.995544999134502e-41,0.3595637524149003,0.0004362475945146542,0.6399999999905852,25,50,10
18,4908,3.694759256783925e-42,0.359999999991685,1.7522462272199104e-11,0.6399999999907925,25,50,10
18,4909,3.9865903362036544e-39,0.35999999987365144,1.2635983667027417e-10,0.6399999999999888,25,50,10
18,4910,7.115828367238921e-41,0.3599922633455504,7.736655085013966e-06,0.6399999999993646,25,50,10
18,4911,7.482557558490863e-41,0.35999226363830233,7.736362858983197e-06,0.6399999999988387,25,50,10
18,4912,7.115371629245932e-41,0.3599922636382974,7.73773021323006e-06,0.6399999986314895,25,50,10
18,4913,4.056542854809338e-39,0.359992263538756,7.736470188740963e-06,0.6399999999910553,25,50,10
18,4914,3.9869229308115995e-39,0.35999999506588054,4.93533957694996e-09,0.6399999999987799,25,50,10
18,4915,3.986611505212897e-39,0.3599999997050744,2.953657614598471e-10,0.6399999999995599,25,50,10
18,4916,1.8458804010891894e-34,0.35999999632079294,3.738916452596224e-09,0.6399999999402906,25,50,10
18,4917,3.0776810704956684e-43,0.3599999964806947,3.104415258685975e-08,0.6399999724751527,25,50,10
18,4918,2.0904101099534018e-40,0.35999999648079845,3.105635001793725e-08,0.6399999724628516,25,50,10
18,4919,2.0905167962049863e-40,0.3599999999949006,1.7646001421659182e-11,0.6399999999874533,25,50,10
18,4920,1.2370212663258461e-42,0.3599999999130778,8.696047995626202e-11,0.6399999999999617,25,50,10
18,4921,3.987153738587387e-39,0.35999999665356675,3.3679910395777555e-09,0.6399999999784423,25,50,10
18,4922,3.986595006196833e-39,0.3599999965324694,3.468617253493968e-09,0.6399999999989134,25,50,10
18,4923,4.056787278407283e-39,0.3599999964756995,3.5330753124052493e-09,0.6399999999912253,25,50,10
18,4924,3.9868582190090934e-39,0.3599999918912547,8.12627316760084e-09,0.6399999999824721,25,50,10
18,4925,2.6468955620567203e-43,0.35999960655357965,3.934727264115551e-07,0.6399999999736941,25,50,10
18,4926,2.3986993724513022e-30,0.35999999769680796,3.078567095825917e-08,0.6399999715175211,25,50,10
18,4927,5.5887091544159674e-45,0.3599999999981716,3.662078705003637e-11,0.6399999999652076,25,50,10
18,4928,1.982705965199538e-46,0.35999999999619176,4.706949397370813e-11,0.6399999999567387,25,50,10
18,4929,7.018707182710635e-44,0.35999999995680015,1.546656716578088e-09,0.639999998496543,25,50,10
18,4930,3.27473342229354e-43,0.3599999999160989,1.2162161650454964e-10,0.6399999999622795,25,50,10
18,4931,1.1915597527113234e-38,0.35999999987879827,1.5689489242680187e-10,0.6399999999643069,25,50,10
18,4932,6.872792300214005e-38,0.3599999901829359,9.889050229294761e-09,0.6399999999280138,25,50,10
18,4933,3.696259586038513e-42,0.3599999999998881,3.642740594526863e-11,0.6399999999636844,25,50,10
18,4934,3.710439767346766e-42,0.35999999995517856,6.254036335336492e-11,0.6399999999822811,25,50,10
18,4935,2.200356908506886e-44,0.3599999999988788,2.035252192552378e-09,0.639999997965869,25,50,10
18,4936,2.2112477870504598e-44,0.35999999999706966,2.0485011156758337e-09,0.6399999979544292,25,50,10
18,4937,2.2829256480227e-44,0.3599999999928219,2.0529105369507786e-09,0.6399999979542674,25,50,10
18,4938,2.3254556712337716e-46,0.35999999987263664,1.6365746988877978e-10,0.6399999999637057,25,50,10
18,4939,4.6493832655711093e-45,0.35999999987776277,1.5888971711954377e-10,0.6399999999633477,25,50,10
18,4940,1.4674323486298645e-41,0.3599999999957611,5.239145541909278e-11,0.6399999999518474,25,50,10
18,4941,8.487815387479159e-43,0.35999999995653087,5.330901840450333e-11,0.6399999999901602,25,50,10
18,4942,1.1293892611919472e-42,0.35999999999125815,1.7956521237907972e-11,0.6399999999907855,25,50,10
18,4943,1.49094745047862e-42,0.35999944489909746,5.846685973581826e-07,0.6399999704323053,25,50,10
18,4944,5.7073679513345844e-43,0.3599994426383995,5.573620326763206e-07,0.6399999999995678,25,50,10
18,4945,2.578237303090671e-43,0.35999999981317415,1.8685403508394448e-10,0.6399999999999719,25,50,10
18,4946,1.2952640062308418e-35,0.35999999975384867,2.465262035548731e-10,0.6399999999996251,25,50,10
18,4947,5.147466453228748e-43,0.3599999999957488,4.431125424833946e-12,0.6399999999998202,25,50,10
18,4948,3.9357951658578386e-42,0.35999999987672,4.2153397658750405e-08,0.6399999579698823,25,50,10
18,4949,1.4848377573035865e-42,0.3599999999412323,5.956226867972591e-11,0.6399999999992054,25,50,10
18,4950,6.791783108661561e-37,0.3599999930971319,6.940117922463996e-09,0.63999999996275,25,50,10
18,4951,3.6901400303006104e-42,0.35999999309652053,6.9044249516786844e-09,0.6399999999990544,25,50,10
18,4952,1.1561571518156563e-45,0.35999999309728836,6.903809502949744e-09,0.6399999999989022,25,50,10
18,4953,2.1906485911307725e-44,0.3599999998787046,1.2193920363298976e-10,0.6399999999993562,25,50,10
18,4954,1.8712523506365996e-41,0.3599999966524197,3.347612938120707e-09,0.6399999999999673,25,50,10
18,4955,1.4669933477895798e-41,0.35999999535675586,6.1006161046711315e-09,0.6399999985426281,25,50,10
18,4956,6.669635207544243e-45,0.3599999999908383,3.381179730229203e-11,0.6399999999753498,25,50,10
18,4957,7.382884918215791e-34,0.3599999966485739,6.609602879785777e-06,0.6399933937485465,25,50,10
18,4958,3.926057829239313e-42,0.3599999903000654,9.709774225811196e-09,0.6399999999901602,25,50,10
18,4959,7.022148046482449e-41,0.35999986424851643,1.364312881994534e-07,0.6399999993201955,25,50,10
18,4960,6.996267467404683e-41,0.3599998642478232,1.364321469750779e-07,0.6399999993200298,25,50,10
18,4961,1.2281515383742004e-42,0.35999999995708065,1.0438073900269683e-10,0.6399999999385387,25,50,10
18,4962,2.5857008081568526e-43,0.3599999999968901,2.8513916803015956e-08,0.6399999714891931,25,50,10
18,4963,2.61589031034159e-44,0.3599999999968198,7.057439913367814e-10,0.6399999992974362,25,50,10
18,4964,3.1272619872257085e-43,0.3599894955960579,1.0504404822452051e-05,0.6399999999991197,25,50,10
18,4965,4.7916403427117e-45,0.35999999309589176,6.9044274971301746e-09,0.6399999999996807,25,50,10
18,4966,1.7490503926916238e-41,0.35999998651803344,1.3483200631563864e-08,0.6399999999987659,25,50,10
18,4967,1.749206322126227e-41,0.35999998651695664,5.401398442523927e-08,0.639999959469059,25,50,10
18,4968,1.7490483944695437e-41,0.35999999341704153,4.864739720474946e-08,0.6399999579355613,25,50,10
18,4969,1.8991370182044144e-41,0.35999999993758147,4.009322317482154e-08,0.6399999599691953,25,50,10
18,4970,5.823495378103113e-45,0.3599998092498734,1.9369372932265874e-07,0.6399999970563972,25,50,10
18,4971,6.599207753546756e-45,0.35999980924842634,1.908003502707302e-07,0.6399999999512233,25,50,10
18,4972,1.7950166348765346e-45,0.3599994449507499,5.550861104240146e-07,0.6399999999631397,25,50,10
18,4973,7.005289722821795e-45,0.3599999976124175,2.9230402881331995e-09,0.6399999994645423,25,50,10
18,4974,1.1431162814171546e-44,0.3599999998758105,4.0155608029788316e-08,0.6399999599685815,25,50,10
18,4975,1.8718025402802093e-41,0.3599999999344737,1.3751148555955974e-10,0.6399999999280148,25,50,10
18,4976,2.2652679084675654e-40,0.35999999993518145,1.623002375842281e-06,0.6399983770624427,25,50,10
18,4977,9.966692032662012e-40,0.35999999995129073,4.978780297467006e-11,0.6399999999989215,25,50,10
18,4978,5.4774134948014076e-45,0.35999999999186577,8.313091500339397e-12,0.6399999999998212,25,50,10
18,4979,5.938205429400784e-45,0.3599999930944996,6.931072634600352e-09,0.6399999999744278,25,50,10
18,4980,7.3828855277155065e-34,0.35999999995536636,7.229619441654049e-10,0.6399999993216717,25,50,10
18,4981,5.842270963179152e-45,0.35999999330782984,6.692716381337622e-09,0.6399999999994538,25,50,10
18,4982,6.339275957219011e-45,0.35999973539993585,2.646013314112196e-07,0.6399999999987328,25,50,10
18,4983,3.0758973149151026e-43,0.35999999995511234,5.700166244697211e-10,0.6399999994748711,25,50,10
18,4984,2.6443030567747878e-43,0.3599922635839313,7.736928127523438e-06,0.6399999994879412,25,50,10
18,4985,2.6442201987327143e-43,0.35999999999985666,5.119002741191349e-10,0.639999999488243,25,50,10
18,4986,1.7494878873703543e-41,0.3599998093150527,1.906849865146582e-07,0.6399999999999608,25,50,10
18,4987,3.871286724807485e-35,0.3599999999981289,1.5231461842965117e-11,0.6399999999866396,25,50,10
18,4988,2.7558050243668116e-44,0.359999999994145,6.914803053671997e-11,0.639999999936707,25,50,10
18,4989,1.5127976183038133e-42,0.3599999997799308,3.889555576470315e-08,0.6399999613245134,25,50,10
18,4990,3.7975551397042504e-44,0.35996851934957763,3.1480662771814756e-05,0.6399999999876507,25,50,10
18,4991,4.420413843116436e-44,0.3599999999907043,1.8382384517013766e-11,0.6399999999909132,25,50,10
18,4992,7.199335912117904e-44,0.3599999897342757,1.0266207783056046e-08,0.6399999999995165,25,50,10
18,4993,8.36185680407589e-40,0.359999999992002,4.429492474415433e-11,0.6399999999637032,25,50,10
18,4994,8.361643301543887e-40,0.35999999999622845,4.0232862938616456e-11,0.639999999963539,25,50,10
18,4995,8.361907911827742e-40,0.3599999966496177,3.386240266893656e-09,0.639999999964142,25,50,10
18,4996,2.2673444152578377e-44,0.35999999665164883,3.384681363751515e-09,0.6399999999636699,25,50,10
18,4997,2.3119106398003666e-44,0.3599999999970119,3.964292908589395e-11,0.6399999999633452,25,50,10
18,4998,2.7006725550231143e-44,0.3599999976153331,2.4207988678610407e-09,0.639999999963868,25,50,10
18,4999,2.2723356963238434e-37,0.3599992324872485,7.675226121082514e-07,0.6399999999901392,25,50,10
18,5000,6.44387859764812e-45,0.3599999996837698,3.337787974153464e-10,0.6399999999824515,25,50,10
18,5001,5.680892860056708e-38,0.35999999993546594,1.5298539016968682e-09,0.6399999985346803,25,50,10
18,5002,5.681013880779333e-38,0.35999999993748033,6.252411215786132e-11,0.6399999999999956,25,50,10
18,5003,1.5490827789572715e-34,0.35999999653508913,3.4739173309394007e-09,0.6399999999909936,25,50,10
18,5004,3.2859897519219765e-43,0.3599999998217464,1.870350116133025e-10,0.6399999999912186,25,50,10
18,5005,2.920354097886702e-46,0.3599998093123748,1.813588882876817e-06,0.6399983770987423,25,50,10
18,5006,6.994131056399058e-41,0.3599999999382909,1.6229717314519349e-06,0.6399983770899776,25,50,10
18,5007,1.748507194319509e-41,0.3599999999134158,1.2482911989301464e-10,0.6399999999617552,25,50,10
18,5008,1.7485078170466162e-41,0.35999999761431967,2.3989686399004676e-09,0.6399999999867118,25,50,10
18,5009,2.5745202368577566e-43,0.3599999976123479,3.086988706247572e-08,0.6399999715177651,25,50,10
18,5010,2.0276385301687443e-46,0.35999999999244275,3.1721103599171545e-11,0.6399999999758362,25,50,10
18,5011,2.2723562721600702e-37,0.3599999997264739,2.7370304201459765e-10,0.639999999999823,25,50,10
18,5012,1.538384508122185e-42,0.3599999997103278,2.897069517363774e-10,0.6399999999999654,25,50,10
18,5013,1.2273876422019892e-42,0.35999999961623674,3.837853044512478e-10,0.6399999999999779,25,50,10
18,5014,8.36227428381234e-40,0.3599999998297432,2.1903877261527562e-10,0.639999999951218,25,50,10
18,5015,8.398947416228742e-40,0.3599999997680843,2.9258160519807874e-10,0.6399999999393342,25,50,10
18,5016,1.95291519161331e-45,0.35999999309433633,6.918214937372455e-09,0.6399999999874487,25,50,10
18,5017,1.203227001364576e-44,0.35999999999991816,4.328584788532814e-13,0.639999999999649,25,50,10
18,5018,4.303718468644255e-48,0.3599999998788029,1.2156744465875981e-10,0.6399999999996296,25,50,10
18,5019,4.601552437270289e-45,0.3599999999984506,2.37925637913196e-12,0.6399999999991702,25,50,10
18,5020,2.281458985530681e-44,0.35999999999686005,2.5245321745024042e-11,0.6399999999778947,25,50,10
18,5021,8.536489003592756e-40,0.35999999982181646,1.991777999049598e-10,0.6399999999790056,25,50,10
18,5022,7.098264747461018e-45,0.35999999964883256,3.719602743170302e-10,0.6399999999792071,25,50,10
18,5023,6.069129229138812e-45,0.3599999998774523,1.705797464059238e-10,0.639999999951968,25,50,10
18,5024,9.969107665183775e-40,0.3599999902993531,9.749316521189348e-09,0.6399999999513304,25,50,10
18,5025,5.748866853404898e-43,0.3599999902979096,9.702772133686968e-09,0.6399999999993183,25,50,10
18,5026,1.7747785652441885e-41,0.359999999994901,5.704789675476726e-12,0.6399999999993943,25,50,10
18,5027,2.6773026199429797e-43,0.35999999982663444,1.7438149729401939e-10,0.6399999999989842,25,50,10
18,5028,4.766127132490146e-38,0.35999999665144067,3.366521899342075e-09,0.6399999999820374,25,50,10
18,5029,4.766250275960519e-38,0.3599999998267631,1.9092877137583696e-10,0.6399999999823082,25,50,10
18,5030,3.4775369313666382e-43,0.35999986424459046,1.357651072440925e-07,0.6399999999903023,25,50,10
18,5031,1.0128768519980154e-39,0.3599998607263099,1.3927452250265256e-07,0.6399999999991676,25,50,10
18,5032,1.0138023799796904e-39,0.35999960320540525,3.96794623245732e-07,0.6399999999999716,25,50,10
18,5033,9.991014686891364e-40,0.35999999415192413,5.848518910459057e-09,0.6399999999995569,25,50,10
18,5034,9.978748091427105e-40,0.3599999943471937,5.653023054334545e-09,0.6399999999997832,25,50,10
18,5035,9.978748120375183e-40,0.35999973204937247,2.6795062813336006e-07,0.6399999999999993,25,50,10
18,5036,9.978748055019918e-40,0.35999999665155813,4.3344177974508455e-08,0.639999960004264,25,50,10
18,5037,4.851786889100378e-44,0.3599999867319319,1.3268288347554955e-08,0.6399999999997799,25,50,10
18,5038,1.5364166779428575e-44,0.3599999878657038,1.4212409098597035e-08,0.6399999979218873,25,50,10
18,5039,2.2823228542199216e-37,0.3599999973559625,2.680594239071235e-09,0.6399999999634433,25,50,10
18,5040,2.831798195750302e-37,0.3593899090053857,0.0006100910289267877,0.6399999999656875,25,50,10
18,5041,7.119898030959614e-41,0.3599999973833499,4.705943796102002e-06,0.6399952966728539,25,50,10
18,5042,5.014946664962393e-45,0.3599998092564933,3.0668734930006605e-07,0.6399998840561575,25,50,10
18,5043,1.2275079720910222e-42,0.3599998092557298,1.9077995166895126e-07,0.6399999999643186,25,50,10
18,5044,1.2286246834841809e-42,0.35999999982313496,9.1442896736832e-10,0.6399999992624359,25,50,10
18,5045,6.40260836017645e-45,0.35999999993422577,8.042765365752558e-10,0.6399999992614976,25,50,10
18,5046,1.8728883051535594e-34,0.3599999999370595,4.079606906059657e-08,0.6399999592668714,25,50,10
18,5047,1.872888305093119e-34,0.359999996595041,4.41017573748422e-08,0.6399999593032016,25,50,10
18,5048,1.845721381193927e-34,0.35999999993567355,4.007211009843636e-08,0.6399999599922164,25,50,10
18,5049,1.2325033516054491e-42,0.359999864244489,1.3576427504853244e-07,0.639999999991236,25,50,10
18,5050,2.9181116260881255e-46,0.35999986407600665,1.3592400466413652e-07,0.6399999999999887,25,50,10
18,5051,5.67527425800452e-46,0.3599998571339963,1.428749270986954e-07,0.6399999999910766,25,50,10
18,5052,4.6177300306678587e-45,0.35999986412536294,1.3588344930387398e-07,0.6399999999911878,25,50,10
18,5053,1.5501702216534783e-42,0.35999961850884715,3.81500170183914e-07,0.6399999999909828,25,50,10
18,5054,2.6275228301424535e-43,0.3599999930973498,6.9121298942003275e-09,0.6399999999905204,25,50,10
18,5055,4.84425403872941e-44,0.3599999930965798,6.903661074642855e-09,0.6399999999997591,25,50,10
18,5056,9.967387687430758e-40,0.3599999930954951,6.90474561455399e-09,0.6399999999997593,25,50,10
18,5057,3.336852677371724e-43,0.3599998024125006,1.9758773321649836e-07,0.6399999999997662,25,50,10
18,5058,5.656786526992061e-43,0.3599998093151463,6.7969283005349045e-06,0.6399933937565533,25,50,10
18,5059,2.2725031964900814e-37,0.359999999996848,8.256092215158478e-08,0.6399999174422298,25,50,10
18,5060,1.4691048752207123e-41,0.35999999999687404,4.978330669482032e-11,0.6399999999533428,25,50,10
18,5061,1.467500464634091e-41,0.3599999999998465,4.9426535614524084e-11,0.639999999950727,25,50,10
18,5062,1.4669625829956545e-41,0.35999999999992405,3.64243650157971e-11,0.6399999999636516,25,50,10
18,5063,5.4765324785834104e-45,0.3599999966545433,3.3817852823574137e-09,0.6399999999636715,25,50,10
18,5064,5.680890400599574e-38,0.3599999966447953,1.1927363549642344e-07,0.6399998840815692,25,50,10
18,5065,2.1924313109663914e-44,0.3599999999581101,4.2339757743600514e-11,0.6399999999995502,25,50,10
18,5066,3.8712867293366924e-35,0.3599999999580906,4.213485508060362e-11,0.6399999999997745,25,50,10
18,5067,3.871286727182467e-35,0.3599999998983907,1.1117419939129505e-10,0.6399999999904352,25,50,10
18,5068,4.916348865704384e-42,0.3599999997849858,2.377245721497391e-10,0.6399999999772897,25,50,10
18,5069,2.2801334323482173e-37,0.3599894954824674,1.0504539389714673e-05,0.6399999999781428,25,50,10
18,5070,1.538467520671143e-42,0.3599999879186205,1.2081753978670726e-08,0.6399999999996256,25,50,10
18,5071,1.542814076974209e-42,0.35999999999679166,3.583820267474327e-12,0.6399999999996245,25,50,10
18,5072,1.2271270238170363e-42,0.3599999999978564,3.429044964637988e-12,0.6399999999987146,25,50,10
18,5073,9.96954272437843e-40,0.35999999995713045,5.518410956057681e-11,0.6399999999876854,25,50,10
18,5074,3.282834116870244e-43,0.35999999999490223,2.0387754202178774e-09,0.6399999979663223,25,50,10
18,5075,1.548392274731822e-34,0.35999999999607246,3.1631734139370853e-06,0.6399968368305136,25,50,10
18,5076,4.794793782167157e-44,0.35999999999409,6.559935262138686e-12,0.6399999999993501,25,50,10
18,5077,1.4976749386929253e-41,0.3599999900511075,9.94914745634624e-09,0.6399999999997452,25,50,10
18,5078,1.7511733828998123e-41,0.35999999672149907,3.3287507327732027e-09,0.6399999999497501,25,50,10
18,5079,5.3664793225176023e-45,0.35999986424468683,1.7444386881482822e-07,0.6399999613114444,25,50,10
18,5080,5.3947374520765696e-45,0.3599998642446521,1.3575622328853505e-07,0.6399999999991247,25,50,10
18,5081,6.996219043217733e-41,0.3599999896211986,1.0379492919894051e-08,0.6399999999993085,25,50,10
18,5082,2.8578001884783378e-43,0.35999999999775106,1.4633235212196898e-09,0.6399999985389255,25,50,10
18,5083,3.5028406549738147e-43,0.3599999966545369,5.379288301422872e-09,0.6399999979661749,25,50,10
18,5084,2.202032043115689e-44,0.3599999966546035,5.4032737712294275e-09,0.6399999979421227,25,50,10
18,5085,1.4669744889772849e-41,0.3599998059250561,1.9613324527887998e-07,0.6399999979416987,25,50,10
18,5086,1.7485472238174113e-41,0.3599999998298699,2.2048565542304737e-09,0.6399999979652737,25,50,10
18,5087,1.7485085349575853e-41,0.35999999987669584,1.2396631050736817e-10,0.6399999999993379,25,50,10
18,5088,3.2591899244459936e-46,0.3599999999946797,3.9704314047697203e-11,0.6399999999656161,25,50,10
18,5089,1.4670159423515465e-41,0.35999999999781823,1.9429205684547253e-11,0.6399999999827527,25,50,10
18,5090,2.7383836535565214e-44,0.3599999998284008,6.713438349023374e-10,0.6399999995002554,25,50,10
18,5091,9.142776749930426e-44,0.3599999974474851,2.561710983938e-09,0.6399999999908039,25,50,10
18,5092,8.377021798863488e-40,0.3599999999956438,1.1593114702630217e-07,0.6399998840732092,25,50,10
18,5093,7.147528419539072e-41,0.3599999999390271,1.2475573555962513e-10,0.6399999999362171,25,50,10
18,5094,1.7423143323000625e-42,0.3599999901304124,1.0622088540767357e-08,0.6399999992474992,25,50,10
18,5095,2.273335743019677e-40,0.3599685226532543,3.1477380935565844e-05,0.6399999999658101,25,50,10
18,5096,4.794025370520903e-38,0.3599997351052423,2.669385039639344e-07,0.6399999979562537,25,50,10
18,5097,4.8925329949618876e-40,0.3599997352233866,3.0415078499012177e-07,0.6399999606258284,25,50,10
18,5098,2.2295394925898374e-44,0.3599999951818035,4.839270410649037e-09,0.6399999999789261,25,50,10
18,5099,2.281853627256198e-44,0.3599999951877353,1.6291871494264547e-06,0.6399983756251153,25,50,10
18,5100,1.5072197236569407e-45,0.35999999999987553,1.62290289278397e-06,0.6399983770972317,25,50,10
18,5101,3.1816560857901648e-43,0.35999999999472443,3.135589536314031e-11,0.6399999999739198,25,50,10
18,5102,1.537489030898751e-44,0.35999999999285104,3.3022273608282437e-11,0.6399999999741267,25,50,10
18,5103,2.57751748460099e-43,0.3599999998546836,6.806883919767856e-10,0.6399999994646279,25,50,10
18,5104,6.79174336691927e-37,0.35999999985597936,1.4467673422694e-10,0.6399999999993439,25,50,10
18,5105,2.4621790986388958e-42,0.3599999999380175,7.518640855030929e-11,0.6399999999867961,25,50,10
18,5106,2.476764614752058e-42,0.3599999974481539,2.282146116867577e-06,0.6399977204057293,25,50,10
18,5107,4.998657532051183e-46,0.3599999998258714,2.281801191536181e-06,0.6399977183729371,25,50,10
18,5108,3.715080275370801e-43,0.3599999997850735,4.021045396797115e-08,0.6399999600044726,25,50,10
18,5109,5.780618267757396e-38,0.3599999934335827,4.65742574233732e-08,0.6399999599921599,25,50,10
18,5110,5.031124233419055e-31,0.3599999865767408,5.395418411240823e-08,0.6399999594690751,25,50,10
18,5111,1.0113169883580383e-39,0.3599999934176805,6.582774066075186e-09,0.6399999999995454,25,50,10
18,5112,1.8503007842308583e-39,0.3599999901338844,9.901365657736338e-09,0.6399999999647499,25,50,10
18,5113,1.903008034289754e-39,0.35999999330387084,6.705123994499544e-09,0.6399999999910052,25,50,10
18,5114,1.8331216565738478e-39,0.35999999342051603,6.588428374803849e-09,0.6399999999910555,25,50,10
18,5115,2.6726501763481256e-39,0.35999999347525263,6.533838349926425e-09,0.6399999999909091,25,50,10
18,5116,1.6723406700152415e-39,0.35999986401874273,1.3599159909767083e-07,0.6399999999896582,25,50,10
18,5117,1.6723356769702424e-39,0.3599999966476713,3.3622552724045468e-09,0.6399999999900734,25,50,10
18,5118,9.06360369125556e-40,0.35999999999614085,4.479405527030784e-12,0.6399999999993798,25,50,10
18,5119,1.829326953916167e-46,0.35999980931518505,1.9068526789845076e-07,0.6399999999995472,25,50,10
18,5120,2.716692438977013e-36,0.35999999994127097,5.940732121412855e-11,0.6399999999993218,25,50,10
18,5121,1.5056191996336202e-41,0.3599999976962195,2.3044260962033416e-09,0.6399999999993544,25,50,10
18,5122,1.5076841601456954e-43,0.35997758586540796,2.241414450539018e-05,0.6399999999900867,25,50,10
18,5123,1.7550148340663958e-41,0.3599999999952503,1.3524820228783986e-11,0.6399999999912249,25,50,10
18,5124,8.508324048629144e-40,0.35999999030190394,9.732836881765752e-09,0.6399999999652592,25,50,10
18,5125,8.50843878132957e-40,0.3599999997375985,7.972800975257737e-10,0.6399999994651214,25,50,10
18,5126,1.4675255724004916e-41,0.35999999993527154,5.740082430546226e-10,0.6399999994907202,25,50,10
18,5127,1.6203485146463025e-41,0.359999999778538,2.2163741651003148e-10,0.6399999999998246,25,50,10
18,5128,1.6356779690854126e-45,0.3599999976109416,2.389725435954833e-09,0.6399999999993331,25,50,10
18,5129,1.4927327744008217e-41,0.3599999999956307,4.4161629910726526e-12,0.639999999999953,25,50,10
18,5130,3.109069423766264e-45,0.3599999929946677,7.014276655605754e-09,0.6399999999910556,25,50,10
18,5131,2.2047135040028723e-44,0.3599999929930027,7.0293726179712285e-09,0.6399999999776249,25,50,10
18,5132,2.806747596664084e-44,0.3599999999146439,1.328722505183055e-10,0.639999999952484,25,50,10
18,5133,6.9631320625983e-44,0.35999999991534176,8.798522797584524e-11,0.6399999999966731,25,50,10
18,5134,3.129206206120125e-43,0.3599894955716275,1.0504447622621252e-05,0.6399999999807499,25,50,10
18,5135,6.20061423094133e-45,0.35999999991680265,1.2151924806922847e-10,0.6399999999616782,25,50,10
18,5136,1.4674905020375803e-41,0.35999999999927096,1.7973721203075428e-11,0.6399999999827553,25,50,10
18,5137,2.0942671133083004e-40,0.3599999966538378,2.282966237360836e-06,0.6399977203799248,25,50,10
18,5138,3.2183622973676487e-43,0.3599999966531006,2.2829675887530086e-06,0.6399977203793107,25,50,10
18,5139,4.823035212742092e-39,0.359999606383485,2.673710724797007e-06,0.6399977199057904,25,50,10
18,5140,3.986830891950976e-39,0.35999960655041335,2.673043437263265e-06,0.6399977204061496,25,50,10
18,5141,1.2379789328175743e-42,0.359999999997729,1.5219748814373026e-11,0.6399999999870513,25,50,10
18,5142,1.1028952193245778e-44,0.3599999998290679,1.71093982436565e-10,0.6399999999998383,25,50,10
18,5143,8.361743233607766e-40,0.35999999761831986,2.407694928848632e-09,0.6399999999739852,25,50,10
18,5144,6.126288834951726e-45,0.35999999999997195,9.183832308473476e-12,0.6399999999908442,25,50,10
18,5145,9.032709854716305e-45,0.3599999999969619,2.045619028562815e-09,0.639999997957419,25,50,10
18,5146,3.695507980606991e-42,0.35999980931501585,2.6864164991412966e-07,0.6399999220433343,25,50,10
18,5147,1.500329259176e-41,0.35999999522793424,4.772297959892077e-09,0.6399999999997678,25,50,10
18,5148,2.1634054173381424e-44,0.3599999998749946,1.2524085114705478e-10,0.6399999999997645,25,50,10
18,5149,5.41727002953025e-43,0.35999999987383696,1.2681849929442703e-10,0.6399999999993445,25,50,10
18,5150,3.220839911031239e-43,0.3599999966538887,3.355540126749978e-09,0.6399999999905712,25,50,10
18,5151,3.7636298775334806e-42,0.35999999744681255,2.5621780713729153e-09,0.6399999999910095,25,50,10
18,5152,2.7397639833939334e-44,0.3599999974456594,2.5631144474626185e-09,0.639999999991226,25,50,10
18,5153,2.638826981300324e-43,0.3599999966097791,3.3996290717372017e-09,0.6399999999905919,25,50,10
18,5154,6.13083367614679e-45,0.35999999999981713,9.410468156242852e-12,0.6399999999907726,25,50,10
18,5155,3.1240921843806214e-43,0.35999999761534845,2.3852735659633313e-09,0.6399999999993781,25,50,10
18,5156,3.1256772477342245e-43,0.3599999976155121,2.4107684054045705e-09,0.6399999999737196,25,50,10
18,5157,1.7792082846433599e-41,0.3599999952345969,4.765421122187733e-09,0.6399999999999819,25,50,10
18,5158,3.124100167207249e-43,0.35999999347630357,7.007390413445272e-09,0.639999999516306,25,50,10
18,5159,3.1269456799450133e-43,0.3599999933084701,7.1752432340281916e-09,0.6399999995162866,25,50,10
18,5160,2.753044711233261e-44,0.3599999999412729,5.710222268780832e-10,0.6399999994877048,25,50,10
18,5161,3.078574853609702e-43,0.3599999998979678,6.015666613068606e-10,0.6399999995004655,25,50,10
18,5162,3.1147052506850334e-43,0.35999999999917337,5.615986138156199e-10,0.6399999994392279,25,50,10
18,5163,3.284641484548937e-43,0.35999999993754556,1.2368636681453467e-10,0.639999999938768,25,50,10
18,5164,1.2316397536970509e-42,0.35999999309652253,8.97325532649224e-09,0.639999997930222,25,50,10
18,5165,9.76562204300306e-47,0.3599999999952288,2.0384345279226253e-09,0.6399999979663368,25,50,10
18,5166,5.471315896945742e-45,0.35999999999457283,2.074781027372874e-09,0.6399999979306462,25,50,10
18,5167,1.2324954339963206e-42,0.35999999999323345,4.246378678409423e-11,0.6399999999643028,25,50,10
18,5168,9.969554971418901e-40,0.3599998090238982,1.9097655179177237e-07,0.6399999999995499,25,50,10
18,5169,3.985535365412572e-39,0.35998935307052443,1.0646965169967399e-05,0.6399999999643056,25,50,10
18,5170,3.98553491530739e-39,0.35998935997458537,1.0640061101114517e-05,0.6399999999643134,25,50,10
18,5171,7.123170869288593e-41,0.35999999999317667,1.990063565307269e-11,0.6399999999869227,25,50,10
18,5172,7.000538048903886e-41,0.35999999995436754,1.5194011171807017e-09,0.6399999985262314,25,50,10
18,5173,7.000536084507697e-41,0.35999999995523907,1.1597601217328389e-07,0.6399998840687489,25,50,10
18,5174,1.2277839864867346e-42,0.35999999769756735,1.1822086207050725e-07,0.6399998840815706,25,50,10
18,5175,9.969503406154208e-40,0.3599998068875271,1.931301923238597e-07,0.6399999999822806,25,50,10
18,5176,3.6728787417481065e-42,0.35999999983708414,1.56689536449959e-09,0.6399999985960205,25,50,10
18,5177,3.6677748648280243e-42,0.3599999997899132,1.5790304424624937e-09,0.6399999986310564,25,50,10
18,5178,4.794991941970692e-44,0.35999999981942216,1.8121581375253845e-10,0.6399999999993621,25,50,10
18,5179,3.9463558565295625e-42,0.3599999998737193,1.2693349197522485e-10,0.6399999999993473,25,50,10
18,5180,4.3177466581630935e-42,0.359999994228995,6.461018174312709e-09,0.6399999993099869,25,50,10
18,5181,4.0577605298426915e-46,0.3599999998752688,8.264086115247809e-10,0.6399999992983225,25,50,10
18,5182,6.277926122091765e-45,0.3599999942679529,5.7322791615807545e-09,0.639999999999768,25,50,10
18,5183,2.5638238509724722e-46,0.3599999942303671,5.769661259522957e-09,0.6399999999999716,25,50,10
18,5184,1.3486980979359566e-45,0.3599999942304267,5.769617907366845e-09,0.6399999999999554,25,50,10
18,5185,1.6157700703440364e-45,0.3599999976183683,2.3816686030491636e-09,0.6399999999999629,25,50,10
18,5186,5.191247214354705e-47,0.3599999999405753,2.0933093623609717e-09,0.6399999979661153,25,50,10
18,5187,2.2719495544236452e-37,0.35999252107082597,7.480963467140762e-06,0.639999997965707,25,50,10
18,5188,1.4756542523884988e-41,0.35999999999686894,2.5366169585291947e-09,0.6399999974665141,25,50,10
18,5189,7.124367930227163e-44,0.3599999965533483,3.946809952231577e-09,0.6399999994998418,25,50,10
18,5190,6.475405191155552e-44,0.35999999661058707,4.590834421394543e-09,0.6399999987985785,25,50,10
18,5191,1.8001301916388083e-41,0.3599999964834836,3.525976388366606e-09,0.6399999999905401,25,50,10
18,5192,5.41947206474258e-43,0.35999999657314424,3.4573578414378674e-09,0.6399999999694979,25,50,10
18,5193,2.6679530287097743e-43,0.3599999999421854,6.787255072766911e-11,0.6399999999899422,25,50,10
18,5194,2.717689352504791e-36,0.35999226358232744,7.736426931293371e-06,0.6399999999907411,25,50,10
18,5195,2.716696384874236e-36,0.3599999834007149,1.6608217490472428e-08,0.6399999999910677,25,50,10
18,5196,2.8404480024752804e-37,0.35999999020161255,1.0298230329775233e-08,0.6399999995001572,25,50,10
18,5197,2.2730556729664565e-37,0.3599998640660667,1.3593410373958733e-07,0.6399999999998296,25,50,10
18,5198,5.563862305793952e-45,0.35999999966100904,3.3917321197743487e-10,0.6399999999998178,25,50,10
18,5199,3.987838850013271e-39,0.35999999743751937,2.6071183110055705e-09,0.6399999999553624,25,50,10
18,5200,3.9865901122074776e-39,0.35999999994126874,5.589280713360638e-10,0.6399999994998032,25,50,10
18,5201,6.090035827894681e-47,0.3599999999999948,3.898253093462072e-11,0.6399999999610229,25,50,10
18,5202,3.3404299319937767e-43,0.3599999976161667,2.409874707585984e-09,0.6399999999739587,25,50,10
18,5203,1.467979523182279e-41,0.359999997618333,2.408149143208138e-09,0.6399999999735179,25,50,10
18,5204,9.969120316442374e-40,0.3599999932505802,6.7754670122452925e-09,0.6399999999739528,25,50,10
18,5205,7.619344891010642e-46,0.35999999665161314,3.3495179869643218e-09,0.6399999999988689,25,50,10
18,5206,7.374338093660503e-45,0.35999999999577104,1.4124608567122884e-11,0.6399999999901043,25,50,10
18,5207,9.338798140490387e-46,0.35999999999698873,3.938363044956249e-11,0.6399999999636277,25,50,10
18,5208,1.755022613477325e-41,0.3599999952353468,4.7653366605823695e-09,0.6399999999993166,25,50,10
18,5209,1.7485501183135616e-41,0.3599999976169276,2.3924664516192836e-09,0.6399999999906061,25,50,10
18,5210,1.7485423336168318e-41,0.35999999761685486,2.3846243829017463e-09,0.6399999999985208,25,50,10
18,5211,4.865798191101809e-38,0.3599999903016054,1.0210867158587967e-08,0.6399999994875275,25,50,10
18,5212,4.788786480677676e-38,0.35999999999925736,5.46769196422803e-10,0.6399999994539736,25,50,10
18,5213,3.5034574994070557e-41,0.3599998609025344,1.3959704432035988e-07,0.6399999995004214,25,50,10
18,5214,3.6261470757102703e-41,0.3599999999581371,1.9898083926940497e-09,0.6399999980520547,25,50,10
18,5215,1.7485052256400547e-41,0.3599999999991725,5.010251534306256e-10,0.6399999994998025,25,50,10
18,5216,9.870707529711718e-48,0.35999999761833523,2.8820501286465443e-09,0.6399999994996147,25,50,10
18,5217,4.922325793590162e-45,0.3599891314262021,1.0907736687515509e-05,0.6399999608371103,25,50,10
18,5218,1.7489640024552003e-41,0.3599999998768228,3.928621739828439e-08,0.6399999608369599,25,50,10
18,5219,1.753271854783686e-41,0.3599999964733355,4.219096321100733e-08,0.6399999613357015,25,50,10
18,5220,4.849028465733964e-44,0.3599999963032896,3.6983139504058866e-09,0.6399999999983966,25,50,10
18,5221,1.7486220145003605e-41,0.3599999996402951,1.6232619516028508e-06,0.6399983770977533,25,50,10
18,5222,1.7491684145859723e-41,0.3599999998784887,1.6230236107765472e-06,0.6399983770979006,25,50,10
18,5223,6.794003244938115e-37,0.3599999967015314,5.333616670394213e-09,0.639999997964852,25,50,10
18,5224,1.0557001091527877e-42,0.3599999967622175,3.7209215011193897e-09,0.639999999516861,25,50,10
18,5225,6.775137408731163e-43,0.3599997991785234,2.0083423046348573e-07,0.6399999999872461,25,50,10
18,5226,6.514692032665385e-43,0.3599998059006986,1.9411163535929783e-07,0.639999999987666,25,50,10
18,5227,3.126835671946964e-43,0.3599999999375072,6.273853846254126e-11,0.6399999999997543,25,50,10
18,5228,5.885334541416644e-46,0.35999986418621305,1.3581454429177714e-07,0.6399999999992426,25,50,10
18,5229,5.897825955564683e-46,0.35999986412825635,1.358727933107788e-07,0.6399999999989504,25,50,10
18,5230,9.967007337447975e-40,0.3599998585156851,1.4150599813226863e-07,0.6399999999783169,25,50,10
18,5231,5.993452316039278e-46,0.3599998642475795,1.3578225884569498e-07,0.6399999999701618,25,50,10
18,5232,6.998632018199352e-41,0.3599891338675026,1.0870237745952246e-05,0.6399999958947514,25,50,10
18,5233,4.766250418374773e-38,0.3599998093115726,1.9340119620331334e-07,0.6399999972872312,25,50,10
18,5234,1.2329578590261278e-42,0.35999999978583447,8.926506350017362e-10,0.6399999993215149,25,50,10
18,5235,2.515414864510662e-45,0.35999999978800107,8.904778145620023e-10,0.6399999993215212,25,50,10
18,5236,7.336067093914805e-42,0.35999998787858145,1.2811569556333269e-08,0.639999999309849,25,50,10
18,5237,4.870483184353534e-42,0.3591583991511284,0.0008416415339780634,0.6399999593148934,25,50,10
18,5238,4.766645050394258e-38,0.35915839573632746,0.0008416069011408907,0.6399999973625317,25,50,10
18,5239,3.1250017306562775e-43,0.35999999670879723,3.790904991734384e-09,0.6399999995002978,25,50,10
18,5240,4.744766385958815e-38,0.3599999897511785,0.0001795154832223495,0.6398204947655993,25,50,10
18,5241,1.191533946830069e-38,0.35999999987300463,6.112733994761226e-10,0.6399999995157221,25,50,10
18,5242,6.872492421628227e-38,0.3599996283201768,3.7238287140910684e-07,0.6399999992969518,25,50,10
18,5243,1.1930014527434074e-38,0.3599998090823941,2.734502575698487e-07,0.6399999174673483,25,50,10
18,5244,1.193128888338658e-38,0.3599996283239107,3.7219360187763253e-07,0.6399999994824875,25,50,10
18,5245,1.1916609468185548e-38,0.35999962822817366,3.717721412441083e-07,0.639999999999685,25,50,10
18,5246,1.2916469198934315e-42,0.35999225394605516,7.746054169581455e-06,0.6399999999997753,25,50,10
18,5247,6.984575885471764e-44,0.359999999998135,2.457110533372239e-12,0.6399999999994079,25,50,10
18,5248,2.2723572228596716e-37,0.35999999982553166,1.7506581552700948e-10,0.6399999999994026,25,50,10
18,5249,1.2540087476915287e-42,0.3599994472961567,5.811773000167393e-07,0.6399999715265432,25,50,10
18,5250,3.142900838128978e-44,0.35999999999693727,1.6832433059553544e-11,0.6399999999862303,25,50,10
18,5251,9.966475113887976e-40,0.359999999939111,7.397897678635282e-11,0.6399999999869099,25,50,10
18,5252,9.966792730003053e-40,0.35999999303428937,6.9663516293141e-09,0.6399999999993592,25,50,10
18,5253,9.969365598331319e-40,0.35999999303430735,3.497712155036154e-08,0.6399999719885711,25,50,10
18,5254,1.2382087198292893e-42,0.35999999665038296,4.555190820839409e-09,0.6399999987944262,25,50,10
18,5255,1.2327530814534007e-42,0.3599999997669559,9.476688148785905e-10,0.6399999992853753,25,50,10
18,5256,7.117180000639121e-41,0.3599999999335055,2.114172718268612e-09,0.6399999979523218,25,50,10
18,5257,8.793980673490792e-41,0.35998913386490977,1.0866149333182144e-05,0.6399999999857571,25,50,10
18,5258,8.584132324317407e-41,0.3599999998789592,1.4250347394122815e-10,0.6399999999785373,25,50,10
18,5259,5.65075821122415e-45,0.3599999998855492,3.8789712186940766e-08,0.6399999613247387,25,50,10
18,5260,1.5424969901386174e-47,0.3599999996737032,3.265244524777962e-10,0.6399999999997725,25,50,10
18,5261,2.7032734134809185e-44,0.35999999982402753,1.849639231499112e-10,0.6399999999910085,25,50,10
18,5262,3.67285266609807e-42,0.3599999996589932,8.286458747611545e-08,0.6399999174764193,25,50,10
18,5263,3.979893770672281e-42,0.35999981554374494,2.6697984684275553e-07,0.6399999174764083,25,50,10
18,5264,2.0904605828024292e-40,0.3599999998781136,1.5784619753666403e-09,0.6399999985434244,25,50,10
18,5265,2.09303433225374e-40,0.35999999297032026,7.029698947935056e-09,0.6399999999999807,25,50,10
18,5266,2.5752818121006554e-43,0.3599999998725734,1.3663389646716713e-10,0.6399999999907927,25,50,10
18,5267,3.0827774320650268e-43,0.3599999963632824,3.646294112362812e-09,0.6399999999904237,25,50,10
18,5268,8.762644715833089e-43,0.35999999636321656,3.681650489667389e-09,0.639999999955133,25,50,10
18,5269,3.2255977125084485e-43,0.35999999982875663,2.1959820910123263e-10,0.6399999999516452,25,50,10
18,5270,1.8352899687951566e-41,0.35999999994002674,0.00012514785057662583,0.6398748522093967,25,50,10
18,5271,3.7418774610675154e-42,0.35999999665136856,0.00012515117527623674,0.6398748521733553,25,50,10
18,5272,1.4948815413792564e-41,0.35999999665238386,3.8392085720871624e-09,0.6399999995084076,25,50,10
18,5273,2.5737027278891392e-43,0.35999999661278415,3.3875302134459733e-09,0.6399999999996857,25,50,10
18,5274,2.2723684652593593e-37,0.35999980982033536,1.9017984745697417e-07,0.6399999999998173,25,50,10
18,5275,2.5415350711606068e-42,0.35999998663378696,1.341419413907054e-08,0.639999999952019,25,50,10
18,5276,2.1063935898777696e-40,0.35999998776462083,9.230791702460448e-05,0.6399077043183545,25,50,10
18,5277,1.599111213294425e-42,0.35999998549962764,9.231019418909451e-05,0.6399077043061834,25,50,10
18,5278,3.0796941655775297e-43,0.3599999878623244,9.230781959439815e-05,0.6399077043180812,25,50,10
18,5279,3.1127739323243867e-43,0.3599999902425044,9.757728719341253e-09,0.639999999999767,25,50,10
18,5280,1.80506921425906e-41,0.3599999869549679,6.619300441282076e-06,0.6399933937445909,25,50,10
18,5281,2.573984800828641e-43,0.3599999869565782,1.3044062969075326e-08,0.6399999999993589,25,50,10
18,5282,3.5774171868338297e-43,0.359999987918468,1.209050732697687e-08,0.6399999999910246,25,50,10
18,5283,6.7917269809219755e-37,0.3599999903040853,5.115219510622966e-08,0.6399999585437196,25,50,10
18,5284,2.5738829914189787e-43,0.35999998695868385,1.4489123100804702e-08,0.639999998552193,25,50,10
18,5285,3.98659156392876e-39,0.3599999997836313,3.13811868855163e-09,0.6399999970782501,25,50,10
18,5286,1.8909860156630777e-45,0.35999999995206156,1.4965038948104899e-09,0.6399999985514345,25,50,10
18,5287,5.680890725091748e-38,0.35999999974561225,2.404468949728804e-09,0.6399999978499188,25,50,10
18,5288,5.681013434310287e-38,0.3599999973253737,2.710316190450697e-09,0.6399999999643101,25,50,10
18,5289,2.4548959663166837e-42,0.3599999974475,2.5955961590354006e-09,0.6399999999569038,25,50,10
18,5290,1.9945223197152713e-39,0.35999999405312666,5.98105600142187e-09,0.6399999999658174,25,50,10
18,5291,9.981540673070522e-40,0.3599999941024241,5.897792997588259e-09,0.6399999999997829,25,50,10
18,5292,7.142457053522222e-41,0.3599999999970994,3.570718616775213e-12,0.6399999999993298,25,50,10
18,5293,7.17362067366141e-41,0.35999973539883406,2.6461885403090116e-07,0.6399999999823119,25,50,10
18,5294,1.0681441178265875e-39,0.3599999976110363,2.389194412083189e-09,0.6399999999997693,25,50,10
18,5295,2.804840648179536e-43,0.35999999999640664,4.487194628903299e-12,0.6399999999991062,25,50,10
18,5296,1.8050390340548862e-41,0.3599999998013277,1.9955696489775412e-10,0.6399999999991153,25,50,10
18,5297,8.367287346184956e-40,0.35999999972935404,3.002803892382996e-10,0.6399999999703657,25,50,10
18,5298,8.36727518816709e-40,0.35999999655342807,3.482706622873995e-09,0.6399999999638655,25,50,10
18,5299,4.766127698271119e-38,0.3599999998745968,1.721830448126248e-10,0.6399999999532202,25,50,10
18,5300,1.0348429564171336e-44,0.35999999301156577,7.723655326730511e-09,0.6399999992647789,25,50,10
18,5301,7.425438681401821e-41,0.35999239227440993,7.610495198669803e-06,0.6399999972303914,25,50,10
18,5302,7.025435572665808e-41,0.35999999983083497,1.9087606665817206e-10,0.6399999999782889,25,50,10
18,5303,3.128788808547523e-43,0.3599999996528665,3.9361525114769394e-10,0.6399999999535183,25,50,10
18,5304,1.0384511741155356e-46,0.3599999998247344,1.758997790622811e-10,0.6399999999993657,25,50,10
18,5305,2.581244587057978e-43,0.359999864247856,1.3575216239031677e-07,0.6399999999999815,25,50,10
18,5306,3.9865925905520416e-39,0.3599998642464229,1.3579014686612293e-07,0.6399999999634303,25,50,10
18,5307,1.2267902970303021e-42,0.3599891338245806,1.0866175595910133e-05,0.6399999999998236,25,50,10
18,5308,2.2723685461228413e-37,0.3599891241683316,1.0875866000587774e-05,0.6399999999656678,25,50,10
18,5309,4.2761955427955446e-46,0.359999999993126,3.867936401996432e-08,0.63999996132751,25,50,10
18,5310,1.2275841770003586e-42,0.35999962826414694,3.7173585348382835e-07,0.6399999999999997,25,50,10
18,5311,3.97453496133568e-42,0.3599999999390456,1.5689400337514804e-06,0.6399984311209207,25,50,10
18,5312,9.208653418185806e-44,0.35999999018284823,9.841160350791298e-09,0.6399999999759914,25,50,10
18,5313,7.376342766731517e-45,0.3599999998162312,2.0938921827255512e-10,0.6399999999743797,25,50,10
18,5314,1.9933972798580982e-45,0.359999999874286,1.5134946916667622e-10,0.6399999999743646,25,50,10
18,5315,2.7109988795228434e-44,0.35999986876658446,2.47163543961375e-07,0.6399998840698716,25,50,10
18,5316,2.280717845591162e-37,0.35999986224681785,1.397882898522059e-07,0.6399999979648924,25,50,10
18,5317,1.7494367311121953e-41,0.35999999659483267,5.939866534675654e-09,0.6399999974653008,25,50,10
18,5318,1.502334822014335e-44,0.3599999999988641,7.179530379044954e-11,0.6399999999293405,25,50,10
18,5319,9.191920686225353e-45,0.35999999999780086,3.15613122339606e-12,0.639999999999043,25,50,10
18,5320,6.229988098282617e-43,0.3599999966536036,3.3590458879629288e-09,0.6399999999873505,25,50,10
18,5321,2.6137722068748617e-44,0.35999999982980596,1.8252327835459346e-10,0.6399999999876707,25,50,10
18,5322,4.523168378072773e-45,0.3599999998257916,1.8654831406914898e-10,0.63999999998766,25,50,10
18,5323,1.2315507520723873e-42,0.3599999998266387,1.1593464977513714e-09,0.6399999990140148,25,50,10
18,5324,4.9006104322236454e-42,0.3599999999977229,9.88244488735679e-10,0.6399999990140326,25,50,10
18,5325,3.7070963221316696e-41,0.35999999309501957,6.91438414790522e-09,0.6399999999905962,25,50,10
18,5326,3.2154632905561046e-41,0.35999999999678556,2.933585152573589e-09,0.6399999970696293,25,50,10
18,5327,4.89466376294191e-42,0.3599999999332189,3.03346374177469e-09,0.6399999970333172,25,50,10
18,5328,2.2723929603572346e-37,0.359999999828744,1.6766457458448305e-09,0.6399999984946102,25,50,10
18,5329,1.492688983204587e-41,0.35999999982813724,2.1366056727221592e-09,0.639999998035257,25,50,10
18,5330,1.4927357481626966e-41,0.3599999998288102,6.802962384347475e-10,0.6399999994908936,25,50,10
18,5331,5.971444389137666e-45,0.3599999966546325,3.3453793027039075e-09,0.6399999999999882,25,50,10
18,5332,2.1529844657750016e-44,0.3599999999999607,4.854071236700711e-13,0.6399999999995539,25,50,10
18,5333,3.6685965050163e-42,0.3599999999992143,1.0384794036400946e-12,0.6399999999997472,25,50,10
18,5334,5.682638967629845e-38,0.3599999963788876,3.6217150024338857e-09,0.6399999999993973,25,50,10
18,5335,5.681015525409639e-38,0.3599999965951571,3.422110433919805e-09,0.6399999999827325,25,50,10
18,5336,1.9932958125540368e-39,0.3599999902988374,1.0200709624612582e-08,0.639999999500453,25,50,10
18,5337,9.969054732892532e-40,0.3599999903010503,9.699403619930178e-09,0.639999999999546,25,50,10
18,5338,4.6056282152390785e-46,0.35999999978506364,2.1540500883085086e-10,0.6399999999995313,25,50,10
18,5339,2.2723562679949728e-37,0.3599999998142398,1.8656150291684903e-10,0.6399999999991987,25,50,10
18,5340,2.2723564835257915e-37,0.35999999980982117,1.9098456717517468e-10,0.6399999999991942,25,50,10
18,5341,3.689311219344002e-42,0.35999980914283986,1.9085793181758605e-07,0.6399999999992282,25,50,10
18,5342,3.6777374032423984e-42,0.3599999998280491,1.727275379520963e-10,0.6399999999992234,25,50,10
18,5343,5.891588273919112e-45,0.3599999974436375,2.565161972113255e-09,0.6399999999912006,25,50,10
18,5344,6.223539371642002e-45,0.3599999902211951,9.78027873084458e-09,0.6399999999985263,25,50,10
18,5345,4.3815775713500365e-44,0.35999999022044876,1.0279943328802346e-08,0.6399999994996081,25,50,10
18,5346,2.7669307800479197e-44,0.3599999902615131,1.1686430085004523e-08,0.6399999980520569,25,50,10
18,5347,1.249012548915166e-42,0.359999999913362,1.5348727386541315e-09,0.6399999985517653,25,50,10
18,5348,1.4696019038022457e-41,0.3599999999581609,5.064779836694102e-11,0.6399999999911913,25,50,10
18,5349,2.0908372182212896e-40,0.35999999999773463,3.0596889002250836e-12,0.6399999999992058,25,50,10
18,5350,3.231170598603705e-44,0.359577629852882,0.0004224860907677459,0.6399998840563502,25,50,10
18,5351,2.319336196940181e-44,0.35999944027677616,5.597232324840486e-07,0.6399999999999914,25,50,10
18,5352,7.361499775649993e-41,0.3599999906707118,9.32982061033914e-09,0.6399999999994676,25,50,10
18,5353,3.690503998819942e-42,0.35999999097345947,9.03553126984612e-09,0.6399999999910093,25,50,10
18,5354,4.595093661948679e-46,0.35999999347728023,6.523344647877888e-09,0.6399999999993752,25,50,10
18,5355,2.6303563983489467e-43,0.35999999339780964,7.103027578369077e-09,0.6399999994991628,25,50,10
18,5356,1.616115523936414e-41,0.3599994337488456,5.667718402680547e-07,0.6399999994793142,25,50,10
18,5357,6.777568330932974e-45,0.35999944733712086,5.526720890218881e-07,0.6399999999907902,25,50,10
18,5358,5.462022180401753e-46,0.3599994473382401,5.526741004626678e-07,0.6399999999876594,25,50,10
18,5359,1.227641156739163e-42,0.3599994473345341,5.526784408299818e-07,0.6399999999870251,25,50,10
18,5360,4.038164286530635e-46,0.35999944728039046,5.52755305638017e-07,0.6399999999643038,25,50,10
18,5361,7.723301052520167e-45,0.3599994473422505,5.926528808876469e-07,0.6399999600048686,25,50,10
18,5362,3.766393536050351e-43,0.35999944728361527,5.527165674446093e-07,0.6399999999998173,25,50,10
18,5363,8.36474872846084e-40,0.35999999993913406,6.210305855714337e-11,0.6399999999987629,25,50,10
18,5364,1.232666422138087e-42,0.3599999976175133,4.4165140897466105e-09,0.6399999979659726,25,50,10
18,5365,1.2312564309715192e-45,0.35999999995743115,4.2569891238357984e-11,0.6399999999999989,25,50,10
18,5366,3.0566648007029294e-41,0.35999999995527077,5.4366996122628084e-11,0.6399999999903623,25,50,10
18,5367,2.0078718338568258e-41,0.359999990712771,4.92831657218669e-08,0.6399999600040633,25,50,10
18,5368,1.8599286318426202e-41,0.35999999736471816,4.313030352004191e-08,0.6399999595049782,25,50,10
18,5369,1.4674616388864694e-41,0.35999999999780136,5.144452257004467e-10,0.6399999994877534,25,50,10
18,5370,1.5906521484055712e-41,0.3599994473005486,5.532112525752516e-07,0.6399999994881989,25,50,10
18,5371,1.4674095955496154e-41,0.3599999997680507,2.3254308660813558e-10,0.6399999999994063,25,50,10
18,5372,1.8927323238985418e-45,0.3599999999394952,7.882357323470741e-10,0.639999999272269,25,50,10
18,5373,5.3693499686308655e-46,0.3599999869576236,1.3128681440171776e-08,0.6399999999136949,25,50,10
18,5374,2.102673266546118e-40,0.35999999012023765,8.789796131496621e-08,0.6399999219818011,25,50,10
18,5375,2.1026737794102998e-40,0.35999999012424594,8.789395709468866e-08,0.6399999219817969,25,50,10
18,5376,1.227211546408153e-42,0.35999999647184183,3.5898611217419037e-09,0.639999999938297,25,50,10
18,5377,1.2487320097060191e-42,0.3599999965224059,8.606243712718553e-08,0.6399999174151569,25,50,10
18,5378,1.2330610030604261e-42,0.3599891257577911,1.0956765961069453e-05,0.6399999174762478,25,50,10
18,5379,2.273067940733765e-37,0.35999999958256185,4.440901354660536e-10,0.639999999973348,25,50,10
18,5380,2.272368624519503e-37,0.35998492330465703,1.5076712883985209e-05,0.6399999999824589,25,50,10
18,5381,1.2271345592323005e-42,0.35998492336559906,1.5076647165205661e-05,0.6399999999872358,25,50,10
18,5382,9.966520141280162e-40,0.3599999999978421,2.171690255825635e-12,0.6399999999999862,25,50,10
18,5383,9.966752704786296e-40,0.35999999295506746,7.045389015958433e-09,0.6399999999995435,25,50,10
18,5384,9.969107246126389e-40,0.3599999833973896,9.526122883487488e-08,0.6399999213413817,25,50,10
18,5385,2.2066311299517407e-33,0.35999999030304275,1.663125898794679e-07,0.6399998433843674,25,50,10
18,5386,9.966472694483134e-40,0.3599999901339877,8.830534000279595e-08,0.6399999215606722,25,50,10
18,5387,5.476864336431397e-45,0.3599999964002101,5.049119910140473e-09,0.6399999985506701,25,50,10
18,5388,3.986762288213754e-39,0.3599891305216614,1.0869491554409297e-05,0.6399999999867841,25,50,10
18,5389,7.046077200616232e-41,0.3599999966538284,1.6262570102672648e-06,0.6399983770891613,25,50,10
18,5390,6.994551569413442e-41,0.35938990818336913,0.0006100918259255135,0.6399999999907053,25,50,10
18,5391,5.023411222428737e-45,0.35999999665147486,3.3612124881159203e-09,0.6399999999873127,25,50,10
18,5392,8.374545008344311e-40,0.35999999995433496,7.810337213987453e-10,0.6399999992646312,25,50,10
18,5393,1.743530538090438e-42,0.3599999929277085,7.07276399564051e-09,0.6399999999995274,25,50,10
18,5394,2.6309174303503275e-43,0.359999999788046,2.2222449630721648e-10,0.6399999999897296,25,50,10
18,5395,3.6732703868793194e-42,0.359999999956076,1.5303920017847718e-09,0.6399999985135321,25,50,10
18,5396,4.0024448938818545e-42,0.35999999995391313,4.7495492352295453e-11,0.6399999999985915,25,50,10
18,5397,3.7014671312130374e-42,0.35999999982825914,1.7379705333346815e-10,0.639999999997944,25,50,10
18,5398,4.766495936248479e-38,0.3599999998787272,1.121387137344747e-09,0.6399999989998857,25,50,10
18,5399,3.67293931504077e-42,0.35999999999589405,4.000088357670763e-08,0.6399999600032225,25,50,10
18,5400,4.903307921019268e-42,0.3599925212382662,7.478771769045748e-06,0.6399999999899648,25,50,10
18,5401,2.794003069278778e-43,0.3599999976145432,2.398438090361567e-09,0.6399999999870186,25,50,10
18,5402,2.8382724034418166e-43,0.3599999976183363,2.403425957219523e-09,0.6399999999782378,25,50,10
18,5403,4.834652342028908e-44,0.35999999515317455,4.883185003457027e-09,0.6399999999636404,25,50,10
18,5404,7.059900068068003e-44,0.3599999997717241,2.2923171924036872e-10,0.6399999999990442,25,50,10
18,5405,7.067455213011524e-44,0.35999999972565233,2.925493427031435e-10,0.6399999999817984,25,50,10
18,5406,1.4740102759926366e-41,0.35999999972854724,3.0607772869592093e-10,0.639999999965375,25,50,10
18,5407,1.5918583799676562e-41,0.3599999964008187,4.298372977539965e-09,0.6399999993008083,25,50,10
18,5408,3.1462084190099683e-43,0.3599997993923989,2.0129499107314465e-07,0.63999999931261,25,50,10
18,5409,2.7913486467143286e-43,0.35999979922232983,3.1737380052078673e-07,0.6399998834038698,25,50,10
18,5410,7.025266483189589e-41,0.3599999974482299,3.279164206561307e-09,0.639999999272606,25,50,10
18,5411,1.4019275369886342e-40,0.3599999976183319,3.1088104763356062e-09,0.6399999992728578,25,50,10
18,5412,1.1350385322766049e-45,0.35999999999483845,5.556776817659737e-11,0.6399999999495938,25,50,10
18,5413,4.606281642308762e-46,0.3599999999963544,7.066190706924708e-10,0.6399999992970266,25,50,10
18,5414,8.771565102404566e-47,0.3599999999999081,1.4490198930831405e-09,0.639999998551072,25,50,10
18,5415,1.845713051720736e-34,0.3595635649575918,0.0004364350523145735,0.6399999999900937,25,50,10
18,5416,3.2154838628286e-41,0.35999999030194757,9.707661498216975e-09,0.6399999999903909,25,50,10
18,5417,1.0210021605545806e-40,0.35999999999561993,1.398581064560124e-11,0.6399999999903944,25,50,10
18,5418,2.4802580666137112e-42,0.3599999997899597,2.102729489018917e-10,0.6399999999997674,25,50,10
18,5419,3.988128444100806e-39,0.35999999753019357,2.47025869676023e-09,0.6399999999995477,25,50,10
18,5420,3.988084123067934e-39,0.35999999979938335,0.00012737372885937665,0.6398726264717574,25,50,10
18,5421,9.222812521040173e-40,0.35999999977091457,0.00012741242040266608,0.6398725878086828,25,50,10
18,5422,8.364240559826877e-40,0.3599999999976317,0.00012741288350194316,0.6398725871188664,25,50,10
18,5423,8.362965568347634e-40,0.35999999999987703,3.8676231725334694e-08,0.6399999613238913,25,50,10
18,5424,8.374608627829943e-40,0.35999999999478743,3.866856018189188e-08,0.6399999613366524,25,50,10
18,5425,1.5300618955585887e-44,0.35999999999392435,2.052895834871655e-09,0.6399999979531799,25,50,10
18,5426,3.988136099114356e-39,0.3599998607928957,1.4124141030614258e-07,0.6399999979656941,25,50,10
18,5427,1.2529581534205358e-45,0.35999986424364566,1.392995331147666e-07,0.6399999964568213,25,50,10
18,5428,9.96970339536739e-40,0.3599999999383429,9.801645459816552e-11,0.6399999999636408,25,50,10
18,5429,7.000429720662308e-41,0.35999986871082257,1.3133449479741047e-07,0.6399999999546826,25,50,10
18,5430,8.743616670615133e-41,0.3599997329000639,2.6714500807092133e-07,0.639999999954928,25,50,10
18,5431,7.038077370114065e-41,0.3599998685994249,1.5993396779146835e-07,0.6399999714666074,25,50,10
18,5432,5.416755207082896e-45,0.3599999999999321,3.682060784001484e-11,0.6399999999632473,25,50,10
18,5433,5.019609747025603e-46,0.3599999999985404,2.317431995398405e-12,0.6399999999991421,25,50,10
18,5434,2.272356272900335e-37,0.3599999999119949,7.899015145661607e-10,0.6399999992981036,25,50,10
18,5435,2.2723563179622994e-37,0.35999999995610393,4.427713043960906e-11,0.639999999999619,25,50,10
18,5436,2.5850224188199057e-43,0.3599999998751093,1.4220176188134855e-10,0.6399999999826891,25,50,10
18,5437,2.5973374863221202e-43,0.3599999965305177,4.348189756490255e-08,0.6399999599875846,25,50,10
18,5438,1.7765256347456804e-41,0.3599999928530078,8.120881571090121e-09,0.6399999990261107,25,50,10
18,5439,1.4941601037050994e-41,0.35999999987704795,1.1099406031253452e-09,0.6399999990130114,25,50,10
18,5440,1.4929233673972584e-41,0.3599894956536802,1.0505332470601714e-05,0.6399999990138491,25,50,10
18,5441,8.36750726471447e-40,0.3599999869587533,1.5475609021349356e-08,0.6399999975656376,25,50,10
18,5442,4.823064826747393e-39,0.35999999647997827,3.5291004610099976e-09,0.6399999999909213,25,50,10
18,5443,7.391433571371728e-41,0.3599999966538954,3.382244763476635e-09,0.6399999999638598,25,50,10
18,5444,9.061290602007527e-40,0.3599998155438247,1.8445663247385724e-07,0.6399999999995428,25,50,10
18,5445,8.776785875816429e-41,0.3599998156231241,1.8440286434390112e-07,0.6399999999740116,25,50,10
18,5446,4.9787971751732176e-42,0.3599999999944377,7.69176605738303e-10,0.6399999992363857,25,50,10
18,5447,2.4889578686162757e-41,0.3599999998776359,2.280418916011331e-06,0.6399977197034481,25,50,10
18,5448,4.040077908560903e-42,0.35999999013815054,1.0564149020057835e-08,0.6399999992977005,25,50,10
18,5449,3.99148474323991e-39,0.35999999987227055,8.302340548944493e-10,0.6399999992974954,25,50,10
18,5450,4.0570658547927584e-39,0.35999960655075186,3.934742507313124e-07,0.6399999999749976,25,50,10
18,5451,2.6349451961257204e-43,0.35999986638722803,1.336392963473354e-07,0.6399999999734757,25,50,10
18,5452,1.4676191287561894e-41,0.3599998687695305,1.3123186365277327e-07,0.6399999999986058,25,50,10
18,5453,5.981406873785322e-45,0.3599998618638905,1.3813794919468816e-07,0.6399999999981604,25,50,10
18,5454,3.667936816149925e-42,0.35999999983493297,2.199784668008742e-09,0.6399999979652824,25,50,10
18,5455,2.2653579005440914e-40,0.35999999030288116,1.1731849871839002e-08,0.639999997965269,25,50,10
18,5456,5.493225988644986e-45,0.35999999991623527,8.484103813930142e-11,0.6399999999989238,25,50,10
18,5457,4.181355885758138e-40,0.3599999933052513,6.721858379289531e-09,0.6399999999728904,25,50,10
18,5458,5.270102364270368e-43,0.3599775825597343,2.2418643380631063e-05,0.6399999987968852,25,50,10
18,5459,2.0319672640660738e-43,0.3599999999938217,7.08726347471023e-10,0.6399999992974519,25,50,10
18,5460,2.1277786286897405e-40,0.35999999013911305,9.922748007059834e-09,0.639999999938139,25,50,10
18,5461,2.139404660326765e-40,0.359999990180881,9.906236971182767e-09,0.639999999912882,25,50,10
18,5462,2.237102628773221e-40,0.35999999999283877,8.10908424638845e-12,0.6399999999990522,25,50,10
18,5463,2.789853545754695e-40,0.3599999998825502,1.185458963883267e-10,0.6399999999989039,25,50,10
18,5464,2.0904604786234638e-40,0.35999999993987714,6.143253381412254e-11,0.6399999999986904,25,50,10
18,5465,2.0906221331786966e-40,0.3599999998276636,1.7359785221636225e-10,0.6399999999987386,25,50,10
18,5466,2.093475115779866e-40,0.3599999902978098,9.702984312240623e-09,0.6399999999992059,25,50,10
18,5467,2.093482664993822e-40,0.3599999903003122,1.042817630341719e-08,0.6399999992715116,25,50,10
18,5468,2.454500235415579e-42,0.35999999999518195,7.326778981065349e-10,0.6399999992721401,25,50,10
18,5469,1.0003424712002652e-39,0.3599999998243476,2.185172937906267e-10,0.6399999999571351,25,50,10
18,5470,2.7217790212588005e-42,0.3599999999938586,2.4192290421587853e-11,0.639999999981949,25,50,10
18,5471,1.2552582772751592e-42,0.3599999999369814,2.2061869788840324e-09,0.6399999978568315,25,50,10
18,5472,3.987825077602415e-39,0.35999986424580727,1.3644960518123684e-07,0.6399999993045875,25,50,10
18,5473,3.9878295280455615e-39,0.35999986424582653,1.364417008074723e-07,0.6399999993124726,25,50,10
18,5474,1.0281526904561562e-44,0.35999986876952306,1.3268784947268863e-07,0.6399999985426276,25,50,10
18,5475,2.7166924654270882e-36,0.3599999974951315,2.9978160210013724e-09,0.6399999995070526,25,50,10
18,5476,2.7166930458582212e-36,0.35996984942537724,3.0150575152472203e-05,0.6399999999994703,25,50,10
18,5477,4.1439140404838855e-43,0.3599698493835165,3.0151117054654825e-05,0.6399999994994289,25,50,10
18,5478,2.5519487220621903e-46,0.3599999974836402,2.537371901434317e-09,0.639999999978988,25,50,10
18,5479,1.295270974725036e-35,0.35999960413291254,4.358834215423083e-07,0.6399999599836659,25,50,10
18,5480,1.2952641345425133e-35,0.35999999993507076,4.006069838053176e-08,0.639999960004231,25,50,10
18,5481,1.253074109363196e-42,0.35999999987494147,1.2604652014920438e-10,0.6399999999990121,25,50,10
18,5482,2.4767937836207295e-42,0.35999999987567877,1.253932375124275e-10,0.6399999999989281,25,50,10
18,5483,1.2518862728408855e-45,0.3599999999985208,1.92663723490243e-12,0.6399999999995526,25,50,10
18,5484,8.596678796602974e-47,0.3599999999412762,5.873829847011175e-11,0.6399999999999855,25,50,10
18,5485,3.6735849438073604e-42,0.35999999030303664,1.0717963966153997e-08,0.6399999989789994,25,50,10
18,5486,3.7330613862984945e-42,0.35999999020450396,1.0288013798129148e-08,0.6399999995074823,25,50,10
18,5487,1.0006369882891505e-39,0.35999999665250904,3.237991174610051e-08,0.6399999709675793,25,50,10
18,5488,8.398948405685536e-40,0.35999999994215387,2.85320554485498e-08,0.6399999715257908,25,50,10
18,5489,8.36190218024045e-40,0.35999999995408793,2.0799524222324067e-09,0.6399999979659596,25,50,10
18,5490,6.472910549620501e-44,0.35999999995506016,1.5053008678222228e-09,0.639999998539639,25,50,10
18,5491,6.528735609278008e-44,0.35999999954483186,1.9393218666262894e-09,0.6399999985158463,25,50,10
18,5492,6.999311254230755e-41,0.35998930781459565,1.0692221905897525e-05,0.6399999999634985,25,50,10
18,5493,6.588465344303018e-44,0.3599999930956366,7.002249465530806e-09,0.6399999999021141,25,50,10
18,5494,9.96648719324596e-40,0.3599999966417692,3.367210922919072e-09,0.63999999999102,25,50,10
18,5495,9.966536120807712e-40,0.35999999664277993,4.077061301111167e-09,0.6399999992801588,25,50,10
18,5496,7.054216727835496e-44,0.35999999014120493,9.876554351832153e-09,0.6399999999822407,25,50,10
18,5497,2.638575901947967e-43,0.3599999903020796,9.73210100073471e-09,0.6399999999658195,25,50,10
18,5498,2.2648911404203064e-41,0.35997757913999534,2.2422928276838236e-05,0.6399999979317278,25,50,10
18,5499,6.378790934231352e-42,0.35999999323713033,8.806402557286028e-09,0.6399999979564671,25,50,10
18,5500,7.852355678099438e-41,0.3599999868990224,1.5135573915286968e-08,0.6399999979654037,25,50,10
18,5501,2.1541547065125237e-44,0.3599999999971222,3.0585358498082157e-12,0.6399999999998194,25,50,10
18,5502,3.0605957086964687e-47,0.35999999999409227,6.509012136275604e-12,0.6399999999993987,25,50,10
18,5503,6.445886708867604e-44,0.35999999999519944,5.044991364316345e-12,0.6399999999997558,25,50,10
18,5504,8.571157144442829e-47,0.35999999982609165,1.7435815047728607e-10,0.6399999999995502,25,50,10
18,5505,1.2282487251331431e-42,0.3599999999990953,1.799782513277099e-11,0.6399999999829068,25,50,10
18,5506,8.37389763031244e-40,0.35999999999413906,1.4539578820359205e-09,0.6399999985519031,25,50,10
18,5507,1.2530829108595859e-42,0.35999999999259413,3.488852881121698e-09,0.639999996518553,25,50,10
18,5508,1.1580758809735831e-46,0.3599999999969773,2.036681129473808e-09,0.6399999979663415,25,50,10
18,5509,4.111184975133502e-46,0.3599999999969226,2.062786742991035e-09,0.6399999979402906,25,50,10
18,5510,1.4856373615119766e-42,0.3599999999933899,2.92077276497987e-08,0.6399999707988823,25,50,10
18,5511,3.814390855960257e-43,0.3599999999978412,2.825422925696745e-08,0.6399999717479296,25,50,10
18,5512,1.3012608823475682e-42,0.35999999976911284,2.7756978153813644e-08,0.639999972473909,25,50,10
18,5513,1.7485258831492465e-41,0.359999999938502,6.236238118974319e-11,0.6399999999991356,25,50,10
18,5514,1.2325339868953232e-42,0.35999960416761456,3.958449266523386e-07,0.6399999999874589,25,50,10
18,5515,1.2274065619354626e-42,0.3599999999552139,4.5426768626826954e-11,0.6399999999993594,25,50,10
18,5516,3.975369728960128e-42,0.3599999998854274,1.1481151010151908e-10,0.6399999999997611,25,50,10
18,5517,7.089286194943237e-40,0.3599999998815902,0.00624958285262723,0.6337504172657826,25,50,10
18,5518,7.086254028477921e-40,0.3599999999937388,0.006249582740930396,0.6337504172653308,25,50,10
18,5519,3.137128249922044e-43,0.3587612677132497,0.0012387323244795652,0.6399999999622709,25,50,10
18,5520,9.969588384580551e-40,0.35999999995272014,4.73051209355905e-11,0.6399999999999746,25,50,10
18,5521,2.6594888555868195e-44,0.359999999785951,2.1427926083476836e-10,0.6399999999997698,25,50,10
18,5522,2.20663340693089e-33,0.35999999978799,7.245795059391856e-10,0.6399999994874305,25,50,10
18,5523,2.2066334069305145e-33,0.3599999997462826,7.539008670682265e-10,0.6399999994998165,25,50,10
18,5524,2.2066334069310407e-33,0.3599999999581165,1.164598935361446e-07,0.6399998835819899,25,50,10
18,5525,2.206633405962474e-33,0.3582815328683532,0.0017184981381367407,0.6399999689935102,25,50,10
18,5526,3.1503493410759326e-43,0.35828153280490116,0.0017184678967890974,0.6399999992983098,25,50,10
18,5527,2.350833794764609e-44,0.35828153286743786,0.0017184678345594567,0.6399999992980028,25,50,10
18,5528,1.7507789649682824e-41,0.35999999999474247,7.072555324665227e-10,0.639999999298002,25,50,10
18,5529,5.6156529427272675e-46,0.3599999999360917,6.45485560989981e-11,0.6399999999993596,25,50,10
18,5530,1.0182853987468287e-45,0.35999944733714406,5.534003822546638e-07,0.6399999992624736,25,50,10
18,5531,2.4545290325445256e-42,0.35999944721717436,5.5278282630318e-07,0.6399999999999992,25,50,10
18,5532,2.454139156312822e-42,0.3599999998738379,1.349371077473803e-10,0.6399999999912249,25,50,10
18,5533,3.0187673333118136e-42,0.3599999998757514,1.5689791827383783e-06,0.6399984311450659,25,50,10
18,5534,3.0685819082704613e-43,0.35999999994212467,1.5702806857415385e-06,0.6399984297771897,25,50,10
18,5535,1.092638265073142e-46,0.35999962832616367,1.9405294084798398e-06,0.6399984311444278,25,50,10
18,5536,1.2539254684654212e-42,0.35998949560827126,1.0504401352673e-05,0.6399999999903762,25,50,10
18,5537,2.6906067407443185e-44,0.35998949557123594,1.050443899874081e-05,0.6399999999897654,25,50,10
18,5538,9.572095393091394e-46,0.3599999934763791,6.5246813643419386e-09,0.6399999999989396,25,50,10
18,5539,6.994611226029676e-41,0.3599999869129599,1.308825783030896e-08,0.6399999999987823,25,50,10
18,5540,3.238062952394544e-36,0.3599994472806343,6.35243387246043e-07,0.6399999174759785,25,50,10
18,5541,1.0003152664489737e-39,0.3599999997067533,2.934248638711888e-10,0.6399999999998218,25,50,10
18,5542,1.2952303388735778e-35,0.35999960632031663,3.936920258772891e-07,0.6399999999876574,25,50,10
18,5543,4.3518554750227613e-44,0.35999999999327076,6.747271789880819e-12,0.6399999999999821,25,50,10
18,5544,3.9866116633309265e-39,0.35999998594848315,1.4052351770075043e-08,0.6399999999991651,25,50,10
18,5545,2.7206765911519073e-36,0.35999999969540525,4.030927943074758e-08,0.6399999599953153,25,50,10
18,5546,2.587010869800234e-43,0.35999999975707986,1.1616971493976982e-07,0.6399998840732052,25,50,10
18,5547,1.1915576459641535e-38,0.35999980902299117,1.9099856041353032e-07,0.6399999999784484,25,50,10
18,5548,1.1915318087725454e-38,0.3599999996500167,2.8835640500704136e-08,0.6399999715143427,25,50,10
18,5549,2.0910558250723306e-40,0.35999986388321853,1.396076797283319e-07,0.6399999965091019,25,50,10
18,5550,2.1620861408275237e-44,0.35999999995636406,4.4070053190000253e-11,0.6399999999995658,25,50,10
18,5551,2.154164475439053e-44,0.3599999999981462,2.2826652578770355e-12,0.6399999999995711,25,50,10
18,5552,2.165224348914524e-44,0.35999999999784904,2.1702791038603576e-12,0.6399999999999807,25,50,10
18,5553,1.055710547347912e-46,0.35999999971548374,2.845174544132659e-10,0.6399999999999989,25,50,10
18,5554,2.1530069553064373e-44,0.35999999659493453,3.096559716197083e-08,0.6399999724394683,25,50,10
18,5555,4.3057020377692313e-44,0.3599999870701489,4.049053634221671e-08,0.6399999724393148,25,50,10
18,5556,2.1156940844728772e-41,0.359999999996905,1.2685406909068284e-11,0.6399999999904097,25,50,10
18,5557,3.8018810665097366e-42,0.3599999999977845,2.3727907921698084e-11,0.6399999999784876,25,50,10
18,5558,3.7429289500612966e-42,0.3599999966545097,3.3670001099789585e-09,0.6399999999784902,25,50,10
18,5559,4.96108213785545e-42,0.3599999999998652,3.663641666486997e-11,0.6399999999634985,25,50,10
18,5560,1.823691388390686e-42,0.3599999930962718,6.904325878640837e-09,0.6399999999994024,25,50,10
18,5561,3.0058713536742534e-43,0.3599999930379165,6.962896085980401e-09,0.6399999999991873,25,50,10
18,5562,2.834095354082205e-44,0.3599999929954135,8.0030255892132e-09,0.6399999990015609,25,50,10
18,5563,1.5606213695506743e-45,0.35999999982916137,1.1445111137302959e-09,0.6399999990263275,25,50,10
18,5564,4.823283209314567e-45,0.3599999976162116,2.3837928425498115e-09,0.6399999999999956,25,50,10
18,5565,1.0642582396589773e-46,0.3599999934125796,6.58805089043432e-09,0.6399999999993695,25,50,10
18,5566,2.0904033128461996e-40,0.35999999675794286,8.576669959816934e-08,0.6399999174753576,25,50,10
18,5567,3.247741815633559e-41,0.3599999999937815,5.161367946583498e-10,0.6399999994900818,25,50,10
18,5568,3.607978386693115e-41,0.3599999998767085,2.0716544407572577e-09,0.6399999980516371,25,50,10
18,5569,1.5235249371686996e-41,0.35999999761625057,4.344824899563261e-09,0.6399999980389246,25,50,10
18,5570,1.1930552584997106e-38,0.3599999975758226,2.925052387880808e-09,0.6399999994991251,25,50,10
18,5571,1.200018484879155e-38,0.35999999995807436,5.777425337455455e-10,0.6399999994641832,25,50,10
18,5572,7.045941507133426e-41,0.35999999984372744,1.9197321001588305e-10,0.6399999999642992,25,50,10
18,5573,1.06660915302611e-39,0.3599999976182414,2.3822177002588725e-09,0.6399999999995408,25,50,10
18,5574,1.0678352721206723e-39,0.3599685204854438,3.147951502622048e-05,0.6399999999995301,25,50,10
18,5575,2.322185879558533e-37,0.3599681246113974,3.187544507330666e-05,0.6399999999435293,25,50,10
18,5576,3.987820615744912e-39,0.35996852282345415,3.1477212608212086e-05,0.6399999999639376,25,50,10
18,5577,1.2316402433499866e-42,0.3599999999977838,3.791794971306608e-11,0.6399999999642982,25,50,10
18,5578,1.7485470286658078e-41,0.3599999903008582,5.1736387331078936e-08,0.6399999579627544,25,50,10
18,5579,1.105494705146438e-44,0.3599999685277856,3.150221550666672e-08,0.6399999999699989,25,50,10
18,5580,4.0162784226112783e-42,0.3599998640753808,1.3596315876622087e-07,0.6399999999614604,25,50,10
18,5581,1.2953427398465397e-35,0.35999986408252427,1.359266315322061e-07,0.6399999999908441,25,50,10
18,5582,1.2952434423835014e-35,0.3599921277684242,7.87223175077411e-06,0.639999999999825,25,50,10
18,5583,1.2952500687188085e-35,0.3599999998352421,2.8673679269578512e-08,0.6399999714910787,25,50,10
18,5584,7.362967566502336e-41,0.3599999998977178,1.5565230064982116e-10,0.6399999999466299,25,50,10
18,5585,3.688929905253886e-42,0.3599999999978943,5.5748368111551654e-11,0.6399999999463575,25,50,10
18,5586,8.583803746446889e-41,0.35999944722540206,5.52817255625552e-07,0.6399999999573425,25,50,10
18,5587,7.055501878671028e-41,0.35999999987082193,1.4761625476554488e-10,0.639999999981562,25,50,10
18,5588,7.000457098123898e-41,0.3599999976182754,2.405875739065929e-09,0.6399999999758489,25,50,10
18,5589,7.123269715742269e-41,0.3599999998794881,1.2088121699420252e-10,0.6399999999996306,25,50,10
18,5590,1.7861678108692896e-41,0.3599999902974513,9.711199337576869e-09,0.6399999999913495,25,50,10
18,5591,3.9865956830339566e-39,0.35999999989653864,1.2135418477619187e-10,0.6399999999821072,25,50,10
18,5592,9.134284337424676e-44,0.35999999309139386,8.276940522675055e-09,0.6399999986316657,25,50,10
18,5593,1.3826332180891925e-42,0.3599999999948572,1.3742537368610311e-09,0.6399999986308891,25,50,10
18,5594,1.5966815732385804e-41,0.35999999999694554,1.3717895838358092e-09,0.639999998631265,25,50,10
18,5595,8.362330170993859e-40,0.35999999976816743,1.608868571358649e-09,0.639999998622964,25,50,10
18,5596,8.361635858015223e-40,0.35999998560152596,1.4408589080078273e-08,0.6399999999898849,25,50,10
18,5597,9.969063851376883e-40,0.359999978755421,2.124548928899662e-08,0.6399999999990897,25,50,10
18,5598,1.499699772874564e-41,0.35999998566023295,4.281345393033241e-08,0.6399999715263133,25,50,10
18,5599,6.340459433531608e-43,0.359999997637142,2.364084191640102e-09,0.639999999998774,25,50,10
18,5600,5.6960089602551794e-43,0.35999999989969744,5.998600515147362e-10,0.6399999995004425,25,50,10
18,5601,5.202063067751781e-43,0.3599999910048017,9.494767690472726e-09,0.6399999995004307,25,50,10
18,5602,3.008296902927011e-43,0.3599999998298448,1.9572073248869198e-10,0.6399999999744345,25,50,10
18,5603,2.7898184143164243e-43,0.3599999996475612,3.906083615926638e-10,0.6399999999618304,25,50,10
18,5604,1.774252668992449e-41,0.3599999996500152,8.504190113244944e-10,0.6399999994995658,25,50,10
18,5605,3.9853562303892495e-46,0.35999999728536636,2.7156873962688457e-09,0.6399999999989463,25,50,10
18,5606,1.2952430738913558e-35,0.35999226338966733,7.736611115605518e-06,0.6399999999992171,25,50,10
18,5607,1.7512816736143802e-41,0.35999226125719935,7.738743799255751e-06,0.6399999999990014,25,50,10
18,5608,3.497019183175688e-41,0.3599999966517498,3.3486314721401243e-09,0.6399999999996187,25,50,10
18,5609,6.9110094985698e-44,0.35999999999797183,2.638984498982528e-12,0.6399999999993892,25,50,10
18,5610,1.7878875360884183e-41,0.3599999999401383,6.064843312200429e-11,0.6399999999992133,25,50,10
18,5611,1.4669909540776976e-41,0.3599999999988083,2.2795952367790914e-06,0.6399977204059549,25,50,10
18,5612,2.1720890311210909e-44,0.35999998792236787,1.2137548064700932e-08,0.6399999999400839,25,50,10
18,5613,2.1540055355593537e-44,0.3599999901252889,9.90922454942273e-09,0.6399999999654866,25,50,10
18,5614,2.6333462590487926e-43,0.35999999024421636,9.781231611893037e-09,0.639999999974552,25,50,10
18,5615,1.8028311660678305e-42,0.3599999902942119,9.715556150159278e-09,0.6399999999902319,25,50,10
18,5616,9.969596608854266e-40,0.3599999898622749,1.018297257953161e-08,0.6399999999547525,25,50,10
18,5617,9.966532819992728e-40,0.3599999967658075,3.270342015286661e-09,0.6399999999638505,25,50,10
18,5618,9.966475683739964e-40,0.35999999676800676,3.2682777875972207e-09,0.6399999999637154,25,50,10
18,5619,9.966803491852954e-40,0.3599999967203834,1.6261933234034727e-06,0.6399983770862933,25,50,10
18,5620,1.275698011764132e-39,0.3599999964783473,3.5218160686365497e-09,0.6399999999998367,25,50,10
18,5621,9.969146927815814e-40,0.35999999658902565,5.970190275554526e-09,0.6399999974407841,25,50,10
18,5622,9.969523658363055e-40,0.35999999676054406,5.798493141714908e-09,0.6399999974409628,25,50,10
18,5623,9.966918017051641e-40,0.35999999653670406,3.1681090192506625e-06,0.6399968353542768,25,50,10
18,5624,4.68930185775031e-46,0.3599999998290726,1.6306240479549597e-09,0.6399999985403033,25,50,10
18,5625,6.888934397323608e-44,0.3599999998298204,1.6230846476325401e-06,0.6399983770855319,25,50,10
18,5626,9.966700747786597e-40,0.35999999648163744,3.5206737670736025e-09,0.6399999999976889,25,50,10
18,5627,1.1700670224692345e-45,0.35999999982257835,2.0433997659958251e-10,0.6399999999730818,25,50,10
18,5628,1.1116433607764873e-44,0.359999999996669,2.847740246296528e-08,0.6399999715259286,25,50,10
18,5629,8.745888428994258e-44,0.3599999966544602,3.3714069826191572e-09,0.6399999999741329,25,50,10
18,5630,2.1537967186315905e-44,0.35999999665028604,3.349740719303954e-09,0.6399999999999734,25,50,10
18,5631,4.343692886295125e-44,0.3593899114109041,0.0006100885891299472,0.639999999999966,25,50,10
18,5632,4.766131349949208e-38,0.35999999438064983,6.118882419047182e-09,0.6399999995004678,25,50,10
18,5633,1.4691161184743097e-41,0.35999999199977173,8.001453680725395e-09,0.6399999999987745,25,50,10
18,5634,1.4976659450274438e-41,0.3599999942121049,5.7891324653233e-09,0.6399999999987627,25,50,10
18,5635,3.2828903704178437e-43,0.35999999659368936,3.407403395869296e-09,0.6399999999989072,25,50,10
18,5636,1.4847737942702486e-42,0.35999999995495335,5.445833181629365e-10,0.6399999995004633,25,50,10
18,5637,1.2271233058056536e-42,0.359999999955944,4.5701036556754835e-11,0.639999999998355,25,50,10
18,5638,1.227137071538548e-42,0.3599999999361119,1.0302706030119631e-10,0.6399999999608612,25,50,10
18,5639,2.7654135337185998e-42,0.3599999963082211,3.730107595214728e-09,0.6399999999616712,25,50,10
18,5640,6.14310909369819e-42,0.3599999996565857,3.559641326646871e-10,0.6399999999874503,25,50,10
18,5641,6.194799793619519e-42,0.35999999982456465,2.2520984093367154e-10,0.6399999999502255,25,50,10
18,5642,4.96516761579225e-42,0.3599999998276954,2.7433540968443995e-09,0.6399999974289504,25,50,10
18,5643,7.367192412762507e-41,0.3599999999941986,2.5643810641301537e-09,0.6399999974414202,25,50,10
18,5644,6.994509839933375e-41,0.3599999999964217,4.11705803594951e-12,0.6399999999994612,25,50,10
18,5645,7.382885973293343e-34,0.35999999434193114,5.659056819063161e-09,0.6399999999990121,25,50,10
18,5646,1.8098574076112318e-41,0.3599999999577726,4.2695517883638806e-11,0.6399999999995319,25,50,10
18,5647,3.787348818889486e-43,0.35999999999600485,4.952428604639208e-11,0.6399999999544709,25,50,10
18,5648,4.766186095359183e-38,0.35999999981728875,3.885505366690608e-08,0.6399999613276576,25,50,10
18,5649,4.76615315670026e-38,0.3599999999959389,3.919274353184971e-08,0.6399999608113176,25,50,10
18,5650,2.7034492937403235e-44,0.3599925145493917,7.485951236677291e-06,0.6399999994993716,25,50,10
18,5651,3.1214608063642936e-43,0.3599999999989153,2.50240651001467e-12,0.6399999999985824,25,50,10
18,5652,5.4686400067628484e-45,0.35999999982979025,1.9505404384934947e-10,0.6399999999751557,25,50,10
18,5653,7.485625177230156e-41,0.3599999902615492,9.762770977689535e-09,0.6399999999756798,25,50,10
18,5654,4.9159364466209707e-42,0.35999999991630705,8.370642194971715e-11,0.6399999999999866,25,50,10
18,5655,1.29525034854358e-35,0.35999986411722706,1.3588323039722488e-07,0.6399999999995424,25,50,10
18,5656,7.11670887206003e-41,0.3599998642037677,1.35796897629459e-07,0.6399999999993347,25,50,10
18,5657,3.667584293520319e-42,0.3599999976975421,4.2297588035499317e-08,0.6399999600048697,25,50,10
18,5658,6.996286393496975e-41,0.35999999983698905,1.63036228131826e-10,0.6399999999999747,25,50,10
18,5659,4.76612766627508e-38,0.35999999995563997,4.4567700581370657e-11,0.6399999999997923,25,50,10
18,5660,7.382885104209578e-34,0.3599999879609293,1.2039537052165161e-08,0.6399999999995337,25,50,10
18,5661,9.127764844309124e-44,0.3599999999980764,1.9880873242464348e-12,0.6399999999999356,25,50,10
18,5662,1.295238690352339e-35,0.35999986418807706,1.6333679281830036e-07,0.6399999724751302,25,50,10
18,5663,3.6730455821360824e-42,0.3599999999999669,2.6066252962921744e-11,0.639999999973967,25,50,10
18,5664,6.874587585886416e-45,0.3599999999999634,3.4361434325554e-11,0.6399999999656751,25,50,10
18,5665,1.1425868670284651e-45,0.3599999999999484,7.018777300288197e-10,0.6399999992981737,25,50,10
18,5666,9.969147397479758e-40,0.35999999983310377,6.670749001918369e-10,0.6399999994998214,25,50,10
18,5667,2.5783429255280107e-43,0.35999999987704334,1.236008142316138e-10,0.639999999999356,25,50,10
18,5668,5.914173124711926e-46,0.35999999649171577,3.5083096200680544e-09,0.6399999999999746,25,50,10
18,5669,2.272392949177355e-37,0.35999999664999666,3.359399756097396e-09,0.6399999999906035,25,50,10
18,5670,2.72797893873379e-44,0.3599999999998647,2.9934513167366016e-13,0.6399999999998359,25,50,10
18,5671,1.1387426420203675e-45,0.3599999999573565,4.264771811576097e-11,0.6399999999999959,25,50,10
18,5672,3.0789002189751603e-43,0.35999999999615484,4.079963422765378e-11,0.6399999999630456,25,50,10
18,5673,3.1873010800666025e-43,0.3599999999405094,5.966863739265851e-11,0.639999999999822,25,50,10
18,5674,1.4986256770794e-41,0.35999999999511234,1.3816175127241805e-11,0.6399999999910715,25,50,10
18,5675,2.2371470042826185e-40,0.3599999999970137,4.746292571457638e-11,0.6399999999555234,25,50,10
18,5676,1.0113219039751598e-39,0.3599999999939753,1.5183940286550217e-11,0.6399999999908408,25,50,10
18,5677,1.2950009062531742e-35,0.3599925212393624,7.478761023764481e-06,0.6399999999996139,25,50,10
18,5678,1.0789520665975816e-44,0.3599999999999119,7.019989868170228e-10,0.6399999992980893,25,50,10
18,5679,1.6082566237550413e-44,0.35999999029791147,9.710877703471426e-09,0.6399999999912108,25,50,10
18,5680,1.2383566057487433e-42,0.3599999900721384,9.928074440225863e-09,0.6399999999997872,25,50,10
18,5681,8.567541957678399e-42,0.3599999900098168,1.000210329443657e-08,0.6399999999880799,25,50,10
18,5682,2.2380428376254048e-41,0.35999941574405264,5.843035494290681e-07,0.6399999999523981,25,50,10
18,5683,2.272357783672118e-37,0.35999999977040564,2.3047160143924202e-10,0.6399999999991229,25,50,10
18,5684,2.2723569658426067e-37,0.3599999928029925,8.644836248711331e-09,0.6399999985521714,25,50,10
18,5685,6.53556280923393e-44,0.3599999929721963,7.555151791883195e-09,0.639999999472652,25,50,10
18,5686,1.2075204838672286e-44,0.3599999999989232,1.0473268857672372e-11,0.6399999999906038,25,50,10
18,5687,1.2513780913656927e-42,0.3599999999977668,5.024243227382749e-10,0.639999999499809,25,50,10
18,5688,3.0689099716829198e-43,0.35999999999777954,3.999798873322904e-08,0.6399999600042316,25,50,10
18,5689,6.791739024544561e-37,0.3599999974950887,1.1842335871544553e-07,0.6399998840815525,25,50,10
18,5690,3.116876877283253e-43,0.3599999998297079,1.703224664206586e-10,0.6399999999999696,25,50,10
18,5691,3.288765410091713e-43,0.3599999999123428,8.76679428965441e-11,0.6399999999999892,25,50,10
18,5692,1.0042589709314466e-46,0.35999999999990706,5.454463425533614e-13,0.6399999999995476,25,50,10
18,5693,8.514550866303375e-46,0.35999999999696014,3.2079375836174157e-12,0.6399999999998318,25,50,10
18,5694,5.680818721617799e-38,0.35998913369535346,1.0866313888467456e-05,0.6399999999907581,25,50,10
18,5695,5.764432871704581e-38,0.35998894305889345,1.1056959280803449e-05,0.6399999999818258,25,50,10
18,5696,1.4669898955365122e-41,0.35999999987602854,2.1841099197255906e-09,0.6399999979398615,25,50,10
18,5697,5.75971215676631e-45,0.35999999999883897,5.267422345643195e-10,0.6399999994744189,25,50,10
18,5698,1.7490525786981924e-41,0.35999999982973924,1.7178003998608106e-10,0.6399999999984808,25,50,10
18,5699,1.7485284163464693e-41,0.3599999998261269,1.9985214971062185e-10,0.639999999974021,25,50,10
18,5700,8.952670558076747e-47,0.3599999999991506,2.625753996469215e-11,0.6399999999745919,25,50,10
18,5701,1.1872904604472912e-47,0.35999999999913657,8.777258349568961e-13,0.6399999999999857,25,50,10
18,5702,1.227589871406125e-42,0.35999999744614514,2.5866269062847963e-09,0.6399999999672281,25,50,10
18,5703,2.7303853829386203e-44,0.35999999999585974,1.2934288128778708e-11,0.6399999999912059,25,50,10
18,5704,4.907563864358898e-45,0.359999999999873,2.1241355602517547e-11,0.6399999999788857,25,50,10
18,5705,8.361630340059218e-40,0.3599999998854734,1.8642365674246517e-10,0.639999999928103,25,50,10
18,5706,8.361630534865025e-40,0.35999999999990867,2.5513484523528315e-11,0.6399999999745778,25,50,10
18,5707,9.061127339474044e-40,0.3599999976568967,2.36852256430058e-09,0.6399999999745808,25,50,10
18,5708,4.056530700491148e-39,0.35999999765790436,2.3679687339713367e-09,0.6399999999741269,25,50,10
18,5709,4.195716587281145e-39,0.3599999998298482,1.9620871927261617e-10,0.6399999999739432,25,50,10
18,5710,3.986680763027335e-39,0.3599999999981404,1.878506533915954e-12,0.6399999999999811,25,50,10
18,5711,9.964074327361047e-40,0.3599893147600919,1.0685240229688185e-05,0.6399999999996784,25,50,10
18,5712,9.96408067876243e-40,0.3599784486282981,2.1552358319487925e-05,0.6399999990133823,25,50,10
18,5713,1.4959629572949887e-41,0.35999999999472904,1.5143614136754617e-09,0.6399999984909096,25,50,10
18,5714,2.639575844281712e-43,0.35999999309521485,7.926039922111979e-09,0.6399999989787452,25,50,10
18,5715,8.582648040328839e-46,0.3599998642475534,1.387614603606869e-07,0.6399999969909862,25,50,10
18,5716,9.96690684523257e-40,0.3599998642444938,1.3779086865271024e-07,0.6399999979646376,25,50,10
18,5717,1.274787546792719e-42,0.359999999996874,3.1511190883232918e-12,0.6399999999999748,25,50,10
18,5718,5.680892373888864e-38,0.3599999965958895,3.4048595307955678e-09,0.639999999999251,25,50,10
18,5719,5.681263845873979e-38,0.35999999659594445,3.4137707339430906e-09,0.6399999999902848,25,50,10
18,5720,1.7485043932778627e-41,0.35999999993828413,7.109819878165612e-11,0.6399999999906177,25,50,10
18,5721,1.7489639817902702e-41,0.3599999999962411,2.6196372922912522e-11,0.6399999999775625,25,50,10
18,5722,1.295000905280842e-35,0.35999251464061344,7.486106264916757e-06,0.6399999992531216,25,50,10
18,5723,1.2950009058090403e-35,0.3599925212005612,7.47880881274151e-06,0.6399999999906261,25,50,10
18,5724,7.770724500531494e-46,0.3599999999544287,4.5735996607339513e-11,0.6399999999998354,25,50,10
18,5725,4.411207247973304e-46,0.3599999998333479,1.615219472333727e-09,0.6399999985514327,25,50,10
18,5726,4.923238250409234e-45,0.3599999999574294,4.259984340936392e-11,0.6399999999999708,25,50,10
18,5727,5.617000429624466e-46,0.3599999999368662,7.567445014611997e-11,0.6399999999874594,25,50,10
18,5728,2.2172297720833724e-44,0.35999999999190896,4.001552783723906e-08,0.6399999599925631,25,50,10
18,5729,1.845709180340094e-34,0.359999735397638,3.0509737278235435e-07,0.6399999595049892,25,50,10
18,5730,1.8457091901336772e-34,0.35999973539523356,2.673526347356121e-07,0.6399999972521315,25,50,10
18,5731,3.22595280680403e-43,0.35999999987665127,1.3456398688433924e-09,0.6399999987777089,25,50,10
18,5732,3.006047275133616e-43,0.35999999999672005,5.115752568977145e-10,0.6399999994917046,25,50,10
18,5733,2.5737059563741366e-43,0.3599996064938357,3.940153511684246e-07,0.6399999994908131,25,50,10
18,5734,1.4934339767532784e-42,0.3599999999480791,6.203238241061652e-11,0.6399999999898885,25,50,10
18,5735,1.067824125302103e-39,0.3599998090835283,1.9092657820079827e-07,0.6399999999898934,25,50,10
18,5736,6.994526820439867e-41,0.35999980880320837,1.9120645975862547e-07,0.639999999990332,25,50,10
18,5737,3.144399699069917e-44,0.35999999999986043,9.578794187723201e-12,0.6399999999905608,25,50,10
18,5738,5.879453693130174e-45,0.3599999966545311,8.923209394315686e-05,0.6399107712515257,25,50,10
18,5739,4.983243332966679e-39,0.35999999999870214,8.922874996895218e-05,0.6399107712513289,25,50,10
18,5740,3.986617369648462e-39,0.35999999665239185,3.8486610660162025e-09,0.639999999498947,25,50,10
18,5741,3.986639291296388e-39,0.3599999966100013,3.4023255775419934e-09,0.6399999999876731,25,50,10
18,5742,8.536622350215614e-40,0.3599999967224847,5.819829139904009e-09,0.6399999974576862,25,50,10
18,5743,1.5905583268839423e-41,0.3599998687674183,1.6021783374893498e-07,0.6399999710147479,25,50,10
18,5744,5.135268839260084e-46,0.3599999930376056,6.974726227470644e-09,0.6399999999876682,25,50,10
18,5745,1.0782029749690715e-45,0.359999992896542,7.116094876590867e-09,0.6399999999873631,25,50,10
18,5746,1.3199991611643523e-42,0.3599999930367086,4.7006392264842496e-08,0.6399999599568992,25,50,10
18,5747,7.145231659582406e-41,0.3599999907336997,4.927519744011321e-08,0.6399999599911028,25,50,10
18,5748,1.4015992563206741e-40,0.3599999906912232,9.310067499716267e-09,0.6399999999987093,25,50,10
18,5749,1.4018114542934118e-40,0.3599999975263678,3.282397735172908e-08,0.6399999696496548,25,50,10
18,5750,2.6591891583802816e-45,0.3599999964753964,3.2417317959895684e-08,0.6399999711072858,25,50,10
18,5751,1.6067371491228524e-45,0.3599999999906212,1.0051026060875302e-11,0.6399999999993279,25,50,10
18,5752,3.3527305822089756e-43,0.35999999993285997,1.5249184923142278e-09,0.6399999985422216,25,50,10
18,5753,5.2481691261416475e-45,0.3599999999102827,9.050120450970838e-11,0.6399999999992162,25,50,10
18,5754,6.6579617257553266e-46,0.35999999991339654,6.117152355767867e-10,0.6399999994748883,25,50,10
18,5755,1.6124422924723675e-45,0.3599999999178242,1.3313947623940013e-10,0.6399999999490363,25,50,10
18,5756,3.986591193382978e-39,0.35999999983209735,2.1872896939687906e-10,0.6399999999491736,25,50,10
18,5757,3.9865907168320585e-39,0.35999999983209724,2.2112091194911487e-09,0.6399999979566937,25,50,10
18,5758,1.2504880217460664e-42,0.35999967347833445,2.6061242996197944e-06,0.639997720397366,25,50,10
18,5759,3.1843832731887096e-43,0.35999980693099887,1.9306902648449579e-07,0.6399999999999747,25,50,10
18,5760,5.926916921447958e-43,0.35999999761718554,8.034009983737744e-08,0.6399999220427146,25,50,10
18,5761,2.7448918865474794e-44,0.3599922636426587,7.736358842026137e-06,0.6399999999984993,25,50,10
18,5762,9.174069276434077e-44,0.359992261298699,7.739380950541098e-06,0.6399999993203506,25,50,10
18,5763,4.886944408255867e-46,0.35999999982456177,2.263466924701837e-10,0.6399999999490916,25,50,10
18,5764,3.635256584317603e-47,0.3599999997852425,2.2399238276730105e-10,0.6399999999907652,25,50,10
18,5765,4.8858826629432315e-46,0.3599999996003684,4.081415927740172e-10,0.6399999999914902,25,50,10
18,5766,6.996721843891416e-41,0.35999944711248205,5.528884565183759e-07,0.6399999999990615,25,50,10
18,5767,6.99460764191223e-41,0.3599994472798842,5.527210514893873e-07,0.6399999999990643,25,50,10
18,5768,2.2306905782235306e-44,0.3599999998751439,1.2502694953007538e-10,0.6399999999998291,25,50,10
18,5769,6.632158412570576e-44,0.3599999901789511,9.821694562663223e-09,0.6399999999993543,25,50,10
18,5770,5.648753494635822e-43,0.35999999749621964,3.003330680127802e-09,0.6399999995004496,25,50,10
18,5771,3.0685059946805335e-43,0.35999999983509084,1.9908121545369358e-10,0.6399999999658279,25,50,10
18,5772,4.982272524463398e-39,0.359992253898684,7.746110521515578e-06,0.6399999999907946,25,50,10
18,5773,6.434380704492044e-44,0.35999999305549935,6.944925989194418e-09,0.6399999999995747,25,50,10
18,5774,2.1530606196966694e-44,0.3599999997879875,2.1245269571765002e-10,0.6399999999995597,25,50,10
18,5775,2.2723595241117053e-37,0.3599999933040616,6.696732223753475e-09,0.6399999999992061,25,50,10
18,5776,6.501104673099714e-44,0.3599999965294802,3.4713650198501247e-09,0.6399999999991547,25,50,10
18,5777,1.7485778519077165e-41,0.3599999997066236,7.939033357108511e-10,0.6399999994994731,25,50,10
18,5778,1.227522246268762e-42,0.3599999996629504,3.3796620510362223e-10,0.6399999999990834,25,50,10
18,5779,1.4904186214639196e-42,0.35999999983530545,1.773901568076463e-10,0.6399999999873044,25,50,10
18,5780,2.792925615003605e-44,0.3599999999359271,6.47978951847845e-11,0.6399999999992751,25,50,10
18,5781,1.7486711784484636e-41,0.3599999832303098,1.8636889713301984e-08,0.6399999981328005,25,50,10
18,5782,1.7485047410372318e-41,0.35999998323032656,1.747135413570292e-08,0.6399999992983194,25,50,10
18,5783,1.7571461935251234e-41,0.35999998361132063,1.6424360705089516e-08,0.6399999999643186,25,50,10
18,5784,5.565477446768536e-46,0.3599999902443306,9.75582609741041e-09,0.6399999999998434,25,50,10
18,5785,2.3293835054730657e-44,0.3599994473415423,5.526586238347757e-07,0.6399999999998339,25,50,10
18,5786,3.0844350971393796e-43,0.35999999982669123,2.09439373019683e-10,0.6399999999638696,25,50,10
18,5787,3.287803384586908e-43,0.35999886604407605,1.1339929908242324e-06,0.6399999999629331,25,50,10
18,5788,2.3115813841695016e-37,0.35938903989645804,0.0006109601764296038,0.6399999999271124,25,50,10
18,5789,1.786266818609638e-41,0.35999980866241826,1.9135576113109255e-07,0.6399999999818207,25,50,10
18,5790,1.0141308525500765e-39,0.3599997976699146,2.0234818262707335e-07,0.6399999999819028,25,50,10
18,5791,6.993652757911281e-44,0.3599999966514657,3.375236570829816e-09,0.6399999999732977,25,50,10
18,5792,1.493257270310966e-41,0.3599994439958675,5.560221956019747e-07,0.6399999999819371,25,50,10
18,5793,8.488330939892195e-41,0.3599992508886941,7.491295769659482e-07,0.639999999981729,25,50,10
18,5794,4.0027570081540827e-39,0.3599998024973853,1.8204175536891295e-06,0.639998377085061,25,50,10
18,5795,1.8606310812909662e-41,0.3599998092697219,1.9172599514579675e-07,0.639999999004283,25,50,10
18,5796,5.695844539672095e-43,0.3599998046305845,1.95852680192536e-07,0.6399999995167353,25,50,10
18,5797,3.0677377851515824e-43,0.35999999208106176,7.918964410160959e-09,0.6399999999999738,25,50,10
18,5798,1.9105508321011204e-41,0.3599894956520113,1.0504348021451216e-05,0.6399999999999673,25,50,10
18,5799,9.961309385673302e-40,0.35997882333020975,2.1176679299992215e-05,0.6399999999904904,25,50,10
18,5800,3.732859193912632e-42,0.3599999975585952,2.4867147754075377e-09,0.6399999999546899,25,50,10
18,5801,3.669662943114529e-42,0.35999999999887455,5.898236813679693e-11,0.639999999942143,25,50,10
18,5802,3.668907151099116e-42,0.35999999999717097,6.002822610434777e-11,0.6399999999428008,25,50,10
18,5803,2.1371254212727735e-47,0.35999999999993143,9.053920763437746e-12,0.6399999999910146,25,50,10
18,5804,1.1798882149788945e-45,0.3599922634696634,7.736614008537524e-06,0.639999999916328,25,50,10
18,5805,4.4242274491941954e-44,0.3599998090180523,1.910534644101963e-07,0.6399999999284833,25,50,10
18,5806,6.994244689699612e-41,0.3599999951941917,4.8414978547858636e-09,0.6399999999643105,25,50,10
18,5807,2.6187546295318624e-43,0.3599999975758592,2.4241640372707095e-09,0.6399999999999769,25,50,10
18,5808,1.4691047095669784e-41,0.3599999999574475,4.316716382932361e-11,0.6399999999993854,25,50,10
18,5809,2.1531935266191583e-44,0.35999999995811527,5.528151537080177e-11,0.6399999999866032,25,50,10
18,5810,8.362486580322822e-40,0.3599999999978229,4.861629495717494e-10,0.6399999995160143,25,50,10
18,5811,8.361632061011535e-40,0.35999999994130377,5.424292987897518e-10,0.6399999995162671,25,50,10
18,5812,4.766127614681229e-38,0.3599999929175625,7.1166488610892196e-09,0.6399999999657886,25,50,10
18,5813,4.766493872437718e-38,0.35999999659306986,4.343643617117047e-08,0.639999959970494,25,50,10
18,5814,4.773488083113127e-38,0.3599999931294716,4.6865879153086794e-08,0.6399999600046492,25,50,10
18,5815,4.780241031449956e-38,0.35999999086592605,1.7224053040962422e-06,0.6399982867287699,25,50,10
18,5816,6.996687401371457e-41,0.3599999973849456,1.1855827043898554e-07,0.639999884056784,25,50,10
18,5817,3.240279825870014e-36,0.3599775858994609,2.253006936586283e-05,0.6399998840311734,25,50,10
18,5818,5.21293870381396e-44,0.3599999999989144,1.1664639338004815e-07,0.6399998833546923,25,50,10
18,5819,4.766137824017509e-38,0.35999999999819726,7.41556994509925e-10,0.6399999992602458,25,50,10
18,5820,1.7292668485316235e-43,0.35999999994010734,2.1075145030777675e-09,0.6399999979523782,25,50,10
18,5821,3.1331644390279116e-43,0.35999999987672,1.2414733487592565e-10,0.6399999999991328,25,50,10
18,5822,1.291486645698649e-42,0.359999999877082,1.2423807463709364e-10,0.6399999999986801,25,50,10
18,5823,2.8252473612853285e-42,0.3599999929730315,7.027909387175248e-09,0.6399999999990591,25,50,10
18,5824,2.206546941209957e-33,0.35999999749409817,1.5703970909519063e-06,0.6399984321088109,25,50,10
18,5825,2.206546954040291e-33,0.3599999998745816,1.5971917186500378e-06,0.6399984029336998,25,50,10
18,5826,3.126858337587927e-43,0.3599999997549533,2.4585083085363246e-10,0.6399999999991958,25,50,10
18,5827,1.0281546837418516e-44,0.3599999999999661,6.995921899946367e-10,0.6399999993004417,25,50,10
18,5828,3.887554610585862e-46,0.3599999999989673,1.0590802781099288e-12,0.6399999999999737,25,50,10
18,5829,3.986655822457613e-39,0.35999999999682486,3.98919381640157e-12,0.6399999999991861,25,50,10
18,5830,1.03037230423892e-44,0.35999999971332175,7.824380249695954e-08,0.6399999220428757,25,50,10
18,5831,5.409695220626933e-45,0.3599999998287132,1.848593857035931e-10,0.6399999999864274,25,50,10
18,5832,1.295243157177561e-35,0.35999999993871556,7.083961532349993e-11,0.6399999999904449,25,50,10
18,5833,3.0754040371365055e-43,0.3599999999368395,9.950860459358464e-11,0.6399999999636519,25,50,10
18,5834,3.075424621722634e-43,0.35999999999448684,3.1079933168258745e-11,0.6399999999744331,25,50,10
18,5835,3.075335341015663e-43,0.3599999998780086,1.1606536297270024e-07,0.6399998840566284,25,50,10
18,5836,5.8804413455184946e-46,0.3599999998362401,2.0008374825688891e-10,0.6399999999636762,25,50,10
18,5837,7.069061603607723e-45,0.3599999996645177,3.3548827240151676e-10,0.639999999999994,25,50,10
18,5838,2.8441601413836237e-44,0.3599999997070332,3.055122794382821e-10,0.6399999999874545,25,50,10
18,5839,2.408221985263506e-44,0.35999999030299945,1.1145425980633325e-08,0.6399999985515745,25,50,10
18,5840,1.4670174975737422e-41,0.359999990302976,9.697346134171086e-09,0.6399999999996778,25,50,10
18,5841,6.5331557811475174e-46,0.35999998339930384,1.660086188159017e-08,0.6399999999998343,25,50,10
18,5842,1.7489923402496114e-41,0.3599999861331291,1.3867639370806513e-08,0.6399999999992315,25,50,10
18,5843,1.0341747223194497e-44,0.3599999930935928,6.919334238448166e-09,0.639999999987073,25,50,10
18,5844,3.577253520145839e-46,0.35999999299240415,7.043898620126412e-09,0.6399999999636973,25,50,10
18,5845,1.748515218329682e-41,0.35999999989465836,1.0676473487461344e-10,0.639999999998577,25,50,10
18,5846,1.7494952672048755e-41,0.3599996031474979,3.968537170011905e-07,0.6399999999987851,25,50,10
18,5847,3.1478838231231175e-43,0.3599999998280818,8.503981996115368e-10,0.6399999993215201,25,50,10
18,5848,3.12069559497448e-45,0.35999999999548193,6.829872971476717e-10,0.6399999993215307,25,50,10
18,5849,8.361166145791851e-40,0.35999999999595234,2.279621442140102e-06,0.6399977203826056,25,50,10
18,5850,1.219247759060555e-45,0.35999999994119897,8.297813986986722e-11,0.6399999999758229,25,50,10
18,5851,9.600886997289812e-47,0.35999999994119847,5.912193311798196e-11,0.6399999999996796,25,50,10
18,5852,5.644974328699249e-43,0.3599999999401709,7.297558029451007e-11,0.6399999999868535,25,50,10
18,5853,3.071501417015745e-43,0.3599994472835422,5.527168413980881e-07,0.6399999999996164,25,50,10
18,5854,1.3127501743503238e-45,0.35999999999914517,1.8745450960582614e-12,0.6399999999989803,25,50,10
18,5855,1.326238247138684e-45,0.3599999998280115,1.809771719725806e-10,0.6399999999910113,25,50,10
18,5856,6.604340169086801e-44,0.35999999965671875,3.524741998942071e-10,0.639999999990807,25,50,10
18,5857,1.5163881155177904e-45,0.35999999999591287,4.4683751175426404e-12,0.6399999999996188,25,50,10
18,5858,1.1388702873568324e-45,0.35999999999473226,5.499165899133219e-12,0.6399999999997686,25,50,10
18,5859,3.217154648805398e-43,0.3599999998275791,8.543135156061713e-08,0.6399999147410694,25,50,10
18,5860,8.715769232020429e-44,0.35999962832487364,4.542350663490046e-07,0.63999991744006,25,50,10
18,5861,4.59075273526377e-46,0.3599999999992528,3.8713762425831276e-11,0.6399999999620335,25,50,10
18,5862,4.865563623354387e-44,0.3599999976181872,2.4076663458565496e-09,0.6399999999741465,25,50,10
18,5863,1.2357722755456901e-45,0.3599999934206439,8.91042466035533e-08,0.6399999174751096,25,50,10
18,5864,1.32736811916876e-45,0.3599999999998838,8.255311655496342e-08,0.6399999174469996,25,50,10
18,5865,1.231634388292435e-42,0.35999999297324337,9.004555419246491e-08,0.6399999169812025,25,50,10
18,5866,3.2837837175031076e-43,0.35999999736279165,2.6501568236961666e-09,0.6399999999870516,25,50,10
18,5867,4.766160530168954e-38,0.359999990571831,9.428625278884255e-09,0.6399999999995437,25,50,10
18,5868,6.196729823458428e-43,0.35999999995394183,3.870919666726173e-08,0.6399999613368617,25,50,10
18,5869,3.231685298922751e-43,0.35999999993696524,6.348874737232047e-11,0.639999999999546,25,50,10
18,5870,2.0935269622710665e-40,0.35999999999635124,5.042558032418337e-10,0.639999999499393,25,50,10
18,5871,2.0979218336663126e-40,0.3341763203293511,0.025823679672569603,0.6399999999980792,25,50,10
18,5872,6.832355873311507e-43,0.3599999943096327,5.690540553883957e-09,0.6399999999998266,25,50,10
18,5873,1.0457251913697626e-39,0.35999999999605775,1.6229583989223236e-06,0.6399983770455433,25,50,10
18,5874,1.0454950011995526e-39,0.3599998641857634,1.7587560648693496e-06,0.6399983770581716,25,50,10
18,5875,1.5385809733246256e-42,0.35999999024556784,1.1211622765106543e-08,0.6399999985428094,25,50,10
18,5876,1.2330661010163143e-42,0.35999998707004816,2.294006835629726e-06,0.6399977189231163,25,50,10
18,5877,2.4541701525739008e-42,0.3599999999998239,2.279593589121056e-06,0.639997720406587,25,50,10
18,5878,1.8991449568582938e-41,0.35999999991420384,8.686220091560581e-11,0.6399999999989341,25,50,10
18,5879,1.4927017315035038e-41,0.3599999998848308,8.264857722470376e-08,0.6399999174665921,25,50,10
18,5880,2.79011085717999e-43,0.35999999999892907,2.1603034879583065e-12,0.6399999999989108,25,50,10
18,5881,5.642017175256112e-43,0.35999986650803933,1.3349261688837493e-07,0.6399999999993439,25,50,10
18,5882,3.4734553933506117e-46,0.3599922635800004,7.736420029568342e-06,0.63999999999997,25,50,10
18,5883,1.2272950883258741e-42,0.3599999999371912,5.625673545438567e-10,0.6399999995002414,25,50,10
18,5884,9.969050231739409e-40,0.3599999998297339,1.709433562074772e-10,0.6399999999993228,25,50,10
18,5885,5.695449123505678e-43,0.3599999951289904,4.872103916061308e-09,0.6399999999989057,25,50,10
18,5886,6.188341202187438e-43,0.35998491872639315,1.5083307282660855e-05,0.6399999979663241,25,50,10
18,5887,3.067918686548015e-43,0.3599999953577457,3.515792116758485e-08,0.6399999694843331,25,50,10
18,5888,1.2373037301956968e-42,0.3599999951876972,3.3286055981610805e-08,0.6399999715262468,25,50,10
18,5889,1.2544966949615041e-42,0.3599999999998573,7.866639871542478e-13,0.6399999999993561,25,50,10
18,5890,9.9815963628471e-40,0.35999999999984134,1.696982927720879e-13,0.639999999999989,25,50,10
18,5891,7.01975474044889e-41,0.35999999025941365,9.741226427282128e-09,0.63999999999936,25,50,10
18,5892,7.01992586900977e-41,0.35999998335793654,1.6643550010798637e-08,0.6399999999985135,25,50,10
18,5893,1.2060547920249103e-39,0.3599999999971491,9.370116739994758e-11,0.6399999999091499,25,50,10
18,5894,1.0671744360364928e-39,0.3599999997732676,2.271898991020829e-10,0.6399999999995425,25,50,10
18,5895,7.19393008541462e-41,0.35999999676273625,3.2379501562629612e-09,0.6399999999993136,25,50,10
18,5896,1.1915575163384635e-38,0.3599999999987903,6.606253110782337e-06,0.6399933937480988,25,50,10
18,5897,1.212463766810615e-38,0.3599999999959869,6.607614605892829e-06,0.6399933923894072,25,50,10
18,5898,1.2194813654974256e-38,0.3599999999909156,1.3773554395839625e-09,0.6399999986317291,25,50,10
18,5899,6.79173112244504e-37,0.3599922636365935,7.736459251466363e-06,0.6399999999041551,25,50,10
18,5900,6.791731130826649e-37,0.3599922636397325,7.737904199724584e-06,0.6399999984560677,25,50,10
18,5901,6.79243078075313e-37,0.3599999930870949,8.420710302094196e-09,0.6399999984921948,25,50,10
18,5902,6.994732000763243e-41,0.35999959960618655,4.0040273512827e-07,0.6399999999910783,25,50,10
18,5903,2.6789737984247383e-43,0.35999999985882547,1.7701748458549293e-10,0.6399999999641571,25,50,10
18,5904,6.233016307519917e-45,0.35999999977120384,2.2882956219837233e-10,0.6399999999999666,25,50,10
18,5905,1.0465570075801224e-44,0.359999999885478,1.2643591374650154e-10,0.6399999999880861,25,50,10
18,5906,5.383888003239428e-45,0.359999999708726,3.038138019262185e-10,0.6399999999874602,25,50,10
18,5907,1.7485047201022652e-41,0.3599999998781201,8.235811952423041e-10,0.6399999992982988,25,50,10
18,5908,6.436607411922887e-44,0.35999999987888154,4.081898430498936e-08,0.6399999593021342,25,50,10
18,5909,6.436858087393737e-44,0.35999999749639605,3.2059140901656214e-09,0.6399999992976898,25,50,10
18,5910,2.573802794716568e-43,0.35999999999919075,1.2652387837876422e-12,0.6399999999995439,25,50,10
18,5911,1.2315411051964812e-42,0.3599999999414192,5.897676448358018e-11,0.6399999999996041,25,50,10
18,5912,4.61174522888008e-45,0.3599999999992133,1.0404980303190471e-12,0.6399999999997463,25,50,10
18,5913,1.4516784970911957e-44,0.35999999977313935,2.2752180704314514e-10,0.6399999999993389,25,50,10
18,5914,5.379179137707656e-45,0.3599999953167363,4.684379439587653e-09,0.6399999999988844,25,50,10
18,5915,5.012230544466095e-45,0.35999998561986574,1.438063173631217e-08,0.6399999999995026,25,50,10
18,5916,8.628220654250127e-44,0.35999999030201435,1.0376768704698248e-08,0.639999999321217,25,50,10
18,5917,9.966523831634461e-40,0.3599999868411535,1.3159948652513075e-08,0.6399999999988979,25,50,10
18,5918,8.536793817876159e-40,0.3599999868560671,1.3144381718555507e-08,0.6399999999995512,25,50,10
18,5919,8.398574152887119e-40,0.35999980592588876,1.941457064305658e-07,0.6399999999284048,25,50,10
18,5920,8.374606300680056e-40,0.3599999998727724,1.7190721040265072e-10,0.6399999999553203,25,50,10
18,5921,4.687648934376397e-46,0.3599994473382641,5.526617440070727e-07,0.639999999999992,25,50,10
18,5922,6.886357874070139e-44,0.35999944725783917,5.547758390337588e-07,0.6399999979663218,25,50,10
18,5923,1.4843924339489817e-42,0.35999944733913664,5.547193188764372e-07,0.6399999979415445,25,50,10
18,5924,2.1054665469139232e-40,0.3599994449596899,5.550849210598958e-07,0.639999999955389,25,50,10
18,5925,2.7925972665157164e-40,0.3599999942685249,5.7404008267117225e-09,0.6399999999910743,25,50,10
18,5926,2.0906341330266148e-40,0.35999999426895984,5.739815784851287e-09,0.6399999999912245,25,50,10
18,5927,2.717138155109363e-44,0.35999999403431054,7.999378580343296e-09,0.6399999979663109,25,50,10
18,5928,5.622969533343076e-43,0.35999999978489006,2.248792527265216e-09,0.6399999979663173,25,50,10
18,5929,2.730344282745266e-44,0.3599996040704078,3.979638547316518e-07,0.6399999979657376,25,50,10
18,5930,1.2324900600724793e-42,0.35999960651098617,3.935144358544102e-07,0.6399999999745779,25,50,10
18,5931,1.232505478953564e-42,0.3599999999534012,1.495030809850448e-09,0.639999998551568,25,50,10
18,5932,9.982512564765737e-40,0.3599999998957706,4.022747649583299e-08,0.639999959876753,25,50,10
18,5933,4.983243466317224e-39,0.3599999928039616,9.156274613059479e-09,0.6399999980397638,25,50,10
18,5934,3.987822617054138e-39,0.35999999977108726,1.6893945738462436e-09,0.6399999985395181,25,50,10
18,5935,3.986595636029619e-39,0.35999999977114255,3.748022542397499e-09,0.6399999964808348,25,50,10
18,5936,4.059263455291906e-39,0.3599999997690119,2.396680846913695e-10,0.63999999999132,25,50,10
18,5937,3.989045231097799e-39,0.3599999996876797,3.126793401291142e-10,0.639999999999641,25,50,10
18,5938,1.2293477166047537e-42,0.3599999997483731,4.02467661001081e-08,0.6399999600048608,25,50,10
18,5939,1.2168592899336625e-45,0.3599999999998317,3.999575395821369e-08,0.6399999600044144,25,50,10
18,5940,1.467571482664076e-41,0.3599999997703685,1.6778855304155026e-09,0.6399999985517459,25,50,10
18,5941,2.737101455694388e-44,0.35999999769029406,2.3457324828789866e-09,0.6399999999639734,25,50,10
18,5942,1.7748241324186124e-41,0.3599999975567107,2.456005854333773e-09,0.6399999999872835,25,50,10
18,5943,1.2597428303829061e-42,0.3599998573429687,1.426576883772154e-07,0.639999999999343,25,50,10
18,5944,1.293021387296971e-42,0.35999986407548157,1.359713485498906e-07,0.6399999999531698,25,50,10
18,5945,1.6171810691051094e-45,0.3599999999559314,8.242108753533198e-11,0.6399999999616475,25,50,10
18,5946,2.1636125143627863e-44,0.35999999995706694,4.3374876636581195e-11,0.6399999999995581,25,50,10
18,5947,8.465277646419817e-41,0.35999998982248926,1.0177953734043186e-08,0.6399999999995571,25,50,10
18,5948,1.14418565746859e-46,0.3599999895327803,1.0468532835672772e-08,0.639999999998687,25,50,10
18,5949,1.732095740720344e-47,0.3599999999998403,1.2152710965669847e-12,0.6399999999989445,25,50,10
18,5950,1.2469386373764478e-45,0.3599999999977656,1.560250998648209e-11,0.6399999999866319,25,50,10
18,5951,1.2117052729663952e-45,0.35999999347426836,6.525741341583757e-09,0.6399999999999904,25,50,10
18,5952,7.045540191289021e-45,0.3599999934710961,6.566837046309069e-09,0.6399999999620668,25,50,10
18,5953,2.2165334162515666e-44,0.35999985734198986,1.4265822308938706e-07,0.6399999999997871,25,50,10
18,5954,4.77605816573646e-38,0.3599994404386282,5.875706447223795e-07,0.6399999719907271,25,50,10
18,5955,1.4718122006471717e-41,0.35999944026885944,5.602429827695847e-07,0.6399999994881579,25,50,10
18,5956,1.0113396955858883e-39,0.3599999999424439,7.004544454299102e-11,0.6399999999875107,25,50,10
18,5957,2.0908484671698695e-40,0.35999999995643944,4.529477404536849e-11,0.6399999999982657,25,50,10
18,5958,4.767837791623162e-38,0.35999980931313225,4.689220784020664e-06,0.6399955014660837,25,50,10
18,5959,1.2283697574995593e-42,0.3599999996586615,3.4213292415910875e-10,0.6399999999992055,25,50,10
18,5960,1.2281738570893838e-42,0.35999999999591564,4.889388017530213e-12,0.639999999999195,25,50,10
18,5961,3.217974117402926e-43,0.3599999999948714,1.7614312983306813e-11,0.6399999999875142,25,50,10
18,5962,5.644995093534581e-43,0.3599999999991947,1.4491889716990849e-12,0.6399999999993562,25,50,10
18,5963,1.7743624507338996e-41,0.3599999998739745,6.624733378857666e-10,0.6399999994635522,25,50,10
18,5964,1.7485140875116574e-41,0.3599999929754776,7.060994484327328e-09,0.639999999963528,25,50,10
18,5965,1.7485152745421298e-41,0.35999999293509205,7.101368056074611e-09,0.6399999999635397,25,50,10
18,5966,3.1130379375119556e-43,0.3599999929318622,7.10464143971201e-09,0.6399999999634963,25,50,10
18,5967,5.1779167106891944e-42,0.3599999933581916,6.654735696778059e-09,0.6399999999870728,25,50,10
18,5968,2.746670887058573e-44,0.3599999934174475,3.410784703432321e-08,0.6399999724747056,25,50,10
18,5969,9.969548283125851e-40,0.359999983607217,1.7103668199626163e-08,0.6399999992891147,25,50,10
18,5970,2.1561325195945694e-44,0.3599999999946693,7.15775972471281e-10,0.6399999992895548,25,50,10
18,5971,3.1913122535160856e-44,0.3599999999917479,1.2182357799888227e-09,0.6399999987900165,25,50,10
18,5972,1.2321314467837452e-42,0.35999999995702514,5.196293940831818e-11,0.6399999999910119,25,50,10
18,5973,1.2320374740603039e-42,0.3599999930544089,7.454343572910072e-09,0.6399999994912475,25,50,10
18,5974,1.7745530209259657e-46,0.35999999303858593,8.658293533679438e-09,0.6399999983031206,25,50,10
18,5975,6.994034384664079e-41,0.35999998079034756,1.9710099983023052e-08,0.6399999994995526,25,50,10
18,5976,6.995102022884889e-41,0.3599999900727213,1.5792826132195018e-06,0.6399984306446656,25,50,10
18,5977,2.7097560778904167e-44,0.3599999996022458,8.978878218733613e-10,0.6399999994998664,25,50,10
18,5978,1.1578843412114331e-46,0.3599999998288129,2.0702765090591744e-10,0.6399999999641593,25,50,10
18,5979,6.443621304671463e-44,0.3599999997869143,2.1325258986472888e-10,0.6399999999998331,25,50,10
18,5980,3.98722543194991e-39,0.35996833217945096,3.166782056026492e-05,0.6399999999999888,25,50,10
18,5981,4.0565520207273927e-39,0.35996852263644896,3.1477372541756914e-05,0.6399999999910093,25,50,10
18,5982,4.056552771503087e-39,0.3599685228213463,3.147721595640983e-05,0.6399999999626973,25,50,10
18,5983,3.9866127348909566e-39,0.35999999995595006,1.5037623656546366e-09,0.6399999985402877,25,50,10
18,5984,3.238272300921039e-36,0.35999944728187505,5.534490088397329e-07,0.6399999992691161,25,50,10
18,5985,2.0930416486120714e-40,0.3599999999998886,1.415978610779149e-09,0.6399999985841329,25,50,10
18,5986,6.99621424629846e-41,0.35999981562382666,1.843764034637571e-07,0.63999999999977,25,50,10
18,5987,2.1533601969390635e-44,0.359999999958196,5.142804978103119e-11,0.6399999999903759,25,50,10
18,5988,2.090506576288519e-40,0.3599999999988582,1.3780311781011094e-09,0.6399999986231106,25,50,10
18,5989,2.090622842339722e-40,0.3599999999405376,1.0747753152601585e-10,0.639999999951985,25,50,10
18,5990,1.2489443481986755e-42,0.3599999999398038,2.281074331135706e-06,0.639997718985865,25,50,10
18,5991,8.361847332006948e-40,0.35999999993807913,6.279187337942055e-11,0.639999999999129,25,50,10
18,5992,8.361626554712173e-40,0.35999999025985124,9.741434981134866e-09,0.6399999999987138,25,50,10
18,5993,5.854653762696998e-45,0.3599999998751367,1.8718070580483167e-10,0.6399999999376826,25,50,10
18,5994,1.5718772554027654e-44,0.3599999999962481,5.23280713773086e-12,0.6399999999985192,25,50,10
18,5995,1.659241438670246e-44,0.35999999999815135,1.3792459530513933e-09,0.6399999986226027,25,50,10
18,5996,6.953931517066892e-45,0.3599999927612247,4.729637897238614e-08,0.6399999599423964,25,50,10
18,5997,1.4734449572700688e-41,0.35999998594102467,1.4069082578998033e-08,0.6399999999898928,25,50,10
18,5998,4.860075709344231e-46,0.3599999930544818,9.009572141252568e-09,0.6399999979359461,25,50,10
18,5999,2.9720823395720652e-47,0.3599922636427623,7.736370416096013e-06,0.6399999999868217,25,50,10
18,6000,2.0320918822217352e-46,0.3599999999999783,1.46057800225495e-09,0.6399999985394438,25,50,10
18,6001,4.676069520680965e-45,0.35999999995819576,5.247272270416307e-10,0.6399999995170771,25,50,10
18,6002,3.113366219454788e-43,0.3599994472968199,5.532197011413773e-07,0.6399999994834791,25,50,10
18,6003,7.025153714248986e-41,0.35999999991326853,9.928687708193872e-11,0.6399999999874445,25,50,10
18,6004,4.0568878888252817e-39,0.35999986416413143,1.3584818987903738e-07,0.6399999999876786,25,50,10
18,6005,7.025192589510547e-41,0.35999981558336436,1.8446529647614638e-07,0.639999999951339,25,50,10
18,6006,8.492597842303712e-41,0.3599998155840291,2.1290159429524206e-07,0.6399999715143767,25,50,10
18,6007,1.467894944726663e-41,0.359999999785007,1.6634476465205662e-09,0.6399999985515453,25,50,10
18,6008,1.8337479425826152e-41,0.3599999965928166,6.010710274608086e-08,0.6399999433000807,25,50,10
18,6009,9.927966875513005e-41,0.359999996591841,6.156822454246579e-08,0.6399999418399345,25,50,10
18,6010,1.5897756687947668e-41,0.35999999305484776,8.393369586848086e-09,0.6399999985517827,25,50,10
18,6011,3.989296263895467e-46,0.3599999999999476,7.886386536959588e-13,0.6399999999992638,25,50,10
18,6012,3.0679427939857017e-43,0.3599998687696003,1.312306319666572e-07,0.6399999999997678,25,50,10
18,6013,2.7401609489390003e-44,0.35999999993513154,1.5132838262575353e-09,0.6399999985515846,25,50,10
18,6014,1.132805472909161e-44,0.35999252117940683,7.480970239008945e-06,0.6399999978503541,25,50,10
18,6015,2.823934508342778e-44,0.35999999999791266,7.054878328423058e-10,0.6399999992965996,25,50,10
18,6016,5.462886908934459e-45,0.35999999999523397,7.070841177629047e-10,0.6399999992976819,25,50,10
18,6017,5.4642272350982004e-45,0.3599999999952152,4.808024143533183e-12,0.6399999999999767,25,50,10
18,6018,5.387962802269908e-45,0.35999999999684396,4.087430819993577e-11,0.6399999999622819,25,50,10
18,6019,1.7490509065883707e-41,0.3599999965313775,3.5063366294281624e-09,0.639999999962286,25,50,10
18,6020,3.444398652022221e-43,0.35999999987879155,1.4684355838703453e-10,0.6399999999743649,25,50,10
18,6021,8.101453411174173e-47,0.35999999987884657,1.299288874599277e-10,0.6399999999912245,25,50,10
18,6022,6.994017786888737e-41,0.3599999998778152,3.0628945826311664e-08,0.6399999694932389,25,50,10
18,6023,6.994065316422293e-41,0.3599999999978316,3.999727900221785e-08,0.6399999600048893,25,50,10
18,6024,7.415266609044874e-34,0.35999999535175786,4.649084382885178e-09,0.6399999999991577,25,50,10
18,6025,3.2381085649536364e-36,0.3599999928123425,8.389697640246002e-09,0.6399999987979599,25,50,10
18,6026,3.2381073682493056e-36,0.35999999535278115,4.647465205035249e-09,0.6399999999997538,25,50,10
18,6027,1.5215666532842425e-41,0.35999999999784976,4.0023725383940206e-08,0.6399999599784248,25,50,10
18,6028,9.972161783953428e-40,0.3599996161537627,4.23850736921353e-07,0.6399999599955004,25,50,10
18,6029,3.1031735943129325e-43,0.3599999951788743,4.821762926732671e-09,0.6399999999993627,25,50,10
18,6030,4.974165743493626e-45,0.3599999997843064,3.13996720301102e-10,0.6399999999016969,25,50,10
18,6031,9.966555919412426e-40,0.3599998641642518,1.3587189509675967e-07,0.639999999963853,25,50,10
18,6032,9.966593397188172e-40,0.3599998608593824,1.3915381742680622e-07,0.6399999999868003,25,50,10
18,6033,2.7663413500248405e-44,0.3599999998201016,1.9243931303538887e-10,0.6399999999874592,25,50,10
18,6034,4.9985408794500907e-45,0.359999999996716,1.451082747083848e-09,0.6399999985522012,25,50,10
18,6035,1.4932533164778793e-41,0.3599999999402771,7.239867263041094e-11,0.6399999999873243,25,50,10
18,6036,1.470208636620618e-41,0.3599999999564015,4.3975607376179574e-11,0.639999999999623,25,50,10
18,6037,1.467614083375339e-41,0.3599999999553078,4.506294652707007e-11,0.6399999999996293,25,50,10
18,6038,1.4675099287973947e-41,0.3599999999560587,1.50461019466104e-09,0.6399999985393311,25,50,10
18,6039,5.395237424087408e-45,0.35999999993527143,2.8550145406347666e-08,0.6399999715145832,25,50,10
18,6040,5.506111061184305e-45,0.3599999999391098,6.196467459516178e-11,0.6399999999989255,25,50,10
18,6041,9.969811787482337e-40,0.35999999309351033,4.690228338700877e-08,0.6399999600042063,25,50,10
18,6042,9.969856678148838e-40,0.35999999309418856,6.9415056535408415e-09,0.6399999999643058,25,50,10
18,6043,9.97216986070991e-40,0.3599999999954088,4.0914550101245247e-11,0.6399999999636767,25,50,10
18,6044,1.240218181282534e-42,0.35999999993645615,8.005398965122782e-08,0.6399999200095542,25,50,10
18,6045,3.9866224242230944e-39,0.35999999987779974,1.232615041849311e-10,0.6399999999989389,25,50,10
18,6046,1.4971239391407857e-41,0.3599999999375004,1.0365907938838258e-09,0.6399999990259089,25,50,10
18,6047,2.3217170354667495e-44,0.35999999993455134,1.0392597987248148e-09,0.6399999990261889,25,50,10
18,6048,5.551254649100171e-46,0.35999999991178816,2.9397238309910593e-09,0.639999997148488,25,50,10
18,6049,4.60527811713181e-46,0.359999999999139,1.404999253919443e-09,0.6399999985958615,25,50,10
18,6050,2.2088489359703351e-44,0.35999999309654024,8.271596387109391e-09,0.6399999986318634,25,50,10
18,6051,1.6917861415492568e-45,0.35999999653705417,3.962784664147283e-09,0.6399999995001612,25,50,10
18,6052,1.2927777615836374e-45,0.35999999999884785,5.014759698582778e-10,0.6399999994996762,25,50,10
18,6053,7.360781261969263e-41,0.35999999999694543,1.617120707842142e-11,0.6399999999868833,25,50,10
18,6054,2.6330492545579127e-43,0.35999999030298013,9.697211172379392e-09,0.6399999999998086,25,50,10
18,6055,1.7742428835828471e-41,0.35999999993916426,5.606799555634524e-10,0.6399999995001557,25,50,10
18,6056,2.2943692043718984e-41,0.359999999613385,3.870996533447171e-10,0.6399999999995153,25,50,10
18,6057,1.791273710981007e-42,0.35999999487128354,5.128878959321792e-09,0.6399999999998375,25,50,10
18,6058,1.2317311963434942e-42,0.3599994423338678,5.57666593994449e-07,0.6399999999995382,25,50,10
18,6059,1.2324297366009304e-42,0.35999944245654,5.575436362498944e-07,0.6399999999998238,25,50,10
18,6060,3.2305469675760745e-44,0.3599999999393013,6.072172849423976e-11,0.639999999999977,25,50,10
18,6061,7.123154184520557e-41,0.3599999966516375,4.796791045538481e-09,0.6399999985515714,25,50,10
18,6062,7.127572437339832e-41,0.35999999653650827,4.832233463871073e-09,0.6399999986312583,25,50,10
18,6063,1.0658957556602807e-39,0.3599685158501002,3.148416350714036e-05,0.6399999999863927,25,50,10
18,6064,3.673916112758962e-42,0.3599999895691765,5.042716658022413e-08,0.6399999600036569,25,50,10
18,6065,5.877286669364354e-45,0.35999999752650075,2.4739673165965575e-09,0.639999999999532,25,50,10
18,6066,2.5828179195899583e-42,0.35999998753830736,1.2461940787653537e-08,0.6399999999997518,25,50,10
18,6067,2.6199155298191195e-43,0.3599999878317203,1.2180611253583127e-08,0.6399999999876684,25,50,10
18,6068,4.1821370056940834e-42,0.35999999999782206,4.1037611377015816e-11,0.6399999999611404,25,50,10
18,6069,3.671956125111065e-42,0.3599891338077482,1.0866692105941101e-05,0.6399999995001459,25,50,10
18,6070,1.3428514330985146e-47,0.35998913380771136,1.0866692194860101e-05,0.6399999995000938,25,50,10
18,6071,9.677255133377281e-47,0.3599999998298211,1.7119376579695316e-10,0.6399999999989852,25,50,10
18,6072,2.5849846524727564e-43,0.3599997328482489,2.671519335585483e-07,0.6399999999998176,25,50,10
18,6073,1.295243132919949e-35,0.35999999999646193,1.7307284039503305e-11,0.6399999999862309,25,50,10
18,6074,1.295243102131646e-35,0.3599999999924183,8.256621252734592e-12,0.6399999999993252,25,50,10
18,6075,1.2952431025987322e-35,0.3599999998697273,1.322665941038858e-10,0.639999999998006,25,50,10
18,6076,1.7748031368167283e-41,0.3599999999890933,1.4603685639685441e-09,0.6399999985505381,25,50,10
18,6077,2.6394253219360686e-43,0.3599999998772546,1.2381741566027878e-10,0.639999999998928,25,50,10
18,6078,2.575630139679272e-43,0.3599999998767228,6.488214370308316e-10,0.6399999994744557,25,50,10
18,6079,5.643219776856906e-43,0.35999999987668824,6.235081334053716e-10,0.6399999994998037,25,50,10
18,6080,2.831855962143383e-46,0.35999999725285947,2.7557616105023633e-09,0.6399999999913789,25,50,10
18,6081,2.1729981555410017e-44,0.35999944483660185,5.551726648751576e-07,0.6399999999907332,25,50,10
18,6082,1.7495320458139566e-41,0.3599994470489285,5.529724452826343e-07,0.6399999999786261,25,50,10
18,6083,1.467524471121346e-41,0.35999944734230455,5.536608563918865e-07,0.6399999989968391,25,50,10
18,6084,7.007237588002068e-45,0.359999447341136,5.816402572146364e-07,0.6399999710186068,25,50,10
18,6085,7.307499419238437e-45,0.3599999999998693,9.834750818001419e-12,0.639999999990296,25,50,10
18,6086,7.509337760893303e-44,0.35999999994129417,5.889323155124863e-11,0.6399999999998127,25,50,10
18,6087,3.120555440064814e-43,0.35999999030409113,9.696805934597956e-09,0.6399999999991028,25,50,10
18,6088,3.079235668258118e-43,0.3599999974941639,2.5071119182518873e-09,0.6399999999987241,25,50,10
18,6089,3.0772638568796792e-43,0.35999999013811324,1.1318866920791498e-08,0.6399999985430199,25,50,10
18,6090,1.3119266531229567e-45,0.35999999018290807,9.827638710782065e-09,0.6399999999894532,25,50,10
18,6091,2.7355561638559645e-44,0.359999995194921,4.815828917188767e-09,0.6399999999892502,25,50,10
18,6092,2.847316004609599e-43,0.3599999952366857,4.772554067491348e-09,0.6399999999907603,25,50,10
18,6093,5.2123458334148414e-45,0.358761267597645,0.0012387324231881217,0.6399999999791669,25,50,10
18,6094,9.073514687730142e-40,0.3599998593627774,1.406473338590822e-07,0.6399999999898887,25,50,10
18,6095,1.2485573442786484e-42,0.3599998594823595,1.4052686167510633e-07,0.6399999999907788,25,50,10
18,6096,3.693523808740367e-42,0.35999999761824325,2.3823466860771453e-09,0.63999999999941,25,50,10
18,6097,2.7427890487355523e-44,0.3599999976172931,2.907801011453574e-09,0.6399999994749059,25,50,10
18,6098,3.7126153667184515e-43,0.3599999999977944,5.277625131437063e-10,0.6399999994744431,25,50,10
18,6099,6.593541041747419e-44,0.35999999535679217,5.143566112856421e-09,0.6399999994996418,25,50,10
18,6100,1.0115355413644344e-42,0.35999999745868266,2.5419552447801966e-09,0.639999999999362,25,50,10
18,6101,1.345896937264443e-39,0.35999999656793286,3.4502286577979127e-09,0.6399999999818384,25,50,10
18,6102,1.401425670131712e-40,0.35999999660850107,3.4087483959039333e-09,0.6399999999827504,25,50,10
18,6103,7.534946299047288e-41,0.35999999660968673,4.8841788173024926e-09,0.6399999985061344,25,50,10
18,6104,7.000473597513696e-41,0.3599999999549949,5.624058823540822e-10,0.6399999994825993,25,50,10
18,6105,2.0935282529877185e-40,0.35999999999891913,2.032515524850967e-12,0.6399999999990483,25,50,10
18,6106,2.0974594558741514e-40,0.35998931476074303,1.068524084286803e-05,0.6399999999984142,25,50,10
18,6107,4.982493383485319e-39,0.359992263536258,7.736965305551701e-06,0.6399999994984366,25,50,10
18,6108,2.0247163847918166e-46,0.35999999661134907,3.4153023715072786e-09,0.6399999999733487,25,50,10
18,6109,1.0006261607000045e-44,0.35999999978608566,1.1879081983278434e-09,0.6399999990260062,25,50,10
18,6110,2.737574964936056e-44,0.3599999930151523,9.99255949030714e-09,0.6399999969922882,25,50,10
18,6111,3.1320241689694446e-43,0.35999999665382504,3.3470253322644572e-09,0.6399999999991496,25,50,10
18,6112,7.024769384647528e-41,0.3599998609017674,1.3909905591348063e-07,0.6399999999991768,25,50,10
18,6113,6.199508534171429e-43,0.3599998609013567,1.3914944567313944e-07,0.6399999999491977,25,50,10
18,6114,2.1538664791947468e-44,0.3599998544304997,1.455949113903085e-07,0.6399999999745889,25,50,10
18,6115,2.0910510308755e-40,0.35999999030324914,9.696784285239691e-09,0.6399999999999665,25,50,10
18,6116,4.1959373736064325e-39,0.3599999999950667,2.038591599465872e-09,0.6399999979663417,25,50,10
18,6117,2.1033221967796093e-40,0.3599999952328541,4.802831085371866e-09,0.6399999999643149,25,50,10
18,6118,2.2775829682827956e-40,0.35999999414280465,5.866197744454933e-09,0.6399999999909977,25,50,10
18,6119,3.121408861162387e-43,0.35999999999112775,2.1401327110353376e-11,0.6399999999874709,25,50,10
18,6120,8.475642482137422e-47,0.3599999999531721,7.616595576175112e-10,0.6399999992851683,25,50,10
18,6121,5.996748770043492e-31,0.3599999999157471,8.591033150241116e-11,0.6399999999983428,25,50,10
18,6122,1.476663052332481e-41,0.35999999757653056,2.4249151949904896e-09,0.6399999999985544,25,50,10
18,6123,1.259767608400388e-42,0.3599999975764287,2.4248114504198765e-09,0.6399999999987599,25,50,10
18,6124,8.536800595596823e-40,0.359999606511732,3.934890906287745e-07,0.6399999999991773,25,50,10
18,6125,9.979029457541584e-40,0.3599996065025165,3.9349750074050035e-07,0.6399999999999828,25,50,10
18,6126,1.5619104813195457e-42,0.3582811394180728,0.0017188605819508343,0.6399999999999764,25,50,10
18,6127,9.061080071224757e-40,0.3582811394198053,0.0017188890532956753,0.639999971526899,25,50,10
18,6128,8.361675210446701e-40,0.35999920976195504,8.187117635180261e-07,0.6399999715262815,25,50,10
18,6129,1.5658803127640646e-44,0.35999901901745734,9.809836288074582e-07,0.6399999999989138,25,50,10
18,6130,5.4697931109569367e-45,0.35999959964992134,4.003599170378563e-07,0.6399999999901617,25,50,10
18,6131,6.867251918752929e-45,0.3599999999981297,3.785913533361418e-11,0.6399999999640112,25,50,10
18,6132,1.3324564336006091e-45,0.35999999982678654,1.7381301207870936e-10,0.6399999999994005,25,50,10
18,6133,5.681263496960501e-38,0.3599999963621233,3.689132668936293e-09,0.639999999948744,25,50,10
18,6134,5.680896767257552e-38,0.35999999635941893,3.704355390362519e-09,0.6399999999362257,25,50,10
18,6135,5.680890837112357e-38,0.3599999974325991,2.5676183359556943e-09,0.6399999999997827,25,50,10
18,6136,5.680897117459658e-38,0.35999999981420944,1.858098724737661e-10,0.6399999999999806,25,50,10
18,6137,5.96943478028586e-45,0.35999999764979845,2.3508118816608188e-09,0.6399999999993896,25,50,10
18,6138,5.391687978270137e-45,0.35999999753175005,2.4687039184022316e-09,0.6399999999995462,25,50,10
18,6139,1.2967565936787147e-42,0.3599999999908042,9.835262126518535e-10,0.6399999990256697,25,50,10
18,6140,1.5283045369881055e-41,0.35996852274334656,3.147725711549711e-05,0.639999999999538,25,50,10
18,6141,3.9743632686288457e-42,0.3599685228622688,3.147713775428814e-05,0.6399999999999769,25,50,10
18,6142,7.601337632799734e-42,0.3599685227389714,3.1477262767932335e-05,0.6399999999982607,25,50,10
18,6143,1.8630823939084917e-41,0.359968332061505,3.1667957019948105e-05,0.639999999981475,25,50,10
18,6144,1.7747489509164614e-41,0.3599999909156955,9.086163154152815e-09,0.6399999999981414,25,50,10
18,6145,8.768712200425265e-41,0.35999980658283137,6.799660226226646e-06,0.6399933937569423,25,50,10
18,6146,7.006869097700177e-41,0.35999981554377314,1.844802474438926e-07,0.6399999999759793,25,50,10
18,6147,1.2915195085325086e-42,0.3599999998729808,1.3979633362468496e-10,0.6399999999872228,25,50,10
18,6148,1.22710407785551e-42,0.3599999976939961,2.3066695553705004e-09,0.6399999999993343,25,50,10
18,6149,1.2275724709745466e-42,0.3599999976960824,2.340502018518867e-09,0.6399999999634156,25,50,10
18,6150,1.2274783055078435e-42,0.3599999930554614,6.94517398070561e-09,0.6399999999993645,25,50,10
18,6151,1.2952430912654725e-35,0.3599999943522015,5.681024748076125e-09,0.6399999999667737,25,50,10
18,6152,1.2952430922969183e-35,0.35999944169463666,5.583522940886088e-07,0.6399999999530692,25,50,10
18,6153,3.213320314213971e-43,0.35999944729977273,5.927549074760694e-07,0.6399999599453197,25,50,10
18,6154,9.972770029684332e-40,0.3599994472182211,5.932765862818093e-07,0.6399999595051926,25,50,10
18,6155,9.970258218856056e-40,0.35999999999705734,4.049790599021104e-08,0.6399999595050367,25,50,10
18,6156,1.1491969807094193e-44,0.3599999901875971,9.813062333652544e-09,0.6399999999993407,25,50,10
18,6157,3.12864209831047e-43,0.35999999287958595,7.145052419104757e-09,0.6399999999753616,25,50,10
18,6158,3.1416676663375297e-44,0.35999999066866745,9.356398289874863e-09,0.6399999999749343,25,50,10
18,6159,3.677648165421096e-42,0.35999999309200925,4.695064489568111e-08,0.6399999599573459,25,50,10
18,6160,6.406645790572958e-45,0.3599999997808539,2.4538831029511637e-10,0.6399999999737578,25,50,10
18,6161,1.4680057652773267e-41,0.3599999999532579,2.76226842610916e-08,0.6399999724240579,25,50,10
18,6162,1.590143555392781e-41,0.35999999995603504,7.030232659856109e-11,0.6399999999736626,25,50,10
18,6163,1.6027488855143903e-42,0.35999226012350927,7.817858383261406e-06,0.6399999220181074,25,50,10
18,6164,3.981198529035027e-43,0.3599922602925497,7.817664166710517e-06,0.6399999220432835,25,50,10
18,6165,1.6208755575072694e-41,0.3599922567320312,7.743268444570667e-06,0.6399999999995242,25,50,10
18,6166,2.249424551211195e-40,0.35999999308924757,1.228293268737802e-07,0.6399998840814255,25,50,10
18,6167,2.102782990094296e-40,0.35999981236720463,3.035721382410345e-07,0.639999884060657,25,50,10
18,6168,9.978804780001266e-40,0.35999999305368824,6.968010028099967e-09,0.6399999999783018,25,50,10
18,6169,1.9055877887856774e-41,0.3599999998817681,1.2794681790784667e-10,0.6399999999902851,25,50,10
18,6170,1.191540869700279e-38,0.3599999999991962,4.001794701042601e-08,0.6399999599828569,25,50,10
18,6171,9.09431315931161e-44,0.35999999982985775,1.9993793387192625e-10,0.6399999999702043,25,50,10
18,6172,9.123237757786891e-45,0.3599999999561543,1.0349254383608314e-09,0.6399999990089205,25,50,10
18,6173,8.361842693113126e-40,0.3599999999979345,1.1820951681358836e-11,0.6399999999902446,25,50,10
18,6174,1.6346122601514947e-27,0.3599998093131019,3.066426487051565e-07,0.6399998840442495,25,50,10
18,6175,1.6346122601038332e-27,0.35999999999386956,8.018536904441729e-11,0.6399999999259451,25,50,10
18,6176,1.5305043396210548e-44,0.3599999999947044,5.933279222163697e-12,0.6399999999993624,25,50,10
18,6177,5.401740211871564e-45,0.3599999999968586,3.932280564711642e-12,0.6399999999992091,25,50,10
18,6178,2.6285773530291985e-43,0.3599999999968712,2.9459271584277252e-08,0.6399999705438573,25,50,10
18,6179,1.7748244110425203e-41,0.3599999998757407,1.1237897735424677e-09,0.6399999990004696,25,50,10
18,6180,2.964659106515118e-40,0.3599999998760343,1.2420000621033558e-10,0.6399999999997658,25,50,10
18,6181,1.573654956909147e-40,0.35999999983230324,2.202032900858933e-09,0.6399999979656639,25,50,10
18,6182,3.672918865525066e-42,0.3599994449152329,5.964920060976173e-07,0.639999958592761,25,50,10
18,6183,4.706158738570488e-45,0.35999999757480744,2.4258625956313868e-09,0.63999999999933,25,50,10
18,6184,1.2274936385812053e-42,0.35999999999846133,3.785427622788931e-11,0.6399999999636844,25,50,10
18,6185,4.928840482195801e-46,0.3599999999578284,7.89214470873163e-11,0.6399999999632502,25,50,10
18,6186,5.4239345280254174e-43,0.3599999999394521,1.5089674119727503e-09,0.6399999985515806,25,50,10
18,6187,4.773121139884887e-38,0.3599999975696033,2.480419578831564e-09,0.639999999949977,25,50,10
18,6188,1.29525019320653e-35,0.359999999949374,5.148391304427732e-11,0.6399999999991421,25,50,10
18,6189,8.460989813473205e-41,0.3599999999540042,1.0369805618226202e-09,0.6399999990090152,25,50,10
18,6190,1.469774033232833e-41,0.35999999999681775,1.5678470413832683e-11,0.6399999999875038,25,50,10
18,6191,1.4708424737673565e-41,0.35999999999715454,2.7794661126257525e-11,0.6399999999750507,25,50,10
18,6192,1.4675918238526502e-41,0.3599999999992163,9.771577713549839e-12,0.6399999999910122,25,50,10
18,6193,1.4671309688779993e-41,0.359999805966747,1.940426585549033e-07,0.6399999999905944,25,50,10
18,6194,1.2498612636138474e-42,0.3599998155443591,1.8496537953631242e-07,0.6399999994902613,25,50,10
18,6195,4.4193900305831406e-44,0.35999999993905424,9.852460783853149e-11,0.6399999999624212,25,50,10
18,6196,4.354223820740357e-44,0.35999999993680376,6.321394168003539e-11,0.6399999999999822,25,50,10
18,6197,2.1732343170577483e-44,0.3599999999380451,6.261370555325876e-11,0.6399999999993412,25,50,10
18,6198,2.655356074435216e-44,0.3599922635797534,7.73642115095631e-06,0.6399999999990957,25,50,10
18,6199,1.2585697432818205e-42,0.3599999996469327,3.703874011510764e-10,0.63999999998268,25,50,10
18,6200,1.5477389241803116e-44,0.3599999998258462,1.9147223755039513e-10,0.6399999999826815,25,50,10
18,6201,5.091958424255641e-45,0.35999999975286406,2.6549931041303324e-10,0.6399999999816367,25,50,10
18,6202,2.623524562448425e-43,0.35999999999423193,2.3742014334863407e-11,0.6399999999820262,25,50,10
18,6203,5.2378201810478575e-43,0.35999999999565646,3.3568141356697715e-11,0.6399999999707755,25,50,10
18,6204,3.9868518413957775e-39,0.3599999999345693,6.543923319997682e-11,0.6399999999999914,25,50,10
18,6205,3.9868583573228055e-39,0.359999999876954,1.8442425156113991e-10,0.6399999999386218,25,50,10
18,6206,6.831599845241734e-37,0.35999999743532257,4.122624440449756e-08,0.6399999613384331,25,50,10
18,6207,6.832299126946515e-37,0.35999999989818854,1.517306094813748e-09,0.6399999985845054,25,50,10
18,6208,6.831597096152294e-37,0.3599999999389773,1.4475052102786377e-09,0.6399999986135176,25,50,10
18,6209,6.791905992477316e-37,0.3599999900118359,1.0981163883851443e-08,0.6399999990070002,25,50,10
18,6210,3.216120788711943e-41,0.3599999899638106,1.0054220191594905e-08,0.6399999999819692,25,50,10
18,6211,2.314765273427587e-44,0.35999999999613186,5.30676009618759e-12,0.6399999999985614,25,50,10
18,6212,2.627703491116496e-43,0.3599999999937698,8.288223469849554e-12,0.6399999999979421,25,50,10
18,6213,2.6284682816723723e-43,0.35999999999380705,1.017022063795896e-09,0.6399999989891709,25,50,10
18,6214,6.994609850992187e-41,0.35999999999028304,1.0194909420354353e-09,0.6399999989902261,25,50,10
18,6215,6.994611423781137e-41,0.3599999998751914,1.5896799130771e-09,0.6399999985351287,25,50,10
18,6216,1.295648579535078e-35,0.3599999953523303,5.174709613616307e-09,0.63999999947296,25,50,10
18,6217,7.020205162890012e-41,0.35999980931073394,1.9069883339365542e-07,0.6399999999904327,25,50,10
18,6218,5.744440305981489e-45,0.3599999999999598,3.3125174747274596e-11,0.639999999966915,25,50,10
18,6219,4.539741668696066e-45,0.359999999941099,7.721557865225289e-11,0.6399999999816854,25,50,10
18,6220,6.438833971098743e-44,0.3599999999382191,1.1563336618233179e-10,0.6399999999461475,25,50,10
18,6221,5.388496440743299e-45,0.3599999998800325,1.7317599948645446e-10,0.6399999999467915,25,50,10
18,6222,2.0904978634192175e-40,0.35999999999989013,4.546468973308964e-11,0.6399999999546452,25,50,10
18,6223,2.6211232670462425e-43,0.3599999999988583,3.9464604051199126e-11,0.6399999999616771,25,50,10
18,6224,1.7485148820989093e-41,0.3599999999961163,3.897047702959098e-12,0.6399999999999866,25,50,10
18,6225,1.7512046026994707e-41,0.35999999995710574,4.2913620841226947e-11,0.6399999999999807,25,50,10
18,6226,4.766861122793535e-38,0.35999226358016645,7.852846246140466e-06,0.6399998835735874,25,50,10
18,6227,7.423737653272218e-41,0.35999980905019724,3.068683674015391e-07,0.6399998840814354,25,50,10
18,6228,1.8183990297021222e-42,0.3599998092106312,1.9132564443372437e-07,0.6399999994637244,25,50,10
18,6229,5.680947670775691e-38,0.35999980912939333,1.914087839689902e-07,0.6399999994618227,25,50,10
18,6230,3.233999503530843e-43,0.35999999999921045,5.263613678255189e-10,0.6399999994744283,25,50,10
18,6231,2.1474398912224454e-41,0.3599999999381518,5.987162203572429e-10,0.6399999994631319,25,50,10
18,6232,9.932155912317048e-45,0.35999999999571225,5.5220993280219615e-12,0.6399999999987657,25,50,10
18,6233,2.6848084759494847e-43,0.3599999999947931,1.2193562760053597e-09,0.6399999987858507,25,50,10
18,6234,2.573869736485763e-43,0.35999999987377734,6.266086247996699e-10,0.6399999994996141,25,50,10
18,6235,1.0113260434270649e-39,0.3599999997829864,2.177966044637285e-10,0.6399999999992171,25,50,10
18,6236,4.001259575422111e-39,0.35999999995425874,7.474242035692366e-10,0.639999999298317,25,50,10
18,6237,1.493177993457152e-41,0.35999999999884336,5.407680937134286e-11,0.6399999999470798,25,50,10
18,6238,8.51115937527916e-40,0.3599999976171293,2.4046524324164934e-09,0.6399999999782183,25,50,10
18,6239,8.508814376701698e-40,0.35999999761650037,3.8324943703653145e-09,0.6399999985510053,25,50,10
18,6240,8.361639576997915e-40,0.35999999999275883,8.2347792971088e-12,0.6399999999990065,25,50,10
18,6241,4.814034697514703e-47,0.35999999999275795,2.000343709656585e-11,0.6399999999872386,25,50,10
18,6242,4.766128205511512e-38,0.35997745014941396,2.2549871886937862e-05,0.639999999978699,25,50,10
18,6243,1.7496240880081027e-41,0.3599998642394447,1.3581732623067182e-07,0.639999999943229,25,50,10
18,6244,1.77484687181109e-41,0.3599998641837385,1.3585239894187965e-07,0.6399999999638625,25,50,10
18,6245,3.6677686050687736e-42,0.3599999999390259,5.525150849494519e-10,0.6399999995084589,25,50,10
18,6246,7.382885095978424e-34,0.3599999975595701,3.1195585264945668e-09,0.6399999993208714,25,50,10
18,6247,1.2273136851718667e-42,0.3599998092532852,1.9075940380197995e-07,0.639999999987311,25,50,10
18,6248,2.1725097043331641e-44,0.3599999996010317,4.1209809221016515e-10,0.6399999999868702,25,50,10
18,6249,1.2917309185190612e-42,0.35999999999152826,8.861552999602136e-12,0.6399999999996101,25,50,10
18,6250,1.1915346256375884e-38,0.3599999999945283,1.530545741157872e-11,0.6399999999901662,25,50,10
18,6251,1.1916552845495922e-38,0.3599999999953837,3.04712318709404e-11,0.6399999999741453,25,50,10
18,6252,1.1915646857887562e-38,0.35938991152868416,0.0006100884971792579,0.6399999999741366,25,50,10
18,6253,1.1915618127412912e-38,0.3599998642432671,1.357830410842607e-07,0.639999999973692,25,50,10
18,6254,5.46242922410713e-45,0.3599999999905339,4.577478863637663e-11,0.6399999999636914,25,50,10
18,6255,9.113864494054037e-45,0.35999999994118126,9.558444695434358e-11,0.6399999999632342,25,50,10
18,6256,8.545041188315696e-40,0.35999999999912896,2.1431862520712958e-09,0.6399999978576848,25,50,10
18,6257,4.8944084011972297e-42,0.35999999987802206,1.695682416660849e-10,0.6399999999524099,25,50,10
18,6258,5.425082181402328e-45,0.35999999987607145,1.329275680195323e-10,0.639999999991001,25,50,10
18,6259,1.014135050762248e-39,0.3599998557790169,1.442297661344085e-07,0.6399999999912169,25,50,10
18,6260,1.0190295388932236e-39,0.35999986870546286,1.3130330755144124e-07,0.6399999999912296,25,50,10
18,6261,2.1153220574086646e-41,0.35999999019764195,9.812901151201122e-09,0.6399999999894568,25,50,10
18,6262,1.7575917469140826e-41,0.35999979961635703,2.004099378001892e-07,0.6399999999737053,25,50,10
18,6263,4.305654952377024e-44,0.3599998059698066,1.9403087978809667e-07,0.6399999999993136,25,50,10
18,6264,2.613042078420014e-44,0.3599998093152214,1.906857209577463e-07,0.6399999999990577,25,50,10
18,6265,1.7570938513329492e-41,0.35999980931516845,1.906848596381931e-07,0.639999999999972,25,50,10
18,6266,3.2159338913296543e-41,0.3599999999580725,2.0757449772113537e-09,0.6399999979661825,25,50,10
18,6267,1.749435566415134e-41,0.35999999753259254,2.480184338190339e-09,0.6399999999872232,25,50,10
18,6268,1.7494209386966653e-41,0.3599999903018881,9.723540405211204e-09,0.6399999999745715,25,50,10
18,6269,5.746171240484347e-45,0.3599999903032965,9.732712005130992e-09,0.6399999999639916,25,50,10
18,6270,1.7742524716198127e-41,0.34456218175079295,0.015437818275772668,0.6399999999734344,25,50,10
18,6271,2.5745735906166402e-43,0.34456237260566197,0.01543762791313928,0.6399999994811989,25,50,10
18,6272,2.5851976309139255e-43,0.3599999999985155,4.854307482287675e-10,0.6399999995160538,25,50,10
18,6273,3.0738795427983666e-44,0.3599999999991779,5.014113925403664e-10,0.6399999994994108,25,50,10
18,6274,2.1535398744419763e-44,0.3599999999961105,1.7106413987737672e-11,0.6399999999867831,25,50,10
18,6275,4.983226574186477e-39,0.35999944721433363,5.535124203179703e-07,0.639999999273246,25,50,10
18,6276,5.8193676901167995e-39,0.359999447334612,5.533793998676554e-07,0.6399999992859883,25,50,10
18,6277,1.0144395711025592e-39,0.359999996594064,3.905467686726891e-09,0.6399999995004684,25,50,10
18,6278,1.781359227801967e-41,0.35999999659289506,3.4077672931369822e-09,0.6399999999993377,25,50,10
18,6279,8.361842758068068e-40,0.3599999976153137,2.3938056529934586e-09,0.6399999999908806,25,50,10
18,6280,1.1915344632270674e-38,0.35999999665041615,3.3505614447553677e-09,0.6399999999990225,25,50,10
18,6281,1.1915631253229902e-38,0.3599999965349896,3.4664476818421157e-09,0.6399999999985626,25,50,10
18,6282,3.0700299741355926e-43,0.3599999999402136,5.979562723938178e-11,0.6399999999999908,25,50,10
18,6283,3.712027222954386e-43,0.35999999999688453,3.543533822678208e-12,0.6399999999995718,25,50,10
18,6284,3.1138269010146572e-43,0.35999999999482535,7.032684937646867e-12,0.639999999998142,25,50,10
18,6285,1.228287727466493e-42,0.359999999995595,1.4877024285571565e-11,0.6399999999895281,25,50,10
18,6286,1.8067406334260554e-41,0.35999226359689496,7.7364123983364e-06,0.6399999999907067,25,50,10
18,6287,6.613013187272507e-45,0.35999999994121756,5.92146487641637e-11,0.6399999999995678,25,50,10
18,6288,2.2723594090338683e-37,0.35999999279631595,8.405467757020451e-09,0.6399999987982162,25,50,10
18,6289,9.49313184283527e-47,0.3599999997576991,2.4253930632201885e-10,0.6399999999997616,25,50,10
18,6290,6.791731149286585e-37,0.3599999997557415,2.5659130631251256e-10,0.6399999999876671,25,50,10
18,6291,1.2952430913381618e-35,0.3599999965334337,5.501499964288819e-09,0.6399999979650663,25,50,10
18,6292,7.019808874930913e-41,0.35999999017813056,9.822499092544428e-09,0.6399999999993704,25,50,10
18,6293,6.994102651988784e-41,0.3599999833945248,1.6605640487943392e-08,0.6399999999998347,25,50,10
18,6294,1.0141328272783565e-39,0.3599999800538381,1.9946332320270425e-08,0.6399999999998296,25,50,10
18,6295,1.0141588678751671e-39,0.35999997019007224,2.9810244586580214e-08,0.6399999999996832,25,50,10
18,6296,4.994754044430427e-45,0.35999999982682346,1.8651380421080885e-10,0.6399999999866627,25,50,10
18,6297,3.6791318541708827e-42,0.3599999999977873,1.551242028829454e-11,0.6399999999867003,25,50,10
18,6298,6.894960941135772e-44,0.3599999999381631,6.202202915704374e-11,0.6399999999998149,25,50,10
18,6299,4.916402390603238e-42,0.3599999976158352,2.455543516784364e-09,0.6399999999286213,25,50,10
18,6300,2.1908516033129805e-44,0.35999973539435026,2.6463150893364903e-07,0.6399999999741408,25,50,10
18,6301,3.9263145306818816e-43,0.3599993637226779,2.8399945708240257e-06,0.6399977962827512,25,50,10
18,6302,1.5392577253020034e-42,0.35999962826744697,3.7248503908689714e-07,0.6399999992475138,25,50,10
18,6303,1.749053588567603e-41,0.3599994407629275,5.592465035350746e-07,0.639999999990569,25,50,10
18,6304,5.6979477320882905e-43,0.3599992531413503,7.753763463011579e-07,0.6399999714823035,25,50,10
18,6305,2.4531938461031695e-45,0.35999999643976466,4.53468117531361e-09,0.6399999990255542,25,50,10
18,6306,7.050551863941029e-41,0.35999999420831,6.765361659246146e-09,0.6399999990263283,25,50,10
18,6307,1.335877525389456e-45,0.3599999965283034,3.195356469388854e-08,0.639999971518132,25,50,10
18,6308,1.2318318034769386e-42,0.3599999965908039,3.1883325562468876e-08,0.6399999715258706,25,50,10
18,6309,8.361685014315177e-40,0.3599999999391335,6.997372197452023e-11,0.6399999999908927,25,50,10
18,6310,8.36539504345323e-40,0.35999999995541365,1.1596323200576355e-07,0.6399998840813543,25,50,10
18,6311,8.364818827391738e-40,0.35998913386134873,1.0906134146980103e-05,0.6399999600045043,25,50,10
18,6312,5.996747806945987e-31,0.35999999347406886,6.526325599229793e-09,0.6399999999996056,25,50,10
18,6313,8.365129403060632e-40,0.35999998530556515,1.4694813970311832e-08,0.6399999999996209,25,50,10
18,6314,3.9677940281645574e-42,0.3599999950630335,4.996309672251559e-09,0.6399999999406569,25,50,10
18,6315,1.6240194394058012e-44,0.35999999999065707,3.5365562251194577e-11,0.6399999999739774,25,50,10
18,6316,4.5435763139980585e-45,0.3599999999990888,1.3711137706522338e-12,0.6399999999995402,25,50,10
18,6317,6.434997558385015e-44,0.35999999999985427,7.024671290687238e-10,0.6399999992976787,25,50,10
18,6318,6.445740102472358e-44,0.35999999664799565,4.053908825947941e-09,0.6399999992980956,25,50,10
18,6319,7.154395151140658e-41,0.35999980579262497,1.949349029580267e-07,0.6399999992724721,25,50,10
18,6320,6.62924301644067e-45,0.35999998060117633,1.9399208084175144e-08,0.6399999999996157,25,50,10
18,6321,1.2269605551992354e-45,0.35999999018291434,4.8492744860363744e-08,0.6399999613243409,25,50,10
18,6322,6.103803893563655e-45,0.35999999659186116,4.211313909680049e-08,0.6399999612949997,25,50,10
18,6323,9.96644256232966e-40,0.3599998035881069,2.3710884702087043e-07,0.6399999593030461,25,50,10
18,6324,9.966472549935452e-40,0.3599998091910125,1.928429647796303e-07,0.6399999979660227,25,50,10
18,6325,1.1555931875739382e-45,0.35999999999684074,3.999890085212593e-08,0.6399999600042584,25,50,10
18,6326,2.342675454195241e-47,0.35999999982584346,1.750126681071284e-10,0.6399999999991439,25,50,10
18,6327,1.7485153027187073e-41,0.35999999982682235,1.7397901528630958e-10,0.6399999999991988,25,50,10
18,6328,7.024770927027801e-41,0.35999999999740434,1.6816358949532446e-11,0.6399999999857794,25,50,10
18,6329,3.8444246042786304e-46,0.35999999995228676,4.7951836560232646e-11,0.6399999999997614,25,50,10
18,6330,6.510480702175546e-45,0.35999999999843113,1.9638165300267774e-12,0.6399999999996051,25,50,10
18,6331,1.05206110115969e-32,0.3599999932048021,6.795734819851596e-09,0.6399999999994632,25,50,10
18,6332,5.24677698817361e-45,0.3599999999557121,4.4448060693577176e-11,0.6399999999998398,25,50,10
18,6333,5.841296379461604e-45,0.35999999995734805,4.2818120923491805e-11,0.6399999999998338,25,50,10
18,6334,2.162441828623756e-44,0.35999999982973774,1.7104800953241847e-10,0.6399999999992143,25,50,10
18,6335,6.699909895029362e-45,0.3599999999997898,3.866413038176002e-08,0.6399999613360798,25,50,10
18,6336,1.0665880436543682e-39,0.3599999998348515,1.6578987933205518e-10,0.6399999999993586,25,50,10
18,6337,3.9248515459953844e-42,0.3599999998787431,8.268340050615e-08,0.6399999174378564,25,50,10
18,6338,8.379774990186509e-40,0.35999999995733895,8.64359448295888e-11,0.6399999999562251,25,50,10
18,6339,1.5620366166030263e-42,0.35999999661166904,3.426079145248273e-09,0.6399999999622519,25,50,10
18,6340,6.996841943372587e-41,0.3599999894669469,1.0557696743861982e-08,0.6399999999753564,25,50,10
18,6341,2.7900301450495972e-40,0.35999999281027606,4.5862083179750735e-08,0.6399999613276407,25,50,10
18,6342,1.2486657105828048e-42,0.3599999854976304,1.4503033187807275e-08,0.6399999999993364,25,50,10
18,6343,1.2746202364700063e-42,0.359999994899526,5.100709259980119e-09,0.6399999999997648,25,50,10
18,6344,2.119548700467015e-41,0.3599999998331147,1.6798120405672895e-10,0.6399999999989041,25,50,10
18,6345,8.435466183366107e-40,0.3599998642464174,1.3575488373179407e-07,0.6399999999986989,25,50,10
18,6346,3.668183539031691e-42,0.3599999998258301,1.7526935216779056e-10,0.6399999999989007,25,50,10
18,6347,5.201633083714807e-42,0.35999999982665204,2.004927003558778e-10,0.6399999999728553,25,50,10
18,6348,5.68141048732652e-38,0.35999999761441115,2.387406035138688e-09,0.6399999999981829,25,50,10
18,6349,8.37696912870621e-40,0.359999999822867,2.1325063224438668e-10,0.6399999999638823,25,50,10
18,6350,1.570364479030612e-42,0.3599999999909555,3.503111179441553e-11,0.6399999999740134,25,50,10
18,6351,2.794459130366726e-43,0.3599999998770945,1.4967548146783871e-10,0.63999999997323,25,50,10
18,6352,2.7197841011489555e-44,0.3599999900201202,9.989704683775121e-09,0.6399999999901753,25,50,10
18,6353,1.4932612439154522e-41,0.3599999900032283,1.136462706827746e-08,0.6399999986321447,25,50,10
18,6354,1.5902368488755158e-41,0.3599999997197337,1.6610813584551441e-09,0.6399999986191849,25,50,10
18,6355,1.5395176512708444e-42,0.3599999998973985,1.2392043490330248e-10,0.6399999999786812,25,50,10
18,6356,1.4890141507687042e-42,0.35999999337676086,8.98572739912256e-08,0.6399999167659652,25,50,10
18,6357,2.0930206721809998e-40,0.35999999341853095,2.0573391013345062e-07,0.6399998008475589,25,50,10
18,6358,2.0930258931003257e-40,0.3599996065536101,4.766908771544662e-07,0.6399999167555128,25,50,10
18,6359,4.180869597551146e-40,0.35999999757319506,8.50082551545995e-08,0.6399999174185499,25,50,10
18,6360,2.2652663459745614e-40,0.3599999999977,8.259959645332092e-08,0.6399999174027035,25,50,10
18,6361,1.7811743825399344e-41,0.3599999999977599,3.838323012560019e-11,0.6399999999638569,25,50,10
18,6362,5.424851954546029e-43,0.3599999999955364,7.583863443477818e-11,0.639999999928625,25,50,10
18,6363,6.011696784713344e-43,0.35999999982441466,8.273485885322625e-08,0.6399999174407265,25,50,10
18,6364,1.774251619455153e-41,0.3599998092577219,1.907510541146411e-07,0.6399999999912239,25,50,10
18,6365,2.7280836327165896e-43,0.3599994473371813,5.526993472471408e-07,0.6399999999634715,25,50,10
18,6366,1.749408371557183e-41,0.3599999999981286,5.071078028245095e-11,0.6399999999511606,25,50,10
18,6367,4.9513883939288334e-46,0.35999999993776577,9.815447108773215e-11,0.6399999999640797,25,50,10
18,6368,2.62361171730654e-43,0.35999999994013765,9.644354848930406e-11,0.6399999999634188,25,50,10
18,6369,3.225795042216496e-43,0.3599999998844225,1.6529704004835404e-10,0.6399999999502805,25,50,10
18,6370,5.951613071205187e-45,0.3599999929271718,7.073293996539917e-09,0.6399999999995343,25,50,10
18,6371,4.9383519849756136e-46,0.3599999930965934,6.940337294735148e-09,0.6399999999630692,25,50,10
18,6372,1.1918995481961407e-38,0.35999999999915533,1.3686759645746203e-09,0.6399999986321687,25,50,10
18,6373,4.895156644414248e-42,0.35999999999840504,1.3700417038440587e-09,0.6399999986315532,25,50,10
18,6374,1.1420104659046017e-45,0.359999997618285,2.3823476315456194e-09,0.6399999999993673,25,50,10
18,6375,9.230164787281667e-44,0.35999999728227783,2.7274269170070325e-09,0.6399999999902952,25,50,10
18,6376,2.0907206690748033e-40,0.3599999997752208,2.498534909573219e-10,0.6399999999749257,25,50,10
18,6377,2.668954656185622e-43,0.3599999999112205,5.889642880523822e-10,0.6399999994998153,25,50,10
18,6378,3.990266176274949e-39,0.35999999303647295,7.701745520231033e-09,0.6399999992617816,25,50,10
18,6379,3.676525787589731e-42,0.3599999999380658,1.276308719358446e-09,0.6399999987856255,25,50,10
18,6380,2.5739768023510965e-43,0.35999999982770364,1.7294419853326967e-10,0.6399999999993523,25,50,10
18,6381,1.2958874205490723e-42,0.35999960638207446,3.936197968144474e-07,0.6399999999981287,25,50,10
18,6382,9.978745950473567e-40,0.3599996063416444,3.936583885744688e-07,0.6399999999999669,25,50,10
18,6383,9.978746079417228e-40,0.35999960634166656,3.9365835219191617e-07,0.6399999999999813,25,50,10
18,6384,1.2270185120050156e-42,0.35999960655284974,3.9344762314451713e-07,0.6399999999995272,25,50,10
18,6385,1.2486985199093305e-42,0.3599918701956878,8.158987542798722e-06,0.6399999708167694,25,50,10
18,6386,1.2315257987793998e-42,0.3599918701953765,8.158286646636964e-06,0.6399999715179768,25,50,10
18,6387,1.8457210830624603e-34,0.35999999346757955,6.541355414621667e-09,0.639999999991065,25,50,10
18,6388,1.8458402362507633e-34,0.3599999865667083,5.347302502121437e-08,0.6399999599602667,25,50,10
18,6389,7.024862483826932e-41,0.3599999974414114,4.256250227280596e-08,0.6399999599960863,25,50,10
18,6390,7.024739326846048e-41,0.35999999738579197,2.6229961536572837e-09,0.6399999999912117,25,50,10
18,6391,6.996180095335696e-41,0.359999999828103,2.048873254445846e-10,0.6399999999670097,25,50,10
18,6392,3.2951167697892293e-43,0.359999999996934,3.813367371034167e-11,0.6399999999649324,25,50,10
18,6393,1.2489525697561902e-42,0.35999999983563186,4.249982021518312e-09,0.6399999959143863,25,50,10
18,6394,3.153426097581942e-44,0.35999999978503266,8.274067731873023e-08,0.6399999174742901,25,50,10
18,6395,1.493678386066765e-42,0.3599999998261781,8.271581232072014e-08,0.6399999174580095,25,50,10
18,6396,1.2328901703334219e-42,0.35999999744467615,2.5637961517812166e-09,0.6399999999915277,25,50,10
18,6397,1.2325887324164082e-42,0.3599999974474967,2.560987839959195e-09,0.6399999999915154,25,50,10
18,6398,1.2585511442775452e-42,0.3599999879217019,1.2126964078739665e-08,0.639999999951334,25,50,10
18,6399,6.99897692138916e-41,0.35999999982006103,1.818313917913492e-10,0.6399999999981076,25,50,10
18,6400,1.9149025283517178e-45,0.359999999708705,3.302463712904684e-10,0.6399999999610486,25,50,10
18,6401,1.8508748494489096e-41,0.359563752361785,0.00043624767406191437,0.6399999999641531,25,50,10
18,6402,4.1146610076044026e-46,0.35999999965800805,3.42384877138989e-10,0.6399999999996072,25,50,10
18,6403,2.8050570976000233e-43,0.3599999998282948,1.1456965494422071e-09,0.6399999990260087,25,50,10
18,6404,3.2838083529807466e-43,0.3599999999988558,1.3912933801225419e-12,0.639999999999753,25,50,10
18,6405,4.766159946210732e-38,0.35999999982882913,8.498522741755186e-10,0.6399999993213187,25,50,10
18,6406,1.2978217898256935e-45,0.3599999997087954,9.22959613676537e-05,0.6399077043298369,25,50,10
18,6407,4.50190971812267e-44,0.35999999999705085,3.1317884429194857e-12,0.6399999999998175,25,50,10
18,6408,2.8909801585619764e-45,0.35999999999324517,1.3755249111239637e-09,0.63999999863123,25,50,10
18,6409,4.9888694923810195e-45,0.35999999994924486,1.4324438420898627e-09,0.6399999986183114,25,50,10
18,6410,1.0450833886695862e-44,0.3599999998913962,1.5009111317932054e-09,0.6399999986076926,25,50,10
18,6411,8.462007197017613e-41,0.35999999995162396,7.717645211910754e-10,0.6399999992766114,25,50,10
18,6412,8.461175270094181e-41,0.3599999999546435,5.622717980154733e-11,0.6399999999891294,25,50,10
18,6413,1.473921021960992e-41,0.35999999982765307,1.998875699724295e-10,0.6399999999724595,25,50,10
18,6414,6.434525147976708e-44,0.35999999999793814,2.2036818393347254e-06,0.6399977963202226,25,50,10
18,6415,6.438015225261345e-44,0.3599999998963407,2.203782584108046e-06,0.6399977963210752,25,50,10
18,6416,6.445782308022508e-44,0.3599999999979395,2.2037070280624147e-06,0.6399977962950325,25,50,10
18,6417,7.973179484856533e-39,0.3599999931391203,6.887708056485788e-09,0.6399999999731717,25,50,10
18,6418,4.892691660176233e-39,0.3599999934733424,3.457704245502109e-08,0.6399999719496151,25,50,10
18,6419,3.9865897116048836e-39,0.3599999934792348,6.546805755170591e-09,0.6399999999739593,25,50,10
18,6420,3.986610859149864e-39,0.35999999347924094,6.546162662648577e-09,0.6399999999745964,25,50,10
18,6421,6.974416931918837e-44,0.359999999820209,2.0535566205502035e-10,0.6399999999744352,25,50,10
18,6422,2.4552003848366455e-42,0.3599999999962996,4.185183845354431e-12,0.6399999999995152,25,50,10
18,6423,1.2952429757514822e-35,0.3599999930907422,6.9309390750477384e-09,0.6399999999783187,25,50,10
18,6424,1.2952429756180006e-35,0.3599999907127164,9.799905515487491e-09,0.6399999994873781,25,50,10
18,6425,1.943295660119173e-46,0.3599999976183325,3.3934665074792418e-09,0.6399999989882009,25,50,10
18,6426,5.039730743189106e-46,0.35999999988353026,3.19596449828372e-09,0.6399999969205052,25,50,10
18,6427,1.467003388846128e-41,0.3599999997114179,1.2882812787190036e-09,0.6399999990003009,25,50,10
18,6428,1.469597616694656e-41,0.3599999998837456,1.1156953838417557e-09,0.6399999990005589,25,50,10
18,6429,3.2170750605811133e-43,0.3599999999998434,1.2021773818250547e-09,0.6399999987979793,25,50,10
18,6430,5.681071747263104e-38,0.35999999761211604,2.913032378510558e-09,0.6399999994748515,25,50,10
18,6431,5.682664462520715e-38,0.3599788257063359,2.58781448305143e-05,0.6399952961488338,25,50,10
18,6432,1.754465058376606e-41,0.35997882570667317,2.587861721206128e-05,0.6399952956761148,25,50,10
18,6433,4.860155019010092e-46,0.3599999999551267,8.320925589477712e-11,0.6399999999616639,25,50,10
18,6434,3.712558003412218e-43,0.3599999999941719,4.0013402001410937e-08,0.6399999599924261,25,50,10
18,6435,1.6201008573181406e-46,0.3599999999999298,1.2697296184904145e-11,0.6399999999873729,25,50,10
18,6436,1.6224612650121634e-46,0.35999999999774873,2.2637910575644057e-12,0.6399999999999875,25,50,10
18,6437,1.2263591734562948e-45,0.35999999999677235,3.912779710771964e-11,0.6399999999641,25,50,10
18,6438,1.2271254795372586e-42,0.35999999988179576,1.2781706609869343e-10,0.6399999999903874,25,50,10
18,6439,1.2271175848855972e-42,0.35999999994121723,6.022333629101904e-11,0.6399999999985595,25,50,10
18,6440,1.2366194669963468e-42,0.3599999999413056,6.11362016412065e-10,0.6399999994473324,25,50,10
18,6441,1.3624800238270614e-42,0.3599999952367589,8.792663796807563e-09,0.6399999959705773,25,50,10
18,6442,1.2991839680429878e-43,0.3599999998771181,2.2164353459390073e-09,0.6399999979064466,25,50,10
18,6443,2.272368423053185e-37,0.3595637524685597,0.0004362475671297601,0.6399999999643105,25,50,10
18,6444,2.2723563052740952e-37,0.35999999987183,1.6450454037422763e-10,0.6399999999636653,25,50,10
18,6445,2.108330340289208e-40,0.35999999991473886,1.3050980674464383e-10,0.6399999999547513,25,50,10
18,6446,8.367267979008773e-40,0.35999999995415083,4.632347154941818e-11,0.6399999999995257,25,50,10
18,6447,9.966477957046275e-40,0.35999999672224137,3.2793103379173066e-09,0.6399999999984484,25,50,10
18,6448,1.8328158410691174e-39,0.35999999672421723,3.3126347653678005e-09,0.6399999999631482,25,50,10
18,6449,9.969599629119537e-40,0.35999999666544125,4.036900855700962e-09,0.6399999992976578,25,50,10
18,6450,1.9019390754984035e-41,0.35999999024031587,1.263916787934627e-07,0.6399998833680054,25,50,10
18,6451,1.7792320641933164e-41,0.35999999993917764,1.5696551204720964e-06,0.6399984304057019,25,50,10
18,6452,3.717457697851399e-43,0.35999999993724147,1.5974040989057575e-06,0.6399984026586595,25,50,10
18,6453,1.1915667632472384e-38,0.35999999993821363,1.5689416998705414e-06,0.6399984311200866,25,50,10
18,6454,3.283047780711486e-43,0.3599999999391095,6.153955581196732e-11,0.6399999999993509,25,50,10
18,6455,2.396041948154211e-44,0.3599999998767063,1.3228756429674585e-10,0.6399999999910063,25,50,10
18,6456,2.529422586273695e-46,0.35999999999483817,4.0855197954975915e-11,0.6399999999643066,25,50,10
18,6457,5.192352805053658e-43,0.3599999999977983,3.854561147710239e-11,0.639999999963656,25,50,10
18,6458,2.58492286386657e-43,0.3599999999978063,1.525692064391598e-11,0.6399999999869368,25,50,10
18,6459,7.01986688066148e-41,0.359999997618349,2.3945823757841653e-09,0.6399999999870686,25,50,10
18,6460,5.158705630242637e-43,0.3599999999560137,2.0781894972906908e-09,0.6399999979657968,25,50,10
18,6461,6.603837757738212e-45,0.35999999995390347,9.229571570342862e-05,0.6399077043303931,25,50,10
18,6462,1.2452576655321623e-45,0.359999996653142,3.346877543375437e-09,0.6399999999999805,25,50,10
18,6463,4.20888612715496e-46,0.35999999665005267,3.3504200998472215e-09,0.6399999999995272,25,50,10
18,6464,2.5746927637218558e-43,0.35999999665003307,3.3504592078787003e-09,0.6399999999995077,25,50,10
18,6465,2.6276561713998042e-43,0.35999999982842856,1.7226436916247432e-10,0.6399999999993071,25,50,10
18,6466,1.8049156551425466e-41,0.3599994470703375,5.529426462656456e-07,0.6399999999870164,25,50,10
18,6467,4.76787564577862e-38,0.3599999831662066,1.6843191165278338e-08,0.6399999999906023,25,50,10
18,6468,2.624411797688139e-44,0.3599999834014578,1.661163219834844e-08,0.63999999998691,25,50,10
18,6469,1.191531897599544e-38,0.3599999861946103,1.4507924312197096e-08,0.6399999992974655,25,50,10
18,6470,1.6551564248738554e-45,0.3599999929210711,7.079777851711297e-09,0.6399999999991511,25,50,10
18,6471,3.0716264713133973e-43,0.35999999982572445,1.746968437281243e-10,0.6399999999995788,25,50,10
18,6472,5.881898264101523e-45,0.3599999973855678,2.614440332489552e-09,0.6399999999999919,25,50,10
18,6473,1.2327839248452082e-42,0.3599999997828843,2.1711896496038543e-10,0.6399999999999967,25,50,10
18,6474,3.389564358602908e-43,0.35999226359289266,7.736424351472827e-06,0.6399999999827558,25,50,10
18,6475,8.536694191833385e-40,0.35999999963068063,3.821775057337011e-10,0.6399999999871419,25,50,10
18,6476,4.7661271122469e-38,0.35999999987804115,1.3137725764428765e-10,0.6399999999905817,25,50,10
18,6477,4.766131502974327e-38,0.35999999995808163,8.659751346086853e-11,0.6399999999553208,25,50,10
18,6478,3.0693235371252756e-43,0.35999999999986676,3.582983895584388e-11,0.6399999999643033,25,50,10
18,6479,2.267783310407225e-44,0.3599999999963424,4.736610203062442e-12,0.639999999998921,25,50,10
18,6480,4.78877071898209e-46,0.3599999998766657,1.244231893320666e-10,0.6399999999989111,25,50,10
18,6481,3.0814184250774123e-43,0.35999979957437406,2.0043919698149168e-07,0.6399999999864291,25,50,10
18,6482,6.119662382760418e-45,0.35999980927028585,1.9076105761315994e-07,0.6399999999686565,25,50,10
18,6483,2.0904071046918987e-40,0.3599997995753459,2.4043308074119903e-07,0.6399999599915734,25,50,10
18,6484,2.789819506807851e-40,0.3599997995744495,3.563765390228306e-07,0.6399998440490116,25,50,10
18,6485,2.2654955763740396e-40,0.35999980931409,2.3071847369216302e-07,0.6399999599674363,25,50,10
18,6486,2.2775365007115353e-40,0.3599999999927824,4.00160278044179e-08,0.6399999599911897,25,50,10
18,6487,4.208230494296846e-32,0.3599998642456169,1.7574972515965476e-07,0.639999960004658,25,50,10
18,6488,4.208230501290855e-32,0.3599998619440759,1.787527111538435e-07,0.6399999593032129,25,50,10
18,6489,2.091048439000213e-40,0.3599999999956475,4.071367146604116e-08,0.6399999592906811,25,50,10
18,6490,2.0910480963796857e-40,0.35999980925416897,2.3074300644947108e-07,0.6399999600028247,25,50,10
18,6491,1.3420029809859734e-43,0.3599998092563099,1.9144614384095037e-07,0.6399999992975463,25,50,10
18,6492,7.032373425894073e-44,0.3599999998213271,8.809633844444946e-10,0.6399999992977096,25,50,10
18,6493,1.4241982702783367e-46,0.35999999999993065,1.3750778111361191e-12,0.6399999999986943,25,50,10
18,6494,1.5061986523995406e-42,0.35999999761514245,2.393336028965696e-09,0.6399999999915216,25,50,10
18,6495,4.323046974652565e-44,0.3599999997475541,2.311510423728761e-09,0.6399999979409354,25,50,10
18,6496,3.8712867293009575e-35,0.35999999991527604,2.1194610028828956e-09,0.639999997965263,25,50,10
18,6497,3.238108160100398e-36,0.359999990303291,9.732402794013663e-09,0.6399999999643063,25,50,10
18,6498,7.003121830968507e-41,0.3599998608430539,1.403587889898052e-07,0.639999998798157,25,50,10
18,6499,5.5080817461446873e-45,0.35999986535963174,1.346411730849239e-07,0.6399999999991952,25,50,10
18,6500,6.956466678428557e-45,0.35999986876659407,1.3124357137414344e-07,0.6399999999898346,25,50,10
18,6501,6.995043835792007e-41,0.35999986876649914,1.3123532309947267e-07,0.6399999999981779,25,50,10
18,6502,9.064152297191016e-40,0.35999985906854726,1.4093199968446544e-07,0.6399999999994531,25,50,10
18,6503,3.078939405323357e-43,0.35999999029908486,9.713465919436753e-09,0.6399999999874493,25,50,10
18,6504,9.972068747005552e-40,0.3599997996171418,2.0039563877508917e-07,0.6399999999872195,25,50,10
18,6505,7.05142559098212e-41,0.3599999833971739,1.6615295727701892e-08,0.6399999999875304,25,50,10
18,6506,7.02472990227051e-41,0.3599999833394972,1.6660521825799286e-08,0.6399999999999809,25,50,10
18,6507,4.668457823020999e-46,0.35999999981700087,1.836564251484207e-10,0.6399999999993428,25,50,10
18,6508,1.0168519051337243e-45,0.3599891336473345,1.0894351636507151e-05,0.639999972001029,25,50,10
18,6509,6.044492005583909e-45,0.3599999966539004,3.8456318889938725e-09,0.6399999995004677,25,50,10
18,6510,1.2484640618612784e-45,0.35999999664962623,3.3507952184178465e-09,0.6399999999995785,25,50,10
18,6511,3.986595695967279e-39,0.3599999999580757,4.0038320865642486e-08,0.6399999600036034,25,50,10
18,6512,3.987817066220631e-39,0.35999999995801457,4.2626739926734995e-11,0.6399999999993587,25,50,10
18,6513,8.374702484600954e-40,0.35999999982977976,1.8273332788853204e-10,0.639999999987487,25,50,10
18,6514,8.362540141312791e-40,0.35999999732645327,2.686261640638259e-09,0.6399999999872851,25,50,10
18,6515,2.656823067403327e-43,0.35999999982833586,8.910229752119466e-10,0.6399999992806412,25,50,10
18,6516,1.4933120806389734e-41,0.35999999982688424,1.541226511724325e-09,0.6399999986318893,25,50,10
18,6517,2.6348379488836e-43,0.35999999999399107,6.04409084434567e-12,0.6399999999999648,25,50,10
18,6518,1.0013073731511286e-44,0.35999999987703546,1.353076748253533e-10,0.639999999987657,25,50,10
18,6519,2.6737175155657645e-43,0.359999999820128,8.823516925566912e-10,0.6399999992975205,25,50,10
18,6520,2.090461477687941e-40,0.35999999999893484,7.269742706757967e-10,0.6399999992740909,25,50,10
18,6521,2.5786698524949593e-43,0.3599999999948888,7.80395983990957e-10,0.6399999992247153,25,50,10
18,6522,1.0565955195818232e-44,0.3599999999949275,1.82759999373667e-11,0.6399999999867965,25,50,10
18,6523,3.216135887460037e-44,0.35999999982207215,2.149186033451069e-10,0.6399999999630092,25,50,10
18,6524,9.416671558291446e-45,0.35999999999671795,2.7735445767350358e-11,0.6399999999755466,25,50,10
18,6525,1.4674430410178036e-41,0.3599999999934116,1.455234406925753e-09,0.639999998551354,25,50,10
18,6526,6.941228582349946e-44,0.35999999995511467,6.677233691578927e-11,0.639999999978113,25,50,10
18,6527,7.471900721773043e-44,0.35999999995671905,5.265360383945904e-11,0.6399999999906273,25,50,10
18,6528,2.2723487699734812e-37,0.35999986420403834,1.358059478037784e-07,0.6399999999900138,25,50,10
18,6529,2.282315217392641e-37,0.35999986420271085,1.362806273704978e-07,0.6399999995166619,25,50,10
18,6530,4.988132313818284e-39,0.35999999987249376,1.4838285766007244e-10,0.6399999999791234,25,50,10
18,6531,8.36184207365867e-40,0.3599999999551777,4.073056479504542e-08,0.6399999593142576,25,50,10
18,6532,1.2271521799463221e-42,0.35999999995411414,4.00539348018577e-08,0.639999959991951,25,50,10
18,6533,2.27236858411257e-37,0.3599999929303098,4.706496503203022e-08,0.6399999600047251,25,50,10
18,6534,2.2723723502133945e-37,0.35999999749420014,2.515335970518613e-09,0.6399999999904639,25,50,10
18,6535,6.288142503336159e-43,0.3599999999345136,1.5225034774180896e-09,0.639999998542983,25,50,10
18,6536,7.052703829464516e-41,0.35999999535204963,4.684778598635237e-09,0.6399999999631718,25,50,10
18,6537,3.1785796716482236e-43,0.3599999976115846,2.3892718719698068e-09,0.6399999999991436,25,50,10
18,6538,1.1037849374878588e-44,0.3599998665068139,1.3352905053964797e-07,0.6399999999641356,25,50,10
18,6539,8.461536603716299e-41,0.35999986644962034,1.3358480529707798e-07,0.6399999999655743,25,50,10
18,6540,1.5046372461184066e-41,0.3599998663444897,1.336911633469324e-07,0.639999999964347,25,50,10
18,6541,1.7555143476086005e-41,0.35999928237621054,7.176340647780204e-07,0.6399999999897247,25,50,10
18,6542,5.689641128286447e-38,0.3599998157257551,1.8434082635287898e-07,0.6399999999334185,25,50,10
18,6543,5.68102246526836e-38,0.35999999987570597,6.652257940120525e-10,0.6399999994590682,25,50,10
18,6544,2.8166567627387656e-42,0.35956374545312464,0.00043625460450903816,0.6399999999423662,25,50,10
18,6545,1.7189420498699286e-41,0.359999992922479,8.548451336589914e-09,0.6399999985290696,25,50,10
18,6546,4.651095901207527e-46,0.35999999303858554,8.45700793771605e-09,0.6399999985044065,25,50,10
18,6547,1.233238730386981e-42,0.3599999930324779,6.993569959938993e-09,0.6399999999739522,25,50,10
18,6548,2.5951500519393064e-43,0.3599999903005395,4.973947202799454e-08,0.6399999599599885,25,50,10
18,6549,8.642150684970523e-44,0.3599999998260903,2.187916557517171e-10,0.639999999955118,25,50,10
18,6550,2.238004022689209e-44,0.3599999998239384,2.1192426147595696e-10,0.6399999999641375,25,50,10
18,6551,8.361634068736475e-40,0.3599999999954511,4.875294171788924e-12,0.6399999999996736,25,50,10
18,6552,5.4806439629507063e-45,0.3599998093121032,1.9068829315893152e-07,0.6399999999996036,25,50,10
18,6553,6.136965368542513e-43,0.35999999995632825,6.767704464673361e-11,0.6399999999759947,25,50,10
18,6554,6.137934785003292e-43,0.3599999999573026,2.076996060875607e-09,0.6399999979657014,25,50,10
18,6555,3.2977358186689588e-43,0.3599999999551834,6.673272339228456e-11,0.639999999978084,25,50,10
18,6556,3.731075214333076e-43,0.3599994352578465,5.674642278421787e-07,0.6399999972779257,25,50,10
18,6557,2.659519292622291e-44,0.3599999999949781,1.4718020418524325e-11,0.6399999999903039,25,50,10
18,6558,2.579167245670219e-43,0.3599999999998191,4.574133035651159e-11,0.6399999999544397,25,50,10
18,6559,4.045035700742365e-46,0.35999999995518095,8.201531782792538e-11,0.6399999999628038,25,50,10
18,6560,5.1014841037092045e-45,0.35999999761835455,2.4857785484800403e-09,0.6399999998958669,25,50,10
18,6561,1.1915317855076863e-38,0.35999999987886716,9.07885337118684e-10,0.6399999992132475,25,50,10
18,6562,1.1929996370337444e-38,0.35999999987874,1.9138834377332165e-10,0.6399999999298717,25,50,10
18,6563,5.031124224652902e-31,0.35999999987884734,2.354686708930075e-10,0.6399999998856839,25,50,10
18,6564,5.031124226749445e-31,0.359999997497203,4.4001255341004066e-08,0.6399999585015416,25,50,10
18,6565,5.0311242267463486e-31,0.35999999999779886,4.0701491702173025e-08,0.6399999593007094,25,50,10
18,6566,5.031124224652871e-31,0.35999999995015863,7.525673724593305e-11,0.6399999999745846,25,50,10
18,6567,5.4844209983507045e-45,0.35999999995455184,4.5455935569924854e-11,0.6399999999999922,25,50,10
18,6568,4.796878743451508e-45,0.3599999999968931,1.5688667858001251e-06,0.6399984311363212,25,50,10
18,6569,3.2182830870326757e-43,0.3599999999976463,5.21011385453706e-10,0.6399999994813423,25,50,10
18,6570,3.2827411213353327e-43,0.3599999999999098,5.329575822271909e-10,0.6399999994671327,25,50,10
18,6571,1.617480712084713e-41,0.35997758590583745,2.241481723304696e-05,0.6399999992769295,25,50,10
18,6572,1.4675023671526373e-41,0.3599999999992642,7.122081406996888e-10,0.6399999992885277,25,50,10
18,6573,2.237111990946905e-40,0.3599999998773462,1.235396157882432e-10,0.6399999999991143,25,50,10
18,6574,2.090412354309873e-40,0.35999999995653575,4.41039612809956e-11,0.6399999999993604,25,50,10
18,6575,2.274605099258616e-37,0.359999990260934,9.740508936977197e-09,0.6399999999985571,25,50,10
18,6576,2.272355864748671e-37,0.3599999902564665,0.0001795149802385484,0.639820494763295,25,50,10
18,6577,2.272358897027781e-37,0.3599999764939721,2.355808761976582e-08,0.6399999999479402,25,50,10
18,6578,2.2723588480842193e-37,0.3599999897498355,1.0275723756512948e-08,0.6399999999744408,25,50,10
18,6579,2.2723711238684222e-37,0.3599994472390025,5.52761168056958e-07,0.6399999999998296,25,50,10
18,6580,1.5393074376633215e-42,0.3599999964329761,3.2541585834413716e-08,0.6399999710254382,25,50,10
18,6581,1.2339947762836619e-42,0.35999999660620824,5.378315620287634e-09,0.6399999980154761,25,50,10
18,6582,1.2396616700510026e-42,0.35999999995530646,2.0287611005176338e-09,0.6399999980159325,25,50,10
18,6583,1.233398781067643e-42,0.3599999999933034,2.15680975061686e-09,0.6399999978498869,25,50,10
18,6584,1.2599518754394765e-42,0.3599999999931822,7.194263857924653e-12,0.6399999999996235,25,50,10
18,6585,1.2370783684398028e-42,0.3599999999931083,7.057189719839481e-10,0.6399999993011727,25,50,10
18,6586,6.435869901860958e-44,0.35999999999601767,2.8478065057589558e-08,0.6399999715259174,25,50,10
18,6587,3.6513971452147525e-43,0.3599998641861457,1.6428802203628654e-07,0.6399999715258322,25,50,10
18,6588,1.3132912171369911e-42,0.3599998595447198,1.404728784708218e-07,0.6399999999824018,25,50,10
18,6589,5.5590370196397755e-45,0.35999986424083913,1.357596078026848e-07,0.639999999999553,25,50,10
18,6590,1.224131061237469e-44,0.35999986424222835,1.3645988362910984e-07,0.6399999992978882,25,50,10
18,6591,7.221255114253716e-44,0.3599998609296817,9.243544175499075e-05,0.6399077036285634,25,50,10
18,6592,6.579696145388696e-44,0.35999999660167126,9.229976962254461e-05,0.6399077036287062,25,50,10
18,6593,2.867740809255279e-29,0.359999996765996,9.229891204184053e-05,0.6399077043219623,25,50,10
18,6594,3.717884340308649e-43,0.3599999997709833,9.229589930788543e-05,0.6399077043297088,25,50,10
18,6595,1.761404713341114e-41,0.35999999993820275,9.229576753362228e-05,0.6399077042942637,25,50,10
18,6596,8.681529984347902e-44,0.3599999902995541,1.0237688179844405e-08,0.6399999994627578,25,50,10
18,6597,3.2174282769534752e-43,0.35999999995716647,5.551323202516671e-10,0.6399999994877011,25,50,10
18,6598,3.180249526264156e-43,0.3599999902582971,9.755241504588332e-09,0.6399999999864615,25,50,10
18,6599,3.070312600398384e-43,0.35999999995514176,6.651991836148814e-11,0.6399999999783382,25,50,10
18,6600,8.711477425375112e-43,0.35999999995220855,4.8104621414892055e-11,0.6399999999996868,25,50,10
18,6601,6.185845057174038e-43,0.3599999999930867,7.876950371963401e-12,0.6399999999990363,25,50,10
18,6602,3.2882459157799433e-43,0.35999999987155207,1.292465283240859e-10,0.6399999999992013,25,50,10
18,6603,1.5343433418937186e-42,0.35999999999446625,6.167394477546058e-12,0.6399999999993663,25,50,10
18,6604,1.5397992216312634e-42,0.3599999999934756,6.70327627947467e-12,0.639999999999821,25,50,10
18,6605,1.0663097055380147e-44,0.3599999999971015,3.538656197623192e-12,0.6399999999993597,25,50,10
18,6606,3.368812675779192e-44,0.35999999991845477,5.819307346127089e-10,0.6399999994996145,25,50,10
18,6607,3.2572600360437805e-44,0.35999999981942543,1.8187655195776353e-10,0.639999999998698,25,50,10
18,6608,5.872303480825694e-45,0.3599999998980591,1.0261699996456426e-10,0.6399999999993239,25,50,10
18,6609,7.378607760722106e-42,0.35999999309416303,6.954846184155335e-09,0.6399999999509909,25,50,10
18,6610,3.4152829224585143e-46,0.3599999999584941,7.788286486811643e-11,0.639999999963623,25,50,10
18,6611,2.1615906741947e-46,0.3595781210246598,0.0004218796860227225,0.6399999992893176,25,50,10
18,6612,5.661027159943797e-45,0.3595781210246694,0.0004218790204272313,0.6399999999549034,25,50,10
18,6613,1.1120352668606035e-44,0.35999999301651714,6.983722189795564e-09,0.6399999999997608,25,50,10
18,6614,1.1114639439788877e-44,0.35999980927477937,1.9072562272741285e-07,0.639999999999598,25,50,10
18,6615,3.98526686431515e-42,0.35999925655848664,7.441440895457341e-07,0.6399999992974239,25,50,10
18,6616,3.6766104406119665e-42,0.3599994473018858,5.526986551787163e-07,0.639999999999459,25,50,10
18,6617,2.580186736212141e-43,0.359999999941533,6.786886744820794e-11,0.6399999999905982,25,50,10
18,6618,8.973499204389205e-39,0.3599998589740951,1.4105132099799233e-07,0.639999999974584,25,50,10
18,6619,7.974647831493715e-39,0.35999973287896864,2.6714701174915047e-07,0.6399999999740197,25,50,10
18,6620,7.974648942091944e-39,0.35999973525953727,2.647649084058685e-07,0.6399999999755543,25,50,10
18,6621,3.986596067471665e-39,0.3599999999153137,8.470547737291102e-11,0.6399999999999809,25,50,10
18,6622,3.9865998441674236e-39,0.3599999999178037,8.220760856864982e-11,0.6399999999999886,25,50,10
18,6623,2.2066334328053753e-33,0.3599999902446921,9.764398270837008e-09,0.6399999999909096,25,50,10
18,6624,9.967507469075413e-40,0.35999999001137745,1.0001576644613624e-08,0.6399999999870459,25,50,10
18,6625,9.966638871029831e-40,0.35999998996234395,1.0763344238950096e-08,0.6399999992743117,25,50,10
18,6626,9.978747308082863e-40,0.3599999902416107,9.775634604525391e-09,0.6399999999827546,25,50,10
18,6627,1.0039962083651504e-39,0.35999999023941703,9.786410991021353e-09,0.639999999974172,25,50,10
18,6628,3.2372585732716856e-36,0.3599894955364459,1.0504533417527095e-05,0.6399999999301367,25,50,10
18,6629,3.237327303358596e-36,0.35998949559459836,1.0504439583539106e-05,0.639999999965818,25,50,10
18,6630,6.994130377076899e-41,0.3599999999985561,1.4724057568066446e-12,0.6399999999999715,25,50,10
18,6631,1.2371255970069968e-44,0.35999999309519576,4.690069819119208e-08,0.6399999600041061,25,50,10
18,6632,6.605961411748455e-45,0.3599999999979552,3.999717908423677e-08,0.6399999600048658,25,50,10
18,6633,1.7747033811000896e-41,0.35999981566041067,1.8504127640197695e-07,0.639999999298313,25,50,10
18,6634,4.913259952154137e-45,0.35999999999604015,9.782186032641123e-10,0.6399999990257412,25,50,10
18,6635,1.2319422581325808e-42,0.3599999976130209,3.361432528447194e-09,0.6399999990255466,25,50,10
18,6636,2.619038010131926e-43,0.359999733017008,2.6795666326530077e-07,0.6399999990263289,25,50,10
18,6637,2.5869695912159895e-43,0.35999999995605975,6.887743432638395e-11,0.6399999999750627,25,50,10
18,6638,5.880959883692948e-43,0.35999999983278186,2.044657081932641e-10,0.6399999999627525,25,50,10
18,6639,1.7815380221762167e-41,0.35999944721695626,5.527833689466678e-07,0.6399999999996747,25,50,10
18,6640,3.095832432803351e-43,0.3599999964030703,3.5972522926403004e-09,0.6399999999996774,25,50,10
18,6641,2.0910662569197715e-40,0.359999993309159,6.690872990830518e-09,0.639999999999968,25,50,10
18,6642,6.488446349044024e-44,0.3599999966128343,3.4482633179605355e-09,0.6399999999389024,25,50,10
18,6643,3.9868489180755345e-39,0.3599999966485876,3.424800950802149e-09,0.6399999999266114,25,50,10
18,6644,5.64607236304628e-43,0.3599999966516198,3.384285542539602e-09,0.6399999999640947,25,50,10
18,6645,5.159582486370568e-43,0.3599999999998781,5.7742475133877075e-11,0.6399999999423794,25,50,10
18,6646,2.5785071408199565e-43,0.35999999761832513,2.429272138317912e-09,0.6399999999524028,25,50,10
18,6647,8.442476756930632e-46,0.3599999999998906,1.4345896010901577e-13,0.6399999999999659,25,50,10
18,6648,8.715151439182254e-46,0.35999999999990606,4.998127838008245e-10,0.6399999995002811,25,50,10
18,6649,3.0717977383121177e-43,0.3599891338595312,1.0944097436434454e-05,0.6399999220430325,25,50,10
18,6650,1.227616465660974e-42,0.3599999999529433,7.800357777683644e-08,0.6399999220434789,25,50,10
18,6651,4.662553435652946e-46,0.35999999999627763,4.826690256321444e-12,0.6399999999988957,25,50,10
18,6652,2.7119607444127462e-42,0.35999999761276535,2.421858158979008e-09,0.6399999999653765,25,50,10
18,6653,4.76761977362275e-38,0.3599999999939076,5.099836356264744e-11,0.6399999999550939,25,50,10
18,6654,1.498081990856422e-41,0.3599999974972256,2.5393727221143094e-09,0.6399999999634016,25,50,10
18,6655,4.4385137177491046e-41,0.3599999998788088,3.7722852279307565e-09,0.6399999963489058,25,50,10
18,6656,1.011353271444005e-39,0.3599891305209967,1.0872425824181929e-05,0.6399999970531791,25,50,10
18,6657,1.622483748218415e-41,0.35999980931300635,1.936182449108634e-07,0.6399999970687488,25,50,10
18,6658,2.1546508849830442e-44,0.3599999999977554,1.4756078770501977e-09,0.6399999985266367,25,50,10
18,6659,1.466992811833948e-41,0.3599999999573559,1.490980092060967e-09,0.6399999985516641,25,50,10
18,6660,3.295380813791858e-43,0.35996832862599276,3.167285827248347e-05,0.6399999985157347,25,50,10
18,6661,3.9753842388115444e-42,0.35999980596978465,1.940750679270721e-07,0.6399999999551474,25,50,10
18,6662,3.6674839564917605e-42,0.35999999970875834,3.0025110970409816e-10,0.6399999999909907,25,50,10
18,6663,5.979787685787015e-46,0.359999995354804,4.654796436917632e-09,0.6399999999903995,25,50,10
18,6664,4.712849525000056e-45,0.3599999953499002,4.669180332535444e-09,0.6399999999809196,25,50,10
18,6665,1.0278848611258937e-46,0.35999999535583227,4.4649117274440123e-08,0.6399999599950504,25,50,10
18,6666,5.869677723535025e-43,0.359999995232657,4.777804537391375e-09,0.6399999999895384,25,50,10
18,6667,2.5914268025405916e-43,0.3599999998753746,1.3432668246739094e-10,0.6399999999902987,25,50,10
18,6668,2.398691226869132e-30,0.3599998574477713,1.4256115089717845e-07,0.6399999999910778,25,50,10
18,6669,3.9868832855543065e-39,0.3599998608904336,1.391218770385516e-07,0.6399999999876893,25,50,10
18,6670,3.987190152502041e-39,0.3599998642422081,1.3577933674210827e-07,0.6399999999784551,25,50,10
18,6671,3.987211506934505e-39,0.35999986424431996,1.3581615799221735e-07,0.6399999999395221,25,50,10
18,6672,3.072076221193218e-43,0.35999986390330974,1.361448651560435e-07,0.6399999999518251,25,50,10
18,6673,4.770001896983449e-45,0.3599999996590463,3.7726839312311506e-10,0.6399999999636852,25,50,10
18,6674,2.6224556867730214e-43,0.3599999930931132,6.943653122712901e-09,0.6399999999632336,25,50,10
18,6675,4.3924167116805916e-46,0.3599999999992141,2.0343259631206407e-12,0.6399999999987516,25,50,10
18,6676,4.409791345003053e-46,0.3599999999989052,2.953248502912865e-12,0.6399999999981416,25,50,10
18,6677,5.676450974208309e-38,0.35996852286703157,3.147859000043672e-05,0.6399999985429681,25,50,10
18,6678,5.6768176797088e-38,0.3599685228042989,3.147720485240344e-05,0.6399999999908487,25,50,10
18,6679,5.676817660103349e-38,0.35996852280939706,3.147719348216346e-05,0.6399999999971209,25,50,10
18,6680,3.0275944809221105e-48,0.35999999018669926,9.823953167139038e-09,0.6399999999893475,25,50,10
18,6681,4.8078129526116686e-46,0.35999999988256065,1.2728577798005565e-10,0.6399999999901537,25,50,10
18,6682,3.736625756947218e-42,0.3599999999412394,8.583635739356975e-11,0.6399999999729243,25,50,10
18,6683,2.2723932889215046e-37,0.3599999973977074,3.5931987958691713e-09,0.6399999990090939,25,50,10
18,6684,1.4420078896883965e-44,0.3599999976151264,3.358765090823827e-09,0.6399999990261085,25,50,10
18,6685,6.896249102121246e-44,0.35999999426981844,5.74251061706802e-09,0.639999999987671,25,50,10
18,6686,2.6188691834412866e-43,0.35999999427094764,5.729083574274009e-09,0.6399999999999687,25,50,10
18,6687,2.573668607509525e-43,0.3599999966545207,3.346119090807585e-09,0.6399999999993602,25,50,10
18,6688,2.1650456816394804e-44,0.359999996654544,3.3466856654761125e-09,0.6399999999987702,25,50,10
18,6689,6.585165537766622e-44,0.35999999648446557,5.550487820448154e-09,0.6399999979650466,25,50,10
18,6690,4.0636230409908875e-46,0.3599999929265212,7.074582428536075e-09,0.6399999999988965,25,50,10
18,6691,9.841131972872136e-47,0.3599999998281146,1.728452767972436e-10,0.6399999999990402,25,50,10
18,6692,1.0648130938489029e-46,0.35999999982881703,1.7143174547002712e-10,0.6399999999997511,25,50,10
18,6693,8.625311600535859e-44,0.3599998615310473,1.3846963308652033e-07,0.6399999999993197,25,50,10
18,6694,2.0906221172450826e-40,0.35999999978598873,2.2733872505853822e-10,0.6399999999866726,25,50,10
18,6695,3.9868964983886796e-39,0.3599999967628167,3.237359106160211e-09,0.6399999999998243,25,50,10
18,6696,1.7485124979418303e-41,0.35999999999692206,3.264503946779586e-12,0.6399999999998135,25,50,10
18,6697,7.0202173954808e-44,0.35999999971432733,4.02808004777654e-08,0.6399999600048721,25,50,10
18,6698,5.2827881685213374e-45,0.35999999976338265,9.384509770999383e-10,0.6399999992981663,25,50,10
18,6699,1.2530727701361442e-42,0.3599999928750879,7.12493713539442e-09,0.639999999999975,25,50,10
18,6700,1.2769701426671838e-42,0.35999999989518694,1.0504577996605347e-10,0.6399999999997673,25,50,10
18,6701,8.36492536504804e-40,0.35999999983491593,2.0093563983777628e-10,0.6399999999641485,25,50,10
18,6702,3.986611625788362e-39,0.3599999974357864,2.564232843672637e-09,0.6399999999999808,25,50,10
18,6703,2.0904120553107506e-40,0.35999999993643256,7.655835192028808e-11,0.6399999999870092,25,50,10
18,6704,2.102685252284031e-40,0.3599999997697262,2.5535081979143244e-10,0.639999999974923,25,50,10
18,6705,2.090410613881207e-40,0.35999998839361874,1.1643857159850186e-08,0.6399999999625241,25,50,10
18,6706,7.382860482633987e-34,0.3599998549610783,1.4512540618308878e-07,0.6399999999135155,25,50,10
18,6707,3.871286660628683e-35,0.35999998340130873,1.7277023946565394e-08,0.6399999993216674,25,50,10
18,6708,1.3276544354652294e-45,0.3599999879223528,1.2077661900901485e-08,0.6399999999999854,25,50,10
18,6709,4.871635194221933e-46,0.35999999999861987,2.035653367178098e-09,0.6399999979657268,25,50,10
18,6710,3.986896735753636e-39,0.3599998046700149,2.353517164215926e-07,0.6399999599782686,25,50,10
18,6711,9.966573962060839e-40,0.35999999999611204,6.752447320447076e-08,0.6399999324794148,25,50,10
18,6712,1.0665921898772966e-39,0.35999999995213344,5.789977585455237e-11,0.6399999999899668,25,50,10
18,6713,9.966475933811996e-40,0.3599999999928493,1.667194460375396e-11,0.6399999999904787,25,50,10
18,6714,1.0113172246492451e-39,0.359999986954569,1.3554745021160424e-08,0.6399999994906861,25,50,10
18,6715,9.966479522945577e-40,0.35999999999074056,9.276609472798473e-12,0.6399999999999829,25,50,10
18,6716,1.291319217970386e-38,0.3599999999338192,5.744757865922594e-10,0.639999999491705,25,50,10
18,6717,4.982464983649872e-39,0.35999212985592693,7.870144500949105e-06,0.6399999999995721,25,50,10
18,6718,4.766127086745142e-38,0.35999999999847576,7.138011070284463e-11,0.6399999999301442,25,50,10
18,6719,4.767932010577111e-38,0.3599994439565022,5.56078140738377e-07,0.639999999965357,25,50,10
18,6720,4.766127122801567e-38,0.35999999196993016,8.074552362251061e-09,0.6399999999555175,25,50,10
18,6721,4.766157820685294e-38,0.3599685228672962,3.14771771612724e-05,0.6399999999555425,25,50,10
18,6722,2.2402310167121797e-40,0.3599685228674103,3.14771327831679e-05,0.6399999999998066,25,50,10
18,6723,3.0691996675394603e-43,0.359968522826291,3.147717371874365e-05,0.6399999999999902,25,50,10
18,6724,3.238107687526464e-36,0.3599999997672467,1.2064286965435548e-09,0.6399999990263245,25,50,10
18,6725,4.8969390883450825e-42,0.3599999997113257,9.873173829063576e-10,0.639999999301357,25,50,10
18,6726,6.201364466078788e-43,0.35999999630990837,3.6995831697922524e-09,0.6399999999905085,25,50,10
18,6727,2.716543391511346e-36,0.35999999976564057,2.2039231033465727e-06,0.6399977963112562,25,50,10
18,6728,9.966479643483053e-40,0.35999999978585506,9.160412471687185e-10,0.6399999992981037,25,50,10
18,6729,9.966478650065588e-40,0.35999999978700303,2.1299724102910755e-10,0.6399999999999998,25,50,10
18,6730,6.479934286764245e-44,0.35999999999885574,5.486749020656028e-10,0.6399999994524693,25,50,10
18,6731,1.8777636217541102e-41,0.3599999845353136,1.5999912201407126e-08,0.6399999994647741,25,50,10
18,6732,1.2296799509771492e-42,0.359999997576518,2.4236470381641893e-09,0.6399999999998349,25,50,10
18,6733,6.777157078131157e-45,0.35999999999996946,1.9560957933721405e-13,0.6399999999998349,25,50,10
18,6734,3.987116082311613e-39,0.35999960655338503,3.934720362563986e-07,0.6399999999745787,25,50,10
18,6735,3.06757445707004e-43,0.3599999999411489,8.285681140226499e-11,0.6399999999759943,25,50,10
18,6736,6.994055359955611e-41,0.35999986416402996,1.358607468762604e-07,0.639999999975223,25,50,10
18,6737,7.000952860838821e-41,0.3599999997921624,2.3489071403686536e-10,0.639999999972947,25,50,10
18,6738,3.868477225396897e-46,0.3599999999957623,1.3799398978940236e-11,0.6399999999904383,25,50,10
18,6739,6.5046055340455644e-43,0.3599999999967731,2.5313339152440178e-11,0.6399999999779137,25,50,10
18,6740,1.5343672557344333e-42,0.3599998091469868,1.9086506957696122e-07,0.6399999999879435,25,50,10
18,6741,9.9702399551444e-40,0.3599999998971537,1.3957220754291578e-10,0.6399999999632742,25,50,10
18,6742,3.286882043972634e-43,0.35999999969030433,3.101362681406092e-10,0.6399999999995594,25,50,10
18,6743,4.804765409110852e-44,0.3599999999401738,6.027046904099111e-11,0.6399999999995557,25,50,10
18,6744,3.499633056107579e-41,0.3599994472417646,5.532582499762395e-07,0.6399999994999855,25,50,10
18,6745,2.265518672528052e-40,0.35999999999684434,3.814822531273499e-11,0.6399999999650076,25,50,10
18,6746,1.2950133970170053e-35,0.35999226134106876,7.739184685450333e-06,0.6399999994742458,25,50,10
18,6747,2.736598891762528e-44,0.35999960638350836,2.0170172748671272e-06,0.6399983765992168,25,50,10
18,6748,5.021078775941779e-44,0.35999959685765587,4.045901601376657e-07,0.639999998552184,25,50,10
18,6749,1.295244508061908e-35,0.35999959673666004,4.047469761577341e-07,0.6399999985163638,25,50,10
18,6750,3.113914120812172e-43,0.35999999030337043,9.706253877908047e-09,0.6399999999903756,25,50,10
18,6751,9.048473146561005e-44,0.3599999999972197,3.9242827753035615e-12,0.6399999999988559,25,50,10
18,6752,1.7768474302420398e-41,0.3599998156656039,1.843969466058501e-07,0.6399999999374496,25,50,10
18,6753,9.109872359585947e-41,0.35999999428585333,5.714989687223797e-09,0.639999999999157,25,50,10
18,6754,1.7752774266394804e-41,0.3599999965456802,3.455103778227672e-09,0.6399999999992161,25,50,10
18,6755,1.7490521709710416e-41,0.3599999965853383,3.4148184934452954e-09,0.6399999999998431,25,50,10
18,6756,1.7549478504203293e-41,0.3599999965881608,3.448135846825971e-09,0.6399999999637034,25,50,10
18,6757,9.061824295726745e-40,0.35999999999677185,2.9450352854942278e-08,0.6399999705528753,25,50,10
18,6758,7.001028062216335e-41,0.35999999999780735,2.4229482715282883e-12,0.6399999999997698,25,50,10
18,6759,2.3922088684347814e-37,0.35999999999778937,2.8475546692852987e-08,0.6399999715266638,25,50,10
18,6760,2.2723565019286664e-37,0.3599999999998477,1.9416947470066883e-13,0.639999999999958,25,50,10
18,6761,3.079871304080283e-43,0.3599999999977325,2.2950689241876497e-12,0.6399999999999725,25,50,10
18,6762,3.9868475992323946e-39,0.3599999976975496,2.302773457490275e-09,0.639999999999677,25,50,10
18,6763,3.986594646430565e-39,0.35999999769658897,2.3163313107100728e-09,0.6399999999870797,25,50,10
18,6764,1.231570347381652e-42,0.3599999974962462,2.5165539201470107e-09,0.6399999999871999,25,50,10
18,6765,2.668772036622659e-43,0.3599999974472066,2.5889604709912787e-09,0.639999999963833,25,50,10
18,6766,4.766153647551038e-38,0.35999999715483155,4.302621781917751e-09,0.6399999985425466,25,50,10
18,6767,7.028896506242672e-41,0.35999980663702563,2.2254650726200656e-07,0.639999970816467,25,50,10
18,6768,6.99638011158643e-41,0.35999999652679887,3.4742812122250132e-09,0.6399999999989199,25,50,10
18,6769,1.2534462389983085e-45,0.3599999963506986,3.649933463773992e-09,0.6399999999993679,25,50,10
18,6770,2.4541296751649422e-42,0.3599999998913947,2.8582601654106523e-08,0.6399999715260036,25,50,10
18,6771,5.394962553634204e-45,0.35999999743855937,2.5614578878923958e-09,0.6399999999999827,25,50,10
18,6772,3.764871830256017e-43,0.35999999755859646,3.143091721552052e-09,0.6399999992983118,25,50,10
18,6773,6.4348854658264e-44,0.35999999982984454,8.718315776471446e-10,0.639999999298324,25,50,10
18,6774,3.796535348252743e-46,0.3599999999999216,2.407579268689225e-11,0.6399999999760025,25,50,10
18,6775,2.2290530078872035e-44,0.35999999991564663,9.72962935928392e-11,0.6399999999870571,25,50,10
18,6776,3.2904752304933125e-43,0.35999999977461905,2.2603311403005767e-10,0.6399999999993479,25,50,10
18,6777,2.0904112206545288e-40,0.35999999989947157,1.1286619761411987e-10,0.6399999999876622,25,50,10
18,6778,1.748818015687462e-41,0.3599999899191309,1.0581626907850412e-08,0.6399999994992422,25,50,10
18,6779,1.2231746012683799e-39,0.3599999998795932,2.0685323110301243e-09,0.6399999980518745,25,50,10
18,6780,5.680890706582043e-38,0.3599999999950024,1.8167483483094407e-11,0.6399999999868302,25,50,10
18,6781,5.780557643535833e-38,0.3599999999927937,7.85104347513345e-12,0.6399999999993553,25,50,10
18,6782,5.76450831635165e-38,0.3599999929944153,1.6299072807998926e-06,0.6399983770983038,25,50,10
18,6783,2.1554229478042836e-44,0.35999998330251204,1.720725560772152e-08,0.6399999994902325,25,50,10
18,6784,2.1782700567262012e-44,0.35999999282632894,7.174948321115119e-09,0.6399999999987228,25,50,10
18,6785,4.530344005403348e-45,0.3599999998984403,1.0285306435045776e-10,0.6399999999987068,25,50,10
18,6786,3.115689379206832e-43,0.35998949565104804,1.0504349595955659e-05,0.6399999999993561,25,50,10
18,6787,1.8175142953369473e-42,0.35998935984589087,1.0640155173782947e-05,0.6399999999989354,25,50,10
18,6788,2.840491869766667e-42,0.3599894859571103,1.051406895346813e-05,0.6399999999739364,25,50,10
18,6789,3.2383183340338e-36,0.3599999998945702,4.443153333059779e-06,0.6399955569520968,25,50,10
18,6790,1.749014586746905e-41,0.35999985681018193,1.4319045620225293e-07,0.6399999999993619,25,50,10
18,6791,8.461033823110893e-41,0.3599998665090506,2.4940943987766604e-07,0.6399998840815097,25,50,10
18,6792,1.8244540144739623e-46,0.35999999987879433,1.2165646800546394e-10,0.6399999999995493,25,50,10
18,6793,2.801302904073624e-46,0.35999999995956844,4.148420274370731e-08,0.6399999585562289,25,50,10
18,6794,3.76670671050679e-43,0.35999999999875354,1.974758936911794e-09,0.6399999980264875,25,50,10
18,6795,3.123331357959992e-43,0.35999999999796856,1.450890761082673e-09,0.6399999985511406,25,50,10
18,6796,8.770164040977089e-43,0.3599999976554579,3.793376834204038e-09,0.6399999985511653,25,50,10
18,6797,3.238108302556211e-36,0.3599999933963979,8.064323564145045e-09,0.6399999985392786,25,50,10
18,6798,3.2381080161809774e-36,0.35999999343157674,3.648995469899115e-08,0.6399999700784685,25,50,10
18,6799,8.361688744488342e-40,0.3599999975714425,3.886370047974808e-09,0.6399999985421876,25,50,10
18,6800,8.364758461144315e-40,0.3599999999105235,1.661663908533377e-06,0.639998338425568,25,50,10
18,6801,6.818322141668168e-46,0.3599999999541366,1.6229603145145484e-06,0.639998377085549,25,50,10
18,6802,2.2096882543387323e-44,0.3599999999551177,5.484805663909164e-11,0.6399999999900342,25,50,10
18,6803,1.2375110057353106e-42,0.35999999971187363,9.67032677900847e-10,0.6399999993210936,25,50,10
18,6804,5.64147080497207e-43,0.35999999999466276,2.8538533541470737e-08,0.6399999714668038,25,50,10
18,6805,3.2380991557343704e-36,0.35999986403388184,1.3596774623676188e-07,0.639999999998372,25,50,10
18,6806,3.2857766844245435e-36,0.3599994707994443,5.312350037350259e-07,0.639999997965552,25,50,10
18,6807,3.238115413868278e-36,0.35999946389681137,5.361032009276743e-07,0.6399999999999878,25,50,10
18,6808,3.3430503746010175e-43,0.35999980693255124,1.9306790027725014e-07,0.6399999999995485,25,50,10
18,6809,2.3002509041041524e-47,0.35999999999778437,2.8922971632220536e-12,0.6399999999993234,25,50,10
18,6810,3.1366361852631234e-43,0.3599999999998726,4.0031146432571146e-08,0.6399999599689811,25,50,10
18,6811,6.158419631142576e-45,0.3599999999581118,4.003723289495033e-08,0.6399999600046553,25,50,10
18,6812,1.466995066479516e-41,0.3599999999998989,3.5797719317677535e-11,0.6399999999643033,25,50,10
18,6813,3.5146252820447264e-47,0.3599999976153602,4.241543102782267e-08,0.6399999599692087,25,50,10
18,6814,3.0772378630014774e-43,0.3599999999594494,1.2040155507487773e-10,0.639999999920149,25,50,10
18,6815,2.6951418601454235e-44,0.3599999998268977,1.8158905463186096e-10,0.6399999999915132,25,50,10
18,6816,1.3623886381712939e-46,0.3599999999412185,7.988441147422803e-11,0.6399999999788971,25,50,10
18,6817,2.272356280940624e-37,0.3599998092564421,1.9074457097519124e-07,0.6399999999989869,25,50,10
18,6818,6.79173136455016e-37,0.35999999989541953,1.172679931223778e-10,0.6399999999873126,25,50,10
18,6819,1.9590932161517452e-41,0.3599999928623797,7.839683191449232e-09,0.639999999297937,25,50,10
18,6820,3.871288925714348e-35,0.3599925211998354,7.4795018472812714e-06,0.6399999992983173,25,50,10
18,6821,9.12575498418423e-42,0.3599919685842462,8.031446379145056e-06,0.6399999999693747,25,50,10
18,6822,1.2952430763729758e-35,0.35999999999461735,4.2345556707712004e-11,0.639999999963037,25,50,10
18,6823,7.065030883308538e-44,0.3599999903010036,9.711477688702179e-09,0.6399999999875187,25,50,10
18,6824,5.83805449988774e-45,0.3599999999411886,5.897745661947925e-11,0.6399999999998339,25,50,10
18,6825,5.86685479471745e-46,0.3599999902636093,9.73641283302059e-09,0.6399999999999779,25,50,10
18,6826,2.825814068009067e-46,0.3599999999969482,7.178972802346939e-10,0.6399999992851545,25,50,10
18,6827,1.225997730848301e-46,0.35999999999574883,1.7860914240957707e-11,0.6399999999863905,25,50,10
18,6828,2.575483469036602e-43,0.3599999999971126,5.3988443443034406e-11,0.6399999999488991,25,50,10
18,6829,2.628344991980562e-43,0.3599999966471858,3.8742065000105814e-09,0.6399999994786078,25,50,10
18,6830,2.092991592674199e-40,0.3599999998598152,1.4100066107347483e-10,0.6399999999991842,25,50,10
18,6831,2.1033327632858018e-40,0.35999986424551217,1.3575515407857505e-07,0.6399999999993338,25,50,10
18,6832,2.106604389278369e-40,0.359992385488743,7.614511904322633e-06,0.6399999999993526,25,50,10
18,6833,2.1059742418080873e-40,0.3599775858986216,2.2414101769087334e-05,0.6399999999996093,25,50,10
18,6834,5.654785242107431e-43,0.35997758255946294,2.2417476450521698e-05,0.6399999999640865,25,50,10
18,6835,7.11898951362309e-41,0.35999998691406027,1.3086611045730993e-08,0.6399999999993287,25,50,10
18,6836,1.2319431711096657e-42,0.3599999976520333,2.347989963908674e-09,0.6399999999999767,25,50,10
18,6837,2.608857917977255e-44,0.35999998060518945,1.939498268673291e-08,0.6399999999998278,25,50,10
18,6838,1.4674228598100005e-41,0.3599999997931208,2.4356412640079687e-10,0.639999999963315,25,50,10
18,6839,3.2159092260211164e-41,0.35999962826918513,3.717796068067391e-07,0.639999999951208,25,50,10
18,6840,2.2807176849020804e-37,0.3599999953077143,3.3178342655908854e-08,0.639999971513943,25,50,10
18,6841,2.2723682847360675e-37,0.35999999531265575,6.721033870014972e-09,0.6399999979663104,25,50,10
18,6842,2.2723682886868864e-37,0.3599999953567848,4.643390834829149e-09,0.6399999999998244,25,50,10
18,6843,7.118918183583356e-41,0.35997862812334036,2.1371876966622363e-05,0.639999999999693,25,50,10
18,6844,8.745204300521518e-41,0.35997862568405353,2.1374333405490918e-05,0.639999999982541,25,50,10
18,6845,1.1932812083276937e-38,0.3599786326443912,2.1368074830889894e-05,0.6399999992807779,25,50,10
18,6846,3.238125162643167e-36,0.35999980675940985,1.932767287390295e-07,0.6399999999638614,25,50,10
18,6847,3.238123575333194e-36,0.35999980223843897,1.9776178321254158e-07,0.6399999999997777,25,50,10
18,6848,4.6375085230408425e-46,0.3599998687668276,1.312574875910962e-07,0.6399999999756848,25,50,10
18,6849,1.748521046510228e-41,0.3599999999999311,2.66794026091265e-13,0.6399999999998021,25,50,10
18,6850,3.407064290390336e-46,0.35999999999993226,2.0346639021791268e-09,0.6399999979654037,25,50,10
18,6851,4.315599257903509e-44,0.35999999309330244,6.928715651538186e-09,0.639999999977982,25,50,10
18,6852,3.7545625942826894e-42,0.35999999982081154,2.2334919456670032e-10,0.6399999999558392,25,50,10
18,6853,7.42101130948688e-42,0.3599999999920124,1.6475740302705812e-11,0.639999999991512,25,50,10
18,6854,3.668223009401117e-42,0.35999979961921835,2.003892576447291e-07,0.6399999999915239,25,50,10
18,6855,6.270767956411735e-46,0.3599997996192174,2.2887991980079286e-07,0.6399999715008629,25,50,10
18,6856,2.003042683526622e-46,0.35999980919331803,1.9080774636059725e-07,0.6399999999989356,25,50,10
18,6857,6.8250925621845956e-46,0.3599999999564336,4.1487525979779876e-08,0.6399999585560405,25,50,10
18,6858,3.07321864960588e-43,0.3599999901988991,9.825688810730847e-09,0.6399999999754121,25,50,10
18,6859,3.077062028553495e-43,0.35999998799774297,1.2002276812667797e-08,0.6399999999999803,25,50,10
18,6860,8.600949657295971e-46,0.3599999976378953,2.3624281810000298e-09,0.6399999999996764,25,50,10
18,6861,1.232560991848005e-42,0.35999999745438865,2.546004375636861e-09,0.639999999999607,25,50,10
18,6862,8.36163086372807e-40,0.3599999996669094,1.7817331432734801e-09,0.6399999985513576,25,50,10
18,6863,2.454501268518357e-42,0.35999999983183445,1.811233829278884e-10,0.6399999999870422,25,50,10
18,6864,1.295249920171545e-35,0.3599999951918311,4.868848740466558e-09,0.6399999999393201,25,50,10
18,6865,1.2952444193393954e-35,0.3599999882234016,1.3835700058838309e-08,0.6399999979408983,25,50,10
18,6866,1.5902097311924118e-41,0.359999864184775,1.358286292913603e-07,0.6399999999865957,25,50,10
18,6867,7.513155959432413e-44,0.3599996735607561,4.0443207498920566e-07,0.6399999220071689,25,50,10
18,6868,7.962507841763049e-44,0.3599998641273961,2.1384662009780623e-07,0.6399999220259839,25,50,10
18,6869,6.434335048783454e-44,0.3599999996676577,7.899927179577777e-08,0.6399999213330705,25,50,10
18,6870,1.8244165581050593e-46,0.3599999974064109,3.2952666344635584e-09,0.6399999992983225,25,50,10
18,6871,1.3820335444379167e-45,0.3599999999941562,7.152301466925758e-12,0.6399999999986915,25,50,10
18,6872,6.575462577352085e-44,0.35999999999185034,9.55651403091542e-12,0.6399999999985932,25,50,10
18,6873,1.3995750078942814e-46,0.35999999999487586,5.446316718776004e-12,0.6399999999996779,25,50,10
18,6874,1.4932373917721978e-41,0.3599922636405695,7.736381407464477e-06,0.639999999978023,25,50,10
18,6875,5.6423819336377945e-43,0.3599999997881105,2.3334693437243815e-10,0.6399999999785426,25,50,10
18,6876,1.2320613991942443e-45,0.3599999998995107,1.386637503529344e-10,0.6399999999618255,25,50,10
18,6877,3.7349692220275595e-43,0.3599999998368202,1.8859807634519291e-10,0.6399999999745818,25,50,10
18,6878,1.467180133735093e-41,0.3599999997783768,2.470611555377185e-10,0.6399999999745621,25,50,10
18,6879,1.4670652814394606e-41,0.3599999997783911,2.4704186018259595e-10,0.6399999999745671,25,50,10
18,6880,1.5484518631849174e-34,0.35999999969896523,1.6232024421300737e-06,0.6399983770985928,25,50,10
18,6881,1.5490199519313469e-34,0.3599999998984088,1.6230031747771322e-06,0.6399983770984163,25,50,10
18,6882,3.049389116066162e-43,0.35999999999369997,6.472415737531122e-12,0.6399999999998276,25,50,10
18,6883,2.7889713393537855e-43,0.3599999999947338,3.866856154559628e-08,0.6399999613367047,25,50,10
18,6884,7.382883481508736e-34,0.35999998775013964,5.092176263151763e-08,0.6399999613280978,25,50,10
18,6885,1.752865713924884e-41,0.35999999977024577,2.2992989102824659e-10,0.6399999999998243,25,50,10
18,6886,1.776443046611977e-41,0.3599999901845626,9.851343930353826e-09,0.6399999999640934,25,50,10
18,6887,3.007977434552914e-43,0.359999999995701,4.532106116281723e-12,0.639999999999767,25,50,10
18,6888,1.933817785537773e-45,0.35999999994124154,8.342439134989456e-11,0.6399999999753341,25,50,10
18,6889,8.3624852216763e-40,0.3599999999956582,5.1124394520800095e-12,0.6399999999992294,25,50,10
18,6890,1.3149178378438046e-42,0.3599922636384792,7.73637388154286e-06,0.6399999999876393,25,50,10
18,6891,6.7917492358318485e-37,0.35999226359923975,7.73641363687478e-06,0.6399999999871234,25,50,10
18,6892,4.91613198676422e-44,0.35999999531311694,5.2438249407593835e-09,0.6399999994430582,25,50,10
18,6893,3.0648441260703694e-44,0.3599999997555527,8.315476435185894e-10,0.6399999994128996,25,50,10
18,6894,3.667391896538643e-42,0.35999999999594456,6.598781475575735e-11,0.6399999999380677,25,50,10
18,6895,1.7485046873367062e-41,0.3599999999968068,1.45182326915344e-09,0.6399999985513699,25,50,10
18,6896,8.364750713784048e-40,0.3599999998563404,3.010099698086392e-08,0.6399999700426627,25,50,10
18,6897,8.365007347495237e-40,0.3599999999387616,1.0652665347961434e-07,0.6399998935345849,25,50,10
18,6898,5.649546066713281e-43,0.35999999993632825,6.413677435296567e-11,0.6399999999995349,25,50,10
18,6899,3.1343264400744636e-43,0.3599999998999237,1.2525052382848146e-10,0.6399999999748259,25,50,10
18,6900,1.541107396032225e-42,0.3599999998830848,1.7431480757765786e-10,0.6399999999426004,25,50,10
18,6901,3.18046862622248e-43,0.35999999988450326,4.011954217668414e-08,0.6399999599959546,25,50,10
18,6902,5.697614847158134e-43,0.3599999998845863,6.072846907564563e-10,0.639999999508129,25,50,10
18,6903,2.8561924122461437e-47,0.35999999993913284,7.022817520222729e-11,0.639999999990639,25,50,10
18,6904,2.2779574250999004e-44,0.3599999997859376,7.228169073893924e-10,0.6399999994912455,25,50,10
18,6905,2.16102154947289e-44,0.3599999997873675,7.21540377770207e-10,0.6399999994910921,25,50,10
18,6906,2.1935534246527216e-44,0.35999999977738456,2.3494737537813496e-10,0.6399999999876681,25,50,10
18,6907,2.1999268195315052e-44,0.3599999997149247,2.853062229724959e-10,0.6399999999997692,25,50,10
18,6908,6.996171707125373e-41,0.3599891336544491,1.0906350058431e-05,0.6399999599954925,25,50,10
18,6909,2.15561990519223e-44,0.35999999991776227,8.371183088977992e-11,0.639999999998526,25,50,10
18,6910,2.613738532527131e-44,0.3599999975765796,3.66107985990861e-09,0.6399999987623406,25,50,10
18,6911,2.2718857690986374e-37,0.35998913386854914,1.086618960671624e-05,0.6399999999418441,25,50,10
18,6912,2.271886320398766e-37,0.359989133867688,1.0866146165623271e-05,0.6399999999861464,25,50,10
18,6913,2.271742060287098e-37,0.35998913386328524,1.0866136946088456e-05,0.6399999999997686,25,50,10
18,6914,5.861201451403784e-43,0.3599999999920796,8.38885972822174e-12,0.6399999999995317,25,50,10
18,6915,2.1535191129050919e-44,0.35999999664852034,3.352120705060051e-09,0.639999999999359,25,50,10
18,6916,6.972455323365109e-45,0.359999812315462,1.8768455575395515e-07,0.6399999999999822,25,50,10
18,6917,5.661951840029618e-45,0.3599999998719023,1.2826112307907608e-10,0.6399999999998366,25,50,10
18,6918,2.618782739980857e-43,0.35999999994125587,5.979191473255132e-11,0.6399999999989522,25,50,10
18,6919,3.927001108727027e-42,0.3599999999999972,4.814995082954144e-13,0.6399999999995214,25,50,10
18,6920,2.5849396276997797e-43,0.35999999999996,1.2360841051232946e-11,0.6399999999876793,25,50,10
18,6921,5.680916537030502e-38,0.35999999994056125,5.712893287510742e-10,0.6399999994881495,25,50,10
18,6922,7.657777509103942e-42,0.35999999978736036,2.7825776406729908e-09,0.6399999974300621,25,50,10
18,6923,1.0006380453616765e-39,0.3599999999543925,1.1869920927291744e-07,0.6399998813463982,25,50,10
18,6924,4.767960917006958e-38,0.35999999978706315,1.4272119917825978e-09,0.6399999987857248,25,50,10
18,6925,3.585445015897481e-41,0.3599995984669767,4.0274719967783725e-07,0.6399999987858237,25,50,10
18,6926,1.7511959825890527e-41,0.3599996040721924,3.9712924767681265e-07,0.63999999879856,25,50,10
18,6927,1.873934706720278e-41,0.35999960407216874,3.973522512124965e-07,0.6399999985755802,25,50,10
18,6928,1.7533579633601483e-41,0.3599996032013106,3.9680793139069837e-07,0.6399999999907582,25,50,10
18,6929,9.966476183662506e-40,0.35999980273182397,1.972681949738541e-07,0.6399999999999811,25,50,10
18,6930,9.966568474183244e-40,0.35956374606534025,0.0004362544344184977,0.6399999995002413,25,50,10
18,6931,5.680917406843892e-38,0.3599999997661246,2.4286316586755407e-10,0.6399999999910123,25,50,10
18,6932,9.969170503409543e-40,0.35999226363255693,7.73636867269349e-06,0.6399999999987704,25,50,10
18,6933,2.7760334003534664e-42,0.35999999970289986,7.982795008460517e-10,0.6399999994988207,25,50,10
18,6934,1.776393463142795e-41,0.3599998544929495,1.4603324924673794e-07,0.6399999994738013,25,50,10
18,6935,2.7159158977369752e-42,0.3599998093091139,1.9070368392667858e-07,0.6399999999872024,25,50,10
18,6936,2.4587326483364194e-42,0.35999999987954395,1.5413374161537339e-09,0.6399999985791186,25,50,10
18,6937,1.2272211282474736e-42,0.3599999998437694,1.3410269311721696e-09,0.6399999988152038,25,50,10
18,6938,1.8500915423786245e-46,0.35999999757653733,2.4236381044185738e-09,0.6399999999998245,25,50,10
18,6939,2.1630147005379333e-44,0.3599999975765605,2.4494913656244066e-09,0.6399999999739482,25,50,10
18,6940,6.99401968228246e-41,0.3599999975531085,2.509059293525634e-09,0.6399999999378321,25,50,10
18,6941,6.995025856927114e-41,0.3599999975720909,2.4655206683732094e-09,0.6399999999623884,25,50,10
18,6942,1.1183785935963775e-44,0.3599999998282867,2.327992632354528e-10,0.6399999999389141,25,50,10
18,6943,7.025232111512286e-41,0.3599999901310874,1.3375752964649053e-08,0.6399999964931596,25,50,10
18,6944,4.058695049883505e-39,0.3599849135605686,1.5087887661450328e-05,0.63999999855177,25,50,10
18,6945,1.227025188463613e-42,0.3599998685966171,1.333510689312164e-07,0.639999998052314,25,50,10
18,6946,8.892036971948828e-41,0.3599999893502341,1.3095378349195558e-08,0.6399999975543875,25,50,10
18,6947,1.0141384572101014e-39,0.3599999999945402,3.0882741328068594e-11,0.6399999999745771,25,50,10
18,6948,2.7175379364109832e-36,0.359999990302304,2.289300628160502e-06,0.6399977203970678,25,50,10
18,6949,9.97030227398024e-40,0.35999999993842935,7.151666794386068e-11,0.6399999999900541,25,50,10
18,6950,9.966594754651276e-40,0.3599999934164474,6.592551519988592e-09,0.6399999999910012,25,50,10
18,6951,3.4449260731371523e-43,0.3599999999940284,4.016983771690687e-11,0.6399999999658017,25,50,10
18,6952,1.570740580169103e-42,0.3599999974445008,2.6285196428300297e-09,0.6399999999269795,25,50,10
18,6953,1.7912317211618548e-42,0.35999999761358914,2.4241515528889322e-09,0.6399999999622594,25,50,10
18,6954,2.7608994843015485e-42,0.3599999998352824,1.6488197500170674e-10,0.6399999999998357,25,50,10
18,6955,1.8406329954808646e-42,0.35999999960576967,2.4280475227798664e-09,0.6399999979661828,25,50,10
18,6956,4.766240616283806e-38,0.3599999997048697,4.786136699528133e-06,0.6399952141584307,25,50,10
18,6957,4.865782574795131e-38,0.3599999998230355,8.270189723473167e-08,0.6399999174750672,25,50,10
18,6958,4.766117815817747e-38,0.35999999995808346,8.25659466915404e-08,0.63999991747597,25,50,10
18,6959,2.237215640555755e-40,0.35999999977100466,4.704030174426564e-06,0.6399952961988209,25,50,10
18,6960,2.0904083341378766e-40,0.35999999999466153,5.309631213068445e-10,0.6399999994743755,25,50,10
18,6961,2.2654838385314418e-40,0.3599999967638027,3.728021325023381e-09,0.639999999508176,25,50,10
18,6962,4.5577689324650977e-45,0.3599999999967889,4.9488671071278e-10,0.6399999995083244,25,50,10
18,6963,2.19468476075294e-44,0.35999999999671756,4.953380957319429e-10,0.6399999995079445,25,50,10
18,6964,6.502040850249861e-44,0.3599994472964977,5.532188714679825e-07,0.6399999994846308,25,50,10
18,6965,1.473481234331161e-41,0.3599999999581408,6.29603989035687e-11,0.6399999999788989,25,50,10
18,6966,3.6951331888362824e-42,0.3599999999573956,9.261036859381375e-11,0.639999999949994,25,50,10
18,6967,6.994753300833219e-41,0.3599999999170597,4.010373325230307e-08,0.6399999599792071,25,50,10
18,6968,6.99674865201322e-41,0.359999999804132,4.020471482563074e-08,0.6399999599911532,25,50,10
18,6969,1.5608843961357083e-42,0.35998874030634737,1.1259694438691867e-05,0.6399999999992139,25,50,10
18,6970,7.020857436550624e-44,0.3599999999998498,5.261331793351644e-13,0.6399999999996241,25,50,10
18,6971,1.4819775125707785e-41,0.3599999999580929,3.87052670827576e-08,0.6399999613366399,25,50,10
18,6972,1.2871385568296516e-43,0.35999999999987087,3.8663274875449336e-08,0.6399999613368543,25,50,10
18,6973,4.9883207780339946e-45,0.35999999982982744,1.70192148322717e-10,0.6399999999999806,25,50,10
18,6974,4.525755226010532e-45,0.3599998093151614,1.9068509462337852e-07,0.6399999999997441,25,50,10
18,6975,4.6975938950658087e-45,0.35999999982975844,1.704870855304654e-10,0.6399999999997544,25,50,10
18,6976,3.667397039856794e-42,0.35999999995809,9.995448088081932e-11,0.6399999999419557,25,50,10
18,6977,1.4203019168538835e-45,0.359999999996957,1.7039086191980997e-11,0.639999999986004,25,50,10
18,6978,6.023293539708434e-45,0.3599999998247623,1.8896210674373417e-10,0.6399999999862757,25,50,10
18,6979,4.617709735259789e-45,0.3599999930386215,3.5447412411649236e-08,0.639999971513966,25,50,10
18,6980,1.8709054947338194e-41,0.35956375253097583,0.0004362759421396573,0.6399999715268846,25,50,10
18,6981,2.0930359649118565e-40,0.35999999994129256,1.622977415764552e-06,0.6399983770812918,25,50,10
18,6982,4.196858053929572e-39,0.3599999997294019,2.797632867813473e-10,0.6399999999908349,25,50,10
18,6983,3.6677257833226953e-42,0.3599999999390746,8.330781957937468e-11,0.6399999999776176,25,50,10
18,6984,6.95187794602057e-44,0.35999999030397534,2.2893668202780428e-06,0.6399977203292044,25,50,10
18,6985,3.7317233755589316e-42,0.3599999999581999,8.351281109055574e-11,0.6399999999582873,25,50,10
18,6986,1.8336994896446973e-41,0.35999999999615023,3.325490837512396e-11,0.6399999999705949,25,50,10
18,6987,1.859434147090739e-41,0.3599999999969161,1.5866737139265898e-11,0.6399999999872172,25,50,10
18,6988,5.621222392322958e-45,0.3599999999999165,4.471370714941894e-11,0.6399999999553698,25,50,10
18,6989,3.123210740391305e-43,0.35999999994024023,7.884975602495498e-10,0.6399999992712623,25,50,10
18,6990,2.096587974573842e-40,0.3599999901438513,9.869490622741537e-09,0.639999999986658,25,50,10
18,6991,3.1252197803246935e-43,0.3599999902045593,9.807971309173428e-09,0.6399999999874694,25,50,10
18,6992,8.616517911500337e-41,0.35999999750092526,2.5243315285921304e-09,0.6399999999747432,25,50,10
18,6993,1.469689517359959e-41,0.35999999426024337,5.753459836415189e-09,0.6399999999862969,25,50,10
18,6994,3.7034878014632854e-42,0.35999999664182264,3.871541471105484e-09,0.6399999994866358,25,50,10
18,6995,5.573438717655806e-45,0.35999999341995303,6.580879789460289e-09,0.6399999999991671,25,50,10
18,6996,5.397060381599062e-45,0.35999999342067285,6.579568379230096e-09,0.6399999999997588,25,50,10
18,6997,8.941264490064197e-48,0.359999999999984,2.38648664354136e-13,0.6399999999997774,25,50,10
18,6998,4.766134210308537e-38,0.3599999999975019,1.370564449953123e-09,0.6399999986319337,25,50,10
18,6999,3.219709951852912e-43,0.33417632595940666,0.02582367405314644,0.6399999999874468,25,50,10
18,7000,2.648729683327169e-44,0.3341448391314309,0.025855160904592816,0.6399999999639763,25,50,10
18,7001,2.7167071351035874e-36,0.359999999728391,3.0790486573821817e-10,0.6399999999637042,25,50,10
18,7002,1.469113513677717e-41,0.35999999994108406,5.909576191744423e-11,0.6399999999998202,25,50,10
18,7003,2.7166927178661593e-36,0.3599999999400398,7.770278627143883e-11,0.6399999999822573,25,50,10
18,7004,1.0900139912489815e-43,0.359999996553259,3.459718422479054e-09,0.6399999999870226,25,50,10
18,7005,1.5063359905500726e-41,0.3599999999945615,3.1093800384621254e-11,0.6399999999743448,25,50,10
18,7006,1.499948003901198e-41,0.35999999999454807,7.328614052720253e-10,0.6399999992725905,25,50,10
18,7007,6.285530336998796e-43,0.3599999999374734,6.327573312709556e-11,0.6399999999992508,25,50,10
18,7008,2.3072736778375885e-41,0.3599999999913737,7.078102343434537e-11,0.6399999999378453,25,50,10
18,7009,3.9294599629166765e-42,0.35999999995811377,9.130983243947672e-11,0.6399999999505763,25,50,10
18,7010,2.8432226061806433e-43,0.35999999984368264,1.565725242009237e-10,0.6399999999997449,25,50,10
18,7011,2.578173737597227e-43,0.35999999999776805,2.480292375774068e-12,0.6399999999997518,25,50,10
18,7012,6.3955380041449845e-46,0.35999999987658493,6.231842163593187e-10,0.639999999500231,25,50,10
18,7013,1.2762197120075498e-35,0.359409929881647,0.0005901865361587527,0.6399998835821943,25,50,10
18,7014,9.061029148263921e-40,0.3599999999981112,1.1592077819420316e-07,0.6399998840811105,25,50,10
18,7015,7.117196638653935e-41,0.35999999983393033,1.6669516194290188e-10,0.6399999999993745,25,50,10
18,7016,5.952403062172044e-45,0.359999994051745,5.960730085159665e-09,0.639999999987525,25,50,10
18,7017,3.813762337443688e-46,0.35999999757466744,2.4343161094524616e-09,0.6399999999910164,25,50,10
18,7018,2.5802409508106464e-43,0.3599999976128192,2.396164563869338e-09,0.6399999999910163,25,50,10
18,7019,9.967124067791516e-40,0.3599999910933401,8.906688096804368e-09,0.6399999999999718,25,50,10
18,7020,2.970791255471679e-47,0.3599922635246037,7.736476497331741e-06,0.6399999999988989,25,50,10
18,7021,2.090418797383798e-40,0.35999226363983605,7.779116220618315e-06,0.6399999572439434,25,50,10
18,7022,1.0006750397277836e-44,0.35999999999182575,2.041835221936386e-09,0.6399999979663391,25,50,10
18,7023,1.3009236780628575e-35,0.35999999109562325,1.0964217549763541e-08,0.6399999979401592,25,50,10
18,7024,1.3009236781873776e-35,0.35999999103612007,1.0997697590495236e-08,0.6399999979661823,25,50,10
18,7025,2.7940216038675786e-43,0.35999999995268683,5.963370919770499e-11,0.6399999999876796,25,50,10
18,7026,2.201621260836646e-44,0.35999999995370296,4.6750935955540584e-11,0.6399999999995462,25,50,10
18,7027,1.233069704404605e-42,0.35999960643170525,3.9427105822586644e-07,0.6399999992972366,25,50,10
18,7028,4.002760074626394e-39,0.35999999976060965,2.4862217124080857e-10,0.6399999999907682,25,50,10
18,7029,1.4931933605714462e-41,0.35998949561296756,1.0504413347812846e-05,0.6399999999736847,25,50,10
18,7030,7.382884920586119e-34,0.3599999964817409,3.5182710947025824e-09,0.6399999999999881,25,50,10
18,7031,2.5935864275544397e-43,0.35999999258194554,7.418069361172563e-09,0.639999999999985,25,50,10
18,7032,3.075167144412667e-43,0.359999996592834,3.432741362305929e-09,0.6399999999744247,25,50,10
18,7033,5.27058763104092e-45,0.35999999644263325,3.6184622073047123e-09,0.6399999999389046,25,50,10
18,7034,1.2491329204519688e-42,0.3599999930137997,7.022782601369483e-09,0.6399999999634176,25,50,10
18,7035,3.677535070671475e-42,0.3599999998965403,8.062278265067749e-10,0.6399999992972318,25,50,10
18,7036,5.94141615590253e-45,0.35999999995522963,5.399758172011014e-11,0.6399999999907728,25,50,10
18,7037,2.277577944781203e-40,0.35999999978734243,5.57116888556323e-08,0.6399999445009688,25,50,10
18,7038,1.2322994847523494e-42,0.35999980931518183,2.461838950673235e-07,0.6399999445009232,25,50,10
18,7039,2.7172355624483285e-44,0.3599999903041177,6.72283966356267e-08,0.6399999424674857,25,50,10
18,7040,1.3371803876923806e-44,0.3599999999581505,5.604036848474139e-08,0.6399999440014811,25,50,10
18,7041,6.125261094700344e-45,0.3599999930137291,6.29841580670532e-08,0.6399999440021129,25,50,10
18,7042,2.6304540343207007e-44,0.3599999929343778,1.4508758237289967e-07,0.6399998619780399,25,50,10
18,7043,1.8364779785005656e-39,0.3599999930943261,1.228253170000848e-07,0.6399998840803569,25,50,10
18,7044,1.014137068266516e-39,0.35999999749419326,2.506447354896307e-09,0.6399999999993594,25,50,10
18,7045,3.112740007813817e-43,0.3599999998781269,1.218874082544121e-10,0.6399999999999856,25,50,10
18,7046,1.6364857990442994e-45,0.3599999964844593,3.5415376036147443e-09,0.6399999999740033,25,50,10
18,7047,3.3460835543364973e-47,0.3599999998288086,1.9682160719587438e-10,0.6399999999743698,25,50,10
18,7048,6.885894114331904e-44,0.3599999998277514,3.009437919926661e-08,0.6399999700778694,25,50,10
18,7049,4.550859453611732e-45,0.35999999989423415,1.1767294803400337e-10,0.639999999988093,25,50,10
18,7050,4.547092175436555e-45,0.3599999999402393,7.188511035681788e-11,0.6399999999878756,25,50,10
18,7051,1.4685227914909364e-41,0.35999999666252236,4.79802185757918e-09,0.6399999985394558,25,50,10
18,7052,4.937847422265122e-43,0.3415814967204998,0.01841854331876002,0.6399999599607401,25,50,10
18,7053,9.610056317097414e-43,0.3599999998826517,4.0790771449829864e-08,0.6399999593265768,25,50,10
18,7054,2.2408667222702747e-40,0.35999962254149165,3.7745872527062716e-07,0.639999999999783,25,50,10
18,7055,5.434363607873797e-45,0.35999981560677957,1.843932244309241e-07,0.639999999999996,25,50,10
18,7056,5.641365419718058e-43,0.35999981209045834,1.8790955524981293e-07,0.6399999999999864,25,50,10
18,7057,1.7485052056598724e-41,0.3599999964845136,3.515493354279116e-09,0.639999999999993,25,50,10
18,7058,1.748505404105373e-41,0.3599999998298229,1.7082854032459958e-10,0.6399999999993485,25,50,10
18,7059,1.8426863460600015e-46,0.35999999030402874,9.696622040896937e-09,0.6399999999993491,25,50,10
18,7060,1.291177715574525e-38,0.35999225394681184,7.746087736002711e-06,0.6399999999654522,25,50,10
18,7061,9.964767238905533e-40,0.35999226364272835,7.73638335478894e-06,0.6399999999739169,25,50,10
18,7062,1.0111457829354951e-39,0.3599922636427283,7.736444441085878e-06,0.6399999999128307,25,50,10
18,7063,3.2829073241084447e-43,0.35999999309433184,6.977266334552892e-09,0.6399999999284018,25,50,10
18,7064,5.695403395202084e-43,0.3599999999919082,5.276922407888541e-11,0.6399999999553225,25,50,10
18,7065,3.3375754255374545e-43,0.35999999999117266,1.0090045928769006e-11,0.6399999999987374,25,50,10
18,7066,3.1868674742678927e-43,0.3599999997936927,9.17353319958257e-10,0.6399999992889539,25,50,10
18,7067,2.2321813827931654e-41,0.35999999979663,2.0400636087952082e-10,0.6399999999993635,25,50,10
18,7068,8.829862244570043e-41,0.3599999929811745,7.019916000632353e-09,0.6399999999989096,25,50,10
18,7069,5.00051355664099e-45,0.35999999999786086,3.852912930427005e-12,0.6399999999982863,25,50,10
18,7070,1.2319971818727487e-42,0.35999960655155006,3.9347312160985073e-07,0.6399999999753282,25,50,10
18,7071,4.8490476060173085e-46,0.3599999999581643,6.380893079717107e-11,0.6399999999780267,25,50,10
18,7072,4.871680378476301e-46,0.3599996031473545,3.96897981819996e-07,0.6399999999546637,25,50,10
18,7073,1.1915318491710507e-38,0.35999999659374865,3.4196289853871292e-09,0.6399999999866224,25,50,10
18,7074,6.437894269133008e-44,0.3599999999412675,5.877835435237182e-11,0.6399999999999542,25,50,10
18,7075,1.3861852811821908e-43,0.3599999999968972,3.580163953631055e-12,0.6399999999995226,25,50,10
18,7076,6.9052868940064e-44,0.35999986424553704,1.3575449210998895e-07,0.6399999999999708,25,50,10
18,7077,1.5049827457757718e-41,0.3599996063470205,3.93687325044054e-07,0.6399999999656545,25,50,10
18,7078,1.3100093599798374e-45,0.359999606469186,3.942414671771421e-07,0.6399999992893468,25,50,10
18,7079,9.96712103976088e-40,0.3599999902203599,1.0490229599033145e-08,0.6399999992894105,25,50,10
18,7080,1.0114029728774161e-39,0.359999809172825,9.4766089971033e-05,0.6399054247372039,25,50,10
18,7081,5.680892961166657e-38,0.35999999985968856,1.4034889433174955e-10,0.6399999999999626,25,50,10
18,7082,1.3141135397251202e-42,0.3599999996889776,3.1104197063170556e-10,0.6399999999999805,25,50,10
18,7083,1.5919593701805846e-41,0.3599999995980866,4.1424283806845727e-10,0.6399999999876705,25,50,10
18,7084,5.242619270718678e-42,0.3599999997672116,2.540468255977775e-10,0.6399999999787416,25,50,10
18,7085,1.4933390761068702e-41,0.359999999711517,8.329174393499993e-10,0.6399999994555655,25,50,10
18,7086,1.4940362609732442e-41,0.35999960651319557,3.935701670807415e-07,0.6399999999166373,25,50,10
18,7087,3.986919823822092e-39,0.3599625090378584,3.7491010454128595e-05,0.6399999999516873,25,50,10
18,7088,3.082831479059483e-43,0.35999999965745866,4.039327545423541e-10,0.6399999999386085,25,50,10
18,7089,3.0800824613929308e-43,0.35999999976826785,2.3190763969036863e-10,0.6399999999998245,25,50,10
18,7090,7.031140597078833e-41,0.35999999993336673,6.66635083183948e-11,0.6399999999999699,25,50,10
18,7091,3.4953456256885353e-40,0.3599999998290489,1.9334503282089795e-10,0.639999999977606,25,50,10
18,7092,7.02469615408563e-41,0.35999999737099175,2.655699608684961e-09,0.6399999999733086,25,50,10
18,7093,6.99402032826797e-41,0.35999999969290714,3.079429926711506e-10,0.6399999999991499,25,50,10
18,7094,2.0962023010793558e-40,0.3599999999938425,3.199052780101886e-11,0.6399999999741669,25,50,10
18,7095,4.3148510229721953e-47,0.35999999993332227,6.668977903268891e-11,0.639999999999988,25,50,10
18,7096,8.365127816087635e-40,0.35999226335921014,7.736642678640378e-06,0.6399999999981112,25,50,10
18,7097,1.1203676875239137e-39,0.3599998090238966,1.9234535932134254e-07,0.6399999986307442,25,50,10
18,7098,2.2654726817515297e-40,0.3599996733937057,3.2798351596301674e-07,0.6399999986227783,25,50,10
18,7099,1.8712490000876161e-41,0.3599998641866389,1.3583984802914948e-07,0.6399999999735131,25,50,10
18,7100,1.2327911056493102e-42,0.3599994472229924,5.528032685185067e-07,0.6399999999737392,25,50,10
18,7101,6.695970551664577e-41,0.35828079031776544,0.001719210361181338,0.6399999993210532,25,50,10
18,7102,1.467001989506724e-41,0.3599992597872968,7.413739972204582e-07,0.639999998838706,25,50,10
18,7103,1.5485146895534024e-34,0.359999812371308,1.8767722547632913e-07,0.6399999999514665,25,50,10
18,7104,1.2270344468901574e-42,0.3599999997989752,3.174678315565747e-10,0.6399999998835569,25,50,10
18,7105,1.248550089247984e-42,0.3599999997912262,2.8892759660408663e-10,0.6399999999198464,25,50,10
18,7106,2.1528742462205168e-44,0.359999999833048,6.664992912378229e-10,0.6399999995004528,25,50,10
18,7107,1.7485048782587103e-41,0.3599999998276241,2.341344208445322e-10,0.6399999999382415,25,50,10
18,7108,8.536476922596354e-40,0.3599999998246517,2.119156290834051e-10,0.6399999999634327,25,50,10
18,7109,3.497010776656334e-41,0.3599999999955568,7.420139600191816e-10,0.6399999992624292,25,50,10
18,7110,1.0316178723661377e-39,0.35999999665026977,3.349738342581766e-09,0.6399999999999919,25,50,10
18,7111,3.0687640394148703e-43,0.35999999994103427,7.25317449052593e-11,0.639999999986434,25,50,10
18,7112,3.0685789490083447e-43,0.359999999999839,1.247575516936599e-11,0.6399999999876852,25,50,10
18,7113,3.238106636556785e-36,0.35999998695553276,1.3065549347477414e-08,0.6399999999789179,25,50,10
18,7114,1.29258223420056e-42,0.359999999999839,6.18827159687759e-11,0.6399999999382784,25,50,10
18,7115,4.76625634926156e-38,0.3599999999998702,3.0547293487205886e-11,0.6399999999695826,25,50,10
18,7116,4.766275976604232e-38,0.34124448738323887,0.01875551264717894,0.6399999999695822,25,50,10
18,7117,4.773271701833516e-38,0.3599999999569684,8.259687543787669e-08,0.6399999174461561,25,50,10
18,7118,1.952625136839901e-46,0.35999999982916253,9.108720786929068e-10,0.6399999992599654,25,50,10
18,7119,2.8127037302374488e-46,0.35999999970295404,8.091005031421174e-10,0.6399999994879453,25,50,10
18,7120,1.191785820028887e-38,0.3599999999133982,9.892720674914342e-11,0.6399999999876748,25,50,10
18,7121,1.1948721397051063e-38,0.35999999995161575,5.602368345861397e-10,0.6399999994881475,25,50,10
18,7122,5.3690105070344295e-43,0.35999999995386717,2.1145851247489858e-09,0.6399999979315477,25,50,10
18,7123,2.2723589477497765e-37,0.3599999967587899,3.2420568652397714e-09,0.6399999999991534,25,50,10
18,7124,6.626993185115894e-45,0.35999999676508837,3.2368258153354812e-09,0.639999999998086,25,50,10
18,7125,1.295242865279386e-35,0.359999990186632,9.849676524597011e-09,0.6399999999636915,25,50,10
18,7126,7.382813615733376e-34,0.3599996065535433,3.9344709128901733e-07,0.6399999999993654,25,50,10
18,7127,7.382812916335671e-34,0.35999960638564205,6.999857042911832e-06,0.639993393757315,25,50,10
18,7128,4.8238839653705955e-46,0.35999999647832887,1.49360765792073e-07,0.6399998541609054,25,50,10
18,7129,2.312066049606825e-44,0.35999999999787385,1.444050739573685e-07,0.6399998555970522,25,50,10
18,7130,7.006122433993569e-45,0.3599999930524909,3.543398566377391e-08,0.6399999715135235,25,50,10
18,7131,9.061094499758095e-40,0.35999998964852636,1.0376128482147504e-08,0.6399999999753452,25,50,10
18,7132,1.086929592097291e-44,0.35999999065406074,9.34616736086525e-09,0.6399999999997719,25,50,10
18,7133,5.787390736478153e-45,0.35999999993580956,6.442840461693626e-11,0.6399999999997621,25,50,10
18,7134,6.347265517501461e-45,0.3599999998141862,2.2437918418310483e-10,0.6399999999614346,25,50,10
18,7135,1.0898110849408134e-45,0.35999999999391336,4.425396436512686e-11,0.6399999999618327,25,50,10
18,7136,3.3047207375197433e-43,0.3599999999916802,2.194049975057813e-11,0.6399999999863794,25,50,10
18,7137,3.6789960593654694e-42,0.3599999966504881,5.419303938331764e-09,0.639999997930208,25,50,10
18,7138,3.672281711375762e-42,0.3599999999570476,2.1569512827093767e-09,0.6399999978860013,25,50,10
18,7139,5.682652291364415e-38,0.3599998121090545,1.879629347414283e-07,0.6399999999280107,25,50,10
18,7140,1.3137517948723499e-42,0.359992263521547,7.736479091324974e-06,0.6399999999993617,25,50,10
18,7141,2.455271064947945e-42,0.3599999997065456,8.281705603794448e-08,0.6399999174763983,25,50,10
18,7142,2.7891440720810373e-43,0.35999999965968515,3.403360503104765e-10,0.6399999999999788,25,50,10
18,7143,2.5774286582882602e-43,0.35999999999919347,3.7355203567703015e-11,0.6399999999634514,25,50,10
18,7144,5.695019180945231e-43,0.35999999999689036,4.7993043756106527e-11,0.6399999999551165,25,50,10
18,7145,4.2316178978476465e-42,0.3599999999969266,2.4741918193453776e-11,0.6399999999783315,25,50,10
18,7146,2.5763458329294617e-43,0.359999990219676,9.80156372321476e-09,0.6399999999787603,25,50,10
18,7147,4.3074899624789614e-44,0.3599999965721269,3.4278822160216566e-09,0.6399999999999908,25,50,10
18,7148,3.986612234402436e-39,0.3599999998994612,1.2641148617702753e-10,0.6399999999741273,25,50,10
18,7149,1.6815418673128265e-45,0.35999999995814363,7.670914744064987e-11,0.6399999999651472,25,50,10
18,7150,1.249015946944622e-42,0.35999999985836495,8.868762262652971e-10,0.6399999992547588,25,50,10
18,7151,2.194093686227445e-44,0.3599999999412308,7.694466322128941e-10,0.6399999992893227,25,50,10
18,7152,4.3159564546367965e-44,0.35999999749673006,3.704697139148184e-09,0.6399999987985727,25,50,10
18,7153,6.994027068502622e-41,0.3599998641056633,1.3589540901209072e-07,0.6399999999989276,25,50,10
18,7154,4.6126336679767e-45,0.3599998641870249,1.35830514598082e-07,0.6399999999824605,25,50,10
18,7155,2.5896213156431586e-43,0.3599999999992203,2.901030608022663e-08,0.6399999709904737,25,50,10
18,7156,5.377530353153792e-43,0.35999999999919635,2.7526314723956706e-08,0.6399999724744889,25,50,10
18,7157,3.502012147056756e-43,0.3599999999901053,4.730984958625883e-11,0.6399999999625848,25,50,10
18,7158,1.193282542878632e-38,0.3599999997873499,7.2578263135072e-10,0.6399999994868676,25,50,10
18,7159,9.882834739966679e-45,0.3599999998268242,2.1733382388011648e-10,0.639999999955842,25,50,10
18,7160,1.9805150453641848e-45,0.35956373314019385,0.0004362668598180797,0.639999999999988,25,50,10
18,7161,6.526779603426271e-44,0.3595637428361052,0.0004362571651949848,0.6399999999986998,25,50,10
18,7162,1.5056114678337085e-41,0.35999999665149873,3.358038373495047e-09,0.639999999990463,25,50,10
18,7163,8.495341646444296e-41,0.35999999988057824,1.2868925008962847e-10,0.6399999999907326,25,50,10
18,7164,1.4670101461226455e-41,0.3599999998749177,1.500156973236735e-10,0.6399999999750665,25,50,10
18,7165,1.956971685397164e-41,0.35999999979427244,2.3923117646108093e-10,0.6399999999664964,25,50,10
18,7166,3.6732231085076194e-42,0.35997758578468714,2.2414215758203895e-05,0.6399999999995547,25,50,10
18,7167,2.3121651986162457e-44,0.3599999998787273,8.229710498017957e-10,0.6399999992983018,25,50,10
18,7168,1.1238705543712224e-43,0.35999999999879967,2.28034088712254e-06,0.6399977196603132,25,50,10
18,7169,1.2530785433266794e-42,0.3599998024115397,1.9829014397993366e-07,0.6399999992983163,25,50,10
18,7170,7.125750854042858e-41,0.3599996665210955,3.7349846572733654e-07,0.6399999599804387,25,50,10
18,7171,7.367238628962663e-41,0.35999984758843623,1.9173004980635782e-07,0.6399999606815139,25,50,10
18,7172,1.2944171217267578e-43,0.3599999901999513,4.9119762295241635e-08,0.6399999606802864,25,50,10
18,7173,1.2969637583619102e-42,0.3599999999374399,6.362458364652572e-11,0.6399999999989354,25,50,10
18,7174,6.416410551858019e-45,0.3599995967345215,4.0327510723856115e-07,0.6399999999903713,25,50,10
18,7175,1.207057486414593e-44,0.3599999836602363,1.6361498162707743e-08,0.6399999999782657,25,50,10
18,7176,5.845371379001631e-45,0.3599999998370773,1.6380072646850312e-10,0.6399999999991219,25,50,10
18,7177,9.966579384016848e-40,0.35999999979430386,2.1879438765817813e-10,0.6399999999869018,25,50,10
18,7178,5.271447434113807e-45,0.35999999995535753,4.465101651222324e-11,0.6399999999999915,25,50,10
18,7179,1.1916570790316716e-38,0.3599999870136365,1.2987255214736925e-08,0.6399999999991083,25,50,10
18,7180,1.5375765238926886e-42,0.35999999653869763,3.4870900672170835e-09,0.6399999999742123,25,50,10
18,7181,9.966704166606452e-40,0.35999999514524367,4.8814469463378375e-09,0.6399999999733094,25,50,10
18,7182,2.780129719683641e-44,0.3599999999970747,2.8544872604582113e-11,0.6399999999743805,25,50,10
18,7183,1.0151919198810485e-39,0.35999239464035127,7.6060613262338705e-06,0.6399999992983225,25,50,10
18,7184,1.0009005174512139e-39,0.3599999997443646,2.918503804571453e-10,0.639999999963785,25,50,10
18,7185,1.191900651345155e-38,0.3599999976182864,3.0842241764253625e-09,0.6399999992974894,25,50,10
18,7186,3.9746977110522885e-42,0.3599999976163437,2.3843368875440413e-09,0.6399999999993193,25,50,10
18,7187,9.788911753631904e-42,0.3599999810139047,1.8986977334567055e-08,0.639999999999118,25,50,10
18,7188,2.5404822357814952e-42,0.359999987857796,1.2142680035940538e-08,0.639999999999524,25,50,10
18,7189,1.248560633759102e-42,0.35999999761535195,2.385922734596181e-09,0.6399999999987254,25,50,10
18,7190,1.994015046213971e-41,0.359999864090333,1.3590967919288383e-07,0.6399999999999878,25,50,10
18,7191,2.1527187612472342e-44,0.35999999661419535,3.386026340636521e-09,0.6399999999997783,25,50,10
18,7192,9.12518326318653e-44,0.3599999966139806,3.3862421115056174e-09,0.6399999999997774,25,50,10
18,7193,6.895307234832625e-44,0.35999999665154325,4.3843109069277e-08,0.6399999595053477,25,50,10
18,7194,1.8778001059016175e-41,0.35999999977237146,7.395045487100086e-10,0.6399999994881241,25,50,10
18,7195,1.2933459314959264e-42,0.35999999994246323,6.985152387612164e-11,0.6399999999876852,25,50,10
18,7196,4.8960441655125174e-42,0.3599999999404174,6.035774679093925e-11,0.6399999999992247,25,50,10
18,7197,2.2724052227818896e-37,0.3599999999387872,6.263246258701474e-11,0.6399999999985804,25,50,10
18,7198,2.7489690437534295e-37,0.3599996063672872,3.9413333802842916e-07,0.6399999994993748,25,50,10
18,7199,1.483437558805133e-44,0.3599999999977536,3.061944580021798e-12,0.6399999999991846,25,50,10
18,7200,4.944741197543148e-46,0.3599999999968128,4.002465678095101e-08,0.6399999599785304,25,50,10
18,7201,6.472144763822538e-44,0.35999999999786136,4.0035618200074396e-08,0.6399999599665205,25,50,10
18,7202,6.994074075360575e-41,0.359999999994144,3.213756461398072e-11,0.6399999999737185,25,50,10
18,7203,6.994034163495164e-41,0.3599999999970662,2.9489513924562224e-11,0.6399999999734444,25,50,10
18,7204,3.2837807323360305e-43,0.3599999999360704,9.017202522545945e-11,0.6399999999737576,25,50,10
18,7205,3.2865950227235045e-43,0.3599999999928471,2.823615880136874e-11,0.6399999999789167,25,50,10
18,7206,2.2723615847042313e-37,0.35999985914619165,1.4090506878725933e-07,0.6399999999487396,25,50,10
18,7207,2.2723590580384814e-37,0.3599998591471577,2.2337675592851004e-07,0.6399999174760864,25,50,10
18,7208,4.766164740392053e-38,0.3599998688467604,2.1371487505308477e-07,0.6399999174383646,25,50,10
18,7209,4.766133649358897e-38,0.3599999998247371,2.1381435102719531e-10,0.6399999999614484,25,50,10
18,7210,3.0828481136867466e-43,0.3599999949394346,5.560118675222292e-09,0.6399999995004468,25,50,10
18,7211,2.8333188990020773e-46,0.35999986408059653,1.3591940677752397e-07,0.6399999999999967,25,50,10
18,7212,2.716692411235233e-36,0.35999986420066277,1.3631499118249074e-07,0.639999999484346,25,50,10
18,7213,3.1154502696876133e-43,0.3599998653803746,1.3463796714783362e-07,0.6399999999816584,25,50,10
18,7214,2.6206422008108143e-43,0.3599999930512932,6.949328138375657e-09,0.6399999999993787,25,50,10
18,7215,5.907596252492672e-46,0.35999999761398505,2.3866336725600045e-09,0.6399999999993813,25,50,10
18,7216,1.270454744158277e-42,0.3599999999372734,6.314786599307913e-11,0.6399999999995788,25,50,10
18,7217,1.3348164025181813e-42,0.3599999998745566,1.2590863543776006e-10,0.6399999999995348,25,50,10
18,7218,1.5063213542572647e-43,0.3599999998767,1.239787745959419e-10,0.6399999999993213,25,50,10
18,7219,4.865791883394912e-38,0.359999999899789,1.4511296677983936e-10,0.6399999999550982,25,50,10
18,7220,9.966476025626611e-40,0.3599999999578378,1.2272062827898524e-10,0.6399999999194416,25,50,10
18,7221,9.966479815975995e-40,0.3599999999570882,4.312110593078855e-11,0.6399999999997907,25,50,10
18,7222,3.9308909422970425e-43,0.35999999978663305,2.4010671535698686e-10,0.6399999999732602,25,50,10
18,7223,6.437718302194198e-44,0.35999999983634595,1.6473143951742377e-10,0.6399999999989227,25,50,10
18,7224,1.302422297211755e-46,0.3599999997873266,2.1346365279584134e-10,0.6399999999992098,25,50,10
18,7225,6.80036778890702e-45,0.3599999903040264,9.704957478102277e-09,0.6399999999910162,25,50,10
18,7226,3.069743144436093e-43,0.35999999991851767,9.964719439154206e-11,0.6399999999818352,25,50,10
18,7227,9.12199415260378e-43,0.3599999998560598,8.233510618455718e-10,0.6399999993205892,25,50,10
18,7228,1.5064506716060259e-44,0.35999999999619164,2.0764437161090503e-09,0.6399999979273647,25,50,10
18,7229,5.304965221822948e-44,0.359999997498147,3.501771073962603e-09,0.6399999990000819,25,50,10
18,7230,1.7507053399912478e-41,0.35999999421146256,5.78940549665251e-09,0.639999999999132,25,50,10
18,7231,1.750705147837475e-41,0.3599999942121956,5.788475957421073e-09,0.6399999999993287,25,50,10
18,7232,5.390066190787288e-45,0.3599999999991825,8.252479334174376e-08,0.6399999174760242,25,50,10
18,7233,2.6248772881124633e-43,0.35999981566559147,2.66868542280732e-07,0.6399999174658663,25,50,10
18,7234,2.240435032787595e-40,0.3599999998834629,8.265121857624915e-08,0.6399999174653186,25,50,10
18,7235,1.4998297445710333e-41,0.35999999995403165,5.646595038740085e-11,0.6399999999895026,25,50,10
18,7236,2.9365108015424037e-41,0.359999999994684,2.7740785312567717e-11,0.6399999999775753,25,50,10
18,7237,6.476106004639468e-44,0.3599999999958946,1.3545677394263724e-11,0.6399999999905598,25,50,10
18,7238,8.296742028300902e-46,0.35999999987803677,6.30428776956276e-10,0.6399999994915344,25,50,10
18,7239,2.169532756700708e-44,0.3599999998780929,1.2222167032620952e-10,0.6399999999996855,25,50,10
18,7240,2.7980571588032733e-43,0.35999226352166425,7.739011673405239e-06,0.6399999974666624,25,50,10
18,7241,2.7934719084725824e-43,0.35999226360098563,7.736399645321002e-06,0.6399999999993691,25,50,10
18,7242,1.7572143446879086e-41,0.3599999998339093,1.6613064530634934e-10,0.63999999999996,25,50,10
18,7243,3.5044444190153177e-41,0.35999999335300026,7.146566680462019e-09,0.6399999995004332,25,50,10
18,7244,1.2379397840084904e-42,0.35999960637837203,3.936220703449808e-07,0.6399999999995576,25,50,10
18,7245,1.2271573111178516e-42,0.3599999974472435,2.5650885567328827e-09,0.6399999999876679,25,50,10
18,7246,1.1522150135800749e-45,0.35999999761732404,2.3834857005057054e-09,0.6399999999991903,25,50,10
18,7247,8.373963866058353e-40,0.3599999998257776,4.016965091358449e-08,0.6399999600045715,25,50,10
18,7248,7.38288553794743e-34,0.35999999988042825,4.012732000621517e-08,0.6399999599922518,25,50,10
18,7249,7.382885535576092e-34,0.3599922635175174,7.776494695490948e-06,0.6399999599877871,25,50,10
18,7250,8.600425537383441e-44,0.3599922635215934,7.73697839918378e-06,0.6399999995000075,25,50,10
18,7251,4.3474014824031867e-44,0.3599999998766314,1.233725543520268e-10,0.6399999999999961,25,50,10
18,7252,2.2468992690922646e-44,0.35999999999344623,1.1737236571323384e-07,0.639999882634188,25,50,10
18,7253,5.719794289952878e-46,0.35999999978801983,3.1081408809699063e-09,0.6399999971038394,25,50,10
18,7254,2.3023254336114816e-45,0.35999999757367973,8.034491828124318e-09,0.6399999943918285,25,50,10
18,7255,3.9865914841150166e-39,0.35999999995666515,4.216677779621582e-09,0.6399999958266571,25,50,10
18,7256,1.1507873876102211e-45,0.3599999999979029,2.7149239865930777e-09,0.6399999972871733,25,50,10
18,7257,4.745700119284891e-45,0.3599999999948535,3.4189432186813323e-09,0.6399999965862034,25,50,10
18,7258,1.2917417767836828e-42,0.3599999999405009,5.995963864398106e-11,0.6399999999995395,25,50,10
18,7259,9.903477950935483e-48,0.35999999749728834,2.5033527933023265e-09,0.6399999999993589,25,50,10
18,7260,4.9940221769422513e-48,0.35999999987786957,1.227759107277055e-10,0.6399999999993546,25,50,10
18,7261,1.3990188106962096e-40,0.35999999995673043,4.351291294060324e-11,0.6399999999997565,25,50,10
18,7262,7.005338939616117e-41,0.35999999987737064,2.0383297910337212e-10,0.6399999999187963,25,50,10
18,7263,6.895482184809424e-44,0.3599999999977841,5.5867400936778375e-11,0.6399999999463484,25,50,10
18,7264,6.913231517227998e-44,0.3599999998269094,2.1755435587596563e-10,0.6399999999555362,25,50,10
18,7265,6.982303147134651e-44,0.35999999999598026,4.84866070351239e-12,0.6399999999991711,25,50,10
18,7266,1.3595005763031955e-43,0.3599999999552277,1.2416607436388273e-09,0.6399999988031115,25,50,10
18,7267,1.4799826235974335e-41,0.3599999902583199,1.0444598796144756e-08,0.6399999992970813,25,50,10
18,7268,3.217609731055424e-41,0.35999999008704775,9.913412100108632e-09,0.6399999999995402,25,50,10
18,7269,8.744714732009917e-41,0.3599999996639918,3.4479423227556154e-10,0.6399999999912139,25,50,10
18,7270,6.99414012397502e-41,0.3599999998384529,1.6286748304743734e-10,0.6399999999986798,25,50,10
18,7271,8.578658374565408e-46,0.35999999983770176,1.6110921460745475e-09,0.6399999985512062,25,50,10
18,7272,1.2315835635706931e-42,0.35999999970785934,2.9351880984426056e-10,0.6399999999986218,25,50,10
18,7273,6.473747789541035e-44,0.35999999970693186,2.326898119056818e-09,0.63999999796617,25,50,10
18,7274,3.846621366186222e-46,0.3599999998766697,1.2365743116144486e-10,0.6399999999996728,25,50,10
18,7275,3.2181476381769124e-41,0.3599999997028622,1.7449520197948259e-09,0.6399999985521857,25,50,10
18,7276,1.749581242451439e-41,0.3599922633111005,7.736724592565745e-06,0.6399999999643069,25,50,10
18,7277,5.844043526729725e-45,0.3599922635839688,7.736417546469392e-06,0.6399999999984847,25,50,10
18,7278,4.836067256247879e-46,0.3599922635175916,7.736483530679285e-06,0.6399999999988776,25,50,10
18,7279,4.994902475013042e-45,0.35999999999694765,3.977866921628442e-11,0.6399999999632737,25,50,10
18,7280,1.7508184271223374e-41,0.35999999648205944,4.351425627884426e-08,0.6399999600036843,25,50,10
18,7281,2.313683526108508e-44,0.3599999997087457,4.028668706355876e-08,0.6399999600045674,25,50,10
18,7282,3.667839312742057e-42,0.35999999989534276,1.5524648671950086e-09,0.6399999985521925,25,50,10
18,7283,1.2956531032185857e-45,0.3599999999412715,1.5074276592031984e-09,0.6399999985513009,25,50,10
18,7284,1.490989464230144e-42,0.3599999997107335,2.9098749300842537e-10,0.6399999999982791,25,50,10
18,7285,1.7516521300100585e-42,0.3599999997674703,2.6758252658067236e-10,0.6399999999649472,25,50,10
18,7286,1.2270317564783559e-42,0.35999999978805625,2.7324312705498293e-10,0.6399999999387007,25,50,10
18,7287,8.36172645281273e-40,0.35999999761827944,2.3819648392182746e-09,0.6399999999997558,25,50,10
18,7288,8.361650133989592e-40,0.3599999999985301,6.915054620002339e-10,0.6399999993099645,25,50,10
18,7289,8.364430469301128e-40,0.3599999930958815,6.905020196743693e-09,0.6399999999990984,25,50,10
18,7290,1.0058700041329587e-46,0.35999999999986154,3.715715820911135e-13,0.639999999999767,25,50,10
18,7291,3.941191495440099e-46,0.35999999982671577,1.829088051260563e-10,0.6399999999903754,25,50,10
18,7292,5.853920154639423e-45,0.3599999998266255,1.8302155436416555e-10,0.639999999990353,25,50,10
18,7293,5.1385075364434134e-45,0.3599999998268617,8.873512047071755e-10,0.6399999992857871,25,50,10
18,7294,2.743005292280443e-44,0.3599999999345541,7.673642380001487e-10,0.6399999992980818,25,50,10
18,7295,1.7689280366006226e-42,0.3599998093087009,1.906927139596045e-07,0.6399999999985851,25,50,10
18,7296,8.493817562071521e-41,0.3599997996154423,2.0038501862592727e-07,0.639999999999539,25,50,10
18,7297,1.651024928464187e-41,0.3599999901802268,9.821315464264865e-09,0.6399999999984578,25,50,10
18,7298,4.744379344344514e-48,0.3599999999931262,7.500245309555252e-12,0.6399999999993736,25,50,10
18,7299,2.61900011353645e-43,0.35999999999269006,2.2796247040812427e-06,0.6399977203826058,25,50,10
18,7300,4.8374282282136356e-39,0.35999999308886665,7.612967701069202e-09,0.6399999992981656,25,50,10
18,7301,3.8102567811752116e-46,0.35999999309179564,7.610536088303946e-09,0.6399999992976683,25,50,10
18,7302,1.6073093526332017e-46,0.35999981566474415,1.8503695773342176e-07,0.6399999992982981,25,50,10
18,7303,6.43501747161597e-44,0.35999999988034953,2.2797130771225854e-06,0.6399977204065733,25,50,10
18,7304,1.2315461050770611e-42,0.3599999999376024,2.2796816048074305e-06,0.6399977203807927,25,50,10
18,7305,8.238221259420279e-47,0.3599999999978741,2.2796217705760965e-06,0.6399977203803554,25,50,10
18,7306,2.7023079426099893e-44,0.35999998461672056,1.6111409078071744e-08,0.6399999992718705,25,50,10
18,7307,4.001259568014037e-39,0.3599999964440917,4.258060631226478e-09,0.6399999992978477,25,50,10
18,7308,7.114690003545799e-44,0.35999999653912396,3.263654242819183e-08,0.6399999708243338,25,50,10
18,7309,1.301534925820044e-42,0.359999999996893,3.881949237565064e-12,0.6399999999992251,25,50,10
18,7310,1.3009244113516515e-35,0.3599996279075207,3.7211692027961894e-07,0.6399999999755591,25,50,10
18,7311,5.680847025843008e-38,0.3599996280910387,3.719093991963341e-07,0.6399999999995621,25,50,10
18,7312,1.492734286780085e-41,0.3599999998228439,4.065579146013725e-08,0.6399999595213646,25,50,10
18,7313,1.191538368927561e-38,0.359999999829875,2.204596802868693e-09,0.6399999979655282,25,50,10
18,7314,7.0007268023262e-41,0.35999999761833107,4.415524717749304e-09,0.6399999979661442,25,50,10
18,7315,3.9868969128612227e-39,0.3599999998984245,1.0176190229111888e-10,0.6399999999998137,25,50,10
18,7316,3.0714957638210725e-43,0.3599999999395085,6.0513886630409e-11,0.6399999999999776,25,50,10
18,7317,3.862165980814961e-46,0.35999999999692883,3.693232936675356e-12,0.639999999999378,25,50,10
18,7318,2.1617132885407037e-44,0.35999999995814735,5.062865125280343e-11,0.639999999991224,25,50,10
18,7319,5.723631126420656e-45,0.35999999999887883,2.6756053566644953e-11,0.6399999999743651,25,50,10
18,7320,1.2272059795630443e-42,0.3599999999927464,3.2884295578337224e-11,0.6399999999743693,25,50,10
18,7321,8.36189810122604e-40,0.3599996213645153,3.7869594465580025e-07,0.63999999993954,25,50,10
18,7322,8.40090077263311e-40,0.3599996213685116,4.066754286309097e-07,0.6399999719560598,25,50,10
18,7323,2.851724427263353e-44,0.3599996283278292,3.723837837733441e-07,0.639999999288387,25,50,10
18,7324,6.468027706238806e-44,0.3599999999991932,1.750151712306613e-12,0.6399999999990565,25,50,10
18,7325,6.680763543845096e-45,0.35999999676393357,3.236614646653492e-09,0.6399999999994519,25,50,10
18,7326,9.966606384738525e-40,0.35999999670627375,3.3027578397596608e-09,0.6399999999909686,25,50,10
18,7327,9.966520401432857e-40,0.3599999999412049,5.988850088239545e-11,0.6399999999989067,25,50,10
18,7328,9.967818225298272e-40,0.3599999999412744,1.0363476259822592e-10,0.6399999999550909,25,50,10
18,7329,9.967223754552742e-40,0.35999999989947457,1.1017065605855381e-10,0.6399999999903548,25,50,10
18,7330,1.2059949168466434e-39,0.3599999941724991,5.853797997670026e-09,0.6399999999737029,25,50,10
18,7331,1.2093566806318512e-39,0.3599999975215817,2.9794651870313234e-09,0.6399999994989531,25,50,10
18,7332,1.2057115835732641e-39,0.35999999335952226,6.64262964274817e-09,0.6399999999978482,25,50,10
18,7333,1.2056886112639298e-39,0.3599999932495158,6.750941301868292e-09,0.6399999999995429,25,50,10
18,7334,6.925109559367338e-45,0.359999999877814,8.238815513684885e-10,0.6399999992983045,25,50,10
18,7335,1.1374895366372593e-45,0.359999999994798,1.1662530439421243e-07,0.6399998833798978,25,50,10
18,7336,1.9940701219382845e-41,0.3599999974193758,3.2829381916236003e-09,0.6399999992976861,25,50,10
18,7337,3.498075999741397e-41,0.3599999997679293,9.599455180570645e-10,0.6399999992721253,25,50,10
18,7338,1.0528758922046306e-40,0.3599999930385217,6.971398501061168e-09,0.6399999999900797,25,50,10
18,7339,8.826533730463725e-33,0.3599999998854809,1.2772138492940026e-10,0.6399999999867978,25,50,10
18,7340,8.63301863657104e-44,0.35999999988550774,1.1615588118483432e-10,0.6399999999983365,25,50,10
18,7341,3.8969149648716976e-46,0.3599999974467699,2.5543021604762735e-09,0.6399999999989281,25,50,10
18,7342,5.057236825642e-45,0.35999999075502814,9.266207245977175e-09,0.6399999999787646,25,50,10
18,7343,5.681041775910154e-38,0.3599999997039823,3.4476462413776377e-10,0.6399999999512531,25,50,10
18,7344,5.681013954419141e-38,0.3599999997485498,3.230448586451715e-10,0.6399999999284054,25,50,10
18,7345,2.716692799309784e-36,0.359999994269645,5.802401483941476e-09,0.6399999999279534,25,50,10
18,7346,6.791456023588193e-37,0.3599999976172239,1.6253201582491876e-06,0.6399983770626179,25,50,10
18,7347,6.791455755099466e-37,0.35999999301378666,1.629912859932878e-06,0.6399983770733533,25,50,10
18,7348,6.79145580833207e-37,0.3599999930973141,1.6305058181508526e-06,0.6399983763968676,25,50,10
18,7349,2.3933892291266588e-45,0.3599996065097152,3.955364069026492e-07,0.639999997953878,25,50,10
18,7350,6.88989044491624e-44,0.3599999999551791,1.5395081344255388e-09,0.6399999985053129,25,50,10
18,7351,6.931597078589032e-45,0.35999943754599056,5.639018141394743e-07,0.6399999985521952,25,50,10
18,7352,1.1391693924509406e-43,0.35999944491520774,6.33041883318085e-07,0.639999922042909,25,50,10
18,7353,1.7774998646276547e-41,0.3599999966598501,3.867043080877659e-09,0.6399999994731068,25,50,10
18,7354,3.986600978355605e-39,0.35999999993614545,9.953709066702648e-11,0.6399999999643173,25,50,10
18,7355,4.822752978644495e-39,0.359999999935339,6.574485362193518e-11,0.6399999999989161,25,50,10
18,7356,4.822762613388578e-39,0.35999999990086406,1.0037955500752095e-10,0.6399999999987565,25,50,10
18,7357,3.9865911243742675e-39,0.35999999993913223,6.088741899989249e-11,0.6399999999999804,25,50,10
18,7358,1.2341615856102661e-42,0.3599999933574257,6.643669573887669e-09,0.6399999999989047,25,50,10
18,7359,7.116720027843169e-41,0.35999985960639974,1.4039406552511596e-07,0.6399999999995347,25,50,10
18,7360,3.168138291515605e-43,0.3599999930325353,6.9768726783840635e-09,0.6399999999905921,25,50,10
18,7361,5.63852161451361e-45,0.35999986418579205,1.3581423302432043e-07,0.639999999999975,25,50,10
18,7362,5.658038652969051e-45,0.35999986424380254,1.357921165503778e-07,0.639999999964081,25,50,10
18,7363,3.731824295598409e-42,0.35999986420381597,1.3585671039902055e-07,0.6399999999394737,25,50,10
18,7364,7.116767095002489e-41,0.3599999999567081,7.965150557848773e-11,0.6399999999636404,25,50,10
18,7365,1.5896658406221339e-41,0.35999999660994114,3.438066713050056e-09,0.6399999999519921,25,50,10
18,7366,2.6470494257660617e-44,0.35999999999915433,1.2143539404715953e-09,0.6399999987864917,25,50,10
18,7367,5.323328219278356e-45,0.3599999999971029,3.317116127408697e-08,0.6399999668317359,25,50,10
18,7368,3.125377046197674e-43,0.3599999999988932,5.183291035794121e-09,0.6399999948178159,25,50,10
18,7369,3.0686996356009356e-43,0.3599999999967379,4.126971103775588e-12,0.6399999999991351,25,50,10
18,7370,6.567981735380301e-44,0.3599998092712442,3.0664763059859997e-07,0.6399998840811252,25,50,10
18,7371,2.5881966563229533e-43,0.359999996314376,1.1961578921035053e-07,0.6399998840698349,25,50,10
18,7372,6.991135822211322e-45,0.3599999972781163,1.186522122836811e-07,0.6399998840696715,25,50,10
18,7373,2.380450557849006e-44,0.35999999987777065,1.4705450721642981e-10,0.6399999999751749,25,50,10
18,7374,1.1686673416197594e-45,0.3599998642047308,1.358194880982618e-07,0.6399999999757812,25,50,10
18,7375,4.0313709902289206e-47,0.35999986420685504,1.3584302588214738e-07,0.6399999999501191,25,50,10
18,7376,8.361896762001976e-40,0.35999944734079703,5.527086631026895e-07,0.6399999999505399,25,50,10
18,7377,2.887834780834922e-43,0.3599994473422267,5.526580001557024e-07,0.6399999999997732,25,50,10
18,7378,1.548514690057513e-34,0.3599999999981807,2.50033819601374e-12,0.639999999999319,25,50,10
18,7379,1.5485147266863706e-34,0.35999999994015885,6.074496581093533e-11,0.6399999999990962,25,50,10
18,7380,4.8945976183813324e-42,0.35999999303861935,6.96182474663254e-09,0.639999999999556,25,50,10
18,7381,1.7485153499431368e-41,0.3599999999988905,9.879991973902966e-12,0.6399999999912296,25,50,10
18,7382,8.745250431080533e-41,0.3599999976153093,2.420818522705209e-09,0.6399999999638721,25,50,10
18,7383,4.774900297281325e-38,0.35999999761312884,2.4733520523521524e-09,0.6399999999135191,25,50,10
18,7384,1.9949081697262787e-41,0.3599999975596526,2.4524621306881955e-09,0.6399999999878853,25,50,10
18,7385,4.766247747151227e-38,0.35999999280535006,4.719853221427944e-08,0.6399999599961178,25,50,10
18,7386,5.680897745136132e-38,0.35999986412748897,1.358725305774702e-07,0.6399999999999804,25,50,10
18,7387,3.284654412294558e-43,0.35999999982671654,7.323931252728206e-10,0.6399999994408903,25,50,10
18,7388,7.050974120512961e-41,0.3599999998757179,2.0644844282361388e-10,0.6399999999178337,25,50,10
18,7389,6.7917313735749314e-37,0.3599999965296628,3.5535987879593636e-09,0.6399999999167384,25,50,10
18,7390,3.986676281966814e-39,0.3599999964719372,4.106534207009274e-09,0.6399999994215286,25,50,10
18,7391,4.081398340739112e-43,0.35999999982172776,1.3852438181893264e-09,0.6399999987930284,25,50,10
18,7392,1.4698673623579556e-41,0.35999999999112325,5.355439182255876e-11,0.6399999999553224,25,50,10
18,7393,2.8724798428808475e-44,0.35999999987293835,1.6439966282789669e-10,0.639999999962662,25,50,10
18,7394,6.031669805818262e-45,0.3599999999991359,4.534054836641132e-11,0.6399999999555236,25,50,10
18,7395,5.2824238534683386e-45,0.3599999999931506,3.962932969071185e-11,0.63999999996722,25,50,10
18,7396,2.190672448485377e-44,0.359999999834309,6.725884849324302e-10,0.6399999994931025,25,50,10
18,7397,1.748617740556768e-41,0.35999999993776866,2.095886986441651e-09,0.6399999979663443,25,50,10
18,7398,3.805929685935729e-46,0.3599999934206488,8.613462130630512e-09,0.6399999979658891,25,50,10
18,7399,5.7292351985628934e-46,0.3599999934156425,6.601442243509725e-09,0.6399999999829152,25,50,10
18,7400,1.7485050751970537e-41,0.35999999346910727,7.978678175498488e-09,0.6399999985522146,25,50,10
18,7401,1.295238650494118e-35,0.35999980930782594,1.91393858777987e-07,0.6399999992983153,25,50,10
18,7402,6.996218021541491e-41,0.35999999999674137,1.2044737314849662e-09,0.639999998798785,25,50,10
18,7403,6.480035989120557e-44,0.3599999999977196,2.749904561314464e-12,0.6399999999995305,25,50,10
18,7404,3.0017363363723707e-41,0.35999999659487814,1.6283405570307748e-06,0.6399983750645648,25,50,10
18,7405,1.4982050280859358e-41,0.35999980693054245,1.951416522505851e-07,0.6399999979278053,25,50,10
18,7406,2.280723540645475e-37,0.35999980686833466,1.9315739344231244e-07,0.6399999999742719,25,50,10
18,7407,1.2514825461590971e-45,0.35999999999918814,1.568881372274939e-06,0.6399984311194395,25,50,10
18,7408,2.0904188668016463e-40,0.359999999999241,1.5679078134968305e-06,0.6399984320929455,25,50,10
18,7409,3.986595090789894e-39,0.35999999305693053,1.614857229715386e-06,0.6399983920858399,25,50,10
18,7410,3.986590651462092e-39,0.35999999305543334,1.6162941915653262e-06,0.6399983906503751,25,50,10
18,7411,3.9871538368534684e-39,0.3599999930541593,4.6940958404336746e-08,0.6399999600048822,25,50,10
18,7412,2.8117076244098208e-43,0.35999999987875747,1.389501399563184e-10,0.6399999999822925,25,50,10
18,7413,1.836407970089426e-41,0.35999944722123245,5.542395006016609e-07,0.639999998539267,25,50,10
18,7414,1.836295099441624e-41,0.3599999998788315,1.4646606606020226e-10,0.6399999999747026,25,50,10
18,7415,2.1531760253310873e-44,0.35999999335827565,6.641947159185684e-09,0.6399999999997772,25,50,10
18,7416,3.0764683365753258e-43,0.35999999759728996,2.439035738303136e-09,0.6399999999636744,25,50,10
18,7417,6.27801110039274e-45,0.3599999999383059,1.1109894994547937e-10,0.6399999999505952,25,50,10
18,7418,7.197388175133895e-45,0.35999986406663526,1.3597028671211934e-07,0.6399999999630781,25,50,10
18,7419,6.051041542845638e-45,0.3599999964739549,3.5384832134193777e-09,0.6399999999875619,25,50,10
18,7420,7.639284098123595e-44,0.3599999999340898,7.888239070323063e-11,0.6399999999870278,25,50,10
18,7421,3.2381074247515014e-36,0.3599999966514153,4.716276879554352e-09,0.6399999986323077,25,50,10
18,7422,3.2381086529167465e-36,0.35999999665053783,4.717355819437078e-09,0.6399999986321063,25,50,10
18,7423,1.4844033233803402e-42,0.35999999999696847,3.352456867798626e-12,0.639999999999679,25,50,10
18,7424,1.5350986623085e-42,0.3599999999392113,4.0556205862092814e-08,0.6399999595045829,25,50,10
18,7425,1.1919620312511235e-38,0.3599999999342744,7.796044216262539e-11,0.6399999999877651,25,50,10
18,7426,3.712235044469546e-43,0.35999999761265217,2.3881653854677773e-09,0.6399999999991826,25,50,10
18,7427,3.1799618755523874e-43,0.35999986859241306,1.3189052489345458e-07,0.6399999995170621,25,50,10
18,7428,4.739751828948375e-46,0.3599998687271812,1.3127373276606962e-07,0.6399999999990861,25,50,10
18,7429,4.95107442853075e-46,0.3599998687291884,1.3127082285145195e-07,0.6399999999999887,25,50,10
18,7430,6.473942061144684e-44,0.3599998687292051,1.3127147878879178e-07,0.6399999999993162,25,50,10
18,7431,3.927198867293068e-43,0.3599999999574031,2.1123589992668153e-09,0.639999997930238,25,50,10
18,7432,2.0917596611147885e-40,0.35999999991770065,2.1860163404316655e-09,0.6399999978962829,25,50,10
18,7433,2.0913218248898245e-40,0.35999999995874804,8.608230495689715e-11,0.6399999999551698,25,50,10
18,7434,2.105960955022562e-40,0.35999999982665243,1.7336951973137072e-10,0.6399999999999781,25,50,10
18,7435,9.969804685715296e-40,0.35999999292277596,7.1014020456934224e-09,0.639999999975822,25,50,10
18,7436,9.509315637501736e-43,0.35999999735423366,2.6465682564416626e-09,0.6399999999991981,25,50,10
18,7437,3.068635121710205e-43,0.3599999976938851,2.3192113286106867e-09,0.6399999999869036,25,50,10
18,7438,3.97414221923703e-42,0.3599999999962318,1.716071850627876e-11,0.6399999999866075,25,50,10
18,7439,2.127093786791407e-40,0.35999999995500626,5.626494063463768e-10,0.6399999994823444,25,50,10
18,7440,4.0077479326682665e-39,0.3599998092677024,1.912322910395109e-07,0.6399999995000065,25,50,10
18,7441,7.119324254142524e-41,0.3599998067171053,1.9328305495785565e-07,0.6399999999998396,25,50,10
18,7442,5.657962735836182e-45,0.35999999989654546,1.6230054532848296e-06,0.6399983770980012,25,50,10
18,7443,2.094227781152224e-40,0.3599994472378086,2.1756642249444057e-06,0.6399983770979664,25,50,10
18,7444,3.723478872550142e-43,0.35999944721715293,2.1756843064019296e-06,0.6399983770985407,25,50,10
18,7445,6.152160736680793e-43,0.3599994472785889,2.1756314352512433e-06,0.6399983770899759,25,50,10
18,7446,2.7166927441556116e-36,0.35999944734225053,5.526934558757141e-07,0.6399999999642937,25,50,10
18,7447,3.0791894177648646e-43,0.3599994376442776,5.623557350145311e-07,0.6399999999999874,25,50,10
18,7448,3.951160261618963e-42,0.35999943764499776,0.00025224978862393397,0.6397483125663783,25,50,10
18,7449,7.619408193324278e-42,0.3599994352633852,0.00025225217868694204,0.6397483125579279,25,50,10
18,7450,3.125329747229678e-43,0.3599994471697678,5.528306944256762e-07,0.6399999999995378,25,50,10
18,7451,9.969588466610641e-40,0.3599994425272303,5.574986305295335e-07,0.6399999999741391,25,50,10
18,7452,9.969588276438806e-40,0.35999944269717526,5.573284506934305e-07,0.6399999999743741,25,50,10
18,7453,1.2339040233056506e-42,0.35999999309427333,8.486284868140094e-08,0.6399999220428779,25,50,10
18,7454,1.7551130538487088e-41,0.35999985906771015,1.7638345867398435e-06,0.6399983770977031,25,50,10
18,7455,5.526622036009447e-45,0.3599999975735292,2.4281008676359284e-09,0.63999999999837,25,50,10
18,7456,4.766127605990884e-38,0.3599999999571161,1.0350868017554994e-09,0.639999999007797,25,50,10
18,7457,7.383004677773755e-34,0.359999999940497,6.056234997191791e-11,0.6399999999989407,25,50,10
18,7458,7.383004678417303e-34,0.3599999999405676,6.875050720823185e-11,0.6399999999906819,25,50,10
18,7459,1.1915382970773685e-38,0.35999986880784157,1.3120169257536522e-07,0.639999999990466,25,50,10
18,7460,1.6520274137299543e-45,0.35999999995639975,4.393639504764351e-11,0.6399999999996638,25,50,10
18,7461,1.787354716042311e-46,0.3599999997290175,2.711478944726375e-10,0.6399999999998346,25,50,10
18,7462,3.1137008811461245e-43,0.35999999978558883,2.2332948117637662e-10,0.6399999999910816,25,50,10
18,7463,2.093519399135115e-40,0.3599999999546132,6.667636515253162e-11,0.6399999999787105,25,50,10
18,7464,7.38281291986788e-34,0.35999960637368056,3.9436453156788685e-07,0.639999999261788,25,50,10
18,7465,3.292336013527509e-43,0.35999999959824386,4.3514847149863703e-10,0.6399999999666077,25,50,10
18,7466,1.2285499110957716e-42,0.3599999999978472,2.365607379107135e-11,0.6399999999784968,25,50,10
18,7467,1.2274991255606385e-42,0.3599999999948363,3.949997385007386e-11,0.6399999999656637,25,50,10
18,7468,1.2317230403570751e-42,0.35999999987511627,1.3424627601888704e-10,0.6399999999906375,25,50,10
18,7469,6.541952245731418e-45,0.3599999930950854,6.9053124353543875e-09,0.6399999999996022,25,50,10
18,7470,5.782597831104489e-45,0.35999999309431485,7.388969609572112e-09,0.6399999995167155,25,50,10
18,7471,5.522545190044126e-48,0.3599999930942625,6.906496416555014e-09,0.6399999999992412,25,50,10
18,7472,1.7058896480085026e-45,0.3599999930882812,6.937291963398372e-09,0.6399999999744268,25,50,10
18,7473,8.508772632974385e-46,0.35999999309029623,6.910349077220897e-09,0.6399999999993548,25,50,10
18,7474,9.523627141942286e-45,0.3599999999958631,4.56221426836694e-12,0.6399999999995748,25,50,10
18,7475,1.4144748350749908e-44,0.3599999999958672,2.593437066161454e-11,0.6399999999781985,25,50,10
18,7476,1.467924265793372e-41,0.35999999769461616,2.317868890911584e-09,0.6399999999875149,25,50,10
18,7477,8.46469653859432e-41,0.35999999744394456,2.580224913610496e-09,0.6399999999758305,25,50,10
18,7478,1.5659346536333766e-44,0.35999999978702996,6.6064795854318955e-06,0.6399933937333846,25,50,10
18,7479,2.6312572917459e-44,0.35999999995372306,6.606289780286162e-06,0.6399933937564968,25,50,10
18,7480,2.272355970315931e-37,0.359999991003915,6.6932316198121015e-06,0.6399933157644653,25,50,10
18,7481,3.731828305000241e-42,0.35999999978626873,6.607157870069379e-06,0.6399933930558612,25,50,10
18,7482,8.399212840182081e-40,0.3599999999950323,6.606985085365062e-06,0.6399933930198825,25,50,10
18,7483,8.361627432987351e-40,0.35999980931113706,1.9069794913668878e-07,0.6399999999909138,25,50,10
18,7484,1.2541057164749369e-42,0.3599996249361401,3.750640387911586e-07,0.6399999999998212,25,50,10
18,7485,7.118906642236788e-41,0.35999986872425743,1.3131202358889297e-07,0.639999999963719,25,50,10
18,7486,1.5928030333635367e-41,0.3599999999926464,5.2177335942620763e-11,0.6399999999551762,25,50,10
18,7487,1.4985274158027347e-44,0.3599999879166301,1.2797735131009138e-08,0.6399999992856348,25,50,10
18,7488,1.5918271246913488e-41,0.35999999300872587,7.027128458709701e-09,0.6399999999641456,25,50,10
18,7489,1.3391047914742425e-42,0.3599999964808223,3.529182716480076e-09,0.6399999999899949,25,50,10
18,7490,1.3990197413868752e-40,0.3599999999909996,1.0363968703898569e-11,0.6399999999986364,25,50,10
18,7491,3.6774770398578016e-42,0.3599999902951527,1.110613664242665e-08,0.6399999985987107,25,50,10
18,7492,5.772449297467575e-46,0.35999999749674655,2.529117193388811e-09,0.6399999999741364,25,50,10
18,7493,3.068524709499463e-43,0.3599999997604334,2.3976085207805856e-10,0.6399999999998058,25,50,10
18,7494,4.5875014880614576e-46,0.35999986407335877,1.3592681222930826e-07,0.639999999999829,25,50,10
18,7495,4.637431383972381e-45,0.3599685227052502,3.14772949228676e-05,0.6399999999998269,25,50,10
18,7496,9.94631107430566e-45,0.3599999998788608,1.216871893127162e-10,0.639999999999452,25,50,10
18,7497,6.247394921166777e-45,0.35999973510849237,2.648916827933124e-07,0.6399999999998248,25,50,10
18,7498,3.9868969415287456e-39,0.3599998025033148,1.9819868377239992e-07,0.6399999992980014,25,50,10
18,7499,2.8952220308564892e-46,0.3599999964505593,3.5494742200586694e-09,0.6399999999999666,25,50,10
18,7500,1.4669809140241202e-41,0.35999999649234093,4.253783752409118e-09,0.6399999992538753,25,50,10
18,7501,1.2365888396513554e-45,0.35999999018223194,1.0544848429511919e-08,0.6399999992729196,25,50,10
18,7502,7.003528010229415e-41,0.3599999902176766,9.79509464551361e-09,0.6399999999872287,25,50,10
18,7503,8.467430613370411e-41,0.35999999025858354,9.75419134608238e-09,0.639999999987225,25,50,10
18,7504,9.781962362184758e-47,0.3599999999969964,1.6129334343684833e-11,0.6399999999868743,25,50,10
18,7505,2.587417018728798e-43,0.3599999999999259,9.491030243963625e-13,0.639999999999125,25,50,10
18,7506,6.996770520371546e-41,0.3599999943813232,8.816020028048619e-08,0.6399999174584766,25,50,10
18,7507,7.005217343827943e-41,0.3599999976145573,2.4025434344419086e-09,0.6399999999828992,25,50,10
18,7508,7.001640283019016e-41,0.35999999761527723,2.3847390169275195e-09,0.6399999999999837,25,50,10
18,7509,3.3592629142992963e-44,0.3599999998385546,1.6145742734372733e-10,0.639999999999988,25,50,10
18,7510,2.78111173200535e-43,0.35999998947935374,4.0941218666704125e-08,0.6399999695794276,25,50,10
18,7511,1.5254845321585346e-43,0.359999997409094,2.6082218202631007e-09,0.6399999999826842,25,50,10
18,7512,1.499798704951866e-41,0.359999999723981,3.384016247334975e-10,0.6399999999376174,25,50,10
18,7513,2.9604206000908503e-41,0.35999999665351823,3.4093820684639918e-09,0.6399999999370998,25,50,10
18,7514,1.6982274577791893e-46,0.35999999999992555,1.7607582422126395e-11,0.6399999999824669,25,50,10
18,7515,8.58703158661004e-44,0.35999999976445396,2.649384448412438e-10,0.6399999999706076,25,50,10
18,7516,6.994025884861737e-41,0.3599999998288294,1.7199681215123808e-10,0.6399999999991738,25,50,10
18,7517,6.99617820590805e-41,0.3599999997144503,2.86174733571943e-10,0.6399999999993751,25,50,10
18,7518,5.689633208793017e-38,0.35999999970867613,2.8773420949680037e-08,0.639999971517903,25,50,10
18,7519,5.689633208662059e-38,0.35999999970871177,3.4470997194099845e-10,0.6399999999465783,25,50,10
18,7520,1.7489662965438116e-41,0.3599999998210786,2.1460784597701165e-10,0.6399999999643134,25,50,10
18,7521,6.996672648264595e-41,0.3599999998169989,1.8385517916707638e-10,0.639999999999146,25,50,10
18,7522,5.557565653286445e-46,0.3599999999391607,5.439615648939683e-10,0.6399999995168777,25,50,10
18,7523,5.737622965916129e-45,0.3599999975574123,2.4428177449028276e-09,0.6399999999997701,25,50,10
18,7524,2.626493313726526e-43,0.3599998093129648,1.9068719563240688e-07,0.6399999999998395,25,50,10
18,7525,4.766124229612464e-38,0.35999980926820885,1.8421061289814163e-06,0.6399983486256623,25,50,10
18,7526,3.1910304136598395e-44,0.3599999999143102,1.623022637849537e-06,0.639998377063052,25,50,10
18,7527,2.1655762771212972e-44,0.35999999991834175,8.184234917700258e-11,0.6399999999998159,25,50,10
18,7528,2.0904068995579365e-40,0.3599999999573285,4.2850641325800853e-11,0.6399999999998208,25,50,10
18,7529,2.12718566659824e-40,0.35999999987660375,1.2435245912590035e-10,0.6399999999990439,25,50,10
18,7530,3.672825590232938e-42,0.3599999999989021,3.111801338024774e-12,0.6399999999979861,25,50,10
18,7531,3.946389147709665e-42,0.3599999998297712,1.7165385419261375e-10,0.639999999998575,25,50,10
18,7532,2.5754095134613707e-43,0.35999999999983745,8.135838996194214e-13,0.639999999999349,25,50,10
18,7533,2.5905049603214897e-43,0.3599999999978478,8.252636897188114e-08,0.6399999174757831,25,50,10
18,7534,5.680889423705879e-38,0.3599998090608734,2.734721045322989e-07,0.6399999174670221,25,50,10
18,7535,1.5033953086737056e-42,0.35999999985980025,6.731254086820083e-10,0.6399999994670743,25,50,10
18,7536,9.978971464140798e-40,0.3599891338633129,1.0866648543814571e-05,0.6399999994881432,25,50,10
18,7537,8.007632219664656e-44,0.3599999930971948,7.398494794420707e-09,0.6399999995043103,25,50,10
18,7538,1.5355151532360818e-45,0.35999985734520723,1.426671212385203e-07,0.6399999999876714,25,50,10
18,7539,5.3895317518066874e-45,0.3599999929265031,7.0859661320967565e-09,0.6399999999875308,25,50,10
18,7540,5.02642057538255e-45,0.35999999999926396,9.16400702605194e-13,0.6399999999998197,25,50,10
18,7541,4.9466753876059e-47,0.3599999999999423,4.996149399959e-10,0.6399999995004428,25,50,10
18,7542,4.550019495726057e-45,0.35999999999695964,2.8615928871505547e-11,0.6399999999744244,25,50,10
18,7543,2.838026437836935e-43,0.3599999999392831,6.134461947492936e-11,0.6399999999993722,25,50,10
18,7544,3.935638754926733e-42,0.3599996065505634,3.9347972647403655e-07,0.63999999996971,25,50,10
18,7545,1.099151984057383e-44,0.3599996065528321,5.093781613694556e-07,0.6399998840690065,25,50,10
18,7546,1.5485147267922916e-34,0.35938991152650884,0.0006123680674196218,0.6399977204060715,25,50,10
18,7547,1.5485146902252423e-34,0.35999999982621744,1.7409552340173875e-10,0.639999999999687,25,50,10
18,7548,1.749052627843644e-41,0.35999999976995667,9.323589058794173e-10,0.6399999992976844,25,50,10
18,7549,1.7506572476391366e-41,0.359999986898948,1.3802958684061015e-08,0.6399999992980934,25,50,10
18,7550,2.265700419509336e-44,0.35999999665451027,3.3456809882134785e-09,0.6399999999998087,25,50,10
18,7551,8.772108972681778e-47,0.35999999982975067,1.7916744285395497e-10,0.6399999999910819,25,50,10
18,7552,2.3067630281909395e-44,0.3599999998777739,1.8362306141419685e-10,0.639999999938603,25,50,10
18,7553,4.765430422854817e-44,0.35999999995274307,6.081904400825554e-10,0.6399999994390665,25,50,10
18,7554,8.642946616559949e-44,0.3599999975711483,2.499998084536599e-09,0.6399999999288536,25,50,10
18,7555,1.754816776907746e-41,0.35999226363442943,7.7364169024177e-06,0.6399999999486683,25,50,10
18,7556,9.321655773308208e-44,0.3599999967611999,3.2515935757412207e-09,0.6399999999872064,25,50,10
18,7557,1.3410538729859122e-43,0.35940992658418475,0.0005900734163164271,0.6399999999994989,25,50,10
18,7558,1.884615677706946e-41,0.3594099228674852,0.0005900771809701157,0.6399999999515447,25,50,10
18,7559,7.002607436225231e-41,0.35940992960285945,0.0005900704334346361,0.6399999999637058,25,50,10
18,7560,1.295243084912374e-35,0.359999999826844,1.738499526197424e-10,0.6399999999993061,25,50,10
18,7561,2.9371667142730076e-41,0.35999999995805454,1.4447796922070137e-07,0.6399998555639762,25,50,10
18,7562,2.2373752433074755e-40,0.35999999989655984,1.44517138610691e-07,0.6399998555863015,25,50,10
18,7563,1.4669574645622744e-41,0.3599999965679851,1.4853402901695892e-07,0.6399998548979858,25,50,10
18,7564,1.8583189176683465e-46,0.35997758575969874,2.2416309873526985e-05,0.6399999979304277,25,50,10
18,7565,6.489240915245115e-44,0.3599775762069533,2.2425862625968804e-05,0.6399999979304208,25,50,10
18,7566,1.2278593814675816e-42,0.3599999901846001,1.188549709593309e-08,0.6399999979299029,25,50,10
18,7567,3.113566334025421e-43,0.3599999902927018,1.177753909864896e-08,0.6399999979297593,25,50,10
18,7568,1.1289574857477985e-45,0.35999999999682714,3.358911867517749e-12,0.639999999999814,25,50,10
18,7569,1.2382552254639591e-45,0.3599999999981774,9.884567322167165e-10,0.6399999990133659,25,50,10
18,7570,1.2090513474029142e-46,0.35999999999990395,1.303982257207399e-11,0.6399999999870564,25,50,10
18,7571,1.265032622086509e-45,0.35999999991315923,8.139248138127662e-10,0.6399999992729161,25,50,10
18,7572,1.469708592961091e-41,0.3599999999515367,7.75766140591283e-10,0.6399999992726971,25,50,10
18,7573,4.997658583654982e-39,0.35998937077040133,1.0629229615102232e-05,0.6399999999999836,25,50,10
18,7574,3.48852928777328e-38,0.3445623726068456,0.015437629426824554,0.6399999979663299,25,50,10
18,7575,1.2540310718851063e-42,0.3599891338666557,1.0868167028774609e-05,0.6399999979663157,25,50,10
18,7576,8.37390804438017e-40,0.3599999999958763,4.144126780642596e-12,0.6399999999999797,25,50,10
18,7577,1.250063510704876e-42,0.3599999998718008,1.2823397660933177e-10,0.6399999999999653,25,50,10
18,7578,6.994517447508254e-41,0.359999447166767,5.528878483082206e-07,0.6399999999453848,25,50,10
18,7579,6.208370295138199e-43,0.35999944716714966,5.926873578349151e-07,0.6399999601454927,25,50,10
18,7580,4.794671654932083e-44,0.35999944733976,5.526608463545412e-07,0.6399999999993936,25,50,10
18,7581,3.093513009888511e-44,0.35999944734050465,5.541087034287145e-07,0.6399999985507918,25,50,10
18,7582,2.267012012542463e-44,0.3599999998760144,1.5729003018449626e-09,0.6399999985510852,25,50,10
18,7583,2.0665568921096356e-46,0.3599999965267829,4.2161920155884904e-08,0.6399999613112969,25,50,10
18,7584,2.631471257427953e-43,0.3599999998736985,3.949149960987238e-08,0.6399999606348019,25,50,10
18,7585,1.2921497892252061e-42,0.3599999999513954,2.198294127969075e-09,0.6399999978503105,25,50,10
18,7586,1.5607643627564842e-42,0.3599998654191595,1.3458110413835858e-07,0.6399999999997363,25,50,10
18,7587,2.8935229376627592e-43,0.3599998654214858,1.7574801406304941e-06,0.6399983770983735,25,50,10
18,7588,6.994640092285934e-41,0.3599997223156779,2.791578987032071e-07,0.6399999985264235,25,50,10
18,7589,1.0840782353920782e-39,0.3599999932664075,6.7337576736567946e-09,0.6399999999998349,25,50,10
18,7590,2.0632994454712658e-39,0.3599999932642152,6.736819185192696e-09,0.6399999999989655,25,50,10
18,7591,9.967174216223048e-40,0.3599999943452574,5.6908120902735165e-09,0.6399999999639304,25,50,10
18,7592,9.969264816393222e-40,0.35999999654011644,3.4769846233842838e-09,0.6399999999828989,25,50,10
18,7593,3.283986348130603e-43,0.35999999982012076,1.8073584870074626e-10,0.6399999999991434,25,50,10
18,7594,3.2675065138840315e-44,0.3599999999133233,9.57801736427073e-11,0.6399999999908965,25,50,10
18,7595,7.024113166055138e-41,0.35999252563719125,7.474388385288261e-06,0.6399999999744235,25,50,10
18,7596,1.3988655794284816e-40,0.359999440436731,5.595637389631249e-07,0.6399999999995302,25,50,10
18,7597,1.2952430784877833e-35,0.35999999993316967,5.670584351268292e-10,0.6399999994997718,25,50,10
18,7598,1.2952430763370368e-35,0.35999999999523796,2.8478461697237616e-08,0.6399999715263004,25,50,10
18,7599,1.295243199019752e-35,0.35999999999551696,5.109354348844805e-12,0.6399999999993737,25,50,10
18,7600,3.6729595323899585e-42,0.35999999001375876,9.987808215688309e-09,0.6399999999984332,25,50,10
18,7601,2.2443902665698302e-41,0.35999998362426366,1.6385771328499966e-08,0.639999999989965,25,50,10
18,7602,2.653817901515864e-44,0.3599999934753471,6.5509169692392824e-09,0.639999999973736,25,50,10
18,7603,4.957665886870658e-46,0.35999999347610867,6.5493182880370925e-09,0.639999999974573,25,50,10
18,7604,7.057316910586193e-41,0.35999999977845465,2.2220914618999893e-10,0.6399999999993363,25,50,10
18,7605,1.7860721881167786e-41,0.3599999998189556,1.9388968996530955e-10,0.6399999999871548,25,50,10
18,7606,1.7549411721537057e-41,0.35999999991850296,9.048541553272804e-11,0.6399999999910118,25,50,10
18,7607,3.732877244019772e-42,0.35999999999884147,1.8702249880858308e-11,0.6399999999824563,25,50,10
18,7608,5.74473396521026e-45,0.359999999829747,6.785686224052023e-10,0.6399999994916844,25,50,10
18,7609,6.9941383043239e-41,0.3599999999978797,1.426349419832139e-11,0.6399999999878568,25,50,10
18,7610,1.2324295684609434e-42,0.35999999347931416,6.520710925590251e-09,0.639999999999975,25,50,10
18,7611,6.994055636184967e-41,0.3599999929755018,8.47231210817779e-09,0.639999998552186,25,50,10
18,7612,6.994130872192159e-41,0.35999999653337994,4.915153982366342e-09,0.6399999985514662,25,50,10
18,7613,1.1404206267474709e-45,0.35999999648368025,3.5170724041658554e-09,0.6399999999992473,25,50,10
18,7614,1.5961444897681299e-41,0.359999860728172,1.392989138479668e-07,0.6399999999729141,25,50,10
18,7615,4.766216269034011e-38,0.3599999966507812,9.005103565597072e-06,0.6399909982456533,25,50,10
18,7616,3.718554059815574e-43,0.3599999998238455,1.8509780205028322e-10,0.6399999999910566,25,50,10
18,7617,1.5271469541170557e-45,0.35999999982985803,1.618548280935096e-09,0.6399999985515937,25,50,10
18,7618,1.7489564004683904e-41,0.35999999982808695,1.7239950679553923e-10,0.6399999999995135,25,50,10
18,7619,1.0167980730444421e-44,0.3599999974482144,2.5525909134031678e-09,0.6399999999991948,25,50,10
18,7620,1.0261557908048173e-44,0.35999999993902565,2.8535489786379897e-08,0.6399999715254847,25,50,10
18,7621,9.97881320324934e-40,0.35999999977621805,2.8698083129246438e-08,0.6399999715256989,25,50,10
18,7622,1.231192065260995e-45,0.35999999970663965,2.876746501209194e-08,0.6399999715258954,25,50,10
18,7623,2.7165871348917108e-36,0.35999998966611046,1.5792013076347665e-06,0.6399984311325819,25,50,10
18,7624,2.1573511303124027e-44,0.3599999930956019,6.904410111632762e-09,0.6399999999999879,25,50,10
18,7625,3.986592911513305e-39,0.359999812388949,1.8811058237537525e-07,0.6399999995004686,25,50,10
18,7626,6.079547824218332e-38,0.35999980993276814,1.9151609687919647e-07,0.639999998551135,25,50,10
18,7627,6.079548388941943e-38,0.35999981214123905,1.8786044854964886e-07,0.6399999999983124,25,50,10
18,7628,6.081071846428206e-38,0.3599998122594409,1.877721493355955e-07,0.6399999999684097,25,50,10
18,7629,3.9872228494093543e-39,0.35999954092755,4.5909428210673974e-07,0.6399999999781679,25,50,10
18,7630,1.7765140217625219e-41,0.35999986424443664,1.3578187703454594e-07,0.6399999999736864,25,50,10
18,7631,1.7485129577308517e-41,0.3599999999968263,6.938010681230301e-10,0.6399999993093727,25,50,10
18,7632,1.74905059972945e-41,0.3599999999988689,1.1628276171217812e-12,0.6399999999999683,25,50,10
18,7633,2.789923771699571e-43,0.3599998642485612,1.3575234823790405e-07,0.6399999999990906,25,50,10
18,7634,1.8739080159608012e-41,0.35999999525958853,4.750070272096811e-09,0.6399999999903413,25,50,10
18,7635,1.8712089743339226e-41,0.3599999976950123,2.306081375464354e-09,0.6399999999989063,25,50,10
18,7636,8.82653373297592e-33,0.35999999999681015,4.830251527648939e-12,0.6399999999983595,25,50,10
18,7637,4.2380486035143005e-46,0.35999999999389126,6.939141130992044e-12,0.6399999999991697,25,50,10
18,7638,1.2319561720606694e-42,0.3599999999988419,1.976562204872724e-12,0.6399999999991816,25,50,10
18,7639,2.4541220068295194e-42,0.35999999999383236,6.778165418574235e-12,0.6399999999993896,25,50,10
18,7640,6.126806021829374e-42,0.3599999902601819,9.741677494635186e-09,0.6399999999981406,25,50,10
18,7641,3.672877734057172e-42,0.35999999995518406,4.736677448532178e-11,0.6399999999974493,25,50,10
18,7642,3.9295332294205254e-42,0.35999999988410486,1.3549291044619345e-10,0.6399999999804022,25,50,10
18,7643,2.5773135058500342e-43,0.3599999998823716,1.4370115821952907e-10,0.6399999999739273,25,50,10
18,7644,1.4932836095778677e-41,0.35999999999607424,5.3975768994623366e-12,0.6399999999985283,25,50,10
18,7645,8.364749809158382e-40,0.35999999029983243,9.712697500684388e-09,0.63999999998747,25,50,10
18,7646,8.364764312899402e-40,0.3599999901317761,9.880771817197779e-09,0.6399999999874522,25,50,10
18,7647,6.464954151140125e-44,0.35999999975929164,2.5407674933990937e-10,0.6399999999866316,25,50,10
18,7648,1.5339717493053454e-42,0.35999981560195465,1.8439867795170793e-07,0.6399999999993675,25,50,10
18,7649,1.3103029427242184e-42,0.3599999999964012,1.6567869558871377e-11,0.6399999999870309,25,50,10
18,7650,1.2271302179214915e-42,0.3599999999384633,1.5185452456520902e-09,0.6399999985429916,25,50,10
18,7651,1.248938583774115e-42,0.35999999989459075,1.1505429677345781e-10,0.639999999990355,25,50,10
18,7652,1.8739241336925187e-41,0.3599999999374392,7.134738587526523e-11,0.6399999999912135,25,50,10
18,7653,1.7489951435563536e-41,0.3599999999981158,1.896177586428233e-12,0.639999999999988,25,50,10
18,7654,4.942450472890942e-45,0.3599999999984619,1.5867600789170038e-12,0.6399999999999513,25,50,10
18,7655,4.7372624956473606e-45,0.359999864162051,1.35837971075889e-07,0.6399999999999779,25,50,10
18,7656,7.469920535004846e-44,0.35999999999910304,1.595879458985877e-06,0.639998404121438,25,50,10
18,7657,1.0115401748792392e-43,0.3599999999969951,4.097512953083466e-12,0.6399999999989074,25,50,10
18,7658,8.367695758056306e-40,0.35996852282634056,3.147721020166509e-05,0.6399999999634577,25,50,10
18,7659,1.832837579804389e-39,0.35999999740440763,2.667607241839744e-09,0.6399999999279851,25,50,10
18,7660,2.7374352436335626e-44,0.35999999427292306,3.427175460409673e-08,0.6399999714553222,25,50,10
18,7661,1.4924818619550202e-42,0.3599999976176544,1.6537817725444528e-06,0.6399983486005731,25,50,10
18,7662,1.295242978454731e-35,0.35999999535379634,1.6275721017541823e-06,0.6399983770741019,25,50,10
18,7663,1.295242926765958e-35,0.35999999535378036,4.6716315621830325e-09,0.6399999999745881,25,50,10
18,7664,1.295242926645995e-35,0.3599999951919426,4.808072841645522e-09,0.6399999999999845,25,50,10
18,7665,5.844423443556117e-45,0.35999999987883036,1.4703734947427078e-10,0.6399999999741323,25,50,10
18,7666,1.2952430748042685e-35,0.35999999987779135,6.476011317465782e-10,0.6399999994746076,25,50,10
18,7667,7.026845272502791e-41,0.3599999975566485,2.4790408559820486e-09,0.6399999999643106,25,50,10
18,7668,8.683453416190597e-40,0.3599889980713318,1.1003412315179774e-05,0.639999998516353,25,50,10
18,7669,8.751646725164695e-41,0.3599999929282419,7.133297677396595e-09,0.6399999999384604,25,50,10
18,7670,8.744797510474577e-41,0.35999999526813575,4.794639816508892e-09,0.6399999999372245,25,50,10
18,7671,2.72160328660651e-45,0.35999999761335294,8.102312278906351e-08,0.6399999213635243,25,50,10
18,7672,2.102688545969806e-40,0.35999999976731656,2.8232858826959206e-08,0.6399999719998246,25,50,10
18,7673,1.2056880651986924e-39,0.3599999903020209,3.7697371313854644e-08,0.6399999720006079,25,50,10
18,7674,1.9034440064952196e-46,0.35999999665247095,3.347975807501867e-09,0.6399999999995533,25,50,10
18,7675,2.6204988798693357e-43,0.3599999998757529,2.8597934291922975e-08,0.6399999715263128,25,50,10
18,7676,1.613141102138455e-42,0.35999999999694104,2.8488865779359506e-08,0.6399999715141931,25,50,10
18,7677,1.7711667646604379e-43,0.3599999930931292,6.954859255753595e-09,0.6399999999520116,25,50,10
18,7678,4.0566642007177193e-39,0.35999999999432153,2.6434068304553938e-11,0.6399999999792445,25,50,10
18,7679,3.986595342091613e-39,0.35999999987465187,1.2556786994137423e-10,0.6399999999997803,25,50,10
18,7680,1.0141337636466798e-39,0.359999993354225,6.65873307028734e-09,0.6399999999870419,25,50,10
18,7681,1.1933110611504363e-38,0.359999999814575,7.098278745082492e-10,0.6399999994755973,25,50,10
18,7682,1.2530920291791942e-42,0.3599999999971578,3.5253588656704847e-12,0.6399999999993169,25,50,10
18,7683,1.5919299968545746e-41,0.3599999964837106,4.016281099300908e-09,0.6399999995000085,25,50,10
18,7684,1.2271217563253118e-42,0.35999999999551124,1.357123255171263e-11,0.6399999999909175,25,50,10
18,7685,1.227117376781636e-42,0.35999999999549204,5.04702545626524e-10,0.6399999994998055,25,50,10
18,7686,5.746709338059474e-45,0.3599999902973985,1.1151207686134554e-08,0.6399999985513939,25,50,10
18,7687,6.516502087851482e-45,0.3599996063084574,3.965079893491891e-07,0.6399999971835532,25,50,10
18,7688,3.072496168160879e-43,0.3599999952327631,6.13551346972537e-09,0.6399999986317234,25,50,10
18,7689,1.8860982490017707e-45,0.3599999996983647,3.1439558933579e-10,0.6399999999872398,25,50,10
18,7690,7.138980363156713e-44,0.35999999981867736,1.6668256847786134e-09,0.639999998514497,25,50,10
18,7691,5.650209105347045e-45,0.35999999755895173,4.294815204943815e-08,0.6399999594928962,25,50,10
18,7692,1.0949996174579854e-44,0.35999999989952414,4.011327379059511e-08,0.639999959987202,25,50,10
18,7693,6.484629884769902e-44,0.35999999989840537,4.0798392446725744e-08,0.6399999593032022,25,50,10
18,7694,4.736458659078438e-45,0.35999999999887516,4.050468782844311e-08,0.639999959496437,25,50,10
18,7695,1.3022590409402349e-42,0.35999979961617895,2.0041951606171824e-07,0.639999999964305,25,50,10
18,7696,1.232563775445508e-42,0.3599998091918193,1.9083821028656218e-07,0.6399999999699705,25,50,10
18,7697,2.168240353275422e-44,0.35999999982864983,1.1610728221984049e-07,0.6399998840640679,25,50,10
18,7698,2.5750899747348343e-43,0.35999999029705615,1.2562163227149185e-07,0.6399998840813117,25,50,10
18,7699,8.364202349971533e-40,0.35999999030004,9.700949617682603e-09,0.6399999999990105,25,50,10
18,7700,1.2274267828561083e-42,0.3599994471690857,5.52866611978456e-07,0.6399999999643023,25,50,10
18,7701,2.7374851069886945e-42,0.3599999998286583,2.0787784902956225e-10,0.6399999999634638,25,50,10
18,7702,2.8793890322793563e-43,0.35999999999985804,2.6186971681962747e-11,0.639999999973955,25,50,10
18,7703,6.997073482344981e-41,0.3599999976172319,2.9083406728657856e-09,0.6399999994744275,25,50,10
18,7704,1.2384121731556978e-42,0.3599996065515596,3.934744772846866e-07,0.6399999999739632,25,50,10
18,7705,6.10167957382968e-45,0.35999999999687704,4.0023662819745046e-08,0.6399999599794601,25,50,10
18,7706,2.6357082258791883e-43,0.3599999999522151,7.442542870668969e-11,0.6399999999733594,25,50,10
18,7707,1.4936965881603572e-41,0.35999999999679455,1.6309730064964548e-11,0.6399999999868958,25,50,10
18,7708,1.4674888306093602e-41,0.359999999990687,6.6062650300287315e-06,0.639993393744283,25,50,10
18,7709,1.8337010900100043e-41,0.35999944722783006,5.548182919015505e-07,0.639999997953878,25,50,10
18,7710,1.5896673164522305e-41,0.3599999966663913,3.3459481399200497e-09,0.6399999999876606,25,50,10
18,7711,4.11143715564204e-46,0.35999999757550005,2.42451877383898e-09,0.6399999999999811,25,50,10
18,7712,1.803914443731411e-46,0.359999999999899,5.134640238659622e-11,0.6399999999487546,25,50,10
18,7713,1.309441130040035e-45,0.3599999999929446,4.969472155358371e-11,0.6399999999573606,25,50,10
18,7714,6.994937886924259e-41,0.35999999999226745,2.5780327938981493e-11,0.6399999999819522,25,50,10
18,7715,1.7796335825355712e-41,0.35999999999987575,1.0031707631545455e-12,0.6399999999991212,25,50,10
18,7716,6.792623556257032e-45,0.359999999893149,4.010197725273247e-08,0.6399999600048737,25,50,10
18,7717,1.9914481554565198e-45,0.3599999964933345,4.350213893142331e-08,0.6399999600045266,25,50,10
18,7718,2.311618780417561e-44,0.359999999824829,8.016569758924308e-08,0.6399999200094735,25,50,10
18,7719,1.7485530479309537e-41,0.35999999286750345,7.133438625069621e-09,0.6399999999990579,25,50,10
18,7720,3.0708225036307703e-43,0.3599922612570488,7.73874311683546e-06,0.6399999999998344,25,50,10
18,7721,4.766157747013183e-38,0.35999226359774883,7.737105185503078e-06,0.6399999992970657,25,50,10
18,7722,4.766530884851735e-38,0.3599922634693853,7.737233541962715e-06,0.6399999992970729,25,50,10
18,7723,4.7661270045792e-38,0.3599999998231134,8.913261986628258e-10,0.6399999992855604,25,50,10
18,7724,3.986591180395213e-39,0.359999999868414,6.31781536172597e-10,0.6399999994998045,25,50,10
18,7725,4.004384087511688e-39,0.3599994472557904,5.527801178130921e-07,0.6399999999640917,25,50,10
18,7726,3.555575815331571e-44,0.3599999999988644,1.5853541625220524e-12,0.6399999999995503,25,50,10
18,7727,9.966524023898088e-40,0.35999999665378646,5.392141440163757e-09,0.6399999979540721,25,50,10
18,7728,4.822758477188422e-39,0.35999999749209466,4.562328924784236e-09,0.6399999979455765,25,50,10
18,7729,4.001270340104033e-39,0.3599999998132661,2.256310303845824e-09,0.6399999979304236,25,50,10
18,7730,4.0012810029403377e-39,0.35999999999382143,4.1871121486412755e-11,0.6399999999643075,25,50,10
18,7731,6.791724351866578e-37,0.3599999999968442,3.9998511513091187e-08,0.6399999600046443,25,50,10
18,7732,1.1915323961298052e-38,0.359999806889705,1.931104663383045e-07,0.6399999999998286,25,50,10
18,7733,1.1932804384228053e-38,0.3599998617818392,1.382186457455954e-07,0.639999999999515,25,50,10
18,7734,1.750699245046752e-41,0.3599999906746396,9.32582567674895e-09,0.6399999999995347,25,50,10
18,7735,1.0487819065121877e-40,0.359984921005247,1.507899492104305e-05,0.639999999999832,25,50,10
18,7736,5.403093909408335e-45,0.3599999999369355,9.877927470908503e-11,0.6399999999642852,25,50,10
18,7737,2.706939062068937e-44,0.3599996711770698,3.3099780569418227e-07,0.6399999978251245,25,50,10
18,7738,5.62382825988778e-45,0.3599996735160733,3.286334029846438e-07,0.6399999978505236,25,50,10
18,7739,3.221942368303433e-41,0.359999809268383,1.9291377911557912e-07,0.6399999978178379,25,50,10
18,7740,1.8780766399330668e-41,0.3599920729522288,7.927097504389029e-06,0.6399999999502668,25,50,10
18,7741,1.291136902553584e-42,0.35999207295618796,7.927068117495162e-06,0.6399999999756946,25,50,10
18,7742,1.548597490170689e-42,0.35999188227233836,8.117751686378275e-06,0.6399999999759752,25,50,10
18,7743,3.2171691226541488e-43,0.3599999976134842,2.4105434410995868e-09,0.6399999999759722,25,50,10
18,7744,2.093722749190398e-40,0.3599999976141602,2.418331571036522e-09,0.6399999999675081,25,50,10
18,7745,3.218295742241081e-43,0.3599999965371596,1.1940463824865646e-07,0.6399998840582021,25,50,10
18,7746,2.576354592565308e-43,0.3599999965958139,3.404645227033688e-09,0.6399999999995409,25,50,10
18,7747,2.7799705020236683e-46,0.3599999999411078,5.588876937350194e-10,0.6399999995000045,25,50,10
18,7748,6.995054414024001e-41,0.35999999976735425,1.6808715816756113e-09,0.6399999985517743,25,50,10
18,7749,9.133311029767634e-45,0.3599999999960747,1.4517274170585511e-09,0.639999998552198,25,50,10
18,7750,6.2893127996570034e-43,0.3599999998758042,1.3708189482811983e-10,0.639999999987114,25,50,10
18,7751,2.2807180497156704e-37,0.35999999012818334,9.872816443738716e-09,0.6399999999990003,25,50,10
18,7752,2.2723590083878427e-37,0.3599999901321775,9.868829106853475e-09,0.6399999999989934,25,50,10
18,7753,9.064108703018015e-40,0.3599999966545547,3.828663724147384e-09,0.6399999995167815,25,50,10
18,7754,3.0816441440057427e-43,0.359999996653801,3.3462170595383747e-09,0.6399999999999819,25,50,10
18,7755,1.9586843119156347e-41,0.359999995231758,6.136769002525654e-09,0.6399999986314729,25,50,10
18,7756,4.0260851237205446e-39,0.35999999995173565,1.4173128334816902e-09,0.6399999986309516,25,50,10
18,7757,4.894702380556368e-42,0.3599999998359389,4.0160230380343744e-08,0.6399999600038307,25,50,10
18,7758,3.715156058666081e-42,0.3599998640352354,1.3597789696535013e-07,0.6399999999868677,25,50,10
18,7759,1.0003410852622452e-39,0.35999999966172,3.5123485713969286e-10,0.6399999999870452,25,50,10
18,7760,3.6678602367061335e-42,0.3599999930962213,6.928618937445888e-09,0.6399999999751597,25,50,10
18,7761,5.683011645823714e-38,0.3599685228082727,3.147923427091995e-05,0.6399999979574563,25,50,10
18,7762,5.680890702212943e-38,0.35999999999601273,3.7862202830684876e-11,0.639999999966125,25,50,10
18,7763,1.653073269520732e-46,0.35999999071060906,9.29886909450281e-09,0.6399999999905218,25,50,10
18,7764,1.7506650099339963e-41,0.3599996041654893,3.958353787165149e-07,0.639999999999132,25,50,10
18,7765,1.7485044688231348e-41,0.3599999975712151,2.454357536816345e-09,0.6399999999744274,25,50,10
18,7766,1.7623623828387579e-41,0.3599999976136925,2.4210041365882386e-09,0.6399999999653033,25,50,10
18,7767,1.7489566877984424e-41,0.3599999976155291,2.384797962324675e-09,0.639999999999673,25,50,10
18,7768,1.0178045488618475e-39,0.35999999664947396,3.363052738270259e-09,0.6399999999874733,25,50,10
18,7769,8.398449169848595e-40,0.35999999648444986,4.2200210082970545e-08,0.63999996131534,25,50,10
18,7770,3.694668597114628e-42,0.3599999998298107,1.8316480834388077e-10,0.6399999999870245,25,50,10
18,7771,3.616048811602007e-43,0.359999999789419,2.1208643506532383e-10,0.6399999999984946,25,50,10
18,7772,3.514421365739039e-43,0.35999999759923784,2.4016478367232387e-09,0.6399999999991144,25,50,10
18,7773,6.635797672934424e-45,0.35999999994115145,5.558328073693032e-08,0.6399999444755679,25,50,10
18,7774,9.506754555019918e-45,0.35999999993907494,5.6261196247993545e-08,0.6399999437997288,25,50,10
18,7775,3.672755988961771e-42,0.35999980925330705,1.9076401017425012e-07,0.6399999999826829,25,50,10
18,7776,3.9256273187607056e-42,0.3599999999391163,7.843296144808589e-11,0.6399999999824508,25,50,10
18,7777,4.23198550020049e-42,0.35999999987637665,1.7661768973042724e-10,0.6399999999470057,25,50,10
18,7778,3.925214803886124e-42,0.3599999999359423,1.1683224872718666e-10,0.6399999999472255,25,50,10
18,7779,3.948343994983942e-46,0.35999999970713253,3.013395665263016e-10,0.6399999999915279,25,50,10
18,7780,4.9887881040472077e-45,0.3599999998201382,2.0532668205058443e-10,0.639999999974535,25,50,10
18,7781,9.966482435437255e-40,0.35999999989667886,1.6456738357388163e-10,0.6399999999387539,25,50,10
18,7782,3.66813577294212e-42,0.35999999993832377,9.708110452164284e-11,0.6399999999645952,25,50,10
18,7783,4.5158171007839306e-45,0.3599999999402776,9.4673564684085e-11,0.6399999999650486,25,50,10
18,7784,3.1540326349381203e-44,0.3599999999982206,3.004520900100802e-12,0.639999999998775,25,50,10
18,7785,1.0057741704846981e-44,0.3599999999999836,1.2550478387607202e-11,0.6399999999874659,25,50,10
18,7786,3.189924852504953e-43,0.3599999999989395,1.444274129394172e-11,0.6399999999866176,25,50,10
18,7787,1.5946939015616207e-45,0.3599999930952408,8.106597065842114e-09,0.6399999987981623,25,50,10
18,7788,4.768794023034865e-38,0.3599999999978899,2.2416645087962005e-06,0.6399977583376014,25,50,10
18,7789,1.4738488404586953e-41,0.35999999030031854,9.71279456368394e-09,0.6399999999868871,25,50,10
18,7790,1.629388432680603e-45,0.35999999030395735,4.713005648603313e-06,0.639995296690394,25,50,10
18,7791,3.086399404902707e-43,0.3599997353418175,4.9679588846278505e-06,0.6399952966992979,25,50,10
18,7792,2.3056315512107825e-44,0.3599999999999013,4.7033010099595055e-06,0.6399952966990887,25,50,10
18,7793,2.7397111413005266e-44,0.3599999860735934,1.3927248868220921e-08,0.6399999999991578,25,50,10
18,7794,5.370252011080262e-43,0.35999985734380324,1.4269274141501312e-07,0.6399999999634555,25,50,10
18,7795,3.678418270396297e-42,0.3599997284939591,2.715060564099045e-07,0.6399999999999844,25,50,10
18,7796,5.517899271514955e-45,0.3599998642474331,1.3712082710734942e-07,0.6399999986317398,25,50,10
18,7797,3.809234458802011e-43,0.3599990538533458,9.47533042987069e-07,0.6399999986136112,25,50,10
18,7798,1.2952304917378892e-35,0.3599982646217629,1.735414547097125e-06,0.6399999999636901,25,50,10
18,7799,1.231933142939754e-42,0.35999999761833235,2.399835211395618e-09,0.6399999999818324,25,50,10
18,7800,4.195630987938969e-39,0.359999999899398,1.100561072200474e-09,0.639999999000041,25,50,10
18,7801,3.668154230248714e-42,0.3599999966515266,3.182156075332451e-08,0.6399999715269127,25,50,10
18,7802,7.775118926259429e-46,0.3599999999958783,2.037781687964709e-09,0.6399999979663401,25,50,10
18,7803,2.1925180104788114e-44,0.3599999967630453,3.2374158205242126e-09,0.6399999999995388,25,50,10
18,7804,6.791909244785687e-37,0.3599999998238438,1.7818057825361284e-10,0.6399999999979756,25,50,10
18,7805,6.7917348603812356e-37,0.35999999744824196,2.5738323692075697e-09,0.6399999999779257,25,50,10
18,7806,3.1213759884556585e-43,0.35999999999891374,1.4014256924275627e-11,0.6399999999870719,25,50,10
18,7807,5.698765714777529e-43,0.3599999999969094,1.5591132185354815e-11,0.6399999999874996,25,50,10
18,7808,2.686139945188103e-43,0.359999983611601,1.6389031862358945e-08,0.6399999999993671,25,50,10
18,7809,5.498404020116439e-45,0.359999990179167,9.892834348111977e-09,0.6399999999279986,25,50,10
18,7810,2.0904670062463773e-40,0.3599999901218313,9.878565670361114e-09,0.6399999999996031,25,50,10
18,7811,1.077756540683533e-43,0.35999999993905896,1.622963483316199e-06,0.6399983770974578,25,50,10
18,7812,2.7169015006443418e-36,0.35999999994047294,6.955122806999688e-11,0.6399999999899758,25,50,10
18,7813,2.0904217079817625e-40,0.3599999999998498,7.028979221406286e-10,0.6399999992972523,25,50,10
18,7814,7.313706048537402e-45,0.35999999994041765,2.876081760961098e-08,0.6399999712987647,25,50,10
18,7815,2.2723487659237787e-37,0.35999986653977767,2.021922418556849e-07,0.6399999312679805,25,50,10
18,7816,1.776856468914521e-41,0.3599999998268907,2.8270009061021386e-08,0.6399999719031002,25,50,10
18,7817,3.8712898971392454e-35,0.3599999997652356,9.504335547972349e-10,0.6399999992843308,25,50,10
18,7818,3.11351586816844e-43,0.35999999982477293,1.9939761764813263e-10,0.6399999999758295,25,50,10
18,7819,1.2273982542546183e-42,0.35999999309431585,6.906475479739993e-09,0.6399999999992086,25,50,10
18,7820,1.738130697524011e-41,0.359999993093506,6.936057348135877e-09,0.6399999999704366,25,50,10
18,7821,1.533775586918417e-42,0.35999999309364666,7.608029417789818e-09,0.639999999298324,25,50,10
18,7822,1.8632001600151673e-42,0.3599999930518259,7.650487519494515e-09,0.6399999992976866,25,50,10
18,7823,3.2942050884208792e-43,0.3599999930555436,7.646141617682569e-09,0.6399999992983147,25,50,10
18,7824,9.966487186909376e-40,0.3599999999411898,5.883805719907783e-11,0.6399999999999721,25,50,10
18,7825,6.556811640709932e-44,0.35999999994127124,7.10705592437694e-11,0.6399999999876581,25,50,10
18,7826,6.009551469116737e-43,0.35999999999819854,2.241651221404131e-06,0.6399977583505799,25,50,10
18,7827,1.2972089905945938e-42,0.35999999999981397,1.3589705960391251e-11,0.6399999999865963,25,50,10
18,7828,9.986044407268328e-45,0.35999999999987503,7.585677613233288e-13,0.6399999999993664,25,50,10
18,7829,9.971722029374059e-40,0.3599995996500971,4.003501466389634e-07,0.6399999999997563,25,50,10
18,7830,5.205660806645253e-43,0.35999999309627007,6.929379092762153e-09,0.6399999999743508,25,50,10
18,7831,2.6318306748911043e-43,0.35999999999988114,1.7743096484906596e-11,0.6399999999823757,25,50,10
18,7832,1.2531798374862136e-42,0.3599999976169094,3.1192625194943307e-09,0.6399999992638281,25,50,10
18,7833,4.920128419527624e-44,0.3599999976135445,2.41223903643506e-09,0.6399999999742164,25,50,10
18,7834,1.29523217912506e-35,0.3599994471672062,5.528328017487988e-07,0.639999999999992,25,50,10
18,7835,1.295232175432773e-35,0.3599770332442226,2.2966756213513077e-05,0.6399999999995639,25,50,10
18,7836,6.994605368229899e-41,0.35997758572965005,2.241427122110862e-05,0.6399999999991288,25,50,10
18,7837,1.5485132409590821e-34,0.359999854545887,2.009650066313701e-07,0.6399999444891065,25,50,10
18,7838,8.461516458225835e-41,0.3599999902972469,9.711992385858322e-09,0.6399999999907606,25,50,10
18,7839,6.515696741498378e-45,0.35999999999292603,7.688769272872541e-12,0.6399999999993852,25,50,10
18,7840,3.672770242050248e-42,0.35999999993831083,7.923645182596078e-11,0.6399999999824528,25,50,10
18,7841,6.436897274366982e-44,0.3599999903010815,9.711254354343498e-09,0.6399999999876642,25,50,10
18,7842,8.361287439967445e-40,0.3599999999948163,1.6244157767159975e-06,0.6399983755894071,25,50,10
18,7843,1.8327859685446853e-39,0.35999999330921795,1.6310527653505941e-06,0.6399983756380168,25,50,10
18,7844,8.361931742796996e-40,0.3599996065536204,2.0163483955562825e-06,0.6399983770979841,25,50,10
18,7845,8.370790771872501e-40,0.3599996000329687,2.062900286962805e-06,0.6399983370667444,25,50,10
18,7846,4.6996318401153814e-39,0.35876126766178196,0.0012403552394823498,0.6399983770987359,25,50,10
18,7847,3.1218006570633664e-43,0.35999999977012664,2.3115620562266352e-10,0.6399999999987172,25,50,10
18,7848,7.000754869659449e-41,0.35999999297620505,7.060129641574452e-09,0.6399999999636653,25,50,10
18,7849,5.594270546079732e-38,0.3593899115281638,0.0006100885081403498,0.6399999999636958,25,50,10
18,7850,3.928287750118818e-42,0.35999999984301284,1.9364136763182801e-10,0.6399999999633458,25,50,10
18,7851,1.2330072512355385e-45,0.35999999995516174,8.130674472164273e-11,0.6399999999635314,25,50,10
18,7852,4.766133442218592e-38,0.35999999987813525,1.0955406314174863e-09,0.6399999990263242,25,50,10
18,7853,4.766126988831085e-38,0.35999999999586635,9.867366111776314e-10,0.639999999017397,25,50,10
18,7854,1.2278901304518276e-42,0.3599999902443491,9.755657753399384e-09,0.639999999999993,25,50,10
18,7855,2.377802791592723e-45,0.35999999999991444,2.5968307950958375e-11,0.6399999999741172,25,50,10
18,7856,7.370479397505473e-45,0.35999999977113606,2.2908980112347745e-10,0.6399999999997742,25,50,10
18,7857,7.019779540985847e-41,0.3599998664672745,1.3353287489649165e-07,0.6399999999998506,25,50,10
18,7858,6.905278876405313e-44,0.3599999999571245,6.896234628978586e-11,0.6399999999739131,25,50,10
18,7859,3.8712867385093584e-35,0.35998949226759797,1.0507750647797541e-05,0.6399999999817543,25,50,10
18,7860,3.6720330437781696e-42,0.35999999665314675,3.3566738916382352e-09,0.6399999999901793,25,50,10
18,7861,8.826533730400628e-33,0.3599999998176741,2.0335690837019993e-10,0.639999999978969,25,50,10
18,7862,9.236014687416252e-40,0.359999999995118,3.9565812583476626e-11,0.6399999999653163,25,50,10
18,7863,3.2372980073983666e-36,0.35998913382370545,1.0866176494167775e-05,0.6399999999998003,25,50,10
18,7864,3.237299491357614e-36,0.3599891337033781,1.0866298024832266e-05,0.639999999998597,25,50,10
18,7865,7.265158021938592e-41,0.3599999929732127,7.06299477527823e-09,0.6399999999637925,25,50,10
18,7866,6.995129621450454e-41,0.35999999304967495,7.652148572192113e-09,0.6399999992981765,25,50,10
18,7867,2.2678863492991156e-40,0.35999999757306717,2.4626231242913574e-09,0.6399999999643097,25,50,10
18,7868,2.274449899593085e-37,0.35999999978428365,2.6017733504144955e-10,0.639999999955539,25,50,10
18,7869,2.09362573030087e-40,0.3599999999154365,1.2901956872947768e-10,0.6399999999555439,25,50,10
18,7870,9.278566694292942e-45,0.3599999999564588,5.306593302785564e-11,0.6399999999904753,25,50,10
18,7871,3.070312018839769e-44,0.35999999660928705,3.4002447867664595e-09,0.6399999999904682,25,50,10
18,7872,1.4980893547220192e-41,0.35999999025790624,9.751471902597086e-09,0.6399999999906218,25,50,10
18,7873,1.0520562570671893e-32,0.3599998027938006,1.9724248469016384e-07,0.6399999999637148,25,50,10
18,7874,3.2381076773901215e-36,0.35999999982678454,8.269792057893801e-08,0.6399999174752949,25,50,10
18,7875,3.238107677313228e-36,0.35999999982678554,1.736772817457759e-10,0.6399999999995372,25,50,10
18,7876,8.410554831593891e-40,0.3599998156048121,2.6235286651994634e-07,0.6399999220423215,25,50,10
18,7877,1.0079311191964557e-44,0.3599998156634415,1.8579334578246348e-07,0.6399999985432127,25,50,10
18,7878,4.770350156380077e-44,0.3599999999969467,3.949772282420862e-12,0.6399999999991035,25,50,10
18,7879,2.7550094469443633e-44,0.35999998974476954,1.0966224324491096e-08,0.6399999992890062,25,50,10
18,7880,2.453807328697424e-42,0.3599922635967323,7.73644806026274e-06,0.6399999999552075,25,50,10
18,7881,2.1723554276778434e-44,0.3599992565356807,8.259963767455159e-07,0.6399999174679426,25,50,10
18,7882,2.891689578003913e-43,0.3599999997615184,1.6530288032752985e-07,0.6399998349356012,25,50,10
18,7883,1.489006484988602e-42,0.3599999931426088,1.7195140238599183e-07,0.6399998349059888,25,50,10
18,7884,1.2270506781338154e-42,0.359999999956472,7.838658749230006e-11,0.6399999999651415,25,50,10
18,7885,6.934499651061848e-44,0.3599999999964436,1.4776431972935106e-09,0.6399999985259134,25,50,10
18,7886,1.0004021965928708e-39,0.3599999976951764,2.331786761095735e-09,0.6399999999730368,25,50,10
18,7887,2.161963006651983e-44,0.3599999999970332,1.2629949530510761e-11,0.6399999999903369,25,50,10
18,7888,9.966749201311808e-40,0.3599999999969104,5.03709629995736e-10,0.63999999949938,25,50,10
18,7889,4.3218621666187756e-44,0.35999944728160815,5.533017429463171e-07,0.639999999416649,25,50,10
18,7890,1.2949792346129326e-45,0.35999999961578516,4.330405138198441e-10,0.6399999999511743,25,50,10
18,7891,6.994036184782959e-41,0.3599999995564117,9.790352365464898e-10,0.639999999464553,25,50,10
18,7892,6.994679580397068e-41,0.3599999999391443,5.862227069221916e-10,0.639999999474633,25,50,10
18,7893,1.7491556639802528e-41,0.359999999999202,7.156553415388209e-10,0.6399999992851427,25,50,10
18,7894,1.389644985000724e-46,0.359999999998481,3.783123245700408e-11,0.6399999999636877,25,50,10
18,7895,4.657358277025024e-45,0.35999999971441604,1.2848756735937471e-09,0.6399999990007084,25,50,10
18,7896,3.1236253321365667e-43,0.3599999962536266,3.772432784278431e-09,0.6399999999739407,25,50,10
18,7897,1.2275472309764962e-42,0.35999999991231446,4.012071828384788e-08,0.6399999599669673,25,50,10
18,7898,5.681258002999716e-38,0.3599999974942708,2.514524826845515e-09,0.6399999999912044,25,50,10
18,7899,5.681258002297062e-38,0.3599999974471135,2.56229678022631e-09,0.6399999999905899,25,50,10
18,7900,5.683005934351285e-38,0.3599997353992092,2.6460190439960044e-07,0.6399999999988865,25,50,10
18,7901,6.92152931638094e-41,0.359409920017156,0.0005900800011507988,0.6399999999816933,25,50,10
18,7902,8.762875694327901e-47,0.35999999999700044,2.4867727972674002e-11,0.639999999978132,25,50,10
18,7903,5.4897223653228433e-45,0.3599998093141181,1.9069983629334556e-07,0.6399999999860456,25,50,10
18,7904,8.82653373110609e-33,0.3599998093114554,1.9072301867484956e-07,0.6399999999655259,25,50,10
18,7905,6.994554656986801e-41,0.3599997899154866,2.101186989976401e-07,0.6399999999658145,25,50,10
18,7906,7.361754854931331e-41,0.35999979961334283,2.0043314278829155e-07,0.6399999999535143,25,50,10
18,7907,3.3289766211987376e-43,0.3599999952734328,4.761384625075804e-09,0.6399999999651828,25,50,10
18,7908,3.190476709833143e-43,0.359999995269401,4.7310496245118485e-09,0.6399999999995493,25,50,10
18,7909,3.0687098810610242e-43,0.3599999976528641,2.3848526794187423e-09,0.6399999999622832,25,50,10
18,7910,1.7742804304271374e-41,0.3599999999185203,1.1920448411174687e-10,0.6399999999622753,25,50,10
18,7911,1.9302316538477054e-41,0.35999979627186185,2.0372817461377938e-07,0.6399999999999636,25,50,10
18,7912,4.13761407802429e-41,0.35999999752246686,2.478287186611225e-09,0.639999999999246,25,50,10
18,7913,1.9961184798455997e-41,0.3599999903663755,9.633799269740836e-09,0.6399999999998252,25,50,10
18,7914,1.2278661374425138e-42,0.3599999930356028,8.99806270736508e-09,0.6399999979663346,25,50,10
18,7915,1.1916555537673288e-38,0.35999999309724473,6.903081552396872e-09,0.6399999999996736,25,50,10
18,7916,2.4595065298503454e-42,0.3599999996762572,3.4916705285136083e-10,0.6399999999745758,25,50,10
18,7917,1.2331636986062286e-42,0.35999999959417184,4.315979583027961e-10,0.6399999999742302,25,50,10
18,7918,2.792705319190355e-43,0.3599999998767482,1.4949399487581597e-10,0.6399999999737578,25,50,10
18,7919,1.785958497972718e-46,0.35999999999989174,2.5728588851594154e-11,0.6399999999743798,25,50,10
18,7920,2.7087267097401974e-44,0.3599997353999202,2.6462564851960124e-07,0.6399999999744312,25,50,10
18,7921,2.1784397228441704e-44,0.35999999987732684,1.4807990222226418e-10,0.6399999999745932,25,50,10
18,7922,1.921967126879309e-46,0.3599999999984259,3.9745445894809025e-11,0.6399999999618287,25,50,10
18,7923,9.969548009645186e-40,0.35999999988130554,8.462211604597868e-10,0.6399999992724733,25,50,10
18,7924,7.086795652288168e-41,0.35999999761343804,2.3870197732783342e-09,0.6399999999995423,25,50,10
18,7925,3.988134465314627e-39,0.3599999902981743,1.1150054512332806e-08,0.6399999985517713,25,50,10
18,7926,1.191531759940146e-38,0.3599999999978089,2.4238767216639395e-09,0.6399999975783145,25,50,10
18,7927,1.1916544540627722e-38,0.35999999999412935,9.799957044140368e-10,0.6399999990258749,25,50,10
18,7928,1.2271807169807083e-42,0.35999999999929083,1.4492923116567636e-09,0.6399999985514169,25,50,10
18,7929,3.35919118274947e-46,0.3599999999989148,6.846973428499765e-08,0.6399999315313509,25,50,10
18,7930,3.4091878991444958e-46,0.3599999996536105,3.4655159573075237e-10,0.639999999999838,25,50,10
18,7931,2.265260442755347e-40,0.35999999965255675,3.7307520636005404e-10,0.6399999999743681,25,50,10
18,7932,2.9769300802617838e-40,0.3599999998249983,1.8747290681645237e-10,0.6399999999875289,25,50,10
18,7933,1.4018720813896966e-40,0.35999999018012374,9.305819565977197e-08,0.6399999167616806,25,50,10
18,7934,2.620566580953436e-43,0.35999999999917415,9.873742644024542e-10,0.6399999990134515,25,50,10
18,7935,1.4733871886922845e-41,0.35999999987776155,1.7024089645336446e-10,0.6399999999519976,25,50,10
18,7936,1.4734062703293262e-41,0.3599999999390744,1.2124654144061358e-10,0.639999999939679,25,50,10
18,7937,1.2272983220974497e-42,0.3599999929769797,7.024114100100502e-09,0.6399999999989061,25,50,10
18,7938,1.5897118871518957e-41,0.35999999980115943,1.1980623195942963e-09,0.6399999990007783,25,50,10
18,7939,5.680921394055653e-38,0.359999999615082,3.9385496803403317e-10,0.639999999991063,25,50,10
18,7940,1.539429056808469e-42,0.3599998687269752,1.3177317539647725e-07,0.6399999994998495,25,50,10
18,7941,2.637821615859456e-43,0.3599994751510568,5.2484934983115e-07,0.6399999999995934,25,50,10
18,7942,2.842536110551914e-37,0.3599996063214224,3.9369613124584023e-07,0.6399999999824463,25,50,10
18,7943,5.680893331669223e-38,0.35999960644873963,3.935729452069729e-07,0.6399999999783151,25,50,10
18,7944,3.3201246224768925e-43,0.3599999998943409,5.56300389906768e-08,0.6399999444756201,25,50,10
18,7945,1.039566552103752e-44,0.3599999999941741,5.5531487474000096e-08,0.6399999444743385,25,50,10
18,7946,7.083348824863227e-44,0.35999999999457827,4.4146050721510285e-11,0.6399999999612759,25,50,10
18,7947,4.13129142446045e-43,0.35999944733845335,5.527088835793762e-07,0.6399999999526631,25,50,10
18,7948,3.276530989677073e-43,0.3599999976329903,2.3891634209410044e-09,0.6399999999778463,25,50,10
18,7949,2.6284056229644494e-43,0.359999999937562,8.97348908480842e-11,0.6399999999727031,25,50,10
18,7950,6.98181593914187e-44,0.35999999999526083,7.312068785010585e-10,0.6399999992735323,25,50,10
18,7951,2.099073803556668e-48,0.3599999999969596,3.682035269726547e-12,0.6399999999993584,25,50,10
18,7952,1.6293702302433866e-48,0.35999999999996257,2.0535105848935973e-13,0.6399999999998321,25,50,10
18,7953,4.014858821172378e-49,0.35999999982109826,1.7957451943303863e-10,0.6399999999993273,25,50,10
18,7954,4.208751774710766e-48,0.359999999877118,1.2400016479353975e-10,0.6399999999988819,25,50,10
18,7955,1.8712716519500936e-41,0.3599999952975795,4.703023221669816e-09,0.6399999999993973,25,50,10
18,7956,2.8234100466112877e-44,0.3599999999947482,3.09582083948259e-11,0.6399999999742935,25,50,10
18,7957,2.0932535562732527e-40,0.35999999665228427,1.1434531494494506e-07,0.6399998890024008,25,50,10
18,7958,2.195349702744582e-44,0.35999999999899596,8.397284298471741e-08,0.6399999160281611,25,50,10
18,7959,1.4892980697188517e-42,0.3599999953567704,6.1267075861851775e-09,0.639999998516522,25,50,10
18,7960,1.4848791173869827e-42,0.359999995355714,6.782691947591235e-09,0.6399999978615941,25,50,10
18,7961,1.492748727245974e-41,0.3599999999977298,2.8551140050976938e-09,0.6399999971471562,25,50,10
18,7962,1.586056131151091e-45,0.3599999999977455,2.1521626534005963e-09,0.6399999978500919,25,50,10
18,7963,1.3858809832132544e-45,0.3599999998781111,8.455459714276512e-10,0.6399999992763429,25,50,10
18,7964,1.131539286322526e-45,0.3599999998297938,8.846569039063847e-10,0.6399999992855493,25,50,10
18,7965,3.282867383250664e-43,0.3599999998254507,2.103932379552383e-10,0.6399999999641561,25,50,10
18,7966,3.2828352503212266e-43,0.35999999999691296,5.032567185199637e-10,0.6399999994998304,25,50,10
18,7967,8.602815148747274e-44,0.3599996064968398,3.935285680386954e-07,0.6399999999745921,25,50,10
18,7968,2.1528332429000793e-44,0.3599999999991647,3.6971059073512065e-11,0.6399999999638643,25,50,10
18,7969,1.751654641941058e-41,0.3599999966538232,3.391259034315034e-09,0.6399999999549177,25,50,10
18,7970,3.594545150413291e-43,0.35999999999849003,5.367282312405202e-10,0.6399999994647818,25,50,10
18,7971,9.639614290830615e-44,0.3599999999978415,5.138066479950938e-10,0.6399999994883518,25,50,10
18,7972,1.5082642179028752e-41,0.35999999999987553,4.998303663006807e-10,0.6399999995002941,25,50,10
18,7973,1.4755560522674443e-41,0.35999999999980486,9.403396049368026e-12,0.6399999999907917,25,50,10
18,7974,1.4669992620348504e-41,0.35999999030398977,9.713837050239683e-09,0.6399999999821733,25,50,10
18,7975,1.467114687658026e-41,0.35999999014110856,9.880048855929005e-09,0.6399999999788426,25,50,10
18,7976,8.463207130200353e-41,0.3599999901787027,9.830916481691817e-09,0.6399999999903808,25,50,10
18,7977,1.4757280974206724e-41,0.3599999901778725,1.055641720248616e-08,0.6399999992657102,25,50,10
18,7978,5.682357460364908e-38,0.359999997617356,2.3917215221147884e-09,0.6399999999909225,25,50,10
18,7979,1.4674931853121463e-41,0.3599999999948354,1.4600706105646852e-11,0.6399999999905639,25,50,10
18,7980,3.716483137272263e-43,0.3599999998231993,2.2479198950256895e-10,0.6399999999520088,25,50,10
18,7981,3.1297197404192434e-43,0.3599999997050847,2.7838791560224823e-08,0.6399999724561237,25,50,10
18,7982,2.0905092508616567e-40,0.3599999974452761,5.808936720755429e-08,0.6399999444653566,25,50,10
18,7983,2.0934863793918193e-40,0.35999999985760084,5.56935326319845e-08,0.6399999444488664,25,50,10
18,7984,4.183893067656044e-40,0.35999999975359176,0.035301942542872604,0.6046980577035357,25,50,10
18,7985,6.791734194285525e-37,0.35999999979251646,0.035301885557459015,0.6046981146500245,25,50,10
18,7986,6.994309959956632e-41,0.35999960634821554,0.0353022810354063,0.6046981126163781,25,50,10
18,7987,7.239545812348477e-41,0.35999999991329834,0.03530188544988694,0.6046981146368146,25,50,10
18,7988,2.1331412812733764e-35,0.35999999998900684,0.04000000054727652,0.5999999994637166,25,50,10
18,7989,1.3271452653253101e-40,0.3599999999897505,0.040000000010102135,0.6000000000001474,25,50,10
18,7990,1.1121346453925978e-39,0.35999998844928044,0.040000011559257434,0.5999999999914621,25,50,10
18,7991,2.7914658969421234e-43,0.3599999953139155,3.317656052595618e-08,0.6399999715095239,25,50,10
18,7992,2.5891321564047285e-43,0.35999999999564397,1.4262291298790277e-09,0.639999998578127,25,50,10
18,7993,2.5745261845216928e-43,0.35999999982559544,8.933441288892327e-10,0.6399999992810605,25,50,10
18,7994,7.024631472518861e-41,0.3599999976369934,2.389866561527838e-09,0.63999999997314,25,50,10
18,7995,1.1147377293414799e-44,0.35999999995817994,5.1221036487680824e-11,0.6399999999905992,25,50,10
18,7996,2.6330810829689346e-43,0.35999999999476956,2.7539676140810952e-08,0.6399999724655544,25,50,10
18,7997,1.2295669092954219e-42,0.35999999995493553,5.823785675037342e-11,0.6399999999868267,25,50,10
18,7998,5.1681652993389554e-45,0.3599999998787834,1.7742633644221006e-10,0.6399999999437903,25,50,10
18,7999,2.67465714969159e-43,0.3599894956547148,1.0504398361029113e-05,0.6399999999469242,25,50,10
18,8000,4.969864100881277e-42,0.3599999998200915,3.882936541666264e-08,0.6399999613505432,25,50,10
18,8001,6.517910306057368e-45,0.3599999998815108,1.1851581548801838e-10,0.6399999999999735,25,50,10
18,8002,2.616317013071333e-44,0.35999999030193747,9.698309188672385e-09,0.6399999999997533,25,50,10
18,8003,5.223146944640728e-42,0.35999999993805526,1.0656253091682872e-10,0.6399999999553824,25,50,10
18,8004,6.994056596004119e-41,0.3599999999981503,1.0786401292144798e-11,0.6399999999910634,25,50,10
18,8005,6.452528256664517e-44,0.35999960642676304,3.935745925303779e-07,0.6399999999986443,25,50,10
18,8006,2.2919523161108244e-44,0.35999999640438446,3.5962879902009562e-09,0.6399999999993274,25,50,10
18,8007,3.948036083619228e-42,0.35999999983498204,1.659335990342745e-10,0.6399999999990844,25,50,10
18,8008,2.5746772086720173e-43,0.3599999999925416,2.128878098486058e-11,0.6399999999861697,25,50,10
18,8009,1.2913909228110306e-42,0.35999999999379256,2.7760943417448866e-11,0.6399999999784466,25,50,10
18,8010,1.2325060156754558e-42,0.35999999761460594,4.4365888705589015e-09,0.6399999979488054,25,50,10
18,8011,5.679791967271902e-38,0.3599922636420479,7.737768713012221e-06,0.6399999985892391,25,50,10
18,8012,9.966744783623897e-40,0.3599999997032409,2.9693204659242715e-10,0.639999999999827,25,50,10
18,8013,8.604551169735474e-44,0.35999999983558567,2.23439253617994e-09,0.6399999979300219,25,50,10
18,8014,1.295974494636137e-42,0.35999999732502375,4.04307611606567e-09,0.6399999986319002,25,50,10
18,8015,8.826533731151822e-33,0.35999999280401385,8.572861143605276e-09,0.639999998623125,25,50,10
18,8016,8.826534010073047e-33,0.3599922566189082,7.744757746465972e-06,0.6399999986233453,25,50,10
18,8017,2.2661648368793956e-40,0.35999999279831835,7.227537785096776e-09,0.639999999974144,25,50,10
18,8018,1.5033746277027576e-43,0.3599999929174546,7.091782315434747e-09,0.6399999999907631,25,50,10
18,8019,2.1563622071096058e-44,0.3599999861945538,1.381485781199381e-08,0.6399999999905883,25,50,10
18,8020,9.357002662076129e-46,0.3599999999969809,1.240211505753669e-11,0.639999999990617,25,50,10
18,8021,2.275561555890481e-44,0.3599998093061771,1.9070633877386777e-07,0.6399999999874842,25,50,10
18,8022,1.2272819651756007e-42,0.3599999998271195,1.7472964798379442e-10,0.6399999999981509,25,50,10
18,8023,1.2324798556413636e-42,0.35999973522863316,2.6477222498764145e-07,0.6399999999991419,25,50,10
18,8024,1.3416303163721513e-43,0.35999999999598464,1.3014662502189806e-11,0.6399999999910008,25,50,10
18,8025,9.937250927291731e-45,0.3599999999940296,1.8430391506373634e-11,0.63999999998754,25,50,10
18,8026,1.748617532990411e-41,0.3599999999969088,4.041715000484286e-12,0.6399999999990496,25,50,10
18,8027,1.2364927612100666e-42,0.3599999966494191,4.799427140232694e-09,0.6399999985511539,25,50,10
18,8028,1.2749140241249684e-42,0.3599999999534328,7.297793436351724e-11,0.6399999999735893,25,50,10
18,8029,4.766128610446889e-38,0.35999999995443266,1.328872133457227e-10,0.6399999999126801,25,50,10
18,8030,3.1233199605649963e-43,0.35999960655058755,3.9348573179948553e-07,0.6399999999636806,25,50,10
18,8031,2.6237208459334095e-43,0.3599999999560001,5.2773481560661664e-11,0.6399999999912265,25,50,10
18,8032,5.8613864916614004e-43,0.3599999995761184,9.07453355543042e-10,0.6399999995164283,25,50,10
18,8033,5.8639001692212875e-43,0.35999999651229503,3.524205686462556e-09,0.6399999999634993,25,50,10
18,8034,8.362280059955352e-40,0.35999999672346644,3.3131492818289972e-09,0.6399999999633842,25,50,10
18,8035,2.895439887378712e-44,0.35999999757154927,2.4648987972491336e-09,0.639999999963552,25,50,10
18,8036,2.2717390012508643e-37,0.3599891314262419,1.0869145247454025e-05,0.6399999994285106,25,50,10
18,8037,2.2724384330079173e-37,0.3599891314832172,1.086855338701694e-05,0.6399999999633957,25,50,10
18,8038,6.96309206175939e-44,0.3599999976153893,2.385017901074752e-09,0.6399999999995928,25,50,10
18,8039,1.7512412199970845e-41,0.3599999996480491,3.52426675798422e-10,0.6399999999995243,25,50,10
18,8040,1.750697138050147e-41,0.3599999997691301,9.327195366228994e-10,0.6399999992981503,25,50,10
18,8041,4.766250304897409e-38,0.35997758590575785,2.2414130758506334e-05,0.6399999999634837,25,50,10
18,8042,1.2316753579665146e-42,0.3595413384936142,0.0004586615662451176,0.6399999999401406,25,50,10
18,8043,1.5174357158163696e-42,0.35954133180483117,0.00045866824335925107,0.6399999999518097,25,50,10
18,8044,2.2723597622895463e-37,0.35999999665242344,3.348377452721352e-09,0.6399999999991991,25,50,10
18,8045,3.190357722906319e-36,0.35940992994178067,0.0005900700582449461,0.6399999999999744,25,50,10
18,8046,3.190357469707301e-36,0.3594099299431855,0.0005900985299206941,0.6399999715268938,25,50,10
18,8047,1.5383027234275676e-42,0.35999999347855555,1.1754414848185751e-07,0.639999888977296,25,50,10
18,8048,2.1628271519357305e-44,0.3599999999551931,7.021464882796122e-11,0.6399999999745923,25,50,10
18,8049,5.383689681968423e-45,0.35999999999692306,3.077521695173913e-12,0.6399999999999995,25,50,10
18,8050,2.1157904905693712e-41,0.35999999993821474,6.202077228373823e-11,0.6399999999997646,25,50,10
18,8051,3.694920647828457e-42,0.3599999998726486,1.3998832936603356e-10,0.6399999999873631,25,50,10
18,8052,1.471805724283275e-41,0.35999999995598303,4.513465555112263e-11,0.6399999999988822,25,50,10
18,8053,2.6988646260222515e-44,0.359999999999156,1.735139127469931e-12,0.639999999999109,25,50,10
18,8054,2.1614288897212217e-44,0.35999999999913845,1.5403640384555146e-12,0.6399999999993212,25,50,10
18,8055,3.1137310276806638e-43,0.35999986418987207,1.3581087011888105e-07,0.6399999999992579,25,50,10
18,8056,3.1184072466720813e-43,0.35999944728268607,5.527269591117761e-07,0.6399999999903547,25,50,10
18,8057,8.361891485108847e-40,0.35999944733705974,5.526804959324399e-07,0.6399999999824444,25,50,10
18,8058,1.622622612052943e-41,0.359999997490294,2.519150852557263e-09,0.6399999999905551,25,50,10
18,8059,5.654998414500083e-45,0.3599999997545894,2.454406857950266e-10,0.6399999999999699,25,50,10
18,8060,7.116737769591385e-41,0.3599999998954235,1.0460990863188402e-10,0.6399999999999667,25,50,10
18,8061,7.000516903159524e-41,0.35999999995704557,1.0170647555839982e-09,0.6399999990258898,25,50,10
18,8062,7.000911947971813e-41,0.3599999999143082,1.0598100079292093e-09,0.6399999990258819,25,50,10
18,8063,7.093635610916469e-44,0.3599999999937886,9.798792425706446e-10,0.6399999990263321,25,50,10
18,8064,3.678409188750745e-42,0.35999999999378973,5.420562683516176e-10,0.6399999994641541,25,50,10
18,8065,3.698833851396583e-42,0.35999944734013534,6.35763719223617e-07,0.6399999168961454,25,50,10
18,8066,5.3850945547911596e-45,0.3599994473401547,5.526955342706942e-07,0.6399999999643109,25,50,10
18,8067,1.2919930194971701e-42,0.35999999761298057,2.387019965308465e-09,0.6399999999999995,25,50,10
18,8068,3.5520563472659075e-43,0.3599999973870835,2.621688138306689e-09,0.6399999999912284,25,50,10
18,8069,5.470466114010843e-45,0.3599999997689386,2.523565202752354e-10,0.6399999999787049,25,50,10
18,8070,6.607460543000422e-45,0.35999999978797154,2.2541813135366955e-10,0.6399999999866103,25,50,10
18,8071,2.725396036859688e-44,0.35999999995529564,5.846281522956104e-11,0.6399999999862416,25,50,10
18,8072,3.9869238257801684e-39,0.3599999966498242,3.3628698247615784e-09,0.6399999999873061,25,50,10
18,8073,3.667606991718409e-42,0.3599999998239129,2.8686227584974862e-08,0.6399999714898597,25,50,10
18,8074,1.516731058233312e-45,0.3599999997711367,2.2947937262112655e-10,0.639999999999384,25,50,10
18,8075,2.5737231640882033e-43,0.35999999988249903,1.302568490820528e-10,0.6399999999872442,25,50,10
18,8076,8.364203358984472e-40,0.3599999930972985,6.927575192296755e-09,0.6399999999751264,25,50,10
18,8077,5.701939068182133e-43,0.35999985722480043,1.428006437632031e-07,0.6399999999745558,25,50,10
18,8078,6.994575061106175e-41,0.35999999987340076,1.615626056391806e-10,0.6399999999650366,25,50,10
18,8079,5.737928826438359e-45,0.3599999998771328,1.3545372537149548e-10,0.6399999999874135,25,50,10
18,8080,3.668777824445817e-42,0.35999999999997717,9.411165865927832e-13,0.6399999999990817,25,50,10
18,8081,3.6799406271011725e-42,0.35999999999883964,2.2659596979908308e-12,0.6399999999988945,25,50,10
18,8082,3.667543608735373e-42,0.35999999999994076,7.024653729574347e-10,0.6399999992975939,25,50,10
18,8083,9.078980739301692e-46,0.3599998642464748,2.1648186957848048e-07,0.6399999192716557,25,50,10
18,8084,3.668043155669179e-42,0.3599999997066286,8.030908179454552e-08,0.6399999199842895,25,50,10
18,8085,3.23810768219747e-36,0.35999999965362744,7.830291106110476e-08,0.6399999220434615,25,50,10
18,8086,3.990257376995674e-39,0.3599999995559518,7.840149952615073e-08,0.6399999220425486,25,50,10
18,8087,5.782758178596599e-38,0.359999997332302,8.065103609252377e-08,0.639999922016662,25,50,10
18,8088,1.7798579999909029e-41,0.3599999965958247,3.4297531507487414e-09,0.639999999974422,25,50,10
18,8089,3.2839476060660463e-43,0.35999999993704584,2.8536511484450084e-08,0.6399999715264427,25,50,10
18,8090,3.08297863224376e-43,0.3599999999393966,7.954138720320449e-10,0.6399999992651895,25,50,10
18,8091,7.584950219405566e-46,0.3599999976968167,3.0048714887783485e-09,0.6399999992983119,25,50,10
18,8092,3.068032659452782e-43,0.3599999930961792,6.904967743249482e-09,0.6399999999988532,25,50,10
18,8093,9.969553129721301e-40,0.3599999966534101,3.3474439182183926e-09,0.639999999999146,25,50,10
18,8094,1.7813734941570613e-41,0.3599998617030142,1.383059803544872e-07,0.6399999999910055,25,50,10
18,8095,3.0676549815131452e-43,0.3599999997069832,2.3354326468345122e-09,0.6399999979575841,25,50,10
18,8096,2.7166925035987788e-36,0.3599999998288262,2.9281303477263973e-09,0.6399999972430436,25,50,10
18,8097,2.716762384720185e-36,0.35999999286783874,9.88868410438936e-09,0.6399999972434772,25,50,10
18,8098,6.994782522908049e-41,0.35999980908340684,3.068345864427359e-07,0.6399998840820067,25,50,10
18,8099,8.461534527417519e-41,0.35999999994116594,5.945140267829944e-11,0.6399999999993827,25,50,10
18,8100,3.2820231152474984e-43,0.3599999999988631,7.035971318457627e-10,0.6399999992975398,25,50,10
18,8101,3.067652094079096e-43,0.359999997638986,2.361466697665232e-09,0.6399999999995473,25,50,10
18,8102,7.474537218941993e-44,0.35999999987576253,1.242487016437829e-10,0.6399999999999888,25,50,10
18,8103,3.2114116682126375e-43,0.35999226364054954,7.764844816350247e-06,0.6399999715146341,25,50,10
18,8104,3.1748761361295344e-43,0.3599922634664871,7.775246411228413e-06,0.6399999612871016,25,50,10
18,8105,1.1146915994233277e-44,0.3599999998245977,1.7712374005844808e-10,0.6399999999982786,25,50,10
18,8106,7.117356294280697e-41,0.3599998642413356,1.357602182078988e-07,0.6399999999984463,25,50,10
18,8107,1.8974913377078464e-41,0.3599999999864214,6.7675490448781e-11,0.6399999999459031,25,50,10
18,8108,1.7806871052310902e-41,0.359999999993084,5.288278942696021e-11,0.6399999999540332,25,50,10
18,8109,1.0005725594188758e-39,0.35999999664281207,3.378126622078153e-09,0.6399999999790613,25,50,10
18,8110,3.9252466840478326e-42,0.3599999998758844,1.4567777956360628e-10,0.6399999999784378,25,50,10
18,8111,8.461928460812368e-41,0.3599998093141214,1.90695138621584e-07,0.63999999999074,25,50,10
18,8112,5.68247991324079e-38,0.3599999964804834,3.5195326860900987e-09,0.6399999999999837,25,50,10
18,8113,7.383362263178995e-34,0.3599999998234902,1.9360215389520113e-10,0.6399999999829076,25,50,10
18,8114,7.382885650684913e-34,0.35999999982557684,1.9983076618405902e-10,0.6399999999745924,25,50,10
18,8115,7.382885503993504e-34,0.3599999974410334,2.5846668049961375e-09,0.6399999999742998,25,50,10
18,8116,4.020779832426096e-46,0.35999999755860324,3.834764646069217e-09,0.639999998606632,25,50,10
18,8117,1.0285572494613697e-44,0.35999999964933044,3.511964632284511e-10,0.6399999999994731,25,50,10
18,8118,2.0906332930569227e-40,0.35999999993874454,6.20168898205071e-11,0.6399999999992385,25,50,10
18,8119,1.4671114732578217e-41,0.35999999976747515,9.432834221928267e-10,0.6399999992892413,25,50,10
18,8120,2.586857907301449e-43,0.35999999993227516,1.159861972456131e-07,0.6399998840815275,25,50,10
18,8121,1.2343241425501661e-45,0.3599999999939807,7.037705486448112e-12,0.6399999999989816,25,50,10
18,8122,7.019777661911658e-41,0.3599999976153412,2.8851123506175665e-09,0.6399999994995464,25,50,10
18,8123,3.2186694930924323e-43,0.35999999982682157,6.736463315916248e-10,0.639999999499532,25,50,10
18,8124,2.329973745887698e-44,0.35999999995053744,9.376686396368755e-11,0.6399999999556958,25,50,10
18,8125,2.2683947395648843e-44,0.35999999993824694,1.0974928934481133e-10,0.6399999999520037,25,50,10
18,8126,3.424715437865935e-44,0.35999986884078256,1.326433019613582e-07,0.6399999985159155,25,50,10
18,8127,3.887313651252911e-44,0.3599999999977443,1.4863683717849655e-09,0.6399999985158874,25,50,10
18,8128,3.98660649496817e-39,0.35999973531629686,2.646843492931219e-07,0.6399999999993539,25,50,10
18,8129,4.195641375294696e-39,0.3599999999165178,8.379410860016235e-11,0.6399999999996882,25,50,10
18,8130,5.8181011903105e-45,0.3599999976153363,4.315370268818908e-09,0.6399999980692934,25,50,10
18,8131,4.744503082215005e-46,0.35999999309219055,6.9084508806657644e-09,0.6399999999993586,25,50,10
18,8132,4.5199010125026604e-45,0.35999999993315046,6.750473489790049e-11,0.639999999999345,25,50,10
18,8133,1.508059247860324e-45,0.3599999999391491,8.548495612988087e-11,0.6399999999753659,25,50,10
18,8134,6.512334696082363e-45,0.35999999978811204,2.3653082184383536e-10,0.6399999999753573,25,50,10
18,8135,1.74850445279751e-41,0.35999999309731145,6.903469056545648e-09,0.6399999999992195,25,50,10
18,8136,2.6265735031822432e-43,0.359999864247828,1.3578786798652696e-07,0.639999999964304,25,50,10
18,8137,5.680916670819288e-38,0.35999999755277223,2.447253570426263e-09,0.6399999999999743,25,50,10
18,8138,2.716692569181825e-36,0.35999999987848463,2.1553461108928756e-09,0.6399999979661692,25,50,10
18,8139,1.468084297588596e-41,0.35999999658905757,3.893852918319006e-09,0.6399999995170895,25,50,10
18,8140,2.102734432799634e-40,0.3599999902979911,1.106993117527096e-08,0.6399999986320776,25,50,10
18,8141,4.788805887935083e-38,0.35999999018754,6.667850384273256e-08,0.6399999431339561,25,50,10
18,8142,4.767872276185863e-38,0.3599999868988359,6.863432756756161e-08,0.6399999444668366,25,50,10
18,8143,1.750705334301446e-41,0.3599999902472614,9.753368775054127e-09,0.6399999999993699,25,50,10
18,8144,1.1809889637673574e-44,0.35999986395664085,1.3725333172839685e-07,0.6399999987900273,25,50,10
18,8145,3.759981532496858e-43,0.359999999715461,7.689100091569491e-10,0.639999999515629,25,50,10
18,8146,4.96328815427226e-42,0.359999999958138,5.253982703064497e-10,0.6399999995164637,25,50,10
18,8147,3.985339300998708e-42,0.3599999998788186,1.2121857783968714e-10,0.6399999999999629,25,50,10
18,8148,4.767991493484303e-38,0.3599775857356859,2.2414985070070645e-05,0.6399999992792441,25,50,10
18,8149,3.068630362340383e-43,0.3599775831839723,2.2416828973042795e-05,0.6399999999870547,25,50,10
18,8150,3.724121029059104e-43,0.35999960655286034,3.934965679946492e-07,0.6399999999505718,25,50,10
18,8151,6.573812647690686e-44,0.35999960655144725,3.9347293220390215e-07,0.6399999999756205,25,50,10
18,8152,3.826434388084092e-43,0.3599999999410771,9.207012745953536e-11,0.6399999999668529,25,50,10
18,8153,4.76616472270577e-38,0.359999606494816,3.9351427389228237e-07,0.6399999999909102,25,50,10
18,8154,4.766159288706224e-38,0.35999999988034226,6.281368092300913e-10,0.639999999491521,25,50,10
18,8155,4.866158636099252e-38,0.35999980919569063,1.9283829125178766e-07,0.6399999979660183,25,50,10
18,8156,4.865797870778395e-38,0.35999967352331,3.279368083023001e-07,0.6399999985398815,25,50,10
18,8157,4.86579783086279e-38,0.3599998092739743,1.907623518958025e-07,0.6399999999636737,25,50,10
18,8158,1.2949925653754804e-35,0.35999226364200365,7.736370529498392e-06,0.6399999999874668,25,50,10
18,8159,7.000419324723851e-41,0.3599997996175236,2.0040376706742753e-07,0.6399999999787093,25,50,10
18,8160,7.000482958965109e-41,0.359999809255696,1.9076646156438184e-07,0.6399999999778424,25,50,10
18,8161,1.7512091813345433e-41,0.35999986180533783,1.3819531419153596e-07,0.639999999999348,25,50,10
18,8162,1.7507685520408144e-41,0.35998913368582264,1.0866314203773416e-05,0.6399999999999736,25,50,10
18,8163,2.127357876294002e-40,0.35999999999817894,1.5212666519994823e-09,0.6399999984805544,25,50,10
18,8164,2.0905235747094157e-40,0.359999999993056,1.5873678390971026e-11,0.6399999999910704,25,50,10
18,8165,1.7529689846950704e-41,0.3599999966484354,3.372942541031699e-09,0.6399999999786222,25,50,10
18,8166,2.1174109547612811e-41,0.35999999999595816,3.050916084732833e-11,0.6399999999735327,25,50,10
18,8167,1.7485218221769732e-41,0.35999999999586746,2.0590281906881064e-09,0.6399999979451043,25,50,10
18,8168,1.3022049491001554e-42,0.3599999997616338,2.309765676249928e-09,0.6399999979286005,25,50,10
18,8169,1.5609921451196436e-42,0.3599999997608845,2.5165818136210404e-10,0.6399999999874574,25,50,10
18,8170,3.2404872886678657e-43,0.359999999787333,2.252180615288934e-10,0.6399999999874489,25,50,10
18,8171,6.585937265581612e-44,0.35999944734149847,5.526708328518227e-07,0.6399999999876687,25,50,10
18,8172,1.4669622614757393e-41,0.35999999665251214,3.347497395168517e-09,0.6399999999999906,25,50,10
18,8173,3.98707069087893e-39,0.35999251433063634,7.485681267109228e-06,0.6399999999880965,25,50,10
18,8174,1.2952430020228346e-35,0.35999999426325163,5.748655604830935e-09,0.6399999999880928,25,50,10
18,8175,1.3009240952600667e-35,0.3599891313070894,1.086870190494433e-05,0.6399999999910057,25,50,10
18,8176,5.679347455586685e-38,0.3599891336965838,1.2489205526038112e-05,0.6399983770978902,25,50,10
18,8177,1.3246736282663178e-45,0.3599999998287116,1.6230733965949005e-06,0.6399983770978919,25,50,10
18,8178,1.485604716949694e-42,0.35999999999379517,6.23618496478496e-12,0.6399999999999687,25,50,10
18,8179,1.193280285374649e-38,0.35999999665160154,3.848097687065444e-09,0.6399999995003008,25,50,10
18,8180,4.712092479292107e-45,0.3599999966505745,3.3625374605245617e-09,0.6399999999868881,25,50,10
18,8181,1.753777385190611e-46,0.3599999966485972,3.3521916492071444e-09,0.6399999999992111,25,50,10
18,8182,4.5156509426389854e-45,0.35999999999778504,1.1630145691860342e-11,0.6399999999905849,25,50,10
18,8183,1.2270361307111268e-42,0.3599999999940941,6.784656331952543e-12,0.6399999999991213,25,50,10
18,8184,3.710437165835931e-42,0.3599996041719602,3.958416399017799e-07,0.6399999999863999,25,50,10
18,8185,6.994959233356379e-41,0.3599999997469389,2.3003013021128327e-09,0.6399999979527599,25,50,10
18,8186,3.080308780876279e-43,0.35999986833927766,1.7169424040503334e-07,0.639999959966482,25,50,10
18,8187,3.986961448280487e-39,0.3599999963446329,3.6771351133246625e-09,0.639999999978232,25,50,10
18,8188,1.0977336083768052e-45,0.35999999991771925,2.1522890007598344e-09,0.6399999979299917,25,50,10
18,8189,1.4733995805071958e-41,0.3599999999581708,4.269083177940694e-11,0.6399999999991385,25,50,10
18,8190,1.615437461307365e-41,0.3599996065475382,3.9345325641964926e-07,0.6399999999992053,25,50,10
18,8191,7.239968007650409e-41,0.3599999998277808,2.8645628179586987e-08,0.639999971526591,25,50,10
18,8192,4.9699459515629433e-42,0.3599999997272186,1.712271266511865e-09,0.6399999985605102,25,50,10
18,8193,1.352916923983787e-43,0.35999999999566,7.42540529925321e-10,0.6399999992617995,25,50,10
18,8194,3.688515638397585e-44,0.35999999993909393,6.15496694912465e-11,0.6399999999993564,25,50,10
18,8195,9.120020573731009e-45,0.3599999965967686,3.4038802717850287e-09,0.6399999999993513,25,50,10
18,8196,6.472787953675822e-44,0.35999999665448174,3.345740342821271e-09,0.639999999999778,25,50,10
18,8197,6.496138433556415e-44,0.35999999410283634,5.899088340166002e-09,0.6399999999980753,25,50,10
18,8198,1.7550577092180596e-41,0.35999999189125753,8.14527329917481e-09,0.6399999999634692,25,50,10
18,8199,1.755168142166877e-41,0.35999999409864286,6.60396841810585e-09,0.6399999992973888,25,50,10
18,8200,6.43635077710601e-44,0.35999999999712307,3.5656985165276216e-12,0.6399999999993112,25,50,10
18,8201,4.0251848823240206e-47,0.35999960655362906,3.9347230917633606e-07,0.6399999999740618,25,50,10
18,8202,2.8415396407786555e-44,0.35999960654965035,3.9489851216809043e-07,0.6399999985518375,25,50,10
18,8203,5.462632225476301e-45,0.35999999999896914,1.4500491791900773e-09,0.6399999985509818,25,50,10
18,8204,4.766127661686043e-38,0.3599999999989011,1.449132802990552e-09,0.6399999985519662,25,50,10
18,8205,4.766157862403485e-38,0.3599999999989187,2.3906151227946357e-12,0.6399999999986908,25,50,10
18,8206,1.0447018288742399e-37,0.35999999661178544,3.3980517322056117e-09,0.639999999990163,25,50,10
18,8207,5.248401480911563e-38,0.3599998035871539,1.9644981105304686e-07,0.639999999963035,25,50,10
18,8208,4.766153866647701e-38,0.3599999999970869,4.958318929383131e-10,0.6399999995070813,25,50,10
18,8209,4.766183540751878e-38,0.35999999999844234,4.84489880634696e-10,0.6399999995170677,25,50,10
18,8210,4.766133578451533e-38,0.359999999999749,7.019750474194182e-10,0.6399999992982759,25,50,10
18,8211,4.76612754505647e-38,0.35999980925639086,1.9075324528129927e-07,0.6399999999903639,25,50,10
18,8212,8.595408163312114e-44,0.35999999999394106,6.9431898946383e-12,0.6399999999991158,25,50,10
18,8213,6.997715675578096e-41,0.35999999539147365,3.308165134891758e-08,0.639999971526875,25,50,10
18,8214,1.834161284859497e-41,0.3599998608973067,1.3912857269408372e-07,0.6399999999741206,25,50,10
18,8215,2.650234269532563e-44,0.3599998640767544,1.6344871059856317e-07,0.6399999724745351,25,50,10
18,8216,4.4565139683293924e-44,0.3599999999564523,4.391374373093007e-11,0.6399999999996341,25,50,10
18,8217,2.311304713682479e-44,0.35999999999826005,2.717549296225903e-11,0.6399999999745646,25,50,10
18,8218,2.2770647195254603e-40,0.35998913382568,1.0866209739878982e-05,0.6399999999645801,25,50,10
18,8219,2.939571509182331e-40,0.3599891338654653,1.0866169016432742e-05,0.6399999999655183,25,50,10
18,8220,6.996210346908492e-41,0.3599999999969111,3.5578597049016847e-12,0.639999999999531,25,50,10
18,8221,2.621543184482166e-43,0.35999999999886007,1.7689645524668608e-12,0.639999999999371,25,50,10
18,8222,1.7490038869025472e-41,0.35999999994134557,5.97409759734801e-11,0.6399999999989135,25,50,10
18,8223,3.1624658995390733e-43,0.35999999755755513,2.4615220587221797e-09,0.6399999999809229,25,50,10
18,8224,1.4674594951654592e-41,0.3599999994853653,5.327901077064127e-10,0.6399999999818445,25,50,10
18,8225,6.519653606478079e-44,0.35999999965317897,3.4724774535180364e-10,0.6399999999995731,25,50,10
18,8226,4.001259569502976e-39,0.3599999998238374,1.889189075782173e-10,0.6399999999872437,25,50,10
18,8227,3.9865911019769886e-39,0.35999999982684705,1.7403613042748154e-10,0.6399999999991168,25,50,10
18,8228,2.6824151015907996e-43,0.35999999974510444,2.8157282150026434e-10,0.6399999999733228,25,50,10
18,8229,1.0860841316783408e-44,0.3599999999970083,4.063533779598116e-12,0.6399999999989281,25,50,10
18,8230,3.13543458346493e-43,0.35999999995304455,4.840473400039684e-11,0.6399999999985507,25,50,10
18,8231,1.725505517769405e-45,0.35999999995699283,4.003870095291221e-08,0.6399999600043063,25,50,10
18,8232,1.515944947809534e-45,0.3599999999580961,4.0037034639985955e-08,0.6399999600048694,25,50,10
18,8233,2.2402695624047387e-40,0.35999999999508453,2.913075848781032e-11,0.6399999999757847,25,50,10
18,8234,3.2471770771515687e-41,0.3599999999340499,9.224846809487126e-11,0.6399999999737017,25,50,10
18,8235,1.5906524357700975e-41,0.3599999930931191,6.932730269523112e-09,0.6399999999741506,25,50,10
18,8236,8.5208524278672e-40,0.3599999930973,6.963790914485855e-09,0.639999999938909,25,50,10
18,8237,1.469679182654546e-41,0.35999999309729236,6.9281112499863655e-09,0.6399999999745964,25,50,10
18,8238,6.7918808589242355e-37,0.3599997282671905,2.717582241106934e-07,0.6399999999745853,25,50,10
18,8239,1.5002820137204253e-41,0.3599999997653508,2.5234729786743804e-10,0.6399999999823021,25,50,10
18,8240,1.4981277858692312e-41,0.35999999976816993,2.265485230821529e-09,0.6399999979663449,25,50,10
18,8241,1.5238193145183046e-41,0.35999999987286424,1.6303339170129337e-10,0.6399999999641024,25,50,10
18,8242,1.504630162253931e-41,0.3599999998758635,8.258146902909972e-10,0.6399999992983217,25,50,10
18,8243,9.987187411821563e-40,0.3599999951836915,4.830146553140256e-09,0.6399999999861619,25,50,10
18,8244,1.792270789908033e-42,0.35999999535189386,4.66179551516206e-09,0.6399999999863106,25,50,10
18,8245,3.0796977498970076e-43,0.3599999999940286,7.091735188276161e-10,0.6399999992967979,25,50,10
18,8246,2.304435093449794e-44,0.359999999952373,4.809867034676616e-11,0.6399999999995284,25,50,10
18,8247,7.00261557959724e-41,0.359999864160823,1.358641149550839e-07,0.639999999975062,25,50,10
18,8248,1.476086100926494e-41,0.35999999985486736,1.5932463738529614e-09,0.6399999985518863,25,50,10
18,8249,2.1825881355506217e-44,0.35999999759203427,3.109664458761226e-09,0.6399999992983013,25,50,10
18,8250,8.711283558428633e-40,0.35996852282229264,3.147993372240154e-05,0.6399999972439849,25,50,10
18,8251,3.486940387783642e-43,0.3599999999561193,4.4981653958462034e-11,0.6399999999988991,25,50,10
18,8252,1.4669930206445833e-41,0.35999999026118346,1.1212010695260012e-08,0.6399999985268059,25,50,10
18,8253,1.2278783153895358e-42,0.35999999995474086,7.066166302372383e-11,0.6399999999745976,25,50,10
18,8254,9.262907603265253e-47,0.3599999999978882,3.963167968504272e-12,0.6399999999981487,25,50,10
18,8255,3.3377138225986906e-43,0.3599999997690317,2.3114423830365595e-10,0.6399999999998242,25,50,10
18,8256,2.700381081641463e-44,0.35999986418692587,1.358251358740231e-07,0.6399999999879382,25,50,10
18,8257,3.8030504137457664e-44,0.35999986084159985,1.3918829671445763e-07,0.6399999999701034,25,50,10
18,8258,3.1328741457758567e-43,0.3599998609581988,1.3904183442232056e-07,0.6399999999999668,25,50,10
18,8259,1.22704097527368e-42,0.35999999999895677,3.7362103239518786e-11,0.6399999999636812,25,50,10
18,8260,3.063090292311147e-41,0.35999986420289587,1.358508891676437e-07,0.6399999999462149,25,50,10
18,8261,1.2270210673196587e-42,0.3599999999947021,4.1828718453045486e-11,0.6399999999634691,25,50,10
18,8262,2.09353298785454e-40,0.35999999749213,2.544196111782414e-09,0.6399999999636738,25,50,10
18,8263,3.1216019185680984e-43,0.35999980692954275,1.9310677321097993e-07,0.6399999999636841,25,50,10
18,8264,2.716693020089582e-36,0.35938990914148455,0.0006100918415815647,0.6399999990169339,25,50,10
18,8265,2.7166930311336748e-36,0.359389908971539,0.0006100915119939286,0.639999999516467,25,50,10
18,8266,7.02638939436013e-41,0.35938991146239874,0.0006100899853947141,0.6399999985522066,25,50,10
18,8267,2.381855166827482e-46,0.35999999999475846,6.2996802012650425e-12,0.6399999999989417,25,50,10
18,8268,9.966443360217287e-40,0.35999986424748853,1.3577713954572058e-07,0.6399999999753718,25,50,10
18,8269,1.2279442679786879e-42,0.3599998687628758,1.319721851747711e-07,0.6399999992649391,25,50,10
18,8270,1.2271486604260382e-42,0.3599999999365194,7.301310168609514e-11,0.6399999999904675,25,50,10
18,8271,3.6891880947420627e-42,0.359999999820001,2.023124444383144e-10,0.6399999999776865,25,50,10
18,8272,7.0220364019917e-41,0.3599999998766985,1.3608491666659715e-10,0.6399999999872166,25,50,10
18,8273,2.8660550400422822e-43,0.359999997697508,2.324468655531765e-09,0.6399999999780234,25,50,10
18,8274,3.0163121583323048e-43,0.3599999998786662,1.3100757882761727e-10,0.6399999999903262,25,50,10
18,8275,1.2245944512582972e-45,0.35999999999773585,3.5038398780813626e-11,0.6399999999672258,25,50,10
18,8276,3.2646260351110796e-44,0.35999999999916815,1.109063864867025e-11,0.6399999999897411,25,50,10
18,8277,6.994081367032441e-41,0.35999999995562576,4.5818081014874595e-11,0.6399999999985561,25,50,10
18,8278,3.3530483254872928e-46,0.35999999999579807,5.169825340597064e-12,0.6399999999990321,25,50,10
18,8279,1.7776805091706454e-45,0.35999999999791776,1.2115423585747641e-11,0.6399999999899668,25,50,10
18,8280,9.969763416195804e-40,0.35999999995311704,2.1274437928845488e-09,0.6399999979194392,25,50,10
18,8281,9.969318721743114e-40,0.35999999995409254,2.8553013803870956e-08,0.6399999714928937,25,50,10
18,8282,2.1650725457708193e-44,0.35999962832771387,4.001547773114849e-07,0.6399999715175089,25,50,10
18,8283,2.3038173914968177e-44,0.3599999976182968,2.4261671756112497e-09,0.6399999999555359,25,50,10
18,8284,1.7489593787030878e-41,0.35999999999509114,2.9707118981916466e-11,0.6399999999752017,25,50,10
18,8285,2.61886653198815e-43,0.3599999999948966,5.973221679599244e-12,0.6399999999991303,25,50,10
18,8286,9.06102845474858e-40,0.35999999744222094,2.567341747156738e-09,0.6399999999904373,25,50,10
18,8287,3.466249414128273e-36,0.3599999918288598,8.216998982330347e-09,0.6399999999541413,25,50,10
18,8288,3.2381076919849035e-36,0.3599999966455161,3.426015375441172e-09,0.6399999999284685,25,50,10
18,8289,3.2381288449861225e-36,0.35999999977276786,1.6836685844791813e-09,0.6399999985435635,25,50,10
18,8290,2.6239453074763744e-46,0.35999999987296577,4.013953540303344e-08,0.6399999599874988,25,50,10
18,8291,5.646829687038494e-43,0.35999999012195927,9.948519490073458e-09,0.6399999999295212,25,50,10
18,8292,2.5750267907980548e-43,0.35996852286505254,3.147717168270547e-05,0.6399999999632647,25,50,10
18,8293,1.755024302977829e-41,0.35996851305404093,3.14869555241859e-05,0.6399999999904349,25,50,10
18,8294,1.4735394513130573e-41,0.35999999993816884,5.631222373510765e-10,0.6399999994987089,25,50,10
18,8295,2.5737091347663798e-43,0.3599999997674338,2.504533173158534e-10,0.6399999999821128,25,50,10
18,8296,1.295243097180347e-35,0.3599999998261217,1.9177405866220728e-10,0.6399999999821043,25,50,10
18,8297,1.295243098804522e-35,0.3599999998267702,1.6210429482234366e-09,0.6399999985521868,25,50,10
18,8298,1.2952430966523608e-35,0.35999986407775003,1.373702654163376e-07,0.6399999985519845,25,50,10
18,8299,5.641305826682262e-43,0.35999999661204607,5.335928963295903e-09,0.639999998052025,25,50,10
18,8300,3.6578704338418943e-41,0.3595781279657655,0.0004218720467791884,0.6399999999874554,25,50,10
18,8301,2.1925477250761635e-44,0.3599999999153933,7.950757168712368e-10,0.639999999289531,25,50,10
18,8302,1.2274190576322795e-42,0.35999999995639187,7.452986094439001e-10,0.6399999992983095,25,50,10
18,8303,1.526763932708502e-45,0.3599999999581521,2.8929934543746297e-09,0.6399999971488545,25,50,10
18,8304,8.211655421602129e-47,0.35999999999787446,2.7911488547436175e-11,0.6399999999742142,25,50,10
18,8305,6.994067250719891e-41,0.3599999999898645,3.675572477524664e-11,0.6399999999733799,25,50,10
18,8306,1.0520561735299188e-32,0.35999979961049866,2.0091506086042213e-07,0.6399999994744404,25,50,10
18,8307,1.052056173530361e-32,0.3599997996134814,2.003997661042608e-07,0.6399999999867525,25,50,10
18,8308,3.16548717421677e-43,0.35999999030104024,9.699129668152337e-09,0.6399999999998301,25,50,10
18,8309,5.680873029993561e-38,0.3599995838134636,4.1618673224218104e-07,0.6399999999998042,25,50,10
18,8310,1.8722247292208826e-41,0.35999999309429315,6.930356594315406e-09,0.6399999999753502,25,50,10
18,8311,2.4563605964233856e-42,0.35999999309627023,4.691160575196302e-08,0.639999959992124,25,50,10
18,8312,1.2283098902245643e-42,0.3599999999998399,9.268872147756679e-13,0.6399999999992333,25,50,10
18,8313,5.681013409950865e-38,0.35999999653041725,3.4704490566210417e-09,0.6399999999991337,25,50,10
18,8314,3.0702985945110514e-43,0.3599999997850628,2.606499633704844e-10,0.6399999999542874,25,50,10
18,8315,2.585168017057155e-43,0.3599999999969233,4.7541878475827e-11,0.6399999999555348,25,50,10
18,8316,1.4890926414251772e-42,0.3599999965879435,3.412693073272549e-09,0.6399999999993635,25,50,10
18,8317,1.2316603210737231e-42,0.35999999664858984,3.3526637045434213e-09,0.6399999999987465,25,50,10
18,8318,4.195635582376858e-39,0.3599999965929099,3.4196541891208655e-09,0.639999999987436,25,50,10
18,8319,6.11696249596097e-45,0.3599999998796192,1.2147694339408735e-10,0.6399999999989039,25,50,10
18,8320,7.121466192138812e-44,0.35999999976516633,2.3648596077691354e-10,0.6399999999983477,25,50,10
18,8321,6.592763181226694e-44,0.3599999997704016,2.306942550182861e-10,0.6399999999989042,25,50,10
18,8322,7.085383962587639e-44,0.35999999999918175,4.9445705623243e-11,0.6399999999513727,25,50,10
18,8323,1.0517753929512093e-32,0.3599891338674267,1.086618122270004e-05,0.6399999999513506,25,50,10
18,8324,1.0517753929646437e-32,0.3599889979950238,1.1002049442996522e-05,0.6399999999555332,25,50,10
18,8325,5.673552850790044e-45,0.3599999998787958,1.57344209566467e-10,0.63999999996386,25,50,10
18,8326,3.2692324632401884e-44,0.35999999977627084,2.4104069403416533e-10,0.6399999999826884,25,50,10
18,8327,2.1774310017235097e-44,0.3599999999369883,7.621611635135635e-11,0.6399999999867956,25,50,10
18,8328,3.8051001896537597e-44,0.3599999999412145,6.004821612392129e-11,0.6399999999987372,25,50,10
18,8329,8.700441481472355e-44,0.3599999999983826,3.952452020155938e-12,0.639999999997665,25,50,10
18,8330,4.983539621582674e-39,0.3593899114700736,0.0006100885394783165,0.6399999999904481,25,50,10
18,8331,2.517469771767006e-47,0.35999999999886045,1.1487727344517462e-11,0.6399999999896518,25,50,10
18,8332,3.283829201261295e-43,0.3599994404379296,5.610440232187756e-07,0.6399999985180473,25,50,10
18,8333,6.994064132518094e-41,0.3599999999977673,1.4944600934611177e-09,0.6399999985077727,25,50,10
18,8334,6.996173219999768e-41,0.35999999999406673,1.5963671713723827e-11,0.6399999999899696,25,50,10
18,8335,6.996210409750043e-41,0.3599999999949625,5.4949001094765034e-12,0.6399999999995426,25,50,10
18,8336,6.994595566132541e-41,0.35999999999573545,3.032603899866658e-11,0.6399999999739384,25,50,10
18,8337,9.061226166176844e-40,0.35999999999782517,9.879405427075802e-10,0.6399999990142343,25,50,10
18,8338,1.5362104886963635e-44,0.35999999309519026,6.918414103355235e-09,0.6399999999863956,25,50,10
18,8339,3.2791940920594257e-44,0.35999999304668556,6.954569319559493e-09,0.6399999999987451,25,50,10
18,8340,4.0011664261204984e-42,0.3599999930851874,3.445232356883657e-08,0.6399999724624891,25,50,10
18,8341,3.699262418712759e-42,0.35999980914288654,2.1839464740723415e-07,0.6399999724624661,25,50,10
18,8342,7.361745378572617e-41,0.359999992868474,1.1718072414752893e-07,0.6399998899508019,25,50,10
18,8343,3.979457722784667e-42,0.35998948858201013,1.0593955119136e-05,0.6399999174628708,25,50,10
18,8344,3.6992243166442185e-42,0.359999809084233,1.9238915648932556e-07,0.6399999985266104,25,50,10
18,8345,2.272392870513016e-37,0.3599999903754234,1.1809870495638468e-08,0.6399999978147061,25,50,10
18,8346,2.2723926099956325e-37,0.35999958955626243,4.1261028574959347e-07,0.6399999978334519,25,50,10
18,8347,2.2723560983588146e-37,0.35999959494810374,4.050519024749856e-07,0.6399999999999938,25,50,10
18,8348,2.272355887641865e-37,0.3599995996502554,4.0034992027366203e-07,0.6399999999998243,25,50,10
18,8349,2.583544432915824e-43,0.35999999999919885,1.864988047018126e-11,0.6399999999821513,25,50,10
18,8350,3.986852434624448e-39,0.35999999071495425,3.775918279490922e-08,0.6399999715258631,25,50,10
18,8351,3.9865903462848824e-39,0.35999999995669996,4.3762313531731715e-11,0.6399999999995377,25,50,10
18,8352,3.990515172266089e-39,0.3599999975758573,3.092401776124212e-08,0.6399999715001249,25,50,10
18,8353,3.950785238836859e-42,0.35999999999889615,2.726001480238696e-11,0.639999999973844,25,50,10
18,8354,3.22991140797268e-44,0.35999225016069525,7.749866599837554e-06,0.639999999972705,25,50,10
18,8355,1.04962391562829e-44,0.35999960003305304,3.9996757411131176e-07,0.6399999999993728,25,50,10
18,8356,6.994619041314844e-41,0.3599999934745831,6.525760852403229e-09,0.6399999999996561,25,50,10
18,8357,1.40137496948415e-40,0.3599997353571509,2.646430375183739e-07,0.6399999999998115,25,50,10
18,8358,1.5060731337452288e-42,0.35999999995118676,6.608121130173221e-11,0.639999999982732,25,50,10
18,8359,2.169443757452438e-44,0.35999999659213894,3.416789704495881e-09,0.6399999999910713,25,50,10
18,8360,2.3217262982318715e-44,0.3599999966545731,4.801688086177286e-09,0.6399999985437388,25,50,10
18,8361,8.361849017351036e-40,0.35999999665029214,4.814735285398274e-09,0.6399999985349726,25,50,10
18,8362,4.83140915621125e-46,0.3599999966527966,3.3591300685053155e-09,0.6399999999880734,25,50,10
18,8363,8.373896889999343e-40,0.35999986424784197,1.3575248711541422e-07,0.6399999999996708,25,50,10
18,8364,3.6811564156017146e-42,0.35999999989588416,1.2952424154448876e-10,0.6399999999745916,25,50,10
18,8365,1.2273259200402126e-42,0.3599999952976261,4.473520540870937e-08,0.6399999599671685,25,50,10
18,8366,3.986611597853132e-39,0.359999999997016,4.092911526683666e-11,0.6399999999620549,25,50,10
18,8367,3.986612257374541e-39,0.359999999828063,2.0968052158955424e-10,0.6399999999622565,25,50,10
18,8368,8.770944750736708e-41,0.3599997353956397,3.4257361743470723e-07,0.639999922030743,25,50,10
18,8369,2.3022022840114297e-40,0.3599999898582992,1.0153831450816528e-08,0.6399999999878694,25,50,10
18,8370,4.0041033329873394e-39,0.3599999930533631,7.945700049480564e-09,0.6399999990009367,25,50,10
18,8371,3.9866126510322865e-39,0.35999999991630544,8.107831871982718e-10,0.6399999992729112,25,50,10
18,8372,3.9865950583030674e-39,0.35999999966508495,3.603258973521274e-10,0.6399999999745891,25,50,10
18,8373,4.05653473954833e-39,0.35999999995452264,5.714624990353655e-10,0.6399999994740149,25,50,10
18,8374,6.994486045643986e-41,0.3599999997682433,2.9205720200112788e-08,0.6399999710260366,25,50,10
18,8375,4.684146184500594e-45,0.3599999998794766,2.9628345083868544e-08,0.6399999704921784,25,50,10
18,8376,2.6128069332326664e-44,0.35999999981603864,2.0951417007565652e-10,0.6399999999744472,25,50,10
18,8377,5.217245355243375e-44,0.35999999987658265,1.5296550083006055e-10,0.6399999999704518,25,50,10
18,8378,2.652247802159972e-44,0.3599775859049782,2.24155913971105e-05,0.6399999985036247,25,50,10
18,8379,3.711188674197416e-43,0.3599999998201015,2.157656405667727e-10,0.6399999999641328,25,50,10
18,8380,3.0683824881218853e-43,0.35999999985975945,1.40258549309102e-10,0.639999999999982,25,50,10
18,8381,3.2166476462888485e-41,0.3599999998277476,1.7228549107193472e-10,0.6399999999999669,25,50,10
18,8382,1.7486173681026011e-41,0.35999999999990884,3.396604065949964e-13,0.6399999999997514,25,50,10
18,8383,8.745238695101741e-41,0.3599999976182685,2.382885345585555e-09,0.6399999999988463,25,50,10
18,8384,2.7926009778094965e-40,0.3599999976112024,3.0685404031527563e-09,0.6399999993202573,25,50,10
18,8385,2.1052553709597703e-40,0.35999999986908143,8.100419227070552e-10,0.6399999993208767,25,50,10
18,8386,4.183607830804806e-40,0.35999999308657016,1.2351045670595105e-07,0.6399998834029733,25,50,10
18,8387,2.731461208669865e-44,0.3599999929212793,1.2303220462243286e-07,0.639999884046516,25,50,10
18,8388,7.365645001765784e-41,0.3599997954480551,2.045526160377316e-07,0.6399999999993288,25,50,10
18,8389,2.1731334997872717e-44,0.3599996063756996,3.9433853267671155e-07,0.6399999992857679,25,50,10
18,8390,2.2723559439578383e-37,0.3599999902453245,9.754847145609076e-09,0.6399999999998285,25,50,10
18,8391,6.994584631712755e-41,0.3599999930942577,9.233216943938265e-05,0.6399076747363028,25,50,10
18,8392,6.994026338062674e-41,0.35999999297221225,7.028132328214784e-09,0.6399999999996555,25,50,10
18,8393,6.994506845110975e-41,0.3599999929753718,8.521838050405129e-09,0.6399999985027902,25,50,10
18,8394,1.5485146892640861e-34,0.35999999999978516,2.1945018938213773e-09,0.6399999978057129,25,50,10
18,8395,3.986896490087696e-39,0.35999999769646385,3.760027926062118e-09,0.6399999985435083,25,50,10
18,8396,3.986901016230335e-39,0.35999999769655405,2.303639459676251e-09,0.6399999999998065,25,50,10
18,8397,2.6753227470024206e-44,0.35999999999995425,8.987459795953512e-12,0.6399999999910583,25,50,10
18,8398,3.610305934980069e-43,0.3599999966523745,3.3564052911583696e-09,0.6399999999912204,25,50,10
18,8399,1.748954844499921e-41,0.35999960655359176,3.934640026924208e-07,0.6399999999824056,25,50,10
18,8400,9.477230176366185e-47,0.35999999999683696,7.302514612322566e-10,0.6399999992729117,25,50,10
18,8401,1.179684055946333e-46,0.35999999999683624,3.918145506059967e-11,0.6399999999639823,25,50,10
18,8402,6.895180742053075e-44,0.35999999999392496,6.777203690031113e-11,0.639999999938303,25,50,10
18,8403,4.766495530191309e-38,0.3599994471267236,5.929286737641875e-07,0.6399999599446027,25,50,10
18,8404,6.481207885810471e-44,0.359999999782071,2.4239615178959515e-10,0.6399999999755328,25,50,10
18,8405,4.97509285860078e-45,0.3599999974462788,1.59846795448355e-06,0.6399984040857667,25,50,10
18,8406,3.121246708878702e-43,0.3599999942311644,1.6016482054838315e-06,0.6399984041206301,25,50,10
18,8407,1.2952445443513627e-35,0.35938990818214683,0.0006116876973863064,0.6399984041204668,25,50,10
18,8408,5.861755078110239e-45,0.3599999999380642,6.218876290545727e-11,0.639999999999747,25,50,10
18,8409,1.601720245732953e-45,0.35999999999679105,1.1992778961540327e-11,0.6399999999912162,25,50,10
18,8410,7.043092562863469e-45,0.35999999644266645,3.592074622719325e-09,0.6399999999652589,25,50,10
18,8411,6.903059303094299e-44,0.3599999999571208,8.910574238284723e-11,0.6399999999537734,25,50,10
18,8412,6.896251263081797e-44,0.3599999999581154,7.94938239315783e-11,0.6399999999623908,25,50,10
18,8413,1.110793375849917e-44,0.35999999999890464,1.4751112947714417e-09,0.6399999985259842,25,50,10
18,8414,1.2506964746827378e-46,0.3599999999955496,1.833006517131393e-11,0.6399999999861203,25,50,10
18,8415,1.0334699509030668e-47,0.35999999024171087,9.771884347215022e-09,0.6399999999864047,25,50,10
18,8416,8.361641656213626e-40,0.35999999007527334,9.976603131588821e-09,0.6399999999481235,25,50,10
18,8417,4.816749676270168e-46,0.35999999977120495,2.2903623057129924e-10,0.6399999999997589,25,50,10
18,8418,5.680812197425064e-38,0.3599994471704387,5.528297263299348e-07,0.639999999999835,25,50,10
18,8419,3.987351776889106e-43,0.3599999997013065,3.0762592518293435e-10,0.6399999999910676,25,50,10
18,8420,1.832876159778412e-39,0.35999999982530845,1.8476132687575917e-10,0.6399999999899303,25,50,10
18,8421,1.0113813584214703e-39,0.35999999976198505,2.3850520247598417e-10,0.6399999999995098,25,50,10
18,8422,3.986616095934166e-39,0.3599999974046258,2.6054370695677378e-09,0.6399999999899372,25,50,10
18,8423,1.2586335674859802e-42,0.35999973539814006,2.6460188174545413e-07,0.6399999999999783,25,50,10
18,8424,2.089195265427552e-46,0.359999809134647,1.908653715145711e-07,0.6399999999999814,25,50,10
18,8425,3.986595378453371e-39,0.35999999994042997,8.62404493113184e-11,0.6399999999733297,25,50,10
18,8426,3.986595416586884e-39,0.35999999977037844,2.6420970139036267e-10,0.6399999999654119,25,50,10
18,8427,3.987822467238236e-39,0.3599999997702945,2.3034528092599163e-10,0.6399999999993602,25,50,10
18,8428,1.2325111074256603e-42,0.35999999999813354,5.01408521481322e-10,0.6399999995004579,25,50,10
18,8429,6.63058959307248e-45,0.35999999988144293,6.188760371569533e-10,0.6399999994996811,25,50,10
18,8430,4.819749816367932e-46,0.35999999993910814,5.6127001292205e-10,0.6399999994996218,25,50,10
18,8431,7.442577055198993e-44,0.35998913380694036,1.0866194340830128e-05,0.6399999999987188,25,50,10
18,8432,7.038071326368091e-44,0.3599891337482733,1.086629997604319e-05,0.6399999999517506,25,50,10
18,8433,7.520681007992772e-44,0.3599891303509179,1.086969745961764e-05,0.6399999999516225,25,50,10
18,8434,6.770494580890447e-37,0.35999999999663723,0.00012514661869176175,0.639874853384671,25,50,10
18,8435,6.7704878868082455e-37,0.3599999999989318,0.00012518571728147506,0.6398748142837868,25,50,10
18,8436,6.771181498120643e-37,0.35999999987779246,0.00012514672807462283,0.639874853394133,25,50,10
18,8437,5.9967479244295235e-31,0.35999999410997885,5.9024929527608316e-09,0.6399999999875283,25,50,10
18,8438,8.508323952324099e-40,0.3599996186262899,4.972915367723391e-07,0.6399998840821733,25,50,10
18,8439,9.967119078056992e-40,0.35999999994319337,2.0906198033049446e-09,0.6399999979661869,25,50,10
18,8440,5.3850377500443904e-45,0.3599999999998705,4.488577892785029e-11,0.6399999999552437,25,50,10
18,8441,2.2723569154144603e-37,0.35999999995695764,5.211670120374574e-11,0.6399999999909256,25,50,10
18,8442,2.2723564912535164e-37,0.35999999979415614,2.2399711261598776e-09,0.6399999979658727,25,50,10
18,8443,2.2730558927917365e-37,0.3599999998323444,2.0534132545605977e-10,0.6399999999623142,25,50,10
18,8444,2.090460453921286e-40,0.35999999993853715,6.198325821117495e-11,0.6399999999994797,25,50,10
18,8445,5.4865842638126085e-45,0.35999999999393933,6.509300536264347e-12,0.6399999999995513,25,50,10
18,8446,3.673137395612653e-42,0.359999999994988,3.9342902593737305e-08,0.6399999606621094,25,50,10
18,8447,4.1957003420036334e-39,0.35999999999392734,1.3825279261845604e-09,0.6399999986235447,25,50,10
18,8448,6.994669383779325e-41,0.3599999999521065,6.58770082322304e-11,0.6399999999820164,25,50,10
18,8449,6.994130858802998e-41,0.35999999989848336,1.226161094808086e-10,0.6399999999789007,25,50,10
18,8450,2.2668362982859814e-44,0.359999980548469,2.0178827467454798e-08,0.6399999992727036,25,50,10
18,8451,2.3172000110273024e-44,0.3599994473412505,5.526843956796912e-07,0.6399999999743538,25,50,10
18,8452,1.4669737673149118e-41,0.35999998673085615,1.3947695311468268e-08,0.6399999993214485,25,50,10
18,8453,2.090463449785569e-40,0.3599994438257481,5.561830425287841e-07,0.6399999999912095,25,50,10
18,8454,2.09475225642918e-40,0.334701595553319,0.02529840445644983,0.6399999999902313,25,50,10
18,8455,2.716692552727851e-36,0.33470159894660645,0.02529840176912264,0.6399999992842709,25,50,10
18,8456,3.254918041029196e-44,0.35999960655362373,3.934926023048755e-07,0.639999999953774,25,50,10
18,8457,1.0644125426482629e-44,0.35999960655362595,3.9350193741690084e-07,0.6399999999444366,25,50,10
18,8458,4.004768360693354e-44,0.35999999994053583,6.020684594560126e-10,0.6399999994573957,25,50,10
18,8459,2.750508853926901e-43,0.3599999998276659,7.266899798401112e-10,0.6399999994456441,25,50,10
18,8460,1.7491819890411422e-41,0.3599999996575109,3.840244697044799e-10,0.6399999999584647,25,50,10
18,8461,4.062608123585174e-46,0.35999980931298936,1.9069639399134415e-07,0.6399999999906165,25,50,10
18,8462,3.794458900054693e-46,0.35999999999774673,2.6256740952440554e-11,0.6399999999759965,25,50,10
18,8463,5.6880416103538855e-43,0.3599999998298362,2.3015178614921572e-10,0.639999999940012,25,50,10
18,8464,2.620507738776218e-43,0.3599999999998937,2.4427093470675454e-11,0.6399999999756792,25,50,10
18,8465,7.02727161370962e-41,0.35999999529733695,4.703614550158208e-09,0.6399999999990486,25,50,10
18,8466,6.994301019314449e-41,0.3599999883950307,1.1631019821270996e-08,0.6399999999739495,25,50,10
18,8467,4.794170367837024e-45,0.3599999903039797,9.747214866940779e-09,0.6399999999488055,25,50,10
18,8468,1.8457209364477977e-34,0.35998912417063894,1.0875854937347596e-05,0.6399999999744237,25,50,10
18,8469,1.8457209364600982e-34,0.35999999030191576,9.735810518926732e-09,0.6399999999622737,25,50,10
18,8470,1.8457209364562952e-34,0.359999987920335,1.2079672129381475e-08,0.6399999999999929,25,50,10
18,8471,1.0116444790009228e-39,0.35999999755956635,2.500908706107375e-09,0.6399999999395249,25,50,10
18,8472,3.990266480148533e-39,0.35999999985971287,1.7649744341987795e-10,0.6399999999637899,25,50,10
18,8473,3.672186762975056e-42,0.3599999999370587,6.319486155147852e-11,0.6399999999997464,25,50,10
18,8474,3.6675827824749086e-42,0.359999996422582,3.5776614923395146e-09,0.6399999999997565,25,50,10
18,8475,6.994511878019926e-41,0.35999999030289137,9.724768103258417e-09,0.6399999999723406,25,50,10
18,8476,1.2321265760897035e-42,0.35999979961513945,2.00412120065437e-07,0.6399999999727405,25,50,10
18,8477,9.718227742159875e-46,0.3599999900107362,9.991264233594346e-09,0.6399999999979996,25,50,10
18,8478,5.111861450470343e-45,0.3599999901243093,9.912300925412719e-09,0.6399999999633899,25,50,10
18,8479,9.983117625600482e-45,0.35999999999695276,3.825528877824603e-12,0.6399999999992216,25,50,10
18,8480,6.894320074879158e-44,0.35999999999747323,3.8847884826328235e-11,0.6399999999636788,25,50,10
18,8481,6.995024710086436e-41,0.35999999993929743,6.072255840879544e-11,0.6399999999999801,25,50,10
18,8482,7.002873509669602e-45,0.3599999930962272,6.9133179908961015e-09,0.6399999999904548,25,50,10
18,8483,3.152464812870847e-44,0.3599999930955222,6.9051226306733045e-09,0.6399999999993552,25,50,10
18,8484,1.4679605983927929e-41,0.3599999897509275,1.024970168315264e-08,0.6399999999993708,25,50,10
18,8485,1.467564603719029e-41,0.3599999897509095,1.0249778653780704e-08,0.6399999999993118,25,50,10
18,8486,1.5905970390964963e-41,0.3599999965302791,3.978470580026474e-09,0.6399999994912503,25,50,10
18,8487,1.193147738821997e-38,0.3599999999184352,2.7623709472298944e-08,0.6399999724578554,25,50,10
18,8488,1.0113228845991926e-39,0.3599996040018415,3.960250875239599e-07,0.639999999973071,25,50,10
18,8489,5.4895741030153585e-45,0.3599996040509296,3.959673962704027e-07,0.6399999999816742,25,50,10
18,8490,1.9546636324843126e-46,0.35999960626243643,3.9375632436988426e-07,0.639999999981239,25,50,10
18,8491,1.0196151013703168e-46,0.3599999998751826,1.4265546547230412e-10,0.6399999999821618,25,50,10
18,8492,4.901425453108464e-45,0.3599999999134473,1.1286985491594012e-10,0.6399999999736827,25,50,10
18,8493,2.004147057680845e-46,0.35999999999779464,3.1223557318059152e-12,0.639999999999083,25,50,10
18,8494,4.3076783606040316e-44,0.35999999995529947,4.553175479462776e-11,0.6399999999991688,25,50,10
18,8495,2.622840022353066e-43,0.3599999999560424,4.440363978881154e-11,0.639999999999554,25,50,10
18,8496,1.5982219786980305e-42,0.35999999995605964,4.4788999237536305e-11,0.6399999999991514,25,50,10
18,8497,1.5337810001303317e-42,0.35999999309536235,6.9048709808021255e-09,0.6399999999997668,25,50,10
18,8498,5.3964814064386615e-45,0.35999226345781343,7.736542429004577e-06,0.6399999999997575,25,50,10
18,8499,4.603159014684632e-45,0.35999999981594116,1.8488035639156795e-10,0.6399999999991784,25,50,10
18,8500,7.020666274911218e-41,0.35999999999690663,4.010047220814701e-12,0.6399999999990833,25,50,10
18,8501,1.2488326747852803e-42,0.3599998124882987,1.8751234637857833e-07,0.6399999999993549,25,50,10
18,8502,2.1098961195171318e-46,0.359999999996916,3.092008778255223e-12,0.6399999999999919,25,50,10
18,8503,1.492696830934939e-41,0.3599996065505492,3.9344967893646397e-07,0.6399999999997719,25,50,10
18,8504,1.7763932426450466e-41,0.3599995999683577,4.000316578366835e-07,0.6399999999999845,25,50,10
18,8505,2.268056382751926e-40,0.3599998092674692,1.921001983071437e-07,0.6399999986323324,25,50,10
18,8506,2.398699310767601e-30,0.359999996624425,3.875111777684012e-09,0.6399999995004633,25,50,10
18,8507,6.996708485509235e-41,0.35999999347723716,7.022302826786603e-09,0.6399999995004599,25,50,10
18,8508,6.994030398316696e-41,0.35999999676390937,3.937998647857247e-09,0.639999999298092,25,50,10
18,8509,8.460978983664669e-41,0.3599685196310055,3.152036431654316e-05,0.6399999600046778,25,50,10
18,8510,6.996171192564167e-41,0.35999999440276814,6.978285257713332e-09,0.6399999986189465,25,50,10
18,8511,5.892548455672827e-45,0.3599999965917596,4.815117853395187e-09,0.6399999985931226,25,50,10
18,8512,1.8711923828051154e-41,0.3599996062573524,3.937440995091097e-07,0.639999999998548,25,50,10
18,8513,1.5487269113896267e-42,0.35999999987409753,1.7301624882076352e-10,0.6399999999528863,25,50,10
18,8514,2.6309499041070797e-47,0.35999999987783143,1.3509442481430776e-10,0.6399999999870741,25,50,10
18,8515,1.2270245295453154e-42,0.3599999999969078,1.1870006367032636e-11,0.6399999999912223,25,50,10
18,8516,1.0602385323643762e-46,0.35999999989628195,1.0434902464546444e-10,0.6399999999993691,25,50,10
18,8517,2.0845070234212194e-45,0.3599999999467788,5.4147725674815476e-11,0.6399999999990735,25,50,10
18,8518,2.589676924691548e-43,0.3599999999089025,1.012383924823299e-10,0.6399999999898591,25,50,10
18,8519,1.2281726302717758e-42,0.3599999998725072,1.2932435658180263e-10,0.6399999999981685,25,50,10
18,8520,9.966527343378817e-40,0.35999980925418607,1.9074704223895414e-07,0.6399999999987718,25,50,10
18,8521,9.966583251847525e-40,0.35999980925836,1.9074242593068498e-07,0.6399999999992141,25,50,10
18,8522,3.3268534145969692e-43,0.3599999976160685,2.39661251567115e-09,0.639999999987319,25,50,10
18,8523,3.28447583022547e-43,0.3599999999970074,1.6598308495965332e-11,0.6399999999863943,25,50,10
18,8524,6.467070951010695e-44,0.35999999999493554,4.357677901129212e-11,0.6399999999614876,25,50,10
18,8525,6.739635724417534e-46,0.3599999965254469,3.5009653354280115e-09,0.6399999999735878,25,50,10
18,8526,7.003836696437347e-45,0.35999999993708287,1.3879352248368202e-10,0.6399999999241238,25,50,10
18,8527,2.321502109122233e-44,0.35999999993616427,1.4743034167284997e-10,0.6399999999164053,25,50,10
18,8528,2.330390034778581e-44,0.35999999999473836,5.198378288891053e-11,0.6399999999532778,25,50,10
18,8529,3.986597108315789e-39,0.35999999993549797,1.4756674439947366e-10,0.6399999999169352,25,50,10
18,8530,4.0582774558405976e-39,0.35999980931013775,1.9072405627718378e-07,0.639999999965806,25,50,10
18,8531,3.987154441091118e-39,0.35998913352472106,1.0867053303101094e-05,0.6399999994219759,25,50,10
18,8532,8.4771468912715e-43,0.3599891313167101,1.0869244355745547e-05,0.6399999994389342,25,50,10
18,8533,2.1647798956339361e-44,0.3599999976182043,2.4262416478789805e-09,0.6399999999555541,25,50,10
18,8534,1.5704734347779844e-40,0.35999985455112893,1.455056271747412e-07,0.6399999999432439,25,50,10
18,8535,1.411072328936185e-40,0.35999985449329713,1.455903773501448e-07,0.6399999999163256,25,50,10
18,8536,8.586578838898066e-41,0.35999967356382384,4.044406746914022e-07,0.6399999219955015,25,50,10
18,8537,9.930368971413453e-41,0.359999805908311,2.720606686859755e-07,0.6399999220310203,25,50,10
18,8538,8.460976880819073e-41,0.3599999966531945,3.347565887172546e-09,0.6399999999992396,25,50,10
18,8539,4.767596198743424e-38,0.3599999999977016,3.6909013508902094e-12,0.6399999999986076,25,50,10
18,8540,3.876054349725763e-35,0.3599894932679597,1.0506732289034001e-05,0.6399999999997514,25,50,10
18,8541,1.2959035024152455e-42,0.3599998091449118,3.067733417146702e-07,0.6399998840817465,25,50,10
18,8542,6.886532569088582e-44,0.35999999665158244,1.1928729092014178e-07,0.6399998840611266,25,50,10
18,8543,4.76594086368174e-38,0.3599999999939619,1.5679455267881172e-06,0.6399984320605112,25,50,10
18,8544,4.767717740989546e-38,0.35999986420380486,1.703735723472346e-06,0.6399984320604717,25,50,10
18,8545,9.409810919284638e-45,0.3599999999521941,4.797366971045998e-11,0.6399999999998321,25,50,10
18,8546,6.8900759627441e-45,0.35999999983334724,1.670767659398305e-10,0.6399999999995759,25,50,10
18,8547,5.68089091156293e-38,0.3599999999382531,6.284439676035073e-11,0.6399999999989024,25,50,10
18,8548,1.191558045338704e-38,0.3599891337511646,1.0866269917469342e-05,0.639999999978918,25,50,10
18,8549,1.1564208156249313e-45,0.35999999988380893,1.5209880299719287e-10,0.6399999999640923,25,50,10
18,8550,7.020565015794028e-44,0.3599999999957093,4.9093664283794965e-12,0.6399999999993813,25,50,10
18,8551,7.088569053836704e-44,0.3599999966538837,3.346281160537323e-09,0.6399999999998351,25,50,10
18,8552,1.9381264624913393e-46,0.35999999988361675,1.1639836789242433e-10,0.6399999999999849,25,50,10
18,8553,4.766127634157363e-38,0.3599999998814547,1.185601958612996e-10,0.639999999999985,25,50,10
18,8554,4.766153417757952e-38,0.3599999998248743,1.751472393156157e-10,0.6399999999999785,25,50,10
18,8555,1.0016402394051657e-44,0.359977582557578,2.244591615448812e-05,0.6399999715262674,25,50,10
18,8556,4.766127086954431e-38,0.3599775857810372,2.241422837942224e-05,0.6399999999905834,25,50,10
18,8557,3.711139723920983e-43,0.3599775857817394,2.2414218714793326e-05,0.6399999999995459,25,50,10
18,8558,1.3883993244924525e-43,0.3599999999969444,1.2510626400293656e-11,0.6399999999905451,25,50,10
18,8559,1.1915382068934746e-38,0.3599998093151525,1.9074687412761375e-07,0.6399999999379734,25,50,10
18,8560,1.2325011845387355e-42,0.3599998059698473,1.9403031485198827e-07,0.6399999999998378,25,50,10
18,8561,5.4864611209610045e-45,0.3599998091948127,1.9081750767249783e-07,0.6399999999876796,25,50,10
18,8562,2.1531472841427055e-44,0.3599999999382413,7.423340450294236e-11,0.6399999999875253,25,50,10
18,8563,4.001522241189432e-39,0.3599999997671654,2.3306945572022017e-10,0.6399999999997652,25,50,10
18,8564,1.4926899943185562e-41,0.35999999976747993,2.419576772093983e-10,0.6399999999905625,25,50,10
18,8565,2.61973966517114e-43,0.3599999998964005,1.3821861839399533e-10,0.6399999999653809,25,50,10
18,8566,3.9878274272400686e-39,0.3599893599002285,1.0642641733805316e-05,0.6399999974580378,25,50,10
18,8567,3.286156502796539e-43,0.359984923423487,1.507707606328925e-05,0.6399999995004498,25,50,10
18,8568,2.272358907107841e-37,0.3599997353587829,2.646412305688504e-07,0.6399999999999866,25,50,10
18,8569,5.4626895827887366e-45,0.35999999999984794,6.008784043519574e-13,0.6399999999995513,25,50,10
18,8570,1.9492289420809026e-46,0.3599999997701556,2.263971732935487e-09,0.6399999979658727,25,50,10
18,8571,1.413306203008333e-45,0.3599999997232836,3.128571964375873e-10,0.6399999999638593,25,50,10
18,8572,1.554371788189154e-42,0.3599999999519216,8.42080383527296e-11,0.6399999999638704,25,50,10
18,8573,7.020449603314586e-44,0.35999999993598053,9.969812675637336e-11,0.6399999999643213,25,50,10
18,8574,7.020363571604562e-44,0.3599999997682914,2.3215729506144067e-10,0.6399999999995514,25,50,10
18,8575,6.990017482073628e-44,0.3599999899022206,1.0098678035556577e-08,0.6399999999991013,25,50,10
18,8576,5.842407762120532e-45,0.3599999902521844,9.748002821474191e-09,0.6399999999998129,25,50,10
18,8577,1.2397176360562858e-42,0.35999999995552545,8.020458517625916e-11,0.6399999999642699,25,50,10
18,8578,2.2664111137411294e-44,0.3599999999969466,3.91883050432856e-11,0.639999999963865,25,50,10
18,8579,9.449292164721341e-47,0.3599999999955356,5.550403577238934e-12,0.639999999998914,25,50,10
18,8580,4.5244522608855913e-45,0.3599999998773831,1.4865182033407614e-10,0.6399999999739651,25,50,10
18,8581,4.731487739671791e-46,0.35999999757579615,2.450400517769063e-09,0.6399999999738034,25,50,10
18,8582,3.667460231453959e-42,0.35996852286593056,3.1477135022534695e-05,0.639999999999047,25,50,10
18,8583,3.6674037028192135e-42,0.3599999999968079,2.4282884192948912e-11,0.6399999999789093,25,50,10
18,8584,3.6728812126141944e-42,0.3599999998201261,1.9283012869700533e-10,0.6399999999870438,25,50,10
18,8585,5.887242537258472e-46,0.3599998642453818,1.384904180582426e-07,0.6399999972642001,25,50,10
18,8586,5.576481803490315e-48,0.3599999999927782,4.339108706695788e-11,0.6399999999638308,25,50,10
18,8587,6.572662961835572e-44,0.3599999998750125,1.8519697999341973e-10,0.6399999999397905,25,50,10
18,8588,4.772982383188062e-45,0.35999999987709885,1.2321179016154901e-10,0.6399999999996893,25,50,10
18,8589,1.507561443258334e-45,0.35999999652874043,4.944677375012758e-09,0.6399999985265821,25,50,10
18,8590,3.725233480695708e-43,0.35999999188759546,9.644084200022341e-09,0.6399999984683203,25,50,10
18,8591,6.331543874316231e-43,0.3599999918316049,8.170163748880123e-09,0.6399999999982313,25,50,10
18,8592,8.362531520689819e-40,0.3599999950655945,4.936663673750797e-09,0.6399999999977419,25,50,10
18,8593,2.2578282904417508e-45,0.35999999982980496,1.6187312576777858e-09,0.6399999985514638,25,50,10
18,8594,5.680889903955144e-38,0.3599998124874149,1.8949559858346132e-07,0.6399999980169865,25,50,10
18,8595,5.78067724496256e-38,0.3599994408146118,0.00013008314482308502,0.6398704760405651,25,50,10
18,8596,5.681234439966945e-38,0.3599993071029452,0.00013021635616908324,0.6398704765408858,25,50,10
18,8597,5.680870493189456e-38,0.35999981248642043,0.0001297109726732178,0.6398704765409063,25,50,10
18,8598,3.6059215011041165e-48,0.35999999991707116,8.368248674724206e-11,0.6399999999992464,25,50,10
18,8599,6.7917337190775546e-37,0.3599999999970879,4.156046066128167e-12,0.639999999998756,25,50,10
18,8600,6.791734209243351e-37,0.35999999991555603,8.550765007349631e-11,0.6399999999989363,25,50,10
18,8601,8.742634800643133e-41,0.3599999953131553,4.687523009734524e-09,0.6399999999993217,25,50,10
18,8602,5.3970996831466795e-46,0.35999999999992793,5.434726102907706e-13,0.6399999999995287,25,50,10
18,8603,5.589918354392278e-46,0.35999999999995885,8.252410816853745e-08,0.639999917475933,25,50,10
18,8604,1.7507043049114826e-41,0.3599999903020137,9.710778878246805e-09,0.6399999999872076,25,50,10
18,8605,1.7552021581256936e-41,0.35999999030007623,9.70146659443794e-09,0.6399999999984572,25,50,10
18,8606,7.765345188024468e-44,0.3599999999940821,2.0404641970465424e-09,0.6399999979654538,25,50,10
18,8607,7.000717195971215e-41,0.35999999987286574,2.161891222991331e-09,0.6399999979652431,25,50,10
18,8608,6.792443078091311e-37,0.3599999997454171,4.334236938385449e-09,0.639999995920346,25,50,10
18,8609,7.031127234973e-41,0.3599999998298802,1.705656668901104e-10,0.6399999999995543,25,50,10
18,8610,7.901466153240943e-45,0.35999999999984444,6.905250210245988e-10,0.6399999993096306,25,50,10
18,8611,1.1915319010254186e-38,0.35999999999883686,2.5312228700819608e-11,0.6399999999758509,25,50,10
18,8612,1.2694108713167545e-35,0.3591654366777336,0.0008345633462694096,0.6399999999759969,25,50,10
18,8613,1.2055200114557943e-38,0.359999999872874,1.5112923600908952e-10,0.6399999999759967,25,50,10
18,8614,4.9005033455726665e-42,0.35999999999743976,3.157503260051731e-12,0.6399999999994027,25,50,10
18,8615,8.810339413529955e-47,0.35999999999994503,2.545814487467073e-11,0.6399999999745968,25,50,10
18,8616,3.238107167714716e-36,0.35999999330844873,6.735869196501353e-09,0.639999999955682,25,50,10
18,8617,6.7120543882085e-48,0.35999999978736696,2.4894032393383716e-10,0.6399999999636927,25,50,10
18,8618,3.923340539029254e-46,0.35999999999923404,7.74404610613358e-13,0.6399999999999916,25,50,10
18,8619,3.225840201311151e-43,0.35999999030398677,1.2563937369299837e-07,0.6399998840566394,25,50,10
18,8620,7.002607075412546e-41,0.3599999999939401,1.159248585846982e-07,0.6399998840812013,25,50,10
18,8621,7.024778560967522e-41,0.3599999999514838,4.8528701713600855e-11,0.6399999999999876,25,50,10
18,8622,2.9362530926024857e-41,0.3599999999574198,9.275731044688667e-11,0.6399999999498229,25,50,10
18,8623,1.4692357964945845e-41,0.3599999973895306,2.660983860552004e-09,0.6399999999494855,25,50,10
18,8624,1.165024104792889e-45,0.3599999976172947,9.14878003431224e-06,0.639990853602671,25,50,10
18,8625,1.2270452797609076e-42,0.3599999999421763,8.324688156883043e-11,0.6399999999745769,25,50,10
18,8626,9.966524160535821e-40,0.3599999966504794,3.375161992088616e-09,0.6399999999743587,25,50,10
18,8627,5.359565650191158e-45,0.35999999999390225,4.095494566972189e-11,0.6399999999651429,25,50,10
18,8628,3.6728443947186256e-42,0.3599999999958811,1.4305987702199615e-11,0.6399999999898129,25,50,10
18,8629,6.994082567950774e-41,0.35999944725782557,5.527880918664704e-07,0.6399999999540826,25,50,10
18,8630,1.467415454478794e-41,0.3599999998590735,8.794899122662042e-10,0.6399999992614366,25,50,10
18,8631,8.50837401930279e-40,0.35876126763600125,0.0012387330837650811,0.6399999992802337,25,50,10
18,8632,7.004702535528946e-44,0.35876126771966055,0.0012387330001994293,0.6399999992801401,25,50,10
18,8633,6.462115550825864e-44,0.35999999999552257,7.068414501553614e-10,0.639999999297636,25,50,10
18,8634,1.469145814262605e-41,0.35999999071056676,4.9297475341831975e-08,0.6399999599919579,25,50,10
18,8635,2.237312107078582e-40,0.35999999071197275,1.2523106884376464e-07,0.6399998840569585,25,50,10
18,8636,2.090413710239518e-40,0.3599999998751312,1.1605584800344576e-07,0.6399998840690209,25,50,10
18,8637,5.695762040622929e-43,0.35999980931513237,1.9070657073355352e-07,0.6399999999782969,25,50,10
18,8638,3.715586374127324e-43,0.359999809312043,1.9139026562745078e-07,0.6399999992976914,25,50,10
18,8639,3.1129796145692026e-43,0.35999999970799196,9.938511454229745e-10,0.639999999298157,25,50,10
18,8640,8.596588856487761e-44,0.359999990177392,9.822622975539793e-09,0.639999999999985,25,50,10
18,8641,3.92826400821473e-43,0.35999999303374425,6.966908810522147e-09,0.639999999999347,25,50,10
18,8642,1.2270238546276181e-42,0.35999999999531523,1.4524841713592839e-09,0.6399999985522005,25,50,10
18,8643,1.2329556072849823e-42,0.35999999975969227,3.164848379455902e-06,0.6399968353919283,25,50,10
18,8644,1.2386271202700792e-42,0.3599999996556782,3.1649529860055063e-06,0.6399968353913359,25,50,10
18,8645,1.8726963877364933e-41,0.359999813167785,3.350001592039162e-06,0.639996836830623,25,50,10
18,8646,1.7492059654932437e-41,0.35999942210402636,3.741057029740626e-06,0.6399968368389439,25,50,10
18,8647,5.564520202337465e-43,0.35999999018591305,1.6607143019601493e-06,0.639998349099785,25,50,10
18,8648,5.300011703183316e-43,0.3599999998844632,1.651015751602849e-06,0.6399983490997853,25,50,10
18,8649,2.272358629544847e-37,0.3599999953578086,1.627544064242806e-06,0.6399983770981271,25,50,10
18,8650,2.2808925441064075e-37,0.35999999535277927,4.673261050128321e-09,0.6399999999739597,25,50,10
18,8651,2.2807178647260434e-37,0.35999944270014966,5.573000380954061e-07,0.6399999999998124,25,50,10
18,8652,1.5394239616119e-42,0.35999980931408393,1.9068609543904014e-07,0.6399999999998206,25,50,10
18,8653,3.079169748276356e-43,0.3599891337062072,1.0868339593202549e-05,0.6399999979541996,25,50,10
18,8654,4.458218324150268e-44,0.35999999987970477,2.153984551176004e-09,0.6399999979663108,25,50,10
18,8655,1.7485894329518618e-41,0.35999999971028546,2.8994532511469456e-10,0.6399999999997692,25,50,10
18,8656,1.1146660485740801e-44,0.3599999997680653,2.319504691085608e-10,0.6399999999999844,25,50,10
18,8657,1.2283509761843537e-42,0.3599998687277446,1.3127292515167033e-07,0.6399999999993304,25,50,10
18,8658,1.5337991730694337e-42,0.35999999983629605,1.6392558740642352e-10,0.6399999999997784,25,50,10
18,8659,3.671897314099553e-42,0.359999999878845,1.2140038437014784e-10,0.6399999999997547,25,50,10
18,8660,2.1431312674208729e-41,0.35999999974965524,2.5073685094879284e-10,0.639999999999608,25,50,10
18,8661,7.360758013128034e-41,0.35999999999551624,2.519622833037665e-11,0.6399999999792876,25,50,10
18,8662,1.2282470143489324e-42,0.3599999999985151,1.0421302923118073e-11,0.6399999999910636,25,50,10
18,8663,1.0773370562313847e-44,0.3599999999947934,7.070454903865304e-10,0.6399999992981612,25,50,10
18,8664,2.573833763030951e-43,0.359999999999884,7.022577555639025e-10,0.6399999992978582,25,50,10
18,8665,9.969050414084886e-40,0.3599999998268282,2.0916908197042784e-10,0.6399999999640028,25,50,10
18,8666,1.2283460279639805e-42,0.3599999966515694,3.393669393284753e-09,0.6399999999547611,25,50,10
18,8667,1.485599204814244e-42,0.35999998957008844,1.0474992753873359e-08,0.6399999999549189,25,50,10
18,8668,1.0113227223915227e-39,0.35999999337475486,6.634773854435799e-09,0.6399999999904713,25,50,10
18,8669,1.1930074796654214e-38,0.35999999957760465,1.125370774748461e-09,0.6399999992970247,25,50,10
18,8670,4.766127577425318e-38,0.35999999999781723,5.532994864187827e-10,0.6399999994488834,25,50,10
18,8671,4.76787604401127e-38,0.3599999966503142,4.383068570990778e-09,0.6399999989666173,25,50,10
18,8672,1.7490042350799528e-41,0.35999999664930304,3.8504052994586995e-09,0.6399999995002916,25,50,10
18,8673,1.7486502663144021e-41,0.35999981248727936,1.875130561603707e-07,0.6399999999996645,25,50,10
18,8674,9.354464078871036e-40,0.3599999976175703,3.1559248319033655e-09,0.6399999992265049,25,50,10
18,8675,1.77974993092879e-41,0.3599999998349611,2.010519153443342e-10,0.639999999963987,25,50,10
18,8676,4.018745215396859e-39,0.35999999523247456,4.776841031574105e-09,0.6399999999906845,25,50,10
18,8677,5.4999392581432855e-45,0.3599999996876017,3.1382034087861287e-10,0.639999999998578,25,50,10
18,8678,2.0905076219885053e-40,0.35999999993827303,6.280754942580739e-11,0.6399999999989194,25,50,10
18,8679,2.0904104770305583e-40,0.3599999999969086,3.105946978878231e-12,0.6399999999999855,25,50,10
18,8680,2.1027306894019755e-40,0.35999999761215834,3.0895244906103508e-09,0.6399999992983173,25,50,10
18,8681,1.8717532073268124e-41,0.35999999755135087,4.244505424016526e-08,0.6399999600035949,25,50,10
18,8682,1.237809354782994e-42,0.3599999975117232,2.4900209998273827e-09,0.6399999999982559,25,50,10
18,8683,4.940384600831337e-46,0.3599999998766172,1.25321730556988e-10,0.6399999999980612,25,50,10
18,8684,2.902324295442029e-47,0.35999999999533683,6.552690141584592e-12,0.6399999999981105,25,50,10
18,8685,6.994512889285385e-41,0.3599999998766545,1.5067239230863483e-10,0.6399999999726733,25,50,10
18,8686,7.001433330734761e-41,0.3599999997797375,2.723251383765395e-10,0.6399999999479373,25,50,10
18,8687,8.362926909523515e-40,0.35999999999570487,8.949969537039999e-11,0.6399999999147955,25,50,10
18,8688,6.454189094902953e-44,0.35999999999997023,5.121709430103486e-11,0.6399999999488128,25,50,10
18,8689,1.1602429154999814e-45,0.3599999999978303,2.968590188501744e-12,0.6399999999992012,25,50,10
18,8690,2.268393050582253e-44,0.3599999976976329,2.303009284342237e-09,0.6399999999993579,25,50,10
18,8691,1.2490565351635888e-42,0.3599999974584087,1.6274769728744694e-06,0.6399983750646183,25,50,10
18,8692,1.0988492799086343e-44,0.3599999994711049,5.289251227304059e-10,0.63999999999997,25,50,10
18,8693,1.7490652084978675e-41,0.35999999670951766,3.290515093075922e-09,0.6399999999999673,25,50,10
18,8694,1.7507154632822455e-41,0.35999999670738064,3.293713088661056e-09,0.6399999999989063,25,50,10
18,8695,1.7754512503963176e-41,0.3599999965354138,3.501783347298468e-09,0.639999999962803,25,50,10
18,8696,6.822627600525552e-45,0.35999960649085266,3.94009121589116e-07,0.6399999995000257,25,50,10
18,8697,2.0935296684723755e-40,0.3599999999403672,1.4359382914179616e-09,0.6399999986236946,25,50,10
18,8698,2.1057483303317083e-40,0.35999999999911997,1.3893436966993186e-09,0.6399999986115362,25,50,10
18,8699,3.9868971858200123e-39,0.3599999999959006,1.6422726863993087e-11,0.6399999999876766,25,50,10
18,8700,3.2839784718367917e-43,0.35999999665354454,3.347329308538457e-09,0.6399999999991263,25,50,10
18,8701,2.736316624529403e-44,0.3599999999989232,1.949037029611779e-09,0.6399999980520399,25,50,10
18,8702,5.746957010755272e-45,0.3599999999982327,1.949102002290047e-09,0.6399999980526654,25,50,10
18,8703,7.360811519123213e-41,0.35999999993981463,9.632745846261779e-11,0.6399999999638579,25,50,10
18,8704,6.994612973657911e-41,0.3599999999964535,5.185659034539314e-11,0.6399999999516899,25,50,10
18,8705,5.003998023639198e-45,0.3599999966538831,3.3551885351638104e-09,0.6399999999909284,25,50,10
18,8706,3.1135937048794607e-43,0.35999999665452603,3.406555908101612e-09,0.6399999999389181,25,50,10
18,8707,4.79317806724546e-45,0.35999999995817755,1.0290354682247833e-10,0.6399999999389189,25,50,10
18,8708,1.5338852892297875e-42,0.3599775857429022,2.2414257566010782e-05,0.6399999999995318,25,50,10
18,8709,1.534930107578947e-42,0.3599775858639332,2.2414136082846325e-05,0.6399999999999841,25,50,10
18,8710,1.2297482525641312e-42,0.35999999670598565,3.30634805361014e-09,0.6399999999876664,25,50,10
18,8711,1.2285391957653376e-42,0.35999999671020255,3.3021229770679766e-09,0.6399999999876745,25,50,10
18,8712,1.8712826773082135e-41,0.3599999967082508,3.291768802869958e-09,0.6399999999999804,25,50,10
18,8713,3.7594073676181113e-42,0.3599999967040725,3.2967973646393184e-09,0.6399999999991302,25,50,10
18,8714,3.67776200944944e-42,0.3599999999947533,7.077822769042995e-10,0.6399999992974645,25,50,10
18,8715,3.6681451899649957e-42,0.3599999999552123,4.498074781200748e-11,0.6399999999998071,25,50,10
18,8716,2.2030137552764264e-44,0.3599999999998367,1.7255937517859457e-11,0.6399999999829074,25,50,10
18,8717,5.71677306485159e-46,0.35999999999595395,7.23431258854031e-10,0.6399999992806148,25,50,10
18,8718,6.662827811268579e-44,0.3599999998291358,8.8563708708968e-10,0.6399999992852272,25,50,10
18,8719,6.983732709510073e-44,0.35999999744623495,4.2557649855616806e-08,0.6399999599961151,25,50,10
18,8720,6.455208715366679e-44,0.35999999999680626,4.00429662827551e-08,0.6399999599602276,25,50,10
18,8721,1.004882041628805e-46,0.3599999999999968,4.003957060755518e-08,0.6399999599604327,25,50,10
18,8722,1.532971555411549e-45,0.35999999995816334,4.0037555698103324e-08,0.639999960004281,25,50,10
18,8723,2.3094248198971623e-44,0.3599999999580729,4.292309093851206e-11,0.639999999999004,25,50,10
18,8724,3.0057731178426588e-43,0.35999999982680675,1.7492027295467593e-10,0.6399999999982731,25,50,10
18,8725,3.1799226696053103e-43,0.35999999150207984,9.878552744136528e-09,0.6399999986193674,25,50,10
18,8726,3.0728474420171703e-43,0.35999998832687397,1.1673558529524467e-08,0.6399999999995676,25,50,10
18,8727,6.189932849593234e-43,0.3599999994888835,5.115054754950587e-10,0.6399999999996111,25,50,10
18,8728,3.072915251385843e-43,0.35999999948886746,5.322196757605483e-10,0.639999999978913,25,50,10
18,8729,3.2156079445749936e-41,0.35999960417124455,2.67545201470234e-06,0.6399977203767409,25,50,10
18,8730,1.4676152803187793e-41,0.3599999975720148,2.43660623975766e-09,0.6399999999913788,25,50,10
18,8731,4.603857820778222e-46,0.35999999761462204,2.3853896518953777e-09,0.6399999999999882,25,50,10
18,8732,1.2327833199060627e-42,0.35999998791943966,1.2097882173586966e-08,0.6399999999826781,25,50,10
18,8733,2.1803293155657246e-44,0.3599999976163264,2.3923331771523772e-09,0.6399999999913405,25,50,10
18,8734,2.7926519219617807e-40,0.35999999749406725,2.5151485146463307e-09,0.6399999999907842,25,50,10
18,8735,2.0904104216490563e-40,0.35999999761018986,2.3989351009570662e-09,0.6399999999908751,25,50,10
18,8736,9.969098408282098e-40,0.3599996065073456,3.935011652982826e-07,0.6399999999914892,25,50,10
18,8737,1.015242134646401e-39,0.35999960654699625,3.9416765606194236e-07,0.6399999992853477,25,50,10
18,8738,9.966479692408168e-40,0.35999960655062546,3.934747859405874e-07,0.6399999999745887,25,50,10
18,8739,1.758927851711685e-46,0.359999999885588,1.713953415273592e-10,0.6399999999430167,25,50,10
18,8740,6.51258316797755e-45,0.3599999999992285,1.00565001905634e-12,0.6399999999997659,25,50,10
18,8741,1.468179996955291e-41,0.3599999998763861,1.2407937823233235e-10,0.6399999999995346,25,50,10
18,8742,8.461959845938679e-41,0.3599999997555772,2.450279061711221e-10,0.6399999999993949,25,50,10
18,8743,7.484035691009809e-41,0.35999954459265787,4.554203041001444e-07,0.639999999987038,25,50,10
18,8744,5.671625505305851e-45,0.35999999653341674,3.491469977715938e-09,0.6399999999751133,25,50,10
18,8745,6.093720923369502e-45,0.3599999966545326,3.3717582446122213e-09,0.6399999999737092,25,50,10
18,8746,7.024712831617131e-41,0.3599999903018542,1.1732621147118572e-08,0.6399999979655248,25,50,10
18,8747,6.996302085359176e-41,0.35999999309560266,6.904629445468303e-09,0.639999999999768,25,50,10
18,8748,1.0894219775304142e-44,0.35999999987770487,1.2247618733500314e-10,0.6399999999998189,25,50,10
18,8749,2.10274470297614e-40,0.3599999998169027,2.2862401983688523e-10,0.6399999999544732,25,50,10
18,8750,1.2325248093036799e-42,0.35999999981404046,1.85962616612084e-10,0.6399999999999969,25,50,10
18,8751,8.37395194830132e-40,0.3599999998794317,1.5757921284080547e-09,0.6399999985447762,25,50,10
18,8752,1.6723312174374697e-39,0.3599999998844395,1.2116041598045932e-09,0.6399999989039563,25,50,10
18,8753,2.1998723341886916e-44,0.35999998691689117,1.362717114699432e-08,0.6399999994559378,25,50,10
18,8754,7.019753834447525e-41,0.3599999967679414,3.774595209960513e-09,0.6399999994574634,25,50,10
18,8755,7.000491677403615e-41,0.3599999999595578,1.2590388846620145e-09,0.6399999987814033,25,50,10
18,8756,7.06181861763279e-41,0.3599999999020697,8.328485646755331e-10,0.6399999992650818,25,50,10
18,8757,2.7167595312759994e-36,0.35999999990058607,5.559793032617375e-08,0.6399999445014837,25,50,10
18,8758,2.7167735902864772e-36,0.3599999999587709,5.554010487971238e-08,0.6399999445011241,25,50,10
18,8759,8.586734348880687e-41,0.3599999911322282,8.880448295196666e-09,0.6399999999873236,25,50,10
18,8760,2.1890007913554572e-44,0.3599999999551307,5.721391942924219e-11,0.6399999999876553,25,50,10
18,8761,5.534646477442639e-46,0.35999999999978605,1.460332763072844e-09,0.6399999985398811,25,50,10
18,8762,5.8644877615048365e-43,0.3599999997496574,6.606505134189122e-06,0.6399933937452084,25,50,10
18,8763,2.239118290797297e-44,0.3599999997934076,2.0661465078163805e-10,0.6399999999999778,25,50,10
18,8764,1.779307176709626e-41,0.3599999997559309,2.443100773055817e-10,0.6399999999997591,25,50,10
18,8765,2.840448502958415e-37,0.35999999513793285,4.862521365282028e-09,0.6399999999995459,25,50,10
18,8766,5.681046220785917e-38,0.35999986176598875,1.3823402277948127e-07,0.6399999999999885,25,50,10
18,8767,5.682482579216764e-38,0.3599682535681758,3.174691534541793e-05,0.6399999995164789,25,50,10
18,8768,5.682641884170132e-38,0.35996851311349004,3.1486895727573666e-05,0.6399999999907823,25,50,10
18,8769,5.689633201347447e-38,0.35999999024559004,4.84431007793248e-08,0.6399999613113091,25,50,10
18,8770,4.6414387542524306e-45,0.35999999965550417,8.70181409929273e-10,0.6399999994743146,25,50,10
18,8771,2.701448896137249e-44,0.3599999997858254,2.1477799393382377e-10,0.6399999999993966,25,50,10
18,8772,2.730748537534171e-44,0.35999999957436307,4.617683057526191e-10,0.6399999999638687,25,50,10
18,8773,2.800248705844282e-43,0.3599999997850772,1.675046634039268e-09,0.6399999985398762,25,50,10
18,8774,2.58745409276676e-43,0.3599994439962343,5.574521697294281e-07,0.6399999985515961,25,50,10
18,8775,3.986659443244379e-39,0.35999999296826934,7.031980526472201e-09,0.63999999999975,25,50,10
18,8776,3.9866814363788125e-39,0.35999999636326835,3.637604391088901e-09,0.6399999999991275,25,50,10
18,8777,4.767596612165248e-38,0.3599999996668346,1.7133137257061894e-09,0.6399999986198517,25,50,10
18,8778,1.4674416288848433e-41,0.359999999997795,3.804020478302621e-11,0.6399999999641648,25,50,10
18,8779,1.4700948481670063e-41,0.359999999997,3.927790808486973e-11,0.6399999999637221,25,50,10
18,8780,3.871531848152967e-35,0.34456237237183124,0.015437628212416947,0.6399999994157518,25,50,10
18,8781,2.716690012578455e-36,0.3599999998195918,8.115384447067786e-08,0.6399999190265637,25,50,10
18,8782,2.7166899858200886e-36,0.35999999978012837,8.021945355410161e-08,0.639999920000418,25,50,10
18,8783,2.6322247880299e-43,0.35999999982283093,1.8662886438290446e-10,0.6399999999905401,25,50,10
18,8784,2.0960612206948704e-40,0.3599999999919701,1.7347731732811944e-11,0.6399999999906822,25,50,10
18,8785,3.4326341870692118e-43,0.3599999999589101,6.279667899008013e-11,0.6399999999782934,25,50,10
18,8786,1.8442688265855335e-34,0.3599685202695902,3.150821664878521e-05,0.6399999715137611,25,50,10
18,8787,2.673615394253079e-43,0.3599999997863657,2.149221265246146e-10,0.6399999999987122,25,50,10
18,8788,7.482716905654863e-44,0.35999999971241137,2.883747705758651e-10,0.6399999999992139,25,50,10
18,8789,7.382885110668377e-34,0.3599999975832411,2.4169346998086075e-09,0.6399999999998243,25,50,10
18,8790,6.791743175791147e-37,0.3599999998238429,2.3379415716401565e-09,0.6399999978382155,25,50,10
18,8791,1.2297548395512795e-42,0.3599998641481511,1.3660201140085345e-07,0.6399999992498374,25,50,10
18,8792,4.871257796045717e-44,0.35999986424852426,1.3580012548310602e-07,0.6399999999513503,25,50,10
18,8793,4.758348858446928e-44,0.35999986412743373,1.3588553577638202e-07,0.6399999999870305,25,50,10
18,8794,1.2485572019755141e-42,0.35999986396465794,1.3603643242709995e-07,0.6399999999989098,25,50,10
18,8795,7.368094643927926e-45,0.3599999929722746,7.0277518647653655e-09,0.6399999999999735,25,50,10
18,8796,3.067798956482191e-43,0.35999999987882114,1.2140828495899555e-10,0.6399999999997705,25,50,10
18,8797,6.778768083841432e-43,0.3599999901397013,9.861122309240141e-09,0.6399999999991763,25,50,10
18,8798,5.680988462568612e-38,0.35999980931219183,1.9068802837070425e-07,0.6399999999997797,25,50,10
18,8799,7.9531224570848015e-47,0.3599999999977693,1.1007948214093624e-11,0.6399999999912228,25,50,10
18,8800,5.669278936828257e-46,0.3599999999383117,1.1115237764130411e-10,0.6399999999505359,25,50,10
18,8801,2.6357260893585135e-43,0.35999999989575976,2.0675559036326859e-10,0.6399999998974848,25,50,10
18,8802,3.2790358651413764e-43,0.35999999995646914,1.276698908418959e-10,0.6399999999158609,25,50,10
18,8803,6.074723842337954e-45,0.35999980689013195,1.9315499632021215e-07,0.6399999999548718,25,50,10
18,8804,1.1129881468831711e-44,0.35999980931413694,1.906956019638209e-07,0.6399999999902611,25,50,10
18,8805,1.4993833332828033e-41,0.35999999341845396,6.627569766036423e-09,0.6399999999539764,25,50,10
18,8806,1.4733872362394538e-41,0.3599999966535504,3.3593895559140467e-09,0.63999999998706,25,50,10
18,8807,1.8457612503716099e-34,0.35999999999640075,7.062840418486233e-10,0.6399999992973153,25,50,10
18,8808,1.845731350939012e-34,0.3599998024110572,1.9762536138166744e-07,0.6399999999635814,25,50,10
18,8809,1.8457213845128987e-34,0.3599999999566964,7.983604650059656e-11,0.6399999999634676,25,50,10
18,8810,2.448586229557398e-46,0.3599999999582165,4.202213111660599e-11,0.6399999999997613,25,50,10
18,8811,2.835112068055345e-43,0.35999999995709553,7.913646633066302e-11,0.639999999963768,25,50,10
18,8812,1.2320022167486593e-42,0.35999999293441654,7.1015889627031295e-09,0.6399999999639945,25,50,10
18,8813,1.5922770442054808e-41,0.3599922566976176,7.743338468267259e-06,0.6399999999639141,25,50,10
18,8814,1.3000092291821024e-35,0.3599999996015654,2.891683811908499e-08,0.6399999714815965,25,50,10
18,8815,4.766158262947504e-38,0.3599999999411178,2.8568108889796427e-08,0.6399999714907733,25,50,10
18,8816,2.2366549108355967e-44,0.3599999999344929,7.765880041134615e-10,0.6399999992889192,25,50,10
18,8817,1.2485521982949484e-42,0.35999998962608715,1.0383616321443541e-08,0.6399999999902967,25,50,10
18,8818,1.2486619744974996e-42,0.35999999297242646,7.730497993624145e-09,0.6399999992970756,25,50,10
18,8819,2.1745667236326196e-44,0.35999225673611635,7.743966185291238e-06,0.6399999992976985,25,50,10
18,8820,8.59648137296978e-44,0.359992256736092,7.743759562352861e-06,0.6399999995043458,25,50,10
18,8821,6.559645485286447e-44,0.35999226358105146,7.736443793750001e-06,0.6399999999751549,25,50,10
18,8822,2.975208389228003e-44,0.35999226352152275,7.736492078922477e-06,0.6399999999863983,25,50,10
18,8823,2.315681499613673e-44,0.3599999930385293,6.9619094488348944e-09,0.6399999999995613,25,50,10
18,8824,6.791743371469381e-37,0.3599999998191239,1.8152495170343843e-10,0.6399999999993511,25,50,10
18,8825,1.2914609681107722e-42,0.3599999998201172,1.5690360589080048e-06,0.639998431143824,25,50,10
18,8826,8.167219523917636e-48,0.35999999999894167,1.0647010536690092e-12,0.6399999999999937,25,50,10
18,8827,3.986591110289129e-39,0.3599999998774283,1.2320099152824117e-10,0.6399999999993707,25,50,10
18,8828,3.98661205025765e-39,0.35999999999296384,4.271754042403427e-11,0.6399999999643187,25,50,10
18,8829,3.9866759182445325e-39,0.3599999999952053,5.42404905540703e-12,0.6399999999993707,25,50,10
18,8830,2.6602038011750155e-44,0.35999999982375724,1.7640532144906973e-10,0.6399999999998375,25,50,10
18,8831,6.461173699445727e-44,0.3599999999958762,2.8477618193730175e-08,0.6399999715265058,25,50,10
18,8832,1.2885687108136219e-43,0.3599999999958626,2.992579976068114e-08,0.6399999700783376,25,50,10
18,8833,6.479869318404675e-44,0.3599999999991584,2.8474389530931212e-08,0.6399999715264522,25,50,10
18,8834,6.18624277164283e-42,0.35999999999546534,2.8490392738779468e-08,0.639999971514142,25,50,10
18,8835,1.0762847631010398e-46,0.3599999976153653,2.385313570905151e-09,0.6399999999993213,25,50,10
18,8836,1.4669627628555867e-41,0.3599999976182797,2.382395346939929e-09,0.639999999999325,25,50,10
18,8837,3.242096073727407e-41,0.3599999975588575,2.4584813500849022e-09,0.6399999999826612,25,50,10
18,8838,2.2723489231694988e-37,0.35999985932391454,1.4138639411048297e-07,0.6399999992896914,25,50,10
18,8839,2.272497931239045e-37,0.3599998641245057,1.3588412960112183e-07,0.6399999999913648,25,50,10
18,8840,1.49318682684893e-41,0.35999999976446534,2.4438991000507417e-10,0.6399999999911447,25,50,10
18,8841,4.9041000157093454e-45,0.3599999998854072,0.00012952357346875142,0.6398704765411241,25,50,10
18,8842,3.678236844552332e-42,0.3599999934774807,0.00012952998186491877,0.6398704765406544,25,50,10
18,8843,9.967135091233788e-40,0.3599999998288376,0.00012956362558471271,0.6398704365455778,25,50,10
18,8844,1.781909381034758e-41,0.3599999998287127,4.01675221205734e-08,0.6399999600037652,25,50,10
18,8845,1.7814957152072224e-41,0.3599999998246981,7.094554251550425e-10,0.6399999994658464,25,50,10
18,8846,4.0605014499505725e-42,0.3599999902992365,1.1138885849549379e-08,0.6399999985618776,25,50,10
18,8847,1.2957835838906819e-42,0.35996850966400723,3.149034551743035e-05,0.6399999999904753,25,50,10
18,8848,2.1561997888162892e-46,0.359999990261275,9.73973610758411e-09,0.6399999999989889,25,50,10
18,8849,5.091296904000454e-45,0.35999999995713283,4.37033649434894e-11,0.6399999999991638,25,50,10
18,8850,4.0040807591192096e-39,0.35999980914139984,1.9085968664163056e-07,0.6399999999989135,25,50,10
18,8851,1.7490548908021406e-41,0.3599998092683755,1.9217972377925262e-07,0.6399999985519007,25,50,10
18,8852,1.7506594403476956e-41,0.35999980927119524,1.9220202710123297e-07,0.6399999985267777,25,50,10
18,8853,2.090679853428879e-40,0.35999999995346266,1.5155768711646486e-09,0.6399999985309605,25,50,10
18,8854,1.2057098500231228e-39,0.35999999652617326,3.4869325848308597e-09,0.6399999999868942,25,50,10
18,8855,5.609980986144343e-45,0.35999999999777266,1.1790328236375895e-11,0.639999999990437,25,50,10
18,8856,3.146504703034844e-44,0.3599999966523779,3.3480085649013567e-09,0.6399999999996134,25,50,10
18,8857,2.627456129437129e-43,0.3599999896286906,1.037250120437067e-08,0.6399999999988082,25,50,10
18,8858,2.7929829641228178e-43,0.35999999309297775,6.90777943612493e-09,0.6399999999992427,25,50,10
18,8859,2.093249453060137e-40,0.3599999930950835,7.441182796651052e-09,0.6399999994637338,25,50,10
18,8860,2.5776593904584396e-43,0.3599999930913832,7.408843934222325e-09,0.6399999994997729,25,50,10
18,8861,8.364206765906086e-40,0.3599999930128833,8.866844919300267e-09,0.6399999981202718,25,50,10
18,8862,3.23228649754525e-43,0.3599999964505788,3.5626452780662626e-09,0.639999999986776,25,50,10
18,8863,1.2927454789409768e-43,0.3599999976176102,2.3960190175502305e-09,0.6399999999863708,25,50,10
18,8864,1.2954285666369282e-43,0.3599922636427511,7.73636975264684e-06,0.6399999999874963,25,50,10
18,8865,9.967128012175828e-40,0.35999999347931444,6.568432822917338e-09,0.6399999999522527,25,50,10
18,8866,1.0005775450779826e-39,0.35999999322535603,3.436100298216061e-08,0.6399999724136408,25,50,10
18,8867,1.8368323128383478e-41,0.3599999995772905,2.798344637270688e-08,0.6399999724392631,25,50,10
18,8868,1.5896726072222224e-41,0.35999999745603367,2.553360167921917e-09,0.6399999999906062,25,50,10
18,8869,2.2371007668152973e-40,0.3599999999969333,4.001071285981361e-08,0.6399999599923539,25,50,10
18,8870,2.2371545310411346e-40,0.35999999999912374,4.145569236158946e-08,0.6399999585451839,25,50,10
18,8871,2.093688316879486e-40,0.35999999529330745,4.470244765721886e-08,0.639999960004245,25,50,10
18,8872,2.0935181867578985e-40,0.35999999761038437,4.238557699878799e-08,0.6399999600040386,25,50,10
18,8873,8.364695398224168e-40,0.3599999975707273,4.588127677763536e-09,0.6399999978411451,25,50,10
18,8874,1.8713419310560087e-41,0.35999999018012646,1.125968763999996e-08,0.6399999985601859,25,50,10
18,8875,1.7552063822894908e-41,0.35999999022194484,1.0516196335667291e-08,0.6399999992618587,25,50,10
18,8876,2.1410361607022987e-41,0.3599999999972104,2.8476702784461765e-08,0.6399999715260869,25,50,10
18,8877,6.287502909942129e-43,0.3599999998258312,2.8659943997361726e-08,0.6399999715142247,25,50,10
18,8878,2.5746302548912763e-43,0.3599999999998508,2.8473388928230168e-08,0.6399999715267602,25,50,10
18,8879,6.483402468509326e-44,0.3599999999940561,6.1125373041750784e-12,0.6399999999998314,25,50,10
18,8880,4.915756918022384e-46,0.3599999930921266,6.93357613196111e-09,0.6399999999742971,25,50,10
18,8881,2.4047242060302854e-46,0.35999999309516667,6.905160526657115e-09,0.6399999999996726,25,50,10
18,8882,2.7909972755583453e-43,0.3599999999999077,3.6562334406411475e-11,0.6399999999635299,25,50,10
18,8883,1.7537229185969504e-41,0.3599999976146167,8.699076241601405e-08,0.6399999153946208,25,50,10
18,8884,9.958948892165028e-40,0.3599685228663976,3.1559657347055146e-05,0.6399999174762554,25,50,10
18,8885,9.95873546751428e-40,0.35996852286737435,3.155965638476007e-05,0.639999917476241,25,50,10
18,8886,9.958733367199472e-40,0.3599685228653851,3.147715878468952e-05,0.6399999999758302,25,50,10
18,8887,5.5702160452601346e-45,0.35956375252919004,0.0004362474708370928,0.6399999999999728,25,50,10
18,8888,5.5056596690177544e-45,0.35956375258489603,0.0004362474155694764,0.6399999999995345,25,50,10
18,8889,8.662703171300384e-44,0.359999996587272,3.424640099679209e-09,0.6399999999880879,25,50,10
18,8890,4.5169648034867865e-45,0.3599999999998561,4.953696465319055e-10,0.6399999995047743,25,50,10
18,8891,3.6889170339440087e-42,0.3599999998349029,2.211069875430717e-09,0.6399999979540272,25,50,10
18,8892,1.2275987163275816e-42,0.3599996283228543,3.7373626330725597e-07,0.6399999979408824,25,50,10
18,8893,3.987804441227676e-39,0.3599998687635647,1.3328323909947829e-07,0.6399999979531961,25,50,10
18,8894,5.543756559386149e-46,0.35999999744723465,4.587051010405668e-09,0.6399999979657143,25,50,10
18,8895,7.025257536106445e-41,0.359999993478316,6.521709178622245e-09,0.6399999999999748,25,50,10
18,8896,7.00046020952158e-41,0.3599999999988856,1.0104921768953073e-11,0.6399999999910095,25,50,10
18,8897,8.365075570679331e-40,0.35999999659475107,2.283533008734016e-06,0.6399977198722402,25,50,10
18,8898,2.3216295295525555e-44,0.35999999993819615,1.2208606775252666e-10,0.639999999939718,25,50,10
18,8899,3.084272950684196e-43,0.35999999995885545,6.74239046817924e-11,0.6399999999737208,25,50,10
18,8900,3.1254284473683665e-43,0.35999999991480214,1.3600882927354056e-10,0.639999999949189,25,50,10
18,8901,1.4285436788540158e-46,0.35999999999845966,2.694724706101978e-11,0.639999999974593,25,50,10
18,8902,1.2182223411317232e-45,0.35999999999549265,4.514579991194542e-12,0.6399999999999928,25,50,10
18,8903,1.2509638963286986e-42,0.35999999995821386,4.194685059758369e-11,0.6399999999998393,25,50,10
18,8904,6.434067547458082e-44,0.35999999999995025,6.606242951140099e-06,0.6399933937570986,25,50,10
18,8905,1.1125955103191314e-44,0.3599999999978828,2.802715728297713e-08,0.6399999719749601,25,50,10
18,8906,1.231658853618982e-42,0.35999999309296243,3.493157456534389e-08,0.6399999719754631,25,50,10
18,8907,1.2559951623381281e-42,0.3599999873681254,4.0166584640022513e-08,0.6399999724652902,25,50,10
18,8908,2.7966375003835167e-45,0.35999999414683964,5.8623962131755946e-09,0.6399999999907641,25,50,10
18,8909,1.507039390398405e-42,0.3599999976157843,2.3929902377691343e-09,0.6399999999912255,25,50,10
18,8910,2.2380990842850987e-41,0.35999999989936826,1.6193657879975915e-10,0.6399999999386953,25,50,10
18,8911,1.7490689420556524e-41,0.3599999998986844,1.3716545470492366e-10,0.63999999996415,25,50,10
18,8912,6.51432904940536e-45,0.35999999030292673,9.733441938708142e-09,0.6399999999636313,25,50,10
18,8913,1.8032114824344495e-44,0.35999999000995386,1.0026470592526477e-08,0.6399999999635756,25,50,10
18,8914,1.6726439430375665e-39,0.3599999837246159,1.6301978809223146e-08,0.6399999999734054,25,50,10
18,8915,3.436458170897008e-43,0.3599999835449675,4.4937336345126706e-08,0.6399999715176963,25,50,10
18,8916,1.0238911077596847e-44,0.35999961838982353,3.816108425301814e-07,0.639999999999334,25,50,10
18,8917,2.6238474186651683e-44,0.3599999999431217,5.7763903824953274e-11,0.6399999999991145,25,50,10
18,8918,3.070513900389195e-43,0.35999999670719035,3.2930730435572406e-09,0.6399999999997366,25,50,10
18,8919,4.766249797970426e-38,0.35999999749420314,2.51458774757065e-09,0.6399999999912092,25,50,10
18,8920,4.767717326341301e-38,0.35999999755756984,2.4522736488008844e-09,0.6399999999901567,25,50,10
18,8921,4.766250364928797e-38,0.359999987921448,1.209787100290311e-08,0.639999999980681,25,50,10
18,8922,2.4552128425652885e-42,0.3599999976175855,2.3827992927880077e-09,0.6399999999996152,25,50,10
18,8923,1.228647436058053e-42,0.3599999998298551,8.721882411913349e-10,0.6399999992979567,25,50,10
18,8924,3.669266162926327e-42,0.35999999977116487,9.313715098702563e-10,0.6399999992974637,25,50,10
18,8925,6.558060850943305e-44,0.3599775857338994,2.2414778614780586e-05,0.6399999994874859,25,50,10
18,8926,3.75363258707843e-42,0.35999999292720714,7.074105092596636e-09,0.6399999999986878,25,50,10
18,8927,3.689305865215985e-42,0.3599999928685324,7.131491402597409e-09,0.6399999999999761,25,50,10
18,8928,2.5773813366320155e-43,0.3599999998297674,1.7054390525327426e-10,0.6399999999996887,25,50,10
18,8929,1.3108821656816913e-45,0.3599998070128573,1.9368926653469912e-07,0.6399999992978763,25,50,10
18,8930,2.276355625423671e-40,0.359999805959052,1.9479084181532535e-07,0.6399999992501063,25,50,10
18,8931,2.573704830108306e-43,0.3599999967649333,3.2350673556361238e-09,0.6399999999999993,25,50,10
18,8932,5.680890718722234e-38,0.3599999999565202,7.455415752435959e-10,0.6399999992979382,25,50,10
18,8933,1.2340234512921992e-42,0.35999986186697713,1.3883507757204127e-07,0.6399999992979454,25,50,10
18,8934,6.97242040970805e-45,0.3599993115909483,6.884216000312639e-07,0.6399999999874517,25,50,10
18,8935,2.2723564914607542e-37,0.359999447340038,5.526601488906763e-07,0.6399999999998132,25,50,10
18,8936,2.272356275958257e-37,0.359999447337172,5.526628586178258e-07,0.6399999999999694,25,50,10
18,8937,2.0904076596956376e-40,0.3599994473412791,5.531950217836272e-07,0.6399999994636992,25,50,10
18,8938,2.0904114587365282e-40,0.35999944717147025,5.53363746161046e-07,0.6399999994647837,25,50,10
18,8939,1.7699995550030623e-45,0.35999999987677855,1.2384601500291702e-10,0.6399999999993756,25,50,10
18,8940,4.3902481470857367e-44,0.35999999981911474,2.3388092758181046e-10,0.6399999999470044,25,50,10
18,8941,1.0887727240520728e-43,0.3599999999392617,1.073114056685473e-10,0.6399999999534269,25,50,10
18,8942,8.671720044890885e-44,0.35999986418791385,1.3583771544606277e-07,0.6399999999743708,25,50,10
18,8943,5.860343098963495e-43,0.3599998639621001,1.3610319113134505e-07,0.6399999999347088,25,50,10
18,8944,9.972117871518702e-40,0.3599999999392478,1.526489302143189e-09,0.6399999985342629,25,50,10
18,8945,3.1251894461743724e-43,0.3599891338098367,1.2489091861489486e-05,0.6399983770983018,25,50,10
18,8946,3.805222747284451e-43,0.3599999997668851,1.6231433467457482e-06,0.639998377089768,25,50,10
18,8947,3.4334360917624615e-43,0.35999999309547515,6.916845866616015e-09,0.639999999987679,25,50,10
18,8948,1.514723333826026e-42,0.3599775859029478,2.2414834567287666e-05,0.6399999992624847,25,50,10
18,8949,1.59028581055055e-41,0.3599999998671629,1.4205595037193928e-10,0.6399999999907812,25,50,10
18,8950,1.5422251315741406e-42,0.3582815327375164,0.0017184672625085357,0.639999999999975,25,50,10
18,8951,2.9820808099858356e-43,0.35828153286038683,0.0017184678538195066,0.6399999992857937,25,50,10
18,8952,2.6953389345867434e-44,0.359999999994662,4.124355267909274e-11,0.6399999999640945,25,50,10
18,8953,1.2429667359854158e-42,0.3599775859026817,2.2414800053694653e-05,0.6399999992972647,25,50,10
18,8954,1.5906892852320262e-41,0.3599775765812199,2.2424120696213475e-05,0.6399999992980839,25,50,10
18,8955,1.2339817018308148e-42,0.35997757896199245,2.2421038032275857e-05,0.6399999999999753,25,50,10
18,8956,1.8722951718642783e-41,0.35997758576059974,2.2414275862690878e-05,0.6399999999635376,25,50,10
18,8957,2.264713882007257e-41,0.3599775835617753,2.4660201117607304e-05,0.6399977562371071,25,50,10
18,8958,1.0516770061672944e-40,0.35999999430881013,2.2473275398910415e-06,0.6399977583636499,25,50,10
18,8959,7.028346308198394e-41,0.35998492342653676,1.7318210126934755e-05,0.6399977583633363,25,50,10
18,8960,4.980347395764803e-42,0.3599999999991673,1.4490042296559453e-09,0.6399999985518285,25,50,10
18,8961,6.893518099211492e-44,0.35999999999843074,1.4501650464986254e-09,0.6399999985514041,25,50,10
18,8962,6.901814990698392e-44,0.359999999999163,2.0353018226094906e-09,0.6399999979655352,25,50,10
18,8963,1.2373773482322883e-42,0.3599999974923058,4.542240001620227e-09,0.6399999979654541,25,50,10
18,8964,1.1747734099439433e-46,0.359999999998913,1.9296586682951156e-12,0.6399999999991572,25,50,10
18,8965,2.5767109889607565e-43,0.359999999998504,2.1623303641786887e-12,0.6399999999993335,25,50,10
18,8966,2.0932073774315642e-40,0.3599999975734827,3.0899611959579635e-08,0.6399999715269054,25,50,10
18,8967,2.2015449701032589e-44,0.35999999995411686,5.820798371717363e-11,0.6399999999876753,25,50,10
18,8968,6.994018316295262e-41,0.3599999997830694,2.288294348875418e-10,0.6399999999881012,25,50,10
18,8969,8.587030941896307e-44,0.35999999999281296,1.467325968141761e-09,0.6399999985398611,25,50,10
18,8970,8.365557662621246e-40,0.3599999999946939,5.003882262727357e-10,0.6399999995049179,25,50,10
18,8971,8.640630438379237e-44,0.35999999987355197,1.6214912122118143e-10,0.6399999999642989,25,50,10
18,8972,3.710952492514931e-43,0.359999999881536,1.5477974393230565e-10,0.6399999999636843,25,50,10
18,8973,3.328762523955634e-43,0.3599999998815747,1.1843738800358864e-10,0.6399999999999879,25,50,10
18,8974,7.04568879619748e-44,0.35999999999818477,7.397085607003711e-10,0.6399999992621066,25,50,10
18,8975,1.167151324323146e-47,0.35999999983438563,1.657712624549865e-10,0.639999999999843,25,50,10
18,8976,5.4195773548675466e-45,0.3599999998384538,1.6176916389555062e-10,0.639999999999777,25,50,10
18,8977,1.5324996535961616e-45,0.3599999975737274,2.439665839651695e-09,0.6399999999866067,25,50,10
18,8978,1.7513074765061979e-41,0.35999999757350887,2.4356985878439085e-09,0.6399999999907927,25,50,10
18,8979,1.0452515321710018e-39,0.359999999991764,2.5328845124479173e-11,0.6399999999829071,25,50,10
18,8980,1.2272316734249674e-42,0.3599999999542143,4.689303614276341e-11,0.6399999999988927,25,50,10
18,8981,1.8776532621966009e-41,0.3599999933338704,6.667860178131426e-09,0.6399999999982695,25,50,10
18,8982,6.490990821903238e-44,0.3599999999358623,1.5380057780224535e-09,0.6399999985261321,25,50,10
18,8983,2.207774015264612e-44,0.35999999999696614,3.0594641588963408e-12,0.6399999999999744,25,50,10
18,8984,1.123393965518789e-41,0.34488768951272314,0.015112310987445572,0.6399999994998314,25,50,10
18,8985,6.4106675005970926e-43,0.35999981231912836,1.8768151626891868e-07,0.6399999999993554,25,50,10
18,8986,3.988172555740899e-39,0.3599996732225676,3.267785161950075e-07,0.6399999999989163,25,50,10
18,8987,3.987208273434099e-39,0.359999805629577,2.228445997837182e-07,0.6399999715258232,25,50,10
18,8988,3.986606410684183e-39,0.35999999313905057,6.861429280134469e-09,0.6399999999995202,25,50,10
18,8989,2.1633445549744577e-44,0.35999999999694227,7.055111986000304e-10,0.6399999992975467,25,50,10
18,8990,3.237501995404447e-36,0.3599925178949417,7.482843191849473e-06,0.6399999992618665,25,50,10
18,8991,3.237502256968691e-36,0.35938242925613617,0.000617570758031597,0.6399999999858322,25,50,10
18,8992,1.466961910804348e-41,0.35999999982614206,1.6339835671701491e-09,0.6399999985398744,25,50,10
18,8993,9.758111772681433e-47,0.35999999999617593,3.846526998376851e-12,0.6399999999999777,25,50,10
18,8994,3.071346075047222e-43,0.3599998640670479,1.3594542216530289e-07,0.6399999999875299,25,50,10
18,8995,1.0276357970164549e-44,0.3599998642476031,1.357904132224083e-07,0.6399999999619836,25,50,10
18,8996,1.4669560384722702e-41,0.35999999994120296,5.88017341530775e-11,0.6399999999999954,25,50,10
18,8997,1.4669702653401314e-41,0.35999999030004864,9.712422088610062e-09,0.6399999999875292,25,50,10
18,8998,3.672097389264915e-42,0.3599999999988601,7.244777737945902e-10,0.6399999992766621,25,50,10
18,8999,7.000990925437068e-41,0.35999944717007915,5.528392233745336e-07,0.6399999999906976,25,50,10
18,9000,9.760444029819004e-40,0.35999999982470854,8.779861227610096e-10,0.6399999992973053,25,50,10
18,9001,1.2822629127276852e-38,0.3599999901318074,8.782536166011132e-08,0.6399999220428307,25,50,10
18,9002,8.361723670878888e-40,0.35999999995713705,5.648822408570533e-11,0.6399999999863748,25,50,10
18,9003,8.361786858344491e-40,0.35999999982879816,6.549635586966461e-10,0.6399999995162383,25,50,10
18,9004,9.889709453162333e-45,0.3599999999573623,5.384666276169959e-10,0.6399999995041711,25,50,10
18,9005,5.311966055163705e-46,0.3599999998349269,1.744663380874042e-10,0.6399999999906069,25,50,10
18,9006,2.5755930488643885e-43,0.3599998091494329,1.908633407635807e-07,0.6399999999872263,25,50,10
18,9007,2.081042997168825e-46,0.35999999999705024,1.632169263662529e-11,0.639999999986628,25,50,10
18,9008,1.9747102370754243e-46,0.3599999999383952,7.038302891968754e-11,0.6399999999912217,25,50,10
18,9009,1.2975357010210218e-46,0.3599999999401992,5.981643010007218e-11,0.6399999999999844,25,50,10
18,9010,3.646620465962851e-46,0.35999999993822684,6.25534682806773e-11,0.6399999999992196,25,50,10
18,9011,1.9334196667693462e-46,0.3599999999412107,5.942335762450981e-11,0.639999999999366,25,50,10
18,9012,3.798095192118618e-46,0.3599999998788595,1.5683824248995433e-10,0.6399999999643022,25,50,10
18,9013,1.8770077697839972e-42,0.35999999761529805,2.4293690249333255e-09,0.6399999999553327,25,50,10
18,9014,1.5558660314243243e-42,0.35999999761821977,2.453573854485987e-09,0.6399999999282063,25,50,10
18,9015,3.819076350619203e-46,0.3599999999978721,3.804362114893606e-11,0.6399999999640843,25,50,10
18,9016,3.8089769664799096e-46,0.35999999999994187,6.512596730667848e-14,0.639999999999993,25,50,10
18,9017,3.689377683083346e-42,0.35999999995737963,5.279671711819338e-11,0.6399999999898236,25,50,10
18,9018,5.773112879920202e-45,0.3599999880017338,1.1998285978169345e-08,0.6399999999999803,25,50,10
18,9019,1.160078537496725e-44,0.35999999026227786,1.0220634627510173e-08,0.6399999995170876,25,50,10
18,9020,5.104601870264331e-45,0.3599999999988418,4.85150332231605e-10,0.639999999516008,25,50,10
18,9021,1.7490813668580193e-41,0.3599999998266488,1.7486806851579463e-10,0.6399999999984831,25,50,10
18,9022,4.045090588273613e-42,0.35999999670800437,3.775044739691077e-09,0.639999999516951,25,50,10
18,9023,3.73332590574458e-42,0.3599999999977013,4.85200633249426e-10,0.6399999995170981,25,50,10
18,9024,6.788633831783514e-43,0.3599999999968524,2.0729096863658727e-09,0.639999997930238,25,50,10
18,9025,3.0746685769274635e-43,0.3599999999999218,5.35719519288153e-10,0.6399999994643588,25,50,10
18,9026,8.296370108702046e-45,0.35999999665283655,3.847346185935907e-09,0.6399999994998173,25,50,10
18,9027,1.2413528302052636e-45,0.3599999999998774,4.99838263157767e-10,0.6399999995002843,25,50,10
18,9028,1.3091247736904332e-45,0.3599999999988861,5.266637870417361e-10,0.6399999994744502,25,50,10
18,9029,3.078974383863667e-43,0.35999999985466935,1.7091092867990785e-10,0.6399999999744197,25,50,10
18,9030,1.7485428352207768e-41,0.35999999769540614,2.3058656574894714e-09,0.6399999999987283,25,50,10
18,9031,1.7490523260341314e-41,0.3599999998757756,4.192164943499857e-09,0.6399999959320595,25,50,10
18,9032,8.36248773874902e-40,0.3599999997568617,4.80167361142248e-09,0.6399999954414646,25,50,10
18,9033,4.0012644325760626e-39,0.3599999995937852,2.499803345448634e-09,0.6399999979064115,25,50,10
18,9034,4.002834350614676e-39,0.35999999745227457,2.5904433857583258e-09,0.6399999999572821,25,50,10
18,9035,1.2485571486345303e-42,0.3599999974385716,8.578686290126802e-08,0.6399999167745655,25,50,10
18,9036,1.873398684216508e-41,0.359999995194365,4.805660901854021e-09,0.6399999999999741,25,50,10
18,9037,1.897020731517777e-41,0.3599999951913508,4.817661863353343e-09,0.6399999999909873,25,50,10
18,9038,1.9045731943119106e-41,0.3599999952530171,4.756494875929744e-09,0.639999999990488,25,50,10
18,9039,4.867664010146985e-38,0.3599999887918198,1.1251276737028737e-08,0.6399999999569034,25,50,10
18,9040,1.8722809093656764e-41,0.3599994424847356,5.575157221226285e-07,0.6399999999995424,25,50,10
18,9041,4.767719477593232e-38,0.3599994472958133,5.527128204040584e-07,0.6399999999913664,25,50,10
18,9042,4.76771951577693e-38,0.3599994472549557,5.527934104270989e-07,0.6399999999516339,25,50,10
18,9043,1.9564119000275898e-41,0.35999999995856546,8.986536742085162e-11,0.6399999999515693,25,50,10
18,9044,1.53498197884087e-42,0.35998913382709147,1.0866221538000581e-05,0.6399999999513706,25,50,10
18,9045,3.9866124160384935e-39,0.35999999535674243,8.263776968693156e-08,0.6399999220054878,25,50,10
18,9046,3.986676166532994e-39,0.35999999305323926,6.95555296800056e-09,0.6399999999912078,25,50,10
18,9047,3.9865940967465567e-39,0.3599999953548365,4.657503530033267e-09,0.63999999998766,25,50,10
18,9048,5.7409269508574325e-43,0.359999996667836,3.3323434190100592e-09,0.6399999999998207,25,50,10
18,9049,1.498125250997197e-41,0.35999986876538304,1.3124342763046207e-07,0.6399999999911894,25,50,10
18,9050,1.5003945168928608e-41,0.3599998687647157,1.3124515737774294e-07,0.639999999990127,25,50,10
18,9051,4.0571535666325984e-39,0.3599999999967311,3.809332989104934e-11,0.6399999999651756,25,50,10
18,9052,5.533258390510553e-46,0.3599999942046167,5.795414333639816e-09,0.639999999999969,25,50,10
18,9053,3.990266654108623e-39,0.35999999652769477,3.5436714197775295e-09,0.6399999999286339,25,50,10
18,9054,1.8637643607281072e-46,0.3599999965891901,3.4468013050622723e-09,0.6399999999640087,25,50,10
18,9055,5.78055498609332e-38,0.3599999967054379,3.3302523372754774e-09,0.6399999999643097,25,50,10
18,9056,1.0665882149279992e-39,0.3599999998241332,2.9913127819358327e-09,0.639999997184554,25,50,10
18,9057,6.99406599595869e-41,0.35999980897203065,1.9289517183438965e-07,0.6399999981327975,25,50,10
18,9058,2.807078508774016e-45,0.3599998091451168,1.9272268616554226e-07,0.639999998132197,25,50,10
18,9059,3.7328625783043196e-42,0.35999999982702385,8.929831514677102e-10,0.639999999279993,25,50,10
18,9060,7.635455822447339e-44,0.3599999929243902,7.786203157281518e-09,0.6399999992894067,25,50,10
18,9061,1.599741117827336e-42,0.3599999904280436,1.0316688114892258e-08,0.6399999992552683,25,50,10
18,9062,1.9340906239196323e-41,0.3599999833009725,1.7435285304501365e-08,0.6399999992637422,25,50,10
18,9063,2.3868740148370266e-41,0.35999999021768075,9.818955386751873e-09,0.6399999999633639,25,50,10
18,9064,1.897629924830522e-41,0.359999996570236,3.439885121903273e-09,0.6399999999898789,25,50,10
18,9065,1.8713302273894605e-41,0.35999999634082214,3.6597717397483865e-09,0.639999999999406,25,50,10
18,9066,2.498594896954571e-39,0.34488218856398406,0.01511781149839552,0.6399999999376204,25,50,10
18,9067,2.4973692159535497e-39,0.3448821861631888,0.01511781386238968,0.6399999999744215,25,50,10
18,9068,4.009547010921792e-46,0.35999999995516646,4.547719180103566e-11,0.6399999999993562,25,50,10
18,9069,4.5581030845277005e-45,0.35999999994047244,6.019693493524098e-11,0.6399999999993307,25,50,10
18,9070,2.272356300330153e-37,0.3599999974444229,2.5647620203584786e-09,0.6399999999908152,25,50,10
18,9071,2.2723562079229467e-37,0.359999997497113,2.5127493956083532e-09,0.6399999999901376,25,50,10
18,9072,2.272356151310649e-37,0.3599999941511054,5.8490564499897675e-09,0.6399999999998381,25,50,10
18,9073,2.272368410114316e-37,0.35999999761622464,2.3840187058983315e-09,0.6399999999997568,25,50,10
18,9074,5.478242269013583e-45,0.35999998060525223,1.9395395404678116e-08,0.6399999999993524,25,50,10
18,9075,2.6274406657314192e-43,0.35999998060818456,1.9427063968826464e-08,0.6399999999647514,25,50,10
18,9076,2.5745532307762405e-43,0.3599999999989154,2.9938792777176693e-12,0.6399999999980908,25,50,10
18,9077,2.0904529157834764e-40,0.3599999999968055,3.992741639934462e-12,0.6399999999992019,25,50,10
18,9078,2.0905090146935124e-40,0.35999999761626145,2.4020533299067856e-09,0.6399999999816852,25,50,10
18,9079,4.766280914644865e-38,0.3599999859010701,1.4107987858328868e-08,0.639999999990942,25,50,10
18,9080,4.019243307175458e-42,0.359999994901057,5.800927977820629e-09,0.6399999992980151,25,50,10
18,9081,2.7469206737981153e-44,0.35999999007132033,1.2104293649179403e-08,0.6399999978243861,25,50,10
18,9082,3.926804761219303e-39,0.35939990832722374,0.0006000938311588907,0.6399999978416173,25,50,10
18,9083,2.1653045829992313e-44,0.3599999901339075,9.866430300489526e-09,0.6399999999996622,25,50,10
18,9084,9.969546590136454e-40,0.35999999974398705,2.680966839193573e-10,0.6399999999879161,25,50,10
18,9085,9.966480661989085e-40,0.3599999997281915,2.844883587426995e-10,0.63999999998732,25,50,10
18,9086,1.249027264442536e-42,0.3599999929732433,7.03928863613521e-09,0.639999999987468,25,50,10
18,9087,2.07140505317388e-46,0.35999999991567383,8.527621631339415e-11,0.6399999999990499,25,50,10
18,9088,6.472796599019622e-44,0.3599788256127649,2.1175090052637605e-05,0.6399999992971824,25,50,10
18,9089,1.313261380249025e-42,0.3599998124852597,1.8752448026729345e-07,0.6399999999902599,25,50,10
18,9090,1.231643372577042e-42,0.35999999995411286,4.6216818168463876e-11,0.6399999999996705,25,50,10
18,9091,1.227207179576479e-42,0.3599999999541471,4.586957618521831e-11,0.6399999999999834,25,50,10
18,9092,1.672067497584508e-46,0.3599999930963097,6.904487497270904e-09,0.6399999999992028,25,50,10
18,9093,1.4980793602599355e-41,0.35999999309732755,6.903611651915453e-09,0.6399999999990609,25,50,10
18,9094,3.669642046733961e-42,0.359999999998956,7.63809992467117e-10,0.639999999237234,25,50,10
18,9095,1.19185017392887e-38,0.35999999999994686,1.622962418947498e-06,0.6399983770376343,25,50,10
18,9096,7.35646209971552e-42,0.35999999987882786,9.202464486863516e-10,0.6399999992009257,25,50,10
18,9097,3.667645684935242e-42,0.35999986412750296,1.3593469299309798e-07,0.6399999999378041,25,50,10
18,9098,2.2066333995183483e-33,0.3599999966530646,4.122787790633797e-09,0.6399999992241477,25,50,10
18,9099,5.5862495371266104e-45,0.3599999999998718,2.8973058046189424e-08,0.6399999710270702,25,50,10
18,9100,1.7747995678414756e-41,0.3599999998814583,2.9104225362583834e-08,0.6399999710143163,25,50,10
18,9101,1.023621122817564e-40,0.3599999976955781,2.354900275705349e-09,0.6399999999495216,25,50,10
18,9102,8.742610339376181e-41,0.35998913150476,1.0868508015211473e-05,0.6399999999872248,25,50,10
18,9103,6.994072834760371e-41,0.3599999942929049,5.7328098595012676e-09,0.6399999999742852,25,50,10
18,9104,6.996225216803243e-41,0.3599999974760813,2.5835014724741466e-09,0.6399999999404173,25,50,10
18,9105,6.994064717640675e-41,0.35999999751786627,2.5082826224541204e-09,0.6399999999738512,25,50,10
18,9106,1.2279664999488169e-42,0.3599999906563036,9.187980934261975e-08,0.6399999174638871,25,50,10
18,9107,1.495535878873773e-41,0.3599999999384218,8.259428993250877e-08,0.6399999174672883,25,50,10
18,9108,5.912592128267738e-43,0.35999999987760545,1.482522713158039e-10,0.6399999999741423,25,50,10
18,9109,3.3440445926365984e-43,0.3599999997683345,2.3167720123501483e-10,0.6399999999999882,25,50,10
18,9110,3.1138623156808095e-43,0.3599999998588374,1.5369995500185382e-10,0.6399999999874626,25,50,10
18,9111,6.994545056251124e-41,0.3599999966524454,3.3733297782547836e-09,0.6399999999742247,25,50,10
18,9112,8.463122237306234e-41,0.3599999965949021,3.4135861444035644e-09,0.6399999999915117,25,50,10
18,9113,1.2917742529207674e-42,0.3599999997567812,9.70467781099866e-10,0.6399999992727509,25,50,10
18,9114,3.238124704161667e-36,0.35999980240778884,2.0032790714339487e-07,0.6399999972643041,25,50,10
18,9115,8.597748322860426e-44,0.3599999976176496,4.4247998940455385e-09,0.6399999979575505,25,50,10
18,9116,8.965907353146285e-47,0.3599999998269958,2.0748691189967038e-10,0.6399999999655172,25,50,10
18,9117,6.791731309470304e-37,0.3599999999535753,9.755443016189061e-11,0.6399999999488702,25,50,10
18,9118,1.3452326155370112e-45,0.3599999999557005,1.533724061952492e-10,0.639999999890927,25,50,10
18,9119,3.986591299806605e-39,0.35999999978771513,2.959630277640285e-10,0.6399999999163217,25,50,10
18,9120,6.2966510737991976e-43,0.359999999840798,2.1470224589222895e-10,0.6399999999444997,25,50,10
18,9121,2.2723263379032407e-37,0.35999941088029097,7.051306319474754e-07,0.639999883989077,25,50,10
18,9122,1.3209060319255401e-42,0.3599999953120758,1.206420325882451e-07,0.6399998840458916,25,50,10
18,9123,2.46056312131428e-42,0.35999999987948994,8.264472960689193e-08,0.6399999174757806,25,50,10
18,9124,1.2340144407552403e-42,0.3599999998803908,8.264397851772141e-08,0.6399999174756308,25,50,10
18,9125,1.513551373161315e-42,0.3599999998377386,1.8054655258804527e-10,0.6399999999817148,25,50,10
18,9126,1.1916803603233907e-38,0.35999998060519844,1.9412700616107143e-08,0.6399999999821009,25,50,10
18,9127,1.1915587539912575e-38,0.35999998685716345,1.3172895510379364e-08,0.6399999999699412,25,50,10
18,9128,1.1915588658880036e-38,0.3599999835297977,1.8557050318602415e-08,0.6399999979131519,25,50,10
18,9129,1.19153185846174e-38,0.3599999868723329,1.3172147326858041e-08,0.6399999999555197,25,50,10
18,9130,1.275148194073413e-38,0.3599997995775077,2.009276697948298e-07,0.6399999994948224,25,50,10
18,9131,1.1915318213039834e-38,0.3599997996191838,2.003938169225035e-07,0.6399999999869992,25,50,10
18,9132,2.0904224921112937e-40,0.3599999903040314,9.734947651375459e-09,0.639999999961021,25,50,10
18,9133,1.2282302608642421e-42,0.3599998642434363,1.3577075251706534e-07,0.6399999999858113,25,50,10
18,9134,2.4605513171214903e-42,0.3593897757759207,0.0006102242451754207,0.6399999999789039,25,50,10
18,9135,3.9768828867388366e-42,0.35999999296901436,7.031005882158912e-09,0.6399999999999799,25,50,10
18,9136,4.0404715248342e-42,0.35999985717370203,1.4285261305741212e-07,0.6399999999736848,25,50,10
18,9137,3.8712832941129707e-35,0.3599999999999598,3.9355027417729805e-08,0.6399999606450129,25,50,10
18,9138,1.7490448892705513e-41,0.3599999999567355,4.389670839885192e-11,0.6399999999993677,25,50,10
18,9139,9.689538628860946e-44,0.35999999999744925,5.206100231210575e-10,0.6399999994819408,25,50,10
18,9140,8.365192361614769e-40,0.3599999999937607,5.240618209539547e-10,0.6399999994821775,25,50,10
18,9141,8.361656710361806e-40,0.35999999995303855,1.507532301376893e-09,0.6399999985394292,25,50,10
18,9142,3.125966181144439e-43,0.35999999755965684,3.900042632471058e-09,0.6399999985403007,25,50,10
18,9143,2.7659687605047013e-46,0.35999999994023946,7.167242400421315e-11,0.6399999999880882,25,50,10
18,9144,2.5744046867914683e-43,0.35999999994120374,1.0705201407043441e-10,0.6399999999517442,25,50,10
18,9145,1.4997823446026042e-41,0.35999999999849913,2.0827419597243646e-09,0.6399999979187588,25,50,10
18,9146,1.467555005750469e-41,0.3599999998760385,2.16639442285661e-09,0.639999997957567,25,50,10
18,9147,9.229324564781846e-44,0.3599998640043147,1.3601324783494387e-07,0.6399999999824374,25,50,10
18,9148,4.901008193671639e-45,0.359999999877815,1.651341843180318e-10,0.6399999999570509,25,50,10
18,9149,5.759794734108311e-45,0.3599999998770573,1.4110772802734778e-10,0.6399999999818351,25,50,10
18,9150,1.4986247998326803e-44,0.35999999987434683,1.3525597737856425e-10,0.6399999999903973,25,50,10
18,9151,1.5383108336343414e-42,0.3599999999963954,1.461087349545576e-09,0.6399999985425172,25,50,10
18,9152,1.2324240670158006e-42,0.3599999903031918,9.70573731152847e-09,0.6399999999910708,25,50,10
18,9153,2.1031074206690503e-40,0.3599999999990882,7.79930930896473e-08,0.6399999220078186,25,50,10
18,9154,4.208244775786842e-32,0.35999986424379904,1.3580485937512083e-07,0.6399999999513416,25,50,10
18,9155,4.208244754939141e-32,0.35999999999519183,1.882595592332408e-11,0.6399999999859822,25,50,10
18,9156,1.2135048206284466e-45,0.3599999998370624,1.6481262275448147e-10,0.6399999999981251,25,50,10
18,9157,3.136897600367463e-43,0.3599999998371148,1.7235536317216684e-10,0.6399999999905298,25,50,10
18,9158,1.2338811715258367e-42,0.35999999970722757,3.024748377789782e-10,0.6399999999902977,25,50,10
18,9159,1.5460902302152687e-42,0.3599994376449452,5.62368167209321e-07,0.6399999999868876,25,50,10
18,9160,1.1186568356737959e-44,0.3599999930972603,3.490234046822481e-08,0.6399999720003993,25,50,10
18,9161,1.2772092657543412e-44,0.35999999305442737,7.481419031425904e-09,0.6399999994641535,25,50,10
18,9162,3.699172176210082e-42,0.35999999995804693,4.01339718486088e-08,0.6399999599079811,25,50,10
18,9163,4.920278727760361e-44,0.35999999285892414,7.141243543823271e-09,0.6399999999998323,25,50,10
18,9164,3.238108061915025e-36,0.3599999930335558,6.975800621368052e-09,0.6399999999906436,25,50,10
18,9165,2.2098715399024083e-33,0.35999999658893456,3.4481493031155105e-09,0.639999999962916,25,50,10
18,9166,2.3912055718253534e-33,0.3599999999359199,8.871067613911262e-11,0.6399999999753695,25,50,10
18,9167,1.845723489605392e-34,0.35999999987732834,1.5655676800861656e-10,0.639999999966115,25,50,10
18,9168,1.8457241832556746e-34,0.35999960649406376,3.9350595135245466e-07,0.639999999999985,25,50,10
18,9169,1.8457220928944884e-34,0.35999960648900853,3.9351179837644907e-07,0.6399999999991932,25,50,10
18,9170,5.680893877873556e-38,0.3599999995973292,9.290125247116363e-10,0.6399999994736583,25,50,10
18,9171,2.266447356080913e-44,0.35999999999913795,1.667166531818537e-12,0.6399999999991949,25,50,10
18,9172,3.2178996405798627e-43,0.35999999999981924,5.006686955223671e-10,0.639999999499512,25,50,10
18,9173,2.5787543912903632e-43,0.35999999995448007,5.785699999573384e-11,0.6399999999876629,25,50,10
18,9174,6.241159906304433e-45,0.35999999343171624,6.5689691272930535e-09,0.6399999999993146,25,50,10
18,9175,1.4978400322393235e-41,0.35999999987974457,1.489009151469794e-09,0.6399999986312465,25,50,10
18,9176,1.792647246439064e-42,0.3599999999383827,7.102634981878251e-11,0.639999999990591,25,50,10
18,9177,1.6412563265169182e-42,0.35999999020143425,9.798801576818723e-09,0.6399999999997642,25,50,10
18,9178,1.8828228625727046e-42,0.35999998096117025,1.9522409235542517e-08,0.6399999995164205,25,50,10
18,9179,1.779913423555637e-41,0.35999980229407524,1.9770769671799097e-07,0.6399999999982282,25,50,10
18,9180,1.7503205190162684e-41,0.3599920705693597,7.92943144971122e-06,0.6399999999991907,25,50,10
18,9181,4.76621140301182e-38,0.35999999753190215,2.485395873083943e-09,0.6399999999827021,25,50,10
18,9182,1.1005418763744269e-42,0.35999999009859407,9.944334956545491e-09,0.639999999957071,25,50,10
18,9183,5.14803071077927e-43,0.3599999998758526,1.6730199926514166e-10,0.6399999999568454,25,50,10
18,9184,5.1480275897593e-43,0.35999999987457654,1.8567320363478348e-10,0.6399999999397503,25,50,10
18,9185,8.284696442348151e-43,0.35999999993285264,9.69903574559073e-11,0.639999999970157,25,50,10
18,9186,8.27717459663182e-43,0.35999999999277277,2.4756934494442815e-11,0.6399999999824704,25,50,10
18,9187,5.941384388491969e-45,0.3599999999899083,1.0987291562486869e-11,0.6399999999991043,25,50,10
18,9188,8.361675492493416e-40,0.359999999954409,7.144790454565124e-11,0.639999999974143,25,50,10
18,9189,8.361651031370388e-40,0.35999999999914883,2.800048017204975e-08,0.6399999720003711,25,50,10
18,9190,5.764712235617434e-38,0.3599891338574301,1.0894167531151648e-05,0.6399999719750388,25,50,10
18,9191,1.2072101242371107e-46,0.35999999999099486,5.648121306939908e-08,0.639999943527792,25,50,10
18,9192,1.2277992491655157e-42,0.3599999999955566,4.6108153751505635e-12,0.6399999999998324,25,50,10
18,9193,6.23372910438647e-45,0.35999999999621657,3.9431839107992734e-12,0.6399999999998403,25,50,10
18,9194,2.3427738056786724e-44,0.3599999998743693,1.862939236908447e-10,0.6399999999393367,25,50,10
18,9195,2.581192611629247e-43,0.3599999999962533,1.0010212596818566e-10,0.6399999999036445,25,50,10
18,9196,5.403244802517862e-45,0.3599999999959833,8.256373273581988e-08,0.639999917440284,25,50,10
18,9197,6.994641356559648e-41,0.35999999535173643,5.149492586077297e-09,0.6399999994987711,25,50,10
18,9198,5.680897705438728e-38,0.359999999990687,5.099391083549175e-10,0.639999999499374,25,50,10
18,9199,3.0838245643513008e-43,0.359999999994818,5.6409506983043085e-12,0.6399999999995412,25,50,10
18,9200,3.0726112306359713e-43,0.359999999953117,6.023736812655139e-11,0.6399999999866456,25,50,10
18,9201,3.5139780811090916e-43,0.3599999998246639,1.7665602672565979e-10,0.6399999999986801,25,50,10
18,9202,3.2153025942924355e-45,0.3599999998261443,1.738638290393349e-10,0.6399999999999919,25,50,10
18,9203,3.9865912887882153e-39,0.3599999999941812,6.063024763766618e-12,0.6399999999997559,25,50,10
18,9204,2.640743734332884e-43,0.359999999824662,1.7625903534898084e-10,0.639999999999079,25,50,10
18,9205,8.567363020886183e-42,0.35999999008991684,8.787595136694832e-08,0.6399999220341318,25,50,10
18,9206,4.899812491210306e-42,0.3599999900086155,8.796086737559656e-08,0.6399999220305171,25,50,10
18,9207,4.9043871635517674e-42,0.359999990131078,8.782564238787034e-08,0.6399999220432797,25,50,10
18,9208,5.780922710463541e-38,0.359999999937197,7.874703017758232e-08,0.6399999213157729,25,50,10
18,9209,1.1918990828508973e-38,0.359999996651661,3.3747246101701392e-09,0.6399999999736145,25,50,10
18,9210,1.1932811051173912e-38,0.3599922636412849,7.736396328834025e-06,0.6399999999623863,25,50,10
18,9211,1.7488194210948512e-41,0.3599922636347887,7.736377908741588e-06,0.6399999999873025,25,50,10
18,9212,1.748402273346491e-41,0.35999226363774683,7.736363311987315e-06,0.6399999999989412,25,50,10
18,9213,4.7153424011663795e-45,0.35999999987813325,6.593190303453696e-10,0.6399999994625477,25,50,10
18,9214,3.0723089859474417e-43,0.3599999997822401,7.429114067332539e-10,0.6399999994748485,25,50,10
18,9215,1.4691431274010547e-41,0.3599999998208686,7.0521878479986e-10,0.6399999994739126,25,50,10
18,9216,1.4691429033517186e-41,0.3599999998277524,7.154256285161021e-10,0.6399999994568221,25,50,10
18,9217,1.4670678874927074e-41,0.3599999999978006,2.038603268125426e-11,0.6399999999818133,25,50,10
18,9218,2.0172103011888815e-46,0.3599999999963218,1.622930354444679e-11,0.6399999999874489,25,50,10
18,9219,7.096258273862947e-44,0.35999999999748694,2.966488455393457e-12,0.6399999999995465,25,50,10
18,9220,4.773158924708013e-38,0.3599999999980558,1.0662887948791462e-11,0.6399999999912814,25,50,10
18,9221,7.0259438831424e-41,0.3599999999390009,6.159837343510247e-11,0.6399999999994007,25,50,10
18,9222,1.5008722758961082e-41,0.3599685098238269,3.149017685569177e-05,0.6399999999993176,25,50,10
18,9223,1.1915630390072285e-38,0.3599685228609914,3.1477139242467556e-05,0.6399999999997662,25,50,10
18,9224,3.0678515091267118e-43,0.35999999977515584,2.2486420909237385e-10,0.6399999999999799,25,50,10
18,9225,1.5396418022562357e-42,0.35999998677781486,1.3900653403664973e-08,0.6399999993215317,25,50,10
18,9226,1.8328145703865792e-42,0.35828152939667873,0.0017184713159572643,0.6399999992873641,25,50,10
18,9227,3.034869364304643e-43,0.3582815328664994,0.001718467142732576,0.639999999990768,25,50,10
18,9228,1.0467017753368972e-44,0.35999999999878474,5.982618439374073e-11,0.6399999999413892,25,50,10
18,9229,3.9508861621785845e-42,0.35999999518768355,4.854442882714962e-09,0.6399999999578736,25,50,10
18,9230,1.8857375529280786e-41,0.35999999030326,9.698390642355432e-09,0.6399999999983494,25,50,10
18,9231,8.487281757433417e-41,0.35999999309043385,8.394097892992594e-09,0.6399999985154683,25,50,10
18,9232,7.04561466247886e-41,0.359999993051757,6.984562481374762e-09,0.6399999999636805,25,50,10
18,9233,6.994140725935019e-41,0.3599999930958442,6.948775231952152e-09,0.6399999999553806,25,50,10
18,9234,1.2308389342967738e-45,0.35999999999482163,2.981448835207629e-11,0.6399999999753638,25,50,10
18,9235,1.7003741876925185e-45,0.359999999941252,5.837383919627313e-10,0.6399999994750096,25,50,10
18,9236,3.986852047927399e-39,0.3599999953555972,1.6055815764893223e-07,0.6399998440862452,25,50,10
18,9237,3.986594539444398e-39,0.3599999952969538,1.2063047384165385e-07,0.6399998840725725,25,50,10
18,9238,3.986595755101804e-39,0.35999999212171807,1.23840539512572e-07,0.6399998840377424,25,50,10
18,9239,3.986596189764382e-39,0.359999993316478,1.226489047192809e-07,0.6399998840346172,25,50,10
18,9240,6.943513455799475e-41,0.3595637523047099,0.00043636366174947173,0.6399998840335406,25,50,10
18,9241,9.126826431132377e-45,0.3599999997880605,1.6808371523229784e-09,0.6399999985311022,25,50,10
18,9242,6.994064731800717e-41,0.35999999728432214,2.716903190759255e-09,0.6399999999987745,25,50,10
18,9243,2.5776195190471163e-43,0.3599999999968442,4.107003039148937e-12,0.6399999999990489,25,50,10
18,9244,3.532028313522137e-43,0.35999999987587783,1.0988239260501626e-09,0.6399999990252984,25,50,10
18,9245,3.48864270295028e-43,0.3599999998750782,1.809181664478126e-09,0.6399999983157401,25,50,10
18,9246,2.170234027596072e-44,0.3599999999581118,4.190595318057579e-11,0.6399999999999822,25,50,10
18,9247,3.987830792199599e-39,0.3599995993265944,4.006857462916108e-07,0.6399999999876593,25,50,10
18,9248,3.986577811184565e-39,0.359999606412746,3.935872735613406e-07,0.6399999999999805,25,50,10
18,9249,2.7014023930385507e-44,0.35999944734122347,5.526803105553808e-07,0.6399999999784661,25,50,10
18,9250,2.8427667501792787e-43,0.3599994473392292,5.526867759825778e-07,0.639999999973995,25,50,10
18,9251,3.991778272399671e-46,0.3599999998298425,1.7076972979922208e-10,0.6399999999993878,25,50,10
18,9252,1.1943743399738736e-46,0.35999999977038366,2.3021231017387657e-10,0.6399999999994042,25,50,10
18,9253,1.2275126325431846e-42,0.3599998640777291,1.3662500980261248e-07,0.6399999992972611,25,50,10
18,9254,1.1773513337241167e-46,0.35999999999778026,2.4574027636370854e-12,0.6399999999997623,25,50,10
18,9255,5.4980723460003675e-45,0.3599999998748653,2.1594232687672683e-09,0.6399999979657114,25,50,10
18,9256,3.667503236229003e-42,0.3599999998354894,4.2205593024859186e-08,0.6399999579589175,25,50,10
18,9257,1.2588344287469362e-42,0.35999999653349835,8.142321797601241e-08,0.6399999220432838,25,50,10
18,9258,1.7496538319091019e-41,0.359999864124488,1.3790939850670536e-07,0.6399999979661135,25,50,10
18,9259,1.404772011068051e-44,0.35999999970875185,2.92005814328201e-10,0.6399999999992424,25,50,10
18,9260,4.004080949394653e-39,0.35999999973854807,2.2798552373072927e-06,0.6399977204062146,25,50,10
18,9261,3.9865914822680964e-39,0.35999999982209774,1.7913624414873753e-10,0.6399999999987661,25,50,10
18,9262,3.986595734392722e-39,0.3599999998977502,1.5502226174291726e-09,0.6399999985520272,25,50,10
18,9263,5.685115604620488e-45,0.35999999987585113,1.5419334020223372e-10,0.6399999999699556,25,50,10
18,9264,4.049290547860407e-42,0.3599999966544081,3.3755944446765035e-09,0.6399999999699975,25,50,10
18,9265,1.749496506773487e-41,0.35999999665252125,3.3647403559447475e-09,0.6399999999827384,25,50,10
18,9266,6.994175210891611e-41,0.35999251789765635,7.482157809096855e-06,0.6399999999445345,25,50,10
18,9267,6.999627871832985e-41,0.35999252120132297,7.51882363192863e-06,0.6399999599750451,25,50,10
18,9268,2.7193355882539046e-43,0.35999999982682757,4.018538183824333e-08,0.6399999599877907,25,50,10
18,9269,2.643357058180817e-43,0.359999999829038,1.7100200943984072e-10,0.63999999999996,25,50,10
18,9270,5.9300375283034995e-43,0.35999999965582297,3.4483542817869887e-10,0.6399999999993415,25,50,10
18,9271,5.971430381044586e-43,0.359999999599344,4.457204764653961e-10,0.6399999999549355,25,50,10
18,9272,1.5248143078858244e-41,0.35999999976938596,2.3957236070463406e-10,0.6399999999910417,25,50,10
18,9273,2.9330485408204825e-43,0.35999999984195186,1.7910764123161503e-10,0.6399999999789405,25,50,10
18,9274,2.4405874106112494e-44,0.35999999994208964,6.743131764312084e-11,0.6399999999904789,25,50,10
18,9275,3.0557100808033483e-44,0.35999999297335583,7.036058748968803e-09,0.6399999999905854,25,50,10
18,9276,1.2270290809031148e-42,0.35999999297327046,7.027179173292151e-09,0.6399999999995504,25,50,10
18,9277,6.547761682402334e-44,0.3599999966492028,3.3631381111315013e-09,0.639999999987659,25,50,10
18,9278,1.0121848605846018e-46,0.3599999999971237,2.8845311926950544e-12,0.6399999999999918,25,50,10
18,9279,1.548633823677011e-34,0.35999999999809973,7.845837312053173e-08,0.6399999215435273,25,50,10
18,9280,4.766127317419909e-38,0.35999999982556546,2.008911626449382e-10,0.6399999999735435,25,50,10
18,9281,1.1458107497723897e-45,0.3599999997398676,2.7269769176512846e-10,0.6399999999874348,25,50,10
18,9282,4.909593558580447e-45,0.3599999998730394,1.361816966003715e-10,0.639999999990779,25,50,10
18,9283,1.8457213811352327e-34,0.3599999934163748,0.0003731116731212411,0.639626894910504,25,50,10
18,9284,6.678819127858603e-44,0.3599999999405187,1.2560799689916125e-10,0.6399999999338735,25,50,10
18,9285,1.3558826744592404e-42,0.35999999995300624,6.04095557926423e-11,0.6399999999865842,25,50,10
18,9286,1.2056884590595669e-39,0.3599999965700963,3.4552001305036217e-09,0.6399999999747036,25,50,10
18,9287,9.971630739594096e-40,0.35999998827027824,6.723728117746962e-08,0.6399999444924407,25,50,10
18,9288,9.96756020819735e-40,0.3599999998736465,1.593432334331556e-10,0.6399999999670103,25,50,10
18,9289,4.767882024636903e-38,0.3599999998406633,2.20338941840502e-09,0.6399999979559472,25,50,10
18,9290,4.766500419988463e-38,0.3599999998386044,2.2408036255073474e-09,0.639999997920592,25,50,10
18,9291,1.2544270005075757e-42,0.35999999983927283,6.602716148979594e-10,0.6399999995004556,25,50,10
18,9292,2.2475910099019063e-37,0.35956361677987425,0.000436383220588711,0.6399999999995372,25,50,10
18,9293,2.247588476631765e-37,0.3595631999322887,0.00043691598640347996,0.6399998840813079,25,50,10
18,9294,2.2475768686622847e-37,0.35956375258749196,0.00043624742527951127,0.6399999999872286,25,50,10
18,9295,4.418239143072296e-44,0.35999999029772506,9.74040956568086e-09,0.6399999999618654,25,50,10
18,9296,8.36496324550448e-40,0.35999999071057465,9.315058817614424e-09,0.6399999999743665,25,50,10
18,9297,2.700453499527529e-44,0.35999999999190485,8.095685877730504e-12,0.6399999999999995,25,50,10
18,9298,1.1718597145842888e-46,0.3599999999991565,8.579156458663547e-13,0.6399999999999856,25,50,10
18,9299,2.7050002009583414e-44,0.35999999993467374,6.598325424482169e-11,0.639999999999343,25,50,10
18,9300,3.6036591193528415e-44,0.35999999993536563,2.8563141968764493e-08,0.6399999715014923,25,50,10
18,9301,1.016883548381064e-44,0.35999999347932,6.5206936655194395e-09,0.6399999999999864,25,50,10
18,9302,5.482718840810348e-45,0.35999999755961926,2.449168811934033e-09,0.6399999999912119,25,50,10
18,9303,7.360770825005043e-41,0.35999986627912917,1.3442254830013386e-07,0.6399999992983225,25,50,10
18,9304,9.35000988249745e-46,0.3599999999999091,7.48932032311628e-13,0.6399999999993419,25,50,10
18,9305,1.758121195937582e-41,0.35999999982665076,1.9061334247803417e-10,0.6399999999827359,25,50,10
18,9306,1.1915322694266962e-38,0.35999999999684257,2.1081703353414814e-11,0.6399999999820758,25,50,10
18,9307,8.826533731132275e-33,0.35999999982842906,1.9743587531177962e-10,0.6399999999741351,25,50,10
18,9308,1.295242999826687e-35,0.35999999744721806,3.2549165859080972e-09,0.6399999992978654,25,50,10
18,9309,9.629767062282003e-47,0.3599999999999352,7.01738248924756e-10,0.6399999992983267,25,50,10
18,9310,8.077824825934822e-47,0.35999999999998494,1.24950494153565e-11,0.63999999998752,25,50,10
18,9311,1.2914481964334608e-42,0.35999999740347904,2.597166227447902e-09,0.6399999999993549,25,50,10
18,9312,1.2914481480272565e-42,0.3599999975586705,2.441981594113927e-09,0.639999999999348,25,50,10
18,9313,1.2271886976173684e-42,0.35999999738954286,2.61112032112427e-09,0.6399999999993368,25,50,10
18,9314,2.4545939789795954e-42,0.3599999996669072,3.6942593856626236e-10,0.6399999999636669,25,50,10
18,9315,2.454600929438523e-42,0.3599999998369906,2.197452686960867e-09,0.6399999979655567,25,50,10
18,9316,5.644711751041319e-43,0.3599999999978122,2.511238414338294e-12,0.6399999999996766,25,50,10
18,9317,9.969048554312004e-40,0.35999999025926116,9.749549263945761e-09,0.6399999999911895,25,50,10
18,9318,4.865791844873487e-38,0.35999998695564406,1.3053505647462347e-08,0.6399999999908503,25,50,10
18,9319,4.865792351421798e-38,0.359999990300995,1.020880738453376e-08,0.6399999994901977,25,50,10
18,9320,1.2912034667564345e-38,0.35999999030088803,1.0877729129455941e-08,0.6399999988213829,25,50,10
18,9321,9.991296133550673e-40,0.3599999869495628,1.3785921708015915e-08,0.6399999992645156,25,50,10
18,9322,1.2294799033898408e-42,0.35999999665318927,3.3562223476988643e-09,0.6399999999905885,25,50,10
18,9323,6.435302385299281e-44,0.35999999999917615,1.005536352887921e-11,0.6399999999907685,25,50,10
18,9324,6.446441772159721e-44,0.35999943764468795,5.623648589534272e-07,0.6399999999904531,25,50,10
18,9325,6.446538925035443e-44,0.35999943764642867,5.623628593741271e-07,0.6399999999907121,25,50,10
18,9326,1.2878135333853512e-43,0.3599999903040823,9.704416718194047e-09,0.639999999991501,25,50,10
18,9327,1.4734342878253344e-41,0.35998913382572134,1.0866183002368392e-05,0.6399999999912764,25,50,10
18,9328,6.48492448945504e-44,0.35999999999891386,4.5694918077454053e-11,0.6399999999553913,25,50,10
18,9329,1.3455828610742628e-43,0.35999999987181275,2.2546176530405942e-09,0.6399999978735696,25,50,10
18,9330,1.3982784527186192e-43,0.3599999997506337,2.3044367685156122e-09,0.6399999979449295,25,50,10
18,9331,1.2427067895113994e-42,0.35999999736799126,4.445680317537537e-06,0.6399955569516912,25,50,10
18,9332,2.274446697249263e-37,0.35999998775134123,1.2760519594986733e-08,0.6399999994881392,25,50,10
18,9333,3.986595100509144e-39,0.35999999003348554,9.979619034297319e-09,0.6399999999868955,25,50,10
18,9334,2.2723562880450747e-37,0.35999999007447364,9.938066716018168e-09,0.6399999999874596,25,50,10
18,9335,2.272356540240238e-37,0.35999998543315753,1.4567701688998929e-08,0.6399999999991407,25,50,10
18,9336,1.5507871552854716e-34,0.35999999976817065,1.2396713558791892e-09,0.6399999989921581,25,50,10
18,9337,1.4675092763439161e-41,0.3599998093151023,1.9071907896993803e-07,0.6399999999658186,25,50,10
18,9338,9.966475887516537e-40,0.35999999999582805,3.003383943135177e-11,0.6399999999741383,25,50,10
18,9339,3.303586957760332e-44,0.3599999976162907,2.3929500747421493e-09,0.6399999999907593,25,50,10
18,9340,1.2481638785198836e-44,0.3599999975317653,2.4771863258393007e-09,0.6399999999910483,25,50,10
18,9341,6.893758823021379e-45,0.35999999999773336,2.0449196910439066e-09,0.639999997957347,25,50,10
18,9342,3.690814231503658e-44,0.3599999999359394,2.098162901507298e-09,0.6399999979658978,25,50,10
18,9343,3.1674803910028907e-43,0.3599889980756879,1.1001924759204361e-05,0.639999999999553,25,50,10
18,9344,3.1225414352589107e-43,0.35999999995633203,5.621574887862095e-11,0.6399999999874523,25,50,10
18,9345,5.491065125902641e-45,0.3599999998823634,1.184358351813312e-10,0.6399999999992008,25,50,10
18,9346,6.993931247841039e-41,0.3599994449577089,5.550424645720855e-07,0.6399999999998266,25,50,10
18,9347,7.123061974171878e-41,0.3599994473422501,5.526706736993119e-07,0.6399999999870762,25,50,10
18,9348,3.9867117606065716e-39,0.3599999953570655,4.655891335781842e-09,0.6399999999870433,25,50,10
18,9349,5.2081919157032735e-39,0.35956375258548223,0.0004362488631103268,0.6399999985514074,25,50,10
18,9350,1.2219530870294441e-39,0.3595561347322741,0.00044386526813004583,0.6399999999995959,25,50,10
18,9351,9.985347169939644e-40,0.35999999652628256,3.194704299520623e-08,0.6399999715266746,25,50,10
18,9352,9.966530499418427e-40,0.35999999653413484,3.465888638566811e-09,0.6399999999999766,25,50,10
18,9353,9.969596711213262e-40,0.35999999665347593,3.3834965816922095e-09,0.6399999999630275,25,50,10
18,9354,9.966743439222592e-40,0.3599999966117711,3.400780407975003e-09,0.6399999999874485,25,50,10
18,9355,9.966532102140866e-40,0.3599999966495582,5.396571347236498e-09,0.6399999979538705,25,50,10
18,9356,4.730416849500981e-46,0.35999999026227125,1.1792475259374897e-08,0.6399999979452534,25,50,10
18,9357,2.578817409682793e-43,0.3599999902622958,9.750025417396137e-09,0.6399999999876788,25,50,10
18,9358,7.026798416595343e-41,0.35999999983632036,8.741298854531311e-10,0.6399999992895498,25,50,10
18,9359,5.680897692873911e-38,0.3599999998752195,8.264717442311885e-10,0.6399999992983088,25,50,10
18,9360,2.3476992298966637e-44,0.3341763259730186,0.025823674040382393,0.6399999999865988,25,50,10
18,9361,4.996786330529464e-44,0.3341763121269636,0.02582368788598683,0.6399999999870496,25,50,10
18,9362,5.493913312347088e-44,0.3341763190714854,0.02582368093000014,0.6399999999985144,25,50,10
18,9363,2.272358801496434e-37,0.35999998840835196,1.211664231997275e-08,0.6399999994750057,25,50,10
18,9364,2.2723560689276405e-37,0.3599999953557119,5.1455043567419945e-09,0.6399999994987837,25,50,10
18,9365,3.1625135844933055e-43,0.3599999999919026,9.164651649296443e-12,0.6399999999989329,25,50,10
18,9366,3.1137361860144737e-43,0.3599999930913436,6.909106057949482e-09,0.6399999999995503,25,50,10
18,9367,3.9865899287362495e-39,0.359999990715663,9.285922163425808e-09,0.639999999998415,25,50,10
18,9368,5.580093911266716e-45,0.35999999999888277,1.1322053525350646e-12,0.639999999999985,25,50,10
18,9369,3.596847499086687e-44,0.35999999989872417,1.1050881547140254e-10,0.639999999990767,25,50,10
18,9370,9.414303460728696e-45,0.3599999966084163,8.591555291141283e-08,0.6399999174760308,25,50,10
18,9371,3.1578852192324977e-43,0.3599997353559139,3.4719366284165945e-07,0.6399999174504233,25,50,10
18,9372,3.164328615501845e-43,0.35999999989841686,1.0175999602347501e-10,0.6399999999998232,25,50,10
18,9373,2.116201671268326e-41,0.3599999998266277,2.213930349828936e-10,0.6399999999519792,25,50,10
18,9374,1.7489728271549465e-41,0.35999999999504423,6.526957241792319e-11,0.6399999999396861,25,50,10
18,9375,1.77964073367722e-41,0.35999999995200055,8.495307345787291e-11,0.6399999999630466,25,50,10
18,9376,1.593868519145055e-44,0.3599999942679633,5.732367446950384e-09,0.6399999999996693,25,50,10
18,9377,1.0275033516037737e-44,0.35999999297010904,9.563441023463816e-09,0.63999999746645,25,50,10
18,9378,2.621664678435743e-43,0.3599999998788793,4.221508368814558e-09,0.6399999958996123,25,50,10
18,9379,2.725652687530945e-46,0.3599999998788799,6.21417646551507e-10,0.6399999994997024,25,50,10
18,9380,8.607272094092336e-44,0.35999999987515174,1.3776619900515612e-10,0.6399999999870821,25,50,10
18,9381,2.1929667441960366e-44,0.3599999998773654,1.2300500243660345e-10,0.6399999999996296,25,50,10
18,9382,1.074018159244609e-43,0.35999999999506394,5.090213417593308e-12,0.6399999999998459,25,50,10
18,9383,9.145241347911822e-44,0.3599999901789173,1.0320617941713088e-08,0.6399999995004648,25,50,10
18,9384,1.8808700941984997e-41,0.3599999869108028,1.3588725930833416e-08,0.6399999995004714,25,50,10
18,9385,1.8985672538672775e-41,0.35999943425724834,5.657433918196663e-07,0.6399999999993599,25,50,10
18,9386,1.8974832537696341e-41,0.35999999660860627,3.391636741533215e-09,0.6399999999997571,25,50,10
18,9387,1.2271303641351905e-42,0.3599999998972491,2.1364312484840515e-09,0.6399999979663197,25,50,10
18,9388,8.115746725668348e-47,0.35999999999551446,4.9404915189151194e-12,0.6399999999995452,25,50,10
18,9389,7.000493654912985e-41,0.35999999999345983,3.143941380987875e-11,0.6399999999751007,25,50,10
18,9390,7.386494864792569e-41,0.359999999822092,3.0735053042107127e-09,0.6399999971044026,25,50,10
18,9391,1.3988053163596785e-40,0.35999998695307744,1.3047154736696267e-08,0.6399999999997678,25,50,10
18,9392,6.996178450384524e-41,0.3599999999937051,6.9433545674161974e-12,0.6399999999993515,25,50,10
18,9393,7.144627053825205e-41,0.3599999902580971,1.0225595779120253e-08,0.6399999995163071,25,50,10
18,9394,4.817631990188253e-46,0.35999998054644294,2.130500852840607e-08,0.6399999981485486,25,50,10
18,9395,1.7485053511678208e-41,0.35999999976448477,2.361471570636531e-10,0.6399999999993681,25,50,10
18,9396,6.51355251476368e-45,0.3599999966516327,3.848538773928506e-09,0.6399999994998287,25,50,10
18,9397,4.616268307102689e-45,0.35999999999695836,5.11063829355881e-10,0.6399999994919778,25,50,10
18,9398,6.998304228540702e-41,0.35999980925579605,3.0666265488306077e-07,0.6399998840815492,25,50,10
18,9399,2.7044376049696896e-44,0.3599999998580719,1.1609606422426931e-07,0.6399998840458639,25,50,10
18,9400,3.9376919786789365e-43,0.35999998795825117,1.2936415615341506e-07,0.6399998826775927,25,50,10
18,9401,1.511300510655834e-42,0.35999998335590694,1.6681041842900792e-08,0.6399999999630511,25,50,10
18,9402,1.511863625480106e-42,0.3599999930505023,6.9676778599246435e-09,0.6399999999818199,25,50,10
18,9403,3.986874766398273e-39,0.35999999966475643,3.3584532112381634e-10,0.6399999999993983,25,50,10
18,9404,1.4863521600084476e-42,0.3599999998270173,2.0869498905252942e-10,0.6399999999642878,25,50,10
18,9405,9.981292028536989e-40,0.3599998091439851,1.909006411806782e-07,0.6399999999553737,25,50,10
18,9406,9.966434869615141e-40,0.3599998091440315,1.908568834383147e-07,0.6399999999990851,25,50,10
18,9407,3.219180774714995e-43,0.3599999998588366,1.4163828653731473e-10,0.6399999999995252,25,50,10
18,9408,1.553252354556691e-42,0.35999999761763,2.3832192603930626e-09,0.6399999999991508,25,50,10
18,9409,2.1717829960030888e-44,0.3599999998781253,1.4813865666184054e-10,0.639999999973736,25,50,10
18,9410,2.620251009346259e-46,0.3599999999962102,3.0276243675802955e-11,0.6399999999735136,25,50,10
18,9411,2.5790790426716956e-43,0.3599999998788464,2.8620899954025718e-08,0.6399999715002537,25,50,10
18,9412,2.6228742287888636e-43,0.3599999999969613,1.2423812913025191e-11,0.6399999999906149,25,50,10
18,9413,1.4669620805402574e-41,0.35999999999483634,6.48930952472112e-12,0.6399999999986744,25,50,10
18,9414,1.4691303039113042e-41,0.3599999999968429,5.031144551541827e-10,0.6399999995000427,25,50,10
18,9415,2.2837175384880883e-44,0.3599999999989552,1.2321161716191475e-12,0.6399999999998127,25,50,10
18,9416,3.9927802474684514e-39,0.35999999977109837,2.5479161022719874e-10,0.6399999999741101,25,50,10
18,9417,7.516297010038625e-41,0.35999980855112945,1.9290899673488307e-07,0.6399999985398738,25,50,10
18,9418,5.512036979727555e-44,0.3599998573445245,1.4410329050259782e-07,0.6399999985521849,25,50,10
18,9419,3.3445994156034484e-44,0.3599998642461433,1.3575465561946524e-07,0.6399999999992011,25,50,10
18,9420,3.1241795340029908e-43,0.35999985728483536,1.4271563552495843e-07,0.6399999999995292,25,50,10
18,9421,5.16478662020823e-38,0.359999999998197,2.3322681241013547e-11,0.6399999999784803,25,50,10
18,9422,1.6738076851473607e-38,0.3599998090222082,1.931274699692318e-07,0.6399999978503219,25,50,10
18,9423,1.2327782633172593e-42,0.3599999998262642,2.9098582316223674e-09,0.6399999972638777,25,50,10
18,9424,1.2338101783218005e-42,0.3599999998280578,4.0868882506337644e-08,0.6399999593030596,25,50,10
18,9425,4.618840703464348e-45,0.35999999994125154,5.89455625838663e-11,0.639999999999803,25,50,10
18,9426,2.6312698888987815e-43,0.35999999976818275,1.2190765397035064e-09,0.6399999990127407,25,50,10
18,9427,7.016467623738733e-44,0.35999999976743313,2.4491854154414476e-10,0.6399999999876482,25,50,10
18,9428,9.969858259635865e-40,0.3599998154917622,1.8452533587352837e-07,0.6399999999829019,25,50,10
18,9429,4.984798049116991e-39,0.3599996799073973,3.2154061239146766e-07,0.6399999985519904,25,50,10
18,9430,3.1424202549507805e-44,0.3599999999565795,4.007458234736868e-08,0.6399999599688381,25,50,10
18,9431,3.159590868489556e-43,0.3599999999999081,1.1078460545399505e-13,0.6399999999999811,25,50,10
18,9432,2.2723486115227135e-37,0.3599998641868895,1.358133021534336e-07,0.6399999999998084,25,50,10
18,9433,4.9804124854117267e-45,0.3599999999969241,6.937095652637673e-10,0.6399999993093664,25,50,10
18,9434,1.0008287027078463e-44,0.35999999993806164,7.509894324935269e-11,0.6399999999868394,25,50,10
18,9435,2.8933436304854904e-46,0.35999999995637544,5.29329715648138e-11,0.6399999999906916,25,50,10
18,9436,1.50780930374137e-43,0.35999999966374463,3.971076155280826e-08,0.6399999606254939,25,50,10
18,9437,1.2919905701030096e-43,0.35999999676387345,4.394274694567495e-08,0.6399999592933796,25,50,10
18,9438,4.766121130599965e-38,0.3599999965907979,5.988251122291229e-08,0.6399999435266909,25,50,10
18,9439,3.22931594604675e-43,0.35999999978705505,2.1383650564346227e-10,0.6399999999991086,25,50,10
18,9440,1.492773343117291e-41,0.35999999995808724,1.4100326694203725e-09,0.6399999986318801,25,50,10
18,9441,8.493215885727273e-41,0.3599994473361665,5.526647680013456e-07,0.6399999999990655,25,50,10
18,9442,3.989486539835431e-42,0.3599999999977467,5.031439407479884e-10,0.6399999994991095,25,50,10
18,9443,8.380424153749675e-48,0.3599999999957118,7.063936808644876e-10,0.6399999992978945,25,50,10
18,9444,1.7490514810659423e-41,0.35999999999687304,7.29236565243013e-10,0.6399999992738905,25,50,10
18,9445,1.749059440935604e-41,0.359999999996873,5.723201090612546e-11,0.639999999945895,25,50,10
18,9446,8.487251894202427e-41,0.35999999761526125,2.4025887185331984e-09,0.63999999998215,25,50,10
18,9447,1.7490601760298555e-41,0.35999999999582927,5.139810933675159e-12,0.6399999999990309,25,50,10
18,9448,1.232576459596326e-42,0.3599999999968078,2.9254065588854313e-11,0.6399999999739382,25,50,10
18,9449,3.237517333418049e-36,0.33123244767973814,0.02876755282000687,0.639999999500255,25,50,10
18,9450,3.237711984428937e-36,0.3312324475132998,0.028769175879164884,0.6399983766075352,25,50,10
18,9451,2.0907813647652745e-40,0.3599999999573595,1.624435829947954e-06,0.6399983756068106,25,50,10
18,9452,9.969315796133461e-40,0.35999998795834,1.2042114133270904e-08,0.6399999999995459,25,50,10
18,9453,5.698631310753451e-43,0.35999998670246397,1.3297978650776178e-08,0.6399999999995573,25,50,10
18,9454,2.351496792722926e-44,0.35999999978546254,2.6232382317403965e-10,0.6399999999522133,25,50,10
18,9455,2.679976060881385e-44,0.359999999940162,1.0553716031159174e-10,0.6399999999543007,25,50,10
18,9456,9.070648340958084e-47,0.3599999999988083,1.1145611303812417e-11,0.6399999999900462,25,50,10
18,9457,5.163453101077594e-43,0.3599998642474334,1.357747253270096e-07,0.6399999999778412,25,50,10
18,9458,2.574915160305281e-43,0.3599999998200861,1.7994626623468935e-10,0.6399999999999677,25,50,10
18,9459,2.574937147718335e-43,0.35999999999774124,3.997697055778188e-11,0.6399999999622817,25,50,10
18,9460,2.5749277786786197e-43,0.35999999987884757,1.2117947430862872e-10,0.639999999999973,25,50,10
18,9461,2.6398320897874113e-43,0.3599999999998756,2.569364592167043e-11,0.6399999999744308,25,50,10
18,9462,3.238107954766848e-36,0.3599894956529331,1.0504355994841553e-05,0.6399999999910722,25,50,10
18,9463,3.2381076910188e-36,0.3599999999981646,6.60675295619429e-06,0.6399933932488792,25,50,10
18,9464,1.0274633345037493e-44,0.35999999761728546,2.392990014966851e-09,0.6399999999897246,25,50,10
18,9465,3.795567090506158e-46,0.3599999976122498,2.388384351147062e-09,0.6399999999993659,25,50,10
18,9466,2.3414073400851284e-44,0.3599994352524544,5.647475464811805e-07,0.6399999999999991,25,50,10
18,9467,6.434250732647276e-44,0.3599998093141036,1.9068605840333807e-07,0.639999999999838,25,50,10
18,9468,6.49783992328411e-45,0.3599998093150976,1.9274458257994457e-07,0.6399999979403198,25,50,10
18,9469,4.758741645479999e-44,0.3599998616957907,1.3834070356483163e-07,0.6399999999635058,25,50,10
18,9470,1.749231242606626e-41,0.35999986424252434,1.7586591003784078e-06,0.6399983770983753,25,50,10
18,9471,1.7491567861023624e-41,0.3599998641246728,1.3590172723614965e-07,0.6399999999736,25,50,10
18,9472,2.1621440570815593e-44,0.35999999999752297,2.0367725844847418e-09,0.6399999979657045,25,50,10
18,9473,3.068378547680552e-43,0.3599999999571659,3.524290293631102e-09,0.6399999965185439,25,50,10
18,9474,5.680925865445988e-38,0.3599998155073079,1.879747474807935e-07,0.6399999965179446,25,50,10
18,9475,5.764511900274959e-38,0.3599998156217749,1.8441453671611682e-07,0.6399999999636884,25,50,10
18,9476,3.77221063336506e-43,0.35999999995710846,1.2443299305335787e-09,0.6399999987985617,25,50,10
18,9477,1.4803933332830023e-41,0.3599999999421422,1.7421774221100368e-09,0.6399999983156804,25,50,10
18,9478,1.762505584877901e-45,0.35999999991637815,2.1552143111413174e-09,0.6399999979284077,25,50,10
18,9479,6.115219932887002e-45,0.35999999979308434,2.4163964916095493e-10,0.6399999999652761,25,50,10
18,9480,1.7485066632414023e-41,0.3599999999124735,1.258542577143885e-10,0.6399999999616723,25,50,10
18,9481,9.969547561630093e-40,0.3599999966637166,3.3456883384516716e-09,0.639999999990595,25,50,10
18,9482,3.0734184366524817e-43,0.35999999666542853,3.3346044697358274e-09,0.6399999999999669,25,50,10
18,9483,2.1707920510212024e-44,0.35999999982677816,1.8556199190048543e-10,0.6399999999876599,25,50,10
18,9484,1.2486341642299666e-42,0.3599999974471516,2.565613113020414e-09,0.6399999999872352,25,50,10
18,9485,7.022377688412296e-41,0.3599999998242744,1.880438439910629e-10,0.6399999999876818,25,50,10
18,9486,9.207043306322948e-45,0.35999999988147957,1.3189354007715499e-10,0.6399999999866268,25,50,10
18,9487,1.748514440229626e-41,0.3599999999401186,5.990297627585447e-11,0.6399999999999784,25,50,10
18,9488,1.750787734585852e-41,0.3599999999364881,6.368399150248139e-11,0.6399999999998279,25,50,10
18,9489,1.1388544443161446e-45,0.3599999999999085,1.2562021124644564e-11,0.6399999999875297,25,50,10
18,9490,1.6091510327094758e-42,0.35999999993803633,8.656610004697578e-11,0.6399999999753976,25,50,10
18,9491,3.113001999038187e-43,0.35999999988449366,1.1612718831988997e-10,0.6399999999993793,25,50,10
18,9492,1.2317322294472382e-42,0.35999999999788185,2.582416390537557e-12,0.6399999999995356,25,50,10
18,9493,6.194504900565786e-43,0.35999999978094377,2.195138085002543e-10,0.6399999999995425,25,50,10
18,9494,3.093041100226738e-43,0.35999999987945486,1.205558572000645e-10,0.6399999999999894,25,50,10
18,9495,5.770322877956123e-38,0.35998912686596074,1.0873160448822511e-05,0.6399999999735905,25,50,10
18,9496,5.784312525497145e-38,0.3599922566772378,7.743348074667588e-06,0.6399999999746875,25,50,10
18,9497,2.2371195137140876e-40,0.35999999303746255,6.999654562579958e-09,0.6399999999628829,25,50,10
18,9498,3.118977083030108e-43,0.3599999930323419,7.0172889796401325e-09,0.639999999950369,25,50,10
18,9499,3.5075104657028947e-43,0.35999999274385713,9.33986594277009e-09,0.6399999979162768,25,50,10
18,9500,3.332722465720204e-43,0.3599999997630114,2.6307681643131757e-10,0.6399999999739117,25,50,10
18,9501,1.2271993291398327e-42,0.3599996283263768,3.716990530338642e-07,0.6399999999745702,25,50,10
18,9502,1.2275921968081963e-42,0.3599996283257061,3.7167431500351855e-07,0.6399999999999789,25,50,10
18,9503,1.5571950907738545e-42,0.35999949241045676,5.075898821023245e-07,0.6399999999996612,25,50,10
18,9504,1.2917668614904907e-42,0.3599999902563667,9.743668384179117e-09,0.639999999999965,25,50,10
18,9505,1.2271024443145714e-42,0.35999999995518567,4.547307592419184e-11,0.6399999999993413,25,50,10
18,9506,6.55664202966842e-44,0.35999999999987337,6.188104416673078e-11,0.6399999999382456,25,50,10
18,9507,1.2315698993423809e-42,0.35999999999553545,2.0505858158697603e-09,0.6399999979538787,25,50,10
18,9508,1.227810046760465e-42,0.3599999999974539,1.4885832960965613e-11,0.6399999999876603,25,50,10
18,9509,1.2275039675608729e-42,0.35999999987707226,1.3547479823587393e-10,0.6399999999874529,25,50,10
18,9510,4.899404158957343e-42,0.3599999999563762,2.854212974526817e-08,0.639999971501494,25,50,10
18,9511,2.312234432416756e-37,0.3599999974056751,3.10674253871886e-08,0.6399999715268995,25,50,10
18,9512,3.986655327544277e-39,0.35999960417122884,4.2430248232400435e-07,0.639999971526289,25,50,10
18,9513,1.2497818724413179e-42,0.359999599645895,4.3086087608739134e-07,0.6399999694932288,25,50,10
18,9514,2.463100172215739e-42,0.3599996063313325,3.9368597996870976e-07,0.6399999999826875,25,50,10
18,9515,1.2319359236788956e-42,0.35999980919335245,1.9082433754098893e-07,0.63999999998231,25,50,10
18,9516,1.7742417698328742e-41,0.3599999998781472,1.2265731147490103e-10,0.6399999999991955,25,50,10
18,9517,5.856636471128361e-43,0.35999999999412,6.8905705963513044e-12,0.6399999999989894,25,50,10
18,9518,7.419432590785822e-41,0.35999999995527765,6.232690844625279e-11,0.6399999999823954,25,50,10
18,9519,4.060481822069752e-42,0.3599999999559571,4.0051509098755405e-08,0.6399999599925339,25,50,10
18,9520,3.5822067502669285e-41,0.35999999999380483,4.0002424581734703e-08,0.6399999600037706,25,50,10
18,9521,3.667511071850996e-42,0.35999999999211246,4.000300438832339e-08,0.6399999600048832,25,50,10
18,9522,4.894437294518301e-42,0.3599999974512204,4.2543888950839625e-08,0.6399999600048907,25,50,10
18,9523,3.990257888883672e-39,0.3599891337472333,1.0906283551355366e-05,0.6399999599692154,25,50,10
18,9524,1.46956638443323e-41,0.35999999999887733,3.681752124809871e-11,0.639999999964305,25,50,10
18,9525,6.996936217668771e-41,0.3599997353956678,2.6517567372185426e-07,0.6399999994286585,25,50,10
18,9526,2.2744261996230875e-45,0.35999999029958607,9.736108097832249e-09,0.6399999999643058,25,50,10
18,9527,4.600466846510668e-45,0.3599999999999423,8.110616282372383e-14,0.6399999999999767,25,50,10
18,9528,2.2161925514096284e-44,0.35999999982684405,1.7317841514717708e-10,0.6399999999999774,25,50,10
18,9529,3.0799184228536627e-43,0.35999999999388366,2.0523969517928812e-09,0.6399999979537195,25,50,10
18,9530,3.0792290902926387e-43,0.35999986424558317,1.3763516230943462e-07,0.6399999981192545,25,50,10
18,9531,3.113382543361303e-43,0.359999864243415,1.3575722408769105e-07,0.639999999999361,25,50,10
18,9532,1.5338040841820027e-42,0.35999986424455327,1.364574905787371e-07,0.6399999992979561,25,50,10
18,9533,6.994018251257501e-41,0.3599998090786832,1.909213400277983e-07,0.6399999999999768,25,50,10
18,9534,6.994671309333882e-41,0.35999980919678004,1.9080338034421282e-07,0.6399999999998396,25,50,10
18,9535,7.019904814431079e-41,0.3599997994982267,2.025477465392328e-07,0.6399999979540268,25,50,10
18,9536,7.019904777728511e-41,0.3599999998818839,2.164242235775841e-09,0.6399999979538739,25,50,10
18,9537,1.7486551117750365e-41,0.3599999974935717,2.282099843221808e-06,0.639997720406585,25,50,10
18,9538,1.1306623478937696e-45,0.35999999999895166,2.319627289840128e-06,0.6399976803737585,25,50,10
18,9539,3.1505787569270475e-44,0.3599999998248348,4.088440444751417e-08,0.6399999592907608,25,50,10
18,9540,3.523927574149102e-43,0.359999999937327,9.143250323291788e-05,0.6399085675594401,25,50,10
18,9541,3.3742657929928527e-43,0.3599999999968248,9.143243097254974e-05,0.6399085675722027,25,50,10
18,9542,5.658978299721263e-45,0.35999999994126985,8.92288161845031e-05,0.6399107712425456,25,50,10
18,9543,5.385430132872131e-45,0.35999999647327463,8.923227605243695e-05,0.639910771250673,25,50,10
18,9544,5.387043031509604e-45,0.3599999997292306,3.0709269229668254e-10,0.6399999999636767,25,50,10
18,9545,1.0450013158096346e-46,0.35999999978774855,2.4923215485188614e-10,0.6399999999630193,25,50,10
18,9546,3.0676572331770884e-43,0.35999999995579474,8.097035897891294e-11,0.6399999999632349,25,50,10
18,9547,2.090464100251294e-40,0.3599999999962861,3.962986547379451e-11,0.6399999999640839,25,50,10
18,9548,6.875561899843794e-45,0.35999999999714616,3.671380048080255e-12,0.6399999999991824,25,50,10
18,9549,2.856406526760655e-44,0.35999999999551,5.087024104906047e-10,0.6399999994957877,25,50,10
18,9550,1.497565314061632e-42,0.3599998091873147,2.3080889234952758e-07,0.639999960003793,25,50,10
18,9551,2.694502473313096e-43,0.3599998091383143,2.3089313743630357e-07,0.6399999599685483,25,50,10
18,9552,2.6442979739831305e-43,0.3599999901838813,4.981166322954435e-08,0.6399999600044556,25,50,10
18,9553,1.295243074662979e-35,0.3599999998740603,1.3528570266072258e-10,0.639999999990654,25,50,10
18,9554,1.3144301318687794e-45,0.359999995348654,4.66132933446254e-09,0.6399999999900167,25,50,10
18,9555,4.547633898296797e-45,0.3599999953525272,4.6500251054669955e-09,0.6399999999974478,25,50,10
18,9556,6.996662439726366e-41,0.35999999999597676,4.89640690692185e-12,0.6399999999991268,25,50,10
18,9557,1.2534703015613302e-42,0.3599891338050517,1.0866231301899492e-05,0.6399999999636463,25,50,10
18,9558,3.986594590454844e-39,0.35999998968850994,1.0324078450651902e-08,0.6399999999874114,25,50,10
18,9559,4.894990237721517e-42,0.35999979957279515,2.0043975782107605e-07,0.639999999987447,25,50,10
18,9560,1.0018491531617824e-39,0.3599997926143472,2.0741487040339593e-07,0.6399999999707824,25,50,10
18,9561,1.0156720792707544e-39,0.35999980599768544,1.9401942983142277e-07,0.6399999999828847,25,50,10
18,9562,1.032181818726131e-39,0.35999999676471356,3.2445345456232273e-09,0.639999999990752,25,50,10
18,9563,3.593998918082922e-43,0.35999999661274257,3.396250568504097e-09,0.6399999999910068,25,50,10
18,9564,3.768710173786873e-44,0.3599998133611739,1.8663906042773188e-07,0.6399999999997656,25,50,10
18,9565,6.996709147786987e-41,0.3599999999946488,5.593957016330606e-12,0.6399999999997573,25,50,10
18,9566,2.691015625334633e-44,0.359999999878351,1.5016385979137938e-09,0.6399999986200104,25,50,10
18,9567,3.160072541870425e-44,0.35828153250665074,0.001718467505973014,0.6399999999873762,25,50,10
18,9568,1.0176574406978363e-44,0.3582815328030935,0.001718467197217463,0.639999999999689,25,50,10
18,9569,2.7129233464291013e-44,0.35999999987604264,1.2413429468596705e-10,0.6399999999998232,25,50,10
18,9570,3.672958615924138e-42,0.35999999987516845,1.250142847982045e-10,0.6399999999998173,25,50,10
18,9571,6.996178880056397e-41,0.3599999930386226,6.9615527112453825e-09,0.6399999999998247,25,50,10
18,9572,1.467411623386915e-41,0.35956375258701284,0.0004362474131640718,0.6399999999998232,25,50,10
18,9573,6.994921416501959e-41,0.35999999995369936,6.385829588181164e-11,0.6399999999824424,25,50,10
18,9574,4.894468884950368e-45,0.35999999993247256,7.652334800413502e-11,0.639999999991004,25,50,10
18,9575,4.523922002329789e-45,0.35999999769761587,3.0125558796354305e-09,0.6399999992898282,25,50,10
18,9576,1.4669642836711584e-41,0.35999999769691426,2.324607082507731e-09,0.6399999999784787,25,50,10
18,9577,1.4671216211442155e-41,0.35999999423647877,5.76391110910179e-09,0.6399999999996102,25,50,10
18,9578,3.16878089020588e-44,0.3587612676750038,0.0012387323256067694,0.6399999999993894,25,50,10
18,9579,7.124838752616129e-44,0.3599999999571509,2.202890359857519e-06,0.6399977971524893,25,50,10
18,9580,6.2196372083442e-45,0.3599999999563434,4.477213751200423e-11,0.6399999999988846,25,50,10
18,9581,1.2154899795682581e-45,0.3599999999969796,3.954199823812072e-12,0.6399999999990661,25,50,10
18,9582,4.766114433578329e-38,0.35999999676511046,1.198550327524862e-07,0.6399998833798568,25,50,10
18,9583,4.766114346987058e-38,0.3599999999983446,2.319598751166653e-06,0.6399976804029043,25,50,10
18,9584,5.850207328805672e-45,0.35999999999977944,3.7510691912745805e-13,0.6399999999998455,25,50,10
18,9585,1.7511189928328418e-41,0.3599999974962267,3.951569053037954e-09,0.6399999985522044,25,50,10
18,9586,2.6808458891124824e-44,0.3599999998788661,1.6064264412509304e-09,0.6399999985147075,25,50,10
18,9587,1.0921128988402794e-44,0.35999999987888015,1.624487393627108e-06,0.6399983756337262,25,50,10
18,9588,6.630838998743034e-44,0.3599999965335229,4.915072299886912e-09,0.6399999985514048,25,50,10
18,9589,2.596264021152448e-43,0.3599999998194201,1.6283802408367475e-09,0.6399999985521998,25,50,10
18,9590,1.5896546646706053e-41,0.3599999999580732,1.5155599965348603e-09,0.6399999985263668,25,50,10
18,9591,3.761308436297423e-41,0.35999999987182496,1.2908543078689395e-10,0.6399999999990896,25,50,10
18,9592,7.173585674915182e-41,0.3599999998726337,1.281689225194607e-10,0.6399999999991973,25,50,10
18,9593,1.193306463490938e-38,0.3599999930958977,6.904579819712238e-09,0.6399999999995224,25,50,10
18,9594,3.9253341685997955e-46,0.3599999999964084,3.6161448834169306e-12,0.6399999999999754,25,50,10
18,9595,6.994136893264585e-41,0.3599999999390044,8.261580587858862e-11,0.6399999999783799,25,50,10
18,9596,6.568868946145569e-44,0.3599999901325488,1.2026678656190737e-08,0.6399999978407727,25,50,10
18,9597,6.634504350303557e-45,0.3599999833973345,1.66406201189408e-08,0.6399999999620455,25,50,10
18,9598,5.687884825743631e-38,0.35999999659425463,3.418848875185019e-09,0.6399999999868965,25,50,10
18,9599,5.709304857559774e-38,0.35999999659429016,4.8624110781156865e-09,0.6399999985432988,25,50,10
18,9600,3.144687873419505e-44,0.3599891337444521,1.0866264030595057e-05,0.6399999999915172,25,50,10
18,9601,2.7289121538241816e-44,0.3599999996559626,3.525242161706902e-10,0.6399999999915131,25,50,10
18,9602,9.966547746365686e-40,0.35999999752746736,2.5107719361512018e-09,0.6399999999617606,25,50,10
18,9603,2.04308199157734e-39,0.3599999976975369,2.981958282765039e-08,0.6399999724828802,25,50,10
18,9604,1.2335354770413976e-42,0.359999995316021,4.68445896273386e-09,0.6399999999995201,25,50,10
18,9605,6.452209416702672e-44,0.3599999952359784,4.824385698910772e-09,0.639999999939636,25,50,10
18,9606,3.0678385219324294e-43,0.35999999975966673,2.405693154562589e-10,0.6399999999997639,25,50,10
18,9607,3.0675882127769166e-43,0.3599999998184329,1.8201150798188978e-10,0.6399999999995557,25,50,10
18,9608,9.969596555236078e-40,0.359999999879675,1.2056744459585136e-10,0.6399999999997577,25,50,10
18,9609,6.994481255104953e-41,0.3599999999969278,5.581590317857995e-10,0.6399999994449131,25,50,10
18,9610,2.757582563532203e-46,0.3593899081848334,0.0006100918513241057,0.6399999999638425,25,50,10
18,9611,1.5485146896763689e-34,0.35999998975183184,1.0331236419764396e-08,0.6399999999169317,25,50,10
18,9612,1.5507870514479077e-34,0.35999226117030125,7.739391871153374e-06,0.6399999994378277,25,50,10
18,9613,2.2723562252544553e-37,0.35999999752748385,2.5213290061020375e-09,0.6399999999511872,25,50,10
18,9614,1.3000301354870957e-35,0.3599999965379961,3.463369936504264e-09,0.6399999999986341,25,50,10
18,9615,2.2653514211694247e-40,0.3599885810375575,1.1418963324947886e-05,0.6399999999991175,25,50,10
18,9616,1.5485167826328874e-34,0.35998858116098204,1.147534465264459e-05,0.6399999434943654,25,50,10
18,9617,5.0613981426290335e-45,0.3599891338653153,1.086684535782241e-05,0.6399999992893269,25,50,10
18,9618,5.095843776019696e-45,0.3599999999944902,7.075743492646561e-10,0.6399999992979355,25,50,10
18,9619,1.1915382511578626e-38,0.35999999999820564,5.014975840684053e-10,0.6399999995002968,25,50,10
18,9620,1.1932808485875266e-38,0.3599999998260466,1.99362679387672e-10,0.6399999999745908,25,50,10
18,9621,1.1915624869044798e-38,0.3599999999580728,5.070936023212654e-11,0.6399999999912179,25,50,10
18,9622,1.198552103200263e-38,0.35999980931436765,1.9069476233695493e-07,0.63999999999087,25,50,10
18,9623,3.438957227003386e-43,0.3599999999960296,1.6236077074254362e-06,0.6399983763962629,25,50,10
18,9624,8.796440246082867e-44,0.3599999999414559,1.2438261225648219e-09,0.6399999988147179,25,50,10
18,9625,6.444924975376519e-44,0.35956375259064655,0.00043624811103796504,0.6399999992983156,25,50,10
18,9626,1.3108154476088865e-45,0.3595637525895714,0.0004362481125624516,0.6399999992978662,25,50,10
18,9627,6.129561713897532e-45,0.35956375258788,0.00043624811416472886,0.6399999992979553,25,50,10
18,9628,1.7495605993177403e-41,0.35999226029655373,7.740441167634978e-06,0.6399999992622785,25,50,10
18,9629,6.91310236632669e-45,0.3599999999581424,7.436849197376812e-10,0.6399999992981726,25,50,10
18,9630,4.227974880533741e-46,0.35999999983704156,1.6297346976481291e-10,0.6399999999999849,25,50,10
18,9631,1.0360372173071025e-37,0.3593899113652792,0.0006101711841543337,0.6399999174505665,25,50,10
18,9632,9.127040019576337e-44,0.35999999665160104,5.407918621599295e-09,0.6399999979404803,25,50,10
18,9633,6.48949375388956e-44,0.3599998070141679,1.9351501196572676e-07,0.6399999994708202,25,50,10
18,9634,2.6518085076088786e-46,0.35999980697243006,1.9351084675693057e-07,0.6399999995167233,25,50,10
18,9635,9.166681929350056e-44,0.3599998070101506,1.9301607137488474e-07,0.6399999999737781,25,50,10
18,9636,3.771840006952018e-43,0.35999999763735474,2.3809584853222863e-09,0.6399999999816869,25,50,10
18,9637,6.7917676911656495e-37,0.35999999999994353,4.098713729149344e-08,0.6399999590129193,25,50,10
18,9638,6.791770249734991e-37,0.35999999999693455,4.1489296704842304e-08,0.6399999585137688,25,50,10
18,9639,3.0708402673857333e-43,0.35999999999692145,5.203328305482821e-10,0.6399999994827457,25,50,10
18,9640,1.1623513500005656e-45,0.3599999999954966,5.153372523398592e-12,0.63999999999935,25,50,10
18,9641,1.1495859957918158e-45,0.3599998687678695,1.3125383760177592e-07,0.6399999999782929,25,50,10
18,9642,1.135419120076713e-45,0.359999999994702,6.400790805362736e-12,0.6399999999988972,25,50,10
18,9643,3.232280197898151e-43,0.35999999535611393,4.6446901121304036e-09,0.639999999999196,25,50,10
18,9644,3.2216552022118812e-43,0.3599999930547751,7.63585241670298e-09,0.6399999993093725,25,50,10
18,9645,2.115250311076287e-41,0.35999999999593435,6.827325368091805e-10,0.6399999993213332,25,50,10
18,9646,1.6713697107273623e-46,0.3599999999979387,6.810025016404545e-10,0.6399999993210589,25,50,10
18,9647,1.5159035290886375e-47,0.35999999999592985,4.448312861498429e-12,0.6399999999996219,25,50,10
18,9648,1.2497637500475183e-42,0.359999999935107,9.0530567129401e-11,0.6399999999743625,25,50,10
18,9649,7.020338668122146e-41,0.3599999953563396,4.669250212414496e-09,0.63999999997441,25,50,10
18,9650,7.071914442188336e-41,0.3599999999553586,4.557119100144456e-11,0.6399999999990703,25,50,10
18,9651,2.716710436862261e-36,0.3599999966106759,3.415032088017767e-09,0.639999999974292,25,50,10
18,9652,2.7167099219811682e-36,0.35999999299359564,7.032263374487517e-09,0.6399999999741409,25,50,10
18,9653,2.7167107787983215e-36,0.3599999999967901,5.556310622001346e-08,0.6399999444401037,25,50,10
18,9654,1.989522746703288e-45,0.3599999999391509,1.136284511296995e-10,0.6399999999472207,25,50,10
18,9655,1.7744291230175779e-41,0.3599999999391087,1.2982167734160156e-09,0.6399999987626745,25,50,10
18,9656,1.5363996776078016e-42,0.35999960649345675,3.9354265814147776e-07,0.6399999999638851,25,50,10
18,9657,3.073891196280767e-43,0.35999999993977333,2.8542180529501057e-08,0.6399999715180461,25,50,10
18,9658,3.0695085925724322e-43,0.35999999999887966,2.8482909183715135e-08,0.6399999715182112,25,50,10
18,9659,8.329737349443786e-43,0.3599999998785134,1.4565478815938577e-10,0.6399999999758319,25,50,10
18,9660,1.8019947987604224e-42,0.35999999761431545,2.4469320047347303e-09,0.6399999999387525,25,50,10
18,9661,1.2424894155998482e-42,0.3599999975117939,2.4882306065010403e-09,0.6399999999999756,25,50,10
18,9662,8.734903926439555e-41,0.35876126533437996,0.0012387346663207818,0.6399999999992992,25,50,10
18,9663,8.735476429173133e-41,0.3587612652918345,0.0012387351915434724,0.639999999516622,25,50,10
18,9664,2.2402232212207923e-40,0.35999999978351627,2.2617669751888664e-10,0.6399999999903071,25,50,10
18,9665,2.093475427096341e-40,0.3599999998237292,1.8675770303079018e-10,0.6399999999895131,25,50,10
18,9666,6.552886744993061e-44,0.3599997995605447,2.0048562837780424e-07,0.639999999953827,25,50,10
18,9667,2.622824419891179e-43,0.35999999994111065,6.982731485061949e-11,0.6399999999890621,25,50,10
18,9668,9.48757699000006e-45,0.3599999999967968,1.684540233057996e-11,0.6399999999863577,25,50,10
18,9669,2.84619875198879e-43,0.3599999998813867,1.5573400496948595e-10,0.6399999999628793,25,50,10
18,9670,2.743090057868895e-43,0.3599999999999069,2.279629706731704e-06,0.6399977203703863,25,50,10
18,9671,7.019779605033257e-41,0.359999999957408,1.5081009053791825e-09,0.6399999985344911,25,50,10
18,9672,3.9466544233923704e-42,0.3599999999957116,2.1819454784283805e-11,0.639999999982469,25,50,10
18,9673,3.673140924615714e-42,0.35999999982678416,2.2323591560142118e-10,0.6399999999499799,25,50,10
18,9674,3.9852825128864036e-42,0.3599999997075852,2.880321159630101e-08,0.6399999714892031,25,50,10
18,9675,1.0299175212774652e-44,0.3599999999382239,2.8547394569401912e-08,0.6399999715143815,25,50,10
18,9676,7.339283441905383e-42,0.3599999999991872,4.846349160977094e-10,0.6399999995161778,25,50,10
18,9677,8.793335092364588e-42,0.3591580057449778,0.0008419947738988191,0.6399999994811234,25,50,10
18,9678,2.585714337392053e-43,0.35999999999707405,2.084788294970947e-09,0.6399999979181377,25,50,10
18,9679,8.460978267188772e-41,0.35999999982631503,2.2793630649887617e-09,0.6399999978943218,25,50,10
18,9680,1.2287017638206732e-42,0.35999943906288606,5.610468373518611e-07,0.6399999998902764,25,50,10
18,9681,3.669001710057604e-42,0.35999944263879036,5.574221896021626e-07,0.6399999999390199,25,50,10
18,9682,1.2573810764006621e-46,0.35999943588839733,5.641122672729e-07,0.6399999999993353,25,50,10
18,9683,1.0878952469660224e-44,0.35999944042277326,5.995731339049694e-07,0.6399999600040928,25,50,10
18,9684,3.08005497674238e-43,0.35999944399595607,5.560045853042092e-07,0.6399999999994587,25,50,10
18,9685,1.7792087959950565e-41,0.35999944393718714,5.560638872278613e-07,0.6399999999989257,25,50,10
18,9686,3.068651424901111e-43,0.3599999965959137,3.4045440665528543e-09,0.6399999999995424,25,50,10
18,9687,4.0199718924996154e-39,0.3593899080757555,0.0006100919370074569,0.6399999999872371,25,50,10
18,9688,1.4670077667978523e-41,0.35999999995704324,4.3562365722082796e-11,0.6399999999993945,25,50,10
18,9689,1.4762358781115666e-41,0.35999999665388693,1.193000473615997e-07,0.6399998840460657,25,50,10
18,9690,2.2374173039713824e-40,0.3599999999563676,4.476155502271517e-11,0.6399999999988709,25,50,10
18,9691,2.9367190218299193e-40,0.3599999999968114,4.6678308558526865e-12,0.6399999999985208,25,50,10
18,9692,5.687910520558369e-38,0.35999999635695934,3.6438511873269263e-09,0.6399999999991894,25,50,10
18,9693,7.019762963665419e-41,0.35999999292649226,7.082852910876656e-09,0.6399999999906547,25,50,10
18,9694,6.994072612023484e-41,0.3599999871974411,1.3504887053802004e-08,0.639999999297672,25,50,10
18,9695,1.7485699669766718e-41,0.3599999965371024,4.1647254437282866e-09,0.6399999992981722,25,50,10
18,9696,9.966547754554998e-40,0.35999998683532863,1.3866933461699474e-08,0.6399999992977379,25,50,10
18,9697,8.888313015234993e-44,0.3599999998715152,8.303784990444286e-10,0.6399999992981062,25,50,10
18,9698,4.456290110072914e-44,0.3599999999321602,1.1598671054279968e-07,0.6399998840811292,25,50,10
18,9699,1.2712501399829632e-42,0.35997758589988643,2.2414101427083843e-05,0.6399999999986864,25,50,10
18,9700,1.2270686910170455e-42,0.3599998093151825,1.906850556896154e-07,0.6399999999997618,25,50,10
18,9701,1.2297469384013011e-42,0.3599997994484375,2.006034593399108e-07,0.6399999999481032,25,50,10
18,9702,5.67937345847701e-38,0.35998912378268405,1.0876244004198623e-05,0.6399999999733119,25,50,10
18,9703,5.679373308349771e-38,0.3599891237827373,1.0876218117934181e-05,0.6399999999991448,25,50,10
18,9704,1.4674149192073228e-41,0.3599999930922552,4.6903521139365643e-08,0.6399999600042237,25,50,10
18,9705,1.0125540962812329e-39,0.3599994357957904,5.642056377758935e-07,0.6399999999985717,25,50,10
18,9706,9.978961215900595e-40,0.35999998133597244,1.8665274146317537e-08,0.6399999999987533,25,50,10
18,9707,9.96668989916205e-40,0.3599999884521962,1.5615567849761763e-08,0.639999995932236,25,50,10
18,9708,2.1788267198109484e-44,0.35999999982396275,2.2102912550060307e-09,0.6399999979657459,25,50,10
18,9709,1.7485435099051017e-41,0.35999999965475044,3.5735541247236553e-10,0.6399999999878943,25,50,10
18,9710,1.0446990592725538e-37,0.35999980206936777,1.989045141579475e-07,0.6399999990261181,25,50,10
18,9711,4.766129195116563e-38,0.3599999929260838,8.048159493333573e-09,0.6399999990257567,25,50,10
18,9712,4.766650901382479e-38,0.35999999309721603,7.913417725514826e-09,0.6399999989893663,25,50,10
18,9713,8.37695780411041e-40,0.3599999930954852,6.917477214126166e-09,0.6399999999870377,25,50,10
18,9714,8.3619625423982e-40,0.3599996063810593,3.9364420366737246e-07,0.6399999999747371,25,50,10
18,9715,4.804056944681213e-44,0.35999960648981527,3.9555661176987176e-07,0.6399999979535731,25,50,10
18,9716,2.626345729702179e-43,0.3599999930922192,6.921805577245673e-09,0.6399999999859752,25,50,10
18,9717,3.1823608863364693e-44,0.3599891268426515,1.0873677195275465e-05,0.6399999994801533,25,50,10
18,9718,3.966890716669837e-46,0.3599999999977155,1.5229216706153363e-11,0.6399999999870553,25,50,10
18,9719,2.0955705514012875e-40,0.3599999999947622,1.7715639588657652e-11,0.6399999999875223,25,50,10
18,9720,2.0904084852690622e-40,0.3599999998290037,1.7123407179085996e-10,0.6399999999997622,25,50,10
18,9721,2.090839344892445e-40,0.3599999966092231,3.391188161386256e-09,0.6399999999995887,25,50,10
18,9722,2.790680540918211e-40,0.35999999994645393,6.672538593603618e-11,0.6399999999868208,25,50,10
18,9723,6.80239673778427e-37,0.3599999999515892,1.4970584123077784e-09,0.6399999985513525,25,50,10
18,9724,2.7175442202439034e-36,0.3599999907077197,3.1724538474635588e-06,0.6399968368384329,25,50,10
18,9725,6.995185238012859e-41,0.3599999974416576,2.6117282409846076e-09,0.6399999999466143,25,50,10
18,9726,6.99506522059573e-41,0.3599999963115414,3.6887001212799292e-09,0.6399999999997585,25,50,10
18,9727,8.743534107709685e-41,0.359999993909484,6.09096691184349e-09,0.639999999999549,25,50,10
18,9728,9.97913517282886e-40,0.3599998606736608,1.3932719614007938e-07,0.6399999999991431,25,50,10
18,9729,7.008423522161446e-41,0.3599999997862231,2.2798170024978417e-06,0.6399977203967745,25,50,10
18,9730,7.000989779082824e-41,0.35999999978702685,2.1404899853816066e-10,0.6399999999989242,25,50,10
18,9731,8.37399802376895e-40,0.3599999964426408,3.600450328484245e-09,0.6399999999569089,25,50,10
18,9732,3.2941069441140908e-43,0.3599996065088682,5.094184958744499e-07,0.639999884072636,25,50,10
18,9733,3.986853526132461e-39,0.35999999999224924,1.159345445636262e-07,0.6399998840732063,25,50,10
18,9734,4.005333209916315e-39,0.359999999989502,4.340492843088604e-11,0.6399999999670931,25,50,10
18,9735,1.0141326953497351e-39,0.35999999987960135,1.2056065406037552e-10,0.639999999999838,25,50,10
18,9736,3.670260952526244e-42,0.35999999999392807,2.8479178078465284e-08,0.6399999715268939,25,50,10
18,9737,2.5896050136000655e-43,0.3599999999958666,2.7529292760710518e-08,0.6399999724748406,25,50,10
18,9738,1.7506702310086572e-41,0.35999999341634825,4.659171756915366e-08,0.6399999599919342,25,50,10
18,9739,7.0054184444024e-41,0.35999999653401177,3.4793194183039793e-09,0.6399999999866689,25,50,10
18,9740,7.048841700453927e-41,0.3599999965938524,4.8541253151211025e-09,0.6399999985520224,25,50,10
18,9741,3.0597632696714833e-43,0.35999999982062375,1.6395112058165002e-09,0.6399999985398651,25,50,10
18,9742,1.5468563997575401e-44,0.35999980919562996,1.9085263193354586e-07,0.6399999999517381,25,50,10
18,9743,6.982470576508897e-44,0.3599998057946109,1.9423018637816564e-07,0.6399999999752027,25,50,10
18,9744,3.295108744709545e-43,0.3599999997869963,2.134019239294634e-10,0.6399999999996019,25,50,10
18,9745,3.283035472942093e-43,0.3599999998250775,2.090955052429699e-10,0.6399999999658269,25,50,10
18,9746,3.335609083250278e-43,0.35999999999635696,4.1362251244132335e-11,0.6399999999622809,25,50,10
18,9747,4.908985043939696e-44,0.35999999999719096,1.5131547604233115e-11,0.6399999999876776,25,50,10
18,9748,3.689383659209098e-42,0.35999999994053716,7.465501546819215e-10,0.6399999993129126,25,50,10
18,9749,3.732477415729502e-42,0.35999999982987707,1.703679995655097e-10,0.639999999999755,25,50,10
18,9750,2.7965514083162334e-43,0.3599999997880062,2.1247877104762696e-10,0.6399999999995152,25,50,10
18,9751,5.670424528959405e-45,0.3599999999962288,5.25696940410008e-12,0.6399999999985142,25,50,10
18,9752,1.1412099590742408e-44,0.3599999999941867,2.7567804146446173e-08,0.6399999724380091,25,50,10
18,9753,4.9897455261991354e-45,0.3599999998748897,1.349502989751584e-10,0.63999999999016,25,50,10
18,9754,3.667881316602305e-42,0.3599999998759189,8.266036766119827e-08,0.6399999174637133,25,50,10
18,9755,8.61796552063793e-46,0.3599999900617091,9.93876096562392e-09,0.63999999999953,25,50,10
18,9756,9.96376876079359e-40,0.35998913380800845,1.0866216230913995e-05,0.6399999999757607,25,50,10
18,9757,3.985844628375264e-39,0.35999252118126307,7.47881958931392e-06,0.6399999999991476,25,50,10
18,9758,3.2154602664613827e-41,0.35999999993714504,6.430735974080691e-11,0.6399999999985476,25,50,10
18,9759,4.610933382233189e-45,0.35999999999574805,7.065221905177798e-10,0.6399999992977299,25,50,10
18,9760,1.248575350490864e-42,0.35999999999993504,6.919272346751944e-14,0.6399999999999958,25,50,10
18,9761,2.272356278547604e-37,0.35999999999986393,3.662213184491969e-13,0.6399999999997699,25,50,10
18,9762,2.2723590634574334e-37,0.3599999930385924,6.970352548180326e-09,0.6399999999910552,25,50,10
18,9763,2.2723711198465557e-37,0.3599999999969306,2.0337302928027514e-11,0.6399999999827322,25,50,10
18,9764,2.2723591685562544e-37,0.35998913386849324,1.0866631081048546e-05,0.6399999995004257,25,50,10
18,9765,1.2096197073442909e-39,0.3599891337669745,1.0866233296592623e-05,0.6399999999997289,25,50,10
18,9766,5.1682666477915765e-42,0.35998913370178626,1.0866298899649542e-05,0.6399999999993141,25,50,10
18,9767,1.6428682294679846e-44,0.35998913386564413,1.08668728073899e-05,0.6399999992615486,25,50,10
18,9768,3.8712867325802607e-35,0.35998913375329805,1.0866949432442947e-05,0.6399999992972696,25,50,10
18,9769,3.185427687870243e-43,0.35998913382605197,1.0866174748081184e-05,0.6399999999991999,25,50,10
18,9770,3.1834886792432517e-43,0.3599891336506391,1.0866359045580084e-05,0.6399999999903152,25,50,10
18,9771,1.7492519483915768e-41,0.35998913378401837,1.0866240289868309e-05,0.6399999999756917,25,50,10
18,9772,1.7485441582542385e-41,0.35999999761613677,2.419556024978518e-09,0.6399999999643071,25,50,10
18,9773,1.779673857748531e-41,0.35999999761106594,3.0999972153840957e-09,0.6399999992889369,25,50,10
18,9774,1.7752393918827952e-41,0.35999999757349344,2.445148087979309e-09,0.6399999999813585,25,50,10
18,9775,2.664254705087597e-43,0.3599999999947714,7.423243943667012e-10,0.6399999992629043,25,50,10
18,9776,1.441379577854436e-44,0.35999999982683034,1.9964944587865494e-10,0.6399999999735203,25,50,10
18,9777,3.016265410246522e-45,0.35999999978349356,2.4191770362032813e-10,0.6399999999745887,25,50,10
18,9778,3.985819342097332e-39,0.35999226346752766,7.738006331041905e-06,0.6399999985261412,25,50,10
18,9779,2.4548070889710245e-42,0.3599999998269549,1.7359477302863966e-10,0.6399999999994503,25,50,10
18,9780,6.539308758801483e-45,0.35999999982682857,1.8565246267366754e-10,0.639999999987519,25,50,10
18,9781,1.4690904247082378e-41,0.3593794071823135,0.0006205928178527531,0.6399999999998338,25,50,10
18,9782,1.4691136794891338e-41,0.3599894955953306,1.0505106504668942e-05,0.6399999992981646,25,50,10
18,9783,2.090729739916424e-40,0.3599894954031715,1.0504621246669542e-05,0.6399999999755819,25,50,10
18,9784,2.0904081968759947e-40,0.3599999997682066,2.658172551647058e-10,0.6399999999659761,25,50,10
18,9785,4.856304936378766e-46,0.3599999998246688,1.8808120940390876e-10,0.6399999999872499,25,50,10
18,9786,1.0545194777365704e-44,0.3599999999971299,1.562031986823239e-11,0.6399999999872498,25,50,10
18,9787,3.689097791336642e-42,0.35999999987287834,1.7537189959169287e-10,0.6399999999517497,25,50,10
18,9788,2.1716147973531983e-44,0.359999999796427,2.161574856669348e-10,0.6399999999874155,25,50,10
18,9789,2.850548031989471e-44,0.3599999998161411,2.19571971271736e-10,0.6399999999642868,25,50,10
18,9790,7.116720584465079e-41,0.35999999987570874,1.956611525924876e-10,0.6399999999286301,25,50,10
18,9791,1.2362903631958784e-46,0.35999999999495513,1.1357967434179598e-10,0.639999999891465,25,50,10
18,9792,9.218308845476253e-48,0.35999999999993326,1.3686084107770911e-09,0.6399999986314584,25,50,10
18,9793,4.305695396399332e-44,0.3599999999956966,2.279598136414773e-06,0.6399977204061669,25,50,10
18,9794,1.2486290983608927e-42,0.3599999999529717,4.7677741909297273e-11,0.6399999999993503,25,50,10
18,9795,1.3786765987830032e-42,0.35999999993825865,1.0359381195974093e-09,0.6399999990258032,25,50,10
18,9796,2.32985059803704e-44,0.35999226364170284,7.736359096537245e-06,0.6399999999992007,25,50,10
18,9797,1.2501764114835105e-42,0.3599999998777589,1.478172508584676e-10,0.6399999999744239,25,50,10
18,9798,3.6723035929466284e-42,0.35999999999777976,6.60624469759532e-06,0.6399933937575226,25,50,10
18,9799,3.116837976828018e-43,0.3599999966523859,3.3476303971226507e-09,0.6399999999999837,25,50,10
18,9800,1.4679533356747286e-41,0.35999999426787777,5.749220109809388e-09,0.6399999999829021,25,50,10
18,9801,1.6600730398347746e-44,0.3599894955315257,1.0504504379826004e-05,0.6399999999640946,25,50,10
18,9802,1.4744973352881205e-41,0.35999980931304715,1.907230130687274e-07,0.6399999999639399,25,50,10
18,9803,5.647611301207972e-45,0.359999999997748,3.7952109671478317e-11,0.6399999999642999,25,50,10
18,9804,5.728230115287623e-45,0.3599999999999071,1.7847385190574795e-11,0.6399999999822455,25,50,10
18,9805,7.458830143165147e-44,0.35999999978706426,2.255804414432747e-09,0.6399999979571315,25,50,10
18,9806,4.713363600155489e-45,0.3599999998297445,3.067744729423632e-08,0.6399999694928084,25,50,10
18,9807,1.7506760609398019e-41,0.35999999309653163,6.9039308576358685e-09,0.6399999999995374,25,50,10
18,9808,2.173015351398305e-46,0.35999999298292557,4.568083799290866e-08,0.6399999613362364,25,50,10
18,9809,1.0898252673033556e-44,0.35999999982512976,3.8850360994448056e-08,0.6399999613245092,25,50,10
18,9810,2.6276300139146436e-43,0.35999999993755083,2.8548689815012547e-08,0.6399999715137593,25,50,10
18,9811,2.0904294601294246e-40,0.35999999976675445,1.707567676732779e-09,0.6399999985256778,25,50,10
18,9812,3.132988732218334e-43,0.35999999959520607,1.7730538995759866e-09,0.6399999986317401,25,50,10
18,9813,9.579973348260809e-47,0.3599999998246784,1.7577030584163734e-10,0.6399999999995513,25,50,10
18,9814,5.304312854082316e-44,0.35999999982590325,1.747058045635907e-10,0.639999999999391,25,50,10
18,9815,9.128590179447406e-44,0.35999999999744436,1.5475620481220118e-11,0.6399999999870799,25,50,10
18,9816,8.362277861982324e-40,0.35999999988237247,1.6410759307800785e-10,0.63999999995352,25,50,10
18,9817,8.364259626437222e-40,0.35999999665238436,3.3739113318078168e-09,0.6399999999737043,25,50,10
18,9818,2.6284462431080552e-43,0.35999999665452537,3.3625756645317225e-09,0.6399999999828991,25,50,10
18,9819,6.445474601207383e-44,0.35999999993903964,6.112505777243237e-11,0.6399999999998354,25,50,10
18,9820,3.732970377592901e-42,0.35999999999493765,1.4000924489841271e-11,0.6399999999910614,25,50,10
18,9821,5.875386465697112e-45,0.35999999999603316,4.2017226671380925e-12,0.6399999999997651,25,50,10
18,9822,1.4844820718116023e-42,0.3599999999963054,3.72195859983002e-12,0.6399999999999727,25,50,10
18,9823,3.4342016144990476e-43,0.35999999999490134,1.7632740178902668e-11,0.6399999999874659,25,50,10
18,9824,3.6934218362423595e-42,0.35999999982774505,1.8501775899155232e-10,0.6399999999872372,25,50,10
18,9825,9.430813540958712e-45,0.35999999744504096,2.56772639473491e-09,0.6399999999872326,25,50,10
18,9826,2.4410261304547077e-42,0.3594099272199778,0.0005900727892588335,0.6399999999907634,25,50,10
18,9827,2.4586569769818364e-42,0.359999997558255,2.44199212010461e-09,0.639999999999753,25,50,10
18,9828,1.2953284420459272e-35,0.35999999717390985,4.282882296967079e-09,0.6399999985432079,25,50,10
18,9829,1.3608330883066879e-44,0.3599999997679811,2.409551841540852e-10,0.6399999999910636,25,50,10
18,9830,7.057825605868465e-41,0.3599999997641494,2.5469294672471983e-10,0.6399999999811576,25,50,10
18,9831,1.0665927711787386e-39,0.3599999999927988,7.44569612510383e-10,0.6399999992626316,25,50,10
18,9832,3.6721977334364156e-42,0.35999999999776905,7.045929971816892e-10,0.6399999992976381,25,50,10
18,9833,3.2159639562549017e-41,0.3599997353968003,2.6530503889310274e-07,0.6399999992981609,25,50,10
18,9834,1.4669701883095316e-41,0.3599999999560382,4.398339528531458e-11,0.6399999999999784,25,50,10
18,9835,2.1152422540729992e-41,0.35999999995809234,4.1485255169562916e-08,0.6399999585566526,25,50,10
18,9836,3.6677577286154405e-42,0.35999999769356367,4.233724008601886e-08,0.6399999599691963,25,50,10
18,9837,1.7245381183983786e-44,0.35998913375408365,1.086624667113738e-05,0.6399999999992453,25,50,10
18,9838,2.4612030750016885e-42,0.35999986646618454,1.3354336568595443e-07,0.6399999999904498,25,50,10
18,9839,3.080685167641726e-43,0.35999999958379214,4.1639473419704704e-10,0.639999999999813,25,50,10
18,9840,9.829522456685735e-47,0.3599999976092999,2.4030307003056945e-09,0.6399999999876694,25,50,10
18,9841,2.281747879866983e-44,0.35997745015346383,2.2549859600250278e-05,0.6399999999869359,25,50,10
18,9842,4.772528242688254e-44,0.35999986090119784,1.391170405161029e-07,0.6399999999817616,25,50,10
18,9843,2.284955633565374e-44,0.3599998607320743,1.3926900367328334e-07,0.6399999999989219,25,50,10
18,9844,1.469611989751056e-41,0.35999986407443146,3.3010528244993505e-06,0.6399968348727441,25,50,10
18,9845,9.615874706070607e-38,0.359999864184412,1.6532490738567878e-07,0.6399999704906807,25,50,10
18,9846,3.2867228700315453e-43,0.359999999938781,5.537235291809347e-10,0.6399999995074955,25,50,10
18,9847,3.0804429415978937e-43,0.35999999409975575,5.901515621303289e-09,0.6399999999987288,25,50,10
18,9848,1.4985950426419892e-41,0.35999999744508754,6.6095078238822095e-06,0.6399933930470886,25,50,10
18,9849,1.4669914689923377e-41,0.35999999092552726,9.784928052691185e-09,0.6399999992895448,25,50,10
18,9850,2.839003916950277e-43,0.3599917109836597,8.289754001620742e-06,0.6399999992623387,25,50,10
18,9851,7.171349369020478e-41,0.35999944489559366,5.556409871700762e-07,0.6399999994634191,25,50,10
18,9852,5.2389989067029125e-43,0.3599999966546047,5.345841541338574e-09,0.6399999979995536,25,50,10
18,9853,2.6648481042966523e-43,0.3599996065536621,3.9397976773813234e-07,0.6399999994665702,25,50,10
18,9854,1.5161701811276268e-42,0.3599992130655319,7.879831433005495e-07,0.6399999989513249,25,50,10
18,9855,1.511630873263839e-42,0.3599999975745975,3.6403315044976304e-09,0.6399999987850711,25,50,10
18,9856,5.8566307756830555e-43,0.35999999999496907,5.047947836636296e-10,0.6399999995002362,25,50,10
18,9857,4.7764881408508015e-46,0.35999999999622717,6.509761500033059e-11,0.6399999999386753,25,50,10
18,9858,1.228525459148585e-42,0.35999973539765057,2.6463847334576667e-07,0.6399999999638761,25,50,10
18,9859,1.5202106184846958e-45,0.35999999987884523,1.570496990082304e-10,0.6399999999641051,25,50,10
18,9860,4.803955919671132e-46,0.35999999995514875,4.566985779992583e-11,0.6399999999991813,25,50,10
18,9861,2.5783882524646674e-43,0.3599999999951431,6.978654343076962e-12,0.6399999999978783,25,50,10
18,9862,2.8550498854769744e-43,0.3599999997694493,7.317064428638035e-10,0.6399999994988443,25,50,10
18,9863,1.2952387154501034e-35,0.3599998519416191,1.480591590741315e-07,0.6399999999992219,25,50,10
18,9864,1.2952384722539368e-35,0.35999930506852545,6.949322655649756e-07,0.639999999999209,25,50,10
18,9865,1.0314834496438456e-45,0.3599999999401872,8.523223883788437e-11,0.6399999999745806,25,50,10
18,9866,1.0696811645608631e-46,0.3599999999979008,3.6273850179368494e-11,0.6399999999658254,25,50,10
18,9867,2.0904622805475617e-40,0.3599999999959133,1.452415252755799e-09,0.6399999985516714,25,50,10
18,9868,3.987838521957575e-39,0.35999999665383947,4.794565053953635e-09,0.6399999985515954,25,50,10
18,9869,1.2487161358355385e-42,0.3599999999961907,1.45330287912763e-09,0.6399999985505064,25,50,10
18,9870,1.8776594501115242e-41,0.359999996706557,4.777984528428659e-09,0.6399999985154585,25,50,10
18,9871,2.2029030443563575e-44,0.35999999672479427,4.784713076716275e-09,0.6399999984904927,25,50,10
18,9872,4.8956107912585345e-42,0.3599999967638866,3.247130160697791e-08,0.639999970764812,25,50,10
18,9873,2.1548599798571073e-44,0.35999999995503495,7.955559569929675e-10,0.6399999992494092,25,50,10
18,9874,4.4205383377781036e-44,0.3599999999167505,8.215447795360375e-10,0.6399999992617046,25,50,10
18,9875,2.1709135697045767e-44,0.3599999999584885,5.460188243387645e-11,0.6399999999869096,25,50,10
18,9876,2.1563616289093884e-44,0.35999986420717867,1.3580510830000468e-07,0.6399999999877131,25,50,10
18,9877,8.742637108076088e-41,0.3599999964895219,4.01001726554546e-09,0.6399999995004609,25,50,10
18,9878,1.0142830407477079e-39,0.3599891270942063,1.0872918342023423e-05,0.6399999999874516,25,50,10
18,9879,1.0288300135494572e-39,0.35999998118988197,1.8810148878910356e-08,0.639999999999969,25,50,10
18,9880,1.1915323399024173e-38,0.35999999999556154,4.877590271466273e-12,0.6399999999995609,25,50,10
18,9881,9.16644818454952e-45,0.3599999999967418,3.2945961018015407e-12,0.6399999999999637,25,50,10
18,9882,9.797054263055965e-45,0.3599999998845054,1.1703154057163013e-10,0.639999999998463,25,50,10
18,9883,2.0904068815231254e-40,0.35999999987569564,3.879712072137612e-08,0.6399999613271836,25,50,10
18,9884,1.805164729269125e-46,0.35999999991740694,2.125247132049477e-09,0.639999997957346,25,50,10
18,9885,4.625187192366743e-45,0.35999999301335633,7.004196519087568e-09,0.6399999999824472,25,50,10
18,9886,7.117173498892203e-41,0.359999997559396,3.1281451729749518e-09,0.6399999993124588,25,50,10
18,9887,6.994178186304732e-41,0.3599999929570556,7.069109069636361e-09,0.6399999999738354,25,50,10
18,9888,3.4400517963315566e-43,0.3599999928897914,7.147681047857341e-09,0.6399999999625277,25,50,10
18,9889,6.436161375694852e-44,0.35999999999421106,1.7851081018642456e-11,0.6399999999879379,25,50,10
18,9890,3.736614808594088e-42,0.35999999999915716,2.584400662539507e-11,0.6399999999749988,25,50,10
18,9891,3.6726542916064564e-42,0.35999252118226877,7.478830231913822e-06,0.6399999999874992,25,50,10
18,9892,1.5436948698657587e-42,0.3599999998736877,1.3926738493246816e-10,0.6399999999870449,25,50,10
18,9893,1.9563924476994687e-41,0.35999999309456926,6.950320359651051e-09,0.6399999999551105,25,50,10
18,9894,1.2386906469061899e-45,0.3599999999394625,1.1600374782162866e-07,0.6399998840567896,25,50,10
18,9895,1.335972579868343e-43,0.3599999929740764,3.507969535469561e-08,0.6399999719462283,25,50,10
18,9896,1.198532661574297e-38,0.3599999951847143,5.357931205765637e-09,0.6399999994573545,25,50,10
18,9897,1.1985263488781396e-38,0.359999994900199,6.57363483245271e-09,0.6399999985261661,25,50,10
18,9898,7.026358836100548e-41,0.35999999507221936,4.940752757178243e-09,0.6399999999870278,25,50,10
18,9899,8.492202769183574e-41,0.3599999997109826,3.0222767069047435e-10,0.6399999999867897,25,50,10
18,9900,3.0685337150469877e-43,0.3599999999964869,2.5048079455995364e-11,0.6399999999784649,25,50,10
18,9901,8.361632966117826e-40,0.35999999999718263,1.2516955337601906e-11,0.6399999999903003,25,50,10
18,9902,1.2323891296936338e-45,0.35999999999919075,1.358968564915403e-11,0.6399999999872196,25,50,10
18,9903,4.9962853756490083e-45,0.3599999930958455,7.4126701224792236e-09,0.6399999994914843,25,50,10
18,9904,2.1909504128120297e-44,0.3599997996183004,2.003819276096174e-07,0.6399999999997721,25,50,10
18,9905,3.856414343745525e-46,0.35999980931443937,1.9068557213026938e-07,0.6399999999999885,25,50,10
18,9906,4.866908302762182e-46,0.35999979961536593,2.0041004534372217e-07,0.6399999999745887,25,50,10
18,9907,1.261025751140624e-45,0.3599999998752255,1.2477880845675013e-10,0.6399999999999956,25,50,10
18,9908,1.0655068553398138e-45,0.3599999998780252,1.221362216242605e-10,0.6399999999998386,25,50,10
18,9909,8.398306381609313e-40,0.35999999975768077,2.874103011278613e-08,0.6399999715012892,25,50,10
18,9910,5.844147851124269e-45,0.3599999998787257,1.2130422259587135e-10,0.63999999999997,25,50,10
18,9911,6.481500109241172e-44,0.35999999297608526,7.025002968674418e-09,0.6399999999989118,25,50,10
18,9912,1.74896629570482e-41,0.3599999964747718,5.036139401631586e-09,0.6399999984890887,25,50,10
18,9913,2.61400028121169e-44,0.3599999998788064,1.5945651758054774e-09,0.6399999985266285,25,50,10
18,9914,1.2323539287962518e-42,0.35999226364195175,7.852326806520551e-06,0.6399998840312419,25,50,10
18,9915,1.9945217035584742e-39,0.35999226029253334,7.739757490644903e-06,0.639999999949976,25,50,10
18,9916,2.464159555315388e-42,0.3599922636371245,7.736895180663391e-06,0.6399999994676948,25,50,10
18,9917,2.2806601549047028e-40,0.359999861740422,1.3829300359780072e-07,0.6399999999665744,25,50,10
18,9918,1.9288216631744728e-41,0.3599998618645135,1.3814853685854353e-07,0.6399999999869497,25,50,10
18,9919,5.819412761126474e-45,0.35999999995538234,5.840354747289776e-11,0.6399999999862142,25,50,10
18,9920,1.2242228301635526e-44,0.3599999999978607,1.4904101182699075e-11,0.6399999999872353,25,50,10
18,9921,9.903466006668252e-45,0.3599999999992147,1.3125281039451488e-11,0.6399999999876601,25,50,10
18,9922,3.072271337232478e-43,0.35999999991850723,5.811779932515902e-10,0.6399999995003148,25,50,10
18,9923,5.210326496052507e-43,0.3599999976117853,3.5901750590833094e-09,0.6399999987980397,25,50,10
18,9924,5.6902019668140815e-43,0.3599999999941189,5.149346131035105e-10,0.6399999994909465,25,50,10
18,9925,5.656445037260854e-43,0.35999999030399477,9.696173181460601e-09,0.6399999999998319,25,50,10
18,9926,2.789895089820119e-43,0.3599999902594383,9.753336437005353e-09,0.6399999999872252,25,50,10
18,9927,6.546606535020604e-43,0.3599999902035021,1.0300193663979474e-08,0.6399999994963043,25,50,10
18,9928,1.625905283189196e-42,0.359999999837814,6.544873503305911e-10,0.6399999995076986,25,50,10
18,9929,1.5349868232479068e-42,0.3599999999375758,6.306160909197259e-11,0.6399999999993625,25,50,10
18,9930,3.672079852855482e-42,0.35828153281953573,0.001718467206308077,0.6399999999741561,25,50,10
18,9931,5.764901652856117e-38,0.3599999903032563,1.040756609148972e-08,0.6399999992891776,25,50,10
18,9932,2.253095273655333e-41,0.3599995967544208,4.0324625173820835e-07,0.6399999999993274,25,50,10
18,9933,1.763626691496424e-41,0.359999990200061,9.812490336217123e-09,0.6399999999874487,25,50,10
18,9934,8.70069570670038e-44,0.3599999998356498,1.7357583230810064e-10,0.6399999999907745,25,50,10
18,9935,2.249729185344971e-44,0.3599999998288135,1.799864314241807e-10,0.6399999999912,25,50,10
18,9936,3.693899992515993e-42,0.359999999828833,1.628588560102456e-09,0.6399999985425785,25,50,10
18,9937,3.3300409434557866e-43,0.3599999999575057,3.5452372195685592e-09,0.6399999964972571,25,50,10
18,9938,3.0763922103276817e-43,0.3599999930559196,6.956613416080874e-09,0.6399999999874669,25,50,10
18,9939,1.296476422550557e-42,0.3599999999947927,4.1885385068890104e-11,0.6399999999633219,25,50,10
18,9940,1.5062155026351163e-42,0.3599999934155218,6.609121073728281e-09,0.6399999999753571,25,50,10
18,9941,2.6206917850772374e-43,0.3599999933092224,6.703099780422264e-09,0.6399999999876779,25,50,10
18,9942,2.1616317561913106e-44,0.359999997525406,2.4758541073658105e-09,0.6399999999987398,25,50,10
18,9943,1.922982467009697e-46,0.3599999976152142,3.846150692346582e-09,0.6399999985386352,25,50,10
18,9944,8.364300939765374e-40,0.35999226125938916,7.741402068757588e-06,0.6399999973385421,25,50,10
18,9945,1.1147874270659905e-44,0.35999999987492726,1.6173188711493154e-09,0.6399999985077539,25,50,10
18,9946,1.1083205338006931e-46,0.3599999999959721,1.4521353563716356e-09,0.6399999985518927,25,50,10
18,9947,3.667865741444437e-42,0.3599999999947617,1.45335892294422e-09,0.6399999985518794,25,50,10
18,9948,1.2960824003532971e-42,0.35999999993760473,1.5105967056923399e-09,0.6399999985517986,25,50,10
18,9949,7.000479856303879e-41,0.35999986419183344,1.372566357830888e-07,0.6399999985515309,25,50,10
18,9950,2.1994847590659235e-44,0.35999999744048256,2.559537419375944e-09,0.63999999999998,25,50,10
18,9951,3.50730400852676e-43,0.35999999745688865,2.5791777458625343e-09,0.6399999999639336,25,50,10
18,9952,3.767249078191328e-42,0.35999998595253274,1.40835508864233e-08,0.6399999999639163,25,50,10
18,9953,3.7032105289985394e-42,0.3599999928133015,7.222631686056592e-09,0.6399999999640668,25,50,10
18,9954,1.0664150375514581e-39,0.35999251876093324,7.4812522325065615e-06,0.6399999999868343,25,50,10
18,9955,9.965453598148796e-40,0.3599925212408904,7.478772057207061e-06,0.6399999999870525,25,50,10
18,9956,3.26530831739355e-44,0.35999999972001495,2.8123077154744584e-10,0.6399999999987543,25,50,10
18,9957,2.800155365846785e-43,0.3599999999999151,7.674226622352137e-13,0.6399999999993176,25,50,10
18,9958,2.844724597065539e-43,0.35999999292711293,7.073479902718702e-09,0.6399999999994072,25,50,10
18,9959,2.6320067823642795e-43,0.35999999993899545,7.063093404367979e-11,0.6399999999903737,25,50,10
18,9960,1.8457612548344444e-34,0.359999999869419,2.765564867431532e-08,0.6399999724749323,25,50,10
18,9961,1.8457612498562192e-34,0.3599999998722877,1.2788063745948555e-10,0.6399999999998317,25,50,10
18,9962,2.379628162515196e-44,0.3599999942304668,5.805661181719608e-09,0.639999999963872,25,50,10
18,9963,2.2725089907992174e-37,0.3599996032071685,3.968184596464101e-07,0.6399999999743717,25,50,10
18,9964,4.421313931190094e-44,0.3599999999390653,6.125943299721756e-11,0.6399999999996753,25,50,10
18,9965,2.6389758918395487e-43,0.3599999999385396,6.169494424221237e-11,0.6399999999997654,25,50,10
18,9966,5.4053971953916935e-45,0.3599996064938451,3.935061722188297e-07,0.6399999999999827,25,50,10
18,9967,6.610035319071075e-45,0.35999999988254316,1.2959542900433477e-09,0.6399999988215026,25,50,10
18,9968,1.3225296000839595e-45,0.35999999999694215,1.1819682979877236e-09,0.6399999988210897,25,50,10
18,9969,3.1336249493691936e-43,0.3599999998744186,1.3852606290739842e-10,0.6399999999870554,25,50,10
18,9970,3.067628694316626e-43,0.35999999987889697,1.2213801247847675e-10,0.6399999999989651,25,50,10
18,9971,3.3374905986931944e-43,0.359999999878833,1.34932696376982e-10,0.6399999999862345,25,50,10
18,9972,2.6992901016696983e-44,0.35999999994049486,1.1005921051343308e-10,0.639999999949446,25,50,10
18,9973,1.9022514113787943e-46,0.35999999999853083,4.797347661774238e-11,0.6399999999534958,25,50,10
18,9974,4.2082304733950665e-32,0.35999986424118924,1.357850921912473e-07,0.6399999999737187,25,50,10
18,9975,2.7892868091280074e-43,0.3599996064912557,3.935437097629735e-07,0.6399999999650345,25,50,10
18,9976,3.9248110474157015e-42,0.35999999665388954,3.3806305400133673e-09,0.63999999996548,25,50,10
18,9977,1.0893549458602535e-44,0.35999999987972586,2.763824564332201e-08,0.6399999724820286,25,50,10
18,9978,3.705338347842938e-42,0.35999999988175935,8.326381476014093e-10,0.6399999992856025,25,50,10
18,9979,7.98921839153008e-44,0.35999999999687704,4.983477498504435e-10,0.6399999995047753,25,50,10
18,9980,3.985857813791263e-39,0.35998930903009224,1.0691465866767673e-05,0.639999999504041,25,50,10
18,9981,4.0031565940164865e-39,0.3595530616179359,0.0004469383910551779,0.639999999991009,25,50,10
18,9982,1.4970037026554374e-41,0.35999999658781456,3.412850121614414e-09,0.6399999999993353,25,50,10
18,9983,7.02028172686067e-41,0.3599995910699181,4.089557118971256e-07,0.63999999997437,25,50,10
18,9984,2.2107271560574214e-44,0.3599998664621908,1.335386218653082e-07,0.6399999999991874,25,50,10
18,9985,4.9209273245875146e-42,0.35999999757369444,2.4268985344751383e-09,0.6399999999994072,25,50,10
18,9986,4.894793581410221e-42,0.35999999761833634,2.3821113300159924e-09,0.6399999999995524,25,50,10
18,9987,1.2274068300235136e-42,0.3599999976173067,2.38269398494364e-09,0.6399999999999992,25,50,10
18,9988,9.966540256045045e-40,0.359999999873438,1.2656662082774193e-10,0.6399999999999956,25,50,10
18,9989,1.014138208938188e-39,0.3599998091412664,1.9085919518084455e-07,0.6399999999995385,25,50,10
18,9990,1.805405302383827e-41,0.3599999998255488,1.7511024541263665e-10,0.6399999999993409,25,50,10
18,9991,3.0678213874752302e-43,0.3599999999968797,4.3952469758696255e-12,0.639999999998725,25,50,10
18,9992,5.641548855216809e-43,0.35999999999690196,5.470762887010977e-10,0.6399999994560218,25,50,10
18,9993,1.0003200871661391e-39,0.3599999897478982,1.0252416335773295e-08,0.6399999999996855,25,50,10
18,9994,1.0003362335079455e-39,0.3599999930513813,6.948790587728517e-09,0.639999999999828,25,50,10
18,9995,7.361216788979048e-41,0.35999999995713083,4.335018577591502e-11,0.6399999999995191,25,50,10
18,9996,3.1136671286044856e-43,0.35999980926941,1.907310645024273e-07,0.6399999999995255,25,50,10
18,9997,4.59784857426029e-45,0.35999980914295826,1.913925631557194e-07,0.6399999994644785,25,50,10
18,9998,6.549020427130414e-44,0.35999980931300557,2.182243004938476e-07,0.639999972462694,25,50,10
18,9999,1.0171014853386123e-46,0.3599998687664055,1.312339027892308e-07,0.6399999999996917,25,50,10
18,10000,1.227042362513953e-42,0.35999999999910826,1.948205304855448e-09,0.6399999980526864,25,50,10
